{"test": {"ids": ["113121190", "110115890", "97112830", "107114780", "105112130", "105111990", "111120640", "100111620", "111116411", "112120270", "98106111", "100109360", "97112300", "98116940", "111114321", "110120190", "105113210", "100117420", "113120260", "104111780", "106121190", "106117650", "112118860", "103113610", "110121720", "106120290", "100113210", "100109330", "103120290", "110117500", "99108890", "112118930", "98107340", "113119120", "99121440", "104117630", "110120531", "99109311", "108115070", "110121500", "113117401", "100108520", "113120540", "111116530", "110113931", "113119950", "105116090", "102112030", "100109801", "105113480", "104114240", "105110091", "104112201", "109115220", "107116501", "101112201", "105113620", "103110220", "113119930", "107119130", "97113900", "105113190", "105115250", "113118870", "107113840", "113122430", "102111990", "99109740", "105116441", "113122510", "111121351", "105115900", "97110950", "113122170", "105119950", "111119290", "99109141", "112119120", "110116290", "113120591", "112116290", "107121230", "108119330", "110118121", "99109780", "106116850", "107118490", "108114270", "106115250", "100108490", "109114270", "111120280", "97109080", "113118820", "105114220", "104111830", "112121030", "101117580", "113120640", "100111080", "103110760", "106116640", "111117571", "99114890", "112117660", "105112100", "105120280", "104113170", "112118820", "99109860", "97118210", "113122150", "110118880", "105115720", "112116800", "102113210", "105118230", "111118301", "111120531", "99116500", "101109370", "105116860", "107113130", "112120700", "111115780", "111116990", "108119550", "107120260", "103109021", "108114200", "113121980", "99111440", "106111321", "97105760", "107114280", "97106970", "113120830", "113118620", "107113260", "107114621", "111119430", "101110200"], "labels": [1, 2, 2, 2, 1, 2, 0, 3, 0, 0, 0, 0, 2, 2, 1, 3, 3, 2, 3, 3, 2, 1, 3, 2, 3, 2, 0, 0, 2, 1, 0, 1, 0, 3, 2, 0, 0, 1, 1, 3, 3, 2, 3, 3, 1, 0, 1, 2, 0, 0, 0, 0, 0, 3, 1, 0, 0, 2, 1, 1, 2, 3, 2, 0, 3, 2, 2, 3, 1, 2, 0, 3, 3, 1, 3, 3, 3, 1, 2, 0, 0, 0, 0, 3, 2, 3, 2, 3, 2, 2, 3, 0, 2, 0, 3, 3, 0, 3, 0, 0, 1, 3, 3, 2, 0, 1, 3, 3, 0, 2, 2, 2, 0, 1, 0, 3, 1, 3, 0, 2, 1, 2, 1, 2, 1, 0, 1, 1, 0, 0, 2, 3, 0, 0, 3, 2, 3, 3, 0, 0, 3, 2], "predicted_labels": [1, 1, 1, 1, 3, 3, 1, 3, 3, 1, 3, 3, 3, 1, 1, 3, 0, 1, 3, 3, 1, 3, 3, 1, 0, 3, 1, 1, 1, 1, 1, 3, 1, 3, 3, 1, 1, 1, 1, 0, 0, 0, 1, 1, 0, 0, 1, 3, 3, 1, 3, 3, 0, 0, 2, 0, 3, 3, 1, 1, 1, 1, 1, 1, 3, 1, 1, 3, 1, 1, 0, 1, 3, 3, 1, 1, 0, 1, 1, 1, 1, 3, 0, 1, 1, 0, 3, 1, 1, 0, 3, 3, 2, 0, 1, 1, 1, 3, 0, 3, 3, 1, 3, 1, 3, 1, 1, 1, 3, 3, 3, 1, 0, 0, 0, 1, 3, 3, 3, 3, 1, 1, 1, 1, 1, 3, 1, 3, 0, 0, 0, 1, 1, 1, 1, 3, 1, 1, 0, 1, 1, 0], "confidence_scores": [[0.20873646841424437, 0.4642372852811145, 0.10392543387588117, 0.22310081242875993], [0.19203216536812756, 0.3287127316020896, 0.2693768793975131, 0.2098782236322698], [0.25054359212063115, 0.41376656971821185, 0.1126968616057807, 0.22299297655537628], [0.17282057428599043, 0.46656962163629134, 0.13716442097645049, 0.22344538310126785], [0.14817385692270696, 0.2785092385898937, 0.22661872952305753, 0.3466981749643417], [0.13670391943293236, 0.2301994010123303, 0.2151795125642183, 0.417917166990519], [0.19908026767718826, 0.5433620925542929, 0.09993672434283399, 0.15762091542568488], [0.23627529271485834, 0.27786476431507906, 0.14338270938874356, 0.34247723358131904], [0.22554807860989817, 0.24923534112744586, 0.1380211242032362, 0.38719545605941985], [0.300497950373731, 0.367942455674241, 0.07683853111598694, 0.254721062836041], [0.2678665614989079, 0.20109358748287817, 0.11712141959699994, 0.4139184314212139], [0.1363145971346355, 0.2517207667628943, 0.10178280493337295, 0.5101818311690972], [0.1693172003947985, 0.20313433505539313, 0.2624868051230935, 0.3650616594267148], [0.16325264566027814, 0.3657991229217499, 0.11711726901657084, 0.3538309624014013], [0.19445496817771082, 0.3681220410895618, 0.14917427201309835, 0.2882487187196291], [0.14979828888521807, 0.33524829637332665, 0.17297057869654034, 0.3419828360449149], [0.3758813923329481, 0.23831894123443612, 0.12805259989257545, 0.2577470665400403], [0.18452041771338004, 0.3477214555217726, 0.14461012631227277, 0.32314800045257447], [0.19188490657089508, 0.29054899582348387, 0.19340244206928506, 0.3241636555363359], [0.22338003904927778, 0.2305010505864018, 0.2561652452493665, 0.28995366511495413], [0.14014952482566984, 0.4374762913001646, 0.12676130806561897, 0.2956128758085466], [0.18499706430805526, 0.312262958701774, 0.14426846099932777, 0.3584715159908428], [0.20998334420880402, 0.27443018915744394, 0.13127246880207424, 0.38431399783167786], [0.23492264514306577, 0.38369424071957947, 0.1752566438218832, 0.20612647031547163], [0.36753728706846145, 0.31582452914157516, 0.09596180982297489, 0.2206763739669886], [0.2060634004972754, 0.2513094826475953, 0.15152043847579175, 0.39110667837933755], [0.14779545700141067, 0.3921371184695628, 0.11632427629031489, 0.3437431482387116], [0.2777300171099372, 0.28573449394140377, 0.1599167675708979, 0.2766187213777611], [0.13844913883492307, 0.5589976071300035, 0.1489972246866915, 0.15355602934838206], [0.21848826510304492, 0.40223784731780876, 0.09474948697738207, 0.2845244006017642], [0.19815961632412568, 0.4741778859984188, 0.1126844755968247, 0.21497802208063072], [0.19691771793387022, 0.2766552025191015, 0.21171804190124785, 0.31470903764578045], [0.1290668398862801, 0.3501928566793114, 0.27283645257877315, 0.2479038508556355], [0.20094195449900976, 0.23342920317702465, 0.2354982949711636, 0.33013054735280195], [0.22091802587724327, 0.21585219174187156, 0.21442677657572495, 0.34880300580516027], [0.1866413915072485, 0.4071186905706851, 0.1917871817789771, 0.21445273614308924], [0.2674987812306323, 0.2948523178901083, 0.20397349525274522, 0.23367540562651426], [0.28391278201498904, 0.3572276530589427, 0.11148555206431301, 0.24737401286175534], [0.17068128963520288, 0.4186163632733645, 0.24321734367442546, 0.1674850034170073], [0.4991706709612546, 0.16159307293682929, 0.1250205120731635, 0.2142157440287526], [0.42576222410669684, 0.31809463119418396, 0.10132518165509599, 0.1548179630440233], [0.28159598963887444, 0.2716779701202233, 0.2337721696070975, 0.21295387063380478], [0.17238640194854268, 0.4518241670103885, 0.09671871990680987, 0.27907071113425885], [0.3008666311576262, 0.40217087747330477, 0.07982665069624327, 0.2171358406728258], [0.5931292849314022, 0.17120325114741075, 0.07352735287913205, 0.16214011104205509], [0.32819827897667786, 0.23723541547706334, 0.11204539216046155, 0.32252091338579714], [0.2505974533810781, 0.3957896730748395, 0.12178998320719925, 0.23182289033688336], [0.25622547163074594, 0.27510109786503734, 0.11058285328222593, 0.35809057722199095], [0.18619906107761525, 0.32409040646843434, 0.09780061760012218, 0.3919099148538283], [0.1375487758716409, 0.5177963006323993, 0.11691041680486211, 0.2277445066910977], [0.1865390219031205, 0.22156830520117443, 0.1519818230877589, 0.4399108498079461], [0.18965712577851065, 0.31908904370476565, 0.12336096283433784, 0.3678928676823859], [0.28399495589154655, 0.25759178869837396, 0.17992448852306364, 0.2784887668870159], [0.41475164803651965, 0.13815759422489837, 0.1363222793247637, 0.3107684784138184], [0.28294568433363076, 0.2223560869228472, 0.28772964004544804, 0.20696858869807425], [0.4503105660359499, 0.25304849205738666, 0.10090143474623371, 0.19573950716042984], [0.1614051387102932, 0.2504790358602502, 0.20129463592428248, 0.3868211895051742], [0.15945074853680757, 0.2715493846168609, 0.2543871241412027, 0.314612742705129], [0.20308889312842135, 0.41989074881315686, 0.12013165514613708, 0.2568887029122849], [0.2158470237807206, 0.45081883920667554, 0.1247610774525709, 0.20857305956003291], [0.13233881162663613, 0.3649299718490858, 0.23956367135871226, 0.26316754516556573], [0.1784937901797252, 0.414531053910256, 0.21772503938980706, 0.18925011652021165], [0.18586940664484122, 0.44243266973190265, 0.18793443655348058, 0.18376348706977558], [0.1363927856740723, 0.49528596275799247, 0.11143524277575374, 0.25688600879218165], [0.16284785654580333, 0.24573870391753758, 0.1473244918532856, 0.4440889476833735], [0.20227707289935454, 0.4267486089445014, 0.1858877471855719, 0.18508657097057213], [0.32700989035048383, 0.3396988882894282, 0.14855842832556965, 0.18473279303451834], [0.140055039289877, 0.297866268412777, 0.17643454975534528, 0.3856441425420007], [0.27605429117795766, 0.30861420900767167, 0.22020024319010292, 0.19513125662426783], [0.1567056752241529, 0.47392498763138485, 0.07531664526945606, 0.29405269187500593], [0.5437364516271649, 0.22373315154163967, 0.12483889162699642, 0.10769150520419912], [0.13751237812791328, 0.3895475395165763, 0.17997681317240102, 0.2929632691831094], [0.20411297771063772, 0.20378349089910106, 0.13557713585177925, 0.45652639553848195], [0.1714804468696265, 0.20335213727897844, 0.21064695746128978, 0.4145204583901052], [0.2711620807442957, 0.30474427524297426, 0.1257668429009593, 0.29832680111177085], [0.2062331150801394, 0.32342728464642484, 0.19114041159754214, 0.27919918867589394], [0.2849161141419532, 0.1798486533727772, 0.2549238747245765, 0.28031135776069294], [0.24088125249449902, 0.464796322560346, 0.09655653724170495, 0.19776588770345005], [0.2819422317945204, 0.33969703549547386, 0.10698478334490304, 0.27137594936510284], [0.23210593857074582, 0.37154197470824296, 0.17936419395119763, 0.21698789276981365], [0.22220074498888226, 0.3779273563740791, 0.13240068672418112, 0.26747121191285755], [0.18073483369757956, 0.22966215434660356, 0.27559933036486406, 0.31400368159095277], [0.3251155474078865, 0.2982367394335096, 0.15061228999118975, 0.22603542316741426], [0.16020140405982752, 0.42044423813478454, 0.1198173338057945, 0.2995370239995935], [0.14869909725575134, 0.309679746968616, 0.2631142297937109, 0.2785069259819219], [0.3290112836417826, 0.20729106161705982, 0.2815471593405412, 0.1821504954006164], [0.24178406056829968, 0.2264477370025135, 0.24806669490601696, 0.2837015075231701], [0.1611747841063776, 0.5118799373015666, 0.09525713888258272, 0.23168813970947316], [0.20809060263021376, 0.2936567689903706, 0.28776432514654915, 0.2104883032328665], [0.3980729120683921, 0.30032857029551335, 0.09074848297953465, 0.21085003465655983], [0.20118185071141312, 0.23994159926787215, 0.14983739198579396, 0.4090391580349207], [0.1746025482338519, 0.2555322428497535, 0.1492225596363092, 0.4206426492800854], [0.15927061318223976, 0.29080544090523613, 0.33258852467043165, 0.2173354212420924], [0.3887061061079023, 0.27560906124716267, 0.10828913864742, 0.22739569399751502], [0.1506815661833655, 0.43632397411422635, 0.25391366770262563, 0.15908079199978245], [0.12858568756215286, 0.4826604369085261, 0.08594211785478775, 0.3028117576745332], [0.2033072222022497, 0.35962598644565813, 0.11951596231925113, 0.3175508290328411], [0.29357112121838913, 0.2677534294589268, 0.13927454145834897, 0.29940090786433493], [0.29493622839901007, 0.26852451272059796, 0.15877028172079752, 0.2777689771595944], [0.18068522857198083, 0.31797099666669343, 0.1607414050460117, 0.340602369715314], [0.28657186323322464, 0.26575745516855687, 0.1530935715535347, 0.29457711004468373], [0.23764392191265052, 0.2721270427298411, 0.2617545833863039, 0.2284744519712044], [0.25203191605038583, 0.2674438424468383, 0.1113972557832699, 0.36912698571950603], [0.15626272944933223, 0.4702474905112454, 0.12831594882581351, 0.24517383121360892], [0.19922270069784612, 0.25719467984125927, 0.09585448042208049, 0.4477281390388141], [0.1955038061724191, 0.40769737426387886, 0.08694485100644928, 0.3098539685572527], [0.29119664610016555, 0.2999287546569388, 0.17878739596426824, 0.2300872032786275], [0.20514470685954778, 0.4801996923232776, 0.1286698706520658, 0.1859857301651088], [0.2227706817864941, 0.291998072800877, 0.09760341014908898, 0.3876278352635399], [0.21948891364024212, 0.29141322805807324, 0.1311293555299607, 0.3579685027717239], [0.22780537255996144, 0.23522583520620385, 0.2597659046849772, 0.2772028875488576], [0.13445291544228105, 0.577352259358456, 0.11240867188702097, 0.17578615331224196], [0.4299432271223779, 0.2446621827992044, 0.09373918272390609, 0.23165540735451162], [0.26864810084240276, 0.2662714754081162, 0.21161723874661975, 0.25346318500286136], [0.4246853487025397, 0.21136580241193087, 0.11585297719880124, 0.24809587168672806], [0.17463516183732872, 0.3385442143453124, 0.17410285289148855, 0.3127177709258704], [0.21502554597027781, 0.3174158104524966, 0.12946583735306658, 0.33809280622415916], [0.19276663195130328, 0.24073952757144976, 0.11855439030830409, 0.4479394501689429], [0.2183648596589806, 0.2621409964351113, 0.21553105520542792, 0.30396308870048017], [0.10046813073654037, 0.31954686107001024, 0.25304758192806304, 0.32693742626538635], [0.2319603457267566, 0.5105355809513022, 0.0925082700695163, 0.16499580325242502], [0.30163512962155076, 0.30991547985526596, 0.11570816723742752, 0.272741223285756], [0.1601874916882471, 0.40192823416553036, 0.11244226794347806, 0.3254420062027446], [0.16281827562595472, 0.35228122580281496, 0.21063056434707048, 0.27426993422415996], [0.16919140196931126, 0.3497079864722511, 0.19304797379121053, 0.28805263776722717], [0.26383876716840654, 0.32259851181611693, 0.07351592587656786, 0.3400467951389086], [0.21371044846912102, 0.3688871873267061, 0.1279906382748971, 0.289411725929276], [0.2508735238315677, 0.259296063059282, 0.1309326118241931, 0.3588978012849574], [0.3322226755884909, 0.258025724438706, 0.16622583416393943, 0.2435257658088636], [0.36449714629861, 0.24012703639087923, 0.160518658979881, 0.23485715833062992], [0.37849033320251524, 0.24002023848747006, 0.1161377668600936, 0.26535166144992134], [0.18382491258025754, 0.31694742470149107, 0.2293177979545217, 0.26990986476372975], [0.2153639859126107, 0.41059769995029494, 0.12160425799599316, 0.2524340561411013], [0.20657057754982172, 0.4293752905965389, 0.08677374412898217, 0.2772803877246572], [0.2599336325979374, 0.3531171943993992, 0.10776876277542433, 0.27918041022723894], [0.21957109349006876, 0.24340363901479978, 0.2624587150113837, 0.2745665524837479], [0.11371649834541217, 0.4074352147944175, 0.3610576177438578, 0.11779066911631235], [0.20372558899262663, 0.428079900419304, 0.21529899504496947, 0.15289551554309982], [0.3790664464185546, 0.25305305196564254, 0.13666004658877287, 0.23122045502702998], [0.21812660088228497, 0.40797478309815693, 0.13911782283213106, 0.23478079318742703], [0.14449401790370295, 0.39212375381485853, 0.11272792696776299, 0.35065430131367553], [0.36166207001110756, 0.2092707777667489, 0.20026044241049407, 0.22880670981164944]]}, "rewritten": {"ids": ["97105760", "97106970", "97109080", "97110950", "97112300", "97112830", "97113900", "97118210", "98106111", "98107340", "98116940", "99108890", "99109141", "99109311", "99109740", "99109780", "99109860", "99111440", "99114890", "99116500", "99121440", "100108490", "100108520", "100109330", "100109360", "100109801", "100111080", "100111620", "100113210", "100117420", "101109370", "101110200", "101112201", "101117580", "102111990", "102112030", "102113210", "103109021", "103110220", "103110760", "103113610", "103120290", "104111780", "104111830", "104112201", "104113170", "104114240", "104117630", "105110091", "105111990", "105112100", "105112130", "105113190", "105113210", "105113480", "105113620", "105114220", "105115250", "105115720", "105115900", "105116090", "105116441", "105116860", "105118230", "105119950", "105120280", "106111321", "106115250", "106116640", "106116850", "106117650", "106120290", "106121190", "107113130", "107113260", "107113840", "107114280", "107114621", "107114780", "107116501", "107118490", "107119130", "107120260", "107121230", "108114200", "108114270", "108115070", "108119330", "108119550", "109114270", "109115220", "110113931", "110115890", "110116290", "110117500", "110118121", "110118880", "110120190", "110120531", "110121500", "110121720", "111114321", "111115780", "111116411", "111116530", "111116990", "111117571", "111118301", "111119290", "111119430", "111120280", "111120531", "111120640", "111121351", "112116290", "112116800", "112117660", "112118820", "112118860", "112118930", "112119120", "112120270", "112120700", "112121030", "113117401", "113118620", "113118820", "113118870", "113119120", "113119930", "113119950", "113120260", "113120540", "113120591", "113120640", "113120830", "113121190", "113121980", "113122150", "113122170", "113122430", "113122510"], "labels": [0, 2, 2, 3, 2, 2, 2, 2, 0, 0, 2, 0, 3, 1, 3, 2, 2, 3, 2, 2, 2, 2, 2, 0, 0, 0, 0, 3, 0, 2, 1, 2, 0, 3, 2, 2, 3, 0, 2, 1, 2, 2, 3, 3, 0, 3, 0, 0, 0, 2, 1, 1, 3, 3, 0, 0, 3, 2, 1, 3, 1, 1, 2, 1, 3, 3, 0, 2, 3, 3, 1, 2, 2, 1, 0, 3, 3, 0, 2, 1, 2, 1, 1, 0, 0, 3, 1, 0, 1, 3, 3, 1, 2, 2, 1, 3, 0, 3, 0, 3, 3, 1, 1, 0, 3, 0, 3, 3, 3, 3, 0, 0, 0, 0, 0, 0, 0, 0, 3, 1, 1, 0, 2, 0, 3, 3, 0, 0, 3, 1, 0, 3, 3, 0, 0, 3, 1, 2, 2, 1, 2, 2], "predicted_labels": [1, 3, 2, 3, 3, 1, 3, 2, 1, 1, 1, 1, 1, 3, 3, 1, 3, 1, 1, 1, 1, 0, 1, 1, 1, 3, 1, 2, 3, 1, 1, 2, 3, 3, 1, 2, 1, 1, 3, 3, 1, 1, 3, 1, 3, 1, 3, 1, 0, 3, 3, 1, 1, 3, 1, 2, 2, 1, 2, 1, 1, 1, 1, 3, 3, 0, 2, 1, 3, 1, 1, 3, 3, 3, 1, 3, 1, 1, 1, 3, 2, 1, 1, 1, 3, 1, 1, 0, 3, 0, 0, 0, 2, 1, 1, 0, 0, 1, 3, 0, 0, 3, 1, 3, 1, 1, 1, 3, 1, 1, 2, 3, 1, 0, 1, 1, 3, 0, 3, 3, 0, 1, 2, 3, 0, 1, 0, 0, 3, 1, 3, 1, 1, 1, 1, 1, 3, 0, 1, 2, 1, 1], "confidence_scores": [[0.15889940560049434, 0.565743423434247, 0.07693535087750569, 0.19842182008775316], [0.16018483899712657, 0.2682634623085508, 0.26637785320961366, 0.305173845484709], [0.15044797564998075, 0.30487217625612545, 0.37182646315953055, 0.1728533849343633], [0.17697557421445378, 0.21401731648988206, 0.1511324559347492, 0.4578746533609149], [0.21270820300397167, 0.22881355875120746, 0.20086127637701573, 0.35761696186780517], [0.2608163435974941, 0.3897299129203237, 0.11731764173310157, 0.23213610174908053], [0.11291947940457513, 0.31854195627772575, 0.23445939200557295, 0.33407917231212614], [0.11011252553805934, 0.12117607986058436, 0.6259373074379828, 0.1427740871633735], [0.16700204129093174, 0.426495407711938, 0.12114789371942356, 0.28535465727770654], [0.12249367585201563, 0.39024065469899377, 0.27349119845333986, 0.2137744709956507], [0.15419389057109872, 0.31199980141425593, 0.3035170272788885, 0.2302892807357568], [0.22913375865077945, 0.4773175911535972, 0.10730478415435023, 0.18624386604127308], [0.2798455388094594, 0.3433591180003718, 0.14203236590083898, 0.23476297728932966], [0.21453930619541375, 0.25932486025234325, 0.24114788708557158, 0.2849879464666715], [0.13695797039683338, 0.2975963613353749, 0.235503800305284, 0.32994186796250763], [0.1280138894498716, 0.4528207573444663, 0.21392298941422871, 0.20524236379143335], [0.18153004465073577, 0.34060053709150795, 0.11520678214541054, 0.3626626361123458], [0.27175078434962024, 0.3069218983445017, 0.1517409935272547, 0.26958632377862335], [0.15921154913483357, 0.38288781284295254, 0.25084077655723197, 0.207059861464982], [0.1750343928405173, 0.40358692624266707, 0.24504480014446095, 0.17633388077235462], [0.1801341171038961, 0.3213173599717938, 0.1786002646597908, 0.3199482582645195], [0.37799485098832925, 0.2706744024181601, 0.11509510468061052, 0.2362356419129002], [0.1942464201697947, 0.29155140214911013, 0.23043295647951972, 0.2837692212015754], [0.17787973065342902, 0.46307495649740543, 0.12246415067379011, 0.23658116217537553], [0.19946589297056344, 0.35487900291103164, 0.11922645285835107, 0.32642865126005394], [0.177891824922142, 0.33904255959463986, 0.08504539216736239, 0.39802022331585574], [0.19092350913722292, 0.332379992533694, 0.16418245861199005, 0.3125140397170931], [0.21642876076447548, 0.23505309886737888, 0.3917569548217476, 0.15676118554639806], [0.1564280705170995, 0.2992832332253562, 0.13318141131968064, 0.4111072849378637], [0.17405932788758707, 0.40813859400003316, 0.17680515651107484, 0.24099692160130506], [0.2151327222878622, 0.4483184558896652, 0.113389352370866, 0.22315946945160675], [0.17928126311319795, 0.23458296831382425, 0.3363472259996497, 0.24978854257332805], [0.18290879376021832, 0.2710496406700097, 0.2605540285885138, 0.2854875369812583], [0.16826328191534487, 0.3033714933475723, 0.19431991561748904, 0.33404530911959385], [0.20261014859300053, 0.4444101127320971, 0.16651680675985578, 0.18646293191504662], [0.16393621194072444, 0.20356064059371262, 0.4488685320890977, 0.1836346153764651], [0.2323135759945696, 0.3768083705394414, 0.18772805735195983, 0.20314999611402929], [0.21797393171951013, 0.32766705343240127, 0.13096596048536588, 0.3233930543627227], [0.2748268274332489, 0.24365431285732447, 0.1946659798516724, 0.2868528798577544], [0.20681696142016043, 0.30197714285418786, 0.13260125274535972, 0.35860464298029215], [0.17778172684255694, 0.35379514772508514, 0.23689451427762223, 0.23152861115473583], [0.19999497426792234, 0.4773881425156306, 0.16542108121429847, 0.1571958020021486], [0.24208754761553694, 0.24980492570760546, 0.1938709816007283, 0.31423654507612936], [0.15454792167801337, 0.5338163981484781, 0.1078353221492866, 0.20380035802422192], [0.29090187218594715, 0.2490776940533232, 0.1259595003723195, 0.33406093338841014], [0.17619044001421177, 0.52517266832763, 0.11013513547122243, 0.18850175618693565], [0.2496188338687738, 0.21989633973039285, 0.15196941735597258, 0.3785154090448609], [0.18359327190990923, 0.35035870892143517, 0.14982197231690308, 0.3162260468517524], [0.49557086357012337, 0.242898832554668, 0.08961220749850864, 0.17191809637670008], [0.16706076674379755, 0.25454913686196895, 0.23692546549617077, 0.3414646308980627], [0.27169051727651616, 0.2225781060582038, 0.20055178915328697, 0.30517958751199303], [0.1373747245021046, 0.517966118199091, 0.136418529828059, 0.20824062747074543], [0.23524686468537812, 0.28667641579390374, 0.24433912389213372, 0.23373759562858443], [0.21828291366372132, 0.21039543692620777, 0.22370113499809138, 0.34762051441197955], [0.24183649291342801, 0.3492101279213466, 0.12619882418974088, 0.2827545549754844], [0.13937023652223504, 0.17323022838881272, 0.543597338882, 0.14380219620695217], [0.20422087143765855, 0.25502799927735786, 0.32297641451957554, 0.2177747147654081], [0.21110360885627497, 0.3419665905375506, 0.26330097454282625, 0.18362882606334813], [0.17842274208467546, 0.2874868913809956, 0.34153155830693965, 0.19255880822738944], [0.12382958732623592, 0.38273673886729265, 0.18075715265647835, 0.3126765211499931], [0.2505974533810781, 0.3957896730748395, 0.12178998320719925, 0.23182289033688336], [0.15952890356650398, 0.39481719640724455, 0.23963719240994028, 0.2060167076163112], [0.2879763884704317, 0.29016745876232236, 0.17920622548990345, 0.24264992727734253], [0.26262844931202484, 0.26136340268173536, 0.15850203724242895, 0.3175061107638108], [0.25156765868202485, 0.19337247704990632, 0.1400302180455118, 0.4150296462225571], [0.43042592705259464, 0.3465066322443928, 0.0766778585818747, 0.1463895821211378], [0.25125772710961275, 0.22686688479687267, 0.2853256162207649, 0.23654977187274978], [0.2724157887190609, 0.36469614296542247, 0.15878173320772299, 0.20410633510779363], [0.17257408012610298, 0.2204181834348474, 0.16944940833965855, 0.43755832809939127], [0.2883552259710275, 0.31347858596544104, 0.1478248088727653, 0.2503413791907662], [0.12186348881113922, 0.41926137502372024, 0.31371706305549635, 0.14515807310964413], [0.26407997766200775, 0.2552483204430121, 0.1603242626997828, 0.3203474391951973], [0.17216345295073637, 0.30818134946237213, 0.1573020988950725, 0.36235309869181903], [0.17808528519674674, 0.2968587725818273, 0.1979835207760218, 0.3270724214454042], [0.24420347577856388, 0.3585807957843737, 0.15239703373060343, 0.24481869470645906], [0.22040190714513086, 0.26871708238238007, 0.1899582343660498, 0.3209227761064394], [0.1651722311421389, 0.516753119739763, 0.12056806041662968, 0.19750658870146826], [0.23043313219178918, 0.3228986252639779, 0.13520199973406663, 0.3114662428101662], [0.24001124576778088, 0.33440110735744866, 0.14249952854626974, 0.2830881183285008], [0.28342088526359793, 0.22272952898307316, 0.15641073683174278, 0.33743884892158604], [0.17935805911028915, 0.22726745164049897, 0.3661916586317798, 0.2271828306174322], [0.21189207091602913, 0.3529176428051648, 0.18346040530369645, 0.2517298809751098], [0.20540538736156455, 0.2896223614673667, 0.2868242265953738, 0.21814802457569488], [0.17592590330949204, 0.287888651321644, 0.2682662780272841, 0.26791916734157994], [0.24818459733673964, 0.29251323307436555, 0.15331173445083643, 0.3059904351380585], [0.16947670976708987, 0.48193531411158946, 0.10156284683841249, 0.24702512928290818], [0.1721891664724825, 0.5213671787978273, 0.10397775513909074, 0.20246589959059927], [0.4069339033792702, 0.2711075263316475, 0.14810808820769109, 0.17385048208139103], [0.21904613168791404, 0.2908913608685346, 0.13118616523999374, 0.3588763422035575], [0.3748462656862706, 0.23207375640660183, 0.11144998171645537, 0.2816299961906723], [0.4683770652647706, 0.17633932682990067, 0.1169011341215715, 0.23838247378375713], [0.6346029883055885, 0.14661615709765366, 0.07313460079473541, 0.1456462538020226], [0.17146180984102488, 0.26711376659447084, 0.3122202117444492, 0.24920421182005503], [0.14000511334462964, 0.5584034248713228, 0.08681676297161622, 0.21477469881243147], [0.20673253475288245, 0.4087585938953984, 0.15427647475507397, 0.23023239659664518], [0.383869180201676, 0.28396369846440817, 0.08870566424800055, 0.24346145708591543], [0.4558836295672344, 0.24993469236155857, 0.0993948878759212, 0.19478679019528575], [0.23629836464031934, 0.3638830539283572, 0.0997926852669045, 0.3000258961644191], [0.29740439942528213, 0.23779634626822588, 0.15374588860388952, 0.3110533657026024], [0.5531404229390772, 0.1706817420662822, 0.10887592930823181, 0.1673019056864089], [0.3882135905230108, 0.22246189465959487, 0.10868958168465355, 0.2806349331327408], [0.19151982922220986, 0.34875461426458365, 0.10985337074739533, 0.3498721857658111], [0.1631211453453113, 0.5244579647684859, 0.14644799002405384, 0.1659728998621489], [0.21846604858760585, 0.25151449122021413, 0.13928326807339841, 0.39073619211878163], [0.24393897880032964, 0.4081599620715827, 0.14801251397971102, 0.1998885451483767], [0.25523558772946847, 0.5064249116011544, 0.07056306703002925, 0.16777643363934786], [0.23817556131790768, 0.4024597009921204, 0.07179699114715368, 0.2875677465428182], [0.2072248297070621, 0.2556187126223061, 0.0843910449709977, 0.45276541269963394], [0.19315207508737306, 0.3787261035360849, 0.17901667789275047, 0.24910514348379165], [0.13857331783443766, 0.38897925147707146, 0.0932486987550634, 0.3791987319334275], [0.14254694009039806, 0.23196984946001142, 0.3318961121034742, 0.2935870983461163], [0.14890605289393355, 0.3165921123316753, 0.11295110376489226, 0.4215507310094991], [0.21886148375373282, 0.39590239656062326, 0.10986673881023064, 0.2753693808754134], [0.5569110986057102, 0.20471701711937731, 0.11022095929400283, 0.12815092498090958], [0.22471232210937236, 0.37089595142045556, 0.13389723677188808, 0.270494489698284], [0.16707518158329704, 0.42139711678926256, 0.1925277239592913, 0.21899997766814913], [0.2637261124230023, 0.23437523951708375, 0.09336808137617486, 0.4085305666837391], [0.3715283384593821, 0.21798692845178672, 0.12917024980069258, 0.28131448328813863], [0.2451210898070959, 0.29775288577600606, 0.13738114411120214, 0.319744880305696], [0.18432726695057255, 0.23988671442619622, 0.1091836309860204, 0.4666023876372108], [0.5082622544424367, 0.2067824487127312, 0.15342317233595779, 0.13153212450887444], [0.16134127532592907, 0.5111609885924111, 0.09209412016059343, 0.23540361592106632], [0.1487045841883817, 0.29623454108391484, 0.33720081827725024, 0.21786005645045325], [0.22518097045527033, 0.3257671302786876, 0.11902137102921212, 0.3300305282368299], [0.35137598647864476, 0.3236397778305686, 0.1213899811189029, 0.20359425457188385], [0.17304234386982004, 0.43275966030280955, 0.12861779839032195, 0.2655801974370486], [0.5076441309285279, 0.1987482110275004, 0.10022017010720691, 0.1933874879367648], [0.3706567657332343, 0.36615097839934607, 0.09890734570984101, 0.1642849101575787], [0.17196447647989777, 0.29813784256324055, 0.2168630601251218, 0.31303462083173994], [0.17930313135286335, 0.44007171338900475, 0.09580774235894174, 0.28481741289919016], [0.30725719974778143, 0.24862750216509275, 0.12297397739938833, 0.3211413206877376], [0.15193402676114034, 0.48201627045057976, 0.10619010636876092, 0.25985959641951906], [0.2431084744059577, 0.4069362214602116, 0.1154198932071819, 0.2345354109266489], [0.18603179207260548, 0.4147670287194546, 0.195791294340537, 0.20340988486740288], [0.2572839957129074, 0.31058617010304834, 0.18364004547009058, 0.24848978871395389], [0.10596152788410661, 0.3824560944872784, 0.36048935137194993, 0.15109302625666512], [0.1239393829754119, 0.23044784469721108, 0.09627129488966381, 0.5493414774377132], [0.44443241927026206, 0.20202870770476614, 0.11187911486629942, 0.2416597581586725], [0.1724846655300258, 0.355952883030393, 0.13749715335097124, 0.3340652980886101], [0.11541454848079402, 0.18043645472248201, 0.5471329178748949, 0.157016078921829], [0.21220305046399654, 0.36271075717089357, 0.2535202773403021, 0.17156591502480784], [0.20788180582626734, 0.42803045000929685, 0.11560796936533212, 0.24847977479910371]]}}