{"test": {"ids": ["110115250", "97113900", "101119591", "112116800", "107121230", "108119330", "111119250", "99111620", "107112850", "110120531", "106114011", "98112580", "105121190", "106116850", "111119430", "107114200", "107121540", "103111930", "110116170", "111116110", "101112540", "110116290", "109116170", "101108580", "111114321", "107121640", "112116401", "112120630", "105118740", "105116501", "97112290", "112119450", "113120591", "101111140", "111117200", "103120340", "101112690", "110118740", "101116130", "103117461", "108115880", "109113881", "102108621", "112121430", "113122510", "108116481", "109116441", "113119120", "104114410", "98112170", "103109791", "97109570", "98110680", "108116120", "99111930", "103113170", "99114890", "112121410", "97107920", "99109740", "108117360", "104113210", "108114670", "104111711", "113118231", "108117610", "105112240", "113119480", "106120290", "112118620", "107119950", "113121190", "107113200", "104116800", "99109141", "107115250", "110113931", "99108710", "111115770", "107113840", "107113260", "111117120", "113118421", "111118910", "112121030", "112119500", "107119130", "99109860", "106118520", "100109000", "98116090", "104119340", "106116820", "100108520", "102116500", "109115380", "111120190", "100116500", "113121980", "105116090", "98110710", "103120730", "110119030", "105116650", "103111620", "106116441", "98113881", "98112300", "101119030", "112117790", "99108460", "102113350", "103117200", "97108520", "99113260", "109113591", "107114950", "97113260", "109113281", "102117351", "112119580", "112118880", "112116451", "102110850", "97107821", "112117571", "111116040", "109115220", "97118210", "98117740", "97107950", "103112470", "113120540", "99112531", "112118421", "101108621", "112118820", "106113360", "109120540", "113122430", "97106770", "99107500"], "labels": [1, 2, 0, 0, 0, 0, 1, 3, 1, 0, 1, 2, 2, 3, 3, 2, 2, 3, 0, 3, 2, 2, 0, 0, 1, 1, 0, 3, 1, 1, 1, 3, 0, 2, 0, 1, 1, 3, 2, 0, 3, 0, 3, 2, 2, 0, 3, 3, 1, 3, 3, 0, 2, 1, 1, 3, 2, 0, 0, 3, 1, 3, 3, 1, 3, 3, 1, 3, 2, 3, 3, 1, 0, 1, 3, 2, 1, 2, 3, 3, 0, 2, 3, 0, 0, 2, 1, 2, 2, 1, 0, 1, 1, 2, 1, 3, 3, 2, 2, 1, 2, 1, 0, 1, 0, 0, 3, 2, 3, 3, 0, 3, 0, 2, 0, 3, 3, 1, 0, 1, 3, 1, 0, 3, 2, 3, 0, 3, 2, 2, 2, 1, 3, 3, 3, 0, 0, 0, 1, 2, 3, 0], "predicted_labels": [1, 1, 0, 1, 3, 3, 1, 1, 1, 3, 1, 1, 1, 1, 1, 1, 1, 1, 3, 1, 1, 1, 1, 0, 1, 0, 0, 3, 1, 3, 3, 3, 0, 3, 3, 3, 1, 0, 1, 3, 1, 3, 3, 0, 1, 0, 3, 3, 3, 3, 3, 3, 3, 3, 1, 1, 1, 1, 0, 1, 3, 3, 1, 1, 3, 3, 1, 1, 1, 3, 1, 1, 3, 1, 1, 1, 1, 1, 1, 1, 1, 1, 0, 3, 0, 1, 1, 1, 1, 1, 1, 3, 0, 0, 1, 1, 1, 1, 3, 1, 1, 1, 3, 0, 1, 1, 1, 0, 3, 3, 3, 1, 3, 1, 1, 1, 0, 3, 3, 0, 3, 1, 0, 1, 0, 1, 0, 3, 1, 3, 1, 1, 0, 1, 0, 1, 1, 1, 1, 3, 0, 3], "confidence_scores": [[0.2203297979797981, 0.3069634920634921, 0.19697015207015212, 0.27573655788655804], [0.24954598734598749, 0.35599297924297924, 0.1557633977133977, 0.23869763569763583], [0.2970604839604839, 0.25092727272727283, 0.18219582084582092, 0.26981642246642257], [0.22366738159501307, 0.31675202575202593, 0.17965300532800538, 0.27992758732495576], [0.19717068487068495, 0.28426258741258736, 0.19374181374181382, 0.3248249139749141], [0.25173870296370304, 0.284139232989233, 0.17088006160506175, 0.2932420024420024], [0.19160748695748697, 0.3118338272838272, 0.19366023421023437, 0.30289845154845146], [0.22075750328103275, 0.31428339993340004, 0.21945379065379078, 0.24550530613177673], [0.2249744533244534, 0.3441508880008881, 0.18135699300699307, 0.2495176656676657], [0.2239522366522368, 0.2986567654567655, 0.14360920745920744, 0.3337817904317905], [0.24512053502053513, 0.329149506049506, 0.2052382756132757, 0.22049168331668334], [0.19585472860472866, 0.34443741258741273, 0.20057438117438126, 0.2591334776334778], [0.19287711732711751, 0.2953946553446554, 0.251257980907981, 0.26047024642024647], [0.26799585414585425, 0.2779213564213565, 0.1818309412809413, 0.2722518481518483], [0.19071431966726093, 0.3164715134538665, 0.18357265512265514, 0.3092415117562176], [0.25271166056166083, 0.3354648684648684, 0.11416926961926965, 0.29765420135420145], [0.20279437947673262, 0.3115185758685759, 0.21228252695017408, 0.2734045177045177], [0.2352547286047287, 0.3451527500277499, 0.18315276667776675, 0.23643975468975487], [0.23673508158508177, 0.2614559218559219, 0.21411448551448545, 0.28769451104451116], [0.25550880508380514, 0.2793334165834167, 0.19047379564879563, 0.27468398268398275], [0.23121868686868685, 0.29970055500055504, 0.22228715728715726, 0.246793600843601], [0.2370974747474749, 0.2652033058444824, 0.23543776974659322, 0.2622614496614497], [0.18866396658896667, 0.3146246503496503, 0.19588616106116113, 0.30082522200022194], [0.3177766733266736, 0.2036259795759796, 0.1927302031302032, 0.2858671439671441], [0.20130945165945177, 0.3678567987567987, 0.1985561771561772, 0.23227757242757252], [0.2774682955932955, 0.25309473304473323, 0.2455970640470642, 0.22383990731490735], [0.3326959151959151, 0.2723050191638428, 0.1400135087135088, 0.2549855569267335], [0.26647770007770005, 0.26535616050616057, 0.1659926295926297, 0.30217350982350993], [0.2656463052513364, 0.2934325356789755, 0.18521696914196925, 0.2557041899277193], [0.2602898046398048, 0.28038509823509833, 0.16275347430347434, 0.29657162282162297], [0.2209151348651349, 0.30383401875901883, 0.1639081723831724, 0.311342673992674], [0.24904547119547124, 0.274394216894217, 0.1635609390609392, 0.31299937284937296], [0.3044874530698059, 0.25698623598623604, 0.17004398771163484, 0.2684823232323232], [0.28188771392006684, 0.21876286491286503, 0.18514464816229514, 0.314204773004773], [0.21326555111555126, 0.282638542013542, 0.16517960650460656, 0.33891630036630044], [0.2200835497835499, 0.26796132756132773, 0.20765423465423472, 0.30430088800088795], [0.2594347041847043, 0.28823981573981566, 0.21743034743034748, 0.23489513264513262], [0.3413247605335839, 0.2003062917474683, 0.17674737876502583, 0.281621568953922], [0.21596305916305913, 0.2884186424686425, 0.2402061050061051, 0.25541219336219334], [0.22135231435231448, 0.2637340048840049, 0.19095367410367417, 0.32396000666000674], [0.2580356139732301, 0.2725725496725498, 0.19705381326619723, 0.2723380230880231], [0.25361561771561775, 0.30615256410256436, 0.12830588023088027, 0.31192593795093787], [0.26459497169497165, 0.2664804195804198, 0.17518460428460444, 0.2937400044400045], [0.296270745920746, 0.2554808025308026, 0.15295466200466212, 0.2952937895437896], [0.1947425907425908, 0.36790430125430124, 0.21786731046731053, 0.21948579753579775], [0.31467002442002445, 0.25416256684491995, 0.15823578088578097, 0.27293162784927494], [0.2834568043068043, 0.2830747974247975, 0.14352722277722282, 0.28994117549117543], [0.2609235375735376, 0.23524824064824076, 0.17206963591963595, 0.3317585858585858], [0.27483753468753497, 0.2619495892995894, 0.1664770451770452, 0.29673583083583077], [0.271798124098124, 0.2524297036297035, 0.1716045565545566, 0.3041676157176157], [0.25795083250083256, 0.23203669108669117, 0.2319043234543235, 0.27810815295815305], [0.2727684704184706, 0.23191916416916425, 0.1894595238095238, 0.3058528416028415], [0.2400490925740926, 0.2595336219336219, 0.21789001831501845, 0.28252726717726706], [0.28467718392718394, 0.24000088800088798, 0.15507277722277735, 0.32024915084915095], [0.2272176184926186, 0.31169180264180274, 0.19489374514374516, 0.2661968337218338], [0.20830651570651587, 0.3373965145965146, 0.2051486124986125, 0.24914835719835718], [0.13571486291486295, 0.3512777056277055, 0.2711487068487068, 0.2418587246087248], [0.23792864080364087, 0.32390259740259725, 0.16950883283383286, 0.2686599289599291], [0.32307519702519727, 0.21203095793095808, 0.1482611388611389, 0.31663270618270617], [0.1895752469752469, 0.367271419103772, 0.21597157287157287, 0.22718176104940813], [0.16996519591519596, 0.2637193473193475, 0.24912871572871592, 0.3171867410367411], [0.2587854284604284, 0.2510538406038407, 0.15406565934065947, 0.33609507159507157], [0.24324855699855694, 0.30702772782772786, 0.20319250194250202, 0.24653121323121338], [0.19210245310245316, 0.33689290154290147, 0.22961702741702741, 0.241387617937618], [0.24222446997447009, 0.270740825840826, 0.20946905871905877, 0.27756564546564544], [0.2192757853257854, 0.24934116994117006, 0.16904619824619832, 0.3623368464868465], [0.23324913974913974, 0.34313267288267285, 0.1863869047619048, 0.23723128260628265], [0.2574832667332669, 0.3017054556554557, 0.18143194028194043, 0.25937933732933754], [0.2357464741141212, 0.2922383743707273, 0.20924018759018764, 0.26277496392496397], [0.25554986288221593, 0.2893260017760017, 0.12173116164880872, 0.3333929736929736], [0.2666206737706738, 0.2948438811188812, 0.16428335830835833, 0.27425208680208685], [0.28244507159507165, 0.2992290764790766, 0.15458008658008662, 0.2637457653457653], [0.2795187368187369, 0.24618132978132984, 0.1830346542346544, 0.29126527916527933], [0.2059396603396604, 0.30423533133533126, 0.20435476190476198, 0.2854702464202464], [0.2432809079809081, 0.30688967698967706, 0.17489410589410595, 0.2749353091353091], [0.22672355422355414, 0.29697223887223917, 0.24439886779886794, 0.2319053391053391], [0.2652489843489845, 0.326453502053502, 0.11889884004884009, 0.2893986735486735], [0.22331305916305919, 0.32463629703629704, 0.17249980574980575, 0.279550838050838], [0.20654886779886794, 0.33940573870573876, 0.17830780885780886, 0.2757375846375847], [0.2538835830835833, 0.32327883227883225, 0.1599312243312244, 0.26290636030636044], [0.2406393217893218, 0.2960795204795206, 0.2027276334776336, 0.2605535242535243], [0.22069533244533251, 0.31762410367410365, 0.19001796536796536, 0.27166259851259855], [0.32930932123432116, 0.2515107670107671, 0.14021164113664117, 0.27896827061827073], [0.23333016428016437, 0.29694659229659237, 0.16896709956709965, 0.3007561438561438], [0.3228847687400318, 0.2585996503496504, 0.1449439913887282, 0.2735715895215896], [0.19955360750360754, 0.3854115995115994, 0.20243724608724603, 0.21259754689754706], [0.2545748196248198, 0.2943319125319125, 0.18335524475524487, 0.2677380230880232], [0.21063635808635828, 0.34718024034788736, 0.19702498220733505, 0.24515841935841934], [0.25783020313020316, 0.31830339660339657, 0.14596667776667777, 0.2778997224997225], [0.22739948939948948, 0.3182102841602842, 0.20850600510600512, 0.24588422133422153], [0.21880945720945727, 0.33060848595848596, 0.21243501498501485, 0.2381470418470419], [0.2560554466001836, 0.24318212138738465, 0.12624326784326792, 0.3745191641691641], [0.31581092241092246, 0.25284650904650907, 0.1842974525474526, 0.24704511599511603], [0.3128890664890665, 0.2145376873126875, 0.18710308580308582, 0.2854701603951606], [0.2266881174381175, 0.28954624264624274, 0.2122393772893774, 0.27152626262626256], [0.19816111274346576, 0.3668303180479652, 0.18465074370074375, 0.25035782550782565], [0.22324431328905017, 0.34962269192795503, 0.1734758352758353, 0.2536571595071597], [0.21343386788649957, 0.3128534188034188, 0.2205810578310579, 0.253131655479024], [0.20048967976467988, 0.3009671051171052, 0.1697339826839828, 0.32880923243423243], [0.26508426398163254, 0.3124295093795095, 0.1791541292041293, 0.2433320974347291], [0.18720064935064953, 0.3134835497835498, 0.19816854256854252, 0.30114725829725847], [0.28283577141812455, 0.2866462315462317, 0.14472696584461295, 0.2857910311910313], [0.2441403346653348, 0.26567154512154517, 0.20049592907092917, 0.2896921911421911], [0.30243339993339996, 0.29493878343878344, 0.17521230436230453, 0.22741551226551238], [0.24528967958426165, 0.3060204547258727, 0.22814906204906218, 0.22054080364080364], [0.22755445942945957, 0.3866170329670328, 0.137184534909535, 0.24864397269397276], [0.22694577644577668, 0.32180471195471194, 0.18649483849483844, 0.26475467310467315], [0.2956834051569348, 0.22848840081487143, 0.18448258408258417, 0.29134560994561004], [0.27866693861693864, 0.25424917859917867, 0.18106589521589517, 0.2860179875679876], [0.27287869352869354, 0.23961431346431367, 0.19544555999556, 0.29206143301143306], [0.23667683766182226, 0.2686049652961419, 0.13651304838951903, 0.358205148652517], [0.22698269230769239, 0.31366852869352874, 0.21123201798201807, 0.2481167610167611], [0.30951243756243746, 0.25291595071595085, 0.12362695637695639, 0.31394465534465543], [0.2413107781107782, 0.3312851648351648, 0.16543989898989897, 0.2619641580641581], [0.2567608336108336, 0.3013993950493951, 0.21573216783216784, 0.2261076035076037], [0.21917767787767795, 0.3358040071040071, 0.1921045565545566, 0.25291375846375846], [0.32424014874014867, 0.20521240785358452, 0.1655283791372026, 0.30501906426906433], [0.20886063936063942, 0.2555459338047574, 0.2196360417360418, 0.3159573850985614], [0.2753272616272617, 0.29125720945720945, 0.1411570245543931, 0.292258504361136], [0.31054314574314584, 0.23797835497835515, 0.1764217726717727, 0.27505672660672664], [0.2040447552447554, 0.2990706460206461, 0.17583469863469872, 0.32104990009990014], [0.2127342712842713, 0.33657888222888227, 0.2306714868464869, 0.22001535964035954], [0.3444433677433678, 0.27503678706914014, 0.10915850815850814, 0.2713613370289842], [0.1909497113997116, 0.3090700632700633, 0.24858196248196254, 0.251398262848263], [0.28871940836940846, 0.2704229714729716, 0.1896341935841935, 0.25122342657342683], [0.2501468253968255, 0.3344218614718616, 0.13156313686313692, 0.28386817626817623], [0.3069341269841269, 0.2640215007215008, 0.19230360750360767, 0.23674076479076478], [0.21759227994228006, 0.277026911976912, 0.17508203463203476, 0.3302987734487733], [0.21773562548562553, 0.2996576479076481, 0.2139710622710624, 0.26863566433566444], [0.20983689643689646, 0.26686579531579546, 0.21609383949383956, 0.30720346875346843], [0.21804307914307933, 0.2971973221223221, 0.19203678821178838, 0.2927228105228105], [0.2068939005439006, 0.3528578826402357, 0.173240442890443, 0.26700777392542085], [0.3482613199665833, 0.24984818514818527, 0.1497050747498116, 0.2521854201354202], [0.23439606782106787, 0.3306776501276499, 0.16667070984570995, 0.2682555722055722], [0.29987763347763347, 0.2574469696969699, 0.18598408258408267, 0.2566913142413144], [0.24057972582972584, 0.3032446164946165, 0.18104004329004317, 0.27513561438561424], [0.22144844044844056, 0.3072018481518484, 0.1645911976911977, 0.3067585137085137], [0.23478704073704085, 0.3290305008716774, 0.18734463510345878, 0.24883782328782342], [0.2920201461936755, 0.296700011426482, 0.1491675768675769, 0.26211226551226546], [0.18286374181374188, 0.30072803862803876, 0.20256671106671112, 0.3138415084915083], [0.2872623265623267, 0.24914105339105347, 0.2287354867354868, 0.23486113331113342], [0.23092915695415706, 0.2881055833055834, 0.17878691586191597, 0.3021783438783439]]}, "rewritten": {"ids": ["97106770", "97107821", "97107920", "97107950", "97108520", "97109570", "97112290", "97113260", "97113900", "97118210", "98110680", "98110710", "98112170", "98112300", "98112580", "98113881", "98116090", "98117740", "99107500", "99108460", "99108710", "99109141", "99109740", "99109860", "99111620", "99111930", "99112531", "99113260", "99114890", "100108520", "100109000", "100116500", "101108580", "101108621", "101111140", "101112540", "101112690", "101116130", "101119030", "101119591", "102108621", "102110850", "102113350", "102116500", "102117351", "103109791", "103111620", "103111930", "103112470", "103113170", "103117200", "103117461", "103120340", "103120730", "104111711", "104113210", "104114410", "104116800", "104119340", "105112240", "105116090", "105116501", "105116650", "105118740", "105121190", "106113360", "106114011", "106116441", "106116820", "106116850", "106118520", "106120290", "107112850", "107113200", "107113260", "107113840", "107114200", "107114950", "107115250", "107119130", "107119950", "107121230", "107121540", "107121640", "108114670", "108115880", "108116120", "108116481", "108117360", "108117610", "108119330", "109113281", "109113591", "109113881", "109115220", "109115380", "109116170", "109116441", "109120540", "110113931", "110115250", "110116170", "110116290", "110118740", "110119030", "110120531", "111114321", "111115770", "111116040", "111116110", "111117120", "111117200", "111118910", "111119250", "111119430", "111120190", "112116401", "112116451", "112116800", "112117571", "112117790", "112118421", "112118620", "112118820", "112118880", "112119450", "112119500", "112119580", "112120630", "112121030", "112121410", "112121430", "113118231", "113118421", "113119120", "113119480", "113120540", "113120591", "113121190", "113121980", "113122430", "113122510"], "labels": [3, 2, 0, 2, 2, 0, 1, 1, 2, 2, 2, 2, 3, 2, 2, 3, 0, 2, 0, 0, 2, 3, 3, 2, 3, 1, 3, 0, 2, 2, 1, 2, 0, 0, 2, 2, 1, 2, 3, 0, 3, 3, 3, 1, 1, 3, 0, 3, 1, 3, 0, 0, 1, 1, 1, 3, 1, 1, 1, 1, 1, 1, 1, 1, 2, 0, 1, 0, 1, 3, 2, 2, 1, 0, 0, 3, 2, 3, 2, 1, 3, 0, 2, 1, 3, 3, 1, 0, 1, 3, 0, 0, 3, 0, 3, 3, 0, 3, 1, 1, 1, 0, 2, 3, 0, 0, 1, 3, 0, 3, 2, 0, 0, 1, 3, 3, 0, 0, 0, 3, 3, 3, 3, 0, 1, 3, 2, 3, 3, 0, 0, 2, 3, 3, 3, 3, 3, 0, 1, 2, 2, 2], "predicted_labels": [0, 1, 0, 1, 1, 3, 1, 3, 1, 1, 1, 3, 3, 0, 1, 1, 1, 3, 1, 3, 1, 1, 1, 1, 1, 1, 1, 1, 1, 3, 1, 1, 0, 1, 3, 1, 1, 1, 0, 0, 1, 1, 1, 1, 0, 3, 1, 1, 1, 1, 3, 1, 3, 1, 0, 1, 3, 3, 3, 1, 1, 0, 1, 1, 1, 1, 1, 1, 0, 1, 1, 1, 1, 0, 1, 1, 3, 0, 1, 3, 1, 1, 1, 0, 1, 1, 0, 3, 3, 3, 0, 1, 1, 1, 3, 1, 1, 3, 3, 1, 3, 1, 1, 0, 3, 3, 1, 1, 0, 3, 1, 3, 3, 3, 1, 1, 0, 0, 1, 3, 3, 0, 1, 3, 1, 3, 1, 1, 3, 0, 1, 3, 1, 0, 3, 1, 0, 0, 1, 3, 1, 1], "confidence_scores": [[0.27167129537129553, 0.25720045510045514, 0.21064652569652575, 0.26048172383172397], [0.27615283605283614, 0.2835075313575313, 0.17950974025974026, 0.26082989232989257], [0.3068008158508159, 0.24640264539382198, 0.14757508798391158, 0.2992214507714508], [0.19406645021645033, 0.2956757464757465, 0.22131272616272615, 0.28894507714507717], [0.22823643578643588, 0.3271977355977355, 0.18849617604617613, 0.25606965256965253], [0.27066020091020093, 0.25496286491286513, 0.19673968253968258, 0.27763725163725156], [0.2507220057720059, 0.32178855033855014, 0.14069441946941946, 0.2867950244200243], [0.2205031413031414, 0.2533831188419424, 0.21579797979797982, 0.3103157600569366], [0.25089250390132756, 0.30961699966699974, 0.18525127176744827, 0.2542392246642248], [0.24487257383139743, 0.26835411337029, 0.22167876567876574, 0.2650945471195472], [0.24888474025974036, 0.28481315351315345, 0.2162313880563882, 0.25007071817071824], [0.17548140748140773, 0.2906811466311467, 0.1895269841269842, 0.34431046176046176], [0.24735929625929634, 0.27491124431124425, 0.1773664835164835, 0.30036297591297584], [0.2890191194426489, 0.24949194726841803, 0.18482050172050185, 0.27666843156843157], [0.22267380397380404, 0.3504224053724055, 0.17662946497946497, 0.2502743256743257], [0.23600685425685436, 0.3533963480963479, 0.15985321900321903, 0.25074357864357855], [0.21871532911532923, 0.31726931401931413, 0.1963880749968986, 0.2676272818684585], [0.21080656565656586, 0.2563662686986216, 0.20004860694860693, 0.33277855869620565], [0.22176388888888895, 0.32740021645021644, 0.17817023809523816, 0.27266565656565667], [0.23307871193134372, 0.27573497613497616, 0.1385927738927739, 0.3525935380409066], [0.2395728438228439, 0.30133470418470415, 0.20402287157287172, 0.25506958041958044], [0.2731458541458542, 0.3024951048951049, 0.1773215506715507, 0.24703749028749028], [0.21525408480408495, 0.3280354423354425, 0.22377538017538018, 0.23293509268509274], [0.19214040404040408, 0.3569888167388169, 0.21102994227994226, 0.2398408369408371], [0.217414085914086, 0.31554552114552137, 0.1943229437229438, 0.2727174492174494], [0.2136744200244201, 0.31735876345876346, 0.24298545343545344, 0.22598136308136324], [0.27552046009546016, 0.29362869907869904, 0.17715739538239553, 0.25369344544344546], [0.24996537906537908, 0.29057046842046863, 0.2154107503607504, 0.24405340215340227], [0.17608633588633588, 0.33210422910422904, 0.24934338994339006, 0.24246604506604516], [0.29399422995305347, 0.22779240759240774, 0.17996534380652043, 0.29824801864801864], [0.23209687534687545, 0.3270639896051661, 0.1802227569815806, 0.2606163780663781], [0.22478675213675223, 0.3137685758685758, 0.18421442446442454, 0.2772302475302475], [0.2997698246198247, 0.17015810855810867, 0.23211990786990785, 0.29795215895215893], [0.21215663780663785, 0.3387645743145742, 0.19939992784992788, 0.24967886002886014], [0.2820879359202889, 0.25183755966255966, 0.172221537939185, 0.2938529664779665], [0.21875680985680987, 0.3196488955488956, 0.20040329115329117, 0.2611910034410036], [0.24765322455322467, 0.28587783882783885, 0.2196971805971806, 0.24677175602175597], [0.27268789543789546, 0.28362862137862127, 0.19336153291153307, 0.2503219502719504], [0.28925784770784774, 0.2733038794538796, 0.16843184038184036, 0.2690064324564326], [0.3237037518037518, 0.2277073593073594, 0.16816258186258196, 0.28042630702630694], [0.2035338605838606, 0.31827135642135634, 0.18902657897657896, 0.2891682040182041], [0.17235510892616163, 0.32950459999237086, 0.28479930624930627, 0.21334098483216132], [0.2585247668997669, 0.27268034465534485, 0.20405768398268412, 0.2647372044622045], [0.24910673595410446, 0.28774710844710844, 0.19981383616383622, 0.26333231943495106], [0.322423038073038, 0.250891613941614, 0.15023679653679656, 0.2764485514485515], [0.2214856643356644, 0.260421683871684, 0.23249368131868145, 0.28559897047397054], [0.23157215854321123, 0.3259216920506395, 0.2217112998112998, 0.2207948495948497], [0.22791271243376524, 0.35662292415187147, 0.17764442779442777, 0.23781993561993572], [0.22668110223110224, 0.3277418581418582, 0.1504000888000889, 0.2951769508269508], [0.18054923862687036, 0.34465059940059944, 0.21489132256632257, 0.25990883940620785], [0.2602858447108446, 0.2843705017205018, 0.14989012376512384, 0.30545352980352974], [0.24628961871461885, 0.2939946053946054, 0.18628525363525367, 0.27343052225552233], [0.2540463203463204, 0.2545352813852814, 0.20573419913419924, 0.2856841991341993], [0.26857498057498075, 0.28972269397269396, 0.1729767343767345, 0.26872559107559113], [0.27690342990343, 0.2647435619935621, 0.22325320790320805, 0.2350998001998003], [0.2321534132534135, 0.2976266372516372, 0.17890598845598857, 0.291313961038961], [0.28350347985348, 0.2676986846486848, 0.14746126651126654, 0.30133656898656896], [0.22788888888888886, 0.28729271284271296, 0.19247590742590745, 0.29234249084249075], [0.2518051670551671, 0.24899902874902888, 0.15074114219114224, 0.348454662004662], [0.27202229437229436, 0.31065682650682674, 0.170281684981685, 0.24703919413919406], [0.23391284096020945, 0.3056886335886336, 0.18593157398157406, 0.2744669514695832], [0.28119615384615393, 0.2798195471195471, 0.16013080808080812, 0.27885349095349105], [0.30155424020424015, 0.32860352425352435, 0.15969298479298494, 0.21014925074925073], [0.23287516095016117, 0.30768726273726277, 0.19072993950493963, 0.26870763680763693], [0.19525834720834728, 0.3159337828837828, 0.2306284437784439, 0.2581794261294261], [0.2706814907314908, 0.32664937007436995, 0.1690406371406372, 0.2336285020535022], [0.24961023976023997, 0.3456795593295593, 0.18091292318792318, 0.2237972777222778], [0.27226171883671896, 0.32593691863691865, 0.16122313519813522, 0.24057822732822745], [0.2945508741258742, 0.25021386946386953, 0.18647649850149858, 0.2687587579087578], [0.2473587206910736, 0.2810677600177601, 0.19662143248907965, 0.27495208680208677], [0.2843882545559018, 0.31623222104692705, 0.15967493650140716, 0.23970458789576457], [0.26387539682539674, 0.2790963924963926, 0.22051344211344212, 0.23651476856476855], [0.2251624486624487, 0.31852193917193944, 0.16945393495393507, 0.28686167721167716], [0.30482354589854593, 0.24192181152181164, 0.19414652847152852, 0.2591081141081142], [0.22161969696969702, 0.3205256854256855, 0.18437647907647908, 0.2734781385281385], [0.2818690082793024, 0.307374745515922, 0.15764426406926416, 0.25311198213551167], [0.24266593406593429, 0.2820269896769897, 0.13684717504717506, 0.3384599012099011], [0.3023210345210344, 0.25275803640803646, 0.17875788100788106, 0.26616304806304825], [0.20336786546786564, 0.30468992314874677, 0.2372743367743369, 0.25466787460905105], [0.2605383394383395, 0.2655645909645911, 0.1789626262626264, 0.29493444333444335], [0.2319253857253858, 0.3100587440337443, 0.16726009823509833, 0.29075577200577196], [0.20683712953712968, 0.3188425296925296, 0.18424802419802425, 0.29007231657231664], [0.24098490398490413, 0.29610726495726497, 0.21127696192696205, 0.2516308691308691], [0.2826425407925408, 0.24060651570651578, 0.2287328338328339, 0.24801810966810958], [0.23190308221190578, 0.29734807692307696, 0.21083054804672458, 0.25991829281829304], [0.22667236097236115, 0.33299164169164164, 0.19793697413697417, 0.2423990231990232], [0.311724087024087, 0.2500858455270221, 0.16130022950905307, 0.276889837939838], [0.2732288600288601, 0.2577862692862694, 0.13391521811521817, 0.33506965256965254], [0.18038096348096352, 0.26613144078144085, 0.24058843378843384, 0.3128991619491619], [0.22737140637140643, 0.25597362082362096, 0.14245269175269176, 0.37420228105228104], [0.3141253996003999, 0.2533697025197026, 0.15825991508491524, 0.2742449827949828], [0.27147025197025215, 0.3032950438450439, 0.15195505050505057, 0.2732796536796538], [0.23542727827727836, 0.3646268176268174, 0.1497354700854701, 0.2502104340104341], [0.25132251637251635, 0.2997545621045623, 0.15800893828393833, 0.2909139832389832], [0.1870062215562217, 0.272809906759907, 0.17620650460650467, 0.363977367077367], [0.18232366799866812, 0.34461355866355864, 0.21016662504162512, 0.2628961482961484], [0.19613326118326133, 0.31604342046842043, 0.18370781995782, 0.30411549839049845], [0.2509823953823955, 0.2914660173160174, 0.15999242424242427, 0.29755916305916297], [0.277410989010989, 0.28673527583527586, 0.1386131424131424, 0.2972405927405928], [0.2670100566100568, 0.3225091797091799, 0.13135063270063282, 0.27913013098013095], [0.22055012210012223, 0.2973730880230881, 0.1839276334776335, 0.2981491563991562], [0.2053618877854174, 0.3116960487225191, 0.21401577866577864, 0.2689262848262849], [0.26052993117993123, 0.26749716753834407, 0.22821138502020852, 0.24376151626151626], [0.36319040436687505, 0.2014036990786991, 0.16186351426351428, 0.2735423822909119], [0.22011767676767693, 0.2817178821178821, 0.18299254079254088, 0.3151719003219004], [0.2426224331224333, 0.2551628427128428, 0.1375681651681651, 0.364646558996559], [0.2137105783105783, 0.3590456801368566, 0.20927410008292374, 0.21796964146964154], [0.24586587301587304, 0.32327117882117873, 0.19345335775335784, 0.23740959040959056], [0.3002102675102675, 0.28313740426240447, 0.16055978465978477, 0.2560925435675437], [0.24564459151959167, 0.2700934787434786, 0.207117673992674, 0.27714425574425594], [0.25343116883116884, 0.31870718529836184, 0.15783740344622704, 0.2700242424242424], [0.21845371850371859, 0.27472309912309917, 0.1737670163170164, 0.3330561660561661], [0.24531796536796546, 0.2861594350094351, 0.15366738816738829, 0.31485521145521145], [0.18776344766344766, 0.2874517205017206, 0.20108738483738484, 0.32369744699744707], [0.19326077876372005, 0.3462768026091556, 0.1942090576090576, 0.2662533610180669], [0.21174285714285712, 0.35864228549228555, 0.1828035187035187, 0.24681133866133875], [0.3409012543012542, 0.2769154706404706, 0.14822543290043302, 0.23395784215784218], [0.3374273282273282, 0.26129654789654816, 0.11213009768009768, 0.2891460261960262], [0.19874393939393947, 0.39298220113220106, 0.1543395382395383, 0.2539343212343213], [0.2654970418470421, 0.29633618962736613, 0.1375713139801375, 0.3005954545454546], [0.2844874680874682, 0.2389697524697526, 0.18107165612165613, 0.29547112332112335], [0.3390888666888665, 0.24264617604617617, 0.1574635642135643, 0.260801393051393], [0.273810468942822, 0.29483754578754595, 0.14346617108381818, 0.2878858141858142], [0.25304476079476085, 0.2877610611610614, 0.1677802253302254, 0.2914139527139528], [0.2091153513153514, 0.3139358974358974, 0.23213646353646353, 0.24481228771228788], [0.24499954767454787, 0.2924438894438896, 0.15841799764562922, 0.3041385652359337], [0.19967077922077936, 0.45720654900654895, 0.17786971361971363, 0.16525295815295818], [0.19792363469863491, 0.3234326395826395, 0.15815843600843604, 0.3204852897102899], [0.27581457431457435, 0.2401072150072151, 0.15814913419913426, 0.32592907647907643], [0.33260334110334105, 0.2775660561660563, 0.13945430125430128, 0.2503763014763016], [0.21833771506271513, 0.3258669164169163, 0.1608611804861805, 0.29493418803418814], [0.2612388167388168, 0.2729636363636364, 0.18469109224109231, 0.2811064546564547], [0.2707443722943724, 0.2806929237429239, 0.1902011544011545, 0.2583615495615495], [0.32573178765678773, 0.28314752469752463, 0.12183950216450219, 0.2692811854811857], [0.23195660450660457, 0.27655522255522264, 0.18561492396492404, 0.305873248973249], [0.26953894993895006, 0.2983652791652792, 0.16902113997114, 0.26307463092463085], [0.32874992580518897, 0.26969412809412807, 0.14213988438462133, 0.2594160617160619], [0.3097577418453579, 0.26569239094239094, 0.17925024461262856, 0.24529962259962246], [0.27612274947274956, 0.2942145077145077, 0.1504481185481186, 0.2792146242646241], [0.23081272616272622, 0.2905589632589634, 0.16888326673326678, 0.309745043845044], [0.2519288468841101, 0.34562870462870476, 0.2093761259208628, 0.19306632256632267], [0.21714663114663116, 0.34986707181707194, 0.2079399655899657, 0.22504633144633163]]}}