{"test": {"ids": ["107113180", "111119300", "98106111", "103111540", "111121220", "102113350", "108121160", "97116500", "104111380", "106117770", "99110730", "102112301", "106117790", "98108580", "113117340", "106115240", "111116750", "110117080", "110121170", "111118810", "99112840", "98107380", "112118860", "97105451", "111120280", "100108990", "110113591", "103120531", "102121700", "99107300", "112116640", "112121360", "105120621", "104111531", "112117030", "113120830", "112121430", "97116790", "98110810", "99108000", "112118701", "111116090", "110118450", "108115250", "113122220", "102110240", "113118231", "98120530", "113121220", "105116860", "108118520", "108118810", "108114220", "111117480", "106121190", "98109230", "110115120", "99109311", "109117110", "99109740", "112119120", "108114270", "110120531", "104111780", "113119950", "109121410", "99112531", "104110960", "107116980", "103110050", "106114880", "112120630", "106111321", "100107920", "101108460", "98121790", "100109330", "113118490", "100120780", "113122170", "97116410", "110115980", "112119610", "104113170", "100111270", "111120260", "98112580", "99117630", "105115900", "104111711", "99108890", "109114651", "108121190", "104119290", "102112250", "101108500", "106116640", "104113000", "112117571", "107117010", "108114200", "103113260", "107112840", "108119510", "99108520", "109115211", "111114321", "106118301", "108115500", "108121351", "110120560", "102111990", "99109860", "109120540", "103110840", "101117580", "106113260", "101108580", "108120700", "110116170", "108115070", "98116940", "105113210", "99109840", "105117431", "103118110", "99110050", "99112641", "108115870", "113119700", "110118161", "111116170", "105120280", "100113210", "105116650", "99109910", "102109850", "110114321", "100108490", "100109360", "113119120", "97106000"], "labels": [3, 1, 0, 1, 3, 3, 2, 2, 3, 0, 3, 1, 1, 0, 2, 1, 3, 1, 2, 0, 2, 1, 3, 0, 0, 2, 0, 3, 1, 3, 0, 3, 1, 0, 2, 3, 2, 2, 1, 2, 0, 3, 0, 1, 1, 3, 3, 1, 3, 2, 0, 1, 3, 1, 2, 1, 0, 1, 1, 3, 1, 3, 0, 3, 0, 0, 3, 2, 3, 3, 0, 3, 0, 0, 0, 2, 0, 1, 1, 1, 3, 1, 0, 3, 2, 3, 2, 3, 3, 1, 0, 3, 1, 1, 0, 3, 3, 1, 3, 1, 0, 3, 1, 1, 2, 0, 1, 1, 3, 3, 0, 2, 2, 1, 1, 3, 3, 0, 2, 0, 1, 2, 3, 2, 1, 2, 3, 1, 3, 0, 0, 0, 3, 0, 1, 2, 1, 1, 2, 0, 3, 0], "predicted_labels": [1, 1, 3, 0, 1, 0, 1, 0, 1, 3, 2, 1, 2, 1, 1, 1, 0, 1, 3, 0, 3, 0, 1, 3, 3, 2, 3, 1, 2, 3, 1, 0, 0, 3, 1, 2, 1, 1, 0, 2, 3, 1, 3, 1, 0, 2, 3, 3, 1, 2, 1, 1, 0, 1, 1, 2, 3, 3, 3, 3, 0, 1, 0, 1, 3, 2, 1, 1, 1, 0, 1, 0, 3, 3, 0, 1, 1, 3, 0, 3, 0, 3, 1, 0, 1, 0, 3, 3, 1, 0, 1, 3, 1, 1, 1, 2, 2, 0, 3, 2, 0, 1, 2, 1, 1, 3, 3, 0, 1, 3, 2, 1, 1, 2, 1, 1, 1, 1, 1, 1, 1, 1, 3, 2, 3, 2, 3, 1, 0, 0, 1, 3, 1, 3, 1, 2, 3, 0, 0, 3, 3, 2], "confidence_scores": [[0.2505725778032975, 0.34776736202743375, 0.16408031481043506, 0.23757974535883372], [0.2081492233911444, 0.34699886007108083, 0.14653094405545086, 0.29832097248232403], [0.2677729375698545, 0.24718815427361668, 0.07413784135845403, 0.41090106679807475], [0.36748126901920664, 0.20260865261895136, 0.22634194104924116, 0.20356813731260096], [0.21884919950287138, 0.46860714185111785, 0.10978682185399403, 0.20275683679201675], [0.28302637074845166, 0.2637217215887849, 0.27957598809299394, 0.17367591956976952], [0.2333207336713398, 0.39415447663475645, 0.08743956996029274, 0.28508521973361106], [0.37122625682000593, 0.1725880112592434, 0.22488535674724544, 0.23130037517350543], [0.2225183079129748, 0.37425682762262275, 0.12000567917857724, 0.2832191852858254], [0.16357053060229212, 0.1981344126378908, 0.26118689901152836, 0.3771081577482889], [0.0627504587548694, 0.1113761878353114, 0.7321787219318515, 0.09369463147796786], [0.25357793004989515, 0.371617350730086, 0.10011909583756061, 0.2746856233824584], [0.07615749895084387, 0.12063949881858481, 0.6710038639793381, 0.13219913825123328], [0.20855584579648792, 0.3842896700758166, 0.07305288941994838, 0.3341015947077472], [0.17426062762491495, 0.3913456170967239, 0.08483501731215348, 0.34955873796620784], [0.25035226300812374, 0.4066187909663659, 0.1103483294061834, 0.23268061661932687], [0.5356018150542501, 0.1277069965861369, 0.05811286087463347, 0.2785783274849797], [0.23254691474257108, 0.38252080446408265, 0.11979769497816278, 0.26513458581518345], [0.22735913165151794, 0.21898493261429053, 0.10593741998476255, 0.447718515749429], [0.3503966734640574, 0.20247787750824534, 0.13358504017882963, 0.31354040884886764], [0.10988474758362711, 0.19603694824390433, 0.12064846112729777, 0.573429843045171], [0.31902775270087264, 0.2732170519276942, 0.14409988243077046, 0.26365531294066274], [0.26032689405535053, 0.3269451791111179, 0.15100556383739738, 0.26172236299613433], [0.15312074619342853, 0.27564692034731175, 0.057657727880449136, 0.5135746055788106], [0.2870706431905906, 0.14197658792713538, 0.10691287608583148, 0.4640398927964424], [0.07229532645780015, 0.12286212953657795, 0.6062170765534277, 0.1986254674521944], [0.2387691909014345, 0.28073678557456305, 0.07908479126920673, 0.4014092322547959], [0.12603348461504604, 0.4083592779723985, 0.11022498238979347, 0.35538225502276205], [0.2798196371447356, 0.217769713464673, 0.3864758421856126, 0.11593480720497863], [0.18183568091835184, 0.2990917709446511, 0.19763636425389994, 0.32143618388309714], [0.1817167933682962, 0.39877829936892184, 0.09707400571389696, 0.32243090154888504], [0.4249976684425926, 0.26580657815862924, 0.1055856501488679, 0.20361010324991036], [0.38464582324271046, 0.32258721714968563, 0.05664389801298668, 0.2361230615946172], [0.2623046182201477, 0.27801674317721925, 0.1510109230144894, 0.30866771558814377], [0.1963397596785367, 0.2908886998390206, 0.25187669517674494, 0.2608948453056978], [0.08394840461343704, 0.17890348914063364, 0.49448950900395944, 0.24265859724196998], [0.15619366669695423, 0.39960566137117026, 0.2504900677945045, 0.193710604137371], [0.26244228093367905, 0.3207360121571593, 0.1348706502375769, 0.2819510566715848], [0.4741339572557725, 0.1770675570274698, 0.23420935006580582, 0.1145891356509518], [0.19445393572987724, 0.2612228036892324, 0.2849932741577485, 0.259329986423142], [0.2164905703466989, 0.291155305465373, 0.08137697014662809, 0.4109771540413001], [0.23279798679382388, 0.4850769911830065, 0.07440726101485923, 0.20771776100831055], [0.16950164738479714, 0.17751068170157303, 0.20670578069104567, 0.4462818902225842], [0.2113844120594359, 0.39197911638034194, 0.19257887120533768, 0.2040576003548845], [0.3329183020197216, 0.28018993190271496, 0.10756556219467926, 0.2793262038828842], [0.25194912636607136, 0.21827553483601292, 0.4277506820164456, 0.10202465678147016], [0.13424104852867932, 0.23034010147291034, 0.1968941990141616, 0.43852465098424875], [0.2725503803238432, 0.22490469449660094, 0.14876716331926695, 0.35377776186028903], [0.2940276599468426, 0.3160586219105775, 0.1713830045256851, 0.21853071361689475], [0.2549547890573771, 0.24954430741487588, 0.3084283190454424, 0.18707258448230463], [0.19285491926581527, 0.3152311767682473, 0.2757252430155324, 0.21618866095040498], [0.17076089840812292, 0.5042244268197836, 0.07047421196930762, 0.25454046280278586], [0.420683767514512, 0.2947693104389876, 0.16634255585782826, 0.11820436618867225], [0.27474012109611534, 0.43853546057816717, 0.14639488004249504, 0.14032953828322267], [0.15845044023916388, 0.4846661937255004, 0.16496896454781018, 0.1919144014875255], [0.0978772203556218, 0.24576154746923995, 0.32833659603539805, 0.32802463613974014], [0.10168928802454552, 0.21579019226156515, 0.07266696255657085, 0.6098535571573185], [0.15857410793928384, 0.36079829576338257, 0.11144539545451715, 0.3691822008428165], [0.2574267066238061, 0.2182988884831117, 0.13928927937003652, 0.38498512552304565], [0.21337459594031774, 0.2007012940057585, 0.06622764360850898, 0.5196964664454149], [0.3752478724960115, 0.2660765879747707, 0.0780092371122977, 0.28066630241692025], [0.19762829825511813, 0.3583466098976169, 0.10300927595922652, 0.3410158158880384], [0.314026953787005, 0.30287373758954733, 0.08942827543126097, 0.2936710331921868], [0.2511142614901741, 0.4539994061904735, 0.1435356071768096, 0.15135072514254283], [0.08978136678225072, 0.10661107132581182, 0.037194468731819974, 0.7664130931601176], [0.10967093890441469, 0.31033326897692415, 0.4554822807707248, 0.1245135113479365], [0.35688101434635927, 0.35774339526617066, 0.08379873199235527, 0.2015768583951149], [0.1412104281575501, 0.49024845389048527, 0.19360811468944006, 0.17493300326252445], [0.23061324831413257, 0.34441891925122936, 0.17001319481650795, 0.25495463761813014], [0.2827891637765212, 0.2698850956088628, 0.2584547226670109, 0.1888710179476051], [0.23572488888380794, 0.34811789373466495, 0.20167877201032142, 0.2144784453712057], [0.4537812830333419, 0.21867133373055103, 0.11059453184789775, 0.21695285138820927], [0.29330410526192113, 0.2090378108810751, 0.06572524329970879, 0.43193284055729486], [0.23308495644229074, 0.14435521026793882, 0.14570132191012297, 0.4768585113796474], [0.6643267112772702, 0.11420309741171321, 0.059734557011759996, 0.16173563429925666], [0.2875606808989926, 0.3953600500962427, 0.12413204903502943, 0.19294721996973535], [0.18089217857776038, 0.47953385821299943, 0.09401601464486749, 0.24555794856437285], [0.32315154515277, 0.19470458791708392, 0.12488081842977226, 0.357263048500374], [0.44968939148561277, 0.15240259486018062, 0.15179984605443922, 0.24610816759976742], [0.29005439298964386, 0.15792674541159094, 0.20893147671178322, 0.34308738488698204], [0.3161545744784365, 0.27325867608497595, 0.12821978393623162, 0.28236696550035617], [0.15589902289661053, 0.2564203575825676, 0.20751058658622853, 0.3801700329345935], [0.12641041371130915, 0.4929663223687742, 0.18665618155133906, 0.1939670823685776], [0.2869625812338923, 0.2364818588823917, 0.21731050464550022, 0.25924505523821584], [0.15501507722692423, 0.43771053302455143, 0.27175437606341707, 0.13552001368510724], [0.6634240819214577, 0.08199097908972096, 0.03826216555479928, 0.21632277343402198], [0.1285229138745975, 0.16701324772779805, 0.2861112149911487, 0.4183526234064558], [0.26103741639151495, 0.17100834839077386, 0.21104401063693556, 0.3569102245807756], [0.2614620474830544, 0.31874920680519075, 0.13354666141253183, 0.286242084299223], [0.6341689859121589, 0.16194820368340115, 0.03356744307075413, 0.17031536733368582], [0.16448326921705433, 0.4988748996814269, 0.10963485013041635, 0.22700698097110245], [0.17112376096940754, 0.2067008302879832, 0.11991134981363553, 0.5022640589289739], [0.12466401840245096, 0.4737432466850385, 0.08244408977364466, 0.3191486451388659], [0.17727514029934685, 0.4642125701735933, 0.18275690389305196, 0.1757553856340079], [0.2783372863603325, 0.4347013218428697, 0.08719462526876165, 0.1997667665280362], [0.1617539997955801, 0.19726084204800007, 0.48692473226181016, 0.15406042589460966], [0.0950391132760006, 0.3114477500389714, 0.3758657113926624, 0.21764742529236553], [0.37391472449555485, 0.2270459949916875, 0.09482212666831054, 0.30421715384444714], [0.25856980043639255, 0.31586949770282746, 0.08753065386395766, 0.33803004799682246], [0.1691022850241681, 0.18008065873176493, 0.4330216480299337, 0.21779540821413343], [0.3607925379413932, 0.25232367918490944, 0.23343323889301104, 0.15345054398068628], [0.1760768345002936, 0.48977881729444, 0.15343824352710214, 0.18070610467816436], [0.16503379341876842, 0.27366729494500464, 0.41866574256802447, 0.14263316906820264], [0.3218134946807827, 0.36788704325722954, 0.160852736364256, 0.14944672569773187], [0.20755582572962736, 0.319918176362054, 0.20158737671307858, 0.27093862119524], [0.13596108127258166, 0.13233301263265546, 0.058351655516584035, 0.6733542505781788], [0.2020698682165281, 0.28412804822842774, 0.10267702487915563, 0.41112505867588867], [0.42092384856063353, 0.2147787922693885, 0.11279913811631011, 0.251498221053668], [0.29236064485280927, 0.4059617374039586, 0.13004549162860074, 0.17163212611463136], [0.07348379768937838, 0.07310553382004091, 0.024934241092515918, 0.8284764273980646], [0.16107961973013285, 0.15569194760149038, 0.46888737645923234, 0.21434105620914445], [0.2069708801957991, 0.4120900158182207, 0.18647782928712325, 0.19446127469885688], [0.1860176002124365, 0.3510771857367639, 0.24747739790561463, 0.21542781614518508], [0.14388817894311104, 0.28518329947944604, 0.37643617300984666, 0.19449234856759615], [0.23837881205439612, 0.3748782376655654, 0.14750584147205506, 0.23923710880798343], [0.16615507764675266, 0.4113740821598701, 0.15854347801774674, 0.26392736217563045], [0.2284413679804913, 0.26831966923340894, 0.24371256370041217, 0.2595263990856876], [0.28276762853613874, 0.29510999332779725, 0.1721081579078805, 0.2500142202281836], [0.2626510737236829, 0.3084971495408889, 0.21002958279663841, 0.2188221939387898], [0.2796151969847098, 0.2964970047284101, 0.1666906211571521, 0.25719717712972784], [0.23474417293375824, 0.35200750676180537, 0.16890941087371383, 0.24433890943072267], [0.3046657047396573, 0.42288052742128546, 0.14024383982456318, 0.13220992801449416], [0.23919612342961685, 0.1278198335453946, 0.2957249449971165, 0.33725909802787196], [0.30979489327151566, 0.22130649848230746, 0.33391194260156276, 0.1349866656446141], [0.21810567473327763, 0.26626128347394856, 0.09039771363215994, 0.4252353281606138], [0.1617529254595537, 0.21654276518950455, 0.5243479976569053, 0.09735631169403652], [0.10454803882179968, 0.1747479390012881, 0.0787639890198093, 0.6419400331571029], [0.24529408487593, 0.36718064641937265, 0.10755484514842804, 0.27997042355626933], [0.3951510498371503, 0.29302507629016905, 0.10990370855802084, 0.20192016531465984], [0.32477826993827197, 0.250580287997545, 0.28925812237438225, 0.13538331968980086], [0.1880554192105642, 0.5028693014055207, 0.0801279066032879, 0.2289473727806273], [0.10956493369582149, 0.1187659923649024, 0.13123012410011495, 0.6404389498391612], [0.2583910199349511, 0.30791282842580636, 0.2210830431159813, 0.21261310852326132], [0.21932549817514496, 0.150151336174968, 0.23865781873264785, 0.3918653469172393], [0.14895188937784143, 0.32659220129641336, 0.21329644090516733, 0.31115946842057784], [0.08901311912645483, 0.12973881329409648, 0.6270144045036354, 0.15423366307581343], [0.1098673150763484, 0.181829089671031, 0.18171357621576747, 0.526590019036853], [0.36973200478950546, 0.2861531354249852, 0.11999669854399186, 0.2241181612415174], [0.5657468213862472, 0.11896147401544342, 0.19890363158562208, 0.11638807301268733], [0.23814497313804345, 0.22262478720896647, 0.2197325308706223, 0.3194977087823679], [0.18990362972569794, 0.18568288567828278, 0.21005938360514534, 0.41435410099087405], [0.06695410524124909, 0.07563025643632053, 0.7705686280290059, 0.08684701029342454]]}, "rewritten": {"ids": ["97105451", "97106000", "97116410", "97116500", "97116790", "98106111", "98107380", "98108580", "98109230", "98110810", "98112580", "98116940", "98120530", "98121790", "99107300", "99108000", "99108520", "99108890", "99109311", "99109740", "99109840", "99109860", "99109910", "99110050", "99110730", "99112531", "99112641", "99112840", "99117630", "100107920", "100108490", "100108990", "100109330", "100109360", "100111270", "100113210", "100120780", "101108460", "101108500", "101108580", "101117580", "102109850", "102110240", "102111990", "102112250", "102112301", "102113350", "102121700", "103110050", "103110840", "103111540", "103113260", "103118110", "103120531", "104110960", "104111380", "104111531", "104111711", "104111780", "104113000", "104113170", "104119290", "105113210", "105115900", "105116650", "105116860", "105117431", "105120280", "105120621", "106111321", "106113260", "106114880", "106115240", "106116640", "106117770", "106117790", "106118301", "106121190", "107112840", "107113180", "107116980", "107117010", "108114200", "108114220", "108114270", "108115070", "108115250", "108115500", "108115870", "108118520", "108118810", "108119510", "108120700", "108121160", "108121190", "108121351", "109114651", "109115211", "109117110", "109120540", "109121410", "110113591", "110114321", "110115120", "110115980", "110116170", "110117080", "110118161", "110118450", "110120531", "110120560", "110121170", "111114321", "111116090", "111116170", "111116750", "111117480", "111118810", "111119300", "111120260", "111120280", "111121220", "112116640", "112117030", "112117571", "112118701", "112118860", "112119120", "112119610", "112120630", "112121360", "112121430", "113117340", "113118231", "113118490", "113119120", "113119700", "113119950", "113120830", "113121220", "113122170", "113122220"], "labels": [0, 0, 3, 2, 2, 0, 1, 0, 1, 1, 2, 2, 1, 2, 3, 2, 2, 0, 1, 3, 2, 2, 2, 3, 3, 3, 1, 2, 3, 0, 2, 2, 0, 0, 2, 0, 1, 0, 3, 0, 3, 1, 3, 2, 0, 1, 3, 1, 3, 1, 1, 3, 2, 3, 2, 3, 0, 1, 3, 1, 3, 1, 3, 3, 1, 2, 1, 3, 1, 0, 3, 0, 1, 3, 0, 1, 1, 2, 1, 3, 3, 1, 0, 3, 3, 1, 1, 3, 3, 0, 1, 1, 2, 2, 1, 3, 3, 0, 1, 1, 0, 0, 1, 0, 1, 0, 1, 0, 0, 0, 0, 2, 1, 3, 0, 3, 1, 0, 1, 3, 0, 3, 0, 2, 3, 0, 3, 1, 0, 3, 3, 2, 2, 3, 1, 3, 0, 0, 3, 3, 1, 1], "predicted_labels": [3, 3, 1, 2, 3, 1, 3, 1, 2, 2, 2, 1, 3, 1, 3, 2, 1, 1, 1, 1, 1, 1, 2, 1, 2, 1, 3, 3, 3, 2, 0, 2, 3, 3, 1, 1, 0, 0, 2, 0, 1, 2, 0, 1, 3, 1, 1, 2, 0, 1, 0, 1, 2, 1, 0, 1, 3, 1, 0, 0, 0, 1, 2, 0, 3, 0, 3, 2, 0, 1, 1, 1, 3, 3, 2, 2, 3, 1, 1, 3, 3, 2, 0, 1, 3, 0, 1, 0, 3, 2, 1, 1, 0, 1, 1, 3, 0, 1, 3, 2, 2, 1, 0, 1, 1, 1, 2, 1, 3, 0, 3, 3, 1, 0, 1, 3, 2, 0, 3, 0, 3, 1, 2, 3, 3, 1, 3, 3, 3, 0, 1, 3, 1, 3, 3, 3, 1, 3, 2, 3, 1, 0], "confidence_scores": [[0.209798420247058, 0.23040058454987244, 0.07126310288143038, 0.48853789232163936], [0.22163187172676108, 0.23773870586829055, 0.19092790897517414, 0.34970151342977424], [0.295934678150923, 0.33672236697088104, 0.17781012970947524, 0.18953282516872086], [0.26112292515185914, 0.16513435473522972, 0.3297010038342217, 0.24404171627868945], [0.11767316770059887, 0.26278737342146996, 0.0827815476258543, 0.5367579112520768], [0.1606127034903311, 0.407226972689043, 0.06495024395229831, 0.36721007986832765], [0.20016171836966268, 0.2300344704385284, 0.2399349937805035, 0.32986881741130536], [0.15531923370731085, 0.44915322383045864, 0.07186718556853323, 0.3236603568936974], [0.14681031661991598, 0.24198908552076476, 0.3315606746294615, 0.279639923229858], [0.1893677076073712, 0.11401202263189338, 0.6098658547667009, 0.0867544149940345], [0.11472811448281196, 0.26290487110922983, 0.4193928084943286, 0.2029742059136298], [0.12074001236369912, 0.5360729904841681, 0.19154671392978917, 0.15164028322234352], [0.18914712464055405, 0.12212012379652099, 0.08732629470843038, 0.6014064568544948], [0.13903626830072968, 0.39152884653026926, 0.30916555813731955, 0.16026932703168154], [0.277029884859947, 0.12653742453286698, 0.16508235994980736, 0.43135033065737877], [0.15608970979783024, 0.16857667060941814, 0.4704113697056729, 0.20492224988707877], [0.22305966167636318, 0.36119636211120504, 0.24064207647272876, 0.1751018997397031], [0.1678325910850368, 0.4968750682605469, 0.10919535875040447, 0.22609698190401165], [0.3142719575682231, 0.3463659765890499, 0.10348862007588365, 0.2358734457668434], [0.26640058968734276, 0.4787795486839206, 0.05957700813282782, 0.19524285349590878], [0.18914457748923882, 0.3148880486680288, 0.24449348440133734, 0.2514738894413952], [0.1372464757126669, 0.36766573384954065, 0.3038388340898745, 0.19124895634791791], [0.16555561235406088, 0.22438140987224175, 0.397771049189985, 0.2122919285837123], [0.21379187664314983, 0.41739469851321515, 0.21643661244920945, 0.15237681239442563], [0.06586215154567261, 0.2527524546677539, 0.5255247430320045, 0.1558606507545689], [0.31534863709196115, 0.3634504746202002, 0.08906632725985662, 0.2321345610279821], [0.1764968234549587, 0.3361548561347352, 0.08038302460113525, 0.4069652958091709], [0.11593815932885763, 0.35498224135234846, 0.12958183631708695, 0.3994977630017071], [0.28543779485426013, 0.1781379632549078, 0.20028413451651, 0.33614010737432215], [0.2276696182299155, 0.20417786337862162, 0.2858693113968682, 0.28228320699459486], [0.3178958846596871, 0.16788188365282627, 0.30419270196220866, 0.21002952972527814], [0.08490714394006303, 0.2465926408358983, 0.41353677490473545, 0.2549634403193032], [0.191222044600029, 0.24462087394090418, 0.07926682503006453, 0.48489025642900235], [0.25115500485138453, 0.14940046029049897, 0.13821536477744512, 0.4612291700806714], [0.11247556457949434, 0.4157437528900332, 0.17985939969860873, 0.29192128283186375], [0.1455071385013995, 0.4187894995398237, 0.18499237028853668, 0.25071099167024025], [0.4403067467462019, 0.19084154758218758, 0.15213472818245552, 0.216716977489155], [0.6687160968339418, 0.09433899021305599, 0.05636952812446095, 0.18057538482854135], [0.1645369742874144, 0.24955590672707026, 0.3961634106008789, 0.18974370838463636], [0.42383977203967915, 0.3260084106201993, 0.11794064173063384, 0.13221117560948772], [0.1889995544139419, 0.32806710560021524, 0.17488001437841982, 0.30805332560742305], [0.07957633026015873, 0.1099099478383044, 0.4283646095647399, 0.382149112336797], [0.5284075036247731, 0.17265665891678272, 0.21209150240877228, 0.08684433504967186], [0.2069708801957991, 0.4120900158182207, 0.18647782928712325, 0.19446127469885688], [0.25832358632277164, 0.2857048244621965, 0.11606860959528147, 0.3399029796197504], [0.2252537739310858, 0.36801405518886454, 0.08893598971937788, 0.3177961811606718], [0.1347705935451418, 0.3534214273409209, 0.23513816304376137, 0.27666981607017604], [0.25646317113178785, 0.20381315393431326, 0.4401831503240547, 0.09954052460984454], [0.34532214176894926, 0.30994458680591913, 0.19664958977128438, 0.14808368165384728], [0.22681078809278407, 0.2787826975289601, 0.22464126494768988, 0.26976524943056596], [0.6032428828145852, 0.158223198566687, 0.08497547480720548, 0.15355844381152242], [0.16577803042742645, 0.4611314594936746, 0.14446357964326298, 0.22862693043563592], [0.1814103204867923, 0.33376236997394165, 0.3473011455159364, 0.13752616402332973], [0.16144663361004147, 0.4100325053350309, 0.14040632376483123, 0.28811453729009645], [0.2661382667427814, 0.2631200433014912, 0.22992490139971297, 0.24081678855601454], [0.13114298680807762, 0.40543945316542696, 0.1901698893346827, 0.2732476706918128], [0.2711993927989606, 0.22455615606709062, 0.11582081816704529, 0.38842363296690346], [0.3062574888297933, 0.49812469408194776, 0.0554421782999618, 0.14017563878829697], [0.34494146454278984, 0.3221549884173778, 0.12225293114590893, 0.21065061589392348], [0.3157211468373799, 0.2680703893889747, 0.10208990142846756, 0.3141185623451778], [0.39450122442206126, 0.389327821865871, 0.09680697253857558, 0.11936398117349206], [0.18419741633206163, 0.45547284490838746, 0.05987984975721643, 0.30044988900233455], [0.23010289993144392, 0.12583073570937728, 0.39559659875917935, 0.24846976559999945], [0.3641905836055177, 0.33501093850577773, 0.10584655125003066, 0.194951926638674], [0.05085618156622936, 0.14926897281495666, 0.16802716627289957, 0.6318476793459145], [0.36383542145525305, 0.2103835585949958, 0.23359903916931932, 0.19218198078043205], [0.2250141874766912, 0.31667739616034596, 0.126541666807061, 0.33176674955590196], [0.2727763596873757, 0.2621301896322326, 0.2852698959470824, 0.17982355473330933], [0.45147235367905936, 0.23732843679213944, 0.05609722909247128, 0.25510198043633003], [0.2755386931333297, 0.3074452323087955, 0.15746362226920407, 0.259552452288671], [0.10283180651239725, 0.5050776158549589, 0.1987717957027181, 0.19331878192992566], [0.2533200622230802, 0.43231046300007986, 0.09212058533117537, 0.22224888944566448], [0.2573469382228941, 0.27525789850443494, 0.1451794658286694, 0.3222156974440015], [0.09764070173174304, 0.23015436938052228, 0.3207342495420781, 0.35147067934565657], [0.25037884976461977, 0.2224833181748079, 0.270982802227633, 0.25615502983293953], [0.13721210486412963, 0.3199389007279257, 0.3884509717452259, 0.15439802266271896], [0.33197036217602865, 0.18125837116325993, 0.07140671669325441, 0.4153645499674569], [0.11465468467659327, 0.3234809023737298, 0.311211939526659, 0.25065247342301794], [0.20883209252799143, 0.33167326853481516, 0.16692058326914314, 0.29257405566805045], [0.20561041056913096, 0.30488538695811646, 0.14373460189258605, 0.3457696005801664], [0.2051258422554012, 0.25945674293631693, 0.11141174122448813, 0.42400567358379376], [0.17103846528628014, 0.19631077798051313, 0.35243611142019843, 0.2802146453130084], [0.32297330196699425, 0.21239486799213908, 0.1711665466027044, 0.2934652834381622], [0.22947272433986324, 0.3664528516348628, 0.16350282108009961, 0.24057160294517457], [0.22386257357721295, 0.30821714377871184, 0.12016275240773325, 0.3477575302363419], [0.4408331205685475, 0.20177217000040193, 0.21072516074511305, 0.14666954868593748], [0.143253894950152, 0.47747641807908214, 0.1475797998350589, 0.231689887135707], [0.36678026342907655, 0.31105902408518693, 0.1218637538621793, 0.2002969586235572], [0.3176661772280148, 0.22052769017549534, 0.0956080474093294, 0.36619808518716057], [0.2333785011776743, 0.24213947810774641, 0.2855458274520205, 0.23893619326255883], [0.28050189582919177, 0.3446704894893028, 0.1220056011330355, 0.2528220135484701], [0.20536226949724914, 0.48714889065290473, 0.13674018910570462, 0.17074865074414153], [0.3021927652035972, 0.29069187310985845, 0.1845789089853705, 0.22253645270117367], [0.19812257731371963, 0.46187937707258914, 0.09853540774080921, 0.24146263787288205], [0.18755073696472413, 0.3604623807387485, 0.20000806525037323, 0.2519788170461542], [0.13947946464373975, 0.18974449153193335, 0.04749493056615212, 0.6232811132581748], [0.30831753650958615, 0.25941257366875337, 0.12609930633904604, 0.30617058348261444], [0.18996368715845113, 0.43699312534657725, 0.08792648002992245, 0.2851167074650492], [0.30032399610468063, 0.20316643856258274, 0.09915786622199921, 0.39735169911073737], [0.13478068439725785, 0.31595976720929214, 0.376730495429882, 0.17252905296356807], [0.10665630452863219, 0.2852833570356098, 0.47752192957336925, 0.1305384088623888], [0.29047797437861445, 0.3081617163973761, 0.10711307090530005, 0.2942472383187093], [0.38136651319509696, 0.29526512671224536, 0.1031526136531908, 0.22021574643946693], [0.16050963903265383, 0.4375894992963554, 0.14020809792220107, 0.2616927637487899], [0.1614990068097001, 0.4470300722410799, 0.10274849087395838, 0.28872243007526166], [0.15004646268330818, 0.3982843035934406, 0.20636364787850323, 0.24530558584474796], [0.1677615438520906, 0.1827880630974684, 0.490689770001738, 0.15876062304870323], [0.13335543379690457, 0.481137128032461, 0.0871515627634639, 0.29835587540717057], [0.17901979911479532, 0.31370557991266595, 0.15760493161912506, 0.3496696893534135], [0.38182311879313713, 0.3666647905305025, 0.09506983044152262, 0.15644226023483776], [0.2329448314678433, 0.1343051823821283, 0.2451181203815181, 0.38763186576851044], [0.08196117630560099, 0.17404655046757164, 0.04411900353201394, 0.6998732696948134], [0.2021237612494516, 0.42364951657827005, 0.09196199489215347, 0.282264727280125], [0.4200835281422618, 0.25634196919335717, 0.08788631385829918, 0.235688188806082], [0.19199353345874112, 0.3667596974771349, 0.15023522447205417, 0.2910115445920701], [0.3007766021174493, 0.13701444495268808, 0.09840378148767213, 0.4638051714421906], [0.12278360438669116, 0.32913758050810193, 0.33771743547722366, 0.21036137962798324], [0.6669582221121771, 0.10183177140732151, 0.04916854454362289, 0.18204146193687834], [0.2196414573060771, 0.2880773595834804, 0.15411943255587826, 0.3381617505545644], [0.46368230488781487, 0.2037165618258782, 0.11261724134722098, 0.21998389193908585], [0.34127909643867493, 0.19267769897974235, 0.09868141865635961, 0.36736178592522334], [0.30782431188063575, 0.3959106380057935, 0.08876758542443042, 0.20749746468914046], [0.16954932383534338, 0.2508890469100255, 0.3915565504243092, 0.18800507883032203], [0.23295367554272023, 0.20116935702853797, 0.21769365938473353, 0.3481833080440082], [0.214963592342274, 0.3093523760360216, 0.11455299685313, 0.3611310347685745], [0.17185344332035643, 0.3974866948551362, 0.06512877140005957, 0.3655310904244478], [0.29153991769793003, 0.24935502429049133, 0.1369781716284605, 0.3221268863831182], [0.24204274072127918, 0.24913089062817503, 0.1612784623703884, 0.34754790628015747], [0.17112343791301582, 0.30603199782843493, 0.13758383825646028, 0.38526072600208905], [0.3777894932643401, 0.18484050208745123, 0.19374032607494224, 0.24362967857326667], [0.28385851677027507, 0.33551217148766216, 0.09516998226599893, 0.2854593294760638], [0.10980859856831833, 0.27992006068327435, 0.08100460446972783, 0.5292667362786794], [0.19973080598740484, 0.32687473554580937, 0.1931696979819758, 0.28022476048481004], [0.17042260014780305, 0.3143902506802077, 0.12083429871643743, 0.39435285045555185], [0.3369098745610219, 0.22479850363972162, 0.09977053082729909, 0.3385210909719573], [0.12994720896315992, 0.2510860563685762, 0.10041536394176039, 0.5185513707265034], [0.28683306378588574, 0.31203733379605725, 0.20085637952647997, 0.200273222891577], [0.13212003924198026, 0.2627638380709019, 0.07870102194274045, 0.5264151007443773], [0.0660386706892617, 0.07503382919431723, 0.7929132596578621, 0.06601424045855901], [0.18322738118844842, 0.20289413919973454, 0.11472534129284014, 0.49915313831897706], [0.23733355482778015, 0.3286945342723455, 0.17109814779413213, 0.262873763105742], [0.41219567555830494, 0.2542760673636399, 0.09115625658063274, 0.24237200049742247]]}}