{"test": {"ids": ["111120540", "101108121", "107115250", "104113170", "110116501", "109113881", "107117010", "100115700", "105112240", "102113350", "109116040", "97108520", "107116300", "112118820", "110118880", "109116810", "108117451", "113121010", "111119290", "110115580", "111119930", "110115120", "110119030", "107113260", "99110050", "99107660", "99107630", "97112830", "112118471", "109117431", "107118780", "104119340", "102111990", "112119120", "106114011", "98111231", "108115250", "107113130", "110116441", "99112531", "107121230", "101111990", "104119290", "110114720", "98116940", "102107961", "106111321", "102113210", "99116500", "98106680", "109118820", "105118171", "98117740", "100117420", "113117401", "108117360", "99107560", "110118111", "97111790", "112116290", "113122170", "104111620", "113117550", "98108150", "104111990", "100112060", "99109370", "98106880", "109114270", "108114670", "112116401", "113119930", "113121750", "112121410", "98107380", "111119250", "103113101", "99111000", "103110220", "102110890", "99107300", "111116990", "110114610", "99107640", "111117000", "107114110", "100109910", "110121140", "112117030", "108118060", "98107010", "110113931", "111115910", "111116090", "102113981", "105116090", "99108710", "103118110", "102109010", "109116750", "111118820", "97116410", "102109840", "104112201", "98111670", "106114280", "104111880", "112117780", "107119950", "113118620", "99119830", "111117120", "100108490", "99108080", "100120780", "100111270", "113118630", "111117571", "104117630", "113120531", "99108580", "110116170", "103110760", "102110690", "97107040", "112118550", "101112201", "110114561", "113118870", "112119320", "111117200", "101119591", "106117790", "112121010", "101108950", "109113931", "99108520", "99111930", "107118490", "111119950", "106119260", "106115240"], "labels": [1, 0, 2, 3, 3, 0, 1, 1, 1, 3, 0, 2, 0, 0, 0, 3, 2, 2, 3, 1, 1, 0, 0, 0, 3, 3, 2, 2, 1, 1, 1, 1, 2, 1, 1, 1, 1, 1, 3, 3, 0, 2, 1, 3, 2, 3, 0, 3, 2, 1, 3, 3, 2, 2, 3, 1, 1, 1, 2, 0, 1, 0, 3, 0, 2, 2, 1, 0, 3, 3, 0, 1, 0, 0, 1, 1, 3, 2, 2, 0, 3, 0, 1, 1, 0, 1, 2, 3, 2, 1, 3, 1, 2, 3, 1, 1, 2, 2, 1, 0, 0, 3, 2, 0, 1, 3, 3, 0, 3, 3, 1, 2, 2, 3, 1, 2, 3, 3, 0, 0, 0, 0, 1, 0, 2, 3, 0, 0, 0, 1, 0, 0, 1, 2, 2, 1, 2, 1, 2, 0, 1, 1], "predicted_labels": [1, 1, 3, 1, 3, 1, 3, 3, 3, 1, 3, 0, 3, 3, 3, 3, 3, 3, 3, 0, 3, 3, 0, 1, 1, 0, 3, 3, 1, 1, 3, 3, 0, 3, 1, 0, 3, 1, 1, 3, 3, 3, 1, 1, 1, 3, 3, 3, 1, 1, 3, 3, 3, 3, 3, 3, 1, 3, 3, 1, 3, 3, 3, 3, 1, 0, 3, 3, 3, 1, 0, 0, 1, 1, 3, 3, 1, 1, 3, 3, 1, 3, 1, 3, 3, 3, 2, 3, 3, 0, 3, 1, 3, 3, 1, 3, 3, 3, 1, 1, 0, 3, 1, 3, 1, 3, 3, 0, 1, 1, 3, 1, 3, 3, 3, 1, 3, 3, 3, 1, 1, 3, 0, 1, 3, 3, 1, 1, 3, 3, 3, 3, 1, 3, 1, 3, 1, 1, 1, 3, 0, 1], "confidence_scores": [[0.19640600510600514, 0.34095139305139316, 0.18073376068376082, 0.2819088411588414], [0.25137424242424244, 0.309049184149184, 0.17750629925629935, 0.2620702741702743], [0.2085164502164502, 0.26007582972582977, 0.26401082251082253, 0.2673968975468977], [0.21987781662781672, 0.31103079698079694, 0.20767703962703962, 0.26141434676434694], [0.2812475024975024, 0.21539300144300141, 0.1769644522144523, 0.32639504384504386], [0.23041126096126113, 0.3085762987012986, 0.19808157953157965, 0.2629308608058609], [0.21032263847263843, 0.24766818181818195, 0.23550974025974028, 0.30649943944943947], [0.24207202797202806, 0.2653861971361972, 0.2059926406926408, 0.28654913419913425], [0.23777992562992556, 0.28135879120879137, 0.18453025308025317, 0.29633103008102996], [0.2010977744477744, 0.29956474081474077, 0.23157310467310477, 0.2677643800643801], [0.179486507936508, 0.2663141167655875, 0.24302581307581314, 0.3111735622220915], [0.2777696747696749, 0.24449112831612846, 0.22669286269286276, 0.2510463342213341], [0.23260981240981246, 0.24837828282828292, 0.21169461845344198, 0.3073172863084629], [0.24795616866793338, 0.30662172990408293, 0.11885042735042739, 0.3265716740775566], [0.24931669996669997, 0.3088635420135421, 0.11959264069264078, 0.3222271173271174], [0.2732107947607949, 0.2800861027861028, 0.16260663780663784, 0.28409646464646465], [0.2597397380397382, 0.23250865245865257, 0.1467722222222223, 0.36097938727938716], [0.19964624819624815, 0.3088674880674882, 0.16372127872127876, 0.32776498501498486], [0.14402329892329901, 0.30812362082362105, 0.22744012099012098, 0.3204129592629593], [0.2894322455322454, 0.22886659729159733, 0.2415912587412589, 0.24010989843489852], [0.26144792984792997, 0.2576461843711846, 0.2094455322455323, 0.27146035353535364], [0.23046116106116107, 0.28012681762681757, 0.14765932955932964, 0.34175269175269163], [0.3059246531246531, 0.2296796925296926, 0.19269135864135875, 0.2717042957042958], [0.25516621711621706, 0.29240666555666556, 0.1804136902313374, 0.27201342709578025], [0.17294865657218608, 0.29834956938486346, 0.23809622599622604, 0.29060554804672456], [0.270060874419698, 0.23326425600543257, 0.24665881895881886, 0.2500160506160508], [0.26949265179265186, 0.2186485403485405, 0.1481395937395938, 0.36371921411921393], [0.2573292929292931, 0.23282138417138432, 0.19895718725718736, 0.31089213564213564], [0.22650571977042583, 0.30769838168367597, 0.1603175824175825, 0.30547831612831616], [0.21220428656311008, 0.33465861164978794, 0.18712931512931508, 0.2660077866577866], [0.2731001738028055, 0.26469570984571, 0.15720065314802156, 0.3050034632034633], [0.2447340270840271, 0.24835970695970708, 0.1325957320457321, 0.37431053391053387], [0.2983061272061272, 0.24371329781329784, 0.1598543845043846, 0.29812619047619043], [0.23671302586302598, 0.23168881673881675, 0.17422897657897665, 0.35736918081918095], [0.27367570762570764, 0.31052943722943716, 0.20351502386502401, 0.21227983127983144], [0.29004054834054854, 0.2526749666999668, 0.1822399100899101, 0.275044574869575], [0.23693576978576988, 0.25493966033966053, 0.2504292318792319, 0.25769533799533806], [0.22100293595293602, 0.286634792984793, 0.23173899433899448, 0.26062327672327684], [0.23147943167943186, 0.3074270285270286, 0.2085345210345212, 0.2525590187590187], [0.25349242424242435, 0.26901080031080027, 0.17779991119991134, 0.2996968642468643], [0.17782740592740595, 0.2787002941502941, 0.212732067932068, 0.33074023199023217], [0.256468204018204, 0.24213493173493175, 0.15928179598179598, 0.34211506826506816], [0.16593824508824517, 0.3174027944277945, 0.2500624125874126, 0.26659654789654796], [0.23049873737373763, 0.2954580530580531, 0.25964022921522933, 0.21440298035298058], [0.22136657786657798, 0.3471001831501832, 0.19916486846486856, 0.2323683705183706], [0.2273723165723166, 0.2653730241980242, 0.2123350399600399, 0.29491961926961935], [0.27988987678987687, 0.251004995004995, 0.17791219891219892, 0.29119292929292934], [0.29439541569541594, 0.23606545676545687, 0.15225774225774233, 0.31728138528138516], [0.18134814629814636, 0.3101020701520701, 0.21427629037629053, 0.2942734931734933], [0.24182007992007998, 0.3085764346764348, 0.21302647907647912, 0.23657700632700635], [0.22557074314574327, 0.2732920385170385, 0.21550492285492284, 0.28563229548229535], [0.23171443001443004, 0.2891882728382727, 0.1316454267954268, 0.34745187035187025], [0.22553296703296727, 0.2527079753579754, 0.22373635253635257, 0.2980227050727051], [0.21005623265623277, 0.2780091408591408, 0.2322911033411034, 0.2796435231435232], [0.25354594621065213, 0.2777469553322494, 0.17634147519147525, 0.2923656232656234], [0.17146179931179945, 0.24906555111555131, 0.24576547896547904, 0.3337071706071707], [0.2247116994116994, 0.31118776778776785, 0.17360566655566656, 0.2904948662448662], [0.24769803366568072, 0.2887699578199578, 0.15232183535418842, 0.31121017316017335], [0.25211693306693317, 0.20076814851814853, 0.21806396936396935, 0.3290509490509491], [0.24883124930624934, 0.30582654567654577, 0.18962414529914529, 0.25571805971805983], [0.2026540126540128, 0.2789838383838385, 0.18918616938616936, 0.3291759795759798], [0.2990803751803753, 0.22141596736596747, 0.1441153318903319, 0.33538832556332554], [0.2406196830946832, 0.25769705017205025, 0.1341807914307914, 0.36750247530247515], [0.2425781052281053, 0.27725350760350753, 0.1793476911976912, 0.30082069597069583], [0.2653769952269954, 0.3326806915306917, 0.1411126984126985, 0.260829614829615], [0.25598552281052295, 0.25538553391053403, 0.23349206349206347, 0.25513687978687993], [0.2357966866466867, 0.265245115995116, 0.18756645021645024, 0.31139174714174717], [0.23293219003219004, 0.2301226606726607, 0.250709768009768, 0.28623538128538134], [0.23647776112776114, 0.2688067654567655, 0.18478591408591408, 0.3099295593295593], [0.24564442501942507, 0.30215081030081037, 0.22201167606902916, 0.2301930886107357], [0.3237205627705628, 0.22491666666666685, 0.15511269841269842, 0.29625007215007215], [0.30959651459651444, 0.2708016095016096, 0.1764832833832834, 0.24311859251859255], [0.2853536574536576, 0.3199454545454543, 0.1569109890109891, 0.23778989898989894], [0.2659937784437784, 0.29083883893883894, 0.1588948717948718, 0.28427251082251087], [0.20311490176490177, 0.23652000777000767, 0.21742086247086262, 0.34294422799422813], [0.21026385836385844, 0.22424252414252427, 0.25502787767787766, 0.31046573981573994], [0.2554155844155845, 0.3035741813741813, 0.1847308413808415, 0.25627939282939294], [0.21586936951936955, 0.29476749361749355, 0.24398724608724612, 0.2453758907758908], [0.19292389832389834, 0.3006005050505051, 0.20327846597846597, 0.3031971306471306], [0.2411757242757243, 0.2249090825840827, 0.21179075091575117, 0.32212444222444214], [0.25411209346209357, 0.3022330522418758, 0.16856051726051743, 0.27509433703551356], [0.29181393606393613, 0.2267459484959485, 0.16151733821733832, 0.319922777222777], [0.2390293872793873, 0.3292296814296813, 0.2229810467310468, 0.2087598845598847], [0.23657299922299932, 0.2628815517815518, 0.21601317571317583, 0.28453227328227326], [0.1917858585858586, 0.2846679043179043, 0.17423535353535358, 0.3493108835608833], [0.23964438894438905, 0.19393620823620827, 0.16470829725829728, 0.4017111055611057], [0.26022794427794443, 0.21981088356088357, 0.2838016744693215, 0.23615949769185077], [0.22071796536796545, 0.262825901875902, 0.20849718614718613, 0.3079589466089466], [0.20264520202020206, 0.2892576942665177, 0.21737128149628154, 0.29072582221699883], [0.3028863636363636, 0.25520512265512285, 0.14400851370851378, 0.29789999999999994], [0.23892801365301378, 0.266859301809302, 0.1765085886335887, 0.31770409590409593], [0.24550981795981794, 0.29312964257964264, 0.17094553779553784, 0.2904150016650018], [0.24046819846819853, 0.26836288711288714, 0.21715609945609973, 0.27401281496281504], [0.24650781995781995, 0.2673307914307915, 0.1544553224553225, 0.3317060661560662], [0.22113267288267285, 0.34938216783216763, 0.18006741036741042, 0.24941774891774904], [0.21974232156732174, 0.2549521395271396, 0.21777950937950946, 0.3075260295260294], [0.20656223221223233, 0.2958371156621157, 0.18278180430680435, 0.3148188478188479], [0.2535665390165391, 0.22859406149406158, 0.2055695693195694, 0.3122698301698304], [0.2243583775701423, 0.341228186519363, 0.1799858161446398, 0.2544276197658552], [0.2411850149850151, 0.31285481185481195, 0.19198345543345544, 0.2539767177267178], [0.30559258519258525, 0.23856558441558443, 0.16159316239316246, 0.294248667998668], [0.25911307303807296, 0.2591735042735045, 0.20002803862803864, 0.281685384060384], [0.22415848040848044, 0.32716844821844815, 0.19726074481074485, 0.25141232656232665], [0.28562437562437576, 0.21016934731934744, 0.1653645021645023, 0.3388417748917749], [0.24243944666444667, 0.278740961815962, 0.23514734709734728, 0.2436722444222444], [0.24258753468753477, 0.22203055833055846, 0.17312126207126213, 0.36226064491064497], [0.18189121434121433, 0.26305203685203693, 0.22715569430569446, 0.32790105450105433], [0.33339986679986666, 0.22883728493728503, 0.15588181818181818, 0.28188103008103005], [0.23605113220113222, 0.28942077367077373, 0.20086554001554024, 0.27366255411255425], [0.28624797979797983, 0.3026235042735044, 0.14483304473304479, 0.2662954711954714], [0.1860459437621203, 0.285347515556339, 0.2164279526029527, 0.31217858807858817], [0.2756345543345544, 0.2763557914307914, 0.1720900432900434, 0.275919610944611], [0.2832365800865801, 0.24185684038184047, 0.15846830946830948, 0.3164382700632699], [0.26702307104660056, 0.26239242097771526, 0.18785524475524484, 0.28272926322043973], [0.27376752691752715, 0.25489874014874037, 0.18329350094350097, 0.288040231990232], [0.2132090076590077, 0.32134120324120335, 0.22853793428793434, 0.23691185481185484], [0.22056870351870358, 0.2745624764124765, 0.18083737373737388, 0.3240314463314463], [0.27685246975246974, 0.2783601953601954, 0.16031252636252644, 0.2844748085248085], [0.29128121323121325, 0.22299504384504393, 0.17855936285936305, 0.3071643800643802], [0.2283694305694306, 0.329935986235986, 0.1765172161172162, 0.2651773670773672], [0.20843893883893902, 0.3046950715950717, 0.2236806249306249, 0.2631853646353647], [0.1983073593073593, 0.2736232350982353, 0.18918570514452873, 0.33888370044987703], [0.2953783768519064, 0.26968778835543544, 0.1810714106155284, 0.2538624241771302], [0.27293837273837274, 0.2910383977133977, 0.15241383061383065, 0.28360939893439896], [0.24516603396603395, 0.259513936063936, 0.22198346098346114, 0.27333656898656905], [0.20816772671772674, 0.2667139915639916, 0.1445238206238207, 0.3805944610944614], [0.28081895881895896, 0.3032488178488178, 0.17818942005706723, 0.23774280327515623], [0.23441889678948502, 0.2899325654737419, 0.19673924963924974, 0.2789092880975237], [0.23677222777222776, 0.28949940059940055, 0.14717634587634593, 0.3265520257520259], [0.17259884004884013, 0.30300488955488936, 0.2118442113442114, 0.31255205905205913], [0.21286812076812092, 0.2823739371739371, 0.17022179487179503, 0.33453614718614716], [0.27939607059607063, 0.20219433899433903, 0.14945762015762026, 0.36895197025197024], [0.24340509490509502, 0.29541320346320366, 0.195013025863026, 0.2661686757686759], [0.24214783549783564, 0.282232172565996, 0.18579516039516034, 0.289824831541008], [0.23074768760651124, 0.320855764496941, 0.1904696248196249, 0.25792692307692305], [0.2606766733266734, 0.2538821067821069, 0.18232435342435352, 0.3031168664668664], [0.20991854987118155, 0.31676926406926414, 0.2574889188039344, 0.2158232672556203], [0.2161086726998493, 0.29925407011289357, 0.21590825285825294, 0.2687290043290043], [0.23137073759573762, 0.29629440281940295, 0.1889490786990788, 0.28338578088578104], [0.1999246642246643, 0.2929811355311353, 0.18618095793095799, 0.3209132423132423], [0.2939883169118464, 0.24196647470176877, 0.21782029637029654, 0.24622491201608862], [0.28759508171567005, 0.29503175158175154, 0.17342111222111228, 0.24395205448146637]]}, "rewritten": {"ids": ["97107040", "97108520", "97111790", "97112830", "97116410", "98106680", "98106880", "98107010", "98107380", "98108150", "98111231", "98111670", "98116940", "98117740", "99107300", "99107560", "99107630", "99107640", "99107660", "99108080", "99108520", "99108580", "99108710", "99109370", "99110050", "99111000", "99111930", "99112531", "99116500", "99119830", "100108490", "100109910", "100111270", "100112060", "100115700", "100117420", "100120780", "101108121", "101108950", "101111990", "101112201", "101119591", "102107961", "102109010", "102109840", "102110690", "102110890", "102111990", "102113210", "102113350", "102113981", "103110220", "103110760", "103113101", "103118110", "104111620", "104111880", "104111990", "104112201", "104113170", "104117630", "104119290", "104119340", "105112240", "105116090", "105118171", "106111321", "106114011", "106114280", "106115240", "106117790", "106119260", "107113130", "107113260", "107114110", "107115250", "107116300", "107117010", "107118490", "107118780", "107119950", "107121230", "108114670", "108115250", "108117360", "108117451", "108118060", "109113881", "109113931", "109114270", "109116040", "109116750", "109116810", "109117431", "109118820", "110113931", "110114561", "110114610", "110114720", "110115120", "110115580", "110116170", "110116441", "110116501", "110118111", "110118880", "110119030", "110121140", "111115910", "111116090", "111116990", "111117000", "111117120", "111117200", "111117571", "111118820", "111119250", "111119290", "111119930", "111119950", "111120540", "112116290", "112116401", "112117030", "112117780", "112118471", "112118550", "112118820", "112119120", "112119320", "112121010", "112121410", "113117401", "113117550", "113118620", "113118630", "113118870", "113119930", "113120531", "113121010", "113121750", "113122170"], "labels": [2, 2, 2, 2, 3, 1, 0, 3, 1, 0, 1, 1, 2, 2, 3, 1, 2, 1, 3, 3, 2, 0, 2, 1, 3, 2, 1, 3, 2, 1, 2, 2, 2, 2, 1, 2, 1, 0, 2, 2, 0, 0, 3, 1, 2, 0, 0, 2, 3, 3, 1, 2, 1, 3, 2, 0, 3, 2, 0, 3, 0, 1, 1, 1, 1, 3, 0, 1, 3, 1, 1, 1, 1, 0, 1, 2, 0, 1, 2, 1, 3, 0, 3, 1, 1, 2, 1, 0, 1, 3, 0, 0, 3, 1, 3, 1, 0, 1, 3, 0, 1, 0, 3, 3, 1, 0, 0, 3, 2, 3, 0, 0, 2, 0, 3, 0, 1, 3, 1, 0, 1, 0, 0, 2, 0, 1, 3, 0, 1, 1, 2, 0, 3, 3, 3, 3, 0, 1, 0, 2, 0, 1], "predicted_labels": [3, 3, 3, 3, 1, 1, 1, 3, 3, 1, 0, 3, 1, 3, 3, 1, 3, 3, 1, 0, 1, 1, 1, 3, 3, 1, 1, 3, 1, 3, 3, 0, 1, 1, 1, 1, 3, 3, 1, 3, 3, 3, 1, 1, 1, 3, 3, 0, 3, 1, 1, 1, 0, 1, 3, 3, 3, 1, 3, 1, 3, 1, 3, 1, 3, 3, 3, 1, 3, 0, 1, 0, 1, 3, 3, 3, 3, 3, 1, 3, 3, 3, 0, 3, 3, 3, 3, 3, 1, 3, 3, 3, 3, 1, 1, 3, 3, 1, 1, 3, 0, 3, 3, 3, 3, 1, 1, 3, 3, 3, 3, 1, 3, 3, 1, 0, 3, 3, 1, 3, 1, 1, 0, 3, 3, 1, 3, 3, 3, 1, 3, 1, 1, 3, 1, 3, 3, 0, 1, 3, 1, 3], "confidence_scores": [[0.23185470085470092, 0.2403092685092686, 0.2235227161727163, 0.30431331446331455], [0.2609309884559885, 0.23505194805194815, 0.20207174688057045, 0.30194531661149293], [0.27809202186702187, 0.1831379093129094, 0.2039140581640583, 0.33485601065601056], [0.24374794094794108, 0.2407859973359975, 0.20931558441558448, 0.30615047730047723], [0.2730332795859111, 0.27837580752580754, 0.1851698228671914, 0.26342109002109015], [0.2303799006549008, 0.3172414363414363, 0.21373812576312592, 0.23864053724053738], [0.226895043845044, 0.2844846764346766, 0.22062625707625708, 0.2679940226440227], [0.2507895909645911, 0.2565148351648354, 0.19833866411366427, 0.2943569097569098], [0.24191496836496848, 0.2224912309912311, 0.20750490065490076, 0.3280888999889], [0.23056471306471313, 0.3037680819180819, 0.175987062937063, 0.28968014208014214], [0.28894898989899004, 0.24511623376623387, 0.2080229437229438, 0.257911832611833], [0.24728667166167168, 0.25932755300255306, 0.22721288907171266, 0.26617288626406277], [0.22597598235098237, 0.3307598013098013, 0.17610328282828294, 0.26716093351093356], [0.23104948939948958, 0.2220748529248531, 0.22577905427905423, 0.3210966033966033], [0.2646596736596737, 0.27348559969442315, 0.18116395826395837, 0.28069076838194507], [0.23143896103896114, 0.3154579143079143, 0.17084627039627046, 0.2822568542568542], [0.28135494505494507, 0.2095140637140639, 0.18493294483294487, 0.3241980463980462], [0.2474985902985904, 0.2525642801642802, 0.18714635527870827, 0.31279077425842144], [0.23845719476601837, 0.2714232026143792, 0.23939026529026536, 0.25072933732933755], [0.2972090576090575, 0.25874184149184143, 0.19884753024753038, 0.2452015706515707], [0.21962992150608254, 0.283417212199565, 0.26955717309865923, 0.22739569319569336], [0.23587148684648696, 0.2903984404484403, 0.1991556304806306, 0.27457444222444205], [0.20656257631257646, 0.2983146603396604, 0.19927697580197581, 0.29584578754578766], [0.23278629148629162, 0.24843248973248977, 0.18618345543345546, 0.33259776334776325], [0.19431851481851484, 0.2797907037407038, 0.23086707181707192, 0.2950237096237098], [0.21848166000666014, 0.2922996392496392, 0.2515924603174604, 0.23762624042624048], [0.22670833610833624, 0.2979887445887445, 0.18909610389610387, 0.28620681540681553], [0.25577423687423706, 0.27955148740148733, 0.16321042846042846, 0.30146384726384734], [0.19992081529581535, 0.3142274170274169, 0.21186936315318666, 0.2739824045235811], [0.1876951520701521, 0.2756128704628705, 0.200758671883672, 0.3359333055833054], [0.2880038961038961, 0.23423152958152965, 0.1618188311688312, 0.31594574314574303], [0.29616052003552, 0.2147282134532136, 0.2533396289984525, 0.23577163751281413], [0.22690437895437895, 0.2942228715728716, 0.20949533244533242, 0.26937741702741713], [0.24973765401265413, 0.2720949911199913, 0.2425162226662227, 0.23565113220113232], [0.2566181818181818, 0.3056556796145032, 0.18734916749916758, 0.2503769710681476], [0.2249174381174383, 0.28307557997558, 0.2462726051726054, 0.24573437673437673], [0.22994105339105364, 0.23815836940836957, 0.17060115440115448, 0.36129942279942295], [0.2608559801309803, 0.2702537323787324, 0.1775506216006218, 0.2913396658896659], [0.23070376845376855, 0.3391692585192586, 0.19426527084027098, 0.2358617021867021], [0.25195116550116553, 0.24935986790986792, 0.16374791874791872, 0.3349410478410477], [0.26399568209568214, 0.2698261405261407, 0.19031683153447868, 0.27586134584369887], [0.2750440892440892, 0.19161334221334234, 0.15963167943167947, 0.3737108891108891], [0.22715795315795306, 0.26951967754467754, 0.2448642329892331, 0.25845813630813635], [0.21938190600249435, 0.36442378536496195, 0.16265896325896329, 0.2535353453735808], [0.22770895770895777, 0.30851430513930506, 0.1673712065712067, 0.2964055305805308], [0.2723829226329226, 0.28051260406260403, 0.14833116883116895, 0.2987733044733045], [0.3031681651681653, 0.1997957597957599, 0.16720659536541896, 0.3298294796706562], [0.3063516150516149, 0.2605602897102897, 0.16686565656565652, 0.26622243867243883], [0.2754101898101899, 0.2347627011877013, 0.14965761460761468, 0.3401694943944944], [0.22607873792873792, 0.30246901431901435, 0.19460915195915207, 0.2768430957930958], [0.2058675324675324, 0.3234546897546898, 0.19819481629481642, 0.2724829614829615], [0.19786627261627263, 0.3060184648684649, 0.19864444836209552, 0.297470814153167], [0.27991070041070054, 0.2549988423341365, 0.21042506937506947, 0.25466538788009385], [0.28406449661449673, 0.2842757187257186, 0.17517380952380962, 0.2564859751359752], [0.2382885749871045, 0.23904515092750406, 0.1912560426501604, 0.3314102314352316], [0.29242734487734495, 0.22326595071595076, 0.1399323093573094, 0.34437439504939504], [0.19247838827838837, 0.28329044289044303, 0.17273452658452665, 0.35149664224664223], [0.2990520368520367, 0.3116203241203242, 0.16104855144855146, 0.22827908757908763], [0.27088931068931066, 0.22052656232656243, 0.15206183261183268, 0.35652229437229443], [0.25461209901209897, 0.3017880452880452, 0.18068769008769012, 0.26291216561216574], [0.3013862748362749, 0.22322539960039972, 0.173211174936175, 0.30217715062715056], [0.1620622766122767, 0.30311147186147186, 0.23726136086136096, 0.2975648906648907], [0.24858809523809522, 0.25181769341769356, 0.15824828504828498, 0.3413459262959264], [0.2574907203907204, 0.30718415195915194, 0.17248356088356098, 0.2628415667665668], [0.2598639915639917, 0.24542768897768907, 0.18701055611055617, 0.3076977633477634], [0.2437312713430361, 0.2744170199081964, 0.18163903318903327, 0.30021267555973435], [0.28989107559107563, 0.22998116883116893, 0.1710320124320125, 0.30909574314574345], [0.28185281662781664, 0.28655942945942947, 0.20617977577977584, 0.22540797813297828], [0.2577518814518815, 0.21316431901431912, 0.16262117327117337, 0.36646262626262627], [0.30811041736041733, 0.26888338605838613, 0.197585298035298, 0.22542089854589875], [0.2391082972582974, 0.26657542229012826, 0.23965494505494517, 0.25466133539662966], [0.2785561327561328, 0.248110028860029, 0.2120933843933844, 0.26124045399045404], [0.19830076035076033, 0.33118363858363853, 0.20479366744366753, 0.26572193362193364], [0.25311939171939163, 0.25111418581418576, 0.1840394644571116, 0.31172695800931105], [0.2503510101010102, 0.18730531690531702, 0.12950750360750363, 0.43283616938616926], [0.22858819513819506, 0.26476008991009, 0.21790366300366307, 0.28874805194805203], [0.25867360037623194, 0.24601219336219343, 0.17970110269847114, 0.31561310356310357], [0.2185525974025974, 0.27477766677766674, 0.2251044455544456, 0.28156529026529015], [0.23943928016428026, 0.30559221611721615, 0.20181045066045078, 0.2531580530580532], [0.27398965654228813, 0.25628110778110785, 0.1513080513054198, 0.31842118437118444], [0.2199767510267511, 0.2914970723720723, 0.1856808441558443, 0.3028453324453325], [0.18314167499167508, 0.25757710263592615, 0.22167673437673457, 0.33760448799566467], [0.25924094239094236, 0.2577419330669331, 0.23344536019536025, 0.24957176434676437], [0.23663216228216233, 0.24777424797424807, 0.219937234987235, 0.2956563547563549], [0.18499888444888438, 0.2743912698412698, 0.22839876234876244, 0.3122110833610835], [0.273928404928405, 0.22700395715395727, 0.15422226662226662, 0.34484537129537135], [0.2757236763236763, 0.26766818181818197, 0.1364146853146853, 0.3201934565434565], [0.23226953046953056, 0.26581230713730725, 0.20535606060606057, 0.29656210178710196], [0.2617479853479854, 0.27768595293595316, 0.1851861999112, 0.27537986180486185], [0.2449354218880536, 0.25343318903318923, 0.1831624857598543, 0.3184689033189035], [0.1802579420579421, 0.23396429714076802, 0.24894704184704208, 0.33683071895424854], [0.2322979595567832, 0.27475225689343347, 0.21631048396048394, 0.2766392995892996], [0.26216969696969705, 0.27080460095460107, 0.17497811077811093, 0.2920475912975913], [0.23716464091464096, 0.3026838775603482, 0.18229968364968363, 0.27785179787532727], [0.24199029026529026, 0.27931383893883893, 0.2216802114552115, 0.25701565934065945], [0.25464516594516606, 0.2956122655122654, 0.1442233766233767, 0.3055191919191919], [0.25392580099638923, 0.24433504632622288, 0.20826466311466318, 0.29347448956272504], [0.23273585026085025, 0.3529296758796759, 0.20625630758130772, 0.2080781662781663], [0.18667911255411251, 0.2905299145299146, 0.2675356116106117, 0.25525536130536136], [0.21770131535131543, 0.2934248529248528, 0.16044927849927848, 0.32842455322455316], [0.3101967254967258, 0.2269272227772228, 0.2181697413697414, 0.24470631035631046], [0.20098094944271427, 0.2797173287496818, 0.16651615606615605, 0.3527855657414483], [0.26165331890331894, 0.23726933621933619, 0.22252359307359315, 0.2785537518037518], [0.2530323232323233, 0.25636529581529577, 0.1702279240367476, 0.32037445691563343], [0.2524530730707202, 0.2865910478410478, 0.14366223384458685, 0.3172936452436453], [0.25667631257631257, 0.30533079143079134, 0.15159292929292936, 0.2863999666999668], [0.28392289377289376, 0.2947438727938727, 0.1780784326784328, 0.24325480075480096], [0.2345022033522035, 0.26439442224442233, 0.2202566655566656, 0.2808467088467089], [0.25526462981462983, 0.24976694971694977, 0.21776486291486308, 0.2772035575535575], [0.2642949328449329, 0.2427879675879677, 0.19503566433566433, 0.2978814352314353], [0.30650419025419023, 0.2264591408591409, 0.13101259296259304, 0.33602407592407574], [0.19101471306471318, 0.32538734598734603, 0.16880220890220898, 0.31479573204573197], [0.26452739482739496, 0.27030666000666, 0.1696810023310024, 0.29548494283494275], [0.22711280288339122, 0.2657417646079411, 0.18281485736485745, 0.32433057514381025], [0.269339676989677, 0.306669696969697, 0.14129216339216347, 0.2826984626484627], [0.32472010962893305, 0.24007119547119554, 0.147317365967366, 0.2878913289325055], [0.20740622710622728, 0.22515098235098255, 0.26061557886557873, 0.3068272116772118], [0.16514479866538692, 0.2531621306797778, 0.20638154068154071, 0.3753115299732948], [0.24671075036075035, 0.2944904401154401, 0.17646522366522374, 0.28233358585858587], [0.24164676989677006, 0.2681082972582974, 0.16510300255300261, 0.3251419302919303], [0.19840591630591636, 0.3390603896103897, 0.2139262626262627, 0.24860743145743155], [0.23664405039405048, 0.36288055000554975, 0.14939835442335445, 0.25107704517704527], [0.34394329004328994, 0.20428621933621946, 0.15104920634920635, 0.3007212842712842], [0.1937406010656012, 0.2749293817293817, 0.19443177655677665, 0.3368982406482406], [0.26759438894438903, 0.25900718725718735, 0.18464960594960597, 0.28874881784881795], [0.23309466921966931, 0.31401395271395277, 0.1453975663225663, 0.3074938117438119], [0.21561923631923632, 0.2528400876900878, 0.18602826062826078, 0.34551241536241556], [0.2685832748950397, 0.29790087853323155, 0.1315095460095461, 0.3020063005621832], [0.19940041070041087, 0.2287570707070707, 0.18490261960261967, 0.38693989898989883], [0.17834901209901213, 0.32712557442557444, 0.21168706293706302, 0.2828383505383505], [0.22860695138195153, 0.28618009408891765, 0.17998566156066173, 0.3052272929684696], [0.2717684482184482, 0.3028009823509822, 0.1646010156510158, 0.2608295537795539], [0.2598676431411727, 0.2933475935828876, 0.18014667554667557, 0.2666380877292644], [0.2515894827394829, 0.2631042513042514, 0.14643679653679656, 0.33886946941946927], [0.27132619047619044, 0.31503282828282825, 0.15808556998557008, 0.25555541125541137], [0.26538697413697426, 0.28625123210123216, 0.14048384948384954, 0.3078779442779444], [0.236435125985126, 0.2782752192252194, 0.1537928626928628, 0.33149679209679217], [0.29360490065490086, 0.2655412920412921, 0.1898454212454214, 0.25100838605838616], [0.22831021201021207, 0.3332050699300699, 0.16789996947496955, 0.2705847485847487], [0.19019843489843494, 0.3168586877175113, 0.16554076479076482, 0.32740211259328905], [0.2686833333333334, 0.34953419913419903, 0.13733701298701306, 0.2444454545454545], [0.21885811410811426, 0.2500289044289045, 0.1859393883893885, 0.3451735930735933]]}}