{"test": {"ids": ["110118161", "111119150", "107112850", "97106600", "112120290", "97106000", "103109791", "102111990", "101109000", "101111210", "103120340", "107116501", "108120700", "102112170", "101109120", "105113480", "99109161", "107118490", "98108580", "113121680", "113122430", "110116441", "112118860", "102110750", "112119500", "112121430", "97107821", "100116500", "104116441", "97106820", "107120130", "101111990", "113117630", "104112201", "107113200", "107121640", "100109000", "99111930", "111114321", "98106560", "99117630", "107116340", "103120290", "104113000", "112119450", "110114561", "111120260", "99109860", "110114920", "109115380", "113122190", "112117571", "104114410", "104111711", "107117010", "103117461", "108115500", "111115910", "109115220", "112121030", "106119580", "105118230", "113119930", "98106111", "99109370", "98112300", "109116441", "105113620", "112116640", "101110740", "108118810", "99108010", "102118380", "99120010", "111114941", "109117730", "110120540", "113120531", "101108500", "99108000", "109120150", "109119340", "110118701", "112118471", "108115250", "106115120", "102110690", "112116451", "102110500", "109117271", "112116810", "97106770", "109114030", "113120260", "112118880", "112119120", "108120280", "105116860", "110116300", "106116120", "103113210", "107114950", "100111620", "108114180", "108115570", "110120190", "106121220", "100116790", "107114621", "112116401", "102109850", "105116501", "109116930", "110115890", "105113170", "108114270", "97116790", "99107640", "113118690", "113120280", "108119550", "107115140", "110118301", "108119510", "104119290", "97106591", "104114230", "107115250", "105117431", "111120540", "102112301", "113119120", "107113260", "99107300", "97107260", "109116170", "99107950", "112118421", "97114170", "106118161", "110121720", "109121351"], "labels": [0, 3, 1, 3, 1, 0, 3, 2, 1, 2, 1, 1, 2, 3, 1, 0, 3, 2, 0, 1, 2, 3, 3, 1, 2, 2, 2, 2, 1, 1, 2, 2, 0, 0, 0, 1, 1, 1, 1, 1, 3, 3, 2, 1, 3, 0, 3, 2, 3, 3, 1, 3, 1, 1, 1, 0, 3, 2, 3, 0, 3, 1, 1, 0, 1, 2, 3, 0, 0, 3, 1, 2, 1, 2, 0, 3, 1, 0, 3, 2, 2, 3, 3, 1, 1, 1, 0, 0, 3, 0, 3, 3, 1, 3, 1, 1, 3, 2, 3, 1, 3, 3, 3, 1, 3, 3, 1, 2, 0, 0, 1, 1, 0, 2, 0, 3, 2, 1, 3, 0, 1, 0, 1, 1, 1, 1, 2, 2, 1, 1, 1, 3, 0, 3, 2, 0, 1, 3, 2, 3, 3, 0], "predicted_labels": [0, 3, 1, 3, 0, 3, 3, 0, 3, 3, 3, 3, 3, 0, 3, 3, 0, 1, 1, 1, 1, 1, 1, 1, 1, 3, 3, 0, 1, 0, 1, 3, 1, 0, 3, 3, 3, 1, 1, 3, 0, 3, 3, 3, 3, 1, 0, 3, 3, 3, 3, 3, 3, 1, 3, 3, 1, 0, 3, 0, 1, 1, 3, 3, 3, 0, 1, 1, 3, 1, 3, 1, 1, 3, 1, 0, 1, 1, 1, 3, 3, 3, 3, 3, 3, 0, 0, 3, 0, 3, 0, 0, 1, 3, 3, 3, 0, 1, 1, 0, 1, 0, 0, 3, 0, 1, 1, 1, 3, 0, 1, 0, 3, 1, 3, 3, 0, 1, 1, 3, 3, 3, 1, 3, 3, 3, 3, 1, 1, 1, 3, 3, 1, 0, 3, 1, 1, 0, 1, 3, 1, 1], "confidence_scores": [[0.30552051282051296, 0.28058588078588076, 0.13424937284937286, 0.2796442335442337], [0.2964912642912642, 0.2546782828282829, 0.13843401043401043, 0.31039644244644243], [0.26932057942057946, 0.3040530747030748, 0.18353030303030307, 0.24309604284604297], [0.23754905372405372, 0.237649827949828, 0.25118803696303693, 0.27361308136308143], [0.29263544788544804, 0.22583102453102452, 0.2910545843045843, 0.1904789432789433], [0.21996504329004332, 0.23866476301476314, 0.20526329503829513, 0.33610689865689847], [0.18648190698190711, 0.27514506049506066, 0.2622659840159842, 0.2761070485070486], [0.2986091416753182, 0.28703407148407134, 0.16125879871762233, 0.2530979881229883], [0.25827942057942066, 0.278349716949717, 0.17621262071262078, 0.2871582417582418], [0.2883694971694972, 0.22678744033744042, 0.19052492507492513, 0.2943181374181374], [0.23172373737373744, 0.2691209096459096, 0.21376658064158066, 0.28538877233877236], [0.24192332112332124, 0.2752237928737931, 0.18521485736485743, 0.29763802863802863], [0.2703640526140528, 0.2450302392052393, 0.1912947025197026, 0.29331100566100565], [0.3174375235875236, 0.23475559163059168, 0.22181951104451117, 0.22598737373737388], [0.27061753246753245, 0.2578414141414142, 0.1703161838161838, 0.3012248695748696], [0.23947674547674547, 0.24571153846153854, 0.1741554057054058, 0.3406563103563105], [0.29802352092352086, 0.2968176406926408, 0.1770623376623377, 0.22809650072150078], [0.22087803307803316, 0.3212427183927184, 0.19477411477411485, 0.2631051337551339], [0.25612451992452, 0.28799748584748597, 0.21289906204906225, 0.24297893217893238], [0.20657026307026322, 0.29903387723387725, 0.20036204351204362, 0.2940338161838161], [0.21814956709956723, 0.303239776889777, 0.19755228660228666, 0.28105836940836953], [0.2337068320568322, 0.2848395271395272, 0.20425010545010555, 0.2772035353535355], [0.26226832611832623, 0.29906601176601166, 0.17828579753579754, 0.2603798645798647], [0.20734120601620612, 0.331186827061827, 0.22927659007659024, 0.23219537684537686], [0.2128960261960264, 0.3270026806526807, 0.20603961038961052, 0.2540616827616828], [0.27242738927738935, 0.26203231768231783, 0.15568604173604178, 0.3098542513042515], [0.2987949716949717, 0.24277404817404832, 0.15273906093906103, 0.30569191919191924], [0.28408857612975247, 0.24523003385503392, 0.1961777825116061, 0.2745036075036075], [0.2602694305694305, 0.29681089743589745, 0.14768652181152186, 0.2952331501831503], [0.2841463869463871, 0.2542985403485404, 0.20783316683316697, 0.2537219058719059], [0.25946590354090365, 0.28524489954489946, 0.20915816128316142, 0.24613103563103572], [0.25327173937173936, 0.24642747807747806, 0.19536834831834834, 0.3049324342324343], [0.24504485514485513, 0.29951344211344194, 0.1815307858807859, 0.2739109168609169], [0.30430521700521684, 0.2355570207570209, 0.170729193029193, 0.2894085692085692], [0.30346028971028965, 0.20300826673326675, 0.17804390331890338, 0.3154875402375403], [0.2663036102786102, 0.2206408341658342, 0.22245235875235883, 0.29060319680319685], [0.2632208957708958, 0.22558307248307263, 0.2217277777777778, 0.28946825396825393], [0.19709484959484969, 0.3074730991230991, 0.20902464757464764, 0.28640740370740375], [0.24439578938433437, 0.3059008620034936, 0.2190016669604906, 0.23070168165168173], [0.2651864302364303, 0.2593666167166169, 0.2034645243645244, 0.2719824286824286], [0.30092707015207026, 0.25224209124209124, 0.1848361111111112, 0.26199472749472763], [0.233922804972805, 0.28653004218004213, 0.18685780885780895, 0.29268934398934404], [0.22380016095016095, 0.23399105894105898, 0.26732211677211687, 0.2748866633366634], [0.29825528083028086, 0.21359955322455337, 0.17337338217338225, 0.31477178377178383], [0.22842622377622376, 0.2512434731934733, 0.14142183927183932, 0.37890846375846365], [0.2580260469922237, 0.27141679986679984, 0.20779677740560099, 0.26276037573537575], [0.3029249639249639, 0.2877249805749806, 0.18578760128760138, 0.22356245421245433], [0.2498617382617385, 0.25169292929292947, 0.2153733266733267, 0.28307200577200586], [0.24962539127539138, 0.269876012876013, 0.18118754023754025, 0.2993110556110557], [0.21276883116883125, 0.27897362082362087, 0.2002380730380731, 0.3080194749694749], [0.213845265845266, 0.27456209901209905, 0.22560669330669353, 0.2859859418359419], [0.2676739760239762, 0.2416793872793874, 0.1817127983127983, 0.3089338383838385], [0.2662221223221223, 0.2515481240981242, 0.1604705960705961, 0.32175915750915746], [0.22288363858363852, 0.27564973359973366, 0.2293217504717504, 0.27214487734487747], [0.19731032301032317, 0.23696324231324234, 0.2323680097680098, 0.333358424908425], [0.26148496503496504, 0.25293386058386075, 0.17955331890331896, 0.3060278554778556], [0.22068571428571446, 0.320922632922633, 0.1845410533910535, 0.27385059940059936], [0.2616248501498502, 0.25926509879009907, 0.22250149295149296, 0.2566085581085581], [0.23102438672438683, 0.2284655844155845, 0.15031818181818185, 0.39019184704184706], [0.32836486846486845, 0.24045935730935752, 0.1448855422355423, 0.286290231990232], [0.23935172605172608, 0.29360079365079367, 0.19538492063492066, 0.27166255966255975], [0.1947917388167389, 0.3229142135642134, 0.18185876623376623, 0.30043528138528147], [0.26821055888555895, 0.25759431679431705, 0.15951907536907536, 0.31467604895104895], [0.2595586580086583, 0.2509733044733045, 0.2036002164502166, 0.2858678210678211], [0.2520287601287601, 0.2617226967476968, 0.17012207792207798, 0.31612646520146526], [0.3093487456987459, 0.2331127761127762, 0.1837306915306915, 0.2738077866577866], [0.2909711011211011, 0.30698109668109674, 0.13574083694083697, 0.2663069652569655], [0.2576145188145189, 0.28884030414030415, 0.21981193806193808, 0.23373323898323903], [0.23073191253191264, 0.2548355477855479, 0.14622712287712297, 0.36820541680541696], [0.21937411477411478, 0.2810589910089911, 0.2198383283383283, 0.27972856587856576], [0.23555139305139308, 0.26556038961038975, 0.1409974747474748, 0.3578907425907426], [0.19250297480297493, 0.31635130425130426, 0.21094192474192477, 0.28020379620379626], [0.21927463092463118, 0.2827643578643579, 0.23831863136863138, 0.25964237984238], [0.23825862274979942, 0.2534857864357864, 0.2161922708010942, 0.29206332001332], [0.23422787767787764, 0.31961072261072226, 0.15689679209679208, 0.28926460761460765], [0.3036030025530026, 0.23400108225108227, 0.20279437229437242, 0.2596015429015431], [0.22788308913308927, 0.31968071373071383, 0.21018013653013667, 0.2422560606060607], [0.20362495837495856, 0.3578848706848707, 0.18705953490953495, 0.25143063603063615], [0.2526053890553891, 0.27856264846264844, 0.1985453823953825, 0.2702865800865801], [0.19532681762681772, 0.2846288045288046, 0.21084825174825175, 0.3091961260961262], [0.25823436563436575, 0.25399783549783544, 0.21167615162615164, 0.27609164724164736], [0.2748613775113776, 0.2031254190254192, 0.2319114718614719, 0.2901017316017316], [0.21320490620490623, 0.25231274281274285, 0.23490634920634923, 0.29957600177600174], [0.255375296925297, 0.24304336219336242, 0.20464846264846276, 0.29693287823287823], [0.236746022398654, 0.2647284066810384, 0.18263702408702423, 0.31588854683328355], [0.3320201780675464, 0.23739756530019712, 0.17001248751248757, 0.26056976911976915], [0.31288558108558123, 0.24021829836829842, 0.14498857253857256, 0.3019075480075481], [0.2907973581973583, 0.25409487734487746, 0.13984355644355645, 0.315264208014208], [0.3496957431457429, 0.21233462648462662, 0.16751674436674444, 0.270452886002886], [0.2176794205794206, 0.25218835608835616, 0.18367494727494751, 0.3464572760572763], [0.29056048396048406, 0.2640432456432457, 0.17211193251193252, 0.273284337884338], [0.28525703842940686, 0.22055397000660162, 0.2669356282606283, 0.22725336330336326], [0.25833876287111573, 0.2686900876900878, 0.21319787271551985, 0.259773276723277], [0.21230115995116006, 0.262623532023532, 0.23119285159285163, 0.29388245643245653], [0.20724400958518618, 0.27618946053946064, 0.20195419221301578, 0.3146123376623378], [0.24955355004472665, 0.2294558536235007, 0.20668021227138883, 0.31431038406038414], [0.303256426906427, 0.22925862470862482, 0.2011922105672107, 0.2662927378177379], [0.28692113997114, 0.30279446386946374, 0.16666372516372527, 0.24362067099567114], [0.23422609057609056, 0.2899702908202909, 0.19359257964257973, 0.28221103896103894], [0.27604283494283477, 0.26252561327561325, 0.20450983460983457, 0.2569217171717173], [0.23618924131424135, 0.3248826423576424, 0.19573186813186821, 0.2431962481962483], [0.3126237873237873, 0.22017448107448115, 0.15920954045954053, 0.3079921911421911], [0.3000930957930958, 0.23134844599844603, 0.21464511044511045, 0.2539133477633479], [0.20841959511077168, 0.21817282162282176, 0.17571371047253403, 0.39769387279387264], [0.2730694974959682, 0.2654089668501434, 0.22050286021168372, 0.24101867544220495], [0.21947988955488967, 0.309590823065823, 0.16836173271173283, 0.3025675546675546], [0.24376735209235217, 0.276652453102453, 0.20578953268953287, 0.27379066211566233], [0.29628158508158503, 0.29792464757464765, 0.16494751914751923, 0.24084624819624834], [0.2470961503408872, 0.2695288468841099, 0.18379631479631486, 0.29957868797868814], [0.3345874403374403, 0.22180139305139324, 0.16083519258519263, 0.28277597402597404], [0.25984639249639246, 0.2610825757575759, 0.2221477994227995, 0.2569232323232323], [0.2974085997336, 0.28035381007881016, 0.15692195582195592, 0.2653156343656344], [0.26582525252525263, 0.22083029748029764, 0.22621544566544577, 0.28712900432900434], [0.19219029859029865, 0.3143283327783326, 0.19745697080697086, 0.2960243978243978], [0.23278243905217597, 0.27067459557985873, 0.1680343434343435, 0.32850862193362185], [0.2617332445332445, 0.25791432456432467, 0.15119949494949494, 0.3291529359529359], [0.27276072640809484, 0.22732651967915135, 0.22868810633810638, 0.27122464757464765], [0.23646404151404157, 0.27186632811632816, 0.22036802919302936, 0.2713016011766013], [0.22657140914640922, 0.289675591075591, 0.20408116050616049, 0.2796718392718394], [0.3142968198468198, 0.20278840603840617, 0.16189671439671446, 0.3210180597180596], [0.2508710900210901, 0.2697881673881675, 0.20029080919080927, 0.27904993339993334], [0.29133134088134083, 0.21770978465978486, 0.1867574314574314, 0.304201443001443], [0.23140632350106036, 0.3138765991318622, 0.17208984903984909, 0.28262722832722836], [0.24597110112110127, 0.2591148906648908, 0.21242655122655132, 0.28248745698745703], [0.22474411976911987, 0.27313956043956045, 0.19609093684093692, 0.30602538295038273], [0.24981534021534035, 0.27021257631257634, 0.20847584637584649, 0.27149623709623716], [0.21671978299478314, 0.2633273171273172, 0.23025135420135429, 0.2897015456765457], [0.23414127539127538, 0.2982393051393052, 0.22595838050838052, 0.2416610389610392], [0.2024286113009798, 0.302151583504215, 0.2352851370851371, 0.2601346681096682], [0.2315168054168055, 0.27957582972582967, 0.21403454118980442, 0.2748728236675606], [0.21818392163392164, 0.25031364746364754, 0.25228726273726293, 0.2792151681651681], [0.23607010767010775, 0.22339893994894006, 0.21308982683982694, 0.3274411255411255], [0.23370661005661014, 0.2817172383172382, 0.21990820290820284, 0.26466794871794896], [0.2897247696747696, 0.2882811827061827, 0.18714540459540463, 0.2348486430236431], [0.20404134199134216, 0.233197546897547, 0.2172740981240983, 0.34548701298701295], [0.21087903012020676, 0.3082366189366188, 0.1819111075199311, 0.29897324342324344], [0.1856637196137197, 0.3128202131202132, 0.21916222666222662, 0.2823538406038408], [0.2879592962592963, 0.26423757353757377, 0.1647147768897769, 0.2830883533133535], [0.20877824952824978, 0.29444381451881435, 0.20453376900876907, 0.2922441669441667], [0.2610205849705852, 0.24680742035742034, 0.18750820290820291, 0.3046637917637918], [0.22065687090687092, 0.30404160284160275, 0.2207660367410368, 0.2545354895104897], [0.2699296536796537, 0.2731793650793651, 0.19005245865245876, 0.2668385225885227]]}, "rewritten": {"ids": ["97106000", "97106591", "97106600", "97106770", "97106820", "97107260", "97107821", "97114170", "97116790", "98106111", "98106560", "98108580", "98112300", "99107300", "99107640", "99107950", "99108000", "99108010", "99109161", "99109370", "99109860", "99111930", "99117630", "99120010", "100109000", "100111620", "100116500", "100116790", "101108500", "101109000", "101109120", "101110740", "101111210", "101111990", "102109850", "102110500", "102110690", "102110750", "102111990", "102112170", "102112301", "102118380", "103109791", "103113210", "103117461", "103120290", "103120340", "104111711", "104112201", "104113000", "104114230", "104114410", "104116441", "104119290", "105113170", "105113480", "105113620", "105116501", "105116860", "105117431", "105118230", "106115120", "106116120", "106118161", "106119580", "106121220", "107112850", "107113200", "107113260", "107114621", "107114950", "107115140", "107115250", "107116340", "107116501", "107117010", "107118490", "107120130", "107121640", "108114180", "108114270", "108115250", "108115500", "108115570", "108118810", "108119510", "108119550", "108120280", "108120700", "109114030", "109115220", "109115380", "109116170", "109116441", "109116930", "109117271", "109117730", "109119340", "109120150", "109121351", "110114561", "110114920", "110115890", "110116300", "110116441", "110118161", "110118301", "110118701", "110120190", "110120540", "110121720", "111114321", "111114941", "111115910", "111119150", "111120260", "111120540", "112116401", "112116451", "112116640", "112116810", "112117571", "112118421", "112118471", "112118860", "112118880", "112119120", "112119450", "112119500", "112120290", "112121030", "112121430", "113117630", "113118690", "113119120", "113119930", "113120260", "113120280", "113120531", "113121680", "113122190", "113122430"], "labels": [0, 1, 3, 3, 1, 2, 2, 2, 2, 0, 1, 0, 2, 3, 1, 1, 2, 2, 3, 1, 2, 1, 3, 2, 1, 3, 2, 2, 3, 1, 1, 3, 2, 2, 1, 3, 0, 1, 2, 3, 1, 1, 3, 3, 0, 2, 1, 1, 0, 1, 2, 1, 1, 1, 0, 0, 0, 1, 2, 1, 1, 1, 1, 3, 3, 1, 1, 0, 0, 0, 3, 0, 2, 3, 1, 1, 2, 2, 1, 1, 3, 1, 3, 3, 1, 1, 1, 3, 2, 1, 3, 3, 0, 3, 0, 0, 3, 3, 2, 0, 0, 3, 2, 3, 3, 0, 1, 3, 3, 1, 3, 1, 0, 2, 3, 3, 1, 0, 0, 0, 3, 3, 3, 1, 3, 1, 1, 3, 2, 1, 0, 2, 0, 3, 3, 1, 3, 0, 0, 1, 1, 2], "predicted_labels": [3, 3, 3, 0, 3, 3, 3, 3, 3, 0, 1, 0, 0, 0, 3, 3, 3, 1, 0, 3, 3, 3, 0, 3, 1, 0, 3, 0, 0, 1, 1, 1, 3, 3, 1, 0, 3, 1, 1, 0, 3, 1, 3, 3, 0, 1, 0, 1, 0, 0, 0, 3, 3, 3, 3, 3, 1, 0, 1, 1, 1, 0, 1, 3, 1, 3, 1, 3, 0, 1, 3, 3, 1, 1, 3, 3, 0, 1, 0, 3, 3, 3, 1, 1, 3, 3, 0, 3, 3, 0, 3, 3, 1, 0, 0, 3, 0, 3, 1, 3, 1, 3, 3, 1, 3, 0, 3, 1, 1, 1, 1, 1, 1, 1, 0, 0, 1, 3, 0, 3, 0, 3, 3, 1, 3, 1, 1, 3, 1, 2, 0, 3, 1, 1, 3, 0, 3, 3, 1, 1, 1, 1], "confidence_scores": [[0.2359510517260517, 0.2092391219891222, 0.1880362970362971, 0.36677352924852913], [0.25854130314130325, 0.25436365301365316, 0.21237457542457555, 0.27472046842046854], [0.2763223002487708, 0.22217137111254784, 0.21120780885780882, 0.29029851978087295], [0.3196611471861472, 0.23427621822621833, 0.2220508075258077, 0.22401182706182715], [0.23668230658230666, 0.24189495781995785, 0.20535860805860817, 0.31606412753912744], [0.1954303252303253, 0.23069638694638703, 0.25883754023754035, 0.3150357475857476], [0.24472989347254062, 0.28280994838494844, 0.16885769230769238, 0.30360246583481887], [0.20867752525252534, 0.2770569624819625, 0.20965616883116892, 0.30460934343434337], [0.2644733488733489, 0.2515306693306694, 0.21356671661671672, 0.27042926517926535], [0.2710255449229135, 0.25272330067593235, 0.21065740370740385, 0.26559375069375074], [0.2494323509823511, 0.2925018759018759, 0.18531570096570107, 0.27275007215007213], [0.2714518675768676, 0.24388570318570332, 0.21461102786102806, 0.27005140137640143], [0.32363572701808024, 0.23306786546786548, 0.20415569267333988, 0.2391407148407149], [0.3106267624532329, 0.27817946579564234, 0.1694879433432065, 0.24170582840791827], [0.20815330502830512, 0.29667900155400145, 0.17695548340548353, 0.3182122100122104], [0.17724830724830737, 0.2961185564435565, 0.22331257353757372, 0.3033205627705627], [0.20000354090354105, 0.2770615662115663, 0.21923686868686876, 0.3036980241980241], [0.20316337551337563, 0.3312865190365189, 0.17421013986013983, 0.2913399655899655], [0.31501933621933603, 0.29390540848040847, 0.16120946275946277, 0.2298657925407925], [0.2533139471639472, 0.25717735434500144, 0.16939679095414398, 0.3201119075369077], [0.25173199402936247, 0.27055687265950434, 0.19952000222000235, 0.27819113109113125], [0.20673416305916312, 0.2670183982683983, 0.20060064935064953, 0.3256467893217893], [0.29337081529581543, 0.25626212121212116, 0.17824159451659455, 0.27212546897546913], [0.27740856920856916, 0.24720490620490626, 0.18183328338328328, 0.2935532412032413], [0.27210310800310805, 0.27381952491952494, 0.183066860916861, 0.27101050616050626], [0.3207787018537017, 0.23065457875457882, 0.21275611333111338, 0.2358106060606061], [0.24930661005661012, 0.23999367299367308, 0.19544274891774896, 0.3152569680319679], [0.29285101010101017, 0.2872032467532468, 0.1884096681096681, 0.23153607503607518], [0.30209418914418923, 0.2359714063714064, 0.1891882783882785, 0.2727461260961261], [0.2635237928737928, 0.2839329226329228, 0.2061524309024309, 0.24639085359085364], [0.2669443056943057, 0.29620699300699305, 0.17463595848595853, 0.26221274281274287], [0.21170036075036078, 0.31796815961815966, 0.19539826839826852, 0.2749332112332112], [0.2822296536796539, 0.26607332944832957, 0.162896583971584, 0.2888004329004329], [0.24970040515040523, 0.26431482683982704, 0.18525177322677336, 0.3007329947829948], [0.23738606948606952, 0.3536406926406927, 0.1906544427794428, 0.21831879509379515], [0.33488377733377733, 0.225437950937951, 0.1682941558441559, 0.27138411588411593], [0.2950728105228105, 0.24987048507048515, 0.15732334887334887, 0.29773335553335556], [0.20054692529692536, 0.3075963647463648, 0.23292298257298275, 0.2589337273837274], [0.2901625013875012, 0.314517970917971, 0.16260501720501735, 0.23271451048951058], [0.3449445165945167, 0.21280945165945175, 0.2119266566766567, 0.23031937506937517], [0.2443238261738263, 0.26695651293151285, 0.21039721112221116, 0.2783224497724499], [0.22348802308802315, 0.2955008047508048, 0.19940616050616053, 0.28160501165501156], [0.2408213286713289, 0.2186556721056722, 0.21990780885780897, 0.3206151903651905], [0.22586647241647256, 0.261680452880453, 0.1878826978576979, 0.32457037684537676], [0.29729544899544885, 0.22669572094572113, 0.17977087357087365, 0.2962379564879566], [0.24217877677877703, 0.311092007992008, 0.19535178710178716, 0.25137742812742825], [0.2919115245865246, 0.2624608613608615, 0.18139156676656684, 0.26423604728604727], [0.24316720501720507, 0.2645756521256522, 0.2525618881118881, 0.23969525474525474], [0.3551679181929182, 0.2208322011322012, 0.1507277000777, 0.2732721805971806], [0.31389734709734707, 0.18925124875124888, 0.18773913308913304, 0.3091122710622711], [0.2911564824064825, 0.26205073815073826, 0.1896365689865691, 0.2571562104562105], [0.2943237873237872, 0.2526162559662562, 0.1517300865800867, 0.30132987012987006], [0.23868849483849502, 0.28746908091908097, 0.17372251082251094, 0.30011991341991345], [0.1965404539904542, 0.29630749250749233, 0.1957287989787989, 0.3114232545232546], [0.22942298461772162, 0.27266022661548983, 0.20588893883893894, 0.29202784992785], [0.207249678426149, 0.2775370332282097, 0.18180517815517822, 0.3334081101904632], [0.2246654290154291, 0.3376863580863581, 0.18933302253302256, 0.2483151903651904], [0.33007827727827754, 0.28521872571872586, 0.1370364468864469, 0.24766655011655028], [0.2799437784437786, 0.2956428293928293, 0.17781704129204143, 0.246596350871351], [0.22896248196248206, 0.27089511044511055, 0.2311893217893218, 0.2689530858030857], [0.22516464646464654, 0.2960990065490066, 0.19237474747474761, 0.2863615995115997], [0.33906301856038695, 0.26205950058713234, 0.17783658286158288, 0.22104089799089824], [0.25161978299478305, 0.26161466866466876, 0.2256681457431459, 0.2610974025974028], [0.27529095904095924, 0.23676361416361422, 0.15962162837162847, 0.3283237984237985], [0.1948651237651239, 0.3197967254967254, 0.23325508380508375, 0.2520830669330671], [0.25025850260850274, 0.24896476856476857, 0.16126439671439677, 0.3395123321123321], [0.2684577922077922, 0.3356911255411254, 0.1709881673881674, 0.22486291486291501], [0.2865068098568099, 0.22027753357753366, 0.1574516372516373, 0.33576401931401934], [0.3074802641802643, 0.23481352258852273, 0.21564636474636464, 0.24205984848484863], [0.23901418581418593, 0.3090099289599288, 0.18602000222000228, 0.2659558830058831], [0.3026253912753914, 0.21621145521145518, 0.17791293706293707, 0.3032502164502164], [0.2907597402597402, 0.18607398157398178, 0.18170076590076586, 0.34146551226551236], [0.24508221953485115, 0.3014362266388581, 0.17799600399600402, 0.27548554983028667], [0.2166359546885863, 0.3167238945265262, 0.19691552336552354, 0.26972462741936437], [0.25187614607614617, 0.2823345598845599, 0.16364043734043746, 0.3021488566988567], [0.18452559282822442, 0.2339034261060578, 0.21504370074370077, 0.3665272803220172], [0.26724773004773006, 0.2621699911199912, 0.21529355644355652, 0.2552887223887225], [0.25486295926295943, 0.2995085192585192, 0.19091327757210128, 0.2547152439064204], [0.286490082140082, 0.23211390553890565, 0.21550992063492075, 0.26588609168609173], [0.23766385281385294, 0.22708328338328337, 0.17747700632700636, 0.3577758574758573], [0.2997439338439337, 0.20962127872127892, 0.1783808857808858, 0.31225390165390166], [0.20895511710511727, 0.2773222943722945, 0.18461354201354202, 0.32910904650904627], [0.21723217893217897, 0.32885450105450115, 0.18600541125541137, 0.26790790875790876], [0.2506985462250169, 0.31258703322820974, 0.17614821844821854, 0.260566202098555], [0.24032878787878795, 0.24796943611943636, 0.1698802530802531, 0.3418215229215229], [0.23571847906994978, 0.2514599270011036, 0.22489182279708606, 0.287929771131861], [0.28795891885891917, 0.2606566378066379, 0.23712385392385407, 0.21426058941058948], [0.2824964107787638, 0.23839672549672555, 0.1858282462635405, 0.29327861746097045], [0.22729216894216908, 0.2439856587856589, 0.1996868020868021, 0.3290353701853704], [0.2693975857475859, 0.2620139971139972, 0.20546793206793207, 0.2631204850704853], [0.24690844433344447, 0.2239723276723278, 0.19918810078810084, 0.3299311272061271], [0.1721429958929961, 0.27636974136974135, 0.2748264846264846, 0.2766607781107782], [0.21035840270840286, 0.30420148185148166, 0.18294385059385074, 0.30249626484626474], [0.2954077922077922, 0.27174405594405604, 0.156575518925519, 0.27627263292263293], [0.29451153846153866, 0.2277684038184039, 0.21817198912198918, 0.25954806859806867], [0.2486100732600733, 0.24593245088245091, 0.1659025030525032, 0.339554972804973], [0.2904651515151515, 0.2508831113331114, 0.22940075480075475, 0.2292509823509825], [0.28056984126984125, 0.2315190337440338, 0.17407190864690877, 0.3138392163392163], [0.24345713175713188, 0.28377029082029076, 0.19101122211122223, 0.2817613553113553], [0.27702535797535804, 0.26552871017871016, 0.16673828393828408, 0.2907076479076478], [0.24359866440748792, 0.2765936285936287, 0.22373352007469663, 0.256074186924187], [0.24786363081363075, 0.2792281496281496, 0.1699721500721501, 0.30293606948606955], [0.20764090354090353, 0.2756038739038739, 0.23608367188367183, 0.28067155067155064], [0.2265427259874629, 0.3024636232188864, 0.19396008076890442, 0.2770335700247464], [0.23049328449328463, 0.27539656454656464, 0.21061454656454665, 0.2834956043956045], [0.31085333000333, 0.27147147297147295, 0.16882743922743934, 0.24884775779775803], [0.2616164134111504, 0.26555338345864665, 0.18205285825285833, 0.2907773448773449], [0.2236269980019982, 0.27242451159951175, 0.2365878843378844, 0.26736060606060624], [0.2570315295815297, 0.30983833388833376, 0.17570235875235882, 0.25742777777777787], [0.20329819624819634, 0.27678472083472083, 0.24980567561093883, 0.27011140730614397], [0.244236890886891, 0.3205036796536797, 0.19357587967587966, 0.2416835497835498], [0.23695737318237323, 0.3245543900543902, 0.19069395122421443, 0.24779428553902244], [0.2501142468642469, 0.2950326562326563, 0.19057673992673999, 0.264276356976357], [0.261353282828283, 0.27493879731379733, 0.23926806249306246, 0.22443985736485747], [0.28433982683982695, 0.25992402597402603, 0.18634783549783554, 0.2693883116883118], [0.29721345598845605, 0.2700821761571762, 0.17054123654123665, 0.26216313131313135], [0.2477258796758798, 0.2896633477633478, 0.2182844155844158, 0.24432635697635693], [0.24425661560661566, 0.2286183843933845, 0.1895806145608778, 0.3375443854391221], [0.29266083197847886, 0.2564236985236986, 0.15891194916194928, 0.29200352033587335], [0.19616341991342, 0.30728710733710723, 0.17441494061494067, 0.32213453213453214], [0.27668992118992136, 0.26869963924963924, 0.19815907980907985, 0.25645135975135985], [0.27881878954378964, 0.2645777777777778, 0.1645636585636586, 0.29203977411477416], [0.27814532134532133, 0.22808268953268968, 0.1728894300144301, 0.320882559107559], [0.2639469403145874, 0.28524316239316244, 0.18294327339327346, 0.26786662389897703], [0.25689445554445556, 0.27798626928626924, 0.1832255022755024, 0.281893772893773], [0.23887690292163985, 0.28253129998656334, 0.21504671439671447, 0.2635450826950828], [0.24048746808746818, 0.279534126984127, 0.20733872238872247, 0.2726396825396827], [0.26531834276834276, 0.2631154290154292, 0.1718747641247641, 0.2996914640914642], [0.2070667332667333, 0.30976838994339, 0.23905522533022544, 0.24410965145965144], [0.2664882672882674, 0.2018137307137308, 0.35435476745476746, 0.17734323454323464], [0.3224791228379464, 0.24457695637695653, 0.1545568356480122, 0.2783870851370852], [0.27320268620268623, 0.24307518037518047, 0.1757591297591297, 0.3079630036630037], [0.2176876623376624, 0.3029609557109557, 0.18775450105450103, 0.29159688089688085], [0.23215440115440114, 0.3158558885558886, 0.1813296167884403, 0.27066009350127], [0.2539984848484849, 0.20577628482628502, 0.21533923853923848, 0.3248859917859918], [0.31284826839826857, 0.24959688089688095, 0.16826913641913638, 0.26928571428571446], [0.2202514929514931, 0.28611726606726595, 0.19701818181818193, 0.2966130591630591], [0.24250250305250312, 0.22551911421911425, 0.18472751692751707, 0.34725086580086595], [0.24262819435466515, 0.34263806552924203, 0.17857273282273292, 0.23616100729336026], [0.23548405483405496, 0.28349054834054843, 0.21395190365190359, 0.2670734931734933], [0.2345004939504941, 0.28347852702852716, 0.22688713508713504, 0.2551338439338439], [0.2135364968364969, 0.304382151182151, 0.20803700743700745, 0.2740443445443447]]}}