{"test": {"ids": ["104113380", "103111930", "100117420", "109115070", "105113210", "105121190", "104112201", "108116070", "97109570", "97106970", "101111620", "109121410", "112117431", "102113350", "103109021", "106121190", "102107961", "102110890", "110115140", "100111620", "104113000", "110115890", "99109910", "98107210", "111119150", "102110690", "112119950", "97107681", "101108370", "111118820", "113121010", "102109840", "107120880", "104113550", "111118910", "108115500", "98110810", "97107821", "98117740", "113119300", "103109791", "104112470", "99111930", "99120010", "109121351", "106118820", "112116401", "109114651", "99109141", "108115880", "113118630", "112116451", "113117340", "108118301", "101108500", "109119450", "113119320", "99109161", "110121140", "107112840", "99110050", "101111140", "110121450", "110118630", "112119320", "101112540", "107114280", "103118291", "99108460", "105113190", "109120540", "102118380", "104111531", "113117550", "106117770", "105116441", "113118231", "98108370", "110114950", "105112240", "98109230", "113121750", "97106591", "98109090", "97106820", "103111480", "111116411", "107113840", "113119950", "101110740", "109120621", "109119010", "100113210", "113122190", "105113440", "97116410", "111120220", "106113360", "111116100", "112116610", "111121190", "103111990", "102114270", "109120560", "106116370", "111121410", "112121030", "109118701", "99107950", "102110850", "113120751", "98120010", "103113270", "110120700", "100120010", "99107660", "109117271", "107114490", "111119340", "101112201", "97107040", "112117580", "105119550", "105113170", "98106560", "107121230", "103110050", "107121640", "106114880", "98107010", "113121980", "108114220", "101109000", "113122120", "111119610", "105115680", "108118291", "112120640", "108113620", "112120540", "103120340", "101108580"], "labels": [1, 3, 2, 0, 3, 2, 0, 1, 0, 2, 3, 0, 0, 3, 0, 2, 3, 0, 0, 3, 1, 2, 2, 1, 3, 0, 0, 3, 1, 0, 2, 2, 1, 1, 0, 3, 1, 2, 2, 1, 3, 1, 1, 2, 0, 3, 0, 3, 3, 3, 3, 0, 2, 1, 3, 3, 1, 3, 3, 1, 3, 2, 3, 1, 1, 2, 3, 0, 0, 3, 1, 1, 0, 3, 0, 1, 3, 1, 0, 1, 1, 0, 1, 1, 1, 0, 0, 3, 0, 3, 1, 3, 0, 1, 0, 3, 3, 0, 3, 1, 1, 2, 3, 1, 2, 0, 0, 3, 1, 3, 1, 2, 2, 2, 0, 3, 0, 3, 3, 0, 2, 0, 1, 0, 1, 0, 3, 1, 0, 3, 2, 3, 1, 1, 2, 2, 3, 0, 3, 3, 1, 0], "predicted_labels": [1, 3, 2, 1, 0, 1, 2, 0, 1, 3, 1, 2, 0, 1, 0, 2, 3, 2, 3, 0, 0, 1, 2, 0, 3, 1, 0, 0, 3, 3, 3, 3, 0, 0, 0, 3, 1, 1, 3, 3, 3, 2, 1, 1, 1, 1, 3, 2, 1, 1, 1, 1, 1, 0, 1, 3, 3, 2, 0, 1, 1, 3, 1, 2, 2, 2, 0, 3, 3, 0, 1, 0, 1, 3, 3, 3, 3, 0, 3, 3, 0, 3, 1, 3, 3, 3, 1, 2, 0, 1, 1, 2, 3, 3, 1, 1, 0, 0, 3, 0, 0, 0, 1, 2, 3, 1, 1, 0, 1, 2, 3, 2, 2, 1, 2, 3, 3, 3, 0, 0, 0, 1, 1, 3, 3, 1, 1, 3, 1, 3, 1, 1, 3, 1, 0, 1, 0, 0, 1, 1, 3, 2], "confidence_scores": [[0.18593757882241038, 0.3209430692361027, 0.2485034988723314, 0.24461585306915573], [0.16033605892061514, 0.2843103243922511, 0.22132289499663202, 0.3340307216905016], [0.17232099100742324, 0.24728917454456723, 0.3792676062443097, 0.20112222820369996], [0.24003959996521962, 0.3935252748654012, 0.16239308951490888, 0.20404203565447027], [0.3153004964737086, 0.2711905971144413, 0.18498330598281199, 0.22852560042903813], [0.11767026928277013, 0.607638556882003, 0.12508723818416786, 0.14960393565105917], [0.2096674348337594, 0.26608315671630833, 0.3157345533350325, 0.20851485511489984], [0.3918395859906816, 0.2426086350778757, 0.22191887291216664, 0.143632906019276], [0.22036268843157855, 0.4285801821761588, 0.16880367197765672, 0.18225345741460594], [0.15622982057273246, 0.1515431626830496, 0.12923749524841815, 0.5629895214957998], [0.21896089302522148, 0.35030634645449177, 0.12925551496179985, 0.3014772455584868], [0.2187697853987415, 0.2660632348862819, 0.28433175282666706, 0.23083522688830957], [0.46920801744060986, 0.2598989600475623, 0.08135361481102954, 0.18953940770079836], [0.1799906840958752, 0.35506728708962637, 0.35034909187014074, 0.11459293694435778], [0.3048046696323976, 0.22206577677240677, 0.18817170574595746, 0.28495784784923833], [0.1965377988196032, 0.26279521798581357, 0.3517507942485418, 0.18891618894604148], [0.16418548531071628, 0.12464436064057205, 0.1075668387201425, 0.6036033153285691], [0.19580156542736726, 0.2244640883527971, 0.29117652716200215, 0.2885578190578335], [0.1498047380137586, 0.2600167987671534, 0.2529834814473415, 0.33719498177174656], [0.2926351203369564, 0.19906165246254853, 0.24421410137346825, 0.2640891258270269], [0.37721483642459924, 0.18526462438721442, 0.12214519228789524, 0.3153753469002913], [0.19525479828027226, 0.3129721328621023, 0.2543359377751618, 0.2374371310824637], [0.1680559812014104, 0.17442137807652636, 0.5237046749114422, 0.13381796581062091], [0.3436233054854507, 0.17674057641912405, 0.15763991689286838, 0.32199620120255673], [0.19974111674283765, 0.31135287847291393, 0.09735098597646255, 0.39155501880778587], [0.23278617514726233, 0.5196470863468076, 0.07140024151410838, 0.17616649699182185], [0.3559501570117865, 0.18502274844216543, 0.18165049370476513, 0.27737660084128324], [0.45551007538847826, 0.13983289670074928, 0.26283111733464437, 0.14182591057612812], [0.27489278736200584, 0.24175488235622541, 0.17218771848138464, 0.31116461180038407], [0.1928606674082527, 0.24893556135031233, 0.13665490449025977, 0.42154886675117526], [0.14075468647104633, 0.2720419732142931, 0.06560705301752207, 0.5215962872971385], [0.17243713534503233, 0.30343599901502755, 0.18359567635846724, 0.3405311892814729], [0.37796138622091224, 0.22361409679311794, 0.18314998726413229, 0.21527452972183767], [0.38445948933890667, 0.16853841066694447, 0.2383447872067834, 0.20865731278736568], [0.44925446934293684, 0.18249970518476025, 0.10421495468134659, 0.26403087079095633], [0.17722829795400658, 0.3198201296391375, 0.17062245040337562, 0.3323291220034803], [0.14430888663183913, 0.4359071588507722, 0.25928795169274443, 0.16049600282464394], [0.291544751799527, 0.33532396711280654, 0.11462749711494401, 0.2585037839727224], [0.1236967837097986, 0.13172278897895637, 0.31422301314996687, 0.4303574141612781], [0.23620741034391202, 0.1929115024202985, 0.21806854291359334, 0.3528125443221963], [0.19803353032052262, 0.25460093086433816, 0.15365995008830638, 0.3937055887268329], [0.2124694303696442, 0.1773240350123407, 0.31198832056509057, 0.2982182140529246], [0.3164152754497108, 0.33008828223365283, 0.17500478769132627, 0.17849165462530991], [0.19016965639226127, 0.32406357023840127, 0.31808478207486085, 0.16768199129447678], [0.16248892036534296, 0.4431902168767829, 0.16448431742554817, 0.2298365453323259], [0.15655457816050278, 0.5025422842132348, 0.12642406783957003, 0.21447906978669246], [0.27565419737370034, 0.19398951360352487, 0.18133652543941256, 0.3490197635833623], [0.18378942389868622, 0.19009627440733282, 0.3181890701105501, 0.3079252315834309], [0.22292483376048008, 0.31413707840013166, 0.25119829656390125, 0.21173979127548706], [0.23820538659060145, 0.3787999191387027, 0.15655820010807908, 0.22643649416261677], [0.2766196351104316, 0.38222779410934543, 0.12614423936024097, 0.21500833141998213], [0.24008099316870074, 0.4764099507619935, 0.11452381963432952, 0.1689852364349762], [0.20401637573201936, 0.4537574550141362, 0.10141312375630294, 0.24081304549754148], [0.5060533664693724, 0.26170332037932503, 0.0989556485147761, 0.13328766463652642], [0.16993045531479575, 0.4773771894733752, 0.1600092185051434, 0.19268313670668574], [0.07886215145804788, 0.16462700507545341, 0.07919912329534552, 0.677311720171153], [0.35870619283429833, 0.15668528349317795, 0.07922621889827806, 0.40538230477424564], [0.22755024367335575, 0.30229947028807824, 0.35408862761896537, 0.11606165841960076], [0.37615810492763335, 0.24037186200527144, 0.21979961566087386, 0.1636704174062215], [0.2897348580064361, 0.36479832230031234, 0.15065479076071153, 0.1948120289325399], [0.2602618081032383, 0.2710534384252871, 0.2691906295885515, 0.19949412388292306], [0.1528488717870832, 0.22772662471664973, 0.2567823008385265, 0.36264220265774055], [0.3179188176939421, 0.3216393028683739, 0.15014373731944633, 0.21029814211823764], [0.25854686025228346, 0.17708378301986388, 0.39333663923610684, 0.17103271749174584], [0.1456415638116399, 0.1922539778174881, 0.4319367351344359, 0.23016772323643608], [0.21420106772588413, 0.25684668330669236, 0.30657538545329627, 0.22237686351412728], [0.33583088359677743, 0.2837010026137527, 0.1640905165239098, 0.21637759726556027], [0.1425211453237648, 0.30510475644195856, 0.1983959555522038, 0.353978142682073], [0.2740313000245286, 0.27275270848483896, 0.08654172313668429, 0.36667426835394823], [0.32697247560573106, 0.27795675870471737, 0.17991038021660816, 0.21516038547294333], [0.1660277400902071, 0.37254137961801087, 0.10887558701674324, 0.35255529327503893], [0.2968569438200182, 0.2739997879957711, 0.16521069383594034, 0.2639325743482704], [0.17728212139603516, 0.40828341729865736, 0.14704207285559595, 0.2673923884497114], [0.23529519076862057, 0.2875807700036801, 0.17728053066603847, 0.2998435085616608], [0.25603880817981495, 0.27003977555800507, 0.19510279614630802, 0.27881862011587205], [0.13978625555702026, 0.30088780085809735, 0.19692119720787085, 0.3624047463770116], [0.15741798798251205, 0.28523492010469886, 0.14830405695891452, 0.40904303495387456], [0.3568033528658516, 0.2610042419253782, 0.19637047670610525, 0.18582192850266513], [0.1719993963502922, 0.18759676942065354, 0.1795490870591498, 0.46085474716990443], [0.2598700941216501, 0.292676144266525, 0.12826889366418376, 0.3191848679476413], [0.33093105939797346, 0.270205007793923, 0.2293034868263574, 0.1695604459817461], [0.1910089508208152, 0.3229964816774631, 0.10908634380747315, 0.3769082236942486], [0.143801692399364, 0.5212029125087231, 0.22475978913802408, 0.11023560595388893], [0.1967165404404302, 0.21947999786520933, 0.22082301812612634, 0.36298044356823417], [0.16044488240469507, 0.19182504072917433, 0.09052033846845721, 0.5572097383976733], [0.25027097261507075, 0.23714187675638881, 0.2504908010290326, 0.2620963495995078], [0.28020791566890985, 0.36166655633929945, 0.10593672966174836, 0.25218879833004243], [0.21197895718496632, 0.26243149088284584, 0.2929759711526002, 0.2326135807795875], [0.5994657643676018, 0.21051268498328157, 0.10891113478357121, 0.08111041586554542], [0.2469539450531453, 0.33684087496832965, 0.21553978930505968, 0.2006653906734654], [0.1885109277969291, 0.5188236025469383, 0.09705562100351665, 0.19560984865261594], [0.13492316129799417, 0.241984846995977, 0.3759651047016945, 0.2471268870043343], [0.1825163608508082, 0.24189090847334915, 0.19649937749754037, 0.37909335317830223], [0.18724720875636916, 0.27580077718178386, 0.20706133825483392, 0.3298906758070132], [0.19190466864102834, 0.4104002180242403, 0.19008591222553378, 0.20760920110919748], [0.18759567043310546, 0.4529249222416226, 0.2129188755534324, 0.1465605317718395], [0.5304376757359406, 0.23475822232776242, 0.07859828516984123, 0.15620581676645556], [0.33198878490667255, 0.2785088449724919, 0.21810803754928165, 0.17139433257155404], [0.20667061412778093, 0.29337785934246746, 0.11303816416995115, 0.3869133623598003], [0.33092389724592347, 0.19835164903704852, 0.30933739718265874, 0.16138705653436916], [0.31009972563591304, 0.23065367710323373, 0.19306437205831467, 0.26618222520253876], [0.4747501166692878, 0.2701976871872096, 0.0720331530052452, 0.18301904313825748], [0.1336208622569476, 0.5708199567261504, 0.15176934943833265, 0.14378983157856928], [0.19344221223779567, 0.26737187588601785, 0.33433205934695576, 0.2048538525292308], [0.19046256222224503, 0.259435458008716, 0.1718205447442069, 0.37828143502483225], [0.17107721147940136, 0.38761823082550567, 0.26405900146803, 0.17724555622706287], [0.2473092023734131, 0.4045051746513105, 0.14156799369544296, 0.2066176292798335], [0.3624161950225606, 0.30358862961907673, 0.10115484045041757, 0.23284033490794512], [0.1494884233057491, 0.3979592550454989, 0.22451957936794392, 0.22803274228080822], [0.16725354255740388, 0.18491264154503734, 0.34787470283630345, 0.2999591130612555], [0.2596036404817286, 0.21747783640317048, 0.24244896993200604, 0.2804695531830949], [0.11861237973867676, 0.3824387902557901, 0.41187663543005737, 0.08707219457547591], [0.21792896335445597, 0.24858415974993953, 0.32499534832791477, 0.20849152856768974], [0.22016206803411273, 0.38136831724802955, 0.1663132154016549, 0.23215639931620308], [0.247914730207661, 0.2515184828168752, 0.2961842774619251, 0.20438250951353873], [0.25490511563074264, 0.2381405707217932, 0.251330716341059, 0.25562359730640516], [0.10460128644585888, 0.16417275038718815, 0.20420513147324973, 0.5270208316937033], [0.22039114500329182, 0.18384658823152444, 0.1546164480325013, 0.4411458187326824], [0.4688561917812446, 0.12253033135622217, 0.0762174247574928, 0.33239605210504036], [0.5652465686771705, 0.291827158768275, 0.06439652488236963, 0.07852974767218493], [0.3527215918939464, 0.20721949788046903, 0.30200616417614634, 0.13805274604943815], [0.17409459273719788, 0.40350238287483436, 0.19108741252460698, 0.2313156118633609], [0.26410164258829755, 0.4504606767833428, 0.13248396553347863, 0.15295371509488104], [0.1683285390228271, 0.20519203460744623, 0.06304480259294275, 0.563434623776784], [0.2563667547257371, 0.1556670890004451, 0.2806255800728539, 0.30734057620096394], [0.12229922732733604, 0.33500445068368406, 0.23681709430549547, 0.3058792276834844], [0.16221056025018987, 0.39734092232402707, 0.36869268092396734, 0.07175583650181572], [0.19326338165930687, 0.24514733737438693, 0.14433367631525174, 0.41725560465105443], [0.17291713660931585, 0.5816808845945391, 0.10554929596458151, 0.13985268283156352], [0.14925391540089866, 0.2473081387752259, 0.18164511102407854, 0.42179283479979696], [0.11072518120658975, 0.463714488572781, 0.1082996528212419, 0.31726067739938724], [0.3177106610750087, 0.35882353011041856, 0.17756489476666215, 0.14590091404791045], [0.20193244958614429, 0.19876512524809084, 0.13674555077505046, 0.4625568743907146], [0.1841634462630271, 0.4475086594369716, 0.25662013123895333, 0.11170776306104778], [0.34962613242221835, 0.32622250717603657, 0.1685946187409099, 0.15555674166083527], [0.1768504008995598, 0.3566421110610663, 0.22231599457234075, 0.2441914934670331], [0.34418405656996476, 0.2818937003295664, 0.13328736975208882, 0.2406348733483802], [0.3430803436087568, 0.20637069321994717, 0.22021493704877534, 0.23033402612252069], [0.2238225173883359, 0.33519353154473785, 0.21691270247029226, 0.22407124859663405], [0.23343270447362782, 0.3118216641796404, 0.2489087911383613, 0.20583684020837043], [0.25268551711767295, 0.2411022612618093, 0.15562968151958337, 0.35058254010093437], [0.23954512945355394, 0.13570987319386674, 0.4290038556396692, 0.19574114171291007]]}, "rewritten": {"ids": ["97106591", "97106820", "97106970", "97107040", "97107681", "97107821", "97109570", "97116410", "98106560", "98107010", "98107210", "98108370", "98109090", "98109230", "98110810", "98117740", "98120010", "99107660", "99107950", "99108460", "99109141", "99109161", "99109910", "99110050", "99111930", "99120010", "100111620", "100113210", "100117420", "100120010", "101108370", "101108500", "101108580", "101109000", "101110740", "101111140", "101111620", "101112201", "101112540", "102107961", "102109840", "102110690", "102110850", "102110890", "102113350", "102114270", "102118380", "103109021", "103109791", "103110050", "103111480", "103111930", "103111990", "103113270", "103118291", "103120340", "104111531", "104112201", "104112470", "104113000", "104113380", "104113550", "105112240", "105113170", "105113190", "105113210", "105113440", "105115680", "105116441", "105119550", "105121190", "106113360", "106114880", "106116370", "106117770", "106118820", "106121190", "107112840", "107113840", "107114280", "107114490", "107120880", "107121230", "107121640", "108113620", "108114220", "108115500", "108115880", "108116070", "108118291", "108118301", "109114651", "109115070", "109117271", "109118701", "109119010", "109119450", "109120540", "109120560", "109120621", "109121351", "109121410", "110114950", "110115140", "110115890", "110118630", "110120700", "110121140", "110121450", "111116100", "111116411", "111118820", "111118910", "111119150", "111119340", "111119610", "111120220", "111121190", "111121410", "112116401", "112116451", "112116610", "112117431", "112117580", "112119320", "112119950", "112120540", "112120640", "112121030", "113117340", "113117550", "113118231", "113118630", "113119300", "113119320", "113119950", "113120751", "113121010", "113121750", "113121980", "113122120", "113122190"], "labels": [1, 1, 2, 2, 3, 2, 0, 3, 1, 3, 1, 1, 1, 1, 1, 2, 2, 3, 1, 0, 3, 3, 2, 3, 1, 2, 3, 0, 2, 0, 1, 3, 0, 1, 3, 2, 3, 0, 2, 3, 2, 0, 3, 0, 3, 3, 1, 0, 3, 3, 0, 3, 2, 2, 0, 1, 0, 0, 1, 1, 1, 1, 1, 0, 3, 3, 0, 2, 1, 1, 2, 0, 0, 2, 0, 3, 2, 1, 3, 3, 3, 1, 0, 1, 3, 3, 3, 3, 1, 3, 1, 3, 0, 0, 3, 3, 3, 1, 1, 1, 0, 0, 0, 0, 2, 1, 2, 3, 3, 3, 0, 0, 0, 3, 3, 2, 3, 1, 0, 0, 0, 1, 0, 0, 1, 0, 3, 0, 0, 2, 3, 3, 3, 1, 1, 0, 1, 2, 0, 2, 1, 1], "predicted_labels": [2, 3, 3, 2, 0, 1, 1, 1, 0, 3, 3, 0, 0, 0, 1, 3, 1, 2, 1, 0, 1, 2, 2, 1, 1, 3, 1, 3, 2, 2, 3, 1, 2, 3, 0, 3, 1, 1, 1, 2, 1, 0, 3, 3, 2, 1, 0, 1, 3, 2, 0, 1, 1, 1, 3, 3, 3, 2, 0, 3, 3, 0, 3, 3, 1, 1, 3, 1, 1, 1, 1, 0, 1, 1, 1, 1, 2, 1, 0, 1, 3, 3, 1, 3, 1, 1, 1, 3, 1, 0, 0, 2, 1, 0, 1, 3, 3, 1, 1, 1, 1, 3, 3, 3, 1, 0, 1, 0, 1, 3, 0, 3, 0, 3, 3, 1, 0, 0, 1, 3, 1, 2, 3, 2, 2, 3, 0, 0, 3, 1, 3, 3, 3, 3, 3, 0, 1, 1, 3, 1, 1, 1], "confidence_scores": [[0.2497554396789951, 0.21722794892223224, 0.31387924590614075, 0.21913736549263182], [0.14565546675428415, 0.2200432423464502, 0.12462680903441238, 0.5096744818648533], [0.2053771066626729, 0.2175215925794658, 0.2873569602932387, 0.28974434046462244], [0.11535972448238266, 0.20678143644189614, 0.5868738936604403, 0.09098494541528086], [0.3799575300757565, 0.17397922711814906, 0.28812522060323015, 0.15793802220286426], [0.19458107010071796, 0.38171158485070983, 0.1529490177887868, 0.2707583272597853], [0.2831448033193248, 0.3823226790302257, 0.1601169077295502, 0.17441560992089927], [0.20045345531787886, 0.32148287234257883, 0.2767253282763217, 0.20133834406322074], [0.3674801812962778, 0.16440317190906148, 0.1457145920280238, 0.322402054766637], [0.12373379381435311, 0.23502420195845664, 0.14854181964078292, 0.4927001845864074], [0.2737139734531808, 0.16121696887260079, 0.11735813781022633, 0.4477109198639921], [0.40848920792298243, 0.1281577388833169, 0.2500903414160795, 0.21326271177762116], [0.27498147312503646, 0.25013526810498293, 0.25213580538474495, 0.2227474533852358], [0.41131533515786695, 0.24705878837313394, 0.19529124443525891, 0.1463346320337403], [0.1396662257538212, 0.45544386040815515, 0.3032120499546228, 0.10167786388340075], [0.133770555713524, 0.1452497734338651, 0.2678729308836857, 0.4531067399689252], [0.23617569958484616, 0.26854182454826714, 0.24560222409854215, 0.24968025176834444], [0.15405931642174514, 0.15896711652366635, 0.45374632510579976, 0.23322724194878897], [0.14762257099410941, 0.42983491191996326, 0.22266978870518195, 0.19987272838074546], [0.33052399868040955, 0.313808037282494, 0.08934689226830096, 0.2663210717687954], [0.11095155851708145, 0.6767077408983576, 0.1060758385050205, 0.10626486207954042], [0.1988063562624161, 0.35028718403736037, 0.3617231756637991, 0.08918328403642438], [0.17337644214960107, 0.15656519062180382, 0.4170061467212175, 0.2530522205073776], [0.15515187520728627, 0.36429556314168676, 0.2620092592627908, 0.21854330238823633], [0.19623867889508698, 0.36475605355179164, 0.12975290710477952, 0.309252360448342], [0.16472019784714026, 0.3037984236702715, 0.1952954303490021, 0.3361859481335862], [0.2268730051180737, 0.38974841828815254, 0.14064771091483746, 0.24273086567893634], [0.20884605913761028, 0.22246320575772469, 0.23741641489831108, 0.3312743202063541], [0.15351093067335084, 0.21824383712463996, 0.4454350112405599, 0.18281022096144942], [0.2768211136397449, 0.24493873897300272, 0.28535566513005295, 0.1928844822571995], [0.22819292560543553, 0.2309776665291388, 0.17127927179261165, 0.36955013607281406], [0.19477968290977102, 0.45887300933251013, 0.15689305409737395, 0.1894542536603449], [0.19143364282533462, 0.11213122876081022, 0.46728439962131574, 0.22915072879253948], [0.0899243091757039, 0.1737482275574051, 0.08969564218903366, 0.6466318210778574], [0.4378071060247596, 0.19938088969806236, 0.13979615919271898, 0.22301584508445893], [0.1235579161652932, 0.232920488201792, 0.2104259203768928, 0.4330956752560221], [0.2133752427191854, 0.44432928120420745, 0.16745107279220198, 0.1748444032844051], [0.24820344685754442, 0.30919690754142853, 0.25456563356109246, 0.1880340120399347], [0.2628876339700319, 0.3152576320300857, 0.20855719306495948, 0.21329754093492276], [0.1832513064662267, 0.2619637851146641, 0.3263923997066871, 0.22839250871242217], [0.18075805120729105, 0.2896017569796685, 0.2733467136921828, 0.25629347812085773], [0.3841458027717811, 0.2768420834004116, 0.1596195052771005, 0.17939260855070688], [0.20118822639813794, 0.19533513529193844, 0.25907306378040923, 0.34440357452951437], [0.19508281874380787, 0.19676701691874965, 0.2639541584685827, 0.34419600586885973], [0.13744384198402765, 0.3575299159170367, 0.43366371641947243, 0.07136252567946305], [0.1702109824376972, 0.6096482455264034, 0.10090758733949251, 0.11923318469640697], [0.41649970353628074, 0.1948079436604069, 0.18520110842769794, 0.20349124437561442], [0.17283494696990062, 0.43182616769513343, 0.16335055759176875, 0.23198832774319705], [0.2936570599432583, 0.23525182198512648, 0.08764931366681891, 0.38344180440479636], [0.15148473954758543, 0.2403982473454472, 0.5096081557829613, 0.09850885732400616], [0.39266451944109787, 0.21692167338474155, 0.16375595173513557, 0.22665785543902495], [0.19486427149888438, 0.33344614371690356, 0.22628059985090243, 0.2454089849333096], [0.3102469826286528, 0.3195666049124926, 0.15244026744639347, 0.2177461450124612], [0.2114398166228989, 0.3122316107711082, 0.2830351414189313, 0.19329343118706144], [0.14482070871478664, 0.22316635690020276, 0.17751130171052987, 0.4545016326744808], [0.2388769202988911, 0.24685662695181065, 0.18801645268703532, 0.32625000006226296], [0.24350477892467784, 0.2690683461067194, 0.17805408414933638, 0.3093727908192664], [0.12668142641726032, 0.17460698281732037, 0.5783393831481761, 0.12037220761724311], [0.2888426936377807, 0.24652896650950568, 0.19029438854686268, 0.27433395130585103], [0.20251456887937508, 0.13158267292031425, 0.16842592981587767, 0.49747682838443325], [0.20081884584287904, 0.2438067494206588, 0.23478503377845425, 0.32058937095800794], [0.39382975650389257, 0.20330822899793025, 0.2234033811686938, 0.17945863332948356], [0.2680805435508078, 0.25388019393579564, 0.1645904467043512, 0.3134488158090452], [0.1487434931526397, 0.20336486691356973, 0.07337907629215817, 0.5745125636416323], [0.31180250240502794, 0.3225908478167695, 0.12405003442873866, 0.24155661534946377], [0.22831336244554715, 0.36125491880491134, 0.13818192423467554, 0.27224979451486603], [0.2318208501570251, 0.26309803491728734, 0.1942661906860727, 0.3108149242396147], [0.19105014146050184, 0.40997823239002207, 0.1949671826887916, 0.2040044434606845], [0.12323471645699631, 0.4579264106631736, 0.24570215608404364, 0.1731367167957865], [0.28763745581504646, 0.392648671878214, 0.1566803429778759, 0.16303352932886375], [0.18440902673352286, 0.385634030710117, 0.25157481309476204, 0.17838212946159826], [0.31648702811433166, 0.300929208578913, 0.18508385371357408, 0.1974999095931812], [0.1466618509471691, 0.5964748205520246, 0.10767565470797712, 0.149187673792829], [0.1968560609106554, 0.3695696029196577, 0.13455322875095008, 0.2990211074187368], [0.27803769402740913, 0.39452968775330455, 0.1093976588105175, 0.2180349594087689], [0.16900814624731522, 0.4348363789204559, 0.19531945527619282, 0.20083601955603606], [0.13458826742444524, 0.24370721172789256, 0.394773043245434, 0.22693147760222837], [0.40266379884627346, 0.40524878440818013, 0.10813590802843898, 0.08395150871710737], [0.2851364324487482, 0.24661471855096914, 0.18913421587393026, 0.2791146331263525], [0.2947190426981168, 0.40481190577729836, 0.12999356027505837, 0.1704754912495266], [0.2141734098337408, 0.21695507679299056, 0.17978431930875763, 0.3890871940645112], [0.17544192748182197, 0.15946959422245402, 0.1714415698512705, 0.49364690844445364], [0.1665407854582012, 0.46798026036945084, 0.14596809137213348, 0.21951086280021442], [0.17800941981493884, 0.20137396379213768, 0.29246530496372336, 0.3281513114292001], [0.1595808882918794, 0.4591764174725508, 0.219493885888014, 0.16174880834755592], [0.2613573623140447, 0.32433475773212156, 0.19501466788144492, 0.21929321207238864], [0.18633456228940318, 0.3631390930764114, 0.23405771080810617, 0.21646863382607942], [0.25441716759541716, 0.24467746283921504, 0.1899957065957633, 0.31090966296960443], [0.2857479226342668, 0.34082560953172536, 0.20835195241702623, 0.16507451541698148], [0.41420006546876614, 0.20807712881394283, 0.15982830506124276, 0.21789450065604843], [0.4010740458678983, 0.36501990034631493, 0.07632065321068933, 0.15758540057509737], [0.2215069229949753, 0.23807334548930262, 0.27201309671354557, 0.26840663480217647], [0.32994315139230224, 0.3959138633451998, 0.12914912260859743, 0.14499386265390046], [0.3779210010081522, 0.15574245017165742, 0.21198577728735601, 0.2543507715328344], [0.1848082101332188, 0.34974517991209725, 0.16180785254735644, 0.30363875740732754], [0.1510850591737745, 0.27763895161661983, 0.24673113979344538, 0.3245448494161604], [0.14060769675049492, 0.30324809211409226, 0.11442094800490119, 0.4417232631305115], [0.17899345098691335, 0.45826952093402096, 0.1344870178382621, 0.22825001024080369], [0.16783082391986187, 0.35910834913073386, 0.24483291854435832, 0.22822790840504603], [0.25109845427679, 0.43505999645985216, 0.14235971231322153, 0.17148183695013647], [0.22992268052712647, 0.3041449030640344, 0.17735939441139717, 0.28857302199744206], [0.23990781509264544, 0.2503700244030427, 0.22961618462004013, 0.280105975884272], [0.2173694955799534, 0.24360265308052784, 0.11473729287721414, 0.4242905584623047], [0.21121306013473232, 0.20795133441646474, 0.14249352631993448, 0.4383420791288684], [0.12658344743260902, 0.4188963175867144, 0.33330865122344455, 0.12121158375723207], [0.34941210606103335, 0.23932523371573403, 0.1891824820985175, 0.22208017812471512], [0.2732287358050886, 0.35311736734707483, 0.12407668109698824, 0.24957721575084835], [0.43735560066031687, 0.1935577022953858, 0.205766143582737, 0.16332055346156035], [0.24381085059400226, 0.44561176573062, 0.12751954193531193, 0.1830578417400659], [0.21786481604628344, 0.27644277338425916, 0.10281071617417475, 0.4028816943952829], [0.4246227874575025, 0.21998917702389267, 0.10036240526927287, 0.255025630249332], [0.29830630235339645, 0.271463380176564, 0.11101265778779966, 0.3192176596822399], [0.3698750344334635, 0.26814371451886954, 0.11472305167613447, 0.2472581993715326], [0.24848663870035442, 0.29828055337728754, 0.1336422825273927, 0.31959052539496563], [0.29416151102395677, 0.17654858807259322, 0.13685815060025755, 0.3924317503031924], [0.30609498319448514, 0.30636122132851995, 0.14206511846887898, 0.245478677008116], [0.48492462599078234, 0.25880728627106575, 0.09595542083197947, 0.16031266690617252], [0.34343850383558033, 0.1876801663715954, 0.19900812440426677, 0.26987320538855764], [0.20147988484672363, 0.4036012674606171, 0.1564144438306451, 0.23850440386201413], [0.30020575143768813, 0.22804946623153297, 0.14868795428845621, 0.32305682804232255], [0.23388459823075278, 0.5241013035640617, 0.11407193897733384, 0.1279421592278518], [0.2284846099070326, 0.3066924934585963, 0.32109256174996476, 0.14373033488440645], [0.22902369569958192, 0.2922835238914759, 0.16076668415837764, 0.3179260962505645], [0.22751815962654104, 0.23371655461028526, 0.371422460952397, 0.16734282481077686], [0.14658067487838164, 0.19433450080154963, 0.39810782774075765, 0.260976996579311], [0.3134023292494652, 0.2001451662809579, 0.13838297494280574, 0.3480695295267711], [0.4880271858206661, 0.16705045353847522, 0.1759418454411317, 0.16898051519972704], [0.33736252979923487, 0.2086657116440817, 0.23743954777222728, 0.21653221078445611], [0.27580642467001865, 0.21920252544233504, 0.20908368004943625, 0.2959073698382101], [0.2319033362829844, 0.3621894429559844, 0.13287448378970879, 0.27303273697132263], [0.2238117774928423, 0.2954564900524527, 0.1624239433167673, 0.3183077891379377], [0.16268298092053374, 0.2552992790247438, 0.10552213868645649, 0.47649560136826585], [0.16804566548534983, 0.25498832479958455, 0.12480228123942547, 0.4521637284756403], [0.17725439766414783, 0.1645414388080188, 0.08233629839490604, 0.5758678651329274], [0.30722411737504235, 0.25297870339557077, 0.11443851286387725, 0.3253586663655095], [0.6540089473072314, 0.16125854130430403, 0.08441874000267717, 0.10031377138578748], [0.19206555968286815, 0.37978094800218665, 0.15853444002184827, 0.2696190522930969], [0.13078345167788258, 0.5326788704191366, 0.10104508697275084, 0.2354925909302299], [0.24902657719896745, 0.23692636346690532, 0.1657103381134634, 0.3483367212206638], [0.09582558674197778, 0.4161321631231494, 0.1720318696097523, 0.3160103805251204], [0.13575866306984635, 0.5146877341610671, 0.22910257063938635, 0.12045103212970018], [0.1653217989847395, 0.28434400410016736, 0.2782535291420848, 0.27208066777300843]]}}