{"test": {"ids": ["113117340", "105116441", "113120280", "109114651", "98107410", "112116800", "108114180", "111115770", "100109330", "107114321", "112117571", "99109370", "105112130", "105121370", "106114321", "101112160", "108114270", "107114780", "102114270", "108114040", "101117580", "103117461", "112117660", "100111620", "107114140", "103117200", "101116130", "109121640", "100108080", "103113101", "113122510", "109116750", "102109840", "112120640", "113122180", "111119950", "104111880", "107118490", "106113830", "105111990", "110114610", "105117351", "108115880", "101108460", "101114020", "111118810", "102110500", "112121430", "111119430", "104118070", "111120640", "112117471", "99112840", "113120540", "98112170", "98120530", "97112290", "102110750", "113122430", "108115500", "107113130", "111119930", "112118550", "97105760", "112116900", "109115380", "109117271", "105115720", "112119950", "107113840", "103113260", "106118161", "113119930", "113120751", "98112300", "112118421", "113122170", "98116500", "112120290", "113122650", "108119330", "98107340", "113117550", "108113620", "112116401", "109116170", "112121410", "98111860", "112117210", "107117630", "109118231", "105117431", "99113260", "111120260", "106117650", "97118210", "108117360", "110120190", "103113270", "98111231", "107120130", "107115140", "110118630", "104113190", "112118890", "99109141", "105118740", "107112840", "109115070", "101121640", "100116790", "99107560", "108118810", "113118810", "111114321", "104114230", "108118291", "107119390", "109116810", "109118161", "110116290", "99108330", "110121170", "99108310", "111117200", "100120010", "111116040", "112116810", "112121360", "106114150", "98109570", "104116441", "111121930", "105113440", "106120640", "103113610", "111118910", "111117571", "102117351", "100111270", "106116441", "103112470"], "labels": [2, 1, 0, 3, 3, 0, 1, 3, 0, 0, 3, 1, 1, 2, 2, 3, 3, 2, 3, 0, 3, 0, 0, 3, 2, 0, 2, 0, 0, 3, 2, 0, 2, 0, 2, 0, 3, 2, 1, 2, 1, 0, 3, 0, 3, 0, 3, 2, 3, 2, 0, 3, 2, 3, 3, 1, 1, 1, 2, 3, 1, 1, 3, 0, 3, 3, 0, 1, 0, 3, 3, 3, 1, 1, 2, 3, 1, 2, 1, 2, 0, 0, 3, 3, 0, 0, 0, 0, 1, 0, 1, 1, 0, 3, 1, 2, 1, 3, 2, 1, 2, 0, 1, 3, 3, 3, 1, 1, 0, 2, 2, 1, 1, 3, 1, 2, 3, 2, 3, 0, 2, 1, 2, 2, 0, 0, 0, 3, 3, 1, 1, 1, 1, 0, 3, 2, 0, 3, 1, 2, 0, 1], "predicted_labels": [1, 1, 3, 3, 0, 3, 1, 0, 1, 1, 1, 1, 3, 1, 1, 1, 1, 1, 3, 1, 1, 1, 3, 1, 1, 1, 1, 1, 1, 3, 1, 0, 1, 0, 3, 1, 1, 1, 1, 1, 3, 1, 1, 3, 3, 3, 1, 1, 1, 1, 1, 1, 3, 1, 3, 1, 1, 1, 1, 1, 3, 3, 3, 3, 1, 1, 3, 3, 0, 0, 1, 1, 1, 1, 1, 3, 1, 3, 3, 3, 3, 3, 1, 1, 3, 1, 0, 3, 3, 1, 1, 1, 1, 3, 1, 1, 3, 3, 1, 3, 3, 1, 1, 1, 1, 1, 1, 0, 1, 3, 1, 1, 3, 1, 1, 1, 1, 3, 3, 0, 0, 1, 3, 1, 0, 3, 3, 0, 1, 1, 1, 1, 1, 1, 1, 1, 1, 3, 0, 3, 3, 3], "confidence_scores": [[0.24126981220696966, 0.30898264810810594, 0.19775454076187254, 0.25199299892305205], [0.2687547865160533, 0.336206050869567, 0.12714761955090703, 0.2678915430634726], [0.27870663607902074, 0.24081600485736238, 0.13747040236432337, 0.3430069566992932], [0.22846137293028504, 0.2672473821160571, 0.17754647279681618, 0.3267447721568417], [0.2869887157875863, 0.2730667241007283, 0.19027083170754874, 0.24967372840413685], [0.2614496133052433, 0.2845523977450946, 0.16642164682053212, 0.2875763421291301], [0.21307230293792942, 0.31630801835530464, 0.17611736147310833, 0.294502317233658], [0.2983055574334156, 0.2892521103937429, 0.15432115559472204, 0.2581211765781195], [0.28140875721948844, 0.2855089508812679, 0.17095849901829285, 0.2621237928809509], [0.28059737751713876, 0.3108698840074915, 0.15558912668565347, 0.25294361178971647], [0.21548538186030544, 0.3169002830531396, 0.1646165128823115, 0.3029978222042435], [0.2295698118699003, 0.3157854763813526, 0.18022598839964987, 0.27441872334909734], [0.2599422278905562, 0.273766647180301, 0.16763159047925555, 0.2986595344498873], [0.22179045854897456, 0.3475059494521229, 0.18042180982440112, 0.2502817821745016], [0.2634664091503718, 0.2968658398069614, 0.16049314413077884, 0.2791746069118883], [0.21708348013541362, 0.2948489290756765, 0.19750816106200766, 0.2905594297269022], [0.24521953259655876, 0.3460563160443245, 0.1828545856663251, 0.22586956569279187], [0.20378256114674442, 0.34044323465194315, 0.2110474087462303, 0.24472679545508227], [0.21244833479358086, 0.28334592429086525, 0.21989893124980578, 0.2843068096657484], [0.21747105829744498, 0.32092927275743904, 0.1993528647744375, 0.26224680417067897], [0.2161226093849206, 0.32388976649883117, 0.21880404088073616, 0.24118358323551228], [0.2786733662049222, 0.2911349529753394, 0.14903188236225545, 0.281159798457483], [0.2104132798311381, 0.26908676369054346, 0.15774152901843722, 0.36275842745988124], [0.23028344953533492, 0.2643013352603404, 0.24226979541685684, 0.2631454197874681], [0.19438042344209086, 0.29830305412894836, 0.216739602645106, 0.2905769197838549], [0.27258247166492855, 0.31666091121894224, 0.17434227725402207, 0.23641433986210722], [0.21955036269742578, 0.28365457737464145, 0.22058605143792348, 0.27620900849000946], [0.28428895312836705, 0.2855395638672059, 0.1566567961453856, 0.27351468685904157], [0.21060652045138023, 0.3193647730801039, 0.20127490652426608, 0.2687537999442501], [0.2195788418800353, 0.2806606928307886, 0.19352165860490683, 0.30623880668426934], [0.21887013211008205, 0.32156028235417927, 0.19662722827563373, 0.26294235726010506], [0.2962276796279106, 0.2829085284174043, 0.18512194377569993, 0.23574184817898533], [0.22490498718505678, 0.32081698116087304, 0.18248357588721745, 0.2717944557668528], [0.29761518295828304, 0.2800045307665669, 0.16406538106311974, 0.2583149052120305], [0.21137918870150638, 0.29176640423272543, 0.17908993535277706, 0.3177644717129914], [0.20900013900767866, 0.3136903581652008, 0.1907054287858131, 0.28660407404130744], [0.2015109225290935, 0.30879858619523515, 0.2172558332543846, 0.2724346580212867], [0.24148387899641807, 0.2986436712169456, 0.20601699780210248, 0.25385545198453385], [0.2379284059425995, 0.2953065315814533, 0.18492687784894735, 0.28183818462699983], [0.24697331975172293, 0.3327062259114451, 0.168881756197704, 0.25143869813912806], [0.262785973005752, 0.26639911872965316, 0.20119164328470263, 0.2696232649798922], [0.2559562754641853, 0.310517539306835, 0.1482845058111611, 0.28524167941781864], [0.2599764200347648, 0.2789894568471152, 0.18626815911026653, 0.2747659640078536], [0.2675388305075946, 0.2845317603660565, 0.16090258565550786, 0.2870268234708413], [0.2277151880180962, 0.24098950028201707, 0.1930546303424288, 0.338240681357458], [0.2565146509156286, 0.2653877672584337, 0.19397545231156557, 0.28412212951437205], [0.2475675260446152, 0.301010018465101, 0.151074605275355, 0.3003478502149288], [0.23109076454285166, 0.305111752178178, 0.21407928499163448, 0.2497181982873358], [0.2691458181977789, 0.29150178217078687, 0.184466778525614, 0.25488562110582047], [0.21001094192593545, 0.2931129615475748, 0.2075989004939904, 0.28927719603249946], [0.23279333350900447, 0.2984954130907481, 0.1835405457309504, 0.28517070766929736], [0.289158364993386, 0.33554725870758273, 0.15769700385465757, 0.2175973724443736], [0.24139661948928304, 0.2770405935016569, 0.18578674860689465, 0.2957760384021657], [0.2541501381421974, 0.31634951669954636, 0.13700150062180202, 0.2924988445364544], [0.2684186802705169, 0.2725641673628002, 0.17298914600010765, 0.28602800636657544], [0.22373163929537734, 0.30797326542582143, 0.17181167497616806, 0.29648342030263336], [0.24445750348683234, 0.3660972237992107, 0.13953428182575645, 0.2499109908882006], [0.21023486185626183, 0.3400837149232555, 0.19413451249266742, 0.2555469107278155], [0.25227610434017755, 0.3062214168600286, 0.16220693499650773, 0.27929554380328636], [0.2389634576645674, 0.28552933825650806, 0.2465113438364291, 0.22899586024249566], [0.20387494931108643, 0.2978834268384743, 0.1919216682059009, 0.3063199556445384], [0.23876816776516516, 0.28755626694167846, 0.15149726373472355, 0.32217830155843297], [0.2672909242439509, 0.2858570739813113, 0.16090056344964154, 0.2859514383250963], [0.2479442288017344, 0.24535520580755285, 0.1779195609977898, 0.328781004392923], [0.24628007980702205, 0.3259094642528695, 0.1345902047065614, 0.2932202512335473], [0.2393268666558979, 0.2961029718380314, 0.1992357975516169, 0.2653343639544538], [0.25175219869185367, 0.27820819672549174, 0.17909063719084092, 0.2909489673918139], [0.21374966215832106, 0.27364561883409216, 0.17970393383060368, 0.3329007851769831], [0.2930096490263034, 0.2532879849696348, 0.16320938383017902, 0.290492982173883], [0.3253009513949007, 0.25796454533528346, 0.16208740586063392, 0.25464709740918207], [0.23244361240910558, 0.3071788415500376, 0.20224865262304678, 0.25812889341781053], [0.2999677411873173, 0.30948880024552233, 0.14963947141795483, 0.24090398714920552], [0.23740050766544743, 0.3207759673206551, 0.16681212280517954, 0.27501140220871806], [0.30324882008173093, 0.33525654895799933, 0.13948409455293917, 0.22201053640733048], [0.2863748664461403, 0.2982075424247823, 0.1277633960799014, 0.2876541950491763], [0.2577658780643381, 0.29051332139344466, 0.14142922902514757, 0.3102915715170699], [0.22059315889523368, 0.313251738193677, 0.20316002764353086, 0.26299507526755844], [0.22096849550673203, 0.28320623162869996, 0.17541142940336776, 0.3204138434612005], [0.238868269402278, 0.29553579968879384, 0.1640865687544019, 0.30150936215452634], [0.21295472961401893, 0.2692483461565921, 0.2006207407349278, 0.31717618349446136], [0.24800911488382385, 0.25827972044703684, 0.21196963018178416, 0.2817415344873555], [0.23026624510126895, 0.2290874966831844, 0.2679788670808742, 0.2726673911346725], [0.21134354254125082, 0.3066768116983063, 0.2133443803819782, 0.2686352653784648], [0.24721754279261987, 0.31367786370685713, 0.17756961267018695, 0.26153498083033627], [0.2715990582786767, 0.27528100925779925, 0.15107977851712795, 0.30204015394639605], [0.22854319523723352, 0.31480965108007775, 0.14354160936340926, 0.3131055443192794], [0.27086249887692654, 0.2587592559731427, 0.20425625776691825, 0.26612198738301296], [0.20664906028738458, 0.26041649650310195, 0.22700463982869346, 0.3059298033808204], [0.21222413835092876, 0.26689588851136037, 0.17606504376483528, 0.3448149293728755], [0.24863093535365838, 0.2806406791494343, 0.19013219823067312, 0.28059618726623436], [0.28407360195438375, 0.3061011851413644, 0.1572047578819815, 0.25262045502227065], [0.24291862695913446, 0.2846897458330426, 0.1975485198269697, 0.2748431073808533], [0.2141409574604172, 0.29921854634874573, 0.21995490169500226, 0.2666855944958349], [0.23880563935061455, 0.2566776617975463, 0.17385912953989327, 0.33065756931194606], [0.21766655940169208, 0.298096391308622, 0.19750000471063803, 0.2867370445790479], [0.2479763147540776, 0.2616012236576159, 0.2319887999448231, 0.2584336616434837], [0.2203823392368799, 0.27579139055941154, 0.22093689362424726, 0.28288937657946167], [0.22161545996703055, 0.2721982834418392, 0.16634758534792518, 0.33983867124320516], [0.2112981825751499, 0.3001151213712501, 0.21782324678167186, 0.2707634492719283], [0.2804329486941454, 0.2373208493232934, 0.1758553015748107, 0.3063909004077507], [0.2822693566183449, 0.2667018296940624, 0.14963667825756694, 0.30139213543002563], [0.23793599521599268, 0.31604065086519884, 0.16854007153891346, 0.2774832823798953], [0.18312127957224533, 0.31261862635323756, 0.21754699307457778, 0.28671310099993935], [0.2086159626382823, 0.3563429105103703, 0.17738389322847262, 0.25765723362287474], [0.25152643302429534, 0.3031252618304773, 0.2124874927220208, 0.23286081242320678], [0.30688454487622335, 0.32271058930202406, 0.15169117539610003, 0.21871369042565272], [0.267076241957712, 0.30014120105677156, 0.18225708739412141, 0.2505254695913953], [0.2945397261334485, 0.27140679489146236, 0.17373813061296917, 0.26031534836211995], [0.23439552535858799, 0.2878836271623721, 0.1991996422437939, 0.2785212052352463], [0.22963323868475416, 0.25521538480911643, 0.19735741159380413, 0.3177939649123257], [0.24423879928548076, 0.288066885466008, 0.1865435057748777, 0.2811508094736339], [0.2812636546507638, 0.2869170263433566, 0.1457291519981773, 0.28609016700770235], [0.20845152354962987, 0.28156200189620306, 0.2099294103160922, 0.30005706423807504], [0.21813678817207469, 0.32951984947798557, 0.18356998647390368, 0.2687733758760362], [0.25196274855078515, 0.30778063048930077, 0.15037689173153215, 0.289879729228382], [0.25475639460655297, 0.3080572717582752, 0.18136998047849104, 0.2558163531566809], [0.2966651122538084, 0.32284503071972437, 0.13506692256148825, 0.24542293446497884], [0.1688587154111063, 0.2644591953912786, 0.22799960010577883, 0.3386824890918365], [0.2741189330008045, 0.2899663051870375, 0.14252207448392729, 0.29339268732823065], [0.3344410171213654, 0.30002066526813015, 0.15434630000874022, 0.21119201760176448], [0.28480298337917964, 0.26615414473447774, 0.19909467471357153, 0.2499481971727711], [0.223964235923538, 0.29571764296180286, 0.1925687974948844, 0.287749323619775], [0.2288782925281071, 0.30093191807741776, 0.16406908066206655, 0.30612070873240865], [0.28967604762268206, 0.3485778306828627, 0.14801345112510306, 0.21373267056935244], [0.31013410025377625, 0.2608360596736867, 0.18798136366215434, 0.24104847641038274], [0.21126634816636833, 0.21718249068494586, 0.23475881337150603, 0.3367923477771798], [0.24565995619757178, 0.241658940389937, 0.16295579203176025, 0.3497253113807308], [0.28333671163445096, 0.28154616244729447, 0.18893374244339184, 0.24618338347486268], [0.2617183500246355, 0.3330412635302277, 0.17863716528786544, 0.22660322115727133], [0.24909450822407483, 0.3176553242793869, 0.12031439498146913, 0.31293577251506915], [0.2230467458657024, 0.34533539112326594, 0.1801941096567796, 0.25142375335425216], [0.219759197076245, 0.3991376904072187, 0.16675554572540324, 0.21434756679113295], [0.26382416336684494, 0.29253794884762374, 0.18683301228671817, 0.2568048754988131], [0.19352647551487512, 0.34519250346289726, 0.19453400925044817, 0.2667470117717799], [0.22175139682597028, 0.3059403882104975, 0.1847105582298992, 0.2875976567336331], [0.24582548489854197, 0.2934989670425628, 0.20205989153556433, 0.25861565652333124], [0.27562660703626096, 0.30652089689668277, 0.16062284460655893, 0.25722965146049753], [0.2372956179808239, 0.2877406118833646, 0.14893465815231915, 0.32602911198349227], [0.31193711882483127, 0.2476878327859757, 0.16047576464472385, 0.27989928374446926], [0.18743485368983684, 0.2847171707086629, 0.19439552259322318, 0.33345245300827714], [0.27067765639767744, 0.28412868817128617, 0.13827664460670047, 0.30691701082433576], [0.23462863652407734, 0.25831712544611174, 0.2159422484525282, 0.29111198957728307]]}, "rewritten": {"ids": ["97105760", "97112290", "97118210", "98107340", "98107410", "98109570", "98111231", "98111860", "98112170", "98112300", "98116500", "98120530", "99107560", "99108310", "99108330", "99109141", "99109370", "99112840", "99113260", "100108080", "100109330", "100111270", "100111620", "100116790", "100120010", "101108460", "101112160", "101114020", "101116130", "101117580", "101121640", "102109840", "102110500", "102110750", "102114270", "102117351", "103112470", "103113101", "103113260", "103113270", "103113610", "103117200", "103117461", "104111880", "104113190", "104114230", "104116441", "104118070", "105111990", "105112130", "105113440", "105115720", "105116441", "105117351", "105117431", "105118740", "105121370", "106113830", "106114150", "106114321", "106116441", "106117650", "106118161", "106120640", "107112840", "107113130", "107113840", "107114140", "107114321", "107114780", "107115140", "107117630", "107118490", "107119390", "107120130", "108113620", "108114040", "108114180", "108114270", "108115500", "108115880", "108117360", "108118291", "108118810", "108119330", "109114651", "109115070", "109115380", "109116170", "109116750", "109116810", "109117271", "109118161", "109118231", "109121640", "110114610", "110116290", "110118630", "110120190", "110121170", "111114321", "111115770", "111116040", "111117200", "111117571", "111118810", "111118910", "111119430", "111119930", "111119950", "111120260", "111120640", "111121930", "112116401", "112116800", "112116810", "112116900", "112117210", "112117471", "112117571", "112117660", "112118421", "112118550", "112118890", "112119950", "112120290", "112120640", "112121360", "112121410", "112121430", "113117340", "113117550", "113118810", "113119930", "113120280", "113120540", "113120751", "113122170", "113122180", "113122430", "113122510", "113122650"], "labels": [0, 1, 2, 0, 3, 1, 1, 0, 3, 2, 2, 1, 1, 2, 1, 3, 1, 2, 0, 0, 0, 2, 3, 2, 0, 0, 3, 3, 2, 3, 2, 2, 3, 1, 3, 1, 1, 3, 3, 2, 2, 0, 0, 3, 3, 2, 1, 2, 2, 1, 0, 1, 1, 0, 1, 1, 2, 1, 1, 2, 0, 1, 3, 3, 1, 1, 3, 2, 0, 2, 0, 0, 2, 2, 2, 3, 0, 1, 3, 3, 3, 1, 3, 1, 0, 3, 0, 3, 0, 0, 3, 0, 0, 1, 0, 1, 2, 1, 3, 2, 1, 3, 0, 0, 3, 0, 0, 3, 1, 0, 3, 0, 1, 0, 0, 3, 3, 1, 3, 3, 0, 3, 3, 3, 0, 1, 0, 3, 0, 2, 2, 3, 3, 1, 0, 3, 1, 1, 2, 2, 2, 2], "predicted_labels": [0, 3, 3, 2, 3, 1, 0, 1, 3, 0, 3, 0, 0, 1, 0, 1, 1, 3, 3, 1, 0, 1, 1, 1, 3, 1, 1, 3, 1, 3, 3, 1, 1, 1, 3, 0, 0, 3, 3, 1, 3, 1, 1, 1, 1, 3, 1, 1, 1, 3, 1, 3, 0, 1, 1, 3, 1, 1, 1, 1, 1, 3, 1, 3, 1, 3, 1, 3, 0, 1, 1, 1, 1, 1, 3, 1, 1, 1, 1, 1, 3, 1, 1, 1, 3, 3, 1, 3, 1, 1, 1, 3, 3, 1, 3, 1, 3, 1, 1, 1, 3, 1, 3, 0, 3, 1, 1, 1, 1, 1, 3, 1, 3, 1, 3, 3, 1, 3, 1, 1, 3, 1, 1, 1, 3, 3, 1, 1, 3, 3, 1, 3, 1, 3, 3, 1, 1, 3, 3, 1, 1, 1], "confidence_scores": [[0.29289319153628623, 0.28657048041564304, 0.16587157323449095, 0.2546647548135801], [0.20173050525749844, 0.2870533991210339, 0.1957373187807345, 0.31547877684073344], [0.2560930839115767, 0.23564350474671197, 0.23615973693256645, 0.2721036744091451], [0.21201933658146882, 0.25213907990678464, 0.26996632021058725, 0.2658752633011594], [0.27317480584729487, 0.2417490846219089, 0.19756025315103132, 0.28751585637976484], [0.22507945423956058, 0.3564187093194331, 0.16147042968133338, 0.257031406759673], [0.33392759947718337, 0.26035274488353255, 0.1388824416022623, 0.2668372140370217], [0.1917723135283434, 0.3394474536536093, 0.21178122368313196, 0.2569990091349155], [0.24813905793294996, 0.2674951937029182, 0.18979841030173655, 0.29456733806239555], [0.3090273531728084, 0.25307212916905814, 0.17174081395395813, 0.2661597037041756], [0.24781749308019674, 0.2504050642713125, 0.20508330868014102, 0.2966941339683501], [0.2819739175155026, 0.2591692184268633, 0.18232852567313237, 0.2765283383845022], [0.28899998846098196, 0.2648201678562159, 0.17092051425007543, 0.2752593294327267], [0.2103485749376819, 0.33873885690164746, 0.20882199994669004, 0.2420905682139809], [0.26482766112367967, 0.24637063483831179, 0.23192847313748452, 0.25687323090052433], [0.29202003320540215, 0.2957542730609733, 0.16472638938165055, 0.2474993043519743], [0.2634824931890428, 0.2949037970527008, 0.19686853561619322, 0.24474517414206332], [0.22691282113632752, 0.2795864228309886, 0.19513634113182782, 0.2983644149008562], [0.21254645638405534, 0.27795159407939335, 0.22144340558396813, 0.28805854395258346], [0.21120357931335115, 0.28860294060089986, 0.23947657841440273, 0.2607169016713466], [0.28759639899984124, 0.28524068579169587, 0.1740833849280905, 0.2530795302803724], [0.20381011275899769, 0.2932214642475296, 0.24436959539477318, 0.25859882759869957], [0.21977643562403812, 0.2901353689095759, 0.20509402882446306, 0.28499416664192295], [0.2337678717422189, 0.31681475178991086, 0.17968944045455743, 0.26972793601331285], [0.19917548866821527, 0.23632769712453489, 0.23046678833038808, 0.33403002587686187], [0.2482134973561129, 0.30613791202273094, 0.16143793191919734, 0.284210658701959], [0.20565903779740297, 0.3089626627042951, 0.18247402265129975, 0.3029042768470022], [0.2644295553009587, 0.24613769240115724, 0.18860909730819245, 0.30082365498969205], [0.2371191566028835, 0.2803693729198329, 0.21525460113824132, 0.2672568693390426], [0.20456116099893035, 0.2796877015183954, 0.2215563105414612, 0.2941948269412133], [0.22638121058353466, 0.2790964519170283, 0.18450841828245154, 0.3100139192169858], [0.21641924008430244, 0.3080130080177302, 0.20022915630203642, 0.275338595595931], [0.2685788670021796, 0.2947619320281232, 0.1737400580329299, 0.26291914293676755], [0.19913724002914573, 0.36116773074353353, 0.19471159920981523, 0.24498343001750547], [0.2460441360190119, 0.26772833930748385, 0.21628874302968254, 0.2699387816438218], [0.29559210800465313, 0.25806068231701124, 0.16227762168900262, 0.28406958798933307], [0.28261230135248744, 0.26143234962598105, 0.1927796169894541, 0.26317573203207795], [0.25172703496435267, 0.27543027346686694, 0.19570296337295778, 0.27713972819582267], [0.2178045680054085, 0.26792702798745366, 0.20445776559806478, 0.3098106384090732], [0.1856167919671088, 0.3283328566109846, 0.20320729766538836, 0.28284305375651825], [0.24382922305793223, 0.2688848497494586, 0.19299434867736853, 0.294291578515241], [0.26621514268242363, 0.30999831167203995, 0.1644453119453376, 0.259341233700199], [0.2601642814593139, 0.29420213214146873, 0.1606905404021944, 0.28494304599702297], [0.1900131237600759, 0.340203147667312, 0.198034246058267, 0.27174948251434505], [0.21794152338940434, 0.33914766796988, 0.20045237237686728, 0.24245843626384855], [0.20562824221576775, 0.27942843929543004, 0.234473657350553, 0.2804696611382494], [0.23252164452171012, 0.3986339065428956, 0.15420584827394745, 0.21463860066144672], [0.16610744885277945, 0.3606317721094744, 0.19369701198931516, 0.2795637670484311], [0.2337979300901808, 0.29906971964923135, 0.18620092249389583, 0.28093142776669217], [0.27291859120919393, 0.26314627239805155, 0.14926542656823166, 0.31466970982452275], [0.23678583814222287, 0.31642043675069287, 0.19658353469807732, 0.25021019040900727], [0.26335444689998905, 0.2502503588423571, 0.1889543486590701, 0.29744084559858375], [0.3272937698813236, 0.28399016226208723, 0.1079522741065059, 0.2807637937500832], [0.2174284075066556, 0.36659706788417246, 0.16694289418895444, 0.24903163042021748], [0.24817012650131737, 0.2793070535271385, 0.1993524534859343, 0.27317036648561], [0.21022154656018174, 0.288484898143363, 0.19958428869181558, 0.3017092666046399], [0.24508511767271912, 0.3406708569136376, 0.16196172858275878, 0.25228229683088443], [0.21160757984700596, 0.32596771958854764, 0.18654742436183916, 0.2758772762026074], [0.23435042066150177, 0.3177103328161844, 0.14491493156547455, 0.30302431495683935], [0.2597634863547904, 0.30546117091014346, 0.15700064378950668, 0.27777469894555984], [0.22849366507408894, 0.3384480685293372, 0.16862966211000213, 0.2644286042865717], [0.20951033430768404, 0.2714547475094443, 0.20393613903336735, 0.31509877914950435], [0.25527798726316886, 0.3369691236356654, 0.1475092639830514, 0.26024362511811455], [0.19113885249654314, 0.29421658683041213, 0.22024882500269044, 0.2943957356703544], [0.257358005858975, 0.2905984591448805, 0.18360667268171382, 0.2684368623144308], [0.21330318641352852, 0.2816840452582967, 0.1998815645539271, 0.30513120377424774], [0.2693974327834225, 0.27420381328842713, 0.21663300430468746, 0.23976574962346325], [0.20903458529976376, 0.2722832967320782, 0.2303085404053985, 0.2883735775627596], [0.30927281593214495, 0.28282656431215214, 0.16555667081762887, 0.24234394893807404], [0.22639710583930878, 0.36146043701709535, 0.17946435213356204, 0.23267810501003414], [0.2347517534956259, 0.2724201273771725, 0.22455160984640737, 0.2682765092807943], [0.23117929067343262, 0.32386820814157885, 0.19958052674459986, 0.2453719744403889], [0.2646803773205882, 0.3023790856853299, 0.15629004503754057, 0.2766504919565414], [0.16036963232521956, 0.32941055551264975, 0.20726753568974124, 0.30295227647238976], [0.2559435783590122, 0.28184923874486695, 0.17124322665354838, 0.2909639562425725], [0.24345877577857603, 0.35395428517943933, 0.17196935446951161, 0.23061758457247328], [0.1996649169921832, 0.32337515001255207, 0.19637901353697906, 0.280580919458286], [0.22136057898917447, 0.3334461799135239, 0.16923059106292535, 0.27596265003437626], [0.24456879377514767, 0.34968144100779236, 0.17520884446120882, 0.2305409207558514], [0.23799738558208933, 0.30749143650277083, 0.20536286624600408, 0.24914831166913587], [0.2569209880385086, 0.24702567490095728, 0.17798020950560395, 0.3180731275549303], [0.2429940971663643, 0.2725132122426171, 0.22633402600195096, 0.2581586645890683], [0.2513579144232593, 0.3227802275983453, 0.14985365507796963, 0.2760082029004258], [0.23145787359125555, 0.314864592498443, 0.1898540146229849, 0.26382351928731684], [0.20309186543819485, 0.2615648843609873, 0.2544128993015819, 0.28093035089923624], [0.2324832919046263, 0.24342668323479522, 0.18684270852968324, 0.337247316330895], [0.25127393732560527, 0.2849878440785507, 0.18859735788937346, 0.27514086070647087], [0.2142823814549833, 0.28645544888360375, 0.20148725081494526, 0.2977749188464676], [0.25769881006710016, 0.29245855632638185, 0.1622534386864429, 0.28758919492007484], [0.2493877140589021, 0.29645205351005904, 0.19078167630560397, 0.2633785561254351], [0.27029639839711594, 0.31311727405282647, 0.14451283744810803, 0.2720734901019497], [0.25429781685773156, 0.27663558254357623, 0.13765764925161608, 0.331408951347076], [0.2569007609447972, 0.2640875968578189, 0.1860608049198193, 0.2929508372775642], [0.28391118324947917, 0.30351695701899695, 0.16449351780760008, 0.2480783419239239], [0.2716823352517652, 0.23132713464292892, 0.18997184802458186, 0.307018682080724], [0.20831904918377744, 0.2941448623063693, 0.21031710735638584, 0.28721898115346745], [0.22928526570206695, 0.29099761894180864, 0.1810607492296499, 0.2986563661264747], [0.17339956171128093, 0.3288180876466974, 0.19786892637445275, 0.2999134242675692], [0.21659868094732768, 0.3368563134534177, 0.1694041621406025, 0.27714084345865225], [0.22405425381746352, 0.3129700730748537, 0.17570059628727158, 0.2872750768204115], [0.2503612702832341, 0.2863939705836428, 0.15682700835247285, 0.30641775078065014], [0.26160002519041514, 0.3180020889897562, 0.17312845859626724, 0.2472694272235615], [0.22692972890130675, 0.2505208873528499, 0.1393833615691074, 0.38316602217673584], [0.2879034031776569, 0.26722443777745203, 0.18959289233169394, 0.2552792667131971], [0.25830452219842925, 0.2887319485859701, 0.133812450636703, 0.3191510785788976], [0.26603965186122097, 0.27753110635927597, 0.19803815807050762, 0.25839108370899583], [0.24715255175537762, 0.2829834662582436, 0.20278824620659566, 0.26707573577978355], [0.26648142066220165, 0.2857086707475162, 0.18356200014252422, 0.264247908447758], [0.2179998503869574, 0.2984573914374856, 0.188039294474965, 0.2955034637005921], [0.22659335408155776, 0.3214188351078883, 0.17774242366708848, 0.2742453871434657], [0.26017956101180423, 0.2363092827996228, 0.18572807228394303, 0.3177830839046302], [0.22899199162161174, 0.3017692906959359, 0.19827303016875344, 0.2709656875136992], [0.23844092925384375, 0.27375690458331753, 0.19652070016665468, 0.2912814659961842], [0.2674860098279528, 0.28716882260165816, 0.17404729672550562, 0.2712978708448835], [0.23546695716174126, 0.27920384521875236, 0.2002482171573417, 0.2850809804621649], [0.26967566657411807, 0.2688080983507977, 0.18290228585238172, 0.27861394922270266], [0.2185042378842557, 0.2958540544062269, 0.19858808480623288, 0.2870536229032845], [0.25762282796421965, 0.28296978973665443, 0.16919485395054046, 0.29021252834858546], [0.22004128086919278, 0.3239799721480355, 0.13729994030293102, 0.31867880667984094], [0.20022397026712088, 0.31745554868312137, 0.1732143978283532, 0.3091060832214046], [0.22550157089463493, 0.27240083552153477, 0.16336048435313302, 0.33873710923069716], [0.2176626539318352, 0.3292108309236024, 0.1513924199007871, 0.3017340952437757], [0.2724731692609234, 0.29049791376748485, 0.15667531902483658, 0.2803535979467554], [0.22680399320972536, 0.3162138617049168, 0.22660245556978706, 0.2303796895155711], [0.230960141723194, 0.26766856388799354, 0.16350143358941413, 0.3378698607993983], [0.24777503546485144, 0.29604942608362433, 0.1593866431699599, 0.2967888952815643], [0.2703184283666466, 0.2987543405641186, 0.15214661436648233, 0.27878061670275245], [0.24969786418618892, 0.3376801957381243, 0.16143489159628263, 0.2511870484794042], [0.26931896837740826, 0.2569389804897101, 0.19331070692481073, 0.2804313442080712], [0.26121736578561544, 0.2475738485501234, 0.1958208788702672, 0.29538790679399407], [0.2399806776538088, 0.3121627589976973, 0.20098434846503746, 0.24687221488345643], [0.21957129513317206, 0.2787156699911095, 0.21706963672270113, 0.2846433981530175], [0.24461972290129122, 0.31771081376806054, 0.15009933026836206, 0.2875701330622863], [0.2278409754001209, 0.28983966078995727, 0.18661114987432692, 0.29570821393559504], [0.2761843107213041, 0.21860174055458162, 0.1538318981902694, 0.3513820505338447], [0.23232041101314038, 0.296389337626196, 0.1897729195497453, 0.2815173318109186], [0.261658118448571, 0.31824117936488316, 0.1843018495340431, 0.23579885265250294], [0.24892181010073278, 0.2578407419181558, 0.21394035240610035, 0.27929709557501137], [0.21614599342371255, 0.3015802562976062, 0.17766334964609037, 0.30461040063259104], [0.25402568653446805, 0.33126785462077085, 0.20455916729534032, 0.21014729154942122], [0.2644215516099042, 0.3053843680533104, 0.17354867891694412, 0.2566454014198415], [0.24486978626364508, 0.3036719339192616, 0.1976593066624032, 0.25379897315469047]]}}