{"test": {"ids": ["112116990", "99120010", "111115770", "104117630", "107114621", "106113260", "113120591", "100113370", "112119610", "104113380", "111119930", "109117271", "106120290", "104113000", "109115070", "108115570", "104114410", "107112850", "113118690", "98106111", "111119610", "106115250", "103120730", "104111830", "107114950", "109113881", "113119360", "99108330", "107114490", "103112470", "105115720", "97106600", "112118421", "110117500", "113118810", "105115900", "108115070", "98121790", "110118161", "103113170", "110120531", "106116640", "108113740", "107113260", "105113330", "99109740", "101113210", "105120621", "107114200", "104111380", "109114030", "105121370", "102112170", "112116501", "111117480", "98108580", "108116501", "101108370", "101111210", "108114040", "110118121", "107120880", "113120280", "99109370", "99107560", "107117630", "107114321", "111116100", "105119950", "105117431", "113122150", "103117461", "108121351", "112117030", "111119150", "97116790", "100109330", "105113170", "110121450", "111121410", "101114990", "103110050", "113122430", "103110220", "101112201", "107116340", "105116501", "112117790", "110118301", "113118630", "103111990", "99107500", "109120560", "111120531", "111120320", "110115890", "107121640", "98107380", "112118820", "101108500", "111116170", "107113360", "101108080", "109114220", "113119320", "99108310", "108117360", "100110050", "110121140", "98109311", "98112170", "105115680", "109113281", "99117630", "106116120", "104116980", "108119550", "106113170", "107116300", "99112840", "100111620", "111116090", "97113260", "98116500", "97116410", "99112300", "112117471", "109115211", "103120290", "100109360", "101111990", "98111860", "98106560", "104113210", "105113620", "112116610", "98106680", "105113260", "99109311", "100108580", "99105921", "105119550"], "labels": [0, 2, 3, 0, 0, 3, 0, 3, 0, 1, 1, 0, 2, 1, 0, 3, 1, 1, 3, 0, 2, 2, 1, 3, 3, 0, 0, 1, 3, 1, 1, 3, 3, 1, 3, 3, 1, 2, 0, 3, 0, 3, 3, 0, 3, 3, 3, 1, 2, 3, 1, 2, 3, 3, 1, 0, 0, 1, 2, 0, 3, 1, 0, 1, 1, 0, 0, 3, 3, 1, 2, 0, 3, 2, 3, 2, 0, 0, 3, 0, 3, 3, 2, 2, 0, 3, 1, 3, 1, 3, 2, 0, 1, 0, 1, 2, 1, 1, 0, 3, 0, 0, 0, 3, 1, 2, 1, 3, 3, 1, 3, 2, 0, 3, 1, 1, 1, 0, 0, 2, 3, 3, 1, 2, 3, 0, 3, 0, 2, 0, 2, 0, 1, 3, 0, 1, 1, 3, 1, 0, 1, 1], "predicted_labels": [0, 2, 1, 3, 0, 0, 3, 3, 1, 3, 3, 3, 2, 3, 1, 2, 3, 3, 1, 1, 2, 2, 0, 3, 3, 1, 3, 0, 1, 0, 1, 2, 1, 1, 3, 2, 1, 2, 0, 1, 1, 3, 0, 3, 0, 2, 0, 3, 1, 2, 3, 1, 2, 3, 0, 2, 0, 0, 0, 3, 3, 2, 3, 0, 0, 2, 1, 1, 1, 2, 3, 1, 3, 3, 0, 2, 0, 3, 3, 1, 1, 1, 1, 3, 1, 0, 1, 0, 1, 0, 1, 2, 3, 3, 0, 1, 2, 0, 0, 1, 3, 2, 3, 0, 0, 3, 1, 1, 1, 3, 3, 1, 0, 1, 1, 2, 3, 1, 1, 3, 1, 0, 3, 3, 2, 3, 1, 3, 2, 3, 2, 2, 3, 0, 1, 0, 1, 3, 2, 2, 0, 1], "confidence_scores": [[0.9972055961705472, 1.8753517007606583e-07, 0.0006579948546608156, 0.0021362214396219215], [4.185979473159439e-06, 1.176379946500884e-06, 0.9999919736785873, 2.6639619929743234e-06], [0.015062011354693303, 0.9709664492362055, 8.79937661573829e-08, 0.013971451415335212], [0.3102054933500275, 0.2135200547992457, 0.047373616180427146, 0.42890083567029974], [0.682459820614921, 0.29753397613551186, 6.969956624594325e-05, 0.019936503683321168], [0.6095986004720837, 0.3757887240998049, 0.011359809193514873, 0.0032528662345966725], [1.2452642611523273e-05, 1.7790954310536482e-05, 1.4403339350325409e-09, 0.9999697549627439], [0.0010345113767702841, 0.047363822741788304, 0.23041239109450146, 0.72118927478694], [0.15542583313603736, 0.6756329642226627, 0.16116443085131477, 0.007776771789985119], [0.2755718115912694, 0.056990538295961866, 0.000316887942548719, 0.6671207621702201], [0.32079435576401366, 0.035537531661190405, 3.786314873390181e-07, 0.6436677339433086], [0.005091504671400285, 0.0052577080265019515, 0.0005810505867770258, 0.9890697367153206], [0.011031766043426651, 0.12467682846112911, 0.861998964034081, 0.00229244146136316], [0.4480958911436161, 0.00013690411342333304, 0.002951213890671195, 0.5488159908522894], [1.8156608565370196e-05, 0.9987764664910568, 8.24608570030786e-05, 0.001122916043374751], [2.104149305133259e-05, 0.025401928316249368, 0.961312145052698, 0.0132648851380013], [0.05197892651419189, 0.0006448985616220274, 0.1394436157864903, 0.8079325591376958], [0.00013255574008488375, 0.00028895945103073813, 0.0015467513328045364, 0.9980317334760798], [0.0016921173919990174, 0.9982712171903744, 7.133302578165068e-06, 2.953211504852986e-05], [0.0002611355264863746, 0.9828713971964608, 0.0009402153901833024, 0.015927251886869644], [0.01698844452677184, 3.8467706368578224e-07, 0.982976271079814, 3.4899716350529994e-05], [0.3447888835017747, 0.02456766525982143, 0.599456113891451, 0.031187337346952743], [0.7540950492684654, 0.24584414086608397, 1.6745688809632216e-05, 4.406417664097504e-05], [0.00013203280964614686, 0.0037408862405370847, 3.782164568211792e-05, 0.9960892593041346], [0.011948486210942638, 0.00015610325908957596, 0.0001542755167298387, 0.987741135013238], [0.0005295635084734385, 0.9994287214129647, 3.8875091840249276e-05, 2.8399867215268934e-06], [0.00046551963783749583, 2.4820045164690915e-06, 2.6885075970246525e-08, 0.9995319714725701], [0.9874650863268903, 0.011704899882411643, 2.407255459815958e-05, 0.0008059412360999804], [1.201534391971487e-05, 0.9931259275631154, 0.003571131959108867, 0.0032909251338561476], [0.8435376116731848, 0.1275057027633905, 0.02895547425854587, 1.2113048789809e-06], [4.192176899128653e-07, 0.9999754085874075, 6.824780753516104e-07, 2.348971682717704e-05], [0.00038954302255629365, 6.10661013659669e-05, 0.9957039702823857, 0.0038454205936919944], [0.19937323360466053, 0.7928555050424204, 0.00012840630221186945, 0.0076428550507072245], [0.3121934158345747, 0.6816271192708163, 0.0016036031308111485, 0.004575861763797837], [0.0008218412585439151, 8.338083662855258e-06, 8.643283172663701e-07, 0.9991689563294759], [0.0023080185377076902, 1.5061107592136465e-06, 0.9354531049200493, 0.06223737043148375], [2.0100949682135412e-05, 0.9999466194721646, 3.230006084482879e-05, 9.795173085823676e-07], [1.1183995153809517e-07, 0.00022670831012831924, 0.9997687843566876, 4.395493232727546e-06], [0.7644181392172488, 0.09282909097328164, 0.0004207199129343927, 0.14233204989653533], [0.17443256060388151, 0.8255150384893757, 5.015507815901777e-05, 2.2458285838488034e-06], [4.244624403013807e-05, 0.9228894426721028, 3.835160086937611e-07, 0.07706772756785832], [0.0015862895757506072, 1.3021784640704584e-10, 1.3555258077049198e-08, 0.9984136967387733], [0.9982320001227152, 8.615949658667666e-05, 0.0015728706144655426, 0.00010896976623272551], [0.0006338251775519046, 0.015067353369924817, 0.12321716534119069, 0.8610816561113327], [0.9999928294077456, 7.410772565219584e-07, 6.405075586969872e-06, 2.4439411179876363e-08], [0.0014870195291586637, 0.05383122633708587, 0.9423060029668431, 0.0023757511669125274], [0.9096226607010531, 0.0003610017058373836, 0.02270585589514314, 0.06731048169796641], [0.07587902172729744, 0.013217260291624847, 9.273792528384445e-08, 0.9109036252431524], [2.2038074386708095e-05, 0.999937859251929, 3.385002244263392e-05, 6.252651241699467e-06], [0.0694607789932089, 0.014105157487379838, 0.9149002603623003, 0.0015338031571110059], [1.42062821760002e-05, 0.0122366550513247, 0.01827483007614544, 0.969474308590354], [0.00034250990773851354, 0.7037202711093067, 0.29584680188420687, 9.04170987480376e-05], [0.026716291999482878, 0.01584788160210836, 0.9567161144938426, 0.0007197119045659526], [5.466686444596529e-06, 0.09007837878069916, 2.0415270855632197e-05, 0.9098957392620005], [0.9947670533312147, 0.0005662280181976513, 2.589094735549522e-05, 0.0046408277032320856], [5.45526990328627e-05, 7.668851522954579e-05, 0.9998678384168264, 9.203689110691219e-07], [0.835347450739524, 0.019705917364427998, 0.1446507360485327, 0.00029589584751541013], [0.9999996230235628, 3.765486516510806e-08, 7.736979648450372e-10, 3.38547874058038e-07], [0.5730569646372733, 0.2875154743908065, 0.003313907124152025, 0.13611365384776825], [9.261094485869242e-05, 0.0026098964354389896, 0.012313348436094277, 0.9849841441836079], [4.432435515936447e-07, 0.08282995153590042, 2.8442033282539795e-06, 0.9171667610172198], [0.00015689726170809316, 0.017292241988146568, 0.8275684581078785, 0.15498240264226676], [0.006239002480544848, 1.3149514246690707e-05, 1.5920883828895158e-06, 0.9937462559168255], [0.7223340101710747, 0.0065905110881449595, 0.2412218037039331, 0.02985367503684734], [0.7967632022990566, 0.18409769357312525, 0.014177761818157256, 0.0049613423096609086], [0.00015630084064863353, 0.004884661661341709, 0.9629461976854437, 0.03201283981256595], [0.0004647687051973779, 0.9992442537844757, 0.0002655838389442057, 2.5393671382862888e-05], [0.18527157583066026, 0.7444323157942867, 8.538867188040476e-06, 0.07028756950786512], [2.9024858350025145e-06, 0.9999964852097488, 6.120084553103591e-07, 2.959607738834383e-10], [3.495916131223555e-07, 0.28835184219396837, 0.711626947152063, 2.086106235542959e-05], [0.00044954684265860955, 0.0004183705710828627, 1.7999484003940267e-05, 0.9991140831022546], [0.05797230123550827, 0.49460064641080237, 0.007819310169508374, 0.4396077421841811], [0.028487124964598726, 0.01718125670597517, 2.6510084377055133e-05, 0.9543051082450491], [0.3569657018709649, 0.057762734139287314, 0.07263525621382222, 0.5126363077759257], [0.7367875848956098, 0.14505732149990302, 8.982552809044998e-08, 0.11815500377895914], [0.00037474048377985594, 1.5522776114261012e-05, 0.9995558449319092, 5.389180819669782e-05], [0.9999941668531062, 5.812526786485702e-06, 7.801872453046976e-10, 1.983992021050756e-08], [1.7493046576969823e-06, 5.830848787485463e-07, 5.038629980614196e-07, 0.9999971637474655], [0.19913773112185873, 0.10823291623265581, 5.368314036401718e-08, 0.692629298962345], [0.06918805172351437, 0.9305267306189954, 7.401794041400515e-05, 0.0002111997170761768], [6.674402629010126e-06, 0.9999842079260931, 6.58940037755499e-06, 2.528270900268346e-06], [1.2326409065897958e-06, 0.9456711082225372, 4.3492465064892815e-05, 0.05428416667149132], [1.9037239846871178e-06, 0.997405836892157, 6.848554286258541e-07, 0.0025915745284297554], [0.014091156081840368, 0.031110145379352073, 0.015514718208160047, 0.9392839803306475], [0.0021287490606145534, 0.8541121876561072, 0.10104483551089015, 0.042714227772388105], [0.9897802124877444, 0.010209233312186372, 1.7399488881638754e-06, 8.814251180947536e-06], [0.015679756165059334, 0.9625801049667467, 1.799370604668303e-11, 0.02174013885020019], [0.9998169543460717, 2.9229575026873872e-05, 0.00015375489952810042, 6.117937331984411e-08], [6.932266759890625e-07, 0.9999988582167245, 4.260586665308175e-08, 4.059507330122674e-07], [0.8262166808730215, 0.002226034444960207, 0.15990889108722242, 0.01164839359479595], [5.0202368716958695e-09, 0.9999998019102464, 1.4991091156598773e-07, 4.31586053236731e-08], [0.00022620386102900974, 8.02239306861108e-06, 0.9996921096959596, 7.366404994282733e-05], [1.621282300697124e-08, 0.00028864931332463786, 0.018609909466098522, 0.9811014250077539], [2.0532351123757906e-05, 0.0022140001002446037, 0.00010212664301281997, 0.9976633409056188], [0.991067825564458, 0.0010543599518849484, 1.0324241697060528e-05, 0.007867490241959926], [1.0660463524068183e-05, 0.7815849138335171, 0.218395797334931, 8.628368027702227e-06], [0.24808644318087153, 0.00010208952867520467, 0.7517689888034094, 4.247848704395605e-05], [0.3993489249752895, 0.003973352059121406, 0.22319809364729368, 0.3734796293182953], [0.9766171398697169, 1.8470375725385877e-08, 5.297721525159713e-08, 0.023382788682692023], [2.5524509265143607e-05, 0.9222473969962011, 0.0015070162738843732, 0.07622006222064956], [0.24420455996741103, 4.791595791424126e-05, 1.740761883146542e-12, 0.7557475240729339], [0.36494469496121995, 7.438235711761248e-08, 0.6258927361602696, 0.009162494496153403], [0.3785109125971305, 0.000688025652573212, 1.3046297037088262e-05, 0.6207880154532593], [0.7849647063795381, 0.11111536322936456, 0.020864080056776712, 0.08305585033432064], [0.9999743356425089, 4.3535183265167304e-06, 6.488888003243781e-07, 2.0661950364334813e-05], [0.00023573121105637998, 6.544337926200586e-05, 3.2099058178156313e-07, 0.9996985044190999], [8.52642969850554e-05, 0.6084482226388679, 0.3897957536714745, 0.0016707593926727805], [0.00011317233985248365, 0.9996969938878235, 7.440640967673112e-05, 0.00011542736264733265], [0.09075668751572376, 0.9072079277582243, 2.474084643853988e-05, 0.0020106438796134427], [0.04075503748895065, 0.042164039302028875, 0.10611154978085069, 0.8109693734281698], [0.3800527454845318, 2.3874989386421096e-06, 0.013410129827228922, 0.6065347371893007], [4.3686758485496836e-10, 0.9980139355767437, 5.169799590933385e-07, 0.001985547006429705], [0.47434710399595104, 0.3355375947127544, 3.600458166665354e-09, 0.19011529769083635], [0.000617866715134679, 0.9976059404587488, 2.9511920850175825e-05, 0.0017466809052663682], [0.03969188229022993, 0.9185226230710273, 0.02575519244314821, 0.016030302195594752], [2.660474859862407e-07, 0.00799663884925908, 0.9919656661202406, 3.742898301414751e-05], [0.0002226252657690896, 0.04010606803307179, 0.0023084627087851676, 0.9573628439923739], [1.6958307736074153e-08, 0.99999995560436, 9.462132746421977e-13, 2.743638626348898e-08], [0.0008676816067218522, 0.6167529040891221, 0.00041946526161836965, 0.38195994904253766], [0.26889811473113195, 0.021040178536527704, 3.8213283107364715e-05, 0.7100234934492329], [0.3800039298913108, 0.4063505895205907, 0.11192543176439096, 0.10172004882370758], [0.9989422405941428, 1.246005170737914e-06, 9.37916273706362e-09, 0.0010565040215235856], [2.0517550848052835e-08, 1.3472071613121104e-05, 9.258543313877563e-06, 0.9999772488675222], [0.19586545886915982, 0.0023147942482584223, 0.00016554429064543873, 0.8016542025919364], [0.00382646949588628, 0.024045096321304443, 0.9657735991702103, 0.006354835012598945], [4.256218737111779e-06, 0.11404648690592739, 0.029569203990329824, 0.8563800528850057], [1.617781407881393e-08, 0.9727522241577291, 7.84114719773321e-08, 0.027247681252984816], [3.329695045714557e-05, 0.0001829430652023685, 1.3253133003899437e-07, 0.9997836274530105], [2.94529462628746e-07, 5.450061261732391e-06, 0.9990907619605381, 0.0009034934487373379], [4.771757072917939e-05, 3.4291810853507616e-05, 0.06772690957046355, 0.9321910810479538], [0.00034703411239784046, 0.0013128125326859101, 0.997576101875418, 0.0007640514794982172], [9.570852796261737e-07, 2.6863285802113144e-07, 0.9999838761437847, 1.489813807764369e-05], [0.0019290085551422547, 1.0491810149684023e-05, 5.444110641629897e-06, 0.9980550555240664], [0.9673575322643332, 0.00560250022404684, 0.002039667245158366, 0.025000300266461713], [2.9853411923011868e-05, 0.9977585694134177, 0.0022094232724064575, 2.15390225288524e-06], [0.9985337592629543, 0.0011662217628995168, 0.00010206018208891463, 0.00019795879205717801], [3.33025573912979e-08, 0.9610758562558823, 0.03891033353172064, 1.3776909839810212e-05], [0.004412364085062893, 0.00016183867348320156, 4.077459839778763e-08, 0.9954257564668555], [0.00014117608083609348, 0.0003512978205338282, 0.9411733689497089, 0.0583341571489212], [0.025392069064076626, 0.0486894812350807, 0.9240707120899017, 0.0018477376109408976], [0.4344048187276045, 0.18589248392872515, 0.3646598493557468, 0.015042847987923496], [4.2112533470362955e-06, 0.9999956564213662, 2.1558936256930152e-09, 1.3016939328080445e-07]]}, "rewritten": {"ids": ["97106600", "97113260", "97116410", "97116790", "98106111", "98106560", "98106680", "98107380", "98108580", "98109311", "98111860", "98112170", "98116500", "98121790", "99105921", "99107500", "99107560", "99108310", "99108330", "99109311", "99109370", "99109740", "99112300", "99112840", "99117630", "99120010", "100108580", "100109330", "100109360", "100110050", "100111620", "100113370", "101108080", "101108370", "101108500", "101111210", "101111990", "101112201", "101113210", "101114990", "102112170", "103110050", "103110220", "103111990", "103112470", "103113170", "103117461", "103120290", "103120730", "104111380", "104111830", "104113000", "104113210", "104113380", "104114410", "104116980", "104117630", "105113170", "105113260", "105113330", "105113620", "105115680", "105115720", "105115900", "105116501", "105117431", "105119550", "105119950", "105120621", "105121370", "106113170", "106113260", "106115250", "106116120", "106116640", "106120290", "107112850", "107113260", "107113360", "107114200", "107114321", "107114490", "107114621", "107114950", "107116300", "107116340", "107117630", "107120880", "107121640", "108113740", "108114040", "108115070", "108115570", "108116501", "108117360", "108119550", "108121351", "109113281", "109113881", "109114030", "109114220", "109115070", "109115211", "109117271", "109120560", "110115890", "110117500", "110118121", "110118161", "110118301", "110120531", "110121140", "110121450", "111115770", "111116090", "111116100", "111116170", "111117480", "111119150", "111119610", "111119930", "111120320", "111120531", "111121410", "112116501", "112116610", "112116990", "112117030", "112117471", "112117790", "112118421", "112118820", "112119610", "113118630", "113118690", "113118810", "113119320", "113119360", "113120280", "113120591", "113122150", "113122430"], "labels": [3, 1, 3, 2, 0, 1, 1, 1, 0, 1, 0, 3, 2, 2, 1, 0, 1, 2, 1, 1, 1, 3, 0, 2, 3, 2, 0, 0, 0, 3, 3, 3, 0, 1, 3, 2, 2, 0, 3, 3, 3, 3, 2, 2, 1, 3, 0, 2, 1, 3, 3, 1, 3, 1, 1, 1, 0, 0, 3, 3, 0, 2, 1, 3, 1, 1, 1, 3, 1, 2, 0, 3, 2, 1, 3, 2, 1, 0, 0, 2, 0, 3, 0, 3, 0, 3, 0, 1, 1, 3, 0, 1, 3, 0, 1, 1, 3, 0, 0, 1, 3, 0, 0, 0, 1, 2, 1, 3, 0, 1, 0, 3, 3, 3, 3, 3, 0, 1, 3, 2, 1, 1, 0, 0, 3, 1, 0, 2, 3, 3, 3, 0, 0, 3, 3, 3, 1, 0, 0, 0, 2, 2], "predicted_labels": [3, 3, 2, 2, 1, 3, 1, 2, 2, 1, 2, 3, 1, 2, 0, 2, 0, 3, 0, 3, 3, 2, 3, 0, 1, 2, 1, 0, 3, 1, 3, 2, 0, 0, 1, 1, 0, 1, 0, 1, 2, 3, 3, 1, 0, 1, 3, 2, 1, 2, 3, 0, 0, 0, 3, 2, 3, 3, 3, 0, 1, 1, 1, 3, 1, 1, 1, 1, 3, 2, 1, 1, 2, 3, 3, 2, 3, 1, 2, 1, 2, 1, 1, 3, 3, 0, 2, 2, 2, 0, 0, 1, 2, 0, 2, 3, 3, 1, 1, 3, 0, 1, 3, 3, 3, 1, 1, 3, 1, 1, 3, 1, 3, 3, 0, 1, 3, 0, 1, 2, 3, 0, 1, 1, 3, 0, 0, 0, 3, 0, 0, 3, 1, 1, 1, 3, 0, 3, 3, 3, 3, 1], "confidence_scores": [[0.0005252222463352506, 0.00010148298450486465, 0.3727661377393613, 0.6266071570297985], [1.4297449718079275e-08, 2.8553481150922326e-05, 0.0004959871098392784, 0.9994754451115602], [0.00041039188302042026, 0.0015127094687846037, 0.9963629217249362, 0.001713976923258642], [0.0001835982175351747, 0.23751779711552806, 0.7605904133493967, 0.0017081913175400665], [3.2989280770802136e-06, 0.9987263414667097, 6.826709349572002e-07, 0.0012696769342782528], [0.00021835671207616724, 3.404234351788783e-05, 0.0005183837982791181, 0.9992292171461269], [2.412760588347109e-10, 0.9952219310310977, 0.00475742327330378, 2.0645454322341446e-05], [0.0054801692344215395, 0.0001842180129858412, 0.8943187030313456, 0.10001690972124704], [0.0001987504096377011, 5.2948846678438476e-05, 0.9997472432333113, 1.0575103723922986e-06], [0.06753528165849772, 0.8283444243190615, 4.224414648397632e-05, 0.10407804987595681], [1.5777013164754726e-05, 4.744913921547523e-07, 0.9999767146271518, 7.0338682913157645e-06], [0.008718033445124255, 2.19233807908318e-06, 0.00026248004751234204, 0.9910172941692843], [0.010853275759631294, 0.74127505162515, 1.4790714172099955e-05, 0.24785688190104674], [0.002729956260327912, 0.006251399902888914, 0.9757175685416238, 0.015301075295159278], [0.9987699103656924, 0.0009989373341730036, 1.5979264054423032e-06, 0.00022955437372916535], [1.622534079591752e-06, 0.02698319729209623, 0.9729878998286607, 2.7280345163355986e-05], [0.684045291478336, 0.04155759878978633, 0.2743563709510511, 4.0738780826462585e-05], [4.601897639489987e-05, 0.004170690619084043, 7.644685371922015e-06, 0.9957756457191491], [0.9963812748457522, 0.0016920733358041073, 0.0002552649281634731, 0.001671386890280351], [0.000573369927047024, 0.3143243634497458, 0.021250694287066746, 0.6638515723361404], [0.003195502949301096, 0.037053783225957794, 0.056902029960713904, 0.9028486838640272], [0.00026083298058862046, 8.154409105434294e-05, 0.8756401686674201, 0.12401745426093681], [7.882326193949727e-06, 0.033336601898705756, 0.010352258790145194, 0.9563032569849551], [0.9570694775533878, 0.015487806786398545, 1.77242092989697e-05, 0.027424991450914732], [0.018496268247187638, 0.9234971751820356, 0.00016129832067722708, 0.05784525825009964], [2.491654473445269e-06, 2.2552360018529394e-07, 0.9999972013173182, 8.150460808177106e-08], [1.7842470298652283e-05, 0.9850782971628477, 0.01256240346497031, 0.002341456901883243], [0.9991562890995952, 0.0007955129180013924, 1.09556600387675e-08, 4.8187026743529433e-05], [4.543387983981399e-06, 0.001445095251799316, 0.16230690648991203, 0.8362434548703046], [2.5249345853863518e-05, 0.9998518520516876, 9.389901890599883e-06, 0.00011350870056826667], [0.26991488253523377, 0.018742642391571633, 0.0037526773698586063, 0.707589797703336], [3.090397767379107e-05, 0.10452325631635771, 0.8738159349840351, 0.021629904721933626], [0.8307364847438681, 0.0003982319672000726, 6.380125306375476e-07, 0.16886464527640133], [0.9999989125945646, 7.931231328091761e-10, 1.0653316328974542e-10, 1.0865057790429687e-06], [0.058465584397317, 0.47735827553648624, 0.3111011309642643, 0.15307500910193253], [0.33690838214626895, 0.5631927776904758, 0.0072796022484273816, 0.09261923791482804], [0.938996097612602, 0.002270194299076578, 0.057946603651717894, 0.0007871044366034245], [0.00043254322712792483, 0.9822442631455068, 0.0006501671061665582, 0.01667302652119859], [0.9199759441265246, 0.003198204054092365, 0.06678104631316689, 0.010044805506216031], [1.5443069338148414e-09, 0.9999999983332601, 1.2094703338633868e-11, 1.1033814275050803e-10], [0.0068093189960234096, 0.0017222937830317826, 0.9789623705131063, 0.012506016707838422], [9.565528644029087e-06, 0.22432454915291214, 1.9420738510604507e-05, 0.7756464645799332], [2.5085620914580625e-06, 5.82934455695933e-05, 2.4747496750258867e-06, 0.9999367232426639], [7.135623581444789e-09, 0.9999128827120892, 8.534442103385935e-05, 1.7657312533025499e-06], [0.9426095827990391, 0.003894383813652368, 0.0534893960007259, 6.6373865825751405e-06], [0.05316687455963523, 0.9467758538333544, 5.8198961443457575e-06, 5.1451710866084556e-05], [8.795340031424618e-05, 3.379612552056887e-05, 6.804665354229145e-07, 0.9998775700076298], [0.00019292862630864818, 0.19364227924767194, 0.6514915565401025, 0.15467323558591703], [0.0005276770296269415, 0.9994649915898625, 2.6703343305828976e-08, 7.3046771674023665e-06], [0.00011842612458446095, 0.00024488413125309434, 0.99954066235813, 9.602738603249791e-05], [0.42450930439299644, 0.026243689646152597, 0.0010936031716618892, 0.5481534027891891], [0.9734028883055004, 4.199336904021778e-06, 0.00025579957904888357, 0.02633711277854685], [0.8809718645627403, 0.06972296340711598, 0.03940182609570247, 0.009903345934441265], [0.4973595804880721, 0.10409767704423462, 0.0006548440590090324, 0.39788789840868427], [0.014789549060090728, 0.00021686344023249063, 0.0050963702611362075, 0.9798972172385406], [3.2264056167617124e-06, 0.009288614047903722, 0.9875408930856674, 0.0031672664608120497], [0.00048446244486953494, 0.04857076961254141, 0.0050945009433456265, 0.9458502669992435], [1.8247596593550747e-08, 4.994673559149056e-09, 1.0756389216623154e-08, 0.9999999660013406], [2.0980091974451534e-08, 0.0007276910477610383, 1.4009460701829466e-07, 0.99927214787754], [0.999893913728478, 1.4727285386656788e-07, 0.00010593505524102361, 3.9434269749435815e-09], [5.526752944678255e-07, 0.9991741337456231, 0.0008252477192555989, 6.585982685929977e-08], [4.551051776290428e-11, 0.9999847793153679, 1.7643117283468725e-06, 1.3456327393253734e-05], [2.2421703679926008e-07, 0.9999994932054558, 1.8106603776737085e-08, 2.64470903692499e-07], [0.1507391006437762, 0.13247479904846343, 0.32923592768207965, 0.38755017262568076], [0.0012738508180023633, 0.9986689233800125, 1.946603694067308e-12, 5.72258000385977e-05], [7.341471687573533e-07, 0.9222880105169604, 0.07769366914306887, 1.7586192801914388e-05], [0.00013492009722511594, 0.9998369516212378, 1.6694658948149105e-08, 2.811158687826887e-05], [0.0001482737150943594, 0.999827108091905, 2.4534870536169066e-05, 8.332246442225863e-08], [0.0003968761426105151, 0.008119770078294163, 4.617177912275906e-11, 0.9914833537329236], [3.1000641332313754e-05, 0.001784914040111559, 0.9979787492118892, 0.0002053361066669799], [5.998282882455151e-09, 0.9999968137535046, 7.22545231024324e-13, 3.180247489938144e-06], [0.04777218061648772, 0.9201097356127219, 2.3304814755521926e-05, 0.03209477895603479], [0.00018489084380637666, 0.083248353277017, 0.9143286338394818, 0.0022381220396949296], [0.032700482400450606, 0.12688822522468027, 0.0788184921334574, 0.7615928002414117], [0.04747851088417961, 3.688731249130966e-07, 2.3746139785286013e-07, 0.9525208827812977], [0.00011538063069812511, 0.37787284431398427, 0.6194805048428326, 0.002531270212485154], [2.6976354166526338e-06, 0.0003920737200310852, 0.001370980027618688, 0.9982342486169337], [0.0058023128923840464, 0.9775985549695327, 0.0075897331048842024, 0.009009399033199037], [4.3780083123668355e-06, 1.586920199711273e-09, 0.9996211658024419, 0.00037445460232559264], [1.965192461196952e-05, 0.999979907315201, 5.489123082287308e-09, 4.3527106409999505e-07], [0.0003726985320428096, 0.012712464298523355, 0.9865147919777613, 0.00040004519167255036], [8.284664965733658e-07, 0.863463059813228, 0.004448066817838837, 0.13208804490243642], [0.046365712606834565, 0.9325523756891683, 1.1429537842231188e-05, 0.021070482166154904], [1.8474987576677374e-05, 0.005368064878004784, 8.047787396125705e-06, 0.9946054123470224], [0.0013074834513061983, 0.005210138396201815, 0.03074216399344108, 0.9627402141590509], [0.9930754286603096, 0.004733390067399002, 0.0019400710795720593, 0.0002511101927193734], [0.00022070161047950477, 0.006444660104636597, 0.9748048178924791, 0.018529820392404882], [0.09021684960906538, 0.00047028132484362245, 0.8772557203465017, 0.03205714871958944], [0.008553761207305523, 0.13023812820779487, 0.8611647729141685, 4.3337670731079823e-05], [0.9999838953781786, 2.2650975360457386e-06, 1.0963792412739428e-05, 2.875731872502123e-06], [0.8340497830968432, 0.024592618118260832, 0.03674632105491716, 0.10461127772997875], [4.24880085162108e-06, 0.9930718919427475, 0.0068755483063570495, 4.831095004405165e-05], [1.2051334719372107e-06, 0.0006298053385922646, 0.9238503164116081, 0.07551867311632776], [0.9903479680282116, 0.0003428641529568474, 0.009308854179047038, 3.136397845890863e-07], [3.2976500486576498e-06, 0.024239167342884744, 0.6341749177201235, 0.34158261728694295], [5.558718305779518e-05, 0.013930449371223055, 0.03219514591105395, 0.9538188175346651], [0.19540008749048976, 0.1222434548435298, 0.014014603023425897, 0.6683418546425545], [0.16729078394929636, 0.7911451117955137, 2.2686735974363235e-07, 0.04156387738783015], [0.021509099067102966, 0.9784790321722397, 9.994498904089558e-06, 1.8742617532158196e-06], [1.4123189989765496e-08, 0.06291965823770293, 8.878096077133877e-07, 0.9370794398294994], [0.9186158913835615, 0.0022879396348118547, 0.07858948242387237, 0.0005066865577544059], [0.03858870968764595, 0.9576746589101021, 0.002426603840539939, 0.001310027561711973], [0.004392167262441868, 0.21856933122946573, 2.556444924223022e-07, 0.7770382458635999], [0.00020081945434024474, 7.232713639106314e-05, 8.492526839930547e-05, 0.9996419281408693], [6.224462126021057e-10, 5.111134707740322e-05, 0.009597378915429399, 0.9903515091150471], [6.923389087461497e-08, 0.98941894709803, 0.010574922761443586, 6.06090663536357e-06], [0.0003022228756333866, 0.9856201841130108, 0.013624602044370222, 0.00045299096698554514], [2.8595692048030124e-07, 0.26872650316935986, 4.782821475898006e-06, 0.7312684280522437], [0.3271340056770505, 0.6064714236476787, 0.03804196742205781, 0.028352603253212934], [0.00042072475951645654, 0.9995730469343806, 2.5596739852031416e-06, 3.6686321178998584e-06], [5.8879905228989674e-08, 0.3010486221740855, 7.707559740444424e-10, 0.6989513181752532], [0.00458568856563976, 0.9951472818502203, 9.361140897091514e-05, 0.00017341817516899728], [3.494912140621075e-05, 0.0664443250678582, 8.071790635009813e-06, 0.9335126540201005], [0.09989700470499666, 0.021751050315040713, 0.00023255703989125264, 0.8781193879400715], [0.9543360883343756, 3.4463218658975963e-07, 5.655887978335909e-08, 0.045663510474558085], [0.016647061686305246, 0.7040792194035175, 3.7299907500572793e-06, 0.2792699889194271], [1.329299755253106e-06, 0.04925023455798532, 7.776134571260092e-12, 0.9507484361344832], [0.9964139463111167, 0.003575431296061151, 1.5792490717611708e-06, 9.043143750538706e-06], [0.005416946716287305, 0.5050263633104173, 2.357051774203798e-06, 0.4895543329215211], [1.2443971710987454e-05, 1.0160016163327642e-05, 0.9999756842238573, 1.7117882685581908e-06], [0.0010524872068307623, 2.999295777785596e-05, 1.298974838428288e-07, 0.9989173899379077], [0.9999370255730229, 7.197657889549032e-07, 3.131125171051975e-05, 3.094340947751434e-05], [0.001163555098932697, 0.5314427744915877, 0.1466081671271071, 0.3207855032823725], [0.0004013740566532195, 0.9994329032057598, 0.0001656384096767848, 8.43279101658194e-08], [1.0930543991685518e-06, 0.002067369367870682, 4.3847818732597585e-06, 0.997927152795857], [0.6524346958273122, 0.01859403344207968, 0.3284287489809574, 0.0005425217496507181], [0.9876726443966342, 6.033795123426334e-06, 0.011910021669732236, 0.0004113001385100958], [0.8251711096460741, 0.038276171269533324, 0.11834806098594623, 0.018204658098446222], [1.368826996661607e-07, 0.0414518601488469, 2.2448713424882903e-07, 0.9585477784813191], [0.9886945681201649, 0.0022719344684480045, 0.00903315790135711, 3.395100299658621e-07], [0.9895345393946319, 0.009600892035184442, 0.00044657937450182973, 0.0004179891956818709], [0.0007631901989172874, 1.4849571050157712e-06, 5.009456647854431e-09, 0.9992353198345211], [0.02655644226996391, 0.9575960679134689, 0.015836268389225475, 1.1221427341821826e-05], [0.2669705445082827, 0.7311215718095866, 0.00042675492796428663, 0.0014811287541664309], [0.006595499176496112, 0.9509487399020867, 0.008049820585376084, 0.03440594033604106], [3.5889835752231994e-09, 3.7255370146533346e-05, 2.816560956879575e-06, 0.9999599244799131], [0.9966249052521232, 1.25657670285047e-06, 0.00046549147785178923, 0.0029083466933223705], [0.0025554306088733537, 2.8055212401360096e-05, 3.817155914388671e-06, 0.997412697022811], [0.1552630328895022, 0.00030515626973039194, 0.00039300768900764354, 0.8440388031517598], [1.6535669042040752e-07, 9.54745698025097e-07, 4.571764365220614e-14, 0.999998879897566], [0.0005173468769251846, 7.19658562132108e-07, 7.413220465144239e-06, 0.9994745202440475], [8.26769000159158e-09, 0.9899530603042981, 1.6902377801688833e-06, 0.010045241190231594]]}}