{"test": {"ids": ["106118520", "100111080", "113121220", "105120621", "111121930", "110117110", "111115770", "106119580", "106113830", "98119591", "111116010", "110116300", "113122170", "111120531", "97105760", "102114270", "113121950", "98108520", "100120780", "106114280", "108120700", "109116750", "109116441", "110119030", "108115870", "113121750", "105113480", "106113190", "109121410", "102112170", "111116290", "111118910", "98107410", "104114230", "111118820", "101112690", "99108580", "99111620", "112121430", "110118701", "98116500", "106116850", "100116790", "105116501", "101111990", "110117140", "97112170", "103109021", "105115380", "108119330", "113121190", "104113380", "112116990", "111116170", "101114990", "112117431", "100111380", "99121440", "111119150", "98112300", "101112160", "99110050", "110120560", "104117630", "100108490", "105119950", "102112030", "104113210", "107118820", "106116820", "102121700", "105112240", "107113170", "100120010", "100109330", "111120220", "112121360", "101116130", "104114410", "113118630", "103113610", "99109311", "109119460", "100109910", "98120010", "99107640", "99112840", "108118291", "113120280", "99107560", "104111531", "110115710", "107113360", "98106560", "108121351", "106116370", "112119500", "113118820", "111116750", "103110100", "105115720", "97107821", "106111321", "102109910", "113120531", "112120270", "98111231", "112118421", "97112290", "112118890", "97114170", "99112641", "107119130", "113119450", "108120621", "113122430", "107120010", "112117780", "107120130", "100109801", "103120290", "107114200", "113119360", "113120751", "107121230", "101110150", "110114561", "113120540", "112119610", "106112770", "106117650", "108114670", "102113350", "109118231", "100110260", "97107681", "113122320", "108116501", "112119950", "104113550", "105121190", "108113700"], "labels": [2, 0, 3, 1, 1, 0, 3, 3, 1, 1, 1, 3, 1, 0, 0, 3, 3, 2, 1, 3, 2, 0, 3, 0, 3, 0, 0, 0, 0, 3, 2, 0, 3, 2, 0, 1, 0, 3, 2, 3, 2, 3, 2, 1, 2, 3, 0, 0, 1, 0, 1, 1, 0, 0, 3, 0, 3, 2, 3, 2, 3, 3, 0, 0, 2, 3, 2, 3, 3, 1, 1, 1, 0, 0, 0, 3, 3, 2, 1, 3, 2, 1, 1, 2, 2, 1, 2, 3, 0, 1, 0, 2, 0, 1, 3, 2, 2, 0, 3, 1, 1, 2, 0, 2, 0, 0, 1, 3, 1, 3, 2, 1, 1, 3, 1, 2, 1, 0, 2, 0, 2, 2, 0, 1, 0, 1, 0, 3, 0, 1, 1, 3, 3, 1, 3, 3, 1, 0, 0, 1, 2, 0], "predicted_labels": [1, 1, 3, 3, 0, 1, 3, 1, 3, 3, 1, 3, 3, 1, 3, 1, 1, 1, 3, 3, 3, 1, 1, 0, 3, 3, 3, 3, 1, 3, 1, 1, 3, 1, 3, 1, 1, 1, 3, 3, 3, 1, 1, 0, 3, 1, 1, 3, 3, 3, 3, 1, 3, 1, 1, 1, 1, 1, 3, 3, 3, 3, 3, 3, 3, 0, 3, 3, 1, 3, 1, 3, 1, 1, 1, 1, 0, 3, 3, 3, 1, 1, 1, 2, 1, 3, 1, 3, 3, 1, 3, 3, 1, 3, 3, 3, 1, 1, 0, 3, 1, 3, 0, 0, 1, 1, 0, 3, 3, 3, 3, 0, 1, 3, 3, 1, 1, 1, 1, 1, 1, 3, 1, 1, 3, 3, 1, 0, 3, 3, 3, 1, 1, 1, 3, 3, 1, 0, 3, 3, 1, 0], "confidence_scores": [[0.2317807081807083, 0.3234278499278499, 0.14202929847929854, 0.30276214341214347], [0.24282236652236674, 0.30808360805860807, 0.204855475080475, 0.24423855033855038], [0.2199224247974249, 0.2511933483183484, 0.1657471445221447, 0.36313708236208253], [0.24379550449550458, 0.22079820734820746, 0.11854544344544354, 0.4168608447108448], [0.32626163558663573, 0.24593918581418592, 0.12004017094017098, 0.3077590076590077], [0.23640695415695429, 0.3184602675102675, 0.2247398490398491, 0.22039292929292942], [0.2400146353646353, 0.2706716616716618, 0.19519329004329009, 0.2941204129204131], [0.22797099762982126, 0.34025446775446777, 0.19396198246198246, 0.23781255215372862], [0.25910764790764795, 0.2604566378066378, 0.1399909090909091, 0.3404448051948051], [0.25139085359085367, 0.26100642135642155, 0.2104451437451438, 0.2771575813075814], [0.17168655233655242, 0.3190494782994783, 0.22117852147852146, 0.2880854478854481], [0.2130418914418915, 0.2902299478299478, 0.1933709734709736, 0.3033571872571873], [0.1972554556554557, 0.29079397269397256, 0.20273183483183493, 0.30921873681873696], [0.21400968475968485, 0.2980549284049283, 0.2203017926517927, 0.2676335941835943], [0.22476951936951936, 0.24974747752247764, 0.24760241425241436, 0.2778805888555888], [0.21211405816405818, 0.36487132867132865, 0.17595795315795318, 0.24705666000666013], [0.2020832167832168, 0.2920869352869356, 0.22291939726939733, 0.2829104506604508], [0.2707646131646133, 0.30093786491286484, 0.1532152958152959, 0.27508222610722616], [0.2133132201132203, 0.27638071928071933, 0.1890639915639917, 0.3212420690420691], [0.24501858696858703, 0.27007599622599615, 0.1839624764124765, 0.30094294039294045], [0.23655739097503814, 0.26280572597337315, 0.1711262642586172, 0.3295106187929717], [0.23572816627816642, 0.3602201817790052, 0.18550276194393853, 0.21854888999889005], [0.2612594544344544, 0.3244197774447776, 0.15183153235653243, 0.2624892357642359], [0.2789628427128428, 0.2591227661227662, 0.19504619824619834, 0.26686819291819314], [0.2422347347097348, 0.3032461593961595, 0.15004394771894777, 0.30447515817515824], [0.2722275090922151, 0.27935056055056057, 0.1452586678027855, 0.30316326255443904], [0.24698109668109666, 0.2753652958152958, 0.16484220779220787, 0.31281139971139976], [0.27016365301365314, 0.27210273060273055, 0.13718845598845603, 0.32054516039516046], [0.24216391941391952, 0.2866891386391387, 0.19424327339327344, 0.27690366855366866], [0.2925855255855256, 0.2292622211122212, 0.16763780663780672, 0.3105144466644465], [0.22881638361638362, 0.29507072094572107, 0.23808832001332011, 0.2380245754245755], [0.19624147796647806, 0.3546920912420913, 0.16296254023754028, 0.28610389055389057], [0.261815134865135, 0.2568930069930071, 0.1927014652014653, 0.28859039294039296], [0.2040018148518149, 0.29534145854145855, 0.2253697080697081, 0.27528701853701854], [0.29508055865702937, 0.22933448773448778, 0.1551515353927119, 0.3204334182157712], [0.24126427298192005, 0.2742363042186572, 0.218574408924409, 0.26592501387501394], [0.24790159089276745, 0.31959113109113096, 0.2042340714840716, 0.22827320653203026], [0.21624841269841286, 0.31266327561327556, 0.20845317460317464, 0.26263513708513725], [0.27455858585858584, 0.2525958152958153, 0.16958116883116886, 0.30326443001443], [0.21699439449439464, 0.2759526362526364, 0.21790152625152628, 0.28915144300144296], [0.27650762015762015, 0.24936022866022867, 0.1747759462759463, 0.29935620490620496], [0.255412567987568, 0.2958338911088912, 0.21580882450882446, 0.23294471639471642], [0.2552509657009656, 0.3061026695526696, 0.16555745365745364, 0.2730889110889111], [0.3120848484848484, 0.29880483405483416, 0.14145692640692636, 0.24765339105339118], [0.19890165945165952, 0.280620057720058, 0.19039761904761904, 0.3300806637806638], [0.20933492063492073, 0.3293195859695861, 0.19079100344100336, 0.27055448995449], [0.23434975579975575, 0.321312887112887, 0.17762441169941165, 0.2667129453879455], [0.25463525363525374, 0.26057020757020755, 0.1592101010101011, 0.32558443778443774], [0.2129148962148963, 0.2692071206571207, 0.1984034632034633, 0.3194745199245199], [0.24520934065934077, 0.2450917415917416, 0.20773745339627694, 0.3019614643526411], [0.23893538128538125, 0.27192890442890433, 0.19094548229548244, 0.298190231990232], [0.19524196914196926, 0.3186791264291264, 0.198716810966811, 0.28736209346209346], [0.2717635753135753, 0.21012067932067935, 0.1648690642690643, 0.35324668109668106], [0.257811379470203, 0.30630711510711517, 0.1529671217671219, 0.28291438365556015], [0.17701399156399164, 0.35697483072483066, 0.17606279276279288, 0.28994838494838493], [0.20901056721056735, 0.3091329226329225, 0.17451714396714396, 0.30733936618936614], [0.24548823953823962, 0.3162287573537573, 0.17272302697302702, 0.26555997613497634], [0.1821527861027862, 0.3370793872793874, 0.22199394886159596, 0.2587738777562308], [0.22074377289377292, 0.2898098346098345, 0.180317316017316, 0.3091290764790766], [0.25118180708180715, 0.21605876900876916, 0.23352582417582424, 0.29923359973359964], [0.2024028138528139, 0.25225682650682646, 0.2173925518925521, 0.3279478077478076], [0.17378977329859688, 0.2676197172108939, 0.2697535658785659, 0.2888369436119437], [0.24695730935730945, 0.2639260905760908, 0.17461809856809857, 0.31449850149850156], [0.28211151626151626, 0.25514232434232437, 0.1678334776334777, 0.2949126817626817], [0.2562742951492952, 0.21796933621933637, 0.20258405483405487, 0.32317231379731376], [0.2766014901764901, 0.27438324453324453, 0.1839082012758484, 0.26510706401441714], [0.23296773781773794, 0.28664604284604295, 0.1905663447663448, 0.2898198745698747], [0.26605060495060484, 0.2375905705405706, 0.16770916305916306, 0.32864966144966173], [0.2270663836163838, 0.30214609834609846, 0.19208419913419914, 0.27870331890331895], [0.26238120213120225, 0.26787302142302144, 0.19514070374070375, 0.27460507270507295], [0.24724491456256167, 0.3012429289664583, 0.20380325785325804, 0.24770889861772236], [0.2489681984681985, 0.2615124764124765, 0.21979660894660896, 0.2697227161727162], [0.23521821283291877, 0.2942504031915795, 0.1833529304029304, 0.2871784535725713], [0.1738201742701744, 0.3539474025974027, 0.22478735708735703, 0.24744506604506614], [0.25171493506493514, 0.2996121212121212, 0.17790959595959607, 0.2707633477633479], [0.2628677683427684, 0.30775943778443793, 0.14088157398157403, 0.28849121989122006], [0.2855148129648131, 0.27990476190476193, 0.16961450216450222, 0.264965922965923], [0.20443181916123113, 0.25675041755629996, 0.22363962475433055, 0.3151781385281386], [0.2632676823176824, 0.24962697580197582, 0.17148217338217348, 0.3156231684981685], [0.20363681041181045, 0.3134102813852813, 0.15958939393939392, 0.3233635142635144], [0.19856406926406936, 0.31691842046842045, 0.23291176046176046, 0.25160574980574985], [0.2290176966824027, 0.2900504142915908, 0.23922546897546917, 0.24170642005053783], [0.26061045621045625, 0.28549759129759134, 0.20021761016761033, 0.25367434232434244], [0.22105532245532258, 0.25458631368631385, 0.30165627150627145, 0.22270209235209248], [0.2538277999778, 0.2631488317238319, 0.22922175879675882, 0.25380160950160957], [0.2108703185703188, 0.26997045177045187, 0.2321131812631814, 0.2870460483960484], [0.20403938838938857, 0.3156991730491731, 0.1863057609057609, 0.29395567765567754], [0.2755537407037407, 0.22105930735930737, 0.16137408147408158, 0.34201287046287054], [0.3097945332445332, 0.22423770673770682, 0.13345151515151527, 0.33251624486624487], [0.22267257742257748, 0.3503236374736377, 0.19263006438006453, 0.23437372072372073], [0.27412227772227776, 0.26802337107337115, 0.1613130314130314, 0.2965413197913199], [0.20016044511044526, 0.29684963924963936, 0.19058588078588093, 0.3124040348540349], [0.2876497474747476, 0.29149818237318237, 0.1711019397269398, 0.24975013042513053], [0.22597860195360203, 0.2577339216339218, 0.20603534798534806, 0.31025212842712846], [0.2616412809412811, 0.2547598401598403, 0.1649010212010213, 0.3186978576978577], [0.26617073482073494, 0.2597186813186815, 0.18253308913308924, 0.2915774947274946], [0.19096589521589527, 0.3566669053169052, 0.20164025419025433, 0.2507269452769455], [0.2812494338994339, 0.29643990731490727, 0.13436212121212132, 0.28794853757353756], [0.3328626151626152, 0.1974527139527139, 0.1590455877455878, 0.31063908313908306], [0.26962262737262743, 0.2394130203130205, 0.21001122766122762, 0.28095312465312483], [0.1994744366744367, 0.3403544011544012, 0.1729971861471862, 0.2871739760239761], [0.29188624708624705, 0.2471468198468199, 0.16817150072150083, 0.2927954323454323], [0.2963478188478188, 0.25434898989899, 0.1802680375180377, 0.2690351537351538], [0.26736951936951947, 0.255001198801199, 0.21663239538239543, 0.2609968864468865], [0.24497640692640713, 0.33461032268385216, 0.16610934980052633, 0.25430392058921486], [0.1690708402708404, 0.29079398379398375, 0.26150360750360757, 0.2786315684315685], [0.29224430014430003, 0.22957570207570221, 0.19950236430236437, 0.2786776334776333], [0.290927176624545, 0.2606411255411257, 0.1546534077034077, 0.29377829013092166], [0.24144626207126216, 0.27337924297924304, 0.19573678821178822, 0.28943770673770675], [0.20474574314574312, 0.29043203463203465, 0.1774756132756133, 0.3273466089466089], [0.1912739538239539, 0.30297176712176715, 0.19636106116106122, 0.309393217893218], [0.30233374403374413, 0.2464453379953382, 0.1976872738372738, 0.25353364413364415], [0.24368390498390496, 0.31875262515262515, 0.15695479520479538, 0.2806086746586748], [0.29209953102453096, 0.264582980907981, 0.13706316461316462, 0.3062543234543236], [0.2434057720057721, 0.28306875901875905, 0.17626411921411939, 0.2972613497613499], [0.1857698412698413, 0.3222575036075033, 0.19344956709956707, 0.29852308802308797], [0.1835173881673881, 0.2897963203463206, 0.26860562770562774, 0.2580806637806638], [0.2514986790986791, 0.2968679320679323, 0.19201129426129435, 0.25962209457209456], [0.18057352092352108, 0.3570168109668111, 0.23111597846597853, 0.23129368964368982], [0.24372263292263294, 0.30647621267621267, 0.18783571428571436, 0.26196544011544015], [0.1944014430014432, 0.3046475468975467, 0.2710320845820846, 0.22991892551892557], [0.21764205239205245, 0.2775456931956931, 0.14909213564213566, 0.3557201187701188], [0.2649150405150405, 0.2709687590187592, 0.19588993783993783, 0.26822626262626276], [0.21176265956265955, 0.31929676434676435, 0.18236425796425804, 0.2865763181263181], [0.21307188367188373, 0.2903651848151848, 0.174998495948496, 0.3215644355644354], [0.25361659451659446, 0.27623088023088027, 0.1804027417027417, 0.28974978354978354], [0.22620715220452073, 0.3294046897546898, 0.1706276778776779, 0.27376048016311183], [0.31762806082806083, 0.2814558441558442, 0.15844366189366194, 0.24247243312243313], [0.21599271284271285, 0.2741248917748918, 0.2166414141414142, 0.29324098124098125], [0.22662255522255537, 0.2643614274614275, 0.2318723443223443, 0.27714367299367304], [0.2572767399267401, 0.27850578310578317, 0.17982368742368743, 0.2843937895437896], [0.22180815295815318, 0.2975422188922189, 0.2050680985680986, 0.27558152958152965], [0.22901654456654452, 0.2967654567654568, 0.1817558438293732, 0.2924621548386255], [0.2407556130144366, 0.30263119103119096, 0.1937434343434345, 0.2628697616109382], [0.28162234987235, 0.22461392496392502, 0.19192409812409816, 0.301839627039627], [0.21767724497724522, 0.2449260461760463, 0.24696319236319236, 0.2904335164835165], [0.2763336108336108, 0.28956790986790976, 0.15861249861249868, 0.27548598068598074], [0.28890142080142095, 0.26698903318903305, 0.16964709179709186, 0.27446245421245435], [0.29157838468720837, 0.25028943638061296, 0.15203282828282844, 0.3060993506493505], [0.25543691308691324, 0.22272104007104007, 0.1987119380619382, 0.3231301087801086], [0.20888952158952162, 0.29480132090132094, 0.25122113442113453, 0.2450880230880232], [0.29804956709956715, 0.2907401043401045, 0.18410399600399602, 0.22710633255633259]]}, "rewritten": {"ids": ["97105760", "97107681", "97107821", "97112170", "97112290", "97114170", "98106560", "98107410", "98108520", "98111231", "98112300", "98116500", "98119591", "98120010", "99107560", "99107640", "99108580", "99109311", "99110050", "99111620", "99112641", "99112840", "99121440", "100108490", "100109330", "100109801", "100109910", "100110260", "100111080", "100111380", "100116790", "100120010", "100120780", "101110150", "101111990", "101112160", "101112690", "101114990", "101116130", "102109910", "102112030", "102112170", "102113350", "102114270", "102121700", "103109021", "103110100", "103113610", "103120290", "104111531", "104113210", "104113380", "104113550", "104114230", "104114410", "104117630", "105112240", "105113480", "105115380", "105115720", "105116501", "105119950", "105120621", "105121190", "106111321", "106112770", "106113190", "106113830", "106114280", "106116370", "106116820", "106116850", "106117650", "106118520", "106119580", "107113170", "107113360", "107114200", "107118820", "107119130", "107120010", "107120130", "107121230", "108113700", "108114670", "108115870", "108116501", "108118291", "108119330", "108120621", "108120700", "108121351", "109116441", "109116750", "109118231", "109119460", "109121410", "110114561", "110115710", "110116300", "110117110", "110117140", "110118701", "110119030", "110120560", "111115770", "111116010", "111116170", "111116290", "111116750", "111118820", "111118910", "111119150", "111120220", "111120531", "111121930", "112116990", "112117431", "112117780", "112118421", "112118890", "112119500", "112119610", "112119950", "112120270", "112121360", "112121430", "113118630", "113118820", "113119360", "113119450", "113120280", "113120531", "113120540", "113120751", "113121190", "113121220", "113121750", "113121950", "113122170", "113122320", "113122430"], "labels": [0, 3, 2, 0, 1, 2, 1, 3, 2, 1, 2, 2, 1, 2, 1, 1, 0, 1, 3, 3, 1, 2, 2, 2, 0, 0, 2, 3, 0, 3, 2, 0, 1, 1, 2, 3, 1, 3, 2, 2, 2, 3, 3, 3, 1, 0, 1, 2, 2, 0, 3, 1, 1, 2, 1, 0, 1, 0, 1, 1, 1, 3, 1, 2, 0, 1, 0, 1, 3, 2, 1, 3, 1, 2, 3, 0, 0, 2, 3, 1, 1, 2, 0, 0, 3, 3, 0, 3, 0, 1, 2, 3, 3, 0, 1, 1, 0, 0, 2, 3, 0, 3, 3, 0, 0, 3, 1, 0, 2, 3, 0, 0, 3, 3, 0, 1, 0, 0, 0, 3, 3, 2, 0, 0, 0, 3, 2, 3, 0, 0, 3, 0, 0, 3, 1, 1, 3, 0, 3, 1, 1, 2], "predicted_labels": [3, 3, 3, 1, 3, 3, 3, 0, 0, 0, 3, 3, 0, 1, 1, 3, 1, 1, 3, 1, 0, 1, 1, 0, 1, 1, 2, 3, 3, 1, 1, 1, 3, 3, 3, 3, 1, 1, 3, 0, 1, 3, 3, 1, 1, 3, 3, 1, 1, 3, 3, 1, 3, 1, 3, 0, 1, 3, 3, 1, 0, 0, 3, 1, 0, 3, 3, 3, 0, 3, 0, 3, 1, 1, 1, 1, 0, 3, 3, 1, 1, 1, 3, 1, 1, 3, 0, 3, 3, 3, 3, 3, 1, 1, 1, 1, 1, 1, 3, 3, 1, 1, 1, 3, 3, 3, 1, 1, 1, 0, 0, 1, 3, 1, 1, 0, 3, 3, 3, 3, 3, 1, 1, 3, 1, 0, 1, 1, 3, 1, 3, 3, 1, 0, 1, 3, 3, 3, 1, 1, 0, 1], "confidence_scores": [[0.25151642573113175, 0.24626201380319038, 0.1731061716061716, 0.3291153888595065], [0.22854846264846287, 0.2495883255633257, 0.2543942790869261, 0.2674689327012858], [0.2816826035076034, 0.25295224497724506, 0.18204206349206364, 0.2833230880230881], [0.26269199689199696, 0.301527910977911, 0.16594574037074036, 0.26983435175935194], [0.2348446997446999, 0.2567555944055945, 0.17442275502275503, 0.3339769508269508], [0.22190108225108224, 0.2866820068820071, 0.1893648906648908, 0.30205202020202016], [0.2179316683316684, 0.2409121961371962, 0.23086992174492177, 0.3102862137862139], [0.2813415750915752, 0.26504947503476933, 0.20603222496457796, 0.24757672490907812], [0.28506336996337, 0.25765675990675996, 0.1772818514818515, 0.2799980186480187], [0.283191563991564, 0.26129449994450005, 0.19234446109446107, 0.26316947496947507], [0.2586854118104119, 0.24186763514263512, 0.213968697968698, 0.28547825507825497], [0.2347443584193584, 0.29390508935508947, 0.16827612665112676, 0.30307442557442577], [0.30841842144783327, 0.2412536032594857, 0.18675197906668506, 0.26357599622599637], [0.265679503829504, 0.2764443806193807, 0.19241264568764574, 0.26546346986346986], [0.22638975468975478, 0.3265291153291153, 0.19622675102675105, 0.250854378954379], [0.22279784104784114, 0.25974572649572675, 0.21095323565323584, 0.30650319680319693], [0.28179151763269406, 0.3012589521589522, 0.21489922299922312, 0.20205030720913092], [0.23714056825527427, 0.27235135224252865, 0.23620772005772023, 0.25430035944447715], [0.2497037823287823, 0.2460328976578977, 0.2063725940725941, 0.2978907259407258], [0.203811632811633, 0.34438436563436553, 0.19938099678099677, 0.252423004773005], [0.3166267510267511, 0.24047017427017453, 0.19761252081252084, 0.24529055389055388], [0.22265797535797546, 0.30002597402597403, 0.18229212454212457, 0.295023926073926], [0.2038813575313576, 0.3235397213897214, 0.23710274725274733, 0.23547617382617395], [0.2718622322122324, 0.25371444666444687, 0.20542937454702173, 0.26899394657629944], [0.22489121156621164, 0.3203365079365079, 0.18597767787767794, 0.26879460261960275], [0.25630462315462305, 0.30410884670884664, 0.16806030358530366, 0.27152622655122655], [0.2599171614333381, 0.2540460261960263, 0.26188306693306707, 0.22415374543756908], [0.29052850123732477, 0.18864787989787998, 0.173704872904873, 0.3471187459599225], [0.2240976551226552, 0.2825232933732934, 0.19764504107004105, 0.2957340104340105], [0.2624050810300812, 0.32080301642801634, 0.1510417665667667, 0.26575013597513614], [0.2775331751581753, 0.2996739898989899, 0.17190543900543903, 0.250887395937396], [0.1785835941835943, 0.3359399711399711, 0.2199955544455544, 0.26548088023088035], [0.19945528360528367, 0.27343100788100805, 0.1873770507270509, 0.3397366577866577], [0.26814419469419476, 0.2717670052170052, 0.17597148962148967, 0.2841173104673105], [0.18962739482739488, 0.31004695304695296, 0.17115401820401824, 0.32917163392163384], [0.2186921356421356, 0.2665980963480964, 0.22267276057276073, 0.2920370074370073], [0.23001103341103352, 0.29756679986679985, 0.19688506493506502, 0.2755371017871019], [0.19544431679431687, 0.3779960483960484, 0.16476067821067827, 0.2617989565989566], [0.2299180874680876, 0.2759953102453104, 0.17123396048396064, 0.3228526418026419], [0.3216381784881786, 0.24837548007548013, 0.17861975246975256, 0.25136658896658914], [0.23778756798756817, 0.2954002386502386, 0.18444003219003222, 0.28237216117216135], [0.2760038683538684, 0.22597179487179503, 0.16940410145410145, 0.32862023532023527], [0.22924606782106774, 0.2848639416139418, 0.1923637442622736, 0.29352624630271695], [0.23611060606060608, 0.3442956043956043, 0.1648446164946166, 0.25474917304917327], [0.22489451300333652, 0.31209607614607626, 0.1998284493284494, 0.263180961522138], [0.2724398767898769, 0.2532202075702076, 0.1660572372072373, 0.3082826784326783], [0.2843780885780886, 0.24008876123876136, 0.18314862914862912, 0.2923845210345211], [0.21063756798756803, 0.291750815850816, 0.243846486846487, 0.25376512931512935], [0.17780769785769795, 0.3000743145743146, 0.2758998334998335, 0.24621815406815417], [0.25855308580308584, 0.26929036519036526, 0.17229320679320678, 0.2998633422133423], [0.24191481100598747, 0.23485421800421805, 0.19608315573315582, 0.3271478152566389], [0.2134022227772229, 0.3221115828615828, 0.18462307414807422, 0.27986312021312043], [0.27050979020979027, 0.20494336219336226, 0.17628357198357208, 0.3482632756132754], [0.2580707570207568, 0.26584733044733055, 0.2191009601509603, 0.2569809523809525], [0.27205149850149846, 0.261560880785881, 0.17043876678876688, 0.29594885392385384], [0.2873642302142304, 0.26198316683316697, 0.18271993561993563, 0.2679326673326674], [0.22643672438672444, 0.3050077589077587, 0.21013921078921083, 0.25841630591630615], [0.22358328893328908, 0.2577706571206572, 0.16103181818181828, 0.3576142357642356], [0.21122319902319908, 0.29552739482739493, 0.19144399489399502, 0.30180541125541127], [0.20361489621489634, 0.32833537018536996, 0.17674417804417814, 0.29130555555555565], [0.30366082251082244, 0.2880261183261183, 0.14063910533910526, 0.2676739538239539], [0.2898263857057974, 0.2713017107075929, 0.16443001214471814, 0.2744418914418916], [0.25671053391053394, 0.2203625485625487, 0.12416167166167173, 0.39876524586524587], [0.19335041070041087, 0.2919488122988124, 0.24884655899655908, 0.2658542180042182], [0.29834417249417255, 0.2605426406926408, 0.1624404484404485, 0.27867273837273837], [0.212078404928405, 0.2781172272172271, 0.2237669275169275, 0.2860374403374403], [0.2711151903651906, 0.2560826506826507, 0.15256900876900878, 0.3202331501831501], [0.23767674547674547, 0.2740242091242091, 0.17326773226773232, 0.3150313131313132], [0.2900715451215452, 0.2588450937950939, 0.16598819513819513, 0.2850951659451658], [0.2624707431457432, 0.2169545232545234, 0.1818192937781174, 0.3387554398216162], [0.28409952824952844, 0.26974742479742486, 0.16447463647463645, 0.28167841047841047], [0.2556944832944834, 0.2587364135864137, 0.21092417027417032, 0.2746449328449329], [0.23284583194583214, 0.3238676101676103, 0.162026395826396, 0.28126016206016213], [0.26987509712509733, 0.30737053502053485, 0.17067750582750585, 0.25207686202686225], [0.23720538546420908, 0.31169059274059285, 0.18714376734376734, 0.263960254451431], [0.23931438887909484, 0.2884340972752738, 0.18722868797868802, 0.2850228258669436], [0.300088209013209, 0.2753563214563216, 0.16352947607947615, 0.2610259934509935], [0.2439943700090759, 0.2537935286935286, 0.1835784702225879, 0.3186336310748074], [0.2073362859362861, 0.3077144300144302, 0.16172137698902414, 0.32322790706026], [0.2546583697348403, 0.32766064491064484, 0.13399833303950962, 0.28368265231500533], [0.20230454545454554, 0.307037518037518, 0.2492395382395384, 0.24141839826839823], [0.19219403374403377, 0.3462023837273836, 0.23299804917304928, 0.22860553335553363], [0.20097829392829392, 0.2876949605949606, 0.18226733821733831, 0.3290594072594072], [0.2850400987900987, 0.3014733211233212, 0.17275042180042188, 0.24073615828615827], [0.23755672105672124, 0.2859424464424465, 0.20921644466644482, 0.267284387834388], [0.2576163752913753, 0.2925215895215896, 0.15305460372960386, 0.2968074314574316], [0.3106397324897326, 0.26511857031857045, 0.1385059385059385, 0.285735758685759], [0.3021516206016206, 0.23714143634143636, 0.1510536963036964, 0.3096532467532469], [0.28245543900543896, 0.241077294927295, 0.1653537093625329, 0.3111135567047332], [0.23663242509124854, 0.293238505938506, 0.14404673104673105, 0.32608233792351454], [0.2527560506486978, 0.27794930739195467, 0.1633177144750675, 0.3059769274842805], [0.2770253635253636, 0.27529705294705303, 0.16780492840492844, 0.2798726551226551], [0.2754252525252525, 0.32099005994006, 0.1423410034410035, 0.26124368409368415], [0.23159990564990574, 0.31466600621600616, 0.18975900765900772, 0.2639750804750805], [0.22799115329115335, 0.30096433011433, 0.20764415584415588, 0.26340036075036083], [0.265271572871573, 0.30559966144966155, 0.19664754689754704, 0.23248121878121888], [0.2563875568875569, 0.26794587634587647, 0.20973833943833955, 0.2659282273282273], [0.23886785991786005, 0.3136832778332778, 0.1728993062493063, 0.27454955599955605], [0.21290508380508388, 0.27341233766233786, 0.22232874739639466, 0.291353831136184], [0.20661763514263518, 0.2918680513930514, 0.20354154734154745, 0.297972766122766], [0.21586591186591197, 0.27491764346764364, 0.24832748362748375, 0.2608889610389612], [0.2225914779664781, 0.3166946719946719, 0.15288875013875014, 0.3078250999000999], [0.215525801975802, 0.2919541236541238, 0.21177357642357655, 0.28074649794649803], [0.25251863691863685, 0.2798689865689866, 0.1755603507603508, 0.2920520257520259], [0.24873299478299488, 0.2514366744366745, 0.20583663558663565, 0.2939936951936953], [0.21746161616161616, 0.27265013320013326, 0.21430483405483403, 0.2955834165834165], [0.16718277833277845, 0.3182758075258076, 0.2188427128427128, 0.2956987012987014], [0.26095861556743905, 0.3039605949605951, 0.13912344877344882, 0.2959573406985172], [0.2236083028083029, 0.34574027084027076, 0.19231026196026207, 0.23834116439116457], [0.34579383394383395, 0.2178218004218004, 0.15051411366411369, 0.2858702519702521], [0.3192018873283581, 0.24347026862026871, 0.1610133291545057, 0.2763145148968678], [0.22653170995670996, 0.3267682095682097, 0.16918057775557785, 0.2775195027195028], [0.25173007548007553, 0.27788638583638586, 0.17354352869352882, 0.2968400099900102], [0.2710189782439782, 0.3044361194361193, 0.13370018870018877, 0.29084471361971365], [0.22231832611832628, 0.31536704961704953, 0.2071669885669886, 0.25514763569763577], [0.31616652791652805, 0.24198339993340007, 0.14682999222999235, 0.29502007992007995], [0.2359071706071707, 0.23519189144189154, 0.1496990342990343, 0.3792019036519035], [0.21245490620490626, 0.29940777000777014, 0.1865993894993896, 0.30153793428793424], [0.27115620817091407, 0.25645884475002134, 0.1862032467532468, 0.2861817003258179], [0.28508847643584495, 0.2565791042291043, 0.14401900876900872, 0.314313410566042], [0.2561654345654346, 0.24569767177267177, 0.18100423742923744, 0.31713265623265635], [0.18507433677433685, 0.3501451159951157, 0.19807034077034077, 0.2667102064602066], [0.22710265290265297, 0.30627419247419235, 0.206816588966589, 0.2598065656565656], [0.3051024828113063, 0.24796108140225806, 0.13725108225108235, 0.3096853535353535], [0.18212847152847159, 0.32185152070152073, 0.20255079365079376, 0.2934692141192143], [0.3057595737595738, 0.27199343434343426, 0.1582024753024754, 0.2640445165945166], [0.2658262886236572, 0.28872575757575764, 0.18282889887889897, 0.2626190549216865], [0.22879851537351534, 0.3028348484848485, 0.1746888777888779, 0.29367775835275833], [0.25919908702408695, 0.2755363941613942, 0.1519354589854591, 0.3133290598290597], [0.2533969197469198, 0.29579543234543243, 0.17071457431457446, 0.28009307359307356], [0.30104701964701963, 0.24752091797091813, 0.14668892218892218, 0.3047431401931404], [0.2981862082362083, 0.23538850038850045, 0.1509002164502165, 0.3155250749250749], [0.2599681041181042, 0.3318809912309911, 0.12921959151959161, 0.2789313131313131], [0.3032502886002886, 0.28538835053835065, 0.13663548673548684, 0.27472587412587407], [0.21702970640470642, 0.2933870795870794, 0.20187829392829404, 0.28770492007992027], [0.24469393939393938, 0.2825008325008326, 0.18254565989565996, 0.29025956820956833], [0.22494305694305705, 0.27746225441225447, 0.18152863802863814, 0.3160660506160506], [0.27352357968828567, 0.23944914889032534, 0.1366672925114102, 0.3503599789099789], [0.22693722111222117, 0.30903409923409936, 0.22184812409812418, 0.24218055555555562], [0.19177556887556887, 0.34570953490953493, 0.17936975246975245, 0.28314514374514405], [0.3012370407370407, 0.2810269452769453, 0.15255595515595521, 0.2651800588300589], [0.2635609834609834, 0.30538935508935516, 0.18413184789067133, 0.2469178135589902]]}}