{"test": {"ids": ["104113190", "104111620", "108118301", "112119320", "113120540", "101110200", "104114240", "104114230", "102121700", "109115220", "113119360", "104116980", "100109910", "112118161", "110118810", "109117431", "102109840", "109117110", "101108950", "99108330", "101108290", "111120540", "108113760", "113118490", "98107010", "110114920", "110118121", "106121190", "109116810", "103112470", "108118291", "99116500", "97116410", "104111830", "99111440", "98106111", "108114200", "112119980", "97106000", "98120530", "105118740", "97118210", "100108080", "101112540", "101109370", "103113101", "107113260", "101119591", "112118890", "103111620", "99111000", "111121930", "108116070", "107116300", "105113480", "111120531", "107121230", "109114651", "99108460", "105113170", "108114270", "101110150", "97109080", "110117140", "110119030", "100110260", "111119340", "100111270", "111118820", "109113281", "106119990", "97105580", "113119450", "100109330", "107114780", "107113130", "98112300", "110118181", "108115970", "110115890", "106113190", "99112641", "97107920", "104112201", "107113840", "102111990", "113118111", "112120640", "112120270", "110118111", "109118231", "100111390", "97110950", "105116650", "100110050", "111121220", "109121351", "108119550", "98107340", "100109360", "113120531", "97106770", "107115250", "111118301", "112117790", "108115880", "97112300", "112116451", "105117200", "111116100", "112117471", "99110050", "104111780", "99111340", "106114321", "109121640", "102113210", "112118550", "112117571", "103113640", "97108520", "105115680", "97114170", "108121160", "99119830", "112118810", "113118620", "113119320", "109115380", "107112840", "100108520", "105114220", "112120540", "109120540", "111118810", "109119340", "104112470", "99107560", "113122650", "105116980", "110116290", "110119300"], "labels": [3, 0, 1, 1, 3, 2, 0, 2, 1, 3, 0, 1, 2, 0, 1, 1, 2, 1, 2, 1, 0, 1, 1, 1, 3, 3, 3, 2, 3, 1, 3, 2, 3, 3, 3, 0, 0, 0, 0, 1, 1, 2, 0, 2, 1, 3, 0, 0, 3, 0, 2, 1, 1, 0, 0, 0, 0, 3, 0, 0, 3, 1, 2, 3, 0, 3, 3, 2, 0, 0, 0, 1, 3, 0, 2, 1, 2, 1, 2, 2, 0, 1, 0, 0, 3, 2, 1, 0, 0, 1, 1, 2, 3, 1, 3, 3, 0, 1, 0, 0, 0, 3, 2, 3, 3, 3, 2, 0, 3, 3, 3, 3, 3, 1, 2, 0, 3, 3, 3, 1, 2, 2, 2, 2, 1, 3, 3, 1, 3, 1, 2, 3, 3, 1, 0, 3, 1, 1, 2, 0, 2, 1], "predicted_labels": [1, 0, 1, 1, 1, 1, 3, 1, 1, 1, 3, 1, 3, 0, 3, 0, 1, 1, 1, 3, 3, 3, 1, 3, 3, 1, 1, 1, 3, 3, 0, 1, 1, 1, 3, 0, 1, 1, 3, 3, 1, 3, 3, 1, 1, 1, 3, 3, 1, 1, 3, 3, 1, 1, 1, 3, 3, 1, 0, 3, 1, 1, 3, 3, 3, 0, 3, 1, 3, 3, 3, 0, 3, 0, 1, 3, 0, 1, 1, 1, 3, 3, 0, 0, 3, 0, 1, 0, 1, 0, 1, 3, 3, 1, 3, 1, 0, 3, 1, 3, 0, 3, 1, 0, 3, 3, 3, 0, 1, 0, 1, 3, 0, 1, 0, 3, 3, 3, 1, 0, 3, 1, 1, 1, 0, 3, 1, 1, 1, 3, 3, 3, 1, 1, 3, 1, 3, 3, 1, 0, 0, 3], "confidence_scores": [[0.23758498919381277, 0.33823113357231005, 0.17854918414918422, 0.24563469308469313], [0.4753303529803528, 0.21172941502941509, 0.13708431568431576, 0.1758559163059164], [0.27525473415473406, 0.29969494949494935, 0.158760533910534, 0.2662897824397824], [0.21881847041847044, 0.32945467310467297, 0.1760292873792875, 0.27569756909756926], [0.2698816405816408, 0.2898832306582308, 0.18648645798645813, 0.25374867077367097], [0.22116674991675006, 0.2963202725379196, 0.20519981088742711, 0.2773131666579036], [0.2486928865252397, 0.2766774960333785, 0.1866826124855537, 0.28794700495582876], [0.24864284326784328, 0.3211885163082531, 0.1871325043377677, 0.24303613608613614], [0.2426064879564881, 0.28176667067023137, 0.22166612072138395, 0.25396072065189734], [0.23750826118326132, 0.3004401071151072, 0.20039442779442773, 0.2616572039072039], [0.22941020923520936, 0.27643711288711287, 0.1731537074037075, 0.3209989704739705], [0.18603210123210123, 0.3323196525696527, 0.21478335553335565, 0.26686489066489055], [0.21060085470085474, 0.2583999722499725, 0.23548819709702068, 0.29551097595215253], [0.312905919080919, 0.27175827505827516, 0.13420162337662345, 0.2811341824841824], [0.2816456959706961, 0.2726276556776558, 0.1638822483072484, 0.28184440004439987], [0.30460359362859357, 0.2798563936063936, 0.14315869130869135, 0.2723813214563216], [0.2236727439227439, 0.3310605117105116, 0.18319699189699196, 0.26206975246975245], [0.1978496669996671, 0.33623910738384416, 0.19144383744910065, 0.2744673881673881], [0.15903537296037298, 0.33047375402375406, 0.22975589328971696, 0.28073497972615624], [0.21965903932668635, 0.26385698908934224, 0.21420275835275845, 0.30228121323121343], [0.24224080086580085, 0.2489834221334223, 0.19481905316905326, 0.3139567238317236], [0.2495903263403264, 0.2506948357198359, 0.2039887667887669, 0.2957260711510709], [0.2579795890384128, 0.27612128786246426, 0.20998089410589424, 0.255918228993229], [0.2339774336774339, 0.2893607364857366, 0.17835046620046635, 0.2983113636363636], [0.2774950937950939, 0.25100368748898183, 0.1894637434460965, 0.2820374752698283], [0.2621572094572095, 0.30676695526695535, 0.18761835941835947, 0.24345747585747585], [0.2720884781884783, 0.30484868742368737, 0.1490566156066156, 0.2740062187812189], [0.16861252081252087, 0.3437983849483851, 0.2001710417033947, 0.2874180525356995], [0.264261888111888, 0.2753607475857476, 0.1827184093684096, 0.27765895493395487], [0.23765342435342435, 0.27022034632034647, 0.22118855588855604, 0.2709376734376734], [0.30979850704850714, 0.3062574148074146, 0.11945129870129866, 0.2644927794427793], [0.20648028083028092, 0.2913797646797648, 0.21710200355200365, 0.285037950937951], [0.25987502856620504, 0.2938175380175381, 0.17559381566146268, 0.27071361775479436], [0.20584178321678334, 0.3379430291930292, 0.1664897174720706, 0.2897254701181171], [0.21971110556110574, 0.29907706182706195, 0.1738890775890775, 0.30732275502275486], [0.27933547008547016, 0.26182948848537096, 0.20710195425489542, 0.2517330871742637], [0.257909423909424, 0.3163907647907649, 0.17772521645021655, 0.24797459484959494], [0.2670465978465979, 0.31164653124653136, 0.173073803973804, 0.24823306693306688], [0.20172615554380258, 0.26559961713553054, 0.24218520172637836, 0.2904890255942888], [0.20920452325452338, 0.25842128982129003, 0.18989390609390616, 0.3424802808302806], [0.1898872516372517, 0.3227054972804973, 0.24947230269730286, 0.23793494838494839], [0.22807666728696166, 0.2823838614000379, 0.19010528882881828, 0.2994341824841826], [0.17781684631158326, 0.27200594046476406, 0.24503625818625824, 0.3051409550373948], [0.24994294039294046, 0.310616083916084, 0.19419461094461096, 0.24524636474636474], [0.22278068598068607, 0.32341841769341795, 0.17880780608280614, 0.27499309024309027], [0.25344277748395405, 0.2965726356976355, 0.18924520153049576, 0.26073938528791474], [0.2671784965034966, 0.261009054834055, 0.17682173586647276, 0.29499071279597583], [0.30531660006660016, 0.24220434010434003, 0.1409772144522145, 0.31150184537684505], [0.21318875013875016, 0.2985609029859031, 0.20331513486513483, 0.28493521201021194], [0.19815368716251078, 0.3180449616946519, 0.2011486002989099, 0.2826527508439275], [0.19378172105672103, 0.28231161061161064, 0.21328141703497747, 0.31062525129669105], [0.24474007083387897, 0.252535658785659, 0.2292174142850614, 0.2735068560954011], [0.23196845458463114, 0.28642241924741924, 0.1966627633804104, 0.28494636278753926], [0.22374639249639247, 0.2979749805749805, 0.18268565878565887, 0.29559296814296837], [0.21344025974025987, 0.2956236874236876, 0.19813903318903334, 0.29279701964701976], [0.24465409867909885, 0.3040523290435056, 0.14329269815152182, 0.30800087412587435], [0.2170194863959572, 0.26565641825494773, 0.1781491452991453, 0.3391749500499501], [0.26975329115329116, 0.3035501359751359, 0.1396213203463205, 0.2870752525252526], [0.34221980796980767, 0.22743198745698756, 0.17104457209457216, 0.2593036324786324], [0.20841957486957485, 0.28706684981684977, 0.176236224886225, 0.3282773504273503], [0.24416365301365306, 0.34966974136974155, 0.14015886335886343, 0.2660077422577422], [0.29273348873348876, 0.29351098346098337, 0.16548722943722965, 0.2482682983682985], [0.20465771173271186, 0.26871913364413375, 0.23561248000365664, 0.2910106746194982], [0.2733506438006441, 0.26852582972582983, 0.1714107115107116, 0.28671281496281487], [0.21648981018981037, 0.2695997513923984, 0.2126420928744458, 0.30126834554334575], [0.3717761127761131, 0.20256586746586758, 0.1659903707403708, 0.259667649017649], [0.21465966255966262, 0.2646655587102956, 0.25187611628137946, 0.2687986624486626], [0.19024466089466097, 0.30125319125319133, 0.24623847541347554, 0.2622636724386725], [0.2714828643578645, 0.2526641303141303, 0.15877345154845152, 0.31707955377955377], [0.2599378237775299, 0.26209286971198753, 0.2023490842490841, 0.2756202222613988], [0.26219565989565996, 0.2616540785238155, 0.18026003791530112, 0.2958902236652236], [0.2844858606305977, 0.26790557775557783, 0.2373298396048398, 0.21027872200898523], [0.245699483849484, 0.2543476079476079, 0.1960229770229771, 0.3039299311799311], [0.34782710067710076, 0.2535530525030525, 0.15129625374625386, 0.2473235930735932], [0.22238754578754594, 0.3096620823620824, 0.21044486624486633, 0.2575055056055056], [0.22787320734820743, 0.2721042790542792, 0.2015780525030525, 0.298444461094461], [0.34939768368886026, 0.23810569903952264, 0.14173114940614948, 0.2707654678654678], [0.2444800774389011, 0.29923591767709407, 0.16174646464646467, 0.29453754023754036], [0.17815477577977598, 0.29958541295306, 0.22389242424242428, 0.29836738702473986], [0.23072470503352877, 0.3603892199303964, 0.18515053475935833, 0.2237355402767168], [0.22192939005439014, 0.2703794705294705, 0.22210957653457664, 0.28558156288156306], [0.24391862026862035, 0.2872291652791653, 0.16866189921189928, 0.30019031524031525], [0.370843313875667, 0.208067526917527, 0.14584927294927305, 0.2752398862575334], [0.282897064047064, 0.27676022311022314, 0.16788802308802325, 0.27245468975468967], [0.22290379065379068, 0.2803314685314685, 0.19393421186656482, 0.302830528948176], [0.28510788655788666, 0.25844849872349873, 0.20051970529470525, 0.2559239094239094], [0.25726262626262636, 0.29783051948051953, 0.17306168071694403, 0.27184517353991045], [0.31528043068043077, 0.23675061213296522, 0.14588340940105654, 0.30208554778554775], [0.2790636585636586, 0.2958321012321014, 0.17905077145077147, 0.2460534687534688], [0.308237062937063, 0.2992583194583196, 0.1733361186199422, 0.21916849898467552], [0.26049075924075943, 0.30584698079698086, 0.16887361527361533, 0.2647886446886449], [0.22130459046457512, 0.2893879453879454, 0.18981052003552004, 0.29949694411195965], [0.26906555871029564, 0.23098376900876919, 0.17568230103230098, 0.3242683712486344], [0.21558495670995678, 0.3280748723498724, 0.18712988204605846, 0.2692102888941125], [0.2054231601731603, 0.2783706515706517, 0.22278032523032543, 0.293425863025863], [0.21083902812873398, 0.30898817163228914, 0.18869134917370228, 0.2914814510652746], [0.2936993950493949, 0.2854772699522699, 0.16395085192585201, 0.25687248307248317], [0.21262555777555783, 0.2809131118881118, 0.19028547008547025, 0.3161758602508603], [0.20324830169830188, 0.31137920506566025, 0.20767837624192112, 0.27769411699411706], [0.2714173493173493, 0.2550062783621608, 0.18598313418607548, 0.2875932381344148], [0.30063535353535337, 0.2721149489399491, 0.15688699078699084, 0.27036270673770685], [0.1969602841602843, 0.25972850482850496, 0.24219875679875694, 0.30111245421245453], [0.20381380563880566, 0.2983040729738098, 0.20872525048051369, 0.28915687090687087], [0.2992601360627677, 0.2295911255411256, 0.18242081252081263, 0.2887279258752943], [0.26713028287501983, 0.24091560661560674, 0.18498456543456543, 0.3069695450748084], [0.24586512931512944, 0.24445964950082602, 0.1737745607333844, 0.33590066045066036], [0.25458869186369204, 0.247479463510346, 0.18757286308462778, 0.3103589815413344], [0.3148747332732627, 0.26464130069277136, 0.16582040737040746, 0.25466355866355866], [0.23998902208902217, 0.30767844377844394, 0.19922229437229447, 0.25311023976024], [0.28426405261405274, 0.2678335192585193, 0.16683942723942724, 0.281063000888001], [0.23719328253445907, 0.3316115609880315, 0.16465338158573453, 0.26654177489177494], [0.2666543675278969, 0.24505229247876312, 0.19032758907758912, 0.29796575091575084], [0.28999002468120116, 0.2876127705627707, 0.15492346770876197, 0.2674737370472665], [0.22131163003663018, 0.26565121381886114, 0.25074407422642736, 0.2622930819180819], [0.3097900987900989, 0.2707563936063937, 0.17035428460428476, 0.24909922299922296], [0.28250848595848604, 0.24981000666000674, 0.1705068265068266, 0.29717468087468085], [0.23615598845598837, 0.24805388222888242, 0.20136302586302593, 0.3144271034521035], [0.24603181818181835, 0.2728548174048176, 0.1829442224442226, 0.29816914196914185], [0.22956504965622637, 0.3440698079698079, 0.1658407798084268, 0.26052436256553907], [0.3233417388167388, 0.21991804861804876, 0.15743213730713745, 0.29930807525807523], [0.2339937590187591, 0.271067587967588, 0.21808473748473753, 0.27685391552891564], [0.1543861527361529, 0.33453128538128557, 0.23686920579420587, 0.27421335608835606], [0.21735709845709844, 0.3061645909645908, 0.186660472860473, 0.2898178377178377], [0.2336011527687999, 0.3029355882679412, 0.16928576423576436, 0.29417749472749455], [0.2959982184482186, 0.28189864383982033, 0.16054781525663891, 0.26155532245532237], [0.25161592296592317, 0.2835268009768011, 0.16545793650793655, 0.2993993395493395], [0.20804036159918518, 0.32808986732222034, 0.22106977107859455, 0.24280000000000018], [0.2762254634254635, 0.33245521145521145, 0.1521418609168609, 0.23917746420246427], [0.24225451215451216, 0.3109795232545233, 0.1875082584082585, 0.2592577061827063], [0.2485344794094794, 0.26174353979354, 0.21271984404484415, 0.2770021367521367], [0.22829569874569886, 0.26832272564037274, 0.23268742531977843, 0.2706941502941503], [0.2194823454323455, 0.25238411588411597, 0.22102272727272743, 0.3071108114108114], [0.23658986846486862, 0.32589048843313556, 0.193774558774559, 0.24374508432743727], [0.22221257908757924, 0.3031018176268176, 0.1973251193251193, 0.27736048396048396], [0.25971961926961945, 0.2601811133311132, 0.2024789615613147, 0.27762030583795283], [0.2549568820068821, 0.30684946719946715, 0.13894463869463872, 0.29924901209901217], [0.23056096958596967, 0.29165187867687853, 0.1721064463314464, 0.30568070540570547], [0.21529357309357317, 0.29927147852147856, 0.17239374677609973, 0.3130412016088487], [0.22922789987790007, 0.2830008214008214, 0.2263689532689534, 0.26140232545232556], [0.3398760517260517, 0.22331401376401386, 0.16765764235764244, 0.2691522921522923], [0.2961006271506272, 0.25953751424014593, 0.16588214387951244, 0.27847971472971456], [0.2797319197142728, 0.2485584637584638, 0.18628024753024766, 0.28542936899701615]]}, "rewritten": {"ids": ["97105580", "97106000", "97106770", "97107920", "97108520", "97109080", "97110950", "97112300", "97114170", "97116410", "97118210", "98106111", "98107010", "98107340", "98112300", "98120530", "99107560", "99108330", "99108460", "99110050", "99111000", "99111340", "99111440", "99112641", "99116500", "99119830", "100108080", "100108520", "100109330", "100109360", "100109910", "100110050", "100110260", "100111270", "100111390", "101108290", "101108950", "101109370", "101110150", "101110200", "101112540", "101119591", "102109840", "102111990", "102113210", "102121700", "103111620", "103112470", "103113101", "103113640", "104111620", "104111780", "104111830", "104112201", "104112470", "104113190", "104114230", "104114240", "104116980", "105113170", "105113480", "105114220", "105115680", "105116650", "105116980", "105117200", "105118740", "106113190", "106114321", "106119990", "106121190", "107112840", "107113130", "107113260", "107113840", "107114780", "107115250", "107116300", "107121230", "108113760", "108114200", "108114270", "108115880", "108115970", "108116070", "108118291", "108118301", "108119550", "108121160", "109113281", "109114651", "109115220", "109115380", "109116810", "109117110", "109117431", "109118231", "109119340", "109120540", "109121351", "109121640", "110114920", "110115890", "110116290", "110117140", "110118111", "110118121", "110118181", "110118810", "110119030", "110119300", "111116100", "111118301", "111118810", "111118820", "111119340", "111120531", "111120540", "111121220", "111121930", "112116451", "112117471", "112117571", "112117790", "112118161", "112118550", "112118810", "112118890", "112119320", "112119980", "112120270", "112120540", "112120640", "113118111", "113118490", "113118620", "113119320", "113119360", "113119450", "113120531", "113120540", "113122650"], "labels": [1, 0, 3, 0, 2, 2, 3, 2, 2, 3, 2, 0, 3, 0, 2, 1, 1, 1, 0, 3, 2, 1, 3, 1, 2, 1, 0, 2, 0, 0, 2, 3, 3, 2, 2, 0, 2, 1, 1, 2, 2, 0, 2, 2, 3, 1, 0, 1, 3, 1, 0, 3, 3, 0, 1, 3, 2, 0, 1, 0, 0, 3, 2, 1, 0, 3, 1, 0, 2, 0, 2, 1, 1, 0, 3, 2, 2, 0, 0, 1, 0, 3, 3, 2, 1, 3, 1, 1, 2, 0, 3, 3, 3, 3, 1, 1, 1, 3, 1, 0, 0, 3, 2, 2, 3, 1, 3, 1, 1, 0, 1, 3, 3, 0, 0, 3, 0, 1, 3, 1, 0, 3, 3, 3, 0, 3, 3, 3, 1, 0, 0, 3, 0, 1, 1, 3, 1, 0, 3, 0, 3, 2], "predicted_labels": [0, 0, 0, 0, 0, 0, 0, 0, 0, 0, 0, 0, 0, 3, 0, 0, 0, 0, 0, 0, 0, 0, 0, 0, 0, 0, 0, 0, 0, 0, 0, 0, 0, 0, 0, 0, 1, 0, 0, 0, 0, 0, 0, 0, 0, 3, 0, 0, 0, 0, 0, 0, 0, 0, 0, 0, 0, 0, 1, 3, 0, 0, 1, 0, 0, 0, 0, 0, 0, 0, 0, 0, 0, 0, 0, 3, 0, 0, 0, 0, 0, 0, 0, 0, 0, 0, 0, 0, 0, 0, 0, 0, 3, 0, 3, 0, 0, 0, 0, 0, 0, 0, 0, 0, 0, 0, 0, 0, 0, 0, 3, 0, 0, 0, 0, 0, 0, 0, 0, 0, 0, 0, 0, 0, 0, 0, 0, 1, 0, 1, 0, 0, 0, 0, 0, 1, 0, 0, 0, 0, 0, 0], "confidence_scores": [[0.30112476412476397, 0.2675250305250306, 0.21694493839493856, 0.2144052669552669], [0.3594435750523983, 0.22407206486324147, 0.18270356587856604, 0.23378079420579426], [0.34006679986680005, 0.1951687257187258, 0.21709698634698643, 0.24766748806748817], [0.4806675546675547, 0.19314594849594863, 0.11159208014208022, 0.2145944166944168], [0.3621994485906249, 0.23331608946608948, 0.18531252195516912, 0.21917193998811657], [0.32462518037518046, 0.2132052974802976, 0.23414922022422044, 0.22802030192030187], [0.34640789415263107, 0.18019038184038189, 0.17673629426129434, 0.29666542974569304], [0.3708567599067597, 0.21241393883893897, 0.1502368908868909, 0.26649241036741034], [0.3011825313575314, 0.24198358863358874, 0.19339913974913983, 0.2634347402597403], [0.4369496891996891, 0.19809659229659238, 0.16568965478965478, 0.1992640637140638], [0.3697254582019288, 0.21571573426573443, 0.1602574366809661, 0.2543013708513709], [0.32175482295482294, 0.25573329578917825, 0.1885275508804921, 0.233984330375507], [0.3545172882672884, 0.21532907647907648, 0.19034092019092033, 0.23981271506271512], [0.24454898353280713, 0.25886596818214475, 0.20221483516483518, 0.2943702131202131], [0.431665873015873, 0.2140965423465424, 0.1561569763569765, 0.19808060828060847], [0.3546198634698633, 0.22746593961593978, 0.1624611999111999, 0.2554529970029971], [0.3246506382506383, 0.23770098235098247, 0.1852672882672885, 0.2523810911310912], [0.2751945665445664, 0.25436627816627816, 0.22449470251970263, 0.24594445276945287], [0.37379259629259626, 0.2035821067821069, 0.21441188256188265, 0.2082134143634144], [0.3931466255966255, 0.2235912448662449, 0.16979142801642821, 0.21347070152070166], [0.32185990398490405, 0.23423138528138554, 0.18007650960150964, 0.26383220113220107], [0.3335549089799091, 0.23650003166767883, 0.20891859251859257, 0.22102646683381988], [0.33038708513708515, 0.24307957320457335, 0.20428213730713746, 0.2222512043512043], [0.4470865967365966, 0.21507551337551353, 0.14757066267066274, 0.19026722721722739], [0.3382460532157899, 0.20617137862137874, 0.19629354534354548, 0.2592890228192861], [0.4212858807858808, 0.20068228993229006, 0.15150815850815857, 0.22652367077367083], [0.3358743090243089, 0.21917311022311034, 0.20982649572649587, 0.23512608502608504], [0.36321036186036193, 0.1996560922737394, 0.17524696022931333, 0.26188658563658573], [0.35318134643134663, 0.24208601953601977, 0.16987158119658127, 0.23486105283605285], [0.4269388944388941, 0.20981797091797094, 0.14692933177933182, 0.216313802863803], [0.31771645576645563, 0.2260052003552005, 0.20442826340326342, 0.2518500804750804], [0.3122862082362084, 0.24400751470751483, 0.21251960261960273, 0.23118667443667465], [0.45226795981795964, 0.20279839049839057, 0.1466968614718616, 0.19823678821178836], [0.2799720834720835, 0.2469387778887781, 0.23812722832722838, 0.2349619103119104], [0.3080244893994894, 0.22242965645465654, 0.2025854118104119, 0.26696044233544225], [0.41125158730158723, 0.1918991286491288, 0.15662735042735057, 0.2402219336219337], [0.22432121489621493, 0.2681533708981078, 0.2522909098211731, 0.25523450438450446], [0.3682036150124385, 0.2473292077203843, 0.19872125097125112, 0.18574592629592632], [0.34860776527394166, 0.2525398565486803, 0.1695953990453992, 0.22925697913197923], [0.3510235764235763, 0.20936551781551796, 0.16570049395049405, 0.2739104118104118], [0.2875927072927075, 0.24727457542457557, 0.21577407592407602, 0.24935864135864133], [0.42564785214785195, 0.19634208846708867, 0.1353431263181264, 0.2426669330669332], [0.3611621101121101, 0.24229226329226342, 0.16180088800088813, 0.23474473859473857], [0.4331091686091685, 0.2155738705738707, 0.18553353868353886, 0.16578342213342223], [0.3339755078255078, 0.20309812964812973, 0.19911395271395285, 0.2638124098124098], [0.26903117160617174, 0.24880301365301385, 0.2118916971916973, 0.27027411754911757], [0.40761679627561975, 0.22909464228581902, 0.1661497335997337, 0.19713882783882794], [0.28761482569717856, 0.2602823065823066, 0.17036776556776564, 0.2817351021527492], [0.34202719903075934, 0.28997477881595524, 0.18727204462204466, 0.18072597753124073], [0.3942417637917637, 0.19874345654345663, 0.1445584526584528, 0.2624563270063271], [0.3344280569104097, 0.217882661782662, 0.1460055278055279, 0.3016837535014005], [0.3601185406097172, 0.2586676767676768, 0.16815842327607042, 0.21305535934653594], [0.28489908424908433, 0.2696798645798646, 0.16694083139083155, 0.27848021978021975], [0.4300164557664558, 0.20662273837273862, 0.1331354145854146, 0.23022539127539143], [0.3221302233713997, 0.2171131388219624, 0.18150986235986244, 0.2792467754467754], [0.3366840770340769, 0.2378067821067823, 0.1791722888222888, 0.2463368520368521], [0.3048393198304965, 0.23567640692640687, 0.21232774839539556, 0.24715652484770148], [0.3724381479631478, 0.2537062504488977, 0.1466781679105209, 0.22717743367743384], [0.27649669774669766, 0.31464376734376737, 0.1794607392607393, 0.2293987956487957], [0.31593935508935506, 0.18951975801975815, 0.16764597624597632, 0.3268949106449105], [0.30920567765567775, 0.25028860028860045, 0.1750039349539351, 0.265501787101787], [0.3756505550005549, 0.2216101065601066, 0.1544595238095239, 0.2482798146298146], [0.2389116411366413, 0.2770364829614829, 0.21613618326118333, 0.2679156926406926], [0.3885141580641582, 0.23914876789876793, 0.1491622821622822, 0.22317479187479192], [0.36310533078033075, 0.23100515873015876, 0.1561738539238539, 0.24971565656565664], [0.31249502894766046, 0.22619461094461113, 0.19991472971472982, 0.2613956303929988], [0.31331311743811735, 0.25034592352092366, 0.20430563048063058, 0.23203532856032869], [0.3999528971028969, 0.20787803307803315, 0.1569692363192365, 0.23519983349983348], [0.4713156137979666, 0.18735111000111015, 0.14635659895659905, 0.19497667724432446], [0.37943163111398426, 0.20919587809850987, 0.18583041782778642, 0.22554207295972012], [0.3411581890331892, 0.2321560106560109, 0.16748483183483195, 0.2592009684759685], [0.34070624930624926, 0.23573435453435462, 0.20130847485847503, 0.22225092130092133], [0.3034589077589078, 0.23351606726606736, 0.21240325785325798, 0.25062176712176726], [0.4070145743145741, 0.19230945165945174, 0.1697469641469643, 0.23092900987901002], [0.31652573537573553, 0.24468550893550903, 0.19379171939171938, 0.24499703629703637], [0.2545602453102454, 0.25188631368631376, 0.22135053835053836, 0.2722029026529027], [0.40382061272061276, 0.22508192918192926, 0.1871408286158286, 0.18395662948162958], [0.3322463425463426, 0.22875981795981815, 0.19206178266178275, 0.246932056832057], [0.3456694797033032, 0.2568972119383886, 0.18422083194583197, 0.21321247641247654], [0.30347333777333785, 0.23690555730818894, 0.1908810116783802, 0.26874009324009324], [0.3013676906426907, 0.22159766899766914, 0.20049337051837068, 0.2765412698412698], [0.3735470529470529, 0.23483893328893332, 0.16680290265290273, 0.22481111111111118], [0.3666652736152735, 0.221313014763015, 0.19862589632589644, 0.21339581529581536], [0.2875488511488512, 0.243441690009337, 0.19729256854256869, 0.2717168902992432], [0.34272004662004674, 0.2677182817182817, 0.17138582528582544, 0.2181758463758465], [0.41637229241346846, 0.2372001554001554, 0.10974141805906519, 0.23668613412731065], [0.4088728660228659, 0.22422888777888803, 0.17016192973692984, 0.19673631646131648], [0.32919888999888997, 0.22215097680097684, 0.15578432678432683, 0.29286580641580623], [0.2764658730158731, 0.2611981684981687, 0.18736991341991358, 0.274966045066045], [0.40670857475857497, 0.22006932511932528, 0.1848868686868687, 0.18833523143523148], [0.47109960594960565, 0.177578232878233, 0.12014967809967812, 0.23117248307248323], [0.4026465145965145, 0.22630154845154854, 0.14268898323898324, 0.22836295371295376], [0.2678225663225664, 0.26363591058064767, 0.19018121951148276, 0.2783603035853036], [0.3206136974136975, 0.24542310744810764, 0.18250988733488746, 0.2514533078033079], [0.25533042513042525, 0.27178003108003124, 0.18975908535908545, 0.28313045843045836], [0.3567120185370184, 0.26792120657120677, 0.13376257076257075, 0.24160420412920416], [0.4657954489954489, 0.19822061272061287, 0.13153310578310587, 0.20445083250083262], [0.3050265956265959, 0.24665683760683763, 0.18582460317460328, 0.26249196359196375], [0.33887728741846385, 0.23817440337440343, 0.18273209959974676, 0.2402162096073861], [0.4242146908646908, 0.2189465423465426, 0.15575206460206473, 0.20108670218670227], [0.33513361638361644, 0.24258767898767902, 0.17445550560550566, 0.24782319902319905], [0.2732841372679608, 0.26412577226694894, 0.19096679986679999, 0.27162329059829055], [0.3573743442831677, 0.22123328142445803, 0.18233742368742378, 0.23905495060495077], [0.3712464368964369, 0.2055586413586414, 0.1673734265734267, 0.2558214951714952], [0.35837003552003516, 0.22781984126984153, 0.14647974802974806, 0.2673303751803752], [0.456387434787435, 0.20378299478299491, 0.15376973581973594, 0.18605983460983466], [0.3726489066489065, 0.22986430791430795, 0.1642677294927296, 0.23321905594405598], [0.2882230769230771, 0.2653608835608836, 0.18767044622044635, 0.2587455932955933], [0.2999851315351315, 0.2661766844266846, 0.16629807414807424, 0.26754010989010996], [0.30946236541236566, 0.2371792790542792, 0.1849518176268176, 0.2684065379065378], [0.2672137267960797, 0.2208843101343102, 0.2111544760794761, 0.3007474869901339], [0.3336121378621377, 0.2493170148478972, 0.15858424973719099, 0.2584865975527741], [0.4681062639974403, 0.19765967006849378, 0.14523568098568113, 0.18899838494838506], [0.34361462426462436, 0.21494509379509397, 0.18647133422133444, 0.25496894771894774], [0.3085249361749361, 0.23436986346986352, 0.16852784437784438, 0.28857735597735606], [0.38782549117549114, 0.20968819513819514, 0.1603010045510047, 0.24218530913530917], [0.4000325507825509, 0.24859103119103138, 0.1308889055389056, 0.22048751248751244], [0.37993187564069913, 0.2300609232270998, 0.1643728271728273, 0.22563437395937405], [0.32809893994893996, 0.2226906038406041, 0.19637456987456992, 0.2528358863358864], [0.2853840546278627, 0.2642017482517483, 0.18848708905473624, 0.26192710806565295], [0.4435729853479854, 0.23902917637917648, 0.11468565878565884, 0.20271217948717962], [0.3483420615332379, 0.279392881301705, 0.138377664002664, 0.23388739316239315], [0.3496508305420073, 0.26638401875901885, 0.13443252417517132, 0.249532626523803], [0.26648318903318907, 0.26350581363081377, 0.21114914529914536, 0.25886185203685214], [0.4164851759351762, 0.23222997557997582, 0.15157691197691203, 0.19970793650793658], [0.33172456432456426, 0.2121207792207793, 0.2135716450216452, 0.2425830114330114], [0.33019643689643696, 0.24968512043512053, 0.17698694083694097, 0.24313150183150187], [0.2727845099345099, 0.28185107670107673, 0.19301228216228225, 0.25235213120213124], [0.31669795204795215, 0.24780306535569716, 0.20911065980802826, 0.22638832278832285], [0.25594614829614837, 0.27817844932844943, 0.23108995448995456, 0.23478544788544797], [0.3066650405150407, 0.2291542846042848, 0.2274499944499945, 0.23673068043068055], [0.3481680097680097, 0.2442853868353869, 0.17329761349761363, 0.23424898989898998], [0.3249685092685093, 0.21801979131979152, 0.1636407425907427, 0.29337095682095665], [0.4397840936840936, 0.1967136030636032, 0.155223323898324, 0.2082789793539795], [0.3153916722166725, 0.2268696248196249, 0.19028761238761252, 0.2674510905760906], [0.26432161727161724, 0.30019248806748805, 0.1908753968253969, 0.24461049783549785], [0.332780230880231, 0.2914858585858585, 0.15228630813630822, 0.22344760239760234], [0.3292394938394937, 0.23675069930069953, 0.17328258408258415, 0.26072722277722277], [0.3058267613105849, 0.2534354542516309, 0.1615706737706739, 0.27916711066711075], [0.4637284548784547, 0.22356384726384748, 0.14540933233433245, 0.1672983655233656], [0.3229129065379065, 0.24920804195804203, 0.18922703130203142, 0.23865202020202025], [0.3281762265512266, 0.22978162948162945, 0.1943766039516041, 0.24766554001554023]]}}