{"test": {"ids": ["107114490", "101112201", "102107961", "102121700", "101113210", "109121410", "103111540", "97107920", "103109791", "109113281", "107117630", "102109910", "99107660", "98106880", "108118301", "111119250", "107116980", "108121190", "98117740", "109115380", "110116290", "103111830", "106111321", "105115680", "109114030", "110113591", "98109090", "101114020", "103110100", "111118301", "105119550", "99121440", "99111340", "110114651", "109118231", "98119591", "109119460", "103117461", "104114240", "110121720", "101108460", "104111830", "105112100", "112121430", "112116640", "106113170", "101108370", "113120780", "105113620", "105117431", "111121190", "101111210", "108114670", "112118930", "113121410", "110116170", "112116810", "100108080", "113117550", "110116300", "98109570", "113122430", "110118450", "100108490", "99108460", "109115070", "106114011", "106114280", "107113550", "108114270", "111121351", "106116850", "110116441", "102109840", "102110240", "98109311", "110119300", "98121790", "107120880", "105115900", "99109161", "99113260", "103113170", "99112840", "108120700", "111119610", "106115120", "100109910", "98108970", "97105760", "110117870", "110118880", "112119610", "108113740", "97112830", "98116500", "108115880", "112119980", "112117461", "100109311", "99117740", "112121410", "98116090", "101111990", "111119340", "109121640", "110115120", "104118070", "110117500", "101108121", "112119580", "108113760", "105118740", "99107560", "103110050", "108116481", "113120260", "113118820", "109113591", "111114171", "107114780", "110118701", "104117200", "98113881", "110113931", "107119950", "103113610", "111121410", "111120280", "97112170", "98110810", "99119830", "112116850", "109118820", "108118060", "109120150", "112118550", "107121230", "113117401", "103118110", "112120290", "110121500"], "labels": [3, 0, 3, 1, 3, 0, 1, 0, 3, 0, 0, 2, 3, 0, 1, 1, 3, 1, 2, 3, 2, 3, 0, 2, 1, 0, 1, 3, 1, 3, 1, 2, 1, 3, 1, 1, 1, 0, 0, 3, 0, 3, 1, 2, 0, 0, 1, 0, 0, 1, 1, 2, 3, 1, 0, 0, 3, 0, 3, 3, 1, 2, 0, 2, 0, 0, 1, 3, 0, 3, 0, 3, 3, 2, 3, 1, 1, 2, 1, 3, 3, 0, 3, 2, 2, 2, 1, 2, 3, 0, 3, 0, 0, 3, 2, 2, 3, 0, 0, 1, 2, 0, 0, 2, 3, 0, 0, 2, 1, 0, 3, 1, 1, 1, 3, 0, 3, 0, 3, 3, 2, 3, 3, 3, 1, 3, 2, 0, 0, 0, 1, 1, 0, 3, 1, 2, 3, 0, 3, 2, 1, 3], "predicted_labels": [3, 0, 3, 1, 3, 3, 3, 0, 1, 3, 0, 3, 0, 0, 3, 1, 1, 1, 1, 1, 0, 0, 1, 1, 0, 0, 0, 0, 2, 0, 1, 2, 1, 3, 1, 0, 3, 1, 1, 1, 3, 1, 0, 1, 1, 1, 0, 3, 1, 1, 3, 3, 3, 1, 3, 3, 1, 1, 3, 1, 3, 1, 1, 2, 1, 1, 1, 1, 0, 3, 1, 1, 1, 3, 3, 0, 1, 0, 3, 3, 0, 3, 1, 1, 1, 1, 3, 0, 1, 0, 0, 0, 1, 3, 0, 3, 3, 1, 3, 0, 0, 1, 3, 1, 3, 0, 1, 1, 1, 0, 3, 3, 1, 1, 1, 3, 1, 1, 3, 1, 1, 1, 3, 1, 1, 3, 3, 1, 3, 3, 2, 1, 3, 3, 3, 3, 0, 3, 0, 1, 1, 0], "confidence_scores": [[0.21239511695622168, 0.3091634983276564, 0.1965601669255366, 0.281881217790585], [0.3199607486201702, 0.23943887480347098, 0.10744940679389196, 0.3331509697824666], [0.23414567500634875, 0.2730191484295741, 0.24733610715641396, 0.24549906940766314], [0.25154754509180743, 0.28907799233849807, 0.16293916928788524, 0.2964352932818089], [0.29164272466526614, 0.2451795835690966, 0.20243046835304143, 0.2607472234125958], [0.20122550687346158, 0.35192044141655643, 0.1616049093970202, 0.2852491423129619], [0.2740310641349284, 0.27289317530382656, 0.1683268676327473, 0.28474889292849787], [0.37609480122723055, 0.2117786777239613, 0.08122091469998054, 0.33090560634882743], [0.2527143018149639, 0.2811186128458891, 0.23081635646169593, 0.235350728877451], [0.24062378560691738, 0.29172493215519685, 0.19493483324155692, 0.272716448996329], [0.345330492688565, 0.22314052888661393, 0.14135785434113377, 0.290171124083687], [0.27964374562859, 0.27483618724929426, 0.16556512023932424, 0.2799549468827914], [0.34551023168539446, 0.23245558389362206, 0.08595940120624229, 0.33607478321474143], [0.26132205859218655, 0.2794729191399343, 0.22778500522721443, 0.23142001704066492], [0.2772498134073463, 0.2914640897813748, 0.13430858167321158, 0.2969775151380671], [0.21945084137987586, 0.3115732019398935, 0.18339190146160622, 0.28558405521862434], [0.2729250553400427, 0.30928408542567265, 0.05493162351865289, 0.36285923571563194], [0.16927101997703708, 0.31671698506179596, 0.26411909473680184, 0.24989290022436522], [0.16985124461144122, 0.30767150258945336, 0.28883371998989804, 0.23364353280920758], [0.1609955042931946, 0.3212365791294638, 0.25918122728066706, 0.25858668929667444], [0.2887504534416927, 0.26739240239270373, 0.14904332191020633, 0.29481382225539715], [0.29231497439176923, 0.257916086187856, 0.1682770257556911, 0.281491913664684], [0.16479507078967454, 0.3222311077601995, 0.23917292662744613, 0.2738008948226797], [0.14306244251479358, 0.3541419800654155, 0.22448450257551303, 0.278311074844278], [0.2655965613391225, 0.2767029978105563, 0.1668818909333657, 0.2908185499169559], [0.29650952004051473, 0.25401408387782426, 0.192791113678594, 0.25668528240306704], [0.308088463066825, 0.24586888851367208, 0.1680086723269449, 0.27803397609255787], [0.3011966968421496, 0.27418724811664846, 0.10026832533645295, 0.324347729704749], [0.19674896955772764, 0.2864257178483736, 0.3214617693172222, 0.19536354327667604], [0.2781872533584071, 0.27407198254152954, 0.15154603152369894, 0.2961947325763644], [0.2196979285068662, 0.3109873609396219, 0.1797607549810561, 0.2895539555724557], [0.1910002314806166, 0.2900699163585962, 0.2960123297610751, 0.22291752239971208], [0.13466120646276175, 0.33019714159274627, 0.30003401238778693, 0.23510763955670444], [0.3156157982623555, 0.29246228513250166, 0.08874265580466392, 0.3031792608004789], [0.19754046951450838, 0.3070205709697833, 0.24556060072452443, 0.2498783587911838], [0.28204157279740877, 0.26102069433160724, 0.18865533208126262, 0.26828240078972154], [0.23096691732810418, 0.3200552277687365, 0.1537218340262978, 0.295256020876861], [0.25733531308112734, 0.291247366688502, 0.14818469603744772, 0.3032326241929229], [0.2002438653490165, 0.3033101226991219, 0.2307587090222264, 0.2656873029296353], [0.20379851717448486, 0.31588403298781276, 0.19343007506463847, 0.2868873747730641], [0.2757547496966442, 0.31679072363170946, 0.13038403215347885, 0.27707049451816773], [0.19840086240322344, 0.3134923452996445, 0.1795754442340556, 0.30853134806307647], [0.2716795312289847, 0.2694439884380956, 0.18104004007003083, 0.27783644026288906], [0.17704997277036852, 0.3032478545744573, 0.2972421475691094, 0.2224600250860648], [0.20956987858920353, 0.31190811851218425, 0.19558605235913712, 0.282935950539475], [0.2739006471019953, 0.3082623559171372, 0.08011626783637048, 0.337720729144497], [0.30515606886662927, 0.27289733762424545, 0.08245010743536063, 0.3394964860737647], [0.24377995017585385, 0.32472120032950563, 0.1318669082529751, 0.2996319412416651], [0.1534357118648452, 0.31970791386508157, 0.2895592833729635, 0.23729709089710982], [0.17960974208045383, 0.3115176705751743, 0.24221715982954106, 0.26665542751483085], [0.28740921693398025, 0.28675112977321404, 0.11374984094937171, 0.312089812343434], [0.2603405082787447, 0.29762436793846014, 0.15499681111702224, 0.28703831266577295], [0.28685096263831733, 0.286533093384228, 0.1313035103893903, 0.2953124335880643], [0.2050631107718382, 0.31863215709897474, 0.17718714498036334, 0.2991175871488237], [0.2737830757581445, 0.31265261703307534, 0.10348893801646164, 0.31007536919231843], [0.2983981197151988, 0.274458440104227, 0.13467419989704338, 0.29246924028353066], [0.23889553245597314, 0.28242497298796926, 0.20911384281351694, 0.2695656517425403], [0.16775668681071132, 0.31656913984869434, 0.2711514990645024, 0.24452267427609195], [0.1977898658180228, 0.3106756493503108, 0.22659876533721782, 0.2649357194944491], [0.23773803148330747, 0.3103608758932768, 0.1575341948846562, 0.29436689773875974], [0.21076385050950366, 0.2939838711108029, 0.24355585775286268, 0.251696420626831], [0.21721872720678362, 0.3302380052639038, 0.15001987804737987, 0.30252338948193275], [0.20169186955482052, 0.3109420065492306, 0.20336477692923188, 0.28400134696671725], [0.21221551454158338, 0.2823767733952358, 0.29018507958087786, 0.21522263248230317], [0.20209716981488865, 0.3004983756174916, 0.2345741752773699, 0.26283027929024966], [0.24121227352061195, 0.2883942791408025, 0.18413404543095965, 0.28625940190762544], [0.19624393693252742, 0.3127245969916146, 0.20623718702675742, 0.2847942790491004], [0.21667417185506563, 0.30669999316722785, 0.19382653869616778, 0.28279929628153866], [0.3316433668525026, 0.24056876344150901, 0.13358937467096188, 0.29419849503502626], [0.2281520475981692, 0.3014363592539859, 0.19071777653771282, 0.2796938166101321], [0.27562211629109307, 0.2864110184150366, 0.12497829856562527, 0.3129885667282453], [0.16961007829661848, 0.31328651896738396, 0.2723513814108862, 0.24475202132511129], [0.1790954505926986, 0.3339935334206992, 0.2062408978632159, 0.2806701181233864], [0.22239751968841748, 0.29507449395952096, 0.21144266289153416, 0.27108532346052716], [0.29898239100561186, 0.2761066377734646, 0.13566328520261617, 0.2892476860183073], [0.27071742686079187, 0.2601486638563579, 0.20925233975870622, 0.2598815695241439], [0.2573093518672926, 0.3019645936895514, 0.14037264050808776, 0.3003534139350682], [0.2810198126879238, 0.2713307565105007, 0.14593664470410786, 0.30171278609746754], [0.15218616515399036, 0.35154740847989796, 0.2244026258226911, 0.27186380054342046], [0.16288601078977774, 0.3071269154178401, 0.3051073473710193, 0.22487972642136295], [0.2681989843880042, 0.2637777661591551, 0.25262355140618103, 0.21539969804665954], [0.20472183100531993, 0.28703062343206304, 0.2682067947908424, 0.24004075077177442], [0.20588400094412232, 0.293193310620095, 0.24769136784893178, 0.2532313205868507], [0.16476449541554292, 0.31060491532397366, 0.2970957932628627, 0.22753479599762108], [0.22505213187055786, 0.31533249408475533, 0.14503640486443986, 0.31457896918024697], [0.18306284313573604, 0.3036061532462737, 0.29280319725340304, 0.22052780636458735], [0.26334094780805295, 0.31077878586146757, 0.11578840335277027, 0.31009186297770913], [0.23802920213069806, 0.26869771953331056, 0.2510133305177245, 0.242259747818267], [0.1459117094352745, 0.32456800629783983, 0.2738390959366028, 0.25568118833028297], [0.30317147229269537, 0.2606670961624809, 0.13806180581094743, 0.2980996257338761], [0.2748340184532962, 0.27525031234439173, 0.15670363278859653, 0.29321203641371524], [0.3015607252243251, 0.2832074821103345, 0.05361503889933265, 0.36161675376600777], [0.09720565848418902, 0.34817618716084076, 0.36964949023097393, 0.18496866412399635], [0.3164230295483824, 0.25584541902259195, 0.15274732718134296, 0.2749842242476823], [0.25058739340923947, 0.2695359155267085, 0.23386653338886235, 0.2460101576751898], [0.2968161389252953, 0.280984303945381, 0.126767719982141, 0.29543183714718285], [0.30811471882865993, 0.2889584294250987, 0.08245261106705865, 0.3204742406791827], [0.1881664901904038, 0.3159721392734521, 0.22434828242693527, 0.27151308810920866], [0.28795853559792484, 0.30783470554046743, 0.08588337398618638, 0.3183233848754213], [0.30384340802531795, 0.27218281166265784, 0.1119214977891874, 0.3120522825228367], [0.3127938600726156, 0.22773466707888412, 0.1884057672234775, 0.2710657056250228], [0.22826146781194426, 0.31239522227629596, 0.16644353129045622, 0.29289977862130373], [0.2731848190938295, 0.2766181366145463, 0.17399073180009111, 0.2762063124915332], [0.1757736088085941, 0.30049692947588813, 0.3187793691762371, 0.20495009253928106], [0.2621961583555034, 0.289915620794835, 0.16235442634761896, 0.2855337945020429], [0.34116321848788056, 0.2514807950999175, 0.08057251534785012, 0.3267834710643519], [0.20719033105727178, 0.3263908937321637, 0.1621849169747565, 0.304233858235808], [0.1366431879994494, 0.32774806857481525, 0.30794579934316324, 0.227662944082572], [0.21643041502539634, 0.3249118598438311, 0.16665104945079964, 0.29200667567997324], [0.3276397826960517, 0.25979033288167164, 0.0877789335019666, 0.3247909509203101], [0.316518986040486, 0.27981550942239447, 0.0859980483924229, 0.3176674561446961], [0.20896768043944472, 0.2901651794906604, 0.2587413331843052, 0.24212580688558996], [0.2637400643882704, 0.28726880320788617, 0.155324526737664, 0.29366660566617936], [0.17866044960753125, 0.31419089429992175, 0.23674349693541002, 0.2704051591571369], [0.21806078386945868, 0.2973251997867216, 0.2171610036521628, 0.2674530126916572], [0.27778462580692787, 0.2935440959237701, 0.12549595727189564, 0.3031753209974064], [0.21489398172176924, 0.30678012854791475, 0.19268114984792828, 0.28564473988238753], [0.29598647585997556, 0.3002067612808231, 0.0740329150778636, 0.3297738477813377], [0.306106784212769, 0.2975412480385888, 0.07763969843465837, 0.31871226931398405], [0.22017801670485226, 0.3110505335734452, 0.17794396314068325, 0.2908274865810192], [0.10908782562596599, 0.3376265052044516, 0.3510409687401254, 0.20224470042945705], [0.23328198892300794, 0.3027949955917027, 0.16206766902653116, 0.30185534645875817], [0.2200451384532239, 0.30615874393915127, 0.19076362672930458, 0.2830324908783203], [0.20318153887279986, 0.30119528155727693, 0.23587191463499696, 0.25975126493492645], [0.22484114021312382, 0.30023551189666037, 0.19921678165457227, 0.2757065662356434], [0.3344821632974447, 0.27278816448385995, 0.08738936125535443, 0.30534031096334086], [0.18121061650820028, 0.29557621814478596, 0.30173770533792615, 0.22147546000908744], [0.22750793760236182, 0.30915858830860443, 0.15579403573993514, 0.3075394383490984], [0.3071597691444404, 0.26944087257249005, 0.12150396392226205, 0.30189539436080753], [0.24676849212299848, 0.27677308935227846, 0.21174574810274835, 0.26471267042197455], [0.13995809634368453, 0.3125938844072674, 0.38584336675150294, 0.16160465249754505], [0.23685126058392203, 0.28062001979215545, 0.2698215675275322, 0.21270715209639032], [0.24718117694613334, 0.3581338252356878, 0.10120963877369173, 0.29347535904448735], [0.2847793877322563, 0.30182239639018466, 0.09574854189806142, 0.3176496739794977], [0.28186478906433754, 0.26036349477220766, 0.18654735197597094, 0.27122436418748397], [0.24799502767509154, 0.27783377626284705, 0.20937792395946223, 0.2647932721025991], [0.27550590006255005, 0.2652846906179307, 0.19295201282770322, 0.2662573964918162], [0.2647566551477224, 0.2968669671759833, 0.13359844394714074, 0.30477793372915346], [0.2816857458736343, 0.277806476105045, 0.11736570397687951, 0.3231420740444411], [0.19626012673686805, 0.3018927164114819, 0.2652226243989564, 0.23662453245269313], [0.20548571907282728, 0.308254163280019, 0.20957939969910339, 0.27668071794805016], [0.2962204373542624, 0.26851584762661423, 0.12565398222856425, 0.3096097327905592]]}, "rewritten": {"ids": ["97105760", "97107920", "97112170", "97112830", "98106880", "98108970", "98109090", "98109311", "98109570", "98110810", "98113881", "98116090", "98116500", "98117740", "98119591", "98121790", "99107560", "99107660", "99108460", "99109161", "99111340", "99112840", "99113260", "99117740", "99119830", "99121440", "100108080", "100108490", "100109311", "100109910", "101108121", "101108370", "101108460", "101111210", "101111990", "101112201", "101113210", "101114020", "102107961", "102109840", "102109910", "102110240", "102121700", "103109791", "103110050", "103110100", "103111540", "103111830", "103113170", "103113610", "103117461", "103118110", "104111830", "104114240", "104117200", "104118070", "105112100", "105113620", "105115680", "105115900", "105117431", "105118740", "105119550", "106111321", "106113170", "106114011", "106114280", "106115120", "106116850", "107113550", "107114490", "107114780", "107116980", "107117630", "107119950", "107120880", "107121230", "108113740", "108113760", "108114270", "108114670", "108115880", "108116481", "108118060", "108118301", "108120700", "108121190", "109113281", "109113591", "109114030", "109115070", "109115380", "109118231", "109118820", "109119460", "109120150", "109121410", "109121640", "110113591", "110113931", "110114651", "110115120", "110116170", "110116290", "110116300", "110116441", "110117500", "110117870", "110118450", "110118701", "110118880", "110119300", "110121500", "110121720", "111114171", "111118301", "111119250", "111119340", "111119610", "111120280", "111121190", "111121351", "111121410", "112116640", "112116810", "112116850", "112117461", "112118550", "112118930", "112119580", "112119610", "112119980", "112120290", "112121410", "112121430", "113117401", "113117550", "113118820", "113120260", "113120780", "113121410", "113122430"], "labels": [0, 0, 0, 2, 0, 3, 1, 1, 1, 1, 3, 0, 2, 2, 1, 2, 1, 3, 0, 3, 1, 2, 0, 2, 1, 2, 0, 2, 1, 2, 0, 1, 0, 2, 2, 0, 3, 3, 3, 2, 2, 3, 1, 3, 3, 1, 1, 3, 3, 2, 0, 2, 3, 0, 3, 2, 1, 0, 2, 3, 1, 1, 1, 0, 0, 1, 3, 1, 3, 0, 3, 2, 3, 0, 3, 1, 0, 3, 1, 3, 3, 3, 0, 1, 1, 2, 1, 0, 3, 1, 0, 3, 1, 3, 1, 2, 0, 0, 0, 1, 3, 0, 0, 2, 3, 3, 1, 3, 0, 3, 0, 1, 3, 3, 3, 3, 1, 3, 2, 0, 1, 0, 0, 0, 3, 0, 0, 3, 1, 3, 0, 0, 1, 0, 2, 3, 3, 0, 3, 0, 0, 2], "predicted_labels": [0, 0, 3, 3, 1, 1, 0, 3, 3, 2, 3, 0, 3, 1, 3, 3, 1, 0, 3, 0, 1, 3, 2, 0, 3, 2, 1, 1, 0, 3, 3, 0, 3, 3, 1, 0, 0, 3, 3, 1, 3, 3, 1, 1, 1, 2, 3, 0, 1, 2, 1, 1, 1, 3, 3, 2, 3, 1, 1, 3, 3, 1, 1, 3, 1, 1, 3, 3, 1, 3, 3, 1, 1, 0, 3, 3, 3, 3, 3, 3, 3, 3, 0, 3, 1, 1, 1, 3, 3, 0, 1, 1, 1, 3, 3, 3, 3, 0, 0, 3, 3, 3, 3, 3, 1, 1, 1, 1, 1, 1, 0, 1, 0, 1, 3, 3, 3, 3, 3, 0, 0, 1, 1, 1, 3, 3, 3, 0, 3, 3, 1, 1, 3, 3, 3, 3, 3, 1, 1, 1, 3, 1], "confidence_scores": [[0.3220899979866642, 0.25807674794386776, 0.10391494240066362, 0.31591831166880446], [0.37811813776352654, 0.20556554996561613, 0.07893561448247018, 0.33738069778838703], [0.2930735927416203, 0.26808715508630476, 0.15607997421812686, 0.2827592779539483], [0.23265950775276045, 0.27701231401429766, 0.24400326608254916, 0.24632491215039268], [0.1955303898223009, 0.2998345419890912, 0.2902982167688048, 0.21433685141980321], [0.15125180109405045, 0.32157815353474056, 0.28904289319504817, 0.23812715217616098], [0.3236933740832764, 0.23979180375064663, 0.14954329149334247, 0.2869715306727346], [0.2495216239404896, 0.2766960756838803, 0.21429509528209373, 0.25948720509353645], [0.23358185645643892, 0.3058900751142125, 0.18353626370109963, 0.27699180472824897], [0.17524698376239642, 0.29346690810936205, 0.34385073228363067, 0.18743537584461098], [0.1881370902312267, 0.30714384106793857, 0.2539495039615167, 0.25076956473931816], [0.2894485212971861, 0.26636961401225223, 0.1650131166412556, 0.27916874804930597], [0.2858839883832249, 0.28028321711896864, 0.15431602024572894, 0.27951677425207744], [0.16112219887780127, 0.30925502302265623, 0.3295618691494721, 0.20006090895007062], [0.2613609296811053, 0.2845600226037622, 0.17479470205611283, 0.2792843456590196], [0.2809149431375479, 0.2846529019709208, 0.15150334463291762, 0.28292881025861377], [0.18032794621031062, 0.3190391337837843, 0.22013974036690803, 0.28049317963899695], [0.3450962281570258, 0.22827380016278773, 0.08071133475255252, 0.3459186369276338], [0.23326896224848861, 0.3035917735530021, 0.18535618876613247, 0.27778307543237674], [0.22377294857129365, 0.27429694659594833, 0.2966995469398086, 0.20523055789294906], [0.16536411176891735, 0.3173981797392911, 0.2762510301143256, 0.24098667837746646], [0.17798014370316168, 0.3010794881521839, 0.29771596415340074, 0.22322440399125387], [0.1680700957876799, 0.28645643265109755, 0.3555774928045605, 0.18989597875666228], [0.29984292865979323, 0.23478647624042928, 0.20675465149426842, 0.258615943605509], [0.2675551487401969, 0.26467886933876983, 0.218479853515516, 0.2492861284055171], [0.16918964223726587, 0.2968195521060006, 0.36625007841067864, 0.16774072724605488], [0.1880749167620066, 0.30279178381876165, 0.2811486679518775, 0.22798463146735432], [0.1812385219428085, 0.2991456597063415, 0.31234528512287496, 0.20727053322797495], [0.31705135305463283, 0.24986556444078178, 0.10082229663828826, 0.3322607858662968], [0.15893619999052783, 0.31100940827313484, 0.2995009560147738, 0.23055343572156373], [0.3151822947275448, 0.26524525062608284, 0.12044555017819858, 0.2991269044681741], [0.3090674840836716, 0.286414692918957, 0.07759994571426558, 0.3269178772831055], [0.27544771394956274, 0.3145539521089081, 0.12903148733412026, 0.280966846607409], [0.22414031116328254, 0.3156880614990332, 0.1856715891617046, 0.27450003817597973], [0.14942677173902788, 0.318247579154078, 0.3242525556840925, 0.2080730934228017], [0.30480535717260165, 0.25212344607196796, 0.11695052383866018, 0.3261206729167702], [0.2907807737340853, 0.24194723066594673, 0.22246839872604784, 0.24480359687392045], [0.28185034446824225, 0.2886695244982417, 0.12843926642984035, 0.30104086460367585], [0.26519740974054873, 0.28193459332173426, 0.17585490616468735, 0.27701309077302944], [0.18259857425626735, 0.3026085621588057, 0.2852252270151756, 0.22956763656975138], [0.27703210221953833, 0.2819162585283394, 0.15674126886793574, 0.28431037038418655], [0.22744548577317314, 0.30513564115570285, 0.1929553146304509, 0.27446355844067266], [0.22444154544560943, 0.28278060125362287, 0.24392406882879097, 0.24885378447197662], [0.21749674923215542, 0.29354684194682534, 0.2413347213756791, 0.24762168744534027], [0.21843044717941174, 0.30056381060915865, 0.20695748411820905, 0.2740482580932204], [0.18533991781311396, 0.2946442205844547, 0.31130115032580347, 0.2087147112766281], [0.22805707145762147, 0.310868209760616, 0.1817147464293739, 0.2793599723523886], [0.2874417294425346, 0.2608132207624925, 0.17411162714746128, 0.2776334226475114], [0.19822483124874904, 0.29896652348395486, 0.24104683327593898, 0.26176181199135673], [0.17449048563298003, 0.2996376577148877, 0.3160712902613302, 0.20980056639080233], [0.2862685531932951, 0.28961837273308405, 0.10428176030467923, 0.3198313137689417], [0.20357670561754634, 0.29740058546369913, 0.26021558906510156, 0.23880711985365277], [0.17911272419578186, 0.34829297311295265, 0.1690560521876819, 0.3035382505035837], [0.2437637240813345, 0.3041414862385085, 0.17042355016978228, 0.28167123951037476], [0.23303891800238535, 0.3222372703483508, 0.15034517793642038, 0.2943786337128434], [0.11147221671640428, 0.3415845154307143, 0.3389384900084327, 0.20800477784444887], [0.24318075690848118, 0.27433710059820215, 0.2411343930990391, 0.24134774939427756], [0.1595615118387827, 0.3386751803079931, 0.21944363426130328, 0.28231967359192095], [0.12839868321731407, 0.34493831124955016, 0.2721670043662242, 0.2544960011669116], [0.14318879150105196, 0.34206013065362056, 0.2526805821359144, 0.26207049570941277], [0.15362416089365064, 0.3295216669226375, 0.25640267234932507, 0.2604514998343866], [0.22634532502660848, 0.2900923256462753, 0.23345963449497015, 0.2501027148321461], [0.21475709012273575, 0.31027152228774957, 0.19476306301303262, 0.28020832457648187], [0.17165374559237928, 0.34620928145902735, 0.20321373850410657, 0.2789232344444871], [0.29315169934922114, 0.29959488995758954, 0.07740238391757832, 0.3298510267756108], [0.1817458532370864, 0.314283096408786, 0.2400134539278942, 0.2639575964262334], [0.26739418419199906, 0.2849026490157207, 0.15394227269472552, 0.29376089409755435], [0.2500269239401209, 0.32005230090985665, 0.12360545019248283, 0.3063153249575397], [0.1534947517211704, 0.31269607113081826, 0.3431047266740051, 0.19070445047400636], [0.29559425963293046, 0.26212708097460674, 0.16033990919642035, 0.28193875019604236], [0.18360118718191104, 0.3102950664862704, 0.24986297040147887, 0.2562407759303392], [0.1475349356582129, 0.32945001730232354, 0.2623025079059558, 0.2607125391335077], [0.2769940415264645, 0.3098544343377112, 0.05966238144747923, 0.353489142688345], [0.3462607321152309, 0.22638268396782615, 0.11651686036797192, 0.3108397235489709], [0.3528997927362586, 0.25550270417959925, 0.0723336750826692, 0.3192638280014728], [0.14853696694078503, 0.38024809459786646, 0.19558623024328267, 0.2756287082180658], [0.213959028991293, 0.3527951845337069, 0.14891263760636242, 0.2843331488686377], [0.310815624499612, 0.26777792103175685, 0.1456063766015815, 0.27580007786704985], [0.20628076111026922, 0.28383385644288184, 0.2810484390876144, 0.22883694335923443], [0.22457437580282347, 0.31172302249768363, 0.1817885388604466, 0.2819140628390465], [0.2936717992269409, 0.313583130479352, 0.08545271475397717, 0.30729235553973006], [0.31135655610705376, 0.29288703945084393, 0.08345175528271223, 0.31230464915939], [0.3102390329408965, 0.28501989941481665, 0.08002617516369458, 0.3247148924805923], [0.29005807893538826, 0.2703978617448364, 0.16095613438288872, 0.27858792493688667], [0.2031178879160326, 0.31171577209716794, 0.22014313005789315, 0.2650232099289063], [0.22575165064703312, 0.30654172603939117, 0.1715191840418324, 0.2961874392717434], [0.18062080305335282, 0.33615749396917893, 0.19798703296037257, 0.2852346700170957], [0.2765248477639257, 0.28274082390950384, 0.15344608707856963, 0.28728824124800123], [0.2990162406482098, 0.312712786289357, 0.08404105726088427, 0.3042299158015488], [0.3241163975742697, 0.2347107682428514, 0.16461564503715986, 0.27655718914571914], [0.236979121771638, 0.2992406227002795, 0.1569062996154243, 0.3068739559126581], [0.14803012591066306, 0.3354094266069706, 0.2486604947640674, 0.2678999527182991], [0.1937832473834686, 0.30821159229551254, 0.24114071332961495, 0.2568644469914042], [0.3029496845950587, 0.293451759313608, 0.07500612635121283, 0.3285924297401205], [0.2746249289384996, 0.286089080188952, 0.14628834345789285, 0.2929976474146555], [0.21761747413323113, 0.28474063253702175, 0.2556855950734033, 0.24195629825634393], [0.20374255153469015, 0.3615906572692396, 0.15218951244261003, 0.28247727875346046], [0.3192829669479438, 0.2606229863753945, 0.1056009138850932, 0.3144931327915686], [0.3306287458723218, 0.22784533894617215, 0.12108959520884158, 0.3204363199726644], [0.24093330166229196, 0.2933997391387616, 0.1918497452749504, 0.27381721392399566], [0.32055975601902625, 0.2963986576400854, 0.0935494860391764, 0.28949210030171174], [0.27266575986458563, 0.3102981580369259, 0.11409785906723086, 0.3029382230312576], [0.3024250681411234, 0.28802780282259627, 0.11798145773657709, 0.2915656712997034], [0.3188961559339373, 0.27623721923983624, 0.09851318826547437, 0.30635343656075215], [0.2355393791906989, 0.3069090591924412, 0.17127105625324088, 0.2862805053636191], [0.13138337341784162, 0.358437936694987, 0.2418723963949815, 0.26830629349219], [0.2330345108610433, 0.32643428930693363, 0.14420818454064419, 0.2963230152913789], [0.2567269581868727, 0.29863011012573476, 0.13394951247053527, 0.3106934192168571], [0.20447978865854474, 0.313985947191326, 0.20226603955377392, 0.27926822459635514], [0.24062297345424752, 0.3158140433540007, 0.1441199270217963, 0.29944305616995537], [0.340834170925555, 0.2751821143422064, 0.05533545819896992, 0.3286482565332684], [0.24872646070880253, 0.3115553756737308, 0.14180260074343104, 0.2979155628740355], [0.31498314629721424, 0.26519619575141196, 0.10111132523250976, 0.31870933271886404], [0.2645346600833761, 0.28945556506185655, 0.1505848671718219, 0.29542490768294516], [0.26427341998878157, 0.3056400265770699, 0.1452349729038854, 0.28485158053026327], [0.2472310869946623, 0.28266746389806413, 0.209783214064707, 0.2603182350425665], [0.25222138676229494, 0.30263798444992307, 0.1533046426313469, 0.291835986156435], [0.2387638926376183, 0.30535754265911613, 0.17424435262542068, 0.2816342120778452], [0.18673831966737298, 0.3027689593895997, 0.2863635285864632, 0.22412919235656434], [0.3283020721540223, 0.2652998210558882, 0.09799105629170228, 0.30840705049838724], [0.2920966602551762, 0.2704945440337546, 0.13676509205888582, 0.30064370365218357], [0.2662569142354745, 0.2907104754526781, 0.14759522109829978, 0.2954373892135476], [0.2521319593819305, 0.30996774931608273, 0.1351274331289386, 0.30277285817304794], [0.23600755737375134, 0.3048011359688372, 0.16317874261492854, 0.296012564042483], [0.24804282014145018, 0.26759414470799553, 0.23169462243841912, 0.25266841271213525], [0.22771758828310626, 0.3473949046804558, 0.13742755033055906, 0.287459956705879], [0.28948762099587605, 0.30738656936758774, 0.10105813822378515, 0.302067671412751], [0.29109490304444624, 0.27046546451598485, 0.14442038528139528, 0.29401924715817357], [0.248225882078761, 0.32654468613760124, 0.13475155759048707, 0.29047787419315063], [0.3306582726021037, 0.2858816382148447, 0.07721913278039426, 0.30624095640265725], [0.11754923687576402, 0.34445766081563006, 0.3092137225223523, 0.22877937978625382], [0.22881838532945978, 0.31673429722530105, 0.1512087386971669, 0.3032385787480726], [0.26077358809235346, 0.3275910515074558, 0.11398171483313425, 0.2976536455670566], [0.21507741461855565, 0.3257521968211672, 0.17658108688755866, 0.2825893016727189], [0.21595195800412068, 0.3040846763783609, 0.20677512266417014, 0.2731882429533482], [0.2809021824961629, 0.299998626190894, 0.11428197293846905, 0.30481721837447434], [0.2229469008357565, 0.32904405884202026, 0.1667536281979857, 0.28125541212423777], [0.2915556129683336, 0.3065556948277496, 0.06745951895185825, 0.3344291732520584], [0.23904770968237574, 0.29820798278688504, 0.18588524261614828, 0.27685906491459095], [0.22575895268092674, 0.3238489787011556, 0.152008467199109, 0.29838360141880893], [0.3046875258278179, 0.31867955339297677, 0.08021695976762123, 0.296415961011584], [0.22160931513003249, 0.32975847090108007, 0.15330754611380482, 0.29532466785508277]]}}