{"test": {"ids": ["104113210", "98110230", "108116070", "104111780", "102110690", "102121440", "107118820", "98107210", "100108520", "110114720", "106119580", "112116990", "97116401", "99108580", "107118120", "111115910", "107113550", "107113170", "101112690", "108116120", "98108410", "99119830", "108114180", "106117790", "110114561", "100109801", "99117740", "109116930", "106116820", "111119950", "103117200", "112116290", "109120150", "108115500", "113120070", "106118301", "110114950", "98111670", "112121430", "110114651", "111121930", "108120260", "100109360", "97105760", "109119340", "104116441", "107117010", "110115580", "103111110", "113118421", "113122220", "102110500", "108120621", "108117360", "105115720", "112121410", "102114270", "106118520", "112121351", "101111140", "111116290", "108118520", "113119450", "103120730", "101111620", "106118161", "108115870", "112119500", "105115900", "97105580", "112117431", "102109910", "113118870", "98106680", "107114321", "111120320", "111119290", "112116850", "113120280", "113120531", "98116940", "101111990", "112116900", "104114740", "102110240", "100109890", "109116750", "113119300", "109113281", "108120060", "111119610", "101112160", "113120830", "111118810", "105116860", "101108621", "107116980", "105118230", "113118690", "113122180", "109119591", "104112201", "99111620", "98106111", "111118301", "104114410", "103117461", "112119450", "106116640", "99107660", "112118550", "98112580", "113118620", "107117630", "113119340", "99109780", "105118740", "98110810", "104118070", "97106770", "109121410", "108119550", "105120280", "104114240", "111120220", "99111340", "108113700", "97109570", "102116340", "99120010", "108116501", "108118810", "109119010", "97106591", "111121351", "105115680", "103113101", "100113210", "107118780", "105110091", "107113360", "99108710"], "labels": [3, 3, 1, 3, 0, 2, 3, 1, 2, 3, 3, 0, 3, 0, 3, 2, 0, 0, 1, 1, 1, 1, 1, 1, 0, 0, 2, 0, 1, 0, 0, 0, 2, 3, 2, 1, 0, 1, 2, 3, 1, 1, 0, 0, 3, 1, 1, 1, 3, 3, 1, 3, 1, 1, 1, 0, 3, 2, 0, 2, 2, 0, 3, 1, 3, 3, 3, 2, 3, 1, 0, 2, 0, 1, 0, 1, 3, 0, 0, 0, 2, 2, 3, 2, 3, 3, 0, 1, 0, 1, 2, 3, 3, 0, 2, 0, 3, 1, 3, 2, 0, 0, 3, 0, 3, 1, 0, 3, 3, 3, 3, 2, 3, 0, 0, 2, 1, 1, 2, 3, 0, 1, 3, 0, 3, 1, 0, 0, 3, 2, 0, 1, 3, 1, 0, 2, 3, 0, 1, 0, 0, 2], "predicted_labels": [3, 1, 1, 1, 3, 0, 3, 3, 2, 3, 1, 3, 1, 0, 3, 1, 3, 3, 3, 0, 1, 3, 1, 3, 1, 3, 0, 0, 0, 0, 1, 1, 3, 0, 1, 0, 3, 0, 1, 3, 1, 1, 3, 0, 3, 1, 1, 1, 3, 3, 1, 3, 1, 1, 1, 3, 1, 1, 1, 3, 3, 0, 1, 1, 0, 1, 3, 1, 3, 1, 0, 0, 1, 1, 0, 3, 3, 3, 3, 3, 1, 3, 1, 1, 1, 3, 1, 3, 0, 0, 3, 1, 1, 3, 1, 1, 1, 1, 3, 1, 1, 3, 1, 2, 1, 1, 3, 3, 3, 0, 3, 1, 1, 0, 0, 1, 1, 2, 3, 2, 1, 1, 1, 3, 1, 1, 3, 0, 3, 1, 3, 1, 3, 1, 0, 1, 1, 3, 1, 3, 0, 1], "confidence_scores": [[0.33044812957443126, 0.05735736982798369, 0.01906654593053649, 0.5931279546670487], [0.1431668563311924, 0.39370078441113976, 0.14652742886527995, 0.3166049303923879], [0.2410099855687697, 0.30269155870202824, 0.3146998372804647, 0.1415986184487371], [0.17006155327287806, 0.5763631446884948, 0.018741344042859036, 0.23483395799576798], [0.21377404569164354, 0.26319041875918636, 0.046254508408185055, 0.4767810271409849], [0.6820109236247316, 0.04083852058661833, 0.22983350622758744, 0.04731704956106253], [0.08078783303649308, 0.19930442956724254, 0.20564725637850656, 0.5142604810177578], [0.028532624815144, 0.274273812990181, 0.3073155848570902, 0.38987797733758484], [0.07009223483678151, 0.021700456963419712, 0.7866347460199493, 0.1215725621798494], [0.062048343868691944, 0.3056328114438167, 0.26194411253504757, 0.3703747321524444], [0.03155758197560269, 0.49341692602595466, 0.46410778989946094, 0.010917702098981658], [0.07510825629385325, 0.12334349454576275, 0.3237292270191071, 0.47781902214127686], [0.2500845463946714, 0.4201085694110721, 0.22156945232408648, 0.10823743187016989], [0.49204536587976566, 0.22935430325744605, 0.2345745980404853, 0.0440257328223031], [0.2361611167052215, 0.26189881781872215, 0.01695456039154509, 0.48498550508451116], [0.05511956985387556, 0.8969348069738524, 0.008250286144042095, 0.03969533702822981], [0.14112054551535105, 0.0909881015079469, 0.4994506357450596, 0.26844071723164264], [0.3031866607658206, 0.12951647753495033, 0.09813739708167325, 0.46915946461755587], [0.2977007189598565, 0.078991559700232, 0.06460739779131972, 0.5587003235485916], [0.7717112345255239, 0.10255626943742992, 0.042726835201990956, 0.08300566083505537], [0.12846271903175915, 0.40824480406853453, 0.31409868462279833, 0.14919379227690777], [0.10892474563575873, 0.17554116979425394, 0.4390215111398297, 0.27651257343015767], [0.15147554205369648, 0.49375261977136575, 0.13509508126383832, 0.21967675691109897], [0.39881435199848925, 0.1322937648280295, 0.14995377938911658, 0.31893810378436466], [0.24102938683263936, 0.3353202451878004, 0.23060542293705263, 0.19304494504250755], [0.16716456057386858, 0.2725294365475937, 0.10125072267856919, 0.45905528019996866], [0.7705726301864853, 0.15948870909314522, 0.0233595152451074, 0.04657914547526204], [0.5926695758538569, 0.08385534860993778, 0.0072924486389717245, 0.31618262689723353], [0.4968222683165992, 0.2249096859803177, 0.1291796827687433, 0.1490883629343398], [0.650007375765921, 0.058056179269479945, 0.08458209341125031, 0.20735435155334841], [0.22780831170670401, 0.7231682409894866, 0.012672277182666298, 0.03635117012114268], [0.1951898418521185, 0.5243461659777087, 0.14460653866810275, 0.1358574535020701], [0.25605304006098734, 0.2400481044675476, 0.23122031942339333, 0.2726785360480717], [0.5212306359238379, 0.2686807966935461, 0.038565488993212736, 0.17152307838940303], [0.06534903283623415, 0.7145251313162428, 0.14921404265593335, 0.07091179319158997], [0.8106627576723616, 0.10724933503394705, 0.0035802136374276823, 0.0785076936562634], [0.10645898999854968, 0.2680103695763795, 0.1516991865463277, 0.473831453878743], [0.4653264051954779, 0.10185038163282344, 0.2148610202100665, 0.21796219296163213], [0.16985404053704797, 0.2562303078547493, 0.394884874030967, 0.17903077757723557], [0.08927000561795194, 0.029280590835590724, 0.05893382594369893, 0.8225155776027585], [0.17036700556439008, 0.318738333934661, 0.36094366587279325, 0.14995099462815556], [0.12913034182647465, 0.5137031900263123, 0.13561580250063063, 0.2215506656465822], [0.3347347216491616, 0.11413668894183268, 0.23216872996104426, 0.3189598594479616], [0.6775614359787908, 0.13663310400515105, 0.0047926708832760215, 0.18101278913278224], [0.10447815605070129, 0.15849718163389426, 0.0744720661119149, 0.6625525962034895], [0.24593503315817405, 0.5460938133172636, 0.030936768688750872, 0.1770343848358113], [0.3924389558709404, 0.2787186422496097, 0.1984870880110577, 0.13035531386839233], [0.21145969132010273, 0.35877194179063104, 0.1368055262340884, 0.292962840655178], [0.504887585218068, 0.06498466676559218, 0.028396603705828104, 0.40173114431051155], [0.08596909408607675, 0.06214343039820537, 0.031116782376994362, 0.8207706931387236], [0.09477360176542343, 0.8207314024497793, 0.019837649003290218, 0.06465734678150677], [0.5134412895100202, 0.059506328662761, 0.0736546893626722, 0.3533976924645467], [0.11313404235096752, 0.4966641878577202, 0.075620483260344, 0.3145812865309685], [0.17612256684644723, 0.22539411450606764, 0.43083142807445224, 0.16765189057303317], [0.21071080355244182, 0.4267267028316476, 0.17765339245387712, 0.18490910116203338], [0.23874750128154054, 0.09096451004427672, 0.040586516487389375, 0.6297014721867934], [0.01631948808717036, 0.4716274685085356, 0.3362327142720584, 0.17582032913223558], [0.11553759481270205, 0.5411880188542625, 0.27352186877887524, 0.06975251755416009], [0.08731901007877771, 0.7787970286868152, 0.05457955584123484, 0.07930440539317202], [0.3211195981935772, 0.17651361181256656, 0.22539260349611173, 0.2769741864977442], [0.04662937833413627, 0.23987045430395343, 0.3329059225940842, 0.3805942447678261], [0.7065319006784849, 0.17415419334806212, 0.029376202261823334, 0.08993770371162997], [0.20298087427540368, 0.374783573777445, 0.059847662263975185, 0.3623878896831761], [0.2241179256508162, 0.2878772117563033, 0.20003890092059345, 0.2879659616722872], [0.6663628516821493, 0.13640188596083438, 0.16673982278696864, 0.030495439570047495], [0.4061650236106337, 0.28910664765927097, 0.05263983312822757, 0.25208849560186763], [0.1930650233052981, 0.10569622234021904, 0.021350950178976102, 0.6798878041755064], [0.06536863318514338, 0.25383065092894846, 0.6251731542673142, 0.055627561618594154], [0.14890730494711596, 0.11485220994970113, 0.1209715358104183, 0.6152689492927644], [0.04191006574802374, 0.7820326805527625, 0.1373766673121516, 0.03868058638706227], [0.4319678629881749, 0.2769350073412066, 0.010679333163533394, 0.28041779650708537], [0.6075747001736796, 0.060218266426808935, 0.18171063793148876, 0.15049639546802285], [0.15478014199343254, 0.3843083159708994, 0.038447578656765846, 0.4224639633789022], [0.2329566815789311, 0.2286323131244468, 0.4848993313385884, 0.05351167395803349], [0.5593344593122226, 0.19434217435290127, 0.009368695827494243, 0.2369546705073817], [0.13390980801766555, 0.25913980945923476, 0.12218180819255751, 0.4847685743305423], [0.10488060879304764, 0.04484252273631223, 0.05895527776484481, 0.7913215907057951], [0.09704311343598954, 0.2744801934344579, 0.026267141937674834, 0.6022095511918778], [0.4672971067212416, 0.03060798194786183, 0.008628649875817488, 0.4934662614550791], [0.4102557961143401, 0.17721262052574846, 0.008439119120251195, 0.40409246423966044], [0.13199950453003967, 0.4045741137176211, 0.169868099654757, 0.29355828209758206], [0.12522986272664888, 0.16254789227051133, 0.48078063632303897, 0.23144160867980088], [0.25380134225602063, 0.41927542369605875, 0.08967095813042553, 0.23725227591749504], [0.03398765712705569, 0.30436917041982225, 0.4774075904843722, 0.18423558196874973], [0.37768164830085516, 0.27956385947358203, 0.16753032661484746, 0.17522416561071547], [0.4294206607490814, 0.05779428018217731, 0.16811513011935347, 0.34466992894938786], [0.3580083571799455, 0.43109668898636105, 0.13040222995874143, 0.08049272387495181], [0.24088308339282866, 0.28167169864672975, 0.060732782128538845, 0.416712435831903], [0.6196939870413452, 0.23496621208604934, 0.03530193307715222, 0.11003786779545342], [0.5307522597839178, 0.2009749795146975, 0.0717414707097531, 0.19653128999163186], [0.3216038158724635, 0.2090373691712124, 0.16473943439435473, 0.30461938056196947], [0.09441049103490623, 0.721970672217008, 0.05225330528697083, 0.13136553146111482], [0.20957152650152552, 0.3451905351493975, 0.2658790874227435, 0.17935885092633325], [0.45031092233071107, 0.17044779518747402, 0.05830627949518604, 0.320935002986629], [0.2857230564617601, 0.42811397904004544, 0.21771248436785853, 0.06845048013033585], [0.3547548925773274, 0.458245181838243, 0.04352543389510912, 0.14347449168932047], [0.5152037053138514, 0.4699715959320071, 0.0012861485351940475, 0.013538550218947612], [0.05523389730410512, 0.6111493841624968, 0.2560824734286576, 0.07753424510474047], [0.05373987026277622, 0.2906024058852027, 0.13822766412770532, 0.5174300597243157], [0.07311025035284256, 0.3412825668064755, 0.2631037037054787, 0.3225034791352032], [0.12514989637067792, 0.3747139829806675, 0.36056387641438814, 0.13957224423426678], [0.510633715253056, 0.09070744462973518, 0.019888932597468004, 0.3787699075197408], [0.1179492584647803, 0.5174464895977631, 0.31811385226159694, 0.046490399675859745], [0.0917464027443775, 0.06570097611394475, 0.7756044466883729, 0.06694817445330496], [0.2613838019527349, 0.32255114326583284, 0.0828124338233879, 0.33325262095804464], [0.05635007543703214, 0.39580498610146614, 0.3209664403719651, 0.22687849808953664], [0.32846042957855104, 0.23319061213934406, 0.023579657368374973, 0.41476930091373], [0.4374948216721695, 0.21963562538601317, 0.007837789276412913, 0.33503176366540477], [0.46239307291556014, 0.2034922830385163, 0.016015574747299505, 0.31809906929862425], [0.7288398955436063, 0.23163707577202078, 0.010187736017950685, 0.029335292666422274], [0.38656319413533136, 0.26147629375057885, 0.007282970710909091, 0.34467754140318063], [0.12258178735048762, 0.29515929985705175, 0.35010011101856575, 0.23215880177389467], [0.20173011828095738, 0.5540471624367083, 0.030084016308596008, 0.21413870297373794], [0.5640019735776597, 0.17036877321206262, 0.11160562964499136, 0.15402362356528637], [0.5191926542234657, 0.2911531027444247, 0.010261263258657845, 0.17939297977345198], [0.07491451099730553, 0.2614140319186713, 0.6060888014424896, 0.05758265564153329], [0.2359557263118218, 0.47256250034394104, 0.1793805076576784, 0.11210126568655882], [0.03910788676065, 0.19554369401915433, 0.7164896263331217, 0.048858792887073815], [0.04157339453457239, 0.0620711955450703, 0.27568468887440356, 0.6206707210459538], [0.21600302934661578, 0.05882937016811461, 0.6394160614628295, 0.08575153902244005], [0.041314000317651964, 0.740033016427784, 0.025557216106234588, 0.1930957671483298], [0.04170348156699789, 0.36017815951996807, 0.4701875255082534, 0.12793083340478073], [0.4213829878628734, 0.5159823255790772, 0.015825710099646936, 0.04680897645840261], [0.21921199365143842, 0.14953501560531404, 0.3353608985786934, 0.29589209216455437], [0.30913732489073126, 0.41402868753813227, 0.04298478418435351, 0.23384920338678275], [0.04146748462331308, 0.2971662053409511, 0.619369447894282, 0.04199686214145366], [0.057560948432273586, 0.3677790370553235, 0.18088727563198295, 0.3937727388804201], [0.7585558212062633, 0.03213728991218098, 0.05878312308383626, 0.15052376579771956], [0.11028523215241999, 0.05574066184225227, 0.09002591226395135, 0.7439481937413766], [0.1915191484568045, 0.480315302710523, 0.2279512372165197, 0.10021431161615274], [0.15441739272322758, 0.3261226220551805, 0.0124274579027218, 0.5070325273188704], [0.0907426677256753, 0.5986467424544998, 0.012892447392328785, 0.29771814242749617], [0.05492709143960873, 0.13527018886106365, 0.5227132508377276, 0.2870894688616001], [0.05491429419251902, 0.41508181449885534, 0.4857924303463376, 0.04421146096228792], [0.5034424656135337, 0.30123010625818764, 0.024014405632775074, 0.1713130224955035], [0.041649256443846615, 0.3260091688770509, 0.47703944941994647, 0.155302125259156], [0.06790045594586436, 0.4079935514357571, 0.37164814439112204, 0.15245784822725683], [0.07103275902761597, 0.1504374478516626, 0.20349468380143165, 0.5750351093192896], [0.10524736314908928, 0.6578533451469155, 0.04525977667270415, 0.191639515031291], [0.4679706358568946, 0.1459780577455452, 0.04509637551702571, 0.3409549308805345], [0.7652988030567202, 0.09734673078895503, 0.004192188369495025, 0.13316227778482992], [0.12339700638473988, 0.8078542569971366, 0.04877591786405429, 0.019972818754069047]]}, "rewritten": {"ids": ["97105580", "97105760", "97106591", "97106770", "97109570", "97116401", "98106111", "98106680", "98107210", "98108410", "98110230", "98110810", "98111670", "98112580", "98116940", "99107660", "99108580", "99108710", "99109780", "99111340", "99111620", "99117740", "99119830", "99120010", "100108520", "100109360", "100109801", "100109890", "100113210", "101108621", "101111140", "101111620", "101111990", "101112160", "101112690", "102109910", "102110240", "102110500", "102110690", "102114270", "102116340", "102121440", "103111110", "103113101", "103117200", "103117461", "103120730", "104111780", "104112201", "104113210", "104114240", "104114410", "104114740", "104116441", "104118070", "105110091", "105115680", "105115720", "105115900", "105116860", "105118230", "105118740", "105120280", "106116640", "106116820", "106117790", "106118161", "106118301", "106118520", "106119580", "107113170", "107113360", "107113550", "107114321", "107116980", "107117010", "107117630", "107118120", "107118780", "107118820", "108113700", "108114180", "108115500", "108115870", "108116070", "108116120", "108116501", "108117360", "108118520", "108118810", "108119550", "108120060", "108120260", "108120621", "109113281", "109116750", "109116930", "109119010", "109119340", "109119591", "109120150", "109121410", "110114561", "110114651", "110114720", "110114950", "110115580", "111115910", "111116290", "111118301", "111118810", "111119290", "111119610", "111119950", "111120220", "111120320", "111121351", "111121930", "112116290", "112116850", "112116900", "112116990", "112117431", "112118550", "112119450", "112119500", "112121351", "112121410", "112121430", "113118421", "113118620", "113118690", "113118870", "113119300", "113119340", "113119450", "113120070", "113120280", "113120531", "113120830", "113122180", "113122220"], "labels": [1, 0, 1, 3, 0, 3, 0, 1, 1, 1, 3, 1, 1, 2, 2, 3, 0, 2, 2, 1, 3, 2, 1, 2, 2, 0, 0, 3, 0, 0, 2, 3, 2, 3, 1, 2, 3, 3, 0, 3, 3, 2, 3, 3, 0, 0, 1, 3, 0, 3, 0, 1, 2, 1, 2, 0, 2, 1, 3, 2, 1, 1, 3, 3, 1, 1, 3, 1, 2, 3, 0, 0, 0, 0, 3, 1, 0, 3, 1, 3, 0, 1, 3, 3, 1, 1, 0, 1, 0, 1, 1, 1, 1, 1, 0, 0, 0, 3, 3, 0, 2, 0, 0, 3, 3, 0, 1, 2, 2, 3, 0, 3, 2, 0, 3, 1, 0, 1, 0, 0, 3, 0, 0, 3, 3, 2, 0, 0, 2, 3, 3, 3, 0, 1, 0, 3, 2, 0, 0, 3, 2, 1], "predicted_labels": [1, 0, 1, 0, 0, 3, 3, 1, 1, 1, 3, 2, 0, 1, 1, 1, 1, 1, 1, 1, 1, 0, 1, 0, 3, 3, 3, 3, 1, 0, 0, 0, 1, 1, 3, 3, 1, 3, 1, 1, 2, 0, 1, 1, 1, 1, 3, 1, 3, 3, 3, 1, 1, 1, 3, 3, 1, 3, 3, 1, 1, 1, 0, 1, 0, 3, 1, 3, 1, 2, 3, 1, 0, 0, 0, 1, 0, 1, 3, 3, 1, 1, 0, 3, 1, 0, 1, 1, 3, 0, 1, 1, 1, 3, 1, 1, 0, 1, 1, 1, 3, 3, 0, 3, 0, 3, 3, 1, 1, 1, 1, 3, 3, 0, 1, 3, 0, 1, 1, 3, 1, 3, 1, 1, 3, 2, 1, 0, 1, 3, 1, 3, 1, 1, 0, 1, 1, 3, 1, 1, 3, 1], "confidence_scores": [[0.10379358198030562, 0.6591451468444331, 0.16151993526883232, 0.07554133590642904], [0.485355016430301, 0.2659946718769253, 0.017039953205933402, 0.23161035848684036], [0.26779782809783714, 0.3041920817765213, 0.2501728320421501, 0.17783725808349168], [0.4087464741717377, 0.18135463140434635, 0.3648396977830735, 0.04505919664084242], [0.951132826881188, 0.01727219524060444, 0.006875029112385357, 0.024719948765822015], [0.29717099495304494, 0.1045107848533129, 0.2519876227725183, 0.346330597421124], [0.1642688814339998, 0.06501873291537635, 0.41500838715497007, 0.35570399849565376], [0.06326061762350407, 0.2156212865947635, 0.5967615613565885, 0.12435653442514406], [0.03741533907368009, 0.4668875277268708, 0.028179222440377242, 0.467517910759072], [0.2618250929356366, 0.2820504936298424, 0.30917981484767654, 0.14694459858684422], [0.08165804730956205, 0.12439337620436225, 0.230158327360231, 0.5637902491258445], [0.01315476887582504, 0.07950680737335439, 0.8930748019752524, 0.014263621775568398], [0.591240739268352, 0.031808907821537544, 0.24932074870518237, 0.1276296042049281], [0.11258376242630028, 0.4698061165772179, 0.21734831196358378, 0.2002618090328978], [0.04263073661558305, 0.3218060425902719, 0.3434401419472824, 0.29212307884686317], [0.3726006579546694, 0.314424415733008, 0.1929214404516648, 0.12005348586065787], [0.3467998306098048, 0.28336196174818973, 0.34204744753504523, 0.027790760106959963], [0.09520370228519336, 0.7309681568423312, 0.15727767136414225, 0.01655046950833333], [0.04053210738287384, 0.48636356602331104, 0.45986628645727673, 0.013238040136538256], [0.2792347601430321, 0.2786910007147368, 0.2489084403490632, 0.1931657987931678], [0.08297894014408343, 0.45351543249165194, 0.432900149955545, 0.030605477408719474], [0.8199917082777901, 0.0868577687349747, 0.01090372567294208, 0.08224679731429285], [0.07853173848206958, 0.2370156597800395, 0.5543272878987707, 0.13012531383911982], [0.6770858940238256, 0.11779959376564228, 0.08227095571849628, 0.12284355649203599], [0.21981892436525782, 0.05907935535005944, 0.41414336077992375, 0.30695835950475914], [0.1879614521698244, 0.26803990981179865, 0.13692747552576914, 0.40707116249260794], [0.3899231432714155, 0.1537968080375104, 0.09064461177416343, 0.3656354369169106], [0.18912682049102278, 0.2502872627563028, 0.051022900037184994, 0.5095630167154896], [0.42152682739698444, 0.3303008192888661, 0.16147781224188007, 0.08669454107226916], [0.5469272620472101, 0.33404156225054643, 0.004594167093992456, 0.11443700860825122], [0.4917143705203673, 0.29626745557598017, 0.038439897968306075, 0.17357827593534628], [0.40963902341767916, 0.08404099302153444, 0.45912597250047305, 0.047194011060313366], [0.07717301435992861, 0.23197885997976536, 0.548978263290366, 0.14186986236994026], [0.29894670770987447, 0.472371314867426, 0.010647491194198276, 0.21803448622850097], [0.05843920649984543, 0.27899994861161476, 0.18653906873556003, 0.4760217761529796], [0.2616317140612594, 0.06551251803715043, 0.41870220669920605, 0.25415356120238414], [0.35906467432841116, 0.39999950287015046, 0.07731210887399761, 0.1636237139274408], [0.3953599479782111, 0.023245441553694488, 0.02337848416278268, 0.5580161263053118], [0.17418148256129376, 0.40756325705309593, 0.12143928458848552, 0.29681597579712454], [0.13768947843951498, 0.16995469408230085, 0.4825737056732655, 0.20978212180491834], [0.048084503427731295, 0.17666388771716682, 0.6625366995357391, 0.1127149093193626], [0.5665848085218702, 0.162822496169904, 0.1555800914109356, 0.11501260389729032], [0.2981808379522915, 0.556477865560951, 0.09061831464811819, 0.054722981838639335], [0.07853971134492102, 0.27798722174333973, 0.3616093271496244, 0.28186373976211493], [0.03847169784188918, 0.8258793902247543, 0.06934017030392046, 0.06630874162943609], [0.25150769161967246, 0.5869485165220375, 0.06889206375688292, 0.09265172810140716], [0.08302983969178356, 0.215396114395803, 0.3450848205175286, 0.3564892253948846], [0.2759136464587845, 0.4825101984474619, 0.08734266184671523, 0.15423349324703886], [0.40281134260039153, 0.04916128814148786, 0.009023938453052504, 0.5390034308050681], [0.42046447381935836, 0.035464014526702316, 0.03797435056118093, 0.5060971610927585], [0.26099225614600213, 0.20329647530218684, 0.11023304865604887, 0.4254782198957621], [0.06562840064949556, 0.6528010849683432, 0.10621344917492831, 0.17535706520723338], [0.1539494584093873, 0.47772807509593895, 0.11681821237144308, 0.2515042541232304], [0.10242069395745672, 0.6317824953505443, 0.10929722677139214, 0.1564995839206069], [0.25856410512572486, 0.10741371482153543, 0.208943121339373, 0.4250790587133662], [0.28463252118798155, 0.1955233539391561, 0.29197564207743654, 0.2278684827954257], [0.053161285252220164, 0.38683553094483597, 0.43287915450598047, 0.12712402929696368], [0.159124461469175, 0.21915961279876933, 0.12424610678578933, 0.497469818946266], [0.2780623065060719, 0.10208952781618218, 0.3698742212878838, 0.24997394438986187], [0.290310967557447, 0.520295238234978, 0.06863421294651907, 0.1207595812610556], [0.07202643390071538, 0.6956612239909312, 0.05431157908480158, 0.1780007630235518], [0.2528329909917042, 0.360767646465743, 0.12914835344367, 0.2572510090988826], [0.5699863740889387, 0.3806310980790084, 0.017443401727637427, 0.031939126104415516], [0.20549892020584645, 0.4874024236034881, 0.05400732909491502, 0.25309132709575], [0.45679256956517467, 0.10773408708466041, 0.1835215365626236, 0.25195180678754114], [0.3062525053389585, 0.25194590552492224, 0.11717004350045641, 0.32463154563566304], [0.2896518582049024, 0.22848214917348147, 0.26065124403567763, 0.22121474858593854], [0.3889273066959022, 0.18806844483996626, 0.020138663426066898, 0.40286558503806447], [0.328541193383847, 0.2626570970912432, 0.29128697383105506, 0.11751473569385486], [0.01631744865943118, 0.01826478055002971, 0.9541666405202724, 0.011251130270266661], [0.06578881468223795, 0.035384456035477345, 0.04850439154942819, 0.8503223377328566], [0.3234196914840109, 0.40145495234669054, 0.03973624612367581, 0.23538911004562274], [0.4995781763062042, 0.18496515094251514, 0.1295323747980578, 0.18592429795322274], [0.8667524442267855, 0.11688350849019247, 0.0008047131214826635, 0.01555933416153914], [0.7860068480479028, 0.15646271688335883, 0.005785432826765406, 0.05174500224197249], [0.2857179814839798, 0.3362173111438076, 0.289538906169269, 0.08852580120294384], [0.8431991781750637, 0.014800122815698775, 0.025391980896731007, 0.11660871811250656], [0.27774573753322207, 0.321666691341536, 0.05612650468839381, 0.34446106643684793], [0.28190162508146166, 0.17995887021006923, 0.007229524453704622, 0.5309099802547647], [0.06105462640740874, 0.2767857279285531, 0.1817987113599612, 0.48036093430407717], [0.043109164820030035, 0.34820963001385447, 0.36275984327760885, 0.24592136188850663], [0.21612993684193857, 0.42866945475126167, 0.25180096720315603, 0.10339964120364356], [0.7171307524339732, 0.11784975551057297, 0.03135800998971079, 0.13366148206574277], [0.17208149934031705, 0.14155799117188503, 0.08239797405478776, 0.6039625354330103], [0.29012505399478294, 0.5743631900628181, 0.055450904064835084, 0.08006085187756415], [0.8151476273530709, 0.049093068458123314, 0.0039567772028099866, 0.13180252698599568], [0.3279075177520875, 0.4357731106396111, 0.07183694226151509, 0.16448242934678656], [0.11423501506667157, 0.402580675750656, 0.3667207537491969, 0.11646355543347546], [0.3066078481913653, 0.21424440465367287, 0.08164763746605211, 0.39750010968891], [0.4113106739441103, 0.2257788007901083, 0.08665990813274425, 0.2762506171330366], [0.12059223423578706, 0.6213327657380155, 0.09790526303348566, 0.16016973699271175], [0.13303915429550175, 0.5167267629435275, 0.19269209445262592, 0.15754198830834495], [0.1170618631589431, 0.8029645105077814, 0.0036631348619903126, 0.0763104914712851], [0.4445400342792539, 0.13464914938287906, 0.11796988679858032, 0.30284092953928676], [0.2402737123957731, 0.2890057348883432, 0.3013990483095542, 0.16932150440632965], [0.07933564133746895, 0.4596024001409293, 0.4432996198952976, 0.017762338626304486], [0.6934689706566134, 0.07950557429112834, 0.0395384156872287, 0.18748703936502978], [0.01586619084873905, 0.2980328304396985, 0.4948856814707315, 0.1912152972408312], [0.15126946711427566, 0.5744999891478216, 0.03755435627311518, 0.23667618746478725], [0.17569657300152128, 0.3571847996605898, 0.1536561618708658, 0.3134624654670231], [0.32112281231776535, 0.05212361032689055, 0.4133402338937239, 0.21341334346162025], [0.04087294490492239, 0.26450351856634474, 0.015209446912074369, 0.6794140896166586], [0.645799935830761, 0.10375168213113094, 0.07158092106743644, 0.17886746097067155], [0.14134202741454255, 0.013701923390025794, 0.20279786789432291, 0.6421581813011086], [0.49092904262965625, 0.034886189442062315, 0.3259476149813874, 0.14823715294689427], [0.11207182025229126, 0.3148390815834707, 0.03657716008764744, 0.5365119380765907], [0.07400864740168998, 0.34425503091370274, 0.07206613914236568, 0.5096701825422414], [0.0979921431561981, 0.8146458636592847, 0.027291206089347524, 0.06007078709516964], [0.14501624897429646, 0.3823625134489923, 0.15098307437540567, 0.3216381632013056], [0.09038517681098447, 0.5059949615732413, 0.19687549430413503, 0.20674436731163917], [0.3761794448335349, 0.4124153496918954, 0.009306111438161535, 0.20209909403640772], [0.33019354209468504, 0.07004574167584639, 0.3618404928743896, 0.23792022335507898], [0.08061257770396138, 0.2652548615587613, 0.34272945656087916, 0.3114031041763976], [0.6258043987929269, 0.11004066212781541, 0.1362469775664479, 0.12790796151281006], [0.47080037090454263, 0.36022290315687244, 0.02172049771109801, 0.14725622822748716], [0.19762300155491744, 0.08582763199409162, 0.1192214538133413, 0.5973279126376494], [0.695931792842328, 0.24163339378942217, 0.012491601315676514, 0.049943212052573356], [0.283411617717977, 0.44258821837592166, 0.09329823722727394, 0.18070192667882723], [0.21612942764343845, 0.48879881525044727, 0.028901392684673604, 0.26617036442144076], [0.39277296633390935, 0.20269177562950447, 0.06245426755714883, 0.34208099047943724], [0.15429529753609766, 0.3943326834319769, 0.3365835375203619, 0.11478848151156337], [0.13552020190784395, 0.02606305258288966, 0.5762555235335876, 0.26216122197567854], [0.2562493153422523, 0.4724928600755614, 0.131295515978923, 0.13996230860326325], [0.23001585532314647, 0.4097959499086625, 0.014792643987836597, 0.3453955507803547], [0.39761759878982245, 0.19312162892393614, 0.018826000480497873, 0.39043477180574354], [0.09987398010960068, 0.13222614269781924, 0.71229643300041, 0.05560344419217058], [0.15999954150250056, 0.24025505925159732, 0.4818791160800826, 0.1178662831658195], [0.44630616788867356, 0.21625928749641665, 0.10788301765756468, 0.22955152695734524], [0.0208749183640402, 0.46726553731140114, 0.21174932538997987, 0.3001102189345792], [0.09670195010286395, 0.3619167597787491, 0.05096539101403798, 0.4904158991043492], [0.11806810652247889, 0.5914816739244564, 0.009531292026947356, 0.2809189275261176], [0.04521152899803788, 0.040427631758268245, 0.2894522134926128, 0.6249086257510811], [0.06912612877803949, 0.841222278443053, 0.033770235687651584, 0.05588135709125571], [0.3265999782801186, 0.31462369823543646, 0.06927590252500651, 0.2895004209594384], [0.6834628755333034, 0.11129454047316752, 0.006977970837484014, 0.19826461315604468], [0.09776729585725157, 0.7265541743494343, 0.01664707107801379, 0.15903145871530036], [0.02045563235059892, 0.24498867141991712, 0.5949117564256347, 0.1396439398038493], [0.3350107005638105, 0.02178147324097117, 0.3681935625267814, 0.275014263668437], [0.25019328807034963, 0.45643521002931425, 0.013656349974832857, 0.27971515192550334], [0.1275783732838131, 0.2081564377306134, 0.542677211702941, 0.12158797728263254], [0.09429297350763864, 0.27213770061421355, 0.2514712281826519, 0.38209809769549646], [0.031145335479080397, 0.7432016653147943, 0.15278753612627746, 0.07286546307984787]]}}