{"test": {"ids": ["98107380", "112118550", "111117200", "106116850", "111120280", "108120060", "105121370", "111117000", "106114280", "110116501", "107116300", "104118070", "100112060", "106115250", "112116540", "110119300", "99108520", "108116070", "99108080", "113118111", "111116640", "103118110", "106116120", "100113210", "98117740", "107113130", "111116010", "108117720", "113122150", "99108000", "113118421", "99110050", "112118810", "99112840", "111119150", "97107040", "113120260", "106113260", "100120780", "108115070", "102110690", "103109641", "108113620", "106116820", "103113610", "99109780", "113121410", "112118471", "110118450", "108118520", "107118120", "109118161", "113118231", "102112301", "98111231", "99107640", "109116750", "112121430", "104114410", "113122510", "113119450", "98111670", "110118740", "99109370", "105120280", "97112830", "109119340", "110117140", "113120280", "111115400", "110118161", "101119030", "102113350", "98106680", "103112470", "106116441", "112121351", "112117431", "104116800", "111116990", "106114011", "97109570", "112117580", "109116930", "107114200", "110114920", "110117500", "105115570", "100116790", "110114950", "97112290", "113122160", "112117471", "113117550", "100120010", "107120130", "110116441", "112117660", "111116411", "97116401", "100111380", "104118340", "97106600", "107121700", "106118301", "109115380", "107112840", "110113931", "99108460", "112116610", "106113830", "110115980", "103120290", "105116980", "102110500", "109113931", "105114220", "104119290", "112116640", "105113620", "111119250", "98109311", "105113170", "99111930", "110121140", "107113200", "98116500", "109114720", "104113210", "101108500", "111120531", "111116040", "102112250", "108113740", "108120280", "97107920", "98109570", "111115620", "104111780", "108117451", "103110760", "113120070"], "labels": [1, 3, 0, 3, 0, 1, 2, 0, 3, 3, 0, 2, 2, 2, 1, 1, 2, 1, 3, 1, 0, 2, 1, 0, 2, 1, 1, 1, 2, 2, 3, 3, 3, 2, 3, 2, 3, 3, 1, 1, 0, 1, 3, 1, 2, 2, 0, 1, 0, 0, 3, 0, 3, 1, 1, 1, 0, 2, 1, 2, 3, 1, 3, 1, 3, 2, 3, 3, 0, 0, 0, 3, 3, 1, 1, 0, 0, 0, 1, 0, 1, 0, 0, 0, 2, 3, 1, 0, 2, 0, 1, 3, 3, 3, 0, 2, 3, 0, 0, 3, 3, 2, 3, 3, 1, 3, 1, 1, 0, 1, 1, 1, 2, 0, 3, 1, 3, 1, 0, 0, 1, 1, 0, 1, 3, 0, 2, 0, 3, 3, 0, 0, 0, 3, 3, 0, 1, 1, 3, 2, 1, 2], "predicted_labels": [0, 3, 3, 3, 3, 1, 2, 1, 3, 0, 3, 1, 2, 0, 0, 0, 0, 3, 2, 3, 1, 2, 2, 3, 3, 0, 1, 0, 3, 3, 0, 0, 1, 0, 3, 1, 2, 0, 1, 1, 0, 0, 3, 3, 3, 2, 0, 3, 1, 3, 1, 0, 1, 0, 0, 0, 0, 3, 1, 1, 1, 3, 0, 1, 3, 3, 1, 0, 0, 3, 3, 1, 3, 1, 0, 3, 0, 1, 1, 3, 0, 0, 3, 3, 0, 1, 3, 3, 0, 3, 3, 1, 1, 3, 2, 3, 1, 3, 3, 1, 1, 1, 0, 1, 0, 1, 1, 0, 0, 3, 0, 0, 3, 0, 2, 3, 1, 1, 0, 2, 0, 1, 1, 3, 1, 3, 3, 1, 0, 2, 0, 0, 3, 3, 3, 3, 1, 0, 3, 3, 3, 1], "confidence_scores": [[0.4624268916051048, 0.15637442266115173, 0.1947165584640312, 0.1864821272697122], [0.2761710130559538, 0.2439560477781891, 0.12761757030476667, 0.35225536886109055], [0.20410915708436878, 0.24727964538956004, 0.116896858937305, 0.43171433858876623], [0.1738980404245817, 0.22405167164556525, 0.2877107021336623, 0.3143395857961908], [0.1379484326700658, 0.23494804502600375, 0.1896270803554624, 0.437476441948468], [0.20259186513873573, 0.3587997774622299, 0.1286646059832927, 0.3099437514157418], [0.18556500657190833, 0.2288433577332273, 0.41344055747153863, 0.17215107822332584], [0.1530584001936716, 0.4519375073345798, 0.1989885186085817, 0.196015573863167], [0.24148479549479476, 0.24153480539708289, 0.16164039892254942, 0.3553400001855733], [0.4318515576976891, 0.23559355848103003, 0.13003865290658012, 0.2025162309147009], [0.14420448258416999, 0.3413439038951682, 0.16665196947934657, 0.34779964404131514], [0.10035153171549314, 0.35034076951985743, 0.350051428917292, 0.19925626984735742], [0.15062904643758, 0.20772283992878296, 0.32897381971783973, 0.3126742939157975], [0.3616849488610671, 0.24254537218494712, 0.2077363047853796, 0.18803337416860624], [0.36665442455811287, 0.30767464075958195, 0.13376583277517876, 0.19190510190712648], [0.33938061428491484, 0.15206799691147388, 0.3235383224816607, 0.18501306632195064], [0.2753881509183896, 0.26846953238316335, 0.25314819131904465, 0.2029941253794023], [0.13714335141251777, 0.2732845167802678, 0.21397805516102764, 0.3755940766461868], [0.14232690156506, 0.2604913612781212, 0.3160843235856853, 0.2810974135711336], [0.23304998568682977, 0.25476456459396013, 0.10471474619661791, 0.40747070352259235], [0.14710197058783842, 0.3098366499061693, 0.24728197892152975, 0.29577940058446256], [0.13117724826903196, 0.2484864555996989, 0.42495345942154117, 0.19538283670972792], [0.29780229557042465, 0.15643657216356505, 0.35973374844432376, 0.18602738382168693], [0.27081072748499035, 0.13290413974498225, 0.15867177168528165, 0.43761336108474586], [0.17308356031567232, 0.2725093354304211, 0.26834519780724747, 0.28606190644665913], [0.27421736674145264, 0.2734149407547232, 0.1906459392823245, 0.26172175322149976], [0.1582707619895446, 0.4121819612597779, 0.20755683381144135, 0.2219904429392362], [0.3444156170611918, 0.21631109827961445, 0.14706476070702013, 0.29220852395217367], [0.1652263032602897, 0.2802623648786506, 0.20747541696564703, 0.3470359148954126], [0.18729587400448544, 0.2779678215522745, 0.24893245497960284, 0.28580384946363735], [0.30505426043938727, 0.2844770820592297, 0.14099208142380065, 0.26947657607758235], [0.31964013103572086, 0.18791364330270185, 0.20740943340764606, 0.2850367922539312], [0.15723137419887828, 0.35453347625893544, 0.29853697132685675, 0.1896981782153296], [0.36195670768378757, 0.09385951038480576, 0.24481033040304223, 0.2993734515283645], [0.2207459545820685, 0.24248331285064822, 0.2666804523439432, 0.27009028022334014], [0.2692017055794328, 0.2864387884791427, 0.2401989556174, 0.20416055032402444], [0.1662715086673884, 0.2752673787799511, 0.35359171469746387, 0.20486939785519678], [0.3669040833891393, 0.2171037968553225, 0.1301153822823016, 0.2858767374732366], [0.17109483863458155, 0.3428651292750466, 0.27520312303729966, 0.21083690905307229], [0.27708073201043004, 0.3492921620664138, 0.1084000184485094, 0.2652270874746468], [0.5297598329815779, 0.14467228003141647, 0.1296310667067103, 0.1959368202802953], [0.28844203793451184, 0.23248025757561006, 0.22324046521730856, 0.25583723927256957], [0.28752665705292396, 0.2520336900847735, 0.1178215803850353, 0.34261807247726744], [0.135858090627832, 0.1658306966783521, 0.23396982501808264, 0.46434138767573313], [0.13084805739051078, 0.12532931931458272, 0.34749711071898093, 0.3963255125759257], [0.2402939139537054, 0.28107442333565186, 0.3080592851242695, 0.17057237758637342], [0.32240789340498616, 0.2606964259311031, 0.09531552114357425, 0.32158015952033653], [0.23167001149727331, 0.23531357869212519, 0.14684405981878174, 0.3861723499918197], [0.16291425377824353, 0.342300601432232, 0.18970897709223114, 0.30507616769729323], [0.22454102643191692, 0.20982171953948872, 0.2447751245818185, 0.32086212944677595], [0.2388903811682875, 0.3185934796785254, 0.18905704977456636, 0.2534590893786206], [0.36967503795342976, 0.17549749192312655, 0.1071845387505819, 0.3476429313728617], [0.2540340037472521, 0.2924732391560203, 0.18218209170781888, 0.2713106653889088], [0.3874526996366011, 0.19892845223231767, 0.12943428444162985, 0.28418456368945133], [0.3022130319006521, 0.198520092032688, 0.28798749386890343, 0.21127938219775644], [0.40640220077067557, 0.2897965329305072, 0.1085073338803205, 0.1952939324184966], [0.29048696722837064, 0.24948575506579684, 0.21846061851519163, 0.24156665919064077], [0.1444015174793372, 0.29917068113066375, 0.18095824937350705, 0.3754695520164921], [0.11116074078109357, 0.662262305740096, 0.102146112893644, 0.12443084058516633], [0.18937733590116398, 0.4187970873412789, 0.14939079407541705, 0.24243478268214008], [0.2593895464896315, 0.31740298036015907, 0.14349277895874313, 0.2797146941914665], [0.18843288012325635, 0.32521685060734373, 0.140773202012936, 0.345577067256464], [0.3651740975866517, 0.34590301131187406, 0.07559599576221364, 0.21332689533926047], [0.24740919730161845, 0.32173961587310257, 0.17931606057235858, 0.25153512625292035], [0.1753703186493958, 0.25963110305194015, 0.2505273418774195, 0.3144712364212445], [0.1413522510307003, 0.21353068584794915, 0.26522804676373984, 0.3798890163576108], [0.13821602531572297, 0.3633168948183396, 0.22558564862747918, 0.27288143123845826], [0.5511855489893154, 0.11740571221878383, 0.16628805223989154, 0.16512068655200934], [0.5249789231849781, 0.12630093706257392, 0.1203263034277274, 0.22839383632472057], [0.2170697370850081, 0.19113128427984008, 0.1740871122197928, 0.417711866415359], [0.2772001005022731, 0.3024298403198963, 0.06808808766024757, 0.35228197151758306], [0.1925535315253292, 0.3188149294354527, 0.20279926558714026, 0.28583227345207785], [0.19146490291629975, 0.27641978885778523, 0.18903509724994422, 0.34308021097597086], [0.3533882782273302, 0.387836493186262, 0.09573856579101078, 0.1630366627953969], [0.3917229753799255, 0.2299192807911021, 0.24794028388517012, 0.13041745994380233], [0.30036297695571806, 0.16020064241818954, 0.07063265036371447, 0.4688037302623779], [0.40209519383107706, 0.23985509233701702, 0.19490962891439023, 0.16314008491751592], [0.2548699230079121, 0.36376635339004987, 0.11923731126616782, 0.26212641233587014], [0.15654823061292747, 0.41931200089598974, 0.11784463406509961, 0.3062951344259833], [0.21677401649033354, 0.22318280740973528, 0.11931642990812877, 0.44072674619180235], [0.2984291667764429, 0.2227849730362364, 0.24344533148886777, 0.2353405286984531], [0.387314940409924, 0.19846564925329518, 0.17694172693754184, 0.2372776833992392], [0.13788069538799472, 0.3332684051624887, 0.1352841813406278, 0.3935667181088888], [0.2529135640317455, 0.2887951788395292, 0.16732306268408217, 0.2909681944446431], [0.38868995915220256, 0.2339139188525191, 0.20981302480405453, 0.167583097191224], [0.15274792090676928, 0.40536045910488744, 0.2366620395186403, 0.2052295804697031], [0.2525956510875745, 0.19909015351037876, 0.19244296591936239, 0.3558712294826845], [0.12379771802920729, 0.17973732127158637, 0.3148502025010834, 0.38161475819812296], [0.3830173789616176, 0.23233300752345312, 0.22568851149495406, 0.15896110201997515], [0.16482183021050334, 0.24366758615971576, 0.17871359511222726, 0.4127969885175537], [0.25255422111571085, 0.18120275134367453, 0.24098788105624383, 0.32525514648437087], [0.1836933372952214, 0.43280057084200724, 0.19836555338115178, 0.18514053848161954], [0.26958599428776014, 0.2967412041378628, 0.15372152538894587, 0.27995127618543125], [0.16714375384521174, 0.3369088076446629, 0.13991163892941078, 0.3560357995807146], [0.07194119412694859, 0.27060047193286596, 0.5518181956264645, 0.10564013831372089], [0.23165429202849533, 0.2706854688657318, 0.18302168363269014, 0.31463855547308284], [0.15118987168650047, 0.5160826286578056, 0.13470393865066796, 0.19802356100502588], [0.3089651198921357, 0.21782691365619225, 0.10952414767220515, 0.3636838187794671], [0.2985948128223648, 0.1135246976274441, 0.09989885723334126, 0.4879816323168497], [0.3200168067024093, 0.32935249399477096, 0.12886125261750225, 0.2217694466853175], [0.21818752483988268, 0.31144021505984565, 0.1983049319780591, 0.2720673281222125], [0.26565627758401716, 0.35945529283420874, 0.11060594568977926, 0.2642824838919946], [0.40694539616388464, 0.19301699928616023, 0.11862992641905178, 0.28140767813090345], [0.11183953555512974, 0.5408140614112928, 0.1226380502737464, 0.2247083527598312], [0.3912470519887601, 0.2112153175663549, 0.1783475170965233, 0.21919011334836183], [0.23835207879705494, 0.3494947918399912, 0.15392687132413782, 0.25822625803881594], [0.0987069365099383, 0.4541188967849726, 0.25755806769260875, 0.18961609901248033], [0.3747348712638581, 0.13554300133612981, 0.1972971101559196, 0.2924250172440923], [0.4059559125116408, 0.15226216898397485, 0.2624998572908831, 0.17928206121350113], [0.21714296304935468, 0.300561259242396, 0.16381623099457046, 0.31847954671367895], [0.3367035077201142, 0.2933032034444899, 0.2056934559748997, 0.16429983286049618], [0.3262861352262402, 0.1941538554251566, 0.17890637832915565, 0.30065363101944753], [0.22180781599582378, 0.2671786730692223, 0.15284649163972447, 0.3581670192952295], [0.33463634162029327, 0.2511258171778927, 0.1867402790224579, 0.22749756217935593], [0.2840350925000964, 0.15525302812227437, 0.3487871429297454, 0.2119247364478837], [0.2634113362021241, 0.20668467362316095, 0.14085031648839613, 0.3890536736863188], [0.10875514427065443, 0.35122764548454005, 0.20629870253963745, 0.33371850770516825], [0.18754967804608935, 0.4522831839499981, 0.08992311787720784, 0.27024402012670484], [0.30618224309604203, 0.2808886539590543, 0.1746289789720437, 0.2383001239728599], [0.1212808445572423, 0.22106930767048108, 0.37876681072783, 0.27888303704444667], [0.31385534899105866, 0.27122392273632484, 0.25640801218293285, 0.1585127160896836], [0.20565032163467264, 0.33769238183663364, 0.1726344204137449, 0.28402287611494886], [0.13497512749835353, 0.36654245458794643, 0.22428020328199702, 0.27420221463170324], [0.24358396613573283, 0.21686339089634674, 0.25925026138943413, 0.2803023815784862], [0.19878690332318916, 0.32787684808562095, 0.16276893528622383, 0.310567313304966], [0.20049235072010452, 0.32071572363762346, 0.13129072903096778, 0.3475011966113044], [0.24461898179435485, 0.14079100096146963, 0.2545889395996477, 0.360001077644528], [0.174676285327596, 0.421145587742581, 0.14881163906695605, 0.25536648786286714], [0.30840481887948634, 0.2776565427130771, 0.18521508653651592, 0.22872355187092056], [0.13866433139630036, 0.20601472211318614, 0.3611150504016886, 0.29420589608882497], [0.5296628942839684, 0.17377290834641482, 0.09962796306966465, 0.19693623429995205], [0.3763676924077697, 0.24086281667176734, 0.11481628293686716, 0.2679532079835959], [0.2417775790387089, 0.20682326613196458, 0.18282649091642925, 0.36857266391289745], [0.13544002977167566, 0.34898630938611297, 0.13934673688919605, 0.3762269239530154], [0.21213346570122768, 0.25212501849359864, 0.2365983630779019, 0.29914315272727177], [0.23617895689102095, 0.20000614925474045, 0.15632465986305635, 0.4074902339911822], [0.3035477937784774, 0.34451115300475066, 0.12878608176061582, 0.22315497145615595], [0.3475768155612481, 0.23522930377367735, 0.16071322049965164, 0.25648066016542315], [0.3289860692458961, 0.14895059382998738, 0.13662631905251135, 0.38543701787160545], [0.22790554608492844, 0.09808829565373017, 0.05503299012407903, 0.6189731681372624], [0.18601640456517227, 0.27144167962824234, 0.19562846454739194, 0.3469134512591935], [0.1411289640923537, 0.3797408287405325, 0.17216208129055585, 0.3069681258765579]]}, "rewritten": {"ids": ["97106600", "97107040", "97107920", "97109570", "97112290", "97112830", "97116401", "98106680", "98107380", "98109311", "98109570", "98111231", "98111670", "98116500", "98117740", "99107640", "99108000", "99108080", "99108460", "99108520", "99109370", "99109780", "99110050", "99111930", "99112840", "100111380", "100112060", "100113210", "100116790", "100120010", "100120780", "101108500", "101119030", "102110500", "102110690", "102112250", "102112301", "102113350", "103109641", "103110760", "103112470", "103113610", "103118110", "103120290", "104111780", "104113210", "104114410", "104116800", "104118070", "104118340", "104119290", "105113170", "105113620", "105114220", "105115570", "105116980", "105120280", "105121370", "106113260", "106113830", "106114011", "106114280", "106115250", "106116120", "106116441", "106116820", "106116850", "106118301", "107112840", "107113130", "107113200", "107114200", "107116300", "107118120", "107120130", "107121700", "108113620", "108113740", "108115070", "108116070", "108117451", "108117720", "108118520", "108120060", "108120280", "109113931", "109114720", "109115380", "109116750", "109116930", "109118161", "109119340", "110113931", "110114920", "110114950", "110115980", "110116441", "110116501", "110117140", "110117500", "110118161", "110118450", "110118740", "110119300", "110121140", "111115400", "111115620", "111116010", "111116040", "111116411", "111116640", "111116990", "111117000", "111117200", "111119150", "111119250", "111120280", "111120531", "112116540", "112116610", "112116640", "112117431", "112117471", "112117580", "112117660", "112118471", "112118550", "112118810", "112121351", "112121430", "113117550", "113118111", "113118231", "113118421", "113119450", "113120070", "113120260", "113120280", "113121410", "113122150", "113122160", "113122510"], "labels": [3, 2, 0, 0, 1, 2, 3, 1, 1, 1, 1, 1, 1, 2, 2, 1, 2, 3, 0, 2, 1, 2, 3, 1, 2, 3, 2, 0, 2, 0, 1, 3, 3, 3, 0, 0, 1, 3, 1, 1, 1, 2, 2, 2, 3, 3, 1, 1, 2, 2, 1, 0, 0, 3, 0, 0, 3, 2, 3, 1, 1, 3, 2, 1, 0, 1, 3, 1, 1, 1, 0, 2, 0, 3, 2, 3, 3, 3, 1, 1, 2, 1, 0, 1, 3, 1, 0, 3, 0, 0, 0, 3, 1, 3, 0, 1, 3, 3, 3, 1, 0, 0, 3, 1, 3, 0, 1, 1, 0, 0, 0, 0, 0, 0, 3, 1, 0, 0, 1, 1, 0, 0, 3, 0, 0, 1, 3, 3, 0, 2, 3, 1, 3, 3, 3, 2, 3, 0, 0, 2, 3, 2], "predicted_labels": [3, 1, 3, 0, 1, 3, 2, 3, 1, 2, 0, 0, 1, 3, 2, 0, 1, 2, 3, 0, 1, 3, 2, 2, 0, 3, 2, 3, 0, 1, 1, 2, 2, 2, 3, 3, 0, 3, 0, 2, 3, 2, 2, 0, 3, 0, 1, 3, 3, 1, 1, 3, 3, 0, 1, 3, 3, 3, 1, 0, 3, 1, 3, 2, 3, 3, 1, 1, 1, 2, 3, 1, 3, 3, 1, 1, 3, 3, 1, 3, 3, 3, 2, 3, 3, 1, 3, 3, 3, 3, 0, 3, 1, 3, 2, 0, 1, 0, 0, 1, 0, 0, 3, 0, 3, 3, 1, 0, 1, 3, 1, 3, 1, 0, 3, 0, 3, 1, 0, 1, 3, 1, 1, 1, 0, 2, 0, 3, 0, 3, 3, 0, 1, 0, 1, 3, 3, 0, 3, 3, 1, 1], "confidence_scores": [[0.25000162371782003, 0.239300967595088, 0.24461483456901081, 0.2660825741180811], [0.2788187703817719, 0.3713520233587187, 0.10651843409477485, 0.2433107721647347], [0.21960255050364821, 0.23370031608044364, 0.128481356480732, 0.41821577693517603], [0.36988195332840784, 0.15313344476561422, 0.29453084254947054, 0.1824537593565073], [0.2663696341847287, 0.3535994462546117, 0.15925515489082048, 0.2207757646698391], [0.22452188376151852, 0.24639246038195536, 0.13815418517834593, 0.3909314706781803], [0.31529080668964726, 0.1776066175673411, 0.3280387932080533, 0.17906378253495844], [0.17879228202170153, 0.22242199129556636, 0.18344854081342687, 0.4153371858693053], [0.27578501539145545, 0.27601885629385664, 0.1741998710765171, 0.2739962572381709], [0.2001497425369817, 0.24391465888317512, 0.3192121703993145, 0.2367234281805287], [0.4156074026419218, 0.18618736950848583, 0.1825569157139382, 0.21564831213565402], [0.30677416638579613, 0.24143076198932134, 0.17311264223614836, 0.27868242938873433], [0.11416290259648715, 0.3601615408655649, 0.2164904016545065, 0.30918515488344167], [0.2550171345204273, 0.22553714415714538, 0.255198569447154, 0.2642471518752735], [0.1675308042120315, 0.3014938456948936, 0.3017122379657351, 0.22926311212733974], [0.3827710602785112, 0.3054318343166665, 0.17278921980105386, 0.13900788560376875], [0.1286413333835817, 0.5261538670664735, 0.16627587128476262, 0.17892892826518228], [0.12131985686275171, 0.2683505600601829, 0.31730678447402133, 0.29302279860304414], [0.2617486981186544, 0.18705321344419354, 0.1569657203824724, 0.3942323680546796], [0.4399157822873839, 0.1400147148266456, 0.20221605573558465, 0.21785344715038585], [0.18312651571840866, 0.444517272963406, 0.17131030675767622, 0.2010459045605091], [0.2573056080752166, 0.2314493635099631, 0.21681823251885718, 0.2944267958959633], [0.2026826987880043, 0.19074533069683106, 0.4474338788259505, 0.15913809168921408], [0.17492521953528412, 0.2841602098657694, 0.3813884997651244, 0.15952607083382203], [0.3552808465881437, 0.25604118348908517, 0.2188505048870643, 0.1698274650357071], [0.2834490693560479, 0.21141725403010556, 0.204919459844773, 0.3002142167690735], [0.09241213696143841, 0.22792591716656205, 0.44962516865268126, 0.23003677721931834], [0.2602476429203022, 0.14875174975244607, 0.18749605466546757, 0.4035045526617841], [0.3261305901454659, 0.24580445851296417, 0.23920253257023175, 0.1888624187713381], [0.1632810132326499, 0.427961073801207, 0.23046059892067983, 0.1782973140454633], [0.07374233808102892, 0.38063764388221016, 0.1866546557926964, 0.3589653622440644], [0.14171667571830154, 0.1983251023744346, 0.3996074484731927, 0.2603507734340711], [0.1579696649404709, 0.2519600575867508, 0.3198189868122329, 0.2702512906605454], [0.11796466525494355, 0.2220989573635242, 0.5065757588987989, 0.1533606184827333], [0.19898707241439964, 0.19847005852793784, 0.09920997107277928, 0.5033328979848831], [0.3543307640847295, 0.13430342351630695, 0.08810701252606941, 0.42325879987289405], [0.3316547502582261, 0.28921789366667205, 0.11136713246862201, 0.26776022360647994], [0.15661206823059087, 0.29963620967244425, 0.17118707435910996, 0.3725646477378549], [0.33171516774993437, 0.23994152238376512, 0.16495699092374302, 0.2633863189425573], [0.13007058876812538, 0.2362581216416333, 0.3465225573183633, 0.287148732271878], [0.21931750427161825, 0.18462335645626607, 0.21325998388538317, 0.3827991553867326], [0.11096791049142324, 0.31776108865815156, 0.44537186132840584, 0.1258991395220193], [0.10299602045312478, 0.3442221921469344, 0.3746607918405306, 0.17812099555941022], [0.38260604163211015, 0.19932364324558818, 0.19650742408375876, 0.22156289103854285], [0.169291357236403, 0.2526841315762677, 0.26814123099336357, 0.3098832801939657], [0.43419260981375024, 0.18038081046001492, 0.15352177934866432, 0.2319048003775704], [0.2393913077495296, 0.3750087837438962, 0.11775555271787778, 0.2678443557886964], [0.27486881160969273, 0.17825127588248857, 0.1569210451491137, 0.3899588673587051], [0.23479422361766508, 0.18123018786226108, 0.2698768047350645, 0.3140987837850095], [0.28652413519410536, 0.293664553016896, 0.19441009025754172, 0.22540122153145692], [0.20691237413194843, 0.4309548025787861, 0.09925082663937293, 0.2628819966498924], [0.32245099859372045, 0.1171420282469034, 0.16451361859416674, 0.39589335456520947], [0.12532274599885998, 0.16495558923363596, 0.3475227792664522, 0.3621988855010518], [0.29906343729615437, 0.19777513761687, 0.23808323601113235, 0.2650781890758433], [0.23288648491602776, 0.31616114611313334, 0.20693782803792857, 0.24401454093291028], [0.19085356900331352, 0.2637569059663359, 0.12431453288375455, 0.42107499214659605], [0.28129999930964544, 0.1788203510563382, 0.19449373220712093, 0.34538591742689534], [0.18549817784734327, 0.3538363188199205, 0.09345386922581664, 0.3672116341069196], [0.27757591510698865, 0.3146248799990043, 0.24550382176388053, 0.16229538313012645], [0.3920061998698397, 0.21046816219962838, 0.17463705795025922, 0.2228885799802727], [0.30687925096281377, 0.16087258974905877, 0.12256800513343237, 0.40968015415469505], [0.20692380623686757, 0.35953492694662315, 0.16558740948817222, 0.2679538573283371], [0.2345656458908831, 0.19345131647851171, 0.19410312283381706, 0.37787991479678823], [0.12647584007389157, 0.16150766285784288, 0.43576496770535444, 0.2762515293629113], [0.2702333724396295, 0.16391955443258702, 0.08389021759958891, 0.48195685552819456], [0.1982517804684919, 0.2544794241268667, 0.12039411357127179, 0.4268746818333696], [0.25234362996834586, 0.29476137106919015, 0.28279506609750094, 0.17009993286496308], [0.18700725164395726, 0.3934095044163111, 0.1647581387959518, 0.2548251051437799], [0.13926182999570114, 0.3708260319846063, 0.32066233560678054, 0.16924980241291215], [0.28856751690144333, 0.17306430521082716, 0.36450692993124856, 0.17386124795648095], [0.2102384415012321, 0.19262814536179626, 0.25085840110929836, 0.3462750120276734], [0.11635750410177143, 0.40288372039830195, 0.23047009840280203, 0.25028867709712466], [0.1293743860874494, 0.22835687648181235, 0.19687330395552907, 0.44539543347520916], [0.31001898895829394, 0.24605320566274339, 0.1191602101541382, 0.32476759522482457], [0.2728703530897083, 0.35605477586179624, 0.10097702413354617, 0.2700978469149492], [0.2323775326730655, 0.3454243076673529, 0.1620112261496749, 0.26018693350990685], [0.179336327326946, 0.19854489751946405, 0.2353551643863484, 0.38676361076724164], [0.11565915721020008, 0.15775347286523217, 0.1491932692568614, 0.5773941006677062], [0.26746447178419175, 0.3537453223092381, 0.08107031001669221, 0.29771989588987796], [0.1296681280946191, 0.17590884322396164, 0.28659515334818303, 0.40782787533323633], [0.29668496795107424, 0.20760988236749614, 0.09843999333802672, 0.3972651563434028], [0.26392185188559364, 0.16939654220510525, 0.19621759338336875, 0.3704640125259324], [0.23812173549859927, 0.15734729275228715, 0.3838565241076261, 0.2206744476414875], [0.168278467334981, 0.23594912043878072, 0.1575512374777835, 0.4382211747484548], [0.22871861307993832, 0.2455547617911805, 0.2104561184758343, 0.31527050665304696], [0.20830240088877292, 0.46232361370246094, 0.13783612351634317, 0.19153786189242303], [0.1877064252739409, 0.12811705567197096, 0.13569153673702247, 0.5484849823170657], [0.1958549307722096, 0.21567524278020947, 0.1648543690991855, 0.4236154573483954], [0.23856787220934175, 0.17023711471671985, 0.1611128913123589, 0.4300821217615796], [0.2124170203743628, 0.30636699106848286, 0.15283922896674737, 0.3283767595904072], [0.5278003290272584, 0.12143501794749455, 0.08917211004030787, 0.26159254298493906], [0.3133426023584308, 0.1933193451698095, 0.17710063295795841, 0.3162374195138012], [0.2986218770653404, 0.3865518793373451, 0.12985695151904034, 0.18496929207827426], [0.23351858644771883, 0.27186890785099355, 0.13825480350134814, 0.3563577021999396], [0.08941637705541348, 0.2761267299946558, 0.33679596059972366, 0.2976609323502071], [0.3505460071026511, 0.21278588934354722, 0.15869314928276326, 0.2779749542710385], [0.21883303583244462, 0.4083026463791193, 0.1352505139124515, 0.2376138038759847], [0.40015992601337, 0.20701642612206964, 0.14999571955548976, 0.24282792830907077], [0.5171676182523706, 0.08283794189443279, 0.04084045322667565, 0.35915398662652104], [0.11715047324423553, 0.5314265950225326, 0.15195291503363684, 0.19947001669959494], [0.355661656579379, 0.20571768389902995, 0.12344661510983358, 0.3151740444117578], [0.30509753284305724, 0.2187136044806967, 0.2223045310362362, 0.2538843316400099], [0.34588722369482894, 0.2041127931299918, 0.098176426482373, 0.35182355669280624], [0.36801377671954283, 0.08374503623823776, 0.3537902097161098, 0.19445097732610978], [0.18973379471914942, 0.28939783147073467, 0.22169292582986222, 0.29917544798025364], [0.22368770106157354, 0.160445989059145, 0.19815868800617664, 0.41770762187310484], [0.2856387331122659, 0.369613728850968, 0.09244053386908532, 0.25230700416768087], [0.40380765758877435, 0.18806393846716413, 0.1523317940402443, 0.2557966099038173], [0.27702460181834554, 0.39256194293901037, 0.11655473423922565, 0.2138587210034186], [0.1552506965951254, 0.11535184799820207, 0.0799963531339448, 0.6494011022727276], [0.1581942089652809, 0.3540472123466235, 0.16518809733368625, 0.3225704813544094], [0.3023401082987459, 0.19873685751990136, 0.11045063758255337, 0.38847239659879934], [0.13691321095780012, 0.34894274729371066, 0.2505130157732817, 0.26363102597520743], [0.33167910671169243, 0.2179495481164034, 0.13580717832450961, 0.3145641668473944], [0.1271685544893981, 0.24384610755581748, 0.16031952970789123, 0.4686658082468931], [0.39438943359019446, 0.21207596466915793, 0.22118290191016202, 0.17235169983048562], [0.20368601719800689, 0.16558830769514127, 0.1419780306928052, 0.4887476444140466], [0.3017994203519401, 0.4388887491425089, 0.1170840205101505, 0.14222780999540052], [0.33438792530617195, 0.1792900420611337, 0.24981396427390345, 0.23650806835879096], [0.17466331173218597, 0.40618734045249366, 0.1567259175056706, 0.2624234303096498], [0.35951779050737115, 0.13344667347347347, 0.12882705393272467, 0.3782084820864308], [0.26868498143841935, 0.3674302164156506, 0.1275255295991196, 0.23635927254681052], [0.2840565256577434, 0.4621721176654476, 0.09719702481603897, 0.15657433186077013], [0.2906570092436626, 0.3911164263095538, 0.15597876093855673, 0.1622478035082269], [0.3671223896363506, 0.1404762472323416, 0.20768549401037315, 0.2847158691209346], [0.22731088561349128, 0.2102000998559569, 0.3028563983063239, 0.2596326162242279], [0.3542876958092981, 0.17045599373881234, 0.15669444781231778, 0.3185618626395718], [0.14223828232722616, 0.26626745004115593, 0.18080335483804214, 0.41069091279357584], [0.31319243794988955, 0.30677175159651493, 0.18691323365078177, 0.19312257680281383], [0.13766883426472898, 0.2989866092120323, 0.12808380186301033, 0.43526075466022834], [0.16601491034630575, 0.28609159775433934, 0.25566070002478225, 0.2922327918745727], [0.32153106183953284, 0.24585544175719887, 0.18790832644287134, 0.24470516996039704], [0.2754076584478984, 0.4079635194441918, 0.13915017817827635, 0.1774786439296335], [0.41455170032400457, 0.174507847133629, 0.1996340550262372, 0.2113063975161292], [0.2769469169940051, 0.35768928667877514, 0.10614247182736937, 0.25922132449985036], [0.24624948070726693, 0.2511429897950334, 0.17925486621487607, 0.32335266328282375], [0.17315933381823587, 0.1629263039805549, 0.16045807748290397, 0.5034562847183053], [0.4590926643233001, 0.09014559680372283, 0.15059538389648564, 0.30016635497649136], [0.23101217513878036, 0.24452452426257332, 0.13723331355348514, 0.38722998704516126], [0.15646514036685621, 0.23150152077261169, 0.226222186975, 0.38581115188553217], [0.26875344641575744, 0.28457371960518413, 0.16380428562850557, 0.28286854835055286], [0.19344494315707822, 0.4182671259337358, 0.21065257927243491, 0.17763535163675115]]}}