{"test": {"ids": ["110119030", "110118740", "104111780", "99107660", "97112300", "109117150", "113120601", "112120670", "107116340", "108121351", "97109570", "111116170", "112119980", "103111930", "100112060", "107118520", "113119950", "111115780", "104114740", "105116090", "113119450", "111116640", "112119610", "104116800", "102112250", "108116501", "108114270", "108115880", "112120990", "107113840", "109116170", "110116290", "108120280", "103111830", "101115190", "112116990", "110116170", "97109080", "98107210", "101114020", "102118380", "107114780", "100113210", "100120010", "110118111", "108120260", "101112690", "104109311", "109119010", "103120340", "113121950", "102107961", "111120190", "100116500", "98117740", "112120630", "99111930", "99109740", "102110850", "100109330", "101111620", "110118701", "106118520", "100108260", "111114321", "105110251", "100109980", "98119591", "104113000", "105115570", "100108990", "105117431", "113120751", "109121351", "99116500", "97107821", "103109791", "111115910", "97111790", "111120320", "112120700", "109120560", "100108580", "110118810", "109119450", "99109161", "105115250", "105115900", "99111000", "113121410", "100109801", "111116040", "97108520", "111117480", "109117630", "109120150", "110114950", "110118181", "97106591", "109115220", "108114200", "102110240", "109121410", "101116130", "107118780", "101108580", "109114030", "105113330", "104111380", "113122190", "99108000", "97105760", "99108310", "102109840", "109113881", "108119330", "113117630", "99111440", "113120640", "99121440", "107121540", "113120280", "113119340", "101110740", "98109090", "108116481", "102113981", "101108460", "109114651", "102113210", "111119300", "106116370", "110118880", "107113550", "112121010", "103118110", "100108490", "100113370", "109115070", "102109010", "106114280", "109117080"], "labels": [0, 3, 3, 3, 2, 2, 2, 2, 3, 3, 0, 0, 0, 3, 2, 2, 0, 1, 2, 1, 3, 0, 0, 1, 0, 0, 3, 3, 2, 3, 0, 2, 3, 3, 1, 0, 0, 2, 1, 3, 1, 2, 0, 0, 1, 1, 1, 3, 3, 1, 3, 3, 3, 2, 2, 3, 1, 3, 3, 0, 3, 3, 2, 3, 1, 0, 1, 1, 1, 0, 2, 1, 1, 0, 2, 2, 3, 2, 2, 1, 2, 1, 0, 1, 3, 3, 2, 3, 2, 0, 0, 0, 2, 1, 0, 2, 0, 1, 1, 3, 0, 3, 0, 2, 1, 0, 1, 3, 3, 1, 2, 0, 2, 2, 0, 0, 0, 3, 0, 2, 2, 0, 0, 3, 1, 0, 1, 0, 3, 3, 1, 2, 0, 0, 2, 2, 2, 3, 0, 1, 3, 1], "predicted_labels": [3, 3, 1, 0, 3, 1, 1, 1, 3, 1, 0, 1, 1, 1, 3, 1, 3, 1, 3, 0, 1, 3, 1, 3, 3, 1, 3, 3, 1, 1, 1, 1, 3, 3, 3, 3, 0, 1, 3, 0, 1, 1, 3, 3, 0, 3, 3, 0, 3, 1, 3, 3, 3, 3, 1, 3, 1, 3, 1, 0, 1, 3, 1, 1, 1, 1, 3, 0, 3, 1, 1, 1, 0, 1, 1, 0, 0, 1, 3, 3, 3, 3, 0, 0, 1, 0, 1, 3, 3, 3, 3, 3, 1, 1, 3, 1, 3, 1, 1, 1, 1, 1, 1, 1, 1, 0, 0, 3, 3, 3, 1, 0, 1, 1, 0, 3, 3, 3, 0, 1, 1, 0, 0, 1, 3, 3, 1, 3, 1, 1, 1, 0, 3, 3, 1, 1, 1, 1, 1, 1, 1, 1], "confidence_scores": [[0.2445285234324195, 0.33624781982733054, 0.10625016327160362, 0.31297349346864645], [0.27417694931504316, 0.2688666437122872, 0.11935666082988487, 0.3375997461427847], [0.2555503018238579, 0.3302831709062237, 0.1471729205916334, 0.26699360667828453], [0.27822304665294584, 0.3122397699329834, 0.07389593917451473, 0.3356412442395564], [0.23319297691485782, 0.23176007790189496, 0.23803916099170092, 0.2970077841915461], [0.1960626828234611, 0.416974965609348, 0.15490868432625796, 0.23205366724093301], [0.1692031008783901, 0.32259149679401256, 0.30384106480527606, 0.20436433752232117], [0.20938876404703702, 0.3328254609199967, 0.1758128643210471, 0.2819729107119189], [0.21235721310063044, 0.28979052706569775, 0.21343692124711952, 0.28441533858655266], [0.2610162991204755, 0.3137533822941528, 0.1315975992772589, 0.2936327193081128], [0.3002530498418407, 0.1977372679785895, 0.1368775688701691, 0.3651321133094006], [0.27908028914610333, 0.310312014532402, 0.0892221605627512, 0.32138553575874346], [0.22275029691723466, 0.4033190736818417, 0.13305972492297283, 0.2408709044779509], [0.22915708356665376, 0.29155530841440047, 0.22054292761879724, 0.2587446804001485], [0.23980447653245462, 0.28057174601719304, 0.17888627212385028, 0.3007375053265019], [0.23952249160277544, 0.34241044104777124, 0.13951712836025587, 0.2785499389891975], [0.3045969685812974, 0.27741642059894384, 0.056085521860156404, 0.3619010889596022], [0.21152484649907372, 0.3379522991329713, 0.1725761863865164, 0.27794666798143847], [0.1960189931617077, 0.29853664919594763, 0.22681172308553257, 0.2786326345568121], [0.2822331182918137, 0.28214059931756996, 0.10694770607683488, 0.32867857631378145], [0.26388138694521857, 0.317024186503975, 0.11021044019227404, 0.30888398635853254], [0.2201828007666826, 0.26027712365590994, 0.23464585583451186, 0.2848942197428955], [0.12293586014032355, 0.3743778234409035, 0.3061582221225923, 0.19652809429618037], [0.26883717230394505, 0.29576696572644573, 0.10640701949102442, 0.32898884247858506], [0.30776110245187194, 0.1959689479251554, 0.11501576098880734, 0.3812541886341653], [0.2657596398039035, 0.32228053720089733, 0.0927610969138187, 0.3191987260813801], [0.27334747290338096, 0.2876781805970436, 0.11192831146006336, 0.3270460350395119], [0.28858853432337633, 0.27568905711594954, 0.08808179216998058, 0.3476406163906937], [0.15167514851612993, 0.32004295802848226, 0.30944660290099407, 0.21883529055439355], [0.20565524635884047, 0.3938213660312131, 0.14360558015758698, 0.2569178074523594], [0.26742242568202085, 0.31885217134011284, 0.11497953450637059, 0.29874586847149576], [0.2568749961652984, 0.2977271053704238, 0.14447086657046673, 0.300927031893811], [0.3042771860995188, 0.21335667292572574, 0.10079266102713744, 0.3815734799476181], [0.2173499927997037, 0.2400357226820122, 0.27359966094651084, 0.2690146235717732], [0.23328701169503632, 0.2812998071370043, 0.20488248348940596, 0.28053069767855354], [0.24218445873973116, 0.23381315560591517, 0.2194638389662137, 0.30453854668814007], [0.26844716110819883, 0.28662398144831674, 0.1334496434217507, 0.3114792140217337], [0.20442458334394853, 0.3184445437243173, 0.20936460111285105, 0.26776627181888285], [0.17951718585351822, 0.27607219888847406, 0.2990177367153106, 0.24539287854269679], [0.2671454233731247, 0.28255095465289143, 0.1409171036900576, 0.3093865182839264], [0.2160935272001784, 0.3182430580716938, 0.22507231614229375, 0.24059109858583436], [0.1727273720303933, 0.41750173210691266, 0.19081935208242917, 0.21895154378026496], [0.2582218743231332, 0.3071795445739692, 0.13093571578831661, 0.3036628653145814], [0.20343943841189246, 0.22653625363294488, 0.3176110539231157, 0.25241325403204695], [0.28047188129381484, 0.2957613313391168, 0.09566860688553032, 0.32809818048153805], [0.26734090337438826, 0.33794553963360185, 0.07665512127103957, 0.31805843572097], [0.2952433697949008, 0.2324606976987503, 0.11923036576408061, 0.3530655667422682], [0.2792005559420438, 0.24440691363723435, 0.1500072105632076, 0.32638531985751434], [0.16682055377691063, 0.2936172132067645, 0.27733822823545795, 0.262224004780867], [0.19748525109551776, 0.27213369522268, 0.32791537101755047, 0.20246568266425197], [0.27928883615984845, 0.30713451458744084, 0.08676453233998266, 0.3268121169127281], [0.3148813503600327, 0.22411382281468323, 0.07457139706531205, 0.38643342975997236], [0.22738238448468104, 0.25600850126965646, 0.1901454451793305, 0.32646366906633206], [0.22359892260178707, 0.22731720416826398, 0.27263782668387115, 0.27644604654607796], [0.19548269583611902, 0.3285644083600651, 0.25779362085195817, 0.2181592749518575], [0.30217005541684755, 0.24478508031655571, 0.07987076841113014, 0.3731740958554667], [0.20221284016681945, 0.2748005742264, 0.3274498047526221, 0.19553678085415827], [0.20964212251401695, 0.2701581744959664, 0.23381522219127282, 0.28638448079874373], [0.17060476087658277, 0.3826255706151098, 0.19523192139960316, 0.25153774710870386], [0.2755912745861844, 0.2796049206876663, 0.13377413602301527, 0.311029668703134], [0.25865491186552936, 0.29047904227216365, 0.15616894700669876, 0.29469709885560785], [0.2807669492531848, 0.30290900346143596, 0.074758151595859, 0.34156589568952034], [0.16843956408942531, 0.3185807572436184, 0.30838687944237714, 0.20459279922457926], [0.23232914859148093, 0.29874311606257875, 0.20305809482265277, 0.26586964052328793], [0.22581837473187624, 0.3223210550301141, 0.16224747991361574, 0.2896130903243945], [0.26780179119700154, 0.339115413828397, 0.09556875012584183, 0.29751404484875965], [0.23548974542005713, 0.28331544909896805, 0.19156553161092393, 0.2896292738700507], [0.26260279800278047, 0.29092877811487206, 0.19045531034758703, 0.25601311353476036], [0.2731047849902396, 0.27647633332953825, 0.12079127469241069, 0.3296276069878113], [0.17777004006738073, 0.2888620657636145, 0.3088619203973584, 0.22450597377164655], [0.2362284666062345, 0.30195672567615844, 0.18984935642134054, 0.2719654512962666], [0.20229166839569784, 0.308063529395371, 0.25479650029846185, 0.23484830191046926], [0.28688039645053637, 0.2658850502623273, 0.10675190735813415, 0.34048264592900224], [0.26294643092078496, 0.3188678704827642, 0.14953605440702858, 0.26864964418942244], [0.1613206151384961, 0.2865417906249389, 0.34167258206521034, 0.21046501217135488], [0.2717847428209493, 0.2637935234076776, 0.15233131536005354, 0.3120904184113195], [0.24413611956602213, 0.24002978880403092, 0.2512593500125666, 0.2645747416173802], [0.22775780327971754, 0.3946070413450803, 0.12045543223928531, 0.2571797231359167], [0.22602336909974272, 0.25984663632988714, 0.24421485498835335, 0.269915139582017], [0.21305015587615692, 0.26534276248356164, 0.24550229936904183, 0.27610478227123963], [0.2446581570462924, 0.3275352879443761, 0.11674367910869146, 0.3110628759006401], [0.2532084820204787, 0.2611481042627511, 0.16742159171835005, 0.31822182199842014], [0.265739871582936, 0.2531979995747668, 0.20337181009686492, 0.2776903187454324], [0.27792747526420614, 0.31926756030104536, 0.09463333470833515, 0.30817162972641354], [0.2004105423462648, 0.3045325747767743, 0.23729248453205076, 0.2577643983449102], [0.2354690408629541, 0.24919940659642115, 0.2748769275544099, 0.2404546249862149], [0.1774025132103324, 0.3286269793247347, 0.25072905767797504, 0.24324144978695797], [0.24185030194052898, 0.2899117641423703, 0.16114849598865685, 0.3070894379284438], [0.2025295672062977, 0.3107684763146958, 0.19842028307345846, 0.288281673405548], [0.28684999811557266, 0.28686888865615323, 0.08217012091998015, 0.3441109923082938], [0.26822085133688833, 0.2891165651383775, 0.11490028739141384, 0.3277622961333199], [0.30172929575345014, 0.2659978197116297, 0.06917965834535454, 0.3630932261895657], [0.24403344522825637, 0.307889625814032, 0.19451366285697175, 0.25356326610074004], [0.22241274920076662, 0.3467321855957847, 0.15641984055349595, 0.2744352246499525], [0.28772768340559807, 0.29393679918975013, 0.07560432001191991, 0.3427311973927318], [0.21688775551831074, 0.2946597374854152, 0.23629184417549873, 0.2521606628207755], [0.25603248251080546, 0.2891244323574612, 0.15437027769632058, 0.3004728074354129], [0.22296012196827364, 0.3424232499483952, 0.21008447365553484, 0.2245321544277965], [0.1922716471814049, 0.31312559493681497, 0.2893628180476368, 0.205239939834144], [0.233514114799726, 0.3121438592038388, 0.16924366825871504, 0.28509835773771997], [0.23941145637651623, 0.3530854105272125, 0.15147450051370503, 0.2560286325825661], [0.25211857023130163, 0.30800204242264656, 0.16502452601322556, 0.27485486133282605], [0.18319021623601828, 0.4194591521684506, 0.13151266603270084, 0.2658379655628302], [0.18730215251685234, 0.2994918476856988, 0.2542893420095082, 0.2589166577879407], [0.2328963795881534, 0.3927601748401469, 0.09860408057261917, 0.2757393649990805], [0.2949463356766721, 0.1782154988694043, 0.14223619709483853, 0.38460196835908517], [0.29175688183947174, 0.27484148209770676, 0.09666445026145233, 0.33673718580136913], [0.27769372478085924, 0.2865926436067332, 0.09775889781716915, 0.3379547337952383], [0.23157565455076928, 0.27246092585693815, 0.2302548977747465, 0.265708521817546], [0.19907429619723538, 0.32887233261580046, 0.18132421233528964, 0.29072915885167444], [0.18645340630060908, 0.36461573541820574, 0.2270265195236344, 0.22190433875755067], [0.2933153235827106, 0.2711019322427135, 0.0808750210917982, 0.3547077230827774], [0.2052533457141913, 0.33409985975518464, 0.2435396547488184, 0.21710713978180574], [0.18977751126323308, 0.3343214118132482, 0.25516006844686506, 0.22074100847665354], [0.278825066544988, 0.27843564219091965, 0.1365862990173029, 0.3061529922467895], [0.27979074567653794, 0.30588839101722354, 0.08413464229597428, 0.33018622101026407], [0.24260668319100145, 0.2571375522607503, 0.21125069616727785, 0.28900506838097056], [0.2694668782205026, 0.29357955137301317, 0.1179410260577897, 0.3190125443486946], [0.28142439853629736, 0.31599183873436426, 0.03428931112653284, 0.36829445160280583], [0.14898406143870743, 0.31830271539079147, 0.3503789327452381, 0.18233429042526253], [0.14267286546491603, 0.32495929801265927, 0.3094787117641046, 0.2228891247583202], [0.3177024573240597, 0.2150580861932691, 0.047292907569962225, 0.4199465489127091], [0.2878048115196765, 0.30099647918244765, 0.06178884209330952, 0.3494098672045662], [0.21574815362649333, 0.29950043981739527, 0.2242559288641164, 0.26049547769199494], [0.2874096025511629, 0.21526821297345694, 0.1584680712637658, 0.3388541132116143], [0.2825991308988854, 0.31255594584316093, 0.06415361437410555, 0.3406913088838484], [0.2632518730173905, 0.310225113169353, 0.121560228206373, 0.3049627856068834], [0.2967067029456622, 0.2080003783349887, 0.13371309332593004, 0.36157982539341904], [0.2560186050814418, 0.33817739058098667, 0.09805125253724474, 0.3077527518003268], [0.21681269604030934, 0.3325609505589211, 0.17086503268575795, 0.2797613207150115], [0.1778263714577607, 0.3518132691401345, 0.24205734984038021, 0.22830300956172464], [0.2894779211120812, 0.22960984363664483, 0.13220277551834836, 0.34870945973292594], [0.2995531113320918, 0.29475048874396736, 0.043842417108091815, 0.36185398281584885], [0.21723391540529455, 0.2301838627719796, 0.24536743643300504, 0.3072147853897211], [0.1661189420544584, 0.3301908966645672, 0.2614426812090506, 0.24224748007192376], [0.1823467054854667, 0.30714786250004517, 0.2752033060106337, 0.23530212600385414], [0.18250958228758632, 0.26349585267624803, 0.38879939124833224, 0.16519517378783316], [0.23729442702375764, 0.3071233849580973, 0.17244083638503455, 0.28314135163311044], [0.25141318257445416, 0.39792476069150967, 0.08751933615777276, 0.2631427205762633], [0.17381082831998054, 0.27570603004955, 0.35491525543898605, 0.19556788619148321], [0.25036628731746086, 0.3079678140997415, 0.1457199873175476, 0.29594591126525005], [0.14557346267462978, 0.4601322507568094, 0.1890320587661108, 0.2052622278024499]]}, "rewritten": {"ids": ["97105760", "97106591", "97107821", "97108520", "97109080", "97109570", "97111790", "97112300", "98107210", "98109090", "98117740", "98119591", "99107660", "99108000", "99108310", "99109161", "99109740", "99111000", "99111440", "99111930", "99116500", "99121440", "100108260", "100108490", "100108580", "100108990", "100109330", "100109801", "100109980", "100112060", "100113210", "100113370", "100116500", "100120010", "101108460", "101108580", "101110740", "101111620", "101112690", "101114020", "101115190", "101116130", "102107961", "102109010", "102109840", "102110240", "102110850", "102112250", "102113210", "102113981", "102118380", "103109791", "103111830", "103111930", "103118110", "103120340", "104109311", "104111380", "104111780", "104113000", "104114740", "104116800", "105110251", "105113330", "105115250", "105115570", "105115900", "105116090", "105117431", "106114280", "106116370", "106118520", "107113550", "107113840", "107114780", "107116340", "107118520", "107118780", "107121540", "108114200", "108114270", "108115880", "108116481", "108116501", "108119330", "108120260", "108120280", "108121351", "109113881", "109114030", "109114651", "109115070", "109115220", "109116170", "109117080", "109117150", "109117630", "109119010", "109119450", "109120150", "109120560", "109121351", "109121410", "110114950", "110116170", "110116290", "110118111", "110118181", "110118701", "110118740", "110118810", "110118880", "110119030", "111114321", "111115780", "111115910", "111116040", "111116170", "111116640", "111117480", "111119300", "111120190", "111120320", "112116990", "112119610", "112119980", "112120630", "112120670", "112120700", "112120990", "112121010", "113117630", "113119340", "113119450", "113119950", "113120280", "113120601", "113120640", "113120751", "113121410", "113121950", "113122190"], "labels": [0, 1, 2, 2, 2, 0, 2, 2, 1, 1, 2, 1, 3, 2, 2, 3, 3, 2, 3, 1, 2, 2, 3, 2, 0, 2, 0, 0, 1, 2, 0, 3, 2, 0, 0, 0, 3, 3, 1, 3, 1, 2, 3, 1, 2, 3, 3, 0, 3, 1, 1, 3, 3, 3, 2, 1, 3, 3, 3, 1, 2, 1, 0, 3, 2, 0, 3, 1, 1, 3, 2, 2, 0, 3, 2, 3, 2, 1, 2, 0, 3, 3, 0, 0, 0, 1, 3, 3, 0, 1, 3, 0, 3, 0, 1, 2, 0, 3, 3, 2, 1, 0, 0, 0, 0, 2, 1, 1, 3, 3, 1, 0, 0, 1, 1, 2, 0, 0, 0, 1, 1, 3, 1, 0, 0, 0, 3, 2, 2, 2, 2, 0, 0, 3, 0, 0, 2, 0, 1, 0, 3, 1], "predicted_labels": [0, 1, 1, 1, 1, 0, 1, 1, 1, 1, 1, 1, 1, 1, 1, 1, 0, 1, 3, 1, 1, 1, 1, 1, 1, 1, 0, 3, 1, 1, 1, 1, 0, 1, 3, 0, 1, 1, 1, 1, 1, 1, 0, 1, 1, 1, 1, 3, 3, 1, 1, 1, 3, 0, 1, 3, 1, 1, 1, 1, 1, 1, 1, 3, 1, 1, 1, 1, 1, 1, 0, 3, 3, 1, 1, 1, 1, 0, 1, 1, 0, 1, 1, 1, 1, 1, 0, 0, 0, 0, 1, 1, 1, 1, 1, 1, 1, 1, 3, 3, 3, 1, 1, 1, 1, 1, 3, 1, 1, 1, 1, 1, 1, 1, 1, 1, 3, 1, 1, 1, 1, 1, 1, 1, 1, 1, 3, 1, 1, 1, 1, 1, 1, 1, 1, 3, 1, 0, 1, 1, 1, 1], "confidence_scores": [[0.2741537091047232, 0.2891247980446352, 0.11864129872111434, 0.31808019412952754], [0.24132151469612123, 0.3264011182555543, 0.17090805286561497, 0.26136931418270976], [0.2456984181551608, 0.30869349416335323, 0.15635280282023795, 0.2892552848612481], [0.2573422673941496, 0.2962330079055344, 0.1600024296306009, 0.2864222950697151], [0.19700443350304167, 0.3351656227582537, 0.194723540155681, 0.27310640358302374], [0.2843698929834788, 0.27197263936674904, 0.12184901678635145, 0.3218084508634206], [0.21148912845714454, 0.29266390633753403, 0.2461209731875515, 0.24972599201776982], [0.19356658480072125, 0.33394173285167106, 0.2312914368404682, 0.24120024550713914], [0.21925639816065687, 0.3358903013776557, 0.21509339974057975, 0.22975990072110747], [0.2423424081163022, 0.28392292849318473, 0.19855432419038727, 0.2751803392001259], [0.2561553972220592, 0.3027894300617696, 0.14546730153682944, 0.2955878711793417], [0.2073698069064963, 0.31188259328280044, 0.24411580704858818, 0.23663179276211493], [0.24227542983795683, 0.3096419756492815, 0.17159672024739142, 0.2764858742653701], [0.2121653544286044, 0.3215934553451595, 0.207814589226627, 0.2584266009996096], [0.19131450526503055, 0.3699576967720035, 0.23032634003938274, 0.20840145792358294], [0.239930884551984, 0.27574362685717113, 0.22243942996837804, 0.2618860586224669], [0.23496994203163538, 0.2742524635522986, 0.22720421169546967, 0.26357338272059644], [0.20457066994071194, 0.35212065564647477, 0.20004735335429286, 0.24326132105852077], [0.2286229801889254, 0.29799558006017723, 0.1843604209836359, 0.28902101876726133], [0.21257666430494968, 0.32397633683139254, 0.2327240578234562, 0.23072294104020175], [0.16324966345843187, 0.31544776660297247, 0.3053120732798344, 0.21599049665876144], [0.18342717222298993, 0.3028298309394646, 0.2975470601104693, 0.21619593672707602], [0.20993910503645521, 0.3713305760882342, 0.19369866599999572, 0.22503165287531482], [0.20482787425060417, 0.3034552139294307, 0.2778873361096707, 0.21382957571029432], [0.24563892440826574, 0.29962052563841246, 0.2054639045493138, 0.24927664540400818], [0.20499402213285803, 0.3263596272892346, 0.2130541749684377, 0.2555921756094696], [0.27372750622136593, 0.27080399550195816, 0.1415620755052914, 0.3139064227713846], [0.24779963822720635, 0.2800207546841293, 0.15963826933282066, 0.3125413377558438], [0.24609266726223863, 0.31193670779358407, 0.16939734349603336, 0.2725732814481438], [0.22181370261425631, 0.3023314918639712, 0.23780204604766914, 0.23805275947410337], [0.188324578875284, 0.35684808775686866, 0.22363081390745504, 0.23119651946039227], [0.19743691206553896, 0.2771153661435391, 0.30421281639199294, 0.22123490539892873], [0.23222121249302657, 0.28409436832530466, 0.2687088625523819, 0.21497555662928658], [0.190527093641451, 0.28519688441569213, 0.3323533907059033, 0.19192263123695352], [0.23748281034512073, 0.2789399084939809, 0.20100556967959635, 0.2825717114813017], [0.26573958331888464, 0.2217511624692425, 0.22979941724212385, 0.2827098369697487], [0.18836532831598193, 0.3510126221411822, 0.2539207196585026, 0.206701329884333], [0.23588307056327734, 0.3167916449007054, 0.15856995132882595, 0.28875533320719127], [0.19173362645710612, 0.3012002849033431, 0.24338663350189277, 0.26367945513765817], [0.2200462273801595, 0.3127863783537378, 0.21998834304735224, 0.2471790512187508], [0.19544139690812462, 0.3052308573935642, 0.2626389093112563, 0.23668883638705504], [0.1873373627273599, 0.30473342901742784, 0.2585055748555478, 0.2494236333996644], [0.2658134731012539, 0.2794229031336748, 0.1803192741707099, 0.27444434959436137], [0.1845673026664555, 0.2927461357739586, 0.30830508959190944, 0.21438147196767632], [0.19421849363855317, 0.34457089263097174, 0.23728949465798596, 0.2239211190724889], [0.24744193065488443, 0.3067724742335441, 0.17498325341696697, 0.27080234169460476], [0.15118723424257433, 0.32289915106974, 0.2971360512145646, 0.2287775634731214], [0.26623187416439387, 0.267689958063997, 0.1491648439233565, 0.31691332384825255], [0.21146607322011574, 0.2894781768582611, 0.2233827060934384, 0.27567304382818497], [0.24644364076673395, 0.3250453165754662, 0.15199997568901205, 0.27651106696878774], [0.22656827620797276, 0.29892252545964454, 0.21065565671487999, 0.26385354161750285], [0.22365484363416832, 0.31863072887747573, 0.2361052016593196, 0.22160922582903608], [0.18448794132243265, 0.24253128842265118, 0.3602013176491873, 0.21277945260572861], [0.2620315863105952, 0.2970903488756476, 0.15349360015243307, 0.28738446466132406], [0.16787460059221795, 0.3357141378401936, 0.28389667924631545, 0.21251458232127282], [0.19758975644887825, 0.26447057889531267, 0.28763140143573396, 0.250308263220075], [0.2569597978574997, 0.29435013036681934, 0.1584495366178828, 0.2902405351577979], [0.23941569369981153, 0.3299465839003877, 0.1447571045717746, 0.28588061782802593], [0.22746116862837518, 0.3407406504712839, 0.18317789496302606, 0.2486202859373148], [0.27348564014960675, 0.3171973471242199, 0.09483538304209349, 0.31448162968408017], [0.23161787662208572, 0.317211160946862, 0.17432392913117603, 0.2768470332998761], [0.20758253414928374, 0.3360691857977172, 0.20339503903253947, 0.2529532410204596], [0.2538105016146751, 0.3074301290494488, 0.14539448052495701, 0.29336488881091927], [0.2084489899316478, 0.28675964972998613, 0.23340015134678593, 0.27139120899158026], [0.1609413952637653, 0.33900992048672607, 0.28843216547233763, 0.2116165187771708], [0.20115277425666508, 0.3411353190241685, 0.19449999192601145, 0.26321191479315525], [0.24267033592428577, 0.29545558655968246, 0.1915019483820208, 0.27037212913401126], [0.17805781392188477, 0.3602090442241954, 0.22914362085696952, 0.23258952099694977], [0.20003343526793577, 0.30585862810795106, 0.2918627682410544, 0.20224516838305862], [0.186907738797554, 0.33948597973930744, 0.24348150628005588, 0.23012477518308255], [0.25595653320673445, 0.2702387365321512, 0.18090267727100312, 0.2929020529901113], [0.20131725772813241, 0.27390189128917436, 0.2652701290058911, 0.25951072197680225], [0.2728205205014993, 0.2490738961737117, 0.15694158094554794, 0.3211640023792411], [0.24913342904159302, 0.3476128147034455, 0.11821443222613666, 0.28503932402882487], [0.17231134768567583, 0.3341402034989744, 0.2549789650473341, 0.23856948376801584], [0.19603946219495888, 0.3209826348953003, 0.22235972722714983, 0.26061817568259094], [0.22372468482026597, 0.34477870824730744, 0.14332707166854455, 0.2881695352638822], [0.2518479358255253, 0.2956600528835865, 0.18575345107281552, 0.2667385602180727], [0.17570747952256904, 0.31679478916058956, 0.29016798469034893, 0.21732974662649254], [0.2098624745061982, 0.34831016610816984, 0.16862509781430737, 0.2732022615713247], [0.2782485837545846, 0.2958729929789031, 0.10096607693276512, 0.3249123463337471], [0.2046045069394063, 0.3059477794433404, 0.26349411294944436, 0.22595360066780926], [0.21916416924714407, 0.31407243803833884, 0.1966770898421459, 0.2700863028723714], [0.19262045758418628, 0.32636751930815655, 0.2105217400136157, 0.27049028309404133], [0.2555286464176568, 0.2886194473521833, 0.16534013384613544, 0.2905117723840244], [0.23956847539716364, 0.35291766549286285, 0.11884667011587116, 0.28866718899410226], [0.2890691390861458, 0.21485049861775424, 0.14215146574111612, 0.3539288965549839], [0.2625453379161934, 0.28391470185101686, 0.17460747015832853, 0.2789324900744609], [0.2744212083271901, 0.2768067952127582, 0.13680451296389431, 0.3119674834961574], [0.26650954709224595, 0.30167828868105123, 0.17091570349597712, 0.2608964607307254], [0.20361601530760584, 0.29554737117379276, 0.2512647839551877, 0.24957182956341362], [0.20787240981139746, 0.3455995549587963, 0.18952833669224775, 0.25699969853755844], [0.22811953984385316, 0.3058847742342717, 0.19043850970296988, 0.27555717621890496], [0.22815374500341445, 0.3177888487332114, 0.16620234374163972, 0.2878550625217345], [0.17695658825638078, 0.3789039087374245, 0.22784097199652723, 0.2162985310096673], [0.20089247330441812, 0.38709108141991716, 0.1961554648925136, 0.2158609803831511], [0.2411944646955105, 0.28634460771571163, 0.19053269188895944, 0.2819282356998181], [0.18694011452640671, 0.3372631780946315, 0.22676333339230706, 0.24903337398665454], [0.1923999533622626, 0.2706792090218584, 0.2853458205791803, 0.25157501703669893], [0.1869615795005538, 0.2552489530942679, 0.3124599428628442, 0.245329524542334], [0.17996533882015736, 0.2668267354844176, 0.29523407310642164, 0.25797385258900335], [0.25166132058654755, 0.3622909021187734, 0.11843008065907108, 0.2676176966356082], [0.1956253913007105, 0.3680377869196086, 0.16299082906325643, 0.2733459927164247], [0.24108884607096706, 0.3243162056620587, 0.15882560908367366, 0.2757693391833008], [0.2450963682746406, 0.3107792901550886, 0.16146642361859914, 0.2826579179516716], [0.2474602003002499, 0.3140429698945757, 0.15057230676226824, 0.2879245230429064], [0.2338237787938171, 0.2556225870053849, 0.24952337576458555, 0.26103025843621236], [0.22542516419780703, 0.2988746383242551, 0.21492745977785047, 0.2607727377000872], [0.26483338407240553, 0.3571220867009846, 0.07431528219993028, 0.30372924702667947], [0.22519319352670011, 0.30123268645687346, 0.21194073497790578, 0.26163338503852035], [0.21657927277394273, 0.33332331729581693, 0.20626657573297133, 0.24383083419726864], [0.2580941699053966, 0.36334625175161467, 0.08281379770182153, 0.295745780641167], [0.2122672371856417, 0.3162974147998777, 0.21674465580071364, 0.2546906922137669], [0.17874700393551934, 0.3459283303940209, 0.22053691402926212, 0.2547877516411978], [0.19428960142977933, 0.30730301767258, 0.24445547426433353, 0.25395190663330697], [0.19400243983305787, 0.31590512982852553, 0.2696925733980672, 0.22039985694034941], [0.2926657428864932, 0.27274430541941347, 0.07944304596368298, 0.3551469057304101], [0.2486294541632531, 0.3196536967879526, 0.15139876994314339, 0.28031807910565093], [0.21224557150901824, 0.31107363649737674, 0.2158372920871731, 0.26084349990643185], [0.185458857954396, 0.35186744374974405, 0.2195345903470068, 0.2431391079488531], [0.21405566863979578, 0.2929961094563789, 0.2281934516924552, 0.26475477021137017], [0.18277603229425232, 0.3217386238006228, 0.23909727965480568, 0.25638806425031924], [0.22660210130589323, 0.2960667231446624, 0.22459528506281531, 0.2527358904866291], [0.2144130070792308, 0.2942148431528528, 0.221290533242495, 0.2700816165254215], [0.15785777788778163, 0.3702188894024269, 0.2778913744389404, 0.19403195827085098], [0.212766647839403, 0.38016543844629463, 0.16717516517630093, 0.23989274853800133], [0.27429041316675645, 0.27436731825672356, 0.11400079753624823, 0.3373414710402717], [0.16110098000670278, 0.3450448683611455, 0.2884571710754326, 0.20539698055671896], [0.2425972141585721, 0.34721397101562107, 0.134472653958619, 0.27571616086718775], [0.174998644114545, 0.317355758893405, 0.2798507617745393, 0.22779483521751046], [0.17973734361496677, 0.3184676213963388, 0.25496876950309816, 0.24682626548559597], [0.22894814809269365, 0.3226604593231872, 0.186478289815637, 0.26191310276848223], [0.26929303172233376, 0.3190322869470999, 0.09314693760980025, 0.31852774372076625], [0.23750329786805371, 0.3476087286907509, 0.1384896797426579, 0.2763982936985376], [0.24863800449470555, 0.3109111903609164, 0.15625546493547876, 0.2841953402088994], [0.26838022502529163, 0.2437847548363954, 0.1654607240937242, 0.32237429604458934], [0.22273834953481975, 0.34342401953940505, 0.1871042886617029, 0.2467333422640727], [0.27977225689933427, 0.3063729392075982, 0.0773025731392075, 0.33655223075385954], [0.1918895713760434, 0.3041430009211298, 0.25629615400087147, 0.24767127370195544], [0.23551133309239625, 0.33945362035631554, 0.13809913519903966, 0.2869359113522485], [0.2339376712637474, 0.32783121144175303, 0.1443781083682029, 0.29385300892629646], [0.19772174613796112, 0.3358304247781524, 0.2201878594247837, 0.24625996965910335]]}}