{"test": {"ids": ["99109860", "108115880", "103110050", "101110150", "112116501", "98113881", "105116090", "99109141", "113118490", "112120630", "105110091", "110118740", "111120260", "97108520", "97112290", "97105760", "105116650", "105118171", "111119950", "112116451", "110121450", "112117790", "109115380", "111119340", "110118930", "111121220", "102113981", "104114230", "112116640", "101108500", "107116980", "99108520", "108120280", "109116441", "112121010", "104114240", "107113200", "104112470", "98106111", "110118111", "103111540", "98120530", "112117431", "100109000", "109119010", "99119830", "106118301", "111116530", "113120531", "97111790", "100108520", "107121540", "106112770", "99112531", "106118161", "100109890", "105113330", "100109980", "113122510", "103118110", "105113190", "113118870", "107115250", "105118740", "112118930", "111116100", "98111231", "105110251", "99112641", "98119591", "111121190", "111119290", "106114150", "100111390", "100109801", "109116750", "112118701", "109116170", "108116120", "112119610", "112117210", "110121170", "111116640", "113121410", "103111620", "108114200", "97107821", "112119320", "107121640", "108114670", "112118161", "97105960", "109119591", "111117480", "112120700", "112121030", "112117030", "110120190", "104113170", "110113931", "109117150", "104114740", "108115970", "102121440", "105112260", "105116860", "113118111", "106115240", "100109360", "98116090", "107115140", "102116500", "110116300", "111116110", "103113210", "109117431", "100107920", "109117730", "101115190", "101110200", "103111930", "100111080", "112116880", "101116130", "112118860", "103111990", "101119030", "107119390", "108115870", "108118520", "108114040", "107119130", "109120621", "111120640", "111120280", "97116410", "113121220", "112116800", "105112130", "104119340", "98110230", "101111620"], "labels": [2, 3, 3, 1, 3, 3, 1, 3, 1, 3, 0, 3, 3, 2, 1, 0, 1, 3, 0, 0, 3, 3, 3, 3, 1, 3, 1, 2, 0, 3, 3, 2, 3, 3, 2, 0, 0, 1, 0, 1, 1, 1, 0, 1, 3, 1, 1, 3, 0, 2, 2, 2, 1, 3, 3, 3, 3, 1, 2, 2, 3, 0, 2, 1, 1, 3, 1, 0, 1, 1, 1, 3, 1, 2, 0, 0, 0, 0, 1, 0, 1, 2, 0, 0, 0, 0, 2, 1, 1, 3, 0, 2, 0, 1, 2, 0, 2, 3, 3, 1, 2, 2, 2, 2, 3, 2, 1, 1, 0, 0, 0, 1, 3, 3, 3, 1, 0, 3, 1, 2, 3, 0, 0, 2, 3, 2, 3, 2, 3, 0, 0, 1, 1, 0, 0, 3, 3, 0, 1, 1, 3, 3], "predicted_labels": [1, 1, 1, 1, 3, 1, 3, 1, 0, 0, 2, 3, 0, 1, 3, 3, 1, 3, 3, 0, 1, 0, 1, 3, 3, 3, 1, 1, 3, 1, 0, 2, 0, 0, 0, 1, 0, 3, 1, 0, 3, 3, 0, 1, 3, 3, 0, 1, 3, 3, 3, 3, 3, 3, 1, 2, 0, 1, 2, 3, 0, 1, 1, 3, 3, 1, 0, 1, 0, 0, 3, 3, 0, 3, 1, 1, 1, 3, 0, 1, 2, 3, 1, 3, 1, 0, 1, 2, 0, 1, 0, 3, 1, 3, 1, 0, 3, 3, 1, 1, 1, 1, 0, 1, 1, 1, 3, 0, 3, 1, 3, 2, 1, 3, 1, 1, 3, 0, 2, 1, 1, 2, 1, 3, 1, 0, 0, 2, 3, 2, 0, 3, 3, 0, 3, 1, 3, 1, 3, 3, 3, 0], "confidence_scores": [[0.15761275058342336, 0.32355860184186197, 0.27795192143667136, 0.24087672613804356], [0.25362282388294793, 0.3189050516841434, 0.1554940406510019, 0.2719780837819071], [0.1509653370475381, 0.358441210604725, 0.21893182502729897, 0.2716616273204381], [0.2609916641075166, 0.32278354893119815, 0.12835269254810536, 0.28787209441317996], [0.2051740670005216, 0.294463737697258, 0.17695089083745802, 0.3234113044647622], [0.22389975249762817, 0.3111168276382737, 0.21273943904731968, 0.2522439808167786], [0.2525861170298266, 0.26214506735074794, 0.1868679831630919, 0.2984008324563334], [0.27730347292377716, 0.30412063397890904, 0.16126552545345094, 0.25731036764386295], [0.30009208553585437, 0.281511577633157, 0.1447544094537664, 0.2736419273772219], [0.30333210159902746, 0.2779190217701801, 0.12146985411058447, 0.29727902252020794], [0.16647451039870328, 0.2940135256115069, 0.2848617010386809, 0.2546502629511088], [0.3185887761096961, 0.24344801098642635, 0.13131151503310426, 0.30665169787077345], [0.33291746234462566, 0.3007411224221782, 0.11145190579933792, 0.2548895094338582], [0.2527741736017865, 0.2916535436717846, 0.18956236651090685, 0.2660099162155218], [0.2957430122098088, 0.2862392614579054, 0.1075771845060488, 0.31044054182623676], [0.24763014598077487, 0.26367403533328615, 0.17704272342097568, 0.31165309526496326], [0.22893239078793984, 0.2881252108161258, 0.23197454597536882, 0.25096785242056563], [0.2829960040749174, 0.29748061419582594, 0.09902201704454791, 0.3205013646847086], [0.28567749265779124, 0.2632747669865805, 0.13298656858604072, 0.3180611717695875], [0.3414430362227441, 0.29150191688969695, 0.10586304174730221, 0.26119200514025687], [0.2900884035978509, 0.31210345551912794, 0.11157495575239763, 0.2862331851306231], [0.3139368643735632, 0.2471726216418772, 0.14284903714519323, 0.2960414768393665], [0.2226503991217157, 0.31472404401351156, 0.17353042566451643, 0.28909513120025654], [0.29595274091093277, 0.27928418549011685, 0.11233381431573988, 0.31242925928321047], [0.22563174235315053, 0.29243522504226216, 0.18400780193455782, 0.2979252306700295], [0.3134923598893315, 0.26900519242222143, 0.06596025797088155, 0.3515421897175657], [0.20831055695595088, 0.3510684106375035, 0.18651531274890032, 0.2541057196576456], [0.20953317775170463, 0.3211522757848827, 0.19647422974904682, 0.27284031671436565], [0.32001035605447203, 0.25615850185623223, 0.11079423075081664, 0.31303691133847905], [0.24081600038026774, 0.29046343743157216, 0.19700351406821698, 0.2717170481199432], [0.3939305661417803, 0.27461801789808604, 0.08503454763590822, 0.24641686832422538], [0.1237589491893829, 0.31102269038458474, 0.40437762298372587, 0.16084073744230665], [0.31363846933567063, 0.23828032099944943, 0.15028863925605504, 0.2977925704088249], [0.3107872115873367, 0.3055614357095447, 0.08661957535054587, 0.2970317773525727], [0.296714279459752, 0.290301627224269, 0.11394320766394782, 0.2990408856520313], [0.22603175964886646, 0.29824160563373076, 0.22643374490763873, 0.2492928898097638], [0.28558806880486537, 0.2818566551641566, 0.14827878029430755, 0.28427649573667035], [0.20030250002082203, 0.28196466225541766, 0.19452779603664322, 0.323205041687117], [0.25165978408109074, 0.29139643542100097, 0.1901410219804394, 0.2668027585174686], [0.3081219485853759, 0.30032277583238076, 0.0850872717750098, 0.3064680038072333], [0.2363488487034531, 0.272677426849138, 0.21359863708535776, 0.2773750873620509], [0.2932755232794837, 0.2892830250951957, 0.102328997070079, 0.3151124545552418], [0.3331221433465435, 0.24055079553039577, 0.16422938437924625, 0.26209767674381457], [0.25008867272288415, 0.3033998819451334, 0.20596899007470265, 0.24054245525728], [0.2089933436591696, 0.28960134365103646, 0.20805586490890762, 0.2933494477808861], [0.16325390693836597, 0.32043463687991874, 0.2199539460698644, 0.296357510111851], [0.32590101844861075, 0.2757460416519873, 0.08674774138951682, 0.31160519850988505], [0.24938483563851951, 0.3194879794613922, 0.16570368487384732, 0.2654235000262408], [0.25948995681099063, 0.3285247823781577, 0.06974250702073277, 0.3422427537901188], [0.2510876633365573, 0.27622387209768734, 0.13352071825339415, 0.3391677463123614], [0.28433357503884976, 0.23789794986511784, 0.18741135568462172, 0.2903571194114108], [0.2370562929773892, 0.2877891553783628, 0.18889312374677888, 0.2862614278974692], [0.1588935381817768, 0.2926849987541967, 0.2619951046797095, 0.286426358384317], [0.27575000608620565, 0.256768137519523, 0.1522356240441198, 0.3152462323501516], [0.21791874676806702, 0.3170443191888381, 0.1973879032555999, 0.26764903078749525], [0.2033023526605622, 0.2492621004371619, 0.30601549798765165, 0.24142004891462418], [0.3885816365195447, 0.2216347100059667, 0.08333052109644513, 0.30645313237804356], [0.20886057537735347, 0.30616546529244365, 0.23068243235239155, 0.25429152697781127], [0.22288008861497943, 0.2897521797602417, 0.2675891231752481, 0.219778608449531], [0.2242531254870634, 0.24446421435271046, 0.20032955276448633, 0.3309531073957401], [0.32884430105621776, 0.24716255138997717, 0.11029645684464165, 0.3136966907091635], [0.24569228868085094, 0.3211843376440192, 0.13518932194439343, 0.29793405173073617], [0.23836079435856858, 0.27787727911038307, 0.2266112839776681, 0.25715064255338005], [0.2519061484886174, 0.28444627875419143, 0.14153987178057467, 0.3221077009766165], [0.26566058407068355, 0.26430421341238386, 0.13790181199948992, 0.33213339051744256], [0.2694762347399944, 0.32441342424143493, 0.11323116304690727, 0.29287917797166346], [0.3230808565841386, 0.26683782684303325, 0.12850450675784958, 0.2815768098149783], [0.269356583385268, 0.3106203645128209, 0.12324356151373486, 0.29677949058817593], [0.3444415872122346, 0.24606200147949434, 0.1452005471500295, 0.2642958641582415], [0.2709034365377113, 0.2713515220709607, 0.1819188908056035, 0.27582615058572435], [0.28754099748424033, 0.2628086850075663, 0.11759548757609141, 0.33205482993210195], [0.19092187718963163, 0.30989068951948745, 0.192002422920465, 0.3071850103704157], [0.2827003543119175, 0.278215402460936, 0.16927187599422003, 0.2698123672329263], [0.25879440311999274, 0.2811010681816049, 0.125787080474153, 0.33431744822424947], [0.24024580007138538, 0.29022903248633913, 0.18551109901875437, 0.2840140684235212], [0.25392159479370957, 0.29783546032162167, 0.21477582668440973, 0.23346711820025914], [0.25369065233493776, 0.30397754944785965, 0.15782852986026533, 0.28450326835693696], [0.21343528186802574, 0.3174107018268183, 0.13576209869385122, 0.3333919176113048], [0.37529035430346513, 0.2070264931259268, 0.14513382848616355, 0.27254932408444493], [0.22220828180864935, 0.3150698213982813, 0.18390831153569873, 0.27881358525737093], [0.17067766810834173, 0.2894556326765754, 0.3107775398660631, 0.22908915934901958], [0.20693793195074234, 0.26995176756559736, 0.23148121212106387, 0.2916290883625963], [0.23245910877559955, 0.3237703205403321, 0.23139038761349137, 0.21238018307057704], [0.29965569707047957, 0.25139766355135507, 0.06377567869355182, 0.3851709606846137], [0.17915286353806778, 0.31451045230670166, 0.3166123870299746, 0.1897242971252558], [0.33254715315615274, 0.27748317355495294, 0.1487838586444134, 0.2411858146444811], [0.28101303042434495, 0.296270768399859, 0.15712364385686062, 0.2655925573189355], [0.09769059160545242, 0.2980854452431028, 0.3866429395878146, 0.21758102356363], [0.28421635295218484, 0.23745429254963193, 0.232218766827462, 0.2461105876707212], [0.21535879191852386, 0.3141828128423775, 0.2275583893275474, 0.24290000591155136], [0.31456323546437565, 0.2851383658073345, 0.11783937599718848, 0.28245902273110157], [0.18854446630503022, 0.269022369631689, 0.25184706950791624, 0.2905860945553644], [0.22995938699490354, 0.32975868310598905, 0.17782995358147852, 0.2624519763176289], [0.2811630722681297, 0.2896559379299518, 0.11871963067862479, 0.3104613591232938], [0.15685856833913, 0.3266727117721285, 0.22361155268964766, 0.29285716719909377], [0.354741772324572, 0.23881845946735558, 0.1507827940138054, 0.2556569741942674], [0.2276461825059169, 0.279750341785092, 0.16601425786300672, 0.32658921784598455], [0.2982489582722536, 0.25914469387005423, 0.12148448228302336, 0.32112186557466876], [0.16719894803565008, 0.3181133106409926, 0.22636577071209774, 0.2883219706112596], [0.26736004771879923, 0.35337315946290965, 0.11148277989623898, 0.2677840129220522], [0.2412154907416813, 0.30162854610416545, 0.1724133894899954, 0.2847425736641579], [0.19729042164362287, 0.3131514427610833, 0.24430817440827146, 0.24524996118702205], [0.28863009968333847, 0.2966232215308958, 0.11950496821572879, 0.29524171057003734], [0.14957581456431032, 0.31769762537023477, 0.26036782946014075, 0.2723587306053141], [0.20150873343695472, 0.3158086509018186, 0.18774136599886143, 0.2949412496623653], [0.2614020972451103, 0.307202720677585, 0.15913386579490063, 0.2722613162824038], [0.25341419354110084, 0.28539281367599556, 0.16244842243031274, 0.2987445703525911], [0.32202284636269285, 0.29030064743370965, 0.10047364881573599, 0.2872028573878615], [0.2790873181270199, 0.25191075701045273, 0.13393553778782782, 0.3350663870746993], [0.21088720184984974, 0.33528437690785756, 0.21499712295004902, 0.2388312982922438], [0.30473769383468435, 0.2169555812153103, 0.13568958578364196, 0.342617139166363], [0.24143146278888142, 0.2495821899711454, 0.25664727964295386, 0.25233906759701946], [0.23927189870513688, 0.3253043151886643, 0.14836963286393817, 0.28705415324226013], [0.22377572802427298, 0.25386047628837777, 0.23618612239660522, 0.28617767329074395], [0.2564138326254212, 0.2829946011465576, 0.21132799105179526, 0.2492635751762257], [0.2765009765670317, 0.29957297512543535, 0.12314217489447998, 0.3007838734130532], [0.2724660903263226, 0.2818531628360911, 0.12190001740387842, 0.32378072943370784], [0.3727200766374368, 0.25418800163293676, 0.1071258024942449, 0.26596611923538194], [0.1443743574801001, 0.30893287528422153, 0.29124569000871553, 0.25544707722696286], [0.18420359873201603, 0.37155466344033583, 0.14231634594324236, 0.30192539188440554], [0.21399357343314762, 0.338422082203414, 0.19102350057865586, 0.2565608437847826], [0.20820569866237512, 0.27403828076045367, 0.2724109662258731, 0.24534505435129844], [0.22640449936836016, 0.27528936933311005, 0.22620501119258613, 0.27210112010594384], [0.23876124502410787, 0.26490774793007815, 0.18590598767191524, 0.31042501937389894], [0.2542337474159311, 0.2944101307770506, 0.1763935517043198, 0.27496257010269853], [0.29952257581522856, 0.27831314469163004, 0.12362959979231514, 0.2985346797008261], [0.33559159576447584, 0.27584366371034486, 0.10077815426507497, 0.28778658626010445], [0.16890685262140548, 0.27805434059663503, 0.3320351977043634, 0.22100360907759595], [0.270793581251392, 0.27380014728607466, 0.12177112068001464, 0.3336351507825187], [0.18750056582279342, 0.29807514853577105, 0.2710753369558318, 0.2433489486856036], [0.28210023000731443, 0.28297686679490186, 0.17834596933276256, 0.2565769338650211], [0.30998560264702013, 0.2919926561370044, 0.06983059028177803, 0.32819115093419726], [0.3019088644584905, 0.26161524582741774, 0.09603914317238353, 0.34043674654170786], [0.3065327630649065, 0.268727682011277, 0.16778337575697774, 0.2569561791668388], [0.284215516229629, 0.28270584947268146, 0.07713150076451829, 0.3559471335331713], [0.22195152814480126, 0.2918580681376996, 0.21757250793932909, 0.26861789577817013], [0.2171408214172188, 0.2765746556228619, 0.162953378002573, 0.34333114495734635], [0.24965469360225306, 0.3262494074247647, 0.13629218046801383, 0.2878037185049679], [0.20926302240757433, 0.2899199004956425, 0.1985498793091012, 0.30226719778768174], [0.26193970179680615, 0.2817700220778319, 0.12609227623613858, 0.3301979998892233], [0.2900345511754468, 0.28862437661384827, 0.12028508685116357, 0.3010559853595416], [0.3058844531441749, 0.22488407217300274, 0.186024354752732, 0.2832071199300905]]}, "rewritten": {"ids": ["97105760", "97105960", "97107821", "97108520", "97111790", "97112290", "97116410", "98106111", "98110230", "98111231", "98113881", "98116090", "98119591", "98120530", "99108520", "99109141", "99109860", "99112531", "99112641", "99119830", "100107920", "100108520", "100109000", "100109360", "100109801", "100109890", "100109980", "100111080", "100111390", "101108500", "101110150", "101110200", "101111620", "101115190", "101116130", "101119030", "102113981", "102116500", "102121440", "103110050", "103111540", "103111620", "103111930", "103111990", "103113210", "103118110", "104112470", "104113170", "104114230", "104114240", "104114740", "104119340", "105110091", "105110251", "105112130", "105112260", "105113190", "105113330", "105116090", "105116650", "105116860", "105118171", "105118740", "106112770", "106114150", "106115240", "106118161", "106118301", "107113200", "107115140", "107115250", "107116980", "107119130", "107119390", "107121540", "107121640", "108114040", "108114200", "108114670", "108115870", "108115880", "108115970", "108116120", "108118520", "108120280", "109115380", "109116170", "109116441", "109116750", "109117150", "109117431", "109117730", "109119010", "109119591", "109120621", "110113931", "110116300", "110118111", "110118740", "110118930", "110120190", "110121170", "110121450", "111116100", "111116110", "111116530", "111116640", "111117480", "111119290", "111119340", "111119950", "111120260", "111120280", "111120640", "111121190", "111121220", "112116451", "112116501", "112116640", "112116800", "112116880", "112117030", "112117210", "112117431", "112117790", "112118161", "112118701", "112118860", "112118930", "112119320", "112119610", "112120630", "112120700", "112121010", "112121030", "113118111", "113118490", "113118870", "113120531", "113121220", "113121410", "113122510"], "labels": [0, 2, 2, 2, 2, 1, 3, 0, 3, 1, 3, 0, 1, 1, 2, 3, 2, 3, 1, 1, 0, 2, 1, 0, 0, 3, 1, 0, 2, 3, 1, 2, 3, 1, 2, 3, 1, 1, 2, 3, 1, 0, 3, 2, 3, 2, 1, 3, 2, 0, 2, 1, 0, 0, 1, 3, 3, 3, 1, 1, 2, 3, 1, 1, 1, 1, 3, 1, 0, 0, 2, 3, 1, 2, 2, 1, 0, 0, 3, 3, 3, 2, 1, 0, 3, 3, 0, 3, 0, 2, 1, 3, 3, 0, 1, 1, 3, 1, 3, 1, 3, 2, 3, 3, 3, 3, 0, 1, 3, 3, 0, 3, 0, 0, 1, 3, 0, 3, 0, 0, 0, 2, 1, 0, 3, 0, 0, 3, 1, 1, 0, 3, 2, 2, 0, 1, 1, 0, 0, 3, 0, 2], "predicted_labels": [2, 3, 1, 1, 3, 1, 1, 1, 1, 0, 1, 1, 1, 3, 2, 1, 1, 3, 0, 3, 3, 3, 0, 3, 1, 2, 0, 2, 3, 1, 1, 1, 0, 2, 3, 0, 1, 2, 1, 1, 3, 1, 1, 1, 1, 3, 3, 1, 1, 1, 1, 3, 2, 3, 1, 1, 0, 0, 3, 1, 1, 1, 3, 1, 2, 0, 1, 0, 0, 3, 2, 0, 3, 2, 1, 2, 3, 0, 1, 3, 1, 1, 0, 2, 0, 1, 3, 0, 1, 1, 1, 0, 3, 1, 3, 1, 1, 1, 0, 3, 3, 3, 1, 1, 2, 1, 1, 3, 1, 3, 3, 0, 3, 0, 3, 3, 0, 3, 0, 1, 1, 3, 2, 0, 3, 1, 1, 1, 3, 2, 1, 3, 1, 1, 0, 3, 0, 1, 1, 3, 3, 1], "confidence_scores": [[0.17332567709484656, 0.28623398607469835, 0.3007728761331301, 0.23966746069732506], [0.18041258215871459, 0.2769927404099174, 0.25175048347157974, 0.2908441939597883], [0.28274986897197096, 0.2959374622125778, 0.1505501740415606, 0.2707624947738905], [0.24232867942849393, 0.2931546274294272, 0.21726028288508165, 0.2472564102569973], [0.23440602426394566, 0.28246502064258006, 0.18074014250601628, 0.302388812587458], [0.25172600250293636, 0.3012653458440956, 0.15163626843348374, 0.29537238321948434], [0.2075628715971768, 0.30270695037082856, 0.23654434115305348, 0.25318583687894153], [0.20616013667687802, 0.30013959588951267, 0.260314461869664, 0.23338580556394525], [0.25974483419647915, 0.30312264375783066, 0.14345849688895185, 0.2936740251567383], [0.3099852149519178, 0.26899652388302314, 0.14987022756765275, 0.271148033597406], [0.21433979958133478, 0.29217201607079274, 0.23703401579217648, 0.25645416855569575], [0.21772495970647704, 0.33367292707996726, 0.21558006899176452, 0.2330220442217912], [0.21680642440128212, 0.306178585346837, 0.21290231408270996, 0.26411267616917106], [0.2904360478655358, 0.2904788015679616, 0.10240056691678757, 0.31668458364971486], [0.12012609471019138, 0.3167044757872335, 0.3968165771121372, 0.16635285239043834], [0.23135319333950707, 0.321006663971618, 0.1931563205467223, 0.25448382214215265], [0.16566772351496273, 0.3236125897064848, 0.27906323326633803, 0.23165645351221434], [0.25373589889614767, 0.27010550816884876, 0.16289324516060863, 0.3132653477743949], [0.30554245248939466, 0.2618093966956193, 0.1722102296693734, 0.2604379211456124], [0.17448875984335502, 0.3150575714807797, 0.22163793979303947, 0.2888157288828256], [0.2699040704333703, 0.2791384496585008, 0.133732780140029, 0.31722469976809964], [0.28533010859824465, 0.24805711307183761, 0.18242899603616744, 0.28418378229375046], [0.25122910083844313, 0.2811543921477183, 0.2288832620455892, 0.23873324496824902], [0.27028170217796416, 0.25313434404119944, 0.1497354660735631, 0.32684848770727326], [0.22909033982550453, 0.28911520233781746, 0.20784227720090573, 0.2739521806357723], [0.2172601235980129, 0.2575004496993641, 0.2913541761012254, 0.23388525060139786], [0.2702529208091662, 0.253344544108208, 0.24900953487930355, 0.22739300020332243], [0.22020799550129144, 0.28126699549331596, 0.279230106976033, 0.21929490202935945], [0.26670315473110706, 0.27798784353266526, 0.15512117677658838, 0.30018782495963914], [0.2355364644815254, 0.2932785339795078, 0.19926263368233813, 0.2719223678566287], [0.2542273205883601, 0.32422394799646026, 0.13540495783045234, 0.28614377358472753], [0.21303742217254018, 0.3579307898721551, 0.15223826269627677, 0.2767935252590282], [0.3067046019008507, 0.2238610764620538, 0.19927552330367757, 0.27015879833341827], [0.1391503023782574, 0.3076339399071047, 0.3026998285402587, 0.2505159291743794], [0.21387436998868628, 0.2681155620681798, 0.22910534502799704, 0.28890472291513686], [0.3349776253718438, 0.2679102074936313, 0.10898809957228703, 0.288124067562238], [0.23477135037122476, 0.34820654073948787, 0.1764950012629877, 0.2405271076262995], [0.21268555364014477, 0.262746410478347, 0.28257347958006057, 0.24199455630144776], [0.15503081449030764, 0.32326892250441114, 0.2594189453905515, 0.2622813176147297], [0.1599764554549228, 0.3520624015984476, 0.21707564462501847, 0.2708854983216112], [0.23570613244044875, 0.28108539804217897, 0.1891125708460987, 0.2940958986712736], [0.17098085098210983, 0.31887006927636063, 0.32398156316463533, 0.18616751657689395], [0.2734876924143573, 0.31882489361851835, 0.17336443300118987, 0.23432298096593493], [0.23057278375366735, 0.33033258921671893, 0.2116878865167193, 0.2274067405128945], [0.23237603244939228, 0.293141331627183, 0.23789966891910172, 0.23658296700432282], [0.21407293100075386, 0.2521483873258913, 0.25639337986228655, 0.27738530181106813], [0.19330331283025953, 0.283938410808135, 0.20893577950401498, 0.3138224968575905], [0.1552179758248501, 0.33127083709481536, 0.23901728441932113, 0.27449390266101376], [0.1679809173823897, 0.34032456722568477, 0.253244600303639, 0.2384499150882864], [0.2303276955476318, 0.2924207174397648, 0.22316443145417666, 0.2540871555584267], [0.20181297928333786, 0.3156278021386035, 0.24164620329487854, 0.24091301528317996], [0.2584406934453813, 0.279307732943478, 0.1345868339371323, 0.3276647396740083], [0.1697252617910235, 0.29415239497150836, 0.284912714461596, 0.2512096287758723], [0.24798990350905725, 0.2935881950367105, 0.15886792357545454, 0.2995539778787779], [0.17714322524303916, 0.3340721833247583, 0.20099166055777382, 0.28779293087442887], [0.2293225401173418, 0.3050199779011263, 0.18658670348444098, 0.27907077849709067], [0.3155409562841873, 0.2487490423323936, 0.12895185383250268, 0.30675814755091657], [0.3807101684101677, 0.219903276997631, 0.1065188523923913, 0.29286770219980995], [0.2515653918292835, 0.25664691024319053, 0.2023863250509317, 0.2894013728765941], [0.21514231932256683, 0.30325612476871733, 0.2439043442384782, 0.23769721167023775], [0.2481965801556604, 0.31881531335166774, 0.17695473883901439, 0.25603336765365703], [0.2634827257933493, 0.312624419511627, 0.12599746981765245, 0.2978953848773712], [0.20696071373856953, 0.29002624087864975, 0.19248130576869818, 0.31053173961408276], [0.16898689731403846, 0.30072174916965544, 0.24536863606182477, 0.2849227174544814], [0.19430059057153867, 0.2976804588282921, 0.2831597250901333, 0.2248592255100361], [0.3120107719251497, 0.3005921150242812, 0.1229352460973698, 0.2644618669531995], [0.18905256594470415, 0.3405229383594385, 0.2297685901825036, 0.24065590551335345], [0.3352879160653496, 0.2804494822811133, 0.08017734391588482, 0.30408525773765255], [0.30304816696554554, 0.275948691615237, 0.13498813862368148, 0.28601500279553604], [0.2896091281065218, 0.21962825103989927, 0.16876546256522618, 0.3219971582883525], [0.15089020531617126, 0.3014595135695276, 0.3489296298638251, 0.19872065125047567], [0.37740325080209114, 0.27145972615343317, 0.11157005068461176, 0.23956697235986396], [0.2713917475851437, 0.30967581494431196, 0.09544231829429714, 0.32349011917624776], [0.18061034712695906, 0.2851200325932384, 0.3302871292123255, 0.20398249106747687], [0.19442636477348033, 0.31690452201816766, 0.2028976114591536, 0.2857715017491986], [0.23668645174288333, 0.24869904475034127, 0.269924319446004, 0.2446901840607712], [0.19862595145420014, 0.27236113831504044, 0.22665074106939592, 0.3023621691613634], [0.3282802374663613, 0.2773588185167455, 0.14335823699969408, 0.25100270701719923], [0.22837097393633332, 0.3161492727302929, 0.21887745116585655, 0.2366023021675174], [0.26733355629619526, 0.275377688462117, 0.13299852723590577, 0.3242902280057819], [0.22954570395860652, 0.3176131703926215, 0.19946158732919542, 0.2533795383195766], [0.27558849748874953, 0.30302265445767806, 0.1402395538445361, 0.2811492942090363], [0.3202985811271265, 0.23167995505601163, 0.1996469682208339, 0.2483744955960278], [0.18655493953262597, 0.29941500516811864, 0.28630560351484446, 0.22772445178441067], [0.30536135444243095, 0.2460401587699946, 0.15659658823652184, 0.29200189855105274], [0.21542291724904122, 0.31974042451233065, 0.1821494859995337, 0.28268717223909423], [0.22867038300051798, 0.3153083462944677, 0.14036912710826424, 0.3156521435967501], [0.31418910065443084, 0.30465589516361236, 0.08812577211214075, 0.29302923206981585], [0.26945053006457276, 0.3144252649947498, 0.18377551427424096, 0.2323486906664366], [0.23047239021004273, 0.30312362923777786, 0.18286863363831826, 0.2835353469138611], [0.250676637286908, 0.3095816239040628, 0.15417271016943698, 0.28556902863959194], [0.349795622600527, 0.2580809830644658, 0.1149685560349053, 0.27715483830010185], [0.22158790174589024, 0.28241240309495147, 0.21776193608634797, 0.27823775907281023], [0.22290610816477627, 0.33241002750071014, 0.17746181500597963, 0.26722204932853366], [0.21920874847232466, 0.2862019308255935, 0.19646321102585276, 0.2981261096762291], [0.27869105120873044, 0.3316367316721687, 0.1198402808631851, 0.2698319362559154], [0.2550667629493661, 0.3096044697066137, 0.15707561295495714, 0.2782531543890631], [0.28876671058721504, 0.30805487602639736, 0.12136839396031486, 0.2818100194260726], [0.3246919490717501, 0.24875166898969894, 0.13128250012689993, 0.2952738818116511], [0.2200785889487049, 0.2973738017765802, 0.19818051630928576, 0.28436709296542906], [0.31654258658178724, 0.25693673919996324, 0.10549541093813034, 0.32102526328011904], [0.19564482458938498, 0.2795587710676706, 0.2451111396089521, 0.27968526473399224], [0.30152492434159645, 0.3054304344356782, 0.1277738480465501, 0.26527079317617513], [0.27392106629289736, 0.31611063599142974, 0.12016893596956126, 0.2897993617461117], [0.21497331615214613, 0.25591213612857777, 0.2550047884664652, 0.27410975925281084], [0.18844156676146168, 0.36312019343774093, 0.21813474432392232, 0.2303034954768751], [0.2723863090868456, 0.3087176300077955, 0.1983646918602026, 0.220531369045156], [0.25363576241153685, 0.2949062900060273, 0.13664260000031891, 0.31481534758211693], [0.17459545832847795, 0.31969390217073085, 0.21065470294320351, 0.29505593655758766], [0.2842051917849672, 0.28793603972197457, 0.11004418263744499, 0.3178145858556129], [0.27992128206434747, 0.2711230487262455, 0.1594035719827131, 0.28955209722669367], [0.3430602489210478, 0.29224422392114546, 0.10040921205749957, 0.2642863151003073], [0.3009637320711274, 0.2765696807539285, 0.08026448274410922, 0.342202104430835], [0.30402818249749103, 0.2759859384171309, 0.16420401039546761, 0.25578186868991015], [0.2753228974479963, 0.2821471936354662, 0.12375766032373939, 0.31877224859279807], [0.29387907462674817, 0.28227396970315055, 0.08526191446913876, 0.33858504120096244], [0.3200810742123567, 0.3012951114943358, 0.11058392154714546, 0.26803989274616213], [0.2410002579497866, 0.2834965354625329, 0.1503724633266106, 0.3251307432610699], [0.31908685740822706, 0.2629590261117619, 0.11783466183882457, 0.3001194546411864], [0.26472532593585135, 0.2842770495511532, 0.17329362194493797, 0.27770400256805755], [0.2368009125455739, 0.29206033439926654, 0.20659621335467665, 0.26454253970048247], [0.1905896999949315, 0.2885143327745613, 0.21284712728634106, 0.30804883994416643], [0.15139843204204947, 0.2932559026374924, 0.3400251548714215, 0.21532051044903674], [0.28824782977065727, 0.2704058796083452, 0.18610642714615477, 0.25523986347484284], [0.29968487913107267, 0.2545861151124675, 0.13805016869332065, 0.307678837063139], [0.2829153588057511, 0.30442743952784623, 0.13706230495063443, 0.2755948967157682], [0.24492615553007738, 0.3081990609152702, 0.1624708213238336, 0.28440396223081876], [0.2265673581279998, 0.30535822564868764, 0.21002091380602028, 0.2580535024172923], [0.275633400990632, 0.2679759027499349, 0.12424672974713163, 0.3321439665123012], [0.11222125241647643, 0.293818949863426, 0.37165364203266793, 0.22230615568742962], [0.23814112363303755, 0.2972496296183413, 0.18674170867495501, 0.2778675380736662], [0.26090009623311977, 0.2959048794117878, 0.1397440346737066, 0.3034509896813858], [0.15997899983640204, 0.326930436165571, 0.2369404189828017, 0.2761501450152252], [0.2809382184154303, 0.2993856041369382, 0.12380186509369447, 0.2958743123539371], [0.400630836433543, 0.22388232975456632, 0.1046113990270612, 0.2708754347848295], [0.25409641541727135, 0.272711184684383, 0.17412048488487328, 0.2990719150134724], [0.30804571779040457, 0.2766550307337593, 0.15038017028683748, 0.2649190811889985], [0.25745837617463907, 0.32666555159366734, 0.12121646570799141, 0.29465960652370216], [0.23320767170393533, 0.31619626899295405, 0.15438607020813394, 0.29620998909497653], [0.23363600108539448, 0.27738321802955385, 0.15532628639211815, 0.3336544944929335], [0.2954525710927866, 0.2564904699628641, 0.06468325332039349, 0.38337370562395573], [0.22376689289167043, 0.29450446550342513, 0.2537709388576105, 0.22795770274729424]]}}