{"test": {"ids": ["113120260", "111119950", "105117351", "98116940", "111114171", "113122180", "106113260", "108118301", "107118490", "110118740", "113120070", "98111231", "99119830", "105118171", "107116501", "99111000", "104114230", "113119930", "101114990", "105115900", "109114030", "111116010", "104116800", "101108950", "112117431", "105113480", "112120670", "103113610", "111117571", "107114140", "101108621", "109120150", "106113830", "108115250", "98116500", "109116750", "97109570", "101110200", "108114220", "105111990", "105116501", "109113281", "98109311", "110114321", "113118690", "105110251", "112116880", "109114220", "111116040", "110116290", "102112170", "104116980", "110118161", "100108260", "110114561", "106118520", "108117720", "112117030", "112118471", "108121410", "104114740", "98108150", "97106820", "105113190", "113118870", "108118060", "111119150", "112119320", "112118820", "99108330", "110120540", "111119290", "102117351", "113122510", "102112301", "107120880", "104113190", "110114920", "102111990", "104111830", "105113620", "101110150", "104114410", "97109080", "110116441", "110115980", "105116650", "111120280", "104113210", "104110960", "110121500", "111118810", "108119330", "102109850", "112118530", "99105921", "111117200", "106114280", "97105451", "104113170", "110120700", "105120621", "105112260", "111121190", "105115570", "113118630", "108114670", "100109890", "104111780", "106118161", "103120340", "111121930", "106119580", "109118161", "98106680", "100109360", "107114950", "110114610", "105117431", "104112470", "104113240", "107118820", "113120640", "100117420", "99112531", "103111480", "103120290", "99111930", "99109740", "100120010", "103110050", "109113591", "112116451", "105119950", "100116790", "111115400", "111119930", "97118210", "111121220", "113120780", "105118230", "112116290"], "labels": [3, 0, 0, 2, 3, 2, 3, 1, 2, 3, 2, 1, 1, 3, 1, 2, 2, 1, 3, 3, 1, 1, 1, 2, 0, 0, 2, 2, 3, 2, 0, 2, 1, 1, 2, 0, 0, 2, 3, 2, 1, 0, 1, 1, 3, 0, 0, 3, 0, 2, 3, 1, 0, 3, 0, 2, 1, 2, 1, 0, 2, 0, 1, 3, 0, 1, 3, 1, 0, 1, 1, 3, 1, 2, 1, 1, 3, 3, 2, 3, 0, 1, 1, 2, 3, 1, 1, 0, 3, 2, 3, 0, 0, 1, 1, 1, 0, 3, 0, 3, 2, 1, 3, 1, 0, 3, 3, 3, 3, 3, 1, 1, 3, 0, 1, 0, 3, 1, 1, 1, 2, 3, 0, 2, 3, 0, 2, 1, 3, 0, 3, 3, 0, 3, 2, 0, 1, 2, 3, 0, 1, 0], "predicted_labels": [2, 0, 3, 1, 3, 3, 1, 3, 0, 0, 1, 2, 2, 0, 1, 3, 2, 1, 1, 3, 0, 2, 3, 3, 0, 2, 1, 2, 1, 1, 1, 2, 3, 3, 3, 0, 0, 1, 0, 3, 3, 0, 1, 0, 1, 0, 1, 3, 3, 2, 0, 3, 3, 2, 0, 1, 3, 3, 1, 1, 2, 0, 0, 3, 3, 3, 3, 1, 0, 2, 1, 3, 1, 3, 3, 3, 1, 0, 2, 1, 1, 1, 1, 3, 3, 0, 2, 0, 0, 3, 0, 0, 3, 3, 1, 1, 0, 2, 3, 0, 3, 0, 3, 0, 2, 1, 0, 3, 0, 0, 1, 2, 1, 1, 2, 3, 0, 2, 2, 3, 1, 3, 0, 3, 2, 0, 1, 2, 0, 2, 1, 1, 0, 1, 1, 3, 3, 1, 3, 1, 1, 1], "confidence_scores": [[0.17854703356009863, 0.022037157159006317, 0.6175232762608694, 0.18189253302002556], [0.8613785186579781, 0.0029701007569636864, 0.040704030264692145, 0.09494735032036605], [0.20069404616430148, 0.08825617929349737, 0.0160967930760172, 0.6949529814661839], [0.00433734364161333, 0.6981015099250127, 0.03508750642540134, 0.2624736400079724], [0.1360591847691558, 0.02785768473916765, 0.07442522613919411, 0.7616579043524824], [8.185335532631509e-05, 0.0009420380661950691, 0.0013290366614677283, 0.9976470719170109], [0.009178739914531747, 0.9453984696510077, 0.00411413527674932, 0.04130865515771117], [0.008518014738536712, 0.3892464681116965, 0.0029577739994098387, 0.599277743150357], [0.503139604428075, 0.17371335706947402, 0.3184807673363036, 0.004666271166147401], [0.9741029135606774, 0.012768161035187046, 0.0009715930111491602, 0.012157332392986542], [0.0012686982677842375, 0.968690747576559, 0.024401053251120776, 0.005639500904536016], [0.032156270316256744, 0.10530973644938997, 0.8581225246226245, 0.00441146861172876], [0.019374149344412152, 0.04324267540446658, 0.6092317238876616, 0.32815145136345975], [0.6234977149580907, 0.3514122357342035, 0.001686898244662237, 0.023403151063043443], [0.02013379463449392, 0.781003305586206, 0.0020520107911311744, 0.19681088898816898], [0.0004927542931889737, 0.0010248240913276144, 0.3272646638909709, 0.6712177577245125], [0.13486552712096206, 0.18664633253304286, 0.666294634246756, 0.012193506099239151], [0.005248535061897519, 0.9854284581889247, 0.002217901110548969, 0.007105105638628876], [0.005759604400988539, 0.9357577863054403, 0.04121253869711555, 0.017270070596455682], [0.04776247666384751, 0.0005436685336022082, 0.003268031074967009, 0.9484258237275832], [0.9370238478126529, 0.028830700118963385, 0.012052919365563334, 0.022092532702820435], [0.00047619574366290806, 0.4960721777723523, 0.4969890831525174, 0.006462543331467482], [0.17724324884081286, 0.039361092934838735, 0.016774221138102435, 0.7666214370862461], [0.013733701293603106, 0.034814398116310964, 0.026932227235332253, 0.9245196733547538], [0.7791076059483277, 0.027184019596858292, 0.00020917204550814316, 0.19349920240930585], [0.012845671071402961, 0.3550342126282374, 0.48436180284413555, 0.14775831345622398], [0.35831798935295855, 0.4484348740341615, 0.05865666934684762, 0.13459046726603227], [0.008330513100007327, 0.4791763018634512, 0.5075598725614523, 0.00493331247508919], [0.28151196225108105, 0.39231402579175473, 0.015585404443618714, 0.31058860751354556], [0.0033512374255483934, 0.4686475619720868, 0.11043436716848229, 0.4175668334338825], [0.25458981088499644, 0.6582398585485414, 0.02965780269434256, 0.057512527872119676], [0.045655990047980696, 0.4250553602377962, 0.46487474437748855, 0.06441390533673469], [0.30316659037983723, 0.2035952327575192, 0.03120884180694706, 0.46202933505569643], [0.016933532710079895, 0.005521458387747131, 0.1452883647249734, 0.8322566441771997], [0.2837395739270573, 0.002717994415247571, 0.012504376121747195, 0.7010380555359479], [0.8698193321807596, 0.02165112253212988, 0.06887278892381943, 0.039656756363290975], [0.7268652705712287, 0.0040450657022386375, 0.09913634367982474, 0.16995332004670793], [0.046690174816427, 0.6019370241375962, 0.001580574617966352, 0.3497922264280104], [0.8113260448839207, 0.048425072986445244, 0.006580576563051551, 0.13366830556658238], [0.02191751376087555, 0.19230526132382028, 0.008714807119709815, 0.7770624177955944], [0.12784250075154066, 0.1463948138984916, 0.03558095681686059, 0.6901817285331071], [0.5577649671691497, 0.26226474376549935, 0.03551078104223169, 0.14445950802311924], [0.023914084632787706, 0.9588576815377682, 0.008844014054846291, 0.008384219774598028], [0.6992762674980483, 0.062398227132332666, 0.05249499088704996, 0.18583051448256915], [0.00932604960819867, 0.7549760541400115, 0.029677306547870805, 0.20602058970391907], [0.8791948485127796, 0.08183759933121607, 0.028372863969729756, 0.010594688186274437], [0.014227009111905964, 0.8869653445677703, 0.003853758931450029, 0.09495388738887364], [0.42463464160467834, 0.05203973638218756, 0.00209442260606482, 0.5212311994070694], [0.09946469095363177, 0.015524086817247703, 0.002650029977497737, 0.8823611922516227], [0.30798025957976083, 0.15594450623893139, 0.40097374931684215, 0.13510148486446566], [0.5910963359245377, 0.04526175111816902, 0.220594523941142, 0.14304738901615133], [0.0001164702695323196, 0.10981366832643549, 0.013652033761413397, 0.8764178276426189], [0.2524643283143892, 0.18567259409245807, 0.007183573346668788, 0.554679504246484], [0.09101043231176269, 0.014347014798953957, 0.7881682372283507, 0.10647431566093264], [0.5265272215913653, 0.25576448347689357, 0.10180178242651718, 0.11590651250522405], [0.01765801494222374, 0.7843626411199829, 0.12299481149865318, 0.07498453243914012], [0.001824337739156592, 0.007548642493707419, 0.014134851761097484, 0.9764921680060386], [0.0866545210029723, 0.11801039687837593, 0.30622616856070045, 0.4891089135579513], [0.1454657876481269, 0.532253526883792, 0.23725726210772713, 0.08502342336035387], [0.03266271086857494, 0.6596266318579498, 0.0029638999637331092, 0.30474675730974216], [0.0041756551079429275, 0.09431877682304488, 0.6053109029428115, 0.29619466512620074], [0.517682215469808, 0.0200015611372698, 0.4016971937167635, 0.06061902967615879], [0.8156627775912665, 0.033755458279421925, 0.028279262080614914, 0.12230250204869673], [0.11156482127072341, 0.10478554376802546, 0.03938419586191995, 0.7442654390993312], [0.007873301640652497, 0.3746915418245459, 0.00811163642727578, 0.6093235201075259], [0.19377877758545503, 0.012670985005326825, 0.06083609875510668, 0.7327141386541115], [0.08139538387967173, 0.024127192469030827, 0.005681319965375734, 0.8887961036859218], [0.0003210537364924633, 0.9303227220775429, 0.0008814807865211594, 0.06847474339944352], [0.6963471775008497, 0.2965689243862917, 0.0019302264669548573, 0.005153671645903818], [0.09041630835785303, 0.00027483002952723243, 0.6398597896657439, 0.26944907194687584], [0.014056253911147029, 0.893900602628383, 0.02942638514878512, 0.06261675831168483], [0.04784937253936726, 0.007212567954998516, 0.0019354946027331503, 0.943002564902901], [0.1691508626499356, 0.7095910565937068, 0.049331894124402434, 0.07192618663195521], [0.0019247862822786065, 0.1696297407288576, 0.27301157522873387, 0.55543389776013], [0.020306278135831995, 0.016260414573074592, 0.012315223593778665, 0.9511180836973148], [0.0012480162993266826, 0.020557342155001945, 0.014226462600602244, 0.9639681789450691], [0.0035821894280054184, 0.6943894157013084, 0.05762701875374964, 0.24440137611693652], [0.4748265315802964, 0.43842966731436284, 0.06016295933935076, 0.026580841765989995], [0.27539456860487416, 0.08105984967100217, 0.6105157108033082, 0.03302987092081546], [9.50373993469171e-05, 0.9245654845406798, 0.0011806457181334706, 0.0741588323418398], [0.0014474636227932497, 0.6757408775328734, 0.3092848569007015, 0.013526801943631726], [0.06075230101814918, 0.9200958618311934, 0.006513360456993872, 0.012638476693663558], [0.0031578012394566117, 0.48615096801167595, 0.25920058939780966, 0.25149064135105786], [0.022754160041227087, 0.03938759637845534, 0.15410388653378362, 0.783754357046534], [0.00731355834164867, 0.15733337958582022, 0.03143475661146938, 0.8039183054610617], [0.4782732932851302, 0.03337763106988273, 0.23727631952857364, 0.25107275611641355], [0.01856590542181754, 0.3537606967601786, 0.624671724907821, 0.0030016729101828322], [0.7938580233890906, 0.009289060030599266, 0.002424344276349623, 0.19442857230396052], [0.46985354375312754, 0.09810963298912555, 0.0015867766423443641, 0.43045004661540237], [0.005272482497489451, 0.03302775183297666, 0.034236668115189425, 0.9274630975543444], [0.7090312153285374, 0.21556329383037726, 0.013876037251205292, 0.06152945358988001], [0.9198653132696021, 0.06221705286846377, 0.008175167855474853, 0.009742466006459182], [0.13486836801986657, 0.057176244203379994, 0.027121864301739903, 0.7808335234750136], [0.03256149803643142, 0.002379962093575815, 0.3782459250652852, 0.5868126148047076], [0.2824145432261297, 0.3832800733724787, 0.2802783797679289, 0.05402700363346272], [0.030648955865923616, 0.8709167449949637, 0.04512268886423615, 0.05331161027487642], [0.8767790565159918, 0.09279717391288277, 0.006846849994007803, 0.023576919577117612], [0.10645546256356751, 0.032079472629450684, 0.7309125153526058, 0.130552549454376], [0.07180346672303099, 0.39397725961671126, 0.002672696811211695, 0.5315465768490462], [0.4288099045508907, 0.3324026829258054, 0.030166046894325397, 0.2086213656289785], [0.09024432358758445, 0.024494917454142402, 0.04271703176896577, 0.8425437271893073], [0.9883349416301929, 0.0010094669254494507, 5.297125437650507e-05, 0.010602620189981376], [0.010256702791892254, 0.45952314357332363, 0.0029565493110126017, 0.5272636043237715], [0.9331907704536094, 0.008069648839173285, 0.0025449191313590886, 0.05619466157585804], [0.2086146557922498, 0.2882995320760108, 0.4675239384606413, 0.03556187367109827], [5.656883655213741e-05, 0.989723746134313, 0.0009571825933126905, 0.009262502435822302], [0.8548709192813618, 0.0012176809408094302, 0.00509338851615937, 0.1388180112616693], [0.2381073336161451, 0.022743778551332982, 0.18406122427849742, 0.5550876635540245], [0.35738258844834864, 0.3223196593189335, 0.0024280687946004386, 0.31786968343811745], [0.6484894240145973, 0.2501103014943687, 0.005593937653820182, 0.09580633683721393], [0.12032023473150713, 0.6548394824568282, 0.18940287718244997, 0.03543740562921472], [0.016293099616286482, 0.0068802028508237, 0.9392810605519317, 0.03754563698095805], [0.0012760975920460926, 0.7625504192709108, 0.23423844575033237, 0.0019350373867106402], [0.00881223861176438, 0.9895927211236796, 0.000131653728869648, 0.0014633865356864202], [0.04773831854810146, 0.30474035297421354, 0.6440293546243379, 0.0034919738533471267], [0.27039757553113103, 0.0651376713910739, 0.14637558545320484, 0.5180891676245902], [0.6629228286312138, 0.31967992951279084, 0.004475290014257123, 0.012921951841738331], [0.08946507663885456, 0.35992680350828127, 0.5488861967253372, 0.0017219231275268994], [0.011996192836311106, 0.05921757200594069, 0.8380675177103489, 0.09071871744739922], [0.03095279602334793, 0.09129788669831158, 0.4357515253540435, 0.44199779192429706], [0.001375325302588704, 0.9984093219760005, 0.0001574708805821034, 5.788184082858277e-05], [0.003918817249757902, 0.05091709914628308, 0.00211441772407647, 0.9430496658798825], [0.7283099013267071, 0.08150114199255896, 0.0058334744534015125, 0.1843554822273322], [0.015424141902175753, 0.0362009165426578, 0.40269867485650035, 0.545676266698666], [0.10614320345174921, 0.01614520613041075, 0.5552725037477231, 0.3224390866701171], [0.8885534114262963, 0.07807902651012896, 0.000994785816693664, 0.032372776246881174], [0.10468722679676175, 0.4462272421276603, 0.30371663980704616, 0.14536889126853175], [0.2877603219194529, 0.19399190424874044, 0.5128150938892717, 0.005432679942534973], [0.7065677789623975, 0.13616879448838526, 0.08731096875953782, 0.06995245778967947], [0.07058835667494681, 0.047525061243414254, 0.6109454667668264, 0.2709411153148126], [0.02489489361070329, 0.7286688458806628, 0.07375823550239656, 0.17267802500623747], [0.09800958930694294, 0.7997620871729333, 0.0009658070613444196, 0.10126251645877925], [0.9286966190765891, 0.05344924757566585, 0.0009358701561194053, 0.01691826319162571], [0.13492972969948996, 0.7760538050257574, 0.06375590468181051, 0.025260560592942103], [0.008011858802491124, 0.7281719982032665, 0.139452928174619, 0.1243632148196233], [0.18608328951813158, 0.23700508745027957, 0.012368293412438716, 0.5645433296191502], [0.03303790295497424, 0.0629401712894613, 0.006520889297037924, 0.8975010364585265], [0.36038399385375536, 0.43953042813505966, 0.1994147075998832, 0.0006708704113018475], [0.056287865341272676, 0.019764485134270236, 0.008766789662846337, 0.9151808598616108], [0.06845275969468875, 0.5835138592100159, 0.00638791735316284, 0.34164546374213234], [0.004369545517807093, 0.940087678835712, 0.03801334403329516, 0.01752943161318583], [0.1231487540806532, 0.8599255624365443, 0.004481435064944725, 0.012444248417857575]]}, "rewritten": {"ids": ["97105451", "97106820", "97109080", "97109570", "97118210", "98106680", "98108150", "98109311", "98111231", "98116500", "98116940", "99105921", "99108330", "99109740", "99111000", "99111930", "99112531", "99119830", "100108260", "100109360", "100109890", "100116790", "100117420", "100120010", "101108621", "101108950", "101110150", "101110200", "101114990", "102109850", "102111990", "102112170", "102112301", "102117351", "103110050", "103111480", "103113610", "103120290", "103120340", "104110960", "104111780", "104111830", "104112470", "104113170", "104113190", "104113210", "104113240", "104114230", "104114410", "104114740", "104116800", "104116980", "105110251", "105111990", "105112260", "105113190", "105113480", "105113620", "105115570", "105115900", "105116501", "105116650", "105117351", "105117431", "105118171", "105118230", "105119950", "105120621", "106113260", "106113830", "106114280", "106118161", "106118520", "106119580", "107114140", "107114950", "107116501", "107118490", "107118820", "107120880", "108114220", "108114670", "108115250", "108117720", "108118060", "108118301", "108119330", "108121410", "109113281", "109113591", "109114030", "109114220", "109116750", "109118161", "109120150", "110114321", "110114561", "110114610", "110114920", "110115980", "110116290", "110116441", "110118161", "110118740", "110120540", "110120700", "110121500", "111114171", "111115400", "111116010", "111116040", "111117200", "111117571", "111118810", "111119150", "111119290", "111119930", "111119950", "111120280", "111121190", "111121220", "111121930", "112116290", "112116451", "112116880", "112117030", "112117431", "112118471", "112118530", "112118820", "112119320", "112120670", "113118630", "113118690", "113118870", "113119930", "113120070", "113120260", "113120640", "113120780", "113122180", "113122510"], "labels": [0, 1, 2, 0, 2, 1, 0, 1, 1, 2, 2, 1, 1, 3, 2, 1, 3, 1, 3, 0, 3, 2, 2, 0, 0, 2, 1, 2, 3, 1, 2, 3, 1, 1, 3, 0, 2, 2, 1, 2, 3, 3, 1, 3, 3, 3, 2, 2, 1, 2, 1, 1, 0, 2, 3, 3, 0, 0, 0, 3, 1, 1, 0, 1, 3, 1, 3, 1, 3, 1, 3, 3, 2, 3, 2, 3, 1, 2, 3, 1, 3, 3, 1, 1, 1, 1, 0, 0, 0, 3, 1, 3, 0, 0, 2, 1, 0, 1, 3, 1, 2, 3, 0, 3, 1, 2, 3, 3, 0, 1, 0, 0, 3, 0, 3, 3, 1, 0, 0, 1, 3, 1, 0, 0, 0, 2, 0, 1, 1, 0, 1, 2, 3, 3, 0, 1, 2, 3, 0, 0, 2, 2], "predicted_labels": [3, 1, 3, 0, 2, 2, 3, 1, 2, 3, 2, 1, 3, 1, 2, 1, 3, 2, 1, 0, 1, 2, 3, 3, 0, 1, 1, 3, 1, 2, 3, 0, 3, 1, 3, 0, 1, 2, 2, 2, 2, 1, 2, 2, 1, 0, 1, 1, 1, 2, 1, 1, 0, 3, 1, 3, 1, 1, 3, 2, 3, 2, 0, 1, 0, 1, 1, 0, 1, 0, 3, 0, 2, 2, 0, 1, 3, 1, 3, 1, 1, 0, 2, 3, 0, 3, 0, 1, 3, 1, 3, 3, 2, 1, 2, 0, 0, 3, 1, 0, 2, 3, 0, 0, 3, 3, 1, 0, 2, 2, 0, 2, 3, 0, 3, 0, 3, 0, 0, 0, 3, 0, 1, 0, 3, 3, 1, 2, 1, 1, 3, 1, 3, 3, 1, 1, 3, 3, 3, 1, 3, 2], "confidence_scores": [[0.032534625044280695, 0.001489965119122316, 0.000527970886668425, 0.9654474389499285], [0.012520876253931461, 0.84644065107487, 0.001120358902125882, 0.1399181137690728], [0.04114819847913977, 0.05465905477648663, 0.05221789422962531, 0.8519748525147482], [0.9983751705376723, 0.0003298037650378361, 0.00025817223358343307, 0.0010368534637064512], [0.003873409201897479, 0.032353193864031356, 0.9479413266425623, 0.015832070291509032], [0.05615979066364285, 0.2962369056147778, 0.6129469252191536, 0.03465637850242579], [0.030487058937339048, 0.00021324194989599514, 0.045038394861529246, 0.9242613042512356], [0.1809865533983213, 0.6279725022362195, 0.001041269559466923, 0.18999967480599234], [0.07508293755989263, 0.007449600662383071, 0.855643498874975, 0.06182396290274916], [0.12180527722384707, 0.29591097699535296, 0.018901305866266607, 0.5633824399145333], [0.03588171070178041, 0.17973604862170445, 0.7768089529282373, 0.007573287748277931], [0.0978613511325152, 0.8550958974910152, 0.00399079216011212, 0.04305195921635751], [4.973929150602237e-05, 0.03623926426503192, 0.0004909474168281743, 0.9632200490266339], [0.08190868815848355, 0.9013212135235703, 0.0009030485008627964, 0.015867049817083256], [0.0012264477253292475, 0.014072683424062768, 0.8855262094047747, 0.0991746594458333], [0.05406678693615303, 0.5772676910871355, 0.15642128780513126, 0.21224423417158012], [0.04189120855881623, 0.0037053554215309625, 4.054243922279404e-05, 0.9543628935804301], [0.011797935339137117, 0.021895370475437142, 0.9507604068474065, 0.015546287338019325], [0.05850224237866213, 0.6512919371353322, 0.2898470847371477, 0.0003587357488578714], [0.40938197806932475, 0.13299644002282646, 0.3592589362260267, 0.09836264568182201], [0.012320563354366737, 0.9589134997727944, 0.0017476127420035978, 0.02701832413083525], [0.11023817805732052, 0.0023067096709858716, 0.8672281072801962, 0.02022700499149743], [0.024796247682286006, 0.03779458523840005, 0.09139055887377279, 0.8460186082055412], [0.0019480680733362477, 0.09429168320184428, 0.2189387613444704, 0.6848214873803491], [0.7941357746389381, 0.15486120310128876, 0.0005115689267609714, 0.05049145333301213], [0.0020974031981717115, 0.8725249055968639, 0.0001934618644871574, 0.1251842293404772], [0.013822594163463127, 0.7309892111088151, 0.00453539468683604, 0.2506528000408855], [0.01024507490305021, 0.13981688849360197, 0.02125575310837454, 0.8286822834949732], [0.009675858219294085, 0.7311399023731822, 0.10091563721806154, 0.15826860218946218], [0.10890447200879004, 0.010184104506686855, 0.5522566037727403, 0.32865481971178273], [0.014727128726022064, 0.0006365862529073491, 0.018840245568736022, 0.9657960394523346], [0.5399775217147399, 0.0020956559779781304, 0.013115635447992813, 0.44481118685928933], [0.10033526041070397, 0.1019537075907573, 0.03814772993997982, 0.7595633020585589], [0.0010808917252602055, 0.9912252889492063, 0.0005597046332790818, 0.007134114692254532], [0.11197067421390898, 0.13340347546306894, 0.10886319398904892, 0.6457626563339731], [0.561499160391274, 0.37671255139217735, 0.007670953448558773, 0.05411733476798995], [0.2296533761915425, 0.6880938580181502, 0.046498864399295764, 0.03575390139101154], [0.0023032484831332525, 0.03606063280877456, 0.9506452416112663, 0.010990877096825854], [0.0030408803869224417, 0.01957994408225997, 0.7817771914244087, 0.19560198410640875], [0.07684077813550233, 0.05514015670392065, 0.7092447624225997, 0.1587743027379774], [0.4323834128529824, 0.04007714267168032, 0.48682264429773375, 0.04071680017760358], [0.013003710994915891, 0.6358589302874349, 0.0011759389405899378, 0.34996141977705925], [0.019707052564256613, 0.09918168950008246, 0.8042235818737118, 0.07688767606194914], [0.0006988165960761327, 0.03682408825968431, 0.8653742395368372, 0.09710285560740238], [0.004678881409499465, 0.9934803590579243, 0.0005935932393014208, 0.0012471662932747657], [0.7957846213756323, 0.11267122587730807, 0.008686302997951747, 0.08285784974910779], [0.004607972913155304, 0.9903529714637102, 0.005013395695854767, 2.5659927279836e-05], [0.03675744974528111, 0.8611350370875266, 0.09272356543419058, 0.009383947733001614], [0.0007966216952319771, 0.9141771258989595, 0.006718335003064685, 0.07830791740274377], [0.002390907243619025, 0.22519504224163298, 0.7440167334090857, 0.02839731710566227], [0.0017597799068095634, 0.995796505730933, 0.001986434228376329, 0.0004572801338808767], [1.0083065653832283e-05, 0.9996300127884515, 0.00017055237625699431, 0.0001893517696373652], [0.999196338090082, 0.00011991842868538383, 0.0004774993955024113, 0.0002062440857303806], [0.09060471153426752, 0.16767835917211077, 0.1717974929142598, 0.5699194363793618], [0.0011684271888584203, 0.9890221088131878, 0.0002405904045632889, 0.009568873593390459], [0.04030977087959896, 0.007012828732045616, 0.00042013282154329664, 0.9522572675668121], [0.0018837426105864656, 0.9855573956035852, 0.0035861877263552505, 0.008972674059473062], [4.7150789538804155e-05, 0.9843292148343248, 0.015577591089335357, 4.604328680096549e-05], [0.002262273696460936, 0.00024924172411242137, 0.0001370636443636819, 0.9973514209350629], [0.3108513440948563, 0.02332605455781851, 0.43219418678187305, 0.23362841456545203], [0.3305397397224201, 0.04761830184217313, 0.0017391054473471065, 0.6201028529880597], [0.13118429536284124, 0.3146450948704564, 0.36201405135280684, 0.1921565584138956], [0.8111092501686639, 0.13577940328980628, 0.026995080811236295, 0.026116265730293638], [0.0004831545858030937, 0.8728885002414514, 0.10990659527013126, 0.01672174990261421], [0.565880760059679, 0.3296926530768972, 0.00865051768463201, 0.09577606917879194], [0.002176890762468895, 0.9943450648017643, 0.0005395261950956708, 0.002938518240670956], [0.052924196276148104, 0.48803929007781116, 0.0019318610883583105, 0.45710465255768257], [0.9924284597457579, 0.0008439895481073949, 7.046125284679157e-05, 0.006657089453287919], [0.01599068018165002, 0.8767329913131953, 0.02065980166381374, 0.08661652684134112], [0.8612952842325867, 0.11745125789657943, 0.00014355575146531585, 0.021109902119368574], [0.016995968908548886, 0.08021897977893563, 0.11103232929322047, 0.7917527220192949], [0.6309311001341765, 0.030023201816189327, 0.12184169901173944, 0.2172039990378946], [0.27817834812887154, 0.061901520632091055, 0.5792358786311897, 0.08068425260784771], [0.0022738407746843675, 0.016503570743112445, 0.9732990466489477, 0.007923541833255403], [0.4258999671830738, 0.3143772510507349, 0.19327277740359228, 0.06645000436259894], [0.01167348195821554, 0.9042462091597275, 0.029024062227228427, 0.05505624665482842], [0.09743413847529928, 0.00010123484310258346, 2.8962557282096007e-05, 0.902435664124316], [0.4198439203329109, 0.4328621134692895, 0.12443806865427923, 0.022855897543520437], [0.00016078184263090196, 0.1922841111957587, 0.004312821959507896, 0.8032422850021025], [0.014160060083311887, 0.4766543283578588, 0.3018531830387383, 0.2073324285200911], [0.06371667911364215, 0.9305771300042944, 0.005590431460398398, 0.00011575942166516936], [0.8066060780087628, 0.008661614475070797, 0.044743169112426824, 0.1399891384037394], [0.1741338371722439, 0.07025344196695521, 0.5712116315356917, 0.18440108932510924], [0.004181897063739777, 0.009989315415464736, 0.00010310407121143361, 0.9857256834495841], [0.5620424341813843, 0.0010234388929396313, 0.058623594651347866, 0.37831053227432815], [0.24659055572457528, 0.0246481388338188, 0.0019456321628208253, 0.7268156732787852], [0.7235383815320635, 0.09065448468457277, 0.08210588494645446, 0.1037012488369092], [0.2704734308202934, 0.6785623193239416, 0.002913914168956546, 0.04805033568680838], [0.12241195663929974, 0.013376234564320057, 0.05843476753713205, 0.8057770412592482], [0.15997891700932615, 0.5922489754235931, 0.0013349273689071176, 0.24643718019817373], [0.06610685616819628, 0.02652526953902066, 0.029588811531324203, 0.8777790627614589], [0.1830610154285837, 0.0001028482337318855, 0.007621199045259579, 0.8092149372924249], [0.014293039632579224, 0.12955792984401088, 0.8559015777332619, 0.0002474527901481615], [0.311875011769609, 0.688027332687752, 1.9442847611558765e-05, 7.821269502742324e-05], [0.08964209697672541, 0.008811667618777153, 0.7298517747594995, 0.17169446064499796], [0.8516976840862466, 0.12738399090876032, 0.006773292671391969, 0.014145032333601265], [0.9925586108070958, 0.00037924058782828776, 0.0021553160620261568, 0.004906832543049845], [0.06194637156005241, 0.3225472901700736, 0.17691223943007323, 0.4385940988398007], [0.0011142843221644161, 0.9509948548365436, 0.000479617611652892, 0.047411243229639195], [0.8190455504182875, 0.0015895203494380341, 0.05322368889489022, 0.1261412403373843], [0.030630956138174414, 0.03391528319208038, 0.5777633145542445, 0.35769044611550066], [0.0019107859378407269, 0.027729731080739308, 0.009538125498789626, 0.9608213574826304], [0.5619143398918818, 0.1960810254252404, 0.10342430515384711, 0.13858032952903077], [0.4997835852945126, 0.008220012391355181, 0.060438228692921044, 0.431558173621211], [0.055156943690115506, 0.4137204098413637, 0.023697052130748558, 0.5074255943377722], [0.06129654046869178, 0.011462972187332695, 0.3877506182543704, 0.5394898690896052], [0.004417100603469961, 0.8887096528550099, 0.004391657114473502, 0.10248158942704655], [0.9530357556223767, 0.03336559108307538, 0.00013233560355634498, 0.013466317690991597], [0.14027918071435827, 0.009841397734186226, 0.7239927340011248, 0.12588668755033072], [0.023672277671295296, 0.3064338766601908, 0.5662614449134596, 0.10363240075505432], [0.9172448240896484, 0.04045422955745548, 0.028750655360300494, 0.013550290992595549], [0.3868973630383493, 0.16478986698113293, 0.433153833846746, 0.015158936133771755], [0.0004983731851799789, 0.017326815548538158, 0.01693638442659196, 0.9652384268396899], [0.925812938151733, 0.0478609714705204, 0.013909596374189955, 0.012416494003556738], [0.007770884449413534, 0.0005376479181956296, 0.00019386915175939904, 0.9914975984806315], [0.8011295558185929, 0.039107640487616606, 0.12074644324324624, 0.03901636045054432], [0.001157777126007423, 0.18499895658065588, 0.0952679201632358, 0.7185753461301009], [0.7136625391086727, 0.015208877136563798, 0.24135164154139113, 0.029776942213372307], [0.8874211138826694, 0.03972149302075376, 0.004039084995715886, 0.06881830810086104], [0.8052009937511042, 0.04308354279685592, 0.07465031127400384, 0.0770651521780361], [0.0020582580562382214, 0.000879696012814041, 7.428778905061695e-05, 0.9969877581418971], [0.527698610549719, 0.09045256850729863, 0.24882830980249532, 0.13302051114048696], [0.001729775304849427, 0.5624822754353053, 0.00014323455845113828, 0.43564471470139415], [0.8261262211197836, 0.11949396630496341, 0.01201433879014537, 0.0423654737851075], [0.3104859160570238, 0.15274919877997226, 0.07203931673378751, 0.4647255684292164], [0.01806266271288584, 0.030628721377936964, 0.13416766800043178, 0.8171409479087455], [0.30452805894814156, 0.5449192579876441, 0.04501887320567064, 0.10553380985854373], [0.23770849670847374, 0.3286519223342538, 0.3923434401542412, 0.041296140803031296], [0.017693760375963173, 0.43694327500236657, 0.2967683535112175, 0.2485946111104527], [0.0003872709631494073, 0.997339879246745, 3.387096640751014e-05, 0.0022389788236981205], [0.0005313009514259788, 0.027932555919324704, 0.009196284178418015, 0.9623398589508313], [0.005550977754905894, 0.9835343820979643, 0.0010372648604653077, 0.009877375286664514], [0.04347298470347453, 0.10068714949858851, 0.302159204372239, 0.5536806614256979], [0.026779749139389644, 0.010248435160596798, 0.238645579505883, 0.7243262361941306], [0.014517605897505661, 0.9807492038553333, 0.000881990130694071, 0.003851200116467016], [0.18840719732774605, 0.8045753231820507, 0.006605994438593445, 0.0004114850516098007], [0.001719770843526625, 0.039305708229591854, 0.4750891598498842, 0.4838853610769975], [0.027732759153565097, 0.015147619997884002, 0.14483181864572908, 0.8122878022028218], [0.2075273114083041, 0.22250728806203218, 0.1731466131763951, 0.3968187873532687], [0.008606643482391254, 0.6205362111813818, 0.015386605016611585, 0.35547054031961556], [0.001976568656440572, 0.0018921270924561677, 0.0011891520762554303, 0.9949421521748479], [0.007813820883464755, 0.37467701725730407, 0.46799264160748233, 0.14951652025174889]]}}