{"test": {"ids": ["109113881", "100111390", "113119950", "106116640", "109116810", "101111210", "113120830", "105113620", "112120700", "112117790", "107114621", "106116441", "102113350", "99107300", "103113210", "99107560", "110118121", "102112301", "106118301", "112116290", "98107410", "103110760", "107114490", "101108290", "101112201", "97106000", "99112300", "99109161", "100109890", "113118870", "108116070", "99116500", "98109311", "108118060", "111121220", "113121810", "101112540", "98107210", "102109850", "99110050", "105115570", "113118690", "106117790", "109120150", "100111080", "109114270", "108114040", "98111231", "107114140", "99111930", "110117140", "110115120", "109118161", "113121410", "99108460", "111116110", "107119950", "105114220", "109117730", "110114950", "99108000", "113119320", "111120190", "108118630", "112118820", "108114670", "107121230", "106116820", "104114230", "111117571", "112120670", "99109141", "107114321", "109117431", "107113550", "111115770", "109120540", "109116750", "102116340", "98119591", "100113210", "106116850", "99107950", "113121750", "108114180", "97106970", "102116500", "105120280", "110116300", "113119450", "112118701", "109116441", "102108621", "103112470", "107115140", "107120130", "109120621", "101119591", "112117660", "103111480", "104111880", "105112100", "112118860", "112121360", "113119480", "108120060", "112120990", "111119290", "100111270", "98110230", "109113281", "105116441", "112117461", "113119120", "106114011", "112116900", "102112250", "100120780", "111114321", "97118210", "109117080", "103117200", "111121190", "111116411", "112121410", "112116640", "97116500", "98109230", "102117351", "113121680", "107113360", "99117630", "102113210", "106111321", "112118530", "99108010", "103111620", "104116980", "106119260", "113118490", "111114121", "102110750"], "labels": [0, 2, 0, 3, 3, 2, 3, 0, 2, 3, 0, 0, 3, 3, 3, 1, 3, 1, 1, 0, 3, 1, 3, 0, 0, 0, 0, 3, 3, 0, 1, 2, 1, 1, 3, 2, 2, 1, 1, 3, 0, 3, 1, 2, 0, 3, 0, 1, 2, 1, 3, 0, 0, 0, 0, 3, 3, 3, 3, 0, 2, 1, 3, 1, 0, 3, 0, 1, 2, 3, 2, 3, 0, 1, 0, 3, 1, 0, 3, 1, 0, 3, 1, 0, 1, 2, 1, 3, 3, 3, 0, 3, 3, 1, 0, 2, 1, 0, 0, 0, 3, 1, 3, 3, 3, 1, 2, 3, 2, 3, 0, 1, 0, 3, 1, 3, 0, 1, 1, 2, 1, 0, 1, 0, 0, 0, 2, 1, 1, 1, 0, 3, 3, 0, 1, 2, 0, 1, 1, 1, 0, 1], "predicted_labels": [0, 3, 3, 3, 1, 3, 3, 1, 1, 3, 3, 1, 3, 0, 3, 1, 3, 3, 0, 1, 0, 3, 3, 1, 0, 2, 3, 0, 3, 1, 1, 1, 1, 3, 1, 1, 3, 3, 2, 3, 3, 3, 3, 1, 1, 3, 1, 0, 3, 1, 3, 3, 1, 3, 3, 3, 3, 3, 3, 3, 1, 1, 3, 3, 1, 3, 3, 3, 3, 3, 1, 0, 1, 0, 3, 0, 1, 0, 3, 0, 3, 2, 1, 1, 3, 3, 1, 1, 1, 3, 3, 0, 0, 3, 3, 1, 3, 3, 3, 0, 3, 0, 1, 1, 3, 1, 1, 3, 3, 1, 0, 1, 3, 3, 1, 1, 3, 1, 1, 0, 1, 1, 0, 0, 1, 1, 3, 2, 1, 1, 0, 3, 1, 3, 1, 1, 1, 3, 3, 3, 1, 1], "confidence_scores": [[0.3469461944502108, 0.23180805322210044, 0.18299418081523636, 0.23825157151245258], [0.272308904876456, 0.26036586993949073, 0.21034274956614762, 0.2569824756179057], [0.31573079872074306, 0.27492121889910864, 0.11113114773053975, 0.2982168346496085], [0.29182214357097014, 0.26941911375264743, 0.15327619675594448, 0.28548254592043804], [0.25996927512128704, 0.30393821133552623, 0.1216049568224664, 0.31448755672072043], [0.2293588268631889, 0.29869165032693645, 0.18451331736999516, 0.2874362054398792], [0.22722875650042532, 0.27797183981129747, 0.23556713293341064, 0.25923227075486643], [0.125802793547934, 0.31102465559898673, 0.301570755699691, 0.26160179515338833], [0.24932390655370007, 0.3043589240422384, 0.13340683287224164, 0.31291033653182004], [0.2668905290704839, 0.29426540313562893, 0.14042264140185984, 0.2984214263920272], [0.36535428085325444, 0.26271780538322204, 0.06911779360439356, 0.30281012015913], [0.20442350687367677, 0.32280739381112133, 0.15573579630747308, 0.3170333030077288], [0.1866300159476012, 0.3022391342709825, 0.23103154819485433, 0.28009930158656215], [0.354441311227238, 0.2565152353036794, 0.09740490725384861, 0.29163854621523383], [0.18504887039537968, 0.28462521587448086, 0.2703868632115354, 0.2599390505186041], [0.21102513432905218, 0.287990892470853, 0.23641836907266592, 0.2645656041274286], [0.1705317226901669, 0.3297740705465293, 0.18659741694966017, 0.31309678981364364], [0.15932810550160678, 0.31363781110193883, 0.25186559734297903, 0.2751684860534755], [0.3728620730152342, 0.23815498616746375, 0.09369329944188295, 0.2952896413754189], [0.14640898342580644, 0.30922237090628346, 0.26985582259269814, 0.2745128230752124], [0.33085016532755224, 0.23377524990139537, 0.17979752235283433, 0.25557706241821815], [0.27950065524992235, 0.26923940125980506, 0.1728984812369551, 0.27836146225331726], [0.21515976168791995, 0.3179458167696681, 0.15722297395547058, 0.3096714475869414], [0.219684003927931, 0.29209353148421924, 0.19888236166004028, 0.28934010292780954], [0.3643258024921323, 0.2403160622375292, 0.11963272302121049, 0.2757254122491278], [0.17322925341076412, 0.28465199536301655, 0.30035605536601134, 0.24176269586020757], [0.2694549276353428, 0.2639357304570431, 0.204267067249853, 0.262342274657761], [0.31551458655337644, 0.26120056323599067, 0.139138802748815, 0.2841460474618178], [0.2681240036282298, 0.2643439674457836, 0.19728292425954744, 0.27024910466643937], [0.24114155454320552, 0.3008735659270399, 0.15450368454408372, 0.3034811949856707], [0.2001831774549863, 0.2952339649741625, 0.2208492914502994, 0.28373356612055195], [0.14870714584422232, 0.30920783245707545, 0.2771170267877701, 0.264967994910932], [0.22839425476816755, 0.2831061752911192, 0.22421136512131523, 0.2642882048193982], [0.2549091981836953, 0.2925396577427684, 0.15739043796302596, 0.29516070611051054], [0.1862765579814406, 0.3132940030588136, 0.18613270094992934, 0.3142967380098163], [0.1831259731999549, 0.2926950569386648, 0.2778207115985271, 0.24635825826285304], [0.1759132272753912, 0.3072988161858602, 0.23326471207568603, 0.2835232444630626], [0.16968482155821232, 0.3076196649952903, 0.24089586424294326, 0.2817996492035544], [0.19023930520449717, 0.27603169868560185, 0.3027329864709651, 0.23099600963893635], [0.237028309080672, 0.2832427734728717, 0.20463893806099354, 0.27508997938546303], [0.15827839837094443, 0.2986182810515005, 0.28880662344993047, 0.25429669712762476], [0.2098228180656549, 0.3138207300343311, 0.17631650450520503, 0.30003994739480877], [0.18961500195638525, 0.29464285417676633, 0.2426704304535487, 0.2730717134132996], [0.20715623467672797, 0.28170137410585955, 0.26418440996554393, 0.24695798125186855], [0.19783731314353795, 0.2832263346845013, 0.26358782001076536, 0.25534853216119513], [0.26933975803123494, 0.31712165179537904, 0.10390395629309833, 0.3096346338802879], [0.15019408097740666, 0.3031851137551042, 0.2879011846539026, 0.2587196206135866], [0.33433856922169003, 0.222851290252522, 0.22909855460241108, 0.21371158592337675], [0.14901197250581583, 0.3239459641785124, 0.24116783457916666, 0.2858742287365051], [0.22374656496832745, 0.27756802610302833, 0.24017826250038196, 0.25850714642826245], [0.28049015439929376, 0.2860245926246985, 0.13719998080395285, 0.29628527217205464], [0.22570643168209, 0.3012587292811357, 0.18271733542228266, 0.29031750361449143], [0.23310272328371684, 0.2927664600225475, 0.18616416639416544, 0.2879666502995705], [0.2872185790048717, 0.29467277922334334, 0.11500288956654733, 0.30310575220523783], [0.24088470583849372, 0.27669296164191115, 0.21081745422416567, 0.2716048782954291], [0.25485340518046207, 0.28705087299196697, 0.17961308437137052, 0.2784826374562004], [0.2977074632488112, 0.2839827290336632, 0.11257269571947097, 0.30573711199805437], [0.2790885049103826, 0.2703214045586282, 0.17351500427783678, 0.27707508625315197], [0.1967415773952649, 0.29108142374452284, 0.24514561653962283, 0.2670313823205896], [0.2533394516075256, 0.29785707764705044, 0.15496193262290678, 0.293841538122517], [0.17417985141039685, 0.30259791424977395, 0.25101522084229316, 0.27220701349753607], [0.2087272920258784, 0.3128130618571774, 0.16198958052654688, 0.3164700655903971], [0.21586091283927827, 0.3038365168957738, 0.19542790907093385, 0.2848746611940141], [0.15975240272017668, 0.31515084931822357, 0.24339036271422199, 0.2817063852473779], [0.2538382313037729, 0.2983194513195532, 0.14001506473993883, 0.3078272526367352], [0.25683415754276523, 0.2988613561879732, 0.1461192155174257, 0.2981852707518359], [0.22189203392631887, 0.3013925512267491, 0.18937397533069036, 0.2873414395162417], [0.25339643322105426, 0.2778451480377617, 0.19383512120808694, 0.2749232975330971], [0.22052515621130792, 0.2823869936516802, 0.23042174869661386, 0.2666661014403979], [0.26476187459000466, 0.2952140444007039, 0.14285764700071377, 0.2971664340085781], [0.18202020523268814, 0.3126098983478298, 0.2023511484988574, 0.3030187479206243], [0.31480073898798683, 0.2782124772448569, 0.10538249983949217, 0.3016042839276639], [0.27009335659738093, 0.3010333075063412, 0.10313448494246306, 0.3257388509538148], [0.31484431927083434, 0.27476113733138124, 0.11612438067168025, 0.29427016272610396], [0.22278272070656424, 0.28260397024363393, 0.22246398134905643, 0.2721493277007458], [0.3427004064011303, 0.26265872732706974, 0.09163957528595783, 0.30300129098584183], [0.22411136763334905, 0.2970343185216244, 0.17943918303274076, 0.29941513081228593], [0.2939169236768444, 0.25606569079101943, 0.20347943419457734, 0.24653795133755904], [0.19859028478178378, 0.3052505789234008, 0.21049911786469253, 0.2856600184301229], [0.245727638828497, 0.26406078341784067, 0.24505071919751029, 0.2451608585561519], [0.22061903452522327, 0.2921233780774153, 0.2018740746091759, 0.2853835127881856], [0.15219429614967844, 0.2905181128933491, 0.3322081536749041, 0.22507943728206814], [0.13801427892583265, 0.30494334466082446, 0.3074802404404524, 0.24956213597289065], [0.2598043401016546, 0.2921021635081309, 0.1387698589783142, 0.30932363741190044], [0.20182692935656793, 0.3143432899735216, 0.18243327932346431, 0.3013965013464462], [0.11071275440909893, 0.3255613440121935, 0.2990482693440587, 0.26467763223464896], [0.2135192532964759, 0.28324480115184814, 0.24138844323336545, 0.2618475023183104], [0.21489064858598825, 0.2934872323432147, 0.20434883892775396, 0.2872732801430433], [0.23709721593682917, 0.29612857397676373, 0.17085166761877227, 0.29592254246763505], [0.259467004816855, 0.2837437109006689, 0.17289166738580974, 0.2838976168966666], [0.24176321664334421, 0.33381337229375047, 0.10096561481753588, 0.3234577962453694], [0.34577579087816274, 0.2731927367306653, 0.07113693175225977, 0.3098945406389121], [0.3186793026366407, 0.2702375836388685, 0.1115148193160023, 0.29956829440848826], [0.2311472999088714, 0.26877085547224133, 0.252315023283925, 0.24776682133496264], [0.27311190382205125, 0.28717815883806297, 0.15361403383025796, 0.2860959035096281], [0.21886253510626336, 0.30079791106919196, 0.1771903579840695, 0.3031491958404753], [0.21594697814815733, 0.3265801950298579, 0.15128716577872459, 0.3061856610432603], [0.2942878863122672, 0.28104272472851066, 0.12766252960237015, 0.2970068593568519], [0.24702386365625134, 0.3080742268655312, 0.139343722770929, 0.3055581867072887], [0.3220396772062216, 0.2822854588885207, 0.07500095065237838, 0.3206739132528793], [0.12466260642041084, 0.33944512004992256, 0.2354677974435384, 0.30042447608612816], [0.3200824875058146, 0.25529250632479017, 0.15050231344621212, 0.2741226927231832], [0.2018407611779171, 0.2849813351235161, 0.25133613784452513, 0.26184176585404173], [0.24412307795511387, 0.2912416920334073, 0.1775793049097793, 0.2870559251017], [0.2611547654661946, 0.2960837917992196, 0.14367410648513684, 0.2990873362494493], [0.264368624687821, 0.27582272326463414, 0.1897123296626514, 0.2700963223848935], [0.16357478836650607, 0.30173126634672814, 0.2747051241047349, 0.2599888211820306], [0.22586395237092882, 0.3024727330687381, 0.18756060944638656, 0.2841027051139464], [0.16547366083164583, 0.3043233608597741, 0.257789192240639, 0.2724137860679409], [0.1758799526177569, 0.29106347652591097, 0.27385575813721236, 0.2592008127191199], [0.2704187382613204, 0.26658730363891087, 0.20550055299549683, 0.25749340510427154], [0.262810511334232, 0.2989948559990164, 0.1156428337731015, 0.3225517988936499], [0.2518423803559565, 0.298365260641726, 0.15590755395776545, 0.29388480504455206], [0.2864893408237371, 0.2972887851589841, 0.10086729298946415, 0.3153545810278149], [0.18293662765659796, 0.30377765862392253, 0.23210340742879998, 0.28118230629067953], [0.25704691033243815, 0.27796453876726646, 0.19380970366319658, 0.27117884723709873], [0.31961643516181887, 0.24882824526462644, 0.15706645196214236, 0.27448886761141267], [0.23711901129379734, 0.29119124321678647, 0.18202736531981153, 0.2896623801696046], [0.22025131490033723, 0.30113526343619385, 0.18147890038084416, 0.29713452128262485], [0.2859175268250064, 0.2363567241556422, 0.2500287156413788, 0.22769703337797245], [0.14748583502439602, 0.3115025016640926, 0.22490973045660667, 0.31610193285490473], [0.2340717800725582, 0.28841452323545086, 0.17428894297509845, 0.3032247537168927], [0.3530563119552518, 0.2495687084573966, 0.11356011481869051, 0.28381486476866086], [0.34360542221301704, 0.23474326313968605, 0.15495083144422214, 0.2667004832030746], [0.23893290685309654, 0.2967982932123737, 0.17384835234934604, 0.29042044758518354], [0.18946783917938773, 0.30721503370548187, 0.20723411566450178, 0.2960830114506285], [0.24188859743098762, 0.278268501279685, 0.20874258232431267, 0.27110031896501474], [0.1626092777859011, 0.26271037896516825, 0.3615198943919674, 0.21316044885696345], [0.2615550513373345, 0.28678877492897925, 0.16064074610292953, 0.2910154276307567], [0.18081704349663763, 0.29580866344885276, 0.25630909359929255, 0.2670651994552168], [0.3437260400555552, 0.25995184419662803, 0.10141702258599557, 0.29490509316182145], [0.2457751322356227, 0.260228578432867, 0.24445917683779808, 0.24953711249371188], [0.24989945974957478, 0.28737430313900386, 0.17074760273954123, 0.2919786343718802], [0.20810509742838204, 0.3076935616895724, 0.19469009568026718, 0.2895112452017783], [0.17484133220327625, 0.30099183209146707, 0.24749499449288834, 0.27667184121236843], [0.23721043798970565, 0.26994084341523084, 0.25205494817298263, 0.24079377042208072], [0.21658295067996408, 0.2972899954925942, 0.19692310191475623, 0.2892039519126856], [0.11064787236643532, 0.34553452165949, 0.23732488544228791, 0.306492720531787], [0.27066775188789594, 0.26755644724275796, 0.19482434836960838, 0.2669514524997377], [0.2519350054711802, 0.3078891597140547, 0.13993867989014488, 0.30023715492462044], [0.2696079708586479, 0.2810896174805833, 0.16208865073972342, 0.2872137609210452], [0.11199198990825102, 0.30900625006351967, 0.3506657742970444, 0.22833598573118494]]}, "rewritten": {"ids": ["97106000", "97106970", "97116500", "97118210", "98107210", "98107410", "98109230", "98109311", "98110230", "98111231", "98119591", "99107300", "99107560", "99107950", "99108000", "99108010", "99108460", "99109141", "99109161", "99110050", "99111930", "99112300", "99116500", "99117630", "100109890", "100111080", "100111270", "100111390", "100113210", "100120780", "101108290", "101111210", "101112201", "101112540", "101119591", "102108621", "102109850", "102110750", "102112250", "102112301", "102113210", "102113350", "102116340", "102116500", "102117351", "103110760", "103111480", "103111620", "103112470", "103113210", "103117200", "104111880", "104114230", "104116980", "105112100", "105113620", "105114220", "105115570", "105116441", "105120280", "106111321", "106114011", "106116441", "106116640", "106116820", "106116850", "106117790", "106118301", "106119260", "107113360", "107113550", "107114140", "107114321", "107114490", "107114621", "107115140", "107119950", "107120130", "107121230", "108114040", "108114180", "108114670", "108116070", "108118060", "108118630", "108120060", "109113281", "109113881", "109114270", "109116441", "109116750", "109116810", "109117080", "109117431", "109117730", "109118161", "109120150", "109120540", "109120621", "110114950", "110115120", "110116300", "110117140", "110118121", "111114121", "111114321", "111115770", "111116110", "111116411", "111117571", "111119290", "111120190", "111121190", "111121220", "112116290", "112116640", "112116900", "112117461", "112117660", "112117790", "112118530", "112118701", "112118820", "112118860", "112120670", "112120700", "112120990", "112121360", "112121410", "113118490", "113118690", "113118870", "113119120", "113119320", "113119450", "113119480", "113119950", "113120830", "113121410", "113121680", "113121750", "113121810"], "labels": [0, 2, 2, 2, 1, 3, 1, 1, 3, 1, 1, 3, 1, 1, 2, 2, 0, 3, 3, 3, 1, 0, 2, 3, 3, 0, 2, 2, 0, 1, 0, 2, 0, 2, 0, 3, 1, 1, 0, 1, 3, 3, 3, 1, 1, 1, 0, 0, 1, 3, 0, 3, 2, 1, 1, 0, 3, 0, 1, 3, 0, 1, 0, 3, 1, 3, 1, 1, 1, 0, 0, 2, 0, 3, 0, 0, 3, 2, 0, 0, 1, 3, 1, 1, 1, 1, 0, 0, 3, 3, 0, 3, 1, 1, 3, 0, 2, 1, 1, 0, 0, 3, 3, 3, 0, 1, 3, 3, 0, 3, 3, 3, 1, 3, 0, 0, 3, 0, 0, 3, 1, 0, 0, 3, 2, 2, 2, 3, 0, 1, 3, 0, 3, 1, 3, 3, 0, 3, 0, 1, 0, 2], "predicted_labels": [3, 2, 1, 0, 1, 0, 2, 1, 1, 1, 2, 0, 1, 1, 3, 1, 1, 0, 0, 1, 1, 3, 2, 3, 3, 1, 2, 3, 1, 1, 1, 3, 0, 2, 0, 1, 2, 1, 3, 3, 3, 3, 1, 1, 1, 1, 1, 1, 3, 3, 1, 1, 1, 1, 3, 1, 3, 1, 1, 1, 3, 1, 3, 3, 3, 2, 3, 3, 0, 0, 3, 0, 1, 1, 0, 3, 1, 1, 1, 2, 1, 1, 1, 3, 3, 1, 3, 0, 3, 3, 1, 1, 1, 3, 2, 1, 2, 3, 3, 3, 1, 3, 3, 1, 1, 1, 1, 3, 3, 1, 2, 3, 3, 3, 3, 1, 1, 3, 1, 3, 1, 2, 3, 3, 1, 1, 1, 1, 1, 3, 3, 1, 3, 1, 1, 1, 3, 1, 3, 3, 1, 1], "confidence_scores": [[0.1949639529720091, 0.28505347827708133, 0.2662607847321652, 0.2537217840187445], [0.14662267331545561, 0.2950593674125824, 0.3227377632086555, 0.23558019606330607], [0.1653774943010163, 0.29853682703932094, 0.2807457471309338, 0.2553399315287289], [0.2606989174065548, 0.25383272183720357, 0.24557239774934164, 0.23989596300690022], [0.22177722505960798, 0.2904454490281299, 0.20154558602631478, 0.28623173988594747], [0.25095547030747806, 0.2559810675467894, 0.2525594855285122, 0.24050397661721995], [0.13597058880438878, 0.27330620621841756, 0.39974077107139533, 0.1909824339057984], [0.18983199334440537, 0.28773085102336754, 0.26795782887858133, 0.2544793267536459], [0.17934921184792987, 0.3021282739603853, 0.23209599653819526, 0.28642651765348964], [0.22028645614238967, 0.2739005306299789, 0.2553604059920468, 0.2504526072355847], [0.18018181969383204, 0.28530893757932246, 0.2868821130041037, 0.24762712972274212], [0.3220316440803969, 0.2675851691872385, 0.12075627862948986, 0.289626908102875], [0.18134987743051875, 0.2953652591019292, 0.26142581365492396, 0.2618590498126281], [0.14917019819686486, 0.29783755746515816, 0.30903920398217205, 0.2439530403558045], [0.18306782730001459, 0.2935289561723094, 0.264250653446791, 0.25915256308088513], [0.2575141327817934, 0.2776983790151594, 0.192206201181703, 0.2725812870213441], [0.14518314176175925, 0.30889981508722286, 0.2711541794326347, 0.2747628637183832], [0.3056334808578104, 0.2660466798075052, 0.14521479368746568, 0.28310504564721845], [0.2728194538847767, 0.2601506903267701, 0.21030677286384494, 0.25672308292460794], [0.1682370157977496, 0.3033200840589357, 0.26119375917392523, 0.26724914096938934], [0.21192306304569677, 0.2857957785917486, 0.23094608608821415, 0.2713350722743406], [0.22173304063019483, 0.27926367445188355, 0.23645186929547454, 0.26255141562244677], [0.13332301407123584, 0.303437838559035, 0.317162942632166, 0.24607620473756325], [0.21236358312783432, 0.2726888382938051, 0.26090563646797077, 0.2540419421103897], [0.24007794404032773, 0.2772431930249605, 0.21499049123688938, 0.2676883716978223], [0.18167860830083354, 0.2851570423892607, 0.2902138878620296, 0.24295046144787608], [0.1394822283211968, 0.2984960744921164, 0.3280320639298008, 0.23398963325688632], [0.22687793682851617, 0.28148724452812823, 0.2214521650470657, 0.27018265359629], [0.15969716520074623, 0.3031141603545116, 0.2646601504487975, 0.2725285239959447], [0.23443406360850527, 0.2735228059498774, 0.2322608407645774, 0.2597822896770397], [0.21575654060368957, 0.2814296562865759, 0.23555010425536357, 0.26726369885437085], [0.1665132397884563, 0.2961576019830244, 0.27785519538885506, 0.25947396283966406], [0.33830487893594924, 0.254070241623982, 0.1341106607018195, 0.27351421873824866], [0.17737584714123747, 0.2810890304658781, 0.30844274055366727, 0.23309238183921743], [0.2955094240902729, 0.2531911771403625, 0.18709376080543935, 0.26420563796392543], [0.17720975076566367, 0.28211313660194726, 0.3086257299407698, 0.23205138269161904], [0.23553573266937075, 0.26214427579387084, 0.26980378725482707, 0.2325162042819314], [0.1418202483822398, 0.3016070240136993, 0.313552812372561, 0.24301991523149957], [0.26863234087699195, 0.27244845684691343, 0.1793577270852477, 0.2795614751908466], [0.1856933817273807, 0.2842147413897482, 0.28122070009978795, 0.24887117678308301], [0.22708129845267477, 0.27612537842731116, 0.2363631374686944, 0.2604301856513195], [0.19292957650800074, 0.28863698602829946, 0.2540747040744009, 0.2643587333892988], [0.1599123435009809, 0.30441692977080576, 0.26596796392881994, 0.26970276279939337], [0.19297231517589852, 0.2901341648306344, 0.2526870908616546, 0.2642064291318127], [0.27013592314385004, 0.2793338661362384, 0.16256711686963812, 0.28796309385027324], [0.20771346945058658, 0.2726831356117732, 0.27697376460329204, 0.24262963033434823], [0.28277600945816284, 0.28215460153781735, 0.13975036775150146, 0.29531902125251835], [0.17046544824873583, 0.2895470830098446, 0.29450760944818616, 0.24547985929323327], [0.21329776663844877, 0.2710263083072784, 0.267651039717013, 0.24802488533725953], [0.16090794394048413, 0.3100157869851587, 0.24557665250682495, 0.28349961656753214], [0.16766715337930235, 0.30389330937256553, 0.2358920022368006, 0.2925475350113316], [0.14000892733510825, 0.31397330632473863, 0.27044365801039805, 0.275574108329755], [0.19177979311654372, 0.2863846060465043, 0.26923002976461163, 0.2526055710723402], [0.13330360018771198, 0.31457753625662144, 0.2771554185491396, 0.27496344500652664], [0.22960304541784762, 0.2734826793322037, 0.2393161674945216, 0.2575981077554271], [0.1562683687820884, 0.2983666880390478, 0.28433768753394456, 0.2610272556449192], [0.21215487398109656, 0.2828751677879219, 0.23697168933511034, 0.2679982688958708], [0.15973639807747145, 0.3010516188101255, 0.2761218488243875, 0.26309013428801553], [0.1598090738019623, 0.30563294864072427, 0.26973757558707684, 0.2648204019702363], [0.1865587844232676, 0.2991857693351331, 0.23320293426536826, 0.28105251197623105], [0.1798897300049588, 0.30325078225041335, 0.2368806238634789, 0.2799788638811489], [0.20072550613339907, 0.27779481588340194, 0.271132850438901, 0.2503468275442981], [0.23347573446824352, 0.29339322208342383, 0.18639986100112274, 0.28673118244721013], [0.2667728889042409, 0.2658783558897722, 0.20102271923020626, 0.26632603597578103], [0.30649181775441864, 0.2644446856427, 0.15171101499669892, 0.2773524816061825], [0.1532887904787925, 0.29461569664901993, 0.30839646937722315, 0.2436990434949647], [0.17447211400989346, 0.30048233236432914, 0.2550543445736042, 0.26999120905217305], [0.27553536497187886, 0.2569484959901877, 0.20380829285607258, 0.2637078461818605], [0.3148495365239576, 0.24706275923409737, 0.17684864701594044, 0.2612390572260048], [0.2953388884131973, 0.26527100759318456, 0.16403170528327243, 0.2753583987103457], [0.25686272803699384, 0.27484520587689903, 0.19309159384438987, 0.2752004722417173], [0.31829010800272084, 0.25771226454259893, 0.15555703655871822, 0.2684405908959623], [0.2443050139507895, 0.28744118299457033, 0.17068642260732533, 0.2975673804473145], [0.213516636269031, 0.29924808494909233, 0.19481192155113952, 0.29242335723073754], [0.3857476988184552, 0.24127545500955988, 0.06765917094874722, 0.30531767522323755], [0.2598368599128206, 0.267271788907485, 0.20174375926472837, 0.2711475919149663], [0.2291866985597325, 0.28474490083919846, 0.2100182607139808, 0.27605013988708804], [0.206767256135487, 0.2866380683908034, 0.238656748196332, 0.26793792727737775], [0.20214338646151891, 0.2866515918008447, 0.25224744105393565, 0.2589575806837008], [0.16715070441751245, 0.28112332722882255, 0.3199298031693698, 0.23179616518429527], [0.1486153732247798, 0.30596307551302127, 0.28125222891861446, 0.26416932234358453], [0.24315230407328142, 0.2694282713963575, 0.24559993402231173, 0.2418194905080492], [0.2081892893059238, 0.28817473126592835, 0.2296129197263467, 0.27402305970180163], [0.289813268340601, 0.262055719361563, 0.17194698503293065, 0.27618402726490515], [0.19255367816268615, 0.3006209019932798, 0.2277342292729541, 0.27909119057108], [0.19733890589089365, 0.2923045974064182, 0.2421245809264151, 0.2682319157762729], [0.2252154010771116, 0.2725337234414258, 0.2553757454970448, 0.24687512998441777], [0.2888678527258546, 0.24233178844968398, 0.2518857573542033, 0.2169146014702579], [0.26942948624205054, 0.2782619610455921, 0.17052628544025367, 0.2817822672721037], [0.2866208501780457, 0.2790441834513435, 0.14182362132053603, 0.2925113450500748], [0.22359056182473563, 0.2757873188206293, 0.24715884329646673, 0.25346327605816876], [0.25672848130645665, 0.30118515349578867, 0.13374923419407286, 0.3083371310036819], [0.14707922042909985, 0.3055554719520845, 0.2819343246140088, 0.2654309830048067], [0.210754612003099, 0.2901655207026083, 0.22548981579707686, 0.27359005149721555], [0.1642807731368232, 0.2886772052099631, 0.30964212206262154, 0.23739989959059207], [0.21424985533972657, 0.28936612530036465, 0.22592515911236127, 0.2704588602475477], [0.17131752837648515, 0.27626854900092335, 0.32381601756801015, 0.22859790505458127], [0.17038410898429712, 0.29982373145907776, 0.2598889303042896, 0.2699032292523352], [0.17643861760355042, 0.29814991708148775, 0.2560873113573686, 0.2693241539575932], [0.2331691178016433, 0.2881950067414495, 0.20032501878891854, 0.2783108566679887], [0.18836260241275263, 0.28553433837672093, 0.27470694352411795, 0.25139611568640874], [0.16908859774936807, 0.2989935529829601, 0.2656778069254675, 0.26624004234220466], [0.24354480507332668, 0.28309812316948846, 0.19475166951147374, 0.27860540224571134], [0.17813483509242545, 0.3003103334200829, 0.24381920623500847, 0.27773562525248346], [0.18403034195502666, 0.28246432264367743, 0.2892021237028034, 0.24430321169849217], [0.16137795224227205, 0.3073779995605319, 0.25320632820048866, 0.2780377199967069], [0.21172067240201356, 0.2785417726672084, 0.26161184203761645, 0.24812571289316152], [0.2338230605260241, 0.28923114386635096, 0.2008345518044336, 0.27611124380319135], [0.2840133937916599, 0.25391173353857327, 0.19587633623915632, 0.2661985364306106], [0.13773810744743098, 0.30469379048719414, 0.3067555290962688, 0.25081257296910625], [0.16206182582618367, 0.28782294023344107, 0.3240000861708299, 0.22611514776954542], [0.14535580038953627, 0.3095394121026711, 0.27966961992361605, 0.26543516758417623], [0.2918837999422345, 0.26704626609637816, 0.1603013555903776, 0.2807685783710101], [0.24250344393185952, 0.30230591680155117, 0.15020344198422453, 0.3049871972823652], [0.16596741760349162, 0.29479062762244385, 0.2805170561016521, 0.2587248986724122], [0.16793414470989038, 0.2959061496804819, 0.28073294295118845, 0.2554267626584393], [0.2271078637821483, 0.28870384664251403, 0.20436618494831735, 0.2798221046270202], [0.21286703457220074, 0.2975001232862728, 0.20617002380541338, 0.2834628183361131], [0.2407591100350189, 0.28315312571432694, 0.20460989326323933, 0.2714778709874148], [0.20063833214159338, 0.29491250515361245, 0.22751738960650916, 0.2769317730982849], [0.14771166237423172, 0.30364783271133244, 0.291988728068879, 0.2566517768455567], [0.13371632122544921, 0.30301825729798465, 0.32371682912723987, 0.2395485923493257], [0.21500319173684865, 0.2809251890010641, 0.24559863285022668, 0.25847298641186034], [0.19280278239282586, 0.2864552580998289, 0.2610065107963809, 0.25973544871096427], [0.14661298579137375, 0.30168981764372443, 0.30461870247667516, 0.24707849408822677], [0.22546300785236942, 0.2830970809002612, 0.22454504790893773, 0.26689486333843154], [0.16395567660347551, 0.2940079988866228, 0.3004536800124786, 0.2415826444974229], [0.2097486136726531, 0.2878630256939419, 0.22998934459378556, 0.2723990160396194], [0.18400270749988004, 0.2894965410939112, 0.2779875288460868, 0.24851322256012187], [0.18927279231730193, 0.29507920301965884, 0.239276597570874, 0.2763714070921651], [0.17879494049065126, 0.3025248147129653, 0.2449515389844344, 0.27372870581194914], [0.21581314511925534, 0.27708140413678545, 0.2563420158225118, 0.2507634349214475], [0.25820907617213085, 0.2688927785644391, 0.19955894509677893, 0.27333920016665086], [0.16982673100764298, 0.3123001003425915, 0.22528642524215833, 0.2925867434076075], [0.20541425140861955, 0.2899585521477805, 0.23216675888409932, 0.2724604375595004], [0.23749510192050483, 0.27908528860083043, 0.21490786043304658, 0.26851174904561803], [0.2525519117996266, 0.27236049037835075, 0.21148078223536707, 0.2636068155866555], [0.20078688649925758, 0.27965520156416906, 0.2773754930677409, 0.24218241886883254], [0.20240802526179108, 0.2988219565316946, 0.21435887799752854, 0.284411140208986], [0.17002517719173285, 0.297050244516111, 0.27112194479322016, 0.2618026334989361], [0.22894817231670986, 0.2906967826075444, 0.19138826864229103, 0.28896677643345464], [0.14028820210062065, 0.307133586070391, 0.29674385675212234, 0.25583435507686625]]}}