{"test": {"ids": ["100113210", "110118121", "112121010", "111116640", "110113591", "103120290", "108121190", "112119580", "105115680", "108115880", "110118630", "102116500", "110118701", "107121230", "111116530", "102110690", "98120010", "100109311", "107114110", "99110730", "113117630", "102109850", "106118820", "110117110", "108121160", "98113881", "107113200", "101108580", "108113480", "105118740", "108114040", "107113550", "111114941", "108115500", "112118930", "112117790", "111120591", "111119150", "112120670", "99107630", "113121190", "108121410", "105112130", "98110230", "104116980", "97106820", "104111711", "110114950", "110114610", "100111390", "104114320", "100108520", "111120280", "112116610", "99109311", "103120730", "112118810", "106118520", "105112100", "112117580", "104111550", "108119550", "112117210", "111116090", "113118820", "100109330", "99108010", "103110760", "102121700", "110121140", "111115910", "113121810", "111116010", "102109010", "100113370", "97116790", "97107920", "108116501", "97113260", "111116040", "106118301", "111121930", "108115250", "109113591", "111120260", "105117200", "108113740", "110119300", "98106560", "111117000", "98108520", "101109000", "109117150", "113120830", "98107210", "113119930", "104118070", "102110890", "110118930", "113120070", "110118111", "102107961", "113122150", "112116290", "111115400", "103109791", "106113360", "102113210", "100115700", "110121450", "111117571", "101116130", "112118550", "103111830", "111118910", "97111790", "104111990", "112118860", "101111210", "100109000", "99108330", "102108621", "112119950", "104114230", "97116410", "110113931", "104119340", "107114950", "100110050", "113121220", "102111990", "111116170", "108117610", "97109570", "98119591", "113122320", "106119580", "107116300", "98121790", "106114280", "108116481", "109119450"], "labels": [0, 3, 2, 0, 0, 2, 1, 3, 2, 3, 1, 1, 3, 0, 3, 0, 2, 1, 1, 3, 0, 1, 3, 0, 2, 3, 0, 0, 0, 1, 0, 0, 0, 3, 1, 3, 1, 3, 2, 2, 1, 0, 1, 3, 1, 1, 1, 0, 1, 2, 2, 2, 0, 1, 1, 1, 3, 2, 1, 0, 1, 1, 1, 3, 0, 0, 2, 1, 1, 3, 2, 2, 1, 1, 3, 2, 0, 0, 1, 0, 1, 1, 1, 3, 3, 3, 3, 1, 1, 0, 2, 1, 2, 3, 1, 1, 2, 0, 1, 2, 1, 3, 2, 0, 0, 3, 0, 3, 1, 3, 3, 2, 3, 3, 0, 2, 2, 3, 2, 1, 1, 3, 0, 2, 3, 1, 1, 3, 3, 3, 2, 0, 3, 0, 1, 1, 3, 0, 2, 3, 0, 3], "predicted_labels": [3, 3, 3, 3, 3, 3, 3, 1, 1, 3, 3, 0, 1, 3, 3, 3, 1, 0, 0, 1, 0, 1, 3, 3, 3, 1, 1, 3, 3, 0, 3, 0, 1, 2, 3, 3, 0, 1, 3, 3, 3, 1, 1, 0, 1, 3, 0, 0, 3, 0, 1, 3, 3, 3, 3, 3, 0, 0, 0, 3, 3, 3, 1, 1, 1, 0, 1, 1, 1, 2, 0, 1, 3, 0, 3, 1, 0, 3, 3, 1, 3, 3, 0, 1, 1, 1, 0, 1, 0, 0, 0, 0, 1, 3, 1, 0, 2, 3, 1, 1, 2, 0, 3, 0, 3, 0, 3, 3, 0, 1, 3, 1, 1, 3, 1, 1, 3, 0, 3, 3, 1, 3, 3, 3, 0, 3, 3, 3, 0, 3, 3, 3, 1, 0, 1, 1, 1, 1, 0, 2, 1, 3], "confidence_scores": [[0.20414068177500738, 0.19656168302850144, 0.10686615659980361, 0.4924314785966878], [0.1375154709400024, 0.26386282439096226, 0.1349404611161375, 0.46368124355289775], [0.17103473191190233, 0.2936541514875594, 0.1976807800346176, 0.33763033656592084], [0.1444081374655028, 0.30335455839423225, 0.12265242931174218, 0.4295848748285228], [0.20640343849078327, 0.2387168760749402, 0.2502866699635059, 0.30459301547077067], [0.2608827491049441, 0.2349625483521182, 0.1674654429345419, 0.336689259608396], [0.25738785732657404, 0.2612807451955711, 0.14734996752854773, 0.333981429949307], [0.16783497732058297, 0.43162356211431024, 0.12610771128897383, 0.2744337492761329], [0.1389013150659075, 0.41486824746591444, 0.20240723457693227, 0.2438232028912457], [0.18408940141165528, 0.258439795499386, 0.25230003677549806, 0.30517076631346074], [0.2890221257503224, 0.224114122492675, 0.14264993789720792, 0.3442138138597947], [0.33769290673437524, 0.22817204719613682, 0.13719115116898814, 0.2969438949004999], [0.3128815409900097, 0.33970356963769205, 0.10622376015863212, 0.24119112921366617], [0.20851890384434016, 0.3136415272811864, 0.1282826032709617, 0.34955696560351157], [0.14923678442927857, 0.2628422631124941, 0.2613316765571595, 0.32658927590106773], [0.295725826124865, 0.1554220133190752, 0.08956912099367445, 0.45928303956238536], [0.2233338451556553, 0.3015745160791473, 0.18730953341993387, 0.28778210534526355], [0.3264209603030503, 0.22141969447837753, 0.1767993216201008, 0.2753600235984716], [0.38621128148485834, 0.14820795892864178, 0.10461193457603704, 0.360968825010463], [0.14485684131881357, 0.3471091600953454, 0.22167144807382347, 0.28636255051201753], [0.4234204056980096, 0.18300809232478224, 0.10302070598410534, 0.29055079599310285], [0.28025922986104707, 0.3427126340359024, 0.21638829552817695, 0.1606398405748735], [0.20192773184774004, 0.20574953192302575, 0.26804047265690817, 0.3242822635723261], [0.21068611675975432, 0.28662599676163064, 0.15237671689668647, 0.3503111695819286], [0.21997367212111232, 0.30712207653488516, 0.1461349164183014, 0.3267693349257012], [0.16690743667381197, 0.3963550806922149, 0.17694207293060243, 0.2597954097033707], [0.20899393739877686, 0.3459295119845459, 0.15278587970355348, 0.29229067091312366], [0.3164581022429977, 0.1691107230920636, 0.1779597744806327, 0.33647140018430594], [0.1376159159059691, 0.22662686984104427, 0.11717531852091935, 0.5185818957320673], [0.44367422296407394, 0.22668953935281302, 0.09477687066499021, 0.23485936701812274], [0.19236127035147144, 0.20841983911730655, 0.2083115878083134, 0.39090730272290863], [0.37678227118549257, 0.1793826055485948, 0.21065526851915994, 0.2331798547467528], [0.31216869734570435, 0.32244234800946286, 0.18556006668856692, 0.1798288879562659], [0.16560749826704765, 0.24119657276495376, 0.46161839093970986, 0.13157753802828875], [0.12967405046839442, 0.32152793477786906, 0.14458062828043264, 0.404217386473304], [0.1615211957602927, 0.25676499368583433, 0.13810948851755325, 0.44360432203631983], [0.4108423086385429, 0.2228086344039311, 0.14241692377327508, 0.22393213318425104], [0.25381463564843576, 0.3942332507551341, 0.14800685198598804, 0.20394526161044216], [0.16621344882360803, 0.3276474492244678, 0.14635583870580327, 0.35978326324612075], [0.2990515063256026, 0.27958885829615004, 0.1092400262303051, 0.31211960914794223], [0.1990695671273374, 0.24487114001926324, 0.1293786351838236, 0.42668065766957575], [0.21171133282493584, 0.37448005551298347, 0.17653130428079547, 0.2372773073812852], [0.1793749694140906, 0.545297546712807, 0.10916713216290609, 0.16616035171019636], [0.4353136182795789, 0.22927625642301108, 0.09835586110918941, 0.23705426418822068], [0.15759330995493775, 0.3274350394823361, 0.30219971063935774, 0.2127719399233686], [0.31332072555123747, 0.22923298109517487, 0.09890486477060714, 0.35854142858298055], [0.34882741932163824, 0.23635063609776807, 0.15533275816030181, 0.259489186420292], [0.35704039585536984, 0.22347612741814382, 0.12979133385427352, 0.2896921428722129], [0.21808414852157343, 0.2472260931680985, 0.19208673736417262, 0.34260302094615547], [0.3962245266974401, 0.2628137932892495, 0.14788698747412485, 0.19307469253918547], [0.15042695703203013, 0.5304021302947344, 0.08929229612655279, 0.2298786165466828], [0.3482644114221177, 0.1368200034339189, 0.1569748390929314, 0.3579407460510321], [0.27182781382676274, 0.2236790020659001, 0.20449225101414373, 0.30000093309319353], [0.24947908590369425, 0.2647522385638609, 0.20289408492874375, 0.28287459060370124], [0.13252351418026717, 0.3438962878431487, 0.14932040151465198, 0.3742597964619323], [0.11810163900251787, 0.24085357229316512, 0.09116392065548917, 0.5498808680488277], [0.3225367712272754, 0.28606710904103594, 0.1440118148237353, 0.2473843049079535], [0.31324572938421336, 0.2780565846599303, 0.17328239361787806, 0.2354152923379785], [0.4187187075621978, 0.22769636814263503, 0.12011055212755799, 0.23347437216760916], [0.1939253841809521, 0.1366402844007533, 0.07173586584089656, 0.597698465577398], [0.2829258888416036, 0.2384306197173745, 0.13519990576723986, 0.3434435856737821], [0.15879485432157878, 0.12531157284272923, 0.1458116725304219, 0.57008190030527], [0.2696245077403902, 0.28204746374560746, 0.25327654281545514, 0.1950514856985474], [0.2385021128371761, 0.309508036813156, 0.20129166208634275, 0.25069818826332513], [0.22604802615389138, 0.4453587959884039, 0.11914060616356678, 0.2094525716941379], [0.2929536649173833, 0.25356058414983956, 0.17849649012217617, 0.2749892608106011], [0.2984896545161291, 0.3692118612334949, 0.1276463306558958, 0.2046521535944801], [0.2596530875582245, 0.28842431338644514, 0.16386034243783598, 0.2880622566174942], [0.15333337031431377, 0.43566153474541897, 0.09536148127597027, 0.31564361366429694], [0.12603362043813374, 0.21695267072097757, 0.5564028723817867, 0.10061083645910217], [0.2958931789043417, 0.27579202866614244, 0.17452502234567818, 0.25378977008383774], [0.06875525299618566, 0.5899584690497255, 0.2044764106285761, 0.13680986732551284], [0.2944628864000819, 0.23677995070079028, 0.13643631490036937, 0.33232084799875855], [0.2967476580820381, 0.28005994347485214, 0.1555969027995551, 0.2675954956435548], [0.3545798350016866, 0.16817161500812344, 0.08857735504123034, 0.3886711949489597], [0.18843912927137393, 0.3940864042856556, 0.17951613666368477, 0.23795832977928577], [0.29802210770362103, 0.2798638941574557, 0.15248183475982002, 0.26963216337910334], [0.11902949612668688, 0.28440500735131086, 0.13359295359860832, 0.4629725429233942], [0.16788684023608588, 0.2535746730584354, 0.16168507615259406, 0.4168534105528846], [0.14180363438641994, 0.36545371110035624, 0.20538518958288596, 0.287357464930338], [0.22522103340698094, 0.24992922347916208, 0.16396540810259347, 0.36088433501126366], [0.17801065357380605, 0.30959484680447397, 0.09777532602178084, 0.4146191735999392], [0.36827117718707336, 0.33299667938849226, 0.11977696070298595, 0.17895518272144867], [0.2711370650957683, 0.3607933895949466, 0.1335929313600904, 0.23447661394919472], [0.17042070561501607, 0.42161489626014986, 0.13747690486610953, 0.2704874932587245], [0.2177781908100153, 0.3180274267698585, 0.18078384189719507, 0.28341054052293096], [0.5375847283803832, 0.16418763680022902, 0.12218674905005346, 0.17604088576933422], [0.24137464767054428, 0.3991784578550775, 0.1311551289997755, 0.22829176547460275], [0.3609304905445254, 0.24368766275691095, 0.19169300320715277, 0.20368884349141103], [0.33569671899121833, 0.25072047105754725, 0.14926447294914447, 0.26431833700209], [0.3735135544106916, 0.21141638617339048, 0.20954104670593054, 0.2055290127099873], [0.3360454290086742, 0.18398140156230805, 0.18956384209188634, 0.2904093273371314], [0.2516916041560073, 0.31298415051674777, 0.1685048128991654, 0.2668194324280796], [0.21994826893021233, 0.21341163940187535, 0.17206767418089833, 0.3945724174870141], [0.1422659912584212, 0.3502234526341636, 0.20530902197680326, 0.30220153413061207], [0.3256919267896742, 0.24189144644115584, 0.16272167472939547, 0.26969495203977445], [0.09632030544937216, 0.214670580365235, 0.4039048009996714, 0.2851043131857213], [0.2282611815382009, 0.2959340166089652, 0.12868519080776464, 0.3471196110450694], [0.1929323538781277, 0.4312644856323631, 0.14942496408475756, 0.22637819640475165], [0.10442809397714287, 0.47849346159954514, 0.32845916672638253, 0.08861927769692957], [0.2875668799612077, 0.21344685194453752, 0.3066788857722237, 0.19230738232203112], [0.3647926775429329, 0.2156262705110005, 0.13682962436174248, 0.28275142758432414], [0.18702004621433096, 0.20299725656057702, 0.20761471657565245, 0.40236798064943957], [0.3817629019109109, 0.24808338588977955, 0.1129541994915534, 0.2571995127077562], [0.2632143833386392, 0.19987778251380361, 0.16112677712111337, 0.3757810570264439], [0.3845891540341714, 0.18591984808110262, 0.20901734613803166, 0.22047365174669428], [0.28308223470493343, 0.25386727828315314, 0.14430739890556332, 0.3187430881063502], [0.2640562638096209, 0.2227612212666466, 0.1781316118223336, 0.33505090310139896], [0.30902634119469363, 0.17144003326924775, 0.21633568432129385, 0.3031979412147649], [0.27595622312837514, 0.35864391146919944, 0.09999356497812763, 0.2654063004242979], [0.16695140775885636, 0.28934380221387584, 0.24716806465846855, 0.29653672536879927], [0.19989660358888134, 0.3494523053369433, 0.1310921941413279, 0.31955889693284767], [0.12776946833083425, 0.4157070295920461, 0.120922750419656, 0.3356007516574637], [0.18993011686583758, 0.1642827079358664, 0.13641502445148362, 0.5093721507468124], [0.33378515715652635, 0.3408444859241049, 0.15393727847543262, 0.171433078443936], [0.17766610156278012, 0.40027741535811096, 0.15010609316571472, 0.2719503899133943], [0.1962358656381109, 0.24480950227596115, 0.16361191444604614, 0.3953427176398817], [0.3390233693178813, 0.2164801326680461, 0.2026046866059951, 0.24189181140807767], [0.22978540388508037, 0.20944522257417594, 0.27106412939491814, 0.28970524414582544], [0.23870664083841045, 0.28359220941106855, 0.13058552722585867, 0.34711562252466244], [0.14852312659526118, 0.561733676721619, 0.08218169052807824, 0.20756150615504182], [0.2554934256707883, 0.21962512046272595, 0.14317482249434466, 0.3817066313721412], [0.2435327053967632, 0.19688827385940916, 0.18121453350065997, 0.37836448724316785], [0.23526727725312246, 0.21273928876731346, 0.19381641876454178, 0.35817701521502243], [0.31921191705837604, 0.23019343385767982, 0.2220419511011103, 0.2285526979828339], [0.27396803450716006, 0.23820159829429913, 0.19529212422978764, 0.29253824296875314], [0.24719286439084984, 0.2537009419710772, 0.1285967137251256, 0.3705094799129475], [0.19899539897440033, 0.19307742025051414, 0.2495249570933707, 0.35840222368171487], [0.4036334593770531, 0.38417990425635046, 0.07977347227811876, 0.1324131640884779], [0.21327858739605282, 0.18530722381301354, 0.13532382908380583, 0.46609035970712775], [0.15609603402694508, 0.3157700557766268, 0.1408220495409631, 0.3873118606554651], [0.21557395811911081, 0.18017394793275956, 0.23238240766293614, 0.3718696862851936], [0.13831028857801933, 0.3986892354119989, 0.10738668186618275, 0.3556137941437992], [0.44685440600342197, 0.2769753986502665, 0.10090524966935584, 0.17526494567695555], [0.26929293135644977, 0.29272226827279135, 0.2616480840593447, 0.17633671631141418], [0.29605243377495066, 0.34815917772493854, 0.1070508233084592, 0.2487375651916517], [0.1545379815268542, 0.36511158049390585, 0.19628918787375926, 0.28406125010548083], [0.10142209271248517, 0.5353203762811537, 0.10906129219467987, 0.25419623881168124], [0.5733364741524978, 0.14105162803911736, 0.14445842589422672, 0.1411534719141581], [0.179656891438421, 0.12835514422364866, 0.38433075065923855, 0.30765721367869187], [0.22432238770062018, 0.4116143446072189, 0.12529865383584227, 0.23876461385631878], [0.2599996496911062, 0.2980924864565116, 0.1377126625390786, 0.30419520131330346]]}, "rewritten": {"ids": ["97106820", "97107920", "97109570", "97111790", "97113260", "97116410", "97116790", "98106560", "98107210", "98108520", "98110230", "98113881", "98119591", "98120010", "98121790", "99107630", "99108010", "99108330", "99109311", "99110730", "100108520", "100109000", "100109311", "100109330", "100110050", "100111390", "100113210", "100113370", "100115700", "101108580", "101109000", "101111210", "101116130", "102107961", "102108621", "102109010", "102109850", "102110690", "102110890", "102111990", "102113210", "102116500", "102121700", "103109791", "103110760", "103111830", "103120290", "103120730", "104111550", "104111711", "104111990", "104114230", "104114320", "104116980", "104118070", "104119340", "105112100", "105112130", "105115680", "105117200", "105118740", "106113360", "106114280", "106118301", "106118520", "106118820", "106119580", "107113200", "107113550", "107114110", "107114950", "107116300", "107121230", "108113480", "108113740", "108114040", "108115250", "108115500", "108115880", "108116481", "108116501", "108117610", "108119550", "108121160", "108121190", "108121410", "109113591", "109117150", "109119450", "110113591", "110113931", "110114610", "110114950", "110117110", "110118111", "110118121", "110118630", "110118701", "110118930", "110119300", "110121140", "110121450", "111114941", "111115400", "111115910", "111116010", "111116040", "111116090", "111116170", "111116530", "111116640", "111117000", "111117571", "111118910", "111119150", "111120260", "111120280", "111120591", "111121930", "112116290", "112116610", "112117210", "112117580", "112117790", "112118550", "112118810", "112118860", "112118930", "112119580", "112119950", "112120670", "112121010", "113117630", "113118820", "113119930", "113120070", "113120830", "113121190", "113121220", "113121810", "113122150", "113122320"], "labels": [1, 0, 0, 2, 1, 3, 2, 1, 1, 2, 3, 3, 1, 2, 2, 2, 2, 1, 1, 3, 2, 1, 1, 0, 3, 2, 0, 3, 1, 0, 1, 2, 2, 3, 3, 1, 1, 0, 0, 2, 3, 1, 1, 3, 1, 3, 2, 1, 1, 1, 2, 2, 2, 1, 2, 1, 1, 1, 2, 3, 1, 0, 3, 1, 2, 3, 3, 0, 0, 1, 3, 0, 0, 0, 3, 0, 1, 3, 3, 0, 0, 3, 1, 2, 1, 0, 3, 2, 3, 0, 1, 1, 0, 0, 1, 3, 1, 3, 1, 1, 3, 3, 0, 0, 2, 1, 0, 3, 0, 3, 0, 0, 3, 0, 3, 3, 0, 1, 1, 0, 1, 1, 0, 3, 3, 3, 3, 1, 3, 0, 2, 2, 0, 0, 1, 2, 3, 1, 3, 2, 2, 1], "predicted_labels": [1, 2, 0, 1, 2, 3, 0, 1, 1, 1, 1, 1, 1, 0, 1, 0, 0, 1, 3, 1, 0, 3, 0, 3, 1, 0, 0, 1, 0, 3, 3, 0, 1, 0, 1, 0, 1, 3, 0, 3, 1, 1, 3, 0, 3, 0, 1, 1, 0, 3, 1, 1, 1, 1, 3, 3, 1, 1, 3, 0, 1, 1, 1, 0, 1, 1, 0, 3, 2, 0, 0, 1, 1, 1, 0, 3, 1, 0, 3, 3, 1, 3, 2, 1, 1, 0, 3, 1, 1, 0, 3, 1, 0, 3, 0, 1, 1, 1, 2, 1, 3, 0, 1, 3, 1, 0, 3, 3, 0, 0, 1, 1, 1, 3, 1, 0, 3, 0, 3, 0, 0, 1, 0, 3, 3, 1, 1, 1, 1, 3, 1, 0, 0, 1, 3, 1, 2, 1, 1, 1, 2, 3], "confidence_scores": [[0.2573962376495644, 0.34219724416307234, 0.07980071617076338, 0.3206058020165999], [0.2614344658872685, 0.20243751436645468, 0.2958938671168454, 0.24023415262943154], [0.3810735341754213, 0.24677998951173505, 0.1122299172512297, 0.2599165590616141], [0.22618165110672842, 0.3327012367028874, 0.12661285793926577, 0.31450425425111844], [0.17517682210067484, 0.23741928330691017, 0.35431094019528103, 0.23309295439713404], [0.21801497774342873, 0.2789385257132844, 0.21465063685788657, 0.2883958596854003], [0.37299828564470067, 0.2060823619064853, 0.15048196175234474, 0.2704373906964694], [0.27363284545608674, 0.3007368293270558, 0.15648253550692948, 0.26914778970992786], [0.20702369074732827, 0.4166727985485165, 0.12417626894583811, 0.2521272417583171], [0.2460300723513047, 0.279976616678893, 0.26161214880372113, 0.21238116216608133], [0.2614360432523494, 0.38232940434555096, 0.12318909435512333, 0.23304545804697635], [0.2281677220248387, 0.6080027678014422, 0.07352189769863772, 0.09030761247508134], [0.20510669626268058, 0.3130070002877291, 0.1959419425816233, 0.28594436086796715], [0.29087248258999276, 0.2771431243007535, 0.15815569284252542, 0.2738287002667284], [0.23270670244701128, 0.26823158715752976, 0.25031269275429907, 0.24874901764115986], [0.3112280787375313, 0.19663365379969766, 0.18159073185878583, 0.31054753560398524], [0.3369870216546004, 0.26626410638649833, 0.11239890153179041, 0.284349970427111], [0.1660648106721144, 0.31885580768334865, 0.19740985009248138, 0.31766953155205563], [0.2078405158157198, 0.2576621468406783, 0.23370576676935353, 0.3007915705742483], [0.2259528739107296, 0.31264644504919215, 0.24125037765513654, 0.22015030338494176], [0.3189288306039547, 0.20723288551526164, 0.2728540226919822, 0.20098426118880144], [0.28971417600792504, 0.23494262392907017, 0.13227789505583631, 0.3430653050071685], [0.35851080563113286, 0.27393746628806914, 0.15281313905496177, 0.21473858902583623], [0.20586895156531407, 0.2710457303491172, 0.19468934294993623, 0.32839597513563257], [0.2298061706606311, 0.4538639301569438, 0.11491597082619526, 0.2014139283562298], [0.3437152236022373, 0.3029365577563309, 0.15137995934635698, 0.20196825929507486], [0.36420251766542233, 0.29520647013936363, 0.1274167149276367, 0.2131742972675772], [0.27761846268690626, 0.30412781238587505, 0.1523180540380792, 0.26593567088913955], [0.3155199239046449, 0.22651122765543677, 0.15374342142331823, 0.30422542701660016], [0.2593616630912823, 0.23768823563654942, 0.19123404166493654, 0.3117160596072317], [0.19582043448288236, 0.21529806165016405, 0.10037984347176687, 0.4885016603951868], [0.3529607806854904, 0.17654781048324852, 0.19870459597319368, 0.2717868128580675], [0.19679707997231996, 0.4137494608611062, 0.13142217968296555, 0.2580312794836083], [0.33840009830793805, 0.26717296067432744, 0.14618825065851973, 0.24823869035921498], [0.2823132167504288, 0.3063694765983231, 0.10958089614271566, 0.30173641050853245], [0.29196844117711473, 0.2722698093512288, 0.1687613990977922, 0.26700035037386427], [0.2348856250194353, 0.4996671790228632, 0.09169382042955547, 0.17375337552814601], [0.30929097075494855, 0.206009587123382, 0.12776430847197995, 0.35693513364968965], [0.31227265218258204, 0.3062866022194138, 0.12773394335394095, 0.2537068022440632], [0.1807097769155118, 0.2584729385577451, 0.132832787741717, 0.42798449678502615], [0.27663572082206056, 0.300724737427381, 0.16554824837614748, 0.257091293374411], [0.32331844426002254, 0.3234100254109608, 0.1447553390639073, 0.20851619126510942], [0.22644698338743266, 0.2647403632341322, 0.2296512621750057, 0.27916139120342953], [0.35013978193380596, 0.2626007539060657, 0.12130613434016899, 0.26595332981995945], [0.16960652583991642, 0.21775479158536382, 0.13176328598634013, 0.48087539658837974], [0.3281181321919006, 0.23107426344622692, 0.1879744305511682, 0.2528331738107044], [0.15266718998544201, 0.32288955203355574, 0.22013439574974256, 0.30430886223125986], [0.2114212810755068, 0.2867818369433738, 0.21979761853863988, 0.2819992634424793], [0.32438263945886636, 0.2689706684478106, 0.15798082076279613, 0.24866587133052687], [0.20449038359529254, 0.2903146148860658, 0.1859604342547886, 0.3192345672638531], [0.16688790774907977, 0.4414275719239376, 0.13839962124231445, 0.25328489908466817], [0.17351057632940986, 0.4366545589064294, 0.146190714858762, 0.24364414990539887], [0.23792908052532552, 0.5368658529644187, 0.09499594421677265, 0.13020912229348322], [0.20415953024823763, 0.5197562763319454, 0.1220699429229402, 0.15401425049687678], [0.16682257865213737, 0.29722905225104956, 0.1684027462481166, 0.36754562284869646], [0.21143722839274395, 0.302199331824531, 0.1617980664343497, 0.3245653733483754], [0.2591193997928939, 0.3932885052718696, 0.13641464882255888, 0.21117744611267775], [0.19419223458244242, 0.49311090755834397, 0.12410573589306559, 0.18859112196614816], [0.2526346705711047, 0.24888271448444577, 0.11523597090959953, 0.3832466440348499], [0.36988402669284776, 0.2343695680211839, 0.14426076672831492, 0.2514856385576533], [0.24193495146001381, 0.3573591383231372, 0.19096315009599912, 0.20974276012084977], [0.2873745660428267, 0.30088413533781766, 0.11838862760334556, 0.29335267101601004], [0.17785974538327984, 0.3183225165319937, 0.22347341619734043, 0.28034432188738606], [0.3568611743555985, 0.2513094118715075, 0.1585169499712567, 0.23331246380163745], [0.21654150917941556, 0.3164066376690154, 0.23964298273744145, 0.22740887041412752], [0.18936188498143566, 0.3980953838920223, 0.10619946339356004, 0.30634326773298187], [0.3309168615104216, 0.2811805066936363, 0.15756287191356835, 0.23033975988237393], [0.2104963158328173, 0.2757531128156113, 0.12462022419270795, 0.38913034715886347], [0.23724498799042762, 0.21619297026346793, 0.29475091077884713, 0.2518111309672572], [0.32472250702127475, 0.23171143758304352, 0.14511394807314526, 0.29845210732253663], [0.32944498324194194, 0.3244531015494468, 0.1501306870234546, 0.19597122818515658], [0.11080383830324154, 0.35004569838156846, 0.2743552854313923, 0.2647951778837976], [0.13956909258435923, 0.3766987751128044, 0.2845566123923252, 0.1991755199105112], [0.29629876099212815, 0.35128695256397646, 0.19869482657368479, 0.1537194598702106], [0.3564431495328567, 0.23641912029362303, 0.11429279425882045, 0.2928449359147001], [0.16081987311086235, 0.26163810100882723, 0.21538557288208465, 0.3621564529982257], [0.2762070062119074, 0.3671760536254638, 0.11853987019918422, 0.23807706996344463], [0.4076356183174288, 0.23401758387354898, 0.1372676177887491, 0.22107918002027316], [0.28522158488291227, 0.23565529369614957, 0.16947789534012409, 0.309645226080814], [0.2310356349664582, 0.2448379381129978, 0.1710916063683591, 0.3530348205521849], [0.2754484467190067, 0.2866761002690988, 0.18913177458367564, 0.24874367842821885], [0.24469730723652133, 0.2587566674349602, 0.19734127007818605, 0.2992047552503325], [0.14849152940076432, 0.1432463353641377, 0.6104137332440552, 0.09784840199104267], [0.28787417139643734, 0.3047041459969843, 0.16028233687281707, 0.24713934573376134], [0.25105543300028343, 0.3083782609703075, 0.1431091958819535, 0.2974571101474555], [0.3813181777851929, 0.29513093873117596, 0.14207343136817166, 0.1814774521154597], [0.2693116307243614, 0.2815288252572729, 0.13552549388860805, 0.3136340501297577], [0.1532875236027848, 0.38593106712088654, 0.23755150591105959, 0.22322990336526913], [0.22883398365675947, 0.2958369853909301, 0.24773849795679115, 0.2275905329955195], [0.3709909650828333, 0.21860083494309276, 0.11840101069117077, 0.29200718928290326], [0.2165679968234346, 0.2693179034611096, 0.15796060221166022, 0.35615349750379566], [0.21563369426071657, 0.40707368667783655, 0.11483629579375919, 0.2624563232676879], [0.3648774886515273, 0.29023500445839084, 0.12070478348710999, 0.22418272340297213], [0.2874330633949489, 0.25006484434941517, 0.13942686975043384, 0.32307522250520215], [0.36554271757662854, 0.2673445429673032, 0.11334558126646668, 0.2537671581896017], [0.21498790728584652, 0.42277543948186413, 0.13890443057114935, 0.22333222266114003], [0.21865532729757334, 0.44743539559182804, 0.10639371567527683, 0.22751556143532184], [0.1514691933306, 0.3739697784588586, 0.12382200931827665, 0.3507390188922649], [0.16885434875007782, 0.2292833357072474, 0.34669890952068017, 0.25516340602199455], [0.18750374287845908, 0.3762359104116518, 0.16163281002942384, 0.27462753668046547], [0.24861958297122233, 0.2595265724688733, 0.19043210890400736, 0.30142173565589697], [0.5053915657632, 0.15211122006024586, 0.1041554149847951, 0.23834179919175907], [0.2647405769453283, 0.3607768532593091, 0.1341007114923631, 0.24038185830299966], [0.22501980765433344, 0.31436492442467356, 0.12218779703217786, 0.3384274708888151], [0.15229300946035162, 0.5707492869689906, 0.10736751170126846, 0.16959019186938926], [0.3278632427444344, 0.25353192246793127, 0.14376296159982535, 0.27484187318780906], [0.17108669690723163, 0.23642165241490357, 0.24603020742013967, 0.3464614432577252], [0.2001140169127858, 0.2950938343905626, 0.17009117108994792, 0.33470097760670364], [0.37312662476896263, 0.22344162392788383, 0.13130481218989887, 0.2721269391132547], [0.2982661454036265, 0.2701296114926987, 0.1471726915957612, 0.2844315515079136], [0.1570707063201269, 0.5938991578382862, 0.10987464106189015, 0.13915549477969663], [0.1465782285414314, 0.3866860585166586, 0.15047492613849597, 0.316260786803414], [0.27331734315714323, 0.2895153199878769, 0.16692281128255357, 0.27024452557242634], [0.2444749100085239, 0.21819702793089035, 0.15539941600050342, 0.3819286460600824], [0.21196097690803595, 0.3708218224776954, 0.1267531243367364, 0.2904640762775323], [0.2976500714129678, 0.24076061779185215, 0.22537992193131032, 0.2362093888638698], [0.2071773895762569, 0.2502252301795923, 0.21545799637943963, 0.32713938386471125], [0.45737553023361033, 0.1558066018638734, 0.10976533847999811, 0.27705252942251835], [0.1758445431029541, 0.2483123411945359, 0.17200070877268045, 0.4038424069298295], [0.3467010757331631, 0.25193601934739657, 0.11400232038685519, 0.28736058453258506], [0.31317501236457534, 0.24498199786876443, 0.13114379305161078, 0.3106991967150495], [0.2575278585694066, 0.31909918449253205, 0.16938572986524073, 0.25398722707282073], [0.3077277418575769, 0.2347198904328228, 0.16240757086474045, 0.29514479684486], [0.2865217958798036, 0.25581818281788393, 0.11561374533761558, 0.3420462759646969], [0.2622348654611371, 0.28924331743250387, 0.14360025881655497, 0.304921558289804], [0.2514822968174528, 0.341633109426138, 0.1847184537022113, 0.22216614005419774], [0.22949262071021398, 0.3700823021062289, 0.1389044963460695, 0.2615205808374876], [0.19923777808481896, 0.3133039302036624, 0.2518082557420832, 0.23565003596943532], [0.15627539170925867, 0.5200785488772226, 0.11976390494665114, 0.2038821544668677], [0.23275826392691093, 0.220063032808829, 0.10335842771460182, 0.44382027554965825], [0.14645726567459869, 0.465006113459298, 0.22603562133651783, 0.16250099952958552], [0.2596895284599467, 0.2452093371596452, 0.24064824440958513, 0.2544528899708231], [0.2779034944714845, 0.27782183722531745, 0.19536439155819055, 0.24891027674500768], [0.26310511230775696, 0.26690534138092786, 0.240647599736214, 0.22934194657510115], [0.26818258787552984, 0.2954243139699698, 0.12372643573429563, 0.31266666242020485], [0.1985269495270321, 0.45935566296868346, 0.1553585724205198, 0.18675881508376463], [0.2277873308960445, 0.20431317360480303, 0.3624361675107692, 0.2054633279883835], [0.19102976730052623, 0.4205356560013252, 0.22802680383528393, 0.16040777286286456], [0.18389178200636142, 0.4014070153334468, 0.14494849668117527, 0.2697527059790165], [0.1425679909820436, 0.5885781620512242, 0.1391355053593851, 0.12971834160734702], [0.23103990463925608, 0.23239452070110148, 0.27739168667370717, 0.2591738879859353], [0.24813115763196184, 0.24137550364528135, 0.2337168517919131, 0.2767764869308439]]}}