{"test": {"ids": ["103113610", "112120640", "104110960", "99109740", "106115240", "99108330", "99112641", "101112540", "111116530", "101111210", "112116501", "99108580", "108117360", "112116800", "99109141", "106118520", "107118520", "98116940", "113122120", "105115380", "113118231", "110114321", "112121030", "108121160", "103113270", "101108080", "101108950", "113119300", "113118820", "111116411", "100120780", "103111620", "101108460", "98107340", "111117120", "105112100", "99108000", "109115070", "98108970", "108120700", "101111140", "103111170", "97107821", "110121450", "109114651", "113118810", "102116340", "109121351", "104116800", "100113210", "104111780", "105115680", "98117740", "103111830", "101108500", "104113170", "113118511", "112119580", "111119580", "106118161", "99108520", "106115120", "113121010", "107113130", "105112260", "100111380", "107113260", "99109161", "109120150", "101108370", "102110050", "107114110", "105120280", "111119340", "112119610", "101109000", "105110251", "97106600", "99112840", "100116790", "97113900", "103109641", "105112130", "107114321", "108119550", "107113840", "105117351", "111119930", "99107660", "113122170", "107118120", "101119030", "108114200", "113117630", "111121220", "110115580", "113120830", "109115380", "99109860", "100120010", "99109780", "113118630", "112116990", "105111990", "111118301", "100109801", "109117080", "99117740", "108115880", "104111830", "112120540", "100110050", "98110710", "107116340", "108120621", "106120290", "110116300", "106116370", "112116401", "105118171", "110116290", "112116880", "106121190", "106119990", "98106560", "97116410", "109120621", "104113190", "101108290", "108117720", "99109910", "98109570", "111120640", "108118520", "108118630", "112121410", "107119390", "101113210", "101110150", "113119700", "112121010", "99113260"], "labels": [2, 0, 2, 3, 1, 1, 1, 2, 3, 2, 3, 0, 1, 0, 3, 2, 2, 2, 1, 1, 3, 1, 0, 2, 2, 0, 2, 1, 0, 0, 1, 0, 0, 0, 2, 1, 2, 0, 3, 2, 2, 2, 2, 3, 3, 3, 3, 0, 1, 0, 3, 2, 2, 3, 3, 3, 1, 3, 3, 3, 2, 1, 2, 1, 3, 3, 0, 3, 2, 1, 3, 1, 3, 3, 0, 1, 0, 3, 2, 2, 2, 1, 1, 0, 1, 3, 0, 1, 3, 1, 3, 3, 0, 0, 3, 1, 3, 3, 2, 0, 2, 3, 0, 2, 3, 0, 1, 2, 3, 3, 3, 3, 2, 3, 1, 2, 3, 2, 0, 3, 2, 0, 2, 0, 1, 3, 1, 3, 0, 1, 2, 1, 0, 0, 1, 0, 2, 3, 1, 0, 2, 0], "predicted_labels": [1, 0, 3, 1, 1, 3, 3, 3, 1, 1, 1, 1, 3, 3, 3, 1, 3, 1, 1, 1, 1, 1, 0, 1, 1, 1, 1, 1, 3, 0, 1, 1, 3, 1, 1, 3, 1, 1, 1, 0, 1, 3, 0, 1, 3, 1, 3, 3, 3, 1, 1, 1, 1, 0, 1, 3, 1, 3, 0, 1, 1, 3, 3, 3, 1, 3, 1, 1, 0, 0, 1, 3, 1, 3, 1, 1, 1, 1, 1, 1, 1, 3, 1, 1, 1, 1, 1, 1, 0, 1, 1, 1, 1, 0, 1, 3, 3, 1, 1, 3, 1, 1, 3, 1, 1, 1, 1, 1, 1, 1, 1, 3, 1, 1, 3, 1, 1, 0, 3, 1, 1, 1, 1, 3, 3, 1, 3, 1, 0, 3, 1, 1, 3, 1, 3, 3, 3, 1, 0, 1, 1, 3], "confidence_scores": [[0.27129519092019094, 0.28522272172272173, 0.1939438755688755, 0.24953821178821184], [0.31853519794618856, 0.29810008047508046, 0.13523886785728892, 0.24812585372144208], [0.23143001443001449, 0.26415594383686486, 0.17210767448925343, 0.33230636724386725], [0.22648390242798136, 0.3103619019869021, 0.20086388173230277, 0.2622903138528139], [0.2940878774003774, 0.35543706293706295, 0.1633065892440892, 0.1871684704184704], [0.22506583694083696, 0.26528230796980795, 0.216829816017316, 0.29282203907203913], [0.23705966255966263, 0.2974686563436564, 0.15255222555222556, 0.31291945554445566], [0.2306484487734489, 0.266995795870796, 0.22841083222333217, 0.2739449231324232], [0.2179158341658342, 0.33441317016317007, 0.16756916694416685, 0.2801018287268288], [0.2601939935064934, 0.3072499306249306, 0.17921148989898988, 0.2533445859695859], [0.25572484459984457, 0.3034644383394384, 0.15347016872016872, 0.2873405483405483], [0.2337788461538462, 0.27988490675990685, 0.22020752858252857, 0.26612871850371855], [0.24805065767565768, 0.2619598665223665, 0.17108762765012764, 0.3189018481518482], [0.19970890098463634, 0.2976059438927087, 0.2014200937950938, 0.30126506132756137], [0.22264910089910092, 0.3008857323232324, 0.14439380064380067, 0.3320713661338662], [0.2515110861360862, 0.36319332056832065, 0.15574714174714172, 0.22954845154845155], [0.2073910533910534, 0.3159767871017871, 0.14687135087135086, 0.3297608086358087], [0.1846476162726163, 0.4111743950493951, 0.14928468753468752, 0.2548933011433011], [0.20400556132464018, 0.32342403429903427, 0.1578755228689439, 0.3146948815073816], [0.20843353868353864, 0.2957797757797759, 0.2341097374847374, 0.261676948051948], [0.248302960927961, 0.31622853535353523, 0.14129931179931177, 0.294169191919192], [0.23134850566100568, 0.3102528651903653, 0.15193917887667882, 0.3064594502719502], [0.31238997113997113, 0.2385951687201687, 0.15297240259740255, 0.29604245754245756], [0.2605907274914627, 0.3061981225473873, 0.15001352813852808, 0.28319762182262187], [0.20513641913641906, 0.3090526556776557, 0.18624211899211895, 0.29956880619380627], [0.26378096209346213, 0.3466636766011766, 0.15634980297480294, 0.23320555833055842], [0.1683863913863914, 0.3218972069597071, 0.23119270313020318, 0.2785236985236987], [0.253044642857143, 0.29319642857142864, 0.18511273448773444, 0.26864619408369417], [0.27955236430236435, 0.27366247203089306, 0.13098871705779602, 0.31579644660894657], [0.3188021284271286, 0.20959527972027978, 0.15944105894105895, 0.3121615329115329], [0.21705753968253969, 0.3263032106782108, 0.19923167110667117, 0.25740757853257856], [0.26812617243867254, 0.3311504190254192, 0.18745979020979026, 0.21326361832611831], [0.25178564491064487, 0.2785956609824644, 0.17780502166821827, 0.2918136724386725], [0.23494083694083698, 0.29252146464646467, 0.22140241702741711, 0.2511352813852815], [0.2098141164391165, 0.3154235070485073, 0.19544554750804755, 0.2793168290043291], [0.2476708291708292, 0.25020778527028537, 0.18278234265734267, 0.3193390429015429], [0.18913250638250642, 0.3353755896880898, 0.1740869616494616, 0.30140494227994236], [0.22852566877566885, 0.32438293650793654, 0.1471748251748252, 0.29991656954156964], [0.1973420884670885, 0.41343249805749815, 0.19281132756132752, 0.19641408591408585], [0.3289484454528959, 0.3119946234321236, 0.12552981169157637, 0.23352711942340432], [0.2304909534909534, 0.29497227772227774, 0.1820607031857032, 0.2924760656010657], [0.2672575618825619, 0.2515015401265401, 0.1776073787323787, 0.3036335192585193], [0.3146207701612115, 0.2576711385020209, 0.19185724120650594, 0.23585085013026183], [0.23018517593517593, 0.3354915084915085, 0.15860342435342434, 0.27571989121989127], [0.2885924075924077, 0.22361798618048606, 0.1525310939060939, 0.3352585123210122], [0.2468573831139622, 0.369886557886558, 0.1625948035882246, 0.22066125541125545], [0.19178715728715726, 0.26003869047619055, 0.2247660880785881, 0.32340806415806417], [0.24991489148106796, 0.2539585267673504, 0.19151884226884236, 0.3046077394827395], [0.2519776542901544, 0.27460216172716195, 0.15459872766122765, 0.3188214563214564], [0.18493498862248864, 0.3460228174603175, 0.19465193140193138, 0.2743902625152626], [0.2712074869574869, 0.28949777999778004, 0.1928493867243868, 0.24644534632034637], [0.1896133311133311, 0.3165799062049064, 0.25298647186147183, 0.24082029082029094], [0.23721133033633035, 0.3078220806970808, 0.18829162504162508, 0.2666749639249639], [0.32427261627261644, 0.22753703241203252, 0.18170045232545232, 0.26648989898989894], [0.1808218101343101, 0.28819612332112354, 0.26339705433455424, 0.2675850122100122], [0.22620616883116884, 0.29650283050283055, 0.151904748029748, 0.3253862526362527], [0.2684455413867179, 0.3550591336767807, 0.12741573132749603, 0.24907959360900542], [0.26276898101898105, 0.22806580429374557, 0.19892503819709695, 0.31024017649017654], [0.33852547452547455, 0.25681654456654457, 0.1258917748917749, 0.27876620601620605], [0.2491858766233766, 0.3088638028638029, 0.1449559121434121, 0.29699440836940844], [0.20057080419580411, 0.3561432733932735, 0.23153879453879458, 0.21174712787212788], [0.21988419913419918, 0.2491084054834055, 0.22343566156066155, 0.30757173382173375], [0.20199298618048622, 0.3105781024531024, 0.16985472166722168, 0.31757418969918993], [0.21625710400710405, 0.24468367253661366, 0.23801306128512018, 0.30104616217116226], [0.19334830447330442, 0.3322525252525254, 0.18895165945165945, 0.2854475108225108], [0.2569859515484515, 0.2640246420246421, 0.2114701617826618, 0.2675192446442447], [0.24234957689369455, 0.283109681984682, 0.21479200374788615, 0.25974873737373744], [0.2630038017538018, 0.35062910700410704, 0.16349963924963923, 0.22286745199245217], [0.27909307359307367, 0.27777272727272734, 0.19492640692640692, 0.2482077922077922], [0.3006661255411256, 0.29579734848484857, 0.11739700577200576, 0.28613952020202027], [0.24560407647907664, 0.3195522345301758, 0.20812211889417762, 0.22672157009657012], [0.19113376900876905, 0.25802951215451225, 0.1428259379509379, 0.40801078088578097], [0.2664729714729716, 0.35045533633033643, 0.17859661172161176, 0.20447508047508048], [0.2508459110334112, 0.2570423534798536, 0.15350452325452324, 0.33860721223221235], [0.22054113941613937, 0.35332883089133077, 0.16263481657231654, 0.2634952131202132], [0.22157546181888294, 0.3409389083139083, 0.1371843018093018, 0.30030132805790705], [0.2770966655893127, 0.3191428571428572, 0.1284151861210685, 0.2753452911467619], [0.26053291101743126, 0.29298854005471653, 0.16928060593946817, 0.27719794298838424], [0.20142105117105122, 0.33568782116576246, 0.21807395872101742, 0.244817168942169], [0.19582069319569329, 0.3016708638583639, 0.20528196109446117, 0.2972264818514819], [0.19831546231546238, 0.341215367965368, 0.18299721805971805, 0.27747195165945165], [0.21289985014985016, 0.3045485070485071, 0.17175457875457878, 0.3107970640470641], [0.2685937950937951, 0.2937388999889, 0.1799411699411699, 0.257726134976135], [0.28147896547896556, 0.3139446386946388, 0.1443432400932401, 0.2602331557331558], [0.19083211233211242, 0.34650309412809416, 0.17211303973803976, 0.29055175380175385], [0.24014919108669106, 0.28402536352536356, 0.19202669552669552, 0.28379874986124975], [0.2395640054390055, 0.3238358308358308, 0.12908404095904097, 0.3075161227661227], [0.24937170672464787, 0.3084970711478065, 0.18025677794427794, 0.2618744441832677], [0.301394660894661, 0.24635900210900213, 0.16560293872793874, 0.28664339826839824], [0.20326333388833379, 0.29763317238317233, 0.23970288045288055, 0.2594006132756134], [0.26779896492396493, 0.30683519258519265, 0.16428846153846152, 0.26107738095238103], [0.21400015262515257, 0.3112427433677434, 0.17382417582417578, 0.3009329281829282], [0.25368517593517603, 0.35919853757353765, 0.1366843434343434, 0.25043194305694305], [0.3009661796536797, 0.27538271450771445, 0.170271756021756, 0.2533793498168499], [0.24116325341325345, 0.34039153901653924, 0.14806071706071705, 0.2703844905094905], [0.19161266511266511, 0.3001407620157622, 0.19171825396825398, 0.31652831890331895], [0.1704883866133866, 0.27041321872571883, 0.23944702519702526, 0.31965136946386946], [0.2032081113331114, 0.35019216894216887, 0.16772920135420133, 0.2788705183705185], [0.19703517316017316, 0.3559243672993674, 0.19728535353535354, 0.249755106005106], [0.27819076756576755, 0.2486593684093684, 0.1841933066933067, 0.2889565573315574], [0.21408888078295976, 0.3398277347652348, 0.22138576701076698, 0.22469761744103844], [0.20918831168831178, 0.35383658008658025, 0.1614628427128426, 0.27551226551226554], [0.24619197469197476, 0.26926390970140973, 0.1879695235320235, 0.296574592074592], [0.19898376623376623, 0.3251137057387058, 0.1927618353868354, 0.2831406926406927], [0.17421757409257407, 0.34348119037824937, 0.16373575036075036, 0.31856548516842637], [0.2527576924709277, 0.3150332180074828, 0.1522559870684871, 0.27995310245310256], [0.19718704906204912, 0.3575680916305916, 0.1786617063492063, 0.26658315295815305], [0.2687774170274171, 0.34203899286987527, 0.1341930597996774, 0.25499053030303054], [0.2367247474747475, 0.28149729437229437, 0.20975090187590195, 0.27202705627705615], [0.180882215007215, 0.3431479076479078, 0.1758051948051948, 0.30016468253968254], [0.2254573412698414, 0.30216251803751804, 0.17477600871350876, 0.29760413197913205], [0.23103378565878552, 0.2800125915750916, 0.2005598498723499, 0.28839377289377305], [0.15540186202686204, 0.3284253614033026, 0.25258684860890734, 0.26358592796092795], [0.23041170838964956, 0.2877885496856086, 0.19741319791319797, 0.2843865440115442], [0.23826444388944384, 0.2655833888333887, 0.18606482406482402, 0.3100873432123432], [0.18400507825507822, 0.3297354867354867, 0.1829062187812187, 0.30335321622821626], [0.22561820124320126, 0.29635008741258745, 0.20686872849372853, 0.27116298285048296], [0.33245429570429574, 0.18321780303030305, 0.164672064047064, 0.3196558372183373], [0.2630040213054919, 0.2171114245231892, 0.12300760758848993, 0.396876946582829], [0.2618087676212677, 0.2933409090909091, 0.15245413614163605, 0.2923961871461871], [0.2673616106116105, 0.295228146853147, 0.1657842643467643, 0.2716259781884782], [0.23076415251415244, 0.2895018453768455, 0.20140777278277283, 0.2783262293262293], [0.16750685425685422, 0.3261625735375736, 0.21261466311466326, 0.2937159090909091], [0.27529280441780446, 0.26189291264291276, 0.16870003607503609, 0.29411424686424686], [0.2093576146076147, 0.27170304695304703, 0.21113300588300585, 0.30780633255633266], [0.228672286047286, 0.2789423701298701, 0.22289223970473973, 0.2694931041181042], [0.25929857642357645, 0.2721206571206572, 0.14977303252303248, 0.3188077339327341], [0.19825563325563322, 0.3708203463203465, 0.18508293095793096, 0.24584108946608965], [0.3211694792135967, 0.20728421578421585, 0.1997196039254862, 0.2718267010767011], [0.2772870324120324, 0.27846565934065937, 0.15548267010767014, 0.2887646381396381], [0.211616341991342, 0.3475729131979132, 0.17655339105339102, 0.2642573537573538], [0.2718547077922079, 0.3016601731601734, 0.14520351176601173, 0.28128160728160745], [0.24257677045177048, 0.2811408591408593, 0.17491512654012645, 0.3013672438672439], [0.23898189882013424, 0.31180874599256964, 0.16727400377400378, 0.2819353514132925], [0.18947621822621824, 0.25010642829392826, 0.2175257104007105, 0.34289164307914305], [0.23643452380952382, 0.25030303030303025, 0.1787157287157287, 0.33454671717171713], [0.23929201354201354, 0.2906960400710401, 0.15101695526695524, 0.3189949911199912], [0.28645174963924963, 0.303022939478822, 0.17443386066547834, 0.23609145021645028], [0.302203823953824, 0.2604666305916307, 0.16586183261183257, 0.2714677128427128], [0.22165102136425666, 0.31987572150072163, 0.17719833352921588, 0.281274923605806], [0.20016669441669444, 0.38712035187035176, 0.19795226995226994, 0.2147606837606838], [0.20793308774558777, 0.289756637153696, 0.19124646880896878, 0.31106380629174746]]}, "rewritten": {"ids": ["97106600", "97107821", "97113900", "97116410", "98106560", "98107340", "98108970", "98109570", "98110710", "98116940", "98117740", "99107660", "99108000", "99108330", "99108520", "99108580", "99109141", "99109161", "99109740", "99109780", "99109860", "99109910", "99112641", "99112840", "99113260", "99117740", "100109801", "100110050", "100111380", "100113210", "100116790", "100120010", "100120780", "101108080", "101108290", "101108370", "101108460", "101108500", "101108950", "101109000", "101110150", "101111140", "101111210", "101112540", "101113210", "101119030", "102110050", "102116340", "103109641", "103111170", "103111620", "103111830", "103113270", "103113610", "104110960", "104111780", "104111830", "104113170", "104113190", "104116800", "105110251", "105111990", "105112100", "105112130", "105112260", "105115380", "105115680", "105117351", "105118171", "105120280", "106115120", "106115240", "106116370", "106118161", "106118520", "106119990", "106120290", "106121190", "107113130", "107113260", "107113840", "107114110", "107114321", "107116340", "107118120", "107118520", "107119390", "108114200", "108115880", "108117360", "108117720", "108118520", "108118630", "108119550", "108120621", "108120700", "108121160", "109114651", "109115070", "109115380", "109117080", "109120150", "109120621", "109121351", "110114321", "110115580", "110116290", "110116300", "110121450", "111116411", "111116530", "111117120", "111118301", "111119340", "111119580", "111119930", "111120640", "111121220", "112116401", "112116501", "112116800", "112116880", "112116990", "112119580", "112119610", "112120540", "112120640", "112121010", "112121030", "112121410", "113117630", "113118231", "113118511", "113118630", "113118810", "113118820", "113119300", "113119700", "113120830", "113121010", "113122120", "113122170"], "labels": [3, 2, 2, 3, 1, 0, 3, 1, 2, 2, 2, 3, 2, 1, 2, 0, 3, 3, 3, 2, 2, 2, 1, 2, 0, 2, 0, 3, 3, 0, 2, 0, 1, 0, 0, 1, 0, 3, 2, 1, 1, 2, 2, 2, 3, 3, 3, 3, 1, 2, 0, 3, 2, 2, 2, 3, 3, 3, 3, 1, 0, 2, 1, 1, 3, 1, 2, 0, 3, 3, 1, 1, 2, 3, 2, 0, 2, 2, 1, 0, 3, 1, 0, 3, 3, 2, 2, 0, 3, 1, 1, 0, 1, 1, 1, 2, 2, 3, 0, 3, 1, 2, 1, 0, 1, 1, 2, 3, 3, 0, 3, 2, 3, 3, 3, 1, 0, 3, 0, 3, 0, 0, 0, 3, 0, 3, 0, 2, 0, 0, 0, 3, 1, 3, 3, 0, 1, 0, 3, 2, 1, 1], "predicted_labels": [1, 0, 1, 1, 1, 1, 1, 1, 3, 1, 1, 0, 1, 1, 1, 1, 0, 1, 3, 1, 1, 1, 0, 1, 0, 1, 1, 1, 1, 3, 0, 3, 1, 0, 0, 3, 1, 1, 3, 3, 3, 0, 0, 1, 1, 1, 1, 1, 0, 1, 1, 3, 3, 1, 1, 1, 1, 3, 1, 1, 1, 1, 3, 1, 1, 1, 1, 1, 1, 0, 3, 0, 3, 0, 0, 0, 1, 0, 1, 0, 1, 3, 3, 1, 3, 1, 1, 1, 1, 3, 0, 0, 1, 3, 3, 0, 1, 3, 1, 1, 0, 1, 0, 0, 1, 1, 0, 1, 1, 3, 3, 1, 0, 3, 1, 1, 0, 1, 3, 1, 1, 1, 3, 3, 1, 1, 0, 1, 3, 1, 1, 1, 1, 3, 1, 0, 1, 1, 3, 3, 1, 1], "confidence_scores": [[0.25268602231102244, 0.3208631784881787, 0.1451627261627261, 0.28128807303807307], [0.3564345654345656, 0.2519248321123322, 0.19729501054501064, 0.19434559190809192], [0.23637944694194704, 0.3288025308025307, 0.17490647546897545, 0.2599115467865468], [0.25642562298812294, 0.3439318251193253, 0.15811832611832605, 0.2415242257742258], [0.24141999666999664, 0.29298766511266516, 0.2119697385947386, 0.25362259962259975], [0.23599951437451444, 0.28365900765900776, 0.21428311965811964, 0.26605835830835833], [0.1846427322677323, 0.34183659396159394, 0.19206937506937513, 0.28145129870129876], [0.26465584415584426, 0.32112987012987015, 0.13578039321789317, 0.2784338924963925], [0.21452805405378939, 0.26745038295038304, 0.22706634052222296, 0.29095522247360484], [0.27396103896103896, 0.311677294927295, 0.15296234321234323, 0.26139932289932305], [0.2037524162928575, 0.3367874992654405, 0.1951910009924717, 0.26426908344923045], [0.3356212953712953, 0.2482473776223777, 0.1545921162171162, 0.2615392107892107], [0.22570199938949934, 0.36627094433344437, 0.1648638167388167, 0.24316323953823965], [0.2129428067847186, 0.3279532265120501, 0.18243987834061362, 0.27666408836261785], [0.26114993339993336, 0.30278138528138543, 0.18882883782883783, 0.2472398434898434], [0.246223049825991, 0.3269081384301973, 0.1442075285825285, 0.28266128316128325], [0.36855981518481534, 0.2565022338772338, 0.10912536075036071, 0.26581259018759035], [0.30843763793396156, 0.31901850681997757, 0.12841282043120275, 0.2441310348148584], [0.2402451853701854, 0.2756609293484294, 0.17925432900432905, 0.30483955627705644], [0.2191072885447886, 0.3535947594072594, 0.18245976245976248, 0.24483818958818962], [0.243382665945166, 0.3750831529581529, 0.20479464285714288, 0.17673953823953828], [0.23745562770562767, 0.31105706793206805, 0.17863967976467973, 0.2728476245976246], [0.34301882594529653, 0.29077677796060164, 0.13693511227334756, 0.2292692838207545], [0.2087458312671161, 0.39062005559799684, 0.1866139927324138, 0.2140201204024734], [0.3387069601150484, 0.3386169357603181, 0.09776301313066016, 0.22491309099397333], [0.2856931263181264, 0.3554084526584529, 0.14862595737595735, 0.21027246364746366], [0.26080555310702375, 0.32825813198239673, 0.13777885023473257, 0.273157464675847], [0.24519630614483556, 0.30317760915555036, 0.18564800314065028, 0.26597808155896396], [0.25598764430014437, 0.31577278971028977, 0.1924463453213454, 0.23579322066822073], [0.24958362470862475, 0.30215315240315244, 0.1325949605949605, 0.31566826229326234], [0.3226459047488459, 0.2666139228418641, 0.11894820865409096, 0.29179196375519906], [0.20892653180153176, 0.2868446414696416, 0.16409801309801306, 0.34013081363081377], [0.21497972370766494, 0.3448693708252532, 0.16648058314234784, 0.27367032232473415], [0.3724979673104674, 0.3109025835275835, 0.15884056915306913, 0.15775888000887997], [0.34719613719613723, 0.20823046398046394, 0.20329834054834062, 0.24127505827505838], [0.2975160399241281, 0.2725541256129492, 0.12480460307666187, 0.30512523138626063], [0.22892986180486175, 0.34584870684870694, 0.13942556055056057, 0.2857958707958709], [0.2561068931068931, 0.28329329004328996, 0.21579786879786883, 0.24480194805194813], [0.20334364246864253, 0.31235651154401156, 0.16464936452436452, 0.31965048146298136], [0.2711906426906428, 0.23187818431568424, 0.1923424492174492, 0.30458872377622376], [0.2522818015318016, 0.26412866300366317, 0.14781726117020233, 0.3357722742943332], [0.34065141476170896, 0.2534076340326341, 0.1216211745770569, 0.2843197766286003], [0.2826729797979798, 0.25536020923520925, 0.19524628149628165, 0.2667205294705296], [0.2116408730158731, 0.3080889249639251, 0.2078402430902431, 0.2724299589299588], [0.2833459171547408, 0.3251292865631102, 0.17516113053613055, 0.21636366574601884], [0.26724666795622687, 0.30296818296083006, 0.16701975353078294, 0.2627653955521603], [0.27934804411275005, 0.3169753947033359, 0.14236824286824287, 0.2613083183156713], [0.2562456154956154, 0.28575484237984233, 0.22483461677211686, 0.23316492535242528], [0.29591943595620074, 0.2940748716153129, 0.15851190476190477, 0.25149378766658187], [0.2578957292707294, 0.3057843267843268, 0.1598226218226217, 0.27649732212232203], [0.24191407203907211, 0.4311614496614497, 0.16602133977133973, 0.16090313852813853], [0.3529658719548426, 0.15377288112214582, 0.10810241066123419, 0.3851588362617774], [0.28271277333777334, 0.25657750582750594, 0.16490709290709293, 0.2958026279276279], [0.21689484779925958, 0.31752664002664, 0.1852497502497502, 0.28032876192435036], [0.19227212115370013, 0.34174594155844157, 0.20736143023643028, 0.25862050705142814], [0.27827371729577616, 0.304542402042402, 0.15565106421356417, 0.26153281644825754], [0.2404277874902875, 0.32524858474858476, 0.1728515720390721, 0.2614720557220558], [0.21735858585858592, 0.29414621489621495, 0.1930844155844156, 0.2954107836607837], [0.22295723720723729, 0.3164450271950272, 0.17968919968919972, 0.28090853590853593], [0.2674655344655346, 0.3020645604395604, 0.17745272782772784, 0.2530171772671772], [0.2837399373502315, 0.34209999722499723, 0.10533570514452865, 0.2688243602802425], [0.22312531218781229, 0.3249426753801753, 0.1466679847929848, 0.3052640276390278], [0.3004139055389055, 0.2753183066933068, 0.11271740759240757, 0.31155038017538017], [0.20749676630558989, 0.3346311694841107, 0.17216688213747036, 0.28570518207282924], [0.2614194624819625, 0.3424170135420137, 0.18652156870906875, 0.2096419552669552], [0.21277426046176043, 0.322328484015984, 0.22067619880119888, 0.24422105672105673], [0.1867682317682317, 0.37027092352092383, 0.18506926406926424, 0.25789158064158085], [0.31867941453970877, 0.32494371723048204, 0.11721921134421129, 0.2391576568855981], [0.31746869796869803, 0.3219541153291153, 0.12177164502164498, 0.23880554168054172], [0.30962600797894924, 0.25768135132841025, 0.1420584415584415, 0.2906341991341992], [0.3207478354978356, 0.20764214951714954, 0.14671206571206571, 0.32489794927294924], [0.3453555749805751, 0.31060846098346095, 0.09697051559551559, 0.2470654484404485], [0.28261533401239286, 0.24238472638472647, 0.1704686285936286, 0.30453131100925224], [0.3019609010270776, 0.2737595816206498, 0.15959838965643913, 0.26468112769583363], [0.31673156010656023, 0.29764826839826836, 0.1495447885447885, 0.23607538295038297], [0.32605160117660115, 0.24852555777555774, 0.13415295815295813, 0.291269882894883], [0.21297093184593194, 0.3161100011100012, 0.1879407814407814, 0.28297828560328564], [0.29835939754689766, 0.26912973137973134, 0.16076659451659453, 0.27174427655677663], [0.2431656399156399, 0.2544612332112332, 0.25365811965811974, 0.24871500721500728], [0.2986058247308249, 0.24844190531690535, 0.17492586580086578, 0.2780264041514042], [0.2355602522477523, 0.30033770396270404, 0.1931704822954824, 0.2709315614940617], [0.23363540370448266, 0.3031976703851705, 0.14943839055681157, 0.31372853535353545], [0.22564731102231123, 0.25539543789543784, 0.1888446969696971, 0.3301125541125542], [0.22964100482850472, 0.3350585941835941, 0.1739214257964257, 0.2613789751914751], [0.2081445707070707, 0.29737265512265515, 0.18708023226773232, 0.30740254190254196], [0.2373829258976318, 0.3584595135256901, 0.145364898989899, 0.25879266158677927], [0.22913326542738308, 0.3358703310578312, 0.18063339846428078, 0.254363005050505], [0.1976007742257742, 0.3465448440448441, 0.15268187368187364, 0.30317250804750795], [0.25731000943500953, 0.32963961038961037, 0.15041125541125538, 0.2626391247641248], [0.27213326787591513, 0.23558741258741253, 0.16606328393828393, 0.3262160355983886], [0.3179343434343434, 0.2607009379509379, 0.16232052669552668, 0.25904419191919204], [0.3754179778554779, 0.27162898906648913, 0.15090431790431788, 0.2020487151737152], [0.2643728909978911, 0.2681690392940394, 0.20888141025641033, 0.2585766594516594], [0.2564832597957597, 0.27441684704184693, 0.18199373543123554, 0.2871061577311578], [0.27654229389891166, 0.2585505536130538, 0.18371679219473344, 0.2811903602933015], [0.34205040343643295, 0.33905824608398155, 0.12081241511756209, 0.19807893536202362], [0.26264894745777095, 0.30754513623631285, 0.16612642912642908, 0.26367948717948725], [0.3355391997708173, 0.19504845154845152, 0.11373520433814548, 0.3556771443425856], [0.2873675352425353, 0.32790338389680507, 0.1596121422437212, 0.2251169386169386], [0.22119420856920866, 0.3298662518037518, 0.15951134976134976, 0.2894281898656899], [0.3153071422042009, 0.2886297938172939, 0.13859956709956708, 0.257463496878938], [0.24622177128427145, 0.29552940809190814, 0.162992895992896, 0.2952559246309246], [0.33815170502012615, 0.22601523476523486, 0.11612264124764121, 0.3197104189669979], [0.33210382999353594, 0.23921560588104715, 0.1627251984126984, 0.26595536571271877], [0.2992413836163837, 0.33266808191808195, 0.1455443584193584, 0.2225461760461761], [0.2054935247501038, 0.3215002358752359, 0.19091716872308986, 0.2820890706515708], [0.293859066587008, 0.25593166963755193, 0.15942519408695877, 0.2907840696884816], [0.24193439893439894, 0.30342645548895564, 0.2017401695526695, 0.25289897602397615], [0.22480717893217897, 0.32246080308580316, 0.1707096653346653, 0.28202235264735265], [0.30847742535242534, 0.1934486901986901, 0.15540420690420684, 0.3426696775446774], [0.27454251304251304, 0.27157873376623387, 0.1594304584304584, 0.29444829476079487], [0.2097620157620158, 0.3455379481629482, 0.1774613164613164, 0.26723871961371964], [0.3466325271950273, 0.3013570526695526, 0.12561111111111103, 0.22639930902430905], [0.24245472582972588, 0.2678342352092353, 0.1742815656565657, 0.31542947330447324], [0.2798522588522589, 0.28658282403870644, 0.15653641783053548, 0.2770284992784994], [0.26938834776334786, 0.2961753108003109, 0.19885027472527475, 0.23558606671106674], [0.27380320170026057, 0.2666056721056721, 0.21008701021201023, 0.2495041159820572], [0.21363406528112402, 0.3478243076368077, 0.15222855126899243, 0.28631307581307586], [0.3027945526695528, 0.17364133089133083, 0.14792220973470976, 0.3756419067044067], [0.3050503989474577, 0.30808062770562783, 0.09870771793565909, 0.2881612554112554], [0.21294643183613762, 0.3577656738686151, 0.20486001498501505, 0.22442787931023234], [0.23621681096681096, 0.2714164862914863, 0.22842947330447333, 0.26393722943722947], [0.24786290098790092, 0.2715362762237763, 0.19298482767232766, 0.28761599511599517], [0.26027662615162617, 0.23373623598623602, 0.16895140970140965, 0.33703572816072813], [0.2535938783438783, 0.35754929792429807, 0.130629551004551, 0.2582272727272727], [0.2323647741147742, 0.28310703185703195, 0.21527199189699187, 0.2692562021312021], [0.30517712108153283, 0.2509479270729271, 0.15852060439560442, 0.2853543474499358], [0.22401319105730877, 0.38206943056943066, 0.15336811309605422, 0.24054926527720646], [0.28128591547341547, 0.20510335497835494, 0.1708015873015873, 0.34280914224664244], [0.2524638139638139, 0.3467549117549118, 0.138687049062049, 0.26209422521922515], [0.2542787061794414, 0.2984287518037519, 0.1939929971988796, 0.25329954481792716], [0.2573816391941392, 0.31174857291401414, 0.18478059930265808, 0.24608918858918863], [0.2986565783073136, 0.3185654415029415, 0.14367304835687186, 0.239104931832873], [0.20997112609612606, 0.2948726551226552, 0.197204378954379, 0.2979518398268399], [0.221175430778372, 0.3516221882692471, 0.1684141414141415, 0.2587882395382396], [0.2888896312021313, 0.26871952353202355, 0.16770009157509158, 0.2746907536907537], [0.25166780441780445, 0.34447157009657015, 0.09729233266733266, 0.3065682928182929], [0.20796834619628746, 0.3741445625452979, 0.1428490606615607, 0.2750380305968541], [0.25701840958748867, 0.24347851454101443, 0.21843538406038412, 0.2810676918111129], [0.28579747254379606, 0.2695863278877985, 0.15298286843875072, 0.2916333311296547], [0.17929170573578468, 0.41121669996670007, 0.16832120912713022, 0.24117038517038517], [0.18605284992784984, 0.35352393439893454, 0.17635533910533904, 0.2840678765678765]]}}