{"test": {"ids": ["111114941", "110117080", "113118511", "106117790", "111116010", "101110740", "105113620", "99107500", "99110050", "105116860", "110117500", "111119250", "110117140", "104116980", "105116650", "109117110", "107113840", "102107961", "108115870", "104113000", "101114020", "108120280", "112118550", "110115140", "103111110", "106120290", "105117351", "110115980", "102110500", "111119930", "106116820", "113120830", "107116300", "99109141", "110118740", "110115250", "106114280", "98116090", "98108970", "107117010", "107116340", "109119010", "99108330", "109118820", "105116441", "106114150", "102109850", "104113210", "98112580", "112117471", "107119950", "99108310", "108116481", "109117271", "101112690", "100107920", "99107300", "109118701", "110118880", "106116370", "107113550", "102112170", "113121750", "111121351", "105115570", "97112170", "105116501", "113118111", "111120320", "108115070", "113121220", "99109370", "107113360", "113119450", "98121790", "105117431", "112118930", "106119990", "103113210", "100111270", "110118301", "97116410", "101116130", "111117571", "101108621", "113119360", "98111670", "107114280", "98108580", "112116850", "105111990", "100109980", "107116980", "113119300", "97110950", "98107340", "105116090", "109117150", "99119830", "110114610", "98106560", "108118301", "112118471", "111114171", "109113591", "107120880", "110113591", "102121700", "113120640", "106119260", "110118181", "108117720", "103110760", "113118820", "112117030", "111115620", "100120780", "104114240", "111116100", "105115380", "111116640", "113120540", "102117351", "102113210", "103111830", "97116800", "109115220", "99112641", "107118520", "110120640", "111114321", "106114880", "101111620", "113117630", "109114720", "110118450", "103118110", "112117431", "112116990", "111116290", "104118070", "102110750"], "labels": [0, 1, 1, 1, 1, 3, 0, 0, 3, 2, 1, 1, 3, 1, 1, 1, 3, 3, 3, 1, 3, 3, 3, 0, 3, 2, 0, 1, 3, 1, 1, 3, 0, 3, 3, 1, 3, 0, 3, 1, 3, 3, 1, 3, 1, 1, 1, 3, 2, 3, 3, 2, 0, 0, 1, 0, 3, 3, 0, 2, 0, 3, 0, 0, 0, 0, 1, 1, 1, 1, 3, 1, 0, 3, 2, 1, 1, 0, 3, 2, 1, 3, 2, 3, 0, 0, 1, 3, 0, 0, 2, 1, 3, 1, 3, 0, 1, 2, 1, 1, 1, 1, 1, 3, 3, 1, 0, 1, 0, 1, 1, 1, 1, 0, 2, 1, 1, 0, 3, 1, 0, 3, 1, 3, 3, 0, 3, 1, 2, 0, 1, 0, 3, 0, 0, 0, 2, 0, 0, 2, 2, 1], "predicted_labels": [1, 3, 3, 1, 3, 3, 1, 3, 3, 3, 1, 3, 3, 1, 3, 3, 0, 0, 0, 1, 3, 0, 3, 3, 1, 1, 0, 3, 3, 1, 0, 3, 3, 0, 0, 1, 3, 1, 1, 1, 3, 2, 3, 3, 3, 3, 1, 1, 3, 1, 1, 1, 3, 3, 3, 0, 0, 3, 0, 0, 3, 0, 1, 3, 3, 0, 3, 1, 0, 1, 3, 0, 0, 3, 1, 3, 3, 0, 1, 1, 0, 3, 3, 3, 1, 3, 3, 3, 2, 0, 3, 3, 3, 3, 3, 1, 0, 3, 3, 3, 0, 3, 3, 3, 1, 3, 0, 3, 3, 0, 3, 0, 0, 3, 1, 2, 3, 1, 0, 2, 3, 3, 3, 3, 0, 0, 3, 0, 3, 3, 1, 3, 1, 3, 3, 1, 3, 1, 1, 3, 1, 1], "confidence_scores": [[0.22030091179252026, 0.294759189909988, 0.22952924928868698, 0.25541064900880506], [0.2530411853249955, 0.24605322145266276, 0.22938073277402232, 0.2715248604483196], [0.24061997792740475, 0.2708106572493957, 0.1943498136277215, 0.294219551195478], [0.23799100444991528, 0.29160258222187757, 0.214907886051175, 0.25549852727703254], [0.25247281819811457, 0.2700255004720914, 0.1874655506245125, 0.2900361307052817], [0.1975704189192784, 0.29331648203543215, 0.2087147977308087, 0.30039830131448086], [0.2408047854087606, 0.30884902069127507, 0.20805275165915102, 0.24229344224081342], [0.2645367950609021, 0.2652685291839051, 0.18115253553688115, 0.2890421402183119], [0.2560088972664809, 0.2678118006822684, 0.1918544674669226, 0.2843248345843284], [0.25724776463877924, 0.20606815248856594, 0.2334585884585998, 0.30322549441405505], [0.26039990186546264, 0.27798107404537215, 0.22969695648033361, 0.2319220676088318], [0.25627170515393666, 0.21861294167003195, 0.2204308541790561, 0.30468449899697536], [0.22053415418595823, 0.26479813526115553, 0.20508631330072297, 0.30958139725216344], [0.16546455861025167, 0.2996156238433021, 0.24728921302711662, 0.28763060451932987], [0.15619623988195352, 0.25075528966885774, 0.28491615524277825, 0.3081323152064107], [0.19773669952803705, 0.27409974664916, 0.20531873232195494, 0.3228448215008484], [0.2769651271417176, 0.2565999226277218, 0.2129718230673417, 0.25346312716321906], [0.303168669209565, 0.2601384540510541, 0.16893266630620812, 0.267760210433173], [0.3369666431451831, 0.20226511891565987, 0.15664153292664354, 0.30412670501251365], [0.2348362801288581, 0.2948012283479379, 0.1857734229825661, 0.28458906854063803], [0.2659405803621972, 0.2285984836690393, 0.23418010964859673, 0.2712808263201671], [0.3536611511770504, 0.2068305973057026, 0.14867522119370707, 0.2908330303235402], [0.22358054480134004, 0.2512420921648455, 0.19639751240560777, 0.3287798506282067], [0.27458991656948134, 0.22418379586030684, 0.17094188849018163, 0.3302843990800303], [0.25405992301012575, 0.3096573274414665, 0.20933346097887287, 0.2269492885695351], [0.23331830234648673, 0.2806892297295025, 0.23438801213805824, 0.2516044557859528], [0.3380059963699988, 0.21734665056263616, 0.1737938251502366, 0.2708535279171284], [0.2612813660368714, 0.2531197400221289, 0.19267454830533082, 0.2929243456356689], [0.28233500809736684, 0.21350865425219628, 0.2103867450474498, 0.29376959260298724], [0.2247972216799075, 0.32633741475292793, 0.18768488170249564, 0.2611804818646692], [0.28419907046903903, 0.25803157476520755, 0.19240290900645515, 0.2653664457592984], [0.25492907164951545, 0.25237049076555673, 0.2121988550731213, 0.28050158251180674], [0.25050061690852815, 0.25059141360809334, 0.22842147969197923, 0.27048648979139933], [0.3126548490200241, 0.22566623262718388, 0.1641932607692752, 0.2974856575835171], [0.27567484940894266, 0.2596038658306593, 0.21502239504660023, 0.24969888971379803], [0.2587570727119328, 0.2856542589434601, 0.18692480238720333, 0.2686638659574042], [0.23039233549436836, 0.25308367185287023, 0.19866987483222032, 0.31785411782054107], [0.2298163119005493, 0.32730437273624985, 0.20966702342042798, 0.23321229194277301], [0.1970208546629297, 0.31220835030523186, 0.21710994085912388, 0.2736608541727148], [0.22018779171652236, 0.29751061907471843, 0.23956151184639002, 0.24274007736236938], [0.22911648271482402, 0.24860708509633625, 0.21311255644614224, 0.30916387574269766], [0.1917567392363767, 0.25433402379981934, 0.28139997835402253, 0.2725092586097815], [0.22873006197741916, 0.24366050889018154, 0.21012845219021908, 0.31748097694218], [0.25346456584544663, 0.2906753928232756, 0.1639343161828253, 0.29192572514845255], [0.27351206805523615, 0.2549730430430893, 0.1679486598470056, 0.30356622905466907], [0.2955432921971561, 0.21918259685022476, 0.18582140827517474, 0.2994527026774445], [0.23777918042351875, 0.3166290514664295, 0.24792489366297057, 0.1976668744470811], [0.23059295475266095, 0.26632840805824404, 0.2586675901388153, 0.24441104705028022], [0.2608293280035936, 0.2727982236006708, 0.17280175625542193, 0.2935706921403139], [0.26550184186612885, 0.28933893433067115, 0.1632937722469568, 0.28186545155624343], [0.24947528283931283, 0.28175871992607276, 0.21398678286949782, 0.2547792143651168], [0.20428907370337562, 0.2936943287035528, 0.23235352574564577, 0.26966307184742594], [0.24859500356210196, 0.24756533349651602, 0.16991328750024323, 0.3339263754411391], [0.2728812760967508, 0.2171539989959758, 0.19138206364900914, 0.3185826612582645], [0.2431892864767396, 0.24678633501148128, 0.19256761248159485, 0.31745676603018447], [0.3599254433592502, 0.2056923072139567, 0.15582789091325544, 0.2785543585135377], [0.3246139141872555, 0.24039719186354339, 0.16590356179174479, 0.26908533215745656], [0.2721092748456253, 0.20074437632478406, 0.22273044621719149, 0.30441590261239926], [0.3296794333482543, 0.22012878299007949, 0.13661654079556898, 0.3135752428660975], [0.27301187769308277, 0.2702627343525305, 0.20335025567556858, 0.2533751322788184], [0.26832278197985193, 0.24629491034325254, 0.20124998349352294, 0.2841323241833725], [0.29787773771771675, 0.2509077071206035, 0.1968518554293067, 0.2543626997323731], [0.2463931723225643, 0.33054599767792586, 0.2015090083532524, 0.22155182164625775], [0.2311303407975294, 0.2739697487281529, 0.20919251056703458, 0.28570739990728333], [0.19935851757088788, 0.2684052368697503, 0.26217442120330625, 0.2700618243560557], [0.2962767633230061, 0.24102902037687252, 0.17836467763278385, 0.2843295386673377], [0.2583991105913092, 0.23880745372779177, 0.2195215399131069, 0.28327189576779216], [0.22956932036506963, 0.32435004093786085, 0.1667127910412712, 0.27936784765579875], [0.29993767696843343, 0.23650564844178526, 0.2062368499417321, 0.25731982464804976], [0.26696374980132964, 0.2928605169420953, 0.16605510481056737, 0.2741206284460077], [0.2263303104106362, 0.22690099359001534, 0.23676597899048343, 0.3100027170088653], [0.2912265289936798, 0.2694751254887089, 0.17685735858760526, 0.26244098693000617], [0.361631897822633, 0.21201827313396585, 0.14497539734509074, 0.2813744316983106], [0.2718825939854426, 0.27981842132847645, 0.15641926677388274, 0.29187971791219836], [0.2534727113690353, 0.292239046543312, 0.18340758776802063, 0.2708806543196321], [0.2307764208276794, 0.26826458012055854, 0.20597109847984413, 0.2949879005719182], [0.2248755662437178, 0.21536547552115679, 0.2531965753091445, 0.3065623829259811], [0.2919536429383343, 0.2625898596673711, 0.1852453381814794, 0.2602111592128154], [0.22230933265894606, 0.30145713078012976, 0.2034097583448296, 0.27282377821609455], [0.20909039747814975, 0.27009445943611743, 0.2656114159446294, 0.2552037271411037], [0.28808826910319935, 0.2455410989374251, 0.19515617514207, 0.27121445681730577], [0.25063347947737585, 0.26473766328412823, 0.213801286727869, 0.2708275705106271], [0.20526307622608617, 0.2800943663282249, 0.21769688387232317, 0.29694567357336593], [0.21546534521945396, 0.262517711728753, 0.1874275243897408, 0.33458941866205244], [0.25010456666041214, 0.3051398857869118, 0.20171906616233137, 0.24303648139034492], [0.23262114593598482, 0.28333927052551966, 0.1802255653968464, 0.3038140181416495], [0.2048087621951257, 0.2513126806613657, 0.27105144348331583, 0.2728271136601931], [0.2494916840868101, 0.2792680701390147, 0.191017379080076, 0.28022286669409946], [0.22772491110535384, 0.22843413005544239, 0.2762968409381931, 0.2675441179010107], [0.2790897169306143, 0.23875884629973107, 0.2333367461517026, 0.2488146906179524], [0.22953881737468673, 0.2803079455976738, 0.18265384346597074, 0.3074993935616686], [0.2461886701579214, 0.253605567710667, 0.2343254453843904, 0.2658803167470214], [0.30235995343978667, 0.20798150339790877, 0.17529195957338944, 0.3143665835889154], [0.2916436990575901, 0.2358704853088029, 0.17902057536358357, 0.2934652402700236], [0.3006617853686393, 0.2001695435563052, 0.19171399532249622, 0.3074546757525594], [0.24191922303026672, 0.2743751747397026, 0.21855534499658924, 0.26515025723344177], [0.28019983650839236, 0.260462284762683, 0.2015330110022153, 0.25780486772670935], [0.2591720496644275, 0.23823086289272022, 0.2191519173125107, 0.28344517013034165], [0.23812754283393484, 0.2523105184521499, 0.2300657568403259, 0.2794961818735897], [0.23026773933423073, 0.25477279481531107, 0.23389035670837618, 0.2810691091420824], [0.2779782099377308, 0.2497749892234258, 0.24877774507370704, 0.22346905576513656], [0.2606644587389253, 0.26693892757061805, 0.16338359038336656, 0.30901302330709035], [0.23361960131550463, 0.23441694680158792, 0.22231315535016488, 0.3096502965327425], [0.21377438372816152, 0.2593949418601181, 0.23366621045608166, 0.293164463955639], [0.2273443861789743, 0.31835478804180467, 0.18646961185356806, 0.2678312139256531], [0.2845084124150761, 0.24611673274562357, 0.17392379436340094, 0.2954510604758997], [0.279438527134366, 0.23445079288333087, 0.2186610578712442, 0.26744962211105894], [0.22630131461983968, 0.2879653715606134, 0.18365810273332564, 0.3020752110862214], [0.28731658808788074, 0.2464466364672174, 0.1743262238034102, 0.2919105516414916], [0.33400464593309026, 0.21662846386227655, 0.18777709017064176, 0.26158980003399185], [0.2187900482414455, 0.2654847333505471, 0.24411080024884618, 0.27161441815916143], [0.3600749614021308, 0.18141919105393825, 0.17396471774214042, 0.28454112980179075], [0.324813977365363, 0.19093107764963999, 0.18664445155111067, 0.2976104934338865], [0.2605418016169644, 0.24706109672270646, 0.18496790092627566, 0.30742920073405366], [0.2515446519073242, 0.28912993774031476, 0.17415397546974445, 0.2851714348826169], [0.22710189839931819, 0.23569028874275108, 0.2749271997249923, 0.2622806131329385], [0.25785075869158236, 0.23450202375929796, 0.19963927502904835, 0.3080079425200715], [0.23558543106851104, 0.2901994585659923, 0.20189252773723163, 0.27232258262826525], [0.29339148375758906, 0.2403608317547565, 0.1937485023193092, 0.27249918216834546], [0.2075969309111939, 0.22889131888611225, 0.3005131487182818, 0.2629986014844123], [0.20572307540693813, 0.2936256874900102, 0.20438696544748947, 0.29626427165556235], [0.23379331826588168, 0.26679693514364544, 0.20965433504610817, 0.28975541154436507], [0.24849529451326913, 0.25535604761273467, 0.20486272527683064, 0.29128593259716556], [0.2672424652185183, 0.2207871741903271, 0.20698106520013412, 0.3049892953910207], [0.30784890426124617, 0.216791898149279, 0.1699202924670032, 0.3054389051224716], [0.31989293589182877, 0.23430061268731206, 0.1743428596237402, 0.2714635917971191], [0.2412282789437235, 0.2546450143422233, 0.17581446627457478, 0.3283122404394787], [0.2901799658927993, 0.2749639477656458, 0.176014189632233, 0.258841896709322], [0.20732795475731172, 0.2776440766199709, 0.1993546080789383, 0.31567336054377915], [0.24314747934163744, 0.24091516611327105, 0.1911845439176947, 0.3247528106273969], [0.23217132277318445, 0.3103149419024427, 0.2028677041080267, 0.25464603121634644], [0.28526012807601697, 0.24292394212600812, 0.18350012186110176, 0.2883158079368735], [0.2593870069281997, 0.29172763596288254, 0.1756279582829668, 0.2732573988259512], [0.26452675493983313, 0.2161894261598104, 0.21601862350292692, 0.3032651953974298], [0.22625700525051187, 0.26541807058910594, 0.21318851743229947, 0.2951364067280829], [0.2336597692944071, 0.3043987786930714, 0.2372902575610094, 0.22465119445151235], [0.25358910374859356, 0.25974013226667053, 0.19189827307890348, 0.2947724909058325], [0.2102080920437121, 0.30848896143534404, 0.2075956551102489, 0.27370729141069516], [0.2577635065906194, 0.2971454764935347, 0.18576164120839245, 0.25932937570745374], [0.24093993690370344, 0.23406063560833146, 0.259976253487401, 0.26502317400056424], [0.27056155574156643, 0.2884407867371204, 0.1926207696141169, 0.24837688790719656], [0.18122455898216214, 0.3342728945200779, 0.2329354095927442, 0.25156713690501614]]}, "rewritten": {"ids": ["97110950", "97112170", "97116410", "97116800", "98106560", "98107340", "98108580", "98108970", "98111670", "98112580", "98116090", "98121790", "99107300", "99107500", "99108310", "99108330", "99109141", "99109370", "99110050", "99112641", "99119830", "100107920", "100109980", "100111270", "100120780", "101108621", "101110740", "101111620", "101112690", "101114020", "101116130", "102107961", "102109850", "102110500", "102110750", "102112170", "102113210", "102117351", "102121700", "103110760", "103111110", "103111830", "103113210", "103118110", "104113000", "104113210", "104114240", "104116980", "104118070", "105111990", "105113620", "105115380", "105115570", "105116090", "105116441", "105116501", "105116650", "105116860", "105117351", "105117431", "106114150", "106114280", "106114880", "106116370", "106116820", "106117790", "106119260", "106119990", "106120290", "107113360", "107113550", "107113840", "107114280", "107116300", "107116340", "107116980", "107117010", "107118520", "107119950", "107120880", "108115070", "108115870", "108116481", "108117720", "108118301", "108120280", "109113591", "109114720", "109115220", "109117110", "109117150", "109117271", "109118701", "109118820", "109119010", "110113591", "110114610", "110115140", "110115250", "110115980", "110117080", "110117140", "110117500", "110118181", "110118301", "110118450", "110118740", "110118880", "110120640", "111114171", "111114321", "111114941", "111115620", "111116010", "111116100", "111116290", "111116640", "111117571", "111119250", "111119930", "111120320", "111121351", "112116850", "112116990", "112117030", "112117431", "112117471", "112118471", "112118550", "112118930", "113117630", "113118111", "113118511", "113118820", "113119300", "113119360", "113119450", "113120540", "113120640", "113120830", "113121220", "113121750"], "labels": [3, 0, 3, 0, 1, 0, 0, 3, 1, 2, 0, 2, 3, 0, 2, 1, 3, 1, 3, 1, 1, 0, 1, 2, 1, 0, 3, 3, 1, 3, 2, 3, 1, 3, 1, 3, 3, 1, 1, 1, 3, 3, 3, 2, 1, 3, 0, 1, 2, 2, 0, 1, 0, 1, 1, 1, 1, 2, 0, 1, 1, 3, 0, 2, 1, 1, 1, 0, 2, 0, 0, 3, 3, 0, 3, 3, 1, 2, 3, 1, 1, 3, 0, 1, 1, 3, 3, 0, 3, 1, 2, 0, 3, 3, 3, 0, 1, 0, 1, 1, 1, 3, 1, 1, 1, 0, 3, 0, 0, 3, 1, 0, 1, 1, 3, 2, 0, 3, 1, 1, 1, 0, 0, 0, 2, 0, 3, 1, 3, 1, 0, 1, 1, 0, 1, 0, 3, 3, 0, 3, 3, 0], "predicted_labels": [3, 0, 0, 0, 0, 3, 0, 0, 0, 3, 1, 1, 0, 1, 0, 0, 0, 1, 1, 0, 1, 0, 1, 1, 1, 1, 1, 0, 0, 1, 1, 0, 1, 3, 1, 0, 1, 1, 1, 3, 1, 0, 0, 1, 1, 0, 1, 1, 1, 1, 1, 1, 1, 0, 0, 1, 1, 0, 0, 1, 0, 3, 1, 1, 1, 1, 0, 0, 0, 0, 3, 0, 1, 1, 1, 0, 1, 3, 1, 1, 1, 0, 1, 0, 3, 0, 3, 0, 1, 1, 0, 0, 1, 0, 1, 0, 1, 0, 1, 0, 0, 0, 0, 1, 0, 0, 0, 3, 0, 1, 0, 1, 3, 3, 3, 3, 1, 1, 1, 1, 3, 0, 3, 3, 1, 0, 3, 1, 1, 1, 1, 1, 1, 0, 0, 0, 0, 0, 0, 1, 0, 0], "confidence_scores": [[0.2876287059239044, 0.23125997841961848, 0.16430310445784418, 0.3168082111986333], [0.3170002591913771, 0.22738078079970236, 0.2047428744964142, 0.25087608551250673], [0.282866831712838, 0.26529879041579896, 0.21304233096479702, 0.23879204690656639], [0.338101811323213, 0.21816993952858876, 0.19265206500230697, 0.2510761841458915], [0.28151346126660853, 0.27907504114027143, 0.19682004213958326, 0.24259145545353694], [0.2685893533693807, 0.23261929808986895, 0.2215084211670139, 0.2772829273737366], [0.25640283951509024, 0.25175717796436436, 0.24410387665119904, 0.24773610586934655], [0.2806827746789481, 0.2769078966771727, 0.19312796841948443, 0.2492813602243949], [0.30897921900523584, 0.2411399579520819, 0.20502974581035585, 0.24485107723232688], [0.2428737028324803, 0.26779357714199303, 0.21114004268729306, 0.278192677338234], [0.23138883643899738, 0.341329066584414, 0.2081745524382397, 0.21910754453834907], [0.2638821209725641, 0.266055263526493, 0.2197398314444019, 0.2503227840565412], [0.29097040462749524, 0.2703895749879035, 0.17084754427992613, 0.2677924761046754], [0.23323362055663374, 0.3213579117311184, 0.20801140496152776, 0.23739706275072048], [0.27173817659322314, 0.26189474760034526, 0.20592350900012113, 0.2604435668063107], [0.3000256865141452, 0.2855416063470358, 0.20444752811622297, 0.2099851790225961], [0.29832406676670964, 0.29719068267843646, 0.1903727940183676, 0.21411245653648645], [0.2518839131359548, 0.2955598678902676, 0.2007044938805183, 0.2518517250932594], [0.24965920758887475, 0.2748143379990411, 0.2317244287889858, 0.24380202562309844], [0.2943253962649246, 0.2739415025422355, 0.2204669037679667, 0.2112661974248736], [0.2588094265294435, 0.2769440470691549, 0.24277199132882704, 0.2214745350725748], [0.3154616330864997, 0.23968615974795912, 0.17259924442310903, 0.27225296274243216], [0.2639321939903102, 0.29369918603888046, 0.18535773633095143, 0.2570108836398584], [0.2734064364130449, 0.3041614491180753, 0.20291155858689047, 0.2195205558819896], [0.24897145039748547, 0.2914025656598891, 0.17994085084891548, 0.27968513309371035], [0.258868635889362, 0.288512744220634, 0.19048396055160616, 0.26213465933839797], [0.2803800160004427, 0.3130729480542565, 0.20749137367839507, 0.19905566226690585], [0.2850701102454359, 0.25146510211589734, 0.21039005287748277, 0.2530747347611843], [0.2966687409398481, 0.27627843182055534, 0.1651467195241128, 0.26190610771548395], [0.2942785447837817, 0.2973055750325517, 0.1654639061714377, 0.24295197401222904], [0.27537072396776013, 0.2945384308548789, 0.1866077236702158, 0.2434831215071454], [0.3230975242760275, 0.2663974119155142, 0.1900738942050954, 0.22043116960336312], [0.2610517168840394, 0.2686797376013971, 0.24062893334948166, 0.22963961216508216], [0.24892160923543746, 0.23107407277277855, 0.16380182867899706, 0.3562024893127871], [0.2208578490720916, 0.3532195883357946, 0.1900560060097508, 0.23586655658236286], [0.32486249470535794, 0.22426578414867934, 0.1967683221538991, 0.25410339899206374], [0.285159940023426, 0.29451300570119143, 0.19376691837737126, 0.22656013589801158], [0.2910668655858167, 0.30980970377419004, 0.16538505827991526, 0.23373837236007847], [0.2108384374600581, 0.34124771983109026, 0.20702761955434654, 0.2408862231545051], [0.25621123621317976, 0.2589700712395207, 0.20927653710143632, 0.27554215544586336], [0.25820061173322484, 0.2834492541026542, 0.18380711018929, 0.2745430239748312], [0.33491819624380026, 0.21878227058163954, 0.1786744078819196, 0.2676251252926409], [0.2686883060800507, 0.26264029542451195, 0.21667262218884484, 0.2519987763065927], [0.27895273773708285, 0.29315173042153075, 0.19659802486904024, 0.23129750697234652], [0.2605370398081084, 0.33498190134200356, 0.17192675894617981, 0.2325542999037085], [0.3101272539850667, 0.2581224731576479, 0.19288750109243183, 0.23886277176485426], [0.24812947868624594, 0.3218009169215276, 0.1771975649931587, 0.25287203939906777], [0.2388920471860492, 0.2799986600082822, 0.23614168385285783, 0.244967608952811], [0.24905490847467224, 0.30054238704660236, 0.20375671180668511, 0.2466459926720404], [0.22499081012497854, 0.30776587182047654, 0.19658729695028998, 0.2706560211042551], [0.1871310183137751, 0.3328412938578159, 0.20722841421624796, 0.27279927361216116], [0.24473153285374616, 0.2918962991694253, 0.21018716542350446, 0.2531850025533243], [0.2415053655101265, 0.29550501148177544, 0.20954349755717255, 0.25344612545092543], [0.28081303715038797, 0.27108077854103835, 0.19094360446021563, 0.2571625798483582], [0.3141501799273746, 0.273421523165039, 0.17799680455736905, 0.23443149235021757], [0.28330998849230044, 0.29189540620851395, 0.2160566961461493, 0.20873790915303655], [0.2711315075850337, 0.28223897625748956, 0.21078645333373713, 0.2358430628237398], [0.29781357823263943, 0.2515610534310029, 0.18871531919604895, 0.26191004914030896], [0.2926961566870553, 0.26431853862317684, 0.20689975009907713, 0.23608555459069117], [0.22598719055725688, 0.31785100157203466, 0.22744693995590753, 0.22871486791480103], [0.28919419109301964, 0.2457604778766184, 0.22010359808438046, 0.24494173294598182], [0.25476266869622854, 0.2545072875536075, 0.18560517492171102, 0.30512486882845324], [0.2814442243779434, 0.30781692033805397, 0.20544173283880662, 0.20529712244519613], [0.26807374837408693, 0.29810315536367077, 0.17765859638811082, 0.25616449987413165], [0.2450422129753373, 0.26430934354837654, 0.24837388994769746, 0.2422745535285889], [0.24371336130218754, 0.29879352206648535, 0.20322642986147726, 0.2542666867698501], [0.3613473919031573, 0.20087082652220467, 0.1717726258946895, 0.26600915567994876], [0.2878805200244084, 0.27877238068295573, 0.16305901386980914, 0.27028808542282673], [0.3171130988541394, 0.26010321385108437, 0.1728186462761828, 0.24996504101859365], [0.3560240652848075, 0.23869946494068148, 0.17160637234423282, 0.23367009743027853], [0.26443958657593025, 0.24963436141452955, 0.18470700247292743, 0.30121904953661305], [0.2826971294626943, 0.26769729335044956, 0.1900788440020232, 0.2595267331848332], [0.27523318897598703, 0.29796630753081155, 0.1737881309051687, 0.25301237258803266], [0.264829811814188, 0.27585035518164497, 0.24211092187083014, 0.21720891113333707], [0.2673588403695178, 0.27581217553523457, 0.18811237034998676, 0.2687166137452608], [0.2816125972739331, 0.25648513798277933, 0.19123502626196165, 0.2706672384813262], [0.2475913263624214, 0.27974051991655297, 0.21729295876146787, 0.2553751949595582], [0.23214081119965055, 0.27078997002714617, 0.20449147001424284, 0.2925777487589607], [0.25746221186628937, 0.3332122753735854, 0.17945330366927645, 0.22987220909084893], [0.2510153344710935, 0.26799150952593603, 0.21330097639468845, 0.2676921796082824], [0.25433618352472864, 0.34007136182282194, 0.20546023379634318, 0.20013222085610644], [0.3385719797784813, 0.2517519929660002, 0.14924986237919946, 0.2604261648763195], [0.27493499527994725, 0.2769257677854876, 0.18901094523671338, 0.259128291697852], [0.3562691344032782, 0.2083835184342532, 0.15770074381509877, 0.27764660334736996], [0.26734458235963904, 0.26829279184750554, 0.1600980386503487, 0.30426458714250687], [0.3513064418359019, 0.2297724841032079, 0.12325017660002717, 0.2956708974608634], [0.2549807967617493, 0.26210787054856577, 0.17454900634067344, 0.3083623263490119], [0.28899425503949017, 0.2866901440327144, 0.18836483039668983, 0.23595077053110583], [0.2884417529535705, 0.2915843220634433, 0.17908627028709492, 0.24088765469589152], [0.2692988257309245, 0.30710606801819723, 0.18721443476139465, 0.23638067148948405], [0.289052763242305, 0.26491990403372784, 0.20748317696580043, 0.238544155758167], [0.274619895149212, 0.26796341829286385, 0.21005206399078818, 0.24736462256713593], [0.2721236582077481, 0.27762617053278715, 0.18442903623327164, 0.2658211350261931], [0.2723307771752996, 0.2587883834740598, 0.20032324631904241, 0.2685575930315984], [0.27058550137272036, 0.2897511937615963, 0.21602828299297008, 0.2236350218727134], [0.3135664884964551, 0.2672227355468002, 0.16249652425655603, 0.2567142517001889], [0.2836960187488789, 0.31148419780576314, 0.1707222048658888, 0.2340975785794695], [0.3230502690849138, 0.2693970317577577, 0.18331951818213052, 0.224233180975198], [0.2295977450883507, 0.3179142706643967, 0.19449755747708025, 0.25799042677017264], [0.2861778538308781, 0.2609427926731953, 0.19854810090971983, 0.25433125258620665], [0.28477163459744137, 0.26176184685734344, 0.1898894314119298, 0.26357708713328576], [0.2893423725025021, 0.2792840498544776, 0.18832760092710465, 0.24304597671591602], [0.3263800292821772, 0.2782297124343817, 0.14873641542008187, 0.24665384286335928], [0.24551551862388574, 0.3219852759405098, 0.19330564304895115, 0.23919356238665376], [0.2980344970324967, 0.24729221442793178, 0.16736763580138006, 0.28730565273819136], [0.294690524437422, 0.28318851224437913, 0.18421886600889492, 0.23790209730930426], [0.2940803539791836, 0.27786758183229343, 0.1601113505420918, 0.26794071364643135], [0.26867797995562764, 0.24801013470523972, 0.16386450548191264, 0.3194473798572204], [0.32072445523169263, 0.26055438274525566, 0.17011834898799788, 0.24860281303505383], [0.2539290144109011, 0.27284012556474496, 0.2094609210728845, 0.26376993895146944], [0.2812198211410749, 0.2742986648638865, 0.18535911693365148, 0.2591223970613872], [0.21840896832322376, 0.3210387172898344, 0.20346132740141912, 0.2570909869855229], [0.2826052248003068, 0.22344269375028883, 0.18676612398300385, 0.30718595746640076], [0.25435253958091464, 0.26127140934060733, 0.2113195261913038, 0.2730565248871743], [0.25972028431045674, 0.2462304995383729, 0.1977851053853836, 0.29626411076578696], [0.2839013761778485, 0.2549742455975128, 0.16889645184020122, 0.2922279263844376], [0.25398722518667877, 0.27086137993775256, 0.22371326388435062, 0.25143813099121837], [0.2354673660849535, 0.3492114110294242, 0.20838032930531367, 0.20694089358030868], [0.26817038228696183, 0.3051950179591711, 0.15981831499916183, 0.26681628475470537], [0.2583128455000016, 0.2668332373971147, 0.21719502305662666, 0.2576588940462572], [0.2499221495346763, 0.2621769994033929, 0.20500815350800647, 0.28289269755392454], [0.3050003693875424, 0.2702999776931133, 0.1790546574521725, 0.24564499546717222], [0.2640004158829351, 0.2721707132173933, 0.1913922692640742, 0.2724366016355979], [0.2706771046385009, 0.23855097433407957, 0.18673811029846057, 0.304033810728959], [0.268205965440495, 0.30712765948625803, 0.16904069299365246, 0.2556256820795947], [0.3125494154656959, 0.2800522802434476, 0.18430156228512676, 0.22309674200573032], [0.27232257522158354, 0.27312414557070297, 0.1813500875665757, 0.2732031916411382], [0.2399218798446973, 0.2765925828303633, 0.2318600882884475, 0.25162544903649203], [0.26303171921238216, 0.28420129328385774, 0.17948940985724315, 0.27327757764651706], [0.2368833313408412, 0.2863800505167628, 0.20439796904689672, 0.27233864909549976], [0.28431121219246586, 0.285345860861765, 0.1584590718622382, 0.2718838550835308], [0.26864796194491963, 0.2985545423084355, 0.17904104700659218, 0.253756448740053], [0.2510913559576938, 0.32175127110879614, 0.17905219188032104, 0.24810518105318913], [0.2791708326594095, 0.2784217160514175, 0.19341741669400414, 0.2489900345951691], [0.3131381655069783, 0.2778816838288961, 0.1581330839246128, 0.25084706673951335], [0.29378840511543397, 0.2678063380986042, 0.16606033926775585, 0.2723449175182063], [0.33753990568034886, 0.2560983426728749, 0.15307683812584152, 0.253284913520935], [0.28530833787909093, 0.281676890993789, 0.16905816758287845, 0.26395660354424194], [0.3685809088815809, 0.22102065439650898, 0.15977447505582054, 0.2506239616660899], [0.27954577238368783, 0.29153423670492723, 0.18505629323999095, 0.24386369767139424], [0.29641209529721235, 0.2604717648438047, 0.20892946563380527, 0.23418667422517803], [0.32737829634726445, 0.284031384563977, 0.17026262596002378, 0.21832769312873485]]}}