{"test": {"ids": ["108116481", "110115250", "99108890", "100113370", "110114920", "109119460", "98108370", "106111321", "98109230", "101111310", "105121190", "113118810", "113120280", "100109980", "106113190", "107121230", "109119591", "102110240", "112116451", "104116980", "104112201", "111116411", "105118171", "111117120", "112116990", "110117080", "108114360", "110120190", "110118701", "101111620", "98107010", "111120640", "102109010", "103120780", "107119130", "100107920", "101110740", "108118520", "112118550", "108117720", "112118161", "100108490", "103120340", "112121430", "97105580", "107119950", "111119340", "110114720", "109113881", "99105921", "112118890", "113118690", "102107961", "112117210", "108118301", "105116501", "99112300", "98116940", "105116090", "107121640", "107117630", "111116010", "103109791", "111116100", "98111620", "106114011", "100109890", "99107660", "101121640", "111119950", "97105960", "111119290", "98109570", "100109801", "101117580", "113119700", "104111531", "109120540", "103117461", "99119830", "104114230", "98112170", "111118820", "112119500", "102110850", "98110810", "99107640", "98112580", "104113210", "112120990", "103110050", "112121010", "108115970", "107114140", "110114651", "97116500", "100109000", "106114150", "102121700", "99109910", "97116790", "112118820", "106112770", "110117110", "105117351", "107118120", "106120640", "99109370", "100108520", "102110690", "106115250", "109119450", "108115250", "107112850", "97113260", "99113260", "111120280", "111120591", "101109120", "113119450", "111121410", "97114170", "112121030", "98116090", "110115890", "112119610", "106117790", "104116800", "113120260", "113118421", "99109311", "104113380", "109113281", "113118490", "101111210", "110120540", "110121140", "106121220", "113121010", "97106770", "105115680", "99109860"], "labels": [0, 1, 0, 3, 3, 1, 1, 0, 1, 3, 2, 3, 0, 1, 0, 0, 0, 3, 0, 1, 0, 0, 3, 2, 0, 1, 1, 3, 3, 3, 3, 0, 1, 1, 1, 0, 3, 0, 3, 1, 0, 2, 1, 2, 1, 3, 3, 3, 0, 1, 3, 3, 3, 1, 1, 1, 0, 2, 1, 1, 0, 1, 3, 3, 3, 1, 3, 3, 2, 0, 2, 3, 1, 0, 3, 0, 0, 1, 0, 1, 2, 3, 0, 2, 3, 1, 1, 2, 3, 2, 3, 2, 2, 2, 3, 2, 1, 1, 1, 2, 2, 0, 1, 0, 0, 3, 3, 1, 2, 0, 2, 3, 1, 1, 1, 0, 0, 1, 1, 3, 0, 2, 0, 0, 2, 0, 1, 1, 3, 3, 1, 1, 0, 1, 2, 1, 3, 1, 2, 3, 2, 2], "predicted_labels": [3, 3, 1, 3, 1, 3, 3, 3, 1, 1, 1, 3, 3, 1, 3, 1, 3, 1, 0, 1, 3, 0, 3, 3, 3, 3, 1, 1, 3, 3, 3, 1, 1, 1, 1, 3, 1, 1, 3, 3, 3, 3, 3, 3, 0, 3, 1, 1, 1, 3, 3, 1, 1, 1, 3, 3, 3, 1, 3, 0, 0, 1, 3, 1, 1, 1, 1, 1, 3, 1, 3, 3, 3, 1, 0, 1, 3, 0, 0, 2, 1, 3, 0, 1, 2, 1, 3, 1, 3, 3, 3, 3, 3, 1, 3, 1, 3, 3, 1, 2, 1, 3, 3, 1, 1, 3, 1, 3, 0, 0, 1, 3, 1, 3, 3, 1, 3, 3, 3, 0, 1, 3, 0, 3, 3, 1, 1, 3, 3, 3, 3, 1, 3, 3, 3, 1, 0, 1, 1, 1, 1, 1], "confidence_scores": [[0.2616829587079587, 0.22806797091797099, 0.16612090132090135, 0.34412816905316906], [0.2205074738986504, 0.26314495422877787, 0.19731096126096143, 0.31903661061161076], [0.21200519480519492, 0.30904528804528814, 0.2112339105339106, 0.2677156066156067], [0.2323875402375403, 0.24613725163725175, 0.22513934398934407, 0.2963358641358641], [0.2309834748584749, 0.3076765456765458, 0.16128681873681885, 0.30005316072816074], [0.2679515151515154, 0.2421780608280609, 0.18893354423354433, 0.3009368797868799], [0.19376529581529586, 0.24466580086580092, 0.2541192640692641, 0.30744963924963925], [0.26405997335997344, 0.24121057831057846, 0.19225186480186496, 0.3024775835275836], [0.22866933621933633, 0.2858281662781664, 0.2781328504828506, 0.2073696470196471], [0.2657146298146298, 0.29481235431235453, 0.212281007881008, 0.22719200799200812], [0.24212186702186705, 0.2880453324453325, 0.22383149073149078, 0.24600130980131002], [0.23261555944055953, 0.2651969474969475, 0.13959161949161952, 0.36259587357087364], [0.28044574314574316, 0.22936221556221564, 0.16634466089466088, 0.3238473803973806], [0.24802741702741707, 0.2935431715343481, 0.22116538657421025, 0.237264024864025], [0.2558676101676103, 0.26529109779109783, 0.17986177156177166, 0.29897952047952053], [0.2128356865356867, 0.2922051226551227, 0.21358651348651356, 0.28137267732267734], [0.23966320346320355, 0.2678578576652106, 0.20796339608104322, 0.28451554279054264], [0.2669287101787103, 0.2682932484182485, 0.21442520257520278, 0.2503528388278388], [0.3055603285603288, 0.290714541014541, 0.13786461675579328, 0.2658605136693372], [0.1877389344573555, 0.30627553201872093, 0.22584364270060883, 0.2801418908233151], [0.3006161616161615, 0.21492759103641454, 0.17369220779220776, 0.310764039555216], [0.3450847208347207, 0.2004528915528917, 0.1634435064935065, 0.29101888111888113], [0.2413440040351805, 0.2796613628201864, 0.16585964003316958, 0.31313499311146364], [0.23466144966144972, 0.2795008297258297, 0.1848916167166168, 0.3009461038961039], [0.29029261294261305, 0.19866060606060615, 0.1993174214674215, 0.31172935952935954], [0.183685780885781, 0.3014518703518705, 0.17421601176601187, 0.3406463369963368], [0.24124607614607615, 0.3415619880119881, 0.17213188478188493, 0.2450600510600511], [0.2394050199800201, 0.2927045454545457, 0.17855591630591638, 0.2893345182595181], [0.24227582972582987, 0.2403864801864803, 0.211747668997669, 0.3055900210900211], [0.25633230935730955, 0.22189602619602625, 0.2456479437229437, 0.27612372072372077], [0.2944679154179155, 0.23855796980796995, 0.17191466866466876, 0.29505944610944607], [0.2636860361860364, 0.28334401154401156, 0.18667533022533034, 0.2662946220446221], [0.2763069208569209, 0.2870847152847154, 0.18155096015096023, 0.25505740370740376], [0.23871701631701628, 0.2918073038073039, 0.18181774336774345, 0.28765793650793653], [0.2630438394938396, 0.30037312409812406, 0.19915825840825846, 0.23742477799977807], [0.2548902763902765, 0.21009327339327352, 0.18683702408702418, 0.34817942612942604], [0.24023977688977713, 0.30202050727050744, 0.21811731046731048, 0.23962240537240537], [0.2272885586635588, 0.3566650738150738, 0.20463415473415486, 0.21141221278721273], [0.25852289932289935, 0.23089336219336232, 0.18973098013098028, 0.3208527583527584], [0.20221212121212132, 0.28990649350649345, 0.17742034632034637, 0.33046103896103907], [0.2622106893106895, 0.23721320346320365, 0.17030655455655466, 0.33026955266955266], [0.25495199245199246, 0.2594017482517483, 0.21741276501276516, 0.2682334942834944], [0.25187661227661234, 0.2468521700521701, 0.2004180708180709, 0.30085314685314696], [0.25663568653568664, 0.2950616328116327, 0.14823630258630263, 0.30006637806637815], [0.27981052281052293, 0.240959928959929, 0.2179945110445112, 0.26123503718503727], [0.2285866300366301, 0.2501884729649435, 0.1850227324962619, 0.33620216450216445], [0.2741730158730159, 0.28189889832389836, 0.17985804473304487, 0.2640700410700411], [0.21153523143523154, 0.3384228216228212, 0.23707561882561903, 0.2129663281163283], [0.2545354895104897, 0.2939666333666336, 0.1906159812409814, 0.2608818958818959], [0.258124236874237, 0.26397039072039086, 0.21267866022866033, 0.2652267121767122], [0.21930476190476209, 0.2964779054279056, 0.17445451770451773, 0.3097628149628149], [0.23644462043804157, 0.32046383864673345, 0.16966728768307734, 0.27342425323214803], [0.24320562770562776, 0.2900332556332558, 0.20610353535353546, 0.2606575813075812], [0.20660574980574986, 0.3569561771561771, 0.22944928404928414, 0.20698878898878903], [0.2715250721500724, 0.22628495115995112, 0.18299470806970816, 0.31919526862026876], [0.25676460483960495, 0.23746778776778782, 0.13583380230880246, 0.36993380508380497], [0.21754366189366195, 0.2677987456987458, 0.2408038683538684, 0.273853724053724], [0.19628874458874465, 0.29847181152181174, 0.24655106560106566, 0.25868837828837843], [0.26060397380397393, 0.2576885003885005, 0.19594177489177492, 0.2857657509157508], [0.27675882450882455, 0.2562580031080032, 0.22617571872571884, 0.24080745365745365], [0.2898171273171272, 0.23179358419358426, 0.196821400821401, 0.2815678876678877], [0.19257089022089022, 0.34777869026398445, 0.19538098894569497, 0.2642694305694308], [0.2295004051504052, 0.24499100899100906, 0.24124805749805758, 0.28426052836052834], [0.2366194277944279, 0.31139991952491947, 0.19842250249750265, 0.25355815018315025], [0.2264589910089911, 0.3069463147963149, 0.23436900876900882, 0.2322256854256855], [0.28734698634698647, 0.2989050227550226, 0.1701962093462094, 0.24355178155178167], [0.24424694194694202, 0.2728730158730159, 0.23985577200577207, 0.24302427017427028], [0.2350467754467754, 0.27019608724608735, 0.2604440170940172, 0.2343131202131203], [0.25389985569985574, 0.27926443278943264, 0.18515831945831962, 0.2816773920523921], [0.2648072150072151, 0.3032169608169607, 0.1687401820401821, 0.26323564213564227], [0.24702889055389052, 0.20457296037296052, 0.22627477244977254, 0.3221233766233766], [0.15457124819624826, 0.3020482239982243, 0.17050024975024983, 0.372880278055278], [0.23784324286824307, 0.2208754911754912, 0.17348005605505615, 0.3678012099012098], [0.24336458541458547, 0.32354563214563203, 0.22228055833055851, 0.21080922410922429], [0.2957358974358975, 0.23867095127095134, 0.1879943389943391, 0.2775988122988123], [0.23701060051060063, 0.3157247641247642, 0.1664278887778889, 0.28083674658674657], [0.24270831668331683, 0.2783603008103009, 0.16825783187400845, 0.3106735506323741], [0.29367437007437014, 0.29217410367410385, 0.1425504440004441, 0.27160108225108237], [0.2822642857142858, 0.24481721611721616, 0.2087933732933734, 0.2641251248751249], [0.2049867632367633, 0.25880013042513056, 0.2723238428238427, 0.26388926351426367], [0.22853834221334215, 0.3219724853577795, 0.20489326310943975, 0.24459590931943873], [0.26267669552669565, 0.2506433899433902, 0.20019923409923418, 0.28648068043068037], [0.29648197358197365, 0.2732763014763015, 0.14106212676212682, 0.2891795981795982], [0.19761042846042864, 0.35207155067155077, 0.19884109779109785, 0.25147692307692326], [0.2044098623598624, 0.26798281718281736, 0.28344565712065717, 0.24416166333666345], [0.2036801753801755, 0.32954581529581545, 0.22357861582861588, 0.24319539349539354], [0.2404382339882341, 0.24605384060384067, 0.1949702630702631, 0.31853766233766223], [0.21174230214230239, 0.3058494227994228, 0.19430802253302254, 0.2881002525252526], [0.23181708291708297, 0.2258661616161618, 0.1810839160839162, 0.36123283938283934], [0.23611835941835946, 0.2821527139527138, 0.17594254079254085, 0.3057863858363859], [0.22927608502608507, 0.2810160728160726, 0.20194844044844054, 0.28775940170940195], [0.2773950077700077, 0.2720809967809969, 0.15054964757464762, 0.2999743478743479], [0.2427920856920858, 0.2519789155289155, 0.2070984792984794, 0.29813051948051933], [0.2230284992784994, 0.2865802281052282, 0.21271947496947505, 0.2776717976467979], [0.23229098679098678, 0.2806933899433897, 0.14625410700410707, 0.3407615162615163], [0.22574092574092594, 0.2605252136752137, 0.25709542679542696, 0.2566384337884339], [0.2554222222222223, 0.2293099289599291, 0.22167970917970928, 0.2935881396381398], [0.26176663695781355, 0.26077665308547676, 0.21325281385281403, 0.2642038961038962], [0.26905126817626834, 0.27946072065189714, 0.18926674077556427, 0.2622212703962705], [0.17788913308913315, 0.2396977022977024, 0.3647921245421245, 0.21762104007104027], [0.21425805860805877, 0.2869977966477966, 0.2352744255744256, 0.26346971916971923], [0.2760316092404329, 0.2576600233100234, 0.15795082140082148, 0.3083575460487226], [0.19686053391053396, 0.2663909756909757, 0.24133179598179613, 0.2954166944166944], [0.219729353979354, 0.2924789987789989, 0.2405242313242313, 0.24726741591741605], [0.2593437950937952, 0.296115628815629, 0.16382109557109562, 0.28071948051948065], [0.272052553002553, 0.27957600732600746, 0.15279554334554343, 0.2955758963258964], [0.21428436008436014, 0.33725318570318574, 0.2255107947607948, 0.22295165945165957], [0.2486189532689534, 0.25406010101010107, 0.21755927765045432, 0.2797616680704919], [0.2988926850926851, 0.22175120990120997, 0.2014358641358642, 0.2779202408702408], [0.2988894964512611, 0.24476749312778723, 0.18390211438887924, 0.27244089603207255], [0.19998514818514826, 0.28914545454545454, 0.24334001554001555, 0.26752938172938184], [0.1885009518259519, 0.27796438838938836, 0.21117051837051848, 0.32236414141414155], [0.22314371739371747, 0.29179985569985556, 0.2149878288378289, 0.270068598068598], [0.24114631479631488, 0.25105692640692645, 0.24194092019092037, 0.2658558386058387], [0.23875919080919092, 0.25378184593184583, 0.22344452491952507, 0.2840144383394383], [0.24116891441891453, 0.3018488511488512, 0.22198029193029195, 0.23500194250194253], [0.2535947496947498, 0.24358286158286163, 0.15284721667221676, 0.3499751720501719], [0.27464326229326225, 0.22243111888111897, 0.1861023504273505, 0.31682326839826824], [0.2470238983238983, 0.26123372183372184, 0.22485969585969592, 0.26688268398268417], [0.30778163503163525, 0.26064066684949044, 0.14992442916560564, 0.2816532689532688], [0.2613712676212676, 0.3010255855255856, 0.13790745365745372, 0.29969569319569334], [0.19427572982572988, 0.27428109668109674, 0.2101802919302919, 0.3212628815628818], [0.3315613636363639, 0.2310380952380953, 0.1500112914862915, 0.2873892496392496], [0.23404508824508838, 0.24958996558996563, 0.20461534021534025, 0.31174960594960593], [0.2061791541791543, 0.290097952047952, 0.18592317127317146, 0.31779972249972227], [0.2319903096903098, 0.2906565878565879, 0.19227733377733394, 0.2850757686757687], [0.2383541458541459, 0.2726503052503052, 0.24132640692640697, 0.247669141969142], [0.24695450937950955, 0.2587396991896992, 0.1761427128427129, 0.31816307858807863], [0.2120638472638474, 0.2809494116994119, 0.19477210012210025, 0.3122146409146408], [0.28702864357864355, 0.25129209124209134, 0.14230554445554452, 0.3193737207237208], [0.19771738816738824, 0.2638237706737708, 0.2494107448107448, 0.28904809634809636], [0.2231663225663226, 0.3176449772449772, 0.19957809412809424, 0.25961060606060615], [0.29017460317460325, 0.26393389388389416, 0.1256098124098125, 0.3202816905316907], [0.2610095293595296, 0.25725336330336335, 0.16571606171606182, 0.3160210456210456], [0.22573804528804545, 0.21635254745254753, 0.21516039516039526, 0.34274901209901215], [0.20938139638139652, 0.3352409890762832, 0.21162458423929015, 0.2437530303030304], [0.2900897852147853, 0.2854344733697676, 0.1914257139918905, 0.23305002742355693], [0.2276080086580088, 0.31721673881673884, 0.18028287823287825, 0.27489237429237445], [0.22475482850482853, 0.30976739926739927, 0.16818973248973257, 0.29728803973803963], [0.26637886002885997, 0.2671791486291487, 0.23126082806082807, 0.23518116328116334], [0.1693430680430681, 0.3555513209013209, 0.20416395271395285, 0.2709416583416584], [0.21784545454545456, 0.31113357198357205, 0.2208274225774226, 0.25019355089355094]]}, "rewritten": {"ids": ["97105580", "97105960", "97106770", "97113260", "97114170", "97116500", "97116790", "98107010", "98108370", "98109230", "98109570", "98110810", "98111620", "98112170", "98112580", "98116090", "98116940", "99105921", "99107640", "99107660", "99108890", "99109311", "99109370", "99109860", "99109910", "99112300", "99113260", "99119830", "100107920", "100108490", "100108520", "100109000", "100109801", "100109890", "100109980", "100113370", "101109120", "101110740", "101111210", "101111310", "101111620", "101117580", "101121640", "102107961", "102109010", "102110240", "102110690", "102110850", "102121700", "103109791", "103110050", "103117461", "103120340", "103120780", "104111531", "104112201", "104113210", "104113380", "104114230", "104116800", "104116980", "105115680", "105116090", "105116501", "105117351", "105118171", "105121190", "106111321", "106112770", "106113190", "106114011", "106114150", "106115250", "106117790", "106120640", "106121220", "107112850", "107114140", "107117630", "107118120", "107119130", "107119950", "107121230", "107121640", "108114360", "108115250", "108115970", "108116481", "108117720", "108118301", "108118520", "109113281", "109113881", "109119450", "109119460", "109119591", "109120540", "110114651", "110114720", "110114920", "110115250", "110115890", "110117080", "110117110", "110118701", "110120190", "110120540", "110121140", "111116010", "111116100", "111116411", "111117120", "111118820", "111119290", "111119340", "111119950", "111120280", "111120591", "111120640", "111121410", "112116451", "112116990", "112117210", "112118161", "112118550", "112118820", "112118890", "112119500", "112119610", "112120990", "112121010", "112121030", "112121430", "113118421", "113118490", "113118690", "113118810", "113119450", "113119700", "113120260", "113120280", "113121010"], "labels": [1, 2, 3, 1, 2, 2, 2, 3, 1, 1, 1, 1, 3, 3, 2, 0, 2, 1, 1, 3, 0, 1, 1, 2, 2, 0, 0, 1, 0, 2, 2, 1, 0, 3, 1, 3, 1, 3, 2, 3, 3, 3, 2, 3, 1, 3, 0, 3, 1, 3, 3, 0, 1, 1, 0, 0, 3, 1, 2, 1, 1, 2, 1, 1, 0, 3, 2, 0, 1, 0, 1, 1, 2, 1, 3, 1, 1, 2, 0, 3, 1, 3, 0, 1, 1, 1, 2, 0, 1, 1, 0, 0, 0, 3, 1, 0, 1, 3, 3, 3, 1, 2, 1, 0, 3, 3, 1, 3, 1, 3, 0, 2, 0, 3, 3, 0, 0, 1, 0, 0, 0, 0, 1, 0, 3, 0, 3, 2, 0, 2, 2, 0, 2, 3, 1, 3, 3, 3, 0, 3, 0, 2], "predicted_labels": [0, 3, 0, 3, 1, 1, 1, 1, 1, 1, 3, 1, 1, 1, 1, 3, 1, 1, 3, 1, 1, 3, 3, 1, 2, 1, 1, 3, 3, 0, 3, 3, 0, 0, 0, 1, 1, 1, 3, 1, 3, 0, 1, 1, 1, 1, 3, 1, 0, 3, 1, 3, 1, 1, 1, 3, 3, 1, 1, 3, 3, 1, 3, 3, 3, 3, 1, 0, 1, 3, 1, 0, 1, 1, 1, 3, 1, 1, 3, 3, 1, 3, 3, 2, 1, 3, 3, 3, 3, 3, 1, 3, 1, 3, 3, 3, 3, 3, 1, 1, 3, 1, 3, 1, 1, 1, 1, 1, 1, 1, 3, 3, 0, 3, 3, 3, 3, 3, 1, 1, 0, 3, 1, 1, 3, 3, 3, 1, 1, 1, 3, 0, 0, 3, 0, 1, 3, 0, 3, 3, 3, 3], "confidence_scores": [[0.313815046065046, 0.2436004273504274, 0.18351430236430238, 0.25907022422022424], [0.2242857364857366, 0.21563146657264315, 0.2397464277552514, 0.32033636918636915], [0.26854570984571, 0.24566719946719953, 0.2596379953379953, 0.2261490953490954], [0.24714608169608182, 0.24322265512265515, 0.21102343293960948, 0.2986078302416538], [0.20082723665223678, 0.32024687338805, 0.19788192836575197, 0.28104396159396156], [0.2177060828060829, 0.2799343822843824, 0.2513612165612166, 0.25099831834831854], [0.2576532967032968, 0.27417784992785, 0.21886853424353434, 0.24930031912531925], [0.245165295815296, 0.2928278388278389, 0.17036295371295376, 0.2916439116439116], [0.16634880674880692, 0.30001509046509045, 0.26309266844266854, 0.2705434343434345], [0.22591191031191046, 0.2865210178710178, 0.2640261405261406, 0.2235409312909314], [0.2617970196470198, 0.21970546316428685, 0.17359918219035886, 0.34489833499833494], [0.2220373237873238, 0.3502415084915084, 0.20674009879009891, 0.22098106893106903], [0.21568287268287278, 0.29090862470862483, 0.2477096736596739, 0.245698828948829], [0.2616349705849706, 0.2842818181818183, 0.17668210123210132, 0.27740111000110995], [0.21410718725718728, 0.3070478715728716, 0.22745333277833288, 0.25139160839160857], [0.25438034743034754, 0.25752095127095137, 0.20179234654234657, 0.28630635475635474], [0.24461989676989696, 0.2799580697080698, 0.2058519294431061, 0.26957010407892773], [0.22743569763569782, 0.31891221001221015, 0.2175660561660564, 0.23608603618603632], [0.26366047286047295, 0.22710864135864134, 0.20234620934620945, 0.3068846764346764], [0.23267243867243878, 0.27679279054279066, 0.27283444333444334, 0.21770032745032758], [0.21441414973914982, 0.33946064213564203, 0.2008098457098458, 0.2453153624153626], [0.21587095127095138, 0.25715773279008586, 0.24794563051327762, 0.2790256854256855], [0.21965348540348545, 0.26577905427905424, 0.2433876789876791, 0.2711797813297816], [0.2433306859806859, 0.28755346875346877, 0.2016588134088135, 0.267457031857032], [0.24205231552073672, 0.2636141466720414, 0.2879971467129362, 0.20633639109428598], [0.22498966033966059, 0.2814870851370851, 0.22702616827616845, 0.2664970862470862], [0.26005070485070486, 0.29505707070707077, 0.22760954045954043, 0.21728268398268408], [0.18762642912642913, 0.270551456876457, 0.24682089022089035, 0.29500122377622384], [0.23644083694083692, 0.23277529692529694, 0.18347239427239434, 0.3473114718614719], [0.2567597569097569, 0.249223276723277, 0.24653150738150756, 0.24748545898545904], [0.28273989898989893, 0.23060692640692645, 0.18747081252081255, 0.2991823620823622], [0.23234641747141763, 0.24988801198801205, 0.2068589216339217, 0.3109066489066491], [0.2949913752913754, 0.2645842712842713, 0.2098871794871795, 0.2305371739371741], [0.2950957986457989, 0.2444310836222601, 0.21171705712588074, 0.24875606060606062], [0.30276406926406924, 0.25101002886002893, 0.18938665223665244, 0.2568392496392497], [0.21642128427128438, 0.2937354256854257, 0.24155814740814746, 0.24828514263514273], [0.2526576867576868, 0.2654987012987011, 0.2210926628926629, 0.26075094905094914], [0.2726032745032746, 0.28938921078921065, 0.2099640914640916, 0.2280434232434233], [0.2243052891552893, 0.2660375846375847, 0.1921639083139084, 0.317493217893218], [0.2513736430236431, 0.2992976190476191, 0.21224771339771356, 0.23708102453102464], [0.23773127705627722, 0.23468299282416932, 0.2618347477685713, 0.2657509823509824], [0.30303601398601404, 0.2632166666666667, 0.16689171939171946, 0.2668555999556], [0.24539170274170297, 0.3006327894327894, 0.1838948051948052, 0.2700807026307027], [0.2614444305694306, 0.29057511932511937, 0.19292653180153188, 0.2550539183039184], [0.2602927072927074, 0.29629607614607617, 0.19439314019314033, 0.24901807636807652], [0.2813642246642249, 0.2916044455544456, 0.17604295704295717, 0.25098837273837277], [0.2857681596181597, 0.2671613053613056, 0.15817029637029642, 0.28890023865023867], [0.2189377408539174, 0.28791181792064136, 0.2727014354926119, 0.22044900573282933], [0.2823204961704964, 0.2632599991511757, 0.18106656872539234, 0.2733529359529359], [0.22198588633588642, 0.23490939615939632, 0.24645465645465664, 0.2966500610500611], [0.2194026196026197, 0.33052683982683967, 0.18542827727827738, 0.2646422632922634], [0.25429982794982786, 0.2751073815073815, 0.19423465978465992, 0.2763581307581308], [0.23498651071151094, 0.290501443001443, 0.19641319236319246, 0.27809885392385386], [0.197264862914863, 0.35476452991452995, 0.20177258852258861, 0.24619801864801863], [0.23561952491952498, 0.3112497002997004, 0.1582711047122813, 0.2948596700684937], [0.2857539460539461, 0.2216178210678212, 0.17028232323232328, 0.3223459096459097], [0.23457969807969822, 0.24935082140082152, 0.16360178155178168, 0.35246769896769903], [0.2467179653679654, 0.3032068542568541, 0.206554256854257, 0.24352092352092355], [0.2375921855921857, 0.31716985465514846, 0.20292669356787013, 0.24231126618479565], [0.21843826173826178, 0.2659769008769009, 0.19810081030081034, 0.3174840270840273], [0.2254673853923855, 0.26519194694194703, 0.2407716977466979, 0.26856896991896984], [0.18121046176046188, 0.3454266233766234, 0.23158059718059723, 0.24178231768231775], [0.23562914862914877, 0.23110794205794216, 0.22905370185370194, 0.30420920745920743], [0.25815439282939295, 0.24711845376845396, 0.13780275002775008, 0.35692440337440323], [0.2532842712842715, 0.29805382950382947, 0.14488830613830614, 0.303773593073593], [0.24720457679575333, 0.2809704406704408, 0.16117822896058198, 0.3106467535732241], [0.22658625818625824, 0.30492318237318233, 0.21853941613941616, 0.2499511433011434], [0.2984223831723832, 0.2528440559440559, 0.17471984126984139, 0.27401371961371973], [0.205300815850816, 0.3052259906759908, 0.24417831612831625, 0.2452948773448774], [0.26518833388833396, 0.25392703130203126, 0.17318344988344994, 0.307701184926185], [0.2838086635586636, 0.31044561549561545, 0.16863062493062503, 0.23711509601509612], [0.26320333000333024, 0.25913542568542575, 0.22757490842490846, 0.25008633588633594], [0.19388917748917758, 0.311449322899323, 0.23445275280275285, 0.2602087468087468], [0.25881505161505164, 0.2832932012432013, 0.23052378732378734, 0.22736795981795996], [0.22199834332334337, 0.3208878427128426, 0.2277035353535354, 0.22941027861027877], [0.2764608225108224, 0.2700573870573872, 0.16415637140637135, 0.2893254190254192], [0.22743765678765684, 0.2923142801642803, 0.2307557165057167, 0.24949234654234675], [0.22222991452991464, 0.3217829170829171, 0.20657459762459768, 0.24941257076257092], [0.2752059163059164, 0.25902528027528027, 0.17749463314463335, 0.2882741702741703], [0.2959678432678434, 0.25691676101676103, 0.1465011100011101, 0.3006142857142858], [0.25895897990898004, 0.3220833333333333, 0.14808091353091368, 0.2708767732267733], [0.23066546231546245, 0.26756177743824794, 0.19133619680972613, 0.31043656343656334], [0.19639225219225223, 0.2965389110889111, 0.20127282717282738, 0.3057960095460096], [0.25496002886002894, 0.24571740481740487, 0.2585480352980354, 0.2407745310245311], [0.23911503496503497, 0.33491158841158825, 0.1943001609501611, 0.23167321567321592], [0.2369701076701078, 0.23983504273504264, 0.23499884559884557, 0.28819600399600404], [0.23714000999001003, 0.25911446331446336, 0.19781939171939175, 0.305926134976135], [0.2690762848262851, 0.24458407703407706, 0.1637454600954601, 0.322594178044178], [0.18848225108225117, 0.29973008658008654, 0.1610938672438673, 0.3506937950937951], [0.2824859307359309, 0.25367124264624274, 0.16909227716727732, 0.2947505494505495], [0.2692188172938174, 0.2907066294816293, 0.20312946497946507, 0.23694508824508825], [0.2876546065046066, 0.25811558441558463, 0.16107251082251087, 0.29315729825729836], [0.24981769064269088, 0.2765333832833832, 0.20775097402597406, 0.2658979520479522], [0.17555640470640477, 0.30576342268842277, 0.19958522866022882, 0.31909494394494375], [0.2329233322233324, 0.2614989954489955, 0.18381190476190482, 0.3217657675657674], [0.21029772727272728, 0.27106276501276516, 0.21894470251970258, 0.2996948051948052], [0.2845108150019916, 0.26939639249639247, 0.13593594934477293, 0.3101568431568433], [0.23790137085137086, 0.2775058219558219, 0.12599028194028197, 0.3586025252525254], [0.21649476634476647, 0.328001714951715, 0.2454866300366301, 0.21001688866688872], [0.27953432123432137, 0.2806376123876125, 0.16189742479742486, 0.27793064158064157], [0.2501476134976136, 0.255293117993118, 0.1960715617715619, 0.2984877067377068], [0.2284359806859808, 0.289771683871684, 0.19649210234210254, 0.2853002331002331], [0.19422022977022987, 0.30001165729695145, 0.1493997704909471, 0.3563683424418718], [0.21281996696114347, 0.2893748556998556, 0.26192867328749697, 0.23587650405150412], [0.2587363061774827, 0.2742396658896659, 0.20087552610787918, 0.2661485018249723], [0.2582729020979024, 0.3074441169941172, 0.14822479187479196, 0.28605818903318897], [0.18708383838383846, 0.33656195471195455, 0.22415261960261967, 0.2522015873015875], [0.260164171939172, 0.2844343933843936, 0.21494594017094032, 0.2404554945054946], [0.20226120546120557, 0.3318056743909686, 0.18136390602861205, 0.28456921411921426], [0.28096193528693525, 0.2842231787820022, 0.17778259877377525, 0.2570322871572873], [0.3082450993450991, 0.19703480408480423, 0.17934847929847933, 0.31537161727161733], [0.21599321789321796, 0.28809324009324, 0.19408623321123333, 0.30182730880230896], [0.281255339105339, 0.2641837717837718, 0.1765144244644244, 0.2780464646464647], [0.19813803141303155, 0.28292600177600197, 0.22597271894771898, 0.29296324786324796], [0.278343722943723, 0.2592357142857143, 0.1788831168831169, 0.2835374458874459], [0.2556380952380953, 0.28627121212121226, 0.1634031385281386, 0.29468755411255404], [0.24835492285492297, 0.25645224775224784, 0.1460943195693196, 0.34909850982350954], [0.26146521256521255, 0.24790523365523381, 0.16753160728160735, 0.32309794649794643], [0.24240179820179825, 0.28399498279498264, 0.21235870795870818, 0.2612445110445112], [0.23054834054834067, 0.322646631146631, 0.15101024531024537, 0.29579478299478296], [0.2964352813852814, 0.2705758574758575, 0.15542782217782217, 0.2775610389610392], [0.27000014430014424, 0.23671953046953054, 0.2100091908091909, 0.28327113442113444], [0.19566459651459664, 0.3855462703962703, 0.23038413253413262, 0.18840500055500065], [0.2603084748584749, 0.29984211344211337, 0.19338914418914427, 0.24646026751026767], [0.23612456987456995, 0.23799344544344558, 0.16956694416694423, 0.3563150405150405], [0.25888998536723007, 0.2659089796168744, 0.15226361357940313, 0.32293742143649284], [0.2358952880452882, 0.2757188311688313, 0.15298412698412706, 0.3354017538017538], [0.20349701409701412, 0.36705722055722056, 0.19809674214674233, 0.23134902319902326], [0.18931512376512394, 0.3330096681096681, 0.2230307192807194, 0.2546444888444889], [0.23806247641247644, 0.3273217504717504, 0.16166955266955269, 0.27294622044622047], [0.21390694860694867, 0.28910276390276385, 0.19180135975135976, 0.30518892773892764], [0.3259297924297924, 0.22318900772430195, 0.1556675027586793, 0.29521369708722656], [0.2850530025530026, 0.25446620601620606, 0.1854643467643468, 0.27501644466644487], [0.28979163059163066, 0.2612663725163725, 0.1181300366300366, 0.33081196026196036], [0.27668398268398264, 0.24774998889998898, 0.2049814352314353, 0.27058459318459327], [0.2533893229577442, 0.32420379313668785, 0.19338241144820112, 0.2290244724573673], [0.21347778332778344, 0.2731292211056919, 0.1443343264578559, 0.36905866910866897], [0.29794332611832613, 0.2745852813852815, 0.15209736652236655, 0.2753740259740259], [0.2220020055108291, 0.29824120324120346, 0.17966041181041184, 0.30009637943755596], [0.22619824815707176, 0.2828457653457654, 0.20653873348873353, 0.2844172530084296], [0.26925447330447333, 0.25073235098235114, 0.15639937284937286, 0.32361380286380287], [0.2517338550338552, 0.2826262903762904, 0.15659715562215565, 0.309042698967699]]}}