{"test": {"ids": ["98110680", "110114321", "99109141", "113120540", "105113190", "103120531", "107119950", "112118471", "105115570", "112118620", "98108520", "110118121", "104111620", "99116500", "108115500", "112119980", "108118291", "110121500", "99108330", "101114020", "106117790", "103110100", "113121220", "103113101", "99109910", "100108260", "102113210", "97105451", "103111990", "107116980", "113118111", "97116410", "112120540", "105117200", "100108520", "103110760", "108119330", "112116850", "105115680", "113118690", "113121010", "97106970", "109113281", "109120540", "99109840", "107117630", "109119460", "113118511", "102110850", "100120010", "100109330", "103118291", "98107210", "101108370", "108117610", "99107500", "104113190", "112120630", "110118880", "113118820", "98107410", "107114200", "110117200", "107119390", "100108080", "108121190", "108120280", "97109080", "112118161", "113120280", "113119120", "101111310", "109118161", "108120260", "112116540", "110114950", "110117110", "99111620", "107120880", "110120560", "112116290", "111118810", "104117200", "103112470", "102113981", "109114270", "104119340", "110117080", "99112840", "110113591", "111121410", "103111540", "110118930", "103120730", "99105921", "108121351", "105116980", "98112300", "113119360", "104114740", "106118820", "103111480", "110120700", "107116501", "110121450", "99112300", "97111790", "102116500", "105121190", "104117630", "98108410", "101108290", "103110220", "107113840", "108114180", "111114941", "106116120", "98120530", "112116451", "112118880", "110113931", "112119950", "111116110", "106115120", "111119950", "103111620", "100110260", "99111440", "111119930", "98121790", "111120540", "113120640", "102116340", "99108890", "104113210", "113120591", "110114651", "111117480", "99113260", "99108580", "106117770", "109120621"], "labels": [2, 1, 3, 3, 3, 3, 3, 1, 0, 3, 2, 3, 0, 2, 3, 0, 3, 3, 1, 3, 1, 1, 3, 3, 2, 3, 3, 0, 2, 3, 1, 3, 3, 3, 2, 1, 0, 0, 2, 3, 2, 2, 0, 1, 2, 0, 1, 1, 3, 0, 0, 0, 1, 1, 3, 0, 3, 3, 0, 0, 3, 2, 3, 2, 0, 1, 3, 2, 0, 0, 3, 3, 0, 1, 1, 0, 0, 3, 1, 0, 0, 0, 3, 1, 1, 3, 1, 1, 2, 0, 0, 1, 1, 1, 1, 3, 0, 2, 0, 2, 3, 0, 2, 1, 3, 0, 2, 1, 2, 0, 1, 0, 2, 3, 1, 0, 1, 1, 0, 1, 1, 0, 3, 1, 0, 0, 3, 3, 1, 2, 1, 0, 3, 0, 3, 0, 3, 1, 0, 0, 0, 1], "predicted_labels": [1, 1, 1, 3, 1, 3, 1, 3, 3, 1, 1, 0, 0, 1, 1, 1, 0, 0, 2, 3, 1, 3, 1, 1, 1, 0, 1, 1, 0, 1, 1, 1, 0, 3, 3, 3, 1, 1, 2, 1, 1, 1, 3, 3, 1, 3, 1, 3, 1, 1, 0, 0, 1, 3, 3, 3, 1, 3, 1, 3, 1, 1, 3, 1, 1, 2, 3, 3, 0, 3, 1, 1, 0, 1, 1, 3, 3, 1, 3, 2, 1, 3, 1, 1, 1, 3, 3, 1, 1, 0, 1, 3, 1, 1, 1, 1, 3, 3, 3, 1, 2, 3, 1, 3, 3, 3, 3, 1, 3, 1, 1, 1, 3, 1, 1, 1, 3, 3, 3, 1, 1, 1, 1, 3, 3, 1, 3, 3, 1, 1, 1, 3, 1, 1, 1, 3, 3, 3, 1, 3, 3, 3], "confidence_scores": [[0.2302884337884338, 0.2887007575757577, 0.2221826506826506, 0.25882815795315783], [0.2801561632811635, 0.29362247474747477, 0.16565885503385505, 0.260562506937507], [0.29280633255633265, 0.2980341464091464, 0.1254566544566544, 0.2837028665778667], [0.22795544733044731, 0.2743549783549784, 0.20024080086580087, 0.2974487734487735], [0.28471071004159254, 0.28765994707906467, 0.16637667887667892, 0.26125266400266406], [0.28658599896835196, 0.2204289321789322, 0.17040272472625412, 0.3225823441264618], [0.22385714285714284, 0.2935243367743369, 0.2223207625707626, 0.2602977577977578], [0.26803947697039804, 0.23208511502687204, 0.15843350255695457, 0.34144190544577546], [0.19787788600288592, 0.25183982683982686, 0.21100126262626268, 0.3392810245310246], [0.2574413641913642, 0.2962487826500985, 0.18572520023835806, 0.2605846529201793], [0.24463876156523218, 0.38646296758796744, 0.15264001602972188, 0.21625825481707847], [0.30284523809523806, 0.27536778499278497, 0.1430900072150072, 0.2786969696969697], [0.3575950577200578, 0.1856971500721501, 0.14095381007881005, 0.31575398212898215], [0.24738406038406047, 0.2934338341397165, 0.1924400321900321, 0.266742073286191], [0.20358558802308807, 0.30274044011544016, 0.26496807359307367, 0.2287058982683983], [0.18729846542346545, 0.35627602952602955, 0.19857578532578535, 0.2578497197247197], [0.3837556765130294, 0.22911532911532909, 0.11891617043087627, 0.26821282394076523], [0.30045988733488743, 0.2481487678987678, 0.17119961982461981, 0.28019172494172506], [0.17630187867687858, 0.2643094266844267, 0.3289359806859807, 0.2304527139527139], [0.2621589048206695, 0.24516585212173442, 0.21068423814747342, 0.28199100491012274], [0.21722451159951167, 0.3099167082917083, 0.21558352758352764, 0.2572752525252526], [0.20970275149686915, 0.28571728271728275, 0.21827830013124136, 0.28630166565460696], [0.19832907370407374, 0.3563716283716285, 0.2194931588019823, 0.22580613912231548], [0.21545898545898545, 0.3204259213009213, 0.18838805638805642, 0.27572703685203687], [0.25195052170052173, 0.2649101454101455, 0.25474307636807636, 0.2283962565212565], [0.2814831141081141, 0.26579513542013555, 0.1951045204795205, 0.25761722999223], [0.220528624153624, 0.2800968614718615, 0.2279162128720953, 0.2714583015024192], [0.2970860389610389, 0.297469807969808, 0.14573131035631032, 0.2597128427128428], [0.29195798645798654, 0.28272266622266623, 0.1652727688977689, 0.2600465784215784], [0.23386260961260963, 0.28632640970140977, 0.20723611111111104, 0.27257486957486965], [0.28081529581529574, 0.30587666010460135, 0.16419739166062697, 0.24911065241947597], [0.21909355921855928, 0.3596602841602843, 0.1617751415251414, 0.25947101509601517], [0.2733640901582078, 0.2326692980222392, 0.25136036553315977, 0.24260624628639338], [0.2872561327561327, 0.22663807720057716, 0.18713385919635922, 0.2989719308469309], [0.2808509823509824, 0.2372117882117882, 0.17125710400710403, 0.31068012543012546], [0.24020156232656237, 0.2618500943500944, 0.22182112332112333, 0.2761272200022201], [0.28134554334554335, 0.2819580280830281, 0.17631078643578646, 0.2603856421356422], [0.21063810568086885, 0.28793901441695563, 0.23960092103029415, 0.26182195887188153], [0.151847582972583, 0.25503778860028875, 0.3003842893217893, 0.29273033910533924], [0.23687051910078227, 0.2806879827688651, 0.25087264562922457, 0.23156885250112805], [0.20617045454545457, 0.3798163225663227, 0.17730573593073598, 0.23670748695748703], [0.2082869283494283, 0.320060952935953, 0.23283250777000805, 0.23881961094461093], [0.27365987770399547, 0.25182833832833834, 0.17663988788988785, 0.2978718960777784], [0.26833423520923533, 0.2668326118326118, 0.15466747835497835, 0.31016567460317473], [0.234913530913531, 0.26357094294594285, 0.2519175546675546, 0.2495979714729715], [0.28590927128427135, 0.2044155844155844, 0.15920129870129865, 0.3504738455988457], [0.21511762543012547, 0.40089026251526255, 0.18803008796758797, 0.19596202408702407], [0.2701308830058831, 0.24379085497835506, 0.1790756812631813, 0.30700258075258074], [0.2406539530730708, 0.2772965825024649, 0.21676766289266286, 0.26528180153180153], [0.23467114135864134, 0.2599345376845377, 0.250963258963259, 0.254431061993562], [0.2925843330645963, 0.28372305472305476, 0.1703585763651552, 0.25333403584719383], [0.29875858169608166, 0.28295616883116886, 0.16759595959595955, 0.2506892898767898], [0.1774218420468421, 0.3422537878787879, 0.23047083472083466, 0.24985353535353527], [0.2985904899838724, 0.26763911374573146, 0.11765456071706067, 0.31611583555333567], [0.1950675851925852, 0.254922854922855, 0.21477265789765793, 0.3352369019869021], [0.16632965645465642, 0.2774638972138973, 0.20812277999778, 0.3480836663336664], [0.2596007256632258, 0.3162167346542347, 0.14322727272727273, 0.28095526695526696], [0.28712074037074037, 0.2290685931715343, 0.15817254477548595, 0.3256381216822394], [0.23329155566655566, 0.33905838605838595, 0.10740053002552997, 0.32024952824952835], [0.254998008935509, 0.2891487262737264, 0.1328577039790274, 0.3229955608117374], [0.2718338605838605, 0.31829430291930305, 0.14011373348873343, 0.2697581030081031], [0.21639739427239427, 0.2988332321273498, 0.244341752610135, 0.24042762099012094], [0.19461408036408037, 0.2534140165390167, 0.2559146131646131, 0.2960572899322899], [0.20781671106671104, 0.316923180985681, 0.23382778332778334, 0.24143232461982453], [0.19908429070929082, 0.2972345432345433, 0.26298376623376635, 0.24069739982239985], [0.2031171474724106, 0.2687371933621934, 0.28370033183191085, 0.24444532733348528], [0.26013374819624824, 0.22164601370851372, 0.14700730519480518, 0.37121293290043283], [0.18878896103896095, 0.24642166167166166, 0.2393066378066379, 0.32548273948273954], [0.2905524891774893, 0.27823429786587683, 0.16975598086124397, 0.26145723209539], [0.27740238233988235, 0.1979056984681986, 0.19561895743145744, 0.32907296176046197], [0.24374805749805745, 0.306909416971917, 0.18821262071262074, 0.26112990481740467], [0.1769404761904762, 0.3279698773448774, 0.2739487734487735, 0.22114087301587312], [0.32122238464150243, 0.22909036796536797, 0.1623250173029584, 0.2873622300901713], [0.21438480963480966, 0.36631995088245106, 0.19783627483627486, 0.2214589646464647], [0.18896554834054824, 0.3145030663780664, 0.22456505994006007, 0.2719663253413254], [0.22994453463203468, 0.2779188311688311, 0.18516064491064488, 0.3069759892884894], [0.2314558913308913, 0.2622595460095462, 0.18512914862914864, 0.321155414030414], [0.20446263458763453, 0.325725024975025, 0.20296092796092796, 0.26685141247641264], [0.2335696803196804, 0.21756136224886224, 0.19653445165945166, 0.35233450577200587], [0.1815422632922634, 0.29064213564213576, 0.30085600510600524, 0.22695959595959597], [0.213685566067919, 0.32274346486846495, 0.16622622149092733, 0.2973447475726888], [0.24808814102564117, 0.25889941308691317, 0.18126443001442996, 0.31174801587301587], [0.2297478354978356, 0.2994253801753802, 0.25747023809523806, 0.21335654623154635], [0.23170039682539695, 0.3005415417915418, 0.19066426628926628, 0.27709379509379506], [0.25153430597180604, 0.30579405316905317, 0.17404653679653673, 0.2686251040626041], [0.22223610234794453, 0.2424843073593072, 0.20047495559995565, 0.33480463469279265], [0.20933997252747258, 0.2973973457098458, 0.1950833333333333, 0.2981793484293485], [0.20180306499056497, 0.2927256077256078, 0.21684955322455327, 0.2886217740592742], [0.20914580680757144, 0.3121391594516594, 0.18574118814192345, 0.29297384559884565], [0.31500126262626266, 0.27270382395382403, 0.1686558441558442, 0.24363906926406934], [0.24127711177711184, 0.3173725857475859, 0.1577979312354312, 0.28355237123987137], [0.2772720404595405, 0.19188637057387062, 0.21710918248418246, 0.3137324064824065], [0.25420878712790484, 0.2920441127499952, 0.18412624875124867, 0.26962085137085157], [0.2563633131574309, 0.2614115814740815, 0.22758556925101042, 0.25463953611747736], [0.23183656621156626, 0.3342144660894661, 0.17808676046176047, 0.2558622072372072], [0.2777134115884115, 0.28260878010878016, 0.20820177738927736, 0.23147603091353092], [0.19715583028083028, 0.31463257575757575, 0.1579606088356088, 0.33025098512598516], [0.29029870129870144, 0.2427203441982854, 0.1662842316996728, 0.30069672280334037], [0.2578221321162498, 0.22189527833277828, 0.20069241379535493, 0.31959017575561705], [0.21246925296925298, 0.28786395548895544, 0.22392232767232761, 0.27574446386946383], [0.16314184426684428, 0.30952949134199154, 0.3236360375735375, 0.20369262681762682], [0.2607852772227773, 0.2659862840333042, 0.18609315267635704, 0.2871352860675616], [0.16047861860361862, 0.3924031385281387, 0.20648865023865023, 0.2406295926295927], [0.26059108946608955, 0.2368735569985572, 0.12888546176046173, 0.37364989177489194], [0.24720851370851377, 0.26108891108891114, 0.19512153124653125, 0.296581043956044], [0.2137000915750916, 0.23908830496988392, 0.21564079049605364, 0.33157081295897106], [0.2493149350649351, 0.23053342490842493, 0.2168311133311133, 0.3033205266955266], [0.22297279109779114, 0.2696786685536685, 0.24827967171717177, 0.25906886863136874], [0.1636735209235209, 0.2914325396825398, 0.22627002164502164, 0.31862391774891763], [0.22990404040404047, 0.30689087301587303, 0.20649206349206356, 0.25671302308802313], [0.2324157231657232, 0.2878442390942391, 0.25484629259629255, 0.2248937451437452], [0.26849774531024545, 0.30890458152958167, 0.17298719336219334, 0.24961047979797976], [0.2196750373809197, 0.2437855110575699, 0.23179266158677925, 0.30474678997473126], [0.20122927072927083, 0.29352693140193137, 0.22998609723609728, 0.2752577006327008], [0.1898116883116883, 0.35241586191586194, 0.25137773337773334, 0.20639471639471643], [0.28249538941450714, 0.31400831113331124, 0.1304519459298871, 0.27304435352229467], [0.21771069208569213, 0.2830049256299256, 0.20749664224664227, 0.2917877400377401], [0.23172516658178424, 0.27214015151515153, 0.15550739538239536, 0.3406272865206689], [0.2903809398375964, 0.25519496190084423, 0.14723532921327037, 0.3071887690482891], [0.2659441183816184, 0.2865464257964259, 0.168472582972583, 0.2790368728493728], [0.23856426906426897, 0.31127548840048846, 0.1787056832056832, 0.2714545593295594], [0.2779393453768455, 0.29285300810300824, 0.17037422299922297, 0.25883342352092353], [0.23371753940503942, 0.33855350205350204, 0.19855563186813188, 0.22917332667332674], [0.2867080766455766, 0.25114955183705184, 0.16968284493284494, 0.2924595265845267], [0.2685854076479076, 0.2491939033189034, 0.147286075036075, 0.334934613997114], [0.19778749722499722, 0.30616295510045516, 0.20329768842268844, 0.2927518592518592], [0.24344020562770566, 0.25293102240896365, 0.16934660682454797, 0.33428216513878295], [0.25861034798534804, 0.23897696747696753, 0.19838220113220115, 0.3040304834054835], [0.1822312964812965, 0.32784910228660225, 0.23722680097680096, 0.2526928002553002], [0.2867697353815776, 0.3626555735930735, 0.1363941891441891, 0.21418050188115978], [0.2578041264291264, 0.29045869408369407, 0.22585238372738373, 0.22588479575979575], [0.22579679062767302, 0.2877809649500826, 0.13160840548340544, 0.35481383893883894], [0.1847294243853842, 0.3018102453102454, 0.2613491369741371, 0.2521111933302337], [0.22782650274562039, 0.365440510878011, 0.19136163142413135, 0.2153713549522373], [0.23243308080808084, 0.26562572150072156, 0.2518611804861805, 0.25008001720501727], [0.2740998654123654, 0.23579496606334846, 0.17643856143856143, 0.3136666070857248], [0.23805667943167944, 0.2882743228993229, 0.15328997391497387, 0.32037902375402383], [0.22939628427128422, 0.2904735958485959, 0.18729362998113008, 0.2928364898989899], [0.24972807911043216, 0.30493632756132766, 0.23520182921653504, 0.21013376411170528], [0.25782402319902326, 0.264885989010989, 0.20685762848262848, 0.2704323593073593], [0.25154892329892325, 0.21464177489177502, 0.20360943223443223, 0.3301998695748696], [0.2658558802308802, 0.2587082084582085, 0.17940563603063597, 0.29603027528027526]]}, "rewritten": {"ids": ["97105451", "97106970", "97109080", "97111790", "97116410", "98107210", "98107410", "98108410", "98108520", "98110680", "98112300", "98120530", "98121790", "99105921", "99107500", "99108330", "99108580", "99108890", "99109141", "99109840", "99109910", "99111440", "99111620", "99112300", "99112840", "99113260", "99116500", "100108080", "100108260", "100108520", "100109330", "100110260", "100120010", "101108290", "101108370", "101111310", "101114020", "102110850", "102113210", "102113981", "102116340", "102116500", "103110100", "103110220", "103110760", "103111480", "103111540", "103111620", "103111990", "103112470", "103113101", "103118291", "103120531", "103120730", "104111620", "104113190", "104113210", "104114740", "104117200", "104117630", "104119340", "105113190", "105115570", "105115680", "105116980", "105117200", "105121190", "106115120", "106116120", "106117770", "106117790", "106118820", "107113840", "107114200", "107116501", "107116980", "107117630", "107119390", "107119950", "107120880", "108114180", "108115500", "108117610", "108118291", "108119330", "108120260", "108120280", "108121190", "108121351", "109113281", "109114270", "109118161", "109119460", "109120540", "109120621", "110113591", "110113931", "110114321", "110114651", "110114950", "110117080", "110117110", "110117200", "110118121", "110118880", "110118930", "110120560", "110120700", "110121450", "110121500", "111114941", "111116110", "111117480", "111118810", "111119930", "111119950", "111120540", "111121410", "112116290", "112116451", "112116540", "112116850", "112118161", "112118471", "112118620", "112118880", "112119950", "112119980", "112120540", "112120630", "113118111", "113118511", "113118690", "113118820", "113119120", "113119360", "113120280", "113120540", "113120591", "113120640", "113121010", "113121220"], "labels": [0, 2, 2, 2, 3, 1, 3, 1, 2, 2, 2, 1, 2, 1, 0, 1, 0, 0, 3, 2, 2, 3, 3, 0, 2, 0, 2, 0, 3, 2, 0, 3, 0, 0, 1, 3, 3, 3, 3, 1, 3, 1, 1, 2, 1, 0, 1, 0, 2, 1, 3, 0, 3, 1, 0, 3, 3, 2, 3, 0, 1, 3, 0, 2, 0, 3, 2, 1, 1, 0, 1, 3, 3, 2, 1, 3, 0, 2, 3, 1, 1, 3, 3, 3, 0, 1, 3, 1, 3, 0, 3, 0, 1, 1, 1, 0, 1, 1, 3, 0, 1, 0, 3, 3, 0, 1, 0, 2, 3, 3, 0, 3, 1, 0, 1, 0, 1, 0, 0, 0, 1, 0, 0, 1, 3, 1, 0, 0, 3, 3, 1, 1, 3, 0, 3, 0, 0, 3, 0, 0, 2, 3], "predicted_labels": [1, 1, 1, 1, 1, 1, 1, 1, 1, 1, 3, 1, 1, 1, 1, 1, 1, 1, 1, 1, 1, 1, 1, 3, 1, 1, 1, 2, 1, 1, 1, 1, 1, 1, 1, 1, 1, 1, 1, 1, 1, 1, 1, 1, 1, 1, 1, 1, 1, 1, 1, 1, 1, 1, 0, 1, 1, 1, 1, 1, 1, 3, 1, 1, 1, 1, 1, 1, 1, 3, 2, 1, 1, 1, 1, 1, 1, 1, 1, 1, 1, 1, 1, 1, 1, 1, 3, 1, 1, 1, 1, 1, 1, 1, 1, 1, 1, 1, 1, 1, 1, 1, 1, 1, 1, 1, 1, 1, 1, 1, 1, 1, 1, 1, 1, 3, 1, 1, 1, 1, 1, 1, 1, 1, 1, 1, 1, 1, 1, 1, 1, 1, 1, 1, 1, 1, 1, 1, 1, 1, 1, 1], "confidence_scores": [[0.2712986552920765, 0.33838100788100794, 0.1624965728715729, 0.22782376395534304], [0.17396419552669554, 0.3071607142857144, 0.22645108363858368, 0.29242400654900647], [0.19998389110889112, 0.2900630758130759, 0.2756044372294373, 0.23434859584859577], [0.28568833943833943, 0.31318499555999557, 0.16598416860916854, 0.2351424963924964], [0.2359447957013746, 0.3178244810744812, 0.2248039321789322, 0.22142679104521215], [0.18663510101010103, 0.3558881673881673, 0.2445468975468975, 0.212929834054834], [0.2181669441669442, 0.29979206904206906, 0.19412927350427345, 0.2879117132867134], [0.18746302308802312, 0.34638131313131326, 0.2584648268398268, 0.20769083694083698], [0.17913569763569773, 0.35877811077811084, 0.25516071428571435, 0.2069254773004773], [0.1895808497058497, 0.32459529359529377, 0.26126924464424467, 0.22455461205461202], [0.2521476995226996, 0.24346549284049285, 0.17110853035853033, 0.3332782772782773], [0.21005194805194805, 0.34083399933399955, 0.19749242424242425, 0.2516216283716285], [0.19727723665223668, 0.33629677267177266, 0.20786063936063942, 0.2585653513153515], [0.23615663503163506, 0.3242978549228549, 0.20771861471861475, 0.23182689532689527], [0.1838381340881341, 0.3702734210234212, 0.2034116161616162, 0.24247682872682869], [0.21314092851592853, 0.3741424963924964, 0.20157948995448993, 0.21113708513708512], [0.20429892329892332, 0.3121865911865912, 0.20894660894660894, 0.2745678765678766], [0.2052324064824065, 0.3513865023865025, 0.2014672827172828, 0.24191380841380838], [0.26209619547119556, 0.3440365467865468, 0.1749276695526695, 0.2189395881895882], [0.16967460317460314, 0.3135122655122655, 0.2607817737817739, 0.2560313575313576], [0.18917316017316022, 0.33865344377844375, 0.24358434620934627, 0.22858904983904985], [0.22796325896325897, 0.3226686507936509, 0.2057211954711955, 0.24364689477189486], [0.20760966810966813, 0.3501566419691421, 0.21983697552447545, 0.22239671439671452], [0.19853582528582525, 0.26428552003552, 0.2574462571741985, 0.27973239750445633], [0.19429725829725833, 0.3540169205794205, 0.20826884920634917, 0.2434169719169719], [0.18176082251082246, 0.3686440503940504, 0.25414431401931403, 0.19545081307581316], [0.18892978293636187, 0.29820419164169165, 0.26500054112554117, 0.24786548429640537], [0.20527769890927797, 0.26755008880008885, 0.28052508602508613, 0.2466471262655474], [0.20503656066156062, 0.355183348514231, 0.2033493867243867, 0.23643070409982184], [0.18132935120435115, 0.304364912864913, 0.24164935064935078, 0.27265638528138525], [0.22336720224220227, 0.3522638542013543, 0.14702491258741254, 0.27734403096903093], [0.23985209235209243, 0.31407726995227003, 0.1686895604395604, 0.27738107725607736], [0.2058791486291486, 0.3286103896103895, 0.2095481601731602, 0.2559623015873016], [0.22815118908868912, 0.26858645521145535, 0.23574334693084706, 0.26751900876900875], [0.19488869463869463, 0.3434072177822179, 0.2136139554889555, 0.24809013209013206], [0.17696614496614496, 0.36609955322455323, 0.21282882395382394, 0.24410547785547798], [0.2161149544899545, 0.3221049783549784, 0.21599182761682767, 0.24578823953823942], [0.22024433899433898, 0.3598639693639696, 0.21141053391053383, 0.2084811577311578], [0.16583585858585856, 0.30943262701350943, 0.2725027056277056, 0.2522288087729264], [0.22989795365453264, 0.3362149586524586, 0.21191195609945615, 0.22197513159355264], [0.1326547619047619, 0.3957068903318903, 0.2519754689754689, 0.2196628787878787], [0.21915470640470638, 0.27812132312132326, 0.24527910977910986, 0.2574448606948608], [0.16935718448218445, 0.3620917415917415, 0.20377747252747258, 0.2647736013986016], [0.2042109597918422, 0.35362130720586593, 0.18922587502366917, 0.25294185797862273], [0.21649461649461654, 0.300300283050283, 0.2179006687756688, 0.26530443167943174], [0.19070682095682098, 0.31663964222052465, 0.2160483891108891, 0.27660514771176525], [0.22603048340548337, 0.31463883338883347, 0.21019426406926417, 0.2491364191364192], [0.22869556138306135, 0.33586228354978354, 0.21040458152958166, 0.2250375735375735], [0.2018699356199357, 0.2917032828282828, 0.2558170440670442, 0.2506097374847375], [0.17367496392496384, 0.37787377899877905, 0.20599340936840924, 0.24245784770784784], [0.2374089660339659, 0.3257050865800866, 0.1903564213564214, 0.246529526029526], [0.24085569985569993, 0.3221147741147741, 0.1793446969696969, 0.2576848290598292], [0.20096657509157506, 0.3516988289488291, 0.20705351592851598, 0.2402810800310801], [0.20640278033370152, 0.34068214138802366, 0.19514394633144644, 0.2577711319468286], [0.32168266455766464, 0.30771069902319903, 0.1293587454212454, 0.24124789099789104], [0.1831774336774337, 0.3814504523254524, 0.1721471861471861, 0.26322492784992785], [0.2514464285714287, 0.28883753746253743, 0.19129130591630583, 0.26842472804972806], [0.17149680874680875, 0.37259824897324884, 0.23025192862692861, 0.22565301365301366], [0.19777996309246304, 0.37803638028638026, 0.19449269480519482, 0.2296909618159618], [0.13336345598845598, 0.34815079365079354, 0.2926722582972584, 0.22581349206349213], [0.18340277777777772, 0.37615782828282834, 0.22286796536796544, 0.2175714285714287], [0.23815581640581637, 0.2689807831057831, 0.213025086025086, 0.2798383144633145], [0.21337536075036073, 0.3952517135642135, 0.20570986652236647, 0.18566305916305909], [0.1391779609279609, 0.34384593184593193, 0.2270367965367965, 0.2899393106893106], [0.20906706487956486, 0.32180874680874694, 0.20818390637140635, 0.26094028194028196], [0.1715629452247099, 0.38425381562881566, 0.24846091979915516, 0.19572231934731932], [0.19887139249639255, 0.3705704365079366, 0.19469146825396827, 0.23586670274170277], [0.15767604617604614, 0.31268248418248423, 0.22601082251082252, 0.30363064713064714], [0.18580261405261403, 0.3055484376734377, 0.2623486790986791, 0.24630026917526926], [0.23103536741036743, 0.2545073260073261, 0.24281722444222442, 0.2716400821400821], [0.20001970251970252, 0.2896430930180931, 0.3051501554001554, 0.205187049062049], [0.19569219669219667, 0.32742393023643035, 0.2208657661782662, 0.25601810689310683], [0.2043147546897547, 0.35567334054834066, 0.20948268398268396, 0.2305292207792208], [0.18439446664446663, 0.3828998432123432, 0.19395735514485513, 0.23874833499833503], [0.23731186868686877, 0.334361693861694, 0.14627579365079363, 0.28205064380064376], [0.18060660173160176, 0.3569627872127872, 0.2219287518037518, 0.2405018592518593], [0.16495981795981798, 0.30568742368742374, 0.23034663947163947, 0.29900611888111894], [0.1928902070152071, 0.331239898989899, 0.23020304695304694, 0.24566684704184705], [0.21938576701076695, 0.34375180375180386, 0.2202494588744589, 0.21661297036297036], [0.22355201742701747, 0.3134622668997669, 0.20548896242646236, 0.25749675324675325], [0.18680185786435782, 0.4075609113109113, 0.1986475122100122, 0.2069897186147186], [0.15064232551074658, 0.3767967171717172, 0.2558387723387725, 0.21672218497876394], [0.15095528776778777, 0.32335445110445105, 0.2310792887667888, 0.2946109723609725], [0.27691798479298496, 0.37464491758241764, 0.1429831349206349, 0.2054539627039627], [0.17728317515817524, 0.36281300643800646, 0.21294158619158618, 0.24696223221223232], [0.16540470640470642, 0.36525021710315836, 0.22664521793565914, 0.24269985855647616], [0.21780899655899655, 0.22529581937670176, 0.21866089466089464, 0.33823428940340705], [0.19885723998223995, 0.35877686896436883, 0.23729616910866916, 0.205069721944722], [0.23873798423798415, 0.3238819444444445, 0.20708360389610395, 0.23029646742146742], [0.2709757603507604, 0.2932454073704075, 0.20799331224331233, 0.22778552003552], [0.22008739871239869, 0.3501578907203908, 0.17590704434454435, 0.25384766622266625], [0.2331568292818292, 0.3485415279165278, 0.21210485347985344, 0.2061967893217894], [0.21011949161949164, 0.34203540903540913, 0.19666971916971918, 0.2511753801753802], [0.2132042124542126, 0.29857969807969803, 0.23890548340548354, 0.2493106060606061], [0.24356571206571206, 0.32211625384419507, 0.17591932740462152, 0.25839870668547144], [0.24818166555666563, 0.3621143023643023, 0.1706629342879343, 0.21904109779109784], [0.2468654956154957, 0.29271883671883675, 0.1889381868131868, 0.2714774808524809], [0.2108787878787879, 0.32129415723165733, 0.18313643994893994, 0.284690614940615], [0.24556808469308475, 0.29343779831279837, 0.18441848429348429, 0.27657563270063273], [0.17727315739815744, 0.3652870324120325, 0.25709727772227775, 0.20034253246753256], [0.2266376956376957, 0.3357320596070595, 0.23833620546120543, 0.1992940392940393], [0.2102785270285271, 0.3414817543567545, 0.17923214285714284, 0.26900757575757567], [0.2337724913974915, 0.3723303571428573, 0.17598566017316017, 0.21791149128649134], [0.2099586802086802, 0.379901764901765, 0.1720909090909091, 0.23804864579864582], [0.2512703615828616, 0.2905777972027973, 0.20378384115884113, 0.25436800005550014], [0.17861783099941, 0.32490107808857815, 0.25197332528582544, 0.2445077656261867], [0.1818365384615384, 0.31474304861804864, 0.2532295204795205, 0.2501908924408925], [0.20562776112776102, 0.326614232989233, 0.20333610833610838, 0.26442189754689766], [0.21381920856920858, 0.3218251470751472, 0.20961616161616164, 0.2547394827394828], [0.20337956487956504, 0.30285317460317457, 0.25286646686646685, 0.24090079365079373], [0.19667292429792427, 0.3292215354090354, 0.20965747446997451, 0.2644480658230658], [0.20288392163392163, 0.2959030503809915, 0.23627104513133923, 0.2649419828537476], [0.2080958347208348, 0.37394913419913434, 0.21562963425463427, 0.2023253968253968], [0.19762955100455099, 0.3220061229620052, 0.22483616383616384, 0.2555281621972799], [0.21303459040959039, 0.32492478354978344, 0.23934025002774997, 0.22270037601287612], [0.20653686591186587, 0.26121404983904983, 0.23176574814074818, 0.3004833361083362], [0.17743384393384393, 0.37354854867354864, 0.2188021145521146, 0.2302154928404928], [0.19639280164280165, 0.34149066211566215, 0.22109027777777782, 0.2410262584637585], [0.18908050283050282, 0.37490114052614065, 0.18987881562881553, 0.24613954101454097], [0.2824392508076719, 0.28548315573315575, 0.1772773476523476, 0.2548002458068248], [0.21478228715728714, 0.28629580142080147, 0.25225974025974024, 0.24666217116217123], [0.18421782384282376, 0.37074085636585635, 0.16942852980352976, 0.27561278998778993], [0.26118471805971805, 0.3284412393162393, 0.17793133255633253, 0.2324427100677101], [0.19522456709956706, 0.3595922757797758, 0.20117323648573648, 0.24400992063492066], [0.22804935342435345, 0.37353578366078366, 0.17292039904539905, 0.22549446386946392], [0.1962193362193362, 0.35931655844155846, 0.21482683982683987, 0.2296372655122655], [0.212047077922078, 0.3169022921522922, 0.18374862637362632, 0.2873020035520036], [0.2094808941058941, 0.3632786241536241, 0.18169351481851487, 0.245546966921967], [0.18325, 0.3200716456745868, 0.2729596759449701, 0.22371867838044313], [0.24305581918081923, 0.29103135753135756, 0.1863875707625708, 0.2795252525252526], [0.19657112332112334, 0.369877109002109, 0.14672841047841045, 0.2868233571983573], [0.22043378843378847, 0.3027026584526584, 0.24170565545565542, 0.23515789765789774], [0.19043803826892058, 0.3376540265290265, 0.21648822011322008, 0.2554197150888329], [0.20077190170940173, 0.37777192945942933, 0.17282918470418465, 0.24862698412698422], [0.21111946386946387, 0.31875774633862863, 0.23062204462204464, 0.23950074516986283], [0.17735822510822508, 0.3228713369963371, 0.22444480519480522, 0.2753256327006327], [0.21878246753246747, 0.3086525974025975, 0.2217097763347763, 0.25085515873015884], [0.24007223332223337, 0.3224342740592741, 0.183128885003885, 0.25436460761460766], [0.18023575036075035, 0.3232926101676103, 0.2280624098124098, 0.2684092296592297], [0.19351897122485365, 0.3850443959635136, 0.12690050227550226, 0.2945361305361306], [0.20567730880230883, 0.41017604617604614, 0.17490927128427128, 0.20923737373737372], [0.21937162837162838, 0.32484853341103326, 0.20623077616827615, 0.24954906204906208]]}}