{"test": {"ids": ["99111620", "110115250", "113118630", "104113240", "112121430", "103120780", "110117200", "112118820", "113122170", "97108520", "110117110", "112117431", "102110240", "111121220", "97106970", "104114740", "98108520", "103118110", "110121450", "98110680", "103111170", "103117461", "105115680", "99110730", "105118171", "98111231", "110116290", "112117471", "112116880", "98107340", "112118860", "99117630", "113120070", "106114011", "97107950", "112116900", "113119700", "113122320", "102113210", "102110850", "105115720", "105113190", "109117600", "105120621", "99112300", "112118880", "104116441", "98116940", "97112170", "109117110", "111121410", "113120531", "101119591", "103113101", "107113550", "102109010", "110113931", "101112540", "97106600", "103110220", "100120010", "100110260", "106113360", "102113981", "101111210", "110118161", "102110690", "104111380", "99111930", "113120280", "108119510", "107113180", "113122220", "105113440", "112120990", "99107560", "102111990", "103113260", "111120531", "110118630", "111119150", "99121440", "99108010", "110120531", "103110760", "110114720", "113121680", "101109120", "103111540", "104111880", "97116500", "112118161", "99108000", "103113210", "110116441", "111120280", "109120150", "98112170", "108115250", "104116980", "113118111", "99119830", "112120540", "107114321", "103113610", "109119340", "107116340", "106117650", "112121010", "97113260", "103113270", "99108710", "107113840", "97107821", "111116990", "113119360", "113120540", "102109840", "107114490", "108113480", "98108150", "113122150", "113119300", "102109910", "111121930", "107114110", "112116640", "99109161", "97105960", "100108490", "109113281", "100109360", "104113000", "113122190", "108121351", "105121190", "104117630", "97107920", "97112830", "111114121", "107114140", "107121640"], "labels": [3, 1, 3, 2, 2, 1, 3, 0, 1, 2, 0, 0, 3, 3, 2, 2, 2, 2, 3, 2, 2, 0, 2, 3, 3, 1, 2, 3, 0, 0, 3, 3, 2, 1, 2, 3, 0, 1, 3, 3, 1, 3, 1, 1, 0, 1, 1, 2, 0, 1, 0, 0, 0, 3, 0, 1, 1, 2, 3, 2, 0, 3, 0, 1, 2, 0, 0, 3, 1, 0, 1, 3, 1, 0, 2, 1, 2, 3, 0, 1, 3, 2, 2, 0, 1, 3, 1, 1, 1, 3, 2, 0, 2, 3, 3, 0, 2, 3, 1, 1, 1, 1, 3, 0, 2, 3, 3, 1, 2, 1, 2, 2, 3, 2, 0, 0, 3, 2, 3, 0, 0, 2, 1, 2, 1, 1, 0, 3, 2, 2, 0, 0, 1, 1, 3, 2, 0, 0, 2, 0, 2, 1], "predicted_labels": [1, 1, 3, 1, 1, 3, 3, 3, 3, 1, 1, 0, 1, 3, 1, 1, 1, 1, 1, 1, 1, 3, 1, 3, 1, 1, 0, 3, 3, 3, 1, 0, 1, 1, 1, 3, 3, 3, 3, 1, 1, 3, 3, 3, 3, 3, 1, 1, 1, 3, 3, 3, 1, 1, 1, 1, 3, 1, 1, 1, 1, 0, 1, 1, 3, 1, 1, 1, 3, 0, 1, 1, 1, 1, 1, 1, 0, 1, 0, 3, 1, 1, 1, 3, 0, 1, 3, 1, 3, 3, 0, 3, 3, 1, 1, 3, 1, 3, 3, 1, 3, 1, 3, 3, 3, 3, 3, 1, 3, 3, 1, 1, 1, 1, 0, 0, 0, 1, 3, 1, 1, 1, 3, 0, 3, 3, 3, 3, 3, 1, 3, 0, 3, 3, 3, 1, 3, 3, 1, 1, 1, 3], "confidence_scores": [[0.26971518759018764, 0.31198229548229545, 0.19911167998667992, 0.21919083694083688], [0.28583139083139086, 0.2872533577533578, 0.16250844988344987, 0.2644068015318015], [0.26646400821400823, 0.27597467809967813, 0.1730696248196248, 0.2844916888666888], [0.2187726717726718, 0.394258649030708, 0.1781083589613001, 0.20886032023532025], [0.22318602231102225, 0.31558104395604397, 0.19031177156177162, 0.2709211621711622], [0.1738305375180375, 0.2703523788303201, 0.21522211611917502, 0.3405949675324676], [0.2748712814962816, 0.21113418525918526, 0.22599377011877017, 0.2880007631257633], [0.2337407731157731, 0.2733473124098124, 0.17141867854367854, 0.32149323593073603], [0.2031397768897769, 0.24060222160880054, 0.21164449001291102, 0.3446135114885115], [0.29941161616161627, 0.3002304778554779, 0.17936309523809524, 0.22099481074481073], [0.2241406787656789, 0.3389285298035299, 0.18712878787878784, 0.2498020035520036], [0.28485844710844704, 0.24273851148851158, 0.20400818625818629, 0.2683948551448552], [0.25028294622044633, 0.29047882672882686, 0.19203097596847596, 0.2672072510822513], [0.2935238095238095, 0.23166991341991353, 0.1495198412698412, 0.3252864357864359], [0.19198051948051947, 0.35224993062493065, 0.16085987623487621, 0.2949096736596737], [0.22623544511044508, 0.35398394660894683, 0.15669226606726602, 0.26308834221334226], [0.26625479381729383, 0.3033546176046177, 0.15969422938172934, 0.27069635919635915], [0.2507774517149517, 0.2945330225330226, 0.1913215187590188, 0.26336800699300705], [0.22944659507159515, 0.3719067044067044, 0.12784740259740257, 0.2707992979242979], [0.18882413419913413, 0.30468607781107776, 0.20694325119325113, 0.29954653679653687], [0.2329392135642136, 0.3235708874458875, 0.20797979797979804, 0.235510101010101], [0.1979227994227994, 0.31696669996669996, 0.1501273448773449, 0.3349831557331557], [0.2380187867687868, 0.36142285930443835, 0.1520165068849279, 0.24854184704184706], [0.18818452380952383, 0.3037398353280707, 0.18488522588522588, 0.3231904149771798], [0.29558237595737596, 0.3115396131646133, 0.1485062715062715, 0.24437173937173942], [0.28804902042402053, 0.32713748751248745, 0.15574705849705853, 0.22906643356643364], [0.29379094516594517, 0.2150410006660007, 0.21166636141636153, 0.27950169275169273], [0.18943976856476852, 0.3325298174048175, 0.1387751831501831, 0.33925523088023096], [0.23582254551004556, 0.28024729437229445, 0.1925578102453102, 0.2913723498723499], [0.2538864121989123, 0.2395445387945388, 0.15492415917415914, 0.35164488983238984], [0.21872775835275837, 0.3581994949494951, 0.21414015151515156, 0.2089325951825952], [0.2977527472527473, 0.29699448264154144, 0.18884295769589884, 0.21640981240981244], [0.19346216283716283, 0.3398526101091891, 0.18509367971210072, 0.2815915473415474], [0.29772920135420144, 0.35258565046065066, 0.15830110167610173, 0.19138404650904658], [0.28183175158175156, 0.28925068681318683, 0.1672369297369297, 0.26168063186813195], [0.27961147186147184, 0.2741488095238096, 0.1625075757575757, 0.2837321428571428], [0.25454993617493615, 0.2859087301587302, 0.14442704517704516, 0.31511428848928846], [0.29402725052725054, 0.2434260739260739, 0.15651327838827836, 0.3060333971583973], [0.28744950882450887, 0.23665072427572428, 0.1476949855699856, 0.3282047813297815], [0.27223068598068606, 0.2754624680874682, 0.20342392329892323, 0.2488829226329226], [0.20248645104895108, 0.3196528887778888, 0.18612810106560104, 0.29173255910755913], [0.23734045121545122, 0.28865445665445666, 0.13158061383061376, 0.3424244782994782], [0.24680230880230888, 0.2769200937950938, 0.16145165945165943, 0.314825937950938], [0.2847009934509933, 0.25842640692640695, 0.08699421411921415, 0.36987838550338553], [0.2303187506937508, 0.28199554612054617, 0.19125732600732603, 0.2964283771783772], [0.2406830808080807, 0.27478986291486296, 0.17177849927849922, 0.31274855699855697], [0.21583995171495182, 0.3164697524697526, 0.15895887445887444, 0.3087314213564214], [0.24367106504606503, 0.3269415584415584, 0.1572317037537626, 0.2721556727586139], [0.22799145299145304, 0.3236931181563535, 0.14156816794316796, 0.30674726090902565], [0.19330257936507933, 0.3187334956709958, 0.1682865259740259, 0.31967739898989894], [0.2735801837051838, 0.2631767121767122, 0.15179405316905314, 0.3114490509490511], [0.22207703407703405, 0.2836328671328672, 0.1584332056832057, 0.3358568931068932], [0.25812842712842726, 0.31009758297258294, 0.15020382395382398, 0.28157016594516604], [0.24812873237873245, 0.36452754190254205, 0.17646933621933616, 0.21087438949938953], [0.2614366328116329, 0.27483777333777326, 0.19491305916305923, 0.2688125346875348], [0.2175055638805638, 0.354769092019092, 0.19782196969696966, 0.22990337440337438], [0.21120324120324127, 0.3179071206571206, 0.1493742646242646, 0.32151537351537357], [0.2540198412698413, 0.3127182539682541, 0.1488398268398268, 0.28442207792207796], [0.26652767371517366, 0.31029725829725846, 0.17404830586080583, 0.2491267621267622], [0.2038190836940837, 0.29323755411255414, 0.21326064213564216, 0.2896827200577201], [0.1939664502164503, 0.32444918969918957, 0.21450969863469863, 0.2670746614496615], [0.32243549506049496, 0.26436688311688317, 0.11727680652680655, 0.2959208152958153], [0.2774429251304252, 0.2786816933066934, 0.17714024170274173, 0.26673513986013986], [0.27103073315573323, 0.34635485347985356, 0.14549837662337664, 0.23711603674103668], [0.2322530663780663, 0.25945905483405496, 0.168643759018759, 0.33964411976911985], [0.2590699855699857, 0.3068618326118326, 0.1763068181818181, 0.2577613636363638], [0.2980523226773226, 0.30290818903318917, 0.15192429792429793, 0.24711519036519042], [0.24895521145521143, 0.3020375874125875, 0.2009440836940837, 0.2480631174381175], [0.1603443223443223, 0.2963003663003663, 0.2297126484626485, 0.31364266289266285], [0.29045730658230673, 0.2538194444444445, 0.1666975801975802, 0.2890256687756688], [0.2831203796203796, 0.3248801022249165, 0.14694636868978972, 0.24505314946491424], [0.23641468253968254, 0.3217772366522367, 0.16058982683982684, 0.281218253968254], [0.24096513209013215, 0.3278921217671216, 0.14885821123321116, 0.28228453490953503], [0.21718879731379737, 0.29988456937799046, 0.2065689493255283, 0.276357683982684], [0.2631844405594405, 0.33992646242646246, 0.17515714840714836, 0.22173194860694864], [0.24357650682650692, 0.31223431225637105, 0.17741501064295181, 0.2667741702741703], [0.3289033189033189, 0.2858409090909091, 0.15313492063492057, 0.2321208513708514], [0.26326533189033197, 0.38949603174603176, 0.12026775103980984, 0.22697088532382653], [0.2830118492618493, 0.27138754301254314, 0.1815932262182262, 0.2640073815073815], [0.20368015318015317, 0.30747424797424805, 0.16260719835719833, 0.3262384004884005], [0.24084505772005774, 0.3317466630591631, 0.11334758297258293, 0.31406069624819627], [0.2494940198690199, 0.3119006271506271, 0.21086516261516264, 0.22774019036519044], [0.2652265512265512, 0.39751329226329235, 0.13018903318903322, 0.20707112332112335], [0.30878656066156074, 0.24753685203685208, 0.13075102675102673, 0.31292556055056064], [0.31366669441669454, 0.2692518592518593, 0.1694080641580642, 0.2476733821733822], [0.22896812909312922, 0.2975081723831724, 0.2139114357864358, 0.25961226273726273], [0.21266497391497388, 0.2599783549783549, 0.22514629814629822, 0.30221037296037295], [0.22747918054168056, 0.32835117660117663, 0.1764549963924964, 0.2677146464646466], [0.265895202020202, 0.2226330475080475, 0.17396003996003997, 0.33751171051171064], [0.20000983044733048, 0.2574352453102453, 0.2069245129870131, 0.33563041125541127], [0.29220480907980906, 0.2572935189810191, 0.20418967143967146, 0.24631200049950056], [0.23426605339105355, 0.29171194083694096, 0.15586646686646682, 0.3181555389055389], [0.2351555666555666, 0.2914443750693751, 0.17328739316239314, 0.30011266511266504], [0.2553845737595738, 0.3094617327117326, 0.18436011211011213, 0.2507935814185815], [0.22032298257298247, 0.35188154900654905, 0.21520095182595184, 0.21259451659451656], [0.20199234099234092, 0.24781841769341784, 0.20406623931623932, 0.346123001998002], [0.23313726551226563, 0.2934579032079032, 0.22512117049617042, 0.24828366078366085], [0.253203046953047, 0.2367290071040071, 0.1703044178044178, 0.3397635281385283], [0.1955956127206128, 0.27273093573093576, 0.2229455266955267, 0.308727924852925], [0.21206809856809866, 0.2851533189033189, 0.23162039349539357, 0.27115818903318906], [0.221484570984571, 0.2799142524142524, 0.1626088217338217, 0.3359923548673549], [0.25026402763902766, 0.28425, 0.18642543567543565, 0.27906053668553665], [0.26024606643356646, 0.27914610389610395, 0.15788398407148407, 0.3027238455988456], [0.22031421356421366, 0.24798822011322025, 0.16717285492285489, 0.36452471139971143], [0.25683188339438334, 0.24985399322899324, 0.22484586940836948, 0.268468253968254], [0.27477948440448435, 0.2900268065268065, 0.13065950715950714, 0.304534201909202], [0.1893296148296148, 0.26997104774310665, 0.2700803036832449, 0.27061903374403373], [0.2367242063492063, 0.27959935897435906, 0.2156907814407814, 0.2679856532356533], [0.23175622294372297, 0.2681494061494061, 0.20912076118326117, 0.29097360972360975], [0.2528024336774337, 0.2756759213009213, 0.1632990065490065, 0.3082226384726385], [0.18969426406926407, 0.36756277056277065, 0.1435176212676213, 0.2992253441003442], [0.23166772116772108, 0.31441494616494625, 0.1624702658452658, 0.29144706682206684], [0.17095654345654346, 0.3793853646353647, 0.20836598124098127, 0.24129211066711068], [0.2180465367965368, 0.31303679653679656, 0.19482936507936507, 0.2740873015873017], [0.3322509712509713, 0.2479707792207792, 0.13287896825396822, 0.2868992812742814], [0.28557954545454556, 0.27830679043179046, 0.18171266233766237, 0.2544010017760018], [0.2915601759351759, 0.28711007048507053, 0.18006449106449107, 0.24126526251526262], [0.19762043512043512, 0.34074767471090994, 0.18429456654456655, 0.2773373236240884], [0.19823088023088026, 0.2998639522242465, 0.15468234053528165, 0.3472228270095919], [0.24127841602841593, 0.29803037240537245, 0.20847552447552445, 0.2522156870906871], [0.227377331002331, 0.2971346986346986, 0.18793109668109664, 0.2875568736818738], [0.24077049339549336, 0.2924770091020092, 0.2014200382950382, 0.26533245920745935], [0.21505970418470416, 0.2510308441558442, 0.1703012265512266, 0.3636082251082252], [0.3104489121989123, 0.1955706238206238, 0.2081616161616162, 0.28581884781884787], [0.2558862942612942, 0.2731290515040515, 0.11543212343212339, 0.3555525308025308], [0.20684956709956714, 0.20134097356891487, 0.22059751849457732, 0.37121194083694076], [0.22622132034632042, 0.2743010461760462, 0.20662355699855695, 0.2928540764790765], [0.26897379009879013, 0.2580732323232323, 0.16030164280164277, 0.3126513347763348], [0.20125487012987014, 0.27000534188034186, 0.15496363358863355, 0.3737761544011544], [0.24102128427128433, 0.30854143079143087, 0.15050763125763125, 0.2999296536796537], [0.2675404595404596, 0.2526321386946387, 0.1729174991674991, 0.30690990259740264], [0.2923379675879676, 0.24640888278388273, 0.19684745809745813, 0.26440569153069154], [0.21985278610278614, 0.29686627955377953, 0.1799161928757517, 0.3033647414676828], [0.1980873015873016, 0.27182377344877345, 0.1924886363636363, 0.3376002886002887], [0.26077772227772233, 0.29170411532911533, 0.1451004412254412, 0.3024177211677212], [0.20185620629370632, 0.293340922965923, 0.2270485417360418, 0.277754329004329], [0.216144647019647, 0.2927034632034633, 0.18675215062715067, 0.30439973914973917], [0.3285298867798868, 0.2135719696969697, 0.11510948773448774, 0.34278865578865597], [0.2737774586524586, 0.29084792984792995, 0.16008162670662668, 0.2752929847929848], [0.24977801365301378, 0.3299040959040959, 0.12325166500166498, 0.2970662254412255], [0.26363576701076696, 0.30679761904761904, 0.16228504828504828, 0.26728156565656574], [0.254923520923521, 0.24758676046176048, 0.20207503607503607, 0.29541468253968256]]}, "rewritten": {"ids": ["97105960", "97106600", "97106970", "97107821", "97107920", "97107950", "97108520", "97112170", "97112830", "97113260", "97116500", "98107340", "98108150", "98108520", "98110680", "98111231", "98112170", "98116940", "99107560", "99108000", "99108010", "99108710", "99109161", "99110730", "99111620", "99111930", "99112300", "99117630", "99119830", "99121440", "100108490", "100109360", "100110260", "100120010", "101109120", "101111210", "101112540", "101119591", "102109010", "102109840", "102109910", "102110240", "102110690", "102110850", "102111990", "102113210", "102113981", "103110220", "103110760", "103111170", "103111540", "103113101", "103113210", "103113260", "103113270", "103113610", "103117461", "103118110", "103120780", "104111380", "104111880", "104113000", "104113240", "104114740", "104116441", "104116980", "104117630", "105113190", "105113440", "105115680", "105115720", "105118171", "105120621", "105121190", "106113360", "106114011", "106117650", "107113180", "107113550", "107113840", "107114110", "107114140", "107114321", "107114490", "107116340", "107121640", "108113480", "108115250", "108119510", "108121351", "109113281", "109117110", "109117600", "109119340", "109120150", "110113931", "110114720", "110115250", "110116290", "110116441", "110117110", "110117200", "110118161", "110118630", "110120531", "110121450", "111114121", "111116990", "111119150", "111120280", "111120531", "111121220", "111121410", "111121930", "112116640", "112116880", "112116900", "112117431", "112117471", "112118161", "112118820", "112118860", "112118880", "112120540", "112120990", "112121010", "112121430", "113118111", "113118630", "113119300", "113119360", "113119700", "113120070", "113120280", "113120531", "113120540", "113121680", "113122150", "113122170", "113122190", "113122220", "113122320"], "labels": [2, 3, 2, 2, 0, 2, 2, 0, 2, 1, 2, 0, 0, 2, 2, 1, 3, 2, 1, 2, 2, 2, 3, 3, 3, 1, 0, 3, 1, 2, 2, 0, 3, 0, 1, 2, 2, 0, 1, 2, 2, 3, 0, 3, 2, 3, 1, 2, 1, 2, 1, 3, 3, 3, 2, 2, 0, 2, 1, 3, 3, 1, 2, 2, 1, 1, 0, 3, 0, 2, 1, 3, 1, 2, 0, 1, 1, 3, 0, 3, 1, 2, 0, 3, 3, 1, 0, 1, 1, 3, 0, 1, 1, 3, 2, 1, 3, 1, 2, 3, 0, 3, 0, 1, 0, 3, 0, 0, 3, 0, 0, 3, 0, 1, 0, 0, 3, 0, 3, 0, 0, 3, 1, 3, 2, 2, 2, 1, 3, 1, 0, 0, 2, 0, 0, 3, 1, 2, 1, 1, 1, 1], "predicted_labels": [3, 1, 1, 1, 3, 1, 0, 1, 1, 3, 1, 3, 1, 1, 1, 0, 3, 1, 1, 3, 1, 3, 0, 1, 1, 1, 1, 1, 1, 1, 3, 0, 0, 1, 3, 3, 3, 0, 1, 1, 3, 0, 0, 1, 1, 3, 1, 3, 1, 3, 1, 1, 3, 1, 1, 1, 1, 3, 1, 0, 1, 3, 1, 3, 1, 1, 0, 3, 1, 1, 3, 1, 3, 1, 1, 1, 1, 1, 0, 1, 3, 3, 3, 3, 1, 1, 1, 3, 1, 3, 3, 3, 3, 1, 1, 1, 1, 3, 0, 0, 1, 3, 1, 3, 3, 3, 3, 0, 1, 3, 3, 3, 3, 0, 3, 3, 0, 3, 1, 1, 1, 0, 3, 3, 1, 3, 3, 3, 3, 3, 3, 1, 2, 3, 1, 0, 3, 3, 1, 3, 1, 0], "confidence_scores": [[0.156148754023754, 0.29624789099789095, 0.1771809163059163, 0.37042243867243874], [0.23924217449217455, 0.3030945165945167, 0.21660119047619056, 0.2410621184371184], [0.22681906981906985, 0.3151875485625485, 0.18398376623376628, 0.27400961538461543], [0.2609981962481962, 0.2829002525252525, 0.20936886724386727, 0.24673268398268391], [0.29592196692196693, 0.24105146242646253, 0.1440703463203463, 0.31895622433122445], [0.25727380952380957, 0.3056281565656567, 0.1623726551226551, 0.2747253787878789], [0.3209252691752691, 0.2719585232019443, 0.19043234981392876, 0.21668385780885785], [0.25024383949383955, 0.30372029359529373, 0.19364804639804636, 0.2523878205128205], [0.2650295121545122, 0.2790680430680431, 0.2028711288711289, 0.25303131590631595], [0.1979638000888001, 0.2707891414141415, 0.18029900654900657, 0.35094805194805195], [0.23453601953601955, 0.286176191863692, 0.21411363636363634, 0.26517415223665236], [0.24172283272283265, 0.2784463591963592, 0.16254052891552892, 0.31729027916527913], [0.21612717837717837, 0.2925783016003605, 0.20619736717530834, 0.28509715284715287], [0.2717607115107116, 0.3197646103896104, 0.1370238095238095, 0.27145086857586864], [0.24450786713286707, 0.31682990620490625, 0.18632969807969807, 0.25233252858252864], [0.29183220945720956, 0.26843907481407475, 0.19309938672438673, 0.24662932900432902], [0.24169348706848706, 0.25161254023754037, 0.17728062705268588, 0.3294133456412869], [0.1937694943944944, 0.3350130474101061, 0.20133728281522406, 0.26988017538017545], [0.2499643967143967, 0.34825516640222526, 0.193806979784921, 0.20797345709845708], [0.18064169164169164, 0.3016120962370964, 0.2120149711399712, 0.30573124098124105], [0.2153677294927296, 0.36336064425770304, 0.1553533362062774, 0.2659182900432901], [0.2509493145743144, 0.25140548340548347, 0.19838071650571656, 0.29926448551448565], [0.3260037185037185, 0.2779126567876568, 0.18063455988455993, 0.2154490648240649], [0.2114969474969475, 0.32134760378510385, 0.15915873015873014, 0.30799671855921856], [0.22068813131313136, 0.3222329386299975, 0.18436915372209495, 0.27270977633477633], [0.2104815462315462, 0.3333471112221113, 0.1926081557331558, 0.26356318681318686], [0.2189096320346321, 0.282614121989122, 0.2342422993672994, 0.2642339466089466], [0.291320942945943, 0.3185630668351256, 0.19924820522614645, 0.19086778499278492], [0.15828838522588518, 0.3232886141636142, 0.22200967088467088, 0.2964133297258298], [0.18402279664779667, 0.37780301642801645, 0.227896534021534, 0.21027765290265285], [0.2570019841269841, 0.2744426406926408, 0.17364015151515147, 0.29491522366522366], [0.28385479797979807, 0.24445508658008655, 0.23477308802308808, 0.23691702741702741], [0.326696373071373, 0.2569963924963925, 0.186113455988456, 0.23019377844377847], [0.2254419191919192, 0.2883306623931624, 0.22201356282606274, 0.26421385558885563], [0.2519871170496171, 0.29592567155067157, 0.1546757201132201, 0.29741149128649136], [0.2188026695526696, 0.23924170274170276, 0.17611358086358084, 0.36584204684204685], [0.27342424242424246, 0.2833032106782106, 0.159123556998557, 0.28414898989898996], [0.306609126984127, 0.24968560606060605, 0.14684902597402597, 0.29685624098124114], [0.23457464757464752, 0.3524802052522641, 0.1541021984551396, 0.2588429487179489], [0.260013764013764, 0.32095553058053056, 0.17758896658896656, 0.24144173881673886], [0.2938524114774114, 0.21183391608391614, 0.190075937950938, 0.3042377344877345], [0.2934585692085692, 0.2373777333777334, 0.22510635198135198, 0.24405734543234547], [0.34475425962925976, 0.26091211566211575, 0.12004761904761904, 0.2742860056610057], [0.24843831168831168, 0.26699596237096246, 0.25847968697968704, 0.22608603896103896], [0.24589285714285722, 0.27443010461760464, 0.20969971001221008, 0.26997732822732823], [0.2532872682872684, 0.21570865245865253, 0.16926136363636363, 0.3617427156177157], [0.2749825036075037, 0.3344269480519481, 0.1363313492063492, 0.2542591991341991], [0.18990445665445668, 0.2830237401487403, 0.18798071373071373, 0.3390910894660896], [0.26023799811299814, 0.3120346875346876, 0.18585755910755908, 0.24186975524475532], [0.266285533910534, 0.25633098845598856, 0.21008477633477643, 0.26729870129870126], [0.2587485014985016, 0.3171785714285715, 0.15625402375402378, 0.26781890331890335], [0.2572176573426574, 0.3348897907647908, 0.16380236430236425, 0.24409018759018766], [0.24377380952380961, 0.2646291486291487, 0.18751551226551227, 0.3040815295815297], [0.29071819846819846, 0.3256307720057721, 0.1614852092352092, 0.2221658202908204], [0.2582563686313687, 0.33474406149406155, 0.1239801587301587, 0.2830194111444112], [0.2711168276168276, 0.27924193861693875, 0.2046284271284271, 0.2450128066378067], [0.23645707070707073, 0.3351785020535019, 0.15738650238650237, 0.27097792485292477], [0.24247030747030746, 0.26344004606504606, 0.20799819624819624, 0.28609145021645044], [0.217518426018426, 0.3279347458097459, 0.17899801587301578, 0.2755488122988124], [0.28496717171717184, 0.26744341769341773, 0.17677398989898996, 0.2708154206904206], [0.22993746531246526, 0.2994149184149184, 0.19091720779220778, 0.2797304084804086], [0.27381684981684984, 0.23134176934176934, 0.17183490120990125, 0.32300647963147966], [0.285428626928627, 0.32775031912531927, 0.18820178432678428, 0.19861926961926965], [0.23625456487956492, 0.2773367604617605, 0.18308742646242643, 0.30332124819624817], [0.27797528860028864, 0.30123656898656903, 0.1881914058164058, 0.23259673659673666], [0.22453697691197708, 0.30190757853257855, 0.1881963175713176, 0.285359126984127], [0.263165195915196, 0.25360095460095466, 0.22582803307803317, 0.2574058164058165], [0.25783333333333347, 0.28181565656565655, 0.14885533910533902, 0.311495670995671], [0.24685490897990903, 0.2639054972804973, 0.23998520923520933, 0.24925438450438456], [0.24619329281829283, 0.37570478132978147, 0.14602634865134864, 0.23207557720057723], [0.2567430902430903, 0.2656736874236875, 0.18487172549672554, 0.2927114968364968], [0.22660005272505265, 0.3249078282828284, 0.14047804972804967, 0.3080140692640694], [0.2394613442113442, 0.24885737873237881, 0.16265259740259735, 0.3490286796536797], [0.24987301587301589, 0.27932018675768694, 0.22429743173493175, 0.24650936563436565], [0.2688230519480519, 0.289643217893218, 0.17675955988455994, 0.26477417027417044], [0.2161648629148629, 0.3671114718614719, 0.19139267676767677, 0.2253309884559884], [0.26630430680430683, 0.27415262515262523, 0.21291895604395603, 0.24662411199911205], [0.2709677128427129, 0.3006738865709454, 0.22980136040430155, 0.19855704018204015], [0.28789964202464224, 0.2628824092574093, 0.1886810966810967, 0.26053685203685206], [0.212047632922633, 0.34593138805638807, 0.18598845598845604, 0.2560325230325231], [0.1837454351204351, 0.19428869047619052, 0.1681771284271284, 0.453788745976246], [0.2728827145077146, 0.2594060661560662, 0.18487314074814074, 0.28283807858807875], [0.16394805194805195, 0.27846037867361395, 0.19698714275920157, 0.36060442661913256], [0.1749099927849929, 0.27514280164280164, 0.19355921855921854, 0.35638798701298713], [0.2187992562992563, 0.27579989944695826, 0.26092598577892706, 0.24447485847485845], [0.19803649128649134, 0.2966494526715116, 0.21851098411392525, 0.2868030719280721], [0.2269736652236652, 0.2960036976911977, 0.2222713744588744, 0.25475126262626263], [0.20974543512043506, 0.2733335137085137, 0.21786111111111117, 0.2990599400599401], [0.2678148240648241, 0.27847462259962263, 0.23469071206571207, 0.2190198412698413], [0.2115231851481852, 0.28160684454434454, 0.1988729603729604, 0.30799700993450996], [0.28189121989121996, 0.2288181748806749, 0.15387866300366299, 0.33541194222444226], [0.19394565157065155, 0.31370030663780674, 0.17181033549783545, 0.3205437062937064], [0.2568802308802309, 0.2588804112554113, 0.18761886724386728, 0.2966204906204906], [0.29292465173715165, 0.3289956016206016, 0.1551683802308802, 0.22291136641136639], [0.24997366522366524, 0.26951334776334784, 0.21574765512265506, 0.26476533189033197], [0.24570243645243647, 0.30219964757464757, 0.1710383644133644, 0.2810595515595516], [0.2209089105339105, 0.31136327561327565, 0.22675775613275614, 0.24097005772005775], [0.23645905483405488, 0.23282954545454554, 0.19790909090909092, 0.3328023088023088], [0.3030793650793651, 0.2262182539682539, 0.18404599567099575, 0.2866563852813853], [0.2890509351759352, 0.277417082917083, 0.148143093018093, 0.2853888888888891], [0.24669967532467535, 0.3154846126096125, 0.20325288600288602, 0.2345628260628261], [0.25412572150072166, 0.2166969602035392, 0.22215657514999626, 0.30702074314574307], [0.24164989177489177, 0.31783701510907386, 0.1479954163483575, 0.2925176767676769], [0.19507682595182593, 0.27916766566766565, 0.19330115717615715, 0.33245435120435124], [0.24762397324897326, 0.28070248297454187, 0.14527234775028894, 0.326401196026196], [0.2405079226329227, 0.27338449050949043, 0.15681439393939392, 0.3292931929181928], [0.2533414502164502, 0.2792002164502164, 0.1833039321789322, 0.28415440115440116], [0.3772139249639252, 0.2437400793650793, 0.15121825396825397, 0.22782774170274167], [0.218748556998557, 0.3159553571428573, 0.156332251082251, 0.30896383477633477], [0.18957531357531351, 0.29039146964146967, 0.17447749472749471, 0.3455557220557221], [0.2297852841602843, 0.25817331279831285, 0.21600677590383474, 0.2960346271375684], [0.24218480130980133, 0.24140136252636255, 0.1623184038184038, 0.35409543234543245], [0.24189631202131204, 0.28738017538017535, 0.1604719724719724, 0.31025154012654016], [0.3094926462426463, 0.25567615717615727, 0.1253482905982906, 0.3094829059829061], [0.2659963924963925, 0.21204996392496386, 0.17859938672438674, 0.3433542568542569], [0.23718670218670226, 0.27506558719058727, 0.211409632034632, 0.2763380785880787], [0.30212602675102673, 0.2639470390720391, 0.15216311466311466, 0.2817638195138195], [0.2764420163170163, 0.26374722499722514, 0.14442632367632366, 0.31538443500943514], [0.2683632756132757, 0.3038888888888889, 0.13876190476190473, 0.2889859307359308], [0.278743686868687, 0.2974749278499278, 0.155650197025197, 0.2681311882561883], [0.2470736763236764, 0.31257919857919864, 0.1442932622932623, 0.2960538628038628], [0.29759956709956703, 0.24095093795093803, 0.19679112554112557, 0.2646583694083693], [0.2556925435675435, 0.26722458097458096, 0.20454059829059823, 0.27254227716727725], [0.22671325896325903, 0.3156242784992786, 0.1390672244422244, 0.31859523809523815], [0.24748976023976038, 0.34581148018648017, 0.1725648656898657, 0.23413389388389397], [0.20943815906315905, 0.28035918248418257, 0.17158416583416586, 0.3386184926184928], [0.25062391774891773, 0.2781989538239538, 0.17634433621933623, 0.29483279220779224], [0.2298524947274948, 0.22976850926850925, 0.20134626484626492, 0.33903273115773125], [0.28751180763680756, 0.26352608502608504, 0.1522958707958707, 0.2966662365412366], [0.21701311188811187, 0.284578046953047, 0.19959060384060381, 0.2988182373182374], [0.2614153485403486, 0.2636795288045289, 0.17903932178932183, 0.2958658008658011], [0.28353872516372514, 0.32293001443001457, 0.1435191613941614, 0.2500120990120991], [0.2058391330891331, 0.2632542041292042, 0.27880999555999564, 0.25209666722166735], [0.3139479825729827, 0.17477203352203355, 0.146411852036852, 0.3648681318681319], [0.2050068958818959, 0.28753533068238957, 0.22795374968169088, 0.2795040237540239], [0.29931046731046723, 0.2422937340437341, 0.16868503718503725, 0.2897107614607615], [0.25570770895770895, 0.2198739732489733, 0.19270995670995675, 0.3317083610833611], [0.20389670052170059, 0.29059287934287953, 0.20316938616938615, 0.30234103396603407], [0.23057323232323243, 0.300618497000076, 0.19527670502012603, 0.2735315656565658], [0.2417447691197691, 0.2623185425685426, 0.18733694083694083, 0.3085997474747475], [0.21843457930957938, 0.3239195665445665, 0.19185057997558005, 0.2657952741702741], [0.2736825396825397, 0.2609274891774892, 0.20656331168831163, 0.2588266594516596]]}}