{"test": {"ids": ["105117200", "110114651", "113120601", "112119980", "112117660", "99105921", "98106560", "105115720", "100116790", "104113190", "103120531", "107121640", "103111830", "112117780", "99116500", "111117200", "107112840", "99108310", "104114410", "103111930", "108117451", "113117630", "111120280", "99108330", "106111321", "107114110", "104114320", "108118301", "100112060", "113118490", "103111170", "113121980", "113122120", "97109570", "112117431", "111121351", "110118810", "99109311", "110117080", "112118820", "101111210", "105116980", "101121640", "103113610", "111115400", "98107010", "110118181", "103120290", "105115680", "111116010", "113122170", "104114230", "109117271", "113120280", "112118581", "113119950", "102110750", "113121010", "107117630", "108121190", "100111620", "108115870", "97105451", "98112170", "113120751", "105112130", "101112160", "110118880", "113120531", "107118490", "107120130", "100120010", "100108490", "108114200", "113118620", "112118880", "109116930", "97118210", "100111390", "110114920", "101108121", "101111140", "97106000", "98108580", "99109370", "106120640", "110118301", "107119130", "106121190", "97105580", "113121950", "97107950", "109119340", "110121720", "111118301", "103109021", "113121410", "101111990", "102121700", "101108080", "100108990", "104117200", "105113480", "106114150", "99109141", "107120880", "99117630", "112116640", "113121810", "99114890", "110115580", "113120260", "112117030", "100107920", "97112300", "106116640", "107119390", "100109000", "107121700", "98111620", "108118810", "111117571", "108118291", "111114941", "110115710", "103117200", "101114990", "97111790", "112116290", "111116411", "104111880", "111118820", "102117351", "110119300", "110118450", "113118870", "104111531", "105115570", "104111780", "101110200", "98109090", "112120270"], "labels": [3, 3, 2, 0, 0, 1, 1, 1, 2, 3, 3, 1, 3, 0, 2, 0, 1, 2, 1, 3, 2, 0, 0, 1, 0, 1, 2, 1, 2, 1, 2, 2, 1, 0, 0, 0, 1, 1, 1, 0, 2, 0, 2, 2, 0, 3, 1, 2, 2, 1, 1, 2, 0, 0, 1, 0, 1, 2, 0, 1, 3, 3, 0, 3, 1, 1, 3, 0, 0, 2, 2, 0, 2, 0, 3, 1, 0, 2, 2, 3, 0, 2, 0, 0, 1, 3, 1, 1, 2, 1, 3, 2, 3, 3, 3, 0, 0, 2, 1, 0, 2, 3, 0, 1, 3, 1, 3, 0, 2, 2, 1, 3, 2, 0, 2, 3, 2, 1, 3, 3, 1, 3, 3, 0, 2, 0, 3, 2, 0, 0, 3, 0, 1, 1, 0, 0, 0, 0, 3, 2, 1, 0], "predicted_labels": [1, 3, 3, 1, 3, 1, 1, 1, 1, 1, 1, 3, 3, 3, 1, 3, 1, 0, 1, 1, 3, 1, 3, 3, 3, 3, 1, 3, 1, 0, 3, 3, 0, 3, 1, 3, 3, 3, 3, 1, 3, 3, 3, 0, 1, 1, 1, 3, 1, 3, 3, 3, 3, 3, 3, 3, 1, 3, 3, 1, 1, 3, 3, 3, 3, 1, 3, 3, 3, 1, 1, 1, 1, 3, 1, 1, 3, 3, 3, 3, 3, 0, 3, 3, 3, 1, 1, 1, 1, 0, 3, 1, 3, 3, 3, 3, 3, 3, 1, 1, 3, 3, 3, 1, 0, 3, 3, 1, 1, 1, 1, 3, 1, 3, 3, 3, 3, 1, 3, 1, 3, 3, 0, 3, 3, 1, 1, 3, 3, 3, 3, 0, 3, 1, 1, 1, 1, 3, 3, 1, 3, 1], "confidence_scores": [[0.2157004614878481, 0.31690569578938826, 0.15470499741600421, 0.3126888453067593], [0.16679222668415097, 0.30982042255443615, 0.1450515686828388, 0.3783357820785742], [0.24994122962624513, 0.2728104800810887, 0.15749540139369478, 0.31975288889897163], [0.22836731888034578, 0.3094126274914519, 0.16630274179561533, 0.29591731183258735], [0.2618301303263497, 0.23463184862216546, 0.1604323462942377, 0.3431056747572471], [0.22942184665545196, 0.35126894858294977, 0.18200372476798715, 0.2373054799936114], [0.22166673832359118, 0.29283354332428757, 0.21995242421564926, 0.2655472941364718], [0.17899595244794564, 0.4256656162804379, 0.17232366586670625, 0.22301476540491008], [0.25529893586065455, 0.29182442491740934, 0.1864543531734421, 0.26642228604849394], [0.1940351436081599, 0.3432778261018394, 0.1476428799524322, 0.31504415033756855], [0.24274245036684067, 0.30442975281189705, 0.17549961454903693, 0.2773281822722254], [0.2030789121955644, 0.29435973625278095, 0.19632055676591537, 0.30624079478573946], [0.2801410210752007, 0.1807504551466272, 0.1764380631907636, 0.36267046058740837], [0.23769792857655428, 0.2038049768603412, 0.2085752066500964, 0.34992188791300805], [0.20440507544073921, 0.3588099408404852, 0.18263616434366184, 0.2541488193751138], [0.24108588560160865, 0.25439101746161474, 0.211542495176941, 0.2929806017598357], [0.24787507185029414, 0.3047127051207578, 0.2010346145034284, 0.24637760852551974], [0.2983664736639215, 0.26276013768561723, 0.166017534232655, 0.2728558544178065], [0.27793471857589175, 0.286865733379552, 0.15933163964992184, 0.2758679083946345], [0.23422649489418, 0.31571316529169985, 0.17985538779875423, 0.270204952015366], [0.28805065240372185, 0.23416191337520356, 0.12205285849312902, 0.3557345757279456], [0.2241082982337618, 0.32028176654315366, 0.15507691373686702, 0.30053302148621763], [0.22440430455742758, 0.30257275391218724, 0.14306238290330875, 0.3299605586270763], [0.21170555204136932, 0.2508520673935108, 0.2235024652694296, 0.31393991529569026], [0.24914627221740474, 0.2901885551493288, 0.1603271608597801, 0.30033801177348646], [0.19533456397007176, 0.2188894315116814, 0.16523139739223108, 0.4205446071260158], [0.17781888122577116, 0.3809388957133993, 0.20351437632344788, 0.23772784673738187], [0.2377479954988655, 0.2831790516325594, 0.1819952095674782, 0.2970777433010969], [0.24190110264928433, 0.29011069554747715, 0.20613807877640686, 0.26185012302683164], [0.30734648613423865, 0.26897948410577305, 0.16811470758436622, 0.25555932217562205], [0.1933071220424928, 0.22941889669819523, 0.19561035316084197, 0.3816636280984702], [0.18045212420438075, 0.28986567403874874, 0.18739406833226402, 0.3422881334246067], [0.29968892362772054, 0.2783140038580047, 0.20253895973819336, 0.21945811277608138], [0.25400465812974105, 0.25286492060743326, 0.18437262971573684, 0.308757791547089], [0.222515491116469, 0.34907953475072573, 0.16470773397709412, 0.2636972401557113], [0.23105174912089144, 0.27238063903751497, 0.20141560664686112, 0.29515200519473267], [0.24627499815627435, 0.23526620862597458, 0.15763457162439293, 0.3608242215933581], [0.2175149329077497, 0.2539122433750004, 0.2473139818128395, 0.28125884190441025], [0.1589816736060987, 0.2897246163917849, 0.1718555091216894, 0.3794382008804273], [0.2139379319618537, 0.3358462204029933, 0.14850642336333, 0.30170942427182285], [0.1949294666002783, 0.27172682196111275, 0.1894648138186472, 0.34387889761996193], [0.2727400277979919, 0.2767788012201918, 0.15789883980588867, 0.2925823311759277], [0.2276531414319976, 0.2438596784298773, 0.18992873963301382, 0.3385584405051113], [0.2761574206540065, 0.2378222789118517, 0.23927804619982204, 0.24674225423431972], [0.2166427155340287, 0.3033400049192902, 0.21467128330488858, 0.2653459962417925], [0.18669158736998873, 0.3395620911981068, 0.17103121792005901, 0.30271510351184583], [0.2404767547598861, 0.3616232250066649, 0.15529039511624107, 0.24260962511720802], [0.2522615734583838, 0.2573869288142667, 0.2073513853307051, 0.2830001123966445], [0.21226822254761102, 0.3367793688922776, 0.18778539611649706, 0.2631670124436143], [0.1919323459596879, 0.289945993823373, 0.21507572337423336, 0.303045936842706], [0.17843796738915269, 0.2934193141165316, 0.22226656259035982, 0.30587615590395584], [0.21798677274261022, 0.24166217055239422, 0.2332804996298859, 0.30707055707510983], [0.23351882492510387, 0.2802405666457018, 0.16533807034199677, 0.32090253808719765], [0.31436288434016013, 0.19413368422067692, 0.14884793122142798, 0.34265550021773516], [0.18714624205586972, 0.2879882392471189, 0.23328328058723172, 0.29158223810977985], [0.23726202675172384, 0.27363737791267306, 0.16460211548944564, 0.3244984798461576], [0.1708747651883213, 0.3876165705945126, 0.16426334527444905, 0.27724531894271726], [0.211570712308156, 0.27397794937213066, 0.18632777175691792, 0.3281235665627953], [0.26315541029793743, 0.22929179002808056, 0.1932309389581595, 0.3143218607158225], [0.21224256344882358, 0.3429883090081741, 0.15476974193989054, 0.28999938560311184], [0.2526057359441338, 0.27493676312581483, 0.21073282798901494, 0.2617246729410367], [0.1965290303885721, 0.29763842882433733, 0.2030553679481039, 0.3027771728389866], [0.2636938227795176, 0.28385403802858683, 0.15625290231008493, 0.2961992368818106], [0.23115610975941966, 0.2648728192181526, 0.18415810731636204, 0.3198129637060659], [0.24193429151568024, 0.26629787027828694, 0.1838415670021529, 0.30792627120388], [0.21386380699832164, 0.3440252129226657, 0.17271410020185413, 0.26939687987715866], [0.21395972552829295, 0.26228381153602137, 0.23374155433565588, 0.2900149086000295], [0.231251202695463, 0.24447979327957264, 0.16949129375825653, 0.35477771026670796], [0.23598634085155473, 0.28537759882615693, 0.1647292719927119, 0.3139067883295764], [0.21447915495453412, 0.3194460021836134, 0.17459422721332413, 0.29148061564852856], [0.2051077047880685, 0.29480956966555355, 0.2212949460538527, 0.27878777949252526], [0.17899108567482905, 0.3406745528380095, 0.19796195457109253, 0.28237240691606913], [0.24526732384162103, 0.2880679103595227, 0.22884642670775443, 0.23781833909110223], [0.25144894135464946, 0.3038410152641849, 0.1389121241441438, 0.30579791923702193], [0.21124192409673256, 0.31522194166621387, 0.18772644657305101, 0.28580968766400294], [0.22580093831405496, 0.3029904525637288, 0.20905698016546453, 0.26215162895675187], [0.2919189233835045, 0.2402660521231005, 0.16081189536616278, 0.3070031291272323], [0.28267333217311313, 0.25593426983829703, 0.16877080787584528, 0.2926215901127445], [0.25504919005555715, 0.25144022697299695, 0.17699205685836206, 0.31651852611308373], [0.18786631218324504, 0.3096381643080106, 0.1523142853369714, 0.350181238171773], [0.22404800030710617, 0.23909161907237034, 0.2078462954874515, 0.3290140851330719], [0.29391846310711955, 0.2569851138347087, 0.16650883376148967, 0.2825875892966822], [0.19825115288729334, 0.2595208405144467, 0.21029793211807324, 0.33193007448018697], [0.21201641489671288, 0.27791022327084347, 0.17280967525840474, 0.33726368657403893], [0.22320868231471583, 0.29817078665489494, 0.18027358686682277, 0.2983469441635664], [0.22628883461745414, 0.3510584129223625, 0.19296619497452835, 0.22968655748565495], [0.2520851848771628, 0.28522863875774856, 0.1858462168746743, 0.2768399594904144], [0.23072458669840576, 0.30920558160418127, 0.1841761511385997, 0.27589368055881325], [0.17941684644570516, 0.31429335070941383, 0.24030332804897303, 0.265986474795908], [0.3056798187468138, 0.2719813470033745, 0.17659801148775428, 0.24574082276205747], [0.17830040652325646, 0.3242748368027543, 0.1589617534887646, 0.3384630031852247], [0.23208214841819402, 0.354099525467305, 0.16802624528796728, 0.24579208082653378], [0.24295040528467202, 0.26298671338405094, 0.1725272624683013, 0.3215356188629759], [0.2059272131876322, 0.2665230128712487, 0.1845982401850591, 0.34295153375606013], [0.25392106048640023, 0.267844429560812, 0.1615533662145614, 0.31668114373822637], [0.27281775915182754, 0.2731097301987364, 0.15412332182598798, 0.299949188823448], [0.2587885852900895, 0.2567058664687343, 0.15384031622217587, 0.33066523201900033], [0.20152604464286164, 0.28315645478901913, 0.18006352462518813, 0.3352539759429314], [0.24156247642657303, 0.30230618470108356, 0.19547835860377777, 0.26065298026856587], [0.23827311577450858, 0.3115920988623126, 0.16799101000489042, 0.28214377535828866], [0.2207228837974128, 0.26019714431285335, 0.19305848488126537, 0.32602148700846856], [0.16710441543168048, 0.32463935997745735, 0.17732060667079103, 0.33093561792007115], [0.23309047768146557, 0.26086959997317805, 0.16656186525469083, 0.3394780570906657], [0.27229693500265845, 0.27255299578956926, 0.18882318405272439, 0.26632688515504804], [0.2822347181300022, 0.2545477599232006, 0.1881513541023717, 0.27506616784442567], [0.19568730047645858, 0.25985764562720887, 0.21142167014057836, 0.33303338375575414], [0.270577362990219, 0.24575188697833167, 0.17532375486025495, 0.30834699517119474], [0.1845809283205476, 0.3705434686913899, 0.16810295136490655, 0.27677265162315595], [0.2648316002102641, 0.2804824982000445, 0.21364118791173453, 0.24104471367795685], [0.20779572613350722, 0.336674533635006, 0.208106008784818, 0.24742373144666885], [0.24564712136796976, 0.2895331026627456, 0.19747750955141524, 0.26734226641786946], [0.17525478880920517, 0.2982231069330376, 0.22111072668656093, 0.3054113775711963], [0.16959563757034568, 0.31223513640116907, 0.20598890838238051, 0.3121803176461047], [0.19276145364109928, 0.3190768918234524, 0.1533775595173352, 0.33478409501811307], [0.2331737926846129, 0.24863575466100765, 0.19724403933196485, 0.3209464133224148], [0.2020133447679997, 0.28908790243011234, 0.17074542165076387, 0.3381533311511242], [0.23625067240011594, 0.285856761458903, 0.18295477668020166, 0.2949377894607795], [0.22969353492554556, 0.33505958865362295, 0.14449344551562857, 0.2907534309052031], [0.24325350679587804, 0.27318131865618556, 0.1972604193802309, 0.2863047551677056], [0.17807594164252424, 0.33514892738949653, 0.20955682296741418, 0.2772183080005653], [0.22563045381643465, 0.2794537078112199, 0.14997384187566937, 0.344941996496676], [0.2700921715929095, 0.26837137791857396, 0.17666231561110596, 0.28487413487741053], [0.2965844803584079, 0.2585184010226832, 0.155065738171767, 0.2898313804471419], [0.24156110433317143, 0.29020683715792184, 0.15614184377956533, 0.3120902147293416], [0.2094178362247337, 0.28030699582403373, 0.18581047297987976, 0.32446469497135283], [0.22321717454966705, 0.3077359688394297, 0.1637630165035199, 0.30528384010738346], [0.1737146132528254, 0.3615774667365343, 0.20456746860508815, 0.26014045140555253], [0.23117740340059748, 0.24681090689286822, 0.22348532920994799, 0.2985263604965864], [0.24159654624247914, 0.2680524170466409, 0.1745838132866826, 0.31576722342419733], [0.30593886020724087, 0.22773842060702912, 0.13896008559362108, 0.3273626335921089], [0.17586260619708732, 0.2999443754893647, 0.18259115879901952, 0.34160185951452854], [0.27774041397600735, 0.2671093041592879, 0.19366565372573544, 0.2614846281389694], [0.2803862328214796, 0.2536518209491938, 0.12785554106614033, 0.3381064051631862], [0.25784857929802824, 0.3842282677878191, 0.12839591228974118, 0.2295272406244116], [0.2051333909023912, 0.33185557851007486, 0.20985693095601085, 0.25315409963152324], [0.20660547438154453, 0.30376308145885106, 0.1982867466728617, 0.29134469748674274], [0.2688585928965439, 0.2884001451833677, 0.168132178220599, 0.2746090836994896], [0.24427579630068716, 0.2873321997891878, 0.15480804017118405, 0.31358396373894126], [0.24983282429144554, 0.24855459389436543, 0.18474227480903246, 0.3168703070051566], [0.2123359136851729, 0.34062972083179477, 0.14434265575659486, 0.30269170972643733], [0.22713596315375334, 0.2573812264157289, 0.23964086140374363, 0.275841949026774], [0.1826262065341938, 0.2940126248314145, 0.25325333241955156, 0.27010783621484]]}, "rewritten": {"ids": ["97105451", "97105580", "97106000", "97107950", "97109570", "97111790", "97112300", "97118210", "98106560", "98107010", "98108580", "98109090", "98111620", "98112170", "99105921", "99108310", "99108330", "99109141", "99109311", "99109370", "99114890", "99116500", "99117630", "100107920", "100108490", "100108990", "100109000", "100111390", "100111620", "100112060", "100116790", "100120010", "101108080", "101108121", "101110200", "101111140", "101111210", "101111990", "101112160", "101114990", "101121640", "102110750", "102117351", "102121700", "103109021", "103111170", "103111830", "103111930", "103113610", "103117200", "103120290", "103120531", "104111531", "104111780", "104111880", "104113190", "104114230", "104114320", "104114410", "104117200", "105112130", "105113480", "105115570", "105115680", "105115720", "105116980", "105117200", "106111321", "106114150", "106116640", "106120640", "106121190", "107112840", "107114110", "107117630", "107118490", "107119130", "107119390", "107120130", "107120880", "107121640", "107121700", "108114200", "108115870", "108117451", "108118291", "108118301", "108118810", "108121190", "109116930", "109117271", "109119340", "110114651", "110114920", "110115580", "110115710", "110117080", "110118181", "110118301", "110118450", "110118810", "110118880", "110119300", "110121720", "111114941", "111115400", "111116010", "111116411", "111117200", "111117571", "111118301", "111118820", "111120280", "111121351", "112116290", "112116640", "112117030", "112117431", "112117660", "112117780", "112118581", "112118820", "112118880", "112119980", "112120270", "113117630", "113118490", "113118620", "113118870", "113119950", "113120260", "113120280", "113120531", "113120601", "113120751", "113121010", "113121410", "113121810", "113121950", "113121980", "113122120", "113122170"], "labels": [0, 1, 0, 2, 0, 2, 2, 2, 1, 3, 0, 1, 3, 3, 1, 2, 1, 3, 1, 1, 2, 2, 3, 0, 2, 2, 1, 2, 3, 2, 2, 0, 0, 0, 2, 2, 2, 2, 3, 3, 2, 1, 1, 1, 0, 2, 3, 3, 2, 0, 2, 3, 0, 3, 3, 3, 2, 2, 1, 3, 1, 0, 0, 2, 1, 0, 3, 0, 1, 3, 3, 2, 1, 1, 0, 2, 1, 2, 2, 1, 1, 3, 0, 3, 2, 3, 1, 1, 1, 0, 0, 3, 3, 3, 1, 2, 1, 1, 1, 0, 1, 0, 1, 3, 0, 0, 1, 0, 0, 3, 3, 0, 0, 0, 0, 0, 2, 0, 0, 0, 1, 0, 1, 0, 0, 0, 1, 3, 0, 0, 3, 0, 0, 2, 1, 2, 0, 2, 3, 2, 1, 1], "predicted_labels": [0, 0, 3, 3, 1, 3, 3, 3, 0, 1, 3, 0, 1, 3, 1, 1, 3, 3, 1, 3, 1, 1, 3, 1, 3, 3, 3, 3, 1, 1, 0, 1, 1, 1, 1, 3, 3, 3, 3, 1, 3, 1, 3, 1, 3, 1, 3, 1, 0, 1, 1, 1, 3, 3, 3, 3, 3, 1, 3, 3, 3, 3, 3, 1, 1, 3, 1, 1, 3, 3, 1, 1, 1, 3, 3, 1, 1, 3, 1, 1, 1, 1, 1, 1, 3, 3, 3, 3, 3, 3, 3, 3, 3, 3, 3, 3, 3, 1, 3, 1, 3, 3, 1, 3, 3, 3, 1, 0, 1, 3, 3, 0, 3, 3, 3, 3, 3, 1, 3, 3, 1, 1, 1, 1, 1, 3, 0, 3, 1, 3, 3, 3, 0, 1, 3, 3, 3, 1, 3, 3, 0, 3], "confidence_scores": [[0.3104568814336346, 0.24220841564025722, 0.1813233709531524, 0.26601133197295584], [0.3263474436745964, 0.2214592220390102, 0.1962062416512306, 0.2559870926351626], [0.1704128262791221, 0.2826060320377783, 0.19521272603941908, 0.35176841564368044], [0.20999188070292882, 0.2748910273434415, 0.208632145058724, 0.3064849468949057], [0.26117817189566744, 0.2766272193870158, 0.20903851224626796, 0.2531560964710491], [0.24595243277933482, 0.24150833171103536, 0.2318406228828915, 0.28069861262673856], [0.27389636718732724, 0.22326811524802181, 0.21230657539864642, 0.29052894216600444], [0.27023272470926896, 0.23899507054635868, 0.18453430061987547, 0.3062379041244968], [0.2786935439467344, 0.25891127646050066, 0.19815134467987147, 0.2642438349128934], [0.1901077636951165, 0.35130460846358447, 0.15770800693302245, 0.30087962090827663], [0.2127307796487758, 0.26979819050641035, 0.18791868562722183, 0.32955234421759216], [0.3100762619886266, 0.24364013163482462, 0.2014989687381455, 0.24478463763840344], [0.18640999527686297, 0.31388146967328673, 0.20452101065942152, 0.2951875243904289], [0.25546480396014387, 0.23990484070950852, 0.18085769580386163, 0.32377265952648615], [0.2607870267235051, 0.3013357286163588, 0.18932183466866626, 0.24855540999146963], [0.25334229175255873, 0.3133755492404094, 0.14747495740691552, 0.2858072016001163], [0.20972317838816945, 0.2815880825358685, 0.21258296435863686, 0.29610577471732524], [0.2498663986615605, 0.26430279993920586, 0.17796138757605687, 0.30786941382317673], [0.21260474933035223, 0.32590358089966576, 0.15160329257069471, 0.30988837719928725], [0.24085433356703045, 0.2680623467512823, 0.18720412302351921, 0.303879196658168], [0.20521710990597966, 0.3480701442617851, 0.18681345462032897, 0.25989929121190625], [0.20076810186056687, 0.34945588121761184, 0.1577164828438275, 0.2920595340779939], [0.25968621736284786, 0.2645347299631647, 0.16601765426940285, 0.3097613984045847], [0.20427857204069785, 0.3221447345866295, 0.15795941724748627, 0.3156172761251865], [0.2399858167138048, 0.25844861463382335, 0.19116740858927198, 0.3103981600630999], [0.2286711536338068, 0.21942159081066948, 0.20017192292799635, 0.35173533262752743], [0.22596137751436907, 0.3024601730865291, 0.1550516806009613, 0.3165267687981407], [0.23419867982984166, 0.272216220463685, 0.17340490274460968, 0.3201801969618638], [0.2301630531373749, 0.2679282329663004, 0.23561778305991737, 0.2662909308364075], [0.2667742641314476, 0.2864722532205844, 0.17270365195921092, 0.2740498306887572], [0.29071884742933063, 0.2810947693581841, 0.1827819083021681, 0.24540447491031725], [0.20566564614126018, 0.34126299600351245, 0.1834276302308807, 0.26964372762434663], [0.24487715628076398, 0.33733323425933376, 0.1606196084611509, 0.2571700009987514], [0.2508655524673669, 0.28707313004538704, 0.17567590138496553, 0.2863854161022806], [0.2320968764765844, 0.34773441079603823, 0.14640255964862367, 0.27376615307875396], [0.2891545289678428, 0.2681383460460421, 0.14660659584693606, 0.29610052913917895], [0.23255926934651217, 0.2358945359174424, 0.203573399998505, 0.32797279473754054], [0.19847912726186911, 0.3045359024390559, 0.18359683568880347, 0.31338813461027143], [0.23703423441821883, 0.26432853648005833, 0.1737014040034587, 0.3249358250982642], [0.18060489407847893, 0.34532635551004603, 0.21438830355896343, 0.25968044685251174], [0.21570205833923498, 0.253425681624102, 0.18025855410442645, 0.3506137059322366], [0.1398031464214415, 0.4161113827028081, 0.21045798423196202, 0.23362748664378846], [0.28415636095053953, 0.2742627141382716, 0.13200853475348862, 0.30957239015770016], [0.24034410459989516, 0.2987539247204373, 0.1811745092619885, 0.27972746141767907], [0.25304965892267245, 0.26618134736228444, 0.1482883360688255, 0.33248065764621776], [0.24893622373062724, 0.2752916661237106, 0.21736761145758188, 0.25840449868808046], [0.276843606513579, 0.2160904626723172, 0.17275391133770734, 0.3343120194763964], [0.24356316518174123, 0.3058354748786662, 0.15707845670013323, 0.2935229032394593], [0.28149973430489494, 0.2545913646696997, 0.201851244955405, 0.2620576560700003], [0.27326985989300173, 0.2912818974767139, 0.15660550018096125, 0.27884274244932333], [0.2283517487326374, 0.29418092564157383, 0.22320505932638812, 0.2542622662994007], [0.24078626828221378, 0.2999568917526532, 0.1669476754264994, 0.29230916453863354], [0.23648061902153772, 0.2637019161924735, 0.1973493783090251, 0.302468086476964], [0.20977810553498724, 0.22888329762962872, 0.18894380709976275, 0.37239478973562146], [0.17050686256340833, 0.2668401978076863, 0.2270067614404161, 0.33564617818848935], [0.20653484393145405, 0.29525082747785564, 0.16062212955402536, 0.337592199036665], [0.2142904523876604, 0.2608553912100414, 0.2073353916161248, 0.31751876478617347], [0.26896549824644866, 0.3047023750363781, 0.20619907334428728, 0.22013305337288613], [0.2544978114781067, 0.25316604865964243, 0.18765542762941187, 0.3046807122328391], [0.1779321015179707, 0.31670142608733004, 0.17696386731317656, 0.32840260508152275], [0.22840786724415735, 0.27294376776946566, 0.19937153257536067, 0.2992768324110164], [0.21512129638336971, 0.2720831150843526, 0.19989272239793324, 0.3129028661343445], [0.24537433278169274, 0.2574810678129695, 0.19680171210459568, 0.3003428873007421], [0.20758846378846424, 0.34851447025074256, 0.17145787399845033, 0.27243919196234284], [0.2086782921616434, 0.33014298774879997, 0.21749077223501864, 0.24368794785453826], [0.2619228390075484, 0.2652122219967136, 0.1784112143205695, 0.2944537246751685], [0.22998591626439693, 0.31448431036382263, 0.18536269308817022, 0.2701670802836105], [0.26546188750998306, 0.291147158822118, 0.15528100701280143, 0.28810994665509765], [0.22486712427824, 0.26961686359554277, 0.18516992801898502, 0.32034608410723237], [0.2186780195993568, 0.2603077648967882, 0.16248516357324952, 0.3585290519306057], [0.2144216560200658, 0.3326447638373511, 0.21397725413890378, 0.23895632600367928], [0.20805124380537357, 0.3114740938678386, 0.2114563361210667, 0.2690183262057213], [0.2945723240807516, 0.30954068154150244, 0.17651604138911575, 0.21937095298863035], [0.198202507156657, 0.24450835386140146, 0.15394921639524908, 0.40333992258669243], [0.2682453335290313, 0.25558195524979066, 0.18170820050267977, 0.2944645107184985], [0.24536873280090254, 0.30246661394207924, 0.18541447208149767, 0.2667501811755205], [0.25859540331489744, 0.3177050754535631, 0.15653850374579525, 0.26716101748574433], [0.2935447187144791, 0.23087450885114844, 0.16457960768396615, 0.31100116475040634], [0.2364650383063115, 0.32726353447953577, 0.17929005330165196, 0.2569813739125007], [0.23938130563911503, 0.28674966124139323, 0.19658811657433697, 0.27728091654515497], [0.27236601595126436, 0.29090872360638625, 0.1790460417252705, 0.257679218717079], [0.23110890160017064, 0.3154301064438504, 0.15894652015697033, 0.2945144717990089], [0.23715997432103836, 0.322030241928854, 0.20083995812105923, 0.23996982562904862], [0.19128857937115076, 0.3140375096390256, 0.198617787461967, 0.2960561235278566], [0.24818504961230933, 0.23547431168887276, 0.10795701016177368, 0.40838362853704424], [0.26994361315132226, 0.22181778829708823, 0.1401393595393461, 0.36809923901224345], [0.25965796145426284, 0.2636272522332741, 0.16682237945744272, 0.30989240685502023], [0.21548526889584438, 0.2700222682222893, 0.16010532646361797, 0.35438713641824854], [0.2327076384980893, 0.2907523603129917, 0.1730963191284674, 0.3034436820604519], [0.25711687565399743, 0.24534957469432023, 0.16320253386331904, 0.3343310157883633], [0.22532482846212287, 0.2369826118184317, 0.16569105313784216, 0.3720015065816032], [0.235292410131831, 0.2852451317382554, 0.1723733910283959, 0.3070890671015178], [0.17843962785224332, 0.3304563102574424, 0.13952117304089198, 0.35158288884942246], [0.1975088081617477, 0.3205144771942605, 0.13751734892334058, 0.34445936572065117], [0.21240250739626657, 0.2726851571060755, 0.1904241172826899, 0.3244882182149681], [0.18867398403465788, 0.3118286629774685, 0.17576036248409152, 0.3237369905037823], [0.16780141782147126, 0.2947323904585335, 0.18318724832051467, 0.35427894339948063], [0.20831386754731906, 0.32519658653387734, 0.1658176751377327, 0.300671870781071], [0.2322117255241176, 0.2871155864558602, 0.1644658496134761, 0.3162068384065461], [0.18970991198542855, 0.3757799614253983, 0.18233957191831646, 0.25217055467085675], [0.26166887895475527, 0.27294996085834095, 0.17167381444982902, 0.2937073457370748], [0.23593341100100088, 0.31252391493034354, 0.11540775310796009, 0.33613492096069586], [0.244883230120506, 0.35380272090846554, 0.13878891026759332, 0.26252513870343536], [0.22939677841620676, 0.26390893379832986, 0.18450187843640767, 0.3221924093490558], [0.2258660677772519, 0.27261696653879325, 0.1825033236242602, 0.31901364205969474], [0.2365701114755412, 0.26864286222419265, 0.18655295412219644, 0.30823407217806975], [0.17714011621243128, 0.2910173673469777, 0.24267891394384786, 0.28916360249674317], [0.3204972871908876, 0.22474655199646076, 0.13615522541860645, 0.3186009353940454], [0.22428203220873422, 0.31146288180582427, 0.17123178283402743, 0.2930233031514142], [0.2603180428225833, 0.25472746555591, 0.15328494994791125, 0.33166954167359547], [0.22558748734047984, 0.2758784584686816, 0.19249292827165068, 0.3060411259191879], [0.2894766161810028, 0.2695908463604209, 0.1792682955032852, 0.2616642419552911], [0.2194812788260438, 0.3092545098722501, 0.14179113857244396, 0.329473072729262], [0.22325868938402244, 0.278524556859908, 0.2038836756967237, 0.29433307805934605], [0.21450686116904547, 0.3002661224189258, 0.16473825466647035, 0.32048876174555846], [0.19057985333063926, 0.30198478564992437, 0.1959736568701961, 0.3114617041492404], [0.19064994335283048, 0.3046250327094786, 0.1805124444878044, 0.3242125794498865], [0.1889847183380029, 0.3541719530144454, 0.1773631857154332, 0.2794801429321184], [0.22996962286399086, 0.21925584519066463, 0.18077339733753206, 0.3700011346078123], [0.2386838352060054, 0.2738741783766686, 0.16158749967360894, 0.32585448674371714], [0.1985932978309709, 0.3224908284363687, 0.23892985738646033, 0.23998601634620007], [0.208067960157884, 0.318487969328431, 0.16319398182057984, 0.3102500886931051], [0.2247821741600586, 0.2855867509090016, 0.21353360529599474, 0.2760974696349451], [0.20103112165170475, 0.31146900102926517, 0.1923477826492306, 0.29515209466979964], [0.14542308471528348, 0.3080600985536908, 0.24861152019758476, 0.29790529653344083], [0.21961977230677263, 0.31213933981256525, 0.15257469694621184, 0.3156661909344505], [0.33530270257103817, 0.23689258512016623, 0.16121662694895367, 0.2665880853598418], [0.2241853209982448, 0.2724202163670876, 0.1808207140152067, 0.3225737486194612], [0.1996745348223421, 0.31115178607954447, 0.19943045072133286, 0.28974322837678074], [0.1953428888822865, 0.2609490519742969, 0.19886609485399157, 0.34484196428942515], [0.20170660199319612, 0.2691710015549587, 0.22006240380808337, 0.3090599926437617], [0.2775225487868379, 0.23453797514210106, 0.15101017722820953, 0.3369292988428516], [0.2959787917307876, 0.27781029676928837, 0.1618152488838765, 0.26439566261604763], [0.23995346414519414, 0.3294541844351802, 0.15180279326732848, 0.2787895581522974], [0.222986844074292, 0.28652485991931276, 0.19390784199745922, 0.2965804540089361], [0.2198207658230291, 0.2977365099795458, 0.1763325883535187, 0.3061101358439063], [0.24793483943982, 0.22668161196835615, 0.12530876858871876, 0.40007478000310515], [0.2290077885105811, 0.27865518477972007, 0.24360776369634476, 0.24872926301335418], [0.22629148804351573, 0.2905258241246192, 0.15958630171453256, 0.3235963861173326], [0.19858412381097135, 0.2919574959830113, 0.14949731605079342, 0.3599610641552244], [0.2850979945903907, 0.2786771358263266, 0.19116220628365432, 0.24506266329962842], [0.21295576570239014, 0.29636217113369273, 0.170926243797488, 0.3197558193664293]]}}