{"test": {"ids": ["98120010", "113119360", "100109910", "106119990", "105113260", "104113000", "107113260", "107112840", "108119510", "110120560", "113120640", "110120531", "113120260", "110115120", "104111880", "97105960", "108121160", "99111440", "104113380", "98108520", "113117550", "99108000", "101111210", "107120010", "107114200", "99109740", "112120700", "100109330", "97107040", "104111780", "113118490", "105112260", "97116800", "98106560", "113118820", "112117571", "110118630", "112121010", "101108621", "106119260", "98111670", "110118161", "102109840", "101114990", "103109641", "111121410", "111116010", "103113270", "105113210", "107117010", "109116040", "111116110", "112116290", "97118210", "108113620", "99107300", "110118121", "99120010", "104113210", "102116500", "97112290", "103112641", "109114220", "112118860", "100109980", "103112470", "99107660", "100113210", "101121640", "112116990", "107114621", "112119610", "108119330", "109114270", "113122220", "105115380", "106118520", "112116401", "98107340", "98113881", "110118880", "113122160", "112119500", "103110760", "99107500", "102121440", "112120630", "103110220", "112119980", "97109570", "100109801", "97106770", "112118530", "109115220", "108117360", "99107630", "112117580", "106116441", "104110960", "113120540", "111119430", "112118161", "105115720", "103117200", "98109311", "113119300", "111120591", "106121190", "110118111", "99112300", "112116800", "107120880", "107121230", "107116340", "108115970", "102121700", "113120280", "100108990", "108116120", "110121450", "105118740", "107121640", "102109010", "108120621", "102110850", "102112030", "109114651", "111116170", "102117351", "107115140", "106116640", "104114320", "108114180", "109117110", "98110230", "110117140", "110119300", "108120060", "108121410", "100108520", "109118161", "107116300"], "labels": [2, 0, 2, 0, 3, 1, 0, 1, 1, 0, 0, 0, 3, 0, 3, 2, 2, 3, 1, 2, 3, 2, 2, 1, 2, 3, 2, 0, 2, 3, 1, 3, 0, 1, 0, 3, 1, 2, 0, 1, 1, 0, 2, 3, 1, 0, 1, 2, 3, 1, 0, 3, 0, 2, 3, 3, 3, 2, 3, 1, 1, 3, 3, 3, 1, 1, 3, 0, 2, 0, 0, 0, 0, 3, 1, 1, 2, 0, 0, 3, 0, 3, 2, 1, 0, 2, 3, 2, 0, 0, 0, 3, 1, 3, 1, 2, 0, 0, 2, 3, 3, 0, 1, 0, 1, 1, 1, 2, 1, 0, 0, 1, 0, 3, 2, 1, 0, 2, 1, 3, 1, 1, 1, 1, 3, 2, 3, 0, 1, 0, 3, 2, 1, 1, 3, 3, 1, 1, 0, 2, 0, 0], "predicted_labels": [3, 3, 3, 3, 3, 3, 3, 1, 3, 3, 0, 1, 3, 3, 1, 3, 3, 3, 3, 1, 3, 1, 3, 3, 1, 1, 3, 0, 3, 1, 3, 3, 0, 2, 1, 3, 1, 1, 1, 3, 0, 1, 1, 1, 3, 1, 1, 3, 3, 3, 3, 3, 1, 0, 0, 3, 3, 1, 3, 1, 1, 0, 3, 1, 3, 3, 0, 3, 3, 3, 3, 1, 3, 3, 1, 1, 1, 3, 1, 1, 3, 3, 1, 3, 1, 0, 3, 1, 1, 3, 3, 0, 1, 3, 3, 3, 3, 1, 3, 1, 3, 0, 1, 1, 0, 3, 0, 3, 0, 3, 3, 3, 3, 3, 1, 1, 3, 1, 0, 3, 3, 3, 3, 3, 1, 3, 3, 3, 1, 3, 3, 3, 1, 1, 1, 3, 3, 1, 3, 3, 1, 1], "confidence_scores": [[0.042524784792977, 0.14581398477209112, 0.5263650265016692, 0.2852962039332628], [0.16238062540886797, 0.18051693926971454, 0.07284749849040055, 0.584254936831017], [0.0869249300546116, 0.1044272667702777, 0.5191708758757203, 0.28947692729939], [0.31062806867369813, 0.13530141562020587, 0.2070636881529533, 0.34700682755314244], [0.11839927727150183, 0.32489438992303943, 0.14240765218929405, 0.4142986806161645], [0.21931122214211834, 0.12328281575561285, 0.01700209301794503, 0.6404038690843238], [0.12274646492813587, 0.3455759219014729, 0.10749393930031467, 0.4241836738700767], [0.01219788198594236, 0.8809355814805978, 0.07217390517358939, 0.03469263135987038], [0.13539264966013448, 0.2956555649331657, 0.05846164419814395, 0.5104901412085557], [0.13306098674986694, 0.14677440706541448, 0.29398601228484733, 0.4261785938998715], [0.856340850983146, 0.07280237146508398, 0.004220475618506407, 0.06663630193326374], [0.29719130174438174, 0.45812600331008363, 0.020939584584318348, 0.22374311036121625], [0.1365560985647715, 0.2407694616581039, 0.07032386427116336, 0.552350575505961], [0.1833597287864116, 0.29333511123229133, 0.13994850281735927, 0.3833566571639379], [0.023909695872736142, 0.4715334008618453, 0.1672706342647673, 0.3372862690006515], [0.1807338598284349, 0.22516055997195428, 0.16295887741158607, 0.4311467027880247], [0.035876095053961485, 0.2076476724506204, 0.030089177248077022, 0.7263870552473413], [0.10050426125803703, 0.17608048987287414, 0.016915029408072445, 0.7065002194610163], [0.12969586899112986, 0.15939306487922147, 0.04706232569862078, 0.6638487404310277], [0.15576066824737583, 0.5830864664060459, 0.22253815384035144, 0.03861471150622702], [0.0632258026355867, 0.13728373296662863, 0.08709698973507449, 0.7123934746627106], [0.0439131660555832, 0.5750451850175198, 0.19981534688788113, 0.18122630203901566], [0.08571407659553255, 0.09296782526106251, 0.06783901288683691, 0.7534790852565681], [0.05358487217680929, 0.03859462432703661, 0.09110374353049072, 0.8167167599656634], [0.07918966599078164, 0.5659399588356906, 0.029993313367837143, 0.32487706180569065], [0.09805263247507205, 0.3285246385805219, 0.33880906712144054, 0.23461366182296547], [0.021454037686979913, 0.26209153894281484, 0.03142880185398075, 0.6850256215162244], [0.4188632676012945, 0.22148472894300764, 0.09629553947804832, 0.2633564639776496], [0.08738747479374676, 0.1369853005281726, 0.5529802623610914, 0.2226469623169889], [0.17803428908267951, 0.5730049986869691, 0.05679281803133977, 0.19216789419901098], [0.04554147494111846, 0.063174762859593, 0.020638918441520014, 0.8706448437577686], [0.04019232696446508, 0.44628176896187777, 0.06792627781367325, 0.44559962625998395], [0.6635694471592011, 0.18358844757342066, 0.06503357187641308, 0.08780853339096535], [0.07221222542437239, 0.1744475503583199, 0.5926456226419573, 0.16069460157535048], [0.24923138560566283, 0.6195831346704175, 0.027303052228619482, 0.10388242749530029], [0.0415353492755187, 0.41686930976110687, 0.06738962017085769, 0.4742057207925169], [0.058604030393988385, 0.41638886576939566, 0.25176263855022113, 0.2732444652863948], [0.07846805297084626, 0.30474113989692053, 0.4414724040704966, 0.17531840306173616], [0.34162165886844376, 0.49495355135514857, 0.05709805854576143, 0.10632673123064612], [0.21715193761439014, 0.013704701607990472, 0.19176643891492334, 0.577376921862696], [0.330956558829431, 0.24548969402992393, 0.18209863114104693, 0.2414551159995981], [0.2048903106764213, 0.4117243746284219, 0.06503175809219149, 0.31835355660296527], [0.16651505199470906, 0.38807335390104875, 0.327216249457644, 0.11819534464659821], [0.15842834146964208, 0.45147174721099254, 0.22456152254247133, 0.16553838877689397], [0.08032174093593275, 0.22372033348482526, 0.29543263654328045, 0.40052528903596113], [0.19483528537284814, 0.6003445490346759, 0.041018399508213864, 0.16380176608426236], [0.07879929782719941, 0.43662536938471136, 0.2745578435911442, 0.21001748919694493], [0.056594393996758426, 0.18878635121937912, 0.4353339661433269, 0.3192852886405355], [0.35864296566659654, 0.1572553752579415, 0.050537158526636386, 0.43356450054882567], [0.1597473847288759, 0.33113020864163173, 0.19719487309483222, 0.3119275335346601], [0.0835798882276834, 0.2851818203818577, 0.06344145189945226, 0.5677968394910068], [0.10829259135695117, 0.07223940942832449, 0.18169710514542758, 0.6377708940692967], [0.05931827315215383, 0.6271921057780744, 0.15274660324242245, 0.16074301782734945], [0.33771857473499883, 0.09905023728498501, 0.3839103390119652, 0.17932084896805095], [0.45245981439915595, 0.37364113805800997, 0.01211638160386184, 0.1617826659389726], [0.3281448123680807, 0.05160677297402804, 0.00961145656824359, 0.6106369580896476], [0.03635508199012924, 0.4636834236703703, 0.05306277362280813, 0.4468987207166924], [0.22793694824125776, 0.4190262235672495, 0.14748653775971074, 0.20555029043178208], [0.2525315920778969, 0.08620635577370088, 0.07770456704414164, 0.5835574851042605], [0.10526907707780503, 0.49995901422782846, 0.21724051947260206, 0.17753138922176448], [0.11059636009878002, 0.42287863302226864, 0.15647410733193234, 0.3100508995470191], [0.6201566751737578, 0.17130639533988112, 0.02889824795995348, 0.17963868152640788], [0.2889532306291866, 0.14023372513735569, 0.039076446272305, 0.5317365979611531], [0.1265487169023121, 0.3291130873991927, 0.2748503267836447, 0.26948786891485077], [0.1558144196020278, 0.09772882514922034, 0.13689196549997898, 0.6095647897487729], [0.24005754661766746, 0.2210275438802451, 0.2845406749929247, 0.25437423450916263], [0.585501230921634, 0.10387149304246766, 0.03460055534825955, 0.2760267206876388], [0.134626240187034, 0.2391893560338505, 0.08857599072852994, 0.5376084130505855], [0.1231431940011882, 0.3295281388333643, 0.08787295234294765, 0.4594557148225001], [0.13130391060701874, 0.05717917435073149, 0.1339543466270086, 0.6775625684152413], [0.3396250441807618, 0.01279999228794618, 0.001473949659184427, 0.6461010138721079], [0.017511423643179515, 0.6690966531245568, 0.23042520715786002, 0.08296671607440359], [0.16131155950892612, 0.32657767186400466, 0.059017101541615734, 0.4530936670854536], [0.06314286219446286, 0.030135527883997454, 0.0019150298870288039, 0.9048065800345111], [0.16973036600183602, 0.4865130936198631, 0.07607570128766311, 0.26768083909063783], [0.04133464700524773, 0.36589019482427554, 0.35466296669126235, 0.23811219147921453], [0.0777525656622761, 0.3124776912212523, 0.4438625862602449, 0.16590715685622676], [0.3990735330714215, 0.03333646713240097, 0.009215101613844744, 0.558374898182333], [0.05491740061538194, 0.37714294541467636, 0.48708097130230055, 0.08085868266764132], [0.09806195687806712, 0.5114044356466262, 0.2129191143183669, 0.17761449315693945], [0.13009555196245315, 0.3723564960526526, 0.010206137052849647, 0.48734181493204454], [0.045918136082863346, 0.2714803087241223, 0.09741772787314625, 0.5851838273198685], [0.07464923788189916, 0.3730666346450672, 0.48845640468502577, 0.06382772278800768], [0.11696256307764633, 0.08930868288347041, 0.03967470010055983, 0.7540540539383235], [0.13872662828337357, 0.6866552849273162, 0.04775137909645245, 0.12686670769285752], [0.3932529042978471, 0.22730950431618177, 0.2735206031836549, 0.10591698820231607], [0.39311056476508677, 0.12159094568040062, 0.012919534240928274, 0.4723789553135844], [0.07961488281293755, 0.4742763972641188, 0.24966150978414844, 0.1964472101387954], [0.1156722846124656, 0.782666206926063, 0.04350533691677861, 0.05815617154469267], [0.4177907565200585, 0.04515625990802571, 0.15375704652489997, 0.3832959370470161], [0.0833220594619072, 0.18898121138276447, 0.04746138670503308, 0.6802353424502955], [0.2788736420082426, 0.12915321570060934, 0.41292414802788513, 0.17904899426326296], [0.022924130384895408, 0.5429097520875763, 0.28145144302352315, 0.15271467450400486], [0.08819331258438155, 0.29001886482704, 0.06044403796999698, 0.5613437846185816], [0.23600297639165901, 0.2632045109550698, 0.23858886335189333, 0.2622036493013779], [0.26367106096750315, 0.18832174149406014, 0.10484312790040688, 0.44316406963803007], [0.23178039227257696, 0.32164578340251615, 0.047096759199345174, 0.39947706512556136], [0.05696198144125078, 0.5791075262946687, 0.03905721357801294, 0.3248732786860677], [0.04931959934124481, 0.21757124108788584, 0.2540977543346844, 0.4790114052361851], [0.181185539714752, 0.44893490759159577, 0.140605516272196, 0.22927403642145627], [0.02657906616024399, 0.37323065190566934, 0.07776586665083876, 0.5224244152832479], [0.5694167015278473, 0.30796810587386025, 0.026410314346778065, 0.09620487825151407], [0.18535875227282483, 0.4994610367429566, 0.14323674464926228, 0.1719434663349564], [0.19622974474925298, 0.7646457168730665, 0.011857155751498637, 0.027267382626181773], [0.4185509050986239, 0.2857254525146143, 0.11847890749640852, 0.1772447348903534], [0.10345026626691319, 0.45136382201912784, 0.027428247414628886, 0.4177576642993302], [0.8065655277958024, 0.032557839232415904, 0.004146339588581233, 0.15673029338320038], [0.02609285799241442, 0.26600830613191695, 0.4203384161255697, 0.287560419750099], [0.6089977234194314, 0.10025532489355954, 0.07248657771899082, 0.21826037396801817], [0.23702463909568103, 0.06554933823549947, 0.14512967279437336, 0.552296349874446], [0.041025123105309605, 0.45087669801747376, 0.07418213848456218, 0.43391604039265436], [0.02426452277763958, 0.16026755660797148, 0.10412484582945067, 0.7113430747849382], [0.06611234137375853, 0.26510604398620413, 0.16293138791573544, 0.5058502267243015], [0.06989225947136428, 0.22144088618160793, 0.351918033010628, 0.3567488213364], [0.20066440730070947, 0.4403170829392015, 0.120157740686909, 0.23886076907317988], [0.2956580880361386, 0.3029057784965178, 0.17445281672406251, 0.2269833167432809], [0.534117131817325, 0.015392329905852693, 0.0058096465327575975, 0.4446808917440647], [0.2350254956844428, 0.44996562474939533, 0.17372547704428937, 0.1412834025218722], [0.43715165116256904, 0.20715409675303825, 0.10119654064696645, 0.2544977114374262], [0.28925539980183307, 0.28543332562999696, 0.007710385335441441, 0.4176008892327286], [0.09642111064211863, 0.2479476553002679, 0.429136231082752, 0.22649500297486105], [0.07307239944181128, 0.36780538174540656, 0.18091932692918333, 0.3782028918835989], [0.24041429165937006, 0.2183001577070531, 0.3128580444289412, 0.2284275062046359], [0.20617746033204795, 0.23090907630104243, 0.10118252619656444, 0.4617309371703448], [0.05918848480497335, 0.5507489455184519, 0.12361638939922419, 0.26644618027735045], [0.1334504653848069, 0.2581134235158313, 0.4069170339437586, 0.20151907715560294], [0.05283088969661858, 0.4767228649181496, 0.04621194380665709, 0.4242343015785747], [0.3887783146878299, 0.1601828948195889, 0.021223205799737337, 0.4298155846928439], [0.23520841652651395, 0.5134228061918086, 0.023443689925395715, 0.2279250873562818], [0.16391933471877998, 0.02512181709683486, 0.016612086502281416, 0.7943467616821036], [0.24829525841311365, 0.1744800178814404, 0.08544439328434723, 0.4917803304210987], [0.18791979657092564, 0.16498045502963135, 0.46051349092246013, 0.18658625747698307], [0.20629964035473206, 0.37383037681922154, 0.09588287966485004, 0.32398710316119644], [0.05674660112733607, 0.6889809907837888, 0.06784250682335366, 0.18642990126552142], [0.18357118954821242, 0.4730070425879019, 0.10512914960689798, 0.2382926182569878], [0.21683896282568574, 0.26422000452301087, 0.06102725620910686, 0.4579137764421965], [0.1498591239733354, 0.17202965265773434, 0.1963078832760033, 0.481803340092927], [0.36894074612883565, 0.3120459165035815, 0.16837741313204707, 0.15063592423553582], [0.12278381049290536, 0.42229367482625296, 0.023815244723517832, 0.4311072699573239], [0.0807267503185991, 0.03582549829835102, 0.6197954312837696, 0.26365232009928], [0.11119417810694902, 0.7453178164973677, 0.03277731417693711, 0.11071069121874628], [0.0931411343876129, 0.6473123682127105, 0.030707950376558876, 0.22883854702311743]]}, "rewritten": {"ids": ["97105960", "97106770", "97107040", "97109570", "97112290", "97116800", "97118210", "98106560", "98107340", "98108520", "98109311", "98110230", "98111670", "98113881", "98120010", "99107300", "99107500", "99107630", "99107660", "99108000", "99109740", "99111440", "99112300", "99120010", "100108520", "100108990", "100109330", "100109801", "100109910", "100109980", "100113210", "101108621", "101111210", "101114990", "101121640", "102109010", "102109840", "102110850", "102112030", "102116500", "102117351", "102121440", "102121700", "103109641", "103110220", "103110760", "103112470", "103112641", "103113270", "103117200", "104110960", "104111780", "104111880", "104113000", "104113210", "104113380", "104114320", "105112260", "105113210", "105113260", "105115380", "105115720", "105118740", "106116441", "106116640", "106118520", "106119260", "106119990", "106121190", "107112840", "107113260", "107114200", "107114621", "107115140", "107116300", "107116340", "107117010", "107120010", "107120880", "107121230", "107121640", "108113620", "108114180", "108115970", "108116120", "108117360", "108119330", "108119510", "108120060", "108120621", "108121160", "108121410", "109114220", "109114270", "109114651", "109115220", "109116040", "109117110", "109118161", "110115120", "110117140", "110118111", "110118121", "110118161", "110118630", "110118880", "110119300", "110120531", "110120560", "110121450", "111116010", "111116110", "111116170", "111119430", "111120591", "111121410", "112116290", "112116401", "112116800", "112116990", "112117571", "112117580", "112118161", "112118530", "112118860", "112119500", "112119610", "112119980", "112120630", "112120700", "112121010", "113117550", "113118490", "113118820", "113119300", "113119360", "113120260", "113120280", "113120540", "113120640", "113122160", "113122220"], "labels": [2, 3, 2, 0, 1, 0, 2, 1, 0, 2, 1, 3, 1, 3, 2, 3, 0, 2, 3, 2, 3, 3, 0, 2, 2, 2, 0, 0, 2, 1, 0, 0, 2, 3, 2, 1, 2, 3, 2, 1, 1, 2, 1, 1, 2, 1, 1, 3, 2, 0, 2, 3, 3, 1, 3, 1, 2, 3, 3, 3, 1, 1, 1, 0, 3, 2, 1, 0, 2, 1, 0, 2, 0, 0, 0, 3, 1, 1, 1, 0, 1, 3, 1, 2, 1, 1, 0, 1, 1, 1, 2, 0, 3, 3, 3, 3, 0, 1, 0, 0, 3, 1, 3, 0, 1, 0, 1, 0, 0, 3, 1, 3, 0, 3, 1, 0, 0, 0, 0, 0, 3, 0, 0, 1, 3, 2, 0, 0, 3, 2, 2, 3, 1, 0, 1, 0, 3, 0, 3, 0, 3, 1], "predicted_labels": [3, 0, 3, 3, 1, 0, 0, 3, 1, 1, 0, 3, 3, 1, 3, 3, 1, 3, 0, 1, 1, 3, 3, 0, 3, 1, 3, 3, 3, 3, 3, 1, 3, 1, 3, 1, 1, 1, 3, 3, 1, 0, 3, 1, 3, 3, 3, 3, 3, 1, 1, 1, 1, 3, 1, 3, 3, 1, 1, 1, 1, 3, 1, 3, 3, 3, 3, 3, 3, 1, 3, 1, 3, 3, 1, 3, 3, 3, 3, 3, 3, 0, 1, 1, 3, 1, 3, 3, 0, 0, 3, 1, 3, 3, 1, 3, 3, 1, 1, 1, 3, 0, 3, 1, 3, 3, 3, 0, 3, 3, 1, 3, 0, 1, 0, 1, 1, 3, 1, 3, 1, 1, 1, 1, 1, 1, 1, 1, 3, 3, 1, 3, 3, 0, 3, 3, 3, 0, 1, 0, 3, 1], "confidence_scores": [[0.12165591423144526, 0.09326718346121404, 0.10221423440994624, 0.6828626678973948], [0.39541852070448724, 0.13380049179471729, 0.3558019013169489, 0.11497908618384652], [0.10887298899889086, 0.14098751190119438, 0.46715824380080156, 0.282981255299113], [0.19688561712139704, 0.06233834939271249, 0.18812877153381982, 0.5526472619520704], [0.16372899463212476, 0.43311853555594804, 0.0712546899708317, 0.3318977798410955], [0.5082765094564515, 0.25567039818702086, 0.0874123207372844, 0.14864077161924358], [0.3752356455858174, 0.12840213612638154, 0.28475086092497626, 0.21161135736282477], [0.08815424018163102, 0.21205572661680616, 0.46298691288294336, 0.23680312031861953], [0.06392258200561796, 0.5005882386093702, 0.3786543835759646, 0.056834795809047454], [0.06347223117742021, 0.5562627554655893, 0.2321616051198011, 0.14810340823718948], [0.4760217635514585, 0.25621395907162653, 0.08196316485095308, 0.185801112525962], [0.3267436136308666, 0.2645494746975184, 0.062150511620614, 0.34655640005100125], [0.2758268592877592, 0.21767840509390426, 0.083758551908418, 0.42273618370991844], [0.14866625190349292, 0.4417301320012927, 0.2680493348359392, 0.1415542812592753], [0.030470421506424775, 0.1660174997832908, 0.46856782859577295, 0.3349442501145113], [0.27645488959593084, 0.03849505674881499, 0.011000390554180466, 0.6740496631010737], [0.17065613612196415, 0.6649484163470902, 0.03115197643918645, 0.13324347109175966], [0.18146600009695646, 0.2642152330807773, 0.17568933674548198, 0.37862943007678423], [0.6193353073690101, 0.0859841870364163, 0.01131036579391926, 0.28337013980065445], [0.037735297871368215, 0.41664312476381377, 0.441638624084858, 0.10398295327995996], [0.15232738713988342, 0.4174093191401186, 0.2848776863198765, 0.14538560740012157], [0.19031454670392595, 0.159337364997738, 0.049817063225717245, 0.6005310250726189], [0.1660331237661552, 0.1052156864069439, 0.1157749955394602, 0.6129761942874407], [0.3301885318136826, 0.24794621071616219, 0.19455233515866294, 0.22731292231149203], [0.17072046981304329, 0.16364755038177423, 0.25770041622334167, 0.40793156358184124], [0.20867041240000564, 0.49358570163576904, 0.18434251923315476, 0.11340136673107042], [0.35501881799611545, 0.10495820206966329, 0.0748820820395779, 0.4651408978946438], [0.08176006125932193, 0.18121481356414543, 0.05009212467335754, 0.6869330005031752], [0.17470938380516818, 0.14288881930207503, 0.45631898039115526, 0.22608281650160134], [0.1845981903633801, 0.17843133443188905, 0.1755532395162231, 0.4614172356885078], [0.11047447013750444, 0.19795487622389077, 0.2049510408126573, 0.48661961282594735], [0.3204894403599373, 0.5051879394619149, 0.04730982437611702, 0.12701279580203118], [0.04978767489929003, 0.07412834113587041, 0.05991550296796864, 0.8161684809968709], [0.07951318451288793, 0.38783111719037844, 0.4056287725393572, 0.1270269257573768], [0.14669884302299982, 0.3572213746410937, 0.08629522098287037, 0.40978456135303587], [0.2050101494174517, 0.3145759279800184, 0.20734135357805525, 0.2730725690244748], [0.07327449327866663, 0.27105564275075295, 0.4670807926473512, 0.18858907132322947], [0.0778559196838234, 0.35989764481325764, 0.2857978217815777, 0.27644861372134116], [0.16194385169258965, 0.17590143896913346, 0.43239704778767624, 0.22975766155060046], [0.21376813252622962, 0.21885934137094618, 0.37654878812628245, 0.19082373797654162], [0.27047930112116536, 0.49278591325327237, 0.02382937081895396, 0.21290541480660852], [0.4107058988845073, 0.24286537619166806, 0.20154902432981225, 0.1448797005940125], [0.40116580344870423, 0.15084956567644986, 0.05934476960951403, 0.3886398612653316], [0.06492477823468136, 0.4002506091552107, 0.25795021188383555, 0.2768744007262725], [0.10670502503642569, 0.24803005271878778, 0.2378686146574091, 0.4073963075873773], [0.09080030986547324, 0.39180373933417867, 0.09133489275577474, 0.42606105804457334], [0.11184663910969046, 0.20027481494288848, 0.32688254095481367, 0.36099600499260703], [0.37704324510235726, 0.18313949170370433, 0.026587877910475587, 0.4132293852834629], [0.07840894125672379, 0.20738298977229538, 0.2979178158198815, 0.4162902531510992], [0.10470588825780552, 0.8184655513118941, 0.030639351944437253, 0.04618920848586303], [0.046324831478728054, 0.37740750334200307, 0.3016686529849752, 0.2745990121942936], [0.13688642803901896, 0.6115988080788509, 0.06333144749230898, 0.18818331638982075], [0.030508068587147018, 0.6339850138316714, 0.11724538251941377, 0.21826153506176765], [0.20188091074356374, 0.09915060631437045, 0.01965010447262495, 0.679318378469441], [0.1367837677766547, 0.3458812248794409, 0.31342485718085406, 0.20391015016305009], [0.17252320133641766, 0.3114406092231579, 0.08210234123680493, 0.4339338482036196], [0.22751049657932418, 0.20112437858295232, 0.30922097545678284, 0.2621441493809407], [0.04732933185069831, 0.5024222883983311, 0.059017573955980764, 0.39123080579498987], [0.2608689470722022, 0.3929057832911177, 0.07627139697685108, 0.26995387265982895], [0.074490380550472, 0.5665574038857022, 0.16522996714589094, 0.19372224841793456], [0.0509454857180774, 0.3292714346180478, 0.4625089520318816, 0.1572741276319932], [0.20746105972797985, 0.23987427569599437, 0.15520145978434866, 0.39746320479167735], [0.17060856097757815, 0.33680392796084685, 0.35924934088065114, 0.13333817018092398], [0.09665686997817378, 0.42309875999384494, 0.03612758927070537, 0.4441167807572759], [0.10889259442229281, 0.25414135487042383, 0.15799664281296538, 0.47896940789431774], [0.058334045077015326, 0.07313439898088475, 0.570411695419676, 0.2981198605224238], [0.27048180921301584, 0.02402078658862284, 0.1819111768723144, 0.523586227326047], [0.24266705615986678, 0.16282093955187518, 0.19314905367560684, 0.40136295061265137], [0.045143354450692535, 0.1296224074854703, 0.2217780400130914, 0.6034561980507459], [0.16818592419580303, 0.7008609206222842, 0.09000060711204756, 0.04095254806986501], [0.12402283218740341, 0.3417698691286874, 0.06500953379522821, 0.46919776488868103], [0.14121762215532863, 0.6489875372939055, 0.022822380985458246, 0.18697245956530734], [0.3006175777018684, 0.015528480215306825, 0.0014387418927474945, 0.6824152001900771], [0.1321582592688701, 0.011158800861039693, 0.021398687486209874, 0.8352842523838805], [0.18274564475170937, 0.6008394454251222, 0.014263639660302346, 0.20215127016286646], [0.0687877050227867, 0.262331828445018, 0.3169244113544343, 0.3519560551777612], [0.15550017958620854, 0.20569222825766098, 0.17492380266077065, 0.4638837894953601], [0.14364546411408438, 0.17619140942442926, 0.16565700294128471, 0.5145061235202014], [0.025706790951999115, 0.2623396907756982, 0.3433521654774095, 0.36860135279489376], [0.0962127926107201, 0.24207150618082204, 0.10989560160589912, 0.5518200996025587], [0.08874060060806153, 0.3208135653638601, 0.16899666220281573, 0.4214491718252625], [0.5110327669059884, 0.2937431188971408, 0.009760188413362781, 0.185463925783508], [0.17834442723290764, 0.5563482187659022, 0.1044842606304868, 0.1608230933707032], [0.2129484379353489, 0.41500981442009416, 0.12767408390891385, 0.24436766373564314], [0.39135635551825115, 0.1868798404625926, 0.10065450979625805, 0.3211092942228984], [0.30511470362169724, 0.2705151116748182, 0.2727107599168046, 0.15165942478668004], [0.15537993290026011, 0.31992110749840197, 0.047100553897664446, 0.47759840570367323], [0.1751478521066557, 0.37112757980721583, 0.04451983546173423, 0.4092047326243941], [0.5348069710366977, 0.28373422660975106, 0.05575370268329102, 0.12570509967026042], [0.4999141879822287, 0.12633135652793617, 0.0824558881064078, 0.2912985673834272], [0.05093944866110883, 0.306402997575101, 0.04883488554861712, 0.5938226682151732], [0.07344394449930909, 0.5389537355805777, 0.02051846613573798, 0.36708385378437497], [0.350199609225499, 0.13083462989969452, 0.02985671129246618, 0.4891090495823405], [0.1581078923403647, 0.1036150826265351, 0.0035930011906769284, 0.7346840238424228], [0.04560124754206712, 0.49768692084334526, 0.04892622126679477, 0.4077856103477928], [0.0703282995645907, 0.3539094454715043, 0.08179291404625719, 0.49396934091764777], [0.06579602960179255, 0.28862567618601276, 0.07834128138636957, 0.567237012825825], [0.026362090083286847, 0.5257672982760584, 0.06346362521857969, 0.38440698642207505], [0.44712327336814517, 0.40885194476290987, 0.0411802947225756, 0.1028444871463691], [0.20595051249750546, 0.4687757976333017, 0.1325426396647022, 0.19273105020449036], [0.12834717511979282, 0.19731064140846777, 0.027304254703686515, 0.6470379287680528], [0.4468578536284973, 0.18738256561850342, 0.058908895720320084, 0.3068506850326792], [0.17217166493512753, 0.3276513880246846, 0.060083703521291144, 0.44009324351889667], [0.3610388809687392, 0.460786302231225, 0.044065115315859354, 0.13410970148417664], [0.0803656054272604, 0.36778867495030565, 0.1516521404875287, 0.4001935791349053], [0.13387172774686046, 0.37907959539200553, 0.01955858495554149, 0.4674900919055924], [0.15276417863682576, 0.2378531786471024, 0.15290511347503014, 0.4564775292410417], [0.48619406739508503, 0.3021750512376319, 0.02585191343718173, 0.18577896793010149], [0.2432721110377486, 0.20463135044807315, 0.26937353000494274, 0.28272300850923543], [0.36133392530559527, 0.23670277226441508, 0.00808856935519792, 0.39387473307479154], [0.1942678690739976, 0.38628940120251604, 0.1577939063099738, 0.2616488234135127], [0.12191704450541194, 0.09206730620453037, 0.37465984604109626, 0.4113558032489619], [0.5062432812088021, 0.2039848938902398, 0.06589889692428592, 0.2238729279766722], [0.02957257369235984, 0.5197826486040682, 0.06894907978644725, 0.38169569791712415], [0.9590228255762409, 0.010204461143629835, 0.0010787031398126175, 0.02969401014031693], [0.1413195186080245, 0.40402529553085786, 0.10231482481517679, 0.3523403610459412], [0.1028936048361356, 0.5598134483398378, 0.16545139905805145, 0.17184154776597527], [0.23739649509990485, 0.026300194797342497, 0.010694969622170819, 0.725608340480582], [0.11315205292771717, 0.38661718334724887, 0.16088050457365896, 0.33935025915137457], [0.041562065025862585, 0.058723154609352554, 0.045635861172212126, 0.854078919192573], [0.05244893244481781, 0.5841180914852168, 0.03250256186069564, 0.3309304142092696], [0.3254339351032181, 0.4583242246587158, 0.04260464921889121, 0.17363719101917477], [0.19855404184265799, 0.49870960794283664, 0.0868597886181364, 0.2158765615963689], [0.018320175405257474, 0.5093446448315142, 0.26006831591328095, 0.2122668638499473], [0.17451274643681028, 0.4437612731603462, 0.18210099730878077, 0.19962498309406276], [0.06960610277773079, 0.3711644912827149, 0.45816126301766336, 0.10106814292189102], [0.04019924484805839, 0.738698117877012, 0.15179004425646644, 0.06931259301846296], [0.11049214981171196, 0.7698892970004323, 0.062446186369606874, 0.057172366818249144], [0.3778457589799131, 0.24862800697552656, 0.05743864612558118, 0.3160875879189793], [0.05714638206937219, 0.36514022005426083, 0.08153147046309067, 0.49618192741327666], [0.048345182290698084, 0.4525045617210272, 0.3301539319350055, 0.1689963240532694], [0.0639630884253163, 0.09157788126471861, 0.07894003561495773, 0.7655189946950072], [0.036962974576956166, 0.05073110391147921, 0.01968359267076705, 0.8926223288407977], [0.45123578458953134, 0.38966389717595734, 0.03948137902261703, 0.1196189392118943], [0.11262705135085581, 0.24650054031444588, 0.0930052392302686, 0.5478671691044297], [0.08699525141713217, 0.18901967598793287, 0.05630492285175287, 0.6676801497431821], [0.1750174322268481, 0.2753243402064537, 0.07700537180319174, 0.47265285576350624], [0.6510769678749685, 0.01579049717068391, 0.007583509083121257, 0.32554902587122647], [0.08709665947889897, 0.6161799092582908, 0.05954971461478302, 0.23717371664802725], [0.73668983385327, 0.13363030918305954, 0.0059613212725558185, 0.12371853569111498], [0.052839394624635876, 0.34763337695384056, 0.2278720783056392, 0.3716551501158845], [0.23282431157038455, 0.5245813276981015, 0.07959737619072471, 0.1629969845407893]]}}