{"test": {"ids": ["102107961", "109115211", "107120260", "105121370", "108118060", "102110850", "110115140", "113119700", "99108460", "101121640", "110116170", "108114040", "101108500", "98109311", "107121230", "103111110", "98121790", "102116340", "106119260", "101108621", "112119610", "97108520", "100115700", "112116850", "113122160", "106120640", "99109860", "107113360", "102117351", "99108310", "97112830", "107118120", "108115070", "103120290", "113118630", "110118121", "109119591", "105113170", "106111321", "102109010", "107118780", "98110810", "108115570", "110121500", "111115400", "108114670", "103110840", "100108520", "103113101", "111116010", "106115120", "112116501", "107115140", "107121700", "108113740", "109113281", "107120130", "104111380", "106112770", "112117210", "112119950", "111114941", "98116940", "105116860", "105113330", "98111231", "113118810", "99109141", "99107630", "101110150", "112121410", "105113620", "105115900", "111120320", "111120531", "108115970", "103120340", "101111140", "111117120", "112119930", "98108580", "97105960", "103118291", "105120280", "108114360", "98112580", "109114651", "113122430", "102118380", "99109161", "98106680", "98108150", "109113881", "106117650", "100107920", "109115070", "108119330", "105115680", "97112300", "111119340", "109120150", "104117630", "113120751", "111120260", "107119390", "108120700", "99105921", "113120531", "97105451", "111121410", "99107500", "106117770", "107113840", "102112250", "111116090", "107114490", "107114200", "106113260", "111119430", "105119950", "110118810", "97110950", "108120621", "109113931", "108115880", "110118880", "109117080", "97112290", "112118550", "107112840", "112117471", "105110251", "111117480", "97107821", "112121360", "107121640", "99109740", "111116100", "99116500", "107114280", "110117140", "113117550"], "labels": [3, 0, 1, 2, 1, 3, 0, 0, 0, 2, 0, 0, 3, 1, 0, 3, 2, 3, 1, 0, 0, 2, 1, 0, 3, 3, 2, 0, 1, 2, 2, 3, 1, 2, 3, 3, 0, 0, 0, 1, 1, 1, 3, 3, 0, 3, 1, 2, 3, 1, 1, 3, 0, 3, 3, 0, 2, 3, 1, 1, 0, 0, 2, 2, 3, 1, 3, 3, 2, 1, 0, 0, 3, 1, 0, 2, 1, 2, 2, 1, 0, 2, 0, 3, 1, 2, 3, 2, 1, 3, 1, 0, 0, 1, 0, 0, 0, 2, 2, 3, 2, 0, 1, 3, 2, 2, 1, 0, 0, 0, 0, 0, 3, 0, 3, 3, 2, 3, 3, 3, 1, 3, 1, 1, 3, 0, 1, 1, 3, 1, 3, 0, 1, 2, 3, 1, 3, 3, 2, 3, 3, 3], "predicted_labels": [3, 3, 1, 2, 1, 3, 0, 3, 3, 1, 3, 1, 1, 3, 3, 2, 1, 0, 3, 3, 1, 3, 1, 3, 1, 3, 1, 0, 1, 1, 3, 1, 1, 0, 1, 0, 1, 3, 1, 3, 2, 1, 2, 1, 3, 0, 1, 3, 0, 2, 0, 3, 3, 1, 3, 3, 0, 3, 3, 2, 3, 3, 0, 3, 1, 0, 1, 0, 3, 1, 1, 3, 1, 0, 1, 1, 2, 3, 1, 1, 1, 3, 1, 2, 0, 2, 0, 2, 1, 1, 1, 3, 0, 1, 0, 2, 0, 1, 1, 1, 2, 3, 3, 3, 1, 3, 1, 1, 1, 3, 2, 1, 2, 0, 3, 2, 3, 0, 3, 0, 0, 3, 0, 0, 3, 1, 1, 3, 1, 0, 3, 0, 3, 0, 0, 0, 3, 1, 0, 0, 3, 2], "confidence_scores": [[0.1939047461854349, 0.2006790110993535, 0.17317873323541338, 0.43223750947979805], [0.17580034526867655, 0.2021572191355941, 0.18401974288088171, 0.43802269271484756], [0.1584462257180125, 0.5336363886224414, 0.11488930281935049, 0.19302808284019551], [0.19355509564150258, 0.2822564109391434, 0.3147691077491559, 0.20941938567019835], [0.30242177438314116, 0.30497330616706214, 0.15128157543614631, 0.24132334401365046], [0.18565749899791248, 0.2020534080056078, 0.18652478100709804, 0.42576431198938164], [0.40080524700797665, 0.17600564944485161, 0.07412087938646024, 0.3490682241607114], [0.32162026391993614, 0.23564633633036317, 0.09895345241937463, 0.3437799473303262], [0.2984955486037159, 0.13849223691456386, 0.14232482724167242, 0.4206873872400477], [0.24234862173037372, 0.381032431474721, 0.0911636918791845, 0.28545525491572094], [0.10641726400443989, 0.2561780743871544, 0.21602842109367681, 0.4213762405147291], [0.18375820118891223, 0.35585394735547204, 0.13161934996772368, 0.32876850148789216], [0.08367075326936799, 0.786600925004026, 0.05187244423205053, 0.07785587749455561], [0.26640817653054705, 0.3138646389461196, 0.09801375895400899, 0.3217134255693245], [0.18840313030554606, 0.2517208028499478, 0.19368370710636004, 0.3661923597381464], [0.07364595830978694, 0.19487958133241867, 0.5030349395522694, 0.22843952080552493], [0.14238931975727134, 0.29950505142376127, 0.297386107314727, 0.26071952150424044], [0.42975379233021566, 0.1693377261536774, 0.1467558310057242, 0.25415265051038277], [0.17568882662073668, 0.16678596182238178, 0.10542782013455919, 0.5520973914223225], [0.12039255337817241, 0.25086880586306676, 0.2552697028823405, 0.3734689378764203], [0.10190764033942551, 0.35043586282644046, 0.34545480630695, 0.20220169052718379], [0.15382399502315638, 0.2615784963474039, 0.18143142247028138, 0.40316608615915817], [0.19811601568865864, 0.4560770540297873, 0.1304224625685128, 0.2153844677130413], [0.10005323118224635, 0.21674570135627416, 0.2009342738969889, 0.48226679356449065], [0.14188879372237648, 0.4716083368799164, 0.30611869257919755, 0.08038417681850972], [0.0680544684523681, 0.35034840116039573, 0.20857130535252072, 0.3730258250347155], [0.19975779616976294, 0.38753245330602243, 0.1199846250102976, 0.29272512551391705], [0.3989274731193506, 0.21264019214663252, 0.06686084615849112, 0.3215714885755258], [0.2989315710990952, 0.3532759441460092, 0.09621115061571256, 0.2515813341391832], [0.11530018567290383, 0.4232817212631617, 0.24081228550516282, 0.22060580755877165], [0.10550598380683306, 0.2929843279425132, 0.10512407941817135, 0.49638560883248256], [0.1718911185830871, 0.45774475218102767, 0.09061765404835771, 0.27974647518752754], [0.15888853212003815, 0.6632345114824286, 0.0885104295821437, 0.08936652681538956], [0.511337776186971, 0.17003390283340264, 0.15378459453872426, 0.16484372644090217], [0.06357698566572244, 0.4980193068813675, 0.19250034524408163, 0.24590336220882875], [0.4918394547334574, 0.1755569585631285, 0.06038812561186883, 0.27221546109154515], [0.28250299308711524, 0.3900252076735924, 0.09742708490125486, 0.2300447143380375], [0.27125773900295697, 0.22349272153368854, 0.13584413412968194, 0.36940540533367267], [0.10730517612323692, 0.5215896001846554, 0.0987959013691198, 0.27230932232298793], [0.28532502550844846, 0.24565425250084957, 0.14789976341905298, 0.321120958571649], [0.12069085456294917, 0.24345784075652407, 0.34806895134043386, 0.28778235334009294], [0.23147305692615142, 0.29215128279816005, 0.26928158255380047, 0.207094077721888], [0.11457275341188354, 0.32268914295542156, 0.4866636156767681, 0.07607448795592693], [0.3005882886991818, 0.4376292489126605, 0.08108012846263728, 0.1807023339255204], [0.27737323272320175, 0.28280563166924866, 0.11974596712271564, 0.32007516848483397], [0.3117545016885799, 0.29142245656255017, 0.21001002024641321, 0.18681302150245674], [0.23590282983618704, 0.45053629165451187, 0.08648709833344873, 0.22707378017585228], [0.17011524178193554, 0.20429848350957408, 0.18993168042688938, 0.43565459428160097], [0.3982800530147584, 0.3172568075258602, 0.12944644134105485, 0.15501669811832655], [0.133379185659901, 0.2881987023996042, 0.4089165389276784, 0.16950557301281652], [0.4358771851524241, 0.10849314532451856, 0.050108892247169176, 0.4055207772758883], [0.3111033066664579, 0.2277182655589975, 0.1085771951980437, 0.35260123257650094], [0.3272793368684477, 0.13356123157685343, 0.12016753311324643, 0.4189918984414524], [0.1739314785963183, 0.4941722724792023, 0.07144833966715099, 0.2604479092573285], [0.11835613593203675, 0.19361071882529932, 0.2738296914455589, 0.4142034537971051], [0.2199539923407736, 0.2697046530423829, 0.11233420952331764, 0.398007145093526], [0.3926127837578394, 0.3042865148049776, 0.12436882107958906, 0.1787318803575941], [0.11485463148328967, 0.29067720058049273, 0.1446272100601284, 0.44984095787608913], [0.11508044340100798, 0.24164488438153672, 0.23057733203419797, 0.41269734018325727], [0.13826483175081916, 0.2745118241567583, 0.3091399804865452, 0.27808336360587743], [0.2832478245424157, 0.21549725979946419, 0.1383535839993461, 0.36290133165877403], [0.17571617864882702, 0.21609284512408133, 0.20178312993855813, 0.4064078462885336], [0.4212021253960074, 0.17117910303056177, 0.06613958346446726, 0.3414791881089635], [0.3402265914479037, 0.21010998875333745, 0.10543790372619659, 0.3442255160725623], [0.153435401590898, 0.396885625964933, 0.14044365951088, 0.30923531293328915], [0.31370001326013, 0.22514768360327594, 0.16501839743299276, 0.2961339057036013], [0.2342859664209828, 0.37536450529520027, 0.11555555852246639, 0.27479396976135073], [0.41866573843745586, 0.22948599067548575, 0.09121939113192884, 0.2606288797551297], [0.14702022858150085, 0.3435222510861494, 0.0693398933006981, 0.4401176270316516], [0.13482610910047088, 0.544723545536609, 0.09686435247044427, 0.22358599289247588], [0.09198450947976032, 0.6940311894114028, 0.06179101014716109, 0.1521932909616757], [0.32582118381179365, 0.22562434634875703, 0.10821306093078661, 0.34034140890866266], [0.23039887467897835, 0.3870386458816962, 0.16034378009080957, 0.22221869934851582], [0.3872740136328169, 0.3095372880031054, 0.07639063468784128, 0.22679806367623642], [0.21704092028273728, 0.5280621253690323, 0.1779960096162604, 0.0769009447319701], [0.0866667671013577, 0.3979291106909885, 0.1615071193927707, 0.35389700281488307], [0.22911092242142045, 0.18155503695190622, 0.3106746662427511, 0.27865937438392224], [0.311454096176254, 0.2360582981965138, 0.11224453778701989, 0.34024306784021235], [0.1796842015260993, 0.5951528294324366, 0.10967353279833156, 0.11548943624313246], [0.10477853544363823, 0.684234094886855, 0.12035316102478294, 0.0906342086447237], [0.12861094253143285, 0.5303861383911423, 0.11500838282107345, 0.22599453625635124], [0.19021283879717724, 0.22598749734641366, 0.20445629826025324, 0.37934336559615583], [0.11853621050331678, 0.6770844843130168, 0.048310804097715224, 0.1560685010859513], [0.1984520545018597, 0.2519235846651129, 0.28487190322812167, 0.2647524576049058], [0.46593766120129, 0.3282548333304508, 0.07102618624262251, 0.1347813192256366], [0.25778170259976063, 0.20815196975679523, 0.37398420147405365, 0.1600821261693905], [0.45053315402682637, 0.1555303013943706, 0.07250474667643315, 0.3214317979023699], [0.08988246793272187, 0.13736295476823301, 0.616250979035662, 0.15650359826338334], [0.21145781205927316, 0.5447296335971714, 0.11681002343385662, 0.12700253090969874], [0.2910742570365374, 0.29312827948648107, 0.19164265043030246, 0.2241548130466793], [0.07165395917643733, 0.45191082624516155, 0.13066927125262623, 0.3457659433257748], [0.22231605574143254, 0.26178180344903557, 0.17494818753037486, 0.3409539532791571], [0.3138990839732108, 0.2656732499886719, 0.14594148768856735, 0.27448617834955], [0.08517295295006644, 0.6853615522940288, 0.06955252556863707, 0.1599129691872676], [0.6199837567370375, 0.15569542680163384, 0.033111603835135596, 0.19120921262619317], [0.2545752712877569, 0.2050315109779542, 0.38151477239308385, 0.15887844534120518], [0.45642084913020603, 0.18377687966343723, 0.08977023095300364, 0.27003204025335303], [0.09087527642722426, 0.6501886484860769, 0.11755383451169538, 0.14138224057500343], [0.27523902133392475, 0.41541654781307, 0.1099969612011574, 0.1993474696518476], [0.14356081853091535, 0.42915062699334344, 0.1378692057914954, 0.28941934868424574], [0.1943678220225871, 0.1719559556661154, 0.45978592944499164, 0.17389029286630578], [0.13985903707130315, 0.21196275350339086, 0.12751556512309767, 0.5206626443022083], [0.2172760849360476, 0.14710250154932722, 0.10441460840895686, 0.5312068051056682], [0.19378879149926867, 0.23674473583228628, 0.11675098189419862, 0.45271549077424633], [0.07023077945728928, 0.4699320142932246, 0.30986362647125165, 0.1499735797782345], [0.2317617665147848, 0.24990140494572108, 0.09346003592489424, 0.4248767926146], [0.2522460991166986, 0.509026671560556, 0.05944759193932496, 0.17927963738342043], [0.24653565902558452, 0.3643333726597676, 0.18466978875854478, 0.20446117955610318], [0.1015775340305355, 0.6477762405753847, 0.02350521942770845, 0.22714100596637155], [0.1315837484340495, 0.048375596903348125, 0.025712502870322652, 0.7943281517922796], [0.17753130516662408, 0.163542623789614, 0.41256135867041344, 0.2463647123733485], [0.14097844793161937, 0.36719224444358584, 0.148826838234688, 0.343002469390107], [0.18269070789039535, 0.2488473329941926, 0.4108827557137414, 0.15757920340167078], [0.5472053546761951, 0.0987980172482752, 0.2263565092641057, 0.12764011881142412], [0.32710288552159605, 0.13150840586228973, 0.08283373650648095, 0.45855497210963336], [0.119159861559226, 0.202961286888814, 0.5163819709237242, 0.16149688062823597], [0.2890164239476689, 0.2549738342121678, 0.11569994582083083, 0.3403097960193325], [0.41368039757869185, 0.12873098532485225, 0.13562316357621093, 0.32196545352024486], [0.171428998993574, 0.3111546440770922, 0.11727126650028995, 0.40014509042904395], [0.34953256319098175, 0.16683409052924816, 0.19022082847237892, 0.293412517807391], [0.38247222737601516, 0.3117376310631258, 0.06121736061811585, 0.2445727809427433], [0.26466603135602984, 0.253463087017743, 0.16703552543223082, 0.3148353561939965], [0.3721895365703386, 0.3063918023465281, 0.061086792755802116, 0.26033186832733124], [0.5328496270291365, 0.1967610976257934, 0.10482958073023685, 0.16555969461483314], [0.22296067065378358, 0.24605939857363648, 0.0813569312732284, 0.4496229994993514], [0.3006387172815934, 0.3611089676176827, 0.04101252494683246, 0.29723979015389157], [0.24805700626036697, 0.330890433973251, 0.11472519632725024, 0.30632736343913186], [0.1259977994628717, 0.132481105967992, 0.30046489333319504, 0.4410562012359412], [0.25554160313459706, 0.41334035322982315, 0.16272682535279398, 0.1683912182827859], [0.43303590856385243, 0.20647691899406526, 0.18104356444459235, 0.17944360799748982], [0.09552244168226434, 0.21265768745005956, 0.26405200809213814, 0.42776786277553797], [0.40877663839809036, 0.26573800215792054, 0.08628241698122212, 0.23920294246276705], [0.30948391118080176, 0.2590630402140701, 0.06454547212482223, 0.3669075764803061], [0.38681612599196175, 0.24783100668754748, 0.05340392155261825, 0.3119489457678726], [0.42484123041765753, 0.24735676474414098, 0.07405591497556197, 0.2537460898626396], [0.4342457504536445, 0.13673631408928041, 0.24735098277531523, 0.18166695268175995], [0.10766195359465444, 0.3135495380053361, 0.19544073873565504, 0.3833477696643546], [0.1417815914690623, 0.38601774274259204, 0.17895215127639888, 0.2932485145119469], [0.3838070505169503, 0.3018556979382349, 0.18376758892699419, 0.1305696626178206], [0.40889755016432444, 0.2922464197520188, 0.10043826415780424, 0.19841776592585225], [0.1962523963197988, 0.2916492910556606, 0.08247633705131141, 0.42962197557322923], [0.22123325678086767, 0.2985595135412671, 0.32162769882832315, 0.15857953084954213]]}, "rewritten": {"ids": ["97105451", "97105960", "97107821", "97108520", "97110950", "97112290", "97112300", "97112830", "98106680", "98108150", "98108580", "98109311", "98110810", "98111231", "98112580", "98116940", "98121790", "99105921", "99107500", "99107630", "99108310", "99108460", "99109141", "99109161", "99109740", "99109860", "99116500", "100107920", "100108520", "100115700", "101108500", "101108621", "101110150", "101111140", "101121640", "102107961", "102109010", "102110850", "102112250", "102116340", "102117351", "102118380", "103110840", "103111110", "103113101", "103118291", "103120290", "103120340", "104111380", "104117630", "105110251", "105113170", "105113330", "105113620", "105115680", "105115900", "105116860", "105119950", "105120280", "105121370", "106111321", "106112770", "106113260", "106115120", "106117650", "106117770", "106119260", "106120640", "107112840", "107113360", "107113840", "107114200", "107114280", "107114490", "107115140", "107118120", "107118780", "107119390", "107120130", "107120260", "107121230", "107121640", "107121700", "108113740", "108114040", "108114360", "108114670", "108115070", "108115570", "108115880", "108115970", "108118060", "108119330", "108120621", "108120700", "109113281", "109113881", "109113931", "109114651", "109115070", "109115211", "109117080", "109119591", "109120150", "110115140", "110116170", "110117140", "110118121", "110118810", "110118880", "110121500", "111114941", "111115400", "111116010", "111116090", "111116100", "111117120", "111117480", "111119340", "111119430", "111120260", "111120320", "111120531", "111121410", "112116501", "112116850", "112117210", "112117471", "112118550", "112119610", "112119930", "112119950", "112121360", "112121410", "113117550", "113118630", "113118810", "113119700", "113120531", "113120751", "113122160", "113122430"], "labels": [0, 2, 2, 2, 3, 1, 2, 2, 1, 0, 0, 1, 1, 1, 2, 2, 2, 1, 0, 2, 2, 0, 3, 3, 3, 2, 2, 0, 2, 1, 3, 0, 1, 2, 2, 3, 1, 3, 0, 3, 1, 1, 1, 3, 3, 0, 2, 1, 3, 0, 0, 0, 3, 0, 2, 3, 2, 3, 3, 2, 0, 1, 3, 1, 1, 0, 1, 3, 1, 0, 3, 2, 3, 3, 0, 3, 1, 2, 2, 1, 0, 1, 3, 3, 0, 1, 3, 1, 3, 3, 2, 1, 0, 1, 2, 0, 0, 1, 3, 0, 0, 1, 0, 2, 0, 0, 3, 3, 1, 0, 3, 0, 0, 1, 3, 3, 2, 1, 3, 3, 3, 1, 0, 0, 3, 0, 1, 3, 3, 0, 1, 0, 3, 0, 3, 3, 3, 0, 0, 1, 3, 2], "predicted_labels": [1, 3, 0, 1, 0, 1, 3, 3, 1, 3, 2, 3, 3, 0, 3, 3, 2, 1, 3, 3, 0, 3, 1, 3, 1, 1, 1, 0, 3, 1, 1, 1, 1, 3, 3, 3, 1, 0, 0, 3, 3, 2, 0, 1, 2, 1, 0, 3, 1, 3, 3, 2, 0, 0, 3, 3, 0, 3, 2, 1, 1, 1, 1, 0, 3, 1, 3, 3, 1, 0, 3, 3, 3, 2, 0, 1, 3, 3, 3, 1, 1, 0, 1, 3, 1, 1, 0, 1, 1, 3, 3, 1, 1, 0, 3, 1, 3, 1, 1, 3, 3, 1, 0, 2, 1, 1, 3, 0, 0, 3, 3, 3, 3, 3, 1, 1, 3, 1, 0, 1, 0, 1, 0, 3, 1, 3, 3, 1, 1, 1, 1, 1, 3, 3, 1, 1, 3, 3, 1, 0, 3, 1], "confidence_scores": [[0.2772309256396658, 0.34532379532677976, 0.051865772228274765, 0.32557950680527975], [0.09681210371503142, 0.33618334634798863, 0.08646409850875396, 0.48054045142822616], [0.38635480187545124, 0.21144271858752764, 0.06023871169983708, 0.341963767837184], [0.14724047074753926, 0.4916862150551263, 0.08091023214808464, 0.28016308204924983], [0.3727129521915205, 0.32189287162243796, 0.09730899897474496, 0.20808517721129668], [0.23751557890605196, 0.3405122520276703, 0.14795952649356425, 0.2740126425727134], [0.08315917022788324, 0.07890250047493524, 0.03737126890806263, 0.8005670603891188], [0.11587523266408563, 0.3325519724762508, 0.06371531194003922, 0.4878574829196245], [0.2226714945588991, 0.3813803730242918, 0.17800222978198665, 0.21794590263482264], [0.22422912122584077, 0.24807755341213544, 0.20766256152999574, 0.3200307638320282], [0.15085782175502507, 0.3034658733503891, 0.3133447488205923, 0.2323315560739934], [0.1698012452755806, 0.285036381794811, 0.06464602814384292, 0.48051634478576555], [0.14884178062858183, 0.23294786835590128, 0.27985254854314184, 0.33835780247237524], [0.2990673186340113, 0.2328003680796172, 0.2588889897259241, 0.2092433235604476], [0.16795056994836785, 0.2742518071206831, 0.11639875575839574, 0.4413988671725532], [0.22532373967038044, 0.3291765286955779, 0.07034939576251252, 0.37515033587152935], [0.14574410159822337, 0.15370580969852637, 0.39433680975064167, 0.30621327895260864], [0.340557493478183, 0.45839364621533346, 0.04576649421438352, 0.15528236609209992], [0.12550176798358806, 0.29063813679569966, 0.07604415040140437, 0.5078159448193078], [0.10934044887308624, 0.18415347615983257, 0.058552488136486065, 0.6479535868305951], [0.32620616084318266, 0.27827451922775204, 0.08040848311345675, 0.31511083681560864], [0.05817771483888341, 0.22605722241032541, 0.13796070767867727, 0.5778043550721138], [0.21984044225959984, 0.4496536597120935, 0.10061700435351983, 0.22988889367478693], [0.10920329029331788, 0.12323692707635109, 0.2158820341305811, 0.55167774849975], [0.16179806056595059, 0.4354670499855376, 0.13801375724884557, 0.2647211321996663], [0.1363272810009368, 0.5009417395644177, 0.12772347679978, 0.2350075026348656], [0.12108564326070922, 0.47317230556856915, 0.22766211124587038, 0.17807993992485108], [0.6262208240702831, 0.14009899290897146, 0.03479146234992862, 0.19888872067081667], [0.13033384881358803, 0.11019994169206995, 0.15005165062780873, 0.6094145588665334], [0.22361411216935612, 0.3969487713545743, 0.12648498744329228, 0.25295212903277725], [0.16535100201398287, 0.5505560474959172, 0.11689844122370055, 0.16719450926639925], [0.1273551327245743, 0.4551677475455022, 0.09522992548392185, 0.32224719424600173], [0.21417533783419723, 0.30488175144636603, 0.2545444714294441, 0.22639843928999254], [0.25515407771687015, 0.08855994726375527, 0.12013264610625274, 0.5361533289131218], [0.1845177482439791, 0.24211216908988448, 0.15389363992432017, 0.41947644274181634], [0.21713425571387418, 0.14672114385769097, 0.07583872589540122, 0.5603058745330337], [0.20540644042904013, 0.39705770982941874, 0.196790570774938, 0.2007452789666032], [0.3620785541309191, 0.27483328551270303, 0.10307132309098539, 0.26001683726539254], [0.34642240723448225, 0.1771172862543229, 0.18510372115696092, 0.29135658535423403], [0.15701912592518283, 0.2615716895830104, 0.2244212756853172, 0.35698790880648956], [0.24772228902310542, 0.2851717413475596, 0.14190319593694176, 0.3252027736923933], [0.19535189471496284, 0.25913730537212276, 0.3952724838139048, 0.15023831609900962], [0.3663288793978161, 0.3248371244977339, 0.11988146086868778, 0.18895253523576225], [0.3256423208775031, 0.3266399485676106, 0.08673884857204395, 0.2609788819828423], [0.22852555314388853, 0.2598550987088869, 0.28809899948114487, 0.22352034866607987], [0.17111903062422648, 0.6411482265918494, 0.05091613547902365, 0.13681660730490028], [0.5270710626103404, 0.21466216664749627, 0.1367684571385845, 0.12149831360357878], [0.22998000709195815, 0.12228784309517815, 0.1629546822995878, 0.48477746751327583], [0.093289055284463, 0.5008314024845592, 0.15258335418905852, 0.25329618804191917], [0.2331615351661347, 0.30095635474477583, 0.1045104647885168, 0.3613716453005728], [0.140330832808172, 0.30598270649119813, 0.07032153403108408, 0.48336492666954595], [0.1473891853881944, 0.1903355953100542, 0.3381808683010797, 0.32409435100067163], [0.2890423980999456, 0.2655200939312936, 0.16934549611884106, 0.2760920118499197], [0.48855099181017697, 0.17420580594100207, 0.11031638033462256, 0.2269268219141986], [0.14183617309509364, 0.24614182880572005, 0.09855603885605163, 0.5134659592431347], [0.2506717784490335, 0.22374677932131887, 0.23572254354456404, 0.28985889868508363], [0.32511966501071016, 0.1953026464627174, 0.165091289112106, 0.3144863994144665], [0.14772813410228944, 0.2778862133666921, 0.233290136219299, 0.3410955163117195], [0.10218784043100089, 0.3278512954020322, 0.35107425883494037, 0.21888660533202658], [0.1822120555847032, 0.5766734472843671, 0.07804599702627803, 0.16306850010465154], [0.2149199196623549, 0.32250420068195196, 0.16656127129804735, 0.29601460835764587], [0.2771943944467548, 0.4340521270883822, 0.0965974886100548, 0.19215598985480822], [0.18618677515625287, 0.5138024473704993, 0.14789358845516146, 0.1521171890180865], [0.35421005489349777, 0.1945919705518126, 0.11694784316744068, 0.33425013138724896], [0.14568394618892938, 0.3324317696999158, 0.16188145948218866, 0.3600028246289662], [0.34757675214789463, 0.34963761847806357, 0.12207182124281131, 0.18071380813123056], [0.19380393512247776, 0.2227828108774932, 0.09912636014112468, 0.4842868938589044], [0.22221272572978393, 0.10398566669139082, 0.03743301409196699, 0.6363685934868583], [0.1317712254658489, 0.46048815488048755, 0.16431339087534202, 0.2434272287783217], [0.5424445221072082, 0.161349927521513, 0.07448789523690978, 0.22171765513436897], [0.25231225859147716, 0.17409163044024506, 0.19905908183853555, 0.37453702912974235], [0.33243104530289724, 0.19699869164021575, 0.06096350071209353, 0.40960676234479365], [0.31343830831157005, 0.20975991316874554, 0.14924872427901623, 0.3275530542406682], [0.1489846553593661, 0.2767996607040117, 0.41395637124535406, 0.16025931269126817], [0.3705710644314766, 0.14142752908477316, 0.1584019713904171, 0.3295994350933334], [0.17797545115033564, 0.5155254897924038, 0.12375350617302977, 0.18274555288423075], [0.23857297840512973, 0.19591481596496932, 0.076559334248943, 0.488952871380958], [0.14104418346949849, 0.2108110683232743, 0.1727955086760996, 0.47534923953112757], [0.17179501162065652, 0.25091303557721845, 0.18489222239192735, 0.3923997304101978], [0.17273760826209655, 0.4827572737917512, 0.07191611604366052, 0.27258900190249175], [0.17197710288252832, 0.44069966276233874, 0.16142871844446885, 0.22589451591066423], [0.48988494776410546, 0.17195483081095927, 0.14610709240052774, 0.19205312902440766], [0.22702799948582048, 0.4047399917293745, 0.0930734959780879, 0.2751585128067172], [0.2784078896226815, 0.2629851285072377, 0.11039960136955167, 0.3482073805005291], [0.2867060756564239, 0.41259783615545376, 0.08961686413233533, 0.21107922405578716], [0.2122986370322498, 0.5297432680294343, 0.07624439010915743, 0.18171370482915852], [0.39218549375393824, 0.30690559374316, 0.1364323873132979, 0.16447652518960376], [0.19548555896451777, 0.35428671929751143, 0.13220314269224767, 0.31802457904572307], [0.29895233539417937, 0.3881484376051992, 0.09233278754246763, 0.2205664394581538], [0.14918488009030056, 0.19869467460809573, 0.11722277637260224, 0.5348976689290014], [0.25185855002290153, 0.2978179456566227, 0.10358534525443094, 0.34673815906604466], [0.2774999129729559, 0.3246889563848038, 0.11818742517962519, 0.2796237054626154], [0.24587723185806595, 0.32113189503129086, 0.20290515684605298, 0.23008571626459007], [0.46430820414351764, 0.22039852804366947, 0.08251787022161886, 0.232775397591194], [0.2615309679117475, 0.27790269421918246, 0.129995762840799, 0.330570575028271], [0.13390644057003176, 0.5396264485298639, 0.10748125364028234, 0.2189858572598221], [0.29195858215009785, 0.24732162344043282, 0.09281959380639948, 0.3679002006030699], [0.07461365465191655, 0.573801816413275, 0.06715563810020633, 0.28442889083460204], [0.22915919384670047, 0.45257032586157064, 0.07685822548459353, 0.2414122548071354], [0.1982493019899292, 0.18757039032734613, 0.11248085314427814, 0.5016994545384464], [0.2480536733846774, 0.31759367665002325, 0.11000043404623112, 0.32435221591906815], [0.2017040968467741, 0.39798847167422824, 0.08558907834515461, 0.31471835313384305], [0.4103523647879613, 0.25579762798803163, 0.08163887971463316, 0.2522111275093741], [0.19911379267402962, 0.21722084384120827, 0.2966589240979546, 0.28700643938680753], [0.25102017433157897, 0.37762189889010533, 0.08482062318304456, 0.2865373035952712], [0.08303557620276314, 0.4950090144849967, 0.060760419926463693, 0.36119498938577665], [0.16211205924169605, 0.3143060478675877, 0.07428682319662437, 0.44929506969409183], [0.3790750449543573, 0.22213578107510154, 0.08206673923105534, 0.3167224347394858], [0.3807077900717121, 0.16716216902949182, 0.15824189349074663, 0.2938881474080494], [0.12287919151835759, 0.2378619205000718, 0.0630917738295213, 0.5761671141520494], [0.2141806250539265, 0.3410758581405408, 0.07925571075658516, 0.3654878060489476], [0.2926005866422225, 0.27335911807677904, 0.1306732310468767, 0.3033670642341218], [0.20391629949489626, 0.3051854021940417, 0.07561126628008058, 0.41528703203098133], [0.25266971358393625, 0.24246770741499146, 0.15994732438496226, 0.34491525461611], [0.20029897394849489, 0.35731273766718324, 0.08727192734102025, 0.35511636104330174], [0.3541743150463649, 0.36082552455774974, 0.09252157611911471, 0.19247858427677073], [0.13838297969184923, 0.18600133582118494, 0.12701480797243567, 0.5486008765145302], [0.1661331041162394, 0.503197810278298, 0.08506959802180376, 0.24559948758365885], [0.3655933245732269, 0.2778270518968165, 0.1130045647356521, 0.24357505879430463], [0.25663156242117724, 0.42182946780957253, 0.09264832878677637, 0.22889064098247378], [0.46957449358901915, 0.2673049715100365, 0.07834506879835924, 0.18477546610258513], [0.22358187019606832, 0.3568563806227911, 0.09390968914142946, 0.3256520600397112], [0.41231313662398, 0.3382221952874983, 0.061490838914460354, 0.18797382917406147], [0.18247864503414823, 0.13965395828290975, 0.03857836595270719, 0.6392890307302348], [0.2458038379361877, 0.3654217086051683, 0.10547764584732361, 0.2832968076113206], [0.32199132355787485, 0.2659408856695167, 0.0795887118576288, 0.3324790789149797], [0.16770346563818833, 0.25453629898441604, 0.16323902621920908, 0.4145212091581867], [0.16097932531698744, 0.4341100381567217, 0.18444241469358896, 0.2204682218327021], [0.2628155415852442, 0.34153616989890256, 0.206278515459836, 0.18936977305601724], [0.2601383650913746, 0.321891290524358, 0.10721358167855054, 0.31075676270571684], [0.17743146005717855, 0.4656007737219499, 0.14743824449861417, 0.20952952172225725], [0.19486491863955208, 0.3868424255956315, 0.08258824930498664, 0.33570440645982996], [0.13586251355921672, 0.2616683787365123, 0.21947348461752322, 0.3829956230867478], [0.12714407058122332, 0.26472140818694245, 0.09769300549265177, 0.5104415157391824], [0.1468958389948265, 0.38708139367694605, 0.16889532927982262, 0.29712743804840486], [0.28431634743740897, 0.3132330422333392, 0.14338278136292062, 0.25906782896633124], [0.2576106737441395, 0.27063605957657155, 0.07559317835020977, 0.39616008832907906], [0.11903433410013455, 0.20245086146569208, 0.06328095188093388, 0.6152338525532395], [0.1581527459216641, 0.5868014218378175, 0.0500368043291916, 0.2050090279113269], [0.4180704631739775, 0.2146420566701307, 0.0869420338792652, 0.2803454462766266], [0.1787244310818976, 0.27789241600926173, 0.09853995790690549, 0.44484319500193537], [0.13567516491291992, 0.4515049881915918, 0.09737830901373379, 0.31544153788175455]]}}