{"test": {"ids": ["110118701", "105110091", "99107630", "99114890", "109120150", "110120640", "112121430", "99109740", "106114321", "109117110", "97106770", "98117740", "109121351", "110115710", "113119950", "99108080", "99121440", "103113640", "112118890", "111116040", "111116290", "102121440", "107114621", "110121500", "110121450", "105113190", "100112060", "103109021", "113122220", "106114880", "113121950", "108116070", "103117200", "103111990", "113120640", "111117480", "108120621", "106120640", "101108950", "107118490", "104116980", "108116120", "99116500", "111115620", "104117630", "106119990", "110116170", "103110760", "98108410", "97109570", "100109330", "104114320", "108114220", "111120531", "102118380", "102112250", "113119360", "111117571", "107113260", "104116441", "100113210", "98108580", "103110050", "108117720", "104117200", "99108310", "107113550", "97106000", "110114720", "107114140", "102121700", "113118111", "113119700", "108116501", "100116500", "111119430", "107115250", "106121190", "99108890", "109119450", "108113740", "100113370", "109113931", "105113330", "111116750", "109120621", "101108121", "99117740", "113122120", "106115240", "111114121", "103113610", "99109311", "111120320", "110119300", "112116610", "104113240", "112120270", "100108580", "101111990", "100108080", "103112641", "106119260", "111121930", "111119930", "111118810", "99108010", "98106680", "104116800", "110114950", "103112470", "111121190", "101111140", "107112850", "106115250", "113118870", "112119450", "101112160", "97112300", "108114670", "113120591", "104112470", "97112170", "107121230", "97111790", "111115770", "111120220", "103111830", "97107920", "101110200", "105116860", "97110950", "113121190", "105116980", "112118860", "101114020", "112116401", "102110890", "107115140", "108115500", "97108520", "103111540"], "labels": [3, 0, 2, 2, 2, 0, 2, 3, 2, 1, 3, 2, 0, 2, 0, 3, 2, 1, 3, 0, 2, 2, 0, 3, 3, 3, 2, 0, 1, 0, 3, 1, 0, 2, 0, 1, 1, 3, 2, 2, 1, 1, 2, 1, 0, 0, 0, 1, 1, 0, 0, 2, 3, 0, 1, 0, 0, 3, 0, 1, 0, 0, 3, 1, 3, 2, 0, 0, 3, 2, 1, 1, 0, 0, 2, 3, 2, 2, 0, 3, 3, 3, 1, 3, 3, 1, 0, 2, 1, 1, 0, 2, 1, 1, 1, 1, 2, 0, 0, 2, 0, 3, 1, 1, 1, 0, 2, 1, 1, 0, 1, 1, 2, 1, 2, 0, 3, 3, 2, 3, 0, 1, 0, 0, 2, 3, 3, 3, 0, 2, 2, 3, 1, 0, 3, 3, 0, 0, 0, 3, 2, 1], "predicted_labels": [3, 1, 3, 1, 3, 3, 2, 1, 0, 1, 1, 3, 0, 3, 3, 3, 3, 3, 0, 3, 3, 3, 3, 1, 1, 3, 3, 0, 0, 1, 0, 3, 1, 3, 3, 3, 1, 1, 2, 3, 3, 0, 3, 3, 3, 3, 1, 3, 3, 3, 3, 3, 1, 1, 1, 3, 3, 1, 3, 1, 3, 3, 1, 3, 0, 1, 3, 3, 1, 3, 3, 3, 1, 3, 3, 3, 3, 0, 3, 2, 3, 3, 1, 2, 3, 3, 0, 0, 3, 0, 1, 1, 1, 1, 3, 3, 1, 1, 1, 3, 3, 0, 2, 3, 1, 1, 1, 3, 3, 3, 0, 0, 0, 0, 0, 1, 1, 1, 3, 3, 1, 1, 1, 3, 0, 3, 0, 3, 3, 3, 3, 3, 3, 1, 3, 1, 3, 0, 3, 1, 2, 1], "confidence_scores": [[0.14229680661676666, 0.301563001536985, 0.13356450448656917, 0.4225756873596792], [0.23828541874001055, 0.39050364050844655, 0.1351400785021362, 0.23607086224940677], [0.1853868427722396, 0.31476319499947025, 0.18086186134709206, 0.318988100881198], [0.21714986836905376, 0.3089691063562888, 0.1987688171359493, 0.2751122081387082], [0.24877192913591484, 0.24017098206475632, 0.19752307839143782, 0.31353401040789103], [0.16713413407834826, 0.24118896894893205, 0.235904273854757, 0.3557726231179629], [0.15255208264914147, 0.15438194448716264, 0.45612805208207235, 0.23693792078162357], [0.15821113344072235, 0.40406869783964644, 0.1499227285067575, 0.28779744021287357], [0.3066054278291343, 0.26947297152166644, 0.22980433446899767, 0.19411726618020161], [0.22239681898475566, 0.46379246154868964, 0.11292282862743068, 0.2008878908391241], [0.17807463633690562, 0.3595573442596554, 0.17388832593889333, 0.28847969346454566], [0.19143893663854597, 0.30004921904755233, 0.12024183529951203, 0.38827000901438957], [0.32930422886985417, 0.23616459766081707, 0.18773713431718098, 0.2467940391521477], [0.08485024713954185, 0.3152945010923132, 0.2723429793695373, 0.3275122723986076], [0.3138279559568854, 0.14368331646342886, 0.11688319534039657, 0.4256055322392892], [0.2212967136429838, 0.2943570079196807, 0.14221432751702504, 0.3421319509203104], [0.20038095129356764, 0.20444703572998993, 0.14006361057535535, 0.4551084024010871], [0.16969381097865055, 0.29606361227371775, 0.10671909575735505, 0.4275234809902765], [0.31741264997246604, 0.2616392886227937, 0.174684732021662, 0.24626332938307832], [0.30461449493692266, 0.2344144211199975, 0.11149485154278002, 0.34947623240029985], [0.24055778015016238, 0.21200148337751773, 0.09405716029066025, 0.4533835761816597], [0.2587257603129075, 0.1946951907379708, 0.15414996554333912, 0.39242908340578264], [0.2718768330602642, 0.2837324485244417, 0.12725094809499723, 0.317139770320297], [0.30062403746647437, 0.34912432969977325, 0.1155956976392608, 0.23465593519449135], [0.08936468503197201, 0.48154528173053207, 0.05525774013667164, 0.3738322931008244], [0.11834788401618866, 0.2503372519978849, 0.24808565098714316, 0.38322921299878326], [0.18862235221358895, 0.2854560872959415, 0.13092127837037137, 0.39500028212009825], [0.31653927534156495, 0.24752059638655538, 0.21320021691190202, 0.2227399113599775], [0.4348704045105681, 0.16430851545526257, 0.12625554077730458, 0.27456553925686483], [0.17867325328598263, 0.3959642047473055, 0.21167798077626368, 0.21368456119044832], [0.45332630932749063, 0.2034046219055015, 0.11697922638924664, 0.2262898423777611], [0.20263585709549684, 0.2833133773952918, 0.16388814073520788, 0.35016262477400334], [0.2015729563375494, 0.38934964254973026, 0.15436337449786153, 0.254714026614859], [0.22071254961654882, 0.23208899105553746, 0.17313917523152555, 0.37405928409638844], [0.22425301937186434, 0.22823052741916758, 0.10977842186676882, 0.43773803134219935], [0.11283395371697283, 0.297074177503424, 0.22953039104544112, 0.3605614777341622], [0.09718257756084969, 0.5135961258299052, 0.19433787746312764, 0.19488341914611731], [0.13788078149016236, 0.390010641086073, 0.1217371895368669, 0.35037138788689787], [0.27391570121117464, 0.21294626285050822, 0.327121641608185, 0.18601639433013223], [0.2439878337992453, 0.20339922369224392, 0.1648608537456084, 0.3877520887629024], [0.14436959015763137, 0.28339177666328047, 0.14056837689368448, 0.4316702562854037], [0.33232230461121415, 0.2527698439873103, 0.23882857950033473, 0.17607927190114078], [0.17185498222045248, 0.22866102174295777, 0.2739373717105611, 0.3255466243260289], [0.2656305175809288, 0.2845852175678868, 0.15098086354733234, 0.29880340130385225], [0.16243955609744587, 0.2195130443856036, 0.2762917307845548, 0.3417556687323956], [0.1409015456228242, 0.20022695600606322, 0.08408277105642703, 0.5747887273146854], [0.21129908768402597, 0.486438725319301, 0.09822041492995912, 0.20404177206671403], [0.28238909051927885, 0.19673599049691398, 0.2158740233488869, 0.30500089563492033], [0.20770195392336793, 0.24070982904519572, 0.07899354844903116, 0.4725946685824053], [0.3210674544633488, 0.1998395881566755, 0.12101213444936244, 0.3580808229306133], [0.2715253034475035, 0.26343368919930704, 0.1730911673757561, 0.2919498399774334], [0.19939299311918973, 0.24114376362977483, 0.23306798962974629, 0.3263952536212892], [0.15702042444269296, 0.419027045019127, 0.08699165616597435, 0.33696087437220584], [0.21452169257631945, 0.33299067043393604, 0.12332434281314641, 0.3291632941765982], [0.20495459699587787, 0.48279885079555546, 0.15161737129051522, 0.16062918091805145], [0.20157676283449358, 0.23701632237443698, 0.16461801174671764, 0.3967889030443518], [0.16248135394154203, 0.16961667481837087, 0.10962401756420267, 0.5582779536758845], [0.18091948887311535, 0.5212323284249042, 0.08851412554021659, 0.20933405716176387], [0.2067845650441089, 0.2696009229377998, 0.13898193055558664, 0.38463258146250473], [0.22245380422573321, 0.4541339288008777, 0.09440805780126159, 0.22900420917212763], [0.11674437439119861, 0.1568237960222106, 0.07717959767207551, 0.6492522319145153], [0.12009666115401026, 0.339792986171178, 0.07232726349346207, 0.4677830891813496], [0.18980140876316856, 0.3634125184130822, 0.14032980160356126, 0.30645627122018815], [0.22729394304319855, 0.27938764753124457, 0.15135054872686218, 0.34196786069869484], [0.31758640920705117, 0.21777430601899267, 0.17020859875397065, 0.2944306860199854], [0.2908530093397721, 0.47771937435389966, 0.09066150105243828, 0.14076611525388993], [0.14780879709222305, 0.23875609365461034, 0.2007049530457107, 0.41273015620745596], [0.1613611006465745, 0.24766932999674332, 0.16423205405863264, 0.42673751529804943], [0.16994189531689724, 0.31175086183994133, 0.22634140487180565, 0.2919658379713559], [0.21282433241821513, 0.23617925209505933, 0.2077146882438563, 0.34328172724286926], [0.1586134254484044, 0.2826630561659261, 0.1437148573562957, 0.4150086610293739], [0.3198910216652111, 0.21700570722724946, 0.113825142184422, 0.3492781289231172], [0.2836023611969753, 0.3296176124601668, 0.12418822864657193, 0.26259179769628604], [0.1989238446024877, 0.28963876138898453, 0.12135418914721746, 0.3900832048613103], [0.1823832119984757, 0.23518567396080983, 0.2599881393432967, 0.3224429746974179], [0.2984080920352698, 0.23733968415816073, 0.11263555038961526, 0.35161667341695413], [0.16554659216948567, 0.2612068605720902, 0.18383450974152402, 0.3894120375169002], [0.32098027758215614, 0.27884060650406955, 0.20210649993875904, 0.19807261597501535], [0.17755625067999375, 0.3050620169675739, 0.19011797619037485, 0.32726375616205755], [0.10428047385082087, 0.24839718139701014, 0.36713741147273404, 0.28018493327943494], [0.18048703228144075, 0.22811161790785406, 0.26294246644707736, 0.32845888336362783], [0.1756087985770697, 0.2502560525015593, 0.14494596309942118, 0.4291891858219498], [0.14754497807924646, 0.5289345989293487, 0.16223497981900128, 0.16128544317240337], [0.25464515452258957, 0.22431877856473215, 0.2663901081445503, 0.254645958768128], [0.20075836657881516, 0.23124743435127712, 0.19333096959292506, 0.3746632294769828], [0.17748015316027982, 0.18697527404682077, 0.07297455890293848, 0.5625700138899609], [0.4236671090943876, 0.24590552485708966, 0.10518237074340668, 0.2252449953051162], [0.35450058151538705, 0.2457048779174282, 0.11082764705739309, 0.2889668935097919], [0.1949435583959093, 0.24986011214234136, 0.0976395998970074, 0.4575567295647419], [0.31534267934361776, 0.28755592144510783, 0.13410886342891545, 0.26299253578235904], [0.3253472407323967, 0.4380330300116058, 0.06530463806741842, 0.17131509118857924], [0.1951819188588423, 0.35168998841727844, 0.1823929455464283, 0.27073514717745095], [0.24140688948627653, 0.5746631262332909, 0.06341602531631362, 0.12051395896411896], [0.15516695144729764, 0.3433271931474105, 0.19230703900003812, 0.3091988164052539], [0.1584345111430304, 0.3194388962410084, 0.10202949336174903, 0.4200970992542121], [0.2021076475631097, 0.30610181215764615, 0.16264178085789482, 0.3291487594213494], [0.07203589083029163, 0.5697804442221516, 0.16455213917621508, 0.19363152577134182], [0.2841055897641327, 0.31694035439219076, 0.1326595992656526, 0.2662944565780239], [0.23587920078725183, 0.3948266508944698, 0.145857923274898, 0.22343622504338043], [0.18286649647602404, 0.24283475554067455, 0.2769228904506041, 0.2973758575326976], [0.18139053503960473, 0.24668834570840295, 0.22278384633663023, 0.34913727291536206], [0.4090915458167413, 0.19075343363923492, 0.1283730482638546, 0.27178197228016915], [0.2616053538025127, 0.17803359585258793, 0.369723291193659, 0.19063775915124048], [0.14349086936388752, 0.36560851064036054, 0.1243303033602617, 0.36657031663549033], [0.15776600191057807, 0.49614387106515695, 0.10716739723018995, 0.23892272979407514], [0.223859331111798, 0.34336751432091156, 0.12578252709895782, 0.3069906274683325], [0.18569188830653185, 0.3743251936320474, 0.17361092563966113, 0.2663719924217595], [0.21418835444537465, 0.2761179926174798, 0.11863383819383583, 0.3910598147433097], [0.2299369927815632, 0.2762674474244472, 0.13974386697316374, 0.3540516928208258], [0.1628771940680077, 0.2692267599042217, 0.07635711673954598, 0.49153892928822474], [0.3581801788925233, 0.21732547930965515, 0.23465551292079748, 0.18983882887702416], [0.5482534339847409, 0.16001237093491594, 0.06937547513794799, 0.22235871994239517], [0.35151351412938303, 0.24064237439617467, 0.119512693578515, 0.2883314178959274], [0.43210963331915075, 0.34942607455413666, 0.09663033755244411, 0.12183395457426843], [0.28156113055114973, 0.21286353539002828, 0.27377141950646294, 0.23180391455235919], [0.13878279169880428, 0.35682608225732215, 0.1923715407615199, 0.31201958528235374], [0.30337545088840523, 0.3504614396707327, 0.06894738705486843, 0.2772157223859938], [0.18182998706001924, 0.38104811525575977, 0.13460234689725167, 0.3025195507869695], [0.1867734042950787, 0.259335852696994, 0.10877538729697607, 0.4451153557109513], [0.20461657103822198, 0.2513614444068239, 0.12655802511492942, 0.41746395944002473], [0.14576979600304468, 0.3573313971738277, 0.24759184406238688, 0.2493069627607407], [0.11028482366183082, 0.45529970169305795, 0.1271844168396476, 0.3072310578054636], [0.32105757250872025, 0.3981651654290998, 0.11963913016224804, 0.16113813189993187], [0.17629953928843822, 0.2650439304550822, 0.20729803394927274, 0.3513584963072069], [0.3990333534523703, 0.25644473260772566, 0.10733835243785719, 0.23718356150204703], [0.2656695959440092, 0.24910443704250554, 0.1385979129416087, 0.3466280540718766], [0.4095062298380718, 0.21818425676103315, 0.14158373987142378, 0.2307257735294715], [0.21231613502396945, 0.22544213455561674, 0.24768661798387828, 0.3145551124365355], [0.2103182378853095, 0.25731682128612715, 0.15464944220164112, 0.3777154986269224], [0.22919373115026886, 0.29179976648435907, 0.1363266208238122, 0.3426798815415599], [0.2344688786677713, 0.28814169133190437, 0.17650591736722607, 0.3008835126330983], [0.233746944357789, 0.29944379661346443, 0.13352337369265435, 0.33328588533609216], [0.17655771858491334, 0.25455872769655985, 0.2550280993914738, 0.31385545432705303], [0.21849424710788717, 0.31813478009428553, 0.16297483203663074, 0.30039614076119664], [0.2691014614219818, 0.20855053043578106, 0.07080657443273153, 0.4515414337095054], [0.22346886094073173, 0.3079891900120847, 0.16254947286265645, 0.30599247618452724], [0.23839429540503262, 0.2131443535319379, 0.10661155825407787, 0.4418497928089518], [0.29822971298652007, 0.28298599969626664, 0.14520601834767047, 0.2735782689695428], [0.15706301046649385, 0.16160574719226697, 0.12000784779807488, 0.5613233945431643], [0.18823497368197187, 0.43400707804619865, 0.11828284596047021, 0.25947510231135934], [0.13554001511129854, 0.2429716326875003, 0.39541186261802486, 0.2260764895831763], [0.16846701472593115, 0.38772301344942617, 0.09899182149495499, 0.34481815032968777]]}, "rewritten": {"ids": ["97106000", "97106770", "97107920", "97108520", "97109570", "97110950", "97111790", "97112170", "97112300", "98106680", "98108410", "98108580", "98117740", "99107630", "99108010", "99108080", "99108310", "99108890", "99109311", "99109740", "99114890", "99116500", "99117740", "99121440", "100108080", "100108580", "100109330", "100112060", "100113210", "100113370", "100116500", "101108121", "101108950", "101110200", "101111140", "101111990", "101112160", "101114020", "102110890", "102112250", "102118380", "102121440", "102121700", "103109021", "103110050", "103110760", "103111540", "103111830", "103111990", "103112470", "103112641", "103113610", "103113640", "103117200", "104112470", "104113240", "104114320", "104116441", "104116800", "104116980", "104117200", "104117630", "105110091", "105113190", "105113330", "105116860", "105116980", "106114321", "106114880", "106115240", "106115250", "106119260", "106119990", "106120640", "106121190", "107112850", "107113260", "107113550", "107114140", "107114621", "107115140", "107115250", "107118490", "107121230", "108113740", "108114220", "108114670", "108115500", "108116070", "108116120", "108116501", "108117720", "108120621", "109113931", "109117110", "109119450", "109120150", "109120621", "109121351", "110114720", "110114950", "110115710", "110116170", "110118701", "110119300", "110120640", "110121450", "110121500", "111114121", "111115620", "111115770", "111116040", "111116290", "111116750", "111117480", "111117571", "111118810", "111119430", "111119930", "111120220", "111120320", "111120531", "111121190", "111121930", "112116401", "112116610", "112118860", "112118890", "112119450", "112120270", "112121430", "113118111", "113118870", "113119360", "113119700", "113119950", "113120591", "113120640", "113121190", "113121950", "113122120", "113122220"], "labels": [0, 3, 0, 2, 0, 3, 2, 0, 2, 1, 1, 0, 2, 2, 2, 3, 2, 0, 1, 3, 2, 2, 2, 2, 0, 0, 0, 2, 0, 3, 2, 0, 2, 2, 2, 2, 3, 3, 0, 0, 1, 2, 1, 0, 3, 1, 1, 3, 2, 1, 3, 2, 1, 0, 1, 2, 2, 1, 1, 1, 3, 0, 0, 3, 3, 2, 0, 2, 0, 1, 2, 1, 0, 3, 2, 1, 0, 0, 2, 0, 0, 2, 2, 0, 3, 3, 3, 3, 1, 1, 0, 1, 1, 1, 1, 3, 2, 1, 0, 3, 0, 2, 0, 3, 1, 0, 3, 3, 0, 1, 3, 0, 2, 3, 1, 3, 0, 3, 1, 3, 1, 0, 1, 1, 0, 1, 3, 3, 3, 0, 2, 1, 0, 0, 0, 0, 0, 0, 1, 3, 1, 1], "predicted_labels": [3, 2, 0, 3, 0, 3, 0, 0, 3, 0, 3, 3, 0, 3, 0, 2, 3, 0, 1, 2, 2, 2, 3, 0, 1, 1, 0, 1, 1, 1, 2, 0, 3, 2, 3, 3, 3, 2, 0, 1, 1, 0, 3, 0, 1, 3, 0, 0, 0, 3, 0, 3, 0, 1, 3, 0, 3, 1, 1, 3, 0, 3, 1, 1, 0, 3, 3, 0, 1, 3, 0, 0, 3, 0, 0, 2, 3, 3, 3, 3, 3, 3, 0, 0, 3, 0, 2, 0, 1, 0, 0, 0, 2, 2, 1, 3, 3, 0, 0, 3, 3, 0, 0, 0, 3, 3, 1, 0, 0, 3, 1, 3, 1, 0, 0, 0, 0, 3, 0, 0, 1, 0, 0, 3, 3, 1, 2, 1, 0, 0, 2, 0, 0, 3, 0, 0, 1, 0, 0, 0, 0, 0], "confidence_scores": [[0.16890747040533852, 0.18570049870508165, 0.19857551297420448, 0.44681651791537547], [0.2829468427965683, 0.233211306550187, 0.2885937938585253, 0.19524805679471927], [0.39128669030065816, 0.22706294170760616, 0.10418832677421881, 0.27746204121751694], [0.2520108504473031, 0.21400015088012558, 0.15814107037523162, 0.3758479282973398], [0.3775743268379934, 0.2473698254225624, 0.16965102735009624, 0.20540482038934807], [0.23832809814396516, 0.17983096152505604, 0.13746790864517736, 0.4443730316858013], [0.29577392151469534, 0.2650877829592376, 0.1823153386901211, 0.256822956835946], [0.3540187903743935, 0.23708023685154306, 0.1763461758659376, 0.23255479690812578], [0.24294028260028677, 0.21772208339214538, 0.1606419941823666, 0.37869563982520127], [0.3269840627233414, 0.29207428339782504, 0.16852074004599524, 0.2124209138328384], [0.2896485975574984, 0.21684216509254753, 0.13592162078069212, 0.35758761656926197], [0.32093955775453653, 0.16137061752557175, 0.18379930034729294, 0.33389052437259875], [0.3363203080947196, 0.2494058620040079, 0.11700745228886095, 0.2972663776124116], [0.2439866209482025, 0.28091339319456937, 0.144816080879286, 0.3302839049779421], [0.46901883445123055, 0.21785944764483955, 0.14206768084551416, 0.1710540370584157], [0.29903794791216143, 0.16400644747792992, 0.3205779763361284, 0.21637762827378013], [0.2055381110528077, 0.34312111015191427, 0.10478229946556433, 0.3465584793297137], [0.31351339290522906, 0.2948375663385725, 0.12610739562633555, 0.26554164512986295], [0.21177354587014927, 0.470161786810667, 0.0796534855595502, 0.23841118175963363], [0.19831904994034236, 0.2589197924188252, 0.28360311834145374, 0.2591580392993788], [0.14856397406850794, 0.23628104597749885, 0.3810210754673027, 0.23413390448669055], [0.1839888060045101, 0.2147085771732125, 0.36907261027844857, 0.23223000654382903], [0.2916444579930873, 0.29250231850105496, 0.11890424029105504, 0.29694898321480256], [0.36939287745917393, 0.28579552221625465, 0.11888108513408853, 0.22593051519048282], [0.22204815121521543, 0.32883872266317005, 0.20154051163103012, 0.24757261449058443], [0.26944950241631754, 0.42597548700580357, 0.09516781807517417, 0.20940719250270465], [0.3915951767122875, 0.1442638236891738, 0.29429036103738127, 0.16985063856115717], [0.2839968065869847, 0.3050642975070886, 0.15030713671003912, 0.26063175919588755], [0.2733482623147552, 0.3777774679340946, 0.13293106542657163, 0.2159432043245787], [0.22343206451033368, 0.32978026433241414, 0.1845532948971427, 0.2622343762601096], [0.22533808367484617, 0.24652623724213857, 0.27405543197398846, 0.2540802471090269], [0.3350732008300462, 0.28527685516016354, 0.10698173847381054, 0.27266820553597976], [0.1900568702053258, 0.22082918937669882, 0.1570953429885436, 0.4320185974294318], [0.22508230655854378, 0.18906474101911974, 0.3737851040435326, 0.2120678483788041], [0.258061102434164, 0.20449758148966835, 0.0927809469816837, 0.444660369094484], [0.1538478693583285, 0.24299600098976237, 0.2657742066281412, 0.33738192302376796], [0.34832230972084244, 0.1710173760665989, 0.08843913830123608, 0.3922211759113226], [0.22462945155033423, 0.16432560312215735, 0.36610641570010755, 0.24493852962740104], [0.328785966519911, 0.19867794292618585, 0.24663379158466947, 0.2259022989692335], [0.1993194137977301, 0.298609480630168, 0.2155363606063376, 0.2865347449657643], [0.2277615054753289, 0.31823044734501654, 0.2153095413229129, 0.23869850585674185], [0.3770328161697116, 0.17295342560068835, 0.2034114665271285, 0.24660229170247175], [0.21908583055198932, 0.23552394149228378, 0.20677430324722396, 0.3386159247085029], [0.3915825019793535, 0.21538706271891428, 0.20930018187947166, 0.18373025342226051], [0.2570249079460082, 0.3095487191891924, 0.1845802847039305, 0.24884608816086892], [0.3002799437678723, 0.255849443418571, 0.13935933385579136, 0.3045112789577652], [0.5833404707808373, 0.11470169275424491, 0.08567916805107542, 0.21627866841384244], [0.36820025049377303, 0.19209637427531714, 0.1093497711050855, 0.33035360412582443], [0.3561737916504439, 0.3320248479007643, 0.13060338755236517, 0.18119797289642672], [0.2556592179946397, 0.23490171877358826, 0.09319448027221797, 0.41624458295955424], [0.26258324142940764, 0.23691251039805586, 0.2478796412483508, 0.25262460692418587], [0.25903053659285313, 0.1229316880388107, 0.26122084705007786, 0.3568169283182582], [0.3038986316646972, 0.2619978240456284, 0.16983515229236115, 0.26426839199731317], [0.1496749241024023, 0.5799169917840457, 0.10793955900448524, 0.1624685251090667], [0.2648753478971622, 0.22849679184602095, 0.12159751828011815, 0.38503034197669894], [0.299843319193984, 0.2618538043728034, 0.19642770954519212, 0.2418751668880205], [0.23262824653541953, 0.23771886458770222, 0.186785510109255, 0.3428673787676235], [0.29476762357465336, 0.37531466175761263, 0.10813391618691795, 0.2217837984808162], [0.24131581105828978, 0.2764434892269343, 0.25083580583343995, 0.23140489388133603], [0.2047594718789497, 0.2834319742729644, 0.19930343362650918, 0.31250512022157667], [0.3835858881365509, 0.24729761486396848, 0.12572923241063322, 0.24338726458884768], [0.22775325481607409, 0.2017693113456568, 0.20019312758529886, 0.37028430625297054], [0.22516807359950083, 0.4878330639396676, 0.1130686285050755, 0.17393023395575613], [0.21723306697158354, 0.33988871369158863, 0.1484182193953246, 0.2944599999415032], [0.3979793864547164, 0.16418648578363906, 0.2296306095945847, 0.20820351816705993], [0.2749838069412819, 0.25325690209940577, 0.1859821815662422, 0.28577710939307027], [0.145392900540826, 0.23634766868706045, 0.2584197310230505, 0.35983969974906316], [0.40256523941936084, 0.15427405495392094, 0.23572706001741214, 0.20743364560930602], [0.16299040052255215, 0.4065087832207797, 0.14558579641435593, 0.2849150198423121], [0.24074298177431652, 0.2833219536815034, 0.17610073849647592, 0.2998343260477043], [0.3183497530146748, 0.2872464196953376, 0.14227877855122253, 0.25212504873876496], [0.44319128318483764, 0.20474030583146766, 0.1532802435734321, 0.19878816741026265], [0.3050450907985703, 0.2524484179328972, 0.10458739600137236, 0.3379190952671602], [0.30325115976438854, 0.26315846663142994, 0.24392397095249896, 0.1896664026516827], [0.5403316922169339, 0.2728073308804638, 0.05111764234114265, 0.1357433345614597], [0.23988783860575477, 0.30518606300433654, 0.3241129576621107, 0.13081314072779818], [0.2781582121067251, 0.29525209878737796, 0.11054448084260349, 0.3160452082632935], [0.1878533864235572, 0.3459175924957671, 0.1122560138863481, 0.35397300719432767], [0.25796870453643284, 0.17844258441277353, 0.17902972209707846, 0.3845589889537152], [0.30806913066781894, 0.1904894181410958, 0.10826346879327121, 0.39317798239781404], [0.21099785506382102, 0.26104177675983004, 0.15690650862087083, 0.3710538595554781], [0.23957477126815754, 0.30131173103523967, 0.14945546553222905, 0.3096580321643737], [0.6209877063918195, 0.145756016127185, 0.12447640045014255, 0.10877987703085283], [0.2949801377916164, 0.25132807307847405, 0.24611160154459846, 0.20758018758531108], [0.22520188095696284, 0.24963265444000446, 0.17590061735602766, 0.349264847247005], [0.6598155871911972, 0.16084310956675374, 0.06730629885886424, 0.11203500438318473], [0.23682682470780758, 0.24743956715512538, 0.25834658729566373, 0.25738702084140325], [0.3982354133688854, 0.24662885141750848, 0.15090318806953198, 0.20423254714407438], [0.11202900001407923, 0.5508369867033931, 0.18705603737145884, 0.15007797591106903], [0.6026850289164398, 0.12447272809945452, 0.14925084836561311, 0.12359139461849274], [0.4508033046056811, 0.2240668985903129, 0.09147172409605533, 0.23365807270795075], [0.41066009613859106, 0.19829865539325736, 0.10671435203282595, 0.28432689643532555], [0.2649880052319675, 0.23369926832268542, 0.27529261643795094, 0.22602011000739627], [0.18066496565408638, 0.2829925834433875, 0.29627869006727314, 0.240063760835253], [0.13757201109981923, 0.39403054825787215, 0.20131783747000828, 0.26707960317230034], [0.16671125226093192, 0.20759912867780392, 0.2997147512603757, 0.3259748678008885], [0.2334315497414795, 0.21315105328739367, 0.13328803032511202, 0.42012936664601486], [0.41222385287794255, 0.16103650725995358, 0.07170902105291559, 0.35503061880918846], [0.4813049869036402, 0.24414426712627885, 0.10462586594285617, 0.16992488002722464], [0.2867094719554539, 0.2832480712408353, 0.1369789285295143, 0.29306352827419635], [0.29957173374777174, 0.14269833338248686, 0.18851824054341046, 0.36921169232633094], [0.313454170258692, 0.2670011437615045, 0.1623150481764923, 0.2572296378033112], [0.5005985642206219, 0.20602037421953082, 0.20962050762154705, 0.08376055393830038], [0.38059427931205764, 0.2855431288073653, 0.11656841086352647, 0.21729418101705053], [0.22715697784093444, 0.21121559940023366, 0.23903395275182254, 0.32259347000700933], [0.12194577368935812, 0.15012706679660276, 0.06838411663823961, 0.6595430428757995], [0.11211655778490413, 0.6050383328561021, 0.08542887861325048, 0.19741623074574338], [0.41923366403559853, 0.25209499332059965, 0.11601233749915602, 0.2126590051446459], [0.5505312441596634, 0.08141742545354012, 0.12059353971702753, 0.247457790669769], [0.24049294906386234, 0.29189602403884995, 0.08168984823783329, 0.3859211786594544], [0.2611600585416959, 0.3335589645415882, 0.1454092864261146, 0.25987169049060127], [0.28295832645699404, 0.28879036148127624, 0.07301583187235494, 0.3552354801893748], [0.2901175073831114, 0.39238406055614933, 0.13489054105926865, 0.18260789100147076], [0.35424471905728755, 0.18763218755269204, 0.1685629713818009, 0.2895601220082195], [0.3550782823385367, 0.2664387598009779, 0.1364913092723233, 0.2419916485881623], [0.3404669656328558, 0.21569081980774057, 0.10679204340215645, 0.337050171157247], [0.3899506966122101, 0.21592784432402898, 0.09595848022905673, 0.2981629788347042], [0.2144727062389708, 0.16230203576873525, 0.1425695057256807, 0.4806557522666133], [0.5853260227923597, 0.10716367336097886, 0.11524350607262382, 0.1922667977740376], [0.3788147748583142, 0.23395250870558304, 0.12355196585189486, 0.2636807505842079], [0.29839631990345317, 0.3598714572379417, 0.11200624247224024, 0.22972598038636505], [0.3796827111341658, 0.21373062819403255, 0.09483078811141883, 0.31175587256038284], [0.4826112951336367, 0.21326792199802674, 0.09633460983133166, 0.20778617303700483], [0.20180892398483893, 0.2711594931521369, 0.13809671299007842, 0.38893486987294573], [0.29905731339458724, 0.21963598589074187, 0.11169309772677538, 0.3696136029878955], [0.20325624998007913, 0.3935718017306825, 0.10790393083747275, 0.2952680174517658], [0.170545278115229, 0.18713357360578758, 0.36955806753532766, 0.2727630807436558], [0.24756442429591705, 0.3493315305063959, 0.15043889254960102, 0.2526651526480861], [0.44095050310641287, 0.1509833713127289, 0.13246350506563265, 0.2756026205152255], [0.31604166589450605, 0.28437253321944994, 0.1466996291064225, 0.2528861717796215], [0.13031119545689346, 0.14025863743772457, 0.38406008437002076, 0.34537008273536146], [0.34141022676829214, 0.19212791180354546, 0.21195212055930607, 0.25450974086885625], [0.4996489520913258, 0.21369857634260825, 0.15193520468516697, 0.13471726688089902], [0.3090745614928661, 0.21444126585194495, 0.10758427980827724, 0.36889989284691177], [0.3376692818661917, 0.3081110056597186, 0.11672770044140775, 0.2374920120326818], [0.33545245409241287, 0.22485673201606798, 0.15057954375245963, 0.2891112701390594], [0.21317375528892782, 0.3241209460765219, 0.2514317651718148, 0.21127353346273542], [0.35522217890984586, 0.222991561171508, 0.2012777732229302, 0.22050848669571588], [0.3784470386292123, 0.19664637162824292, 0.08738758735139648, 0.33751900239114835], [0.5811917952557453, 0.09438281719351528, 0.15262235505185712, 0.1718030324988824], [0.3877671165202279, 0.2667374924602123, 0.12949565799706625, 0.21599973302249367], [0.5692909177426732, 0.138440767092073, 0.1015027433879014, 0.19076557177735243]]}}