{"test": {"ids": ["108121160", "108116070", "98116500", "111121410", "101117580", "106117790", "112117580", "111116090", "98108970", "105113620", "103109791", "100113370", "108118060", "104112470", "111117200", "112121351", "103112641", "98109570", "107118490", "98117740", "110121720", "109117730", "102109010", "100109000", "100107920", "105118171", "102111990", "111121220", "111119950", "112118421", "104117630", "102117351", "109116170", "102113210", "110118301", "99109141", "105117431", "110116501", "110120700", "108120700", "106116120", "97116790", "101113210", "112119320", "110114920", "111115770", "100108580", "106114880", "112116290", "113121410", "105113330", "105121190", "107113130", "112116610", "104113000", "106118520", "99107640", "112118810", "104111620", "101116130", "110119030", "111118910", "102121700", "98120530", "113118111", "110115580", "110118111", "99120010", "106116850", "107114280", "97106000", "104116980", "112116401", "107116300", "107114490", "112120640", "99108330", "111121190", "109119340", "100108990", "107114110", "99108580", "111116640", "104116441", "110121500", "113120751", "106119990", "103111540", "110117200", "113121810", "99119830", "103111990", "112118511", "112118890", "97112830", "111119430", "110120640", "110117080", "104119340", "105110091", "97105760", "109119450", "98109090", "100109910", "106115250", "105116441", "103109641", "113122120", "110113591", "111119580", "101109000", "105112260", "100116790", "101112201", "110114651", "112118550", "113119360", "98111670", "97110950", "110115120", "107115140", "98111620", "113120591", "112118530", "99108310", "101110740", "110116290", "107118820", "103120531", "97113260", "108120280", "113120260", "109115220", "100112060", "113118630", "99109780", "108113620", "97113900", "112121410", "98109311", "98116090", "106117650"], "labels": [2, 1, 2, 0, 3, 1, 0, 3, 3, 0, 3, 3, 1, 1, 0, 0, 3, 1, 2, 2, 3, 3, 1, 1, 0, 3, 2, 3, 0, 3, 0, 1, 0, 3, 1, 3, 1, 3, 2, 2, 1, 2, 3, 1, 3, 3, 0, 0, 0, 0, 3, 2, 1, 1, 1, 2, 1, 3, 0, 2, 0, 0, 1, 1, 1, 1, 1, 2, 3, 3, 0, 1, 0, 0, 3, 0, 1, 1, 3, 2, 1, 0, 0, 1, 3, 1, 0, 1, 3, 2, 1, 2, 1, 3, 2, 3, 0, 1, 1, 0, 0, 3, 1, 2, 2, 1, 1, 1, 0, 3, 1, 3, 2, 0, 3, 3, 0, 1, 3, 0, 0, 3, 0, 1, 2, 3, 2, 3, 3, 1, 3, 3, 3, 2, 3, 2, 3, 2, 0, 1, 0, 1], "predicted_labels": [1, 2, 3, 1, 0, 1, 3, 0, 1, 1, 2, 3, 1, 3, 3, 3, 3, 3, 1, 3, 1, 0, 1, 3, 3, 1, 0, 3, 3, 0, 0, 0, 3, 3, 1, 1, 1, 0, 0, 3, 1, 2, 1, 2, 1, 3, 2, 1, 3, 3, 0, 1, 1, 1, 0, 1, 3, 0, 0, 3, 3, 3, 1, 3, 3, 0, 0, 2, 0, 1, 3, 2, 0, 0, 3, 3, 3, 3, 2, 1, 3, 2, 1, 0, 0, 3, 3, 3, 3, 2, 1, 1, 3, 0, 3, 1, 1, 1, 1, 1, 3, 2, 2, 2, 1, 1, 3, 1, 0, 0, 2, 1, 1, 1, 3, 3, 3, 3, 3, 1, 3, 2, 0, 1, 3, 1, 2, 1, 1, 3, 3, 1, 3, 0, 3, 1, 3, 0, 3, 2, 1, 0], "confidence_scores": [[0.2748184557333909, 0.3572500841420102, 0.11884952575026385, 0.24908193437433507], [0.22984898867337214, 0.2892765759225946, 0.2907876423423901, 0.19008679306164322], [0.2668196791004944, 0.23969442389698156, 0.14659435753278743, 0.34689153946973683], [0.3029623287669717, 0.3431470649775914, 0.09063406229031548, 0.2632565439651217], [0.3167229811157605, 0.25924915489577494, 0.08422690482133252, 0.33980095916713204], [0.18786543980376724, 0.3186807745813467, 0.28141233089672607, 0.21204145471816002], [0.24846056348064693, 0.2606712164187941, 0.15036862443167426, 0.3404995956688847], [0.3475102177792074, 0.2220758409258408, 0.0832059259433629, 0.34720801535158885], [0.17738586206160364, 0.4121508319513677, 0.15062803421839305, 0.2598352717686355], [0.21073570715406878, 0.33080236441689237, 0.1891189734817174, 0.26934295494732174], [0.22598750020645547, 0.1884216910860911, 0.31209855657912156, 0.2734922521283319], [0.19263184559259303, 0.271853198509278, 0.19493377191107472, 0.3405811839870541], [0.2746872372296877, 0.3212963913254865, 0.1368741429202529, 0.2671422285245728], [0.16297124121624404, 0.2104929451032951, 0.2514618656278375, 0.37507394805262306], [0.28564444799477645, 0.3112501416971886, 0.08439904658922986, 0.31870636371880495], [0.32583595324697145, 0.23884074083651907, 0.07167403683488163, 0.3636492690816277], [0.20019301502296316, 0.2641647102840293, 0.23907745869302133, 0.2965648159999859], [0.2452057625790433, 0.20901275545654743, 0.12311404423850177, 0.4226674377259077], [0.22596876417322842, 0.3852191364347934, 0.1671344106061865, 0.2216776887857914], [0.15754946951946647, 0.26299618699771277, 0.2850549738356414, 0.2943993696471792], [0.23233167242890995, 0.30019036582157205, 0.22552178154446564, 0.24195618020505238], [0.3499613545290217, 0.2758419230309973, 0.1298902099493978, 0.24430651249058333], [0.2600228955011806, 0.32434541316678833, 0.17002395837915837, 0.2456077329528728], [0.22461442173926197, 0.2312095705733729, 0.22588303013332706, 0.31829297755403824], [0.2758816154107198, 0.24483146850032314, 0.0984538710798874, 0.38083304500906945], [0.28088029550294974, 0.37141808240589885, 0.08217969380342367, 0.26552192828772775], [0.2830802506325623, 0.23670321166003, 0.19533922038315896, 0.28487731732424854], [0.32043126947049794, 0.23817216272726754, 0.08532363081326265, 0.3560729369889718], [0.25483401185584714, 0.29421523522623855, 0.1649837942697966, 0.2859669586481176], [0.28799167937998194, 0.30657370594085315, 0.08807849194546608, 0.31735612273369906], [0.30912690092394496, 0.3215509397388279, 0.11932838127922081, 0.24999377805800627], [0.33634571149302855, 0.26394666151099583, 0.06495869055966659, 0.334748936436309], [0.2290875249917074, 0.2962215091922364, 0.13823832881530487, 0.3364526370007514], [0.18712616579290833, 0.20328487149667399, 0.2876910780545282, 0.32189788465588987], [0.24156168608705966, 0.31240017380251633, 0.15126748502250859, 0.2947706550879155], [0.26229620653995595, 0.33997344150067915, 0.13846153808151845, 0.2592688138778466], [0.18210401106065152, 0.3828703628883836, 0.21104012005290693, 0.2239855059980583], [0.2925992050292856, 0.29166865456358726, 0.12223866627887678, 0.2934934741282501], [0.2686679800335265, 0.2858779106644853, 0.16498780628393017, 0.280466303018058], [0.3111182093904799, 0.2731914743849712, 0.08585022100661281, 0.32984009521793606], [0.18830527854449874, 0.3016623609055325, 0.21663109623843022, 0.2934012643115385], [0.2128515916514834, 0.24183845758887482, 0.3552503296227613, 0.1900596211368804], [0.2520827872267085, 0.3096844997308883, 0.14566412587195737, 0.29256858717044587], [0.10221938354861385, 0.3029271454368284, 0.46905832552449256, 0.12579514549006504], [0.24529303766951516, 0.3535249610290094, 0.14576350922995734, 0.2554184920715184], [0.26717417260184384, 0.278549045572871, 0.11414843294922118, 0.3401283488760641], [0.15591858036726572, 0.19649853985124138, 0.4563598128705778, 0.1912230669109152], [0.22713834989288645, 0.308400495936664, 0.30401510971059575, 0.16044604445985403], [0.2970455616556646, 0.26571630215941655, 0.0973032239052101, 0.3399349122797088], [0.25777617485261234, 0.2520139255490417, 0.05272800729683753, 0.4374818923015086], [0.36308045321859955, 0.20636669376295758, 0.08933763579134572, 0.34121521722709713], [0.1347590556568363, 0.3242407683094871, 0.25834581073529833, 0.28265436529837845], [0.18364077759441844, 0.31176779035247043, 0.33121581781378856, 0.17337561423932227], [0.2821527325129404, 0.3131971702242165, 0.18468076005428524, 0.21996933720855807], [0.329043710449097, 0.21570430911006327, 0.11472455494889253, 0.3405274254919471], [0.28768178687769785, 0.3247583097621213, 0.08978682233678542, 0.2977730810233951], [0.20636605963125876, 0.23355478364176788, 0.17492222387904197, 0.3851569328479313], [0.3093913444889101, 0.31267650848101264, 0.09515398089994273, 0.2827781661301346], [0.30357316856857985, 0.2418364057209864, 0.12767124637527585, 0.3269191793351578], [0.14954597713164086, 0.17453772260674638, 0.3445316906845572, 0.3313846095770557], [0.2812717637642187, 0.2593714180256542, 0.1408542727478361, 0.3185025454622908], [0.23557844171726347, 0.26478090934406356, 0.14466723871737142, 0.35497341022130136], [0.2759061576500871, 0.31908464778960743, 0.14184126209903353, 0.263167932461272], [0.3093232332093617, 0.25153512493072633, 0.07722852320682966, 0.36191311865308234], [0.30223623478983613, 0.23963727849616662, 0.11230608231770992, 0.3458204043962875], [0.30275084881540215, 0.2729573791423265, 0.23694268428339688, 0.1873490877588745], [0.32287080388655, 0.3146150174628252, 0.09957281749949369, 0.2629413611511313], [0.18531597581948883, 0.20651011072527933, 0.3994474284879425, 0.208726484967289], [0.29033139976465305, 0.27138412670592393, 0.1861651912226274, 0.25211928230679576], [0.28096671384425076, 0.31944155270189056, 0.1566609979123551, 0.24293073554150385], [0.14090795592030542, 0.23244738491975048, 0.28965780862326695, 0.33698685053667693], [0.12553811058490524, 0.2977662174784675, 0.3416155272959781, 0.23508014464064922], [0.3908663359651475, 0.22571961301050453, 0.0663770268706296, 0.3170370241537183], [0.28193610223039434, 0.28093299461358995, 0.1863707210096304, 0.2507601821463853], [0.198996018835667, 0.26311446114094394, 0.23466266202338482, 0.3032268580000044], [0.20462541008754243, 0.22444045011832137, 0.27201492456619597, 0.2989192152279403], [0.2037875967857653, 0.2784916747465988, 0.23727483326191023, 0.2804458952057258], [0.2687358218375013, 0.2552576241927623, 0.15600255510126493, 0.32000399886847125], [0.16912292757112726, 0.28168038609154605, 0.30237526796396424, 0.24682141837336244], [0.1490104736873295, 0.3806669484294696, 0.19197790925226735, 0.2783446686309338], [0.2302403254512747, 0.20911630210276907, 0.16681326763558932, 0.3938301048103669], [0.17780336022770588, 0.2553210163108218, 0.38558720053232604, 0.18128842292914654], [0.2301639068396004, 0.3108357988271295, 0.26468396061292704, 0.19431633372034335], [0.3049341088757491, 0.3279460091401294, 0.05985553949279304, 0.3072643424913286], [0.3029433194406323, 0.30066034768992284, 0.09306930259879505, 0.3033270302706495], [0.19902639839689912, 0.2870161957709818, 0.22880526423550798, 0.28515214159661134], [0.23424698864282914, 0.29366929657407614, 0.09458907081917574, 0.37749464396391896], [0.19540105073739256, 0.3015991732738968, 0.19346440085544805, 0.30953537513326246], [0.3015438925514149, 0.2688554977388092, 0.09012204825842782, 0.3394785614513478], [0.09075413601684462, 0.31128787461536916, 0.5100373678502818, 0.08792062151750447], [0.14280530214486126, 0.35646354330732394, 0.23246938492599922, 0.2682617696218158], [0.23086517120074845, 0.3136109518649862, 0.19081924900121092, 0.26470462793305455], [0.27627992866206613, 0.24479644451034044, 0.18437824547779177, 0.2945453813498017], [0.3166902530080778, 0.324678764276191, 0.0755658645317167, 0.28306511818401453], [0.2618438574795631, 0.2563108454092067, 0.18520277671800872, 0.2966425203932215], [0.17899321002051075, 0.3070884812029604, 0.2889922857784479, 0.2249260229980814], [0.2307354614015944, 0.3266750402115612, 0.19705232774351325, 0.24553717064333094], [0.20289057070431207, 0.34652993680539773, 0.15358006905634317, 0.29699942343394703], [0.2703493007311413, 0.3269474259042758, 0.10489667587916965, 0.29780659748541355], [0.2117615194713098, 0.36025009500272326, 0.14288699920277623, 0.28510138632319093], [0.15237881970668377, 0.21454193189313697, 0.3029000553114182, 0.33017919308876087], [0.1372957186507192, 0.22421356581655966, 0.3544800866564542, 0.2840106288762671], [0.13356297347556217, 0.2168216720941239, 0.4642865173355923, 0.18532883709472167], [0.14336760827381365, 0.1709705145192497, 0.5869398366319382, 0.09872204057499866], [0.19748988604089057, 0.3278416624982994, 0.1945286595613045, 0.2801397918995055], [0.22097109445749338, 0.34934986339527585, 0.19353896691714567, 0.23614007523008534], [0.18025499821315538, 0.20228036420287174, 0.21971514433136557, 0.39774949325260717], [0.18283958792288982, 0.3612623226823026, 0.24989623581956452, 0.20600185357524312], [0.3122471331912989, 0.3135339464521682, 0.07397889732078085, 0.30024002303575215], [0.33600372263970457, 0.2583901374938771, 0.1133001544690586, 0.2923059853973597], [0.12308874214890499, 0.23458110488797423, 0.33949771010318713, 0.3028324428599337], [0.24615112186571853, 0.32147367839546964, 0.14778863564623243, 0.2845865640925793], [0.2254343959758133, 0.35883160779732065, 0.18581228172386305, 0.229921714503003], [0.24203655095818818, 0.33363284785941993, 0.12676009253341752, 0.29757050864897455], [0.2780680592784773, 0.2910390344274061, 0.11915590297018294, 0.3117370033239336], [0.270836222250128, 0.28689586059588057, 0.12197972226984444, 0.3202881948841472], [0.27873666278343223, 0.28511009466335097, 0.11919647548966643, 0.31695676706355025], [0.2168623713085602, 0.19596670857743434, 0.22194413335052157, 0.36522678676348375], [0.28711165153298607, 0.267346637607037, 0.14608359232739784, 0.29945811853257925], [0.2645922014757722, 0.3539795541129495, 0.10173214409629909, 0.279696100314979], [0.2738432992179343, 0.16995795807976724, 0.1296775652598131, 0.4265211774424853], [0.1682647711693717, 0.24855111867245977, 0.3949868938604485, 0.18819721629771993], [0.3279947309426213, 0.27116309056448423, 0.06394837904143187, 0.33689379945146253], [0.14164838560468765, 0.37954324871520506, 0.3355363965459507, 0.14327196913415663], [0.2663552795651288, 0.28045883725514564, 0.15837381017075775, 0.2948120730089677], [0.16329293183508384, 0.331401992395841, 0.26190345584905084, 0.24340161992002454], [0.2268108777913871, 0.1797204175708881, 0.3351935688229326, 0.25827513581479233], [0.2564476981436181, 0.28677182512443455, 0.15450138724820683, 0.3022790894837405], [0.251623900929786, 0.3279624302095041, 0.11224516655163834, 0.30816850230907167], [0.1636287916109054, 0.17856995007788304, 0.26641695412818367, 0.3913843041830279], [0.25620788514194304, 0.1689405332347007, 0.18728015987917634, 0.38757142174417974], [0.16884159834387222, 0.3544758259518482, 0.2596224870379071, 0.21706008866637228], [0.28936107840501296, 0.21523985862217462, 0.11047855237345092, 0.3849205105993613], [0.25791916538643367, 0.26425849906837295, 0.21324265326445527, 0.26457968228073836], [0.2632063098559277, 0.24513579872292823, 0.20539098188581847, 0.2862669095353257], [0.17768587490966187, 0.37233165732091655, 0.22242147961493222, 0.2275609881544895], [0.26619100677215574, 0.2916648144418529, 0.1334910533361065, 0.3086531254498848], [0.2581810951105943, 0.2890546192158942, 0.28172017283594775, 0.1710441128375637], [0.24798980472449064, 0.31382793574190737, 0.08521148148562212, 0.35297077804797977], [0.21830682685537106, 0.20507935795346827, 0.35807754717227497, 0.21853626801888573], [0.19583521488041072, 0.3400209469393901, 0.2074675599025983, 0.256676278277601], [0.2547707771105871, 0.26971083747230207, 0.20142367673599065, 0.2740947086811199]]}, "rewritten": {"ids": ["97105760", "97106000", "97110950", "97112830", "97113260", "97113900", "97116790", "98108970", "98109090", "98109311", "98109570", "98111620", "98111670", "98116090", "98116500", "98117740", "98120530", "99107640", "99108310", "99108330", "99108580", "99109141", "99109780", "99119830", "99120010", "100107920", "100108580", "100108990", "100109000", "100109910", "100112060", "100113370", "100116790", "101109000", "101110740", "101112201", "101113210", "101116130", "101117580", "102109010", "102111990", "102113210", "102117351", "102121700", "103109641", "103109791", "103111540", "103111990", "103112641", "103120531", "104111620", "104112470", "104113000", "104116441", "104116980", "104117630", "104119340", "105110091", "105112260", "105113330", "105113620", "105116441", "105117431", "105118171", "105121190", "106114880", "106115250", "106116120", "106116850", "106117650", "106117790", "106118520", "106119990", "107113130", "107114110", "107114280", "107114490", "107115140", "107116300", "107118490", "107118820", "108113620", "108116070", "108118060", "108120280", "108120700", "108121160", "109115220", "109116170", "109117730", "109119340", "109119450", "110113591", "110114651", "110114920", "110115120", "110115580", "110116290", "110116501", "110117080", "110117200", "110118111", "110118301", "110119030", "110120640", "110120700", "110121500", "110121720", "111115770", "111116090", "111116640", "111117200", "111118910", "111119430", "111119580", "111119950", "111121190", "111121220", "111121410", "112116290", "112116401", "112116610", "112117580", "112118421", "112118511", "112118530", "112118550", "112118810", "112118890", "112119320", "112120640", "112121351", "112121410", "113118111", "113118630", "113119360", "113120260", "113120591", "113120751", "113121410", "113121810", "113122120"], "labels": [0, 0, 3, 2, 1, 2, 2, 3, 1, 1, 1, 3, 1, 0, 2, 2, 1, 1, 2, 1, 0, 3, 2, 1, 2, 0, 0, 2, 1, 2, 2, 3, 2, 1, 3, 0, 3, 2, 3, 1, 2, 3, 1, 1, 1, 3, 1, 2, 3, 3, 0, 1, 1, 1, 1, 0, 1, 0, 3, 3, 0, 1, 1, 3, 2, 0, 2, 1, 3, 1, 1, 2, 0, 1, 1, 3, 3, 0, 0, 2, 3, 3, 1, 1, 3, 2, 2, 3, 0, 3, 3, 3, 0, 3, 3, 0, 1, 2, 3, 1, 3, 1, 1, 0, 0, 2, 3, 3, 3, 3, 0, 0, 0, 3, 3, 0, 1, 3, 0, 0, 0, 1, 0, 3, 1, 1, 3, 3, 3, 1, 0, 0, 0, 1, 3, 0, 3, 0, 1, 0, 2, 1], "predicted_labels": [3, 3, 0, 3, 3, 0, 0, 1, 2, 2, 3, 2, 3, 1, 3, 3, 0, 3, 3, 1, 1, 1, 1, 1, 2, 3, 2, 1, 3, 2, 0, 1, 1, 3, 1, 1, 1, 3, 0, 1, 0, 3, 0, 0, 3, 3, 3, 3, 3, 1, 3, 3, 0, 0, 2, 0, 3, 1, 1, 0, 1, 1, 1, 1, 1, 1, 1, 3, 3, 1, 1, 1, 3, 1, 3, 1, 3, 3, 0, 1, 1, 3, 0, 1, 3, 0, 1, 3, 1, 0, 3, 2, 0, 3, 3, 1, 0, 2, 1, 1, 0, 0, 1, 0, 1, 1, 3, 1, 3, 0, 1, 3, 3, 1, 0, 3, 3, 3, 1, 3, 0, 1, 3, 3, 3, 1, 3, 1, 0, 2, 3, 3, 3, 3, 1, 3, 1, 3, 1, 3, 2, 1], "confidence_scores": [[0.18841965502608923, 0.23109663972044997, 0.21366541626175634, 0.36681828899170427], [0.1918075842178563, 0.23170799649158072, 0.22274062201518086, 0.3537437972753819], [0.29763549172223275, 0.2898430322676483, 0.11765605920196844, 0.2948654168081505], [0.24131257780680973, 0.2629375650410868, 0.179798911832006, 0.3159509453200975], [0.17579681344412537, 0.17351964038269566, 0.25254645165990985, 0.3981370945132688], [0.29306655416873695, 0.29241966696701543, 0.2026227968430136, 0.21189098202123452], [0.2626652336874071, 0.25837034933156333, 0.2289666629435745, 0.24999775403745486], [0.20419089985838398, 0.3999982352443259, 0.12113602912965402, 0.27467483576763574], [0.14329493740382854, 0.2514522865947673, 0.40457946158169356, 0.20067331441971073], [0.2466455617588349, 0.216960967380764, 0.2875884674483365, 0.24880500341206468], [0.27561393100352755, 0.22753966339982704, 0.10683894608664483, 0.3900074595100002], [0.1574427667092096, 0.28443559331603196, 0.38194117579083126, 0.17618046418392702], [0.2224331863730813, 0.2129359836343478, 0.21085107050339322, 0.3537797594891779], [0.220183507524833, 0.3299002126288057, 0.15983360928169313, 0.2900826705646682], [0.25549250079926045, 0.29352066626369844, 0.13110135259911293, 0.319885480337928], [0.1889858103723653, 0.2633870504581842, 0.2673383470568387, 0.2802887921126119], [0.3016959553867515, 0.2743363535497662, 0.0988605987203676, 0.3251070923431147], [0.2421798325407344, 0.24225621172681727, 0.13492477087825228, 0.38063918485419596], [0.27300674674604447, 0.2589844829587145, 0.1645409691481152, 0.30346780114712596], [0.24139492356547973, 0.2922781221929389, 0.20233670836819234, 0.2639902458733888], [0.20107917333653919, 0.2877093743815402, 0.3091474287790699, 0.20206402350285085], [0.271532177433343, 0.3138176222371915, 0.12778485938459005, 0.2868653409448754], [0.18122352029331884, 0.3620200970495115, 0.20660212466761965, 0.2501542579895498], [0.16484450453166394, 0.34909680522401487, 0.2053500972961652, 0.28070859294815587], [0.24705102415340752, 0.2262247128677345, 0.27121554237979495, 0.25550872059906327], [0.28161548186963736, 0.2720698593192449, 0.09123710479237858, 0.3550775540187392], [0.1991111397681339, 0.2252352061973835, 0.34131144529200486, 0.23434220874247805], [0.17671379470945592, 0.3411954450064832, 0.19255937470634657, 0.28953138557771424], [0.2351101273519761, 0.24347865515575706, 0.167678638954495, 0.3537325785377725], [0.18549060623335056, 0.1810847256409938, 0.5063273689704635, 0.1270972991551923], [0.27631123361423804, 0.26836224507600265, 0.1841971244038261, 0.2711293969059332], [0.18058687837377718, 0.3281779539511328, 0.18403788548887798, 0.307197282186212], [0.22718648294875915, 0.3849886849556897, 0.16567258538936802, 0.22215224670618317], [0.14938489295028978, 0.2527890092728959, 0.28038544771138524, 0.31744065006542915], [0.19614990610457994, 0.34002458699284094, 0.2277228920123587, 0.23610261489022052], [0.25370119093564153, 0.3275298362183594, 0.11604315545678637, 0.302725817389213], [0.2602818397779905, 0.31414120115687527, 0.13353099164045143, 0.2920459674246831], [0.17182307593806034, 0.17856124838312454, 0.3328152364460587, 0.31680043923275597], [0.31946765712835584, 0.27840068156680264, 0.07284835523038585, 0.32928330607445583], [0.24465714370211303, 0.3876298416609477, 0.14526333992470472, 0.2224496747122346], [0.2994221825959458, 0.25065565771716236, 0.16371652072315265, 0.28620563896373946], [0.19927296951429363, 0.23205010420084016, 0.21393492264696526, 0.35474200363790115], [0.3574981150971577, 0.225362968678701, 0.06529287695742056, 0.3518460392667209], [0.2871338087236757, 0.2947553076023749, 0.14284770638760527, 0.2752631772863446], [0.2850375106562489, 0.2193436331124494, 0.1324055927814853, 0.36321326344981636], [0.23015636132086384, 0.19964116819958563, 0.2684673417005343, 0.30173512877901637], [0.2793776821428966, 0.261271081570585, 0.117369851413385, 0.341981384873133], [0.23637301522128717, 0.2951489724852497, 0.1617660437189639, 0.30671196857449917], [0.2306317111819655, 0.24631688668547358, 0.1876395839614308, 0.33541181817113036], [0.241995164134789, 0.31491473694578753, 0.12926721211586253, 0.3138228868035611], [0.2807184862880397, 0.2627932923858894, 0.13323769084209325, 0.3232505304839779], [0.166623854429225, 0.22137024597839677, 0.24756566744639483, 0.3644402321459834], [0.3184900044828735, 0.23901110663760572, 0.1196994678634503, 0.32279942101607073], [0.308179336962041, 0.3303387854283787, 0.07166843796074783, 0.28981343964883216], [0.16110681117101308, 0.24864806070713802, 0.33370220426294295, 0.2565429238589062], [0.2988804361714613, 0.3046009999448162, 0.12289724767747628, 0.2736213162062463], [0.28567220579639974, 0.30791258113001363, 0.0833531305948683, 0.3230620824787184], [0.2541110880119979, 0.31391436198134903, 0.15066215010357223, 0.28131239990308077], [0.2250795466647522, 0.32564186814422996, 0.17325126195437873, 0.27602732323663914], [0.34297892680193776, 0.22322742769902842, 0.08827822195752695, 0.3455154235415069], [0.20451149023717868, 0.34850841783208597, 0.18146388282367515, 0.2655162091070601], [0.2622599225307363, 0.2898293183858083, 0.18961056414450586, 0.2583001949389495], [0.204543540345497, 0.37949636654436847, 0.18393055085335797, 0.23202954225677705], [0.26798227224713067, 0.36082945166797514, 0.10996935497641784, 0.2612189211084763], [0.15205426528040775, 0.3206647772151674, 0.24186288135214634, 0.28541807615227843], [0.27452225430438226, 0.3611922142951856, 0.11700909925063215, 0.2472764321497999], [0.20964390865608892, 0.3679541877033013, 0.16989968044995712, 0.2525022231906527], [0.1947625316317585, 0.3072818397313663, 0.1851059084902417, 0.3128497201466336], [0.27597538530374793, 0.273395903829705, 0.15880345576955596, 0.2918252550969914], [0.25380714655334813, 0.28493029154692157, 0.1757785531438681, 0.28548400875586205], [0.20316919554578391, 0.300668205775254, 0.24291266385661475, 0.2532499348223474], [0.29211243988153607, 0.3155080816738406, 0.09490331462394426, 0.297476163820679], [0.25412883200435316, 0.2852127214545983, 0.08638746110704752, 0.37427098543400117], [0.22635446547919813, 0.3409960520915721, 0.19740261378955248, 0.23524686863967748], [0.23794282462308264, 0.22066410121035226, 0.145872001685862, 0.3955210724807032], [0.2950768120976205, 0.32339879453146125, 0.10699912480766033, 0.274525268563258], [0.2508353309603072, 0.25351104663631785, 0.18166533224167677, 0.31398829016169794], [0.29354575033183694, 0.1584241276834715, 0.11804871157367357, 0.4299814104110179], [0.2767817406305296, 0.27776611643430094, 0.17492532005774888, 0.27052682287742047], [0.24611034599375392, 0.36930411009085695, 0.14069299370224886, 0.24389255021314013], [0.2574194804399625, 0.29500769835651025, 0.15497051750722432, 0.29260230369630325], [0.2393069067943094, 0.2802853977774751, 0.2001628431817081, 0.28024485224650725], [0.29078489142060965, 0.26860049244795103, 0.18993478998973465, 0.25067982614170486], [0.271301996469204, 0.308151130300871, 0.1367535651515318, 0.2837933080783933], [0.2615522288378125, 0.18291972603961554, 0.1736224769743312, 0.3819055681482411], [0.32530841297447133, 0.26399144236726607, 0.06316583676292425, 0.3475343078953382], [0.2626858958882052, 0.3604306157418401, 0.11297985647240924, 0.26390363189754523], [0.2695032828416208, 0.24334447815828547, 0.13136210497041045, 0.355790134029683], [0.2189405782701603, 0.32397402027129196, 0.14493281920366588, 0.31215258225488196], [0.35990188478493623, 0.2656310493686723, 0.12732623326381243, 0.24714083258257885], [0.21258570011950917, 0.2816169737362795, 0.20606409075759827, 0.299733235386613], [0.1697366369580927, 0.26376847122496766, 0.3144947575977242, 0.25200013421921535], [0.30606927066146045, 0.2913370941251327, 0.08224947940140986, 0.3203441558119971], [0.27497013927649516, 0.28890821498208197, 0.11307880657457692, 0.3230428391668457], [0.265118788028745, 0.25741485324543223, 0.14002696357331426, 0.33743939515250837], [0.26861284606522456, 0.3313450493199477, 0.10244470949547449, 0.297597395119353], [0.27133227626164286, 0.27873940426839633, 0.22580837936667203, 0.22411994010328906], [0.19624018202091503, 0.2135202753556216, 0.3330542792306711, 0.2571852633927923], [0.27681140681540833, 0.3041194648167687, 0.122357155074535, 0.29671197329328775], [0.20289299910824476, 0.3184055937498048, 0.20699806247045907, 0.27170334467149154], [0.29891644642341597, 0.273397105123231, 0.10350383298029994, 0.32418261547305294], [0.30297659605510435, 0.3123853849061698, 0.10927531700221296, 0.2753627020365127], [0.24879752157203106, 0.3478572991473635, 0.11917910986560241, 0.28416606941500294], [0.3103528077272293, 0.2684120102040786, 0.08855536691868693, 0.33267981515000505], [0.20832216996558925, 0.3041486279570925, 0.22646277577427018, 0.2610664263030477], [0.25717241114079625, 0.3118383955367809, 0.16390693841634132, 0.2670822549060813], [0.2721357288207194, 0.2914259330713627, 0.12088566320172583, 0.31555267490619215], [0.2348507120523722, 0.3129058554038153, 0.194978797363708, 0.2572646351801044], [0.26903078494082105, 0.29147781815688306, 0.12969367156119066, 0.309797725341105], [0.3268929278462723, 0.28209953486602163, 0.0661081811604871, 0.3248993561272187], [0.22242479185082598, 0.3190653580038064, 0.2543240680698548, 0.20418578207551283], [0.26976565515099743, 0.27270114178343363, 0.14517089520564957, 0.31236230785991936], [0.2484579988408847, 0.2672055595495828, 0.13174844593042054, 0.35258799567911187], [0.1930466085012464, 0.2982932565316935, 0.2639775492177522, 0.244682585749308], [0.32387209060160055, 0.2624067263601603, 0.12901745742687784, 0.28470372561136115], [0.2685926428434375, 0.2729095430621369, 0.15837949384758315, 0.3001183202468426], [0.3065064939672434, 0.23230866322655047, 0.11542048744032735, 0.34576435536587896], [0.3247497254098584, 0.23491483973815716, 0.07687882675509555, 0.36345660809688896], [0.2596468097119142, 0.35418779857578553, 0.1401259785696217, 0.2460394131426786], [0.31193742408907277, 0.268377947032881, 0.09104692013839917, 0.3286377087396468], [0.37317373719132574, 0.2179245397805478, 0.06520199957170261, 0.3436997234564235], [0.2744410955981695, 0.32069866907564365, 0.17270206947482694, 0.23215816585135995], [0.24968433459549527, 0.2650064726564445, 0.14588917608124172, 0.33942001666681826], [0.2594347940061469, 0.2754251693697496, 0.126268503757958, 0.33887153286614563], [0.29121017905222174, 0.24647470464065574, 0.15170803567998956, 0.3106070806271332], [0.14830696040812222, 0.3699355888041981, 0.3342652164571012, 0.14749223433057854], [0.27748061502459703, 0.28389255091046833, 0.11871429478726363, 0.3199125392776707], [0.2942034354922413, 0.33085262607667243, 0.12196119787959442, 0.25298274055149195], [0.3250703433293605, 0.30051426294712325, 0.08772314942738708, 0.28669224429612933], [0.17281371425920738, 0.2924273841789697, 0.35216762557260384, 0.18259127598921895], [0.21216572821694057, 0.24245735755079145, 0.2311624131164833, 0.31421450111578475], [0.31740985011465284, 0.25024558752969916, 0.07515068216143196, 0.35719388019421605], [0.2791368613877777, 0.2839304268523218, 0.08890868849309856, 0.34802402326680176], [0.2894516676037026, 0.24216154605379547, 0.10045958672213369, 0.36792719962036835], [0.26161263499655135, 0.3031658369795378, 0.2393627159844022, 0.19585881203950875], [0.2732699409330773, 0.2717759376690472, 0.12371505438785253, 0.3312390670100231], [0.1849155851002614, 0.35384255222256866, 0.20432579752778368, 0.2569160651493866], [0.3109669239998218, 0.24843935857078678, 0.07411348258883187, 0.36648023484055947], [0.21017047989197524, 0.33110779328634393, 0.16860281069091357, 0.29011891613076735], [0.23572913701908307, 0.28694539355486237, 0.08517297896471812, 0.3921524904613364], [0.12450471276687738, 0.34140207338975526, 0.40765996299679175, 0.12643325084657564], [0.202894731679437, 0.3207973675095826, 0.245646789078243, 0.2306611117327374]]}}