{"test": {"ids": ["99109311", "107120130", "113118490", "109117271", "107113360", "113120531", "99109780", "105116090", "99107660", "110118630", "107114780", "109116040", "105116980", "100111390", "102112250", "105112100", "113121220", "99105921", "107114140", "103117200", "99107500", "100108080", "105118171", "99109370", "99109840", "102118380", "97113900", "111116110", "103111990", "100110050", "113118111", "112119450", "108119550", "111114321", "98108150", "105113440", "112118421", "112118890", "108116120", "99107630", "100115700", "108115250", "108114670", "97105451", "106114150", "110116170", "108115870", "106117650", "113119360", "99108890", "98120530", "107113130", "104118070", "110114720", "111120591", "102109840", "102109010", "111116040", "109116441", "102110500", "105110251", "100117420", "97105580", "101111210", "98107410", "97116790", "106116120", "104116800", "106114321", "101113210", "107118490", "111118910", "108121351", "113122320", "106116820", "104110960", "108113700", "108115880", "100113370", "97118210", "113121980", "107114110", "101108580", "101109000", "103120730", "97116410", "112118880", "100108490", "103111620", "111121220", "106113190", "111118820", "113122170", "98107010", "111116290", "109115070", "101112201", "109119010", "108118301", "113118231", "101108290", "113117401", "105112260", "110121500", "98109230", "112121410", "98108370", "103113170", "105118740", "112119610", "109118231", "101110150", "103110100", "108114180", "110115580", "112119950", "113120070", "97112290", "112119930", "101110200", "108114270", "112121010", "107114280", "105112130", "112116290", "112119980", "99108710", "106116370", "113121950", "104114410", "99108080", "100107920", "110113931", "99109740", "111117571", "99110050", "110120190", "104114740", "113119120", "98116500", "108113480", "110118880"], "labels": [1, 2, 1, 0, 0, 0, 2, 1, 3, 1, 2, 0, 0, 2, 0, 1, 3, 1, 2, 0, 0, 0, 3, 1, 2, 1, 2, 3, 2, 3, 1, 3, 1, 1, 0, 0, 3, 3, 1, 2, 1, 1, 3, 0, 1, 0, 3, 1, 0, 0, 1, 1, 2, 3, 1, 2, 1, 0, 3, 3, 0, 2, 1, 2, 3, 2, 1, 1, 2, 3, 2, 0, 3, 1, 1, 2, 0, 3, 3, 2, 2, 1, 0, 1, 1, 3, 1, 2, 0, 3, 0, 0, 1, 3, 2, 0, 0, 3, 1, 3, 0, 3, 3, 3, 1, 0, 1, 3, 1, 0, 1, 1, 1, 1, 1, 0, 2, 1, 1, 2, 3, 2, 3, 1, 0, 0, 2, 2, 3, 1, 3, 0, 1, 3, 3, 3, 3, 2, 3, 2, 0, 0], "predicted_labels": [3, 1, 0, 3, 3, 1, 3, 3, 3, 1, 1, 3, 3, 3, 3, 3, 3, 0, 3, 3, 1, 1, 3, 3, 3, 1, 1, 3, 1, 3, 3, 3, 1, 1, 1, 3, 3, 3, 3, 3, 3, 1, 3, 0, 3, 3, 3, 1, 3, 1, 3, 1, 1, 1, 1, 1, 1, 3, 0, 3, 3, 3, 1, 1, 3, 1, 3, 3, 0, 1, 1, 3, 3, 3, 1, 0, 1, 1, 3, 0, 3, 3, 0, 3, 1, 1, 1, 3, 1, 3, 3, 0, 1, 1, 1, 1, 1, 3, 3, 0, 3, 3, 3, 0, 1, 3, 1, 1, 1, 1, 3, 0, 3, 3, 2, 0, 1, 3, 1, 1, 0, 1, 1, 3, 1, 1, 1, 3, 1, 3, 1, 3, 1, 1, 0, 2, 1, 1, 3, 3, 3, 3], "confidence_scores": [[0.2246093517593518, 0.25756032301032306, 0.21808997113997122, 0.29974035409035416], [0.20108987678987675, 0.33266640026640043, 0.1918068653568654, 0.27443685758685765], [0.28417107337107345, 0.27198680763680777, 0.17546502941502945, 0.2683770895770896], [0.2633697691197691, 0.24346522746259594, 0.16114903984903992, 0.33201596356859503], [0.2317238372738374, 0.2670836163836164, 0.19321931401931403, 0.3079732323232324], [0.24951877011877024, 0.31311112221112214, 0.18044614274614282, 0.2569239649239651], [0.2659364607614608, 0.2721871128871127, 0.1809620823620824, 0.28091434398934406], [0.21327072372072378, 0.24842172827172834, 0.23169915639915648, 0.3066083916083916], [0.2500997113997115, 0.22398326118326128, 0.23524242424242434, 0.29067460317460325], [0.187624711889418, 0.3012082322905851, 0.2468325609031493, 0.2643344949168481], [0.21045533910533917, 0.3361201742701742, 0.18286484071484074, 0.27055964590964576], [0.21827954267954292, 0.23912990897990902, 0.20374292929292934, 0.3388476190476191], [0.26070511710511723, 0.25177913752913755, 0.1721750527250528, 0.31534069264069253], [0.25949190809190825, 0.24297373737373745, 0.19035614385614394, 0.30717821067821083], [0.25649423158540813, 0.22962914307914323, 0.21179468701233406, 0.302081938323115], [0.2185210622710624, 0.23619779664779678, 0.1694705794205795, 0.37581056166056176], [0.23606580086580087, 0.24025535575535584, 0.1848687423687425, 0.33881010101010106], [0.2750879675879677, 0.22213046398046402, 0.24950966255966256, 0.25327190587190596], [0.22187792207792217, 0.296588888888889, 0.1516201298701299, 0.32991305916305913], [0.29247139527139543, 0.2681893384393388, 0.14526000111000115, 0.2940792651792654], [0.19115316905316926, 0.2930011655011656, 0.2535583416583418, 0.26228732378732394], [0.223652147852148, 0.3498005466755467, 0.12855549450549456, 0.29799181096681093], [0.2513071428571429, 0.26706551226551245, 0.15047164502164503, 0.33115569985569976], [0.25482046842046846, 0.23660374625374628, 0.1791409812409814, 0.329434804084804], [0.18804935064935063, 0.23360867188367201, 0.27470484792984795, 0.3036371295371294], [0.21769444444444458, 0.32654127898245544, 0.2040328024916261, 0.2517314740814741], [0.24480879675879685, 0.290123976023976, 0.2332011155511156, 0.2318661116661117], [0.21254285714285717, 0.24539184149184154, 0.19599606504606504, 0.3460692363192363], [0.2801474386724388, 0.3022464368964367, 0.15489001554001558, 0.26271610889110897], [0.19734631283748946, 0.2837502014325544, 0.22640611055611062, 0.29249737517384583], [0.2482231324231324, 0.29526048951048944, 0.15156111111111106, 0.3049552669552671], [0.23089513819513824, 0.2611281940281942, 0.1465922299922301, 0.3613844377844378], [0.25760377400377404, 0.28254798534798536, 0.1962302530802532, 0.26361798756798754], [0.20607893217893217, 0.378676379176379, 0.20163248973248982, 0.2136121989121991], [0.20353745421245423, 0.3195356459330142, 0.18870023310023318, 0.28822666675429814], [0.24832708402708412, 0.2670786657786659, 0.19688133533133548, 0.2877129148629149], [0.2760742757242758, 0.2663111111111111, 0.16980910200910201, 0.287805511155511], [0.2722712343212343, 0.24966006771006788, 0.16389696969696974, 0.31417172827172823], [0.3115338161838161, 0.18919896214896212, 0.16161498501498509, 0.33765223665223665], [0.29269210593328254, 0.1973041847041848, 0.1774963076139548, 0.3325074017485783], [0.28063658841158845, 0.24972344322344328, 0.1776925685425686, 0.2919473998223999], [0.19258643578643583, 0.31134401154401165, 0.19511941391941406, 0.3009501387501388], [0.23140868575868595, 0.25055851370851373, 0.22321813186813197, 0.2948146686646686], [0.29771259296259317, 0.25244028471528496, 0.17861201021201023, 0.2712351121101121], [0.2573797788468843, 0.2512936293238925, 0.2062487197013513, 0.285077872127872], [0.22795419580419596, 0.2710684926184926, 0.19600308025308033, 0.3049742313242313], [0.22640106837606847, 0.2526303085803086, 0.20063151293151307, 0.32033711011211025], [0.225567798867799, 0.31834900654900655, 0.16753494838494856, 0.28854824619824626], [0.24222538572538574, 0.2729090021090023, 0.1882270285270286, 0.29663858363858364], [0.22427953712953716, 0.3032901959151958, 0.18862253857253863, 0.2838077283827285], [0.29120951825951824, 0.23847099567099567, 0.1600369796869798, 0.31028250638250626], [0.20629629259629273, 0.2994112609612611, 0.2128919136419137, 0.2814005328005328], [0.17732470307470322, 0.2998323398823398, 0.25603889443889466, 0.2668040626040626], [0.20050950160950157, 0.2825372682872684, 0.25939750804750805, 0.2575557220557222], [0.26039178321678313, 0.2869671106671107, 0.16982340437340437, 0.2828177017427017], [0.23183012543012538, 0.2995420579420579, 0.20217325452325458, 0.26645456210456225], [0.2494180486180488, 0.307226492951493, 0.1885580058830059, 0.25479745254745245], [0.30735126262626267, 0.24799807969807974, 0.13131815406815403, 0.3133325036075036], [0.2955490450725746, 0.2679167335932042, 0.17074785769785775, 0.2657863636363637], [0.3136058941058942, 0.20723258408258413, 0.15091031746031744, 0.32825120435120436], [0.228244660894661, 0.27998102453102464, 0.19314141414141414, 0.2986329004329004], [0.1990365967365968, 0.26083323898323896, 0.21704523809523824, 0.3230849261849261], [0.2559704961704963, 0.2768494144744146, 0.20878005883005893, 0.2584000305250307], [0.2507820457320458, 0.2919428737928737, 0.18281077256077266, 0.27446430791430787], [0.28774428904428917, 0.20590999555999556, 0.21396483516483514, 0.2923808802308804], [0.2275639166389167, 0.31305588300588294, 0.2213313603063604, 0.23804884004884005], [0.24086163640281297, 0.2503698762022293, 0.19859139749139737, 0.3101770899035604], [0.24799102009102017, 0.2612388167388169, 0.20083166833166835, 0.28993849483849493], [0.26076511544011566, 0.24324812132312149, 0.257855192030192, 0.23813157120657136], [0.1969178044178044, 0.34661048396048416, 0.18477485569985563, 0.271696855921856], [0.22883554778554782, 0.32933359418359437, 0.21291464091464102, 0.22891621711621724], [0.24982433122433137, 0.29503948273948294, 0.159671522921523, 0.29546466311466324], [0.2219846625596627, 0.3074100510600511, 0.1547413114663115, 0.3158639749139749], [0.2606610889110889, 0.2783792929292929, 0.1625135939224175, 0.29844602423720085], [0.2411230880230881, 0.3152528138528137, 0.17701132756132767, 0.2666127705627706], [0.31677401764901775, 0.2638204073704075, 0.16348147963147963, 0.2559240953490954], [0.2800548340548341, 0.29887673960026917, 0.17129623709623715, 0.24977218924866], [0.21287340910723274, 0.32415931845931867, 0.20457188187629377, 0.2583953905571554], [0.23763531468531482, 0.24917185037185063, 0.2131686424686425, 0.3000241924741926], [0.2596832112332115, 0.2553313353313355, 0.2361271256521258, 0.2488583277833278], [0.22306793206793218, 0.29102293262293266, 0.18908143523143528, 0.29682770007770004], [0.24544804443922108, 0.2695168450830217, 0.1314595887772359, 0.3535755217005217], [0.3395708180708181, 0.1885426073926075, 0.18107912642912646, 0.290807448107448], [0.2380372016872018, 0.2634676545676547, 0.19361222111222123, 0.30488292263292266], [0.21062216672216674, 0.3367431623931624, 0.17288764568764572, 0.2797470251970254], [0.26308540903540917, 0.26836890886890874, 0.21246251526251525, 0.25608316683316706], [0.2414237595737597, 0.29424497724497756, 0.20027693417693412, 0.26405432900432896], [0.24103035298035305, 0.2792208513708513, 0.1651220335220336, 0.3146267621267622], [0.24622453102453115, 0.2831072982572985, 0.24043265623265622, 0.23023551448551466], [0.26002327117327123, 0.2652999722499723, 0.14187313242313246, 0.3328036241536241], [0.26198297894915556, 0.2565649422472953, 0.1786934121434122, 0.3027586666601372], [0.31637640692640695, 0.25034120879120897, 0.1437547008547009, 0.2895276834276836], [0.1874642246642247, 0.31632389277389267, 0.200189493839494, 0.29602238872238873], [0.2613248584748586, 0.2846183316683317, 0.17026366688866687, 0.283793142968143], [0.2332412920412921, 0.31295945165945166, 0.21435834720834732, 0.2394409090909092], [0.19461114081996453, 0.3922743145743143, 0.16875380175380178, 0.24436074285191928], [0.25903638583638605, 0.2923862803862805, 0.16613171273171282, 0.28244562104562104], [0.21711808746808764, 0.2658844516594518, 0.23423726551226548, 0.2827601953601955], [0.25072741980242, 0.2712193806193807, 0.17889120046620055, 0.2991619991119992], [0.30936818181818176, 0.2506243867243868, 0.17527325452325462, 0.26473417693417695], [0.2642401320901322, 0.22501560661560682, 0.17280615495615498, 0.3379381063381066], [0.23566078643578647, 0.25096116938616964, 0.18124790764790769, 0.3321301365301364], [0.2151825757575758, 0.29152850482850495, 0.18504430014430032, 0.30824461926961927], [0.2935826617826617, 0.25192077922077927, 0.1662248917748918, 0.2882716672216673], [0.22333358863358863, 0.26853223998224013, 0.2643701243201245, 0.2437640470640472], [0.24065468975468987, 0.27997324897324904, 0.1785886224886225, 0.3007834387834388], [0.21392258297258313, 0.28264898989898996, 0.24911166611166616, 0.2543167610167611], [0.2084823676323677, 0.3130559440559439, 0.19737748917748915, 0.2810841991341992], [0.1832474553224554, 0.3216203213453213, 0.18299723054723063, 0.3121349927849926], [0.22566681096681096, 0.3037789738039739, 0.21633248140748146, 0.2542217338217339], [0.2589655566655567, 0.2493288433788433, 0.21524562104562106, 0.276459978909979], [0.3034739760239759, 0.24553934953934956, 0.18293472638472646, 0.26805194805194804], [0.2845340048840048, 0.2246723581973583, 0.2031327904122022, 0.2876608465064347], [0.22292908202908207, 0.24868174603174611, 0.2031819291819293, 0.32520724275724255], [0.25809675324675346, 0.23382968142968158, 0.26807792762792765, 0.23999563769563775], [0.3374734487734487, 0.1839830169830171, 0.14108083583083583, 0.3374626984126984], [0.19705222277722287, 0.318605772005772, 0.2145963425463427, 0.26974566267066274], [0.2684750943500944, 0.25183754023754035, 0.1748173021423023, 0.3048700632700632], [0.2005805416805417, 0.3155312409812411, 0.20298060273060273, 0.2809076146076146], [0.20589410589410598, 0.33615374070374093, 0.18169782439782436, 0.2762543290043291], [0.30167109002109, 0.2568860972360973, 0.15539473304473314, 0.2860480796980796], [0.238415281940282, 0.3027068265068265, 0.1885650765900767, 0.27031281496281506], [0.27572366522366526, 0.29792092352092353, 0.1674469696969698, 0.2589084415584416], [0.22149266289266298, 0.2748376623376623, 0.19444980574980592, 0.3092198690198692], [0.25661134976134986, 0.299349877899878, 0.1657532467532469, 0.2782855255855257], [0.2573417721167722, 0.31572900987900965, 0.12849407259407264, 0.2984351454101454], [0.2467484071484072, 0.2812762404262404, 0.1929539036127272, 0.2790214488126253], [0.31246677489177493, 0.1981752525252526, 0.16044427239427245, 0.3289137001887004], [0.23000910755910764, 0.3105525918525917, 0.21371412835530487, 0.24572417223299578], [0.3062141580641579, 0.2274970196470197, 0.14890297480297485, 0.3173858474858474], [0.2577860250860252, 0.28328407703407704, 0.1942218947718948, 0.26470800310800313], [0.2510612082362083, 0.24458239538239548, 0.18465124875124894, 0.31970514763014773], [0.23312186147186165, 0.31045303030303045, 0.14608939393939388, 0.3103357142857144], [0.18441091686091685, 0.3583126096126096, 0.21258740148740157, 0.2446890720390722], [0.28990679320679325, 0.2746887667887668, 0.14973740981240985, 0.2856670301920304], [0.16975907425907436, 0.27715416250416264, 0.27732375957375965, 0.27576300366300377], [0.2394444444444445, 0.3191668054168054, 0.15361212121212134, 0.2877766289266289], [0.2262564546564547, 0.29396203796203807, 0.22038634894517253, 0.2593951584363349], [0.24574821844821867, 0.23653239538239543, 0.1627773004773005, 0.3549420856920855], [0.24410465645465668, 0.24925707070707093, 0.20645206460206464, 0.3001862082362081], [0.23346844266844272, 0.26953244533244536, 0.220267415917416, 0.2767316960816961], [0.2524854922854924, 0.26327428682428694, 0.15532406482406483, 0.3289161560661562]]}, "rewritten": {"ids": ["97105451", "97105580", "97112290", "97113900", "97116410", "97116790", "97118210", "98107010", "98107410", "98108150", "98108370", "98109230", "98116500", "98120530", "99105921", "99107500", "99107630", "99107660", "99108080", "99108710", "99108890", "99109311", "99109370", "99109740", "99109780", "99109840", "99110050", "100107920", "100108080", "100108490", "100110050", "100111390", "100113370", "100115700", "100117420", "101108290", "101108580", "101109000", "101110150", "101110200", "101111210", "101112201", "101113210", "102109010", "102109840", "102110500", "102112250", "102118380", "103110100", "103111620", "103111990", "103113170", "103117200", "103120730", "104110960", "104114410", "104114740", "104116800", "104118070", "105110251", "105112100", "105112130", "105112260", "105113440", "105116090", "105116980", "105118171", "105118740", "106113190", "106114150", "106114321", "106116120", "106116370", "106116820", "106117650", "107113130", "107113360", "107114110", "107114140", "107114280", "107114780", "107118490", "107120130", "108113480", "108113700", "108114180", "108114270", "108114670", "108115250", "108115870", "108115880", "108116120", "108118301", "108119550", "108121351", "109115070", "109116040", "109116441", "109117271", "109118231", "109119010", "110113931", "110114720", "110115580", "110116170", "110118630", "110118880", "110120190", "110121500", "111114321", "111116040", "111116110", "111116290", "111117571", "111118820", "111118910", "111120591", "111121220", "112116290", "112118421", "112118880", "112118890", "112119450", "112119610", "112119930", "112119950", "112119980", "112121010", "112121410", "113117401", "113118111", "113118231", "113118490", "113119120", "113119360", "113120070", "113120531", "113121220", "113121950", "113121980", "113122170", "113122320"], "labels": [0, 1, 1, 2, 3, 2, 2, 3, 3, 0, 1, 1, 2, 1, 1, 0, 2, 3, 3, 2, 0, 1, 1, 3, 2, 2, 3, 0, 0, 2, 3, 2, 3, 1, 2, 0, 0, 1, 1, 2, 2, 0, 3, 1, 2, 3, 0, 1, 1, 0, 2, 3, 0, 1, 2, 1, 2, 1, 2, 0, 1, 1, 3, 0, 1, 0, 3, 1, 0, 1, 2, 1, 2, 1, 1, 1, 0, 1, 2, 3, 2, 2, 2, 0, 0, 1, 3, 3, 1, 3, 3, 1, 1, 1, 3, 0, 0, 3, 0, 1, 3, 1, 3, 1, 0, 1, 0, 3, 3, 1, 0, 3, 2, 3, 0, 0, 1, 3, 0, 3, 1, 3, 3, 0, 1, 0, 0, 2, 0, 3, 1, 3, 1, 3, 0, 2, 0, 3, 3, 2, 1, 1], "predicted_labels": [0, 1, 3, 1, 1, 1, 3, 1, 0, 1, 1, 1, 3, 3, 0, 1, 3, 3, 1, 3, 1, 0, 3, 1, 1, 3, 3, 3, 1, 1, 1, 3, 1, 0, 3, 3, 0, 3, 3, 1, 1, 3, 1, 1, 3, 3, 3, 1, 0, 0, 3, 3, 1, 1, 0, 0, 1, 3, 3, 3, 3, 3, 1, 3, 3, 3, 3, 1, 3, 1, 3, 3, 3, 1, 1, 3, 3, 3, 3, 1, 3, 1, 1, 3, 1, 3, 3, 3, 3, 3, 1, 3, 3, 0, 3, 1, 3, 0, 3, 3, 3, 1, 2, 0, 3, 1, 3, 1, 0, 1, 0, 3, 1, 0, 0, 1, 3, 3, 1, 3, 1, 3, 3, 1, 1, 3, 1, 1, 3, 3, 3, 0, 3, 3, 1, 1, 3, 3, 1, 3, 1, 1], "confidence_scores": [[0.2927431651681652, 0.25897049062049077, 0.16883038905538908, 0.2794559551559553], [0.2579786990786991, 0.30812943167943174, 0.18152923465423473, 0.25236263458763464], [0.27007128427128435, 0.27874107559107575, 0.1675265956265957, 0.2836610445110444], [0.24403073593073593, 0.3004291486291487, 0.2111649628149629, 0.24437515262515272], [0.2592510656010658, 0.28159499389499393, 0.2147194305694306, 0.24443450993450996], [0.24589529914529923, 0.2881575119325121, 0.22671184926184945, 0.23923533966033964], [0.2839551337551339, 0.22628343323343322, 0.1953589188589189, 0.2944025141525142], [0.23684102009102018, 0.29978593628593636, 0.18722938727938734, 0.2761436563436564], [0.3294823565323567, 0.19921758241758256, 0.20221867576867583, 0.26908138528138525], [0.204465651015651, 0.30326240426240425, 0.19193833666333676, 0.300333608058608], [0.21453094405594417, 0.28457960372960384, 0.28441333388833384, 0.21647611832611838], [0.24444501609501618, 0.2786564546564547, 0.2584377067377068, 0.21846082251082266], [0.25463242868242886, 0.2635510961260961, 0.18291366133866144, 0.2989028138528139], [0.2769679575326635, 0.23053427291662593, 0.17214447676506497, 0.3203532927856454], [0.28775036075036087, 0.24741229326229341, 0.18152373737373736, 0.2833136086136086], [0.17618833943833956, 0.31427782772782775, 0.22640545565545572, 0.28312837717837713], [0.3063120324120324, 0.18321803196803205, 0.1801347624597625, 0.33033517316017325], [0.2341926406926407, 0.23131472416472434, 0.2546226273726274, 0.2798700077700078], [0.27511841491841493, 0.2886513708513709, 0.1867938616938618, 0.24943635253635255], [0.2371882950382952, 0.2865200327450329, 0.17060738901621259, 0.3056842832004595], [0.2500703538291774, 0.2904046536796538, 0.19022051282051294, 0.2693044796706562], [0.2686748140748141, 0.263509817959818, 0.20251396381396394, 0.26530140415140413], [0.23940526388815872, 0.2380526266131531, 0.1774894869750133, 0.3450526225236751], [0.16958388278388284, 0.3892313963813963, 0.19910382950382963, 0.24208089133089147], [0.25108710733710743, 0.2974127206127206, 0.216799816849817, 0.23470035520035518], [0.1736566600066601, 0.27097062104562103, 0.2565847458097459, 0.29878797313797323], [0.19849122544122555, 0.2640741425241425, 0.24754761904761913, 0.28988701298701314], [0.22289549091259628, 0.2388194729247362, 0.20023542711158826, 0.33804960905107967], [0.23391648906648935, 0.3310199217449218, 0.13873822288822293, 0.2963253663003662], [0.26485518341307823, 0.2908217019822283, 0.1571367601266983, 0.28718635447799556], [0.21512307692307694, 0.28054337329337337, 0.2606197247197247, 0.24371382506382522], [0.2574325646575648, 0.23501514874014875, 0.17204312354312368, 0.3355091630591632], [0.20300844155844164, 0.3185004467754469, 0.20062432289932292, 0.2778667887667889], [0.29900595238095234, 0.2680417249417249, 0.15350122655122658, 0.2794510961260961], [0.23378154068154086, 0.24001944721944735, 0.24479227994228, 0.2814067321567323], [0.27137062382062394, 0.23303131313131317, 0.13815180375180378, 0.3574462592962593], [0.3309497113997114, 0.16710615495615505, 0.18085515595515603, 0.3210889776889778], [0.2443965090465091, 0.25317071262071267, 0.20462554112554127, 0.29780723720723723], [0.24908584193584202, 0.26020481740481755, 0.18966778776778784, 0.3010415528915529], [0.20210750360750362, 0.3509766364354601, 0.16865675435675445, 0.27825910560028205], [0.2277113275613277, 0.2922718892218892, 0.19108785658785662, 0.2889289266289266], [0.2826214285714287, 0.27988621933621927, 0.14417929292929302, 0.2933130591630591], [0.196620634920635, 0.33685432900432905, 0.1842265873015873, 0.28229844877344884], [0.2719175324675325, 0.33422007159507167, 0.15628978521478518, 0.23757261072261068], [0.24364211899211902, 0.25113933011433015, 0.18363787323787328, 0.3215806776556776], [0.32132380952380957, 0.18849420024420033, 0.14399689754689757, 0.34618509268509257], [0.2679974303474303, 0.2460116883116884, 0.1823211843711844, 0.3036696969696969], [0.21725536457007052, 0.32649395212630505, 0.20071639928698767, 0.25553428401663697], [0.28091981906981905, 0.2591159562659563, 0.1831080530580531, 0.27685617160617165], [0.2753855144855146, 0.2697559107559108, 0.19749938949938953, 0.2573591852591853], [0.22922789432789445, 0.31700301365301353, 0.1349895382395383, 0.31877955377955386], [0.20546849261849268, 0.2917497335997337, 0.2023591908091909, 0.3004225829725829], [0.2560469197469199, 0.3005910533910533, 0.15112393162393176, 0.29223809523809535], [0.20044069819069832, 0.34958866688866697, 0.17203862803862807, 0.277932006882007], [0.3329914640914642, 0.23757414252414258, 0.18642326562326567, 0.2430111277611279], [0.3237481962481962, 0.23191144966144966, 0.1471192640692641, 0.2972210900210901], [0.23107476967476967, 0.2840717227217229, 0.22518590298590305, 0.2596676046176047], [0.262489171939172, 0.2052770562770563, 0.22257203629703623, 0.3096617354867357], [0.2239175546675548, 0.2664233857645623, 0.20092486043368396, 0.3087341991341992], [0.22770165945165957, 0.27965735930735947, 0.19065173160173163, 0.30198924963924956], [0.2543310356310357, 0.2629407814407814, 0.14552505827505835, 0.3372031246531247], [0.21577058497058504, 0.28169441114441124, 0.21803183124065478, 0.284503172644349], [0.269744235503059, 0.30907937422055076, 0.1694716783216784, 0.2517047119547122], [0.242365873015873, 0.26572113997114, 0.2067676046176047, 0.2851453823953825], [0.28877063687946036, 0.24215697080697093, 0.16261249861249863, 0.30645989370107013], [0.2663867410367412, 0.24597422577422584, 0.1571094960594962, 0.33052953712953714], [0.24538984903984917, 0.2798428210678211, 0.14784549062049063, 0.3269218392718394], [0.15927474747474757, 0.3552776834276833, 0.17939951714951716, 0.30604805194805185], [0.23833066378066387, 0.250944733044733, 0.18423999333999344, 0.32648460983460975], [0.266482062674168, 0.26820253430779745, 0.21064634429897588, 0.2546690587190587], [0.23933248973248988, 0.24318656898656904, 0.24594538598656251, 0.2715355552943789], [0.25203583442701105, 0.2699176950500481, 0.1723965534465534, 0.30564991707638767], [0.3138717671217671, 0.19889357864357873, 0.14440497835497842, 0.3428296758796759], [0.23158484848484845, 0.3121457431457434, 0.19142460317460325, 0.2648448051948052], [0.26587913752913744, 0.28513704628704634, 0.1852915972915975, 0.263692218892219], [0.18230068820068834, 0.2725519203019204, 0.2511178876678877, 0.2940295038295039], [0.2354389665889667, 0.2725272893772895, 0.17708223443223448, 0.3149515096015095], [0.23927919302919312, 0.22792895992895998, 0.16441414141414143, 0.36837770562770566], [0.2352650793650795, 0.3026712620712621, 0.15834797979797988, 0.30371567876567884], [0.2794298146298147, 0.30483639138639146, 0.1856215562215563, 0.23011223776223794], [0.21891785714285728, 0.2863878454878455, 0.19475724275724277, 0.2999370546120546], [0.21277727827727835, 0.34289685314685325, 0.21706187146187156, 0.22726399711399725], [0.20796320346320357, 0.3391780386280385, 0.16736484169425345, 0.28549391621450454], [0.2592929237429239, 0.23404975024975028, 0.19354999444999452, 0.3131073315573316], [0.28225289710289714, 0.3307506937506939, 0.18558512598512597, 0.20141128316128326], [0.22572425352425352, 0.2363320235320236, 0.19901694971694986, 0.33892677322677334], [0.2888670024420024, 0.24347304917304924, 0.15083821733821737, 0.31682173104673106], [0.22802310467310485, 0.24742065157065157, 0.24300723165723176, 0.2815490120990123], [0.20366981906981915, 0.28508478188478187, 0.20616680541680546, 0.3050785936285935], [0.21802727550227563, 0.23381721611721618, 0.19922922077922095, 0.3489262876012875], [0.2157481407481408, 0.3141680430680433, 0.19507737817737825, 0.27500643800643815], [0.2943149239649239, 0.21125321900321897, 0.15694535464535467, 0.3374865023865024], [0.2677987373737375, 0.2689170995670998, 0.16196848951701898, 0.30131567354214417], [0.28050920550038194, 0.25355290265290276, 0.2090201132201133, 0.2569177786266023], [0.2445333999334002, 0.2803456265956265, 0.17837812187812185, 0.2967428515928515], [0.1838052467140703, 0.4066935286935287, 0.15400214230214235, 0.25549908229025886], [0.22497316572316584, 0.26045590520590506, 0.2098056110556111, 0.3047653180153181], [0.283941835615365, 0.2820746443099385, 0.17385201465201472, 0.2601315054226821], [0.25815032467532467, 0.23475625310362155, 0.16910301365301372, 0.3379904085680401], [0.2640127705627705, 0.2492703740703742, 0.20046070041070047, 0.286256154956155], [0.1906324730824732, 0.26565749250749254, 0.23698242313242338, 0.30672761127761133], [0.25079546593757135, 0.316345757751021, 0.13659456829719993, 0.2962642080142081], [0.23154503274503277, 0.2386813353313355, 0.2673040570540572, 0.2624695748695749], [0.2824040684461738, 0.20957369092895414, 0.23320252145515316, 0.27481971916971915], [0.20988227328227343, 0.3058035020535022, 0.16427004662004666, 0.3200441780441781], [0.17778295870795882, 0.293625987900988, 0.23860374070374082, 0.28998731268731287], [0.23509431124431132, 0.2785999777999779, 0.14188500388500394, 0.3444207070707072], [0.21775855810855818, 0.32893152403152415, 0.15878295038295048, 0.2945269674769673], [0.28407434232434237, 0.2733141211729448, 0.16751840936840953, 0.27509312713430367], [0.23719368964368973, 0.3317463702963704, 0.19680682650682646, 0.23425311355311373], [0.3236594988344987, 0.23941777666777678, 0.14914520479520488, 0.28777751970251997], [0.24948677433677438, 0.2134963425463426, 0.20854346764346784, 0.3284734154734157], [0.2715824397824398, 0.29076987179487185, 0.17029790764790775, 0.2673497807747808], [0.3094127947216182, 0.2831720834720834, 0.13701517175634828, 0.2703999500499502], [0.32413756798756793, 0.24605864690864707, 0.14396217671217673, 0.28584160839160855], [0.20940794205794222, 0.3267195082695083, 0.14035455100455108, 0.32351799866799874], [0.2585112998112999, 0.24364406149406156, 0.18241297036297044, 0.3154316683316684], [0.27498258963258965, 0.2595889832389834, 0.13683001998002006, 0.3285984071484069], [0.26128493173493184, 0.30133376623376623, 0.1389348151848153, 0.2984464868464869], [0.2697476301476302, 0.28280925740925744, 0.16034296814296822, 0.28710014430014424], [0.2474379731379732, 0.30701727161727177, 0.18447036852036852, 0.26107438672438676], [0.26526046176046175, 0.24869951159951156, 0.1704832112332113, 0.3155568154068155], [0.2239720002220003, 0.27080335775335773, 0.14932856032856037, 0.35589608169608167], [0.25082388167388175, 0.2765233211233211, 0.21195067155067157, 0.2607021256521257], [0.21691092796092806, 0.2916750971250972, 0.21345666555666565, 0.2779573093573096], [0.32367327672327667, 0.20323242313242312, 0.1420611832611833, 0.331033116883117], [0.24567426739926754, 0.30778344433344423, 0.14905728715728722, 0.2974850011100012], [0.22912760017760025, 0.31334874014874015, 0.18626485736485748, 0.27125880230880245], [0.26829353424353425, 0.2908974025974026, 0.1413454545454546, 0.2994636086136086], [0.20797579642579656, 0.2574902236652239, 0.19800404595404605, 0.3365299339549339], [0.21980876345876346, 0.3003187867687869, 0.157464640914641, 0.3224078088578089], [0.29496764069264036, 0.23899327894327907, 0.20183367188367193, 0.26420540848040835], [0.2824912198912199, 0.25401379731379725, 0.1645057498057498, 0.29898923298923274], [0.2520025030525033, 0.23655692085692095, 0.17973773448773453, 0.33170284160284147], [0.23036499611499622, 0.30202028527028535, 0.1883046897546898, 0.2793100288600288], [0.21237247299484158, 0.32599642395787914, 0.19394893994894, 0.26768216309833964], [0.2525516594516595, 0.27812816627816617, 0.1691398545898547, 0.3001803196803196], [0.24665396825396826, 0.2580947996447997, 0.1901624653124653, 0.3050887667887667], [0.20765439005439018, 0.3037897990897991, 0.22011749916749923, 0.2684383116883118], [0.19646923076923084, 0.28020328005328016, 0.19283782883782888, 0.3304896603396605], [0.17995350205350205, 0.3244899766899766, 0.19139909077850253, 0.30415743047801874], [0.24325995670995676, 0.3233023365523366, 0.14569889195771554, 0.2877388147799912]]}}