{"test": {"ids": ["110117200", "109116810", "107113200", "111118301", "111117120", "113122510", "109113881", "100112060", "100108990", "103118291", "112116401", "111120640", "104114230", "110120190", "111120320", "102110050", "104111531", "99108310", "108120700", "107119130", "112118421", "108116070", "110116170", "100115700", "108120621", "97113260", "104111550", "104113380", "100108490", "106119260", "111120280", "107113360", "101114020", "113122170", "103117461", "108118291", "105118171", "112120700", "108116501", "97110950", "113120260", "108118810", "99108000", "103110100", "113122320", "113119930", "109115070", "102107961", "112118810", "108113740", "109118231", "106114880", "108113760", "113122650", "97107260", "112118701", "104114740", "105111990", "103109791", "108121160", "103120531", "110119891", "110120560", "105116650", "103109021", "108121351", "99107630", "110117140", "111121410", "111120531", "105115250", "98107340", "111120190", "109117080", "109118161", "108118520", "107115140", "108113620", "109120150", "99107660", "99105921", "102109010", "97112300", "102110690", "113120601", "106118820", "113121190", "103120340", "106116120", "100109360", "102114270", "112120630", "106111321", "109119591", "110113931", "99109740", "110120540", "110113591", "108117720", "109114030", "104110960", "101111990", "106112770", "104111830", "108114040", "97107040", "108120260", "101108460", "99108330", "100113370", "103111480", "99109161", "112121410", "97105960", "109119460", "103113640", "102113350", "105120621", "99108010", "99109910", "98108520", "105116860", "104114410", "103113270", "113119950", "110121450", "112116990", "105118230", "110118121", "108120060", "109114720", "112117030", "107117010", "113119300", "109117150", "113118620", "111119580", "100111620", "100109801", "109117730", "113121980", "102109910"], "labels": [3, 3, 0, 3, 2, 2, 0, 2, 2, 0, 0, 0, 2, 3, 1, 3, 0, 2, 2, 1, 3, 1, 0, 1, 1, 1, 1, 1, 2, 1, 0, 0, 3, 1, 0, 3, 3, 2, 0, 3, 3, 1, 2, 1, 1, 1, 0, 3, 3, 3, 1, 0, 1, 2, 2, 0, 2, 2, 3, 2, 3, 3, 0, 1, 0, 3, 2, 3, 0, 0, 2, 0, 3, 1, 0, 0, 0, 3, 2, 3, 1, 1, 2, 0, 2, 3, 1, 1, 1, 0, 3, 3, 0, 0, 1, 3, 1, 0, 1, 1, 2, 2, 1, 3, 0, 2, 1, 0, 1, 3, 0, 3, 0, 2, 1, 1, 3, 1, 2, 2, 2, 2, 1, 2, 0, 3, 0, 1, 3, 1, 0, 2, 1, 1, 2, 3, 3, 3, 0, 3, 2, 2], "predicted_labels": [0, 3, 3, 3, 1, 2, 0, 3, 1, 0, 3, 1, 3, 1, 0, 1, 3, 0, 3, 3, 3, 1, 0, 3, 1, 2, 2, 3, 2, 3, 3, 0, 0, 2, 3, 1, 3, 3, 3, 0, 0, 1, 1, 2, 3, 1, 1, 3, 3, 0, 1, 1, 1, 2, 0, 3, 3, 3, 3, 3, 3, 1, 3, 2, 0, 3, 3, 1, 1, 0, 3, 2, 3, 1, 1, 0, 3, 1, 0, 0, 1, 1, 2, 0, 2, 1, 1, 1, 1, 0, 3, 0, 3, 1, 0, 2, 1, 0, 3, 0, 3, 2, 1, 3, 1, 2, 3, 3, 3, 3, 1, 1, 3, 3, 3, 0, 3, 0, 1, 2, 1, 0, 3, 2, 0, 3, 2, 1, 3, 0, 3, 3, 1, 3, 1, 1, 3, 3, 1, 0, 1, 1], "confidence_scores": [[0.4985730067743564, 0.25153925224017687, 0.018074319135298975, 0.23181342185016784], [0.003464471630324984, 0.17020674926658447, 4.875219365604786e-05, 0.8262800269094346], [0.3226875724760885, 0.005557466246356597, 0.00011766893097949975, 0.6716372923465754], [0.28310964020126383, 0.004046496326851984, 0.1621618423611883, 0.5506820211106959], [0.015755282978048155, 0.9758627552062353, 0.006118754131660701, 0.002263207684055781], [0.006285306792665344, 0.2926550311518749, 0.5314974146397232, 0.1695622474157366], [0.7518365977098944, 0.02607142618694035, 0.2107700660309137, 0.011321910072251525], [0.05043829229268256, 0.06244843350639231, 0.07498101233232438, 0.8121322618686009], [0.06828522311498066, 0.5574134811988315, 0.3506726235944253, 0.02362867209176255], [0.8287904524526901, 0.11732172622496966, 0.026919997228179057, 0.026967824094161222], [0.05319204139732955, 0.00014240856645149198, 1.3905881406118513e-05, 0.9466516441548128], [0.23062912268784969, 0.47552796898113575, 0.2850084392509433, 0.008834469080071202], [0.10998824637355813, 0.0212122897841275, 0.04284676865537614, 0.8259526951869383], [0.002279742660721542, 0.7421123836580703, 0.17163044730923413, 0.08397742637197401], [0.6461792846544331, 0.06904948273201703, 0.054917426420054094, 0.2298538061934958], [0.00411275103027701, 0.5153924121053322, 0.2923683508229089, 0.188126486041482], [0.044913172793533615, 0.35769405877902455, 0.011825764687690754, 0.5855670037397511], [0.4394002519962502, 0.4062105610786226, 0.12860150818994373, 0.025787678735183454], [0.28386661396482493, 0.06842983087846556, 0.01639008870730195, 0.6313134664494076], [0.011611086344114858, 0.2288707461967829, 0.06628099507954492, 0.6932371723795573], [0.011801315671849872, 0.4358364749810209, 0.0001375055107635964, 0.5522247038363656], [0.06140222054531781, 0.7083110567586827, 0.0863423991423178, 0.1439443235536817], [0.5071782729847724, 0.2756311482028504, 0.061296708435492224, 0.15589387037688496], [0.18685193487379415, 0.1825010707857007, 0.2006089859132173, 0.4300380084272879], [0.13666604187392392, 0.5633953920914535, 0.10408254201973757, 0.1958560240148849], [0.00044727418892003175, 0.04808046803560528, 0.8090811604903184, 0.14239109728515617], [0.12683248838054534, 0.015467713165786831, 0.6914207856629943, 0.1662790127906737], [0.12716993650021907, 0.0028698227689365023, 0.0030664079531596083, 0.8668938327776848], [0.4436112388417154, 0.003930654414740738, 0.5368530570059192, 0.015605049737624464], [0.005134898380914605, 0.001910424206417499, 0.08534663621107935, 0.9076080412015886], [0.028644981174393073, 0.1177244414498818, 0.03296377305960313, 0.820666804316122], [0.9631523094838297, 0.011098162299303016, 0.000798340120262599, 0.02495118809660462], [0.6115655695391334, 0.0962672122857722, 0.06370611821206247, 0.2284610999630318], [0.0019074523187071562, 0.021927850925932784, 0.9186868868184442, 0.05747780993691574], [0.019239846178053358, 0.04059208311377131, 0.002612962108238055, 0.9375551085999372], [0.18601010763395942, 0.7589490334657344, 0.0007178921960744288, 0.05432296670423171], [0.13394888885563228, 0.26343333050306833, 0.00410698415887494, 0.5985107964824246], [0.002980939121339778, 0.11211572156783171, 0.03698506132063523, 0.8479182779901934], [0.0027633372289932725, 0.41105546742892884, 0.0010879778809783646, 0.5850932174610995], [0.9605147470275212, 0.0008199587409085069, 0.0284842654282978, 0.010181028803272676], [0.6651192825878164, 0.04150574002196003, 0.23242777104165588, 0.06094720634856787], [0.022980538531064507, 0.9394081973409554, 0.0017258875889035402, 0.035885376539076454], [0.004028930290798765, 0.9742074352077319, 0.017749397992161704, 0.004014236509307709], [0.04604466526407048, 0.16979728359153748, 0.6963039216621835, 0.08785412948220855], [0.02408005323662047, 0.10892170391296917, 0.3855331986320416, 0.48146504421836883], [0.21691603421792835, 0.7167861194773255, 0.004091208113979686, 0.06220663819076646], [0.012196682079987127, 0.9298487699773436, 0.0008500398338323159, 0.05710450810883714], [0.05881799165366021, 0.004626051348110174, 0.0002723780067761031, 0.9362835789914534], [0.08355385152101162, 0.45312374811024825, 0.009990437232357638, 0.4533319631363826], [0.8614849015519442, 0.007707903293193582, 0.04501826403816122, 0.08578893111670086], [0.010960660068230228, 0.8413217284617088, 0.12480756719565403, 0.02291004427440694], [0.001781699039914002, 0.9752554420101296, 0.021325229410089942, 0.0016376295398665484], [0.05085754637863666, 0.7247869894371652, 0.11786950584785649, 0.10648595833634156], [0.05539104485374832, 0.0039841407278440434, 0.887754131669056, 0.05287068274935167], [0.61484539708506, 0.14144094382804825, 0.19585260870046342, 0.04786105038642826], [0.004698953610973787, 0.0495513644866751, 0.00014131703295281408, 0.9456083648693983], [0.0036220839344852803, 0.04840200429729023, 0.46165259788296603, 0.4863233138852584], [0.000534095695757678, 0.04673311362959567, 0.011383842858513881, 0.9413489478161327], [0.07529717774683346, 0.025962029386218295, 0.026168956968058096, 0.8725718358988902], [0.0010012254482537803, 0.014288582894866536, 0.004975289647341535, 0.9797349020095382], [0.002802311616871824, 0.07366454977954916, 0.006572951289102645, 0.9169601873144764], [0.07802973723603909, 0.8760285308366368, 0.0025092277050063378, 0.04343250422231774], [0.0030434267321153906, 0.00981179862600264, 0.07355437898249675, 0.9135903956593853], [0.03312738473795577, 0.04419563669140382, 0.8849911790043676, 0.03768579956627279], [0.9424150497402909, 0.03836276963514591, 0.0034192247848491043, 0.015802955839713872], [0.01149724759371319, 0.07183545427275012, 0.005731170813870788, 0.9109361273196659], [0.013417152255253703, 0.15953433354649726, 0.001567271354663694, 0.8254812428435854], [0.06720170820869432, 0.5098461246070132, 0.011414814293195477, 0.41153735289109694], [0.44284961343650864, 0.542285984463604, 0.009541530378604276, 0.005322871721283125], [0.6941482355689703, 0.1855179132703043, 0.008351183914641009, 0.11198266724608431], [0.10820999142956331, 0.04220071852171201, 0.0598175251532455, 0.7897717648954792], [0.10675550830844886, 0.13329529593481867, 0.7576500090216252, 0.0022991867351072736], [0.06844695848490846, 0.0021306020876179286, 0.17739304074979262, 0.752029398677681], [3.5385588915454447e-06, 0.9998857028876651, 0.00010031122659839113, 1.0447326844985794e-05], [0.07624119940150517, 0.9187662038635913, 0.0006210131693951151, 0.004371583565508434], [0.8109419509756148, 0.15368186577669093, 0.01779583207736848, 0.017580351170325626], [0.12074149970374223, 0.01297699826581773, 0.03751153500102812, 0.828769967029412], [0.14263793278963705, 0.4280155448010795, 0.002387552459026786, 0.42695896995025656], [0.6019340515977066, 0.24721085043080704, 0.10259158606841652, 0.04826351190306974], [0.969493564223372, 0.009320701292378985, 0.0006375319567402077, 0.020548202527508858], [0.01637659875369669, 0.9498274043918428, 0.004457491048404433, 0.0293385058060561], [0.1543783044155305, 0.3560578471702246, 0.20805031145826122, 0.28151353695598363], [0.1604380013471752, 0.15798652732626853, 0.608397445096762, 0.0731780262297944], [0.5634855285762209, 0.05843434450495205, 0.008931976301072163, 0.369148150617755], [0.0012187776014928305, 0.4103171287825107, 0.43136529541025614, 0.15709879820574021], [0.022792236588304725, 0.7967373138795594, 0.14836927308948183, 0.03210117644265418], [0.08647677071707273, 0.5876991940685562, 0.04912478288057187, 0.27669925233379933], [0.05213188973670255, 0.724090490482685, 0.204098426763853, 0.01967919301675928], [0.28353212436073716, 0.589121961111515, 0.03840722422841244, 0.08893869029933552], [0.7566999735204966, 0.06044262910342773, 0.006548790338715877, 0.17630860703735976], [0.0014800036247516232, 0.06030468656308449, 0.25760155450712774, 0.6806137553050361], [0.9101002887124153, 0.000591626954862872, 2.9396350442333533e-05, 0.08927868798227948], [0.292128786733681, 0.2374706598816971, 0.002553578883854225, 0.4678469745007677], [0.06955314752902331, 0.7997842189655314, 0.12905645522941167, 0.0016061782760337802], [0.9608827485518858, 0.0009057770371230171, 0.00044681044941274954, 0.03776466396157842], [0.09318033968721057, 0.029346743690362238, 0.5453715578422198, 0.33210135878020747], [0.021211307304889918, 0.8762919400382733, 0.09212941793429011, 0.01036733472254683], [0.9839837285020988, 0.004744586932058972, 0.001287543409993683, 0.009984141155848504], [0.010976554887969696, 0.09444623690390308, 0.0035957423010484256, 0.8909814659070789], [0.7298654961312482, 0.007384133394009038, 0.0009994937858294533, 0.2617508766889134], [0.05563565932732895, 0.05760792249182912, 0.022553726859874893, 0.864202691320967], [0.056848763445280934, 0.013488461521720214, 0.6033695637913713, 0.32629321124162763], [0.06354047500023569, 0.3944799518701366, 0.336352877567711, 0.20562669556191676], [0.001365278974861028, 0.3195180204439567, 0.0020815277746582773, 0.677035172806524], [0.0317361324358702, 0.5041381972183128, 0.41123357733509414, 0.05289209301072305], [0.0011193778340500336, 0.007717522840406796, 0.9824382254119767, 0.008724873913566446], [0.18370822212402485, 0.04425847912124573, 0.04072880686829654, 0.731304491886433], [0.20409240889109362, 0.00017008674401828864, 0.010086796811878457, 0.7856507075530097], [0.10644077916296518, 0.00434684187683548, 0.14270469872520516, 0.7465076802349941], [0.22021067680171033, 0.21972140468429072, 0.10205611935877026, 0.4580117991552286], [0.1353610728657518, 0.49629595351326034, 0.0008863446472713192, 0.3674566289737165], [0.1370272185739634, 0.8057993807870089, 0.05178317899375134, 0.005390221645276447], [0.09255429551224605, 0.037207184730202375, 0.00933934854512657, 0.860899171212425], [0.2861611469976957, 0.003849659284826595, 0.04920925144780416, 0.6607799422696735], [0.010841044421589209, 0.0031590133105970273, 0.0018684628782524582, 0.9841314793895612], [0.7479335941405478, 0.17208376327514716, 0.014492604452614575, 0.06549003813169046], [0.17839530606436238, 0.15570351358764897, 0.07068710092578293, 0.5952140794222058], [0.6558450094071355, 0.13401735802034015, 8.403816256629509e-05, 0.21005359440995797], [0.08225480221664676, 0.877228636257908, 0.025145610647581133, 0.015370950877864003], [0.15503542682415208, 0.22169870887955842, 0.6111238561501, 0.012142008146189587], [0.003059548082550768, 0.787866138691857, 0.20185698476344494, 0.007217328462147282], [0.9364485601539967, 0.018224854279018172, 0.04320706684391088, 0.0021195187230742345], [0.019345123808400665, 0.16567979581210956, 0.16509048097632614, 0.6498845994031637], [0.027796789985309416, 0.05734590563568762, 0.8232359066684216, 0.0916213977105814], [0.5988051177921913, 0.09819972604276864, 0.0009620221958717366, 0.3020331339691685], [0.05903246536163927, 0.020073946079312035, 5.924580853243752e-05, 0.9208343427505162], [0.08255967480337105, 0.09671196208052847, 0.8071628359639647, 0.013565527152135838], [0.00111603907052128, 0.9827316701425182, 0.013895299436883661, 0.002256991350076867], [0.0002221518513330873, 0.25171658069334485, 0.00236550814052134, 0.7456957593148007], [0.6594021670704718, 0.32950644342888136, 0.005061541376631536, 0.006029848124015358], [0.014311608228864249, 0.060963113568191556, 0.29539315769762386, 0.6293321205053203], [0.0205235523319696, 0.40511819252234416, 0.07393935633924326, 0.500418898806443], [0.01231640673708348, 0.7700524066701304, 0.035130633626175085, 0.182500552966611], [0.09689240589046495, 0.09617790476747018, 0.0018695282029102028, 0.8050601611391547], [0.008103567235593918, 0.979107213957452, 0.011918112637124638, 0.0008711061698294297], [0.40351148025434735, 0.5311754099909173, 0.0030403663497024524, 0.06227274340503289], [0.06350162026183354, 0.3499668606324457, 0.005014489250777201, 0.5815170298549435], [0.018731206679505546, 0.14381234000572984, 0.16661593008798514, 0.6708405232267795], [0.001465639112359113, 0.8263169837614708, 0.0022782513197516607, 0.16993912580641832], [0.4351286806736512, 0.0646520924991235, 0.3181220416922331, 0.18209718513499212], [0.18893936328562277, 0.7101323583083228, 0.024763433992843094, 0.0761648444132114], [0.17392677354519795, 0.5494876743572247, 0.01837447493087699, 0.2582110771667004]]}, "rewritten": {"ids": ["97105960", "97107040", "97107260", "97110950", "97112300", "97113260", "98107340", "98108520", "99105921", "99107630", "99107660", "99108000", "99108010", "99108310", "99108330", "99109161", "99109740", "99109910", "100108490", "100108990", "100109360", "100109801", "100111620", "100112060", "100113370", "100115700", "101108460", "101111990", "101114020", "102107961", "102109010", "102109910", "102110050", "102110690", "102113350", "102114270", "103109021", "103109791", "103110100", "103111480", "103113270", "103113640", "103117461", "103118291", "103120340", "103120531", "104110960", "104111531", "104111550", "104111830", "104113380", "104114230", "104114410", "104114740", "105111990", "105115250", "105116650", "105116860", "105118171", "105118230", "105120621", "106111321", "106112770", "106114880", "106116120", "106118820", "106119260", "107113200", "107113360", "107115140", "107117010", "107119130", "108113620", "108113740", "108113760", "108114040", "108116070", "108116501", "108117720", "108118291", "108118520", "108118810", "108120060", "108120260", "108120621", "108120700", "108121160", "108121351", "109113881", "109114030", "109114720", "109115070", "109116810", "109117080", "109117150", "109117730", "109118161", "109118231", "109119460", "109119591", "109120150", "110113591", "110113931", "110116170", "110117140", "110117200", "110118121", "110119891", "110120190", "110120540", "110120560", "110121450", "111117120", "111118301", "111119580", "111120190", "111120280", "111120320", "111120531", "111120640", "111121410", "112116401", "112116990", "112117030", "112118421", "112118701", "112118810", "112120630", "112120700", "112121410", "113118620", "113119300", "113119930", "113119950", "113120260", "113120601", "113121190", "113121980", "113122170", "113122320", "113122510", "113122650"], "labels": [2, 2, 2, 3, 2, 1, 0, 2, 1, 2, 3, 2, 2, 2, 1, 3, 3, 2, 2, 2, 0, 0, 3, 2, 3, 1, 0, 2, 3, 3, 1, 2, 3, 0, 3, 3, 0, 3, 1, 0, 2, 1, 0, 0, 1, 3, 2, 0, 1, 3, 1, 2, 1, 2, 2, 2, 1, 2, 3, 1, 1, 0, 1, 0, 1, 3, 1, 0, 0, 0, 1, 1, 3, 3, 1, 0, 1, 0, 1, 3, 0, 1, 1, 1, 1, 2, 2, 3, 0, 1, 0, 0, 3, 1, 2, 3, 0, 1, 1, 0, 2, 0, 1, 0, 3, 3, 3, 3, 3, 1, 0, 3, 2, 3, 3, 3, 0, 1, 0, 0, 0, 0, 0, 2, 3, 0, 3, 3, 2, 0, 3, 1, 1, 0, 3, 2, 1, 2, 1, 1, 2, 2], "predicted_labels": [3, 2, 0, 0, 3, 2, 0, 2, 1, 3, 0, 1, 1, 0, 1, 0, 0, 2, 0, 2, 0, 3, 3, 3, 2, 0, 3, 2, 3, 0, 1, 3, 3, 3, 3, 3, 3, 0, 0, 1, 3, 0, 1, 0, 1, 3, 3, 1, 2, 1, 3, 3, 3, 3, 3, 3, 2, 0, 0, 1, 0, 3, 1, 1, 0, 2, 3, 0, 0, 3, 1, 1, 1, 0, 1, 2, 1, 1, 3, 3, 0, 1, 1, 0, 0, 1, 3, 3, 0, 0, 2, 1, 1, 1, 1, 0, 0, 1, 1, 2, 3, 0, 0, 1, 0, 1, 1, 3, 2, 1, 1, 3, 1, 3, 0, 2, 3, 3, 0, 0, 1, 3, 0, 2, 1, 0, 3, 0, 1, 0, 3, 0, 1, 0, 3, 3, 0, 1, 2, 3, 2, 3], "confidence_scores": [[0.011578936046166532, 0.26126674573605196, 0.006915090903318953, 0.7202392273144625], [0.0005009046292065099, 0.11518573569253328, 0.8823388411118271, 0.001974518566432996], [0.5005109962148984, 0.10958243463950612, 0.3612559003040505, 0.028650668841544883], [0.8466694170948462, 0.004853278365167074, 0.08112074542866747, 0.06735655911131933], [0.11341585236627429, 0.01126658970022578, 0.08751999792123502, 0.7877975600122649], [0.00505526953895517, 0.1420546635902162, 0.8129245469842568, 0.03996551988657198], [0.6087476946521708, 0.13720117499739104, 0.25365386311440385, 0.00039726723603425614], [0.0058944362678506525, 0.22797978375687977, 0.48820148497152305, 0.27792429500374655], [0.00526439109154871, 0.9749780656651553, 0.006674801227322956, 0.013082742015972797], [0.0039473448424615885, 0.30953878787171096, 0.0020468985174830396, 0.6844669687683445], [0.7264538263708202, 0.034590445521364824, 0.0030176521015169823, 0.23593807600629793], [0.0005232998302822204, 0.9255611498606022, 0.06728044599234437, 0.006635104316771014], [0.004088969080501254, 0.9945570913232207, 0.001109052465092145, 0.00024488713118573974], [0.7147712592644471, 0.21336551773533602, 0.0624068661059876, 0.009456356894229329], [0.0010785554822458935, 0.7332678442895616, 0.24031171212026786, 0.02534188810792465], [0.8106859165022482, 0.13924123377882525, 0.03914778464516599, 0.010925065073760527], [0.6279098668452223, 0.10432307070912675, 0.08156192487366917, 0.1862051375719818], [0.022334323156375468, 0.002928856851458731, 0.8959913716994787, 0.07874544829268716], [0.5701326550739938, 0.028357027468217385, 0.38189842687349407, 0.019611890584294845], [0.009112540771554002, 0.14659165973708174, 0.8435990828253388, 0.0006967166660254735], [0.9696880430223253, 0.00757257656074165, 0.013773212188623993, 0.008966168228308986], [0.00010250463475696695, 0.2917066190553901, 0.000339301792293431, 0.7078515745175594], [0.039835694581165114, 0.03325684729671437, 0.10265423037800217, 0.8242532277441184], [0.0387718869614225, 0.012695163184163446, 0.05419265847717781, 0.8943402913772363], [0.31320766904987246, 0.021471255922993628, 0.36039187783377985, 0.3049291971933541], [0.3691829543952866, 0.33116374367436396, 0.09666788999341265, 0.20298541193693692], [0.1631386149290544, 0.0039563690993415, 0.05155868484208666, 0.7813463311295176], [0.04162782747474117, 0.029069172915619116, 0.7921488308856951, 0.13715416872394462], [0.008943883453803888, 0.06136974607707705, 0.03660978627956218, 0.8930765841895569], [0.8495526476193878, 0.03752909903688228, 0.005050616143576678, 0.10786763720015334], [0.19365412760177655, 0.309278146580367, 0.2973194131185076, 0.1997483126993487], [0.05971419246472896, 0.07401468292621158, 0.023893360080008846, 0.8423777645290506], [0.00553338890676714, 0.14744456156169766, 0.12068654803591888, 0.7263355014956163], [0.07342809017157671, 0.004771094872004125, 0.0015364353208381376, 0.920264379635581], [0.002301189344517583, 0.003324378615130657, 0.21151644826036495, 0.7828579837799868], [0.003379712261670379, 0.24563876671841803, 0.27058373340209874, 0.4803977876178128], [0.03855699759654453, 0.0061526577580958515, 0.0002579824799154549, 0.9550323621654441], [0.5033690966330658, 0.10773802247702555, 0.37254522717825606, 0.016347653711652522], [0.4008137231104113, 0.3802811598203185, 0.18022475008101715, 0.03868036698825306], [0.018604525048651576, 0.9116043186956503, 0.0001495142826618911, 0.0696416419730362], [0.0020094932287873916, 0.07914713456330792, 0.008455105229615088, 0.9103882669782896], [0.984840007408022, 0.005338638171562284, 0.0044977187139128745, 0.0053236357065027115], [0.027052736869905267, 0.829834897848673, 0.007587289415166152, 0.13552507586625562], [0.5527490915404702, 0.27688504508143497, 0.008788604890685513, 0.16157725848740934], [0.017426631660461763, 0.5659760545658392, 0.41420358938437546, 0.002393724389323517], [9.755456045759325e-05, 0.002302423730340637, 0.00018320883174790354, 0.997416812877454], [0.028328135815326404, 0.05827983188450711, 0.14270941110331764, 0.7706826211968487], [0.15078795648591292, 0.48249624062025925, 0.007135457112535795, 0.359580345781292], [0.012576594314693424, 0.006630176013323622, 0.9404370190958213, 0.04035621057616166], [0.00963064506616527, 0.9629015845984956, 0.001748068572100369, 0.02571970176323879], [0.17614534218325034, 0.11919124649848793, 0.010722239650155717, 0.693941171668106], [0.01073479572554713, 0.025506154676345306, 0.014390471958814613, 0.9493685776392929], [0.0105766106738208, 0.0211162167193724, 0.03883973414552678, 0.92946743846128], [0.09102751798004662, 0.08226843120677194, 0.2667405552470346, 0.5599634955661469], [0.010100062211341276, 0.03810872404858069, 0.04351719265631744, 0.9082740210837605], [0.02041956066311702, 0.08927230281940786, 0.020357523171546286, 0.8699506133459289], [0.007456333226957488, 0.4000289489613914, 0.5251806048910727, 0.06733411292057848], [0.9411621146941671, 0.040275792934817645, 0.011801473432058757, 0.006760618938956463], [0.9120634564667778, 0.0756654240554749, 0.0007781934624438788, 0.011492926015303237], [8.760856314864383e-05, 0.9969692267360503, 5.7564692248842186e-05, 0.0028856000085522764], [0.8152140188485614, 0.030124563733458766, 0.00024101450954437016, 0.1544204029084355], [0.004192884892397531, 0.00394630399704465, 0.014102766587274178, 0.9777580445232836], [0.02257168968462039, 0.5123942712905575, 0.449813062428631, 0.015220976596191208], [0.007659856751894155, 0.47136214532242965, 0.08483079048815993, 0.4361472074375164], [0.9229587530450354, 0.03383541610533876, 0.003315682584936271, 0.03989014826468953], [0.043087825191251816, 0.4094290399513683, 0.5337232129772319, 0.013759921880147817], [0.09623439407498728, 0.0019692792885169243, 0.36445264171496655, 0.5373436849215292], [0.6020095499616333, 0.08564594066341585, 0.000324637365616106, 0.31201987200933484], [0.9972066324452449, 0.0008037598626841293, 5.116730350161885e-05, 0.00193844038856956], [0.0008078370697386456, 0.0011465079246215856, 0.0003146989261880601, 0.9977309560794518], [0.005956324418489324, 0.9599270749307429, 0.00010094108287284019, 0.0340156595678948], [0.12747817985734647, 0.8200574088056232, 0.02194948506327817, 0.03051492627375227], [0.32437943279603154, 0.6420326937792767, 0.008552580184150973, 0.02503529324054072], [0.9748845964665844, 0.0005506355666647322, 0.012438145090065562, 0.012126622876685212], [0.00020651148706065896, 0.8999965866868609, 0.07746902499266786, 0.022327876833410594], [0.0031114000974878197, 0.28571604546244034, 0.6682139101113019, 0.04295864432876987], [0.001779020619878299, 0.8718550857502158, 0.04390099212236096, 0.08246490150754493], [0.005648882985560006, 0.614586721268072, 0.17773658121985356, 0.20202781452651447], [0.016549481704012048, 0.029042973589198915, 0.0034487236230731438, 0.950958821083716], [0.03211818548154444, 0.46510051390414114, 7.520252910224504e-05, 0.5027060980852122], [0.9949256401786718, 0.0014740725420495765, 0.0011297529927416648, 0.0024705342865370644], [0.001949843771271616, 0.991576917489894, 8.928517577232547e-05, 0.006383953563062084], [1.15354920124459e-05, 0.9998738615881303, 9.664756712387769e-06, 0.00010493816314491222], [0.6841146391310118, 0.2721552867203463, 0.004853821440951266, 0.03887625270769071], [0.5404540429839982, 0.21552039546013674, 0.049181736175842684, 0.19484382538002243], [0.1520881049383368, 0.4908306942803743, 0.03970315682653588, 0.317378043954753], [0.0004534234193120462, 0.02607055552773716, 0.009827885783938523, 0.9636481352690123], [0.011201408989693165, 0.01048740757779881, 0.0017976739168234655, 0.9765135095156846], [0.42288177544356864, 0.38278260638520895, 0.17578929434379328, 0.01854632382742915], [0.48606359144335054, 0.02760353582273386, 0.001432173389551806, 0.48490069934436375], [0.012610478500036174, 0.0021563833671818414, 0.5900194100814048, 0.39521372805137717], [0.06410875405330158, 0.8878566074934325, 0.03995625081622603, 0.008078387637039629], [0.031593710447267095, 0.5714227762495174, 8.134955565902686e-05, 0.39690216374755655], [3.4641929619271165e-05, 0.9999544627635231, 9.454399029646054e-06, 1.4409078280035735e-06], [0.04950434043725263, 0.6970538462310599, 0.1377508909726253, 0.11569092235906206], [0.5422926909963506, 0.0790194587408155, 0.009314969317952858, 0.369372880944881], [0.7413940478313874, 0.2506882650147838, 0.00029181234541289763, 0.00762587480841585], [0.40038509139006173, 0.49628130042673924, 0.09824039512631412, 0.005093213056884771], [0.07538334538357765, 0.603199305405564, 0.033537030624389556, 0.28788031858646873], [0.12763923941629735, 0.21588179646685676, 0.5583007363091173, 0.09817822780772865], [0.021954166489884994, 0.008448953639671065, 0.028655445021151194, 0.9409414348492927], [0.6505943685203293, 0.04307154291595438, 0.18973512847550839, 0.11659896008820789], [0.8237050291456505, 0.1683194576108966, 0.00696699469052882, 0.0010085185529241005], [0.004880588234549659, 0.8186307179097584, 0.023611990809659415, 0.1528767030460324], [0.47222419734647303, 0.42035394724226893, 0.0006387048525986976, 0.1067831505586593], [0.009261033045534987, 0.9562109176556366, 0.01057167528153485, 0.023956374017293502], [0.0012855677713270665, 0.9164777742193135, 0.0225292678953361, 0.059707390114023325], [0.030508119492901106, 0.0174463996415048, 0.00019030166510348453, 0.9518551792004906], [0.06320315618367077, 0.002506348939853004, 0.70400910972659, 0.23028138514988625], [0.02179775946726424, 0.9571194273474252, 0.0061781932998428435, 0.014904619885467764], [0.00856446253400134, 0.6340278372689806, 0.35610117973676264, 0.0013065204602553196], [0.011305352870789627, 4.129721107690885e-05, 8.304732302211777e-06, 0.9886450451858312], [0.0004743555248856329, 0.8898631881887406, 0.012188130182568936, 0.09747432610380473], [0.051368803896883294, 0.08785104768862463, 0.04738106811329586, 0.8133990803011961], [0.4779240719554351, 0.27365926019091186, 0.018493996784245275, 0.22992267106940792], [0.013581481732723192, 0.0013503422872683686, 0.9750420052610695, 0.010026170718938769], [0.17800019192245836, 0.025473500010786597, 0.005035260637404331, 0.7914910474293507], [0.07024032920236863, 0.11031991212159395, 0.19600159487520402, 0.6234381638008334], [0.8378852295193417, 0.14430883915649137, 0.013566104072421975, 0.004239827251745181], [0.3564404495533403, 0.2898357759364225, 0.20585186164577338, 0.14787191286446386], [0.05603800840223299, 0.84532935814759, 0.04189866201576513, 0.056733971434411945], [0.01631922173945468, 0.0006124985423941638, 4.936578404671569e-06, 0.9830633431397464], [0.7578636254942399, 0.03884743345464651, 0.1805687932012605, 0.022720147849853187], [0.0019970536344780256, 0.15299954619734568, 0.4855016864085136, 0.35950171375966256], [0.0067853432780246815, 0.9824404014142851, 0.001005796951068749, 0.009768458356621466], [0.8582194071708964, 0.003774521655255194, 0.002030289668696427, 0.13597578150515197], [0.0037408744837259984, 0.09163821988169747, 0.004055891369982353, 0.9005650142645941], [0.9442940834153077, 0.04854778614359136, 0.00014566709832115784, 0.0070124633427795765], [0.008349986286599335, 0.5754738340665435, 0.04644503567931356, 0.36973114396754364], [0.8991090079422578, 0.08934754016474819, 0.000894351786311556, 0.01064910010668255], [0.1116777669016551, 0.001678950377432276, 0.002838638850038189, 0.8838046438708745], [0.6912200171343718, 0.2027534970722162, 0.050521279513147235, 0.05550520628026482], [0.13196100451528245, 0.8498502466386285, 0.0008412222317981529, 0.01734752661429075], [0.5010929925581662, 0.014831490633916842, 0.0038445487476585316, 0.48023096806025845], [0.02663675140196744, 0.027082787508129532, 0.0022484555984722994, 0.9440320054914307], [0.01758194091321279, 0.11927272500611442, 0.22506659258341094, 0.6380787414972618], [0.6650325742164372, 0.09154024009907055, 0.04252700613473219, 0.20090017954976], [0.007114475119198843, 0.9043952102368877, 0.009581138813314403, 0.07890917583059909], [0.1419241560431362, 0.018437105779227, 0.7899198471248485, 0.049718891052788275], [0.017382523743038863, 0.17951523797681979, 0.0038263253566804, 0.7992759129234609], [0.00394083911185134, 0.35133127129986347, 0.5826696647405577, 0.06205822484772749], [0.0005110845307717067, 0.1487230595054007, 0.39750598377879287, 0.4532598721850348]]}}