{"test": {"ids": ["112119320", "106114150", "98111231", "106113190", "105120280", "108116120", "111121410", "111116411", "97112290", "112119980", "107113260", "108121190", "101109370", "101108290", "110118450", "108115870", "110121500", "101116130", "106119990", "112117210", "111119150", "113122230", "112118701", "102109010", "97106000", "102117351", "101108460", "103113210", "100117420", "111119930", "112119930", "102109850", "109115380", "112117660", "110118111", "110114321", "100120780", "111119340", "113121980", "106113360", "110118121", "105110251", "99113260", "109119340", "103113260", "113117550", "113118630", "105113480", "108114670", "105119950", "106117770", "108115250", "112118530", "103117200", "97105760", "99107660", "111119290", "110119891", "107121230", "104113190", "113122220", "100109360", "107116501", "110114651", "103118291", "108115500", "111114121", "105113190", "105112100", "109116810", "103120780", "108116501", "113120260", "108121351", "98111620", "110115890", "113120830", "110120640", "113121010", "97113260", "100110260", "113121810", "101110150", "100120010", "113122160", "110115580", "101112160", "99109740", "106116640", "111119250", "107117010", "113119450", "105118740", "104116800", "105120621", "103111540", "99111000", "103111930", "97107920", "110121140", "104110960", "111119950", "109114720", "101114020", "111116530", "105113330", "113120531", "112118471", "99111930", "100111620", "112119450", "107116980", "100109000", "99109910", "107118120", "110119030", "110115120", "100113370", "103111990", "112117580", "101110740", "100115700", "99110730", "109114651", "107113360", "105112260", "98110230", "112119500", "97116401", "99117740", "104114230", "106116820", "101115190", "99109780", "101111140", "107120260", "106116441", "104111711", "99112840", "107118520", "109116040", "112116610"], "labels": [1, 1, 1, 0, 3, 1, 0, 0, 1, 0, 0, 1, 1, 0, 0, 3, 3, 2, 0, 1, 3, 1, 0, 1, 0, 1, 0, 3, 2, 1, 1, 1, 3, 0, 1, 1, 1, 3, 2, 0, 3, 0, 0, 3, 3, 3, 3, 0, 3, 3, 0, 1, 1, 0, 0, 3, 3, 3, 0, 3, 1, 0, 1, 3, 0, 3, 0, 3, 1, 3, 1, 0, 3, 3, 3, 2, 3, 0, 2, 1, 3, 2, 1, 0, 3, 1, 3, 3, 3, 1, 1, 3, 1, 1, 1, 1, 2, 3, 0, 3, 2, 0, 0, 3, 3, 3, 0, 1, 1, 3, 3, 3, 1, 2, 3, 0, 0, 3, 2, 0, 3, 1, 3, 3, 0, 3, 3, 2, 3, 2, 2, 1, 1, 2, 2, 1, 0, 1, 2, 2, 0, 1], "predicted_labels": [2, 0, 0, 3, 1, 0, 1, 0, 1, 3, 1, 1, 2, 3, 2, 3, 1, 3, 3, 2, 3, 1, 3, 1, 3, 3, 1, 0, 2, 1, 3, 2, 1, 3, 3, 1, 3, 3, 1, 1, 3, 3, 2, 0, 1, 3, 3, 3, 1, 0, 1, 3, 1, 0, 2, 0, 3, 3, 3, 3, 1, 2, 1, 3, 1, 1, 1, 0, 3, 0, 1, 3, 1, 3, 2, 1, 1, 1, 1, 3, 0, 2, 1, 2, 1, 0, 2, 1, 3, 1, 2, 0, 0, 3, 3, 3, 2, 1, 0, 3, 0, 3, 2, 3, 1, 0, 1, 3, 1, 2, 3, 0, 2, 2, 1, 3, 3, 3, 1, 3, 1, 1, 3, 0, 3, 3, 1, 1, 1, 2, 2, 0, 1, 1, 0, 1, 1, 2, 3, 1, 3, 0], "confidence_scores": [[0.09410014741561659, 0.32691036659245293, 0.37829148026791387, 0.20069800572401691], [0.26542928213530137, 0.2672001073956792, 0.22475716684646996, 0.24261344362254925], [0.3402318953695393, 0.2612581317155122, 0.12577197401225013, 0.2727379989026985], [0.26338399627650066, 0.2834602754007755, 0.1537340153996132, 0.29942171292311076], [0.13905734265230105, 0.3184962780681784, 0.2976097542833508, 0.24483662499616973], [0.3679031467932331, 0.2297902755830299, 0.10993234096235419, 0.2923742366613829], [0.29820948073263304, 0.29903842914042433, 0.10655361219483868, 0.2961984779321041], [0.43538510225884536, 0.19677766995422644, 0.08012444812703579, 0.2877127796598922], [0.24646543162552625, 0.2867331073747453, 0.2126182555032641, 0.25418320549646417], [0.27956382170806987, 0.2719965549317043, 0.137241982346589, 0.3111976410136367], [0.19883400345674565, 0.29695854729667853, 0.22612203352912372, 0.2780854157174521], [0.2083628563865496, 0.33176547903668363, 0.1695099646704132, 0.29036169990635324], [0.14963332090930762, 0.31103396131710975, 0.3154286890759072, 0.22390402869767514], [0.31830475354208615, 0.252668387937347, 0.1222059480356159, 0.30682091048495075], [0.10083201414729899, 0.32833710448772624, 0.36463128688021923, 0.20619959448475556], [0.3038653609739375, 0.2641844117413925, 0.11348624623052142, 0.31846398105414847], [0.2978188218908281, 0.29676582983996963, 0.108374769645441, 0.29704057862376115], [0.15143583480609016, 0.2811617228265811, 0.2725928393386648, 0.29480960302866366], [0.2197800390936681, 0.2929384961655568, 0.14230268351669711, 0.3449787812240779], [0.127702447696348, 0.3234754430538617, 0.33476386753770004, 0.21405824171208998], [0.25884342888131756, 0.2851552299220039, 0.13270162218426068, 0.32329971901241783], [0.20163817766836223, 0.3187941219041268, 0.24524057314572364, 0.23432712728178764], [0.2614010245923137, 0.2986930192240013, 0.1229950759048034, 0.3169108802788814], [0.21327021994975442, 0.31223070200029274, 0.22361677740267996, 0.25088230064727296], [0.11568016496070345, 0.3205358030047018, 0.24628842506320064, 0.31749560697139434], [0.3403512361531434, 0.2599851382929337, 0.0766082212490407, 0.32305540430488217], [0.2551032087091227, 0.2978529916015315, 0.23163964120899125, 0.21540415848035444], [0.24864761123313753, 0.2907506254140999, 0.26513221506622014, 0.1954695482865423], [0.1307156550753528, 0.28598450617267984, 0.42922080526551587, 0.1540790334864515], [0.23303869623358964, 0.2851536693979748, 0.21188285374131713, 0.26992478062711844], [0.21340652971518057, 0.2952611746056917, 0.19573155475662896, 0.29560074092249894], [0.1535303904573376, 0.3007704074204924, 0.3600709062491487, 0.18562829587302104], [0.1770617241679253, 0.3102536929090777, 0.2102004721763763, 0.302484110746621], [0.2865246647458094, 0.2831942145543727, 0.1265352585615588, 0.30374586213825916], [0.3120389283813895, 0.27322469639863595, 0.10126293334748365, 0.3134734418724909], [0.2880338936497975, 0.2923604463041483, 0.19136717282247417, 0.22823848722358014], [0.22374225764351816, 0.26616021416631525, 0.22664206124525185, 0.28345546694491475], [0.2850280880255029, 0.2915121862851265, 0.09592624441505551, 0.32753348127431503], [0.17230802621352873, 0.32703717508957236, 0.16769708720654994, 0.33295771149034903], [0.26939343776245345, 0.2956990796062903, 0.17571362458363696, 0.2591938580476194], [0.2949521671341795, 0.2930647481010638, 0.0734445692205206, 0.33853851554423636], [0.2646462870153055, 0.2827621933679372, 0.14395163163515062, 0.30863988798160674], [0.2313079407730049, 0.27643643525523004, 0.2802929390120153, 0.21196268495974982], [0.25002143038907265, 0.2742199301310147, 0.254078107848467, 0.22168053163144585], [0.23157362762000078, 0.29855880565614384, 0.19377695929270292, 0.2760906074311523], [0.30209918802801333, 0.2686971208969553, 0.12418286997607032, 0.305020821098961], [0.2635989828289206, 0.2759750725228495, 0.1557945522783436, 0.30463139236988623], [0.17815786413134546, 0.3083580731090158, 0.23053607017135497, 0.28294799258828385], [0.24042944913909423, 0.2878127482232458, 0.21503046740944498, 0.256727335228215], [0.28893794106947956, 0.2744129717876328, 0.1846968645537722, 0.25195222258911537], [0.1952706188934084, 0.294952563485793, 0.22252141169342501, 0.2872554059273736], [0.145583945696785, 0.29976227339122546, 0.2783285168414931, 0.2763252640704962], [0.1607045662212886, 0.33791574926198964, 0.3102850842195587, 0.19109460029716313], [0.3238135743900544, 0.2783042212053951, 0.08280994563707533, 0.31507225876747497], [0.18941586430222726, 0.2785319707072697, 0.34894663453237507, 0.1831055304581278], [0.26836723717292926, 0.24768608401771247, 0.23997717126525406, 0.24396950754410424], [0.1259067497366177, 0.3199446737945879, 0.22745129734212488, 0.32669727912666946], [0.20885397421012433, 0.31070518733836966, 0.1630805383566806, 0.3173603000948256], [0.1656824810509672, 0.3301892190736734, 0.1800666033993864, 0.32406169647597294], [0.2406845714732416, 0.2882281910959962, 0.18791736652421415, 0.28316987090654827], [0.2289581570025171, 0.3045794390385685, 0.184817839498454, 0.2816445644604603], [0.23188890329071837, 0.24775420715820212, 0.27245404441437016, 0.24790284513670913], [0.2716867267479589, 0.28701498700412437, 0.1727964692792677, 0.26850181696864883], [0.24174170724568433, 0.3130241452817578, 0.12272087984159295, 0.32251326763096483], [0.23134742718192172, 0.28693558076497117, 0.2173319292283249, 0.2643850628247822], [0.18628952867369888, 0.3058068525502446, 0.23524005649282592, 0.2726635622832306], [0.268939643327838, 0.3304709819972354, 0.10768408638498712, 0.29290528828993917], [0.3408478463157092, 0.2363211747904122, 0.11515642606306929, 0.3076745528308094], [0.22024821776982886, 0.2922150018239626, 0.18190889683452743, 0.30562788357168147], [0.3090992156847893, 0.28437283858280593, 0.14148351412271212, 0.26504443160969277], [0.17945948823837382, 0.32113998286869694, 0.205446306024855, 0.2939542228680743], [0.2905620162066787, 0.27868704353876245, 0.12443551980919865, 0.3063154204453603], [0.21525369775707337, 0.2925502447189039, 0.2645331026966702, 0.2276629548273526], [0.22751960018064155, 0.30015706439397144, 0.1412674640088049, 0.3310558714165821], [0.12982033850939925, 0.296344044807814, 0.40648826474199035, 0.16734735194079678], [0.1194494508283094, 0.31960597917948874, 0.27723320892765085, 0.28371136106455036], [0.21243585629842024, 0.29446944493355043, 0.2345312307962829, 0.2585634679717466], [0.16371886588038106, 0.3126701780208788, 0.3035678039300239, 0.22004315216871617], [0.22494494486938627, 0.31386241619050903, 0.15678430348494565, 0.3044083354551588], [0.16051004595815097, 0.2704939243273512, 0.29044730069912544, 0.27854872901537225], [0.30374535704526157, 0.24226946807650895, 0.1810456870412475, 0.272939487836982], [0.1230564090455172, 0.32412590347257453, 0.39334392251359274, 0.1594737649683152], [0.2525668214932454, 0.2936545030473198, 0.19242862287693077, 0.26135005258250366], [0.17209745491569992, 0.29999210988500735, 0.3437530073568448, 0.18415742784244812], [0.11033971917943851, 0.33395459903737273, 0.32668078093937836, 0.22902490084381003], [0.30769911264925537, 0.2547539427774116, 0.2110034433948341, 0.22654350117849897], [0.13671841567230847, 0.2892894221941394, 0.30812703212391845, 0.26586513000963397], [0.11364609876499422, 0.33830087159228284, 0.35948243151520703, 0.188570598127516], [0.25474352355270474, 0.2612980060979445, 0.15711435577258628, 0.32684411457676454], [0.11809399262496773, 0.3342786179252634, 0.2718114708421112, 0.27581591860765786], [0.09637197259483045, 0.31207933858573966, 0.36751172185727543, 0.2240369669621544], [0.3902973656426817, 0.2364448081984572, 0.10818927748806828, 0.26506854867079327], [0.2528377015257793, 0.286977626432648, 0.17498463347253518, 0.2852000385690376], [0.18916498347567567, 0.29922818312475574, 0.20413899066953953, 0.307467842730029], [0.2736966954212909, 0.2978603642479887, 0.07149004790325322, 0.3569528924274676], [0.15080452913146888, 0.30757938536612117, 0.24633701955956677, 0.29527906594284337], [0.10599057681031492, 0.3195657204136654, 0.4045891175230546, 0.1698545852529649], [0.2331648538929433, 0.30090684424377717, 0.2571942252087305, 0.20873407665454893], [0.41757552177813073, 0.1986881317863673, 0.08659847274050565, 0.2971378736949965], [0.1980840634509942, 0.28866423596781976, 0.22398236420834144, 0.28926933637284463], [0.3678915896857755, 0.23897637080853015, 0.15217611181037835, 0.24095592769531587], [0.28086846032299945, 0.26787765003524866, 0.15411291611152447, 0.2971409735302277], [0.08621263420407696, 0.31683914240074906, 0.314885954150219, 0.282062269244955], [0.21608497941670723, 0.280777037467401, 0.19547415793226583, 0.307663825183626], [0.18852270724883738, 0.32182701682134973, 0.2285899845323611, 0.26106029139745174], [0.38408296834839095, 0.21376264449945673, 0.09909426381702909, 0.30306012333512294], [0.22071237521701365, 0.3103285074779702, 0.18437341983760538, 0.28458569746741064], [0.26453958803270144, 0.2833075729902508, 0.15949571924442596, 0.29265711973262165], [0.1040528584614175, 0.3624356880349595, 0.32223509050918936, 0.21127636299443414], [0.208065540027178, 0.27122167873477077, 0.33369652064997896, 0.18701626058807258], [0.2718596578698224, 0.28642279878369137, 0.10145451945224129, 0.3402630238942448], [0.3803883642503574, 0.27698412867502525, 0.1340374963439844, 0.20859001073063305], [0.25649055315130254, 0.2562284709759152, 0.2621659867607197, 0.22511498911206262], [0.1222164378271226, 0.2654297029314948, 0.49831995523400463, 0.11403390400737784], [0.20632564569558604, 0.31088432215930584, 0.20306391352602893, 0.2797261186190792], [0.2581049614240515, 0.285974889358886, 0.1680968946512205, 0.2878232545658419], [0.23770526061504949, 0.29994020635265317, 0.16258197195767127, 0.2997725610746263], [0.1324967089416383, 0.30678954538653946, 0.2710164827242141, 0.289697262947608], [0.20864603316637087, 0.3013129201491614, 0.2457364572453227, 0.24430458943914468], [0.2552250432064927, 0.2803766185718839, 0.14814872454080652, 0.3162496136808167], [0.13246614057399023, 0.334117654939958, 0.2295919959154878, 0.3038242085705642], [0.21322346394179978, 0.29410129279182456, 0.22771649561894602, 0.26495874764742966], [0.19014162756310266, 0.2814415045627067, 0.2525723701406401, 0.2758444977335503], [0.35377346183084923, 0.22682870564959629, 0.13373153659604545, 0.2856662959235095], [0.2914183187169154, 0.2724576451845753, 0.12473269383118515, 0.3113913422673239], [0.18061076322434225, 0.30723213620189954, 0.2075035317318663, 0.30465356884189204], [0.2775206304171918, 0.29507459109006534, 0.16851492878367477, 0.2588898497090679], [0.1536392936432827, 0.32637473654267773, 0.33672517422716886, 0.1832607955868706], [0.15566804617285213, 0.3014147550412425, 0.2731715275976581, 0.2697456711882474], [0.22782667869998693, 0.27264738089469864, 0.2908562078475914, 0.2086697325577228], [0.09969078425377109, 0.3347716047742729, 0.3189118932818204, 0.2466257176901353], [0.29346163388427143, 0.26846325266245274, 0.15622220438681728, 0.2818529090664586], [0.11595675602888719, 0.33516045099481073, 0.324681542222314, 0.22420125075398809], [0.20215598986274164, 0.3140753803811327, 0.23396029364660953, 0.24980833610951594], [0.285188574253085, 0.24287479061280087, 0.22759810781141845, 0.2443385273226956], [0.2385874727994008, 0.3306260285089226, 0.17961450896223558, 0.2511719897294411], [0.2973330364638608, 0.31183093659438504, 0.08820211764422586, 0.30263390929752826], [0.14213418017121018, 0.2818427002406128, 0.3935361188873219, 0.1824870007008551], [0.17601572441972416, 0.30241847147444645, 0.20881706334014405, 0.31274874076568526], [0.15501830146161694, 0.32999617309487694, 0.26390572095065457, 0.2510798044928518], [0.14551685475947496, 0.2799037300204758, 0.28839452547269834, 0.2861848897473509], [0.3496288664621495, 0.27756394362406916, 0.15755935506861357, 0.2152478348451677]]}, "rewritten": {"ids": ["97105760", "97106000", "97107920", "97112290", "97113260", "97116401", "98110230", "98111231", "98111620", "99107660", "99109740", "99109780", "99109910", "99110730", "99111000", "99111930", "99112840", "99113260", "99117740", "100109000", "100109360", "100110260", "100111620", "100113370", "100115700", "100117420", "100120010", "100120780", "101108290", "101108460", "101109370", "101110150", "101110740", "101111140", "101112160", "101114020", "101115190", "101116130", "102109010", "102109850", "102117351", "103111540", "103111930", "103111990", "103113210", "103113260", "103117200", "103118291", "103120780", "104110960", "104111711", "104113190", "104114230", "104116800", "105110251", "105112100", "105112260", "105113190", "105113330", "105113480", "105118740", "105119950", "105120280", "105120621", "106113190", "106113360", "106114150", "106116441", "106116640", "106116820", "106117770", "106119990", "107113260", "107113360", "107116501", "107116980", "107117010", "107118120", "107118520", "107120260", "107121230", "108114670", "108115250", "108115500", "108115870", "108116120", "108116501", "108121190", "108121351", "109114651", "109114720", "109115380", "109116040", "109116810", "109119340", "110114321", "110114651", "110115120", "110115580", "110115890", "110118111", "110118121", "110118450", "110119030", "110119891", "110120640", "110121140", "110121500", "111114121", "111116411", "111116530", "111119150", "111119250", "111119290", "111119340", "111119930", "111119950", "111121410", "112116610", "112117210", "112117580", "112117660", "112118471", "112118530", "112118701", "112119320", "112119450", "112119500", "112119930", "112119980", "113117550", "113118630", "113119450", "113120260", "113120531", "113120830", "113121010", "113121810", "113121980", "113122160", "113122220", "113122230"], "labels": [0, 0, 0, 1, 1, 3, 3, 1, 3, 3, 3, 2, 2, 3, 2, 1, 2, 0, 2, 1, 0, 3, 3, 3, 1, 2, 0, 1, 0, 0, 1, 1, 3, 2, 3, 3, 1, 2, 1, 1, 1, 1, 3, 2, 3, 3, 0, 0, 1, 2, 1, 3, 2, 1, 0, 1, 3, 3, 3, 0, 1, 3, 3, 1, 0, 0, 1, 0, 3, 1, 0, 0, 0, 0, 1, 3, 1, 3, 2, 1, 0, 3, 1, 3, 3, 1, 0, 1, 3, 3, 0, 3, 0, 3, 3, 1, 3, 0, 1, 2, 1, 3, 0, 0, 3, 0, 3, 3, 0, 0, 3, 3, 1, 3, 3, 1, 0, 0, 1, 1, 0, 0, 1, 1, 0, 1, 3, 2, 1, 0, 3, 3, 3, 3, 0, 3, 2, 2, 2, 3, 1, 1], "predicted_labels": [3, 3, 0, 1, 3, 3, 0, 0, 2, 0, 1, 1, 0, 3, 3, 1, 3, 0, 1, 0, 0, 0, 0, 1, 0, 2, 1, 3, 0, 3, 3, 0, 1, 0, 3, 0, 1, 3, 1, 0, 3, 3, 0, 3, 1, 0, 3, 0, 1, 0, 3, 0, 1, 3, 3, 3, 3, 0, 0, 3, 0, 0, 1, 3, 3, 0, 0, 0, 3, 0, 3, 3, 3, 3, 0, 0, 2, 3, 1, 1, 3, 0, 3, 1, 3, 0, 0, 1, 3, 0, 3, 1, 3, 1, 0, 0, 3, 1, 0, 3, 0, 3, 2, 0, 3, 1, 3, 0, 0, 0, 0, 3, 3, 3, 0, 3, 3, 0, 0, 1, 3, 3, 3, 1, 3, 2, 3, 1, 1, 3, 3, 3, 0, 0, 3, 1, 3, 1, 3, 3, 1, 1], "confidence_scores": [[0.28213089694793037, 0.2566517702822675, 0.15476279614702626, 0.3064545366227759], [0.1904427163276073, 0.2992255300182464, 0.19572017769356279, 0.3146115759605834], [0.40618314833658054, 0.2148184436444534, 0.06788842474680495, 0.31110998327216116], [0.28383262205408477, 0.277922714459246, 0.16221929208646613, 0.2760253714002027], [0.1785306649448277, 0.28902428672631675, 0.21983705679927354, 0.3126079915295819], [0.24116348945952584, 0.2843823659525949, 0.15007601639438586, 0.3243781281934933], [0.3313021497474282, 0.26460056716838026, 0.12328161494177825, 0.2808156681424137], [0.35748738787403833, 0.24988601663126378, 0.09610014364398829, 0.29652645185070947], [0.15870951389317992, 0.2807488846876211, 0.338414637478447, 0.2221269639407518], [0.3214729491124367, 0.24008149831329972, 0.17435652233702315, 0.26408903023724056], [0.16008851892227355, 0.3231469728179868, 0.2556853652157235, 0.26107914304401614], [0.2268389729561534, 0.2977695003508761, 0.19666470865041424, 0.2787268180425563], [0.3021545008786351, 0.24273238151219922, 0.25243446929455565, 0.20267864831461016], [0.16170732157551826, 0.3037031809959628, 0.2386004815926566, 0.295989015835862], [0.1843958316737833, 0.280928555362154, 0.2686756704256904, 0.2659999425383722], [0.1612163981282095, 0.31764716876401705, 0.2659516275900742, 0.25518480551769895], [0.20245312122199155, 0.2957169164025869, 0.18827392229551115, 0.31355604007991045], [0.32696107931787916, 0.253228364026131, 0.14320020564777702, 0.276610351008213], [0.23296334928493753, 0.2939778090864435, 0.20529043706378167, 0.2677684045648371], [0.29096027870170377, 0.2708378290405898, 0.20403759482743017, 0.23416429743027625], [0.31175232574736694, 0.2389298529504623, 0.1631434144982649, 0.28617440680390593], [0.3661115238060766, 0.23315046474470683, 0.09443894338617627, 0.3062990680630402], [0.2863029876218453, 0.24405438718808428, 0.2059990653358295, 0.263643559854241], [0.17144608682301224, 0.29946564007761683, 0.23466713823516439, 0.2944211348642065], [0.2844627022970234, 0.2742631000889419, 0.1575840432073395, 0.283690154406695], [0.22422506339056772, 0.26408597373428927, 0.2787665111405657, 0.23292245173457704], [0.24591551509384407, 0.2865164803658886, 0.24109787310841357, 0.22647013143185402], [0.26936927880475825, 0.25736961977788136, 0.17955052485331127, 0.2937105765640487], [0.34688898574247035, 0.2503677968659446, 0.08414942742553876, 0.31859378996604637], [0.25086852879508864, 0.2971172028332666, 0.14004333046965975, 0.31197093790198527], [0.27348947674676755, 0.2778970448239318, 0.14022544970464138, 0.30838802872465926], [0.31958873030252666, 0.27099417935976594, 0.12531008933761684, 0.2841070010000904], [0.15811100345959098, 0.31799411111951437, 0.2254162606165351, 0.2984786248043595], [0.35069748901822767, 0.2361107419070705, 0.1345346676676378, 0.27865710140706385], [0.2228504983422234, 0.26690664330731145, 0.2224155857812895, 0.28782727256917584], [0.31683767653888056, 0.2638196335962657, 0.11992416678044991, 0.29941852308440386], [0.19332745268137316, 0.3046957438644862, 0.2598127437766332, 0.24216405967750715], [0.27836253861698673, 0.2551149544077049, 0.1548991505903969, 0.31162335638491173], [0.2706979743307367, 0.30053001409678126, 0.15903351446839303, 0.26973849710408876], [0.2627936959312999, 0.2747833987625932, 0.21186013716983462, 0.25056276813627215], [0.36193041057340525, 0.2440465529129581, 0.06781585619992371, 0.326207180313713], [0.26612535595265446, 0.27760003568175295, 0.1480038219920053, 0.3082707863735874], [0.29924720891927514, 0.2710512948597372, 0.1407419828134911, 0.28895951340749654], [0.3078801474664711, 0.2718213762395385, 0.10958225636934499, 0.3107162199246454], [0.3059485717334651, 0.2828617388049856, 0.16184841722885437, 0.24934127223269476], [0.3186834550888695, 0.2730366773786856, 0.10664829139242216, 0.3016315761400226], [0.33077241615820613, 0.2609224137096571, 0.0826599162117805, 0.3256452539203563], [0.29986816221080753, 0.2747363322307091, 0.14279608660518445, 0.2825994189532987], [0.2890728909937955, 0.28860755887993866, 0.11024046133334704, 0.31207908879291896], [0.37039067759920913, 0.23708296508806587, 0.12115185328647862, 0.2713745040262465], [0.2616001130108215, 0.2575006889229816, 0.22212940092780406, 0.25876979713839304], [0.31591807730535837, 0.26245929824882486, 0.12860528715163494, 0.29301733729418167], [0.1693628852490454, 0.30392895343351467, 0.24578928123474544, 0.28091888008269444], [0.2656822520611827, 0.27523367513453273, 0.15638463683353368, 0.3026994359707507], [0.320373154297729, 0.25682998239459065, 0.10802396365363097, 0.31477289965404914], [0.31110003041715767, 0.25424247176228343, 0.1156563463528971, 0.3190011514676616], [0.20484107048241587, 0.2998141430362582, 0.2102289957322031, 0.28511579074912297], [0.3586311605085071, 0.2399745553265879, 0.08869327992836182, 0.3127010042365432], [0.3894623971095962, 0.2115851085568035, 0.1018425391361791, 0.29710995519742145], [0.28289987712846526, 0.27631917861001776, 0.1288902497368161, 0.31189069452470114], [0.3222135040663899, 0.2694233224349028, 0.09692792206529931, 0.31143525143340833], [0.31889847036604907, 0.26927479571988416, 0.12035603010684617, 0.2914707038072205], [0.22508485401024528, 0.30064642049754003, 0.18610720270300093, 0.28816152278921336], [0.33755825311359233, 0.26213812820865945, 0.060862579628692536, 0.33944103904905554], [0.2703785789331012, 0.28110522173040375, 0.1440428950283334, 0.3044733043081617], [0.3111017276903653, 0.26948356672487017, 0.1345323330949577, 0.28488237248980675], [0.34814297325215077, 0.2494364041925135, 0.1122136157084169, 0.29020700684691864], [0.3572166409584472, 0.26386496671601484, 0.07956924694396522, 0.29934914538157276], [0.2854498496898482, 0.2511197656768226, 0.15333003313192003, 0.3101003515014091], [0.3338927612527704, 0.2587586991400328, 0.12470882944660842, 0.2826397101605883], [0.21840023362290753, 0.2826466742917376, 0.21701306630497857, 0.28194002578037597], [0.2740396132601253, 0.2731255718362898, 0.118875082553713, 0.33395973234987203], [0.3129250642304423, 0.25169245407733964, 0.12384989051453314, 0.31153259117768495], [0.290858694824024, 0.2779809291203774, 0.12117195801519853, 0.3099884180404], [0.3316901063565899, 0.2595711921228953, 0.11252350778828502, 0.29621519373222965], [0.3539880626502323, 0.2787040094910685, 0.11286657177968352, 0.25444135607901586], [0.1513753987502577, 0.2993547337091996, 0.3016598003752316, 0.24761006716531106], [0.2818609245701962, 0.2712279365812159, 0.13883061222876864, 0.3080805266198193], [0.22348436498684374, 0.30170901420646734, 0.22310803151154238, 0.2516985892951464], [0.2832519638038222, 0.2969075345816684, 0.16698035385805066, 0.2528601477564592], [0.23540128250463666, 0.293215851712603, 0.1550811120109591, 0.3163017537718015], [0.2831580759540627, 0.2708801012836676, 0.16971102559316625, 0.27625079716910345], [0.18679462906312885, 0.28751898596395487, 0.24430035873078682, 0.2813860262421295], [0.1894440207955302, 0.30761694191937333, 0.2271062791448145, 0.2758327581402819], [0.31672922602156167, 0.2622050528565277, 0.10679103823763583, 0.31427468288427485], [0.34898453759035764, 0.24504380494809852, 0.09794465082443257, 0.3080270066371112], [0.33473512179886855, 0.2539253447814392, 0.10296176221950948, 0.30837777120018267], [0.2590483369440044, 0.29742068144057227, 0.15764740613327957, 0.2858835754821437], [0.3169271642451224, 0.26869732021244475, 0.09409021131040013, 0.32028530423203283], [0.37722967135856644, 0.22790648274328001, 0.1000956828507843, 0.29476816304736936], [0.15142683581965344, 0.29615444767176236, 0.26312370797278456, 0.2892950085357997], [0.23338873860307285, 0.29238220980227464, 0.17561523229007747, 0.2986138193045749], [0.27260107851034476, 0.22963203801229815, 0.21006994603643378, 0.28769693744092334], [0.29116786224050467, 0.2960410473922623, 0.14200221954269404, 0.270788870824539], [0.3368516962257324, 0.25691158317666046, 0.10936872012160363, 0.29686800047600354], [0.3593052874189142, 0.25230754496339713, 0.10533068473503847, 0.2830564828826501], [0.2853512543069445, 0.2951111175511828, 0.08426182969193864, 0.33527579844993416], [0.26225582386949803, 0.2931986897482855, 0.14385030022073328, 0.30069518616148333], [0.35720601817424336, 0.23596159229127806, 0.12281329447327119, 0.28401909506120715], [0.18474797277992755, 0.2925518657056845, 0.20487500050907287, 0.31782516100531516], [0.35854332818998474, 0.2529810854196149, 0.07235503063227491, 0.3161205557581254], [0.34431798614842263, 0.26157504498740064, 0.0707478895114275, 0.32335907935274943], [0.12371418849820502, 0.30838202682132165, 0.3067784037668118, 0.2611253809136619], [0.31291209081533605, 0.26045200770757276, 0.1420906904011824, 0.2845452110759087], [0.23061362117108125, 0.3084210557181249, 0.1396004767264025, 0.3213648463843913], [0.18081439790813045, 0.2903092250848813, 0.30959748414149096, 0.21927889286549726], [0.26168665539738045, 0.26036866315572715, 0.22395001064410233, 0.25399467080279], [0.31001053211382984, 0.2796973030527444, 0.10404127233328461, 0.3062508925001413], [0.3160055484560381, 0.2939847747388808, 0.0750807750728345, 0.31492890173224686], [0.4071630176088427, 0.21516171353061117, 0.08607230878806293, 0.29160296007248315], [0.30370252425388555, 0.28224589499469266, 0.1310631758568537, 0.28298840489456806], [0.2786825299651519, 0.27571019177946887, 0.1163481118421903, 0.3292591664131887], [0.16995125529603028, 0.2998293938137942, 0.24043831341282765, 0.2897810374773479], [0.21933276051270448, 0.2799822430289868, 0.20216463694170586, 0.2985203595166027], [0.35183868143164276, 0.25359016206582113, 0.07517278518475776, 0.3193983713177782], [0.2556757159240493, 0.28228954701526776, 0.1756164237472367, 0.28641831331344647], [0.3000733440981334, 0.25777045387115094, 0.14498395863826818, 0.2971722433924476], [0.30951537441937194, 0.25653311012299224, 0.1388251086535554, 0.2951264068040804], [0.345095657481773, 0.2727328317468706, 0.15508601916794293, 0.22708549160341354], [0.19257819825290282, 0.29480611442440485, 0.27960481582238383, 0.23301087150030872], [0.31439235916322994, 0.2684758126821354, 0.08671988579681542, 0.33041194235781923], [0.3236635079920324, 0.2538985877759411, 0.10453346898644515, 0.3179044352455815], [0.27214906884554524, 0.2827417843519268, 0.15104358643261565, 0.2940655603699126], [0.20498460351330278, 0.3189625394399194, 0.26125659318385797, 0.21479626386291994], [0.29408144536492026, 0.28089843583987484, 0.11053799424919462, 0.31448212454601], [0.19206197709355352, 0.28756863057471144, 0.2804962201323065, 0.2398731721994286], [0.3448160610537875, 0.26016675806208384, 0.06181036712281456, 0.33320681376131434], [0.27610969824577236, 0.28827604273417906, 0.1611216146942052, 0.27449264432584325], [0.20336310409641442, 0.2884873002194481, 0.2443375058269015, 0.2638120898572362], [0.3337707302346684, 0.24895322991093505, 0.10794286240214404, 0.30933317745225264], [0.3066007456897941, 0.26441886855999025, 0.13416490943196674, 0.29481547631824867], [0.33993531419657197, 0.2579840857461946, 0.0712549105259624, 0.33082568953127134], [0.379191053439326, 0.24157656970960914, 0.09305479313247018, 0.2861775837185947], [0.3471665925241989, 0.24455151277777912, 0.1253304794401386, 0.2829514152578834], [0.30330112636899786, 0.2792259425412241, 0.10291214526321524, 0.3145607858265626], [0.250820520133044, 0.27793356975077793, 0.20151811501327394, 0.2697277951029039], [0.3076170094103211, 0.27952638081110454, 0.08444229083180502, 0.3284143189467693], [0.20161930273190123, 0.2953587730182236, 0.30087337027657, 0.20214855397330533], [0.22927729201990646, 0.2958028902192952, 0.1630990302812391, 0.3118207874795596], [0.1768900700184323, 0.2988779160017077, 0.2143571768734492, 0.3098748371064107], [0.2827585642997734, 0.28638393134817675, 0.1334893282560546, 0.29736817609599525], [0.25591562982320615, 0.28463260786425465, 0.2242247712290255, 0.23522699108351366]]}}