{"test": {"ids": ["102110890", "105115680", "101112201", "97112290", "113118231", "99108080", "100108260", "110115140", "110113591", "97107821", "111120280", "112117030", "101111620", "112118820", "108120260", "98116500", "98116090", "101114020", "97109080", "102113210", "110120190", "104113170", "111120591", "112120640", "112119930", "111119430", "112116800", "99108520", "101119591", "111120640", "110116300", "107114950", "113120531", "99107630", "108113760", "109117730", "110121720", "110121500", "101111210", "113120780", "110114610", "108113620", "97111790", "111116040", "98108520", "102112301", "98120010", "112121030", "98111670", "108115070", "100120010", "107117010", "105119950", "106113830", "111119300", "102110050", "101108621", "97106600", "107114490", "99111440", "106113360", "103110840", "107116300", "104119340", "106114321", "99107660", "104113190", "111121220", "107112850", "113117401", "108119510", "103113610", "106115250", "112119450", "108115880", "102110240", "97107681", "103109641", "111114121", "110120560", "104119290", "103112641", "101108500", "103113170", "109119340", "100109801", "100113210", "113122430", "98112580", "112119950", "113118810", "103120531", "113117340", "113118820", "111118301", "98112170", "101108080", "100110050", "107120260", "110118880", "100120780", "103120780", "103120730", "105116501", "106112770", "97113900", "102109850", "111119340", "100109330", "101109000", "109113931", "111119930", "101108950", "104112470", "99113260", "103118110", "99107300", "113119320", "111121351", "106113190", "98109090", "107121700", "112120630", "106121190", "109118161", "97107950", "103111170", "112116451", "113120601", "106118820", "110120640", "100108490", "108116481", "106119990", "111120320", "105112100", "108116120", "104111380", "108115250", "113120591", "109115220", "99108330"], "labels": [0, 2, 0, 1, 3, 3, 3, 0, 0, 2, 0, 2, 3, 0, 1, 2, 0, 3, 2, 3, 3, 3, 1, 0, 1, 3, 0, 2, 0, 0, 3, 3, 0, 2, 1, 3, 3, 3, 2, 0, 1, 3, 2, 0, 2, 1, 2, 0, 1, 1, 0, 1, 3, 1, 1, 3, 0, 3, 3, 3, 0, 1, 0, 1, 2, 3, 3, 3, 1, 3, 1, 2, 2, 3, 3, 3, 3, 1, 0, 0, 1, 3, 3, 3, 3, 0, 0, 2, 2, 0, 3, 3, 2, 0, 3, 3, 0, 3, 1, 0, 1, 1, 1, 1, 1, 2, 1, 3, 0, 1, 1, 1, 2, 1, 0, 2, 3, 1, 0, 0, 1, 3, 3, 2, 0, 2, 2, 0, 2, 3, 0, 2, 0, 0, 1, 1, 1, 3, 1, 0, 3, 1], "predicted_labels": [0, 1, 0, 1, 1, 2, 0, 1, 1, 3, 3, 3, 3, 0, 3, 3, 1, 1, 3, 3, 3, 1, 3, 1, 3, 3, 3, 1, 3, 1, 1, 3, 1, 3, 1, 1, 3, 3, 3, 3, 0, 1, 3, 3, 2, 1, 0, 1, 2, 1, 2, 3, 0, 0, 3, 1, 3, 3, 3, 0, 3, 1, 2, 2, 3, 2, 1, 3, 1, 3, 1, 2, 3, 3, 2, 1, 3, 3, 3, 1, 1, 1, 1, 2, 0, 1, 3, 1, 1, 0, 3, 1, 0, 0, 1, 0, 1, 3, 1, 1, 2, 1, 1, 3, 2, 0, 2, 1, 1, 3, 3, 3, 3, 1, 3, 1, 3, 0, 3, 1, 1, 0, 0, 1, 3, 3, 0, 3, 3, 1, 3, 3, 3, 0, 1, 0, 3, 1, 1, 0, 3, 3], "confidence_scores": [[0.38087003345921266, 0.2005337533254312, 0.13099789426229927, 0.2875983189530567], [0.1404270851556932, 0.5060088330842046, 0.07730699613639823, 0.276257085623704], [0.4813001047920417, 0.33379778484905515, 0.05152777681287679, 0.13337433354602635], [0.1964083775779938, 0.39809706999791755, 0.09365743600341629, 0.3118371164206724], [0.1339883502292057, 0.4810397934625874, 0.08343448711954267, 0.3015373691886643], [0.23697404002083244, 0.2532543888232324, 0.40944508066522395, 0.10032649049071118], [0.32872199094031807, 0.27995761491175625, 0.14876724132918134, 0.24255315281874446], [0.27706195240882436, 0.38415477135318826, 0.11353867050586323, 0.2252446057321242], [0.1985298348163108, 0.46822536076049487, 0.12495457863792071, 0.2082902257852737], [0.30099628676355644, 0.1882967685951144, 0.14771331924942482, 0.36299362539190444], [0.23332789389743422, 0.2459531736658614, 0.19329584579338377, 0.32742308664332065], [0.16761356781987297, 0.2631828155352957, 0.27802400382449266, 0.29117961282033855], [0.10243649588969202, 0.27505739460243966, 0.24284019466825732, 0.3796659148396111], [0.427535750254302, 0.23341543307479243, 0.16388151838727005, 0.17516729828363556], [0.28470754248015256, 0.15478757902480378, 0.10959873246420875, 0.4509061460308348], [0.274855834702396, 0.2774009701648819, 0.1308993947606086, 0.31684380037211357], [0.0828973971175877, 0.5370223250914413, 0.15819130966949413, 0.2218889681214768], [0.16404871473563806, 0.36249897254892993, 0.33091643972225576, 0.14253587299317638], [0.09695584771197013, 0.3166183560217042, 0.22138918175788047, 0.3650366145084452], [0.2354362481732706, 0.23759776728580842, 0.14777315153053244, 0.37919283301038853], [0.19074685175732092, 0.2756424118996904, 0.08556094501307233, 0.44804979132991624], [0.17177051924157707, 0.43642642212866417, 0.1646421198550103, 0.2271609387747485], [0.18683597277501954, 0.3038495654441493, 0.056860209043324395, 0.4524542527375068], [0.30062341512685914, 0.3235250233386798, 0.1217603306595051, 0.25409123087495594], [0.1541869685499973, 0.24349029027775876, 0.12781813384769342, 0.4745046073245504], [0.23862535419603123, 0.25234695836805965, 0.14686502561856685, 0.36216266181734225], [0.12283488422154272, 0.2647373335691007, 0.228703145199578, 0.38372463700977866], [0.1627095540261205, 0.45320435592904523, 0.18233805768516184, 0.20174803235967254], [0.20425227709272875, 0.23447225568270055, 0.14847065617793478, 0.41280481104663597], [0.12609120310435074, 0.6700918796695738, 0.07014319203938912, 0.13367372518668644], [0.2153393811322906, 0.44146586622300804, 0.1294002286840433, 0.2137945239606581], [0.30285913133151565, 0.25958595430606707, 0.09273972449486949, 0.34481518986754767], [0.3363450084669383, 0.37968104153459825, 0.08805901012257848, 0.19591493987588493], [0.24004804481022707, 0.11652759977947753, 0.22645187043547602, 0.41697248497481926], [0.3775851959537516, 0.39381902473041586, 0.11007042914646135, 0.11852535016937124], [0.31120330650473477, 0.3468576504842843, 0.10507168250353639, 0.23686736050744464], [0.26027827022343764, 0.27377611442263455, 0.15838945663841028, 0.30755615871551767], [0.22829829654315856, 0.3173670165012156, 0.06786240740329566, 0.38647227955233016], [0.16902322863102798, 0.22431395825991668, 0.18523298534065186, 0.4214298277684036], [0.131568754230057, 0.33859747817750757, 0.11021806927206096, 0.41961569832037443], [0.318855104701735, 0.3028042307832544, 0.18823544923722943, 0.19010521527778104], [0.14983390114278047, 0.5674674462006728, 0.08703833641664656, 0.19566031623990016], [0.18214227326621046, 0.18530816304843054, 0.15734857403366714, 0.47520098965169194], [0.289724534025702, 0.22099379461677213, 0.18383495921523682, 0.30544671214228913], [0.17121490067014405, 0.2718642593882967, 0.3891526686870907, 0.16776817125446866], [0.2009859558716725, 0.32065808283756014, 0.2711060695032201, 0.2072498917875472], [0.4034434919774477, 0.16337675723696504, 0.25394234621440925, 0.17923740457117815], [0.21150370129294008, 0.42777463316869246, 0.12435137655513313, 0.23637028898323434], [0.18920961447655124, 0.16500937163346704, 0.3985880420549495, 0.24719297183503236], [0.2550400471821336, 0.3866258501945311, 0.23964167305777967, 0.1186924295655556], [0.1879480789242411, 0.20598710127451605, 0.4895272869079771, 0.11653753289326584], [0.10942292554517317, 0.1880680246284526, 0.21244985814743944, 0.4900591916789348], [0.5127673692197801, 0.1750538104908569, 0.21102049474772003, 0.1011583255416429], [0.46036220714483767, 0.18535793568582534, 0.06580709267065314, 0.2884727644986839], [0.3296797223912757, 0.18978860205715542, 0.07688553709280987, 0.403646138458759], [0.17920035673521925, 0.5380568623453628, 0.10351322696060306, 0.17922955395881499], [0.14548403705056318, 0.2258850505765528, 0.09441019673934489, 0.5342207156335392], [0.20000830238329853, 0.23665058671358633, 0.11104873586162307, 0.45229237504149206], [0.16858896135724466, 0.25484311300384915, 0.16263524752398995, 0.41393267811491635], [0.42602068666237636, 0.21301639482933857, 0.18632798689802615, 0.17463493161025895], [0.20580809635363637, 0.221908975841907, 0.09567611123620956, 0.476606816568247], [0.2840200790415253, 0.3558582365681061, 0.16483304737409915, 0.19528863701626958], [0.1964312629871323, 0.14502548830827733, 0.44167061803224783, 0.2168726306723424], [0.2946834395734648, 0.18100638630600493, 0.33499370386481725, 0.1893164702557129], [0.26061426444053654, 0.2604620148618231, 0.13011814229249744, 0.34880557840514304], [0.17063278941143706, 0.22721348301684485, 0.5111108735616541, 0.09104285401006412], [0.2318207417508486, 0.388816622243529, 0.09752462850593065, 0.2818380074996918], [0.13185327494391683, 0.20118453375940754, 0.17658910416807747, 0.49037308712859806], [0.1571823181699356, 0.35873056682629545, 0.2298255763089637, 0.25426153869480533], [0.20147560339840978, 0.32788712730828407, 0.10013635931521245, 0.37050090997809376], [0.20246013105602081, 0.5241987624299235, 0.11966495515602188, 0.15367615135803367], [0.24568663239709093, 0.20095043999235204, 0.2847745411839335, 0.2685883864266235], [0.2522405011709017, 0.1958393524535564, 0.22482884605772072, 0.3270913003178211], [0.2250124740179355, 0.2042680111371117, 0.0784991381800413, 0.4922203766649116], [0.16057905962656258, 0.15653538698068659, 0.46156211204098013, 0.22132344135177073], [0.24072187449715374, 0.32574330252169686, 0.13201695078494566, 0.30151787219620363], [0.23849972452137455, 0.24955362734471495, 0.12692634555473165, 0.385020302579179], [0.2050391981193887, 0.21113860057278283, 0.20087039326935127, 0.38295180803847734], [0.2380048286019002, 0.25475505374253976, 0.1005551632449651, 0.406684954410595], [0.18752988737285492, 0.5332444336773645, 0.14783725965218814, 0.1313884192975923], [0.1391353883506134, 0.44898726049556265, 0.22467855727097918, 0.1871987938828449], [0.2622195587097996, 0.4693594617072852, 0.14103749017350928, 0.12738348940940594], [0.24639386888980877, 0.3416195695812281, 0.13311038773931447, 0.2788761737896488], [0.16318086325586365, 0.2835237897383166, 0.3496603417591528, 0.20363500524666722], [0.4853695258584986, 0.19604251836060585, 0.11212939013607369, 0.2064585656448221], [0.1752227574360483, 0.3374716204688146, 0.23993675209358548, 0.24736887000155153], [0.35237431931581253, 0.17373048061776003, 0.08864743494081884, 0.38524776512560865], [0.21982607913764526, 0.33146447583946226, 0.15709688356213977, 0.2916125614607526], [0.1747175809548507, 0.3859399223710393, 0.0771980575914508, 0.36214443908265925], [0.7348257230360549, 0.10152076064214051, 0.04913886994659571, 0.11451464637520899], [0.26063852314480096, 0.18408676337386626, 0.19768922360563393, 0.3575854898756987], [0.12240187721248355, 0.40992633306779375, 0.11825974211465919, 0.34941204760506356], [0.42337953953754454, 0.20335668454732164, 0.1197887329909761, 0.2534750429241576], [0.35793910528661205, 0.3420712067984044, 0.13983885474616167, 0.16015083316882184], [0.2618042095527109, 0.40272200068469544, 0.07700347139817083, 0.25847031836442275], [0.5007188463539625, 0.2501875148624253, 0.07475363882333329, 0.1743399999602788], [0.12279475627557732, 0.5731357344878925, 0.12244548156543524, 0.181624027671095], [0.11571630143182195, 0.3186470426229286, 0.18189089998868707, 0.3837457559565624], [0.13248441765056054, 0.3651285238556018, 0.19109318079096102, 0.3112938777028768], [0.1633944809272961, 0.4038862149386283, 0.12289138097837898, 0.3098279231556965], [0.2916491853934766, 0.12745995097683624, 0.4000078421800787, 0.1808830214496087], [0.2162879507556789, 0.42385464357620223, 0.1322970481366553, 0.22756035753146364], [0.20993356038614933, 0.4560861764200833, 0.1198971855342473, 0.2140830776595202], [0.21120274566910224, 0.3517400090828875, 0.06727274388048754, 0.36978450136752294], [0.08449957759900907, 0.066793163401126, 0.675069997033344, 0.1736372619665209], [0.4136908627435814, 0.16296689144033608, 0.2511095045133721, 0.17223274130271043], [0.10295087316703978, 0.12687940102461534, 0.6202715272845493, 0.1498981985237957], [0.28783584322455974, 0.4320334158275025, 0.10956390195378073, 0.17056683899415706], [0.19777723236913317, 0.42875559028832955, 0.14173900630709682, 0.23172817103544047], [0.10036404952960365, 0.22853765844103774, 0.18949299119274662, 0.48160530083661207], [0.1300893273138434, 0.35113320231925954, 0.07714570643697916, 0.4416317639299178], [0.15211008473104728, 0.13377642649316418, 0.2885450245663386, 0.4255684642094499], [0.17078168388401715, 0.2738622364593582, 0.17232264000487815, 0.3830334396517465], [0.17927729917933422, 0.3938858270992243, 0.11532060557785434, 0.3115162681435872], [0.222182807176038, 0.21210537732945414, 0.19671510912747617, 0.36899670636703186], [0.1824437388401103, 0.536079037161074, 0.166235678659271, 0.11524154533954474], [0.2799251196095942, 0.26110173013817056, 0.061956084833004084, 0.39701706541923115], [0.4224234223102428, 0.2058068886722829, 0.1612782825990547, 0.21049140641841954], [0.19732783242302468, 0.28205187994671965, 0.21214939166123195, 0.30847089596902366], [0.3017259800515859, 0.34524614059091824, 0.06474782124881687, 0.28828005810867896], [0.2043964022741468, 0.3535761457047355, 0.1733707498141913, 0.2686567022069264], [0.40602764214805287, 0.17315522375831582, 0.11422767712784579, 0.30658945696578543], [0.42870437921779797, 0.16068757111299903, 0.06060801011225377, 0.350000039556949], [0.18645811597665377, 0.4589255353131475, 0.14457495784194446, 0.21004139086825432], [0.2050756840051266, 0.16807491455091586, 0.12169220239430514, 0.5051571990496524], [0.16034665060723297, 0.216623730777982, 0.16513669395895328, 0.4578929246558317], [0.3209140329766925, 0.2646873747160946, 0.1965578653803572, 0.21784072692685577], [0.21677953479026862, 0.27957615246730066, 0.14773927742955786, 0.3559050353128728], [0.12510888516711038, 0.33552753982767763, 0.08710055859043582, 0.4522630164147762], [0.24119488080497428, 0.4674230453137518, 0.09528248075950049, 0.19609959312177344], [0.17776014320077824, 0.278752389359965, 0.15238934597983556, 0.3910981214594212], [0.2520016432280838, 0.20243833957529686, 0.23705363171282012, 0.3085063854837992], [0.1696314036999145, 0.14878765716082812, 0.059661718288946314, 0.6219192208503109], [0.6775186827761793, 0.11123891464088684, 0.04619098010464788, 0.165051422478286], [0.17676933798221892, 0.3789296894914289, 0.08964294651272055, 0.3546580260136317], [0.28566230341061216, 0.28534136932343296, 0.20396536268397406, 0.2250309645819807], [0.21562399564547644, 0.194197931780823, 0.07584131823407074, 0.5143367543396298], [0.1716997746979615, 0.3328247626403866, 0.21230474822184897, 0.28317071443980296], [0.22359258395307854, 0.34296082460794886, 0.13867752790622345, 0.2947690635327491], [0.5347200103156511, 0.230818645429466, 0.040491892818054924, 0.19396945143682787], [0.11177008111401715, 0.30475180454933776, 0.07917060326847136, 0.5043075110681737], [0.10671020823174825, 0.3091378562507759, 0.0914301970285068, 0.4927217384889691]]}, "rewritten": {"ids": ["97106600", "97107681", "97107821", "97107950", "97109080", "97111790", "97112290", "97113900", "98108520", "98109090", "98111670", "98112170", "98112580", "98116090", "98116500", "98120010", "99107300", "99107630", "99107660", "99108080", "99108330", "99108520", "99111440", "99113260", "100108260", "100108490", "100109330", "100109801", "100110050", "100113210", "100120010", "100120780", "101108080", "101108500", "101108621", "101108950", "101109000", "101111210", "101111620", "101112201", "101114020", "101119591", "102109850", "102110050", "102110240", "102110890", "102112301", "102113210", "103109641", "103110840", "103111170", "103112641", "103113170", "103113610", "103118110", "103120531", "103120730", "103120780", "104111380", "104112470", "104113170", "104113190", "104119290", "104119340", "105112100", "105115680", "105116501", "105119950", "106112770", "106113190", "106113360", "106113830", "106114321", "106115250", "106118820", "106119990", "106121190", "107112850", "107114490", "107114950", "107116300", "107117010", "107120260", "107121700", "108113620", "108113760", "108115070", "108115250", "108115880", "108116120", "108116481", "108119510", "108120260", "109113931", "109115220", "109117730", "109118161", "109119340", "110113591", "110114610", "110115140", "110116300", "110118880", "110120190", "110120560", "110120640", "110121500", "110121720", "111114121", "111116040", "111118301", "111119300", "111119340", "111119430", "111119930", "111120280", "111120320", "111120591", "111120640", "111121220", "111121351", "112116451", "112116800", "112117030", "112118820", "112119450", "112119930", "112119950", "112120630", "112120640", "112121030", "113117340", "113117401", "113118231", "113118810", "113118820", "113119320", "113120531", "113120591", "113120601", "113120780", "113122430"], "labels": [3, 3, 2, 2, 2, 2, 1, 2, 2, 1, 1, 3, 2, 0, 2, 2, 3, 2, 3, 3, 1, 2, 3, 0, 3, 2, 0, 0, 3, 0, 0, 1, 0, 3, 0, 2, 1, 2, 3, 0, 3, 0, 1, 3, 3, 0, 1, 3, 1, 1, 2, 3, 3, 2, 2, 3, 1, 1, 3, 1, 3, 3, 1, 1, 1, 2, 1, 3, 1, 0, 0, 1, 2, 2, 3, 0, 2, 1, 3, 3, 0, 1, 1, 3, 3, 1, 1, 1, 3, 1, 0, 1, 1, 1, 3, 3, 0, 3, 0, 1, 0, 3, 0, 3, 0, 0, 3, 3, 0, 0, 3, 1, 3, 3, 1, 0, 1, 1, 0, 3, 0, 0, 0, 2, 0, 3, 1, 0, 3, 0, 0, 2, 3, 3, 3, 0, 1, 0, 0, 2, 0, 2], "predicted_labels": [3, 3, 0, 2, 2, 3, 3, 3, 1, 1, 3, 3, 0, 1, 1, 2, 1, 3, 0, 1, 1, 1, 0, 1, 3, 0, 1, 3, 0, 3, 2, 3, 1, 1, 3, 3, 3, 1, 3, 0, 2, 3, 2, 1, 2, 2, 1, 1, 0, 1, 2, 1, 1, 0, 1, 1, 1, 1, 0, 3, 2, 3, 1, 3, 0, 1, 3, 2, 2, 1, 0, 1, 1, 2, 1, 0, 1, 1, 3, 1, 3, 0, 0, 2, 1, 0, 0, 1, 3, 3, 3, 1, 3, 1, 3, 0, 0, 0, 1, 2, 0, 1, 3, 3, 1, 3, 0, 1, 1, 0, 1, 3, 1, 3, 2, 3, 3, 1, 1, 3, 3, 3, 3, 0, 1, 3, 3, 0, 0, 1, 2, 3, 3, 3, 0, 3, 2, 1, 0, 3, 3, 1], "confidence_scores": [[0.29077292793651177, 0.27770969423257247, 0.09526398451242318, 0.3362533933184924], [0.18877372896088448, 0.26697542526670176, 0.17481340327821537, 0.36943744249419835], [0.3729099469370731, 0.1969196593710728, 0.11768934455495707, 0.31248104913689706], [0.1631848093188702, 0.23646783919873568, 0.3939850168073896, 0.20636233467500453], [0.14465472800651627, 0.3086822345128506, 0.3265684500365762, 0.22009458744405688], [0.2459708191746289, 0.1954101859707931, 0.13865285092100377, 0.41996614393357434], [0.3151543608491982, 0.2081868699451264, 0.12298183293543845, 0.35367693627023694], [0.23557978091735307, 0.25231064666719394, 0.10026982837512727, 0.4118397440403257], [0.280948078007742, 0.44068482450045426, 0.17332490407432152, 0.10504219341748221], [0.21054403762416243, 0.46321230686127507, 0.13880690573496754, 0.18743674977959496], [0.1817463875113764, 0.18044078082967568, 0.2958484286143208, 0.34196440304462716], [0.21499739873661228, 0.33235732096238557, 0.05618127619347066, 0.3964640041075315], [0.3755169237036399, 0.2692954320310014, 0.11363369093487403, 0.24155395333048457], [0.0896166081379686, 0.4820320635972035, 0.26465018543469265, 0.16370114283013534], [0.12488917221635558, 0.5196597134667117, 0.1485667640047434, 0.20688435031218955], [0.1447259425993354, 0.3533343837273343, 0.37013193269943595, 0.1318077409738944], [0.22825362851055203, 0.3758458847832191, 0.12334059691324546, 0.27255988979298346], [0.23885097788433984, 0.18019573996741442, 0.24749676870535747, 0.33345651344288846], [0.3939801830149561, 0.24633802394537, 0.14276599827975361, 0.21691579475992032], [0.18705112616263025, 0.4294514711476855, 0.2562769083227905, 0.12722049436689384], [0.08029947285986042, 0.6242947865904201, 0.08435630175500484, 0.2110494387947146], [0.19651464634855637, 0.4345339887080172, 0.2543393602918597, 0.11461200465156682], [0.29170822395200824, 0.2723905186979803, 0.206737074724186, 0.2291641826258255], [0.1221117526824232, 0.35099006403312316, 0.23234682418272534, 0.2945513591017282], [0.23386767832356872, 0.18139813853518813, 0.19866205975724424, 0.3860721233839988], [0.28345092424085006, 0.2742415200764806, 0.21406340053945438, 0.22824415514321508], [0.16456826563536098, 0.3824642279001353, 0.1816190301581496, 0.2713484763063543], [0.15411384770644973, 0.2905473995875701, 0.12442598539259565, 0.43091276731338446], [0.5475532640830745, 0.19517374910980578, 0.15642185840033146, 0.10085112840678827], [0.3268482056293142, 0.1643163173521442, 0.11273240108025823, 0.3961030759382834], [0.20705058047311128, 0.26197371355986204, 0.30728507855464554, 0.2236906274123812], [0.2670898081736725, 0.1573586728466781, 0.21441592488000902, 0.36113559409964063], [0.1423058486174425, 0.5837536278778525, 0.11292991890799631, 0.16101060459670855], [0.25428176271663544, 0.33855286669376644, 0.13537877682241378, 0.2717865937671843], [0.2916250174181409, 0.20927110997540038, 0.0675090314784098, 0.43159484112804886], [0.151215920516542, 0.22515322080629122, 0.11798852292970494, 0.5056423357474619], [0.12437546041858005, 0.14374393369570077, 0.2748437359213322, 0.457036869964387], [0.17372510859567858, 0.40410955353051864, 0.1901948190769767, 0.23197051879682615], [0.1576210458538158, 0.22017513963900964, 0.173405004871527, 0.4487988096356475], [0.38848499744567744, 0.2879899957395461, 0.06108815332681418, 0.26243685348796225], [0.2122028793264062, 0.17289910085502283, 0.3774828600647213, 0.2374151597538498], [0.1508321435684679, 0.20877763908028732, 0.12311532467494649, 0.5172748926762983], [0.1447714545205434, 0.307431064386076, 0.3982548661522357, 0.14954261494114499], [0.18156848091797684, 0.4037324754364725, 0.0918408783388103, 0.32285816530674055], [0.24505344144686927, 0.19586154078057189, 0.2949001813071348, 0.264184836465424], [0.2890200675899063, 0.17685216174682805, 0.3541910786242373, 0.1799366920390282], [0.17230207484336138, 0.5089565253847015, 0.1860723527825365, 0.13266904698940066], [0.19880442083471442, 0.3210999485584573, 0.19143139432635708, 0.2886642362804713], [0.2903328097241097, 0.22580392439625652, 0.21113290086433706, 0.27273036501529685], [0.16996233673923816, 0.4018373292876385, 0.11842342695574586, 0.3097769070173775], [0.15175889883963803, 0.2258847498427682, 0.4877120884136632, 0.1346442629039306], [0.19652924309604275, 0.4379904169500305, 0.18999788688227284, 0.1754824530716539], [0.2063085762639686, 0.3438823393251565, 0.2791897469638167, 0.17061933744705812], [0.31662185623448597, 0.2549763622354106, 0.22277333412906616, 0.20562844740103722], [0.28334638345816904, 0.3800890700153001, 0.19073666572433567, 0.14582788080219533], [0.20520474170819922, 0.32913403506526206, 0.16191312000544014, 0.30374810322109863], [0.2917904182087229, 0.42286429979959794, 0.0906481264914232, 0.19469715550025582], [0.31195768689433484, 0.38635746774993945, 0.1233808516207985, 0.17830399373492728], [0.41787762361885894, 0.21084602580912323, 0.25700354330227443, 0.11427280726974352], [0.22137670405512117, 0.27982419588489854, 0.13202455102675884, 0.36677454903322126], [0.17201615977780046, 0.25928178943656494, 0.3512728082718068, 0.21742924251382795], [0.28697103599354584, 0.2602768460953359, 0.11349528694192178, 0.3392568309691964], [0.12946033207624216, 0.431829517257216, 0.17440486121514714, 0.2643052894513946], [0.26929955147562346, 0.12790728896196363, 0.1576234715048773, 0.44516968805753565], [0.33517058140286937, 0.2797945551381752, 0.190669055530395, 0.19436580792856045], [0.15753391493866753, 0.5073571040684444, 0.13513168464364567, 0.1999772963492424], [0.2356532179818811, 0.30607001171851894, 0.07218901424418507, 0.38608775605541473], [0.25900723677884896, 0.19521001101892196, 0.29791086890460866, 0.2478718832976204], [0.08507457132323373, 0.08094639473459715, 0.6985164812382172, 0.13546255270395194], [0.2567952670142078, 0.3829166615285648, 0.06756903261103005, 0.2927190388461975], [0.36241002947912604, 0.23445083658357457, 0.12935394578001388, 0.27378518815728553], [0.22287478683206027, 0.3210818153497402, 0.23951281526566268, 0.21653058255253688], [0.14549075978713075, 0.41699185118303106, 0.11065801074706226, 0.326859378282776], [0.2348338422911222, 0.17798993948744612, 0.44288261251300554, 0.14429360570842623], [0.1700650462696881, 0.5757915239616744, 0.0979782321903346, 0.15616519757830288], [0.7190023950258806, 0.06336276921212688, 0.07827695682707306, 0.1393578789349197], [0.18891334932864573, 0.4578759435415884, 0.17541624397185682, 0.17779446315790895], [0.14180931921423004, 0.5032389844167124, 0.18473954692946015, 0.1702121494395974], [0.13768052446653517, 0.28584267706931177, 0.13737006152974532, 0.43910673693440777], [0.17724874837042615, 0.43816385056148377, 0.09901461517340207, 0.2855727858946881], [0.26632485845790405, 0.2177066583827762, 0.19026445912065781, 0.32570402403866194], [0.4040203627760289, 0.1583763024727636, 0.10636665874940977, 0.33123667600179785], [0.6099543187558145, 0.230733768220039, 0.05018053539358283, 0.10913137763056363], [0.2276216772885159, 0.16857084776269432, 0.37847172591237815, 0.22533574903641193], [0.14057131920556823, 0.5541742147197242, 0.09331715652975464, 0.21193730954495316], [0.421579284490578, 0.21561852871102777, 0.25138115142501016, 0.11142103537338417], [0.3709950827515562, 0.3542531837049954, 0.15014936694477274, 0.12460236659867574], [0.23813606883129806, 0.4065953510082743, 0.13598312768619097, 0.2192854524742366], [0.13518275145807734, 0.13579481168940533, 0.3367067464957144, 0.3923156903568031], [0.13326623879657157, 0.12114024838122776, 0.08990215743876423, 0.6556913553834366], [0.16819440698870808, 0.12650483477646632, 0.07472027854534496, 0.6305804796894806], [0.09787850862275746, 0.6574558156815961, 0.11745142507992218, 0.1272142506157244], [0.14656925066565785, 0.2347395658916854, 0.08409914151934986, 0.5345920419233069], [0.09517859405209934, 0.5257330307439839, 0.05543644159563013, 0.32365193360828665], [0.1051339096992944, 0.19230083037246723, 0.07080215720500835, 0.6317631027232301], [0.4013022138521105, 0.29577986505464704, 0.12175244147569617, 0.18116547961754628], [0.3923670088182133, 0.21988571239556426, 0.22052034719483485, 0.16722693159138757], [0.44524499138726537, 0.19981798955309124, 0.21719652384062485, 0.13774049521901846], [0.1916113048152268, 0.35585448313023205, 0.24822089740358297, 0.20431331465095826], [0.1554970524200593, 0.3180192327719534, 0.3889507932424475, 0.13753292156553967], [0.34523129057213253, 0.24356417973738, 0.20542229071734686, 0.20578223897314063], [0.1427860496383149, 0.5846332154784705, 0.09622768799146035, 0.17635304689175438], [0.10915100273323473, 0.19052914491936473, 0.2185109888168085, 0.4818088635305921], [0.21690677686105583, 0.2525186475097029, 0.12130239207650632, 0.40927218355273487], [0.14996516639958613, 0.5351707699803265, 0.15469340661004638, 0.16017065701004077], [0.15123380596119224, 0.1736251139325329, 0.278677951435867, 0.39646312867040806], [0.4264639802826469, 0.2891578975282557, 0.05642277584390356, 0.2279553463451939], [0.247751534977601, 0.492884297495326, 0.10876865245805131, 0.15059551506902186], [0.28648278961929385, 0.33389807468249555, 0.1398260779131506, 0.23979305778506016], [0.4152407880720834, 0.16799502566890562, 0.1737116998698692, 0.24305248638914173], [0.2636545291513274, 0.3867414162450557, 0.08531781640048286, 0.2642862382031342], [0.19882470285652334, 0.3441441230227521, 0.0808061184855757, 0.37622505563514896], [0.19726105894811877, 0.4710284840245753, 0.1091637723153823, 0.22254668471192376], [0.20842353924183907, 0.22079529793953578, 0.07792579824356582, 0.4928553645750594], [0.15139230389953118, 0.15558832907986592, 0.45331920813091064, 0.23970015888969223], [0.2671279159219646, 0.25348260712517406, 0.16068211032415652, 0.3187073666287048], [0.20521634096223973, 0.3284845109961963, 0.0849452040430078, 0.38135394399855643], [0.2857859186343685, 0.4090177906107435, 0.08707255362039293, 0.21812373713449518], [0.08409957926080545, 0.635200137546122, 0.12981298740107125, 0.15088729579200139], [0.10281213728390402, 0.15783203292254083, 0.06378694512780911, 0.6755688846657459], [0.27771189080319697, 0.2763169546874566, 0.15330974717484033, 0.2926614073345061], [0.26744758949663694, 0.2872901852052884, 0.10176464454056497, 0.34349758075750986], [0.15327255233905585, 0.37007770776269805, 0.10002821793147135, 0.3766215219667749], [0.4429985881054489, 0.12973618328416703, 0.24989180526871288, 0.17737342334167114], [0.2686578177199338, 0.4213554780665627, 0.08093566777516979, 0.2290510364383337], [0.22431321386189182, 0.2441842504779699, 0.08720697334512066, 0.44429556231501754], [0.06709023226900863, 0.09342889145643081, 0.16817027265478854, 0.671310603619772], [0.7282893558640278, 0.13075901123810138, 0.029773156466437915, 0.1111784764314331], [0.40353380209455114, 0.13620163229831944, 0.09225776706690116, 0.36800679854022833], [0.2200834868373251, 0.3664888720919308, 0.0768643375669763, 0.336563303503768], [0.24445790619845134, 0.2522552882710505, 0.4038710044146031, 0.09941580111589512], [0.22766433197829233, 0.20125069554286437, 0.13013848631856245, 0.44094648616028076], [0.2415187562629293, 0.21989820363159057, 0.09422295449430552, 0.4443600856111747], [0.1542990218527642, 0.26308018698425634, 0.14173578771566062, 0.4408850034473188], [0.604319065395393, 0.12099915209053613, 0.09835260822184114, 0.17632917429222955], [0.23340987198273372, 0.27848030874475055, 0.1122309815702553, 0.3758788377022606], [0.30650795177899953, 0.1714801740629741, 0.3493154290303763, 0.17269644512764998], [0.16516089774285078, 0.6179498014229445, 0.04080827973792241, 0.17608102109628254], [0.6915712833437088, 0.09884589135826614, 0.05363122093973251, 0.15595160435829256], [0.07635622713021815, 0.1528623341534731, 0.10443917152125147, 0.6663422671950572], [0.07952201001944181, 0.30406372486940597, 0.05690037453462764, 0.5595138905765246], [0.1534119222599678, 0.647194168673712, 0.10227771024600123, 0.09711619882031895]]}}