{"test": {"ids": ["100111270", "105113480", "107118780", "106117790", "97107681", "103111170", "111120640", "113117550", "108113620", "111116040", "112118880", "99109141", "102117351", "105117351", "112116451", "105115380", "106116120", "98116500", "111119950", "108120700", "108120060", "98120530", "106113830", "97113260", "112116540", "99117740", "112118890", "99108080", "110117870", "98120010", "110114720", "105113620", "100109801", "113118490", "110121450", "101108290", "103112641", "106116441", "112117571", "105115720", "106113190", "106120290", "112118581", "110114950", "98110810", "101112160", "113122320", "109114220", "98109230", "108115970", "113119300", "99108580", "108115070", "102118380", "102121440", "103117461", "111117200", "111119610", "106114880", "109118820", "111116010", "110118930", "108115870", "103109641", "102109850", "98117740", "111116090", "113118630", "100112060", "106119990", "101108370", "98107010", "103113270", "104118340", "113121220", "105113440", "109116930", "97107920", "107116980", "99111000", "107113130", "98110710", "108121160", "108121190", "107113170", "98119591", "113120780", "105113210", "108114670", "97116401", "112117471", "97105580", "100107920", "97106591", "100109890", "110115140", "112118550", "113122180", "110121170", "98107340", "109121351", "112119320", "112116800", "109117431", "102113210", "98106111", "105117431", "111119430", "99105921", "101108460", "113118690", "113121410", "100117420", "106116640", "110118161", "110119300", "111115620", "101111210", "113121950", "107118490", "109114270", "113121010", "109121410", "112117030", "98108970", "113122150", "100113210", "101121640", "99108890", "107120880", "108114180", "100109910", "112118860", "102110750", "109116040", "110117200", "109113281", "106118520", "113119700", "97105451", "112119610", "113119120"], "labels": [2, 0, 1, 1, 3, 2, 0, 3, 3, 0, 1, 3, 1, 0, 0, 1, 1, 2, 0, 2, 1, 1, 1, 1, 1, 2, 3, 3, 3, 2, 3, 0, 0, 1, 3, 0, 3, 0, 3, 1, 0, 2, 1, 0, 1, 3, 1, 3, 1, 2, 1, 0, 1, 1, 2, 0, 0, 2, 0, 3, 1, 1, 3, 1, 1, 2, 3, 3, 2, 0, 1, 3, 2, 2, 3, 0, 0, 0, 3, 2, 1, 2, 2, 1, 0, 1, 0, 3, 3, 3, 3, 1, 0, 1, 3, 0, 3, 2, 2, 0, 0, 1, 0, 1, 3, 0, 1, 3, 1, 0, 3, 0, 2, 3, 0, 1, 1, 2, 3, 2, 3, 2, 0, 2, 3, 2, 0, 2, 0, 1, 1, 2, 3, 1, 0, 3, 0, 2, 0, 0, 0, 3], "predicted_labels": [2, 3, 0, 2, 2, 1, 0, 3, 3, 0, 2, 1, 0, 3, 0, 1, 1, 3, 3, 0, 1, 1, 3, 3, 1, 2, 0, 0, 3, 1, 2, 1, 1, 0, 1, 3, 2, 1, 0, 1, 3, 1, 3, 0, 1, 3, 3, 0, 0, 3, 3, 2, 0, 1, 1, 1, 3, 1, 1, 0, 1, 3, 3, 2, 2, 2, 3, 3, 1, 3, 0, 1, 3, 1, 3, 0, 0, 0, 0, 2, 1, 1, 1, 3, 3, 1, 1, 3, 1, 3, 3, 0, 3, 1, 2, 3, 3, 3, 3, 2, 0, 2, 1, 1, 3, 1, 1, 1, 2, 3, 0, 3, 2, 3, 0, 3, 1, 3, 1, 1, 0, 1, 3, 3, 1, 3, 3, 1, 1, 3, 3, 2, 0, 2, 3, 0, 3, 0, 1, 0, 1, 3], "confidence_scores": [[0.12230149823858578, 0.2600152413129272, 0.438325178759361, 0.1793580816891259], [0.2537950385531048, 0.2986405288758145, 0.13123756465894262, 0.31632686791213793], [0.29392413333205397, 0.28182508229423553, 0.11369228380747101, 0.31055850056623957], [0.1547696249346951, 0.27974515651755827, 0.3516440127608652, 0.21384120578688132], [0.12407757027072566, 0.24007580298292278, 0.3984101915860687, 0.23743643516028262], [0.21033188015956386, 0.2792580011192629, 0.2268511337582594, 0.28355898496291376], [0.288532085268428, 0.30753810013490235, 0.08687138419365052, 0.31705843040301906], [0.25479179308033195, 0.29874259625089766, 0.14790613543096828, 0.29855947523780213], [0.23235954133314984, 0.2809156369723589, 0.20033733247736749, 0.2863874892171237], [0.2944708631472911, 0.26950625725225624, 0.1318749324343822, 0.3041479471660701], [0.17877355138364606, 0.260754688409011, 0.31796349533054125, 0.24250826487680124], [0.2718187288678471, 0.2958888724010653, 0.12752586651148853, 0.30476653221959904], [0.29584094088147567, 0.303030798132439, 0.06950735291891436, 0.33162090806717115], [0.29506086625145517, 0.2995938017194021, 0.07910185584871991, 0.32624347618042293], [0.3154277444947737, 0.2911803475677939, 0.07068587906459863, 0.32270602887283406], [0.13360169810358816, 0.2953515544510277, 0.32088070264339996, 0.25016604480198434], [0.24342988963553755, 0.3016954631854445, 0.1597537732574404, 0.29512087392157743], [0.2536149072607577, 0.2977658503396841, 0.13520202204652065, 0.31341722035303765], [0.2818321137583075, 0.2857711617536605, 0.12101579136145617, 0.31138093312657555], [0.2996502159825121, 0.2913862387462142, 0.08644036489707324, 0.32252318037420036], [0.2140644260748178, 0.288661321615403, 0.2617267478775221, 0.23554750443225725], [0.281059753267193, 0.3213054222365643, 0.059017103618496686, 0.33861772087774616], [0.2548977119285292, 0.3026160896853571, 0.13188062646328466, 0.31060557192282934], [0.1866270014139938, 0.26837225666631626, 0.27281878624352573, 0.2721819556761642], [0.26693838352724103, 0.3186255239283668, 0.08461077936567693, 0.3298253131787156], [0.1544220275555523, 0.2666160685685182, 0.3572433562190725, 0.22171854765685695], [0.31795922991613934, 0.2822623349081132, 0.07091684823490901, 0.32886158694083834], [0.27068815044467465, 0.2787699322535445, 0.15928601355992483, 0.2912559037418559], [0.18866443058162333, 0.2816927791330689, 0.24996425152470633, 0.2796785387606016], [0.24714134654487527, 0.28271710015519935, 0.18589115038404452, 0.284250402915881], [0.09206624889265, 0.23518700832250297, 0.5222776638619415, 0.15046907892290548], [0.23177533232710798, 0.30517192006712746, 0.16530699796541154, 0.2977457496403532], [0.2455819815867208, 0.31467567266550944, 0.11612969863889432, 0.32361264710887555], [0.2750902538036427, 0.2680384947973412, 0.1673525748127076, 0.28951867658630825], [0.2764908157193174, 0.2987063638806171, 0.12328368516887901, 0.30151913523118656], [0.2901208192345455, 0.2800722257692065, 0.10800526614069093, 0.32180168885555716], [0.1620448043271211, 0.2683116575737761, 0.35668685163673475, 0.21295668646236804], [0.2893770991094325, 0.3089557942198418, 0.07437174491102364, 0.3272953617597021], [0.2969757302446323, 0.3082183853141769, 0.062880082594449, 0.3319258018467421], [0.18617082180230415, 0.3229790520831943, 0.17528990173358158, 0.31556022438092], [0.24968079716004962, 0.2823808494337473, 0.17151681446871814, 0.2964215389374851], [0.18495984516286948, 0.2827087542495615, 0.3295214697474602, 0.20280993084010898], [0.22607369216932227, 0.3004379774328258, 0.1738273480445876, 0.29966098235326416], [0.3237610632737866, 0.279187434929499, 0.07238401129826996, 0.32466749049844446], [0.19811324634496172, 0.3131073502811446, 0.2533985928524994, 0.2353808105213942], [0.13508336019157927, 0.2610140277910418, 0.33612943192684475, 0.2677731800905338], [0.2612234194912465, 0.30433717621812706, 0.12362803552786211, 0.31081136876276483], [0.2414903414250514, 0.26063360392845275, 0.22197959060877429, 0.27589646403772145], [0.2700533343915011, 0.2607550377818399, 0.2719049899599797, 0.19728663786667974], [0.2778907608834784, 0.31040378961115006, 0.08526106331362832, 0.32644438619174326], [0.2645275700026838, 0.30492042650911566, 0.1095863163624186, 0.32096568712578183], [0.21021839244438262, 0.25987358589320153, 0.3403631926091498, 0.1895448290532659], [0.29071031000343084, 0.2696861115423523, 0.1514524153333856, 0.28815116312083117], [0.1894466347312459, 0.290852929237905, 0.23639340612922638, 0.2833070299016226], [0.18616264742623861, 0.2847514157579139, 0.23977369837069606, 0.28931223844515136], [0.2352633963700707, 0.2985542442698844, 0.17242680349038111, 0.29375555586966395], [0.2438173818041838, 0.2843504829961078, 0.16782847120969144, 0.3040036639900169], [0.16637941670984666, 0.3115750013718231, 0.2529404366302168, 0.2691051452881135], [0.210583444820526, 0.28501269348002656, 0.25782161349844646, 0.24658224820100114], [0.2709063869989269, 0.2767401592704, 0.16869165782482876, 0.2836617959058447], [0.22054003440535663, 0.31377743426408206, 0.16958776260758235, 0.2960947687229792], [0.22845004025666682, 0.3291504323136844, 0.11791871006890414, 0.3244808173607445], [0.2726946894693024, 0.3099954668535295, 0.09066449805728052, 0.32664534561988756], [0.14435703609634376, 0.2587648836853846, 0.34821146561889643, 0.24866661459937497], [0.16518014822868293, 0.26240473682516824, 0.3805185170647424, 0.19189659788140684], [0.16632689799093361, 0.22396116978373173, 0.377974029600431, 0.23173790262490376], [0.29412725439098186, 0.31256687104206393, 0.059785173702178895, 0.33352070086477525], [0.24970249687714866, 0.3028510663652558, 0.13499512545623374, 0.31245131130136167], [0.2187835159380921, 0.2702478365880062, 0.26346663280659227, 0.24750201466730923], [0.23724320875353125, 0.31298131470175716, 0.12949702258090245, 0.3202784539638092], [0.32894345686514226, 0.26316207835997846, 0.10888105713343048, 0.29901340764144896], [0.2430990208879512, 0.29456407091058634, 0.17677451931862342, 0.28556238888283875], [0.22670855964042688, 0.2803723290279756, 0.20731463613335813, 0.28560447519823917], [0.20705221532004564, 0.32471077454034464, 0.14621939200163994, 0.3220176181379697], [0.21487796284794694, 0.2923120337915875, 0.18049083639433441, 0.31231916696613116], [0.24101706910673426, 0.2598781029124363, 0.2427435006119271, 0.25636132736890227], [0.2590600636730838, 0.24452606780569372, 0.26354418314144135, 0.2328696853797808], [0.3218713102404779, 0.27487052096120457, 0.07880622375439046, 0.324451945043927], [0.3200573429122354, 0.2895529883571978, 0.06732979913772684, 0.32305986959284], [0.08837757733577362, 0.23003729476419327, 0.5452337001723901, 0.13635142772764286], [0.23803544946001867, 0.2827338115951333, 0.25657685173993394, 0.22265388720491383], [0.21079466004154448, 0.31363295495024934, 0.1754810335575462, 0.30009135145065996], [0.2703550052135369, 0.3405804026087691, 0.044866340550427604, 0.3441982516272664], [0.16481585615431493, 0.31231262107274155, 0.20667213880278368, 0.31619938397015995], [0.24873088576972444, 0.2968595699280887, 0.14723709266602983, 0.307172451636157], [0.2236445960995356, 0.2676285948911257, 0.25701804393224487, 0.2517087650770939], [0.24335260758730654, 0.2938051407289913, 0.16740464686701773, 0.29543760481668446], [0.2788455928767821, 0.3111157518792356, 0.07800040662331108, 0.3320382486206713], [0.23866813583895166, 0.28036453864837446, 0.20804998552342302, 0.27291733998925094], [0.23076993266141405, 0.2918131021498152, 0.1792114874733329, 0.2982054777154379], [0.27103145828746594, 0.3177019075276286, 0.0791614268323442, 0.3321052073525612], [0.24206554511014788, 0.25973515148079884, 0.27912270349059043, 0.21907659991846287], [0.27913440145054924, 0.31899579130925904, 0.06775508724096324, 0.3341147199992285], [0.24668039684326068, 0.31147807880227263, 0.13519952026311824, 0.3066420040913485], [0.23460947709955174, 0.2586547675128952, 0.25352188280482424, 0.25321387258272876], [0.22911368484694122, 0.25385785395747484, 0.24677491491939033, 0.27025354627619386], [0.28509610148402414, 0.3088831974254456, 0.07952172741439636, 0.32649897367613395], [0.25101796010797006, 0.3108034293523549, 0.1194630268104894, 0.3187155837291857], [0.2601575456616796, 0.30768905007124975, 0.10867076937433602, 0.32348263489273493], [0.18854416970301954, 0.22750451080019166, 0.3392678067324775, 0.24468351276431136], [0.2866429196830028, 0.3083476759063385, 0.08177722170558885, 0.32323218270506987], [0.09774392098170756, 0.26633301029353845, 0.454246126793346, 0.18167694193140774], [0.2564813708525218, 0.323908954433682, 0.09135687694776758, 0.32825279776602856], [0.27483181405387713, 0.30553995600137573, 0.10920489947837085, 0.3104233304663763], [0.23343141245642415, 0.28753029622024606, 0.19217756518732454, 0.28686072613600533], [0.2589211806609481, 0.29809445555883834, 0.135817746168788, 0.3071666176114257], [0.19236786259955646, 0.32358294128950027, 0.21668523302886564, 0.2673639630820774], [0.18827042618918113, 0.3157288474115424, 0.20738415701101415, 0.2886165693882624], [0.23168068058344293, 0.25915714049170846, 0.27205757445534995, 0.23710460446949874], [0.2449074721024358, 0.3093653928156587, 0.13077122411223924, 0.3149559109696663], [0.28949551177085014, 0.2821040465239495, 0.12533747772272236, 0.3030629639824779], [0.28481899344697764, 0.3222609872729131, 0.06034938979132072, 0.3325706294887887], [0.13537320107583742, 0.23047653691312378, 0.40976875379551864, 0.22438150821552003], [0.29611644743546456, 0.2615177750966966, 0.13684515973541106, 0.3055206177324277], [0.2783815577418158, 0.3034690416248991, 0.1065311120215889, 0.31161828861169616], [0.2604737649330488, 0.2909739889377933, 0.14572909102194803, 0.3028231551072102], [0.26478316460282086, 0.29487833622581194, 0.1379713285538822, 0.30236717061748464], [0.23988844503592954, 0.30183358760873735, 0.15208353529122381, 0.30619443206410935], [0.2210207187629665, 0.29221784358112246, 0.20369846764920602, 0.28306297000670494], [0.2525546062107681, 0.2949565702596552, 0.16476618531202833, 0.28772263821754857], [0.287040039750214, 0.24826943954388542, 0.2047105608377317, 0.2599799598681691], [0.25667896497851517, 0.2981691333467134, 0.13541513555375162, 0.3097367661210195], [0.2639529210487999, 0.28468854026012835, 0.13967493399953648, 0.3116836046915354], [0.2677307053600985, 0.2843885383665522, 0.14212752831408093, 0.3057532279592684], [0.18912369252337918, 0.3151650043518049, 0.19974386855939472, 0.29596743456542085], [0.22456819703631603, 0.26977729959312957, 0.2336712018218769, 0.2719833015486776], [0.31231370274869485, 0.2986201637907923, 0.05616069820021227, 0.33290543526030064], [0.19726968989623844, 0.32417852261283336, 0.1744254080031545, 0.30412637948777366], [0.1456740362464799, 0.33321231276794533, 0.2056123213204098, 0.315501329665165], [0.2124976547793973, 0.30714699608996004, 0.17768529396849164, 0.3026700551621509], [0.24064802717916955, 0.31040835229450375, 0.127306458101217, 0.3216371624251099], [0.20071931394589324, 0.2339675497138582, 0.3993228987235797, 0.1659902376166689], [0.2799434909267013, 0.28752241332822476, 0.14094922793184925, 0.291584867813225], [0.15045680239588644, 0.27330919804524045, 0.3871615835817135, 0.1890724159771595], [0.28360129619012786, 0.2637481136056127, 0.14078877572120174, 0.31186181448305794], [0.28426373542652306, 0.28672566973542607, 0.11499551602337518, 0.31401507881467544], [0.29000100728853306, 0.321687932327227, 0.0531790017380337, 0.33513205864620643], [0.2914105413519958, 0.3124207171240386, 0.0608585552873407, 0.3353101862366248], [0.24535544139967985, 0.321870901797071, 0.10666663211660263, 0.3261070246866466], [0.30414236572432013, 0.3014381515735315, 0.062358492961286004, 0.3320609897408624], [0.22716395274381737, 0.30799315719836384, 0.188650486831555, 0.2761924032262635], [0.21984418026512773, 0.28035729945420856, 0.19729972264442355, 0.30249879763624005]]}, "rewritten": {"ids": ["97105451", "97105580", "97106591", "97107681", "97107920", "97113260", "97116401", "98106111", "98107010", "98107340", "98108970", "98109230", "98110710", "98110810", "98116500", "98117740", "98119591", "98120010", "98120530", "99105921", "99108080", "99108580", "99108890", "99109141", "99111000", "99117740", "100107920", "100109801", "100109890", "100109910", "100111270", "100112060", "100113210", "100117420", "101108290", "101108370", "101108460", "101111210", "101112160", "101121640", "102109850", "102110750", "102113210", "102117351", "102118380", "102121440", "103109641", "103111170", "103112641", "103113270", "103117461", "104118340", "105113210", "105113440", "105113480", "105113620", "105115380", "105115720", "105117351", "105117431", "106113190", "106113830", "106114880", "106116120", "106116441", "106116640", "106117790", "106118520", "106119990", "106120290", "107113130", "107113170", "107116980", "107118490", "107118780", "107120880", "108113620", "108114180", "108114670", "108115070", "108115870", "108115970", "108120060", "108120700", "108121160", "108121190", "109113281", "109114220", "109114270", "109116040", "109116930", "109117431", "109118820", "109121351", "109121410", "110114720", "110114950", "110115140", "110117200", "110117870", "110118161", "110118930", "110119300", "110121170", "110121450", "111115620", "111116010", "111116040", "111116090", "111117200", "111119430", "111119610", "111119950", "111120640", "112116451", "112116540", "112116800", "112117030", "112117471", "112117571", "112118550", "112118581", "112118860", "112118880", "112118890", "112119320", "112119610", "113117550", "113118490", "113118630", "113118690", "113119120", "113119300", "113119700", "113120780", "113121010", "113121220", "113121410", "113121950", "113122150", "113122180", "113122320"], "labels": [0, 1, 1, 3, 0, 1, 3, 0, 3, 0, 3, 1, 2, 1, 2, 2, 1, 2, 1, 1, 3, 0, 0, 3, 2, 2, 0, 0, 3, 2, 2, 2, 0, 2, 0, 1, 0, 2, 3, 2, 1, 1, 3, 1, 1, 2, 1, 2, 3, 2, 0, 2, 3, 0, 0, 0, 1, 1, 0, 1, 0, 1, 0, 1, 0, 3, 1, 2, 0, 2, 1, 0, 3, 2, 1, 1, 3, 1, 3, 1, 3, 2, 1, 2, 2, 1, 0, 3, 3, 0, 0, 1, 3, 0, 0, 3, 0, 0, 3, 3, 0, 1, 1, 2, 3, 1, 1, 0, 3, 0, 3, 2, 0, 0, 0, 1, 0, 2, 3, 3, 3, 1, 3, 1, 3, 1, 0, 3, 1, 3, 3, 3, 1, 0, 0, 2, 3, 0, 3, 2, 2, 1], "predicted_labels": [0, 0, 1, 2, 0, 2, 1, 1, 1, 2, 1, 0, 1, 1, 3, 2, 1, 1, 3, 2, 0, 2, 1, 1, 2, 2, 3, 1, 0, 2, 2, 1, 3, 2, 3, 0, 1, 3, 3, 1, 2, 2, 3, 0, 1, 1, 3, 1, 2, 3, 1, 1, 3, 2, 3, 1, 1, 1, 3, 1, 3, 3, 2, 1, 1, 3, 2, 3, 3, 1, 2, 1, 0, 1, 0, 3, 1, 3, 1, 1, 3, 1, 1, 3, 1, 1, 3, 0, 1, 3, 0, 1, 0, 1, 3, 2, 0, 3, 0, 3, 3, 3, 3, 3, 1, 1, 1, 0, 0, 3, 1, 1, 3, 1, 0, 1, 3, 1, 1, 0, 3, 1, 1, 2, 0, 2, 1, 3, 0, 3, 0, 3, 3, 1, 1, 1, 3, 3, 1, 3, 3, 1], "confidence_scores": [[0.29852767654705065, 0.30487567325583814, 0.06475510330568406, 0.3318415468914273], [0.2394462345712472, 0.25506213290448343, 0.2599819917455651, 0.24550964077870413], [0.15021350754525625, 0.31013806887818546, 0.27796547299709684, 0.26168295057946156], [0.13503846956364446, 0.23998840190158638, 0.3896669338605956, 0.23530619467417344], [0.31959839127987266, 0.2771590318600182, 0.07761091104714127, 0.3256316658129675], [0.1754420894732205, 0.26250959317289285, 0.3012753547665004, 0.26077296258738597], [0.20712360061502333, 0.29528172088001114, 0.2136965350632078, 0.2838981434417576], [0.21724400260231513, 0.2889725319881863, 0.22749578028283113, 0.2662876851266678], [0.2383277752385376, 0.2994842798699229, 0.1683213073149377, 0.2938666375766018], [0.19833303778755912, 0.2439028354359836, 0.3025212883407829, 0.25524283843567425], [0.16759705448354692, 0.3277349576651825, 0.20756703474424157, 0.29710095310702905], [0.2617029373964489, 0.2679869846715223, 0.2651208652734978, 0.20518921265853113], [0.176469375672661, 0.31032360949065835, 0.23535500139536247, 0.27785201344131816], [0.1749692908444677, 0.31117837620945527, 0.3059508456634812, 0.20790148728259578], [0.2563909772726506, 0.29803727608157393, 0.13036356400072147, 0.315208182645054], [0.16425531446224173, 0.25200407662982843, 0.34007601158833817, 0.2436645973195917], [0.18988371483571087, 0.2805984239413393, 0.2940285652142654, 0.23548929600868432], [0.18868644190103068, 0.2739596761660028, 0.26941087420477655, 0.2679430077281899], [0.2775940090129145, 0.3231744486557963, 0.061978088127502946, 0.33725345420378594], [0.2136816841378777, 0.2609989987622961, 0.288280115173361, 0.23703920192646538], [0.27908829242822, 0.2937578343185077, 0.11677115495714364, 0.3103827182961286], [0.19791537079102606, 0.2707185182038624, 0.3326228163211582, 0.19874329468395358], [0.1863650177110028, 0.3199352253003505, 0.1811698292177734, 0.3125299277708734], [0.26837036388900537, 0.29433850112973176, 0.142868137873598, 0.2944229971076648], [0.08945295567284518, 0.23613971619068214, 0.5518522884860233, 0.12255503965044964], [0.19677051452421154, 0.259148758274531, 0.30736327435284194, 0.2367174528484157], [0.2761829451765708, 0.3160030303266165, 0.07653619724907479, 0.33127782724773785], [0.2389191450938991, 0.30848610638324764, 0.13751577624254183, 0.3150789722803113], [0.2564373275229349, 0.2702900628352652, 0.21550842089583971, 0.25776418874596035], [0.18307975344924815, 0.23410638006751328, 0.4382365813878403, 0.14457728509539822], [0.12070452719273217, 0.2705332132399602, 0.42779803071451866, 0.18096422885278893], [0.21197999567786346, 0.27359458864042147, 0.2656670236463124, 0.24875839203540265], [0.29734430320236704, 0.3097751811789107, 0.05840638565703634, 0.33447412996168596], [0.1058332082996007, 0.221486462717681, 0.48792731089431274, 0.18475301808840552], [0.2813634389160117, 0.28318391782302477, 0.11583192932631994, 0.3196207139346437], [0.31858469033960624, 0.2706110309454851, 0.11209386648026792, 0.2987104122346409], [0.24952327710055092, 0.28808216516963214, 0.18920247740214405, 0.27319208032767306], [0.22010420970280517, 0.2908221031453849, 0.2012730101048202, 0.28780067704698964], [0.156385406839104, 0.2709081678775172, 0.29896323120292984, 0.273743194080449], [0.18701273346873723, 0.3211703835060893, 0.19248240336991093, 0.2993344796552626], [0.17064356759727678, 0.2607520562359042, 0.39931565373342237, 0.1692887224333969], [0.1515330261046867, 0.26409619929071876, 0.40951260440703235, 0.17485817019756217], [0.24274502563088723, 0.28875008905523963, 0.1794607055315065, 0.28904417978236674], [0.2936301790349879, 0.3022935450502305, 0.07449277374351726, 0.32958350217126425], [0.18212605963353704, 0.29132988819859945, 0.24425859186818433, 0.2822854602996794], [0.18354609387125298, 0.2936357184611055, 0.23587076095389714, 0.28694742671374424], [0.1787347962494812, 0.2789052268717133, 0.25487944949500174, 0.28748052738380386], [0.19529749547923256, 0.2868260847573116, 0.22922883008329129, 0.2886475896801643], [0.17902580303081642, 0.27513617979369026, 0.33235336550204436, 0.21348465167344882], [0.2321444288698438, 0.27786173556520466, 0.21919260330419596, 0.27080123226075564], [0.2429867894474354, 0.28433433547106285, 0.18000758451625282, 0.2926712905652487], [0.19962090227861948, 0.3167701277431698, 0.17305779967751278, 0.31055117030069807], [0.2740102033239304, 0.3162276712799197, 0.07796929699280757, 0.33179282840334223], [0.19264498935414998, 0.24108119823676433, 0.3620682868752578, 0.20420552553382781], [0.21432218297221595, 0.2826893470900258, 0.2177811852450131, 0.28520728469274514], [0.2039846916868174, 0.29714528448955263, 0.21279249913309362, 0.28607752469053643], [0.14497007454994004, 0.3148146948629354, 0.2734208231705342, 0.26679440741659055], [0.17804135799087478, 0.32297695818829747, 0.1894652992214936, 0.3095163845993346], [0.2924516980950224, 0.29008769270471096, 0.09967237101244647, 0.3177882381878201], [0.20646868567842067, 0.3174092923807518, 0.20674780148666677, 0.26937422045416076], [0.2589720823474301, 0.2935904057574716, 0.13764013569126438, 0.309797376203834], [0.2693369166447, 0.310868816732633, 0.10030215160630834, 0.31949211501635877], [0.20119454401888728, 0.27105299871274724, 0.3165974549146149, 0.21115500235375084], [0.2377271819275987, 0.302203521836662, 0.17629983150104106, 0.28376946473469816], [0.2785996085154728, 0.32412342408739997, 0.05997756490528332, 0.337299402491844], [0.2789649481970766, 0.25927843782167326, 0.1607634545862764, 0.30099315939497373], [0.15756741273510394, 0.271536505091303, 0.371914271901706, 0.19898181027188713], [0.26317986106212116, 0.3256942656264511, 0.08008008467203996, 0.3310457886393878], [0.22565309481177806, 0.3104633090785205, 0.14709588979149604, 0.3167877063182055], [0.18724840050182387, 0.287836756340638, 0.3237747657032325, 0.2011400774543058], [0.1708251950828267, 0.2614668162554737, 0.38703557759901813, 0.18067241106268145], [0.2613464963488864, 0.30380880771755003, 0.12333573686908744, 0.31150895906447595], [0.30716830187691424, 0.2920015201273694, 0.1070533718963454, 0.2937768060993711], [0.2431210388720613, 0.2943414466836316, 0.19918884590944325, 0.2633486685348639], [0.295339507804216, 0.2942661658691391, 0.08617595224416705, 0.3242183740824779], [0.21765577885038845, 0.2943534026996965, 0.2039067870565425, 0.28408403139337246], [0.26443498781858304, 0.3047245006498792, 0.11498262237229687, 0.3158578891592408], [0.2041652876180866, 0.2995354662631062, 0.18753965597794262, 0.3087595901408647], [0.2505236050547076, 0.28108108118473973, 0.19997025955278516, 0.2684250542077675], [0.23935455165997832, 0.280173376612919, 0.24046882043674372, 0.24000325129035904], [0.2692735021373979, 0.3088191109322791, 0.09759442600682085, 0.3243129609235019], [0.26647211700236256, 0.3073232783907583, 0.1078272881104039, 0.31837731649647494], [0.21776208063512234, 0.2930918486013527, 0.26015249461144424, 0.22899357615208035], [0.29333620044898184, 0.2934361179117574, 0.09223793994079175, 0.3209897416984688], [0.26942272307587534, 0.3318182385675106, 0.0623119237768126, 0.3364471145798015], [0.2084754174253617, 0.3222367281283038, 0.1486831345975791, 0.3206047198487555], [0.2909655260864988, 0.32174499296174136, 0.051143820975410266, 0.3361456599763496], [0.2379872723231442, 0.2641312952741341, 0.23824041827035258, 0.25964101413236923], [0.2363504878941159, 0.2665145578730679, 0.24308741764142153, 0.25404753659139484], [0.21678460273114727, 0.26924496505345713, 0.21001125313899063, 0.3039591790764053], [0.2534516161527968, 0.24131191711692193, 0.2788684998195642, 0.22636796691071698], [0.26020647091927035, 0.3089878826311664, 0.1279137759517087, 0.30289187049785465], [0.2522296952542295, 0.26435419980228475, 0.22721177607661236, 0.2562043288668734], [0.2775302432782908, 0.30891475599576507, 0.09372804355235756, 0.3198269571735869], [0.22575620924815498, 0.2885762817098682, 0.18041921479351505, 0.3052482942484617], [0.11247698813925992, 0.24347975526852644, 0.4788657014955791, 0.16517755509663384], [0.31324586748108685, 0.2898561535035793, 0.06722746149659062, 0.3296705175187431], [0.2632502068250347, 0.26383727916072325, 0.19158356653423136, 0.2813289474800105], [0.2844531228593352, 0.29399656686759434, 0.09979876908569775, 0.3217515411873728], [0.18615724762985364, 0.2749126736107142, 0.2760479042133748, 0.26288217454605717], [0.2727934763470246, 0.3038924736688661, 0.11198662405668984, 0.3113274259274193], [0.21912876189360278, 0.32299378261165196, 0.13927509688933426, 0.318602358605411], [0.27145207632310625, 0.2944722613309528, 0.12635434251254776, 0.3077213198333932], [0.23709828110402503, 0.306185252541397, 0.1401521882430045, 0.3165642781115735], [0.28119728595180693, 0.2962808150672824, 0.12861871752055673, 0.29390318146035393], [0.25339265178426096, 0.2963389084618255, 0.1558138680818837, 0.2944545716720298], [0.21591030928150468, 0.3122753830654365, 0.1810561701048104, 0.29075813754824875], [0.30282711457645906, 0.2627652309770651, 0.13411842527802093, 0.30028922916845474], [0.295278808969917, 0.3040115783566619, 0.07278441371385859, 0.3279251989595625], [0.25121254630659273, 0.2998117583440033, 0.13653049044153556, 0.31244520490786853], [0.19561121936920906, 0.2986118408329518, 0.23524673017858663, 0.2705302096192525], [0.18087441754674374, 0.3010249438433553, 0.25592295807782356, 0.2621776805320774], [0.26290720404122686, 0.2881504839321062, 0.14518052138038437, 0.3037617906462824], [0.28250607376586456, 0.310320607637567, 0.09057595230129145, 0.3165973662952769], [0.306577000463172, 0.3013010847592693, 0.06644110203369495, 0.3256808127438637], [0.27251330039936345, 0.3174276126864678, 0.07797985045108628, 0.3320792364630822], [0.2657539286064174, 0.290840959318869, 0.13616055155312845, 0.3072445605215851], [0.253756614594435, 0.2959945533725582, 0.14989104873957965, 0.30035778329342727], [0.24999199854853818, 0.3257313489349727, 0.09353585533692345, 0.3307407971795658], [0.2958573844486165, 0.3116044951286072, 0.058658382620520366, 0.33387973780225594], [0.2840597841262318, 0.3147414168939139, 0.06865769384726353, 0.33254110513259105], [0.21271153710521226, 0.29357859767186323, 0.23099107021244958, 0.26271879501047524], [0.26959607679350206, 0.29187124123441244, 0.14392154203129867, 0.29461113994078675], [0.18852621961702296, 0.2680756804002478, 0.2958807434610447, 0.24751735652168477], [0.296364738485483, 0.30090661463959245, 0.07266931022466183, 0.3300593366502625], [0.11634909690294781, 0.2699403163666491, 0.4122992598298511, 0.20141132690055188], [0.24109265516137574, 0.30238495317446207, 0.17077052162894543, 0.2857518700352169], [0.2613434633873776, 0.30052140836823793, 0.1347201568023967, 0.30341497144198787], [0.2752854108150013, 0.27293289872325843, 0.16238123894138093, 0.28940045152035926], [0.24414110615931311, 0.29428910048677975, 0.15386632800496308, 0.3077034653489439], [0.28323441804839533, 0.2879259931067965, 0.13582398492241207, 0.2930156039223962], [0.24802317961064077, 0.2777948332839405, 0.17813947469435987, 0.296042512411059], [0.29808501881053784, 0.3027579457616565, 0.06894637962292731, 0.3302106558048785], [0.2456280390784789, 0.29437802353172954, 0.17362904716256916, 0.28636489022722267], [0.25600103164205534, 0.2957463216732846, 0.14011628312058186, 0.3081363635640783], [0.23648572934699744, 0.3070610584549045, 0.15182746586124776, 0.3046257463368504], [0.22263859908100572, 0.2931180789151471, 0.17548658605533357, 0.30875673594851344], [0.2828471908441974, 0.3280080710113566, 0.05401346879757981, 0.335131269346866], [0.22104641512821674, 0.2942442253235937, 0.1952964701991592, 0.28941288934903037], [0.2251347836065256, 0.2742767509807659, 0.23594986746601787, 0.26463859794669053], [0.2641476928145762, 0.3113597624087922, 0.1001555123978996, 0.3243370323787319], [0.2453643693396207, 0.30859164724262567, 0.1422967501324257, 0.3037472332853277]]}}