{"test": {"ids": ["103120340", "111115910", "98111231", "110117110", "100109910", "112121010", "103112470", "111116090", "106113360", "111114941", "98108150", "110119300", "99112300", "99110730", "102108621", "107119950", "97112300", "108113760", "104111990", "112117571", "99107660", "99108330", "102110850", "108113620", "112116290", "103117461", "99109311", "103120780", "106116120", "108118301", "104112201", "113121410", "99107630", "111116990", "112121030", "112121360", "112117660", "108114040", "97112290", "107118820", "104116980", "113120540", "110117870", "112116501", "106116370", "110121170", "98111860", "110118181", "107112840", "104113210", "101111140", "109114270", "110121450", "107117010", "108119510", "102121440", "107115140", "113122220", "109117150", "100109311", "105120621", "103111480", "105113170", "101108121", "112118421", "102112250", "110114920", "105115570", "112118860", "113122160", "97110950", "98108410", "107118120", "108121351", "109118701", "99108000", "99107640", "103109021", "113119360", "108114220", "113121980", "101108621", "103110760", "113119930", "109115070", "101112540", "109117110", "110115140", "108120280", "113119320", "113122180", "106114011", "108116481", "112118701", "99112531", "99105921", "110118121", "109116170", "105112240", "105116860", "104114240", "100113370", "103111990", "102109010", "106112770", "110118740", "108120621", "102110240", "112117780", "103110100", "100109360", "111119340", "100109980", "110114950", "103111540", "97116500", "98109570", "110116170", "109119591", "98107340", "102111990", "106116640", "106115250", "103111170", "100115700", "112120630", "99109780", "111117000", "106115120", "101109120", "108117610", "110121720", "111120280", "109113281", "112117210", "112116640", "105110091", "102116340", "98117740", "112116810", "110120560", "105116501"], "labels": [1, 2, 1, 0, 2, 2, 1, 3, 0, 0, 0, 1, 0, 3, 3, 3, 2, 1, 2, 3, 3, 1, 3, 3, 0, 0, 1, 1, 1, 1, 0, 0, 2, 0, 0, 3, 0, 0, 1, 3, 1, 3, 3, 3, 2, 2, 0, 1, 1, 3, 2, 3, 3, 1, 1, 2, 0, 1, 2, 1, 1, 0, 0, 0, 3, 0, 3, 0, 3, 3, 3, 1, 3, 3, 3, 2, 1, 0, 0, 3, 2, 0, 1, 1, 0, 2, 1, 0, 3, 1, 2, 1, 0, 0, 3, 1, 3, 0, 1, 2, 0, 3, 2, 1, 1, 3, 1, 3, 0, 1, 0, 3, 1, 0, 1, 2, 1, 0, 0, 0, 2, 3, 2, 2, 1, 3, 2, 0, 1, 1, 3, 3, 0, 0, 1, 0, 0, 3, 2, 3, 0, 1], "predicted_labels": [1, 3, 3, 1, 2, 1, 3, 1, 1, 3, 1, 1, 1, 1, 1, 3, 2, 2, 1, 0, 2, 3, 2, 1, 0, 0, 1, 1, 3, 1, 0, 1, 0, 3, 0, 0, 3, 3, 1, 1, 1, 0, 2, 1, 1, 1, 1, 1, 1, 0, 2, 1, 0, 2, 2, 1, 3, 2, 1, 3, 3, 1, 3, 3, 3, 2, 1, 1, 1, 1, 3, 2, 1, 1, 3, 1, 3, 0, 1, 1, 1, 0, 1, 0, 1, 2, 1, 3, 3, 1, 1, 0, 0, 1, 3, 0, 3, 1, 1, 3, 1, 1, 1, 1, 0, 0, 3, 1, 3, 2, 1, 3, 3, 3, 3, 2, 3, 0, 0, 3, 1, 1, 1, 3, 2, 3, 1, 1, 0, 1, 1, 1, 0, 3, 1, 1, 2, 3, 2, 3, 2, 0], "confidence_scores": [[0.22504476423572906, 0.3580581242175923, 0.16799896461255628, 0.24889814693412252], [0.12615359368913737, 0.2354615409929678, 0.14680380289073927, 0.49158106242715555], [0.33810059617907673, 0.19886262782029268, 0.11805515355320133, 0.3449816224474293], [0.20678923680403702, 0.43092083798798736, 0.08069979120263267, 0.28159013400534305], [0.182787489925285, 0.1515908674138938, 0.5605829105927225, 0.10503873206809884], [0.11161236744902243, 0.7043608097424728, 0.07720117844599177, 0.10682564436251286], [0.11698566875337144, 0.20447947001248618, 0.33176053098233166, 0.34677433025181076], [0.369391468264959, 0.38749058298049416, 0.1072619754252853, 0.13585597332926144], [0.23028039547556736, 0.39988102858326857, 0.14221984496731024, 0.22761873097385396], [0.2847258307322788, 0.23408255507816259, 0.08368587036460043, 0.3975057438249582], [0.2055881936776199, 0.30065950792678203, 0.2347744648095907, 0.2589778335860075], [0.23126628226654122, 0.46061860752887596, 0.13353696702807008, 0.1745781431765128], [0.16667076672886544, 0.5436204518623174, 0.10127475089940485, 0.18843403050941226], [0.12779818234256854, 0.5206750344113277, 0.10510603479889347, 0.24642074844721043], [0.26307330898572084, 0.3698344582915466, 0.16082672092837935, 0.20626551179435332], [0.11321421764097127, 0.21915616305505886, 0.12913166306877052, 0.5384979562351994], [0.17036267821244488, 0.2693871610948974, 0.3613174434503056, 0.19893271724235226], [0.27384303441560137, 0.1842117496764012, 0.4408787528028366, 0.10106646310516089], [0.33081467493538624, 0.3962053115912046, 0.09694704413344446, 0.1760329693399648], [0.3926377516199622, 0.279664216434337, 0.1473694142649228, 0.1803286176807779], [0.1846488517888597, 0.13880356723607992, 0.4531682696311923, 0.22337931134386807], [0.13445303637488326, 0.34512492909098663, 0.14761041574309844, 0.37281161879103164], [0.10917202308144063, 0.20813111046440633, 0.4958177946651573, 0.18687907178899565], [0.10459853980504588, 0.4523408296301664, 0.30608191838634974, 0.136978712178438], [0.5335189434074088, 0.26178548540914115, 0.10297045834380587, 0.10172511283964417], [0.4240345041935474, 0.2357881997386571, 0.09903206494364786, 0.24114523112414762], [0.08885906761840359, 0.5913305483523205, 0.1016251293251349, 0.21818525470414107], [0.12405106757491459, 0.3738640020389114, 0.20576732608638718, 0.29631760429978704], [0.16983781623548802, 0.2016173906401567, 0.2358148992971388, 0.39272989382721646], [0.15555925125386938, 0.35032628765654344, 0.20342868346591356, 0.29068577762367354], [0.373461466902538, 0.24698678362873064, 0.12173880366646869, 0.25781294580226294], [0.16482195423088503, 0.35497958316878797, 0.13224758524798397, 0.3479508773523429], [0.3466148330878143, 0.12247958656164383, 0.21330506192183712, 0.3176005184287046], [0.2804988714531992, 0.28224357439293973, 0.10314883454582649, 0.33410871960803473], [0.5439106203527332, 0.07929299841764197, 0.09413303615306345, 0.2826633450765615], [0.40366798617687405, 0.13323049634911194, 0.24125143075209282, 0.22185008672192116], [0.11441852369066656, 0.289635639440632, 0.07681215899554343, 0.519133677873158], [0.24759903012746212, 0.3010171001770752, 0.1191584279665922, 0.3322254417288705], [0.15929972450438298, 0.4005114870217915, 0.0932674355515418, 0.3469213529222838], [0.17348090724979195, 0.3805951842801345, 0.16732875701193367, 0.2785951514581398], [0.15274518683013225, 0.2899694174154141, 0.28886057053138675, 0.26842482522306693], [0.48982410363151335, 0.1699252928856399, 0.09127853123097951, 0.2489720722518673], [0.17435255151766146, 0.224139682992341, 0.45646938690193517, 0.1450383785880624], [0.14078970141894737, 0.40100410383397295, 0.1298552981621925, 0.32835089658488714], [0.22331193897837098, 0.342750065603132, 0.1772278309481375, 0.2567101644703595], [0.16772551374508923, 0.3242037262203517, 0.20453070846358787, 0.3035400515709713], [0.16596899350712815, 0.3867374236997938, 0.18431571239710062, 0.26297787039597753], [0.17429002240342606, 0.37061941818615524, 0.20306512293184012, 0.2520254364785789], [0.132254498488044, 0.4403020782248546, 0.20558142742000152, 0.22186199586709995], [0.43639070874699887, 0.16603778803331903, 0.06551947152733076, 0.33205203169235137], [0.1600348308727765, 0.27407148856276037, 0.3065146359320267, 0.2593790446324365], [0.21737825521251772, 0.4140730954790768, 0.14807217415078003, 0.2204764751576255], [0.3587085588408205, 0.1732936173621852, 0.17403472299629025, 0.293963100800704], [0.11721598331694114, 0.1301145684303694, 0.4725102680754682, 0.2801591801772214], [0.16171411736136157, 0.2504864620047388, 0.36185514495321214, 0.22594427568068756], [0.17446437276812915, 0.4562143105156441, 0.20588098077364994, 0.16344033594257684], [0.22508346836228685, 0.3018053724187014, 0.10535722872350768, 0.36775393049550414], [0.12416401443393944, 0.19580042745709433, 0.3635087920946847, 0.3165267660142816], [0.15709879350967956, 0.4000230724364275, 0.16909070678232224, 0.2737874272715707], [0.1818678635499031, 0.20796277178691502, 0.08597862792796701, 0.524190736735215], [0.18864486675798703, 0.12902194418951093, 0.07449845839356377, 0.6078347306589383], [0.13675768764393803, 0.4821765947431765, 0.14340687585032996, 0.23765884176255558], [0.2835825192733379, 0.221931235439369, 0.20773171413680477, 0.2867545311504885], [0.19617864784256175, 0.2455373075823733, 0.20326452854561938, 0.3550195160294455], [0.21303194786635188, 0.3140905837597191, 0.07631395149805027, 0.39656351687587876], [0.14618965310485263, 0.21463546346514836, 0.402927561852047, 0.23624732157795206], [0.18781454839261513, 0.42934456453830694, 0.1317781947149966, 0.2510626923540814], [0.09935217735735642, 0.5014449578397756, 0.19398082286723625, 0.20522204193563173], [0.21060959032752197, 0.5437750947037927, 0.12155112934450404, 0.12406418562418137], [0.22087626756363782, 0.3214937517543545, 0.3010817834110969, 0.15654819727091093], [0.20220357218880095, 0.19329318042831384, 0.15730593587885958, 0.4471973115040258], [0.21288687047156135, 0.2258400438593044, 0.2957316700692974, 0.2655414155998369], [0.24122876141669167, 0.41064932525658604, 0.07613913223165258, 0.27198278109506974], [0.20299755463031668, 0.3657590081158063, 0.14340754189323549, 0.2878358953606415], [0.07747213515595018, 0.36792542392041383, 0.13365455656333283, 0.42094788436030317], [0.21145062357280933, 0.44052716113897966, 0.18372225692864036, 0.16429995835957067], [0.14736832062176367, 0.252096872077124, 0.2544574908481027, 0.3460773164530095], [0.3851112559449193, 0.2644106420897625, 0.13443879406030498, 0.2160393079050131], [0.15422292646220923, 0.35406858707555905, 0.16394694622773257, 0.32776154023449916], [0.1498232342614787, 0.5669172980102603, 0.12280494110834406, 0.1604545266199171], [0.16753851518514734, 0.39797871496312315, 0.09488142527472464, 0.3396013445770051], [0.32759541263926, 0.17245399045403045, 0.22357020164547112, 0.27638039526123853], [0.20844363122735296, 0.3994086432023879, 0.09063232659032483, 0.30151539897993446], [0.35928093519990467, 0.09762886754799673, 0.19394689352703973, 0.3491433037250589], [0.17730228454537977, 0.4447709733724462, 0.1228908504049676, 0.2550358916772066], [0.12976938463104873, 0.16592206700072865, 0.4664497307474096, 0.23785881762081287], [0.22534377870227554, 0.329268312488893, 0.16636518111840626, 0.2790227276904252], [0.28538219557089883, 0.2791556387052461, 0.11642148936264794, 0.319040676361207], [0.14162893207305155, 0.23787565205650807, 0.19396529549736502, 0.42653012037307525], [0.21536887966192655, 0.43628454280533785, 0.07052578934820784, 0.2778207881845277], [0.2815763831244794, 0.42399687268197417, 0.08112925872033833, 0.21329748547320804], [0.44846232801862596, 0.22021516925057777, 0.13892020508451713, 0.1924022976462792], [0.42263469905159556, 0.23985520008431693, 0.07422535469262444, 0.263284746171463], [0.15563369996221924, 0.41975243688280645, 0.08131906066546166, 0.34329480248951266], [0.12023474715936572, 0.2576011476881213, 0.07533841174417182, 0.5468256934083412], [0.39174133919660853, 0.3367309674496035, 0.10940871976767942, 0.1621189735861086], [0.2572697557531665, 0.1346045669369505, 0.05397471970728018, 0.5541509576026029], [0.10517731464659352, 0.35545402957089434, 0.32237084854422343, 0.2169978072382888], [0.20656555035617816, 0.4438265570901627, 0.084196393177694, 0.26541149937596525], [0.2633778520448794, 0.22948307756335656, 0.1193971791832688, 0.38774189120849545], [0.19079763473604863, 0.4604186881304274, 0.1895295186823241, 0.15925415845120006], [0.1214947519135656, 0.38995571334700035, 0.1906528826469409, 0.2978966520924932], [0.2119106505307061, 0.36234750460020515, 0.2577530196588717, 0.16798882521021716], [0.27329915843097485, 0.3736769361007961, 0.12917886165516446, 0.22384504381306464], [0.3395156034455167, 0.20512599260972847, 0.1651287507616559, 0.2902296531830989], [0.42466492927261046, 0.1588762127293581, 0.06755778968910411, 0.34890106830892725], [0.24619568041379877, 0.2955472655282848, 0.14094499068137975, 0.3173120633765366], [0.3466725748964922, 0.4323090658097182, 0.04518789410975992, 0.17583046518402964], [0.4045455888642218, 0.13430853678418173, 0.05055567882384249, 0.4105901955277539], [0.16441340531112963, 0.13747225600469626, 0.4269028535120637, 0.27121148517211047], [0.12811342112742094, 0.430674271705754, 0.15817349874285158, 0.28303880842397344], [0.3093329188945498, 0.23536419071512396, 0.09962798267802565, 0.3556749077123005], [0.19854320487615407, 0.2591736836799273, 0.23736926817285492, 0.30491384327106386], [0.1305658133541347, 0.13170008705007394, 0.10675179908037383, 0.6309823005154176], [0.22857613372488292, 0.22861717445631297, 0.09835958671228516, 0.4444471051065192], [0.20884001064681693, 0.13213281074045008, 0.40126493524498813, 0.25776224336774484], [0.1429505425130283, 0.273016389059399, 0.11224858843894317, 0.47178447998862966], [0.35178902209713997, 0.18134086631104399, 0.21170334537133412, 0.25516676622048207], [0.46316370452608946, 0.2272569904319519, 0.12822169587822269, 0.18135760916373614], [0.22936476266379724, 0.12956699313248615, 0.23383779315858172, 0.40723045104513506], [0.2847825426544065, 0.2869743105332935, 0.1584129438233476, 0.2698302029889522], [0.12939305626445813, 0.3589251361567371, 0.27757910624045873, 0.23410270133834607], [0.34772779999939, 0.34877916470696324, 0.13452281358610088, 0.1689702217075459], [0.12180134353105473, 0.23153936674273276, 0.2268658881042903, 0.4197934016219222], [0.20575964296656926, 0.18432406657104292, 0.353092360427724, 0.2568239300346639], [0.1305828381569641, 0.3120934409178818, 0.13401669958220647, 0.42330702134294756], [0.11401693424397119, 0.5320679255917055, 0.19160358237005312, 0.16231155779427012], [0.1101978967715787, 0.4480670326942971, 0.18972646767996323, 0.25200860285416093], [0.5637807236640817, 0.18066491801983414, 0.10424801845447247, 0.15130633986161174], [0.16914435129861086, 0.4139125791977754, 0.1307949865373578, 0.2861480829662559], [0.1495072274900494, 0.4475076417528073, 0.07017848095759643, 0.3328066497995468], [0.25945943918351916, 0.27914635922174613, 0.20648643270271222, 0.2549077688920227], [0.6286276924545904, 0.10212045110226445, 0.07461323231455234, 0.19463862412859292], [0.2832655999059636, 0.2773199370081349, 0.1499446688225101, 0.28946979426339153], [0.10245553360062795, 0.689934814122146, 0.09511886445121974, 0.1124907878260064], [0.43415738652829206, 0.43940111121869385, 0.03160940622440997, 0.0948320960286043], [0.09532590167809474, 0.16509256595244545, 0.4052694055573087, 0.33431212681215117], [0.23794364948399016, 0.2490032954639499, 0.08311869798214873, 0.42993435706991123], [0.12402711552220985, 0.30196708569302416, 0.31940782933441886, 0.254597969450347], [0.17070815560643993, 0.26718849599393346, 0.09782305730688134, 0.4642802910927452], [0.1854254309151016, 0.3142358819671555, 0.33358003452031376, 0.16675865259742909], [0.44595857618494084, 0.25065210300949087, 0.10692139282690387, 0.1964679279786644]]}, "rewritten": {"ids": ["97110950", "97112290", "97112300", "97116500", "98107340", "98108150", "98108410", "98109570", "98111231", "98111860", "98117740", "99105921", "99107630", "99107640", "99107660", "99108000", "99108330", "99109311", "99109780", "99110730", "99112300", "99112531", "100109311", "100109360", "100109910", "100109980", "100113370", "100115700", "101108121", "101108621", "101109120", "101111140", "101112540", "102108621", "102109010", "102110240", "102110850", "102111990", "102112250", "102116340", "102121440", "103109021", "103110100", "103110760", "103111170", "103111480", "103111540", "103111990", "103112470", "103117461", "103120340", "103120780", "104111990", "104112201", "104113210", "104114240", "104116980", "105110091", "105112240", "105113170", "105115570", "105116501", "105116860", "105120621", "106112770", "106113360", "106114011", "106115120", "106115250", "106116120", "106116370", "106116640", "107112840", "107115140", "107117010", "107118120", "107118820", "107119950", "108113620", "108113760", "108114040", "108114220", "108116481", "108117610", "108118301", "108119510", "108120280", "108120621", "108121351", "109113281", "109114270", "109115070", "109116170", "109117110", "109117150", "109118701", "109119591", "110114920", "110114950", "110115140", "110116170", "110117110", "110117870", "110118121", "110118181", "110118740", "110119300", "110120560", "110121170", "110121450", "110121720", "111114941", "111115910", "111116090", "111116990", "111117000", "111119340", "111120280", "112116290", "112116501", "112116640", "112116810", "112117210", "112117571", "112117660", "112117780", "112118421", "112118701", "112118860", "112120630", "112121010", "112121030", "112121360", "113119320", "113119360", "113119930", "113120540", "113121410", "113121980", "113122160", "113122180", "113122220"], "labels": [3, 1, 2, 2, 0, 0, 1, 1, 1, 0, 2, 1, 2, 1, 3, 2, 1, 1, 2, 3, 0, 3, 1, 0, 2, 1, 3, 1, 0, 0, 1, 2, 2, 3, 1, 3, 3, 2, 0, 3, 2, 0, 1, 1, 2, 0, 1, 2, 1, 0, 1, 1, 2, 0, 3, 0, 1, 0, 1, 0, 0, 1, 2, 1, 1, 0, 1, 1, 2, 1, 2, 3, 1, 0, 1, 3, 3, 3, 3, 1, 0, 3, 0, 3, 1, 1, 3, 1, 3, 0, 3, 0, 0, 1, 2, 3, 0, 3, 0, 0, 0, 0, 3, 3, 1, 3, 1, 0, 2, 3, 3, 0, 2, 3, 0, 0, 3, 0, 0, 3, 0, 3, 1, 3, 0, 0, 3, 0, 3, 3, 2, 0, 3, 1, 0, 1, 3, 0, 2, 3, 2, 1], "predicted_labels": [1, 1, 3, 2, 2, 1, 1, 3, 3, 1, 1, 0, 0, 2, 3, 3, 0, 2, 1, 3, 1, 0, 3, 3, 2, 3, 1, 2, 1, 3, 3, 3, 3, 0, 1, 0, 2, 0, 3, 1, 1, 1, 3, 1, 1, 3, 3, 0, 3, 1, 1, 3, 3, 0, 3, 1, 3, 0, 1, 0, 1, 3, 0, 3, 1, 1, 0, 1, 1, 2, 0, 1, 1, 3, 2, 1, 3, 1, 1, 0, 2, 1, 1, 1, 0, 3, 3, 3, 1, 3, 3, 2, 1, 0, 1, 3, 2, 1, 3, 3, 1, 1, 3, 3, 3, 3, 1, 1, 1, 3, 1, 1, 1, 0, 0, 1, 3, 3, 0, 3, 3, 3, 1, 3, 1, 3, 1, 1, 1, 3, 1, 0, 0, 1, 3, 3, 3, 0, 2, 1, 3, 2], "confidence_scores": [[0.26416844299976805, 0.3101369303732387, 0.20138050642857513, 0.22431412019841818], [0.25096238846785696, 0.4262271888601364, 0.09639893566597069, 0.22641148700603603], [0.28660705174621576, 0.26915843552069574, 0.1522751781631025, 0.2919593345699859], [0.1878840136789366, 0.16714817072475338, 0.4945144590242561, 0.15045335657205397], [0.1383521270313753, 0.1831890867740267, 0.41046273704826475, 0.26799604914633335], [0.11637862434778144, 0.7196979924425194, 0.06441062915962656, 0.09951275405007273], [0.2360174783626999, 0.31174423097041487, 0.14398991628916982, 0.3082483743777153], [0.25831423225095307, 0.2355411941718387, 0.13106358833309234, 0.3750809852441159], [0.3522131768883937, 0.13847514345920517, 0.0651355378852816, 0.44417614176711956], [0.17621706533399764, 0.41634374536955215, 0.16479828888258066, 0.24264090041386951], [0.11023845304461488, 0.4366353725330995, 0.133110510518012, 0.32001566390427355], [0.3323602551762139, 0.28797865433524655, 0.14488373736527452, 0.23477735312326506], [0.4208775768672657, 0.1414371100698243, 0.2039538738407917, 0.2337314392221184], [0.11520114528886599, 0.2399388105865811, 0.4200925620695461, 0.2247674820550069], [0.10968247329512974, 0.17853998374547023, 0.26481538191697834, 0.4469621610424218], [0.10567448047731148, 0.19728618628338912, 0.10551644927335191, 0.5915228839659474], [0.332625582188973, 0.2753251839636717, 0.21510422340713367, 0.1769450104402216], [0.19181276439128006, 0.18677605762036237, 0.33168673337769516, 0.2897244446106625], [0.14302875800569248, 0.490080518471024, 0.09166738047857523, 0.27522334304470836], [0.13165669640610042, 0.29267256632424526, 0.2487111078207013, 0.32695962944895285], [0.19622642022692924, 0.4435943451549788, 0.24591439091309536, 0.1142648437049965], [0.43094812580121267, 0.31466650524980116, 0.1052418099659307, 0.14914355898305542], [0.16956041443336684, 0.13217060942724235, 0.09656728678151123, 0.6017016893578794], [0.27502190209416727, 0.15931944595613398, 0.12437580059047554, 0.4412828513592232], [0.1410869289459792, 0.17348706982782044, 0.4962336974438939, 0.1891923037823066], [0.26409866343097593, 0.18284393471079377, 0.21459529461509075, 0.33846210724313947], [0.32655834124263816, 0.4092548096260987, 0.064725774152881, 0.19946107497838214], [0.19394891984768872, 0.19745219522048887, 0.31954326825215357, 0.2890556166796687], [0.26389690811583383, 0.34044706770551475, 0.1924174159114519, 0.20323860826719953], [0.3144974057345955, 0.11194268562619603, 0.12008915025873293, 0.45347075838047546], [0.2378763094372722, 0.2681683193436139, 0.17839014046472326, 0.3155652307543907], [0.2588294538436781, 0.18671546721511365, 0.21895072936494156, 0.33550434957626674], [0.15547894923158762, 0.23553948458285895, 0.2802465291641216, 0.32873503702143175], [0.33643570398192957, 0.2646080618345386, 0.1773960556451086, 0.22156017853842322], [0.21180528671647497, 0.3738635899530038, 0.22772543106738746, 0.18660569226313384], [0.35159402967609343, 0.23599773129407187, 0.13612501605904304, 0.2762832229707916], [0.0981521883807897, 0.25338960832373525, 0.5221023958018681, 0.1263558074936069], [0.350848359039596, 0.1610511425183862, 0.27546339866624203, 0.21263709977577577], [0.14741208847467752, 0.1419393598883808, 0.2930781696825029, 0.41757038195443885], [0.09489541918478593, 0.44084401924613803, 0.10796560361257888, 0.3562949579564973], [0.19175794941909988, 0.3336641585626239, 0.18936802649975007, 0.28520986551852634], [0.12004930726053742, 0.6353322155437359, 0.0846469114728857, 0.15997156572284107], [0.20136471089975347, 0.19793647802845976, 0.28064538460810345, 0.3200534264636834], [0.1738871144207574, 0.45975215864076985, 0.12231148371351673, 0.24404924322495597], [0.17373722209121653, 0.41598383562220514, 0.17532990984848573, 0.2349490324380925], [0.2244519900039498, 0.22491177629567283, 0.0782810158473877, 0.4723552178529898], [0.15648847876779934, 0.3216553445682413, 0.17628695770488126, 0.3455692189590782], [0.5128499962811354, 0.209285833972879, 0.04050725425135637, 0.2373569154946293], [0.10312514878708781, 0.2838169146192255, 0.09950724361123155, 0.5135506929824551], [0.25039425033910967, 0.35509330937068073, 0.13121925004459473, 0.263293190245615], [0.13812317540945296, 0.32647781884472105, 0.23825556354544453, 0.2971434422003814], [0.12772791080037205, 0.2792436740051337, 0.2662877832253586, 0.3267406319691357], [0.28818445664098524, 0.2887356316332415, 0.129306180618416, 0.29377373110735716], [0.46500928631756494, 0.1883165762128562, 0.11738879549737816, 0.22928534197220063], [0.2880251104082972, 0.16755311600699033, 0.12079463278612804, 0.4236271407985844], [0.2372038240098102, 0.32416372395147036, 0.313819025849946, 0.12481342618877345], [0.08174399571791378, 0.24109731976434273, 0.31739297554767476, 0.3597657089700689], [0.3243222847329072, 0.23832388457153367, 0.22942538059686, 0.20792845009869912], [0.15735111598793836, 0.5448032281273352, 0.13126344392628914, 0.16658221195843728], [0.32522939390941463, 0.19750348109981633, 0.18582661193010852, 0.29144051306066054], [0.13297955373636391, 0.31448612004064946, 0.25687468303752947, 0.29565964318545696], [0.19762623827571946, 0.18038071497432948, 0.06562059151983451, 0.5563724552301166], [0.6459065352689335, 0.11925883072104812, 0.05519834403857489, 0.17963628997144346], [0.2307866925864732, 0.07093176850701512, 0.03945159797909393, 0.6588299409274178], [0.2418705990284549, 0.3600561368178947, 0.12470119788453511, 0.2733720662691154], [0.23251626551301896, 0.3378906444091553, 0.278143502154513, 0.15144958792331292], [0.7404033287989026, 0.12005525482103582, 0.052415949660440136, 0.0871254667196216], [0.28028821096771356, 0.41399188524861114, 0.0928959533633819, 0.21282395042029353], [0.35230312364041305, 0.3971277598788631, 0.1410170211326406, 0.10955209534808306], [0.18488997680126942, 0.21862416751942942, 0.3571784716664287, 0.2393073840128725], [0.41572949389602865, 0.22130597800900884, 0.10992231336206844, 0.2530422147328941], [0.12361140035369712, 0.38502328259634944, 0.2620828075111189, 0.2292825095388345], [0.13874774431336837, 0.5100382836719083, 0.16142354694598732, 0.18979042506873606], [0.17618220247796398, 0.15740509564805927, 0.09130029744224633, 0.5751124044317304], [0.2046933984642131, 0.2341384972326129, 0.3241659206894618, 0.23700218361371195], [0.1848748788938951, 0.4100939465307621, 0.16216777399643756, 0.24286340057890518], [0.2025671794057824, 0.25639354818179455, 0.2351483044268787, 0.3058909679855445], [0.21234256451650999, 0.42557239649479506, 0.1631184457510957, 0.19896659323759922], [0.1145020060020662, 0.5250429650534539, 0.1442400795305423, 0.21621494941393743], [0.5830492604285742, 0.15712165966314268, 0.15232364500814957, 0.10750543490013352], [0.1567028347647054, 0.3090506582912114, 0.4063488970393022, 0.127897609904781], [0.12240688609846728, 0.6849577038039241, 0.07203181202478826, 0.12060359807282038], [0.28475882416061715, 0.3275198712862885, 0.11850172974260456, 0.2692195748104898], [0.15501205741061203, 0.4221949816623776, 0.09984377400789991, 0.3229491869191105], [0.45075011600660464, 0.20679718740044414, 0.10241139917657195, 0.2400412974163794], [0.18291572947041373, 0.3143565676373125, 0.1756023794786406, 0.3271253234136332], [0.1687403975295115, 0.12901155107778256, 0.05600474266470938, 0.6462433087279966], [0.3793072863175791, 0.14577227013257596, 0.06339448833709135, 0.4115259552127537], [0.18631500336678516, 0.31832400939019606, 0.17877224167625264, 0.3165887455667662], [0.26203505146079, 0.29799655203957787, 0.061536335928643, 0.37843206057098916], [0.3030478719546071, 0.218571327566193, 0.1404757374461816, 0.3379050630330184], [0.12937825020282465, 0.34280343267069346, 0.3668685294394734, 0.16094978768700857], [0.1788975688464405, 0.4005647653631056, 0.1570405002413886, 0.26349716554906527], [0.3438564982483336, 0.2850028700501814, 0.06401520027404821, 0.30712543142743687], [0.17113350158968788, 0.379848905019249, 0.2253715261377347, 0.22364606725332847], [0.19650108825304793, 0.18371571055914276, 0.09597558278226415, 0.5238076184055451], [0.24310744871112686, 0.23089825656213547, 0.2780981828484606, 0.24789611187827726], [0.14827723869980458, 0.44372113174522954, 0.09240584487982736, 0.31559578467513844], [0.11333053347629815, 0.2900474923753385, 0.16242138602002254, 0.4342005881283409], [0.2826687039177044, 0.1742255833421154, 0.16988743799423936, 0.3732182747459408], [0.15579097428836827, 0.5670117234738656, 0.10383889157899619, 0.17335841065876997], [0.14188744171507275, 0.6265601113559506, 0.11384285601510681, 0.11770959091386986], [0.21540618359391323, 0.2730939780320039, 0.15397609503795412, 0.35752374333612885], [0.22450485988619234, 0.14960593618582635, 0.14658770367017043, 0.479301500257811], [0.1677927814457534, 0.3416825263065688, 0.1331887294989751, 0.35733596274870266], [0.19703829159730538, 0.17991977416276927, 0.15274082824655189, 0.47030110599337344], [0.19349079030862829, 0.5455211400973066, 0.11369827189686016, 0.14728979769720507], [0.2794906317360348, 0.30418488383788506, 0.2104110089637559, 0.20591347546232427], [0.18299969044656353, 0.3572252330144719, 0.26672187460961616, 0.19305320192934852], [0.17521391145373824, 0.15598654002401527, 0.10429515917698892, 0.5645043893452576], [0.10137254738446307, 0.6885253139647056, 0.0874641817443884, 0.122637956906443], [0.31461574543147786, 0.41978879493034676, 0.08297529044161447, 0.182620169196561], [0.12398210352744383, 0.5591237994233471, 0.15935941772481538, 0.1575346793243938], [0.3079057707179332, 0.2815240824290695, 0.12092333790416265, 0.28964680894883477], [0.3497707622873824, 0.19514996505401694, 0.11612642375776809, 0.3389528489008326], [0.21676865925364952, 0.4824479677164178, 0.12343290337635963, 0.17735046965357312], [0.24990536284545592, 0.2347409808545864, 0.1341882760686439, 0.38116538023131397], [0.33192728986270725, 0.20917749542721978, 0.07545913117880446, 0.38343608353126857], [0.4517890793791778, 0.24246077136559266, 0.07357542960640712, 0.23217471964882247], [0.16516622435603595, 0.324213149628278, 0.10632047840542075, 0.4043001476102653], [0.09318377641242993, 0.2908560621190326, 0.1273916626711922, 0.48856849879734526], [0.19973318392394865, 0.2817952410274091, 0.19965650152359163, 0.31881507352505073], [0.12406630492235489, 0.5610958787970598, 0.1321251259111136, 0.1827126903694717], [0.23815577898601345, 0.27532990269394025, 0.17953607925703735, 0.306978239063009], [0.2093283081050439, 0.37418629192044545, 0.14032871454580564, 0.27615668542870514], [0.2414341165364333, 0.21867287262826682, 0.07893173968710336, 0.46096127114819646], [0.20842658320122556, 0.5169455629710655, 0.10578907217284311, 0.1688387816548658], [0.11609745198791925, 0.43530239585890146, 0.16126034122209765, 0.28733981093108163], [0.08578509215043333, 0.583817662447476, 0.14649602981112916, 0.1839012155909615], [0.2457697890189547, 0.1764026733815283, 0.06556873358717505, 0.512258804012342], [0.2057614097151502, 0.323682508749691, 0.1618964614728203, 0.30865962006233844], [0.31453096919483015, 0.135029465161627, 0.2534011039053543, 0.29703846173818843], [0.3311575904702956, 0.2780824165220046, 0.1311217130855671, 0.25963827992213284], [0.2685720437464622, 0.29119916374150406, 0.1708000893269824, 0.2694287031850514], [0.1702024994047384, 0.3161494440130125, 0.11945022789808653, 0.39419782868416264], [0.20422220767545532, 0.1848371874969064, 0.12447879778850508, 0.48646180703913333], [0.2706661689567062, 0.17591663811411098, 0.2337770575784557, 0.319640135350727], [0.35742689557205387, 0.3105703872061157, 0.06602478057473761, 0.26597793664709285], [0.128098051125898, 0.1930151198156434, 0.35209213914042436, 0.32679468991803423], [0.13618328913954755, 0.613141760893883, 0.12983868581858246, 0.12083626414798704], [0.17632357081016073, 0.2947202410338261, 0.22451364202765733, 0.30444254612835586], [0.16436880815786922, 0.20785545234605549, 0.3222883183048987, 0.30548742119117667]]}}