{"test": {"ids": ["98120010", "112117790", "109120621", "98117740", "113118820", "110116290", "102113981", "113120260", "112116540", "112120670", "102108621", "101110740", "110118111", "101111140", "111119930", "101111620", "109114651", "100108260", "107118780", "113122230", "109116040", "99112300", "112120640", "110119030", "110119891", "110115580", "103112470", "105113210", "110115250", "111120260", "98113881", "103111540", "103109791", "113120540", "97113900", "108120060", "113117340", "110119300", "105113330", "99109740", "106116370", "97116410", "99109840", "101114990", "112120630", "112117660", "107121230", "101111210", "108114220", "106116850", "112118530", "98109090", "99107950", "106113170", "97106000", "111121220", "100116790", "97106591", "104111711", "99108890", "104111550", "112121430", "107116501", "106113830", "104113170", "112118161", "100110050", "113121950", "106114150", "98109230", "106116820", "112116990", "113121980", "99110730", "112116880", "113119300", "113122150", "109116930", "101111310", "109118701", "103113270", "109118231", "107120260", "113119340", "100111270", "99119830", "105113190", "113121810", "105112260", "105112100", "99108710", "112117431", "112120540", "97107821", "110120700", "103117200", "113120830", "103111830", "108117720", "103118291", "98121790", "112117030", "109117080", "99111440", "109113281", "106119580", "98108970", "104117200", "97107260", "106115250", "98106560", "106121220", "105117200", "109119010", "108114180", "99109141", "110118930", "100109980", "104113240", "110114720", "111117120", "108118291", "111116640", "107119950", "109120540", "110120540", "110114950", "104114410", "110118740", "99107640", "100108080", "109117431", "113119320", "112116640", "112119950", "109113881", "110117200", "105112240", "99111930", "111121930", "111121410", "102112250"], "labels": [2, 3, 1, 2, 0, 2, 1, 3, 1, 2, 3, 3, 1, 2, 1, 3, 3, 3, 1, 1, 0, 0, 0, 0, 3, 1, 1, 3, 1, 3, 3, 1, 3, 3, 2, 1, 2, 1, 3, 3, 2, 3, 2, 3, 3, 0, 0, 2, 3, 3, 1, 1, 1, 0, 0, 3, 2, 1, 1, 0, 1, 2, 1, 1, 3, 0, 3, 3, 1, 1, 1, 0, 2, 3, 0, 1, 2, 0, 3, 3, 2, 1, 1, 0, 2, 1, 3, 2, 3, 1, 2, 0, 3, 2, 2, 0, 3, 3, 1, 0, 2, 2, 1, 3, 0, 3, 3, 3, 2, 2, 1, 1, 3, 3, 1, 3, 1, 1, 2, 3, 2, 3, 0, 3, 1, 1, 0, 1, 3, 1, 0, 1, 1, 0, 0, 0, 3, 1, 1, 1, 0, 0], "predicted_labels": [2, 3, 1, 1, 3, 3, 1, 2, 3, 3, 0, 3, 2, 1, 3, 3, 1, 1, 3, 1, 3, 1, 3, 3, 2, 3, 2, 3, 1, 0, 0, 1, 3, 1, 0, 3, 1, 2, 1, 3, 0, 2, 0, 1, 3, 3, 3, 1, 3, 3, 1, 0, 1, 0, 1, 0, 1, 2, 0, 1, 1, 3, 2, 0, 3, 1, 3, 0, 1, 2, 3, 3, 1, 2, 2, 1, 1, 1, 2, 1, 3, 1, 3, 1, 3, 3, 0, 2, 1, 1, 1, 3, 1, 3, 1, 1, 1, 3, 1, 0, 1, 1, 1, 3, 0, 1, 1, 2, 2, 0, 2, 2, 1, 3, 3, 0, 3, 2, 1, 1, 3, 0, 1, 0, 3, 1, 3, 1, 3, 1, 2, 0, 0, 1, 3, 0, 1, 1, 3, 2, 0, 0], "confidence_scores": [[0.18686273399899214, 0.29875239495779277, 0.380967811910915, 0.13341705913230012], [0.1652292632692153, 0.12885766156505912, 0.1701341743927449, 0.5357789007729806], [0.3240941094330357, 0.4213532414092858, 0.1057450371101422, 0.1488076120475363], [0.1315297484273746, 0.3801941159237799, 0.17168211542367925, 0.3165940202251662], [0.25840375496771434, 0.2563797937213716, 0.09889289506431313, 0.38632355624660103], [0.1711793827456878, 0.24622118905157842, 0.11097931791879492, 0.4716201102839389], [0.12129354176990273, 0.49927973497635353, 0.08485627316225983, 0.29457045009148397], [0.08507277531229533, 0.2781823907122761, 0.3331409428196901, 0.30360389115573855], [0.34381831676147323, 0.16906764078481612, 0.12979828295585288, 0.3573157594978578], [0.20128408312729823, 0.26594988184668167, 0.1621088402262501, 0.37065719479977005], [0.47929675259590915, 0.10516531876111003, 0.12032621874711613, 0.29521170989586476], [0.12231642795002831, 0.22878075003820375, 0.0697639701892896, 0.5791388518224783], [0.21459676687616244, 0.12750801494056835, 0.56620124341512, 0.09169397476814917], [0.22185154902822413, 0.4587242132479219, 0.10315870389967419, 0.21626553382417976], [0.3029084744417644, 0.21133803625704312, 0.12565572698764862, 0.3600977623135439], [0.175530616903955, 0.2781239337163901, 0.1381068605270558, 0.4082385888525992], [0.17042860722657785, 0.431024880575086, 0.1647755280672563, 0.2337709841310799], [0.1603922243500294, 0.47295905569443675, 0.08876014809186862, 0.2778885718636652], [0.288162000938018, 0.21552610982416323, 0.1586649031132063, 0.33764698612461236], [0.2946794933976874, 0.46889512442572495, 0.13197321751177085, 0.10445216466481684], [0.1317816791813087, 0.3541864830989842, 0.14222660817219768, 0.37180522954750944], [0.18226726932743723, 0.5454407882612498, 0.09730276243689481, 0.17498917997441824], [0.3187058822734155, 0.229435421184542, 0.09510382356715688, 0.3567548729748853], [0.1954076695030375, 0.3120372626417041, 0.13243454838714022, 0.3601205194681183], [0.20869914780464502, 0.17842051239634085, 0.32144356623925413, 0.2914367735597599], [0.13276077507178294, 0.1847446273400869, 0.30988119756376364, 0.3726134000243665], [0.3267669385831691, 0.15206116610511583, 0.33602151303395295, 0.18515038227776215], [0.20817033619178166, 0.16483499121314546, 0.17217460943857285, 0.45482006315650003], [0.30589771261493837, 0.43631010360118017, 0.07327218369920156, 0.18452000008467995], [0.40566286349585295, 0.39371354636075656, 0.06939826923684123, 0.13122532090654926], [0.3812232215945189, 0.1768491689245459, 0.08335243453751076, 0.35857517494342434], [0.24703651902099943, 0.4047014031234547, 0.1504309841961741, 0.19783109365937185], [0.3337294049754529, 0.13902813095982933, 0.1331794816503954, 0.3940629824143224], [0.12171459908279492, 0.6754239700569895, 0.08346817980187125, 0.11939325105834424], [0.3625761617252892, 0.35058406951970467, 0.1422175565192546, 0.1446222122357514], [0.1759120608676469, 0.2839943660544568, 0.15971206464371793, 0.3803815084341784], [0.16118401088946457, 0.41848556892261657, 0.08913538682790775, 0.331195033360011], [0.18384963885565261, 0.11342918020542248, 0.49228977951102565, 0.2104314014278992], [0.08015307637119212, 0.7539123570025403, 0.06440529744426407, 0.10152926918200357], [0.13745557756260407, 0.20741682484720916, 0.1539736901592367, 0.50115390743095], [0.5135946027129297, 0.2339346369363137, 0.09216853190082606, 0.16030222844993058], [0.10389673164582301, 0.3053898898007746, 0.3239874305194293, 0.2667259480339731], [0.32812608086971906, 0.2226707891393251, 0.27296354642752774, 0.17623958356342817], [0.16463300994213653, 0.45110519633650215, 0.17964330196723363, 0.20461849175412763], [0.3038876960825505, 0.26647926306346703, 0.12444927004241933, 0.3051837708115631], [0.1484731063236793, 0.2599232468973956, 0.1149088633516444, 0.4766947834272806], [0.18435321764887977, 0.201853467535026, 0.19694424339268454, 0.4168490714234099], [0.18980929412972197, 0.35451578529520283, 0.2652060358091829, 0.19046888476589238], [0.13842914134156298, 0.28280946108959876, 0.12382513012362309, 0.45493626744521526], [0.10337937981049021, 0.2641159984718543, 0.22410671633702095, 0.40839790538063453], [0.13122103854680178, 0.4229191283978013, 0.3333810880900522, 0.11247874496534478], [0.41629663918101045, 0.36295049111044064, 0.06580537397699619, 0.1549474957315526], [0.1936084130953412, 0.39328288134407496, 0.20038345088273504, 0.21272525467784872], [0.5378820566972511, 0.19111552304881785, 0.11921350624085722, 0.15178891401307404], [0.16131357193986384, 0.3445664563555354, 0.25146963452064874, 0.24265033718395204], [0.41802664439077175, 0.2363212542966517, 0.19149868832042546, 0.15415341299215093], [0.22298268047623357, 0.4068849719775015, 0.1646947990953342, 0.20543754845093073], [0.1940263828935656, 0.1617352799683177, 0.37342020018765243, 0.27081813695046425], [0.4025643468313505, 0.3883134282982704, 0.08925864798872736, 0.11986357688165165], [0.23706883252152042, 0.3791297370298408, 0.12192192077935024, 0.26187950966928847], [0.1358592533364076, 0.44293853800251354, 0.14950099766817027, 0.2717012109929085], [0.18636340580579105, 0.18535576994375963, 0.27673032838127426, 0.35155049586917503], [0.2359355678491939, 0.12295850481386048, 0.41779678616405685, 0.2233091411728889], [0.6171120578968983, 0.16882497794458046, 0.07831323360237842, 0.13574973055614284], [0.14035706394572756, 0.2933883043121934, 0.06870255037752182, 0.49755208136455714], [0.2936837942219019, 0.4575530096111468, 0.1078247107741948, 0.14093848539275664], [0.0720867458009286, 0.21700896283178925, 0.22054063532655888, 0.49036365604072324], [0.5498512035366567, 0.1551989431663917, 0.14241372393765356, 0.1525361293592981], [0.1995074020252635, 0.33259674548282137, 0.28070259438143447, 0.18719325811048076], [0.12461490504398733, 0.21378695034481096, 0.40333904808714577, 0.2582590965240559], [0.12264980375994883, 0.16268691122948684, 0.1787854531236711, 0.5358778318868932], [0.22585664838948322, 0.23471253784126647, 0.22824298255834224, 0.3111878312109081], [0.3157524228258439, 0.4575981758574168, 0.08081379836433955, 0.14583560295239958], [0.13284828587503625, 0.13466303208839436, 0.6791110281137673, 0.0533776539228021], [0.11074844382694957, 0.2454289767383673, 0.36755860904493554, 0.2762639703897475], [0.2570031326558428, 0.3458187957643431, 0.10556239687321735, 0.2916156747065969], [0.20592903809988491, 0.3140058572098702, 0.16940361873685897, 0.31066148595338594], [0.27777845811190954, 0.301628576465004, 0.13427957874951454, 0.286313386673572], [0.08181559153463303, 0.22113883678233903, 0.41629509945472454, 0.28075047222830335], [0.28128524517104114, 0.34983553787919885, 0.14447836499608457, 0.22440085195367546], [0.08150003688935714, 0.22624870129713076, 0.10165168877403258, 0.5905995730394796], [0.14329284991196323, 0.575770830016313, 0.17820381833277202, 0.1027325017389517], [0.06901776737337412, 0.23774410829474554, 0.035644026658101374, 0.657594097673779], [0.2873477134704309, 0.4521212972092704, 0.09235615900760946, 0.16817483031268915], [0.22739545875916864, 0.2442374532868229, 0.2128096507828288, 0.31555743717117957], [0.18092936787396127, 0.19317185363767347, 0.09926988790094529, 0.5266288905874199], [0.3925442004460831, 0.2756390195633102, 0.15638193938512285, 0.17543484060548376], [0.09612665533721558, 0.22835561027252216, 0.5165986093030246, 0.15891912508723777], [0.10112891711507602, 0.7015895278002479, 0.06172614188979185, 0.1355554131948843], [0.23075051129641022, 0.2915952838396317, 0.2465784402816997, 0.23107576458225842], [0.21341330474747308, 0.5202510686393594, 0.1764494142791729, 0.08988621233399463], [0.2761301935208875, 0.2603487579486589, 0.1069092970068085, 0.356611751523645], [0.20989533932280463, 0.4442710813606874, 0.13626261609894524, 0.20957096321756255], [0.32429783666977957, 0.24736053954529774, 0.09258309248688093, 0.3357585312980417], [0.25198529355127525, 0.36843961634630873, 0.08731502611172728, 0.29226006399068877], [0.1935483341127702, 0.36651336928626155, 0.1519804973496413, 0.287957799251327], [0.14087170888239142, 0.3268104514578459, 0.23544397956052326, 0.29687386009923955], [0.2612434920638806, 0.1807503025481326, 0.18176840993043847, 0.3762377954575483], [0.24325812612507108, 0.4018030786435722, 0.15898080365645711, 0.1959579915748997], [0.5152522095290618, 0.09456004231841589, 0.03555557658021254, 0.35463217157230975], [0.12450993179480453, 0.6525584709555629, 0.09579648739491115, 0.12713510985472146], [0.28460546127080494, 0.3812228018548989, 0.12250746666314553, 0.2116642702111508], [0.2357376692632668, 0.42529756531267565, 0.11254141662551535, 0.2264233487985424], [0.1929910470990012, 0.31411185416303783, 0.12658449593887935, 0.36631260279908157], [0.5378983807593863, 0.1032553391169326, 0.07669227995914546, 0.28215400016453573], [0.17228674200816002, 0.30065834504551003, 0.27154569226912506, 0.2555092206772049], [0.053028842855227395, 0.4787508286454259, 0.1417535641416673, 0.3264667643576794], [0.18773087762610377, 0.16369374340600937, 0.4705783326522971, 0.17799704631558969], [0.11173423474900895, 0.2444638476593414, 0.5127767187805539, 0.1310251988110957], [0.36806238431801697, 0.23691128658698235, 0.22774398602924123, 0.16728234306575943], [0.12668400976568878, 0.2308363228779244, 0.4667991780668387, 0.17568048928954813], [0.17663480566873693, 0.25848280558618403, 0.3000523220305402, 0.26483006671453874], [0.16442047690489403, 0.4104953855225954, 0.1898267022206477, 0.23525743535186275], [0.15383094965966648, 0.18073146075329943, 0.09996344678241371, 0.5654741428046205], [0.14329615549157557, 0.34105489409859296, 0.15344905214144577, 0.36219989826838567], [0.38643425886509836, 0.17095764198962604, 0.10651349789827305, 0.33609460124700247], [0.11871157131441036, 0.18999366671474635, 0.12927572628252357, 0.5620190356883196], [0.2697885229394399, 0.2605881416374971, 0.3525374316850764, 0.11708590373798666], [0.21169209098414488, 0.4187125831993863, 0.1301894048930249, 0.23940592092344398], [0.0980303664860604, 0.5408822194275854, 0.22264113981090478, 0.13844627427544937], [0.07640437436870472, 0.10770832878232638, 0.13023503285599927, 0.6856522639929696], [0.6869914379263552, 0.10367456298189562, 0.06907303339671272, 0.14026096569503632], [0.2285963772613124, 0.3446258500067387, 0.29720846008462926, 0.12956931264731963], [0.30289877994221726, 0.21475951921505596, 0.2138507337718551, 0.2684909670708717], [0.09497505996081738, 0.3197341678970018, 0.11880781684118841, 0.4664829553009924], [0.22957246168294054, 0.4114117148843833, 0.1162743575794265, 0.24274146585324965], [0.17368922755247954, 0.3556833066715367, 0.1117346852889375, 0.3588927804870462], [0.09842069544129534, 0.4366076809841637, 0.3127815419130857, 0.15219008166145537], [0.3524944227807341, 0.20414286069901486, 0.08172795483531814, 0.36163476168493297], [0.19132541682108098, 0.5847942451453187, 0.09415517126598041, 0.1297251667676199], [0.20485699961640513, 0.20056538555756234, 0.3906915143229226, 0.20388610050311015], [0.6203388330224554, 0.13745970496991486, 0.0415701216572777, 0.20063134035035196], [0.34317669681642354, 0.3044260768875371, 0.10575669364292441, 0.2466405326531148], [0.24460342049921963, 0.28525053530961625, 0.21284269087351562, 0.2573033533176485], [0.291709524340142, 0.13913244842146125, 0.06999073027668576, 0.49916729696171097], [0.499817354221585, 0.237067224661949, 0.1016942507167949, 0.16142117039967097], [0.10857265354164175, 0.44011549080052664, 0.0952668043661808, 0.35604505129165065], [0.11368068724701266, 0.36142181386950994, 0.22070216710612342, 0.30419533177735397], [0.3661399612373599, 0.1097253287718924, 0.08956307845509148, 0.43457163153565614], [0.1014591746665071, 0.20800207192957598, 0.3937403891969661, 0.2967983642069508], [0.3614827816760512, 0.35869242760866554, 0.084497958565901, 0.19532683214938237], [0.3180070023324403, 0.3128311916082914, 0.15068382411854225, 0.21847798194072593]]}, "rewritten": {"ids": ["97106000", "97106591", "97107260", "97107821", "97113900", "97116410", "98106560", "98108970", "98109090", "98109230", "98113881", "98117740", "98120010", "98121790", "99107640", "99107950", "99108710", "99108890", "99109141", "99109740", "99109840", "99110730", "99111440", "99111930", "99112300", "99119830", "100108080", "100108260", "100109980", "100110050", "100111270", "100116790", "101110740", "101111140", "101111210", "101111310", "101111620", "101114990", "102108621", "102112250", "102113981", "103109791", "103111540", "103111830", "103112470", "103113270", "103117200", "103118291", "104111550", "104111711", "104113170", "104113240", "104114410", "104117200", "105112100", "105112240", "105112260", "105113190", "105113210", "105113330", "105117200", "106113170", "106113830", "106114150", "106115250", "106116370", "106116820", "106116850", "106119580", "106121220", "107116501", "107118780", "107119950", "107120260", "107121230", "108114180", "108114220", "108117720", "108118291", "108120060", "109113281", "109113881", "109114651", "109116040", "109116930", "109117080", "109117431", "109118231", "109118701", "109119010", "109120540", "109120621", "110114720", "110114950", "110115250", "110115580", "110116290", "110117200", "110118111", "110118740", "110118930", "110119030", "110119300", "110119891", "110120540", "110120700", "111116640", "111117120", "111119930", "111120260", "111121220", "111121410", "111121930", "112116540", "112116640", "112116880", "112116990", "112117030", "112117431", "112117660", "112117790", "112118161", "112118530", "112119950", "112120540", "112120630", "112120640", "112120670", "112121430", "113117340", "113118820", "113119300", "113119320", "113119340", "113120260", "113120540", "113120830", "113121810", "113121950", "113121980", "113122150", "113122230"], "labels": [0, 1, 2, 2, 2, 3, 1, 3, 1, 1, 3, 2, 2, 2, 1, 1, 2, 0, 3, 3, 2, 3, 3, 1, 0, 1, 0, 3, 1, 3, 2, 2, 3, 2, 2, 3, 3, 3, 3, 0, 1, 3, 1, 3, 1, 2, 0, 0, 1, 1, 3, 2, 1, 3, 1, 1, 3, 3, 3, 3, 3, 0, 1, 1, 2, 2, 1, 3, 3, 1, 1, 1, 3, 1, 0, 1, 3, 1, 3, 1, 0, 0, 3, 0, 0, 1, 1, 1, 3, 3, 1, 1, 3, 0, 1, 1, 2, 3, 1, 3, 1, 0, 1, 3, 1, 2, 0, 2, 1, 3, 3, 0, 1, 1, 0, 0, 0, 2, 0, 0, 3, 0, 1, 0, 3, 3, 0, 2, 2, 2, 0, 1, 1, 0, 3, 3, 3, 2, 3, 2, 2, 1], "predicted_labels": [2, 0, 2, 0, 0, 2, 2, 1, 0, 2, 0, 1, 0, 1, 1, 0, 2, 0, 0, 1, 0, 1, 3, 1, 0, 3, 2, 3, 0, 2, 1, 1, 3, 0, 3, 2, 1, 1, 0, 1, 1, 3, 1, 3, 0, 3, 1, 0, 1, 0, 1, 0, 1, 0, 2, 3, 1, 0, 3, 1, 1, 0, 0, 0, 3, 0, 3, 1, 3, 3, 0, 3, 0, 2, 1, 1, 3, 1, 0, 1, 0, 0, 1, 3, 1, 1, 0, 1, 1, 2, 2, 2, 1, 3, 0, 3, 1, 1, 1, 0, 1, 3, 0, 0, 2, 1, 2, 3, 3, 1, 0, 3, 3, 2, 0, 3, 1, 0, 1, 1, 3, 1, 2, 0, 1, 0, 0, 0, 2, 1, 0, 2, 1, 0, 1, 1, 0, 2, 0, 0, 1, 0], "confidence_scores": [[0.14761542788595697, 0.18059432610827292, 0.4179773234944857, 0.2538129225112845], [0.5970682485490669, 0.18876308994018906, 0.07333222920684204, 0.1408364323039019], [0.30437415432107184, 0.14188884154236084, 0.4348048525949707, 0.11893215154159649], [0.3684546006060923, 0.3151386202816295, 0.1269521858392661, 0.18945459327301226], [0.5157343869611282, 0.26188889606024895, 0.11705312657489546, 0.10532359040372724], [0.17069283287175618, 0.2018502695345516, 0.3785753750838836, 0.2488815225098086], [0.09639082819593814, 0.20003498039498774, 0.3660843836953902, 0.33748980771368403], [0.11405629236867354, 0.5105611909655767, 0.21815080458933517, 0.15723171207641443], [0.4579732434403758, 0.32934826922315824, 0.06367726017989808, 0.14900122715656783], [0.34225292152850845, 0.12143442734601922, 0.3631383892822288, 0.17317426184324347], [0.4522199110113979, 0.19791673376753044, 0.15909365318381094, 0.19076970203726057], [0.1263692713427114, 0.3857640844038877, 0.2264205406539122, 0.2614461035994888], [0.3349029955288097, 0.22522172125563406, 0.2948604041447124, 0.14501487907084373], [0.048009330503627066, 0.8019860924864469, 0.10935099982370647, 0.0406535771862197], [0.32859049067263213, 0.3670671541183289, 0.11826971068881706, 0.1860726445202218], [0.3577352199935014, 0.2779805265387563, 0.20303025657834442, 0.16125399688939784], [0.31525705219821565, 0.18938534748542307, 0.32679038379571657, 0.16856721652064474], [0.2863553353113595, 0.2474680735969102, 0.2524372303084184, 0.21373936078331188], [0.6980443050540592, 0.1477595292492046, 0.07872764499992276, 0.07546852069681322], [0.16721904791287662, 0.3527959216309749, 0.2543379828705863, 0.2256470475855621], [0.30035380810029816, 0.24802902257611928, 0.2221123926218977, 0.22950477670168493], [0.21128288038103854, 0.41986418986095436, 0.28485123067043655, 0.08400169908757042], [0.23100177310441203, 0.25330249222363926, 0.11299492343465235, 0.4027008112372962], [0.29019209209342256, 0.2941599003557538, 0.15272665323731272, 0.2629213543135109], [0.4800529490011357, 0.3020576122843277, 0.0876764566132514, 0.13021298210128526], [0.12604002320884836, 0.19881608608797577, 0.2655943545811391, 0.40954953612203676], [0.24331559160448954, 0.2559155605937539, 0.37200550633959917, 0.12876334146215743], [0.19608582688785592, 0.3016735242899271, 0.11599568800828117, 0.38624496081393567], [0.32743722619705806, 0.24192486819758272, 0.32243990361511965, 0.10819800199023939], [0.088796153977442, 0.2555618679808597, 0.4453260610040901, 0.21031591703760813], [0.18367060702106924, 0.4792608494671922, 0.23527564173637175, 0.10179290177536685], [0.22279811655822115, 0.46777657072859774, 0.17243489998769237, 0.13699041272548856], [0.14850247393818033, 0.3045705735292749, 0.0928751759432688, 0.4540517765892759], [0.3658032059253673, 0.2871957598281181, 0.1693945465819363, 0.1776064876645782], [0.261855491856296, 0.2573141770655545, 0.2127197933611357, 0.2681105377170139], [0.09106326817487168, 0.22817413815774887, 0.46197110042141637, 0.21879149324596303], [0.15763362076173543, 0.46095693039439045, 0.17991420358034185, 0.2014952452635322], [0.10439107960702797, 0.628334990106743, 0.16899600358075959, 0.09827792670546939], [0.40755237911000747, 0.24572997609495092, 0.10716610958999939, 0.23955153520504222], [0.3056603049300108, 0.3866278668420771, 0.12692214807089722, 0.1807896801570149], [0.16398909501185455, 0.42051687151475287, 0.09660374169687178, 0.31889029177652084], [0.2074699952062443, 0.13303074668225304, 0.1434483047552854, 0.5160509533562173], [0.13900616722710576, 0.44093378392637766, 0.13538167970149034, 0.28467836914502614], [0.30814206606247024, 0.1158946074310054, 0.18376863632367424, 0.3921946901828501], [0.5383817118645119, 0.14060215731443873, 0.07176351681282284, 0.2492526140082265], [0.17122218006472267, 0.28523141694115417, 0.17056802658605122, 0.37297837640807197], [0.2852275019080462, 0.31302196027377527, 0.21672155582181918, 0.18502898199635928], [0.3902087667365355, 0.2734720803468325, 0.10627523129879142, 0.23004392161784065], [0.14261718099410295, 0.44874806856570626, 0.1615041168941496, 0.24713063354604115], [0.4322193977089323, 0.3965888428686868, 0.07224354044414182, 0.09894821897823908], [0.1550502350050034, 0.5229265738830611, 0.14127495583581567, 0.18074823527611986], [0.5081928265808318, 0.15177829842215157, 0.07853834289146618, 0.2614905321055505], [0.21766015129850688, 0.4004326210023252, 0.19371402305622193, 0.1881932046429459], [0.5039319801195763, 0.19400787720647425, 0.11418711787959135, 0.18787302479435816], [0.25573913971356366, 0.22842425781554618, 0.2712568345050453, 0.24457976796584474], [0.14155242342259733, 0.31039552495950357, 0.20466220178139855, 0.3433898498365005], [0.1581265925907913, 0.5587596791744381, 0.1197737433880542, 0.1633399848467165], [0.48641349247918064, 0.23319264683583438, 0.14170139524370026, 0.13869246544128463], [0.11443714810405674, 0.13020575595204575, 0.36376327004170445, 0.3915938259021931], [0.142677250455236, 0.43961966895824, 0.3050332868621241, 0.11266979372439993], [0.26149208776859206, 0.3105102770509004, 0.15520267607992108, 0.2727949591005865], [0.5644367104672651, 0.19189735493030247, 0.12398597859573118, 0.11967995600670124], [0.3046315928538411, 0.30378763035437195, 0.12115931655316294, 0.270421460238624], [0.3184244095132407, 0.2734019336226595, 0.30433975731015733, 0.10383389955394239], [0.20358132801922474, 0.15101337491075162, 0.21194270248514507, 0.43346259458487846], [0.4051433268998698, 0.3388640841045957, 0.10049099003571525, 0.15550159895981927], [0.1673638870464804, 0.21712640624551746, 0.2840713701763421, 0.3314383365316601], [0.09380555702000998, 0.36416183136981956, 0.2730137916741578, 0.2690188199360125], [0.23788492891943935, 0.24553614242838584, 0.23112609668200976, 0.28545283197016497], [0.15094443221258083, 0.19447716799555545, 0.2596249607330682, 0.39495343905879554], [0.3221966472438067, 0.21065982596896635, 0.17292540556375846, 0.29421812122346847], [0.24270210946499504, 0.2093461578026234, 0.15411537781651788, 0.39383635491586366], [0.35646306510586334, 0.20914377199597137, 0.20825875038565697, 0.22613441251250824], [0.2600875968624951, 0.2489350985075154, 0.29253607497619344, 0.198441229653796], [0.22674852458768285, 0.33404523605952335, 0.20023445180863064, 0.23897178754416326], [0.18008269029811125, 0.47506009536267635, 0.060786800030784474, 0.284070414308428], [0.22648895821680795, 0.22262240588157156, 0.21328068423583496, 0.33760795166578556], [0.2570990117236816, 0.27421690683073774, 0.24434409528391174, 0.22433998616166892], [0.5949816387381215, 0.16622122989455282, 0.09735218773749889, 0.14144494362982662], [0.21820927284234276, 0.3258928078884327, 0.26271249353732323, 0.19318542573190126], [0.4179537947327663, 0.3074052003765859, 0.0842277265606681, 0.19041327832997967], [0.5216321076727812, 0.1953871495087618, 0.09903624671054344, 0.18394449610791355], [0.14068226060040664, 0.3722322300509041, 0.14229981848949308, 0.34478569085919625], [0.1289793740902055, 0.26490906616886617, 0.261290519211156, 0.3448210405297723], [0.24536772713267638, 0.33454041944854584, 0.15426243074746773, 0.26582942267131004], [0.15756324311336978, 0.5672666292486697, 0.11066134531763636, 0.16450878232032434], [0.4384596630952334, 0.3497420163120081, 0.08707925494030481, 0.12471906565245376], [0.2646057391163356, 0.473440469897478, 0.15721588956013377, 0.10473790142605277], [0.1616738812848661, 0.3558505789868814, 0.28263992135275307, 0.1998356183754995], [0.20221027422200957, 0.2540015460124102, 0.2959438800233703, 0.2478442997422098], [0.1553986181355809, 0.21636195270309616, 0.3643887849825042, 0.2638506441788188], [0.32472441722350853, 0.16629946726471012, 0.40335701272180385, 0.10561910278997749], [0.18055792248031244, 0.5153821647422415, 0.14072370350144903, 0.163336209275997], [0.11782459929692274, 0.19287283715639358, 0.32133189051895356, 0.36797067302773007], [0.5013105628560103, 0.24571152792027642, 0.11568701897721505, 0.13729089024649824], [0.09612717528410822, 0.30295375463160273, 0.20426485524033944, 0.3966542148439496], [0.16817484548085954, 0.40555892046209807, 0.09609524006235486, 0.33017099399468763], [0.2694319212999615, 0.3697668834376547, 0.1187758970236347, 0.24202529823874908], [0.20424612823146748, 0.5711238642176403, 0.16187581783154692, 0.06275418971934536], [0.44536668746365765, 0.17735627923093247, 0.10052879861241769, 0.27674823469299203], [0.12245330338845711, 0.49647218859074876, 0.15554215855783668, 0.22553234946295733], [0.14343526654052874, 0.1853281089468548, 0.10253879490566434, 0.5686978296069521], [0.4370161386454147, 0.17063863203011317, 0.17924030552440395, 0.2131049238000682], [0.3986345012102992, 0.12832675619476078, 0.26941720473167974, 0.20362153786326032], [0.10373434701675016, 0.205972099425791, 0.5755400402826358, 0.11475351327482317], [0.20699421540480578, 0.35749680172082815, 0.2505440731327846, 0.18496490974158142], [0.17992307392892265, 0.22710040482698438, 0.38621500395431324, 0.20676151728977954], [0.10780888866810578, 0.19210183286100252, 0.2576188693514715, 0.44247040911942026], [0.09518552345775833, 0.26170141825133414, 0.21336759654426468, 0.4297454617466429], [0.2629122155630514, 0.4469224134171297, 0.09357804576222965, 0.19658732525758932], [0.388111114344248, 0.3393958144333025, 0.10142587781934256, 0.17106719340310683], [0.31869227517295323, 0.2167245184480534, 0.0915388912419803, 0.373044315137013], [0.1510984022684154, 0.3124470269981852, 0.17174062722328065, 0.3647139435101186], [0.173896548458845, 0.2392741998766392, 0.4395419772456971, 0.1472872744188187], [0.3129026823229884, 0.17458272547134152, 0.23854079739796372, 0.2739737948077064], [0.1463767434329104, 0.30749748213792605, 0.23479027893102666, 0.31133549549813705], [0.18100975286217616, 0.3570526919327286, 0.21977525660374211, 0.2421622986013529], [0.36356538673385047, 0.34438290570698504, 0.12953586370807807, 0.16251584385108633], [0.16426835425161185, 0.5138512883196008, 0.16205477351150793, 0.1598255839172795], [0.13896527961307134, 0.4719536421543006, 0.14773229748906627, 0.24134878074356197], [0.10627337730203502, 0.29585346312753014, 0.27612156863525616, 0.32175159093517874], [0.3055926013915659, 0.5656565856377528, 0.05022515028686277, 0.07852566268381866], [0.1724426210005966, 0.2615968836821188, 0.39219377984813614, 0.17376671546914843], [0.4268774188483045, 0.18101386030318148, 0.19059082087283413, 0.20151789997567995], [0.215334446928683, 0.4000788068308311, 0.22529956382662006, 0.1592871824138659], [0.3611174431187782, 0.20179318085670592, 0.25186757418943834, 0.18522180183507744], [0.44310051722600763, 0.1966594377426504, 0.07385038871292583, 0.286389656318416], [0.41304030162417643, 0.24649984511494502, 0.13252026311141588, 0.20793959014946276], [0.11632018761468303, 0.2496527622313816, 0.3670667835722977, 0.26696026658163763], [0.10255813454644132, 0.44795205664242893, 0.07503051149147359, 0.37445929731965605], [0.37621103554059143, 0.21896056688007, 0.1251930638146538, 0.27963533376468463], [0.3138279661483249, 0.1195056983276801, 0.35191221904817716, 0.2147541164758179], [0.1590004902697658, 0.5710299088453579, 0.10198579810162013, 0.16798380278325625], [0.5180617430667225, 0.2904247974061901, 0.08124192407146018, 0.11027153545562725], [0.16217006343523893, 0.3475021727921051, 0.2090087842178593, 0.28131897955479657], [0.1659954950472768, 0.40327365648275243, 0.28191149709416874, 0.14881935137580204], [0.44748780725261544, 0.1355970621588947, 0.20865597017699208, 0.20825916041149778], [0.20892355015219982, 0.18322236474693013, 0.5164321108112861, 0.09142197428958389], [0.5788731645841851, 0.15813449450645634, 0.1439059015058615, 0.11908643940349699], [0.40184073958938965, 0.33024719273882286, 0.11253767498151994, 0.15537439269026757], [0.19678215865290993, 0.30700705834402797, 0.2936709182881877, 0.20253986471487423], [0.3871668000441025, 0.3249840735842131, 0.1486150571512517, 0.13923406922043263]]}}