{"test": {"ids": ["108114200", "108115500", "103112641", "111116990", "104114410", "113121980", "108119550", "107116340", "104111550", "113119450", "107116300", "111115910", "112120540", "97113260", "100111380", "102113350", "112118820", "101111310", "106118301", "101112690", "107118520", "101112160", "102121700", "105115720", "105115570", "109117431", "112116810", "105114220", "100108580", "109121640", "109118161", "99117740", "110114321", "99116500", "105113330", "107120130", "113117550", "105116650", "98106680", "108120280", "110120640", "113117630", "100108260", "99109910", "104112470", "100109890", "112121360", "98109090", "97111790", "113122320", "110118121", "108113620", "100115700", "99113260", "103111830", "110115710", "110114561", "100112060", "109113931", "107119130", "102110850", "113122160", "112116540", "99120010", "99111930", "109117600", "103120780", "99112300", "113117401", "98108150", "99109780", "99109141", "104117630", "109114270", "107114621", "109117110", "98107340", "98106560", "113121410", "99112531", "104111620", "112116451", "98107210", "104119290", "112118810", "104112201", "111120320", "112119610", "99109370", "110119300", "106119580", "106114150", "101115190", "101111140", "111119950", "104116441", "111119300", "107113170", "102110500", "108120621", "101108621", "103113640", "98116090", "113122180", "97108520", "112116800", "107113360", "102109840", "112118161", "113118810", "98116500", "113120070", "100111620", "98112580", "105117351", "111121190", "103110840", "111118820", "99111340", "99112840", "110113591", "109116170", "113121680", "112118620", "97105960", "109117630", "112119320", "99109311", "112118581", "106116370", "110118111", "97118210", "110118880", "105115380", "104114740", "103118291", "105113260", "102110050", "102121440", "106117770", "113121750", "105110251"], "labels": [0, 3, 3, 0, 1, 2, 1, 3, 1, 3, 0, 2, 3, 1, 3, 3, 0, 3, 1, 1, 2, 3, 1, 1, 0, 1, 3, 3, 0, 0, 0, 2, 1, 2, 3, 2, 3, 1, 1, 3, 0, 0, 3, 2, 1, 3, 3, 1, 2, 1, 3, 3, 1, 0, 3, 2, 0, 2, 1, 1, 3, 3, 1, 2, 1, 1, 1, 0, 3, 0, 2, 3, 0, 3, 0, 1, 0, 1, 0, 3, 0, 0, 1, 1, 3, 0, 1, 0, 1, 1, 3, 1, 1, 2, 0, 1, 1, 0, 3, 1, 0, 1, 0, 2, 2, 0, 0, 2, 0, 3, 2, 2, 3, 2, 0, 1, 1, 0, 1, 2, 0, 0, 1, 3, 2, 0, 1, 1, 1, 2, 1, 2, 0, 1, 2, 0, 3, 3, 2, 0, 0, 0], "predicted_labels": [1, 2, 3, 0, 0, 3, 2, 1, 3, 1, 3, 1, 3, 3, 0, 3, 3, 1, 1, 1, 0, 1, 3, 3, 3, 0, 1, 3, 2, 3, 1, 3, 0, 0, 3, 3, 1, 1, 2, 3, 0, 1, 3, 3, 0, 3, 3, 3, 3, 2, 2, 0, 3, 0, 0, 3, 3, 3, 1, 0, 0, 1, 3, 0, 1, 0, 0, 3, 3, 3, 1, 1, 2, 3, 3, 1, 3, 2, 3, 0, 3, 0, 3, 0, 1, 3, 3, 1, 0, 1, 3, 1, 3, 3, 1, 0, 3, 0, 3, 3, 1, 0, 3, 3, 3, 1, 0, 2, 1, 1, 3, 1, 2, 1, 0, 0, 1, 0, 2, 1, 0, 0, 2, 3, 0, 3, 0, 0, 1, 3, 1, 1, 3, 2, 3, 3, 1, 1, 2, 0, 1, 0], "confidence_scores": [[0.14390506256317362, 0.40797684712745375, 0.1458252574876951, 0.30229283282167757], [0.19715201776287367, 0.17858863741429523, 0.3793596850809885, 0.24489965974184263], [0.24681801909335166, 0.29988485331983233, 0.1283955563237276, 0.3249015712630884], [0.40870803122701893, 0.21305911077308717, 0.19151465853401595, 0.18671819946587803], [0.5296682998302956, 0.11705384953168776, 0.08711968185316375, 0.26615816878485277], [0.2354345918233671, 0.20891740377228143, 0.14323100462487348, 0.4124169997794779], [0.154156726913126, 0.2627328095530828, 0.3127163347489949, 0.27039412878479613], [0.24355306510958416, 0.4574224709109857, 0.08750737932977805, 0.21151708464965213], [0.24346212916087806, 0.2970087912511749, 0.13517904215204773, 0.32435003743589924], [0.277313470076975, 0.36995535184970074, 0.08416035083009003, 0.26857082724323417], [0.23537225139399615, 0.25434088573989916, 0.14789538595886506, 0.3623914769072397], [0.16515146596102703, 0.45104823693991225, 0.20091757323836815, 0.1828827238606925], [0.22103587135105981, 0.25544598268316826, 0.1723762502594822, 0.3511418957062898], [0.18849944601560872, 0.32901411306287914, 0.14947607962895898, 0.3330103612925533], [0.3226550753307394, 0.29638615598977136, 0.1689504011735509, 0.2120083675059383], [0.14251716066544592, 0.3356025217019678, 0.13829566721788022, 0.383584650414706], [0.21043872698941757, 0.2509970416698332, 0.16732219104577836, 0.37124204029497093], [0.1973749157393924, 0.3096149732532209, 0.2614240017215575, 0.2315861092858291], [0.272489035681844, 0.33536547048837184, 0.08264593435634636, 0.3094995594734378], [0.1097600141164236, 0.4966338636167387, 0.18642557018492178, 0.20718055208191588], [0.370242212428945, 0.24404283782403388, 0.15225119041150778, 0.2334637593355134], [0.2578567248547964, 0.39375302880020613, 0.10187305007925776, 0.24651719626573984], [0.20862967768478025, 0.25449055179963165, 0.17877177414187512, 0.35810799637371304], [0.2720695040755911, 0.26157071014256034, 0.0997924942808328, 0.36656729150101564], [0.16421406667143845, 0.20530686703040013, 0.3034367428880139, 0.32704232341014744], [0.3404096128196408, 0.27819714498735726, 0.10512531769585562, 0.2762679244971462], [0.221661117372544, 0.3370454969448852, 0.13088005343269465, 0.31041333224987616], [0.20147095822390848, 0.29774662109891903, 0.1266659048454602, 0.37411651583171235], [0.18689000829528535, 0.24746706528204343, 0.2880382113782439, 0.2776047150444273], [0.20016458105227136, 0.198307567103631, 0.1051749779973318, 0.49635287384676585], [0.304963171118825, 0.3811844617394094, 0.10799778086073025, 0.20585458628103545], [0.35408991509638105, 0.17012355677874785, 0.07918514618695927, 0.39660138193791195], [0.4506536125878039, 0.2278914002659509, 0.08307881421154334, 0.23837617293470195], [0.3079350177962898, 0.1961313526122793, 0.22337908946546686, 0.2725545401259642], [0.2748470599163906, 0.17394748369031113, 0.19502100872722394, 0.3561844476660745], [0.1807333369447777, 0.2021234041893265, 0.07643648078423096, 0.5407067780816649], [0.20791824587281307, 0.3616321561394333, 0.10776327722424228, 0.32268632076351156], [0.20917884800768563, 0.33318502569451913, 0.2995432358416703, 0.15809289045612507], [0.18151078975273133, 0.25512015888038503, 0.28590143460609446, 0.2774676167607893], [0.30174485693447245, 0.20198129641714138, 0.1174762974303814, 0.3787975492180049], [0.3615816144106291, 0.15071769593250275, 0.2764940021202985, 0.2112066875365697], [0.32486000354064404, 0.3937470818586617, 0.09115023937939692, 0.19024267522129734], [0.21613810531545355, 0.1622192547662204, 0.20119354270413603, 0.42044909721419], [0.2660825347111964, 0.18662538486348038, 0.19197927509173768, 0.35531280533358556], [0.323020700846649, 0.21564396376652473, 0.14017618864708048, 0.3211591467397459], [0.3133611145272794, 0.1987203231222154, 0.0803725707554336, 0.4075459915950716], [0.22300596153935734, 0.24154567041753258, 0.134486336797757, 0.40096203124535307], [0.2607749213414172, 0.24674283742928843, 0.1884226189589358, 0.3040596222703587], [0.2685253156870217, 0.18320457603220508, 0.17345409803128187, 0.37481601024949135], [0.21275702864734142, 0.19206971056894204, 0.2987454159219282, 0.2964278448617883], [0.2534624344044035, 0.21584827475257864, 0.2703085554664066, 0.26038073537661127], [0.32390681913122077, 0.2673223674159853, 0.1929416187691926, 0.2158291946836014], [0.22469597164917857, 0.26296554068621913, 0.13872990126426343, 0.37360858640033906], [0.31612037409484084, 0.20697844158553885, 0.21883567686921443, 0.25806550745040596], [0.34876221832783205, 0.31618618298078516, 0.1318737026018274, 0.2031778960895555], [0.2006679371933513, 0.15093692431946668, 0.14674369196919146, 0.5016514465179907], [0.31883119164748863, 0.2314829300412792, 0.07785250915259086, 0.3718333691586413], [0.11434210760023591, 0.18620332480006963, 0.13128955078215948, 0.5681650168175351], [0.147400471351705, 0.4990055457727491, 0.06266457272893851, 0.29092941014660767], [0.4761040880437109, 0.18356580823093874, 0.14097086816199136, 0.19935923556335913], [0.3930820536902187, 0.23601302442614777, 0.19027782148744796, 0.18062710039618568], [0.1363866231605746, 0.33562656611281144, 0.2119317215568559, 0.31605508916975794], [0.15675768950749178, 0.18254936516094775, 0.1082624470486284, 0.5524304982829322], [0.5178302225365335, 0.17357131275864318, 0.1945214872846541, 0.11407697742016924], [0.29578323371989995, 0.3097238753615679, 0.1321271923456736, 0.26236569857285846], [0.29963572717335235, 0.2604120260491573, 0.22659078341389344, 0.21336146336359685], [0.49704440857695753, 0.3050645128360333, 0.06577848937992742, 0.13211258920708177], [0.24160479556814984, 0.24715899927265236, 0.13115684078271228, 0.38007936437648554], [0.22660082786634705, 0.22811306517310848, 0.07331944745791413, 0.47196665950263034], [0.14739527444927997, 0.33538154800595094, 0.11060898297007453, 0.40661419457469455], [0.18907527764274545, 0.357868844962983, 0.17530708540024603, 0.27774879199402575], [0.31355423594164045, 0.3231395842507042, 0.07602410451652762, 0.28728207529112787], [0.2927292354811355, 0.17118751993910492, 0.4079367169572602, 0.12814652762249926], [0.13939779452626352, 0.17754040130005475, 0.15040622741536633, 0.5326555767583154], [0.2716530071964309, 0.22537929921767672, 0.07628264591216417, 0.4266850476737281], [0.24631386520685025, 0.5254776907577814, 0.10591518503238691, 0.12229325900298159], [0.25235129785985194, 0.29517827407802966, 0.13212610398937524, 0.3203443240727432], [0.26394935177894746, 0.26131805809691394, 0.27788951219486313, 0.19684307792927563], [0.23204414048211253, 0.20477771971132772, 0.12759014834721372, 0.4355879914593461], [0.4356252827512946, 0.17440106269535635, 0.06589685632469625, 0.3240767982286528], [0.3044241910009777, 0.23171092118294487, 0.12095927585118374, 0.34290561196489383], [0.3653433054925291, 0.24082219733225158, 0.13301424645467844, 0.26082025072054105], [0.18383639519926329, 0.3034599463212782, 0.18706878847202962, 0.32563487000742897], [0.33297379131224925, 0.29547911705763286, 0.09635382232032523, 0.2751932693097929], [0.25724024884099905, 0.36198720504461723, 0.14620792367677748, 0.23456462243760626], [0.2945475675862325, 0.18118309230484303, 0.08152947786358553, 0.4427398622453388], [0.285779608965277, 0.2139672678537706, 0.14597150980778956, 0.35428161337316294], [0.19085382977282447, 0.374960987177595, 0.13377388935006687, 0.3004112936995136], [0.33239462685164495, 0.19170111852708063, 0.18258495652453788, 0.2933192980967366], [0.26386011814947197, 0.3011063583000201, 0.1420343990098507, 0.29299912454065735], [0.14212279617523227, 0.2710657567983218, 0.26035110194184496, 0.32646034508460114], [0.21808036158554406, 0.31700232925346317, 0.19570380999149367, 0.2692134991694991], [0.14448855932479923, 0.2200426765271232, 0.2293165677397645, 0.40615219640831307], [0.22522114862380213, 0.2853199525216667, 0.1078254168298692, 0.3816334820246619], [0.2460530569925079, 0.3718595153152385, 0.16765637607388317, 0.21443105161837048], [0.37242077060062795, 0.19414576644500453, 0.16769726156131878, 0.26573620139304877], [0.20348151382375562, 0.2636567108997709, 0.24953384370113377, 0.28332793157533975], [0.32519862928522414, 0.24588418110878799, 0.14231373182688728, 0.2866034577791007], [0.2790421069751357, 0.207318311584746, 0.1333661740009309, 0.38027340743918725], [0.15809558057128534, 0.219092301261275, 0.09091282593283023, 0.5318992922346094], [0.18646233306723345, 0.33185090533146494, 0.16620939457195957, 0.31547736702934187], [0.5237474122098933, 0.18667180997487845, 0.07637389086707397, 0.21320688694815418], [0.23955615839919214, 0.21406088582966643, 0.2296603686538712, 0.31672258711727025], [0.3123269751943536, 0.14920604741703425, 0.14609175570978378, 0.3923752216788285], [0.20022693435496905, 0.24212260634553004, 0.17334207106741278, 0.38430838823208824], [0.3207548960140265, 0.398432848577468, 0.13303838302654683, 0.14777387238195858], [0.38071089751085563, 0.3241895978978084, 0.09368940748168735, 0.20141009710964874], [0.09270060238846295, 0.10970811285320028, 0.5836013381314723, 0.2139899466268644], [0.29552341313491987, 0.3870684275770057, 0.10242283932653114, 0.21498531996154316], [0.28841104853732685, 0.3627672889920302, 0.15255997465440535, 0.1962616878162376], [0.253969527251179, 0.26956244878827645, 0.18085458760096698, 0.29561343635957754], [0.14852225999499918, 0.4064659744861827, 0.15706499629833812, 0.2879467692204799], [0.17475972671200246, 0.23127643011556848, 0.35109389405491487, 0.24286994911751408], [0.1475631625663981, 0.3290706623877523, 0.30063945410259013, 0.2227267209432595], [0.37678237853110486, 0.2896178028172026, 0.11380698887716006, 0.21979282977453232], [0.3545652422619324, 0.18364497951153386, 0.22755504515153846, 0.23423473307499534], [0.18714356767640156, 0.42576222427638705, 0.1418612823455016, 0.24523292570170982], [0.4917381310259952, 0.23079698915164865, 0.09375819100929904, 0.18370668881305716], [0.1176840046881978, 0.1964753858329637, 0.37492840132603444, 0.31091220815280424], [0.22538501218560997, 0.2947514631524093, 0.20890132080783846, 0.2709622038541424], [0.502424949699607, 0.2672583572167514, 0.11189748165071504, 0.11841921143292668], [0.3423612444529352, 0.3301416984949402, 0.09728841700539831, 0.2302086400467263], [0.17831161025222617, 0.20959412071722824, 0.38244169516930154, 0.22965257386124413], [0.26423426712588965, 0.21184325652746366, 0.11890743541414972, 0.4050150409324969], [0.32572093160031573, 0.23318415335474393, 0.2061695126762205, 0.23492540236871975], [0.17093333205098424, 0.30936116788286533, 0.15009662160691215, 0.36960887845923834], [0.3175601280850089, 0.2903851014315989, 0.1031114430289245, 0.2889433274544677], [0.33232214505076757, 0.3000658717835954, 0.12385658390052301, 0.243755399265114], [0.20322637942644378, 0.32255794331772847, 0.25554612081171796, 0.21866955644410974], [0.2914887641194641, 0.2613384860670787, 0.14125064129221215, 0.3059221085212451], [0.3509771019652233, 0.3751218080063258, 0.09036586446325277, 0.1835352255651982], [0.23833190472759896, 0.30735867514074966, 0.18624073893697254, 0.2680686811946788], [0.2542492139669805, 0.2600497012533555, 0.0794726826481911, 0.40622840213147304], [0.13016718926863552, 0.1545456539228529, 0.4776760751927321, 0.23761108161577948], [0.17709807037610112, 0.25590465754456526, 0.2154417314046947, 0.3515555406746389], [0.24244709933503378, 0.2291248369808636, 0.12962436275672568, 0.3988037009273769], [0.24225826417469887, 0.37014492968808654, 0.11352652780021709, 0.27407027833699765], [0.2840042257784881, 0.361664051680927, 0.1359589760491033, 0.21837274649148167], [0.2704440413787652, 0.22529611349706277, 0.31525715093005496, 0.189002694194117], [0.3960975445432674, 0.2595746665885814, 0.12493127655132706, 0.21939651231682422], [0.250739859778132, 0.3726355772097364, 0.13113297848324978, 0.2454915845288819], [0.36237519473657465, 0.27803906286797675, 0.14234830668337073, 0.21723743571207815]]}, "rewritten": {"ids": ["97105960", "97108520", "97111790", "97113260", "97118210", "98106560", "98106680", "98107210", "98107340", "98108150", "98109090", "98112580", "98116090", "98116500", "99109141", "99109311", "99109370", "99109780", "99109910", "99111340", "99111930", "99112300", "99112531", "99112840", "99113260", "99116500", "99117740", "99120010", "100108260", "100108580", "100109890", "100111380", "100111620", "100112060", "100115700", "101108621", "101111140", "101111310", "101112160", "101112690", "101115190", "102109840", "102110050", "102110500", "102110850", "102113350", "102121440", "102121700", "103110840", "103111830", "103112641", "103113640", "103118291", "103120780", "104111550", "104111620", "104112201", "104112470", "104114410", "104114740", "104116441", "104117630", "104119290", "105110251", "105113260", "105113330", "105114220", "105115380", "105115570", "105115720", "105116650", "105117351", "106114150", "106116370", "106117770", "106118301", "106119580", "107113170", "107113360", "107114621", "107116300", "107116340", "107118520", "107119130", "107120130", "108113620", "108114200", "108115500", "108119550", "108120280", "108120621", "109113931", "109114270", "109116170", "109117110", "109117431", "109117600", "109117630", "109118161", "109121640", "110113591", "110114321", "110114561", "110115710", "110118111", "110118121", "110118880", "110119300", "110120640", "111115910", "111116990", "111118820", "111119300", "111119950", "111120320", "111121190", "112116451", "112116540", "112116800", "112116810", "112118161", "112118581", "112118620", "112118810", "112118820", "112119320", "112119610", "112120540", "112121360", "113117401", "113117550", "113117630", "113118810", "113119450", "113120070", "113121410", "113121680", "113121750", "113121980", "113122160", "113122180", "113122320"], "labels": [2, 2, 2, 1, 2, 1, 1, 1, 0, 0, 1, 2, 0, 2, 3, 1, 1, 2, 2, 1, 1, 0, 3, 2, 0, 2, 2, 2, 3, 0, 3, 3, 3, 2, 1, 0, 2, 3, 3, 1, 1, 2, 3, 3, 3, 3, 2, 1, 1, 3, 3, 1, 0, 1, 1, 0, 0, 1, 1, 2, 1, 0, 1, 0, 3, 3, 3, 1, 0, 1, 1, 0, 1, 2, 0, 1, 3, 0, 0, 0, 0, 3, 2, 1, 2, 3, 0, 3, 1, 3, 1, 1, 3, 0, 1, 1, 1, 0, 0, 0, 0, 1, 0, 2, 1, 3, 0, 1, 0, 2, 0, 0, 1, 0, 1, 1, 0, 1, 0, 3, 0, 1, 3, 3, 0, 1, 0, 3, 3, 3, 3, 0, 3, 3, 2, 0, 1, 0, 2, 3, 2, 1], "predicted_labels": [0, 3, 1, 1, 3, 1, 3, 1, 1, 1, 1, 1, 3, 1, 3, 1, 2, 1, 2, 2, 3, 1, 1, 1, 2, 1, 3, 0, 1, 2, 3, 1, 0, 1, 1, 1, 2, 1, 1, 2, 1, 1, 0, 3, 1, 1, 2, 3, 0, 3, 1, 3, 1, 1, 1, 0, 1, 3, 2, 2, 0, 2, 1, 0, 1, 1, 1, 2, 2, 1, 2, 1, 1, 2, 2, 0, 2, 1, 3, 0, 0, 1, 1, 1, 3, 1, 1, 3, 2, 1, 1, 1, 3, 1, 1, 0, 1, 1, 1, 1, 0, 1, 1, 1, 1, 1, 1, 1, 3, 0, 1, 1, 1, 1, 3, 3, 0, 0, 1, 3, 0, 1, 0, 3, 1, 1, 1, 2, 3, 1, 1, 1, 1, 1, 2, 1, 3, 1, 3, 1, 3, 1], "confidence_scores": [[0.3220399687562303, 0.3189989904314693, 0.16597171600861543, 0.19298932480368497], [0.16984294567885563, 0.29302610780252974, 0.1687609106909099, 0.3683700358277048], [0.23308692649766505, 0.31122583685569266, 0.151597270359221, 0.3040899662874214], [0.17434560494407783, 0.4587588754860596, 0.11331201754966747, 0.2535835020201952], [0.13050061253600972, 0.2800553612816408, 0.17999920094709457, 0.4094448252352549], [0.17564842019074095, 0.34460044458284184, 0.20542854261545362, 0.27432259261096353], [0.15919827127443012, 0.2459910450299901, 0.20324549882116888, 0.3915651848744109], [0.16456814905653405, 0.4067473844518191, 0.22153571248441636, 0.2071487540072304], [0.17536017245278382, 0.35746913248433126, 0.27418516094700385, 0.19298553411588118], [0.19677203941758437, 0.312977324628356, 0.19610432584635215, 0.29414631010770764], [0.2532515419008786, 0.302234876693233, 0.19433003108089802, 0.25018355032499034], [0.19223945971290157, 0.3850711152838661, 0.21412486026446836, 0.20856456473876403], [0.18733789232123665, 0.2935326796124265, 0.13067035297070045, 0.38845907509563643], [0.2830703821131622, 0.407577739155491, 0.09496134812767194, 0.21439053060367486], [0.32383527255248995, 0.2330545562130317, 0.10284435088930857, 0.34026582034516967], [0.268232118868732, 0.33022031201499513, 0.20632692993670468, 0.19522063917956814], [0.21839175541061087, 0.18047864623008048, 0.30647051435256767, 0.2946590840067411], [0.14968039269295494, 0.3710019022336554, 0.24461466892253234, 0.2347030361508574], [0.16720528081400007, 0.290083974849871, 0.3253219280755272, 0.21738881626060177], [0.2131885047955348, 0.1884548311965708, 0.3320316277450827, 0.26632503626281173], [0.149191390926159, 0.24277850522943525, 0.09680860879249957, 0.5112214950519062], [0.16344978835462676, 0.35273395532767293, 0.25454415594004404, 0.2292721003776565], [0.192933048616161, 0.34135187836480096, 0.1651567389859288, 0.30055833403310916], [0.27787222435808, 0.39804221085958597, 0.15272246878421508, 0.17136309599811886], [0.17398220618742516, 0.27574389555276296, 0.4048922299028114, 0.14538166835700056], [0.2026308499171554, 0.33620298500042706, 0.2703770922887706, 0.19078907279364687], [0.2480076023284427, 0.22472153589225136, 0.1345283147679525, 0.3927425470113534], [0.3423535995931979, 0.24830953595865704, 0.1487811145791876, 0.26055574986895724], [0.27522652437247463, 0.3759435543516383, 0.1454824820943483, 0.20334743918153889], [0.16644721472245227, 0.20960811869006174, 0.3945370770395875, 0.22940758954789844], [0.17983183126691185, 0.19919355336174904, 0.30392566140579247, 0.3170489539655466], [0.27628350058513945, 0.27775564643316486, 0.17089870219288514, 0.2750621507888106], [0.33967469034629305, 0.27373227745072803, 0.15680668148934487, 0.2297863507136341], [0.2385322878600255, 0.31170307344445364, 0.1425857738412257, 0.30717886485429524], [0.27078166757437266, 0.3895227451913662, 0.14099087020575765, 0.19870471702850334], [0.2744734770240708, 0.3623838736671349, 0.0758539579901673, 0.2872886913186271], [0.1305879959548417, 0.2901242362893255, 0.35075528488063656, 0.22853248287519623], [0.1573306771904992, 0.5120091629137238, 0.19146331286432747, 0.13919684703144955], [0.19848385424394885, 0.30393408729881216, 0.30139385784459777, 0.1961882006126413], [0.183791005528676, 0.27733066748517726, 0.3243002417303692, 0.2145780852557775], [0.1886822354906035, 0.3398278549554444, 0.26128465655333954, 0.21020525300061235], [0.18828782008027, 0.30371366548526674, 0.2787023103639601, 0.22929620407050327], [0.44298356706161174, 0.23231402074196622, 0.12759977651591348, 0.19710263568050873], [0.22026576855014107, 0.23792165639449636, 0.1833917533290445, 0.3584208217263183], [0.17177774830727954, 0.4091363759148879, 0.2075422679285415, 0.21154360784929113], [0.15683608812203279, 0.34080102901499204, 0.33672971549044767, 0.16563316737252742], [0.17088853278075605, 0.2771798833523732, 0.29082053844706346, 0.26111104541980723], [0.1267560213439452, 0.23948823679494677, 0.1794210747921896, 0.45433466706891834], [0.3468698801883946, 0.2468803431073121, 0.1360273556718959, 0.2702224210323975], [0.1863601630104479, 0.20147099229147505, 0.09454884261255155, 0.5176200020855255], [0.23561934762720696, 0.34705583757061176, 0.11197617113317543, 0.3053486436690059], [0.2057341413449043, 0.28699345659975617, 0.11487995415507134, 0.39239244790026806], [0.34771498749577134, 0.3513581110935886, 0.10236010509672694, 0.19856679631391289], [0.19239800389701062, 0.4587010421837446, 0.16164374930222072, 0.1872572046170241], [0.252413395233494, 0.3433355263996166, 0.19364541633904486, 0.21060566202784461], [0.3911722411290226, 0.22093965668022986, 0.12244243713223614, 0.2654456650585113], [0.2821997938267916, 0.3286181371990072, 0.1075931519327218, 0.2815889170414796], [0.20201822997182672, 0.332297136614698, 0.11687417735346745, 0.34881045606000793], [0.14965753571963672, 0.3170273830578612, 0.3653880772588087, 0.16792700396369353], [0.13316867293524826, 0.29935403965708374, 0.31515420566726265, 0.25232308174040535], [0.32032998863216594, 0.30112234946715766, 0.22902044518577352, 0.14952721671490293], [0.10821193370346714, 0.19836160432686972, 0.4387159948193357, 0.2547104671503276], [0.34841566014695197, 0.36127985311798666, 0.09428569661974966, 0.19601879011531181], [0.4440386742808477, 0.2185453725131242, 0.12182269371750418, 0.21559325948852376], [0.21160455869978678, 0.30990137750265656, 0.16885888381994082, 0.3096351799776159], [0.1667904607044443, 0.32614529897902034, 0.23250415969131769, 0.2745600806252176], [0.14122222315058616, 0.4013827864956477, 0.12190842168809869, 0.33548656866566756], [0.11881780956197616, 0.21726765146416022, 0.4876639679611668, 0.17625057101269673], [0.14778689302553022, 0.25823917174677674, 0.4609384356991169, 0.133035499528576], [0.13358350243627742, 0.5381052570795666, 0.10054553712766828, 0.22776570335648763], [0.14237785551415436, 0.3121742919438771, 0.35560406280554424, 0.1898437897364243], [0.16413651225448192, 0.46391451578560816, 0.0912688443965581, 0.2806801275633519], [0.26220367268742034, 0.3615141676711766, 0.1415657300830073, 0.23471642955839583], [0.1820277394729097, 0.2250287775910289, 0.35328841636303815, 0.23965506657302324], [0.18278256060295675, 0.25374978615112, 0.2962206238010241, 0.26724702944489925], [0.3580427665792679, 0.26955179618270797, 0.09549648226701633, 0.276908954971008], [0.12461616743230501, 0.30220786592939186, 0.36733791043346153, 0.20583805620484175], [0.24629314314841275, 0.3554090026130907, 0.19172331613680232, 0.20657453810169452], [0.25107037100443236, 0.28666586277322825, 0.08416200882334698, 0.37810175739899227], [0.4216799041385107, 0.2019962980390301, 0.10602686400225143, 0.2702969338202078], [0.3362467214086285, 0.2573427861916204, 0.16662101441005048, 0.23978947798970066], [0.17979572076294126, 0.37092968953769606, 0.1347574730896601, 0.31451711660970266], [0.20445178283551746, 0.5017974332833983, 0.11872533474757392, 0.17502544913351034], [0.18197980276604803, 0.3626617221612436, 0.14066802273789655, 0.31469045233481197], [0.20850479261394836, 0.3348562737933581, 0.10946892466352004, 0.34717000892917343], [0.17018102243551178, 0.49965939519141017, 0.1719009702035521, 0.15825861216952605], [0.1430505497627565, 0.3033526928413558, 0.25480214336313145, 0.2987946140327563], [0.1639107284833351, 0.2800899217475176, 0.14307889962511283, 0.41292045014403456], [0.13324582772296395, 0.25824641351636596, 0.3332876814397846, 0.2752200773208856], [0.15804637434317673, 0.47960322277050654, 0.14369385781439312, 0.2186565450719237], [0.28952206486276244, 0.39298886372929487, 0.1180578433042873, 0.19943122810365527], [0.20576218257891807, 0.3408762869798587, 0.14847285781008698, 0.30488867263113617], [0.18558045255659864, 0.2783996259017496, 0.11744254633834113, 0.41857737520331073], [0.257732252860722, 0.3588998788174153, 0.10771080432993584, 0.27565706399192696], [0.14295151420546168, 0.3559952490652695, 0.18424257289619023, 0.3168106638330786], [0.45680808625279384, 0.23416308680116005, 0.12938601508475928, 0.17964281186128708], [0.1502723934121739, 0.4059350395113028, 0.274545273076997, 0.16924729399952645], [0.16968906720433136, 0.4240197064942867, 0.1746557104346545, 0.23163551586672737], [0.32700321959002093, 0.42955590705710983, 0.078072116172183, 0.16536875718068614], [0.2305297713567513, 0.5005209498042665, 0.11431730654105059, 0.15463197229793163], [0.33958941782612034, 0.29266021341727155, 0.13620160491162758, 0.2315487638449805], [0.2135158325763943, 0.3063531614835304, 0.20759531877823692, 0.27253568716183835], [0.2137085905107442, 0.3875246066632254, 0.12198556892174253, 0.2767812339042881], [0.1367002992517577, 0.5603120719147655, 0.13213539868903812, 0.1708522301444388], [0.25717516046889144, 0.3414721398943682, 0.1634816270203144, 0.2378710726164259], [0.2163177733929704, 0.3454294486193178, 0.18292571420160553, 0.2553270637861064], [0.18055219884313456, 0.3673550454241004, 0.13296922298105662, 0.3191235327517085], [0.2579212151364137, 0.317677865057119, 0.21067812203605427, 0.21372279777041317], [0.12780403084122635, 0.19600760663424455, 0.19697399290571188, 0.4792143696188174], [0.34562570927024605, 0.27083592788623256, 0.2298677812560239, 0.15367058158749763], [0.19918715486735214, 0.3216575045648604, 0.1772731940460872, 0.3018821465217003], [0.24459708193013202, 0.3781139923442443, 0.14148412158679294, 0.23580480413883098], [0.24705569512170483, 0.31795267923832105, 0.15936264987955473, 0.2756289757604194], [0.17795109029167058, 0.3125614267209788, 0.20098162661939128, 0.3085058563679592], [0.17691020710709487, 0.2829617212179492, 0.17021017392636492, 0.36991789774859113], [0.21261325398852976, 0.31647512315348314, 0.12197405036676219, 0.3489375724912251], [0.35462895134409395, 0.3410047533569872, 0.11172371496922164, 0.19264258032969717], [0.29083754832793174, 0.28108085642237995, 0.26036152989685735, 0.16772006535283088], [0.23187045417653057, 0.3456232764546859, 0.10018416464801937, 0.32232210472076417], [0.2177192824729277, 0.30457328474009887, 0.10687857752149035, 0.3708288552654832], [0.2841914813703103, 0.2671650724854708, 0.18207796514570487, 0.2665654809985142], [0.2225607335821309, 0.3890206805944065, 0.1470038197298305, 0.24141476609363213], [0.35344899356951637, 0.28600477887601683, 0.13860916227937384, 0.22193706527509285], [0.13686130461842178, 0.32393169720738885, 0.20792925553307898, 0.3312777426411105], [0.25490375630768264, 0.2936761063505215, 0.1710230783108261, 0.2803970590309699], [0.222519384278568, 0.37776256547482623, 0.15969003592226616, 0.2400280143243396], [0.22196080840099788, 0.3274339465585979, 0.14946756925448515, 0.30113767578591916], [0.12131911031348006, 0.23132747388757435, 0.47943000399473246, 0.16792341180421322], [0.18416044048401048, 0.2969120184445575, 0.16721489677468454, 0.3517126442967474], [0.2810535505555912, 0.298239116843827, 0.1460795466900515, 0.2746277859105304], [0.18769118429121875, 0.3314277556132873, 0.1683404731835004, 0.31254058691199355], [0.2974833586386364, 0.34203052664155864, 0.15576442390517198, 0.20472169081463273], [0.17652331637294133, 0.3150945525876419, 0.27165695026201936, 0.23672518077739732], [0.1667403380503102, 0.372749237364613, 0.20831904295526163, 0.2521913816298152], [0.2210865910749782, 0.25669259353318147, 0.3545275674219996, 0.16769324796984095], [0.26950368747265596, 0.4380712461809228, 0.11215142495349349, 0.1802736413929278], [0.15066950478121344, 0.3037841127073764, 0.1087134021340898, 0.4368329803773204], [0.31508181459311985, 0.4022474040763746, 0.1093383534653572, 0.1733324278651484], [0.16137571912808651, 0.31195851155703125, 0.1859372985768127, 0.34072847073806956], [0.21205816968780064, 0.2897146496623853, 0.22628123309540663, 0.2719459475544075], [0.1610307096109037, 0.3527492607833951, 0.10897019412649392, 0.3772498354792075], [0.17902115717794473, 0.356733809293241, 0.2170022605064549, 0.24724277302235936]]}}