{"test": {"ids": ["101114020", "104113380", "104116441", "113119700", "108119330", "112118930", "109116170", "100109000", "100120010", "98116940", "110121170", "99107500", "110118701", "113121750", "111117120", "106112770", "107113840", "100111380", "98107210", "110121450", "110119300", "100109910", "113122120", "112120990", "103110100", "101112160", "112118161", "105121370", "109119450", "111119250", "100108080", "112120630", "109114220", "102109010", "102113981", "104112470", "106113360", "106113830", "103118291", "111120220", "97107260", "109117630", "104119340", "102110750", "109119591", "97106770", "97116401", "107118490", "108115870", "111120320", "101119591", "107113200", "101121640", "104109311", "112116880", "107118780", "98106680", "107113260", "112119930", "102121440", "99112300", "100111270", "107116980", "108120700", "108118520", "107117630", "99105921", "108114040", "99109860", "103112470", "98108410", "113122510", "112116290", "108113740", "99111620", "100115700", "113122150", "105118740", "102116340", "104116980", "97106000", "113122320", "97109080", "101110200", "110117500", "108114200", "112118511", "106116441", "111118820", "100116790", "103113210", "106119990", "110116501", "113119300", "111119150", "109116040", "100113210", "112118550", "101112201", "107121540", "99107630", "97107950", "113120591", "112118471", "102110890", "104113170", "104118070", "108121410", "104113240", "109121351", "109116750", "108115970", "111115770", "109119460", "110121500", "107118120", "108118810", "112116850", "106116120", "109113591", "112116540", "112116810", "103112641", "111116110", "109120540", "103111930", "112121030", "112116401", "113120751", "110114561", "112120290", "105120280", "106116820", "110117080", "101111620", "109116810", "112121351", "108117360", "103110760", "111121930", "108121351", "105113260"], "labels": [3, 1, 1, 0, 0, 1, 0, 1, 0, 2, 2, 0, 3, 0, 2, 1, 3, 3, 1, 3, 1, 2, 1, 2, 1, 3, 0, 2, 3, 1, 0, 3, 3, 1, 1, 1, 0, 1, 0, 3, 2, 0, 1, 1, 0, 3, 3, 2, 3, 1, 0, 0, 2, 3, 0, 1, 1, 0, 1, 2, 0, 2, 3, 2, 0, 0, 1, 0, 2, 1, 1, 2, 0, 3, 3, 1, 2, 1, 3, 1, 0, 1, 2, 2, 1, 0, 1, 0, 0, 2, 3, 0, 3, 1, 3, 0, 0, 3, 0, 2, 2, 2, 0, 1, 0, 3, 2, 0, 2, 0, 0, 2, 3, 1, 3, 3, 1, 0, 1, 3, 1, 3, 3, 3, 1, 3, 0, 0, 1, 0, 1, 3, 1, 1, 3, 3, 0, 1, 1, 1, 3, 3], "predicted_labels": [1, 3, 3, 1, 3, 3, 3, 3, 3, 1, 3, 1, 3, 1, 1, 3, 1, 3, 3, 3, 3, 3, 3, 1, 1, 1, 0, 1, 3, 3, 3, 0, 3, 1, 3, 1, 3, 1, 0, 3, 2, 3, 3, 1, 1, 0, 1, 1, 3, 3, 3, 1, 3, 0, 1, 1, 1, 1, 3, 0, 3, 3, 1, 1, 0, 0, 1, 3, 1, 0, 3, 3, 1, 3, 1, 3, 1, 1, 3, 3, 3, 3, 1, 1, 3, 1, 1, 3, 0, 1, 3, 0, 1, 3, 1, 3, 3, 3, 0, 1, 3, 3, 3, 1, 3, 1, 3, 1, 1, 0, 0, 3, 0, 3, 0, 1, 1, 3, 1, 0, 3, 1, 0, 3, 1, 1, 3, 3, 3, 3, 1, 1, 3, 3, 0, 1, 1, 3, 3, 2, 0, 3], "confidence_scores": [[0.2437576178891711, 0.30215051516658165, 0.18422309481057572, 0.2698687721336714], [0.21507285205717921, 0.2526941901755836, 0.16567554427723888, 0.36655741348999815], [0.2216962675028896, 0.2916120762812772, 0.14356089957089274, 0.3431307566449405], [0.19854373945556153, 0.3247616308572048, 0.20202643671618878, 0.2746681929710447], [0.24359818267881128, 0.26442887115143726, 0.16380040510557423, 0.32817254106417704], [0.26220675317855513, 0.25452514190503156, 0.12395481629745982, 0.3593132886189536], [0.2626415999672595, 0.28176618753793453, 0.14086570350573097, 0.3147265089890753], [0.1933464426572992, 0.24909171228738508, 0.19609238045289198, 0.36146946460242335], [0.22563692044617173, 0.25191532316616144, 0.2449429652560558, 0.2775047911316109], [0.1883201922945364, 0.3219060672901634, 0.2364138997560007, 0.25335984065929973], [0.20328351238291603, 0.2556408196899873, 0.16809956860831965, 0.3729760993187772], [0.2454052924181106, 0.32258926714930247, 0.18967981886709068, 0.2423256215654961], [0.26551849384916343, 0.27974234915317137, 0.11749340963548871, 0.3372457473621764], [0.3097639903021944, 0.31676850507351195, 0.09490757105044456, 0.2785599335738494], [0.26093574863735575, 0.30160216299784703, 0.17500254380506036, 0.2624595445597371], [0.18924055137852325, 0.29643163483326357, 0.2060252822095491, 0.3083025315786643], [0.2639398401391221, 0.29491012185176674, 0.1550428708366328, 0.2861071671724782], [0.24957835804774847, 0.25787378034189024, 0.22115556315597149, 0.2713922984543897], [0.18233464756252712, 0.28623653932290544, 0.23005001422201674, 0.3013787988925506], [0.2710912483115023, 0.2995003254729664, 0.09254777126072068, 0.33686065495481077], [0.2556513645404295, 0.27533835870386336, 0.16558045508406533, 0.3034298216716415], [0.1857359166419706, 0.2649688167158465, 0.26574217552124857, 0.2835530911209342], [0.20306945021156053, 0.29455124262851745, 0.2099942513952424, 0.2923850557646796], [0.16413861848725736, 0.3106737072222137, 0.3013752796907175, 0.22381239459981112], [0.23068020983591167, 0.2891082663609205, 0.26714093096646335, 0.21307059283670446], [0.20862079132417943, 0.3515545741216881, 0.23108746396349167, 0.20873717059064095], [0.30770040684030464, 0.31267771661988664, 0.14643101952721546, 0.23319085701259307], [0.14901398003342242, 0.35591885231530873, 0.24060682649345905, 0.25446034115780974], [0.18320910048502845, 0.28443172287494706, 0.22037274393836098, 0.31198643270166376], [0.2910523901683329, 0.24604224674775624, 0.1345356968195729, 0.3283696662643379], [0.22292695769075327, 0.25864941104894934, 0.2486245049138972, 0.26979912634640024], [0.3421235575134425, 0.1988118010578509, 0.08780989985627431, 0.3712547415724322], [0.2878344787231756, 0.2430033586968548, 0.11041568889884333, 0.3587464736811261], [0.22276422348949101, 0.2937169469982942, 0.2617096713776458, 0.22180915813456925], [0.2586414009263316, 0.265710412371641, 0.1864242300493392, 0.2892239566526882], [0.1968266603453465, 0.3266031666673789, 0.22464358754703254, 0.2519265854402421], [0.22686957267072488, 0.28274565061439866, 0.126209808344419, 0.3641749683704574], [0.280292244259271, 0.30341280166634066, 0.1193577123806296, 0.2969372416937586], [0.2714647096638889, 0.26896779819902966, 0.188777791969437, 0.2707897001676447], [0.2958235789744564, 0.25510127802653393, 0.13162557015357454, 0.3174495728454353], [0.2078715846403788, 0.28372061137040216, 0.30914494764943534, 0.1992628563397844], [0.2884836436350828, 0.25246852538809145, 0.11732257664698197, 0.3417252543298438], [0.17365605051287147, 0.31234069799540337, 0.16798899097910336, 0.34601426051262163], [0.13092316672457283, 0.3444555997525321, 0.34020798740299957, 0.1844132461198952], [0.16098325775108566, 0.34150011368509176, 0.26158120471359253, 0.23593542385023009], [0.2479506437779743, 0.24119151883129267, 0.29193949725353663, 0.21891834013719638], [0.24596251682355522, 0.30748872479273, 0.2198620359680128, 0.22668672241570234], [0.19146851242401733, 0.31244722265090136, 0.3003446307963378, 0.1957396341287437], [0.27723462310858077, 0.2407618820499098, 0.1464028643830444, 0.3356006304584648], [0.21962644716759203, 0.27677608588225594, 0.18595780262103997, 0.31763966432911184], [0.2852537943632102, 0.2741121098187299, 0.11069632161346415, 0.32993777420459547], [0.29507547180352467, 0.30505938131137744, 0.08037397060957313, 0.319491176275525], [0.21217630258966297, 0.2893565216567081, 0.20082592257380738, 0.29764125317982165], [0.30563314359817817, 0.2360394608876501, 0.14812372827709, 0.3102036672370819], [0.1836651782453238, 0.3259120553835474, 0.24005951527486424, 0.25036325109626445], [0.21177200944326108, 0.33046846732533264, 0.15776943353344408, 0.29999008969796204], [0.2002689811964188, 0.3021521380729632, 0.290896005806646, 0.206682874923972], [0.20703131330161575, 0.3107088412158063, 0.22248914838622727, 0.25977069709635064], [0.21138507791982433, 0.24108161427033645, 0.23377740483999426, 0.31375590296984496], [0.27675248724271734, 0.2524104550245475, 0.20577787744572484, 0.26505918028701025], [0.25998444714777663, 0.22032138590423755, 0.20638355233610534, 0.3133106146118806], [0.16823494403273753, 0.2896951233597561, 0.2465638896871275, 0.29550604292037874], [0.31058133928663284, 0.3522319191166437, 0.07314630033237847, 0.2640404412643453], [0.21621432716789976, 0.2920970866110617, 0.23996371159321667, 0.2517248746278218], [0.2860173537415196, 0.28500496946162696, 0.18773292506046999, 0.2412447517363836], [0.33308826796366, 0.21463243594130324, 0.1811320181135224, 0.2711472779815145], [0.22627482707371702, 0.3414104561317034, 0.18355099868750174, 0.24876371810707798], [0.13726829910902003, 0.3076319461404317, 0.2833835553403671, 0.27171619941018116], [0.20971666733042021, 0.3620694330121332, 0.24606307884430248, 0.1821508208131439], [0.2671934715373766, 0.26995721883394436, 0.21592450275366795, 0.24692480687501106], [0.18978824873155567, 0.29002350199600474, 0.2537149880541417, 0.2664732612182978], [0.13981005718991232, 0.29164712045695135, 0.2593116784417799, 0.3092311439113566], [0.1859242123376196, 0.30079596362866995, 0.25151571228595, 0.26176411174776043], [0.2594999770738652, 0.24529619637151656, 0.1333743543287702, 0.3618294722258483], [0.2149640948815587, 0.33640968532892507, 0.26982312621515336, 0.17880309357436266], [0.2207262963886183, 0.28161037326093097, 0.20421557292241108, 0.29344775742803964], [0.19483663358890485, 0.3365293635914461, 0.23489720584011625, 0.23373679697953256], [0.19393791895616289, 0.30084632694953195, 0.2801972488443858, 0.22501850524991926], [0.2082668848197469, 0.2606723831509774, 0.19068574024525908, 0.3403749917840166], [0.1309332761623241, 0.28991345621717796, 0.19292281172177975, 0.3862304558987183], [0.20048584343199732, 0.24247705125355454, 0.289881662133204, 0.26715544318124423], [0.15752949563326335, 0.30067059637204435, 0.2549288839246406, 0.28687102407005194], [0.2006347911700616, 0.30450780543359685, 0.2340005519520375, 0.26085685144430426], [0.2276849292490656, 0.32749536018602093, 0.16489179840835014, 0.2799279121565636], [0.2736165362269596, 0.2839193320558052, 0.12362926736368557, 0.3188348643535491], [0.22085918063487284, 0.34220793766590984, 0.2106002399736709, 0.22633264172554635], [0.20339670438729532, 0.31248105471884197, 0.18538918695351644, 0.29873305394034616], [0.19134582235806516, 0.32392050398110506, 0.13109759214008737, 0.35363608152074255], [0.32055716348035185, 0.2344946086294154, 0.11014249301115803, 0.33480573487907467], [0.17824385592274916, 0.34640443767342927, 0.2392717330307161, 0.23607997337310538], [0.18990090402083246, 0.2891495930241819, 0.25895426767559826, 0.2619952352793874], [0.2939541699339205, 0.2275591154184785, 0.20162439361236628, 0.27686232103523456], [0.26724870005246376, 0.33039844253965167, 0.1311911972227352, 0.27116166018514926], [0.2591970269048721, 0.26242044923314234, 0.11346031443336, 0.3649222094286256], [0.26652260658560234, 0.2930448586323819, 0.14451109151531386, 0.295921443266702], [0.20518072235745588, 0.2973487200858983, 0.15060380004156568, 0.34686675751508017], [0.2119601760722947, 0.28205187433761925, 0.19962779210608964, 0.30636015748399625], [0.26640711003614437, 0.2539460442222136, 0.15102980276630096, 0.3286170429753412], [0.3500241170345836, 0.2980844624135838, 0.13866430149080264, 0.21322711906102967], [0.14052227852289592, 0.32792528100837476, 0.29478859195918644, 0.2367638485095429], [0.24708336389579222, 0.2475302750736581, 0.17313815027322638, 0.3322482107573231], [0.18569761563726817, 0.2557515997611804, 0.30165580791974933, 0.2568949766818023], [0.2176001394447132, 0.28279622163138834, 0.18507742710239905, 0.3145262118214996], [0.19617009348399644, 0.31867988848985096, 0.24403159320415463, 0.24111842482199783], [0.297369485799075, 0.20510675584758706, 0.1248263322149304, 0.37269742613840723], [0.23685200412908178, 0.29972457855088724, 0.16744345790264903, 0.29597995941738203], [0.14977266208873602, 0.27398233123823573, 0.24672884994319766, 0.32951615672983026], [0.2446291753094462, 0.343426402963346, 0.13809487072610602, 0.2738495510011016], [0.14156462247200943, 0.3552911729585586, 0.27433759921642537, 0.2288066053530066], [0.27394214685372886, 0.2640532521759357, 0.19063581630352405, 0.2713687846668114], [0.2754894310259422, 0.2768801773906644, 0.19560193486803804, 0.25202845671535573], [0.2316154922272259, 0.2714259889805114, 0.18903211114785143, 0.3079264076444112], [0.3278055959840026, 0.23186971874835496, 0.10201090606464962, 0.3383137792029928], [0.2607023721100469, 0.26400464669521256, 0.13231273668946217, 0.34298024450527875], [0.299145713191355, 0.2625556115194151, 0.14427235220782247, 0.2940263230814073], [0.2588259105612359, 0.3287674962952566, 0.10185922561997755, 0.31054736752352974], [0.19231859632943235, 0.3559372955664455, 0.15939877510505218, 0.29234533299906995], [0.22501763761934318, 0.2711512265598575, 0.13105283715591168, 0.37277829866488793], [0.2376702994118407, 0.2747226855594956, 0.2489748695476187, 0.2386321454810451], [0.2972338873598038, 0.2802174103364619, 0.10306488402451118, 0.3194838182792231], [0.2151661345565482, 0.28837488656799964, 0.17243897495816074, 0.32402000391729174], [0.22603594378633732, 0.2821297094808609, 0.28254461321634927, 0.20928973351645228], [0.3135019023284061, 0.2634229910138785, 0.14273133299541885, 0.28034377366229657], [0.24091906108567354, 0.22605068564073388, 0.16676288518869228, 0.3662673680849002], [0.22661678484477013, 0.35628435330677277, 0.18052361977949533, 0.23657524206896144], [0.23225696304753715, 0.28799024453037336, 0.19846969537805265, 0.2812830970440368], [0.2805792892215555, 0.21682206458709244, 0.12560767260177408, 0.37699097358957784], [0.31404971965639256, 0.20116802667128375, 0.06305595228228325, 0.42172630139004075], [0.2943738889242553, 0.23845787258968024, 0.12003531151905039, 0.3471329269670138], [0.20358872446048581, 0.2848421656154443, 0.21363256999715752, 0.29793653992691227], [0.27809872888021403, 0.28632716697203225, 0.1530912006119475, 0.2824829035358065], [0.2014949717323499, 0.36584544924985435, 0.18250033127838705, 0.2501592477394085], [0.25322648382682966, 0.2720207604583844, 0.1904775258666603, 0.28427522984812553], [0.16476234124097788, 0.30835559229083565, 0.17660929427438415, 0.3502727721938024], [0.30759253989410545, 0.26826127972240654, 0.20033340858772014, 0.2238127717957676], [0.28749673082882726, 0.3012130387380011, 0.10278414377995261, 0.308506086653219], [0.1977874907323782, 0.31134534062082164, 0.22503291886881627, 0.26583424977798376], [0.21813481313438882, 0.27042042474373573, 0.2357637961324869, 0.2756809659893887], [0.25524789314710356, 0.22129368322769272, 0.20052181768198285, 0.32293660594322093], [0.19163999704198248, 0.2814730493458969, 0.32138576654746026, 0.20550118706466058], [0.30380150541249473, 0.2635389661244569, 0.14003104237242067, 0.2926284860906277], [0.25821980536141925, 0.2522199113424252, 0.20375276339381307, 0.2858075199023428]]}, "rewritten": {"ids": ["97106000", "97106770", "97107260", "97107950", "97109080", "97116401", "98106680", "98107210", "98108410", "98116940", "99105921", "99107500", "99107630", "99109860", "99111620", "99112300", "100108080", "100109000", "100109910", "100111270", "100111380", "100113210", "100115700", "100116790", "100120010", "101110200", "101111620", "101112160", "101112201", "101114020", "101119591", "101121640", "102109010", "102110750", "102110890", "102113981", "102116340", "102121440", "103110100", "103110760", "103111930", "103112470", "103112641", "103113210", "103118291", "104109311", "104112470", "104113170", "104113240", "104113380", "104116441", "104116980", "104118070", "104119340", "105113260", "105118740", "105120280", "105121370", "106112770", "106113360", "106113830", "106116120", "106116441", "106116820", "106119990", "107113200", "107113260", "107113840", "107116980", "107117630", "107118120", "107118490", "107118780", "107121540", "108113740", "108114040", "108114200", "108115870", "108115970", "108117360", "108118520", "108118810", "108119330", "108120700", "108121351", "108121410", "109113591", "109114220", "109116040", "109116170", "109116750", "109116810", "109117630", "109119450", "109119460", "109119591", "109120540", "109121351", "110114561", "110116501", "110117080", "110117500", "110118701", "110119300", "110121170", "110121450", "110121500", "111115770", "111116110", "111117120", "111118820", "111119150", "111119250", "111120220", "111120320", "111121930", "112116290", "112116401", "112116540", "112116810", "112116850", "112116880", "112118161", "112118471", "112118511", "112118550", "112118930", "112119930", "112120290", "112120630", "112120990", "112121030", "112121351", "113119300", "113119700", "113120591", "113120751", "113121750", "113122120", "113122150", "113122320", "113122510"], "labels": [0, 3, 2, 2, 2, 3, 1, 1, 1, 2, 1, 0, 2, 2, 3, 0, 0, 1, 2, 2, 3, 0, 1, 2, 0, 2, 3, 3, 0, 3, 0, 2, 1, 1, 0, 1, 3, 2, 1, 1, 3, 1, 3, 3, 0, 3, 1, 3, 2, 1, 1, 1, 2, 1, 3, 1, 3, 2, 1, 0, 1, 1, 0, 1, 0, 0, 0, 3, 3, 0, 3, 2, 1, 2, 3, 0, 0, 3, 2, 1, 0, 1, 0, 2, 3, 0, 3, 3, 0, 0, 0, 3, 0, 3, 1, 0, 1, 0, 0, 3, 1, 1, 3, 1, 2, 3, 3, 3, 3, 2, 0, 3, 1, 3, 1, 1, 0, 0, 1, 3, 0, 0, 0, 1, 1, 3, 1, 1, 1, 3, 2, 0, 0, 1, 0, 0, 1, 0, 1, 2, 1, 2], "predicted_labels": [2, 0, 2, 3, 1, 3, 2, 1, 3, 1, 1, 1, 0, 1, 1, 3, 1, 3, 0, 1, 3, 3, 3, 0, 1, 1, 2, 1, 0, 1, 1, 1, 3, 2, 3, 0, 1, 0, 0, 3, 1, 0, 0, 3, 1, 3, 1, 1, 1, 3, 1, 1, 3, 3, 3, 1, 1, 1, 1, 1, 0, 0, 0, 3, 0, 1, 1, 1, 0, 0, 1, 1, 3, 3, 0, 3, 1, 3, 0, 1, 1, 1, 0, 1, 0, 1, 1, 0, 3, 3, 1, 1, 1, 3, 3, 1, 1, 0, 0, 0, 3, 1, 1, 1, 3, 1, 1, 0, 3, 0, 3, 3, 3, 0, 3, 1, 3, 3, 3, 1, 3, 3, 0, 1, 3, 3, 3, 1, 0, 0, 0, 0, 3, 3, 1, 3, 3, 1, 1, 1, 1, 2], "confidence_scores": [[0.22222351064783977, 0.26607106598947927, 0.30340564752066, 0.2082997758420212], [0.26760050319390233, 0.27572903163112344, 0.2692225976469967, 0.1874478675279777], [0.20036153555761071, 0.29073088456171786, 0.32583765352816396, 0.18306992635250757], [0.17539645815818194, 0.29439128901740136, 0.2890513943034801, 0.24116085852093666], [0.21164975534274483, 0.28939506113777985, 0.2515473595636833, 0.24740782395579194], [0.26408650490950153, 0.26432255827295953, 0.18649961590831754, 0.28509132090922146], [0.16655688441453306, 0.30603980282917664, 0.3338813682442097, 0.1935219445120806], [0.21773448058214637, 0.2937735280248234, 0.23333171999360722, 0.25516027139942316], [0.2393601140230474, 0.24548311398154626, 0.2370634858272326, 0.2780932861681738], [0.16075714144317574, 0.30633860775349725, 0.29545565734853335, 0.237448593454794], [0.2216169326149874, 0.32872854918841665, 0.22266614611681795, 0.226988372079778], [0.20215667674561066, 0.2946826625440606, 0.25296550567185305, 0.2501951550384757], [0.3151891225875598, 0.20602667262338942, 0.1601165364987207, 0.31866766829033005], [0.23035800581955818, 0.33033358716464345, 0.23208313861038185, 0.20722526840541688], [0.23106645727669123, 0.32111232829100045, 0.2768460811006365, 0.1709751333316719], [0.23243712694025742, 0.26504317483116424, 0.24504426547235675, 0.2574754327562214], [0.25597210646425617, 0.29828244134566845, 0.21761667820279532, 0.22812877398728015], [0.1918472572769796, 0.27543276819608725, 0.2409271335136388, 0.2917928410132946], [0.2386235892367468, 0.2650773479685479, 0.27128711229538516, 0.2250119504993203], [0.21736515755573244, 0.3021603877429659, 0.26505563190915343, 0.21541882279214855], [0.24353469945189116, 0.24471506620404102, 0.24409610968531, 0.2676541246587577], [0.24389535980523694, 0.27376423436246244, 0.19588969030862705, 0.2864507155236735], [0.2109395737608131, 0.26577408739790015, 0.28275221340612317, 0.24053412543516356], [0.25342943725023104, 0.2653634606755994, 0.24295010033552736, 0.2382570017386419], [0.18618190154240266, 0.31700407817201964, 0.2914972585393047, 0.20531676174627306], [0.22399568047725574, 0.2863231561103792, 0.22389091777603176, 0.26579024563633336], [0.2505261766077207, 0.2652964392963994, 0.3178588196285482, 0.16631856446733154], [0.2672328579544237, 0.29225109813454964, 0.17524135617661207, 0.2652746877344147], [0.3388004266517281, 0.2605503846432663, 0.1704404098977566, 0.23020877880724872], [0.24159221403105374, 0.310421558776887, 0.18746292640648424, 0.2605233007855752], [0.2656747028075577, 0.2768886917296025, 0.19363002970402168, 0.2638065757588181], [0.19668303480392066, 0.3002350988303559, 0.2153771038763967, 0.2877047624893266], [0.2679224827083636, 0.2636384062435119, 0.18777010037241837, 0.2806690106757058], [0.190109064842922, 0.2867024348354328, 0.31094137980167463, 0.21224712051997052], [0.21794448583029674, 0.2548209733846389, 0.2377138217694497, 0.2895207190156146], [0.2377995793834617, 0.2706125983211692, 0.24834319551200354, 0.24324462678336567], [0.208303601061531, 0.2952156734443315, 0.2516539555080428, 0.2448267699860945], [0.27895065560572896, 0.24877718885356975, 0.22359954970935397, 0.24867260583134726], [0.264323646607586, 0.2805337515237813, 0.24452997910462865, 0.21061262276400403], [0.24006198448936866, 0.24962646253068405, 0.2761072647723641, 0.23420428820758338], [0.24170336432450146, 0.30797191784436423, 0.2542515630957842, 0.19607315473535003], [0.2800501861401032, 0.25293566653095945, 0.20633776245116248, 0.2606763848777749], [0.29725600126793417, 0.286207131476845, 0.1461644153996499, 0.270372451855571], [0.22380853709884893, 0.2612279800036402, 0.2295890064694121, 0.2853744764280988], [0.23466292350450418, 0.2815552463787912, 0.21312928284243174, 0.2706525472742727], [0.23850283369631164, 0.25503492405173467, 0.23820589874202497, 0.2682563435099285], [0.2308706863529646, 0.3152229138934063, 0.2265141461551657, 0.22739225359846382], [0.20225049117767985, 0.28708094513417365, 0.2656928061229492, 0.24497575756519727], [0.2018829951850752, 0.31573690377895636, 0.28462170052204594, 0.19775840051392238], [0.1874525565527448, 0.26219400368402673, 0.2715319649542467, 0.27882147480898184], [0.24743453857456965, 0.2885458645035884, 0.24971200441340416, 0.21430759250843798], [0.16676196254981165, 0.3420756636983369, 0.2439677203003963, 0.2471946534514552], [0.20948872618168657, 0.2757709218334146, 0.2819234941610557, 0.23281685782384284], [0.1856879968119688, 0.27810793471429146, 0.30624842334257235, 0.2299556451311676], [0.23445201451949443, 0.27092148032731217, 0.2281612531359475, 0.26646525201724625], [0.24083854113378578, 0.2791847836357528, 0.24807272474687458, 0.23190395048358683], [0.25409490433436227, 0.2911434885064328, 0.21292303286488043, 0.2418385742943242], [0.18882163265211696, 0.2909014454267989, 0.28487320312155445, 0.23540371879952962], [0.2194664322404613, 0.2899643059427806, 0.26829557596676956, 0.22227368584998866], [0.2555436687882532, 0.28857842681425905, 0.19213176993622777, 0.2637461344612597], [0.32727210378314353, 0.26666371450184884, 0.14681148912516898, 0.2592526925898387], [0.2698677909671895, 0.23774090109303958, 0.25937635882895044, 0.2330149491108205], [0.29768875457948973, 0.23944039296572556, 0.1512362871282118, 0.31163456532657297], [0.24086741827101182, 0.24867722631410344, 0.2303086189159836, 0.28014673649890093], [0.26383723961582584, 0.2532641638213198, 0.23147452396046755, 0.2514240726023869], [0.2740778413033415, 0.3427886952410301, 0.1403809881154441, 0.24275247534018424], [0.1960494367659706, 0.29588790636331147, 0.3049794897304546, 0.20308316714026325], [0.27028162660765276, 0.29194550683593773, 0.2005439723085422, 0.2372288942478672], [0.28536314661583095, 0.2909001983712259, 0.1497793064574647, 0.2739573485554784], [0.3448563659124665, 0.20153991812210614, 0.17371607570980782, 0.2798876402556195], [0.24577552907109385, 0.27379915623537193, 0.204346929072794, 0.27607838562074005], [0.20263453021450464, 0.31132504880146417, 0.2794703106768004, 0.20657011030723071], [0.24778747444675847, 0.25594714079372805, 0.19554325711366774, 0.30072212764584577], [0.20826273702180148, 0.284678045645929, 0.2499051855319083, 0.25715403180036156], [0.3358146473414871, 0.19665432497826935, 0.10732856190442477, 0.3602024657758192], [0.19376144293162717, 0.2705935426671173, 0.3070871137138413, 0.22855790068741394], [0.21265386298389402, 0.285533820977133, 0.2742734918344931, 0.22753882420447974], [0.21347603433152376, 0.2834777900566536, 0.1959046673451651, 0.30714150826665754], [0.2571727009926316, 0.25758188046389646, 0.22698653070177918, 0.25825888784169265], [0.19167737424101516, 0.33458157165894886, 0.2941228817922353, 0.17961817230780053], [0.25858055932635504, 0.29418433505129854, 0.21594213919016372, 0.2312929664321829], [0.2237003697918979, 0.32107687481847913, 0.24395801098609893, 0.211264744403524], [0.2939729966994662, 0.2708999826370702, 0.197995790335004, 0.2371312303284597], [0.19790692014842198, 0.3068648851970936, 0.26826091203310914, 0.2269672826213751], [0.3477303814331324, 0.24491307815338684, 0.1514932215377402, 0.25586331887574054], [0.2596831951598145, 0.27847100221111676, 0.19043298454668459, 0.271412818082384], [0.2352168421746677, 0.2888720517220949, 0.21304395573689658, 0.262867150366341], [0.28288956046740843, 0.2270745815761604, 0.18701018654356058, 0.3030256714128709], [0.23053607792340836, 0.26910488670457927, 0.23526821165583453, 0.2650908237161778], [0.24596752938536756, 0.25081833131563, 0.19605010080235888, 0.3071640384966431], [0.24190429646691197, 0.29664876326654416, 0.2738690363879996, 0.18757790387854426], [0.2762564603547774, 0.29591598854191253, 0.125589681211797, 0.30223786989151324], [0.24358142467339458, 0.28147555097952753, 0.25209209528674786, 0.22285092906032994], [0.16567936957458065, 0.2831704221397023, 0.3135260818438286, 0.23762412644188854], [0.24781254915981002, 0.2607263456393876, 0.21879917958185927, 0.27266192561894315], [0.24665707358602781, 0.2809664668019873, 0.22022879285499775, 0.25214766675698713], [0.2442277259225457, 0.30630566872481757, 0.2384752646355088, 0.21099134071712783], [0.3474699161346565, 0.27171022601886546, 0.1674421195025656, 0.21337773834391224], [0.28391085298834057, 0.23976332000558156, 0.24317110079257892, 0.2331547262134989], [0.2690719364277923, 0.2924560608015092, 0.23639760596566553, 0.20207439680503314], [0.2364432493704388, 0.2713336433911045, 0.22222952712156144, 0.26999358011689545], [0.24090995047428657, 0.29467252982722575, 0.22038040751716773, 0.24403711218131993], [0.25184024675138833, 0.30651472795599843, 0.1968622351408103, 0.2447827901518033], [0.25753413762609434, 0.30479556120333856, 0.16454255620742392, 0.27312774496314335], [0.1864239052896794, 0.2751543620725209, 0.28439439420251833, 0.25402733843528114], [0.23315789944391574, 0.28870849297704976, 0.1918547204876182, 0.28627888709141613], [0.2419988075341633, 0.2878717714032919, 0.23120012996406697, 0.23892929109847777], [0.32293793287059824, 0.21562703268447161, 0.1856774818757887, 0.27575755256914153], [0.24970611393288575, 0.2715236142578661, 0.2024344057092617, 0.2763358660999866], [0.26465021605369643, 0.2504127416111386, 0.21964828461697797, 0.26528875771818694], [0.29816457035226496, 0.22741288389467967, 0.13071628026334944, 0.343706265489706], [0.2838963388356967, 0.25478287625658286, 0.15076488517519795, 0.31055589973252234], [0.250002105397766, 0.26269429404513567, 0.20282661288257914, 0.28447698767451923], [0.30712805604220794, 0.2965318721502066, 0.18196650230004163, 0.214373569507544], [0.23563395552060645, 0.24845585043694368, 0.25837974971443634, 0.2575304443280138], [0.23649081156858592, 0.2927867047012463, 0.26335346045658126, 0.2073690232735866], [0.20193659055338353, 0.28899333177598735, 0.23638460799641836, 0.27268546967421065], [0.3011813667440608, 0.23774092281815204, 0.11481891328554865, 0.3462587971522386], [0.2361061364770458, 0.27003442587298787, 0.20775126739352368, 0.28610817025644264], [0.23717432189904794, 0.28330303999975526, 0.24760637460520485, 0.23191626349599206], [0.2425965216954251, 0.25844100183053376, 0.20394228158469965, 0.29502019488934134], [0.21771834011939337, 0.26597826320197354, 0.24513815529209343, 0.2711652413865392], [0.27045154641198643, 0.2572446420472191, 0.19681976239777577, 0.2754840491430189], [0.22332406067442778, 0.2838501603807162, 0.28860641472007337, 0.20421936422478276], [0.24174876786644445, 0.271994384726614, 0.240825340967343, 0.24543150643959843], [0.2507500001874279, 0.2613573575857262, 0.1776051064306873, 0.31028753579615875], [0.19068702669271528, 0.2583532515103156, 0.26470367626426244, 0.2862560455327067], [0.22322745594077484, 0.2814003652141748, 0.26141758159873596, 0.23395459724631415], [0.241492964013865, 0.26775209734644956, 0.288716181566783, 0.2020387570729021], [0.2861294792893933, 0.23009003127569705, 0.17501726759094935, 0.3087632218439603], [0.25201357841784067, 0.2740075300533681, 0.25709417985187544, 0.21688471167691584], [0.3259512848391979, 0.20506209172468234, 0.1649767802121427, 0.30400984322397734], [0.22037529623062374, 0.26109387980638604, 0.2857859908644706, 0.23274483309851973], [0.26442185274553004, 0.2612943221548594, 0.1842965201691429, 0.2899873049304676], [0.2005730984633311, 0.32718857499105003, 0.24028530981533952, 0.23195301673027902], [0.2662315222198478, 0.25568913282668904, 0.18558435738895324, 0.2924949875645102], [0.18205604854871577, 0.2838154154931017, 0.262727835290032, 0.2714007006681505], [0.2629492081441344, 0.29521359898733535, 0.20048642782989495, 0.24135076503863512], [0.2196677847934542, 0.2908075960161771, 0.294393600552501, 0.1951310186378675], [0.21585087360221997, 0.2839743221059219, 0.24573479300624, 0.25444001128561833], [0.23142343439937105, 0.291731634709048, 0.21701449569364095, 0.2598304351979401], [0.18508814573626103, 0.29177766238816527, 0.3286804814382416, 0.19445371043733187]]}}