{"test": {"ids": ["112120540", "99109860", "108115880", "98106111", "107114280", "107121700", "112116800", "102107961", "109114270", "108115870", "109121640", "99112840", "107115140", "100112060", "101108370", "101119030", "106114150", "110121140", "110118930", "111116990", "101108121", "103111830", "99108310", "97116500", "112118930", "108120260", "112118550", "102116340", "113119450", "107116340", "100111080", "107113170", "104113380", "113122170", "111117480", "103111110", "111119610", "113121410", "113119360", "97107920", "108115250", "104111380", "108114670", "105119550", "110118181", "107120010", "107114321", "109118820", "104110960", "113122160", "99107560", "110120700", "110115980", "106118161", "109120150", "102110750", "103111540", "111119930", "97107681", "99108330", "109116170", "101111990", "99112641", "112119950", "97109570", "109116040", "109119460", "98106880", "102116500", "110114651", "113119930", "102110240", "113117401", "107121640", "109121351", "99116500", "112121010", "113119300", "108119550", "112120990", "106119260", "111119290", "111116170", "101110200", "113122430", "107113200", "109117080", "99117740", "104111830", "112119980", "112117780", "110115120", "107120260", "107119390", "103120730", "108117360", "113121950", "108120280", "110115710", "102112170", "110118301", "102110890", "103110100", "103113101", "104114740", "102114270", "104116980", "105112130", "107114780", "106114280", "101114990", "99112531", "107113130", "103111170", "109117431", "108119330", "111121930", "101108290", "107116501", "112117210", "112116850", "99107500", "107114140", "101108460", "100108490", "109116750", "103113640", "108115500", "110114920", "99110050", "99108710", "104111550", "108116501", "100108080", "110117200", "103120780", "102109850", "110116290", "103110050", "101114020", "112120640", "99111930"], "labels": [3, 2, 3, 0, 3, 3, 0, 3, 3, 3, 0, 2, 0, 2, 1, 3, 1, 3, 1, 0, 0, 3, 2, 2, 1, 1, 3, 3, 3, 3, 0, 0, 1, 1, 1, 3, 2, 0, 0, 0, 1, 3, 3, 1, 1, 1, 0, 3, 2, 3, 1, 2, 1, 3, 2, 1, 1, 1, 3, 1, 0, 2, 1, 0, 0, 0, 1, 0, 1, 3, 1, 3, 3, 1, 0, 2, 2, 1, 1, 2, 1, 3, 0, 2, 2, 0, 1, 2, 3, 0, 0, 0, 1, 2, 1, 1, 3, 3, 2, 3, 1, 0, 1, 3, 2, 3, 1, 1, 2, 3, 3, 3, 1, 2, 1, 0, 1, 0, 1, 1, 0, 0, 2, 0, 2, 0, 1, 3, 3, 3, 2, 1, 0, 0, 3, 1, 1, 2, 3, 3, 0, 1], "predicted_labels": [1, 1, 3, 0, 1, 1, 3, 3, 1, 3, 3, 1, 3, 3, 3, 3, 3, 3, 1, 3, 0, 0, 1, 0, 3, 3, 3, 1, 3, 1, 1, 3, 3, 3, 1, 3, 3, 1, 3, 0, 3, 3, 3, 1, 0, 3, 0, 0, 3, 3, 1, 3, 1, 0, 1, 1, 3, 3, 0, 3, 3, 1, 3, 0, 0, 3, 3, 3, 1, 3, 1, 1, 3, 1, 0, 1, 1, 3, 3, 1, 3, 3, 0, 1, 1, 3, 1, 0, 1, 1, 3, 3, 3, 3, 1, 1, 0, 1, 3, 3, 1, 3, 3, 1, 1, 1, 3, 3, 1, 3, 1, 1, 3, 0, 0, 3, 3, 1, 1, 1, 3, 1, 3, 3, 1, 3, 0, 1, 1, 3, 1, 1, 3, 2, 3, 3, 3, 3, 1, 3, 0, 1], "confidence_scores": [[0.23521893661893667, 0.3001870573870573, 0.19031763791763806, 0.2742763680763682], [0.24623239538239539, 0.31710608835608833, 0.18198762348762362, 0.25467389277389285], [0.24421843156843157, 0.26072751137751154, 0.16068987123987125, 0.334364185814186], [0.2623739371739372, 0.24046449661449673, 0.23553793428793443, 0.261623631923632], [0.2326602092352094, 0.29642559107559113, 0.21522642912642923, 0.2556877705627706], [0.22871303696303705, 0.2965676406926408, 0.19298576978576992, 0.28173355255855265], [0.22112183649683667, 0.2867076673326671, 0.19452133977133987, 0.29764915639915646], [0.285811335886336, 0.2824047508047507, 0.14387643745143755, 0.28790747585747584], [0.27937345987346, 0.28738912198912203, 0.158198556998557, 0.2750388611388614], [0.2514046342546343, 0.24078819791319794, 0.22071735486735497, 0.28708981296481306], [0.2822776112776113, 0.2439397546897547, 0.1878176046176048, 0.2859650294150294], [0.23821678680796335, 0.29938238983238996, 0.24243885199767576, 0.21996197136197146], [0.21797818847818856, 0.24770602175602174, 0.19076218781218787, 0.3435536019536019], [0.24736748529248534, 0.26508843378843383, 0.21096636974136979, 0.27657771117771124], [0.25788642468642486, 0.27734292096792096, 0.13315926295926303, 0.33161139138639123], [0.2260674492174493, 0.24250808080808084, 0.23330852480852485, 0.298115945165945], [0.22759029304029313, 0.27362402042402045, 0.20883106615606628, 0.2899546203796207], [0.27040688200688207, 0.28609896214896213, 0.1452932678432679, 0.29820088800088823], [0.19733891304773665, 0.3121683401565756, 0.20047997264173742, 0.29001277415395066], [0.256595981795982, 0.23416696914196913, 0.19132769175269188, 0.31790935730935754], [0.2934574644653593, 0.26411767852031026, 0.16064634313055373, 0.2817785138837771], [0.27730788100788095, 0.255571955821956, 0.1959091797091797, 0.2712109834609835], [0.22545452325452328, 0.27473935231435226, 0.2265820207570208, 0.27322410367410377], [0.2900416444666447, 0.253021400821401, 0.21100301642801647, 0.24593393828393822], [0.2601845016095017, 0.26555735930735946, 0.16340277777777787, 0.31085536130536107], [0.20910404595404594, 0.2977784271284271, 0.1903662060162061, 0.3027513209013209], [0.2546446636696637, 0.2501100510600511, 0.1711289377289378, 0.3241163475413478], [0.22799507159507162, 0.26790085747585757, 0.24132663170163182, 0.26277743922743935], [0.2611564435564438, 0.27233201798201817, 0.17691301476301485, 0.28959852369852385], [0.20039881784881786, 0.2946401154401153, 0.21408913308913322, 0.2908719336219336], [0.26933386613386623, 0.27626839010662535, 0.20379419730596213, 0.2506035464535465], [0.2561950438450439, 0.2782278332778332, 0.1813356643356644, 0.28424145854145855], [0.2343973137973139, 0.24701479076479077, 0.18882599622599633, 0.3297618992118992], [0.21379134754134743, 0.2490270951270952, 0.2331691641691642, 0.3040123931623931], [0.24918668194550553, 0.30746851840969497, 0.16954352869352876, 0.2738012709512708], [0.24747251637251633, 0.24239496059496082, 0.23062964257964272, 0.2795028804528806], [0.25387254967254974, 0.2403015464927232, 0.1864093648181884, 0.31941653901653894], [0.2347776834276835, 0.3282782328782329, 0.14067537462537472, 0.29626870906870917], [0.23538529248529255, 0.24430921855921872, 0.16191739371739383, 0.35838809523809534], [0.31540641580641576, 0.2330626373626374, 0.13879691974691977, 0.31273402708402703], [0.21733963258963268, 0.23943860028860053, 0.2580571206571208, 0.2851646464646464], [0.2678225191475192, 0.264562518037518, 0.17759645077145084, 0.2900185120435122], [0.24413308358308364, 0.2747071317571317, 0.18919730824730832, 0.2919624764124766], [0.24253055833055845, 0.2922665834165834, 0.18315729270729275, 0.28204556554556565], [0.28645936563436575, 0.271710606060606, 0.15756360028860036, 0.28426642801642815], [0.18989301254301263, 0.2809650238650239, 0.21694857642357662, 0.312193387168387], [0.31433763458763464, 0.27842553557553557, 0.12877839937839944, 0.2784584304584305], [0.2936774669774669, 0.2577894216894218, 0.17744456654456653, 0.2710885447885448], [0.20045537518037523, 0.26912121212121215, 0.23513546453546447, 0.29528794816294823], [0.25827732238521717, 0.2613914713941029, 0.18692603566024624, 0.2934051705604338], [0.2420230685980687, 0.30072346717609877, 0.1798290764790766, 0.2774243877467563], [0.2213048645798646, 0.23676103896103914, 0.203435583860584, 0.33849851259851255], [0.22267081252081267, 0.28714770229770226, 0.2045390109890111, 0.2856424741924741], [0.29140996780996775, 0.2782004495504495, 0.15910110445110454, 0.27128847818847823], [0.2641131035631035, 0.29895466200466203, 0.16919006549006557, 0.267742168942169], [0.2052117826617827, 0.29145111359229003, 0.24849455348573002, 0.2548425502601973], [0.21482665112665136, 0.27718751803751807, 0.19885666000666008, 0.3091291708291712], [0.25990241425241434, 0.24394613131966086, 0.2149898271662978, 0.2811616272616273], [0.3134944277944279, 0.273843267843268, 0.14938871683871685, 0.2632735875235875], [0.23868041537066315, 0.23888621390649253, 0.20182171220592293, 0.3206116585169215], [0.24302724497724498, 0.2880784659784659, 0.17274398379398392, 0.2961503052503053], [0.23135051060051048, 0.2788912365412365, 0.23384365634365656, 0.25591459651459664], [0.24818882199671688, 0.27877289552552703, 0.18492278058199116, 0.28811550189576524], [0.32330718448218443, 0.21024355089355096, 0.14867941780441787, 0.31776984681984716], [0.3187378010878013, 0.2292149295149296, 0.18358290598290603, 0.26846436341436347], [0.2198159507159509, 0.24620481185481194, 0.1884380785880787, 0.3455411588411588], [0.2483165501165501, 0.2892698912198912, 0.16363253968253977, 0.29878101898101905], [0.2552985625485626, 0.2436440670440671, 0.23523810633810643, 0.265819264069264], [0.21041720860838511, 0.30464106808224456, 0.2133801071477542, 0.27156161616161634], [0.28892960095460096, 0.2640953102453102, 0.13884428071928068, 0.3081308080808084], [0.25045878843378855, 0.32254191364191354, 0.14653985736485736, 0.28045944055944066], [0.2366225607725609, 0.2868364579864579, 0.22459634809634807, 0.2519446331446332], [0.27885206737706747, 0.29248768192591723, 0.13131785420461897, 0.2973423964923965], [0.2305019369519371, 0.29596539016539014, 0.2070103174603176, 0.26652235542235536], [0.31391673326673336, 0.2613726329226329, 0.17394927294927306, 0.2507613608613611], [0.22061265401265417, 0.26999004329004334, 0.24888024753024754, 0.26051705516705514], [0.20865734820734827, 0.2993276216473584, 0.22557934565434568, 0.26643568449094773], [0.2496598901098902, 0.2764990731490733, 0.1675325063825064, 0.3063085303585303], [0.22319459429459435, 0.2506278776778777, 0.23121515881779053, 0.29496236920973784], [0.23404809275691635, 0.26686612080729744, 0.25347853812853827, 0.24560724830724845], [0.24357130092130103, 0.22867928737928733, 0.1935918026418027, 0.3341576090576091], [0.22822098734598742, 0.2428354062604063, 0.19835442890442884, 0.3305891774891775], [0.30384932289932287, 0.27888644133644114, 0.14138787323787338, 0.2758763625263627], [0.18386221556221563, 0.36435800865800877, 0.20137330447330445, 0.2504064713064713], [0.23498569763569763, 0.31227635142635135, 0.15765626318126322, 0.2950816877566877], [0.2601956210456211, 0.28485241980241977, 0.143054045954046, 0.31189791319791316], [0.20251277056277056, 0.3188316350316352, 0.17562806082806093, 0.3030275335775338], [0.3242641303141302, 0.2738344544344544, 0.14356775446775458, 0.2583336607836609], [0.22268186535686538, 0.295470571095571, 0.19519923409923412, 0.28664832944832963], [0.2314459595959597, 0.3310802455714221, 0.15703525167642832, 0.28043854315619016], [0.2534528360528362, 0.21486796536796546, 0.1735684815184816, 0.358110717060717], [0.21226658896658898, 0.2448204406704408, 0.20467715062715075, 0.3382358197358196], [0.2626342990342992, 0.2465508769008768, 0.18936719946719965, 0.30144762459762453], [0.21832094017094023, 0.2782197441447442, 0.1983120823620825, 0.30514723332223337], [0.25013616106116104, 0.28985848040848056, 0.20017633200133206, 0.2598290265290266], [0.21208242868242877, 0.3101751415251417, 0.22784134199134212, 0.24990108780108783], [0.3132794966471439, 0.2755592352092351, 0.14740765623265634, 0.2637536119109649], [0.2621131812631812, 0.2822176934176934, 0.18060019980019987, 0.2750689255189255], [0.2404795093795094, 0.3039031246531247, 0.1425840326340326, 0.3130333333333332], [0.21910490620490625, 0.26453964923964923, 0.19532843822843832, 0.3210270063270066], [0.26559834054834064, 0.3012743589743591, 0.15458896103896097, 0.2785383394383395], [0.23964951714951727, 0.2505229437229439, 0.17976307581307577, 0.33006446331446354], [0.22469588744588745, 0.271424703074703, 0.22899961704961716, 0.27487979242979244], [0.28017669552669555, 0.28542782772782765, 0.16235597458097456, 0.2720395021645024], [0.21515002775002773, 0.3076228438228439, 0.22389307359307367, 0.25333405483405513], [0.23415124875124885, 0.2851284992784994, 0.24363624153624164, 0.2370840104340105], [0.19232898767898768, 0.25365139305139306, 0.25603193473193486, 0.29798768453768465], [0.2201041458541459, 0.26013126318126323, 0.1990763847263848, 0.32068820623820604], [0.2101189421689422, 0.35284769397269383, 0.20595713730713744, 0.23107622655122664], [0.23541983016983029, 0.2496612720612722, 0.19519391164391178, 0.3197249861249862], [0.20282097347097355, 0.3508493506493508, 0.20876798201798216, 0.2375616938616939], [0.2687890054390055, 0.26947022977023, 0.19471874514374515, 0.2670220196470199], [0.19908134643134642, 0.28642832445332445, 0.19497678155178158, 0.31951354756354755], [0.2954165659503894, 0.25846991341991343, 0.15690325230325236, 0.2892102683264449], [0.2944926628926628, 0.26811798756798766, 0.1582500721500723, 0.2791392773892774], [0.18893320764203136, 0.29273828948828934, 0.2129909534909535, 0.30533754937872587], [0.2027613719613719, 0.27244945609945603, 0.2120317626817627, 0.31275740925740925], [0.28284613135402614, 0.28435737966883484, 0.15628846212267272, 0.27650802685446635], [0.25184227994228003, 0.3425537629037628, 0.13407794427794434, 0.2715260128760129], [0.2522889665889666, 0.2982656066156067, 0.16345147630147636, 0.2859939504939505], [0.2605511968423735, 0.27232176712176737, 0.1717020998609234, 0.29542493617493615], [0.2036293983793985, 0.3310273171273172, 0.16992336829836843, 0.2954199161949164], [0.21560463980463984, 0.24668903873903877, 0.23158564213564223, 0.3061206793206794], [0.2571913031413032, 0.26204326784326787, 0.18097647907647907, 0.29978894993895], [0.20468709623709627, 0.2867688812047946, 0.24086105365223023, 0.2676829689058792], [0.24230337081219452, 0.2708207792207792, 0.18577045177045182, 0.30110539819657467], [0.32348598068598067, 0.24619317904317908, 0.14304126429126438, 0.2872795759795758], [0.24653018093018106, 0.29436618936618936, 0.2204489954489957, 0.23865463425463443], [0.23137264761382403, 0.2914396750308515, 0.2078252952929424, 0.2693623820623823], [0.23341653901653914, 0.2665743645243646, 0.19683629703629704, 0.3031727994227994], [0.2050122971799443, 0.31842985902985915, 0.2109373143196674, 0.2656205294705295], [0.21079383949383954, 0.28912192252192265, 0.2114371739371741, 0.28864706404706414], [0.27012120657120675, 0.2801939393939395, 0.14420455655455655, 0.30548029748029754], [0.2153660894660896, 0.25379599567099576, 0.2779031024531026, 0.2529348124098126], [0.2576377705627706, 0.27490613275613274, 0.18065523365523364, 0.2868008630258629], [0.24964944499944508, 0.27112328227328236, 0.19099777167277174, 0.2882295010545011], [0.2129675130425133, 0.23369027639027662, 0.26416014818514816, 0.28918206238206234], [0.2678912254412255, 0.22734906204906205, 0.18278761793761802, 0.32197209457209447], [0.24202270507270515, 0.28819378954378966, 0.2227146964146964, 0.24706880896880898], [0.2418879731379733, 0.26981332001332, 0.1914020979020979, 0.29689660894660885], [0.2964927849927851, 0.2707123015873017, 0.16109624819624827, 0.2716986652236653], [0.26727101232101236, 0.3010493228993228, 0.1620245643245644, 0.2696551004551005]]}, "rewritten": {"ids": ["97107681", "97107920", "97109570", "97116500", "98106111", "98106880", "99107500", "99107560", "99108310", "99108330", "99108710", "99109860", "99110050", "99111930", "99112531", "99112641", "99112840", "99116500", "99117740", "100108080", "100108490", "100111080", "100112060", "101108121", "101108290", "101108370", "101108460", "101110200", "101111990", "101114020", "101114990", "101119030", "102107961", "102109850", "102110240", "102110750", "102110890", "102112170", "102114270", "102116340", "102116500", "103110050", "103110100", "103111110", "103111170", "103111540", "103111830", "103113101", "103113640", "103120730", "103120780", "104110960", "104111380", "104111550", "104111830", "104113380", "104114740", "104116980", "105112130", "105119550", "106114150", "106114280", "106118161", "106119260", "107113130", "107113170", "107113200", "107114140", "107114280", "107114321", "107114780", "107115140", "107116340", "107116501", "107119390", "107120010", "107120260", "107121640", "107121700", "108114670", "108115250", "108115500", "108115870", "108115880", "108116501", "108117360", "108119330", "108119550", "108120260", "108120280", "109114270", "109116040", "109116170", "109116750", "109117080", "109117431", "109118820", "109119460", "109120150", "109121351", "109121640", "110114651", "110114920", "110115120", "110115710", "110115980", "110116290", "110117200", "110118181", "110118301", "110118930", "110120700", "110121140", "111116170", "111116990", "111117480", "111119290", "111119610", "111119930", "111121930", "112116800", "112116850", "112117210", "112117780", "112118550", "112118930", "112119950", "112119980", "112120540", "112120640", "112120990", "112121010", "113117401", "113119300", "113119360", "113119450", "113119930", "113121410", "113121950", "113122160", "113122170", "113122430"], "labels": [3, 0, 0, 2, 0, 0, 0, 1, 2, 1, 2, 2, 3, 1, 3, 1, 2, 2, 2, 0, 2, 0, 2, 0, 0, 1, 0, 2, 2, 3, 3, 3, 3, 1, 3, 1, 0, 3, 3, 3, 1, 3, 1, 3, 2, 1, 3, 3, 1, 1, 1, 2, 3, 1, 3, 1, 2, 1, 1, 1, 1, 3, 3, 1, 1, 0, 0, 2, 3, 0, 2, 0, 3, 1, 2, 1, 1, 1, 3, 3, 1, 3, 3, 3, 0, 1, 0, 1, 1, 3, 3, 0, 0, 0, 1, 1, 3, 1, 2, 0, 0, 3, 3, 0, 2, 1, 2, 3, 1, 1, 1, 2, 3, 0, 0, 1, 3, 2, 1, 1, 0, 0, 1, 0, 3, 1, 0, 0, 3, 0, 2, 2, 3, 1, 0, 3, 1, 0, 3, 3, 1, 2], "predicted_labels": [0, 3, 0, 0, 1, 0, 3, 1, 1, 1, 1, 1, 0, 1, 0, 1, 1, 1, 0, 3, 1, 3, 3, 3, 1, 3, 3, 1, 3, 3, 1, 3, 0, 3, 1, 1, 3, 3, 1, 1, 1, 1, 3, 1, 3, 3, 0, 0, 0, 0, 3, 3, 0, 1, 3, 3, 3, 3, 3, 1, 0, 3, 0, 3, 3, 3, 1, 1, 1, 0, 1, 3, 1, 1, 3, 1, 3, 3, 1, 3, 1, 1, 3, 3, 0, 1, 3, 3, 3, 1, 3, 3, 3, 3, 1, 3, 0, 1, 1, 0, 0, 3, 1, 3, 3, 1, 3, 3, 1, 1, 1, 3, 3, 1, 3, 1, 3, 3, 3, 3, 3, 3, 1, 3, 3, 3, 0, 1, 1, 0, 1, 1, 1, 1, 3, 3, 1, 3, 1, 1, 3, 1], "confidence_scores": [[0.3197245865245866, 0.2741072649572651, 0.14719186924186928, 0.2589762792762793], [0.31682357087357094, 0.2161911865911866, 0.14854327894327898, 0.3184419635919635], [0.2964648878898882, 0.23412349317349337, 0.19400212287712287, 0.27540949605949616], [0.2852401071151072, 0.26629650904650926, 0.19198661616161616, 0.2564767676767677], [0.26685932400932405, 0.27316822621822623, 0.21494411699411708, 0.24502833277833289], [0.2623555222555223, 0.2599868187368188, 0.2273700022200023, 0.2502876567876568], [0.21398293373293378, 0.29515419025419026, 0.17403935786435798, 0.3168235181485183], [0.25555550838050856, 0.2763316700843018, 0.1944394660894662, 0.2736733554457239], [0.2851898343486578, 0.295329292929293, 0.16148823953823965, 0.2579926331838099], [0.23299615384615394, 0.29503311965811957, 0.17962937617937627, 0.29234135031635045], [0.20735048007548007, 0.2992716949716951, 0.1989607770884087, 0.2944170478644162], [0.2276329337329337, 0.29395478410478415, 0.1955497020523338, 0.2828625801099487], [0.3003699023199022, 0.25300918525918537, 0.17941814851814858, 0.26720276390276404], [0.25132854367854374, 0.3014747113997113, 0.19447929847929857, 0.2527174464424464], [0.30506754911754924, 0.259040714840715, 0.14263269230769232, 0.2932590437340437], [0.28548659089448575, 0.28978280979426496, 0.1877024425866532, 0.23702815672459657], [0.22921329585447237, 0.30760264180264185, 0.22666740122622492, 0.23651666111666123], [0.2007287462537463, 0.3016564047064046, 0.25251453823953834, 0.24510031080031083], [0.3123283882783882, 0.2804511988011988, 0.1604775835275835, 0.24674282939282932], [0.22678513708513717, 0.26625468697968707, 0.23491017316017318, 0.27205000277500285], [0.2104876104287869, 0.2802781718281716, 0.25786464842347223, 0.2513695693195694], [0.2534066766566767, 0.2719275113775113, 0.20263782328782343, 0.2720279886779886], [0.2553532245532247, 0.23531275391275408, 0.21735324675324694, 0.2919807747807748], [0.2927092682171628, 0.2547086375612692, 0.15231845990267057, 0.30026363431889735], [0.2786383727383728, 0.2855987976076213, 0.16465770340770353, 0.2711051262463026], [0.26682516927516936, 0.26063055278055275, 0.17308825618825618, 0.29945602175602176], [0.2747764901764903, 0.2762337182425419, 0.15429762737262742, 0.29469216420834093], [0.21411803196803214, 0.3142909645909644, 0.16933905538905544, 0.3022519480519481], [0.21630911865911875, 0.25191015928515925, 0.22054901209901215, 0.31123170995671], [0.25144795008912685, 0.2796640331890333, 0.18890269926152287, 0.2799853174603173], [0.21316948051948062, 0.3074117105117105, 0.2611199744699746, 0.2182988344988346], [0.2252069153069154, 0.23616529581529597, 0.2549100399600399, 0.28371774891774876], [0.32937741147741134, 0.2288097624597626, 0.14187645687645692, 0.2999363691863692], [0.21562387612387623, 0.21558053613053613, 0.2661835386835387, 0.3026120490620492], [0.2555662357250593, 0.3022812251474015, 0.15882909867909875, 0.28332344044844066], [0.19440533910533914, 0.28773051013314177, 0.25199785214785225, 0.2658662986136671], [0.2514016206016207, 0.2654235460617812, 0.17729509640686122, 0.30587973692973686], [0.21741681096681106, 0.25312218892218896, 0.2039825507825509, 0.3254784493284495], [0.23173730158730166, 0.30204232989232993, 0.23743063603063622, 0.2287897324897325], [0.2139922632922634, 0.3348156049832519, 0.21754305302540605, 0.2336490786990788], [0.21475407452025116, 0.30887059966177627, 0.22158424190188905, 0.25479108391608396], [0.24408374680874675, 0.28483184234066594, 0.20003551726051727, 0.27104889359007034], [0.21362498612498615, 0.29734213009213006, 0.18408593628593636, 0.30494694749694756], [0.23556717171717173, 0.28346590631590657, 0.22520971250971267, 0.2557572094572095], [0.2872496190084424, 0.25494638694638716, 0.16818659673659678, 0.28961739730857383], [0.21494694749694765, 0.2482736541236542, 0.20344190254190264, 0.333337495837496], [0.2954309523809524, 0.26005412920412935, 0.1708626373626374, 0.27365228105228107], [0.28945291375291393, 0.27750293040293034, 0.165615911865912, 0.26742824397824405], [0.3518658952158953, 0.22997012432012431, 0.1259473526473527, 0.29221662781662766], [0.2712804390054391, 0.26609219114219107, 0.1940102425352426, 0.2686171273171274], [0.24268559218559216, 0.26712015207015205, 0.19070281940281952, 0.2994914363414365], [0.18691603951603955, 0.2491326839826841, 0.2558608225108226, 0.308090453990454], [0.29929745809745834, 0.25390966810966814, 0.15954725274725273, 0.2872456210456212], [0.19505476190476193, 0.29858409368409383, 0.2304264013764015, 0.2759347430347433], [0.23179464979464978, 0.26424382284382303, 0.20997710067710082, 0.2939844266844268], [0.2355432400932402, 0.27988887305504956, 0.1944371425959662, 0.2901307442557442], [0.24506537351537352, 0.2653111999112, 0.20040498390498396, 0.28921844266844277], [0.2350831041507512, 0.27382953157953177, 0.21400625648860966, 0.27708110778110784], [0.219260411810412, 0.26377010767010767, 0.2138502386502388, 0.3031192418692421], [0.24774140859140875, 0.30811663336663336, 0.18629864579864583, 0.25784331224331225], [0.310298112998113, 0.2246106060606061, 0.178464013764014, 0.286627267177267], [0.21870525030525034, 0.2692824564324566, 0.21417454767454772, 0.2978377455877456], [0.3230549284049284, 0.24673443223443234, 0.1836544178044179, 0.24655622155622162], [0.2539996919746921, 0.21012322677322684, 0.20808018648018656, 0.32779689477189483], [0.19088228438228444, 0.2859473082473084, 0.21541099456099458, 0.30775941280941294], [0.24648458208458213, 0.2691850982350983, 0.1462149073149074, 0.3381154123654122], [0.26417019647019646, 0.29090071040071036, 0.16244025974025977, 0.28248883338883346], [0.21530788655788669, 0.2811926573426574, 0.2248864302364303, 0.2786130258630258], [0.2293451437451439, 0.30591112776112783, 0.21737198912198924, 0.2473717393717393], [0.3243568931068931, 0.25378162393162396, 0.13511202686202692, 0.286749456099456], [0.24230230325230329, 0.300388467088467, 0.19825035520035528, 0.2590588744588746], [0.22442150349650353, 0.23856018426018427, 0.18419930347430352, 0.3528190087690086], [0.2010352536352536, 0.3089559884559883, 0.20568354145854154, 0.28432521645021647], [0.2619788600288601, 0.3426060273060273, 0.123560483960484, 0.27185462870462873], [0.2451716061716062, 0.2535170801420803, 0.22280260295260298, 0.27850871073371075], [0.24512707847707846, 0.3030070207570209, 0.17822674547674566, 0.27363915528915533], [0.2953085192585195, 0.23044503829503837, 0.1617276334776335, 0.31251880896880885], [0.241568636918637, 0.2571829115329115, 0.20749121989122, 0.29375723165723155], [0.2117554021142259, 0.2913037526199292, 0.22373507048507046, 0.2732057747807748], [0.27002627372627386, 0.2633131202131202, 0.19230147075147083, 0.27435913530913536], [0.22118598068598075, 0.28137313519813534, 0.24278035853035868, 0.2546605255855255], [0.25360362970362965, 0.2999084998334999, 0.21633484015984025, 0.2301530303030304], [0.26883580308580307, 0.23668736818736824, 0.20836754356754364, 0.28610928515928524], [0.21462996447996457, 0.27877964257964266, 0.20031878121878122, 0.3062716117216119], [0.29758882783882784, 0.2704506771006771, 0.1454946275946276, 0.2864658674658675], [0.18579971694971706, 0.3076330447330448, 0.23508348318348318, 0.27148375513375517], [0.24014448329448357, 0.24556919191919202, 0.21311702741702748, 0.30116929736929743], [0.22244901764901773, 0.24401921411921418, 0.24271341056604231, 0.2908183576657262], [0.2306105561105561, 0.26291385281385293, 0.2146882894882896, 0.2917873015873016], [0.25769619269619265, 0.29154304029304035, 0.17480750915750923, 0.2759532578532578], [0.3095105561105563, 0.24206995781995788, 0.13366320346320348, 0.3147562826062826], [0.19582269397269392, 0.2732784992784994, 0.17586717171717164, 0.3550316350316351], [0.2600961038961038, 0.25405801420801416, 0.15559278499278503, 0.330253096903097], [0.277771966921967, 0.2522715395715396, 0.17129577089577097, 0.2986607226107224], [0.21737282162282173, 0.324590170940171, 0.18178330558330566, 0.276253701853702], [0.2663055000555, 0.2621221223221224, 0.18382324342324344, 0.2877491341991342], [0.28718136863136867, 0.27080100455100437, 0.18928980463980472, 0.2527278221778223], [0.2239815018315018, 0.33268125763125783, 0.17855461760461772, 0.26478262293262295], [0.2648706293706292, 0.29580784085195844, 0.19149713750302, 0.24782439227439246], [0.3291854922854923, 0.2919410311910312, 0.12665330780330786, 0.2522201687201688], [0.3319980539068773, 0.25069581333698976, 0.16188001443001446, 0.2554261183261185], [0.3016760656010655, 0.2510877344877345, 0.14123533411033407, 0.306000865800866], [0.23579318818436468, 0.31279432038549665, 0.19135523202287905, 0.26005725940725954], [0.21416587301587311, 0.26918561993562007, 0.1955414141414143, 0.32110709290709294], [0.24329617604617604, 0.29849922854922867, 0.1462768897768898, 0.3119277056277055], [0.23939069068186722, 0.2860880638968876, 0.2016793484293485, 0.272841896991897], [0.27062467532467543, 0.2600649350649353, 0.18678199023199019, 0.2825283993783995], [0.23667221667221675, 0.2793354922854924, 0.1744505522255522, 0.30954173881673874], [0.2727750138750139, 0.32438626928626924, 0.1620405927405929, 0.24079812409812412], [0.27819264069264077, 0.2792759601509601, 0.17306542901542907, 0.26946597014097035], [0.20476342546342555, 0.29667092629592645, 0.21643531746031752, 0.28213033078033073], [0.2261508047508049, 0.25194194139194154, 0.18692143412143425, 0.33498581973581976], [0.28295321345321356, 0.257771805971806, 0.14468267288267295, 0.31459230769230784], [0.2747736152736152, 0.29042103452103457, 0.17791204906204905, 0.2568933011433013], [0.23392760017760028, 0.25313413808413815, 0.20056446886446902, 0.31237379287379285], [0.2747973653797183, 0.2986018135459312, 0.183593661893662, 0.2430071591806886], [0.23873322510822514, 0.2536944083694084, 0.19951111111111108, 0.30806125541125545], [0.2631059146735618, 0.24492889887889907, 0.19308480408480413, 0.2988803823627353], [0.2557666555666557, 0.22352652347652346, 0.1965035464535465, 0.32420327450327435], [0.2146533633033632, 0.25525520590520606, 0.21872775835275837, 0.3113636724386722], [0.23131203241203255, 0.28107882395382394, 0.1755877067377068, 0.3120214368964369], [0.2402046544958312, 0.26004143079143077, 0.19924934150816503, 0.30050457320457324], [0.22958131313131314, 0.284554229104229, 0.2098878454878456, 0.2759766122766124], [0.22104545454545463, 0.22868697413697425, 0.16996834831834837, 0.3802992229992228], [0.2699199356199358, 0.2649918555300909, 0.17962231363407846, 0.28546589521589527], [0.2606668268006505, 0.2788440059940062, 0.1694772921522922, 0.29101187505305154], [0.3214753357753358, 0.20730660875072643, 0.1891354880413705, 0.2820825674325675], [0.22697250804750813, 0.32404368131868155, 0.16448354423354428, 0.28450026640026643], [0.23942221667221678, 0.30487657342657337, 0.20200792540792548, 0.25369328449328454], [0.3014426406926407, 0.24386392496392503, 0.17002886002886, 0.2846645743145744], [0.2556252822341058, 0.3030732470144235, 0.20058617493617498, 0.240715295815296], [0.2148538184038185, 0.31338144910644905, 0.20371268453768457, 0.268052047952048], [0.27813386306675764, 0.29639604476191184, 0.1479148772108525, 0.27755521496047814], [0.2629934981684982, 0.2826477558389322, 0.17408338964956616, 0.28027535634300366], [0.21494079254079254, 0.24396840381840398, 0.18717114552114572, 0.3539196581196582], [0.2823739371739373, 0.23057368742368736, 0.17612655122655133, 0.3109258241758244], [0.2685348429348431, 0.3231044233544233, 0.15902986457986465, 0.2493308691308692], [0.23942155899655893, 0.2820442113442114, 0.15221451881451892, 0.3263197108447108], [0.2819082029082029, 0.2931111555111554, 0.16289989177489184, 0.26208074980575], [0.24234427990310337, 0.2914629093129096, 0.18327715062715078, 0.2829156601568367], [0.2278794372294373, 0.2699136585636586, 0.22935699855699856, 0.2728499056499057], [0.23173127428127432, 0.33939380341880365, 0.18035608280608287, 0.24851883949383965]]}}