{"test": {"ids": ["110116300", "102111990", "113119930", "99109311", "100108080", "101114020", "110115120", "112116900", "110120531", "112116610", "111115770", "110116170", "110118450", "100120780", "105118230", "112120540", "103113210", "97113260", "99109780", "108113760", "103110840", "111121220", "106119580", "110114720", "97111790", "111117000", "110114610", "111120220", "100113210", "106116441", "109114720", "108115870", "101111310", "97105580", "99117630", "108114200", "112118511", "104114230", "107112840", "108117451", "111116090", "112117571", "110117140", "113117630", "104117630", "106115250", "102108621", "98109090", "100113370", "112117210", "100111270", "99109370", "113118111", "112119580", "106120640", "113118810", "109116040", "105115680", "109117730", "106116120", "109114220", "113119700", "113121750", "108113620", "108116481", "112117660", "108114180", "110117110", "113117401", "107118490", "111120260", "99108330", "113120260", "98117740", "108119510", "112116401", "99107660", "111117200", "109121351", "97106591", "110115140", "110117870", "105119950", "108119330", "97112300", "108120280", "100112060", "109116810", "102109910", "110118181", "104111990", "99119830", "110118301", "106117770", "106113360", "99111340", "110117080", "110116501", "106115120", "110118111", "97112170", "105115720", "108113480", "101112160", "109119460", "113118511", "104116441", "104111780", "103111110", "110113931", "110115580", "103112470", "112118810", "112119950", "108114360", "109116441", "107115140", "113118231", "97107950", "106113190", "105111990", "103111620", "97112830", "111120280", "111118820", "101111620", "107118520", "97106820", "112116451", "109118701", "110120640", "103113260", "113119300", "99112531", "111114121", "110116290", "104119290", "110115710", "110114950", "105113190", "112117030", "111117480"], "labels": [3, 2, 1, 1, 0, 3, 0, 3, 0, 1, 3, 0, 0, 1, 1, 3, 3, 1, 2, 1, 1, 3, 3, 3, 2, 0, 1, 3, 0, 0, 0, 3, 3, 1, 3, 0, 1, 2, 1, 2, 3, 3, 3, 0, 0, 2, 3, 1, 3, 1, 2, 1, 1, 3, 3, 3, 0, 2, 3, 1, 3, 0, 0, 3, 0, 0, 1, 0, 3, 2, 3, 1, 3, 2, 1, 0, 3, 0, 0, 1, 0, 3, 3, 0, 2, 3, 2, 3, 2, 1, 2, 1, 1, 0, 0, 1, 1, 3, 1, 1, 0, 1, 0, 3, 1, 1, 1, 3, 3, 1, 1, 1, 3, 0, 1, 3, 0, 3, 2, 0, 2, 0, 2, 0, 0, 3, 2, 1, 0, 3, 0, 3, 1, 3, 0, 2, 1, 2, 0, 3, 2, 1], "predicted_labels": [1, 0, 3, 0, 1, 1, 1, 1, 3, 3, 3, 3, 1, 3, 1, 3, 1, 1, 1, 1, 3, 3, 0, 2, 3, 0, 1, 0, 3, 1, 2, 3, 0, 2, 1, 0, 1, 2, 0, 3, 3, 1, 3, 0, 3, 1, 0, 3, 1, 2, 2, 3, 3, 3, 1, 2, 3, 2, 0, 1, 0, 1, 0, 0, 3, 0, 3, 2, 2, 2, 0, 1, 1, 3, 3, 0, 0, 1, 1, 1, 3, 2, 3, 0, 0, 3, 2, 3, 0, 3, 2, 3, 1, 2, 1, 2, 3, 3, 1, 0, 2, 1, 0, 3, 3, 2, 3, 1, 3, 1, 3, 0, 1, 3, 1, 0, 3, 1, 2, 0, 1, 0, 3, 3, 3, 0, 2, 3, 0, 1, 1, 1, 3, 0, 1, 0, 3, 3, 3, 3, 0, 2], "confidence_scores": [[0.007245779578702643, 0.9740042577219374, 0.009005483491268486, 0.009744479208091334], [0.7734590913568303, 0.06062426726092812, 0.16418746255628217, 0.0017291788259593275], [2.4146403050461312e-06, 0.0006045942525311742, 1.5573744736549896e-05, 0.9993774173624272], [0.8608124737592023, 1.4476179163379116e-05, 0.1269269596883143, 0.01224609037332002], [8.158692187837513e-06, 0.9463967952936913, 3.8143303029599667e-06, 0.053591231683817984], [0.32003166551424095, 0.3818487061694635, 0.29239559239019497, 0.005724035926100659], [0.06118930568062347, 0.42876241538448234, 0.2960502287092503, 0.21399805022564367], [0.2040197396305999, 0.7788133610588306, 0.0007196289793799187, 0.016447270331189617], [4.964845118053875e-06, 0.00016422911407141128, 4.1212511395141685e-11, 0.9998308059995982], [0.3065586608239033, 0.07094089320138808, 0.032967420485191426, 0.5895330254895172], [0.0002636042076917078, 8.749960234215132e-10, 6.162399595071691e-10, 0.9997363943010722], [0.027690134723966794, 0.007522142004755039, 0.1541912091848846, 0.8105965140863935], [4.528609094310948e-07, 0.7075039843823089, 0.29247825579976094, 1.7306957020684346e-05], [2.302041488208251e-07, 8.520946229623564e-07, 6.808997086028239e-05, 0.9999308277303678], [5.138037386960014e-07, 0.9982235088228063, 2.6690388580516185e-06, 0.0017733083345967003], [0.055965071867241076, 0.11524975172890041, 0.0005663393939464132, 0.8282188370099121], [0.007152856407203786, 0.9872319096479764, 0.0053811881368774125, 0.00023404580794244664], [3.040017972070299e-10, 0.9711881040905451, 3.316046715552694e-05, 0.02877873513829751], [0.022485989966951513, 0.9506318338111599, 0.0022042193618116647, 0.024677956860076868], [0.040997994790786266, 0.9189986828420812, 0.0399233468235287, 7.997554360355725e-05], [2.2993492187943134e-06, 1.587402177073723e-07, 1.0978871902026496e-07, 0.9999974321218446], [0.00011253693203454334, 0.19031546425177068, 8.351549334100673e-08, 0.8095719153007015], [0.6057040639693533, 0.20274392436698913, 0.0526744697748395, 0.13887754188881804], [0.16718499603713166, 0.002600905403534778, 0.8268376803318543, 0.003376418227479375], [0.4481084703418379, 0.019178701355832172, 0.001220353973679329, 0.5314924743286507], [0.9748839947511094, 6.66684329182156e-05, 0.014285537089746414, 0.010763799726226072], [0.00017873117144423121, 0.9879429955418818, 0.0006136206515195437, 0.01126465263515419], [0.7632454797134994, 0.11027436735287342, 0.00011840048891845607, 0.1263617524447088], [0.3155460581672112, 0.0025478503493398187, 2.4666846712282533e-05, 0.6818814246367367], [0.024980549929023665, 0.9601310030347993, 9.336654493242976e-07, 0.014887513370727667], [2.0536697724225517e-07, 2.5951859515985488e-06, 0.99999222552059, 4.97392648111986e-06], [0.3985948466738294, 0.002895717324776783, 0.029659948480338275, 0.5688494875210556], [0.7558897221665729, 0.003078614928437842, 0.24102287522134364, 8.78768364565077e-06], [0.06000700962117544, 7.622477254640875e-08, 0.9168608158431352, 0.023132098310916834], [0.035779643605104855, 0.9562976708606146, 0.007353089151845848, 0.0005695963824348883], [0.9753220809340516, 0.02434000656039497, 0.00024852217209436506, 8.939033345919175e-05], [5.072632048488013e-05, 0.9999002895444201, 9.194524964164213e-06, 3.978961013072423e-05], [7.041682069996478e-07, 0.006160671516471901, 0.8851779096123261, 0.108660714702995], [0.9997101631203503, 0.0001243625023196567, 0.0001654727785922795, 1.5987377431983464e-09], [0.016254250970726147, 1.6732274594475895e-08, 8.97935499047659e-09, 0.9837457233176443], [0.10870430019485247, 4.949439693190156e-06, 1.4808417459584586e-09, 0.8912907488846126], [0.0011137863384672476, 0.9983411076098123, 3.385280254586676e-07, 0.0005447675236950852], [0.05371445485022671, 0.05549710933145353, 0.00012984505561103633, 0.8906585907627087], [0.6050081774174372, 0.0028839328748602833, 0.04455940144172425, 0.34754848826597834], [0.008260301036299274, 0.4836732074632981, 1.1493414959392444e-05, 0.5080549980854432], [5.469326602211714e-07, 0.5800125377214521, 0.4199748400571128, 1.2075288774697734e-05], [0.409765917753493, 0.32875521425691373, 1.0737669105366874e-05, 0.26146813032048793], [0.006011058338044571, 0.01640175386145115, 0.006371207683256936, 0.9712159801172473], [0.0005131183975448613, 0.9994158334690157, 1.5265571938532959e-06, 6.95215762457317e-05], [0.00020464081730809305, 0.013868376681223399, 0.9857858203520107, 0.0001411621494578715], [2.2653383068318363e-05, 0.1645603735679246, 0.7655772983891149, 0.06983967465989217], [0.027978356520097586, 8.522101699888695e-06, 0.005344151257924901, 0.9666689701202775], [0.024990884480552915, 0.17711354300631366, 1.4540150121849992e-06, 0.7978941184981212], [5.84332632272093e-05, 0.002167621446000457, 0.017592768815545348, 0.980181176475227], [1.5326947676179398e-07, 0.9999970225853586, 6.57137468129175e-08, 2.75843141777021e-06], [0.034257975669226386, 0.0013273635307833327, 0.9636803116163987, 0.0007343491835916792], [0.08310413702287048, 0.00012365163267893752, 8.32954018799353e-05, 0.9166889159425707], [3.5195246822633462e-06, 0.0059221062445589095, 0.9938198582627874, 0.00025451596797153764], [0.9977464657100961, 0.0021703830545585605, 1.1299905541932305e-05, 7.185132980353774e-05], [0.0004877323765710437, 0.9991598844591978, 6.860307835488966e-07, 0.00035169713344768063], [0.998960644346623, 0.0003416826257575213, 2.3323682152640383e-06, 0.0006953406594043123], [0.12407847470285406, 0.7897729758798825, 0.08460328878954501, 0.0015452606277184266], [0.9866052302363711, 0.00011388359946674313, 0.012595949513175369, 0.0006849366509869077], [0.5241179202467537, 0.4751540943865651, 0.0006544859283874842, 7.349943829368685e-05], [2.1484377775334608e-05, 0.0011496769879989202, 4.166626041517305e-09, 0.9988288344675997], [0.9392247353543792, 7.966165723757233e-06, 7.01114936695421e-05, 0.06069718698622754], [2.1218202397735592e-07, 1.1630083322415214e-08, 0.0010035738286089488, 0.9989962023592838], [0.03391692952265214, 0.06420151341899664, 0.8281980375113801, 0.0736835195469712], [0.4142649193773953, 0.00021533618503477694, 0.5844202183264248, 0.0010995261111451408], [1.5107038344993148e-06, 0.03396405937954076, 0.9449357475654285, 0.02109868235119605], [0.9929627016671166, 0.0067412565570498335, 9.40412633643965e-05, 0.00020200051246924678], [0.016713843560828705, 0.9752636588462316, 0.00798180603341204, 4.069155952800027e-05], [0.006521431798739678, 0.991150436828314, 0.002036989326093673, 0.00029114204685258235], [0.010431985413306259, 0.00018517126363077672, 0.0036240673701604244, 0.9857587759529026], [0.10330683975569296, 0.022728326020542686, 0.20687075716554446, 0.6670940770582199], [0.999529447334921, 5.713706605358546e-10, 1.6733305917617346e-10, 0.0004705519263752859], [0.9971233241771643, 0.0005433653580608342, 0.00226856230627554, 6.474815849933585e-05], [1.906076725538716e-05, 0.8968181122105614, 0.08891481685535225, 0.014248010166830888], [0.0009438955881103214, 0.9939677185880988, 8.100235346758141e-08, 0.005088304821437471], [0.0021087183647119615, 0.6200996072066656, 0.3774903216271989, 0.00030135280142354885], [3.464945755797381e-05, 0.07084727565721391, 0.007613879851925179, 0.921504195033303], [0.0535019733970496, 0.000696955188016539, 0.9454009462795161, 0.0004001251354177083], [0.07827411670494731, 0.00029043989526751374, 9.12986057018513e-06, 0.921426313539215], [0.9997514619019467, 2.5199398729436127e-05, 0.00017877809972312325, 4.456059960071407e-05], [0.9929812010144393, 8.255703027262389e-05, 0.005461120218985074, 0.001475121736302984], [2.244542344073236e-05, 4.1831544627533644e-05, 1.1023923900232494e-07, 0.9999356127926927], [0.00050348478729563, 0.2332405229259516, 0.7662508214805527, 5.170806200223629e-06], [0.0020133081978698764, 0.033594139085660876, 3.9548314081752544e-07, 0.9643921572333284], [0.5290489715244531, 0.0054005798247793975, 0.01657005097208526, 0.4489803976786822], [0.009031284941397226, 0.029180799747370312, 1.1047671144937765e-06, 0.961786810544118], [0.0008969884306256284, 0.036268629779265024, 0.9625379072354016, 0.0002964745547078373], [0.0035839464141085298, 0.2400073298593839, 0.13486179907590023, 0.6215469246506072], [0.0012311059927404518, 0.97967011401208, 0.00043605916585267267, 0.018662720829326886], [0.24403172483822425, 0.014741757983447432, 0.405404128108355, 0.3358223890699732], [0.021655204120419113, 0.5485213601680827, 0.16668607308465103, 0.26313736262684706], [0.00013956093578874432, 0.01502168560077041, 0.9699746773173844, 0.014864076146056554], [0.018689289778759513, 0.06227603290316503, 0.021065074827848588, 0.8979696024902268], [0.12360579537598818, 0.024656592024058507, 0.03622344708210426, 0.8155141655178492], [0.46086835822661754, 0.5366993466798814, 3.4336519799138825e-07, 0.002431951728303003], [0.9999255282845038, 6.550254797840966e-05, 2.7278118931403626e-07, 8.696386328357808e-06], [0.05857867157365796, 0.038826742557366935, 0.9020830763574976, 0.0005115095114773916], [1.2289064863053382e-06, 0.9996635656802941, 1.5027061764693144e-05, 0.0003201783514548287], [0.648271764302725, 0.0030866565550834394, 0.005162289485697471, 0.343479289656494], [1.4125273880740653e-05, 2.6310039938409175e-05, 0.34937581449287686, 0.650583750193304], [0.19861716961088033, 0.0016646218618157056, 0.0023505453045139955, 0.7973676632227901], [0.002728606854015679, 0.010047278635018033, 0.9870750865126153, 0.00014902799835088136], [0.06438109915221013, 0.09254397878569791, 8.55697199572865e-06, 0.8430663650900961], [1.1270120449606402e-05, 0.9999721519802568, 9.674772480857807e-09, 1.6568224521139434e-05], [0.00047557453006740206, 1.277018602030696e-08, 9.293479478204172e-05, 0.9994314779049646], [0.00034462770858097674, 0.9885058652317148, 1.741835775608808e-05, 0.011132088701948067], [0.06943892245549138, 0.01437393559246365, 4.7650217349896354e-05, 0.9161394917346951], [0.7474793901375535, 0.25195705919673156, 2.3904870500310564e-05, 0.0005396457952147423], [0.004290043564370005, 0.9913596078024746, 0.003789185715583622, 0.0005611629175717438], [0.08328519619856203, 0.0023176351354507792, 3.9339237674050727e-07, 0.9143967752736105], [5.71484701763452e-08, 0.9144025569968001, 0.08559702884143774, 3.5701329198191984e-07], [0.9697451142772141, 0.009989795880988719, 3.057637099460641e-08, 0.020265059265426186], [5.1035098249635236e-05, 4.7673639355177985e-06, 3.338744320721406e-07, 0.9999438636633827], [0.0003854386333335556, 0.9996136821375629, 8.539515635267359e-07, 2.5277540226004023e-08], [9.557632921637155e-05, 0.0005765267500806142, 0.9934580585907896, 0.005869838329913278], [0.9622122047960932, 0.037601835008728685, 7.477671280844647e-07, 0.00018521242805013378], [2.290025093159191e-05, 0.7826234071678775, 1.652026496754744e-05, 0.21733717231622335], [0.9982318303712427, 1.2439879337802137e-05, 0.0015285576437304152, 0.00022717210568889087], [0.0794950841085926, 0.314310546149508, 0.03419354801478936, 0.57200082172711], [0.0050762633440085934, 0.008207300023835634, 2.199578362661662e-05, 0.9866944408485291], [0.029123402122915653, 0.00048510744950841316, 9.478697596716823e-06, 0.9703820117299792], [0.4772871409176879, 0.0941329889657547, 0.003153272613226004, 0.4254265975033315], [4.967987736725908e-08, 0.03264302671724916, 0.9673565871301301, 3.3647274327726273e-07], [0.02340617239098853, 0.00218057082469105, 0.0007126902549865238, 0.9737005665293338], [0.9977338631131859, 0.0022573168127393993, 3.795701940821855e-09, 8.816278372632643e-06], [0.009422582651203335, 0.8147601093965571, 9.523684870940479e-05, 0.17572207110353016], [0.0005269992598696703, 0.9348370062449568, 0.009750629589176395, 0.05488536490599696], [0.05971999810722519, 0.9402264343383745, 4.3848260853828364e-06, 4.918272831505484e-05], [0.021926078400556447, 0.00010370583753465296, 1.7014422230632126e-07, 0.9779700456176865], [0.9810351669082039, 7.0049722140606046e-09, 1.2544789498041169e-09, 0.018964824832345028], [6.820961903606488e-07, 0.9999985608022385, 5.624726773289997e-09, 7.514768444285533e-07], [0.5076687429085652, 0.061047256032365715, 0.426040741555684, 0.0052432595033849476], [5.072127403253635e-07, 0.0001328810982073205, 2.128166893782782e-08, 0.9998665904073833], [2.4239956073128255e-05, 0.013957899020692811, 6.980956006851052e-06, 0.9860108800672271], [0.11093221019165622, 0.37064051359494987, 0.0052649432073282945, 0.5131623330060657], [0.01695560930643536, 0.1578707375578494, 0.00013021813118397135, 0.8250434350045313], [0.8604677413605617, 0.03727396324943336, 0.017827241347376066, 0.08443105404262893], [0.0005628282339088844, 0.0019497335278781537, 0.9957899201894921, 0.00169751804872089]]}, "rewritten": {"ids": ["97105580", "97106591", "97106820", "97107950", "97111790", "97112170", "97112300", "97112830", "97113260", "98109090", "98117740", "99107660", "99108330", "99109311", "99109370", "99109780", "99111340", "99112531", "99117630", "99119830", "100108080", "100111270", "100112060", "100113210", "100113370", "100120780", "101111310", "101111620", "101112160", "101114020", "102108621", "102109910", "102111990", "103110840", "103111110", "103111620", "103112470", "103113210", "103113260", "104111780", "104111990", "104114230", "104116441", "104117630", "104119290", "105111990", "105113190", "105115680", "105115720", "105118230", "105119950", "106113190", "106113360", "106115120", "106115250", "106116120", "106116441", "106117770", "106119580", "106120640", "107112840", "107115140", "107118490", "107118520", "108113480", "108113620", "108113760", "108114180", "108114200", "108114360", "108115870", "108116481", "108117451", "108119330", "108119510", "108120280", "109114220", "109114720", "109116040", "109116441", "109116810", "109117730", "109118701", "109119460", "109121351", "110113931", "110114610", "110114720", "110114950", "110115120", "110115140", "110115580", "110115710", "110116170", "110116290", "110116300", "110116501", "110117080", "110117110", "110117140", "110117870", "110118111", "110118181", "110118301", "110118450", "110120531", "110120640", "111114121", "111115770", "111116090", "111117000", "111117200", "111117480", "111118820", "111120220", "111120260", "111120280", "111121220", "112116401", "112116451", "112116610", "112116900", "112117030", "112117210", "112117571", "112117660", "112118511", "112118810", "112119580", "112119950", "112120540", "113117401", "113117630", "113118111", "113118231", "113118511", "113118810", "113119300", "113119700", "113119930", "113120260", "113121750"], "labels": [1, 1, 1, 2, 2, 0, 2, 2, 1, 1, 2, 3, 1, 1, 1, 2, 1, 3, 3, 1, 0, 2, 2, 0, 3, 1, 3, 3, 3, 3, 3, 2, 2, 1, 3, 0, 1, 3, 3, 3, 2, 2, 1, 0, 1, 2, 3, 2, 1, 1, 3, 0, 0, 1, 2, 1, 0, 0, 3, 3, 1, 0, 2, 2, 0, 3, 1, 1, 0, 1, 3, 0, 2, 0, 1, 3, 3, 0, 0, 3, 3, 3, 3, 1, 0, 1, 1, 3, 0, 0, 0, 1, 2, 0, 2, 3, 3, 1, 0, 3, 3, 1, 1, 1, 0, 0, 0, 0, 3, 3, 0, 0, 1, 0, 3, 3, 0, 3, 0, 0, 1, 3, 2, 1, 3, 0, 1, 3, 3, 0, 3, 3, 0, 1, 3, 1, 3, 1, 0, 1, 3, 0], "predicted_labels": [2, 1, 3, 2, 3, 3, 2, 3, 3, 3, 3, 0, 1, 2, 2, 1, 2, 0, 1, 3, 3, 2, 2, 3, 1, 3, 0, 0, 3, 3, 0, 3, 2, 3, 3, 0, 3, 2, 1, 1, 0, 3, 3, 1, 1, 3, 3, 2, 1, 3, 3, 0, 1, 3, 1, 1, 1, 0, 1, 1, 1, 3, 2, 2, 0, 0, 2, 3, 0, 2, 3, 3, 3, 0, 2, 3, 0, 2, 3, 1, 3, 0, 3, 1, 3, 1, 1, 2, 3, 3, 3, 3, 3, 3, 3, 1, 3, 3, 1, 3, 2, 0, 3, 1, 1, 3, 3, 1, 3, 0, 3, 3, 2, 3, 1, 0, 3, 3, 0, 0, 0, 1, 1, 2, 1, 3, 1, 1, 3, 1, 3, 2, 3, 3, 1, 3, 1, 3, 1, 3, 1, 0], "confidence_scores": [[0.0005139735103286713, 2.7729121701936844e-10, 0.9914132414397108, 0.008072784772669256], [2.3806879378687363e-07, 0.711645649934167, 0.01598853160487814, 0.2723655803921609], [0.0048901251002286174, 0.00029815129695544355, 0.00012647437826664306, 0.9946852492245494], [5.149398395744987e-05, 8.55929021059394e-06, 0.6030094765530011, 0.39693047017283095], [0.0009393407802804928, 2.3844633215436495e-06, 7.135266995596332e-05, 0.9989869220864419], [0.00017789684570669527, 0.009835205040448203, 0.05792662099553152, 0.9320602771183136], [0.4357825187122457, 0.010555488238710293, 0.547582975824753, 0.0060790172242909425], [7.320203435221706e-06, 0.00023271480618765604, 0.005170304666517104, 0.99458966032386], [3.018293638061012e-09, 2.75099359357419e-05, 8.58201260751593e-05, 0.9998866669196954], [0.00010895822090126548, 5.784968507930729e-05, 0.2014165100618776, 0.7984166820321419], [6.467097158083133e-06, 8.616368299413189e-06, 1.72335856650338e-05, 0.9999676829488774], [0.9791377907981487, 0.005373627455976658, 0.01379482608488809, 0.0016937556609863415], [0.008367752473255809, 0.8833059448996142, 0.05773303397846219, 0.050593268648667804], [0.017958148413510965, 0.0005182384915322789, 0.897841993455468, 0.08368161963948878], [0.0028430900549996775, 0.00012796111982582467, 0.8673677190538441, 0.12966122977133043], [2.527584723494894e-05, 0.9995899895999188, 0.00017076595830996667, 0.00021396859453637167], [7.591132425996027e-07, 0.00033332221675854085, 0.9300106962855235, 0.06965522238447551], [0.7487056322121771, 0.00031217205364939926, 3.4639195959386735e-06, 0.2509787318145774], [0.06541970637834374, 0.8015405120831939, 0.05824252324192535, 0.074797258296537], [1.820705068956376e-06, 2.7473952713017878e-05, 0.00297087685569086, 0.9969998284865272], [3.057903780603499e-08, 0.3942790831747813, 9.87489818742726e-06, 0.6057110113479935], [2.0129377700330298e-05, 0.013631640815738632, 0.9217146677930294, 0.06463356201353172], [3.898103177777252e-06, 0.0018012426783214, 0.9981872964515656, 7.562766935211412e-06], [0.0016672405512979753, 0.020119542546391506, 1.078889972770523e-06, 0.9782121380123376], [0.0024868498107372228, 0.862764598395679, 0.000841991844397153, 0.13390655994918652], [1.067669641886837e-08, 3.083974814905347e-06, 2.4359751178591924e-06, 0.9999944693733709], [0.999457630724154, 4.7825324327496565e-05, 0.00047949952977110154, 1.5044421747233188e-05], [0.7373529926349067, 0.00021432672455557044, 0.00029888826068961543, 0.2621337923798481], [1.4268297822821211e-06, 0.04561905028552644, 0.017223818594970255, 0.937155704289721], [0.0752543137707113, 0.00036185463137459984, 0.29364127233851184, 0.6307425592594021], [0.994805116437274, 0.0046475958725653976, 0.00010820271241760191, 0.0004390849777429011], [0.006384531131301361, 0.1428607798583447, 0.05123254448576255, 0.7995221445245912], [0.004036385005040323, 0.0007113109949805676, 0.9067162565491571, 0.08853604745082203], [7.269070805954996e-06, 3.7318819732283566e-06, 0.0011388028189323483, 0.9988501962282885], [1.6246665195300003e-05, 6.276019342615297e-06, 1.4599342092659725e-05, 0.9999628779733695], [0.9954846758747755, 8.81250509569852e-06, 0.004127211451959364, 0.00037930016816942544], [0.022316191809204033, 0.18248294704423626, 0.12178507139141935, 0.6734157897551403], [0.001483669076231904, 0.0824385183258301, 0.8274758086590197, 0.0886020039389183], [1.0677593272266588e-05, 0.9937854282953097, 1.1353084453147452e-05, 0.006192541026964767], [6.320017128936711e-06, 0.9967185074588722, 6.330718321039471e-08, 0.003275109216815526], [0.9858326021359485, 0.014067914427979332, 9.942209157977441e-05, 6.134449241088165e-08], [9.813807262965975e-07, 0.030038284614040102, 0.312265439546697, 0.6576952944585366], [2.7529639350642363e-06, 0.009107238343413976, 9.502772084368723e-08, 0.9908899136649302], [0.0017911866394618942, 0.9918606215507134, 2.3133209928350596e-05, 0.006325058599896292], [1.6823047716901828e-06, 0.9034652194004748, 0.0027626187406265966, 0.0937704795541268], [3.3522751525632223e-07, 0.03252593041611322, 0.0009102086541957294, 0.9665635257021759], [0.007094389028894932, 0.013754438844343221, 1.517363895982802e-06, 0.979149654762866], [4.0977583243476695e-07, 0.3759333133733086, 0.5229209007881959, 0.10114537606266304], [1.6018837636402902e-05, 0.980681118474042, 0.005075938158816869, 0.01422692452950464], [1.4825195072709157e-07, 0.21098684095870987, 5.371407510511308e-05, 0.7889592967142344], [0.00025282498148702833, 5.1936012978985425e-05, 6.811642023208346e-06, 0.9996884273635108], [0.9985722716502627, 0.0014036275215379946, 2.986644493667426e-07, 2.380216374988037e-05], [0.0018780785962369633, 0.9452376006765848, 0.007005849466853913, 0.04587847126032437], [0.03591842189704166, 0.4192760843323913, 4.4574693131003086e-07, 0.5448050480236357], [2.7013330985821197e-07, 0.9998920017754741, 2.732906119793551e-05, 8.03990300180864e-05], [0.001344984594259849, 0.9958629342777716, 1.9053374638562643e-05, 0.0027730277533301664], [0.0001044401623436914, 0.538556761101906, 1.658953918551556e-06, 0.4613371397818318], [0.9938599525830079, 0.0020015895081302057, 0.0024134387340525197, 0.0017250191748093583], [0.13633028336627745, 0.470336304603723, 0.05334342655680576, 0.3399899854731938], [1.776696938201685e-07, 0.9997864102513836, 6.851466520091734e-06, 0.00020656061240252165], [3.2344371956676795e-06, 0.9971103694838481, 0.00012461433613817442, 0.002761781742817959], [1.027874001289694e-05, 3.968401770573475e-06, 0.00022596887661910305, 0.9997597839815974], [1.0541125992356729e-07, 0.31956281307025797, 0.6494454644320764, 0.030991617086405732], [3.305299109692273e-06, 0.18951858802243907, 0.7344235206900955, 0.07605458598835581], [0.7590033582543404, 0.0016333767280522563, 0.0043827962552882935, 0.23498046876231893], [0.7553615498427739, 0.21539421341159404, 0.00018232001585540908, 0.029061916729776656], [0.00572772180825944, 0.2097032713520453, 0.7845482195392944, 2.078730040085707e-05], [1.7548427277276682e-06, 8.219651899501007e-06, 2.3332017932191894e-05, 0.9999666934874406], [0.5737732087151598, 0.06668500607170097, 0.0003439847540593734, 0.35919780045907995], [2.1098263826749e-05, 0.48822023578232016, 0.49921318189039093, 0.012545484063462169], [0.0309644158876965, 0.006080234355982126, 0.00783743977301684, 0.9551179099833045], [6.38890129046823e-05, 2.5111002570835255e-07, 6.443493989835296e-09, 0.9999358534335757], [0.060478221998762974, 9.341892019944129e-08, 6.385560853441907e-07, 0.9395210460262315], [0.9909640934797043, 0.0027887558064815005, 1.6120068888777256e-05, 0.006231030644925437], [5.213279303675422e-07, 6.37032583620995e-05, 0.993243555319797, 0.006692220093910608], [0.0011437766062755942, 0.02230814128383805, 0.002028539726559176, 0.9745195423833272], [0.8665653099337262, 0.12592937089834488, 1.6749408420489396e-05, 0.007488569759508488], [7.562390900253986e-09, 0.012468047803285956, 0.98751758341997, 1.436121435307621e-05], [3.022865444236145e-06, 3.1265357139892903e-06, 6.675269394398621e-06, 0.9999871753294475], [0.0003141888414439782, 0.9993917739321617, 7.761745130014612e-10, 0.0002940364502197752], [0.0005655751700137471, 0.0003006210078026664, 5.087002490328863e-08, 0.9991337529521588], [0.9659432166501986, 0.016788932678050705, 1.0386004934859777e-05, 0.017257464666815932], [8.401345577413832e-06, 0.00020027765473889999, 5.23463598464295e-09, 0.9997913157650477], [0.0004393459756802718, 0.689069864740479, 0.0018669655181118886, 0.3086238237657288], [0.004889285019054093, 0.0024031379838009184, 2.0184742097258046e-05, 0.9926873922550478], [2.4244488094015113e-05, 0.99286936935712, 6.64178105983458e-07, 0.007105721976679977], [4.681967210193808e-06, 0.9248660577749361, 0.0737245612334112, 0.0014046990244424699], [7.952821296512445e-07, 0.11340090036905158, 0.8859618499372213, 0.0006364544115973945], [0.007013451250150971, 0.022650357543968967, 0.000692436611277485, 0.9696437545946026], [0.26119233825786303, 0.06918730915501609, 0.07464876614710994, 0.594971586440011], [0.003305568863924029, 0.07220194640974278, 0.02546346889849593, 0.8990290158278372], [8.92705532281261e-05, 4.1740415439956874e-05, 0.0014849362966735398, 0.9983840527346584], [0.004645620429378056, 0.009000058000547241, 0.053568196472171384, 0.9327861250979033], [0.00024411350280573928, 0.002013974369036781, 0.25098346487239326, 0.7467584472557642], [0.09739760428030862, 0.0010469632416899013, 0.1366864529576324, 0.7648689795203691], [0.005793776225529944, 0.9448889063658306, 0.02010432348970443, 0.02921299391893496], [7.839271285880096e-05, 0.00031966375738183247, 1.554594801992728e-05, 0.9995863975817395], [1.4577114884858719e-06, 0.002785369432299973, 3.5651443184820935e-06, 0.9972096077118932], [0.00013787096935925547, 0.9472702446681603, 0.046454861562856616, 0.0061370227996237195], [0.0001909378435894541, 0.004749119080536584, 0.0002265174650910586, 0.9948334256107829], [0.0010929321803583255, 0.0002984043049960164, 0.9907527709280645, 0.007855892586581181], [0.9621481366214183, 0.010330330685740678, 0.0035100336182344997, 0.02401149907460675], [0.0004119118889910957, 0.051247377306811524, 0.00020328371823940001, 0.9481374270859579], [9.881216573935864e-05, 0.7014447479938776, 0.0005729762525342483, 0.29788346358784895], [9.09699901153531e-08, 0.9238075522070964, 0.07586045612621382, 0.0003319006966996016], [1.3524274085801379e-05, 0.3823892256863327, 2.3742315900168426e-07, 0.6175970126164226], [2.0096020959778007e-06, 0.033917118416225134, 0.0003687891059110132, 0.9657120828757678], [1.087890066654789e-06, 0.9999686022480915, 1.0989018971967033e-06, 2.921095994472694e-05], [5.577416797156238e-09, 1.5042072289288075e-08, 4.619466216825536e-10, 0.9999999789185643], [0.9329269966432399, 0.0010982300553397002, 8.467128045875145e-07, 0.06597392658861574], [1.2711758346895792e-07, 1.251030750194925e-05, 1.8586247222333114e-06, 0.9999855039501923], [9.253152169813697e-05, 0.24320506904639075, 0.09695123884852266, 0.6597511605833885], [0.03429687543993911, 0.13530232887063465, 0.47895175492983794, 0.3514490407595883], [0.025225370864723293, 0.01271523919841471, 8.135230015559349e-07, 0.9620585764138604], [0.3204734518821353, 0.4480013582964267, 2.7323875070304354e-05, 0.23149786594636781], [0.9980577946925221, 4.7517309114594685e-05, 8.937625597840238e-08, 0.0018945986221072842], [0.00042459726849194447, 0.09394504334113912, 4.956178048865821e-06, 0.9056254032123201], [1.0559384328358144e-06, 4.652270930010436e-05, 1.308927033810927e-07, 0.9999522904595636], [0.9926631632129632, 1.849956393705941e-05, 1.6127664705881508e-06, 0.007316724456629219], [0.7218560647075041, 0.2694890374810781, 2.636969463405048e-07, 0.008654634114471508], [0.5082115571308784, 0.00976341446993902, 0.0035848740371477285, 0.47844015436203496], [0.002305773273736833, 0.9913810886247377, 0.00012749377065469778, 0.006185644330870839], [0.0014604454293238945, 0.9386646982288055, 0.035808450157627555, 0.02406640618424301], [3.294794441537078e-06, 0.048387735510461855, 0.9510833600420636, 0.0005256096530330452], [4.238088196750061e-05, 0.7829686999300333, 3.856411574185895e-07, 0.21698853354684186], [0.07274715579470778, 0.08011590659483206, 0.012658850844190916, 0.8344780867662693], [0.0002211455681169425, 0.8748519883767045, 0.07250574110276134, 0.052421124952417304], [0.1343194020357771, 0.7662510462848849, 0.026567993754400852, 0.07286155792493706], [3.342825139124535e-08, 0.0014387546795279708, 0.0008750505080055703, 0.9976861613842151], [0.19277685561889013, 0.6968334379794049, 3.112039188121743e-05, 0.11035858600982364], [0.023220225495230923, 0.14084714003370832, 0.11263022146969007, 0.7233024130013707], [0.236034796069266, 0.005033307221727053, 0.7146746604124228, 0.0442572362965842], [0.14178629718729063, 0.011346714856113204, 0.01082074861680184, 0.8360462393397943], [0.0002059204219076804, 0.006416606206104329, 0.0001950857926780955, 0.9931823875793098], [0.0010508640879806385, 0.9989176071121345, 2.276993934973095e-06, 2.9251805949927244e-05], [4.501386055751881e-05, 0.03530803221137251, 0.11371125861251004, 0.8509356953155599], [0.264934727831126, 0.6342698058058581, 0.058502761520533804, 0.04229270484248221], [2.0590199872796947e-05, 8.301437052499384e-06, 8.684215989709788e-09, 0.9999710996788587], [1.3367445629720575e-06, 0.9405273601595133, 0.03542949963989593, 0.024041803456027827], [1.1647902400826678e-05, 0.3623057595158095, 0.00020827899251662436, 0.637474313589273], [5.082266911034694e-05, 0.9920285004592584, 0.0003131278740943097, 0.0076075489975370465], [0.9444266086488727, 5.463036673375057e-05, 0.018304031950117636, 0.03721472903427583]]}}