{"test": {"ids": ["111119930", "97113260", "113118690", "103120290", "99112531", "108114360", "103109791", "113121750", "109119460", "112116810", "98108970", "100110260", "108114200", "108114670", "105118740", "111120280", "113121410", "101108621", "102110890", "106116640", "104116980", "112118511", "103113640", "103111540", "101111620", "112121430", "110114321", "100107920", "101111990", "112118701", "112118820", "98108150", "100109890", "112121410", "107114950", "108115570", "102112170", "111116010", "97106820", "111120591", "98109311", "105121370", "98117740", "108115500", "111118810", "107116340", "104117200", "110118880", "99114890", "111114171", "109121640", "110120540", "99105921", "104111550", "113122510", "106119990", "101112540", "110118301", "99107640", "112121351", "113121220", "100108990", "105115570", "109121351", "107119950", "104112470", "102113210", "108115970", "97109570", "99109780", "112118421", "112116850", "98109230", "97114170", "112120540", "98109090", "99108460", "106115240", "99108010", "109113591", "107115140", "98112300", "100109311", "107118820", "101108950", "103109021", "107120010", "112121360", "105113330", "106111321", "111117571", "110121720", "102117351", "99111000", "98106680", "110120700", "107121640", "110117200", "99109141", "104113240", "109115380", "98108520", "110117500", "113119320", "112119930", "100111080", "98107380", "104113210", "103113170", "111120640", "99107660", "112117780", "100113210", "103111990", "112120270", "98107410", "110117080", "98111860", "103113610", "98106880", "113121680", "110116290", "108113740", "113118231", "108120280", "104109311", "98108410", "106114880", "99111620", "112117030", "112116880", "112116401", "101112690", "109114270", "111121410", "104111620", "97107950", "97112290", "100108260", "112116900", "107120130", "108121160"], "labels": [1, 1, 3, 2, 3, 1, 3, 0, 1, 3, 3, 3, 0, 3, 1, 0, 0, 0, 0, 3, 1, 1, 1, 1, 3, 2, 1, 0, 2, 0, 0, 0, 3, 0, 3, 3, 3, 1, 1, 1, 1, 2, 2, 3, 0, 3, 3, 0, 2, 3, 0, 1, 1, 1, 2, 0, 2, 1, 1, 0, 3, 2, 0, 0, 3, 1, 3, 2, 0, 2, 3, 0, 1, 2, 3, 1, 0, 1, 2, 3, 0, 2, 1, 3, 2, 0, 1, 3, 3, 0, 3, 3, 1, 2, 1, 2, 1, 3, 3, 2, 3, 2, 1, 1, 1, 0, 1, 3, 3, 0, 3, 0, 0, 2, 0, 3, 1, 0, 2, 0, 1, 2, 3, 3, 3, 3, 1, 0, 3, 2, 0, 0, 1, 3, 0, 0, 2, 1, 3, 3, 2, 2], "predicted_labels": [0, 3, 0, 2, 3, 2, 2, 3, 0, 2, 1, 0, 1, 1, 3, 3, 3, 0, 2, 3, 2, 1, 0, 1, 0, 1, 0, 3, 2, 3, 1, 1, 0, 0, 3, 2, 2, 1, 3, 0, 2, 2, 3, 2, 1, 3, 1, 0, 2, 3, 0, 1, 0, 1, 3, 3, 1, 1, 3, 0, 1, 3, 1, 1, 1, 3, 0, 3, 1, 1, 1, 3, 2, 3, 3, 3, 3, 0, 1, 3, 0, 0, 3, 2, 2, 3, 1, 1, 0, 1, 0, 1, 3, 2, 2, 0, 0, 0, 0, 2, 1, 3, 1, 3, 2, 1, 1, 0, 3, 1, 0, 0, 0, 1, 1, 0, 3, 0, 3, 3, 1, 0, 0, 1, 3, 1, 3, 1, 1, 0, 1, 0, 1, 0, 3, 3, 3, 0, 0, 1, 2, 1], "confidence_scores": [[0.5306624721933977, 0.41821099135576983, 0.02470121199118694, 0.02642532445964557], [0.0001335081891416071, 0.11706568832794624, 0.05553312704603878, 0.8272676764368734], [0.43236990822679205, 0.30286619915724644, 0.2133433754549975, 0.05142051716096396], [0.09862673260016888, 0.0024229835356634013, 0.8971554225084687, 0.0017948613556991913], [0.46433353329502713, 1.6452146187882364e-05, 0.00025469115161325773, 0.5353953234071718], [0.00033188034177043005, 0.271257330337967, 0.7258043137296019, 0.002606475590660612], [0.24228754912298917, 0.0030498885262665904, 0.5048142824032198, 0.2498482799475244], [0.09595644578805113, 0.19122165174271524, 0.004924206674614991, 0.7078976957946186], [0.7595926446558282, 0.006715665795682508, 0.013819901531688113, 0.2198717880168011], [0.005407199493709994, 0.19851387618833174, 0.7836849289230192, 0.012393995394938935], [0.006201078799777799, 0.6577560305786119, 0.30518709873238786, 0.03085579188922248], [0.9716375598862981, 0.005062450514445537, 0.0010137472847983405, 0.02228624231445805], [0.3807520955906161, 0.5510421459751085, 0.02125554855274306, 0.04695020988153216], [0.007162717720034896, 0.7337957199437821, 0.23513095449532734, 0.02391060784085567], [0.09134382172611846, 0.013246814386613215, 0.30045715475059787, 0.5949522091366704], [0.08644358071949872, 0.41603993228943126, 0.010520526875038693, 0.48699596011603136], [0.17597965908324908, 0.003921749576102904, 0.0018274046265138253, 0.8182711867141342], [0.4918166979796127, 0.03968045231188672, 0.0007299299681829388, 0.4677729197403176], [0.22319721042511984, 0.07394158007571443, 0.6108271309819124, 0.09203407851725316], [0.21360472419214904, 0.0009195850627054663, 0.014236204099157889, 0.7712394866459877], [0.001054327000456048, 0.024495185644158875, 0.917597823534079, 0.05685266382130607], [0.016103544277721853, 0.9073883106328237, 0.027750147107036847, 0.04875799798241756], [0.9099607200574884, 0.0034686955069943856, 0.004458984177170868, 0.08211160025834628], [0.034368336899278124, 0.5506704506415548, 0.08828586503577218, 0.3266753474233948], [0.7551255321743474, 0.04239171105766954, 0.043940675291471026, 0.1585420814765122], [0.0030381884908181806, 0.5935721895953727, 0.329319440014038, 0.074070181899771], [0.7904968860048597, 0.20386763084210432, 0.0018440022221988348, 0.0037914809308371563], [0.00891076442069028, 0.08162878972767433, 0.00015678412996451626, 0.9093036617216708], [0.283388031156703, 0.0364452312027554, 0.6464967190157679, 0.033670018624773757], [0.03998886966783011, 0.0029769773883038288, 0.0012616937212727765, 0.9557724592225932], [0.12485565204518122, 0.6866975884780991, 0.008009936166142033, 0.18043682331057748], [0.00589071139445347, 0.9508952536834182, 0.0011622311652226146, 0.04205180375690572], [0.4673698778917309, 0.4368783716324584, 0.03855496829017434, 0.05719678218563636], [0.5255045771709959, 0.22163506265888713, 0.013604416119115368, 0.23925594405100173], [0.011783821061432281, 0.004489915535513498, 0.3435639655204876, 0.6401622978825666], [0.05459320504676837, 0.03266677103942958, 0.6131262939915489, 0.2996137299222531], [0.009966188321449096, 0.0021151422876594804, 0.8423231075246044, 0.14559556186628705], [0.0031227847366650514, 0.5454196705216829, 0.4374281857165129, 0.014029359025139097], [0.08746216797339584, 0.2046345991487644, 0.3024037724540306, 0.40549946042380924], [0.5462665367817913, 0.0006944522325537622, 0.00019592007369526534, 0.45284309091195973], [0.05122916691908638, 0.13389912079054594, 0.672114791194062, 0.1427569210963057], [0.05150754221787327, 0.2893481877097072, 0.5907885304915975, 0.068355739580822], [0.05224535150628125, 0.0016769181928923554, 0.022043590722515497, 0.9240341395783109], [0.0012692426674671424, 0.2782903662512433, 0.6990392802249551, 0.021401110856334477], [0.013050030171174915, 0.49501010736209006, 0.0002953982124308492, 0.4916444642543042], [0.015584324458754443, 0.025040189391802543, 0.011978175638757641, 0.9473973105106853], [0.07025490035063794, 0.43992985110932203, 0.06831989298837508, 0.4214953555516651], [0.5905171633939268, 0.10463138154687925, 0.0019461171901546388, 0.30290533786903934], [2.1424408694867208e-05, 0.2268231631351308, 0.6317632392151339, 0.14139217324104042], [0.28068524622924135, 0.011965794852853939, 1.2338628381125062e-05, 0.7073366202895236], [0.7848478858118785, 0.02339637678324535, 0.04776573343479695, 0.14399000397007927], [0.16247804058613846, 0.6710582210936974, 0.15781803539791855, 0.00864570292224558], [0.8329990898284859, 0.007660903544281581, 0.06178728596802308, 0.0975527206592094], [0.01193651561960618, 0.9744148921204273, 0.012043651657836064, 0.0016049406021304655], [0.002540693548397663, 0.05561020781525457, 0.19085012843978844, 0.7509989701965593], [0.00435570333681606, 0.14157034755200634, 0.12220444835659283, 0.7318695007545848], [0.361587867084373, 0.4489014887408945, 0.13558606330027298, 0.05392458087445948], [0.039040869242662354, 0.6009099080625512, 0.17553784340314235, 0.18451137929164407], [0.10091059907680283, 0.018581110628792252, 0.020964557788531367, 0.8595437325058736], [0.5383602940321242, 0.05293165820132165, 0.05431777087746032, 0.3543902768890939], [0.00018570144337739364, 0.928970084660913, 0.003560249232101078, 0.06728396466360849], [0.008462551977235324, 0.39998936999733176, 0.1655304711114424, 0.42601760691399054], [0.0209531149757167, 0.8536698844627489, 0.07288841828174286, 0.05248858227979164], [0.1621470447430104, 0.7893997040325865, 0.017663969494310428, 0.030789281730092637], [0.15806315501538334, 0.4733656818633828, 0.0863830762986271, 0.2821880868226068], [0.0010080927612241487, 0.006107017053001992, 0.002182135573007712, 0.9907027546127662], [0.9452562995648551, 0.008400607765872382, 0.0318381938010993, 0.014504898868173216], [0.005630647661702785, 0.0009947917668140236, 0.0007800214213694979, 0.9925945391501136], [0.4228360693250053, 0.5297500976581746, 0.0017779350803554784, 0.045635897936464685], [0.0021432364992670402, 0.9850227555798564, 0.0027901702065293923, 0.010043837714347116], [0.2398584423630589, 0.5080683785417828, 0.0128319681531807, 0.23924121094197753], [0.27279596403240447, 0.11312540761156806, 0.024526737162963892, 0.5895518911930637], [0.028775538476361696, 0.07789806900242977, 0.8930956744454822, 0.00023071807572628663], [0.00031174536414340693, 0.2313405107497142, 0.006313343584181455, 0.762034400301961], [0.047588472857359565, 0.2958911223914551, 0.002904346162726026, 0.6536160585884593], [0.01597987311679782, 0.01415561519185714, 0.02258676031023366, 0.9472777513811114], [0.00132812910423164, 0.2877039014011527, 1.0214493900676209e-05, 0.7109577550007149], [0.8268413182647797, 0.17277654475105553, 1.3662872250868919e-05, 0.00036847411191397113], [6.578835657904715e-05, 0.8744569806726333, 0.1124281537997333, 0.013049077171054451], [0.39721980585919514, 0.09455253223360191, 1.6051786358624384e-05, 0.5082116101208444], [0.6312318173186271, 0.0035392670678642615, 0.04451545479993046, 0.32071346081357827], [0.5315764935525918, 0.0015272439058291063, 0.053281760265767586, 0.4136145022758115], [0.18328218102161273, 0.005113653879452159, 0.007019262613027765, 0.8045849024859073], [0.05156296353602626, 0.3826203901934669, 0.4172938799611876, 0.14852276630931927], [0.23332465708545297, 0.2340863029516728, 0.3561831152768586, 0.1764059246860156], [0.133277240986679, 0.03008367207489362, 0.0018206410940580448, 0.8348184458443693], [0.00970056567649203, 0.5334433926144514, 0.08134957226490144, 0.3755064694441552], [0.045608110338919386, 0.9522747223508857, 0.00015050010692498829, 0.0019666672032700237], [0.9647150345912878, 0.014694191967061798, 0.006155099950590914, 0.014435673491059387], [0.14107383246219654, 0.8155654060696971, 0.0011819209690388747, 0.04217884049906752], [0.7518346918151368, 0.015581163726088426, 0.0028581072670082557, 0.2297260371917666], [0.0015279592072581726, 0.8187507207459918, 0.11921393340818313, 0.060507386638566855], [0.04042027621163291, 0.014994526162657507, 6.244459389295019e-05, 0.9445227530318168], [0.036807548575528634, 0.19352027993119622, 0.48622271602990497, 0.2834494554633702], [0.005720869526294455, 0.208664166092671, 0.4662935831304654, 0.3193213812505692], [0.36562498696245316, 0.3308544227015201, 0.10304000565936562, 0.2004805846766611], [0.5180987746261557, 0.17309621338126924, 0.1241070435041566, 0.18469796848841838], [0.9716717764290027, 0.0028815022234474773, 0.001910932313055805, 0.023535789034494076], [0.5969288649600888, 0.3669476300338031, 0.005606780425768993, 0.03051672458033909], [0.007192318064149424, 0.24564872621194486, 0.7179761090451928, 0.02918284667871281], [0.005906793289764917, 0.6519740076215919, 0.01695126902593274, 0.3251679300627105], [0.3857940256896116, 0.12842437581869712, 0.013746243852551996, 0.47203535463913915], [0.002857625772382645, 0.942991122645804, 0.012895202670269989, 0.04125604891154337], [0.10179465064499651, 0.012065047432755922, 0.00010496779369035851, 0.8860353341285573], [0.00010191923896064208, 0.1717824142703004, 0.8210239560985302, 0.007091710392208935], [9.174936606703442e-05, 0.9857541079633536, 0.007084236003606504, 0.0070699066669728475], [0.011055855978229612, 0.6785688645801318, 0.09525351463306021, 0.21512176480857834], [0.7098913563073412, 0.0039357291052061144, 0.004236358843909877, 0.2819365557435427], [0.25233056616817334, 0.05374549029550194, 0.15831645131370248, 0.5356074922226223], [0.10350542369915336, 0.8774868612756881, 0.012794724303596194, 0.006212990721562432], [0.6068277298648815, 0.05319233080643816, 0.10099223329515111, 0.23898770603352917], [0.8630148966873812, 0.038969064414159066, 3.27433269737681e-05, 0.09798329557148608], [0.6601446997063967, 0.026957767951875152, 0.0008880396338117187, 0.31200949270791634], [0.02206016032759874, 0.9728685237668803, 0.0006726855252872918, 0.00439863038023356], [0.0012811924300219165, 0.8411364503230108, 0.11779083385619335, 0.03979152339077403], [0.9224637872636, 0.051311052249194446, 0.007381338361769614, 0.018843822125435932], [0.2489676312906733, 0.19944864493540254, 0.1401558530070144, 0.4114278707669096], [0.6600203092706224, 0.060259500731793314, 0.22912834766386883, 0.05059184233371557], [0.2555583544124249, 0.014493755122151118, 0.03787111565625768, 0.6920767748091663], [0.10611576657935412, 0.0006702493878821891, 0.028418625320412002, 0.8647953587123516], [0.0012555528501045697, 0.968176702902359, 0.013505820652873961, 0.017061923594662527], [0.507776629031649, 0.00315960745676583, 0.476750331080497, 0.012313432431088168], [0.7781125963665814, 0.20408553526798626, 0.0007632193329612121, 0.017038649032471015], [0.378404594793864, 0.6203821147482198, 0.00024491066051430106, 0.0009683797974017944], [0.03548748949780757, 0.008698755459481608, 0.003226019522199424, 0.9525877355205115], [0.0038071144585077876, 0.9942288814593936, 0.0008523859096282618, 0.0011116181724702791], [0.23439048901023063, 0.2585851922007897, 0.010960651972372825, 0.4960636668166069], [0.0010772732928066577, 0.9743970133517811, 0.020432526021073438, 0.0040931873343387215], [0.0015409453777243665, 0.9840103972878929, 0.0006946802893623372, 0.013753977045020425], [0.4731299450120845, 0.04156914251414766, 0.029281799500764902, 0.4560191129730029], [0.020606507019442475, 0.9437259468055897, 0.03455853890545777, 0.0011090072695099313], [0.5033599751823424, 0.0009747635620305896, 6.38730057462114e-05, 0.49560138824988076], [0.008264209638517513, 0.8022857383168078, 0.04421520687454868, 0.14523484517012594], [0.4654762772008741, 0.16953502035667062, 0.0017408797384531637, 0.36324782270400197], [0.060930131704950465, 0.0030369394017846995, 0.12600773411009192, 0.8100251947831728], [0.12224790263355739, 0.18014260826495312, 0.001499651623697472, 0.696109837477792], [0.0044632362836047835, 0.0005254899454298616, 0.031099060239068874, 0.9639122135318965], [0.49504966490755653, 0.2650295562377923, 0.007131180332397268, 0.23278959852225392], [0.45226546860693095, 0.10771412185177558, 0.023559370938959497, 0.4164610386023339], [0.41192301710041446, 0.5093899158668129, 0.003622912527738063, 0.07506415450503466], [0.3364774625903631, 0.1852295247414621, 0.45177168735025813, 0.026521325317916566], [0.10908909836250652, 0.8289665556044346, 0.013303943960427354, 0.04864040207263153]]}, "rewritten": {"ids": ["97106820", "97107950", "97109570", "97112290", "97113260", "97114170", "98106680", "98106880", "98107380", "98107410", "98108150", "98108410", "98108520", "98108970", "98109090", "98109230", "98109311", "98111860", "98112300", "98117740", "99105921", "99107640", "99107660", "99108010", "99108460", "99109141", "99109780", "99111000", "99111620", "99112531", "99114890", "100107920", "100108260", "100108990", "100109311", "100109890", "100110260", "100111080", "100113210", "101108621", "101108950", "101111620", "101111990", "101112540", "101112690", "102110890", "102112170", "102113210", "102117351", "103109021", "103109791", "103111540", "103111990", "103113170", "103113610", "103113640", "103120290", "104109311", "104111550", "104111620", "104112470", "104113210", "104113240", "104116980", "104117200", "105113330", "105115570", "105118740", "105121370", "106111321", "106114880", "106115240", "106116640", "106119990", "107114950", "107115140", "107116340", "107118820", "107119950", "107120010", "107120130", "107121640", "108113740", "108114200", "108114360", "108114670", "108115500", "108115570", "108115970", "108120280", "108121160", "109113591", "109114270", "109115380", "109119460", "109121351", "109121640", "110114321", "110116290", "110117080", "110117200", "110117500", "110118301", "110118880", "110120540", "110120700", "110121720", "111114171", "111116010", "111117571", "111118810", "111119930", "111120280", "111120591", "111120640", "111121410", "112116401", "112116810", "112116850", "112116880", "112116900", "112117030", "112117780", "112118421", "112118511", "112118701", "112118820", "112119930", "112120270", "112120540", "112121351", "112121360", "112121410", "112121430", "113118231", "113118690", "113119320", "113121220", "113121410", "113121680", "113121750", "113122510"], "labels": [1, 2, 0, 1, 1, 2, 1, 0, 1, 3, 0, 1, 2, 3, 1, 1, 1, 0, 2, 2, 1, 1, 3, 2, 0, 3, 2, 2, 3, 3, 2, 0, 3, 2, 1, 3, 3, 0, 0, 0, 2, 3, 2, 2, 1, 0, 3, 3, 1, 0, 3, 1, 2, 3, 2, 1, 2, 3, 1, 0, 1, 3, 2, 1, 3, 3, 0, 1, 2, 0, 0, 1, 3, 0, 3, 0, 3, 3, 3, 1, 2, 1, 3, 0, 1, 3, 3, 3, 2, 3, 2, 3, 3, 3, 1, 0, 0, 1, 2, 1, 3, 1, 1, 0, 1, 2, 3, 3, 1, 3, 0, 1, 0, 1, 0, 0, 0, 3, 0, 0, 3, 2, 0, 3, 1, 0, 0, 1, 0, 3, 0, 3, 0, 2, 3, 3, 1, 3, 0, 1, 0, 2], "predicted_labels": [1, 3, 1, 3, 3, 1, 1, 3, 3, 3, 1, 1, 3, 3, 3, 1, 3, 2, 3, 3, 2, 3, 0, 1, 3, 3, 1, 1, 1, 3, 1, 3, 3, 3, 3, 3, 1, 1, 3, 3, 1, 0, 2, 1, 3, 3, 2, 0, 3, 3, 3, 3, 1, 3, 3, 3, 2, 1, 1, 3, 3, 2, 2, 2, 3, 0, 1, 2, 1, 1, 1, 1, 3, 3, 3, 3, 3, 3, 3, 1, 1, 2, 0, 0, 2, 1, 1, 2, 3, 3, 1, 3, 3, 1, 3, 3, 1, 1, 2, 1, 0, 1, 3, 0, 1, 3, 1, 3, 1, 3, 3, 0, 3, 3, 0, 1, 3, 2, 3, 1, 3, 3, 0, 1, 3, 3, 0, 1, 1, 3, 3, 1, 3, 1, 1, 1, 1, 3, 3, 3, 3, 1], "confidence_scores": [[0.05458318066997624, 0.6155611169218007, 0.05524129960050664, 0.2746144028077164], [0.00023880821828554128, 0.00010228359004992688, 0.013527370020779396, 0.9861315381708851], [0.03739549106033952, 0.878909253970031, 0.006418943540794828, 0.07727631142883472], [0.3868482378195175, 0.197383727483691, 0.02881890551158466, 0.38694912918520674], [4.866374529499049e-06, 0.00045318969929943477, 0.0011659578795258656, 0.9983759860466451], [0.00015080793535898496, 0.588929707139835, 0.024923561919423548, 0.3859959230053824], [0.0001068454801877927, 0.884086367095687, 0.07877018813384161, 0.0370365992902834], [0.019481493659994405, 0.0006587006907108772, 0.15270779782389696, 0.8271520078253979], [0.003194983227982503, 0.09263159112439855, 0.1912135369761155, 0.7129598886715035], [0.3959373978556359, 0.03474692701863135, 0.01791391671487837, 0.5514017584108544], [0.003872888845423613, 0.7977433455460583, 0.0040435269665740625, 0.194340238641944], [0.27778567372907104, 0.4322018078605484, 0.007555061933278265, 0.28245745647710224], [0.018036019486633817, 0.09444050618244887, 0.0028814442347093404, 0.8846420300962079], [0.0004325021232358699, 0.3262701439509803, 0.296550409741209, 0.3767469441845747], [0.002510742685849776, 0.00387619159409885, 0.44145981748447793, 0.5521532482355734], [0.06467990782887335, 0.660649390126357, 0.27427202334958234, 0.0003986786951872761], [0.001602897286570085, 0.022883038395880656, 0.39867736404381326, 0.576836700273736], [0.030071754422146893, 0.13441479560814512, 0.7647912132338742, 0.07072223673583378], [0.025937168497315033, 0.0074923221940522994, 0.12462459105049806, 0.8419459182581345], [0.004736735430950967, 0.013491765613696824, 0.012411588565168802, 0.9693599103901835], [0.015093454801683392, 0.02671714064741811, 0.9293619452205031, 0.028827459330395464], [0.0001400992852581166, 0.0011210453966336972, 0.043583430410027726, 0.9551554249080805], [0.6723516320697639, 0.08306387489426248, 0.1299124383828869, 0.1146720546530867], [0.00010096235415778807, 0.8093344276180359, 0.17276622879541087, 0.017798381232395483], [1.125758622245879e-05, 0.05081093198609789, 1.3794816937592012e-05, 0.949164015610742], [0.22589192259141294, 0.20473462298968595, 0.03843795326932563, 0.5309355011495754], [0.0005753716900052573, 0.9979821343971379, 0.0013066496058878085, 0.00013584430696901388], [0.001404725180751783, 0.5326801587850111, 0.44843746520174216, 0.017477650832495], [0.02097454114673788, 0.740562277797863, 0.015638431205668678, 0.22282474984973044], [0.017252957079368313, 0.0003861174571726572, 0.0016317784134698124, 0.9807291470499891], [5.3353065848382845e-06, 0.600476404837651, 0.18018846276217118, 0.2193297970935931], [0.0018911408409638284, 0.00825107536083282, 0.001109137534933611, 0.9887486462632697], [0.0035453461959251867, 0.00791169061553154, 0.02181428711512553, 0.9667286760734178], [0.0007379661668855447, 0.1988800589036465, 0.006497670740117524, 0.7938843041893505], [0.005925228760315865, 0.0002203431291082048, 4.257584254888895e-05, 0.993811852268027], [0.022680138395548156, 0.44987134205110063, 0.05989942509154507, 0.46754909446180615], [0.3289271854312483, 0.5738873347104763, 0.03966428193165684, 0.057521197926618355], [6.397076646195316e-06, 0.9933971388193823, 0.0064610810744421794, 0.0001353830295295093], [0.16704591110660857, 0.07285059847960267, 0.0010412057062186505, 0.75906228470757], [0.024430292562135147, 0.024875202786784477, 0.0005910668811100374, 0.9501034377699704], [0.007458353700761828, 0.5894539532262257, 0.19080822090342914, 0.21227947216958343], [0.6321366668233703, 0.05940558053206788, 0.04319075426651917, 0.26526699837804263], [0.061496322426971645, 0.04691154829538931, 0.8653162294564314, 0.026275899821207812], [0.19213985859187863, 0.27127525465579966, 0.26591462375249714, 0.27067026299982466], [0.002677267365347864, 0.24410474989453057, 0.00885144798990782, 0.7443665347502137], [0.015807010963403586, 0.09362163755722483, 0.3449427200835858, 0.5456286313957859], [0.02319297514400033, 0.19374820954664732, 0.525255254003483, 0.25780356130586923], [0.8871958040952928, 0.005997496216154892, 0.06354990829503628, 0.04325679139351616], [0.03828318307543143, 0.09649049334859333, 0.003022887640525631, 0.8622034359354497], [0.017881630235773528, 0.000897868603812902, 0.000652016238575433, 0.9805684849218382], [0.05852202940684745, 0.010740932127974905, 0.22198959483400282, 0.7087474436311748], [0.004621735099605724, 0.39112108060190165, 0.05090911351105184, 0.5533480707874409], [0.015352921695568008, 0.9775638022804848, 0.006644963277298547, 0.0004383127466488679], [0.01637991149466295, 0.2070772164414092, 0.10401739078679206, 0.6725254812771359], [0.054811642958046275, 0.10569309814176713, 0.03789531678969289, 0.8015999421104938], [0.42674196583381024, 0.011750353630165253, 0.05552241366417911, 0.5059852668718453], [0.07263446928476448, 0.004313776366508412, 0.9117262401002293, 0.011325514248497646], [0.0034026586530413673, 0.7764439015946576, 0.0022743904942421444, 0.21787904925805884], [0.11525808119756036, 0.40038080441327967, 0.18072129556434946, 0.3036398188248105], [0.06866877408421136, 0.04711760034863513, 0.0011263096982430125, 0.8830873158689104], [6.507828784158019e-05, 1.810286200555329e-05, 0.001651838664703257, 0.9982649801854495], [0.11186249303472709, 0.0041931729286204785, 0.61604330518074, 0.26790102885591244], [0.004784559410551523, 0.3885578344041282, 0.5735158678566269, 0.033141738328693396], [0.00018052608996038457, 0.009010301299596134, 0.9755791058541636, 0.015230066756280039], [0.0027757074633086324, 0.4537633273229324, 0.010961158566302595, 0.5324998066474563], [0.8618084924021252, 0.01877141995619084, 0.00809367516493675, 0.11132641247674727], [0.0008817280416003392, 0.9455253176764712, 0.027355956780896546, 0.026236997501031843], [0.008456566285579207, 0.014059671604204464, 0.5902042796084241, 0.38727948250179217], [0.003414040915917421, 0.7698839183396355, 0.21795611849425447, 0.00874592225019259], [0.12269399567190123, 0.7647718077567056, 0.00322375470425465, 0.10931044186713831], [0.01932842842957485, 0.9323196328222306, 0.03818015040279782, 0.010171788345396716], [0.15125645101600496, 0.8414464061551149, 0.0013705612942493722, 0.00592658153463078], [0.07320973480722213, 0.000270295202585434, 0.0024122462160273673, 0.9241077237741652], [0.0037578397470277906, 0.09874808331379809, 0.04067893509887993, 0.8568151418402943], [0.003320004411392089, 0.0031003453453804617, 0.25964205656101363, 0.7339375936822139], [0.009138082498263159, 0.0006394983561007298, 0.04599368456331002, 0.944228734582326], [0.018963228699452307, 0.25506652628642174, 0.004773184005388522, 0.7211970610087375], [0.03762885599108889, 0.4444531838309571, 0.053252278964516744, 0.46466568121343726], [0.11314903254545727, 0.02022811672715452, 0.012351734080677242, 0.854271116646711], [0.010227947490221679, 0.7984736427808425, 0.007061432708240735, 0.18423697702069508], [0.0028116818350820724, 0.851091796472436, 0.12195795547572133, 0.024138566216760606], [0.020406410928070846, 0.02376172802335186, 0.6753218155142441, 0.2805100455343333], [0.776570162774511, 0.12548917817538202, 0.0011956927342598048, 0.09674496631584716], [0.43131074847585205, 0.14218741762989884, 0.0051539897519168295, 0.42134784414233223], [0.00024352819442682147, 0.4171801383857065, 0.5239911348584404, 0.058585198561426216], [0.002265156213689958, 0.9210599819296925, 0.036922623221684665, 0.039752238634932824], [0.001098863670015085, 0.555019736693131, 0.20452928304407705, 0.23935211659277697], [0.09244681932049917, 0.05460239380384348, 0.5870408918721912, 0.2659098950034661], [7.433826695815409e-05, 0.02293593754302644, 0.0004418162376724703, 0.976547907952343], [0.06583148807405044, 0.007824463362090008, 0.1170220985590494, 0.8093219500048102], [0.008346468585852737, 0.8401978266237762, 0.008724169946401667, 0.14273153484396936], [0.01014613438164484, 0.01569678936860258, 0.0004808771608075017, 0.9736761990889451], [0.0209870911680744, 0.42287438812939315, 0.01692740950890718, 0.5392111111936252], [0.020561932166178725, 0.5703391276826705, 0.011152309419266109, 0.3979466307318847], [0.24347422088567067, 0.10977214553382195, 0.055644268409935756, 0.5911093651705717], [0.26901234944904107, 0.021429814657390113, 0.04687144987594746, 0.6626863860176213], [0.06623376649628995, 0.4902399666412145, 0.16581724338696546, 0.27770902347553006], [0.05408562489395453, 0.8803335127665335, 0.04637664516870432, 0.0192042171708075], [0.1208659467265683, 0.002262443983754268, 0.7939176614910806, 0.08295394779859681], [0.003833834831528192, 0.7187839884995606, 0.010371937956652054, 0.26701023871225904], [0.8540342670752883, 0.017741562001172006, 0.03090587853604633, 0.09731829238749355], [0.045919150674204386, 0.7990632864692451, 0.005687635688594354, 0.149329927167956], [0.0028679065165071976, 0.42600240379269305, 0.009256308483149877, 0.56187338120765], [0.4177269840091669, 0.16913232827033378, 0.00748052665803959, 0.40566016106245956], [0.010838369851757927, 0.9521598288375726, 0.01971217854868226, 0.017289622761987356], [0.1834794142340164, 0.2858657390997118, 0.01951488691235818, 0.5111399597539136], [0.0004978004669150179, 0.466041093886736, 0.22807310121892685, 0.3053880044274221], [0.06199402635766898, 0.055676544840993804, 3.601551979311562e-06, 0.8823258272493578], [0.00039228001770384106, 0.7871072293698145, 0.20647059393126718, 0.0060298966812145005], [0.10359777923672399, 0.38808193552066167, 0.08543035290149081, 0.4228899323411235], [0.007970707295692254, 0.034173102903274764, 0.00010422230081206698, 0.9577519675002208], [0.758276687253508, 0.18752721635661954, 0.04305370323105777, 0.011142393158814646], [0.022142512975517472, 0.4229219981490625, 0.007466454323318895, 0.5474690345521012], [0.2823738776923064, 0.03714700361848106, 0.0002906632390360842, 0.6801884554501765], [0.5521104778692075, 0.39005432628456205, 0.0013242023441346086, 0.05651099350209585], [0.006241486694695826, 0.7322222986142544, 0.010303428588811787, 0.2512327861022379], [0.23467708664327017, 0.040209336275320966, 0.005223033660741223, 0.7198905434206676], [0.016218673730307127, 0.4362564416376608, 0.5138736160432081, 0.033651268588823925], [0.04404348018809522, 0.300867755991588, 0.00988440817791036, 0.6452043556424064], [0.01092984543372411, 0.9761210866699501, 0.012171373392408404, 0.0007776945039172843], [0.2861321187739308, 0.28819194036536755, 0.0007037625263285685, 0.42497217833437306], [0.09081964277097465, 0.3773375985448027, 0.019436439106460132, 0.5124063195777625], [0.7516277368608079, 0.005342621679193809, 0.00033710224891229945, 0.24269253921108586], [0.012720896461007023, 0.7334322217853043, 0.05330739597383115, 0.20053948577985745], [0.01853321753116227, 0.14537796405837458, 0.1933873532458959, 0.6427014651645673], [0.025920100751153922, 0.21764684714341134, 0.0008474047234685373, 0.7555856473819662], [0.5088472502416838, 0.3464849613995515, 0.015364931447916622, 0.12930285691084809], [0.00016818413687054703, 0.5219702614275593, 0.45278721312143205, 0.025074341314138104], [2.31906102078201e-05, 0.977487427730479, 0.011076682055852414, 0.011412699603460584], [0.03656639292261206, 0.1035847623069363, 0.025212077765158113, 0.8346367670052935], [0.45041001410718573, 0.007312534463066918, 0.002584432493326062, 0.5396930189364213], [0.009599654861548474, 0.9836316022343441, 0.00021443390825081103, 0.006554308995856701], [0.007390945448780716, 0.17190426692942157, 0.0011589865854147528, 0.8195458010363831], [0.003927038267446744, 0.8833162194150269, 0.0462953201055295, 0.06646142221199682], [0.4745612737632544, 0.4870058221760454, 0.0005381044520891827, 0.03789479960861111], [0.010500689276309445, 0.9700652018493297, 0.004327063258234946, 0.015107045616126103], [0.037768133764487836, 0.6374650027632317, 0.0001065511106618303, 0.3246603123616188], [8.004516171821285e-05, 0.022680941320695223, 0.0009495143641861778, 0.9762894991534002], [0.005598827417896454, 0.000334255795528314, 5.064878508829358e-05, 0.994016268001487], [0.029110878243745298, 0.14643501991357155, 0.05535879641708186, 0.7690953054256013], [0.008307246983769626, 0.011040057661091866, 0.0020505327316720783, 0.9786021626234663], [0.012638819491777567, 0.45636252259034626, 0.2589153558565715, 0.2720833020613046]]}}