{"test": {"ids": ["112116850", "113117630", "108115500", "103109021", "110120531", "113119450", "97105580", "113118870", "101117580", "104111780", "100108490", "102107961", "113122510", "110120190", "101111210", "99109740", "108119550", "101115190", "112116990", "98111670", "111114171", "105113210", "100111380", "105115380", "99112531", "99121440", "98112170", "101112540", "111116090", "112119950", "97105960", "103111990", "107114321", "98116500", "108121160", "104119290", "108117360", "110114651", "100111270", "111120591", "100108080", "97106600", "100117420", "98112580", "104113170", "109114651", "98107210", "107120130", "97110950", "104111380", "104111830", "106119260", "113120830", "104111531", "102113210", "110120560", "109115070", "111120531", "112118820", "103109641", "103113260", "108114670", "101119030", "110117110", "103118291", "97116500", "106113170", "107116980", "102114270", "112118550", "106118301", "109120150", "111116010", "107114280", "110116290", "110113591", "99112840", "113117550", "99108310", "110118880", "106113360", "99111930", "101108080", "103111930", "102121700", "98108370", "112120540", "108120700", "98106111", "113120280", "104111711", "97106000", "112116401", "112117210", "113121190", "111115400", "113117340", "100111080", "111115780", "112118530", "112121351", "102109010", "107121640", "112116800", "101114990", "100109330", "104116980", "99111340", "107114621", "108117610", "110116501", "109119450", "107119390", "98116090", "105113330", "107121230", "102112301", "99109370", "100108990", "109113931", "111119300", "108121410", "113122120", "106114880", "112120670", "113120540", "113121950", "108114220", "103120531", "104113000", "111115770", "112121410", "113122180", "102108621", "99117740", "113120531", "97105760", "106116441", "103120290", "102116340", "110118810", "98106680"], "labels": [0, 0, 3, 0, 0, 3, 1, 0, 3, 3, 2, 3, 2, 3, 2, 3, 1, 1, 0, 1, 3, 3, 3, 1, 3, 2, 3, 2, 3, 0, 2, 2, 0, 2, 2, 1, 1, 3, 2, 1, 0, 3, 2, 2, 3, 3, 1, 2, 3, 3, 3, 1, 3, 0, 3, 0, 0, 0, 0, 1, 3, 3, 3, 0, 0, 2, 0, 3, 3, 3, 1, 2, 1, 3, 2, 0, 2, 3, 2, 0, 0, 1, 0, 3, 1, 1, 3, 2, 0, 0, 1, 0, 0, 1, 1, 0, 2, 0, 1, 1, 0, 1, 1, 0, 3, 0, 1, 1, 0, 3, 3, 3, 2, 0, 3, 0, 1, 1, 2, 1, 1, 0, 1, 0, 2, 3, 3, 3, 3, 1, 3, 0, 2, 3, 2, 0, 0, 0, 2, 3, 1, 1], "predicted_labels": [3, 0, 1, 0, 0, 0, 1, 1, 3, 1, 2, 3, 3, 3, 3, 3, 1, 0, 2, 0, 1, 0, 3, 2, 0, 2, 3, 1, 0, 0, 0, 1, 3, 3, 3, 1, 2, 3, 0, 0, 2, 3, 3, 0, 1, 1, 3, 1, 0, 2, 3, 3, 2, 1, 1, 3, 1, 0, 1, 2, 1, 3, 3, 1, 0, 2, 1, 1, 1, 3, 0, 2, 2, 1, 0, 0, 2, 3, 1, 0, 3, 0, 3, 0, 2, 3, 1, 0, 0, 3, 1, 3, 3, 3, 0, 0, 3, 1, 0, 1, 1, 2, 1, 1, 2, 1, 3, 3, 3, 3, 1, 3, 1, 3, 1, 1, 3, 1, 0, 2, 2, 3, 3, 2, 1, 1, 1, 0, 3, 3, 3, 2, 3, 0, 0, 3, 0, 1, 0, 3, 0, 1], "confidence_scores": [[0.00024920083810980274, 0.21102690533483995, 0.0030144072183564763, 0.7857094866086938], [0.7457922529767104, 0.00030613844163125036, 0.0005992620706677878, 0.25330234651099054], [0.06347719698219723, 0.9097952941374823, 0.018641775450102573, 0.00808573343021803], [0.8801059273413383, 0.00027458381471363944, 0.011000511029698248, 0.10861897781424995], [0.9608211792473675, 0.031265759394075984, 0.0005195721303958203, 0.007393489228160636], [0.7368275062426025, 0.24372009622495816, 0.009709739890035459, 0.009742657642403915], [0.02831933875183011, 0.9633398914769399, 0.006767694627941641, 0.0015730751432882295], [0.08970975200994101, 0.8187298262595271, 0.002762283184212625, 0.08879813854631927], [0.22116135440222706, 0.0063723207088007255, 0.004669322766890512, 0.7677970021220816], [0.11641745007150149, 0.8594052655294908, 0.017445378323673776, 0.006731906075333925], [0.0470663685085068, 0.009583588655896823, 0.9414599364293779, 0.0018901064062185027], [0.030466989707816857, 7.848286011068428e-05, 0.0008574516954924022, 0.96859707573658], [0.006601499507237045, 0.07876031631223594, 0.08762835858003651, 0.8270098256004904], [5.981389866027179e-05, 0.0778725391804882, 0.0018298893837961478, 0.9202377575370555], [0.0012011738230440039, 0.007478972833964675, 0.0002720520289590363, 0.9910478013140324], [0.09707758387670347, 0.24364036780480194, 0.049202707929136266, 0.6100793403893584], [0.014415344419148666, 0.5145328811059477, 0.4685788077706946, 0.0024729667042089534], [0.5917683815661436, 0.15939166746609648, 0.13118534874775317, 0.11765460222000679], [0.011631092837646873, 0.0015364294946149744, 0.6337232604364904, 0.35310921723124766], [0.9888668217536104, 0.0010024723663026463, 0.005992227137443571, 0.00413847874264331], [0.17342464009000963, 0.681861367235106, 0.004639642852548763, 0.14007434982233544], [0.6897851724447112, 0.07639719237311884, 0.004380831213692528, 0.22943680396847746], [0.0874768491202492, 0.00127379620828726, 0.0866300668004135, 0.8246192878710501], [0.02267602581827297, 0.04537515545815631, 0.9235743112699889, 0.00837450745358168], [0.5655001884797598, 0.006280090740436968, 0.013260156803516889, 0.4149595639762864], [0.0047838637899555985, 0.11128244719873773, 0.8837553493555197, 0.0001783396557870667], [0.019755929043956306, 0.0027547153024082617, 0.01978867240999944, 0.957700683243636], [0.026371009737954216, 0.4559140459679374, 0.37030327498601034, 0.14741166930809793], [0.9086403738510102, 0.016672945656243884, 0.001691545871201262, 0.07299513462154479], [0.9930260911182772, 0.00010696748173815847, 0.0005543622171374908, 0.006312579182847144], [0.4926466969063843, 0.03855681138618605, 0.014978605423196317, 0.45381788628423336], [0.02002506190533453, 0.5207008477425858, 0.392446856997431, 0.06682723335464867], [0.16680461438263364, 0.4031677382964597, 0.0010162641289295853, 0.4290113831919771], [0.11567779524081558, 0.006102203324970408, 0.3988025924051696, 0.4794174090290444], [0.010924175265215651, 0.08802018854510095, 0.08040762825660919, 0.8206480079330742], [0.06590883424529836, 0.8485076874083414, 0.037220415281921757, 0.048363063064438404], [0.46123446855142275, 0.00947248643950013, 0.48873537416875606, 0.040557670840321094], [0.12865518688702846, 0.0073843612144355005, 0.01015817902290243, 0.8538022728756336], [0.8219575411973659, 0.09014379124236861, 0.04251664748183018, 0.045382020078435316], [0.8676533438677365, 0.01212962262690276, 0.0006550465586462665, 0.11956198694671444], [0.004211897047608545, 0.00023192428424362663, 0.8745181238680281, 0.12103805480011985], [0.14888701681382524, 0.12778547214275096, 0.0005618672537685629, 0.7227656437896552], [0.019579799156322582, 0.017562503742972448, 0.005226234750457614, 0.9576314623502472], [0.45273320222594843, 0.027169922162832188, 0.3713174036301235, 0.14877947198109578], [0.38950437252097336, 0.5089277252413729, 0.00728747219852824, 0.09428043003912552], [0.027364686200113907, 0.8638961043227191, 0.005150619515519122, 0.10358858996164776], [0.0005072997778205361, 0.03994213169862713, 0.08630232767913425, 0.8732482408444181], [5.99127377167172e-05, 0.9969970836986567, 0.0022210473090822293, 0.0007219562545444561], [0.9904381827098185, 0.0007415605771421133, 0.0029087820795381148, 0.00591147463350119], [0.27044197272641635, 0.010610547609142075, 0.6320106981726145, 0.08693678149182714], [0.005235311816379618, 0.352792075611921, 0.009342585055534822, 0.6326300275161645], [0.037523472740378844, 0.002683431806659085, 0.1901332194668977, 0.7696598759860642], [0.19458683834600862, 0.025910783594627576, 0.5561306147031346, 0.22337176335622924], [0.012210965799589437, 0.6905135666539881, 0.07295941594284071, 0.22431605160358187], [0.00023294380111150932, 0.9510575205357461, 0.00400380848708869, 0.04470572717605367], [0.0006804369910044017, 0.00034251226437566584, 0.0048535442847568696, 0.994123506459863], [0.0022899610034393444, 0.9973508220929282, 2.4444093382875046e-06, 0.00035677249429414033], [0.85820343060618, 0.017959649409048185, 0.00018995219802733044, 0.12364696778674444], [0.10498205185167898, 0.8086191683884136, 0.0003777708893516461, 0.08602100887055575], [0.01287313510226499, 0.08131439315441336, 0.8931301740681858, 0.012682297675135817], [0.01476782907748693, 0.6988239087163063, 0.006778163318672295, 0.27963009888753443], [0.050583338198860475, 0.022879852757633462, 0.00042769523412336963, 0.9261091138093827], [0.026866393522903473, 0.10994542611340177, 0.29947971084405106, 0.5637084695196437], [0.12402098972754147, 0.8255561223725295, 0.0025571264733534466, 0.0478657614265757], [0.5497246150987762, 0.3436263542222398, 0.02702398146998661, 0.07962504920899735], [0.058388189726548086, 0.3009223807858985, 0.3917199132214695, 0.24896951626608396], [0.12252448268620161, 0.8753349082264174, 0.00011747013818325709, 0.0020231389491979735], [0.07639690678401785, 0.9191703854021774, 0.00014272574125430895, 0.00428998207255054], [0.00020482931879498172, 0.527543573526116, 0.4334060510127354, 0.038845546142353554], [0.020232289322632133, 0.012426176012930196, 0.0049483708363069106, 0.9623931638281307], [0.545801186790541, 0.4307707713730909, 0.0012789008465346648, 0.022149140989833352], [0.0037875012848358268, 0.001052436523601818, 0.9940420313960907, 0.0011180307954716331], [0.0002187451353100011, 0.07810396575671794, 0.9191252921552304, 0.002551996952741611], [0.005111277788521414, 0.8485809129214338, 0.12417714061227081, 0.022130668677773857], [0.8856968604824674, 0.0158423984183012, 0.07434895724708061, 0.024111783852150938], [0.9563799267779461, 0.024718581711434203, 0.0007331327345344522, 0.018168358776085098], [0.007948313949372851, 0.0009194898046022903, 0.9474899375632793, 0.04364225868274566], [0.0007399216231568653, 0.0002084824080616196, 0.007985942891640861, 0.9910656530771406], [0.053773920846969525, 0.893018934620765, 0.05207899079405615, 0.0011281537382094244], [0.5468199531416926, 0.04708590362715434, 0.0004990779857647827, 0.40559506524538835], [0.0014675438881949386, 0.3785336375530871, 7.627968550126115e-06, 0.6199911905901678], [0.6137161558143449, 0.24620242752515042, 0.13009760115252703, 0.009983815507977776], [0.15646077235831102, 0.2485865028261682, 0.006452847333806172, 0.5884998774817146], [0.5351817212804381, 0.3709958377395495, 0.05820292179503222, 0.03561951918498013], [0.10164355587231348, 0.021332496397721792, 0.8609940188467073, 0.016029928883257386], [0.013544912895080535, 0.048799344611416315, 0.09609877456581058, 0.8415569679276925], [1.3088655825516133e-05, 0.9999685683828844, 1.292847207195956e-05, 5.414489218024887e-06], [0.9334899589393483, 0.04255135163417331, 0.01890073554596215, 0.0050579538805161466], [0.5323770696361971, 0.11591219817142158, 0.3247083855334494, 0.02700234665893186], [0.15386573918639834, 3.6024026026205265e-05, 0.00032036480324138786, 0.8457778719843341], [0.024565932596444597, 0.8753623274144483, 0.023489012538816478, 0.07658272745029047], [0.07130786563524837, 0.00749510974920773, 0.3811288910720649, 0.540068133543479], [0.03679992249581893, 0.004487419358022182, 1.728548046046016e-05, 0.9586953726656985], [0.00361621924831843, 0.23454617670822084, 0.14748408818634462, 0.6143535158571161], [0.46915064297441894, 0.19951619912754864, 0.03885223870350273, 0.2924809191945298], [0.6850553655646511, 0.09668202221138196, 0.0184823672942028, 0.19978024492976418], [0.07439500534415174, 0.22813991505077746, 0.04056197176414076, 0.6569031078409301], [0.1999373891325875, 0.5415666363423716, 0.19219505112365556, 0.06630092340138549], [0.4084159832980753, 0.2828042571573072, 0.1540946129348399, 0.15468514660977759], [0.0019838099414554275, 0.6415419571610398, 0.16491023734782756, 0.19156399554967726], [0.012057872795162364, 0.780548294526539, 0.043808363325990814, 0.16358546935230786], [0.06178591429180433, 0.27000163603933885, 0.6436219113400742, 0.024590538328782614], [0.007858109614584103, 0.9643738269644279, 0.020743948580396385, 0.0070241148405917764], [0.0009214638903040146, 0.8489656486823255, 0.00023508113982275162, 0.1498778062875477], [0.021075186989732844, 0.11183160115648179, 0.7156473022745184, 0.1514459095792669], [0.3894041420808499, 0.473557795410554, 0.052762121925536955, 0.08427594058305907], [0.00031786667447905945, 0.09488815899510863, 0.016545295219930332, 0.888248679110482], [0.0019204562568033337, 0.033600006162459777, 0.22789613392190958, 0.7365834036588272], [0.41720379718837997, 0.00014508423439394733, 1.7729728435198014e-05, 0.5826333888487909], [0.0005766550151421166, 0.05175103789861088, 0.00653960728995649, 0.9411326997962904], [0.2735478705806808, 0.5799781089895382, 0.03339708536800487, 0.11307693506177617], [0.24575962870688658, 0.012849021783362384, 0.20836541891555077, 0.5330259305942002], [0.007851870053943218, 0.9130065412094845, 0.06986064578357966, 0.009280942952992411], [0.001923775904555785, 0.13516656677943983, 0.01599414503411427, 0.8469155122818901], [0.1325214003021986, 0.49343242132501786, 0.0002567930155198749, 0.3737893853572637], [0.19624058002345648, 0.42017313913189536, 0.011686665432818487, 0.3718996154118298], [0.006614180568620738, 0.00825519726714876, 0.0009574360116088586, 0.9841731861526216], [0.00029283470542254325, 0.993886004617221, 0.003795432012245132, 0.0020257286651113207], [0.43768441280235776, 0.40128363538434053, 0.09995450584469856, 0.061077445968603], [0.2267305961671849, 0.02381078703617612, 0.38699492554170994, 0.36246369125492894], [0.029942590938280795, 0.2934555558158505, 0.634555764287224, 0.04204608895864462], [0.0019621136310093747, 0.19096601429403456, 0.0011462372649006139, 0.8059256348100555], [0.07674086392041295, 0.3111343112610791, 0.08363430675196121, 0.5284905180665468], [0.02778121322136938, 0.1351625927676426, 0.800405956594635, 0.036650237416353065], [0.008319998091098745, 0.8814142723254947, 0.0013501481967755256, 0.10891558138663097], [0.04612776351362332, 0.9099570712008891, 0.04191973613216449, 0.001995429153323004], [0.1280306510584881, 0.5201196535954843, 0.027239689900209623, 0.324610005445818], [0.8264901111746056, 0.04295726554326491, 0.0016384471843612484, 0.1289141760977684], [0.0011144233062085228, 0.3221791681314408, 0.0009409741124110631, 0.6757654344499396], [0.04964772894999763, 0.016551957705176482, 0.000531615456412025, 0.9332686978884139], [0.2808620780462311, 0.0450052809904877, 0.0010022442339310165, 0.6731303967293502], [0.21101802402711614, 0.0871673575474227, 0.6582172121053438, 0.04359740632011737], [0.0008921375374325143, 0.008397772684697642, 0.0010440879168652874, 0.9896660018610045], [0.5931354297427825, 0.2116840302374623, 0.0003053926983700093, 0.19487514732138522], [0.8603234489679266, 0.012089744399040998, 0.11891793024607054, 0.008668876386961882], [0.018867775442838686, 0.007516040008628388, 0.00037022593011174247, 0.9732459586184211], [0.6363890005547338, 0.011162491709875546, 0.006280390370275467, 0.3461681173651152], [0.03942576685111894, 0.8754046794543059, 0.0005184763995846609, 0.0846510772949907], [0.4968111596945243, 0.026598806414380102, 0.052341085499146164, 0.4242489483919496], [0.011062141696720929, 0.0035994668454288024, 0.006246742737995895, 0.9790916487198543], [0.991475642634836, 0.0081085556996448, 0.0003354894634487026, 8.03122020706646e-05], [0.040940853713862746, 0.4840875472955399, 0.4648732876100444, 0.010098311380553057]]}, "rewritten": {"ids": ["97105580", "97105760", "97105960", "97106000", "97106600", "97110950", "97116500", "98106111", "98106680", "98107210", "98108370", "98111670", "98112170", "98112580", "98116090", "98116500", "99108310", "99109370", "99109740", "99111340", "99111930", "99112531", "99112840", "99117740", "99121440", "100108080", "100108490", "100108990", "100109330", "100111080", "100111270", "100111380", "100117420", "101108080", "101111210", "101112540", "101114990", "101115190", "101117580", "101119030", "102107961", "102108621", "102109010", "102112301", "102113210", "102114270", "102116340", "102121700", "103109021", "103109641", "103111930", "103111990", "103113260", "103118291", "103120290", "103120531", "104111380", "104111531", "104111711", "104111780", "104111830", "104113000", "104113170", "104116980", "104119290", "105113210", "105113330", "105115380", "106113170", "106113360", "106114880", "106116441", "106118301", "106119260", "107114280", "107114321", "107114621", "107116980", "107119390", "107120130", "107121230", "107121640", "108114220", "108114670", "108115500", "108117360", "108117610", "108119550", "108120700", "108121160", "108121410", "109113931", "109114651", "109115070", "109119450", "109120150", "110113591", "110114651", "110116290", "110116501", "110117110", "110118810", "110118880", "110120190", "110120531", "110120560", "111114171", "111115400", "111115770", "111115780", "111116010", "111116090", "111119300", "111120531", "111120591", "112116401", "112116800", "112116850", "112116990", "112117210", "112118530", "112118550", "112118820", "112119950", "112120540", "112120670", "112121351", "112121410", "113117340", "113117550", "113117630", "113118870", "113119450", "113120280", "113120531", "113120540", "113120830", "113121190", "113121950", "113122120", "113122180", "113122510"], "labels": [1, 0, 2, 0, 3, 3, 2, 0, 1, 1, 1, 1, 3, 2, 0, 2, 2, 1, 3, 1, 1, 3, 2, 2, 2, 0, 2, 2, 0, 0, 2, 3, 2, 0, 2, 2, 3, 1, 3, 3, 3, 3, 1, 1, 3, 3, 3, 1, 0, 1, 3, 2, 3, 0, 2, 3, 3, 0, 1, 3, 3, 1, 3, 1, 1, 3, 3, 1, 0, 0, 0, 0, 1, 1, 3, 0, 0, 3, 2, 2, 0, 1, 3, 3, 3, 1, 3, 1, 2, 2, 0, 1, 3, 0, 3, 2, 0, 3, 2, 3, 0, 1, 0, 3, 0, 0, 3, 0, 3, 1, 1, 3, 1, 0, 1, 0, 0, 0, 0, 1, 1, 3, 0, 0, 3, 2, 0, 0, 2, 3, 0, 0, 3, 0, 0, 3, 3, 1, 3, 1, 2, 2], "predicted_labels": [1, 3, 3, 2, 3, 0, 1, 2, 1, 2, 3, 0, 3, 3, 3, 3, 1, 1, 2, 3, 1, 3, 2, 0, 2, 2, 2, 0, 1, 3, 2, 3, 3, 0, 3, 3, 1, 1, 3, 2, 2, 1, 0, 3, 1, 1, 2, 1, 3, 1, 2, 3, 1, 1, 0, 3, 2, 1, 1, 1, 1, 3, 0, 2, 0, 0, 1, 1, 1, 1, 1, 3, 1, 3, 1, 1, 3, 1, 1, 1, 0, 1, 0, 3, 1, 2, 1, 1, 0, 1, 3, 0, 3, 1, 3, 2, 0, 0, 0, 1, 1, 0, 0, 3, 0, 3, 1, 0, 3, 0, 2, 0, 2, 3, 0, 3, 1, 3, 3, 3, 3, 3, 1, 0, 1, 1, 1, 1, 3, 3, 0, 1, 1, 3, 0, 1, 2, 1, 1, 1, 3, 2], "confidence_scores": [[0.09982552973680553, 0.8899202184672782, 0.009689232368013764, 0.0005650194279025506], [0.15997048024809782, 0.11028757125953847, 0.04585489783049416, 0.6838870506618695], [0.061788451725247204, 0.00547701294261536, 0.0026788037130309607, 0.9300557316191065], [0.07170313854944774, 0.011634085929650317, 0.8139294227967454, 0.10273335272415651], [0.1927425355163991, 0.06931324453930163, 0.0004664844971768284, 0.7374777354471224], [0.8572991528286479, 0.004222225173553439, 0.015474344262420479, 0.1230042777353782], [0.01571348360043188, 0.78238695638465, 0.04352402108152078, 0.1583755389333975], [0.17238305777154875, 0.014134636255901811, 0.8124867725609736, 0.0009955334115759038], [0.07975379886528589, 0.8299047824212867, 0.04682965606245573, 0.04351176265097169], [0.017674542302651624, 0.41231923100972817, 0.48907236319501357, 0.08093386349260666], [0.0027246577655137805, 0.24189663614817797, 0.19784818460641704, 0.5575305214798911], [0.616041211424359, 0.06144108928927616, 0.14316116069471774, 0.1793565385916471], [0.03590456103771588, 0.007118210127175393, 0.024271892996528363, 0.9327053358385804], [0.00469751327628579, 0.10997609353446941, 0.27504113729139185, 0.610285255897853], [0.00044109275782881383, 0.33971468765633617, 0.0050022681531511435, 0.6548419514326839], [0.23827193279773778, 0.004005488597574291, 0.1099129788303377, 0.6478095997743502], [0.03195884017289767, 0.9391587470330205, 0.026166680405178937, 0.0027157323889028303], [0.00022901113271227565, 0.9981578065678918, 0.0009192802108026891, 0.0006939020885934247], [0.12953431309434843, 0.037074745810857984, 0.8002531288971073, 0.033137812197686356], [0.0016758080094947116, 0.2987535465715951, 0.2892622731803532, 0.4103083722385571], [0.348576998663595, 0.6053294857471777, 0.04320351772447725, 0.002889997864750064], [0.47243588727387353, 0.003648761140129743, 0.013869349816058677, 0.510046001769938], [0.016102719237469504, 0.029540864811645126, 0.8814649283983198, 0.07289148755256547], [0.7320414859589567, 0.019822449920376326, 0.222725898931846, 0.025410165188821086], [0.003152012624330579, 0.08591931937221779, 0.9106302678931748, 0.0002984001102766557], [0.002541640767035336, 0.023454952196304814, 0.5749595568421965, 0.39904385019446337], [0.250783473749077, 0.0003405908660148901, 0.7207689117086946, 0.028107023676213486], [0.6928211691880718, 0.28765341428477176, 0.007035069154147001, 0.012490347373009303], [0.19695314152745777, 0.7279528309780446, 0.07077556464012283, 0.004318462854374805], [0.019084356183687104, 0.2457522749623295, 0.027074579157679503, 0.708088789696304], [0.2519338742664984, 0.34450499801698264, 0.3449736579294366, 0.0585874697870823], [0.005406495322395981, 0.0012100340018807699, 0.15005092040016257, 0.8433325502755608], [0.08056994817765092, 0.027327024301299647, 0.002971153962408141, 0.8891318735586413], [0.4920698337269395, 0.44818855034825383, 0.0012331571097416467, 0.058508458815064966], [0.0011941238910438024, 0.0003956021597224751, 2.2388386922356774e-05, 0.9983878855623113], [0.08160918868863071, 0.04080942907622789, 0.27343191973150427, 0.6041494625036371], [0.0008135937997011373, 0.5327579068197611, 0.4566381684021127, 0.009790330978425023], [0.22375578257146542, 0.3634125736787109, 0.29271692123265425, 0.12011472251716937], [0.193478425375256, 0.021260495460418333, 0.019270684133644536, 0.7659903950306811], [0.01030235750479004, 0.11622449630541148, 0.8729744121777442, 0.0004987340120544436], [0.06127202680340611, 0.007460377046240279, 0.6645046234548306, 0.266762972695523], [0.020446379900008783, 0.9526023848770285, 6.344299092825738e-05, 0.026887792232034278], [0.4836465541303077, 0.1311086391350759, 0.23893438371728964, 0.1463104230173268], [0.004172284799513203, 0.00520653843199915, 0.012668832756850776, 0.9779523440116369], [0.0005476153384545428, 0.9868327636317549, 0.004365437914968689, 0.00825418311482192], [0.002608762677549134, 0.6760234584247982, 0.31504927710299285, 0.006318501794659927], [0.11435625809267616, 0.040014462551931376, 0.7015820524205116, 0.14404722693488098], [0.1703574744867186, 0.36464727116813106, 0.2887224621666161, 0.1762727921785343], [0.10932273389292343, 0.00021155299216152435, 0.01161565255118324, 0.8788500605637317], [0.012702718408031869, 0.9856972948225895, 0.0006410655628819528, 0.0009589212064964846], [0.12472759763112305, 0.03829946288323027, 0.8050676399258396, 0.03190529955980697], [0.0012964540441371603, 0.10289768096492276, 0.08769243824148826, 0.8081134267494517], [0.021924152169609884, 0.627595533334091, 0.006609737931378637, 0.3438705765649205], [0.033528247705564514, 0.5346823221071287, 0.001052991164397975, 0.43073643902290876], [0.7189624927894407, 0.021979932477851686, 0.05889128262516142, 0.20016629210754616], [0.0015765493658855755, 0.054340797710614855, 0.0016209946850532476, 0.9424616582384463], [0.3217174585736489, 0.017459345333197717, 0.6436151807398011, 0.017208015353352216], [0.013325989485431115, 0.40255031431931587, 0.3289134175871403, 0.2552102786081127], [0.0017117868396779722, 0.9956953873532398, 0.002132399167433213, 0.0004604266396488547], [0.15257850664074615, 0.7351885072644726, 0.06059065376555221, 0.05164233232922889], [0.005239396681015295, 0.9762979036836146, 0.002039329233685198, 0.016423370401684914], [0.0521153974920123, 0.008123128605523342, 0.003965080253440629, 0.9357963936490238], [0.7692341011233458, 0.21627525945472217, 0.005789238989820245, 0.00870140043211176], [0.0006954348462963134, 0.23954475354387178, 0.5231296399508447, 0.23663017165898714], [0.5592522913331656, 0.3197166868436487, 0.06991003612359842, 0.051120985699587486], [0.7221575641693615, 0.20774538066712633, 0.003821867233361576, 0.06627518793015044], [0.07452699932957854, 0.8915323449872132, 0.00011326861511624044, 0.0338273870680921], [0.0027710776179533823, 0.49477777396162387, 0.3715815831181738, 0.13086956530224889], [0.00572392129334612, 0.9912183232554189, 1.4621991818771014e-06, 0.0030562932520530636], [2.8243657379062356e-05, 0.8598287293499772, 3.211913372906852e-06, 0.14013981507927092], [0.09113001784744618, 0.524508049431243, 0.37084773640926244, 0.013514196312048478], [0.00039682812229464284, 0.011010794806007182, 0.0010854281248527183, 0.9875069489468453], [0.006021603975179255, 0.7373474367675565, 0.006547753971626009, 0.25008320528563804], [0.03103997244374402, 0.0008425603375470014, 0.12557684795254284, 0.8425406192661661], [0.0016185607034222764, 0.9517608586560253, 0.04001713816040242, 0.006603442480150072], [0.005223573467963742, 0.9777850937464503, 0.001004858439941251, 0.01598647434564468], [0.031519571147735646, 0.0005974642662293101, 0.00014368637172048408, 0.9677392782143145], [0.02717868349198293, 0.9720898925961429, 4.740421699142362e-05, 0.00068401969488272], [5.347044636256989e-05, 0.9932695428044943, 0.0064973383124710795, 0.00017964843667204756], [0.00020053180931343324, 0.9788537923985864, 0.01540508329501008, 0.005540592497090057], [0.7409955546644291, 0.1305704555470481, 0.03316987174803514, 0.0952641180404876], [0.004222045733565724, 0.9050642507012376, 0.07917730816691827, 0.011536395398278216], [0.49753102511054415, 0.019961804815325116, 0.0004680121058811517, 0.48203915796824953], [0.05017431797093881, 0.016436401751116835, 0.0031705926752288484, 0.9302186876027154], [0.018732351283814532, 0.9725121241198055, 0.0008847340890988932, 0.007870790507281272], [0.007096853703135859, 0.012747420417964972, 0.9668152992980454, 0.013340426580853751], [0.0038835316694970086, 0.76045691790289, 0.018974345705350514, 0.21668520472226244], [0.1070032285131026, 0.7187358642189743, 0.15157194373911087, 0.02268896352881233], [0.8558637569679377, 0.13601249386052855, 0.007895095731234984, 0.00022865344029855285], [0.010601956985991891, 0.5129615546472651, 0.13334959561112616, 0.3430868927556168], [0.013453866457127182, 0.15366787600962611, 0.00077498643956845, 0.8321032710936782], [0.5478543409724356, 0.07861565502363191, 0.33548485713552845, 0.038045146868404205], [0.05247395687878523, 0.4360522450822005, 0.0007565609552411438, 0.5107172370837731], [0.0028529803411125616, 0.9867809561292504, 1.4861655654625418e-05, 0.010351201873982405], [0.0013711058143063225, 0.0007774704357370514, 0.03261201889174797, 0.9652394048582087], [0.007352691171624126, 0.01101721493022786, 0.9784014432426599, 0.003228650655488135], [0.8448896001241092, 0.13808780151508235, 0.01471965659765309, 0.002302941763155296], [0.5540234528357769, 0.01411109714522742, 0.01812575157262594, 0.4137396984463697], [0.8346180511019584, 0.0026759412561781415, 0.16036643115517304, 0.0023395764866904756], [0.24188217499107514, 0.7238977684506045, 0.004229502183370413, 0.02999055437495001], [0.009586503787961451, 0.9899105118575056, 0.00011784650110446972, 0.00038513785342830033], [0.9839494517435382, 0.014974826090698893, 0.0009170969993290279, 0.00015862516643377658], [0.8597991096755482, 0.03386482783980096, 6.775409893499822e-05, 0.10626830838571584], [0.0001215401760945377, 0.3516700954033272, 0.006216752614621811, 0.6419916118059564], [0.9995057579885388, 0.00047528704743801144, 9.784378219160792e-06, 9.170585804067512e-06], [0.11546102625318952, 0.0014725629668967525, 0.1818336966843388, 0.7012327140955749], [0.0313513360246631, 0.8838438553003753, 0.0005240685072018073, 0.08428074016775977], [0.4495968180632746, 0.13660377767048493, 0.0029078845158042395, 0.41089151975043625], [0.13075122872009623, 0.32007222400899676, 0.1456386584495004, 0.4035378888214067], [0.4666673025180412, 0.19738671293182897, 0.17956268122907804, 0.15638330332105177], [5.3151978489800205e-05, 0.40192328015741274, 0.5846452480580465, 0.013378319806051], [0.4196790723356578, 0.20973716109158322, 0.014234510805048717, 0.35634925576771026], [0.021602111496882577, 0.038293488577567175, 0.9320109332668353, 0.008093466658714892], [0.4740032840592391, 0.012139524463217054, 0.00031383322908314613, 0.5135433582484606], [0.8801271953104729, 0.052961037056545306, 0.0009935411720762494, 0.06591822646090552], [0.040439405056711494, 0.23839912594591567, 0.0020140894941250488, 0.7191473795032478], [0.005866771598161562, 0.8838680528219713, 0.004735830022887177, 0.10552934555697978], [0.00011038084033978736, 0.08963137118560296, 0.0003777676268585482, 0.9098804803471987], [0.0026239163384331795, 0.006529502122314533, 0.09020940018736084, 0.9006371813518914], [0.010659917844182996, 0.3432017895577616, 0.08627446985977286, 0.5598638227382825], [0.0050365103492353794, 0.20822900788230853, 0.28985918558866497, 0.496875296179791], [0.08479460443664835, 0.00486000930591965, 0.011243607252275422, 0.8991017790051565], [0.0006501579338863959, 0.821640040831274, 0.0064240875839507005, 0.17128571365088907], [0.8768864898322973, 0.024403537354998048, 0.005657154514399084, 0.09305281829830563], [0.003486272313696021, 0.9914682397571009, 0.00033125676959184656, 0.004714231159611342], [0.01067950691395457, 0.5554297980983951, 0.00101840443395207, 0.4328722905536982], [0.018870084156206682, 0.5590231891796809, 0.18532111997777104, 0.23678560668634135], [0.0017782060500857045, 0.9956419294139456, 0.00192989912511281, 0.0006499654108561588], [0.0018975458764332203, 0.01849241389228329, 0.017055191966152582, 0.9625548482651308], [0.007809887493313644, 0.0069635934862913584, 0.1110388441354507, 0.8741876748849442], [0.6999591432005664, 0.007701373556148839, 0.013839914731093347, 0.2784995685121914], [0.003743091932441033, 0.9172585255572617, 0.0018935515547767586, 0.07710483095552068], [0.098776392971702, 0.8899866034932429, 0.0020735321545886165, 0.00916347138046658], [0.19666465382590764, 0.0003569357714195362, 0.004435939123072943, 0.7985424712795998], [0.7395196504160887, 0.0019675650367657178, 0.00258554352252759, 0.255927241024618], [0.05693776979816131, 0.9333354378336919, 0.009066992062113099, 0.0006598003060336371], [0.015766676907387627, 0.0048489451868537325, 0.8859970908675768, 0.09338728703818182], [0.4699945182097622, 0.48760460285181784, 0.04209934261281988, 0.0003015363256002081], [0.01452981622597019, 0.7835316083731304, 0.015017505545273304, 0.18692106985562618], [0.010297934415805753, 0.9860850666349712, 0.0028077547640806364, 0.0008092441851422703], [0.0019080940298716877, 0.012399809368360196, 0.0008406305377295833, 0.9848514660640385], [0.0014745676086351694, 0.002412728922782132, 0.9181797611500482, 0.07793294231853466]]}}