{"test": {"ids": ["112118860", "112116540", "97118210", "111115770", "113122190", "105116650", "102108621", "100116500", "98112300", "99117630", "105113210", "113118490", "112116900", "110120540", "113118111", "113118690", "101111310", "104111531", "113122180", "110113591", "101111990", "105115570", "100108490", "109114220", "113122120", "104114740", "109113281", "112120540", "113118231", "99109910", "104119290", "113122160", "101110740", "100111270", "98119591", "111116040", "109120540", "98110680", "105116501", "106115240", "113122220", "105120621", "105113620", "110120531", "112117030", "103117200", "101121640", "97106770", "103113270", "106113830", "109113881", "111119930", "112121360", "106114011", "105117431", "99110730", "109117150", "98112170", "110117870", "100109000", "107121700", "112119450", "99107950", "105116441", "99112531", "107117630", "112119610", "105115380", "101108121", "100111390", "112118620", "106118820", "104111990", "100108260", "106117790", "109118161", "110118740", "101111140", "97113900", "105113260", "107116980", "112118581", "102109840", "113121950", "110118161", "103111830", "107114280", "111118301", "100109311", "107120130", "110120700", "112116610", "102110890", "112120290", "107112840", "104111780", "112118880", "104113170", "109121640", "110118121", "107121230", "110114920", "112119120", "102114270", "108113760", "97105960", "101108500", "98110810", "111119340", "108120621", "110114561", "109120621", "112118511", "110118880", "99109740", "113122150", "102110750", "111114941", "100113210", "107114321", "112116810", "108113740", "102112301", "102113210", "101114020", "98111620", "101109370", "111121410", "102112170", "103120730", "97112830", "112117461", "106115250", "107113180", "108119330", "113120260", "99109780", "98106680", "109114651", "99108310", "104114410", "105112130"], "labels": [3, 1, 2, 3, 1, 1, 3, 2, 2, 3, 3, 1, 3, 1, 1, 3, 3, 0, 2, 0, 2, 0, 2, 3, 1, 2, 0, 3, 3, 2, 1, 3, 3, 2, 1, 0, 1, 2, 1, 1, 1, 1, 0, 0, 2, 0, 2, 3, 2, 1, 0, 1, 3, 1, 1, 3, 2, 3, 3, 1, 3, 3, 1, 1, 3, 0, 0, 1, 0, 2, 3, 3, 2, 3, 1, 0, 3, 2, 2, 3, 3, 1, 2, 3, 0, 3, 3, 3, 1, 2, 2, 1, 0, 1, 1, 3, 1, 3, 0, 3, 0, 3, 1, 3, 1, 2, 3, 1, 3, 1, 0, 1, 1, 0, 3, 2, 1, 0, 0, 0, 3, 3, 1, 3, 3, 3, 1, 0, 3, 1, 2, 0, 2, 3, 0, 3, 2, 1, 3, 2, 1, 1], "predicted_labels": [1, 1, 1, 1, 2, 2, 3, 1, 3, 1, 3, 3, 3, 1, 0, 1, 2, 3, 3, 3, 2, 2, 1, 3, 1, 3, 0, 3, 0, 2, 3, 2, 2, 2, 2, 0, 3, 2, 0, 0, 3, 0, 2, 3, 1, 0, 1, 1, 2, 3, 1, 0, 0, 1, 2, 3, 0, 3, 2, 0, 1, 0, 2, 1, 0, 1, 1, 2, 3, 1, 0, 3, 0, 0, 2, 1, 2, 0, 0, 1, 1, 2, 2, 3, 3, 0, 1, 1, 3, 2, 3, 3, 0, 1, 1, 1, 0, 2, 0, 3, 1, 1, 0, 1, 0, 2, 1, 2, 1, 0, 1, 2, 1, 3, 1, 0, 1, 3, 1, 1, 2, 0, 2, 1, 3, 2, 2, 0, 0, 1, 2, 0, 1, 1, 0, 2, 1, 2, 1, 0, 3, 1], "confidence_scores": [[0.002784335449230468, 0.9971725795521147, 4.89309299021668e-06, 3.819190566472846e-05], [0.41374841068704843, 0.5730471326635037, 5.258217393907701e-05, 0.013151874475508763], [0.02372973191573148, 0.9351929928813856, 0.040900391518618164, 0.0001768836842648008], [0.007982373365578702, 0.5880137576840091, 2.4338104188273265e-07, 0.40400362556937025], [0.15159913152024865, 0.06514778737586356, 0.7771699413767256, 0.006083139727162177], [0.0020504008991002014, 0.07870876635186046, 0.9182681294194257, 0.000972703329613689], [0.02543613382795136, 8.647030871021049e-05, 2.0257948709359544e-06, 0.9744753700684674], [3.074575785292821e-05, 0.9718778079016102, 0.023315894820880135, 0.004775551519656627], [0.004548665614331401, 0.003972485237629302, 0.0030256146562978423, 0.9884532344917414], [9.756825295500961e-05, 0.9998705394650446, 3.189062002413236e-05, 1.6619762360540628e-09], [0.018825663699340047, 0.005611640125263559, 5.14288540649928e-08, 0.9755626447465423], [0.08886762190791427, 0.0017789859204032162, 0.19539749528011807, 0.7139558968915646], [0.13297370060503177, 0.009232955935860784, 2.0668885758185987e-06, 0.8577912765705316], [0.01398144082988528, 0.9824301294034937, 0.0035876429144111976, 7.868522097044462e-07], [0.8434425870532165, 0.019088303648902644, 0.03226727825035562, 0.10520183104752526], [0.0008988568420522917, 0.9990733026138539, 2.8670421597520813e-07, 2.7553839877746728e-05], [0.01845244452067586, 0.06120001730427017, 0.9203369871133047, 1.0551061749349933e-05], [1.2965026252778543e-05, 2.0023969925502014e-05, 5.1805420099225104e-05, 0.9999152055837225], [4.656475405165969e-09, 2.5332826695273505e-09, 1.4245428144298035e-09, 0.9999999913856991], [8.048475431759635e-06, 0.00017239171241685677, 4.520511943437072e-12, 0.9998195598076308], [0.021685691217825438, 0.0004957127706604342, 0.9625686082474747, 0.015249987764039496], [0.0024066468217360465, 0.001631820879226585, 0.9668298118056928, 0.029131720493344736], [0.0006052125889267116, 0.9993525487711586, 7.577554717317463e-06, 3.4661085197393715e-05], [0.017619447878974615, 2.936659668778718e-05, 0.0006075183720075227, 0.9817436671523301], [3.569753898371714e-05, 0.9999640393010722, 2.1299490838783557e-07, 5.0165035828145596e-08], [0.04188522561611954, 4.762868531715149e-05, 0.0008643099829886221, 0.9572028357155746], [0.5410026742730811, 7.804561765282612e-06, 5.895170136479309e-09, 0.45898951526998333], [0.0168144790764789, 0.007013080122507159, 9.591935147335682e-08, 0.9761723448816624], [0.8150794690457526, 0.17431641295818634, 0.0001506396255834172, 0.010453478370477592], [3.5603113359243777e-08, 6.068541301921499e-10, 0.9999999625727486, 1.2172839969021073e-09], [0.0017711691238277028, 0.27858963277440857, 0.0003669974045012167, 0.7192722006972625], [0.01544900118838897, 0.34332069900688833, 0.5886248227689085, 0.052605477035814203], [3.5932426513813473e-09, 0.0006930380763769162, 0.9993066455532175, 3.127771630959285e-07], [1.0061334601868385e-11, 0.0010252524140494884, 0.9989635854945026, 1.1162081386677195e-05], [0.24428720519264482, 0.18556233751483273, 0.563442072029403, 0.006708385263119424], [0.9942631491224407, 0.00031192925277491945, 0.00037434418521189327, 0.005050577439572582], [0.0001072906347417597, 0.004814131162660761, 0.0011236898934044689, 0.9939548883091931], [6.123377348800044e-06, 4.429659571846919e-05, 0.9998098318637019, 0.0001397481632306929], [0.8891410292805175, 0.08145346579847264, 4.943523987474482e-09, 0.02940549997748579], [0.9996682940898994, 0.0002474768058073844, 8.422421794033234e-05, 4.886352884346655e-09], [1.25721646017591e-06, 0.342150850094045, 1.9469567742189107e-05, 0.6578284231217525], [0.6634307111554723, 0.14329736023758252, 3.2937364244904146e-07, 0.19327159923330278], [0.02118481857041931, 0.0004508417320850325, 0.978343181000213, 2.1158697282636998e-05], [0.002814324576334959, 0.10915379214604683, 7.273231713806459e-07, 0.8880311559544467], [0.0042061218761583604, 0.8227326007680322, 0.00039223974098758066, 0.17266903761482194], [0.9447035055992772, 0.000315048713566197, 2.3821162111011655e-05, 0.05495762452504581], [2.3047847270837177e-07, 0.8341185584990995, 0.00012064390704477577, 0.16576056711538315], [0.20753345694691444, 0.7105909908470873, 0.07965357927701601, 0.002221972928982152], [0.0006910782216401506, 1.1716798646068604e-05, 0.9992464871267327, 5.071785298086675e-05], [0.09207690350279653, 0.34480818640136107, 9.019911275715264e-08, 0.5631148198967296], [5.078561065194665e-05, 0.995341148728328, 0.004549168940495269, 5.8896720524792174e-05], [0.9999618088031978, 3.0212856185350287e-05, 4.954715765515246e-06, 3.023624851367305e-06], [0.5470857412310902, 1.842407192108004e-05, 7.873741645541683e-09, 0.4528958268232468], [1.2528594031260946e-05, 0.9999777418529214, 6.166522881467602e-08, 9.667887818574426e-06], [0.000406948455763053, 0.016831235340638333, 0.982761773003457, 4.32001414563214e-08], [0.02256502521849546, 4.224446002569298e-08, 0.01667413144483595, 0.9607608010922085], [0.7459549154207656, 0.0011104656773232773, 3.491937441201884e-05, 0.25289969952749897], [0.0033751762637727273, 0.00013656349688493362, 1.4938958295111723e-06, 0.9964867663435127], [8.354727315536051e-06, 2.500294099629053e-06, 0.9280638937858907, 0.07192525119269401], [0.8980630990117711, 0.08828056734693476, 0.008353851953960476, 0.005302481687333767], [7.869042157686631e-07, 0.8567855592882199, 0.022637755800323917, 0.12057589800724036], [0.7685341282332098, 0.0005958040349958762, 3.1474620584113943e-07, 0.2308697529855885], [6.62523397805798e-10, 0.0002819783407894416, 0.9496357662131679, 0.0500822547835191], [0.00023367732444100814, 0.9984356839512165, 3.617250797616264e-07, 0.0013302769992627134], [0.7661590426651869, 1.4500047659494691e-05, 2.14803234862411e-05, 0.23380497696366742], [2.7025252460559436e-05, 0.9659761347369654, 0.010321388159886627, 0.023675451850687465], [2.0114540054929436e-06, 0.9846152456975699, 0.015333273979321778, 4.946886910300443e-05], [3.016465182490692e-06, 0.05481019823592581, 0.9451852977475712, 1.4875513204884648e-06], [0.00014072301990534965, 0.002095386312739131, 0.10514919287241958, 0.892614697794936], [0.004539369985515407, 0.9893011033041585, 0.006128007982647108, 3.151872767898768e-05], [0.9677169293311533, 0.027207760646114187, 0.00010586340566028492, 0.004969446617072217], [0.00011083134673990213, 0.36574568424254755, 1.5411598375420361e-09, 0.6341434828695527], [0.9999769226650917, 1.7789622090809247e-05, 5.286273950818544e-06, 1.4388667605315968e-09], [0.9728684092335443, 0.008660233610732255, 0.016902845184696504, 0.0015685119710267881], [6.076728190856527e-05, 0.01550747515576882, 0.9836682924133667, 0.0007634651489560686], [0.0007364762579427105, 0.9989170815524118, 0.0002985772790982543, 4.786491054724733e-05], [0.017532562109758443, 0.00035527798659062444, 0.9303773278922328, 0.05173483201141805], [0.8251427892336254, 3.0567327321665424e-06, 0.0007410715961770421, 0.17411308243746548], [0.9936879574585802, 0.0022564306315439563, 0.00405554122525655, 7.0684619154323e-08], [0.004048854917347901, 0.9278571797217826, 0.00027933702126600556, 0.06781462833960333], [0.2811752177837651, 0.7188199022215027, 1.6513549478289773e-06, 3.2286397843682884e-06], [2.0761639030177253e-09, 5.424884047742238e-08, 0.9999999405206259, 3.1543696154981242e-09], [6.630143793265694e-06, 0.002808323285991756, 0.9971841795276931, 8.670425219187662e-07], [0.004570105018876562, 1.1628131363002266e-05, 0.044156336250011724, 0.9512619305997487], [0.06952233742234872, 0.2282850562456427, 0.0007795031432234111, 0.7014131031887851], [0.9997542882157893, 0.0001422167921681765, 4.34015937463596e-06, 9.915483266807072e-05], [0.0024136619838516014, 0.99758280742064, 1.9693442896769695e-06, 1.5612512186606396e-06], [0.2866730222821563, 0.37432582267407516, 0.020708792219166147, 0.3182923628246023], [0.0011716215376098387, 0.00026799339968590265, 5.173736824821132e-07, 0.9985598676890218], [0.03167276003965995, 0.24478044248649242, 0.7235449177161216, 1.8797577259585167e-06], [0.00018249319918224767, 8.797746833923744e-05, 3.431818647233412e-05, 0.9996952111460061], [0.3572525468514038, 0.00014265111013920718, 0.004487953971019905, 0.6381168480674372], [0.9881931071445899, 1.5298105133004666e-05, 0.01154544467925955, 0.00024615007101744615], [3.008702696211244e-05, 0.9989056978095561, 0.001064214326911454, 8.365703706205226e-10], [0.00015275543326942318, 0.9997721548349007, 7.260178833093901e-05, 2.4879434988457984e-06], [3.3541264009936466e-06, 0.9999954830641327, 9.421779682629914e-07, 2.2063149810802854e-07], [0.9624478634505408, 0.007264814242849426, 0.016849550806747538, 0.013437771499862148], [0.0008125613150700655, 0.10053386391262104, 0.898617491517036, 3.608325527280849e-05], [0.9988397682110091, 0.0004672937624717849, 7.877612217559215e-06, 0.0006850604143017579], [1.2471963109910506e-05, 0.0029132270498685962, 1.0655865757989167e-06, 0.9970732354004456], [9.877414525988698e-06, 0.9998692313457426, 9.542700154137328e-10, 0.00012089028546137267], [0.031766886891780054, 0.9619552703414469, 0.006244854904209984, 3.298786256301277e-05], [0.9895336458791631, 1.4868003447802959e-05, 0.000579796891290414, 0.009871689226098518], [8.842799538057848e-05, 0.9999092686010479, 2.2693361118174773e-06, 3.4067459731621466e-08], [0.9835335291758694, 0.011129279996198045, 0.0001532258610657749, 0.005183964966866832], [1.2204999349274727e-06, 1.164532051869353e-05, 0.5871409417730458, 0.41284619240650056], [7.051536631324035e-05, 0.9994559808677691, 1.4305318386940228e-05, 0.0004591984475307266], [5.933478195119752e-07, 0.41933452526379505, 0.5806634057216588, 1.4756667267295951e-06], [0.0028767879806966957, 0.9771569302877847, 0.01243635005294617, 0.007529931678572514], [0.6935768910096627, 0.002970952175620589, 0.2581189986760148, 0.04533315813870197], [1.874416666211711e-06, 0.9968166584624042, 0.0031814595001990673, 7.620730372163494e-09], [0.23361667635176053, 0.013893501686725804, 0.5833958131375564, 0.16909400882395734], [0.053693802759299414, 0.9358936275589684, 9.349255558453269e-05, 0.010319077126147581], [0.06249646371956653, 0.047788536474028115, 4.1236333518824915e-07, 0.8897145874430702], [0.0001716800678607313, 0.7245232465565754, 0.0008846772709458538, 0.274420396104618], [0.9830726641793477, 0.0062685713676281845, 0.010316874432238684, 0.0003418900207854334], [0.005866084990054941, 0.9866148676765298, 0.007519043257518163, 4.075897115077262e-09], [0.036368536110631865, 0.00012167947479461118, 5.718636495683728e-06, 0.9635040657780779], [0.2201102166483155, 0.7759416689693704, 0.0015050606188638346, 0.0024430537634501006], [0.0013194459358713288, 0.9972653015423733, 0.001321421766405704, 9.383075534971131e-05], [0.033342524665590526, 0.08202488236023305, 0.8576952528620557, 0.026937340112120796], [0.8495151947849772, 0.13715378096702813, 0.002040934409068236, 0.011290089838926499], [0.001071660013297409, 0.0003165327381914814, 0.9733100075159538, 0.02530179973255749], [0.023152421466393534, 0.9714445660969179, 0.0051370937174326425, 0.00026591871925594395], [0.008697368844597559, 0.00039009679480863957, 0.010946035061956511, 0.9799664992986372], [0.00019441453110891494, 9.90932339915518e-05, 0.9996424569835476, 6.403525135183876e-05], [0.0010979219469522917, 0.1768969832867813, 0.8216757294069559, 0.0003293653593106164], [0.9433571114454143, 0.0498337239156205, 0.0001495894918591346, 0.006659575147106128], [0.6973451806986112, 0.09483040488332141, 0.012389195200655635, 0.19543521921741167], [0.11419688672735759, 0.8857715887510361, 2.5941921738416327e-05, 5.58259986780519e-06], [0.0003081863535097234, 0.030827885941224376, 0.9687055336728808, 0.00015839403238521025], [0.9963162125656615, 0.0001912724190053279, 0.0005753756002490667, 0.0029171394150840947], [8.129988547912939e-06, 0.924445642894222, 0.07533789735862055, 0.00020832975860955106], [0.016381032117293266, 0.9835060772165877, 9.094431362116806e-05, 2.194635249784931e-05], [0.9457485160770203, 0.03893742991934328, 4.651147864275755e-05, 0.015267542524993521], [0.03456341124079488, 0.26126223077816235, 0.59033516154748, 0.11383919643356286], [0.02609245802389158, 0.9291149940460691, 0.028753683452847567, 0.016038864477191703], [2.114943504356734e-06, 0.3954141664769637, 0.604577633510448, 6.085069083987482e-06], [0.4917740739019213, 0.5081555355033552, 7.459776507369006e-06, 6.293081821603627e-05], [0.9690018484816897, 1.0304468157705357e-06, 1.781885166891219e-06, 0.030995339186327703], [0.0016526876040633257, 0.00036424730454162553, 0.04311695757289861, 0.9548661075184963], [0.023092622880161142, 0.9703148948847021, 0.0065918100246212955, 6.722105154602931e-07]]}, "rewritten": {"ids": ["97105960", "97106770", "97112830", "97113900", "97118210", "98106680", "98110680", "98110810", "98111620", "98112170", "98112300", "98119591", "99107950", "99108310", "99109740", "99109780", "99109910", "99110730", "99112531", "99117630", "100108260", "100108490", "100109000", "100109311", "100111270", "100111390", "100113210", "100116500", "101108121", "101108500", "101109370", "101110740", "101111140", "101111310", "101111990", "101114020", "101121640", "102108621", "102109840", "102110750", "102110890", "102112170", "102112301", "102113210", "102114270", "103111830", "103113270", "103117200", "103120730", "104111531", "104111780", "104111990", "104113170", "104114410", "104114740", "104119290", "105112130", "105113210", "105113260", "105113620", "105115380", "105115570", "105116441", "105116501", "105116650", "105117431", "105120621", "106113830", "106114011", "106115240", "106115250", "106117790", "106118820", "107112840", "107113180", "107114280", "107114321", "107116980", "107117630", "107120130", "107121230", "107121700", "108113740", "108113760", "108119330", "108120621", "109113281", "109113881", "109114220", "109114651", "109117150", "109118161", "109120540", "109120621", "109121640", "110113591", "110114561", "110114920", "110117870", "110118121", "110118161", "110118740", "110118880", "110120531", "110120540", "110120700", "111114941", "111115770", "111116040", "111118301", "111119340", "111119930", "111121410", "112116540", "112116610", "112116810", "112116900", "112117030", "112117461", "112118511", "112118581", "112118620", "112118860", "112118880", "112119120", "112119450", "112119610", "112120290", "112120540", "112121360", "113118111", "113118231", "113118490", "113118690", "113120260", "113121950", "113122120", "113122150", "113122160", "113122180", "113122190", "113122220"], "labels": [2, 3, 2, 2, 2, 1, 2, 1, 3, 3, 2, 1, 1, 2, 3, 2, 2, 3, 3, 3, 3, 2, 1, 1, 2, 2, 0, 2, 0, 3, 1, 3, 2, 3, 2, 3, 2, 3, 2, 1, 0, 3, 1, 3, 3, 3, 2, 0, 1, 0, 3, 2, 3, 1, 2, 1, 1, 3, 3, 0, 1, 0, 1, 1, 1, 1, 1, 1, 1, 1, 2, 1, 3, 1, 3, 3, 0, 3, 0, 2, 0, 3, 3, 1, 0, 1, 0, 0, 3, 3, 2, 0, 1, 1, 0, 0, 0, 3, 3, 3, 0, 3, 0, 0, 1, 2, 0, 3, 0, 3, 3, 1, 0, 1, 1, 3, 3, 2, 0, 1, 1, 3, 3, 1, 1, 3, 0, 1, 3, 3, 1, 3, 1, 3, 3, 3, 1, 2, 3, 2, 1, 1], "predicted_labels": [2, 0, 2, 0, 2, 2, 2, 1, 2, 3, 3, 1, 2, 0, 3, 1, 2, 3, 3, 1, 0, 1, 1, 3, 2, 3, 0, 2, 3, 1, 2, 2, 0, 2, 0, 3, 1, 3, 2, 1, 0, 0, 2, 1, 1, 0, 2, 3, 1, 3, 1, 0, 2, 3, 3, 1, 1, 3, 3, 0, 2, 2, 3, 0, 2, 2, 0, 3, 1, 0, 1, 2, 1, 1, 1, 1, 1, 1, 1, 1, 1, 1, 0, 0, 0, 0, 3, 1, 3, 1, 0, 0, 1, 3, 0, 3, 1, 1, 2, 3, 1, 2, 1, 1, 1, 3, 3, 0, 0, 3, 1, 0, 0, 0, 3, 2, 1, 0, 0, 1, 2, 3, 3, 0, 0, 3, 1, 1, 3, 3, 1, 0, 2, 1, 1, 2, 1, 0, 1, 3, 2, 1], "confidence_scores": [[1.2913510772857708e-05, 8.86599485594264e-06, 0.7548070791011549, 0.24517114139321636], [0.6326505519156137, 0.27620009179603244, 0.0891409335095635, 0.0020084227787905496], [5.665875044781689e-06, 0.003075678673561056, 0.9968965370415448, 2.2118409849304506e-05], [0.8730408131974118, 0.12365435704692956, 0.0033031234316632362, 1.7063239955620536e-06], [0.032352860974706396, 0.4182492751178842, 0.5483718745228108, 0.0010259893845987903], [4.285038942417637e-07, 0.17662848776763732, 0.6819936959489475, 0.14137738777952083], [3.741362283458085e-07, 0.0003048275802505651, 0.9996434358862388, 5.136239728230693e-05], [3.983059929929251e-06, 0.9988429012081055, 0.0011530277293465036, 8.800261828738891e-08], [4.6138511281901085e-05, 3.744974602674299e-06, 0.9998791582037275, 7.095831038807163e-05], [0.005559129372326624, 0.0001564617102082022, 6.265378207209784e-07, 0.9942837823796444], [0.04414493152842094, 0.002933550533235821, 2.1359666650016607e-06, 0.9529193819716782], [0.018004100503086123, 0.6136298989218291, 0.2852065876430594, 0.08315941293202536], [2.3036377136256487e-10, 0.0008322251000242066, 0.9953922059813656, 0.0037755686882463436], [0.9981494022011104, 5.94858223488215e-10, 1.802788689774355e-08, 0.0018505791761445028], [0.0001772929363819898, 0.003279869331439676, 4.663271032705359e-05, 0.9964962050218512], [1.0192833508884754e-05, 0.9990358947654107, 0.0001526270013734656, 0.0008012853997069929], [2.478731199680885e-09, 1.1698390823933621e-09, 0.9999999962752544, 7.617518866428619e-11], [0.002460544998698292, 5.2617839770180166e-08, 0.31492059882808604, 0.682618803555376], [0.0035458654770222854, 1.8983515764382737e-06, 2.3906798794215812e-06, 0.9964498454915218], [0.00039222714242174945, 0.9995787578485186, 2.9007388491700352e-05, 7.62056783369054e-09], [0.9877633767591422, 0.005076910068987374, 0.0012981668124502216, 0.005861546359420205], [0.0003946263978511488, 0.9995848687916937, 5.075239578547376e-06, 1.5429570876699507e-05], [0.2321173499663848, 0.7271570389341877, 0.036394450670589704, 0.004331160428837818], [0.014787304300435872, 0.0025244878766465173, 1.9563949242138603e-05, 0.9826686438736755], [6.180053634804219e-09, 0.058575961445048244, 0.9412622283314832, 0.000161804043414942], [0.00045491749937278715, 0.12565327247694155, 0.05421155654208449, 0.8196802534816011], [0.9746100315719805, 0.01480242649134624, 0.0015476938332790247, 0.009039848103394412], [0.0003920842337370089, 0.0165620629500873, 0.9778099135470231, 0.005235939269152719], [0.00033659036955725085, 0.0007436777463083889, 0.010866639915422669, 0.9880530919687117], [6.216477824640148e-05, 0.9984093816309743, 9.091974730596564e-07, 0.0015275443933062296], [0.0002629915423333414, 0.15132361650961346, 0.8471161608095108, 0.0012972311385423504], [9.122911262153687e-10, 3.1412416439904143e-05, 0.9999685154893069, 7.118196196270512e-08], [0.7686793037497205, 4.306737921605302e-06, 1.7603387243809983e-05, 0.23129878612511398], [0.028618476356928296, 0.01052810334770888, 0.9608500445028549, 3.37579250800921e-06], [0.6218709001082747, 0.04540754736999687, 0.05763563870725425, 0.27508591381447417], [0.18817152084972172, 0.0008187473522429223, 0.0014048825122007823, 0.8096048492858346], [1.334054233221112e-07, 0.9814517675306171, 0.00011788056824333462, 0.01843021849571607], [1.1993917420561285e-09, 0.0001320036760325348, 9.62257043066388e-07, 0.9998670328675326], [7.922912354663642e-06, 0.0056667550721663405, 0.9943237977473764, 1.5242681025651396e-06], [0.006973306624711167, 0.897458159699499, 0.09556834748699977, 1.8618879005620276e-07], [0.9990170096341185, 2.9184481759554246e-06, 0.0009334676807874315, 4.660423691815577e-05], [0.4841883261318998, 0.48342326957324366, 0.009031524059439279, 0.023356880235417387], [0.0003097861465263206, 0.0029374203067515, 0.8627695230435937, 0.13398327050312847], [0.0004726758142872361, 0.9543413343926591, 0.044588016712478154, 0.0005979730805755379], [0.00012036530547442254, 0.9998732546002801, 6.343580499549094e-06, 3.651374584642383e-08], [0.9998953236005844, 7.655900497196472e-05, 1.565632031222164e-05, 1.2461074131400439e-05], [0.0006436570407610275, 2.3643156906413996e-05, 0.9954198325110816, 0.003912867291251058], [0.12167588258734448, 0.00010219685140283152, 1.9382052444325775e-06, 0.8782199823560083], [0.011504763233898384, 0.9884763658173751, 4.382517549561676e-06, 1.4488431177008446e-05], [5.49927185551396e-06, 1.8505863771674886e-05, 7.333510994420153e-05, 0.9999026597544286], [5.3552327397815896e-08, 0.999953266272183, 2.26043901212301e-08, 4.665757109966321e-05], [0.7127644540959053, 0.00010998036190428673, 0.2811838177773835, 0.0059417477648069615], [0.04591824628438, 0.06584840852640635, 0.8882316527834548, 1.6924057586243323e-06], [0.00026226250137621765, 1.0578190490635424e-05, 0.003721974344152417, 0.9960051849639808], [0.003418731655542963, 2.430514673288729e-06, 0.0008026401723350804, 0.9957761976574486], [0.002463408883268237, 0.5243004049383063, 0.0002164387848631954, 0.47301974739356234], [0.013374695193885892, 0.9864507163371976, 0.00011768345170167311, 5.690501721480635e-05], [0.06555775682465043, 0.029484543508400633, 3.3522599517364874e-07, 0.9049573644409536], [4.3800623874034655e-08, 0.013745894333689963, 6.1066090279802e-05, 0.9861929957754063], [0.9355209486540392, 0.06348748565903703, 0.0008869160403988236, 0.00010464964652475906], [2.8968338125444593e-05, 0.04118635076850131, 0.9587838088831729, 8.720102003176462e-07], [5.261341148860167e-05, 0.0020877274405708426, 0.9966931819095689, 0.0011664772383717617], [0.00437499233817516, 0.1013953197832987, 9.361007094142783e-08, 0.8942295942684552], [0.6853746444710774, 0.11918225717838174, 1.2535426345246137e-08, 0.19544308581511466], [0.04479637475402889, 0.050934578262824014, 0.90060136910659, 0.0036676778765570676], [0.00010894425365486006, 0.007854866409414508, 0.9920356951981042, 4.941388264852353e-07], [0.41118667778960033, 0.4066203285989138, 1.0270718951262648e-06, 0.1821919665395908], [0.013700020816195976, 0.18711680958944543, 2.777913521940771e-06, 0.7991803916808365], [1.0555626752021411e-05, 0.9999872066659861, 1.6830568664550295e-08, 2.220876693482799e-06], [0.9998077897444364, 4.187288630266812e-05, 0.00015033136812159906, 6.00113947517658e-09], [8.120321504812067e-06, 0.5072418548653574, 0.48429285891078977, 0.008457165902347977], [0.00021750085035903197, 0.22120614875197828, 0.778529968171327, 4.6382226335543194e-05], [0.0009710378566072421, 0.9253168275600081, 7.0745946376020295e-09, 0.07371212750878996], [0.05211407434235877, 0.9448592776525696, 0.0030182349591881858, 8.413045883399836e-06], [2.5489111119652402e-06, 0.9999940920112973, 1.3818995464569803e-06, 1.9771780442756002e-06], [0.00826224053538212, 0.9912580150860332, 5.2895612882131894e-05, 0.00042684876570259683], [0.011419529098122244, 0.9839547153167133, 0.003982804777126566, 0.0006429508080378511], [0.13946340560253542, 0.8605327651971971, 4.76676505472137e-08, 3.7815326166974667e-06], [4.0942641036948636e-05, 0.8822496546291527, 0.07914510888234344, 0.03856429384746691], [0.011199360018889203, 0.8220473233369837, 0.16673826084633697, 1.5055797790108995e-05], [0.012726151532477036, 0.5380095969898463, 8.166182133371359e-10, 0.4492642506610584], [3.2808775825867464e-08, 0.9775527943635598, 0.003844696085775266, 0.01860247674188897], [0.6781682263751155, 0.30760793654439567, 0.0004809991966983712, 0.013742837883790503], [0.978949087704183, 0.002513105913040403, 0.00015572795348197833, 0.0183820784292948], [0.9906276892819084, 0.004881054852418943, 0.00020090296728639457, 0.004290352898386358], [0.9466976231303127, 2.846334851363096e-05, 0.053151558757991345, 0.0001223547631823881], [0.3352620634331784, 0.0015664539326809043, 1.9419009461495856e-08, 0.6631714632151312], [3.858047419638616e-07, 0.9985316240707424, 0.0014672395411792628, 7.505833365122241e-07], [0.0026788985308118744, 1.686662103208285e-06, 3.603332019225106e-05, 0.9972833814868927], [0.19531630610029135, 0.8046738054978333, 8.324897269263652e-07, 9.055912148595505e-06], [0.5361195053056648, 0.01223890249171011, 4.998467886225379e-05, 0.4515916075237628], [0.9974228302930456, 1.0570968160344426e-06, 0.00257180571372708, 4.3068964114406604e-06], [0.08490214274083, 0.7406210780746951, 0.0006042657652947072, 0.1738725134191802], [0.2834092326165926, 7.217607752090659e-05, 2.456572874585166e-05, 0.7164940255771406], [0.9992346791039799, 2.785187404363854e-07, 3.14528771162436e-07, 0.000764727848508526], [1.1824017015381215e-06, 2.9567310223717683e-05, 2.4647541749660726e-13, 0.9999692502878281], [1.3323794707108093e-05, 0.9932558848203491, 0.0067300834978523206, 7.078870915238806e-07], [0.007818653737172266, 0.9919760396101133, 0.0001770888160774172, 2.8217836636884467e-05], [4.5274391171673e-05, 1.555140067289538e-05, 0.998410275349888, 0.0015288988582673963], [6.006986764760523e-07, 2.785380753390486e-05, 6.500929560203318e-08, 0.999971480484494], [0.3154367494789031, 0.6791004288026654, 5.457574805365696e-05, 0.005408245970377969], [0.038429965817570834, 8.560884003364167e-05, 0.9601696452353574, 0.0013147801070382459], [0.01679353214713451, 0.8922485713218639, 1.2535715019339731e-05, 0.09094536081598215], [0.0271582788515732, 0.5346558636775282, 1.906502977864862e-06, 0.4381839509679209], [0.010495906391261757, 0.867531036120293, 0.12197156600024484, 1.4914882004365153e-06], [0.0022643843845661796, 0.012520903746665459, 0.001728025982635649, 0.9834866858861327], [0.26102603629480264, 2.845179744878153e-05, 7.289782294678834e-06, 0.7389382221254539], [0.7512993669500052, 0.170450483945288, 3.7480186101916107e-07, 0.0782497743028458], [0.9327885924611646, 0.0006563534568472205, 0.002315297119317178, 0.06423975696267084], [0.04322015429316177, 0.3822184439022195, 0.03257176584726286, 0.5419896359573559], [0.03215348248368376, 0.8546639574119249, 0.09200772821255015, 0.021174831891841106], [0.9992556816822575, 0.00033970284008642284, 2.093461238447549e-05, 0.00038368086527153965], [0.8149403177287906, 0.18271344131238676, 0.00018656940819703226, 0.0021596715506257093], [0.5624395046621729, 0.12388833338770257, 0.00015018596083762493, 0.31352197598928705], [0.004393104831105898, 0.0039001125777075344, 0.012415212732034723, 0.9792915698591519], [0.04559423474329598, 0.14559168727425398, 0.8008201227626899, 0.007993955219760233], [6.0727028634443046e-05, 0.8930188954539876, 3.740946792605968e-06, 0.10691663657058521], [0.43331730714918015, 0.26268945221937967, 0.001961881169743317, 0.30203135946169685], [0.9999685118980035, 1.7313975248721598e-05, 1.8308046347904676e-06, 1.234332211300278e-05], [0.010169528071674412, 0.9894028882168703, 6.948123609768874e-05, 0.0003581024753575383], [1.6906721464876495e-07, 3.7288208133032066e-08, 0.9999820812096015, 1.771243497583901e-05], [0.1365740803243203, 0.06978149610358247, 0.002975658958174165, 0.7906687646139231], [8.188226053518067e-05, 0.007958594010290452, 7.21925928618124e-06, 0.9919523044698881], [0.9871225228391131, 0.00039443061608048006, 0.009145607732998542, 0.003337438811808003], [0.6587204806095953, 0.0006862493791604357, 0.00018499053514168043, 0.34040827947610275], [0.07072238837711642, 0.013959700675819016, 7.444241146877902e-06, 0.9153104667059176], [2.4594378667520808e-08, 0.9999372253891894, 6.240932354141289e-05, 3.406928906221047e-07], [5.405322198073113e-06, 0.9964056657270912, 0.0035889289088231434, 4.188758279167396e-11], [0.046028740164083655, 0.014341538024393544, 7.415498284295782e-07, 0.9396289802616944], [0.252945327722369, 9.476471673220005e-05, 2.078571427883652e-08, 0.7469598867751844], [0.37638864924144944, 0.6123140136106541, 0.0004032544989341676, 0.010894082648962345], [0.6513194646148835, 0.345075107768236, 0.002765192057156986, 0.0008402355597234851], [0.03275028296696116, 0.004758534145962679, 0.6426916373976044, 0.3197995454894718], [1.4897400234380961e-05, 0.9999459580747614, 8.7555761998538e-08, 3.905696924210252e-05], [1.9408215351648085e-06, 0.9804283454906092, 0.005073601432299453, 0.014496112255556125], [0.023407429097410323, 3.474982468414836e-05, 0.6459096605970083, 0.33064816048089724], [1.5076713124825746e-05, 0.9999811468152713, 3.1090122854830703e-06, 6.674593181985788e-07], [0.7371916521592371, 0.01340081215412816, 0.24933354379304726, 7.39918935874228e-05], [0.0011017902724580338, 0.9963957870931772, 0.001928476589342127, 0.0005739460450225444], [2.788739870745268e-08, 1.5338040225526206e-06, 1.678687215489533e-08, 0.9999984215217066], [0.0023621762154662305, 0.0015561127210735443, 0.9912349016801721, 0.004846809383287903], [9.036715857416099e-07, 0.9994776730421727, 2.634330647601064e-08, 0.0005213969429350887]]}}