{"test": {"ids": ["106116850", "113122160", "105111990", "105112130", "99117630", "99107300", "110115580", "113118820", "100108490", "105118171", "107112850", "105120280", "101108950", "108119550", "98108370", "110118161", "108120621", "111121930", "103113640", "97105760", "112118880", "111114171", "111121220", "109113281", "107113130", "110117870", "99107560", "112118550", "99109141", "106113260", "100108990", "110118121", "101111990", "99107640", "104114320", "97107821", "109117730", "106116370", "111120220", "106118820", "105121190", "105110251", "102116340", "104111990", "100117420", "101110200", "111119930", "102109840", "112116610", "104116800", "113120640", "98106880", "108118520", "103110050", "108114670", "101108621", "111121410", "112117471", "113118231", "111114121", "100108080", "112120670", "97112290", "107116980", "107121640", "106113170", "105115380", "109115220", "105110091", "105119550", "113119950", "105118740", "112121010", "107118820", "100108260", "103113270", "102109910", "99112641", "104113000", "111116750", "104111830", "99108310", "113122120", "103111990", "110118880", "103111540", "102109010", "110118111", "106114280", "111116530", "103120290", "99117740", "101108370", "101109370", "113121810", "103118110", "109120150", "103110220", "98110810", "113117401", "98109570", "112116501", "111116100", "111121190", "110118740", "113122180", "99111620", "109116810", "99113260", "98108150", "111120540", "104114740", "108117610", "100109360", "104111550", "111115400", "106121220", "106114150", "103117200", "107113180", "106120290", "108121160", "113122430", "99110730", "101108080", "107116340", "108118301", "107114110", "113120531", "108114200", "108120280", "113117550", "109113591", "112117780", "111118910", "113121190", "101108460", "110117200", "110121170", "109115070", "112119930", "112116990"], "labels": [3, 3, 2, 1, 3, 3, 1, 0, 2, 3, 1, 3, 2, 1, 1, 0, 1, 1, 1, 0, 1, 3, 3, 0, 1, 3, 1, 3, 3, 3, 2, 3, 2, 1, 2, 2, 3, 2, 3, 3, 2, 0, 3, 2, 2, 2, 1, 2, 1, 1, 0, 0, 0, 3, 3, 0, 0, 3, 3, 0, 0, 2, 1, 3, 1, 0, 1, 3, 0, 1, 0, 1, 2, 3, 3, 2, 2, 1, 1, 3, 3, 2, 1, 2, 0, 1, 1, 1, 3, 3, 2, 2, 1, 1, 2, 2, 2, 2, 1, 3, 1, 3, 3, 1, 3, 2, 3, 3, 0, 0, 1, 2, 3, 0, 1, 0, 1, 1, 0, 3, 2, 2, 2, 3, 0, 3, 1, 1, 0, 0, 3, 3, 3, 0, 0, 1, 0, 3, 2, 0, 1, 0], "predicted_labels": [1, 1, 1, 1, 3, 3, 3, 0, 3, 1, 1, 1, 1, 3, 1, 1, 0, 3, 0, 1, 3, 3, 1, 0, 1, 1, 1, 3, 0, 1, 1, 1, 1, 3, 0, 0, 0, 3, 1, 1, 1, 3, 1, 3, 1, 1, 3, 3, 3, 1, 0, 0, 0, 1, 3, 1, 3, 1, 1, 3, 1, 1, 1, 1, 1, 3, 1, 3, 1, 1, 0, 1, 3, 1, 1, 3, 3, 1, 1, 3, 3, 3, 1, 3, 0, 3, 3, 1, 3, 3, 1, 0, 3, 0, 1, 1, 3, 1, 1, 1, 3, 1, 1, 0, 0, 1, 1, 1, 1, 1, 3, 1, 3, 3, 3, 1, 1, 3, 1, 1, 1, 3, 1, 1, 1, 1, 0, 0, 3, 3, 0, 3, 1, 1, 3, 3, 1, 1, 1, 1, 1, 1], "confidence_scores": [[0.2626383150520444, 0.29843932492214303, 0.17909037280507129, 0.2598319872207414], [0.20252757457217513, 0.29407302294408744, 0.20993967924539234, 0.2934597232383456], [0.23686649982092758, 0.3111917267319082, 0.18175543019389767, 0.27018634325326674], [0.235041081366844, 0.28669786684372534, 0.22889030815638653, 0.24937074363304446], [0.25329926721426926, 0.24535362487040505, 0.19244335193063786, 0.30890375598468794], [0.27486594306844964, 0.23251320640985856, 0.19672417791269792, 0.2958966726089941], [0.23724750023719857, 0.27712972082498855, 0.19554432592849721, 0.290078453009316], [0.2884986181284035, 0.2882550335550695, 0.14513804353511103, 0.2781083047814165], [0.26363460136484757, 0.27175239552130404, 0.1925134959643134, 0.2720995071495355], [0.25419713404429745, 0.3119283152982042, 0.16344199688603708, 0.2704325537714617], [0.20779712826407623, 0.27119504394500943, 0.26229658657155647, 0.2587112412193581], [0.2623136873937725, 0.28940234318508556, 0.19237016812839153, 0.25591380129275065], [0.23105005558113578, 0.3197161811199546, 0.16221200536924382, 0.2870217579296661], [0.24708637142859394, 0.24662851811712294, 0.2217473206123189, 0.2845377898419644], [0.23749823986059207, 0.3016234005776083, 0.17233847413009792, 0.28853988543170217], [0.25700079359833333, 0.3360938198386239, 0.1537923941894925, 0.2531129923735504], [0.31758682387244036, 0.2328612065201481, 0.1709070624009304, 0.27864490720648155], [0.2662374618230954, 0.24991756504264656, 0.179673283029496, 0.30417169010476225], [0.34808956398356855, 0.22641599643552693, 0.1552526753103629, 0.27024176427054214], [0.26411855832208936, 0.29963386931089253, 0.1622632706771676, 0.2739843016898508], [0.24037104195412284, 0.2721869138271247, 0.1865898646278868, 0.300852179590866], [0.24665125738435997, 0.24856513958461615, 0.1634112009640021, 0.34137240206702174], [0.276462832470015, 0.306576226160477, 0.15437934774065035, 0.262581593628858], [0.3047775524518362, 0.28322674606650106, 0.15949702290924786, 0.25249867857241515], [0.23687342361608496, 0.3028265556447262, 0.24306677456817646, 0.21723324617101292], [0.25502698599204016, 0.2832424473612892, 0.21085068548571045, 0.2508798811609606], [0.27454417772047396, 0.27852501271092456, 0.1926941444061743, 0.2542366651624276], [0.26514835556219046, 0.2547288498643246, 0.16265651890421035, 0.3174662756692752], [0.3092145813304876, 0.28685111369397337, 0.14179750062267854, 0.26213680435286096], [0.2143280772900843, 0.33350744874683447, 0.18405019582639137, 0.2681142781366902], [0.2180768362968559, 0.30483778865809946, 0.2053193614159403, 0.27176601362910446], [0.2739768137771746, 0.2980762404923297, 0.1699048764742789, 0.258042069256217], [0.2010735072812966, 0.32932886481135343, 0.2272074000901848, 0.24239022781716527], [0.25669031802099146, 0.25634783920507154, 0.20060170549747852, 0.28636013727645876], [0.30685181298802816, 0.2596909638305909, 0.1512218376508422, 0.282235385530539], [0.28595405081650394, 0.2606955312152543, 0.18841718941990807, 0.2649332285483345], [0.3538026712207974, 0.21874308568621462, 0.16878448387825665, 0.2586697592147317], [0.28704917552569287, 0.2232252735063136, 0.18545860286907329, 0.3042669480989207], [0.2598387722181359, 0.3295977965759509, 0.15604906017969658, 0.25451437102621743], [0.20903905050956215, 0.3150050649151046, 0.21395011980205508, 0.26200576477327836], [0.249460953895984, 0.3152903885077496, 0.18388045764511043, 0.2513681999511561], [0.2829325559423833, 0.2659907403654167, 0.15451386194854982, 0.29656284174365044], [0.23074473832467574, 0.2997295242635945, 0.2154869627911206, 0.25403877462060975], [0.23010897045726583, 0.27241509602244274, 0.20861279646953748, 0.2888631370507541], [0.25718290951207695, 0.2688757676564788, 0.20830928497834927, 0.2656320378530956], [0.22651745430773693, 0.32584743995031235, 0.197952403243846, 0.24968270249810517], [0.2626457110406872, 0.2713942732975269, 0.1708865650781149, 0.2950734505836711], [0.25124319015004476, 0.2833531476372463, 0.17480133081558716, 0.2906023313971218], [0.2576286084293664, 0.28284608356381596, 0.1728137329141933, 0.2867115750926244], [0.22048883675704053, 0.3035785408696123, 0.18992932806934462, 0.28600329430400284], [0.320456342977931, 0.24526743967309314, 0.14604266526187962, 0.28823355208709656], [0.2757818251398184, 0.2741872997954335, 0.18713028608786522, 0.26290058897688334], [0.2847294662944131, 0.28368346190488547, 0.17127646330410765, 0.2603106084965941], [0.24263410703926433, 0.2995535972994606, 0.19233298387625578, 0.26547931178501977], [0.23207444628035653, 0.29230083309065313, 0.15716167850379612, 0.3184630421251945], [0.26355214479175715, 0.29028159556589156, 0.16227733381392323, 0.28388892582842845], [0.2609567527757246, 0.28371293340323145, 0.1495339369940012, 0.30579637682704325], [0.23656260026496317, 0.3181068954211225, 0.16021327455685136, 0.28511722975706344], [0.26882950083779006, 0.3078221290901553, 0.16939755101104748, 0.25395081906100725], [0.259510430443473, 0.27594106009467856, 0.15373942210979769, 0.31080908735205093], [0.24934371986830905, 0.3167096446028484, 0.19100461631343793, 0.24294201921540506], [0.2286077191542565, 0.2864885048112758, 0.20903266623744654, 0.27587110979702156], [0.25699492691132014, 0.2798085094101936, 0.21124018149098486, 0.2519563821875016], [0.28010689733753946, 0.32041957056521947, 0.13305383012199226, 0.26641970197524883], [0.2480422045471724, 0.27859462790541817, 0.23039235473132605, 0.242970812816084], [0.23928234623688158, 0.28421231292322224, 0.1905958066589635, 0.28590953418093346], [0.2230497377485827, 0.2862995397406582, 0.20837278913505705, 0.2822779333757024], [0.2836504160240726, 0.2608443743541469, 0.14994068429303822, 0.30556452532874256], [0.26619152218072684, 0.3196447233548411, 0.1647179015628628, 0.2494458529015698], [0.222340773992042, 0.31283750918919356, 0.17475878717448767, 0.29006292964427743], [0.29128280419980856, 0.2529527539758785, 0.16584598964363406, 0.2899184521806796], [0.23348689340941065, 0.32069756169129965, 0.1863791633879845, 0.2594363815113054], [0.24585088437152125, 0.2682938915633141, 0.1983268348268077, 0.2875283892383572], [0.22722981961267105, 0.28743162079581974, 0.21058564512775663, 0.2747529144637527], [0.23978189289215238, 0.28049939907625904, 0.2029488707281192, 0.2767698373034697], [0.2538992460713526, 0.2532847210500245, 0.1918910932640225, 0.30092493961460043], [0.2568232029325889, 0.24456065159058454, 0.19445090490141348, 0.30416524057541344], [0.26522695865568197, 0.2946336987456095, 0.17669571599359354, 0.2634436266051154], [0.2478487322686616, 0.3312988293657622, 0.16245821040815794, 0.2583942279574187], [0.3114394514120752, 0.21876880907361734, 0.15547409199699697, 0.31431764751731095], [0.24699019640542497, 0.28583325210763944, 0.16709461684500931, 0.3000819346419269], [0.255246483968425, 0.26865481284648735, 0.20433479201871818, 0.27176391116636983], [0.23118205515001797, 0.303039651915938, 0.19005870198191452, 0.27571959095213], [0.2790254429005711, 0.2598922627343384, 0.16645874062700583, 0.294623553738085], [0.31127772545250904, 0.26315344362169263, 0.13153655025883376, 0.2940322806669647], [0.2921906734497235, 0.24421884314032474, 0.16331391355535302, 0.30027656985459916], [0.22899260693027298, 0.28733063232759326, 0.1918964621162358, 0.2917802986258981], [0.2741074870637459, 0.28879334565719256, 0.14939865754198828, 0.28770050973707406], [0.28372240436148527, 0.26451009390942054, 0.16580066623974085, 0.2859668354893537], [0.29625454556351777, 0.2337702226150148, 0.17030407753994542, 0.2996711542815222], [0.23690698363000184, 0.3088049813209141, 0.18723974794838505, 0.2670482871006992], [0.3064063317337772, 0.2595581733499393, 0.15568047380086059, 0.27835502111542343], [0.28240517379166297, 0.2507724933896573, 0.15598671475232384, 0.3108356180663561], [0.2749148830914393, 0.24815121211511448, 0.20488369308794702, 0.2720502117054997], [0.23128565478278332, 0.31697518246442086, 0.2093447976963817, 0.2423943650564146], [0.22808180692326555, 0.2797370699189947, 0.21892510239567356, 0.27325602076206673], [0.2704824013309116, 0.2586328662007353, 0.19045458131221235, 0.28043015115614117], [0.2702994291853303, 0.27934477672367625, 0.18296641348977075, 0.26738938060122347], [0.2083201027586386, 0.3053327086362992, 0.24409568045430433, 0.24225150815075855], [0.24347026560270113, 0.3305476327554515, 0.1395586246590423, 0.2864234769828054], [0.25726403069580767, 0.25098083212133476, 0.1641065263742933, 0.3276486108085644], [0.26285259198261823, 0.32444809532247987, 0.15722631959015176, 0.25547299310475], [0.2828857642554866, 0.30779874818232394, 0.14877107687788718, 0.2605444106843025], [0.29302693579621164, 0.26785674976394724, 0.2018236142914519, 0.2372927001483894], [0.29180521689017436, 0.24792480065942032, 0.18092533566406235, 0.2793446467863434], [0.2221904176544798, 0.288139602511038, 0.21257507507062107, 0.2770949047638613], [0.23016244180677634, 0.2885043529397304, 0.21323431278363422, 0.2680988924698596], [0.25365229281336543, 0.3140084830228432, 0.18567292677523872, 0.24666629738855317], [0.2307695845751222, 0.2897503635826966, 0.2013511501310921, 0.2781289017110895], [0.2346595895976937, 0.2889238611141049, 0.20274468074786453, 0.2736718685403369], [0.2608679305969537, 0.2842802340817031, 0.16007274740809885, 0.2947790879132446], [0.24558480078788494, 0.2918577338948273, 0.19625735582154633, 0.26630010949574184], [0.24738931600449618, 0.28257705672805794, 0.17273197981436691, 0.29730164745307913], [0.26315033205357047, 0.23068792994545423, 0.16122044102198158, 0.3449412969789936], [0.2233958190938876, 0.28866343231780855, 0.17526920252771294, 0.3126715460605916], [0.24490522398375567, 0.28540061660498106, 0.1877439249944203, 0.28195023441684336], [0.2495799028491944, 0.3106185194658298, 0.1680500581101691, 0.27175151957480703], [0.2680666033339334, 0.2792098951628988, 0.15515433123037073, 0.2975691702727976], [0.23733768324611718, 0.3186470475354644, 0.1914990413432483, 0.25251622787517075], [0.21137666806686636, 0.30474532658205045, 0.17949515144445324, 0.30438285390663045], [0.22712493391027191, 0.3120277810183666, 0.1749149248092262, 0.28593236026213553], [0.24129611978123144, 0.27365137811730494, 0.1496687913783271, 0.33538371072313666], [0.18610946481112345, 0.36626899073182145, 0.19365182727298463, 0.2539697171840709], [0.21354764678745397, 0.3086425557451844, 0.21218517090770156, 0.26562462655966035], [0.2842006980767965, 0.2943963717740119, 0.15735259497735035, 0.2640503351718418], [0.22656610942108843, 0.3160845791930514, 0.201063343671216, 0.25628596771464457], [0.3133737682427844, 0.2704060609915898, 0.14602271026400954, 0.2701974605016165], [0.31680970790899365, 0.27404038373887485, 0.13401127869703094, 0.2751386296551008], [0.29432401443587497, 0.2452448358379332, 0.16038617260541974, 0.30004497712077255], [0.2473155957707349, 0.2609180613287926, 0.20596310485662866, 0.28580323804384417], [0.33957070521387134, 0.21425913584494924, 0.12733572277665917, 0.31883443616452034], [0.22938235901676296, 0.2881876970464655, 0.19061284730684425, 0.2918170966299272], [0.2396342276939436, 0.3330957023024954, 0.18363418564262293, 0.24363588436093878], [0.25921106240603364, 0.28886976171984585, 0.1653156298235314, 0.2866035460505894], [0.24812676762232272, 0.29063350780096714, 0.14630426523918486, 0.3149354593375258], [0.2583622086963801, 0.2691389740082036, 0.17013206833404268, 0.30236674896137383], [0.2557253877623552, 0.33284361124170864, 0.16223021343116484, 0.2492007875647715], [0.24842957333371113, 0.34960889415443025, 0.173800938501675, 0.2281605940101842], [0.2460800602993379, 0.3103443863666876, 0.16225938816520308, 0.28131616516877195], [0.24526381067797068, 0.3418160463535969, 0.18621131998756882, 0.22670882298086398], [0.2271659796084657, 0.2954630571578504, 0.2190308668753609, 0.25834009635832306], [0.24739900901726994, 0.2910700432455174, 0.19450150425355678, 0.26702944348365587]]}, "rewritten": {"ids": ["97105760", "97107821", "97112290", "98106880", "98108150", "98108370", "98109570", "98110810", "99107300", "99107560", "99107640", "99108310", "99109141", "99110730", "99111620", "99112641", "99113260", "99117630", "99117740", "100108080", "100108260", "100108490", "100108990", "100109360", "100117420", "101108080", "101108370", "101108460", "101108621", "101108950", "101109370", "101110200", "101111990", "102109010", "102109840", "102109910", "102116340", "103110050", "103110220", "103111540", "103111990", "103113270", "103113640", "103117200", "103118110", "103120290", "104111550", "104111830", "104111990", "104113000", "104114320", "104114740", "104116800", "105110091", "105110251", "105111990", "105112130", "105115380", "105118171", "105118740", "105119550", "105120280", "105121190", "106113170", "106113260", "106114150", "106114280", "106116370", "106116850", "106118820", "106120290", "106121220", "107112850", "107113130", "107113180", "107114110", "107116340", "107116980", "107118820", "107121640", "108114200", "108114670", "108117610", "108118301", "108118520", "108119550", "108120280", "108120621", "108121160", "109113281", "109113591", "109115070", "109115220", "109116810", "109117730", "109120150", "110115580", "110117200", "110117870", "110118111", "110118121", "110118161", "110118740", "110118880", "110121170", "111114121", "111114171", "111115400", "111116100", "111116530", "111116750", "111118910", "111119930", "111120220", "111120540", "111121190", "111121220", "111121410", "111121930", "112116501", "112116610", "112116990", "112117471", "112117780", "112118550", "112118880", "112119930", "112120670", "112121010", "113117401", "113117550", "113118231", "113118820", "113119950", "113120531", "113120640", "113121190", "113121810", "113122120", "113122160", "113122180", "113122430"], "labels": [0, 2, 1, 0, 0, 1, 1, 1, 3, 1, 1, 2, 3, 3, 3, 1, 0, 3, 2, 0, 3, 2, 2, 0, 2, 0, 1, 0, 0, 2, 1, 2, 2, 1, 2, 2, 3, 3, 2, 1, 2, 2, 1, 0, 2, 2, 1, 3, 2, 1, 2, 2, 1, 0, 0, 2, 1, 1, 3, 1, 1, 3, 2, 0, 3, 1, 3, 2, 3, 3, 2, 1, 1, 1, 3, 1, 3, 3, 3, 1, 0, 3, 3, 1, 0, 1, 3, 1, 2, 0, 3, 0, 3, 3, 3, 2, 1, 3, 3, 1, 3, 0, 3, 0, 2, 0, 3, 0, 3, 3, 3, 0, 1, 3, 1, 1, 3, 0, 1, 3, 1, 0, 3, 0, 3, 1, 1, 2, 2, 3, 3, 3, 0, 0, 0, 0, 1, 2, 1, 3, 2, 2], "predicted_labels": [1, 1, 1, 1, 1, 1, 3, 1, 3, 1, 1, 1, 1, 1, 1, 1, 1, 3, 3, 1, 3, 1, 1, 3, 1, 1, 3, 1, 1, 1, 1, 1, 1, 1, 3, 1, 1, 1, 1, 1, 3, 1, 0, 1, 1, 1, 1, 1, 1, 1, 1, 1, 1, 1, 1, 1, 1, 1, 1, 1, 1, 1, 1, 1, 1, 1, 1, 3, 1, 1, 1, 1, 1, 1, 1, 3, 1, 1, 1, 1, 1, 1, 1, 3, 1, 3, 3, 1, 1, 1, 1, 1, 1, 1, 1, 1, 1, 1, 1, 1, 1, 1, 1, 3, 1, 3, 1, 1, 1, 1, 3, 3, 1, 1, 1, 1, 1, 1, 3, 1, 1, 1, 1, 1, 1, 1, 1, 1, 1, 1, 1, 1, 1, 3, 1, 3, 1, 1, 1, 1, 1, 1], "confidence_scores": [[0.25492243871740544, 0.29701349499200275, 0.16004220036732497, 0.2880218659232675], [0.2591767159480196, 0.2830966673834908, 0.1880775814387586, 0.26964903522973105], [0.234662501538933, 0.31379482405514375, 0.18298392034833738, 0.2685587540575864], [0.23985729092875965, 0.33260494165673626, 0.17561352089803156, 0.2519242465164725], [0.1852640880325914, 0.3387521523346224, 0.19687077786501003, 0.27911298176777655], [0.21394068054665505, 0.2966288008847239, 0.20599736758371498, 0.28343315098490657], [0.21893634891678082, 0.29985861867880303, 0.1777289088935422, 0.303476123510874], [0.21713916819937445, 0.3050043255690112, 0.25690110537951605, 0.22095540085209886], [0.2397216120539741, 0.2769421061590911, 0.18285590789589895, 0.30048037389103605], [0.2028918771969901, 0.3242504381571821, 0.22232506858197273, 0.2505326160638557], [0.236664229644479, 0.3241203048463093, 0.16050935976922298, 0.2787061057399891], [0.2161071447167923, 0.3189512929912743, 0.2081770025592454, 0.25676455973268797], [0.26721565024275157, 0.2905852546108218, 0.17923831644074975, 0.2629607787056773], [0.19374199394568833, 0.35572046804672103, 0.20021882547672312, 0.2503187125308678], [0.1936966021932856, 0.35971431945547494, 0.19682336648093723, 0.24976571187030303], [0.23339093653449988, 0.30260272059303134, 0.2000110543942269, 0.2639952884782419], [0.21650660926512028, 0.29313253682282003, 0.23254742009575144, 0.2578134338163085], [0.22714122404101514, 0.27286679222401383, 0.20494721571512117, 0.29504476801984986], [0.26155303709851097, 0.2574277455372987, 0.17171231381930294, 0.30930690354488793], [0.22057997720508282, 0.3281759623539568, 0.18199290524349304, 0.2692511551974676], [0.227414816519185, 0.278003020142595, 0.2145757649822728, 0.28000639835594743], [0.22535076344584842, 0.3044962442681873, 0.2414786660662375, 0.22867432621972703], [0.22108424232397292, 0.3175876319397494, 0.20930075312470198, 0.25202737261157643], [0.2593853993730005, 0.28113051857972526, 0.16842559833383722, 0.29105848371343734], [0.20020811203156183, 0.3292799419112671, 0.19249916003559792, 0.2780127860215739], [0.2825150258312376, 0.3021027978080141, 0.1513924225155584, 0.26398975384518975], [0.2555514784012864, 0.28123502200162354, 0.18072723889058145, 0.2824862607065088], [0.2222796216732985, 0.32217780525077355, 0.18219297322406208, 0.273349599851866], [0.22363765192078494, 0.3186245470333204, 0.17172646503831587, 0.2860113360075792], [0.20156387470020495, 0.36007883327359064, 0.19777543620655436, 0.24058185581965047], [0.23287480102550903, 0.2885942837548193, 0.20500092780266377, 0.27352998741700796], [0.23122344516616877, 0.32828306158781295, 0.20387741682036756, 0.2366160764256514], [0.20028368683046616, 0.34497255851101727, 0.1781929452507347, 0.2765508094077824], [0.2190921305623373, 0.29534671344578955, 0.2053688210624911, 0.2801923349293821], [0.22384232010980346, 0.2799714187399755, 0.21591198899201894, 0.2802742721582027], [0.19802839694112495, 0.3023119246401049, 0.22182077441502648, 0.2778389040037439], [0.2068473593413645, 0.35878563886538367, 0.17872121531595533, 0.25564578647729663], [0.21509947979811736, 0.3438332626351487, 0.19549919663031468, 0.2455680609364197], [0.2332924487532025, 0.3141953242875047, 0.20605149957779828, 0.2464607273814951], [0.22412796429477677, 0.28464240248476863, 0.21576946082111664, 0.2754601723993385], [0.24403896528994007, 0.2790335303670966, 0.18292985455771377, 0.29399764978524984], [0.19283414870309534, 0.3259749248993324, 0.21470236539332319, 0.26648856100424956], [0.28319250617287994, 0.2792944252765516, 0.15548197102708836, 0.2820310975234802], [0.22511886322966473, 0.34464905761154585, 0.1686586936957181, 0.26157338546307163], [0.2187175570266544, 0.2887487460965159, 0.21610806610945563, 0.2764256307673748], [0.2574226167810665, 0.3480700169061006, 0.15905296707782687, 0.235454399235006], [0.21044255571685994, 0.30909017444132747, 0.2152239725719078, 0.2652432972699055], [0.208063955290674, 0.3487156722634206, 0.1907420459146262, 0.2524783265312797], [0.2238583619561422, 0.33414462123945254, 0.1845889013272916, 0.25740811547711456], [0.21840735788457372, 0.31747964707919124, 0.19297931137073202, 0.27113368366550367], [0.20869024701558606, 0.3459602975854572, 0.18537633480381874, 0.2599731205951383], [0.21593220756336506, 0.27924342166654004, 0.2480063910795723, 0.2568179796905232], [0.22814360163025407, 0.3362586826050722, 0.18711695629132113, 0.24848075947335313], [0.22484030071746441, 0.3427349887727678, 0.16581519102278966, 0.2666095194869786], [0.22840330913001172, 0.3256475158487763, 0.17727482151615584, 0.2686743535050563], [0.2028604504652112, 0.33836035579171087, 0.2115045447140223, 0.2472746490290559], [0.20758469993071213, 0.3271467242422151, 0.19343316172006864, 0.27183541410700424], [0.20957093828041304, 0.30220780593088875, 0.23086094792033454, 0.25736030786836367], [0.22970119617438756, 0.32487198902321496, 0.18056395918245088, 0.26486285561994694], [0.2103688718990499, 0.37510717675456784, 0.17773384868570544, 0.23679010266067707], [0.23129514490447492, 0.3325296156046154, 0.17886223743754479, 0.2573130020533653], [0.2045494457998302, 0.3334151552539209, 0.20234486993395, 0.2596905290122993], [0.18457641105217087, 0.3565640231034238, 0.18718380923445158, 0.27167575660995424], [0.2268801391551369, 0.3169445076450869, 0.15866038034302965, 0.29751497285674694], [0.2226104695197403, 0.29728283805127953, 0.1922960002924562, 0.2878106921365246], [0.22274802671722166, 0.3044106287298509, 0.19064978673779853, 0.28219155781512933], [0.24155025337163835, 0.2931929892475579, 0.17464091879547905, 0.2906158385853254], [0.24411348500512342, 0.2727552010719008, 0.189699650690153, 0.29343166323282316], [0.19960683433837398, 0.34114323201103597, 0.21128285355471135, 0.2479670800958791], [0.2084404367877818, 0.3479414961749487, 0.1720025452447144, 0.2716155217925553], [0.21384362930517065, 0.3258612801331956, 0.15607567008242484, 0.3042194204792092], [0.20774688460374088, 0.3052481646735724, 0.2069587297758607, 0.28004622094682646], [0.21153019597310993, 0.3043990663272809, 0.22631786039421375, 0.2577528773053956], [0.20397956747881898, 0.336647861734285, 0.2125937448228485, 0.24677882596404796], [0.20382679076500862, 0.30997999477913185, 0.2198335611318143, 0.26635965332404576], [0.25924982968802734, 0.2567707988578336, 0.17142265638803644, 0.31255671506610305], [0.22390420640185257, 0.3604144904140362, 0.18163700034990102, 0.23404430283421038], [0.24074781502601142, 0.3190651826796456, 0.15866782700961848, 0.28151917528472475], [0.18640843999933138, 0.31238773328333597, 0.21756706831819103, 0.2836367583991421], [0.2026797708004693, 0.32175606305506294, 0.2219524184655276, 0.2536117476789404], [0.21508942398355319, 0.30589115055382554, 0.22607454485615522, 0.2529448806064662], [0.22048861303303605, 0.3134365240569054, 0.17328988531018502, 0.2927849775998744], [0.21562484861685588, 0.3301278348104705, 0.18975157747223387, 0.26449573910044005], [0.22771886001454836, 0.30094797948537927, 0.1627234971492659, 0.30860966335080653], [0.26625029620154855, 0.27588658063941557, 0.19032761950102253, 0.2675355036580132], [0.20176884694884245, 0.29792250017938715, 0.19316028036693175, 0.3071483725048386], [0.2753307439519332, 0.25749141463807695, 0.17082374745404738, 0.29635409395594275], [0.2588652868494146, 0.29647809245458057, 0.18838560013884614, 0.2562710205571591], [0.21773733603344517, 0.30978020767214165, 0.18758987554471462, 0.2848925807496984], [0.23217826503023992, 0.34138768975850525, 0.177016589405036, 0.24941745580621882], [0.22446687119512376, 0.34814119970787033, 0.17706781094704863, 0.2503241181499576], [0.20683629538314807, 0.3375280715441187, 0.20038974953126626, 0.2552458835414674], [0.2316467907301842, 0.31446045111190474, 0.18714491946759199, 0.26674783869031937], [0.24124789157562293, 0.34254809265541847, 0.1542082494610061, 0.261995766307953], [0.20584977315636796, 0.31112436872855426, 0.1879044900874591, 0.29512136802761907], [0.22406218693464208, 0.3235649538066082, 0.20546373716649044, 0.24690912209225935], [0.21164577521779293, 0.30858511569681, 0.1798929149902041, 0.29987619409519295], [0.23165164030348703, 0.34942448376576585, 0.1647889481467296, 0.2541349277840185], [0.23279076307010063, 0.3037631044503793, 0.2142568315796076, 0.2491893008999128], [0.24898197642018446, 0.3259600571697464, 0.1615839091729945, 0.2634740572370752], [0.23052701627015346, 0.3168781895160171, 0.18172807930710677, 0.27086671490672326], [0.23292630158832778, 0.32301958507359296, 0.155675742772377, 0.2883783705657027], [0.24623053782775528, 0.3305346023965125, 0.16292217068200285, 0.2603126890937296], [0.2634752162937959, 0.28181931799343685, 0.16380328413863202, 0.29090218157413533], [0.21783548853588405, 0.33181555239753274, 0.19552799373232838, 0.25482096533425547], [0.24407830653771997, 0.2897970182505273, 0.14866231468645777, 0.31746236052529503], [0.22707951244961525, 0.30117529185510894, 0.19251619879842374, 0.27922899689685265], [0.2491510138009124, 0.29487124415335175, 0.18158556812637813, 0.27439217391935794], [0.24380734699292733, 0.32966120620541917, 0.1685607166160605, 0.2579707301855934], [0.21880937729475022, 0.3194072810598548, 0.18524073993098586, 0.2765426017144096], [0.27973268283618463, 0.2608377910818103, 0.17181565636059676, 0.2876138697214087], [0.20276614499300363, 0.3159886968789633, 0.15161768918070598, 0.3296274689473273], [0.24879253517879302, 0.2897348876239726, 0.1945295465407108, 0.26694303065652353], [0.2291355369767477, 0.36313545277177567, 0.14345845137947674, 0.26427055887200074], [0.22821067659427263, 0.3249986806913856, 0.19638152205523482, 0.25040912065910736], [0.2431744695161709, 0.31054305546089156, 0.1848588910358357, 0.2614235839871021], [0.20553925222410732, 0.3611423672197965, 0.16388890991824553, 0.26942947063785144], [0.22374316629033608, 0.3343456532288742, 0.16495793652172872, 0.2769532439590611], [0.2324920893892137, 0.2697031078911563, 0.20615369308999792, 0.2916511096296323], [0.23027363713714913, 0.3306134828753088, 0.16180770798468685, 0.27730517200285554], [0.21621436978003833, 0.30435689124953874, 0.1935868256826335, 0.2858419132877899], [0.25960614821217326, 0.27671383175025344, 0.18876839950591584, 0.27491162053165774], [0.20480961444297896, 0.3565708791122662, 0.17061953465196467, 0.26799997179279067], [0.2290032172745099, 0.29865997657271354, 0.17644193427285565, 0.2958948718799213], [0.2389549993386211, 0.2988605297358444, 0.17966994481065063, 0.2825145261148844], [0.2244599877219798, 0.33483818945714056, 0.16340985073345446, 0.27729197208742556], [0.2449800958277512, 0.2928401693198699, 0.20869829408470916, 0.25348144076766976], [0.23570809100063805, 0.33353900687131455, 0.16287866492197495, 0.2678742372060728], [0.21877917746652925, 0.33270884334104495, 0.1887840812955418, 0.2597278978968841], [0.21557567194669333, 0.34477438999349175, 0.15841441741446044, 0.28123552064535456], [0.20349843563683212, 0.3197213601030849, 0.22740610925929433, 0.2493740950007892], [0.21838849417748707, 0.33999002742178347, 0.1657121944225785, 0.2759092839781515], [0.2624295232075846, 0.3128689905145936, 0.15736383137308843, 0.2673376549047337], [0.255867316568824, 0.2643469451121746, 0.18628544975771005, 0.2935002885612915], [0.2344583779932939, 0.31536665028855476, 0.1808412483622384, 0.26933372335591366], [0.27788468860450166, 0.285154058543009, 0.12374678826812406, 0.313214464584366], [0.20628028682282257, 0.3383407364923543, 0.1661139641465455, 0.2892650125382782], [0.21208716072390735, 0.3759411096260862, 0.1751588630294091, 0.23681286662059786], [0.22049889904165376, 0.32984762134131224, 0.20416015070505344, 0.24549332891198095], [0.21569844635575933, 0.3347035365360008, 0.1626913361458177, 0.28690668096242283], [0.17080982096048827, 0.36735892410074616, 0.1890161637483671, 0.27281509119039915], [0.18964755438529912, 0.3560781555611666, 0.19745490670592972, 0.25681938334760507]]}}