{"test": {"ids": ["112116610", "110120531", "110120700", "109117080", "105115900", "97107920", "102110500", "104117630", "111117200", "108117451", "107118120", "98107410", "101108121", "110117200", "111121190", "113120070", "109114720", "97106820", "109118231", "108116481", "112116290", "103118110", "99112840", "110118111", "103110100", "110117140", "107113200", "99105921", "97116410", "113121950", "101110200", "99109910", "113120280", "98109090", "110113931", "111119150", "101111990", "110119300", "110118810", "99110050", "111115910", "112116640", "111116090", "112116451", "101111310", "105111990", "108115500", "105116090", "103117200", "99108010", "101108950", "104119290", "107117630", "111119580", "106119260", "113118231", "111120591", "110118301", "107114780", "102114270", "113119450", "101121640", "104111380", "101114990", "113117340", "109117271", "100109000", "107116340", "110121170", "98116090", "103111170", "108113760", "112118581", "109116750", "113119950", "112119930", "97106970", "104117200", "107120880", "112121351", "105116441", "104112470", "103109641", "99109740", "99109370", "99120010", "110120190", "104114320", "113118620", "106118301", "101119591", "97112300", "105117431", "98116500", "111116040", "101119030", "113117630", "104114230", "112119950", "107118820", "103111110", "97108520", "109114030", "112117780", "112118880", "99111340", "100112060", "108118630", "113118820", "97109570", "105118171", "102110750", "109114651", "113122180", "107121540", "104111711", "99108000", "105117351", "105115570", "113120780", "104113000", "107113550", "113118630", "109114220", "106117790", "100109910", "100113370", "102108621", "108119510", "100108580", "98119591", "99109860", "111114941", "104114410", "97106770", "106114011", "109117110", "109116810", "113122650", "102116500", "105113190", "99112300"], "labels": [1, 0, 2, 1, 3, 0, 3, 0, 0, 2, 3, 3, 0, 3, 1, 2, 0, 1, 1, 0, 0, 2, 2, 1, 1, 3, 0, 1, 3, 3, 2, 2, 0, 1, 1, 3, 2, 1, 1, 3, 2, 0, 3, 0, 3, 2, 3, 1, 0, 2, 2, 1, 0, 3, 1, 3, 1, 1, 2, 3, 3, 2, 3, 3, 2, 0, 1, 3, 2, 0, 2, 1, 1, 0, 0, 1, 2, 3, 1, 0, 1, 1, 1, 3, 1, 2, 3, 2, 3, 1, 0, 2, 1, 2, 0, 3, 0, 2, 0, 3, 3, 2, 1, 0, 1, 1, 2, 1, 0, 0, 3, 1, 3, 2, 2, 1, 2, 0, 0, 0, 1, 0, 3, 3, 1, 2, 3, 3, 1, 0, 1, 2, 0, 1, 3, 1, 1, 3, 2, 1, 3, 0], "predicted_labels": [1, 3, 1, 1, 3, 0, 3, 3, 0, 0, 1, 0, 3, 0, 3, 2, 2, 3, 1, 3, 3, 3, 1, 3, 3, 3, 0, 0, 2, 3, 1, 2, 3, 1, 0, 1, 0, 1, 2, 3, 2, 3, 0, 0, 1, 3, 1, 0, 3, 3, 3, 1, 3, 0, 0, 1, 3, 0, 3, 0, 0, 1, 0, 1, 2, 3, 0, 3, 2, 1, 0, 3, 3, 0, 3, 3, 1, 3, 3, 0, 1, 3, 3, 1, 3, 2, 3, 2, 1, 0, 0, 3, 1, 3, 3, 3, 3, 0, 3, 1, 3, 0, 1, 0, 3, 1, 0, 1, 0, 3, 1, 1, 0, 3, 3, 2, 1, 0, 1, 1, 3, 2, 0, 1, 1, 2, 1, 3, 2, 2, 0, 1, 1, 3, 0, 0, 3, 1, 3, 1, 3, 3], "confidence_scores": [[0.263044880394949, 0.2936568110497534, 0.17633278111467132, 0.2669655274406263], [0.2840693279832763, 0.2576172024655966, 0.09549866099667932, 0.3628148085544481], [0.25979022697782667, 0.28211857389201195, 0.1630519352160653, 0.295039263914096], [0.21197917967799407, 0.31403480303425774, 0.1966272452805868, 0.2773587720071611], [0.25540539668394296, 0.26583318819945667, 0.1829493576038383, 0.29581205751276207], [0.2899292922160752, 0.2538805944753811, 0.12214357924533295, 0.3340465340632108], [0.2730447798740141, 0.24244252150986242, 0.14327793462857058, 0.34123476398755326], [0.25935035729294686, 0.2486929520800623, 0.1519121342022868, 0.34004455642470405], [0.26607691712081055, 0.2825177273317176, 0.15461805666812822, 0.29678729887934385], [0.2872402945255251, 0.26263824091243965, 0.11429636531793053, 0.335825099244105], [0.26427121446253693, 0.30464667797518075, 0.14211673923559104, 0.28896536832669123], [0.2823411159692225, 0.251453592626643, 0.17583307418013652, 0.2903722172239976], [0.23726316583737309, 0.286061217713071, 0.15587714204248115, 0.3207984744070746], [0.27994434583450384, 0.27004360607134015, 0.1179950131909, 0.33201703490325596], [0.2589536053401951, 0.2449989631995955, 0.16068146456222138, 0.33536596689798837], [0.18456875918602028, 0.2937123559833207, 0.3014719812955025, 0.22024690353515675], [0.18960493150855798, 0.27028022113282074, 0.2680168962854896, 0.2720979510731316], [0.2498028040410675, 0.26531237852819556, 0.1933369511118255, 0.2915478663189113], [0.27455995812696304, 0.29237094038270023, 0.13855931068523722, 0.2945097908050997], [0.27614903634998894, 0.2748773400232234, 0.10615658200605504, 0.34281704162073257], [0.2821487444679754, 0.26230761390218216, 0.12287709707386109, 0.3326665445559814], [0.23802576608442402, 0.2654611325535271, 0.1713441489116174, 0.32516895245043137], [0.21905847599927164, 0.29200300138361573, 0.222161071207072, 0.26677745141004067], [0.2901936839538918, 0.28657909013867877, 0.084253470648319, 0.3389737552591102], [0.2644502152382266, 0.23765113019699005, 0.18144342080506504, 0.3164552337597185], [0.2359260954836906, 0.289020363358171, 0.1642058910876275, 0.3108476500705107], [0.2911943980785838, 0.2694934866493036, 0.08937423756325676, 0.3499378777088558], [0.28092263252593674, 0.30232671516382703, 0.1629741233445009, 0.2537765289657354], [0.22628076380670215, 0.27271540025600405, 0.2503727877630726, 0.25063104817422116], [0.21622640250670128, 0.280366073447026, 0.23173616354370363, 0.27167136050256885], [0.23296129448321384, 0.33862389794468095, 0.21075637529889824, 0.21765843227320722], [0.20145273157413776, 0.30770562677269875, 0.3305891819826686, 0.16025245967049478], [0.23364164186114927, 0.25184061015324655, 0.15625882451489823, 0.3582589234707062], [0.22181730226256874, 0.2906676354090827, 0.2446366029026485, 0.24287845942570005], [0.28507991673115335, 0.29381635929916616, 0.13167775108690025, 0.2894259728827804], [0.2569010991775847, 0.2965413645481787, 0.14937252885838673, 0.2971850074158501], [0.2721150001973027, 0.2717787599642479, 0.14788362887364992, 0.30822261096479947], [0.2540786581883557, 0.2834220850875816, 0.1678111692473962, 0.2946880874766665], [0.2285733517643747, 0.2644128164997426, 0.26015427506048444, 0.24685955667539808], [0.22341229063038218, 0.24068048119682073, 0.18055536893241547, 0.35535185924038165], [0.2203955954132805, 0.2803585153310397, 0.26060515515520105, 0.23864073410047856], [0.24525728326444038, 0.2802194934266766, 0.1508022482603231, 0.3237209750485599], [0.29410865110834056, 0.25651115016447523, 0.11454977788064166, 0.3348304208465424], [0.28004319223638846, 0.2781804502961067, 0.11876283646148617, 0.3230135210060186], [0.2642194005606859, 0.3163962101119306, 0.16557118920518593, 0.2538132001221975], [0.28971993988680855, 0.25596475147759007, 0.09163939838448966, 0.36267591025111184], [0.2160825338494982, 0.28980824089185614, 0.2233999829708711, 0.2707092422877747], [0.269658716433882, 0.2726341399090736, 0.1531528519461313, 0.3045542917109133], [0.2838200614981261, 0.2764276694737027, 0.08938775234435412, 0.35036451668381713], [0.23359051828809146, 0.2692748573145577, 0.19012885604044588, 0.30700576835690496], [0.22568301321801296, 0.2429253675873465, 0.2095782244793897, 0.32181339471525083], [0.205466881075649, 0.30013063767039483, 0.239927280701897, 0.25447520055205897], [0.22274970532481891, 0.2510842326328175, 0.2022786019538454, 0.3238874600885181], [0.28244204345300045, 0.285125053555826, 0.16463165180899514, 0.26780125118217835], [0.27145784077683965, 0.2767286218267397, 0.15119215199098257, 0.30062138540543826], [0.2622322628501876, 0.2899697689434164, 0.19597662944201194, 0.2518213387643845], [0.28722130713886695, 0.26036528465973646, 0.09845741268290056, 0.3539559955184959], [0.27392011344086387, 0.2654554061059872, 0.13729527175602763, 0.32332920869712123], [0.2439682819253206, 0.26941078147485725, 0.20943426407099386, 0.2771866725288283], [0.29374527438543924, 0.2919448141735938, 0.08853411433282601, 0.3257757971081413], [0.27908470534780855, 0.2854554568736472, 0.16205838982549325, 0.2734014479530511], [0.22118499724606536, 0.2905210483129297, 0.18758339243966898, 0.3007105620013358], [0.24956053743604203, 0.2721354755114223, 0.2617425928868616, 0.21656139416567405], [0.23829000994207702, 0.3131787900589696, 0.1841523188369836, 0.2643788811619695], [0.16478839149257102, 0.29209521035296343, 0.32829614577130417, 0.2148202523831617], [0.22062808596804143, 0.2392064061230791, 0.14466659251477518, 0.3954989153941042], [0.27525964319281987, 0.29803549936548596, 0.14876917452758473, 0.27793568291410947], [0.2170617852183744, 0.2769586056145261, 0.2122352184481701, 0.2937443907189295], [0.2332197016090723, 0.26672960246646377, 0.24730417211995986, 0.25274652380450413], [0.26911981246260275, 0.29418670681126785, 0.15246041003519314, 0.28423307069093634], [0.24617951119000023, 0.27594552739461725, 0.20025572341916692, 0.2776192379962155], [0.23391274694290656, 0.26060854187386434, 0.21912855851815372, 0.2863501526650755], [0.23355371773674144, 0.27083652330785374, 0.18260025224404017, 0.31300950671136446], [0.27693108971559144, 0.31100156222797576, 0.1796021612905595, 0.23246518676587324], [0.2705869321020975, 0.26403460220074143, 0.11547455562645852, 0.3499039100707026], [0.24314387747707314, 0.26904928042233556, 0.19529077725005559, 0.2925160648505358], [0.24099406852996694, 0.29219428114325846, 0.19907659678794068, 0.26773505353883414], [0.23156101172631138, 0.26046896389808866, 0.16440558318248985, 0.34356444119310986], [0.2541716356338467, 0.26223978004725684, 0.18504756021281119, 0.2985410241060853], [0.2919646186180591, 0.2844416463914696, 0.10916985924865129, 0.3144238757418201], [0.2808741464732124, 0.3065408229363991, 0.13208699694681006, 0.28049803364357834], [0.23445408092615816, 0.24026457448835864, 0.198847679314099, 0.3264336652713841], [0.22974882866959237, 0.2508457490706142, 0.20445368727987487, 0.3149517349799183], [0.2076760099134562, 0.3254431149246537, 0.2717699185121401, 0.19511095664974998], [0.22720392108462434, 0.26796984311876515, 0.20102704862554246, 0.3037991871710682], [0.23614169834281842, 0.2547121901180869, 0.26516495228851833, 0.24398115925057645], [0.2722600950760275, 0.2719990666683517, 0.09400632300615132, 0.3617345152494695], [0.2015824715391319, 0.2974899172643167, 0.2945760848898147, 0.20635152630673642], [0.2758871468570231, 0.29364816740558763, 0.12862455716000212, 0.3018401285773871], [0.2907109397551999, 0.24939963218459893, 0.11307596321413177, 0.34681346484606934], [0.2880836974926307, 0.24745255194079735, 0.12616405261578495, 0.3382996979507868], [0.24014097932983008, 0.2730372698726266, 0.2150770053319881, 0.2717447454655553], [0.2518935373424079, 0.2981576409293927, 0.18490930807403996, 0.2650395136541598], [0.25849069291029975, 0.2620425864818196, 0.16425486401352413, 0.3152118565943566], [0.27297810093198455, 0.23208395704754806, 0.1443583072964952, 0.3505796347239717], [0.25748165485749736, 0.258949627320841, 0.17490198502918405, 0.30866673279247747], [0.24167509260042266, 0.27655299957531265, 0.19179300578608788, 0.2899789020381768], [0.25929870731659893, 0.27747706141620293, 0.17865658453515376, 0.2845676467320444], [0.2649854938077446, 0.2366690059851392, 0.11964540300400218, 0.3787000972031138], [0.26183809316310797, 0.2976929993244741, 0.13617206881474642, 0.30429683869767166], [0.2635992015138786, 0.28511905913042407, 0.1291446724237441, 0.32213706693195315], [0.2637163662131376, 0.28422407227786606, 0.16788870347210455, 0.284170858036892], [0.2568950477723179, 0.30154109209416935, 0.1660572840440554, 0.2755065760894573], [0.29129808053914463, 0.28602227726793533, 0.1108026461719561, 0.311876996020964], [0.24773395141181773, 0.27040481465403315, 0.19596629544101957, 0.2858949384931296], [0.19491781796985727, 0.31206826102920976, 0.2533547103337871, 0.23965921066714593], [0.2689475095757835, 0.26426359191643783, 0.17081727386595952, 0.2959716246418194], [0.2279977315433298, 0.2886973295038027, 0.1767035462114978, 0.30660139274136966], [0.2765368003800602, 0.28098874549116154, 0.1287849269555901, 0.31368952717318843], [0.21660983381181223, 0.2764820497575862, 0.21615412961910704, 0.2907539868114944], [0.26114536851964676, 0.29428912760546894, 0.14627442455071785, 0.29829107932416654], [0.191607532460533, 0.33577707032621956, 0.2995729807545409, 0.1730424164587064], [0.2643873752058834, 0.2745165038026763, 0.1574427596197334, 0.3036533613717067], [0.24096484891310058, 0.28437034364454644, 0.172979150565161, 0.30168565687719195], [0.2442731011346014, 0.2738971475101462, 0.204928907680853, 0.2769008436743994], [0.1845667286717009, 0.25490187137593506, 0.3261167543324915, 0.2344146456198729], [0.22204450074521412, 0.29059068524577625, 0.20838719894890936, 0.2789776150601002], [0.2991683450509274, 0.27755980125455854, 0.09183767738035699, 0.3314341763141573], [0.23246584599515566, 0.28271301222441625, 0.18767228679421938, 0.29714885498620874], [0.23854110588843544, 0.28753805400659277, 0.18557744232174286, 0.28834339778322904], [0.28512672443944603, 0.2406675163226898, 0.11441265999127571, 0.3597930992465886], [0.20876934243024786, 0.291998097100121, 0.2789666669048201, 0.22026589356481094], [0.26585552769434756, 0.269930624047726, 0.1701762043118913, 0.2940376439460352], [0.2528939772660809, 0.29850403150577437, 0.21767043787151102, 0.23093155335663387], [0.21333394128865563, 0.30533210292026924, 0.2745874177815059, 0.20674653800956908], [0.20587540057360962, 0.29037373030043245, 0.3089076754404453, 0.19484319368551284], [0.2423007449731273, 0.31087791985251984, 0.18479122212546478, 0.2620301130488883], [0.268854935900748, 0.24601586802060021, 0.13856167631507882, 0.3465675197635727], [0.24423055519183284, 0.24922049369857102, 0.24191385954057493, 0.26463509156902154], [0.22235978844698215, 0.2992788941154025, 0.3008232747742143, 0.17753804266340167], [0.26444432695357845, 0.26514451592634075, 0.1885223305000652, 0.2818888266200154], [0.2134813951574388, 0.29241829668997205, 0.25552054551306286, 0.23857976263952643], [0.2589701157423084, 0.2858108735933235, 0.14946108219838677, 0.30575792846598143], [0.27567886749119863, 0.27769995473749937, 0.11816924219231706, 0.3284519355789849], [0.2524508629608658, 0.28862877188786307, 0.24745408597343282, 0.21146627917783836], [0.29236771914354903, 0.30557848148730826, 0.14579183177084487, 0.256261967598298], [0.2285976017315489, 0.2654691269890176, 0.18676815190864698, 0.3191651193707865], [0.2809090776647587, 0.3096392499185853, 0.13726942178218754, 0.27218225063446816], [0.24491743506389696, 0.2791726017836728, 0.18420628393461363, 0.29170367921781676], [0.24031189987163962, 0.2988951668595622, 0.2221945915095991, 0.23859834175919928], [0.26856782189045514, 0.23408008964121133, 0.1424003484357734, 0.3549517400325598], [0.21524228763704087, 0.25974620021217354, 0.20810336244663885, 0.31690814970414677]]}, "rewritten": {"ids": ["97106770", "97106820", "97106970", "97107920", "97108520", "97109570", "97112300", "97116410", "98107410", "98109090", "98116090", "98116500", "98119591", "99105921", "99108000", "99108010", "99109370", "99109740", "99109860", "99109910", "99110050", "99111340", "99112300", "99112840", "99120010", "100108580", "100109000", "100109910", "100112060", "100113370", "101108121", "101108950", "101110200", "101111310", "101111990", "101114990", "101119030", "101119591", "101121640", "102108621", "102110500", "102110750", "102114270", "102116500", "103109641", "103110100", "103111110", "103111170", "103117200", "103118110", "104111380", "104111711", "104112470", "104113000", "104114230", "104114320", "104114410", "104117200", "104117630", "104119290", "105111990", "105113190", "105115570", "105115900", "105116090", "105116441", "105117351", "105117431", "105118171", "106114011", "106117790", "106118301", "106119260", "107113200", "107113550", "107114780", "107116340", "107117630", "107118120", "107118820", "107120880", "107121540", "108113760", "108115500", "108116481", "108117451", "108118630", "108119510", "109114030", "109114220", "109114651", "109114720", "109116750", "109116810", "109117080", "109117110", "109117271", "109118231", "110113931", "110117140", "110117200", "110118111", "110118301", "110118810", "110119300", "110120190", "110120531", "110120700", "110121170", "111114941", "111115910", "111116040", "111116090", "111117200", "111119150", "111119580", "111120591", "111121190", "112116290", "112116451", "112116610", "112116640", "112117780", "112118581", "112118880", "112119930", "112119950", "112121351", "113117340", "113117630", "113118231", "113118620", "113118630", "113118820", "113119450", "113119950", "113120070", "113120280", "113120780", "113121950", "113122180", "113122650"], "labels": [3, 1, 2, 0, 2, 0, 2, 3, 3, 1, 0, 2, 1, 1, 2, 2, 1, 3, 2, 2, 3, 1, 0, 2, 2, 0, 1, 2, 2, 3, 0, 2, 2, 3, 2, 3, 3, 0, 2, 3, 3, 1, 3, 1, 1, 1, 3, 2, 0, 2, 3, 1, 1, 1, 2, 2, 1, 3, 0, 1, 2, 3, 0, 3, 1, 1, 0, 1, 3, 1, 1, 1, 1, 0, 0, 2, 3, 0, 3, 3, 1, 2, 1, 3, 0, 2, 1, 1, 1, 3, 3, 0, 0, 3, 1, 1, 0, 1, 1, 3, 3, 1, 1, 1, 1, 3, 0, 2, 2, 0, 2, 0, 3, 0, 3, 3, 1, 1, 0, 0, 1, 0, 0, 1, 1, 1, 0, 0, 2, 0, 3, 3, 3, 0, 3, 0, 2, 0, 0, 3, 2, 2], "predicted_labels": [0, 0, 1, 0, 0, 3, 3, 1, 3, 1, 1, 3, 1, 0, 1, 1, 3, 1, 1, 2, 3, 1, 3, 1, 0, 1, 0, 2, 0, 1, 3, 1, 1, 1, 3, 1, 3, 0, 1, 3, 3, 1, 0, 0, 3, 3, 1, 0, 3, 3, 0, 2, 3, 0, 1, 0, 1, 3, 0, 1, 3, 0, 1, 0, 1, 1, 0, 1, 1, 0, 0, 3, 0, 0, 1, 0, 3, 3, 1, 1, 3, 1, 3, 1, 3, 0, 1, 2, 3, 1, 0, 3, 0, 0, 1, 3, 3, 1, 1, 1, 0, 3, 1, 0, 3, 3, 3, 0, 3, 3, 0, 0, 0, 1, 3, 0, 3, 3, 3, 0, 0, 3, 0, 1, 1, 3, 3, 0, 2, 1, 0, 1, 3, 0, 0, 3, 2, 0, 1, 1, 3, 3], "confidence_scores": [[0.2522303431787901, 0.29373793002918275, 0.2555132265362221, 0.19851850025580509], [0.2722802850222365, 0.285270960692073, 0.14517182784228932, 0.2972769264434013], [0.25010671291887154, 0.28945192938776704, 0.17762295091664568, 0.2828184067767158], [0.2949031787681279, 0.2600737340542156, 0.12453961168384024, 0.320483475493816], [0.2739541985854657, 0.28362659973100457, 0.14199464942111018, 0.30042455226241943], [0.21402516649410835, 0.2739458917520849, 0.2131043512137655, 0.2989245905400411], [0.2492794392066207, 0.27494134606488574, 0.1995497866107971, 0.2762294281176964], [0.2616930144737281, 0.29196860158262083, 0.16676991319858372, 0.2795684707450672], [0.2773612684283348, 0.2586719979687593, 0.13084358249802483, 0.33312315110488105], [0.2369510242490699, 0.29711464298230633, 0.2481412559732103, 0.21779307679541354], [0.270568373346496, 0.2935292342200696, 0.15524272628468452, 0.28065966614874954], [0.24926324126479102, 0.2671014317395817, 0.15524385391602435, 0.32839147307960304], [0.255386707191913, 0.2848573162259573, 0.20294228451271418, 0.2568136920694154], [0.2816700563608721, 0.29449895764404055, 0.18365807634678735, 0.24017290964829988], [0.24219653634967092, 0.3049703263435471, 0.1840047908991428, 0.2688283464076393], [0.2436260100665126, 0.30311330866137604, 0.19253618511755025, 0.26072449615456095], [0.24984227984975135, 0.26890503672773797, 0.1652850091281509, 0.3159676742943596], [0.239606994216991, 0.3169603535980894, 0.22613661356125878, 0.2172960386236607], [0.23447928189347872, 0.2915330788198557, 0.23372480342833055, 0.2402628358583351], [0.2059253171204473, 0.2873439127775655, 0.28508157941939216, 0.22164919068259475], [0.22438896268278066, 0.26872627722449627, 0.16686908223237332, 0.3400156778603499], [0.206032176355935, 0.30396427926438907, 0.24853235736754495, 0.2414711870121307], [0.22550226668062925, 0.2638242170827022, 0.21072889251519794, 0.2999446237214707], [0.24800393158842543, 0.28339405793517397, 0.18927093137022194, 0.279331079106179], [0.2439913949887173, 0.2868153612676287, 0.250651737485261, 0.2185415062583928], [0.24460869285190484, 0.30299115102145335, 0.26798543352819987, 0.18441472259844188], [0.28460062923614765, 0.30055104101066626, 0.12577059222208967, 0.2890777375310963], [0.21040663997551415, 0.2969998065136028, 0.29567289007796405, 0.19692066343291859], [0.27307280439888165, 0.27066068854694203, 0.1735676472156967, 0.2826988598384797], [0.2484144564852412, 0.3017247184065522, 0.17750626303133527, 0.2723545620768713], [0.25200264159420677, 0.2771209524979884, 0.14006742965339317, 0.33080897625441136], [0.23244871509118487, 0.2834664666964178, 0.19653940288191982, 0.28754541533047756], [0.25755813712645564, 0.3330225821949271, 0.178112117976939, 0.2313071627016784], [0.2863694358384115, 0.29824132940412673, 0.10181951894393743, 0.3135697158135248], [0.26209892761027753, 0.2791876975363898, 0.15989338166971073, 0.29881999318362185], [0.23591570898899147, 0.30523363580911234, 0.19357194559494334, 0.2652787096069531], [0.2848644851746921, 0.2820607038109538, 0.1056766145503686, 0.3273981964639855], [0.2928699373651343, 0.2596522144091155, 0.11693382565388577, 0.33054402257186466], [0.24189101559700865, 0.2946482220874139, 0.15327678104526848, 0.31018398127030905], [0.2750538697149481, 0.25333143765231575, 0.12623079821890787, 0.3453838944138284], [0.2876257922517708, 0.24413569651208747, 0.11861207908112988, 0.3496264321550118], [0.2517920972091933, 0.31802841806430854, 0.2273136170746369, 0.20286586765186138], [0.2885543976724444, 0.3011810994006614, 0.09100865451951616, 0.3192558484073783], [0.2656771564845025, 0.2918612064862483, 0.15713104809433337, 0.2853305889349158], [0.2437487333497468, 0.25749195953548615, 0.1651504015754267, 0.33360890553934036], [0.275398593794766, 0.25193854983468267, 0.14858223018082842, 0.32408062618972283], [0.2675831395786714, 0.302434297824303, 0.12326525427430648, 0.3067173083227191], [0.24385219016603896, 0.27773056259976303, 0.2308119008702016, 0.24760534636399645], [0.28938624771859955, 0.29208620583977124, 0.08344011068023584, 0.3350874357613932], [0.23010853613195242, 0.2628467160167229, 0.18643717900129586, 0.3206075688500289], [0.26046689053420036, 0.27562032807783643, 0.2325656527838828, 0.23134712860408013], [0.20500110892445803, 0.24763143882124675, 0.3183258527847814, 0.22904159946951397], [0.21976384588602946, 0.2570250140058237, 0.22727465833172855, 0.29593648177641835], [0.2939041243560247, 0.2563910503560923, 0.09968168528771267, 0.3500231400001705], [0.25899136333805256, 0.2864193785348226, 0.19169104279412805, 0.26289821533299695], [0.27840519098712463, 0.307223500719829, 0.19261311533022413, 0.22175819296282195], [0.2807269848721575, 0.29188891839058706, 0.10914160824005269, 0.3182424884972026], [0.2554901907301127, 0.2731773934044623, 0.1599613446005802, 0.31137107126484487], [0.27421128636415554, 0.2607127169815929, 0.14334205288266652, 0.3217339437715851], [0.24768097150773652, 0.28485238625554243, 0.1823715300016611, 0.28509511223505973], [0.2890576476369527, 0.2624739067021627, 0.09407361015170415, 0.35439483550918044], [0.28347064731744676, 0.24819165324074605, 0.1300704690969706, 0.3382672303448365], [0.2503987498144971, 0.29895095382702264, 0.16709811462822524, 0.28355218173025504], [0.2818718722398981, 0.28461102759544604, 0.12254678884321936, 0.31097031132143643], [0.27128058243799674, 0.2944489299563865, 0.14158479092999826, 0.29268569667561867], [0.26716938660858647, 0.3055059960771317, 0.16494977182662085, 0.262374845487661], [0.28802011808008204, 0.26117829843291884, 0.10173632204770673, 0.3490652614392924], [0.238349590988874, 0.28670674986624756, 0.21656279228034242, 0.2583808668645364], [0.2727554225450465, 0.3008286507572713, 0.11190112001280522, 0.3145148066848772], [0.2808944750684402, 0.3078954494347856, 0.1650822758853582, 0.2461277996114163], [0.2656949783610876, 0.3084040116501138, 0.2009141723850541, 0.22498683760374472], [0.28610601277887066, 0.2655696624095791, 0.1024842881187967, 0.34584003669275365], [0.2917295209370404, 0.29340657172988527, 0.12943276828931483, 0.2854311390437596], [0.2932794698944279, 0.26950797143051736, 0.09096584460511861, 0.34624671406993635], [0.25641128099522337, 0.281046192289813, 0.19785666375924033, 0.2646858629557235], [0.25868384087189134, 0.28520979742475333, 0.19649814106664532, 0.25960822063671], [0.2698732541684953, 0.2719447607698555, 0.13734735094634345, 0.3208346341153059], [0.23347756985944876, 0.2520015258178384, 0.2032953095815066, 0.31122559474120626], [0.2566132547564952, 0.31971964966364574, 0.1467502018663177, 0.27691689371354117], [0.2840744072594132, 0.29880387744136566, 0.09356499279790952, 0.3235567225013118], [0.2615233290883965, 0.28457033184183606, 0.14429393006482188, 0.3096124090049454], [0.25139030917651417, 0.29124860323017004, 0.16842224139497605, 0.28893884619834015], [0.24271319390940485, 0.2642910833721659, 0.2067363429489742, 0.286259379769455], [0.24524250067212308, 0.2821383265096669, 0.17926325595749112, 0.2933559168607189], [0.2926270453639887, 0.2623085959873031, 0.08620205326551128, 0.3588623053831968], [0.30137897133535146, 0.27493756581933504, 0.08186003045511148, 0.34182343239020196], [0.24853121860461425, 0.3017378205270943, 0.14385544511163154, 0.3058755157566599], [0.2143387643953455, 0.28269317773148017, 0.2939592010650867, 0.20900885680808778], [0.27588171297217123, 0.28169780159384156, 0.12951198951045342, 0.31290849592353376], [0.2673603214549412, 0.30229583399854343, 0.16809699417518842, 0.2622468503713267], [0.2915769647333321, 0.277232975689871, 0.11212303157028139, 0.3190670280065157], [0.23762281665364768, 0.27983049454017206, 0.18965721510148403, 0.29288947370469626], [0.28662880816627384, 0.31355891005769004, 0.14290116429696104, 0.2569111174790749], [0.28538006342502414, 0.3047219096067683, 0.12375762574995214, 0.2861404012182554], [0.2410733747808028, 0.3134954755034143, 0.15945970899867995, 0.2859714407171031], [0.2374850946272208, 0.275613572210775, 0.16813781498010247, 0.3187635181819018], [0.24822389876193407, 0.24447886692678297, 0.12998592226033975, 0.37731131205094337], [0.26575284560838525, 0.31412258064831633, 0.14231487182862784, 0.2778097019146706], [0.2777257341398329, 0.30683844354399653, 0.11181184506174453, 0.30362397725442575], [0.24793176335661618, 0.301937306835981, 0.16320452944600233, 0.2869264003614008], [0.2836763251055121, 0.27403575249501394, 0.10902864749605604, 0.3332592749034176], [0.2686025618293452, 0.28197683930023737, 0.12811614011021918, 0.3213044587601981], [0.24898176512242387, 0.2845704276182224, 0.1681004657817848, 0.298347341477569], [0.26805833108521515, 0.26649345977652444, 0.17905237087114698, 0.2863958382671135], [0.2649309400784309, 0.2817253221379258, 0.1464895493307826, 0.3068541884528605], [0.2788219160421409, 0.2778637540530475, 0.08753188405417038, 0.35578244585064106], [0.2749212499118956, 0.2686233392430631, 0.12440438195656987, 0.3320510288884716], [0.2880625221674968, 0.28389004192070466, 0.10841030768207179, 0.3196371282297269], [0.23432602748157752, 0.27453732003408865, 0.18991756993358397, 0.3012190825507498], [0.27280294684696016, 0.28468024000780046, 0.11219379778525232, 0.33032301535998715], [0.2715162455566262, 0.2835470540131955, 0.17792006924542136, 0.2670166311847568], [0.277338216268437, 0.25575465728837676, 0.1375044010295239, 0.3294027254136622], [0.29723255027325085, 0.2610364945664953, 0.09961379765939296, 0.34211715750086136], [0.2808320713783368, 0.29344756239325714, 0.112872490309842, 0.31284787591856406], [0.2813237555209846, 0.28986063380889454, 0.10362531742053617, 0.32519029324958443], [0.2856655937703144, 0.27762282067555166, 0.15001262998947698, 0.2866989555646568], [0.2873582492517083, 0.26128624010287166, 0.0982333554629685, 0.35312215518245144], [0.26455956475802983, 0.2562105057221318, 0.16638201301407893, 0.31284791650575955], [0.27757693266992683, 0.2794939859180672, 0.12169744991128874, 0.3212316315007172], [0.2854869933451896, 0.2898528283121391, 0.11333084284397821, 0.3113293354986933], [0.27266720379247517, 0.29708758917494316, 0.17790122318961135, 0.2523439838429702], [0.2725739260754341, 0.2753603846163786, 0.11352996847882388, 0.3385357208293634], [0.2915286241064903, 0.2891015134414376, 0.1067780310593461, 0.312591831392726], [0.24382026383701214, 0.2919875681750895, 0.17160334801434324, 0.29258881997355524], [0.2727395613781581, 0.28888867245917166, 0.1442765695812861, 0.2940951965813838], [0.2622597795288133, 0.2736586888554879, 0.15183794852088922, 0.3122435830948096], [0.2791337034328551, 0.24367900160586312, 0.10546610501238668, 0.3717211899488952], [0.30185274735402884, 0.2791018022643594, 0.08316434609310147, 0.3358811042885106], [0.2370525643729992, 0.27940322164548465, 0.23823438784937884, 0.2453098261321374], [0.25427454892824813, 0.2930169390602936, 0.17588791326276057, 0.27682059874869747], [0.27919562657285807, 0.28054536384740053, 0.1345027696831014, 0.30575623989664], [0.2724705636949614, 0.30466352441092653, 0.12543654049585265, 0.2974293713982593], [0.2656410842656865, 0.2756002145165191, 0.15285255560677866, 0.3059061456110159], [0.2829074580986555, 0.2902756003176733, 0.12139310747647404, 0.30542383410719703], [0.2898814733046471, 0.2830349345252657, 0.135917965280907, 0.2911656268891801], [0.2848690143152209, 0.26491720754492165, 0.09566121626962396, 0.35455256187023376], [0.20134557080536755, 0.28097191831092844, 0.2579774355981334, 0.25970507528557046], [0.29558732658401216, 0.2450507935850497, 0.0946818621985491, 0.36468001763238894], [0.26214521230386445, 0.28849698735937124, 0.148102622202793, 0.30125517813397146], [0.2567096406728285, 0.27972689557854935, 0.1804075797032757, 0.28315588404534625], [0.255483522146886, 0.2810921405264387, 0.1558162086256742, 0.307608128701001], [0.25728745084044113, 0.2771633994540516, 0.14297223204713608, 0.3225769176583711]]}}