{"test": {"ids": ["103111830", "104114230", "98116090", "105111990", "104110960", "112121351", "97106591", "98112300", "101111140", "110118301", "111116090", "98107410", "98116940", "111116010", "110117870", "100112060", "111120260", "113122170", "98109570", "103109791", "108118301", "110121170", "110118450", "99109860", "103113170", "111116411", "112121010", "106116120", "109117150", "112121410", "101108370", "109115220", "97113260", "109117630", "97107950", "112119610", "97105760", "111116100", "108118060", "112118820", "111121351", "107118820", "113120601", "112116810", "109114030", "98108580", "106111321", "111117200", "111115770", "101112201", "107116980", "112116800", "112118810", "109119591", "104111780", "111120540", "110116300", "113117550", "109114651", "106114011", "104119290", "107113260", "109119450", "107121640", "99108460", "111118810", "108115250", "107114621", "98121790", "112120670", "112119500", "109118701", "100108490", "105116090", "107116340", "110120560", "103110840", "113119450", "97105960", "97105451", "110114720", "113117340", "105115380", "110113931", "102121700", "105112240", "107115250", "107114110", "108114360", "109117600", "97106600", "112120630", "110120700", "101112690", "110118181", "111117000", "109114720", "102107961", "108119550", "98108370", "104111880", "109116441", "110120640", "110115890", "113119930", "104113210", "108117451", "110118810", "110118121", "103110100", "107119390", "100108990", "102118380", "111119930", "98108970", "109121410", "100116790", "113119120", "102109840", "111119950", "106119260", "108117610", "102110890", "101110740", "107113360", "98111670", "103118110", "109119010", "106116820", "98108520", "108119330", "108121160", "105113170", "111119290", "110121140", "99109780", "104113380", "108117360", "107117010", "97114170", "108118630", "111120640"], "labels": [3, 2, 0, 2, 2, 0, 1, 2, 2, 1, 3, 3, 2, 1, 3, 2, 3, 1, 1, 3, 1, 2, 0, 2, 3, 0, 2, 1, 2, 0, 1, 3, 1, 0, 2, 0, 0, 3, 1, 0, 0, 3, 2, 3, 1, 0, 0, 0, 3, 0, 3, 0, 3, 0, 3, 1, 3, 3, 3, 1, 1, 0, 3, 1, 0, 0, 1, 0, 2, 2, 2, 3, 2, 1, 3, 0, 1, 3, 2, 0, 3, 2, 1, 1, 1, 1, 2, 1, 1, 1, 3, 3, 2, 1, 1, 0, 0, 3, 1, 1, 3, 3, 0, 2, 1, 3, 2, 1, 3, 1, 2, 2, 1, 1, 3, 0, 2, 3, 2, 0, 1, 3, 0, 3, 0, 1, 2, 3, 1, 2, 0, 2, 0, 3, 3, 2, 1, 1, 1, 2, 1, 0], "predicted_labels": [3, 3, 1, 3, 0, 0, 1, 0, 3, 1, 0, 2, 1, 2, 1, 1, 1, 0, 3, 3, 3, 1, 1, 1, 0, 3, 1, 0, 1, 3, 0, 3, 3, 1, 3, 3, 0, 1, 0, 1, 3, 1, 1, 0, 2, 1, 0, 0, 1, 1, 0, 3, 1, 1, 1, 3, 1, 1, 0, 1, 1, 2, 1, 0, 3, 3, 2, 1, 3, 3, 1, 3, 0, 3, 1, 0, 0, 0, 3, 0, 1, 1, 0, 1, 0, 1, 1, 3, 3, 0, 2, 0, 1, 3, 1, 1, 2, 3, 1, 1, 3, 1, 0, 3, 0, 3, 3, 1, 1, 0, 3, 3, 0, 3, 1, 0, 0, 3, 3, 3, 0, 3, 1, 1, 1, 2, 3, 3, 0, 3, 0, 3, 3, 3, 1, 3, 1, 2, 2, 3, 3, 1], "confidence_scores": [[0.31256868999853804, 0.22131537218220315, 0.10745822221977781, 0.3586577155994812], [0.2725480217300184, 0.17513713014444876, 0.1917330535404612, 0.3605817945850718], [0.13080014520723837, 0.5915518929355957, 0.0529733601342347, 0.2246746017229311], [0.22469390182064508, 0.1405884873120277, 0.08038476528190064, 0.5543328455854266], [0.4611752234526952, 0.20794230289548427, 0.15142953824373284, 0.17945293540808774], [0.32599000229579284, 0.17978392989039615, 0.19247557468877202, 0.301750493125039], [0.1684040027697269, 0.35283018684146267, 0.2570340767370362, 0.22173173365177418], [0.6244437352419674, 0.11725351582822209, 0.07467552917203951, 0.1836272197577711], [0.2976503770183586, 0.19120479875484722, 0.19435833512816847, 0.31678648909862583], [0.1381146074610056, 0.5360428813053281, 0.1440627232207788, 0.1817797880128875], [0.43023237909045003, 0.197282126817498, 0.10416791338360092, 0.26831758070845113], [0.24771405730592, 0.20668066057650766, 0.3618141019376421, 0.1837911801799305], [0.10232168693544105, 0.4087123270400366, 0.3720739846386844, 0.116892001385838], [0.1185555722774219, 0.2812873833368215, 0.32980733608432955, 0.2703497083014269], [0.10483628355688668, 0.5462059480559128, 0.16652736433291312, 0.18243040405428743], [0.20247562996418217, 0.3369908174801692, 0.2350797746028509, 0.22545377795279764], [0.20358159242847484, 0.542655370928338, 0.07377492791880313, 0.179988108724384], [0.4701604029650098, 0.1521190880433824, 0.061554439803088945, 0.3161660691885187], [0.17394539670078812, 0.15043586646325752, 0.10125545959058535, 0.574363277245369], [0.34822717315162816, 0.1293427397250598, 0.16862783042281587, 0.3538022567004963], [0.28989413285834165, 0.26755491470664844, 0.11826919159997452, 0.3242817608350354], [0.10687774904533046, 0.35386845043337484, 0.21307943353488498, 0.32617436698640967], [0.14045276759827324, 0.4521114500145105, 0.25262301422702643, 0.15481276816018996], [0.1682122800832459, 0.4456844230092286, 0.16854069685421327, 0.21756260005331227], [0.31207336349944725, 0.25280475013850984, 0.1945020436857328, 0.2406198426763102], [0.3819437055282993, 0.08051436159473278, 0.06329765568830754, 0.4742442771886604], [0.3311698094996033, 0.33978245078877545, 0.22258773073467086, 0.10646000897695054], [0.370539073532542, 0.31379796156544676, 0.10854450000579273, 0.20711846489621852], [0.24121344662346522, 0.29289244834960915, 0.2506664060069653, 0.21522769901996022], [0.1528954725198088, 0.36265900772071874, 0.11912112892165413, 0.3653243908378185], [0.43128938887455026, 0.26928676603169127, 0.12182382855969609, 0.17760001653406254], [0.28461403789972123, 0.08777929273054075, 0.0724949264091422, 0.5551117429605958], [0.1520694163086802, 0.2609104422727367, 0.09090899551415971, 0.49611114590442335], [0.26345113421780353, 0.4350760835488726, 0.12682281855708838, 0.17464996367623556], [0.14445826903031425, 0.3024972519970463, 0.14516943696866, 0.40787504200397945], [0.21545333638456224, 0.2664114696877689, 0.2410321184368826, 0.2771030754907863], [0.41542147115296363, 0.16048694510793463, 0.17311742117828016, 0.2509741625608216], [0.24895559351893884, 0.3140486340438436, 0.1711648500425279, 0.2658309223946895], [0.38725887530490677, 0.1407782782644158, 0.23031417281150462, 0.24164867361917272], [0.1462656326816526, 0.42354806824632707, 0.04606155791196861, 0.38412474116005174], [0.198150061817479, 0.14212349290077805, 0.11822800334714655, 0.5414984419345964], [0.24185155842714198, 0.3223115831729674, 0.11611419855821292, 0.31972265984167775], [0.10742038415420863, 0.6711686293513106, 0.05701009406629406, 0.16440089242818687], [0.6865714040027587, 0.09209315880040472, 0.06474327067330832, 0.15659216652352828], [0.18020561412390546, 0.20637357017125488, 0.3258707963003875, 0.2875500194044522], [0.214578978566259, 0.3714476689984432, 0.10015302048626527, 0.3138203319490325], [0.3558626633754146, 0.2810722395125835, 0.13344538517065335, 0.22961971194134867], [0.4175478094603808, 0.12953871900212047, 0.10813903413676754, 0.34477443740073127], [0.2914594435596437, 0.2960414812863759, 0.18685898725396702, 0.22564008790001325], [0.2114270908309766, 0.5330365079130364, 0.0963152905844424, 0.15922111067154465], [0.38934229392002606, 0.3779892532601518, 0.11024005119523418, 0.12242840162458804], [0.27418160299549393, 0.23814568720922258, 0.17899362345912773, 0.30867908633615576], [0.08805569733568927, 0.5964725747436814, 0.05302935466588612, 0.26244237325474307], [0.12484508323092898, 0.49602923146637173, 0.07983281067561303, 0.2992928746270865], [0.2484530557951502, 0.3257949210265097, 0.1476424663334088, 0.27810955684493144], [0.20730672200109249, 0.20212907823080625, 0.23325528619029795, 0.35730891357780326], [0.1914107855277921, 0.3876365689336955, 0.11118542765242674, 0.3097672178860857], [0.22220421465961726, 0.3179264735834908, 0.198771834803971, 0.261097476952921], [0.40812439397544087, 0.18646348698851853, 0.18659989864044665, 0.21881222039559395], [0.16834670839660998, 0.37902391563582644, 0.24191425330816207, 0.21071512265940157], [0.13865079874836364, 0.35099745747569083, 0.2547423183651679, 0.25560942541077736], [0.16843712388806253, 0.204815288516097, 0.3776646439127309, 0.24908294368310963], [0.15613279650779632, 0.358251695865231, 0.28718089446676814, 0.19843461316020466], [0.5249355532817803, 0.14083457321913276, 0.08469660080991082, 0.24953327268917602], [0.21170909162327997, 0.22042386144758233, 0.09834783711439406, 0.4695192098147436], [0.2475205406238764, 0.20227102056666307, 0.06368966736023884, 0.48651877144922173], [0.18093935901935695, 0.20746461245896666, 0.3190241383028515, 0.29257189021882496], [0.17362919645889688, 0.41303972738644684, 0.08830041081403352, 0.3250306653406227], [0.08360150795149916, 0.2911899186597945, 0.13812896371001535, 0.4870796096786911], [0.29033973648646333, 0.2481196589673439, 0.1682199710409019, 0.2933206335052908], [0.17625921420200735, 0.4779415111320944, 0.13161744040373546, 0.21418183426216264], [0.13674021306925196, 0.28871254589380396, 0.16019934814951656, 0.41434789288742757], [0.372329411003602, 0.29640874006260387, 0.11838066647377099, 0.21288118246002324], [0.21495994302604265, 0.25362262252132833, 0.22181627786868102, 0.3096011565839481], [0.15801044004786832, 0.43093775348125746, 0.18135872417787968, 0.2296930822929946], [0.44196658663027216, 0.29605184327414386, 0.12314353032815017, 0.13883803976743392], [0.5104855669639705, 0.3171809490544577, 0.06886075516946842, 0.10347272881210334], [0.4213506812222293, 0.19550411508020163, 0.07773123217117894, 0.30541397152639005], [0.12319444415603957, 0.3390447356277096, 0.14301844230957028, 0.39474237790668065], [0.634530263804987, 0.1303139755228516, 0.07090201747986098, 0.1642537431923005], [0.17592825771476603, 0.4213749077048533, 0.17277334988769147, 0.2299234846926891], [0.24909658581746535, 0.37336715953289107, 0.15059004201763895, 0.22694621263200465], [0.33110044458413235, 0.3296917437716895, 0.1391287551101615, 0.20007905653401653], [0.2655571964217499, 0.4435441195953418, 0.07630270747614701, 0.21459597650676118], [0.4229306771249127, 0.18493997194484302, 0.2526916108617049, 0.13943774006853943], [0.16582166644688842, 0.5571931303105455, 0.055795883063778695, 0.22118932017878754], [0.25673772039209813, 0.47684772867637504, 0.12592920442245706, 0.14048534650907], [0.32838467795010345, 0.09970014589892509, 0.08580056770758056, 0.4861146084433908], [0.18367140015143985, 0.2103141988607316, 0.2067230565935369, 0.3992913443942918], [0.43596259306867885, 0.16192823391271166, 0.19579888611906496, 0.2063102868995444], [0.17493198228798618, 0.19234379999460824, 0.4684295696434292, 0.1642946480739765], [0.31923202410288776, 0.18941890372985384, 0.23089572063091165, 0.26045335153634674], [0.1535553763463001, 0.5715266614590852, 0.07733364298659112, 0.19758431920802363], [0.11234651964027231, 0.16890503557206762, 0.14091170858665367, 0.5778367362010064], [0.24041369316601524, 0.3360265785250621, 0.1371920929448002, 0.28636763536412263], [0.07980600243101674, 0.7063672416265425, 0.04515890881664381, 0.1686678471257969], [0.15780263701809122, 0.26863289610557906, 0.28856173197680934, 0.2850027348995204], [0.31732329344413973, 0.1916611660105061, 0.15580371352517214, 0.33521182702018193], [0.2608257740846813, 0.35057387466783274, 0.1235248893784803, 0.26507546186900566], [0.13505039698412352, 0.41471616978654224, 0.19357285097792137, 0.25666058225141286], [0.12055072973569952, 0.23478681683322133, 0.28142878972358576, 0.36323366370749355], [0.2893338741894416, 0.3161373132063727, 0.08203254028377108, 0.3124962723204146], [0.42980253614737784, 0.29223637545919495, 0.11704420019643526, 0.160916888196992], [0.09607936509006286, 0.3736792387044827, 0.10998284367953812, 0.4202585525259165], [0.36184464888011997, 0.1797301912604748, 0.12878921362132253, 0.32963594623808273], [0.24247168913954933, 0.1926096845867218, 0.19470287857385804, 0.37021574769987087], [0.2954144428617591, 0.16343571832289056, 0.04447710860330748, 0.496672730212043], [0.19731042217694925, 0.506367961016811, 0.09314128955364769, 0.20318032725259214], [0.23284746475971127, 0.3335258299144508, 0.1492944669712881, 0.28433223835454985], [0.48196009195988776, 0.11983125044895696, 0.12371871299410023, 0.2744899445970551], [0.22553350371502254, 0.21009011481226092, 0.14547512743308802, 0.4189012540396284], [0.21288207570619308, 0.14265459059259547, 0.07344570631987694, 0.5710176273813343], [0.39084534525694575, 0.2715251710432585, 0.10886992661491605, 0.22875955708487974], [0.2552538832408314, 0.2617497701583872, 0.1606627512304821, 0.3223335953702992], [0.09035387634370812, 0.5009331648816665, 0.2221592499282661, 0.18655370884635938], [0.32126216138506697, 0.2974349965776283, 0.13373685574717817, 0.24756598629012663], [0.4571995300266851, 0.2635952637845095, 0.10877780322552898, 0.1704274029632764], [0.20071804733396673, 0.32456045272926315, 0.07825230069933795, 0.3964691992374322], [0.24410842869993618, 0.1948385863265344, 0.1076352795133725, 0.453417705460157], [0.22086779326797865, 0.20895831491282332, 0.2243848465341888, 0.3457890452850092], [0.33957365224765174, 0.16571883416163813, 0.23341657651439277, 0.2612909370763174], [0.14759865270735334, 0.19094614100484572, 0.24323269740338058, 0.4182225088844203], [0.23449051732604323, 0.2644325371422439, 0.2404705015553437, 0.2606064439763693], [0.3118736705860848, 0.3277681874098591, 0.23563484271142676, 0.12472329929262933], [0.27866438030463564, 0.3009816844453515, 0.19785178055215294, 0.22250215469786], [0.22228454839885994, 0.13412607128822218, 0.3781206339909909, 0.2654687463219271], [0.20771339607738729, 0.23486879281530318, 0.2092544690699213, 0.34816334203738825], [0.1396889476745295, 0.16616799171104663, 0.16315034059531014, 0.5309927200191137], [0.37078558982304755, 0.2571812141256078, 0.16788205376583093, 0.20415114228551384], [0.2890071403746042, 0.30631009529651365, 0.08880821033293475, 0.31587455399594766], [0.3590871329900625, 0.18077095955208347, 0.1714520446942552, 0.28868986276359876], [0.35515294910807266, 0.13259892295747636, 0.12533190250522683, 0.3869162254292244], [0.2553171380030902, 0.199850745890078, 0.19390146307330028, 0.35093065303353144], [0.0691893930941762, 0.19190179743758262, 0.20991972980504325, 0.528989079663198], [0.19869732210614421, 0.3408759339878756, 0.21332090114934169, 0.24710584275663844], [0.16889992263268255, 0.33189349211569946, 0.15632061940252812, 0.34288596584909], [0.12361498883863009, 0.49264214079502305, 0.20115936494819953, 0.1825835054181473], [0.1946848992643432, 0.13141995646071708, 0.3764849081996174, 0.29741023607532246], [0.061432319067428055, 0.09506819359561557, 0.7288198835119678, 0.11467960382498872], [0.17483326029423615, 0.20163391704735276, 0.1607635456746058, 0.46276927698380516], [0.1307259156673088, 0.2549329944462734, 0.23109036142812742, 0.38325072845829045], [0.20091785541989438, 0.4017805392626966, 0.2013224899028572, 0.1959791154145518]]}, "rewritten": {"ids": ["97105451", "97105760", "97105960", "97106591", "97106600", "97107950", "97113260", "97114170", "98107410", "98108370", "98108520", "98108580", "98108970", "98109570", "98111670", "98112300", "98116090", "98116940", "98121790", "99108460", "99109780", "99109860", "100108490", "100108990", "100112060", "100116790", "101108370", "101110740", "101111140", "101112201", "101112690", "102107961", "102109840", "102110890", "102118380", "102121700", "103109791", "103110100", "103110840", "103111830", "103113170", "103118110", "104110960", "104111780", "104111880", "104113210", "104113380", "104114230", "104119290", "105111990", "105112240", "105113170", "105115380", "105116090", "106111321", "106114011", "106116120", "106116820", "106119260", "107113260", "107113360", "107114110", "107114621", "107115250", "107116340", "107116980", "107117010", "107118820", "107119390", "107121640", "108114360", "108115250", "108117360", "108117451", "108117610", "108118060", "108118301", "108118630", "108119330", "108119550", "108121160", "109114030", "109114651", "109114720", "109115220", "109116441", "109117150", "109117600", "109117630", "109118701", "109119010", "109119450", "109119591", "109121410", "110113931", "110114720", "110115890", "110116300", "110117870", "110118121", "110118181", "110118301", "110118450", "110118810", "110120560", "110120640", "110120700", "110121140", "110121170", "111115770", "111116010", "111116090", "111116100", "111116411", "111117000", "111117200", "111118810", "111119290", "111119930", "111119950", "111120260", "111120540", "111120640", "111121351", "112116800", "112116810", "112118810", "112118820", "112119500", "112119610", "112120630", "112120670", "112121010", "112121351", "112121410", "113117340", "113117550", "113119120", "113119450", "113119930", "113120601", "113122170"], "labels": [0, 0, 2, 1, 3, 2, 1, 2, 3, 1, 2, 0, 3, 1, 1, 2, 0, 2, 2, 0, 2, 2, 2, 2, 2, 2, 1, 3, 2, 0, 1, 3, 2, 0, 1, 1, 3, 1, 1, 3, 3, 2, 2, 3, 3, 3, 1, 2, 1, 2, 1, 0, 1, 1, 0, 1, 1, 1, 1, 0, 0, 1, 0, 2, 3, 3, 1, 3, 2, 1, 1, 1, 1, 2, 3, 1, 1, 1, 0, 1, 2, 1, 3, 0, 3, 3, 2, 1, 0, 3, 3, 3, 0, 0, 1, 3, 2, 3, 3, 3, 1, 1, 0, 1, 0, 0, 2, 3, 2, 3, 1, 3, 3, 0, 0, 0, 0, 3, 1, 0, 3, 1, 0, 0, 0, 3, 3, 0, 2, 0, 3, 2, 2, 0, 0, 2, 3, 3, 3, 1, 2, 1], "predicted_labels": [0, 3, 2, 0, 2, 1, 3, 3, 0, 1, 1, 3, 1, 3, 3, 0, 1, 1, 3, 3, 1, 1, 0, 3, 1, 1, 1, 1, 3, 0, 0, 1, 3, 0, 1, 2, 3, 0, 1, 3, 1, 3, 0, 1, 3, 3, 1, 2, 1, 3, 1, 3, 1, 0, 0, 1, 0, 0, 3, 0, 1, 3, 1, 3, 1, 0, 2, 3, 3, 3, 3, 3, 3, 3, 3, 0, 3, 1, 0, 3, 0, 3, 0, 2, 3, 3, 0, 0, 1, 3, 3, 1, 1, 0, 3, 1, 3, 3, 1, 1, 1, 1, 1, 1, 0, 1, 1, 0, 0, 2, 1, 0, 1, 3, 1, 3, 3, 3, 1, 0, 1, 1, 1, 0, 3, 0, 3, 3, 1, 1, 0, 1, 1, 3, 3, 1, 1, 3, 3, 0, 1, 3], "confidence_scores": [[0.5030510461621418, 0.11815578818113294, 0.08352484811012681, 0.29526831754659844], [0.20505175065623754, 0.2233766192887672, 0.19887473450413942, 0.37269689555085583], [0.11669138580770455, 0.1707442640291532, 0.43999681742588864, 0.27256753273725354], [0.5671506723911856, 0.12745750024601593, 0.06465391555397064, 0.24073791180882784], [0.16533323994077928, 0.3036962494895244, 0.3208359453611299, 0.2101345652085664], [0.1330013260547527, 0.3616823837095821, 0.17074559074309664, 0.33457069949256857], [0.15443669580345135, 0.21586226733053443, 0.09355818313941286, 0.5361428537266013], [0.13331563735717605, 0.31691690376847653, 0.1138311691692078, 0.43593628970513953], [0.3899369661935262, 0.16984483770250816, 0.26368211366483735, 0.1765360824391283], [0.14531434882310248, 0.4100331151222006, 0.28484964220258047, 0.1598028938521165], [0.15839157022203817, 0.48525386573429125, 0.1461960935631884, 0.21015847048048236], [0.17007297693729773, 0.23545733311484812, 0.09509339790120458, 0.49937629204664963], [0.14629222685810658, 0.49050238453905165, 0.19831108495852776, 0.16489430364431407], [0.15157654153771533, 0.24501995730031811, 0.06591902841801164, 0.5374844727439548], [0.2878138461688485, 0.17846013523617724, 0.21389189208257492, 0.3198341265123994], [0.5033871251302428, 0.15039643245072543, 0.1570558807544411, 0.1891605616645906], [0.2654824684222136, 0.3199900194822215, 0.19660391758975787, 0.21792359450580703], [0.1715680654048058, 0.5497135175514882, 0.1486136136804074, 0.13010480336329863], [0.14955347212312992, 0.26702131081475566, 0.27314717957755386, 0.31027803748456073], [0.271407868435967, 0.11849526628256313, 0.10148278118902279, 0.5086140840924471], [0.2338565590367453, 0.3664775298368697, 0.13794410963989542, 0.2617218014864895], [0.20269895406548638, 0.3241062570125477, 0.2670684292419681, 0.20612635967999782], [0.42993095941719167, 0.18854401719373942, 0.20416687013753435, 0.17735815325153467], [0.27059040411883467, 0.12617297257259796, 0.053641253685825424, 0.5495953696227418], [0.3033517700678468, 0.3548293176307801, 0.12687466892496552, 0.21494424337640766], [0.24708981816778922, 0.39869335574132536, 0.10608560881849348, 0.2481312172723919], [0.2644405541040704, 0.3922297375794111, 0.09869542032017739, 0.24463428799634113], [0.31587643694676276, 0.33727449827173694, 0.155570440354695, 0.19127862442680527], [0.3152720921790776, 0.1761885839376743, 0.17087905801585768, 0.3376602658673906], [0.40839360527323165, 0.30991558610671516, 0.12130094647905298, 0.1603898621410002], [0.30469756792296293, 0.28191517910811104, 0.16846446912758575, 0.24492278384134036], [0.18098091479234904, 0.3460754309784915, 0.1900936189391979, 0.2828500352899617], [0.30293618281570667, 0.1292844943682729, 0.11790727093961446, 0.44987205187640594], [0.42662466871087346, 0.1339794908534991, 0.1943736446099711, 0.24502219582565632], [0.22524924116961395, 0.43431779951367383, 0.1716410152917128, 0.16879194402499947], [0.21386840843004443, 0.2692426951915629, 0.2944503292236039, 0.2224385671547886], [0.2780507041420411, 0.20493290258819274, 0.15135031218513012, 0.3656660810846363], [0.4939114510592141, 0.1681684947339925, 0.09084496748796256, 0.24707508671883105], [0.18304463564884374, 0.37853836436259997, 0.23446549573634107, 0.20395150425221534], [0.19610304571807377, 0.09881452977829455, 0.1535962948920822, 0.5514861296115495], [0.2116895807427712, 0.5115949368932695, 0.14680187170506429, 0.129913610658895], [0.2170226408287425, 0.20200938264620155, 0.2204351233195554, 0.36053285320550077], [0.4958265243869705, 0.13163950222154677, 0.2270876706084639, 0.14544630278301882], [0.2345893845246898, 0.3354016582201771, 0.18320844333589142, 0.24680051391924163], [0.1080855611233754, 0.1017233641100946, 0.2376140690849284, 0.5525770056816016], [0.10529590186441139, 0.22285384397456465, 0.25948321802958824, 0.41236703613143577], [0.20606087112281438, 0.40509301245438634, 0.16944825582529538, 0.21939786059750396], [0.25781365195934924, 0.17122244723154917, 0.33548222284778895, 0.23548167796131253], [0.1677345488893738, 0.3718280289596845, 0.26921658526476017, 0.19122083688618166], [0.2017659462638166, 0.19293278747264475, 0.07314804806604844, 0.5321532181974901], [0.22248004739352978, 0.47038794760974106, 0.07346804943012061, 0.23366395556660857], [0.15808214859024672, 0.16520908554035327, 0.11872502640876598, 0.5579837394606342], [0.12386612548026257, 0.5889918913008562, 0.1034333181085228, 0.18370866511035855], [0.4157935632125106, 0.2813483178390324, 0.20501552748080532, 0.09784259146765174], [0.3821288551972337, 0.25067862431366966, 0.12499118841735965, 0.242201332071737], [0.22203639375277695, 0.3405911980222147, 0.1977681257707831, 0.23960428245422527], [0.380886659976738, 0.231683038515411, 0.0639735159118246, 0.3234567855960264], [0.3105358961731649, 0.25552259792984666, 0.23243895467357248, 0.20150255122341595], [0.22991537838428877, 0.27417488218217223, 0.18326713972426015, 0.312642599709279], [0.3413274569133288, 0.2396675319198454, 0.24301970410621174, 0.17598530706061422], [0.2248522921924667, 0.35503846251509363, 0.18075445719325908, 0.23935478809918054], [0.16135557958469499, 0.12290877738584872, 0.1205187460088585, 0.5952168970205979], [0.3178230796388836, 0.4143826316461124, 0.04949798622006569, 0.2182963024949382], [0.16698311429101875, 0.3470052961056926, 0.1315021953290113, 0.3545093942742773], [0.1334264401233209, 0.4875931327784622, 0.16343342018811968, 0.21554700691009718], [0.36951077911967406, 0.29428823592990067, 0.07357431230190262, 0.2626266726485227], [0.1530772835752656, 0.11317942209347776, 0.5548327727050458, 0.17891052162621102], [0.19185843874673195, 0.3065003454648543, 0.10596896761700095, 0.39567224817141283], [0.16802560135962172, 0.2808134786677481, 0.2663019250711928, 0.2848589949014375], [0.2628773841285972, 0.1671377304588158, 0.24757432770175308, 0.32241055771083393], [0.2165404460904802, 0.2655907387571776, 0.15038960693290576, 0.3674792082194365], [0.236619622091078, 0.2653793608506332, 0.22364894133596694, 0.27435207572232184], [0.14836529389533545, 0.1329456039884837, 0.18715575248852767, 0.5315333496276531], [0.3812286170863386, 0.1481669520036014, 0.06563732854769831, 0.40496710236236183], [0.19449113525334877, 0.1823937713791663, 0.21886547984818647, 0.4042496135192985], [0.3855690052117851, 0.1658848425552519, 0.11185131851701428, 0.33669483371594877], [0.3337765439238446, 0.1836873644999684, 0.0944637268965004, 0.38807236467968675], [0.13566129802073956, 0.451277540912616, 0.13274496937428196, 0.28031619169236255], [0.33239819494666606, 0.1863622340380435, 0.16579414608782028, 0.3154454249274702], [0.2156275529014171, 0.17552552425412188, 0.2332944594398147, 0.37555246340464643], [0.5229984507204276, 0.1310527517964907, 0.1479567858957905, 0.19799201158729107], [0.21457272448876077, 0.2794916163584801, 0.11555047967545312, 0.39038517947730605], [0.516702252172977, 0.15264114303971668, 0.1260008990150205, 0.20465570577228576], [0.19611141809031404, 0.25000703271387364, 0.3639162020910189, 0.1899653471047936], [0.26642463876820105, 0.13900631304856417, 0.12867522539343698, 0.46589382278979785], [0.2685150179577246, 0.31809080091754727, 0.09380802591328842, 0.3195861552114397], [0.3517515033805121, 0.21903925351627684, 0.14154511161106412, 0.28766413149214715], [0.4101407506513369, 0.1287309588275276, 0.27014032684907036, 0.19098796367206525], [0.17492993029280007, 0.44752726561670636, 0.1376731461237226, 0.23986965796677095], [0.19450615348362404, 0.1270897768889073, 0.16068868915406004, 0.5177153804734086], [0.09309503182990962, 0.10318290190929898, 0.3695796206497402, 0.4341424456110512], [0.10298653176953947, 0.42609386802823773, 0.12195873428207799, 0.34896086592014486], [0.2895938054528708, 0.37014487612790675, 0.10451333795889424, 0.23574798046032824], [0.2793861178221949, 0.20801343669435426, 0.25334568751015735, 0.25925475797329356], [0.2295751019920575, 0.2915114394003576, 0.10733041464590286, 0.37158304396168207], [0.2979273688334971, 0.3375400688003717, 0.17662751155245823, 0.18790505081367306], [0.10649353093639378, 0.317009285038853, 0.07634622853651213, 0.5001509554882411], [0.21166346555348178, 0.2882282079089435, 0.20232022310712594, 0.29778810343044887], [0.11416799902270287, 0.5866630893694397, 0.17408565780358282, 0.12508325380427468], [0.17663519670168437, 0.3687418528181112, 0.13341724687485118, 0.3212057036053532], [0.16028287767144012, 0.5263369199452284, 0.1451557328895149, 0.16822446949381664], [0.25817876913343263, 0.3498413006677689, 0.13875711190787726, 0.25322281829092125], [0.1330954968500556, 0.5002711871936197, 0.2362449964750261, 0.13038831948129864], [0.08696351569270848, 0.47120475901331593, 0.059375281845784895, 0.38245644344819074], [0.3896422600692938, 0.36125668927371135, 0.13541292225418025, 0.11368812840281473], [0.2047552620681624, 0.37547698476926356, 0.10235668484222935, 0.3174110683203447], [0.1054689774095405, 0.6540342657999315, 0.12883903186394932, 0.11165772492657887], [0.4527445014815696, 0.25991419094421114, 0.10281062802218278, 0.18453067955203653], [0.33466504872530745, 0.28971933793848836, 0.17810502005624046, 0.19751059327996362], [0.2642384819884418, 0.26080895348172217, 0.280230287780486, 0.19472227674935022], [0.19666248892306532, 0.45567335993874825, 0.1387763408160377, 0.20888781032214881], [0.3993474280759383, 0.2739518874218182, 0.09224186053762615, 0.2344588239646174], [0.2641576940651466, 0.2990203953383221, 0.14335528985966273, 0.2934666207368687], [0.44409002158193034, 0.059997646142513364, 0.032243184112084884, 0.4636691481634715], [0.09422328719518207, 0.5788130672925739, 0.07753490659388139, 0.24942873891836276], [0.1609377199670852, 0.16186402501106376, 0.15950295147969928, 0.5176953035421519], [0.20752640049260823, 0.23176279304816794, 0.05095791884342198, 0.5097528876158018], [0.12063656156686553, 0.23657779749025457, 0.06608648647508047, 0.5766991544677994], [0.16805644500581013, 0.4836396362913659, 0.14564019483208387, 0.20266372387074014], [0.34262879164735144, 0.23764168508358466, 0.12465123217377956, 0.2950782910952844], [0.281619849745826, 0.4042570750239062, 0.06899605223807578, 0.24512702299219216], [0.20538821440551341, 0.3939471517906619, 0.10153880661647668, 0.29912582718734804], [0.21238844344244295, 0.35949928517156865, 0.17938401820827177, 0.24872825317771674], [0.4096918721523016, 0.23511166704605221, 0.10051776800300258, 0.25467869279864375], [0.2762761550353605, 0.1191936849893932, 0.16054363763695545, 0.4439865223382908], [0.499730800271309, 0.17471422514320023, 0.13580679031407672, 0.18974818427141416], [0.20033650650922072, 0.3385227672570972, 0.06332083708475751, 0.3978198891489248], [0.17203721930282698, 0.326158389890028, 0.03643239554731624, 0.46537199525982864], [0.10439242607950784, 0.6025086158635972, 0.196281285105116, 0.09681767295177893], [0.2323463447349781, 0.35442918679941204, 0.17332200622279884, 0.2399024622428111], [0.3653869810071138, 0.21682053408205537, 0.2056094447241825, 0.21218304018664821], [0.32036053519333785, 0.32044040553903336, 0.12460834398184546, 0.23459071528578324], [0.3793010349990173, 0.38240231050793616, 0.10247795501924944, 0.13581869947379738], [0.28891012925750376, 0.19809523826659658, 0.2229817197285938, 0.29001291274730584], [0.1771596393848411, 0.24947270583654102, 0.15417923224345853, 0.41918842253515953], [0.24472640058501302, 0.33486270706201227, 0.24796153655054595, 0.17244935580242887], [0.25666980684762125, 0.3195179479902224, 0.14238993459186622, 0.28142231057029027], [0.3307930709696735, 0.1508144980835238, 0.10731887937847326, 0.41107355156832964], [0.286063064009011, 0.19066451094738782, 0.2349506251480169, 0.28832179989558415], [0.410679140925466, 0.19226403197605002, 0.1597332490257805, 0.23732357807270366], [0.18458556761458195, 0.5272041832932476, 0.06724502316559937, 0.22096522592657103], [0.13103968932263083, 0.15193244362545139, 0.09066570989699077, 0.626362157154927]]}}