{"test": {"ids": ["112116900", "113122230", "99121440", "97109080", "110115710", "98110710", "97105580", "110117080", "97105760", "107118490", "98116090", "113120260", "107113840", "113120640", "101108500", "105110251", "105116980", "99119830", "101108290", "99109780", "97106970", "107113550", "98120010", "106116640", "104118070", "113117340", "108115570", "101110150", "101108121", "107119390", "98116500", "112120990", "99111000", "97105451", "98108580", "101112540", "107120010", "108121351", "103113210", "109117600", "97107040", "105115570", "112119500", "99108080", "101108621", "103111170", "103111480", "99112840", "110116300", "104114320", "108117451", "104113000", "103112470", "112121430", "97112290", "103120340", "97118210", "108115870", "103109791", "113121220", "101109000", "100108490", "101108580", "110118301", "112118161", "111120280", "105121190", "106114011", "111121930", "104111880", "109120540", "109118231", "101109370", "109113281", "113122170", "110121170", "111120640", "112118930", "98107380", "112117790", "105116501", "112118620", "104113380", "98109090", "98106111", "103111540", "107120260", "112117660", "98111860", "113119320", "107120880", "108115880", "106114280", "100110260", "104119340", "110114920", "107114621", "104111990", "106115240", "97116500", "104113190", "101108950", "99107660", "109113591", "112118421", "108121190", "102112250", "104116800", "111114941", "111119610", "112118581", "113121950", "110119300", "105116860", "109118701", "109119340", "112117580", "112120700", "109116750", "101117580", "100116500", "106114321", "111121190", "98112300", "112116810", "103113170", "113118820", "109118161", "106113360", "111119250", "112118860", "111116090", "98109311", "101108460", "99105921", "104114740", "112119980", "98106680", "104112201", "104117630", "105113170", "105113480"], "labels": [3, 1, 2, 2, 2, 2, 1, 1, 0, 2, 0, 3, 3, 0, 3, 0, 0, 1, 0, 2, 2, 0, 2, 3, 2, 2, 3, 1, 0, 2, 2, 2, 2, 0, 0, 2, 1, 3, 3, 1, 2, 0, 2, 3, 0, 2, 0, 2, 3, 2, 2, 1, 1, 2, 1, 1, 2, 3, 3, 3, 1, 2, 0, 1, 0, 0, 2, 1, 1, 3, 1, 1, 1, 0, 1, 2, 0, 1, 1, 3, 1, 3, 1, 1, 0, 1, 1, 0, 0, 1, 1, 3, 3, 3, 1, 3, 0, 2, 1, 2, 3, 2, 3, 3, 3, 1, 0, 1, 0, 2, 1, 3, 1, 2, 3, 3, 0, 2, 0, 3, 2, 2, 1, 2, 3, 3, 0, 0, 0, 1, 3, 3, 1, 0, 1, 2, 0, 1, 0, 0, 0, 0], "predicted_labels": [3, 3, 1, 3, 3, 3, 1, 1, 3, 1, 3, 3, 0, 3, 1, 1, 3, 1, 3, 1, 1, 1, 1, 3, 1, 1, 1, 3, 3, 1, 3, 1, 3, 1, 1, 1, 1, 3, 3, 1, 3, 3, 3, 0, 3, 1, 3, 3, 3, 3, 0, 3, 3, 1, 3, 1, 3, 3, 3, 3, 3, 1, 0, 3, 3, 3, 1, 0, 3, 3, 1, 1, 3, 3, 3, 3, 3, 3, 3, 3, 3, 3, 3, 3, 1, 3, 1, 1, 1, 3, 0, 1, 3, 0, 3, 3, 3, 3, 1, 1, 3, 3, 3, 1, 0, 3, 3, 1, 1, 1, 3, 1, 3, 3, 0, 3, 3, 1, 1, 3, 3, 3, 0, 3, 1, 1, 3, 1, 1, 1, 0, 3, 3, 1, 0, 1, 0, 1, 3, 0, 3, 3], "confidence_scores": [[0.2692806732740945, 0.25428732816890715, 0.14795526695526695, 0.3284767316017316], [0.26272168109668104, 0.26919588744588746, 0.18679556554556556, 0.281286865911866], [0.2578989898989899, 0.2753308080808081, 0.23126071151071156, 0.2355094905094905], [0.19958712121212116, 0.2666340187590188, 0.20717081529581524, 0.32660804473304467], [0.23995490620490617, 0.23668813131313132, 0.22572420634920637, 0.2976327561327561], [0.22563003663003667, 0.2622090687090687, 0.2114784104784105, 0.30068248418248417], [0.24763912476412483, 0.29039303751803763, 0.19090831390831395, 0.27105952380952386], [0.21015578865578874, 0.31404202741702736, 0.17358820346320347, 0.30221398046398057], [0.23587734487734488, 0.2553066378066378, 0.23355609668109664, 0.27525992063492066], [0.2544011544011544, 0.3000620698745699, 0.16867775974025967, 0.27685901598401597], [0.2409687950937951, 0.2612088744588745, 0.1751738816738816, 0.3226484487734488], [0.2346810298619509, 0.2618118800059589, 0.20813344294594294, 0.2953736471861472], [0.300482683982684, 0.2616589578721933, 0.14142023172905527, 0.2964381264160677], [0.1955880785880785, 0.2696332972582972, 0.23730802530802528, 0.2974705988455989], [0.2712556332556333, 0.30334260184260187, 0.19294431956931962, 0.2324574453324454], [0.2700706168831169, 0.3055849567099568, 0.18655312049062053, 0.23779130591630587], [0.29254154179154174, 0.24856596181596174, 0.15427417027417029, 0.3046183261183262], [0.20436056998557, 0.3202498196248197, 0.17597175047175045, 0.29941785991785996], [0.22703030303030305, 0.24294065656565655, 0.15521518759018757, 0.37481385281385277], [0.22045297757797766, 0.3170837634587636, 0.18217388167388168, 0.2802893772893773], [0.1847494961179172, 0.32123465861623757, 0.19673010323010323, 0.29728574203574215], [0.20615445665445667, 0.2804754371445548, 0.25066948329448324, 0.2627006229065053], [0.20650901875901884, 0.317128395297513, 0.21409992784992787, 0.26226265809354044], [0.23078093434343436, 0.25499890387390395, 0.21058165445665444, 0.3036385073260074], [0.20969071206571205, 0.3406659312909312, 0.19329000166500168, 0.25635335497835504], [0.17360954323454322, 0.32634745809745813, 0.2176037851037851, 0.2824392135642136], [0.26899571262071265, 0.3255076312576313, 0.1623567959817959, 0.2431398601398601], [0.23315265290265294, 0.28372195451607224, 0.18203643578643575, 0.30108895679483927], [0.2524325715134539, 0.2987882395382395, 0.14032103599015364, 0.30845815295815293], [0.1929523809523809, 0.3272792207792207, 0.20078246753246753, 0.2789859307359307], [0.2169061632811633, 0.22618950493950507, 0.21374050949050946, 0.3431638222888224], [0.26491053391053393, 0.29867637917637924, 0.17650489787989784, 0.25990818903318913], [0.25825896325896325, 0.2565348124098124, 0.2067893217893218, 0.2784169025419026], [0.28585479797979796, 0.29308381895881913, 0.16255651293151288, 0.2585048701298702], [0.2691380286380286, 0.2930258352758353, 0.17027585608835605, 0.26756027999778], [0.2757540584415586, 0.2894806998556999, 0.15226583832833832, 0.2824994033744035], [0.2652666847041848, 0.30267977855477857, 0.14840384615384608, 0.28364969058719053], [0.25366612554112544, 0.29169794094794105, 0.14741335053835047, 0.3072225829725829], [0.2585383782883784, 0.27433440170940193, 0.17500360750360752, 0.2921236124986125], [0.2626599234099235, 0.286906870906871, 0.1922166999667, 0.25821650571650573], [0.2108998917748918, 0.2479305763680764, 0.22569592213342213, 0.3154736097236098], [0.20944419469419465, 0.28397313797313806, 0.1978158924408924, 0.3087667748917749], [0.22839249639249645, 0.2506482683982685, 0.2295147907647907, 0.29144444444444445], [0.2900664751914753, 0.24688019619269624, 0.17780642274392267, 0.28524690587190593], [0.18509601509601514, 0.27977887390387385, 0.1906012737262737, 0.3445238372738374], [0.2717467532467533, 0.29422871572871584, 0.14242784992784988, 0.2915966810966812], [0.2594351204351205, 0.28018036130536134, 0.15801329226329222, 0.30237122599622607], [0.25527867965367973, 0.2501694277944278, 0.19264617327117325, 0.30190571928071935], [0.24791544566544574, 0.2742996447996448, 0.18007531357531356, 0.2977095959595961], [0.24686010517260526, 0.26592181429681433, 0.2046361693861694, 0.2825819111444111], [0.29495222832722834, 0.23600124875124884, 0.18201555389055385, 0.28703096903096914], [0.26759318459318465, 0.1987057019777608, 0.14862220418470412, 0.3850789092443505], [0.25456288156288154, 0.2737017704517704, 0.16603912753912753, 0.3056962204462204], [0.2901415251415251, 0.31122950660450666, 0.1394062049062049, 0.25922276334776345], [0.25957016594516596, 0.2818699633699634, 0.1498446830946831, 0.3087151875901877], [0.23718475968475974, 0.3262673853923854, 0.1763623737373737, 0.2601854811854812], [0.2378495670995671, 0.2647205988455988, 0.19213167388167388, 0.30529816017316025], [0.3049926739926742, 0.1925600649350649, 0.1815010128760129, 0.32094624819624834], [0.25155537518037513, 0.2781763167388169, 0.1889021464646464, 0.2813661616161617], [0.2502514846264846, 0.23749583749583755, 0.20660814185814178, 0.3056445360195361], [0.24750883838383847, 0.23848809523809525, 0.19269787157287155, 0.3213051948051948], [0.2531479394788218, 0.29283946608946615, 0.16839829206740967, 0.2856143023643024], [0.2842583527583528, 0.20530901043401056, 0.23543889443889443, 0.2749937423687424], [0.281021103896104, 0.24254295704295706, 0.18554075091575092, 0.29089518814518817], [0.2825090187590188, 0.21679941463764998, 0.1638804936893172, 0.3368110729140142], [0.2457983500417712, 0.19858855472013368, 0.16186141636141635, 0.39375167887667895], [0.19133955627705634, 0.3195327380952381, 0.2137075216450217, 0.2754201839826841], [0.3353190836940837, 0.2641256243756244, 0.18999463036963032, 0.21056066156066167], [0.29659876234876237, 0.22193548118548123, 0.16805831668331667, 0.3134074397824398], [0.23821735209235206, 0.23092575480075486, 0.17752568265068258, 0.35333121045621063], [0.25413748751248755, 0.2905286657786659, 0.17529387279387282, 0.28003997391497387], [0.2507689463314464, 0.29930700345406225, 0.16853076090576088, 0.28139328930873053], [0.24793993506493514, 0.25911050061050067, 0.21535458985458988, 0.27759497446997466], [0.26070075757575767, 0.25731242368742374, 0.17270200632700633, 0.3092848124098124], [0.20028833666333676, 0.259263431013431, 0.19516916416916427, 0.34527906815406817], [0.2924445346320347, 0.2203977272727273, 0.1852619047619048, 0.30189583333333336], [0.22029130591630594, 0.24849453324453324, 0.19628373015873016, 0.33493043068043066], [0.2867958152958154, 0.2481291486291487, 0.1617346681096681, 0.303340367965368], [0.20133362470862465, 0.27646506271506277, 0.18249357586857584, 0.33970773670773674], [0.25776490176490185, 0.25955135142635155, 0.18673379398379397, 0.29594995282495284], [0.27701760739260733, 0.2612404123654124, 0.13444791319791316, 0.32729406704406716], [0.25342090548340557, 0.22541314935064938, 0.1453588564213564, 0.3758070887445886], [0.2511419344544344, 0.27119650488400504, 0.17469074675324678, 0.302970813908314], [0.20480176767676767, 0.27611009823509836, 0.20152380952380955, 0.31756432456432465], [0.21375631313131327, 0.30890842490842496, 0.17544989038739034, 0.30188537157287176], [0.20030140692640697, 0.25089657564657564, 0.2065188977688977, 0.3422831196581197], [0.23760088522588524, 0.3353646631146632, 0.1900409451659452, 0.2369935064935066], [0.275308497058497, 0.3188578643578644, 0.13936850649350646, 0.2664651320901321], [0.18895518370518372, 0.36613227050727054, 0.16615079365079372, 0.27876175213675214], [0.2681558397742609, 0.23684377172535068, 0.1667366244866245, 0.32826376401376417], [0.2919161255411255, 0.28028697691197685, 0.1458789682539682, 0.2819179292929294], [0.23603742784992793, 0.33232539682539697, 0.17005663780663782, 0.2615805375180376], [0.21780418192918197, 0.2630347944539122, 0.17143727106227108, 0.34772375255463517], [0.3447996309246309, 0.25285800310800327, 0.14179133366633362, 0.26055103230103227], [0.21627362914862913, 0.24251587301587305, 0.18807142857142853, 0.35313906926406924], [0.22039831002331003, 0.3117732226923403, 0.14202264402264403, 0.3258058232617057], [0.22352203352203354, 0.3039348845598847, 0.15904478854478848, 0.3134982933732934], [0.27865133477633475, 0.2718972971472972, 0.1674414335664335, 0.2820099345099345], [0.27982016594516596, 0.30607051282051284, 0.20036170773670772, 0.21374761349761345], [0.2325936147186147, 0.2769088044308632, 0.25545183982683994, 0.2350457410236822], [0.2690644355644356, 0.29781658619158613, 0.12221626984126978, 0.31090270840270834], [0.25073989898989907, 0.24990891053391057, 0.19975667388167387, 0.29959451659451664], [0.21009643134643138, 0.2750205211455212, 0.2366312437562437, 0.27825180375180386], [0.2075974927849928, 0.38246093285799176, 0.18756184787434788, 0.22237972648266768], [0.3066404220779223, 0.23131231962481968, 0.1626735001110001, 0.29937375818625817], [0.2670268342768344, 0.26683975746475747, 0.1672249833499833, 0.298908424908425], [0.2958869047619049, 0.1933643578643579, 0.188805735930736, 0.3219430014430016], [0.2537718253968254, 0.2932120518370519, 0.18462397324897326, 0.2683921495171495], [0.24644673382173385, 0.29642225829725827, 0.18323448773448767, 0.27389652014652016], [0.18865070346320345, 0.30693951881451886, 0.22266323953823952, 0.28174653818403816], [0.26089015151515155, 0.2346659451659451, 0.17290187590187586, 0.3315420274170275], [0.2542432151182151, 0.3141836774336776, 0.19232930957930958, 0.23924379786879793], [0.24533567821067823, 0.26912548562548566, 0.19635467310467308, 0.289184163059163], [0.25962382756132757, 0.2763562964812966, 0.14967556055056053, 0.31434431540681534], [0.32019651875901883, 0.2217035533910534, 0.17005690836940832, 0.28804301948051947], [0.21729220779220776, 0.30576316738816745, 0.15739574314574312, 0.3195488816738817], [0.23594119769119765, 0.27097582972582973, 0.17498358585858587, 0.3180993867243868], [0.20988858363858365, 0.35757280219780213, 0.16939209401709399, 0.2631465201465202], [0.28757306144148254, 0.34082448545606453, 0.1388888888888889, 0.23271356421356426], [0.23732706152636493, 0.2580131578947369, 0.17569747899159663, 0.3289623015873017], [0.23676100288600296, 0.22508564637976405, 0.18828311965811964, 0.3498702310761136], [0.2166626290376291, 0.25757672882672883, 0.24353012265512267, 0.2822305194805195], [0.2921157176157177, 0.23532779720279717, 0.19410954323454324, 0.27844694194694186], [0.26786453823953826, 0.22968380230880237, 0.2196987179487179, 0.28275294150294156], [0.25020878427128423, 0.33702146464646465, 0.16319399350649355, 0.24957575757575753], [0.21379166666666677, 0.3430655316905317, 0.15597481684981684, 0.2871679847929848], [0.29599274336774334, 0.2842593101343101, 0.1143297813297813, 0.30541816516816533], [0.21382011044511043, 0.314266108891109, 0.18393344155844152, 0.28798033910533927], [0.20074981962481966, 0.32216780441780457, 0.17665632978132972, 0.30042604617604624], [0.20597294372294378, 0.31866792929292925, 0.22426172438672443, 0.2510974025974027], [0.28262054612054616, 0.2696964285714287, 0.205503663003663, 0.24217936230436238], [0.2724233266733267, 0.2647261488511489, 0.13400171356421356, 0.3288488109113111], [0.22657498057498063, 0.2515757575757576, 0.2122766955266955, 0.30957256632256624], [0.21423966311466308, 0.3133735569985571, 0.17372853535353536, 0.2986582445332445], [0.3116722582972583, 0.2220683621933623, 0.17967496392496393, 0.2865844155844157], [0.1965258491508491, 0.3171392357642357, 0.18698182373182373, 0.2993530913530914], [0.2844386724386725, 0.2537576924709278, 0.18278098208980556, 0.27902265300059415], [0.18820863858363854, 0.36711943611943615, 0.18256232656232652, 0.26210959873459894], [0.27010966810966813, 0.2803726551226552, 0.14210912698412698, 0.3074085497835498], [0.28566756854256853, 0.2450818903318903, 0.19274440836940837, 0.27650613275613267], [0.24741898379398378, 0.19908351370851382, 0.17919624819624824, 0.3743012543012544], [0.23882106782106782, 0.27303560328560333, 0.18710678210678208, 0.3010365467865468]]}, "rewritten": {"ids": ["97105451", "97105580", "97105760", "97106970", "97107040", "97109080", "97112290", "97116500", "97118210", "98106111", "98106680", "98107380", "98108580", "98109090", "98109311", "98110710", "98111860", "98112300", "98116090", "98116500", "98120010", "99105921", "99107660", "99108080", "99109780", "99111000", "99112840", "99119830", "99121440", "100108490", "100110260", "100116500", "101108121", "101108290", "101108460", "101108500", "101108580", "101108621", "101108950", "101109000", "101109370", "101110150", "101112540", "101117580", "102112250", "103109791", "103111170", "103111480", "103111540", "103112470", "103113170", "103113210", "103120340", "104111880", "104111990", "104112201", "104113000", "104113190", "104113380", "104114320", "104114740", "104116800", "104117630", "104118070", "104119340", "105110251", "105113170", "105113480", "105115570", "105116501", "105116860", "105116980", "105121190", "106113360", "106114011", "106114280", "106114321", "106115240", "106116640", "107113550", "107113840", "107114621", "107118490", "107119390", "107120010", "107120260", "107120880", "108115570", "108115870", "108115880", "108117451", "108121190", "108121351", "109113281", "109113591", "109116750", "109117600", "109118161", "109118231", "109118701", "109119340", "109120540", "110114920", "110115710", "110116300", "110117080", "110118301", "110119300", "110121170", "111114941", "111116090", "111119250", "111119610", "111120280", "111120640", "111121190", "111121930", "112116810", "112116900", "112117580", "112117660", "112117790", "112118161", "112118421", "112118581", "112118620", "112118860", "112118930", "112119500", "112119980", "112120700", "112120990", "112121430", "113117340", "113118820", "113119320", "113120260", "113120640", "113121220", "113121950", "113122170", "113122230"], "labels": [0, 1, 0, 2, 2, 2, 1, 2, 2, 0, 1, 1, 0, 1, 1, 2, 0, 2, 0, 2, 2, 1, 3, 3, 2, 2, 2, 1, 2, 2, 3, 2, 0, 0, 0, 3, 0, 0, 2, 1, 1, 1, 2, 3, 0, 3, 2, 0, 1, 1, 3, 3, 1, 3, 2, 0, 1, 3, 1, 2, 2, 1, 0, 2, 1, 0, 0, 0, 0, 1, 2, 0, 2, 0, 1, 3, 2, 1, 3, 0, 3, 0, 2, 2, 1, 1, 1, 3, 3, 3, 2, 1, 3, 0, 3, 0, 1, 0, 1, 3, 3, 1, 3, 2, 3, 1, 1, 1, 2, 0, 3, 1, 2, 0, 0, 1, 1, 3, 3, 0, 0, 3, 0, 3, 1, 3, 3, 1, 2, 0, 2, 2, 2, 2, 0, 1, 3, 0, 3, 3, 1, 1], "predicted_labels": [3, 3, 3, 1, 3, 1, 3, 3, 3, 1, 1, 3, 3, 3, 1, 3, 1, 0, 1, 3, 0, 0, 1, 3, 1, 1, 1, 1, 3, 0, 3, 3, 3, 3, 3, 1, 3, 3, 3, 0, 3, 1, 1, 1, 1, 3, 1, 1, 3, 1, 3, 3, 3, 1, 1, 3, 3, 3, 1, 1, 1, 1, 3, 1, 3, 1, 3, 1, 3, 3, 1, 3, 3, 3, 1, 3, 1, 1, 3, 1, 0, 3, 1, 1, 3, 1, 1, 0, 3, 1, 3, 3, 3, 3, 1, 1, 3, 3, 1, 1, 3, 1, 1, 3, 3, 3, 3, 3, 1, 3, 3, 3, 1, 3, 3, 3, 3, 1, 1, 3, 3, 3, 0, 3, 1, 3, 0, 3, 3, 3, 1, 1, 1, 1, 3, 0, 3, 1, 3, 1, 3, 0], "confidence_scores": [[0.26158802308802315, 0.24878986291486302, 0.15682575757575756, 0.3327963564213566], [0.24702668165168162, 0.2508108280608281, 0.22797929847929846, 0.2741831918081918], [0.2374063852813853, 0.2743369685869687, 0.21030799755799756, 0.2779486485736486], [0.22261002886002892, 0.32564917027417034, 0.15905248917748915, 0.29268831168831166], [0.2501486291486291, 0.22841865079365076, 0.19085678210678206, 0.33057593795093787], [0.2285873570873571, 0.3008730713730715, 0.18249644799644796, 0.2880431235431235], [0.1984128787878788, 0.2593042374292374, 0.18650131812631807, 0.35578156565656577], [0.2248661477411478, 0.25777072927072925, 0.21653576284826292, 0.30082736013986017], [0.24649668387168394, 0.2695403901653902, 0.2051858696858697, 0.2787770562770564], [0.20942460317460324, 0.31075732600732603, 0.17410350066600055, 0.3057145701520702], [0.17741901154401155, 0.3567391636141636, 0.18327930402930406, 0.28256252081252087], [0.23842338217338213, 0.24753550616050632, 0.21639958652458652, 0.29764152514152514], [0.25971085858585863, 0.24797683770477894, 0.17692819476275357, 0.3153841089466089], [0.2534945887445888, 0.25779924242424246, 0.1674066211566211, 0.32129954767454777], [0.21431199356199354, 0.29410914085914086, 0.2000709984459985, 0.2915078671328672], [0.19653787878787882, 0.2692079725829726, 0.20406132756132753, 0.330192821067821], [0.25216941391941394, 0.33267963980463977, 0.16869881507381507, 0.24645213120213125], [0.2907548146298146, 0.2232080003330004, 0.2026492673992674, 0.2833879176379177], [0.24088943001443003, 0.29889556277056284, 0.17730447330447327, 0.28291053391053395], [0.19441486291486293, 0.2783915945165947, 0.2196179792429792, 0.30757556332556335], [0.29507864357864366, 0.26300988880400644, 0.16876433982683975, 0.2731471277905101], [0.30246067821067824, 0.26232160894660894, 0.1408306277056277, 0.29438708513708517], [0.2058338744588745, 0.2972251082251084, 0.21824361749361756, 0.2786973998223998], [0.27243251193251206, 0.2717275849150849, 0.181061611999112, 0.27477829115329117], [0.19081336718836725, 0.34903800366300364, 0.19010714285714284, 0.27004148629148633], [0.173107683982684, 0.3075958347208348, 0.2526316183816184, 0.2666648629148629], [0.2250265151515151, 0.3180532106782107, 0.17210606060606057, 0.28481421356421366], [0.1897313866688867, 0.3523814935064935, 0.18008497752247749, 0.2778021423021423], [0.22362204462204474, 0.28816396103896097, 0.19587067099567096, 0.29234332334332336], [0.2838332957891781, 0.28318734043734056, 0.16965423057334816, 0.2633251332001333], [0.2355415834165834, 0.28844126706626727, 0.17681478243978244, 0.2992023670773671], [0.27495224220224224, 0.2706223221223221, 0.16067081529581528, 0.29375462037962047], [0.2180008116883117, 0.2989354256854257, 0.13726224469974468, 0.345801517926518], [0.24298448773448766, 0.2425198412698413, 0.1215458152958153, 0.39294985569985563], [0.22747141053391057, 0.29756066156066163, 0.17501262626262626, 0.29995530164280165], [0.2327147435897436, 0.30049068986568983, 0.1846572039072039, 0.28213736263736267], [0.26671398046398054, 0.2150530580530581, 0.19692103729603733, 0.3213119241869243], [0.24020959595959596, 0.2940717199467199, 0.14076652514152513, 0.324952158952159], [0.18964808802308808, 0.28543861693861694, 0.20329509379509375, 0.3216182012432013], [0.2843138528138528, 0.27927146464646474, 0.16069282106782104, 0.2757218614718615], [0.22540674603174607, 0.30224476911976916, 0.16663564213564214, 0.30571284271284277], [0.23315878565878573, 0.332643217893218, 0.14597077922077914, 0.2882272172272172], [0.24447330447330448, 0.32047348484848487, 0.1647031926406926, 0.2703500180375181], [0.2132063492063492, 0.35705627705627707, 0.1452741702741703, 0.28446320346320353], [0.24300793650793648, 0.302609362859363, 0.19010438172938177, 0.26427831890331893], [0.22089880952380958, 0.28425216450216445, 0.17613618326118322, 0.3187128427128427], [0.275310064935065, 0.3214372294372294, 0.15016107503607498, 0.2530916305916306], [0.2692663447663448, 0.31232041569541585, 0.1494527417027417, 0.2689604978354979], [0.20917857142857138, 0.2864051504051505, 0.18540603146853146, 0.3190102466977467], [0.24876211288711292, 0.3058585164835166, 0.1843853785103785, 0.26099399211899216], [0.21269022644022648, 0.3040721084471084, 0.1559439033189033, 0.3272937617937618], [0.2511369047619047, 0.2845048701298702, 0.15745147907647902, 0.30690674603174617], [0.2190004162504163, 0.2715263764013765, 0.1857226384726384, 0.32375056887556897], [0.25000672938172946, 0.2904624680874682, 0.19389479964479964, 0.26563600288600303], [0.2513196248196248, 0.30757957320457324, 0.15358739871239865, 0.28751340326340324], [0.28397150072150085, 0.24445815295815304, 0.14032624320124318, 0.33124410311910324], [0.29704002941502944, 0.2217817876567877, 0.14528232878232875, 0.3358958541458542], [0.21861013986013994, 0.30122795260295254, 0.1522242063492063, 0.32793770118770127], [0.22396446608946607, 0.30272462259962263, 0.20676845376845374, 0.2665424575424575], [0.2702359307359307, 0.2737287018537019, 0.20284380896880902, 0.2531915584415585], [0.2092024642024642, 0.302706931956932, 0.19224102286602285, 0.295849580974581], [0.21467597680097686, 0.323230685980686, 0.16615448440448435, 0.29593885281385285], [0.26761455211455215, 0.23750260156510156, 0.21676758658008663, 0.27811525974025975], [0.2460955988455989, 0.347168831168831, 0.1432587135087135, 0.26347685647685654], [0.20217002442002446, 0.2660430084621261, 0.17474740537240538, 0.35703956174544416], [0.2630653096903098, 0.30096872571872585, 0.15343962981462975, 0.2825263347763347], [0.2325097957597958, 0.23690047044458815, 0.17255741480741482, 0.3580323189882013], [0.2149541847041848, 0.3255483405483406, 0.18793073593073598, 0.2715667388167388], [0.2665253357753358, 0.26515170940170935, 0.15324096736596737, 0.3150819874569877], [0.2559779942279942, 0.2535753968253969, 0.1370654206904207, 0.3533811882561882], [0.24903941197691204, 0.30499121711621713, 0.1513007201132201, 0.2946686507936508], [0.2610702214452213, 0.26218356643356644, 0.13730537518037517, 0.3394408369408371], [0.2794432928182929, 0.25484158896658893, 0.18087247474747475, 0.2848426434676435], [0.22066080447330452, 0.26831565656565665, 0.20548647186147195, 0.3055370670995672], [0.23463221500721498, 0.3086838578088578, 0.18938891663891672, 0.2672950105450106], [0.22369307081807085, 0.27197843414755185, 0.15071103896103893, 0.3536174560733385], [0.1938742784992785, 0.3339493700743701, 0.22132665945165947, 0.25084969197469204], [0.2661121378621379, 0.3237700771450771, 0.17002627927627928, 0.24009150571650575], [0.26527209595959605, 0.21429383116883124, 0.19915476190476195, 0.32127931096681095], [0.26416672216672227, 0.2686015055206231, 0.2246819569319569, 0.2425498153806977], [0.3017919580419582, 0.24292060717060715, 0.208242451992452, 0.24704498279498285], [0.21252590465090462, 0.27668607781107785, 0.19456816794316795, 0.31621984959484967], [0.22381746031746036, 0.3590369422244422, 0.1719733946608947, 0.24517220279720278], [0.20531962481962482, 0.3586872294372296, 0.19817586580086582, 0.23781727994228002], [0.21684024309024316, 0.2979092712842714, 0.17263762626262633, 0.3126128593628593], [0.26359887334887344, 0.3333805361305362, 0.15526788489288484, 0.24775270562770565], [0.2567283272283273, 0.30112337662337657, 0.1786116522366522, 0.26353664391164394], [0.3110905483405484, 0.24228302253302256, 0.16999619824619824, 0.27663023088023087], [0.255176517926518, 0.24685989010989007, 0.1759998473748474, 0.3219637445887446], [0.2449346139971141, 0.3568903318903321, 0.1263625541125541, 0.2718125], [0.2835230880230881, 0.24733838383838383, 0.16783098845598846, 0.30130753968253976], [0.23477507215007215, 0.2595811688311689, 0.21583964646464648, 0.2898041125541126], [0.2628662171162172, 0.2768456890331892, 0.17385819042069037, 0.28642990342990343], [0.23648124098124104, 0.3060519480519482, 0.14212656787656786, 0.31534024309024317], [0.2334917582417583, 0.3289204406704407, 0.15304974192474194, 0.2845380591630591], [0.2558560467310467, 0.32867933455433446, 0.19389019314019312, 0.2215744255744257], [0.24819852369852377, 0.22684693084693086, 0.18144119769119768, 0.34351334776334785], [0.21207700632700632, 0.29589847652347656, 0.1767591991341991, 0.3152653180153181], [0.2199383766817978, 0.3000993960030337, 0.19262716450216452, 0.287335062813004], [0.21067496392496396, 0.31800380175380183, 0.16299361749361754, 0.30832761682761683], [0.2439675324675325, 0.25845376845376855, 0.19666636141636132, 0.30091233766233755], [0.23293000055500063, 0.3431067543567544, 0.1455429986679987, 0.2784202464202464], [0.21972846597846601, 0.31691806804306816, 0.17115873015873018, 0.2921947358197358], [0.1861122627372628, 0.33519448117242234, 0.1410835879806468, 0.3376096681096682], [0.2074348845598846, 0.29260791985791995, 0.18252489177489167, 0.3174323038073039], [0.22166924741924743, 0.3006055194805195, 0.1725817377067377, 0.30514349539349545], [0.23800667388167399, 0.22209842934842935, 0.2087181290931291, 0.3311767676767677], [0.23003710178710185, 0.28254918692418696, 0.20067249417249422, 0.2867412171162171], [0.21697564935064942, 0.3095162198912199, 0.17974422799422796, 0.2937639027639028], [0.27170169413919415, 0.26632521645021656, 0.1425118492618492, 0.31946124014874017], [0.27142403429903433, 0.25005812243312253, 0.1379019175269175, 0.3406159257409258], [0.21144444444444446, 0.2722875180375181, 0.19255681818181816, 0.32371121933621944], [0.2103493867243868, 0.32515548340548334, 0.20170833333333335, 0.2627867965367967], [0.25286002886002895, 0.194773865023865, 0.1316947496947497, 0.42067135642135645], [0.22752940115440118, 0.28335732323232327, 0.19160558885558884, 0.29750768675768685], [0.2379536990786991, 0.26682611832611836, 0.18327401764901777, 0.311946164946165], [0.28587611000111, 0.276981795981796, 0.1495771450771451, 0.287564948939949], [0.2604512640137641, 0.32644565157065164, 0.18467234848484845, 0.22843073593073593], [0.23087839937839946, 0.2972863664113666, 0.1813458347208347, 0.29048939948939956], [0.27510119047619047, 0.2701450216450216, 0.1310714285714285, 0.32368235930735934], [0.2767060092685093, 0.26503779553779555, 0.17028485403485402, 0.28797134115884115], [0.24205176767676773, 0.2727776112776114, 0.17739484126984123, 0.3077757797757798], [0.2811162171162172, 0.2696091131091132, 0.17307373182373187, 0.27620093795093814], [0.2833416305916306, 0.2755848824378237, 0.13338740915946798, 0.3076860778110779], [0.264205266955267, 0.2964553779553779, 0.17621975246975247, 0.26311960261960265], [0.27933362470862483, 0.24359541847041846, 0.15370598845598843, 0.3233649683649684], [0.2960892857142857, 0.2897716450216451, 0.16329761904761902, 0.25084145021645027], [0.23911571067821072, 0.26602651515151515, 0.14621199633699627, 0.34864577783327777], [0.26363564213564217, 0.24597204184704194, 0.20311129148629153, 0.28728102453102455], [0.23660350760350768, 0.25346578421578414, 0.15864045676545677, 0.3512902514152515], [0.22240867465867467, 0.3881801809301809, 0.13597717560217557, 0.2534339688089688], [0.27834500222000236, 0.281920066045066, 0.18595637695637696, 0.2537785547785548], [0.25673068598068605, 0.30431461593961595, 0.16008355533355526, 0.2788711427461428], [0.21063707126207126, 0.3230215062715064, 0.21433337495837498, 0.2520080475080475], [0.26341870629370634, 0.2860897158397158, 0.1167808441558441, 0.3337107337107338], [0.3015912698412698, 0.2638153513153514, 0.15563161838161832, 0.27896176046176047], [0.2603851565101564, 0.2524902597402598, 0.21925598013098013, 0.2678686036186036], [0.20222456709956713, 0.29405645743145753, 0.20993290043290042, 0.29378607503607496], [0.29077734765234775, 0.2245396686646688, 0.18912545787545787, 0.29555752580752587], [0.21778993228993232, 0.2922530663780664, 0.20825288600288597, 0.2817041153291154], [0.21697768897768901, 0.2788796065046066, 0.1877595182595183, 0.3163831862581862], [0.2965553751803752, 0.267493294287412, 0.16570833333333332, 0.2702429971988796]]}}