{"test": {"ids": ["98110710", "113117401", "106118820", "107113200", "110115120", "111115780", "103120730", "109117600", "108117360", "106113190", "103111930", "104109311", "111119580", "113121980", "112118530", "106114280", "98113881", "102116340", "99107640", "106116850", "110115980", "110116501", "110115890", "113120531", "106113260", "99113260", "104111620", "99107950", "110119030", "100109980", "107114280", "103111110", "100111080", "98110680", "100111620", "109117630", "99111000", "112116401", "113118820", "109120150", "101110740", "99117630", "97105451", "106116640", "102110690", "112116900", "109116170", "109117150", "112117580", "98117740", "101116130", "101111990", "113120601", "110116170", "111118820", "104111880", "112121410", "108114360", "111116010", "108115250", "103111620", "103110220", "109114270", "112118701", "108120060", "107121700", "99112300", "112117571", "97107040", "113121010", "99110050", "113118111", "103110050", "112121360", "98112580", "110121500", "99108010", "109115220", "105111990", "107116980", "97112300", "113120830", "104114740", "111117000", "100108490", "105118740", "111119950", "107118820", "108117720", "101115190", "98106111", "105119950", "99108460", "109113591", "110116300", "110114950", "109117431", "103112641", "101112540", "113120591", "110113591", "100109890", "97107681", "113122120", "105113260", "105115570", "113122650", "104112470", "112120290", "112120700", "112118820", "101108950", "106114880", "99107660", "113117550", "103110760", "98107380", "113118421", "113122170", "103110100", "101111620", "108118301", "112117471", "108118520", "110120190", "103111830", "111117200", "103113101", "103113210", "109118701", "112121430", "111119250", "105113210", "113120280", "103111540", "100112060", "99109141", "102109850", "109114720", "108114220", "112120640", "108119330"], "labels": [2, 3, 3, 0, 0, 1, 1, 1, 1, 0, 3, 3, 3, 2, 1, 3, 3, 3, 1, 3, 1, 3, 2, 0, 3, 0, 0, 1, 0, 1, 3, 3, 0, 2, 3, 0, 2, 0, 0, 2, 3, 3, 0, 3, 0, 3, 0, 2, 0, 2, 2, 2, 2, 0, 0, 3, 0, 1, 1, 1, 0, 2, 3, 0, 1, 3, 0, 3, 2, 2, 3, 1, 3, 3, 2, 3, 2, 3, 2, 3, 2, 3, 2, 0, 2, 1, 0, 3, 1, 1, 0, 3, 0, 3, 3, 0, 1, 3, 2, 0, 0, 3, 3, 1, 3, 0, 2, 1, 1, 2, 0, 2, 0, 3, 3, 1, 1, 3, 1, 1, 3, 1, 3, 0, 3, 3, 0, 3, 3, 3, 2, 1, 3, 0, 1, 2, 3, 1, 0, 3, 0, 0], "predicted_labels": [2, 1, 3, 1, 3, 1, 0, 3, 1, 3, 1, 1, 1, 0, 3, 3, 1, 1, 1, 1, 1, 1, 1, 1, 1, 1, 0, 1, 1, 3, 1, 3, 1, 1, 0, 3, 1, 0, 1, 1, 1, 3, 1, 3, 1, 1, 1, 1, 1, 1, 3, 2, 1, 1, 1, 1, 3, 1, 3, 3, 1, 1, 3, 1, 1, 1, 0, 1, 1, 1, 1, 1, 1, 1, 3, 1, 1, 3, 1, 0, 1, 3, 1, 1, 1, 3, 3, 1, 3, 3, 1, 3, 1, 1, 1, 3, 1, 1, 1, 1, 1, 0, 1, 1, 1, 3, 1, 1, 1, 1, 1, 3, 1, 0, 1, 0, 0, 3, 1, 1, 1, 1, 1, 1, 1, 3, 3, 3, 1, 3, 3, 3, 3, 3, 1, 3, 0, 1, 3, 1, 0, 3], "confidence_scores": [[0.1802619491619492, 0.26395268620268625, 0.2919373570873571, 0.2638480075480077], [0.26683929681429686, 0.313100219225219, 0.12445432900432907, 0.295606154956155], [0.20438190143190146, 0.2762321234321236, 0.21671429681429688, 0.3026716783216784], [0.17919504384504398, 0.3389721056721058, 0.14662375957375962, 0.33520909090909085], [0.21383255078255073, 0.28015065767565794, 0.21126598124098137, 0.2947508103008103], [0.22422601842601858, 0.30223273948273943, 0.20707589273471635, 0.26646534935652594], [0.2579660098071864, 0.24752731712731718, 0.2385048990225462, 0.2560017740429507], [0.2613923742923744, 0.2531725829725831, 0.2200346153846155, 0.26540042735042746], [0.20881888666888673, 0.3227159895659897, 0.16818515928515937, 0.3002799644799646], [0.21315173437673446, 0.2678297036297036, 0.2347711427461427, 0.28424741924741936], [0.215660304401481, 0.29297423491541147, 0.21206989595371953, 0.2792955647293883], [0.28367871572871584, 0.30783840048840033, 0.17758262293262303, 0.2309002608502609], [0.27809292929292934, 0.32203626373626354, 0.16364213009213013, 0.23622867687867702], [0.31681860916860927, 0.31372408424908427, 0.13802486402486408, 0.2314324425574427], [0.226485275835276, 0.28686522089022104, 0.17637200577200585, 0.3102774975024975], [0.24044353424353426, 0.2898306193806195, 0.1731188811188812, 0.2966069652569652], [0.25950455182072824, 0.3166002525252527, 0.16546427102309466, 0.25843092463092454], [0.20511671106671123, 0.28311507936507935, 0.26520395715395706, 0.2465642524142525], [0.23389186369186366, 0.29444610944610955, 0.2233892385392386, 0.24827278832278854], [0.20986464646464645, 0.33177067932067933, 0.2365585137085137, 0.22180616050616067], [0.22175827930239697, 0.29097142857142866, 0.20581300921300918, 0.28145728291316535], [0.2772175768675769, 0.365482415950063, 0.12272975521210815, 0.23457025197025203], [0.22088255078255084, 0.3722485791985794, 0.18700581640581643, 0.21986305361305375], [0.24512753259812087, 0.3207818903318903, 0.13295850783203736, 0.30113206923795155], [0.20978639971139987, 0.3404999167499167, 0.20395053557553558, 0.2457631479631482], [0.20165536130536135, 0.30116154401154394, 0.21354956709956704, 0.28363352758352767], [0.41664172494172486, 0.30796197691197685, 0.09433482073482073, 0.18106147741147754], [0.18289239649239658, 0.31609492174492204, 0.25352978132978155, 0.24748290043290058], [0.1891483904983906, 0.2993760425848663, 0.22395786990787003, 0.2875176970088735], [0.1981382339882341, 0.2682030303030304, 0.22886769619269623, 0.3047910395160397], [0.25089013764013784, 0.3556449439449439, 0.2073540404040404, 0.18611087801087806], [0.23298722666222665, 0.24724859584859604, 0.2248897463647465, 0.2948744311244311], [0.20298441558441555, 0.295456105006105, 0.2213542568542569, 0.2802052225552226], [0.22937043512043523, 0.3145146520146519, 0.23022827727827738, 0.22588663558663574], [0.2586567488067489, 0.2440826673326674, 0.24232081529581528, 0.2549397685647687], [0.2578885475635476, 0.2666165695415696, 0.20208185703185694, 0.27341302586302585], [0.2199574314574315, 0.3113867882117884, 0.2182111979523744, 0.250444582378406], [0.3209994338994338, 0.2728783672210144, 0.12646581359816655, 0.27965638528138537], [0.24837188922188935, 0.3018897768897771, 0.1843836718836718, 0.26535466200466207], [0.21053910533910536, 0.2842841575091575, 0.2353550865800867, 0.2698216505716507], [0.1952432242594008, 0.3319259823509823, 0.2201699431287667, 0.25266085026085033], [0.21781941391941392, 0.2804971694971695, 0.2106454045954046, 0.2910380119880119], [0.27618776093187863, 0.33568389943389937, 0.14301083165200817, 0.24511750798221402], [0.22927085137085146, 0.25716650849150857, 0.18598993783993784, 0.3275727022977026], [0.2716220446220448, 0.324672218631042, 0.18515406488935918, 0.21855167185755425], [0.2661325840825843, 0.303868686868687, 0.1517183760683761, 0.2782803529803531], [0.2536730214230215, 0.32269663114663116, 0.1551702852702853, 0.26846006216006224], [0.22747073482073504, 0.3207895881895882, 0.20119963369963362, 0.2505400432900435], [0.221863680763681, 0.34736758241758225, 0.11709452214452214, 0.31367421467421464], [0.18952160339660348, 0.32165686535686555, 0.20766540404040418, 0.2811561272061272], [0.21051268176268184, 0.2699008602508602, 0.2384580253080254, 0.2811284326784329], [0.2153444000444002, 0.25052434265081336, 0.27206311433664365, 0.2620681429681431], [0.23239728408846058, 0.2985276778776777, 0.22865465286347647, 0.24042038517038528], [0.24416645021645028, 0.3380267676767677, 0.1444095959595961, 0.2733971861471861], [0.23067136197136212, 0.31175760350760345, 0.14964794845677198, 0.3079230860642624], [0.19165170874876766, 0.35472881007881, 0.16970896946191075, 0.2839105117105116], [0.23202749472749484, 0.2740565767565768, 0.20414117549117547, 0.2897747530247531], [0.22571809024309042, 0.2998572760572762, 0.1791692529692531, 0.2952553807303807], [0.22449300976800987, 0.26946628371628384, 0.21679916194916196, 0.28924154456654455], [0.22363454600954608, 0.2931357475857478, 0.189960608835609, 0.29326909756909775], [0.213053096903097, 0.31764304029304036, 0.21704463869463878, 0.2522592241092242], [0.229408263958264, 0.31273088578088576, 0.20221776001776012, 0.2556430902430903], [0.24321730769230776, 0.30964629814629807, 0.12884457486957496, 0.3182918192918191], [0.2408429237429238, 0.30867431457431455, 0.14691984681984696, 0.30356291486291465], [0.22480061882561886, 0.3703329781329781, 0.17936682484182495, 0.22549957819957836], [0.184612914862915, 0.37175975690975677, 0.19936009546009542, 0.2442672327672329], [0.2710559801309802, 0.2685020923520924, 0.2083313936063936, 0.252110533910534], [0.17994430014430027, 0.3631450715950714, 0.14451565885095297, 0.3123949694096752], [0.2326442640692642, 0.27183441558441557, 0.24009462481962487, 0.2554266955266956], [0.21016616994117004, 0.33918566988566995, 0.19361374458874472, 0.2570344155844156], [0.2527627650127651, 0.3038573336020705, 0.17984824415350736, 0.2635316572316574], [0.2047166222666223, 0.3254885451150158, 0.16419721912074867, 0.30559761349761333], [0.23441567876567904, 0.3107002386502386, 0.21108965478965488, 0.24379442779442784], [0.22629237510855163, 0.3500578060828062, 0.15423252499134857, 0.2694172938172937], [0.21174847733965374, 0.2729186147186147, 0.23289664698047055, 0.282436260961261], [0.2607457875457874, 0.2855939504939505, 0.1842004856254858, 0.26945977633477636], [0.23548924963924964, 0.39619898989898966, 0.15065101010101015, 0.21766075036075042], [0.22658251846193042, 0.28334700381318034, 0.2046697390844451, 0.2854007386404447], [0.2034941558441558, 0.3431593684093685, 0.212651554001554, 0.2406949217449217], [0.34610664890664883, 0.2985170662670663, 0.12382424242424243, 0.23155204240204252], [0.2627062215562217, 0.2795939560439559, 0.20705814740814768, 0.25064167499167517], [0.23078231213231223, 0.2943822066822067, 0.1702602619602621, 0.30457521922521935], [0.21179362304362304, 0.3198163725163725, 0.19903901653901665, 0.26935098790098794], [0.20495629370629387, 0.3432463258963259, 0.19432297343179708, 0.2574744069655835], [0.20732268842268847, 0.3078446459972777, 0.2508477837951523, 0.23398488178488194], [0.22110730658230657, 0.27225311077811093, 0.2223762515262515, 0.28426333111333124], [0.2538852304558189, 0.23404775779775802, 0.1947391272126566, 0.31732788453376665], [0.2143656454656455, 0.3131822288822289, 0.1834543234543236, 0.28899780219780213], [0.2648925213675214, 0.26245204795204813, 0.20500767010767024, 0.26764776057276046], [0.21435894383394388, 0.2568423132423134, 0.23293911562293926, 0.2958596273008038], [0.27008154345654345, 0.29590300532800534, 0.20534591519591525, 0.22866953601953613], [0.25545029415029424, 0.2573394827394827, 0.22616073926073926, 0.26104948384948395], [0.2674955488955489, 0.31531056166056176, 0.18617513042513048, 0.23101875901875915], [0.29191709956709955, 0.3327500000000001, 0.13628256939139294, 0.23905033104150755], [0.23862518037518043, 0.2807909534909538, 0.20400324120324131, 0.27658062493062496], [0.2441686498142381, 0.26963453768453793, 0.19651735731588685, 0.28967945518533766], [0.2594038961038962, 0.35077582972583005, 0.1697809190809191, 0.22003935508935518], [0.266361521811522, 0.310267166167166, 0.16797886557886563, 0.25539244644244663], [0.22124295149295156, 0.3226649295149295, 0.20709506604506608, 0.24899705294705304], [0.26876514596514595, 0.2859085581085583, 0.18873472083472093, 0.25659157509157515], [0.29375242535242546, 0.3022700688200686, 0.12398346098346104, 0.2799940448440449], [0.3057293234543234, 0.25710409035409043, 0.1965298507048508, 0.24063673548673564], [0.3206536269286268, 0.3212124181374179, 0.1701760545010546, 0.18795790043290053], [0.1953826839826841, 0.33281443001443, 0.19426717171717178, 0.2775357142857145], [0.25536204351204356, 0.2845051746499116, 0.20178993024519368, 0.2583428515928516], [0.183673903873904, 0.2883258245022951, 0.215775113448643, 0.31222515817515817], [0.22433547367665027, 0.2846290404040406, 0.22544107477489828, 0.2655944111444112], [0.2182892884892884, 0.3185720318896789, 0.1638479148302679, 0.29929076479076494], [0.27575407370407384, 0.2971993506493506, 0.15968454323454323, 0.2673620324120324], [0.195618081918082, 0.35689184704184707, 0.19420624930624936, 0.25328382173382186], [0.21978863358863363, 0.33079008214008215, 0.1420022333875276, 0.3074190508837568], [0.2096897075147076, 0.27828711843711845, 0.22110564158064167, 0.2909175324675325], [0.19941800976800986, 0.3463893384393385, 0.2266124375624376, 0.22758021423021435], [0.2992752081252083, 0.2783773948273948, 0.18582414252414253, 0.23652325452325457], [0.2118514929514931, 0.30195117660117676, 0.21242984792984804, 0.27376748251748273], [0.2663686924186925, 0.2564024614274615, 0.24031322484704845, 0.23691562130679794], [0.28707100399600416, 0.27466934176934177, 0.21349494671994684, 0.22476470751470748], [0.2650272322448794, 0.24488229548229554, 0.15057789596024898, 0.3395125763125763], [0.2118498196248197, 0.3157009046509048, 0.21535665168165177, 0.2570926240426241], [0.21982777777777798, 0.31794090354090365, 0.19368052503052513, 0.26855079365079376], [0.21865452880452885, 0.3317163780663779, 0.19037595460095477, 0.2592531385281385], [0.25493880041527095, 0.36519995364113006, 0.12880360195360202, 0.251057643989997], [0.2809797480297481, 0.3393546897546898, 0.1506961038961039, 0.22896945831945842], [0.2588781884781885, 0.3122150460650458, 0.1764943778443779, 0.2524123876123877], [0.2264703685203686, 0.3074938172938172, 0.18816300366300365, 0.2778728105228106], [0.25307944803734284, 0.23821193960837922, 0.19948918499800872, 0.3092194273562695], [0.2996419025419027, 0.25688306138306155, 0.13975189810189817, 0.30372313797313777], [0.24090028305028308, 0.28349440559440564, 0.19184987789987798, 0.2837554334554335], [0.20761052836052854, 0.3105707237207237, 0.21542835497835497, 0.26639039294039296], [0.26068335553335553, 0.27411240981241003, 0.16128556443556455, 0.30391867021867025], [0.2390625263625264, 0.2643236652236653, 0.21389752469752463, 0.28271628371628377], [0.26544237429237444, 0.231802553002553, 0.2257887945387946, 0.27696627816627817], [0.265778232878233, 0.22578525363525362, 0.20640108420990785, 0.30203542927660587], [0.2776019591519592, 0.24228334998335, 0.1487000166500167, 0.3314146742146742], [0.2281226662226663, 0.29336834831834846, 0.21651428571428571, 0.26199469974469974], [0.2547883949383951, 0.26919003774003775, 0.20489422244422253, 0.27112734487734497], [0.31889976134976145, 0.30038447663447654, 0.14812557997558, 0.232590182040182], [0.20937911795806555, 0.2922467938494255, 0.2530627495311706, 0.2453113386613387], [0.17692609057609063, 0.29238094683094695, 0.2194691566603332, 0.3112238059326294], [0.26368677433677434, 0.30660520590520596, 0.17019783549783557, 0.25951018426018446], [0.2981766011766012, 0.2796670496170496, 0.18158377178377183, 0.2405725774225775], [0.19141143578643582, 0.3004665667665668, 0.1888212204462205, 0.3193007770007768]]}, "rewritten": {"ids": ["97105451", "97107040", "97107681", "97112300", "98106111", "98107380", "98110680", "98110710", "98112580", "98113881", "98117740", "99107640", "99107660", "99107950", "99108010", "99108460", "99109141", "99110050", "99111000", "99112300", "99113260", "99117630", "100108490", "100109890", "100109980", "100111080", "100111620", "100112060", "101108950", "101110740", "101111620", "101111990", "101112540", "101115190", "101116130", "102109850", "102110690", "102116340", "103110050", "103110100", "103110220", "103110760", "103111110", "103111540", "103111620", "103111830", "103111930", "103112641", "103113101", "103113210", "103120730", "104109311", "104111620", "104111880", "104112470", "104114740", "105111990", "105113210", "105113260", "105115570", "105118740", "105119950", "106113190", "106113260", "106114280", "106114880", "106116640", "106116850", "106118820", "107113200", "107114280", "107116980", "107118820", "107121700", "108114220", "108114360", "108115250", "108117360", "108117720", "108118301", "108118520", "108119330", "108120060", "109113591", "109114270", "109114720", "109115220", "109116170", "109117150", "109117431", "109117600", "109117630", "109118701", "109120150", "110113591", "110114950", "110115120", "110115890", "110115980", "110116170", "110116300", "110116501", "110119030", "110120190", "110121500", "111115780", "111116010", "111117000", "111117200", "111118820", "111119250", "111119580", "111119950", "112116401", "112116900", "112117471", "112117571", "112117580", "112118530", "112118701", "112118820", "112120290", "112120640", "112120700", "112121360", "112121410", "112121430", "113117401", "113117550", "113118111", "113118421", "113118820", "113120280", "113120531", "113120591", "113120601", "113120830", "113121010", "113121980", "113122120", "113122170", "113122650"], "labels": [0, 2, 3, 2, 0, 1, 2, 2, 2, 3, 2, 1, 3, 1, 2, 0, 3, 3, 2, 0, 0, 3, 2, 3, 1, 0, 3, 2, 2, 3, 3, 2, 2, 1, 2, 1, 0, 3, 3, 1, 2, 1, 3, 1, 0, 3, 3, 3, 3, 3, 1, 3, 0, 3, 1, 2, 2, 3, 3, 0, 1, 3, 0, 3, 3, 0, 3, 3, 3, 0, 3, 3, 3, 3, 3, 1, 1, 1, 1, 1, 0, 0, 1, 3, 3, 0, 3, 0, 2, 1, 1, 0, 3, 2, 0, 0, 0, 2, 1, 0, 3, 3, 0, 3, 3, 1, 1, 0, 0, 0, 1, 3, 0, 0, 3, 3, 3, 0, 1, 0, 0, 1, 0, 2, 3, 0, 2, 3, 3, 1, 3, 0, 0, 0, 0, 2, 3, 2, 2, 1, 1, 2], "predicted_labels": [1, 1, 0, 1, 1, 1, 1, 1, 1, 1, 1, 1, 1, 1, 1, 1, 0, 1, 1, 0, 1, 3, 1, 3, 3, 1, 1, 0, 1, 1, 1, 3, 1, 3, 3, 1, 1, 1, 1, 1, 1, 1, 0, 1, 1, 3, 1, 1, 1, 1, 1, 1, 3, 1, 3, 1, 1, 3, 1, 1, 1, 0, 1, 1, 0, 1, 1, 1, 1, 1, 1, 0, 1, 1, 1, 1, 1, 1, 1, 1, 1, 3, 1, 1, 1, 1, 1, 1, 1, 1, 0, 3, 1, 3, 0, 3, 3, 1, 1, 1, 1, 1, 1, 1, 1, 1, 1, 1, 3, 1, 0, 0, 3, 0, 1, 1, 1, 1, 3, 3, 1, 1, 0, 1, 1, 3, 1, 1, 1, 1, 3, 1, 3, 3, 0, 1, 3, 1, 0, 1, 1, 3], "confidence_scores": [[0.26648553537965336, 0.3328088078588077, 0.14349442028559675, 0.25721123647594235], [0.24883960206460207, 0.2751766233766234, 0.21456967754467757, 0.2614140970140971], [0.34084214951714953, 0.3112927156177154, 0.15789599012099018, 0.18996914474414484], [0.26441157845422586, 0.2777332722832723, 0.23481334302951962, 0.22304180623298292], [0.26953851426351416, 0.3129142551892553, 0.18830834720834733, 0.22923888333888345], [0.2757892357642359, 0.28004625929625926, 0.21199157786657802, 0.23217292707292708], [0.21469147227041982, 0.2911948568974885, 0.2349305594989806, 0.2591831113331114], [0.20122216117216118, 0.28368306693306705, 0.27877585192585186, 0.23631891996892], [0.24826439671439682, 0.34176637251637276, 0.18748854756354766, 0.2224806832056832], [0.2867013022924789, 0.3053604007104008, 0.18571045816928183, 0.222227838827839], [0.19461404428904433, 0.3387767288267288, 0.20046184648684667, 0.26614738039738045], [0.2236990786990787, 0.3038359418359419, 0.21211199356199362, 0.26035298590298606], [0.2810040126540127, 0.30786859806859806, 0.16920819735819742, 0.24191919191919212], [0.191775966517143, 0.2939615884115887, 0.2594407278995515, 0.25482171717171725], [0.22889636474636488, 0.33488217893217864, 0.20163737569619927, 0.2345840806252572], [0.21878796758796779, 0.31126655174890483, 0.19546513323278022, 0.2744803474303476], [0.39308801753801753, 0.2966851315351316, 0.12262108447108452, 0.18760576645576646], [0.26716906149406167, 0.3580218253968252, 0.16584119769119776, 0.20896791541791554], [0.23233540348540346, 0.31526464646464647, 0.2212113367025133, 0.23118861334743696], [0.30049401040136337, 0.23753320813173753, 0.20652176581588347, 0.2554510156510158], [0.22568661338661347, 0.31286630591630593, 0.23264098124098126, 0.2288060994560996], [0.21696443556443562, 0.27267883227883244, 0.23368494838494833, 0.2766717837717839], [0.240175668775669, 0.26513246198246215, 0.24413473193473204, 0.25055713730713736], [0.2664580835830837, 0.22773910533910538, 0.2332230907980909, 0.2725797202797204], [0.22350543345543353, 0.26348625263625275, 0.24036327006327002, 0.272645043845044], [0.19694300144300145, 0.31439728604728623, 0.21255959595959598, 0.27610011655011657], [0.24939326506826506, 0.27085511710511717, 0.2369411921411923, 0.24281042568542574], [0.265940553890554, 0.23583758463758459, 0.23234829059829065, 0.2658735708735709], [0.20771063103563117, 0.29264588744588754, 0.2323957903207904, 0.2672476911976913], [0.1854360092521858, 0.34382324064824077, 0.222980188439012, 0.24776056166056173], [0.22830725940725943, 0.2847160688984218, 0.2410610040286511, 0.24591566766566764], [0.20864827394827404, 0.25798627483627495, 0.2603076479076479, 0.27305780330780344], [0.21290629925629945, 0.31455352980353, 0.1892439116439118, 0.2832962592962593], [0.26258247030747034, 0.24408310300810301, 0.21643110778110777, 0.27690331890331904], [0.22709216698334356, 0.263067082917083, 0.24382822732822734, 0.2660125227713463], [0.20336380549275304, 0.29949685212448374, 0.25584349101191195, 0.2412958513708514], [0.24808629426129433, 0.3147085656173892, 0.17756264291264312, 0.25964249720867383], [0.21919704184704203, 0.2991648594095963, 0.23372389072915387, 0.24791420801420821], [0.23097986262103906, 0.32076354756354736, 0.1967851112939349, 0.2514714785214786], [0.21412712842712844, 0.36201096681096673, 0.19320031080031091, 0.23066159396159408], [0.27834268117503425, 0.2927011429746723, 0.19287676637088416, 0.23607940947940959], [0.2698411338661339, 0.2742616244866245, 0.20771091131091152, 0.2481863303363304], [0.28790352147852155, 0.2714936174936176, 0.1822730796980798, 0.25832978132978146], [0.21443007825507834, 0.2978798534798535, 0.21830646853146848, 0.2693835997335997], [0.18166844821844835, 0.31355703185703204, 0.2279322066822068, 0.2768423132423132], [0.28184419440208935, 0.22507837317481288, 0.20290463621345992, 0.2901727962096384], [0.23767348207348205, 0.2908239316239314, 0.20771497946497947, 0.263787606837607], [0.25422241092241105, 0.3409683205683205, 0.1851651182151182, 0.21964415029415046], [0.25358752081252095, 0.3231475552225554, 0.19130381285381295, 0.23196111111111115], [0.2142661616161617, 0.3822293817293818, 0.21628376623376622, 0.1872206904206905], [0.25545069375069385, 0.26641031746031757, 0.2151523865023866, 0.2629866022866024], [0.27905803085803094, 0.3164558219558218, 0.15951616161616164, 0.2449699855699856], [0.2752826405620523, 0.23083252107369756, 0.17761779658250257, 0.31626704178174764], [0.21068811956017847, 0.34612720057720053, 0.1888615557644971, 0.2543231240981243], [0.2470714285714286, 0.2791036502712974, 0.17803350701586002, 0.2957914141414143], [0.24288629148629143, 0.3152416305916308, 0.16451063576945937, 0.2773614421526189], [0.18587743922743916, 0.36755025530025526, 0.19643316683316686, 0.2501391386391388], [0.24895235320235334, 0.2767409590409591, 0.19209661090543456, 0.28221007685125327], [0.2621557942057944, 0.28458095238095255, 0.1808742590742592, 0.2723889943389945], [0.20623543123543137, 0.2971533580798286, 0.22942351504704458, 0.26718769563769557], [0.22588075535575536, 0.2986210400710403, 0.23019108391608403, 0.24530712065712065], [0.29359900099900105, 0.265026085026085, 0.19716840936840946, 0.24420650460650467], [0.255427072927073, 0.2985639027639028, 0.21612832722832723, 0.22988069708069728], [0.20286318273230036, 0.32634657564657577, 0.20954040485658146, 0.2612498367645428], [0.2807314962814964, 0.26443936063936063, 0.18428386613386627, 0.2705452769452771], [0.21092936785436794, 0.33270231435231457, 0.21131546231546244, 0.24505285547785566], [0.2631424630924633, 0.316207536907537, 0.17202942057942064, 0.24862057942057958], [0.20565543149660795, 0.3336437578761109, 0.2296979246243952, 0.23100288600288613], [0.17904475524475544, 0.29276276501276505, 0.23928875013875017, 0.28890372960372973], [0.22234227994227995, 0.3384781884781886, 0.13024165279165284, 0.30893787878787865], [0.2364509546009549, 0.3863817182817181, 0.18049163614163627, 0.196675690975691], [0.3769121711621713, 0.303332994782995, 0.13354054834054835, 0.1862142857142859], [0.20754666444666453, 0.3263831057831058, 0.17699388389388404, 0.28907634587634595], [0.1990603174603176, 0.32047204821322445, 0.23004652765535102, 0.25042110667110673], [0.2509088578088579, 0.2864826284826285, 0.19615835830835837, 0.26645015540015554], [0.23936022588522585, 0.3081833444333445, 0.18787450882450896, 0.264581920856921], [0.19588448773448786, 0.33048790931290944, 0.19405838605838613, 0.279569216894217], [0.2119489288489289, 0.3249374458874458, 0.1912861915861917, 0.2718274336774337], [0.24999378121878138, 0.275991230991231, 0.20599186924186932, 0.2680231185481186], [0.25254596416655245, 0.33145522810522804, 0.13381731569084512, 0.28218149203737447], [0.2772485292485294, 0.28428202353202364, 0.2039058497058497, 0.2345635975135977], [0.2187176073926074, 0.2905888722388722, 0.19961946109446105, 0.2910740592740594], [0.24911191308691308, 0.32637645687645694, 0.21258071650571658, 0.2119309135309137], [0.2932450216450216, 0.3756648740148741, 0.10206272061272063, 0.2290273837273839], [0.22982432844932865, 0.3213057664557665, 0.15246648074148075, 0.29640342435342415], [0.21801637806637816, 0.340329415029415, 0.19827842712842714, 0.24337577977577987], [0.2185289165083284, 0.27955282021899674, 0.22315827657035098, 0.2787599867023241], [0.2639182595182594, 0.3351160672660674, 0.13757243312243317, 0.2633932400932402], [0.23382950937950953, 0.3302461760461761, 0.20228556998556993, 0.23363874458874478], [0.23996616716616725, 0.34707693417693414, 0.18836346431346432, 0.22459343434343446], [0.28364451659451656, 0.24748044733044744, 0.20148454878454886, 0.2673904872904874], [0.2544660533910536, 0.256963999889, 0.2204646908646909, 0.2681052558552559], [0.24080072705072714, 0.319125874125874, 0.1949125097125098, 0.24516088911088924], [0.23011325341325345, 0.2594069541569542, 0.2501897047397048, 0.2602900876900878], [0.3240529803529805, 0.2939005883005883, 0.1512182206682208, 0.23082821067821077], [0.25940360652419475, 0.2692563131313132, 0.18211444911297853, 0.28922563123151346], [0.22611158841158854, 0.2648873321123321, 0.2337941558441559, 0.2752069236319239], [0.21121630591630597, 0.3637697469197471, 0.18110750360750366, 0.24390644355644367], [0.24166551650963428, 0.28547092352092346, 0.20909025974025983, 0.2637733002291824], [0.23099486069486064, 0.3339580843992609, 0.16605212206094563, 0.2689949328449329], [0.2632845598845598, 0.29025305250305267, 0.19528361638361655, 0.2511787712287714], [0.26129292929292947, 0.3371082972582973, 0.1282280663780664, 0.27337070707070704], [0.19835652403152415, 0.30777747448629816, 0.19616560661560672, 0.29770039486657135], [0.2346132034632035, 0.31670119129236785, 0.19138763099645445, 0.25729797424797435], [0.25245865245865245, 0.28954607614607625, 0.21430851925851926, 0.2436867521367523], [0.22043177933177954, 0.3131230491730493, 0.2272590465090466, 0.2391861249861252], [0.2309174103674105, 0.2965505383505383, 0.2070846375846376, 0.2654474136974137], [0.21973474858474878, 0.31252337694984755, 0.18348572701808, 0.28425614744732397], [0.2589509712509712, 0.26860443804561457, 0.1844939358027594, 0.287950654900655], [0.23008134906029654, 0.3340677728704044, 0.1730621298893745, 0.26278874817992476], [0.27771902378667096, 0.2200770174270174, 0.2346482811306341, 0.2675556776556778], [0.2993024142524144, 0.2935959096459096, 0.15003975468975478, 0.25706192141192147], [0.25769952269952284, 0.2357968123379889, 0.21649306804306803, 0.29001059691942044], [0.31861645021645013, 0.266716418059065, 0.12766051611786913, 0.2870066156066155], [0.26716910866910876, 0.34406933621933605, 0.1491182373182374, 0.23964331779331782], [0.2954392995892995, 0.36348814518814515, 0.12892592407592413, 0.21214663114663135], [0.22261089466089465, 0.3348177489177488, 0.14352311022311035, 0.29904824619824616], [0.25533434898434904, 0.3541583194583197, 0.1715656343656345, 0.21894169719169718], [0.2047029082029084, 0.2973233100233103, 0.18054129759129758, 0.31743248418248426], [0.26868184870684875, 0.2851368409368409, 0.13822210567210574, 0.3079592046842046], [0.200891502941503, 0.36743368298368284, 0.15911755466755476, 0.2725572594072596], [0.24448744458156238, 0.30550982905982915, 0.17647800336917993, 0.2735247229894288], [0.3040506493506494, 0.2504712842712844, 0.18135699855699863, 0.264121067821068], [0.22585097402597407, 0.3219061799311799, 0.2197676434676434, 0.23247520257520268], [0.24230951825951844, 0.3400417138417136, 0.15670254745254747, 0.2609462204462205], [0.2406748307248308, 0.27592633477633494, 0.18698042513042518, 0.29641840936840935], [0.21875480630480643, 0.3012841380841381, 0.22321553446553444, 0.25674552114552135], [0.2704553058053058, 0.29933856421356403, 0.1643920773670774, 0.2658140526140527], [0.1947577030812326, 0.3062052891552894, 0.21229808492161426, 0.2867389228418642], [0.2924723887223886, 0.3397654179154178, 0.15298220668220666, 0.21477998667998668], [0.2731576795753266, 0.2629215007215008, 0.1708661576985107, 0.293054662004662], [0.2638362415362416, 0.2964335422747189, 0.188522171455995, 0.2512080447330448], [0.2779465367965368, 0.23237360972360982, 0.16174062049062046, 0.3279392329892329], [0.2837907749113629, 0.2990853701853701, 0.117994438567968, 0.2991294163352988], [0.28258007548007563, 0.2729453388115153, 0.19042968534733243, 0.2540449003610768], [0.28206315351315364, 0.2908757686757687, 0.17983732378732387, 0.24722375402375413], [0.25437376512376525, 0.2651094516594517, 0.20580608835608843, 0.27471069486069477], [0.219257264957265, 0.37239978354978376, 0.1720420912420913, 0.23630086025086042], [0.3268995837495837, 0.2838945443445445, 0.14674292374292375, 0.24246294816294833], [0.2255673937173938, 0.33031229603729606, 0.19320091020091026, 0.2509194000444002], [0.21796553348612185, 0.3193304822628351, 0.211107314580844, 0.2515966696701992], [0.23573017619635286, 0.25999635919635933, 0.23897446719946733, 0.2652989974078211]]}}