{"test": {"ids": ["102110050", "98116090", "104112470", "112120290", "106115240", "99105921", "98120010", "99119830", "110115890", "112118890", "99111930", "98108520", "106111321", "113119700", "112121360", "110120190", "113121220", "113121190", "111116990", "108120621", "105110251", "97110950", "105113480", "97116410", "107114280", "112119980", "112121410", "101119030", "113121950", "112117461", "111116290", "99107560", "101108621", "112119500", "112116990", "112120640", "102121700", "110118301", "110118930", "113118690", "100116790", "100108520", "112118810", "111116010", "113118620", "110117110", "100109000", "112118471", "104111830", "107118120", "106118820", "99110050", "106119260", "100109910", "107118820", "112117660", "97105960", "108120700", "98119591", "103111620", "104111531", "99120010", "105115570", "97113900", "112116540", "105117200", "111120531", "104111380", "109118701", "105119950", "110117140", "109119460", "104116441", "99107300", "109115220", "107112840", "103113210", "108115970", "101108580", "107116980", "113119480", "108121351", "103117461", "110117080", "110114920", "99108460", "109115380", "107113360", "98109090", "99121440", "113120591", "110118450", "113118630", "100109360", "100120010", "107120010", "111119950", "111119300", "113122430", "105121370", "112118421", "113118111", "110113931", "107120880", "98107410", "103118291", "99109840", "99109860", "103118110", "113117401", "106113190", "113120751", "100109980", "109119591", "105118740", "109114270", "112117571", "98106880", "110116300", "107121540", "113122220", "101111310", "100109890", "112118880", "111116040", "110116441", "98111620", "98107010", "108115250", "107116300", "106114321", "102110240", "103120730", "99109910", "111120540", "103113101", "102110500", "106113260", "112120540", "110118121", "106114880", "107114490"], "labels": [3, 0, 1, 1, 1, 1, 2, 1, 2, 3, 1, 2, 0, 0, 3, 3, 3, 1, 0, 1, 0, 3, 0, 3, 3, 0, 0, 3, 3, 0, 2, 1, 0, 2, 0, 0, 1, 1, 1, 3, 2, 2, 3, 1, 3, 0, 1, 1, 3, 3, 3, 3, 1, 2, 3, 0, 2, 2, 1, 0, 0, 2, 0, 2, 1, 3, 0, 3, 3, 3, 3, 1, 1, 3, 3, 1, 3, 2, 0, 3, 3, 3, 0, 1, 3, 0, 3, 0, 1, 2, 0, 0, 3, 0, 0, 1, 0, 1, 2, 2, 3, 1, 1, 1, 3, 0, 2, 2, 2, 3, 0, 1, 1, 0, 1, 3, 3, 0, 3, 2, 1, 3, 3, 1, 0, 3, 3, 3, 1, 0, 2, 3, 1, 2, 1, 3, 3, 3, 3, 3, 0, 3], "predicted_labels": [3, 1, 3, 2, 0, 0, 1, 1, 1, 0, 1, 3, 1, 1, 0, 0, 3, 1, 0, 1, 3, 1, 2, 3, 1, 3, 3, 0, 2, 3, 1, 1, 3, 1, 3, 2, 0, 1, 0, 1, 0, 3, 1, 1, 1, 1, 2, 1, 3, 1, 3, 3, 0, 2, 0, 3, 3, 0, 1, 1, 3, 2, 1, 2, 1, 1, 1, 0, 3, 0, 3, 3, 1, 1, 3, 0, 0, 3, 0, 0, 0, 3, 1, 1, 1, 3, 1, 3, 2, 2, 0, 1, 0, 3, 1, 3, 3, 3, 3, 3, 0, 3, 1, 2, 3, 1, 1, 2, 3, 3, 1, 3, 0, 1, 3, 3, 3, 2, 1, 1, 3, 1, 0, 2, 0, 1, 2, 1, 0, 0, 0, 0, 0, 2, 1, 1, 3, 1, 3, 3, 2, 3], "confidence_scores": [[0.2265597758161051, 0.29677729844983314, 0.17464061670475264, 0.30202230902930916], [0.2165973803284893, 0.31928056452807857, 0.2053617833385662, 0.2587602718048661], [0.19592001731341338, 0.26561081000996317, 0.24290244412409623, 0.2955667285525272], [0.2384702258271644, 0.27552532590625683, 0.2911381072899859, 0.19486634097659225], [0.2940082492914268, 0.2694660249473776, 0.14185351360800394, 0.2946722121531914], [0.2615046897935322, 0.2916781760512766, 0.2447684195391384, 0.20204871461605248], [0.1945158184454962, 0.3095744495726144, 0.2693948211623298, 0.22651491081955955], [0.19309825631099478, 0.3132786903738352, 0.20682795847485466, 0.28679509484031535], [0.14328079531485946, 0.3538184554351774, 0.29934013138906734, 0.2035606178608963], [0.3113965841568978, 0.2954535261473693, 0.07906631023476032, 0.31408357946097265], [0.14959108522300088, 0.34706107892920807, 0.26670964270605385, 0.23663819314173723], [0.27407788067372674, 0.29105004448478217, 0.12310519574751796, 0.3117668790939732], [0.2547599694386041, 0.29834229807101625, 0.20685830968804209, 0.2400394228023376], [0.23254935552426848, 0.33683753962398316, 0.22144443130073949, 0.20916867355100904], [0.3168926732198116, 0.27467594376169785, 0.13370997579607846, 0.2747214072224118], [0.33990235235008937, 0.23979526064903417, 0.06624686063690355, 0.35405552636397297], [0.25930544120566223, 0.23606392177799895, 0.14172556828482968, 0.36290506873150935], [0.27193585213844973, 0.30527037537562346, 0.13490423850645528, 0.2878895339794713], [0.32040534114714164, 0.27677187224888766, 0.15824608123334552, 0.2445767053706255], [0.2663011977118156, 0.3050704506043079, 0.13372576105576747, 0.2949025906281092], [0.2814962767275265, 0.2783758396816184, 0.11794903826586932, 0.32217884532498564], [0.2649864097479352, 0.2897813435774089, 0.1822787896999518, 0.26295345697470424], [0.21050816792557508, 0.30723698679066225, 0.2624823464823332, 0.21977249880142932], [0.17604216150512056, 0.2876025842909732, 0.2663381937451858, 0.2700170604587204], [0.2674063969714739, 0.3400903320641742, 0.21006529417677106, 0.1824379767875812], [0.27819876736332677, 0.26954065636297736, 0.1310233720004351, 0.32123720427326075], [0.26159823104744145, 0.2856860063170153, 0.14827755561077627, 0.3044382070247674], [0.3267449858249241, 0.2586902375324382, 0.09442305136737382, 0.32014172527526397], [0.20950013384198013, 0.28096866863332426, 0.26336736683449147, 0.2461638306902041], [0.3420297641919434, 0.21749215153084855, 0.0730623222713919, 0.3674157620058163], [0.2333729201747431, 0.2971028337911622, 0.20873180126937702, 0.2607924447647178], [0.22551080001980978, 0.31335643842620964, 0.17099830528229487, 0.29013445627168555], [0.261664674779363, 0.3044133481597007, 0.11176137862151861, 0.3221605984394175], [0.18605105073917477, 0.3790374455111076, 0.27418647263897866, 0.16072503111073902], [0.3348655835187541, 0.19152679459575508, 0.13569332249509194, 0.3379142993903996], [0.21864315583662383, 0.2846308445601074, 0.26880394818979153, 0.22792205141347752], [0.3003997961550195, 0.310918242459011, 0.15684069586482816, 0.2318412655211415], [0.260490322799115, 0.3382404380137729, 0.1226010523603133, 0.27866818682679884], [0.28231281566354866, 0.2679144901663751, 0.12607995176006573, 0.3236927424100103], [0.25943120642632334, 0.30891807018238837, 0.19603762585923218, 0.2356130975320562], [0.2627783049684042, 0.2806586304256469, 0.2042159077624869, 0.2523471568434618], [0.24015624633604513, 0.24645399935514614, 0.22514067229611762, 0.28824908201269117], [0.28555258569452396, 0.3256940477073293, 0.11340074273007118, 0.27535262386807563], [0.18023775826474486, 0.3599033207679728, 0.21831323285043655, 0.24154568811684576], [0.2671706706494604, 0.36014850891226563, 0.10268451142766201, 0.26999630901061217], [0.15052919292746533, 0.354691989677223, 0.3277468617119898, 0.16703195568332174], [0.23144261028356516, 0.26275008563435576, 0.27060112086747584, 0.23520618321460285], [0.2526468900047485, 0.29253498226474006, 0.17004438812251474, 0.28477373960799696], [0.20709568410788046, 0.2974650858970093, 0.20931024818128205, 0.2861289818138281], [0.21038933117125594, 0.32491070193149724, 0.19980901509905985, 0.264890951798187], [0.27993277475693945, 0.27330303537430767, 0.09127566754917846, 0.35548852231957423], [0.14687808576297612, 0.3174975834468947, 0.21233963072534587, 0.3232847000647834], [0.24959213253090282, 0.2854549688679906, 0.2341668949988555, 0.23078600360225102], [0.201579208525492, 0.308235186640536, 0.3502033838470462, 0.1399822209869257], [0.2904896445095072, 0.2643209874710985, 0.12627560605443366, 0.3189137619649605], [0.27654919892116353, 0.2585302985034869, 0.1460904479169188, 0.31883005465843095], [0.21177964542580485, 0.2822207003518992, 0.22563181776679908, 0.2803678364554966], [0.3097220943529062, 0.2828472420038106, 0.10713075637305863, 0.3002999072702246], [0.23362186286883727, 0.3227129692789007, 0.24121011063730008, 0.20245505721496204], [0.2227285246015415, 0.3182537330825402, 0.2572375447220705, 0.2017801975938478], [0.2847919200992069, 0.2611459251059998, 0.11546653081082293, 0.33859562398397053], [0.20172503111527698, 0.29227528204573666, 0.3104194827193734, 0.19558020411961258], [0.24770694064229265, 0.3176982979854257, 0.2383750758845924, 0.19621968548768945], [0.22858782727703958, 0.3141787004062829, 0.2809760483788811, 0.17625742393779625], [0.2736280184419362, 0.3094612423430456, 0.14094451823377097, 0.27596622098124746], [0.21630180924830383, 0.3032632543023609, 0.21722066178271207, 0.2632142746666231], [0.23467893364682205, 0.30647667875414897, 0.19774049603678287, 0.2611038915622459], [0.2741170436666823, 0.2666209576183317, 0.2518193809405637, 0.20744261777442205], [0.2957011206796893, 0.25753247487200626, 0.09798518655652007, 0.3487812178917844], [0.2752692386074117, 0.2835862465147533, 0.16457040607013845, 0.276574108807697], [0.2025861935043795, 0.29906895531377414, 0.19021947635933897, 0.30812537482250757], [0.29059663490742804, 0.27418686476786, 0.11952115541323748, 0.3156953449114744], [0.29135031541128936, 0.3256096189990936, 0.08923072671637682, 0.2938093388732404], [0.2952231691092153, 0.29573387435109083, 0.10247504624332057, 0.30656791029637337], [0.2648274243238452, 0.277037528526181, 0.11246316525024343, 0.34567188189973025], [0.24048033854837433, 0.29015114476850035, 0.24016375047187596, 0.22920476621124947], [0.24623151032346752, 0.31731820100154423, 0.273583618250558, 0.16286667042443034], [0.30061433276510685, 0.24614693958849482, 0.0946007106850445, 0.35863801696135406], [0.31052533834254115, 0.1940100748213563, 0.23226121135142866, 0.26320337548467365], [0.3439756422854218, 0.31035819485599164, 0.147575221248939, 0.19809094160964755], [0.31808801105278206, 0.2466002005108878, 0.1119219246835899, 0.3233898637527403], [0.2886850859664822, 0.2579171535094065, 0.09096482783004223, 0.36243293269406923], [0.20047502896576225, 0.3040554267402726, 0.22978811244540714, 0.26568143184855814], [0.2157400511209392, 0.3252660348036604, 0.17655008557363072, 0.28244382850176963], [0.21042351834169862, 0.3668644965590751, 0.20125479350085568, 0.2214571915983701], [0.28656148242808177, 0.281918079869157, 0.09254993556655992, 0.33897050213620117], [0.19317970292532982, 0.3136085244143049, 0.22805174511473958, 0.26516002754562573], [0.30934612432631436, 0.2493685081666433, 0.1015684501258895, 0.33971691738115295], [0.14995317232752603, 0.3082582005038067, 0.3518964530506617, 0.18989217411800552], [0.16679720524824923, 0.3435412924733603, 0.311233323113964, 0.17842817916442644], [0.31556164190769115, 0.2557390484434085, 0.07997517735657357, 0.34872413229232674], [0.15036091483447167, 0.3501749686273034, 0.31071608023060515, 0.18874803630761963], [0.2586988493036519, 0.2767156955608516, 0.20948796588922444, 0.25509748924627196], [0.23683026556700493, 0.2399648986554593, 0.2242062633994564, 0.2989985723780794], [0.17220190317303122, 0.35969580984352345, 0.33142294389805727, 0.13667934308538862], [0.1658569326059808, 0.3066537182261024, 0.24825690608421122, 0.27923244308370554], [0.2878982492898855, 0.2524799399675462, 0.14022910678358474, 0.31939270395898317], [0.27422419721346025, 0.25297337838368383, 0.13178515889649273, 0.34101726550636313], [0.20246768265574455, 0.28079853471810534, 0.21710282212813728, 0.2996309604980128], [0.23382696431915748, 0.2643275131357866, 0.16645308800399938, 0.33539243454105677], [0.3021936274569441, 0.27688542276290545, 0.12918404563183536, 0.291736904148315], [0.2909755886797205, 0.2567747798950083, 0.12311247987655355, 0.3291371515487175], [0.27416657134392963, 0.3467033683371795, 0.11555626385425191, 0.2635737964646388], [0.21436504822354874, 0.28938586894034407, 0.26469941884176323, 0.2315496639943437], [0.2742789808299441, 0.24965887802080436, 0.1984959068717131, 0.2775662342775387], [0.21888857693442562, 0.3056408053478745, 0.2161325039686197, 0.25933811374908045], [0.13074744069473368, 0.33679005355285985, 0.3129927118909801, 0.2194697938614261], [0.16853544787352656, 0.2969393121421324, 0.2986929887033839, 0.2358322512809571], [0.18146831495355115, 0.2833527985950955, 0.23058706055928696, 0.3045918258920667], [0.2827850130106024, 0.2690979232256183, 0.11209719865501996, 0.33601986510875925], [0.2815784715746238, 0.2982536316554187, 0.13545291623890185, 0.28471498053105565], [0.2182069267262263, 0.2789112185163802, 0.2078586545846407, 0.2950232001727525], [0.3047295515765342, 0.267866249612788, 0.14018427979829165, 0.28721991901238614], [0.25171308747910576, 0.30699424832596045, 0.17398444066534222, 0.2673082235295916], [0.26709691802571, 0.2710221902099987, 0.1549146045758093, 0.30696628718848223], [0.2272842410900971, 0.2679744387583654, 0.22322449912144288, 0.2815168210300946], [0.2830758278092963, 0.2769059332288105, 0.12256343112752431, 0.3174548078343691], [0.1771269237582232, 0.29060095460496704, 0.35341672230799404, 0.17885539932881575], [0.2383898954135498, 0.34682381376988536, 0.18156195548446263, 0.2332243353321025], [0.21509591948731843, 0.3099513692195631, 0.21747137770430072, 0.25748133358881803], [0.24766276497091846, 0.27931561445579084, 0.18561724248139877, 0.2874043780918919], [0.2743009729443569, 0.3017864450204427, 0.17986515773157902, 0.244047424303621], [0.2483611993473748, 0.2907687654497027, 0.2297168323008313, 0.2311532029020914], [0.1724611012617497, 0.29753428868713744, 0.2919907256972042, 0.23801388435390872], [0.32755622918045346, 0.24675244512764358, 0.12300376595336536, 0.3026875597385374], [0.2164590927731268, 0.29637798175324026, 0.25529175383643826, 0.23187117163719478], [0.155579343138687, 0.32465067913329554, 0.34635823216582073, 0.17341174556219685], [0.25548265338339876, 0.2842512100780835, 0.1767804210297772, 0.28348571550874024], [0.2438436756867673, 0.2837800158778801, 0.21991293652983485, 0.2524633719055177], [0.2734088275522198, 0.2865698676545039, 0.18982038578240415, 0.25020091901087216], [0.2776405224626447, 0.27315422267927514, 0.19558521280885852, 0.2536200420492215], [0.2579387119653302, 0.2693290859891408, 0.20643209238121235, 0.26630010966431633], [0.3155059089032045, 0.2850864909015752, 0.08607553074972996, 0.3133320694454902], [0.1444790664429446, 0.3316477099358055, 0.38789839155449624, 0.13597483206675323], [0.20685026177491844, 0.32334873882823695, 0.245287380325936, 0.2245136190709085], [0.25301350326582495, 0.2970603664705874, 0.17400498151950872, 0.2759211487440789], [0.27932705035476635, 0.2299087815169826, 0.15908766188781956, 0.3316765062404313], [0.2218497503049211, 0.36674269681066446, 0.24664055670325982, 0.1647669961811547], [0.2623638229058719, 0.30066034211474335, 0.12915325083025428, 0.30782258414913055], [0.2937813188790767, 0.2900565589376122, 0.08013892024780217, 0.33602320193550883], [0.17809407398069224, 0.37093496514364405, 0.33596519775718375, 0.11500576311848032], [0.23255335983498235, 0.2838782042677484, 0.1769317727528961, 0.30663666314437293]]}, "rewritten": {"ids": ["97105960", "97110950", "97113900", "97116410", "98106880", "98107010", "98107410", "98108520", "98109090", "98111620", "98116090", "98119591", "98120010", "99105921", "99107300", "99107560", "99108460", "99109840", "99109860", "99109910", "99110050", "99111930", "99119830", "99120010", "99121440", "100108520", "100109000", "100109360", "100109890", "100109910", "100109980", "100116790", "100120010", "101108580", "101108621", "101111310", "101119030", "102110050", "102110240", "102110500", "102121700", "103111620", "103113101", "103113210", "103117461", "103118110", "103118291", "103120730", "104111380", "104111531", "104111830", "104112470", "104116441", "105110251", "105113480", "105115570", "105117200", "105118740", "105119950", "105121370", "106111321", "106113190", "106113260", "106114321", "106114880", "106115240", "106118820", "106119260", "107112840", "107113360", "107114280", "107114490", "107116300", "107116980", "107118120", "107118820", "107120010", "107120880", "107121540", "108115250", "108115970", "108120621", "108120700", "108121351", "109114270", "109115220", "109115380", "109118701", "109119460", "109119591", "110113931", "110114920", "110115890", "110116300", "110116441", "110117080", "110117110", "110117140", "110118121", "110118301", "110118450", "110118930", "110120190", "111116010", "111116040", "111116290", "111116990", "111119300", "111119950", "111120531", "111120540", "112116540", "112116990", "112117461", "112117571", "112117660", "112118421", "112118471", "112118810", "112118880", "112118890", "112119500", "112119980", "112120290", "112120540", "112120640", "112121360", "112121410", "113117401", "113118111", "113118620", "113118630", "113118690", "113119480", "113119700", "113120591", "113120751", "113121190", "113121220", "113121950", "113122220", "113122430"], "labels": [2, 3, 2, 3, 0, 3, 3, 2, 1, 3, 0, 1, 2, 1, 3, 1, 0, 2, 2, 2, 3, 1, 1, 2, 2, 2, 1, 0, 3, 2, 1, 2, 0, 0, 0, 3, 3, 3, 3, 3, 1, 0, 3, 3, 0, 2, 0, 1, 3, 0, 3, 1, 1, 0, 0, 0, 3, 1, 3, 2, 0, 0, 3, 2, 0, 1, 3, 1, 1, 0, 3, 3, 0, 3, 3, 3, 1, 1, 2, 1, 2, 1, 2, 3, 3, 3, 3, 3, 1, 0, 1, 3, 2, 3, 3, 1, 0, 3, 3, 1, 0, 1, 3, 1, 0, 2, 0, 1, 0, 0, 1, 1, 0, 0, 3, 0, 3, 1, 3, 1, 3, 2, 0, 1, 3, 0, 3, 0, 3, 1, 3, 3, 3, 3, 0, 0, 1, 1, 3, 3, 1, 2], "predicted_labels": [0, 0, 0, 3, 3, 3, 0, 1, 3, 2, 1, 1, 1, 0, 0, 1, 3, 2, 0, 2, 3, 3, 3, 0, 1, 3, 0, 3, 0, 0, 0, 0, 1, 0, 3, 0, 0, 3, 0, 3, 0, 0, 1, 0, 0, 3, 1, 0, 0, 3, 3, 3, 0, 0, 0, 1, 0, 3, 0, 3, 0, 1, 1, 0, 1, 0, 3, 0, 1, 3, 1, 3, 0, 0, 3, 0, 3, 3, 0, 0, 3, 0, 0, 3, 3, 1, 1, 0, 0, 0, 1, 0, 1, 1, 3, 1, 1, 3, 0, 0, 1, 0, 0, 1, 0, 1, 0, 3, 3, 1, 1, 0, 0, 3, 0, 3, 3, 1, 1, 2, 0, 1, 0, 2, 3, 3, 0, 0, 3, 3, 1, 0, 1, 0, 1, 3, 3, 0, 3, 3, 3, 1], "confidence_scores": [[0.25665625414386856, 0.2618895460346568, 0.20132010643501594, 0.2801340933864588], [0.289818913523663, 0.2898118457877206, 0.1543596598862795, 0.26600958080233694], [0.2612903974113496, 0.29084980981343456, 0.24063585060827825, 0.20722394216693782], [0.24711134475753768, 0.26383794590399984, 0.19059897049645444, 0.29845173884200826], [0.22440134150964294, 0.25813781809134606, 0.24380318189626912, 0.27365765850274176], [0.267749169904128, 0.2795982959627842, 0.15678771036181305, 0.29586482377127477], [0.32485900008360497, 0.253345587568532, 0.16580877915558057, 0.2559866331922826], [0.2682372761154188, 0.30440933478350707, 0.12372503795616027, 0.30362835114491393], [0.21880290006819053, 0.2652845211973636, 0.24289337339095482, 0.27301920534349106], [0.20860764600357398, 0.31210515995250776, 0.29834712078479697, 0.18094007325912093], [0.2248989185416414, 0.32501461434485684, 0.1840801027257923, 0.2660063643877094], [0.2633214542427872, 0.28430723051278417, 0.19387658867778848, 0.2584947265666401], [0.26102061344154154, 0.2904407156134144, 0.17132061897047618, 0.277218051974568], [0.3172639952792093, 0.25877029014776787, 0.13308751436229685, 0.29087820021072613], [0.3197884936160769, 0.2666716105380415, 0.08503768352370397, 0.32850221232217797], [0.2760729742419463, 0.29680189959908493, 0.12305505354071569, 0.3040700726182529], [0.29885688310507025, 0.26052134253718984, 0.0969786004538484, 0.34364317390389176], [0.13163530328904233, 0.3466222498488695, 0.3320281267907981, 0.18971432007128997], [0.2613390692805008, 0.2781851299018005, 0.19776067869264075, 0.2627151221250579], [0.25618387293626477, 0.2945366557888852, 0.2981521822053877, 0.151127289069462], [0.23140569175601208, 0.2609835239771259, 0.1654370065050291, 0.34217377776183294], [0.22657819732813445, 0.2742946554640073, 0.18712437641756943, 0.31200277079028904], [0.26821094006187574, 0.27950762039287946, 0.1294160150777804, 0.3228654244674647], [0.28951459053672235, 0.24572189517938484, 0.20028965091896397, 0.2644738633649287], [0.22993768241830914, 0.30360802962322175, 0.22820041803543348, 0.23825386992303565], [0.26010127021936486, 0.24033589714379813, 0.1746603072700305, 0.3249025253668064], [0.26476822827486507, 0.25750355544519593, 0.1922221435229318, 0.2855060727570071], [0.286807863917234, 0.22906392536414502, 0.155039445503704, 0.32908876521491703], [0.2983965736163057, 0.25384372552396617, 0.16024057772198957, 0.2875191231377386], [0.279749605594179, 0.25611488296782414, 0.2462695655288608, 0.217865945909136], [0.34308608820858816, 0.20435537363881018, 0.09340466401205864, 0.3591538741405433], [0.29918445601909643, 0.24320252642490214, 0.15843277943077047, 0.29918023812523115], [0.22499023807357343, 0.314520851238581, 0.2547317592049439, 0.20575715148290188], [0.31475245305603766, 0.19962813870771862, 0.20882362695154238, 0.27679578128470134], [0.30519405568610647, 0.2544496995518156, 0.08409596035607124, 0.35626028440600654], [0.27090914596959115, 0.3005529052851575, 0.2037013987561663, 0.2248365499890846], [0.31567645857818716, 0.23580256943205372, 0.11321150083381619, 0.33530947115594295], [0.24367154050778955, 0.27244264736619633, 0.1514457923058983, 0.33244001982011606], [0.3033619215493298, 0.23884965036107228, 0.14618897617547857, 0.3115994519141195], [0.30412278229601697, 0.2225483716565802, 0.10767530712696509, 0.36565353892043784], [0.3069933969522325, 0.2800401642021742, 0.14351043710327274, 0.26945600174232054], [0.27386103951833196, 0.2799108306929014, 0.1615805143958645, 0.28464761539290195], [0.27392879295487205, 0.29303454594912165, 0.1523436949686362, 0.2806929661273697], [0.2879667454545994, 0.26352461205472055, 0.1499879065439157, 0.2985207359467644], [0.27454542999070164, 0.2650763672091636, 0.16141017178263092, 0.2989680310175037], [0.2577709534596516, 0.2776277165722464, 0.1397048342888782, 0.32489649567922396], [0.22773459222068076, 0.29920607389146076, 0.19559436600483449, 0.2774649678830239], [0.3208044156548745, 0.2785060781312282, 0.0833404877872234, 0.31734901842667385], [0.2790619408710165, 0.2635618585734541, 0.2403771691389991, 0.21699903141653015], [0.2682636862867629, 0.2732427308904978, 0.12757409830287053, 0.3309194845198687], [0.24558455312188293, 0.25644907535717903, 0.1587241905052083, 0.33924218101572956], [0.27373528971392436, 0.2426280972073394, 0.148860518198672, 0.33477609488006416], [0.3124528982910817, 0.2962588184036007, 0.08660245907865734, 0.30468582422666035], [0.2886077383909656, 0.2803426079615776, 0.11919707084028558, 0.31185258280717143], [0.30150616175436695, 0.2521058130943836, 0.14256049720346295, 0.30382752794778667], [0.24269137418815137, 0.2991730874202502, 0.1956049725697526, 0.26253056582184575], [0.26521004847371543, 0.27300720388628913, 0.17162369880753842, 0.29015904883245686], [0.2858295900742844, 0.2648021127642759, 0.1279391451439463, 0.3214291520174934], [0.3030179002995114, 0.26853093191217237, 0.11898969049650122, 0.3094614772918149], [0.2029183722694302, 0.2733445430040652, 0.22150754135464926, 0.30222954337185537], [0.2989731289269794, 0.27569765451321687, 0.14506214827717454, 0.2802670682826295], [0.2700132338879476, 0.29740822488653057, 0.14598117959036705, 0.28659736163515476], [0.29377075689447185, 0.3189710163284174, 0.11832067496272437, 0.2689375518143864], [0.2715391095897667, 0.2623236253148926, 0.19189150804112257, 0.27424575705421816], [0.2571121994968691, 0.29926100562025826, 0.21792824942287176, 0.22569854546000057], [0.31303433780611634, 0.2614070578175882, 0.11387293065979312, 0.31168567371650224], [0.29770981969429927, 0.27047915259774513, 0.08773223800605869, 0.34407878970189676], [0.2844627525720021, 0.2653332014986668, 0.15310341224886326, 0.29710063368046785], [0.2566019571650425, 0.2932276909290697, 0.17498078590377725, 0.27518956600211025], [0.3037486644473899, 0.2544856558147336, 0.10931634378595302, 0.3324493359519231], [0.27217723155020795, 0.32429574580878084, 0.1988758953239048, 0.20465112731710655], [0.26216159920292464, 0.2718520655235619, 0.17204455981098743, 0.2939417754625261], [0.28014623389149956, 0.26147186370742337, 0.19112744069161566, 0.26725446170946127], [0.3284713654964755, 0.3052278077165657, 0.1543225944102322, 0.21197823237672703], [0.2907887205159074, 0.2585233651038172, 0.11756759722593896, 0.3331203171543367], [0.2986637664627125, 0.2635532037061951, 0.14623832667323008, 0.291544703157862], [0.2692571302059181, 0.25831356272459316, 0.14406921495310385, 0.328360092116385], [0.2971259753591289, 0.2409313602357467, 0.13420991511687683, 0.3277327492882475], [0.30777148345641453, 0.2528304627934659, 0.13654452690795923, 0.30285352684216005], [0.28402172173763773, 0.2609257252379128, 0.1689296920780358, 0.28612286094641365], [0.3209185229633558, 0.24055203979903048, 0.08212667512030712, 0.35640276211730654], [0.29507840396101875, 0.289512027296987, 0.10005034596800101, 0.31535922277399325], [0.330375516374838, 0.25978287263563865, 0.08270313411858887, 0.32713847687093445], [0.3035848691465831, 0.26195143245541397, 0.08676331243093797, 0.3477003859670651], [0.2933144472043062, 0.221680431886666, 0.12812800113444886, 0.35687711977457903], [0.2655906261147212, 0.297353161108805, 0.14505919533394185, 0.2919970174425319], [0.20553717501075358, 0.3072148211433543, 0.2705211319955433, 0.21672687185034897], [0.3311887879441899, 0.22942389487309084, 0.09060279688644943, 0.34878452029627005], [0.3226815068384601, 0.25792142052634365, 0.08781138996524457, 0.33158568266995164], [0.26270125860705706, 0.2562719678448322, 0.20301310048809043, 0.27801367306002017], [0.2915884105776607, 0.30558094986973683, 0.13091009136155854, 0.27192054819104394], [0.29682633560727434, 0.27471076339940226, 0.11096134456941537, 0.3175015564239079], [0.22390295225872536, 0.291874505033942, 0.23042463051346557, 0.25379791219386727], [0.27311409316440644, 0.2979883169610002, 0.12389952489787527, 0.3049980649767183], [0.22866887101190841, 0.2770924840176041, 0.20911208076075494, 0.2851265642097324], [0.232685120348497, 0.2888130086448995, 0.21289714440969376, 0.26560472659690965], [0.17571077001840002, 0.3491899526443803, 0.32515833977011666, 0.1499409375671031], [0.2430131127115732, 0.28039443979829926, 0.14918055864887433, 0.32741188884125344], [0.3135657731263771, 0.2694962499599153, 0.08663516289420657, 0.33030281401950085], [0.2994973259702523, 0.28543068422889784, 0.1300929948699692, 0.2849789949308804], [0.191314827088931, 0.3032342053275329, 0.2852989246818687, 0.22015204290166737], [0.2875979705340481, 0.28462687541254655, 0.1361042589995704, 0.2916708950538345], [0.3412278716728483, 0.23813321731161122, 0.07502149322212062, 0.3456174177934199], [0.20852260254535065, 0.34455583752480395, 0.18481481016609555, 0.2621067497637498], [0.3327821329398716, 0.20318165851892192, 0.12355952634882361, 0.34047668219238303], [0.2451608459924998, 0.29006811856431564, 0.20533275240854196, 0.2594382830346425], [0.3577037000025497, 0.21607673700668362, 0.08933183168846458, 0.3368877313023022], [0.3029154348648745, 0.23062018775979984, 0.10368879674832089, 0.3627755806270049], [0.3116598096370427, 0.23269967862006907, 0.09670598184142003, 0.35893452990146824], [0.2696308981970436, 0.29318329522769254, 0.15758059388778994, 0.2796052126874745], [0.22107584046408485, 0.30597667541971, 0.23249425495424458, 0.24045322916196057], [0.2967520706303322, 0.2829967730876119, 0.12765322773617524, 0.29259792854588057], [0.33277387699087757, 0.2134708273580671, 0.14937306618485058, 0.30438222946620463], [0.3214916695974063, 0.23372894658884288, 0.10307573790276103, 0.3417036459109895], [0.30805399513132087, 0.2598636839069875, 0.10426398957297664, 0.32781833138871525], [0.27389418342132665, 0.2548887200090116, 0.16339965918916022, 0.30781743738050155], [0.3115258789466613, 0.23508174900704853, 0.11507591024468486, 0.3383164618016053], [0.2548811370649169, 0.2944396951945142, 0.15021405481159988, 0.300465112928969], [0.2782001662019937, 0.3148579299790877, 0.1514429728121272, 0.2554989310067916], [0.20862228035273514, 0.2786252013941953, 0.2640446228451593, 0.24870789540791027], [0.3246807970473173, 0.25230095869366304, 0.10040229768200416, 0.3226159465770155], [0.24912906662840736, 0.3180457000594139, 0.2065401892102322, 0.2262850441019469], [0.2872304132272991, 0.26756937109778106, 0.1558391208008569, 0.28936109487406275], [0.25325074336906067, 0.2669700814711166, 0.282966391413641, 0.19681278374618177], [0.28492117037232156, 0.2756419171430721, 0.11505829355316799, 0.3243786189314382], [0.25307103416438703, 0.26970167677501977, 0.2034862047323352, 0.27374108432825794], [0.30229991675134593, 0.27003580503381885, 0.17221177710041083, 0.25545250111442425], [0.3038712303571243, 0.22868682208427565, 0.1615047150659167, 0.30593723249268323], [0.2948324226684874, 0.2535593687558933, 0.1116445295847826, 0.3399636789908368], [0.30068620520724826, 0.2477935736613206, 0.11924962968656158, 0.33227059144486976], [0.2808000998030496, 0.32910240819003317, 0.12221586727374355, 0.26788162473317384], [0.32580621061444043, 0.25919103709346386, 0.12746644309268246, 0.28753630919941336], [0.23324345086369483, 0.3135436512462283, 0.2573633532973841, 0.19584954459269296], [0.33603207167039806, 0.23616411743830767, 0.08338287738121361, 0.3444209335100809], [0.27092447127155717, 0.3061666562036939, 0.17223750385729283, 0.2506713686674564], [0.3335190101763034, 0.22495612487417138, 0.06309425335248593, 0.3784306115970393], [0.24466662126498614, 0.2831728718336829, 0.15302556050013352, 0.3191349464011977], [0.29484601495123336, 0.27572461400950016, 0.12755052483681065, 0.30187884620245575], [0.2750711272936218, 0.24286800555248836, 0.12794384299177103, 0.35411702416211865], [0.23056894546522336, 0.25965924016799413, 0.2354437181149066, 0.27432809625187604], [0.26812284244363244, 0.27905199219673243, 0.1410755255314769, 0.3117496398281582], [0.19582657455788885, 0.30930413359885867, 0.20772314450489793, 0.2871461473383544]]}}