{"test": {"ids": ["102110890", "104113210", "99112641", "103113270", "106116370", "112117580", "98120530", "99108310", "106120640", "103113170", "110120190", "99108080", "111116990", "112116880", "107118820", "98111231", "100109000", "99121440", "112121430", "108115070", "111119150", "98121790", "112118930", "111119430", "112117790", "106119580", "106119990", "111119340", "113118620", "105111990", "105113260", "103113260", "105117431", "101110740", "98113881", "110117140", "113118490", "98107210", "103111110", "106118161", "105112240", "112118890", "100109910", "104111880", "105115250", "107114200", "112120700", "111119300", "99107500", "112118550", "105113440", "97116401", "97107920", "106114150", "104114410", "107118780", "100108260", "99108520", "98112300", "102110850", "108121410", "106116441", "106121190", "110120531", "105116980", "112120630", "101119030", "101110200", "111115620", "107112850", "112118860", "110118450", "111121930", "98110680", "110116290", "112117571", "99111440", "113118231", "108115880", "106116640", "110117080", "107120130", "101114020", "113118810", "104116441", "106121220", "110118111", "104110960", "101119591", "106117770", "98110230", "98108150", "109120150", "106118520", "108116120", "103110840", "100111080", "103111540", "112118161", "108115500", "108115250", "97112170", "109115220", "97112290", "102113210", "110118740", "99109840", "103113210", "111116090", "103110100", "102109840", "109113881", "113119300", "106116120", "113117340", "99107950", "113120640", "113122190", "105116090", "101121640", "110114610", "111114941", "109116930", "110115120", "110113931", "112116540", "105114220", "109121640", "107116300", "105118740", "112116640", "98116940", "111118910", "111116640", "111120260", "99109161", "103111930", "111119250", "104116980", "104111620", "110121170", "113122150"], "labels": [0, 3, 1, 2, 2, 0, 1, 2, 3, 3, 3, 3, 0, 0, 3, 1, 1, 2, 2, 1, 3, 2, 1, 3, 3, 3, 0, 3, 3, 2, 3, 3, 1, 3, 3, 3, 1, 1, 3, 3, 1, 3, 2, 3, 2, 2, 2, 1, 0, 3, 0, 3, 0, 1, 1, 1, 3, 2, 2, 3, 0, 0, 2, 0, 0, 3, 3, 2, 1, 1, 3, 0, 1, 2, 2, 3, 3, 3, 3, 3, 1, 2, 3, 3, 1, 1, 1, 2, 0, 0, 3, 0, 2, 2, 1, 1, 0, 1, 0, 3, 1, 0, 3, 1, 3, 3, 2, 3, 3, 1, 2, 0, 1, 1, 2, 1, 0, 1, 1, 2, 1, 0, 0, 0, 1, 1, 3, 0, 0, 1, 0, 2, 0, 0, 3, 3, 3, 1, 1, 0, 2, 2], "predicted_labels": [3, 0, 1, 3, 0, 3, 3, 1, 1, 1, 3, 0, 0, 1, 1, 0, 3, 1, 1, 1, 1, 0, 3, 3, 3, 1, 0, 3, 1, 1, 3, 1, 1, 1, 1, 0, 3, 3, 0, 0, 1, 1, 1, 1, 1, 1, 3, 1, 1, 1, 1, 1, 0, 3, 3, 1, 1, 1, 0, 1, 3, 3, 1, 0, 3, 0, 3, 3, 3, 1, 0, 1, 2, 1, 0, 3, 3, 1, 3, 3, 3, 1, 1, 1, 1, 1, 0, 1, 3, 3, 1, 2, 0, 1, 0, 1, 1, 0, 1, 1, 3, 3, 3, 1, 1, 3, 1, 1, 0, 1, 1, 0, 3, 0, 3, 1, 0, 3, 3, 1, 0, 1, 0, 1, 0, 3, 3, 3, 1, 1, 1, 1, 1, 3, 1, 3, 1, 0, 3, 0, 1, 1], "confidence_scores": [[0.4395664523271592, 0.07099057905592224, 0.03208792931480108, 0.4573550393021176], [0.4254502865942702, 0.11544717890810831, 0.09961169760045384, 0.3594908368971677], [0.4427299659460058, 0.3560600003016446, 0.06299439186665672, 0.13821564188569288], [0.1363881856636916, 0.21851430998557791, 0.4532984413080024, 0.19179906304272815], [0.8127270609037512, 0.03945240416675106, 0.04307709237619252, 0.10474344255330538], [0.17149934513528783, 0.3237899383858359, 0.05674429135486474, 0.44796642512401147], [0.18425543838729996, 0.2566910883578979, 0.21199913931990705, 0.3470543339348949], [0.2539113041629677, 0.5648400683636526, 0.13783170131255434, 0.0434169261608256], [0.05413756699794318, 0.7231788496113459, 0.06413130216969021, 0.15855228122102077], [0.2580259024461127, 0.399218363678198, 0.2394780263931923, 0.10327770748249698], [0.04771050156329023, 0.34590268863030105, 0.11762688929760495, 0.48875992050880385], [0.5382717223279979, 0.28949123315827346, 0.05622969286516643, 0.11600735164856195], [0.5823201599241131, 0.09148185439685713, 0.031653225197881316, 0.2945447604811483], [0.13280522702292047, 0.5690219001891154, 0.12678379390315966, 0.17138907888480417], [0.09073474897103383, 0.5574996158365867, 0.12267006306401915, 0.22909557212836018], [0.6686976430003102, 0.07407474478630088, 0.02848627629055723, 0.22874133592283172], [0.10100619785358575, 0.27746496671856213, 0.04606390973020233, 0.5754649256976502], [0.08203934052070515, 0.40670072959348713, 0.4749213054781228, 0.03633862440768506], [0.13202328450474776, 0.24314380592162876, 0.4995804803967871, 0.12525242917683624], [0.11328622553161305, 0.7540593011091905, 0.05534114826371431, 0.07731332509548228], [0.21975416543513474, 0.45773347103489176, 0.053490363541107755, 0.26902199998886567], [0.3919031516172097, 0.16888373023583164, 0.21446734539599063, 0.22474577275096833], [0.1441994654432864, 0.3498047816450323, 0.03863933836760495, 0.4673564145440764], [0.05564177223116306, 0.2902918219571633, 0.11388329479722732, 0.5401831110144464], [0.17365834118654863, 0.12382564740267205, 0.022554336446649854, 0.6799616749641295], [0.06264710357773517, 0.48083361077010484, 0.2924847396574491, 0.16403454599471076], [0.40400295320779644, 0.12880509301375762, 0.3401755924616672, 0.12701636131677885], [0.06571441463064158, 0.13348627373508623, 0.14678420492735486, 0.6540151067069174], [0.06847539441965518, 0.5991352142013263, 0.06194325706481535, 0.27044613431420306], [0.09995203351254864, 0.3791394360768861, 0.26012775697982043, 0.26078077343074463], [0.2595284278996458, 0.1928770706794843, 0.22625185270620574, 0.32134264871466417], [0.11426186092023813, 0.4520328227805891, 0.04632961220492384, 0.38737570409424926], [0.029079345229854097, 0.7352576984561255, 0.09389883217071895, 0.1417641241433015], [0.19577798866598004, 0.4724329820857874, 0.16206223398119088, 0.16972679526704168], [0.20537214037241636, 0.40691880513633316, 0.1503349577713125, 0.237374096719938], [0.45553380394607423, 0.13116657955792071, 0.04494158992870227, 0.36835802656730293], [0.035150120250215564, 0.046619846153522895, 0.02200584730830401, 0.8962241862879573], [0.05655913435265344, 0.21399185805465118, 0.4202051975620377, 0.3092438100306575], [0.510027725909236, 0.10271843486018113, 0.19272424568107774, 0.19452959354950516], [0.7569513162531282, 0.11481976932071272, 0.013357698817681089, 0.1148712156084776], [0.11261976094042374, 0.38916134510691386, 0.1830627658216401, 0.3151561281310222], [0.14041679730949488, 0.36180245301129244, 0.3008526340831429, 0.19692811559606999], [0.15968612740880345, 0.27712460847527876, 0.42967145733544454, 0.13351780678047326], [0.02869308261324149, 0.46532805555721257, 0.23917405857421806, 0.2668048032553276], [0.13819295314751506, 0.5827051611339105, 0.12499684622003358, 0.15410503949854096], [0.08970985727585638, 0.7053952821085328, 0.04101629573486317, 0.16387856488074767], [0.05977014247515201, 0.4094187898653133, 0.0390265987143079, 0.49178446894522687], [0.019765964789140028, 0.7893965170664337, 0.10355845324739332, 0.08727906489703287], [0.07627127777347764, 0.7774853795149266, 0.04772709611233176, 0.09851624659926395], [0.3600712928709962, 0.354004769200774, 0.02493726022660971, 0.26098667770162015], [0.07786893434408264, 0.5989195431021086, 0.12267398550045196, 0.2005375370533569], [0.1724637451154241, 0.4074770219700761, 0.29808260214940185, 0.12197663076509797], [0.6864124977029739, 0.018017410359334084, 0.014659474664763786, 0.2809106172729285], [0.3916663128441605, 0.09722174466722548, 0.09695625807598562, 0.41415568441262846], [0.1354282153920287, 0.23361534389880217, 0.3887173330099014, 0.24223910769926735], [0.18192995216503574, 0.3617648768155556, 0.04939808871492363, 0.40690708230448525], [0.23339873473367895, 0.5195753451545219, 0.09421177316060929, 0.1528141469511899], [0.16527327734869035, 0.28970442278353425, 0.41139151117018863, 0.13363078869758674], [0.5698659441850676, 0.03506703798902954, 0.08869213904466419, 0.3063748787812387], [0.13539510101239915, 0.4761066973738318, 0.17666182642031333, 0.21183637519345533], [0.0828783987212868, 0.3354038834769054, 0.021060010899157093, 0.5606577069026508], [0.07522537068795031, 0.4048243467648245, 0.017149634705513766, 0.5028006478417115], [0.02497435342044721, 0.3778468217334411, 0.3615871631980594, 0.23559166164805198], [0.7827657903588325, 0.09412399510553203, 0.016821246507971316, 0.10628896802766404], [0.037119079576602876, 0.20370691708514466, 0.0019515283910067963, 0.7572224749472457], [0.526533500622361, 0.03429062628073972, 0.005917277794249883, 0.43325859530264915], [0.13769382303714087, 0.13895377294609887, 0.17662093583767358, 0.5467314681790865], [0.04362620907931483, 0.4194529048434407, 0.0469365246569128, 0.48998436142033164], [0.20138795454625844, 0.07995525628092914, 0.07834177709579113, 0.6403150120770216], [0.1021031848011864, 0.6821858102735651, 0.0944662155266181, 0.12124478939863069], [0.3040313768401311, 0.25852320137333357, 0.2045886505274159, 0.23285677125911977], [0.07837673206844185, 0.7128204893608613, 0.11952392989647621, 0.08927884867422113], [0.15476038662491956, 0.09796687664693414, 0.6319033638946332, 0.11536937283351308], [0.07746538327108801, 0.6106136607575289, 0.25971320854400154, 0.05220774742738171], [0.5094641102843833, 0.09275137389929723, 0.092855725956863, 0.30492878985945626], [0.09297231624576496, 0.2852439909486539, 0.06188425404151507, 0.5598994387640662], [0.23783966055529465, 0.2661905946145865, 0.04910390546829478, 0.4468658393618244], [0.10660965380244378, 0.4872634948668648, 0.09263833698326437, 0.31348851434742736], [0.22870764711204047, 0.05600451897973218, 0.027473929314062093, 0.6878139045941654], [0.327001485412492, 0.1285779698659732, 0.24090966986162782, 0.303510874859907], [0.02809953479247286, 0.37724930952309416, 0.06404133350457573, 0.530609822179857], [0.05041192251562566, 0.7350910202925266, 0.1011002565019979, 0.11339680068984984], [0.17430452466994328, 0.39093466412492917, 0.05987308120357561, 0.3748877300015525], [0.15767389655504566, 0.48801709276503596, 0.18441340176586152, 0.16989560891405664], [0.06665599169978062, 0.5025369371305056, 0.1090369186033611, 0.32177015256635255], [0.02450034415044852, 0.4793050454152871, 0.1237725697559809, 0.37242204067828316], [0.7684433953576421, 0.11483377094910846, 0.046891765882355135, 0.06983106781089435], [0.06594638347946506, 0.3170104912200183, 0.3745399606330571, 0.24250316466745936], [0.23920434175056288, 0.12134593150018669, 0.0338952618793191, 0.6055544648699309], [0.2592985495752331, 0.22830330399296772, 0.13725253012464267, 0.37514561630715676], [0.11798007908723318, 0.6462638629666935, 0.03903812296171339, 0.19671793498435994], [0.082160185519992, 0.1458645371236141, 0.6408676197911113, 0.13110765756528306], [0.25498525649995535, 0.23186098675868042, 0.3707760408776342, 0.14237771586372988], [0.05645952233206193, 0.4955064202421487, 0.41474710093433037, 0.03328695649145878], [0.7467666494936068, 0.08743019045219222, 0.059069984096335446, 0.10673317595786562], [0.12825884268398857, 0.5648798460664501, 0.06089914494431525, 0.24596216630524595], [0.30207198323907986, 0.31242180908583206, 0.3295602636143432, 0.05594594406074501], [0.37853850683390206, 0.274822945938375, 0.14884573872168497, 0.19779280850603803], [0.35504262572849515, 0.5415251164267314, 0.015329361638157056, 0.08810289620661658], [0.1842187671640629, 0.4218773269148166, 0.1548501144056584, 0.23905379151546205], [0.17210833456242813, 0.07103447807636204, 0.10897029706204929, 0.6478868902991608], [0.27055849662655523, 0.1883956414356617, 0.059300439117815865, 0.4817454228199672], [0.18455212939210996, 0.14754809381790293, 0.054773750840456784, 0.6131260259495304], [0.0770400791729664, 0.6144572744186443, 0.13480688199531735, 0.17369576441307213], [0.0749143328641842, 0.5200723091618369, 0.15045822216507002, 0.25455513580890915], [0.3884181893702294, 0.15051549441943618, 0.06350163590436286, 0.39756468030597164], [0.07334355820761622, 0.28278418860170523, 0.5478137602828945, 0.09605849290778397], [0.057546400175523815, 0.3059841944514354, 0.42377407181386384, 0.2126953335591769], [0.5496345960130157, 0.15109883994577508, 0.016981027120953736, 0.2822855369202552], [0.25243492933447803, 0.4470311640210417, 0.2273487828096416, 0.07318512383483904], [0.11893299106760483, 0.5873894384679483, 0.21577125855852433, 0.07790631190592262], [0.8384149305957634, 0.06738476803340931, 0.061065294847783086, 0.03313500652304444], [0.18433803495253573, 0.2946309038751373, 0.06449734852611058, 0.4565337126462161], [0.30656383698644063, 0.22394428936322772, 0.2753855066675929, 0.19410636698273862], [0.18450825075442687, 0.2950484319245338, 0.05165240442107219, 0.4687909128999668], [0.05770880806515579, 0.6235298721631862, 0.28336465534021693, 0.03539666443144116], [0.7918510445697275, 0.03725299225707397, 0.0006931580454600096, 0.1702028051277387], [0.07039856666450375, 0.33746337412924143, 0.2471471950472806, 0.34499086415897423], [0.3134215517532302, 0.24565611411881821, 0.05963961913425325, 0.381282714993698], [0.0817230750755722, 0.4545341245029511, 0.08594516802841441, 0.37779763239306197], [0.5188147016260192, 0.17351726103603332, 0.23609163598134003, 0.07157640135660757], [0.03361080771633821, 0.6904168644611581, 0.020878973209729403, 0.2550933546127743], [0.7235639543769514, 0.09579340675453026, 0.010438349889538064, 0.1702042889789798], [0.2957481425120693, 0.27729055284842596, 0.1418426285700673, 0.28511867606943736], [0.3581506815635677, 0.231145263167746, 0.2155514704635192, 0.19515258480516692], [0.09142077167370671, 0.36423656242611824, 0.14263238125735947, 0.40171028464281566], [0.39518971177401285, 0.06917837675762284, 0.12647026596995034, 0.4091616454984138], [0.22186128557324616, 0.2647296997253109, 0.07639991317939254, 0.4370091015220504], [0.21566340049463853, 0.5139330874279987, 0.03289794276079285, 0.23750556931656974], [0.03562136281928929, 0.5618608528971276, 0.29603541850678294, 0.10648236577680001], [0.09561075684972486, 0.6019799325951474, 0.16549773976958215, 0.1369115707855455], [0.0780222839799748, 0.5428037001716594, 0.17421585499668182, 0.2049581608516838], [0.16220949244668326, 0.34377684136587744, 0.1384992267832405, 0.35551443940419875], [0.2685068475124749, 0.1737107587735703, 0.18971580890011444, 0.3680665848138399], [0.262855888332517, 0.40491679512900697, 0.04248691557287889, 0.28974040096559733], [0.2782455262316418, 0.18178317019900395, 0.26550012708823095, 0.2744711764811233], [0.28866957135582333, 0.3910423402912236, 0.1328145720663448, 0.1874735162866079], [0.5132819823703405, 0.12866447661001645, 0.10594840119428224, 0.2521051398253612], [0.01574353523450752, 0.3795492795264392, 0.19363797307242844, 0.4110692121666252], [0.6857587483874076, 0.0484195650291369, 0.0012986694818273984, 0.2645230171016281], [0.19461608991344653, 0.3580987645002382, 0.14027733831371894, 0.3070078072725961], [0.056567017951383136, 0.6307615547396433, 0.028024495877547122, 0.2846469314314264]]}, "rewritten": {"ids": ["97107920", "97112170", "97112290", "97116401", "98107210", "98108150", "98110230", "98110680", "98111231", "98112300", "98113881", "98116940", "98120530", "98121790", "99107500", "99107950", "99108080", "99108310", "99108520", "99109161", "99109840", "99111440", "99112641", "99121440", "100108260", "100109000", "100109910", "100111080", "101110200", "101110740", "101114020", "101119030", "101119591", "101121640", "102109840", "102110850", "102110890", "102113210", "103110100", "103110840", "103111110", "103111540", "103111930", "103113170", "103113210", "103113260", "103113270", "104110960", "104111620", "104111880", "104113210", "104114410", "104116441", "104116980", "105111990", "105112240", "105113260", "105113440", "105114220", "105115250", "105116090", "105116980", "105117431", "105118740", "106114150", "106116120", "106116370", "106116441", "106116640", "106117770", "106118161", "106118520", "106119580", "106119990", "106120640", "106121190", "106121220", "107112850", "107114200", "107116300", "107118780", "107118820", "107120130", "108115070", "108115250", "108115500", "108115880", "108116120", "108121410", "109113881", "109115220", "109116930", "109120150", "109121640", "110113931", "110114610", "110115120", "110116290", "110117080", "110117140", "110118111", "110118450", "110118740", "110120190", "110120531", "110121170", "111114941", "111115620", "111116090", "111116640", "111116990", "111118910", "111119150", "111119250", "111119300", "111119340", "111119430", "111120260", "111121930", "112116540", "112116640", "112116880", "112117571", "112117580", "112117790", "112118161", "112118550", "112118860", "112118890", "112118930", "112120630", "112120700", "112121430", "113117340", "113118231", "113118490", "113118620", "113118810", "113119300", "113120640", "113122150", "113122190"], "labels": [0, 0, 1, 3, 1, 0, 3, 2, 1, 2, 3, 2, 1, 2, 0, 1, 3, 2, 2, 3, 2, 3, 1, 2, 3, 1, 2, 0, 2, 3, 3, 3, 0, 2, 2, 3, 0, 3, 1, 1, 3, 1, 3, 3, 3, 3, 2, 2, 0, 3, 3, 1, 1, 1, 2, 1, 3, 0, 3, 2, 1, 0, 1, 1, 1, 1, 2, 0, 3, 0, 3, 2, 3, 0, 3, 2, 1, 1, 2, 0, 1, 3, 2, 1, 1, 3, 3, 1, 0, 0, 3, 0, 2, 0, 1, 1, 0, 2, 1, 3, 1, 0, 3, 3, 0, 2, 0, 1, 3, 0, 0, 0, 3, 1, 1, 3, 3, 3, 1, 1, 0, 0, 3, 0, 3, 0, 3, 3, 3, 1, 3, 2, 2, 2, 3, 1, 3, 3, 1, 0, 2, 1], "predicted_labels": [0, 1, 1, 1, 1, 2, 1, 1, 0, 1, 0, 1, 3, 3, 1, 1, 1, 1, 3, 0, 1, 0, 1, 1, 1, 3, 1, 1, 3, 1, 1, 3, 3, 1, 1, 1, 0, 1, 1, 1, 0, 3, 1, 1, 1, 1, 3, 1, 3, 1, 1, 3, 1, 1, 1, 1, 1, 1, 0, 1, 3, 3, 1, 1, 3, 0, 0, 1, 1, 0, 0, 1, 1, 0, 1, 3, 1, 1, 1, 1, 3, 1, 1, 1, 3, 1, 1, 0, 1, 0, 3, 0, 0, 1, 0, 1, 1, 0, 3, 3, 0, 1, 0, 1, 0, 3, 1, 3, 0, 0, 1, 3, 1, 0, 1, 3, 3, 1, 0, 1, 1, 1, 1, 1, 3, 1, 0, 1, 0, 1, 0, 1, 1, 1, 1, 3, 1, 1, 3, 0, 1, 3], "confidence_scores": [[0.5427815231207108, 0.02824448345148183, 0.015012335446858385, 0.4139616579809488], [0.13807089701460903, 0.46813597569669135, 0.07615831849482295, 0.3176348087938768], [0.08354897076148389, 0.6754767824979575, 0.034376275744728284, 0.20659797099583038], [0.1432632949450419, 0.531807350476936, 0.23849532347170072, 0.08643403110632121], [0.1053504824121495, 0.5675291551168052, 0.20372813593372255, 0.12339222653732262], [0.1401717999305473, 0.16908798912362508, 0.543631508676894, 0.14710870226893363], [0.19640869570151911, 0.4459120954165218, 0.024992884520908237, 0.33268632436105056], [0.08824625992958189, 0.5429561285165326, 0.33721729401247585, 0.031580317541409685], [0.6586493845619443, 0.05592178575512079, 0.030160896014304103, 0.2552679336686308], [0.2409889404497709, 0.3994864043438721, 0.11069497560919254, 0.2488296795971646], [0.32720215222633847, 0.2575438651595428, 0.23744790023570644, 0.1778060823784123], [0.03789558992445145, 0.6949152128761353, 0.09323774533230778, 0.1739514518671054], [0.2388573338686944, 0.11007484681099533, 0.17268709799465115, 0.4783807213256591], [0.24217504327376652, 0.22807285783991801, 0.2881643224671648, 0.24158777641915063], [0.1314454490360807, 0.6795523172312464, 0.04219106051887492, 0.14681117321379752], [0.06797620850575872, 0.5013436684576419, 0.3682488960355686, 0.06243122700103052], [0.3961645896525081, 0.3139263610050816, 0.05543964962073507, 0.2344693997216754], [0.4066411568705027, 0.36673353130921155, 0.10576191840957824, 0.12086339341070743], [0.21837980508044233, 0.19812440586071553, 0.32840173605736217, 0.25509405300148], [0.31705297655820625, 0.22522250916703543, 0.18317883404538593, 0.2745456802293723], [0.06996018054452748, 0.3472163764257621, 0.4858840905667, 0.09693935246301014], [0.35288428681889844, 0.23652697129130557, 0.13761719757742186, 0.27297154431237447], [0.3715643462234035, 0.3217910329442687, 0.09128614108237648, 0.2153584797499515], [0.14498718146365858, 0.5655960707102657, 0.22956668005026107, 0.05985006777581479], [0.2631964928177552, 0.4940763308088309, 0.10124229640928706, 0.141484879964127], [0.21228644421619913, 0.17575122416749692, 0.06213301151612007, 0.5498293201001838], [0.30881195866722416, 0.2663169570964347, 0.2987711803198516, 0.12609990391649006], [0.1754639404161907, 0.24315287462030347, 0.5035228010192808, 0.07786038394422477], [0.09302241158174072, 0.10873751395749706, 0.02760252770976126, 0.7706375467510008], [0.2153200694160779, 0.43771694251881715, 0.1624132442915205, 0.18454974377358452], [0.1521717284361637, 0.5810868895968875, 0.051470755384393704, 0.21527062658255522], [0.1509992872842648, 0.07374504895972951, 0.19178215634295895, 0.5834735074130467], [0.32323785017666, 0.07730389157012428, 0.07107880562752801, 0.5283794526256875], [0.09702196670007644, 0.5413487606694763, 0.06512459583795079, 0.29650467679249654], [0.10797578327290214, 0.4193544258426808, 0.33232081756432785, 0.14034897332008936], [0.11618656167550699, 0.3309678591790694, 0.3521478889015464, 0.20069769024387749], [0.3902219586171534, 0.18115361827368417, 0.0664484691647929, 0.3621759539443697], [0.20824117153661453, 0.4671282703463963, 0.1828941546297415, 0.1417364034872478], [0.0927342671635943, 0.5822835642437881, 0.13815980341426287, 0.18682236517835457], [0.0885885342668659, 0.5515442675060368, 0.05374893304445193, 0.3061182651826455], [0.4970397078793169, 0.22200171298953889, 0.10959724998222165, 0.1713613291489227], [0.2966808656058951, 0.19549680053137355, 0.1275320774515401, 0.38029025641119124], [0.22817722801970003, 0.41052061073565355, 0.19772777896732685, 0.16357438227731982], [0.19248651030016928, 0.5107652977764063, 0.19262153109443925, 0.10412666082898528], [0.043372582098319554, 0.32968455139117653, 0.5317987583165331, 0.09514410819397065], [0.08410247359370979, 0.4983633538870274, 0.13695623520471026, 0.2805779373145523], [0.22837259408563373, 0.21408651630410339, 0.2854116030625703, 0.27212928654769286], [0.033835555374079396, 0.35345737965975277, 0.505611585067774, 0.10709547989839371], [0.09268827184720327, 0.01467403083973535, 0.011980953647843275, 0.8806567436652185], [0.026547681007951105, 0.6765879084188615, 0.1122755060054429, 0.18458890456774463], [0.254801440952948, 0.3817874336456997, 0.21026718494014082, 0.15314394046121158], [0.22232406504622063, 0.201682216387305, 0.2713305609058158, 0.30466315766065866], [0.0734713907406541, 0.375735091891531, 0.19426530534642167, 0.3565282120213935], [0.021555102626309212, 0.6686903441432558, 0.15591504106169818, 0.1538395121687368], [0.05569746275588759, 0.6135679251886529, 0.17509331079517224, 0.15564130126028755], [0.13229166186412195, 0.3531094347767785, 0.16712462676539355, 0.3474742765937057], [0.2257471971932553, 0.4315861779965178, 0.1791601889576416, 0.16350643585258526], [0.09316204906222886, 0.6667682096283509, 0.07298772451393185, 0.16708201679548862], [0.5482812233391946, 0.04700190255939048, 0.08251537654031124, 0.32220149756110356], [0.20775328637709972, 0.4676909490039317, 0.11158023466803323, 0.21297552995093535], [0.3164935821290024, 0.2330401263013021, 0.062319525546514196, 0.3881467660231814], [0.02780014500270432, 0.28106237586370825, 0.006828646416984429, 0.6843088327166031], [0.1301021318374305, 0.5039675599003117, 0.1710736594125359, 0.19485664884972195], [0.06377067232421257, 0.7551940496370979, 0.11901990718975014, 0.062015370848939315], [0.2693110680420198, 0.24938002769010742, 0.1685531218354279, 0.31275578243244484], [0.35599426456499356, 0.20124162466212556, 0.2443113116489641, 0.19845279912391683], [0.7455998602281211, 0.06260805165135874, 0.05877076469142743, 0.13302132342909254], [0.16317565606205134, 0.5309537049387397, 0.024913962558605677, 0.2809566764406033], [0.17696837992390835, 0.27777718829777065, 0.2962459379098652, 0.24900849386845608], [0.26549219839684757, 0.23090452248303428, 0.2580995889183249, 0.24550369020179325], [0.7930458707491059, 0.04662767321553007, 0.020519962811128743, 0.13980649322423522], [0.073848186506208, 0.23142935908111936, 0.5115467056846121, 0.1831757487280608], [0.045900567581943025, 0.7841400285563302, 0.11230325470117196, 0.05765614916055429], [0.40907760854333014, 0.1827173576373298, 0.3006476889016407, 0.10755734491769925], [0.12487859469481316, 0.6612015354826006, 0.06442765721962693, 0.1494922126029592], [0.04262611269211834, 0.3410891222451642, 0.19238921646918536, 0.4238955485935323], [0.0427181809184459, 0.6374112795359314, 0.1467418637619249, 0.17312867578369778], [0.0841976210216538, 0.6685542159835794, 0.13046326389133667, 0.11678489910343028], [0.07643977362164606, 0.8301469356577221, 0.022111706243242782, 0.07130158447738928], [0.40707028670863254, 0.42863819716836105, 0.015559644786797895, 0.14873187133620852], [0.16849714423359208, 0.2993930460350365, 0.033908743477719584, 0.49820106625365174], [0.052262525458902594, 0.8055894339160693, 0.027908196504380058, 0.11423984412064779], [0.07485596970676672, 0.6038576856912611, 0.17526210752603766, 0.14602423707593473], [0.11183034373124877, 0.7254786352404916, 0.04418632904210462, 0.11850469198615446], [0.16025628396847888, 0.08472767024693739, 0.1059560903013115, 0.6490599554832722], [0.13576106735266644, 0.3437602689246179, 0.359259545194392, 0.16121911852832366], [0.2887722494360678, 0.46189956554807277, 0.05873449234113989, 0.19059369267471957], [0.7375116101983619, 0.07228523655670421, 0.0633204683051184, 0.1268826849398159], [0.059138644531837294, 0.44912228569365775, 0.01564669138190688, 0.476092378392598], [0.5337989491585032, 0.2750815159210073, 0.09043299952419831, 0.1006865353962914], [0.15934222091277045, 0.19364202061005184, 0.07835392818046305, 0.5686618302967144], [0.7153772057151826, 0.14567634612072763, 0.014751727999586082, 0.12419472016450352], [0.5062007966725081, 0.1599764339753619, 0.2059955105821025, 0.12782725877002765], [0.2928457265097243, 0.30942015124859873, 0.15681688950014155, 0.24091723274153537], [0.3609763463128722, 0.18248508174588038, 0.19090914373655607, 0.26562942820469115], [0.32017147662841433, 0.45739827217923584, 0.13638513097026247, 0.0860451202220872], [0.26382674769576747, 0.48605090462557926, 0.10949133979286793, 0.14063100788578517], [0.3951209753418787, 0.1791710897456656, 0.13872255622593838, 0.28698537868651736], [0.026616453153786433, 0.37139529333023846, 0.061618861391254075, 0.5403693921247211], [0.2566166613410176, 0.1343268592750551, 0.035324709448467065, 0.5737317699354603], [0.76378015091784, 0.12417630493608242, 0.03712084003836935, 0.07492270410770777], [0.056078024357867184, 0.5457923326485945, 0.32904156154295, 0.06908808145058822], [0.45640295723161256, 0.24212979906590823, 0.05884970131232838, 0.2426175423901509], [0.0720541336730001, 0.47371870762253415, 0.1822069430678437, 0.27202021563662193], [0.8830593262065769, 0.037943362784833526, 0.010977604142745321, 0.06801970686584435], [0.28816927157131395, 0.24331697373427255, 0.13016310642609222, 0.33835064826832106], [0.06491332997152421, 0.5575033175795573, 0.05325779446210136, 0.32432555798681706], [0.18323282313469216, 0.1125004907939118, 0.11099493272132845, 0.5932717533500674], [0.5701049279443651, 0.12543296371295687, 0.003499310586276092, 0.30096279775640206], [0.5771582679457362, 0.16813847990416736, 0.11402415315570281, 0.1406790989943939], [0.17541145946573505, 0.38483168931164796, 0.1304514286558039, 0.3093054225668132], [0.25752453091944155, 0.3201018049390733, 0.03813162623693532, 0.3842420379045498], [0.22157492370010914, 0.4449376611403952, 0.06599541299813148, 0.26749200216136393], [0.627488743460662, 0.10561227266719997, 0.1690261603386296, 0.0978728235335085], [0.02338133330656886, 0.7754627773561154, 0.05496155105048431, 0.1461943382868313], [0.06375074695569127, 0.18099104590319207, 0.20904691757551735, 0.5462112895655995], [0.04853748208083445, 0.3576175898151728, 0.09780809804613522, 0.4960368300578574], [0.25727522675431813, 0.40194497610830177, 0.08083286858965998, 0.2599469285477204], [0.253344830730633, 0.11913273485920318, 0.5120501572094991, 0.11547227720066484], [0.03406339815402766, 0.7925966343625289, 0.07073363426627043, 0.10260633321717323], [0.0802273198459047, 0.6273106654520604, 0.18644950222362572, 0.10601251247840932], [0.08774458330330641, 0.6587122893895216, 0.10656182751840074, 0.1469812997887711], [0.1551012790005342, 0.4135410263150735, 0.048577396952960795, 0.3827802977314318], [0.19699392581021402, 0.5919069034878296, 0.030684864254293627, 0.18041430644766301], [0.1306030106461277, 0.2638294028621747, 0.07329387137460328, 0.5322737151170946], [0.210398143253681, 0.6162992026624519, 0.06042793483958973, 0.1128747192442774], [0.4952429597213082, 0.3255985945944797, 0.05475377204363675, 0.12440467364057553], [0.32168185847327724, 0.41009133701679773, 0.15185619026806757, 0.11637061424185732], [0.3147058966020867, 0.23237374918766948, 0.19746341989862698, 0.2554569343116168], [0.17036706737470636, 0.4729509968378562, 0.027890900741802834, 0.3287910350456346], [0.5194358825659913, 0.09251437992978728, 0.030570844606579838, 0.3574788928976417], [0.07106850598197009, 0.5370808002789694, 0.06605147335880766, 0.325799220380253], [0.04810169375981361, 0.6681387732683995, 0.232162989608682, 0.05159654336310507], [0.14694711910088193, 0.41521320804969236, 0.08665055004985996, 0.3511891227995661], [0.13756012275553978, 0.3761114248492323, 0.1634739228009554, 0.3228545295942725], [0.039032122214171266, 0.055794913918745144, 0.02048562188775662, 0.884687341979327], [0.07302407033392368, 0.49428266699067636, 0.0998755024566707, 0.3328177602187292], [0.06410836603926502, 0.7282695700503448, 0.05305467733624119, 0.15456738657414903], [0.1647487338688815, 0.24149874553229783, 0.05895845410529365, 0.5347940664935272], [0.7149845144745948, 0.06741892531520893, 0.001188378049083297, 0.21640818216111318], [0.052077663000328143, 0.5370466568981146, 0.050126926418139886, 0.36074875368341713], [0.07293168781234585, 0.2913925787528389, 0.1430027600610601, 0.49267297337375515]]}}