{"test": {"ids": ["98110710", "110118630", "108113480", "109117730", "108120260", "102112170", "105115720", "101110200", "102109840", "97112290", "107117630", "107121700", "112117580", "111116750", "99107950", "101109000", "110116300", "103113640", "111120220", "102113210", "105113170", "100109360", "107116340", "111117120", "110118161", "102112301", "108118520", "97116410", "107118490", "101108950", "111120540", "98112300", "111116530", "106118820", "113121750", "98109230", "107113200", "107117010", "101111620", "104118070", "110118701", "112120290", "110121140", "111119300", "99111930", "106114321", "105118230", "101110150", "97109570", "101111210", "112118860", "110114720", "100108520", "104116800", "109117271", "107112850", "112119930", "103112470", "110115250", "102107961", "113120591", "107116980", "112116810", "103118110", "112117461", "106111321", "99109860", "111115770", "111119580", "112118620", "111115780", "97112830", "97106000", "103109791", "99108890", "112116640", "102111990", "108118810", "97110950", "109115220", "106121190", "113120280", "113121810", "105111990", "106112770", "109116441", "112119120", "111120190", "107113840", "98120010", "104110960", "112117790", "102121440", "112116290", "107121640", "113118870", "113121190", "102118380", "104119340", "110117110", "113119360", "110115140", "107114621", "100108580", "109119010", "99109840", "98116090", "110117500", "100109311", "110120560", "110113931", "102109850", "105112260", "98109570", "108115570", "100109801", "99109311", "99119830", "102110500", "108113700", "108118630", "105119550", "103120780", "105116860", "103120290", "110118810", "110120190", "101112690", "103111930", "107114200", "98108150", "109116930", "108115880", "106116640", "110115890", "98106111", "105118740", "108117610", "111118910", "109113591", "102110750", "108117451"], "labels": [2, 1, 0, 3, 1, 3, 1, 2, 2, 1, 0, 3, 0, 3, 1, 1, 3, 1, 3, 3, 0, 0, 3, 2, 0, 1, 0, 3, 2, 2, 1, 2, 3, 3, 0, 1, 0, 1, 3, 2, 3, 1, 3, 1, 1, 2, 1, 1, 0, 2, 3, 3, 2, 1, 0, 1, 1, 1, 1, 3, 0, 3, 3, 2, 0, 0, 2, 3, 3, 3, 1, 2, 0, 3, 0, 0, 2, 1, 3, 3, 2, 0, 2, 2, 1, 3, 1, 3, 3, 2, 2, 3, 2, 0, 1, 0, 1, 1, 1, 0, 0, 0, 0, 0, 3, 2, 0, 1, 1, 0, 1, 1, 3, 1, 3, 0, 1, 1, 3, 0, 1, 1, 1, 2, 2, 1, 3, 1, 3, 2, 0, 0, 3, 3, 2, 0, 1, 3, 0, 3, 1, 2], "predicted_labels": [3, 1, 1, 3, 3, 0, 1, 1, 2, 2, 0, 1, 0, 3, 1, 3, 1, 0, 0, 1, 3, 3, 3, 1, 1, 3, 0, 3, 0, 1, 0, 3, 1, 1, 0, 2, 3, 1, 0, 3, 0, 3, 0, 1, 0, 1, 1, 0, 3, 1, 2, 1, 3, 3, 3, 0, 2, 1, 1, 3, 0, 0, 2, 0, 3, 3, 1, 0, 0, 2, 3, 3, 2, 3, 1, 1, 2, 1, 0, 1, 3, 0, 2, 3, 1, 3, 0, 3, 1, 3, 3, 3, 1, 1, 1, 1, 1, 2, 1, 0, 3, 1, 3, 3, 3, 2, 1, 1, 3, 2, 3, 2, 1, 0, 1, 3, 3, 2, 3, 3, 2, 2, 0, 1, 0, 1, 3, 3, 3, 1, 1, 0, 3, 0, 1, 2, 2, 3, 3, 3, 2, 0], "confidence_scores": [[7.778324046755578e-05, 0.019543049381038298, 0.393888010852159, 0.5864911565263352], [0.00614099498883396, 0.7597592723981941, 0.20951388892135178, 0.024585843691620063], [0.281782551347521, 0.7101241645827377, 0.002206033142603497, 0.005887250927137829], [0.14151098710541343, 0.3409777909750629, 0.07616987509806324, 0.4413413468214605], [0.006005645280594144, 0.04706032493687292, 0.02181094273567046, 0.9251230870468625], [0.5987841027515013, 0.000769206386329534, 0.016599224477056567, 0.3838474663851127], [0.15659555896192603, 0.606002033459506, 0.19754675944910988, 0.03985564812945808], [0.07147596560209253, 0.6738664599626236, 0.0015817758913411737, 0.2530757985439427], [0.0490590359387034, 0.11692833205569751, 0.6031811969765224, 0.23083143502907674], [0.08924872447389957, 0.19276168277865235, 0.5178816538573496, 0.20010793889009845], [0.9886516528786845, 0.005725868296616905, 0.004910923299822554, 0.0007115555248760671], [0.00017406493708418128, 0.9014541382118134, 0.000126493123631278, 0.09824530372747106], [0.6833205053886309, 0.051048865427191885, 0.0005905348937338774, 0.26504009429044334], [0.38535809656875125, 0.002243726963567132, 0.0009009198680278015, 0.6114972565996538], [0.060742278709779204, 0.3827009573461242, 0.23974525078623862, 0.31681151315785794], [0.0010177016844324263, 0.4338375695804009, 1.537345627401891e-05, 0.5651293552788927], [0.12867311237818396, 0.7590445616111966, 0.06633004957985936, 0.045952276430760185], [0.9966273436211683, 0.0002782651625773888, 9.512089909266682e-05, 0.0029992703171617873], [0.7782745246512072, 0.176719976351083, 0.028624812299919724, 0.016380686697790022], [0.00020223695102961707, 0.9982098354747331, 0.0003504604941614345, 0.0012374670800759456], [0.025563566672351386, 0.23477825257760035, 0.26836470591478123, 0.47129347483526696], [0.025356465030539746, 7.93345703377962e-05, 0.000650825662130636, 0.9739133747369919], [0.06101823131525499, 0.02744830935489667, 0.023310540226724172, 0.8882229191031242], [0.1473530056210284, 0.8044537824769205, 0.04106599190065374, 0.00712722000139732], [0.453414348565451, 0.5123449408101034, 0.020302919927142882, 0.013937790697302714], [0.0038567680204428423, 0.000572183251693034, 0.00037755613585873, 0.9951934925920055], [0.9958509755660202, 0.0030730628097450263, 0.00036000206232823833, 0.0007159595619064627], [0.08843281081067493, 0.0007251989134270804, 0.01736136829924959, 0.8934806219766485], [0.7724010487117472, 0.09121774346872763, 0.1360189851295254, 0.0003622226899997166], [0.0008037154827423552, 0.8086198514535752, 0.10864283779706053, 0.08193359526662194], [0.952970641280073, 0.028475364623775746, 0.01842644956507285, 0.00012754453107844443], [0.11745733084397407, 0.002875316706853845, 0.026680469675732392, 0.8529868827734397], [0.0023576649930591733, 0.9966580859030046, 3.6064651275518276e-05, 0.000948184452660545], [0.0015528359557657333, 0.5709126761989589, 0.012243022118369735, 0.4152914657269056], [0.7756678833400309, 0.19749140110056368, 0.005117817161176293, 0.021722898398229207], [0.003251353796226142, 0.006331335780375827, 0.7008915455691557, 0.2895257648542424], [0.05222247105960894, 0.0044579003363487985, 0.0006348215424286083, 0.9426848070616136], [0.3523333414018336, 0.4752730788133852, 0.15692815861925588, 0.015465421165525375], [0.9798902810733492, 0.006107553406146331, 0.0038205724078973283, 0.010181593112606956], [1.836249251096951e-05, 7.916729801754273e-05, 0.05577031144318171, 0.9441321587662898], [0.5401026314292902, 0.45660076178716386, 0.00015134725351024947, 0.003145259530035845], [0.029097088107567438, 0.10322603469213679, 0.01191258133552619, 0.8557642958647695], [0.9995327573733211, 0.0002351202959827596, 0.00015171057896348127, 8.041175173252207e-05], [0.015756145160994033, 0.9358043122667101, 0.04267890302354215, 0.005760639548753826], [0.49023088147744065, 0.08431385277886722, 0.03230116258234775, 0.3931541031613444], [0.37499024302741263, 0.6137752274023882, 0.01070628884486577, 0.0005282407253334045], [9.130488188632021e-05, 0.996370443328137, 0.0033601947896509557, 0.0001780570003256992], [0.5549474479682838, 0.027087693554510687, 0.038360667136929885, 0.37960419134027573], [0.004030239760164906, 0.020525399178190153, 0.039596488066565565, 0.9358478729950794], [0.007978177631897513, 0.9140902088490134, 0.001954967065744975, 0.07597664645334389], [0.03060891216482091, 0.04248344486238677, 0.6734140247429595, 0.25349361822983274], [4.444346460625816e-05, 0.9904304084029644, 0.006426867109417078, 0.003098281023012263], [0.0018257257929690488, 0.0004528824636440367, 0.22672472240187105, 0.7709966693415159], [0.007792796223423456, 0.0026555819161912337, 0.0012120693978879432, 0.9883395524624974], [0.002253048245484088, 0.0015323426061633063, 0.00032810856438305697, 0.9958865005839695], [0.5782411498612614, 0.3514293575272405, 0.0647364786048607, 0.005593014006637404], [0.13540302801344656, 0.0009639369150966357, 0.7466836302920978, 0.11694940477935897], [0.2537577994657617, 0.38540988443291485, 0.06759600010141253, 0.29323631599991085], [0.008160647473602968, 0.9792715457537855, 0.012055066762581324, 0.0005127400100301403], [0.05611753676255304, 0.06481909362414189, 0.08232390111595554, 0.7967394684973497], [0.6540309125801718, 0.0028949453447910307, 0.21404661398485547, 0.12902752809018184], [0.6814582455205495, 0.08665683715085792, 0.00020960005420310324, 0.2316753172743895], [0.26671444903401614, 0.2863478672073209, 0.30653228816322536, 0.14040539559543755], [0.6211338233064962, 0.06640370012463757, 0.2761493111956731, 0.03631316537319309], [0.19519231483627655, 0.057157493254827635, 0.0014980872396262797, 0.7461521046692694], [0.24238290219278177, 0.004645145536985401, 0.0039877211905093935, 0.7489842310797235], [0.0007099149843559655, 0.6225065712164267, 0.3759060642472284, 0.0008774495519890216], [0.7572426992105749, 0.023057531489109228, 0.0024594449505602454, 0.21724032434975576], [0.4671494032858697, 0.12338739676941747, 0.0046172850971083765, 0.4048459148476046], [0.42553635227652686, 0.0261451005001769, 0.5065931083510273, 0.04172543887226885], [0.007184374729956108, 0.03665868120865088, 0.016925564453873707, 0.9392313796075192], [0.003043818651150806, 0.0022867380820477904, 0.04969286043313854, 0.9449765828336628], [0.00025303676861825037, 0.00013080981099834968, 0.6223288301252903, 0.37728732329509324], [0.1030848132737311, 0.02060513469885458, 0.3847146173637152, 0.4915954346636992], [0.01780019556572174, 0.9573419275771012, 0.021198667500136097, 0.0036592093570407607], [0.0007320568474746803, 0.9989461571648984, 0.000172186898234811, 0.00014959908939221682], [0.08907066113853318, 0.002492281588100216, 0.8981417261758241, 0.010295331097542387], [0.04470930971561144, 0.7661697596992652, 0.009634409153891176, 0.17948652143123225], [0.8079230299386345, 0.0050832860162522845, 0.13335170578779948, 0.05364197825731364], [0.03784900943442, 0.8887073965142435, 0.015727983628777514, 0.057715610422559106], [0.0019120254782956365, 0.3355495279111231, 0.2567988629823036, 0.4057395836282776], [0.9969068260837604, 1.1288558072294977e-07, 1.473127707259483e-06, 0.003091587902951616], [0.0007253971709437975, 0.0026139892702062516, 0.9965792611979949, 8.135236085506244e-05], [0.3118197817378284, 0.08359316425211333, 0.22604804909203316, 0.378539004918025], [0.0003361012774533128, 0.9925898994094512, 0.003123033330577897, 0.00395096598251767], [0.29363909562814733, 0.020685180414135525, 7.64263345665885e-06, 0.6856680813242604], [0.9277496464479577, 0.0173180321182649, 0.018842786352380726, 0.036089535081396715], [0.014393514288828721, 0.005357155545998133, 0.015602060278289129, 0.964647269886884], [0.20326435619312888, 0.5220555501159999, 0.22507653228596092, 0.0496035614049102], [0.0008839178243010431, 0.0059770379392812935, 0.08914532512368613, 0.9039937191127314], [0.28963676972466934, 0.04604992347029135, 0.10028332561640636, 0.564029981188633], [0.02356855321476378, 1.4539605699522979e-05, 1.8061767724133485e-05, 0.9763988454118125], [0.12630347370149314, 0.38723206246302594, 0.15688418679420577, 0.3295802770412752], [0.19416178807585616, 0.4507111445776665, 0.04509893168320423, 0.31002813566327314], [0.001324195894082476, 0.9646848148051624, 0.009763839664610746, 0.02422714963614441], [0.033815804570298036, 0.930830174988435, 0.014197354489080122, 0.02115666595218695], [0.16453170268315073, 0.636998193052812, 0.06577176721756044, 0.13269833704647677], [0.001530886176111017, 0.07542556027679645, 0.8881671686804472, 0.03487638486664542], [7.528047998956455e-06, 0.9592847545564122, 0.00015339111852129744, 0.0405543262770675], [0.8740606308334471, 0.12279446512375523, 0.0026063600808765523, 0.0005385439619209375], [0.0017466292262295962, 0.01664042848280864, 0.0009817223054429493, 0.9806312199855188], [0.07106671903885736, 0.6775228607656651, 0.005683450768755439, 0.2457269694267221], [0.26372265898253267, 0.00024674060275501415, 1.1131983801245094e-05, 0.736019468430911], [0.30207020325513473, 0.000900335097972464, 0.09386145362284559, 0.6031680080240471], [0.0012607904093103477, 0.00043251703577920034, 0.006775798844968054, 0.9915308937099423], [0.04059205306533716, 0.44959919649194857, 0.5088125212359379, 0.0009962292067764067], [0.00498137674656716, 0.5739542607279711, 0.027164788219090623, 0.39389957430637107], [0.29538140495438037, 0.704114982176982, 1.2600294728466904e-05, 0.0004910125739090863], [0.4265881349624852, 0.09860836873211846, 0.033137294442562075, 0.4416662018628342], [0.18661317123387375, 0.0017829831350328405, 0.48635942410207184, 0.3252444215290217], [0.11021592685117512, 0.11864677437333954, 0.0970926281528272, 0.6740446706226583], [0.07608197618300143, 0.006443008732477488, 0.8132363548125928, 0.10423866027192823], [0.0036897503085887196, 0.7473241686245582, 0.007819226041525025, 0.24116685502532798], [0.9472995678230772, 0.0012394561313313018, 0.0021908255634579764, 0.049270150482133575], [0.0009294408234434141, 0.9381397803801673, 0.054961718320572076, 0.005969060475817032], [0.012020475407255716, 0.18591316338746622, 0.04170285320727224, 0.7603635079980058], [0.20297687888387678, 0.24122063404907998, 0.09793451853651113, 0.45786796853053224], [0.013583851893581234, 0.031884607561492924, 0.6218182886248156, 0.33271325192011025], [0.019071663167082833, 0.0017352284021673696, 0.01593598367354408, 0.9632571247572057], [0.0011692204896354985, 0.4241207185415438, 0.0021222190131827386, 0.5725878419556378], [0.000978935355016787, 0.005404736019588087, 0.5249094839622269, 0.46870684466316825], [0.29635935008772885, 0.09308182417503036, 0.4478025218062984, 0.16275630393094245], [0.9708742898894462, 0.0011581064268207332, 0.011340437366555402, 0.01662716631717768], [0.07476791747807808, 0.8934104827056458, 0.03135549220524264, 0.00046610761103329964], [0.7811899338148162, 0.023034445882225505, 0.15426217328883032, 0.0415134470141279], [0.30074379641001026, 0.6952587936544533, 0.0027483697317231865, 0.001249040203813055], [0.00010109067005042742, 0.4505905015248394, 0.0021949408202139014, 0.5471134669848963], [0.021946412389096615, 6.113132508576761e-06, 0.0004708177640287568, 0.977576656714366], [0.204981868877436, 0.008484700900460253, 0.050874585766789326, 0.7356588444553145], [0.0013195487571614525, 0.8762696492872205, 0.00022625672171242066, 0.12218454523390569], [0.2153301204141296, 0.6047876623086234, 0.12775678445520652, 0.05212543282204059], [0.9716661471084782, 0.00258681133597156, 1.3275012494670626e-05, 0.025733766543055585], [0.004107906462723098, 0.015070062842091041, 0.00012663662921567323, 0.9806953940659703], [0.597953123591169, 0.27269124740097567, 0.001586165332669827, 0.1277694636751854], [0.3751563877263689, 0.586731180267412, 0.03796517946281573, 0.00014725254340323688], [0.1783377344581455, 0.024636199844085205, 0.7522465508026613, 0.0447795148951079], [0.055651784117991335, 0.004782143562945556, 0.9153144104987592, 0.02425166182030408], [0.004537639978250582, 0.11234593192644984, 0.01600709772921007, 0.8671093303660895], [0.21401461188555482, 0.039833193185369306, 0.0824431217255605, 0.6637090732035155], [0.2788882084044, 0.33822954931169164, 4.837071311555663e-05, 0.38283387157079296], [0.003932357758703035, 0.07026983432233327, 0.9250034576217985, 0.0007943502971652298], [0.46378266510885047, 0.3331297937357978, 0.013291268193571576, 0.18979627296178028]]}, "rewritten": {"ids": ["97106000", "97109570", "97110950", "97112290", "97112830", "97116410", "98106111", "98108150", "98109230", "98109570", "98110710", "98112300", "98116090", "98120010", "99107950", "99108890", "99109311", "99109840", "99109860", "99111930", "99119830", "100108520", "100108580", "100109311", "100109360", "100109801", "101108950", "101109000", "101110150", "101110200", "101111210", "101111620", "101112690", "102107961", "102109840", "102109850", "102110500", "102110750", "102111990", "102112170", "102112301", "102113210", "102118380", "102121440", "103109791", "103111930", "103112470", "103113640", "103118110", "103120290", "103120780", "104110960", "104116800", "104118070", "104119340", "105111990", "105112260", "105113170", "105115720", "105116860", "105118230", "105118740", "105119550", "106111321", "106112770", "106114321", "106116640", "106118820", "106121190", "107112850", "107113200", "107113840", "107114200", "107114621", "107116340", "107116980", "107117010", "107117630", "107118490", "107121640", "107121700", "108113480", "108113700", "108115570", "108115880", "108117451", "108117610", "108118520", "108118630", "108118810", "108120260", "109113591", "109115220", "109116441", "109116930", "109117271", "109117730", "109119010", "110113931", "110114720", "110115140", "110115250", "110115890", "110116300", "110117110", "110117500", "110118161", "110118630", "110118701", "110118810", "110120190", "110120560", "110121140", "111115770", "111115780", "111116530", "111116750", "111117120", "111118910", "111119300", "111119580", "111120190", "111120220", "111120540", "112116290", "112116640", "112116810", "112117461", "112117580", "112117790", "112118620", "112118860", "112119120", "112119930", "112120290", "113118870", "113119360", "113120280", "113120591", "113121190", "113121750", "113121810"], "labels": [0, 0, 3, 1, 2, 3, 0, 0, 1, 1, 2, 2, 0, 2, 1, 0, 1, 2, 2, 1, 1, 2, 0, 1, 0, 0, 2, 1, 1, 2, 2, 3, 1, 3, 2, 1, 3, 1, 2, 3, 1, 3, 1, 2, 3, 3, 1, 1, 2, 2, 1, 2, 1, 2, 1, 2, 3, 0, 1, 2, 1, 1, 1, 0, 1, 2, 3, 3, 2, 1, 0, 3, 2, 0, 3, 3, 1, 0, 2, 1, 3, 0, 0, 3, 3, 2, 3, 0, 1, 1, 1, 3, 3, 3, 0, 0, 3, 3, 1, 3, 0, 1, 2, 3, 0, 1, 0, 1, 3, 1, 3, 0, 3, 3, 1, 3, 3, 2, 0, 1, 3, 3, 3, 1, 0, 0, 3, 0, 0, 3, 3, 3, 1, 1, 1, 0, 0, 0, 0, 1, 0, 2], "predicted_labels": [3, 0, 0, 1, 3, 0, 0, 3, 2, 3, 2, 0, 1, 1, 2, 1, 0, 3, 1, 0, 2, 0, 0, 1, 3, 3, 3, 1, 0, 3, 1, 1, 3, 0, 1, 0, 3, 2, 2, 3, 0, 1, 3, 3, 0, 0, 0, 0, 1, 1, 0, 3, 0, 3, 3, 0, 1, 2, 1, 1, 1, 2, 0, 3, 1, 0, 0, 1, 2, 1, 3, 0, 1, 0, 3, 3, 3, 1, 2, 2, 3, 0, 1, 1, 1, 3, 1, 0, 3, 0, 3, 0, 3, 1, 0, 3, 3, 3, 0, 1, 0, 1, 1, 3, 0, 1, 0, 1, 0, 0, 2, 2, 1, 1, 3, 0, 3, 0, 3, 0, 0, 3, 0, 0, 3, 1, 3, 3, 3, 3, 1, 0, 1, 2, 2, 1, 3, 0, 2, 1, 0, 1], "confidence_scores": [[0.3680640356094324, 0.009932432591284401, 0.0824885406710391, 0.5395149911282441], [0.6219290391259787, 0.2831510269606525, 0.02219636859896276, 0.07272356531440609], [0.9422561508374883, 0.00024183259836489115, 0.005208744610245262, 0.05229327195390172], [0.00033235461696120265, 0.40421686695799447, 0.29814504897142086, 0.29730572945362355], [0.00011082681373397675, 0.00086145422209568, 0.0001930154587335605, 0.9988347035054369], [0.9849174325194769, 0.005815068478206782, 0.007060786468411161, 0.002206712533905015], [0.8515743912386813, 0.06178644459431036, 0.07017319198848461, 0.01646597217852357], [0.04615929189797776, 0.24867736612536612, 0.016316946513593444, 0.6888463954630627], [0.0020548591811596585, 1.696789232243085e-05, 0.9904428226549764, 0.007485350271541317], [0.0025013663376119624, 0.013823682207838492, 4.2174166856416975e-05, 0.983632777287693], [0.00033736522420121706, 0.029334914882697034, 0.969670417509437, 0.0006573023836648769], [0.9793733875193652, 0.0003376638440819761, 0.0002500034113223861, 0.020038945225230323], [0.025041363191367762, 0.5732282463332657, 0.36116601223435824, 0.04056437824100833], [0.039491110948300594, 0.8471725472934172, 0.04515451083111624, 0.068181830927166], [0.002210509356640215, 0.1927126446261041, 0.5324118710590835, 0.27266497495817216], [0.00023762899405214082, 0.9947417448593195, 0.0006006262908433278, 0.004419999855785199], [0.8254766521672519, 0.050176966704418, 0.020811080951879418, 0.10353530017645073], [0.07420763751251129, 0.26470149092749706, 0.04441099804984551, 0.6166798735101462], [0.0005807823838597487, 0.9411279616767932, 0.05415088191579768, 0.004140374023549415], [0.6101390221018257, 0.3670626527491708, 0.0003006647372725005, 0.022497660411731114], [0.005663420724881817, 0.01690488638498827, 0.9694122077261575, 0.008019485163972393], [0.44726559822742173, 0.09512498033776977, 0.0809279374398747, 0.3766814839949338], [0.9767175854604376, 0.0045732844960132595, 0.018390291815851813, 0.000318838227697147], [0.32492110152467735, 0.598229970324441, 0.001821383326774446, 0.0750275448241072], [0.019186208385661953, 1.2786477079359565e-07, 0.001983116346846376, 0.978830547402721], [0.004530041678927817, 0.0018292887683165392, 0.01888287524843602, 0.9747577943043197], [2.992564602252275e-05, 0.06758883715915653, 0.0018363500192620263, 0.9305448871755588], [0.0004203463154258483, 0.9874949320873685, 4.7043937921662574e-05, 0.012037677659284032], [0.9421096080934371, 0.026604459397011063, 0.023810040269154384, 0.0074758922403973405], [0.02389023777524554, 0.12165510946995074, 0.017246791687120365, 0.8372078610676833], [0.07066209101681553, 0.55728169660766, 0.004144381652905953, 0.3679118307226185], [0.05901053951352664, 0.937470726982245, 0.0002802888770130987, 0.003238444627215291], [5.741016441453246e-06, 9.620813412069927e-05, 0.003863357887068462, 0.9960346929623695], [0.38940133545137434, 0.34982906113805096, 0.24066314612427267, 0.020106457286301997], [0.0008698106659445272, 0.980073007932881, 0.005698559092742274, 0.013358622308432266], [0.9238349387275626, 0.02733437585316266, 0.04615479538780772, 0.002675890031466836], [0.03175806137335555, 0.0793432191484198, 0.023051694688071684, 0.865847024790153], [6.609304848648052e-05, 0.007337745025404629, 0.9921242951221723, 0.00047186680393648047], [0.035036541096002745, 0.0009024096587258816, 0.957345740027846, 0.006715309217425274], [0.44934080866356246, 0.003542747831443306, 0.025079170101574785, 0.5220372734034194], [0.8018648609258043, 0.0033235239429462086, 0.04046089501035878, 0.1543507201208906], [0.11928079620550175, 0.4625644260390831, 0.004743592735076674, 0.4134111850203384], [0.02845788843221313, 0.0019480525062274608, 0.414633343044249, 0.5549607160173105], [0.01626828066377843, 0.21843465242206067, 0.05333108557362728, 0.7119659813405337], [0.6947742747746413, 0.007297935324567297, 0.03140587856643086, 0.26652191133436065], [0.7192716439775283, 0.03560063184683443, 0.0014989963564599929, 0.24362872781917735], [0.4846815887945548, 0.14941188033873792, 0.018502179356631517, 0.3474043515100757], [0.9998068361755402, 0.00017262689127266748, 4.772651807248856e-06, 1.576428137987061e-05], [0.07098777702101541, 0.8403644538028676, 0.07046779956814987, 0.01817996960796719], [0.0011855192993759547, 0.7903012197504924, 0.2015072740491575, 0.007005986900974172], [0.9899942545284539, 0.004906462246917589, 0.0009313448809889839, 0.004167938343639487], [0.003343872763920688, 0.17262972552782824, 0.08978283102044354, 0.7342435706878075], [0.9910265941608721, 0.0005856272820194398, 0.001316038726029085, 0.007071739831079356], [0.23713261631812219, 0.11375583235894417, 0.054381801470840894, 0.5947297498520927], [0.051301906375068214, 0.006267874356292548, 0.027486009251768632, 0.9149442100168707], [0.5038942441869801, 0.1757365405984575, 0.3161372783213925, 0.004231936893169892], [0.0016321569879925747, 0.9392747730182841, 0.042447886340012314, 0.01664518365371076], [0.0011583396897850138, 0.3005282568234499, 0.6472430001394753, 0.0510704033472896], [0.0027575277354379285, 0.7343983727033044, 0.04507445212788332, 0.21776964743337424], [0.009255295791032684, 0.9904491601590399, 0.0002922756298678863, 3.268420059427402e-06], [0.0003888036052548115, 0.829362428555307, 0.009320448308714552, 0.16092831953072362], [0.31459815178014516, 0.07975763339353534, 0.36096893895124693, 0.24467527587507262], [0.8019988597501676, 0.03126099499420591, 0.08938610095767908, 0.07735404429794743], [0.0033608610902561066, 0.00890961403303475, 2.999369654799083e-05, 0.9876995311801613], [0.00022015371431703277, 0.6780843448893173, 0.2572858560420991, 0.06440964535426652], [0.8965147839953141, 0.05241913317923201, 0.0019127695919685043, 0.04915331323348531], [0.898867984166227, 0.08548124595792568, 0.0003250514111103968, 0.01532571846473691], [0.00027037392255064766, 0.9948649235468903, 0.002868138118330624, 0.0019965644122285887], [8.533360909920327e-07, 0.267804913193435, 0.7321053306279454, 8.890284252871266e-05], [0.010159846808772665, 0.9701256788259229, 0.006379784282601039, 0.013334690082703453], [0.1509953906137945, 0.41562517797951454, 0.00013126503766688674, 0.4332481663690241], [0.999467872158863, 0.00015302656566783753, 9.125914899437612e-05, 0.000287842126474421], [0.00044635659861686286, 0.9904387453874502, 9.973558393845952e-05, 0.00901516242999448], [0.7180359410323657, 0.002732873208203448, 0.0010546294766624225, 0.27817655628276855], [0.13013022684520809, 0.0003171277867094485, 0.010432504378999083, 0.8591201409890834], [0.27308670818536374, 0.056605601976068724, 1.116354574219239e-05, 0.6702965262928253], [0.005740456426637114, 0.013039173982382614, 0.01634235057573925, 0.964878019015241], [0.38918582403400026, 0.4638912075555281, 0.0863428197118614, 0.06058014869861019], [0.19573123157448105, 0.1339699904491012, 0.6697868760728785, 0.000511901903539181], [0.0052272777374822825, 0.005040051521964168, 0.9841497816232313, 0.005582889117322258], [0.0006279838855861631, 0.0864925992309074, 0.029094706621383665, 0.8837847102621227], [0.5759386144841655, 0.006293883542023704, 0.39868150779699457, 0.01908599417681631], [8.657334333946698e-05, 0.9967684677729098, 0.0003254679945837417, 0.0028194908891667776], [1.3355867211847974e-06, 0.9997307704238187, 0.0002561938865208509, 1.1700102939121548e-05], [0.006841375777626881, 0.849160068778432, 0.062000310862625065, 0.08199824458131617], [0.0020350420239871807, 0.005339540559271251, 0.0006910211492705648, 0.9919343962674709], [0.021812483379018505, 0.5820026537319467, 0.024933997120079158, 0.37125086576895566], [0.9792635480236874, 0.0010119576881422575, 0.006086736618759293, 0.01363775766941116], [0.0004781737195538791, 0.0011514531337884699, 0.009421454933778812, 0.9889489182128788], [0.87995376441365, 0.11963727060217273, 1.2845380289860662e-05, 0.000396119603887292], [0.13406801020022557, 0.28949918912411765, 0.03032168282678964, 0.5461111178488671], [0.96091988835416, 0.039002578163625, 5.393716684675583e-05, 2.359631536810304e-05], [0.015128964934780144, 0.07342605807369731, 0.009679620747928793, 0.9017653562435938], [0.0851144887806028, 0.8258541374290053, 0.0007830507836066841, 0.08824832300678512], [0.7552639973418117, 0.03574685743789998, 0.0011055523175491422, 0.2078835929027391], [0.14724038364567288, 3.774897150692493e-05, 0.00010602774459295867, 0.8526158396382273], [0.2845696165489504, 0.023617225978576597, 0.024367576585433825, 0.6674455808870391], [0.002236300816282479, 0.016415838895313013, 0.006915275216361291, 0.9744325850720431], [0.8026433064186645, 0.023238387155227514, 0.11517213333661148, 0.05894617308949657], [0.004361000228525611, 0.974091290510077, 0.018248457822575156, 0.0032992514388222906], [0.9962559209059259, 0.0023508578183983287, 0.00072610073339357, 0.0006671205422822841], [0.233039875586135, 0.570024158554131, 0.16098856391753139, 0.03594740194220269], [0.06087602714875547, 0.8324623059941116, 0.04600235854824152, 0.0606593083088914], [0.0320431339277368, 0.04893413995475134, 0.0883248764608511, 0.8306978496566607], [0.6579271346334877, 0.19640525041076756, 0.1443104837276798, 0.0013571312280648586], [0.01935625011746969, 0.9699055929066881, 0.003921326730249574, 0.0068168302455925795], [0.9452456504065357, 0.02695101748723905, 0.027700556894855937, 0.00010277521136956937], [0.040906737223859214, 0.9572589586862721, 0.00013434315277649044, 0.0016999609370920296], [0.7157475364932147, 0.27758576736184465, 1.7641031095492855e-05, 0.006649055113845076], [0.5692834374882869, 0.42435069389069274, 0.003933634854991356, 0.0024322337660289605], [4.199835772677528e-05, 0.02313543849507559, 0.7545801979608403, 0.22224236518635726], [0.07143267576689785, 0.1265171158372541, 0.729625365526045, 0.07242484286980315], [0.16471183166561526, 0.48866114596110427, 0.3465015940067077, 0.00012542836657277685], [0.13284159006436416, 0.8209272015740365, 0.04516265302983362, 0.0010685553317655093], [0.029364177017719807, 0.0008964631118792652, 0.03742301814342492, 0.932316341726976], [0.5293781765236453, 0.4698132880545271, 0.0002959465983177696, 0.0005125888235098107], [0.00026618575343049486, 0.0048146478424273735, 3.2736492829090816e-05, 0.994886429911313], [0.7981926045882127, 0.1928867206911162, 0.005390862709504427, 0.0035298120111664786], [0.18132396253862357, 0.06811314555545614, 0.023336694180571025, 0.7272261977253494], [0.7517188639438559, 0.13261502958263272, 0.08625364360319324, 0.029412462870318217], [0.7596824613865903, 0.17820998446126673, 0.007450226369179075, 0.0546573277829638], [0.0006924501052602288, 0.00066386797140284, 1.0588923660768138e-05, 0.9986330929996762], [0.9807376587102457, 0.01323952638315558, 0.00487464788185309, 0.0011481670247457194], [0.7460945075944106, 0.012744772614300893, 0.22130219608789642, 0.019858523703392], [0.051145114290284, 0.01848717319444089, 0.028206243337105814, 0.9021614691781693], [0.27220335231739323, 0.6824447025788919, 0.04239569607950726, 0.002956249024207529], [0.2958039123601065, 0.0346955247108853, 0.09646393951981982, 0.5730366234091884], [0.20864734337146584, 0.010554903427627004, 1.7299113285938158e-05, 0.7807804540876213], [0.26659641368367487, 9.062108571311327e-05, 4.118719314692471e-06, 0.7333088465112974], [0.0031420458794537893, 0.00037148959513076034, 4.054589411014467e-05, 0.9964459186313053], [0.2070224677679255, 0.4984846595398388, 0.028267979493840932, 0.26622489319839465], [0.9423760026693888, 0.00021828318662687153, 0.029389840835716153, 0.028015873308268113], [0.06756809296223859, 0.48518210379856913, 0.0186050472201567, 0.4286447560190357], [0.1298572239898058, 0.00262095976063013, 0.8611838537774902, 0.006337962472073886], [0.07819137802111042, 0.21376303395188564, 0.6977709106248492, 0.0102746774021547], [0.004384749735867573, 0.9955058209140515, 0.0001003733173470494, 9.056032733836454e-06], [2.941212374910896e-06, 0.01496570319059392, 1.1242837819299448e-05, 0.9850201127592119], [0.9959495195206688, 6.548049956766667e-06, 7.022800984016536e-05, 0.003973704419534272], [0.1439641282699139, 0.23087655328542145, 0.4392954244547768, 0.18586389398988795], [0.001541369374119648, 0.895590688860468, 0.09973241886877708, 0.003135522896635421], [0.5623185530619353, 0.35504402913100647, 0.005295091694776577, 0.07734232611228156], [1.3427337211057377e-05, 0.8004875033539358, 0.199205885754442, 0.00029318355441119987]]}}