{"test": {"ids": ["98116500", "106118520", "99110050", "104112201", "104119290", "112118530", "107119390", "105115900", "98111670", "110118701", "105116650", "100111080", "102107961", "99111340", "110120640", "109118701", "97116790", "98108370", "108113480", "113122650", "113122120", "109114651", "100109801", "107116300", "97105451", "112118860", "111120190", "108114360", "102121700", "105115250", "102118380", "103113260", "105116501", "112117580", "112119320", "103113640", "108115970", "107116980", "111121351", "98108580", "109121640", "112119500", "110116441", "113118810", "106111321", "113119450", "111117120", "100111270", "105116860", "112119580", "97111790", "102110240", "104111380", "108116070", "110118121", "104113000", "107121540", "113122510", "106113260", "107113170", "101108290", "113118820", "111116290", "107119130", "108117451", "97113260", "105120280", "105115680", "101109000", "99109860", "98108410", "111119150", "112118930", "106120290", "112121351", "103113610", "103111930", "108117360", "110118630", "111115400", "97105760", "109114220", "101108080", "109120150", "106117650", "105113620", "110114321", "111114321", "109114720", "97116500", "106120640", "109113881", "100115700", "112121010", "103120531", "111116640", "104114320", "102121440", "112119930", "101116130", "112116900", "112116501", "102116340", "99109780", "110121720", "98120530", "102109910", "101108460", "105117351", "102111990", "97109080", "108118810", "102110500", "108119510", "97105580", "113119360", "112118421", "101108950", "107118820", "109119340", "99116500", "108121160", "109119460", "100109000", "102112250", "112116850", "105113260", "100109890", "113118511", "99109161", "103113270", "107118780", "100108490", "97106600", "106119580", "109119450", "102114270", "106113360", "100111390", "99117630", "101119591", "112118810"], "labels": [2, 2, 3, 0, 1, 1, 2, 3, 1, 3, 1, 0, 3, 1, 0, 3, 2, 1, 0, 2, 1, 3, 0, 0, 0, 3, 3, 1, 1, 2, 1, 3, 1, 0, 1, 1, 2, 3, 0, 0, 0, 2, 3, 3, 0, 3, 2, 2, 2, 3, 2, 3, 3, 1, 3, 1, 2, 2, 3, 0, 0, 0, 2, 1, 2, 1, 3, 2, 1, 2, 1, 3, 1, 2, 0, 2, 3, 1, 1, 0, 0, 3, 0, 2, 1, 0, 1, 1, 0, 2, 3, 0, 1, 2, 3, 0, 2, 2, 1, 2, 3, 3, 3, 2, 3, 1, 2, 0, 0, 2, 2, 1, 3, 1, 1, 0, 3, 2, 3, 3, 2, 2, 1, 1, 0, 0, 3, 3, 1, 3, 2, 1, 2, 3, 3, 3, 3, 0, 2, 3, 0, 3], "predicted_labels": [3, 1, 1, 3, 3, 1, 1, 1, 3, 3, 3, 1, 3, 1, 3, 1, 1, 1, 1, 1, 1, 1, 1, 1, 3, 1, 3, 3, 1, 3, 3, 1, 1, 1, 1, 0, 3, 0, 1, 1, 3, 1, 3, 1, 1, 3, 1, 1, 3, 3, 1, 1, 1, 3, 1, 1, 1, 1, 1, 1, 3, 1, 1, 1, 3, 3, 3, 1, 3, 1, 1, 1, 1, 1, 3, 1, 3, 1, 3, 3, 3, 1, 0, 1, 1, 1, 1, 1, 1, 1, 1, 3, 3, 1, 3, 1, 1, 3, 3, 1, 0, 1, 1, 1, 1, 1, 3, 3, 0, 1, 3, 1, 3, 3, 1, 3, 3, 1, 1, 1, 1, 3, 1, 3, 0, 3, 1, 3, 1, 1, 3, 1, 1, 0, 1, 1, 1, 1, 3, 0, 0, 1], "confidence_scores": [[0.2418576035076036, 0.2635328504828506, 0.18905515432280137, 0.30555439168674486], [0.22452777777777783, 0.309571529287706, 0.20171974414474428, 0.26418094878977233], [0.2601022699522699, 0.3302246808746807, 0.14522582417582428, 0.26444722499722517], [0.2682195970695971, 0.2686618575868575, 0.15121139138639136, 0.31190715395715407], [0.26111646686646683, 0.28053474303474313, 0.1639257464757466, 0.2944230436230436], [0.22294089407324716, 0.3197891774891774, 0.18929253524253528, 0.26797739319504027], [0.22365554445554445, 0.30947376316493974, 0.19064851259851254, 0.2762221797810033], [0.24259402264402286, 0.3028082944832945, 0.16764285436785448, 0.28695482850482845], [0.22598243308978605, 0.27667923710276665, 0.2100490896358544, 0.2872892401715931], [0.23590347985348004, 0.27354242228359893, 0.16307564380064388, 0.32747845406227744], [0.2240276365791073, 0.276615267249091, 0.19927945159415753, 0.3000776445776446], [0.2624034521034522, 0.29407052947052953, 0.1709265956265957, 0.27259942279942284], [0.2714606726606728, 0.2638450066273595, 0.16610464649729365, 0.29858967421467425], [0.23050038376656035, 0.3209282875621112, 0.17729970862470876, 0.27127162004662025], [0.2252284798534799, 0.29968744033744027, 0.16821643356643368, 0.3068676462426463], [0.2480625874125874, 0.3235868242868245, 0.17239348429348436, 0.2559571040071041], [0.21443165723165722, 0.2985428904428905, 0.2122366022866023, 0.2747888500388501], [0.22071323757941405, 0.3101292609781, 0.2013684099783947, 0.2677890914640914], [0.1955307307072014, 0.31170292207792205, 0.19186239675357325, 0.30090395046130336], [0.2347130258630258, 0.2915512245924012, 0.19845531690531704, 0.2752804326392563], [0.2283386094297861, 0.2898427294927294, 0.1940626726214963, 0.28775598845598854], [0.25838461815961833, 0.30718997668997683, 0.16272009379509386, 0.27170531135531134], [0.2519778582528583, 0.30804636854373685, 0.1692747436773755, 0.2707010295260298], [0.2217738519650284, 0.32453297454179797, 0.20993952991452988, 0.24375364357864363], [0.22634491064491066, 0.29330799200799196, 0.1713411116661117, 0.30900598568098553], [0.28124602064602083, 0.3248729548229548, 0.15488061742179393, 0.23900040710923062], [0.2505240315240317, 0.2641518176268176, 0.18471039907804634, 0.3006137517711046], [0.255688276429453, 0.27710526695526716, 0.18365650264767927, 0.28354995396760097], [0.20704951714951736, 0.3121890109890111, 0.1842048507048507, 0.29655662115662124], [0.21541962759462777, 0.2950993134316664, 0.1902605092619799, 0.29922054971172624], [0.19849010989011012, 0.3057594155844155, 0.1872592490842491, 0.30849122544122526], [0.2441280247530248, 0.3303181956931958, 0.16613750138750152, 0.25941627816627827], [0.2298145077145077, 0.29855412365412365, 0.19491193806193824, 0.27671943056943055], [0.20544318736818742, 0.32014155011655016, 0.17770664058164065, 0.2967086219336219], [0.22096777111777124, 0.3208893162393163, 0.18536008436008455, 0.27278282828282846], [0.3228592296592297, 0.3089618770118771, 0.1133971250971251, 0.2547817682317683], [0.2463098346098348, 0.26507117882117887, 0.18013214922332577, 0.308486837345661], [0.32843703518703493, 0.26015517342135003, 0.15484252691752698, 0.2565652644740882], [0.26960692918192924, 0.2807057803307803, 0.17360839160839175, 0.2760788988788989], [0.24646573034808336, 0.29729352036852036, 0.165145770895771, 0.29109497838762566], [0.2875996059496061, 0.26869903429903436, 0.1477115995115996, 0.29598976023976015], [0.24566602564102577, 0.3413922624760863, 0.17664697883815544, 0.23629473304473322], [0.2147863507837193, 0.28676990786990786, 0.16932488797751966, 0.32911885336885344], [0.25873359418359426, 0.32063392995893003, 0.152689862914863, 0.2679426129426129], [0.24777680652680673, 0.30999764402264396, 0.1835020757020758, 0.2587234737484739], [0.24786116836380007, 0.26644814220866864, 0.17621805095489312, 0.30947263847263845], [0.22663370044987705, 0.3227516764281466, 0.18052514952367896, 0.27008947359829716], [0.22510278610278625, 0.31705008325008327, 0.1936641231317704, 0.26418300751536056], [0.22883787878787892, 0.2900383671883673, 0.17953400292517943, 0.30158975109857483], [0.2805919746919747, 0.24381488233988247, 0.16484189895072254, 0.3107512440174203], [0.26489269969796275, 0.30989825525351844, 0.15991779740727108, 0.2652912476412478], [0.26069528527028546, 0.28623310855810885, 0.17004580974581, 0.2830257964257964], [0.26001491082017403, 0.29268923845332523, 0.18372071671019047, 0.2635751340163106], [0.21721034521034546, 0.27264818123053425, 0.17063288737406387, 0.3395085861850567], [0.23107224719724725, 0.33594412254412254, 0.15005236152736157, 0.2829312687312687], [0.2188656046567812, 0.2967233599733601, 0.2072016983016985, 0.2772093370681607], [0.23278215199832858, 0.3199389055389054, 0.1736176379176379, 0.2736613045451282], [0.23750903540903567, 0.3040027361527362, 0.207864973914974, 0.2506232545232547], [0.25893538128538146, 0.29964482739482745, 0.16732818096935748, 0.27409161035043395], [0.24359616217116226, 0.2932148712398711, 0.1721006549006549, 0.2910883116883119], [0.24774276279276272, 0.2673840270840271, 0.19252186147186157, 0.29235134865134876], [0.2720525546349077, 0.29673910811410836, 0.1589476551226553, 0.2722606821283291], [0.218911571761572, 0.33859920634920637, 0.1633105422355423, 0.27917867965367976], [0.27225958845076514, 0.29200758326640697, 0.15822873041990693, 0.27750409786292146], [0.26300210900210913, 0.27455344067697013, 0.18363870606517685, 0.2788057442557444], [0.22357638472638489, 0.271124615906969, 0.2127641561053326, 0.292534843261314], [0.24543379953379965, 0.2804725690975692, 0.17847626262626273, 0.29561736874236894], [0.1899261460761462, 0.3161348595848595, 0.20922739482739508, 0.28471159951159936], [0.2687533161283162, 0.27327283549783565, 0.1830099012099012, 0.2749639471639471], [0.24046480741480747, 0.3031719985896457, 0.1925313877299172, 0.26383180626562996], [0.26226505716505727, 0.28686973386091047, 0.17642826062826075, 0.2744369483457719], [0.24562309357309375, 0.2947897907647907, 0.17299773559773565, 0.2865893800643802], [0.28006946109446107, 0.29899748584748587, 0.1576819632981399, 0.2632510897599134], [0.21214383394383396, 0.29872972305472306, 0.20192399267399289, 0.2872024503274503], [0.230401776001776, 0.2929220203772835, 0.18086087514996196, 0.2958153284709788], [0.23398786572904232, 0.30405054390054403, 0.18123022892140547, 0.28073136144900873], [0.2574529082029082, 0.26065095737595734, 0.20587255799755796, 0.2760235764235764], [0.2208723665223666, 0.303783510933511, 0.19777943722943736, 0.2775646853146853], [0.20412449772449778, 0.30644452377687664, 0.1655835315011787, 0.32384744699744716], [0.23941379339614646, 0.277261486879134, 0.2060079955991722, 0.2773167241255479], [0.26230305907542756, 0.237851653901654, 0.16008747539010698, 0.3397578116328116], [0.23389371461871467, 0.294509696675873, 0.1923113886113887, 0.27928520009402363], [0.2995511016761016, 0.279893636918637, 0.14974030969030983, 0.27081495171495173], [0.24830248640248653, 0.30492455877455876, 0.17646155511155526, 0.27031139971139984], [0.19632052392052401, 0.3198546203796204, 0.2075381757131759, 0.27628667998667994], [0.23840203685203695, 0.32053171158906457, 0.17919024945642598, 0.26187600210247275], [0.2540523060273061, 0.32170081585081584, 0.16033494365112017, 0.26391193447075806], [0.2565303696303697, 0.3080637473637473, 0.17989099789099802, 0.25551488511488507], [0.21141008991009, 0.31684337884337893, 0.19790187590187602, 0.2738446553446554], [0.2689694343668028, 0.27401809579309583, 0.20143162568425735, 0.2555808441558443], [0.2380226939726941, 0.29123667998668007, 0.1810026307026307, 0.2897379953379954], [0.2627170301920302, 0.27283933843933844, 0.17495640748140756, 0.289487223887224], [0.26844878557115404, 0.23414922752685913, 0.1853768842268843, 0.31202510267510275], [0.2450643835696467, 0.30478070891097214, 0.18682909999357375, 0.26332580752580764], [0.2902368964368966, 0.25781753801753815, 0.15396349761349773, 0.2979820679320681], [0.25033136944754625, 0.2948061993561994, 0.1988461641299876, 0.2560162670662672], [0.26988850593850594, 0.2778948051948052, 0.21516755466755466, 0.23704913419913434], [0.2459157953157953, 0.27248945221445237, 0.1834877844377845, 0.2981069680319681], [0.2521698717948718, 0.23013793428793441, 0.2430654135080608, 0.2746267804091335], [0.21759727494727504, 0.3105980991230988, 0.1849996531246532, 0.28680497280497286], [0.2860252747252748, 0.27903092185592193, 0.17786468253968266, 0.25707912087912105], [0.27480634365634354, 0.29022556332556343, 0.1769649073149073, 0.25800318570318587], [0.2348523476523478, 0.32991494616494604, 0.18586776279276285, 0.24936494338994353], [0.25102967310467345, 0.2826157786657788, 0.18931806804306806, 0.2770364801864802], [0.2180670884670886, 0.31366630591630634, 0.1553816433566435, 0.3128849622599624], [0.232663764013764, 0.30201004273504284, 0.16423053613053623, 0.30109565712065717], [0.23427670630023575, 0.2703142068715599, 0.17605556747174403, 0.3193535193564608], [0.23610078255078262, 0.27268020868020876, 0.1597507270507271, 0.3314682817182821], [0.3046120573870573, 0.2751083999334, 0.15326904206904216, 0.2670105006105007], [0.25083984348984356, 0.2888750194250193, 0.1929379564879565, 0.2673471805971807], [0.22843174962292617, 0.27166377747639386, 0.22524292611413355, 0.2746615467865468], [0.23430021645021656, 0.32808228438228426, 0.17807884483937125, 0.25953865432812806], [0.2300495429407195, 0.2596711027534557, 0.16843196835843902, 0.3418473859473862], [0.23535817515817514, 0.28726589521589524, 0.13745266955266963, 0.33992326007326024], [0.23381769619269632, 0.3418885336885337, 0.1933751221001223, 0.23091864801864814], [0.2324565712065712, 0.25640105450105455, 0.19091507936507934, 0.32022729492729485], [0.2523739430504137, 0.2594830923977985, 0.19637691116073477, 0.29176605339105344], [0.24190610304727958, 0.32048803973803974, 0.17899973359973367, 0.2586061236149473], [0.20795357420357435, 0.31936845099345096, 0.18057150349650355, 0.2921064713064713], [0.2484206737706739, 0.2960009324009324, 0.1673444630532867, 0.28823393077510734], [0.23940773948273958, 0.29629800754800756, 0.2062321567321568, 0.2580620962370963], [0.21975201465201477, 0.2988959734709734, 0.1565307453983925, 0.32482126647861936], [0.22159699352934664, 0.3138619075369076, 0.18800446497946505, 0.2765366339542812], [0.25328253135753154, 0.2796855414193649, 0.16719070423041021, 0.29984122299269367], [0.3124586163836164, 0.2245373820623822, 0.16708144633144642, 0.2959225552225551], [0.24291809579309595, 0.266127380952381, 0.18323332500832498, 0.3077211982461985], [0.24611348096348099, 0.29674423909423914, 0.16107900155400168, 0.2960632783882785], [0.256521633921634, 0.2488673251585016, 0.16959545454545466, 0.32501558637440975], [0.2581926073926076, 0.2988705849705849, 0.1923020451770453, 0.25063476245976246], [0.29318379202496836, 0.3076881773455302, 0.15476481606628667, 0.2443632145632147], [0.21904629259629274, 0.285830896880897, 0.1899563603063603, 0.30516645021645006], [0.2483889665889667, 0.29594433899433886, 0.18814408924408926, 0.26752260517260534], [0.2264578477078479, 0.2926808413808412, 0.20862289377289378, 0.27223841713841734], [0.2811100732600732, 0.2625178210678211, 0.18382298812298817, 0.27254911754911776], [0.24789655899655913, 0.30427676212676213, 0.19942933177933186, 0.24839734709734723], [0.2356169497169498, 0.3084592035415564, 0.1840278530293237, 0.27189599371217027], [0.22584032634032639, 0.3060740009990009, 0.20296106752724416, 0.26512460513342884], [0.27805607170607194, 0.30799157509157515, 0.1671635697635699, 0.24678878343878352], [0.25669527694527705, 0.26696018426018436, 0.18655840074957716, 0.28978613804496156], [0.2718598734598734, 0.2704234543234544, 0.19135480907980917, 0.266361863136863], [0.32516698579198566, 0.2988705655455656, 0.13896884226884237, 0.23699360639360656], [0.250259756909757, 0.28441852591852607, 0.19280051060051076, 0.27252120657120665]]}, "rewritten": {"ids": ["97105451", "97105580", "97105760", "97106600", "97109080", "97111790", "97113260", "97116500", "97116790", "98108370", "98108410", "98108580", "98111670", "98116500", "98120530", "99109161", "99109780", "99109860", "99110050", "99111340", "99116500", "99117630", "100108490", "100109000", "100109801", "100109890", "100111080", "100111270", "100111390", "100115700", "101108080", "101108290", "101108460", "101108950", "101109000", "101116130", "101119591", "102107961", "102109910", "102110240", "102110500", "102111990", "102112250", "102114270", "102116340", "102118380", "102121440", "102121700", "103111930", "103113260", "103113270", "103113610", "103113640", "103120531", "104111380", "104112201", "104113000", "104114320", "104119290", "105113260", "105113620", "105115250", "105115680", "105115900", "105116501", "105116650", "105116860", "105117351", "105120280", "106111321", "106113260", "106113360", "106117650", "106118520", "106119580", "106120290", "106120640", "107113170", "107116300", "107116980", "107118780", "107118820", "107119130", "107119390", "107121540", "108113480", "108114360", "108115970", "108116070", "108117360", "108117451", "108118810", "108119510", "108121160", "109113881", "109114220", "109114651", "109114720", "109118701", "109119340", "109119450", "109119460", "109120150", "109121640", "110114321", "110116441", "110118121", "110118630", "110118701", "110120640", "110121720", "111114321", "111115400", "111116290", "111116640", "111117120", "111119150", "111120190", "111121351", "112116501", "112116850", "112116900", "112117580", "112118421", "112118530", "112118810", "112118860", "112118930", "112119320", "112119500", "112119580", "112119930", "112121010", "112121351", "113118511", "113118810", "113118820", "113119360", "113119450", "113122120", "113122510", "113122650"], "labels": [0, 1, 0, 3, 2, 2, 1, 2, 2, 1, 1, 0, 1, 2, 1, 3, 2, 2, 3, 1, 2, 3, 2, 1, 0, 3, 0, 2, 2, 1, 0, 0, 0, 2, 1, 2, 0, 3, 2, 3, 3, 2, 0, 3, 3, 1, 2, 1, 3, 3, 2, 2, 1, 3, 3, 0, 1, 2, 1, 3, 0, 2, 2, 3, 1, 1, 2, 0, 3, 0, 3, 0, 1, 2, 3, 2, 3, 0, 0, 3, 1, 3, 1, 2, 2, 0, 1, 2, 1, 1, 2, 1, 1, 2, 0, 3, 3, 0, 3, 3, 3, 1, 2, 0, 1, 3, 3, 1, 3, 0, 3, 1, 0, 2, 0, 2, 3, 3, 0, 3, 0, 3, 0, 3, 1, 3, 3, 1, 1, 2, 3, 1, 2, 0, 1, 3, 0, 0, 3, 1, 2, 2], "predicted_labels": [3, 1, 1, 0, 3, 1, 0, 0, 1, 3, 1, 3, 3, 3, 3, 1, 1, 1, 3, 3, 3, 1, 3, 3, 1, 3, 1, 1, 3, 0, 1, 3, 3, 1, 3, 3, 1, 3, 3, 1, 1, 1, 0, 1, 1, 1, 0, 1, 0, 1, 1, 3, 1, 3, 1, 1, 1, 1, 1, 1, 1, 1, 1, 3, 1, 3, 3, 1, 1, 3, 1, 3, 1, 1, 1, 3, 1, 1, 1, 1, 1, 1, 1, 1, 1, 3, 3, 3, 3, 3, 3, 3, 3, 3, 0, 3, 1, 3, 1, 3, 3, 1, 3, 0, 1, 1, 1, 3, 3, 1, 1, 1, 3, 1, 1, 1, 3, 3, 1, 1, 3, 0, 1, 3, 1, 1, 1, 3, 1, 1, 3, 3, 1, 3, 1, 1, 1, 1, 3, 1, 1, 3], "confidence_scores": [[0.25270320790320805, 0.2747646298146298, 0.17067995060495075, 0.30185221167721155], [0.2391340881340883, 0.32141698024198023, 0.19894332611832624, 0.24050560550560562], [0.28319694227341297, 0.29704291705027014, 0.1340693647855413, 0.2856907758907759], [0.2890418692418693, 0.272951948051948, 0.15887029082029092, 0.27913589188589205], [0.22694583553701214, 0.2603559852686015, 0.21087692185695292, 0.30182125733743387], [0.25530200705727024, 0.3079193674746307, 0.16380048889878618, 0.27297813656931325], [0.2741108648661281, 0.2685661040713673, 0.18769276688224062, 0.26963026418026426], [0.27622166167166184, 0.27379406981906984, 0.18790914640914638, 0.2620751221001222], [0.25064473304473317, 0.2953556277056276, 0.19641005661005662, 0.2575895826395828], [0.21645198690198697, 0.2803351942175473, 0.20153125240772313, 0.3016815664727428], [0.21425667110667118, 0.30063854201354206, 0.19899551282051284, 0.2861092740592741], [0.24056435117170424, 0.2592412115662115, 0.18469681984681996, 0.31549761741526455], [0.22441476709564945, 0.2742270043681811, 0.19595938685497524, 0.30539884168119447], [0.2649506327006326, 0.25089106253223925, 0.16957014097014106, 0.3145881637969873], [0.264781278198925, 0.2928165961489491, 0.14904267954267963, 0.29335944610944614], [0.26776467225584866, 0.3233475957049484, 0.15765862503509567, 0.25122910700410706], [0.2520492285492287, 0.3016168720168721, 0.1881431659843425, 0.25819073344955695], [0.22822447552447556, 0.3272229948156419, 0.19132656755009705, 0.2532259621097858], [0.2664508824508825, 0.2719457930957932, 0.17077736152736156, 0.29082596292596313], [0.22851991395257662, 0.28211217916070863, 0.18404048071811238, 0.3053274261686025], [0.2256302031302033, 0.2708126928626928, 0.20737662060162074, 0.2961804834054836], [0.2795135309135308, 0.28840535575535586, 0.17766218781218795, 0.2544189255189257], [0.24282190032190037, 0.2559420301920301, 0.2113037962037963, 0.2899322732822735], [0.24700133722486686, 0.2810639197403903, 0.16625900455753403, 0.30567573847720914], [0.25571792374292385, 0.3070363063836748, 0.16372496012759183, 0.2735208097458099], [0.2794763902763904, 0.25809333999334005, 0.1555373126873127, 0.3068929570429571], [0.24521299256299275, 0.3188286602286602, 0.1654748917748918, 0.2704834554334553], [0.2404167388167389, 0.3203749583749582, 0.2010636641136643, 0.2381446386946389], [0.26185267510267507, 0.2516056166056168, 0.2059453157953159, 0.28059639249639257], [0.3282425713175712, 0.27288335830835836, 0.16469047619047628, 0.2341835941835941], [0.2705005883005884, 0.2980668192918193, 0.14389145299145306, 0.2875411394161395], [0.25896166056166053, 0.2621457542457543, 0.17862595182595192, 0.30026663336663345], [0.2721328282828283, 0.2536273865023866, 0.18003919691419698, 0.2942005883005883], [0.2351646980470511, 0.3332989399489399, 0.18151677766677768, 0.2500195843372316], [0.2733260156510156, 0.2608155760905761, 0.17519655344655352, 0.29066185481185486], [0.22327892107892122, 0.2884918811580577, 0.18586638443256098, 0.3023628133304604], [0.2862242535242536, 0.29442554945054944, 0.13263564768564776, 0.2867145493395495], [0.24976537351537362, 0.24160738868974171, 0.17698107562372276, 0.33164616217116194], [0.2534560511384041, 0.2797491092241091, 0.16767777222777241, 0.29911706740971455], [0.2631309163059163, 0.2703448171109938, 0.20963605006105007, 0.25688821652204], [0.25142343212343227, 0.29164686979686977, 0.17793939393939406, 0.2789903041403042], [0.27622762792762806, 0.29252133307868605, 0.20188034547152212, 0.22937069352216416], [0.2995316711066712, 0.2344373709623712, 0.17095778665778677, 0.29507317127317106], [0.22773499278499285, 0.29927225552225534, 0.20728546257663918, 0.2657072891161128], [0.24225951548451563, 0.2756057553557553, 0.20771043956043977, 0.2744242895992896], [0.23111897628515277, 0.3092715811965813, 0.19880905842523494, 0.2608003840930313], [0.2893776390276391, 0.2742481157731159, 0.1715236541236542, 0.2648505910755909], [0.20389778554778556, 0.32836440226440244, 0.1791356365856367, 0.28860217560217577], [0.2859990259740261, 0.2523987623487624, 0.2021357614607616, 0.2594664502164504], [0.2587899083372769, 0.2754573426573427, 0.19531122941386103, 0.2704415195915196], [0.19508977133977146, 0.31781379731379716, 0.18009623154623153, 0.30700019980019977], [0.2399813167224933, 0.2916998001998001, 0.17481200825318485, 0.29350687482452203], [0.29033599178599184, 0.30176640026640034, 0.14211285381285388, 0.2657847541347542], [0.2796068098568101, 0.2620866577866579, 0.14977107337107348, 0.30853545898545903], [0.25945600861127177, 0.2988294204935073, 0.17770368929316296, 0.2640108816020582], [0.26540661560661566, 0.28914926739926755, 0.17276028971028978, 0.27268382728382723], [0.22155144104261754, 0.3070218503718504, 0.19449681429681445, 0.276929894288718], [0.2589285353535354, 0.26976509785364267, 0.2140425036951354, 0.2572638630976867], [0.2560987567987568, 0.29355047289312003, 0.18162036852036853, 0.2687304017877549], [0.266645341912989, 0.30356019144254454, 0.14680861360861366, 0.28298585303585305], [0.2587579531579533, 0.27487358752358754, 0.20492509712509704, 0.26144336219336234], [0.21608282828282838, 0.297515253047606, 0.20111783804430863, 0.2852840806252571], [0.2061164585414586, 0.301006043956044, 0.1974286491286492, 0.2954488483738483], [0.22103329807447464, 0.29512695266549765, 0.14019714904978067, 0.3436426002102471], [0.25650209790209794, 0.286155278055278, 0.1968649822399824, 0.2604776418026418], [0.2051007742257742, 0.29014002223266955, 0.21453263925616886, 0.2902265642853879], [0.22735121545121556, 0.2691663114663116, 0.21080561383061394, 0.29267685925185927], [0.2681727744477744, 0.33561653448890305, 0.15621743432006602, 0.23999325674325683], [0.24601325341325347, 0.2859837301587301, 0.18571948051948048, 0.28228353590853605], [0.22806408591408595, 0.2782954777678463, 0.19002854543117711, 0.30361189088689083], [0.2473738983238985, 0.29457222222222246, 0.1828932825344591, 0.2751605969194205], [0.2601720817194503, 0.2682173215673217, 0.17903776954040118, 0.29257282717282745], [0.2728343434343434, 0.2758412920412921, 0.1779486069486071, 0.2733757575757576], [0.25380434010434016, 0.3151963480963482, 0.1828745310245311, 0.24812478077478092], [0.22607652902652928, 0.2815610112110113, 0.22646044511044525, 0.2659020146520147], [0.20645754245754255, 0.2856988150738153, 0.2066306859806862, 0.3012129564879564], [0.2088129235143941, 0.3059533038856568, 0.22327392052392064, 0.26195985207602857], [0.2549200022200023, 0.3016844397432631, 0.17446309687044984, 0.2689324611662847], [0.2616982220393985, 0.3187569228157464, 0.16682180042180042, 0.25272305472305484], [0.3169659007659007, 0.32287318237318213, 0.12325007770007779, 0.23691083916083927], [0.24527659562659573, 0.2996704795204794, 0.18103132423132426, 0.27402160062160086], [0.23823769090386754, 0.28425925699687327, 0.20095414267535008, 0.2765489094239095], [0.2529400996062761, 0.2997784370857902, 0.17987432404197123, 0.26740713926596293], [0.2656185425685425, 0.29901389803007455, 0.16348236208236216, 0.27188519731902094], [0.18966024531024545, 0.30667661586779227, 0.21473434343434358, 0.28892879538761895], [0.220970987182752, 0.28016500525618193, 0.21188010682128347, 0.2869839007397831], [0.2656263439175204, 0.24893460428460437, 0.17716665915783575, 0.30827239264003986], [0.23471272061272086, 0.26863871683871693, 0.18452199271316916, 0.31212656983539344], [0.22740234765234774, 0.28205559881295184, 0.18652228245610608, 0.30401977107859474], [0.21532935952935955, 0.2959021201021202, 0.19153467088467094, 0.2972338494838496], [0.26784248529248533, 0.2514640949693582, 0.17600481030837073, 0.3046886094297859], [0.22010990675990674, 0.29985347985347977, 0.16487394272394287, 0.3151626706626706], [0.22465956820956817, 0.2744814574314575, 0.16599063159063165, 0.3348683427683428], [0.2502625485625486, 0.2937633680045447, 0.13885635753135767, 0.31711772590154946], [0.3072254911754912, 0.2594026862026862, 0.1838980852480852, 0.2494737373737375], [0.2303414252414252, 0.30168691863691866, 0.16572155067155073, 0.30225010545010544], [0.25393412143412153, 0.30267779442779463, 0.17382577422577428, 0.2695623099123098], [0.22005482654600303, 0.27857945273680584, 0.1928940340705047, 0.30847168664668656], [0.2744624564977507, 0.2888607983519749, 0.17028020313020317, 0.2663965420200716], [0.24708318903318907, 0.26871242646242643, 0.19402250723133074, 0.2901818772730537], [0.21707842712842723, 0.29719735644472506, 0.17717058117321277, 0.30855363525363516], [0.243583893883894, 0.30762169774669773, 0.19059198301698305, 0.25820242535242544], [0.24708588078588095, 0.275925937950938, 0.1909874736374738, 0.2860007076257076], [0.2996075452325453, 0.24788236558762888, 0.15597635624609307, 0.2965337329337329], [0.26237348762348767, 0.2976905649905651, 0.17562905982905988, 0.2643068875568875], [0.23091198246198266, 0.2981503235326766, 0.19584531024531032, 0.27509238376003087], [0.23363469863469877, 0.3299674381174381, 0.16082787212787233, 0.27556999111999114], [0.20405888000888003, 0.2885615178938708, 0.19245447722212433, 0.3149251248751251], [0.22410955988456, 0.2796859953771718, 0.17221535964035975, 0.3239890850979084], [0.2654127622377624, 0.28341991619491635, 0.174121461871462, 0.2770458596958597], [0.21019428904428913, 0.31756717171717197, 0.16915060495060505, 0.30308793428793424], [0.22911046176046188, 0.34346089466089463, 0.1575863136863138, 0.2698423298923298], [0.2398164407487938, 0.26711228052992764, 0.21596083916083925, 0.2771104395604397], [0.2682365301365302, 0.27639039294039286, 0.19071678876678883, 0.2646562881562884], [0.2394981324231326, 0.29943452658452674, 0.17420363819187368, 0.28686370280046763], [0.22663958149693453, 0.29120531959440615, 0.20808462020435706, 0.27407047870430223], [0.2463470806970807, 0.2834594164005929, 0.17136990786990788, 0.2988235950324187], [0.241549755799756, 0.27173704351204353, 0.20937416864181585, 0.2773390320463851], [0.2617729603729605, 0.3030850011100011, 0.17724168054168069, 0.25790035797535815], [0.2456394216894217, 0.30392121489621493, 0.16590685703185706, 0.2845325063825067], [0.22703981296481307, 0.2561720323793854, 0.19240423579688287, 0.32438391885891904], [0.2749996503496505, 0.2647986457986459, 0.19555130147630143, 0.26465040237540244], [0.25641173303820364, 0.3072324303147833, 0.16640795674913322, 0.26994787989787994], [0.250833178259649, 0.2609641676950503, 0.16583650989533347, 0.3223661441499678], [0.2397434518096284, 0.27881618936618946, 0.20885217837717843, 0.272588180447004], [0.27827088826206475, 0.2857916083916085, 0.1586667221667223, 0.2772707811796048], [0.23548089492207153, 0.2870582138879354, 0.19225784227812096, 0.2852030489118725], [0.24669587912087917, 0.2896284576534578, 0.16824828504828515, 0.29542737817737835], [0.2109011988011989, 0.32986178266178284, 0.17926682206682218, 0.27997019647019666], [0.22128266733266747, 0.34338231213231213, 0.1800287227392491, 0.2553062977957716], [0.2615584027084027, 0.24296598401598407, 0.170189834348658, 0.3252857789269551], [0.2785027222777224, 0.2445038406038408, 0.1942934604611076, 0.28269997665732965], [0.23781331796858132, 0.2816677218979852, 0.2095104713999452, 0.27100848873348876], [0.2405370934620935, 0.28222980981007323, 0.18634771331180003, 0.2908853834160334], [0.25264901209901214, 0.3304707903207902, 0.15490378510378514, 0.2619764124764125], [0.28584422799422815, 0.2953025252525253, 0.18299836829836832, 0.23585487845487862], [0.27632059052059066, 0.28926038961038975, 0.1669088522588523, 0.26751016761016766], [0.21924574592074592, 0.30327868242868256, 0.18464290431790434, 0.2928326673326675], [0.23402312862576033, 0.265315454720718, 0.17089273533484073, 0.3297686813186813], [0.22761290180407828, 0.2952753635253635, 0.20212474943357298, 0.2749869852369854], [0.22825437340437346, 0.3085942208118677, 0.17665855223208168, 0.2864928535516773], [0.27268595293595294, 0.2555158258408261, 0.18096627816627814, 0.29083194305694304]]}}