{"test": {"ids": ["111121410", "109115070", "109114270", "106118820", "99109740", "109114030", "105110091", "111120591", "108121351", "108115250", "113120280", "109116810", "106117650", "112120670", "108116120", "112118890", "98109090", "108118301", "97105960", "111120540", "100110260", "106113830", "99110050", "104111830", "103113170", "102111990", "112120270", "101111990", "105112100", "97106000", "99107640", "108121160", "104111711", "108114200", "107118120", "110118450", "112118820", "107116300", "113118231", "98107210", "108117360", "99109161", "106121190", "109117271", "99112300", "104111550", "101117580", "103112641", "111114321", "98106111", "100108520", "99111440", "113120070", "107113130", "101108950", "112116990", "113118620", "103120730", "110115140", "102121700", "100120780", "106120290", "103113270", "110113931", "112120630", "112118550", "97106600", "101114990", "113120591", "108121190", "111119950", "100109330", "102118380", "113119480", "98111860", "99111930", "107118820", "101111210", "111116170", "107112850", "104113170", "110114610", "110116300", "111116040", "112119950", "113121010", "111119340", "105117351", "105117200", "113122650", "102113210", "108120621", "106121220", "103111930", "106114011", "110117500", "112121030", "113122170", "110118810", "108117451", "111115400", "97112290", "111119150", "103120531", "97107950", "101119591", "112120290", "106117770", "104116441", "104113000", "111115780", "109115380", "113122430", "108120260", "112118810", "105111990", "104117200", "102109910", "108115970", "106117790", "103110220", "101108500", "97106770", "109121410", "105113260", "104114740", "111121930", "97113260", "111119610", "100116500", "100111270", "112116540", "107114621", "109116170", "102110690", "103111620", "107116340", "112120700", "105118740", "111116100", "109118161", "112119580"], "labels": [0, 0, 3, 3, 3, 1, 0, 1, 3, 1, 0, 3, 1, 2, 1, 3, 1, 1, 2, 1, 3, 1, 3, 3, 3, 2, 0, 2, 1, 0, 1, 2, 1, 0, 3, 0, 0, 0, 3, 1, 1, 3, 2, 0, 0, 1, 3, 3, 1, 0, 2, 3, 2, 1, 2, 0, 3, 1, 0, 1, 1, 2, 2, 1, 3, 3, 3, 3, 0, 1, 0, 0, 1, 3, 0, 1, 3, 2, 0, 1, 3, 1, 3, 0, 0, 2, 3, 0, 3, 2, 3, 1, 1, 3, 1, 1, 0, 1, 1, 2, 0, 1, 3, 3, 2, 0, 1, 0, 1, 1, 1, 3, 2, 1, 3, 2, 3, 2, 2, 1, 2, 3, 3, 0, 3, 2, 1, 1, 2, 2, 2, 1, 0, 0, 0, 0, 3, 2, 1, 3, 0, 3], "predicted_labels": [0, 1, 3, 1, 1, 3, 1, 0, 1, 0, 3, 0, 2, 3, 3, 3, 1, 0, 1, 1, 1, 3, 2, 1, 1, 2, 3, 3, 3, 1, 2, 1, 3, 0, 0, 3, 1, 3, 1, 0, 3, 0, 1, 0, 1, 1, 0, 2, 1, 3, 3, 1, 0, 2, 3, 3, 0, 1, 1, 0, 0, 1, 3, 3, 0, 3, 2, 1, 3, 0, 0, 0, 1, 3, 1, 3, 3, 3, 0, 1, 1, 1, 1, 3, 3, 1, 0, 3, 0, 1, 3, 0, 3, 1, 1, 1, 0, 1, 1, 3, 1, 1, 1, 1, 3, 3, 0, 3, 1, 3, 1, 1, 3, 0, 3, 0, 3, 0, 3, 2, 3, 1, 1, 1, 1, 3, 0, 3, 0, 3, 1, 0, 0, 3, 1, 2, 1, 1, 0, 0, 3, 3], "confidence_scores": [[0.33769794133824593, 0.24361563924132404, 0.11280500127066798, 0.3058814181497622], [0.19950907598457523, 0.4830765208781708, 0.1298184890686811, 0.18759591406857293], [0.2010394242555314, 0.23749402055301547, 0.184838599442654, 0.3766279557487992], [0.11054636896252143, 0.5120857362565716, 0.07857632834219877, 0.2987915664387082], [0.21945191758130594, 0.31768010868576557, 0.2960250111799021, 0.16684296255302658], [0.16015060776347395, 0.2092182340087638, 0.3074762857921853, 0.32315487243557706], [0.19687425443107004, 0.3878945603146869, 0.16769443753997126, 0.247536747714272], [0.32368951803620316, 0.3097444194626942, 0.09313821599334562, 0.273427846507757], [0.14304353453510543, 0.38418641895107586, 0.10247850391704173, 0.37029154259677705], [0.33182846139184463, 0.24700959526670288, 0.2320996326002356, 0.1890623107412169], [0.15144018872965856, 0.18410777672844647, 0.10572329583561836, 0.5587287387062768], [0.4475927715308472, 0.2598048624563445, 0.1186879430848754, 0.17391442292793302], [0.170413260867399, 0.3143849432187646, 0.35680531045206604, 0.1583964854617704], [0.17186311021214123, 0.30437338140392106, 0.1515629798948307, 0.372200528489107], [0.3598651131854409, 0.17345544495676798, 0.09434891572611184, 0.37233052613167944], [0.2088329111284485, 0.28305179827114263, 0.13563807244174375, 0.37247721815866525], [0.13176080260370132, 0.3919561609400924, 0.11678928150709557, 0.3594937549491109], [0.3303277229378723, 0.2959015477697702, 0.09553877891276062, 0.27823195037959686], [0.2503253889757042, 0.27931799350061404, 0.22349085672972058, 0.24686576079396128], [0.22546847556320074, 0.3223602884352864, 0.2544841334521753, 0.19768710254933763], [0.2759532195340736, 0.2919724173257608, 0.17208387989430465, 0.2599904832458608], [0.21468379423005002, 0.15807451513858617, 0.19075284317695038, 0.4364888474544134], [0.1486076808767293, 0.13133442510896307, 0.5278828008368637, 0.1921750931774439], [0.15405378181977558, 0.41525816418735095, 0.11409279442373593, 0.3165952595691377], [0.2242398644195619, 0.33013872230712704, 0.15391016894480095, 0.29171124432851003], [0.33485786590216265, 0.13913042641178588, 0.3780110984628032, 0.14800060922324823], [0.14259739001781782, 0.28801633627823275, 0.2662746094447146, 0.30311166425923497], [0.23987814988190453, 0.21904651944886533, 0.10527430432449486, 0.4358010263447353], [0.27747129379312946, 0.1983367651688789, 0.17755965305265334, 0.34663228798533846], [0.1912991217846762, 0.29284159338958304, 0.23221863030629925, 0.28364065451944154], [0.25999516110932847, 0.24874743112868478, 0.28407004926802754, 0.2071873584939593], [0.2330146940652769, 0.396417784695594, 0.10759859232578985, 0.2629689289133393], [0.14888106989308716, 0.25021765689798703, 0.20435562856318817, 0.3965456446457377], [0.43839631157784353, 0.2316247064216242, 0.16370635413742746, 0.16627262786310484], [0.3910835503528188, 0.25672364436130823, 0.17642341415136806, 0.17576939113450496], [0.18888858202438394, 0.20873299342821106, 0.30056710258660874, 0.3018113219607961], [0.24875835011373493, 0.36186031683896447, 0.08236284311642168, 0.30701848993087905], [0.18356228066110633, 0.13070971079835828, 0.14819342692974613, 0.5375345816107893], [0.27803001062279753, 0.3572002312640191, 0.16485553469816883, 0.19991422341501472], [0.361085589459218, 0.23250483831530808, 0.1925814069952691, 0.21382816523020481], [0.1695848323191556, 0.21277008933740907, 0.19889407601776593, 0.4187510023256695], [0.4348166007790234, 0.16625364041705037, 0.2664662662943002, 0.132463492509626], [0.15250303733661222, 0.48536130363217417, 0.12383063835684087, 0.2383050206743728], [0.3311070042611469, 0.3092431169780367, 0.08813383221666841, 0.2715160465441481], [0.14833017441527505, 0.3824427984400412, 0.3334250752775392, 0.1358019518671446], [0.2708098373019221, 0.3398093070196274, 0.18901409444658487, 0.2003667612318658], [0.32816224428123275, 0.2794066693201149, 0.08316643944089977, 0.3092646469577528], [0.14264263834478427, 0.2817003840782089, 0.34500382918513645, 0.23065314839187037], [0.15764998027869737, 0.3186475761746983, 0.24569249364469772, 0.27800994990190675], [0.13487216640379848, 0.21403803865932203, 0.12767193873542482, 0.5234178562014546], [0.24294871850391034, 0.20306428418302677, 0.17065377014403432, 0.38333322716902873], [0.24166844119506783, 0.288698326806498, 0.26147531757599196, 0.20815791442244236], [0.39071384979337415, 0.2670294708742651, 0.14103599310962459, 0.20122068622273606], [0.19002409535786452, 0.24186851978458157, 0.39524967678034584, 0.1728577080772082], [0.26120489385255097, 0.1704510327225724, 0.27154354987758555, 0.29680052354729114], [0.25868453840556693, 0.24574537249892567, 0.21048806710931822, 0.2850820219861892], [0.4061918959420218, 0.2889814334619819, 0.10916365780217252, 0.19566301279382373], [0.20605259407971133, 0.4076944207360885, 0.21991588869019485, 0.1663370964940054], [0.18641525594252895, 0.3325868961321948, 0.15217897452126714, 0.3288188734040091], [0.5347581200940265, 0.1516087459446494, 0.16564537018744402, 0.14798776377387993], [0.3085053045657515, 0.30461518349999983, 0.0965576754435599, 0.29032183649068866], [0.22260753174332876, 0.4253064962790205, 0.1356823001025934, 0.21640367187505732], [0.16403319243284473, 0.21369109647264325, 0.19987151625963126, 0.4224041948348808], [0.17429102260845755, 0.30482082374461505, 0.08606830376681385, 0.43481984988011363], [0.35787556877453325, 0.17763524679959536, 0.1588298339635524, 0.30565935046231923], [0.13400083045926547, 0.19951750514970754, 0.09942832947682896, 0.5670533349141981], [0.10628361247190496, 0.24488387899460096, 0.5690120146839628, 0.07982049384953128], [0.2110633830372032, 0.3494106944032332, 0.15552817171854252, 0.28399775084102113], [0.3191447563571671, 0.2237879866927218, 0.10372349518211331, 0.35334376176799787], [0.36077818596842637, 0.19389494244349828, 0.12470225745179081, 0.3206246141362845], [0.4830652527536501, 0.2336904069145674, 0.08200811811185761, 0.20123622221992474], [0.45534702621715056, 0.1463928019398087, 0.21552118800274714, 0.18273898384029358], [0.18327284235624836, 0.39326637493805905, 0.15465155252617413, 0.2688092301795185], [0.25517621022042664, 0.2920146481041744, 0.08476709518813776, 0.36804204648726124], [0.14405038947147036, 0.3848414979155303, 0.22364837924233652, 0.24745973337066293], [0.2192455452077512, 0.25238595966427935, 0.19743870284878254, 0.33092979227918706], [0.18001076473676378, 0.19670061731099567, 0.13189696329463993, 0.4913916546576007], [0.18793345568289607, 0.18050811990492738, 0.1894834240415143, 0.4420750003706623], [0.39807636851311, 0.21824777147871688, 0.1101037633642769, 0.2735720966438963], [0.19275035021713496, 0.43313882585394026, 0.1507183871177314, 0.22339243681119345], [0.2383703902585561, 0.47886521869577975, 0.11593375937822677, 0.1668306316674374], [0.19016019763043687, 0.4540130887960336, 0.15604242854912032, 0.1997842850244093], [0.2779388334094832, 0.38062084433672494, 0.13145529493602656, 0.20998502731776525], [0.23957409647643124, 0.22114768190672948, 0.23782316283869556, 0.30145505877814377], [0.19657800436136383, 0.19183686456798094, 0.1000651925122166, 0.5115199385584386], [0.18659029048095008, 0.5744186182207071, 0.08072149126238708, 0.1582696000359558], [0.3945765660153106, 0.17817598824959957, 0.125356622570158, 0.30189082316493193], [0.21806205652483368, 0.16248368430176474, 0.11887577475136843, 0.500578484422033], [0.3155570507346424, 0.2609508754827587, 0.2014467030502322, 0.2220453707323667], [0.14568875161751935, 0.49073656549899225, 0.12128499777640792, 0.24228968510708063], [0.21740967080489657, 0.11370467755393043, 0.10213886576220274, 0.5667467858789704], [0.35612847670542674, 0.2225648248784643, 0.19359269100145993, 0.22771400741464903], [0.2124340769278565, 0.2193856971894978, 0.1349038423307515, 0.4332763835518941], [0.20798951983995909, 0.4089327963568023, 0.17351232781458692, 0.2095653559886517], [0.21334003554361486, 0.30080609128111896, 0.26449203793598164, 0.22136183523928452], [0.21784303074388287, 0.4194133443850909, 0.12473620297624269, 0.2380074218947835], [0.5094844322300524, 0.16528064099907538, 0.08722260009456624, 0.23801232667630617], [0.13603393236281722, 0.4617017059536436, 0.1432192570653913, 0.259045104618148], [0.21644092331287257, 0.3100157235800279, 0.20551600674876197, 0.26802734635833747], [0.20263745234534614, 0.2313042198188364, 0.1091659946158127, 0.4568923332200047], [0.2854916202344438, 0.30699697607426907, 0.23731364002669833, 0.1701977636645888], [0.30226969386463215, 0.3083572545815148, 0.16282419901461725, 0.22654885253923562], [0.24366864028733, 0.38559018974657144, 0.1339356330518639, 0.23680553691423467], [0.13674823227711866, 0.5871030657032036, 0.07247351056302621, 0.20367519145665158], [0.2083465686004274, 0.23407454599223385, 0.21988297556084607, 0.3376959098464927], [0.1786175736515732, 0.13021684226299846, 0.1282935794123758, 0.5628720046730525], [0.3392929987652156, 0.30130323137258913, 0.20951391466311936, 0.14988985519907586], [0.1807764966694379, 0.27187795421105343, 0.21200323522842507, 0.3353423138910836], [0.31014767319433606, 0.36715353181140153, 0.08712109426516826, 0.2355777007290943], [0.22363329487698733, 0.20748435632504192, 0.17694449476104018, 0.3919378540369307], [0.22194083152460475, 0.35245201434957907, 0.16942355154980654, 0.2561836025760097], [0.18780457715655527, 0.3246024106250454, 0.18348527346490448, 0.30410773875349484], [0.1818179403813003, 0.18556186917666473, 0.17759454240912964, 0.45502564803290535], [0.7207494016997932, 0.1165389019536872, 0.060162702255050465, 0.1025489940914693], [0.20316966418108484, 0.30067819781616434, 0.09927847561164538, 0.39687366239110555], [0.5228282638778363, 0.11660082183807839, 0.07465593397612012, 0.28591498030796514], [0.11760443805204039, 0.3478859153757698, 0.17769894336268235, 0.3568107032095074], [0.29130775229629036, 0.20080030529129636, 0.2528350514827366, 0.2550568909296768], [0.08783574766526309, 0.3454321495549898, 0.08519485325550075, 0.4815372495242464], [0.2186044475809665, 0.25354938910792924, 0.3691882923620676, 0.1586578709490367], [0.18979802301491147, 0.28744062779816715, 0.22608035634336662, 0.29668099284355465], [0.269645020056983, 0.3279528177780794, 0.12351677421343825, 0.27888538795149936], [0.13564006631810127, 0.29643480547742646, 0.2761347161840609, 0.2917904120204114], [0.15583816823143773, 0.42705839549400143, 0.19747381788990115, 0.21962961838465955], [0.23922940175593607, 0.32348817830365856, 0.13068590413105485, 0.3065965158093506], [0.16312011823614103, 0.24893338455847164, 0.19209606955883157, 0.39585042764655576], [0.43809930078487114, 0.16789541098611926, 0.14737635195887988, 0.2466289362701298], [0.21816779043990242, 0.15660665220013595, 0.12332829107439444, 0.5018972662855672], [0.2732262469249848, 0.25904591024986245, 0.26223968787941154, 0.2054881549457413], [0.272336653982227, 0.19612939435467677, 0.22323177232982494, 0.30830217933327125], [0.16309867328362485, 0.36553626373926296, 0.30548992028498106, 0.16587514269213108], [0.33011876639057586, 0.3172292187030958, 0.09998124063413145, 0.252670774272197], [0.3659821434355321, 0.16276922236657493, 0.1448521126934427, 0.32639652150445037], [0.1652880687655448, 0.2068543755980018, 0.27174500238015775, 0.35611255325629565], [0.2537066523404587, 0.289103476921258, 0.17728808875108487, 0.2799017819871985], [0.10918457901138325, 0.29264947531866387, 0.4142937556449302, 0.18387219002502267], [0.2633732080898858, 0.35210040452897856, 0.21460712793032047, 0.1699192594508151], [0.17394306336438145, 0.5755990751778908, 0.11487910024319742, 0.13557876121453022], [0.4027621898221652, 0.1895398820967749, 0.18289561754281927, 0.22480231053824096], [0.33939643601495617, 0.20324885001169166, 0.16184233366114426, 0.2955123803122078], [0.2726048324964086, 0.23841939003541746, 0.1164531634039473, 0.37252261406422676], [0.1733489041024949, 0.21740346033787766, 0.0954122682021105, 0.5138353673575169]]}, "rewritten": {"ids": ["97105960", "97106000", "97106600", "97106770", "97107950", "97112290", "97113260", "98106111", "98107210", "98109090", "98111860", "99107640", "99109161", "99109740", "99110050", "99111440", "99111930", "99112300", "100108520", "100109330", "100110260", "100111270", "100116500", "100120780", "101108500", "101108950", "101111210", "101111990", "101114990", "101117580", "101119591", "102109910", "102110690", "102111990", "102113210", "102118380", "102121700", "103110220", "103111620", "103111930", "103112641", "103113170", "103113270", "103120531", "103120730", "104111550", "104111711", "104111830", "104113000", "104113170", "104114740", "104116441", "104117200", "105110091", "105111990", "105112100", "105113260", "105117200", "105117351", "105118740", "106113830", "106114011", "106117650", "106117770", "106117790", "106118820", "106120290", "106121190", "106121220", "107112850", "107113130", "107114621", "107116300", "107116340", "107118120", "107118820", "108114200", "108115250", "108115970", "108116120", "108117360", "108117451", "108118301", "108120260", "108120621", "108121160", "108121190", "108121351", "109114030", "109114270", "109115070", "109115380", "109116170", "109116810", "109117271", "109118161", "109121410", "110113931", "110114610", "110115140", "110116300", "110117500", "110118450", "110118810", "111114321", "111115400", "111115780", "111116040", "111116100", "111116170", "111119150", "111119340", "111119610", "111119950", "111120540", "111120591", "111121410", "111121930", "112116540", "112116990", "112118550", "112118810", "112118820", "112118890", "112119580", "112119950", "112120270", "112120290", "112120630", "112120670", "112120700", "112121030", "113118231", "113118620", "113119480", "113120070", "113120280", "113120591", "113121010", "113122170", "113122430", "113122650"], "labels": [2, 0, 3, 3, 2, 1, 1, 0, 1, 1, 0, 1, 3, 3, 3, 3, 1, 0, 2, 0, 3, 2, 2, 1, 3, 2, 2, 2, 3, 3, 0, 2, 0, 2, 3, 1, 1, 2, 0, 3, 3, 3, 2, 3, 1, 1, 1, 3, 1, 3, 2, 1, 3, 0, 2, 1, 3, 3, 0, 1, 1, 1, 1, 0, 1, 3, 2, 2, 1, 1, 1, 0, 0, 3, 3, 3, 0, 1, 2, 1, 1, 2, 1, 1, 1, 2, 1, 3, 1, 3, 0, 3, 0, 3, 0, 0, 0, 1, 1, 0, 3, 1, 0, 1, 1, 0, 1, 0, 3, 0, 3, 3, 2, 0, 1, 1, 0, 1, 1, 0, 3, 3, 0, 3, 3, 0, 0, 1, 3, 2, 2, 0, 3, 3, 3, 2, 0, 0, 2, 1, 2, 2], "predicted_labels": [2, 3, 2, 2, 3, 1, 3, 3, 3, 3, 1, 3, 0, 1, 3, 3, 3, 1, 3, 0, 0, 1, 3, 3, 1, 1, 1, 1, 1, 0, 3, 3, 1, 0, 3, 0, 3, 1, 2, 1, 3, 2, 3, 0, 0, 3, 3, 1, 0, 1, 0, 0, 3, 1, 0, 1, 1, 1, 3, 1, 1, 1, 1, 0, 2, 1, 1, 1, 3, 1, 1, 0, 3, 3, 0, 3, 0, 0, 0, 3, 2, 3, 1, 3, 0, 3, 0, 1, 3, 1, 1, 0, 0, 0, 3, 3, 3, 0, 0, 0, 0, 0, 1, 1, 1, 0, 1, 3, 0, 0, 1, 3, 2, 0, 2, 3, 0, 0, 1, 3, 3, 0, 1, 0, 3, 0, 1, 0, 0, 3, 1, 0, 1, 0, 0, 3, 3, 1, 1, 3, 1, 1], "confidence_scores": [[0.2546058525070153, 0.12486450792434824, 0.3200809203237146, 0.300448719244922], [0.18551118922566728, 0.29154683390910346, 0.13973754054449133, 0.38320443632073786], [0.17701842109359767, 0.2952637967150235, 0.3787670230036932, 0.14895075918768577], [0.29351894081348395, 0.2513765827308748, 0.3149284639085761, 0.1401760125470651], [0.2772054268601835, 0.2374051227314618, 0.14240313759618622, 0.3429863128121683], [0.2829080341240007, 0.35834727539988614, 0.1678866541032174, 0.19085803637289592], [0.3300070563749246, 0.10232171570720602, 0.07242127743264992, 0.4952499504852196], [0.30382000609471377, 0.26462361695750924, 0.09717088004579767, 0.3343854969019792], [0.18532475919055874, 0.2662149159128644, 0.22706996962209283, 0.321390355274484], [0.18550153103090064, 0.2412109726008188, 0.14360674412908078, 0.4296807522391996], [0.25808988483587697, 0.28086599088893555, 0.2631079329707742, 0.19793619130441345], [0.17190258422622579, 0.2922641406096397, 0.17015553874268752, 0.3656777364214471], [0.45384027513649, 0.14161552970512703, 0.1690525977981215, 0.23549159736026148], [0.17995289643175028, 0.34999155189872516, 0.2932512476857398, 0.17680430398378494], [0.13417926662630178, 0.11304732372956443, 0.264762359052061, 0.4880110505920728], [0.1830779155889158, 0.24391159461109668, 0.21204292033217456, 0.3609675694678131], [0.2789186973654722, 0.1039261179581271, 0.077982766934226, 0.5391724177421747], [0.31322965981463335, 0.4327148982982552, 0.09302879447827506, 0.16102664740883652], [0.26715849595147256, 0.19055935296763687, 0.187374101181139, 0.3549080498997517], [0.4542620770935611, 0.16150615614715555, 0.09788877982120396, 0.2863429869380795], [0.3595699263012547, 0.2382941236921305, 0.07846426722719331, 0.32367168277942143], [0.17402745021391422, 0.31254630081789303, 0.26118658169385384, 0.2522396672743389], [0.28582696646630795, 0.20174561017292736, 0.22144574699868366, 0.2909816763620809], [0.3046403811160777, 0.24757257952893472, 0.08657674621439754, 0.36121029314059017], [0.29796328394506966, 0.30619238910556, 0.1114022086639819, 0.28444211828538835], [0.1972286406539033, 0.5670066437752906, 0.08116614943017016, 0.154598566140636], [0.3181608190639299, 0.3965918486237556, 0.09010186632901149, 0.19514546598330287], [0.16724582232258442, 0.3725161464746483, 0.12476884245660351, 0.33546918874616377], [0.19183441400388704, 0.5016366643827751, 0.19451685881846456, 0.11201206279487333], [0.35445308340105364, 0.2384665779300449, 0.10487023648555006, 0.30221010218335165], [0.30967510405354515, 0.1298263448414017, 0.11979756889222457, 0.4407009822128289], [0.33326948684356095, 0.15728588988688777, 0.1202607894271672, 0.3891838338423841], [0.26607248988440346, 0.37646408744096277, 0.11063365891614967, 0.24682976375848428], [0.38899311497013295, 0.17281337543408276, 0.3111671450438544, 0.12702636455192995], [0.30429583459514853, 0.170921693601377, 0.16872052025869833, 0.35606195154477627], [0.37327711409401626, 0.2550139826694778, 0.14233922369126772, 0.22936967954523818], [0.18551262916021072, 0.2448028678704722, 0.266017625074894, 0.30366687789442326], [0.14183407155427788, 0.421196503267719, 0.13951082279583552, 0.2974586023821676], [0.2425858171387534, 0.2455340312067399, 0.28553379698679177, 0.22634635466771497], [0.23458525460828053, 0.5422132474275165, 0.10056148749646528, 0.12264001046773759], [0.28189713837953834, 0.23526672379344132, 0.07270249441771534, 0.41013364340930514], [0.19354243367002083, 0.2331439427443334, 0.30750717507657316, 0.26580644850907265], [0.1784797367886977, 0.12480589678291476, 0.22577689859674932, 0.47093746783163837], [0.42186895659148876, 0.2650160265855996, 0.0867308364430322, 0.22638418037987934], [0.42209098836383296, 0.3522609489373492, 0.10673709911949328, 0.11891096357932451], [0.21282335126573587, 0.26869563050635925, 0.2289815959324737, 0.28949942229543113], [0.23744744252104902, 0.22423707268329562, 0.21369520973225686, 0.3246202750633984], [0.132915334282663, 0.38086033765984795, 0.1150671798061827, 0.37115714825130625], [0.34840976900236537, 0.21582172682525042, 0.09499833932320578, 0.34077016484917844], [0.11112627309871655, 0.5746966545835732, 0.14247107046148688, 0.1717060018562233], [0.4229525875238583, 0.15338203086545518, 0.23509964383915014, 0.18856573777153643], [0.644526654939714, 0.1322428282201213, 0.06809316162265613, 0.15513735521750863], [0.2870013950115995, 0.18256869200824247, 0.11212175176429473, 0.41830816121586345], [0.2403189503965321, 0.2684765770869226, 0.25612507779243304, 0.23507939472411227], [0.4927434521139993, 0.194121958092973, 0.06829994675827598, 0.24483464303475183], [0.3033720223117096, 0.3391045891091663, 0.13431864797040555, 0.22320474060871837], [0.29944478895065274, 0.34041053775325464, 0.06090870135694383, 0.29923597193914886], [0.27429248306905, 0.3704616978066214, 0.19647177151324297, 0.15877404761108588], [0.2377979561400867, 0.22005947995613173, 0.2107852175293951, 0.33135734637438635], [0.18138673471022557, 0.5267067256406693, 0.08795739991525703, 0.20394913973384804], [0.26820353381555345, 0.38579050718138563, 0.07627384879299315, 0.2697321102100678], [0.3259165222238745, 0.49253157592917557, 0.07252914538821571, 0.10902275645873415], [0.271825161133457, 0.4168497026946593, 0.16408285671900777, 0.1472422794528759], [0.42294539392797836, 0.2257389024498481, 0.14339344236214555, 0.20792226126002789], [0.1495794753757796, 0.22494505225144543, 0.505699933712443, 0.1197755386603321], [0.13198444838802034, 0.47008960774454706, 0.03802662128729327, 0.3598993225801393], [0.261144860352232, 0.36853447793600047, 0.12267464458005795, 0.24764601713170975], [0.29542355796890046, 0.5092874773489813, 0.06660266006634227, 0.1286863046157761], [0.26243022511787173, 0.2001729291104017, 0.09716550798420322, 0.44023133778752355], [0.23480706286389647, 0.4629837125087788, 0.0980496219607811, 0.20415960266654365], [0.24656544431375146, 0.3590179489263967, 0.1881593484434286, 0.20625725831642328], [0.5078711920175161, 0.18033760844840477, 0.08933586646090921, 0.22245533307317006], [0.2570863296543716, 0.1675198665272586, 0.19689467215448986, 0.37849913166388], [0.15194662193420158, 0.2750428176396466, 0.25067173067753395, 0.32233882974861794], [0.5019666155949354, 0.2360318542568801, 0.11762298266693094, 0.14437854748125353], [0.19659016715318348, 0.13554359774859917, 0.07372655038841679, 0.5941396847098005], [0.507673431007223, 0.18983929083910484, 0.06359377632305717, 0.23889350183061514], [0.34309749901487563, 0.22609096783727164, 0.14735252140244526, 0.2834590117454075], [0.6325520489533749, 0.11176917137579284, 0.05547558781380014, 0.20020319185703214], [0.14472439426541509, 0.12223687809698522, 0.14444671867594655, 0.5885920089616531], [0.18707996589612746, 0.20778792368143834, 0.35560576957958756, 0.24952634084284692], [0.14975389499565436, 0.25412376597967534, 0.10490797489019238, 0.49121436413447805], [0.28463959952865603, 0.35373459618369774, 0.11862571997173141, 0.2430000843159151], [0.2222221519304873, 0.25317653772682575, 0.16172142399720216, 0.362879886345485], [0.4961768100554836, 0.1693437750489646, 0.11080141105589855, 0.2236780038396533], [0.2830529918386673, 0.24213249913383245, 0.18188968381922793, 0.29292482520827245], [0.3061487356343892, 0.2984986956531841, 0.10728517123363528, 0.28806739747879145], [0.14520402621377326, 0.41724203297349044, 0.12810575073330202, 0.30944819007943436], [0.2009468603113505, 0.27025684180504606, 0.14208875194509998, 0.3867075459385033], [0.18399833939651342, 0.40577508583916344, 0.11344276081799125, 0.2967838139463318], [0.23843939774094283, 0.38469036019318037, 0.19770156738759145, 0.17916867467828554], [0.3250497394232138, 0.2115033999272542, 0.1797871273216171, 0.283659733327915], [0.34825361606717553, 0.20269484184756062, 0.1431265554040266, 0.30592498668123724], [0.4653634404510752, 0.2372383268000729, 0.09176748923079758, 0.20563074351805444], [0.23119250067131644, 0.2608286559526196, 0.17133334947559292, 0.3366454939004711], [0.26536379083181466, 0.21574312825808656, 0.10630246374272131, 0.41259061716737755], [0.24788620076132892, 0.2578619221709596, 0.0887106693691274, 0.4055412076985842], [0.40871033401535145, 0.11902006207798291, 0.08847802383421462, 0.38379158007245107], [0.3348999329931424, 0.25113430252051133, 0.18929041022851256, 0.22467535425783366], [0.3298358913252342, 0.26975584352715315, 0.13575716241629876, 0.2646511027313139], [0.49319493158572697, 0.29113962412468625, 0.08295131914873548, 0.13271412514085124], [0.4091961451543714, 0.33292818967730786, 0.13337438022990925, 0.12450128493841148], [0.16276893069664164, 0.2905109527217957, 0.2701627086681639, 0.2765574079133988], [0.3501719558764063, 0.456126158762532, 0.050393991846944396, 0.14330789351411735], [0.17230704804494212, 0.2876646772895881, 0.2792822050384586, 0.26074606962701125], [0.4852831538695032, 0.27752429530753514, 0.08411829609952673, 0.15307425472343494], [0.23010262394451572, 0.316477459658058, 0.14008348576434834, 0.31333643063307803], [0.17989186992827302, 0.1932633252968319, 0.08783327471495062, 0.5390115300599444], [0.3002602276052267, 0.2552936807048808, 0.14602508851310536, 0.2984210031767871], [0.3927091990437266, 0.17296882369315972, 0.10091353808562363, 0.3334084391774901], [0.12018219585801812, 0.5028868169204688, 0.18531942383666178, 0.19161156338485127], [0.2812455720609052, 0.17191778795124155, 0.1921966360227113, 0.3546400039651421], [0.16242095892647798, 0.16942648803416094, 0.5692249069784597, 0.09892764606090138], [0.35484166623670943, 0.176099781934924, 0.1292351066310624, 0.33982344519730423], [0.2801803557977938, 0.22685705759035443, 0.30049713417625745, 0.1924654524355944], [0.3235622818885346, 0.23581871647867644, 0.07854854785117497, 0.3620704537816142], [0.5608187401458149, 0.17124625961976886, 0.06870748266636446, 0.19922751756805185], [0.5667039635634326, 0.15677565683984826, 0.1480514094243074, 0.1284689701724119], [0.2520261640885196, 0.4256739605688179, 0.1091057448040578, 0.21319413053860461], [0.2796932165466764, 0.17721112546866127, 0.1302890771970153, 0.41280658078764726], [0.2576879611316662, 0.24019221457227882, 0.09493325053385375, 0.4071865737622014], [0.4762409141080552, 0.3171289896785126, 0.038159370736194236, 0.16847072547723804], [0.3165918562558346, 0.34498933547733635, 0.07177004242926076, 0.26664876583756825], [0.3388317311703106, 0.1770300513040647, 0.22856595303040222, 0.25557226449522247], [0.254051763181083, 0.257394876289471, 0.19822161722397222, 0.29033174330547373], [0.40582473568672695, 0.13838487098796948, 0.0731074458371542, 0.3826829474881493], [0.23530523479081605, 0.3652217466029757, 0.24024445660549165, 0.1592285620007169], [0.3392559983742519, 0.2222642401127917, 0.2519014394702664, 0.18657832204268993], [0.5155340723779425, 0.12637922310363722, 0.09589247525212782, 0.2621942292662926], [0.17806529072067764, 0.21929000029838103, 0.23115292245809171, 0.37149178652284964], [0.21013538900388273, 0.5631113254131841, 0.1149050347556657, 0.1118482508272674], [0.32552548122924363, 0.28838005222721186, 0.12348638043718431, 0.2626080861063603], [0.2778683468244803, 0.28199082213895493, 0.2105050473372283, 0.2296357836993363], [0.5680873431694133, 0.17296944952404641, 0.08005335331510166, 0.1788898539914386], [0.459092330143252, 0.2508995661909499, 0.09370231288303942, 0.19630579078275862], [0.15529779969940574, 0.31652032039503464, 0.13936370993222666, 0.388818169973333], [0.27183486509394494, 0.14110523007302628, 0.23740901963737526, 0.3496508851956535], [0.3321508778696719, 0.36703726756528576, 0.08567193676426571, 0.21513991780077682], [0.31048216234011167, 0.35640587012030917, 0.10751712952161595, 0.2255948380179633], [0.19263610043890061, 0.22126642820177558, 0.17946455489548452, 0.40663291646383937], [0.24504772828327878, 0.2823997389187552, 0.21646622640251068, 0.25608630639545543], [0.21127899646359136, 0.34899208562416767, 0.16982009901928166, 0.26990881889295915]]}}