{"test": {"ids": ["108113480", "112120540", "103120730", "109120150", "98107210", "112121030", "105115570", "99116500", "101113210", "113122160", "110120190", "101112540", "112120290", "108114670", "109115211", "104118340", "97114170", "107114780", "105113480", "104114230", "104111711", "110114950", "113121980", "112119610", "107113550", "104114740", "109114030", "106114280", "97106820", "99111440", "105113170", "113122510", "103111620", "112117431", "113122220", "106114321", "109118701", "103120340", "113120640", "112120990", "113120601", "111116640", "101109000", "109117730", "111116170", "113120070", "102112250", "99112641", "108114180", "111119250", "106112770", "113120751", "110121450", "113120780", "108118291", "108114220", "109113591", "97105760", "105113260", "100110050", "106120290", "108119550", "104111780", "108120700", "102121700", "108115070", "102109840", "98106111", "99108310", "102110240", "103109021", "107121700", "99110050", "107113170", "113122120", "102107961", "113121680", "112117790", "105119950", "98112170", "105112100", "102112170", "110117110", "107114200", "98120010", "109116810", "104111990", "106111321", "102113981", "99112300", "109113881", "98109311", "113118421", "109113281", "106118820", "111120260", "100109980", "106116441", "107114321", "107115140", "105113330", "107113260", "99109860", "111119430", "100111080", "104111380", "107121640", "101112690", "107118520", "107121230", "111120320", "111121220", "106113360", "104111531", "108118301", "105111990", "97116500", "106114880", "106116370", "105120280", "102109010", "109114220", "109117630", "107120010", "107113180", "97112170", "99107300", "98112580", "107119130", "112116880", "98121790", "113118490", "107116300", "113118630", "97109080", "102110500", "99111000", "98110680", "108120621", "113122230", "99112531", "113121810"], "labels": [0, 3, 1, 2, 1, 0, 0, 2, 3, 3, 3, 2, 1, 3, 0, 2, 2, 2, 0, 2, 1, 0, 2, 0, 0, 2, 1, 3, 1, 3, 0, 2, 0, 0, 1, 2, 3, 1, 0, 2, 2, 0, 1, 3, 0, 2, 0, 1, 1, 1, 1, 1, 3, 0, 3, 3, 3, 0, 3, 3, 2, 1, 3, 2, 1, 1, 2, 0, 2, 3, 0, 3, 3, 0, 1, 3, 1, 3, 3, 3, 1, 3, 0, 2, 2, 3, 2, 0, 1, 0, 0, 1, 3, 0, 3, 3, 1, 0, 0, 0, 3, 0, 2, 3, 0, 3, 1, 1, 2, 0, 1, 3, 0, 0, 1, 2, 2, 0, 2, 3, 1, 3, 0, 1, 3, 0, 3, 2, 1, 0, 2, 1, 0, 3, 2, 3, 2, 2, 1, 1, 3, 2], "predicted_labels": [3, 1, 1, 1, 1, 3, 1, 2, 0, 1, 3, 1, 3, 1, 3, 1, 3, 1, 1, 3, 3, 3, 0, 1, 1, 1, 3, 1, 3, 1, 3, 1, 1, 1, 0, 1, 3, 1, 0, 1, 1, 3, 3, 1, 3, 1, 3, 3, 1, 0, 1, 1, 3, 1, 1, 3, 3, 0, 3, 3, 3, 1, 1, 0, 1, 1, 1, 0, 3, 1, 3, 1, 3, 3, 1, 3, 1, 3, 0, 0, 1, 3, 1, 1, 3, 0, 1, 1, 3, 3, 1, 0, 3, 1, 1, 3, 3, 3, 1, 3, 3, 1, 1, 1, 3, 1, 3, 1, 1, 1, 3, 1, 1, 1, 1, 1, 0, 1, 0, 1, 1, 3, 3, 3, 1, 0, 3, 1, 1, 1, 1, 3, 1, 1, 1, 0, 1, 0, 3, 1, 1, 1], "confidence_scores": [[0.1836277425189192, 0.2761641505553271, 0.25462010489510495, 0.28558800203064916], [0.271631007881008, 0.3091683483183483, 0.15842642357642361, 0.2607742202242204], [0.2534163641913643, 0.29292354589854575, 0.19022825230325233, 0.2634318376068375], [0.2690103341103343, 0.2724313963813965, 0.20278094683094702, 0.25577732267732256], [0.21340415695415715, 0.29554696218813864, 0.21112639582639595, 0.27992248503130857], [0.2988398434898435, 0.23533198664081026, 0.14404769756387417, 0.32178047230547224], [0.18588570318570327, 0.32320896325896314, 0.18857326007326017, 0.30233207348207325], [0.22434562659562673, 0.23504732489732488, 0.2800127594627595, 0.26059428904428916], [0.33879563296180953, 0.26560577200577207, 0.16171744840127197, 0.2338811466311467], [0.22244567654567668, 0.2903209901209901, 0.2145595293595294, 0.2726738039738042], [0.2226213269186955, 0.27777489177489195, 0.1766693750693752, 0.32293440623703784], [0.20419508620034957, 0.34903239742713443, 0.16375995670995683, 0.28301255966255967], [0.2880225330225331, 0.22637084582084585, 0.17563699911199915, 0.30996962204462203], [0.23025663780663796, 0.31522796451914104, 0.18334983349983344, 0.2711655641743879], [0.2065170940170942, 0.29233297258297264, 0.17138069708069714, 0.3297692363192364], [0.18601772116772122, 0.39544417249417235, 0.16922885447885455, 0.24930925185925198], [0.22378605663342513, 0.287727294927295, 0.19423145188145194, 0.2942551965578279], [0.22680636030636042, 0.3509388389388389, 0.1761642024642025, 0.24609059829059834], [0.19307518315018327, 0.3270624800036564, 0.1979164502164504, 0.2819458866297104], [0.251262654012654, 0.29018411588411586, 0.147594721944722, 0.3109585081585082], [0.2630239926739929, 0.27818118548118553, 0.16741107781107786, 0.2913837440337441], [0.22502447552447563, 0.26131122766122794, 0.19744265734265734, 0.3162216394716396], [0.31732955655455675, 0.3153424072659366, 0.1251573790588497, 0.24217065712065727], [0.18949925074925084, 0.3260733988233988, 0.20756595071595083, 0.27686139971139984], [0.25774995559995556, 0.3142667587314646, 0.1409947392476805, 0.28698854642089944], [0.1766067987567989, 0.37624368409368397, 0.16160226440226455, 0.2855472527472527], [0.26034766344766336, 0.2779552586302587, 0.1793320485070485, 0.28236502941502956], [0.2467718281718284, 0.2875509537847774, 0.19814212535830186, 0.2675350926850927], [0.21043290043290067, 0.278143296409473, 0.16906056361938712, 0.3423632395382395], [0.18570415695415704, 0.3105615107115108, 0.20454047064047073, 0.29919386169386164], [0.20229781884781892, 0.2929843739593742, 0.19397763902763904, 0.31074016816516803], [0.17712265512265524, 0.3567962981462982, 0.16771938616938625, 0.2983616605616605], [0.2283889055389055, 0.3063670773670776, 0.17099821844821844, 0.29424579864579875], [0.27514498279498284, 0.3093823379235142, 0.12417034077034082, 0.2913023385111623], [0.2884205794205796, 0.2687012487512488, 0.1898929625929626, 0.2529852092352093], [0.306076148851149, 0.30997792762792753, 0.14893258963258968, 0.23501333388833384], [0.2025037518037519, 0.31077761127761133, 0.1670318903318905, 0.31968674658674673], [0.23492354312354313, 0.2595533577533578, 0.24923253588516758, 0.2562905632379318], [0.3217158508158507, 0.2716732081643848, 0.15706416361416367, 0.24954677740560102], [0.1694734485037555, 0.3157069410981177, 0.2211480809046027, 0.2936715294935245], [0.21771098199186453, 0.30716201576201585, 0.21654572518984294, 0.258581277056277], [0.22548707783444655, 0.2714456598956599, 0.2008669885669887, 0.3022002737029056], [0.25464426406926416, 0.2561331030081031, 0.1869771783771785, 0.3022454545454547], [0.2555313963813966, 0.29449189144189164, 0.18851837606837615, 0.2614583361083364], [0.28002653098535457, 0.2537011100011101, 0.15036846845964505, 0.3159038905538906], [0.21720768675768684, 0.33765041654252204, 0.18025162030951505, 0.26489027639027635], [0.2726763938675704, 0.22748423664398912, 0.19796474966382097, 0.30187461982461994], [0.248287137862138, 0.2622913142413143, 0.19274741092241113, 0.29667413697413714], [0.1783876345876346, 0.32125114607614635, 0.1873867243867244, 0.3129744949494952], [0.29811860916860916, 0.2705423853923855, 0.19463240093240097, 0.23670660450660458], [0.19029766899766903, 0.3039890331890331, 0.2103687368187369, 0.295344560994561], [0.249052484770132, 0.3234664779664779, 0.1359332611832612, 0.29154777608012905], [0.27611175964558315, 0.2826930272342038, 0.15694686979686986, 0.28424834332334353], [0.2068532134532136, 0.3360685259185261, 0.14072301587301594, 0.3163552447552448], [0.2899068744980511, 0.3175090754017225, 0.13790408284525932, 0.2546799672549674], [0.26818559773559786, 0.2721639840551604, 0.16840020535020545, 0.2912502128590366], [0.2504117235705472, 0.2894329004329006, 0.1692243478743479, 0.29093102812220467], [0.3348100566100565, 0.27858261183261185, 0.12034637029637033, 0.2662609612609613], [0.273420049231814, 0.2836933066933066, 0.13374242424242427, 0.309144219832455], [0.2093869436119438, 0.27124912032412035, 0.23521068931068942, 0.2841532467532468], [0.24251378621378633, 0.2568778638028639, 0.23111391108891127, 0.26949443889443897], [0.19863071095571092, 0.29632438117438126, 0.2176415861915863, 0.2874033216783217], [0.27659972045498377, 0.30770844915318624, 0.12662543567543574, 0.28906639471639467], [0.3816556565983035, 0.328268154068154, 0.1152756632256633, 0.1748005261078791], [0.23663018648018652, 0.29711910589410595, 0.18011908442434768, 0.2861316232013601], [0.21361043009278327, 0.3537221040397507, 0.17296037296037303, 0.259707092907093], [0.20209684759684762, 0.342697385947386, 0.18230790320790327, 0.27289786324786325], [0.28309515484515513, 0.2241641802641804, 0.2138430957930957, 0.2788975690975691], [0.24439553224553234, 0.24248870296370312, 0.22745330780330789, 0.28566245698745696], [0.24430025807525813, 0.2818794455544458, 0.21731041181041189, 0.2565098845598846], [0.2683368076368077, 0.2683716469804706, 0.17532300836418496, 0.2879685370185371], [0.20425934065934068, 0.3026704906204906, 0.19110327172827182, 0.30196689699189705], [0.2821590984179219, 0.2760087024087026, 0.153910598551775, 0.2879216006216007], [0.272025541125541, 0.2846626687038451, 0.14892185592185597, 0.2943899342487577], [0.23564491064491075, 0.3124884559884558, 0.14933277833277836, 0.30253385503385527], [0.24470330780330793, 0.2783786499448265, 0.15282974247974251, 0.32408829977212333], [0.2164566267066268, 0.3289063353313354, 0.19487702297702297, 0.259760014985015], [0.2837746697746698, 0.2502629592629592, 0.15666557331557335, 0.3092967976467979], [0.27120251774369425, 0.2559041347541349, 0.20695852121734487, 0.2659348262848263], [0.3325380813630814, 0.2258792318792319, 0.16033104673104684, 0.28125164002664], [0.22318760406260416, 0.28912673992673965, 0.21042198357198377, 0.27726367243867267], [0.2734257742257743, 0.2620635447885449, 0.16413254800754795, 0.3003781329781332], [0.23734856050382372, 0.3241403949851318, 0.18256259851259857, 0.2559484459984462], [0.21221615051615078, 0.3537944943944943, 0.1676865301365302, 0.26630282495282515], [0.2508048043459808, 0.2353951659451662, 0.21861594516594524, 0.2951840845429081], [0.30319492370374707, 0.2896693500943501, 0.16705988260105917, 0.24007584360084364], [0.2153734079645845, 0.340430375180375, 0.19394361390243753, 0.250252602952603], [0.2016518648018649, 0.333664577089577, 0.16091265401265414, 0.3037709040959038], [0.25662092352092364, 0.2875528579263874, 0.15310347462994522, 0.30272274392274384], [0.2332620001343686, 0.2589502497502499, 0.17728418248418243, 0.33050356763119915], [0.30271170496170496, 0.3163969363969366, 0.1520552503052503, 0.2288361083361084], [0.2964133311133313, 0.26414845432345446, 0.15846361693861696, 0.2809745976245977], [0.23120986513486536, 0.2782867715617718, 0.16962451714951726, 0.32087884615384604], [0.26557889414507063, 0.2825051262463026, 0.2072931568431568, 0.24462282276547004], [0.20495471195471207, 0.30825991753344695, 0.2063936455701161, 0.280391724941725], [0.26825827864945506, 0.2549124189535956, 0.19845460095460102, 0.2783747014423485], [0.23839500777000777, 0.28714053169053166, 0.17639936452436455, 0.2980650960150961], [0.22264258519258529, 0.30699010989011, 0.14517975635475644, 0.3251875485625486], [0.3040335442335443, 0.32053037518037525, 0.11340433455433459, 0.26203174603174595], [0.24575226717726736, 0.2731890256802022, 0.1778834138084138, 0.30317529333411686], [0.2693961520935204, 0.2821226856476857, 0.1454752015528332, 0.30300596070596086], [0.24384377639903956, 0.3180518743554347, 0.1754988713900478, 0.2626054778554779], [0.27505943223443236, 0.3404130924630926, 0.13872689810189806, 0.24580057720057735], [0.2226636623610309, 0.3009949772449774, 0.19231479076479088, 0.2840265696292012], [0.2283611444111446, 0.28626206571206575, 0.15344189699189706, 0.331934892884893], [0.2784222721722722, 0.3021308635808636, 0.15012864357864367, 0.2693182206682208], [0.23132901902019548, 0.2647380250468486, 0.19325357420357428, 0.31067938172938153], [0.23696969696969702, 0.3215706571206572, 0.1602153957153958, 0.28124425019425037], [0.25869253801753805, 0.31877611306821824, 0.16750200048489527, 0.2550293484293486], [0.21535078810078814, 0.30550131535131525, 0.19174135031635045, 0.2874065462315463], [0.21421644189144187, 0.2936758796758797, 0.17863880286380301, 0.31346887556887576], [0.2327063394122219, 0.3216704573204575, 0.14122646177352063, 0.3043967414938006], [0.26589992034109683, 0.294400914118561, 0.1646846300758066, 0.2750145354645356], [0.29947893217893234, 0.3261383616383615, 0.10851062826062827, 0.26587207792207795], [0.2861190476190477, 0.31931204351204356, 0.14375508380508387, 0.25081382506382516], [0.23380875235875245, 0.34838973444855786, 0.15700136334253995, 0.26080014985015], [0.2995842934842936, 0.2637464646464648, 0.16426891441891442, 0.2724003274503276], [0.2009285242535243, 0.31550739864710464, 0.21987030420559844, 0.263693772893773], [0.29195677378177387, 0.2509593545343547, 0.18205541958041963, 0.2750284521034521], [0.22577013819513816, 0.3070821085347402, 0.2009681974458291, 0.26617955582429265], [0.23313631368631374, 0.285583016983017, 0.20471734376734385, 0.2765633255633256], [0.21109503274503277, 0.29151474636474656, 0.20108841713841724, 0.2963018037518038], [0.2479278646190412, 0.25016181008533966, 0.2240433403198111, 0.2778669849758087], [0.18994645844351743, 0.2804447108447108, 0.22175673346261582, 0.307852097249156], [0.1836950022200023, 0.3423520895770895, 0.17060868020868034, 0.30334422799422806], [0.37051373071373067, 0.2578271192859429, 0.13548629148629154, 0.23617285851403505], [0.2679053613053614, 0.2799553807303807, 0.16572480574980586, 0.28641445221445233], [0.19222378177378188, 0.302246536796537, 0.20854331779331786, 0.2969863636363635], [0.2246029026529029, 0.33703167943167944, 0.1550675935175936, 0.28329782439782436], [0.19702276742864983, 0.3202670421082189, 0.2121894812703637, 0.2705207091927681], [0.25736232101232104, 0.32110319125319126, 0.15033198468198483, 0.2712025030525031], [0.2513566017316017, 0.2655909035409036, 0.17542414807414827, 0.30762834665334665], [0.21622765012765033, 0.3067477439227439, 0.18950889110889124, 0.28751571484071475], [0.1951012432012433, 0.334823149073149, 0.19953585303585317, 0.2705397546897547], [0.26906126096126115, 0.2914261183261184, 0.2047904040404042, 0.23472221667221652], [0.3610878066378068, 0.21271868131868135, 0.1598689033189033, 0.2663246087246087], [0.22571329781329788, 0.2860925380175379, 0.21573490398490405, 0.27245926018426037], [0.2968370851370852, 0.2933364413364416, 0.1662353812853813, 0.24359109224109227], [0.28218795093795124, 0.28224637029637023, 0.11715442335442337, 0.3184112554112554], [0.22781720632308874, 0.31119253524253543, 0.21802231036936934, 0.24296794806500702], [0.22820090465090487, 0.30137404817404806, 0.19322371517371514, 0.27720133200133207], [0.21246987587575836, 0.31401068653568653, 0.18635965913171793, 0.28715977845683743]]}, "rewritten": {"ids": ["97105760", "97106820", "97109080", "97112170", "97114170", "97116500", "98106111", "98107210", "98109311", "98110680", "98112170", "98112580", "98120010", "98121790", "99107300", "99108310", "99109860", "99110050", "99111000", "99111440", "99112300", "99112531", "99112641", "99116500", "100109980", "100110050", "100111080", "101109000", "101112540", "101112690", "101113210", "102107961", "102109010", "102109840", "102110240", "102110500", "102112170", "102112250", "102113981", "102121700", "103109021", "103111620", "103120340", "103120730", "104111380", "104111531", "104111711", "104111780", "104111990", "104114230", "104114740", "104118340", "105111990", "105112100", "105113170", "105113260", "105113330", "105113480", "105115570", "105119950", "105120280", "106111321", "106112770", "106113360", "106114280", "106114321", "106114880", "106116370", "106116441", "106118820", "106120290", "107113170", "107113180", "107113260", "107113550", "107114200", "107114321", "107114780", "107115140", "107116300", "107118520", "107119130", "107120010", "107121230", "107121640", "107121700", "108113480", "108114180", "108114220", "108114670", "108115070", "108118291", "108118301", "108119550", "108120621", "108120700", "109113281", "109113591", "109113881", "109114030", "109114220", "109115211", "109116810", "109117630", "109117730", "109118701", "109120150", "110114950", "110117110", "110120190", "110121450", "111116170", "111116640", "111119250", "111119430", "111120260", "111120320", "111121220", "112116880", "112117431", "112117790", "112119610", "112120290", "112120540", "112120990", "112121030", "113118421", "113118490", "113118630", "113120070", "113120601", "113120640", "113120751", "113120780", "113121680", "113121810", "113121980", "113122120", "113122160", "113122220", "113122230", "113122510"], "labels": [0, 1, 2, 0, 2, 2, 0, 1, 1, 2, 3, 2, 2, 2, 3, 2, 2, 3, 2, 3, 0, 3, 1, 2, 1, 3, 0, 1, 2, 1, 3, 3, 1, 2, 3, 3, 3, 0, 1, 1, 0, 0, 1, 1, 3, 0, 1, 3, 2, 2, 2, 2, 2, 1, 0, 3, 3, 0, 0, 3, 3, 0, 1, 0, 3, 2, 0, 2, 0, 3, 2, 0, 3, 0, 0, 2, 0, 2, 0, 0, 2, 1, 1, 0, 1, 3, 0, 1, 3, 3, 1, 3, 1, 1, 1, 2, 0, 3, 0, 1, 3, 0, 3, 0, 3, 3, 2, 0, 0, 3, 3, 0, 0, 1, 3, 3, 1, 3, 0, 0, 3, 0, 1, 3, 2, 0, 3, 1, 3, 2, 2, 0, 1, 0, 1, 2, 2, 1, 3, 1, 1, 2], "predicted_labels": [0, 1, 0, 0, 0, 0, 0, 1, 0, 0, 0, 1, 0, 0, 0, 1, 0, 0, 1, 1, 1, 0, 0, 0, 0, 0, 1, 0, 0, 0, 1, 0, 1, 0, 0, 0, 0, 0, 0, 3, 1, 1, 0, 0, 0, 0, 0, 0, 1, 0, 1, 1, 1, 0, 1, 0, 0, 0, 1, 0, 1, 1, 1, 0, 0, 0, 0, 0, 0, 0, 1, 0, 1, 1, 0, 1, 0, 3, 0, 0, 1, 1, 0, 1, 1, 1, 1, 1, 0, 1, 1, 0, 0, 1, 0, 0, 0, 1, 0, 0, 0, 0, 1, 1, 1, 0, 0, 1, 0, 0, 1, 0, 0, 0, 0, 0, 0, 0, 1, 1, 0, 1, 0, 0, 1, 0, 0, 0, 1, 1, 0, 0, 0, 1, 1, 0, 0, 1, 1, 0, 0, 1], "confidence_scores": [[0.3711049062049061, 0.2829169663669664, 0.132175135975136, 0.2138029914529915], [0.23107241451359095, 0.31843779162014446, 0.1658638750138751, 0.2846259188523896], [0.3449945241033475, 0.2810998001998001, 0.12153184674802324, 0.2523738289488292], [0.37743422133422133, 0.2427944111444113, 0.13929744422244422, 0.24047392329892342], [0.2995049506049507, 0.27018040848040853, 0.1716410922410923, 0.25867354867354897], [0.30229086469086475, 0.2653537962037963, 0.15839314574314586, 0.2739621933621934], [0.3019049922299921, 0.2773214174714176, 0.15515854978354984, 0.2656150405150407], [0.2907651440063205, 0.31008943997179295, 0.12848179598179602, 0.2706636200400907], [0.33294723054723047, 0.28121113886113874, 0.1359449994449994, 0.24989663114663127], [0.2992666794558098, 0.2803864663114664, 0.16660630323782502, 0.25374055099489895], [0.3766705294705295, 0.20256399678752635, 0.16173744066391132, 0.2590280330780332], [0.27074182484182485, 0.3319912282162283, 0.17275387945387954, 0.22451306748806749], [0.36113413449295784, 0.28646254660372295, 0.1372225108225109, 0.2151808080808082], [0.3254473970473968, 0.2990631998720234, 0.1527817218728983, 0.22270768120768125], [0.34362992758875116, 0.2770266769178535, 0.13392863802863814, 0.24541475746475752], [0.2883142357642359, 0.31374644522144535, 0.16388896936396935, 0.23405034965034968], [0.3058427203515439, 0.27915774976657337, 0.1644250063661829, 0.2505745235157001], [0.38886960261960246, 0.29223058608058616, 0.100503021978022, 0.21839678932178946], [0.31435074370074373, 0.3145028610278611, 0.14289565712065722, 0.22825073815073826], [0.2966211213622978, 0.29692460513342867, 0.17056565379065375, 0.2358886197136199], [0.27922169497169497, 0.30562650127650137, 0.16319173881673887, 0.25196006493506506], [0.38087474469974447, 0.31677881840381844, 0.11664770507270512, 0.18569873182373195], [0.31919241151005856, 0.31102869352869345, 0.16810624098124097, 0.20167265398000703], [0.2922596792096792, 0.2853102172337468, 0.1706659954424661, 0.25176410811410815], [0.301957609057609, 0.285745548895549, 0.14320404595404604, 0.2690927960927962], [0.3281568534406771, 0.29326323953823946, 0.1379541625041625, 0.24062574451692115], [0.2904561716061716, 0.32299869019869015, 0.15762887667887673, 0.22891626151626163], [0.2911268287268287, 0.2847350760350761, 0.16411635031635044, 0.2600217449217452], [0.36498701926728233, 0.26637934769908456, 0.1286216672216673, 0.24001196581196577], [0.30690694305694327, 0.284931868131868, 0.1637818292818294, 0.2443793595293597], [0.28681639553257193, 0.2951895021645022, 0.1893474212062448, 0.22864668109668107], [0.43785629925629904, 0.2624489232989233, 0.11175844710844711, 0.18793633033633048], [0.24616186787069133, 0.2906493728493728, 0.1952169941169943, 0.26797176516294174], [0.37980579975579964, 0.31889102564102567, 0.11066962481962486, 0.1906335497835499], [0.39883827283827267, 0.265092982017982, 0.10362442002442004, 0.23244432511932528], [0.3679104895104895, 0.21944350649350658, 0.15767965367965378, 0.2549663503163505], [0.27895871709989345, 0.26690172605172613, 0.1771034041122277, 0.2770361527361528], [0.35408181263181243, 0.2385401487401488, 0.1360105977355978, 0.27136744089244097], [0.3247209013209011, 0.2926638358373652, 0.1317341300856007, 0.2508811327561328], [0.2682132978132979, 0.2766325813075813, 0.1557076680629313, 0.29944645281618976], [0.25101629481629484, 0.3032128946217181, 0.1552539995951761, 0.29051681096681103], [0.24921222111222102, 0.3406773226773227, 0.16728542568542565, 0.24282503052503077], [0.30888247863247864, 0.27669789099789105, 0.16662253857253861, 0.24779709179709192], [0.34159905094905096, 0.3204049359137593, 0.1313752747252748, 0.20662073841191506], [0.3142910533910533, 0.30141010656010664, 0.15626408036408038, 0.2280347596847598], [0.30297201409701413, 0.27953639693639676, 0.15643375235875243, 0.2610578366078367], [0.29968437950937943, 0.2660963813963816, 0.1377291736041736, 0.29649006549006557], [0.3078322732822731, 0.2813732184482182, 0.12935747308247317, 0.28143703518703517], [0.22730201824319468, 0.2991567282390811, 0.1838612387612389, 0.2896800147564854], [0.32107516372516387, 0.29324923964923955, 0.15414566544566555, 0.2315299311799313], [0.2942343489843491, 0.3102688755688755, 0.14711006771006763, 0.2483867077367079], [0.27124127539127557, 0.3127455433455433, 0.14618365800865793, 0.2698295232545231], [0.28253512321012325, 0.32036181563534505, 0.16515124075271134, 0.23195182040182052], [0.299063616938617, 0.2712544955044955, 0.1832035686535687, 0.24647831890331903], [0.26601433566433574, 0.2985186452436453, 0.16636124781651104, 0.2691057712755082], [0.35172650796915506, 0.2794590687090687, 0.1266447394109159, 0.2421696839108605], [0.3286075396825393, 0.2890611249861251, 0.1354650960150961, 0.2468662393162393], [0.30920952380952393, 0.29574430210312563, 0.13514298479298484, 0.25990318929436584], [0.2820266539016539, 0.34064723054723056, 0.14089855699855705, 0.23642755855255873], [0.341068540609717, 0.2992872571872573, 0.15330670636552993, 0.20633749583749608], [0.2837283411033411, 0.31961958041958055, 0.15256665279165282, 0.24408542568542582], [0.2884055056055056, 0.3117295315795316, 0.12576137196137205, 0.2741035908535907], [0.2365347669238976, 0.2873640581640582, 0.20969806425458595, 0.26640311065745864], [0.37129942834942825, 0.27414758019758023, 0.1304900627150628, 0.22406292873792885], [0.28606301090214153, 0.27449512154512157, 0.18600526261178432, 0.253436604940953], [0.3193294871794873, 0.31115684870684873, 0.13103481795981803, 0.23847884615384624], [0.31965419302919296, 0.28525599955599956, 0.13551607559107565, 0.25957373182373217], [0.33309513819513825, 0.25896525141525156, 0.1573025974025974, 0.2506370129870131], [0.3865323815073814, 0.27954715007215003, 0.09874070651570653, 0.23517976190476203], [0.2824017649017651, 0.2618203407703409, 0.17549793539793548, 0.28027995892995905], [0.2506397491397493, 0.2841857142857143, 0.19520091020091032, 0.26997362637362643], [0.37296506826506826, 0.23728400684283063, 0.1341732525644291, 0.25557767232767237], [0.29139438616938634, 0.31604530747030724, 0.1389579365079365, 0.25360236985237], [0.31255618439531485, 0.31715394050394036, 0.13668567109219287, 0.2336042040085519], [0.3046122266622266, 0.27200930180930194, 0.14392687312687313, 0.2794515984015984], [0.2542381895881897, 0.3004183871683872, 0.1480710900210901, 0.2972723332223333], [0.3224423937173936, 0.30522234154734157, 0.12549765789765788, 0.24683760683760708], [0.27111731046731036, 0.2660517982017983, 0.1720704240204241, 0.2907604673104673], [0.3305891996891997, 0.29909152514152515, 0.12318663558663559, 0.24713263958263967], [0.2830685165076469, 0.28044446354299324, 0.16879125194924427, 0.26769576800011585], [0.278013295038295, 0.3114466153127917, 0.1531422077922078, 0.2573978818567055], [0.24049116634999007, 0.3270956737706738, 0.17051014818514834, 0.2619030116941882], [0.3455539662951428, 0.3026293650793653, 0.12535882646765004, 0.22645784215784218], [0.26244828308945967, 0.32415666000666016, 0.14159477744477753, 0.271800279459103], [0.29665028860028864, 0.3139154956154957, 0.13098492063492065, 0.25844929514929527], [0.24208191253191255, 0.3204515373515371, 0.16938512043512052, 0.26808142968142984], [0.23905353176235536, 0.3126405927405927, 0.20157088826206473, 0.24673498723498724], [0.273213247863248, 0.3188675435675436, 0.15099288489288495, 0.25692632367632395], [0.34678047508047505, 0.26395063825063836, 0.1546567432567434, 0.23461214341214354], [0.26743564213564214, 0.29872518674136334, 0.18345340492840506, 0.2503857661945898], [0.2531225183313419, 0.32008166833166835, 0.1551830003330003, 0.27161281300398965], [0.39243744588744595, 0.27709578558696213, 0.11111955266955269, 0.2193472158560395], [0.37452352255587534, 0.29285115113644516, 0.11505999164234458, 0.21756533466533473], [0.2624768703518704, 0.2833921134421136, 0.1887232545232545, 0.2654077616827618], [0.35567568542568523, 0.26750713730713743, 0.1449937617937619, 0.23182341547341542], [0.48683199969964663, 0.24364523254523257, 0.1016611111111112, 0.16786165664400957], [0.43972243867243865, 0.25346418581418595, 0.10941707736707741, 0.19739629814629817], [0.2926861285773052, 0.3387856346268111, 0.137798606948607, 0.23072962984727702], [0.32867153679653655, 0.2636918692418693, 0.15746250971250966, 0.2501740842490843], [0.37683571706071706, 0.25046282051282065, 0.15650271117771125, 0.2161987512487514], [0.3066997038908805, 0.25820048448283756, 0.15287611832611833, 0.28222369330016395], [0.33323232878232856, 0.26974657009657, 0.14620628538128536, 0.25081481573981584], [0.28513227328227325, 0.3242956959706962, 0.15510686535686535, 0.23546516539016546], [0.25161516816516816, 0.30876013153513143, 0.17471944444444454, 0.2649052558552559], [0.29370849509967156, 0.3179639510815981, 0.14157407951525602, 0.24675347430347463], [0.3508415084915085, 0.27230986235986243, 0.13798679653679652, 0.23886183261183278], [0.27951188239864716, 0.26714692529692546, 0.19816102231102234, 0.2551801699934053], [0.27498096511331815, 0.2833631257631259, 0.15931361220478868, 0.28234229691876733], [0.29382165570927204, 0.2812626083926392, 0.17050606223841525, 0.25440967365967354], [0.2971700410700412, 0.29365036075036066, 0.15338047858574183, 0.2557991195938567], [0.2605011766011769, 0.3299379398379398, 0.1462346542346543, 0.2633262293262295], [0.34361282524664866, 0.2726483932733932, 0.15874884364002015, 0.2249899378399379], [0.28313474662592314, 0.27198655070419775, 0.1898016852428618, 0.25507701742701755], [0.31213860224742584, 0.2670142357642357, 0.14187926877044527, 0.27896789321789334], [0.3082561219825925, 0.30095795870795883, 0.13667584360084367, 0.2541100757086051], [0.3096758111169876, 0.2611733025144791, 0.16655207847707848, 0.26259880789145507], [0.3096592352092353, 0.29021346431346423, 0.13459017094017095, 0.26553712953712966], [0.33090416250416244, 0.27814107559107554, 0.13020310245310251, 0.26075165945165957], [0.2414695304695305, 0.33840503385503373, 0.18070623265623273, 0.23941920301920305], [0.29721003441003435, 0.3016036186036187, 0.1525816017316018, 0.24860474525474532], [0.31763427128427135, 0.2789306859806858, 0.11840540745803918, 0.2850296352770038], [0.22543182373182374, 0.3233880710792475, 0.1639733266733267, 0.2872067785156021], [0.30414344821844835, 0.28473675491175504, 0.16818985458985464, 0.2429299422799424], [0.2978326257076258, 0.28355748695748695, 0.1601794344544345, 0.258430452880453], [0.263759317373448, 0.31477911255411267, 0.17728268518920698, 0.24417888488323286], [0.31611386113886114, 0.2500602924852927, 0.15050354645354647, 0.28332229992230007], [0.39752895437895425, 0.2258164446664448, 0.12715347152847156, 0.24950112942612965], [0.29036085581085586, 0.27815542790542785, 0.16874570429570437, 0.2627380119880123], [0.3032317998994472, 0.3081342546342544, 0.13409543234543236, 0.2545385131208662], [0.24860353535353547, 0.3324695526695525, 0.16323961038961038, 0.2556873015873016], [0.3607742257742257, 0.2994728354978355, 0.10906764069264079, 0.23068529803529814], [0.3415747113997115, 0.23077681207681214, 0.1585332528582529, 0.26911522366522383], [0.3527472233648702, 0.29905283605283617, 0.13544567099567095, 0.2127542695866227], [0.2719733469145234, 0.34675327058562344, 0.13589011544011548, 0.24538326705973776], [0.24406938616938628, 0.3005015234765234, 0.16472970917970917, 0.29069938117438116], [0.3095987845487844, 0.2944383394383392, 0.14124932844932853, 0.25471354756354786], [0.3080263347763346, 0.30713354978354984, 0.14729448051948058, 0.23754563492063507], [0.2962290875790875, 0.33250300810300804, 0.13880857198357205, 0.23245933233433247], [0.25487818292818304, 0.3378057165057164, 0.16294827949827956, 0.24436782106782123], [0.3213663142413143, 0.26054659784659795, 0.15306799589299597, 0.26501909201909196], [0.34048694083694064, 0.2660233155733157, 0.14723379675879678, 0.24625594683094693], [0.2384909570821336, 0.31426469723087375, 0.18363408258408268, 0.2636102631029103]]}}