{"test": {"ids": ["112116900", "111119340", "105115720", "113119480", "105116090", "111117120", "110118740", "112120990", "111116170", "113119120", "104119290", "107116300", "112117780", "98109090", "103113610", "108118630", "111119300", "110116441", "108117610", "113119700", "110116501", "113119300", "106114280", "103113260", "97118210", "113121810", "113121980", "104112201", "106116820", "98112300", "102110500", "100108080", "102108621", "110120700", "99107560", "98107410", "110117140", "107115140", "108118060", "106121220", "101112540", "104111531", "104113380", "99108710", "113121220", "112118581", "105117200", "112117571", "97116800", "112116401", "105111990", "106113260", "109120621", "113120540", "98108150", "113119930", "112119320", "109121640", "97106600", "111116411", "104116441", "108121410", "109115211", "108121351", "111117000", "105116860", "110113591", "106113170", "102110690", "109118161", "110120540", "109117080", "106116850", "108119510", "102116340", "105117431", "97105580", "104111380", "102110890", "113121410", "105113620", "113118511", "99108520", "113121750", "101110200", "110121500", "110120190", "109120540", "97109080", "101117580", "106118520", "113120830", "99109860", "102113350", "112118161", "105114220", "112120700", "101119030", "106120640", "101108290", "112116610", "106113360", "99113260", "108113700", "109118820", "109117630", "108115500", "111116040", "99109780", "109121410", "107113550", "97106970", "100108990", "112118550", "112116501", "97109570", "99112531", "110118181", "113119360", "112119610", "111121351", "110114950", "112117431", "102107961", "110118111", "105110091", "110118701", "97105760", "101111990", "105115570", "98108520", "105119950", "97105960", "106121190", "107114490", "111116640", "113120751", "112116800", "98113881", "105113440", "104111550", "107118820"], "labels": [3, 3, 1, 3, 1, 2, 3, 2, 0, 3, 1, 0, 0, 1, 2, 1, 1, 3, 3, 0, 3, 1, 3, 3, 2, 2, 2, 0, 1, 2, 3, 0, 3, 2, 1, 3, 3, 0, 1, 1, 2, 0, 1, 2, 3, 1, 3, 3, 0, 0, 2, 3, 1, 3, 0, 1, 1, 0, 3, 0, 1, 0, 0, 3, 0, 2, 0, 0, 0, 0, 1, 1, 3, 1, 3, 1, 1, 3, 0, 0, 0, 1, 2, 0, 2, 3, 3, 1, 2, 3, 2, 3, 2, 3, 0, 3, 2, 3, 3, 0, 1, 0, 0, 0, 3, 0, 3, 0, 2, 0, 0, 2, 2, 3, 3, 0, 3, 1, 0, 0, 0, 0, 0, 3, 1, 0, 3, 0, 2, 0, 2, 3, 2, 2, 3, 0, 1, 0, 3, 0, 1, 3], "predicted_labels": [3, 1, 2, 1, 3, 1, 0, 1, 0, 3, 1, 1, 3, 1, 2, 3, 1, 3, 3, 1, 0, 1, 1, 0, 3, 1, 1, 1, 1, 1, 0, 1, 1, 1, 1, 0, 0, 3, 1, 1, 1, 2, 2, 1, 3, 1, 1, 2, 1, 1, 3, 1, 3, 0, 1, 3, 3, 1, 3, 1, 1, 0, 3, 1, 3, 1, 3, 0, 1, 1, 0, 1, 0, 0, 0, 3, 1, 2, 0, 1, 3, 1, 3, 1, 1, 3, 3, 3, 1, 1, 3, 3, 1, 1, 2, 3, 3, 2, 1, 3, 3, 3, 1, 1, 2, 1, 1, 2, 1, 3, 1, 3, 1, 0, 1, 2, 0, 0, 3, 1, 0, 1, 0, 0, 2, 1, 0, 1, 1, 1, 3, 2, 1, 1, 3, 3, 3, 1, 0, 1, 1, 1], "confidence_scores": [[0.12240044296644757, 0.19612605078554082, 0.06378850509153713, 0.6176850011564745], [0.20428121292987764, 0.3997796566274576, 0.14724123892796742, 0.24869789151469737], [0.16206530298912664, 0.11363268053658881, 0.36736626102987413, 0.35693575544441036], [0.22789273112176, 0.36212854794799293, 0.19470545597102573, 0.21527326495922153], [0.25288904796106493, 0.26871177379857947, 0.12428701257987654, 0.354112165660479], [0.21143912826364597, 0.4285355557924757, 0.14098338691229823, 0.21904192903158007], [0.35830142202223225, 0.2779845859746852, 0.17170542101482308, 0.1920085709882596], [0.15247789039688642, 0.47334398405207423, 0.12366139437603661, 0.2505167311750028], [0.4555831465731058, 0.2432497969057769, 0.10409670774913912, 0.1970703487719783], [0.14732940685819873, 0.25751615205152, 0.11417673457725504, 0.4809777065130263], [0.23068007251870445, 0.4731471313711363, 0.11358010945054424, 0.18259268665961506], [0.1580686829765327, 0.4192194979740694, 0.22510016778453776, 0.1976116512648602], [0.21893795212370806, 0.23350588869774447, 0.13327707108472314, 0.4142790880938243], [0.28362492126455907, 0.30088796981279986, 0.2124746287695534, 0.20301248015308784], [0.14819216037881175, 0.29437118807157786, 0.30226407680644535, 0.25517257474316507], [0.2249727906228455, 0.2689482705394051, 0.1426349465922405, 0.363443992245509], [0.17084582060975584, 0.32722245481931544, 0.28270885404903695, 0.21922287052189163], [0.15409189037795976, 0.2676457463485058, 0.2058464646952286, 0.3724158985783058], [0.1894166485239023, 0.30566482492168917, 0.15914425014880818, 0.34577427640560027], [0.15365004106589697, 0.417784491236871, 0.19391021572929165, 0.2346552519679403], [0.344361964974029, 0.15213584692524695, 0.2927255026931082, 0.21077668540761588], [0.20954588762177578, 0.3677215441034728, 0.13245543915279376, 0.2902771291219577], [0.16755407838654177, 0.5364121329044517, 0.12112454735766882, 0.17490924135133765], [0.41550179158954353, 0.2510029853926879, 0.18614748421956157, 0.14734773879820723], [0.19920846316356963, 0.22115596010257801, 0.25816186794320756, 0.3214737087906447], [0.24108062093776195, 0.3257579548552516, 0.2655130289714521, 0.16764839523553404], [0.16332150870014836, 0.3649687753887833, 0.14135318154965437, 0.33035653436141427], [0.3434775892657287, 0.4320570349438736, 0.0905531516734386, 0.13391222411695902], [0.2803337775335151, 0.28910814724017625, 0.1428232346023157, 0.2877348406239928], [0.2557640455364893, 0.3611347897240159, 0.1257736090663475, 0.25732755567314736], [0.463804234332561, 0.1970738447518011, 0.11306587026510811, 0.22605605065052983], [0.12441449197508389, 0.47252802767721813, 0.20512507805442953, 0.19793240229326853], [0.25503178286820827, 0.3510959901390522, 0.13146351362909475, 0.2624087133636446], [0.16698789447242107, 0.3572295836218332, 0.2150649203765724, 0.2607176015291734], [0.27542211241979436, 0.3927752658211423, 0.09266207273624762, 0.23914054902281573], [0.5750642188994964, 0.1487945027612298, 0.09160259616481724, 0.1845386821744565], [0.5463864171499193, 0.16654113465240541, 0.0986662921192545, 0.18840615607842076], [0.21051384921451285, 0.19262806536412772, 0.16724427049065557, 0.42961381493070394], [0.1855158354756699, 0.367940854436155, 0.17497202067909162, 0.2715712894090835], [0.27812221676669135, 0.30343670570456777, 0.13863737162934472, 0.27980370589939624], [0.21089612211549016, 0.29863379536332796, 0.2235654549380572, 0.26690462758312467], [0.23249352454658367, 0.24221428932722372, 0.3344472628602441, 0.1908449232659488], [0.2248797442203797, 0.2116937397231135, 0.365095288499332, 0.19833122755717503], [0.130105939696856, 0.35623853884703055, 0.24560358304780722, 0.2680519384083062], [0.25687760646609514, 0.28261333824788093, 0.09273270598076824, 0.36777634930525566], [0.20082351970313111, 0.28672184716947624, 0.28068004027498694, 0.23177459285240581], [0.23183466852385634, 0.29089314760492746, 0.2615989348115623, 0.21567324905965374], [0.14939120317032495, 0.24562425967296914, 0.3267050176872415, 0.27827951946946455], [0.22204801060151544, 0.515518287366566, 0.07362707203508102, 0.1888066299968375], [0.24738931779664988, 0.31626863012702483, 0.13852632088654904, 0.2978157311897762], [0.214690331772017, 0.2561353986846103, 0.13883326444044966, 0.39034100510292297], [0.08929080504215313, 0.4691741705364191, 0.17112713979271577, 0.2704078846287121], [0.20614819358616066, 0.3213924550889243, 0.08385316182809482, 0.3886061894968204], [0.33992261883724306, 0.2708658048627988, 0.13858278561219578, 0.2506287906877623], [0.1926111440554129, 0.32616807217640026, 0.1597920532654038, 0.3214287305027829], [0.156512024691365, 0.30355482178057946, 0.05839086441578155, 0.481542289112274], [0.218680327361487, 0.2593138971633709, 0.1680040727592776, 0.3540017027158646], [0.20915119754568362, 0.31172815989714425, 0.2877491068277387, 0.19137153572943347], [0.2732774787234455, 0.2805827176555136, 0.14738169383151034, 0.2987581097895305], [0.24529625585268144, 0.356010508390237, 0.0966800888963016, 0.3020131468607801], [0.2107048336665104, 0.489497923923842, 0.13474867422300446, 0.16504856818664312], [0.4752591488114188, 0.2099996517058874, 0.09248473185859807, 0.2222564676240957], [0.2657101694481872, 0.19794611953438523, 0.24764335422421055, 0.288700356793217], [0.2782785193586507, 0.33206866115887546, 0.12104533781769666, 0.26860748166477744], [0.2552483194075062, 0.21283578410700077, 0.21651560741813677, 0.31540028906735623], [0.18568004785015066, 0.3276083909200165, 0.17291479368735718, 0.31379676754247576], [0.21545893499907784, 0.2211479829788107, 0.12025329098149297, 0.4431397910406184], [0.31791238441568226, 0.2472864879742962, 0.13386506568167264, 0.3009360619283491], [0.23603239207942078, 0.3505078338579291, 0.19189510436373433, 0.22156466969891575], [0.20637491000552458, 0.3863899165218689, 0.17812141530183212, 0.2291137581707744], [0.3878094202937267, 0.33591087004927933, 0.08186111739509734, 0.1944185922618965], [0.2024932901082063, 0.4298661729541655, 0.16272406480907, 0.204916472128558], [0.34443338361730896, 0.28995491671148765, 0.2024104346115058, 0.1632012650596975], [0.35731149346013624, 0.16012149838330417, 0.18098161387665151, 0.3015853942799083], [0.33452554290412123, 0.19906496908158905, 0.1986976162303109, 0.2677118717839788], [0.24487356741287855, 0.24977300041172282, 0.14070367587576393, 0.364649756299635], [0.26791599559624724, 0.3499661528317711, 0.15635545930925135, 0.22576239226273026], [0.1402452278738636, 0.17276738569727723, 0.4215710534207399, 0.2654163330081192], [0.3518843604114292, 0.2007410793583195, 0.20747428207756077, 0.23990027815269044], [0.16337885249122208, 0.46035477150866144, 0.156343662070156, 0.2199227139299605], [0.20790789217517902, 0.28245358190550357, 0.21330101012795025, 0.2963375157913671], [0.23820795909252537, 0.2987193403619232, 0.19389126305456908, 0.26918143749098233], [0.1958043003038901, 0.2894141768447231, 0.13186864373293353, 0.3829128791184532], [0.20830212338673487, 0.3785791828697185, 0.12749771037426114, 0.28562098336928554], [0.18033210407958677, 0.372381764350018, 0.13337526652670229, 0.31391086504369303], [0.2702564942814252, 0.23709312322277393, 0.20268147861208863, 0.2899689038837124], [0.2257427379887066, 0.24430360748187138, 0.20911426902701907, 0.3208393855024031], [0.05815804246190323, 0.1605792941889921, 0.19286327903618927, 0.5883993843129153], [0.14404461371354507, 0.2918767899727526, 0.2741571974515821, 0.28992139886212026], [0.25525921651099914, 0.30153226911982034, 0.16025442629851547, 0.282954088070665], [0.22833102883617395, 0.20201378967869757, 0.11740820499960869, 0.4522469764855199], [0.23962495345420942, 0.27288590611026164, 0.14173793991983133, 0.3457512005156976], [0.28837344136305026, 0.33916036969469265, 0.14676689911614035, 0.22569928982611676], [0.13251035603871172, 0.6108569112329765, 0.15207332541225652, 0.10455940731605544], [0.1924713221055632, 0.2734975125227008, 0.27467468587832217, 0.25935647949341384], [0.1822186241284175, 0.22114600241654622, 0.2905794988924009, 0.30605587456263533], [0.16699165342067926, 0.30627094845470615, 0.18254124192674645, 0.34419615619786814], [0.07240288220285722, 0.21065615766011347, 0.5188921948059958, 0.19804876533103355], [0.1702314369364642, 0.35169352629070066, 0.13709821770051253, 0.34097681907232275], [0.20170639059615872, 0.29806519256361574, 0.10131771817840361, 0.39891069866182194], [0.16174806675212688, 0.31721391524457915, 0.13939896031228982, 0.3816390576910042], [0.12282802058214866, 0.1423169734074209, 0.06092069884722655, 0.673934307163204], [0.15164809520016065, 0.3730603608588824, 0.182542991625654, 0.29274855231530295], [0.14908766019570424, 0.31394621836467396, 0.25596712117586523, 0.28099900026375657], [0.18062623334440914, 0.24241647401810237, 0.32275052150827394, 0.2542067711292146], [0.22157049064444995, 0.30158205830177187, 0.2225792902828261, 0.2542681607709521], [0.1417208902068767, 0.378770433370617, 0.2504160560021806, 0.22909262042032585], [0.2709789295924539, 0.22424522099719438, 0.2933506775028806, 0.21142517190747115], [0.1295225606498668, 0.4174870965886761, 0.3075927530737146, 0.14539758968774244], [0.10018333037766725, 0.1909963581237937, 0.17886756299401502, 0.529952748504524], [0.2489413789818604, 0.3589491209605882, 0.10775913540975816, 0.28435036464779345], [0.19858872634298919, 0.2858527205426341, 0.2240357851172908, 0.29152276799708593], [0.13661732779886893, 0.4372162741026278, 0.18290899742532438, 0.243257400673179], [0.38645290750394873, 0.3314732319083381, 0.08517910704039658, 0.19689475354731653], [0.20389199126038163, 0.3500041462332772, 0.1157864026435665, 0.33031745986277455], [0.1899207795915696, 0.23656307390119138, 0.3011325911587054, 0.2723835553485336], [0.2975274819634858, 0.19182488989081609, 0.23743458601260775, 0.2732130421330904], [0.35146440155911257, 0.2911804790726728, 0.11686512872266284, 0.2404899906455519], [0.13165342161074234, 0.3233378929166554, 0.19659275747254598, 0.3484159280000562], [0.09949772966850493, 0.4344694556322126, 0.3259349796280934, 0.14009783507118911], [0.5390869285599605, 0.180971845901031, 0.14018054526227336, 0.13976068027673524], [0.25114141397948775, 0.30446732790432585, 0.16568556104536894, 0.27870569707081755], [0.5423266746128246, 0.21322107521789102, 0.08172550200093318, 0.16272674816835125], [0.4616051788003119, 0.19268894535603692, 0.13031035644340522, 0.21539551940024598], [0.18176610604572668, 0.23785924929903843, 0.37777032831537727, 0.20260431633985776], [0.2161900014958316, 0.38262665380197064, 0.13402797597852206, 0.26715536872367573], [0.28119101871010255, 0.1905389056327701, 0.25721789346401575, 0.2710521821931116], [0.24984865750225682, 0.3443210810285609, 0.16763793469805371, 0.23819232677112848], [0.16653005584720498, 0.3524768132242615, 0.2773428874022089, 0.2036502435263247], [0.2417172149290966, 0.31445053274258367, 0.23622448223450712, 0.20760777009381265], [0.2803203677621321, 0.22787636539962638, 0.11077882712895924, 0.38102443970928235], [0.12436781561809038, 0.33408595805674773, 0.336993869933125, 0.20455235639203706], [0.3039368498709683, 0.3090459343864885, 0.1226312251483895, 0.264385990594154], [0.12389797673130062, 0.4993196371491379, 0.14680511336258545, 0.22997727275697613], [0.21718967716584292, 0.22819104710876364, 0.18871973052788257, 0.36589954519751094], [0.17520353350240128, 0.2628644393810161, 0.2262607792074612, 0.33567124790912123], [0.25623486932297884, 0.30779591065377776, 0.09435276682402813, 0.34161645319921524], [0.13767391891787784, 0.3629902495296544, 0.21800953879788645, 0.2813262927545813], [0.35465883893370004, 0.2675844247518314, 0.13478725077120407, 0.24296948554326445], [0.1601558784351457, 0.5099078363783835, 0.08954505899380091, 0.24039122619266998], [0.14485517289024646, 0.402213506057134, 0.12089943878922886, 0.3320318822633906], [0.2905579018661244, 0.37633747048606986, 0.10476747174108021, 0.22833715590672565]]}, "rewritten": {"ids": ["97105580", "97105760", "97105960", "97106600", "97106970", "97109080", "97109570", "97116800", "97118210", "98107410", "98108150", "98108520", "98109090", "98112300", "98113881", "99107560", "99108520", "99108710", "99109780", "99109860", "99112531", "99113260", "100108080", "100108990", "101108290", "101110200", "101111990", "101112540", "101117580", "101119030", "102107961", "102108621", "102110500", "102110690", "102110890", "102113350", "102116340", "103113260", "103113610", "104111380", "104111531", "104111550", "104112201", "104113380", "104116441", "104119290", "105110091", "105111990", "105113440", "105113620", "105114220", "105115570", "105115720", "105116090", "105116860", "105117200", "105117431", "105119950", "106113170", "106113260", "106113360", "106114280", "106116820", "106116850", "106118520", "106120640", "106121190", "106121220", "107113550", "107114490", "107115140", "107116300", "107118820", "108113700", "108115500", "108117610", "108118060", "108118630", "108119510", "108121351", "108121410", "109115211", "109117080", "109117630", "109118161", "109118820", "109120540", "109120621", "109121410", "109121640", "110113591", "110114950", "110116441", "110116501", "110117140", "110118111", "110118181", "110118701", "110118740", "110120190", "110120540", "110120700", "110121500", "111116040", "111116170", "111116411", "111116640", "111117000", "111117120", "111119300", "111119340", "111121351", "112116401", "112116501", "112116610", "112116800", "112116900", "112117431", "112117571", "112117780", "112118161", "112118550", "112118581", "112119320", "112119610", "112120700", "112120990", "113118511", "113119120", "113119300", "113119360", "113119480", "113119700", "113119930", "113120540", "113120751", "113120830", "113121220", "113121410", "113121750", "113121810", "113121980"], "labels": [1, 0, 2, 3, 2, 2, 0, 0, 2, 3, 0, 2, 1, 2, 3, 1, 2, 2, 2, 2, 3, 0, 0, 2, 0, 2, 2, 2, 3, 3, 3, 3, 3, 0, 0, 3, 3, 3, 2, 3, 0, 1, 0, 1, 1, 1, 0, 2, 0, 0, 3, 0, 1, 1, 2, 3, 1, 3, 0, 3, 0, 3, 1, 3, 2, 3, 2, 1, 0, 3, 0, 0, 3, 0, 3, 3, 1, 1, 1, 3, 0, 0, 1, 0, 0, 3, 1, 1, 0, 0, 0, 0, 3, 3, 3, 1, 1, 3, 3, 3, 1, 2, 3, 0, 0, 0, 0, 0, 2, 1, 3, 0, 0, 3, 1, 0, 3, 0, 3, 0, 0, 3, 1, 1, 0, 2, 2, 1, 3, 1, 0, 3, 0, 1, 3, 1, 3, 3, 0, 0, 2, 2], "predicted_labels": [1, 3, 0, 1, 1, 1, 1, 1, 3, 3, 1, 1, 1, 3, 2, 1, 3, 1, 1, 1, 1, 1, 1, 1, 1, 1, 1, 1, 1, 1, 3, 0, 3, 3, 1, 0, 1, 3, 1, 2, 2, 1, 1, 1, 1, 1, 1, 1, 1, 1, 1, 2, 1, 3, 1, 2, 3, 1, 0, 1, 3, 1, 0, 1, 1, 1, 1, 1, 2, 1, 3, 2, 1, 3, 1, 1, 1, 1, 0, 1, 0, 2, 0, 1, 1, 3, 1, 3, 1, 1, 1, 1, 1, 1, 1, 1, 1, 1, 1, 2, 1, 2, 1, 3, 1, 3, 3, 1, 3, 2, 1, 0, 0, 1, 1, 1, 3, 1, 1, 1, 3, 1, 1, 1, 1, 1, 1, 1, 1, 1, 1, 1, 1, 1, 1, 1, 1, 1, 1, 1, 1, 1], "confidence_scores": [[0.20369905895654777, 0.28605295001649056, 0.27025044265822074, 0.23999754836874096], [0.27246063346661464, 0.2943853794129576, 0.12196879749748861, 0.31118518962293923], [0.408802260275049, 0.23254586716132378, 0.0986953785678381, 0.259956493995789], [0.2345571945022344, 0.3179115546983313, 0.1760733588087588, 0.27145789199067544], [0.1488456188762705, 0.36481752795997885, 0.2405117892022833, 0.24582506396146767], [0.16865058660532103, 0.41003828194192493, 0.19465283844697567, 0.2266582930057784], [0.1899341209716605, 0.30624066973435055, 0.20064855697185016, 0.3031766523221387], [0.22538499361900424, 0.43316202204689114, 0.11902512025566853, 0.22242786407843604], [0.19606386699832495, 0.24739826763063605, 0.12207001006545201, 0.434467855305587], [0.14032800851538443, 0.33606341749641644, 0.10349031406528848, 0.4201182599229107], [0.15741181448011618, 0.388794477582088, 0.20380721090764886, 0.24998649703014716], [0.17383514403531464, 0.3066593974689189, 0.29548720942384155, 0.2240182490719249], [0.22279579995194507, 0.4152159453971229, 0.1558090473545184, 0.20617920729641354], [0.18337829391112387, 0.33334434772548016, 0.139073363476889, 0.34420399488650694], [0.18481948523470879, 0.2313671426666184, 0.33432498629730584, 0.24948838580136706], [0.09321916074998127, 0.6382269299806055, 0.11529360916716358, 0.15326030010224972], [0.13630997475284484, 0.22185297728720293, 0.1264861766537838, 0.5153508713061685], [0.22047769302003362, 0.3081729488614083, 0.17568860426528593, 0.2956607538532723], [0.23175605929023468, 0.3230258299760954, 0.23409338507758926, 0.21112472565608084], [0.12558375156140042, 0.4657547267000069, 0.16120377489094448, 0.247457746847648], [0.22121994254325303, 0.4066855221808478, 0.1544276318438845, 0.21766690343201472], [0.1388703083232839, 0.34162649565290193, 0.2627834597758484, 0.2567197362479658], [0.10532863572745255, 0.5494923697400478, 0.16664387695243357, 0.1785351175800661], [0.13325892509349294, 0.42154123528716364, 0.2261107308264814, 0.21908910879286203], [0.19387241949881515, 0.429386985171003, 0.12240273629215537, 0.2543378590380266], [0.12845450274004366, 0.40842439060009034, 0.12720071027834165, 0.3359203963815244], [0.14509999726767825, 0.3622478834162291, 0.1629899609853148, 0.329662158330778], [0.1424730814220196, 0.39938782449395144, 0.17682064847506263, 0.2813184456089663], [0.250737941351339, 0.3026778094519683, 0.24155468477539163, 0.20502956442130116], [0.13722732566881424, 0.45198203015839244, 0.1408259709335666, 0.2699646732392268], [0.18070083648728913, 0.2893739401725004, 0.15706371293262672, 0.3728615104075838], [0.3315498015028567, 0.3084297529606679, 0.11581174089203781, 0.2442087046444378], [0.238360594145908, 0.16770455853809274, 0.15118363058573805, 0.4427512167302612], [0.20639537466956825, 0.3156717654040143, 0.14081782924546926, 0.3371150306809482], [0.190391226577891, 0.3522575661337317, 0.12636569724074725, 0.33098551004763016], [0.44742052500888707, 0.1907277958146439, 0.1377124200622818, 0.22413925911418728], [0.1991248419911934, 0.38730954082881613, 0.12268244315913839, 0.29088317402085206], [0.20102477383486309, 0.2861117611912865, 0.2233612118983493, 0.28950225307550115], [0.1788561265042175, 0.35034590832605106, 0.17929026597794362, 0.2915076991917878], [0.16287522654079334, 0.1908477079554701, 0.4290321304793991, 0.21724493502433745], [0.21589396819683992, 0.24680032281347114, 0.29101600390215826, 0.24628970508753062], [0.10283191238456889, 0.507934182687013, 0.18318470346001345, 0.20604920146840464], [0.1334618146543858, 0.46285920312014867, 0.20175044460464253, 0.2019285376208229], [0.14711605824361937, 0.34499819425336875, 0.3281208775663997, 0.17976486993661234], [0.15719122466805743, 0.34544174722024834, 0.23106932035805794, 0.2662977077536363], [0.1721839979486428, 0.4503217033301973, 0.13100332571862017, 0.24649097300253983], [0.25804037530038615, 0.3619531404675741, 0.14084939428313367, 0.23915708994890614], [0.28090469488650827, 0.33218277646402106, 0.08108804826057657, 0.3058244803888941], [0.1336911524083576, 0.4764030061617681, 0.22030991378398904, 0.16959592764588527], [0.12473007751551907, 0.42985041558288306, 0.29711554927789, 0.1483039576237078], [0.1655121250359434, 0.35662740003613136, 0.16067644846590448, 0.3171840264620209], [0.07005142114520485, 0.3622885126923355, 0.4488646916402548, 0.1187953745222048], [0.19255297940151805, 0.3743951280097855, 0.12989841675377026, 0.30315347583492636], [0.17665413663847188, 0.29783051660341814, 0.14402982771444717, 0.3814855190436629], [0.1492717197581557, 0.4514397765153361, 0.14326517230745203, 0.2560233314190565], [0.12504560349461605, 0.19088132698937263, 0.5457521698103133, 0.13832089970569808], [0.17028815867057134, 0.26172857120976156, 0.21172786769693958, 0.3562554024227275], [0.1449610682328381, 0.3698098891180423, 0.28722059556455054, 0.1980084470845692], [0.34310317933698603, 0.2137794586652749, 0.17225030453897924, 0.27086705745876005], [0.1334023837903977, 0.3665655388628812, 0.17457388106384888, 0.3254581962828723], [0.2326797611277454, 0.3078524405737875, 0.13786094971801996, 0.3216068485804472], [0.21371699312691858, 0.3686822679276939, 0.1466198659776955, 0.27098087296769213], [0.36231504494855604, 0.2545974906695916, 0.13104049038229845, 0.2520469739995539], [0.08679316322555247, 0.43831129107768524, 0.2928730918361209, 0.18202245386064128], [0.13233248515332527, 0.38617034345647083, 0.21870517766516834, 0.26279199372503553], [0.15707388363976502, 0.43686462828125755, 0.1801459624831113, 0.2259155255958662], [0.1344597286449452, 0.5355295708805572, 0.12643412408296073, 0.2035765763915369], [0.07272083231644157, 0.4872634415729287, 0.09819262781267601, 0.34182309829795365], [0.13275045023644333, 0.2502721583183577, 0.38952889358909637, 0.22744849785610258], [0.20842458395037752, 0.45535913778128767, 0.1467632843384536, 0.1894529939298813], [0.24467292914964642, 0.25268760030343856, 0.2081560098820349, 0.2944834606648801], [0.11074457862534685, 0.2028773835427244, 0.5636342369752932, 0.12274380085663551], [0.1911444486607403, 0.41927954230662035, 0.17189748020420556, 0.2176785288284337], [0.15030762777263681, 0.35154027912836516, 0.13223759466910032, 0.3659144984298976], [0.16859808755402889, 0.4869646306884519, 0.17599701281597374, 0.16844026894154565], [0.28834933799004014, 0.4237471719261212, 0.0809923149069794, 0.2069111751768594], [0.14138089362290496, 0.4928733071345805, 0.17663370967983213, 0.18911208956268244], [0.20229557437479126, 0.4640741488150723, 0.12490611796290876, 0.20872415884722761], [0.4002700739559089, 0.26870716302424535, 0.14341633370180965, 0.1876064293180359], [0.2368102892850811, 0.3135985556559025, 0.1588804651026195, 0.29071068995639676], [0.3849467862249557, 0.2704627642895428, 0.15317576226960997, 0.19141468721589147], [0.15159114582718541, 0.3116043428972301, 0.3346572155407004, 0.20214729573488427], [0.2932212656624353, 0.2742476796929264, 0.2470528778328419, 0.18547817681179637], [0.18212727781832286, 0.37373782659651766, 0.1991503043063133, 0.24498459127884617], [0.287943231593821, 0.41064418283184506, 0.11465898651091093, 0.18675359906342312], [0.17233856862612684, 0.2533255801926912, 0.16136738933888592, 0.41296846184229613], [0.2845087204898145, 0.288558043909315, 0.24604494119993206, 0.18088829440093868], [0.18482656659641677, 0.2796596552407622, 0.24984389749354952, 0.2856698806692716], [0.15149146426252869, 0.42252799875233193, 0.22107518184769628, 0.20490535513744315], [0.2544749036277171, 0.3243477189380801, 0.16085338692983273, 0.26032399050437005], [0.20261890801807725, 0.3024265545754337, 0.20250672636560893, 0.29244781104088013], [0.23026813090304288, 0.32847280343816787, 0.18735851029668163, 0.2539005553621078], [0.08490622969024202, 0.6373612514224704, 0.18909527234564202, 0.08863724654164566], [0.2727782396414891, 0.2994066710747285, 0.1395836304450125, 0.2882314588387698], [0.13836029112754344, 0.55959025886886, 0.10281122300101667, 0.19923822700257993], [0.18461173438803238, 0.4786515781001014, 0.09828053545087224, 0.23845615206099408], [0.10338874748778175, 0.5321785692006501, 0.07130210798485195, 0.2931305753267161], [0.16441853597845876, 0.3907861953463593, 0.19180811941286863, 0.25298714926231336], [0.21323732494807807, 0.41086377825554654, 0.14200177793124036, 0.2338971188651351], [0.18794338472326388, 0.2977473756032648, 0.3040057255513113, 0.21030351412216003], [0.14665915317529207, 0.41091311991354723, 0.17261505667491886, 0.2698126702362417], [0.16012415360971646, 0.19545334972917844, 0.4584800622335247, 0.18594243442758032], [0.20265838912789513, 0.3465065108371131, 0.1797538701099054, 0.27108122992508615], [0.12753080160346103, 0.15267914532640853, 0.33317156877629556, 0.3866184842938349], [0.3107517980574953, 0.3776538588579126, 0.09093304072510529, 0.22066130235948675], [0.22868635549243194, 0.2789547063444304, 0.1123068075706014, 0.38005213059253634], [0.12824602231846804, 0.32248856957974353, 0.1662048499698121, 0.3830605581319763], [0.12997528113993326, 0.3762373042616998, 0.22365923471321378, 0.2701281798851531], [0.18585426629648572, 0.245839596625874, 0.159911668878714, 0.4083944681989263], [0.13365189612077738, 0.25929201295018095, 0.35018400339467237, 0.25687208753436946], [0.07657112817971373, 0.6867674224216956, 0.0795856929963461, 0.15707575640224455], [0.40117709758761966, 0.27324454987310376, 0.13052545445466976, 0.19505289808460705], [0.3114794991450163, 0.2473118995091895, 0.1852294425257559, 0.2559791588200385], [0.1966542566571793, 0.41935779453730426, 0.16229475473971952, 0.22169319406579704], [0.13375944226092573, 0.3886340006975897, 0.15020069307891804, 0.32740586396256655], [0.1371548245198127, 0.5571276003600708, 0.12069913603395079, 0.1850184390861657], [0.11207174087815874, 0.22667738856727307, 0.13878221457999387, 0.5224686559745745], [0.15827249539585006, 0.32403720233447775, 0.1949272617498228, 0.32276304051984944], [0.1370000015378218, 0.4201150150934772, 0.2193220608047263, 0.22356292256397475], [0.25545326821133507, 0.363285863317828, 0.16813558913755255, 0.21312527933328462], [0.15526671809865789, 0.18808703482500966, 0.11982458311432351, 0.5368216639620089], [0.1999678243788023, 0.48115818303086927, 0.14548882787602072, 0.1733851647143076], [0.25727618088942117, 0.36573486187003756, 0.10678315841481711, 0.2702057988257242], [0.13187136440408104, 0.41798201269821056, 0.25842528632113665, 0.19172133657657198], [0.11885865041656328, 0.4201016616918641, 0.168344510132546, 0.29269517775902676], [0.14713337903450993, 0.45155055902355273, 0.15729034435098377, 0.24402571759095343], [0.21812868989056367, 0.40467338108213596, 0.1215036283504651, 0.2556943006768354], [0.15531258854124672, 0.38750543747564375, 0.24718875563375223, 0.2099932183493572], [0.18001635403254937, 0.3665963190743515, 0.1359242079182474, 0.31746311897485197], [0.1331853607890733, 0.5207366420788929, 0.10556531281568043, 0.24051268431635336], [0.16466756834786075, 0.4868806389526094, 0.11631385905710637, 0.23213793364242363], [0.14174145016402875, 0.47941265479310124, 0.22091081558940967, 0.1579350794534605], [0.11063328865111838, 0.486175126836986, 0.19959019581557896, 0.20360138869631672], [0.1932064242233002, 0.36480160875961204, 0.09671069091634994, 0.3452812761007379], [0.14276666807010766, 0.3502985876486303, 0.24750481355259055, 0.2594299307286715], [0.16157770464431745, 0.40366506249705025, 0.10602034166533332, 0.3287368911932991], [0.18329752891280934, 0.37534342451883324, 0.1706659665738495, 0.270693079994508], [0.12079870445758133, 0.44993013680033794, 0.08395783515855534, 0.3453133235835253], [0.16793822343816114, 0.3663392427609936, 0.14471128698162522, 0.32101124681921994], [0.166646569618846, 0.5641951009789976, 0.11200181154038835, 0.15715651786176818], [0.15668414805910816, 0.5624469080431828, 0.08850228312123276, 0.19236666077647624], [0.15845004495297516, 0.49618828425897404, 0.1118120169289184, 0.2335496538591324]]}}