{"test": {"ids": ["105120280", "113122160", "97116500", "100109330", "105113210", "110121170", "113120640", "107114490", "112118620", "103118110", "110120540", "110114610", "113122650", "111115780", "113117401", "110114561", "108115880", "106115240", "108115570", "101108621", "113120591", "106113830", "98119591", "108114200", "109114720", "100109000", "97116800", "102109840", "107114950", "113122510", "103113640", "103113270", "109120540", "112120630", "104111830", "110115980", "111120591", "104113550", "105117200", "110115120", "103113610", "113122120", "101112201", "108120260", "102107961", "111118810", "111114941", "108117360", "110115580", "107113550", "107117630", "98110810", "102112170", "109120150", "111119150", "113119950", "97106600", "112117790", "103111620", "99109161", "113119120", "111117000", "100109801", "107113360", "112121010", "110118810", "104117630", "113120531", "111120260", "112119930", "104114230", "109113881", "99111000", "100108080", "104111550", "111114321", "102121700", "108114220", "111119300", "107121640", "108120621", "112119450", "105112130", "111121410", "105119950", "99108710", "109114651", "102109010", "98109311", "110115140", "113120830", "110113591", "113118690", "99108460", "106111321", "113118620", "98107210", "113120540", "111116100", "112121360", "113121810", "102112030", "111114121", "113120070", "109118701", "104114410", "104113000", "108114670", "112117431", "105116980", "107114780", "108113740", "110116441", "112116990", "112117030", "107113260", "105114220", "109119591", "113120280", "111120320", "103117461", "109115380", "111120220", "110117140", "108115250", "101108580", "113119360", "106116441", "106115250", "109116170", "110118740", "111115770", "107113130", "111118301", "102113981", "112116810", "112119500", "102116340", "98110710", "111116040", "99111930", "107113200"], "labels": [3, 3, 2, 0, 3, 2, 0, 3, 3, 2, 1, 1, 2, 1, 3, 0, 3, 1, 3, 0, 0, 1, 1, 0, 0, 1, 0, 2, 3, 2, 1, 2, 1, 3, 3, 1, 1, 1, 3, 0, 2, 1, 0, 1, 3, 0, 0, 1, 1, 0, 0, 1, 3, 2, 3, 0, 3, 3, 0, 3, 3, 0, 0, 0, 2, 1, 0, 0, 3, 1, 2, 0, 2, 0, 1, 1, 1, 3, 1, 1, 1, 3, 1, 0, 3, 2, 3, 1, 1, 0, 3, 0, 3, 0, 0, 3, 1, 3, 3, 3, 2, 2, 0, 2, 3, 1, 1, 3, 0, 0, 2, 3, 3, 0, 2, 0, 3, 0, 0, 1, 0, 3, 3, 3, 1, 0, 0, 0, 2, 0, 3, 3, 1, 3, 1, 3, 2, 3, 2, 0, 1, 0], "predicted_labels": [3, 1, 0, 0, 3, 1, 1, 3, 0, 2, 1, 2, 3, 1, 0, 1, 1, 0, 2, 3, 3, 0, 0, 0, 2, 0, 0, 2, 3, 0, 0, 2, 3, 1, 1, 3, 1, 2, 1, 3, 1, 1, 2, 3, 1, 1, 1, 1, 3, 0, 2, 1, 2, 2, 1, 3, 2, 0, 0, 0, 3, 3, 3, 1, 0, 1, 0, 3, 0, 2, 2, 1, 2, 1, 2, 1, 0, 1, 3, 2, 1, 0, 1, 1, 1, 1, 1, 1, 3, 3, 2, 3, 1, 3, 1, 1, 2, 0, 3, 0, 2, 1, 1, 2, 3, 3, 3, 1, 3, 3, 0, 0, 0, 0, 1, 1, 1, 1, 0, 1, 1, 2, 0, 0, 0, 2, 3, 0, 1, 1, 2, 0, 2, 1, 1, 1, 1, 3, 3, 0, 1, 0], "confidence_scores": [[1.9201936507293285e-05, 3.2179001861435956e-06, 0.21910326692866025, 0.7808743132346463], [0.002761084963337111, 0.9343567100992276, 0.057046789443387015, 0.005835415494048268], [0.8251684619345374, 0.05609054460214572, 0.03895164822190857, 0.07978934524140827], [0.9983547923789405, 4.3510125182497704e-05, 3.1586647527449904e-06, 0.0015985388311241275], [1.2511756918784076e-05, 0.000520128637849049, 1.9132450512198484e-08, 0.9994673404727817], [8.807157648995514e-05, 0.6396146621404768, 0.005788560941084866, 0.3545087053419484], [2.264930016523895e-05, 0.9318466578245505, 0.0002478225675116379, 0.06788287030777253], [0.3091068955703628, 0.07929620609702474, 0.11560946195699576, 0.49598743637561676], [0.9166067708990024, 0.0823343004600055, 0.0005413792566869072, 0.0005175493843051786], [0.0035121286191177516, 0.425628471797796, 0.5038173493965077, 0.06704205018657848], [0.002232964963711998, 0.995481395436158, 0.0004242399820397941, 0.0018613996180902724], [0.0006225887936118412, 0.0629237797681563, 0.9364522653448115, 1.3660934204000293e-06], [0.0008921972449939041, 0.08749454927247376, 0.0005594980559009918, 0.9110537554266314], [0.4153181160051508, 0.5783486151470285, 7.79269252397959e-05, 0.0062553419225808635], [0.9741799848589815, 0.0002152314774336063, 0.025567042728665154, 3.774093491984974e-05], [2.5776108604514188e-05, 0.9993709761638048, 1.4619638811509198e-06, 0.0006017857637094739], [2.5420245487791793e-08, 0.9996623232850019, 0.00032236896573125073, 1.5282329021206368e-05], [0.9987774015313332, 0.0011435185039401954, 2.5419630653115923e-05, 5.366033407348988e-05], [0.0013425221237045029, 0.032181772742205406, 0.965613209956523, 0.0008624951775669443], [6.071776683672645e-06, 0.11753519178637252, 2.3793184937860545e-06, 0.88245635711845], [0.13357974297438027, 0.08950766716362485, 2.6040086275158756e-07, 0.7769123294611322], [0.9574636614802111, 0.01203728257574738, 0.0005896534565542607, 0.029909402487487174], [0.7308913167184179, 0.042826117027146934, 0.1530904124830204, 0.07319215377141478], [0.9999783645576041, 2.027575936388237e-05, 6.466017104282015e-07, 7.130813215764039e-07], [0.01706858776065069, 4.8633757559549786e-05, 0.7075828314776564, 0.2752999470041333], [0.9557837160581666, 8.790566993475485e-06, 0.0432149047943818, 0.0009925885804581678], [0.9992060889212949, 0.0005382693714464626, 0.00023973058757322267, 1.5911119685545675e-05], [0.004705898902221315, 0.020827704474088733, 0.9744660122260131, 3.84397676879314e-07], [1.9343164540063087e-05, 0.0014744539383497216, 0.00041327429026812815, 0.9980929286068421], [0.9928046343732867, 0.007083822355750839, 9.336451483363144e-05, 1.817875612896913e-05], [0.6717992881280147, 0.17220881148301, 0.149125619429836, 0.006866280959139347], [0.0009594975245065656, 0.00012626248123586087, 0.9339497420445678, 0.06496449794968964], [0.000783617074101264, 0.05450385609820977, 0.051404899251405144, 0.8933076275762839], [2.391734162905402e-06, 0.999899411176187, 8.272299269153486e-05, 1.5474096958501416e-05], [0.1151331301548924, 0.7491248840793504, 0.012870283244226899, 0.12287170252153029], [0.00032256024676997197, 5.4882319135551355e-06, 1.336930453894275e-05, 0.9996585822167776], [0.0001501857324263846, 0.8652206267401109, 6.99901185210957e-08, 0.13462911753734416], [0.0202204326978083, 0.0026864237027124068, 0.9770798754888469, 1.326811063231564e-05], [0.011255026884435325, 0.9884483752244196, 1.8698619985014082e-06, 0.00029472802914658127], [0.19092938809968835, 0.0047286712039149555, 0.20482807364892852, 0.5995138670474682], [0.3594646190727857, 0.6295608556874098, 0.0055496092776469216, 0.005424915962157568], [0.2805204082372253, 0.7168862990459898, 0.0025049379114489476, 8.835480533595828e-05], [0.00046152460100009246, 0.049584323046392285, 0.9401112536431112, 0.009842898709496605], [0.03592683331060902, 6.987524694642544e-05, 0.012948681721795016, 0.9510546097206496], [2.4592299608449996e-05, 0.9999308536731448, 4.2798305532081405e-05, 1.7557217145618753e-06], [0.011755485106700088, 0.9879002954769093, 1.5719144019047683e-08, 0.00034420369724666395], [0.16067814994948237, 0.5874600670536979, 8.9301977863075e-06, 0.2518528527990334], [1.0571363326017957e-05, 0.7241867482611193, 0.01634467498550798, 0.25945800539004665], [0.025107222073533643, 0.00029930540257362806, 0.40567221195241654, 0.5689212605714761], [0.5203354298627222, 0.01043512826648584, 0.4061881831182214, 0.06304125875257058], [2.411807046123764e-05, 0.02039765019748277, 0.9791652265440349, 0.00041300518802105606], [0.0001519727171629313, 0.9273229842245639, 0.07252417130086786, 8.717574052048303e-07], [0.022544083773630066, 0.005155888685614494, 0.971920566181646, 0.0003794613591095329], [0.0011926803875876141, 0.047064324959654846, 0.9517215346844391, 2.1459968318468546e-05], [0.06269205526571969, 0.5040317306753679, 3.900791639662051e-06, 0.4332723132672727], [0.1843587852457148, 0.16661244320042687, 4.1621392161800985e-05, 0.6489871501616966], [0.001924401846494269, 0.03743817268029776, 0.959953359241486, 0.0006840662317221584], [0.9845259944937843, 0.005226222313271453, 0.0015024887212030926, 0.008745294471741188], [0.9685777345015171, 0.002075440536527999, 0.02925289387375125, 9.393108820366283e-05], [0.9818314803071726, 8.970023740243088e-07, 0.018167620552280567, 2.138172992765656e-09], [0.24299307162171163, 0.002962976126048867, 0.02892591626680534, 0.7251180359854342], [0.12272419883364394, 3.89035722597804e-05, 0.00015488252560475355, 0.8770820150684915], [2.473727634690497e-07, 0.0023720158848034674, 2.4787490830556007e-07, 0.9976274888675247], [0.13183213836914587, 0.46988710139974726, 0.22207808201787646, 0.17620267821323046], [0.5348089600932696, 0.4583825396215913, 0.0011591347661134641, 0.005649365519025607], [0.15024259206049242, 0.6962444380743712, 0.15338076303184686, 0.00013220683328956246], [0.9997916886563877, 2.942588450354133e-07, 0.0002077940841452347, 2.2300062197948953e-07], [0.012674659198416588, 0.004549374330320867, 0.00015694933858952974, 0.9826190171326731], [0.9288764374537354, 0.000536884727484017, 4.883506523728966e-07, 0.07058618946812825], [0.00017032512574645807, 0.0009490509021150886, 0.9981157146082227, 0.0007649093639157892], [0.00012768694835210367, 0.014528806049394188, 0.9847477787775331, 0.0005957282247206385], [0.14703370303340244, 0.6196414762555796, 0.2181836158595292, 0.01514120485148875], [3.6771451939905764e-07, 0.0008039081262736724, 0.9925992137770854, 0.006596510382121515], [3.9890816434631455e-05, 0.9999578371616713, 1.750262196202849e-06, 5.217596980501639e-07], [0.08932841205149959, 0.05630692171736395, 0.8090100170342046, 0.04535464919693171], [0.00696306836431482, 0.8617921747137531, 0.1312442182954822, 5.38626449827275e-07], [0.6276993249310185, 0.37225867364063364, 4.166795392676589e-05, 3.3347442108273514e-07], [9.353766831823019e-07, 0.9972013565733057, 0.0027977069477116627, 1.1022994409393827e-09], [2.8612979389728293e-05, 3.7863313759218725e-07, 4.0805757966488105e-06, 0.999966927811676], [0.007022122389316109, 4.213831704173614e-05, 0.9774715968788015, 0.015464142414840575], [0.002964103607421589, 0.9969437174097106, 8.628665908858126e-05, 5.892323779122596e-06], [0.6233447955398164, 0.00601551219477907, 7.546423030220566e-06, 0.37063214584237436], [0.000371347364129767, 0.9848893439109121, 0.0004945252434216852, 0.014244783481536204], [0.31072521455294677, 0.687521495976607, 0.0006408584753566907, 0.0011124309950894097], [0.033340682282908554, 0.9597515484120468, 0.0062473645312627855, 0.0006604047737819003], [0.0019850892595293557, 0.9786707299759491, 0.0012859102915818686, 0.018058270472939505], [0.40473715421240836, 0.5752751047055178, 0.0010350671405341403, 0.018952673941539745], [0.04362903069185854, 0.8256088616192387, 0.13001522736387658, 0.0007468803250259669], [0.00017108396181962418, 0.004049317041382861, 0.002236351835149955, 0.9935432471616477], [6.957114664537775e-06, 1.768078011116094e-05, 0.0017886195936279898, 0.9981867425115963], [0.04708182871324681, 0.013421064991120635, 0.8536560121268413, 0.08584109416879124], [0.0017517438598169065, 0.17610823227690492, 5.503000476900438e-10, 0.8221400233129782], [1.7762986468296914e-07, 0.9999997695377312, 9.802206037928655e-09, 4.303019786232225e-08], [3.2637569648633986e-06, 0.0011683627033636159, 1.043886523535792e-09, 0.998828372495785], [0.0073104860145605756, 0.9880212043671173, 0.002502968811890594, 0.002165340806431392], [4.728168045394435e-05, 0.9999527176902654, 3.2643171786090684e-10, 3.028490590278719e-10], [8.435846886700477e-05, 0.2088411182510441, 0.7910285250750074, 4.599820508145177e-05], [0.9990386835917338, 2.1354864668980312e-05, 2.263704257422982e-08, 0.0009399389065549422], [0.10557941437048796, 0.00016795386551884129, 0.0006547114765622537, 0.893597920287431], [0.9805639329479848, 0.0193821427894889, 3.5167122408394204e-07, 5.3572591302232026e-05], [6.35312400413323e-05, 0.09432031441116683, 0.9056131624121614, 2.991936630494618e-06], [0.010553415054631806, 0.9880576181394195, 4.4001978795765726e-05, 0.0013449648271531714], [8.46547640293054e-09, 0.9999072712646976, 6.492304873282932e-06, 8.622796495263413e-05], [9.641232385247001e-06, 0.000669010663947976, 0.9993013322454093, 2.0015858257411508e-05], [8.071356714724213e-07, 2.9663112491482044e-06, 2.0203842950453053e-06, 0.9999942061687843], [0.005999751794721174, 4.9990806900742404e-05, 0.01877753473948022, 0.9751727226588979], [0.008209693822922776, 7.914608582966337e-10, 0.0004953736210070563, 0.9912949317646093], [0.0006199847641024353, 0.9993760478245628, 3.936645657452206e-06, 3.0765677213645326e-08], [0.11935011176904754, 0.07002091013668398, 0.006629335528171974, 0.8039996425660965], [0.03828853028005272, 0.04154451934272558, 0.008758732112261665, 0.9114082182649601], [0.9303746130992925, 0.06778118709251137, 0.0003601590178732963, 0.0014840407903227858], [0.9909567565032242, 0.0030220496933183044, 0.005313312868867325, 0.0007078809345901758], [0.6185895539316886, 0.03196313260564729, 0.3294289804677831, 0.020018332994881222], [0.8408655088075911, 7.394921455185205e-05, 0.1272372362160673, 0.03182330576178964], [0.002128304859859062, 0.7431064005337343, 0.0029300950678348672, 0.2518351995385718], [0.00011616984078120649, 0.711811181203555, 0.07398924794205733, 0.2140834010136064], [0.17468441481725835, 0.8087384842995707, 2.475691892101495e-05, 0.01655234396424989], [0.0020406239668728423, 0.9915484658788651, 0.0026607837945289876, 0.00375012635973317], [0.859750196861748, 0.003335801638144406, 0.0003519734872511343, 0.1365620280128565], [0.0004071793897981407, 0.9995762899748019, 1.2978534439783639e-05, 3.5521009600768817e-06], [0.02455891657095968, 0.47236075881247047, 0.15678380149228707, 0.34629652312428283], [0.13709719456449587, 0.18648053527840228, 0.4423154787141017, 0.23410679144300017], [0.6415693869818221, 0.3584290412026362, 6.208594416243804e-07, 9.509560999958794e-07], [0.9937038058709826, 0.0027677111246842494, 0.0003886736895421729, 0.0031398093147909684], [0.9278247312720996, 9.549702337292025e-07, 0.07216016685044552, 1.414690722113896e-05], [0.206974906715214, 4.921214526376664e-07, 0.7930208913198074, 3.7098435258632852e-06], [0.15049471300389497, 0.024941631089304157, 5.229624101826271e-05, 0.8245113596657826], [0.9993286283057176, 0.0003525973601565989, 2.1781466023068997e-06, 0.0003165961875235586], [9.903381808418301e-06, 0.9931347047927896, 0.00479342872882063, 0.0020619630965813137], [0.00036972455647469904, 0.9787015276861873, 2.0285315868347617e-06, 0.020926719225751185], [0.010209275859754958, 2.9585432247814126e-07, 0.9886282998944, 0.0011621283915224212], [0.7015169586351984, 7.238930101754508e-05, 0.000399224689899871, 0.2980114273738843], [5.8319454499853574e-05, 1.66403482431149e-05, 0.9999222871484423, 2.7530488147959115e-06], [0.035176198746574266, 0.7995210587303941, 0.0005729000392246858, 0.16472984248380712], [0.00024411855411270972, 0.9976732409164205, 0.0013976662165087726, 0.0006849743129581692], [2.812413635193896e-05, 0.9999461748937098, 2.1537783993658727e-05, 4.1631859444594926e-06], [5.7435965550145865e-08, 0.998546717346837, 0.0014477472662113152, 5.477950986109569e-06], [3.0227974592756914e-05, 0.12558175693594234, 0.018590157614103868, 0.8557978574753611], [0.2435838444732342, 0.3198935909608559, 0.0014594423797478482, 0.4350631221861621], [0.5836705328463999, 0.35541615069723786, 0.052533818077688865, 0.008379498378673248], [1.332934788359118e-06, 0.9998511458079399, 3.399519621944788e-05, 0.00011352606105223325], [0.514769219662181, 5.6171648815185046e-08, 0.007971389021076582, 0.4772593351450935]]}, "rewritten": {"ids": ["97106600", "97116500", "97116800", "98107210", "98109311", "98110710", "98110810", "98119591", "99108460", "99108710", "99109161", "99111000", "99111930", "100108080", "100109000", "100109330", "100109801", "101108580", "101108621", "101112201", "102107961", "102109010", "102109840", "102112030", "102112170", "102113981", "102116340", "102121700", "103111620", "103113270", "103113610", "103113640", "103117461", "103118110", "104111550", "104111830", "104113000", "104113550", "104114230", "104114410", "104117630", "105112130", "105113210", "105114220", "105116980", "105117200", "105119950", "105120280", "106111321", "106113830", "106115240", "106115250", "106116441", "107113130", "107113200", "107113260", "107113360", "107113550", "107114490", "107114780", "107114950", "107117630", "107121640", "108113740", "108114200", "108114220", "108114670", "108115250", "108115570", "108115880", "108117360", "108120260", "108120621", "109113881", "109114651", "109114720", "109115380", "109116170", "109118701", "109119591", "109120150", "109120540", "110113591", "110114561", "110114610", "110115120", "110115140", "110115580", "110115980", "110116441", "110117140", "110118740", "110118810", "110120540", "110121170", "111114121", "111114321", "111114941", "111115770", "111115780", "111116040", "111116100", "111117000", "111118301", "111118810", "111119150", "111119300", "111120220", "111120260", "111120320", "111120591", "111121410", "112116810", "112116990", "112117030", "112117431", "112117790", "112118620", "112119450", "112119500", "112119930", "112120630", "112121010", "112121360", "113117401", "113118620", "113118690", "113119120", "113119360", "113119950", "113120070", "113120280", "113120531", "113120540", "113120591", "113120640", "113120830", "113121810", "113122120", "113122160", "113122510", "113122650"], "labels": [3, 2, 0, 1, 1, 2, 1, 1, 0, 2, 3, 2, 1, 0, 1, 0, 0, 0, 0, 0, 3, 1, 2, 2, 3, 1, 3, 1, 0, 2, 2, 1, 0, 2, 1, 3, 1, 1, 2, 1, 0, 1, 3, 3, 0, 3, 3, 3, 0, 1, 1, 2, 0, 1, 0, 0, 0, 0, 3, 2, 3, 0, 1, 3, 0, 3, 3, 1, 3, 3, 1, 1, 1, 0, 3, 0, 3, 0, 3, 0, 2, 1, 0, 0, 1, 0, 0, 1, 1, 3, 3, 3, 1, 1, 2, 0, 1, 0, 3, 1, 0, 3, 0, 3, 0, 3, 1, 3, 3, 1, 1, 0, 3, 0, 2, 0, 3, 3, 3, 2, 1, 3, 2, 3, 3, 3, 3, 3, 0, 0, 2, 0, 0, 3, 0, 0, 3, 2, 1, 3, 2, 2], "predicted_labels": [2, 0, 2, 2, 3, 1, 1, 0, 3, 1, 0, 2, 1, 1, 2, 0, 3, 2, 3, 1, 1, 1, 2, 1, 2, 1, 1, 1, 0, 2, 2, 0, 3, 1, 2, 0, 0, 2, 2, 3, 0, 1, 1, 3, 0, 0, 0, 3, 0, 0, 0, 1, 0, 2, 0, 1, 1, 2, 1, 0, 1, 2, 2, 0, 0, 1, 1, 2, 2, 1, 3, 3, 0, 0, 1, 2, 2, 1, 3, 0, 2, 1, 3, 1, 2, 2, 3, 2, 3, 0, 0, 2, 0, 0, 2, 1, 2, 0, 0, 1, 0, 3, 3, 3, 1, 1, 3, 0, 0, 0, 1, 0, 1, 0, 2, 0, 0, 0, 3, 2, 2, 1, 0, 0, 0, 1, 1, 2, 0, 3, 2, 0, 0, 0, 0, 1, 0, 2, 0, 0, 0, 3], "confidence_scores": [[0.43708587736155063, 0.03738113495402977, 0.525467788937407, 6.519874701262734e-05], [0.9982843916784808, 0.00033553938323154203, 0.001379457189499194, 6.117487884370069e-07], [0.27360415393723775, 0.0025710277543445027, 0.7231371469370976, 0.0006876713713201936], [1.2459969929991792e-06, 0.1330826599594268, 0.8666660679832023, 0.00025002606037773437], [0.005081407700192942, 0.0010560828974374283, 2.106228145616624e-05, 0.9938414471209134], [0.3970308380041682, 0.5971922095059169, 8.150542659182626e-05, 0.005695447063323155], [5.6562203115930425e-05, 0.9994547801621435, 0.0004871079936011076, 1.549641139507288e-06], [0.9882924210672877, 0.002099812820202943, 0.005233407580737858, 0.004374358531771395], [1.9667097469252396e-06, 0.00046507069628112986, 1.0076363163520998e-10, 0.9995329624932083], [4.109756193983861e-07, 0.9999695296533314, 5.902889886792424e-06, 2.4156481162172474e-05], [0.98790975395953, 0.00054800059487341, 0.011542240538895736, 4.906700846340717e-09], [3.009108299690588e-07, 7.334007697844863e-05, 0.9997823603643298, 0.00014399864786172797], [2.990146491743496e-07, 0.9999927260491208, 1.993172049156691e-06, 4.981764180879123e-06], [0.0036520943164683388, 0.9961912765881691, 0.00015475685933727322, 1.8722360254531486e-06], [0.04487143458063896, 0.0017432768369026706, 0.95314457789558, 0.00024071068687835375], [0.9997339047180149, 4.1873103618726357e-07, 2.3835219960203397e-06, 0.00026329302895276163], [5.2084505343202876e-05, 0.00013543613287440436, 1.9618288465174103e-08, 0.999812459743494], [0.3333724687639326, 2.134792623765219e-06, 0.6666240888317999, 1.3076116436409974e-06], [4.118727959216387e-05, 0.16110068219805912, 6.867726518812332e-07, 0.8388574437496968], [0.00499861025422813, 0.7867003686397036, 0.20806803342056113, 0.00023298768550722066], [0.023983415496941933, 0.975723541089183, 0.0002854995698090804, 7.543844065923025e-06], [0.014060155622285114, 0.9736840460903304, 0.012249475812427616, 6.322474956739558e-06], [0.04763075955812237, 0.012701728786074607, 0.9396671636879893, 3.4796781370149693e-07], [0.05081512773569823, 0.9489666445550716, 0.00020535028636411193, 1.2877422866000576e-05], [0.010003557816352126, 3.643268480760907e-05, 0.9874389080800532, 0.0025211014187870406], [6.19626154025511e-06, 0.9979869299617298, 0.001998129713730988, 8.744062999050292e-06], [0.0028886144797571037, 0.7486606355750846, 0.0023448658463446617, 0.2461058840988135], [0.36117048881814684, 0.6388211933536873, 8.311790129523204e-06, 6.038036195526627e-09], [0.9803556432153198, 0.0003443744750511151, 0.01629260276386002, 0.0030073795457692325], [0.0006845487958361702, 1.0721930566539459e-05, 0.9987981838413578, 0.0005065454322394301], [0.07739097273191171, 0.14798458251253627, 0.5882597095757415, 0.18636473517981042], [0.9976960623924778, 0.0022815148791357747, 1.3402066870200273e-05, 9.020661516253068e-06], [0.3935517522697735, 0.00024073847067491712, 0.0008314794594060412, 0.6053760298001455], [0.0006144444972394342, 0.9835119180949808, 0.005801489255861194, 0.010072148151918614], [0.22048114968335614, 0.03429284608909004, 0.7434224802277251, 0.0018035239998287955], [0.9994831580300881, 0.000210496682035775, 0.00023029097253569607, 7.605431534040474e-05], [0.9263826409912816, 4.214265579897165e-10, 0.006021083421269915, 0.06759627516602182], [0.025955291119663684, 0.0015643754571084134, 0.9724796992944649, 6.341287628765347e-07], [0.0002702547297102722, 7.395299167042392e-05, 0.8952145246951991, 0.10444126758342014], [0.041718106792846064, 7.966437162368462e-06, 0.015693712351477384, 0.9425802144185141], [0.9694664939696561, 0.00029743361604868634, 0.030235254209815213, 8.182044800243301e-07], [0.07022408214308724, 0.8262144541568192, 0.09266856756605706, 0.010892896134036512], [0.014486607723212102, 0.5584988543934781, 3.939736388839424e-06, 0.42701059814692105], [0.42708414492111574, 0.05241999590740609, 0.0005685774249399268, 0.5199272817465381], [0.7984223781362683, 0.19666272871929139, 0.0003710621663325948, 0.004543830978107824], [0.9921236065142301, 0.007025625606628818, 0.0006815565689735337, 0.00016921131016758644], [0.9951356171048854, 0.002338739757058477, 0.002452583659529414, 7.305947852656598e-05], [0.0002983778900194706, 1.114566736159022e-06, 0.005818678971032738, 0.9938818285722115], [0.9830389607793983, 0.015834070150675797, 0.0007675794186054249, 0.0003593896513204216], [0.9358756161058039, 0.05554462685588795, 0.007818997210063017, 0.000760759828245069], [0.9999484331732427, 2.7559889095215556e-05, 1.4676989149927136e-05, 9.329948512275232e-06], [5.193528819551351e-05, 0.6986783349816253, 0.30125320983797266, 1.6519892206548732e-05], [0.9999788604561649, 1.121063779827486e-05, 9.826122974275544e-06, 1.0278306257630276e-07], [2.3070618678383268e-05, 2.8922094706596056e-06, 0.9999698632972102, 4.1738746409667105e-06], [0.8262170663065168, 7.816404147242477e-05, 0.16180113840172225, 0.011903631250288486], [0.003487916995739486, 0.9594906520796271, 0.02451040571795597, 0.012511025206677526], [1.1417002053324898e-05, 0.9529001638289861, 0.04626022533537169, 0.0008281938335887414], [0.4114379378727273, 0.024123281934584614, 0.5613343200189115, 0.003104460173776666], [0.05334809275616699, 0.7778650145278025, 0.08397271590655075, 0.08481417680947964], [0.5994286911534897, 0.3371619798560289, 0.0019004006489211443, 0.061508928341560326], [2.201567920162918e-05, 0.8622291892443743, 0.0011582277232459269, 0.13659056735317798], [2.0077848284700487e-05, 0.003843397410991789, 0.9959297404621908, 0.00020678427853269236], [0.0020028837799274534, 0.13079273715393208, 0.8665102137575355, 0.0006941653086048824], [0.9997844397809852, 3.3457925554410793e-06, 0.0001587359404741456, 5.347848598534624e-05], [0.9999785518357538, 2.12988865215935e-05, 1.344002294381946e-07, 1.4877495065965527e-08], [2.3860181342554165e-05, 0.9971185067924271, 0.002857632100231866, 9.25998552647193e-10], [4.6671242681848236e-06, 0.9999937409950955, 1.59187942384189e-06, 1.2125987228473079e-12], [0.19191820713693153, 1.1906963639750899e-06, 0.8080648295293067, 1.5772637397707197e-05], [0.0871154077370189, 0.01825758771095063, 0.8624103436794887, 0.03221666087254184], [7.233506824415144e-07, 0.9931800493277111, 0.006356548466178329, 0.00046267885542827564], [1.704204870077858e-05, 0.006188764038302305, 0.29336996142808935, 0.7004242324849076], [0.058037696695613004, 0.005815499397780221, 0.0012075271717592402, 0.9349392767348476], [0.7790297427209172, 0.2163358998531082, 0.0022903411244467107, 0.002344016301528027], [0.824976673917561, 0.0033395129020726607, 0.00942709257233041, 0.16225672060803592], [0.28991409045829314, 0.7091740405861231, 5.113611508637768e-07, 0.0009113575944328854], [0.1861342823522922, 0.0006834067708297228, 0.8036274870460817, 0.009554823830796413], [0.0017846612303521903, 9.05820951273082e-05, 0.9980604551595794, 6.43015149410821e-05], [0.0014166049267073427, 0.9955846680356188, 5.009465686644704e-07, 0.0029982260911050693], [4.052823636941993e-09, 1.899046358446358e-11, 9.150871652128637e-08, 0.9999999044194694], [0.37371768808655687, 0.33209566783123134, 0.018025379345484257, 0.27616126473672764], [0.055861141209869035, 0.00025670718697154166, 0.9437322790853108, 0.0001498725178485542], [0.2782482572827124, 0.702929522848042, 0.015659649725648657, 0.0031625701435969026], [0.005991820703831602, 0.1483069517616264, 3.250870371657681e-10, 0.8457012272094551], [0.4666716247879456, 0.5058095377698304, 1.8242690890685617e-05, 0.02750059475133331], [0.0004472485318347285, 0.00796811447322787, 0.9915682876163014, 1.634937863606335e-05], [0.0025342169203830477, 0.0021748683649426984, 0.9872167801474453, 0.008074134567229158], [0.0003731685139808589, 0.00011185562391360191, 0.07821263338914419, 0.9213023424729613], [0.025840320930535707, 0.0011256370958411732, 0.8552141601079947, 0.11781988186562849], [0.0005232734283193982, 6.443052721617387e-07, 0.00014477883456524252, 0.9993313034318432], [0.9828981971518929, 8.130263939543755e-07, 0.01291574675886818, 0.004185243062845045], [0.9266760134684918, 0.003926236931233951, 0.0012008242818967515, 0.06819692531837762], [0.4648973142242735, 7.039950007799339e-07, 0.5350866244354988, 1.5357345226936114e-05], [0.9587210162466908, 0.008304216854106056, 0.029390078152299607, 0.003584688746903498], [0.5766361160223712, 0.30694882991474753, 0.10916281980385693, 0.007252234259024381], [6.943121124244604e-06, 0.00011503295768151567, 0.999853802659241, 2.422126195331472e-05], [3.2890931774869996e-09, 0.9999999905798339, 5.018289439969005e-09, 1.1127833055099998e-09], [0.012936045491997625, 0.022139066581847645, 0.9649215815682136, 3.306357941129032e-06], [0.8320749252961968, 0.009695444315789422, 8.12344734442082e-05, 0.15814839591456967], [0.8708817537337809, 1.419651157894305e-07, 0.02245646918140324, 0.10666163511970017], [0.3242625843662048, 0.6742154416205531, 1.5129971995822485e-05, 0.0015068440412462731], [0.9368748565931, 0.05699591724800476, 0.006066951176481513, 6.227498241377184e-05], [0.2982736975985992, 0.00505284150481862, 0.010889086118729237, 0.6857843747778529], [0.12180327725072988, 0.0014606545362328166, 0.0012624766676470416, 0.8754735915453902], [0.026698840340447918, 0.24175739669713794, 4.45914739226005e-05, 0.7314991714884915], [0.005400344887767859, 0.9945996190287995, 4.098773506631795e-09, 3.198465918525687e-08], [0.0018483000900760954, 0.995248601337233, 5.4947396280920524e-06, 0.002897603833062772], [8.595070316465231e-05, 1.0783601363383572e-07, 2.429616870197587e-05, 0.9998896452921198], [0.8353233033892002, 0.16462323981198895, 5.1452956325131845e-05, 2.0038424856792082e-06], [0.9942216499167688, 0.002126498919429239, 1.3978049901196427e-07, 0.003651711383302882], [0.5942145064034309, 0.26578185801279536, 0.13999094312189111, 1.2692461882572111e-05], [0.0006292029098825653, 0.8942432413912712, 1.5816331389135522e-09, 0.10512755411721302], [0.8686453137946386, 0.05813539988890072, 0.07321899200529841, 2.9431116238880837e-07], [0.00015093961028585936, 0.9982773780354723, 0.0015599721883734843, 1.17101658682453e-05], [0.9940013018741338, 6.973068397255937e-05, 0.005817359022345291, 0.00011160841954832706], [0.004267473244405757, 0.003257753106917311, 0.9591072589955595, 0.033367514653117304], [0.9805553661300658, 0.00040689352168772765, 4.3729977718342934e-05, 0.01899401037052803], [0.97003346546944, 0.009316606220468333, 0.020636080622752337, 1.3847687339333119e-05], [0.998215283415379, 0.0013425903092998729, 0.0004219503229116028, 2.0175952409512325e-05], [0.30638130841561584, 4.10842304725143e-05, 3.0290755409129157e-06, 0.6935745782783707], [0.0006303318280121233, 0.07070190839063635, 0.9286665388142888, 1.2209670626899954e-06], [1.5858130170800757e-05, 0.0878802642554017, 0.9116496322797449, 0.00045424533468255005], [8.834534557176705e-05, 0.9989161423630843, 0.0009848825107956378, 1.0629780548054786e-05], [0.809234467715448, 0.1645555155974547, 0.025897292081603768, 0.00031272460549353184], [0.8949166106089398, 0.09676637930938953, 2.4377274153988367e-07, 0.008316766308929035], [0.8893730900288068, 0.00012380825282778474, 0.11048750919147261, 1.559252689283568e-05], [0.003558348925628891, 0.996441621901587, 4.707353818555621e-09, 2.4465430312842744e-08], [3.992904348000954e-06, 0.9999953793655082, 4.891376046329507e-07, 1.3859253923869576e-07], [0.13698224317324897, 0.001640459930268647, 0.6409306726214655, 0.22044662427501677], [0.6923141334802448, 0.2938542228517354, 0.005552789992134413, 0.008278853675885395], [0.009578547498845407, 0.002057654695437897, 6.064595780077158e-08, 0.9883637371597589], [5.990360811103699e-06, 3.8063935002459303e-06, 0.9999901888728678, 1.4372820635804513e-08], [0.9925374255632856, 0.00424001498255387, 0.0006131640264266404, 0.0026093954277338445], [0.5575285250005779, 0.014656483884728538, 0.00027569743140528794, 0.4275392936832882], [0.9948779679791173, 0.004804287298310416, 1.876909740374251e-08, 0.00031772595347482474], [0.46112181533817276, 0.40847634196699834, 4.787942854063963e-09, 0.130401837906886], [6.693518454091596e-08, 0.9999982467446155, 7.34371627563626e-07, 9.519485723376197e-07], [0.512267624744881, 0.12562533866455697, 0.3447448327984722, 0.01736220379208976], [0.000707579644836521, 0.03295580312741855, 0.9663354531474796, 1.1640802653768294e-06], [0.9549729708846092, 0.022393312437694456, 0.021564118630173965, 0.001069598047522341], [0.3944577516320723, 0.26590543804234096, 0.3389179253038637, 0.0007188850217228408], [0.9596657399182529, 0.0007025848625284869, 0.039602467707192446, 2.9207512026312527e-05], [0.0074164013684334005, 0.027865273114459157, 0.01769466806372059, 0.9470236574533869]]}}