{"test": {"ids": ["110120531", "99108890", "107121230", "109114030", "103110100", "108120260", "107120130", "109116930", "106113360", "103118110", "109119591", "110121500", "112118550", "110114561", "103120340", "108115570", "113120260", "97107950", "112120670", "109113281", "101108370", "99110730", "110118450", "102109850", "99108460", "109116810", "100108490", "112120270", "98108970", "105118230", "108116070", "100116790", "105113260", "104111711", "108118520", "99112531", "99110050", "103113610", "106121190", "108114670", "108117451", "110121720", "109120621", "98121790", "111115400", "100112060", "104118070", "112118860", "112116401", "105114220", "109115220", "97112830", "97116500", "112118511", "107118780", "101112540", "105113190", "110116300", "97105760", "108115500", "109116040", "102121440", "101114990", "106120640", "107117630", "98111670", "103111480", "107113130", "104114240", "106116820", "107116300", "103113170", "108118301", "110118181", "102111990", "111116110", "100110050", "98108520", "97105580", "103110760", "105116501", "100109000", "113120540", "113118630", "107117010", "107120880", "105110091", "99108010", "109120540", "102110850", "100107920", "112119450", "107118520", "105113480", "113119120", "110115980", "98107210", "98116500", "104119340", "99116500", "103113101", "112119580", "108118810", "97106591", "113118810", "106112770", "108113700", "111117571", "106116370", "104114320", "99105921", "111117480", "107118120", "109114651", "97114170", "107114280", "107115250", "102108621", "111116170", "113121220", "106114880", "103110840", "113120601", "112118930", "106116120", "103117200", "113119480", "113117630", "97116800", "105116860", "109116441", "109117630", "108113740", "110115710", "105111990", "98107410", "99117630", "112118421", "104119290", "108118630", "111119430", "110121170"], "labels": [0, 0, 0, 1, 1, 1, 2, 0, 0, 2, 0, 3, 3, 0, 1, 3, 3, 2, 2, 0, 1, 3, 0, 1, 0, 3, 2, 0, 3, 1, 1, 2, 3, 1, 0, 3, 3, 2, 2, 3, 2, 3, 1, 2, 0, 2, 2, 3, 0, 3, 3, 2, 2, 1, 1, 2, 3, 3, 0, 3, 0, 2, 3, 3, 0, 1, 0, 1, 0, 1, 0, 3, 1, 1, 2, 3, 3, 2, 1, 1, 1, 1, 3, 3, 1, 1, 0, 2, 1, 3, 0, 3, 2, 0, 3, 1, 1, 2, 1, 2, 3, 3, 1, 1, 3, 1, 0, 3, 2, 2, 1, 1, 3, 3, 2, 3, 2, 3, 0, 3, 0, 1, 2, 1, 1, 0, 3, 0, 0, 2, 3, 0, 3, 2, 2, 3, 3, 3, 1, 1, 3, 2], "predicted_labels": [3, 1, 3, 3, 3, 1, 1, 3, 1, 1, 1, 0, 3, 1, 3, 3, 3, 1, 1, 3, 0, 3, 1, 1, 3, 3, 3, 1, 1, 1, 1, 1, 3, 1, 1, 3, 3, 3, 1, 3, 3, 1, 0, 0, 1, 0, 1, 1, 0, 0, 3, 0, 1, 1, 0, 3, 0, 1, 1, 3, 1, 0, 1, 1, 0, 1, 3, 1, 1, 0, 1, 1, 1, 1, 0, 3, 1, 1, 0, 3, 0, 1, 0, 1, 3, 1, 3, 1, 1, 1, 3, 3, 1, 1, 3, 1, 3, 1, 3, 1, 1, 3, 3, 1, 3, 1, 1, 0, 0, 1, 0, 3, 1, 3, 1, 1, 1, 0, 3, 3, 1, 1, 1, 3, 1, 0, 0, 1, 1, 1, 1, 1, 3, 3, 0, 3, 1, 0, 1, 3, 3, 3], "confidence_scores": [[0.28095559995559977, 0.2578103896103897, 0.16217568542568545, 0.299058325008325], [0.2122501054501055, 0.3496080530580529, 0.17968047508047513, 0.2584613664113666], [0.1882494727494728, 0.2759032745032743, 0.179025851925852, 0.35682140082140085], [0.25173209845709865, 0.25975882450882454, 0.19063283660783661, 0.29787624042624034], [0.24171605224840528, 0.2728492285492286, 0.20931419691419706, 0.2761205222881691], [0.2805177544677545, 0.2829927516927518, 0.17031911976911987, 0.2661703740703741], [0.19435453990453988, 0.3267333111333111, 0.25632888222888234, 0.22258326673326687], [0.276282683982684, 0.22008912753912763, 0.22542340437340436, 0.27820478410478416], [0.248209373959374, 0.33887109002109006, 0.1638399988899989, 0.24907953712953712], [0.2153415084915085, 0.2938014632426398, 0.20933176823176833, 0.2815252600340837], [0.20688295593295591, 0.36383762903762895, 0.1887478854478854, 0.24053152958152949], [0.29783059799677447, 0.25766630069277136, 0.1826694294267824, 0.2618336718836721], [0.2697267898767899, 0.23824663947163957, 0.1675356005106006, 0.32449097014097006], [0.2270146242646243, 0.32548219003219, 0.16669392829392843, 0.28080925740925733], [0.24627157287157286, 0.2784536075036075, 0.19495211455211467, 0.28032270507270507], [0.26987093739593754, 0.26797486957486966, 0.17973974081474092, 0.28241445221445227], [0.25339435009435024, 0.26077690087690086, 0.20736797646797664, 0.27846077256077273], [0.2421572732822731, 0.2746599345099346, 0.21126478243978256, 0.2719180097680099], [0.23169580142080154, 0.2855533966033966, 0.20977309634809646, 0.2729777056277056], [0.28910754523254534, 0.2594230796980799, 0.14137861582861586, 0.31009075924075913], [0.3173918803418803, 0.23080420135420135, 0.18137938727938727, 0.270424531024531], [0.2381616605616607, 0.27325844155844164, 0.16242625707625707, 0.3261536408036409], [0.19381716616716627, 0.36004250471750465, 0.19267676767676772, 0.2534635614385616], [0.21527216672216676, 0.3310560328560328, 0.2429061735649971, 0.21076562685680345], [0.2373802697302698, 0.2649171384171384, 0.1535449494949495, 0.3441576423576422], [0.257466774891775, 0.27219037629037635, 0.1874962842712843, 0.2828465645465646], [0.2500968253968255, 0.26646084471084486, 0.1617043623043623, 0.32173796758796747], [0.19426046176046183, 0.3318957764457764, 0.24791057276057282, 0.22593318903318915], [0.23714732489732493, 0.35486960261960276, 0.1807316017316018, 0.22725147075147084], [0.21951702186702207, 0.3319778915528916, 0.15960598013098012, 0.28889910644910655], [0.2535217671217672, 0.28727202797202794, 0.21248398268398266, 0.24672222222222226], [0.27741201576201574, 0.2931142191142192, 0.17264981129981133, 0.25682395382395395], [0.25271945831945825, 0.2902384282384284, 0.15821842046842052, 0.2988236929736931], [0.1928987012987012, 0.3042614718614719, 0.23116659451659455, 0.2716732323232323], [0.2292654761904763, 0.313795548895549, 0.18904657842157846, 0.26789239649239666], [0.27494704184704183, 0.2794177600177599, 0.15892799422799422, 0.286707203907204], [0.17833748196248206, 0.2721587745587748, 0.24979005716505728, 0.2997136863136864], [0.24874130591630586, 0.2318438894438895, 0.24438944388944386, 0.27502536075036077], [0.20889181096681103, 0.30315194805194806, 0.2613663364413366, 0.22658990453990466], [0.21847756132756127, 0.28543174603174604, 0.20188249528249544, 0.2942081973581973], [0.33175295815295835, 0.2125835053835055, 0.12330800865800867, 0.3323555278055276], [0.2154311410811411, 0.3298625041625043, 0.18737496392496406, 0.26733139083139096], [0.3054511322011322, 0.27397606282606285, 0.16992188367188374, 0.25065092130092137], [0.25668293373293377, 0.23662080697080712, 0.2517213564213564, 0.25497490287490293], [0.2591722999223, 0.30101040071040075, 0.2192907536907538, 0.2205265456765458], [0.2691508658008659, 0.26041946860329224, 0.22110129037629037, 0.2493283752195518], [0.18188393828393834, 0.2982012543012544, 0.28690038850038857, 0.23301441891441893], [0.24192655122655127, 0.31278095793095795, 0.19261673326673334, 0.25267575757575766], [0.36920243286125665, 0.2428049617049618, 0.1313161616161616, 0.25667644381762056], [0.2934553335553336, 0.2800336163836164, 0.15679527694527703, 0.26971577311577305], [0.22816698024198023, 0.24332952047952056, 0.16914909812409817, 0.359354401154401], [0.2895227439227438, 0.25124069264069276, 0.17573961038961033, 0.283496953046953], [0.2490526917526918, 0.270982178932179, 0.21968787878787893, 0.26027725052725037], [0.23129631202131212, 0.3047382395382394, 0.16731063658563666, 0.29665481185481196], [0.33617675102675115, 0.24498305583305588, 0.14746398601398605, 0.27137620712620714], [0.25254014319014323, 0.2677873737373738, 0.1710777500277501, 0.308594733044733], [0.38187104007103995, 0.2105918268006505, 0.13920878565878567, 0.26832834746952405], [0.25537724497724507, 0.3249582306582308, 0.1580367651955888, 0.26162775916893577], [0.23579920634920634, 0.2758361610611611, 0.2192404761904763, 0.26912415639915654], [0.22665803640803658, 0.2791661477411477, 0.19886717726717737, 0.2953086385836387], [0.21160517260517273, 0.31291103896103906, 0.17557412587412585, 0.29990966255966267], [0.27178665223665227, 0.2569483405483407, 0.1995555555555556, 0.2717094516594517], [0.20042916250416262, 0.31796355588855585, 0.17731914751914765, 0.3042881340881341], [0.22551922244422248, 0.3267665556665556, 0.1886448912198913, 0.2590693306693308], [0.3011626262626262, 0.24937527472527476, 0.16294153624153626, 0.2865205627705628], [0.23876970806970832, 0.2830162004662005, 0.20629543234543252, 0.271918659118659], [0.26985077145077163, 0.24009698634698645, 0.1932089299589299, 0.2968433122433121], [0.24480293595293615, 0.28359206349206345, 0.23022469752469757, 0.24138030303030308], [0.2334728715728716, 0.30582025197025187, 0.19059597624597632, 0.2701109002109004], [0.3040441780441781, 0.26829494949494964, 0.1673588744588745, 0.26030199800199827], [0.2672366022866024, 0.31296233211233215, 0.1807479797979798, 0.23905308580308574], [0.19296141358641367, 0.3018543428793428, 0.23343745143745162, 0.2717467920967921], [0.2864112054612057, 0.2915600177600177, 0.15325466755466757, 0.2687741092241092], [0.25250856365856367, 0.30943689643689637, 0.16930348540348542, 0.2687510545010545], [0.3254252747252747, 0.24333194028194047, 0.18310627705627713, 0.24813650793650804], [0.2287332611832611, 0.2565612332112334, 0.1944417471417472, 0.3202637584637583], [0.17004831279831284, 0.3362306193806194, 0.2193664133252369, 0.274354654495831], [0.2730556390977443, 0.2889830447330446, 0.14900576061365545, 0.2889555555555554], [0.2967032634032635, 0.28121486291486303, 0.18112565767565766, 0.24095621600621608], [0.26900319680319695, 0.27726752691752693, 0.16220843600843604, 0.29152084027084024], [0.3302431571352623, 0.27013124098124097, 0.12972940918730397, 0.2698961926961927], [0.22662171162171169, 0.2885932567432569, 0.20053719058719074, 0.2842478410478412], [0.3268421447833212, 0.23530376290376293, 0.1478324714501186, 0.2900216208627974], [0.2528240592740593, 0.2905863636363637, 0.18249544344544358, 0.27409413364413376], [0.1560797424797425, 0.2841673104673105, 0.24996892192774556, 0.30978402512520165], [0.23244437229437237, 0.2887593628593628, 0.2309311854811855, 0.24786507936507937], [0.19371013986013996, 0.2772044178044178, 0.2174154068154069, 0.3116700355200358], [0.2137253635253635, 0.35689633699633705, 0.20296756576756583, 0.2264107337107338], [0.27401839826839824, 0.3043542568542567, 0.15428304473304483, 0.26734430014430016], [0.15205028860028866, 0.4056646686646687, 0.2200731379731381, 0.22221190476190483], [0.20552669552669567, 0.2682000721500723, 0.16263636363636375, 0.36363686868686873], [0.2548922022422022, 0.2521645021645022, 0.1521284493284494, 0.3408148462648461], [0.20287937895437905, 0.3680967171717171, 0.1878057426233898, 0.24121816125051432], [0.19404672353790006, 0.3089500055500056, 0.18980371132135843, 0.30719955959073614], [0.23602231102231105, 0.24288921078921083, 0.1743280941280942, 0.34676038406038406], [0.20737980937191475, 0.28107647907647904, 0.2358023196102145, 0.27574139194139213], [0.24400338550338557, 0.25060694860694865, 0.21141780441780444, 0.29397186147186144], [0.21271962759462765, 0.28438324453324476, 0.22105997335997335, 0.2818371545121546], [0.2525182872682874, 0.27898260628260635, 0.171129292929293, 0.29736981351981356], [0.18469746919746927, 0.3884657897657896, 0.18519164724164727, 0.24164509379509394], [0.2708919472340524, 0.276714851814852, 0.20018821704611192, 0.252204983904984], [0.21528999333999352, 0.29578999333999334, 0.15543665223665235, 0.33348336108336113], [0.2382305139305141, 0.27288266455766474, 0.17611438838938842, 0.31277243312243314], [0.2507560031471797, 0.28526117999647416, 0.22629646072881368, 0.2376863561275326], [0.2524205677964967, 0.24866055611055624, 0.18284892023181498, 0.3160699558611324], [0.20213399933399934, 0.3043173298923299, 0.2171643273393275, 0.2763843434343435], [0.2587224747474749, 0.3234948273948274, 0.22050111000110997, 0.1972815878565879], [0.3220503774003775, 0.2746966477966479, 0.16689353424353418, 0.2363594405594406], [0.3119081030081032, 0.23470618825618828, 0.18186514041514035, 0.2715205683205684], [0.22170937950937955, 0.2857175213675216, 0.22943934953934966, 0.2631337495837495], [0.29808275613275603, 0.23078331668331672, 0.18486876456876453, 0.28626516261516266], [0.24430362611244963, 0.2873401098901099, 0.15219768564768568, 0.3161585783497548], [0.23369494949494957, 0.32463776223776225, 0.1753203463203464, 0.26634694194694203], [0.3104919136419135, 0.2136511266511268, 0.15784210511710514, 0.3180148545898547], [0.19870738428238427, 0.3113286269286268, 0.22602939005439013, 0.26393459873459874], [0.267987950937951, 0.31928296703296705, 0.18890155955155963, 0.22382752247752255], [0.17871474081474084, 0.3505339604839604, 0.2297038961038961, 0.24104740259740262], [0.30510448162948156, 0.23150049117549118, 0.1739045510045509, 0.28949047619047613], [0.2620246142746143, 0.29747896825396836, 0.12749820457320463, 0.312998212898213], [0.30953015873015866, 0.2437832112332113, 0.13372970362970366, 0.31295692640692657], [0.22360034965034972, 0.30556092518592537, 0.23676287323787326, 0.234075851925852], [0.23417804695304703, 0.28113191253191266, 0.21932011877011887, 0.2653699217449219], [0.2213460539460539, 0.2986770784770786, 0.19893060273060287, 0.2810462648462648], [0.2935015318015318, 0.2576901653901656, 0.14910245310245307, 0.29970584970584996], [0.24343242313242322, 0.2977782328782329, 0.20343099678099683, 0.25535834720834727], [0.30857479187479203, 0.2680493006993007, 0.1649459595959596, 0.2584299478299479], [0.2854444444444445, 0.23141635586635598, 0.20677297147297147, 0.2763662282162283], [0.23867302893185252, 0.3070214729714731, 0.1932045454545455, 0.2611009526421291], [0.2616921467421468, 0.2960360306360307, 0.16594777999778004, 0.27632404262404264], [0.2550850019261785, 0.3160318625818625, 0.17911019536019543, 0.24977294013176377], [0.23825236985236986, 0.30861498501498513, 0.15848407703407713, 0.29464856809856804], [0.24406581751581755, 0.2668040182040182, 0.2287836552336553, 0.26034650904650924], [0.2976632034632035, 0.2445497113997115, 0.1561142857142857, 0.30167279942279945], [0.22350020535020554, 0.28267625707625715, 0.19875715950715953, 0.2950663780663781], [0.3018036186036186, 0.2593153735153735, 0.14664476634476636, 0.2922362415362415], [0.2698780996780998, 0.23727092629592642, 0.20382233599733607, 0.289028638028638], [0.25216283161283165, 0.27257615717615713, 0.22298184593184595, 0.2522791652791654], [0.3201103257853258, 0.28380453990454, 0.10693927183927185, 0.2891458624708625], [0.15479722499722504, 0.30996965256965275, 0.2388220002220004, 0.29641112221112215], [0.18323981573981585, 0.30845970140970147, 0.190813802863803, 0.31748667998668], [0.23324595404595416, 0.2835611000111, 0.16676554001554003, 0.3164274059274061], [0.21336221001221, 0.29360564990564997, 0.17163671328671345, 0.3213954267954266]]}, "rewritten": {"ids": ["97105580", "97105760", "97106591", "97107950", "97112830", "97114170", "97116500", "97116800", "98107210", "98107410", "98108520", "98108970", "98111670", "98116500", "98121790", "99105921", "99108010", "99108460", "99108890", "99110050", "99110730", "99112531", "99116500", "99117630", "100107920", "100108490", "100109000", "100110050", "100112060", "100116790", "101108370", "101112540", "101114990", "102108621", "102109850", "102110850", "102111990", "102121440", "103110100", "103110760", "103110840", "103111480", "103113101", "103113170", "103113610", "103117200", "103118110", "103120340", "104111711", "104114240", "104114320", "104118070", "104119290", "104119340", "105110091", "105111990", "105113190", "105113260", "105113480", "105114220", "105116501", "105116860", "105118230", "106112770", "106113360", "106114880", "106116120", "106116370", "106116820", "106120640", "106121190", "107113130", "107114280", "107115250", "107116300", "107117010", "107117630", "107118120", "107118520", "107118780", "107120130", "107120880", "107121230", "108113700", "108113740", "108114670", "108115500", "108115570", "108116070", "108117451", "108118301", "108118520", "108118630", "108118810", "108120260", "109113281", "109114030", "109114651", "109115220", "109116040", "109116441", "109116810", "109116930", "109117630", "109119591", "109120540", "109120621", "110114561", "110115710", "110115980", "110116300", "110118181", "110118450", "110120531", "110121170", "110121500", "110121720", "111115400", "111116110", "111116170", "111117480", "111117571", "111119430", "112116401", "112118421", "112118511", "112118550", "112118860", "112118930", "112119450", "112119580", "112120270", "112120670", "113117630", "113118630", "113118810", "113119120", "113119480", "113120260", "113120540", "113120601", "113121220"], "labels": [1, 0, 1, 2, 2, 2, 2, 0, 1, 3, 2, 3, 1, 2, 2, 1, 2, 0, 0, 3, 3, 3, 2, 3, 0, 2, 1, 3, 2, 2, 1, 2, 3, 3, 1, 3, 2, 2, 1, 1, 1, 0, 3, 3, 2, 0, 2, 1, 1, 0, 2, 2, 1, 1, 0, 2, 3, 3, 0, 3, 1, 2, 1, 1, 0, 0, 1, 2, 1, 3, 2, 1, 3, 2, 0, 1, 0, 3, 2, 1, 2, 1, 0, 0, 3, 3, 3, 3, 1, 2, 1, 0, 1, 1, 1, 0, 1, 3, 3, 0, 3, 3, 0, 0, 0, 1, 1, 0, 2, 1, 3, 1, 0, 0, 2, 3, 3, 0, 3, 0, 1, 3, 3, 0, 3, 1, 3, 3, 1, 3, 3, 0, 2, 0, 3, 3, 3, 3, 3, 3, 2, 3], "predicted_labels": [0, 3, 0, 1, 3, 1, 1, 0, 3, 3, 1, 1, 1, 1, 1, 0, 3, 3, 1, 3, 1, 3, 1, 1, 3, 1, 1, 1, 0, 1, 0, 3, 1, 3, 1, 1, 0, 3, 3, 0, 1, 3, 1, 1, 3, 1, 1, 1, 1, 1, 1, 1, 3, 3, 1, 3, 0, 3, 3, 3, 3, 1, 1, 1, 1, 1, 1, 0, 1, 1, 1, 1, 1, 1, 1, 1, 0, 3, 1, 0, 1, 3, 3, 1, 0, 1, 0, 3, 1, 0, 0, 3, 3, 3, 1, 3, 3, 3, 3, 3, 3, 1, 0, 1, 1, 1, 0, 1, 3, 3, 1, 1, 1, 0, 3, 1, 1, 1, 3, 1, 1, 0, 3, 0, 0, 3, 3, 1, 0, 3, 3, 1, 3, 1, 1, 3, 3, 0, 0, 0, 1, 3], "confidence_scores": [[0.3241132478632479, 0.2721625541125543, 0.1758719835719837, 0.22785221445221457], [0.24753816738816747, 0.2673709734709735, 0.20861832611832615, 0.2764725330225331], [0.2882096514596513, 0.2620238392326626, 0.21458881673881672, 0.23517769256886908], [0.21920287653522966, 0.3350427294927296, 0.2076796559649501, 0.23807473800709092], [0.26301749084249093, 0.2596148878898878, 0.18142622932622943, 0.29594139194139213], [0.19703981296481304, 0.30112109002109017, 0.23012317959817957, 0.2717159174159175], [0.2380137806637808, 0.31890810300810307, 0.2054101565101567, 0.23766795981795974], [0.3079847707847706, 0.2732100732600732, 0.18622507688390041, 0.2325800790712555], [0.25611088911088914, 0.24403460983460992, 0.2202964923964924, 0.2795580086580087], [0.2647494366744367, 0.25787342102342115, 0.2034830142080143, 0.27389412809412816], [0.2773146079067131, 0.27840122655122657, 0.18072711703501185, 0.2635570485070485], [0.23786830391830396, 0.343264208014208, 0.1876333277833278, 0.23123416028416036], [0.26054330669330683, 0.27473074148074156, 0.19372481962481974, 0.2710011322011322], [0.235183177933178, 0.3252011488511491, 0.20847584637584646, 0.23113982683982695], [0.24089116161616167, 0.2722145521145522, 0.21849774947274955, 0.2683965367965368], [0.3368963869463871, 0.2678473526473529, 0.15618944943944948, 0.23906681096681107], [0.24817794427794435, 0.281595621045621, 0.18453575868575878, 0.28569067599067605], [0.27610483405483405, 0.24116334776334789, 0.18300793650793654, 0.29972388167388186], [0.18447013542013566, 0.3205417249417249, 0.212769363969364, 0.2822187756687759], [0.2035409257409259, 0.25031189921189934, 0.20605828615828634, 0.34008888888888883], [0.18409089799089803, 0.3261915584415585, 0.19211049506049507, 0.29760704850704844], [0.2757139971139969, 0.2800751193251194, 0.15548189033189042, 0.2887289932289933], [0.19248475413475422, 0.3521465811965812, 0.21051914196914195, 0.24484952269952273], [0.2296201465201465, 0.29081785991786, 0.22410983460983452, 0.25545215895215895], [0.23070290265290286, 0.2623341563665095, 0.17853689643689655, 0.32842604454369156], [0.23829978632478643, 0.2806347152847154, 0.222634657009657, 0.2584308413808414], [0.2501131313131314, 0.27733958263958286, 0.20572007437007453, 0.26682721167721185], [0.19884747474747486, 0.31305692640692645, 0.20033213649096016, 0.2877634623546388], [0.2841703907203907, 0.24416515151515156, 0.22485480630480625, 0.2468096514596516], [0.23978114940614947, 0.33244589577089584, 0.17444751359751356, 0.2533254412254414], [0.3283684676434676, 0.22936791819291824, 0.1727812132312133, 0.2694824009324009], [0.2536864635364636, 0.27555214230214226, 0.15108536463536473, 0.31967602952602947], [0.1779899711399712, 0.3470033855033857, 0.20494674214674224, 0.27005990120990114], [0.23037158674658686, 0.27929446664446667, 0.17260781440781453, 0.3177261322011322], [0.20527919857919855, 0.35889142524142525, 0.23244393939393942, 0.20338543678543686], [0.16923587523587522, 0.36784615662115683, 0.22527274947274958, 0.23764521867021873], [0.3239003108003108, 0.25003093018093037, 0.1758388167388167, 0.2502299422799423], [0.27312878787878786, 0.26233159618159624, 0.1719792485292486, 0.2925603674103674], [0.2676621822621824, 0.25251350871350875, 0.19545882450882437, 0.28436548451548443], [0.29069439449439455, 0.2848427128427129, 0.16362035187035184, 0.26084254079254093], [0.2630976911976913, 0.28414049839049843, 0.18448414918414927, 0.2682776612276612], [0.2711252969252971, 0.23996749361749375, 0.20917640692640707, 0.2797308025308025], [0.2699326620747673, 0.28307777222777236, 0.19930423436212916, 0.24768533133533144], [0.19926212121212136, 0.3323808830058829, 0.2275690254190256, 0.2407879703629704], [0.2571953463203464, 0.2459530525030525, 0.2067405261405263, 0.2901110750360751], [0.26992291042291056, 0.29107499722499725, 0.152324864024864, 0.2866772283272284], [0.2039357364857366, 0.3018299062049064, 0.19600437340437346, 0.29822998390498406], [0.239612087912088, 0.30296668886668887, 0.21259206904206918, 0.24482915417915427], [0.21996476856476854, 0.2932200799200801, 0.23715209235209236, 0.24966305916305923], [0.2591898989898991, 0.2743773448773449, 0.1922257575757576, 0.2742069985569986], [0.22346941114441127, 0.3121415528915529, 0.22727783050283057, 0.2371112054612056], [0.20206555111555113, 0.2943817515817517, 0.26965258630258643, 0.23390011100011104], [0.16093034743034754, 0.30062128982128977, 0.225779575979576, 0.3126687867687868], [0.27479368131868137, 0.28188246753246765, 0.1340614080364081, 0.3092624431124431], [0.2355572261072262, 0.29556163281163306, 0.2034686868686869, 0.26541245421245413], [0.27681857586857583, 0.24594675324675327, 0.1362184232434233, 0.3410162476412476], [0.3638818986568986, 0.22183784548784566, 0.147695892995893, 0.2665843628593629], [0.26537677877677873, 0.271247160029513, 0.15452480297480303, 0.3088512582189053], [0.22624036323153973, 0.2706602897102897, 0.17387328064092783, 0.32922606641724284], [0.27267311022311025, 0.255013580863581, 0.16283054723054732, 0.30948276168276156], [0.29342099012098993, 0.26965131535131537, 0.12787812742812749, 0.30904956709956716], [0.25684368242696415, 0.3070364524364522, 0.1843698520777469, 0.25175001305883676], [0.24529499944499947, 0.32305634643134645, 0.13898679931179933, 0.29266185481185475], [0.19955704573204575, 0.32638566988566997, 0.208749201941849, 0.2653080824404355], [0.23798334998335008, 0.31905117660117654, 0.16377554667554675, 0.27918992673992665], [0.29355129315129314, 0.340281596181596, 0.15112505272505275, 0.21504205794205794], [0.19964922854922856, 0.3106242959654725, 0.19141129426129422, 0.29831518122400474], [0.31036673881673904, 0.2341713397713398, 0.1736449661449661, 0.2818169552669553], [0.29022106782106794, 0.29319264069264084, 0.17816969696969706, 0.23841659451659458], [0.2524131590631592, 0.3246778332778333, 0.1802502164502165, 0.24265879120879136], [0.24095887445887448, 0.3023162504162505, 0.22453666888666898, 0.23218820623820643], [0.22636606726606745, 0.3034657786657786, 0.20761043401043405, 0.2625577200577201], [0.2818214896214896, 0.3123920135420137, 0.16617883227883232, 0.23960766455766455], [0.19928283660783666, 0.3147937950937953, 0.23908992037374394, 0.24683344792462444], [0.24468631368631372, 0.32504862914862925, 0.19193740148740146, 0.23832765567765568], [0.16556013986014004, 0.29860361027861015, 0.2532147427735664, 0.2826215070876835], [0.2885401154401154, 0.2536873015873015, 0.18253044733044735, 0.27524213564213584], [0.285434521034521, 0.23413539238539244, 0.17196637806637813, 0.3084637085137085], [0.22194579032079037, 0.3477235680985681, 0.19051934013698735, 0.23981130144365445], [0.30583246753246757, 0.26050983460983457, 0.14790960150960158, 0.28574809634809634], [0.2102378121878123, 0.3193295537795539, 0.2316377566877567, 0.2387948773448774], [0.2511972582972584, 0.2500500832500833, 0.21624300144300151, 0.28250965700965697], [0.19128835053835055, 0.2858240925740927, 0.1953037185037187, 0.3275838383838383], [0.26640710123210126, 0.3362655622155622, 0.20046290653790663, 0.19686443001443016], [0.3699544455544455, 0.1999802364302365, 0.13240461760461764, 0.29766070041070036], [0.2208072871572872, 0.3027244449994451, 0.18644218559218562, 0.2900260822510823], [0.2743422854922855, 0.2672846847596848, 0.18941794871794873, 0.26895508103008103], [0.2834301587301589, 0.2361863636363637, 0.1810996392496393, 0.2992838383838382], [0.2566566600066602, 0.29992753357753366, 0.20704495504495504, 0.23637085137085145], [0.33233694083694076, 0.22112580197580203, 0.1242182817182818, 0.3223189754689754], [0.2947083416583418, 0.27923702963702973, 0.1654666666666667, 0.260587962037962], [0.26718611943611953, 0.2713770784770786, 0.1814692474192475, 0.2799675546675548], [0.18901769341769348, 0.2975589299589298, 0.18630348540348554, 0.32711989121989116], [0.20541852036852049, 0.2955362581862584, 0.1835108558108559, 0.31553436563436554], [0.26228759573759586, 0.3014779664779664, 0.17523975468975478, 0.2609946830946831], [0.2878581640581641, 0.2647753080253082, 0.15432989232989242, 0.2930366355866358], [0.23919122544122554, 0.26474425019425024, 0.20007132867132868, 0.29599319569319565], [0.30276757686757666, 0.22880225885225894, 0.15941028971028984, 0.3090198745698746], [0.23972572982572996, 0.2269469419469419, 0.17723995448995458, 0.3560873737373738], [0.24971656676656676, 0.27479368409368415, 0.17993492063492064, 0.2955548285048285], [0.24923271173271186, 0.30174869574869595, 0.1435721001221001, 0.30544649239649235], [0.2742468420468422, 0.2749444166944167, 0.19620835830835828, 0.25460038295038306], [0.2821121933621934, 0.24516818181818195, 0.22123362193362195, 0.2514860028860028], [0.24520018592518594, 0.2795670848759086, 0.21990741758241766, 0.2553253116164882], [0.2216939893439895, 0.31381907536907544, 0.21305819735819737, 0.25142873792873793], [0.2666792207792208, 0.33526082251082256, 0.17532034632034646, 0.2227396103896104], [0.3615009435009434, 0.2361534077034077, 0.1615000499500501, 0.24084559884559884], [0.26374343434343445, 0.32009237429237425, 0.16415750915750918, 0.2520066822066823], [0.21868267288267304, 0.27864624264624255, 0.19246026196026203, 0.3102108225108226], [0.23348633895344437, 0.2844695471195471, 0.1873590434419383, 0.2946850704850707], [0.26429494394494407, 0.29477879897879905, 0.18812706737706733, 0.2527991896991898], [0.2737408924408926, 0.30085223665223676, 0.19785516705516712, 0.22755170385170384], [0.2095371517371518, 0.3314125604787371, 0.19911096126096134, 0.25993932652315016], [0.29261875346875343, 0.25801207126207154, 0.17015500055500052, 0.27921417471417465], [0.20723184593184613, 0.288426467976468, 0.20127131202131218, 0.30307037407037396], [0.2574013256351492, 0.30248251748251753, 0.17403916361416366, 0.26607699326816986], [0.21946647241647244, 0.30653887387122686, 0.19196341991342003, 0.2820312337988809], [0.2496619824619824, 0.3142693195693194, 0.23241836496836504, 0.20365033300033308], [0.2615634920634921, 0.24098410478410498, 0.19109706404706417, 0.30635533910533913], [0.2531913475413477, 0.30860744810744806, 0.15216686646686653, 0.28603433788433785], [0.22692267732267737, 0.2974422743922743, 0.18538035298035313, 0.2902546953046952], [0.298370290820291, 0.2973100843600844, 0.17445074370074357, 0.22986888111888107], [0.22496422466422486, 0.28878811188811176, 0.17243608058608056, 0.31381158286158284], [0.37965125626007984, 0.20181387501387518, 0.14932496392496394, 0.2692099048010812], [0.29716869519369515, 0.26490640470640475, 0.1448221944721946, 0.2931027056277057], [0.24209452491952485, 0.2993347263847263, 0.15192408979908983, 0.3066466588966588], [0.27130865800865817, 0.2615243589743591, 0.1537469252969255, 0.3134200577200575], [0.2487572871572873, 0.3003605117105119, 0.20470394605394626, 0.24617825507825522], [0.3040895104895106, 0.2887837606837609, 0.12311829836829843, 0.28400843045843055], [0.2490853757353758, 0.2532861471861473, 0.16977196137196146, 0.3278565157065154], [0.2573927017427019, 0.2954633810633811, 0.1421960039960041, 0.3049479131979132], [0.19562647907647915, 0.31979927294927296, 0.2604244588744588, 0.22414978909978928], [0.22364552669552673, 0.28251221556221573, 0.18291923631923648, 0.3109230214230212], [0.24492352843235193, 0.3005715673215673, 0.17426082251082253, 0.28024408173525833], [0.21894000476647552, 0.32874946164946167, 0.21619583194583197, 0.2361147016382312], [0.2101665198836252, 0.2758144605394607, 0.19622248278037757, 0.31779653679653674], [0.25661013431013435, 0.2469700688200689, 0.16295863580863593, 0.33346116106116097], [0.2939722666222665, 0.2297183261183261, 0.1836615773115773, 0.2926478299478302], [0.26687874902874903, 0.25700629925629936, 0.2124733655233656, 0.2636415861915863], [0.3115931493343257, 0.26046330336330353, 0.16999060775825492, 0.257952939544116], [0.19420452880452885, 0.346782178932179, 0.18709726939726948, 0.271916022866023], [0.24713095238095256, 0.25835608280608285, 0.17909011544011552, 0.31542284937284937]]}}