{"test": {"ids": ["107119950", "112118581", "108114270", "99107500", "101112690", "111121190", "108121351", "109113881", "111116110", "109113931", "104111550", "97109570", "105117351", "110120700", "101112540", "111115910", "103120531", "99107630", "97107821", "102109910", "105112260", "105113620", "102109010", "113121190", "104113190", "111120190", "98110710", "106114150", "98106680", "108114220", "105112130", "106112770", "98107380", "99108710", "110117110", "105121190", "109118231", "105115720", "108113740", "99108890", "98110810", "104116441", "113122650", "102109840", "107114140", "101110150", "102109850", "109115220", "111121220", "105117431", "113119300", "113119340", "111116100", "111120320", "107119130", "97106000", "113118870", "110118181", "109121410", "111114171", "105115900", "101108580", "110116441", "101117580", "104113550", "97112170", "99108330", "112119930", "99108460", "97105960", "99109780", "105112100", "107113550", "98112580", "112121351", "97105760", "111116040", "103111830", "102112170", "111119930", "106119990", "111119340", "113121220", "110115890", "98106111", "103113270", "97107950", "98119591", "107121700", "98107410", "110117870", "97106591", "99107660", "112120640", "100120010", "109119450", "109121351", "102110890", "112119950", "98107010", "108120700", "106121190", "111116290", "104111620", "99109370", "104111380", "112120990", "113118490", "97112830", "99114890", "113122180", "102111990", "110120640", "98108150", "113117340", "97107040", "111116640", "104109311", "112120290", "112118550", "112118880", "108117610", "113121980", "101114990", "103111480", "109113281", "107118820", "108118630", "113120601", "101108290", "105115380", "113118690", "113121010", "107114200", "97116401", "109116441", "110118740", "105117200", "108118301", "107114321", "104112201", "112119320"], "labels": [3, 1, 3, 0, 1, 1, 3, 0, 3, 1, 1, 0, 0, 2, 2, 2, 3, 2, 2, 2, 3, 0, 1, 1, 3, 3, 2, 1, 1, 3, 1, 1, 1, 2, 0, 2, 1, 1, 3, 0, 1, 1, 2, 2, 2, 1, 1, 3, 3, 1, 1, 0, 3, 1, 1, 0, 0, 1, 0, 3, 3, 0, 3, 3, 1, 0, 1, 1, 0, 2, 2, 1, 0, 2, 0, 0, 0, 3, 3, 1, 0, 3, 3, 2, 0, 2, 2, 1, 3, 3, 3, 1, 3, 0, 0, 3, 0, 0, 0, 3, 2, 2, 2, 0, 1, 3, 2, 1, 2, 2, 2, 2, 0, 0, 2, 2, 0, 3, 1, 3, 1, 3, 2, 3, 0, 0, 3, 1, 2, 0, 1, 3, 2, 2, 3, 3, 3, 3, 1, 0, 0, 1], "predicted_labels": [0, 3, 1, 1, 2, 1, 3, 2, 3, 0, 1, 3, 3, 0, 3, 0, 1, 3, 3, 0, 3, 1, 3, 1, 1, 0, 3, 3, 3, 1, 1, 3, 2, 1, 1, 3, 1, 3, 0, 3, 1, 1, 3, 3, 1, 3, 2, 1, 3, 1, 1, 0, 0, 3, 1, 1, 1, 3, 1, 0, 1, 3, 0, 3, 0, 0, 3, 1, 1, 3, 1, 3, 3, 3, 1, 0, 3, 3, 0, 0, 1, 1, 3, 1, 3, 3, 3, 1, 3, 0, 3, 1, 2, 3, 3, 1, 3, 3, 0, 3, 0, 1, 1, 3, 3, 3, 3, 0, 0, 1, 3, 3, 3, 3, 1, 0, 3, 3, 0, 1, 3, 1, 3, 1, 1, 0, 0, 3, 3, 1, 1, 1, 1, 1, 1, 1, 0, 0, 3, 1, 0, 3], "confidence_scores": [[0.34292997897220845, 0.19331662457548734, 0.17593464338791634, 0.28781875306438764], [0.34150926317030794, 0.14924913028482056, 0.13379827972253927, 0.3754433268223324], [0.20308908614780938, 0.5044665202723044, 0.10504537334141838, 0.1873990202384679], [0.11431421102005257, 0.43874778797326197, 0.18872869392791583, 0.2582093070787699], [0.18234176084243026, 0.2529298466827206, 0.35965721784004123, 0.20507117463480823], [0.2995159562862239, 0.4111670990352879, 0.08550575066484488, 0.20381119401364328], [0.18555993725538805, 0.3580593027588297, 0.08099731200123732, 0.375383447984545], [0.13551861841100293, 0.21630541628631267, 0.43652940147063035, 0.21164656383205405], [0.3328462894244465, 0.14759205341598525, 0.061332462158222516, 0.4582291950013456], [0.3659602055342354, 0.29178435637714645, 0.0741104389251255, 0.26814499916349277], [0.18865071686086238, 0.36496030498753584, 0.19596377460036463, 0.25042520355123715], [0.14217858775767803, 0.21705163075202108, 0.14252095973869916, 0.49824882175160184], [0.35862783044586266, 0.11071101110009193, 0.0870291055783308, 0.4436320528757146], [0.43786909258750073, 0.23377212966215252, 0.11131465219525885, 0.21704412555508792], [0.2256735142220277, 0.31437703993771743, 0.12964614941503413, 0.3303032964252208], [0.3351051080361285, 0.2717011050360934, 0.11447401094903953, 0.2787197759787386], [0.2566300321140914, 0.39407978565142404, 0.08023645584672068, 0.26905372638776387], [0.22312406403575438, 0.13579659826251592, 0.19076366665200145, 0.4503156710497282], [0.18888792697840967, 0.20295691390513437, 0.1454121940113991, 0.462742965105057], [0.3467084933980443, 0.17145988258541647, 0.16641773134476512, 0.31541389267177417], [0.2720878781853014, 0.2672545197478492, 0.17687876692944463, 0.2837788351374047], [0.17420685147262502, 0.322564126609086, 0.31603543005411205, 0.18719359186417683], [0.17408769431952867, 0.28823158591882714, 0.21864158566122988, 0.31903913410041435], [0.20741885247789427, 0.43639546862359924, 0.11091825963054336, 0.2452674192679632], [0.2142898483037125, 0.32973871863990856, 0.2523987381297679, 0.20357269492661123], [0.3583600482666158, 0.16562518334093215, 0.20916111470521095, 0.2668536536872412], [0.28513867052288944, 0.19808613716590245, 0.12547880873368536, 0.3912963835775227], [0.1956972663597551, 0.28674564266420643, 0.17882426225367093, 0.3387328287223675], [0.16321220788360852, 0.30820915535827886, 0.17549093814186917, 0.3530876986162435], [0.2958441379846634, 0.3143772925558759, 0.11769498223416593, 0.2720835872252949], [0.18393956800824895, 0.4243301846245028, 0.1236135755579514, 0.268116671809297], [0.15014898385342107, 0.1367341914573687, 0.24085570242836088, 0.4722611222608494], [0.2083408888486223, 0.1483795645950787, 0.42690926218477854, 0.21637028437152048], [0.10680169750520245, 0.4629821630378876, 0.11022621696431557, 0.31998992249259434], [0.1080956893006576, 0.4281016194373585, 0.09214791612321051, 0.3716547751387735], [0.10750692961181844, 0.3234452588520456, 0.1820810645666951, 0.3869667469694409], [0.20010807855970122, 0.4408450729131523, 0.0744657740783829, 0.2845810744487636], [0.10589796610953373, 0.35018565730113516, 0.1188193005828643, 0.42509707600646673], [0.33854998895348554, 0.26352974722969696, 0.16270476598924097, 0.23521549782757656], [0.15576952405325, 0.3658336030063069, 0.10685050778278761, 0.37154636515765554], [0.13138257958587254, 0.4387825627402525, 0.1398660529114179, 0.28996880476245684], [0.16217789077089953, 0.3155661720470522, 0.2293824601393858, 0.29287347704266237], [0.1881577755389385, 0.3164082231724486, 0.06691560505279846, 0.4285183962358145], [0.1614383706197921, 0.23706861845485636, 0.16531630982659887, 0.4361767010987527], [0.26774602621842053, 0.28233242795018587, 0.1747395515792052, 0.27518199425218837], [0.1346746554490446, 0.3713694702698372, 0.1025693405479693, 0.3913865337331491], [0.10426287480219384, 0.11607272447583396, 0.6289010876002706, 0.1507633131217016], [0.2629227386315077, 0.3949077153122252, 0.06974743749469954, 0.27242210856156746], [0.24635523064591075, 0.17683749944541136, 0.09436915441865332, 0.48243811549002474], [0.13747201470429102, 0.459649926053303, 0.12574877861006983, 0.2771292806323364], [0.25602512301491165, 0.43388306919958525, 0.06285410655035407, 0.24723770123514913], [0.5942923224009965, 0.20326879195926173, 0.06276770075848152, 0.13967118488126026], [0.3458116750409161, 0.3131219248492724, 0.13697946261007235, 0.20408693749973922], [0.1763316550254184, 0.17287972611268637, 0.20119722305104928, 0.4495913958108459], [0.26258612682238963, 0.3996682135298445, 0.16643231850916587, 0.17131334113859992], [0.15749504610629045, 0.39668306181189394, 0.19235811573427633, 0.2534637763475394], [0.3158394437881279, 0.4330446848046227, 0.10488743723142019, 0.14622843417582923], [0.22133984161194967, 0.2671698407212455, 0.14887733188074986, 0.36261298578605483], [0.30669616622776114, 0.31019587726166653, 0.10170480383229005, 0.2814031526782822], [0.5363073186859468, 0.16990547747682416, 0.08739049239884294, 0.20639671143838614], [0.159684211932026, 0.6650347522958748, 0.07044755958357579, 0.10483347618852333], [0.26671014215453787, 0.2345502167463575, 0.19108794002530424, 0.30765170107380035], [0.38469836689091835, 0.15127458767510876, 0.10565336493239866, 0.3583736805015744], [0.2922854314859105, 0.27866133980056945, 0.12277872877272292, 0.30627449994079714], [0.3296491200583064, 0.22078132704314268, 0.1453957251284055, 0.3041738277701454], [0.43277627953731623, 0.27859164326102487, 0.0981078900913427, 0.19052418711031616], [0.07724727271260354, 0.2399622264720265, 0.2794396163846351, 0.403350884430735], [0.17102506119937017, 0.45107175407247735, 0.09175487208268053, 0.28614831264547197], [0.26302937137138266, 0.39085807549011975, 0.06497201300825424, 0.28114054013024337], [0.29177851857459514, 0.19082643049789008, 0.19835174727918692, 0.31904330364832806], [0.22516867663496817, 0.38454256807556353, 0.17607707816875626, 0.21421167712071215], [0.15188945337721238, 0.2874182082077482, 0.14302834059622305, 0.4176639978188163], [0.25198040833584334, 0.2165096499373672, 0.263330248882718, 0.2681796928440715], [0.16178896861944578, 0.29869243307887233, 0.16676875457149534, 0.3727498437301866], [0.09135428849026805, 0.5292745920048396, 0.055263548912528535, 0.3241075705923638], [0.40301925615763057, 0.1058203450011161, 0.13282151534608286, 0.3583388834951705], [0.22841830881875477, 0.15007919709264705, 0.10049875925686647, 0.5210037348317318], [0.30607901533142073, 0.17150526945584843, 0.07745701714435148, 0.4449586980683795], [0.3793802164790041, 0.21683106225861914, 0.09488526338177199, 0.30890345788060464], [0.473462405952145, 0.22814232559137523, 0.09564063639374398, 0.202754632062736], [0.22153873053869855, 0.35290973668363873, 0.11297693722533234, 0.3125745955523304], [0.28237093454435347, 0.3054127504924324, 0.16106863558847512, 0.251147679374739], [0.1964676309036707, 0.15443654224937053, 0.09752472404387719, 0.5515711028030815], [0.11354559067761848, 0.355914779433959, 0.18245736087927714, 0.3480822690091454], [0.2426302499358674, 0.2903114200986658, 0.12858967986073416, 0.3384686501047327], [0.20309884399164002, 0.1897587399306635, 0.23175756729132888, 0.37538484878636746], [0.2330098499613447, 0.2969631487409188, 0.14780889711844497, 0.3222181041792915], [0.2623684175358459, 0.2952552491836883, 0.27051507435116273, 0.1718612589293031], [0.2147203297468722, 0.2875638532699, 0.12973909327460934, 0.3679767237086185], [0.5063808896444424, 0.1039350712004325, 0.25986471067707656, 0.12981932847804856], [0.2994122525333257, 0.19170441048940498, 0.1712011333867515, 0.33768220359051776], [0.24590605963852405, 0.2865950545370586, 0.19090329961002425, 0.2765955862143932], [0.19212691788949574, 0.09834431633695787, 0.5007038237863543, 0.20882494198719226], [0.2860176775800866, 0.13542413601586586, 0.18798125428504733, 0.39057693211900013], [0.2956094189899281, 0.24231157345490706, 0.16413526056569377, 0.29794374698947096], [0.1203299708394333, 0.42376935002194116, 0.13901762071456, 0.3168830584240655], [0.2899977947077629, 0.19127456209206412, 0.11456789350809587, 0.404159749692077], [0.22034914773535205, 0.20596135558016376, 0.1471498304007338, 0.4265396662837503], [0.7817273854822674, 0.09453349236650327, 0.03104520129334871, 0.09269392085788053], [0.2734446522448077, 0.20911943995845636, 0.1356749032805088, 0.3817610045162272], [0.3636062242365291, 0.21738666191154574, 0.20753597907689375, 0.21147113477503152], [0.24724157863262955, 0.3531707186697248, 0.2711732262168068, 0.12841447648083906], [0.21225162049095844, 0.4819032810278632, 0.09754065988499246, 0.208304438596186], [0.3954794121851544, 0.11857312294625327, 0.057336298127119725, 0.42861116674147265], [0.266423416268834, 0.23994406652746875, 0.184612540082016, 0.30901997712168144], [0.2848926452603808, 0.2533031175739508, 0.15746484454847112, 0.3043393926171973], [0.15244425823850122, 0.3700830772273186, 0.059007240092682406, 0.4184654244414978], [0.3791280144597886, 0.2890131571694402, 0.08395837651011667, 0.24790045186065465], [0.33551272002276156, 0.2758921069635856, 0.10742477075318273, 0.28117040226047024], [0.1592699638253643, 0.4287588812931955, 0.21991533833022894, 0.1920558165512111], [0.17293315942540513, 0.1500220769245828, 0.11333731366846116, 0.563707449981551], [0.2196197839950116, 0.13630997761037064, 0.23346785299525835, 0.41060238539935945], [0.15390979610981828, 0.2593071510774452, 0.15308335258683853, 0.433699700225898], [0.30172577899547814, 0.2263879633518186, 0.1512605402761788, 0.3206257173765245], [0.16218940955724126, 0.48892677859605704, 0.1308304132058253, 0.21805339864087647], [0.37201015722938674, 0.19991043730635047, 0.17287222224515406, 0.255207183219109], [0.06629689971849151, 0.1370798093882755, 0.046349947164331363, 0.7502733437289018], [0.202106012378969, 0.34203746575017124, 0.10855513600962736, 0.3473013858612324], [0.3502921276995916, 0.20982714635652586, 0.2648166602250482, 0.1750640657188343], [0.3336502504909822, 0.3710906132512746, 0.06635644457421762, 0.22890269168352576], [0.30302508154421387, 0.26006765113008595, 0.1303489009668034, 0.3065583663588968], [0.320334405572724, 0.37315217177239446, 0.060027200465154265, 0.2464862221897275], [0.14330459462209247, 0.36162879984926183, 0.08983354170012656, 0.40523306382851904], [0.06437024960807934, 0.554849195479616, 0.10589439943459793, 0.27488615547770684], [0.27628737061144965, 0.30392465399552465, 0.16992659446232192, 0.24986138093070379], [0.33451896940889747, 0.20771213036016353, 0.17852131239373967, 0.2792475878371995], [0.6605269607778947, 0.08537801081571439, 0.12866465100048438, 0.1254303774059066], [0.19360232053811732, 0.3141063629174268, 0.11906784341824615, 0.37322347312620985], [0.15020112259020554, 0.3519419614612852, 0.06874000027857624, 0.42911691566993315], [0.3029865506670809, 0.32835931291142817, 0.11264317441950483, 0.25601096200198625], [0.20608036828497514, 0.3886254720953565, 0.1337667228397089, 0.27152743677995944], [0.26037384810841263, 0.450956281063034, 0.0811274115606842, 0.20754245926786932], [0.2854582509473996, 0.3927903903634975, 0.08984356498982665, 0.23190779369927617], [0.11147573702335721, 0.539019594958076, 0.07693441538888611, 0.27257025262968065], [0.18601062089200393, 0.30337737963490224, 0.2755483923556094, 0.23506360711748464], [0.25221579229809205, 0.4102659986875299, 0.07825483609589948, 0.2592633729184787], [0.543391652267311, 0.16228549702659592, 0.09385127434103466, 0.2004715763650584], [0.3163529195223678, 0.2731912878058752, 0.15428813559562177, 0.2561676570761352], [0.33080484502349733, 0.1834842469410844, 0.13808353589033817, 0.3476273721450802], [0.22079562743694248, 0.3515134600392344, 0.10363142153568206, 0.3240594909881411], [0.35776388909884616, 0.18218588221662851, 0.140546417784251, 0.31950381090027447], [0.2202785599915452, 0.26667848217523643, 0.13516537066698792, 0.37787758716623054]]}, "rewritten": {"ids": ["97105760", "97105960", "97106000", "97106591", "97107040", "97107821", "97107950", "97109570", "97112170", "97112830", "97116401", "98106111", "98106680", "98107010", "98107380", "98107410", "98108150", "98110710", "98110810", "98112580", "98119591", "99107500", "99107630", "99107660", "99108330", "99108460", "99108710", "99108890", "99109370", "99109780", "99114890", "100120010", "101108290", "101108580", "101110150", "101112540", "101112690", "101114990", "101117580", "102109010", "102109840", "102109850", "102109910", "102110890", "102111990", "102112170", "103111480", "103111830", "103113270", "103120531", "104109311", "104111380", "104111550", "104111620", "104112201", "104113190", "104113550", "104116441", "105112100", "105112130", "105112260", "105113620", "105115380", "105115720", "105115900", "105117200", "105117351", "105117431", "105121190", "106112770", "106114150", "106119990", "106121190", "107113550", "107114140", "107114200", "107114321", "107118820", "107119130", "107119950", "107121700", "108113740", "108114220", "108114270", "108117610", "108118301", "108118630", "108120700", "108121351", "109113281", "109113881", "109113931", "109115220", "109116441", "109118231", "109119450", "109121351", "109121410", "110115890", "110116441", "110117110", "110117870", "110118181", "110118740", "110120640", "110120700", "111114171", "111115910", "111116040", "111116100", "111116110", "111116290", "111116640", "111119340", "111119930", "111120190", "111120320", "111121190", "111121220", "112118550", "112118581", "112118880", "112119320", "112119930", "112119950", "112120290", "112120640", "112120990", "112121351", "113117340", "113118490", "113118690", "113118870", "113119300", "113119340", "113120601", "113121010", "113121190", "113121220", "113121980", "113122180", "113122650"], "labels": [0, 2, 0, 1, 2, 2, 2, 0, 0, 2, 3, 0, 1, 3, 1, 3, 0, 2, 1, 2, 1, 0, 2, 3, 1, 0, 2, 0, 1, 2, 2, 0, 0, 0, 1, 2, 1, 3, 3, 1, 2, 1, 2, 0, 2, 3, 0, 3, 2, 3, 3, 3, 1, 0, 0, 3, 1, 1, 1, 1, 3, 0, 1, 1, 3, 3, 0, 1, 2, 1, 1, 0, 2, 0, 2, 2, 0, 3, 1, 3, 3, 3, 3, 3, 3, 1, 1, 2, 3, 0, 0, 1, 3, 3, 1, 3, 0, 0, 2, 3, 0, 3, 1, 3, 0, 2, 3, 2, 0, 3, 3, 2, 0, 3, 1, 3, 1, 1, 3, 3, 1, 1, 1, 1, 0, 1, 0, 2, 0, 2, 1, 3, 0, 1, 0, 2, 2, 1, 3, 2, 2, 2], "predicted_labels": [3, 1, 1, 1, 2, 3, 2, 3, 0, 0, 2, 3, 2, 3, 2, 2, 0, 3, 1, 3, 1, 1, 3, 2, 0, 1, 1, 1, 1, 1, 1, 1, 1, 2, 3, 1, 1, 1, 0, 1, 3, 2, 3, 3, 3, 0, 2, 3, 2, 1, 1, 1, 1, 1, 0, 1, 0, 3, 3, 2, 1, 1, 3, 1, 1, 1, 2, 1, 1, 3, 1, 1, 0, 2, 1, 1, 1, 3, 1, 3, 0, 0, 3, 1, 0, 3, 0, 3, 3, 3, 2, 1, 1, 0, 1, 3, 0, 0, 1, 0, 2, 1, 0, 0, 1, 0, 3, 1, 0, 0, 3, 3, 1, 0, 0, 3, 0, 0, 1, 1, 0, 2, 1, 3, 0, 0, 0, 3, 1, 1, 0, 1, 1, 3, 0, 1, 1, 0, 3, 1, 3, 3], "confidence_scores": [[0.33648415803911325, 0.10954997876444934, 0.11782747027716113, 0.4361383929192763], [0.23203619876873371, 0.30226170620226545, 0.2370558378692122, 0.22864625715978854], [0.11823621975873931, 0.36924051020475207, 0.1486136767989726, 0.36390959323753597], [0.25600460385992746, 0.3018984066135136, 0.18927957649015517, 0.25281741303640387], [0.2916592315919727, 0.15088667295427016, 0.3195541634854006, 0.2378999319683564], [0.2685564879726796, 0.2328829039805585, 0.15764388790335845, 0.3409167201434035], [0.17888771063369713, 0.2340639298610043, 0.3791188090776369, 0.20792955042766187], [0.25244086098715374, 0.16984676604214252, 0.27449840786251933, 0.30321396510818455], [0.37466385742083713, 0.2871805323596057, 0.10476688603858263, 0.23338872418097445], [0.3894522790126532, 0.24652179709795272, 0.08261599778413185, 0.28140992610526233], [0.2200889602359449, 0.27150699218050617, 0.2743137588029449, 0.23409028878060403], [0.18216648489986592, 0.20752351241095707, 0.26871075314758053, 0.3415992495415964], [0.12879018683445925, 0.24088260101141246, 0.3976721472007681, 0.2326550649533603], [0.28778564026304676, 0.2778459248698635, 0.1137091424338833, 0.3206592924332065], [0.19316434301375876, 0.18774327082090192, 0.4308771269687967, 0.18821525919654275], [0.28752865155410545, 0.11128198418863816, 0.4037689549647752, 0.19742040929248114], [0.39627917292878473, 0.23690031713933404, 0.18827544483093758, 0.17854506510094356], [0.16699897872263933, 0.3052619968545055, 0.11665513925836866, 0.41108388516448663], [0.08378615390786044, 0.7141131961549279, 0.09228543827890007, 0.10981521165831165], [0.08397020778355917, 0.3548067534255557, 0.1798501964554801, 0.3813728423354052], [0.3309713792926654, 0.34346737743911393, 0.14687889726684625, 0.17868234600137453], [0.1618307776417178, 0.4023514647566604, 0.11845158036290292, 0.31736617723871896], [0.25723885587273265, 0.1616436649411282, 0.24326119811239003, 0.33785628107374904], [0.17195740551558011, 0.08545459999691908, 0.5321375597642762, 0.21045043472322464], [0.5026792004479492, 0.11354677894618492, 0.16158285067931838, 0.22219116992654747], [0.33543247255515124, 0.3491199655725807, 0.12140282826316591, 0.19404473360910232], [0.09588930550772526, 0.5829998824840202, 0.11108169484926829, 0.21002911715898614], [0.2148411809412848, 0.44255490421563864, 0.11837160600427914, 0.2242323088387975], [0.23024817368823197, 0.3155875712318496, 0.15780887544588956, 0.2963553796340289], [0.09315255942456799, 0.42209788385583213, 0.10056029641953282, 0.38418926030006706], [0.12151760355118252, 0.47951978970825976, 0.10774756303288871, 0.29121504370766915], [0.19737890581408082, 0.43426211479749227, 0.13225241298251636, 0.23610656640591052], [0.2842308825847726, 0.33024800395851966, 0.10583741302249168, 0.27968370043421625], [0.16141587632114168, 0.2561346496194092, 0.3014851551154815, 0.2809643189439676], [0.2667311039857384, 0.2636031340690289, 0.19544213956129325, 0.2742236223839394], [0.18166030240158654, 0.45519205971594423, 0.13085545687725372, 0.23229218100521554], [0.12180444414200071, 0.4892718167893102, 0.19424292794467832, 0.19468081112401095], [0.04684321723510469, 0.5166559133782569, 0.0833930599999212, 0.35310780938671726], [0.3271251964904909, 0.27040559755781524, 0.12181148775850524, 0.28065771819318874], [0.2958167186976256, 0.31515272459476346, 0.2572586538232492, 0.1317719028843618], [0.278141368894952, 0.24104263263114187, 0.11563160296467684, 0.3651843955092294], [0.12027466551145491, 0.18052280713789023, 0.5969222504346152, 0.10228027691603964], [0.22158405926133312, 0.2929749490891526, 0.18577064572715962, 0.2996703459223548], [0.1510590865547874, 0.17231497349717168, 0.33271723259292785, 0.34390870735511303], [0.2611321125801353, 0.17094070138602052, 0.20263005553617755, 0.3652971304976667], [0.3618740757467244, 0.23851701745175688, 0.16868689280123422, 0.2309220140002846], [0.16959484379205333, 0.12337748967309858, 0.5888010008994636, 0.11822666563538435], [0.2084135641245422, 0.09491908669857452, 0.12481494150441316, 0.57185240767247], [0.17392157336606215, 0.12958105037447465, 0.37755783124033304, 0.31893954501913024], [0.21143514125028043, 0.38574492561585527, 0.09119202606967546, 0.31162790706418875], [0.27130222189629666, 0.3478427190531735, 0.0872276201428028, 0.29362743890772713], [0.2736722012976344, 0.346023496490427, 0.18107622088680592, 0.19922808132513278], [0.23868184772848283, 0.33395770190882595, 0.16537149207351126, 0.26198895828918], [0.28763546087283925, 0.3330021780027387, 0.14370263975185846, 0.23565972137256352], [0.3801811701104997, 0.17126390993265841, 0.08343598623343627, 0.36511893372340565], [0.1726776786235553, 0.6138507864536289, 0.08354578473629697, 0.1299257501865187], [0.3386066809240408, 0.17059404189205643, 0.15644670134367852, 0.33435257584022426], [0.1965223159731904, 0.25799648402230485, 0.22976766005073854, 0.31571353995376633], [0.3054273467771814, 0.2768043734126885, 0.10816618857077731, 0.3096020912393529], [0.046792990903368706, 0.2383113960979424, 0.5288873421045213, 0.18600827089416752], [0.160910287772417, 0.3663600762346988, 0.22654372253542612, 0.24618591345745813], [0.125810743117243, 0.5109983109326878, 0.1236278307059698, 0.23956311524409943], [0.22164706056147743, 0.31047559510240313, 0.14510906768928322, 0.3227682766468361], [0.06753342864530504, 0.6778927155100238, 0.0685157143077803, 0.18605814153689082], [0.21150018491354822, 0.4758198854786889, 0.15755810278129204, 0.15512182682647085], [0.2838609078691161, 0.3196523126343542, 0.22280680066163888, 0.17367997883489084], [0.18622976842243208, 0.09598174397392449, 0.4336792482038939, 0.28410923939974947], [0.10131560384523354, 0.4661008784577997, 0.05814867703890272, 0.37443484065806404], [0.14457841544381975, 0.4671857778057138, 0.23597562801235955, 0.1522601787381069], [0.17360647943349358, 0.19688614592767087, 0.3022899712438557, 0.32721740339497996], [0.17927637545052919, 0.48374853400464973, 0.16100508657813278, 0.17597000396668827], [0.22096379959250556, 0.33539927293866795, 0.1952335281718652, 0.24840339929696137], [0.5518657461297405, 0.16368475097454785, 0.08654789700928703, 0.19790160588642466], [0.16560539212233663, 0.25309295233171125, 0.434476802378085, 0.14682485316786734], [0.16081778017196624, 0.3383538454404379, 0.17355444813911086, 0.32727392624848495], [0.15690736515436765, 0.5992838395175824, 0.08040146045147784, 0.1634073348765723], [0.27101654215232907, 0.3511002184489836, 0.11149725554451684, 0.26638598385417056], [0.28599605975335635, 0.2408815019715789, 0.15914483857633416, 0.3139775996987308], [0.31354043542445204, 0.35501764730099694, 0.1636516232488298, 0.16779029402572138], [0.25887415635679645, 0.2056119010881144, 0.17607957716532516, 0.3594343653897643], [0.3024230910170593, 0.2571480797474184, 0.14506726993503485, 0.29536155930048763], [0.4118985690243308, 0.23265907065897867, 0.11559387805299857, 0.2398484822636921], [0.2395770821961661, 0.28417582970030797, 0.17644429310111828, 0.2998027950024077], [0.2773192891679579, 0.32285845492805454, 0.16752062920550265, 0.23230162669848495], [0.4771194741143742, 0.1932657106863946, 0.11436357475009004, 0.215251240449141], [0.31218912627280004, 0.30372622177160113, 0.056128868495386654, 0.32795578346021215], [0.3429598376753241, 0.3361215965393644, 0.13350460247117846, 0.18741396331413307], [0.2845552022018724, 0.26924860196935074, 0.13809464479051367, 0.30810155103826325], [0.2037482200488754, 0.2858693102976833, 0.15407738774605031, 0.35630508190739124], [0.2870344331217363, 0.2008590024049519, 0.09530561581141667, 0.41680094866189504], [0.2384983691552323, 0.1636633818124323, 0.36414978928584163, 0.23368845974649377], [0.23236123552815943, 0.4074526460285768, 0.08041365056366552, 0.27977246787959836], [0.18597249908119176, 0.47888566949038897, 0.11723465041269533, 0.21790718101572404], [0.49473518879594003, 0.1633958504052297, 0.08385989677906779, 0.2580090640197626], [0.1771045385650112, 0.5840099934320631, 0.08101237707467952, 0.15787309092824606], [0.09717618123000915, 0.18814265610990677, 0.2322985127797471, 0.48238264988033697], [0.40556214318636763, 0.2033811017593672, 0.10051762746608758, 0.2905391275881776], [0.28598173834844137, 0.24821838763341852, 0.19562970142879982, 0.2701701725893402], [0.07439216175678608, 0.6149548133193131, 0.058114718527991244, 0.2525383063959098], [0.7393513555036, 0.0858122758955645, 0.05021814492994575, 0.12461822367088987], [0.1791797659515966, 0.18742047307729948, 0.40099503159818844, 0.23240472937291556], [0.19759034105014522, 0.6004173240814894, 0.06775919216791473, 0.1342331427004507], [0.38835200619332516, 0.2877286973612382, 0.0782175121912653, 0.24570178425417133], [0.583294744938467, 0.15446185998374198, 0.06650174218095173, 0.19574165289683945], [0.13477695034297327, 0.4700052166744819, 0.17467176073734894, 0.22054607224519587], [0.4674592891125074, 0.17239794257708496, 0.05841975767989258, 0.301723010630515], [0.2886641946261889, 0.1242851845187015, 0.09246339977490152, 0.49458722108020814], [0.268364513312242, 0.4023392786957477, 0.12783069169374417, 0.20146551629826606], [0.3883409905712009, 0.25790846769400305, 0.11024873271419305, 0.24350180902060298], [0.34524681565651527, 0.172217614842173, 0.20264448756125403, 0.2798910819400578], [0.284993746473742, 0.1089812634675514, 0.0787877296227041, 0.5272372604360024], [0.19082664335985924, 0.30769628995908466, 0.1472127938878965, 0.3542642727931596], [0.09961533477092156, 0.5175098602907119, 0.08039533865021854, 0.302479466288148], [0.3686002133303626, 0.27206694615701243, 0.08215192974015367, 0.2771809107724713], [0.5609721673208573, 0.15987933757945935, 0.06762356174077477, 0.21152493335890865], [0.33881789624499054, 0.18210129910780398, 0.09111993574752088, 0.38796086889968456], [0.32700478597443633, 0.17954969807284774, 0.23168865327659655, 0.2617568626761193], [0.4372495206689091, 0.2534864057245912, 0.08474927441806956, 0.22451479918843018], [0.19132161248732218, 0.42261979160001256, 0.16683971715757073, 0.21921887875509458], [0.19500340331074306, 0.40019581493744955, 0.0908183962030392, 0.31398238554876823], [0.5761246489174527, 0.10278266378097639, 0.09543132549046585, 0.225661361811105], [0.306047233556969, 0.16641851876867145, 0.35708654683432484, 0.17044770084003477], [0.08340540794345287, 0.5303687009531106, 0.16293883065927428, 0.22328706044416222], [0.20990678783877384, 0.2961665663367897, 0.1358224767776359, 0.3581041690468007], [0.8170938345527621, 0.06780327768859287, 0.048836106757198766, 0.06626678100144616], [0.5636071646297469, 0.110967563035568, 0.1437748834155652, 0.18165038891911986], [0.44534705862953883, 0.1527597718113873, 0.2032951483700795, 0.19859802118899447], [0.11171649386067119, 0.3510014658578473, 0.06838822721638123, 0.46889381306510014], [0.1072157200836031, 0.5869246556570157, 0.04534003814843913, 0.26051958611094217], [0.09954319087482585, 0.4963515885471224, 0.24697964224151128, 0.15712557833654045], [0.4454750220949383, 0.20055543817554766, 0.06653486181117686, 0.28743467791833727], [0.2593542243847499, 0.3351149922915999, 0.18341980442679287, 0.2221109788968573], [0.26665166453031414, 0.4168565258483573, 0.09490779727697769, 0.22158401234435082], [0.30941097977933, 0.3111796459298662, 0.06494463996205443, 0.31446473432874944], [0.4482276870533024, 0.23592032248565653, 0.08632100916594633, 0.22953098129509464], [0.1531486127505528, 0.3422037024590369, 0.24343262368681517, 0.2612150611035952], [0.11967252646496472, 0.5900578504447725, 0.06819889933696247, 0.22207072375330025], [0.40537118170615777, 0.29666780896787226, 0.09974949371260121, 0.19821151561336886], [0.12855781446527148, 0.17454150010278896, 0.2497162882897406, 0.44718439714219904], [0.0680593763478884, 0.4985775933198112, 0.11113767568970065, 0.32222535464259966], [0.14769147647107164, 0.24456916092734438, 0.10624652077461179, 0.5014928418269722], [0.262526664760674, 0.278673232996581, 0.06773825600938263, 0.39106184623336254]]}}