{"test": {"ids": ["108118810", "103111830", "101114020", "111115620", "103112641", "97112830", "107119950", "101108080", "99112531", "107114490", "106117650", "98120530", "98109090", "104113240", "106118301", "105119950", "113120280", "110115890", "111121410", "105115720", "104114410", "97116500", "108114360", "112119320", "112118550", "108119510", "113119120", "107118120", "102109850", "104118070", "111116010", "112118860", "101113210", "109116441", "97109570", "99111930", "111116040", "98108150", "110114561", "111118810", "107113200", "113119320", "111118820", "111114171", "107114110", "106119990", "112116401", "99111620", "102117351", "113118511", "110121500", "99109740", "98110680", "113118690", "107120130", "109117730", "101112540", "105118740", "108113700", "102107961", "104110960", "98110710", "110114920", "105117351", "112117471", "109117600", "111118910", "111120591", "103111170", "113122320", "111119430", "103113640", "107113180", "106120290", "102112250", "108121410", "104113190", "102114270", "107121640", "103120531", "98106560", "100109801", "106115120", "111120220", "98116090", "102116340", "110119891", "105112240", "97110950", "110115250", "99109161", "97105760", "111120190", "105116980", "108115570", "101108370", "110117870", "100107920", "102113350", "97107260", "106120640", "99109141", "112120990", "98121790", "109117271", "113118820", "105113190", "98107410", "109113281", "103120730", "99112641", "97106600", "103110100", "104117200", "111116290", "110115980", "107120260", "110113931", "107114321", "105118171", "103120290", "108120700", "111120320", "113122150", "106111321", "110117500", "98107380", "98117740", "99108580", "106121190", "100108490", "97105580", "105111990", "111119580", "112116880", "103113610", "112117571", "100111380", "112119450", "110118740", "99111440", "105119550"], "labels": [1, 3, 3, 1, 3, 2, 3, 0, 3, 3, 1, 1, 1, 2, 1, 3, 0, 2, 0, 1, 1, 2, 1, 1, 3, 1, 3, 3, 1, 2, 1, 3, 3, 3, 0, 1, 0, 0, 0, 0, 0, 1, 0, 3, 1, 0, 0, 3, 1, 1, 3, 3, 2, 3, 2, 3, 2, 1, 0, 3, 2, 2, 3, 0, 3, 1, 0, 1, 2, 1, 3, 1, 3, 2, 0, 0, 3, 3, 1, 3, 1, 0, 1, 3, 0, 3, 3, 1, 3, 1, 3, 0, 3, 0, 3, 1, 3, 0, 3, 2, 3, 3, 2, 2, 0, 0, 3, 3, 0, 1, 1, 3, 1, 3, 2, 1, 1, 1, 0, 3, 2, 2, 1, 2, 0, 1, 1, 2, 0, 2, 2, 1, 2, 3, 0, 2, 3, 3, 3, 3, 3, 1], "predicted_labels": [1, 3, 3, 0, 1, 3, 0, 0, 1, 3, 1, 3, 3, 1, 0, 3, 0, 0, 0, 1, 1, 1, 0, 1, 0, 3, 0, 3, 1, 2, 1, 1, 0, 0, 0, 3, 3, 1, 0, 0, 1, 1, 0, 0, 0, 0, 0, 1, 0, 1, 0, 1, 1, 1, 0, 1, 1, 1, 1, 3, 1, 2, 1, 1, 1, 1, 1, 0, 0, 1, 1, 0, 1, 3, 3, 1, 1, 1, 0, 1, 1, 3, 0, 0, 1, 1, 3, 1, 0, 1, 0, 0, 0, 3, 1, 0, 3, 0, 3, 1, 1, 1, 1, 3, 3, 0, 0, 0, 0, 1, 0, 1, 1, 0, 1, 0, 3, 1, 0, 1, 1, 0, 3, 1, 1, 3, 0, 3, 1, 1, 1, 0, 1, 0, 1, 1, 1, 1, 0, 0, 3, 1], "confidence_scores": [[0.22796700195229605, 0.3578148518148519, 0.15330393217893223, 0.26091421405392007], [0.2705990675990676, 0.20157246919746918, 0.19227174214674225, 0.33555672105672096], [0.23314303751803755, 0.2760695901320901, 0.17348764430014427, 0.3172997280497281], [0.27188726551226555, 0.2674291819291819, 0.20245442057942062, 0.258229131979132], [0.29086832611832614, 0.30624415861915866, 0.15803998778998773, 0.24484752747252755], [0.2696697191697193, 0.22778468059718066, 0.201576270951271, 0.30096932928182923], [0.31824295843045847, 0.23026964008214013, 0.1900738289488289, 0.26141357253857267], [0.3244536643911646, 0.25906837606837607, 0.21353658147408155, 0.20294137806637816], [0.23968872793872792, 0.33002716727716724, 0.2331936882561883, 0.1970904165279165], [0.2722512487512487, 0.24321686646686647, 0.2108197635697637, 0.2737121212121213], [0.27355207292707295, 0.2755856782106782, 0.19390373515373518, 0.2569585137085137], [0.2618661963036964, 0.25675835275835274, 0.2002746073371074, 0.2811008436008437], [0.29743542568542575, 0.21907052669552676, 0.18500566100566104, 0.29848838661338656], [0.2224009879009878, 0.338431512931513, 0.21132054750804743, 0.22784695165945165], [0.4373229686979687, 0.22552976190476184, 0.13152135364635364, 0.20562591575091582], [0.269652437839938, 0.24683751226843337, 0.21173234148892042, 0.2717777084027084], [0.32260407647907646, 0.2449383116883118, 0.1231706349206349, 0.30928697691197704], [0.29774657287157286, 0.29252904040404043, 0.17784704184704178, 0.2318773448773449], [0.2855085053835055, 0.2818750138750139, 0.1473899295149295, 0.28522655122655133], [0.24111922799422802, 0.2876690115440116, 0.2284204545454546, 0.24279130591630588], [0.1930422910422911, 0.2928258893883893, 0.25984855422355424, 0.25428326534576534], [0.2766980519480519, 0.30063550338550354, 0.1940000832500833, 0.2286663614163614], [0.2896370712620712, 0.23375435675435693, 0.2127996586746586, 0.2638089133089133], [0.2156985930735931, 0.33911589105339096, 0.17430014430014432, 0.2708853715728717], [0.3069059343434344, 0.28486210317460314, 0.14197456709956707, 0.26625739538239546], [0.25946014769544185, 0.22207274669774663, 0.17128324453324453, 0.347183861073567], [0.33124915362415364, 0.2616294955044955, 0.17022155622155621, 0.23689979464979458], [0.26246957209457217, 0.248992784992785, 0.17727260239760245, 0.31126504051504045], [0.2378183483183484, 0.2871269936204147, 0.26878645404303303, 0.20626820401820406], [0.2185906593406594, 0.2508703796203797, 0.2741011488511488, 0.2564378121878122], [0.22647954822954827, 0.3018554778554779, 0.2241774753024753, 0.24748749861249864], [0.22884956709956708, 0.31434000721500727, 0.17867234848484853, 0.27813807720057737], [0.3762461982461982, 0.26065698190698194, 0.17123096348096348, 0.19186585636585637], [0.3479020285270287, 0.23358649683649685, 0.14709083971583972, 0.27142063492063495], [0.4556850698321287, 0.20630045159089275, 0.1511605616605616, 0.18685391691641684], [0.2426230158730158, 0.2697451298701299, 0.1742738095238095, 0.3133580447330448], [0.2771402763902765, 0.2863819097569096, 0.13652866577866576, 0.29994914807414813], [0.2382970085470086, 0.2872009714142069, 0.22941233276527395, 0.24508968727351088], [0.3107728937728939, 0.2750574425574425, 0.14994569319569315, 0.26422397047397045], [0.2834117965367966, 0.2587974941724941, 0.1810192446442447, 0.2767714646464647], [0.2369801587301589, 0.31198151154401155, 0.13917947330447328, 0.3118588564213564], [0.29124639249639256, 0.3402325840009663, 0.13584994947862591, 0.23267107402401532], [0.3905681124431124, 0.19849554612054607, 0.16140207015207012, 0.2495342712842713], [0.328652417027417, 0.260008116883117, 0.15670812520812524, 0.25463134088134093], [0.37595994283494294, 0.19493120768120772, 0.15672319347319347, 0.27238565601065606], [0.2999678932178933, 0.262694388944389, 0.19426430513930512, 0.24307341269841276], [0.34911467698967696, 0.22816593129093143, 0.1433755411255411, 0.2793438505938507], [0.2164345238095238, 0.3353480699297263, 0.21103178714130727, 0.23718561911944253], [0.3092483766233766, 0.25893759018759027, 0.20107079725829738, 0.230743235930736], [0.2695168303918305, 0.28780722055722047, 0.18234748584748586, 0.2603284632034633], [0.3322494311244311, 0.23496030358530354, 0.1736923423798424, 0.259097922910423], [0.20483666333666334, 0.2874106726606726, 0.2609734570984572, 0.24677920690420688], [0.27045340770340787, 0.28727110389610394, 0.22608519258519255, 0.2161902958152958], [0.23004587079587094, 0.29526340326340333, 0.23272201409701407, 0.24196871184371183], [0.29586610611610614, 0.25466185203685215, 0.20277573815073816, 0.24669630369630366], [0.20788292957042967, 0.2982408633033633, 0.2314481074481075, 0.2624280996780997], [0.23754419191919196, 0.3282778818403819, 0.18339652014652016, 0.25078140609390615], [0.1928421717171717, 0.308148865023865, 0.24647668997669, 0.2525322732822734], [0.17113712676212675, 0.3355424008181361, 0.18894457136001247, 0.30437590105972473], [0.22046257419051543, 0.2765320145540733, 0.16801103063603062, 0.3349943806193808], [0.20839156676656667, 0.2951428293928295, 0.21019857919857923, 0.28626702464202464], [0.2392009587634588, 0.22431052893185247, 0.28575526638394283, 0.2507332459207459], [0.2194154546433958, 0.3341689054409644, 0.2206138722388722, 0.2258017676767677], [0.2685750915750917, 0.3022353202353203, 0.16305284992784988, 0.2661367382617384], [0.22203073315573313, 0.3198815351315352, 0.19072147297147304, 0.2673662587412588], [0.2808471944721945, 0.2813623737373737, 0.17167914030414033, 0.2661112914862916], [0.27333609935815834, 0.3131044323323734, 0.1624318043068043, 0.25112766400266406], [0.31506857439945674, 0.2480846763530588, 0.1890712955345308, 0.24777545371295376], [0.36329797979797973, 0.25366258741258746, 0.16577133977133976, 0.21726809301809294], [0.1993580031080031, 0.2944865551115552, 0.24694171106671106, 0.25921373071373077], [0.2349097985347985, 0.3090166557298911, 0.20640538138332254, 0.24966816435198802], [0.3843737373737373, 0.22427802752802756, 0.14210485347985347, 0.2492433816183816], [0.21936693861693862, 0.2868378288378289, 0.20753484015984022, 0.28626039238539247], [0.19493259518259515, 0.26054935750523994, 0.23916763179630832, 0.3053504155158566], [0.23925450937950943, 0.26039682539682546, 0.22405448717948714, 0.276294178044178], [0.291067390942391, 0.32835694860694864, 0.1599618159618159, 0.2206138444888446], [0.21322437284937287, 0.3516066711066712, 0.16683304195804194, 0.26833591408591423], [0.21268169330669334, 0.33682765151515154, 0.1962273837273837, 0.25426327145077143], [0.27813121600621604, 0.27569166944166956, 0.2109990564990565, 0.23517805805305803], [0.2977703962703963, 0.32361080586080604, 0.15181342268842266, 0.22680537518037525], [0.17130794205794206, 0.3499204684204686, 0.20735187728937732, 0.2714197122322124], [0.25024879287379287, 0.24924088329970684, 0.2388374550286315, 0.26167286879786894], [0.29171808746808753, 0.28448531329781335, 0.16170458707958704, 0.26209201215451217], [0.34602264891970774, 0.25862123497417616, 0.16147197247197245, 0.2338841436341437], [0.2741842046842047, 0.2987980352980353, 0.2115629786879787, 0.21545478132978135], [0.21732166444666456, 0.293557525807526, 0.2338045565545566, 0.25531625319125323], [0.2761033945629534, 0.27289792356336484, 0.1744415723165723, 0.2765571095571096], [0.19180919774669775, 0.3594694264069263, 0.2049267676767677, 0.2437946081696082], [0.36631024204553614, 0.19084102009102005, 0.16944332056832057, 0.27340541729512324], [0.2550943362193362, 0.32924019607843147, 0.1474452720482132, 0.26822019565401933], [0.34900018527224397, 0.22975622498416612, 0.21397066128316122, 0.20727292846042847], [0.32338340825840844, 0.28262950937950937, 0.18095858308358306, 0.2130284992784992], [0.27225552225552224, 0.2717487026862027, 0.20665487984237987, 0.24934089521589528], [0.2828145743145744, 0.21929108391608385, 0.17804093129093126, 0.31985341047841054], [0.22414357864357864, 0.37445143745143766, 0.17172779997779986, 0.22967718392718392], [0.35908237595737597, 0.20236183261183258, 0.1778358585858586, 0.2607199328449329], [0.2662880591630592, 0.2402935259185259, 0.18734829059829064, 0.3060701243201244], [0.4403567127317127, 0.18729725829725827, 0.15908334720834721, 0.21326268176268173], [0.1899366883116883, 0.26778024753024743, 0.26261706349206343, 0.27966600066600067], [0.21008807858807863, 0.30920530164280163, 0.21468890831390838, 0.26601771145521147], [0.20095725108225107, 0.347734126984127, 0.20876821789321792, 0.24254040404040406], [0.2427951492951493, 0.29985189728572087, 0.20883123902241552, 0.24852171439671447], [0.18511999111999117, 0.3275784978909981, 0.20746662365412372, 0.27983488733488737], [0.22784505772005775, 0.23921142052392053, 0.226324383949384, 0.30661913780663796], [0.23563990176490182, 0.28831143774526136, 0.18521552630376165, 0.29083313418607554], [0.30699168886668887, 0.2713616522366522, 0.16928567266067263, 0.2523609862359864], [0.3224704878454878, 0.2236456313294549, 0.20864072120689778, 0.24524315961815968], [0.31663890970140973, 0.24823876123876132, 0.21267227910977904, 0.22245004995005005], [0.28474975024975024, 0.25586521689095226, 0.20008296768590894, 0.2593020651733887], [0.28469300144300147, 0.28474196636696625, 0.20085081585081585, 0.22971421633921632], [0.2906253468753469, 0.2869501678876679, 0.18937160062160063, 0.2330528846153847], [0.2477359862359863, 0.29230119186369186, 0.18106879231879233, 0.2788940295815295], [0.24453330003330007, 0.32221604784104785, 0.20744172494172486, 0.22580892718392717], [0.29594498556998566, 0.24650018037518034, 0.16310209235209236, 0.29445274170274177], [0.22308853646353646, 0.330813838938839, 0.18861582861582854, 0.25748179598179605], [0.26901042707292716, 0.2537476898101899, 0.22489711677211677, 0.2523447663447663], [0.21173466810966815, 0.28520438763163236, 0.20141567286342832, 0.30164527139527136], [0.27845902014652013, 0.29349961843711847, 0.1550099206349206, 0.27303144078144087], [0.31420002220002224, 0.2544815462315463, 0.13633674658674655, 0.294981684981685], [0.21116981629481632, 0.3109227300477301, 0.2415569153069153, 0.23635053835053835], [0.1918289627039627, 0.3271312298812299, 0.21086203379953375, 0.2701777736152735], [0.4982439921189921, 0.17438382450882448, 0.14375939338439334, 0.18361278998779], [0.22690168165168167, 0.2608005744255744, 0.22629738317238332, 0.2860003607503609], [0.2024059829059829, 0.3373336247086248, 0.1736705655455655, 0.286589826839827], [0.23272090409590407, 0.346642551892552, 0.17712049062049062, 0.24351605339105337], [0.2279639180264181, 0.3064659299034299, 0.14707604895104892, 0.3184941031191032], [0.3596231129981129, 0.17103889166389166, 0.2547512140637141, 0.21458678127428132], [0.216864787989788, 0.2677920274170275, 0.22048160173160164, 0.2948615828615829], [0.26981511544011544, 0.29959559884559883, 0.19022130647130653, 0.24036797924297937], [0.21885915473415474, 0.33148871961371973, 0.1968537157287157, 0.25279840992340996], [0.23074625374625374, 0.2755604387442624, 0.22934595143418668, 0.26434735607529736], [0.29555062992562986, 0.2771311743811744, 0.21398047785547786, 0.21333771783771777], [0.24008381895881897, 0.30007364857364865, 0.18147698135198131, 0.27836555111555117], [0.35738479575979576, 0.25312932900432894, 0.18632568820068818, 0.20316018703518704], [0.17792622655122659, 0.33215025252525265, 0.22001870351870356, 0.26990481740481753], [0.2479613095238096, 0.2663629911754913, 0.25001744089244105, 0.23565825840825838], [0.2648473817848818, 0.3016368561993562, 0.1403959651459651, 0.29311979686979694], [0.23033824590442242, 0.29021048804137045, 0.2010500112632465, 0.2784012547909607], [0.31180826118326116, 0.2527160894660895, 0.14228679653679652, 0.29318885281385293], [0.3241898101898104, 0.23238257575757576, 0.1869159590409591, 0.2565116550116551], [0.21963654401154392, 0.2944841269841271, 0.1809511044511045, 0.30492822455322455], [0.2582091625694567, 0.3179832528582531, 0.2103414571539572, 0.2134661274183333]]}, "rewritten": {"ids": ["97105580", "97105760", "97106600", "97107260", "97109570", "97110950", "97112830", "97116500", "98106560", "98107380", "98107410", "98108150", "98109090", "98110680", "98110710", "98116090", "98117740", "98120530", "98121790", "99108580", "99109141", "99109161", "99109740", "99111440", "99111620", "99111930", "99112531", "99112641", "100107920", "100108490", "100109801", "100111380", "101108080", "101108370", "101112540", "101113210", "101114020", "102107961", "102109850", "102112250", "102113350", "102114270", "102116340", "102117351", "103110100", "103111170", "103111830", "103112641", "103113610", "103113640", "103120290", "103120531", "103120730", "104110960", "104113190", "104113240", "104114410", "104117200", "104118070", "105111990", "105112240", "105113190", "105115720", "105116980", "105117351", "105118171", "105118740", "105119550", "105119950", "106111321", "106115120", "106117650", "106118301", "106119990", "106120290", "106120640", "106121190", "107113180", "107113200", "107114110", "107114321", "107114490", "107118120", "107119950", "107120130", "107120260", "107121640", "108113700", "108114360", "108115570", "108118810", "108119510", "108120700", "108121410", "109113281", "109116441", "109117271", "109117600", "109117730", "110113931", "110114561", "110114920", "110115250", "110115890", "110115980", "110117500", "110117870", "110118740", "110119891", "110121500", "111114171", "111115620", "111116010", "111116040", "111116290", "111118810", "111118820", "111118910", "111119430", "111119580", "111120190", "111120220", "111120320", "111120591", "111121410", "112116401", "112116880", "112117471", "112117571", "112118550", "112118860", "112119320", "112119450", "112120990", "113118511", "113118690", "113118820", "113119120", "113119320", "113120280", "113122150", "113122320"], "labels": [1, 0, 3, 2, 0, 3, 2, 2, 1, 1, 3, 0, 1, 2, 2, 0, 2, 1, 2, 0, 3, 3, 3, 3, 3, 1, 3, 1, 0, 2, 0, 3, 0, 1, 2, 3, 3, 3, 1, 0, 3, 3, 3, 1, 1, 2, 3, 3, 2, 1, 2, 3, 1, 2, 3, 2, 1, 3, 2, 2, 1, 3, 1, 0, 0, 3, 1, 1, 3, 0, 1, 1, 1, 0, 2, 3, 2, 3, 0, 1, 0, 3, 3, 3, 2, 1, 1, 0, 1, 3, 1, 1, 2, 0, 0, 3, 0, 1, 3, 1, 0, 3, 1, 2, 1, 1, 3, 3, 3, 3, 3, 1, 1, 0, 2, 0, 0, 0, 3, 3, 3, 3, 1, 1, 0, 0, 0, 3, 3, 3, 3, 1, 3, 2, 1, 3, 0, 3, 1, 0, 2, 1], "predicted_labels": [0, 0, 0, 0, 0, 0, 0, 0, 0, 0, 0, 0, 0, 0, 1, 0, 0, 0, 0, 0, 0, 0, 0, 0, 0, 0, 0, 0, 0, 0, 0, 0, 0, 0, 0, 0, 0, 0, 0, 0, 0, 0, 0, 0, 0, 0, 0, 0, 0, 0, 0, 0, 0, 0, 0, 1, 0, 0, 0, 0, 0, 0, 0, 0, 0, 0, 0, 0, 0, 0, 0, 0, 0, 0, 3, 0, 0, 0, 0, 0, 0, 0, 0, 0, 0, 0, 0, 0, 0, 0, 0, 0, 0, 0, 0, 0, 0, 0, 0, 0, 0, 0, 0, 0, 0, 0, 0, 0, 0, 0, 0, 0, 1, 0, 0, 0, 0, 0, 0, 0, 0, 0, 0, 0, 0, 0, 3, 0, 0, 0, 0, 0, 0, 0, 0, 0, 0, 0, 0, 0, 0, 0], "confidence_scores": [[0.3552828421578422, 0.24453456265956272, 0.174030969030969, 0.22615162615162615], [0.31973334998335007, 0.25890788378288376, 0.1623297258297258, 0.25902904040404034], [0.403953144078144, 0.213313727938728, 0.1822199050949051, 0.2005132228882229], [0.32615896603396605, 0.2524694610944611, 0.2213346514596515, 0.2000369214119214], [0.4577602536352538, 0.19076956376956378, 0.1768226495726496, 0.17464753302253302], [0.46002569652569664, 0.14459582084582082, 0.19665586496836496, 0.1987226176601177], [0.42176635864135853, 0.20058098845598843, 0.14681719669219664, 0.23083545621045634], [0.3710119047619048, 0.2740364357864357, 0.14603733766233762, 0.2089143217893218], [0.2774279609279608, 0.24803078865578865, 0.20047173659673662, 0.2740695138195139], [0.4036339493839493, 0.17356234043734042, 0.1940542651792652, 0.22874944499944497], [0.49035101010101007, 0.2126459235209236, 0.13745039682539678, 0.15955266955266956], [0.3238768592518593, 0.25069300144300155, 0.22456517094017092, 0.20086496836496845], [0.404266960164019, 0.24713085443967794, 0.16537882542294308, 0.18322335997335995], [0.310799431777373, 0.2625687833408422, 0.18071188533688534, 0.24591989954489957], [0.24537696127402, 0.32248102357738573, 0.19930302080959975, 0.23283899433899444], [0.29150740925740926, 0.26266372516372516, 0.24507954545454547, 0.20074932012432012], [0.33941587579087573, 0.25051159951159957, 0.17679838217338215, 0.23327414252414255], [0.3709758852258853, 0.23134163059163057, 0.18136230436230436, 0.2163201798201798], [0.33332745032745037, 0.2756690947940949, 0.19230448717948712, 0.19869896769896778], [0.3950266539016538, 0.2286505439005439, 0.15885786435786428, 0.21746493783993784], [0.42889896214896217, 0.2350676268176268, 0.13811445498945496, 0.19791895604395612], [0.43263798701298706, 0.19574080086580087, 0.181412518037518, 0.19020869408369406], [0.30716325341325357, 0.2528826312576312, 0.20490863303363308, 0.2350454822954822], [0.42526502664002663, 0.2010763680763681, 0.17017092629592628, 0.20348767898767903], [0.35792919580419585, 0.24362197524697524, 0.21083436008436013, 0.18761446886446884], [0.32840247252747257, 0.27178174603174604, 0.17430133755133764, 0.2255144438894439], [0.4570092268842268, 0.23343431568431577, 0.1577780136530136, 0.15177844377844377], [0.4551377927627928, 0.24332875457875466, 0.17398461260961262, 0.12754884004884004], [0.6206763653013653, 0.15811921411921412, 0.10986111111111109, 0.11134330946830945], [0.41145895770895763, 0.2510440115440116, 0.14865442890442884, 0.18884260184260193], [0.44847700216450215, 0.20384660396792753, 0.16308198827316475, 0.18459440559440563], [0.36742807192807186, 0.186328033078033, 0.25748638861138856, 0.18875750638250635], [0.3605218253968255, 0.22041161616161617, 0.1961962481962482, 0.22287031024531026], [0.4234127539127539, 0.22097657897657896, 0.13484522422022419, 0.22076544289044298], [0.44100557775557775, 0.20649152236652246, 0.19064298201798202, 0.16185991785991788], [0.3529064824064823, 0.21708230658230654, 0.1912092490842491, 0.23880196192696201], [0.294271214896215, 0.26533675964558323, 0.16830286461904112, 0.27208916083916085], [0.47336327561327557, 0.20257124819624825, 0.14611815961815958, 0.17794731657231655], [0.3308726412476412, 0.23688990176490182, 0.22151595626595624, 0.21072150072150075], [0.43544715007215, 0.2000294011544012, 0.15102748640248634, 0.21349596237096233], [0.35070483682983683, 0.20670075757575757, 0.19543055555555555, 0.24716385003884994], [0.32297183372183375, 0.233013209013209, 0.1945374347874348, 0.24947752247752253], [0.30378681734931734, 0.2319894341769343, 0.2086795010545011, 0.25554424741924747], [0.43784084665334666, 0.23174715562215564, 0.1509936244311244, 0.17941837329337326], [0.3986013708513708, 0.23815241702741702, 0.1777153957153957, 0.18553081640581645], [0.371778194028194, 0.25685091297591295, 0.17437848262848252, 0.19699241036741036], [0.48699918627124517, 0.18814267187061307, 0.11659457209457201, 0.20826356976356977], [0.3554804084804084, 0.2677176573426573, 0.159653305028305, 0.2171486291486292], [0.3205704573204575, 0.22219888444888447, 0.19487472249972249, 0.2623559357309358], [0.5035229076479076, 0.16344047619047614, 0.15717045454545453, 0.17586616161616164], [0.3020329392829394, 0.29420914064006165, 0.18632981346139238, 0.2174281066156066], [0.42109891497391494, 0.1861949716949718, 0.1673930236430236, 0.22531308968808972], [0.40028203740703744, 0.2557965506715507, 0.1293479992229992, 0.21457341269841274], [0.3024758297258297, 0.27269083694083707, 0.18317310467310466, 0.2416602286602287], [0.3269664085914087, 0.26860839160839173, 0.15693951881451879, 0.247485680985681], [0.24358025308025308, 0.3569739982239984, 0.19124034299034298, 0.20820540570540572], [0.2725160603285604, 0.2641866674991676, 0.22486395548895555, 0.23843331668331672], [0.3437345987345989, 0.22153757353757353, 0.18044094794094787, 0.2542868797868799], [0.33172293678543674, 0.21671592990342992, 0.21688299200799196, 0.23467814130314138], [0.31369537407037407, 0.23260622710622716, 0.15742939005439, 0.2962690087690089], [0.3140363247863248, 0.2430162753912755, 0.17503961316461317, 0.26790778665778664], [0.38867977855477853, 0.18920797258297262, 0.15920117382617377, 0.262911075036075], [0.32407496669996677, 0.28135768398268396, 0.18500331612831616, 0.20956403318903316], [0.35650427350427366, 0.2187451992451992, 0.15373308635808636, 0.27101744089244095], [0.43525901875901873, 0.2513373146461382, 0.1432655408317173, 0.17013812576312573], [0.4589960178710178, 0.18174711399711402, 0.18166780441780442, 0.17758906371406366], [0.36997630147630145, 0.20674952824952825, 0.2633404373404374, 0.1599337329337329], [0.36705530580530576, 0.24742519980019978, 0.2040364496614496, 0.18148304473304475], [0.40529562104562117, 0.19596578421578426, 0.17930401542901545, 0.2194345793095793], [0.46873472360972357, 0.19090920190920194, 0.14527446164946162, 0.19508161283161285], [0.42494869019869014, 0.22817350704850703, 0.12823114385614376, 0.21864665889665885], [0.35363282550782565, 0.25400917138417145, 0.20136739649239654, 0.1909906066156067], [0.47151574814074815, 0.21661557886557892, 0.11599819624819623, 0.19587047674547672], [0.44166576479076475, 0.2064071067821069, 0.1750645743145743, 0.17686255411255414], [0.24672922910422904, 0.2220706376956377, 0.22179549617049615, 0.309404637029637], [0.32204655067155075, 0.24676250138750142, 0.2032597263847264, 0.2279312215562216], [0.3266204351204351, 0.22594129481629494, 0.20677371239871242, 0.24066455766455774], [0.31296711621711626, 0.22410785048285065, 0.1943606254856255, 0.2685644078144078], [0.29967604617604615, 0.2306867438117438, 0.1731109307359307, 0.29652627927627934], [0.4463567821067823, 0.18431277056277054, 0.14705988455988453, 0.2222705627705628], [0.46186249861249856, 0.16257646520146518, 0.14404159729159724, 0.23151943889443902], [0.32860101499807387, 0.23302631600425724, 0.19303798978798972, 0.24533467920967922], [0.3261412892662894, 0.220236346986347, 0.13520161088911087, 0.31842075285825283], [0.45254383116883123, 0.20933315295815297, 0.15576713564213562, 0.18235588023088023], [0.37213762626262614, 0.2180093795093796, 0.1982158535908536, 0.21163714063714065], [0.35570357420357424, 0.20838354700854694, 0.21698826173826177, 0.21892461704961708], [0.28591125541125534, 0.27973350260850266, 0.17936170773670773, 0.2549935342435342], [0.3060292624042625, 0.2013964785214785, 0.22805196192696203, 0.2645222971472972], [0.3511554279054279, 0.19839417526917533, 0.1970638528138528, 0.25338654401154403], [0.3630932539682539, 0.20254040404040408, 0.18090476190476187, 0.25346158008658015], [0.2851800144300144, 0.26671789321789324, 0.20995791708291717, 0.23814417526917533], [0.4812953157953159, 0.1381989538239538, 0.12339110889110888, 0.2571146214896216], [0.4828472777222777, 0.20064424464424463, 0.1383440864690864, 0.17816439116439114], [0.4282181568431568, 0.2128795510045511, 0.13362536075036074, 0.22527693140193145], [0.4346044927294927, 0.19229800061050067, 0.16090351315351306, 0.21219399350649354], [0.44053445165945176, 0.16445923520923522, 0.1559278499278499, 0.23907846320346318], [0.47438005050505055, 0.18797612110112114, 0.16172141747141747, 0.1759224109224109], [0.335779095904096, 0.19976776001776006, 0.1848794955044955, 0.27957364857364864], [0.3575687784437785, 0.191414196914197, 0.21711112498612503, 0.2339058996558997], [0.4171177433677433, 0.20379520479520483, 0.1745122655122655, 0.20457478632478643], [0.3985868298368298, 0.21539067876567888, 0.20821282883782888, 0.17780966255966263], [0.40698364135864135, 0.2314975024975025, 0.15723207348207346, 0.2042867826617827], [0.33868621656121667, 0.2233421855921856, 0.17346078921078917, 0.2645108086358087], [0.32002482239982244, 0.256905303030303, 0.16812914862914866, 0.2549407259407259], [0.30820156926406933, 0.20333549783549787, 0.24137271062271062, 0.24709022227772226], [0.2768801615051616, 0.2557165612165613, 0.20304162504162504, 0.2643616522366523], [0.36584638972138983, 0.22843409368409376, 0.18764318320568318, 0.21807633338883342], [0.3714834054834056, 0.21060804473304473, 0.18677994227994218, 0.23112860750360764], [0.4211888666888667, 0.2432769869019869, 0.12427398989898986, 0.2112601565101565], [0.3776204628704629, 0.23843836718836717, 0.15467594905094903, 0.2292652208902209], [0.47664063714063704, 0.20822113997114003, 0.1368852813852814, 0.1782529415029415], [0.37583028083028075, 0.25479478854478854, 0.15123117160617158, 0.21814375901875904], [0.2674792984792985, 0.2823498307248309, 0.23976333388833385, 0.21040753690753697], [0.3303100233100234, 0.23045507270507268, 0.15126262626262624, 0.2879722777222778], [0.36030945443445445, 0.23505283605283608, 0.21083412420912417, 0.19380358530358535], [0.3802827727827728, 0.2003525086025087, 0.16069859307359305, 0.2586661255411256], [0.3439719169719171, 0.23482367632367634, 0.1626641067266067, 0.2585402999777999], [0.3445670995670996, 0.19536965811965815, 0.1723165584415584, 0.287746683871684], [0.3250607864357864, 0.2298076645576646, 0.18675582750582753, 0.2583757215007216], [0.34836174936174935, 0.24026688589188583, 0.16901168276168274, 0.24235968198468208], [0.39077768065268065, 0.20587175324675322, 0.19377738927738927, 0.20957317682317675], [0.3485093795093796, 0.2190243506493507, 0.21662590187590183, 0.21584036796536804], [0.4141192973692973, 0.22196062271062286, 0.2097379148629149, 0.15418216505716506], [0.47664898989898985, 0.18370598845598848, 0.14375306637806634, 0.19589195526695527], [0.3884379648129649, 0.24911098623598618, 0.1318545482295482, 0.23059650072150079], [0.4232821394291981, 0.19321883671883672, 0.13479485302279412, 0.248704170829171], [0.2603260350760351, 0.25129587079587085, 0.2120900488400488, 0.27628804528804535], [0.3309261155511155, 0.2315962370962371, 0.21060306360306366, 0.22687458374958377], [0.4133759712509714, 0.23076551226551228, 0.1427107337107337, 0.21314778277278287], [0.32472077922077924, 0.2446331168831168, 0.19125667388167386, 0.23938943001443008], [0.36738479575979577, 0.22306641969141977, 0.22051667776667766, 0.18903210678210677], [0.3521037018537018, 0.28063773726273733, 0.1326885198135198, 0.23457004107004106], [0.4151160783660783, 0.19613461538461535, 0.16767180042180038, 0.2210775058275058], [0.34389271839271857, 0.2321910173160174, 0.20578492340992338, 0.21813134088134084], [0.44697928460428465, 0.22629333166833165, 0.15212108724608725, 0.17460629648129644], [0.3133500388500389, 0.26293470418470416, 0.17936587024087025, 0.24434938672438683], [0.3873080669330669, 0.2300232267732268, 0.17556533744033742, 0.2071033688533688], [0.4053507603507604, 0.23524128649128656, 0.17564128926628925, 0.1837666638916639], [0.40766482128982134, 0.2074060106560107, 0.15333567821067817, 0.23159348984348996], [0.32172655122655125, 0.231414862914863, 0.19208585858585855, 0.2547727272727272], [0.31536598124098125, 0.22522304084804087, 0.2267387196137196, 0.23267225829725838], [0.35722832029082036, 0.1887181499056499, 0.22756979131979135, 0.22648373848373854]]}}