{"test": {"ids": ["111116990", "103117200", "107114140", "107113200", "102121440", "97105760", "104111550", "112116900", "111119610", "106111321", "106120640", "113120280", "104119290", "109118231", "97105960", "108121190", "108114220", "108120280", "104110960", "104111780", "113118490", "100109801", "112121430", "112119580", "110118121", "111117120", "113118620", "107119950", "109115380", "97106000", "111120280", "113121190", "101112540", "105121370", "108117610", "106118520", "103118110", "109118820", "110119030", "104117630", "110120190", "102110050", "105115680", "112116290", "103110220", "108113740", "106113190", "107114950", "112119930", "106116441", "104113000", "99111930", "106118161", "105111990", "109113591", "102109840", "97106600", "101116130", "101108621", "107121540", "106115240", "100113210", "112120290", "106113360", "102107961", "97116410", "101111990", "112119500", "107113180", "113121680", "107114110", "113120531", "98111620", "100115700", "99111440", "101110200", "102118380", "101114020", "113120540", "112118511", "107118490", "110115710", "113119360", "110117870", "106120290", "106114011", "109114270", "97116800", "109115220", "108120621", "101109000", "112117431", "113120640", "109120540", "112121360", "113120260", "111117480", "110117080", "110121140", "109113931", "111114321", "101114990", "99111000", "103117461", "108113760", "109119340", "113121750", "108118291", "99107640", "110116300", "101108460", "108118301", "103111540", "111120540", "98110810", "106112770", "112120540", "99107300", "107117010", "101108500", "113119300", "102109910", "106115120", "111116290", "106117790", "107114321", "107119390", "104113240", "110118161", "110119891", "106119580", "99108080", "101119030", "102117351", "99108000", "102110750", "112117461", "111115780", "101117580", "110117140", "98106111", "112116540"], "labels": [0, 0, 2, 0, 2, 0, 1, 3, 2, 0, 3, 0, 1, 1, 2, 1, 3, 3, 2, 3, 1, 0, 2, 3, 3, 2, 3, 3, 3, 0, 0, 1, 2, 2, 3, 2, 2, 3, 0, 0, 3, 3, 2, 0, 2, 3, 0, 3, 1, 0, 1, 1, 3, 2, 3, 2, 3, 2, 0, 2, 1, 0, 1, 0, 3, 3, 2, 2, 3, 1, 1, 0, 3, 1, 3, 2, 1, 3, 3, 1, 2, 2, 0, 3, 2, 1, 3, 0, 3, 1, 1, 0, 0, 1, 3, 3, 1, 1, 3, 1, 1, 3, 2, 0, 1, 3, 0, 3, 1, 3, 0, 1, 1, 1, 1, 1, 3, 3, 1, 3, 1, 2, 1, 2, 1, 0, 2, 2, 0, 3, 3, 3, 3, 1, 2, 1, 0, 1, 3, 3, 0, 1], "predicted_labels": [0, 0, 1, 3, 1, 2, 2, 1, 1, 0, 1, 0, 1, 1, 2, 1, 2, 0, 0, 1, 0, 3, 3, 3, 3, 1, 1, 3, 1, 3, 3, 3, 1, 3, 3, 1, 3, 1, 3, 0, 0, 2, 1, 0, 3, 0, 0, 3, 1, 0, 0, 1, 1, 3, 3, 1, 2, 1, 3, 1, 0, 0, 2, 1, 1, 2, 3, 1, 2, 1, 3, 1, 2, 1, 0, 1, 2, 0, 0, 0, 1, 3, 3, 3, 2, 1, 3, 0, 3, 1, 2, 0, 3, 1, 0, 1, 3, 1, 0, 0, 1, 1, 2, 1, 1, 0, 1, 0, 3, 1, 1, 3, 1, 1, 1, 3, 1, 0, 2, 1, 3, 0, 0, 1, 1, 3, 0, 1, 0, 3, 1, 0, 3, 0, 1, 1, 3, 0, 0, 1, 1, 1], "confidence_scores": [[0.7584723661158874, 0.0816369805890065, 0.01885989260775644, 0.14103076068734943], [0.4644062720475098, 0.23749472917115327, 0.003860520810586478, 0.2942384779707503], [0.04544555342443589, 0.9251818456756462, 0.011525823915078788, 0.017846776984838702], [0.49511995205093606, 0.0161884219812113, 0.007506873342058559, 0.4811847526257941], [0.033441254199085634, 0.44315719522624664, 0.24309598813138603, 0.28030556244328164], [0.008322612800112747, 0.033422237427227636, 0.8607558976982869, 0.09749925207437275], [0.1574981610020156, 0.29768607248648105, 0.4120602046048797, 0.1327555619066239], [0.3947354239040105, 0.36226263703573114, 0.012228678948408612, 0.2307732601118497], [0.029919903967250253, 0.38218156167448797, 0.5064735972819279, 0.08142493707633401], [0.4011911387353437, 0.2728084194602626, 0.04376540918688176, 0.28223503261751215], [0.007280316830632564, 0.8535936762670456, 0.09263571560289716, 0.04649029129942449], [0.9398992636874562, 0.006803695959142732, 0.007438689728845868, 0.04585835062455538], [0.013715904929010227, 0.5876300338025059, 0.20799504814008687, 0.19065901312839692], [0.10114358332975637, 0.8015171470262594, 0.019471654189152234, 0.07786761545483181], [0.03084782828326744, 0.06985665863375196, 0.6763843861646843, 0.22291112691829607], [0.03442098947389156, 0.859998778834529, 0.016916988071499866, 0.08866324362007935], [0.08085510398257126, 0.33867245457267575, 0.5681320624625694, 0.012340378982183852], [0.7016877014401484, 0.02400169124712138, 0.1490807415232946, 0.1252298657894356], [0.969924223699028, 0.014352606468061767, 0.009782312672283527, 0.005940857160626803], [0.05302429341076078, 0.7771060378523396, 0.05250048029834988, 0.11736918843854988], [0.5261069999993432, 0.28680050229918774, 0.02102377111111826, 0.16606872659035068], [0.043338765662506884, 0.2753026560329115, 0.0105224465672847, 0.670836131737297], [0.18211316849531126, 0.21026163595816058, 0.007162936160883491, 0.6004622593856448], [0.1073643320158451, 0.3699917950430286, 0.05935714488016868, 0.4632867280609576], [0.025483229230743757, 0.17983303138400805, 0.003192609233958937, 0.7914911301512891], [0.06592784529296354, 0.7339179462459053, 0.036824859240904124, 0.16332934922022702], [0.07435782384789343, 0.8752044636798191, 0.001959030311406406, 0.04847868216088096], [0.09804942593398065, 0.206251176738465, 0.06347971781830444, 0.6322196795092498], [0.130734129669207, 0.37083502632492793, 0.3413934749572483, 0.15703736904861693], [0.00548789433761312, 0.057883811682730886, 0.33329832417088495, 0.6033299698087707], [0.062260182898038925, 0.07118361872130509, 0.0012514022219049722, 0.8653047961587512], [0.16083305787964589, 0.3291091964162254, 0.028746133010315814, 0.4813116126938128], [0.1721801700808575, 0.5124460377960413, 0.1859788625508128, 0.12939492957228835], [0.029666275706217174, 0.0911947674523779, 0.331974950393047, 0.5471640064483583], [0.43168863591164874, 0.05620433588951112, 0.0019519022801089759, 0.5101551259187312], [0.26096659161160224, 0.5653632673959502, 0.025152415332593738, 0.14851772565985377], [0.05371999189147886, 0.22967978691928628, 0.3912077968911564, 0.3253924242980787], [0.21695136996013856, 0.6361212216769134, 0.08754888796076865, 0.05937852040217956], [0.1507508002502216, 0.24009354743863112, 0.06130290409609927, 0.5478527482150478], [0.921301219476471, 0.035842520113542345, 0.005736271604656397, 0.03711998880533031], [0.55078850228158, 0.169657950636448, 0.0049953090485943775, 0.27455823803337787], [0.02756428389280546, 0.23887327026774777, 0.49733383851920043, 0.23622860732024642], [0.017048926580558003, 0.8968369427484565, 0.047157400949124954, 0.03895672972186063], [0.535330148595228, 0.2572887304229146, 0.030327978200361067, 0.17705314278149592], [0.07856833697654148, 0.3101309616746581, 0.29900330386888707, 0.31229739747991325], [0.7948891695856393, 0.041697097214176054, 0.016398524591908277, 0.14701520860827652], [0.5610862881822893, 0.08298153450457768, 0.05481566830610036, 0.3011165090070328], [0.30633394750131415, 0.022841073403294977, 0.054375886497764855, 0.616449092597626], [0.15521593973443024, 0.6082125962665178, 0.048316966255395985, 0.18825449774365594], [0.7713230905025306, 0.14983465041782562, 0.007421824527698359, 0.07142043455194542], [0.5501850559585802, 0.013523084306643342, 0.027027922713227168, 0.40926393702154895], [0.00042714791641857753, 0.6684649433454013, 0.28382044474026563, 0.04728746399791451], [0.11787243240580289, 0.5556439502151355, 0.10057968709916906, 0.22590393027989267], [0.2852383245123343, 0.05804900465256656, 0.0033703498237647165, 0.6533423210113345], [0.12213144277045467, 0.37710403386761915, 0.018449028255229084, 0.48231549510669725], [0.03713435922253277, 0.7011934639506481, 0.17034607463207646, 0.09132610219474269], [0.009719755660061785, 0.07958597862335598, 0.865562270073514, 0.04513199564306828], [0.09267557184444276, 0.4274684129764024, 0.34678877925055024, 0.13306723592860484], [0.02958057826507604, 0.14846701340742802, 0.01691714712478364, 0.8050352612027121], [0.18119121711188446, 0.5082665811492411, 0.06005854039486104, 0.2504836613440135], [0.5574930997086821, 0.14067799064489053, 0.2089747133337687, 0.09285419631265868], [0.5257426636578668, 0.047742953632728596, 0.019357723865142677, 0.40715665884426183], [0.11025464823252525, 0.043110225713805905, 0.8419500008600108, 0.0046851251936580246], [0.22902281262135424, 0.7225797753749996, 0.03332036318982636, 0.015077048813819723], [0.27618818414333407, 0.5312502733177029, 0.11299571187081976, 0.07956583066814318], [0.051970075147538534, 0.1979333017611404, 0.5585903116876364, 0.19150631140368446], [0.04923744669553395, 0.15892994008076575, 0.3553111207116259, 0.4365214925120743], [0.15073116980236678, 0.5828838024710888, 0.2179863089152708, 0.04839871881127354], [0.08574484833405566, 0.34788580300988553, 0.5609967070969745, 0.005372641559084035], [0.06545988163303901, 0.6074689461783286, 0.12037999276785522, 0.20669117942077722], [0.002586091122164329, 0.016883791088128992, 0.01576193441652802, 0.9647681833731788], [0.322179069143544, 0.3358379207210741, 0.07057818673265037, 0.2714048234027317], [0.018010494616520635, 0.0775299615817598, 0.8599079538860164, 0.044551589915703266], [0.2731117223543309, 0.3601552937748365, 0.21253376648958597, 0.1541992173812468], [0.6556966299150745, 0.06353206659372702, 0.10896152994394218, 0.1718097735472562], [0.0035216503602723145, 0.9836722166879853, 0.007267766540888737, 0.005538366410853711], [0.0553598798781038, 0.2688458926269719, 0.5004621181173102, 0.17533210937761382], [0.6782614058204594, 0.039505043814439, 0.054386677790093645, 0.22784687257500794], [0.9687800960461505, 0.011024199594105517, 0.0024933731501619984, 0.017702331209581777], [0.32094935953336284, 0.14565061672854823, 0.39366288027266616, 0.1397371434654229], [0.19524499563862405, 0.67403812656685, 0.10278280508005513, 0.027934072714471087], [0.19741287464704624, 0.19854866333208385, 0.33570514936409107, 0.2683333126567786], [0.1738348750226237, 0.07891380791963513, 0.026949078423876335, 0.7203022386338648], [0.15522026851364068, 0.20604589379529406, 0.32545109922767884, 0.31328273846338633], [0.022074356601616753, 0.26732808254526286, 0.6906226723043606, 0.01997488854875972], [0.40658803227905643, 0.5424989902359296, 0.0422607362636238, 0.008652241221390158], [0.1573749133760754, 0.11364014937611623, 0.21729750727375588, 0.5116874299740525], [0.5666147559779098, 0.17635807565926911, 0.07711333839416125, 0.17991382996865968], [0.03146179566559514, 0.06515989284477974, 0.021261619091408345, 0.882116692398217], [0.28986532141018123, 0.5710524376646418, 0.0463771917145384, 0.09270504921063849], [0.006352235739629968, 0.34020325236634535, 0.6034671467207101, 0.04997736517331459], [0.3841278940636527, 0.23380267081590148, 0.14404808847028866, 0.23802134665015728], [0.22061088145037522, 0.20780770104210874, 0.09591196666805192, 0.47566945083946405], [0.0643191378249605, 0.5613610030326746, 0.012513260028477987, 0.3618065991138872], [0.8195282289217082, 0.15246073583124806, 0.011268387028399248, 0.016742648218644303], [0.13428462638442523, 0.46587429774475725, 0.2618718750901003, 0.13796920078071703], [0.1799096910117186, 0.07937584882204132, 0.02156211689521689, 0.7191523432710232], [0.037941110549886026, 0.6119085177311389, 0.12614840305993869, 0.22400196865903627], [0.6106310865097889, 0.18417017407246752, 0.17629477200260457, 0.02890396741513868], [0.3694871234544928, 0.306040638259221, 0.004582442069546802, 0.3198897962167395], [0.07813855387931262, 0.6918722276641153, 0.19200998850987636, 0.037979229946695836], [0.006686060140095399, 0.5394982220350424, 0.12161111756315365, 0.3322046002617085], [0.009481402880326216, 0.35551550663457754, 0.6224288772917855, 0.012574213193310549], [0.2198768091972783, 0.40757909608099496, 0.032139703271069825, 0.34040439145065715], [0.22979615562325412, 0.31730020771451556, 0.22667178821940434, 0.22623184844282626], [0.5953312581834146, 0.24618051656967105, 0.033559847982683425, 0.1249283772642312], [0.2761685884947565, 0.37195477661833554, 0.009205956204893031, 0.3426706786820149], [0.8734277063677622, 0.01581557334701575, 0.00651316628566777, 0.10424355399955426], [0.042529144806056116, 0.11186831606363869, 0.08996046177802472, 0.7556420773522804], [0.11796895323897684, 0.8367284191648321, 0.02341778639235714, 0.02188484120383374], [0.34543955644610347, 0.3936212142566775, 0.15748328288595537, 0.1034559464112636], [0.11516048048056642, 0.2639936465207561, 0.04134438561411583, 0.5795014873845616], [0.030392914389740476, 0.7053190519934578, 0.04573517705215661, 0.21855285656464504], [0.04742712559550749, 0.8289361016205327, 0.10374531550466594, 0.019891457279294065], [0.02519778454300378, 0.8487631198183073, 0.1237424165791881, 0.002296679059500431], [0.030483076170479743, 0.17625331827425683, 0.11064996591736358, 0.6826136396378997], [0.20701668439569454, 0.7030202625070399, 0.01918247402140404, 0.0707805790758615], [0.5540837891529774, 0.3638285075643133, 0.004154237749734983, 0.07793346553297446], [0.013071988111603358, 0.09650007029850645, 0.6604195808997877, 0.23000836069010266], [0.20664063835553795, 0.5301574496563054, 0.0951486295685883, 0.1680532824195682], [0.3485905738903294, 0.019728669309364396, 0.002545541410443759, 0.6291352153898622], [0.6677183214941472, 0.052187084849397304, 0.15044086040216373, 0.12965373325429166], [0.8039922156974083, 0.10572846468858893, 0.007235706668316324, 0.08304361294568648], [0.3870636916501035, 0.443168601268585, 0.1121425830179961, 0.05762512406331584], [0.11579519240310387, 0.6078785656910912, 0.14500030744980788, 0.13132593445599738], [0.029105395985664476, 0.09799482342906299, 0.04247072213314156, 0.8304290584521311], [0.40771525504309386, 0.18506558916826676, 0.2890621905532086, 0.11815696523543089], [0.039930817570331845, 0.8429896653807252, 0.10611117555736599, 0.010968341491577126], [0.4069836092236764, 0.3548214752592151, 0.040667197898870994, 0.19752771761823773], [0.030409589749529727, 0.11434870518814008, 0.026261894806590948, 0.8289798102557392], [0.26537227568511357, 0.3847190524119292, 0.08474907589969187, 0.2651595960032654], [0.6397064509558944, 0.1901653547866837, 0.04124717522910617, 0.12888101902831534], [0.3210691718076208, 0.11056045183209863, 0.01043727614468358, 0.5579331002155969], [0.7660623204196781, 0.049582023125451805, 0.0019192872621827631, 0.18243636919268755], [0.008310789856930002, 0.5504208556743986, 0.13364126175160485, 0.3076270927170666], [0.059140754954626874, 0.6205842719725378, 0.3172457036230126, 0.0030292694498226564], [0.1442568228897024, 0.016567322232634116, 0.0018071130730931057, 0.8373687418045705], [0.46162482904136054, 0.2277479957999984, 0.013347988071533107, 0.29727918708710754], [0.7528074594221105, 0.05159361331389244, 0.001636518313941353, 0.19396240895005556], [0.2440970308255871, 0.4868944432823616, 0.11113099032759055, 0.15787753556446085], [0.08449940620678421, 0.47831604533361916, 0.23128043620821517, 0.2059041122513814], [0.14467833821237833, 0.38012751134560285, 0.03170930248184077, 0.44348484796017823]]}, "rewritten": {"ids": ["97105760", "97105960", "97106000", "97106600", "97116410", "97116800", "98106111", "98110810", "98111620", "99107300", "99107640", "99108000", "99108080", "99111000", "99111440", "99111930", "100109801", "100113210", "100115700", "101108460", "101108500", "101108621", "101109000", "101110200", "101111990", "101112540", "101114020", "101114990", "101116130", "101117580", "101119030", "102107961", "102109840", "102109910", "102110050", "102110750", "102117351", "102118380", "102121440", "103110220", "103111540", "103117200", "103117461", "103118110", "104110960", "104111550", "104111780", "104113000", "104113240", "104117630", "104119290", "105111990", "105115680", "105121370", "106111321", "106112770", "106113190", "106113360", "106114011", "106115120", "106115240", "106116441", "106117790", "106118161", "106118520", "106119580", "106120290", "106120640", "107113180", "107113200", "107114110", "107114140", "107114321", "107114950", "107117010", "107118490", "107119390", "107119950", "107121540", "108113740", "108113760", "108114220", "108117610", "108118291", "108118301", "108120280", "108120621", "108121190", "109113591", "109113931", "109114270", "109115220", "109115380", "109118231", "109118820", "109119340", "109120540", "110115710", "110116300", "110117080", "110117140", "110117870", "110118121", "110118161", "110119030", "110119891", "110120190", "110121140", "111114321", "111115780", "111116290", "111116990", "111117120", "111117480", "111119610", "111120280", "111120540", "112116290", "112116540", "112116900", "112117431", "112117461", "112118511", "112119500", "112119580", "112119930", "112120290", "112120540", "112121360", "112121430", "113118490", "113118620", "113119300", "113119360", "113120260", "113120280", "113120531", "113120540", "113120640", "113121190", "113121680", "113121750"], "labels": [0, 2, 0, 3, 3, 0, 0, 1, 3, 3, 1, 2, 3, 2, 3, 1, 0, 0, 1, 0, 3, 0, 1, 2, 2, 2, 3, 3, 2, 3, 3, 3, 2, 2, 3, 1, 1, 1, 2, 2, 1, 0, 0, 2, 2, 1, 3, 1, 2, 0, 1, 2, 2, 2, 0, 1, 0, 0, 1, 1, 1, 0, 1, 3, 2, 3, 2, 3, 3, 0, 1, 2, 0, 3, 1, 2, 2, 3, 2, 3, 1, 3, 3, 3, 1, 3, 1, 1, 3, 1, 3, 3, 3, 1, 3, 3, 1, 2, 3, 1, 3, 3, 3, 0, 0, 3, 3, 3, 1, 1, 2, 0, 2, 1, 2, 0, 1, 0, 1, 3, 0, 0, 1, 2, 3, 1, 1, 3, 3, 2, 1, 3, 1, 0, 3, 0, 0, 3, 0, 1, 1, 0], "predicted_labels": [3, 2, 3, 3, 2, 0, 1, 1, 2, 0, 3, 1, 0, 2, 0, 1, 3, 0, 2, 1, 1, 3, 1, 1, 3, 1, 3, 1, 1, 0, 0, 1, 1, 0, 3, 1, 0, 2, 2, 3, 2, 0, 0, 1, 0, 2, 1, 3, 1, 0, 1, 3, 1, 2, 0, 1, 3, 1, 0, 0, 0, 0, 1, 1, 1, 2, 2, 1, 2, 3, 3, 1, 3, 3, 3, 1, 2, 3, 3, 0, 0, 0, 0, 0, 0, 0, 1, 1, 1, 1, 3, 3, 2, 1, 3, 1, 3, 2, 1, 1, 1, 1, 3, 0, 1, 3, 0, 2, 1, 0, 0, 0, 3, 3, 2, 3, 1, 0, 1, 0, 0, 3, 0, 1, 1, 1, 2, 1, 0, 3, 1, 1, 3, 3, 1, 3, 0, 0, 1, 3, 1, 1], "confidence_scores": [[0.03348772124051954, 0.058348146829870384, 0.32854553976605366, 0.5796185921635565], [0.048223730961137454, 0.03002955945933535, 0.825336159350349, 0.09641055022917812], [0.033599658305100824, 0.08754910052881967, 0.28090282422006657, 0.597948416946013], [0.12761446719103547, 0.02199300982402762, 0.4402599779212876, 0.4101325450636492], [0.03799731184659231, 0.08436238597421507, 0.740003389512559, 0.1376369126666338], [0.5306385041207817, 0.10966597485029755, 0.1456121914034555, 0.21408332962546514], [0.10844812298888994, 0.4846472264950907, 0.18307629669987724, 0.22382835381614238], [0.040546086546570326, 0.9201163684643636, 0.036841185777710866, 0.0024963592113554102], [0.005280320983652096, 0.03255216563021382, 0.9551581877655014, 0.007009325620632684], [0.6572507156669354, 0.21267387016915223, 0.009584252248746743, 0.12049116191516587], [0.04341059132369628, 0.15695762600125768, 0.05877303934458907, 0.7408587433304573], [0.005724950341176412, 0.6035882845950616, 0.05375566071497605, 0.33693110434878576], [0.8102946141563632, 0.07742952081797325, 0.033759311512322004, 0.0785165535133412], [0.018591139778159776, 0.1228427034684441, 0.8270561328674672, 0.03151002388592885], [0.85015045698488, 0.03301989996980114, 0.08641083801687878, 0.030418805028440167], [0.003937190010531876, 0.60644234727524, 0.25661870514896495, 0.1330017575652629], [0.0674288587074058, 0.2269885158863119, 0.006694828572922496, 0.6988877968333599], [0.6870652180046463, 0.06412328792588068, 0.01817978015243764, 0.23063171391703574], [0.24618773245332207, 0.2050942927757662, 0.4813608087576876, 0.06735716601322383], [0.22765755448994915, 0.5078827117462127, 0.09493941972621567, 0.1695203140376225], [0.37871122730051665, 0.5149728776783112, 0.027768755546301375, 0.07854713947487063], [0.11242825138975371, 0.13100978493918958, 0.007909019815206673, 0.7486529438558499], [0.18105403637685177, 0.2972635240326098, 0.38864894162103997, 0.13303349796949818], [0.0012913452200172004, 0.9850684319042551, 0.010792199063008996, 0.0028480238127188734], [0.22778019063667593, 0.15260991647008848, 0.16981490450992584, 0.4497949883833096], [0.3638994856868838, 0.5327440656560609, 0.030114502125766864, 0.07324194653128858], [0.29180482180566825, 0.10104701170742228, 0.24018469344983118, 0.36696347303707844], [0.00817821992316326, 0.7601651924401612, 0.08202333794136325, 0.14963324969531203], [0.263643016042342, 0.467123563056058, 0.18734084787741193, 0.0818925730241884], [0.6812128041520129, 0.08630692559861974, 0.01723852072851488, 0.21524174952085248], [0.41985779004276635, 0.14036369674165353, 0.17410637753647634, 0.2656721356791037], [0.22900487986518972, 0.44484729063509504, 0.18130026409440667, 0.14484756540530863], [0.06510787601539762, 0.745477057959072, 0.12414795389915183, 0.06526711212637847], [0.7952021427106113, 0.02215317274081382, 0.0628191346039647, 0.11982554994460987], [0.024949393632514662, 0.16930566959887086, 0.36000458752296266, 0.44574034924565176], [0.01237120136135844, 0.6761436973887627, 0.30886464648837064, 0.0026204547615083723], [0.8538530775676328, 0.02333437667661745, 0.0014185883161931749, 0.12139395743955635], [0.05830135568083034, 0.14608396058566472, 0.7399279359899955, 0.05568674774350923], [0.09645547297332822, 0.27404979700048937, 0.5524458188164139, 0.07704891120976809], [0.06965287442364455, 0.12109002367182954, 0.05484735814688881, 0.7544097437576369], [0.033615097540175165, 0.21442388173215843, 0.6210869681742648, 0.13087405255340168], [0.40787612655914046, 0.33530878610919645, 0.004836754487593018, 0.25197833284407006], [0.599775130488069, 0.20088585001308268, 0.017144741147915542, 0.18219427835093263], [0.12066303012178106, 0.5439135969902142, 0.0760216881600213, 0.25940168472798325], [0.8808913944314342, 0.051805556616982, 0.045468442677065846, 0.021834606274518175], [0.014902333212979367, 0.20996707745627077, 0.7442060872066696, 0.030924502124080693], [0.03682263124538903, 0.7678977983738059, 0.023060320815690583, 0.17221924956511453], [0.36619178019805915, 0.027769997338329813, 0.03210246217566049, 0.5739357602879502], [0.005396628487729463, 0.764297326138249, 0.22080903383103007, 0.009497011542991155], [0.6838896374042664, 0.14403650773969398, 0.009006335256806164, 0.16306751959923355], [0.007804299659703238, 0.6684243388147584, 0.25576946253046523, 0.06800189899507314], [0.22347952044967972, 0.0396752294324084, 0.0017251773810302105, 0.7351200727368818], [0.01985612989587813, 0.8025408495697445, 0.09881371931078999, 0.07878930122358757], [0.008095158228666377, 0.05777912460609168, 0.7325403333769592, 0.20158538378828283], [0.8344198204035934, 0.1046095261452528, 0.010540100482651148, 0.05043055296850259], [0.02852391225707967, 0.5096975404066966, 0.12401481129097242, 0.33776373604525123], [0.18418401035473697, 0.15295239247404818, 0.11994387831333299, 0.542919718857882], [0.11782429999881347, 0.6338571728667756, 0.20293370528787835, 0.04538482184653277], [0.6052776833215121, 0.351166451749517, 0.027518787710073905, 0.016037077218897126], [0.8685108773563436, 0.0950955217386981, 0.007310562664967762, 0.029083038239990734], [0.5263913025511262, 0.16831787912189003, 0.21851446634926383, 0.08677635197771962], [0.8207886806885034, 0.09586044681029655, 0.01412157536435553, 0.06922929713684425], [0.062254738752894806, 0.6419991004682011, 0.15934044969305405, 0.1364057110858504], [0.16455711383007224, 0.4258381531998031, 0.0696693688616961, 0.33993536410842873], [0.23184946565432038, 0.48393171453638417, 0.02503317864549051, 0.25918564116380505], [0.107043451800117, 0.3305967226948756, 0.47484968059787686, 0.08751014490713055], [0.004120143205994687, 0.10217749856824249, 0.8700036834717657, 0.023698674753996615], [0.015670388998966125, 0.8807825189843947, 0.05810982696582811, 0.04543726505081102], [0.003028000953038963, 0.03235644368429693, 0.9637673509406933, 0.00084820442197082], [0.3578579033894241, 0.013018467339839378, 0.0027465368833820007, 0.6263770923873547], [0.014978227237168188, 0.026535687305633663, 0.033174728863556754, 0.9253113565936415], [0.2020395974128117, 0.6630011708776821, 0.11251767593989769, 0.022441555769608566], [0.04171001785844182, 0.17189332903459748, 0.13859149311186916, 0.6478051599950916], [0.4068226721404448, 0.015294220043513912, 0.016166974691355217, 0.5617161331246863], [0.0063536923023143526, 0.022468827867737053, 0.4862392533795975, 0.48493822645035123], [0.25483262786128896, 0.6470723437550576, 0.06509173431528673, 0.03300329406836679], [0.10493213331233948, 0.12043511939630269, 0.6980759107262526, 0.07655683656510551], [0.10856794128731966, 0.2246838276918189, 0.03044272343763699, 0.6363055075832242], [0.31717912512794416, 0.23587444029671986, 0.09533532836346931, 0.35161110621186675], [0.5972064708509485, 0.03641761998433872, 0.03658899524563808, 0.3297869139190747], [0.2975951170509533, 0.18788239313130134, 0.28123048764637704, 0.2332920021713684], [0.5050991162842676, 0.11740757756868504, 0.3716960128425117, 0.005797293304535934], [0.5734995191001004, 0.07703913469233245, 0.009973237721925291, 0.33948810848564204], [0.9153503724653825, 0.05061528682514952, 0.0019887241508085196, 0.0320456165586596], [0.34008453175428643, 0.22305505267545403, 0.025457035643145918, 0.41140337992711346], [0.6602194449354721, 0.04034407658106948, 0.09811798994389515, 0.20131848853956327], [0.18691238530386436, 0.6890625010416802, 0.028695124324513394, 0.0953299893299419], [0.028728066300827006, 0.7177395556668276, 0.04544112273213368, 0.20809125530021194], [0.12642139832931393, 0.6675870473453356, 0.008084013193310768, 0.19790754113203965], [0.2496869581638968, 0.5030664126288754, 0.09872786952559641, 0.148518759681631], [0.3165607701532348, 0.0372385403336385, 0.0736489145031851, 0.5725517750099418], [0.0361039857464436, 0.23307140165267903, 0.08109524553503614, 0.6497293670658415], [0.036001869011675236, 0.16801707483632736, 0.7493267953651102, 0.046654260786887], [0.39517655637066884, 0.437886293791258, 0.038619274616926026, 0.12831787522114702], [0.26851582383432704, 0.2150691906653398, 0.10674862470817885, 0.4096663607921544], [0.2232014852638408, 0.5540382361120774, 0.01678253362105791, 0.20597774500302415], [0.15110313311566584, 0.27628421912476214, 0.02065978324866978, 0.5519528645109023], [0.022800319438119273, 0.02438199819333089, 0.8380319658417339, 0.11478571652681581], [0.05215405950070144, 0.88323286847283, 0.0240315553381923, 0.04058151668827601], [0.03170510458968111, 0.3532820544729341, 0.5020981124071203, 0.11291472853026434], [0.084677667130749, 0.47088023134678425, 0.05570594418401552, 0.3887361573384514], [0.06490497786015222, 0.5503578307852866, 0.2747130441204032, 0.11002414723415851], [0.049902111168653354, 0.32618729005070624, 0.019126199676858684, 0.6047843991037816], [0.49598120688064656, 0.37266212014531364, 0.07557091071628358, 0.05578576225775646], [0.18094271025332442, 0.3913815996687217, 0.10286935477679524, 0.3248063353011587], [0.05415149900161883, 0.40836614226316786, 0.028539705642628484, 0.5089426530925847], [0.4158924686358041, 0.18789738338654405, 0.00937910683185192, 0.3868310411458004], [0.19994607608201334, 0.13371616192580893, 0.6226547096522462, 0.043683052339931645], [0.08448659697319713, 0.5984379285501771, 0.2693335743268628, 0.047741900149763136], [0.40794310719288046, 0.2657931659487351, 0.013939710083129586, 0.31232401677525495], [0.46336500453351603, 0.37280632117791906, 0.11904323794067738, 0.044785436347887425], [0.8505480466171232, 0.027358893147372006, 0.003972654290452377, 0.11812040594505249], [0.07564070339507725, 0.35744120680043134, 0.031350765997737055, 0.5355673238067544], [0.07269525837898613, 0.09969182490704126, 0.03433391276852235, 0.7932790039454503], [0.004219870300073484, 0.2930078910412061, 0.6955637441028824, 0.0072084945558381465], [0.10912331140887255, 0.08125930564390738, 0.005920347812151179, 0.8036970351350692], [0.05767624206896177, 0.809106952479656, 0.1125145752681212, 0.020702230183261568], [0.7353963209800657, 0.09913120469167512, 0.02448043977378994, 0.14099203455446935], [0.18699800467253452, 0.3827853765587974, 0.04356902373726732, 0.3866475950314009], [0.5117308393405354, 0.4137650895265253, 0.003074769414578497, 0.07142930171836087], [0.3229890486303857, 0.3321516865847174, 0.2095934430390208, 0.13526582174587623], [0.03296258280570306, 0.0198640292747744, 0.00919522195939578, 0.937978165960127], [0.6507316297812463, 0.08631124253250425, 0.07596394534283961, 0.18699318234340973], [0.24716619309598567, 0.3791020910623073, 0.256744009636921, 0.11698770620478599], [0.08645216163881064, 0.5794730230476369, 0.07986770874204534, 0.25420710657150725], [0.1510152226406546, 0.4644429019325207, 0.21751196912313792, 0.1670299063036868], [0.08268175950349826, 0.023211984669887043, 0.8903883258683883, 0.0037179299582264435], [0.2701426896480418, 0.5469853173218262, 0.02271484848467937, 0.16015714454545252], [0.676427966805563, 0.24667840767210225, 0.06758466733449028, 0.009308958187844678], [0.19840223460863554, 0.309904753108183, 0.027134321151167366, 0.464558691132014], [0.16319211255018806, 0.47187711221819795, 0.028523107284843616, 0.3364076679467703], [0.13206477453386728, 0.7547341176375215, 0.00856121887875221, 0.10463988894985932], [0.13380134847607736, 0.037137096023033854, 0.005011674424057567, 0.8240498810768312], [0.33271021888103425, 0.05728164471799875, 0.03401178452427108, 0.5759963518766958], [0.08415617934182529, 0.5016856108421404, 0.28320659493254996, 0.1309516148834843], [0.28290342349217124, 0.13404432111749096, 0.11521063372118863, 0.46784162166914905], [0.4262856148332588, 0.26608523084429164, 0.04785477956024454, 0.25977437476220494], [0.5876716590562144, 0.22044752770297318, 0.07058525705145556, 0.12129555618935686], [0.12955235313499736, 0.3143783276978755, 0.40136027665693863, 0.15470904251018847], [0.270957664221707, 0.23461699232039104, 0.06329342687339685, 0.4311319165845055], [0.07176014850980263, 0.7257614558693609, 0.09964465204284548, 0.10283374357799127], [0.12380780480578395, 0.6058211814781465, 0.004482063094732838, 0.265888950621337]]}}