{"test": {"ids": ["98117740", "100110050", "108113620", "110119300", "97118210", "99112300", "111121351", "98108520", "99121440", "112118471", "111117120", "113117401", "99108000", "99108330", "102113210", "107121540", "110115710", "101110740", "99107300", "100109311", "109118231", "103120730", "113120260", "107118520", "98108150", "110121170", "110120560", "110114610", "111115400", "113118630", "100108580", "102121440", "98116940", "101108500", "101111620", "106114150", "102110050", "111120190", "109117730", "108121351", "106118820", "110121720", "110118880", "108120621", "110114920", "111120540", "105114220", "106121190", "105117351", "102118380", "100117420", "107112850", "110118111", "103120780", "100109910", "107115250", "113120531", "111114941", "108117451", "98116090", "101108121", "112121010", "97114170", "98111231", "106121220", "108114220", "104113170", "109119340", "100111390", "104109311", "112120700", "110114720", "103113101", "106117770", "99107950", "108119330", "112116451", "104114320", "98106880", "111115770", "97113260", "112117471", "104112201", "101108621", "99119830", "108114360", "112117780", "107114490", "102107961", "110116501", "106115120", "105118230", "103120531", "111120640", "110118630", "113117630", "104111830", "112117030", "106119260", "103120290", "107117630", "98106111", "108119510", "105117200", "106113360", "111116040", "100108080", "109113591", "108113760", "112118511", "105116090", "110115890", "111119430", "102109850", "109121351", "103118291", "104111711", "104111880", "99114890", "99109740", "106113190", "99110050", "97106591", "103111480", "110116300", "101114020", "97107950", "98106680", "108118301", "112117461", "98107410", "112116810", "99108460", "113119950", "109120560", "107120260", "103109641", "97106770", "98110230", "106115240", "111116530", "112118161"], "labels": [2, 3, 3, 1, 2, 0, 0, 2, 2, 1, 2, 3, 2, 1, 3, 2, 2, 3, 3, 1, 1, 1, 3, 2, 0, 2, 0, 1, 0, 3, 0, 2, 2, 3, 3, 1, 3, 3, 3, 3, 3, 3, 0, 1, 3, 1, 3, 2, 0, 1, 2, 1, 1, 1, 2, 2, 0, 0, 2, 0, 0, 2, 2, 1, 1, 3, 3, 3, 2, 3, 2, 3, 3, 0, 1, 0, 0, 2, 0, 3, 1, 3, 0, 0, 1, 1, 0, 3, 3, 3, 1, 1, 3, 0, 1, 0, 3, 2, 1, 2, 0, 0, 1, 3, 0, 0, 0, 3, 1, 1, 1, 2, 3, 1, 0, 0, 1, 3, 2, 3, 0, 3, 1, 0, 3, 3, 2, 1, 1, 0, 3, 3, 0, 0, 1, 1, 1, 3, 3, 1, 3, 0], "predicted_labels": [3, 1, 0, 1, 3, 3, 3, 1, 1, 1, 1, 3, 1, 3, 3, 1, 3, 1, 0, 3, 1, 1, 1, 1, 3, 3, 1, 1, 0, 0, 2, 1, 1, 1, 0, 0, 1, 1, 0, 3, 3, 1, 3, 0, 1, 1, 0, 1, 3, 2, 2, 1, 0, 1, 2, 3, 1, 3, 0, 1, 3, 1, 3, 0, 0, 2, 1, 0, 0, 3, 1, 2, 1, 3, 1, 0, 0, 0, 2, 3, 3, 1, 3, 1, 3, 1, 0, 3, 1, 3, 0, 1, 1, 0, 1, 1, 1, 3, 0, 2, 0, 1, 2, 0, 1, 3, 1, 3, 0, 3, 3, 1, 1, 2, 3, 1, 2, 3, 2, 1, 0, 3, 2, 3, 1, 3, 3, 2, 1, 3, 3, 2, 3, 0, 2, 1, 3, 2, 1, 0, 1, 0], "confidence_scores": [[0.015547321035991865, 0.20898729535388377, 0.14004757408130056, 0.6354178095288238], [0.007860434193861135, 0.5421645127393661, 0.19271285492460477, 0.2572621981421681], [0.49697834533017216, 0.14581558298056047, 0.06337800005085811, 0.29382807163840907], [0.33430402034432294, 0.4898955600980062, 0.04030224594431052, 0.13549817361336036], [0.2278294728097118, 0.1620365263039524, 0.36224460996526436, 0.24788939092107137], [0.052761447247580744, 0.23140939181959383, 0.3955784090599965, 0.32025075187282903], [0.15077341838401612, 0.3255000200168644, 0.054468721037789256, 0.4692578405613303], [0.05821014876097114, 0.6644475664634211, 0.0690867484613706, 0.2082555363142373], [0.06105916880553277, 0.5630352235841793, 0.3231085870535168, 0.05279702055677105], [0.26936572221270433, 0.5206394012482234, 0.16211946850857512, 0.04787540803049735], [0.039560151955795216, 0.6491692287680558, 0.042850386025503694, 0.2684202332506453], [0.18564226893965902, 0.32465632532703614, 0.09335117566140029, 0.39635023007190445], [0.005404653176480932, 0.6562432956463975, 0.129969443286645, 0.20838260789047652], [0.07985769072630707, 0.2613797388835041, 0.22990045473170198, 0.4288621156584867], [0.06204080527083069, 0.2169994892811072, 0.052971806604723747, 0.6679878988433382], [0.3057388816764905, 0.504909200657906, 0.13395566653938495, 0.055396251126218196], [0.15010504986931575, 0.2592403118443209, 0.20056150758559652, 0.39009313070076684], [0.013710533182482413, 0.6536901613265925, 0.20841047637119822, 0.12418882911972695], [0.5031654215547309, 0.36060827743631485, 0.006772107231418979, 0.12945419377753523], [0.03447326143388194, 0.10007313974231717, 0.0027737361068298338, 0.862679862716971], [0.09472678636239866, 0.7468078342407865, 0.07232099860794411, 0.0861443807888708], [0.10315752217721576, 0.696547608248919, 0.03436923025700294, 0.1659256393168622], [0.17018180137521416, 0.5288694121532805, 0.20187025786849302, 0.0990785286030124], [0.047332210659462755, 0.7269289583569464, 0.15615821371577937, 0.06958061726781128], [0.058174133131417304, 0.3371332918980235, 0.07761590903464612, 0.5270766659359135], [0.13060301380391545, 0.2630244548310502, 0.20287124144343086, 0.40350128992160345], [0.2693798718729487, 0.34582840262036274, 0.19366564582377624, 0.191126079682912], [0.04988953149809999, 0.6490588424033616, 0.2604430048973558, 0.04060862120118268], [0.6181759778149952, 0.2605661686620468, 0.10053612257734029, 0.02072173094561773], [0.5389186177821426, 0.1982746724008545, 0.08519347343377279, 0.1776132363832299], [0.05516568104217931, 0.1004707633749306, 0.8170267808258344, 0.027336774757055843], [0.055490600827333494, 0.5797461558217801, 0.17669307425780717, 0.18807016909307903], [0.17490725482574862, 0.6813837716908966, 0.11208351417724671, 0.03162545930610816], [0.0819111105994145, 0.4250351781708056, 0.3692202016017897, 0.12383350962799017], [0.7227437967455956, 0.018198978960945255, 0.05062864454265331, 0.20842857975080603], [0.6412457364571355, 0.21738562159886124, 0.09898432093544705, 0.04238432100855632], [0.06831639109951591, 0.31528011354420016, 0.4149127411447652, 0.201490754211519], [0.19433994242307814, 0.4065007081218065, 0.1040621658938998, 0.2950971835612155], [0.9605298459669518, 0.018542156819830072, 0.010653456381956467, 0.010274540831261838], [0.07078569817238563, 0.20102364113823087, 0.08909820362087363, 0.6390924570685095], [0.03160141270485455, 0.16708294606196292, 0.00956793886692629, 0.791747702366256], [0.13179405026552712, 0.4424561701043264, 0.3148273259581593, 0.1109224536719873], [0.04508837830502028, 0.34019709393283737, 0.006500341962372892, 0.6082141857997694], [0.4415530675337994, 0.2636930469075724, 0.22993395490239665, 0.06481993065623172], [0.13093855690966183, 0.765555124438019, 0.023571088213473566, 0.07993523043884547], [0.11014428754028742, 0.640023314823966, 0.21704439666377437, 0.03278800097197229], [0.81042305583593, 0.1151012806840991, 0.004152284093051507, 0.07032337938691928], [0.14922789635690561, 0.40109209399329393, 0.43900058357631977, 0.010679426073480639], [0.39500383850816656, 0.10941461984171831, 0.06657020668199712, 0.4290113349681182], [0.03148435082805936, 0.2813983726260418, 0.5409399614171391, 0.14617731512875995], [0.0037451376462061697, 0.01760323556259674, 0.9574642855510639, 0.021187341240133314], [0.24264817849314996, 0.5293069634639697, 0.028408770444195982, 0.1996360875986843], [0.5581477671328702, 0.3382901128804009, 0.04921392214478518, 0.054348197841943474], [0.1391956933295793, 0.725315304389383, 0.05223000344616543, 0.08325899883487228], [0.0543818917303783, 0.0424237992248825, 0.8943073753922379, 0.008886933652501178], [0.18686109958174835, 0.16913657707329005, 0.3080134836574188, 0.33598883968754256], [0.30317993018999284, 0.3964972106388199, 0.08077782761642747, 0.21954503155475968], [0.23105024905779023, 0.10864232565767633, 0.014827157606025744, 0.6454802676785075], [0.6641630417493055, 0.0062705447710334, 0.0011665484821546924, 0.3283998649975064], [0.08850425073561567, 0.6450516616381252, 0.07824573632839381, 0.18819835129786527], [0.06052197068736349, 0.26954545212279785, 0.15677139884303404, 0.5131611783468043], [0.16068696365884727, 0.45812401609638426, 0.06745725284005129, 0.3137317674047171], [0.017300955368875066, 0.3511721322855283, 0.17580411775529264, 0.4557227945903037], [0.47578979408930255, 0.3885050181559522, 0.05369719064737213, 0.08200799710737297], [0.5542432425471931, 0.17386194728575674, 0.03263116158591557, 0.2392636485811344], [0.06434115301247947, 0.2747252261532908, 0.6132256392821659, 0.04770798155206397], [0.023905124995841836, 0.7889061440508794, 0.10587708759526201, 0.08131164335801641], [0.5435190539625918, 0.20135714268528102, 0.13336985075394098, 0.12175395259818651], [0.5072513843935275, 0.3256198893691276, 0.0645178147945007, 0.10261091144284394], [0.1586073635097357, 0.061224623550639096, 0.005282216331017317, 0.774885796608608], [0.05798825163434489, 0.6976602321515153, 0.11617732750668812, 0.12817418870745156], [0.0477596175234123, 0.06016746396218235, 0.8912480839729691, 0.0008248345414363469], [0.24987762060181512, 0.39778382265266266, 0.2090838767618748, 0.1432546799836473], [0.24204484550337935, 0.1761379277056327, 0.2479339306382319, 0.33388329615275586], [0.002149993858755717, 0.4418564970542129, 0.4395997575061804, 0.1163937515808511], [0.546222345945879, 0.18627287014737867, 0.08395402776004016, 0.18355075614670177], [0.7560700854268442, 0.09328908940885573, 0.009002541297942352, 0.14163828386635746], [0.442808701530146, 0.3452052904205636, 0.1650224467916606, 0.046963561257629405], [0.027452958796943365, 0.09063913349300763, 0.7981039252575627, 0.08380398245248624], [0.11279159478498044, 0.3647794392326349, 0.08912860430667971, 0.43330036167570507], [0.04689854940693136, 0.10245329180419885, 0.06035179697640677, 0.7902963618124629], [0.10051462222578966, 0.6743050028913772, 0.005739204031151654, 0.21944117085168152], [0.1627483396462234, 0.29412175744165053, 0.010214774542810787, 0.532915128369315], [0.02751519404555328, 0.5075449692661429, 0.017532851008004915, 0.44740698568029896], [0.01808617137028944, 0.19315595371154196, 0.2858505798033804, 0.5029072951147883], [0.06276301592482388, 0.4385322997714091, 0.46102869005354064, 0.037675994250226254], [0.41772467683087283, 0.32100297288519897, 0.05829630636824399, 0.20297604391568405], [0.05910629410377727, 0.2845189869321921, 0.1464761128820539, 0.5098986060819769], [0.3235575931860239, 0.3883973237670003, 0.22798070102878493, 0.06006438201819106], [0.31701834515495303, 0.2852682346138285, 0.014423949158929646, 0.38328947107228895], [0.5882941399475228, 0.13048292850506427, 0.028716879330204528, 0.25250605221720857], [0.039773477776721196, 0.6023292448185552, 0.06858952817332088, 0.2893077492314027], [0.14080295074561944, 0.579463690665246, 0.05939654454912186, 0.22033681404001265], [0.4863006903207311, 0.42494450560259184, 0.027667283640066525, 0.06108752043661075], [0.1857400660616447, 0.5543271823638836, 0.033713251879915584, 0.22621949969455635], [0.1681502003718339, 0.5182305503426464, 0.0996866298455408, 0.21393261943997902], [0.07372642125382496, 0.42959091729298216, 0.14203756291810882, 0.3546450985350841], [0.11584374763083968, 0.2992024318465736, 0.036917513823104375, 0.5480363066994822], [0.6202970999326786, 0.08264015440850864, 0.22436377069964675, 0.07269897495916608], [0.17753839305015753, 0.12175980086854894, 0.6680108085585055, 0.0326909975227882], [0.4063698704205194, 0.106207280078882, 0.3488307004561178, 0.13859214904448056], [0.0657044524711467, 0.46102665599463555, 0.23315712280087603, 0.24011176873334192], [0.049528465948118126, 0.21829039694290947, 0.7156248711133864, 0.016556265995586347], [0.4898777553248079, 0.30113609728968826, 0.09597586455584245, 0.11301028282966147], [0.11887274230011588, 0.8164541276760455, 0.012783189227645268, 0.05188994079619346], [0.23444933348824856, 0.1368511614674417, 0.019673249159685508, 0.6090262558846242], [0.03666880172518494, 0.7357565363116605, 0.01969571199961251, 0.20787894996354211], [0.08936864806454503, 0.32426202904027324, 0.02072386136050411, 0.5656454615346775], [0.3523624130982825, 0.1809123695406304, 0.3170745610226652, 0.14965065633842212], [0.10193551901757131, 0.2898276614406353, 0.040107197686934014, 0.5681296218548592], [0.2693605351893286, 0.2768625660504584, 0.04332281594277262, 0.4104540828174403], [0.03505637731472639, 0.6927994705950766, 0.07773301448399457, 0.1944111376062024], [0.0480411123341137, 0.7441939311719794, 0.11480878862562693, 0.09295616786827995], [0.15740867488370552, 0.18869517376567654, 0.5623991579762065, 0.0914969933744114], [0.06944191870082432, 0.08581911187187996, 0.008176924891638956, 0.836562044535657], [0.1482353899034778, 0.547056753861261, 0.0851835491558048, 0.2195243070794563], [0.03025739223213329, 0.05618721693748622, 0.8832979802015078, 0.030257410628872286], [0.12275006829967985, 0.1695108689310998, 0.17750444724745099, 0.5302346155217694], [0.05380425753682909, 0.3232294968712797, 0.5677655624214768, 0.05520068317041424], [0.033970831473432814, 0.6813463375308478, 0.1987994514679602, 0.0858833795277594], [0.7036836964762099, 0.16260599455591548, 0.03662104994692125, 0.09708925902095338], [0.007404571003753404, 0.15877244489207507, 0.18922271133471485, 0.6446002727694565], [0.012957675313600836, 0.36350537258866267, 0.5724314580876465, 0.05110549401009005], [0.11890418857382468, 0.1350612853359676, 0.038193089439741965, 0.707841436650466], [0.21231167721508368, 0.646986561448808, 0.018436573791441316, 0.12226518754466678], [0.2083742883756496, 0.19679606395080312, 0.05702321871204308, 0.5378064289615039], [0.08527519887909395, 0.19858273663035803, 0.09419313632641904, 0.6219489281641291], [0.016729710622729967, 0.38445871960394884, 0.5726195926026766, 0.026191977170644462], [0.1750760753432722, 0.5600224177042036, 0.024780506232357443, 0.24012100072016687], [0.230219346458276, 0.04837459319781667, 0.009331517646017017, 0.7120745426978903], [0.23894357836516344, 0.11800225656641897, 0.15577847844542533, 0.48727568662299225], [0.14671254205260761, 0.32001108744670054, 0.43051774471032367, 0.10275862579036837], [0.04257826183926409, 0.13774288866666695, 0.005988701390926564, 0.8136901481031422], [0.7536017863839067, 0.1731961544046167, 0.007645262694067294, 0.06555679651740919], [0.013488360787389549, 0.18018994626461501, 0.7346001884957383, 0.071721504452257], [0.3185478485281924, 0.6260069767288071, 0.03699197424138063, 0.018453200501620116], [0.020278750575385744, 0.07320674502924743, 0.18431630917500208, 0.7221981952203641], [0.23032672065462467, 0.05464895212017608, 0.6464820797202782, 0.06854224750492113], [0.049013896171116525, 0.8341994054917451, 0.015051080165444774, 0.10173561817169349], [0.74199831076568, 0.12693870027935794, 0.08994489949297874, 0.0411180894619834], [0.06769453337232362, 0.7701847803586958, 0.0720428066785381, 0.09007787959044249], [0.4301944720084548, 0.2878186629054363, 0.04344083372130099, 0.23854603136480815]]}, "rewritten": {"ids": ["97106591", "97106770", "97107950", "97113260", "97114170", "97118210", "98106111", "98106680", "98106880", "98107410", "98108150", "98108520", "98110230", "98111231", "98116090", "98116940", "98117740", "99107300", "99107950", "99108000", "99108330", "99108460", "99109740", "99110050", "99112300", "99114890", "99119830", "99121440", "100108080", "100108580", "100109311", "100109910", "100110050", "100111390", "100117420", "101108121", "101108500", "101108621", "101110740", "101111620", "101114020", "102107961", "102109850", "102110050", "102113210", "102118380", "102121440", "103109641", "103111480", "103113101", "103118291", "103120290", "103120531", "103120730", "103120780", "104109311", "104111711", "104111830", "104111880", "104112201", "104113170", "104114320", "105114220", "105116090", "105117200", "105117351", "105118230", "106113190", "106113360", "106114150", "106115120", "106115240", "106117770", "106118820", "106119260", "106121190", "106121220", "107112850", "107114490", "107115250", "107117630", "107118520", "107120260", "107121540", "108113620", "108113760", "108114220", "108114360", "108117451", "108118301", "108119330", "108119510", "108120621", "108121351", "109113591", "109117730", "109118231", "109119340", "109120560", "109121351", "110114610", "110114720", "110114920", "110115710", "110115890", "110116300", "110116501", "110118111", "110118630", "110118880", "110119300", "110120560", "110121170", "110121720", "111114941", "111115400", "111115770", "111116040", "111116530", "111117120", "111119430", "111120190", "111120540", "111120640", "111121351", "112116451", "112116810", "112117030", "112117461", "112117471", "112117780", "112118161", "112118471", "112118511", "112120700", "112121010", "113117401", "113117630", "113118630", "113119950", "113120260", "113120531"], "labels": [1, 3, 2, 1, 2, 2, 0, 1, 0, 3, 0, 2, 3, 1, 0, 2, 2, 3, 1, 2, 1, 0, 3, 3, 0, 2, 1, 2, 0, 0, 1, 2, 3, 2, 2, 0, 3, 0, 3, 3, 3, 3, 1, 3, 3, 1, 2, 1, 0, 3, 0, 2, 3, 1, 1, 3, 1, 3, 3, 0, 3, 2, 3, 1, 3, 0, 1, 0, 0, 1, 1, 1, 0, 3, 1, 2, 1, 1, 3, 2, 0, 2, 1, 2, 3, 1, 3, 1, 2, 1, 0, 1, 1, 3, 3, 3, 1, 3, 1, 0, 1, 3, 3, 2, 2, 3, 3, 1, 1, 0, 1, 0, 2, 3, 0, 0, 3, 0, 3, 2, 3, 3, 1, 0, 0, 0, 3, 2, 0, 3, 0, 0, 1, 1, 2, 2, 3, 0, 3, 0, 3, 0], "predicted_labels": [3, 2, 3, 3, 3, 0, 1, 1, 2, 0, 3, 1, 1, 1, 1, 1, 3, 0, 1, 1, 3, 3, 1, 3, 3, 1, 3, 1, 1, 2, 3, 2, 1, 0, 2, 1, 1, 3, 1, 0, 3, 1, 1, 3, 3, 1, 0, 3, 3, 0, 1, 1, 3, 1, 1, 3, 2, 3, 3, 3, 1, 1, 0, 0, 0, 0, 1, 1, 1, 0, 0, 0, 3, 3, 0, 1, 3, 1, 3, 3, 0, 1, 1, 0, 0, 0, 0, 1, 0, 1, 0, 0, 0, 3, 1, 0, 1, 0, 2, 3, 1, 2, 3, 3, 1, 1, 1, 0, 0, 3, 1, 1, 0, 0, 3, 0, 1, 3, 1, 3, 3, 0, 1, 0, 1, 0, 2, 3, 3, 3, 0, 0, 1, 3, 1, 3, 3, 1, 0, 0, 1, 0], "confidence_scores": [[0.030227855920385252, 0.38158390157720584, 0.2630723551499134, 0.3251158873524956], [0.2526983698592076, 0.11256671729325031, 0.5501320280059396, 0.08460288484160287], [0.0697374136240905, 0.22898632317337936, 0.36954115255612907, 0.33173511064640115], [0.06966114211590026, 0.10547511945025168, 0.055251839667166, 0.7696118987666819], [0.03101986648359602, 0.3604837994928302, 0.11820126090999275, 0.4902950731135811], [0.5615153394322356, 0.08328119347921716, 0.17908839976610733, 0.17611506732243992], [0.06650099922033052, 0.5641740556979339, 0.19221341915220216, 0.1771115259295336], [0.010040907303291904, 0.5987999514999678, 0.36554746681247585, 0.025611674384264413], [0.03811863985398039, 0.3193836427923575, 0.5301510239515574, 0.1123466934021045], [0.6979118375310567, 0.05336611731738816, 0.12071358706105774, 0.12800845809049768], [0.053118043771156476, 0.3123391674116338, 0.08208893341635297, 0.5524538554008568], [0.030333062526835312, 0.6652368626385393, 0.1397377748201329, 0.16469230001449284], [0.10204000361264745, 0.6699189793033337, 0.013630952828804426, 0.2144100642552145], [0.2970120784271732, 0.4488097187221941, 0.07208729556731422, 0.18209090728331848], [0.0725654622007968, 0.6926343651461118, 0.025252902166761272, 0.2095472704863299], [0.11996083626576513, 0.7891643468057207, 0.02207507766260346, 0.06879973926591064], [0.019754917512000977, 0.33982462756307663, 0.3049701846742654, 0.33545027025065705], [0.5173652187690412, 0.22523564395411494, 0.006137358154591145, 0.25126177912225256], [0.004827935429233652, 0.5367392284097128, 0.19798467917221055, 0.2604481569888428], [0.0027610619271735306, 0.5236998407489791, 0.13695485300367627, 0.336584244320171], [0.05222230473002437, 0.15435385327287507, 0.2692355878381476, 0.5241882541589522], [0.05474343546357792, 0.1777870319922326, 0.014075405835775096, 0.7533941267084141], [0.017899533521171906, 0.6989352501414976, 0.2017030022358595, 0.08146221410147061], [0.017494991233080126, 0.10871175185893947, 0.2983222088989494, 0.5754710480090307], [0.04702788407726052, 0.2993521838226718, 0.20644912547553526, 0.4471708066245328], [0.029244220313283827, 0.6301349536607275, 0.18798384807684498, 0.15263697794914372], [0.02967681258903445, 0.15939416161630957, 0.15728819655564805, 0.6536408292390077], [0.15806897166865033, 0.5675182915694057, 0.14957492357938978, 0.12483781318255412], [0.03645744459725245, 0.8175385767273703, 0.012828558414820916, 0.13317542026055626], [0.08095714082804827, 0.2313064523290266, 0.6369404761584199, 0.0507959306845053], [0.09013763077452126, 0.08520449630492155, 0.012488453526748503, 0.8121694193938085], [0.19530407755541176, 0.06652842928914424, 0.714344995499013, 0.02382249765643126], [0.038642010742806314, 0.4970590206350509, 0.3185888630618902, 0.14571010556025252], [0.6117564682700359, 0.13334365952023275, 0.04137390209344617, 0.21352597011628505], [0.007555009207145208, 0.046346268871110645, 0.9320245394859802, 0.014074182435764094], [0.04307504094585207, 0.5267046330098111, 0.09957308624420941, 0.3306472398001274], [0.16357579890376414, 0.46460430799881647, 0.2536210391698366, 0.11819885392758286], [0.1058439019673687, 0.19711716216695024, 0.01738985853044975, 0.6796490773352313], [0.02263588179533848, 0.6944184270094088, 0.18513115767305627, 0.09781453352219624], [0.6946248991112445, 0.03604807889567961, 0.019612056751968015, 0.24971496524110748], [0.0735826597221891, 0.10117500196240321, 0.21001699786908076, 0.6152253404463274], [0.32986941081746735, 0.3297854201828382, 0.2364170180907842, 0.10392815090891028], [0.13740543557759669, 0.3626029623801289, 0.30956218160759374, 0.19042942043468067], [0.06120793120007605, 0.18768800038621986, 0.42192214626777785, 0.3291819221459264], [0.03728185362341893, 0.14050308169915363, 0.016396147088251642, 0.8058189175891757], [0.0776499774394319, 0.5174853161245879, 0.31163193933360156, 0.09323276710237882], [0.2527052033171534, 0.19895787360091685, 0.3702370133752655, 0.1780999097066644], [0.10670005991507957, 0.12363404999423826, 0.16564429693726995, 0.6040215931534128], [0.21617718020431873, 0.14180932326615395, 0.11800143314397497, 0.5240120633855523], [0.39494257637234176, 0.3262052538471243, 0.18144974436897052, 0.09740242541156338], [0.21468312873799714, 0.6246596762489387, 0.09580101248015309, 0.0648561825329113], [0.04795443731827966, 0.6072297798337848, 0.1654493733068884, 0.17936640954104693], [0.2261849247014544, 0.28281452196706003, 0.0699892111166521, 0.4210113422148335], [0.13089261304469613, 0.6564319903049524, 0.029625995119237313, 0.1830494015311141], [0.0787440465759668, 0.8354796342279341, 0.03789192096260425, 0.04788439823349479], [0.08481859644925219, 0.07797075392446647, 0.007547876353194834, 0.8296627732730867], [0.06869599131558088, 0.07528094193038568, 0.7277792532225049, 0.12824381353152872], [0.14355798413877324, 0.17377153479746693, 0.19777846005538643, 0.4848920210083737], [0.15131531845848675, 0.16561483935655116, 0.09033667818626978, 0.5927331639986921], [0.3353388917190315, 0.2239675221005429, 0.010692712899499985, 0.43000087328092557], [0.11248669314064491, 0.6376660208819571, 0.15392570425987198, 0.09592158171752588], [0.16283511470965903, 0.38671643620471974, 0.3411318537269953, 0.10931659535862578], [0.5671627506753573, 0.2958237192317274, 0.009342958218148985, 0.1276705718747663], [0.6887201661505611, 0.07486084654606129, 0.03013092114886349, 0.206288066154514], [0.5084806156028301, 0.2396401095280316, 0.09187590757357572, 0.16000336729556244], [0.6441677500634563, 0.1510429364127861, 0.02530314881741113, 0.17948616470634665], [0.08367095400390047, 0.6872061540215846, 0.11289166960858289, 0.11623122236593192], [0.24891914080193195, 0.3316016816186758, 0.12006952389142471, 0.2994096536879677], [0.13748849716666678, 0.72796824811742, 0.05486223607109115, 0.0796810186448219], [0.748714101210327, 0.08754136649524892, 0.09100437226115725, 0.0727401600332667], [0.5019242655925004, 0.24980551622895644, 0.04040536630865601, 0.20786485186988732], [0.7216029881124609, 0.13531687145585808, 0.10158631103702855, 0.041493829394652466], [0.12609593229150748, 0.25843042245938685, 0.17239957584314627, 0.44307406940595945], [0.055620230232314896, 0.19144183965870043, 0.010504222772373955, 0.7424337073366106], [0.6100828479994985, 0.11322496373062459, 0.1960534105934615, 0.08063877767641513], [0.07905034913060559, 0.4870304867178769, 0.3593746936916042, 0.07454447045991332], [0.25154051825589735, 0.10341654348313309, 0.017750994191096898, 0.6272919440698728], [0.13032818623276604, 0.6721151675837129, 0.07931743808915137, 0.11823920809436975], [0.12355094561878156, 0.19770430069542594, 0.317123310711627, 0.36162144297416576], [0.07385204051990955, 0.15959760907594933, 0.02943382715997878, 0.7371165232441623], [0.692055920733859, 0.10209660574590362, 0.07387452574314672, 0.13197294777709062], [0.037300751677461844, 0.6648134150388574, 0.17878362439958215, 0.11910220888409902], [0.1609818556672546, 0.590096156339214, 0.1926890483944922, 0.05623293959903873], [0.5812552673745998, 0.21463584513583878, 0.0785392151555233, 0.1255696723340382], [0.3477010770944452, 0.25047164547587747, 0.16479109342081552, 0.23703618400886187], [0.41399806657180743, 0.1272288636039621, 0.3054058361108829, 0.15336723371334732], [0.4253874713771946, 0.3301077389441116, 0.18350193792332634, 0.06100285175536728], [0.0905927072290879, 0.39869314639236897, 0.4722791318705241, 0.03843501450801882], [0.7422415229066833, 0.026249088811184894, 0.00930719628892675, 0.22220219199320504], [0.38380877201586094, 0.3322668572688733, 0.017388463896654497, 0.2665359068186113], [0.42415774454208915, 0.22304400520093623, 0.24257133188535332, 0.11022691837162134], [0.37861361276959515, 0.22209972446016826, 0.31113799825203375, 0.08814866451820304], [0.4938347936418499, 0.3045937811806805, 0.09059558355689518, 0.11097584162057465], [0.11030402008200967, 0.24468118333390618, 0.14644860514814523, 0.498566191435939], [0.07397484749622665, 0.600133354434461, 0.013435279799399354, 0.3124565182699128], [0.8755447272157005, 0.03456236540076341, 0.06542794432142301, 0.024464963062113324], [0.22855879134714557, 0.5023700092517491, 0.09468316920147982, 0.17438803019962548], [0.4357630945952705, 0.361482251816434, 0.03346896256182387, 0.16928569102647179], [0.01638066452535666, 0.09569468735534871, 0.8034874673796122, 0.08443718073968233], [0.10772158626420315, 0.11331786170734763, 0.009522644494172165, 0.7694379075342768], [0.08228029117244853, 0.5201331547181215, 0.3520051046912131, 0.045581449418216596], [0.1218573931346998, 0.24754451281648213, 0.6284429948734435, 0.0021550991753744447], [0.2512168289563621, 0.30101115005435847, 0.029744774661917477, 0.4180272463273619], [0.06143995214604065, 0.07252614921544635, 0.34535079964703747, 0.5206830989914756], [0.08820536014560694, 0.5498371161955148, 0.035992055923250645, 0.32596546773562796], [0.0836380345340716, 0.8389528800957685, 0.01618698494913084, 0.06122210042102889], [0.3565948572329186, 0.3600784435299022, 0.01566974910881603, 0.26765695012836305], [0.7746030870826642, 0.1815436974481844, 0.009128247761190623, 0.03472496770796105], [0.5544004914565523, 0.30242542269478634, 0.014241117905297173, 0.12893296794336395], [0.05712452217621032, 0.3805322906916606, 0.0056172157074820895, 0.5567259714246472], [0.12966223434609492, 0.6947244121658874, 0.062121760481162566, 0.11349159300685507], [0.12738068355585724, 0.2643007820208944, 0.4219983514996429, 0.1863201829236055], [0.6320347706698431, 0.08151885188602066, 0.1915720392348869, 0.09487433820924922], [0.6524738465611905, 0.2019363483373625, 0.13762710223952648, 0.007962702861920704], [0.26918790276804017, 0.1615776848990236, 0.04685130925343739, 0.5223831030794989], [0.5785260342389196, 0.2103505819607951, 0.18792743621164296, 0.02319594758864269], [0.16573408575408022, 0.46410374635036444, 0.32151856210106616, 0.0486436057944893], [0.12423003955766236, 0.03225372855788795, 0.008982280017066368, 0.8345339518673833], [0.3224668560564337, 0.5173877866533219, 0.02758703953947926, 0.13255831775076526], [0.06546930243956176, 0.43574800783071493, 0.031152681007453723, 0.4676300087222695], [0.06606278574294334, 0.40900535161899365, 0.10649810374851697, 0.41843375888954565], [0.4501977823485495, 0.3287195795173496, 0.03404694383415339, 0.18703569429994768], [0.08794587477565304, 0.6626094585743353, 0.21748560913796527, 0.03195905751204646], [0.5732717363217011, 0.27416398299432054, 0.051688485470174954, 0.1008757952138036], [0.2116848066221177, 0.5338624371278562, 0.08219015785489917, 0.17226259839512661], [0.6576539069670632, 0.09612674707729574, 0.013228710804559994, 0.23299063515108104], [0.12752666241535182, 0.3455730385232772, 0.45023512582990166, 0.07666517323146968], [0.07150266528849873, 0.16890668886404164, 0.04096311768113056, 0.7186275281663292], [0.09704442996507079, 0.041581140975808964, 0.027755883116353026, 0.833618545942767], [0.06798261854335728, 0.43248766317749676, 0.0063353562943462335, 0.4931943619847997], [0.384196139639817, 0.3196521481435736, 0.08068388483166526, 0.21546782738494424], [0.5096176237264513, 0.15365089786920996, 0.031000736242286726, 0.30573074216205226], [0.1048636676456105, 0.8192200470027791, 0.05584549588293688, 0.020070789468673418], [0.24859806599931153, 0.23481487219766722, 0.02331836276818158, 0.4932686990348397], [0.06022794011431287, 0.5965517884320305, 0.2516294597518788, 0.09159081170177776], [0.1374508892695574, 0.2601721340904543, 0.04823128902325625, 0.5541456876167316], [0.17920621461044883, 0.32362033160499093, 0.10396914760554517, 0.39320430617901525], [0.11015139139578246, 0.46739431748641275, 0.11089785865751121, 0.3115564324602936], [0.7304408897067698, 0.12618805907272856, 0.039702603606140974, 0.10366844761436049], [0.6648536769994488, 0.17482140072802166, 0.011320634994261732, 0.14900428727826798], [0.12043355833477166, 0.6368305260656575, 0.13433106114938717, 0.10840485445018373], [0.44910447851905205, 0.24467861347528344, 0.03518412612299986, 0.27103278188266455]]}}