{"test": {"ids": ["112119450", "102116500", "100109801", "107121640", "105116441", "98116940", "110114950", "102113350", "108118810", "110115710", "111120280", "113118111", "110119300", "100120010", "107114110", "111116750", "107114321", "104111990", "113122120", "108113760", "111116530", "98107380", "113119930", "105115720", "107118820", "108115870", "98111620", "108114200", "97113900", "104113380", "103111480", "113120280", "113120640", "99108520", "110120190", "102121700", "99108010", "108116120", "108114360", "106118520", "97112830", "104111531", "108114220", "106118161", "99109910", "105113260", "99111000", "113120591", "97107950", "113120830", "101111140", "112121430", "110117110", "107116501", "107120880", "100109311", "97106820", "98110680", "99109161", "109113931", "103118291", "100111270", "109114651", "111117000", "111115910", "105113190", "109116750", "103111170", "98109570", "111116010", "101115190", "109117110", "104111550", "105116860", "112117660", "112118701", "110118930", "113121810", "113118870", "105120280", "111116990", "108121190", "97105760", "97112290", "106116441", "112116290", "105113480", "99109780", "106115240", "106116850", "112116640", "107118520", "99111340", "112118860", "98110810", "103120290", "111114941", "102112030", "113121190", "101108500", "102110750", "110115120", "105120621", "110118111", "101110740", "100109910", "97107260", "109114720", "107117010", "107114490", "101114990", "101116130", "107118490", "97106591", "110121450", "111119300", "109117730", "113119480", "104116441", "113121220", "109118161", "112119320", "111120531", "107114621", "109117431", "109120150", "99112300", "111116640", "104111780", "113122220", "99117630", "105118740", "101109120", "110118810", "98106880", "111121351", "99108080", "113120601", "113120540", "104114230", "104117200", "112121030"], "labels": [3, 1, 0, 1, 1, 2, 0, 3, 1, 2, 0, 1, 1, 0, 1, 3, 0, 2, 1, 1, 3, 1, 1, 1, 3, 3, 3, 0, 2, 1, 0, 0, 0, 2, 3, 1, 2, 1, 1, 2, 2, 0, 3, 3, 2, 3, 2, 0, 2, 3, 2, 2, 0, 1, 1, 1, 1, 2, 3, 1, 0, 2, 3, 0, 2, 3, 0, 2, 1, 1, 1, 1, 1, 2, 0, 0, 1, 2, 0, 3, 0, 1, 0, 1, 0, 0, 0, 2, 1, 3, 0, 2, 1, 3, 1, 2, 0, 2, 1, 3, 1, 0, 1, 1, 3, 2, 2, 0, 1, 3, 3, 2, 2, 1, 3, 1, 3, 3, 1, 3, 0, 1, 0, 0, 1, 2, 0, 0, 3, 1, 3, 1, 1, 1, 0, 0, 3, 2, 3, 2, 3, 0], "predicted_labels": [3, 3, 3, 3, 3, 3, 0, 3, 1, 3, 3, 3, 3, 3, 3, 3, 3, 1, 3, 3, 3, 3, 3, 3, 1, 3, 3, 3, 3, 3, 3, 3, 3, 0, 3, 3, 1, 3, 3, 1, 3, 3, 0, 0, 3, 1, 3, 3, 3, 1, 3, 3, 0, 0, 3, 3, 3, 3, 0, 3, 3, 3, 3, 1, 1, 3, 0, 3, 1, 1, 3, 3, 3, 3, 3, 1, 1, 3, 1, 3, 3, 3, 3, 1, 3, 0, 3, 1, 3, 3, 3, 3, 3, 1, 1, 3, 3, 0, 1, 1, 1, 1, 3, 3, 1, 1, 3, 3, 3, 3, 1, 1, 1, 1, 1, 3, 1, 0, 1, 3, 3, 3, 3, 3, 3, 3, 3, 3, 1, 3, 3, 3, 3, 3, 0, 1, 0, 1, 3, 3, 3, 3], "confidence_scores": [[0.271006426345613, 0.2450907953805688, 0.17045410351949486, 0.31344867475432353], [0.24817649303018005, 0.2817642867052562, 0.16413735183364841, 0.30592186843091523], [0.22203834899676836, 0.2616023591298859, 0.16864102997294292, 0.347718261900403], [0.19527514047762634, 0.288539479023936, 0.20187930125048734, 0.3143060792479503], [0.22986383590958145, 0.30396706722474237, 0.15741406554177875, 0.30875503132389753], [0.20179583165907208, 0.27769656483770455, 0.1993008249236134, 0.32120677857961044], [0.29123357168874053, 0.22136921250162975, 0.1996388251452736, 0.2877583906643566], [0.2208958736026516, 0.26716333458377556, 0.21416614008213095, 0.2977746517314422], [0.2772447335468267, 0.2852697542022957, 0.15430888177142274, 0.283176630479455], [0.2318615114783111, 0.23897320462037727, 0.18105939713145586, 0.34810588676985604], [0.2664066061410533, 0.2211850327202326, 0.1642537720281433, 0.34815458911057123], [0.27376170566273655, 0.27387453881914003, 0.1237699168172392, 0.3285938387008844], [0.2763747758362351, 0.2471750105027103, 0.1820825855437706, 0.29436762811728434], [0.2407361859899256, 0.24052288775887767, 0.25597636228968695, 0.26276456396151], [0.23205333826707325, 0.23797638166635993, 0.24744627514762377, 0.2825240049189435], [0.2625020452712946, 0.23029088087218555, 0.18472858974395973, 0.32247848411256036], [0.25312172495609625, 0.26640985349563456, 0.19129691867018203, 0.2891715028780877], [0.22521080724000556, 0.2996602301541348, 0.18092383257404873, 0.29420513003181126], [0.20733107875098636, 0.30016459776189597, 0.17902445571556766, 0.31347986777155], [0.23076560395690593, 0.2891706753690373, 0.18719791631312419, 0.29286580436093285], [0.22952935966643156, 0.25452996726226773, 0.18541864265207952, 0.3305220304192213], [0.26697613062534736, 0.2474983738278694, 0.1875307756546313, 0.29799471989215215], [0.26654475439323183, 0.26907287275592745, 0.16284128468184747, 0.3015410881689937], [0.21411917462326863, 0.27403390320899274, 0.1810319005652882, 0.3308150216024506], [0.2259893264075256, 0.30052526256494366, 0.193096841967752, 0.28038856905977905], [0.2676293880732487, 0.20463651465614008, 0.1707629746964753, 0.35697112257413616], [0.16506255249688057, 0.24788067936147432, 0.22671451478242813, 0.3603422533592173], [0.22119076079730376, 0.26037430048255295, 0.18676913487237892, 0.3316658038477645], [0.23667146512995327, 0.2822664325589225, 0.1921150208697058, 0.28894708144141856], [0.19652601846360962, 0.2595377934700462, 0.2253507383296699, 0.3185854497366745], [0.25980093753300965, 0.2432520393982303, 0.20393178425914651, 0.2930152388096139], [0.26343769089505903, 0.21559885997022912, 0.18583483214693278, 0.3351286169877791], [0.2742928377975604, 0.25085079269470856, 0.15928989204874813, 0.3155664774589831], [0.2644907727891692, 0.23565328534321, 0.2460273205292701, 0.2538286213383509], [0.23431109865300165, 0.2669017509494015, 0.18048870728590483, 0.3182984431116922], [0.2580426380242463, 0.26129143155585693, 0.2055827799841905, 0.27508315043570664], [0.24179832271321522, 0.3090904419009908, 0.15847258893313915, 0.29063864645265514], [0.27902970627244483, 0.23994950737779608, 0.15561870658958557, 0.32540207976017377], [0.2612985676331079, 0.2288600648495994, 0.20272175867270623, 0.3071196088445866], [0.27925614432366413, 0.2854259083439768, 0.1738057697421763, 0.261512177590183], [0.2886371380788792, 0.24194517489299316, 0.16474284727669197, 0.30467483975143567], [0.2686862337561063, 0.26657209455329256, 0.14317433330570178, 0.3215673383848995], [0.3148474286690689, 0.22157918754685257, 0.16685524194680768, 0.29671814183727113], [0.32995050585665564, 0.26355708491643065, 0.14297157348561332, 0.2635208357413005], [0.27066981121543465, 0.2456768183533767, 0.1795192976109421, 0.30413407282024674], [0.2692391621875194, 0.28471225457749527, 0.16650149781594525, 0.27954708541904044], [0.22909154393674608, 0.29018945127556156, 0.18832596879873723, 0.29239303598895516], [0.250404857567199, 0.23688092243053224, 0.16942874436531596, 0.34328547563695283], [0.2015818249219149, 0.2954922335483129, 0.1860361805491382, 0.31688976098063415], [0.223355046655481, 0.32084575503242957, 0.19766602489579077, 0.258133173416299], [0.28472856649245926, 0.24734125513647032, 0.1592755602783012, 0.30865461809276945], [0.2433091778478352, 0.2556775153354617, 0.1933401232835041, 0.3076731835331992], [0.28483309746263386, 0.26302931407672925, 0.18533997694355328, 0.2667976115170838], [0.3238880469738563, 0.21061470524413625, 0.1455106096508284, 0.3199866381311794], [0.18322314830130446, 0.29742139519138716, 0.1992208544537938, 0.3201346020535149], [0.2476421953643687, 0.27339634158755993, 0.12816286361318496, 0.3507985994348862], [0.20380447060878348, 0.29026493117419233, 0.16515377766960282, 0.3407768205474213], [0.27706566031423924, 0.23568871606619435, 0.1750877241455308, 0.31215789947403566], [0.2955732966330854, 0.29371738311693263, 0.14699602318743385, 0.2637132970625482], [0.17928241176772008, 0.2961726430968449, 0.17379261294047588, 0.3507523321949592], [0.2656084638922643, 0.24911983106813865, 0.1591964086122617, 0.3260752964273353], [0.1843348679416397, 0.27186155470276385, 0.2517035919203608, 0.2920999854352355], [0.2262993949774577, 0.24980974720326174, 0.19529324828619757, 0.3285976095330831], [0.21875704546481672, 0.32072983873654104, 0.1735581360476877, 0.2869549797509547], [0.24681496383266274, 0.30061940632523554, 0.15877882762541612, 0.2937868022166859], [0.27112200744542997, 0.2164136981100614, 0.16166778121896963, 0.3507965132255391], [0.3098879340932412, 0.25862321077814204, 0.15810196153120717, 0.27338689359741], [0.28083923062295285, 0.20705461781515713, 0.16956536946812018, 0.34254078209376976], [0.19313624306885097, 0.30513961140492635, 0.1986984235136597, 0.303025722012563], [0.22389831362778462, 0.2967551419175201, 0.197989784996015, 0.28135675945868044], [0.24772844288838558, 0.28300626098264603, 0.18093132792605054, 0.2883339682029179], [0.24531273572851983, 0.29127606450547094, 0.13769971875870785, 0.3257114810073016], [0.2595391527434445, 0.2489167318755556, 0.16652709952315028, 0.32501701585784987], [0.22197660935679028, 0.2870627537670053, 0.19517886748225485, 0.29578176939394984], [0.29098608140676385, 0.2512875149747118, 0.1330035639394014, 0.324722839679123], [0.25014924434820235, 0.3184539067651133, 0.15983703070273447, 0.27155981818394975], [0.1926180608729176, 0.30454903615085094, 0.24212053023581143, 0.2607123727404202], [0.19925865302383994, 0.2598350273264749, 0.22245279069792218, 0.31845352895176315], [0.19546604689793823, 0.32242176130770805, 0.1734559916898059, 0.30865620010454825], [0.260259531773066, 0.2808268193587092, 0.15747200514434048, 0.30144164372388427], [0.24848030955435452, 0.25244837653855784, 0.17918232668514072, 0.319888987221947], [0.16525638222862185, 0.3032076573671036, 0.22701745057109274, 0.30451850983318207], [0.3142564162240505, 0.22574674747084345, 0.12983406315145782, 0.3301627731536484], [0.22499569451267903, 0.316275217719264, 0.1977817197449054, 0.26094736802315177], [0.2505055613444636, 0.2547454286318683, 0.18518269280550612, 0.30956631721816213], [0.32159372049477775, 0.28641980236865594, 0.13908724642875442, 0.2528992307078122], [0.26158853601989324, 0.27455405719417514, 0.18108337530146507, 0.2827740314844671], [0.2149222258450871, 0.3104674037785644, 0.19415468988140355, 0.28045568049494507], [0.236366957297175, 0.25407617558493933, 0.1903453534995783, 0.31921151361830763], [0.2284434879136794, 0.27914858178457175, 0.21109381109588823, 0.2813141192058607], [0.20966822789462622, 0.2679937063450912, 0.23281479545893966, 0.2895232703013431], [0.22669814770357555, 0.25822083924107625, 0.20789824251489672, 0.30718277054045184], [0.2172886196625637, 0.2760151275095418, 0.1926270534004681, 0.3140691994274267], [0.23679361174609873, 0.30106862047716754, 0.18265286840143186, 0.2794848993753021], [0.21956125326000386, 0.3121915998450429, 0.22748630392577376, 0.24076084296917974], [0.23687534014665423, 0.24591514821881527, 0.25031454399666175, 0.2668949676378691], [0.2907736185692562, 0.21790368652500458, 0.1429015141821478, 0.3484211807235917], [0.30354289892572, 0.2723141656574171, 0.16894816654496714, 0.25519476887189574], [0.25760999432170645, 0.2888069490969619, 0.1866365873822009, 0.2669464691991312], [0.1977715678392706, 0.3201351306208819, 0.23802759439890028, 0.24406570714094747], [0.20099729185617943, 0.3030367098403682, 0.25498698546824416, 0.2409790128352086], [0.19962372478974647, 0.31545170428049313, 0.2150561957377038, 0.2698683751920568], [0.25856673902620786, 0.2488370712311994, 0.14615290918114202, 0.3464432805614509], [0.2943086098830122, 0.22895937502932, 0.12880623152829396, 0.3479257835593738], [0.24664546133077636, 0.30661350099056506, 0.21259742321868164, 0.23414361445997742], [0.24743959820109956, 0.27948881872609943, 0.20072219600330235, 0.2723493870694986], [0.2643631922953801, 0.23729743161866923, 0.20522744325144932, 0.29311193283450154], [0.16578671124998756, 0.2939870328193729, 0.22799786755675364, 0.31222838837388606], [0.261410518796121, 0.266712559811187, 0.17618814640086786, 0.2956887749918243], [0.22572155523190457, 0.2907010510654656, 0.18119421577406208, 0.30238317792856795], [0.2235883046653488, 0.2749618989006601, 0.22949233881356382, 0.27195745762042767], [0.22625594640641938, 0.3276541467469689, 0.21195028496936666, 0.2341396218772453], [0.23647832247258876, 0.29456588085769636, 0.21740437115564057, 0.2515514255140745], [0.2543470652756813, 0.27399793907533376, 0.2206816760781523, 0.2509733195708328], [0.25154666845745477, 0.2971104353659283, 0.15855886795539476, 0.2927840282212221], [0.2548426324191741, 0.24283349357206507, 0.16279788545991594, 0.3395259885488449], [0.26367618965253337, 0.27866685953163467, 0.1920514644899588, 0.2656054863258733], [0.29139878223624366, 0.2533176722267724, 0.16525738857552086, 0.290026156961463], [0.2282081776155202, 0.29982705181343106, 0.18707152712119288, 0.2848932434498563], [0.2561099692252153, 0.22881986519427014, 0.20435735291800358, 0.31071281266251133], [0.2634184379979027, 0.2448484085912533, 0.18326475295345002, 0.30846840045739404], [0.16505446747261515, 0.29684194030621003, 0.21653501541445183, 0.3215685768067229], [0.24998099034025537, 0.2762357263219302, 0.1447645060971319, 0.3290187772406825], [0.30534529216841216, 0.25025133113749726, 0.12209204855043604, 0.3223113281436547], [0.26429493597493187, 0.26650565866668113, 0.15658538466742453, 0.3126140206909625], [0.2676534047545913, 0.23292389726551155, 0.17214389530301394, 0.3272788026768835], [0.25582188306485193, 0.2550109794312902, 0.17853201234926078, 0.31063512515459724], [0.22458765690046867, 0.25783137486304036, 0.22925758355124778, 0.28832338468524343], [0.2878051336910167, 0.28785215579510653, 0.14390417440447054, 0.2804385361094065], [0.20827544648932764, 0.2933962249478641, 0.18400423269469562, 0.3143240958681127], [0.24076199034706616, 0.23873191516880138, 0.1687034191938902, 0.3518026752902423], [0.24835910566590771, 0.2686884400527958, 0.17717960756699852, 0.3057728467142983], [0.2382234130446415, 0.2665459352735966, 0.21567782899230262, 0.2795528226894596], [0.25750204772011165, 0.250313647261395, 0.17436457771308397, 0.3178197273054095], [0.2706959810693143, 0.2680140702428449, 0.1984934942061634, 0.2627964544816777], [0.2980489619014255, 0.31316563830133776, 0.1371454682220025, 0.25163993157523445], [0.28440555757319513, 0.2504074433383027, 0.18179897811256385, 0.2833880209759386], [0.28300027091327673, 0.28828472902193036, 0.15049712924818556, 0.27821787081660754], [0.25475204741807345, 0.26044818553541854, 0.14291070345374704, 0.3418890635927612], [0.3057494952041138, 0.218210824109639, 0.16600831033972066, 0.3100313703465266], [0.20090847073144155, 0.3016413980870684, 0.1898280725748682, 0.30762205860662223], [0.27475552928853986, 0.23421550189939905, 0.14666933165655718, 0.34435963715550405]]}, "rewritten": {"ids": ["97105760", "97106591", "97106820", "97107260", "97107950", "97112290", "97112830", "97113900", "98106880", "98107380", "98109570", "98110680", "98110810", "98111620", "98116940", "99108010", "99108080", "99108520", "99109161", "99109780", "99109910", "99111000", "99111340", "99112300", "99117630", "100109311", "100109801", "100109910", "100111270", "100120010", "101108500", "101109120", "101110740", "101111140", "101114990", "101115190", "101116130", "102110750", "102112030", "102113350", "102116500", "102121700", "103111170", "103111480", "103118291", "103120290", "104111531", "104111550", "104111780", "104111990", "104113380", "104114230", "104116441", "104117200", "105113190", "105113260", "105113480", "105115720", "105116441", "105116860", "105118740", "105120280", "105120621", "106115240", "106116441", "106116850", "106118161", "106118520", "107114110", "107114321", "107114490", "107114621", "107116501", "107117010", "107118490", "107118520", "107118820", "107120880", "107121640", "108113760", "108114200", "108114220", "108114360", "108115870", "108116120", "108118810", "108121190", "109113931", "109114651", "109114720", "109116750", "109117110", "109117431", "109117730", "109118161", "109120150", "110114950", "110115120", "110115710", "110117110", "110118111", "110118810", "110118930", "110119300", "110120190", "110121450", "111114941", "111115910", "111116010", "111116530", "111116640", "111116750", "111116990", "111117000", "111119300", "111120280", "111120531", "111121351", "112116290", "112116640", "112117660", "112118701", "112118860", "112119320", "112119450", "112121030", "112121430", "113118111", "113118870", "113119480", "113119930", "113120280", "113120540", "113120591", "113120601", "113120640", "113120830", "113121190", "113121220", "113121810", "113122120", "113122220"], "labels": [0, 1, 1, 2, 2, 1, 2, 2, 0, 1, 1, 2, 1, 3, 2, 2, 3, 2, 3, 2, 2, 2, 1, 0, 3, 1, 0, 2, 2, 0, 3, 1, 3, 2, 3, 1, 2, 1, 2, 3, 1, 1, 2, 0, 0, 2, 0, 1, 3, 2, 1, 2, 1, 3, 3, 3, 0, 1, 1, 2, 1, 3, 1, 1, 0, 3, 3, 2, 1, 0, 3, 0, 1, 1, 2, 2, 3, 1, 1, 1, 0, 3, 1, 3, 1, 1, 1, 1, 3, 0, 0, 1, 1, 3, 0, 2, 0, 0, 2, 0, 1, 1, 1, 1, 3, 3, 0, 2, 1, 3, 0, 3, 0, 0, 1, 0, 0, 0, 0, 0, 0, 0, 3, 1, 3, 0, 2, 1, 0, 3, 1, 0, 3, 0, 2, 0, 3, 1, 3, 2, 1, 1], "predicted_labels": [0, 0, 3, 3, 3, 3, 3, 3, 3, 3, 3, 3, 1, 3, 3, 1, 3, 0, 0, 0, 3, 1, 1, 3, 3, 3, 1, 3, 1, 3, 3, 3, 3, 3, 3, 3, 3, 3, 0, 3, 3, 3, 3, 0, 3, 3, 3, 3, 3, 3, 3, 3, 3, 3, 3, 3, 3, 1, 3, 1, 3, 3, 3, 3, 3, 1, 3, 1, 0, 3, 1, 0, 3, 3, 3, 3, 3, 1, 3, 3, 3, 3, 3, 3, 3, 3, 3, 3, 3, 3, 0, 3, 3, 3, 3, 3, 3, 3, 3, 1, 3, 3, 3, 3, 3, 1, 3, 3, 3, 3, 3, 3, 3, 3, 3, 3, 3, 1, 0, 3, 3, 3, 3, 3, 3, 3, 3, 3, 3, 3, 3, 3, 3, 3, 3, 3, 1, 3, 3, 3, 3, 3], "confidence_scores": [[0.31165342591475176, 0.2640492561337984, 0.13307190369614877, 0.29122541425530135], [0.27323695828190625, 0.2714558089595535, 0.18436532053216903, 0.27094191222637126], [0.26748045026843414, 0.2381488694249349, 0.13140062180656056, 0.3629700585000704], [0.27849069625128975, 0.23678831919925206, 0.18447356190546685, 0.3002474226439917], [0.20488261311163647, 0.3016392288870426, 0.18847858459527836, 0.3049995734060428], [0.28784573746075715, 0.25229501991220465, 0.1450774737953174, 0.3147817688317211], [0.27756937620666283, 0.263429596798348, 0.1652789896903152, 0.293722037304674], [0.27312609038865227, 0.24602577480682628, 0.16822708417402998, 0.3126210506304914], [0.25987488403242415, 0.26131836690364596, 0.17458427475035662, 0.30422247431357335], [0.2796633461768359, 0.2122360308701409, 0.2018884197600758, 0.3062122031929475], [0.2716660471887655, 0.23323922390766275, 0.15691230363346156, 0.3381824252701102], [0.2604480331197335, 0.27619337131308397, 0.1542297203040056, 0.3091288752631772], [0.2609401208545098, 0.29848345776764135, 0.19995378955345153, 0.24062263182439772], [0.2138658220461114, 0.28152021090843965, 0.19370764326291817, 0.310906323782531], [0.2179837871153781, 0.2664254927375501, 0.20488551656589674, 0.3107052035811751], [0.24616147835224703, 0.2801693006268624, 0.22048849004928253, 0.25318073097160804], [0.27094819640819007, 0.22931945503658802, 0.20953323160607124, 0.2901991169491509], [0.30403474102079653, 0.254570295108808, 0.1506538621372486, 0.2907411017331469], [0.3050161699987851, 0.2714648658714412, 0.18507183796774257, 0.23844712616203137], [0.2742754527162175, 0.26437574779176637, 0.1875907668098734, 0.2737580326821429], [0.2548995038917807, 0.23805038715979457, 0.18081243270779818, 0.3262376762406266], [0.24658448390737087, 0.291893024048754, 0.20923156628942763, 0.2522909257544476], [0.24374801106647404, 0.2796268650456034, 0.22046780957670176, 0.256157314311221], [0.29246832114771437, 0.22945199313059103, 0.16585471096396437, 0.31222497475773053], [0.21895357639997898, 0.2754187190402931, 0.19658730414347914, 0.309040400416249], [0.27964637333654446, 0.25996101560798496, 0.14378370979708713, 0.31660890125838387], [0.244751769510594, 0.29771648096827297, 0.16310540575235963, 0.2944263437687736], [0.22582860927482046, 0.27898268130199916, 0.191318866818147, 0.3038698426050335], [0.2257730292862815, 0.2770511161834094, 0.25429054416147395, 0.24288531036883554], [0.23410223437180974, 0.28582420096958605, 0.14813677391260327, 0.3319367907460011], [0.22677276777205627, 0.28049152628774743, 0.19241795121328292, 0.30031775472691347], [0.24062041383881702, 0.27730481309185057, 0.19644820734139962, 0.2856265657279329], [0.2813859716291187, 0.23424706433429615, 0.17844806564820512, 0.3059188983883805], [0.29472802965976813, 0.2609393633004583, 0.14525064884642025, 0.2990819581933536], [0.2521556309191814, 0.2584332180422534, 0.1982412092394535, 0.29116994179911154], [0.263496761434035, 0.27448702409833897, 0.1599749441954462, 0.3020412702721798], [0.25471683733274203, 0.27992633481171364, 0.17377548674156112, 0.2915813411139835], [0.20771500596872663, 0.27628450382592296, 0.18299851820743956, 0.3330019719979112], [0.3068791205062929, 0.2406495129427488, 0.1617151788253801, 0.2907561877255782], [0.22007266293383637, 0.27461329645406385, 0.16023822872370086, 0.3450758118883988], [0.24994020331724262, 0.264587507756756, 0.16221927274511233, 0.3232530161808892], [0.2584770248413394, 0.23487216211243608, 0.19719473626603073, 0.30945607678019377], [0.26967500389682875, 0.20550757631477956, 0.17747342571188351, 0.3473439940765083], [0.31289469413159193, 0.21724363749480655, 0.1594013574367384, 0.3104603109368634], [0.25198073481347455, 0.24041235850599477, 0.15292587246435443, 0.3546810342161764], [0.22574923756739526, 0.2853921949013241, 0.19013242899502497, 0.2987261385362555], [0.24652816770791414, 0.2621649710933313, 0.1470007199589536, 0.3443061412398011], [0.2649283278154265, 0.19454332492594792, 0.22462681093852407, 0.31590153632010165], [0.3071461059365464, 0.22582027938486182, 0.13702160848927314, 0.330012006189319], [0.2266571597814312, 0.29644411471754184, 0.16681592314924504, 0.31008280235178215], [0.2140036953177268, 0.2898346915269637, 0.1781619626914216, 0.3179996504638881], [0.2818462644585154, 0.23746197843137157, 0.1801654954917202, 0.30052626161839285], [0.28391628746444314, 0.25889189543953894, 0.14567184423555155, 0.31151997286046673], [0.25259132736585477, 0.2798512743571638, 0.1803059643084624, 0.2872514339685193], [0.28534986581687105, 0.24156978541278407, 0.15993723675119034, 0.3131431120191546], [0.30092907077043757, 0.23120502644918897, 0.14855242270465108, 0.3193134800757225], [0.22559502321541675, 0.24847921616903093, 0.1777184329975229, 0.34820732761802936], [0.2828250404254512, 0.28985039351283154, 0.17762067483797228, 0.24970389122374503], [0.23580886585818586, 0.2754137043632745, 0.14752695141663497, 0.3412504783619046], [0.23443649546499729, 0.29597581204862533, 0.19640689581571205, 0.27318079667066547], [0.24393168617453614, 0.2456298718602963, 0.1724551009708355, 0.3379833409943322], [0.267180509254785, 0.25872423857426624, 0.14669943430563775, 0.32739581786531124], [0.29260347382123636, 0.22192454390827224, 0.15356079621030738, 0.33191118606018444], [0.27465619433725835, 0.23459654773364896, 0.18082040581081446, 0.3099268521182784], [0.2379387782091295, 0.2699669070104299, 0.1786441099092551, 0.3134502048711856], [0.2366589435601989, 0.2734181531736568, 0.24675365552638565, 0.24316924773975856], [0.28112357190094905, 0.2587786147523816, 0.15724049291250766, 0.30285732043416186], [0.23487459163971183, 0.30107645193551347, 0.17117052897784096, 0.292878427446934], [0.3082802425213344, 0.20628711399990565, 0.18662794688362308, 0.29880469659513714], [0.24960891178763267, 0.2821108034692207, 0.1584628420824674, 0.30981744266067934], [0.25818805141826556, 0.2884454836667395, 0.17291998604554812, 0.280446478869447], [0.31304843058637166, 0.22165922718143424, 0.15224822244410605, 0.3130441197880884], [0.29170088012072304, 0.24541140475296866, 0.15896508298722264, 0.3039226321390859], [0.24026891326633606, 0.2722157859717239, 0.19096333741808813, 0.2965519633438521], [0.21712545165336677, 0.2584788298355921, 0.21468653533078888, 0.3097091831802524], [0.23323096666868925, 0.26366694721242656, 0.158257906405067, 0.34484417971381726], [0.21095928216290172, 0.2760720966917638, 0.17122841510818332, 0.3417402060371512], [0.22578878130153374, 0.3207447554276819, 0.16801319486685856, 0.2854532684039261], [0.23731181812774949, 0.29250628962199754, 0.158621559703812, 0.31156033254644117], [0.2714505624419553, 0.25249677126495806, 0.20378181107639326, 0.27227085521669375], [0.25584293870789104, 0.25237507665397996, 0.1628998245296514, 0.3288821601084779], [0.2889280768729426, 0.24203416305971845, 0.15809098301414692, 0.3109467770531923], [0.24074894483267023, 0.2611519249451238, 0.1758682004527815, 0.32223092976942475], [0.2682261698469201, 0.19318605634958377, 0.16714007515476503, 0.3714476986487311], [0.2663157663709452, 0.2646314795712969, 0.1599063710839276, 0.30914638297383046], [0.2604567778982075, 0.2487192289040133, 0.1745856774044747, 0.31623831579330447], [0.25606889233718616, 0.2415138051826073, 0.18780436954270832, 0.31461293293749854], [0.222893430229247, 0.2990855770098624, 0.17832151025946297, 0.29969948250142786], [0.24300131996187635, 0.2101887819950255, 0.18912625964663804, 0.35768363839646045], [0.20901678298027007, 0.25555525277471386, 0.1937212946143196, 0.3417066696306968], [0.3200364329552765, 0.25998319506347634, 0.15388850212565244, 0.26609186985559496], [0.22950372112073258, 0.2834928459900264, 0.1920766009754023, 0.29492683191383895], [0.23428998430069523, 0.23284203577410115, 0.15921682935172818, 0.37365115057347575], [0.20963927259738896, 0.28464496898906555, 0.20878537386235801, 0.2969303845511877], [0.24631462182298963, 0.24635021724530515, 0.15633734473273458, 0.3509978161989706], [0.2904333587427349, 0.2202931478207757, 0.1780217497718214, 0.3112517436646682], [0.26867660353736356, 0.2060978523855517, 0.16408109499185078, 0.36114444908523446], [0.23753079902882476, 0.2975112091347612, 0.15288609673388942, 0.3120718951025248], [0.2504346688284516, 0.22829328127230247, 0.1596168944324987, 0.3616551554667471], [0.25411811784566907, 0.3144798203300853, 0.1563067856625292, 0.2750952761617165], [0.28321824393352424, 0.21417544291764062, 0.17985647485433354, 0.32274983829450155], [0.2644185781434206, 0.23738706552455777, 0.17095623014835395, 0.3272381261836676], [0.22579749506877278, 0.2573747767295196, 0.21079199489669861, 0.30603573330500916], [0.25865106509590635, 0.27891994276006027, 0.17177830802750674, 0.2906506841165266], [0.23456484486107831, 0.26830349016351807, 0.17717320437311096, 0.31995846060229277], [0.25216566083219843, 0.29998565494972396, 0.1606444717323206, 0.28720421248575695], [0.2639142311220009, 0.20665537506755988, 0.18174813231974252, 0.347682261490697], [0.2737474389382213, 0.2823438341895837, 0.14173806073903575, 0.3021706661331594], [0.25870978873318085, 0.2665110211708081, 0.17026654795885166, 0.30451264213715956], [0.2201657335783556, 0.28105532519325405, 0.19202325436269416, 0.30675568686569615], [0.2725288862049381, 0.18651002771402897, 0.1979935243180596, 0.3429675617629737], [0.26400362136964495, 0.2304086677127805, 0.1394058076996696, 0.366181903217905], [0.22872259950343818, 0.20899566605319841, 0.15911553112757504, 0.4031662033157881], [0.22512420419483883, 0.2880567106414111, 0.18720136425910985, 0.29961772090464045], [0.21479382722557538, 0.26917098515455856, 0.21417757826712067, 0.30185760935274564], [0.26701789502134055, 0.2390112997739426, 0.15109157109429228, 0.342879234110425], [0.2724727810498255, 0.2503627447099858, 0.1569846334343026, 0.32017984080588646], [0.2714512050131594, 0.3411947139286014, 0.1461487692302516, 0.24120531182798793], [0.2917166344466491, 0.2673936365063173, 0.15971674179576412, 0.2811729872512697], [0.24623938986825616, 0.26286098261423574, 0.17302913293260427, 0.3178704945849041], [0.2685033611245525, 0.2507681055050781, 0.14338773370337107, 0.3373407996669984], [0.24695599974620053, 0.2705729014669519, 0.163642851099426, 0.3188282476874217], [0.2042115155275184, 0.25769408120773685, 0.1751646184651419, 0.3629297847996029], [0.23141415250132627, 0.259770225083489, 0.17151279470510913, 0.3373028277100758], [0.30183856103773354, 0.2565647854866423, 0.13839660182017674, 0.30320005165544756], [0.2833126305910225, 0.2392582051582302, 0.13148994584829496, 0.3459392184024523], [0.22681576462717123, 0.2797274789765206, 0.18898275098954195, 0.30447400540676667], [0.21479177975019792, 0.301097857254816, 0.13351911022632612, 0.3505912527686598], [0.2903940412352581, 0.21998951555271737, 0.15040013645999517, 0.3392163067520293], [0.26724686425349925, 0.2584270246636752, 0.15850938362965644, 0.3158167274531689], [0.2518881399150736, 0.27893412836250614, 0.16465251061528735, 0.3045252211071334], [0.2596176827204345, 0.2095142264065322, 0.16611557363656143, 0.3647525172364723], [0.2920405281245399, 0.24764204779968263, 0.13603538094317905, 0.3242820431325986], [0.23776580868383512, 0.2678422407756435, 0.2061274270548311, 0.28826452348569065], [0.2914796554725036, 0.27708657704528905, 0.13175858664682777, 0.29967518083537986], [0.299135979083934, 0.2387462656487407, 0.1532705773656434, 0.30884717790168215], [0.23899564059722242, 0.3054819825093352, 0.16647739299448713, 0.28904498389895567], [0.2135382489944985, 0.29375255575746473, 0.14644752129401015, 0.3462616739540266], [0.2646040807539853, 0.24352493503178746, 0.152204594850221, 0.3396663893640062], [0.23651978336503526, 0.24568501281822644, 0.20978035750373702, 0.3080148463130015], [0.2326518654157962, 0.24405203997305144, 0.1672551794727736, 0.3560409151383789], [0.2580865882144545, 0.24266404977639564, 0.1800093724979159, 0.31923998951123433]]}}