{"test": {"ids": ["106121190", "98116940", "106118301", "105113210", "97106770", "109114720", "101112201", "99108520", "111115400", "104111531", "113117630", "107121700", "103113640", "111114121", "108115880", "112116990", "107121540", "104113170", "106116120", "110118161", "111121190", "112116880", "113122160", "98107340", "101110740", "110121170", "112118810", "107113840", "97112290", "103120730", "110121500", "101119030", "111116010", "101109000", "102110890", "108114200", "102109010", "101112690", "112118530", "111116290", "109115220", "111120190", "106121220", "105113260", "111118301", "112121360", "100109000", "104111620", "99112300", "112117461", "107116300", "105117431", "107112840", "112116401", "111115910", "100120010", "112120540", "98106111", "109119450", "113120751", "110121140", "97112830", "111120640", "107113170", "109119460", "113120830", "102109840", "98111860", "108114040", "100109890", "101108500", "100111390", "105116650", "107115140", "101108580", "101109120", "99116500", "107118780", "101114020", "99110050", "100107920", "102110690", "108121351", "98120530", "104113380", "107119130", "97116790", "105110091", "109119591", "110120540", "111116750", "109117600", "103113270", "108113760", "103120290", "99109860", "97107920", "109113281", "110118740", "109115380", "98109090", "97113900", "113118820", "113121680", "109114651", "112118880", "102112301", "111120220", "101108460", "109121410", "113120531", "104111830", "98111670", "105115680", "109121640", "112120640", "110114651", "113118690", "111118810", "98110680", "98110230", "106119990", "99119830", "110115710", "112118581", "108120060", "109113591", "111119250", "109117431", "105116501", "99107630", "112116610", "112117431", "108113480", "103113610", "101111620", "110120190", "104113190", "100112060", "100108990", "105118171", "104111990"], "labels": [2, 2, 1, 3, 3, 0, 0, 2, 0, 0, 0, 3, 1, 0, 3, 0, 2, 3, 1, 0, 1, 0, 3, 0, 3, 2, 3, 3, 1, 1, 3, 3, 1, 1, 0, 0, 1, 1, 1, 2, 3, 3, 1, 3, 3, 3, 1, 0, 0, 0, 0, 1, 1, 0, 2, 0, 3, 0, 3, 1, 3, 2, 0, 0, 1, 3, 2, 0, 0, 3, 3, 2, 1, 0, 0, 1, 2, 1, 3, 3, 0, 0, 3, 1, 1, 1, 2, 0, 0, 1, 3, 1, 2, 1, 2, 2, 0, 0, 3, 3, 1, 2, 0, 1, 3, 1, 1, 3, 0, 0, 0, 3, 1, 2, 0, 0, 3, 3, 0, 2, 3, 0, 1, 2, 1, 1, 3, 1, 1, 1, 2, 1, 0, 0, 2, 3, 3, 3, 2, 2, 3, 2], "predicted_labels": [3, 1, 3, 3, 1, 1, 0, 2, 3, 1, 1, 1, 3, 0, 3, 3, 1, 1, 1, 1, 3, 1, 3, 1, 1, 3, 1, 3, 1, 1, 0, 1, 1, 3, 3, 1, 3, 3, 1, 0, 1, 3, 1, 3, 0, 1, 3, 3, 3, 3, 1, 1, 1, 3, 1, 3, 1, 1, 3, 3, 0, 3, 3, 3, 1, 3, 1, 1, 1, 3, 3, 3, 1, 3, 3, 3, 1, 3, 1, 1, 0, 3, 0, 3, 3, 1, 1, 1, 1, 1, 3, 1, 3, 1, 1, 1, 3, 0, 0, 1, 3, 1, 3, 1, 1, 1, 3, 1, 3, 3, 1, 1, 3, 1, 0, 0, 3, 1, 3, 1, 1, 3, 3, 1, 1, 1, 1, 3, 1, 3, 3, 1, 3, 1, 1, 0, 3, 1, 3, 1, 1, 1], "confidence_scores": [[0.17535760269142628, 0.303944714435891, 0.2015094350094351, 0.31918824786324795], [0.2237962370962371, 0.31063876678876684, 0.20368852536352547, 0.2618764707514709], [0.2838955988455988, 0.2857484931734933, 0.12110474802974806, 0.3092511599511598], [0.2445653440127125, 0.23296818818436474, 0.18235278806161168, 0.34011367974131124], [0.20085123765123766, 0.2803731676819913, 0.24814221693339358, 0.27063337773337776], [0.19974693084693115, 0.3050336802086803, 0.22069511599511601, 0.2745242729492732], [0.30936633562515903, 0.26994945250827607, 0.15465471636206937, 0.2660294955044958], [0.2065186530789472, 0.26659920520655817, 0.2814417027417027, 0.2454404389727921], [0.216047841778105, 0.25451471028971057, 0.20603698523698533, 0.32340046269519956], [0.2672331501831503, 0.33350418470418447, 0.1301082806082807, 0.2691543845043846], [0.22021050501785802, 0.28814764239028945, 0.20942069874569882, 0.28222115384615387], [0.16958386058386068, 0.3042829004329005, 0.26232917915417925, 0.2638040598290599], [0.28188629034364354, 0.2561065684315684, 0.162622948456772, 0.2993841927680164], [0.3008560661560661, 0.2992316128316128, 0.12020583860583862, 0.2797064824064827], [0.2384195729107494, 0.2547601426351426, 0.1893696303696305, 0.3174506540844778], [0.19863784189666547, 0.28191963591963604, 0.22026623768388498, 0.2991762844998137], [0.19456195667078033, 0.3208351454101455, 0.23726451130568782, 0.2473383866133868], [0.22048073593073605, 0.3063997280497281, 0.19627729770229785, 0.27684223831723836], [0.23922776010539173, 0.2578950635621689, 0.25450747030747045, 0.2483697060249693], [0.29645309249573976, 0.30742824397824403, 0.1474903908956541, 0.24862827263036258], [0.2246281773781775, 0.2680857031857032, 0.18744515484515495, 0.3198409645909646], [0.21878431568431575, 0.27416571761571756, 0.2713820401820402, 0.2356679265179267], [0.22701585375408914, 0.2694393384393386, 0.21059063142739617, 0.2929541763791764], [0.20417292984792998, 0.292187345987346, 0.2546736957486959, 0.2489660284160287], [0.19521722064485225, 0.2763761876668225, 0.26497899355546417, 0.26342759813286126], [0.22466596181596193, 0.2763130536130537, 0.163256598956599, 0.33576438561438554], [0.22099524446142113, 0.2962942188530424, 0.2012864024864025, 0.28142413419913453], [0.20195486262103915, 0.3004141247641248, 0.18589910008292374, 0.3117319125319128], [0.2371674955763192, 0.29782542457542466, 0.2179631091131093, 0.24704397073514736], [0.2486821031909267, 0.2656464682376449, 0.22957421467421468, 0.25609721389721385], [0.32802830809541345, 0.24445084082584093, 0.17118893133010793, 0.2563319197486382], [0.1991855616605618, 0.2986014715676477, 0.2412155419743657, 0.2609974247974248], [0.24102445887445892, 0.3023626984126985, 0.21013571428571448, 0.24647712842712838], [0.23676785159285169, 0.27270831945831964, 0.1788541236541237, 0.3116697052947052], [0.2289719772058007, 0.2606860675272441, 0.22438720282984997, 0.28595475243710555], [0.1924821012321014, 0.34281884226884224, 0.20709487179487202, 0.2576041847041847], [0.24845565268065284, 0.24776242646242644, 0.20482345709845715, 0.2989584637584639], [0.24963954933954946, 0.26929468309468313, 0.1969719280719281, 0.28409383949383954], [0.2375912309912311, 0.2901110445110445, 0.2052022533022533, 0.26709547119547106], [0.26748431013431, 0.26690201954907855, 0.19984940402734533, 0.26576426628926636], [0.21597315883291127, 0.311775283050283, 0.18708761238761243, 0.28516394572919346], [0.25096913641913665, 0.24992596292596297, 0.21656189366189363, 0.28254300699300705], [0.19547771640124587, 0.32393997701644767, 0.18344151681651694, 0.2971407897657897], [0.2547798923298924, 0.27650532523032534, 0.17927170884670887, 0.2894430735930737], [0.2935383794310264, 0.2861722721722721, 0.14516769782505082, 0.2751216505716507], [0.26641075036075046, 0.31546552924200005, 0.1778495972981267, 0.2402741230991231], [0.20800169552669562, 0.2545414823738353, 0.20969516153780862, 0.32776166056166034], [0.2508834332334334, 0.2640928127428129, 0.11518956762192065, 0.3698341864018336], [0.2389818400553696, 0.24472488655135738, 0.1805244572421044, 0.3357688161511689], [0.24377752247752257, 0.28890750638250656, 0.14759181374181382, 0.31972315739815743], [0.22147601254954208, 0.3091327855151385, 0.21343490578049418, 0.2559562961548256], [0.2353861563273329, 0.3283467005217005, 0.16608396162660877, 0.27018318152435794], [0.17130280830280833, 0.34247141355376653, 0.24841877240406665, 0.23780700573935884], [0.27801399711399716, 0.2378261460761462, 0.13037783123309446, 0.3537820255767623], [0.225756438006438, 0.3138539904539902, 0.1899723776223777, 0.270417193917194], [0.22290898937663653, 0.26751761849261857, 0.21220232822732826, 0.2973710639034168], [0.22798670218670236, 0.3458909154570916, 0.17917191582926886, 0.24695046652693706], [0.2699037803699569, 0.28474587079587077, 0.1858287593125829, 0.2595215895215896], [0.19700452325452342, 0.29633055278055287, 0.20383298645798653, 0.3028319375069375], [0.25283236208236226, 0.2870069042069043, 0.16198852813852813, 0.29817220557220575], [0.2865969494557731, 0.2588958188869955, 0.17086838161838164, 0.28363885003885], [0.19591229962847626, 0.2640481490731493, 0.21928771424653795, 0.32075183705183724], [0.24204953657453673, 0.29551897546897526, 0.16267948717948735, 0.2997520007770008], [0.21362607033489395, 0.2952222222222222, 0.1609618215118215, 0.3301898859310625], [0.2418432400932401, 0.28673907203907206, 0.19773215118215132, 0.2736855366855369], [0.21289004688122343, 0.2924509617833148, 0.2003962651727359, 0.29426272616272625], [0.20369545454545468, 0.3598122599622598, 0.1697769230769232, 0.2667153624153626], [0.18802406482406503, 0.323738011988012, 0.23812528027528038, 0.25011264291264307], [0.1890053005817712, 0.31721358086358076, 0.21433738842856492, 0.27944373012608337], [0.26179954037190895, 0.2602080891330893, 0.16730100455100455, 0.3106913659439976], [0.21208542580570466, 0.2536178990600045, 0.26414638857874156, 0.2701502865555499], [0.21015425962925965, 0.2907632034632034, 0.18326422466422476, 0.3158183122433123], [0.18892502497502495, 0.30811185203685215, 0.2171869158619159, 0.2857762071262072], [0.20719898434898446, 0.24407998390498398, 0.20592745032745038, 0.3427935814185813], [0.2285911932838405, 0.2176821872571873, 0.2156550005550006, 0.33807161890397164], [0.23993036963036965, 0.2560657481407483, 0.22770872738372755, 0.2762951548451548], [0.18017475302475308, 0.3071187759952466, 0.23948107415460362, 0.2732253968253968], [0.1939445676872148, 0.2915099150849151, 0.20261975965211265, 0.31192575757575747], [0.24010746198246216, 0.2757256077256078, 0.21783830336330343, 0.266328626928627], [0.22335679320679327, 0.2837414585414586, 0.23525005827505827, 0.2576516899766901], [0.2901545898545901, 0.27363412975913, 0.1790059607059609, 0.2572053196803197], [0.2578895604395605, 0.28250087690087683, 0.15393091908091922, 0.30567864357864355], [0.3113044067044066, 0.2732482925571162, 0.160668636918637, 0.2547786638198403], [0.20537139804639815, 0.26374476911976924, 0.22168658204540567, 0.30919725078842714], [0.2081312326562328, 0.2640648268398268, 0.20488134088134086, 0.3229225996225995], [0.2441439282939284, 0.3210560772560772, 0.17674791874791887, 0.2580520757020758], [0.22467563270063265, 0.26972576035076035, 0.25437350427350436, 0.2512251026751026], [0.2469536963036964, 0.31337392052392066, 0.13426159396159398, 0.30541078921078924], [0.26265020730903094, 0.3057488067488068, 0.1537512820512822, 0.27784970389088054], [0.20303395134277494, 0.313493056943057, 0.22165444359562012, 0.26181854811854827], [0.2406014097014098, 0.2258672494172495, 0.18984484404484403, 0.34368649683649666], [0.24392149517149522, 0.27384712509712505, 0.23053564768564788, 0.2516957320457321], [0.16433527583527582, 0.24472871328018395, 0.24686288237905898, 0.34407312850548155], [0.237217515817516, 0.3093592296592296, 0.18130923520923528, 0.2721140193140194], [0.17362689810189813, 0.31816456043956043, 0.25079912864912857, 0.25740941280941293], [0.2401675213675215, 0.3216167332667333, 0.1847925185925186, 0.2534232267732267], [0.2734911408852586, 0.22325033740769037, 0.1554747918747919, 0.3477837298322594], [0.31517167832167825, 0.27092884615384627, 0.14193943556443567, 0.2719600399600401], [0.2839959560047798, 0.2687102009102012, 0.18258938643056288, 0.26470445665445663], [0.18554606227106232, 0.3058966366966367, 0.20361541236541242, 0.30494188866688865], [0.24927103452103447, 0.2502153790653793, 0.17628890904417224, 0.3242246773694141], [0.24801994116994142, 0.2901109446109444, 0.20734856809856822, 0.25452054612054636], [0.2742537462537464, 0.2728558663558665, 0.1553915156738686, 0.29749887171651873], [0.1858370351870353, 0.3063982905982908, 0.20962474747474755, 0.29813992673992673], [0.24640886890886915, 0.30426866303630995, 0.15158208066443363, 0.2977403873903874], [0.2392004773004775, 0.3130263181263182, 0.1645232822732824, 0.28324992229992235], [0.2499939699189701, 0.2800992507492509, 0.16085785048285065, 0.3090489288489287], [0.26599674769674775, 0.2967665834165836, 0.1725726551226552, 0.26466401376401383], [0.25521932789432794, 0.25926148851148867, 0.2015136530136531, 0.2840055305805306], [0.18839437670172973, 0.2907732648070885, 0.22983319654202017, 0.29099916194916187], [0.26112697139461855, 0.3140358641358642, 0.13439253524253528, 0.2904446292269823], [0.20255920468420485, 0.3282942529692531, 0.1910071872571872, 0.27813935508935494], [0.2573240556828792, 0.24637832526950182, 0.22093798423798441, 0.2753596348096349], [0.1688903826565591, 0.29858647104529434, 0.27279818792318783, 0.2597249583749584], [0.2831442573766102, 0.24964695859695865, 0.18686714788479505, 0.2803416361416362], [0.3158044688971159, 0.2580636946386946, 0.16835755796491092, 0.25777427849927864], [0.30054095904095934, 0.22637268842268854, 0.1700173160173162, 0.3030690365190366], [0.22080186859923726, 0.32316658239421375, 0.19200170940170938, 0.26402983960483967], [0.25290950190160727, 0.27379007659007665, 0.18685165945165952, 0.2864487620566568], [0.2006629537129538, 0.3248834609834612, 0.2354854300927831, 0.23896815521080228], [0.2491042513042515, 0.2965654064889359, 0.18800622939152364, 0.26632411281528917], [0.2609192890442892, 0.2517262737262737, 0.2079132672882673, 0.27944116994116985], [0.2074968559218561, 0.3018204711954712, 0.17477809967809968, 0.31590457320457305], [0.258547188922189, 0.2856155788655789, 0.19134231601731605, 0.2644949161949162], [0.23840953131835496, 0.3081638861138861, 0.18449957819957824, 0.268927004368181], [0.21940393772893782, 0.2970202594790832, 0.21113148599766263, 0.2724443167943167], [0.25215472223854585, 0.3214752422414189, 0.16265717338217345, 0.2637128621378622], [0.23447808106925766, 0.2589300810300811, 0.22796079671962033, 0.2786310411810412], [0.28383997668997685, 0.29660088800088813, 0.14471626706626708, 0.27484286824286835], [0.28349080919080927, 0.2734226589200275, 0.15263980463980473, 0.29044672724935866], [0.25463891304773667, 0.2392766899766901, 0.2042312132312134, 0.30185318374436027], [0.24367322954822968, 0.2938546842046842, 0.20980263070263075, 0.25266945554445575], [0.2542186535686537, 0.2828817904317903, 0.12364292929292928, 0.3392566267066267], [0.19927901265401265, 0.27986898379398395, 0.24223839102074388, 0.2786136125312596], [0.21817587967587992, 0.30346078088578093, 0.24226183261183265, 0.23610150682650685], [0.27602787490287495, 0.25891773161479054, 0.19928495573054403, 0.26576943775179074], [0.20183463758463768, 0.29626435721141603, 0.19379165694986134, 0.30810934825408515], [0.22439371739371747, 0.31369963924963934, 0.16488575868575878, 0.29702088467088483], [0.2237413364413365, 0.2761655122655122, 0.20411037851037858, 0.2959827727827728], [0.2114617180205417, 0.3107006002167766, 0.2388834554334556, 0.2389542263292264], [0.2649370351870353, 0.3103831557331557, 0.15045035870562187, 0.2742294503741873], [0.21998895663160375, 0.3217239704739703, 0.21748222888222896, 0.24080484401219696]]}, "rewritten": {"ids": ["97106770", "97107920", "97112290", "97112830", "97113900", "97116790", "98106111", "98107340", "98109090", "98110230", "98110680", "98111670", "98111860", "98116940", "98120530", "99107630", "99108520", "99109860", "99110050", "99112300", "99116500", "99119830", "100107920", "100108990", "100109000", "100109890", "100111390", "100112060", "100120010", "101108460", "101108500", "101108580", "101109000", "101109120", "101110740", "101111620", "101112201", "101112690", "101114020", "101119030", "102109010", "102109840", "102110690", "102110890", "102112301", "103113270", "103113610", "103113640", "103120290", "103120730", "104111531", "104111620", "104111830", "104111990", "104113170", "104113190", "104113380", "105110091", "105113210", "105113260", "105115680", "105116501", "105116650", "105117431", "105118171", "106116120", "106118301", "106119990", "106121190", "106121220", "107112840", "107113170", "107113840", "107115140", "107116300", "107118780", "107119130", "107121540", "107121700", "108113480", "108113760", "108114040", "108114200", "108115880", "108120060", "108121351", "109113281", "109113591", "109114651", "109114720", "109115220", "109115380", "109117431", "109117600", "109119450", "109119460", "109119591", "109121410", "109121640", "110114651", "110115710", "110118161", "110118740", "110120190", "110120540", "110121140", "110121170", "110121500", "111114121", "111115400", "111115910", "111116010", "111116290", "111116750", "111118301", "111118810", "111119250", "111120190", "111120220", "111120640", "111121190", "112116401", "112116610", "112116880", "112116990", "112117431", "112117461", "112118530", "112118581", "112118810", "112118880", "112120540", "112120640", "112121360", "113117630", "113118690", "113118820", "113120531", "113120751", "113120830", "113121680", "113122160"], "labels": [3, 0, 1, 2, 2, 2, 0, 0, 1, 3, 2, 1, 0, 2, 1, 2, 2, 2, 3, 0, 2, 1, 0, 2, 1, 3, 2, 2, 0, 0, 3, 0, 1, 1, 3, 3, 0, 1, 3, 3, 1, 2, 0, 0, 1, 2, 2, 1, 2, 1, 0, 0, 3, 2, 3, 3, 1, 0, 3, 3, 2, 1, 1, 1, 3, 1, 1, 0, 2, 1, 1, 0, 3, 0, 0, 1, 1, 2, 3, 0, 1, 0, 0, 3, 1, 3, 0, 3, 3, 0, 3, 3, 1, 1, 3, 1, 0, 0, 0, 3, 2, 0, 3, 3, 1, 3, 2, 3, 0, 0, 2, 1, 2, 3, 3, 0, 1, 3, 3, 0, 1, 0, 1, 0, 0, 0, 0, 1, 1, 3, 1, 3, 0, 3, 0, 3, 0, 0, 1, 3, 1, 3], "predicted_labels": [1, 3, 1, 3, 1, 1, 3, 1, 1, 3, 1, 3, 3, 1, 3, 3, 1, 1, 3, 3, 1, 1, 0, 1, 3, 3, 3, 3, 1, 1, 3, 3, 3, 3, 1, 0, 0, 1, 3, 1, 3, 3, 1, 3, 3, 3, 1, 0, 1, 3, 1, 3, 1, 1, 1, 3, 1, 3, 3, 1, 1, 3, 3, 1, 1, 1, 3, 0, 3, 3, 1, 3, 1, 3, 3, 3, 1, 3, 3, 1, 0, 1, 1, 1, 1, 0, 0, 1, 0, 3, 3, 1, 0, 3, 1, 1, 1, 1, 3, 3, 1, 0, 0, 1, 1, 1, 3, 1, 1, 3, 3, 0, 3, 3, 1, 3, 3, 3, 0, 3, 0, 3, 3, 1, 3, 3, 3, 1, 1, 1, 3, 1, 0, 1, 3, 3, 0, 3, 3, 3, 1, 1], "confidence_scores": [[0.23621946550181847, 0.27881951561510404, 0.21230861573067478, 0.27265240315240324], [0.31002925407925425, 0.21608811188811203, 0.1490119241869243, 0.32487070984571], [0.22440218474336132, 0.31437633951016325, 0.19988703796203802, 0.2613344377844377], [0.2466028176501861, 0.26002494674228455, 0.15868419309448725, 0.3346880425130426], [0.20777400377400385, 0.32173376623376615, 0.22074282939282933, 0.2497494005994007], [0.24291842601842625, 0.2884990814740814, 0.21380373237873251, 0.25477876012876016], [0.22204405039405045, 0.3075862026862026, 0.15299508824508823, 0.31737465867465847], [0.2150198190698193, 0.3132879897879899, 0.23801833721833737, 0.23367385392385404], [0.21822136948019322, 0.29799290893145386, 0.1928704469507102, 0.2909152746376431], [0.22938555056055068, 0.27155694338341413, 0.1675661370449297, 0.3314913690111059], [0.20849712558683148, 0.31307931659843424, 0.2011326812076813, 0.2772908766070531], [0.22708424353424367, 0.2555307831057833, 0.22958157953157962, 0.2878033938283939], [0.2100189282939285, 0.25120634365634376, 0.25555759240759246, 0.28321713564213563], [0.20138605055075667, 0.3324990773931952, 0.18294228549228544, 0.2831725865637631], [0.24818048340548354, 0.2577995421245421, 0.1780531329781331, 0.31596684149184157], [0.2500415556665559, 0.20893607503607503, 0.1756967754467756, 0.36532559385059393], [0.198173903873904, 0.28675253047605986, 0.25369362532891954, 0.26137994032111705], [0.2334053002553004, 0.3352497391497391, 0.19087720057720065, 0.24046776001776024], [0.2559922383172384, 0.2733740963714649, 0.1719102564102565, 0.2987234089010404], [0.25205491730491736, 0.20544208569208572, 0.20860414977179687, 0.3338988472312], [0.20959847929847936, 0.3089349178599178, 0.22835059940059946, 0.25311600344100366], [0.23841707459207478, 0.31225929985047635, 0.1703740024681203, 0.2789496230893292], [0.3431100177600177, 0.29309948384948387, 0.13763001883737183, 0.22616047955312665], [0.22715176375911675, 0.3368314327829032, 0.19786623376623388, 0.2381505696917462], [0.2202413558663558, 0.25967369297369314, 0.22179998057498063, 0.2982849705849707], [0.2559608429582116, 0.2640717421467421, 0.162894302919303, 0.31707311197574345], [0.21514333803451458, 0.2747486311074546, 0.20951814851814868, 0.3005898823398823], [0.22936545954045967, 0.2771731213231212, 0.1896503108003109, 0.3038111083361083], [0.1636565712065712, 0.3125913530913532, 0.2290012654012656, 0.2947508103008104], [0.2598339105339106, 0.28371249861249875, 0.18152519147519153, 0.27492839937839947], [0.23100872183372193, 0.2327274225774228, 0.24519051504051517, 0.2910733405483408], [0.2660083472083472, 0.23327555500055508, 0.19502972582972586, 0.3056863719613721], [0.2274611888111889, 0.27776802364302366, 0.17271949994449995, 0.3220512876012876], [0.25629145723557495, 0.27314380227615515, 0.1795778110778112, 0.2909869294104587], [0.1976544622044623, 0.31354448329448353, 0.21260401461283837, 0.27619703988821637], [0.28034458123575784, 0.22822448303330672, 0.23842159784659792, 0.253009337884338], [0.29833199096225416, 0.2524649128649129, 0.16531927794427806, 0.28388381822855513], [0.23140523088023093, 0.2875656787656787, 0.20664100344100358, 0.27438808691308686], [0.25250370185370197, 0.2799819347319347, 0.16593852258852268, 0.3015758408258407], [0.22147988677988684, 0.34313591963591955, 0.18355945720945735, 0.25182473637473635], [0.19981823454323472, 0.24964487179487177, 0.22437321844821861, 0.32616367521367523], [0.20915961815961814, 0.27778778998779013, 0.17733923135687849, 0.33571336049571326], [0.21348324730824758, 0.3157996257010963, 0.18572388689741637, 0.2849932400932402], [0.20139515598780328, 0.2295162401324167, 0.20750525144789855, 0.36158335243188183], [0.2379922965922967, 0.28284362859362877, 0.17510031635031645, 0.30406375846375844], [0.20702653180153194, 0.2598440725940726, 0.25425494227994216, 0.2788744533244534], [0.23824498834498845, 0.3021557942057942, 0.2261147297147299, 0.23348448773448782], [0.32962937781173085, 0.24696062826062837, 0.12490790516672877, 0.2985020887609124], [0.21420084637584644, 0.3084755106005106, 0.21497982017982023, 0.26234382284382285], [0.21900116713352027, 0.25722878510378516, 0.238164297956945, 0.2856057498057498], [0.2626240370740373, 0.3119298146298148, 0.1531472971472972, 0.2722988511488513], [0.2571204073704075, 0.19515695035958205, 0.15088730468018402, 0.3968353375898268], [0.2297337773337775, 0.29161875346875366, 0.1960808857808858, 0.28256658341658336], [0.20284343989343995, 0.32136489621489606, 0.22440713730713738, 0.25138452658452654], [0.20573151293151304, 0.31309587634587627, 0.2200152236652237, 0.26115738705738717], [0.2708625263625264, 0.25995095460095463, 0.15464483016983013, 0.3145416888666888], [0.19312076534576544, 0.29197550782550774, 0.223513086913087, 0.29139063991564], [0.23294893913276274, 0.3030686702186703, 0.15107918552036204, 0.3129032051282052], [0.24792912745149578, 0.260353443778444, 0.21037854645354656, 0.28133888231651405], [0.25481804306804323, 0.30075133200133225, 0.1665037601287602, 0.2779268648018647], [0.17423810960281555, 0.2975911408852586, 0.2499068542568542, 0.27826389525507184], [0.2966411477411478, 0.25702038239538255, 0.13737296037296043, 0.3089655094905095], [0.24972917360417365, 0.27974801309801306, 0.19045207015207027, 0.28007074314574315], [0.23008832001332022, 0.32514883368265707, 0.1639271264683031, 0.2808357198357199], [0.2828153793574847, 0.3069202686202687, 0.1508593406593407, 0.25940501136290606], [0.25343179043179054, 0.2604843212343214, 0.22746623931623958, 0.2586176490176491], [0.217709276834277, 0.30965809088572244, 0.1342285590140854, 0.33840407326591526], [0.290693204018204, 0.23744393384393397, 0.19217212232212236, 0.27969073981573983], [0.20136212366065323, 0.2543207201295437, 0.22564616527263587, 0.3186709909371673], [0.19357964812964812, 0.2660626817626819, 0.19310770895770915, 0.34724996114996115], [0.20547090132090148, 0.318714985014985, 0.25420083805083804, 0.22161327561327565], [0.2639331696081697, 0.21850142635142644, 0.1978597125097126, 0.31970569153069134], [0.22173599733599747, 0.28974458319458335, 0.21892321844821838, 0.2695962010212012], [0.25685909090909104, 0.24897146464646475, 0.1636712065712067, 0.33049823787323784], [0.24461738686150467, 0.26053671753083535, 0.2095406722362606, 0.2853052233714], [0.230688844978551, 0.26922050596462366, 0.20729247696747702, 0.2927981720893485], [0.20689096459096468, 0.3044024225774225, 0.18909335664335666, 0.29961325618825607], [0.2171024669774672, 0.2736462426462426, 0.21028325008325022, 0.29896804029304036], [0.17491416536679702, 0.3181875256322625, 0.18871018294570935, 0.3181881260552315], [0.18863704628704642, 0.29314396159396156, 0.23135391275391284, 0.2868650793650795], [0.2586089410589412, 0.2556403207903209, 0.23178045843045852, 0.25397027972027986], [0.18590803085803087, 0.3107792492595123, 0.24195095387069085, 0.2613617660117662], [0.2215456487956489, 0.2825141865444497, 0.2244430645378015, 0.2714971001221004], [0.22715586635586632, 0.29948420860185576, 0.19991253191253197, 0.27344739312974625], [0.2480916361416362, 0.2853615384615382, 0.19724151126651143, 0.26930531413031417], [0.3054044011544012, 0.29995875513375525, 0.1470544982794983, 0.24758234543234567], [0.306389282612812, 0.27051590664237735, 0.16446167166167172, 0.25863313908313923], [0.25705467669585336, 0.34612808857808863, 0.12283182650682653, 0.2739854082192318], [0.31504217726717726, 0.23849778554778575, 0.1532978390031022, 0.2931621981819351], [0.19683938006438026, 0.2934379120879123, 0.21000617160617166, 0.2997165362415361], [0.222857250266074, 0.2721015928515928, 0.18794356003473656, 0.3170975968475967], [0.20013916916416938, 0.3284772893772894, 0.21441934454434458, 0.256964196914197], [0.30034774143984666, 0.29180411777764725, 0.14580813859343286, 0.26204000218907353], [0.23704974829092498, 0.2627393129746071, 0.23311385248738203, 0.2670970862470864], [0.16931823176823196, 0.3163225579975579, 0.23209990842490852, 0.2822593018093018], [0.2210958541458543, 0.31264295704295725, 0.2004617953941485, 0.2657993934170406], [0.24023948828948832, 0.3306817016317018, 0.13576906981906986, 0.2933097402597401], [0.21568428924017166, 0.30789054425966167, 0.1835912115662117, 0.2928339549339548], [0.28415336607836605, 0.2483002247752249, 0.1589547952047953, 0.30859161394161416], [0.2779958097458098, 0.23073971583971586, 0.15083366633366638, 0.34043080808080806], [0.24274210985093328, 0.30244891301508947, 0.16276896991897005, 0.2920400072150074], [0.3055223384458678, 0.29255089387736444, 0.1136041181041182, 0.2883226495726495], [0.27946220446220454, 0.2540125735375738, 0.21131179931179933, 0.25521342268842273], [0.22743822843822864, 0.29659418849124747, 0.21207076599870728, 0.2638968170718172], [0.20543486317603973, 0.3207678393501922, 0.21299003806650874, 0.2608072594072594], [0.26696594516594535, 0.26857871017871027, 0.19867597957597977, 0.26577936507936495], [0.23180751078986378, 0.2804764901764903, 0.1884423246687954, 0.2992736743648508], [0.24678711370329018, 0.2988096117934353, 0.17177370962370964, 0.282629564879565], [0.27810889110889114, 0.29305207570207564, 0.15121893457419772, 0.2776200986148355], [0.2598408008658011, 0.2684986624486625, 0.17404051226551237, 0.2976200244200244], [0.2527978077478079, 0.2660019785769786, 0.19194844877344883, 0.28925176490176485], [0.27920694305694316, 0.24338116883116895, 0.21722610167610182, 0.26018578643578644], [0.24165523920523926, 0.2631217393717393, 0.19478458763458767, 0.3004384337884337], [0.26377427017427035, 0.272969178044178, 0.1699026889776891, 0.29335386280386283], [0.22715028305028337, 0.32513327228327255, 0.14216613941613937, 0.30555030525030513], [0.30228662448662474, 0.24083005328005333, 0.15255900765900776, 0.3043243145743145], [0.2586039480127716, 0.2506694527694528, 0.20174080445698106, 0.2889857947607947], [0.253566552891553, 0.262256082806083, 0.20580644355644354, 0.27837092074592074], [0.2721335109335111, 0.2685738761238761, 0.19027795537795553, 0.26901465756465753], [0.25828861693861704, 0.23633370138633308, 0.18390950307002948, 0.3214681786050205], [0.30648818403818395, 0.2448383782883783, 0.1696937451437452, 0.2789796925296927], [0.2751305491893729, 0.2614151404151404, 0.13232694527694533, 0.33112736511854135], [0.2556125763125764, 0.25871056721056734, 0.20232332112332116, 0.2833535353535353], [0.2140900044400046, 0.31490508380508375, 0.21005133755133776, 0.26095357420357435], [0.2326630036630038, 0.23180394768630064, 0.21606159787924506, 0.31947145077145084], [0.2741372544122544, 0.25157801642801647, 0.1429631535131535, 0.33132157564657566], [0.23293751248751257, 0.31302195027195046, 0.11233771228771232, 0.3417028249528251], [0.20672817460317472, 0.30058737373737393, 0.23162388167388176, 0.2610605699855701], [0.23296389721389724, 0.3077314296814298, 0.16286918636918646, 0.29643548673548664], [0.20926978936096596, 0.30649526780409136, 0.22104285714285718, 0.2631920856920857], [0.2729474691974693, 0.2690784049284048, 0.17929174714174734, 0.27868237873237894], [0.27642226401049935, 0.2770956357368121, 0.19815951173009994, 0.24832258852258857], [0.31206012321012333, 0.22874426129426131, 0.17202277722277726, 0.2871728382728383], [0.2292892964878261, 0.3197817564358586, 0.1749184580039844, 0.2760104890723312], [0.2676424314247844, 0.27637061174120003, 0.16687847087552982, 0.28910848595848604], [0.2331027899001585, 0.2559083545109862, 0.2116239454989456, 0.29936491008991], [0.29719470839617895, 0.25267748444366106, 0.1598617327117328, 0.2902660744484274], [0.30513702686202676, 0.2493210345210346, 0.13114555444555448, 0.31439638417138405], [0.26662730047730043, 0.26595523643023644, 0.14016846764346777, 0.32724899544899544], [0.22120965423465425, 0.2581260406260407, 0.2457006909756911, 0.2749636141636143], [0.21916376042258406, 0.27722044981162647, 0.24108537851037862, 0.26253041125541127], [0.21911501831501848, 0.32309768287268276, 0.22845060772560785, 0.22933669108669114]]}}