{"test": {"ids": ["100113370", "113118111", "111117571", "105116860", "104114240", "99111000", "105116090", "111120320", "100111080", "99109311", "102109010", "99107630", "112116990", "112118581", "100110260", "104113190", "110116441", "112116800", "99119830", "108116120", "113118690", "103117200", "104111830", "99112531", "108114040", "101112540", "107118820", "98109311", "109114030", "111119610", "101110740", "99108330", "103111110", "105118171", "111117120", "108119330", "113120280", "100117420", "110119300", "107114200", "109117150", "113121950", "103111540", "112116900", "105113260", "98119591", "113122510", "113120531", "105113480", "97114170", "113117340", "113122320", "113119950", "101109120", "109119460", "113122120", "113122190", "106113830", "112120640", "110121450", "113118231", "97106970", "113122150", "103110840", "104111620", "97116500", "98107340", "111114321", "104114320", "113119320", "106118520", "104112470", "113118820", "103120290", "110117870", "108114220", "108121410", "98120530", "109119591", "106115250", "97113260", "109113931", "107118490", "112118860", "108120060", "98120010", "108116070", "101110200", "110117140", "113119930", "110120560", "108121160", "112118890", "107120260", "105113170", "107119130", "102109840", "98109230", "99112300", "111121930", "112117571", "102110500", "103111830", "108115500", "99121440", "110116290", "110118450", "109117271", "113121220", "106112770", "100111390", "111119300", "104113210", "103120780", "100111620", "105113190", "109118820", "107114321", "105118230", "107120880", "105115720", "113121190", "105111990", "97106600", "101109000", "108118630", "111119930", "113122170", "110114561", "110118630", "102110890", "111114121", "102116340", "110119030", "97107950", "101116130", "109117110", "110120190", "101108460", "111117200", "103120730", "110118740"], "labels": [3, 1, 3, 2, 0, 2, 1, 1, 0, 1, 1, 2, 0, 1, 3, 3, 3, 0, 1, 1, 3, 0, 3, 3, 0, 2, 3, 1, 1, 2, 3, 1, 3, 3, 2, 0, 0, 2, 1, 2, 2, 3, 1, 3, 3, 1, 2, 0, 0, 2, 2, 1, 0, 1, 1, 1, 1, 1, 0, 3, 3, 2, 2, 1, 0, 2, 0, 1, 2, 1, 2, 1, 0, 2, 3, 3, 0, 1, 0, 2, 1, 1, 2, 3, 1, 2, 1, 2, 3, 1, 0, 2, 3, 1, 0, 1, 2, 1, 0, 1, 3, 3, 3, 3, 2, 2, 0, 0, 3, 1, 2, 1, 3, 1, 3, 3, 3, 0, 1, 1, 1, 1, 2, 3, 1, 1, 1, 1, 0, 1, 0, 0, 3, 0, 2, 2, 1, 3, 0, 0, 1, 3], "predicted_labels": [3, 3, 1, 1, 0, 3, 3, 0, 1, 1, 2, 3, 2, 1, 0, 3, 3, 3, 3, 0, 3, 1, 1, 0, 3, 1, 3, 1, 0, 3, 0, 3, 0, 0, 1, 3, 0, 3, 3, 1, 1, 0, 0, 3, 3, 0, 3, 3, 1, 3, 3, 3, 3, 3, 3, 1, 3, 0, 0, 3, 1, 2, 1, 1, 0, 2, 2, 1, 0, 1, 1, 1, 1, 3, 3, 0, 1, 3, 1, 1, 2, 3, 0, 0, 0, 3, 3, 1, 1, 1, 2, 3, 3, 3, 3, 3, 1, 2, 3, 2, 1, 0, 3, 1, 2, 2, 1, 3, 3, 1, 3, 1, 3, 0, 3, 0, 1, 3, 1, 3, 1, 3, 3, 3, 3, 3, 0, 3, 3, 3, 0, 1, 3, 3, 2, 1, 3, 3, 0, 0, 1, 0], "confidence_scores": [[0.0461333752040344, 0.26276480031465194, 0.07491739017252576, 0.6161844343087878], [0.05189502279800988, 0.0818130441194601, 0.03133035767517532, 0.8349615754073547], [0.2640191265651669, 0.5864227214827737, 0.009652299097314705, 0.1399058528547445], [0.36011756150580265, 0.6054337756300906, 0.020150250320577046, 0.014298412543529681], [0.838791074876215, 0.012070436018588041, 0.06481641538586848, 0.08432207371932869], [0.035245858555851925, 0.2904901258657117, 0.2394929381225278, 0.4347710774559086], [0.41723186580428073, 0.1152056696761736, 0.010012402300145598, 0.4575500622194002], [0.49635613971807374, 0.047441359449353925, 0.1023011671047879, 0.3539013337277845], [0.12540382899623725, 0.6527389863536001, 0.18353264046431886, 0.038324544185843926], [0.47711913623239266, 0.49972704838647025, 0.003621153517404522, 0.019532661863732623], [0.13325017984156617, 0.12193939418952189, 0.5368652405564411, 0.2079451854124707], [0.3064494118562391, 0.24146280672093737, 0.018914181757751405, 0.43317359966507213], [0.025435813842916717, 0.03042687892128682, 0.5762405293690546, 0.3678967778667418], [0.0025600098812192545, 0.9845764944118487, 0.009505335614922275, 0.003358160092009609], [0.8819804872274903, 0.007643780568853592, 0.00396124637534579, 0.10641448582831031], [0.004684718435425766, 0.13821058889554397, 0.011710003826579867, 0.8453946888424504], [0.07686301627917085, 0.29427843017715005, 0.11096706862675118, 0.5178914849169278], [0.015609366269120049, 0.02812039645162211, 0.0033193339348172716, 0.9529509033444404], [0.0897788669428044, 0.02769683142415184, 0.32729648404336514, 0.5552278175896787], [0.6411019354112484, 0.0622384038074241, 0.24162855582516474, 0.0550311049561628], [0.030675281136976214, 0.3531828387923438, 0.04304587838883174, 0.5730960016818482], [0.22151368986362707, 0.7424593773826994, 0.02561166117948471, 0.010415271574189009], [0.0004203132696245976, 0.9442185341205138, 0.0006190454201743138, 0.05474210718968722], [0.6913069121840134, 0.01134721402016983, 0.061246424964345465, 0.2360994488314713], [0.01909476349830488, 0.14850034810709503, 0.3961266699120666, 0.4362782184825335], [0.05800559034097924, 0.7747475249311069, 0.01864112827750109, 0.14860575645041266], [0.03622408488470108, 0.09856143096379408, 0.2629006577832315, 0.6023138263682734], [0.17257895491680558, 0.656415964991009, 0.0545015416293522, 0.11650353846283316], [0.8240598418218273, 0.12860409233150966, 0.01733773223780846, 0.029998333608854358], [0.23999415981148806, 0.00409944701495193, 0.08760288786081173, 0.6683035053127483], [0.6774105361274779, 0.10562831836793499, 0.15245035066847853, 0.06451079483610839], [0.2400620072900755, 0.0033745118284897787, 0.1308307051603478, 0.6257327757210869], [0.880093789168302, 0.0003215301239091167, 0.0013379954810309516, 0.11824668522675783], [0.6286551250230721, 0.14962034262776155, 0.0027710202341366605, 0.21895351211502972], [0.15155332789243872, 0.8071400611753176, 0.0030753139885645723, 0.03823129694367922], [0.06338395437254916, 0.07021322530838109, 0.03162018678302408, 0.8347826335360456], [0.6453047883389297, 0.0009248880964718956, 0.000852376206625329, 0.3529179473579732], [0.09480428656709097, 0.08715674661264959, 0.05695908337949782, 0.7610798834407615], [0.17707975835835935, 0.3011555146455477, 0.05487534574642486, 0.466889381249668], [0.05202658561923668, 0.8371722342422271, 0.004036420250594554, 0.10676475988794173], [0.002888195436074155, 0.9848161136989959, 0.0034408483570574455, 0.00885484250787252], [0.47216986520809334, 0.2450865174879974, 0.023189776614331338, 0.259553840689578], [0.9281559164274508, 0.04619615512853167, 0.011444082552231281, 0.014203845891786377], [0.443938202102487, 0.05733276715814602, 0.02848339179750553, 0.47024563894186155], [0.15949547116657523, 0.26027981696547403, 0.1559151336391665, 0.4243095782287841], [0.9641089999651926, 0.016209838519527595, 0.014304740194256147, 0.005376421321023744], [0.11851445472448591, 0.10425766720243526, 0.20667049078759625, 0.5705573872854827], [0.265662254322373, 0.09623113788911417, 0.031813334957858784, 0.606293272830654], [0.3326249619066527, 0.49970419477565386, 0.06976193714487251, 0.09790890617282108], [0.0022238998318793086, 0.06760383997415174, 0.39746718856899305, 0.5327050716249759], [0.0761166226579088, 0.21657191009145813, 0.007774235228808189, 0.6995372320218248], [0.00507665282291789, 0.3803788088750791, 0.22768885479212725, 0.3868556835098758], [0.01317506921235595, 0.0027986455390830744, 0.0006866052982888645, 0.9833396799502722], [0.36430557104754185, 0.05150496015928543, 0.020873899016812955, 0.5633155697763597], [0.15471693007868695, 0.004230985421219058, 0.019150839645329612, 0.8219012448547643], [0.007488829030034796, 0.9543526205926135, 0.01852342532933173, 0.01963512504802009], [0.017687273458619004, 0.3121540763197223, 0.0773909945930852, 0.5927676556285735], [0.494858462563746, 0.2564895269167062, 0.022245624629701564, 0.2264063858898462], [0.9308127386664832, 0.003390065654844008, 0.0059166603197790425, 0.05988053535889384], [0.1388866817434962, 0.23435858277156849, 0.00033154857144404267, 0.6264231869134913], [0.03339414579270705, 0.6527318106750224, 0.09977198089406682, 0.2141020626382037], [0.01016797491367185, 0.18519247931441518, 0.6104436318106208, 0.19419591396129213], [0.0015667346978368313, 0.9861647300992687, 0.002115982735307892, 0.010152552467586333], [0.019386330343538417, 0.5872741254334547, 0.11936772250567793, 0.273971821717329], [0.631130262820888, 0.25089859403526305, 0.01849797418130701, 0.0994731689625419], [0.05484055170677948, 0.21936761084566012, 0.3902153818050039, 0.3355764556425565], [0.3677579537900641, 0.01520627132701727, 0.6050981198963704, 0.011937654986548233], [0.11963889389426645, 0.5473926541916821, 0.024214655738258713, 0.3087537961757926], [0.8130606449654566, 0.021053586357936704, 0.15872596096875052, 0.0071598077078560175], [0.10912359133828221, 0.6016417166152923, 0.030668535981304607, 0.25856615606512096], [0.010976944642318635, 0.723525891341352, 0.2481851585973319, 0.017312005418997398], [0.00508656704077161, 0.8139714823268231, 0.0340887853493076, 0.1468531652830977], [0.1260122309623131, 0.8579865379179923, 0.0013567499589953636, 0.014644481160699253], [0.36296639048865537, 0.04339633681868247, 0.050199351838869456, 0.5434379208537927], [0.15623584879355953, 0.0058017173014694645, 0.018793625756755486, 0.8191688081482156], [0.5359562298955655, 0.4044345399514674, 0.03437867804746337, 0.02523055210550379], [0.20288351592080078, 0.42015645690078846, 0.020744864929051955, 0.35621516224935884], [0.03653609016754375, 0.018223697490838197, 0.11790319339822673, 0.8273370189433913], [0.07507415162807549, 0.7841039451160766, 0.13655886960510055, 0.004263033650747188], [0.13790250797801376, 0.7631802716234103, 0.06385306635332573, 0.03506415404525009], [0.08654022837943767, 0.06126445390099897, 0.6065345402078576, 0.24566077751170567], [0.04788770888469084, 0.04397723317844127, 0.32372106480921076, 0.5844139931276571], [0.8543648256354276, 0.06942086344495561, 0.07195490213484801, 0.004259408784768797], [0.5515484186015428, 0.02324520942496324, 0.22220432432952975, 0.2030020476439642], [0.9903542851996857, 0.0033187965569828645, 0.0025644406662329983, 0.003762477577098411], [0.0044377449304683955, 0.017726394656731367, 0.437168667253196, 0.5406671931596042], [0.06862499846618009, 0.05361810904857475, 0.06940407130103007, 0.8083528211842151], [0.015839609457894015, 0.686960749163405, 0.009160148971084083, 0.28803949240761695], [0.17611884071330344, 0.6663121984492172, 0.01297856574594038, 0.14459039509153898], [0.020044681628693786, 0.7808381494228269, 0.006418665770018743, 0.1926985031784605], [0.2698286371273827, 0.04663691261138687, 0.5510990323535041, 0.1324354179077263], [0.06532468746566487, 0.11991313883597825, 0.06045468611158604, 0.7543074875867709], [0.0611437237379291, 0.20950370353339878, 0.14698651457679832, 0.5823660581518738], [0.18068839040134765, 0.08104883134795379, 0.09578586861573225, 0.6424769096349663], [0.029594816784453994, 0.042610712547977596, 0.031136699461995522, 0.8966577712055728], [0.02386492474223072, 0.18810461964801306, 0.0638407497652627, 0.7241897058444935], [0.15214322532316357, 0.5151704711714761, 0.2745567446006843, 0.05812955890467607], [0.02194305582673976, 0.003502583267810881, 0.919715857856911, 0.05483850304853828], [0.16265426182154716, 0.007081139411991607, 0.10449831319317855, 0.7257662855732826], [0.024282154717648326, 0.011686767185332252, 0.9331475176781754, 0.030883560418844016], [0.006814855309258975, 0.9098388713042305, 0.02789367268981249, 0.05545260069669792], [0.9116677273065581, 0.0062732879642423646, 0.05277108470680218, 0.029287900022397416], [0.07488691046770539, 0.06814196436883295, 0.34744104933244374, 0.509530075831018], [0.3431018686500606, 0.5459221357396288, 0.0577928479279082, 0.05318314768240245], [0.21821333009894492, 0.022187095312477402, 0.7418607021165305, 0.017738872472047258], [0.3841179697233038, 0.0418364502557055, 0.431020697021728, 0.1430248829992626], [0.019618516557684096, 0.7856827284833741, 0.16947136215154004, 0.025227392807401845], [0.10618354389412993, 0.008431508126782193, 0.017649944950921842, 0.867735003028166], [0.053962137083952096, 0.0010139646813478649, 0.00973460616136125, 0.9352892920733388], [0.026123924750143586, 0.6422369689634191, 0.06638171325086427, 0.26525739303557305], [0.13668451896893516, 0.03726951779095474, 0.1359098997765766, 0.6901360634635335], [0.07152545093799854, 0.7107455206657712, 0.120591562640155, 0.09713746575607508], [0.23156774624837612, 0.03253626681950685, 0.02874308506795099, 0.707152901864166], [0.7216261786291817, 0.010115794944391968, 0.02914499315220038, 0.23911303327422617], [0.015301287062515352, 0.004597852754531913, 0.12448156280369946, 0.8556192973792534], [0.6499491189683447, 0.03327685774994213, 0.025567895003720715, 0.2912061282779926], [0.2580138952947508, 0.7348216239674532, 0.002575067228916149, 0.004589413508879919], [0.30172306690751016, 0.21724775861250697, 0.004728581427446877, 0.4763005930525362], [0.0004351142904168487, 0.9448087358495508, 0.040822455381040144, 0.0139336944789921], [0.004249817853662265, 0.15525403213644476, 0.11702988879550971, 0.7234662612143833], [0.16977284256755035, 0.7288202199081125, 0.04942558041333488, 0.05198135711100218], [0.3095787976399105, 0.325387404415366, 0.0324490104177696, 0.3325847875269539], [0.004485155215866129, 0.011117515391167556, 0.022241064446512006, 0.9621562649464543], [0.14647589016237314, 0.09924209873077953, 0.0029767406946750083, 0.7513052704121722], [0.005613644860234072, 0.054188139263648745, 0.0033800475057857745, 0.9368181683703315], [0.0022830205337240157, 0.0012547125495823363, 0.0598330256882685, 0.9366292412284251], [0.44902905360009226, 0.13701430728730088, 0.009078348956067062, 0.40487829015653987], [0.06975943286220147, 0.07268533654368974, 0.28786393640584146, 0.5696912941882674], [0.10053628433571826, 0.3282570964627721, 0.17318148463806596, 0.3980251345634436], [0.03855443285694053, 0.03902113964384735, 0.391566108675016, 0.5308583188241961], [0.697742789248828, 0.0016532789867385188, 0.004426103205690156, 0.2961778285587432], [0.032151327421838204, 0.8353167573329852, 0.006861369194106857, 0.1256705460510698], [0.0017320397237806163, 0.004225470789676177, 0.0030477256384800547, 0.9909947638480632], [0.004823585998599067, 0.025018135246054164, 0.0004363428426070062, 0.9697219359127398], [0.024814523678794116, 0.01123479346449581, 0.5007254993912745, 0.4632251834654355], [0.10639801498108936, 0.5313537141603136, 0.22595372097791844, 0.1362945498806785], [0.06156390435539881, 0.386815833206604, 0.12418164687674449, 0.42743861556125273], [0.0019819204096961822, 0.11348725393590775, 0.043399477137867744, 0.8411313485165284], [0.49878532206026405, 0.002545856039459016, 0.03148438503014088, 0.46718443687013606], [0.9811401475414154, 0.004167683863878577, 0.0023460691154345687, 0.012346099479271493], [0.06151647146592018, 0.6072479785616544, 0.31658466664557106, 0.014650883326854528], [0.5423710173206272, 0.03962388391639782, 0.01077178786450976, 0.4072333108984651]]}, "rewritten": {"ids": ["97106600", "97106970", "97107950", "97113260", "97114170", "97116500", "98107340", "98109230", "98109311", "98119591", "98120010", "98120530", "99107630", "99108330", "99109311", "99111000", "99112300", "99112531", "99119830", "99121440", "100110260", "100111080", "100111390", "100111620", "100113370", "100117420", "101108460", "101109000", "101109120", "101110200", "101110740", "101112540", "101116130", "102109010", "102109840", "102110500", "102110890", "102116340", "103110840", "103111110", "103111540", "103111830", "103117200", "103120290", "103120730", "103120780", "104111620", "104111830", "104112470", "104113190", "104113210", "104114240", "104114320", "105111990", "105113170", "105113190", "105113260", "105113480", "105115720", "105116090", "105116860", "105118171", "105118230", "106112770", "106113830", "106115250", "106118520", "107114200", "107114321", "107118490", "107118820", "107119130", "107120260", "107120880", "108114040", "108114220", "108115500", "108116070", "108116120", "108118630", "108119330", "108120060", "108121160", "108121410", "109113931", "109114030", "109117110", "109117150", "109117271", "109118820", "109119460", "109119591", "110114561", "110116290", "110116441", "110117140", "110117870", "110118450", "110118630", "110118740", "110119030", "110119300", "110120190", "110120560", "110121450", "111114121", "111114321", "111117120", "111117200", "111117571", "111119300", "111119610", "111119930", "111120320", "111121930", "112116800", "112116900", "112116990", "112117571", "112118581", "112118860", "112118890", "112120640", "113117340", "113118111", "113118231", "113118690", "113118820", "113119320", "113119930", "113119950", "113120280", "113120531", "113121190", "113121220", "113121950", "113122120", "113122150", "113122170", "113122190", "113122320", "113122510"], "labels": [3, 2, 2, 1, 2, 2, 0, 1, 1, 1, 2, 1, 2, 1, 1, 2, 0, 3, 1, 2, 3, 0, 2, 3, 3, 2, 0, 1, 1, 2, 3, 2, 2, 1, 2, 3, 0, 3, 1, 3, 1, 3, 0, 2, 1, 1, 0, 3, 1, 3, 3, 0, 2, 2, 0, 3, 3, 0, 1, 1, 2, 3, 1, 1, 1, 2, 2, 2, 0, 2, 3, 1, 1, 1, 0, 3, 3, 1, 1, 1, 0, 1, 2, 0, 1, 1, 1, 2, 0, 3, 1, 0, 0, 2, 3, 3, 3, 0, 1, 3, 0, 1, 3, 0, 3, 0, 1, 2, 0, 3, 1, 2, 1, 1, 1, 0, 3, 0, 3, 1, 3, 3, 0, 2, 1, 3, 3, 0, 1, 1, 0, 0, 0, 1, 3, 3, 1, 2, 1, 1, 1, 2], "predicted_labels": [0, 1, 1, 0, 3, 1, 0, 2, 1, 0, 3, 1, 0, 1, 0, 1, 1, 0, 2, 0, 0, 0, 3, 3, 2, 0, 0, 1, 0, 1, 1, 1, 1, 1, 1, 0, 0, 1, 1, 0, 0, 2, 1, 1, 0, 0, 3, 1, 3, 3, 3, 1, 1, 1, 3, 0, 0, 1, 1, 1, 1, 0, 3, 2, 3, 0, 3, 1, 1, 0, 3, 3, 0, 0, 0, 0, 2, 1, 0, 3, 3, 1, 0, 0, 0, 1, 3, 1, 0, 0, 3, 0, 1, 2, 0, 3, 3, 1, 0, 1, 0, 1, 2, 0, 1, 0, 1, 1, 0, 1, 3, 2, 3, 0, 0, 1, 3, 3, 3, 1, 0, 1, 0, 1, 3, 1, 3, 0, 1, 1, 0, 0, 0, 3, 1, 1, 1, 1, 1, 1, 1, 2], "confidence_scores": [[0.8239007427023917, 0.0219352495948712, 0.06020982615620298, 0.09395418154653427], [0.08212012173502235, 0.614226433687637, 0.25592400006844995, 0.04772944450889076], [0.14271698409655462, 0.5874520277382053, 0.26689894271827974, 0.0029320454469602833], [0.6024430792483599, 0.03229523063210008, 0.04379569635717617, 0.3214659937623639], [0.22237469436192156, 0.22510894962585967, 0.15839586920950122, 0.39412048680271755], [0.017507960883478824, 0.9449859395703871, 0.027730863376325722, 0.009775236169808315], [0.8388347238119074, 0.01799098816865062, 0.13781792956182667, 0.005356358457615088], [0.008060971294496922, 0.0005102488963290813, 0.9911977037586124, 0.00023107605056157848], [0.06153021015375763, 0.8730415926376145, 0.02390563955567404, 0.04152255765295393], [0.7148376719889727, 0.11664228133849254, 0.1064578245436291, 0.062062222128905574], [0.15056415233133671, 0.36651573297015055, 0.10646096588314186, 0.37645914881537085], [0.2286946488071613, 0.5471994107470053, 0.09033005684461548, 0.13377588360121792], [0.7954141683778531, 0.15885156724204688, 0.009720734856442228, 0.036013529523657745], [0.24492280110060619, 0.6059882199619713, 0.015819962188125248, 0.13326901674929728], [0.5484240034004074, 0.447009676309846, 0.000662805604030797, 0.003903514685715737], [0.14724474873744917, 0.7925390597253629, 0.05125301337140588, 0.008963178165782081], [0.19105046205599577, 0.3009936677026121, 0.29843134650900865, 0.20952452373238345], [0.9462164440171447, 0.02749373799515861, 0.0064211848622772825, 0.019868633125419526], [0.08484937926858743, 0.24781196203902792, 0.5169578790054973, 0.15038077968688723], [0.8207125285748873, 0.018794093411463493, 0.10452397961419299, 0.05596939839945627], [0.8785411967281844, 0.031229837524482933, 0.0006848520440669027, 0.0895441137032658], [0.4192317478173461, 0.38685774358543684, 0.166837264978916, 0.027073243618301074], [0.03825582985183904, 0.3480294889447228, 0.02339751247626653, 0.5903171687271717], [0.0630469002781949, 0.0017826393312163063, 0.020366610834336666, 0.9148038495562522], [0.3968032398485742, 0.012241081037416168, 0.5545258296155873, 0.03642984949842236], [0.8540940499797949, 0.07727630740572917, 0.024190087765457606, 0.044439554849018334], [0.6481847475203305, 0.012420213433648708, 0.03432318238827953, 0.3050718566577413], [0.17083380823452118, 0.6718402495308547, 0.06001892444793087, 0.09730701778669336], [0.3471593105148087, 0.2401180711615984, 0.2732860838347995, 0.1394365344887933], [0.007316234582012357, 0.8797454257362257, 0.025330978877378365, 0.08760736080438364], [0.06065496392979105, 0.47603807724958686, 0.4513898383391484, 0.01191712048147374], [0.32873955307633623, 0.47972657085995385, 0.18327198374640508, 0.008261892317304837], [0.26413413864235713, 0.48640983061966303, 0.10956886766150789, 0.1398871630764718], [0.05335138945263125, 0.41113086351466027, 0.2996940381388893, 0.23582370889381918], [0.3500583413312595, 0.39245252977117895, 0.02761280372552018, 0.22987632517204132], [0.8214803648347304, 0.05179621494397345, 0.012655823882508835, 0.11406759633878726], [0.7540617187200357, 0.0009333137931249972, 0.026882852975964388, 0.21812211451087496], [0.29565838856040205, 0.6676635701533743, 0.0010962626061881875, 0.035581778680035606], [0.028521993226925328, 0.6896013316789485, 0.04158347312965769, 0.2402932019644684], [0.987225601534228, 0.00011940035704965776, 0.0012785412769468995, 0.011376456831775458], [0.7521004995836678, 0.0358965452614754, 0.16886685803928694, 0.04313609711556995], [0.12583294427449992, 0.004722177230765477, 0.8222717938119711, 0.04717308468276356], [0.014860636971005302, 0.9737225449662921, 0.002023537402728701, 0.00939328065997388], [0.19164469156893021, 0.5865942158461287, 0.17735026768210907, 0.044410824902831984], [0.4675089055494527, 0.19950422497033024, 0.31556226377110214, 0.01742460570911501], [0.46567310941504947, 0.0858489941317791, 0.008239120077892301, 0.44023877637527914], [0.27981442800669065, 0.1866517175908921, 0.0009718744104303496, 0.5325619799919868], [0.021749798251079443, 0.8131458394013955, 0.0181046135200568, 0.14699974882746844], [0.008098327668986991, 0.06008838832008529, 0.016093896316319526, 0.9157193876946083], [0.3878432483000792, 0.16697077032834656, 0.009387379513421336, 0.43579860185815295], [0.34815595240104874, 0.18793843705116428, 0.07383396064576746, 0.3900716499020196], [0.015050534868694053, 0.7605688336295162, 0.0011504865148611726, 0.2232301449869286], [0.3649249899585299, 0.38957150426719545, 0.22532397175859556, 0.02017953401567918], [0.03727951703797375, 0.7663571975773744, 0.04503823557810056, 0.15132504980655123], [0.1708264469373407, 0.07010870338308149, 0.06242567080729095, 0.6966391788722868], [0.6683018310638519, 0.010807574046796374, 0.02444928363309506, 0.2964413112562566], [0.6534269702457982, 0.11632209184869632, 0.047505456129046, 0.18274548177645955], [0.031858554408226616, 0.9647125632845609, 0.0010147838096881026, 0.0024140984975244426], [0.030522118363892292, 0.5156724140806739, 0.07187998703450228, 0.38192548052093156], [0.014991155723751927, 0.9181688436013511, 0.0027502747955957694, 0.06408972587930119], [0.11950741407776916, 0.8755057142139386, 0.004452519595646499, 0.0005343521126457647], [0.5966179966147718, 0.32366976324809604, 0.005065338181705213, 0.07464690195542703], [0.0066678672627866024, 0.21813104596633182, 0.013777137387645659, 0.761423949383236], [0.0076191218133717445, 0.10916763147289789, 0.8213186923912353, 0.061894554322494966], [0.2622963224671509, 0.0831028097721062, 0.008327717308312806, 0.6462731504524302], [0.8529812227241536, 0.09950499877076187, 0.0038845670804058307, 0.04362921142467864], [0.1288511092280173, 0.14443893491585572, 0.21537122050308743, 0.5113387353530395], [0.029927097499701766, 0.7358962322533745, 0.005724582960908861, 0.2284520872860147], [0.40688594915417653, 0.5227710071312113, 0.0024214436936261328, 0.06792160002098603], [0.6990205678747083, 0.007102731848955152, 0.2935249493237611, 0.00035175095257524537], [0.031508867468867524, 0.1333862489663805, 0.00899788380838433, 0.8261069997563676], [0.0782738640717653, 0.12093597572528199, 0.14090406976526856, 0.6598860904376841], [0.5026138493005903, 0.4468118745492673, 0.031398566701118576, 0.0191757094490238], [0.5535385826017778, 0.01195080458948265, 0.12218917225033551, 0.312321440558404], [0.5563464669962116, 0.0039338217477488105, 0.20384359294942156, 0.23587611830661798], [0.4304055167643058, 0.20546459617134932, 0.0006289292372374016, 0.3635009578271075], [0.21720985062856127, 0.018694288347845887, 0.43142068566010044, 0.3326751753634924], [0.22758369048694385, 0.6261489486253651, 0.006330581354687511, 0.13993677953300354], [0.7637845422903246, 0.02597312953841384, 0.05886969482691163, 0.15137263334435014], [0.07897212680632833, 0.010685911284132552, 0.0017843992653952911, 0.9085575626441439], [0.48532675312356693, 0.006804131778666642, 0.020975017300937177, 0.48689409779682924], [0.20972874368521577, 0.6927807336211931, 0.0032717323166018175, 0.09421879037698937], [0.7600478773255827, 0.0018812438574994867, 0.04054616781996396, 0.19752471099695396], [0.556586349581963, 0.3481014466233897, 0.022919268220228158, 0.07239293557441914], [0.9894742240173267, 0.003949637998425639, 0.005900942644206333, 0.0006751953400413129], [0.37979664152896975, 0.5608634539184528, 0.03667543435667092, 0.022664470195906443], [0.004516305625560954, 0.002064018353654856, 0.006342498402043553, 0.9870771776187406], [0.0022790043013843266, 0.9962181572390083, 0.0008087410271865666, 0.0006940974324210476], [0.6143719699705757, 0.03497305847098334, 0.0516090012127589, 0.299045970345682], [0.8729435040897161, 0.12170822091154318, 0.00437573046330694, 0.0009725445354338454], [0.026414419500336916, 0.07877788234605047, 0.057860070838073395, 0.8369476273155393], [0.48845015035528894, 0.4372447741619141, 0.0044185614768591655, 0.06988651400593777], [0.0061818835162756255, 0.9217643274536497, 0.02405736731647552, 0.04799642171359912], [0.2128357566571955, 0.37812763369898844, 0.38176583355009885, 0.027270776093717183], [0.8211825344130617, 0.03355186075592995, 0.017153228803170616, 0.12811237602783776], [0.13197959900349032, 0.019364598729025823, 0.003955946938637229, 0.8446998553288466], [0.2564301608272319, 0.027787277773660933, 0.01023034610386461, 0.7055522152952426], [0.0339688831015975, 0.47291627615073, 0.17234118025725334, 0.32077366049041917], [0.5427185603619575, 0.3066773443580332, 0.03174595603591179, 0.11885813924409756], [0.3932557673663272, 0.5139242288246036, 0.026721887607029742, 0.06609811620203933], [0.6254710175669463, 0.23134483566871908, 0.0017464770009706862, 0.14143766976336378], [0.15977517122596177, 0.7105799249787285, 0.043317193477044026, 0.08632771031826585], [0.0051429480083560715, 0.04145188294191641, 0.9236950227794982, 0.029710146270229196], [0.5952091475258091, 0.006793137463433545, 0.18662704681758138, 0.21137066819317593], [0.007121679263425563, 0.9479917900852524, 4.550735148590752e-05, 0.04484102329983619], [0.7526523466404542, 0.09649385522869107, 0.04410665873432895, 0.1067471393965258], [0.021856703200535163, 0.7161896134878235, 0.0021884352028764733, 0.2597652481087649], [0.3597011008605998, 0.5454245837095778, 0.008808595391965109, 0.08606572003785738], [0.8290339329261727, 0.0992327615492956, 0.058990147973237005, 0.01274315755129469], [0.0025407957444354644, 0.9633742267200402, 0.011736325964422685, 0.022348651571101427], [0.3905335391229661, 0.07720137698374088, 0.12557620162275762, 0.4066888822705354], [0.06725868278010776, 0.14571309326233153, 0.7547806724226676, 0.032247551534893074], [0.12110688753493941, 0.3196637810806538, 0.07055188801450644, 0.4886774433699002], [0.9310487415725502, 0.009375495189344312, 0.0024714901194844885, 0.05710427311862103], [0.8545191445030406, 0.03790005649589778, 0.09433900679431594, 0.013241792206745562], [0.26446861395347054, 0.7290989624245521, 0.0025651528071133816, 0.0038672708148641275], [0.026128453393545976, 0.39082050726601925, 0.0013376491294252808, 0.5817133902110095], [0.008481144863372946, 0.10149342621920462, 0.2102635101608235, 0.679761918756599], [0.020306770579703558, 0.00930293952052695, 0.0035592909879996353, 0.9668309989117699], [0.08517813480313531, 0.7032423709738047, 0.014652244435125073, 0.19692724978793472], [0.47925389835337995, 0.10258006978358185, 0.018820849294406895, 0.39934518256863133], [0.14021449922846257, 0.7051298013809522, 0.12163349260559153, 0.03302220678499364], [0.723072963018189, 0.0065347336684753845, 0.013539380550604233, 0.25685292276273153], [0.00016287326362845108, 0.9614946450121519, 0.0006174884609238915, 0.03772499326329586], [0.03207485923740549, 0.01615411042943881, 0.007648257489268975, 0.9441227728438868], [0.005109039803564722, 0.9805456717472621, 0.0012363964630387452, 0.013108891986134361], [0.3985794279234096, 0.1602964645718747, 0.010280502303123865, 0.43084360520159193], [0.9453722507507046, 0.028639098278779838, 0.0011319573478152498, 0.02485669362270012], [0.006933052526186236, 0.5686975841611044, 0.0025241891503823945, 0.42184517416232703], [0.0026677034684715844, 0.9508514022807512, 0.0015842566263881816, 0.04489663762438911], [0.6053884182919017, 0.16817081638427214, 0.013357609507393049, 0.21308315581643314], [0.5449440277844744, 0.0009538634837347071, 0.0068162788641076945, 0.4472858298676833], [0.9814343711406075, 0.014315002926744312, 0.0017736287629978448, 0.002476997169650167], [0.26093956210024405, 0.22231342578009392, 0.2347749244379327, 0.2819720876817293], [0.21448628113134705, 0.38907629808952504, 0.28474051858739036, 0.11169690219173749], [0.07908308717902267, 0.5962268562300723, 0.01388322632368094, 0.3108068302672241], [0.005284162365872812, 0.9938927903889037, 0.0006519735236657799, 0.00017107372155776216], [0.025087516332394835, 0.9669127969996287, 0.005433151424232556, 0.0025665352437437327], [0.021130056325823512, 0.9472885068669111, 0.004348519528448658, 0.027232917278816635], [0.06797868951811159, 0.8704411665367794, 0.018264660209211945, 0.04331548373589707], [0.003693958907816808, 0.5857358554621188, 0.001006839201404155, 0.4095633464286604], [0.0779209525252174, 0.029139990730610656, 0.4856392509970524, 0.4072998057471196]]}}