{"test": {"ids": ["103110220", "111115770", "107118490", "97108520", "100117420", "97111790", "104116980", "98110710", "98116940", "107118780", "98110810", "110118450", "105116980", "103113260", "113118870", "103110050", "110118880", "108118520", "108119510", "101112201", "106119580", "100109000", "103111480", "101109120", "102121440", "104111880", "101116130", "111120190", "102110750", "108115870", "105118171", "99109840", "101108621", "109114030", "112118701", "112119320", "101121640", "107114950", "99112300", "113117550", "99112531", "105116860", "104112470", "110118810", "105119550", "106121220", "101108290", "98107410", "106114880", "98106560", "111116040", "100111390", "104111990", "107121700", "111116411", "112118890", "110115250", "109114270", "104111380", "104114240", "110114651", "108120260", "108118291", "113120280", "113122320", "99109141", "98110230", "108113700", "112121030", "106113830", "113119950", "109121640", "101113210", "107113360", "97116800", "111119250", "112118471", "104111830", "107121640", "104109311", "111119930", "112116800", "111114321", "105114220", "111120320", "101110150", "103120531", "112116810", "113118111", "99105921", "110118111", "112119580", "112119450", "99107950", "106113190", "108115880", "112117030", "104111711", "107117630", "112120630", "107116980", "110113591", "111118810", "105116090", "111120280", "97113900", "112117780", "99108460", "97105760", "110120531", "99116500", "98108580", "97107681", "104113210", "109116930", "112118810", "111115620", "110116170", "105112100", "101112160", "103112641", "100109330", "112118860", "111116100", "105113190", "106115120", "104118070", "109120150", "111119580", "98109230", "107112840", "99117630", "109121351", "97107821", "112121351", "98112170", "105117431", "106118520", "103112470", "98109090", "100115700", "97105960"], "labels": [2, 3, 2, 2, 2, 2, 1, 2, 2, 1, 1, 0, 0, 3, 0, 3, 0, 0, 1, 0, 3, 1, 0, 1, 2, 3, 2, 3, 1, 3, 3, 2, 0, 1, 0, 1, 2, 3, 0, 3, 3, 2, 1, 1, 1, 1, 0, 3, 0, 1, 0, 2, 2, 3, 0, 3, 1, 3, 3, 0, 3, 1, 3, 0, 1, 3, 3, 0, 0, 1, 0, 0, 3, 0, 0, 1, 1, 3, 1, 3, 1, 0, 1, 3, 1, 1, 3, 3, 1, 1, 1, 3, 3, 1, 0, 3, 2, 1, 0, 3, 3, 0, 0, 1, 0, 2, 0, 0, 0, 0, 2, 0, 3, 3, 0, 3, 1, 0, 1, 3, 3, 0, 3, 3, 3, 1, 2, 2, 3, 1, 1, 3, 0, 2, 0, 3, 1, 2, 1, 1, 1, 2], "predicted_labels": [3, 0, 3, 1, 3, 1, 1, 2, 0, 1, 1, 1, 0, 1, 3, 1, 1, 0, 1, 0, 2, 3, 1, 1, 2, 0, 0, 0, 1, 0, 0, 2, 1, 0, 0, 2, 3, 2, 1, 0, 3, 0, 3, 0, 1, 3, 3, 1, 1, 1, 3, 3, 0, 3, 3, 2, 3, 0, 1, 0, 2, 3, 0, 1, 0, 1, 1, 0, 3, 3, 3, 0, 1, 0, 0, 3, 0, 1, 0, 0, 3, 2, 1, 0, 0, 2, 1, 0, 3, 0, 3, 3, 0, 2, 0, 3, 3, 0, 1, 0, 3, 1, 1, 0, 3, 3, 1, 2, 0, 0, 2, 2, 0, 3, 1, 2, 3, 0, 0, 1, 0, 3, 1, 3, 2, 0, 3, 1, 0, 2, 0, 2, 0, 0, 0, 0, 3, 3, 1, 3, 2, 2], "confidence_scores": [[0.011542644255942456, 0.05770132755766309, 0.03686575265300108, 0.8938902755333934], [0.887672656472369, 0.03216253716542305, 0.009515652663814838, 0.07064915369839303], [0.08647687442183352, 0.12485431620616169, 0.019025795681260057, 0.7696430136907448], [0.09717792050400537, 0.7681654532384063, 0.01824288336898406, 0.11641374288860423], [0.08375369067035393, 0.163347799041483, 0.006098422660552035, 0.746800087627611], [0.1839480018265455, 0.533265640227986, 0.24188451698710012, 0.04090184095836852], [0.00024682975563873025, 0.9607660700511076, 0.03142996436180395, 0.0075571358314499], [0.0054768444198705964, 0.35620514091650674, 0.5231526769183537, 0.11516533774526895], [0.5726363309090953, 0.25991878674757596, 0.03890481147934597, 0.12854007086398297], [0.01318356717647102, 0.5546030526409552, 0.007158221235509322, 0.42505515894706436], [0.002411538071861233, 0.5175162746827808, 0.07949068260382376, 0.4005815046415342], [0.11264377825913863, 0.5902137993601088, 0.07252196490751259, 0.22462045747324022], [0.604369171225644, 0.06265475334465213, 0.00499258982736085, 0.32798348560234303], [0.017626084039474778, 0.9139299525007363, 0.05996472406685546, 0.008479239392933659], [0.15915714228753625, 0.29681794082412416, 0.04463469784934936, 0.4993902190389902], [0.0028415805162205674, 0.883461107756256, 0.02618820729609181, 0.0875091044314318], [0.10743083059170466, 0.553488899612243, 0.001341090009379446, 0.33773917978667284], [0.5808497166527272, 0.32707258289981694, 0.03699952470764346, 0.05507817573981228], [0.242413307411578, 0.7412440985332144, 0.0015477353916179067, 0.014794858663589741], [0.46342952817644456, 0.041173752817968784, 0.3991969410164087, 0.09619977798917795], [0.020059761364616246, 0.24122252472025632, 0.733981959285739, 0.004735754629388513], [0.0035139566021369388, 0.020656393758494648, 0.024042180922657946, 0.9517874687167104], [0.3362961500802512, 0.5083708068055341, 0.004707286571375607, 0.15062575654283897], [0.4415221960583007, 0.4794022750530049, 0.06859896597627824, 0.010476562912416196], [0.1366753429734094, 0.060830083536251876, 0.6933261743057605, 0.10916839918457817], [0.646528685721739, 0.11036529430980806, 0.009951396405047724, 0.23315462356340505], [0.5459258611907608, 0.21627329021387534, 0.2091765493480506, 0.02862429924731324], [0.48151511461112134, 0.1834513955451951, 0.2057390032311592, 0.12929448661252432], [0.011883166793724831, 0.8152406330132073, 0.16165850708277324, 0.011217693110294604], [0.5071866706025705, 0.040920432341998846, 0.0788066527463997, 0.373086244309031], [0.6729006750511131, 0.2043057763037709, 0.0002647024228109179, 0.12252884622230517], [0.09686848618714526, 0.11134663543035542, 0.7099665727525578, 0.08181830562994152], [0.07788409140750617, 0.5061809921440674, 0.36816003809872466, 0.04777487834970173], [0.9145732322701585, 0.050247496128128885, 0.012959355227969462, 0.02221991637374324], [0.6982758702344875, 0.2641017056494638, 0.007193394556785249, 0.03042902955926365], [0.0030257031478013946, 0.25563615678582124, 0.47776165283820904, 0.26357648722816823], [0.01617435384808397, 0.048151827160701696, 0.016881748532678997, 0.9187920704585354], [0.03350896008284341, 0.000872465326236033, 0.9056030748177688, 0.06001549977315167], [0.11590751113071508, 0.47648944696704065, 0.08689572480081868, 0.3207073171014256], [0.49492004385965954, 0.08603683758136081, 0.40308928003252875, 0.01595383852645084], [0.03093482040298687, 0.009286386353851372, 0.003585731474666311, 0.9561930617684954], [0.4134617721462674, 0.3168013503787097, 0.05393071820906669, 0.21580615926595628], [0.02295657088929947, 0.031407277645789836, 0.249463578328875, 0.6961725731360356], [0.8037858158004803, 0.01892895500458574, 0.013997950200409294, 0.1632872789945248], [0.0075616961612771484, 0.9525651245604572, 0.009217885483327807, 0.030655293794937855], [0.06144549593967522, 0.024063340499123932, 0.007782059120400802, 0.9067091044408001], [0.30725455272124963, 0.02257068734049003, 0.31977528425840995, 0.3503994756798504], [0.04717162018814208, 0.8978236924007414, 0.006399827097092068, 0.04860486031402445], [0.07750820978775805, 0.4474299167608408, 0.27055396972314105, 0.2045079037282601], [0.15372046412510773, 0.7730069180636391, 0.030621877618888276, 0.04265074019236481], [0.044614964778295456, 0.129158547985766, 0.27854172067335997, 0.5476847665625786], [0.00511345257712082, 0.011658213292791946, 0.48577762009966324, 0.49745071403042396], [0.6322306731406927, 0.1282891592067533, 0.1927131955537966, 0.046766972098757374], [0.08622865854187461, 0.22900488550857265, 0.21477863446852388, 0.46998782148102874], [0.08372547803438966, 0.009699248041104646, 0.28413857970320605, 0.6224366942212997], [0.26994420896718213, 0.1912914064486737, 0.4824805261384332, 0.05628385844571106], [0.017489668359384505, 0.11010566097761532, 0.0016475086820272858, 0.870757161980973], [0.3495822102312949, 0.1386137374740816, 0.18958296890906662, 0.322221083385557], [0.01855901392895071, 0.5557793781408735, 0.14193993905817556, 0.2837216688720001], [0.5206396340613052, 0.3365653480574238, 0.021891259642293246, 0.12090375823897774], [0.21066828520910544, 0.08513130042862271, 0.49903936615145505, 0.2051610482108168], [0.030159097333173554, 0.1431580811847052, 0.04225058983516908, 0.7844322316469522], [0.5862930254452255, 0.003122714959518005, 0.009961761534689676, 0.4006224980605668], [0.25132230692418206, 0.3920879571419571, 0.03343725654635486, 0.3231524793875058], [0.4281477305653074, 0.15385736602505437, 0.010215380502058832, 0.40777952290757935], [0.03351571154764698, 0.9493091241488408, 0.0030923628459434594, 0.014082801457568841], [0.00584909218216252, 0.8327089907152964, 0.131671083926602, 0.029770833175939124], [0.33119273138348004, 0.18852180170477695, 0.23020806633229968, 0.25007740057944344], [0.13727742913567875, 0.2619803368013324, 0.0623698888599265, 0.5383723452030623], [0.2384122730607715, 0.014803253765146731, 0.05623983718291652, 0.6905446359911653], [0.378484488760996, 0.11073092034248568, 0.010464311173361263, 0.5003202797231571], [0.926216733029115, 0.019816729884384855, 0.04577075567470887, 0.0081957814117914], [0.10902324430521977, 0.7155473757510762, 0.007139022066785867, 0.16829035787691812], [0.8445439320612558, 0.08888875282542884, 0.03287733397343364, 0.03368998113988177], [0.4683302223235227, 0.12875973676950697, 0.14288964946549737, 0.26002039144147276], [0.07249552799994753, 0.3866461162559149, 0.07617825961812365, 0.464680096126014], [0.6131313964900482, 0.3510982219126443, 0.03105347112390024, 0.004716910473407344], [0.00651336997367576, 0.5383790410452504, 0.008911589651301566, 0.4461959993297724], [0.6709783040116429, 0.023294890742101143, 0.23616590134321874, 0.06956090390303728], [0.7739641024459067, 0.12559969807571825, 0.053976104666668426, 0.0464600948117067], [0.008835124512138245, 0.3040785546067699, 0.01638340934365102, 0.6707029115374409], [0.1843080215171991, 0.37391309059181566, 0.40952526640391246, 0.032253621487072774], [0.005431424851219952, 0.7288866148947019, 0.09470844442400231, 0.17097351583007586], [0.6050529823105295, 0.1523203572871729, 0.10700727336082803, 0.13561938704146967], [0.7364169490066169, 0.11722809629161261, 0.018757593205598392, 0.12759736149617198], [0.18637909617616977, 0.2858177225838074, 0.29759714050279884, 0.23020604073722398], [0.1253664348702981, 0.4462770990672867, 0.061356618094486816, 0.3669998479679284], [0.4547855090726061, 0.09089359596833332, 0.4273729667865415, 0.02694792817251927], [0.3143507661586329, 0.0287641523227296, 0.008696980080815975, 0.6481881014378215], [0.37525115367634143, 0.26351844296893645, 0.12975894923652323, 0.2314714541181989], [0.13465831394741434, 0.25344438782924344, 0.031398387410667965, 0.5804989108126742], [0.3780068873747281, 0.03101099079741459, 0.14581875830545069, 0.44516336352240665], [0.9549527484949508, 0.004056543332066381, 0.025322381310780285, 0.015668326862202438], [0.007685286951210983, 0.0066893123521768036, 0.9741078698801118, 0.01151753081650038], [0.4913906205488597, 0.12315096076506163, 0.27018861883385276, 0.11526979985222607], [0.3465784568510031, 0.017164262931473113, 0.010629527069171923, 0.6256277531483518], [0.13518353235729605, 0.2115658720961744, 0.05470043731752345, 0.598550158229006], [0.8562062817147156, 0.07311920025829483, 0.022250998060030613, 0.04842351996695919], [0.08202444921193545, 0.755326149078692, 0.014032824685934042, 0.14861657702343864], [0.895235975571584, 0.04631181205198031, 0.0030850810853839737, 0.05536713129105188], [0.270624477941001, 0.24036321237572317, 0.05944299387511499, 0.4295693158081609], [0.08857355281454728, 0.5004142204975188, 0.026864333860779025, 0.3841478928271549], [0.1284352412004633, 0.545399481062204, 0.2983126214890167, 0.027852656248316073], [0.8290862549441997, 0.026659288445811977, 0.005470499043162265, 0.13878395756682604], [0.03891580355559637, 0.03633171717206936, 0.03191452409934173, 0.8928379551729926], [0.28968930287396727, 0.05082961456869941, 0.03178166922491957, 0.6276994133324137], [0.013820044690883862, 0.9205037007212249, 0.017455807608807276, 0.04822044697908386], [0.08877287926136196, 0.27887241110233363, 0.3398925491940952, 0.2924621604422092], [0.7585653117466314, 0.1326923951459525, 0.01011038209476572, 0.09863191101265041], [0.6564623235782683, 0.11808553181745834, 0.009364512722912699, 0.21608763188136076], [0.030272000373077368, 0.011908319889966379, 0.8798738996885951, 0.07794578004836118], [0.036740169094795494, 0.13420706733293858, 0.8007243525835798, 0.028328410988686048], [0.5683889576367044, 0.017963685191787475, 0.030258038759401893, 0.3833893184121062], [0.3276340147331166, 0.03876827840000285, 0.041189331753506545, 0.592408375113374], [0.4419906337551507, 0.46734734766509983, 0.06890992468223567, 0.021752093897513754], [0.016803129568253493, 0.4227677762206566, 0.4844704449432614, 0.0759586492678286], [0.03453691610283551, 0.057710325770268946, 0.1571018754412364, 0.7506508826856593], [0.47249058211018496, 0.4115630960601754, 0.0127686964268372, 0.10317762540280252], [0.5383211909351638, 0.14645363902289982, 0.18677336472763498, 0.12845180531430134], [0.17479782265058472, 0.5347494555859901, 0.2057502942933753, 0.08470242747004986], [0.9261170189961859, 0.0036852430426459726, 0.034114828414475766, 0.03608290954669239], [0.05736043086309425, 0.08902388567443031, 0.06345247033422448, 0.7901632131282509], [0.02586050674501105, 0.9700924825519396, 0.0009752031976551632, 0.0030718075053941083], [0.13475968183321513, 0.42471562836248944, 0.012462413655580184, 0.42806227614871517], [0.0921626506800017, 0.014907552361563348, 0.5599616470462575, 0.3329681499121775], [0.5090308642623806, 0.14756131138559903, 0.003281457889841926, 0.3401263664621783], [0.09754452866606708, 0.12048333225704906, 0.015094490876651958, 0.7668776482002319], [0.010079607138469775, 0.7136662054912598, 0.17610777407743522, 0.10014641329283536], [0.49840775580514507, 0.006256723643852404, 0.4441663875759583, 0.05116913297504427], [0.0029616654368702453, 0.18436188711172516, 0.7880911237174631, 0.024585323733941473], [0.474915823804152, 0.37545814152902185, 0.028631901181156796, 0.12099413348566944], [0.012749958677867124, 0.005008738830125874, 0.968704635147842, 0.013536667344164886], [0.743475900469332, 0.039027319850167864, 0.13746790597851857, 0.08002887370198154], [0.8061216631760415, 0.19266885648318272, 0.0009224804997553837, 0.0002869998410202685], [0.7636800353693225, 0.19189784448755193, 0.030850984175456925, 0.013571135967668686], [0.7285724404834257, 0.007096882686564841, 0.012328727765909635, 0.25200194906409973], [0.16673534010055854, 0.22511289791244232, 0.0696324686625571, 0.5385192933244419], [0.26371143330836044, 0.07814210963800591, 0.3248734202184299, 0.33327303683520376], [0.16838337787820504, 0.6283137748974217, 0.16339008610207065, 0.039912761122302645], [0.010847667026552424, 0.305279136944604, 0.13726346170308434, 0.5466097343257593], [0.061892402845531325, 0.189215862138581, 0.4113871304774774, 0.3375046045384104], [0.24103032734551183, 0.06619759418964646, 0.5879556717600616, 0.10481640670478012]]}, "rewritten": {"ids": ["97105760", "97105960", "97107681", "97107821", "97108520", "97111790", "97113900", "97116800", "98106560", "98107410", "98108580", "98109090", "98109230", "98110230", "98110710", "98110810", "98112170", "98116940", "99105921", "99107950", "99108460", "99109141", "99109840", "99112300", "99112531", "99116500", "99117630", "100109000", "100109330", "100111390", "100115700", "100117420", "101108290", "101108621", "101109120", "101110150", "101112160", "101112201", "101113210", "101116130", "101121640", "102110750", "102121440", "103110050", "103110220", "103111480", "103112470", "103112641", "103113260", "103120531", "104109311", "104111380", "104111711", "104111830", "104111880", "104111990", "104112470", "104113210", "104114240", "104116980", "104118070", "105112100", "105113190", "105114220", "105116090", "105116860", "105116980", "105117431", "105118171", "105119550", "106113190", "106113830", "106114880", "106115120", "106118520", "106119580", "106121220", "107112840", "107113360", "107114950", "107116980", "107117630", "107118490", "107118780", "107121640", "107121700", "108113700", "108115870", "108115880", "108118291", "108118520", "108119510", "108120260", "109114030", "109114270", "109116930", "109120150", "109121351", "109121640", "110113591", "110114651", "110115250", "110116170", "110118111", "110118450", "110118810", "110118880", "110120531", "111114321", "111115620", "111115770", "111116040", "111116100", "111116411", "111118810", "111119250", "111119580", "111119930", "111120190", "111120280", "111120320", "112116800", "112116810", "112117030", "112117780", "112118471", "112118701", "112118810", "112118860", "112118890", "112119320", "112119450", "112119580", "112120630", "112121030", "112121351", "113117550", "113118111", "113118870", "113119950", "113120280", "113122320"], "labels": [0, 2, 3, 2, 2, 2, 2, 0, 1, 3, 0, 1, 1, 3, 2, 1, 3, 2, 1, 1, 0, 3, 2, 0, 3, 2, 3, 1, 0, 2, 1, 2, 0, 0, 1, 1, 3, 0, 3, 2, 2, 1, 2, 3, 2, 0, 1, 3, 3, 3, 3, 3, 1, 3, 3, 2, 1, 3, 0, 1, 2, 1, 3, 3, 1, 2, 0, 1, 3, 1, 0, 1, 0, 1, 2, 3, 1, 1, 0, 3, 3, 0, 2, 1, 1, 3, 0, 3, 3, 3, 0, 1, 1, 1, 3, 0, 2, 0, 0, 0, 3, 1, 0, 1, 0, 1, 0, 0, 1, 1, 3, 0, 3, 0, 0, 1, 3, 1, 3, 0, 1, 0, 3, 2, 0, 1, 0, 3, 3, 3, 1, 3, 3, 3, 0, 0, 3, 1, 0, 0, 0, 1], "predicted_labels": [0, 3, 0, 0, 1, 1, 0, 0, 1, 0, 1, 1, 1, 0, 3, 1, 0, 1, 0, 1, 3, 1, 1, 0, 3, 2, 2, 1, 0, 1, 0, 2, 1, 0, 1, 0, 1, 0, 0, 3, 1, 2, 2, 3, 3, 0, 1, 3, 1, 3, 3, 1, 1, 1, 3, 1, 1, 3, 3, 1, 1, 1, 0, 0, 3, 2, 0, 1, 0, 1, 1, 0, 3, 3, 0, 1, 3, 1, 0, 0, 3, 1, 0, 1, 2, 3, 2, 3, 0, 3, 2, 1, 3, 0, 0, 1, 1, 0, 0, 1, 3, 3, 1, 3, 0, 0, 3, 0, 1, 3, 3, 3, 0, 1, 0, 3, 0, 1, 2, 3, 3, 1, 0, 0, 1, 0, 1, 1, 1, 3, 1, 0, 0, 0, 0, 1, 2, 3, 3, 3, 0, 3], "confidence_scores": [[0.8700899141254533, 0.0674682162143462, 0.0009361292390819706, 0.06150574042111861], [0.2674005169553777, 0.15698299128707835, 0.050584493415011526, 0.5250319983425323], [0.8886056267668191, 0.051657844939319464, 0.003049838990655641, 0.056686689303205855], [0.91730332930995, 0.07617827507042385, 0.0023943089673365376, 0.0041240866522896935], [0.10886248566633161, 0.8886031071100114, 0.001716292368942896, 0.0008181148547142566], [0.2490743280753867, 0.4576672026893237, 0.2153148427099226, 0.07794362652536681], [0.432923498576469, 0.3577244430977081, 0.09081252475554802, 0.11853953357027495], [0.7975470215238251, 0.03437272644215705, 0.05475354754576756, 0.11332670448825023], [0.04163673364207652, 0.8649023689967382, 0.02673628389487317, 0.06672461346631216], [0.6636445886989464, 0.04963842455358207, 0.014804580694916877, 0.27191240605255457], [0.08667451082958648, 0.8304195650547898, 0.023783262414111384, 0.05912266170151243], [0.1664911860366152, 0.3672709747142248, 0.3450975606733561, 0.12114027857580371], [0.09755180548023623, 0.44588631369994003, 0.37722388416861263, 0.07933799665121102], [0.48459393564626335, 0.11863099923781327, 0.009757638336735501, 0.3870174267791879], [0.015423467302634287, 0.1413762671168499, 0.38931367258844973, 0.4538865929920662], [0.10613386352694065, 0.35611275328189607, 0.26671484697761105, 0.2710385362135524], [0.5219024855150418, 0.008009337247954329, 0.1444499229927296, 0.32563825424427434], [0.09475630414885483, 0.7392316300904803, 0.012981685146553477, 0.15303038061411162], [0.6585661946389498, 0.16874563042659285, 0.028348189871379003, 0.14433998506307838], [0.15642629944115255, 0.38709587999819645, 0.13158634581735235, 0.32489147474329855], [0.23417617238243696, 0.12569202172118363, 0.00775397753968963, 0.6323778283566898], [0.06058910455345995, 0.9352234621786891, 0.001166901305744772, 0.0030205319621063463], [0.01177313080718241, 0.5524800116122522, 0.07966706766998123, 0.35607978991058403], [0.4510579736839238, 0.12217095502040384, 0.0388160349972491, 0.3879550362984234], [0.1545475030692065, 0.2079511593548644, 0.025505882679030565, 0.6119954548968985], [0.1684979602678235, 0.07613069570926302, 0.5451210860173599, 0.2102502580055536], [0.03651809064457952, 0.08683180961759929, 0.6644358924338883, 0.21221420730393287], [0.04808103533394547, 0.6129969841797465, 0.02327450893241972, 0.3156474715538883], [0.7881480164882293, 0.09016576317932982, 0.013985340428166152, 0.10770087990427459], [0.06668601300053044, 0.6435717477563574, 0.06850491373873403, 0.22123732550437833], [0.6169868389810622, 0.06481548497541285, 0.11526599684868302, 0.20293167919484187], [0.06066494651190814, 0.2524477074989333, 0.4863787415155975, 0.20050860447356103], [0.3347981067689541, 0.3515459541366972, 0.12682083933311647, 0.18683509976123222], [0.47307022167759666, 0.3959289103414166, 0.0740958524127898, 0.05690501556819703], [0.27109647899650724, 0.6504561309447846, 0.04676622738803415, 0.03168116267067403], [0.5492957666440624, 0.22323184002840699, 0.15740788995285293, 0.07006450337467755], [0.0508440463359187, 0.764729372816772, 0.09916202954400152, 0.08526455130330789], [0.49962601046751887, 0.24864554413848947, 0.04011913662330785, 0.21160930877068398], [0.45301002458347905, 0.20372965725933648, 0.13483248725096914, 0.20842783090621536], [0.14155012982018766, 0.1851477304307033, 0.3210032991415204, 0.3522988406075886], [0.3823994215552671, 0.4209327641253342, 0.018797527014671345, 0.1778702873047273], [0.0011826865630232375, 0.43547053738374025, 0.5528748979787038, 0.01047187807453276], [0.1083019234683967, 0.013860853623344488, 0.6955141023815952, 0.1823231205266637], [0.012124328393895717, 0.11256705817234096, 0.41793939313344763, 0.4573692203003156], [0.06155080832925945, 0.08481887645847529, 0.027596090671492858, 0.8260342245407725], [0.5326985953070733, 0.33691341138345454, 0.00345477896565741, 0.12693321434381477], [0.30239146150241186, 0.489886627133936, 0.06896722303697904, 0.13875468832667323], [0.2894804446923068, 0.11514822134886366, 0.0591650515432675, 0.536206282415562], [0.14070866162323148, 0.48179749606209876, 0.2235314382515533, 0.15396240406311634], [0.06597928991624417, 0.13915476774986082, 0.21245435321840686, 0.5824115891154881], [0.14856567036897303, 0.037968661466494545, 0.15645788704810681, 0.6570077811164257], [0.09234052667240192, 0.44696660865043475, 0.36832898625738597, 0.09236387841977728], [0.3513755974055723, 0.5122461947715968, 0.10342473128789278, 0.03295347653493803], [0.008394691824286146, 0.7146355951234793, 0.01432907360046696, 0.2626406394517676], [0.09952506904726592, 0.2550585421909872, 0.05516897029580134, 0.5902474184659454], [0.07877623849079791, 0.85469714217069, 0.05143967438815989, 0.015086944950352035], [0.2052087776972795, 0.631207722169328, 0.0718348025435917, 0.0917486975898008], [0.38824436193154843, 0.006031065845470687, 0.03444861691106467, 0.5712759553119162], [0.4059096709880704, 0.002013139058659528, 0.014144973434929743, 0.5779322165183403], [0.03393487302298594, 0.922312680792874, 0.025894244307227803, 0.017858201876912425], [0.08413673143387776, 0.4206735869478544, 0.20691791999809078, 0.28827176162017704], [0.1609279319568315, 0.6253367734393321, 0.10968929512435815, 0.10404599947947821], [0.32682437109498763, 0.1855656746916259, 0.19801002421112626, 0.2895999300022602], [0.7512311777073264, 0.005456997179120231, 0.04328211881967483, 0.20002970629387848], [0.41644908632844124, 0.015719438891996635, 0.044308034046116516, 0.5235234407334456], [0.22940030660446936, 0.2351790248029117, 0.43177772378115253, 0.10364294481146635], [0.7891452521922544, 0.04565080236343557, 0.021176154007060525, 0.14402779143724942], [0.32511401545800506, 0.5059824083923623, 0.08564138362095933, 0.08326219252867338], [0.42858013430661973, 0.18682923418995825, 0.0036392172288105995, 0.3809514142746115], [0.0036000676540151803, 0.7634574979842789, 0.02050456044688285, 0.2124378739148231], [0.323158079400991, 0.32656906514024236, 0.13098900769748795, 0.21928384776127868], [0.7083662581692378, 0.03654569970934803, 0.022627371795713478, 0.23246067032570075], [0.06525627674978994, 0.11427485999414191, 0.38314850180972015, 0.43732036144634795], [0.050603085323099095, 0.22463068907183345, 0.08904493038804817, 0.6357212952170193], [0.47835962234226603, 0.16516497441977196, 0.20357981337285616, 0.15289558986510582], [0.0778307908117254, 0.7879246912465465, 0.08170057684735424, 0.05254394109437389], [0.02808485456895289, 0.06930428658580161, 0.1250352028026219, 0.7775756560426237], [0.028951508865449175, 0.8483292583406593, 0.016094075569451496, 0.10662515722443999], [0.9130114653941691, 0.07034354221731587, 0.0024804160330316404, 0.014164576355483424], [0.6311612434506703, 0.018838863874166258, 0.31816655367239355, 0.03183333900276986], [0.10768332317051973, 0.24924967539762077, 0.027822663347324306, 0.6152443380845352], [0.1273037370604046, 0.814435283057202, 0.042944964765417766, 0.015316015116975753], [0.42609794391536243, 0.11907552344519823, 0.15968394556344048, 0.29514258707599894], [0.14692919145222766, 0.6367312446154069, 0.028115170435638416, 0.18822439349672704], [0.02309896490718821, 0.3636749732240373, 0.4081714610053354, 0.205054600863439], [0.12664582697499785, 0.24904362126448937, 0.12023804499972854, 0.5040725067607842], [0.10902047377616865, 0.15812212956684502, 0.49412117437106456, 0.2387362222859217], [0.23401715741778853, 0.18202989079171134, 0.0992380754499368, 0.48471487634056337], [0.6420286092004511, 0.031109183911246903, 0.018049363168721074, 0.30881284371958106], [0.0622925842423551, 0.31886953567465437, 0.009613406291346924, 0.6092244737916437], [0.10081950289288191, 0.10795309126212978, 0.7613289129659554, 0.029898492879032904], [0.0483858495248158, 0.8025666079486874, 0.06034119491467421, 0.08870634761182263], [0.12807619026963998, 0.039561389615801905, 0.10103359371966386, 0.7313288263948942], [0.825811367698487, 0.06445028131423063, 0.008691524113136591, 0.10104682687414586], [0.4467693202130473, 0.17453995247692772, 0.01058891989174026, 0.36810180741828474], [0.3257308331725058, 0.4946877001532323, 0.12274459431271778, 0.05683687236154413], [0.2149720113044601, 0.36133923124576667, 0.23076967311134622, 0.192919084338427], [0.4663684445579726, 0.019427039936933576, 0.050625153616798396, 0.46357936188829546], [0.8998578373602618, 0.06089056110219178, 0.009526733642346857, 0.029724867895199642], [0.21405332169866922, 0.708096125978588, 0.028651420981275957, 0.0491991313414668], [0.014573835592328199, 0.021962445463084415, 0.06720473333922866, 0.8962589856053588], [0.1187057444538411, 0.11610364756774569, 0.01057868484880235, 0.7546119231296108], [0.30935734982224783, 0.555257795031656, 0.007538445039671659, 0.12784641010642459], [0.024019963419969387, 0.153185564671125, 0.016680211679201508, 0.8061142602297041], [0.5506580559505432, 0.14129468755633445, 0.21398903212795836, 0.09405822436516394], [0.6009909061775649, 0.26038240312240707, 0.08190016988445088, 0.05672652081557731], [0.40652302465251605, 0.18344942420312213, 0.000634712217492281, 0.40939283892686945], [0.6731363055071589, 0.2100068793083455, 0.014132686257847471, 0.10272412892664819], [0.27050266432193876, 0.6994958841524791, 0.0067093510463056465, 0.02329210047927655], [0.23611293605017492, 0.14847405138958, 0.026472400042064897, 0.5889406125181803], [0.3455558831429707, 0.12164059972832933, 0.08639526293468637, 0.4464082541940137], [0.02562891217066446, 0.12636143504765118, 0.0443126747343263, 0.8036969780473581], [0.5503271922794286, 0.08259426057037071, 0.004012388152487925, 0.36306615899771266], [0.3879625535907453, 0.40133364876888855, 0.014813047283248545, 0.1958907503571177], [0.8142245669426705, 0.1610892783401461, 0.021865294253152298, 0.002820860464030916], [0.4388345166258101, 0.027843986657523134, 0.02872875554931503, 0.5045927411673518], [0.8601190744087371, 0.006451588331497925, 0.08448927748075225, 0.04894005977901271], [0.040169709549073764, 0.7226719019515723, 0.08697758987767495, 0.15018079862167902], [0.05492034964975324, 0.04948858055111365, 0.7520765859169409, 0.14351448388219218], [0.19908541196400134, 0.3387807033987212, 0.0486261451259703, 0.4135077395113072], [0.22503389093389176, 0.058040862847356094, 0.22985315554630315, 0.48707209067244894], [0.14623702318389334, 0.6184668899725567, 0.06898431891782898, 0.166311767925721], [0.47125839007875714, 0.05274631190748169, 0.16916172332294163, 0.30683357469081946], [0.46377864120120954, 0.17847150443787774, 0.17428672689755162, 0.18346312746336113], [0.23410592548224676, 0.3337449480697885, 0.11871149629393152, 0.31343763015403314], [0.725051240087746, 0.13263411286152033, 0.13519609545674477, 0.0071185515939888545], [0.11214696067014002, 0.5774310016501629, 0.04830655579895074, 0.26211548188074635], [0.21904744172389684, 0.48347919845769133, 0.012652617863592286, 0.2848207419548195], [0.1443143782390069, 0.4447903055197029, 0.05629218959012595, 0.35460312665116417], [0.06251491204558622, 0.11981326697532722, 0.10029579815290622, 0.7173760228261803], [0.016895487686010294, 0.8258596443295816, 0.0351827332529528, 0.12206213473145544], [0.4440412095905801, 0.19621711882181456, 0.1431745857853537, 0.21656708580225165], [0.920954952989813, 0.01403918174598787, 0.012497670061821125, 0.052508195202378], [0.7311761441691913, 0.13922677587942242, 0.003852540679424588, 0.1257445392719618], [0.7884668607978255, 0.05262509691906301, 0.08074083255053391, 0.07816720973257772], [0.13906998435974702, 0.7567231367846099, 0.10318654369072655, 0.0010203351649166021], [0.2538393589542115, 0.21874160268336465, 0.3818316827061932, 0.14558735565623065], [0.06990296306864495, 0.13648974653552085, 0.016170987035830288, 0.7774363033600039], [0.1504775429306707, 0.3908734429474801, 0.05252318515663509, 0.40612582896521415], [0.09014171802283652, 0.1773836662608839, 0.010818147316093114, 0.7216564684001864], [0.3975618556493676, 0.20143320579471727, 0.13427395363077213, 0.266730984925143], [0.025738744272184474, 0.17633521203694866, 0.05416148123390869, 0.7437645624569583]]}}