{"test": {"ids": ["112118620", "99114890", "105118230", "108115870", "107114780", "100110260", "108117360", "102113210", "103110840", "98111620", "110114651", "103118291", "105113210", "102117351", "106114321", "110116441", "106111321", "109119591", "109120540", "97112300", "112116501", "98121790", "112117571", "104112201", "107113170", "107116340", "110120540", "105117351", "109115220", "106116370", "100109330", "99121440", "98111860", "110115140", "113120830", "108114670", "106115240", "109116441", "113119120", "106121220", "97112290", "103120340", "109119460", "103111620", "113121220", "110118450", "103110220", "99107660", "101114990", "111114941", "99113260", "99108330", "98110710", "112119950", "98112170", "99119830", "107114110", "113120751", "107119390", "100120010", "112118820", "100108520", "106120290", "112117580", "110118930", "106116850", "98107210", "99109840", "107121700", "111116640", "107119130", "111121351", "97106600", "98110230", "113119930", "108117610", "105113330", "98106880", "110118301", "108114220", "110117080", "101115190", "112117660", "105117431", "107113260", "109116040", "113121810", "105118171", "108114180", "109120560", "103120290", "109121351", "101110150", "113118421", "97106820", "105117200", "99107300", "99107560", "108113620", "105116650", "104109311", "106119260", "101111990", "99108460", "105116860", "97116790", "103113640", "99116500", "113118231", "108118630", "110115890", "106115120", "108118810", "105119950", "108113480", "103117200", "103109021", "103113610", "102114270", "105121190", "98106680", "110114321", "112121360", "109113931", "107118120", "112117471", "104111880", "103111540", "108116120", "98109090", "98108520", "99109311", "100116790", "108118520", "101111140", "111120591", "97105960", "99108310", "97107260", "112116290", "102110890", "107118780"], "labels": [3, 2, 1, 3, 2, 3, 1, 3, 1, 3, 3, 0, 3, 1, 2, 3, 0, 0, 1, 2, 3, 2, 3, 0, 0, 3, 1, 0, 3, 2, 0, 2, 0, 0, 3, 3, 1, 3, 3, 1, 1, 1, 1, 0, 3, 0, 2, 3, 3, 0, 0, 1, 2, 0, 3, 1, 1, 1, 2, 0, 0, 2, 2, 0, 1, 3, 1, 2, 3, 0, 1, 0, 3, 3, 1, 3, 3, 0, 1, 3, 1, 1, 0, 1, 0, 0, 2, 3, 1, 1, 2, 0, 1, 3, 1, 3, 3, 1, 3, 1, 3, 1, 2, 0, 2, 2, 1, 2, 3, 1, 2, 1, 1, 3, 0, 0, 0, 2, 3, 2, 1, 1, 3, 1, 3, 3, 3, 1, 1, 1, 2, 1, 2, 0, 2, 1, 2, 2, 2, 0, 0, 1], "predicted_labels": [2, 2, 3, 1, 3, 0, 3, 0, 3, 1, 1, 0, 3, 1, 1, 1, 3, 1, 1, 3, 3, 1, 1, 0, 3, 3, 0, 1, 2, 3, 3, 2, 1, 3, 2, 3, 1, 0, 3, 0, 3, 2, 1, 0, 3, 3, 2, 0, 2, 0, 0, 2, 2, 3, 0, 3, 0, 1, 3, 0, 1, 3, 0, 1, 1, 2, 1, 3, 1, 2, 0, 3, 3, 1, 1, 0, 3, 3, 0, 0, 3, 1, 0, 2, 0, 3, 2, 1, 3, 3, 1, 0, 3, 0, 1, 2, 0, 3, 1, 2, 1, 0, 1, 0, 1, 3, 0, 3, 1, 3, 1, 3, 3, 0, 3, 1, 0, 0, 1, 1, 3, 0, 0, 2, 3, 0, 1, 1, 0, 0, 1, 2, 1, 3, 3, 0, 3, 2, 1, 0, 3, 3], "confidence_scores": [[0.24040440822642442, 0.26019124418049844, 0.3651857091070595, 0.1342186384860177], [0.2230769463088628, 0.2999172912206595, 0.3299748437316615, 0.14703091873881613], [0.2978695724370465, 0.2306377554060869, 0.1650834354321967, 0.3064092367246699], [0.25888995192625874, 0.29746433432176456, 0.21365956166887287, 0.22998615208310394], [0.19618083079753926, 0.26047869778906985, 0.1500471119372914, 0.3932933594760994], [0.3745220148484114, 0.24146026358754916, 0.1629829011509085, 0.22103482041313102], [0.14583000256366463, 0.18149539850519128, 0.21893834314162752, 0.45373625578951665], [0.5145788262369906, 0.17571925617520445, 0.11578147762083449, 0.1939204399669705], [0.20119782620671675, 0.31772231786961846, 0.12872268622397662, 0.3523571696996882], [0.06016446195913394, 0.6179616859534437, 0.17174387028333118, 0.15012998180409115], [0.2539911438841579, 0.37559232911831686, 0.07260367947872358, 0.29781284751880177], [0.33984520650723904, 0.2614193903772149, 0.10947774755047075, 0.2892576555650754], [0.16086820632362506, 0.14757115668279325, 0.18274994232126143, 0.5088106946723202], [0.2409457621206838, 0.32305452404490803, 0.15246729836420378, 0.28353241547020447], [0.1955224823646629, 0.39293689349121325, 0.1769212482044326, 0.23461937593969126], [0.1651841275484228, 0.6878396775736415, 0.04898566260998511, 0.09799053226795058], [0.1517507865311239, 0.20687360886514924, 0.22269369989037544, 0.4186819047133516], [0.23263237253236851, 0.41498716106696537, 0.10544241692981342, 0.24693804947085268], [0.2865278997198847, 0.3502304453455546, 0.10256990438620646, 0.26067175054835406], [0.16675495900793888, 0.2016561733191447, 0.29024832591191296, 0.34134054176100354], [0.22380013638569735, 0.2857933382465175, 0.11195375313102915, 0.37845277223675605], [0.23510562924741354, 0.3647537105765646, 0.18048447481923532, 0.21965618535678674], [0.23248991813438993, 0.4120158352877803, 0.08986477363302808, 0.26562947294480166], [0.5149623800446462, 0.17116058654985097, 0.07201414849435721, 0.24186288491114563], [0.3154457040141987, 0.1977970765563995, 0.133375654988885, 0.35338156444051677], [0.06390138300079476, 0.21419550369416304, 0.09279186189184224, 0.6291112514131998], [0.3490371784768539, 0.32071620644922916, 0.14391021656463657, 0.1863363985092804], [0.17904373657099998, 0.41467880516376443, 0.131975524034047, 0.2743019342311887], [0.24383691073454472, 0.2087169713043846, 0.282559862999746, 0.2648862549613248], [0.19870703064482773, 0.19207515189638455, 0.1958023839132093, 0.4134154335455784], [0.2753581528728887, 0.27683877070944457, 0.15198081929537854, 0.29582225712228827], [0.13734206134794738, 0.27339988890601186, 0.2946699787966672, 0.2945880709493734], [0.10634463768446256, 0.31748614252914426, 0.3088201120815033, 0.26734910770488984], [0.20624106602069014, 0.3055196434235829, 0.11345833084818248, 0.37478095970754444], [0.20260438947375292, 0.10494910478693464, 0.4840477626460383, 0.2083987430932742], [0.21768310912392355, 0.2722442420518065, 0.09551394950619636, 0.4145586993180738], [0.2213221046060896, 0.29246354834303884, 0.22844574050399355, 0.25776860654687817], [0.6364834630871868, 0.1270306092895734, 0.06852259685700714, 0.16796333076623268], [0.20537626035448267, 0.24628360542430305, 0.09738366581738155, 0.4509564684038327], [0.28797085948859724, 0.2748464028171015, 0.16391604023153053, 0.2732666974627707], [0.14977281801572945, 0.32309091912331817, 0.1355324756824498, 0.39160378717850264], [0.18776946389075408, 0.2483761339781115, 0.3787724201190262, 0.18508198201210835], [0.2613743638777184, 0.4387542441209307, 0.09090168447887403, 0.20896970752247687], [0.2786262121185179, 0.2500233478873683, 0.2760127959954465, 0.19533764399866743], [0.21171991439333873, 0.21811223184994835, 0.11641454663402974, 0.45375330712268325], [0.11686086378280286, 0.14435558866286954, 0.17288047117565378, 0.5659030763786739], [0.11558310655365894, 0.16855442632051848, 0.5915417775321083, 0.12432068959371417], [0.33175641459543825, 0.14264746519996335, 0.21216780723745804, 0.31342831296714035], [0.13058968783674746, 0.1715138152380977, 0.5289067632357248, 0.16898973368942996], [0.39784983529098783, 0.27046079159573716, 0.13865938985891435, 0.19302998325436063], [0.33271225122552534, 0.2309873163189022, 0.1520699493840108, 0.2842304830715618], [0.23772516101810015, 0.21331128725216073, 0.3454695135210005, 0.20349403820873863], [0.08162449471972615, 0.16203480040041843, 0.6684897161120045, 0.08785098876785104], [0.21096880138764781, 0.3108892653406313, 0.09722543673104056, 0.3809164965406804], [0.3395820685112647, 0.16245025422540324, 0.3041751675970434, 0.1937925096662885], [0.1267252253704556, 0.16928509698139615, 0.2030256726707309, 0.5009640049774173], [0.36855872319147553, 0.18733240349217167, 0.16701237184079365, 0.27709650147555925], [0.24434992659497345, 0.3782887183057536, 0.15702974527519822, 0.2203316098240749], [0.16752142015681504, 0.3040676599216459, 0.1743735506990714, 0.3540373692224678], [0.37148211566601697, 0.2408706321409265, 0.1507192451985792, 0.2369280069944773], [0.169975702252287, 0.3321541562020747, 0.26090936579721147, 0.23696077574842683], [0.1534428482535365, 0.19455674575625345, 0.2859503209690701, 0.36605008502114006], [0.36366402600234643, 0.18134832701967457, 0.17754866404269812, 0.27743898293528096], [0.23334062659021293, 0.3088779503241421, 0.18552549538478608, 0.27225592770085877], [0.15206206356704788, 0.43005630643595383, 0.14472287239879275, 0.2731587575982055], [0.2286011800689339, 0.24217809029629983, 0.38127923511316986, 0.14794149452159647], [0.21214932747198956, 0.3936300250284971, 0.1514143583955435, 0.24280628910396984], [0.13980615521861126, 0.18633880924816976, 0.32936980278619404, 0.3444852327470249], [0.1834266138838543, 0.4984814389335554, 0.1795389738695941, 0.1385529733129963], [0.23182450015968298, 0.2149735684183399, 0.2784397901306638, 0.2747621412913135], [0.33001585292566143, 0.3203384795084239, 0.1116542887187061, 0.23799137884720847], [0.24202263230127397, 0.2591118790647554, 0.10015761540123427, 0.3987078732327364], [0.22315714161119737, 0.2729869605511111, 0.0998757978711214, 0.40398009996657036], [0.3329327567668872, 0.3841146178072507, 0.10717467786926048, 0.17577794755660175], [0.2048456233031923, 0.39843858342151517, 0.1080663434865654, 0.2886494497887271], [0.3547279273259956, 0.1952420036652911, 0.13244798458075252, 0.31758208442796093], [0.128365357782183, 0.34776299843989783, 0.0737502430093487, 0.45012140076857066], [0.07735568302962624, 0.154961427866579, 0.10477477956081592, 0.6629081095429789], [0.3618210905149475, 0.34976588391926217, 0.07722856631440841, 0.21118445925138207], [0.6595948025713211, 0.08750703908314005, 0.07815014232278861, 0.17474801602275022], [0.2640386100130694, 0.13540927645281103, 0.09814999177429111, 0.5024021217598286], [0.2700555217784528, 0.3248695655453041, 0.106393643816424, 0.29868126885981905], [0.34761963389656986, 0.250783567401849, 0.12889463214216493, 0.2727021665594162], [0.14678624965022838, 0.18546430377126738, 0.3734053186302115, 0.29434412794829273], [0.4737737313198947, 0.2066608815544639, 0.11190268381880421, 0.207662703306837], [0.18744102202963692, 0.16266204069404638, 0.14455705718765888, 0.5053398800886578], [0.12892488296131352, 0.27838665233970394, 0.4505468471702498, 0.1421416175287328], [0.23331023915354304, 0.3744565284771417, 0.10572019873621034, 0.286513033633105], [0.15178665642922454, 0.3172091684958155, 0.07476188287667818, 0.4562422921982819], [0.2859803045093254, 0.21015660723980037, 0.14639235380440702, 0.35747073444646726], [0.16579730309776577, 0.3088102042527603, 0.2293492405751377, 0.29604325207433624], [0.4538165742400488, 0.3097894844258964, 0.07911123534503305, 0.15728270598902183], [0.21216055877199977, 0.22902357870457843, 0.14010916193765155, 0.4187067005857704], [0.4672591714362019, 0.17354086630179902, 0.13413127054322802, 0.22506869171877097], [0.14162958436116402, 0.431404422655123, 0.04948393977072477, 0.37748205321298817], [0.11500777076824002, 0.21340479706744744, 0.39267774381391385, 0.2789096883503988], [0.33726446799683657, 0.21995533690469776, 0.16852536656118736, 0.2742548285372783], [0.15920934455943705, 0.2684382005249174, 0.09815054252713774, 0.47420191238850773], [0.2698800591700608, 0.38826765715242045, 0.10038262208247854, 0.24146966159504024], [0.11884292051546118, 0.17456606617354523, 0.6052822002769868, 0.1013088130340068], [0.22378899935981794, 0.4270059499090324, 0.14478127212736203, 0.20442377860378774], [0.4472981631595269, 0.18405747774337305, 0.08623569141826404, 0.28240866767883605], [0.23788629046416426, 0.39516907072962687, 0.17550445151681943, 0.19144018728938947], [0.2806463093171857, 0.23736137192274143, 0.20403331624147605, 0.27795900251859695], [0.29374076418679684, 0.3252525419548017, 0.15971583195964725, 0.2212908618987541], [0.2058829373760534, 0.13438069064643446, 0.10818653937435031, 0.5515498326031619], [0.7498840870348625, 0.09821640748265867, 0.05190789548098197, 0.09999161000149685], [0.16616953205617616, 0.22873174253384523, 0.20832448969009343, 0.39677423571988507], [0.2139344476672266, 0.4039182506258443, 0.07807809856632188, 0.3040692031406073], [0.12889203373785507, 0.22191755538797922, 0.16147703516807235, 0.48771337570609324], [0.1936381010552392, 0.3477803446069523, 0.19834442975726194, 0.2602371245805465], [0.3351111694946618, 0.1683200917070348, 0.09670235847742391, 0.39986638032087957], [0.22132751360533573, 0.21133858054641386, 0.12141603998702177, 0.44591786586122867], [0.2853775409932935, 0.2442629335564001, 0.2673267236185157, 0.2030328018317906], [0.08072564909494144, 0.3058475376225743, 0.10071275697292788, 0.5127140563095565], [0.22542533293618855, 0.38448829446442273, 0.17808071549993026, 0.21200565709945846], [0.3756808411554225, 0.23614474286585915, 0.09781814160577558, 0.2903562743729428], [0.4186849238837187, 0.10851272184110286, 0.36979114705607463, 0.10301120721910392], [0.140958911399218, 0.4444466179643089, 0.1432804984869063, 0.2713139721495668], [0.16612282843136975, 0.454745402818747, 0.1411322688074439, 0.23799949994243938], [0.16037237053497067, 0.30620020204040765, 0.10078768452845654, 0.43263974289616497], [0.39064824628745415, 0.15127240179433205, 0.25702542609932266, 0.20105392581889112], [0.31166601220575046, 0.26612811729072927, 0.1272848452971788, 0.2949210252063415], [0.10318494743053219, 0.30948290589573374, 0.409478321806975, 0.17785382486675916], [0.21409322889581758, 0.273816815499401, 0.10759735137947903, 0.4044926042253023], [0.3637529774013086, 0.212714263785282, 0.12968673424129884, 0.2938460245721108], [0.17874584231724858, 0.3096086590705962, 0.22151674507057195, 0.29012875354158335], [0.22244462735614856, 0.5013062791408498, 0.1083443437680223, 0.16790474973497935], [0.3475276293790284, 0.2074889783123082, 0.1562414037747728, 0.28874198853389066], [0.31128114809469515, 0.18826453927691264, 0.24731575639312245, 0.25313855623527], [0.16136184183913949, 0.34626167901195365, 0.3131503672505678, 0.17922611189833906], [0.2143455878432449, 0.24415084773613385, 0.2896126573303586, 0.2518909070902626], [0.17879284885352942, 0.34082049893369276, 0.20730895491687837, 0.27307769729589937], [0.19066869122969296, 0.30646971420508856, 0.08944227418129168, 0.41341932038392676], [0.20896704789462314, 0.2448662277337953, 0.20044059070124035, 0.3457261336703413], [0.5446262038648771, 0.16230907910450157, 0.0639650243883622, 0.22909969264225902], [0.19037727928561055, 0.2941481413542927, 0.11265902064746887, 0.4028155587126277], [0.2677159315279136, 0.22904662891674027, 0.30924348080612774, 0.19399395874921832], [0.17526880035871636, 0.40873382262381613, 0.22558200512640522, 0.19041537189106245], [0.4763536884422191, 0.1595308896010799, 0.19016664277382336, 0.17394877918287777], [0.27694520994507527, 0.23798164086530457, 0.06868406684944146, 0.4163890823401786], [0.20153477578470805, 0.18349605258472002, 0.09573353459062947, 0.5192356370399425]]}, "rewritten": {"ids": ["97105960", "97106600", "97106820", "97107260", "97112290", "97112300", "97116790", "98106680", "98106880", "98107210", "98108520", "98109090", "98110230", "98110710", "98111620", "98111860", "98112170", "98121790", "99107300", "99107560", "99107660", "99108310", "99108330", "99108460", "99109311", "99109840", "99113260", "99114890", "99116500", "99119830", "99121440", "100108520", "100109330", "100110260", "100116790", "100120010", "101110150", "101111140", "101111990", "101114990", "101115190", "102110890", "102113210", "102114270", "102117351", "103109021", "103110220", "103110840", "103111540", "103111620", "103113610", "103113640", "103117200", "103118291", "103120290", "103120340", "104109311", "104111880", "104112201", "105113210", "105113330", "105116650", "105116860", "105117200", "105117351", "105117431", "105118171", "105118230", "105119950", "105121190", "106111321", "106114321", "106115120", "106115240", "106116370", "106116850", "106119260", "106120290", "106121220", "107113170", "107113260", "107114110", "107114780", "107116340", "107118120", "107118780", "107119130", "107119390", "107121700", "108113480", "108113620", "108114180", "108114220", "108114670", "108115870", "108116120", "108117360", "108117610", "108118520", "108118630", "108118810", "109113931", "109115220", "109116040", "109116441", "109119460", "109119591", "109120540", "109120560", "109121351", "110114321", "110114651", "110115140", "110115890", "110116441", "110117080", "110118301", "110118450", "110118930", "110120540", "111114941", "111116640", "111120591", "111121351", "112116290", "112116501", "112117471", "112117571", "112117580", "112117660", "112118620", "112118820", "112119950", "112121360", "113118231", "113118421", "113119120", "113119930", "113120751", "113120830", "113121220", "113121810"], "labels": [2, 3, 1, 2, 1, 2, 2, 1, 0, 1, 2, 1, 3, 2, 3, 0, 3, 2, 3, 1, 3, 2, 1, 0, 1, 2, 0, 2, 2, 1, 2, 2, 0, 3, 2, 0, 1, 2, 2, 3, 1, 0, 3, 3, 1, 0, 2, 1, 1, 0, 2, 1, 0, 0, 2, 1, 3, 3, 0, 3, 3, 1, 2, 3, 0, 1, 3, 1, 3, 2, 0, 2, 1, 1, 2, 3, 1, 2, 1, 0, 0, 1, 2, 3, 3, 1, 1, 2, 3, 0, 3, 1, 3, 3, 3, 1, 1, 3, 0, 1, 1, 1, 3, 0, 3, 1, 0, 1, 1, 0, 1, 3, 0, 2, 3, 1, 1, 0, 1, 1, 0, 0, 1, 0, 0, 3, 3, 3, 0, 0, 3, 0, 0, 3, 3, 3, 3, 1, 1, 3, 3, 2], "predicted_labels": [3, 1, 3, 1, 1, 3, 3, 1, 3, 3, 1, 1, 1, 2, 1, 3, 2, 1, 0, 1, 3, 1, 1, 0, 0, 3, 3, 2, 2, 3, 1, 2, 3, 3, 0, 1, 3, 3, 3, 2, 1, 0, 1, 1, 1, 0, 2, 0, 0, 3, 2, 0, 3, 1, 1, 2, 3, 3, 1, 0, 0, 2, 1, 1, 1, 2, 1, 1, 3, 3, 3, 1, 3, 1, 3, 1, 0, 0, 3, 3, 0, 3, 1, 3, 3, 3, 1, 1, 1, 3, 1, 3, 0, 0, 1, 0, 3, 3, 3, 0, 1, 1, 3, 3, 0, 1, 1, 1, 3, 0, 0, 3, 3, 1, 3, 3, 0, 3, 3, 1, 0, 1, 0, 3, 0, 0, 0, 1, 1, 3, 1, 1, 0, 0, 3, 3, 3, 1, 0, 2, 3, 1], "confidence_scores": [[0.20763633054000605, 0.19167990733428536, 0.08329939986462088, 0.5173843622610877], [0.22585724014667105, 0.3342777324816849, 0.1479136785564958, 0.2919513488151484], [0.26670793195228715, 0.16995370733740994, 0.14519285193087, 0.41814550877943296], [0.1295341673010012, 0.3749195485782062, 0.36320278632550745, 0.13234349779528523], [0.19722639066648037, 0.40366905673663744, 0.0977920630628925, 0.3013124895339896], [0.28006630826019796, 0.25038829063750817, 0.16623669437772637, 0.30330870672456756], [0.24092796146111495, 0.24795527524371613, 0.11782767605950133, 0.3932890872356675], [0.21883297792873063, 0.3270808194790012, 0.1538288577030432, 0.3002573448892252], [0.18953178110187097, 0.1985751409535812, 0.16758082299432753, 0.4443122549502203], [0.12171769421441447, 0.24661409262486833, 0.12395347126142078, 0.5077147418992964], [0.24335786412069935, 0.31776592617303523, 0.16609664502334248, 0.272779564682923], [0.13114284775631913, 0.3920634081957033, 0.21187412627783692, 0.26491961777014067], [0.19962628969067203, 0.40144410039585543, 0.08713276086730355, 0.3117968490461691], [0.10831327916411372, 0.24623859299784656, 0.48330832222751013, 0.16213980561052957], [0.09094616634217584, 0.5554084531835252, 0.14527400290728953, 0.20837137756700955], [0.1764579003751907, 0.1912483319297085, 0.2609133637045974, 0.37138040399050354], [0.32060539358991424, 0.14983527499211471, 0.3228066192399582, 0.20675271217801283], [0.24927178993640686, 0.38673096218544, 0.12442038018046447, 0.23957686769768877], [0.47024750428395556, 0.1491973260780016, 0.13491839690821267, 0.24563677272983042], [0.2758643213267398, 0.3114363362691618, 0.10894502427819287, 0.3037543181259056], [0.28296963920496754, 0.10648635879310876, 0.1727563085256006, 0.4377876934763232], [0.21835076845409196, 0.35484272562228364, 0.2221135079865669, 0.20469299793705764], [0.2953677905012787, 0.3592274967006802, 0.1420380156086323, 0.20336669718940895], [0.3777887678105213, 0.20315019321314198, 0.15904550452278265, 0.26001553445355424], [0.6043779100247901, 0.14335822870843096, 0.11674260268600467, 0.13552125858077424], [0.18060148689210986, 0.24322539481604372, 0.2293981791377411, 0.34677493915410534], [0.19498033311933938, 0.18675151846297502, 0.16455498319737039, 0.45371316522031524], [0.24674223573073628, 0.2565803000068146, 0.2602433486140277, 0.23643411564842134], [0.1958647037515896, 0.21827905879809664, 0.38315669691691595, 0.20269954053339798], [0.30012064307720604, 0.21021274561486802, 0.1575813267098228, 0.3320852845981031], [0.11014517282635272, 0.5478346713824975, 0.2365815808087215, 0.10543857498242844], [0.23466448245729948, 0.21938062989695803, 0.28116140483764673, 0.2647934828080957], [0.18292554435990777, 0.3125516995361812, 0.16215890727625257, 0.34236384882765847], [0.23508928261669854, 0.2811118463042095, 0.1572863652230747, 0.3265125058560172], [0.302859973346131, 0.22741850798204755, 0.24332744673960643, 0.22639407193221503], [0.22272104063183507, 0.37503202126731555, 0.22163372227427255, 0.18061321582657686], [0.23448045190554495, 0.3431658676375917, 0.06778369945492149, 0.354569981001942], [0.18713369142242733, 0.2659429478068829, 0.2569249001455658, 0.289998460625124], [0.21010016479943874, 0.292184567223748, 0.19588682094425464, 0.3018284470325585], [0.1851748224184946, 0.23172852278728634, 0.423806180904883, 0.1592904738893361], [0.16130964385825208, 0.4158989304272064, 0.11723324112338117, 0.3055581845911604], [0.35659603452389965, 0.1690626041650468, 0.11925477514205302, 0.35508658616900063], [0.24528680233275327, 0.41349486300152327, 0.15841355811642782, 0.1828047765492956], [0.12025185482748035, 0.4075491299356272, 0.14098754743465472, 0.3312114678022378], [0.39623474446988066, 0.40745868526876716, 0.057062456929409755, 0.13924411333194237], [0.4978246543961002, 0.2545641163042836, 0.08669800379892112, 0.16091322550069503], [0.25778093760071963, 0.1745943979543082, 0.30917279288693833, 0.258451871558034], [0.3484717547708728, 0.2674230643064961, 0.08387140664829472, 0.3002337742743365], [0.4327456644197565, 0.1531327772478124, 0.1405905402484151, 0.27353101808401614], [0.12297985578801543, 0.2946089628761464, 0.2197381029554657, 0.3626730783803726], [0.19874883375573904, 0.1489389426582134, 0.4685241259843809, 0.1837880976016667], [0.5693764024343442, 0.08385206063305174, 0.054373037206211165, 0.29239849972639304], [0.16879408404101615, 0.2755699161918774, 0.20668679406419707, 0.34894920570290944], [0.31045257625357453, 0.3116250884330592, 0.10987828883337901, 0.26804404647998725], [0.19286704104124872, 0.3295507835072782, 0.3038857521469416, 0.17369642330453153], [0.15012228072078693, 0.2301915282123829, 0.4375449168034911, 0.18214127426333918], [0.14609585409371795, 0.31587962174088036, 0.07918817979876827, 0.45883634436663345], [0.3068535686313277, 0.21985087208536547, 0.14906140609220297, 0.3242341531911039], [0.2715643794553145, 0.3201818443140261, 0.13603267247711637, 0.272221103753543], [0.33900569028815947, 0.2679991718668746, 0.12861763328292136, 0.2643775045620445], [0.5713156149679025, 0.15729874851391856, 0.07628702677505855, 0.1950986097431203], [0.12352837061034644, 0.24447314821986105, 0.32927616565683776, 0.3027223155129547], [0.13383869725224903, 0.4860373410988605, 0.0869360489928649, 0.2931879126560255], [0.2744986803937464, 0.33707451193523363, 0.1574533709541375, 0.23097343671688247], [0.15735314323249674, 0.4215515157047101, 0.18670290304225787, 0.23439243802053547], [0.13060268300729547, 0.21212273899875078, 0.37276887019792204, 0.28450570779603174], [0.3027137101553632, 0.3338268167453219, 0.12762401637001902, 0.23583545672929593], [0.2234953708650193, 0.38139727755204667, 0.1719435771859364, 0.22316377439699758], [0.17853944858756807, 0.2190577917651927, 0.2583883167765094, 0.34401444287072985], [0.2046731855094923, 0.24889543825481764, 0.27283868344446616, 0.2735926927912239], [0.21855542295439795, 0.21500538586352302, 0.08160992184200175, 0.48482926934007753], [0.10039917566169529, 0.43284293162257453, 0.34318923799268575, 0.12356865472304446], [0.1943117269775455, 0.1615618806246643, 0.10785637829226671, 0.5362700141055234], [0.1409690574080313, 0.37593293471809386, 0.24554725146709405, 0.2375507564067809], [0.21372015347245965, 0.20288556028461358, 0.14520281442405342, 0.4381914718188735], [0.12308216297448794, 0.379040074351479, 0.11956789540380201, 0.3783098672702311], [0.47505702678170897, 0.19165292362923278, 0.08690322080423467, 0.24638682878482354], [0.37053559998766006, 0.2061674220590073, 0.21334659257025793, 0.2099503853830749], [0.11991129587197716, 0.3670548569484045, 0.1250260022098062, 0.38800784496981217], [0.2861356469389187, 0.2390904533362689, 0.13584386620714597, 0.33893003351766643], [0.5446536827666268, 0.16070740501524514, 0.1202303970971404, 0.17440851512098757], [0.26139319232044145, 0.18221304195908844, 0.133535937800873, 0.42285782791959703], [0.1642613067851962, 0.40797797284429627, 0.2497870568882857, 0.17797366348222202], [0.2256497143919458, 0.2799343038403728, 0.18992588330627053, 0.30449009846141095], [0.22455642666247116, 0.26763443198701886, 0.16955725197344093, 0.33825188937706896], [0.20811566482689062, 0.25161412587315246, 0.12138006465867607, 0.41889014464128094], [0.17527793707788203, 0.3382842733348173, 0.3261004129004859, 0.16033737668681475], [0.19919223599336255, 0.36556834258726567, 0.1662170031314029, 0.2690224182879691], [0.19840579120783836, 0.3785413953056882, 0.2577934615732205, 0.16525935191325297], [0.0733566880528757, 0.10518168338663933, 0.12852602484428916, 0.6929356037161959], [0.254291673815441, 0.39784073513649076, 0.1386774258382592, 0.2091901652098092], [0.29508344383796925, 0.2457245690673008, 0.11907134587902034, 0.3401206412157095], [0.34786539117361204, 0.18461499562987002, 0.27685052188754944, 0.1906690913089685], [0.4041103104298859, 0.23333494083093037, 0.0918447635556167, 0.270709985183567], [0.16440832699585897, 0.43357269116223357, 0.14614082577814516, 0.2558781560637624], [0.38110373116775265, 0.19261450076324121, 0.1667541841240122, 0.259527583944994], [0.19462229280229515, 0.268408835873293, 0.26690946342938954, 0.2700594078950222], [0.2167688126140632, 0.1657272548652488, 0.13860934438852238, 0.4788945881321656], [0.1738170995972488, 0.12382551110430086, 0.12739916293624545, 0.5749582263622048], [0.3096213414692712, 0.19958172508260866, 0.18902614040338528, 0.30177079304473486], [0.22904575102372315, 0.3055359962120488, 0.17180530281382664, 0.2936129499504014], [0.2665693663416073, 0.3759851755773794, 0.12134997657272976, 0.23609548150828363], [0.16471059202719332, 0.1557392095775976, 0.11451919411755315, 0.565031004277656], [0.16941798367926794, 0.2565767244642864, 0.20005954999086079, 0.3739457418655849], [0.5728897180550019, 0.14542135952578425, 0.06760272508828616, 0.21408619733092787], [0.2878589305302023, 0.35098442968152843, 0.20122472400852093, 0.15993191577974833], [0.22722046303377663, 0.38719721817177627, 0.14710610822550466, 0.23847621056894253], [0.2141336397991516, 0.3028889333817446, 0.2032506149032719, 0.27972681191583176], [0.19902573404231283, 0.311700772027708, 0.1285829665998271, 0.3606905273301522], [0.5133089107009813, 0.20982953373981478, 0.14122280747336172, 0.1356387480858423], [0.41241618306289457, 0.17449229855845755, 0.19904693292883519, 0.21404458544981256], [0.18062673896813985, 0.2791145579524627, 0.0737581823160438, 0.46650052076335374], [0.20828449427578763, 0.11479159666342977, 0.06418515910743293, 0.6127387499533495], [0.30018334952266384, 0.3546424666284953, 0.10345524025398341, 0.24171894359485752], [0.2851404247822777, 0.23509500160434244, 0.1379792151477831, 0.3417853584655969], [0.23727288946029335, 0.20829333266330236, 0.14297784653855744, 0.411455931337847], [0.33821240518592066, 0.27827272674862896, 0.11872472432542883, 0.26479014374002163], [0.18309397087138118, 0.19946342932585798, 0.2238581300246033, 0.39358446977815764], [0.13280404233401072, 0.1972448567811915, 0.10123669825790116, 0.5687144026268967], [0.28818827693663607, 0.4028723873807759, 0.1307217685996666, 0.17821756708292125], [0.40345909820760856, 0.31563415537152295, 0.09364565530341919, 0.18726109111744935], [0.19043352982627518, 0.38325064071809717, 0.2345356542737519, 0.19178017518187584], [0.5065036397086472, 0.1893851474295214, 0.08403051005978864, 0.22008070280204295], [0.24916832430887167, 0.25277677734398823, 0.09273174454364794, 0.40532315380349215], [0.5149963556542825, 0.16186462380311167, 0.11025678203997878, 0.21288223850262694], [0.3354421924442525, 0.2918342514316858, 0.13783568783681252, 0.23488786828724945], [0.46835633703402585, 0.2762848996366523, 0.06016492439807823, 0.1951938389312437], [0.16513789307589885, 0.37727667226240635, 0.10439076447491116, 0.35319467018678374], [0.2611274954235603, 0.3476249270403416, 0.17628965493755305, 0.21495792259854526], [0.24630574063363006, 0.21483694629721956, 0.10423079447725422, 0.4346265185918961], [0.27034881163678065, 0.37707944558800416, 0.16847123345205306, 0.18410050932316208], [0.19953391431171102, 0.42529899926278814, 0.13683373661740453, 0.23833334980809628], [0.40881662411184017, 0.24938456403273698, 0.07060388114529965, 0.27119493071012307], [0.46843364250814745, 0.27751308208436726, 0.09279286033819008, 0.16126041506929512], [0.2123638856766023, 0.2364716015043319, 0.11992847233104975, 0.4312360404880161], [0.26693958912515614, 0.1970972483091074, 0.2513170017182982, 0.28464616084743827], [0.20067855281597585, 0.1963278853129406, 0.12291520052546939, 0.4800783613456141], [0.19158482899802534, 0.3691780485575573, 0.16052990319290975, 0.2787072192515077], [0.38343722112172385, 0.20107564369953745, 0.0975940056344464, 0.31789312954429233], [0.12178787422929611, 0.06495738421503719, 0.7106341369928261, 0.10262060456284088], [0.2561334409017379, 0.14121912002705364, 0.12606393787938386, 0.47658350119182463], [0.26221016991661683, 0.3169607719719318, 0.2135326101387559, 0.2072964479726954]]}}