{"test": {"ids": ["110118301", "108121160", "112116810", "97112300", "110118450", "99112300", "97105960", "113119950", "107113180", "110118880", "99107660", "104117200", "107121540", "100112060", "99109141", "109119460", "112117461", "102111990", "113122430", "106120290", "106118301", "111116750", "101109000", "109119340", "102109010", "107120130", "111115400", "113120601", "101110200", "109121640", "97107920", "106118520", "98109311", "102113210", "109114030", "112119500", "107113360", "111120190", "105119950", "101108290", "113122190", "110116441", "101111310", "107118780", "113120260", "112119120", "113118490", "97107681", "98106111", "100113210", "105110251", "111120220", "103120531", "100110260", "112116451", "98120530", "111118820", "99109860", "108114360", "99107950", "110120560", "113118111", "103112470", "102117351", "111120591", "113122170", "113122230", "99108080", "110118810", "108114040", "110114610", "105117431", "103111540", "109117431", "112119930", "110113591", "113120640", "109119010", "108117720", "113119930", "98106880", "113121680", "102112170", "110120540", "99109840", "109115211", "99110730", "104111380", "102112030", "112119610", "110115890", "97108520", "108114200", "109116930", "105121190", "101108460", "102109840", "111117571", "105113260", "112117030", "113120531", "108113740", "97116790", "98109230", "112116850", "103120730", "108114670", "106114321", "106116850", "105115250", "108115500", "112119950", "108121410", "106113830", "110114651", "103111990", "105120280", "99119830", "102109850", "113118810", "112116990", "113120780", "111118910", "113118630", "103113270", "101111620", "98111231", "109116040", "103120780", "105116501", "110117110", "97112830", "106117650", "104119290", "100109360", "110120640", "101111210", "103120340", "98108410", "113119450", "103117461", "100109000"], "labels": [1, 2, 3, 2, 0, 0, 2, 0, 3, 0, 3, 3, 2, 2, 3, 1, 0, 2, 2, 2, 1, 3, 1, 3, 1, 2, 0, 2, 2, 0, 0, 2, 1, 3, 1, 2, 0, 3, 3, 0, 1, 3, 3, 1, 3, 1, 1, 3, 0, 0, 0, 3, 3, 3, 0, 1, 0, 2, 1, 1, 0, 1, 1, 1, 1, 1, 1, 3, 1, 0, 1, 1, 1, 1, 1, 0, 0, 3, 1, 1, 0, 1, 3, 1, 2, 0, 3, 3, 2, 0, 2, 2, 0, 0, 2, 0, 2, 3, 3, 2, 0, 3, 2, 1, 0, 1, 3, 2, 3, 2, 3, 0, 0, 1, 3, 2, 3, 1, 1, 3, 0, 0, 0, 3, 2, 3, 1, 0, 1, 1, 0, 2, 1, 1, 0, 0, 2, 1, 1, 3, 0, 1], "predicted_labels": [1, 3, 3, 1, 1, 3, 3, 3, 3, 3, 1, 3, 1, 1, 1, 1, 3, 0, 3, 1, 3, 3, 3, 0, 3, 1, 3, 1, 1, 3, 0, 3, 3, 0, 3, 1, 3, 1, 0, 0, 3, 1, 1, 3, 1, 3, 1, 3, 1, 3, 3, 3, 1, 3, 0, 3, 0, 1, 1, 1, 3, 3, 1, 0, 3, 3, 1, 3, 3, 3, 1, 1, 1, 1, 1, 3, 1, 3, 3, 0, 3, 3, 0, 1, 3, 3, 3, 3, 3, 1, 1, 1, 0, 3, 1, 0, 1, 1, 1, 1, 3, 3, 1, 3, 3, 3, 3, 0, 3, 1, 3, 3, 1, 3, 3, 1, 3, 1, 1, 3, 0, 3, 3, 3, 3, 3, 1, 3, 1, 3, 1, 3, 1, 3, 3, 3, 3, 3, 1, 3, 0, 3], "confidence_scores": [[0.24593352970558857, 0.29595142561686677, 0.1622847821038611, 0.29583026257368367], [0.2494051226551226, 0.2758685619935621, 0.15390775890775893, 0.3208185564435564], [0.23994307081807087, 0.26989101870351884, 0.21529626623376624, 0.2748696442446443], [0.24057990620490627, 0.28191967754467756, 0.20339868464868463, 0.27410173160173157], [0.23546926684426683, 0.30069860694860695, 0.200161075036075, 0.26367105117105116], [0.25462151737151745, 0.26963250148544277, 0.19153429005634892, 0.28421169108669114], [0.22540945165945167, 0.2618736631016043, 0.192794266191325, 0.319922619047619], [0.2780334069525246, 0.2577825785325786, 0.16088455988455988, 0.3032994546303371], [0.18870851370851366, 0.271199605949606, 0.2350958485958485, 0.30499603174603174], [0.22967061410811418, 0.28032244144744145, 0.13258539377289377, 0.35742155067155074], [0.21380992618492628, 0.27070604395604386, 0.2689880258630259, 0.2464960039960041], [0.2434154179154179, 0.2472937617937618, 0.19390535853035856, 0.3153854617604617], [0.24179215229215234, 0.3037543983793984, 0.1548205128205128, 0.2996329365079365], [0.2506500166500167, 0.2605170662670663, 0.23583268120768117, 0.253000235875236], [0.27024362443112443, 0.2923204711954713, 0.19190424159174163, 0.2455316627816628], [0.25276129426129423, 0.2989807137307138, 0.19188299200799197, 0.256375], [0.26869253663003667, 0.17021809696151802, 0.18024670212828112, 0.3808426642801645], [0.3025564574314574, 0.24959844322344327, 0.15818435730935732, 0.2896607420357421], [0.1867873882653294, 0.2955260295260296, 0.18804336431542318, 0.329643217893218], [0.19343618881118874, 0.28351941114441115, 0.2525608419358419, 0.270483558108558], [0.28438847263847267, 0.23847680097680096, 0.16889656177156176, 0.3082381646131646], [0.2887707431457431, 0.2291823780794369, 0.16722270784770782, 0.3148241709271123], [0.2247269536019536, 0.2273571983571983, 0.23746631146631142, 0.31044953657453656], [0.2693383838383838, 0.22440169552669553, 0.2579004329004329, 0.2483594877344877], [0.26643837412587407, 0.26676215451215457, 0.15716326728826727, 0.3096362040737041], [0.24411176323676323, 0.31042742878037005, 0.22417215219421102, 0.22128865578865575], [0.2981319791319791, 0.2435440670440671, 0.14390362415362412, 0.3144203296703296], [0.2456184787434787, 0.35109289321789333, 0.1610371850371851, 0.24225144300144308], [0.21724161255411256, 0.319050955988456, 0.18774638300296195, 0.27596104845446956], [0.23967309079809088, 0.280259213009213, 0.19882581307581304, 0.2812418831168832], [0.3344404761904762, 0.18412103174603175, 0.20416282328782331, 0.27727566877566884], [0.27543849206349214, 0.24967839105339118, 0.1388501082251082, 0.33603300865800867], [0.23825156787656784, 0.21179551004550998, 0.22429107004107, 0.3256618520368521], [0.304699044011544, 0.26138569763569763, 0.1857550505050505, 0.24816020784770781], [0.25070337995338, 0.2744780636030636, 0.18510168997668994, 0.28971686646686656], [0.1831718975468976, 0.3686112914862914, 0.25856890331890325, 0.18964790764790762], [0.25134612609612605, 0.26635501998002, 0.18882580358238246, 0.2934730503414715], [0.22517267454767453, 0.30777664002664, 0.18202669552669545, 0.2850239898989901], [0.27985750360750355, 0.2610238095238095, 0.20733189033189034, 0.25178679653679653], [0.3326369047619048, 0.24957404401154404, 0.15043470418470417, 0.26735434704184713], [0.21695945027195024, 0.27065468763262884, 0.1872614379084967, 0.32512442418692417], [0.20716156066156066, 0.329081043956044, 0.1827453102453102, 0.28101208513708525], [0.2631031746031746, 0.30937698412698417, 0.12683531746031745, 0.3006845238095239], [0.26991697191697195, 0.26563130619380626, 0.16835622710622705, 0.2960954947829949], [0.2259550865800865, 0.35000487012987014, 0.16151316738816734, 0.26252687590187596], [0.23797312409812413, 0.24071578421578416, 0.1962594488844489, 0.32505164280164295], [0.2616933066933068, 0.303748556998557, 0.15744715007215007, 0.27711098623598635], [0.1894397546897546, 0.240929507992008, 0.19619296675546674, 0.3734377705627707], [0.21561531524031521, 0.3010973332223333, 0.2487352092352093, 0.2345521423021423], [0.2668702547452547, 0.21634469696969702, 0.175916847041847, 0.3408682012432013], [0.28097104978354975, 0.27335425685425696, 0.1227381854256854, 0.32293650793650813], [0.2670061882561882, 0.2938075396825397, 0.13443272005772008, 0.304753552003552], [0.23724080086580085, 0.3328464174714176, 0.1556702464202464, 0.2742425352425353], [0.2837124582933406, 0.22599842396165923, 0.18325942521530755, 0.30702969252969253], [0.32813048063048056, 0.25904517704517704, 0.1708241758241758, 0.2420001665001665], [0.28827290275084394, 0.23057539682539685, 0.1704496247216835, 0.3107020757020758], [0.30909758297258305, 0.2835065001433035, 0.15944957850027508, 0.24794633838383842], [0.20019638000888001, 0.29749412393162394, 0.21052439227439237, 0.2917851037851039], [0.1884832251082251, 0.3096727994227994, 0.20630706793206802, 0.29553690753690753], [0.16993019480519483, 0.2973827561327563, 0.2822959956709957, 0.2503910533910534], [0.2474510309951487, 0.28506574389662626, 0.1539303751803752, 0.31355284992785], [0.27198611111111126, 0.26830772005772, 0.13066847041847038, 0.3290376984126984], [0.21246554834054832, 0.3125781024531025, 0.23207660395160395, 0.24287974525474532], [0.2992121905871907, 0.2726459235209236, 0.15002927627927626, 0.27811260961260975], [0.24304197885447887, 0.2641044511044511, 0.1946394993894995, 0.29821407065157063], [0.18573069985569987, 0.2900349372849373, 0.18378084415584406, 0.3404535187035188], [0.21184145021645023, 0.32142045454545454, 0.20224927849927848, 0.26448881673881663], [0.270829170829171, 0.2153666611166611, 0.21464652014652014, 0.2991576479076479], [0.251756562881563, 0.24507954545454552, 0.1524666860916861, 0.35069720557220563], [0.22287037962037956, 0.24582189542483665, 0.18556151283357158, 0.34574621212121204], [0.17328470140970137, 0.35651308413808414, 0.25354797979797983, 0.21665423465423467], [0.2515555694305695, 0.29983320845820843, 0.16173490398490398, 0.2868763181263181], [0.26194913419913424, 0.29271295371295375, 0.17622481684981683, 0.2691130952380953], [0.1748789127539127, 0.3439454156954158, 0.2102943722943723, 0.2708812992562992], [0.21950364912864914, 0.29925248362748375, 0.20816269841269844, 0.2730811688311689], [0.25060743831332066, 0.2811254635886989, 0.17360843731431966, 0.2946586607836608], [0.3054882119514474, 0.30549462057550303, 0.1371051587301587, 0.2519120087428911], [0.18971221139971142, 0.21382350288600294, 0.2334237706737707, 0.3630405150405151], [0.16590674603174602, 0.27798502886002885, 0.15530375180375178, 0.40080447330447344], [0.2903434343434344, 0.2871997495968084, 0.14987350149850143, 0.27258331456125573], [0.2411594516594517, 0.21502435064935072, 0.2195171356421357, 0.3242990620490621], [0.20868036824286837, 0.24656923142217266, 0.17591522366522372, 0.3688351766697355], [0.32398852536352535, 0.1791855158730159, 0.21095396964146965, 0.2858719891219892], [0.23373629148629152, 0.2827101232101232, 0.26362909312909316, 0.2199244921744923], [0.218835372960373, 0.30109198644492763, 0.16556865356865352, 0.31450398702604593], [0.22053823953823953, 0.24169540182040183, 0.19847619047619036, 0.33929016816516805], [0.22916203241203245, 0.2711901570651571, 0.19855169830169828, 0.30109611222111227], [0.23543696173107936, 0.26043989752077995, 0.21343320568320567, 0.290689935064935], [0.25955573593073594, 0.2766664862914863, 0.17418885281385282, 0.289588924963925], [0.2568371142746143, 0.28424653380245485, 0.2196383382699173, 0.23927801365301377], [0.19538021700521704, 0.3178496274966864, 0.193903971028971, 0.2928661844691257], [0.22687566600066605, 0.27878751803751806, 0.22116468253968244, 0.2731721334221335], [0.29508910533910543, 0.28034109895952, 0.17972834548492436, 0.24484145021645026], [0.24254051504051508, 0.24572191697191698, 0.22250234487734474, 0.28923522311022315], [0.21516888258800018, 0.31063447663447663, 0.26162975912975917, 0.21256688164776402], [0.2893600288600288, 0.25643722943722935, 0.18810407647907654, 0.2660986652236653], [0.20161519036519038, 0.3152243173493174, 0.20492840492840503, 0.2782320873570875], [0.27500889388389393, 0.2965432345432346, 0.16715084915084916, 0.2612970224220224], [0.2607299852924853, 0.2689987026862027, 0.20644153069153073, 0.26382978132978135], [0.22232575757575768, 0.30995364357864363, 0.20689303751803756, 0.2608275613275613], [0.22255595099345105, 0.28279979946524064, 0.19645588235294129, 0.29818836718836716], [0.3107082431457432, 0.23359976828726828, 0.13968389943389936, 0.31600808913308914], [0.2175019841269841, 0.3154961522395734, 0.23231986507644403, 0.2346819985569986], [0.22795869408369415, 0.24117348909260675, 0.2572725648534471, 0.2735952519702521], [0.2447662337662338, 0.25037445887445886, 0.1830182178932179, 0.3218410894660896], [0.2866722444222445, 0.25716763302057427, 0.15832778822484703, 0.2978323343323344], [0.25920682095682085, 0.2699663114663115, 0.19982929570429575, 0.2709975718725719], [0.27051172438672444, 0.23424053030303027, 0.23847059884559882, 0.2567771464646465], [0.22368629573041335, 0.24386724386724382, 0.21371554834054837, 0.3187309120617943], [0.2546035353535354, 0.27910690698190693, 0.19404496891996895, 0.27224458874458873], [0.25147089022089025, 0.27421323121323127, 0.15175400038557935, 0.32256187818029913], [0.2976232121636534, 0.23124565508021383, 0.16347601010101007, 0.3076551226551227], [0.2834202741702741, 0.31336236679986673, 0.1451046384171384, 0.2581127206127207], [0.23192839105339114, 0.252857559107559, 0.19054738317238315, 0.32466666666666666], [0.19161002886002884, 0.28857196969696974, 0.14366684704184698, 0.37615115440115454], [0.22299254911754904, 0.3313862665112665, 0.18298694361194356, 0.2626342407592408], [0.19855176767676766, 0.24894253173297304, 0.23884898924604805, 0.31365671134421136], [0.17923963536463536, 0.32378336940836944, 0.2284612470862471, 0.26851574814074813], [0.20370575258075263, 0.3360747585747586, 0.2716893661893662, 0.18853012265512267], [0.25294350094350093, 0.2798458208458209, 0.1856238067488068, 0.28158687146187145], [0.3209263375513376, 0.22529628960221074, 0.18064237589895488, 0.27313499694749693], [0.21300613275613273, 0.275738331113331, 0.15937728937728937, 0.3518782467532467], [0.18457323232323233, 0.2710000000000001, 0.17307282994783, 0.3713539377289377], [0.21906535131535138, 0.2816673375643963, 0.15995075757575752, 0.33931655354449475], [0.2627546897546898, 0.22063023088023093, 0.20260005272505277, 0.3140150266400267], [0.2708068181818184, 0.23945609129432668, 0.199157138613021, 0.2905799519108343], [0.2809985521014933, 0.3034517337237926, 0.16902260239760236, 0.24652711177711176], [0.21422132034632035, 0.27197637085137083, 0.18752561327561326, 0.3262766955266956], [0.20467768342768344, 0.3472393578643579, 0.15228089016246915, 0.2958020685454897], [0.24567273004773008, 0.2793410295844505, 0.12430357581015473, 0.35068266455766467], [0.22266713352007478, 0.27169137806637805, 0.2669088044308633, 0.23873268398268394], [0.25079137529137535, 0.24036213786213792, 0.17743625818625822, 0.33141022866022884], [0.24021676934176933, 0.3093032106782107, 0.1559514097014096, 0.2945286102786104], [0.19322358197358194, 0.2548251981936193, 0.21907587295745196, 0.33287534687534687], [0.2677844516594517, 0.2013408189033189, 0.2175754870129871, 0.31329924242424245], [0.20550222000222007, 0.24741112563906684, 0.24070580808080805, 0.3063808462779052], [0.2534355158730159, 0.23337331674173786, 0.21302982178640073, 0.30016134559884566], [0.2577157287157286, 0.2607068160597572, 0.19654858570222342, 0.28502886952229056], [0.22726857864357872, 0.3108337495837496, 0.19428733766233777, 0.26761033411033425], [0.2684517843267844, 0.2581247294372294, 0.16278663697413698, 0.3106368492618492], [0.305522422022422, 0.2531351010101011, 0.18066804029304032, 0.26067443667443674], [0.22603116328116332, 0.24296704684204687, 0.23287198912198914, 0.2981298007548007]]}, "rewritten": {"ids": ["97105960", "97107681", "97107920", "97108520", "97112300", "97112830", "97116790", "98106111", "98106880", "98108410", "98109230", "98109311", "98111231", "98120530", "99107660", "99107950", "99108080", "99109141", "99109840", "99109860", "99110730", "99112300", "99119830", "100109000", "100109360", "100110260", "100112060", "100113210", "101108290", "101108460", "101109000", "101110200", "101111210", "101111310", "101111620", "102109010", "102109840", "102109850", "102111990", "102112030", "102112170", "102113210", "102117351", "103111540", "103111990", "103112470", "103113270", "103117461", "103120340", "103120531", "103120730", "103120780", "104111380", "104117200", "104119290", "105110251", "105113260", "105115250", "105116501", "105117431", "105119950", "105120280", "105121190", "106113830", "106114321", "106116850", "106117650", "106118301", "106118520", "106120290", "107113180", "107113360", "107118780", "107120130", "107121540", "108113740", "108114040", "108114200", "108114360", "108114670", "108115500", "108117720", "108121160", "108121410", "109114030", "109115211", "109116040", "109116930", "109117431", "109119010", "109119340", "109119460", "109121640", "110113591", "110114610", "110114651", "110115890", "110116441", "110117110", "110118301", "110118450", "110118810", "110118880", "110120540", "110120560", "110120640", "111115400", "111116750", "111117571", "111118820", "111118910", "111120190", "111120220", "111120591", "112116451", "112116810", "112116850", "112116990", "112117030", "112117461", "112119120", "112119500", "112119610", "112119930", "112119950", "113118111", "113118490", "113118630", "113118810", "113119450", "113119930", "113119950", "113120260", "113120531", "113120601", "113120640", "113120780", "113121680", "113122170", "113122190", "113122230", "113122430"], "labels": [2, 3, 0, 2, 2, 2, 2, 0, 0, 1, 1, 1, 1, 1, 3, 1, 3, 3, 2, 2, 3, 0, 1, 1, 0, 3, 2, 0, 0, 0, 1, 2, 2, 3, 3, 1, 2, 1, 2, 2, 3, 3, 1, 1, 2, 1, 2, 0, 1, 3, 1, 1, 3, 3, 1, 0, 3, 2, 1, 1, 3, 3, 2, 1, 2, 3, 1, 1, 2, 2, 3, 0, 1, 2, 2, 3, 0, 0, 1, 3, 3, 1, 2, 0, 1, 0, 0, 0, 1, 3, 3, 1, 0, 0, 1, 3, 2, 3, 0, 1, 0, 1, 0, 1, 0, 0, 0, 3, 3, 0, 0, 3, 3, 1, 0, 3, 0, 0, 2, 0, 1, 2, 0, 1, 0, 1, 1, 3, 3, 3, 1, 0, 3, 0, 2, 0, 0, 1, 1, 1, 1, 2], "predicted_labels": [1, 3, 0, 1, 3, 3, 0, 1, 3, 0, 3, 3, 3, 0, 0, 1, 3, 1, 3, 3, 0, 3, 3, 3, 3, 0, 0, 3, 3, 3, 0, 1, 3, 1, 3, 3, 1, 1, 0, 3, 0, 0, 3, 3, 3, 0, 3, 3, 3, 3, 3, 3, 3, 3, 3, 3, 3, 3, 3, 3, 3, 3, 1, 0, 3, 1, 1, 0, 0, 1, 2, 3, 3, 3, 0, 0, 3, 0, 1, 0, 3, 3, 3, 3, 1, 3, 3, 3, 1, 3, 0, 0, 0, 1, 3, 3, 3, 3, 3, 1, 1, 0, 3, 2, 3, 3, 0, 3, 0, 3, 3, 3, 1, 3, 0, 0, 3, 0, 3, 3, 0, 1, 1, 1, 3, 3, 3, 3, 3, 0, 3, 0, 3, 0, 3, 0, 3, 3, 3, 3, 1, 1], "confidence_scores": [[0.22389267676767677, 0.2953797215856039, 0.20168332596196373, 0.27904427568475554], [0.18882711732711732, 0.20449706053750172, 0.2405627428127428, 0.36611307932263815], [0.34193394105894126, 0.23335880785880786, 0.17773022810522807, 0.2469770229770231], [0.2564801268992446, 0.2802117604617605, 0.1977204184704185, 0.26558769416857664], [0.2512765151515152, 0.26467539405039403, 0.21525876900876903, 0.2687893217893218], [0.2240630203130203, 0.24298556998557008, 0.17631594794094788, 0.35663546176046185], [0.29569973082473083, 0.2542140498390498, 0.17404004329004322, 0.27604617604617604], [0.22769030969030976, 0.3105200216450217, 0.22982492507492513, 0.23196474358974364], [0.212054057054057, 0.2380560224089636, 0.22867260313216195, 0.3212173174048175], [0.29343105505605516, 0.27698339160839164, 0.1627180042180042, 0.2668675491175491], [0.23679307783719547, 0.26042553688141923, 0.23502326839826837, 0.26775811688311696], [0.2264772727272727, 0.25061673946968066, 0.2373238566988567, 0.28558213110418995], [0.27453259240759254, 0.27924669774669786, 0.15285076035076034, 0.2933699494949495], [0.3163626373626373, 0.1974047708827121, 0.17016070530776412, 0.3160718864468865], [0.30763371350871355, 0.183887543012543, 0.23888168081918093, 0.26959706265956274], [0.1720854978354978, 0.3168934676434677, 0.25156836219336226, 0.2594526723276724], [0.27210748973248977, 0.2712042124542125, 0.18294477744477747, 0.2737435203685203], [0.28392329892329893, 0.2850575951825953, 0.16096524309024304, 0.27005386280386284], [0.18289087301587303, 0.30153596403596405, 0.1955777972027972, 0.3199953657453658], [0.20780537518037523, 0.28237914862914854, 0.2173558802308802, 0.29245959595959603], [0.28186278998778996, 0.24341720779220785, 0.20624476911976905, 0.2684752331002332], [0.268356351981352, 0.21739175611969724, 0.17887000989206872, 0.33538188200688196], [0.25367522061272074, 0.2729670676545677, 0.16326093351093351, 0.3100967782217783], [0.21915710678210676, 0.24189414751914756, 0.2340026917526918, 0.3049460539460539], [0.24669754551004552, 0.20607346819846817, 0.24515925047175052, 0.30206973581973584], [0.3049966977466977, 0.21463166000665995, 0.1758451964701965, 0.30452644577644583], [0.33204059829059823, 0.23240397102897117, 0.18222312409812402, 0.2533323065823066], [0.27938757076257076, 0.23410371776915895, 0.16013329521785402, 0.32637541625041633], [0.3097300101858926, 0.21724443489517017, 0.15118185001273227, 0.321843704906205], [0.1834174575424575, 0.2861939033189033, 0.1814962676212676, 0.3488923715173717], [0.30430835830835823, 0.2279398101898102, 0.16838102869352872, 0.2993708028083028], [0.22251810689310692, 0.3578988095238095, 0.16022714785214784, 0.25935593573093585], [0.2622071608946608, 0.24072096908939017, 0.19092008430166324, 0.3061517857142858], [0.28595827783327776, 0.30192106504606514, 0.1698050699300699, 0.2423155871905872], [0.24602777777777782, 0.23504196375519912, 0.19490118623206862, 0.3240290722349546], [0.31376050338550343, 0.219374007936508, 0.14102582140082137, 0.32583966727716723], [0.22966876179376172, 0.28273634698634703, 0.20514400876900887, 0.2824508824508825], [0.259290404040404, 0.2766002331002331, 0.22719155844155847, 0.2369178044178045], [0.3398373015873017, 0.25211002886002887, 0.16671969696969696, 0.24133297258297265], [0.29588041125541126, 0.23649440836940844, 0.15894606782106785, 0.3086791125541126], [0.32503796203796215, 0.17873923298923303, 0.19574469974469977, 0.3004781052281053], [0.2846084054834055, 0.26947330447330464, 0.17195616883116885, 0.2739621212121212], [0.31232468919968925, 0.22600162337662336, 0.1485720806970807, 0.3131016067266068], [0.2431667568542569, 0.2588724608724609, 0.20516947635697633, 0.2927913059163059], [0.29080340900929136, 0.22996136869666275, 0.13457548415636644, 0.34465973813767936], [0.28230716505716513, 0.2609489121989122, 0.1977035187035187, 0.2590404040404041], [0.260351134976135, 0.20247941641691647, 0.19913185425685426, 0.33803759435009423], [0.24591131091131094, 0.28396663059163063, 0.165495781995782, 0.3046262765012765], [0.2409386030636031, 0.28673930236430234, 0.17406955544455546, 0.298252539127539], [0.2411643634143635, 0.2826242229992232, 0.16367922355422349, 0.31253219003219007], [0.28434209254797493, 0.2654063167224932, 0.14861884847178966, 0.30163274225774234], [0.23559978909978913, 0.22578984903984903, 0.16026193689351584, 0.37834842496684595], [0.2531983808674985, 0.26205666963755203, 0.20486075036075038, 0.27988419913419915], [0.23466271228771235, 0.27142038517038525, 0.18890608003108006, 0.30501082251082257], [0.23595238095238094, 0.2673014164198375, 0.1448856326422116, 0.35186056998556997], [0.2854940476190476, 0.24885722610722616, 0.173242895992896, 0.2924058302808304], [0.2808138528138528, 0.21848178210678212, 0.1768563216754006, 0.32384804340396456], [0.2922097208347209, 0.20790651015651018, 0.19383814796314802, 0.306045621045621], [0.2931904068154069, 0.22949271561771561, 0.1635602036852037, 0.3137566738816739], [0.2822362359862361, 0.2583940295815296, 0.15080685980685982, 0.30856287462537463], [0.2748154761904763, 0.22084343434343431, 0.21464303751803754, 0.28969805194805204], [0.2173149350649351, 0.26270980408480415, 0.20962438949938955, 0.31035087135087147], [0.17682515809354046, 0.31355233532807064, 0.2144455585264408, 0.2951769480519481], [0.31620831945831945, 0.25584489121989124, 0.18324350649350649, 0.24470328282828288], [0.2808935202869027, 0.2575974291231645, 0.16354674900263133, 0.2979623015873015], [0.25132789024700775, 0.28237932900432905, 0.20525487012987007, 0.261037910618793], [0.24234595959595961, 0.3391507381507381, 0.13974680874680867, 0.2787564935064936], [0.3203225385725386, 0.22495805583305584, 0.15203126040626036, 0.30268814518814524], [0.2881260683760684, 0.27367918192918195, 0.15662157287157286, 0.2815731768231769], [0.23956583694083694, 0.2652971611721613, 0.2409227855477856, 0.2542142163392163], [0.22220362970362964, 0.2584253246753247, 0.26614600677100675, 0.253225038850039], [0.2509683094683095, 0.27179686285936294, 0.1796313478188478, 0.2976034798534799], [0.2683319735819736, 0.22814910089910093, 0.17083033633033634, 0.3326885891885892], [0.278839812964813, 0.2495099067599068, 0.18389621489621485, 0.28775406537906545], [0.285894660894661, 0.27139244089244097, 0.16928228715728713, 0.273430611055611], [0.3200942252192253, 0.2354637445887446, 0.18445802808302805, 0.25998400210900213], [0.265715256965257, 0.28197949272949274, 0.15458585858585855, 0.2977193917193917], [0.30286226273726274, 0.2658505750785162, 0.194166380188439, 0.23712078199578204], [0.21546803890553887, 0.31369808663558674, 0.1662664141414141, 0.30456746031746035], [0.29409698634698644, 0.22639688089688093, 0.20953409090909092, 0.2699720418470418], [0.21878167665667664, 0.2635273754023755, 0.2116279970029971, 0.3060629509379509], [0.2293727522477523, 0.2557635975135975, 0.18739937839937842, 0.3274642718392719], [0.2513030303030303, 0.28126704545454545, 0.15566702741702737, 0.311762896825397], [0.2706547202797204, 0.2665000555000556, 0.17632942057942055, 0.28651580364080376], [0.20494760794760797, 0.3067880591630593, 0.20524407536907543, 0.28302025752025756], [0.2244782301032301, 0.2920560966810966, 0.1633142829392829, 0.3201513902763903], [0.23405699855699869, 0.2810333485958486, 0.16231718975468967, 0.32259246309246303], [0.25407045732045735, 0.2534309718059718, 0.2226415945165945, 0.2698569763569764], [0.20103847541347533, 0.2997163947163948, 0.22267786380286383, 0.27656726606726606], [0.18468170718170718, 0.2604239718614719, 0.23505403368561273, 0.3198402872712084], [0.3079633838383839, 0.2382855339105339, 0.16250811688311687, 0.29124296536796535], [0.29796131646131646, 0.26837869075369086, 0.18194702519702516, 0.2517129675879675], [0.2861813186813187, 0.2501364746364746, 0.18763532301032299, 0.27604688367188374], [0.2619709289893113, 0.28650294721618247, 0.1840587647646472, 0.2674673590298591], [0.23813682151182147, 0.2708921078921078, 0.21655187867687872, 0.27441919191919195], [0.23934879009879004, 0.2644489538239539, 0.15978450715950715, 0.33641774891774895], [0.19772258297258305, 0.2830164835164836, 0.2085310245310245, 0.31072990897990904], [0.29446832334332335, 0.24429767454767454, 0.16253950216450214, 0.2986944999445], [0.23276852314352314, 0.25790427627927637, 0.2344813658563659, 0.2748458347208348], [0.257989121989122, 0.3318562548562549, 0.18237716450216454, 0.22777745865245863], [0.21931955544455545, 0.3038724886224886, 0.21229310966810971, 0.26451484626484634], [0.27751244588744595, 0.2746358225108225, 0.1930526695526696, 0.25479906204906205], [0.22101702464202463, 0.26257653457653457, 0.17484612609612613, 0.3415603146853148], [0.24313739038739046, 0.25062734487734484, 0.2702111638361639, 0.23602410089910092], [0.250103465978466, 0.2708422272172272, 0.15149044011544008, 0.3275638666888667], [0.19667352092352097, 0.26776786173922396, 0.22299800637958536, 0.3125606109576698], [0.2713921356421357, 0.2635073211102623, 0.21392161106866986, 0.2511789321789322], [0.28015404040404035, 0.23785371572871575, 0.17807575757575755, 0.3039164862914864], [0.2994916611166611, 0.2895633671883673, 0.1308826312576312, 0.28006234043734046], [0.2706050685425685, 0.27252828421578423, 0.17753367465867467, 0.27933297258297257], [0.24667644855144857, 0.2710983738483738, 0.16210073260073257, 0.320124444999445], [0.26164321789321787, 0.2493856421356422, 0.16749507437007438, 0.3214760656010657], [0.27276605339105336, 0.30686056998557004, 0.1477927489177489, 0.27258062770562774], [0.30298659673659667, 0.20302386502386507, 0.16058021145521142, 0.3334093267843269], [0.309531635031635, 0.25729491341991345, 0.16410255460913356, 0.26907089693931796], [0.2841066711066711, 0.28002530802530806, 0.18523178210678207, 0.25063623876123886], [0.23388485125985128, 0.2423953823953823, 0.17634042346542345, 0.34737934287934286], [0.292062173937174, 0.2636509740259741, 0.17895634920634915, 0.26533050283050286], [0.20861206848706865, 0.2726196630167218, 0.22176136363636367, 0.2970069048598461], [0.24920194103282337, 0.22220240543769973, 0.14674270582358814, 0.38185294770588896], [0.28822402597402585, 0.26594932406774513, 0.19025612326270216, 0.25557052669552677], [0.18750377400377402, 0.315499777999778, 0.23269996669996673, 0.26429648129648126], [0.25824747474747484, 0.2715344516594517, 0.2269769119769119, 0.24324116161616158], [0.25010447885447884, 0.28274155011655017, 0.22033183483183497, 0.24682213619713622], [0.29380916305916305, 0.256354797979798, 0.1434244227994228, 0.3064116161616163], [0.2785845404595405, 0.23817069042069033, 0.16648611111111106, 0.316758658008658], [0.26542658730158736, 0.23724639249639254, 0.19099855699855706, 0.30632846320346324], [0.2554948482889659, 0.24815867955573837, 0.13460407647907646, 0.3617423956762193], [0.2603191253191253, 0.27468913031413034, 0.16169493006993005, 0.3032968142968144], [0.3134766997708175, 0.21696413717001956, 0.15737950937950937, 0.3121796536796537], [0.21812247474747476, 0.2852231240981241, 0.1602725468975469, 0.3363818542568544], [0.3037744151273564, 0.24945436997642886, 0.16308308358308352, 0.28368813131313125], [0.2589867771117771, 0.27516262414056525, 0.18810577412783297, 0.2777448246198246], [0.29491394716394714, 0.2581830391830392, 0.15968077755577753, 0.2872222360972362], [0.22057985070485076, 0.28833880008880014, 0.19602307414807413, 0.29505827505827503], [0.28389044860368406, 0.24317499575587814, 0.20984139471639476, 0.2630931609240432], [0.22856757131757133, 0.28096574259074275, 0.1593580447330447, 0.33110864135864126], [0.2261269841269841, 0.2897846132625545, 0.17300595238095237, 0.311082450229509], [0.19890037740037733, 0.26986803474303483, 0.1711438145188145, 0.36008777333777336], [0.1855772005772006, 0.29898760961260973, 0.19865981240981237, 0.3167753774003773], [0.23240323565323562, 0.28697487234987235, 0.23577751415251416, 0.24484437784437774], [0.278368908868909, 0.30963778838120937, 0.20454248967406868, 0.2074508130758131]]}}