{"test": {"ids": ["98107340", "111119250", "99120010", "109116810", "105113330", "97113260", "111115780", "108113760", "108114040", "111119430", "105116650", "108114270", "110115120", "106118301", "106113360", "104114320", "113118620", "112116810", "107119390", "112116610", "110116501", "107113840", "113121810", "103109021", "109116930", "99111930", "97108520", "99114890", "103117200", "101111620", "105118230", "111120320", "99108000", "109117150", "105112130", "109114270", "105115720", "99105921", "108116120", "110120560", "99110730", "105116501", "99108710", "98109090", "112119610", "97107260", "112119980", "105116980", "98107010", "105116441", "100113210", "112119930", "110115580", "101111210", "104114410", "110120190", "109120560", "108120621", "97116800", "98109570", "113122650", "104113190", "98106111", "108117451", "111120190", "112117461", "103120531", "105120280", "108115970", "109114651", "112119950", "107114621", "113119930", "105119550", "102111990", "102116500", "109121351", "108118291", "111119300", "107114321", "98120530", "112116401", "103120730", "108114200", "97110950", "110114920", "104117200", "100120780", "112117571", "109113591", "104119340", "100109890", "108121190", "106119580", "111116040", "97106600", "113120540", "112120630", "102118380", "106116640", "112116501", "113121220", "104111880", "111114121", "104119290", "98110680", "107118490", "97109570", "111121410", "111119950", "99108010", "109116441", "108113700", "98116940", "97106970", "106114011", "113119320", "103120340", "113118111", "106116120", "107113550", "104112470", "99121440", "99107300", "112118471", "112116990", "110114950", "107118780", "111116110", "100110260", "111120640", "113122430", "113117401", "113120591", "105115250", "112117431", "105113440", "110120640", "102110500", "104111780", "102109010", "100111620"], "labels": [0, 1, 2, 3, 3, 1, 1, 1, 0, 3, 1, 3, 0, 1, 0, 2, 3, 3, 2, 1, 3, 3, 2, 0, 0, 1, 2, 2, 0, 3, 1, 1, 2, 2, 1, 3, 1, 1, 1, 0, 3, 1, 2, 1, 0, 2, 0, 0, 3, 1, 0, 1, 1, 2, 1, 3, 1, 1, 0, 1, 2, 3, 0, 2, 3, 0, 3, 3, 2, 3, 0, 0, 1, 1, 2, 1, 0, 3, 1, 0, 1, 0, 1, 0, 3, 3, 3, 1, 3, 3, 1, 3, 1, 3, 0, 3, 3, 3, 1, 3, 3, 3, 3, 0, 1, 2, 2, 0, 0, 0, 2, 3, 0, 2, 2, 1, 1, 1, 1, 1, 0, 1, 2, 3, 1, 0, 0, 1, 3, 3, 0, 2, 3, 0, 2, 0, 0, 0, 3, 3, 1, 3], "predicted_labels": [1, 3, 0, 1, 3, 3, 1, 0, 1, 3, 1, 1, 1, 0, 3, 1, 1, 3, 3, 3, 0, 1, 3, 0, 0, 3, 1, 1, 1, 3, 1, 3, 1, 1, 3, 3, 1, 1, 0, 3, 2, 1, 3, 3, 1, 3, 3, 0, 0, 1, 1, 3, 3, 3, 1, 3, 3, 3, 0, 1, 3, 1, 1, 3, 3, 3, 0, 1, 1, 3, 3, 0, 3, 1, 0, 1, 0, 1, 1, 0, 3, 0, 1, 1, 0, 1, 3, 3, 1, 0, 3, 0, 1, 1, 3, 3, 1, 3, 3, 3, 0, 3, 1, 0, 1, 1, 1, 0, 1, 3, 1, 0, 3, 3, 1, 1, 1, 3, 1, 1, 3, 1, 1, 1, 3, 3, 3, 1, 3, 0, 1, 1, 1, 3, 1, 1, 1, 3, 3, 0, 2, 3], "confidence_scores": [[0.1999978243978245, 0.28992050172050166, 0.24681504606504626, 0.26326662781662774], [0.24403785103785103, 0.26158598623598633, 0.20150368520368533, 0.29287247752247747], [0.31038885456648624, 0.2450869436119438, 0.1824726273726275, 0.2620515744489429], [0.2690964507714508, 0.2823978854478856, 0.184467587967588, 0.2640380758130758], [0.22102712287712306, 0.2706378565878567, 0.17189668109668113, 0.3364383394383396], [0.2156089962668911, 0.2590240849793482, 0.2481719526087948, 0.27719496614496614], [0.2220492562992564, 0.3005425935175934, 0.23407794705294707, 0.24333020313020337], [0.28838450993450965, 0.2762561105561105, 0.17898758463758474, 0.2563717948717949], [0.1952691602515133, 0.30643190469661064, 0.23396130242306726, 0.2643376326288091], [0.239988308913309, 0.28855143745143763, 0.158287420912421, 0.3131728327228325], [0.20636744635653312, 0.33081356698856684, 0.19968532783006482, 0.2631336588248354], [0.23279449994450016, 0.34107198357198365, 0.16224753024753033, 0.2638859862359864], [0.2136145132645134, 0.31512621267621277, 0.18445851370851368, 0.28680076035076046], [0.37201036741036736, 0.24654260739260744, 0.1470841103341104, 0.234362914862915], [0.26607933732933736, 0.262233535908536, 0.19558151570651586, 0.27610561105561127], [0.22934569319569334, 0.27983303363303375, 0.2271483405483406, 0.2636729326229328], [0.21714768956533662, 0.3027644966144966, 0.19530003493238793, 0.2847877788877792], [0.24386936674436668, 0.2356328504828505, 0.21350576090576107, 0.30699202186702185], [0.17951981906981915, 0.3007465811965812, 0.19352438117438128, 0.32620921855921864], [0.25177577259341977, 0.26405061849914785, 0.2005958089296326, 0.2835777999778002], [0.29652261627261634, 0.278920251970252, 0.14707649572649584, 0.2774806360306361], [0.24402274947274952, 0.3022759684759684, 0.1804702963702964, 0.2732309856809857], [0.20416028138528136, 0.2881243173493173, 0.20727816072816085, 0.3004372405372404], [0.275338426485795, 0.2711208929958932, 0.18476101851365015, 0.2687796620046619], [0.3398350871350872, 0.2753760489510491, 0.11204411976911983, 0.2727447441447442], [0.25567760572760584, 0.26909656074919236, 0.19276340530814223, 0.2824624282150599], [0.255427960927961, 0.2834597236097239, 0.20987930957930973, 0.2512330058830061], [0.17891417585682295, 0.3224610960934489, 0.20590226162726177, 0.2927224664224666], [0.2745600871350872, 0.3011363691863693, 0.1951822954822956, 0.22912124819624835], [0.22643891830563678, 0.2729483496036129, 0.21435828849513056, 0.2862544435956202], [0.20750941835941838, 0.2947710892049125, 0.22788039460539472, 0.26983909783027443], [0.2320487012987013, 0.2737429514929514, 0.2050599844599845, 0.28914836274836303], [0.2266020479520479, 0.2913664529914529, 0.23664239649239666, 0.2453891025641028], [0.2456611055611056, 0.30140238062591, 0.17278543156190213, 0.28015108225108226], [0.2048894327894329, 0.3000717429629195, 0.18450020371785086, 0.3105386205297971], [0.27986775838540545, 0.259285505017858, 0.17826131091131106, 0.28258542568542566], [0.2371834931408461, 0.2866848409760174, 0.21518911121558187, 0.260942554667555], [0.28334305220922873, 0.29227812024576716, 0.18739884004884005, 0.23697998749616403], [0.2983097347097347, 0.23318739038739048, 0.19721695526695537, 0.27128591963591975], [0.25099475524475534, 0.23991660561660574, 0.2140598290598292, 0.29502881007881], [0.1931203962703964, 0.24065588855588854, 0.2893911893661894, 0.27683252580752604], [0.23525298867798888, 0.30631546231546225, 0.15231457627339987, 0.3061169727331491], [0.24133907758907772, 0.2667872219283985, 0.22311764542646895, 0.268756055056055], [0.26954675879675877, 0.2562459262959264, 0.17895799755799757, 0.2952493173493173], [0.18308569486069498, 0.31163445443445453, 0.20341747696747695, 0.3018623737373739], [0.24839315129315137, 0.24388258571493887, 0.22812676049440767, 0.27959750249750254], [0.23188773089655462, 0.28593366633366624, 0.17761470196470205, 0.30456390080507734], [0.2861838467088467, 0.2758269397269397, 0.19488846904729268, 0.24310074451692124], [0.32159814074814075, 0.23065949050949075, 0.20220505328005348, 0.2455373154623156], [0.2259882081970318, 0.34742995337995336, 0.1599976745476746, 0.2665841638753405], [0.24368869063513032, 0.25738369685869705, 0.24864984582840627, 0.2502777666777668], [0.239179193029193, 0.24837624042624043, 0.2553770562770563, 0.25706751026751046], [0.24013797705562404, 0.23907521530756834, 0.2217099234099235, 0.2990768842268844], [0.22619893439893457, 0.2594145687645688, 0.22974012931512922, 0.2846463675213677], [0.22591496281496282, 0.2706357385304755, 0.23508376798639974, 0.2683655306681623], [0.21730462674580325, 0.28956527279909644, 0.19061217426364496, 0.30251792619145573], [0.2348488455988458, 0.24872007437007448, 0.2073517371517372, 0.3090793428793431], [0.24342589077589089, 0.2759574092574093, 0.1983297480297479, 0.28228695193695197], [0.36968478743478733, 0.2330755855255856, 0.18138473748473755, 0.21585488955488955], [0.27112125374625373, 0.2972235375735374, 0.17612959262959282, 0.2555256160506162], [0.21592880452880464, 0.2716734892558423, 0.23334201745966465, 0.2790556887556887], [0.23485803085803095, 0.3183292671380907, 0.1887367687867689, 0.25807593321710975], [0.2455294582868113, 0.2784307200968967, 0.23716347573994645, 0.23887634587634582], [0.25767469197469206, 0.2801567448890978, 0.14003215509980219, 0.3221364080364081], [0.2589602064602066, 0.2355292402042403, 0.22984000721500725, 0.27567054612054603], [0.26035549450549444, 0.24670595515595528, 0.19342148962148978, 0.29951706071706063], [0.28882934287934275, 0.2707115884115885, 0.1808768342768344, 0.2595822344322346], [0.241305094905095, 0.287196398046398, 0.21099176934176944, 0.2605067377067379], [0.20316198523698534, 0.2772857725607728, 0.2502098179598181, 0.2693424242424242], [0.28303408225761173, 0.26356711621711626, 0.14999764157411216, 0.30340115995115996], [0.2720370296370299, 0.2203246087246088, 0.1896413974913976, 0.31799696414696393], [0.35532484182484175, 0.26117028527028524, 0.14913401043401056, 0.23437086247086253], [0.2751066766566767, 0.26691163836163845, 0.1598132534132535, 0.29816843156843165], [0.23324736549999714, 0.28459201529464695, 0.207101456146193, 0.2750591630591632], [0.2889142541668856, 0.24346517371517387, 0.21361479076479098, 0.2540057813531497], [0.22903971779854143, 0.30412995697113315, 0.21791859251859264, 0.24891173271173278], [0.3214218337218335, 0.23978797518271214, 0.192382036384668, 0.24640815471078648], [0.2736853213779685, 0.2989350724438961, 0.14103451630069277, 0.2863450898774429], [0.22570916697681423, 0.3221673450732273, 0.19318316160963225, 0.2589403263403265], [0.32758826553563386, 0.2713238594738597, 0.153819382372014, 0.24726849261849268], [0.21398258522523225, 0.23200152037504992, 0.24936068294450653, 0.30465521145521124], [0.3131404484404486, 0.23614907869907875, 0.15552779442779446, 0.29518267843267865], [0.2527584135163084, 0.2885221591274224, 0.2085636276004697, 0.2501557997557998], [0.2348497724497725, 0.32058523698523694, 0.19262392052392063, 0.2519410700410702], [0.30727216672216673, 0.20481143856143857, 0.21044108669108663, 0.2774753080253079], [0.234544116994117, 0.294056237390061, 0.21402960372960397, 0.25737004188621837], [0.2509234570984571, 0.26936391027273376, 0.18216701435819097, 0.29754561827061815], [0.25594227994228, 0.2546876401376402, 0.20541750194250205, 0.28395257797757806], [0.21456652236652243, 0.3237380008880009, 0.17170916305916314, 0.28998631368631367], [0.2874493173493175, 0.2811744366744367, 0.15308152403152417, 0.278294721944722], [0.20400863159887936, 0.22643145897789868, 0.2609346588567952, 0.3086252505664272], [0.30931347541347537, 0.20293059163059166, 0.19044362304362306, 0.2973123099123099], [0.20432477522477518, 0.38987635697635675, 0.1636605561105562, 0.24213831168831174], [0.20360330502830515, 0.3108567682317683, 0.2324670329670329, 0.253072893772894], [0.24779856254856272, 0.2521991314241315, 0.18001595071595086, 0.3199863553113552], [0.2476905566655568, 0.2846103497379813, 0.1702298000245369, 0.29746929357192514], [0.2735448931787167, 0.2842030663780665, 0.16702740037740055, 0.2752246400658166], [0.29291650016650056, 0.2307008804920571, 0.1691438822615294, 0.30723873707991356], [0.2189046120546121, 0.25986617826617836, 0.20906974691974708, 0.31215946275946277], [0.2442014477352714, 0.2754868500780266, 0.18192400654900662, 0.2983876956376956], [0.2963447458973774, 0.26230443240969553, 0.15844643718854262, 0.28290438450438465], [0.259345426795427, 0.26124340659340656, 0.14849279609279617, 0.3309183705183705], [0.1983907814407815, 0.3478689643689644, 0.1824893384393384, 0.2712509157509159], [0.3150010822510824, 0.27037866577866576, 0.16896299256299258, 0.2456572594072596], [0.22307423295658593, 0.32026538192629517, 0.18931394091804324, 0.2673464441990758], [0.249674018465195, 0.2770143578643579, 0.23052922828805197, 0.24278239538239554], [0.2516470362970364, 0.27138402708402715, 0.25544754134754133, 0.22152139527139544], [0.37306960980196274, 0.22722328586446233, 0.17585576123223182, 0.22385134310134328], [0.22343831723831728, 0.3146892016480252, 0.18505717974835634, 0.27681530136530147], [0.2696553446553447, 0.2432601232101233, 0.2090196248196249, 0.27806490731490735], [0.21497127039627045, 0.34234415861915857, 0.19464255744255754, 0.24804201354201358], [0.318851864475394, 0.2829115662115664, 0.12652129014776073, 0.2717152791652793], [0.19516383616383626, 0.28621748414983733, 0.19808278975926039, 0.32053588992706644], [0.2444208975235292, 0.28012135715162034, 0.17702506134216667, 0.29843268398268386], [0.17553106142223784, 0.3234703768453767, 0.2373728671655144, 0.26362569456687124], [0.23386188256188262, 0.2873933843933846, 0.19178080808080822, 0.2869639249639251], [0.22205785325785338, 0.35987291597291593, 0.15811085858585874, 0.25995837218337225], [0.2017499195249198, 0.2475517177267178, 0.2716265809354044, 0.2790717818129584], [0.2646257575757577, 0.3009344211344213, 0.16408735431235438, 0.2703524669774671], [0.23470443559708273, 0.2779237556561087, 0.24172710900210911, 0.24564469974469988], [0.22387385392385387, 0.28129790764790785, 0.18667267732267745, 0.308155561105561], [0.2673752192252193, 0.2909591908091907, 0.169579392829393, 0.2720861971361972], [0.24388472915972934, 0.2946601501439736, 0.22640380175380176, 0.23505131894249542], [0.24418935508935527, 0.29070317460317463, 0.1977565601065602, 0.26735091020091034], [0.2654997557997557, 0.24547479187479201, 0.1952045621045622, 0.2938208902208903], [0.2541202336878808, 0.24328813572048877, 0.21925981240981246, 0.2833318181818182], [0.22926962481962487, 0.24134782994783002, 0.21315598845598852, 0.31622655677655676], [0.2353734987234987, 0.3041508574758577, 0.17718948828948827, 0.2832861555111556], [0.24171315906315918, 0.2611867077367076, 0.20754583749583758, 0.28955429570429597], [0.30442543404308103, 0.2532530081030081, 0.17935416691151992, 0.26296739094239086], [0.26962748917748924, 0.2965511341599576, 0.18250321704439362, 0.25131815961815973], [0.2460699855699858, 0.29541065046065057, 0.18763396048396058, 0.2708854034854036], [0.3015637584637583, 0.311127095127095, 0.12442468087468089, 0.26288446553446565], [0.26935675631557987, 0.26968387690740636, 0.18623667394696805, 0.2747226928300459], [0.21091503333268055, 0.2993156812142107, 0.22243213567478287, 0.26733714977832623], [0.28629780774780783, 0.30824334554334554, 0.1595970362970365, 0.24586181041181063], [0.2537784068872305, 0.3434252969252969, 0.16588297258297263, 0.23691332360450015], [0.2533768692092222, 0.2638379313067394, 0.18264041473662235, 0.30014478474741624], [0.2628965007215008, 0.22192217782217788, 0.2046700577200578, 0.3105112637362637], [0.30536212121212136, 0.2976454989454992, 0.1739347763347763, 0.22305760350760362], [0.24897944453207613, 0.20607646972910132, 0.2762833575780944, 0.26866072816072817], [0.25056436598317405, 0.22057113894877065, 0.2541879077664683, 0.27467658730158745]]}, "rewritten": {"ids": ["97106600", "97106970", "97107260", "97108520", "97109570", "97110950", "97113260", "97116800", "98106111", "98107010", "98107340", "98109090", "98109570", "98110680", "98116940", "98120530", "99105921", "99107300", "99108000", "99108010", "99108710", "99110730", "99111930", "99114890", "99120010", "99121440", "100109890", "100110260", "100111620", "100113210", "100120780", "101111210", "101111620", "102109010", "102110500", "102111990", "102116500", "102118380", "103109021", "103117200", "103120340", "103120531", "103120730", "104111780", "104111880", "104112470", "104113190", "104114320", "104114410", "104117200", "104119290", "104119340", "105112130", "105113330", "105113440", "105115250", "105115720", "105116441", "105116501", "105116650", "105116980", "105118230", "105119550", "105120280", "106113360", "106114011", "106116120", "106116640", "106118301", "106119580", "107113550", "107113840", "107114321", "107114621", "107118490", "107118780", "107119390", "108113700", "108113760", "108114040", "108114200", "108114270", "108115970", "108116120", "108117451", "108118291", "108120621", "108121190", "109113591", "109114270", "109114651", "109116441", "109116810", "109116930", "109117150", "109120560", "109121351", "110114920", "110114950", "110115120", "110115580", "110116501", "110120190", "110120560", "110120640", "111114121", "111115780", "111116040", "111116110", "111119250", "111119300", "111119430", "111119950", "111120190", "111120320", "111120640", "111121410", "112116401", "112116501", "112116610", "112116810", "112116990", "112117431", "112117461", "112117571", "112118471", "112119610", "112119930", "112119950", "112119980", "112120630", "113117401", "113118111", "113118620", "113119320", "113119930", "113120540", "113120591", "113121220", "113121810", "113122430", "113122650"], "labels": [3, 2, 2, 2, 0, 3, 1, 0, 0, 3, 0, 1, 1, 2, 2, 1, 1, 3, 2, 2, 2, 3, 1, 2, 2, 2, 3, 3, 3, 0, 1, 2, 3, 1, 3, 2, 1, 1, 0, 0, 1, 3, 1, 3, 3, 1, 3, 2, 1, 3, 1, 1, 1, 3, 0, 2, 1, 1, 1, 1, 0, 1, 1, 3, 0, 1, 1, 3, 1, 3, 0, 3, 0, 0, 2, 1, 2, 0, 1, 0, 0, 3, 2, 1, 2, 3, 1, 1, 3, 3, 3, 3, 3, 0, 2, 1, 0, 3, 0, 0, 1, 3, 3, 0, 0, 0, 1, 0, 3, 1, 1, 3, 0, 3, 1, 0, 0, 0, 3, 1, 3, 0, 0, 0, 3, 1, 0, 1, 0, 0, 3, 3, 1, 3, 1, 1, 3, 0, 3, 2, 2, 2], "predicted_labels": [0, 3, 3, 0, 0, 0, 1, 0, 0, 0, 1, 0, 0, 0, 0, 0, 0, 0, 0, 0, 0, 0, 0, 3, 0, 0, 0, 0, 0, 0, 1, 0, 0, 0, 0, 0, 0, 1, 0, 1, 1, 0, 0, 0, 1, 0, 0, 0, 0, 0, 0, 0, 1, 0, 0, 0, 0, 0, 0, 0, 0, 0, 1, 0, 0, 0, 0, 0, 0, 0, 0, 0, 0, 0, 0, 0, 0, 0, 0, 1, 0, 0, 1, 0, 0, 0, 0, 0, 0, 0, 0, 0, 0, 0, 0, 0, 0, 1, 3, 1, 0, 0, 0, 0, 3, 0, 0, 0, 3, 0, 0, 0, 0, 0, 0, 0, 0, 0, 0, 3, 0, 0, 0, 0, 0, 0, 0, 3, 0, 1, 0, 0, 0, 0, 0, 0, 0, 0, 0, 0, 0, 0], "confidence_scores": [[0.3489549894549894, 0.2529224331224331, 0.1909869685869686, 0.20713560883560891], [0.19184499185025503, 0.2649201076701078, 0.26931762608736315, 0.2739172743922745], [0.26074544899544894, 0.23745359248594566, 0.21973736655501375, 0.28206359196359193], [0.33408341658341656, 0.25348130758130766, 0.189811988011988, 0.2226232878232879], [0.43133469863469853, 0.21191367521367532, 0.15495550005550007, 0.20179612609612604], [0.3454955100455097, 0.1882362914862916, 0.19514116439116444, 0.27112703407703415], [0.27421842601842605, 0.27466712731712734, 0.2033944444444445, 0.2477200022200023], [0.3737024697524698, 0.21310339660339667, 0.21107054612054627, 0.20212358752358764], [0.33603015873015873, 0.2261151626151627, 0.20171230436230428, 0.23614237429237436], [0.3513038239538239, 0.23706112221112235, 0.19754892052392065, 0.2140861333111335], [0.23632047397047407, 0.28846370296370294, 0.20120314685314702, 0.2740126762126763], [0.35718254245754255, 0.23498019758019778, 0.16877650682650686, 0.2390607531357532], [0.3880783771783771, 0.2325135753135753, 0.179913233988234, 0.1994948135198136], [0.35484914880441204, 0.19919255437544922, 0.20900503341687557, 0.2369532634032636], [0.3144684333210651, 0.27742540033066354, 0.162190709582815, 0.24591545676545692], [0.3457572094572092, 0.23098604924487284, 0.1758014541014542, 0.24745528719646376], [0.3108543789543789, 0.26481440781440785, 0.1967290986790987, 0.22760211455211463], [0.3760710900210898, 0.20847720057720068, 0.17285469530469533, 0.24259701409701412], [0.39015697913197916, 0.25338199578199583, 0.17945817515817528, 0.17700284992785004], [0.3994470235646706, 0.2580506604506604, 0.1836550132873662, 0.15884730269730288], [0.29834737484737484, 0.2934944111444112, 0.1782412254412255, 0.22991698856698872], [0.2696889589942223, 0.24862178932178944, 0.2227605304052672, 0.2589287212787213], [0.29528495948495964, 0.25212477522477533, 0.18617663447663457, 0.2664136308136307], [0.2392247999076948, 0.2466561806614438, 0.2416568815687238, 0.2724621378621377], [0.3428655122655123, 0.22366274281274282, 0.19235297480297495, 0.24111877011877014], [0.44060328756211115, 0.2325962703962704, 0.1464944166944167, 0.18030602534720194], [0.46976341436341457, 0.2103778554778555, 0.15365029415029424, 0.1662084360084361], [0.405044844044844, 0.22393756243756252, 0.1638034104784106, 0.20721418303918307], [0.354198162948163, 0.24501690531690545, 0.17187000222000232, 0.22891492951492962], [0.3278825671404618, 0.21819501960028276, 0.20430151193835405, 0.2496209013209014], [0.279843722943723, 0.30097085137085133, 0.19427578532578532, 0.2249096403596404], [0.36989581704844854, 0.2108683500709816, 0.18741681301154983, 0.23181901986901993], [0.3705634310134309, 0.20857038517038531, 0.1880292096792098, 0.2328369741369743], [0.30602592378381827, 0.2624455635008268, 0.196841216678059, 0.23468729603729618], [0.3108113820390136, 0.20929689199689222, 0.22204624819624824, 0.25784547776784633], [0.41327252747252724, 0.22099729714729718, 0.17922413697413705, 0.18650603840603847], [0.37379218559218536, 0.24378568653568664, 0.19327775002775, 0.18914437784437793], [0.26589888999889, 0.2841581585081585, 0.24573821733821735, 0.20420473415473428], [0.3893946775446774, 0.23692373182373194, 0.1797364801864802, 0.19394511044511048], [0.24357238039738044, 0.3038467976467979, 0.2201649350649351, 0.23241588689088694], [0.2735583472083472, 0.2843994061494061, 0.2343150654900656, 0.2077271811521812], [0.4378384726384724, 0.19403326118326136, 0.16019834054834062, 0.2079299256299257], [0.4288244918823866, 0.22647463997990325, 0.14953142646826864, 0.19516944166944175], [0.3394021645021643, 0.2698912420912423, 0.169735187035187, 0.22097140637140664], [0.266388566988567, 0.27171544844044865, 0.20802191419691432, 0.2538740703740703], [0.33107092702619023, 0.2226080232632864, 0.17094617633828169, 0.27537487337224187], [0.34150180375180395, 0.24510651570651582, 0.1970461316461317, 0.21634554889554897], [0.35200855431118594, 0.24215560623586957, 0.16650720419930956, 0.23932863525363524], [0.3636095257683494, 0.21506613386613396, 0.1853628704628706, 0.23596146990264635], [0.3147671325750272, 0.25678004568530893, 0.19638840005024227, 0.2320644216894218], [0.3370118992118991, 0.28884510489510495, 0.18670008880008893, 0.18744290709290712], [0.36943554223554226, 0.23579378399378398, 0.17984573759573758, 0.21492493617493627], [0.2352946997446998, 0.29978593073593096, 0.1970969474969476, 0.26782242202242207], [0.3694153510232456, 0.2429975223263149, 0.17711825663156944, 0.21046887001887005], [0.36331691364191354, 0.24476167166167176, 0.16754658674658676, 0.2243748279498281], [0.3336492192018507, 0.24335558681085004, 0.17638575620286154, 0.2466094377844379], [0.3227433094683094, 0.25669557664557674, 0.20088124098124097, 0.21967987290487295], [0.4586417066593537, 0.2436952547452548, 0.12514092574092578, 0.17252211285446603], [0.3503676517926518, 0.2567364468864471, 0.177468267843268, 0.21542763347763352], [0.3547381091131092, 0.2695979437229438, 0.17342900432900438, 0.20223494283494292], [0.31117850833377153, 0.25375390720390717, 0.18698093859185197, 0.24808664587046952], [0.2790080336330337, 0.27662933928816286, 0.20397839660339667, 0.24038423047540708], [0.2536145510921827, 0.28637591195354356, 0.19844782366756059, 0.2615617132867134], [0.35910798645798625, 0.21470419025419035, 0.1941535742035743, 0.23203424908424927], [0.42363405483405464, 0.24215061605061602, 0.13852583250083256, 0.1956894966144968], [0.3216153199741435, 0.27013880563880577, 0.1734157897657898, 0.2348300846212612], [0.2989091186591189, 0.24577034077034074, 0.21992243312243304, 0.23539810744810755], [0.31020096570096545, 0.2531333000333001, 0.183098445998446, 0.25356728826728825], [0.41404279054279064, 0.2120110556110558, 0.14897089577089576, 0.2249752580752581], [0.30795554796081104, 0.25290623265623274, 0.2136886356333726, 0.22544958374958382], [0.2793594496147128, 0.26630832500832513, 0.20472656437130127, 0.24960566100566117], [0.2963719835719837, 0.25412408114761054, 0.1917773063537769, 0.257726628926629], [0.3984592518592519, 0.22518375513375535, 0.14080604673104674, 0.23555094627594644], [0.5358773412861652, 0.1980555722055724, 0.11886668331668332, 0.1472004031915798], [0.32586549284049293, 0.25083437395937414, 0.18551691086691113, 0.23778322233322227], [0.2843503108003109, 0.27282585192585207, 0.20269333444333462, 0.24013050283050286], [0.2868902354954988, 0.2522332833832834, 0.22719808729282426, 0.233678393828394], [0.28772274567537715, 0.248129908979909, 0.21846137751137762, 0.2456859678333364], [0.33634033919297046, 0.22526047636573945, 0.19456564853275377, 0.24383353590853596], [0.25415822510822517, 0.2748712419159788, 0.20454023929287105, 0.26643029368292515], [0.3012750804750805, 0.25151896991897, 0.1888932067932069, 0.25831274281274297], [0.31744757464757467, 0.26680379620379635, 0.1734652014652016, 0.2422834276834278], [0.2387593524896157, 0.29413735431235427, 0.2007182227129597, 0.26638507048507043], [0.3697525863025862, 0.20928531468531478, 0.1690485292485293, 0.25191356976356977], [0.34665235516117876, 0.2822543456543457, 0.15421591186591188, 0.21687738731856393], [0.4245985109661579, 0.2407325951825953, 0.1291336996336997, 0.2055351942175473], [0.38401565101565116, 0.21500539183039197, 0.19040490620490616, 0.210574050949051], [0.34951024253524227, 0.21766619491619507, 0.16827382339882352, 0.26454973914973906], [0.39189225219225216, 0.26359528804528815, 0.13977559107559115, 0.20473686868686877], [0.35265743145743156, 0.2540953102453104, 0.16943523143523145, 0.22381202686202697], [0.4453233097312046, 0.22722182057708387, 0.15736167954852173, 0.17009319014319021], [0.4637502109002111, 0.19507816627816643, 0.12801010656010667, 0.21316151626151633], [0.3460261988011987, 0.2409512487512489, 0.15690078810078814, 0.25612176434676437], [0.41069171939171917, 0.22602141747141744, 0.13873603063603063, 0.22455083250083246], [0.31477128982128966, 0.23974845154845165, 0.19058185703185704, 0.25489840159840166], [0.3323337031389663, 0.2517546616781912, 0.19332404499525252, 0.22258759018759033], [0.4344762903762906, 0.22916146076146088, 0.1620199356199356, 0.1743423132423132], [0.24794364916129621, 0.2735924686424688, 0.2180745992569523, 0.26038928293928315], [0.2904874847374848, 0.22313166278166288, 0.17849960594960593, 0.30788124653124654], [0.25296627620745277, 0.28204728604728607, 0.18998783079665452, 0.27499860694860706], [0.31318721658458504, 0.2261273448773449, 0.19482733552996728, 0.26585810300810314], [0.41919607059607056, 0.1928980186480187, 0.16403080808080808, 0.22387510267510272], [0.392504317904318, 0.22077544089897058, 0.18996897024544085, 0.19675127095127107], [0.3262621854753433, 0.24507512283038607, 0.1700832156147946, 0.25857947607947623], [0.2782251875919059, 0.24033882905879814, 0.20133560594891872, 0.28010037740037724], [0.4071031246531246, 0.20268062493062508, 0.17819503274503276, 0.21202121767121762], [0.32819165527454985, 0.24133026768553084, 0.1999795117163539, 0.2304985653235655], [0.28519666970456437, 0.24842995329404008, 0.18453580346382215, 0.2818375735375734], [0.2806295277821593, 0.2439858863358864, 0.18111209725946573, 0.2942724886224888], [0.33626136086136094, 0.2412088186323481, 0.20124224141871216, 0.22128757908757912], [0.27525666918221103, 0.2660559075685237, 0.19216231779916, 0.2665251054501054], [0.35197616272616283, 0.24937157287157294, 0.1751659895659896, 0.2234862748362749], [0.36957282337545494, 0.19630919986446307, 0.21098349457559995, 0.22313448218448223], [0.3434052503052502, 0.2007809190809193, 0.2198627983127983, 0.23595103230103234], [0.39358894993894966, 0.23133018925518928, 0.1597772977022977, 0.21530356310356324], [0.38150355200355207, 0.24298866688866705, 0.16501958041958045, 0.21048820068820073], [0.4013299644799643, 0.2297886332621629, 0.15370016127663197, 0.21518124098124114], [0.3141586670639303, 0.25391179931179947, 0.15421712381186078, 0.2777124098124098], [0.4073715617715617, 0.23792922077922096, 0.1535849483849485, 0.2011142690642691], [0.25676617242406724, 0.26107705700732026, 0.21544991076175296, 0.2667068598068598], [0.29320945311997937, 0.235046732507259, 0.23924176642071387, 0.23250204795204804], [0.2953607892107893, 0.22210871595724546, 0.2187849459364165, 0.263745548895549], [0.3977038517038518, 0.2645498279498281, 0.15702228327228335, 0.18072403707403725], [0.4719789210789208, 0.20060208680208685, 0.14483803973803971, 0.18258095238095245], [0.30902840463629916, 0.27800778461304787, 0.15208440127124348, 0.2608794094794096], [0.301975702805966, 0.298750974025974, 0.16772803512277196, 0.2315452880452882], [0.344769708069708, 0.26160700688200694, 0.16809332611832614, 0.225529958929959], [0.2529481054033686, 0.25200952380952385, 0.21760839920313613, 0.2774339715839717], [0.3853191454744086, 0.20332043512043518, 0.1834956341903712, 0.2278647852147852], [0.24798784548784555, 0.2820008019758022, 0.19101291208791213, 0.2789984404484406], [0.4043052003552002, 0.22620130980130992, 0.15231371406371413, 0.21717977577977582], [0.4209157731157731, 0.2205894047129342, 0.14346392529039592, 0.2150308968808969], [0.43112947607947616, 0.1890466921966923, 0.15588601953601966, 0.2239378121878122], [0.26722346934111646, 0.25938182928182946, 0.2106112792436323, 0.26278342213342226], [0.31950007215007226, 0.27654594017094025, 0.17054169441669448, 0.23341229326229349], [0.31693220113220116, 0.27022914862914876, 0.17455007215007223, 0.23828857808857817], [0.3053029175502861, 0.26633032523032535, 0.19178361813624975, 0.23658313908313908], [0.3053479207067442, 0.27810382917735865, 0.1803087693352399, 0.2362394807806574], [0.35652466422466444, 0.2291348504436741, 0.1514972230383996, 0.2628432622932624], [0.283750999000999, 0.2610339105339107, 0.19636570651570665, 0.25884938394938395], [0.32733624883888046, 0.2560406739459373, 0.16049264653475193, 0.25613043068043084], [0.3600669441669443, 0.22151655566655581, 0.2016862415362416, 0.21673025863025872]]}}