{"test": {"ids": ["110121450", "113118231", "98107210", "111116290", "106113830", "106114011", "100120780", "106117790", "112116610", "106118301", "106116640", "111115400", "99109910", "109118231", "109120540", "106116850", "110120190", "102110890", "112119320", "104113210", "101112540", "101111310", "110116170", "103111110", "101111140", "110116501", "108116481", "111116640", "109117600", "108118810", "111119930", "108120060", "102110050", "101109370", "103111990", "109117730", "104116980", "102113210", "99109780", "113118690", "101112690", "99108710", "112117780", "103109791", "98111231", "111120190", "102110750", "101117580", "97106770", "101112201", "97107260", "103113170", "108118520", "103113101", "107112850", "100109000", "99107560", "109121410", "111121930", "112116810", "106115240", "112117210", "112118471", "107117010", "113122510", "108120280", "98121790", "103113260", "110114321", "112116401", "112116800", "102112301", "109113591", "99107630", "102107961", "109116040", "111115620", "109114220", "105110091", "102111990", "111121190", "109117080", "98113881", "101113210", "104118070", "99117740", "109114720", "97116410", "112116990", "105116501", "111119610", "113122430", "104118340", "107114321", "107119390", "103117461", "104116441", "98106680", "110114920", "100108490", "99109860", "104119290", "111119150", "113121810", "108114200", "110114561", "100109311", "111117000", "99108330", "103120290", "105118740", "112120270", "107121540", "109113881", "113122120", "102121700", "98110710", "106120290", "111119580", "112117790", "109116810", "109119010", "99112531", "99111340", "109119460", "113120591", "98107410", "109120621", "106115120", "109121640", "113120601", "112117471", "100108260", "97106600", "104113000", "100113370", "109120560", "104113170", "112118701", "111121410", "110114720", "113119120"], "labels": [3, 3, 1, 2, 1, 1, 1, 1, 1, 1, 3, 0, 2, 1, 1, 3, 3, 0, 1, 3, 2, 3, 0, 3, 2, 3, 0, 0, 1, 1, 1, 1, 3, 1, 2, 3, 1, 3, 2, 3, 1, 2, 0, 3, 1, 3, 1, 3, 3, 0, 2, 3, 0, 3, 1, 1, 1, 0, 1, 3, 1, 1, 1, 1, 2, 3, 2, 3, 1, 0, 0, 1, 3, 2, 3, 0, 1, 3, 0, 2, 1, 1, 3, 3, 2, 2, 0, 3, 0, 1, 2, 2, 2, 0, 2, 0, 1, 1, 3, 2, 2, 1, 3, 2, 0, 0, 1, 0, 1, 2, 1, 0, 2, 0, 1, 1, 2, 2, 3, 3, 3, 3, 3, 1, 1, 0, 3, 1, 1, 0, 2, 3, 3, 3, 1, 3, 1, 3, 0, 0, 3, 3], "predicted_labels": [3, 0, 1, 3, 3, 0, 0, 1, 1, 3, 0, 3, 1, 3, 1, 3, 1, 0, 3, 3, 3, 1, 0, 0, 0, 3, 0, 3, 0, 3, 0, 1, 3, 1, 0, 3, 1, 3, 3, 3, 1, 1, 1, 0, 0, 3, 2, 3, 0, 1, 1, 1, 0, 1, 3, 3, 1, 1, 3, 3, 1, 1, 1, 1, 1, 0, 0, 3, 1, 0, 1, 3, 1, 0, 0, 1, 1, 3, 1, 3, 3, 1, 1, 0, 1, 0, 1, 0, 1, 3, 3, 1, 3, 1, 1, 0, 0, 1, 1, 1, 3, 1, 1, 1, 3, 3, 1, 1, 1, 1, 0, 3, 1, 0, 3, 3, 1, 0, 3, 3, 3, 1, 1, 1, 0, 3, 0, 0, 0, 0, 1, 1, 0, 0, 3, 0, 3, 3, 0, 1, 1, 3], "confidence_scores": [[0.25510797585467526, 0.2545289487954355, 0.18358533741773858, 0.30677773793215146], [0.29946450091755544, 0.2454749474552315, 0.18610731049316506, 0.26895324113404795], [0.2433151890304902, 0.2863772265440394, 0.21827975177258663, 0.2520278326528841], [0.22194642423599634, 0.23057047504716988, 0.23368790804955714, 0.3137951926672771], [0.20971782078723958, 0.2622142812478494, 0.2207612333386162, 0.3073066646262948], [0.3490297792859184, 0.2239336412363852, 0.1784088878693595, 0.24862769160833745], [0.3046191770178574, 0.2502863352400451, 0.18340855402155384, 0.26168593372054405], [0.27051676112726786, 0.2804395687361223, 0.20262731563940936, 0.24641635449720062], [0.2422023833121737, 0.30084944078740805, 0.19714310748726444, 0.25980506841315365], [0.2829181066655008, 0.23908847939099925, 0.17298218345555508, 0.30501123048794493], [0.2914995162557573, 0.2478761336874383, 0.1905377963815264, 0.2700865536752782], [0.23778033203137455, 0.2863211986944455, 0.18657127376825197, 0.28932719550592806], [0.2595665937496829, 0.27084875096393257, 0.2322767026386828, 0.23730795264770183], [0.28597709363135815, 0.25620137444973323, 0.164862545669052, 0.2929589862498566], [0.2697415687096304, 0.28702769240250126, 0.15874938789448362, 0.28448135099338495], [0.25187956473728396, 0.26321750671426425, 0.21351995249126743, 0.2713829760571847], [0.21275778173625853, 0.2884060377045942, 0.21413314286607094, 0.28470303769307675], [0.29354500834340563, 0.2556676733111327, 0.19062663666810636, 0.26016068167735557], [0.19530995737529785, 0.3039214590377596, 0.19535110290488286, 0.30541748068206004], [0.2685916910610685, 0.26359557769075914, 0.190418133704952, 0.2773945975432208], [0.2528867506856505, 0.26636893191178806, 0.17606686465671922, 0.3046774527458421], [0.22167972919254553, 0.325281877096004, 0.21374934715914232, 0.2392890465523081], [0.2912316918746799, 0.24173711769708273, 0.17855695081483303, 0.28847423961340424], [0.3202509594635144, 0.28596252549259527, 0.1520272853371335, 0.2417592297067577], [0.3162758191815381, 0.24344649766196957, 0.15732065710951423, 0.2829570260469784], [0.27561629449326736, 0.2515584932199848, 0.17851702276061748, 0.2943081895261303], [0.28640555494069003, 0.2621256977182138, 0.18907960952955288, 0.26238913781154355], [0.21372986306717534, 0.2630605438282035, 0.22318786177065814, 0.30002173133396376], [0.30530021842561617, 0.22994692805951344, 0.20243366416624942, 0.2623191893486211], [0.26211585535331045, 0.262929339908558, 0.18290733853983931, 0.2920474661982927], [0.26316290546808396, 0.2614305258615236, 0.22356689193627752, 0.25183967673411545], [0.23421914548571807, 0.3160664262356362, 0.20642553391651072, 0.2432888943621353], [0.2377680318651219, 0.2593806663355128, 0.21382086949880127, 0.28903043230056447], [0.2553172210160952, 0.3082961382503427, 0.1977651984119162, 0.2386214423216462], [0.3216745671531973, 0.21935104770398975, 0.13991093315080202, 0.31906345199201136], [0.24068673168689453, 0.26029018448311086, 0.20080146414641542, 0.29822161968357946], [0.20073289821001017, 0.2961238154389016, 0.24831492832548666, 0.254828358025602], [0.27205931468683126, 0.2314882392046872, 0.21757144586549867, 0.2788810002429832], [0.2296489578327995, 0.2783480192189227, 0.2072559254112785, 0.28474709753699945], [0.25761059011513254, 0.2732491784441228, 0.15310764833237722, 0.31603258310836785], [0.24440244534127786, 0.30287305712915213, 0.19998088859653923, 0.25274360893303116], [0.2428292822558744, 0.2930571447163338, 0.1990160644024304, 0.2650975086253616], [0.26410793636148494, 0.2931240027819167, 0.15170387346588315, 0.2910641873907152], [0.35020161841521685, 0.23078770189413111, 0.181576251052246, 0.2374344286384064], [0.33460467354328455, 0.2477706947877645, 0.1586564599897691, 0.25896817167918246], [0.23471204619766486, 0.2597113751977801, 0.2214066418566227, 0.2841699367479327], [0.19061654141949413, 0.29122757823094747, 0.2925040211311341, 0.22565185921842498], [0.22124121374480324, 0.2683246077724183, 0.22398639911878196, 0.28644777936399674], [0.27971032036119814, 0.26816247533547144, 0.18424176098574144, 0.2678854433175894], [0.27315118886081213, 0.32258464840306034, 0.17060673764887008, 0.2336574250872576], [0.227621954742295, 0.27237714998746354, 0.23355355929991192, 0.2664473359703299], [0.2473575309464791, 0.2945595043817736, 0.21362364847528043, 0.24445931619646727], [0.2963632409863161, 0.2421930165326926, 0.1723833899622589, 0.2890603525187329], [0.21079565389228638, 0.31557815552276436, 0.2125529120460287, 0.2610732785389208], [0.2340780311626369, 0.2789017487060292, 0.20332086182533796, 0.2836993583059963], [0.23332976906010044, 0.26385911848068605, 0.19713237300433437, 0.30567873945487967], [0.27262599609005683, 0.2816557666496693, 0.21270859320825608, 0.23300964405201818], [0.20437986787102108, 0.3139796421060069, 0.20195557995977753, 0.2796849100631942], [0.2804110389139368, 0.24822631803448306, 0.18136448172416808, 0.28999816132741224], [0.25919697143389187, 0.26024112935775495, 0.18986377180233913, 0.2906981274060142], [0.2668779855139283, 0.2755362600987448, 0.18414331766388364, 0.2734424367234435], [0.2716836695061178, 0.2751859834866901, 0.21082625946368186, 0.24230408754351054], [0.2628697492232607, 0.2903996181504381, 0.1991422749059763, 0.24758835772032523], [0.22625783136584282, 0.29108572752512274, 0.21433433029430987, 0.2683221108147248], [0.21547753038017942, 0.290688590621383, 0.22759103709139433, 0.26624284190704356], [0.33637590505873693, 0.22636876708290063, 0.1353278969764283, 0.30192743088193447], [0.2949987498669789, 0.25034151080407024, 0.19852409059555806, 0.2561356487333934], [0.21261839707976954, 0.29203191701870984, 0.17954150869241908, 0.31580817720910187], [0.23498912247571982, 0.2886254547753743, 0.20442351733399639, 0.2719619054149101], [0.37021311088127706, 0.22059293949385247, 0.1727264176982535, 0.2364675319266169], [0.23338767052318898, 0.29267705057783466, 0.18970099814437572, 0.284234280754601], [0.2945608634228259, 0.2173619769295676, 0.17923473488954045, 0.3088424247580663], [0.283205932718309, 0.29051723042641475, 0.1701015426917673, 0.25617529416350976], [0.2908993221751758, 0.2556089577935277, 0.1789031317368072, 0.2745885882944898], [0.34779205790750867, 0.2116698145726468, 0.15063063548938607, 0.28990749203045885], [0.18307004256851278, 0.2985427776179869, 0.2323238945459455, 0.28606328526755487], [0.2176211118730694, 0.29285890673146814, 0.2076617097878718, 0.2818582716075908], [0.2381352867973504, 0.281911211811892, 0.1925767232623662, 0.28737677812839174], [0.2799637204346488, 0.28488631995874947, 0.1774023999812312, 0.257747559625371], [0.29698455530466966, 0.2207129631356601, 0.1832496984798757, 0.2990527830797946], [0.27854941046565296, 0.23310953715482768, 0.18521820361890176, 0.30312284876061785], [0.22173914807345782, 0.30893601440502544, 0.2116056512397129, 0.257719186281804], [0.22240141583105272, 0.3255781707564969, 0.1979663049050091, 0.2540541085074411], [0.2919336903701035, 0.24987304324490103, 0.17386727167999055, 0.2843259947050053], [0.26428729208580165, 0.276284657496387, 0.21559120127565232, 0.2438368491421595], [0.3197536374854463, 0.2266712015024516, 0.14635000142540266, 0.30722515958669977], [0.23785902333403072, 0.30982956507796516, 0.16659353238083663, 0.2857178792071676], [0.3095849083764817, 0.26332148188788373, 0.18859415009258404, 0.23849945964305116], [0.2336876065601856, 0.29706174882821273, 0.18805405680332513, 0.2811965878082765], [0.2867890207173802, 0.26034485033106125, 0.1626068767935114, 0.2902592521580473], [0.2693862997809017, 0.26469270910635306, 0.18283182323114536, 0.28308916788160027], [0.2272848630988843, 0.284417321632883, 0.22589020599614096, 0.2624076092720921], [0.22992202098204068, 0.28880403563988805, 0.18841343006491068, 0.2928605133131609], [0.2535412470094143, 0.30862138739377304, 0.15734569115869715, 0.28049167443811596], [0.22264543321496205, 0.31343792504359075, 0.2077591256151525, 0.2561575161262949], [0.29426659349921214, 0.25456014552644834, 0.17900704363756628, 0.27216621733677365], [0.2852574207680437, 0.28293351010118395, 0.18152674022250703, 0.25028232890826535], [0.29597795790228915, 0.3131635956700485, 0.16706325462985644, 0.22379519179780663], [0.19287272978868727, 0.3191157247774467, 0.2080648154399877, 0.2799467299938787], [0.2285928482690787, 0.2777788984245544, 0.21854993764615, 0.2750783156602175], [0.21084311762519595, 0.26948151231652184, 0.23308463424394923, 0.2865907358143331], [0.2538133475023558, 0.29272993317434065, 0.160827348371506, 0.2926293709517976], [0.24465931364015767, 0.2956171195987764, 0.20216086313373743, 0.2575627036273286], [0.21847380227349766, 0.30453790580106366, 0.22946425799810033, 0.24752403392733915], [0.20476078129103295, 0.28707005863142476, 0.19535005995066482, 0.3128191001268776], [0.22910383065857534, 0.28333305696539773, 0.17201792589872936, 0.31554518647729823], [0.26054673879511825, 0.2935647837881139, 0.16699254732143382, 0.27889593009533437], [0.25127655912353986, 0.3074524565833366, 0.17749571875770362, 0.2637752655354203], [0.23042878962949015, 0.3101597396718916, 0.20638029872989463, 0.2530311719687239], [0.23158518091891644, 0.2959188896354389, 0.22374169619653583, 0.24875423324910922], [0.30895651098873744, 0.2793487359055884, 0.18434697989538987, 0.22734777321028476], [0.2349327284148138, 0.264783819868217, 0.21124509752608764, 0.2890383541908817], [0.22485792815703742, 0.33048309412204163, 0.19481030727881887, 0.24984867044210204], [0.29383801525775466, 0.2591623491983147, 0.17996429038702916, 0.2670353451569018], [0.23708789865668836, 0.273436521284519, 0.20349451644813385, 0.2859810636106592], [0.25935978969246326, 0.28934860274477325, 0.15423943333131993, 0.2970521742314438], [0.20745052800999494, 0.26896647486198166, 0.26473181830652265, 0.25885117882150066], [0.27248044179695474, 0.2630155845954823, 0.19696085696982196, 0.2675431166377414], [0.2588665178346163, 0.2639821453353093, 0.19422426438492996, 0.2829270724451448], [0.24233220973106998, 0.22029674298047608, 0.19929227336459607, 0.33807877392385793], [0.26024079540662326, 0.2673837391996394, 0.17613023454363128, 0.29624523085010634], [0.20534184008514644, 0.2920583013756528, 0.21727302906158735, 0.2853268294776136], [0.22742156884066367, 0.33468128950678677, 0.1832153788761611, 0.2546817627763886], [0.21644434860315315, 0.30055545627506874, 0.23422857455899332, 0.24877162056278518], [0.2881718070452644, 0.2410346186413853, 0.19501738972608906, 0.2757761845872614], [0.24351133272734415, 0.26425887739898546, 0.21212653380949595, 0.28010325606417485], [0.3599798723974887, 0.22047537713215237, 0.1543912270751328, 0.2651535233952264], [0.2911803709780879, 0.27025597033924237, 0.19984483297149655, 0.23871882571117356], [0.314195878568789, 0.2170581390386499, 0.15719233532893082, 0.31155364706363076], [0.32692774167450805, 0.24211673247356574, 0.18119054105731586, 0.24976498479461046], [0.2686340145302884, 0.2928669008353471, 0.16359536911804037, 0.2749037155163243], [0.27925144635276794, 0.29501123118554007, 0.17828322687933493, 0.2474540955823574], [0.31183566371505983, 0.223737240325558, 0.17261535068297, 0.2918117452764128], [0.2766763001959654, 0.26045158675768326, 0.2053304434695968, 0.2575416695767548], [0.22997708404465994, 0.2921042000468131, 0.16791390251926086, 0.31000481338926655], [0.2996645707794036, 0.2574931835771638, 0.19130040994756412, 0.25154183569586935], [0.2505920903811906, 0.2511922776004056, 0.22054034420301208, 0.2776752878153919], [0.24588107979499613, 0.2807088782138426, 0.17445045573542836, 0.2989595862557336], [0.3282924813381355, 0.297926213670923, 0.1462686376197098, 0.22751266737123196], [0.2290583624728963, 0.3050486709229418, 0.17379496218208498, 0.29209800442207706], [0.23825537121747806, 0.2872539500237081, 0.2063759898062554, 0.26811468895255874], [0.28490520129646835, 0.2501793455734134, 0.142653442498632, 0.32226201063148646]]}, "rewritten": {"ids": ["97106600", "97106770", "97107260", "97116410", "98106680", "98107210", "98107410", "98110710", "98111231", "98113881", "98121790", "99107560", "99107630", "99108330", "99108710", "99109780", "99109860", "99109910", "99111340", "99112531", "99117740", "100108260", "100108490", "100109000", "100109311", "100113370", "100120780", "101109370", "101111140", "101111310", "101112201", "101112540", "101112690", "101113210", "101117580", "102107961", "102110050", "102110750", "102110890", "102111990", "102112301", "102113210", "102121700", "103109791", "103111110", "103111990", "103113101", "103113170", "103113260", "103117461", "103120290", "104113000", "104113170", "104113210", "104116441", "104116980", "104118070", "104118340", "104119290", "105110091", "105116501", "105118740", "106113830", "106114011", "106115120", "106115240", "106116640", "106116850", "106117790", "106118301", "106120290", "107112850", "107114321", "107117010", "107119390", "107121540", "108114200", "108116481", "108118520", "108118810", "108120060", "108120280", "109113591", "109113881", "109114220", "109114720", "109116040", "109116810", "109117080", "109117600", "109117730", "109118231", "109119010", "109119460", "109120540", "109120560", "109120621", "109121410", "109121640", "110114321", "110114561", "110114720", "110114920", "110116170", "110116501", "110120190", "110121450", "111115400", "111115620", "111116290", "111116640", "111117000", "111119150", "111119580", "111119610", "111119930", "111120190", "111121190", "111121410", "111121930", "112116401", "112116610", "112116800", "112116810", "112116990", "112117210", "112117471", "112117780", "112117790", "112118471", "112118701", "112119320", "112120270", "113118231", "113118690", "113119120", "113120591", "113120601", "113121810", "113122120", "113122430", "113122510"], "labels": [3, 3, 2, 3, 1, 1, 3, 2, 1, 3, 2, 1, 2, 1, 2, 2, 2, 2, 1, 3, 2, 3, 2, 1, 1, 3, 1, 1, 2, 3, 0, 2, 1, 3, 3, 3, 3, 1, 0, 2, 1, 3, 1, 3, 3, 2, 3, 3, 3, 0, 2, 1, 3, 3, 1, 1, 2, 2, 1, 0, 1, 1, 1, 1, 1, 1, 3, 3, 1, 1, 2, 1, 0, 1, 2, 2, 0, 0, 0, 1, 1, 3, 3, 0, 3, 0, 0, 3, 1, 1, 3, 1, 3, 1, 1, 1, 1, 0, 0, 1, 0, 3, 3, 0, 3, 3, 3, 0, 1, 2, 0, 0, 3, 3, 2, 1, 3, 1, 0, 1, 0, 1, 0, 3, 0, 1, 3, 0, 3, 1, 0, 1, 0, 3, 3, 3, 0, 2, 2, 1, 2, 2], "predicted_labels": [0, 0, 1, 0, 0, 1, 0, 1, 0, 1, 0, 1, 0, 0, 1, 0, 0, 0, 1, 0, 0, 0, 1, 1, 0, 0, 0, 1, 0, 0, 0, 1, 0, 0, 0, 0, 0, 1, 3, 0, 1, 0, 0, 0, 0, 0, 0, 1, 0, 0, 1, 1, 0, 0, 1, 1, 0, 0, 1, 1, 3, 0, 1, 1, 3, 0, 0, 1, 1, 0, 0, 1, 0, 0, 0, 1, 1, 0, 0, 3, 0, 0, 0, 1, 0, 1, 1, 0, 0, 0, 1, 1, 1, 0, 0, 0, 0, 1, 0, 1, 1, 1, 0, 0, 3, 1, 0, 3, 3, 3, 1, 1, 1, 3, 0, 0, 1, 0, 1, 3, 0, 0, 1, 0, 0, 0, 1, 1, 0, 0, 0, 1, 0, 0, 1, 0, 1, 1, 1, 0, 0, 0], "confidence_scores": [[0.29578584331093777, 0.28564514090910803, 0.14921975690163683, 0.269349258878318], [0.29685059441420125, 0.28122252196598035, 0.18478706821128635, 0.23713981540853268], [0.2653654238485044, 0.28116575894567974, 0.18732891200327023, 0.26613990520254627], [0.2883122113424835, 0.25896528678114017, 0.16614569210355348, 0.2865768097728233], [0.2910584213383142, 0.2855105373920257, 0.16820794191010346, 0.25522309935955717], [0.26771466440961444, 0.2858803992815772, 0.21568774077428673, 0.23071719553452222], [0.36392339579038246, 0.247263321924435, 0.15079710766548865, 0.2380161746196947], [0.2570700610729397, 0.2793435519514343, 0.19554820511129264, 0.2680381818643341], [0.3597633959841325, 0.2488425048678002, 0.15251818175845921, 0.2388759173896085], [0.2882615380318675, 0.3024938131869836, 0.18901034494615782, 0.2202343038349918], [0.29646269876852044, 0.2509938198689536, 0.18025368110443607, 0.27228980025809024], [0.2884786794581467, 0.3091380213650547, 0.18076984975051102, 0.22161344942628783], [0.3163560617568845, 0.2291411188567248, 0.1529144376571184, 0.3015883817292728], [0.30867256264443865, 0.305053586734153, 0.14850092847572238, 0.23777292214568638], [0.2640829819045546, 0.3044129417107602, 0.20066931141020586, 0.23083476497447966], [0.2943252778081879, 0.2709847091444343, 0.1866323121239009, 0.24805770092347748], [0.27717380542751713, 0.2748549776831217, 0.20235486729768973, 0.24561634959167244], [0.3026431784749982, 0.262655508532488, 0.2066245653970556, 0.22807674759545882], [0.25353539522151236, 0.30106671949088915, 0.1913413439010583, 0.254056541386541], [0.33772327061830426, 0.28809267570133756, 0.14250965366718382, 0.23167440001317435], [0.34842167739619595, 0.24190747552788364, 0.14371596212879484, 0.26595488494712594], [0.30353812157798943, 0.2607521638762354, 0.15471961864088454, 0.28099009590489094], [0.2694177436204354, 0.3103829672666001, 0.18074513832632494, 0.23945415078663962], [0.25628034514349907, 0.28772895262453696, 0.1724718029941318, 0.28351889923783313], [0.3519529396010371, 0.2453624547751999, 0.15248103600773052, 0.25020356961603274], [0.3017380078757267, 0.26228360250541455, 0.15178320418254027, 0.2841951854363189], [0.30895817829178585, 0.2571604031274139, 0.17660624870838146, 0.2572751698724197], [0.27639044550442415, 0.2911680346006587, 0.19122823598906324, 0.24121328390585434], [0.30772592466960424, 0.28303182803557514, 0.17856023279829805, 0.2306820144965231], [0.30190925032876526, 0.267917247839789, 0.1678580314352132, 0.2623154703962332], [0.30404159794032204, 0.29889106245146563, 0.16193037315490005, 0.23513696645331258], [0.2760928716748413, 0.30492049021731654, 0.18210825145042625, 0.23687838665741673], [0.3286960785289351, 0.27703773048602887, 0.1591467055463561, 0.23511948543868041], [0.35299720180127686, 0.2595766072331885, 0.14635917487259703, 0.24106701609293762], [0.32967968991422375, 0.2712245946341832, 0.1616250220690784, 0.23747069338251545], [0.3421447005824535, 0.2696495178489466, 0.16478745359759134, 0.22341832797100897], [0.3106728457170267, 0.2743886590218055, 0.18093356857124387, 0.2340049266899248], [0.25978559596463385, 0.3195721268777678, 0.19251004694557425, 0.228132230212025], [0.28240891847441824, 0.2623795199058153, 0.1718234706666164, 0.2833880909531503], [0.3299809704187611, 0.2217072136111015, 0.1650457029173531, 0.2832661130527845], [0.2810963593573001, 0.33212795392484984, 0.15777232840258662, 0.22900335831526386], [0.32518626523055133, 0.2581097431311679, 0.17436938010241587, 0.2423346115358654], [0.28544353631853553, 0.27784921071795227, 0.18763127647732616, 0.24907597648618632], [0.3318492233787167, 0.28775239768638117, 0.16581462671117023, 0.2145837522237327], [0.3477053934240839, 0.29758930340241396, 0.12747266979843225, 0.22723263337507024], [0.30879898365005537, 0.22493547253551974, 0.17868100514562754, 0.2875845386687979], [0.30455599191411103, 0.2773887818930555, 0.1824947021311005, 0.23556052406173345], [0.27680704510558085, 0.3090242793744309, 0.17504445990467155, 0.2391242156153174], [0.3051988777237565, 0.29990192766643475, 0.17237694919060328, 0.22252224541920607], [0.3630001282484768, 0.24586489949607526, 0.15881419863968776, 0.23232077361576076], [0.2754043842149887, 0.27746719609026704, 0.18721102454251037, 0.2599173951522347], [0.26857667044815414, 0.29438764645461285, 0.16330635414445563, 0.2737293289527778], [0.28561048829873387, 0.2838806522755127, 0.17181501315663802, 0.25869384626911607], [0.347631401429564, 0.2613257310368376, 0.16519943582087848, 0.2258434317127205], [0.3222225461398431, 0.32276969484138474, 0.1543632123499067, 0.20064454666886586], [0.23054083134590847, 0.30653045415589064, 0.19839045740956504, 0.26453825708863626], [0.296156944130385, 0.28657577476061064, 0.16342605909938185, 0.2538412220096233], [0.2976714284716661, 0.285228239921162, 0.16100986309794774, 0.25609046850922473], [0.2486333152299262, 0.3093162561120397, 0.17247428277066518, 0.2695761458873691], [0.28356986036499926, 0.304042916750405, 0.17695056192351194, 0.23543666096108432], [0.2683216308414007, 0.25590608339159987, 0.19351334991175018, 0.28225893585524936], [0.31465349039047474, 0.2758699091196975, 0.1739507883063504, 0.23552581218347768], [0.27561764322486015, 0.2875223425685199, 0.16157931219565289, 0.2752807020109673], [0.2901136813653928, 0.290214356293821, 0.19134241041728814, 0.2283295519234984], [0.26553020073490713, 0.2634749812256738, 0.17365376329038895, 0.2973410547490303], [0.301074222912871, 0.2689751473420803, 0.16910944704589473, 0.2608411826991546], [0.3219843265868551, 0.23849527779890017, 0.19282003374879245, 0.24670036186545283], [0.25579751716632426, 0.33260009101184, 0.18538951756894823, 0.2262128742528878], [0.25571430435971415, 0.30189577637226733, 0.2007004535590834, 0.24168946570893582], [0.3333912678212708, 0.2265541071630392, 0.17019580041799626, 0.2698588245976939], [0.2898098468261253, 0.22825349871617895, 0.19709162980167969, 0.2848450246560164], [0.2765717323322126, 0.29612696451429626, 0.17149528721328397, 0.2558060159402078], [0.32244341606037663, 0.2787555162979373, 0.151424294289582, 0.24737677335210412], [0.3081284361125654, 0.2777276176392594, 0.17524802154432426, 0.23889592470385138], [0.3010356533926379, 0.29483981819113136, 0.14946762871064304, 0.2546568997055877], [0.267607469803633, 0.2946320183171664, 0.18755071947636737, 0.250209792402834], [0.26659849400529734, 0.27975830669664564, 0.18919652667951412, 0.2644466726185434], [0.3027739270384838, 0.29984365962134674, 0.16101114165931832, 0.23637127168085134], [0.31951912049562275, 0.25235924036549484, 0.16740867696671147, 0.26071296217217144], [0.26778867034349985, 0.2739360475836588, 0.1554044841080518, 0.30287079796478983], [0.30684391182920434, 0.3026198930484508, 0.16624148568467928, 0.2242947094376663], [0.3273994216560615, 0.2188007023296607, 0.14689675373307903, 0.3069031222811992], [0.3137381901820748, 0.2838509774779629, 0.15381386965438404, 0.24859696268557904], [0.27600333219612866, 0.3046947832547652, 0.17881865990277793, 0.2404832246463286], [0.2956275433480261, 0.2938422996565154, 0.17202385571532214, 0.2385063012801369], [0.27476646218991957, 0.32093324982432947, 0.17285611431147732, 0.23144417367427408], [0.27195194913524345, 0.29215976740881466, 0.18725338385806609, 0.24863489959787619], [0.3202307123272542, 0.24658408946079596, 0.14393449244126527, 0.2892507057706848], [0.3056166187676994, 0.30144644035368484, 0.15767429700899507, 0.23526264386962092], [0.29426548386484436, 0.2615947669344095, 0.21171962070297176, 0.23242012849777496], [0.25815234876134385, 0.33909139828860846, 0.18426156402903593, 0.2184946889210127], [0.29130251398374934, 0.3299673661118145, 0.16197530542982275, 0.2167548144746135], [0.28411210595725117, 0.30075852905390293, 0.17821538355174718, 0.2369139814370993], [0.36395595365956235, 0.27457300676970087, 0.14471903789360582, 0.21675200167713152], [0.2995103367055332, 0.2918885093998266, 0.16221538069465452, 0.24638577319998622], [0.31183096558109075, 0.2298117539233152, 0.14918953210397262, 0.30916774839162137], [0.30112804433549467, 0.2747306047281006, 0.18660093075703435, 0.2375404201793705], [0.2590382481981491, 0.2909456692403359, 0.19329262771667863, 0.2567234548448373], [0.3116347623634266, 0.2710622105686914, 0.14473729464847426, 0.27256573241940824], [0.271280019518848, 0.28131041236200827, 0.18407269650813113, 0.2633368716110133], [0.2733381394378317, 0.29646081010256287, 0.1694381059899178, 0.2607629444696879], [0.28672235472819013, 0.31097037363933294, 0.18051682070872016, 0.22179045092375727], [0.3089844051755058, 0.2919483947351421, 0.16210499518106838, 0.2369622049082842], [0.291116066467197, 0.2826118781021986, 0.1634034671732133, 0.2628685882573914], [0.2717963498910161, 0.2691140646492719, 0.15629176413061682, 0.3027978213290958], [0.2637614040042097, 0.3074609397090509, 0.19377234223044137, 0.23500531405629843], [0.321434294615776, 0.2503716766416911, 0.17215405256298333, 0.25603997617955], [0.26923879000859413, 0.26980575253830213, 0.19028373492790954, 0.27067172252519445], [0.24989508642058642, 0.2491511615283452, 0.18520821245237673, 0.3157455395986918], [0.2585218287885438, 0.27586097996035813, 0.17889155941756166, 0.2867256318335367], [0.26816127331559136, 0.3164718288169716, 0.18038213067697687, 0.23498476719046046], [0.27293877451022375, 0.2898060467094409, 0.17293572394604415, 0.2643194548342917], [0.2589501808447635, 0.28240455352068955, 0.19269668233451911, 0.2659485833000287], [0.2913736050790406, 0.26093711753442134, 0.1414811002246815, 0.3062081771618567], [0.3063717051074767, 0.27519087391747976, 0.17727914938065104, 0.2411582715943931], [0.28601074674734694, 0.2704995546681821, 0.17782166375882702, 0.26566803482564444], [0.25718239813985505, 0.2946128438973043, 0.2073188416735411, 0.24088591628929987], [0.2872433166573046, 0.2536999792405148, 0.1872751628099314, 0.27178154129224963], [0.273516531321861, 0.27765591644004484, 0.20047984646285918, 0.24834770577523557], [0.2835122266729793, 0.24099647650025263, 0.16235316405869607, 0.3131381327680723], [0.31375895917474844, 0.22759901613087496, 0.1581888416090268, 0.30045318308535024], [0.2898655822340031, 0.2751173139136047, 0.1552122991936736, 0.27980480465871893], [0.2774507305208524, 0.3388964287475151, 0.14448186461324475, 0.2391709761183885], [0.342303786365089, 0.22122102349513362, 0.15696877098380943, 0.2795064191559681], [0.28480665980065606, 0.27445605959400876, 0.16464424642326236, 0.27609303418207326], [0.2848172616383033, 0.28125602645832787, 0.19606970461976017, 0.23785700728360917], [0.2667152254321292, 0.31685060735797926, 0.1720032952701258, 0.24443087193976631], [0.27846720519763307, 0.2827731391922891, 0.1676102790567469, 0.27114937655333127], [0.31518467997314387, 0.2602061334882286, 0.1562536409136611, 0.2683555456249667], [0.3123021884222074, 0.2884422083779221, 0.16228655973845418, 0.23696904346141665], [0.34055636364975794, 0.2931324784596888, 0.14374729890508206, 0.22256385898547157], [0.23963498210395384, 0.3023720761936405, 0.1761975558597165, 0.28179538584268915], [0.32139230515507583, 0.2508800804243849, 0.16538210643718332, 0.26234550798335615], [0.3122593079930312, 0.30761723838844174, 0.1611759334709542, 0.2189475201475734], [0.2678823899911233, 0.2973884450062765, 0.1675509983290562, 0.26717816667354455], [0.30279058180251006, 0.2599756909878321, 0.152174440247572, 0.2850592869620862], [0.24905345784275287, 0.30402924919796775, 0.19914018541806264, 0.24777710754121687], [0.25471294946035994, 0.3153667000654103, 0.17098774466619623, 0.2589326058080339], [0.2943887746139586, 0.3013158962673571, 0.17421203886927858, 0.23008329024940627], [0.3010306617466238, 0.26720129516040686, 0.17170452186309781, 0.2600635212298724], [0.27765366677951564, 0.2740075515519887, 0.1813927397257886, 0.2669460419427074], [0.3243031387412551, 0.28483232024131405, 0.16366681070707745, 0.22719773031035356]]}}