{"test": {"ids": ["111116170", "103120531", "110121500", "113118111", "111119300", "109119591", "112117660", "101110740", "109114030", "110118930", "113122430", "113120601", "98112300", "110116170", "107118520", "105112130", "104109311", "98116940", "97111790", "113118490", "111121190", "101111620", "102108621", "104113550", "110118111", "108114180", "103113210", "100113210", "112118880", "102110500", "110118740", "104117630", "108113480", "99110050", "101108460", "110113931", "107117010", "112116810", "102121440", "105121190", "107114140", "101119591", "105111990", "106116370", "112120990", "107116300", "110115980", "110117500", "104111880", "104111550", "107119390", "97114170", "104119340", "97112830", "100108080", "112120540", "106111321", "113122230", "97116401", "97105960", "108116070", "110116501", "110120640", "112117030", "97107681", "97105760", "111117571", "104114410", "99117740", "102110050", "99121440", "108121410", "108115250", "106116640", "111117120", "105118230", "105115380", "108121351", "110115120", "105113190", "108118630", "103110840", "101111310", "98108410", "99117630", "110119030", "108120700", "107116340", "107114950", "106117790", "107121230", "107114110", "104113210", "113120640", "98110810", "112118820", "97118210", "108120260", "113120540", "98106880", "110118450", "111115910", "107119130", "113121410", "103111990", "113120070", "97106970", "107113360", "113120260", "113122190", "98108150", "102111990", "111120220", "110115710", "111119580", "106116850", "108113760", "112119980", "97107950", "104116980", "105116860", "98108970", "111117480", "104113000", "111119340", "110121450", "112117471", "105115720", "99107660", "109119460", "106119260", "111114171", "112118930", "105116980", "105115570", "105115250", "99108890", "98121790", "107121700", "109117110", "111114121", "111120320"], "labels": [0, 3, 3, 1, 1, 0, 0, 3, 1, 1, 2, 2, 2, 0, 2, 1, 3, 2, 2, 1, 1, 3, 3, 1, 1, 1, 3, 0, 1, 3, 3, 0, 0, 3, 0, 1, 1, 3, 2, 2, 2, 0, 2, 2, 2, 0, 1, 1, 3, 1, 2, 2, 1, 2, 0, 3, 0, 1, 3, 2, 1, 3, 0, 2, 3, 0, 3, 1, 2, 3, 2, 0, 1, 3, 2, 1, 1, 3, 0, 3, 1, 1, 3, 1, 3, 0, 2, 3, 3, 1, 0, 1, 3, 0, 1, 0, 2, 1, 3, 0, 0, 2, 1, 0, 2, 2, 2, 0, 3, 1, 0, 2, 3, 2, 3, 3, 1, 0, 2, 1, 2, 3, 1, 1, 3, 3, 3, 1, 3, 1, 1, 3, 1, 0, 0, 2, 0, 2, 3, 1, 0, 1], "predicted_labels": [3, 0, 1, 3, 3, 0, 3, 1, 1, 3, 3, 1, 0, 3, 1, 1, 1, 1, 3, 0, 1, 1, 1, 0, 0, 3, 0, 3, 1, 0, 3, 0, 3, 1, 1, 3, 2, 1, 1, 1, 1, 1, 0, 0, 0, 3, 1, 0, 3, 1, 1, 1, 3, 2, 3, 0, 1, 0, 2, 3, 2, 0, 3, 3, 3, 1, 0, 0, 1, 2, 1, 1, 0, 0, 3, 3, 1, 3, 3, 0, 1, 0, 1, 0, 1, 3, 2, 1, 0, 0, 1, 3, 1, 3, 1, 3, 0, 0, 3, 3, 1, 1, 1, 3, 3, 1, 1, 0, 3, 3, 1, 0, 0, 3, 3, 1, 2, 2, 1, 3, 0, 1, 3, 3, 3, 3, 1, 1, 0, 3, 1, 3, 3, 1, 1, 1, 1, 1, 3, 3, 1, 3], "confidence_scores": [[0.24888278435526243, 0.22640108694740943, 0.094020530896877, 0.4306955978004512], [0.43136194749140194, 0.17505460727734798, 0.13121691792928442, 0.26236652730196564], [0.29149327410973835, 0.37048166073414773, 0.09726476981027535, 0.24076029534583843], [0.23989917162531918, 0.2845269357202088, 0.1226810957198472, 0.3528927969346247], [0.2564963456941535, 0.27211570276621333, 0.13762850446373667, 0.33375944707589666], [0.3364122669006636, 0.26560407398947156, 0.16790063039776112, 0.23008302871210368], [0.2789611412813096, 0.17936349801898085, 0.16389337906014745, 0.3777819816395622], [0.10213208445652242, 0.4788722687050381, 0.24980367976064263, 0.16919196707779693], [0.24307259859928473, 0.28037724133468683, 0.2157940265231828, 0.26075613354284555], [0.16781186289865713, 0.2735223129810372, 0.08652218477284526, 0.47214363934746045], [0.0714939963466101, 0.30815078998092293, 0.06832377289057452, 0.5520314407818926], [0.18817575841078327, 0.3922586687729777, 0.13925285151869438, 0.28031272129754464], [0.3322851442462147, 0.17682478456555986, 0.22426534790234143, 0.26662472328588394], [0.14895117334096536, 0.18549591253459596, 0.17564480541873412, 0.4899081087057047], [0.11394136813033412, 0.656955792429779, 0.08707414431347939, 0.14202869512640748], [0.2167839386737898, 0.411823397281482, 0.14700731837076075, 0.22438534567396748], [0.14612235807704346, 0.45936009100973413, 0.11310595942228456, 0.28141159149093786], [0.2006346250433183, 0.4295837869306268, 0.10038836023749832, 0.2693932277885565], [0.2650922636393161, 0.24707199869901372, 0.17087057548751775, 0.31696516217415266], [0.4787435148245382, 0.21472778820552385, 0.0661851548030258, 0.24034354216691217], [0.1555856785180154, 0.5136019760235238, 0.0942754825492273, 0.2365368629092336], [0.273643379083086, 0.2900937364826354, 0.14900150752894983, 0.2872613769053287], [0.2621165469777497, 0.27997778229662307, 0.22791147384232208, 0.22999419688330502], [0.5198804695157514, 0.1505435010382646, 0.17427726452416298, 0.1552987649218211], [0.5004411610581986, 0.32837771720921766, 0.06686865287000467, 0.10431246886257897], [0.15285721768387087, 0.30556369514500265, 0.15672992443395548, 0.38484916273717124], [0.37387581542691833, 0.2988300458693937, 0.0961761567607405, 0.23111798194294755], [0.2192907436578965, 0.29816538995974745, 0.1619820153193592, 0.320561851062997], [0.12445866948234002, 0.4192288743327376, 0.13382146285352708, 0.3224909933313953], [0.6933550997227483, 0.08969504279573239, 0.054350005339235834, 0.16259985214228345], [0.2416708471933468, 0.1831968601687738, 0.09650937969555437, 0.4786229129423249], [0.3267637518197005, 0.19421339444387653, 0.2716092004863285, 0.20741365325009445], [0.21102825149129167, 0.22240000107200583, 0.2697135195390087, 0.29685822789769384], [0.20610480437017914, 0.41440744151102826, 0.18693385953089692, 0.1925538945878957], [0.15923086388563473, 0.6218877940200134, 0.13041987102259356, 0.08846147107175838], [0.2101807996467177, 0.22504865137406316, 0.20052462680235286, 0.3642459221768665], [0.13424972237003205, 0.14201926257893585, 0.4086886364993108, 0.31504237855172124], [0.3113836795453256, 0.31924078107159715, 0.14359313773429688, 0.22578240164878033], [0.25304155295426994, 0.46671903013628996, 0.07570845677889473, 0.20453096013054534], [0.16648614573326545, 0.4013596513508972, 0.2439024963329796, 0.18825170658285792], [0.11856221083210416, 0.6585650858816902, 0.11839502033863405, 0.10447768294757143], [0.151625825871291, 0.53574954719974, 0.07837546867099564, 0.23424915825797327], [0.4181855134055544, 0.10643747341253977, 0.07647089966529885, 0.3989061135166068], [0.3162713159230691, 0.25772691464842823, 0.15513627960697007, 0.2708654898215326], [0.334356045391207, 0.14681416474445905, 0.18967522979880444, 0.3291545600655294], [0.22649428324799145, 0.25193528453899294, 0.13065687790605832, 0.3909135543069573], [0.21749218074496784, 0.37619566635493706, 0.12116739107438816, 0.2851447618257069], [0.3284264932112599, 0.3179389581724095, 0.12773144828063476, 0.22590310033569583], [0.14283762779182171, 0.25630249799676147, 0.1662378051787182, 0.4346220690326987], [0.1802991203269758, 0.3155402076047981, 0.21393584647793726, 0.2902248255902889], [0.09584827379508258, 0.44029262844603695, 0.17053900856272225, 0.2933200891961582], [0.30530412687497616, 0.3450359525539494, 0.12951992265519008, 0.22013999791588443], [0.23015079580205386, 0.2093120960875756, 0.1655832049445171, 0.39495390316585366], [0.20322348769893595, 0.21270063237642384, 0.3354225308222593, 0.24865334910238107], [0.18867678564001975, 0.3021869310428052, 0.14412835435530588, 0.3650079289618693], [0.35244192605242486, 0.30653787272006316, 0.16607265309366748, 0.17494754813384472], [0.21801202191370656, 0.4298601240400911, 0.14100991588272724, 0.2111179381634751], [0.36690299231001566, 0.14495970856709225, 0.2704159069406275, 0.21772139218226466], [0.1488025516817444, 0.2945641081089521, 0.3984150697469775, 0.15821827046232584], [0.22397918776158698, 0.1986552782931471, 0.20559139287217112, 0.37177414107309475], [0.1272317521297784, 0.15197987489092687, 0.4590443563632834, 0.26174401661601127], [0.34978980021294764, 0.14401933659224198, 0.160213632597958, 0.3459772305968521], [0.1933679638359278, 0.2919323073113751, 0.1451876258150401, 0.36951210303765714], [0.0969117423231321, 0.13048416027825385, 0.09126109258462298, 0.681343004813991], [0.13195588867077063, 0.1830866430728842, 0.182055096551342, 0.5029023717050033], [0.10952511163755194, 0.42413231738867874, 0.06602717981286411, 0.4003153911609051], [0.4892892179840448, 0.27307269130151735, 0.06964022260595411, 0.16799786810848383], [0.41868471678684943, 0.19610076295623707, 0.060193717133250266, 0.32502080312366305], [0.17632854479424392, 0.3764595992088985, 0.09353424008776112, 0.3536776159090966], [0.17617979372570555, 0.26668080395966265, 0.34484608049364346, 0.21229332182098848], [0.18201152897616032, 0.44526365112963057, 0.23235383901359793, 0.1403709808806112], [0.23023763650260629, 0.46807924064602124, 0.1023751152620651, 0.19930800758930733], [0.36627310221514464, 0.2544652056529292, 0.1777062785793047, 0.20155541355262144], [0.41719061082517284, 0.1583287445185384, 0.17559046690418925, 0.24889017775209962], [0.21605786711732516, 0.3273568644960034, 0.09061567487792122, 0.36596959350875036], [0.19368700959401688, 0.15967720568540453, 0.14215491990878287, 0.5044808648117958], [0.20744279354822961, 0.3245316263154559, 0.24708309119907287, 0.22094248893724158], [0.26422508037846937, 0.21489216556484975, 0.1707564145031909, 0.35012633955349], [0.16644936075227185, 0.34676358758037706, 0.11579377372470827, 0.37099327794264275], [0.41353351282767825, 0.22904676648500472, 0.09894478111564942, 0.2584749395716676], [0.25006297874484673, 0.3167247241846873, 0.2082178447431021, 0.224994452327364], [0.3389529477703649, 0.226704373688537, 0.11789693162309324, 0.316445746918005], [0.259508302896951, 0.300036575156586, 0.17153299363577165, 0.26892212831069134], [0.34478261505062896, 0.2777820823515204, 0.21319537972415895, 0.16423992287369182], [0.24874442717588702, 0.3688709673537499, 0.22298045059656843, 0.15940415487379486], [0.23777828461289593, 0.3022064860340568, 0.11173634093153459, 0.3482788884215126], [0.21129272105054964, 0.2744278545183376, 0.3296609083060861, 0.18461851612502683], [0.26272809381553053, 0.3711176056533845, 0.08783248884125813, 0.278321811689827], [0.4199555166142297, 0.12527352839538594, 0.0634253289665547, 0.39134562602382955], [0.3075603577785108, 0.23012180567948906, 0.18652951959429098, 0.2757883169477091], [0.2516032543050465, 0.31298431808170224, 0.17050732664087592, 0.2649051009723754], [0.17983490607727512, 0.08352260149690553, 0.19922290758062547, 0.5374195848451938], [0.2084700020228715, 0.46159502224534643, 0.1109405446703209, 0.2189944310614611], [0.24185536995409856, 0.32482190331140487, 0.1076161559331505, 0.3257065708013461], [0.16896650010612935, 0.601600258451034, 0.0933330361609352, 0.13610020528190148], [0.3130499905627971, 0.2603957738667303, 0.09880928316698818, 0.3277449524034845], [0.499465422977689, 0.1278663731726662, 0.16766363620690083, 0.20500456764274383], [0.37676404727841784, 0.2906889867993221, 0.11478357338170693, 0.21776339254055319], [0.2217986307897412, 0.32499230269595947, 0.10371500197006213, 0.34949406454423715], [0.15715679482222977, 0.2784468770407392, 0.21810805327042745, 0.3462882748666034], [0.11575483762732353, 0.46841955036381844, 0.1352071621022131, 0.28061844990664514], [0.24761540524615774, 0.3461641910538995, 0.17516943950052405, 0.23105096419941873], [0.21569657098439793, 0.3927531203961563, 0.12006902455876144, 0.27148128406068434], [0.25199096008010435, 0.2689457654835938, 0.09956654408197053, 0.37949673035433135], [0.21085658857343195, 0.30442889503112114, 0.17900750604284915, 0.3057070103525977], [0.192030820365803, 0.3116143362704237, 0.23972840659517172, 0.25662643676860153], [0.16413978606573595, 0.4154397816944758, 0.15380392772038612, 0.26661650451940205], [0.3295844192074565, 0.2808132944007882, 0.11231427966764121, 0.2772880067241141], [0.22876553250085957, 0.28405725591678255, 0.1856106139561561, 0.3015665976262019], [0.18800544377992642, 0.18603334698217497, 0.29589142315820255, 0.3300697860796961], [0.24578627754850027, 0.3166891947602405, 0.1567167333040759, 0.2808077943871834], [0.6669462314997402, 0.13022216154068517, 0.06182408358891615, 0.1410075233706585], [0.4432447674392721, 0.18676856397105898, 0.0662271359835166, 0.3037595326061524], [0.155463642065858, 0.1748060901457255, 0.10260305691208016, 0.5671272108763364], [0.22385945837319926, 0.20816845782849627, 0.14015314789246736, 0.42781893590583725], [0.19345735941337588, 0.4166453795818817, 0.11232266599086121, 0.2775745950138812], [0.35676894719549196, 0.10923650102471848, 0.4182381434507153, 0.11575640832907427], [0.2910249023171697, 0.1121214438089761, 0.33538319134524824, 0.2614704625286059], [0.18276572920832995, 0.3781558283559662, 0.17964601049410964, 0.2594324319415944], [0.24309507380336703, 0.23917298468316084, 0.10238715967398111, 0.415344781839491], [0.5640385525637931, 0.25142551519959355, 0.12916998412632213, 0.05536594811029136], [0.14310940492450183, 0.4557842834898119, 0.16872304951662082, 0.23238326206906534], [0.2175645580293217, 0.30451075567820596, 0.1227784466163239, 0.3551462396761485], [0.11189521687056146, 0.10954365203759965, 0.10022026027662516, 0.6783408708152137], [0.1866838893743208, 0.20083279885500993, 0.14919034797395755, 0.46329296379671187], [0.2576859105727655, 0.25715082009024054, 0.15400718375592276, 0.33115608558107135], [0.11419622750818673, 0.5865461416384226, 0.10277643457474288, 0.19648119627864785], [0.13378063354545713, 0.42848133685958095, 0.10800187012113276, 0.32973615947382917], [0.29862663537838713, 0.2900820885697772, 0.21082975851983052, 0.2004615175320051], [0.2102066752684761, 0.2372414460550983, 0.2694657454032759, 0.2830861332731497], [0.2505177992185962, 0.287801406717076, 0.23488951650292256, 0.22679127756140544], [0.08042532066257457, 0.2773436080108124, 0.10061263272371271, 0.5416184386029003], [0.24698849537511483, 0.2299049269834849, 0.09282589794678972, 0.43028067969461053], [0.16574910508825486, 0.4138857192833207, 0.0761706357289576, 0.34419453989946697], [0.11954745840596118, 0.5380395675863375, 0.10051714258910291, 0.2418958314185985], [0.2717431491634, 0.36660731389690043, 0.15489701486474755, 0.20675252207495198], [0.09333146677187201, 0.7346462162906459, 0.059448635742611146, 0.11257368119487117], [0.1772427308376711, 0.40311852880898735, 0.28358526439042614, 0.13605347596291556], [0.19788314860511233, 0.23757167356654135, 0.10683756462703774, 0.45770761320130865], [0.2964086852033292, 0.2810880852526223, 0.09920239235674856, 0.32330083718730007], [0.15062637570166612, 0.4529987355152366, 0.07936322500867546, 0.31701166377442197], [0.2254748879479936, 0.16267200016567795, 0.09602267526317709, 0.5158304366231513]]}, "rewritten": {"ids": ["97105760", "97105960", "97106970", "97107681", "97107950", "97111790", "97112830", "97114170", "97116401", "97118210", "98106880", "98108150", "98108410", "98108970", "98110810", "98112300", "98116940", "98121790", "99107660", "99108890", "99110050", "99117630", "99117740", "99121440", "100108080", "100113210", "101108460", "101110740", "101111310", "101111620", "101119591", "102108621", "102110050", "102110500", "102111990", "102121440", "103110840", "103111990", "103113210", "103120531", "104109311", "104111550", "104111880", "104113000", "104113210", "104113550", "104114410", "104116980", "104117630", "104119340", "105111990", "105112130", "105113190", "105115250", "105115380", "105115570", "105115720", "105116860", "105116980", "105118230", "105121190", "106111321", "106116370", "106116640", "106116850", "106117790", "106119260", "107113360", "107114110", "107114140", "107114950", "107116300", "107116340", "107117010", "107118520", "107119130", "107119390", "107121230", "107121700", "108113480", "108113760", "108114180", "108115250", "108116070", "108118630", "108120260", "108120700", "108121351", "108121410", "109114030", "109117110", "109119460", "109119591", "110113931", "110115120", "110115710", "110115980", "110116170", "110116501", "110117500", "110118111", "110118450", "110118740", "110118930", "110119030", "110120640", "110121450", "110121500", "111114121", "111114171", "111115910", "111116170", "111117120", "111117480", "111117571", "111119300", "111119340", "111119580", "111120220", "111120320", "111121190", "112116810", "112117030", "112117471", "112117660", "112118820", "112118880", "112118930", "112119980", "112120540", "112120990", "113118111", "113118490", "113120070", "113120260", "113120540", "113120601", "113120640", "113121410", "113122190", "113122230", "113122430"], "labels": [0, 2, 2, 3, 2, 2, 2, 2, 3, 2, 0, 0, 1, 3, 1, 2, 2, 2, 3, 0, 3, 3, 2, 2, 0, 0, 0, 3, 3, 3, 0, 3, 3, 3, 2, 2, 1, 2, 3, 3, 3, 1, 3, 1, 3, 1, 1, 1, 0, 1, 2, 1, 3, 2, 1, 0, 1, 2, 0, 1, 2, 0, 2, 3, 3, 1, 1, 0, 1, 2, 3, 0, 3, 1, 2, 1, 2, 0, 3, 0, 1, 1, 1, 1, 1, 1, 2, 3, 0, 1, 1, 1, 0, 1, 0, 2, 1, 0, 3, 1, 1, 0, 3, 1, 0, 0, 3, 3, 0, 3, 2, 0, 2, 1, 3, 1, 3, 3, 3, 1, 1, 3, 2, 3, 0, 0, 1, 1, 0, 3, 2, 1, 1, 2, 3, 3, 2, 0, 0, 1, 1, 2], "predicted_labels": [3, 1, 3, 2, 1, 3, 3, 3, 3, 3, 1, 0, 3, 1, 1, 3, 1, 0, 0, 1, 3, 0, 3, 1, 1, 0, 2, 1, 1, 0, 3, 0, 3, 0, 1, 1, 0, 1, 1, 1, 3, 1, 3, 3, 2, 3, 3, 1, 0, 3, 0, 3, 2, 1, 1, 3, 3, 0, 1, 3, 3, 1, 3, 1, 3, 3, 2, 3, 3, 3, 0, 3, 1, 3, 1, 3, 1, 3, 3, 0, 0, 3, 0, 0, 2, 1, 0, 2, 1, 3, 0, 3, 3, 0, 1, 3, 1, 3, 0, 0, 0, 1, 0, 3, 2, 1, 3, 0, 0, 3, 0, 1, 3, 1, 0, 3, 3, 3, 0, 3, 0, 1, 3, 3, 3, 3, 3, 0, 0, 0, 1, 3, 3, 2, 3, 1, 3, 1, 3, 2, 3, 1], "confidence_scores": [[0.207137470267438, 0.21310271413385354, 0.11458821886407598, 0.46517159673463254], [0.17059499257188174, 0.448998430021704, 0.21636097882590394, 0.16404559858051038], [0.21618248207136928, 0.1757287079449134, 0.22517411047837096, 0.38291469950534635], [0.19650560736537573, 0.22956149233109302, 0.292880647110287, 0.28105225319324423], [0.24623013331494278, 0.33010237216817545, 0.10923515557077476, 0.3144323389461071], [0.2632224844465288, 0.1918129532157719, 0.10150803393835564, 0.4434565283993438], [0.11062935847557609, 0.16043565266525928, 0.14501961814350506, 0.5839153707156595], [0.24210539925541763, 0.24128184865876254, 0.081020172489437, 0.43559257959638276], [0.15010940096927758, 0.16035057841301673, 0.2491026882875109, 0.4404373323301949], [0.2980734420430136, 0.23327980071501117, 0.1591092099587468, 0.30953754728322846], [0.16136867480100056, 0.33608029940080486, 0.22524678215694835, 0.27730424364124645], [0.5202958968365573, 0.19206509331119354, 0.07702949976456289, 0.2106095100876863], [0.19615024753108776, 0.35585388660267975, 0.08838885652702443, 0.35960700933920814], [0.15697008493073725, 0.4387633089047971, 0.23198452358212016, 0.1722820825823455], [0.1698041725933065, 0.5440243936624434, 0.1029530279661132, 0.18321840577813692], [0.19791147796730638, 0.305041049957343, 0.14732191022472765, 0.34972556185062315], [0.25480964456357513, 0.2807868195920373, 0.2575550196705326, 0.20684851617385483], [0.7125049832853175, 0.1279456345251307, 0.059077031405857135, 0.10047235078369485], [0.3225950565111775, 0.23028632322761988, 0.21845654029859762, 0.22866207996260504], [0.11180068818631358, 0.6044394201907654, 0.11586428373498016, 0.16789560788794103], [0.15483076777194152, 0.2063008503857825, 0.23212643387827708, 0.40674194796399893], [0.35966423831819455, 0.26688066914743097, 0.1746320661972249, 0.19882302633714943], [0.1981848778591723, 0.3042814598036972, 0.14908712692132037, 0.34844653541581], [0.29365979955611893, 0.3406862589189841, 0.14465594663788864, 0.2209979948870085], [0.27125307857107867, 0.32014265517685775, 0.09987688693571975, 0.3087273793163438], [0.39802930980553475, 0.1463621056817678, 0.1839274038852938, 0.2716811806274037], [0.24967591128987857, 0.22225075567812538, 0.30700748557164376, 0.22106584746035227], [0.1440623492181613, 0.4597031752155794, 0.16868812428729368, 0.22754635127896555], [0.35304453918215484, 0.40978256883763, 0.08040629711219703, 0.1567665948680182], [0.4074082690504425, 0.16111151013340555, 0.11340155394212678, 0.3180786668740253], [0.24822755594725618, 0.21507060483839102, 0.1554965797038045, 0.3812052595105483], [0.47194371501783977, 0.22764431579990632, 0.06137030078037201, 0.23904166840188198], [0.1499519321926293, 0.28135574514963246, 0.2791796320454994, 0.2895126906122389], [0.3606980174584962, 0.19049491428920742, 0.09717510445361623, 0.3516319637986803], [0.24224448999326753, 0.41146358488193957, 0.09199992604510458, 0.2542919990796884], [0.1641868684852998, 0.5013169634166734, 0.07555285551218427, 0.2589433125858425], [0.34902988192853895, 0.19316112452272385, 0.13672585735585507, 0.3210831361928822], [0.16091743174521878, 0.49510534151002145, 0.1182471343147839, 0.22573009242997585], [0.16385844913039563, 0.49650963066509485, 0.0759050695531389, 0.2637268506513707], [0.25473428658991065, 0.45333391946938395, 0.10885620531512702, 0.18307558862557835], [0.21715420822078488, 0.28075498901758894, 0.13011143896929842, 0.37197936379232777], [0.18799407644174704, 0.3391619041525914, 0.2496691549849049, 0.22317486442075657], [0.1674526967127843, 0.13587172188120608, 0.286235909410719, 0.4104396719952906], [0.20092310675396638, 0.15016120726994592, 0.1859632606837469, 0.46295242529234076], [0.16200753728448736, 0.21867112525653745, 0.3430758963660938, 0.27624544109288135], [0.1827750136110256, 0.15332576892313415, 0.3318739669013314, 0.3320252505645089], [0.3597125130391105, 0.21030295834066468, 0.0513106845404442, 0.3786738440797808], [0.1461144054787249, 0.42108961339387024, 0.10299970759795908, 0.32979627352944585], [0.31586242951091026, 0.2557469002960525, 0.19724993960980577, 0.23114073058323154], [0.22147153099723713, 0.2651015097510348, 0.10528533813712812, 0.4081416211146], [0.44916060727540463, 0.24784189329971398, 0.06199895061015667, 0.24099854881472468], [0.22576201813789556, 0.28029854018109124, 0.17803633126413768, 0.31590311041687563], [0.2328405376335366, 0.16159378107939298, 0.30310141792531364, 0.3024642633617568], [0.12700513735450697, 0.4844043318102444, 0.05636673139004136, 0.33222379944520736], [0.2489561555196996, 0.49205512552404185, 0.10415774623901683, 0.15483097271724175], [0.1936241946179522, 0.30197391803413687, 0.16267825407754755, 0.34172363327036326], [0.14862131461045147, 0.2895289792193663, 0.11610255072946082, 0.44574715544072135], [0.4205817309102934, 0.30633603231953, 0.16755158096369838, 0.10553065580647833], [0.09862520263461096, 0.6557528171663787, 0.05995256755192187, 0.18566941264708847], [0.2207583509233295, 0.1638408732315236, 0.20600215485930648, 0.4093986209858405], [0.1453202105484981, 0.364820253983635, 0.08124420535292239, 0.40861533011494444], [0.20576381318547468, 0.3766267313973823, 0.168309773923854, 0.24929968149328915], [0.33573747121078096, 0.2059061011666023, 0.11983250343800082, 0.33852392418461597], [0.19617734405418305, 0.3132332457623713, 0.22335876436601984, 0.26723064581742584], [0.18873577676041667, 0.30711841498605796, 0.18081213471285532, 0.3233336735406702], [0.17228987586198635, 0.2792070856578213, 0.19557978572450105, 0.3529232527556914], [0.2658771642295266, 0.2231229549625556, 0.27112748821489363, 0.2398723925930241], [0.30724687727230826, 0.2085634821909819, 0.06856497122530911, 0.4156246693114007], [0.0697141925878985, 0.09870418045301387, 0.07712634450155484, 0.7544552824575329], [0.163700796302141, 0.20827936731650454, 0.190728353226612, 0.43729148315474253], [0.49321961507555656, 0.09350653219324076, 0.09705603140312964, 0.316217821328073], [0.27105716111464356, 0.20623034893853598, 0.168703770882533, 0.35400871906428777], [0.20148275045265152, 0.39001209496811884, 0.19178075120972088, 0.21672440336950882], [0.1423468495339567, 0.27753528041467745, 0.24974040582524965, 0.33037746422611625], [0.1951865871485432, 0.43156020700284864, 0.16192746970442964, 0.21132573614417852], [0.202502566019231, 0.24494221508002023, 0.11850581224816753, 0.43404940665258124], [0.22639857602104196, 0.29631911779371667, 0.21150370544078026, 0.2657786007444612], [0.11812336143024038, 0.34770931121069265, 0.14823479866172448, 0.38593252869734224], [0.10778960408165073, 0.16180983785389738, 0.11051386042531684, 0.6198866976391351], [0.2895530964049695, 0.24630613457877715, 0.23427148213954554, 0.2298692868767079], [0.3783593000023237, 0.16028879884690714, 0.2854878739818507, 0.17586402716891839], [0.06684016908948377, 0.10070217511369238, 0.09422432951236677, 0.7382333262844573], [0.2953478385927112, 0.24449930755533814, 0.23953733098532537, 0.22061552286662547], [0.4778034877344088, 0.19544725171846983, 0.08661714246034258, 0.24013211808677898], [0.16700286128945724, 0.19523165053868582, 0.321576123440439, 0.31618936473141795], [0.2781429274363064, 0.32400264233306847, 0.13627238353852347, 0.2615820466921016], [0.4126262708562294, 0.18531223422467816, 0.2683671088062824, 0.13369438611281012], [0.07812593473109312, 0.23831773434306108, 0.4038460102851583, 0.2797103206406874], [0.238194219236219, 0.4333730975294485, 0.1327722172651964, 0.19566046596913605], [0.1835799516055713, 0.22329913140866609, 0.10946765516396795, 0.4836532618217945], [0.47803451645474176, 0.1945360248118439, 0.11200295017981668, 0.21542650855359766], [0.2925130016243878, 0.16164120671141702, 0.18967292842374228, 0.3561728632404531], [0.21562035942552155, 0.253649145402189, 0.18687096041850557, 0.34385953475378384], [0.3272685798468807, 0.2850653998690065, 0.12656440215147233, 0.26110161813264077], [0.19098237337043036, 0.39065464823489304, 0.08443464027788364, 0.3339283381167929], [0.3543996438227312, 0.17101705532685693, 0.11862874977292073, 0.35595455107749113], [0.24550221358085847, 0.29910109652703876, 0.19725194126519546, 0.25814474862690756], [0.15911320057697917, 0.2746740783431788, 0.10919605237344454, 0.4570166687063974], [0.3891293740605946, 0.15541207315806332, 0.18835424860597497, 0.26710430417536707], [0.36042884421267074, 0.2917558274751221, 0.08726643410611162, 0.26054889420609567], [0.640088369005612, 0.16067150223532445, 0.10009551589909677, 0.09914461285996666], [0.18179915041693165, 0.3093233060634093, 0.27697438315961015, 0.23190316036004904], [0.27580800640124126, 0.22021245158569305, 0.22992244533769493, 0.2740570966753708], [0.28408232276768897, 0.19754991680397999, 0.16743226733649913, 0.3509354930918319], [0.1542568886356814, 0.294733584404153, 0.312032144338416, 0.23897738262174967], [0.16088433588708775, 0.3865577033218793, 0.14834988272002692, 0.304208078071006], [0.1939931373644336, 0.18547619708482235, 0.1614692430069932, 0.4590614225437508], [0.5970610314027698, 0.1670719045307226, 0.05723132099332349, 0.17863574307318408], [0.4564543548143326, 0.2055569728578364, 0.09420667601112087, 0.2437819963167101], [0.14289707688158854, 0.08647460571462422, 0.2571524351285443, 0.513475882275243], [0.4821919315827095, 0.19192492637230377, 0.2040142216093258, 0.12186892043566101], [0.3227797269818471, 0.32481083968490165, 0.09520092411446658, 0.25720850921878474], [0.1589710329606173, 0.33940302368005765, 0.08062594949855381, 0.4209999938607712], [0.22503337607105578, 0.30839419686044683, 0.17363231909168095, 0.2929401079768165], [0.4169651274533057, 0.28172275779102296, 0.1107306245773388, 0.19058149017833262], [0.17382423828528099, 0.2644375859635371, 0.0815483540781618, 0.48018982167301993], [0.2669534309703124, 0.23556862432581852, 0.1346199434218678, 0.3628580012820013], [0.28591875504565917, 0.17442052921293077, 0.11409581083285456, 0.4255649049085556], [0.3425426670275755, 0.2866704444871923, 0.08245457035909821, 0.28833231812613386], [0.14289644644659466, 0.16563987541311506, 0.24662834036626438, 0.44483533777402584], [0.764082211432417, 0.05880472169220115, 0.051846412379925856, 0.12526665449545632], [0.3047105357031494, 0.3305140437241059, 0.1837143002407346, 0.1810611203320103], [0.17559501670542468, 0.28544612698560945, 0.17831888942457697, 0.360639966884389], [0.28898378402447866, 0.27702113274793044, 0.10196107777589077, 0.3320340054517001], [0.17345686023525647, 0.21723455297377312, 0.10376304521443044, 0.5055455415765401], [0.21677555218101063, 0.19544874058667924, 0.10889257860972927, 0.47888312862258087], [0.13901479526323893, 0.3600751536207523, 0.09576132329560934, 0.4051487278203994], [0.4046047460486813, 0.17912866261528074, 0.18006146458317054, 0.23620512675286756], [0.3710289302032597, 0.14352875007421548, 0.2601489530003967, 0.22529336672212819], [0.318769814332198, 0.2207313856451404, 0.16583660086265536, 0.29466219916000624], [0.32764850947497104, 0.40807038299037907, 0.12714382025345172, 0.13713728728119814], [0.1776279566385942, 0.23492967627971884, 0.13684858210195464, 0.45059378497973246], [0.3021230275407078, 0.2423386050042795, 0.11673432680792692, 0.3388040406470858], [0.15301303528057064, 0.26984781545471126, 0.35926954911060566, 0.21786960015411233], [0.17428564769855562, 0.25679604658094196, 0.1305110416005316, 0.4384072641199708], [0.22142948663159848, 0.39794615798906896, 0.10190581992960747, 0.2787185354497251], [0.26966626059611226, 0.22239096162409325, 0.21038440756680848, 0.29755837021298615], [0.31822834275469397, 0.3273411383250982, 0.15809970984022903, 0.19633080907997874], [0.20379377314006872, 0.31821156775386045, 0.12123094231335892, 0.35676371679271207], [0.1456950685953843, 0.14151220073964496, 0.5843931531965137, 0.1283995774684571], [0.3893470801366624, 0.12449535117292429, 0.07161122671828404, 0.4145463419721293], [0.06980435947053866, 0.5431544100963538, 0.219559870324663, 0.16748136010844453]]}}