{"test": {"ids": ["105115250", "112121351", "99105921", "113120070", "103113210", "104113000", "112120540", "112116900", "113122150", "99116500", "98111670", "111119150", "108114180", "108117451", "98111231", "110114720", "103111170", "110114651", "112118880", "99117740", "109117431", "107118490", "113118870", "97107950", "102109010", "103111990", "99109161", "109113881", "107115250", "108121351", "100113210", "108118060", "99109860", "102121700", "109114030", "113121680", "100110260", "109113931", "107113170", "113121190", "104111880", "111120220", "99109780", "103113170", "112116290", "103111480", "102112301", "100109360", "97112300", "98108370", "109116441", "98107410", "110119300", "110114321", "112116451", "113119120", "97116800", "111121410", "97106820", "110118181", "97105960", "101114020", "99107640", "103120730", "108117360", "104111830", "111115400", "105113480", "110118121", "99109370", "113121010", "104111620", "101117580", "103110050", "105117431", "106119990", "112118701", "110120531", "111119340", "104111550", "97107821", "98106880", "97107260", "113120780", "101108621", "112116880", "106119260", "105117351", "102110890", "107119950", "104110960", "98120530", "106118161", "113121980", "104116800", "108121410", "108117610", "101108460", "111118910", "98108520", "113117340", "105120621", "100111380", "109120540", "112117660", "99111620", "111116290", "99107630", "107114780", "103109791", "107116300", "111119580", "109119460", "99113260", "112120630", "113119360", "105115380", "105112130", "111116040", "101116130", "101110200", "107120260", "109119591", "103110220", "113120751", "110118930", "112118581", "108114360", "98107210", "112116990", "111116411", "108119330", "107112850", "100109330", "112117210", "105110091", "113120531", "104112470", "111118820", "106115120", "105121190", "109120621"], "labels": [2, 0, 1, 2, 3, 1, 3, 3, 2, 2, 1, 3, 1, 2, 1, 3, 2, 3, 1, 2, 1, 2, 0, 2, 1, 2, 3, 0, 2, 3, 0, 1, 2, 1, 1, 1, 3, 1, 0, 1, 3, 3, 2, 3, 0, 0, 1, 0, 2, 1, 3, 3, 1, 1, 0, 3, 0, 0, 1, 1, 2, 3, 1, 1, 1, 3, 0, 0, 3, 1, 2, 0, 3, 3, 1, 0, 0, 0, 3, 1, 2, 0, 2, 0, 0, 0, 1, 0, 0, 3, 2, 1, 3, 2, 1, 0, 3, 0, 0, 2, 2, 1, 3, 1, 0, 3, 2, 2, 2, 3, 0, 3, 1, 0, 3, 0, 1, 1, 0, 2, 2, 1, 0, 2, 1, 1, 1, 1, 1, 0, 0, 0, 1, 0, 1, 0, 0, 1, 0, 1, 2, 1], "predicted_labels": [1, 3, 3, 3, 3, 3, 3, 3, 3, 1, 1, 3, 3, 3, 1, 1, 3, 3, 3, 1, 1, 1, 1, 3, 3, 1, 0, 1, 3, 3, 3, 3, 1, 0, 3, 1, 0, 3, 3, 0, 3, 1, 1, 3, 3, 3, 1, 3, 1, 3, 0, 3, 1, 1, 0, 3, 0, 3, 3, 1, 3, 3, 1, 3, 3, 1, 0, 3, 3, 3, 3, 3, 3, 1, 3, 3, 3, 3, 3, 3, 3, 3, 3, 1, 1, 1, 0, 0, 3, 3, 3, 3, 3, 3, 3, 1, 3, 1, 3, 1, 3, 3, 1, 1, 3, 1, 1, 3, 1, 3, 3, 0, 0, 3, 3, 3, 1, 1, 3, 3, 1, 0, 3, 1, 3, 3, 3, 3, 1, 3, 3, 3, 1, 1, 1, 3, 1, 3, 0, 3, 3, 3], "confidence_scores": [[0.26645310245310244, 0.2879242646242646, 0.15901728826728828, 0.2866053446553446], [0.279667143967144, 0.26663792873792885, 0.1473170496170497, 0.3063778776778777], [0.2681588772338773, 0.26671346986347, 0.18845663780663782, 0.27667101509601527], [0.20139966977466983, 0.28980827505827517, 0.21556360306360323, 0.29322845210345205], [0.23596751026751026, 0.2894084526584527, 0.17320724830724843, 0.3014167887667888], [0.2152605006105006, 0.23013934398934416, 0.19981757131757139, 0.35478258408258406], [0.2346629148629148, 0.27182188367188376, 0.15335712620712627, 0.3401580752580752], [0.24719107281607294, 0.27932318237318243, 0.17633105505605512, 0.2971546897546899], [0.24096650408415124, 0.28053118907236557, 0.175899913038458, 0.3026023938050255], [0.17114730269730286, 0.3021731268731268, 0.2531825618825619, 0.27349700854700865], [0.2319281607281609, 0.28088480130980137, 0.2133682706182706, 0.27381876734376737], [0.23755688592453314, 0.25878455237572895, 0.17745234014351668, 0.32620622155622137], [0.18310442335442342, 0.22324217449217462, 0.18011252081252085, 0.413540881340881], [0.28509390054390066, 0.23441818736818756, 0.1305962204462205, 0.34989169164169176], [0.2731627428127429, 0.3117871517371517, 0.1451591020091021, 0.2698910034410037], [0.20528822843822855, 0.3165720557220556, 0.22569850427350438, 0.2524412115662117], [0.24459285714285728, 0.25806264846264854, 0.2108268574420749, 0.28651763695241966], [0.23849779489516337, 0.2543537591063908, 0.15875374070374074, 0.34839470529470534], [0.21608729522111875, 0.28590236336590824, 0.19863578643578655, 0.29937455497718657], [0.255703318903319, 0.273492157842158, 0.20345006660006665, 0.2673544566544568], [0.20968087468087476, 0.3118826950826951, 0.19606677766677777, 0.28236965256965274], [0.22022823287823295, 0.2981130036630036, 0.2125432105905792, 0.26911555286818456], [0.23120994005994003, 0.32465257520257523, 0.14490362415362418, 0.29923386058386053], [0.20510155041037395, 0.2812071012321013, 0.22202297979797997, 0.2916683685595449], [0.2340003996003997, 0.2764586163836165, 0.21132018537018543, 0.2782207986457987], [0.23130287490287502, 0.29195412920412916, 0.18695412365412375, 0.2897888722388723], [0.29431326728826734, 0.2734656787656788, 0.1900973221223221, 0.24212373182373198], [0.23311967476967493, 0.291823631923632, 0.21557941502941513, 0.25947727827727834], [0.2104987068487069, 0.2792552003552003, 0.21404027084027102, 0.2962058219558221], [0.2927718281718282, 0.24986207126207138, 0.14705713730713726, 0.31030896325896323], [0.2736029914529913, 0.22138027528027535, 0.15761765456765459, 0.34739907869907877], [0.2780421078921078, 0.2577647963147964, 0.1495896825396827, 0.31460341325341323], [0.20955864135864138, 0.31901944721944714, 0.2278747807747808, 0.24354713064713077], [0.2999915362415362, 0.2989289321789321, 0.16877027417027415, 0.23230925740925748], [0.22563132423132432, 0.25794049839049854, 0.20875012861534611, 0.3076780487628314], [0.20997947607947606, 0.33042536907536924, 0.17524956154956156, 0.28434559329559345], [0.29183037518037525, 0.23848492063492066, 0.1865549062049063, 0.28312979797979815], [0.2567895937395938, 0.2803966755466757, 0.14025367410367418, 0.32256005661005654], [0.21940658230658236, 0.31454768009768014, 0.13284951714951723, 0.3331962204462202], [0.3017086663336664, 0.2529219946719947, 0.15762486124986128, 0.28774447774447787], [0.17953831168831172, 0.2441497835497836, 0.2137985403485404, 0.3625133644133646], [0.3088792315527609, 0.3138511211011211, 0.13708970506617574, 0.24017994227994233], [0.251147041847042, 0.3326958652458652, 0.18276238761238778, 0.23339470529470535], [0.2349402541902543, 0.27463199023199014, 0.21284250194250207, 0.27758525363525394], [0.23321517649017662, 0.29739406149406167, 0.16244093129093135, 0.3069498307248306], [0.2637482017982017, 0.26312385392385396, 0.16546075036075045, 0.3076671939171938], [0.23182546897546907, 0.28099163059163057, 0.22370288980025832, 0.2634800106326423], [0.23624037629037634, 0.2367044122544123, 0.22872503052503068, 0.29833018093018115], [0.2805648470810235, 0.2949634992458523, 0.18901820465695152, 0.23545344901617282], [0.19744522699522704, 0.26814770507270513, 0.24019575147075156, 0.29421131646131643], [0.3086850593850594, 0.25878609723609736, 0.15090300255300257, 0.28162584082584086], [0.2357723942723943, 0.2316644966144967, 0.23153148518148536, 0.3010316239316241], [0.2702899711399712, 0.3047078643578644, 0.1732055833055834, 0.2517965811965812], [0.21172268564768562, 0.2993968004218004, 0.23013222333222347, 0.25874829059829074], [0.333364543789544, 0.31422219447219457, 0.1323552225552226, 0.2200580391830393], [0.22619083694083705, 0.22164069264069267, 0.14772667332667336, 0.40444179709179723], [0.28058586576821876, 0.2656549711726183, 0.1872659340659342, 0.266493228993229], [0.2454582251082252, 0.27698609723609724, 0.1636536075036076, 0.3139020701520702], [0.24170576645576658, 0.21245817238317247, 0.20550934343434343, 0.3403267177267177], [0.23885814185814197, 0.29319419469419467, 0.18441387501387502, 0.28353378843378857], [0.19573132423132444, 0.2431954018204019, 0.22713811188811195, 0.333935162060162], [0.18017556218291525, 0.29117023368788086, 0.2025968420468421, 0.32605736208236213], [0.21583501384236686, 0.2945281923958395, 0.20441872294372293, 0.2852180708180709], [0.26430077145077147, 0.26515345487845504, 0.17965555000555006, 0.2908902236652238], [0.17874951159951166, 0.28873873903873915, 0.20580434010434015, 0.3267074092574093], [0.1961936904598671, 0.3045554794878324, 0.2028344957330252, 0.29641633431927555], [0.27279874373992025, 0.2695576181987947, 0.19108225108225121, 0.26656138697903414], [0.23541756854256854, 0.24378495670995692, 0.15918138528138537, 0.3616160894660894], [0.2754965201465202, 0.28867835497835503, 0.1200823232323233, 0.3157428016428017], [0.24726219336219346, 0.2830749639249642, 0.15441273726273733, 0.3152501054501055], [0.22679336219336235, 0.3090195165945166, 0.15502514985014995, 0.3091619713619714], [0.26703799533799544, 0.19539203574203576, 0.19144342324342337, 0.34612654567654577], [0.2797047091797091, 0.2578321983571983, 0.15023614163614166, 0.3122269508269508], [0.21128865023865037, 0.3092532911532913, 0.22369456654456663, 0.2557634920634921], [0.21484726547961844, 0.27686928071928085, 0.20807523424288135, 0.30020821955821947], [0.2583861999112, 0.2764332334332335, 0.15047306859806864, 0.31470749805749804], [0.24426567794950169, 0.25439869574869584, 0.16746716339216355, 0.33386846290963945], [0.23407405372405374, 0.27322004662004656, 0.16987658452658458, 0.32282931512931506], [0.25428918303918313, 0.27959153901653916, 0.15416643356643367, 0.31195284437784443], [0.220909610977258, 0.2808430716342481, 0.2115475116386883, 0.2866998057498057], [0.24714993339993357, 0.26628970473970487, 0.17637251082251104, 0.31018785103785107], [0.19816524586524592, 0.25016106116106124, 0.264161410811411, 0.28751228216228236], [0.19175717256599614, 0.23464100344100355, 0.21312626262626264, 0.36047556136673786], [0.23303778443778456, 0.3068710844710846, 0.16439857364857374, 0.2956925574425575], [0.2473149850149851, 0.27521259296259315, 0.20541516816516828, 0.2720572538572539], [0.19632073482073484, 0.3246316794316794, 0.19824373959373978, 0.28080384615384624], [0.28029144189144184, 0.23044047619047628, 0.23007580197580213, 0.25919227994228006], [0.29967662337662315, 0.24446786546786572, 0.16170360195360203, 0.2941519092019093], [0.24858950216450237, 0.21500873015873026, 0.19796416916416928, 0.33843759851259836], [0.20286608114108123, 0.2866799422799425, 0.18543286815523663, 0.3250211084237401], [0.2593972666222666, 0.2572505411255413, 0.19809050394050406, 0.28526168831168847], [0.264469363969364, 0.23197027972027984, 0.18756875901875908, 0.31599159729159726], [0.2372008463758464, 0.29383700188700174, 0.15655112665112675, 0.3124110250860252], [0.1888647019647021, 0.2877743201243201, 0.14816577311577317, 0.37519520479520474], [0.23540310245310256, 0.26464675324675335, 0.21016792096792103, 0.2897822233322235], [0.28170738355212055, 0.29705906315906316, 0.17313826173826177, 0.24809529155055496], [0.21089252414252432, 0.22996349206349218, 0.14476969696969708, 0.4143742868242866], [0.2614303882392119, 0.29399319569319576, 0.1977765734265735, 0.24679984264101917], [0.2346400072150072, 0.27931927794427786, 0.19984764124764134, 0.28619307359307367], [0.276273692973693, 0.3008772338772339, 0.157480574980575, 0.2653684981684983], [0.20103670773670784, 0.29706022311022307, 0.19746592296592302, 0.3044371461871462], [0.267932461982462, 0.21409042624042626, 0.10490475635475639, 0.4130723554223554], [0.2592472804972806, 0.29818872793872797, 0.16210945165945181, 0.28045453990453995], [0.23202957238839597, 0.3055126909038674, 0.18440271950271964, 0.27805501720501724], [0.20109938672438676, 0.2373090298590299, 0.20020604950604962, 0.36138553391053385], [0.22336457986457992, 0.2971612498612499, 0.20135572205572214, 0.2781184482184484], [0.22412272727272747, 0.312810952935953, 0.19262447274947295, 0.270441847041847], [0.25233019758019765, 0.21630427905427915, 0.17269415029415033, 0.35867137307137315], [0.23797781107781102, 0.2969724164724164, 0.213743579608797, 0.25130619284097555], [0.24361401376401384, 0.24905682095682113, 0.21676534021534025, 0.29056382506382505], [0.2522471306471308, 0.2641258741258741, 0.18726793761793772, 0.2963590576090575], [0.3052398629148629, 0.23434993894993905, 0.1871272394272394, 0.2732829587079588], [0.28358645798645815, 0.27315365190365176, 0.16446465201465205, 0.27879523809523826], [0.2521796980796982, 0.24063174048174052, 0.2180695693195695, 0.28911899211899195], [0.2595523421023421, 0.27933185148185147, 0.1754516150516151, 0.28566419136419147], [0.27135540015540016, 0.25409407259407274, 0.1846203407703409, 0.28993018648018637], [0.23775553890553897, 0.3011441946941948, 0.16153329448329454, 0.299566971916972], [0.2066670884670886, 0.33971727716727734, 0.19275430680430686, 0.2608613275613278], [0.2757644300144301, 0.24068917748917748, 0.16647207792207805, 0.3170743145743146], [0.19590049950049956, 0.26591548451548447, 0.21734527139527154, 0.32083874458874473], [0.21734347319347333, 0.3039204406704408, 0.1924510989010989, 0.2862849872349873], [0.2955014430014431, 0.2840328282828283, 0.16674473304473303, 0.25372099567099576], [0.2339830625257096, 0.2865694508106274, 0.19094775861393518, 0.28849972804972807], [0.2021593795093796, 0.2985632811632812, 0.2068556943056944, 0.29242164502164514], [0.1791443445443446, 0.29121597291597306, 0.19748873903873915, 0.3321509435009434], [0.19932091242091246, 0.2877433455433455, 0.17258130203130204, 0.34035444000444], [0.19098615665380372, 0.2704144003055769, 0.24995581999699656, 0.28864362304362307], [0.21021096681096693, 0.2811510683760685, 0.20627953712953717, 0.30235842768342774], [0.2479616161616163, 0.2918287656787658, 0.20894761904761916, 0.25126199911199937], [0.26007767787767794, 0.21073845598845606, 0.19352838827838834, 0.3356554778554778], [0.2985905594405595, 0.20171961926961926, 0.14076799311799315, 0.35892182817182816], [0.25536308887191245, 0.26155533910533907, 0.22054185083921937, 0.2625397211835293], [0.227090564990565, 0.31120105450105434, 0.2179254911754913, 0.2437828893328894], [0.2740209901209903, 0.293105389055389, 0.16523768453768453, 0.2676359362859364], [0.23086151430269075, 0.28510707070707075, 0.21338278584160947, 0.27064862914862925], [0.22559397661162367, 0.2706765992177757, 0.18229308550926204, 0.3214363386613385], [0.23153051393051388, 0.314147533022533, 0.15623453213453217, 0.29808742091242124], [0.2228947330447331, 0.2600584193584193, 0.21817838272838286, 0.29886846486846513], [0.30592290128172483, 0.260276565101565, 0.14434347041847045, 0.2894570631982397], [0.262356204906205, 0.2858621933621933, 0.16149797979797986, 0.290283621933622], [0.2171818015318016, 0.2810958929958931, 0.20875575535575544, 0.29296655011655026], [0.24655316905316918, 0.25221300921300926, 0.19576622821622824, 0.3054675935175934]]}, "rewritten": {"ids": ["97105960", "97106820", "97107260", "97107821", "97107950", "97112300", "97116800", "98106880", "98107210", "98107410", "98108370", "98108520", "98111231", "98111670", "98120530", "99105921", "99107630", "99107640", "99109161", "99109370", "99109780", "99109860", "99111620", "99113260", "99116500", "99117740", "100109330", "100109360", "100110260", "100111380", "100113210", "101108460", "101108621", "101110200", "101114020", "101116130", "101117580", "102109010", "102110890", "102112301", "102121700", "103109791", "103110050", "103110220", "103111170", "103111480", "103111990", "103113170", "103113210", "103120730", "104110960", "104111550", "104111620", "104111830", "104111880", "104112470", "104113000", "104116800", "105110091", "105112130", "105113480", "105115250", "105115380", "105117351", "105117431", "105120621", "105121190", "106115120", "106118161", "106119260", "106119990", "107112850", "107113170", "107114780", "107115250", "107116300", "107118490", "107119950", "107120260", "108114180", "108114360", "108117360", "108117451", "108117610", "108118060", "108119330", "108121351", "108121410", "109113881", "109113931", "109114030", "109116441", "109117431", "109119460", "109119591", "109120540", "109120621", "110114321", "110114651", "110114720", "110118121", "110118181", "110118930", "110119300", "110120531", "111115400", "111116040", "111116290", "111116411", "111118820", "111118910", "111119150", "111119340", "111119580", "111120220", "111121410", "112116290", "112116451", "112116880", "112116900", "112116990", "112117210", "112117660", "112118581", "112118701", "112118880", "112120540", "112120630", "112121351", "113117340", "113118870", "113119120", "113119360", "113120070", "113120531", "113120751", "113120780", "113121010", "113121190", "113121680", "113121980", "113122150"], "labels": [2, 1, 2, 2, 2, 2, 0, 0, 1, 3, 1, 2, 1, 1, 1, 1, 2, 1, 3, 1, 2, 2, 3, 0, 2, 2, 0, 0, 3, 3, 0, 0, 0, 2, 3, 2, 3, 1, 0, 1, 1, 3, 3, 2, 2, 0, 2, 3, 3, 1, 2, 1, 0, 3, 3, 1, 1, 1, 0, 1, 0, 2, 1, 0, 1, 1, 2, 1, 3, 1, 0, 1, 0, 2, 2, 0, 2, 3, 1, 1, 1, 1, 2, 3, 1, 0, 3, 0, 0, 1, 1, 3, 1, 1, 0, 1, 1, 1, 3, 3, 3, 1, 1, 1, 0, 0, 0, 2, 0, 0, 0, 3, 3, 3, 3, 0, 0, 0, 0, 3, 0, 1, 0, 1, 0, 1, 3, 3, 0, 2, 0, 3, 0, 2, 0, 1, 0, 2, 1, 1, 2, 2], "predicted_labels": [3, 3, 3, 3, 3, 1, 3, 3, 3, 3, 3, 1, 1, 1, 3, 3, 3, 1, 0, 3, 1, 1, 3, 3, 1, 1, 3, 3, 3, 1, 3, 1, 3, 1, 3, 3, 0, 1, 3, 3, 1, 3, 1, 3, 3, 3, 3, 3, 3, 1, 3, 3, 0, 3, 3, 3, 3, 3, 3, 1, 3, 1, 3, 3, 3, 3, 3, 3, 1, 2, 3, 1, 3, 1, 1, 3, 1, 3, 0, 3, 1, 3, 3, 3, 3, 3, 3, 3, 1, 3, 3, 3, 3, 3, 1, 3, 3, 1, 3, 1, 3, 1, 1, 1, 3, 3, 3, 3, 3, 3, 1, 3, 3, 0, 1, 1, 1, 0, 1, 3, 3, 3, 3, 3, 3, 1, 1, 3, 3, 1, 1, 3, 1, 1, 3, 3, 3, 1, 0, 1, 3, 3], "confidence_scores": [[0.19432715062715072, 0.2375985153735154, 0.26321142191142205, 0.30486291208791233], [0.25576424963924965, 0.23297166999667007, 0.2132678932178933, 0.29799618714618725], [0.20911471110588764, 0.22584582998700667, 0.25563665223665233, 0.30940280667045383], [0.2602389610389612, 0.2533812631812633, 0.1981198412698414, 0.28825993450993453], [0.2100753524253525, 0.2874447302697304, 0.20325535298035313, 0.2992245643245644], [0.27380510682128323, 0.29411398209633516, 0.1930558891946361, 0.23902502188774571], [0.270232783882784, 0.26267924297924305, 0.18324610389610393, 0.2838418692418693], [0.17073085803085808, 0.2846112554112555, 0.24705086025086032, 0.29760702630702646], [0.23415264735264746, 0.25454177489177493, 0.22806926406926434, 0.2832363136863138], [0.2672033966033967, 0.23559961704961704, 0.20114369519369527, 0.29605329115329126], [0.16577989232989235, 0.24422219447219468, 0.28096154956154956, 0.30903636363636344], [0.2616541625041625, 0.3256524031524032, 0.14632087912087915, 0.26637255522255526], [0.24455357697857713, 0.3111564352314352, 0.1819651737151738, 0.2623248140748143], [0.20295693358928668, 0.2998528455204925, 0.2101709124209125, 0.28701930846930845], [0.24653819513819533, 0.2563313575313576, 0.17719797979797988, 0.31993246753246757], [0.2839406510156511, 0.26610551115551123, 0.14816888389388394, 0.30178495393495397], [0.25816973859473874, 0.22883332500832518, 0.20344671994672006, 0.3095502164502164], [0.22426839435074744, 0.29652903599668307, 0.21520711510711515, 0.26399545454545453], [0.29758238705738704, 0.24321854256854267, 0.1979174242424243, 0.26128164613164634], [0.24814314019314035, 0.2897632256632256, 0.15457275502275514, 0.30752087912087905], [0.25303439142556805, 0.2943471805971807, 0.20756008827773548, 0.24505833969951624], [0.1985274725274727, 0.3121869630369631, 0.22182591852591865, 0.2674596459096461], [0.21142469197469207, 0.2676758297258298, 0.1966964646464647, 0.32420301365301357], [0.25382007992008004, 0.2476963647463647, 0.22337101232101245, 0.2751125430125431], [0.19985322455322457, 0.30096761849261827, 0.21594691697191706, 0.2832322399822402], [0.25710780330780353, 0.3027250027750028, 0.18597818292818305, 0.254189010989011], [0.2674958596958597, 0.270119746919747, 0.179494610944611, 0.2828897824397826], [0.20724755962991268, 0.28079123490888214, 0.2298018703518705, 0.2821593351093352], [0.2669205294705295, 0.23436253191253198, 0.19512802752802755, 0.3035889110889112], [0.28757936507936505, 0.29344463869463877, 0.1665895659895661, 0.25238643023643037], [0.2530097180597182, 0.23067828837828858, 0.1704650238650239, 0.3458469696969697], [0.2691602675102675, 0.2743886391386392, 0.1915391663891664, 0.26491192696192717], [0.2280956376956378, 0.2773561272061272, 0.17369569874569887, 0.32085253635253624], [0.20049758019758024, 0.30950382395382386, 0.1976108558108559, 0.29238774003774], [0.2224872643696173, 0.25402345824110534, 0.21442095682095696, 0.3090683205683206], [0.22033780108780113, 0.2792341269841269, 0.19817343212343227, 0.30225463980463974], [0.31271796536796537, 0.2607717893217894, 0.12937577977577985, 0.2971344655344656], [0.23781695526695543, 0.2777910256410258, 0.21242807192807203, 0.2719639471639472], [0.23258236208236205, 0.2269827228327229, 0.1978602952602952, 0.34257461982461973], [0.21261490731490743, 0.26939644244644234, 0.19703042337779178, 0.3209582268608585], [0.2873469411307647, 0.29647003552003554, 0.1833928654678656, 0.2327901578813344], [0.24505165390165398, 0.21304514374514386, 0.20702568542568556, 0.334877516927517], [0.2293534243534244, 0.2946394105894107, 0.2015339105339108, 0.27447325452325466], [0.23086029526029533, 0.2612420662670662, 0.22489859862359873, 0.28299903984904], [0.24590521700521717, 0.25929564324564336, 0.20736163281163283, 0.28743750693750714], [0.23202486957486967, 0.272690814740815, 0.20527027417027424, 0.2900140415140417], [0.2242708208458209, 0.2788070401820401, 0.175382733932734, 0.32153940503940504], [0.20203317238317242, 0.24936935841935862, 0.22957980352980362, 0.31901766566766565], [0.2736034439416792, 0.24613162393162402, 0.19108099678099683, 0.2891839353457003], [0.2369920412920414, 0.29119670329670333, 0.19145663780663782, 0.28035461760461766], [0.2636594655344655, 0.25318442390942403, 0.1843972083472085, 0.29875890220890233], [0.2316767676767677, 0.27184305694305705, 0.1901839549339551, 0.30629622044622046], [0.3113225052725051, 0.22169977522477535, 0.18256219058719064, 0.28441552891552885], [0.2388083583083583, 0.25770513930513933, 0.18715502830502842, 0.31633147408147405], [0.18695993173493183, 0.26911505994005996, 0.19180240870240878, 0.3521225996225996], [0.21572366522366526, 0.27662835497835503, 0.17052582972582986, 0.33712215007215013], [0.2741700910200912, 0.2317242646242647, 0.16426709956709964, 0.32983854478854463], [0.22041969696969707, 0.2751566378066379, 0.18693889443889447, 0.3174847707847708], [0.25582695360195384, 0.24572698967698975, 0.23336648074148084, 0.2650795759795762], [0.1891243922743923, 0.35054148074148084, 0.21355764790764797, 0.24677647907647912], [0.24349841824841828, 0.2508026473526474, 0.1552489898989899, 0.3504499444999445], [0.2675984126984127, 0.30461815406815407, 0.1761061272061273, 0.251677306027306], [0.21892413697413707, 0.2978615606615607, 0.18144870684870681, 0.3017655955155956], [0.25810613275613287, 0.24890336885336894, 0.16226863136863143, 0.3307218670218671], [0.21034282939282953, 0.30385667388167387, 0.1693368381618382, 0.3164636585636586], [0.2139865301365302, 0.244067798867799, 0.12213013653013652, 0.4198155344655343], [0.21816073648573656, 0.279879625929626, 0.20358065545565557, 0.2983789821289822], [0.2620055833055833, 0.2818497946497945, 0.14227767232767238, 0.31386694971694984], [0.23743057220557215, 0.29896078366078377, 0.1776077099229275, 0.28600093421071676], [0.262464862914863, 0.24756519591519596, 0.26316399156399173, 0.22680594960594966], [0.24767360621834317, 0.23979506604506612, 0.1661324713298399, 0.3463988564067511], [0.22705769230769238, 0.3084136419136418, 0.213990413387782, 0.2505382523908841], [0.23216584526584533, 0.26215183982683987, 0.17845791985791987, 0.327224395049395], [0.21023162393162403, 0.32234119769119773, 0.18672884434406187, 0.2806983340331169], [0.2282020091020092, 0.2923087828837827, 0.22284374791874806, 0.25664546009545997], [0.25364267954267966, 0.22088761238761243, 0.1741388611388613, 0.351330846930847], [0.2381965697700992, 0.32516598956598947, 0.18500811998459069, 0.25162932067932087], [0.20682089022089023, 0.29108238428238437, 0.188040503940504, 0.31405622155622165], [0.31592342657342665, 0.24702020202020214, 0.17361260406260423, 0.26344376734376745], [0.2010452658452659, 0.21491878121878133, 0.1963466588966589, 0.3876892940392937], [0.22058593073593089, 0.30044535464535466, 0.1961553446553446, 0.28281336996337003], [0.15272502497502502, 0.22120677655677656, 0.24839743589743585, 0.37767076257076243], [0.3028763347763349, 0.21879417249417252, 0.12276880341880349, 0.35556068931068924], [0.25925541125541135, 0.19789617049617045, 0.14637243312243323, 0.396475985125985], [0.28911693029193025, 0.22974311799311795, 0.11782808302808308, 0.3633118686868688], [0.24223951799834162, 0.23565802530802524, 0.25391826886563745, 0.26818418782799597], [0.28485669330669333, 0.238676098901099, 0.14473941613941615, 0.33172779165279165], [0.2648851363548732, 0.25597987404752115, 0.17195501998002008, 0.3071799696175856], [0.21694685037185046, 0.31978700743700755, 0.2098392579642582, 0.2534268842268843], [0.27049059829059835, 0.26853773448773444, 0.16081567876567876, 0.30015598845598834], [0.2369014652014652, 0.27285870795870787, 0.18379070929070934, 0.30644911754911747], [0.29372109002109004, 0.24697489177489174, 0.16278455433455438, 0.296519463869464], [0.25367330447330455, 0.2721848484848485, 0.18032857697857704, 0.29381327006327007], [0.27671517371517385, 0.23604769119769137, 0.19257470307470317, 0.29466243201243214], [0.26958395493395493, 0.287777910977911, 0.1688590687090688, 0.2737790653790653], [0.27056559747442105, 0.29297652151769815, 0.14050979672501415, 0.2959480842828669], [0.24306774716511573, 0.2480195100221417, 0.16906205557727302, 0.3398506872354698], [0.22820299422799423, 0.3100060883560883, 0.18284675324675334, 0.2789441641691642], [0.22496991896991891, 0.27817837717837735, 0.13623473193473196, 0.360616971916972], [0.19695275835275844, 0.2848354395604396, 0.24444678377178383, 0.27376501831501854], [0.2456763108236794, 0.2873766195792512, 0.12491462426462431, 0.3420324453324453], [0.25566307744543043, 0.30230564990565006, 0.16731389003153704, 0.27471738261738265], [0.19049097014097038, 0.3131837606837607, 0.18521085026085032, 0.3111144189144189], [0.26476170104405405, 0.31470381122145813, 0.1729461760461761, 0.24758831168831175], [0.23843196803196795, 0.2489278443778445, 0.14505825285825294, 0.36758193473193496], [0.2437833896495661, 0.28350013124130774, 0.1831105200355202, 0.28960595907360615], [0.25186412856149704, 0.27047265892002736, 0.17948715173715182, 0.29817606078132414], [0.2457636363636365, 0.2759480935730937, 0.19293725996226016, 0.2853510101010101], [0.281602380952381, 0.20067049062049072, 0.1483580808080809, 0.36936904761904765], [0.26468414640914645, 0.2665904262404262, 0.1587651431901433, 0.3099602841602843], [0.24760730380730378, 0.28568355533355533, 0.18653070263070276, 0.2801784382284383], [0.2362474802974804, 0.26796884781884783, 0.16513554223554225, 0.3306481296481297], [0.267676678876679, 0.2715051032301033, 0.1507994116994118, 0.3100188061938061], [0.27916401098901106, 0.23474074259074273, 0.2069977355977357, 0.27909751082251083], [0.2916398767898768, 0.30239269064269075, 0.12735112665112672, 0.278616305916306], [0.26342609612609624, 0.28054799089799104, 0.1755651126651127, 0.2804608003108004], [0.22899498556998574, 0.2958574592074592, 0.18026284271284282, 0.29488471250971254], [0.35507574925074936, 0.26585607725607724, 0.11871235986235988, 0.26035581363081367], [0.21789026529026528, 0.30367193362193357, 0.20250883560883573, 0.27592896547896556], [0.272420104895105, 0.23465809190809206, 0.16831063658563666, 0.32461116661116646], [0.23708653013653022, 0.2344683982683982, 0.21393963258963267, 0.314505439005439], [0.22478979713097363, 0.2783822510822511, 0.20849966895849265, 0.2883282828282828], [0.24370326617826626, 0.25189162504162516, 0.21464650904650917, 0.28975859973359974], [0.19346160506160523, 0.2653039127539129, 0.2524079531579532, 0.288826529026529], [0.24551380204762563, 0.24115462592962605, 0.15657077922077936, 0.3567607928019692], [0.22347834942834963, 0.28128913308913317, 0.2222920745920747, 0.272940442890443], [0.21107847707847702, 0.3267921356421356, 0.1519322288822289, 0.3101971583971584], [0.24671299811299827, 0.24299611499611506, 0.16531041736041735, 0.3449804695304695], [0.23329927849927862, 0.28024363414363423, 0.1645618215118215, 0.32189526584526573], [0.205558658008658, 0.32619030969030943, 0.2105942113442115, 0.2576568209568211], [0.22111798479298486, 0.3206142329892329, 0.162199222999223, 0.2960685592185593], [0.20539280719280717, 0.2566875235875236, 0.16431132756132766, 0.3736083416583414], [0.23381238483738506, 0.2687901903651903, 0.24332577977577974, 0.25407164502164503], [0.19183854087089375, 0.33285925740925726, 0.22458760520525228, 0.2507145965145965], [0.24229444607679904, 0.2838542679542682, 0.16114162340927055, 0.3127096625596625], [0.19713860028860034, 0.26330308025308036, 0.2223256354756356, 0.31723268398268367], [0.2114342435342436, 0.2548488344988346, 0.17395434010434016, 0.3597625818625819], [0.18744215784215787, 0.3269970418470418, 0.18551641136641145, 0.30004438894438895], [0.2896876429126431, 0.2758541791541792, 0.14742183094683103, 0.2870363469863469], [0.19665689865689875, 0.3416292929292927, 0.19945349650349664, 0.2622603119103119], [0.20025053280053287, 0.28024321789321793, 0.17121584526584532, 0.348290404040404], [0.230256154956155, 0.2546257631257631, 0.172816810966811, 0.3423012709512709]]}}