{"test": {"ids": ["101116130", "104119340", "112119950", "107115140", "100111390", "103110050", "111116010", "108113620", "102110690", "107114140", "100109330", "102109850", "97108520", "107121540", "109116810", "98110710", "102121440", "111120320", "111115910", "113117401", "101108121", "112118820", "99109910", "110117500", "98107340", "97106600", "111120280", "99111000", "99107500", "105119950", "101108580", "111119300", "106114150", "97107681", "109120540", "109113281", "98109570", "108114220", "111117000", "112118701", "103111540", "105116650", "101108950", "106116370", "109118161", "113122220", "110114950", "105117351", "111118301", "105118230", "108117360", "110118301", "108121410", "106119990", "111119930", "107120260", "109121351", "107119390", "103112470", "102110500", "103117461", "110121720", "100109360", "108118060", "103118291", "112119930", "101115190", "98108970", "106120640", "110119300", "107121640", "113118490", "109117150", "99108710", "104113190", "112116451", "99109141", "112119980", "97107260", "109114720", "109113931", "105118740", "107113260", "109120150", "98120010", "108118291", "108117451", "106112770", "112120270", "104111531", "100109801", "104111380", "110114651", "112118471", "112121010", "108116481", "110117870", "107120880", "111119340", "105118171", "107114280", "111118810", "98121790", "113120540", "109121640", "99107630", "113119480", "108121190", "110115250", "107113180", "105113190", "103111830", "110116300", "99116500", "109120560", "113118421", "97109080", "103111620", "106116640", "112117210", "100109980", "107116501", "102108621", "99119830", "113122160", "97105960", "112118161", "106121220", "99121440", "97116410", "107118820", "107114490", "107116300", "110120190", "104111880", "112116401", "100115700", "107113360", "112116640", "113118111", "110117140", "113122190"], "labels": [2, 1, 0, 0, 2, 3, 1, 3, 0, 2, 0, 1, 2, 2, 3, 2, 2, 1, 2, 3, 0, 0, 2, 1, 0, 3, 0, 2, 0, 3, 0, 1, 1, 3, 1, 0, 1, 3, 0, 0, 1, 1, 2, 2, 0, 1, 0, 0, 3, 1, 1, 1, 0, 0, 1, 1, 0, 2, 1, 3, 0, 3, 0, 1, 0, 1, 1, 3, 3, 1, 1, 1, 2, 2, 3, 0, 3, 0, 2, 0, 1, 1, 0, 2, 2, 3, 2, 1, 0, 0, 0, 3, 3, 1, 2, 0, 3, 1, 3, 3, 3, 0, 2, 3, 0, 2, 3, 1, 1, 3, 3, 3, 3, 2, 1, 3, 2, 0, 3, 1, 1, 1, 3, 1, 3, 2, 0, 1, 2, 3, 3, 3, 0, 3, 3, 0, 1, 0, 0, 1, 3, 1], "predicted_labels": [1, 1, 0, 3, 0, 1, 1, 3, 1, 1, 3, 1, 1, 0, 1, 1, 2, 3, 2, 3, 3, 3, 2, 0, 3, 3, 3, 1, 1, 3, 0, 3, 0, 3, 3, 3, 3, 0, 1, 3, 0, 1, 3, 3, 1, 1, 0, 0, 3, 1, 2, 1, 1, 3, 1, 1, 1, 3, 3, 3, 0, 2, 0, 0, 1, 1, 1, 1, 1, 0, 0, 3, 1, 1, 1, 3, 1, 3, 2, 2, 1, 3, 1, 2, 0, 1, 0, 3, 2, 1, 3, 1, 1, 1, 3, 3, 1, 3, 3, 1, 2, 3, 2, 0, 1, 3, 3, 1, 3, 2, 3, 0, 1, 1, 2, 3, 1, 1, 3, 1, 0, 1, 3, 3, 2, 2, 0, 3, 1, 2, 3, 2, 1, 3, 3, 0, 1, 1, 1, 3, 3, 1], "confidence_scores": [[0.24338865146959224, 0.2910282808796606, 0.17724263593178488, 0.28834043171896245], [0.25959520450253487, 0.29529068799981967, 0.1319512169890296, 0.3131628905086155], [0.2849260897006796, 0.2694345666185342, 0.12015407895013178, 0.3254852647306546], [0.28169357277444845, 0.22135455766811685, 0.153924913060819, 0.3430269564966153], [0.26628286798894674, 0.27124167260786514, 0.1526704499439938, 0.30980500945919415], [0.22567467775765498, 0.29047686358873204, 0.19553939987290175, 0.2883090587807111], [0.23611665595192613, 0.3194858074884515, 0.17284029042522883, 0.27155724613439375], [0.23597321225461046, 0.27739326267103287, 0.19084035868619326, 0.2957931663881636], [0.2497020382099906, 0.3109480065942294, 0.1385957024410804, 0.3007542527546997], [0.24814866568205826, 0.30876503149684914, 0.16430169412641718, 0.27878460869467575], [0.25215083082416134, 0.29333005258015843, 0.13686127294629818, 0.31765784364938215], [0.2202956456183784, 0.3199163479036614, 0.22371830135248783, 0.23606970512547215], [0.24082856638823866, 0.2998738161164614, 0.18529096926914196, 0.2740066482261583], [0.24949779182759405, 0.2733146488762525, 0.1968197515677807, 0.28036780772837283], [0.23863784841434796, 0.3000750974649503, 0.17249439697522326, 0.28879265714547864], [0.23010926836352988, 0.27961836543973545, 0.22079189998877644, 0.26948046620795824], [0.23544796408135138, 0.2678474626018991, 0.2454027462107227, 0.2513018271060265], [0.2368158830734, 0.2712681703442452, 0.17022229340935718, 0.3216936531729974], [0.22059278183158856, 0.30074443214689767, 0.2902678241660582, 0.18839496185545543], [0.23036381440661843, 0.2674870658503108, 0.21309339008830183, 0.2890557296547691], [0.23945577368715484, 0.2917515685099562, 0.15204289914774363, 0.3167497586551454], [0.26748158455180626, 0.27699387989820373, 0.12441405931099414, 0.33111047623899564], [0.21435020089801893, 0.2903196235375213, 0.3410379602587561, 0.15429221530570425], [0.2599025684615011, 0.27927944151675893, 0.183138952685559, 0.277679037336181], [0.2330457360188491, 0.27287799453317746, 0.2018199566306663, 0.2922563128173071], [0.23771704429515703, 0.24236138750891068, 0.21648658442204238, 0.3034349837738901], [0.24028783482014285, 0.28733959925128416, 0.16145190306943122, 0.3109206628591416], [0.21449389294002852, 0.2872675960909623, 0.24468654220932104, 0.2535519687596881], [0.24483107238043234, 0.29936581253060934, 0.16525162908017585, 0.29055148600878244], [0.2598204522705135, 0.2857652261331188, 0.1402500445656691, 0.31416427703069844], [0.2586561857335678, 0.2334825604899756, 0.23822547079309303, 0.2696357829833635], [0.2545329850121472, 0.2574945520928207, 0.15543172032086672, 0.33254074257416544], [0.26192359115598063, 0.2885969119230933, 0.16147872980519742, 0.28800076711572864], [0.19988415000188153, 0.2654563868608779, 0.24311070777713428, 0.29154875536010605], [0.2463407758680407, 0.27889700389951866, 0.1764840345748305, 0.2982781856576104], [0.2636034347528899, 0.28269385769939187, 0.1353339297124821, 0.318368777835236], [0.2639857740790426, 0.2723891905202699, 0.11968916754656903, 0.3439358678541185], [0.270409192167197, 0.3001829485256393, 0.1713264328798772, 0.2580814264272868], [0.2439099224594522, 0.30423120231007506, 0.1802345826848333, 0.2716242925456397], [0.25749614871826654, 0.29476055179782484, 0.12467372750001998, 0.3230695719838886], [0.24012410713967522, 0.27263295550751876, 0.21297484044333787, 0.274268096909468], [0.22289751214384276, 0.2798963020982812, 0.23055290919927585, 0.2666532765586006], [0.2242082485079774, 0.25990414487137425, 0.21417855525049298, 0.3017090513701555], [0.2748921443095811, 0.2355025673421349, 0.16359269501588056, 0.32601259333240323], [0.24867313389876883, 0.317672790989822, 0.1535971120876618, 0.2800569630237473], [0.24561507156611076, 0.31055559583577685, 0.14025502440791182, 0.30357430819020037], [0.27768955946251395, 0.25219266074920016, 0.17145838262219004, 0.29865939716609563], [0.2767452590644157, 0.28763530540981785, 0.11671405559816933, 0.31890537992759693], [0.26035982746458186, 0.2614717624390336, 0.16019568584300992, 0.3179727242533744], [0.21638144707532908, 0.28706651450978077, 0.2358391316136542, 0.2607129068012362], [0.19553473288514064, 0.23497026111041866, 0.29055762345513736, 0.27893738254930306], [0.24015414822289394, 0.3112185510571423, 0.183256957203955, 0.2653703435160084], [0.26086351041421774, 0.312781968178101, 0.12265945533267884, 0.3036950660750024], [0.239799903289647, 0.2888007533730747, 0.16551143599294407, 0.3058879073443343], [0.23548222211293562, 0.2957186354211665, 0.1893571802955481, 0.27944196217034983], [0.23173751009480698, 0.3057221217794242, 0.2523026808689654, 0.2102376872568035], [0.2600162307561024, 0.2993699601738797, 0.14429719411578038, 0.2963166149542375], [0.22687328666431616, 0.2777218178291384, 0.221690725266843, 0.2737141702397026], [0.24409839230216224, 0.2779003705674696, 0.19663892092757693, 0.2813623162027911], [0.2737098643116563, 0.25523093542802733, 0.13346348316735934, 0.33759571709295716], [0.2569538074661008, 0.29017561838117917, 0.1716789196449678, 0.28119165450775235], [0.2283305011373807, 0.284737013702265, 0.264000646534615, 0.22293183862573912], [0.2671099984373755, 0.24384395142306858, 0.20775718788266273, 0.28128886225689337], [0.26605608651145085, 0.2724863704181527, 0.15949981279121536, 0.301957730279181], [0.24835591108485852, 0.3085098034026817, 0.19803729465333675, 0.24509699085912268], [0.21397211501134844, 0.3066980511078947, 0.21054372683337175, 0.26878610704738504], [0.2041271920610246, 0.2922784328052474, 0.2358391563692878, 0.2677552187644401], [0.2275784177778643, 0.3079934930458874, 0.1851907369038475, 0.27923735227240076], [0.23615215875493398, 0.2930804806973919, 0.18771458890175516, 0.283052771645919], [0.2609863059551336, 0.2797206944563085, 0.17614431614378195, 0.28314868344477595], [0.2768042357629229, 0.26239101177156243, 0.15949212314611946, 0.30131262931939523], [0.26409747724030097, 0.2751896032756554, 0.15690910479469047, 0.30380381468935325], [0.22279213460911426, 0.30679738868968326, 0.1832125028950094, 0.28719797380619333], [0.2099865600432235, 0.33801669138509166, 0.18599503059165254, 0.2660017179800321], [0.22713323795941256, 0.30199881188809063, 0.18039262377743637, 0.29047532637506057], [0.2608044124613421, 0.28648901446499253, 0.1373781325057619, 0.31532844056790343], [0.26660126104873266, 0.3216412366347632, 0.11768418867026811, 0.29407331364623657], [0.22904233473866004, 0.26431030600229377, 0.19779384752736598, 0.30885351173168035], [0.16933866565429354, 0.2372438118637268, 0.36644310052548407, 0.22697442195649556], [0.20952108945715867, 0.2815916026580086, 0.25434944377602686, 0.2545378641088059], [0.22716292001183402, 0.28638935864724596, 0.21605889708535847, 0.27038882425556127], [0.2381838705234287, 0.2723875000914323, 0.20121276956069098, 0.2882158598244481], [0.25640836375664733, 0.2904399640788221, 0.17073019637917844, 0.282421475785352], [0.22395644485675392, 0.2770227179692794, 0.23848329263329665, 0.2605375445406699], [0.23451589097762007, 0.28031720817433653, 0.2302255924623692, 0.2549413083856742], [0.274749393177282, 0.3178173236865617, 0.09100620761467434, 0.3164270755214819], [0.2837733101252694, 0.27833567080419114, 0.11280363322014629, 0.3250873858503932], [0.22677251655879013, 0.27129577197571736, 0.2148561132176855, 0.2870755982478071], [0.21064959759701207, 0.27687671236070593, 0.27711928004153324, 0.23535441000074872], [0.2527115922978545, 0.31574822783724227, 0.11756803166440878, 0.31397214820049457], [0.25766983103501373, 0.2994908431103341, 0.11824535059475046, 0.3245939752599017], [0.2369791776621598, 0.2837733921130351, 0.24530712819880482, 0.2339403020260001], [0.2414251649823334, 0.30707891645722596, 0.13407469284393617, 0.31742122571650444], [0.23341462274679584, 0.32454684603808914, 0.18584717742330614, 0.2561913537918085], [0.25171124696276365, 0.26131688454317215, 0.18786560807623023, 0.29910626041783406], [0.2680136499024011, 0.29862176231627857, 0.10415838328573963, 0.32920620449558047], [0.23395676873839277, 0.3058621356135739, 0.19145512782324076, 0.2687259678247924], [0.2572859172823616, 0.2667913879052502, 0.169800604695629, 0.30612209011675906], [0.25149409571535747, 0.2809043135741301, 0.15446795526353016, 0.3131336354469821], [0.24599474979474156, 0.2997080944532795, 0.15182943690902787, 0.3024677188429512], [0.22801007687352853, 0.2822859476126446, 0.2573291717919678, 0.23237480372185923], [0.2645925121278852, 0.289731153888952, 0.128286682690719, 0.31738965129244356], [0.2343757130257184, 0.27868005128552326, 0.2528952071994885, 0.23404902848926992], [0.2656160397154653, 0.2619996079056907, 0.1809189095334074, 0.2914654428454367], [0.22982190333654887, 0.29603139170554077, 0.19250512223858912, 0.28164158271932155], [0.2505095971113806, 0.23995916876102688, 0.20613048411973, 0.30340075000786254], [0.27898380191966815, 0.27804736684924813, 0.09370320795301544, 0.34926562327806837], [0.22861852294167734, 0.306842570875842, 0.18568528276567248, 0.278853623416808], [0.2571909616582194, 0.26381763089653504, 0.16515983791316272, 0.31383156953208297], [0.21455118401463005, 0.2862435182075827, 0.32247618094859715, 0.1767291168291901], [0.26504625355524836, 0.23764788902219564, 0.16464227894540762, 0.33266357847714806], [0.2791239291747532, 0.27325592449768127, 0.122600071611582, 0.32502007471598354], [0.2426562563361028, 0.32223094998324653, 0.15181260078712994, 0.2833001928935207], [0.2147111835152684, 0.3083155431300506, 0.20787835680773242, 0.26909491654694845], [0.20532634116502152, 0.2834913654631246, 0.2825607577205221, 0.22862153565133186], [0.2868030006091247, 0.26627833730581496, 0.09305924012404275, 0.3538594219610176], [0.23047200097509324, 0.2912526295929498, 0.18809702061453693, 0.29017834881742], [0.2354940296060562, 0.29147245893256024, 0.2329577320801473, 0.240075779381236], [0.25547836886657393, 0.25476648065455687, 0.1710899471525958, 0.31866520332627335], [0.2139629948429122, 0.3023059493022388, 0.2920519850213541, 0.19167907083349506], [0.24341917594369256, 0.25640005170242336, 0.2095039193418259, 0.2906768530120583], [0.23330054859884797, 0.30023444118145576, 0.18566216285425677, 0.28080284736543953], [0.27096124179956366, 0.2506540822995506, 0.13742207658440778, 0.34096259931647793], [0.23993799581593508, 0.28850804498347205, 0.15055698077779678, 0.3209969784227956], [0.2203048123995026, 0.27591908310229984, 0.2926408058261421, 0.21113529867205555], [0.21830106994420398, 0.2552466352570336, 0.25879967481544364, 0.26765261998331896], [0.27139836444087434, 0.2941750857737918, 0.11526248018611414, 0.31916406959921984], [0.25203424028847654, 0.2756689400021215, 0.15896792372929194, 0.31332889598011016], [0.2481682808127012, 0.30518060807122427, 0.1656082205727378, 0.2810428905433367], [0.22650459842229015, 0.2805403470377233, 0.27975280267429387, 0.21320225186569258], [0.23490152603127276, 0.2853913276135545, 0.17946440004246578, 0.300242746312707], [0.1982710688417862, 0.27832839340071663, 0.2808768483752814, 0.24252368938221575], [0.23356841862449626, 0.2832110904061108, 0.2271777545926682, 0.2560427363767251], [0.2620858810893552, 0.29023139675471216, 0.11827873013674563, 0.3294039920191869], [0.22944273456885236, 0.28661230120108766, 0.1761076443915947, 0.3078373198384653], [0.27980470702728916, 0.24801324699858526, 0.15258211577190128, 0.31959993020222416], [0.2439483119834795, 0.29875637332724975, 0.1850740454083724, 0.2722212692808983], [0.2512355897746937, 0.2977949894347731, 0.14225227135241234, 0.3087171494381207], [0.2333585053854251, 0.2983350836499594, 0.17648987321142992, 0.2918165377531853], [0.252749173165615, 0.2648648759972666, 0.17385514052357967, 0.30853081031353885], [0.24365122430522534, 0.2867357391303629, 0.16384937594722285, 0.3057636606171889], [0.2282364651490985, 0.28431371954244433, 0.24352155300334408, 0.2439282623051134]]}, "rewritten": {"ids": ["97105960", "97106600", "97107260", "97107681", "97108520", "97109080", "97116410", "98107340", "98108970", "98109570", "98110710", "98120010", "98121790", "99107500", "99107630", "99108710", "99109141", "99109910", "99111000", "99116500", "99119830", "99121440", "100109330", "100109360", "100109801", "100109980", "100111390", "100115700", "101108121", "101108580", "101108950", "101115190", "101116130", "102108621", "102109850", "102110500", "102110690", "102121440", "103110050", "103111540", "103111620", "103111830", "103112470", "103117461", "103118291", "104111380", "104111531", "104111880", "104113190", "104119340", "105113190", "105116650", "105117351", "105118171", "105118230", "105118740", "105119950", "106112770", "106114150", "106116370", "106116640", "106119990", "106120640", "106121220", "107113180", "107113260", "107113360", "107114140", "107114280", "107114490", "107115140", "107116300", "107116501", "107118820", "107119390", "107120260", "107120880", "107121540", "107121640", "108113620", "108114220", "108116481", "108117360", "108117451", "108118060", "108118291", "108121190", "108121410", "109113281", "109113931", "109114720", "109116810", "109117150", "109118161", "109120150", "109120540", "109120560", "109121351", "109121640", "110114651", "110114950", "110115250", "110116300", "110117140", "110117500", "110117870", "110118301", "110119300", "110120190", "110121720", "111115910", "111116010", "111117000", "111118301", "111118810", "111119300", "111119340", "111119930", "111120280", "111120320", "112116401", "112116451", "112116640", "112117210", "112118161", "112118471", "112118701", "112118820", "112119930", "112119950", "112119980", "112120270", "112121010", "113117401", "113118111", "113118421", "113118490", "113119480", "113120540", "113122160", "113122190", "113122220"], "labels": [2, 3, 2, 3, 2, 2, 3, 0, 3, 1, 2, 2, 2, 0, 2, 2, 3, 2, 2, 2, 1, 2, 0, 0, 0, 1, 2, 1, 0, 0, 2, 1, 2, 3, 1, 3, 0, 2, 3, 1, 0, 3, 1, 0, 0, 3, 0, 3, 3, 1, 3, 1, 0, 3, 1, 1, 3, 1, 1, 2, 3, 0, 3, 1, 3, 0, 0, 2, 3, 3, 0, 0, 1, 3, 2, 1, 1, 2, 1, 3, 3, 0, 1, 2, 1, 3, 1, 0, 0, 1, 0, 3, 2, 0, 2, 1, 1, 0, 0, 3, 0, 1, 3, 3, 1, 3, 1, 1, 3, 3, 2, 1, 0, 3, 0, 1, 3, 1, 0, 1, 0, 0, 0, 1, 0, 1, 0, 0, 1, 0, 0, 0, 2, 3, 1, 3, 1, 3, 3, 3, 1, 1], "predicted_labels": [3, 1, 2, 3, 1, 1, 1, 3, 1, 3, 1, 0, 1, 1, 3, 1, 0, 2, 1, 1, 3, 1, 1, 0, 1, 0, 0, 1, 3, 0, 1, 1, 1, 3, 1, 3, 1, 1, 1, 1, 1, 3, 3, 1, 1, 1, 1, 3, 1, 1, 0, 1, 3, 3, 3, 3, 1, 3, 1, 3, 3, 1, 1, 1, 1, 1, 1, 1, 1, 3, 3, 1, 1, 3, 1, 1, 3, 1, 0, 3, 1, 3, 2, 0, 0, 0, 1, 1, 3, 3, 1, 1, 1, 1, 1, 1, 1, 1, 1, 1, 0, 3, 1, 3, 0, 1, 1, 0, 3, 3, 1, 1, 3, 3, 3, 3, 1, 1, 3, 3, 0, 1, 3, 1, 0, 1, 3, 0, 1, 0, 3, 1, 1, 3, 3, 0, 0, 3, 0, 2, 2, 1], "confidence_scores": [[0.22389308312066547, 0.2673467320235954, 0.23236366033871256, 0.27639652451702656], [0.2102141204366507, 0.284810851325553, 0.22772367657997883, 0.2772513516578176], [0.18911696856100332, 0.2747640857771238, 0.27769673293961394, 0.25842221272225885], [0.2043983059709436, 0.2624003305043749, 0.2203058550926061, 0.3128955084320755], [0.23725213834064765, 0.28738101538454947, 0.19482468777771467, 0.28054215849708786], [0.24368346433814309, 0.2940204386579801, 0.16673622374005453, 0.29555987326382205], [0.244043758657702, 0.2989594460387121, 0.1956285747880148, 0.2613682205155712], [0.2338212414980232, 0.27436426970631705, 0.19115212325670222, 0.3006623655389576], [0.23335583017282713, 0.3065349312480238, 0.17028816832409593, 0.28982107025505305], [0.2401054279996303, 0.289039401552611, 0.13463429392812143, 0.3362208765196376], [0.21774851820414248, 0.29823734254433243, 0.22856293303523084, 0.25545120621629414], [0.23818124170579355, 0.27831085218408186, 0.22900228219197538, 0.254505623918149], [0.232561657288439, 0.2941959453211771, 0.23902686718665603, 0.23421553020372793], [0.24153295487770818, 0.2926526890394783, 0.17070027055621698, 0.2951140855265964], [0.25619223968718363, 0.24742967146945077, 0.19006286773697242, 0.30631522110639325], [0.23439057864636628, 0.31936860903668207, 0.16249135197332348, 0.283749460343628], [0.2707322136712297, 0.30861696475345224, 0.11444980112049308, 0.30620102045482506], [0.21484298495768223, 0.2742811146422156, 0.3136138694334885, 0.19726203096661357], [0.19479031664911287, 0.31657267674460665, 0.28108318810340915, 0.20755381850287125], [0.22854238995594878, 0.30941967160004713, 0.1737287415603489, 0.28830919688365514], [0.22625688443972367, 0.29789416905174443, 0.17232227002673592, 0.3035266764817958], [0.24865900933764723, 0.3079702790557647, 0.15641893463874781, 0.2869517769678398], [0.25490120016592704, 0.3071914262551174, 0.13213942932630082, 0.30576794425265474], [0.26598898879795485, 0.2481404667465221, 0.20568793565409232, 0.2801826088014306], [0.24974636362527633, 0.3061101251389889, 0.13105161307932195, 0.3130918981564127], [0.25532602582323216, 0.284573592243371, 0.16647113280849368, 0.2936292491249035], [0.2604152963918278, 0.28270900579105057, 0.15092466049087677, 0.30595103732624473], [0.2436950241534431, 0.30250064731145365, 0.17259614775711007, 0.2812081807779929], [0.2425928011012873, 0.27710146159866306, 0.1509019844193333, 0.3294037528807165], [0.26761369907224997, 0.2311424241903816, 0.1958349152678557, 0.3054089614695127], [0.2275860721710718, 0.283292224791311, 0.21221079359608105, 0.276910909441536], [0.2021031510609267, 0.29034190423854833, 0.26148427687605297, 0.24607066782447226], [0.24618315882193964, 0.2899165163708336, 0.16626969322671495, 0.29763063158051184], [0.2687896260010718, 0.26271571256405446, 0.13120432948726482, 0.3372903319476088], [0.22938926769967988, 0.32394377803753466, 0.21586154543999847, 0.23080540882278694], [0.27448045257727216, 0.26381545313964977, 0.12517576201379774, 0.33652833226928025], [0.2541253395697285, 0.3159649844566458, 0.12773086000907988, 0.30217881596454593], [0.24032321339903978, 0.2942475763037603, 0.17335781011927423, 0.2920714001779257], [0.21740217043925625, 0.3087942816327331, 0.19881308059524325, 0.27499046733276744], [0.2459468633193316, 0.3076914472578986, 0.1663903752897039, 0.2799713141330658], [0.23474227536682885, 0.3069753918180986, 0.2293787550388924, 0.22890357777617995], [0.27581218592570045, 0.26959490227560007, 0.12020062511577279, 0.3343922866829267], [0.25213901568057506, 0.2704330532548747, 0.18296614189716068, 0.2944617891673894], [0.25092266522251955, 0.29610479210388474, 0.1695630792563588, 0.28340946341723694], [0.2503189198998361, 0.31021431339203565, 0.1584642823984107, 0.28100248430971786], [0.2431750879761797, 0.2786828214278575, 0.23552287582984116, 0.24261921476612192], [0.2567004912515588, 0.3122031140306212, 0.11504939318355714, 0.31604700153426296], [0.23178939208793495, 0.29207558090292696, 0.17082997682856252, 0.30530505018057574], [0.2375193535414842, 0.2983530960569612, 0.17168713734445415, 0.2924404130571008], [0.24456559109552845, 0.29363315452710986, 0.1606219144402602, 0.3011793399371012], [0.2725704227927049, 0.24300687398973833, 0.16288695704893424, 0.3215357461686223], [0.23161691410920807, 0.28198290715044455, 0.21058886883206077, 0.2758113099082865], [0.27525441399689143, 0.26157974178352505, 0.13397735754105883, 0.3291884866785243], [0.2497552304543222, 0.30649650024569075, 0.12083512572620785, 0.32291314357377915], [0.22438428159713478, 0.28254699440847264, 0.18757752932738417, 0.30549119466700864], [0.23386512217941252, 0.26054996587363527, 0.21868980784305067, 0.2868951041039019], [0.2590465048439581, 0.298783168411248, 0.13999930475073144, 0.30217102199406237], [0.22011820888962633, 0.27141915101575953, 0.1957781990283818, 0.31268444106623217], [0.2528988120391553, 0.2913400088135751, 0.17806501654733514, 0.2776961625999344], [0.2693502864500191, 0.25025011699053323, 0.16527693506093893, 0.3151226614985086], [0.25947685523585096, 0.25647318292259674, 0.15655181464762374, 0.3274981471939288], [0.23955469159273543, 0.30545316147079654, 0.16455624210820008, 0.2904359048282676], [0.22141095441391928, 0.2941615312053107, 0.2153262099395433, 0.26910130444122676], [0.24311572559469855, 0.28670501914635227, 0.17778204639124714, 0.2923972088677021], [0.23357306577057071, 0.30059054849691386, 0.23095088330050684, 0.23488550243200843], [0.2274230570139738, 0.3074108030914605, 0.20748660779016118, 0.25767953210440453], [0.2623695246751719, 0.29088656829962783, 0.1354985628963889, 0.3112453441288114], [0.24785096886896435, 0.3211363288004169, 0.15282794725617713, 0.2781847550744414], [0.23425002132333622, 0.28878406737777307, 0.2132612038823246, 0.263704707416566], [0.20605098312540435, 0.2865756189910063, 0.22280920179123523, 0.28456419609235384], [0.27237736140192187, 0.23281394868479413, 0.1693194069488168, 0.3254892829644671], [0.24390319787275344, 0.288670140097312, 0.18381534433617921, 0.2836113176937552], [0.2332474143464981, 0.30232459564029224, 0.1797720821094927, 0.28465590790371653], [0.25602022075011355, 0.28731942338827987, 0.14161146558989926, 0.3150488902717073], [0.2495011028799597, 0.29217829871843887, 0.1684097729345712, 0.2899108254670302], [0.2504651321421099, 0.30530890125542726, 0.1856327183303907, 0.2585932482720725], [0.2421735240310586, 0.27510225729419857, 0.1912783111900507, 0.291445907484692], [0.23788226353803688, 0.30054121872075784, 0.17315452057123681, 0.2884219971699684], [0.25833022992061755, 0.26648675120383886, 0.18838617598965576, 0.28679684288588786], [0.24221456306395964, 0.27515168132199136, 0.17801438198907724, 0.3046193736249718], [0.24850768605691342, 0.3156968672117461, 0.1939710205204839, 0.24182442621085654], [0.2770438720920101, 0.28946731891984834, 0.09547399688657023, 0.3380148121015713], [0.17421129377692166, 0.2584217334927123, 0.3200648941846554, 0.2473020785457105], [0.2901017816616384, 0.281023865710413, 0.08457719659975738, 0.3442971560281912], [0.25509226058942996, 0.2836682527545139, 0.17394749136869514, 0.2872919952873608], [0.27765786904915307, 0.29950757397716504, 0.09280411790978628, 0.3300304390638955], [0.23069060453245227, 0.32036096561428645, 0.17415398268602142, 0.2747944471672398], [0.2550551388572243, 0.3100551347439058, 0.13489998705966322, 0.29998973933920636], [0.271110419790548, 0.2958311249961407, 0.1014507990115053, 0.33160765620180616], [0.25822658622477335, 0.28584388741947225, 0.13078838193796902, 0.3251411444177852], [0.22690398790452546, 0.2911844946701841, 0.20893380287373547, 0.272977714551555], [0.2463530515138922, 0.29166821214563976, 0.16519220643667373, 0.29678652990379417], [0.23650524446803203, 0.29084052291680734, 0.19061548162091216, 0.28203875099424863], [0.2497093435799221, 0.31648878514928197, 0.1532921013875074, 0.2805097698832888], [0.22972280622400393, 0.28861270680932893, 0.23471417834326166, 0.24695030862340542], [0.2429402414578781, 0.2977610564133791, 0.17120575276371888, 0.28809294936502394], [0.21007056700647606, 0.2899750176238426, 0.26247820628747204, 0.23747620908220946], [0.2578569241881899, 0.29071721036149595, 0.15251949082546312, 0.29890637462485115], [0.2338267583694653, 0.29998284776910583, 0.1843766060916716, 0.28181378776975746], [0.23816765139450022, 0.29582713424546214, 0.1658872643409697, 0.30011795001906777], [0.2960197231637415, 0.24784705164112159, 0.13185757199523965, 0.32427565319989715], [0.24069497219933203, 0.29166738702732387, 0.15688494674058154, 0.3107526940327627], [0.24383768024736124, 0.32354411233537045, 0.1531136324567606, 0.279504574960508], [0.2411046437643817, 0.2868187225042164, 0.17497084964144546, 0.2971057840899564], [0.2588797834074014, 0.2843452380277574, 0.17922181581817467, 0.27755316274666675], [0.2290042077060815, 0.2952825882408265, 0.19544281366344163, 0.28027039038965024], [0.22129789936540625, 0.31473643746934693, 0.20511346117336995, 0.2588522019918771], [0.2681992245807662, 0.2748842190512586, 0.1654104225110003, 0.29150613385697516], [0.26648112329500023, 0.2936471143837678, 0.11092754569951883, 0.32894421662171297], [0.2385886960135102, 0.26233872850303, 0.2065304946857108, 0.29254208079774896], [0.24745389090433376, 0.2913656799131568, 0.2382940484892305, 0.2228863806932787], [0.2350101401966689, 0.3160541014753808, 0.17811639817792582, 0.2708193601500244], [0.24996082734657415, 0.29714266418152485, 0.1394539757328053, 0.3134425327390956], [0.24438932999142157, 0.2835883403986207, 0.17142947879401998, 0.3005928508159377], [0.2765499813235212, 0.28597640244669353, 0.10017844863886972, 0.33729516759091543], [0.24713911541038908, 0.2610664014872586, 0.1754477006012884, 0.31634678250106374], [0.24950561365310628, 0.293841435963652, 0.15298736226232065, 0.303665588120921], [0.2442616752029851, 0.29812848719285795, 0.17314779838529226, 0.2844620392188646], [0.24676576821694438, 0.29291874214120944, 0.13504602821151976, 0.3252694614303266], [0.2514428269469296, 0.2736743372123667, 0.14261071926380067, 0.33227211657690314], [0.29363673670490537, 0.25300990279122976, 0.11960513665884895, 0.333748223845016], [0.2585115821104017, 0.29427597336920774, 0.1400570752084295, 0.3071553693119611], [0.2516168624111796, 0.2884344895190061, 0.14837763388795983, 0.31157101418185457], [0.21201051393650877, 0.3043709578582471, 0.25742529178690754, 0.2261932364183368], [0.26142363199674934, 0.28831697480894436, 0.14124647057062745, 0.30901292262367913], [0.23911700168723413, 0.29335690706707823, 0.2001790324533002, 0.2673470587923877], [0.26751766152514517, 0.28094371100810445, 0.12085443804097003, 0.33068418942578015], [0.2745399469265222, 0.2809507814085998, 0.12280932988472389, 0.3216999417801538], [0.22801848658443774, 0.3025805880099011, 0.1891860144234234, 0.2802149109822379], [0.294541432472856, 0.2609594776907167, 0.11745649985272782, 0.3270425899836991], [0.22981352100876093, 0.2678632535785193, 0.18480917527934318, 0.3175140501333766], [0.20573429311949168, 0.28529662849568976, 0.265469931046448, 0.24349914733837041], [0.2514244495592951, 0.2867464731557186, 0.16009642841411365, 0.3017326488708728], [0.23068627905823902, 0.26474098246300326, 0.2213055214931998, 0.2832672169855579], [0.25695691823289935, 0.2544663933847754, 0.16574160282458372, 0.32283508555774143], [0.2916790674142104, 0.27193812786105614, 0.08590762076555877, 0.3504751839591747], [0.27843196989034946, 0.27232150576055003, 0.1486875763679533, 0.3005589479811473], [0.27640658120953415, 0.2753525994409008, 0.10256606139083792, 0.34567475795872715], [0.281580014727838, 0.2665311937298829, 0.14155936439238126, 0.3103294271498979], [0.22711567949648104, 0.27905617515793435, 0.25239271250833645, 0.24143543283724841], [0.2100834809407733, 0.2626061159277783, 0.2845962131960623, 0.2427141899353862], [0.24480879239183384, 0.31050493036190374, 0.1404932287732713, 0.3041930484729908]]}}