{"test": {"ids": ["104117630", "113119930", "109121640", "113122120", "105110251", "97106820", "107114280", "112118421", "112116990", "107121230", "112116640", "107120260", "103111170", "104112201", "112117580", "110120540", "104111780", "104114230", "103113210", "102110690", "102107961", "99108710", "111116750", "104111620", "100109801", "100109360", "112116501", "111115400", "104118340", "107118120", "113120531", "110114920", "113120280", "109113281", "111119290", "112118620", "98121790", "108115250", "109116040", "103111110", "101121640", "103113270", "109115380", "113118511", "100111390", "106113260", "102113981", "109114720", "111117120", "107120130", "98110230", "100109910", "110116290", "113122650", "98112300", "107114950", "106116850", "99107640", "97105451", "108120621", "105119550", "105117351", "98119591", "103109641", "108114200", "102112250", "106113830", "108118301", "112118860", "103111480", "101111310", "113121810", "97106591", "101108950", "111116040", "104116441", "100116790", "113121410", "108121160", "111115910", "105116501", "98109090", "110117870", "103113640", "101111210", "104114410", "104111711", "107118780", "109115220", "98110710", "110113931", "108117610", "109116750", "99114890", "111119930", "112120640", "102118380", "100109330", "98111860", "108120060", "99109780", "110118121", "111120280", "104119340", "112118530", "103117461", "98108410", "113122180", "109116170", "111119300", "111116530", "106113190", "113118231", "99109840", "109117080", "105115720", "104119290", "104111830", "113120070", "112120700", "105110091", "112117461", "113118870", "110117500", "113118820", "113122230", "110120531", "102116500", "113119360", "113122510", "100109980", "99111340", "103113170", "101114990", "110115980", "100111080", "103109021", "111116110", "108117360", "105113620", "97110950", "101117580"], "labels": [0, 1, 0, 1, 0, 1, 3, 3, 0, 0, 0, 1, 2, 0, 0, 1, 3, 2, 3, 0, 3, 2, 3, 0, 0, 0, 3, 0, 2, 3, 0, 3, 0, 0, 3, 3, 2, 1, 0, 3, 2, 2, 3, 1, 2, 3, 1, 0, 2, 2, 3, 2, 2, 2, 2, 3, 3, 1, 0, 1, 1, 0, 1, 1, 0, 0, 1, 1, 3, 0, 3, 2, 1, 2, 0, 1, 2, 0, 2, 2, 1, 1, 3, 1, 2, 1, 1, 1, 3, 2, 1, 3, 0, 2, 1, 0, 1, 0, 0, 1, 2, 3, 0, 1, 1, 0, 1, 2, 0, 1, 3, 0, 3, 2, 1, 1, 1, 3, 2, 2, 0, 0, 0, 1, 0, 1, 0, 1, 0, 2, 1, 1, 3, 3, 1, 0, 0, 3, 1, 0, 3, 3], "predicted_labels": [3, 3, 3, 1, 0, 1, 1, 3, 3, 1, 3, 3, 1, 0, 3, 1, 1, 3, 3, 3, 1, 1, 0, 3, 3, 3, 3, 3, 3, 0, 1, 2, 0, 0, 1, 0, 3, 1, 3, 3, 1, 2, 1, 1, 3, 3, 1, 0, 1, 3, 3, 1, 1, 1, 3, 1, 1, 0, 3, 3, 3, 3, 0, 2, 1, 3, 0, 3, 3, 3, 1, 1, 0, 3, 0, 0, 0, 3, 1, 1, 0, 1, 3, 3, 1, 2, 0, 2, 3, 2, 0, 1, 3, 1, 1, 0, 1, 1, 1, 1, 2, 1, 3, 3, 1, 1, 1, 1, 1, 1, 1, 0, 3, 2, 1, 3, 3, 3, 3, 2, 1, 0, 1, 3, 1, 1, 3, 3, 3, 1, 3, 2, 0, 1, 2, 3, 1, 1, 1, 3, 3, 3], "confidence_scores": [[0.1364544637996554, 0.3130027488855724, 0.15746338991472564, 0.3930793974000466], [0.30774694118753165, 0.21934088970998103, 0.14912186845774905, 0.32379030064473835], [0.15744374841750394, 0.33318579204178606, 0.11493324736725842, 0.39443721217345173], [0.1538751722641038, 0.46983163766930236, 0.12158738827713277, 0.2547058017894609], [0.3322928417996201, 0.26081787851789867, 0.1441233855201897, 0.2627658941622915], [0.2068630115363036, 0.3410988569139332, 0.1470368892712319, 0.30500124227853126], [0.27667076470750634, 0.30441695733093194, 0.15463341187200827, 0.2642788660895534], [0.21991111779169656, 0.2850425357433298, 0.20246487686546658, 0.29258146959950715], [0.21480429424963238, 0.24250171133873458, 0.07830797634435634, 0.46438601806727664], [0.24356386544837633, 0.3491078915403161, 0.13564072647370054, 0.271687516537607], [0.23998668249062993, 0.25975543317391137, 0.13647724419329363, 0.3637806401421652], [0.19457612178586628, 0.3561730158611742, 0.0627867593103395, 0.38646410304261986], [0.1813907096383504, 0.3651802541664285, 0.14331860754731707, 0.31011042864790406], [0.4711245724559849, 0.09459423959587776, 0.041792486312206056, 0.39248870163593136], [0.15265435362734184, 0.22002670509871758, 0.11061428637352978, 0.5167046549004108], [0.1735266124361268, 0.38156215290300927, 0.13522242004431587, 0.309688814616548], [0.22402316431895597, 0.3055476833668858, 0.16964379454540696, 0.30078535776875137], [0.28129636300858873, 0.14365765803855993, 0.18358102128644263, 0.39146495766640865], [0.18834936708135633, 0.2328838085809526, 0.13814888707003412, 0.44061793726765697], [0.24397246127414796, 0.3386343233699873, 0.05865908536047605, 0.35873412999538884], [0.3380219692332683, 0.42350748768933855, 0.059213586792891404, 0.17925695628450167], [0.1478950735042476, 0.41838256705358934, 0.2528035584871047, 0.1809188009550584], [0.38233912426116357, 0.1376966385236335, 0.1619996527265689, 0.3179645844886341], [0.25164410042650803, 0.2522553132402615, 0.11405209359550253, 0.3820484927377278], [0.20317542589652854, 0.2991129062727582, 0.07354913667769489, 0.4241625311530184], [0.20332229665731588, 0.17857706239946786, 0.1720926568019178, 0.4460079841412983], [0.2279210452797918, 0.22177373393215344, 0.12478603115924795, 0.4255191896288069], [0.13588869185036764, 0.29101889759272787, 0.1704839112020556, 0.40260849935484894], [0.27119379372949537, 0.2849516760013828, 0.10780715873383905, 0.33604737153528275], [0.35451066820650534, 0.2822924562879812, 0.10686124095081206, 0.2563356345547013], [0.2825267542442427, 0.33002531170467586, 0.11786598219157131, 0.2695819518595102], [0.28318587818693414, 0.1873176275573376, 0.3299273053884433, 0.19956918886728497], [0.4333263077868069, 0.13134506844734517, 0.12206574962982203, 0.3132628741360259], [0.3230692144595496, 0.27380286180195307, 0.10639468885657409, 0.29673323488192316], [0.29346567023359094, 0.29948197733279874, 0.11308172968340269, 0.2939706227502076], [0.42459460003752003, 0.25475010157308076, 0.10263283654663098, 0.21802246184276822], [0.13861783876291367, 0.22372980715956148, 0.2722757953676875, 0.36537655870983726], [0.13827927394745712, 0.3872414625341298, 0.20667944427043725, 0.26779981924797586], [0.17062741808893905, 0.3127622160360094, 0.0819609117414863, 0.43464945413356537], [0.17710076020506288, 0.25168029266848546, 0.19469874104736615, 0.3765202060790855], [0.25054340560638155, 0.3463621561942246, 0.13839553788575118, 0.26469890031364274], [0.0556763373151705, 0.10107018299495653, 0.5796457659028423, 0.2636077137870306], [0.11520301757044027, 0.44903865433078866, 0.19985678788824746, 0.23590154021052373], [0.23446957527965026, 0.36129649248777584, 0.09354035489549983, 0.3106935773370741], [0.2969390780012433, 0.21817059244127537, 0.16863603820925482, 0.3162542913482266], [0.12589937503376003, 0.22034010286773467, 0.3073731803057777, 0.34638734179272757], [0.18976292595800467, 0.38345531445008174, 0.16153328696478758, 0.265248472627126], [0.3085890606351905, 0.27176495939272277, 0.12489165379296101, 0.2947543261791257], [0.16377911927006028, 0.37752030550635846, 0.15185821790490234, 0.30684235731867887], [0.1485496806137082, 0.1811037819142009, 0.0964305671989561, 0.5739159702731349], [0.19677328067032557, 0.21989520443896624, 0.14281730824210123, 0.4405142066486069], [0.27024876571531886, 0.29468994626003764, 0.14696392946500755, 0.28809735855963603], [0.1748232798459451, 0.29131778134423253, 0.24550060855937114, 0.28835833025045127], [0.2331125580524231, 0.3530688765723658, 0.12053467547884099, 0.29328388989637016], [0.2402155093323881, 0.20726367399972392, 0.11628942937301555, 0.4362313872948724], [0.14348948388019755, 0.4302669805801525, 0.15498222094187103, 0.27126131459777886], [0.07659854412490294, 0.3566755086592823, 0.33441473106545966, 0.23231121615035524], [0.5721636104274782, 0.1905090156372547, 0.13682736029342957, 0.10050001364183749], [0.22037751515616524, 0.1723363419778048, 0.15200820000019807, 0.45527794286583184], [0.2511847843588139, 0.20920655656619996, 0.08104726162595165, 0.45856139744903435], [0.2997961396045135, 0.16752794540280214, 0.13031967289342944, 0.40235624209925475], [0.24501464808257076, 0.2925784094226489, 0.10607839702903597, 0.3563285454657443], [0.769965526180649, 0.10667258740904088, 0.03385058985091099, 0.08951129655939907], [0.1382873248818562, 0.1999469319508582, 0.43391247174698233, 0.2278532714203032], [0.13136266050075335, 0.44044045322099323, 0.23166600144526733, 0.19653088483298617], [0.2889547539372588, 0.17627366778450057, 0.15426033629975686, 0.38051124197848385], [0.32635228153463, 0.2795354053334676, 0.12847694535136406, 0.26563536778053837], [0.21882486251168504, 0.17645223179694952, 0.2202885715904193, 0.38443433410094613], [0.16191935210907513, 0.3504212567454332, 0.10744589411648055, 0.38021349702901125], [0.10081954117317765, 0.11192005566377664, 0.044772804871010076, 0.7424875982920356], [0.15733689851681254, 0.339701903925513, 0.24557119102905645, 0.2573900065286181], [0.22032622217003003, 0.38828977603395315, 0.14513041540468805, 0.24625358639132883], [0.3359428100070445, 0.27201185051564675, 0.2014767834490798, 0.19056855602822909], [0.2153788915712247, 0.2153052361567099, 0.27901816546536323, 0.290297706806702], [0.4863221088797455, 0.10797645485077328, 0.07335763765931422, 0.3323437986101669], [0.4605986899110371, 0.26127709429683726, 0.09608612812353239, 0.18203808766859336], [0.32962534443355795, 0.20909620417051916, 0.13672908922403335, 0.3245493621718897], [0.18667609421388054, 0.2959788425175521, 0.1815059621508135, 0.33583910111775395], [0.19017211154407093, 0.391055675502679, 0.15312653221253503, 0.265645680740715], [0.21470189993506064, 0.34294339442039146, 0.1492537194318894, 0.29310098621265857], [0.6105179151463973, 0.21630857318333355, 0.060632367537628226, 0.11254114413264107], [0.13723909282187063, 0.5144450936794409, 0.16339930342946532, 0.18491651006922308], [0.1882805324954548, 0.3073453985551854, 0.17925169840069527, 0.3251223705486644], [0.2375635249728124, 0.3014712040732059, 0.11250951228251335, 0.3484557586714683], [0.16901096893081813, 0.37302657569798875, 0.14479451832064547, 0.3131679370505477], [0.22469274251625124, 0.2838962341388165, 0.28807468110584433, 0.20333634223908797], [0.39731762490014266, 0.27380747519498816, 0.12510497694747447, 0.20376992295739466], [0.2270375379485659, 0.1629179911416113, 0.34851206415094893, 0.26153240675887374], [0.20783076281844154, 0.2807620873192225, 0.20146341471689655, 0.3099437351454393], [0.03621976906375318, 0.09544913484000851, 0.6419558682726909, 0.2263752278235475], [0.4558813921682017, 0.1662683874144538, 0.0750310617035925, 0.302819158713752], [0.1590447878395223, 0.35670402913668914, 0.23626322749990405, 0.24798795552388456], [0.15389615047747685, 0.2186627626304489, 0.16809537560846732, 0.4593457112836069], [0.3121103448143676, 0.337008169188025, 0.1457809665614009, 0.2051005194362064], [0.19144999352053788, 0.4255969307184971, 0.12144820274721885, 0.26150487301374614], [0.4758044107952141, 0.2499478653008543, 0.08208767940213192, 0.1921600445017995], [0.1265859345573821, 0.5765941681972475, 0.08952627142723112, 0.20729362581813918], [0.2533124216583441, 0.2639368474941564, 0.2209148864730082, 0.26183584437449126], [0.2551962208018434, 0.3172716514593963, 0.17202054793438842, 0.2555115798043719], [0.09825616201107006, 0.5101979340427176, 0.21276967112935397, 0.17877623281685825], [0.15602865542499336, 0.27638536387518786, 0.2865801355113386, 0.28100584518848015], [0.14910213649211862, 0.5236641318150621, 0.06316130099317459, 0.26407243069964453], [0.10243246928174074, 0.25330227650566367, 0.046283960446088825, 0.5979812937665068], [0.1762436609168737, 0.23140871369537575, 0.2059230739027366, 0.386424551485014], [0.29245886179111386, 0.34833194485473384, 0.1406930703383882, 0.21851612301576404], [0.17355798237040485, 0.4818860199343405, 0.10288626704645262, 0.2416697306488022], [0.14577593554267462, 0.3396649343694411, 0.31284541240194724, 0.2017137176859371], [0.15311649491358909, 0.5645784205139124, 0.13873670797730536, 0.1435683765951931], [0.14172774079855516, 0.4088117616474673, 0.09749161868190748, 0.35196887887207023], [0.15826087554334467, 0.5050017887205195, 0.10012245204251817, 0.23661488369361752], [0.19384463141800098, 0.4837730825756136, 0.08789429917581425, 0.234487986830571], [0.3929617651523454, 0.25200691602779896, 0.14503956330544904, 0.20999175551440663], [0.138387918491837, 0.20895072025398587, 0.07264409663100205, 0.580017264623175], [0.19967088495539387, 0.1796407466940451, 0.37915097597870806, 0.24153739237185287], [0.2147585109177627, 0.3406947460815128, 0.20931372249443753, 0.23523302050628686], [0.09374651758382226, 0.10926673903673415, 0.08858341208407168, 0.7084033312953719], [0.20479687215323736, 0.31425798282584233, 0.15502622769521163, 0.3259189173257087], [0.18575237346027026, 0.3159030404512989, 0.14957000998697728, 0.34877457610145357], [0.19597476733576474, 0.2579920063255557, 0.16822664434997522, 0.37780658198870437], [0.16972528705725828, 0.27682212135955825, 0.2788501559663848, 0.2746024356167986], [0.24078794743497473, 0.33818906121057635, 0.09573456277032259, 0.32528842858412643], [0.4105588793327242, 0.21416053884351577, 0.06131359486869159, 0.31396698695506836], [0.2290635404222396, 0.39381091562671194, 0.14816001105393703, 0.2289655328971114], [0.13049268413110934, 0.32652931306369315, 0.19127759803766606, 0.35170040476753134], [0.1134688362455197, 0.4423868892996219, 0.08654337401804399, 0.3576009004368145], [0.19866591799458821, 0.4402898469185294, 0.11943594699105273, 0.2416082880958297], [0.2692708309905147, 0.1735029098228192, 0.06529398257905367, 0.4919322766076124], [0.14414968797382163, 0.2512687828728806, 0.13649524112918804, 0.46808628802410973], [0.23757036810625937, 0.28416044804575746, 0.12640041258112747, 0.35186877126685556], [0.20484825524044492, 0.44056539927509825, 0.1798021446350652, 0.17478420084939156], [0.16498161773962036, 0.23413405340556884, 0.17043357462649592, 0.43045075422831486], [0.1274252635471247, 0.14102135514479097, 0.4955382246560665, 0.23601515665201783], [0.30476088504103127, 0.2759424134665659, 0.15882932022885332, 0.2604673812635495], [0.1819397245540117, 0.37389082244076466, 0.1353185397708544, 0.3088509132343692], [0.13456933876251503, 0.24285265686135893, 0.331488008157941, 0.2910899962181851], [0.16420706179205513, 0.2782965297570524, 0.1147652557360101, 0.44273115271488234], [0.25708442135775705, 0.3833398533216381, 0.08935876367721023, 0.27021696164339476], [0.2613674274736104, 0.5390520096580208, 0.05991529917141879, 0.13966526369695], [0.17613971857446978, 0.42971129100395933, 0.1255999989275514, 0.2685489914940196], [0.17139324232699008, 0.1768867233910464, 0.2268065084541221, 0.42491352582784137], [0.23853555058538953, 0.20795290496944568, 0.15702148959465942, 0.3964900548505054], [0.17588485708009102, 0.21287769384887856, 0.2728547192554195, 0.33838272981561085]]}, "rewritten": {"ids": ["97105451", "97106591", "97106820", "97110950", "98108410", "98109090", "98110230", "98110710", "98111860", "98112300", "98119591", "98121790", "99107640", "99108710", "99109780", "99109840", "99111340", "99114890", "100109330", "100109360", "100109801", "100109910", "100109980", "100111080", "100111390", "100116790", "101108950", "101111210", "101111310", "101114990", "101117580", "101121640", "102107961", "102110690", "102112250", "102113981", "102116500", "102118380", "103109021", "103109641", "103111110", "103111170", "103111480", "103113170", "103113210", "103113270", "103113640", "103117461", "104111620", "104111711", "104111780", "104111830", "104112201", "104114230", "104114410", "104116441", "104117630", "104118340", "104119290", "104119340", "105110091", "105110251", "105113620", "105115720", "105116501", "105117351", "105119550", "106113190", "106113260", "106113830", "106116850", "107114280", "107114950", "107118120", "107118780", "107120130", "107120260", "107121230", "108114200", "108115250", "108117360", "108117610", "108118301", "108120060", "108120621", "108121160", "109113281", "109114720", "109115220", "109115380", "109116040", "109116170", "109116750", "109117080", "109121640", "110113931", "110114920", "110115980", "110116290", "110117500", "110117870", "110118121", "110120531", "110120540", "111115400", "111115910", "111116040", "111116110", "111116530", "111116750", "111117120", "111119290", "111119300", "111119930", "111120280", "112116501", "112116640", "112116990", "112117461", "112117580", "112118421", "112118530", "112118620", "112118860", "112120640", "112120700", "113118231", "113118511", "113118820", "113118870", "113119360", "113119930", "113120070", "113120280", "113120531", "113121410", "113121810", "113122120", "113122180", "113122230", "113122510", "113122650"], "labels": [0, 1, 1, 3, 1, 1, 3, 2, 0, 2, 1, 2, 1, 2, 2, 2, 1, 2, 0, 0, 0, 2, 1, 0, 2, 2, 2, 2, 3, 3, 3, 2, 3, 0, 0, 1, 1, 1, 0, 1, 3, 2, 0, 3, 3, 2, 1, 0, 0, 1, 3, 3, 0, 2, 1, 1, 0, 2, 1, 1, 0, 0, 0, 1, 1, 0, 1, 0, 3, 1, 3, 3, 3, 3, 1, 2, 1, 0, 0, 1, 1, 3, 1, 1, 1, 2, 0, 0, 3, 3, 0, 0, 0, 1, 0, 1, 3, 1, 2, 1, 3, 3, 0, 1, 0, 2, 0, 3, 3, 3, 2, 3, 1, 1, 0, 3, 0, 0, 0, 0, 3, 1, 3, 3, 0, 2, 3, 1, 0, 0, 0, 1, 2, 0, 0, 0, 2, 1, 2, 1, 2, 2], "predicted_labels": [3, 1, 1, 0, 3, 2, 3, 1, 0, 3, 0, 3, 0, 1, 3, 1, 1, 2, 0, 3, 1, 1, 0, 3, 0, 0, 1, 3, 1, 1, 3, 1, 1, 0, 3, 1, 1, 1, 1, 1, 0, 1, 3, 1, 3, 3, 0, 1, 3, 1, 3, 3, 0, 1, 0, 1, 3, 1, 2, 2, 3, 3, 1, 0, 0, 1, 3, 3, 1, 0, 0, 0, 1, 1, 0, 3, 3, 1, 3, 1, 1, 3, 1, 1, 1, 1, 0, 3, 3, 3, 1, 1, 3, 1, 1, 0, 3, 3, 2, 1, 1, 1, 3, 1, 1, 1, 0, 0, 2, 3, 1, 1, 1, 1, 3, 3, 1, 1, 3, 3, 3, 1, 1, 1, 0, 3, 0, 0, 1, 3, 3, 3, 1, 1, 3, 3, 1, 1, 3, 1, 1, 1], "confidence_scores": [[0.28334513115736515, 0.17672479492087878, 0.09332541358467333, 0.4466046603370827], [0.26079788686512584, 0.3935844385482488, 0.11457377460487429, 0.23104389998175107], [0.19703869006353578, 0.37106019432337256, 0.17548381234923682, 0.2564173032638548], [0.39213475364631134, 0.24097459565439244, 0.15272995969648162, 0.21416069100281454], [0.19663183722686087, 0.29442315096112504, 0.18617156138905291, 0.32277345042296113], [0.24305265586203592, 0.22966068776041138, 0.31107501809687776, 0.216211638280675], [0.09625440813151769, 0.1465627575683436, 0.15164396318772036, 0.6055388711124183], [0.05599699170360269, 0.5553658665797634, 0.22626000408793195, 0.16237713762870207], [0.6399066524425983, 0.11446878208732564, 0.08407324291619973, 0.16155132255387636], [0.2579702725519149, 0.28341225187056335, 0.1343509300715909, 0.32426654550593087], [0.7389015861294342, 0.083931302454275, 0.027073001344536222, 0.15009411007175463], [0.15203024484421257, 0.30882557871787575, 0.15451171782610287, 0.38463245861180895], [0.5058422227199834, 0.14559158493088706, 0.15812623050792907, 0.19043996184120043], [0.13649951841197913, 0.46028034756689273, 0.15497502242745037, 0.2482451115936779], [0.24805448321982462, 0.26576677181441005, 0.14984952560457113, 0.33632921936119425], [0.19368226068133615, 0.2972652220404657, 0.21591233501081614, 0.293140182267382], [0.20724980160148287, 0.3242869226785316, 0.1660596653540878, 0.30240361036589775], [0.23015994164785708, 0.23172217135049145, 0.32325006415714025, 0.21486782284451109], [0.295801245685099, 0.28505648315114834, 0.18442558338625573, 0.23471668777749705], [0.1935704771254616, 0.26455563626707396, 0.20422644071518117, 0.3376474458922833], [0.1893915796876868, 0.3843647918684903, 0.0691923443007474, 0.35705128414307535], [0.17736783056270072, 0.3226824090579312, 0.2795145350428062, 0.22043522533656187], [0.3737743823992126, 0.09745369747334126, 0.23738151729388657, 0.29139040283355966], [0.1754815052618897, 0.3193969564112966, 0.13618749623484397, 0.3689340420919698], [0.3948326399659739, 0.21323641988547384, 0.12298219940729847, 0.2689487407412538], [0.3318234933872611, 0.264592242192261, 0.15943686254419573, 0.24414740187628206], [0.22261203906973673, 0.3436949374847819, 0.25242255991135687, 0.18127046353412435], [0.18877801974215774, 0.20355810255325246, 0.29812074091034024, 0.30954313679424955], [0.17786760570093668, 0.364428119030097, 0.1959532779894059, 0.2617509972795605], [0.13818928985495715, 0.5283816734033695, 0.1464925890100532, 0.18693644773162024], [0.12976096648836136, 0.29023314940819084, 0.2586402361726583, 0.3213656479307896], [0.1687279324880313, 0.40716971624759035, 0.13031482397804342, 0.2937875272863349], [0.27519280524842515, 0.34491961945192173, 0.10273919347484675, 0.2771483818248063], [0.3800053935080015, 0.24016851202602318, 0.14822711434795863, 0.2315989801180167], [0.2798709949982304, 0.11455642549074133, 0.13681641236365996, 0.46875616714736834], [0.2064295795066851, 0.40653248191861013, 0.1009239316312377, 0.2861140069434671], [0.16923479748032594, 0.46062541471782725, 0.11017984616010934, 0.2599599416417374], [0.15617926351203246, 0.4664702636396447, 0.15590578185787254, 0.22144469099045014], [0.17072085960897856, 0.4920654592821113, 0.09597363925179757, 0.24124004185711262], [0.14025764503372276, 0.5351895395579586, 0.09666761793485612, 0.22788519747346264], [0.3639480551437888, 0.20498983439026444, 0.11212699470774368, 0.3189351157582031], [0.2667191598628261, 0.37807154069220045, 0.14865091960560126, 0.20655837983937214], [0.12720539609595716, 0.14422833627921353, 0.09051471500823191, 0.6380515526165974], [0.18212251256108516, 0.48486665759369474, 0.14218289532716497, 0.19082793451805513], [0.10091462130106087, 0.2336783643021052, 0.29390619696576237, 0.3715008174310714], [0.12289467934761997, 0.2068272778501568, 0.12148435345176858, 0.5487936893504547], [0.5432468284058027, 0.14684978152236317, 0.04495828609383775, 0.2649451039779963], [0.22720343291280004, 0.5324443809638986, 0.058301180531923444, 0.1820510055913779], [0.26734724449550973, 0.17428703518314204, 0.14474142577961255, 0.4136242945417357], [0.26212193248295057, 0.41649285433346006, 0.1258323706941836, 0.19555284248940583], [0.17341510728578907, 0.2467925634206963, 0.114641421282605, 0.4651509080109096], [0.19330728360594987, 0.27064800516835885, 0.1417112219672684, 0.39433348925842304], [0.574155602328976, 0.0717018324507184, 0.04652746476501225, 0.3076151004552935], [0.2768605712610488, 0.29966098422645493, 0.14382247847222807, 0.27965596604026816], [0.44000989136909574, 0.18297341857827915, 0.12832073587459886, 0.24869595417802615], [0.21016180462266712, 0.30506822307178655, 0.2448597376744031, 0.23991023463114305], [0.18884921246645425, 0.25757520352781077, 0.1910950360834945, 0.36248054792224027], [0.20021772614390188, 0.3518994442402906, 0.17077841471884614, 0.2771044148969614], [0.1814745416390509, 0.2066647970622776, 0.45513172865681706, 0.15672893264185445], [0.1744208335074024, 0.2057999237977025, 0.36411743523460105, 0.25566180746029404], [0.2599328696585408, 0.2935309572005814, 0.1463097539032894, 0.3002264192375884], [0.23571751639841879, 0.2870944635318373, 0.10341225959627542, 0.37377576047346844], [0.1260861118861516, 0.3802864510798804, 0.2867072386067845, 0.20692019842718332], [0.27689708254432743, 0.2734456726599711, 0.18822137010098614, 0.2614358746947153], [0.5577693921124817, 0.21035802521257732, 0.06106453805954588, 0.17080804461539512], [0.24352044354868496, 0.3708075107746873, 0.08626587817826624, 0.2994061674983615], [0.1503432069368823, 0.2494230975139541, 0.2647184805991758, 0.3355152149499878], [0.30880341937882094, 0.26316581967963343, 0.1181726524865303, 0.3098581084550153], [0.12330303102106753, 0.4819012893089041, 0.09685929201183288, 0.2979363876581957], [0.38010913625382076, 0.23856248640482786, 0.12484777149567013, 0.2564806058456812], [0.2796936892655728, 0.27716727088526655, 0.19075370830024949, 0.25238533154891124], [0.383149590687337, 0.21126184142215396, 0.2778238226555624, 0.1277647452349468], [0.19521696526005494, 0.4193051926531685, 0.14412714713282604, 0.24135069495395062], [0.32791486978116346, 0.377332187599807, 0.10815321145000636, 0.18659973116902318], [0.34810744636040575, 0.2255961321335354, 0.17835572295753072, 0.24794069854852796], [0.23872143444537944, 0.25349946848421345, 0.2210030755611242, 0.28677602150928283], [0.23399572808883204, 0.22099035408368586, 0.17260715354891998, 0.37240676427856223], [0.26899123759889565, 0.30970179931406905, 0.15773014779795225, 0.26357681528908317], [0.17200709061864827, 0.25565542060597746, 0.1855769293970079, 0.38676055937836623], [0.18278264756935486, 0.41411859422724945, 0.1465089859257573, 0.25658977227763835], [0.13375064883676016, 0.49415452324145215, 0.1710783654438621, 0.20101646247792548], [0.1399891908135049, 0.23797248665005705, 0.2246846834711361, 0.39735363906530197], [0.2828208505580661, 0.32199147643463394, 0.18250135126433395, 0.21268632174296598], [0.25021785454652573, 0.36106122998319257, 0.1769272568296078, 0.21179365864067382], [0.16375466679164738, 0.44258638358235836, 0.08579123117068475, 0.3078677184553094], [0.1841346981984369, 0.41367195010195, 0.1017306587337162, 0.3004626929658969], [0.4918923686335764, 0.14984492874271133, 0.10464715101559813, 0.2536155516081144], [0.27918814354959887, 0.21920093583378142, 0.20067313915283322, 0.3009377814637866], [0.2656425438495388, 0.18086771158994935, 0.1271431381278937, 0.4263466064326181], [0.1312925018061933, 0.2692533648910205, 0.1678872542092205, 0.4315668790935657], [0.20660739462805444, 0.33188074799252565, 0.13628639218329056, 0.3252254651961293], [0.20095965221753548, 0.43148922198055534, 0.11380645387797135, 0.25374467192393796], [0.2393194374640741, 0.22255078662897626, 0.226528308617247, 0.31160146728970284], [0.2236282551304104, 0.3875739799247372, 0.11484166712579598, 0.27395609781905644], [0.23932494288349979, 0.34938402991696166, 0.12208609213740088, 0.28920493506213774], [0.48349919023685656, 0.2844803777174594, 0.06681756705985298, 0.16520286498583103], [0.2559103747560836, 0.26688679214397293, 0.09407436117679589, 0.3831284719231476], [0.28611069877324485, 0.19008838319092025, 0.19912629481970634, 0.32467462321612867], [0.10942784740981636, 0.1451218598712403, 0.5829932805109979, 0.1624570122079455], [0.17329198695838258, 0.3214190470770253, 0.21130172142219233, 0.2939872445423999], [0.293573648978938, 0.44409679350801756, 0.11743196349106781, 0.14489759402197663], [0.2614420265554891, 0.37312944568191353, 0.15466411729160942, 0.2107644104709881], [0.1948915577082342, 0.207422653660973, 0.139066028845709, 0.45861975978508385], [0.16912969637845954, 0.3576511063417229, 0.1500773479728963, 0.32314184930692125], [0.1937369461257815, 0.4451960191688346, 0.16455458027974793, 0.19651245442563614], [0.1408393734061566, 0.4437877465435231, 0.16100770777881382, 0.25436517227150646], [0.6743859683991552, 0.04271260452765279, 0.03602096322316572, 0.24688046385002616], [0.3755003869739573, 0.19972358161427206, 0.06984394162824024, 0.3549320897835303], [0.14304939086455404, 0.15653016386213678, 0.4782364010734764, 0.22218404419983273], [0.22948986413271713, 0.15433949011862713, 0.07708741231322097, 0.5390832334354348], [0.24169915597691038, 0.2925179083822863, 0.2256086147225701, 0.2401743209182331], [0.19754402005811764, 0.3707127497754987, 0.21936514099536125, 0.21237808917102227], [0.3144421372561793, 0.3815489804279354, 0.10179956746509707, 0.20220931485078822], [0.22871014978530899, 0.36209424778757804, 0.125285529485439, 0.2839100729416741], [0.2239403813865683, 0.26839139657172795, 0.06351820062886036, 0.44415002141284343], [0.20108538958689287, 0.2289323673292111, 0.07746300443755214, 0.4925192386463439], [0.1883850594879309, 0.4727724033873524, 0.12383814062509912, 0.21500439649961758], [0.1686641830954867, 0.3954682766515594, 0.16024378138219333, 0.27562375887076035], [0.23686791002168572, 0.30743045165937527, 0.10652739686928134, 0.34917424144965764], [0.24037123729135107, 0.2818734537125284, 0.12970183533062363, 0.34805347366549666], [0.1433789771298784, 0.16461990054952388, 0.14096208301500066, 0.5510390393055971], [0.15458485780781075, 0.3132122780896022, 0.3081466624284617, 0.2240562016741254], [0.17976798559773563, 0.4174305628763644, 0.12169383316704223, 0.28110761835885756], [0.2144581553227997, 0.3660318238775726, 0.1693486436458295, 0.25016137715379794], [0.3784189485881051, 0.18399883013745708, 0.12833486421755497, 0.30924735705688283], [0.27777784034488595, 0.31232476093040523, 0.08628261778393438, 0.32361478094077445], [0.3033913312434827, 0.28734651461635674, 0.11729767857427868, 0.2919644755658818], [0.31065671691136654, 0.2940207909487798, 0.1483010651535996, 0.2470214269862541], [0.11408429788157473, 0.6279321038493463, 0.08727015108418057, 0.17071344718489845], [0.18309815099939447, 0.2747765590260618, 0.1239290613220379, 0.4181962286525058], [0.16940076504987084, 0.25811639686740084, 0.1750045405919622, 0.39747829749076613], [0.19529081190473616, 0.251280795737972, 0.21106445874422383, 0.34236393361306794], [0.1854444664072451, 0.3805865666306787, 0.1688681952305318, 0.26510077173154434], [0.29360086288076304, 0.32543789091216524, 0.22338772685303163, 0.15757351935404015], [0.23792866902551355, 0.1885809539686562, 0.11338338952907408, 0.4601069874767562], [0.2156487981319204, 0.3455239764716037, 0.09079752070610252, 0.3480297046903735], [0.13926876202668886, 0.37962017336211046, 0.141895877240052, 0.33921518737114864], [0.1395400259966991, 0.49721044295532396, 0.1439182783456866, 0.21933125270229015], [0.3107587137972233, 0.22963666485265263, 0.13077440121316375, 0.32883022013696034], [0.2620599701930768, 0.3305362685968767, 0.18458380522098458, 0.222819955989062], [0.1951775497662926, 0.35786835589643146, 0.16826351669365253, 0.2786905776436234], [0.21623879616501662, 0.3361261665213851, 0.212560905876469, 0.23507413143712916]]}}