{"test": {"ids": ["100110050", "99112531", "99112300", "108118060", "109117271", "111115400", "101109000", "104111780", "110120531", "110118111", "103120531", "97106820", "105116090", "108113620", "112119580", "110120560", "108115500", "106113170", "112117780", "98110710", "112118511", "104111550", "105118171", "98109570", "103111830", "103110840", "111119950", "106113830", "107118820", "107113550", "103120340", "112121360", "107115140", "112119930", "111116640", "108121190", "108114220", "112118810", "107120880", "103120780", "100108080", "105115250", "99107640", "113122150", "105116441", "97107260", "106113260", "99108710", "102109840", "111116170", "110116290", "110116300", "101110740", "113121680", "108119330", "98106680", "111116090", "103111110", "111118810", "98110810", "110118450", "111121930", "98117740", "105111990", "104117200", "99114890", "105119550", "102109850", "112118581", "108113760", "107116300", "111116290", "112121430", "99109840", "107116501", "111117120", "110120540", "105113170", "107114780", "107116980", "103113101", "108115250", "113118511", "110115710", "112116610", "111119300", "112118701", "113118870", "112118161", "101110150", "110118930", "105117431", "111120640", "102121700", "99109780", "103109641", "104111990", "110118121", "105113260", "112118471", "113121410", "105115900", "105115380", "102117351", "113119320", "111116110", "102112301", "102107961", "107119390", "111118910", "107121700", "98106111", "107113840", "102108621", "106116441", "112118860", "110116441", "113118810", "107114950", "104113210", "112116850", "104114320", "109118161", "106114011", "112120990", "100116790", "107113130", "101114990", "110117110", "102110890", "113120531", "106114280", "104114410", "108120060", "110115890", "100108260", "101111990", "106120290", "100109311", "103110760", "109115380", "113118421"], "labels": [3, 3, 0, 1, 0, 0, 1, 3, 0, 1, 3, 1, 1, 3, 3, 0, 3, 0, 0, 2, 1, 1, 3, 1, 3, 1, 0, 1, 3, 0, 1, 3, 0, 1, 0, 1, 3, 3, 1, 1, 0, 2, 1, 2, 1, 2, 3, 2, 2, 0, 2, 3, 3, 1, 0, 1, 3, 3, 0, 1, 0, 1, 2, 2, 3, 2, 1, 1, 1, 1, 0, 2, 2, 2, 1, 2, 1, 0, 2, 3, 3, 1, 1, 2, 1, 1, 0, 0, 0, 1, 1, 1, 0, 1, 2, 1, 2, 3, 3, 1, 0, 3, 1, 1, 1, 3, 1, 3, 2, 0, 3, 0, 3, 3, 0, 3, 3, 3, 3, 3, 0, 2, 0, 1, 2, 2, 1, 3, 0, 0, 0, 3, 1, 1, 2, 3, 2, 2, 1, 1, 3, 3], "predicted_labels": [2, 0, 3, 0, 0, 3, 3, 3, 3, 0, 3, 3, 3, 0, 0, 3, 3, 3, 1, 3, 0, 3, 0, 3, 0, 3, 3, 0, 0, 3, 2, 0, 0, 3, 3, 2, 0, 1, 3, 1, 1, 1, 1, 1, 3, 1, 1, 3, 3, 0, 0, 3, 0, 1, 1, 3, 0, 1, 0, 0, 1, 1, 1, 1, 1, 3, 2, 1, 2, 0, 0, 0, 3, 0, 3, 1, 0, 0, 1, 0, 3, 3, 3, 1, 3, 3, 1, 2, 0, 3, 3, 0, 2, 2, 3, 2, 1, 1, 1, 0, 3, 3, 1, 0, 3, 2, 0, 0, 3, 3, 1, 0, 3, 0, 0, 3, 3, 1, 2, 3, 3, 3, 1, 1, 1, 1, 3, 3, 1, 0, 3, 0, 2, 2, 1, 3, 2, 3, 3, 0, 3, 0], "confidence_scores": [[0.16374644650586198, 0.18367375062632646, 0.39567939877266856, 0.2569004040951429], [0.3923508288927931, 0.19653190335862697, 0.09157522356499816, 0.3195420441835818], [0.28231466838295577, 0.07366106570145788, 0.07323297782634465, 0.5707912880892417], [0.3330939145841285, 0.2525475815085196, 0.10209093421998056, 0.3122675696873712], [0.28195136386237646, 0.24968504538948003, 0.2722038285668033, 0.19615976218134024], [0.2324651226434538, 0.29425057978469643, 0.1377383846617423, 0.3355459129101074], [0.21652014692190447, 0.15089059984118908, 0.07520548291208196, 0.5573837703248247], [0.2714720426390597, 0.1752954294037724, 0.19333905438821244, 0.3598934735689555], [0.17193832516287302, 0.21333478383603155, 0.11839659341197535, 0.4963302975891202], [0.4127858450882426, 0.2002156593960446, 0.09768236139010256, 0.2893161341256102], [0.2055959338298575, 0.18938814516570796, 0.08962947296657973, 0.515386448037855], [0.22018315860767773, 0.12178218597264019, 0.14189345473620857, 0.5161412006834735], [0.19500518543265197, 0.16097193023339823, 0.07937927953046647, 0.5646436048034834], [0.5703714987334226, 0.2170792194265324, 0.07526824465596321, 0.13728103718408177], [0.432127122139536, 0.2295017232943733, 0.10548628555035083, 0.23288486901573988], [0.14942225528210665, 0.2253280588795462, 0.20047290364090356, 0.4247767821974436], [0.1596941141527658, 0.1531696239244352, 0.09408511873615803, 0.593051143186641], [0.21752340659692956, 0.20908720890610827, 0.18497674840314252, 0.3884126360938197], [0.3003947709891987, 0.3386631155464619, 0.09468085505230218, 0.2662612584120374], [0.10917175660723304, 0.1792030741604716, 0.31735761489296704, 0.3942675543393283], [0.3160602727488641, 0.26053065487609023, 0.12057696366857265, 0.30283210870647304], [0.29076939504615007, 0.23396107856055304, 0.13554634381531663, 0.33972318257798034], [0.5069156780780445, 0.23767839251774542, 0.08151855785165808, 0.17388737155255185], [0.18839523323772622, 0.14975213260827025, 0.08312366263959016, 0.5787289715144133], [0.4893662985939202, 0.14361496053527278, 0.12161149901072839, 0.24540724186007878], [0.17529928479124304, 0.26688131574646273, 0.1255653896249523, 0.43225400983734197], [0.2346629002734824, 0.153454200371711, 0.26720746777802196, 0.3446754315767846], [0.4892142098745333, 0.1653435338811979, 0.12825105942277107, 0.2171911968214978], [0.47134576636450115, 0.17376352137371442, 0.12685659954593648, 0.22803411271584795], [0.3782911232050953, 0.08052344293448778, 0.1619315718441889, 0.379253862016228], [0.24101030713497681, 0.1266785089806458, 0.35934457699026046, 0.2729666068941171], [0.35659360380443805, 0.28038245443768367, 0.0536521397252515, 0.309371802032627], [0.339286200220781, 0.1764285250921848, 0.21302063351526088, 0.27126464117177357], [0.2696270010575002, 0.1936261222106491, 0.19456281586767615, 0.3421840608641745], [0.10392957852415376, 0.19271045134680942, 0.07126699079603054, 0.6320929793330063], [0.2542199045205317, 0.21694135903001682, 0.2654459406483819, 0.26339279580106956], [0.3764337353931342, 0.21794885842082176, 0.10898848066884735, 0.2966289255171968], [0.03546913211636558, 0.8367773225833677, 0.05153162535553445, 0.07622191994473244], [0.17512083481531804, 0.2879208849890159, 0.17771403992844337, 0.3592442402672228], [0.20471486164884975, 0.3751342603430295, 0.1362911575894969, 0.2838597204186239], [0.3192464158173299, 0.374740998373175, 0.0903024681739455, 0.2157101176355498], [0.12942888826883822, 0.47552909584356917, 0.12495940120107679, 0.27008261468651573], [0.12813008027685469, 0.45720941943025, 0.13644279737459186, 0.2782177029183035], [0.19201760035001872, 0.3870998297904006, 0.2867869190686749, 0.13409565079090596], [0.23674644272414908, 0.33924686553444194, 0.05866142794833833, 0.3653452637930708], [0.12144051210888382, 0.47990512717230666, 0.2079177241772414, 0.1907366365415681], [0.06441828780988716, 0.7449952495787622, 0.038248233629341155, 0.15233822898200944], [0.19592488611199688, 0.20226604206965496, 0.20769876713228397, 0.394110304686064], [0.3583552160174314, 0.1807685447904878, 0.10190191192289907, 0.35897432726918177], [0.5806161966147331, 0.18081031972392358, 0.07350534045220346, 0.16506814320913993], [0.37951855536435614, 0.22746586147718162, 0.1094280192279816, 0.2835875639304806], [0.06318973703785583, 0.2546362239804132, 0.252098166852413, 0.43007587212931797], [0.2987849060841619, 0.20728729951999358, 0.20597760361782383, 0.28795019077802075], [0.22567517078181903, 0.3509707038781066, 0.07443147335613695, 0.3489226519839374], [0.3269181652994441, 0.32808648637758187, 0.11166855860857199, 0.2333267897144021], [0.192537673232615, 0.28478308042512473, 0.0968778514310793, 0.4258013949111809], [0.6596924074976691, 0.1050125270621207, 0.062432125263176694, 0.1728629401770335], [0.17355798095710825, 0.6181036268319583, 0.08792831920313852, 0.1204100730077949], [0.535525717720633, 0.14845039883930422, 0.04372272445386985, 0.27230115898619284], [0.6713607416423951, 0.13265553983856287, 0.07868166108631325, 0.11730205743272887], [0.13615964050531545, 0.3889023985192679, 0.15135200737326943, 0.3235859536021472], [0.2719769585610799, 0.3267336883134908, 0.12543776874370738, 0.27585158438172197], [0.2957077472484574, 0.34104850841615253, 0.07615573317739373, 0.28708801115799615], [0.21728195122085417, 0.3768252629288829, 0.12234249259798743, 0.28355029325227565], [0.16460726633116246, 0.5160375936540492, 0.06311136457683693, 0.25624377543795146], [0.33293724377280315, 0.15501353301389323, 0.15451845153242338, 0.35753077168088027], [0.07457965472569968, 0.32028145276704917, 0.5180519472088546, 0.08708694529839671], [0.24849456613897924, 0.48671166472417415, 0.08824039317198798, 0.17655337596485857], [0.16669563897698997, 0.1650058978662609, 0.43528718293211455, 0.23301128022463463], [0.3304723814534906, 0.2511413510582822, 0.12072112287194192, 0.2976651446162852], [0.38515391699829704, 0.1482750862072422, 0.3385239603429005, 0.12804703645156024], [0.4835570338757289, 0.23461714781643941, 0.05879630086933331, 0.22302951743849833], [0.1784862748337037, 0.25164776655952914, 0.28335425673610964, 0.28651170187065744], [0.44003011482015125, 0.18767722099840156, 0.1715054966863154, 0.2007871674951318], [0.24699741509034068, 0.3164789480765163, 0.09139704392848112, 0.3451265929046619], [0.1914495727833701, 0.4303085454308911, 0.18897054206156697, 0.18927133972417215], [0.4093604343010457, 0.14394945155496278, 0.08244707223320483, 0.36424304191078666], [0.3654901886032752, 0.29543949438905653, 0.06259800342018973, 0.27647231358747854], [0.13068210184899243, 0.5135263907663694, 0.1578806458671138, 0.1979108615175243], [0.4843473889024913, 0.09583279608192047, 0.05424335186876206, 0.3655764631468261], [0.2659977753835308, 0.20493866535325664, 0.24445041852696692, 0.2846131407362457], [0.24365971342694642, 0.22446404819908866, 0.06837671342506331, 0.4634995249489015], [0.24352688234145992, 0.2369275956707774, 0.17807573225619475, 0.341469789731568], [0.11592093434525613, 0.5552426610352691, 0.06947373903111116, 0.25936266558836363], [0.21021516034702628, 0.15808696410474132, 0.0892873165886514, 0.542410558959581], [0.20998714717161088, 0.1745916159005955, 0.21151967363804994, 0.4039015632897437], [0.17079054207516928, 0.3945817322675542, 0.08632444262867994, 0.34830328302859664], [0.1023644053860603, 0.15949187582689336, 0.3785335082253137, 0.35961021056173276], [0.5417525180144153, 0.25260736754502383, 0.05162182282482529, 0.15401829161573574], [0.3052480060141893, 0.26422102597622066, 0.06602333384892034, 0.3645076341606698], [0.11407892627188294, 0.12445000111836207, 0.1828599112730062, 0.578611161336749], [0.3895769865175122, 0.2008142065070085, 0.06647112140421996, 0.3431376855712592], [0.06643714811788777, 0.082435782790925, 0.6388149430684901, 0.21231212602269714], [0.0806187136851087, 0.2322315777461929, 0.3646920594521479, 0.3224576491165507], [0.13425963209891148, 0.32529701288014506, 0.17725386281799554, 0.36318949220294805], [0.10949156438878918, 0.1765671576842656, 0.5047859818841213, 0.20915529604282393], [0.19690883840793272, 0.37154252965149487, 0.15692659021613162, 0.2746220417244409], [0.2936841795474202, 0.41600789598411286, 0.07271450804597517, 0.2175934164224917], [0.19065896247450254, 0.4730885688647116, 0.1323243975757184, 0.2039280710850676], [0.4363389369342083, 0.1494652763543081, 0.15828327630911693, 0.2559125104023668], [0.28564697115473486, 0.20093686590097115, 0.055994149647779594, 0.4574220132965143], [0.1662483845656851, 0.1279515187766934, 0.17198605769074882, 0.5338140389668726], [0.13944386066989203, 0.41346771581007385, 0.1887942417808039, 0.25829418173923013], [0.7024548019424385, 0.10541745960541794, 0.04124918296792479, 0.15087855548421888], [0.19945084396901402, 0.1765869678829921, 0.08579074913693303, 0.5381714390110609], [0.1476458236058862, 0.18636215240461473, 0.4162156279737399, 0.24977639601575927], [0.4692446454884119, 0.21378463066251402, 0.12195900192512614, 0.19501172192394806], [0.31835934388805065, 0.20469559732045128, 0.19856455630277628, 0.2783805024887219], [0.12139327761049987, 0.33321240556296755, 0.19269547934842476, 0.352698837478108], [0.34475430001603724, 0.17027626876934415, 0.1260660925615136, 0.3589033386531052], [0.09730729841965345, 0.5282331973027662, 0.059791700350231146, 0.3146678039273491], [0.4767316107326535, 0.1446011481692068, 0.10846328492719451, 0.2702039561709453], [0.12675005379071178, 0.2743850176937954, 0.08812276865297511, 0.5107421598625178], [0.7115306698647514, 0.11798633483200238, 0.04142106321995053, 0.12906193208329586], [0.4056258203291568, 0.17820612343241132, 0.18947799255273665, 0.22669006368569525], [0.2894673038428893, 0.23330158096900167, 0.07247421787108316, 0.40475689731702585], [0.2651652181312752, 0.23319360656375837, 0.06308312192346445, 0.43855805338150183], [0.27398115848774535, 0.5274764305768898, 0.07365927686919002, 0.12488313406617492], [0.160035508636841, 0.2381635428048689, 0.4600889142669471, 0.14171203429134294], [0.28256804754088694, 0.23311162362033894, 0.10532235272629172, 0.37899797611248265], [0.2187790072817316, 0.14065173827663338, 0.10494352180164485, 0.5356257326399902], [0.22714907500325834, 0.25712244520452204, 0.12861789095471038, 0.3871105888375093], [0.23926716680083313, 0.2673022217313214, 0.23191396922838112, 0.2615166422394643], [0.21351743731863923, 0.3719148093349374, 0.10245575925745191, 0.3121119940889714], [0.08918061246475832, 0.42928643359170965, 0.30415867609906394, 0.17737427784446824], [0.21589312481786435, 0.2891674821500551, 0.24745368411119997, 0.24748570892088048], [0.18038729181083754, 0.25872544601729386, 0.27104842258501816, 0.28983883958685047], [0.09081634018737711, 0.2737977239237921, 0.2553691708451154, 0.3800167650437154], [0.12703798637896674, 0.4470513013797544, 0.24350278421705987, 0.18240792802421915], [0.4187528449530292, 0.10968557921821345, 0.16787942317477292, 0.3036821526539844], [0.1470318549961901, 0.24663378362724073, 0.22855947805646185, 0.37777488332010745], [0.6692475253595184, 0.10955603341257804, 0.03910649784032096, 0.18208994338758278], [0.21462921460694642, 0.2465946823292495, 0.31089228543596387, 0.22788381762784016], [0.08277148533716293, 0.24968094673072222, 0.5912813005628049, 0.0762662673693099], [0.22424368333689723, 0.3345482935698308, 0.17872417197420384, 0.26248385111906836], [0.3065681513682102, 0.10827475673187101, 0.10593967385447538, 0.47921741804544343], [0.13568180159143942, 0.1953353588329923, 0.4459200730472794, 0.2230627665282888], [0.16724438078065582, 0.21654315401357155, 0.16946491846345657, 0.44674754674231615], [0.25017407990146523, 0.2021038170448064, 0.1263829397624832, 0.4213391632912451], [0.39152635374077516, 0.17285035913829577, 0.2534596438887573, 0.1821636432321717], [0.31425407623602847, 0.16041804130189846, 0.09609626048986156, 0.42923162197221143], [0.7240961086560104, 0.09498196097397943, 0.06054510986115533, 0.12037682050885486]]}, "rewritten": {"ids": ["97106820", "97107260", "98106111", "98106680", "98109570", "98110710", "98110810", "98117740", "99107640", "99108710", "99109780", "99109840", "99112300", "99112531", "99114890", "100108080", "100108260", "100109311", "100110050", "100116790", "101109000", "101110150", "101110740", "101111990", "101114990", "102107961", "102108621", "102109840", "102109850", "102110890", "102112301", "102117351", "102121700", "103109641", "103110760", "103110840", "103111110", "103111830", "103113101", "103120340", "103120531", "103120780", "104111550", "104111780", "104111990", "104113210", "104114320", "104114410", "104117200", "105111990", "105113170", "105113260", "105115250", "105115380", "105115900", "105116090", "105116441", "105117431", "105118171", "105119550", "106113170", "106113260", "106113830", "106114011", "106114280", "106116441", "106120290", "107113130", "107113550", "107113840", "107114780", "107114950", "107115140", "107116300", "107116501", "107116980", "107118820", "107119390", "107120880", "107121700", "108113620", "108113760", "108114220", "108115250", "108115500", "108118060", "108119330", "108120060", "108121190", "109115380", "109117271", "109118161", "110115710", "110115890", "110116290", "110116300", "110116441", "110117110", "110118111", "110118121", "110118450", "110118930", "110120531", "110120540", "110120560", "111115400", "111116090", "111116110", "111116170", "111116290", "111116640", "111117120", "111118810", "111118910", "111119300", "111119950", "111120640", "111121930", "112116610", "112116850", "112117780", "112118161", "112118471", "112118511", "112118581", "112118701", "112118810", "112118860", "112119580", "112119930", "112120990", "112121360", "112121430", "113118421", "113118511", "113118810", "113118870", "113119320", "113120531", "113121410", "113121680", "113122150"], "labels": [1, 2, 0, 1, 1, 2, 1, 2, 1, 2, 2, 2, 0, 3, 2, 0, 3, 1, 3, 2, 1, 1, 3, 2, 3, 3, 3, 2, 1, 0, 1, 1, 1, 1, 1, 1, 3, 3, 3, 1, 3, 1, 1, 3, 2, 3, 2, 1, 3, 2, 0, 3, 2, 1, 3, 1, 1, 1, 3, 1, 0, 3, 1, 1, 3, 0, 2, 1, 0, 3, 2, 3, 0, 0, 1, 3, 3, 2, 1, 3, 3, 1, 3, 1, 3, 1, 0, 1, 1, 3, 0, 0, 2, 2, 2, 3, 3, 0, 1, 3, 0, 1, 0, 1, 0, 0, 3, 3, 0, 2, 0, 2, 0, 0, 1, 0, 0, 1, 1, 0, 0, 0, 1, 1, 1, 0, 3, 3, 3, 1, 2, 3, 2, 3, 1, 3, 0, 1, 0, 0, 1, 2], "predicted_labels": [0, 1, 0, 3, 1, 3, 1, 1, 0, 1, 1, 3, 3, 1, 1, 3, 0, 0, 1, 1, 3, 0, 1, 1, 3, 0, 0, 1, 0, 2, 3, 0, 1, 1, 3, 3, 1, 0, 1, 1, 3, 0, 1, 3, 1, 0, 3, 1, 1, 1, 1, 3, 1, 3, 3, 1, 1, 3, 1, 1, 1, 1, 3, 1, 0, 1, 3, 3, 2, 1, 1, 1, 3, 1, 2, 0, 1, 1, 3, 1, 1, 0, 1, 3, 3, 3, 1, 0, 2, 0, 2, 1, 1, 1, 1, 3, 1, 2, 3, 1, 1, 1, 3, 1, 1, 3, 0, 0, 1, 2, 3, 1, 1, 0, 1, 1, 3, 3, 3, 3, 1, 1, 0, 3, 1, 1, 1, 1, 3, 1, 1, 0, 1, 0, 1, 1, 3, 1, 1, 1, 1, 1], "confidence_scores": [[0.43294097397633774, 0.20303580126319415, 0.14618590516305038, 0.21783731959741767], [0.2623933558272307, 0.3231873734585853, 0.1848329295718385, 0.22958634114234552], [0.3587602998814481, 0.19882033929931964, 0.1421202732186152, 0.3002990876006172], [0.1583157535894862, 0.2315886641459129, 0.19130169297769073, 0.41879388928691014], [0.13035365016327286, 0.3485531354606074, 0.1887064257590837, 0.3323867886170359], [0.15424927619357723, 0.19684604811563983, 0.2692063596064654, 0.3796983160843176], [0.2524735449187894, 0.3676289348563931, 0.12508964887607565, 0.25480787134874194], [0.09423335261397808, 0.7979693421313268, 0.03907702136725047, 0.06872028388744458], [0.30779645357107493, 0.1867912524573134, 0.22799114941004528, 0.2774211445615666], [0.11719172148947311, 0.46102532851542666, 0.07518698604571912, 0.346595963949381], [0.14842933486191617, 0.38995362479129353, 0.2547367097686331, 0.20688033057815725], [0.12159541389845063, 0.15420990543136956, 0.24738837895855006, 0.4768063017116297], [0.303583700447136, 0.14983969812995154, 0.10786025184143924, 0.4387163495814732], [0.28146974275943826, 0.3193940430304547, 0.11976366997709298, 0.2793725442330142], [0.10668623063746537, 0.5862290285396925, 0.07242425514753885, 0.23466048567530326], [0.25228294191684686, 0.2047178044870604, 0.26413560731227126, 0.2788636462838215], [0.3048112136144021, 0.14585546334998226, 0.2672265975675199, 0.2821067254680959], [0.36696119086425844, 0.27543163417094646, 0.10644832534461564, 0.2511588496201796], [0.20089655717725247, 0.32564024987039225, 0.1974968881273508, 0.27596630482500456], [0.15262999244352862, 0.5529446961814024, 0.04848440327261447, 0.24594090810245464], [0.14811547775695513, 0.29635875713896653, 0.0746891146561431, 0.4808366504479354], [0.36143285165412997, 0.2007910486987974, 0.16451963705286154, 0.2732564625942112], [0.1996167088233559, 0.3699654483799014, 0.16741121772206205, 0.2630066250746808], [0.19214421586183483, 0.36590786964344085, 0.13240924969631193, 0.30953866479841236], [0.13407687767481657, 0.1632187115776094, 0.34190155552143325, 0.36080285522614086], [0.3223059567762712, 0.2267655004347299, 0.18558814641827268, 0.26534039637072615], [0.44848373029074, 0.2078042041320447, 0.0879851297347164, 0.2557269358424989], [0.20697431926018825, 0.38493495828278973, 0.07699984772522014, 0.3310908747318021], [0.32100672804354646, 0.20308187954347498, 0.2556449956216241, 0.22026639679135449], [0.2015731987821051, 0.2996234709293521, 0.37204261576556985, 0.12676071452297297], [0.2046256416321231, 0.2713931471699719, 0.09023821054923105, 0.43374300064867394], [0.44549334581200173, 0.2722108072492217, 0.06820570470584388, 0.21409014223293266], [0.07640586130559848, 0.5875927840445432, 0.11986031961761408, 0.2161410350322441], [0.17617303942946208, 0.4415312463675995, 0.09978383509795037, 0.28251187910498804], [0.26311930066214934, 0.22824811533771275, 0.12607232629882478, 0.3825602577013132], [0.2304884947189889, 0.2818005949961223, 0.090601863144668, 0.3971090471402209], [0.19652850803373614, 0.421089536827059, 0.11491069363040411, 0.2674712615088006], [0.3139258504061126, 0.2686763617629629, 0.14601567001332022, 0.2713821178176044], [0.25872408583558465, 0.37078612098280767, 0.16559782819444044, 0.2048919649871674], [0.18430640609754323, 0.5067321371502269, 0.09474959968108035, 0.21421185707114965], [0.2672203897683862, 0.22834444479377494, 0.18574924625068748, 0.3186859191871514], [0.3571783010183767, 0.16563813347255854, 0.13018007289619055, 0.3470034926128742], [0.21979322219951142, 0.5365208017964299, 0.12178036267135302, 0.12190561333270555], [0.19238339261190762, 0.21529472265670044, 0.15405037749782213, 0.43827150723356983], [0.2420175642871973, 0.42611197746302387, 0.10949465297011193, 0.22237580527966697], [0.40131225491413913, 0.14389590220730167, 0.06829127526834837, 0.3865005676102108], [0.13175553066387255, 0.1877295647808939, 0.19096638164126775, 0.4895485229139659], [0.09264822374872193, 0.46557312195088774, 0.22443937550167264, 0.21733927879871773], [0.11538662406911832, 0.5540666023964308, 0.12340818606621809, 0.20713858746823294], [0.2096950778654127, 0.39773968405928534, 0.16326017575486948, 0.22930506232043252], [0.12299374050435756, 0.6161796568886133, 0.049752053266167405, 0.2110745493408615], [0.13941541767600388, 0.2240335044060597, 0.09764354590081807, 0.5389075320171184], [0.14070413222487274, 0.41363681813203457, 0.18689528262890248, 0.25876376701419035], [0.19492060102687503, 0.24082831988748482, 0.13750040325215226, 0.4267506758334879], [0.2804355358001309, 0.27119736256954097, 0.10060279886440315, 0.34776430276592507], [0.1549490463644365, 0.5239987391179317, 0.08473056788945041, 0.23632164662818134], [0.05257613005220377, 0.7647724881851612, 0.04133218714172121, 0.1413191946209137], [0.25728246507948693, 0.1912465673690869, 0.18118070304464046, 0.37029026450678576], [0.18842935524432353, 0.3515768502456169, 0.15062682516405998, 0.3093669693459998], [0.14142707203094843, 0.42790255179432707, 0.19247129186977074, 0.23819908430495382], [0.07439196360284728, 0.6384017729775252, 0.07753860713198663, 0.20966765628764075], [0.24463697383686422, 0.3706043968832359, 0.1862382494872847, 0.1985203797926153], [0.29015116635656146, 0.23664794208861067, 0.1473110189161753, 0.3258898726386524], [0.2829149359075326, 0.3123562545564472, 0.14454072834937057, 0.2601880811866496], [0.4640590079482277, 0.13312811936549523, 0.07837578154339808, 0.32443709114287916], [0.1626923722343425, 0.6170053554790201, 0.05866007561014277, 0.16164219667649468], [0.19787400805142652, 0.15118419149455123, 0.08350531354962765, 0.5674364869043947], [0.278118843082086, 0.2687434943215039, 0.13089440271365682, 0.3222432598827534], [0.1815708506908374, 0.11828695791980214, 0.6001678340736889, 0.09997435731567159], [0.2967276029952416, 0.34979946615691154, 0.12382315201650329, 0.22964977883134352], [0.0688341184380385, 0.6852295915596428, 0.1316138053850243, 0.11432248461729419], [0.3265822983646051, 0.32760955451596024, 0.14272946931346797, 0.20307867780596656], [0.21799105566281146, 0.22585513708183538, 0.11701431794750067, 0.43913948930785246], [0.07425111550674901, 0.7592663858250699, 0.08794761162671144, 0.07853488704146966], [0.17477921334725835, 0.2563920535217846, 0.3055348962417736, 0.2632938368891834], [0.513804678498472, 0.22355744930960708, 0.06747450197310652, 0.1951633702188144], [0.11203179684971111, 0.6892154463049982, 0.09247168372723717, 0.10628107311805346], [0.1961939550612851, 0.5348418184200551, 0.06900176130319527, 0.19996246521546457], [0.2290318674114423, 0.29041994363540746, 0.1427414163770296, 0.33780677257612074], [0.11823362244231807, 0.6914443246635487, 0.06928538964273454, 0.12103666325139871], [0.27729113509680825, 0.5790156767418522, 0.05895051449868925, 0.08474267366265023], [0.5097339309569758, 0.18169627011240802, 0.09763347292203788, 0.21093632600857834], [0.3081715125994232, 0.41533711660419775, 0.05409428829214933, 0.22239708250422976], [0.19158691549908569, 0.2684931056671214, 0.16805220786677164, 0.37186777096702134], [0.22792871927586342, 0.1909031123218104, 0.11377199929457883, 0.46739616910774734], [0.33165178955990365, 0.14313229874236363, 0.1431247945908181, 0.3820911171069145], [0.09184802721430421, 0.49503517385893775, 0.24081020876373965, 0.17230659016301852], [0.501713272551062, 0.24650538076567804, 0.15345636014853245, 0.09832498653472752], [0.15750891214811047, 0.280341435018837, 0.3097539905405805, 0.2523956622924721], [0.2944666741368217, 0.19947616123012102, 0.21348397163918884, 0.2925731929938682], [0.09445274859135053, 0.3059677226250158, 0.4813623044389471, 0.11821722434468665], [0.1526918171083186, 0.6702267016504558, 0.07302658966133291, 0.10405489157989271], [0.10826672507519733, 0.6954667662765465, 0.05001026295631907, 0.1462562456919371], [0.11641907150336415, 0.37928754455370534, 0.3578181465569192, 0.14647523738601148], [0.1364898918157368, 0.528840963053616, 0.1802032651769211, 0.154465879953726], [0.18276619206209974, 0.2685764567850201, 0.10611029284389455, 0.4425470583089858], [0.13799838839606396, 0.4530556957400224, 0.2565178405658279, 0.15242807529808572], [0.13535439751692072, 0.2759014382151049, 0.3808932726206322, 0.2078508916473422], [0.24027108304978587, 0.2548272493604765, 0.09203406989955448, 0.41286759769018316], [0.14283044303785408, 0.5849766691677661, 0.11740262472958181, 0.15479026306479787], [0.13993552578271254, 0.4643069323913164, 0.18043744347577056, 0.21532009835020052], [0.1004452092346314, 0.4599029677001234, 0.07285331627249632, 0.3667985067927488], [0.2726286406327596, 0.23269677718638926, 0.17356995831813746, 0.3211046238627139], [0.09899172421672778, 0.5531637772978025, 0.06803910559110651, 0.2798053928943633], [0.21580860201404634, 0.46529977953166063, 0.08284024557119717, 0.23605137288309602], [0.22112466169001255, 0.32424962653469025, 0.1163442591995058, 0.3382814525757914], [0.3943086598646809, 0.2682236228536153, 0.10376871830826369, 0.2336989989734401], [0.4311832877051205, 0.21296781013546912, 0.1272868862711228, 0.22856201588828765], [0.10187623896440202, 0.6578474067487596, 0.08891259203761358, 0.1513637622492248], [0.14898550716075812, 0.19396191833170714, 0.5404514637811207, 0.11660111072641392], [0.27147044386178565, 0.19125981680286167, 0.08924923549132391, 0.44802050384402875], [0.07251311697919499, 0.5359899954266331, 0.037774316465940184, 0.35372257112823163], [0.23317955502678547, 0.4516536112534818, 0.09439862063214718, 0.2207682130875856], [0.42974537104075095, 0.13845490587190284, 0.1299234724238976, 0.3018762506634488], [0.1441861648211272, 0.5375906728155895, 0.11941514019821477, 0.19880802216506846], [0.1408491358946817, 0.37469892872568206, 0.19977956251818246, 0.2846723728614538], [0.21588777013578733, 0.2142985726619969, 0.16472426718281452, 0.40508939001940136], [0.14578710563244565, 0.3353519500812773, 0.13802292457927912, 0.3808380197069981], [0.28690270055705597, 0.19131039199410396, 0.08795577565501987, 0.4338311317938204], [0.26780182166584365, 0.24806099206409515, 0.16161925628667542, 0.3225179299833858], [0.2273106161722638, 0.358487808359282, 0.14128675229518178, 0.2729148231732724], [0.08840934204863213, 0.6057004119945266, 0.07633242343105828, 0.22955782252578302], [0.4812864966031792, 0.20073588728083003, 0.14747001071873744, 0.17050760539725346], [0.1505086429675476, 0.3132197577833195, 0.09301962440095077, 0.44325197484818213], [0.042078953313189796, 0.8503016495869787, 0.031652958169311574, 0.07596643893051971], [0.04584475186965186, 0.8754825989841094, 0.022268484834677024, 0.05640416431156172], [0.1783974093064108, 0.3092499790436604, 0.22431588766202507, 0.28803672398790375], [0.11337991912511611, 0.5082995935059369, 0.1843212629948375, 0.19399922437410952], [0.24580532771418237, 0.2735039069787399, 0.10729386624013303, 0.3733968990669449], [0.10690330179233914, 0.5119436645991351, 0.21502517629801507, 0.16612785731051086], [0.05912553213403415, 0.8112716231723692, 0.044344492259030636, 0.08525835243456592], [0.30711941759579303, 0.2608995335343948, 0.13243399756095867, 0.29954705130885334], [0.269055903972701, 0.2906142555910925, 0.1934007747580202, 0.24692906567818645], [0.39105359458773786, 0.1403805418986632, 0.20346091361210733, 0.26510494990149164], [0.09516274953261143, 0.5613375033274641, 0.15559580026551975, 0.18790394687440484], [0.25156798248325035, 0.5718664850254287, 0.06838645865772724, 0.10817907383359361], [0.26458058692584563, 0.13022875398262188, 0.26497920841813793, 0.3402114506733944], [0.08742097480093838, 0.6826225259669072, 0.10713431169146591, 0.12282218754068851], [0.18281220811979867, 0.5481515909165604, 0.12770965527255526, 0.1413265456910857], [0.3691134676040762, 0.37101991651357935, 0.07390449955875958, 0.18596211632358498], [0.17177763874955393, 0.49602115747278697, 0.09142643952820684, 0.24077476424945235], [0.06985475812473382, 0.79240676205477, 0.0534451043474494, 0.08429337547304692]]}}