{"test": {"ids": ["97112170", "100109801", "108113700", "110118111", "103117461", "99109161", "100110260", "102112030", "98111670", "110120640", "99113260", "106118520", "107113130", "101115190", "103113170", "111119250", "102112170", "109119340", "113122180", "107120880", "112117210", "110117870", "108115500", "107114621", "103112641", "107120130", "109120621", "112116810", "99109311", "110119030", "109117110", "109115211", "113119450", "103120340", "113117550", "109118231", "102107961", "113118490", "100120010", "110116441", "105117200", "112119930", "109114220", "110116290", "110116170", "98112580", "113119120", "98109090", "109116441", "112120290", "103113210", "111114171", "110115710", "99107950", "98109230", "101111140", "97116800", "112121010", "106112770", "97106770", "106118820", "110115140", "112116640", "108119330", "113119480", "106119580", "101119591", "105113620", "113122230", "104109311", "98113881", "104111531", "112117030", "97116500", "100108990", "104113240", "113118421", "107116980", "108114180", "113118630", "98106880", "110115890", "104114320", "108120621", "99112641", "106113190", "99108080", "110115580", "108120280", "111120591", "105112240", "102109850", "100111080", "103113610", "99112840", "101109000", "113121680", "97107821", "111117200", "109117431", "111121930", "103111620", "108116120", "108119550", "97105451", "104111550", "99111440", "105113170", "103113640", "106114321", "98110230", "111118910", "108120700", "111117120", "113122170", "113121220", "104114230", "108121160", "112119980", "107121230", "105114220", "99111000", "109121351", "111120280", "110118161", "113117340", "108120060", "110117080", "113118231", "102113210", "112119610", "113118810", "105117431", "113118511", "100113370", "107121700", "106119260", "104111780", "112117431", "111119150", "111116090", "105113440"], "labels": [0, 0, 0, 1, 0, 3, 3, 2, 1, 0, 0, 2, 1, 1, 3, 1, 3, 3, 2, 1, 1, 3, 3, 0, 3, 2, 1, 3, 1, 0, 1, 0, 3, 1, 3, 1, 3, 1, 0, 3, 3, 1, 3, 2, 0, 2, 3, 1, 3, 1, 3, 3, 2, 1, 1, 2, 0, 2, 1, 3, 3, 0, 0, 0, 3, 3, 0, 0, 1, 3, 3, 0, 2, 2, 2, 2, 3, 3, 1, 3, 0, 2, 2, 1, 1, 0, 3, 1, 3, 1, 1, 1, 0, 2, 2, 1, 1, 2, 0, 1, 1, 0, 1, 1, 0, 1, 3, 0, 1, 2, 3, 0, 2, 2, 1, 3, 2, 2, 0, 0, 3, 2, 0, 0, 0, 2, 1, 1, 3, 3, 0, 3, 1, 1, 3, 3, 1, 3, 0, 3, 3, 0], "predicted_labels": [1, 3, 3, 0, 3, 1, 3, 3, 0, 2, 1, 3, 1, 3, 0, 3, 0, 3, 1, 0, 3, 2, 3, 1, 0, 3, 1, 0, 3, 1, 3, 3, 3, 1, 0, 3, 2, 0, 3, 3, 1, 3, 0, 3, 3, 1, 3, 0, 3, 0, 0, 3, 3, 1, 0, 3, 0, 0, 3, 3, 3, 3, 3, 1, 0, 3, 0, 1, 1, 0, 1, 0, 3, 0, 3, 1, 3, 0, 3, 3, 2, 3, 2, 1, 1, 3, 1, 2, 2, 3, 1, 2, 3, 1, 1, 0, 3, 0, 3, 0, 3, 1, 0, 0, 3, 2, 2, 3, 0, 0, 3, 3, 3, 3, 3, 3, 2, 1, 1, 3, 0, 1, 3, 1, 1, 0, 2, 3, 1, 0, 1, 1, 2, 1, 3, 1, 2, 0, 0, 1, 3, 3], "confidence_scores": [[0.24222699808162812, 0.34875230648288635, 0.14037063356201993, 0.2686500618734657], [0.1936948819547913, 0.29855813316476765, 0.1352609243226885, 0.3724860605577526], [0.33892941313889097, 0.15863589468744327, 0.12459729451152865, 0.37783739766213703], [0.44800914862020846, 0.23763388109967656, 0.12349399122470986, 0.19086297905540503], [0.14401665914287257, 0.29626495219044024, 0.08746909142574154, 0.4722492972409455], [0.2347848468278081, 0.35786074785503963, 0.24099316574573915, 0.16636123957141322], [0.3062837928990364, 0.18960539710021487, 0.1953225516864375, 0.3087882583143114], [0.20683358471963878, 0.1692961747158479, 0.20718062095562262, 0.41668961960889067], [0.4483879790182564, 0.1998503766814913, 0.13728313177262486, 0.21447851252762756], [0.2455721112064222, 0.2425239769187456, 0.3011661682096567, 0.2107377436651755], [0.27348636601591036, 0.42578854359026713, 0.1685159437007363, 0.1322091466930862], [0.2540628790981905, 0.312097223226989, 0.09853981203104674, 0.3353000856437737], [0.24821747446346096, 0.31017426752529964, 0.1922451497302063, 0.24936310828103336], [0.21922059512400757, 0.20185780095633934, 0.12447334339227988, 0.45444826052737314], [0.3225713573948374, 0.26395055908035253, 0.19203700517650463, 0.2214410783483056], [0.18076649159451155, 0.2804687862236525, 0.24728145383544442, 0.29148326834639166], [0.40923249897113007, 0.17705630889291296, 0.2103985594826743, 0.20331263265328253], [0.24757654937938814, 0.17472033021244437, 0.20671941822154444, 0.37098370218662313], [0.27953839737575786, 0.31085311468679433, 0.17705221959329318, 0.23255626834415477], [0.34066979108824386, 0.18881263555789413, 0.14690107219706472, 0.32361650115679735], [0.31663418584519265, 0.1768721248322961, 0.18085074813231902, 0.3256429411901923], [0.21867142802788364, 0.24887461294372756, 0.4113394545528461, 0.12111450447554269], [0.1403242183401062, 0.34697237877187015, 0.08083385280425685, 0.43186955008376676], [0.2118693930594012, 0.30584750557133744, 0.22484359817966584, 0.2574395031895958], [0.44122678604738086, 0.21269035734771383, 0.13886248295399015, 0.20722037365091503], [0.2180472081346903, 0.2878846705565722, 0.19791857395856927, 0.29614954735016824], [0.20708414465309632, 0.304103309045313, 0.2610017375625674, 0.2278108087390234], [0.37947634526082, 0.23953442589714458, 0.17526181803546176, 0.20572741080657386], [0.30329265885413365, 0.2451564753999319, 0.145988178888722, 0.30556268685721233], [0.19100624451224196, 0.3563392827754054, 0.21035770826802008, 0.24229676444433287], [0.2534214571354797, 0.29281781550983815, 0.14386938355965617, 0.3098913437950261], [0.1551394030535635, 0.2863846686215963, 0.16453422085106933, 0.39394170747377083], [0.22193894395104222, 0.15451422611929913, 0.08946103239465826, 0.5340857975350004], [0.25024907195126184, 0.27261907583250555, 0.2606288820209114, 0.21650297019532128], [0.32817201705111826, 0.28292240259716733, 0.1286046682237345, 0.26030091212797996], [0.22453677751460566, 0.2719389286418747, 0.13862699733209743, 0.3648972965114224], [0.1449993443529595, 0.21416113869880632, 0.3756331805670351, 0.2652063363811991], [0.44883253713996446, 0.20031673116834597, 0.18513634152287242, 0.16571439016881723], [0.1691152089180312, 0.2138035796604499, 0.25178844943199125, 0.3652927619895278], [0.2568247620789581, 0.2224445989412981, 0.1800813167176251, 0.3406493222621188], [0.1482900073959688, 0.3656554203071078, 0.30580902086631095, 0.1802455514306124], [0.2312380750696006, 0.25255298401735043, 0.13791983579326075, 0.3782891051197883], [0.30000070384831184, 0.22689409446307882, 0.1938882598765322, 0.27921694181207735], [0.17414732423538357, 0.3171283532022758, 0.11879608349292599, 0.3899282390694148], [0.1812492820012582, 0.30334673086299246, 0.18650243186603002, 0.3289015552697192], [0.13577472977486987, 0.37840480261043613, 0.16867396208861007, 0.3171465055260842], [0.2777427315344583, 0.158458294708734, 0.12868657934938157, 0.43511239440742616], [0.30941461030920014, 0.1768300094061224, 0.2614942177491507, 0.25226116253552666], [0.3126733821968932, 0.24234132000276185, 0.11457938490733877, 0.3304059128930061], [0.41546997576225453, 0.19118109703836708, 0.267454531865359, 0.1258943953340193], [0.26745603795579487, 0.23368593627051076, 0.23614594266212677, 0.26271208311156763], [0.14967995035811885, 0.3548189833660713, 0.13654441995639266, 0.35895664631941726], [0.20774211047782343, 0.2589662008952547, 0.1620439725604209, 0.37124771606650103], [0.21254656070627215, 0.32638119609373106, 0.20991612675419744, 0.2511561164457994], [0.3272286678289369, 0.24432226237011279, 0.1588829687747729, 0.26956610102617756], [0.146702090624995, 0.2619788463674596, 0.08446885252950469, 0.5068502104780407], [0.39720432945023554, 0.2133777172891133, 0.18777508611195026, 0.20164286714870094], [0.3021892585758296, 0.2778397991143164, 0.14068940833102092, 0.27928153397883315], [0.17197218322816812, 0.18213617292957102, 0.2226977149859129, 0.42319392885634793], [0.2279633962620784, 0.2120939262629731, 0.2671522980563974, 0.2927903794185512], [0.12538466229469952, 0.17256487020578581, 0.12711317515925902, 0.5749372923402557], [0.20279933987704457, 0.22825330671358254, 0.2539275375521584, 0.3150198158572145], [0.21039589566671588, 0.29778039104575244, 0.14770302932083998, 0.34412068396669176], [0.15419694599036077, 0.6034756980037075, 0.09644695811806873, 0.14588039788786308], [0.34155331431302716, 0.19332725632761205, 0.19570302552321472, 0.26941640383614596], [0.25039413178123776, 0.22445969544250868, 0.132138990456262, 0.39300718231999154], [0.3180250725097789, 0.1891919229727291, 0.3151997002375768, 0.1775833042799152], [0.1590087898642572, 0.38456257124396304, 0.28500919327369273, 0.17141944561808692], [0.3011677344779797, 0.3792582493602863, 0.13446306647184797, 0.18511094968988598], [0.5238070848666001, 0.1816842450710544, 0.12352863466605182, 0.17098003539629356], [0.17590922414832275, 0.46816033109042193, 0.14405353271141924, 0.21187691204983614], [0.41393423998240797, 0.24995234763152258, 0.12085687947373304, 0.21525653291233643], [0.27511415768824765, 0.26455428697367095, 0.16380266466025514, 0.2965288906778264], [0.4395310721505666, 0.13961761310534482, 0.25913505534631903, 0.16171625939776976], [0.14395686674350097, 0.15833013052572428, 0.3339184164032956, 0.36379458632747913], [0.09762183726325323, 0.4127795210582137, 0.2783321916770383, 0.21126645000149483], [0.20003974823422713, 0.20237046822166094, 0.07429824086757626, 0.5232915426765355], [0.4049225037026679, 0.3953993229231517, 0.11232728923342687, 0.0873508841407534], [0.24319623532389317, 0.1461220158642182, 0.1623711161871101, 0.4483106326247786], [0.16171500412609244, 0.17221046914863125, 0.16353266314864165, 0.5025418635766347], [0.18971907263345852, 0.2524975753376167, 0.2937082991740396, 0.26407505285488503], [0.20378064653524677, 0.2844521064369628, 0.1741883403990401, 0.3375789066287503], [0.22676926867269231, 0.3064187604708149, 0.32071682351643693, 0.14609514734005585], [0.3572940210631388, 0.36339332907478616, 0.08738711762921902, 0.191925532232856], [0.3378045976809935, 0.3487088945128927, 0.1412346068185672, 0.17225190098754659], [0.2829215926791597, 0.2517208704266348, 0.1160037172428129, 0.3493538196513926], [0.31080499526171146, 0.36820727211893467, 0.1691148254924289, 0.1518729071269251], [0.19130600424985592, 0.15287809865585106, 0.4411746803582564, 0.21464121673603664], [0.27084421761512306, 0.1489860320076747, 0.31710473237138176, 0.2630650180058205], [0.13790278602157077, 0.19900725467633196, 0.07755094791169204, 0.5855390113904051], [0.2616023365614505, 0.27629690417802355, 0.20442461908569085, 0.257676140174835], [0.09590999755272375, 0.11519519670465632, 0.6569597000985427, 0.13193510564407743], [0.24036268205022798, 0.23981739430377397, 0.18667977299415187, 0.33314015065184627], [0.27021512163778405, 0.42748279523348887, 0.12882614461418754, 0.17347593851453966], [0.1534005291974199, 0.45861931779811466, 0.1402244334759928, 0.24775571952847267], [0.39869409959071744, 0.17224669072770787, 0.21886258878094894, 0.21019662090062577], [0.18174669052402662, 0.25890449563363366, 0.07482900430696568, 0.4845198095353741], [0.32146589546663035, 0.3040484105194215, 0.13709745939759693, 0.23738823461635128], [0.25766110248784446, 0.24817909403040472, 0.16296300808670883, 0.331196795395042], [0.2925078611973247, 0.2258523082959995, 0.2054899579806901, 0.27614987252598566], [0.28077123202728216, 0.28909381284167485, 0.13026648013677575, 0.2998684749942674], [0.169750007284156, 0.5074036000325318, 0.09873770436664694, 0.2241086883166652], [0.5169687390180832, 0.12701576688650174, 0.09367195033824019, 0.26234354375717495], [0.38632910448886415, 0.2600420505345242, 0.17681108089423198, 0.1768177640823797], [0.2555076783991721, 0.21780546389984767, 0.11328270874599379, 0.41340414895498645], [0.1604749535943575, 0.11700999748055958, 0.4574242504273342, 0.2650907984977488], [0.28778106231270656, 0.2707795242799292, 0.30273114448306243, 0.13870826892430188], [0.17674550336944356, 0.2637656773070357, 0.2470525093202052, 0.31243631000331556], [0.3536613095446101, 0.13544427174550538, 0.29655747758154505, 0.21433694112833948], [0.43159421561613087, 0.2669061534703645, 0.11805340215812633, 0.1834462287553782], [0.19781408542815027, 0.17034613726565703, 0.20318347754368868, 0.42865629976250386], [0.26569082392435067, 0.18271853868664303, 0.06758998839859995, 0.48400064899040623], [0.17707885798245446, 0.2926143957431698, 0.08111272157925224, 0.44919402469512343], [0.27666339985425026, 0.18954565149003938, 0.16812751008510812, 0.3656634385706022], [0.13236463722091735, 0.2540868731205555, 0.13114532510784657, 0.48240316455068044], [0.23698716265126152, 0.22109645144064632, 0.17560541852400563, 0.3663109673840867], [0.1642473531537729, 0.28146256446591544, 0.347832601235516, 0.20645748114479556], [0.15745416959669234, 0.5069265798471588, 0.15216844596592283, 0.18345080459022614], [0.1966181009667148, 0.4009154562801508, 0.13251604116006013, 0.26995040159307415], [0.10561591312749746, 0.2130798847964043, 0.17356375901396287, 0.5077404430621353], [0.3031467272444851, 0.24928084355506996, 0.17592942616033538, 0.27164300304010963], [0.1813178829780756, 0.5366192399417071, 0.11691416995823302, 0.16514870712198432], [0.2765124719575755, 0.1542820332216437, 0.06880357904084941, 0.5004019157799315], [0.3111513763644665, 0.3431247626025265, 0.11294821283060927, 0.23277564820239785], [0.3321320085102293, 0.34920668127376997, 0.11194259088194579, 0.2067187193340552], [0.44310958677978, 0.14460722848832405, 0.0598654436417049, 0.3524177410901909], [0.13554011793992093, 0.2320055537576116, 0.5008085152301763, 0.13164581307229117], [0.1358401435084133, 0.14460311140292653, 0.1264368314655059, 0.5931199136231542], [0.2871119497606764, 0.3161442617525302, 0.169098854603382, 0.22764493388341148], [0.4090659536095103, 0.19766569314609492, 0.13970386335390997, 0.2535644898904848], [0.11540984130929435, 0.45786183726674673, 0.2198222572736473, 0.20690606415031165], [0.11137132472452385, 0.5680066124670189, 0.08573724350638084, 0.23488481930207653], [0.14448399308037826, 0.28266097260260664, 0.3987377115937914, 0.17411732272322358], [0.19493868564599381, 0.4657206998998974, 0.18221993066887404, 0.1571206837852347], [0.14880780331525184, 0.2472651530288477, 0.19393253219085574, 0.4099945114650447], [0.20434326825004273, 0.32095963199119937, 0.2539585895500551, 0.22073851020870294], [0.26785087166852556, 0.15852271421045414, 0.36116441703283814, 0.21246199708818225], [0.3325990693148054, 0.30093992618772686, 0.14220173605666522, 0.2242592684408024], [0.4548542074248778, 0.10186937442095671, 0.1594429112715459, 0.2838335068826195], [0.16403508340452458, 0.4698926834291475, 0.13253182508365502, 0.23354040808267287], [0.2166344593050957, 0.11224512686101377, 0.07686248402474712, 0.5942579298091432], [0.21263947861627427, 0.26350860235521356, 0.252517376439213, 0.271334542589299]]}, "rewritten": {"ids": ["97105451", "97106770", "97107821", "97112170", "97116500", "97116800", "98106880", "98109090", "98109230", "98110230", "98111670", "98112580", "98113881", "99107950", "99108080", "99109161", "99109311", "99111000", "99111440", "99112641", "99112840", "99113260", "100108990", "100109801", "100110260", "100111080", "100113370", "100120010", "101109000", "101111140", "101115190", "101119591", "102107961", "102109850", "102112030", "102112170", "102113210", "103111620", "103112641", "103113170", "103113210", "103113610", "103113640", "103117461", "103120340", "104109311", "104111531", "104111550", "104111780", "104113240", "104114230", "104114320", "105112240", "105113170", "105113440", "105113620", "105114220", "105117200", "105117431", "106112770", "106113190", "106114321", "106118520", "106118820", "106119260", "106119580", "107113130", "107114621", "107116980", "107120130", "107120880", "107121230", "107121700", "108113700", "108114180", "108115500", "108116120", "108119330", "108119550", "108120060", "108120280", "108120621", "108120700", "108121160", "109114220", "109115211", "109116441", "109117110", "109117431", "109118231", "109119340", "109120621", "109121351", "110115140", "110115580", "110115710", "110115890", "110116170", "110116290", "110116441", "110117080", "110117870", "110118111", "110118161", "110119030", "110120640", "111114171", "111116090", "111117120", "111117200", "111118910", "111119150", "111119250", "111120280", "111120591", "111121930", "112116640", "112116810", "112117030", "112117210", "112117431", "112119610", "112119930", "112119980", "112120290", "112121010", "113117340", "113117550", "113118231", "113118421", "113118490", "113118511", "113118630", "113118810", "113119120", "113119450", "113119480", "113121220", "113121680", "113122170", "113122180", "113122230"], "labels": [0, 3, 2, 0, 2, 0, 0, 1, 1, 3, 1, 2, 3, 1, 3, 3, 1, 2, 3, 1, 2, 0, 2, 0, 3, 0, 3, 0, 1, 2, 1, 0, 3, 1, 2, 3, 3, 0, 3, 3, 3, 2, 1, 0, 1, 3, 0, 1, 3, 2, 2, 2, 1, 0, 0, 0, 3, 3, 1, 1, 0, 2, 2, 3, 1, 3, 1, 0, 3, 2, 1, 0, 3, 0, 1, 3, 1, 0, 1, 1, 3, 1, 2, 2, 3, 0, 3, 1, 1, 1, 3, 1, 0, 0, 1, 2, 2, 0, 2, 3, 1, 3, 1, 0, 0, 0, 3, 3, 2, 0, 0, 3, 1, 0, 1, 1, 0, 3, 2, 1, 0, 0, 1, 0, 1, 2, 2, 3, 3, 3, 1, 1, 3, 3, 3, 3, 3, 3, 1, 1, 2, 1], "predicted_labels": [3, 0, 0, 0, 0, 0, 0, 1, 1, 3, 3, 1, 1, 1, 2, 1, 0, 1, 0, 0, 1, 1, 2, 3, 0, 3, 1, 0, 0, 3, 0, 2, 1, 1, 0, 3, 0, 1, 0, 0, 1, 1, 0, 3, 0, 0, 1, 1, 1, 1, 2, 1, 2, 3, 3, 1, 3, 1, 1, 1, 1, 1, 3, 3, 3, 3, 0, 0, 2, 2, 3, 1, 1, 0, 3, 1, 0, 0, 0, 3, 0, 0, 0, 3, 0, 0, 3, 1, 1, 0, 0, 3, 3, 3, 3, 1, 3, 0, 3, 0, 3, 0, 0, 0, 1, 2, 0, 0, 0, 3, 3, 1, 2, 0, 3, 0, 0, 0, 1, 2, 0, 2, 3, 3, 2, 3, 0, 0, 1, 0, 0, 1, 1, 3, 3, 0, 0, 1, 1, 1, 1, 3], "confidence_scores": [[0.15848099460166679, 0.3339253321732097, 0.16184994543754738, 0.3457437277875759], [0.2928037952710816, 0.2621812610544929, 0.2164864640176067, 0.22852847965681897], [0.4240618705164585, 0.21930916432219735, 0.12152272199752558, 0.23510624316381856], [0.4945178484014175, 0.2347268760682232, 0.12840942500131083, 0.14234585052904858], [0.4447115479744395, 0.22016185316557374, 0.20938514142118636, 0.12574145743880044], [0.3926143110493849, 0.22564530952975329, 0.1896252484788954, 0.19211513094196647], [0.34108334675704527, 0.27535499556517484, 0.17000988263803077, 0.2135517750397489], [0.2411487972064535, 0.3954560512648335, 0.15779076156169222, 0.2056043899670208], [0.1881303963905019, 0.550962747957234, 0.11819724713950279, 0.14270960851276135], [0.2332883503650329, 0.23031316666097582, 0.1683413502962745, 0.3680571326777167], [0.24352517817633826, 0.24704473246819936, 0.2311098716339154, 0.278320217721547], [0.1429737113205773, 0.37788254130480886, 0.12903992478793447, 0.3501038225866795], [0.32006186586147783, 0.3242191100712714, 0.16773973926056931, 0.18797928480668152], [0.10300527904757398, 0.35485131197050984, 0.22276776813749155, 0.3193756408444246], [0.18655999090640257, 0.24282758055940926, 0.42370582198112483, 0.14690660655306323], [0.2772932864187271, 0.3870996525289384, 0.1781112710635425, 0.15749578998879202], [0.3761046695753653, 0.30030555607094767, 0.11314394898399924, 0.21044582536968798], [0.1990617668476828, 0.29907472465827933, 0.23165927062428213, 0.2702042378697557], [0.347556745018101, 0.21236537901112165, 0.2807145444634873, 0.15936333150729018], [0.38727088011651367, 0.2867513583337651, 0.09684444619691918, 0.22913331535280201], [0.21334784415618063, 0.33351158337496994, 0.27116933515648917, 0.1819712373123601], [0.21426917408171378, 0.28818643401804817, 0.2747011025565256, 0.2228432893437125], [0.1692048839067967, 0.248922805743953, 0.3437315946156596, 0.2381407157335905], [0.13829909484450414, 0.21865271351894355, 0.18341667244330626, 0.4596315191932461], [0.5360137142821387, 0.1305131052618155, 0.07611370852282963, 0.2573594719332161], [0.17474052308323829, 0.21108282474793516, 0.14567306859404414, 0.46850358357478245], [0.17607437071737614, 0.33943801718707883, 0.2348206838964489, 0.24966692819909614], [0.46729000447182006, 0.26302987067758027, 0.14907807693097117, 0.12060204791962838], [0.3486739451131047, 0.23103650725953898, 0.21717699525449466, 0.2031125523728616], [0.13535141985062926, 0.2038214316532671, 0.0713715370927434, 0.5894556114033602], [0.3655589987334057, 0.2255176103680087, 0.14007985429670436, 0.26884353660188137], [0.28903941268748345, 0.1419592261201528, 0.46900122418635365, 0.10000013700601013], [0.12375327312909408, 0.5008703984567668, 0.2482550122480002, 0.1271213161661389], [0.1440654209336857, 0.5660011726333731, 0.1901836277950625, 0.09974977863787865], [0.3170993851476915, 0.20872271822779165, 0.1843044314386981, 0.28987346518581875], [0.22536814005166428, 0.2805413906715606, 0.1941555410739503, 0.29993492820282475], [0.4141829639509679, 0.23470815384832325, 0.1451923044658448, 0.2059165777348642], [0.21030179518014278, 0.5134309832503595, 0.1486644428075231, 0.12760277876197457], [0.46190003616301883, 0.35710176269137434, 0.04762863427332442, 0.13336956687228246], [0.3026751911590163, 0.24309969075787183, 0.24743776764221861, 0.20678735044089336], [0.18676990175292416, 0.5807670863271297, 0.08166699884794493, 0.15079601307200102], [0.15984755266032205, 0.4493884740801994, 0.25140263965942133, 0.13936133360005729], [0.4676755717428409, 0.11427933480075397, 0.18041979295101115, 0.23762530050539396], [0.3153195073134764, 0.16240507061826948, 0.11656218107695211, 0.405713240991302], [0.42264852556270244, 0.20476166501577087, 0.13650406302067453, 0.23608574640085206], [0.5225534303228133, 0.23716941694287982, 0.10071539648531734, 0.1395617562489896], [0.20497446908079212, 0.41112793022073, 0.1948048061818035, 0.1890927945166742], [0.2960902721211933, 0.4452744819573634, 0.11439732768698249, 0.1442379182344609], [0.2656631355274361, 0.40366882484964434, 0.11983917219019796, 0.21082886743272178], [0.14278625716286783, 0.36018184214707555, 0.250862940538322, 0.24616896015173487], [0.3179833398251588, 0.1662827448121169, 0.37873775773754564, 0.13699615762517864], [0.21165600043815436, 0.31960966208305347, 0.2171772675305436, 0.25155706994824856], [0.2200759280512223, 0.24487531597251347, 0.354543990507977, 0.18050476546828725], [0.3025663161173467, 0.14840653942148155, 0.08900505406614344, 0.4600220903950283], [0.24049955926842262, 0.2514477452697883, 0.18024248426092115, 0.32781021120086806], [0.1012659564052366, 0.43054671018195023, 0.1078505296972182, 0.36033680371559507], [0.24244718831498416, 0.2634178904785705, 0.1467396836372832, 0.34739523756916224], [0.22253232368759784, 0.33071452890621883, 0.15772178457886152, 0.28903136282732184], [0.21278459264981334, 0.4904162084025248, 0.07310459070883193, 0.2236946082388299], [0.21162854783796722, 0.3656025771712629, 0.23881632865147712, 0.18395254633929312], [0.17561602362759615, 0.4865735082745037, 0.09434307805018699, 0.24346739004771323], [0.2242486012198138, 0.4389042919220216, 0.061319207060447356, 0.27552789979771714], [0.2690516483245439, 0.2915401019233412, 0.14618921321807854, 0.29321903653403625], [0.19543548165871946, 0.24470876354461765, 0.22940940617237854, 0.3304463486242844], [0.283394235680494, 0.20033591152457894, 0.17049154826209803, 0.34577830453282893], [0.2986039492970363, 0.1732216800873447, 0.09992149311480461, 0.4282528775008142], [0.3278271361110152, 0.22770063781952712, 0.14934374941334091, 0.2951284766561168], [0.3470797951904392, 0.30006886322792425, 0.14048655910898622, 0.2123647824726505], [0.2791898849793133, 0.1718516240011304, 0.3883266278959356, 0.16063186312362085], [0.21227379621245007, 0.2504951374869988, 0.36363147540671426, 0.17359959089383697], [0.26981205393300406, 0.16055218949146022, 0.24462568364593615, 0.32501007292959955], [0.1460492758125853, 0.42387965955142975, 0.08029874444182424, 0.34977232019416055], [0.18023959298137276, 0.30164867600101514, 0.2290939260293131, 0.2890178049882991], [0.4630508353878042, 0.2088919444270178, 0.14133420504933053, 0.18672301513584738], [0.15687108173316294, 0.33172805325090315, 0.126230272073969, 0.38517059294196476], [0.22768033360611187, 0.38995218342852067, 0.14983025901646851, 0.23253722394889897], [0.4063814695169545, 0.16590552822181565, 0.13200417971636558, 0.29570882254486436], [0.36184535989124844, 0.20723298039668223, 0.10250259522938393, 0.3284190644826855], [0.6109277438789388, 0.192727138172478, 0.08964925382468185, 0.10669586412390149], [0.18319731157597272, 0.27409043557065155, 0.2316115207659243, 0.3111007320874515], [0.33237033650744224, 0.19504704270041323, 0.14691400648598574, 0.32566861430615873], [0.5207715771619531, 0.20455996562825676, 0.053859348014968014, 0.22080910919482213], [0.31209365149656404, 0.2841520064808827, 0.12570049568068653, 0.2780538463418669], [0.1589955384846157, 0.2458177277777181, 0.24557892320814823, 0.3496078105295181], [0.361895712897451, 0.35678656352014004, 0.14143546382531144, 0.13988225975709775], [0.32937840127473134, 0.16761124247061138, 0.18484399015544611, 0.31816636609921123], [0.11475154104188781, 0.14940604235509802, 0.28030251479136786, 0.4555399018116464], [0.3265428583219225, 0.35644962618466264, 0.1123657663167511, 0.20464174917666392], [0.1984105972236779, 0.3109877922491105, 0.18898400994498918, 0.30161760058222264], [0.47633186346859197, 0.16470868250160242, 0.10236491204642785, 0.25659454198337767], [0.4483146006058269, 0.1674861064073669, 0.0945903636044978, 0.2896089293823085], [0.2246952442775745, 0.2407836647375493, 0.140135094144225, 0.3943859968406513], [0.3274222842981319, 0.10299121020083951, 0.08283487768030807, 0.4867516278207206], [0.34778367310826486, 0.15906905567700394, 0.11502038254960455, 0.37812688866512667], [0.2790339032994426, 0.2818721634491975, 0.12867053408968912, 0.31042339916167083], [0.1537904906842439, 0.37976668697656196, 0.1256412295339648, 0.34080159280522937], [0.13152474290793417, 0.2366077128132929, 0.11530517811952128, 0.5165623661592518], [0.3840989054829348, 0.2379110346037188, 0.1252284525654545, 0.25276160734789194], [0.1883206187033031, 0.2999668724289924, 0.20412746900264628, 0.3075850398650583], [0.374729671657247, 0.16284179514031694, 0.30784409974523735, 0.15458443345719886], [0.1986897771847769, 0.2001431329406301, 0.16096610939150685, 0.4402009804830861], [0.3251585609610643, 0.2606775395185912, 0.13346707466340726, 0.28069682485693725], [0.4568017586724444, 0.2770459671311296, 0.08556703415263686, 0.18058524004378926], [0.3410032861609372, 0.31477629362921905, 0.20570467298561668, 0.138515747224227], [0.1912406188384248, 0.31593027753832886, 0.20409938635348118, 0.2887297172697651], [0.20326403680322133, 0.24658331778437578, 0.3205150382389957, 0.2296376071734074], [0.3773075090782992, 0.18898673263473523, 0.18698614852300693, 0.24671960976395882], [0.6600188794520916, 0.08678273556466615, 0.12216770099356253, 0.13103068398967987], [0.4661515668403728, 0.13497412677302653, 0.16958980806726187, 0.22928449831933875], [0.3218514984236531, 0.26515143048747136, 0.0856629571287209, 0.3273341139601546], [0.293576414556991, 0.2971118274400726, 0.08855277420038761, 0.3207589838025487], [0.3142343313507387, 0.32820325701841546, 0.11826551986050747, 0.23929689177033836], [0.2128412948550975, 0.2603478567053108, 0.315525424955772, 0.21128542348381973], [0.38976891772867794, 0.22109150172471057, 0.1169940999792039, 0.27214548056740767], [0.11751536453666277, 0.2499434815396978, 0.19169222324721563, 0.4408489306764239], [0.4227768401700902, 0.2580467539455962, 0.12271861451847449, 0.19645779136583896], [0.36036103187872215, 0.16168637955746687, 0.16100800691337924, 0.3169445816504318], [0.38324218468622906, 0.1721109685429699, 0.16630994182250725, 0.2783369049482937], [0.21858422902978727, 0.40470186133952024, 0.16856716119818918, 0.20814674843250341], [0.19465264101437352, 0.2518438386177503, 0.3672119360135341, 0.1862915843543421], [0.5043753900257139, 0.2289214314049186, 0.09788135109215579, 0.1688218274772118], [0.15767957806661118, 0.2951817256095793, 0.3854542852672141, 0.16168441105659542], [0.12303985379570238, 0.15661391141764927, 0.17680710490917287, 0.5435391298774757], [0.20613282444672937, 0.1882640960079932, 0.14111091840219706, 0.4644921611430803], [0.28701822751819894, 0.11441762311315173, 0.536549821949789, 0.062014327418860364], [0.16772091239786688, 0.1618009643830905, 0.2402908078479631, 0.4301873153710794], [0.3165503357446136, 0.2510244344772375, 0.1410082145850569, 0.29141701519309204], [0.3378175333066053, 0.17420130979723353, 0.17221617558872696, 0.3157649813074342], [0.24468339286804303, 0.3707899426052327, 0.20946768829865903, 0.17505897622806546], [0.33829028655610927, 0.28093458339389155, 0.15892470849871881, 0.2218504215512805], [0.35925669188773485, 0.2801808165294851, 0.13428153844766064, 0.2262809531351195], [0.21661919190703802, 0.4490101349259724, 0.1253033802223321, 0.2090672929446575], [0.2748326244957183, 0.3188183490473034, 0.09440275432976433, 0.31194627212721415], [0.16200975612456164, 0.2994201190303308, 0.16700629323826272, 0.3715638316068449], [0.2698216978528272, 0.21980245042471536, 0.09126947030530955, 0.4191063814171479], [0.30019726117314627, 0.27737896559366226, 0.13818508904361246, 0.2842386841895792], [0.43585812161307913, 0.20822532360164175, 0.09674094894241322, 0.2591756058428659], [0.2173532775446767, 0.3674811748746376, 0.12286052198362964, 0.2923050255970561], [0.19908163524160752, 0.45335059596033356, 0.07852645734944944, 0.2690413114486095], [0.12568735526217387, 0.43847519745187424, 0.1696526227628828, 0.2661848245230692], [0.1727174744150235, 0.43496631491246734, 0.10004377148744142, 0.2922724391850677], [0.29830449573199674, 0.1969887871192762, 0.13935486347947382, 0.3653518536692535]]}}