{"test": {"ids": ["108120280", "111118301", "101108370", "111120591", "109116040", "113122320", "107119390", "111115770", "105113210", "100111620", "106115120", "109120621", "111119610", "98111860", "108117451", "110121500", "113119950", "113122170", "104113380", "105113260", "98111620", "105112240", "107112840", "113120591", "101112690", "109115070", "99108710", "111116990", "109117630", "101121640", "109119591", "104114320", "110118450", "104117630", "109117080", "97105760", "113121750", "109116810", "113120640", "99114890", "112117780", "105115570", "112117660", "97116790", "110118161", "108113700", "104117200", "105113330", "112119120", "98119591", "110121720", "112118701", "105116980", "108116481", "113118810", "106114280", "110117110", "112116990", "101110200", "97107681", "105112260", "107113550", "113122120", "102110690", "97106820", "99111340", "111117571", "108114670", "99111000", "100110260", "107121540", "97112290", "107113200", "106117790", "100109000", "113118111", "113117340", "109120150", "108116501", "98110230", "109116750", "113119120", "100108990", "97118210", "109115380", "104111531", "110114321", "113121680", "109113931", "104118070", "111114321", "113119320", "102108621", "112119930", "110118880", "105120621", "103111110", "105116501", "110120540", "108118291", "104114740", "111116090", "102110240", "105113440", "104111550", "112116401", "99109161", "98106560", "104113210", "108121190", "112118161", "112118471", "111119250", "112121410", "112117210", "108118630", "107113170", "105121190", "102110500", "112120270", "113117550", "111119300", "99110730", "111116750", "104111711", "113122220", "110118121", "106116370", "111121351", "102116340", "108114200", "111121410", "108116070", "108119550", "110117140", "99107560", "98110680", "99105921", "110118740", "107118780", "107120260", "113119450"], "labels": [3, 3, 1, 1, 0, 1, 2, 3, 3, 3, 1, 1, 2, 0, 2, 3, 0, 1, 1, 3, 3, 1, 1, 0, 1, 0, 2, 0, 0, 2, 0, 2, 0, 0, 1, 0, 0, 3, 0, 2, 0, 0, 0, 2, 0, 0, 3, 3, 1, 1, 3, 0, 0, 0, 3, 3, 0, 0, 2, 3, 3, 0, 1, 0, 1, 1, 3, 3, 2, 3, 2, 1, 0, 1, 1, 1, 2, 2, 0, 3, 0, 3, 2, 2, 3, 0, 1, 1, 1, 2, 1, 1, 3, 1, 0, 1, 3, 1, 1, 3, 2, 3, 3, 0, 1, 0, 3, 1, 3, 1, 0, 1, 1, 0, 1, 1, 0, 2, 3, 0, 3, 1, 3, 3, 1, 1, 3, 2, 0, 3, 0, 0, 1, 1, 3, 1, 2, 1, 3, 1, 1, 3], "predicted_labels": [3, 0, 0, 0, 3, 1, 0, 3, 3, 2, 3, 3, 2, 2, 0, 1, 0, 3, 2, 3, 2, 1, 1, 0, 1, 1, 1, 0, 1, 1, 1, 0, 1, 0, 1, 2, 0, 0, 3, 2, 1, 1, 3, 2, 3, 0, 3, 0, 3, 2, 3, 3, 0, 0, 3, 3, 2, 0, 1, 2, 3, 0, 1, 0, 3, 3, 0, 1, 2, 0, 1, 3, 0, 2, 3, 3, 2, 2, 0, 1, 1, 3, 1, 0, 1, 3, 0, 3, 0, 2, 1, 0, 0, 3, 3, 3, 3, 0, 1, 3, 1, 0, 2, 2, 1, 0, 0, 3, 0, 1, 0, 1, 1, 3, 1, 3, 1, 2, 0, 1, 3, 3, 3, 3, 2, 1, 3, 0, 1, 1, 0, 0, 2, 3, 3, 1, 2, 0, 0, 3, 1, 0], "confidence_scores": [[0.3988813961896979, 0.03246662968532329, 0.03311996124067094, 0.5355320128843074], [0.3408556890926646, 0.1563851809726482, 0.18832037424228493, 0.31443875569240204], [0.8344470300204466, 0.05467548699679829, 0.04104393077269417, 0.06983355221006096], [0.5245388204558653, 0.126367311559149, 0.027180915280323955, 0.32191295270466147], [0.11798897400908005, 0.03267832166248009, 0.09611774325623987, 0.7532149610722], [0.2753815767698519, 0.5351140183836307, 0.02026323308388511, 0.16924117176263237], [0.20985692521576954, 0.10241093024525316, 0.4161107661068446, 0.2716213784321329], [0.03465118455561655, 0.4164323146706108, 0.13800408035232184, 0.4109124204214509], [0.1325656310007813, 0.2085203311832267, 0.013998327317097417, 0.6449157104988948], [0.08972671369387714, 0.2017617672821497, 0.532991030622297, 0.17552048840167622], [0.38154726813995665, 0.26623000619725656, 0.024659734110215145, 0.3275629915525718], [0.30295891318613966, 0.2042056421729727, 0.09614873745025387, 0.39668670719063365], [0.0024406154708743175, 0.23622917136254018, 0.7345268089192754, 0.026803404247310054], [0.01607029082568503, 0.2731351048596868, 0.6380819227178249, 0.0727126815968033], [0.7224309975014748, 0.00837577010786735, 0.00055138822883774, 0.2686418441618201], [0.2733832560650395, 0.4571559933952363, 0.011086534307374484, 0.25837421623234996], [0.769352623383175, 0.08932707119492965, 0.006518379259513087, 0.13480192616238248], [0.057872945029308, 0.19764015303074162, 0.3330102543723849, 0.4114766475675656], [0.02171993257117353, 0.14916243761047182, 0.7441269756579713, 0.08499065416038336], [0.22699246433274875, 0.17555197305157458, 0.07839431040039525, 0.5190612522152815], [0.048573510543194684, 0.18823546702319718, 0.6498334608840721, 0.11335756154953597], [0.2644202240876375, 0.38550572384238846, 0.09419530751784064, 0.255878744552134], [0.2080859421572181, 0.26223221380105444, 0.4783462253864702, 0.05133561865525742], [0.7114365380573786, 0.062276059067438716, 0.006877692383822907, 0.21940971049136004], [0.11937644271356099, 0.23422744078973454, 0.44002416784435877, 0.20637194865234612], [0.04547796904983084, 0.8675913818711589, 0.04367131057572321, 0.043259338503286865], [0.042638926888324456, 0.8924304076406565, 0.0296743194636835, 0.035256346007335716], [0.7481553439146741, 0.0648565442912497, 0.08925131775127322, 0.09773679404280258], [0.10483354115564011, 0.54294055715152, 0.31718012899556264, 0.035045772697276864], [0.027534439017310747, 0.5585429409197137, 0.11158501619380526, 0.3023376038691697], [0.13241251155211825, 0.5762742006726809, 0.171722512247363, 0.11959077552783771], [0.5447668306759076, 0.11697937813352026, 0.2369926439406173, 0.10126114724995472], [0.011192985768983359, 0.3174288487339144, 0.618897225845797, 0.052480939651305215], [0.7175526411358848, 0.1807034899322292, 0.05429422520949367, 0.04744964372239199], [0.003476744251768379, 0.9361448681198145, 0.04888578658679743, 0.011492601041619897], [0.028817602182393754, 0.04597319006851113, 0.7266758073050461, 0.1985334004440487], [0.39221354223005617, 0.3614262745091357, 0.010699827037784495, 0.23566035622302398], [0.3396241961671624, 0.25978207431302947, 0.07101175689968897, 0.32958197262011907], [0.14024620280901184, 0.33869136713974907, 0.03787541460167684, 0.4831870154495621], [0.005071831321837684, 0.2366152613635243, 0.6705619469285311, 0.08775096038610707], [0.367709910271868, 0.3740805850018636, 0.06669976030741122, 0.19150974441885701], [0.06842089110238124, 0.35017638295066983, 0.2694223990317774, 0.31198032691517147], [0.11173748838445223, 0.14279272787927116, 0.06546233450504374, 0.6800074492312328], [0.006345716604813269, 0.03542341304516709, 0.939294631753228, 0.018936238596791943], [0.2555792706879818, 0.28354785791205045, 0.04930897723199799, 0.4115638941679694], [0.5791257280181588, 0.29966018674967604, 0.06933035653650847, 0.05188372869565678], [0.08447638770351805, 0.21736238977162223, 0.036915253467665936, 0.6612459690571939], [0.5084393345721283, 0.03461742009594136, 0.021852161472267578, 0.43509108385966233], [0.1945525202369043, 0.0450100637513828, 0.40109943224543076, 0.35933798376628223], [0.12414764722530078, 0.21414093669918546, 0.5615318456651012, 0.10017957041041253], [0.14828896746729284, 0.26860554102327105, 0.2737321154714919, 0.3093733760379438], [0.052602501826874495, 0.11212404124812765, 0.02439383831243169, 0.8108796186125663], [0.43813933918964343, 0.13269031544354207, 0.04006920074180085, 0.3891011446250135], [0.6400090469599877, 0.06581717227370847, 0.01421284242158237, 0.2799609383447216], [0.09438636888588828, 0.1618791879584453, 0.03448853685169428, 0.7092459063039722], [0.07982041247852117, 0.39605618781732205, 0.10150708923506352, 0.42261631046909354], [0.006239875856465732, 0.2958911750770899, 0.6287065386768156, 0.06916241038962913], [0.6060704869906821, 0.016786658300115446, 0.049331702685804855, 0.3278111520233977], [0.027394938001273243, 0.9355479618689009, 0.0110503681702333, 0.026006731959592817], [0.03121981645439445, 0.01038485294026618, 0.871675381589001, 0.08671994901633824], [0.23901572442335678, 0.3147172426678181, 0.07744482239061316, 0.36882221051821207], [0.40992852851191686, 0.06543007238990065, 0.32809101733974944, 0.1965503817584329], [0.14810738090573503, 0.5674869992974033, 0.1436325764589524, 0.14077304333790905], [0.46108883834076064, 0.37372346553161373, 0.006556496120266899, 0.15863120000735892], [0.3339205033210992, 0.0892055135134126, 0.12943233423671927, 0.44744164892876886], [0.024527393623639773, 0.23159799928482172, 0.326457959707345, 0.4174166473841937], [0.55441874526764, 0.25491756526835235, 0.01164969783751487, 0.17901399162649312], [0.05565619247907573, 0.5507195172482184, 0.24997861260847704, 0.14364567766422878], [0.003228271677854248, 0.2630516955418826, 0.6935546297677584, 0.04016540301250471], [0.4605375775553588, 0.06373331144889506, 0.10147839376515573, 0.3742507172305902], [0.08806468905876294, 0.4907835292718065, 0.3137351651692175, 0.10741661650021311], [0.18178424355623857, 0.29400270963118474, 0.23541597983527712, 0.2887970669772995], [0.5294462843639055, 0.024049631920728055, 0.03165172360172719, 0.414852360113639], [0.05015189337301949, 0.2831557439890547, 0.6358645451693488, 0.03082781746857712], [0.21058144478850133, 0.1710574203872897, 0.12384890861282802, 0.49451222621138125], [0.11662648486296585, 0.11008169784511003, 0.023854634373373082, 0.7494371829185513], [0.044929244061255535, 0.22155352678929435, 0.5173082443998305, 0.2162089847496192], [0.02421645407405321, 0.023232042820555385, 0.9254747278557522, 0.027076775249639085], [0.4893163183505345, 0.25951165494968653, 0.041050900534096456, 0.21012112616568243], [0.3091431179067089, 0.3086179638375941, 0.1556524339893163, 0.2265864842663806], [0.21177116386326367, 0.572757069039173, 0.038689849029373814, 0.1767819180681895], [0.13509331428327714, 0.03262099184598546, 0.06728464595448927, 0.7650010479162482], [0.021226928190732477, 0.5288712163800408, 0.11142857009808271, 0.33847328533114374], [0.3171368343608504, 0.08391539758067189, 0.4551337103735257, 0.14381405768495226], [0.020852790641257585, 0.4828009302107877, 0.2736158745410799, 0.22273040460687513], [0.0888410841246787, 0.21101079511285623, 0.034020587642889184, 0.666127533119576], [0.31575679906866216, 0.323380801619213, 0.0557579087290116, 0.3051044905831131], [0.021246304958717033, 0.2103563234026369, 0.14350665869551976, 0.6248907129431263], [0.5879911161813121, 0.09740993929477061, 0.014250004838595296, 0.3003489396853221], [0.005877598811835306, 0.09563624791277306, 0.8633259708195972, 0.03516018245579466], [0.10730411141955742, 0.5371249728241082, 0.2722301384137366, 0.08334077734259755], [0.544222288802096, 0.15925775374091763, 0.012972531451688361, 0.2835474260052978], [0.7308049589528193, 0.03334481085567389, 0.039821361682250554, 0.19602886850925647], [0.044839777016830014, 0.27881627317806673, 0.32616805969746376, 0.3501758901076394], [0.06497555080878571, 0.2070026752161644, 0.014684913688703356, 0.7133368602863464], [0.1875649070529357, 0.024074909173181416, 0.0006504459345089901, 0.787709737839374], [0.06177450667476127, 0.37930015647123266, 0.048162012915313995, 0.5107633239386921], [0.6349430193623792, 0.08186360404260497, 0.006480838949650972, 0.2767125376453653], [0.0353859131159142, 0.8530846515261644, 0.05387041228815416, 0.05765902306976744], [0.42766516123061316, 0.04222065309841704, 0.002858119652530938, 0.5272560660184388], [0.06476272831222896, 0.4287829696538641, 0.27613042561271817, 0.23032387642118862], [0.5205885986739407, 0.1037332773541371, 0.04613867766146609, 0.32953944631045634], [0.1812478679547248, 0.22150395387747596, 0.45106680065002674, 0.14618137751777271], [0.02987797774545891, 0.10678341962339082, 0.6981581825045909, 0.16518042012655915], [0.06781675360122347, 0.6362691864267892, 0.24520843479916266, 0.05070562517282508], [0.9067626100778428, 0.013309438387399506, 0.004624765202449855, 0.07530318633230802], [0.7153979064993586, 0.16884909206407725, 0.09753443390006249, 0.01821856753650148], [0.13642426542636488, 0.25712646427370783, 0.2282251685046336, 0.37822410179529314], [0.41874792617157547, 0.20679613885164497, 0.03385263007299291, 0.34060330490378676], [0.03782939619445706, 0.8514670823536945, 0.008574599341902326, 0.10212892210994629], [0.5041885711132927, 0.2904522723269342, 0.04861587290006537, 0.15674328365970766], [0.0931913323190068, 0.5875613991170435, 0.15654036693731832, 0.16270690162663132], [0.009909979762465914, 0.3548887835037374, 0.42179801853624505, 0.2134032181975515], [0.060659946763631616, 0.36681672108864766, 0.03065694653010999, 0.5418663856176109], [0.025182996465834266, 0.4556813513886851, 0.4645141317105867, 0.05462152043489381], [0.03931036775201136, 0.2513728893554055, 0.024034298281394743, 0.6852824446111884], [0.28544972949925473, 0.5463122340987311, 0.02131504543247692, 0.14692299096953718], [0.005108718772802516, 0.15058787980005095, 0.6239265922570297, 0.22037680917011693], [0.532992316437778, 0.03397805098277695, 0.05699034195959801, 0.37603929061984664], [0.005853882832779477, 0.3049217139040003, 0.6576352718061723, 0.03158913145704773], [0.0766313568282191, 0.08652834271586436, 0.15086889034471754, 0.6859714101111991], [0.07840462946396219, 0.09695643215624412, 0.03897727549179676, 0.7856616628879971], [0.11188698960826045, 0.3170179546566087, 0.143389891877277, 0.427705163857854], [0.26617160961485953, 0.0594662979762672, 0.0645849841843153, 0.6097771082245579], [0.009675652554551434, 0.0943089495111523, 0.8265387211553248, 0.06947667677897174], [0.03667853838048382, 0.5065200543042433, 0.06339969535974527, 0.3934017119555278], [0.13057640262389966, 0.26724984393242995, 0.006522500309923614, 0.5956512531337466], [0.5615684615195865, 0.034108375680261316, 0.08658757207906838, 0.3177355907210841], [0.18903036850441787, 0.4675643097780487, 0.08133558649863612, 0.2620697352188974], [0.018800613561092524, 0.7327374824289317, 0.08538757174085586, 0.1630743322691202], [0.6475878168376771, 0.16181748438409793, 0.03237641406065653, 0.15821828471756813], [0.4521744887385399, 0.3604634278067044, 0.029087133753066333, 0.15827494970168962], [0.02515199416121014, 0.13272784525919112, 0.8084190000553125, 0.03370116052428651], [0.1017724283570965, 0.28369212112627906, 0.10651673682888733, 0.508018713687737], [0.04003855856491288, 0.23761357532740757, 0.1481729894085662, 0.5741748766991134], [0.1074640824701109, 0.5971630966257458, 0.06609086295331551, 0.2292819579508278], [0.015630033295294325, 0.12549040583109827, 0.8415664432333569, 0.017313117640250415], [0.4152847370180529, 0.07528640065528486, 0.4347088830309661, 0.07471997929569624], [0.6813452379551322, 0.05347138240790465, 0.057820193268328886, 0.20736318636863407], [0.19004234158639552, 0.2808029754606204, 0.009143497454743292, 0.5200111854982411], [0.3179212703216568, 0.5489136104855964, 0.09766558456807695, 0.03549953462466991], [0.5926748761425018, 0.09743671025169987, 0.04409613161651833, 0.26579228198927995]]}, "rewritten": {"ids": ["97105760", "97106820", "97107681", "97112290", "97116790", "97118210", "98106560", "98110230", "98110680", "98111620", "98111860", "98119591", "99105921", "99107560", "99108710", "99109161", "99110730", "99111000", "99111340", "99114890", "100108990", "100109000", "100110260", "100111620", "101108370", "101110200", "101112690", "101121640", "102108621", "102110240", "102110500", "102110690", "102116340", "103111110", "104111531", "104111550", "104111711", "104113210", "104113380", "104114320", "104114740", "104117200", "104117630", "104118070", "105112240", "105112260", "105113210", "105113260", "105113330", "105113440", "105115570", "105116501", "105116980", "105120621", "105121190", "106114280", "106115120", "106116370", "106117790", "107112840", "107113170", "107113200", "107113550", "107118780", "107119390", "107120260", "107121540", "108113700", "108114200", "108114670", "108116070", "108116481", "108116501", "108117451", "108118291", "108118630", "108119550", "108120280", "108121190", "109113931", "109115070", "109115380", "109116040", "109116750", "109116810", "109117080", "109117630", "109119591", "109120150", "109120621", "110114321", "110117110", "110117140", "110118121", "110118161", "110118450", "110118740", "110118880", "110120540", "110121500", "110121720", "111114321", "111115770", "111116090", "111116750", "111116990", "111117571", "111118301", "111119250", "111119300", "111119610", "111120591", "111121351", "111121410", "112116401", "112116990", "112117210", "112117660", "112117780", "112118161", "112118471", "112118701", "112119120", "112119930", "112120270", "112121410", "113117340", "113117550", "113118111", "113118810", "113119120", "113119320", "113119450", "113119950", "113120591", "113120640", "113121680", "113121750", "113122120", "113122170", "113122220", "113122320"], "labels": [0, 1, 3, 1, 2, 2, 1, 3, 2, 3, 0, 1, 1, 1, 2, 3, 3, 2, 1, 2, 2, 1, 3, 3, 1, 2, 1, 2, 3, 3, 3, 0, 3, 3, 0, 1, 1, 3, 1, 2, 2, 3, 0, 2, 1, 3, 3, 3, 3, 0, 0, 1, 0, 1, 2, 3, 1, 2, 1, 1, 0, 0, 0, 1, 2, 1, 2, 0, 0, 3, 1, 0, 0, 2, 3, 1, 1, 3, 1, 1, 0, 3, 0, 0, 3, 1, 0, 0, 2, 1, 1, 0, 3, 3, 0, 0, 3, 0, 1, 3, 3, 1, 3, 3, 3, 0, 3, 3, 1, 1, 2, 1, 0, 0, 0, 0, 1, 0, 0, 0, 1, 0, 1, 1, 0, 0, 2, 3, 1, 3, 3, 1, 3, 0, 0, 0, 1, 0, 1, 1, 1, 1], "predicted_labels": [3, 2, 2, 1, 2, 0, 1, 0, 2, 2, 2, 2, 0, 1, 1, 0, 1, 2, 3, 1, 1, 3, 0, 2, 0, 1, 1, 1, 3, 0, 0, 0, 1, 3, 3, 1, 2, 3, 2, 2, 2, 3, 0, 2, 1, 1, 3, 3, 3, 2, 3, 0, 3, 3, 2, 1, 3, 0, 2, 1, 1, 0, 2, 3, 3, 2, 1, 0, 0, 1, 2, 0, 0, 0, 0, 3, 3, 3, 1, 0, 1, 1, 3, 0, 0, 1, 1, 1, 2, 0, 0, 2, 3, 3, 1, 2, 0, 3, 1, 1, 1, 1, 1, 0, 3, 0, 0, 0, 1, 3, 2, 0, 1, 1, 0, 0, 1, 3, 0, 3, 1, 3, 3, 3, 2, 3, 2, 3, 3, 3, 3, 0, 3, 0, 3, 3, 3, 0, 1, 1, 1, 1], "confidence_scores": [[0.05247346185722396, 0.06779900498235793, 0.3923728488044532, 0.48735468435596474], [0.16438401799731822, 0.20282498398822482, 0.44378958086215275, 0.18900141715230423], [0.02071842072502971, 0.021498431130227046, 0.8740555370076752, 0.0837276111370681], [0.22832627709756234, 0.2957655289169723, 0.2847866507285506, 0.1911215432569148], [0.03920684320087861, 0.13343503186962674, 0.7594858240266784, 0.0678723009028162], [0.5112266773148825, 0.2201233114030223, 0.12041150614156265, 0.1482385051405327], [0.15922041952122212, 0.351494806738672, 0.18429816473164082, 0.30498660900846525], [0.42357175639854827, 0.21312064699291353, 0.07147452509098584, 0.29183307151755217], [0.015014594708558366, 0.19921779315406446, 0.7633452864594393, 0.02242232567793772], [0.013561089305452176, 0.10829842543498489, 0.8431270201249759, 0.03501346513458707], [0.029685708443271456, 0.2305838113443983, 0.6925507115704478, 0.04717976864188224], [0.10610237465627519, 0.21637807576319004, 0.574521366584233, 0.10299818299630159], [0.4337227498822185, 0.17623291459002832, 0.31469176213940375, 0.07535257338834926], [0.16603180620988628, 0.5113030118690556, 0.04903877258280495, 0.27362640933825355], [0.01093823362604125, 0.92816989578517, 0.030440263393192595, 0.030451607195596087], [0.5765502448600155, 0.2896994867052317, 0.10026201277791588, 0.03348825565683699], [0.07604163961402954, 0.4515431188198987, 0.22669263140057375, 0.245722610165498], [0.007791208976428066, 0.19017394589564446, 0.7402939651394511, 0.06174087998847674], [0.024835161353755134, 0.2914162705538368, 0.3958517234661261, 0.2878968446262818], [0.008454357624486286, 0.30611924604738566, 0.5652625086151477, 0.12016388771298073], [0.029451252161963575, 0.3751474853250923, 0.19363664068297395, 0.4017646218299702], [0.1793274041013587, 0.17998785980926846, 0.06074051892401198, 0.5799442171653607], [0.5335993688985338, 0.05886694569013304, 0.08943443053528154, 0.31809925487605156], [0.10179273175003027, 0.1462427892530328, 0.5812541664956856, 0.17071031250125124], [0.811659509347412, 0.06679063046838396, 0.019087332582836326, 0.10246252760136772], [0.01538560312104788, 0.932711491560044, 0.009478244498237367, 0.04242466082067097], [0.2579467688824662, 0.3327259860751275, 0.24462632038588042, 0.16470092465652597], [0.036589569585521266, 0.5586708185565552, 0.12336748159605114, 0.28137213026187274], [0.22981713148937896, 0.1920539166165786, 0.039669090286851554, 0.5384598616071912], [0.26737902817218884, 0.15638862047523855, 0.35323881945384217, 0.2229935318987306], [0.46352814550384763, 0.05549743504288291, 0.028132907801991788, 0.4528415116512777], [0.3294884615829188, 0.34765755535537923, 0.015393578338570958, 0.3074604047231311], [0.07619953754638817, 0.44600338156324365, 0.290238591477293, 0.1875584894130754], [0.07761859013752793, 0.3644713484957192, 0.1018554800372526, 0.45605458132950033], [0.08241564006200755, 0.22497739926147592, 0.042805313986355245, 0.6498016466901609], [0.015439707501675245, 0.4305542535548268, 0.5410933124967812, 0.012912726446716781], [0.008599424291850495, 0.07473308785256808, 0.8750825142353164, 0.04158497362026528], [0.1729791389887372, 0.2991175842623372, 0.1261754162663561, 0.40172786048256953], [0.0279991451680581, 0.10579507835417135, 0.7884093198347438, 0.07779645664302653], [0.18053666128721713, 0.1721408560252356, 0.5232709895162022, 0.12405149317134505], [0.053397472783822245, 0.1995917185473219, 0.5256894275084675, 0.22132138116038858], [0.11368958864372251, 0.10240723624739348, 0.07522803907217673, 0.7086751360367072], [0.6528682498693903, 0.18088533394459572, 0.06912456803012779, 0.09712184815588616], [0.03813939744595683, 0.09609735389307877, 0.7699673815238324, 0.09579586713713208], [0.21657225147736867, 0.3969269170213633, 0.10203108576015801, 0.28446974574111017], [0.12611360033091337, 0.42698756316313385, 0.10459102513583446, 0.3423078113701183], [0.2051465891324958, 0.1678305774430664, 0.030029980394109833, 0.5969928530303281], [0.23712014791671648, 0.07736010819034843, 0.020774950921134027, 0.664744792971801], [0.27403130207040943, 0.05191392700988186, 0.018388922240038803, 0.6556658486796701], [0.033859618603747164, 0.11619615588402231, 0.6637714219672871, 0.18617280354494312], [0.0999352325435214, 0.30476664324746155, 0.19389154906316158, 0.4014065751458552], [0.5285883151167491, 0.08113880104406036, 0.002810037631489696, 0.38746284620770105], [0.4035841488260706, 0.14218974465575462, 0.0308615955688264, 0.4233645109493483], [0.19719853719975092, 0.03822785830734586, 0.0014495426350850562, 0.763124061857818], [0.008456913209950675, 0.14936649295288304, 0.6057063393322263, 0.2364702545049402], [0.05935240480796413, 0.5200552908458853, 0.12659306519383953, 0.2939992391523111], [0.3586421221201792, 0.23042306813028726, 0.024137811778618977, 0.38679699797091427], [0.6050643474011933, 0.026227944662177757, 0.06947838922402641, 0.2992293187126026], [0.05380912262626617, 0.2660873134735797, 0.6239636571859289, 0.05613990671422534], [0.22774011141451866, 0.27727904636032075, 0.4342583744297989, 0.060722467795361876], [0.27840849702682396, 0.5207279715739178, 0.013027865787115452, 0.1878356656121431], [0.5553936900321208, 0.029282246943239144, 0.035865353988641865, 0.379458709035998], [0.23455730717563072, 0.05673683457833829, 0.6547346593990738, 0.05397119884695715], [0.1831565377253956, 0.361839135786527, 0.013387539460334559, 0.44161678702774265], [0.09734709106427838, 0.2253819252035765, 0.26882944990645635, 0.4084415338256889], [0.08920092191420383, 0.23047317546908577, 0.6088161682336859, 0.07150973438302465], [0.07016520552610739, 0.48039003853385265, 0.25518539006263585, 0.19425936587740417], [0.6723688965284855, 0.20490787284798365, 0.057771531736272384, 0.06495169888725827], [0.5244491546164226, 0.34073563888538144, 0.04427128831355484, 0.09054391818464086], [0.03211341971444097, 0.6053683720698788, 0.26985664647907864, 0.0926615617366016], [0.10825792156043994, 0.19790593312764487, 0.6090478763205961, 0.08478826899131914], [0.4899800695698043, 0.10932865263365674, 0.014362079412336031, 0.3863291983842029], [0.7395987555120817, 0.14114987145348107, 0.03774837677454576, 0.08150299625989135], [0.8876390751230256, 0.009668478490997825, 0.0002734037281009031, 0.10241904265787549], [0.5571731300064392, 0.06262642664750932, 0.0029314885071403717, 0.377268954838911], [0.05946420769770169, 0.2110159305285184, 0.03793982332618745, 0.6915800384475925], [0.08691527148667806, 0.32509562822210364, 0.15769213957863962, 0.4302969607125789], [0.43599446091660177, 0.036494265345948775, 0.03523639788717601, 0.49227487585027324], [0.0406977535701618, 0.8638613783443762, 0.029271734855887247, 0.06616913322957481], [0.5470580021951652, 0.08514417687513033, 0.013466803128501936, 0.3543310178012024], [0.06560829388726827, 0.8497984834607273, 0.05757216334827375, 0.027021059303730395], [0.004506681895359276, 0.34472059068012667, 0.5804876683339896, 0.07028505909052446], [0.20680052115490374, 0.033489341185108865, 0.08785193595489887, 0.6718582017050886], [0.5796943477068401, 0.316762266330617, 0.03577590083495962, 0.06776748512758318], [0.27758492917221855, 0.30034194285711807, 0.08369993578703491, 0.3383731921836287], [0.006719512701131734, 0.9483962898713706, 0.02411916940517553, 0.020765028022322347], [0.0655534501823372, 0.6290160148219784, 0.26991692775777665, 0.03551360723790785], [0.10253618328198028, 0.4112754102781729, 0.38706246124585003, 0.09912594519399662], [0.062453415378977126, 0.04139284227441231, 0.8407757599614464, 0.05537798238516392], [0.7481106434517064, 0.04900769787563402, 0.01723921732391664, 0.18564244134874303], [0.8050263668551485, 0.07196144425945906, 0.015379855325202333, 0.10763233356019025], [0.0074197798846184545, 0.13959188966105845, 0.8160385818806088, 0.036949748573713914], [0.0419715158809773, 0.23582929921638557, 0.06743919519661307, 0.6547599897060239], [0.16312393610218923, 0.4397548803557682, 0.012059044898060221, 0.3850621386439826], [0.25256014247630965, 0.4413403581418717, 0.0692980552609665, 0.23680144412085202], [0.009993184011112806, 0.28087006597614406, 0.6427266506292448, 0.06641009938349843], [0.6627567615140564, 0.04744528243109581, 0.07513353178480724, 0.21466442427004037], [0.08068384988194116, 0.04867220771849578, 0.005861771494984702, 0.8647821709045783], [0.03839637816964094, 0.6958632945452794, 0.2054461235999783, 0.0602942036851015], [0.10130774667842084, 0.5301408301938827, 0.014613279967635827, 0.3539381431600608], [0.0766635881373024, 0.30689827504852296, 0.2904278735651744, 0.32601026324900007], [0.18492992569326522, 0.43606097145771017, 0.24368472151563408, 0.13532438133339078], [0.055168510530990526, 0.5247898489442141, 0.16522438244879314, 0.2548172580760024], [0.4395339929643341, 0.14397711695656953, 0.023505986484625596, 0.39298290359447063], [0.1976238092303967, 0.07919202820799338, 0.04613288988313223, 0.6770512726784775], [0.8553532569867907, 0.053988570065830764, 0.03291773799695987, 0.05774043495041849], [0.5082015309671851, 0.25390176181001595, 0.01805753521779671, 0.2198391720050022], [0.36709352384793015, 0.16326287616274723, 0.1588171853822831, 0.31082641460703964], [0.0047236859626789045, 0.3250242485229839, 0.5586690057007, 0.11158305981363709], [0.07099135128850054, 0.10515634787286894, 0.07429740747286383, 0.7495548933657666], [0.0007922475953784918, 0.08313254179552158, 0.9088475623073379, 0.007227648301761745], [0.4595765031877134, 0.143165602742253, 0.03825262297542473, 0.3590052710946085], [0.19107851895389016, 0.5559604413212671, 0.06662063506837693, 0.18634040465646573], [0.2236186800894098, 0.5802549876434955, 0.0640368781387288, 0.13208945412836615], [0.868026482356155, 0.012211555788310223, 0.0027088878116527768, 0.11705307404388171], [0.693390652623017, 0.022080040841833216, 0.05345217064579114, 0.2310771358893585], [0.020735971882730898, 0.44289784803354687, 0.48303400884879555, 0.053332171234926715], [0.09353284102241906, 0.17546359353791238, 0.0997888298045197, 0.6312147356351486], [0.5312389902344631, 0.24195466664046317, 0.08228366846536814, 0.14452267465970564], [0.22986629834014413, 0.32591187851998715, 0.011529226231620273, 0.43269259690824835], [0.04033729283828914, 0.7056995539990878, 0.16165965922046682, 0.09230349394215626], [0.16675479755552902, 0.10728646722213335, 0.0314698896885752, 0.6944888455337626], [0.18264136563796965, 0.06457850550048434, 0.32265933770107513, 0.430120791160471], [0.02653398161932468, 0.1823108582372295, 0.44122228748813214, 0.34993287265531364], [0.014163414919491623, 0.28925052796330997, 0.6340494999720042, 0.06253655714519378], [0.16429224734331904, 0.2633224320116577, 0.03147809949961642, 0.5409072211454066], [0.035679043636227474, 0.23637896431367872, 0.517537179049997, 0.21040481300009653], [0.08632129674140002, 0.11164058139391601, 0.28086421921358734, 0.5211739026510963], [0.06174854674099074, 0.09731018634905689, 0.016395022421149184, 0.8245462444888034], [0.06316908267054373, 0.27353446979232326, 0.05664552449909565, 0.6066509230380372], [0.09869546524988951, 0.042434719710573825, 0.06597904956896576, 0.7928907654705711], [0.5456292753198638, 0.1293167207933526, 0.012228254597834847, 0.31282574928894846], [0.29380611498123177, 0.19834482574380424, 0.12022189975214698, 0.38762715952281707], [0.650811433187143, 0.19015324624811755, 0.009280791547165481, 0.14975452901757388], [0.43948814554719146, 0.07547686140822515, 0.012009030356518634, 0.47302596268806496], [0.12463245128237317, 0.3878718425858596, 0.07814741815565415, 0.40934828797611317], [0.024155044589253213, 0.23030251811427566, 0.12022584648293462, 0.625316590813537], [0.4129579318405791, 0.37714895377342655, 0.011101517967133085, 0.1987915964188614], [0.12945668989346812, 0.4048891502495202, 0.24245623770786248, 0.22319792214914938], [0.018720413345040876, 0.2928030254093057, 0.3900853039097612, 0.29839125733589195], [0.043951695507595694, 0.559527361903758, 0.0673977976921982, 0.329123144896448], [0.3362468792494723, 0.5121763383884803, 0.019500173248230408, 0.13207660911381727]]}}