{"test": {"ids": ["105110091", "111114321", "109114220", "112117571", "110118301", "103111620", "104112470", "98108150", "101108121", "113117401", "105113620", "111115910", "110121140", "103111540", "110115710", "97106591", "112117210", "108121160", "99107630", "111116040", "110118450", "111119300", "104111531", "101109000", "107118780", "104113550", "105112260", "112121030", "97105580", "107120880", "113120780", "103109641", "106117790", "112117660", "109118161", "105116441", "110116290", "107113170", "107121700", "109114651", "100120780", "112120540", "110115140", "110116441", "102108621", "103112470", "103110220", "110120531", "112116880", "108120280", "111120280", "97105960", "112118581", "97116410", "113117340", "97106000", "113119450", "110115250", "99119830", "109119591", "99109910", "100108490", "103113210", "98111860", "112121351", "104119340", "108114670", "109113931", "106118161", "110113591", "113118620", "112119320", "99110050", "108114040", "105119950", "110117200", "101116130", "103113640", "110117140", "104113240", "103111930", "98107010", "102109010", "103109791", "112119580", "113120830", "108118520", "103111110", "107113130", "109114270", "110118121", "105116501", "112120270", "110120190", "108113740", "100111620", "113122190", "112118860", "109119340", "98112300", "103117461", "106115120", "101111990", "98121790", "99117740", "99113260", "99117630", "103120730", "97116401", "112120990", "107119390", "100109890", "113118690", "113119340", "107115250", "104117200", "111121410", "108116501", "106116120", "109119010", "100111380", "99107950", "98119591", "111115770", "110118630", "111115780", "104114320", "110117500", "113121750", "111119610", "101119591", "113118111", "111116750", "107114950", "105120280", "107121230", "99121440", "107113360", "107114110", "107114490", "103111990", "101108460"], "labels": [0, 1, 3, 3, 1, 0, 1, 0, 0, 3, 0, 2, 3, 1, 2, 1, 1, 2, 2, 0, 0, 1, 0, 1, 1, 1, 3, 0, 1, 1, 0, 1, 1, 0, 0, 1, 2, 0, 3, 3, 1, 3, 0, 3, 3, 1, 2, 0, 0, 3, 0, 2, 1, 3, 2, 0, 3, 1, 1, 0, 2, 2, 3, 0, 0, 1, 3, 1, 3, 0, 3, 1, 3, 0, 3, 3, 2, 1, 3, 2, 3, 3, 1, 3, 3, 3, 0, 3, 1, 3, 3, 1, 0, 3, 3, 3, 1, 3, 3, 2, 0, 1, 2, 2, 2, 0, 3, 1, 3, 2, 2, 3, 3, 0, 2, 3, 0, 0, 1, 3, 3, 1, 1, 3, 1, 1, 2, 1, 0, 2, 0, 1, 3, 3, 3, 0, 2, 0, 1, 3, 2, 0], "predicted_labels": [1, 1, 3, 3, 1, 1, 3, 1, 1, 3, 1, 3, 0, 3, 0, 2, 1, 1, 3, 0, 2, 3, 3, 3, 0, 0, 1, 0, 0, 3, 3, 2, 1, 3, 1, 1, 2, 0, 1, 0, 3, 1, 3, 2, 0, 1, 3, 3, 1, 3, 3, 2, 1, 1, 1, 3, 0, 3, 1, 1, 2, 1, 0, 2, 0, 3, 1, 3, 1, 1, 1, 2, 3, 2, 1, 1, 3, 0, 3, 1, 1, 0, 1, 2, 1, 1, 1, 3, 2, 2, 3, 0, 1, 0, 0, 2, 3, 1, 1, 0, 3, 0, 3, 2, 2, 1, 0, 1, 1, 1, 2, 1, 1, 0, 2, 3, 0, 3, 1, 3, 0, 2, 1, 3, 1, 0, 0, 1, 1, 2, 0, 3, 0, 3, 2, 3, 1, 0, 3, 3, 1, 3], "confidence_scores": [[0.17185847940475113, 0.3471062838172413, 0.21885486223278497, 0.2621803745452225], [0.18644309998012965, 0.385492612210292, 0.20663191936510975, 0.22143236844446898], [0.24602280616251102, 0.2725580637430834, 0.1859067806748543, 0.29551234941955146], [0.29853066585422633, 0.24533295751146503, 0.10853625482425029, 0.3476001218100584], [0.2274105121693735, 0.3489724633944667, 0.1682709362215216, 0.2553460882146383], [0.22484234350274424, 0.31227529797944464, 0.24826675857076574, 0.21461559994704524], [0.1886803807162347, 0.2665495598791215, 0.23428000410856406, 0.3104900552960798], [0.2166392466885588, 0.31273169533458417, 0.1816325301242445, 0.2889965278526122], [0.23866995929645038, 0.34075142572974243, 0.18420866717934536, 0.23636994779446183], [0.25849837257963, 0.29133192660997387, 0.15194514183640537, 0.2982245589739907], [0.2032875863425477, 0.33525655440009827, 0.23806642957784097, 0.22338942967951303], [0.19497581401304567, 0.28776422716592565, 0.22459598295085093, 0.29266397587017756], [0.2996113322765974, 0.23641159280605858, 0.19733503487514772, 0.266642040042196], [0.21953830544195096, 0.28225955514736983, 0.16954251772793888, 0.32865962168274016], [0.2707658094862068, 0.24679237626464734, 0.20290465996873383, 0.27953715428041226], [0.16512712554486159, 0.29724727535180556, 0.3310588305460615, 0.20656676855727138], [0.13016438520452706, 0.35139996993758954, 0.3187110352925649, 0.19972460956531862], [0.22868822691320187, 0.32504812856434806, 0.15431670524168792, 0.2919469392807621], [0.2919039642098721, 0.16730805638776558, 0.2058272325039391, 0.33496074689842337], [0.33391539255500763, 0.2460469413905287, 0.12849760819780778, 0.29154005785665577], [0.1599955703544988, 0.31508163221215607, 0.3460619291444617, 0.1788608682888833], [0.24776891797645498, 0.2638582150359601, 0.13383619759898946, 0.3545366693885957], [0.25714948881061456, 0.28214373405597837, 0.15077822517630182, 0.30992855195710556], [0.12418026849555715, 0.3142749983937728, 0.25737433548944577, 0.30417039762122433], [0.3190422545208773, 0.2682163210596776, 0.10416936278788476, 0.30857206163156065], [0.34185517096334167, 0.19079817305285643, 0.16892854791237158, 0.2984181080714304], [0.22185976304610952, 0.30710358689365824, 0.18267537973490475, 0.28836127032532755], [0.39262830423469075, 0.20863230017063675, 0.10673532365139157, 0.2920040719432807], [0.27885831201078376, 0.25804439965192666, 0.23446424203631924, 0.22863304630097042], [0.2574264213482414, 0.22044745749627068, 0.229870470313284, 0.29225565084220384], [0.25896791441364114, 0.29806133503383364, 0.1396013905152203, 0.30336936003730497], [0.17015072797765676, 0.2512684668468222, 0.2934327712891188, 0.2851480338864022], [0.20864733832779922, 0.31161277488568384, 0.28650219966921703, 0.19323768711730036], [0.27621259167759993, 0.28959503066156167, 0.12798178862990828, 0.3062105890309298], [0.2920345829128597, 0.3131072500001987, 0.1301592384244406, 0.2646989286625006], [0.18910288652554116, 0.36060436676011814, 0.20584462587379349, 0.2444481208405471], [0.26985320933239165, 0.19866751841312047, 0.2907732904781742, 0.2407059817763139], [0.296714996802083, 0.27586038650798633, 0.14041542217157046, 0.2870091945183603], [0.23865460480051884, 0.31346608954296173, 0.1966062932224451, 0.2512730124340744], [0.3992805933861147, 0.17729643934671285, 0.11852890646769755, 0.3048940607994751], [0.27686454150349954, 0.22672391620876894, 0.15565817053959588, 0.3407533717481358], [0.26888394306041236, 0.3237399335180478, 0.1322166563466996, 0.27515946707484], [0.29156439577615173, 0.26893777276207925, 0.13432700258394334, 0.3051708288778258], [0.2322270683506406, 0.2814918861624038, 0.2702372390859083, 0.216043806401047], [0.3541149608420303, 0.21513965297405216, 0.12560964308014322, 0.3051357431037741], [0.2573176311331423, 0.3493414694962928, 0.1978133212496107, 0.19552757812095417], [0.17216809255266483, 0.3036076451843449, 0.24886984966328035, 0.2753544125997099], [0.3004467758392162, 0.25922850770782635, 0.11461577091407588, 0.32570894553888186], [0.20371801363568837, 0.3359694277613917, 0.18593479076791455, 0.27437776783500517], [0.2695445909119968, 0.24568516320872946, 0.18321099052077408, 0.30155925535849964], [0.28899594931321065, 0.2767342011047501, 0.10751771088970936, 0.32675213869232966], [0.17577148945474394, 0.27024469115240396, 0.31271604459671015, 0.24126777479614192], [0.09487810047470266, 0.35512950953842015, 0.3029660512132294, 0.24702633877364769], [0.19664635296701194, 0.34738939079123665, 0.2549986684089373, 0.2009655878328141], [0.16288518463172583, 0.35810547824619465, 0.2688236560326934, 0.21018568108938626], [0.14457017939181954, 0.2988784877431063, 0.2330785340050004, 0.3234727988600736], [0.4168801208316016, 0.20676107487241213, 0.09184734235845439, 0.2845114619375318], [0.24930682069487525, 0.24858445733909393, 0.20641256694146756, 0.29569615502456303], [0.14090138148700598, 0.3445759623529044, 0.2707172695857637, 0.24380538657432604], [0.22373008015429832, 0.33625651074989404, 0.2305966949883841, 0.20941671410742366], [0.12592157313140395, 0.26129223706343807, 0.46869800446390436, 0.14408818534125326], [0.2445461298863959, 0.273833225073637, 0.2182778663491103, 0.26334277869085654], [0.29356207458044603, 0.30597038328259757, 0.20286568295442187, 0.1976018591825348], [0.10880585226642728, 0.3853358705950074, 0.355211868027625, 0.1506464091109399], [0.33562913478575823, 0.2543260832427441, 0.08547578559358027, 0.3245689963779175], [0.2166002292131881, 0.26874937245080044, 0.16313122794073417, 0.3515191703952772], [0.17973908936277402, 0.337296459315199, 0.2380373166126521, 0.2449271347093748], [0.2852007073140532, 0.28359563596957754, 0.10955625802666083, 0.3216473986897085], [0.22923190426632417, 0.26693031101962167, 0.23943576784705703, 0.26440201686699705], [0.295758385742434, 0.31210925518287336, 0.10052072821344771, 0.29161163086124525], [0.2422657017457084, 0.39097382114149987, 0.09900910503539291, 0.26775137207739874], [0.08881427528521746, 0.3200951901749347, 0.3418575149917069, 0.2492330195481408], [0.1303929863447278, 0.28268819194412087, 0.24727648334320002, 0.3396423383679515], [0.19868265364653429, 0.256049923488712, 0.27098635932824217, 0.2742810635365117], [0.2784787449265357, 0.3094273760513031, 0.15757982658318365, 0.25451405243897757], [0.27383394118627497, 0.2889870992109547, 0.1396735686755889, 0.29750539092718137], [0.16009079298544826, 0.2587126943949681, 0.2886945070947933, 0.2925020055247903], [0.38773205909913117, 0.23261424247905835, 0.09829849163923862, 0.28135520678257186], [0.22305798985378295, 0.27860643786514266, 0.19595176604050915, 0.30238380624056505], [0.17829255008282088, 0.3761373475878069, 0.2774517830444453, 0.16811831928492685], [0.2057815997906451, 0.31793868966940453, 0.261538481857385, 0.2147412286825654], [0.2820983157226945, 0.2814791912065688, 0.17038423595563398, 0.26603825711510265], [0.20592657483848517, 0.33317608533577636, 0.21294103198833883, 0.24795630783739975], [0.17841607807675527, 0.26484684073736997, 0.29962576633862065, 0.257111314847254], [0.21756870110651383, 0.3030181018878603, 0.20368379218921703, 0.275729404816409], [0.22579919565734488, 0.31783661041128103, 0.20735637329173984, 0.24900782063963414], [0.19847567477131034, 0.3767278802734385, 0.18391953386348606, 0.24087691109176493], [0.2606173053028213, 0.28127994497976, 0.10646381720834978, 0.3516389325090691], [0.15107396968597314, 0.3060726201051337, 0.3846809290939611, 0.15817248111493212], [0.2032224475912233, 0.25355138545421296, 0.2838489396154113, 0.25937722733915225], [0.3072678431901724, 0.23661156014316018, 0.07898389745442429, 0.37713669921224313], [0.3445716241706982, 0.2993329216789204, 0.06095440952377197, 0.2951410446266093], [0.12425382887580869, 0.3612116799870551, 0.2767760186710009, 0.2377584724661354], [0.28975708567086655, 0.2995173804923941, 0.08596233758516032, 0.3247631962515791], [0.39013392075052533, 0.20750515831023109, 0.1282265537423227, 0.27413436719692097], [0.2244748735449779, 0.28136736883423946, 0.3018936813294467, 0.1922640762913359], [0.19866644319522836, 0.25591805434881987, 0.2578071573934439, 0.28760834506250793], [0.265708972633065, 0.3033110774702201, 0.16175746963142032, 0.26922248026529433], [0.2370996941204981, 0.30339263757012913, 0.2369432401925981, 0.2225644281167745], [0.3018980263806364, 0.22224316831970442, 0.23000851904950398, 0.24585028625015487], [0.2786694030187806, 0.2832336938242586, 0.1415679502406744, 0.2965289529162863], [0.3420626963292236, 0.27513096655211267, 0.09396370922480858, 0.2888426278938549], [0.23122008079038975, 0.27286028742248875, 0.23290972107624425, 0.2630099107108771], [0.16447938235291137, 0.2993369607202991, 0.3658185497378139, 0.170365107188976], [0.24739992673068242, 0.2583844133677771, 0.2707914220932834, 0.22342423780825696], [0.20981719344533992, 0.3507721710174917, 0.25833818253453206, 0.18107245300263594], [0.28673997247507027, 0.3024843980054469, 0.1515443368134301, 0.2592312927060531], [0.22776299093248326, 0.3302044238848458, 0.15721143814922048, 0.2848211470334503], [0.1826710270438346, 0.3307195297742598, 0.29047853287216713, 0.19613091030973892], [0.2354372715497485, 0.37673789148052733, 0.14869653215032322, 0.23912830481940128], [0.1419366507060403, 0.27580539536320753, 0.32825878351758514, 0.25399917041316705], [0.24411986921738685, 0.3034399251167286, 0.24595155485991865, 0.2064886508059656], [0.30655191001665916, 0.3153556620708866, 0.12882751642246443, 0.24926491148998964], [0.37201021495881775, 0.26763967202542477, 0.07178128840492454, 0.2885688246108329], [0.18820878533115049, 0.28895351022983545, 0.29855230118769044, 0.22428540325132384], [0.16194138719445733, 0.3185109997050594, 0.19636886928126002, 0.32317874381922324], [0.30717845813255557, 0.3060944290718634, 0.12246339004371569, 0.2642637227518656], [0.28021277093987806, 0.24959396155959707, 0.15977164014658352, 0.3104216273539412], [0.23627307877607545, 0.296351706998227, 0.24702755891509254, 0.2203476553106051], [0.22636988490540608, 0.2741337977633851, 0.2337414643421197, 0.265754852989089], [0.31060164891478326, 0.31082395638913485, 0.10331962075060973, 0.2752547739454724], [0.08375976004761536, 0.30408768062233477, 0.33037038246251105, 0.28178217686753887], [0.22705460245310138, 0.3112893855823274, 0.2139016526371473, 0.24775435932742382], [0.22862818879422975, 0.29918471848756045, 0.14911853879087233, 0.3230685539273375], [0.22225670460075006, 0.29654840518282566, 0.21531078925418168, 0.2658841009622425], [0.28485840403265456, 0.2900438261025444, 0.14808921153359636, 0.27700855833120475], [0.23355704475048097, 0.32643057286478167, 0.26528719277331286, 0.1747251896114245], [0.24584071331826654, 0.36731317638524325, 0.14261091675233895, 0.24423519354415135], [0.2808439624496236, 0.3247143134072088, 0.09996947909520375, 0.2944722450479643], [0.09420219588789466, 0.3589793756883624, 0.3246654008473515, 0.2221530275763917], [0.3926665461765884, 0.18913497890971373, 0.1126306047787595, 0.30556787013493875], [0.2798448488309722, 0.22097561259170279, 0.12030587044844185, 0.3788736681288832], [0.34424052498986846, 0.18609609601171115, 0.131693298439632, 0.3379700805587881], [0.27799373206016426, 0.23931568000204015, 0.14573165470763297, 0.33695893323016285], [0.1314452817424091, 0.3295192503770014, 0.3200859263852411, 0.2189495414953482], [0.17404922219471897, 0.34596589153143364, 0.1520784025301273, 0.3279064837437201], [0.1849645066867928, 0.3624211056886105, 0.25969146218914746, 0.19292292543544917], [0.2896999993885241, 0.282572510130929, 0.13726111415043088, 0.29046637633011596], [0.2301456131965048, 0.21477727390144116, 0.14437070930817447, 0.4107064035938798], [0.19267825445083486, 0.2875733426504561, 0.22700209360296908, 0.2927463092957399], [0.2522014343794747, 0.32465524775592575, 0.19011874834573378, 0.23302456951886566], [0.26707978750485895, 0.26792197746441554, 0.20629563048192331, 0.25870260454880223]]}, "rewritten": {"ids": ["97105580", "97105960", "97106000", "97106591", "97116401", "97116410", "98107010", "98108150", "98111860", "98112300", "98119591", "98121790", "99107630", "99107950", "99109910", "99110050", "99113260", "99117630", "99117740", "99119830", "99121440", "100108490", "100109890", "100111380", "100111620", "100120780", "101108121", "101108460", "101109000", "101111990", "101116130", "101119591", "102108621", "102109010", "103109641", "103109791", "103110220", "103111110", "103111540", "103111620", "103111930", "103111990", "103112470", "103113210", "103113640", "103117461", "103120730", "104111531", "104112470", "104113240", "104113550", "104114320", "104117200", "104119340", "105110091", "105112260", "105113620", "105116441", "105116501", "105119950", "105120280", "106115120", "106116120", "106117790", "106118161", "107113130", "107113170", "107113360", "107114110", "107114490", "107114950", "107115250", "107118780", "107119390", "107120880", "107121230", "107121700", "108113740", "108114040", "108114670", "108116501", "108118520", "108120280", "108121160", "109113931", "109114220", "109114270", "109114651", "109118161", "109119010", "109119340", "109119591", "110113591", "110115140", "110115250", "110115710", "110116290", "110116441", "110117140", "110117200", "110117500", "110118121", "110118301", "110118450", "110118630", "110120190", "110120531", "110121140", "111114321", "111115770", "111115780", "111115910", "111116040", "111116750", "111119300", "111119610", "111120280", "111121410", "112116880", "112117210", "112117571", "112117660", "112118581", "112118860", "112119320", "112119580", "112120270", "112120540", "112120990", "112121030", "112121351", "113117340", "113117401", "113118111", "113118620", "113118690", "113119340", "113119450", "113120780", "113120830", "113121750", "113122190"], "labels": [1, 2, 0, 1, 3, 3, 3, 0, 0, 2, 1, 2, 2, 1, 2, 3, 0, 3, 2, 1, 2, 2, 3, 3, 3, 1, 0, 0, 1, 2, 2, 0, 3, 1, 1, 3, 2, 3, 1, 0, 3, 2, 1, 3, 1, 0, 1, 0, 1, 2, 1, 2, 3, 1, 0, 3, 0, 1, 1, 3, 3, 1, 1, 1, 3, 1, 0, 0, 1, 3, 3, 2, 1, 2, 1, 0, 3, 3, 0, 3, 0, 0, 3, 2, 1, 3, 3, 3, 0, 3, 3, 0, 0, 0, 1, 2, 2, 3, 3, 3, 1, 3, 1, 0, 1, 3, 0, 3, 1, 3, 1, 2, 0, 3, 1, 2, 0, 0, 0, 1, 3, 0, 1, 3, 1, 3, 0, 3, 2, 0, 0, 2, 3, 1, 3, 3, 0, 3, 0, 3, 0, 1], "predicted_labels": [0, 2, 3, 0, 0, 1, 0, 1, 2, 0, 1, 0, 0, 2, 2, 3, 0, 0, 0, 1, 1, 1, 0, 0, 0, 3, 1, 3, 3, 0, 3, 0, 0, 1, 3, 3, 3, 3, 3, 0, 1, 0, 0, 0, 0, 0, 1, 3, 3, 1, 0, 2, 3, 3, 1, 3, 1, 1, 0, 0, 1, 0, 1, 0, 3, 2, 0, 1, 3, 3, 3, 0, 0, 2, 0, 3, 1, 0, 0, 1, 3, 1, 0, 3, 1, 0, 2, 0, 0, 2, 0, 0, 0, 0, 3, 3, 2, 0, 3, 1, 1, 3, 1, 2, 0, 0, 0, 0, 1, 3, 0, 1, 0, 0, 3, 2, 3, 1, 1, 1, 3, 0, 1, 0, 2, 1, 1, 1, 1, 0, 0, 1, 3, 3, 1, 0, 0, 0, 3, 1, 0, 3], "confidence_scores": [[0.2907614699069837, 0.2592920333363154, 0.21182003138363956, 0.238126465373061], [0.22436251633380397, 0.26681301516336065, 0.2924499432922717, 0.21637452521056405], [0.1788277906048308, 0.29615172204959844, 0.20072219688718942, 0.32429829045838127], [0.2765146380826621, 0.25782792659818254, 0.20211596536927903, 0.2635414699498764], [0.2562913457355262, 0.29005370739516684, 0.19980285775161494, 0.2538520891176923], [0.23662375287361836, 0.3203131746824921, 0.22676851791321528, 0.21629455453067414], [0.2715688530816557, 0.2917382548685357, 0.16227445747638564, 0.2744184345734234], [0.21809451476437894, 0.32664942348732007, 0.17368922657151023, 0.28156683517679093], [0.20562590494346158, 0.30914905184276076, 0.30947062350616383, 0.17575441970761324], [0.34528578568889373, 0.21661786863106497, 0.1705621290475758, 0.26753421663246596], [0.26152075447977924, 0.2979645010533275, 0.18638197719495117, 0.25413276727194195], [0.29475562889025786, 0.30061181721527486, 0.17600265224538492, 0.22862990164908215], [0.32029472260582387, 0.18416040909889783, 0.174228766374845, 0.3213161019204333], [0.10165867122549387, 0.32369032420301314, 0.3281927526665991, 0.24645825190489384], [0.19594456856954937, 0.2618206644327572, 0.3856015607356116, 0.15663320626208188], [0.2151985573933374, 0.2696632286527374, 0.21723421699052703, 0.2979039969633981], [0.2885849807067638, 0.31044980395001837, 0.20627030596358845, 0.19469490937962952], [0.30633320548933984, 0.28321546715159274, 0.138633097867155, 0.27181822949191264], [0.2844958795837782, 0.26915263184297583, 0.2043465980891074, 0.24200489048413856], [0.20761773751121904, 0.30997664634277183, 0.2122562312081899, 0.27014938493781887], [0.21962822270269824, 0.35616777010715706, 0.23437274970296565, 0.18983125748717913], [0.27371750348313334, 0.29254294558257915, 0.16833209203852778, 0.26540745889575956], [0.29699685641756307, 0.24985025269241457, 0.18877115368562017, 0.2643817372044019], [0.31648890435689697, 0.3221444226318083, 0.08987048102022357, 0.2714961919910712], [0.26548508742382215, 0.2676779533209252, 0.24659391431347913, 0.22024304494177366], [0.2519465718559567, 0.2519943918353798, 0.16806231702851268, 0.32799671928015056], [0.2764652416780337, 0.30509049871628496, 0.1330246554857565, 0.28541960411992456], [0.2694808886690561, 0.2775789598647699, 0.17174869923810374, 0.2811914522280702], [0.15873533181979216, 0.3155455539508415, 0.22599343574009118, 0.29972567848927506], [0.2739992423817239, 0.2714369807516863, 0.19333456668154683, 0.26122921018504275], [0.19489197053554175, 0.27167414758598085, 0.25479668846212, 0.27863719341635756], [0.41007566652630134, 0.17114932082709441, 0.09871029989879158, 0.3200647127478128], [0.348073931374483, 0.2136507048795364, 0.1194641848361919, 0.31881117890978894], [0.2361883395449046, 0.32880721987552886, 0.1897698025621999, 0.24523463801736678], [0.2507282459703871, 0.25243923177247524, 0.20506724295842435, 0.29176527929871304], [0.20829320924845104, 0.2759786810535056, 0.25275483714980834, 0.262973272548235], [0.27274136841244767, 0.26735729892413185, 0.16704386226820833, 0.2928574703952121], [0.27978382937395385, 0.28705762353847886, 0.11329633808900506, 0.3198622089985621], [0.256340415720948, 0.25659190038240787, 0.21323520208220872, 0.27383248181443526], [0.282052667020697, 0.2658907120383703, 0.20297817422196152, 0.24907844671897106], [0.24025247645140527, 0.29373381087420775, 0.20494153426992057, 0.2610721784044663], [0.30528302492707216, 0.2818608161776355, 0.15579774543832114, 0.2570584134569712], [0.3041582566032732, 0.3035384227594969, 0.192580343009249, 0.19972297762798108], [0.3039454270495426, 0.29222464001743415, 0.1881642983002136, 0.21566563463280963], [0.39929153452352434, 0.23262391987489178, 0.07727041068572361, 0.29081413491586], [0.3219032096830227, 0.2535610743307289, 0.10981899284091695, 0.31471672314533156], [0.2214228900516461, 0.3455633978297421, 0.15186637388890134, 0.2811473382297104], [0.2763271954778283, 0.2713487341313974, 0.13962906191558805, 0.3126950084751861], [0.2193098842191507, 0.2846575733136543, 0.22709290496259626, 0.26893963750459843], [0.21225876779934183, 0.3675595073963818, 0.25520238084823493, 0.1649793439560411], [0.3261931642121061, 0.1976867122862046, 0.19704302834931384, 0.2790770951523751], [0.20894659995995843, 0.3116598202195509, 0.3067582375236156, 0.17263534229687524], [0.19194592353264234, 0.2920218902093527, 0.1998288482706079, 0.3162033379873971], [0.25121678496042793, 0.25539762387016884, 0.1571471648457359, 0.33623842632366713], [0.21550093036992424, 0.3151369109126929, 0.23131750109706495, 0.2380446576203178], [0.2342443548119066, 0.2758701448266431, 0.21223566217476358, 0.2776498381866864], [0.23781122708745694, 0.33130371316073176, 0.19289957504006786, 0.23798548471174358], [0.2635945504467048, 0.33030148819108646, 0.1763711504175556, 0.2297328109446529], [0.3537259409218532, 0.280624137115088, 0.06889282253978653, 0.2967570994232725], [0.30988212215258915, 0.2818062483223093, 0.13738774370247211, 0.2709238858226293], [0.21541519120269992, 0.3015371383232203, 0.23321434058227142, 0.2498333298918081], [0.39427917158658626, 0.2473357361184455, 0.08636421968519677, 0.2720208726097715], [0.25815880042610445, 0.2844036806594114, 0.2046363762979539, 0.2528011426165302], [0.26288680805955894, 0.27862476059070784, 0.24971897650376354, 0.20876945484597004], [0.2587007444820773, 0.253892678731435, 0.21094413211479332, 0.27646244467169484], [0.20232518695157045, 0.27804140406141453, 0.30337455661176393, 0.21625885237525064], [0.3206890588580314, 0.2605057818897532, 0.13117568511874325, 0.28762947413347223], [0.26746404264238843, 0.29395080371283006, 0.15600162790230523, 0.2825835257424763], [0.2403178917623141, 0.24633022164453042, 0.1439708644625401, 0.36938102213061536], [0.20907043043815185, 0.2758341357598125, 0.2446170250766497, 0.27047840872538587], [0.2336155141817696, 0.26583100820112116, 0.18970932188567122, 0.3108441557314382], [0.25481776908613973, 0.2737383269762719, 0.23835384435946558, 0.23309005957812298], [0.3585842415057886, 0.23337735231071477, 0.1075836709118735, 0.300454735271623], [0.17408715011391832, 0.2695235332957576, 0.32618326181619506, 0.23020605477412873], [0.3279833790825307, 0.20790490034389608, 0.1846465726172616, 0.27946514795631167], [0.18243648292483133, 0.32638488928113274, 0.19135150621745545, 0.2998271215765803], [0.2750966074679409, 0.2959516879934302, 0.18427889615422507, 0.24467280838440386], [0.4140029651552536, 0.17827024852078938, 0.10426211175303135, 0.30346467457092563], [0.30511217553983666, 0.23067614330090636, 0.20450732309457267, 0.2597043580646844], [0.2002153176299924, 0.3259502288554019, 0.23794838417195607, 0.2358860693426496], [0.2889596191342331, 0.24426287052886464, 0.14716539402703377, 0.31961211630986824], [0.2587363139607852, 0.32036716026517065, 0.16698877394898412, 0.2539077518250599], [0.28974345682152114, 0.2536994127855803, 0.16006691789250194, 0.29649021250039664], [0.26711671116547536, 0.295477923300624, 0.14582242111398921, 0.2915829444199115], [0.27761728960495113, 0.3074550340372253, 0.14952126789008127, 0.265406408467742], [0.2827555502489586, 0.23923695952786259, 0.20959800199701306, 0.26840948822616556], [0.23337812522694953, 0.2280332311551302, 0.26502054680688275, 0.27356809681103733], [0.40421960748832514, 0.19199363061368535, 0.09793054156743151, 0.3058562203305582], [0.2993566588024176, 0.30925116518654094, 0.12559296597720243, 0.265799210033839], [0.21720585350027136, 0.2736184736568594, 0.2898697476631698, 0.2193059251796989], [0.34993605624325574, 0.26096672415099453, 0.10005732801069986, 0.2890398915950497], [0.2878751766232507, 0.29819178352955034, 0.1764657028642397, 0.2374673369829593], [0.31766024305367724, 0.2895386650183693, 0.09984799651860699, 0.29295309540934644], [0.31296028367297546, 0.2715296559593988, 0.1411844886961999, 0.274325571671426], [0.3022116984853818, 0.21295139975214572, 0.17986726886802132, 0.30496963289445106], [0.2899995305665797, 0.23096240439088625, 0.1753309764029831, 0.3037070886395512], [0.27329296567223843, 0.20872421856830753, 0.2883431405003945, 0.22963967525905962], [0.2660209205648947, 0.25880837869433976, 0.24828135225885092, 0.22688934848191486], [0.2359023949451273, 0.2759340370018026, 0.18071188756941053, 0.3074516804836597], [0.2637154778532677, 0.30483913509772653, 0.15097806508460557, 0.2804673219644001], [0.23177293361130463, 0.3693323731664184, 0.18863401199717497, 0.21026068122510166], [0.3165136628853892, 0.24514854677859357, 0.09882061355554751, 0.33951717678047005], [0.24213165827817798, 0.34838383017572067, 0.13926524553179245, 0.27021926601430907], [0.15463418376577345, 0.2996989572544532, 0.3232223723020109, 0.22244448667776245], [0.2854091190931601, 0.25755158269955836, 0.17861607566968596, 0.2784232225375955], [0.30431501548687045, 0.2941587006129535, 0.09560994883367281, 0.30591633506650345], [0.32451027322159703, 0.2437018267003075, 0.10412202635616456, 0.32766587372193096], [0.28836738902399744, 0.23575021334407145, 0.2242717230838251, 0.25161067454810604], [0.22941389523269162, 0.3421929588155319, 0.20484654937243202, 0.22354659657934403], [0.24843904873445777, 0.26566997641221446, 0.19184504098093902, 0.29404593387238875], [0.2897479397287249, 0.28956326509650554, 0.14319033922103, 0.27749845595373923], [0.17661353795353218, 0.2959272296340798, 0.2609590050593222, 0.26650022735306583], [0.3191859543026654, 0.24920203609678582, 0.15942873579193723, 0.27218327380861157], [0.3509010053946904, 0.2017226694191283, 0.12496151841410644, 0.32241480677207524], [0.28925912635653767, 0.23730270165798148, 0.13701647682784923, 0.33642169515763154], [0.09237705065935005, 0.35916867212638076, 0.35755587602892286, 0.1908984011853462], [0.29180403186208315, 0.2806279618457947, 0.10478270056957052, 0.32278530572255165], [0.2431391605164337, 0.3026089957047221, 0.23829117210525796, 0.21596067167358635], [0.23388221424611202, 0.3168889031156792, 0.17958559001879593, 0.2696432926194128], [0.16916403119995954, 0.3264296491991394, 0.2796106990545617, 0.22479562054633942], [0.3108146422207629, 0.2370890088241267, 0.12488026943707495, 0.3272160795180351], [0.28478068118671845, 0.25985237070283207, 0.1706837196885292, 0.2846832284219205], [0.14566370352592503, 0.3235209787396609, 0.26924835473743713, 0.2615669629969773], [0.2710448531522477, 0.2824354873632513, 0.19429478726051738, 0.25222487222398354], [0.15944877530988047, 0.2945441366641851, 0.2888886175430589, 0.2571184704828757], [0.21659695469797136, 0.29576356560849554, 0.20886270423794498, 0.2787767754555881], [0.18715885892366116, 0.3104378588938841, 0.22200142767894473, 0.28040185450351], [0.291460590640412, 0.3163331690433329, 0.13132143926859224, 0.26088480104766304], [0.2273329611943194, 0.38359445205932036, 0.17372171621345017, 0.21535087053291022], [0.4031647731094628, 0.19526629141537555, 0.11277459415858286, 0.28879434131657866], [0.3248458903091822, 0.26272631099747146, 0.08921448092219254, 0.3232133177711539], [0.17390909354234782, 0.3486720405278377, 0.27314983362769996, 0.20426903230211443], [0.25533473778852517, 0.28241757320658384, 0.166903019547935, 0.29534466945695603], [0.28770301334401466, 0.2125453276634256, 0.13023815859496776, 0.36951350039759207], [0.27489407092647195, 0.3700107477866663, 0.09672434759261742, 0.258370833694244], [0.31552705562619854, 0.291098256278387, 0.14053855652649772, 0.25283613156891677], [0.3590981628040525, 0.2608140685494851, 0.08820778773445409, 0.2918799809120087], [0.3807685508184544, 0.19419751938974403, 0.13751902051108236, 0.287514909280719], [0.25490584535976735, 0.2733701180468847, 0.16095945536135567, 0.31076458123199235], [0.25645811739519536, 0.3218018727300824, 0.18948847719803147, 0.23225153267669094], [0.3433898481410404, 0.28365122881051286, 0.07857726172536215, 0.29438166132308446], [0.23563567092795382, 0.2586245467953262, 0.22215794198287453, 0.2835818402938454]]}}