{"test": {"ids": ["112118930", "113121750", "113120070", "105119950", "98106560", "105116980", "104113210", "106120640", "110119030", "104117200", "105113190", "106117770", "99108080", "108117451", "109118161", "100109000", "109113281", "111116110", "105113330", "112116290", "97106591", "99108890", "112117210", "110121450", "111114171", "99117630", "109120560", "111116010", "112120270", "103110760", "104111620", "109113591", "105113440", "101108950", "108118301", "113119120", "110117200", "101113210", "104112470", "112117471", "111117571", "110121720", "109117730", "112119980", "111119950", "100109890", "98109230", "112119500", "98112170", "113119360", "105117200", "110115250", "110116300", "112116451", "97107920", "111116750", "98111620", "113118490", "110116290", "108114270", "102108621", "113120640", "98107210", "98117740", "108119510", "104111830", "113122650", "97106000", "100107920", "101110740", "108120060", "105111990", "108121410", "109116170", "112118890", "110121500", "110115580", "109118231", "113122170", "105121370", "112119580", "110120540", "97116410", "99107950", "97116500", "108113760", "97113260", "108115970", "99109311", "109117110", "97105580", "104118070", "110116170", "108120621", "112116540", "98107410", "102113350", "105115900", "97112170", "113121680", "99109370", "104111880", "110114610", "100113210", "108116481", "110115120", "99107560", "111116411", "101108621", "107121230", "111116170", "99112531", "107114321", "113118620", "103120730", "100108260", "101108290", "112117431", "98110810", "113119450", "112121430", "102110750", "106113170", "110116441", "112120990", "105114220", "107121640", "107114780", "99119830", "109114030", "106114150", "99109840", "112118161", "108121190", "107118520", "112120290", "107118780", "101108080", "102112301", "97118210", "102110690", "101112160"], "labels": [1, 0, 2, 3, 1, 0, 3, 3, 0, 3, 3, 0, 3, 2, 0, 1, 0, 3, 3, 0, 1, 0, 1, 3, 3, 3, 1, 1, 0, 1, 0, 3, 0, 2, 1, 3, 3, 3, 1, 3, 3, 3, 3, 0, 0, 3, 1, 2, 3, 0, 3, 1, 3, 0, 0, 3, 3, 1, 2, 3, 3, 0, 1, 2, 1, 3, 2, 0, 0, 3, 1, 2, 0, 0, 3, 3, 1, 1, 1, 2, 3, 1, 3, 1, 2, 1, 1, 2, 1, 1, 1, 2, 0, 1, 1, 3, 3, 3, 0, 1, 1, 3, 1, 0, 0, 0, 1, 0, 0, 0, 0, 3, 0, 3, 1, 3, 0, 0, 1, 3, 2, 1, 0, 3, 2, 3, 1, 2, 1, 1, 1, 2, 0, 1, 2, 1, 1, 0, 1, 2, 0, 3], "predicted_labels": [0, 3, 2, 1, 3, 1, 0, 1, 3, 2, 3, 1, 3, 0, 1, 3, 3, 3, 0, 0, 2, 1, 1, 3, 3, 1, 2, 1, 2, 1, 1, 3, 1, 2, 3, 3, 0, 3, 3, 1, 0, 0, 0, 3, 3, 2, 2, 2, 0, 3, 3, 3, 1, 0, 1, 3, 3, 0, 0, 1, 0, 3, 2, 3, 2, 3, 1, 3, 2, 1, 1, 0, 1, 1, 0, 0, 0, 1, 3, 2, 3, 1, 2, 3, 3, 1, 2, 3, 3, 0, 2, 2, 0, 1, 1, 0, 3, 2, 0, 3, 3, 2, 2, 3, 3, 0, 0, 0, 1, 1, 0, 3, 1, 1, 1, 0, 3, 0, 2, 3, 1, 1, 1, 0, 1, 0, 2, 1, 2, 1, 3, 2, 3, 1, 2, 1, 1, 0, 2, 2, 0, 2], "confidence_scores": [[0.7556921107273818, 5.404364353219613e-05, 3.137836522484817e-05, 0.24422246726386124], [0.3284205995849948, 0.009966156309789346, 4.3710133232141845e-05, 0.6615695339719837], [0.00028299534801777597, 0.00047570486707537073, 0.9980219749995286, 0.0012193247853783272], [0.005351186649262443, 0.9945195304700616, 5.861845214766069e-05, 7.066442852809891e-05], [0.42054916890886496, 0.0010336690979960736, 0.0010888575785263292, 0.5773283044146127], [0.13845692436641374, 0.43801571831437347, 0.003533675120503582, 0.4199936821987093], [0.9764353800369461, 0.0023316953199812, 0.000678433900128131, 0.020554490742944458], [5.212594475123385e-09, 0.999483204928591, 0.0005132991838473806, 3.4906749672174764e-06], [0.3595930860676268, 0.058063690695473166, 0.0010432788729905123, 0.5812999443639095], [6.062315443883247e-05, 0.00870392637954141, 0.8497242494079228, 0.1415112010580968], [1.877679147348023e-05, 6.21044634584538e-05, 5.8249963082613426e-05, 0.9998608687819854], [0.0005587185985600699, 0.8975076529876876, 0.0028443119518412113, 0.09908931646191096], [0.00760030581066938, 4.043338838455156e-05, 1.6844739065344452e-08, 0.992359243956207], [0.9991832135628855, 8.386459331093565e-10, 1.7381528170624462e-10, 0.0008167854246534323], [8.690516471194369e-06, 0.9999771016011539, 2.658393932233607e-07, 1.3942042981686528e-05], [0.024137442475031478, 0.10834768317438379, 0.0004321680353613426, 0.8670827063152233], [0.10441500733883066, 1.165534805319412e-05, 2.5053409086872663e-11, 0.8955733372880628], [0.22509972431198855, 0.0005862172653590944, 0.00010138716231307029, 0.7742126712603392], [0.9249178202832915, 0.00509095346225459, 0.0003838685163247434, 0.06960735773812911], [0.9939050022792574, 0.005043556591660203, 3.6421611122316527e-07, 0.0010510769129711212], [1.3188229421800058e-07, 0.08244132627400415, 0.8832536094317175, 0.034304932411983964], [1.459563600738233e-07, 0.9999319210019276, 9.254176920681052e-08, 6.784049994301774e-05], [0.09502770246763695, 0.8654519082546467, 0.03948608418527019, 3.4305092445990165e-05], [0.379228885405774, 0.02990712081462451, 0.0008293724336556631, 0.5900346213459458], [0.03032134614372555, 1.1286197236926733e-07, 1.439580544549049e-13, 0.9696785409941582], [9.891975804125884e-05, 0.9998566354702051, 2.9408675156520134e-07, 4.415068500199803e-05], [6.242178560878133e-09, 0.018569546363387143, 0.924020478933075, 0.057409968461359165], [0.00034841366451732187, 0.551240075436638, 0.44837409761740743, 3.7413281437305964e-05], [0.0003024275269478485, 0.2692982796272688, 0.7299161712883218, 0.0004831215574614988], [7.531549128425203e-05, 0.9998523563407706, 1.014272698151261e-06, 7.131389524689109e-05], [0.14164603758438163, 0.8468819058378965, 1.2191963290606191e-05, 0.011459864614431216], [0.00014378487480849194, 0.005348626956622563, 7.583901814472257e-07, 0.9945068297783874], [0.07635078760384197, 0.7923231522132884, 0.0378659031103296, 0.09346015707253992], [0.00126857233298971, 0.00012263304080912805, 0.8939112447203019, 0.10469754990589929], [0.0007122077036500849, 0.005493302423734753, 0.0009293334986350237, 0.9928651563739801], [0.14315502097747548, 0.014929685519900733, 0.006677459870659928, 0.8352378336319639], [0.996008307669157, 0.00030681882711922943, 4.568306038950069e-06, 0.00368030519768489], [0.0019388513774794697, 0.00016294647480410483, 0.017324341369420262, 0.9805738607782961], [6.233819228723136e-05, 0.28406910414720854, 0.23613525644572117, 0.479733301214783], [2.7519369044477085e-05, 0.973899650243236, 1.712982546786335e-06, 0.026071117405172557], [0.9911078403929487, 0.008397160572248782, 0.00011600321702112855, 0.0003789958177811614], [0.572479483374423, 0.36653188317428576, 0.04499426682129824, 0.015994366629993043], [0.994529269207838, 0.005044392999529322, 0.0001435999516607018, 0.00028273784097216487], [3.6667554021637024e-08, 7.563847415339102e-07, 1.7892174605037025e-06, 0.9999974177302439], [0.43883892468237345, 4.239090869178824e-06, 0.00029228186151130536, 0.5608645543652462], [0.005598979056287112, 0.24532464061849554, 0.7481146956127933, 0.0009616847124240737], [1.4472121387912161e-05, 1.97984747071825e-09, 0.9999845050746736, 1.0208240910092372e-06], [0.00010389648975164806, 0.2577857327953496, 0.7421062636463094, 4.107068589229124e-06], [0.8834572996385712, 0.010587275645890891, 0.07237129552837622, 0.03358412918716156], [0.03210722587399198, 0.00014563714988982335, 0.00014333065223346556, 0.9676038063238848], [0.11602865047380621, 0.0020396565318880695, 0.037347398817759815, 0.8445842941765459], [0.06475961979898165, 0.0018558606275222564, 0.0003562923411900901, 0.9330282272323059], [0.004324858667769644, 0.9895985691655582, 0.0017919176774171281, 0.004284654489255105], [0.9980806657483523, 0.001915368570516089, 2.6365848171344815e-06, 1.3290963146904385e-06], [0.015784430373075066, 0.9780704127466046, 4.890923605478504e-06, 0.006140265956715078], [0.028465309968058017, 5.4179282976086426e-08, 0.0020800454830760704, 0.969454590369583], [0.03168129872149397, 0.2126603606495867, 0.011714781675067525, 0.7439435589538519], [0.988999563889361, 7.565834254012264e-06, 0.0109105922321063, 8.227804427869237e-05], [0.9870923920486846, 0.00016092105058185336, 0.012405367759052134, 0.0003413191416813789], [2.8651144390708456e-05, 0.8557289476228254, 0.08030644066522984, 0.06393596056755425], [0.9779920492578762, 0.003573875212584562, 4.896858357536289e-06, 0.018429178671181694], [0.0002677273872396692, 0.00724958096674999, 0.19396680115808365, 0.7985158904879266], [1.8387292349277386e-07, 0.2549007491362856, 0.7441249866277085, 0.0009740803630824207], [0.00016453949077223674, 0.020574965904882055, 0.22494297935897473, 0.754317515245371], [0.00025118930650683974, 1.8120044286122776e-05, 0.9996531344543269, 7.755619488006672e-05], [0.000597054834319745, 0.38097297560743154, 0.008303369580935575, 0.6101265999773132], [0.008169934195508518, 0.8778990891157391, 0.005057863403746423, 0.10887311328500585], [7.614828590393548e-06, 0.0012119279516651495, 0.0003092944523141908, 0.9984711627674302], [0.2001829268034336, 1.3913583667194322e-06, 0.6674996767780329, 0.13231600506016677], [0.0001795326972659951, 0.5021741763595977, 0.49730266729521844, 0.0003436236479178797], [0.00013154345573520435, 0.9978605072368557, 0.002007493103568062, 4.562038411062499e-07], [0.9726480155024433, 0.0017761117961608156, 8.993244313460798e-06, 0.025566879457082307], [0.3479711656541505, 0.6333343509188757, 2.474687800504727e-05, 0.01866973654896874], [3.8522236467607886e-05, 0.9885775230482814, 4.8781139253271004e-08, 0.011383905934111664], [0.917980977974889, 0.06404809209224621, 4.6016471534206785e-09, 0.017970925331217785], [0.9975647855997165, 0.001979002873311181, 2.6668535976570634e-05, 0.00042954299099592013], [0.9952164177325984, 4.023431235612541e-06, 0.00471577467159421, 6.378416457160642e-05], [0.3690911261823455, 0.6308960003672288, 7.093444101680357e-06, 5.780006324014977e-06], [9.193828226936927e-05, 0.004309752821181354, 0.0004978410289364285, 0.9951004678676129], [1.0886380585352433e-06, 0.05593942130973935, 0.9440377771139672, 2.1712938234956186e-05], [0.0006565252769882396, 0.08297727765865325, 0.11161103630866152, 0.804755160755697], [0.004680827566557813, 0.9038821708088036, 0.08669809991348253, 0.0047389017111558705], [0.05088752314406012, 0.07406210068790493, 0.47308234109728875, 0.4019680350707462], [4.167096026069635e-12, 6.071458892662297e-06, 0.016120650366206694, 0.9838732781707336], [0.0009836210956958606, 0.00012998122568263373, 0.03532631714557006, 0.9635600805330515], [0.0008720593910684201, 0.9991154878673734, 1.2076282729912716e-05, 3.7645882841345924e-07], [3.583826002977334e-05, 0.05373827056176837, 0.8794302562952264, 0.06679563488297532], [1.166876517909941e-05, 3.146159998397996e-11, 1.1580279458825125e-10, 0.9999883310875566], [8.14394198490551e-05, 7.169314404504131e-05, 0.20486039920661087, 0.794986468229495], [0.7528658889840092, 0.10329367285227062, 0.009083170030177825, 0.13475726813354236], [0.0006465050015372253, 5.3029196725242286e-06, 0.9980861652516114, 0.0012620268271787724], [2.0985384344881188e-05, 2.5342625811162713e-05, 0.9999496588117117, 4.013178132274883e-06], [0.9956216969588512, 0.003974351967468937, 1.1791410428049053e-05, 0.0003921596632517124], [0.001562567115851876, 0.9984369936564601, 4.3649867845592617e-07, 2.7290096941523755e-09], [0.007157775994740391, 0.9922820613688422, 2.811456885332699e-06, 0.0005573511795317734], [0.9998785588356314, 7.304544119714969e-06, 0.00011268651122258001, 1.4501090263924418e-06], [5.1150268459645366e-05, 0.0039545273009245294, 0.10971607750177394, 0.886278244928842], [0.12238048485071766, 8.402745833281892e-05, 0.595409843041642, 0.28212564464930745], [0.7995879828190448, 0.0020773910151527476, 0.0005086944203896465, 0.19782593174541283], [0.00029969660336431794, 0.0038816956445746308, 0.011603527023934869, 0.9842150807281262], [0.02525950313361391, 0.09000079532092219, 0.1538265402194394, 0.7309131613260246], [2.411139951391121e-05, 0.0006811394845951524, 0.9968074173116005, 0.0024873318042905176], [0.002631346801681621, 0.03942512464314295, 0.9579147077446574, 2.8820810518134327e-05], [0.02287907771219764, 0.00686313484297379, 6.871360565688434e-06, 0.970250916084263], [0.35146301065075347, 2.0689584878453097e-07, 8.650283962751064e-09, 0.6485367738031139], [0.9999756024644764, 3.133513759453888e-06, 4.0828747065017415e-06, 1.718114705757872e-05], [0.7983544048223319, 0.2016071386417606, 1.017061817844131e-05, 2.82859177290225e-05], [0.9868022530589193, 0.003635718625715054, 6.403155673210269e-11, 0.009562028251334271], [0.00029079368699376235, 0.989948271716419, 1.5034373501041097e-07, 0.009760784252852307], [0.00042454759520069613, 0.9992468995740342, 4.0377930039025416e-07, 0.00032814905146469613], [0.6648270856823564, 0.33484800825607464, 6.1863848825190586e-12, 0.00032490605538256103], [0.3517002751835964, 0.005666409227077157, 5.1767898715079575e-06, 0.6426281387994548], [0.016698788205428368, 0.9775388567795644, 0.0028153162120597205, 0.0029470388029475976], [7.788782180134489e-05, 0.9999216727302824, 6.788395887972026e-09, 4.326595202267304e-07], [0.015499028572414846, 0.98445979687468, 3.371313319474094e-05, 7.461419710349625e-06], [0.9340868533223249, 0.0070010292608104225, 0.00505471503573241, 0.05385740238113218], [0.000671717859906106, 0.05277892908121105, 0.0022579051268389896, 0.9442914479320439], [0.7555648144124961, 0.00043605623252474624, 6.368760833153296e-06, 0.2439927605941459], [0.0037373638308896367, 0.14849770655453365, 0.8405698467886797, 0.0071950828258968615], [0.19442380417996122, 0.001080750722983355, 9.878428857932174e-06, 0.8044855666681975], [0.36114698044101157, 0.6233199394177815, 0.005111959146783324, 0.010421120994423539], [0.049917365523507326, 0.845671116321973, 0.10438591986651127, 2.5598288008442783e-05], [4.619078873735644e-05, 0.999945980191795, 1.4715755006635607e-12, 7.829017995909332e-06], [0.872124598781185, 0.055226441816374684, 0.07264412156156413, 4.83784087617258e-06], [0.07780579580536162, 0.9041525350247058, 0.007394797530524823, 0.010646871639407755], [0.948985781126687, 0.03112313778697369, 0.00021801685393451776, 0.019673064232404877], [0.016846091629235605, 0.0038928132028486326, 0.9788428796116025, 0.00041821555631333323], [0.0007133138818619761, 0.9990706760525948, 0.000166457854060013, 4.955221148333905e-05], [1.805295891745191e-07, 0.00017337502931998367, 0.998632393557626, 0.001194050883464917], [1.2835435799060872e-05, 0.9935696909906846, 0.006140121281070967, 0.0002773522924453819], [0.13823833574075875, 0.09123530812757927, 0.04084026438136179, 0.7296860917503002], [0.001623141605597112, 0.0013604599551437656, 0.6232952392405925, 0.37372115919866666], [2.9879462204070516e-06, 0.03920663613750962, 8.628020574758286e-07, 0.9607895131142125], [0.0019301808701049864, 0.5925155890554408, 0.0017530782134164758, 0.4038011518610379], [0.0013430749803453987, 0.06906740300181352, 0.9285645875055363, 0.0010249345123046303], [0.0004736559232661425, 0.9925422239820337, 0.00698231082681811, 1.8092678820648367e-06], [0.0020027949560942194, 0.9572515224768776, 6.142116173951226e-08, 0.040745621145866384], [0.6895201878311362, 0.00012951985656253293, 3.393496556128842e-06, 0.31034689881574506], [0.13637209503389688, 4.512686559658491e-07, 0.7693860494840724, 0.0942414042133748], [0.0009306458585495892, 0.008727893189655453, 0.9902833914166451, 5.806953514969545e-05], [0.7949045921309963, 0.20505367196035096, 2.647513139885946e-07, 4.14711573387996e-05], [0.0030843004756719787, 2.2796129364738405e-06, 0.9968315377611144, 8.188215027691896e-05]]}, "rewritten": {"ids": ["97105580", "97106000", "97106591", "97107920", "97112170", "97113260", "97116410", "97116500", "97118210", "98106560", "98107210", "98107410", "98109230", "98110810", "98111620", "98112170", "98117740", "99107560", "99107950", "99108080", "99108890", "99109311", "99109370", "99109840", "99112531", "99117630", "99119830", "100107920", "100108260", "100109000", "100109890", "100113210", "101108080", "101108290", "101108621", "101108950", "101110740", "101112160", "101113210", "102108621", "102110690", "102110750", "102112301", "102113350", "103110760", "103120730", "104111620", "104111830", "104111880", "104112470", "104113210", "104117200", "104118070", "105111990", "105113190", "105113330", "105113440", "105114220", "105115900", "105116980", "105117200", "105119950", "105121370", "106113170", "106114150", "106117770", "106120640", "107114321", "107114780", "107118520", "107118780", "107121230", "107121640", "108113760", "108114270", "108115970", "108116481", "108117451", "108118301", "108119510", "108120060", "108120621", "108121190", "108121410", "109113281", "109113591", "109114030", "109116170", "109117110", "109117730", "109118161", "109118231", "109120560", "110114610", "110115120", "110115250", "110115580", "110116170", "110116290", "110116300", "110116441", "110117200", "110119030", "110120540", "110121450", "110121500", "110121720", "111114171", "111116010", "111116110", "111116170", "111116411", "111116750", "111117571", "111119950", "112116290", "112116451", "112116540", "112117210", "112117431", "112117471", "112118161", "112118890", "112118930", "112119500", "112119580", "112119980", "112120270", "112120290", "112120990", "112121430", "113118490", "113118620", "113119120", "113119360", "113119450", "113120070", "113120640", "113121680", "113121750", "113122170", "113122650"], "labels": [1, 0, 1, 0, 0, 1, 3, 2, 2, 1, 1, 3, 1, 1, 3, 3, 2, 1, 1, 3, 0, 1, 1, 2, 3, 3, 1, 0, 3, 1, 3, 0, 0, 0, 0, 2, 3, 3, 3, 3, 0, 1, 1, 3, 1, 1, 0, 3, 3, 1, 3, 3, 2, 2, 3, 3, 0, 3, 3, 0, 3, 3, 2, 0, 1, 0, 3, 0, 2, 2, 1, 0, 1, 1, 3, 2, 0, 2, 1, 1, 1, 1, 1, 0, 0, 3, 1, 0, 1, 3, 0, 1, 1, 1, 0, 1, 1, 0, 2, 3, 3, 3, 0, 1, 3, 3, 3, 3, 1, 3, 0, 0, 3, 3, 0, 0, 0, 1, 1, 0, 3, 0, 3, 1, 2, 3, 0, 0, 1, 2, 2, 1, 3, 3, 0, 3, 2, 0, 1, 0, 1, 2], "predicted_labels": [2, 3, 1, 1, 0, 2, 3, 2, 2, 0, 2, 0, 2, 1, 0, 0, 2, 1, 3, 3, 1, 3, 2, 3, 3, 1, 2, 3, 0, 3, 2, 3, 0, 3, 1, 0, 1, 2, 3, 0, 1, 2, 3, 3, 1, 1, 1, 0, 2, 3, 0, 2, 2, 0, 3, 0, 1, 0, 0, 3, 3, 1, 2, 1, 0, 1, 1, 0, 1, 2, 0, 1, 2, 1, 2, 3, 3, 0, 3, 2, 1, 1, 3, 1, 3, 3, 1, 1, 1, 1, 1, 0, 2, 2, 0, 3, 0, 3, 2, 1, 0, 0, 3, 1, 0, 0, 0, 0, 2, 3, 1, 0, 3, 0, 0, 0, 0, 1, 1, 3, 3, 3, 0, 0, 2, 3, 3, 2, 1, 1, 1, 0, 1, 3, 3, 3, 2, 2, 3, 0, 1, 1], "confidence_scores": [[0.00016842751813426595, 3.2630762024069252e-06, 0.9996340733426945, 0.0001942360629687751], [4.8274530336695755e-05, 0.0009913555264876724, 0.001952294360747951, 0.9970080755824278], [0.00018158079000997354, 0.6676200309784915, 0.3316861515857391, 0.0005122366457594074], [0.01164885959149447, 0.9741968668438363, 8.971593656310305e-05, 0.014064557628105963], [0.9997238084943795, 3.332775351022946e-06, 3.179060836666632e-05, 0.000241068121902844], [1.2722966407308819e-05, 0.0026711387900203586, 0.9967290692010039, 0.0005870690425684897], [0.015696488332727302, 0.0003054982833882269, 0.054947255410034354, 0.9290507579738501], [0.06194735007943177, 0.014972118677731362, 0.4752391084974864, 0.44784142274535044], [0.3265293083259676, 0.0026079684827784617, 0.6470179329975294, 0.023844790193724538], [0.9748237664802871, 0.001036423228189293, 0.010762581143039233, 0.013377229148484583], [1.324690927151453e-07, 0.028207586451152178, 0.971678842763487, 0.00011343831626828693], [0.999990251641527, 2.312810417567515e-07, 7.857850227029636e-06, 1.6592272042994811e-06], [0.0009109003974435249, 1.5379166401120156e-08, 0.9990293934086174, 5.969081477286574e-05], [0.0006010752403121989, 0.6665672624226153, 0.31667178848794864, 0.01615987384912385], [0.8321064920286555, 0.01402231144114512, 0.05892643706902649, 0.09494475946117276], [0.8433901896904181, 0.10925849095992868, 0.04720959550896546, 0.00014172384068780993], [0.00046847129042089684, 0.04172621890307108, 0.9244598816977507, 0.0333454281087572], [0.3679214178673999, 0.6319397041195856, 1.0741325399845028e-06, 0.00013780388047455314], [2.4328525142675176e-10, 9.565146030389037e-06, 0.00046504597944386984, 0.9995253886312404], [0.3216785000868896, 0.0961647070999866, 9.646413571080342e-07, 0.5821558281717667], [1.956995958815519e-06, 0.9992374183650787, 1.2925091397709337e-07, 0.0007604953880485217], [0.002737876434940499, 0.0003549260754740465, 0.2558662860418327, 0.7410409114477527], [0.0012848200141828989, 0.03541353456371646, 0.4941939832321781, 0.46910766218992267], [0.001635131963579685, 0.024374187474237745, 0.09656513612558142, 0.8774255444366011], [0.010562019362361069, 9.852197477295047e-05, 5.3897283750836284e-09, 0.9893394532731377], [0.0009751047368660827, 0.9953376083455864, 4.089332133954769e-05, 0.00364639359620789], [7.397092111171167e-08, 0.01666159158492573, 0.9185401438598509, 0.06479819058430221], [0.16533428190546576, 5.39333113979018e-06, 0.010939275564862837, 0.8237210491985316], [0.9845482012435592, 0.0001875359792405206, 5.525036803633475e-05, 0.015209012409164205], [0.02086976252044044, 0.004791378950668919, 0.023839385940660655, 0.9504994725882301], [0.028433251741345977, 0.12282332610632035, 0.8476758131939736, 0.0010676089583599965], [0.11362414736097741, 0.01198280026266468, 2.2516016057713996e-05, 0.8743705363603002], [0.9796331032763076, 9.281698163505898e-06, 1.0320074232188549e-07, 0.020357511824786626], [7.023749646495876e-05, 0.007371666606015135, 0.005251757170913093, 0.9873063387266069], [3.2785036965149656e-05, 0.9958504120518685, 1.6328155588214224e-07, 0.004116639629610606], [0.5943238495257117, 1.048771094910906e-05, 0.36172355172661924, 0.04394211103672008], [0.00014154974136073564, 0.5453374292316034, 0.4540250208662384, 0.0004960001607974656], [0.00021184662606676326, 1.1987041553709028e-05, 0.9995625695987731, 0.00021359673360642288], [0.017915642086737515, 0.0031334563261532877, 0.004100494444230602, 0.9748504071428785], [0.9984228034010935, 0.0013375511299627315, 5.069544476680019e-06, 0.00023457592446714888], [0.21985230092656718, 0.7717745926778647, 5.055384270728613e-05, 0.008322552552860706], [0.01414298871527473, 0.10265318255793218, 0.8831466567384002, 5.717198839283195e-05], [0.01063063061164976, 7.447298437363407e-05, 0.4001295764074982, 0.5891653199964785], [2.1236513713632507e-05, 1.883934321384896e-06, 0.00014575435433199552, 0.9998311251976331], [0.0006111261186329696, 0.9983190648879439, 6.285074210613625e-07, 0.001069180486002053], [4.142640489003188e-05, 0.9999493479613148, 9.023134978772262e-06, 2.0249881656252508e-07], [0.1508635467365767, 0.8458593008268036, 1.3415716231069077e-06, 0.003275810864996761], [0.6799702577978127, 0.23028422869731155, 0.03270434727380776, 0.057041166231067926], [0.0011454452336645297, 3.608474729679587e-07, 0.9646975176575058, 0.03415667626135672], [2.2860985589051085e-05, 0.20072382721934928, 0.09007583007890033, 0.7091774817161614], [0.6540309457304337, 0.3248638851573307, 0.015275055147478993, 0.005830113964756609], [3.942444999559211e-06, 0.052841833887251284, 0.941612139309192, 0.005542084358557166], [0.006758306650526448, 1.7194083339961131e-06, 0.9932136910727559, 2.6282868383632495e-05], [0.8211536940738976, 0.08326346943714927, 3.1996336140318552e-06, 0.09557963685533923], [1.324034139168668e-06, 4.762032648733e-06, 1.5769136705434578e-05, 0.9999781447965066], [0.9939218947430603, 0.0028501257251631953, 0.0005070250431046265, 0.002720954488671931], [0.010901281107208486, 0.9742813401134456, 0.0013610904032598454, 0.013456288376086076], [0.9894750973344111, 0.0005013274548259499, 5.481051658776506e-05, 0.009968764694175314], [0.99188015798628, 1.2205164107523798e-05, 0.005333296867367212, 0.002774339982245215], [0.022757636520920863, 0.2590471738098909, 0.0005967838013787714, 0.7175984058678094], [0.001808365734221291, 4.661989220716334e-06, 0.0006295337702201363, 0.9975574385063378], [0.013350080355996996, 0.9668110532743055, 0.00017536806786087072, 0.01966349830183658], [2.279517047427181e-07, 0.010637416955229654, 0.9893617041086977, 6.509843678812491e-07], [0.029079857437397615, 0.9677944807846686, 1.7559291895804832e-09, 0.003125660022004755], [0.9554810859707493, 0.0009819958261354006, 0.004094675703236864, 0.03944224249987841], [6.368660181459051e-08, 0.9991999087615161, 2.5427895277746383e-05, 0.0007745996566045086], [1.0099051844570907e-08, 0.9998256577339122, 0.00017264889737661696, 1.683269659417131e-06], [0.8568126674415685, 0.008550012154731449, 0.10177861275738538, 0.03285870764631476], [4.425665449487703e-06, 0.9999235454163333, 2.9606906303249744e-05, 4.242201191387401e-05], [0.0002547506661475834, 0.0005897975889521091, 0.9991475833429704, 7.868401929918265e-06], [0.5291288138964325, 0.45953787901172855, 1.2531509303170481e-07, 0.011333181776746044], [1.534459445764503e-05, 0.9569138644045878, 2.6996604599713863e-06, 0.04306809134049456], [0.013282860670211257, 0.02413067389789915, 0.9617984652875873, 0.0007880001443023582], [0.02826185784332571, 0.971586792596365, 0.0001447946682332473, 6.554892075962527e-06], [2.5690533953779134e-05, 0.14011129210481768, 0.7480404079798048, 0.1118226093814237], [3.0987109176767825e-06, 1.4000795707633039e-12, 1.1293759263441746e-11, 0.9999969012763885], [0.0823235683580929, 1.6664132970933338e-05, 4.454761419263324e-07, 0.9176593220327943], [0.9999994648947533, 1.9808340952531046e-10, 2.3814885986523764e-10, 5.346690141985872e-07], [0.014980906345541695, 0.0005875851505309692, 0.0003452396764685087, 0.9840862688274589], [0.14117674435008534, 3.1553795401525556e-05, 0.8453872785729568, 0.013404423281556234], [2.9853166679238595e-05, 0.5385047144985553, 0.4614548979975553, 1.053433721009354e-05], [0.115594677070065, 0.8844030869679715, 9.613463232462607e-07, 1.2746156403694032e-06], [0.004580822253528571, 0.07380467440434486, 0.017065901073374842, 0.9045486022687517], [0.1554704377237534, 0.8405783760847418, 4.277294898124775e-06, 0.0039469088966065675], [0.03270513615715372, 1.5656293935754688e-06, 3.4846005777117867e-12, 0.9672932982099682], [0.0013042192978675589, 0.2282194620594902, 1.2286151168222807e-06, 0.7704750900275255], [7.68880153791522e-09, 0.9999974590004398, 5.8678218897557e-07, 1.9465285696289746e-06], [1.544437132652622e-05, 0.9995561613540338, 1.563109208093982e-09, 0.0004283927115304391], [0.07318506657214686, 0.8973907233245211, 9.78977740689504e-05, 0.029326312329263294], [0.22354423877991658, 0.7455233393558993, 0.029271891150064278, 0.0016605307141197546], [5.053070632808047e-07, 0.9999943102931586, 6.922043676815404e-08, 5.115179341379222e-06], [0.999175701533641, 0.0008123668247021217, 1.1239540613120891e-05, 6.92101043747689e-07], [1.2192318695204917e-09, 0.003929194228636147, 0.9836593292605622, 0.012411475291569739], [0.0025887220663848376, 0.027188666864231787, 0.9699847862570837, 0.00023782481229961126], [0.9999486704432058, 3.7628629841822586e-06, 6.4476651819433075e-06, 4.111902862792695e-05], [0.011447323118668551, 2.0947455940388344e-05, 3.4157079476502705e-06, 0.9885283137174434], [0.9942446811537979, 2.098039081156953e-05, 0.0046435174815991735, 0.0010908209737911958], [0.3766771960201274, 0.030405816330403897, 1.7550729914379531e-07, 0.5929168121421695], [0.31582033281708166, 0.011716755736587214, 0.6723774011565516, 8.551028977942897e-05], [0.00025465561445854276, 0.999230652991009, 0.00028802502995994953, 0.00022666636457253], [0.962062194818322, 0.0012791662162033569, 0.036565837413498344, 9.280155197630816e-05], [0.9992723438225883, 0.0006640396032774362, 4.9760575247205e-06, 5.8640516609668626e-05], [0.04706146840889312, 0.07399186094593564, 0.04156814693299905, 0.8373785237121721], [0.04629839597317778, 0.7371614174003152, 0.2164016267720228, 0.00013855985448430266], [0.698829533008778, 0.014518384598907728, 9.809522635244128e-05, 0.28655398716596164], [0.9779620516546981, 0.01668094360553991, 0.0012713713165204946, 0.004085633423241623], [0.6788598838792829, 0.1528919285757937, 0.14346941810725458, 0.02477876943766874], [0.9613951362993868, 5.033964615458365e-05, 1.3074690121020535e-11, 0.03855452404138383], [0.008511899553824252, 0.14824462139987676, 0.84292118288143, 0.0003222961648689001], [0.00017520067215559174, 4.620371569888172e-06, 6.10112575834753e-05, 0.999759167698691], [0.0011360652801408165, 0.9987188597986033, 3.1818170016163854e-10, 0.00014507460307425837], [0.9226736146804982, 0.0015564292874318123, 2.526119752487422e-12, 0.07576995602954383], [0.013401153481632367, 1.1385887508005836e-07, 0.0013079852257622542, 0.9852907474337302], [0.9855199491507141, 0.0004634344685764393, 0.0005906493468127455, 0.013425967033896678], [0.7120431065330136, 1.8422445334271102e-05, 0.0009351116266627717, 0.2870033593949895], [0.7071351963557647, 0.0006168391695244914, 3.992317030937073e-06, 0.29224397215768], [0.9779206252959894, 0.021971389006711604, 6.520894504980473e-05, 4.277675224929341e-05], [0.05892624200574883, 0.9387474363019679, 1.588677710832584e-06, 0.0023247330145724676], [0.1795780641611994, 0.8101558880740432, 0.010166378512982237, 9.966925177525438e-05], [0.4304207952483945, 0.002866318687450941, 4.623638207422121e-05, 0.5666666496820804], [3.158915172706151e-07, 0.07432663517266792, 2.0114076984895254e-06, 0.9256710375281163], [6.155758465743378e-06, 0.12276877058045432, 7.351426696866608e-07, 0.8772243385184103], [0.966980312494133, 0.023809775291797983, 2.6138083128976432e-08, 0.00920988607598593], [0.9890380823055601, 4.233839280184288e-06, 0.002879706976272833, 0.00807797687888699], [0.0024118713820216508, 0.00782046018820951, 0.9897659932441067, 1.6751856621332228e-06], [5.3370382418267455e-05, 0.007111388870419585, 0.2710520203624377, 0.7217832203847245], [1.843932889056026e-08, 2.0070023506536908e-06, 2.9989512861039967e-06, 0.9999949756070343], [5.642267298283743e-05, 0.029142996845332312, 0.9684652032743822, 0.0023353772073026273], [0.001578872285123582, 0.9969013521514329, 0.0015114909727451573, 8.284590698366933e-06], [0.0064166058998052725, 0.627752573483144, 0.001296008314261017, 0.3645348123027896], [0.0343477051850592, 0.9642869501423106, 0.0006177046931627866, 0.0007476399794674233], [0.6737075901754753, 2.3291661272784232e-05, 0.32609600251005033, 0.00017311565320153285], [0.0024766556394730656, 0.9975158080075209, 5.282165933866542e-07, 7.008136412702153e-06], [0.017003601124083074, 0.02562098418424233, 0.03356028352242319, 0.9238151311692514], [0.20096898455814105, 0.00431394668306639, 6.898178497526119e-05, 0.7946480869738173], [0.19527329808486432, 1.2401117831391908e-05, 1.165352742961578e-05, 0.8047026472698746], [7.119240470778328e-05, 0.006423420031498485, 0.9895599018777335, 0.0039454856860604405], [2.3335970553237492e-05, 0.039190516719551226, 0.5681543695828972, 0.3926317777269982], [0.0008476294034278881, 0.053855019882277, 0.18858198588925998, 0.7567153648250351], [0.6999661096525824, 0.2809104521841886, 1.3056424576737e-07, 0.01912330759898326], [2.3938540176542246e-05, 0.9249469300308787, 0.0033106796291317445, 0.07171845179981294], [0.11929114608763415, 0.4301636980293227, 0.28044210216990595, 0.17010305371313728]]}}