{"test": {"ids": ["106118520", "113120780", "98107340", "102121700", "113121680", "98116940", "101108580", "112118550", "111116100", "111118810", "103110840", "106113360", "100111620", "104113190", "112119930", "106116820", "99120010", "111114941", "104114240", "100109980", "98116090", "105113260", "110113931", "104111830", "110120700", "99121440", "106114150", "113120280", "110120531", "98111860", "111117480", "109117271", "108113620", "108116501", "111121220", "109117730", "110117870", "100108080", "98108410", "101112540", "112116990", "103117461", "100113210", "108118060", "109118161", "112121351", "106113170", "107112850", "107114140", "112117790", "106114011", "97107821", "101109000", "111118820", "99108330", "111116290", "112118471", "108120280", "100108260", "103111830", "101110740", "98110680", "99112840", "109116040", "99111000", "98111670", "99117740", "100117420", "113122190", "110117200", "107116501", "113119300", "105115250", "108121351", "102109850", "107113130", "113121190", "109115211", "112118890", "108115970", "108113480", "99107640", "113117340", "109121640", "105121190", "110117110", "111120640", "110114720", "105117351", "103111930", "105116650", "99108010", "97113260", "105113480", "113118111", "106117770", "99111620", "103109021", "107114780", "97116500", "107113260", "107115140", "112116290", "111119250", "112119980", "113119950", "107120130", "97106970", "107121640", "106121220", "105112240", "105116860", "97107950", "113118490", "101108460", "101119591", "102108621", "113119340", "104114410", "97106770", "97112290", "97106000", "97108520", "103113101", "109118701", "110118450", "104113170", "110118630", "103111620", "111119930", "113121810", "105115680", "99109161", "103109791", "112121430", "108115070", "99119830", "104113000", "103111990", "108114040", "108119550", "110121500"], "labels": [2, 0, 0, 1, 1, 2, 0, 3, 3, 0, 1, 0, 3, 3, 1, 1, 2, 0, 0, 1, 0, 3, 1, 3, 2, 2, 1, 0, 0, 0, 1, 0, 3, 0, 3, 3, 3, 0, 1, 2, 0, 0, 0, 1, 0, 0, 0, 1, 2, 3, 1, 2, 1, 0, 1, 2, 1, 3, 3, 3, 3, 2, 2, 0, 2, 1, 2, 2, 1, 3, 1, 1, 2, 3, 1, 1, 1, 0, 3, 2, 0, 1, 2, 0, 2, 0, 0, 3, 0, 3, 1, 2, 1, 0, 1, 0, 3, 0, 2, 2, 0, 0, 0, 1, 0, 0, 2, 2, 1, 1, 1, 2, 2, 1, 0, 0, 3, 0, 1, 3, 1, 0, 2, 3, 3, 0, 3, 1, 0, 1, 2, 2, 3, 3, 2, 1, 1, 1, 2, 0, 1, 3], "predicted_labels": [0, 0, 3, 1, 3, 1, 0, 3, 3, 3, 0, 1, 2, 1, 1, 3, 2, 3, 1, 0, 1, 3, 1, 3, 3, 1, 1, 0, 3, 2, 0, 0, 1, 2, 0, 0, 3, 1, 0, 2, 0, 3, 1, 1, 1, 3, 1, 1, 1, 0, 1, 3, 1, 3, 1, 1, 1, 2, 0, 0, 1, 2, 3, 3, 2, 3, 0, 2, 0, 0, 3, 3, 0, 3, 2, 2, 1, 3, 0, 3, 3, 3, 1, 1, 2, 1, 1, 2, 0, 1, 0, 1, 3, 1, 3, 1, 3, 3, 3, 2, 3, 3, 1, 3, 3, 0, 1, 2, 2, 0, 0, 1, 3, 0, 1, 0, 0, 3, 3, 0, 3, 3, 0, 3, 3, 2, 2, 3, 0, 1, 2, 1, 0, 2, 1, 1, 3, 3, 1, 2, 3, 1], "confidence_scores": [[0.5355704393762593, 0.17516802864764816, 0.0001536782769851407, 0.2891078536991074], [0.9997569897566622, 6.533236859480864e-05, 1.1899572469397313e-08, 0.000177665975170744], [6.6254353653789465e-09, 8.10339432011851e-06, 0.0335807726756271, 0.9664111173046175], [8.824556260543973e-05, 0.9999066693416111, 1.1679900112730008e-07, 4.9682967821516815e-06], [8.683425883918827e-06, 0.00808881996036789, 6.950438096505795e-05, 0.9918329922327832], [0.0032699073056394307, 0.9947798519089718, 0.0006468175812284539, 0.0013034232041602386], [0.7255512581719139, 4.502778108719391e-05, 0.2554712318724514, 0.018932482174547474], [0.44678825960522806, 1.1202712486133227e-05, 9.012094762484266e-06, 0.5531915255875233], [0.03712702601265258, 0.007712894819241298, 8.417503157251242e-07, 0.9551592374177904], [0.2790727555535831, 0.011309448869330743, 1.3872864279284153e-06, 0.7096164082906582], [0.9601659797991579, 0.0005932818501582569, 0.0199658378217506, 0.019274900528933374], [0.009386413295783849, 0.9906123160058914, 7.37917648792404e-07, 5.327806761118916e-07], [0.001077041712178232, 0.02055288598729437, 0.9746024832572823, 0.0037675890432450065], [0.4741100756572869, 0.49961247309136775, 0.006022385483156504, 0.020255065768188772], [0.0008947611628754851, 0.9945264343188659, 0.0034267995262676006, 0.0011520049919909992], [3.892028320502987e-07, 3.0580143803520546e-05, 1.9009892306579548e-07, 0.9999688405544414], [1.361129452141257e-07, 3.5011992811182232e-06, 0.9999955648288897, 7.978588838999771e-07], [0.011099600930327441, 0.02447626285966604, 4.0337217467289096e-07, 0.9644237328378318], [0.0020129240648642122, 0.9769292265364335, 0.0005933256579806309, 0.020464523740721566], [0.9993665685667299, 4.15878941359908e-05, 3.86821444210252e-07, 0.0005914567176897456], [0.003261246517776622, 0.8924045484744577, 0.10433270313774948, 1.5018700162127643e-06], [2.044158780959058e-08, 0.0001651592247849074, 5.132542641141216e-05, 0.999783494907216], [2.4033301949891723e-06, 0.9929321348993126, 3.782988320531367e-07, 0.007065083471660314], [2.5368240221587697e-05, 0.004713145381387694, 0.042590089696643116, 0.9526713966817476], [5.345531470990035e-06, 1.581186090692392e-05, 2.9711750980344023e-05, 0.9999491308566418], [1.5685545615918548e-08, 0.9999958708102076, 4.112324552359282e-06, 1.1796943900190212e-09], [0.007204454502590897, 0.8252563261918825, 0.10184008718303161, 0.06569913212249495], [0.9906944015564455, 6.919296037579046e-08, 3.423449333778772e-07, 0.009305186905660597], [1.2310855089910904e-07, 1.0475517444989528e-06, 4.836994577732702e-07, 0.9999983456402468], [5.002864071830513e-05, 0.0011640298877051783, 0.9987766059727693, 9.335498807174245e-06], [0.9926274355517594, 4.0413522475656565e-05, 0.00025850841654865344, 0.007073642509216338], [0.5809516396119734, 0.0003029763756663901, 1.7907926815351824e-06, 0.41874359321967874], [0.1960344041497508, 0.6570325883800494, 4.5443585217458496e-05, 0.1468875638849825], [0.06146129468500551, 0.07093167798315604, 0.6839115505355096, 0.18369547679632908], [0.9196191243482823, 0.0803321080241189, 4.4626297311380914e-05, 4.141330287367267e-06], [0.9988728340566173, 0.00088970503636607, 1.2295376616556436e-08, 0.0002374486116399888], [0.00015409821448654417, 1.1524259637000632e-07, 0.004663280564761581, 0.9951825059781556], [5.195003590150738e-07, 0.9988105171324552, 2.2718064394392364e-05, 0.0011662453027913903], [0.904113602931747, 0.09587849260253327, 1.0319102187950573e-06, 6.872555500926948e-06], [2.528223776224016e-08, 0.004598759048324587, 0.8199989955700253, 0.17540222009941242], [0.9911028888414556, 1.8793741875712488e-06, 2.5856224844477697e-05, 0.008869375559512227], [1.1147938041914214e-05, 0.19105471904879429, 0.035815712507989525, 0.7731184205051744], [0.41024964358948074, 0.5295049229199725, 0.00010044284947552074, 0.060144990641071185], [2.4263228327101607e-06, 0.9879274276244985, 0.012066820518633775, 3.325534035053259e-06], [7.321845246378243e-07, 0.9999983967413344, 7.504028922662835e-09, 8.635701119970919e-07], [0.2958515863431033, 3.5573358989943094e-08, 4.1646526735986333e-07, 0.7041479616182702], [3.904630990591392e-06, 0.9936491122534806, 1.9097638511945685e-08, 0.006346964017890179], [0.00728995856435454, 0.9525559627090201, 0.002613112183961836, 0.037540966542663444], [0.002664003245651667, 0.9973218014893106, 1.3723725812844501e-06, 1.2822892456355242e-05], [0.9868605995392439, 8.036992440207574e-05, 0.00011501442423946214, 0.012944016112114591], [0.0043620140970878395, 0.9905802621952304, 4.748454261958967e-07, 0.005057248862255411], [0.04131822022507984, 0.05472013655790437, 0.00016991887235475494, 0.903791724344661], [0.000459927498936567, 0.6770818675278798, 0.30206665765940527, 0.02039154731377852], [0.3960499548261631, 1.0526823031573617e-06, 1.990139818687215e-07, 0.6039487934775518], [0.004002017975383791, 0.9869042493901754, 0.0030118032514856808, 0.006081929382955076], [0.008925115219985897, 0.9888911826052175, 0.0020769298840463703, 0.00010677229075033527], [5.704282483454521e-05, 0.8361477327484999, 0.16379522226326276, 2.163402825461719e-09], [0.06586170981419423, 0.003993738591134857, 0.6990328640012724, 0.23111168759339848], [0.7030194687120908, 0.23593735515871242, 0.01128221811316353, 0.049760958016033204], [0.9754717916399303, 0.002197570459724189, 0.0010570880530896905, 0.021273549847255817], [0.014551669804473382, 0.8957847186025875, 0.08861465761449897, 0.001048953978440253], [1.0812853642245518e-06, 0.002048931990273195, 0.9979152476941819, 3.4739030180663735e-05], [0.022092099783325148, 0.1315753392219389, 3.6001988774267876e-05, 0.8462965590059617], [0.1067325323469955, 1.974933828172215e-05, 0.008350138326068596, 0.8848975799886541], [2.025027010049585e-06, 0.01832500086589496, 0.9751790483228525, 0.006493925784242593], [2.600977456645445e-07, 4.155847443198024e-06, 0.0004209081806704394, 0.9995746758741407], [0.7831263431775388, 8.18261154183126e-05, 0.21655912420886647, 0.00023270649817638397], [4.11268776266956e-12, 2.48836310337259e-11, 0.9999999074674505, 9.250355311283163e-08], [0.6447758012580721, 0.010196327234196511, 0.2324541174032537, 0.1125737541044776], [0.9986547421851805, 1.3243081028429998e-05, 0.001330396001080542, 1.6187327107707993e-06], [0.11230576251158492, 0.03371163269743608, 2.288545886200831e-06, 0.8539803162450927], [1.937063117541213e-06, 1.0677038036410427e-06, 2.1875679711933486e-08, 0.9999969733573991], [0.9925439599677889, 1.64786507944282e-05, 0.0001265086685715462, 0.007313052712845052], [2.922218575951784e-06, 1.2439273120027168e-05, 7.74943062235131e-06, 0.9999768890776816], [0.02320344591075505, 0.4217738700436505, 0.5523104788247606, 0.002712205220833818], [7.677930551105177e-06, 0.0020865363615967833, 0.997900024074847, 5.7616330048950825e-06], [0.0061097705766037635, 0.9893057590859823, 0.00038770843896113503, 0.004196761898452656], [0.0004621350638137743, 3.64455972202229e-05, 0.00042139211914873556, 0.9990800272198173], [0.9943439833032387, 0.0001696846164278864, 2.249006331292377e-06, 0.00548408307400198], [7.020212719211204e-07, 2.8042357755968546e-06, 9.650347712859081e-08, 0.9999963972394753], [0.10640665241851582, 6.481303528599292e-05, 0.003686206438184533, 0.8898423281080137], [1.551177948631849e-07, 4.6593647826905475e-05, 0.000321416583855809, 0.9996318346505223], [6.50743243632743e-05, 0.9780954324003397, 3.52781100532998e-05, 0.02180421516524379], [0.11863245781296851, 0.7960957750936599, 0.019272011280628713, 0.06599975581274302], [1.02609606462896e-06, 2.180484801648852e-05, 0.9574755019651816, 0.042501667090737265], [0.007156242217068944, 0.7373570716041725, 0.25392617956762636, 0.0015605066111321708], [0.018140801822862603, 0.9812604992183347, 1.9621757489157017e-09, 0.0005986969966269822], [0.013137540330946228, 0.0018090399196993802, 0.9792815463545261, 0.00577187339482819], [0.7108869942620945, 0.0003540060212764249, 0.007186594201289213, 0.2815724055153399], [0.29841776121882063, 0.6461038780299893, 0.00011173322320928997, 0.05536662752798083], [0.5421529779880683, 0.02405337231282584, 0.4337518218495371, 4.182784956886566e-05], [0.00011863725527368821, 0.9577383359048677, 0.036615193954622254, 0.00552783288523606], [2.501307416163738e-12, 2.2965833029994742e-08, 6.787848850114548e-07, 0.9999992982467807], [0.00013059599591388395, 0.9033273385544726, 0.016967542860750764, 0.07957452258886283], [0.03751248683119822, 0.031946149530986664, 0.0002728288034785207, 0.9302685348343366], [0.40166828482714456, 0.598111017788019, 0.000155132005814527, 6.556537902184795e-05], [9.861006595785918e-07, 0.00835756475211036, 0.00010773389779169694, 0.9915337152494385], [0.03024097417135809, 1.93695307646261e-06, 1.5522798939512287e-05, 0.969741566076626], [0.12606801044681448, 0.3390324148996042, 0.005822558139576229, 0.5290770165140051], [0.02279879877870886, 0.16078125687531822, 0.8060317340470512, 0.010388210298921792], [0.006633597718234484, 0.3528073625390674, 0.006305878799254393, 0.6342531609434438], [2.2855066168428023e-07, 2.2336563401622546e-06, 2.0561709992717293e-05, 0.9999769760830054], [0.08847990770864662, 0.9113621588573017, 4.476151396963552e-05, 0.00011317192008200033], [3.858182272268025e-06, 0.07847762597822831, 0.18220162940176282, 0.7393168864377366], [0.00013062523346501275, 9.835915989121534e-05, 1.7866028804522549e-06, 0.9997692290037632], [0.9779720899430964, 0.018781093402995445, 8.517185733823014e-05, 0.0031616447965699688], [0.004315781074681768, 0.9952023329447252, 0.0004804623649763355, 1.423615617062457e-06], [5.758353620377893e-05, 0.09431704764953534, 0.8500156052895599, 0.05560976352470096], [0.02585872898965712, 0.07434343275370917, 0.7889325788927217, 0.11086525936391206], [0.9563793609297455, 1.890180495676722e-05, 6.559193183728785e-05, 0.0435361453334602], [0.5903799441486661, 0.4027435439094862, 0.0010602548951113356, 0.005816257046736221], [2.1089696403473924e-07, 0.99943090444762, 6.095456190198635e-07, 0.000568275109796876], [8.76838046024332e-06, 1.9494332658095008e-09, 8.933810476943442e-06, 0.9999822958596296], [0.9721318043671406, 0.0014078389756356897, 0.013381151094024409, 0.013079205563199168], [0.10317252916188732, 0.5338858360881851, 0.031426549249805466, 0.3315150855001221], [0.8361006841151735, 0.0005945084843063916, 2.392985421826849e-06, 0.16330241441509827], [0.9845816090508587, 0.00019379020838415943, 0.00010946587042386258, 0.01511513487033316], [0.0353502248178934, 0.3890191726829682, 1.2954920210390008e-05, 0.5756176475789281], [0.0018716241580224936, 1.837094157999205e-06, 1.9126173544850443e-05, 0.9981074125742746], [0.9744254885704193, 0.005982600494212233, 0.01910891944154713, 0.0004829914938214047], [0.01706544020204963, 0.005055051816304141, 0.0017421183758247944, 0.9761373896058215], [0.0001814020715443825, 0.00016813743232086677, 0.16423613380136473, 0.8354143266947701], [0.9924674272769388, 0.006547109174207732, 0.0009620036774685107, 2.3459871385145474e-05], [0.0009143514599178555, 0.01558724655364772, 0.06994625718979706, 0.9135521447966373], [1.7621873405998722e-05, 8.899414345595355e-06, 2.3223070890337506e-09, 0.9999734763899413], [3.560037839440151e-05, 0.004357206253421551, 0.9954995269474238, 0.00010766642076017176], [4.484877084231544e-06, 0.2763971309903302, 0.7149505812635335, 0.008647802869052045], [2.520770774454963e-06, 5.4220631944755124e-05, 0.0016597469007145877, 0.9982835116965662], [0.9449095665386322, 0.03776555011043651, 0.016718267105914158, 0.000606616245017146], [0.2014915914136872, 0.6875929154772822, 0.10986759864483152, 0.0010478944641990925], [0.0015442065133770642, 0.009055961415205425, 0.9893998296033583, 2.468059317601484e-09], [3.1644999093989925e-08, 0.9954444366226625, 0.004523306433762355, 3.222529857615305e-05], [0.7771089341006856, 4.767876400312757e-05, 0.22284213910862186, 1.248026689202902e-06], [4.6826938250767865e-07, 4.9891670900677155e-06, 0.7694632897940371, 0.2305312527694902], [0.034448376158308876, 0.9291571123315955, 0.00255966909009702, 0.03383484241999858], [0.000981294370422905, 0.9968252992139408, 0.000655579910783595, 0.0015378265048527795], [0.01119808996876705, 0.24966293371884637, 0.2693713708997007, 0.469767605412686], [0.0004989014468552738, 2.1777441587665998e-06, 0.01032234227847977, 0.9891765785305062], [3.156982086236472e-05, 0.999833842350609, 0.00013455302111351202, 3.480741517821734e-08], [0.07667492087154237, 0.0020040812441350832, 0.6371895120218384, 0.2841314858624843], [4.749868816584138e-05, 0.0004643331701222141, 0.0005589820044353194, 0.9989291861372765], [0.26448736412685897, 0.7348252738039593, 7.38537649244466e-09, 0.0006873546838052255]]}, "rewritten": {"ids": ["97106000", "97106770", "97106970", "97107821", "97107950", "97108520", "97112290", "97113260", "97116500", "98107340", "98108410", "98110680", "98111670", "98111860", "98116090", "98116940", "99107640", "99108010", "99108330", "99109161", "99111000", "99111620", "99112840", "99117740", "99119830", "99120010", "99121440", "100108080", "100108260", "100109980", "100111620", "100113210", "100117420", "101108460", "101108580", "101109000", "101110740", "101112540", "101119591", "102108621", "102109850", "102121700", "103109021", "103109791", "103110840", "103111620", "103111830", "103111930", "103111990", "103113101", "103117461", "104111830", "104113000", "104113170", "104113190", "104114240", "104114410", "105112240", "105113260", "105113480", "105115250", "105115680", "105116650", "105116860", "105117351", "105121190", "106113170", "106113360", "106114011", "106114150", "106116820", "106117770", "106118520", "106121220", "107112850", "107113130", "107113260", "107114140", "107114780", "107115140", "107116501", "107120130", "107121640", "108113480", "108113620", "108114040", "108115070", "108115970", "108116501", "108118060", "108119550", "108120280", "108121351", "109115211", "109116040", "109117271", "109117730", "109118161", "109118701", "109121640", "110113931", "110114720", "110117110", "110117200", "110117870", "110118450", "110118630", "110120531", "110120700", "110121500", "111114941", "111116100", "111116290", "111117480", "111118810", "111118820", "111119250", "111119930", "111120640", "111121220", "112116290", "112116990", "112117790", "112118471", "112118550", "112118890", "112119930", "112119980", "112121351", "112121430", "113117340", "113118111", "113118490", "113119300", "113119340", "113119950", "113120280", "113120780", "113121190", "113121680", "113121810", "113122190"], "labels": [0, 3, 2, 2, 2, 2, 1, 1, 2, 0, 1, 2, 1, 0, 0, 2, 1, 2, 1, 3, 2, 3, 2, 2, 1, 2, 2, 0, 3, 1, 3, 0, 2, 0, 0, 1, 3, 2, 0, 3, 1, 1, 0, 3, 1, 0, 3, 3, 2, 3, 0, 3, 1, 3, 3, 0, 1, 1, 3, 0, 2, 2, 1, 2, 0, 2, 0, 0, 1, 1, 1, 0, 2, 1, 1, 1, 0, 2, 2, 0, 1, 2, 1, 0, 3, 0, 1, 2, 0, 1, 1, 3, 3, 0, 0, 0, 3, 0, 3, 0, 1, 3, 0, 3, 3, 0, 1, 0, 2, 3, 0, 3, 2, 1, 0, 0, 1, 1, 0, 3, 0, 0, 3, 1, 3, 3, 1, 0, 0, 2, 2, 1, 1, 1, 0, 0, 0, 0, 1, 1, 2, 1], "predicted_labels": [3, 0, 3, 3, 3, 3, 0, 3, 2, 3, 1, 2, 3, 2, 1, 1, 3, 1, 3, 2, 2, 3, 3, 2, 1, 2, 1, 1, 0, 3, 3, 0, 2, 3, 0, 2, 2, 2, 0, 3, 1, 1, 3, 2, 0, 0, 0, 1, 1, 3, 3, 2, 3, 1, 1, 1, 3, 1, 3, 1, 0, 1, 0, 1, 0, 3, 1, 1, 1, 0, 3, 0, 0, 0, 1, 2, 1, 1, 3, 3, 3, 1, 3, 3, 0, 0, 3, 3, 1, 1, 3, 2, 3, 3, 3, 0, 0, 0, 3, 0, 1, 2, 2, 0, 3, 2, 3, 3, 3, 0, 3, 3, 0, 0, 3, 3, 2, 0, 1, 0, 0, 0, 0, 1, 3, 0, 1, 3, 3, 1, 1, 1, 0, 3, 3, 0, 0, 0, 1, 3, 2, 2], "confidence_scores": [[0.001610778025541658, 0.0003539107021110991, 0.0016271509602446604, 0.9964081603121027], [0.9932025703792016, 0.0010439385976137787, 0.005711554582294414, 4.193644089023355e-05], [2.4254945200752233e-05, 0.004744184506343828, 0.11763348748765824, 0.8775980730607972], [0.021142451800535558, 0.22123143474777998, 0.003662167645452864, 0.7539639458062315], [5.506238759037983e-07, 5.4104466328467825e-08, 2.9099562225827776e-06, 0.9999964853154351], [0.005331287034035041, 0.0003924942038064527, 0.0004183519445173002, 0.9938578668176413], [0.9822076316279428, 0.003606372240207781, 0.0009642902406719759, 0.013221705891177571], [1.0477429269378893e-08, 5.4195611772088e-06, 0.01341983286085645, 0.9865747371005371], [0.012500078104422309, 0.16133939008128376, 0.8257329619799705, 0.0004275698343234943], [2.81610306319998e-09, 2.5778208053870103e-06, 0.1649268971369499, 0.8350705222261415], [0.014532055304869692, 0.9854674219504178, 5.508502588523823e-08, 4.6765968670453566e-07], [3.473185515609691e-07, 0.0036408393584967742, 0.9961206655295917, 0.00023814779335986486], [7.400666358147032e-06, 0.00024604323622869545, 0.0022685260599520965, 0.997478030037461], [1.997151067198983e-05, 0.002483768394521099, 0.9974958999671715, 3.6012763546080586e-07], [5.541191097779081e-05, 0.6539857547214535, 0.3459587779810748, 5.5386493819178936e-08], [0.055027925230878516, 0.9337286441459877, 0.0035874236516863756, 0.007656006971447424], [3.1339903578334264e-08, 5.752020386703027e-06, 1.79164631541081e-05, 0.9999763001765556], [0.00018571251565628323, 0.6243499449088658, 0.0018714716907269264, 0.3735928708847509], [0.004118533180402877, 0.012393822801465736, 0.0678318800554249, 0.9156557639627064], [0.06652376592035202, 3.7504296009291804e-05, 0.9334361235207674, 2.6062628712439303e-06], [9.075734806764109e-05, 0.004566025999178073, 0.9946927604664733, 0.0006504561862809856], [1.616570456991053e-07, 2.2194835142047146e-05, 2.8071233228326187e-07, 0.9999773627954799], [0.01473900224365093, 0.11691877747677075, 2.0251083385603252e-05, 0.8683219691961926], [0.14380459216103827, 0.005445084206676065, 0.8500294313960682, 0.0007208922362175396], [0.011584604264275915, 0.35872717447894703, 0.2785192446345899, 0.3511689766221873], [6.556866879953086e-08, 2.9779619397564828e-05, 0.9999699786487888, 1.7616314479825852e-07], [2.048650931672925e-08, 0.9975047128422011, 0.0024952615295311897, 5.141758565953046e-09], [0.0002802964234941981, 0.9879676268766786, 3.040162994875126e-05, 0.011721675069878494], [0.9489974683641139, 0.024398425308803897, 0.00016863521114890846, 0.026435471115933102], [0.0479379571587149, 0.21671567491269098, 0.0010044477372316957, 0.7343419201913625], [3.4677321653945814e-06, 0.0026233747325980017, 0.2789378571904564, 0.7184353003447802], [0.9968674278834535, 0.00018995443684225152, 2.2053461645040043e-05, 0.0029205642180590726], [8.839394168959016e-09, 2.294551855386201e-08, 0.9999970836204312, 2.8845946561330612e-06], [1.7204085975645195e-06, 8.526611164849434e-06, 3.7610407897403326e-07, 0.9999893768761585], [0.5578456199182621, 8.261415913060588e-06, 0.4336159238524225, 0.008530194813402297], [0.004613042497066091, 0.2288831875526265, 0.7378572472939241, 0.02864652265638331], [0.0068059716433992975, 0.09925426092416549, 0.8934305289327324, 0.0005092384997026715], [6.3908243639385e-08, 0.17164790854479148, 0.601819986159337, 0.22653204138762797], [0.7266356084374883, 0.0006762912504700556, 3.977444873857876e-06, 0.27268412286716764], [1.2546756420551524e-09, 0.00024017725901537396, 5.321868548997732e-06, 0.9997544996177599], [0.00047592828703127134, 0.9968253051629337, 0.002574323299092992, 0.00012444325094208622], [0.0001762493265781017, 0.9996454492546462, 3.081783047237209e-05, 0.00014748358830325785], [0.06998485978621354, 7.3108085849446935e-06, 1.4799667045440588e-05, 0.9299930297381562], [1.4617298231618946e-08, 3.165864991861836e-07, 0.9259198798208521, 0.07407978897535043], [0.9392807284836245, 0.0009232252938975737, 0.05958737142989514, 0.00020867479258290512], [0.8607147844713748, 0.12473791358728278, 0.014195585261782306, 0.00035171667956021113], [0.9843251308535877, 0.010959854358280305, 0.002609189646215237, 0.0021058251419166516], [0.002789121126790059, 0.9971679195246431, 2.8496781789854792e-08, 4.293085178505604e-05], [2.7338024477090154e-08, 0.9999418741805706, 5.798660679811746e-05, 1.1187460685729626e-07], [0.0016571542431212387, 0.0005582611890406387, 0.004738372334056192, 0.9930462122337819], [3.858694938092221e-05, 0.0002973848054669605, 0.03548667976465431, 0.9641773484804979], [0.00012273145149893104, 0.0013000891575026205, 0.7131113396786769, 0.2854658397123214], [0.00953995178770939, 2.6473425694925408e-05, 0.07833900691724853, 0.9120945678693473], [6.5052537149152596e-06, 0.5379362297282939, 0.46203974385451246, 1.7521163478778407e-05], [0.17726048662674135, 0.7798236175248955, 0.040511312185097736, 0.0024045836632656157], [0.005470974214432599, 0.9577930415329146, 0.012294056019995397, 0.02444192823265744], [8.875325029207732e-05, 4.163852080869784e-06, 5.235513833544132e-06, 0.9999018473837935], [0.08866836165938621, 0.9073384029334254, 0.000592271194287585, 0.0034009642129007363], [4.582886805483921e-13, 6.917359419937283e-08, 7.230239793161385e-09, 0.9999999235957077], [1.8532805840062358e-05, 0.6385982585049418, 0.01362090599360485, 0.3477623026956133], [0.9775355665303238, 5.689486547783044e-05, 0.006370463191433384, 0.0160370754127649], [1.1757790356471537e-07, 0.9572041001857071, 0.04275511302973626, 4.066920665321528e-05], [0.542538396045263, 0.01307012344042537, 0.4442886796284194, 0.00010280088589231818], [3.676175351248386e-08, 0.9951066971927711, 3.912269418436952e-08, 0.004893226922781232], [0.7371282640474436, 0.0004387737360320744, 0.00014625917281221355, 0.26228670304371204], [2.634841652624477e-06, 2.7177116372439846e-05, 0.4602982586366026, 0.5396719294053723], [1.4693745258824964e-05, 0.9939503793964182, 1.067878668246379e-07, 0.006034820070456166], [0.0020262305781161873, 0.9979728728784342, 8.954251860248994e-07, 1.1182634499653081e-09], [0.005122307517563909, 0.9948206538572708, 1.330158448947734e-08, 5.7025323580786545e-05], [0.8531494330307207, 0.014247917851126597, 0.0009086025264110663, 0.13169404659174166], [2.5326687248966126e-08, 7.893968114858725e-05, 1.3901111152312108e-06, 0.9999196448810489], [0.634117072674272, 0.3592992575856799, 0.000299242719497223, 0.006284427020550769], [0.9507819772289879, 0.019355350605656373, 1.5342906103208937e-05, 0.029847329259252448], [0.9923893837176114, 0.00010144913623385674, 7.01958397050417e-06, 0.00750214756218411], [1.3482186012982123e-05, 0.9963190359160119, 9.724490370972838e-05, 0.003570236994265448], [0.008695468237679544, 0.006163642338203486, 0.9851406542041721, 2.352199449126684e-07], [0.04043736195358065, 0.9440540364336392, 0.00018722162828533896, 0.015321379984494912], [0.008830833532855114, 0.9911573751279008, 1.1205014290562864e-05, 5.863249536948882e-07], [0.001430184264292197, 0.006863877187310506, 0.00015936972295210118, 0.9915465688254451], [1.7835167050011694e-06, 5.498077983119056e-06, 2.6648052240383063e-05, 0.9999660703530715], [0.19363135377874421, 0.0011653963589525437, 1.748712026156302e-05, 0.8051857627420418], [0.0014454036846568144, 0.9971909919631644, 0.0012438914026310192, 0.00011971294954774457], [0.294641247817495, 0.030066240730600734, 0.3250112664892149, 0.35028124496268925], [0.03420175431460683, 6.277825527252115e-05, 0.0011984011607223388, 0.9645370662693984], [0.6857884435624815, 0.028471929215644193, 0.27942220295872255, 0.006317424263151593], [0.9949390591918796, 7.860703854508747e-05, 0.004342400923263467, 0.0006399328463120283], [0.0025628567232527932, 0.0003190857623194235, 0.0003092401120264001, 0.9968088174024013], [4.668564468111715e-09, 3.778794213753407e-08, 3.6007830112271114e-10, 0.9999999571834152], [0.008835249211453079, 0.9632910424024996, 0.002204930367922201, 0.02566877801812515], [3.2244133246798074e-05, 0.8758038961822484, 0.1241386831511352, 2.517653336968632e-05], [3.921677034209201e-05, 0.003951654911429874, 0.0013738102894903632, 0.9946353180287377], [0.051517038037823114, 0.0010946428958378564, 0.6559645334937066, 0.29142378557263243], [2.0937521082830645e-05, 0.014388315641092244, 4.018051647577838e-06, 0.9855867287861774], [0.0013573682220015702, 8.658595910768764e-05, 0.01301867509837272, 0.9855373707205182], [0.00029820693403963895, 1.786314300260577e-05, 0.00011506638424337719, 0.9995688635387143], [0.9849288348597031, 2.4505685306591287e-06, 1.7493932418645933e-06, 0.015066965178524355], [0.9975144810142341, 0.002462150655360493, 1.2008400531153613e-08, 2.335632200463005e-05], [0.6556535468066499, 0.3089376971553321, 0.0003694379949289099, 0.03503931804308903], [0.0005754395631009723, 5.90097136272274e-06, 9.769576974546082e-07, 0.9994176825078389], [0.9943582467161003, 0.0034673441741971387, 7.18153547313119e-05, 0.0021025937549711306], [1.1305004735724187e-07, 0.9996868997984599, 9.126451544427414e-09, 0.0003129780250412028], [0.07555394284591954, 0.004102025768674402, 0.9137579016030154, 0.006586129782390816], [0.0001724386772537008, 0.00046689435445276557, 0.999360220504879, 4.464634144482932e-07], [0.9994139493732327, 6.884635284353113e-07, 0.0005853590264794665, 3.1367596170428725e-09], [0.01669098230176312, 3.4691679484621276e-05, 0.35044896810264725, 0.6328253579161051], [2.8527346313783008e-06, 0.0003029687174445073, 0.9596912251798877, 0.04000295336803627], [3.304696208646542e-05, 0.0018764160374945692, 0.000632847805492081, 0.9974576891949268], [1.030686714620461e-06, 9.697434372604731e-07, 2.792056419926419e-07, 0.9999977203642061], [5.48979485834354e-06, 0.0008139029993067639, 0.00020441452129824956, 0.9989761926845366], [0.5935935953898698, 0.3984619734975257, 7.264114370353008e-08, 0.007944358471460949], [0.08109631277152184, 0.24861986610319448, 4.925216876939034e-06, 0.6702788959084067], [0.009438585537055372, 0.032099488650741775, 3.12011576268539e-07, 0.9584616138006267], [0.9346690884425253, 0.06451067739726905, 2.8073491537231884e-05, 0.0007921606686684381], [0.9971458441436539, 0.0012164765945636327, 0.0004608733593175372, 0.0011768059024651885], [0.08113982853648588, 0.2273608867300399, 1.8839150550408557e-06, 0.6914974008184192], [0.07157138023335495, 1.5604206218911943e-07, 1.0349295560020942e-08, 0.9284284533752872], [8.778249805648641e-06, 0.20335318709703054, 0.5457679690411147, 0.25087006561204916], [0.6252956813501754, 0.32844011256884614, 0.03873330154744522, 0.007530904533533256], [0.10847782479198974, 0.8898398586112292, 2.475321814845339e-08, 0.00168229184356291], [0.9878609870515901, 0.011977834147071128, 5.939621149631259e-06, 0.0001552391801891705], [0.7825907225376008, 0.21725872602587962, 5.19911200754802e-06, 0.00014535232451198566], [0.9887384770118729, 0.0011518221465464395, 0.0005675875466799551, 0.009542113294900569], [0.9988082043060516, 4.5357759641802816e-05, 1.837888215662496e-05, 0.0011280590521500586], [1.9206200443818453e-05, 0.918142219761843, 0.08183856714637817, 6.891335042550141e-09], [0.021264616810758842, 3.43445370040779e-06, 5.595969195213503e-06, 0.9787263527663455], [0.9828824694239495, 8.591743539372991e-09, 7.596203344820588e-10, 0.01711752122468669], [0.0005469410025458766, 0.9976329970685329, 0.001464502069628759, 0.0003555598592924636], [4.5012557754674825e-05, 4.812811309035771e-05, 1.733769617530148e-06, 0.9999051255595374], [0.25289614466486776, 6.194024230587031e-05, 2.300102748153164e-05, 0.7470189140653448], [0.0036883812147585782, 0.9785400420748519, 0.0005011942733577848, 0.017270382437031544], [5.038557533274174e-06, 0.682320489601209, 0.0003554224179751136, 0.3173190494232826], [0.00219165944209274, 0.747242717262279, 2.9740915024235143e-06, 0.25056264920412574], [0.8468086682231338, 0.004186293785806951, 0.08673745151406381, 0.062267586476995394], [2.146923889780902e-07, 0.00010247953546097106, 0.00010429540034878119, 0.9997930103718013], [0.04088206365548819, 0.001668756464988436, 5.478078226040609e-05, 0.957394399097263], [0.568450053929212, 0.38271754590365376, 0.00020170100029155962, 0.0486306991668426], [0.9974780743980177, 3.893226646449558e-08, 1.604800797684093e-07, 0.0025217261896361217], [0.9913690872180516, 0.0074153435386247035, 0.001027832053813589, 0.00018773718951012314], [0.008008988212824857, 0.9864965368185394, 0.0005588850097436401, 0.004935589958892137], [2.2290985089640559e-07, 0.00028172361707628135, 0.00018664757610445618, 0.9995314058969684], [0.46797171179035646, 0.008842841629813157, 0.5231843855763729, 1.0610034574865199e-06], [0.007348050921864117, 0.0028533689475790107, 0.7767251111299233, 0.21307346900063354]]}}