{"test": {"ids": ["113117630", "108118630", "107121700", "108114220", "97107260", "99110050", "97107950", "112118581", "109121410", "98116090", "107113840", "107114490", "106116850", "106116640", "112120640", "112118810", "100111270", "104113190", "98109311", "103111480", "111116170", "103118291", "110114651", "101112160", "106113260", "108115250", "112119950", "109118701", "105113480", "102113210", "109117110", "99111930", "105116980", "106118301", "109115211", "105111990", "99112531", "101113210", "112117471", "113120591", "103113101", "100109980", "111114171", "106118820", "107116340", "98109090", "113119320", "110116170", "102110850", "99108330", "112118550", "99117630", "112116800", "106111321", "101117580", "112120540", "98117740", "109117630", "105115680", "101121640", "112116451", "113121950", "103111990", "112119980", "109116810", "113120780", "107113200", "106117650", "109116170", "103120780", "98108410", "108120700", "103110220", "97112300", "106121190", "104117630", "108117720", "112120670", "105117200", "113121750", "103117461", "113118810", "98120010", "107117010", "112116810", "107117630", "108118060", "113121410", "104110960", "108113480", "111119580", "109116750", "109114720", "100113210", "102109850", "104111550", "100116790", "101114020", "108120621", "112117461", "112119580", "109116040", "107119390", "105119950", "99109311", "104112201", "111116750", "99109910", "101108460", "103113610", "113119950", "100110050", "111116990", "98111620", "101108290", "113121810", "108121410", "98112580", "112117210", "102121440", "111119340", "109117431", "103110100", "107114110", "100109000", "104118340", "105113210", "113122150", "104116441", "113121190", "111116090", "108114670", "104112470", "103111930", "104113380", "105116650", "113122190", "106114280", "111119250", "106119260", "108116070", "109118231"], "labels": [0, 1, 3, 3, 2, 3, 2, 1, 0, 0, 3, 3, 3, 3, 0, 3, 2, 3, 1, 0, 0, 0, 3, 3, 3, 1, 0, 3, 0, 3, 1, 1, 0, 1, 0, 2, 3, 3, 3, 0, 3, 1, 3, 3, 3, 1, 1, 0, 3, 1, 3, 3, 0, 0, 3, 3, 2, 0, 2, 2, 0, 3, 2, 0, 3, 0, 0, 1, 0, 1, 1, 2, 2, 2, 2, 0, 1, 2, 3, 0, 0, 3, 2, 1, 3, 0, 1, 0, 2, 0, 3, 0, 0, 0, 1, 1, 2, 3, 1, 0, 3, 0, 2, 3, 1, 0, 3, 2, 0, 2, 0, 3, 0, 3, 0, 2, 0, 2, 1, 2, 3, 1, 1, 1, 1, 2, 3, 2, 1, 1, 3, 3, 1, 3, 1, 1, 1, 3, 1, 1, 1, 1], "predicted_labels": [1, 1, 1, 3, 1, 1, 3, 1, 3, 3, 1, 3, 1, 3, 0, 1, 1, 1, 0, 1, 1, 1, 0, 1, 1, 3, 3, 1, 1, 3, 1, 1, 3, 0, 3, 1, 1, 2, 3, 3, 0, 1, 1, 1, 1, 0, 1, 3, 1, 1, 0, 3, 1, 1, 3, 1, 1, 3, 1, 1, 0, 1, 3, 1, 3, 3, 3, 2, 1, 3, 1, 1, 1, 0, 1, 3, 0, 1, 3, 1, 1, 1, 3, 1, 0, 3, 3, 3, 1, 3, 0, 1, 1, 3, 2, 2, 1, 0, 3, 3, 0, 3, 1, 3, 1, 3, 0, 0, 3, 1, 3, 3, 3, 1, 3, 1, 1, 1, 1, 3, 3, 1, 0, 0, 3, 1, 3, 1, 1, 1, 0, 3, 3, 1, 3, 1, 1, 1, 1, 0, 1, 1], "confidence_scores": [[0.2697165192925719, 0.28430994532719317, 0.15850022317509938, 0.2874733122051352], [0.1659705031269555, 0.2937898736063285, 0.3313374521133626, 0.20890217115335327], [0.14402578825210785, 0.3453724306841219, 0.2262325878061727, 0.2843691932575975], [0.2946000369798044, 0.27117505362965366, 0.1354980210774118, 0.2987268883131303], [0.1971122451076639, 0.30095827071315356, 0.33253742680722287, 0.16939205737195967], [0.17934608210040265, 0.3175070568900967, 0.28186539620853096, 0.22128146480096952], [0.2040598407544772, 0.3213872480229853, 0.17720298923477212, 0.29734992198776516], [0.21439614969141946, 0.32120010116191067, 0.16946946458834758, 0.2949342845583224], [0.20476958938313586, 0.3537257945073689, 0.1312547734225953, 0.3102498426869], [0.25410960781827246, 0.26530019600732657, 0.2220229134283914, 0.2585672827460095], [0.2446258850747393, 0.3095260774614458, 0.14472046002091338, 0.3011275774429014], [0.23524070947053652, 0.27524000742778754, 0.22281761604719139, 0.26670166705448456], [0.2215462086836018, 0.3034161732950296, 0.19379072159978303, 0.2812468964215854], [0.3188658170065894, 0.2454546382573035, 0.14390152205370563, 0.29177802268240133], [0.31323068191349673, 0.2649830293831786, 0.11972285667773129, 0.3020634320255934], [0.22741376333734284, 0.3137622497035641, 0.16182472804413026, 0.29699925891496254], [0.20116022526686544, 0.30132041614949984, 0.27130374290213866, 0.22621561568149612], [0.26170265547524074, 0.3355303311098736, 0.07472162542760075, 0.3280453879872849], [0.29192332767790186, 0.2421316892253379, 0.2722816643504341, 0.19366331874632592], [0.2578886536775017, 0.3400017404116689, 0.0725045315279888, 0.32960507438284065], [0.26172530065835825, 0.30319353789451337, 0.1298934569462563, 0.30518770450087196], [0.26145407526636877, 0.3446832038055264, 0.06949770951387435, 0.3243650114142306], [0.3312543668285114, 0.26588448364890677, 0.08603947664303754, 0.3168216728795442], [0.15161399160917693, 0.3282901068330417, 0.25770983704895567, 0.2623860645088256], [0.24601239635035863, 0.3090173582581567, 0.14190200843796671, 0.30306823695351787], [0.2323787831205619, 0.275503756595198, 0.2392577574567477, 0.25285970282749237], [0.2991798292999457, 0.27100295161324817, 0.1289887665497821, 0.3008284525370239], [0.21372399394809988, 0.2902320046751613, 0.25050605325017505, 0.24553794812656354], [0.23267777477782892, 0.2901349526287069, 0.21624408641222614, 0.26094318618123824], [0.23907971644534187, 0.279752105452333, 0.21453729283609482, 0.26663088526623063], [0.2255550445256605, 0.35581508643742066, 0.09524598174954428, 0.32338388728737466], [0.18981817968103143, 0.2885887266475595, 0.3290484211561538, 0.192544672515255], [0.25307863828922167, 0.33778954116531157, 0.0944411897035177, 0.31469063084194915], [0.3274249277535126, 0.21683583944331325, 0.1809209685587511, 0.2748182642444232], [0.22323998541780804, 0.27599639283763594, 0.24887802656580585, 0.2518855951787505], [0.23829259235741324, 0.32457384468290795, 0.12327244158738908, 0.3138611213722898], [0.27132828572069134, 0.3065158325150893, 0.11122957105266756, 0.3109263107115518], [0.22009360389084964, 0.217470942705431, 0.3916051879131922, 0.1708302654905268], [0.2339095623279445, 0.313676161290565, 0.15511967135716317, 0.29729460502432736], [0.27075533655898276, 0.29399054996471546, 0.13440729447972397, 0.3008468189965775], [0.27698902454493574, 0.24706341088664466, 0.24682752345378223, 0.22912004111463755], [0.19996122022354398, 0.29686997367560647, 0.26293753458017244, 0.2402312715206773], [0.24420944228594219, 0.3268239089016251, 0.11633918458099796, 0.3126274642314347], [0.16179887752101763, 0.33845025993464845, 0.2141748764527931, 0.28557598609154067], [0.22381312358105135, 0.3327241114768865, 0.13119628979209094, 0.3122664751499712], [0.2959961835979866, 0.23027870746415427, 0.22912906428813465, 0.24459604464972468], [0.2367518290702784, 0.31998262970459956, 0.13319662283345288, 0.31006891839166906], [0.2750847388925446, 0.2873117230951214, 0.14031306920574968, 0.2972904688065841], [0.23963576636784814, 0.3105258817890508, 0.15330716062840694, 0.2965311912146939], [0.20717802730994045, 0.3243132299772876, 0.17562315861610106, 0.2928855840966705], [0.31936851001550215, 0.25024773990610405, 0.1743841455567536, 0.2559996045216403], [0.24881769639389673, 0.22484276657179567, 0.2808264099115657, 0.2455131271227422], [0.2007219687295735, 0.3160945443265171, 0.19721786805547045, 0.2859656188884389], [0.18703967599999374, 0.3525206626813434, 0.1405041548596361, 0.3199355064590269], [0.21010114345550202, 0.32183700994478587, 0.16871606911405335, 0.2993457774856588], [0.2755102234729847, 0.30114981769185023, 0.10923132741860603, 0.314108631416559], [0.24319812164406215, 0.3005807357848055, 0.18190605262110815, 0.2743150899500242], [0.2298566511577908, 0.28627852553776606, 0.22042585600023812, 0.2634389673042048], [0.1669157021160449, 0.34676293655848317, 0.18227610233007163, 0.3040452589954007], [0.255283244918877, 0.3078722987894416, 0.12611706606866047, 0.3107273902230213], [0.33237732375460477, 0.25486884762462636, 0.09572585657911822, 0.31702797204165045], [0.18949113104796694, 0.32395153867936505, 0.20037893556560796, 0.2861783947070602], [0.25977140145879046, 0.2806958942523278, 0.16824864238486992, 0.29128406190401196], [0.20402375179207385, 0.2990326899670715, 0.26918521538598067, 0.22775834285487423], [0.22724694042851257, 0.3776802510120258, 0.07282711279762975, 0.3222456957618318], [0.2190676506776467, 0.34585617497384513, 0.12167163818312417, 0.3134045361653837], [0.29937136850774315, 0.3192777040882134, 0.06939114440629673, 0.311959782997747], [0.19111275892743312, 0.27156705370701256, 0.374473026022925, 0.16284716134262936], [0.2594733867270455, 0.31733098085327166, 0.10571533030322197, 0.317480302116461], [0.2349822716584641, 0.2788758921326654, 0.22113397444370084, 0.2650078617651698], [0.21946742655585205, 0.32439268572537916, 0.14885779025704032, 0.30728209746172813], [0.24547449088837678, 0.321310891600323, 0.11328939368902093, 0.3199252238222794], [0.19740310490956522, 0.34377319481744884, 0.14735009096228546, 0.31147360931070034], [0.25685333040229885, 0.2670551532270783, 0.2309092018295501, 0.24518231454107228], [0.12574695940747335, 0.33974685437135616, 0.3014642657262486, 0.2330419204949215], [0.2934541351750905, 0.25885659494916985, 0.1605891440156917, 0.2871001258600481], [0.33040055408654606, 0.23695420860478753, 0.13251772179268395, 0.30012751551598216], [0.2034226135806299, 0.31993685916350567, 0.19594191092879973, 0.28069861632706444], [0.2356855900572418, 0.2694533053234964, 0.24700436942812198, 0.24785673519113977], [0.2580405023168679, 0.32373356867053643, 0.09647580338361132, 0.32175012562898414], [0.2584169048064062, 0.29030724901009125, 0.1734556624513297, 0.27782018373217265], [0.23827140914333142, 0.2871820919808781, 0.23487828697208255, 0.23966821190370796], [0.18496675795959006, 0.27143409859757694, 0.3427183959450103, 0.20088074749782253], [0.13240683633966374, 0.32717133239678664, 0.315352283930822, 0.2250695473327275], [0.2582483571249638, 0.25864086953466997, 0.27267167635171036, 0.21043909698865573], [0.2515049239929185, 0.22745960944459875, 0.2812377593063864, 0.23979770725609628], [0.24615676570490233, 0.2551361955800685, 0.26071945614808395, 0.23798758256694533], [0.2734408000342846, 0.32937316833999386, 0.08268676730407618, 0.3144992643216453], [0.16820471918084953, 0.3423805131562719, 0.18606923258309976, 0.3033455350797786], [0.2006577961743459, 0.3178018936671563, 0.1899675662229842, 0.2915727439355136], [0.32246586807738814, 0.23974641586171838, 0.14207489029875633, 0.2957128257621372], [0.2075589204131806, 0.29209472522040336, 0.2739583637090018, 0.22638799065741452], [0.2097853018886852, 0.3469401708062111, 0.1254661810349409, 0.31780834627016263], [0.2196224792541578, 0.31917515428031795, 0.16556857620926543, 0.2956337902562589], [0.20580903924439897, 0.26370846671217635, 0.3711820678251609, 0.15930042621826399], [0.1744564116712011, 0.2770727232617536, 0.3633251443983706, 0.18514572066867496], [0.14529860529143182, 0.33156829524025455, 0.2610701316972015, 0.2620629677711121], [0.32377093576679994, 0.2686886970496799, 0.0845927809493688, 0.32294758623415143], [0.29617417224281056, 0.280703602031349, 0.11900124825166719, 0.30412097747417355], [0.28805458257712385, 0.32265034515796787, 0.06237900351764577, 0.32691606874726287], [0.32950441081746723, 0.26876605888547217, 0.07592522341601128, 0.32580430688104944], [0.23833320746918707, 0.3033353536104579, 0.16406010977850263, 0.29427132914185244], [0.15412459414370344, 0.3426327753523255, 0.21817147036491527, 0.28507116013905565], [0.2271807568266892, 0.2783880769712255, 0.23417958467984537, 0.26025158152223976], [0.20857557963545972, 0.31482074828278117, 0.21783862913989124, 0.25876504294186803], [0.3555932750237397, 0.27183852932402597, 0.05284353500636969, 0.31972466064586463], [0.35433706700686496, 0.25789732504759444, 0.06063172271876357, 0.3271338852267771], [0.23403404567391378, 0.2661689533977342, 0.32103289152424974, 0.1787641094041023], [0.23109007679124047, 0.322920846359155, 0.14645531903239356, 0.2995337578172109], [0.19336118329110882, 0.28516097976036797, 0.3379135310828941, 0.18356430586562902], [0.2747299881246984, 0.2943729445603711, 0.12261753391117462, 0.30827953340375575], [0.18986507974328912, 0.3116579130998321, 0.2274020997010326, 0.2710749074558461], [0.3362246223970151, 0.2838277092351147, 0.05899445218159084, 0.32095321618627937], [0.09179844009733532, 0.3576121170194936, 0.34552835440715635, 0.20506108847601504], [0.27171857087820994, 0.2782643825904718, 0.15860190147610487, 0.2914151450552135], [0.19052340216217828, 0.3173908925807535, 0.27961616153226154, 0.2124695437248066], [0.25573655451479627, 0.33795351548833613, 0.07406198843565444, 0.3322479415612131], [0.1578208324557992, 0.32584289337951106, 0.2609327807576789, 0.2554034934070108], [0.17920793080623887, 0.3417334740454592, 0.1768990165375731, 0.3021595786107292], [0.28622126239795115, 0.2571354840507999, 0.1803737137356271, 0.2762695398156214], [0.25851788487299, 0.29001099361641386, 0.15654688856973203, 0.2949242329408641], [0.22746370314331668, 0.2950123137761197, 0.19912163929643367, 0.27840234378413], [0.23787926195038916, 0.26903498703483286, 0.30740500040100704, 0.1856807506137706], [0.27788467636347747, 0.2687139484617129, 0.1709686403446086, 0.282432734830201], [0.1959724520636579, 0.3448456056235977, 0.1534179864273225, 0.30576395588542193], [0.1575167037929818, 0.32103542294656007, 0.2556462327346629, 0.2658016405257949], [0.3306516883543087, 0.25982090002795394, 0.09816056480570633, 0.3113668468120313], [0.1882715507004041, 0.31859909136436304, 0.24273389899155098, 0.2503954589436818], [0.20114512741108373, 0.3403098397798602, 0.14157814873381624, 0.3169668840752398], [0.22200053740047868, 0.29200651375473485, 0.2653906612970699, 0.22060228754771652], [0.3244059033243748, 0.26070141286407306, 0.10378284789416786, 0.31110983591738434], [0.285151441665763, 0.2671025129982183, 0.16838201193491595, 0.27936403340110266], [0.23908057741614472, 0.28519873342662944, 0.19901170971916146, 0.27670897943806416], [0.2315070876139302, 0.2822244091833834, 0.2520984855692563, 0.23417001763343015], [0.24294975992198278, 0.32721950792320903, 0.12388365818933032, 0.3059470739654777], [0.1651861669851767, 0.32929905382169844, 0.23453195894159662, 0.27098282025152814], [0.1658462768389292, 0.33348351392576325, 0.2479810184979284, 0.2526891907373793], [0.2012134447226656, 0.30661522184753864, 0.2387987906191793, 0.2533725428106167], [0.2632060400203129, 0.2812679547478362, 0.18467548551083457, 0.27085051972101676], [0.25065765786311295, 0.21476435514976547, 0.3517094337169125, 0.18286855327020907], [0.22368294771758226, 0.33165108685584493, 0.13310777058280204, 0.31155819484377095], [0.1920347616321924, 0.3148498568258113, 0.27025379328282667, 0.2228615882591697]]}, "rewritten": {"ids": ["97107260", "97107950", "97112300", "98108410", "98109090", "98109311", "98111620", "98112580", "98116090", "98117740", "98120010", "99108330", "99109311", "99109910", "99110050", "99111930", "99112531", "99117630", "100109000", "100109980", "100110050", "100111270", "100113210", "100116790", "101108290", "101108460", "101112160", "101113210", "101114020", "101117580", "101121640", "102109850", "102110850", "102113210", "102121440", "103110100", "103110220", "103111480", "103111930", "103111990", "103113101", "103113610", "103117461", "103118291", "103120780", "104110960", "104111550", "104112201", "104112470", "104113190", "104113380", "104116441", "104117630", "104118340", "105111990", "105113210", "105113480", "105115680", "105116650", "105116980", "105117200", "105119950", "106111321", "106113260", "106114280", "106116640", "106116850", "106117650", "106118301", "106118820", "106119260", "106121190", "107113200", "107113840", "107114110", "107114490", "107116340", "107117010", "107117630", "107119390", "107121700", "108113480", "108114220", "108114670", "108115250", "108116070", "108117720", "108118060", "108118630", "108120621", "108120700", "108121410", "109114720", "109115211", "109116040", "109116170", "109116750", "109116810", "109117110", "109117431", "109117630", "109118231", "109118701", "109121410", "110114651", "110116170", "111114171", "111116090", "111116170", "111116750", "111116990", "111119250", "111119340", "111119580", "112116451", "112116800", "112116810", "112117210", "112117461", "112117471", "112118550", "112118581", "112118810", "112119580", "112119950", "112119980", "112120540", "112120640", "112120670", "113117630", "113118810", "113119320", "113119950", "113120591", "113120780", "113121190", "113121410", "113121750", "113121810", "113121950", "113122150", "113122190"], "labels": [2, 2, 2, 1, 1, 1, 3, 2, 0, 2, 2, 1, 1, 2, 3, 1, 3, 3, 1, 1, 3, 2, 0, 2, 0, 0, 3, 3, 3, 3, 2, 1, 3, 3, 2, 1, 2, 0, 3, 2, 3, 2, 0, 0, 1, 2, 1, 0, 1, 3, 1, 1, 0, 2, 2, 3, 0, 2, 1, 0, 3, 3, 0, 3, 3, 3, 3, 1, 1, 3, 1, 2, 0, 3, 1, 3, 3, 1, 0, 2, 3, 0, 3, 3, 1, 1, 1, 1, 1, 1, 2, 0, 0, 0, 0, 0, 0, 3, 1, 1, 0, 1, 3, 0, 3, 0, 3, 3, 0, 3, 0, 1, 3, 3, 0, 0, 3, 1, 0, 3, 3, 1, 3, 3, 0, 0, 3, 0, 2, 0, 3, 1, 0, 0, 0, 1, 0, 0, 2, 3, 2, 1], "predicted_labels": [1, 1, 3, 1, 3, 0, 1, 3, 3, 1, 3, 1, 1, 2, 1, 2, 1, 3, 3, 2, 3, 3, 3, 1, 3, 3, 1, 2, 3, 3, 1, 2, 1, 3, 0, 2, 1, 3, 3, 3, 3, 1, 1, 3, 3, 1, 2, 3, 3, 3, 3, 1, 3, 1, 3, 3, 1, 1, 1, 3, 3, 3, 3, 1, 3, 3, 1, 2, 0, 1, 2, 3, 3, 1, 3, 3, 1, 1, 3, 3, 1, 3, 3, 3, 3, 3, 0, 3, 3, 3, 1, 1, 1, 3, 3, 0, 1, 3, 1, 0, 3, 1, 1, 3, 3, 3, 3, 0, 1, 3, 3, 0, 3, 0, 0, 1, 0, 1, 3, 3, 0, 1, 1, 3, 3, 1, 1, 0, 1, 3, 3, 1, 3, 3, 1, 3, 3, 3, 1, 3, 1, 1], "confidence_scores": [[0.17077771107962894, 0.3042010834279018, 0.3729133511292796, 0.15210785436318944], [0.19443788930674463, 0.3015353413313269, 0.2502225669195551, 0.2538042024423735], [0.22134994232363978, 0.26148315799813865, 0.29391683078832825, 0.223250068889893], [0.20086412634717493, 0.3081503478574746, 0.23533785296644236, 0.255647672828908], [0.3063507215612751, 0.23144354579654516, 0.19441331026298803, 0.2677924223791918], [0.265417225968308, 0.25624286390633655, 0.2870542340201387, 0.191285676105217], [0.11036158002292866, 0.3503589683535717, 0.2789277594755141, 0.260351692147985], [0.18308530741299656, 0.28700189142215216, 0.3043859415106878, 0.22552685965416383], [0.2728074196243704, 0.25957752176570587, 0.20535313725424073, 0.2622619213556832], [0.2177355657307018, 0.2916957623290875, 0.280415354034083, 0.21015331790612757], [0.175962782271503, 0.2803869710021151, 0.33559033668418004, 0.20805991004220206], [0.17219539496937844, 0.335591279533294, 0.2076079736430597, 0.28460535185426794], [0.22761141101021665, 0.3054727895462976, 0.20761238370826274, 0.259303415735223], [0.216086224170309, 0.2494411026357077, 0.39448419569743604, 0.13998847749654705], [0.22506491569033402, 0.3041829957546787, 0.19434268172826144, 0.27640940682672577], [0.19257351017015034, 0.2721866316605467, 0.35872210586278447, 0.1765177523065187], [0.254592123796521, 0.3087461128421493, 0.13701789863878083, 0.29964386472254884], [0.25479048008788796, 0.2317752766142372, 0.2676030952245876, 0.24583114807328732], [0.23221025175243354, 0.3436499437561779, 0.11428945494568246, 0.30985034954570617], [0.22410196487684403, 0.26145942107403924, 0.31745402763604536, 0.19698458641307073], [0.17401236754207608, 0.3000611081080969, 0.28388767760468303, 0.2420388467451436], [0.1992886105869266, 0.289747880182668, 0.275034259793904, 0.2359292494365014], [0.26394552519244696, 0.2937253448316229, 0.14595301600584043, 0.29637611397008934], [0.17459916789934918, 0.2961926567822479, 0.2980881139169319, 0.2311200614014709], [0.26948103803665674, 0.2869968596157943, 0.15457015803559002, 0.2889519443119591], [0.23647858620525314, 0.30902121633092816, 0.15828099217896693, 0.2962192052848519], [0.19333450564758758, 0.29760996707261894, 0.2774749994488429, 0.23158052783095046], [0.244144568156117, 0.2151788208950437, 0.3909099749571902, 0.14976663599164927], [0.32081074369820217, 0.2746972583521662, 0.09601191198707228, 0.30848008596255955], [0.2184320326957749, 0.3029118100052709, 0.1936066088400081, 0.285049548458946], [0.22620861082726493, 0.3101304123135064, 0.1661481972216217, 0.29751277963760664], [0.18875887940962346, 0.2647341308154212, 0.3696081185443779, 0.17689887123057763], [0.174134777273138, 0.3268810697320378, 0.22733120578690602, 0.2716529472079178], [0.23698640277360736, 0.2557625982811225, 0.26071939172998876, 0.24653160721528128], [0.3026190058099621, 0.2367115042883432, 0.1993209805514071, 0.2613485093502879], [0.23240819070956492, 0.2586078648378062, 0.3218989850126497, 0.18708495943997897], [0.20953607329075274, 0.3202911094091935, 0.183234431924059, 0.28693838537599475], [0.28054047446028046, 0.3209557731979153, 0.0766618398730561, 0.32184191246874805], [0.21418021713353808, 0.28916213570826194, 0.24587177365013593, 0.2507858735080641], [0.21989103656639167, 0.2619234457105181, 0.2848860030460305, 0.23329951467705978], [0.24235051112262976, 0.2591288563698785, 0.27518944310314053, 0.22333118940435143], [0.16525798174535888, 0.2923885652890411, 0.3462921849330505, 0.19606126803254958], [0.2827968240170946, 0.2961251678224831, 0.10713450121930818, 0.3139435069411142], [0.2856541385261937, 0.29481381474685653, 0.11343746329657359, 0.30609458343037627], [0.3065221063774599, 0.2468732915887164, 0.1610885921859994, 0.28551600984782427], [0.1683923530263612, 0.3292330119397272, 0.2228214376637657, 0.2795531973701459], [0.11552742646102432, 0.2867998301522802, 0.4603922540330441, 0.13728048935365145], [0.35583475819128485, 0.26861824679218216, 0.061480742587269405, 0.3140662524292632], [0.27497839158335735, 0.26812446591293265, 0.1776780099306043, 0.27921913257310543], [0.24176538075955883, 0.3218696496235544, 0.1333831874931289, 0.30298178212375754], [0.21738073819247802, 0.31327930289455186, 0.1781247483247715, 0.2912152105881984], [0.20492617529647392, 0.33655394866639593, 0.15176071102523514, 0.30675916501189476], [0.24198245131122895, 0.2785505466897605, 0.20586000383069447, 0.27360699816831613], [0.15677979984313997, 0.31580930600035034, 0.2864744181309792, 0.24093647602553087], [0.19340579394415686, 0.3127060857082855, 0.21516415675166325, 0.2787239635958943], [0.33003003364162703, 0.24877239712879326, 0.11663598008770441, 0.3045615891418752], [0.13490640297198628, 0.31816974115467317, 0.3222602687508485, 0.22466358712249174], [0.1598957490940607, 0.3292284101664467, 0.24765950575797907, 0.26321633498151337], [0.13065368478993053, 0.33150897231004045, 0.3081577218271007, 0.22967962107292825], [0.2575506254855979, 0.341228782682195, 0.08390503202565627, 0.31731555980655063], [0.19203150309626194, 0.2839378662485967, 0.2701316406603488, 0.2538989899947926], [0.20546092511895966, 0.2813886744971325, 0.2820877341643079, 0.23106266621960017], [0.195582705708604, 0.33463890011371206, 0.1709212491753106, 0.29885714500237354], [0.20748256241445837, 0.31782894360645925, 0.19458673852509994, 0.28010175545398236], [0.24084090991410373, 0.2866084763201516, 0.20134622816691725, 0.2712043855988275], [0.3259355367963965, 0.24315399783039204, 0.13586871877762724, 0.295041746595584], [0.17023083423261084, 0.29587216466784083, 0.3475047935126738, 0.18639220758687447], [0.18554062408325056, 0.2653564694067259, 0.39897107728781334, 0.15013182922221016], [0.37984015716869207, 0.19085410052656834, 0.12146890345113869, 0.30783683885360064], [0.19421706634748856, 0.3222595027619389, 0.190214417835019, 0.29330901305555357], [0.2346706102873984, 0.21343752932862847, 0.36784258092691385, 0.184049279457059], [0.16434033045723484, 0.3246789919519594, 0.23851035181843588, 0.27247032577237035], [0.2869884135867607, 0.32049517085085116, 0.08399564351813649, 0.3085207720442517], [0.23854720539362567, 0.30224643069851936, 0.17975917137197817, 0.2794471925358768], [0.27835384036138916, 0.2481433653995505, 0.19644010193366887, 0.27706269230539143], [0.2128653397277801, 0.2659172773832523, 0.2857014919353181, 0.23551589095364972], [0.26520892071322866, 0.2833040182347725, 0.17095497453098457, 0.280532086521014], [0.16068076309138982, 0.30317934368922383, 0.29942066003431983, 0.23671923318506644], [0.28819916588797684, 0.22075494934226847, 0.2474503782981751, 0.24359550647157963], [0.19623427235685387, 0.3484114157171942, 0.14968205849627472, 0.30567225342967747], [0.15235667001663236, 0.349734183673236, 0.2022184120665761, 0.29569073424355535], [0.19177834076632544, 0.3555298625383346, 0.1449206981895922, 0.30777109850574746], [0.2615829847478454, 0.29472211078424543, 0.14718115661066566, 0.2965137478572437], [0.28715418600920306, 0.30055096233806944, 0.10014290988437412, 0.3121519417683534], [0.2357277228484621, 0.28269671031485344, 0.20260263192437813, 0.2789729349123062], [0.21886269902829292, 0.28901229849517274, 0.21784384860052203, 0.2742811538760123], [0.33067494657261226, 0.23028737572691016, 0.1424590164942596, 0.29657866120621784], [0.26251616441012704, 0.2596983822339853, 0.2113721066045309, 0.26641334675135686], [0.18135775492817705, 0.2852469363205036, 0.290909999631604, 0.2424853091197153], [0.2885045542661047, 0.28033741138049556, 0.13119423382917114, 0.2999638005242285], [0.23774689611829383, 0.3137148089476945, 0.14445152586060817, 0.30408676907340354], [0.2615250858499769, 0.33770928483878, 0.07323347491113189, 0.32753215440011113], [0.17033132678048823, 0.3389921937671601, 0.19720954721065787, 0.29346693224169385], [0.1767062533658922, 0.34388145728106567, 0.1811009872472096, 0.29831130210583234], [0.20616989945787054, 0.3145573097231104, 0.19210950512036534, 0.2871632856986536], [0.2990205461641059, 0.2867397544584569, 0.09254420790300764, 0.3216954914744295], [0.20605783433957683, 0.2877685480163045, 0.32275629884136087, 0.18341731880275786], [0.23037622262461435, 0.3681405773598368, 0.0814518568445886, 0.3200313431709604], [0.17416198474981887, 0.33983197910898466, 0.18738642282615114, 0.29861961331504494], [0.3156908918842122, 0.256367888956309, 0.13235105501243205, 0.29559016414704703], [0.2913412776981914, 0.3044383533836962, 0.09287872866689545, 0.31134164025121713], [0.19634470588984643, 0.30186097828253305, 0.25226580308349245, 0.24952851274412802], [0.17881377333683693, 0.31365184293035375, 0.24805899678153695, 0.2594753869512727], [0.20088081043142283, 0.36023266147841726, 0.12741364392749774, 0.3114728841626622], [0.3302265558652072, 0.2513801212242499, 0.11550034279238892, 0.3028929801181538], [0.2645966903320803, 0.2889875287875088, 0.15169932737893843, 0.2947164535014727], [0.24497388982273752, 0.31466526690381036, 0.14459406991888693, 0.29576677335456525], [0.3374357917468175, 0.24296351955568776, 0.11602528384482144, 0.30357540485267337], [0.28387741425239055, 0.282251998005452, 0.13923043480224093, 0.29464015293991647], [0.3392045494534868, 0.26459548717362025, 0.08356597060299624, 0.31263399276989673], [0.3166285000777226, 0.29346938153814245, 0.07671294538426165, 0.3131891729998732], [0.29518679927986025, 0.266352009991254, 0.16569144747822684, 0.27276974325065906], [0.2136175176917836, 0.29175739346696167, 0.21736585540114747, 0.2772592334401072], [0.350346427514635, 0.23124445181894987, 0.11138097533814312, 0.30702814532827183], [0.33673500911580767, 0.25460631247072635, 0.09191150562668834, 0.3167471727867779], [0.19397091712826284, 0.35941982803426115, 0.12831083510951843, 0.3182984197279578], [0.2726785874472211, 0.23800596787384223, 0.2881672386411081, 0.20114820603782863], [0.17583068008769245, 0.34078915938065957, 0.186358290166741, 0.297021870364907], [0.2756762227457104, 0.3147271614245972, 0.09339108562387817, 0.31620553020581404], [0.22564380241429613, 0.3271402336802042, 0.1436728826266944, 0.3035430812788053], [0.3178447032509565, 0.2451676877910733, 0.1668217726310087, 0.2701658363269615], [0.16062485687079578, 0.3425568077018134, 0.21064368508317655, 0.28617465034421413], [0.22062518607603598, 0.30884434951971856, 0.18424193192967717, 0.2862885324745684], [0.3371899980866167, 0.2668436950259329, 0.08129266707005849, 0.3146736398173917], [0.3062569636699616, 0.24591866257930223, 0.15797383840455761, 0.28985053534617866], [0.2419141272844839, 0.2871058074314183, 0.23649846669313837, 0.23448159859095952], [0.2205303239240253, 0.32393456746692617, 0.166144037986697, 0.28939107062235164], [0.34696257790434193, 0.23130650368449557, 0.12048797993445458, 0.3012429384767081], [0.19757170526417162, 0.31258926749159205, 0.21944948514595225, 0.27038954209828414], [0.27534236205270385, 0.28037034892564466, 0.152067611155171, 0.2922196778664805], [0.2156252637699079, 0.2619667851456251, 0.30518738065346446, 0.2172205704310025], [0.2522217729796443, 0.3135985220214326, 0.12273458338303574, 0.3114451216158873], [0.2811942658076438, 0.3049416940082057, 0.10410929030115197, 0.3097547498829989], [0.18134326344575152, 0.30660439730605177, 0.24896194148034834, 0.26309039776784854], [0.18805136270576464, 0.3474448378219408, 0.15740405233566443, 0.3070997471366301], [0.21671797054686912, 0.3444524313036564, 0.12830265569881966, 0.3105269424506549], [0.31451384944840954, 0.30865506540476234, 0.0686918002848584, 0.3081392848619696], [0.2970575820025426, 0.28558871964389637, 0.10134087834593741, 0.3160128200076237], [0.18494730412298596, 0.31054151328717816, 0.31557728353358716, 0.18893389905624855], [0.267448445445535, 0.2990274246832666, 0.1295142002120615, 0.304009929659137], [0.1839010620387796, 0.31787065404634146, 0.2826400617232083, 0.2155882221916708], [0.21377698066958886, 0.3238397394160871, 0.16325239052133145, 0.29913088939299254]]}}