{"test": {"ids": ["101111210", "110114950", "99107300", "112117571", "106116120", "99108710", "104117630", "109120540", "99114890", "104111780", "106117790", "106120640", "99112641", "98120530", "113118630", "102112030", "105113620", "101108290", "109121410", "107114780", "105112240", "97116790", "110117200", "108118630", "104111380", "103120730", "99112300", "97112170", "103110050", "112119980", "105112130", "102113210", "99120010", "104111880", "109117110", "109117431", "104112470", "105113330", "107114200", "112121360", "102121700", "112118620", "98110230", "110115580", "111116990", "112116290", "101112690", "98117740", "113117630", "109114720", "111117000", "111116110", "113118490", "98110810", "103109791", "104114320", "106115120", "110121720", "102110690", "108114270", "113119480", "103111540", "99108580", "109119340", "111121930", "107119130", "108118060", "109120621", "108119550", "113118511", "113120751", "112119950", "102110050", "113119340", "112116451", "101111620", "113121190", "97114170", "110118181", "104118340", "103120290", "111119250", "107118120", "106114011", "103110220", "107112850", "103117461", "107117010", "99110730", "97106770", "104116800", "104114240", "107115140", "107112840", "102112250", "112117660", "104117200", "99109910", "112118810", "111116530", "109116040", "109116170", "98112580", "97111790", "104110960", "112118421", "110114561", "104116441", "107120130", "112116810", "113118421", "112118550", "108117451", "102116500", "103118110", "102110750", "108116120", "97107950", "106114150", "113120830", "103113260", "109114030", "110117080", "97106970", "109117730", "106117650", "102111990", "103120531", "112118890", "104113170", "102109840", "112119930", "111120220", "105120280", "109116441", "113117401", "99112840", "107121700", "113118690", "112118860", "101119030", "111121410"], "labels": [2, 0, 3, 3, 1, 2, 0, 1, 2, 3, 1, 3, 1, 1, 3, 2, 0, 0, 0, 2, 1, 2, 3, 1, 3, 1, 0, 0, 3, 0, 1, 3, 2, 3, 1, 1, 1, 3, 2, 3, 1, 3, 3, 1, 0, 0, 1, 2, 0, 0, 0, 3, 1, 1, 3, 2, 1, 3, 0, 3, 3, 1, 0, 3, 1, 1, 1, 1, 1, 1, 1, 0, 3, 0, 0, 3, 1, 2, 1, 2, 2, 1, 3, 1, 2, 1, 0, 1, 3, 3, 1, 0, 0, 1, 0, 0, 3, 2, 3, 3, 0, 0, 2, 2, 2, 3, 0, 1, 2, 3, 3, 3, 2, 1, 2, 1, 1, 2, 1, 3, 3, 1, 1, 2, 3, 1, 2, 3, 3, 3, 2, 1, 3, 3, 3, 3, 2, 3, 3, 3, 3, 0], "predicted_labels": [3, 3, 0, 3, 3, 1, 3, 1, 1, 1, 1, 1, 0, 3, 1, 1, 1, 0, 3, 1, 1, 1, 3, 3, 3, 1, 1, 3, 1, 1, 1, 3, 1, 3, 3, 1, 3, 0, 3, 1, 1, 0, 1, 3, 0, 1, 3, 3, 1, 1, 1, 3, 0, 1, 3, 1, 0, 3, 3, 3, 0, 3, 1, 3, 0, 1, 1, 1, 0, 1, 3, 0, 1, 0, 0, 0, 0, 1, 1, 1, 0, 1, 1, 1, 3, 1, 1, 3, 3, 0, 1, 1, 3, 1, 3, 3, 3, 1, 3, 1, 3, 1, 1, 0, 0, 0, 1, 3, 1, 1, 0, 3, 3, 1, 3, 1, 0, 3, 0, 1, 1, 3, 1, 3, 0, 1, 3, 1, 0, 1, 1, 1, 1, 1, 0, 3, 1, 1, 0, 1, 3, 1], "confidence_scores": [[0.28087748917748917, 0.22714801864801873, 0.2005585359085359, 0.2914159562659563], [0.32686839826839825, 0.21524896769896773, 0.11531709956709958, 0.3425655344655344], [0.29752609057609053, 0.27286075591075604, 0.16078816738816737, 0.2688249861249863], [0.2678297424797425, 0.2648933236697944, 0.169704972804973, 0.29757196104549055], [0.25706866270983936, 0.27497268124032825, 0.18083910893028543, 0.287119547119547], [0.2574465403018037, 0.31658465627939314, 0.15500250305250304, 0.27096630036630037], [0.265426911976912, 0.22770649350649347, 0.2111254467754468, 0.2957411477411477], [0.25320801420801425, 0.3105714285714286, 0.1592028360528361, 0.2770177211677212], [0.19605772005772004, 0.3019576479076479, 0.22705758848994156, 0.2749270435446907], [0.223536888842152, 0.3269681977379345, 0.16069731559290393, 0.28879759782700953], [0.25156761016761015, 0.27628520809256096, 0.2312557537234008, 0.24089142801642804], [0.25969685869685877, 0.29168378843378856, 0.18408887778887803, 0.26453047508047506], [0.28525451215451203, 0.26532680652680674, 0.21147301032301036, 0.23794567099567113], [0.2808801476301476, 0.261874802974803, 0.17517900987900994, 0.2820660395160396], [0.25724533244533243, 0.29706627261627255, 0.16943633588633597, 0.2762520590520593], [0.23726755466755467, 0.3039134920634924, 0.1935443500943502, 0.26527460317460316], [0.2590093795093796, 0.2936992396492396, 0.23330627150627156, 0.21398510933510934], [0.3123524087024087, 0.2328118326118327, 0.1467766677766678, 0.30805909090909095], [0.22479062604062616, 0.2639231046731048, 0.19317599622599627, 0.31811027306027295], [0.25796868131868145, 0.32517874347874365, 0.20737554112554116, 0.20947703407703427], [0.25115427905427906, 0.31599840192487266, 0.1723348040848041, 0.2605125149360444], [0.2820598124098125, 0.2884836940836941, 0.20821385281385305, 0.22124264069264077], [0.248350693750694, 0.25811957650192957, 0.18725813353313359, 0.3062715962142434], [0.2006883089133091, 0.2808047258297259, 0.16906650849150864, 0.34944045676545665], [0.28300481185481174, 0.2429062992562993, 0.18532423132423143, 0.2887646575646576], [0.28306848706848725, 0.2922449050949049, 0.1942606282606282, 0.23042597957597968], [0.21948064713064724, 0.2712837329337331, 0.24041368631368634, 0.26882193362193363], [0.23789225219225227, 0.2770452214452214, 0.1962619436119437, 0.28880058275058285], [0.21514317904317912, 0.31305472305472315, 0.21523767343767353, 0.2565644244644245], [0.24788120768120764, 0.30666827616827624, 0.14952849372849386, 0.2959220224220224], [0.2342655344655346, 0.32932029637029653, 0.21466876456876452, 0.2217454045954047], [0.2655534001945767, 0.23708834058098777, 0.17738716920334585, 0.31997109002109025], [0.23311960816960825, 0.2639172244422245, 0.2534237817737819, 0.24953938561438574], [0.2069953915365682, 0.2518990620490621, 0.23757534687534698, 0.30353019953902316], [0.22074023199023204, 0.2605096292596292, 0.20773052503052514, 0.3110196137196136], [0.24223381340881353, 0.30679438061938064, 0.158288505938506, 0.2926833000333001], [0.20158905538905533, 0.26630976245976257, 0.2086333777333779, 0.32346780441780454], [0.3169602175602175, 0.21494338994339, 0.15139079809079822, 0.31670559440559426], [0.2770295390883627, 0.2784060994560996, 0.13369045203162863, 0.31087390942390974], [0.28165745365745365, 0.3199754848093084, 0.1634863280510339, 0.234880733482204], [0.28269691778809425, 0.29939807414807423, 0.19984673104673104, 0.21805827701710054], [0.3144348429348429, 0.2687033411033411, 0.1547332611832612, 0.262128554778555], [0.2666872832705652, 0.2815276418026419, 0.17788891663891676, 0.2738961582878765], [0.25574456654456657, 0.22147223887223907, 0.2470576090576091, 0.27572558552558557], [0.29069185259185265, 0.24450557775557785, 0.18413271173271187, 0.2806698579198578], [0.2789049006549007, 0.2791508393567216, 0.18572533446945227, 0.2562189255189256], [0.25372872682872677, 0.2581226234549765, 0.22518616775381486, 0.26296248196248223], [0.22496284271284286, 0.2679567599067599, 0.2231713342213343, 0.28390906315906334], [0.25623933843933855, 0.3017711145064086, 0.18906415773768717, 0.25292538931656594], [0.17804673937173948, 0.28388766233766227, 0.257374247974248, 0.28069135031635034], [0.23129141414141413, 0.3035760156510156, 0.18156520146520155, 0.28356736874236865], [0.26703565323565326, 0.2466100843600845, 0.18943594183594192, 0.2969183205683205], [0.2839855921855923, 0.2543608585858587, 0.18486005106005104, 0.27679349816849824], [0.22876355033855045, 0.33744007936507914, 0.2277184981684982, 0.20607787212787215], [0.27303209568209574, 0.25937868242868256, 0.18140942390942397, 0.2861797979797979], [0.2757269286269287, 0.28313467643467666, 0.21784331224331224, 0.22329508269508275], [0.30887676767676764, 0.2544164502164503, 0.16279930069930076, 0.2739074814074815], [0.22802942057942072, 0.2945591658341659, 0.17650932123432123, 0.30090209235209237], [0.2709999167499168, 0.2493549173049174, 0.1649637085137085, 0.31468145743145726], [0.26466866466866473, 0.2757273837273838, 0.1488355967561851, 0.31076835484776677], [0.2958942002442002, 0.25158780386280405, 0.16921436341436352, 0.28330363247863255], [0.24652698412698418, 0.22571301476301478, 0.22152431457431462, 0.30623568653568634], [0.2404117604617606, 0.29887816627816627, 0.2405901875901877, 0.22011988566988575], [0.26114373208490865, 0.24240686503039457, 0.20308230494995205, 0.2933670979347451], [0.35784191919191916, 0.2369761904761906, 0.13359740259740263, 0.27158448773448784], [0.2362611943611945, 0.3014485014985014, 0.18665975690975697, 0.2756305472305472], [0.28061555666555665, 0.2857881788146494, 0.1814687479187481, 0.25212751660104604], [0.2701009657009658, 0.2882781635031637, 0.17364415029415034, 0.2679767205017206], [0.2894396325896327, 0.23572076812076823, 0.21201669441669443, 0.262822904872905], [0.25449343434343435, 0.30211393883893894, 0.20166261238761246, 0.24173001443001454], [0.24030029415029425, 0.24422989232989237, 0.22429688644688647, 0.2911729270729272], [0.30739246864246866, 0.24563449883449884, 0.15668210678210692, 0.29029092574092585], [0.22146175491175493, 0.2983513375513377, 0.23026515429015448, 0.2499217532467532], [0.30091695526695517, 0.2883955488955488, 0.15770531135531132, 0.2529821844821845], [0.3444797979797981, 0.2699788683538684, 0.1525601287601288, 0.23298120490620508], [0.30653983238983246, 0.20135860250860269, 0.23441249861249863, 0.2576890664890666], [0.3245195415695415, 0.25548690753690756, 0.1894896825396825, 0.2305038683538685], [0.20680458985458988, 0.2869055111555112, 0.2213850149850151, 0.2849048840048838], [0.2560823731823732, 0.31040500610500615, 0.17110487845487857, 0.2624077422577422], [0.17980216450216469, 0.33919795759795773, 0.19937549117549128, 0.2816243867243867], [0.2607685148185149, 0.26067615521733184, 0.24372024282906649, 0.23483508713508713], [0.1966071725659961, 0.3080324175824177, 0.22527760507466393, 0.2700828047769225], [0.25422569681780216, 0.3009796664120194, 0.18595460487225196, 0.25884003189792676], [0.2746521645021646, 0.322536901986902, 0.2037112332112333, 0.1990997002997003], [0.19852827727827727, 0.28978003663003665, 0.19032283827283822, 0.321368847818848], [0.23098778998779004, 0.29191338383838383, 0.20936531524031524, 0.267733510933511], [0.26622402597402595, 0.28200043290043303, 0.1784407425907426, 0.2733347985347986], [0.18713383838383857, 0.2902192196692197, 0.20061940836940834, 0.3220275335775336], [0.19564593184593196, 0.3050855977355977, 0.19225274170274184, 0.30701572871572863], [0.2941155566655568, 0.24972931235431245, 0.22275943778443782, 0.23339569319569328], [0.2553244144744146, 0.29598145743145754, 0.17019239649239656, 0.2785017316017317], [0.28821184371184366, 0.2897169413919412, 0.19574963369963388, 0.22632158119658133], [0.26674472194472204, 0.18678157985805063, 0.19337774447774447, 0.3530959537194831], [0.2697123709623711, 0.2709890220890221, 0.21933074148074158, 0.23996786546786553], [0.2702036075036076, 0.21766326173826184, 0.20315908535908547, 0.30897404539904555], [0.2516111471861472, 0.2834039405039404, 0.16561344211344217, 0.2993714701964702], [0.20667947052947053, 0.28451639471639495, 0.20701055056055073, 0.3017935841935842], [0.21323889721389727, 0.2734075813075814, 0.2713581030081029, 0.24199541847041853], [0.23253902568020218, 0.31265216450216443, 0.14106657231657233, 0.313742237501061], [0.24175795952413612, 0.3054324903854316, 0.19381188027658622, 0.25899766981384637], [0.2614574453324453, 0.24863765678765684, 0.19507270507270505, 0.29483219280719286], [0.23239515484515488, 0.3132313464313465, 0.1807796425796426, 0.2735938561438563], [0.23313308913308922, 0.3189122247034012, 0.18569350290232647, 0.26226118326118336], [0.31595574980574975, 0.23625687221275476, 0.18652005772005784, 0.26126732026143784], [0.31956625596625604, 0.2525437312687313, 0.19675258352758354, 0.23113742923742925], [0.3094120018870021, 0.2748119547119548, 0.16122029082029085, 0.2545557525807528], [0.2567128371628373, 0.2866773004773006, 0.17392422022422022, 0.2826856421356422], [0.28619613442113445, 0.25666715784215777, 0.15695252525252537, 0.30018418248418255], [0.2214126984126985, 0.29013390498390507, 0.24601935841935843, 0.24243403818403814], [0.25383294483294483, 0.2660183094683095, 0.22918576978576996, 0.250962975912976], [0.32966187701187705, 0.23527157287157294, 0.14278951603951603, 0.29227703407703404], [0.2315075036075038, 0.28006875624375627, 0.15954851537351547, 0.32887522477522485], [0.3279474497724499, 0.22321982625217923, 0.11699256299256301, 0.3318401609828079], [0.24421110556110562, 0.27394150849150856, 0.2372624930624931, 0.24458489288489293], [0.23392727272727284, 0.2512992063492065, 0.20350346320346321, 0.31127005772005756], [0.20748424908424917, 0.3542731601731603, 0.22508775668775674, 0.21315483405483415], [0.32434086469086476, 0.2267715562215563, 0.15192475302475308, 0.2969628260628262], [0.2659987068487069, 0.27029613719613743, 0.1785115662115663, 0.2851935897435898], [0.2744624542124542, 0.24179768564768572, 0.2349107503607504, 0.24882910977910988], [0.20983478188478197, 0.30008817293817297, 0.23077717282717297, 0.2592998723498725], [0.2369534576534578, 0.2888988178488179, 0.1861631202131202, 0.28798460428460443], [0.24421111111111113, 0.2635169552669554, 0.2044583694083695, 0.2878135642135643], [0.16975677655677673, 0.34335652288887575, 0.19108296703296704, 0.2958037335213806], [0.24384558774558784, 0.26971516816516816, 0.20288875013875018, 0.28355049395049403], [0.2983726995226995, 0.2576127261627261, 0.1960541347541348, 0.24796043956043973], [0.26888022533022554, 0.29171081141081134, 0.20051098901098896, 0.2388979742479743], [0.26826926961926967, 0.21996567876567868, 0.23448106893106913, 0.2772839826839828], [0.27358025308025324, 0.2830804251304253, 0.19836821511821517, 0.24497110667110686], [0.29177675657675656, 0.27345371295371296, 0.1651408535908536, 0.26962867687867687], [0.2035927183927186, 0.3551812076812079, 0.20831857586857594, 0.23290749805749808], [0.23187449217449219, 0.2762401820401821, 0.2353972194472196, 0.25648810633810637], [0.2344209290709291, 0.31362031302031307, 0.1883535020535021, 0.263605255855256], [0.24823080808080816, 0.2893136363636365, 0.188336002886003, 0.27411955266955285], [0.23864191919191927, 0.29112331557331556, 0.23683741258741278, 0.23339735264735273], [0.30793494283494277, 0.2524255772005772, 0.14853201243201244, 0.2911074675324675], [0.2501766289266289, 0.2648732267732269, 0.2084515651015652, 0.2764985791985792], [0.22424906759906776, 0.31689296814296825, 0.19063200133200134, 0.26822596292596296], [0.23395735375735385, 0.31058241758241745, 0.20065328837828844, 0.2548069402819403], [0.274910562476739, 0.259199361749362, 0.19233127150627147, 0.2735588042676277], [0.23822881285381303, 0.2848883560883561, 0.22085766733266743, 0.2560251637251638], [0.2604438561438563, 0.258577677877678, 0.17461418581418583, 0.30636428016427997], [0.2702090187590189, 0.28832732822732837, 0.15477449674508503, 0.286689156268568]]}, "rewritten": {"ids": ["97106770", "97106970", "97107950", "97111790", "97112170", "97114170", "97116790", "98110230", "98110810", "98112580", "98117740", "98120530", "99107300", "99108580", "99108710", "99109910", "99110730", "99112300", "99112641", "99112840", "99114890", "99120010", "101108290", "101111210", "101111620", "101112690", "101119030", "102109840", "102110050", "102110690", "102110750", "102111990", "102112030", "102112250", "102113210", "102116500", "102121700", "103109791", "103110050", "103110220", "103111540", "103113260", "103117461", "103118110", "103120290", "103120531", "103120730", "104110960", "104111380", "104111780", "104111880", "104112470", "104113170", "104114240", "104114320", "104116441", "104116800", "104117200", "104117630", "104118340", "105112130", "105112240", "105113330", "105113620", "105120280", "106114011", "106114150", "106115120", "106116120", "106117650", "106117790", "106120640", "107112840", "107112850", "107114200", "107114780", "107115140", "107117010", "107118120", "107119130", "107120130", "107121700", "108114270", "108116120", "108117451", "108118060", "108118630", "108119550", "109114030", "109114720", "109116040", "109116170", "109116441", "109117110", "109117431", "109117730", "109119340", "109120540", "109120621", "109121410", "110114561", "110114950", "110115580", "110117080", "110117200", "110118181", "110121720", "111116110", "111116530", "111116990", "111117000", "111119250", "111120220", "111121410", "111121930", "112116290", "112116451", "112116810", "112117571", "112117660", "112118421", "112118550", "112118620", "112118810", "112118860", "112118890", "112119930", "112119950", "112119980", "112121360", "113117401", "113117630", "113118421", "113118490", "113118511", "113118630", "113118690", "113119340", "113119480", "113120751", "113120830", "113121190"], "labels": [3, 2, 2, 2, 0, 2, 2, 3, 1, 2, 2, 1, 3, 0, 2, 2, 3, 0, 1, 2, 2, 2, 0, 2, 3, 1, 3, 2, 3, 0, 1, 2, 2, 0, 3, 1, 1, 3, 3, 2, 1, 3, 0, 2, 2, 3, 1, 2, 3, 3, 3, 1, 3, 0, 2, 1, 1, 3, 0, 2, 1, 1, 3, 0, 3, 1, 1, 1, 1, 1, 1, 3, 1, 1, 2, 2, 0, 1, 3, 1, 2, 3, 3, 1, 2, 1, 1, 1, 1, 0, 0, 0, 3, 1, 1, 3, 3, 1, 1, 0, 0, 0, 1, 1, 3, 1, 3, 3, 3, 0, 0, 1, 3, 0, 1, 0, 0, 3, 3, 0, 3, 3, 3, 3, 3, 3, 1, 0, 0, 3, 3, 0, 3, 1, 1, 3, 3, 0, 3, 1, 3, 1], "predicted_labels": [0, 0, 3, 3, 3, 3, 1, 1, 1, 1, 3, 0, 3, 1, 1, 2, 3, 1, 0, 3, 1, 1, 0, 0, 0, 0, 3, 1, 3, 0, 1, 3, 1, 0, 3, 1, 0, 0, 1, 1, 3, 1, 3, 3, 1, 3, 1, 1, 0, 1, 3, 3, 1, 1, 1, 3, 1, 3, 3, 1, 1, 1, 0, 1, 1, 0, 0, 0, 3, 1, 1, 1, 0, 1, 1, 1, 3, 3, 1, 1, 1, 1, 3, 0, 0, 0, 3, 0, 1, 3, 3, 1, 3, 3, 1, 0, 3, 1, 0, 3, 0, 0, 0, 1, 3, 1, 3, 3, 1, 0, 1, 1, 1, 1, 0, 1, 0, 0, 3, 0, 0, 3, 0, 3, 0, 1, 1, 3, 3, 0, 3, 1, 0, 3, 1, 1, 3, 0, 3, 1, 1, 1], "confidence_scores": [[0.30269480519480524, 0.2543776501276502, 0.23727983682983694, 0.2056477078477079], [0.3051890331890333, 0.22147361527361523, 0.18049778554778564, 0.29283956598956606], [0.21641332001332, 0.2776847402597404, 0.183622718947719, 0.32227922077922067], [0.30263383283383305, 0.21454552114552125, 0.17403695748695758, 0.3087836885336886], [0.2592373071373072, 0.26491711344211344, 0.1772918775668776, 0.2985537018537018], [0.20928057498057503, 0.28712279387279377, 0.20678333888333894, 0.29681329226329206], [0.26961933621933626, 0.2940872718784482, 0.20483314104196454, 0.2314602508602509], [0.2607278202189968, 0.289656646131646, 0.18135736485736484, 0.2682581687919923], [0.22593530358530367, 0.3415758713508713, 0.22318440170940182, 0.20930442335442345], [0.18270027750027765, 0.3562987345987346, 0.20449115884115884, 0.2565098290598291], [0.21154230214230224, 0.26699012099012115, 0.22587445887445892, 0.2955931179931181], [0.29421029526029546, 0.28172719910808136, 0.16392371109282886, 0.2601387945387946], [0.29271399156399164, 0.24492772782772793, 0.15878989343989353, 0.30356838716838724], [0.2585158008658011, 0.2813367965367966, 0.2320103896103897, 0.22813701298701305], [0.22448132145632152, 0.3103253912753911, 0.16482957597957604, 0.3003637112887115], [0.21849933399933416, 0.25163768453768465, 0.2860503663003663, 0.24381261516261518], [0.19691275391275395, 0.2826836052836052, 0.21240037740037768, 0.3080032634032634], [0.22773961675579324, 0.2691017316017315, 0.2414053422068129, 0.2617533094356624], [0.29009608169608186, 0.23243883893883904, 0.21593759018759023, 0.26152748917748925], [0.24113977688977703, 0.30011285381285385, 0.14793252303252302, 0.3108148462648463], [0.22335945165945173, 0.3000247696747697, 0.24972099567099573, 0.22689478299478322], [0.24170809468309473, 0.25839207181707186, 0.24511515151515162, 0.25478468198468207], [0.30203470418470435, 0.22714143079143087, 0.170520745920746, 0.30030311910311924], [0.2859801143301144, 0.2514974691974692, 0.19297142302142314, 0.2695509934509936], [0.32029472749472754, 0.20522709512709522, 0.21651968586968598, 0.2579584915084914], [0.2723524642024641, 0.2563937190260722, 0.21100537077301787, 0.26024844599844604], [0.2933477744477744, 0.2369091908091908, 0.16901014541014542, 0.30073288933288944], [0.2121883338883339, 0.2951377788877792, 0.23577852702852714, 0.25689536019536025], [0.2127760850260851, 0.280760672660673, 0.20520079642579664, 0.3012624458874457], [0.2895773670773671, 0.2774450937950938, 0.15247181152181155, 0.2805057276057277], [0.2216577922077924, 0.34419865134865135, 0.21972280497280505, 0.21442075147075154], [0.27508272838272835, 0.2267228607993314, 0.2175769730269732, 0.28061743779096743], [0.2506608669108668, 0.2789418875242405, 0.2141118864795336, 0.25628535908535915], [0.3019673881673883, 0.2063004051504052, 0.20149967809967823, 0.2902325285825287], [0.28649372016872027, 0.2523190170940172, 0.15214336219336225, 0.30904390054390063], [0.2598001831501832, 0.26350132090132095, 0.22674774669774664, 0.24995074925074937], [0.2979765512265512, 0.2951747474747476, 0.19020642135642143, 0.21664227994227991], [0.27035315795315784, 0.26907958152958145, 0.20612562992563008, 0.25444163059163066], [0.21596187146187154, 0.32567989787989793, 0.18453369963369973, 0.273824531024531], [0.1985842712842714, 0.30812619047619055, 0.19911948051948056, 0.2941700577200578], [0.25348606948606955, 0.2640539405039405, 0.21306382506382518, 0.2693961649461649], [0.2517310189810191, 0.2880302752802753, 0.17305662670662678, 0.28718207903207893], [0.25998329448329455, 0.2864488860812391, 0.16586887948652668, 0.2876989399489399], [0.23120793095793107, 0.27416745476745497, 0.1897380508380509, 0.3048865634365634], [0.22721093351093352, 0.2703402985902988, 0.25167021312021315, 0.25077855477855476], [0.26153344433344455, 0.25751576756576766, 0.19994618159618163, 0.2810046065046066], [0.26447891830391834, 0.27635114607614586, 0.19892099844599853, 0.26024893717393716], [0.2745656066156067, 0.27711053946053954, 0.20208323343323348, 0.24624062049062054], [0.32033514263514273, 0.2632259240759244, 0.173325801975802, 0.24311313131313134], [0.24618131868131873, 0.3293276196026196, 0.1566513282469165, 0.2678397334691453], [0.21194686147186156, 0.27220072150072155, 0.18612092352092366, 0.32973149350649344], [0.21510051615051615, 0.27488142413142413, 0.20438780108780125, 0.3056302586302587], [0.2290262348762349, 0.2829218725718726, 0.22843862248862246, 0.25961327006327023], [0.26641556776556785, 0.2986876984126985, 0.1831203990453991, 0.2517763347763349], [0.2755983460983462, 0.28013750693750705, 0.20546432456432465, 0.23879982239982256], [0.290551404151404, 0.28167282162282165, 0.13014098124098128, 0.29763479298479295], [0.268426961926962, 0.27736575091575094, 0.1948634643134644, 0.25934382284382296], [0.20469163059163065, 0.30518210678210667, 0.1638997113997116, 0.3262265512265514], [0.2795062493062493, 0.24729186369186376, 0.18817653457653463, 0.2850253524253525], [0.21280851370851372, 0.37171966366966364, 0.17771441891441897, 0.2377574037074038], [0.2623076534576536, 0.319719647019647, 0.20132657342657345, 0.21664612609612627], [0.27317115662115676, 0.3219285440050145, 0.1705465201465202, 0.23435377922730877], [0.3539951659451659, 0.21092061827061834, 0.13384834054834052, 0.3012358752358753], [0.21963924963924975, 0.34026678321678305, 0.20528601953601963, 0.23480794760794776], [0.23177345987345993, 0.2715592907092907, 0.2450581196581198, 0.25160912975912986], [0.30332568901686535, 0.2936514759750054, 0.20115727964845612, 0.20186555535967307], [0.26884404484404484, 0.24360752025752033, 0.24725687645687647, 0.24029155844155858], [0.34740622710622715, 0.24156317571317582, 0.1657331834831836, 0.24529741369741384], [0.27344114578232226, 0.250737066854714, 0.1700461796373563, 0.30577560772560775], [0.27171934454434477, 0.3133847652347653, 0.1832058653764536, 0.23169002484443668], [0.2547081585081585, 0.2746072665896195, 0.22062370244134966, 0.2500608724608725], [0.27144659229659246, 0.32709047064047064, 0.20086128871128875, 0.20060164835164837], [0.30049375624375635, 0.262422644022644, 0.1783843212343213, 0.2586992784992785], [0.23942132312132328, 0.30887233322233304, 0.2023157620157621, 0.24939058164058173], [0.2845224461812697, 0.30106901986901996, 0.13438332582450238, 0.2800252081252081], [0.2713479742479744, 0.3214101121101123, 0.1798873459873461, 0.22735456765456782], [0.29220190365190374, 0.20027484770131831, 0.1781966200466201, 0.32932662860015816], [0.20362760017760023, 0.2810813852813854, 0.2035576103634928, 0.31173340417752177], [0.21919030998241543, 0.3115246353319883, 0.18047921637186345, 0.2888058383137333], [0.2216844599844601, 0.33150225885225876, 0.1806116217116217, 0.26620165945165974], [0.24683022533022533, 0.295229415029415, 0.2068782772782774, 0.25106208236208233], [0.24646853701853705, 0.29387145632145606, 0.2249926379176379, 0.23466736874236885], [0.2826931235431236, 0.27240393495393495, 0.14426573426573433, 0.30063720723720727], [0.3297222000222001, 0.19600658785658795, 0.15635858585858597, 0.3179126262626263], [0.3262309718059719, 0.20717161727161734, 0.15726466311466322, 0.3093327478077478], [0.2995590909090907, 0.23982269429916514, 0.18018269508269522, 0.28043551970904906], [0.21388628871128895, 0.2724731990231991, 0.1620072011322012, 0.35163331113331103], [0.28505136004346543, 0.2235631590631591, 0.21474215229215238, 0.2766433286012234], [0.22564999474210018, 0.29051877566877565, 0.21570381285381296, 0.26812741673531154], [0.189919030969031, 0.2423292152292153, 0.23261931401931416, 0.3351324397824396], [0.2404687923187924, 0.25346142191142207, 0.2090903485403487, 0.29697943722943715], [0.2504188089688089, 0.3165954767454768, 0.16249296259296267, 0.27049275169275183], [0.2937821270233035, 0.2735896686646688, 0.13509961704961698, 0.29752858726241077], [0.2228455211455212, 0.27613156843156855, 0.1808299866799868, 0.32019292374292374], [0.2394055167055169, 0.300106537906538, 0.16586998556998567, 0.2946179598179598], [0.3389239459886519, 0.22088552003552017, 0.18391166284695704, 0.25627887112887127], [0.26202752802752816, 0.2427492174492175, 0.1730867854367855, 0.32213646908646903], [0.2686748251748252, 0.3050128926628927, 0.17726228771228775, 0.24904999444999457], [0.30583373848373846, 0.23402912642912654, 0.175078071928072, 0.2850590631590633], [0.24633725718725735, 0.2705049506049507, 0.18531882561882565, 0.29783896658896664], [0.28691850371850386, 0.2849557775557776, 0.18222618492618503, 0.2458995337995339], [0.34479766899766906, 0.206374025974026, 0.1536547619047619, 0.295173543123543], [0.30011162726162727, 0.2203111924023691, 0.20956128512010874, 0.27001589521589525], [0.16472611832611841, 0.353027489177489, 0.1763743145743146, 0.30587207792207816], [0.22973386890886896, 0.26768356806592103, 0.20550136252636256, 0.29708120049884734], [0.23943831168831178, 0.309350061050061, 0.17217842157842173, 0.2790332056832059], [0.26648138528138543, 0.27584949494949496, 0.15035634920634927, 0.3073127705627707], [0.2860712953712953, 0.22216574503927455, 0.18650020861491454, 0.3052627509745156], [0.24101981678452278, 0.2931637196137196, 0.20267815191344613, 0.2631383116883116], [0.35049424464424483, 0.25488876678876693, 0.14745140415140418, 0.24716558441558456], [0.1921399378399379, 0.3342688716512247, 0.20959252251016966, 0.26399866799866806], [0.19494878650761008, 0.2968524364524366, 0.2470273719744309, 0.2611714050655228], [0.25034209287444587, 0.2949565323565325, 0.17888667443667444, 0.27581470033234745], [0.2644108086358087, 0.29864370074370095, 0.1769954036159919, 0.259950087004499], [0.3886802622214389, 0.25068744980509694, 0.11928236567354224, 0.24134992229992247], [0.26772335442335443, 0.2923178710178711, 0.18475031635031638, 0.2552084582084583], [0.3391204323454322, 0.26254914252414274, 0.15167541902541906, 0.2466550061050063], [0.2680345099345099, 0.26701026196026206, 0.22402637917637927, 0.24092884892884894], [0.24351625041625055, 0.2710880286380288, 0.20077056832056844, 0.28462515262515264], [0.301439751914752, 0.2768978521478522, 0.16737007437007442, 0.2542923215673216], [0.32326363192191365, 0.24687202633967345, 0.1698008971420737, 0.2600634445963394], [0.25866257631257644, 0.257820598845599, 0.1613117188367189, 0.3222051060051061], [0.3114337662337665, 0.2924075036075035, 0.1740805194805196, 0.22207821067821082], [0.26268500943500955, 0.276264269064269, 0.1480763347763348, 0.3129743867243869], [0.2800718614718616, 0.2558091131091131, 0.23345885225885227, 0.2306601731601732], [0.2653066738816741, 0.2851809024309026, 0.17181732874968175, 0.2776950949377423], [0.20841309801309807, 0.3015885026737968, 0.19832782185135142, 0.29167057746175395], [0.2951260461760463, 0.25407676767676773, 0.14915122655122665, 0.3016459595959597], [0.24215381285381285, 0.28693262978851236, 0.14749992654404429, 0.3234136308136307], [0.3075780386280387, 0.28882105394605406, 0.1531056082806084, 0.25049529914529917], [0.27382722277722277, 0.24665531690531703, 0.18055933510933522, 0.29895812520812526], [0.2728832195582196, 0.2895426152279094, 0.18092703375056332, 0.256647131463308], [0.3368085858585859, 0.19484023754023752, 0.13715454545454547, 0.3311966311466311], [0.2878639693639694, 0.22752665667665672, 0.17155595874713522, 0.31305341521223884], [0.24458520923520935, 0.28234558497058493, 0.2159547979797979, 0.2571144078144079], [0.23440990675990686, 0.3154021978021979, 0.17648750693750695, 0.2737003885003886], [0.2532860972360973, 0.27064405594405605, 0.1877167332667333, 0.28835311355311366], [0.31001022311022325, 0.28231863691863696, 0.1357868686868687, 0.27188427128427134], [0.2786761072261072, 0.2602529914529915, 0.14723088578088583, 0.3138400155400155], [0.24770189810189824, 0.2667429736929737, 0.22354675879675887, 0.26200836940836936], [0.20469052059052065, 0.3176512376512376, 0.21868528138528148, 0.2589729603729605], [0.2873034410034411, 0.30980958208458226, 0.19592403984903992, 0.20696293706293709]]}}