{"test": {"ids": ["112116990", "108120700", "103111110", "97110950", "110121170", "99112300", "106113830", "104114410", "112119980", "112116800", "113119700", "107113200", "99110730", "105115720", "103111170", "103109791", "101110150", "108116070", "97106970", "112116900", "112119610", "100108260", "102110050", "109118820", "113120280", "113119340", "105117200", "110117080", "112121360", "110117870", "98116940", "99109311", "105112130", "102118380", "110118111", "100116790", "112120630", "110115140", "105116441", "108113740", "100109311", "112116401", "100117420", "97116401", "112119580", "113118511", "103112470", "110114561", "97106600", "112117461", "109121351", "100107920", "112116640", "109116441", "106117790", "107116300", "110118450", "111119580", "113118231", "111118820", "104111550", "112118620", "104111990", "99117630", "99107950", "98107340", "111116170", "98110710", "98109311", "110121720", "100109000", "113120540", "112117780", "112120270", "109119450", "107121640", "113119320", "99108310", "97105760", "110118630", "104114240", "112118530", "113117550", "105116860", "111116090", "105116090", "108114200", "99116500", "111119930", "107114280", "112120540", "103110840", "100120010", "103113210", "99105921", "104113380", "112117790", "109119591", "112117210", "108116481", "103113101", "97105960", "111120531", "107120260", "98106680", "99109161", "109114720", "99109780", "97106770", "97116410", "104109311", "105118740", "103117461", "108117451", "112121430", "101109370", "105121190", "108116501", "106116640", "107114621", "105119950", "100116500", "108121190", "113120070", "99111000", "102114270", "108115070", "103120340", "110120640", "112121030", "113122510", "112117030", "100109910", "98106560", "108120621", "113117340", "101108290", "110120190", "101108121", "113117401", "110113931", "112118880"], "labels": [0, 2, 3, 3, 2, 0, 1, 1, 0, 0, 0, 0, 3, 1, 2, 3, 1, 1, 2, 3, 0, 3, 3, 3, 0, 0, 3, 1, 3, 3, 2, 1, 1, 1, 1, 2, 3, 0, 1, 3, 1, 0, 2, 3, 3, 1, 1, 0, 3, 0, 0, 0, 0, 3, 1, 0, 0, 3, 3, 0, 1, 3, 2, 3, 1, 0, 0, 2, 1, 3, 1, 3, 0, 0, 3, 1, 1, 2, 0, 1, 0, 1, 3, 2, 3, 1, 0, 2, 1, 3, 3, 1, 0, 3, 1, 1, 3, 0, 1, 0, 3, 2, 0, 1, 1, 3, 0, 2, 3, 3, 3, 1, 0, 2, 2, 1, 2, 0, 3, 0, 3, 2, 1, 2, 2, 3, 1, 1, 0, 0, 2, 2, 2, 1, 1, 2, 0, 3, 0, 3, 1, 1], "predicted_labels": [3, 1, 0, 0, 1, 3, 3, 0, 1, 1, 0, 1, 1, 0, 0, 0, 0, 3, 2, 3, 2, 1, 1, 3, 0, 1, 3, 1, 0, 0, 3, 1, 1, 2, 0, 1, 0, 1, 1, 3, 0, 0, 3, 1, 3, 3, 0, 1, 1, 0, 0, 0, 1, 3, 3, 1, 1, 0, 2, 3, 2, 3, 2, 2, 1, 2, 1, 3, 0, 1, 3, 1, 1, 3, 2, 1, 0, 1, 0, 0, 2, 3, 3, 1, 0, 0, 0, 2, 3, 1, 1, 1, 2, 3, 1, 3, 3, 0, 1, 3, 0, 3, 3, 3, 2, 0, 1, 2, 2, 0, 0, 3, 1, 3, 2, 0, 3, 3, 0, 3, 1, 0, 2, 1, 3, 3, 1, 2, 3, 3, 2, 1, 1, 2, 0, 3, 1, 3, 0, 0, 1, 3], "confidence_scores": [[0.10089849993111957, 0.3489984457380342, 0.145975221688725, 0.4041278326421212], [0.39848425955558053, 0.5711703278572295, 0.007670278690496288, 0.022675133896693588], [0.6892573293828348, 0.00033334195076107097, 0.016638998225515463, 0.2937703304408886], [0.4347890439087446, 0.06892127404090487, 0.41103006198448966, 0.08525962006586081], [0.038368059623913243, 0.5793097277692978, 0.07535421615949335, 0.3069679964472956], [0.09159877237194274, 0.2787606688264002, 0.2005273546575273, 0.4291132041441298], [0.3353885507361392, 0.18368291699706163, 0.048043477646821035, 0.432885054619978], [0.6743115081448395, 0.10413500974236063, 0.16222178151649067, 0.059331700596309114], [0.09666937652901404, 0.4561075122031999, 0.17079285798568564, 0.27643025328210036], [0.05107130832752874, 0.8078214726497983, 0.026113067681674568, 0.11499415134099815], [0.6688595744684832, 0.2988095039796439, 0.02791941862551445, 0.004411502926358465], [0.2782859134434459, 0.551162612148721, 0.0071089519816269885, 0.1634425224262062], [0.06929886796812018, 0.5095296117243846, 0.35363544855243084, 0.06753607175506442], [0.492126121774619, 0.09507639138719687, 0.06770518920135829, 0.3450922976368258], [0.27968187614932605, 0.27336260464654333, 0.22231586584066765, 0.224639653363463], [0.7725814184850827, 0.057557681906830846, 0.06847469151689108, 0.10138620809119533], [0.5377657550219185, 0.26457836272231117, 0.020734820673388134, 0.1769210615823821], [0.06186234764147052, 0.14523036883770585, 0.24545664170312287, 0.5474506418177008], [0.011675912789436561, 0.19969253481231733, 0.7666663502326585, 0.021965202165587703], [0.2524193154828006, 0.026008606323442762, 0.08875533673620113, 0.6328167414575555], [0.0026411136526390956, 0.1051243869602266, 0.5146762816890705, 0.3775582176980638], [0.04992992565777154, 0.9485753079221825, 0.0008848336979144026, 0.0006099327221317521], [0.21285599512263687, 0.6728773038365279, 0.052404472505551816, 0.06186222853528337], [0.3669458373648741, 0.01996744255017585, 0.005270525090720833, 0.6078161949942292], [0.5411709376007773, 0.0023612927450596503, 0.002808398451486264, 0.4536593712026768], [0.3207129027872248, 0.5279720769133271, 0.0106112464221835, 0.14070377387726454], [0.17298398278032864, 0.10423613752215437, 0.16442000734176895, 0.558359872355748], [0.260318869733565, 0.4255764479471114, 0.24453228697278312, 0.06957239534654044], [0.6284083168014094, 0.005395026449102917, 0.08335888112949176, 0.28283777561999596], [0.7816292589760654, 0.06438311143716649, 0.041530081897123365, 0.1124575476896448], [0.027692425821032183, 0.04109318881025278, 0.4166705169574772, 0.5145438684112379], [0.29937741107219745, 0.6132908396913231, 0.08167580989236639, 0.00565593934411303], [0.007771577964397877, 0.47263806652862445, 0.30160617615615776, 0.2179841793508198], [0.043144289222314246, 0.32992586122266765, 0.48893794447968225, 0.13799190507533585], [0.5380398746427204, 0.06008056779184009, 0.10934098994667542, 0.29253856761876407], [0.08382642085782523, 0.7104389079250455, 0.14207054801298907, 0.0636641232041402], [0.8948651569007612, 0.04084319335808564, 0.005996788167999998, 0.058294861573153285], [0.16023646680536038, 0.4118647295948482, 0.2873534381316162, 0.14054536546817525], [0.23782650733276628, 0.5005170633898773, 0.16222715454079584, 0.09942927473656062], [0.05375645123226526, 0.0035326967589006174, 0.03296551655032402, 0.9097453354585102], [0.44346105666621355, 0.07854036565919782, 0.04126870191102378, 0.4367298757635648], [0.5535974064246355, 0.17310727678543508, 0.02111255569739002, 0.2521827610925394], [0.28254239818022897, 0.2640950698772093, 0.11189844416292183, 0.34146408777963994], [0.2673217499839352, 0.6556140967446028, 0.06306669813721943, 0.013997455134242573], [0.14090113060922513, 0.053460142933976704, 0.01533129410114697, 0.7903074323556512], [0.009980297462564526, 0.4125405066147688, 0.047446956926428405, 0.5300322389962383], [0.8000161112929487, 0.00542586334606469, 0.07498799584860276, 0.11957002951238374], [0.3067622087779955, 0.6439136835564045, 0.02359722642675011, 0.025726881238849995], [0.04663451423142399, 0.7392807861613271, 0.028713547945167388, 0.1853711516620816], [0.5018653113205686, 0.3025831064740775, 0.005912970223269502, 0.18963861198208445], [0.5534792488686369, 0.2211731791286094, 0.03639131852987222, 0.18895625347288153], [0.6790239040924094, 0.05206788651944846, 0.021180736722974443, 0.2477274726651676], [0.06094174225039818, 0.5986345271872495, 0.1331120504749839, 0.2073116800873685], [0.4858643419755174, 0.01789625240276127, 0.002115508994025593, 0.49412389662769585], [0.02404991682715607, 0.19543542461948707, 0.17776162943777007, 0.6027530291155868], [0.09657062722627774, 0.6682805156196131, 0.046183405451856424, 0.18896545170225273], [0.08148864196368759, 0.8066630554827023, 0.04918089558010989, 0.06266740697350014], [0.7508440418944915, 0.018983230878377954, 0.09160139434597128, 0.13857133288115925], [0.008441472909296328, 0.11513922094323147, 0.667442169474849, 0.20897713667262313], [0.3548863792694964, 0.04325478404859752, 0.03460446375048283, 0.5672543729314233], [0.11765882091424681, 0.011943520070684551, 0.6504512722202073, 0.2199463867948614], [0.08068120096882751, 0.05113255268604466, 0.07354620370918734, 0.7946400426359406], [0.4492371265927111, 0.03437004432836461, 0.4596348452858771, 0.05675798379304732], [0.07688758928854823, 0.12748636972916857, 0.45508172991255313, 0.34054431106973004], [0.051351207113197246, 0.4863784151810498, 0.37794744553777326, 0.08432293216797966], [0.1794248738901909, 0.0865427475203945, 0.5764908598452233, 0.15754151874419128], [0.08412956389032315, 0.46880906756747964, 0.019697214778385663, 0.4273641537638117], [0.009753687546963895, 0.11806098742099737, 0.09352846452252656, 0.7786568605095121], [0.5606293503001375, 0.22219604173414859, 0.19420137096562934, 0.022973237000084665], [0.030933607659796802, 0.5690103999174826, 0.024678421350534187, 0.37537757107218644], [0.10769395455172046, 0.0716504788642971, 0.0218597365309446, 0.7987958300530378], [0.02040063508563891, 0.7194749380116017, 0.0028914792270922102, 0.2572329476756672], [0.3835810651962207, 0.5476153524476604, 0.019142070511924354, 0.049661511844194525], [0.2764460196663707, 0.07640134467918556, 0.08956753323866248, 0.5575851024157812], [0.0012669402623564107, 0.015328598330780678, 0.5267108199821501, 0.4566936414247129], [0.2244813161280267, 0.3697005976075091, 0.18099766218931962, 0.2248204240751446], [0.5892084534283908, 0.2899807598517385, 0.028399666320781787, 0.09241112039908904], [0.23216435773788993, 0.6022696215938548, 0.13961591922698188, 0.025950101441273504], [0.7953392483595441, 0.017723494353883096, 0.06854080176906262, 0.11839645551751016], [0.5837515045907207, 0.1314001641503422, 0.01533198983826702, 0.26951634142067], [0.29063863465275075, 0.23440513157871262, 0.33587154858131024, 0.13908468518722641], [0.036976637869762276, 0.08809943461459564, 0.10479095733233879, 0.7701329701833032], [0.08827022304950662, 0.011456687901860305, 0.3513242536273774, 0.5489488354212557], [0.1465064276244369, 0.673784700957541, 0.050548166841915446, 0.12916070457610662], [0.7982747533680344, 0.06736347453317873, 0.06832998165244152, 0.06603179044634538], [0.6284692166953959, 0.08205823581257488, 0.024389184894324335, 0.2650833625977049], [0.5538069825975811, 0.30304044134565106, 0.10770857259965123, 0.0354440034571165], [0.007210937630287468, 0.08530398180712286, 0.9015562443948771, 0.005928836167712582], [0.07461517407455438, 0.35711538204614474, 0.03144255893554872, 0.5368268849437522], [0.06271858957112551, 0.6587768616233268, 0.11994266582966613, 0.15856188297588164], [0.11935986206396594, 0.49482784123771, 0.02961262845913166, 0.3561996682391925], [0.14270438622366768, 0.5219528135968197, 0.05536232481996437, 0.27998047535954834], [0.049811472734358785, 0.26345096140669544, 0.6439413964679208, 0.04279616939102501], [0.0739978536956027, 0.09533843253232292, 0.323294025014778, 0.5073696887572964], [0.009724991170576605, 0.5097931216822065, 0.09295655049628244, 0.38752533665093447], [0.36921010782739466, 0.15744685326648977, 0.015858260788518094, 0.45748477811759747], [0.44138508984124625, 0.012630166832747546, 0.0010123451022882185, 0.544972398223718], [0.6163670134653222, 0.32719477384291407, 0.03404885127523076, 0.02238936141653292], [0.19484341637963648, 0.5330914397473813, 0.1270783467946689, 0.1449867970783134], [0.07752069500605079, 0.08984777893030196, 0.007380044306359228, 0.825251481757288], [0.5384649425931403, 0.22010189878712197, 0.1948093804909023, 0.04662377812883553], [0.1823377192595847, 0.08552692248787838, 0.21281018658163015, 0.5193251716709069], [0.3739654226743486, 0.03282086045484059, 0.002008409164993747, 0.5912053077058169], [0.15106203138032198, 0.1363260953793812, 0.046276192578631276, 0.6663356806616655], [0.23360532424256458, 0.11590977345675482, 0.6429573950949696, 0.007527507205711031], [0.39997897694527446, 0.3325083054265005, 0.2648042902997003, 0.0027084273285246196], [0.10777756915635497, 0.5908448816679085, 0.01630548318355667, 0.28507206599217993], [0.12844937786211408, 0.19556217857646718, 0.6126541000140445, 0.06333434354737422], [0.261591734988509, 0.2110237478192295, 0.4281831405902608, 0.09920137660200076], [0.9113199467152591, 0.02456639958403661, 0.05712485946017239, 0.006988794240531868], [0.6287869770422594, 0.016753818936022645, 0.12860865688649212, 0.22585054713522582], [0.24824153388108888, 0.25754019346935414, 0.08901566655117114, 0.4052026060983857], [0.09092351916376712, 0.7598406317484931, 0.10584016808967353, 0.04339568099806611], [0.1872143386698653, 0.36011854263206045, 0.027776952261161524, 0.42489016643691274], [0.06996397189497579, 0.15852707025054433, 0.6540270808780131, 0.11748187697646685], [0.6013910601903414, 0.018447080958736983, 0.3606770123021109, 0.01948484654881068], [0.023295744378662383, 0.1578610050556225, 0.0518548226561725, 0.7669884279095426], [0.07242006488898621, 0.29727677731474933, 0.313105588202255, 0.31719756959400947], [0.6423599793285665, 0.18868630183649063, 0.007307065650324556, 0.16164665318461832], [0.2534545132248637, 0.003446023659405437, 0.003733845996467668, 0.7393656171192633], [0.04197712918600018, 0.5381118404040179, 0.27574597647398547, 0.14416505393599646], [0.3779204167119452, 0.1343852036159466, 0.3427491261875993, 0.1449452534845089], [0.08032571835650258, 0.24482456503083277, 0.40703648245845925, 0.2678132341542054], [0.0456938541662053, 0.726221803530337, 0.05655649271889681, 0.17152784958456085], [0.1890180280642478, 0.009505984961996445, 0.3359778446779158, 0.46549814229584], [0.11833448483292681, 0.21639768558769687, 0.18770401096863637, 0.47756381861073993], [0.09192260594605496, 0.6449041363594338, 0.06928151695256546, 0.1938917407419458], [0.03787929231116516, 0.13336668557283096, 0.45124957802072746, 0.37750444409527634], [0.06288697524665382, 0.018861980141178274, 0.019720424297353836, 0.898530620314814], [0.08459061522967602, 0.10902366355785495, 0.02310450704031337, 0.7832812141721556], [0.0016408686422402946, 0.02155689239359231, 0.7592097128033559, 0.2175925261608115], [0.21850142791244162, 0.43487410865308845, 0.03865377508593011, 0.30797068834853975], [0.08384523970773562, 0.45772784852719844, 0.4347847523651373, 0.023642159399928656], [0.01752129328193221, 0.31866197044754135, 0.384056915110616, 0.2797598211599105], [0.454493800042187, 0.11692922340732899, 0.07381800726405045, 0.35475896928643363], [0.18059428786887566, 0.09939224444551102, 0.31106133550206605, 0.40895213218354737], [0.04525444992510872, 0.5130663977791033, 0.09315847703078912, 0.34852067526499886], [0.0020202151014651845, 0.11501489507766069, 0.08483117103948744, 0.7981337187813868], [0.655098289902054, 0.10163008278465056, 0.012691841688194608, 0.230579785625101], [0.5123659767661699, 0.25247237657740157, 0.038415015701341426, 0.19674663095508707], [0.1257590405808774, 0.5578733805683499, 0.14517528358072904, 0.17119229527004368], [0.3316355641275765, 0.06166012308490708, 0.18715223501990233, 0.41955207776761405]]}, "rewritten": {"ids": ["97105760", "97105960", "97106600", "97106770", "97106970", "97110950", "97116401", "97116410", "98106560", "98106680", "98107340", "98109311", "98110710", "98116940", "99105921", "99107950", "99108310", "99109161", "99109311", "99109780", "99110730", "99111000", "99112300", "99116500", "99117630", "100107920", "100108260", "100109000", "100109311", "100109910", "100116500", "100116790", "100117420", "100120010", "101108121", "101108290", "101109370", "101110150", "102110050", "102114270", "102118380", "103109791", "103110840", "103111110", "103111170", "103112470", "103113101", "103113210", "103117461", "103120340", "104109311", "104111550", "104111990", "104113380", "104114240", "104114410", "105112130", "105115720", "105116090", "105116441", "105116860", "105117200", "105118740", "105119950", "105121190", "106113830", "106116640", "106117790", "107113200", "107114280", "107114621", "107116300", "107120260", "107121640", "108113740", "108114200", "108115070", "108116070", "108116481", "108116501", "108117451", "108120621", "108120700", "108121190", "109114720", "109116441", "109118820", "109119450", "109119591", "109121351", "110113931", "110114561", "110115140", "110117080", "110117870", "110118111", "110118450", "110118630", "110120190", "110120640", "110121170", "110121720", "111116090", "111116170", "111118820", "111119580", "111119930", "111120531", "112116401", "112116640", "112116800", "112116900", "112116990", "112117030", "112117210", "112117461", "112117780", "112117790", "112118530", "112118620", "112118880", "112119580", "112119610", "112119980", "112120270", "112120540", "112120630", "112121030", "112121360", "112121430", "113117340", "113117401", "113117550", "113118231", "113118511", "113119320", "113119340", "113119700", "113120070", "113120280", "113120540", "113122510"], "labels": [0, 2, 3, 3, 2, 3, 3, 3, 1, 1, 0, 1, 2, 2, 1, 1, 2, 3, 1, 2, 3, 2, 0, 2, 3, 0, 3, 1, 1, 2, 2, 2, 2, 0, 0, 0, 1, 1, 3, 3, 1, 3, 1, 3, 2, 1, 3, 3, 0, 1, 3, 1, 2, 1, 0, 1, 1, 1, 1, 1, 2, 3, 1, 3, 2, 1, 3, 1, 0, 3, 0, 0, 1, 1, 3, 0, 1, 1, 0, 0, 2, 1, 2, 1, 0, 3, 3, 3, 0, 0, 1, 0, 0, 1, 3, 1, 0, 1, 3, 0, 2, 3, 3, 0, 0, 3, 1, 0, 0, 0, 0, 3, 0, 2, 1, 0, 0, 3, 1, 3, 1, 3, 0, 0, 0, 3, 3, 0, 3, 2, 2, 3, 3, 3, 1, 1, 0, 0, 2, 0, 3, 2], "predicted_labels": [0, 2, 3, 0, 2, 0, 0, 0, 2, 2, 3, 1, 3, 1, 3, 1, 1, 1, 0, 3, 2, 2, 3, 2, 2, 0, 1, 3, 0, 2, 2, 1, 3, 1, 0, 1, 2, 3, 1, 3, 2, 1, 1, 3, 0, 2, 0, 1, 1, 2, 0, 2, 0, 0, 3, 2, 1, 3, 3, 3, 0, 3, 0, 2, 3, 0, 0, 3, 1, 1, 3, 1, 3, 1, 3, 1, 1, 3, 3, 1, 3, 3, 0, 1, 1, 3, 0, 2, 1, 0, 1, 1, 1, 3, 3, 0, 1, 1, 3, 3, 3, 1, 0, 1, 3, 0, 3, 3, 3, 1, 1, 0, 1, 1, 1, 1, 3, 3, 3, 3, 3, 3, 3, 1, 3, 1, 0, 3, 0, 2, 0, 3, 3, 3, 3, 0, 1, 3, 1, 0, 1, 2], "confidence_scores": [[0.9514863883142944, 0.008250551196175475, 0.0026972839891542, 0.03756577650037571], [0.20766944383092664, 0.2203351098674413, 0.3941066223237809, 0.17788882397785113], [0.042444355131210705, 0.2387662805347335, 0.038001803587717216, 0.6807875607463385], [0.566174063115573, 0.04414801124375711, 0.3566713192618984, 0.033006606378771466], [0.028101701445788652, 0.08202958913478077, 0.7512188491328802, 0.13864986028655044], [0.68285632999756, 0.05432803898344175, 0.22562709562801886, 0.03718853539097946], [0.5095858884915788, 0.3880572775020277, 0.0827201504259766, 0.019636683580416817], [0.660421919114931, 0.043130465329355404, 0.2678743191703289, 0.028573296385384594], [0.031199384165692772, 0.32991779062404464, 0.4395852328100785, 0.19929759240018396], [0.05566084053633515, 0.10450226439992645, 0.8320774759593746, 0.00775941910436355], [0.11033678107265395, 0.15824777040313856, 0.28750568299346085, 0.4439097655307466], [0.2907802498517795, 0.4634694366854747, 0.21745466064979505, 0.028295652812950656], [0.011952660639570654, 0.09969762536725776, 0.03332055441041929, 0.8550291595827524], [0.06152159955453783, 0.5329259626008602, 0.2017361921734337, 0.20381624567116818], [0.18408492281931396, 0.23598662852443636, 0.11747297853006418, 0.46245547012618554], [0.048797451758420825, 0.5302105955187633, 0.3681272309806608, 0.05286472174215504], [0.37604700175210154, 0.42106772419683336, 0.18426423746441167, 0.018621036586653376], [0.04638947305993822, 0.8800796396475186, 0.06984093372903687, 0.003689953563506284], [0.6056254382784712, 0.37464858795540784, 0.012502558891684314, 0.007223414874436815], [0.230660540412832, 0.11872674483693127, 0.32383771396533245, 0.32677500078490423], [0.07977485919512023, 0.2703575171229079, 0.5786170382373429, 0.07125058544462885], [0.005252989037441105, 0.010893017108677159, 0.5539986665249022, 0.42985532732897963], [0.04909912075878599, 0.09307507981669147, 0.1368190789675727, 0.7210067204569497], [0.007273483333120283, 0.0735475096587771, 0.896986129545488, 0.022192877462614696], [0.09281910722768752, 0.1726544371449931, 0.435524507897014, 0.2990019477303054], [0.6390525596801285, 0.053550464739923954, 0.16150332677171117, 0.1458936488082364], [0.04339824397128578, 0.9439479010932529, 0.00560555415115381, 0.00704830078430749], [0.36480706234756843, 0.07946391129048719, 0.01348024401609434, 0.54224878234585], [0.60046210188737, 0.22268732729512997, 0.03620371664353307, 0.14064685417396675], [0.02192433672496603, 0.42420621599777547, 0.4313088410580966, 0.12256060621916184], [0.14943146188722023, 0.09347851827382071, 0.5411284133484524, 0.21596160649050666], [0.05713020962241743, 0.8909500997406627, 0.03798757112557908, 0.013932119511340914], [0.10074194517752393, 0.21604334844688616, 0.12194657968751073, 0.5612681266880791], [0.0838634349012596, 0.5188874659307621, 0.24016802155666073, 0.15708107761131757], [0.4369058995983477, 0.08161049227216738, 0.05263068899053032, 0.4288529191389547], [0.13955966402554526, 0.6172370125246655, 0.053944484897798343, 0.189258838551991], [0.18399798926777491, 0.06677193036290476, 0.7264868735282346, 0.02274320684108572], [0.11527242904929307, 0.384591139887123, 0.09661014626774815, 0.40352628479583563], [0.052845896388251684, 0.35921320556919556, 0.27999991146188574, 0.30794098658066693], [0.01613145417972612, 0.18531234718796932, 0.22650550968599076, 0.5720506889463137], [0.03610101034846389, 0.4263919620902498, 0.42908047922095877, 0.10842654834032736], [0.29505178339798027, 0.49447001599450985, 0.07192365385762807, 0.1385545467498818], [0.14635909284247806, 0.6178678280649194, 0.07284675750533282, 0.16292632158726975], [0.04359483798548984, 0.000637652376450098, 0.008969325990052514, 0.9467981836480076], [0.4213674860916078, 0.0839026670822998, 0.27285505887471345, 0.22187478795137902], [0.4297769314709816, 0.014223275237326473, 0.5000495526495567, 0.05595024064213511], [0.32711315023930265, 0.2861797640857986, 0.23548726955860774, 0.15121981611629107], [0.09427067762973819, 0.38539464922815675, 0.37990438961546397, 0.14043028352664105], [0.17286557922178464, 0.607009155865382, 0.028278052101920824, 0.1918472128109126], [0.041843524467752254, 0.28590339788996616, 0.5125772638258382, 0.15967581381644333], [0.49473429421488463, 0.024767911553117274, 0.19600279444221705, 0.284494999789781], [0.15611398280299765, 0.030333225505638203, 0.7139916202491402, 0.09956117144222397], [0.3646676109791916, 0.08440600807561803, 0.34554131960134504, 0.20538506134384527], [0.3693332760078327, 0.22345285210596763, 0.08451201368995986, 0.3227018581962398], [0.1418857836889553, 0.004278808379179345, 0.029506210251750088, 0.8243291976801151], [0.009424058880183996, 0.1691015339879505, 0.42907895636548227, 0.39239545076638316], [0.026641114939557443, 0.5476432591275296, 0.09582996716799345, 0.32988565876491943], [0.2980981138121761, 0.10887549530353598, 0.07454819757060324, 0.5184781933136846], [0.26439500501037194, 0.3363648779717728, 0.041330421839313784, 0.35790969517854154], [0.21689464801839153, 0.3214525194373477, 0.07147874781542693, 0.39017408472883375], [0.4731784218697009, 0.3700340731259443, 0.12296687861732354, 0.03382062638703136], [0.08774128137268104, 0.15264539183171444, 0.16674710621346012, 0.5928662205821443], [0.47872660752632307, 0.1689933290355353, 0.20570834672033958, 0.14657171671780206], [0.03824033650895236, 0.3231389429281549, 0.3843430587100309, 0.2542776618528617], [0.05254960587216288, 0.21148405405384454, 0.09679862105336748, 0.639167719020625], [0.5826646409594234, 0.08174646776759083, 0.05942836322683455, 0.2761605280461512], [0.5701376135159698, 0.14979826741142963, 0.007746480202551028, 0.27231763887004945], [0.018220439711681143, 0.02820012305191465, 0.07442553378268356, 0.8791539034537207], [0.2707784525556093, 0.511872979893179, 0.00911942487393179, 0.20822914267727988], [0.08519502201114032, 0.6159443507499525, 0.09385576071064138, 0.20500486652826574], [0.23385703187516835, 0.003176329901271306, 0.0020004562894676177, 0.7609661819340928], [0.04080891290412252, 0.847725448758656, 0.015702600489394793, 0.0957630378478266], [0.08019550758338714, 0.335564421157062, 0.08544646358813834, 0.4987936076714124], [0.03780305678563982, 0.7828543638603205, 0.045862944570096285, 0.1334796347839436], [0.04299396069105938, 0.0024060819363254274, 0.017443368591291197, 0.937156588781324], [0.32282114890145364, 0.4859462624702127, 0.09647182743832954, 0.09476076119000414], [0.08027240383755194, 0.8360580338681809, 0.02439718226157471, 0.059272380032692557], [0.005321570667767707, 0.040036880842745835, 0.30886629603642546, 0.645775252453061], [0.08136854739294075, 0.3735622138333837, 0.0023206205366493667, 0.542748618237026], [0.17438124547365857, 0.4781992654255262, 0.1383206083930641, 0.209098880707751], [0.2106821840972691, 0.2603096236533492, 0.17373686972352034, 0.35527132252586147], [0.11681860093803914, 0.33835964139093183, 0.044729903113865634, 0.5000918545571634], [0.8235450228269424, 0.048961299141553095, 0.0571658009754154, 0.07032787705608919], [0.022603328018131846, 0.5533479634966841, 0.04367128234746744, 0.38037742613771663], [0.009626658386613975, 0.6272761256075485, 0.11124118593202016, 0.2518560300738174], [0.2222302992589835, 0.18269513214294816, 0.013831585453635603, 0.5812429831444328], [0.511918096211658, 0.10320035846093607, 0.007225119938066015, 0.37765642538933997], [0.03069722173429252, 0.17559350921283093, 0.4361500290500548, 0.3575592400028219], [0.3030411797174261, 0.45245866914879507, 0.06355354331934202, 0.18094660781443683], [0.4605935802160058, 0.23870375578436479, 0.10363408264924717, 0.19706858135038222], [0.07932794973534443, 0.7061974116297995, 0.09501017518867715, 0.11946446344617896], [0.418197798284994, 0.5351298866539447, 0.03406855755724786, 0.012603757503813364], [0.09745265581526524, 0.5015829015772392, 0.17015536931131492, 0.2308090732961807], [0.10072611047903267, 0.16269473660096645, 0.02238540027189589, 0.7141937526481049], [0.2352112662018181, 0.21796153863749856, 0.02507677873424143, 0.5217504164264419], [0.4784240540728717, 0.25582480823771286, 0.1391231355861066, 0.1266280021033089], [0.22126746428188498, 0.5210404384422619, 0.11469098116077232, 0.14300111611508073], [0.04081749710943624, 0.5237305275924646, 0.03487712388606657, 0.40057485141203253], [0.0011178185595404116, 0.1985054285134104, 0.06468500759190937, 0.7356917453351399], [0.1993926914620628, 0.02249407328558019, 0.017701200804518813, 0.7604120344478382], [0.032098127137143155, 0.21512376440587433, 0.03319837923363964, 0.7195797292233429], [0.16677707764252334, 0.4382841827979536, 0.06211981730125113, 0.332818922258272], [0.6726545600042882, 0.049643024181791756, 0.06985872753438256, 0.20784368827953725], [0.16042536716125508, 0.4432151042934951, 0.048218495855301836, 0.34814103268994795], [0.31668520714299214, 0.03011809190286988, 0.028171797332848057, 0.62502490362129], [0.6232095687934295, 0.050522434905898105, 0.06987424188366272, 0.2563937544170097], [0.08392210245476703, 0.40406418172229625, 0.05971048355835474, 0.4523032322645819], [0.2566818460707881, 0.021065684911166994, 0.07720047886920636, 0.6450519901488385], [0.25580371602404617, 0.02902633236369285, 0.007160992964009061, 0.7080089586482519], [0.16781782119647268, 0.42442086237916443, 0.09789923455438133, 0.30986208186998143], [0.010728940978920121, 0.8078219552183734, 0.004556949561957712, 0.17689215424074875], [0.46696833755801315, 0.05723460362946109, 0.2771997947701918, 0.198597264042334], [0.04572221017351574, 0.5103331651126015, 0.2071558057560442, 0.2367888189578386], [0.12251739685361537, 0.3787340847755176, 0.15010211322641392, 0.34864640514445305], [0.059517209072243456, 0.7205446447619543, 0.1561082764201569, 0.06382986974564528], [0.2772223581667547, 0.42706735474258567, 0.024876428789163782, 0.2708338583014958], [0.37331298093319226, 0.15974987404526855, 0.044452889608517246, 0.42248425541302176], [0.43815624485829124, 0.01669501686460404, 0.000749360219253554, 0.5443993780578512], [0.022349066305653403, 0.14620755416140466, 0.08274996407995519, 0.7486934154529867], [0.2830085811552745, 0.05905467397475619, 0.26148687227077455, 0.39644987259919484], [0.4455023288309775, 0.018246273639810434, 0.029861378292902408, 0.5063900192363097], [0.05130846788945504, 0.01976713987163886, 0.0026228400826688097, 0.9263015521562372], [0.005322856993776142, 0.07384783308055445, 0.1879248631891604, 0.7329044467365089], [0.25519095130827674, 0.40413974081329795, 0.12288244241929701, 0.21778686545912837], [0.11641746342657822, 0.05983303428433444, 0.09218396273748995, 0.7315655395515975], [0.002301901796030713, 0.9825817267231435, 0.006371772781369218, 0.00874459869945652], [0.5418356563464573, 0.05681424017664139, 0.008300191049416324, 0.3930499124274851], [0.27460387529790786, 0.10958232564530763, 0.05138086388878769, 0.5644329351679969], [0.37265678200516067, 0.0037285310002544195, 0.26787025955599547, 0.3557444274385895], [0.12277193989906834, 0.3340760529120941, 0.4704070247925239, 0.07274498239631368], [0.46346926599457594, 0.22168622689844308, 0.07326136124607426, 0.24158314586090665], [0.15652772137310306, 0.23637732847490525, 0.01593472123227125, 0.5911602289197204], [0.03473496883397201, 0.05552038411641354, 0.08084167451489628, 0.8289029725347182], [0.0014510351637116435, 0.17582397179223805, 0.268300221412043, 0.5544247716320073], [0.014229547561887603, 0.29872522809318297, 0.0211554481184849, 0.6658897762264444], [0.681829792412532, 0.20095327429046958, 0.030244598428965937, 0.08697233486803237], [0.22541912097534594, 0.552236510778612, 0.010155686047349828, 0.21218868219869233], [0.4023776000310906, 0.08712936464556419, 0.053269425222865145, 0.45722361010048007], [0.06685546267414286, 0.6755109725145118, 0.1855123637822217, 0.07212120102912367], [0.5913075184820846, 0.0006489474111175275, 0.0012648565392545023, 0.4067786775675433], [0.02482756385585264, 0.7559421117137061, 0.006728832048253771, 0.21250149238218752], [0.001625636569044844, 0.012143980293595601, 0.918208117760528, 0.0680222653768315]]}}