{"test": {"ids": ["98117740", "99121440", "106121220", "109116810", "106117650", "110117080", "104111711", "103120531", "104111990", "113117630", "102110050", "106116441", "103111480", "109113281", "112119320", "110117500", "102113350", "101111210", "101108080", "111120591", "110117200", "98106560", "109115220", "109118231", "109121640", "111115780", "105116441", "107114780", "112117660", "113119700", "110120700", "109116930", "108114220", "109120540", "108119330", "105113210", "99109860", "99108310", "107112840", "98116090", "97105580", "97112300", "113117401", "110121170", "104114320", "99112300", "105121370", "111120540", "99109740", "103111110", "110118701", "112121030", "105115250", "108116120", "107117630", "101121640", "106111321", "106119580", "103111170", "104111880", "103112470", "102108621", "108113740", "110120540", "110117870", "97106591", "109121351", "108121190", "113122510", "106118520", "113120751", "113120780", "110118930", "100116500", "110115120", "105119550", "108118810", "110120560", "108118060", "110118810", "100109360", "104113190", "110114610", "101119591", "106116850", "107121230", "112118530", "112120640", "99109370", "109118701", "100111270", "113118810", "103117200", "103113270", "105119950", "106114011", "108118301", "110121140", "106116370", "109117431", "111117000", "109118820", "111116010", "107118520", "109119460", "99110730", "107116980", "106116640", "107119950", "101110200", "102110500", "112121430", "109121410", "103109791", "106115250", "110120190", "110113931", "108118520", "113118820", "107121640", "99107300", "110117140", "108115970", "104116800", "102112170", "113118630", "110119300", "108117360", "108114180", "111117480", "107118490", "107113360", "108114040", "105115380", "113118231", "98107410", "99112840", "111119580", "103111540", "103110220", "108116481", "102118380"], "labels": [2, 2, 1, 3, 1, 1, 1, 3, 2, 0, 3, 0, 0, 0, 1, 1, 3, 2, 0, 1, 3, 1, 3, 1, 0, 1, 1, 2, 0, 0, 2, 0, 3, 1, 0, 3, 2, 2, 1, 0, 1, 2, 3, 2, 2, 0, 2, 1, 3, 3, 3, 0, 2, 1, 0, 2, 0, 3, 2, 3, 1, 3, 3, 1, 3, 1, 0, 1, 2, 2, 1, 0, 1, 2, 0, 1, 1, 0, 1, 1, 0, 3, 1, 0, 3, 0, 1, 0, 1, 3, 2, 3, 0, 2, 3, 1, 1, 3, 2, 1, 0, 3, 1, 2, 1, 3, 3, 3, 3, 2, 3, 2, 0, 3, 2, 3, 1, 0, 0, 1, 3, 3, 2, 1, 3, 3, 1, 1, 1, 1, 2, 0, 0, 1, 3, 3, 2, 3, 1, 2, 0, 1], "predicted_labels": [2, 1, 0, 3, 3, 1, 2, 1, 0, 1, 1, 1, 3, 3, 1, 3, 3, 3, 0, 0, 3, 3, 3, 1, 1, 1, 1, 0, 3, 1, 1, 2, 2, 1, 0, 3, 1, 3, 0, 1, 0, 1, 3, 3, 0, 3, 3, 3, 1, 3, 2, 0, 3, 0, 2, 3, 0, 1, 1, 3, 1, 3, 0, 1, 3, 1, 3, 1, 1, 0, 3, 1, 3, 2, 3, 3, 3, 0, 0, 3, 3, 1, 2, 0, 3, 3, 2, 1, 3, 3, 2, 3, 0, 3, 1, 0, 3, 0, 3, 1, 3, 3, 1, 1, 1, 3, 0, 3, 1, 1, 3, 3, 3, 0, 1, 0, 1, 1, 1, 0, 0, 1, 3, 3, 0, 3, 0, 3, 3, 3, 1, 0, 3, 1, 1, 0, 1, 0, 3, 3, 3, 3], "confidence_scores": [[0.13777071389995918, 0.2602156267199917, 0.36970461349099565, 0.2323090458890534], [0.06464644891968224, 0.5322318021536192, 0.3524699387515573, 0.050651810175140796], [0.48562389968198916, 0.06575894462696419, 0.034252847003367004, 0.4143643086876797], [0.2346332903713466, 0.21730413066718163, 0.02288341028336115, 0.5251791686781103], [0.1520741091760032, 0.15815625757748333, 0.087118784571343, 0.6026508486751706], [0.026524299084321988, 0.5913089916948657, 0.0645440167344234, 0.31762269248638897], [0.04553628252951255, 0.096856023534077, 0.8055230768613415, 0.052084617075068985], [0.22225710976170066, 0.48116134628327156, 0.04227613428485083, 0.25430540967017684], [0.613901775910788, 0.1979944485154493, 0.03863701320499225, 0.1494667623687704], [0.10092323188515977, 0.6931604717590578, 0.0389366782370791, 0.16697961811870324], [0.14031923487594988, 0.4466037773259651, 0.2105208566307064, 0.20255613116737872], [0.3263902223825524, 0.6226338346158327, 0.010630498669913575, 0.04034544433170156], [0.1656869623498057, 0.2696023252226859, 0.024381433478507273, 0.5403292789490012], [0.29001214777871026, 0.06702233149708914, 0.006110775314990516, 0.6368547454092103], [0.021287901888422656, 0.3680672079345171, 0.4039599504301975, 0.20668493974686294], [0.2696747675245878, 0.3792040469064195, 0.023331138398238086, 0.3277900471707548], [0.14578149812330168, 0.26831750975904145, 0.1257324537795713, 0.46016853833808485], [0.18487376201513825, 0.20871371831922292, 0.12732050198484748, 0.4790920176807918], [0.41132325609460924, 0.276322008436018, 0.024685745022528092, 0.2876689904468447], [0.5715730553167901, 0.07961921418350629, 0.011623935301811434, 0.33718379519789227], [0.38895055811968987, 0.203530333863914, 0.027257006639717463, 0.3802621013766784], [0.19245675526848174, 0.20184280842333174, 0.06397001282554836, 0.5417304234826382], [0.06039648897207022, 0.13004480909776464, 0.029619379083217833, 0.7799393228469471], [0.17111510395629675, 0.7086653408884647, 0.03467387060396228, 0.0855456845512766], [0.2532749236426691, 0.3493426899229135, 0.10794751134240008, 0.2894348750920172], [0.4641011016471434, 0.4036745268210351, 0.03677011419862593, 0.09545425733319543], [0.09776685206436192, 0.5277956980063256, 0.03216316375479845, 0.3422742861745138], [0.4182653443590796, 0.2849049316078662, 0.078750237649454, 0.21807948638360022], [0.2519049464242401, 0.33663759700889156, 0.03170929582975458, 0.3797481607371139], [0.1269785586250871, 0.6729251471164914, 0.13857900346773264, 0.061517290790688996], [0.3431839411064982, 0.34209137667420125, 0.07553729232528425, 0.23918738989401653], [0.3153805445487716, 0.10605492928384885, 0.4267068331190173, 0.15185769304836236], [0.14796065355992058, 0.30788623336850934, 0.4730912793628918, 0.07106183370867829], [0.09089475220299648, 0.5374993268501957, 0.010895177105063122, 0.3607107438417449], [0.6786631625676238, 0.13573611091755414, 0.0379402862479621, 0.14766044026685973], [0.07620943806212464, 0.09145194230692044, 0.0051430940411238465, 0.8271955255898311], [0.02861526525462541, 0.6006027179639271, 0.23826763038547702, 0.1325143863959703], [0.1782654420702658, 0.26263891015728047, 0.06990936971170184, 0.4891862780607519], [0.45700365838253515, 0.2486124419831276, 0.21421386206932636, 0.08017003756501058], [0.1236922725201938, 0.6388863202403912, 0.102180684371249, 0.13524072286816602], [0.5947568137344349, 0.05993015271936634, 0.24284978245987493, 0.10246325108632408], [0.20754134876023897, 0.2843618815088138, 0.30831450798543947, 0.199782261745508], [0.2886524294984621, 0.21342970398876576, 0.04066683212845545, 0.4572510343843167], [0.218257248691749, 0.2901467157146315, 0.13719393162106852, 0.35440210397255106], [0.5866486550748738, 0.23267221039552496, 0.09940585145965317, 0.08127328306994781], [0.1202940847656861, 0.14644213910882914, 0.2137713194986185, 0.5194924566268662], [0.08441544844183894, 0.25875607070272955, 0.03857907380001369, 0.6182494070554175], [0.2591812361430788, 0.23398627750280326, 0.17313841285891712, 0.333694073495201], [0.052042818817416535, 0.4589320297438326, 0.4362741328159988, 0.05275101862275203], [0.08720572749246965, 0.37647819045593345, 0.025802326132703887, 0.5105137559188933], [0.17552715549631998, 0.2460767063851038, 0.36192773074468887, 0.21646840737388717], [0.9299594627034246, 0.021312470186469885, 0.00440160347295747, 0.04432646363714808], [0.4355140463789857, 0.1626666912789425, 0.03195636333553073, 0.3698628990065413], [0.4922152198850349, 0.06454219484932877, 0.1020004876265327, 0.34124209763910346], [0.3476067208752375, 0.10140136823196388, 0.3594392406559137, 0.19155267023688474], [0.0475827082540258, 0.46303726487333496, 0.07118821453696665, 0.41819181233567265], [0.579390707130799, 0.1430656055226346, 0.0644951346018034, 0.21304855274476303], [0.39143458281105314, 0.3815260266844085, 0.08801297099695686, 0.13902641950758174], [0.35260587747349414, 0.29016791987195495, 0.2233372999097338, 0.13388890274481727], [0.0280835447828332, 0.09364936253274198, 0.22580191520911244, 0.6524651774753124], [0.4040121903280032, 0.3759929052946123, 0.06585901234689935, 0.1541358920304848], [0.382830064096785, 0.12008104660148901, 0.03134123478159329, 0.46574765452013245], [0.7316495045827865, 0.03502765356334553, 0.007000213773275741, 0.22632262808059253], [0.20689766231022114, 0.586430516559156, 0.045433162339142526, 0.16123865879148028], [0.10242622950485832, 0.20892340141183888, 0.23550574311480088, 0.45314462596850197], [0.05427839855331826, 0.6114463211705059, 0.1984118877986418, 0.13586339247753404], [0.18710377395303152, 0.12725745965460655, 0.02252724640183955, 0.6631115199905223], [0.09675395956579604, 0.5853110177302574, 0.061035160902447844, 0.2568998618014987], [0.27405825462557404, 0.4164488761251946, 0.2064125029996798, 0.10308036624955165], [0.47150658490787783, 0.29844659064963625, 0.013462879873037814, 0.21658394456944832], [0.2139526418608645, 0.32802698755532084, 0.09668916801857688, 0.3613312025652381], [0.3660347098325106, 0.3709513121926807, 0.025461713349433854, 0.23755226462537493], [0.1617751451807807, 0.31371892693965353, 0.03481253812227012, 0.4896933897572954], [0.07430472393539472, 0.12999315311013032, 0.4113322798587561, 0.38436984309571864], [0.24305404966684407, 0.1757259942135881, 0.013422310573085376, 0.5677976455464822], [0.3509607705952843, 0.21737299454232611, 0.006741227582903693, 0.42492500727948607], [0.10556212735550495, 0.06590502753570475, 0.007581354734090329, 0.8209514903746996], [0.4870432476110212, 0.12414720092490798, 0.11988708272565289, 0.268922468738418], [0.5896067124675566, 0.16035411427646398, 0.026773527133768817, 0.22326564612221061], [0.4069076747102164, 0.11508687181183493, 0.08335806275730964, 0.3946473907206388], [0.03846863931495904, 0.04582080037801177, 0.21496446876700212, 0.7007460915400274], [0.3244930329845228, 0.3412606279306573, 0.06984539144729651, 0.26440094763752325], [0.10684427615550025, 0.21537238222889585, 0.6002570631231161, 0.0775262784924875], [0.7678998333409206, 0.02290630438489451, 0.030451865018716315, 0.17874199725546866], [0.23959634873300414, 0.13806065304106774, 0.23098327709417382, 0.39135972113175455], [0.0520014808137484, 0.21971637979356798, 0.02844393142821906, 0.6998382079644644], [0.05902556300830637, 0.35376441159771244, 0.4660845487855846, 0.12112547660839647], [0.17364607696476422, 0.26921968507838956, 0.28435369520757814, 0.2727805427492682], [0.16295919909369036, 0.09252470292981246, 0.2338606467024715, 0.5106554512740256], [0.21866540868859796, 0.205225109166989, 0.019538216014142334, 0.5565712661302706], [0.01775274590174263, 0.3498842794339928, 0.5648616842885651, 0.06750129037569932], [0.19579258240422603, 0.13919984987582987, 0.011431594420847502, 0.6535759732990969], [0.44138601468553373, 0.19632766292212375, 0.024637613983610474, 0.33764870840873196], [0.21254410799833934, 0.08794745327403213, 0.29203880148699835, 0.40746963724063023], [0.35514526150600584, 0.44893511108189565, 0.059524802067956614, 0.13639482534414185], [0.6967163387738968, 0.2318356533002297, 0.020602586920555253, 0.050845421005318095], [0.14919218204246715, 0.36504458755597735, 0.02868680542907535, 0.45707642497247974], [0.7522068915920167, 0.12187546382763421, 0.03684015206788899, 0.08907749251246012], [0.41903933922371206, 0.08067373432417879, 0.07101314837957878, 0.4292737780725304], [0.4533330251946978, 0.39157698140166086, 0.027577445111113524, 0.1275125482925279], [0.16416715908968166, 0.16157911287342805, 0.14522163980340677, 0.5290320882334835], [0.08642490261804088, 0.2068950054638294, 0.16709057506174116, 0.5395895168563885], [0.13948617678801675, 0.4690667072571792, 0.1396054081183338, 0.2518417078364702], [0.12720965964898406, 0.6851330570534244, 0.07017601777003732, 0.11748126552755403], [0.07007047345798267, 0.5201129821165863, 0.025805703211848857, 0.38401084121358214], [0.14021090578321582, 0.02902938341587646, 0.21125238355005224, 0.6195073272508553], [0.7104101741175547, 0.2448779895257363, 0.018104457420121324, 0.02660737893658775], [0.2047037557788779, 0.023727639719092104, 0.013231288675220814, 0.7583373158268093], [0.33276905238196236, 0.3760619286617084, 0.030151320644697745, 0.26101769831163146], [0.08778344117909824, 0.7624499448261207, 0.020673343376771406, 0.1290932706180098], [0.35515269584164766, 0.054115859692540264, 0.11365591809312821, 0.47707552637268386], [0.28889886024671907, 0.2997757704725748, 0.017486793907894777, 0.3938385753728116], [0.16894121086679273, 0.09556450072311987, 0.05203622304768617, 0.6834580653624012], [0.3757943270273816, 0.19623045427837454, 0.25369212864852053, 0.17428309004572332], [0.18641962979400747, 0.4152253082021964, 0.1980086257117372, 0.2003464362920587], [0.5307864215402043, 0.12989777652054718, 0.009119803197756605, 0.33019599874149186], [0.3869266457084366, 0.5015284061417957, 0.006072045175746414, 0.10547290297402102], [0.13717096922732028, 0.6580297154365953, 0.057561600268937314, 0.14723771506714708], [0.24533880585593926, 0.6756665895436986, 0.025284194184536507, 0.0537104104158259], [0.36150971836241136, 0.14918145517248135, 0.18231326883317953, 0.3069955576319277], [0.5961546766819659, 0.2405025749948991, 0.013733212810387283, 0.1496095355127478], [0.17592971591998477, 0.4408131232051824, 0.07899803695644372, 0.30425912391838894], [0.17986707930142892, 0.1179498195658637, 0.02608319789008697, 0.67609990324262], [0.19335131525656554, 0.19976979572262984, 0.07066269866089643, 0.5362161903599084], [0.5694917968474892, 0.049019150232940324, 0.1682499752604396, 0.21323907765913114], [0.14935249388032587, 0.14455119013940318, 0.09775035035410462, 0.6083459656261662], [0.6423195801093091, 0.10108824939948745, 0.016482247557443604, 0.24010992293375996], [0.01453030692523005, 0.09276431322867928, 0.30057717932453554, 0.592128200521555], [0.018955859026054407, 0.055022305240843554, 0.04078354803621233, 0.88523828769689], [0.17259292198857631, 0.29579135210177626, 0.06997580881244447, 0.46163991709720303], [0.1343804638569362, 0.7173906981491198, 0.1049947794004309, 0.04323405859351297], [0.49215887936880737, 0.2384878451448195, 0.03719560201491094, 0.2321576734714623], [0.05909217769580941, 0.22620615436887484, 0.1673650472775026, 0.5473366206578132], [0.08091200259794845, 0.6538487959523505, 0.13067735935392202, 0.13456184209577893], [0.37089548075661, 0.4521594134209818, 0.021362797499177688, 0.1555823083232306], [0.5389619057506175, 0.10844583982695252, 0.11167524398325489, 0.24091701043917504], [0.1272551165579373, 0.5199134892319524, 0.025273524092539645, 0.3275578701175704], [0.8310597177891593, 0.08388608215398147, 0.025821420464375973, 0.05923277959248303], [0.1334762554016872, 0.11641936322571159, 0.08178177381502984, 0.6683226075575713], [0.12707848381528583, 0.16119009980163324, 0.20367499971566613, 0.508056416667415], [0.4689221044156362, 0.04295295122518638, 0.015859447114641007, 0.47226549724453626], [0.12134643404905968, 0.19662147765799604, 0.20418442610752327, 0.4778476621854211]]}, "rewritten": {"ids": ["97105580", "97106591", "97112300", "98106560", "98107410", "98116090", "98117740", "99107300", "99108310", "99109370", "99109740", "99109860", "99110730", "99112300", "99112840", "99121440", "100109360", "100111270", "100116500", "101108080", "101110200", "101111210", "101119591", "101121640", "102108621", "102110050", "102110500", "102112170", "102113350", "102118380", "103109791", "103110220", "103111110", "103111170", "103111480", "103111540", "103112470", "103113270", "103117200", "103120531", "104111711", "104111880", "104111990", "104113190", "104114320", "104116800", "105113210", "105115250", "105115380", "105116441", "105119550", "105119950", "105121370", "106111321", "106114011", "106115250", "106116370", "106116441", "106116640", "106116850", "106117650", "106118520", "106119580", "106121220", "107112840", "107113360", "107114780", "107116980", "107117630", "107118490", "107118520", "107119950", "107121230", "107121640", "108113740", "108114040", "108114180", "108114220", "108115970", "108116120", "108116481", "108117360", "108118060", "108118301", "108118520", "108118810", "108119330", "108121190", "109113281", "109115220", "109116810", "109116930", "109117431", "109118231", "109118701", "109118820", "109119460", "109120540", "109121351", "109121410", "109121640", "110113931", "110114610", "110115120", "110117080", "110117140", "110117200", "110117500", "110117870", "110118701", "110118810", "110118930", "110119300", "110120190", "110120540", "110120560", "110120700", "110121140", "110121170", "111115780", "111116010", "111117000", "111117480", "111119580", "111120540", "111120591", "112117660", "112118530", "112119320", "112120640", "112121030", "112121430", "113117401", "113117630", "113118231", "113118630", "113118810", "113118820", "113119700", "113120751", "113120780", "113122510"], "labels": [1, 1, 2, 1, 3, 0, 2, 3, 2, 1, 3, 2, 3, 0, 2, 2, 0, 2, 2, 0, 2, 2, 0, 2, 3, 3, 3, 3, 3, 1, 3, 2, 3, 2, 0, 1, 1, 2, 0, 3, 1, 3, 2, 3, 2, 1, 3, 2, 1, 1, 1, 3, 2, 0, 1, 2, 2, 0, 3, 3, 1, 2, 3, 1, 1, 0, 2, 3, 0, 2, 2, 3, 0, 1, 3, 0, 1, 3, 2, 1, 0, 1, 1, 1, 0, 1, 0, 1, 0, 3, 3, 0, 1, 1, 3, 3, 1, 1, 0, 0, 0, 1, 1, 0, 1, 3, 3, 1, 3, 3, 1, 1, 1, 3, 1, 0, 2, 3, 2, 1, 1, 0, 1, 3, 1, 1, 0, 1, 1, 0, 0, 2, 3, 0, 3, 3, 3, 0, 0, 1, 0, 2], "predicted_labels": [0, 1, 2, 1, 0, 1, 2, 0, 3, 1, 1, 1, 3, 2, 1, 1, 3, 2, 2, 0, 1, 3, 0, 1, 3, 1, 3, 0, 3, 3, 2, 3, 3, 1, 3, 3, 0, 3, 3, 1, 1, 3, 1, 1, 0, 3, 3, 0, 1, 0, 3, 0, 3, 0, 0, 1, 3, 1, 3, 3, 3, 0, 1, 0, 1, 0, 0, 0, 0, 1, 1, 1, 3, 0, 0, 1, 3, 2, 3, 0, 3, 3, 0, 3, 1, 3, 0, 1, 3, 3, 3, 2, 0, 1, 3, 3, 1, 3, 3, 3, 0, 1, 2, 3, 3, 3, 3, 1, 3, 2, 3, 3, 0, 0, 1, 3, 1, 0, 0, 1, 1, 3, 3, 0, 0, 0, 1, 2, 2, 2, 0, 1, 3, 1, 1, 3, 3, 1, 1, 0, 0, 1], "confidence_scores": [[0.6289712325290688, 0.11383641674944989, 0.14486414499047012, 0.1123282057310111], [0.15837309890193974, 0.591245333843681, 0.03876397421117056, 0.2116175930432086], [0.14804039075839684, 0.30703305436703326, 0.3853127276690453, 0.15961382720552453], [0.184676305475659, 0.2775585986755455, 0.28182991198139856, 0.25593518386739694], [0.47886461798541713, 0.19455704481605843, 0.09303701055055277, 0.23354132664797173], [0.0809214260605271, 0.769084433965496, 0.0842291690764466, 0.06576497089752974], [0.12816709274487326, 0.11905850838349955, 0.44920026775190414, 0.303574131119723], [0.5908511490778241, 0.1964226685677544, 0.0132258474673626, 0.19950033488705884], [0.2091832127681329, 0.1141317315845057, 0.05051018965905439, 0.6261748659883067], [0.1377035099887387, 0.19968823834016705, 0.2682288106675525, 0.3943794410035415], [0.06964011616171709, 0.3495160972427933, 0.4707110845225672, 0.11013270207292235], [0.028214568684815863, 0.6408135082276257, 0.20015212529993986, 0.13081979778761818], [0.09126074737978773, 0.02859831792128492, 0.20449327539363307, 0.6756476593052941], [0.15456104593714604, 0.16966275152860463, 0.28740345285190794, 0.38837274968234126], [0.14876993506860914, 0.4641596091780263, 0.025751836959655428, 0.3613186187937089], [0.0776411788151735, 0.46323741090972803, 0.409998277052211, 0.04912313322288742], [0.03432341608198876, 0.05466332137506112, 0.18066665595746287, 0.7303466065854873], [0.02715145565785267, 0.35544488671797275, 0.4944526882524333, 0.12295096937174141], [0.029261970239259184, 0.05304070854789981, 0.512184422899981, 0.40551289831285997], [0.4283957223782023, 0.2547828734235707, 0.030894081886185996, 0.2859273223120411], [0.052466760892325534, 0.8149310743780067, 0.025997889880462862, 0.10660427484920469], [0.17454786891972282, 0.2759779985342397, 0.09857508530145444, 0.45089904724458335], [0.7388928273924186, 0.022135143702939945, 0.031791171628496, 0.20718085727614538], [0.05466542908418292, 0.4926523233405638, 0.063017958801226, 0.38966428877402726], [0.034487193381408286, 0.25490777326335995, 0.04776999577367409, 0.6628350375815574], [0.1824423271443811, 0.3486216577854554, 0.1706522973119576, 0.29828371775820595], [0.38970704029623954, 0.05381477901784563, 0.04408765001353777, 0.5123905306723773], [0.4214290180897335, 0.05913333209786784, 0.1758772187860415, 0.3435604310263573], [0.18032700282287847, 0.25091658040340126, 0.10997087893407977, 0.4587855378396406], [0.12206094398121992, 0.1760364432210626, 0.16510488642118143, 0.5367977263765366], [0.19823217698451354, 0.1609494776320909, 0.4105811993931749, 0.23023714599022038], [0.17760649551196886, 0.10199975726540193, 0.13875814446837234, 0.5816356027542574], [0.1822655475237503, 0.21385256505260253, 0.018541172209761595, 0.5853407152138858], [0.4170717271631359, 0.31198876431999634, 0.16955295444031873, 0.10138655407654903], [0.18329373418300937, 0.12210711859662325, 0.06109492787252224, 0.633504219347845], [0.25398866818674964, 0.11034602954298978, 0.07569929386932188, 0.5599660084009384], [0.47560623866377516, 0.3173788480350919, 0.04351533641549046, 0.16349957688564226], [0.16516315712731836, 0.1036398868416515, 0.21767040426056716, 0.5135265517704631], [0.26032323560770626, 0.18262229504462077, 0.016600006259706375, 0.5404544630879664], [0.18876093637391522, 0.403990535765148, 0.0572476363138587, 0.35000089154707786], [0.3285307067121915, 0.28179330267613256, 0.3229980005012861, 0.06667799011038972], [0.06204100817677289, 0.15490106309087848, 0.1519085602037885, 0.6311493685285604], [0.2259860732641672, 0.23361877853074625, 0.2489335840820925, 0.29146156412299395], [0.3966980676417653, 0.3577971776837464, 0.09477564528152287, 0.15072910939296544], [0.5167513166647896, 0.2439529856456964, 0.14446897617421103, 0.09482672151530341], [0.2648353424432279, 0.17789069059844576, 0.08993133128218576, 0.46734263567614065], [0.13295542419821166, 0.17153047133251903, 0.008210269490199283, 0.6873038349790699], [0.547492882883573, 0.14094913094797445, 0.04002746281818139, 0.27153052335027095], [0.10672608272050614, 0.5442207894627732, 0.18195550178492942, 0.16709762603179154], [0.3174356417775437, 0.32251559156468196, 0.029893723983127594, 0.3301550426746465], [0.2899116660221571, 0.3226637098406283, 0.013510410334144123, 0.37391421380307044], [0.4331022663329774, 0.3097393668457034, 0.0526422652926469, 0.2045161015286724], [0.11442906214052712, 0.27955374322325455, 0.07057391477446485, 0.5354432798617534], [0.691492229300711, 0.13164993915049966, 0.07314248843249836, 0.10371534311629091], [0.6000895315111454, 0.3078493237190879, 0.018776500663320025, 0.07328464410644654], [0.2082654401077816, 0.39836759150926354, 0.14211964626256024, 0.2512473221203947], [0.360987438156094, 0.05793872046446182, 0.06318105765803395, 0.5178927837214108], [0.4848376411085457, 0.45240842365585204, 0.021933348861649403, 0.04082058637395308], [0.26401983162837694, 0.03455141300251041, 0.016465262858171188, 0.6849634925109419], [0.2071554257752127, 0.12112383277065693, 0.24140293619073844, 0.43031780526339203], [0.19208827332857034, 0.1958601745217651, 0.0812038836852245, 0.5308476684644405], [0.6492093302848254, 0.2226303312211356, 0.011872119745552337, 0.11628821874848666], [0.2790565514984799, 0.46738989586861523, 0.11858107726055953, 0.13497247537234514], [0.5221669066522693, 0.11438135387162103, 0.042712386104542116, 0.3207393533715674], [0.43984791891747926, 0.3832793573560626, 0.03969132133785462, 0.13718140238860393], [0.38055452046398686, 0.3081094053209889, 0.04692851524237342, 0.2644075589726508], [0.35781771021867337, 0.29372362083607706, 0.06204735083434646, 0.28641131811090303], [0.8076643434329229, 0.1777991243674625, 0.004414497647336905, 0.010122034552277871], [0.417312330308834, 0.08595368349013328, 0.2913194308873041, 0.20541455531372863], [0.20730145757083265, 0.6293378761690087, 0.09804898567113056, 0.06531168058902809], [0.201097827175789, 0.6146469477853829, 0.06905277296054083, 0.1152024520782872], [0.2982189398177374, 0.4250207862973359, 0.02698318184290923, 0.24977709204201767], [0.03224098653609856, 0.16438042939708664, 0.01996060785206736, 0.7834179762147475], [0.5310457447899984, 0.07576726082520138, 0.0964589744585707, 0.2967280199262292], [0.6770439494382223, 0.04286980191424428, 0.0056256365854650894, 0.27446061206206795], [0.337857994739768, 0.4216688581252941, 0.11878875835768049, 0.12168438877725778], [0.04639157807382661, 0.056512592193009734, 0.017989118191891532, 0.8791067115412723], [0.1820782025971661, 0.2302646528595562, 0.5487331791502821, 0.03892396539299537], [0.19956388312951756, 0.1066635520568799, 0.017736212036438458, 0.6760363527771639], [0.7043501452979544, 0.017009767018546933, 0.05215366342733739, 0.22648642425616125], [0.42100546313769394, 0.051137430626304464, 0.013090863523348508, 0.5147662427126531], [0.009553517828196972, 0.05380449182769701, 0.2924836044432392, 0.6441583859008667], [0.5028967669601698, 0.18722724826146722, 0.04658559325410728, 0.2632903915242559], [0.2255540062971706, 0.3534957702689802, 0.030760796696615095, 0.390189426737234], [0.10777800319262631, 0.6278833071688772, 0.05916330697779288, 0.2051753826607038], [0.1457499428255831, 0.066905252773168, 0.012565410984936791, 0.7747793934163119], [0.6488359835637044, 0.12442879601308734, 0.031073516046855054, 0.19566170437635336], [0.04997951340152915, 0.629432394512949, 0.10293894690411745, 0.2176491451814043], [0.29922586530151557, 0.0835377833506155, 0.00816429468380602, 0.6090720566640629], [0.05094830500046109, 0.11345197426610468, 0.030726860114590495, 0.8048728606188438], [0.30104602003037667, 0.26978317861498696, 0.02821906318952618, 0.4009517381651102], [0.38833640644234535, 0.1311354964950266, 0.34213998467067697, 0.13838811239195117], [0.5399269551944518, 0.2254327183084548, 0.022216905640666636, 0.21242342085642663], [0.16018808608824128, 0.6123537248382643, 0.09521338478127735, 0.13224480429221697], [0.29496081644161065, 0.2008303355676429, 0.02651070526765302, 0.4776981427230935], [0.17775223400092904, 0.2151007349515031, 0.10571175226579074, 0.5014352787817768], [0.06773415787032183, 0.507524506909613, 0.021138343913423792, 0.40360299130664135], [0.34911567679427613, 0.2673199516361308, 0.024190026408638668, 0.35937434516095407], [0.28576887451873334, 0.14958859234074612, 0.025081512010989147, 0.5395610211295313], [0.2089959997646311, 0.08386082272126015, 0.04953806766590599, 0.6576051098482026], [0.47718634000425164, 0.20099236171782378, 0.06567396309573709, 0.2561473351821876], [0.3580061303687415, 0.5723076530237842, 0.004361258998587295, 0.06532495760888667], [0.108759195119565, 0.1739585842080914, 0.6075270310133416, 0.10975518965900202], [0.2824064270080117, 0.3196082467038257, 0.012403006938775043, 0.3855823193493876], [0.03547089596897362, 0.36354967018440726, 0.17431792776334934, 0.4266615060832695], [0.13609959779473377, 0.3819628460035739, 0.07462923181296663, 0.40730832438872583], [0.3804236566822342, 0.2175548118238246, 0.04511153026887627, 0.35691000122506483], [0.30694075902299506, 0.3684484846199875, 0.025734747521235925, 0.2988760088357815], [0.09142400859958431, 0.2348080020088357, 0.17657468064111592, 0.49719330875046414], [0.06368892182358522, 0.19438560884998987, 0.6479514118080147, 0.09397405751841056], [0.24699060488384753, 0.2916183067968984, 0.07216445437446538, 0.3892266339447885], [0.19127916708136403, 0.24007125891654416, 0.024170375259530332, 0.5444791987425615], [0.548308313269902, 0.1412782897854638, 0.024175936361504738, 0.2862374605831293], [0.4384554592329431, 0.18128375769948069, 0.015768563423577422, 0.3644922196439989], [0.19901438005275152, 0.3206196113726451, 0.23148354141740926, 0.24888246715719403], [0.21580143618097017, 0.18099802977009666, 0.13739428425110983, 0.46580624979782376], [0.2772300296567609, 0.4499902185783927, 0.07584862202930184, 0.1969311297355443], [0.6049570750420261, 0.20658255762288866, 0.08569533580859996, 0.1027650315264854], [0.37110090383705974, 0.21613406212553218, 0.13734315945927464, 0.2754218745781339], [0.4757476721035263, 0.3810083240489245, 0.04086516369346398, 0.10237884015408506], [0.17389304369966097, 0.44783651876055397, 0.1251366925592771, 0.253133744980508], [0.21365653323379097, 0.284293577425387, 0.16711306758244102, 0.3349368217583809], [0.2921825873048196, 0.2429942094887982, 0.029397649986981293, 0.43542555321940085], [0.7593312140331805, 0.1378734253265604, 0.018757041366302858, 0.08403831927395639], [0.3131909811074828, 0.20827730575031794, 0.165171460778242, 0.3133602523639571], [0.5634751511069769, 0.08582370185332848, 0.012857456216638587, 0.3378436908230562], [0.3318030840505425, 0.30825732474628137, 0.06523844844171206, 0.2947011427614642], [0.07440824929884227, 0.25051622037427057, 0.49374220254825657, 0.18133332777863065], [0.011795940345849217, 0.2987743190379589, 0.5707963680752511, 0.11863337254094054], [0.1891845561738886, 0.2561884664151793, 0.29383844901103917, 0.26078852839989297], [0.8461576095928377, 0.05826766853759406, 0.02653131718716013, 0.06904340468240794], [0.29345741264389946, 0.41753641435764716, 0.030081635259709503, 0.25892453773874397], [0.21138318623934316, 0.20737708450023468, 0.032373563677608005, 0.5488661655828139], [0.1245374332075661, 0.6521719439663745, 0.06279515043781511, 0.16049547238824435], [0.30051411454751703, 0.5148892246085188, 0.041475498131438374, 0.1431211627125256], [0.23474296416317167, 0.2998541506580739, 0.07784153647252737, 0.387561348706227], [0.17601041591399044, 0.10782704765545789, 0.012681733291481982, 0.7034808031390694], [0.2513044196234665, 0.6312961658814272, 0.041189110737490806, 0.07621030375761538], [0.08933077623827043, 0.7746303501813024, 0.018705745127364545, 0.11733312845306285], [0.3739683346811935, 0.2344997873103021, 0.07941998816470947, 0.31211188984379495], [0.4981989520448674, 0.3467315582964219, 0.036387098280780523, 0.11868239137793032], [0.31757045343932283, 0.3233377444872615, 0.25806826548512046, 0.1010235365882956]]}}