{"test": {"ids": ["111119950", "109119450", "109117630", "111116040", "97109570", "107113200", "112120630", "111115910", "101117580", "110121140", "113119320", "97105580", "110116300", "112121430", "108116070", "113118490", "109115211", "100111270", "102116500", "98116500", "106115240", "107118490", "97106600", "98106880", "108121410", "112119610", "98110680", "107116300", "99107630", "97112830", "109116810", "108117610", "100109000", "98109090", "112116401", "113120601", "104118340", "108115870", "107114950", "101110150", "112118820", "111116990", "105120621", "112117660", "106115120", "105118171", "99120010", "105113330", "101111620", "97107821", "112116810", "107114621", "109119591", "97113900", "106114880", "111116100", "104113210", "103110760", "103113640", "97107681", "99111000", "105118230", "109116930", "110120190", "106114150", "104111990", "113118620", "99108890", "106116120", "108121190", "106117650", "110114610", "110115980", "108118630", "109114220", "99109840", "106115250", "110118930", "108120280", "105116980", "100120780", "104117200", "108115070", "103111990", "101108500", "112116800", "101109000", "99121440", "110117080", "107114780", "112118930", "99108520", "102107961", "97110950", "112119320", "97113260", "106121190", "104117630", "99117740", "109117271", "108118520", "111117120", "100112060", "113122190", "112119930", "102109010", "107119130", "97116800", "108117360", "111120320", "102113210", "110114321", "111121190", "113119340", "104111531", "103109021", "98109230", "107113550", "103111540", "104116800", "109114651", "105120280", "99105921", "113119300", "110115710", "106113190", "103113610", "112120540", "111120531", "97105451", "109115380", "113120531", "112116501", "108115880", "111121410", "113120540", "111120640", "111115770", "107113840", "113119930", "107118120", "107120130"], "labels": [0, 3, 0, 0, 0, 0, 3, 2, 3, 3, 1, 1, 3, 2, 1, 1, 0, 2, 1, 2, 1, 2, 3, 0, 0, 0, 2, 0, 2, 2, 3, 3, 1, 1, 0, 2, 2, 3, 3, 1, 0, 0, 1, 0, 1, 3, 2, 3, 3, 2, 3, 0, 0, 2, 0, 3, 3, 1, 1, 3, 2, 1, 0, 3, 1, 2, 3, 0, 1, 1, 1, 1, 1, 1, 3, 2, 2, 1, 3, 0, 1, 3, 1, 2, 3, 0, 1, 2, 1, 2, 1, 2, 3, 3, 1, 1, 2, 0, 2, 0, 0, 2, 2, 1, 1, 1, 1, 0, 1, 1, 3, 1, 1, 0, 0, 0, 1, 0, 1, 1, 3, 3, 1, 1, 2, 0, 2, 3, 0, 0, 3, 0, 3, 3, 0, 3, 0, 3, 3, 1, 3, 2], "predicted_labels": [0, 1, 3, 3, 0, 3, 3, 1, 1, 3, 1, 1, 3, 3, 3, 3, 3, 1, 1, 3, 1, 1, 3, 3, 1, 1, 0, 3, 3, 3, 3, 3, 3, 0, 3, 1, 1, 3, 0, 3, 1, 3, 3, 3, 3, 3, 3, 3, 3, 1, 1, 0, 1, 3, 1, 0, 3, 3, 0, 3, 1, 3, 0, 3, 1, 1, 3, 1, 1, 3, 3, 1, 3, 1, 3, 1, 3, 1, 0, 0, 3, 3, 3, 3, 1, 3, 3, 1, 3, 3, 3, 1, 0, 3, 3, 3, 3, 1, 0, 3, 0, 1, 3, 3, 3, 1, 3, 0, 1, 3, 3, 1, 3, 3, 1, 1, 3, 3, 3, 3, 3, 1, 1, 3, 3, 3, 3, 1, 1, 3, 3, 3, 3, 3, 3, 1, 3, 0, 3, 3, 1, 3], "confidence_scores": [[0.3050846542346541, 0.2166611777111778, 0.1763002608502609, 0.30195390720390736], [0.18926159396159392, 0.3163393939393939, 0.19060557775557785, 0.3037934343434343], [0.2654651681651681, 0.25001991064491075, 0.17350212728448028, 0.31101279390544095], [0.2373953463203464, 0.2676478077478077, 0.1707336274836275, 0.32422321844821816], [0.3099204997616763, 0.24038738516385597, 0.14165553498788797, 0.30803658008658], [0.24564262404262413, 0.2878070318570318, 0.1787200133200134, 0.2878303307803308], [0.277397406678289, 0.2589010128760129, 0.13408798848210618, 0.32961359196359197], [0.28802000777000786, 0.296118575868576, 0.17187345987345998, 0.24398795648795646], [0.2472073204573205, 0.2956489787989787, 0.1948773504273505, 0.2622663503163504], [0.28399715284715277, 0.2602816222992694, 0.15854458874458877, 0.29717663610898903], [0.25130947356736844, 0.34291826857353164, 0.15043518090097047, 0.2553370769581297], [0.2219870351870352, 0.30554993894993904, 0.20117957042957052, 0.27128345543345556], [0.2595713536463536, 0.26228919413919427, 0.18794489954489957, 0.2901945526695527], [0.20052845487845494, 0.27699648129648125, 0.24415062715062733, 0.27832443667443674], [0.24023986846486856, 0.2752594766344767, 0.18471548451548447, 0.29978517038517033], [0.22686378066378077, 0.2785362989951225, 0.1602631812631813, 0.3343367390779156], [0.17582332667332667, 0.3068524475524476, 0.18049941447441462, 0.33682481129981123], [0.1719024170274171, 0.28263751248751245, 0.2651829420579422, 0.2802771284271283], [0.2122537224213696, 0.29036061520179185, 0.21666597291597292, 0.280719689460866], [0.27441199078699074, 0.23644340381840379, 0.18632276612276624, 0.30282183927183925], [0.2646656954156955, 0.2873079392829394, 0.1765943223443224, 0.27143204295704304], [0.22199970584970594, 0.28081406926406943, 0.24080168720168724, 0.25638453768453784], [0.23466750471750475, 0.2781754412254413, 0.1841578643578644, 0.30299918969918954], [0.21205445110445126, 0.25070994560994553, 0.22882915695415704, 0.30840644633144637], [0.22259074259074269, 0.32428173297290946, 0.1607262737262738, 0.2924012507100744], [0.18211221556221557, 0.30296294261294254, 0.22162163555398856, 0.29330320627085327], [0.2778600788100789, 0.2673455821955822, 0.19003162948162955, 0.2647627095127097], [0.2234339882339882, 0.2824244144744147, 0.20142085137085144, 0.29272074592074593], [0.28089140304140314, 0.23603602508602523, 0.16013388278388285, 0.32293868908868906], [0.2583192945942946, 0.2548268148518151, 0.19144694194694206, 0.2954069486069486], [0.25126701827584175, 0.2642092748754515, 0.17621459096459097, 0.3083091158841158], [0.17785697080697088, 0.28390621600621596, 0.2401278582528585, 0.298108954933955], [0.22502606837606862, 0.2959650441062207, 0.18294452410334766, 0.29606436341436326], [0.29190456765456785, 0.27628418452892145, 0.14988862044388368, 0.28192262737262747], [0.28196696636696644, 0.22559590409590424, 0.1420889665889666, 0.35034816294816284], [0.16443145188145197, 0.34301963036963035, 0.21019014874014885, 0.282358769008769], [0.21614365079365086, 0.3166176989676989, 0.17585611055611058, 0.29138253968253974], [0.26593091908091926, 0.24224564520446876, 0.21935086025086023, 0.27247257546375203], [0.2745995587745587, 0.2656745235156999, 0.20813785022167386, 0.25158806748806767], [0.22428112413901874, 0.27466130331656646, 0.18040728461425065, 0.3206502879301642], [0.23927337107337115, 0.2998240870240871, 0.16327128427128434, 0.2976312576312578], [0.2583157453657455, 0.2442070207570209, 0.15864480960216268, 0.33883242427507126], [0.2755526806526809, 0.26964713064713075, 0.15273761793761803, 0.30206257076257076], [0.22743134920634922, 0.2728104118104119, 0.14843581973581985, 0.3513224192474191], [0.23951635586635595, 0.26759072039072057, 0.18892277722277726, 0.30397014652014664], [0.23722646797646812, 0.267185941835942, 0.17715203685203693, 0.3184355533355534], [0.25412614073233286, 0.2629445249195251, 0.21180133930397102, 0.27112799504417157], [0.23601504606504625, 0.29916076701076705, 0.14464427794427795, 0.32017990897990917], [0.2597002386502387, 0.27618121805095486, 0.1746650773203405, 0.2894534659784662], [0.2726864274614275, 0.2752536297036297, 0.18446459651459662, 0.26759534632034654], [0.25942799145299167, 0.25948626096126104, 0.23122412032412049, 0.24986162726162742], [0.3523529637029636, 0.20394837939837943, 0.10882578532578539, 0.3348728715728716], [0.20223927738927733, 0.31936072816072797, 0.19486537906537912, 0.2835346153846156], [0.23677338217338229, 0.2814305694305694, 0.197403121878122, 0.2843929265179263], [0.21001554527344019, 0.3008077013629646, 0.19716926348505315, 0.2920074898785426], [0.29785319680319683, 0.23992166640548998, 0.1755293123543125, 0.2866958244370009], [0.2879020701520703, 0.2509516705516706, 0.16237065157065156, 0.29877560772560774], [0.23579771894771903, 0.25144168054168076, 0.22255362970362974, 0.2902069708069708], [0.3327811041899279, 0.21338132782250438, 0.1430287823287824, 0.3108087856587856], [0.2922238317238318, 0.25040983460983474, 0.13991736041736053, 0.3174489732489732], [0.21203432678432685, 0.32021191031191054, 0.21724628704628704, 0.25050747585747585], [0.20383320568320565, 0.2925427128427129, 0.190319743002096, 0.3133043384719856], [0.3301727716727718, 0.2370362665112665, 0.1339538517038518, 0.29883711011211], [0.1868743808822757, 0.26954366496077037, 0.1901962676212677, 0.35338568653568675], [0.23903855033855037, 0.31537268842268845, 0.161315306915307, 0.28427345432345436], [0.2130509546009547, 0.3129641025641025, 0.189661494061494, 0.28432344877344884], [0.21613369963369952, 0.236766566766567, 0.2335543623043624, 0.3135453712953714], [0.2592539432789435, 0.30574103951603937, 0.20294616494616496, 0.2320588522588524], [0.21102642912642924, 0.27400508625361586, 0.24510742623389686, 0.26986105838605845], [0.21219579309579317, 0.2871186147186149, 0.1815485070485071, 0.3191370851370852], [0.24482502497502504, 0.26280367377720326, 0.19943244010891073, 0.29293886113886125], [0.23232345269109989, 0.28334744503862147, 0.20830918803418816, 0.2760199142360907], [0.2543494893994894, 0.2633497613497614, 0.1944163558663559, 0.28788439338439337], [0.20197217782217786, 0.281654933954934, 0.24960972360972375, 0.26676316461316457], [0.22634815739815733, 0.2861349780938017, 0.18134938394938394, 0.3061674805586571], [0.2362440945019894, 0.27612523420851615, 0.24887280693163044, 0.23875786435786447], [0.21463612498612508, 0.28644898989899, 0.2083964923964924, 0.29051839271839275], [0.18459372849372857, 0.3121839124927359, 0.23108367269984914, 0.27213868631368643], [0.30783528138528155, 0.2248488761238762, 0.1763402541902542, 0.29097558830058845], [0.31650491730491725, 0.23032904872904883, 0.17969184704184712, 0.2734741869241869], [0.22899375069375075, 0.2891971805971806, 0.17857354867354883, 0.30323552003551996], [0.23483804887922555, 0.2851571836660072, 0.17724398379398382, 0.30276078366078374], [0.23562561327561338, 0.2755476412476413, 0.17492210012210027, 0.31390464535464535], [0.214576345876346, 0.26478628593628595, 0.1967103119103119, 0.3239270562770561], [0.2122420523920524, 0.288179683388507, 0.23969292733410394, 0.25988533688533694], [0.17816227661227665, 0.3071172938172939, 0.1932412032412033, 0.3214792263292263], [0.26894696692196685, 0.2821465367965367, 0.14567166722166736, 0.3032348290598292], [0.20538955211455215, 0.30536312021312007, 0.18499428904428905, 0.3042530386280387], [0.24914881507381514, 0.2725985292485294, 0.1789451992451993, 0.2993074564324565], [0.2164822122322123, 0.29563212898212915, 0.19140451770451772, 0.29648114108114093], [0.22998904428904446, 0.2562966866466867, 0.18712661782661785, 0.32658765123765116], [0.19142548007548021, 0.2965519758019757, 0.24902523587523592, 0.26299730824730844], [0.30331701631701624, 0.23939756734493592, 0.1776441336441337, 0.27964128269391436], [0.2947344377844379, 0.2254476911976914, 0.18288705183705198, 0.296930819180819], [0.19097256077256086, 0.31060064935064946, 0.17830005550005557, 0.32012673437673433], [0.23127474192474193, 0.27703070263070273, 0.20269564324564338, 0.28899891219891216], [0.17830479520479522, 0.2961173326673327, 0.21774355644355645, 0.30783431568431563], [0.21472307692307696, 0.2823884781884782, 0.22131033966033958, 0.2815781052281054], [0.3635737040737041, 0.24391028416028435, 0.13573189588189602, 0.25678411588411604], [0.24622162004662013, 0.2658177758515996, 0.1576155289155289, 0.33034507518625184], [0.2908985736485737, 0.2594473007384773, 0.1721607301195537, 0.2774933954933956], [0.2356157056995294, 0.3195647653000596, 0.16403391608391626, 0.28078561291649534], [0.2530057636807637, 0.25601608946608956, 0.1989787157287158, 0.2919994311244312], [0.2213040459540461, 0.27657153124653117, 0.20722909867909867, 0.2948953241203241], [0.206289325380502, 0.26424482102864455, 0.26278258130758153, 0.2666832722832723], [0.22827506382506388, 0.27661690335807976, 0.2287458727546963, 0.26636216006215996], [0.22128500943500956, 0.271472425613602, 0.23102725248607614, 0.2762153124653128], [0.3445719058719058, 0.20214852369852382, 0.15121535686535695, 0.30206421356421337], [0.2399603063603065, 0.3016054889554891, 0.19305104895104888, 0.2653831557331559], [0.22398921438039093, 0.26083926743191455, 0.22565661560661562, 0.2895149025810792], [0.25761560106560133, 0.23159344903462573, 0.22881829118593827, 0.281972658713835], [0.2626734376734377, 0.28261392773892774, 0.18079620657120657, 0.2739164280164281], [0.28637877122877126, 0.23595279165279187, 0.16309304584304585, 0.31457539127539125], [0.25531641691641693, 0.26059820179820203, 0.1646994449994451, 0.3193859362859362], [0.2666806082806084, 0.34197816072816073, 0.1428533966033967, 0.24848783438783437], [0.25779677544677554, 0.3127580891330891, 0.13871222388722393, 0.2907329115329116], [0.2168226123549654, 0.2630634554987497, 0.2558541974365504, 0.2642597347097348], [0.24481776556776577, 0.24082909035409053, 0.1820037795537796, 0.33234936452436437], [0.23725606060606075, 0.2601752442002444, 0.1836613664113665, 0.31890732878232886], [0.20041391386391408, 0.30517619047619055, 0.18611496281496298, 0.3082949328449329], [0.22561681096681102, 0.2893084165834168, 0.1802114219114219, 0.3048633505383506], [0.24902533577533584, 0.2738772061272061, 0.2040149073149074, 0.2730825507825509], [0.24040877651760006, 0.3298550833153777, 0.15696004273504288, 0.27277609743197995], [0.24267927791163102, 0.2838959357635828, 0.17413979908979924, 0.29928498723498714], [0.2523374403374403, 0.22329142524142534, 0.18102785547785558, 0.343343278943279], [0.23104103498840345, 0.2618923687423688, 0.20316362701625865, 0.30390296925296933], [0.23726053668553673, 0.2639786971198736, 0.221558049466873, 0.27720271672771685], [0.21840550560550576, 0.29711015651015665, 0.1951255633255633, 0.2893587745587748], [0.2659750027750029, 0.31130320235320225, 0.14815419580419584, 0.27456759906759914], [0.26550920044008286, 0.2860762626262627, 0.14208425332837107, 0.3063302836052837], [0.19342777777777787, 0.28804309783783466, 0.21908555129081453, 0.2994435730935732], [0.23221429126429138, 0.3016381923631924, 0.14974349261849265, 0.3164040237540238], [0.2765657647907648, 0.2839357697857699, 0.1487240981240982, 0.2907743672993673], [0.2262247419247421, 0.27187955932955965, 0.17435564990564992, 0.3275400488400487], [0.23979332611832618, 0.2867706016206018, 0.17746947219447215, 0.2959666000666001], [0.23626217116217116, 0.30828371073371086, 0.18822695637695644, 0.26722716172716177], [0.268834974382343, 0.27560859695859685, 0.16508889064152227, 0.290467538017538], [0.30128484015984014, 0.24637116217116234, 0.15685707429825085, 0.29548692337074695], [0.2499500999001, 0.28042390387390376, 0.1547050061050061, 0.31492099012099006], [0.2644196692196692, 0.2813217893217893, 0.1598169025419026, 0.2944416389166389], [0.23042237207237226, 0.3333665723165724, 0.17004109779109788, 0.2661699578199579], [0.23894001554001557, 0.2916426906426908, 0.15712525252525258, 0.3122920412920412]]}, "rewritten": {"ids": ["97105451", "97105580", "97106600", "97107681", "97107821", "97109570", "97110950", "97112830", "97113260", "97113900", "97116800", "98106880", "98109090", "98109230", "98110680", "98116500", "99105921", "99107630", "99108520", "99108890", "99109840", "99111000", "99117740", "99120010", "99121440", "100109000", "100111270", "100112060", "100120780", "101108500", "101109000", "101110150", "101111620", "101117580", "102107961", "102109010", "102113210", "102116500", "103109021", "103110760", "103111540", "103111990", "103113610", "103113640", "104111531", "104111990", "104113210", "104116800", "104117200", "104117630", "104118340", "105113330", "105116980", "105118171", "105118230", "105120280", "105120621", "106113190", "106114150", "106114880", "106115120", "106115240", "106115250", "106116120", "106117650", "106121190", "107113200", "107113550", "107113840", "107114621", "107114780", "107114950", "107116300", "107118120", "107118490", "107119130", "107120130", "108115070", "108115870", "108115880", "108116070", "108117360", "108117610", "108118520", "108118630", "108120280", "108121190", "108121410", "109114220", "109114651", "109115211", "109115380", "109116810", "109116930", "109117271", "109117630", "109119450", "109119591", "110114321", "110114610", "110115710", "110115980", "110116300", "110117080", "110118930", "110120190", "110121140", "111115770", "111115910", "111116040", "111116100", "111116990", "111117120", "111119950", "111120320", "111120531", "111120640", "111121190", "111121410", "112116401", "112116501", "112116800", "112116810", "112117660", "112118820", "112118930", "112119320", "112119610", "112119930", "112120540", "112120630", "112121430", "113118490", "113118620", "113119300", "113119320", "113119340", "113119930", "113120531", "113120540", "113120601", "113122190"], "labels": [0, 1, 3, 3, 2, 0, 3, 2, 1, 2, 0, 0, 1, 1, 2, 2, 1, 2, 2, 0, 2, 2, 2, 2, 2, 1, 2, 2, 1, 3, 1, 1, 3, 3, 3, 1, 3, 1, 0, 1, 1, 2, 2, 1, 0, 2, 3, 1, 3, 0, 2, 3, 0, 3, 1, 3, 1, 0, 1, 0, 1, 1, 2, 1, 1, 2, 0, 0, 3, 0, 2, 3, 0, 3, 2, 1, 2, 1, 3, 3, 1, 1, 3, 0, 1, 3, 1, 0, 3, 3, 0, 3, 3, 0, 0, 0, 3, 0, 1, 1, 2, 1, 3, 1, 1, 3, 3, 3, 2, 0, 3, 0, 2, 0, 1, 0, 0, 1, 0, 0, 3, 0, 3, 0, 0, 1, 1, 0, 1, 3, 3, 2, 1, 3, 1, 1, 0, 1, 0, 3, 2, 1], "predicted_labels": [0, 0, 0, 3, 0, 0, 3, 3, 1, 1, 0, 3, 1, 1, 3, 0, 1, 0, 1, 3, 3, 1, 0, 0, 0, 3, 1, 0, 3, 3, 3, 3, 3, 3, 0, 1, 3, 3, 1, 0, 3, 3, 3, 0, 1, 1, 3, 3, 3, 3, 3, 3, 1, 3, 1, 1, 0, 3, 3, 3, 3, 1, 1, 1, 3, 3, 3, 3, 3, 0, 3, 3, 1, 3, 3, 1, 3, 1, 3, 1, 3, 3, 1, 0, 3, 0, 1, 1, 3, 3, 3, 1, 1, 0, 3, 1, 3, 0, 1, 1, 0, 0, 3, 3, 1, 3, 3, 3, 1, 3, 0, 3, 1, 0, 3, 1, 3, 3, 3, 3, 3, 1, 3, 3, 3, 3, 3, 1, 1, 3, 3, 3, 1, 0, 3, 3, 3, 1, 3, 3, 1, 1], "confidence_scores": [[0.4060968666953961, 0.25022427131691843, 0.09956026751026754, 0.24411859447741824], [0.2879820865409101, 0.2793840548340549, 0.18694804084804095, 0.2456858177769944], [0.3092450355200357, 0.22885605505605514, 0.17430662115662118, 0.2875922882672883], [0.2728806915306915, 0.26605041070041074, 0.17124934509934506, 0.28981955266955267], [0.3021229509053039, 0.2684024553877496, 0.14782324505559807, 0.2816513486513486], [0.30785585803085813, 0.23682066267066273, 0.15555882173382185, 0.2997646575646574], [0.3048046453546456, 0.21953008658008688, 0.1612810245310246, 0.3143842435342433], [0.2690691971770918, 0.2811284195336827, 0.15283832775411726, 0.2969640555351083], [0.22883471250971252, 0.3258263014763015, 0.19796082251082253, 0.24737816350316338], [0.22481779609279615, 0.3115059202235674, 0.16231259296259304, 0.3013636907210434], [0.34979925629925623, 0.23237900432900446, 0.1409225829725831, 0.2768991563991564], [0.2688640914640916, 0.25344457405339765, 0.18487353202353202, 0.2928178024589791], [0.25334508073625717, 0.30685677133324185, 0.14601940641058297, 0.2937787415199179], [0.2109377566877568, 0.27866343656343673, 0.26068834498834514, 0.249710461760462], [0.25306002886002904, 0.26809514374514376, 0.1961234487734489, 0.28272137862137875], [0.32489195526695536, 0.21209691697191704, 0.1551079170829171, 0.30790321067821064], [0.2833103285603285, 0.3130078477078476, 0.16126795426795443, 0.24241386946386947], [0.29863239815739806, 0.2484615800865803, 0.1591078754578755, 0.2937981462981464], [0.24836283161283176, 0.31157027417027416, 0.18914918414918425, 0.2509177100677101], [0.260844092019092, 0.27748427128427133, 0.16041376401376412, 0.30125787268287274], [0.2495380841380843, 0.27626675546675555, 0.1873134587634589, 0.2868817016317016], [0.19185096015096018, 0.30068595293595307, 0.21213659673659685, 0.29532649017649015], [0.3048048229548231, 0.22106875346875351, 0.17717268287268292, 0.2969537407037406], [0.30489288869025705, 0.24416953601953606, 0.17705842111105277, 0.27387915417915437], [0.28444834887334886, 0.2729638805638807, 0.1799883382956913, 0.2625994322670793], [0.23909094239094256, 0.2882989982239984, 0.16709659229659235, 0.30551346708846705], [0.18745699855699868, 0.2892717587967589, 0.24190406897024544, 0.28136717367599706], [0.3215285936285936, 0.214311113886114, 0.15117559107559111, 0.3129847014097012], [0.28487058497058504, 0.2615782106782108, 0.1599232101232102, 0.2936279942279943], [0.21454985569985577, 0.26831352258852276, 0.23783034465534483, 0.27930627705627703], [0.257896051171051, 0.2549378161054633, 0.16816486568986574, 0.31900126703361975], [0.26078498168498165, 0.24197201687201678, 0.19538780663780664, 0.3018551948051946], [0.2687085220335221, 0.26125935730935745, 0.17078534798534806, 0.29924677267177263], [0.24020566655566658, 0.2796563936063936, 0.19040068820068834, 0.2897372516372515], [0.3664955322455321, 0.25730117660117674, 0.13927181152181156, 0.2369314796314798], [0.22272390860773233, 0.3016276001776001, 0.21255609113109108, 0.26309240008357654], [0.273364024864025, 0.2216398212898214, 0.21839779109779114, 0.2865983627483628], [0.2615545870795872, 0.2664629037629038, 0.18617052947052945, 0.28581197968697974], [0.23343545898545898, 0.34995010822510836, 0.1609941641691643, 0.2556202686202689], [0.28155735930735926, 0.2282317078346492, 0.21511009350127008, 0.2751008393567218], [0.24493929126429137, 0.25932427849927864, 0.18069102009102012, 0.3150454101454102], [0.26660151515151526, 0.2624717282717283, 0.13087953990453993, 0.34004721667221655], [0.19086304353541195, 0.28237957957075616, 0.2433596607211159, 0.2833977161727161], [0.371076430793149, 0.2144448570177674, 0.14930593759525648, 0.26517277459382727], [0.25382292678082147, 0.2974701611254242, 0.15860329056908018, 0.29010362152467417], [0.2079902042402043, 0.347191264291264, 0.21548670218670227, 0.22933182928182935], [0.2562355838605839, 0.2332943559708268, 0.18527580164933116, 0.3251942585192585], [0.26961343378843383, 0.2939591491841492, 0.1319940115440116, 0.3044334054834055], [0.25965942945942966, 0.2764598568098571, 0.1829898490398491, 0.28089086469086477], [0.24820160395160398, 0.2689950327450328, 0.20492259962259973, 0.2778807636807638], [0.22148554778554783, 0.29043678266178274, 0.19311911976912, 0.29495854978354974], [0.2339068820068821, 0.26881587856587874, 0.2110617549117549, 0.28621548451548456], [0.2691568903318903, 0.30010550674815384, 0.17081053391053405, 0.25992706900942203], [0.27037000777000775, 0.27661211566211563, 0.157653490953491, 0.2953643856143857], [0.19588631760396472, 0.30835427154544776, 0.21559898712398712, 0.28016042372660044], [0.23619986124986136, 0.3045058552558551, 0.15639961149961154, 0.302894671994672], [0.3144933094683096, 0.2403437756687758, 0.14980134310134327, 0.29536157176157174], [0.2801588671562356, 0.22801406648906672, 0.17082129434892596, 0.3210057720057721], [0.2723389943389942, 0.26158283938283944, 0.17196075036075037, 0.29411741591741597], [0.25473873903873917, 0.2728950937950941, 0.19805510045510047, 0.274311066711067], [0.26878975109857456, 0.23370717289246723, 0.20120334191951847, 0.2962997340894401], [0.27696590076590083, 0.2792830502830503, 0.17373489843489853, 0.2700161505161507], [0.2553502286928759, 0.31140565904683554, 0.1439898601398602, 0.28925425212042866], [0.22434110889110898, 0.2850439560439561, 0.21626222666222675, 0.27435270840270837], [0.24051112221112225, 0.2709332556332557, 0.2099471417471418, 0.27860848040848046], [0.19984239779828028, 0.2754316513551808, 0.24186114375820278, 0.28286480708833645], [0.22569490786990806, 0.28318254523254516, 0.20413072205572216, 0.2869918248418249], [0.24344512285100534, 0.25499551526904485, 0.1816466637937227, 0.3199126980862275], [0.2542950271950274, 0.2774684426684425, 0.17395979020979027, 0.29427673992673986], [0.38844362304362284, 0.21642762792762799, 0.0979141414141415, 0.2972146076146077], [0.21030287212787224, 0.2917138381226617, 0.19164911199911205, 0.3063341777503546], [0.26905997335997356, 0.24874287934287945, 0.19643192363192385, 0.2857652236652236], [0.2424624597624598, 0.28682142857142867, 0.18741525141525156, 0.2833008602508603], [0.19060651570651588, 0.3070587246087246, 0.17105969030969048, 0.33127506937506923], [0.23871932511932523, 0.27148680959563337, 0.2112814332726098, 0.278512432012432], [0.2366472360972362, 0.2956911810411813, 0.1892242293654058, 0.27843735349617693], [0.24855585966321272, 0.27366763628528346, 0.1747390331890333, 0.30303747086247085], [0.22609257213374867, 0.31636537269919573, 0.19873073315573336, 0.2588113220113221], [0.3019852813852814, 0.2070199800199801, 0.18636196026196025, 0.30463277833277863], [0.22758967143967146, 0.2873787199728376, 0.20375377400377406, 0.281277834583717], [0.27332518870018874, 0.2868238872238872, 0.13633404928404938, 0.303516874791875], [0.22953923984512234, 0.28316592100709737, 0.18309249018954907, 0.30420234895823134], [0.1918461704961705, 0.31837728807140553, 0.17685900210900218, 0.3129175393234217], [0.29667693417693425, 0.23662775639393296, 0.17607255995638357, 0.2906227494727494], [0.2295781809693576, 0.2838182090785032, 0.18039549894549897, 0.30620811100664036], [0.32018990453990437, 0.21208231490731494, 0.16182837717837723, 0.3058994033744036], [0.24832772227772232, 0.28793346930846947, 0.1899930874680876, 0.27374572094572114], [0.24719604284604293, 0.3200897529371214, 0.16254279609279626, 0.2701714081240398], [0.25894422799422817, 0.23690698190698203, 0.1879362470862472, 0.3162125430125431], [0.26272960927960937, 0.2547837107337108, 0.1878758852258853, 0.294610794760795], [0.25657232767232774, 0.2559579087579088, 0.17591688311688314, 0.3115528804528804], [0.1874874181374182, 0.30014818866204296, 0.23586302659328987, 0.2765013666072491], [0.26851502304884667, 0.2889797321959088, 0.15811744366744376, 0.28438780108780104], [0.35444014319014316, 0.2360699176640354, 0.12177509435009436, 0.28771484479572734], [0.2694822510822512, 0.25508499278499286, 0.16788316683316679, 0.30754958929958937], [0.2426827061827063, 0.31170158730158737, 0.19433074148074156, 0.25128496503496506], [0.20180609308991668, 0.25715185125332185, 0.22435607692960643, 0.3166859787271552], [0.3066334054834055, 0.24233394105894113, 0.16171794871794884, 0.28931470473970483], [0.273318399900753, 0.28792581813611223, 0.16527913361148666, 0.2734766483516483], [0.22502446442446447, 0.3054892551892551, 0.1968829281829281, 0.27260335220335224], [0.2981480805486222, 0.26711068808212773, 0.13932121153700108, 0.2954200198322489], [0.2801824438719176, 0.2691342046842048, 0.1764403104205737, 0.27424304102330416], [0.23170761738261736, 0.28609973637473657, 0.1731204822954824, 0.30907216394716414], [0.22697337417484495, 0.2780266392963762, 0.2152990692314221, 0.279700917297357], [0.20154210397445702, 0.3175849268378679, 0.19903113716349008, 0.28184183202418484], [0.1895971500721502, 0.24962673160173174, 0.22609551559551563, 0.3346806027306026], [0.23342899877899892, 0.2869260239760239, 0.1896620693032459, 0.28998290794173165], [0.19099222852311099, 0.3016547449282743, 0.2031645459116049, 0.30418848063701015], [0.24838302808302823, 0.28494818123053434, 0.20767433122433143, 0.2589944594621067], [0.24018115218115232, 0.27468395493395487, 0.15966051171051182, 0.3254743811743812], [0.294739257964258, 0.24965461401343772, 0.1733760775172541, 0.28223005050505057], [0.27723452483189337, 0.24030332445332458, 0.1315256455532772, 0.35093650516150504], [0.24969656177156196, 0.28998328060828066, 0.1835938145188147, 0.2767263431013431], [0.2971276501276502, 0.24100550560550574, 0.1736840770340771, 0.2881827672327672], [0.24526932234432236, 0.23656184485449203, 0.1832894771894773, 0.3348793556117088], [0.25998600288600293, 0.33724294953412604, 0.14376619132501492, 0.25900485625485636], [0.27813081640581644, 0.2593586247086249, 0.13811802641802653, 0.3243925324675325], [0.2960563630813632, 0.22201178298825378, 0.15882445022297964, 0.3231074037074036], [0.2297942446442448, 0.30176262022291406, 0.1406460705960708, 0.32779706453677054], [0.28402402422139267, 0.23437492519520392, 0.17135433455433452, 0.310246716029069], [0.23209063714063724, 0.29315475439593075, 0.16831035076035075, 0.30644425770308126], [0.22166106671106664, 0.330977145077145, 0.1831542291042292, 0.26420755910755916], [0.25378853368853377, 0.26324356476856475, 0.1856863858363859, 0.2972815157065157], [0.24642088467088472, 0.2533306637806638, 0.1867579143079143, 0.3134905372405371], [0.29240923798423807, 0.24826236818736835, 0.15253444333444346, 0.3067939504939506], [0.23022176157176164, 0.25574029304029333, 0.19980932955932953, 0.3142286158286157], [0.2020535797535799, 0.27130481773128845, 0.19316825364178306, 0.33347334887334873], [0.21375484907249614, 0.2693418950330715, 0.2520494893994895, 0.2648537664949428], [0.24555024420024424, 0.26627965645465657, 0.2303173909423911, 0.2578527084027085], [0.24901457708957725, 0.26308163503163523, 0.18515859140859153, 0.30274519647019643], [0.2958151515151514, 0.211809201909202, 0.13727531357531358, 0.35510033300033306], [0.20738159895659902, 0.26558979908979913, 0.22576986346986355, 0.30125873848373846], [0.26217245532245526, 0.2957864524364523, 0.15446079476079488, 0.2875802974802975], [0.26368138528138546, 0.25405695970695996, 0.22707804972804987, 0.2551836052836054], [0.2998074200653147, 0.24684500850027158, 0.12534011485590432, 0.3280074565785091], [0.21853705183705202, 0.2973076423576424, 0.15772629037629046, 0.32642901542901537], [0.26567870740370764, 0.25539829761741534, 0.17052056832056833, 0.3084024266583091], [0.22532939560439588, 0.30265791430791417, 0.1747932012432013, 0.29721948884448895], [0.2562972083472085, 0.26560967088467097, 0.17398257298257316, 0.3041105477855478], [0.22762062104562117, 0.26471040903540916, 0.22039738317238325, 0.28727158674658665], [0.25144507130296606, 0.33629017003808015, 0.14926683535762483, 0.26299792330132915], [0.19408511211011217, 0.29595420135420125, 0.23366329226329235, 0.27629739427239447]]}}