{"test": {"ids": ["107116501", "99110730", "110118121", "107113130", "106113190", "112116610", "111119580", "100120010", "111116750", "110117110", "112118471", "110118181", "113120531", "110118450", "112118820", "99107500", "111119150", "102112170", "109114220", "100108080", "108114360", "97111790", "106118161", "104111620", "113119340", "105116441", "106114880", "108118060", "106114150", "112117580", "107116340", "99107950", "104114240", "99107560", "99109161", "98116500", "98112170", "113122150", "111119290", "98106680", "112117210", "110118930", "107115250", "108113480", "97108520", "101114020", "98112580", "99108010", "110115250", "98111231", "111120640", "109115220", "113120591", "98106880", "104113190", "110115890", "110119030", "111121930", "99108330", "100117420", "112117431", "111116530", "103111170", "101108500", "105121190", "107114950", "109117271", "105118740", "99121440", "100109311", "107117630", "102113210", "113121010", "110121450", "99111620", "98106111", "100120780", "107118780", "112120270", "107114780", "104111531", "111116290", "112118161", "108121351", "112120990", "112119500", "113118620", "99109840", "100110050", "98108520", "105115380", "109117600", "104119340", "111116990", "111121220", "110120560", "108115970", "111119950", "111117480", "98107380", "113117401", "99107660", "113122430", "106115120", "98116090", "97106770", "107118520", "109117150", "99112531", "104110960", "109119010", "103113170", "106119580", "110116170", "107114321", "109117730", "106113170", "107113170", "112118810", "109113591", "109120150", "101114990", "99109740", "111116100", "100109890", "111120220", "108114180", "101112540", "107112840", "110118740", "98108150", "108117360", "111114171", "103109021", "97112170", "99117740", "98108970", "110120700", "108115570", "112120640", "108120700", "103113260"], "labels": [1, 3, 3, 1, 0, 1, 3, 0, 3, 0, 1, 1, 0, 0, 0, 0, 3, 3, 3, 0, 1, 2, 3, 0, 0, 1, 0, 1, 1, 0, 3, 1, 0, 1, 3, 2, 3, 2, 3, 1, 1, 1, 2, 0, 2, 3, 2, 2, 1, 1, 0, 3, 0, 0, 3, 2, 0, 1, 1, 2, 0, 3, 2, 3, 2, 3, 0, 1, 2, 1, 0, 3, 2, 3, 3, 0, 1, 1, 0, 2, 0, 2, 0, 3, 2, 2, 3, 2, 3, 2, 1, 1, 1, 0, 3, 0, 2, 0, 1, 1, 3, 3, 2, 1, 0, 3, 2, 2, 3, 2, 3, 3, 3, 0, 0, 3, 0, 0, 3, 3, 2, 3, 3, 3, 3, 3, 1, 2, 1, 3, 0, 1, 3, 0, 0, 2, 3, 2, 3, 0, 2, 3], "predicted_labels": [0, 2, 1, 0, 1, 3, 3, 3, 0, 3, 3, 1, 1, 1, 3, 3, 1, 3, 2, 1, 1, 1, 3, 1, 0, 1, 1, 3, 1, 3, 3, 2, 1, 1, 0, 0, 0, 1, 3, 3, 1, 3, 1, 1, 1, 1, 2, 3, 1, 1, 1, 0, 1, 2, 1, 3, 1, 3, 1, 1, 3, 1, 3, 3, 3, 0, 3, 1, 1, 3, 3, 1, 3, 1, 1, 3, 1, 3, 3, 1, 1, 2, 0, 1, 1, 3, 1, 1, 1, 3, 1, 3, 1, 1, 3, 0, 1, 0, 3, 0, 1, 3, 1, 0, 3, 3, 3, 1, 1, 1, 1, 1, 2, 3, 1, 1, 1, 3, 1, 3, 3, 2, 3, 1, 0, 1, 1, 2, 1, 1, 1, 1, 3, 0, 1, 0, 1, 1, 3, 0, 0, 3], "confidence_scores": [[0.36229880802376974, 0.358191686932088, 0.07529552261656511, 0.20421398242757716], [0.08902912216884101, 0.13695092820622726, 0.6467842415540506, 0.12723570807088122], [0.09692697535578033, 0.7618928887514469, 0.030015744363982307, 0.11116439152879037], [0.4122931754855554, 0.2512557420116028, 0.11589401992241867, 0.22055706258042324], [0.21302415054524476, 0.32849232733679146, 0.24429711755111472, 0.2141864045668489], [0.1826750341476485, 0.25765085015395633, 0.24466851953546725, 0.31500559616292795], [0.07628980726992471, 0.40858191483582623, 0.05668452825741956, 0.45844374963682943], [0.1259260351378928, 0.23984329959590303, 0.17197659221190187, 0.46225407305430233], [0.4601776335510521, 0.097273025719499, 0.09773636170021256, 0.34481297902923624], [0.15682432245624914, 0.2725560377646688, 0.10464082383689655, 0.46597881594218565], [0.28679277812775344, 0.23408065061198177, 0.10274782673888426, 0.37637874452138054], [0.2814684711926525, 0.4077240224774178, 0.07883074351415988, 0.23197676281577], [0.28784884929292304, 0.35216544924409204, 0.06818112472708233, 0.29180457673590254], [0.2660514600868852, 0.4409521052806454, 0.12595859219471722, 0.1670378424377524], [0.2669636466090604, 0.3015915822200438, 0.10272580900739195, 0.32871896216350405], [0.10394986325564493, 0.21176777581155842, 0.09337821245775758, 0.590904148475039], [0.22935802093479907, 0.334407378085188, 0.22313883729454323, 0.21309576368546998], [0.09397195466024967, 0.3444160837562443, 0.10057388675120145, 0.46103807483230475], [0.16608948846926117, 0.1493573233806129, 0.3701547207318355, 0.3143984674182906], [0.18383234778600577, 0.31429291165106116, 0.25440894356044713, 0.24746579700248592], [0.12816069967609792, 0.6305322472371141, 0.08897575377274086, 0.15233129931404726], [0.24948286719992166, 0.38542373920132056, 0.08225030464789412, 0.2828430889508639], [0.2437718242371541, 0.2975572107227855, 0.06488803992188265, 0.39378292511817775], [0.2680438710792445, 0.31560652679487455, 0.13312264385170225, 0.2832269582741788], [0.37782837504108113, 0.3337731693370817, 0.07156765711146283, 0.21683079851037454], [0.1762915777451857, 0.5641093040990903, 0.07717764791009359, 0.18242147024563055], [0.15833298472591906, 0.3778014097010163, 0.1537521643432089, 0.3101134412298559], [0.2310844199274433, 0.26032744123296936, 0.17440113577646327, 0.33418700306312416], [0.21252140426107366, 0.38451167049930624, 0.18050290228842913, 0.22246402295119116], [0.26579491069417116, 0.17510062552616704, 0.07761428211897774, 0.481490181660684], [0.18070686797985128, 0.27739890725758204, 0.2609703352863886, 0.28092388947617825], [0.1416534104043435, 0.2452296141266015, 0.4388717764032956, 0.17424519906575947], [0.24631504996627787, 0.2757387057668859, 0.25403515104773555, 0.22391109321910085], [0.17656305722191462, 0.32722329036523173, 0.2748109728694723, 0.22140267954338136], [0.5228788848325667, 0.28579246202032343, 0.04887168142166281, 0.14245697172544708], [0.2886944864635912, 0.19658101853118126, 0.2543848567441282, 0.26033963826109946], [0.3150211904782889, 0.21513687243211285, 0.22104847150295612, 0.24879346558664225], [0.11850101760951763, 0.40352299368293354, 0.14078348886410785, 0.3371924998434409], [0.2686338511956544, 0.28961909587735163, 0.11840122687433409, 0.32334582605265977], [0.1001667228204619, 0.33990217752214064, 0.18149814232036027, 0.3784329573370373], [0.19309345062989142, 0.3602880526103728, 0.11229818155191011, 0.33432031520782574], [0.15327048808739194, 0.2470204627888564, 0.1210308618327298, 0.4786781872910218], [0.21507870759823225, 0.3147455221877796, 0.2030756366174311, 0.267100133596557], [0.1400424593725829, 0.41030240321502015, 0.16480470539278164, 0.28485043201961535], [0.28415985558400336, 0.3357290721800913, 0.16186255472057967, 0.21824851751532565], [0.177268835965589, 0.36398875127516966, 0.2224104654879468, 0.23633194727129467], [0.1746468560551934, 0.2584734155986992, 0.3599009774189007, 0.20697875092720694], [0.19470797642264473, 0.26274029237399577, 0.2183441452438099, 0.3242075859595496], [0.18608400869031533, 0.5199176102727984, 0.10288053706747544, 0.19111784396941095], [0.23639054681441768, 0.29095852044159565, 0.27027238680542565, 0.20237854593856114], [0.32529778116505903, 0.36124798279228576, 0.09819444381942685, 0.21525979222322847], [0.31179816062262267, 0.27807716460128107, 0.12744668047404425, 0.28267799430205215], [0.30836634011130837, 0.34158855677327565, 0.08913158274879072, 0.26091352036662546], [0.1354543388079768, 0.29713703469978114, 0.30910078675185765, 0.2583078397403845], [0.11707952791880993, 0.4839859330145701, 0.18294752264900355, 0.2159870164176164], [0.2775384875678296, 0.2873975822920103, 0.14611083588273668, 0.2889530942574235], [0.16932287394648002, 0.5112550897150423, 0.1167419249215637, 0.202680111416914], [0.17704467487457043, 0.31348938637422563, 0.13373948424665238, 0.37572645450455144], [0.21608083979900383, 0.3842108361460071, 0.13972547015539474, 0.2599828538995944], [0.26112866689215986, 0.383150578285681, 0.12551548535589896, 0.23020526946626013], [0.10936253779680366, 0.2705095715503941, 0.029959494533525498, 0.5901683961192767], [0.10579733691445622, 0.6340582799901721, 0.07522333555454908, 0.1849210475408226], [0.2524121746073128, 0.25593155006597357, 0.1771880867488647, 0.31446818857784886], [0.12496306398654347, 0.12097553486400521, 0.28418465584275165, 0.46987674530669993], [0.15348702153263358, 0.2878353991631124, 0.09536458895892973, 0.46331299034532425], [0.3053582328727051, 0.2605599331426801, 0.20038140015938508, 0.23370043382522987], [0.20760216918058896, 0.272104600254172, 0.13038613032991384, 0.3899071002353252], [0.16733863156510229, 0.3417064446828502, 0.15015004068630985, 0.3408048830657375], [0.15842853156934392, 0.3674495197014196, 0.21625434289108078, 0.2578676058381557], [0.2964260399201153, 0.3119559553815624, 0.06551211057258102, 0.3261058941257412], [0.19606062832019372, 0.17444969241309402, 0.30627251417874773, 0.3232171650879646], [0.12615572808651865, 0.4117297203487332, 0.2882571467168759, 0.17385740484787243], [0.07714246986154054, 0.15775981758135776, 0.06237856138598005, 0.7027191511711216], [0.13087031791011233, 0.43890633954342423, 0.0832314011456954, 0.34699194140076794], [0.15461285642535003, 0.5078356825223026, 0.19078350793110718, 0.14676795312124027], [0.2022365529627169, 0.2687261967272726, 0.22873449469492518, 0.3003027556150853], [0.17646067357322157, 0.329984061811739, 0.27763237858559786, 0.21592288602944162], [0.22461681097337188, 0.24822310546065973, 0.19793245686546923, 0.32922762670049904], [0.19725220071318655, 0.3246053994667832, 0.10641741291029504, 0.37172498690973543], [0.11149180188873326, 0.6106583664428124, 0.12526247172044216, 0.15258735994801226], [0.2835357782614233, 0.3130377054072514, 0.11973677941206091, 0.28368973691926436], [0.19837449670382704, 0.2816832352310928, 0.3037784139167435, 0.21616385414833664], [0.473220879535364, 0.24784798730442587, 0.06585094569113191, 0.21308018746907842], [0.32429637651752724, 0.3761452686611696, 0.08335842209266565, 0.2161999327286375], [0.10546340086951754, 0.7224163211247052, 0.08875821298211006, 0.0833620650236672], [0.25601503617941734, 0.28936692331255814, 0.16277582002675878, 0.29184222048126574], [0.2583979509887189, 0.34648996321769304, 0.09496729131758458, 0.3001447944760035], [0.22654655267988755, 0.2859093352624854, 0.2595933133193991, 0.22795079873822802], [0.15327273319317763, 0.3734918717367104, 0.18006221750048648, 0.2931731775696255], [0.22307995621828386, 0.2643672651215429, 0.20173005015853798, 0.3108227285016353], [0.2719853377247494, 0.3467111936817695, 0.11469342952636705, 0.2666100390671139], [0.17515872247829634, 0.1866565573208936, 0.12904332846027355, 0.5091413917405366], [0.2042528583533563, 0.3846703119749804, 0.08579707287934119, 0.3252797567923224], [0.2599837336686895, 0.34650053649938284, 0.09959532267864848, 0.2939204071532791], [0.2033427071314489, 0.293494324043766, 0.07317319297072755, 0.42998977585405757], [0.3868950472228336, 0.28482207475871807, 0.13131423914231807, 0.19696863887613014], [0.1937826028428796, 0.4084957857950264, 0.19895435019371496, 0.19876726116837926], [0.4840011836770808, 0.25200040932543016, 0.08238572246666379, 0.18161268453082513], [0.19618169610580505, 0.3263726079800771, 0.0777241629616216, 0.3997215329524962], [0.3113680432260905, 0.28480256157023787, 0.15358436974520778, 0.25024502545846367], [0.23568664407728832, 0.4562811548510847, 0.08438168292686128, 0.2236505181447659], [0.3134109330550554, 0.2016612983439507, 0.1523201301810164, 0.33260763841997754], [0.20168592332651855, 0.4567946430769982, 0.10169706040583537, 0.2398223731906479], [0.3274896925798308, 0.2715615572711099, 0.0914524148537354, 0.30949633529532394], [0.2489949401028165, 0.18163541846087702, 0.09986438584862493, 0.46950525558768175], [0.1936576484371065, 0.3116696475428163, 0.1798772242771553, 0.31479547974292194], [0.26453816922058226, 0.24928014543404176, 0.18014417341053315, 0.3060375119348429], [0.21127439978427978, 0.3778978100889282, 0.1560892450055814, 0.2547385451212106], [0.21891519019132255, 0.3948147920430656, 0.09790362590704531, 0.28836639185856644], [0.14835493671176914, 0.3813384578659788, 0.23066805478469526, 0.23963855063755682], [0.1759308477815545, 0.3559232571477517, 0.18828294175092838, 0.27986295331976546], [0.1408016107128928, 0.30232059098604613, 0.2967643301544598, 0.2601134681466014], [0.1468662948569028, 0.2594956595199027, 0.4317993904198845, 0.16183865520331012], [0.17393236650093385, 0.3006854482968175, 0.07599324103331834, 0.44938894416893027], [0.24020255175652722, 0.3863732719378828, 0.11112491547188247, 0.2622992608337076], [0.23189766249059732, 0.37085771941236323, 0.0932765746604133, 0.3039680434366263], [0.20908946606650386, 0.4486754548319224, 0.08779687198945232, 0.25443820711212156], [0.22454295145257705, 0.32204930115128944, 0.1235658772243023, 0.32984187017183125], [0.2113138368131393, 0.3829058876327696, 0.09774664403476585, 0.3080336315193252], [0.1882403369012624, 0.3119045767268332, 0.09474064209074204, 0.40511444428116256], [0.13291254444885087, 0.19911387748949128, 0.21128310864627234, 0.45669046941538555], [0.14724237380283525, 0.19692550383617052, 0.439484334371722, 0.21634778798927207], [0.20465806595369862, 0.2284088211172158, 0.2073068243434077, 0.359626288585678], [0.2200463331885387, 0.33040996430093256, 0.14666382267582415, 0.3028798798347046], [0.34633914314493663, 0.22912493024931002, 0.18359030626132353, 0.24094562034442993], [0.1929249261472549, 0.44941742448262983, 0.13602664940111966, 0.22163099996899566], [0.12389092247691653, 0.5138755024386233, 0.1073050184801842, 0.25492855660427594], [0.09289909763516785, 0.09169312781883085, 0.7224695744380784, 0.09293820010792299], [0.2771168376142946, 0.3068424317873246, 0.20198496168796637, 0.2140557689104145], [0.18730171180493405, 0.35856902040243405, 0.10273950190521544, 0.3513897658874165], [0.20033929272889622, 0.38259929282373933, 0.15401045315241838, 0.2630509612949461], [0.1671900694286115, 0.42543787956613827, 0.15189996133959147, 0.25547208966565876], [0.24766328848014682, 0.27880353793747503, 0.11956560128639117, 0.35396757229598713], [0.323292122833204, 0.17535142833981235, 0.198137350616965, 0.3032190982100186], [0.2051232895342683, 0.38212157178192463, 0.10672685962678154, 0.30602827905702557], [0.2978585896662444, 0.2564061080906641, 0.1903166625396553, 0.25541863970343626], [0.15321743298693574, 0.43502321599623933, 0.2175747484931297, 0.19418460252369513], [0.2792430373479631, 0.3524124659792218, 0.08974916639421009, 0.278595330278605], [0.26340038391359943, 0.26073128207701357, 0.15436624036376537, 0.3215020936456216], [0.3985530695833742, 0.20136903133512277, 0.09822733491863367, 0.3018505641628692], [0.3901315667666881, 0.28332404708423375, 0.09665025683267875, 0.22989412931639933], [0.193279075327579, 0.26730375030956316, 0.14263225720774947, 0.3967849171551082]]}, "rewritten": {"ids": ["97106770", "97108520", "97111790", "97112170", "98106111", "98106680", "98106880", "98107380", "98108150", "98108520", "98108970", "98111231", "98112170", "98112580", "98116090", "98116500", "99107500", "99107560", "99107660", "99107950", "99108010", "99108330", "99109161", "99109740", "99109840", "99110730", "99111620", "99112531", "99117740", "99121440", "100108080", "100109311", "100109890", "100110050", "100117420", "100120010", "100120780", "101108500", "101112540", "101114020", "101114990", "102112170", "102113210", "103109021", "103111170", "103113170", "103113260", "104110960", "104111531", "104111620", "104113190", "104114240", "104119340", "105115380", "105116441", "105118740", "105121190", "106113170", "106113190", "106114150", "106114880", "106115120", "106118161", "106119580", "107112840", "107113130", "107113170", "107114321", "107114780", "107114950", "107115250", "107116340", "107116501", "107117630", "107118520", "107118780", "108113480", "108114180", "108114360", "108115570", "108115970", "108117360", "108118060", "108120700", "108121351", "109113591", "109114220", "109115220", "109117150", "109117271", "109117600", "109117730", "109119010", "109120150", "110115250", "110115890", "110116170", "110117110", "110118121", "110118181", "110118450", "110118740", "110118930", "110119030", "110120560", "110120700", "110121450", "111114171", "111116100", "111116290", "111116530", "111116750", "111116990", "111117480", "111119150", "111119290", "111119580", "111119950", "111120220", "111120640", "111121220", "111121930", "112116610", "112117210", "112117431", "112117580", "112118161", "112118471", "112118810", "112118820", "112119500", "112120270", "112120640", "112120990", "113117401", "113118620", "113119340", "113120531", "113120591", "113121010", "113122150", "113122430"], "labels": [3, 2, 2, 0, 0, 1, 0, 1, 0, 2, 3, 1, 3, 2, 0, 2, 0, 1, 3, 1, 2, 1, 3, 3, 2, 3, 3, 3, 2, 2, 0, 1, 3, 3, 2, 0, 1, 3, 2, 3, 3, 3, 3, 0, 2, 3, 3, 2, 0, 0, 3, 0, 1, 1, 1, 1, 2, 0, 0, 1, 0, 1, 3, 3, 1, 1, 0, 0, 2, 3, 2, 3, 1, 0, 2, 1, 0, 1, 1, 3, 2, 1, 1, 2, 3, 3, 3, 3, 2, 0, 1, 3, 3, 2, 1, 2, 0, 0, 3, 1, 0, 3, 1, 0, 0, 2, 3, 3, 3, 2, 3, 3, 0, 1, 3, 3, 3, 0, 3, 0, 3, 1, 1, 1, 0, 0, 0, 1, 3, 0, 2, 0, 0, 2, 3, 3, 0, 0, 0, 2, 2, 2], "predicted_labels": [0, 1, 0, 3, 3, 1, 2, 0, 2, 1, 1, 1, 3, 0, 2, 3, 3, 2, 3, 1, 1, 3, 0, 0, 2, 2, 1, 3, 3, 1, 1, 3, 0, 1, 1, 1, 2, 3, 0, 3, 1, 3, 1, 3, 0, 1, 1, 1, 1, 0, 1, 1, 3, 3, 3, 1, 1, 3, 3, 1, 3, 3, 1, 0, 1, 1, 3, 0, 1, 3, 1, 1, 0, 0, 1, 1, 1, 1, 1, 3, 1, 3, 0, 0, 1, 3, 0, 0, 1, 3, 3, 3, 1, 3, 0, 1, 3, 3, 1, 1, 1, 1, 3, 3, 1, 1, 0, 1, 1, 3, 0, 0, 3, 3, 1, 3, 3, 1, 1, 1, 1, 1, 0, 3, 3, 3, 3, 0, 3, 0, 1, 1, 3, 2, 1, 3, 0, 3, 3, 3, 1, 1], "confidence_scores": [[0.28439221105407253, 0.19787863778337333, 0.2413644618729439, 0.27636468928961033], [0.2549487866089182, 0.2760302698728578, 0.19598969000312536, 0.27303125351509866], [0.39156637617059376, 0.20750513881461974, 0.18176913616104504, 0.21915934885374155], [0.12541714677164895, 0.142328747653459, 0.24713402377133267, 0.4851200818035594], [0.21504566074831888, 0.2612618190354417, 0.07683485508999097, 0.4468576651262483], [0.12885046768261071, 0.5086971642970425, 0.22716200184220256, 0.13529036617814424], [0.17888190287093633, 0.1887284853708083, 0.40557254644780527, 0.22681706531045007], [0.3254213587816023, 0.1836308768311983, 0.18994602454072224, 0.3010017398464773], [0.17801726735309026, 0.21471470324472097, 0.3363925208329252, 0.2708755085692635], [0.3040785499960906, 0.3534164694552157, 0.13651522863922128, 0.20598975190947258], [0.1887181633947112, 0.4102686032380258, 0.2163027722610067, 0.18471046110625627], [0.2343001646439976, 0.4522903416278152, 0.08500107568890158, 0.22840841803928555], [0.2210296714600859, 0.17241526017686637, 0.2262088439959585, 0.38034622436708937], [0.3539660698219363, 0.21832346741348546, 0.1843507046560914, 0.24335975810848698], [0.11460290047045364, 0.29397878588040327, 0.3601300552918054, 0.23128825835733782], [0.19352000739684297, 0.24816481427621848, 0.15939556482887357, 0.3989196134980651], [0.17376277478461719, 0.297910010651899, 0.1627266241410102, 0.3656005904224738], [0.233923445407572, 0.2408453974603733, 0.31056266847763464, 0.21466848865442018], [0.28411232994735974, 0.20963249729381586, 0.1782689507665133, 0.32798622199231126], [0.14641122126026665, 0.49621798225922525, 0.1475985693934175, 0.20977222708709053], [0.16218250215164645, 0.5213858847457729, 0.12427937756744531, 0.19215223553513544], [0.2525984673144446, 0.29376915085613803, 0.15750156024721265, 0.2961308215822048], [0.4060426404542821, 0.33936334651221894, 0.06611688283180503, 0.188477130201694], [0.39546542834578613, 0.1460642651553248, 0.3172437717992124, 0.14122653469967658], [0.1837324005022921, 0.1748899617567025, 0.36110388810944416, 0.28027374963156143], [0.0701240642192074, 0.31270431033792667, 0.47058360653636044, 0.14658801890650539], [0.24150181678018826, 0.32627752066037585, 0.1964110385825756, 0.23580962397686023], [0.2701195260228212, 0.2600780678043143, 0.06340422759719608, 0.4063981785756684], [0.25991863219059846, 0.2826197942855824, 0.1620128270010726, 0.29544874652274655], [0.16676606027016802, 0.35733634639759243, 0.14546188732006465, 0.3304357060121748], [0.1618387004995824, 0.4947635292489417, 0.1543559249439175, 0.1890418453075585], [0.18645129613267744, 0.1888635754954204, 0.053067913178778785, 0.5716172151931234], [0.3507894081834421, 0.18034630553971087, 0.15594414312243354, 0.3129201431544133], [0.24714847552292696, 0.3625613352845966, 0.16461394222423992, 0.22567624696823682], [0.1760787494381136, 0.311609860396472, 0.265872288914269, 0.24643910125114563], [0.11349271714599961, 0.34652654883965006, 0.2135833079364608, 0.32639742607788963], [0.16720162961976012, 0.24927537391397145, 0.3464341323144628, 0.23708886415180577], [0.18748753457029846, 0.15272744806537, 0.10022434895443462, 0.5595606684098972], [0.3853993750346781, 0.15524370876277752, 0.15356917089458927, 0.3057877453079552], [0.18871169344983693, 0.17045421511487702, 0.15304478857504644, 0.48778930286023964], [0.20327719144239093, 0.39113706609071297, 0.15964425253568976, 0.2459414899312063], [0.08943084805659675, 0.11079067164821152, 0.09795134767895385, 0.7018271326162379], [0.14626281884162143, 0.41817220523422965, 0.18384770770160075, 0.2517172682225482], [0.29960847130210017, 0.22484968599717192, 0.06877305115827262, 0.4067687915424554], [0.28258180238377534, 0.23206951867057773, 0.25826005355003395, 0.22708862539561298], [0.28722204548167113, 0.37543670321766576, 0.13825248856569994, 0.19908876273496323], [0.23700660313232225, 0.27935743755691156, 0.21132830473592992, 0.2723076545748364], [0.23455089708218968, 0.3794455294961276, 0.17146578378553506, 0.2145377896361478], [0.24321633809655446, 0.44358294238952817, 0.0934518111798402, 0.219748908334077], [0.34602173527922786, 0.2200175150056087, 0.1292685701240348, 0.3046921795911287], [0.2313823901239098, 0.4805831387450219, 0.11038209522330471, 0.1776523759077636], [0.2328036082336847, 0.2850403988341162, 0.2168237298626148, 0.2653322630695844], [0.22938268398255787, 0.28971562542873136, 0.07296682746532718, 0.40793486312338345], [0.20758390923081446, 0.15251005924681793, 0.2713539268425968, 0.3685521046797708], [0.31735510189603733, 0.20737115401241674, 0.07843462689513321, 0.3968391171964127], [0.11225594838499474, 0.3449698269346047, 0.2222168006882893, 0.32055742399211146], [0.25483408353374837, 0.3699612479674402, 0.12338866675883799, 0.2518160017399735], [0.2905097792807745, 0.1682186142609198, 0.1300862912142087, 0.4111853152440972], [0.1645640457531712, 0.2031469436945382, 0.22382660816415156, 0.4084624023881389], [0.26684796213582607, 0.3645108819710839, 0.16843637943998516, 0.20020477645310492], [0.20082889059169354, 0.2298552825436909, 0.17866885335453372, 0.3906469735100818], [0.22835526198955666, 0.2565392060315121, 0.13440369916454056, 0.3807018328143907], [0.30266570972765044, 0.3665347206985438, 0.06957930899798283, 0.261220260575823], [0.3036368635181904, 0.25081424526862567, 0.17928220864542932, 0.26626668256775476], [0.30784592027780056, 0.31644011274994155, 0.14536206097115134, 0.23035190600110675], [0.19761734647652912, 0.3590163599680522, 0.24655693183555405, 0.1968093617198647], [0.243473330237646, 0.2238997397045066, 0.11990521178609709, 0.4127217182717505], [0.3956815554553067, 0.26302198463326093, 0.0989248250751716, 0.2423716348362608], [0.14753178249290483, 0.45828713468991333, 0.19980592365972732, 0.1943751591574547], [0.2584750084014635, 0.28939195862812517, 0.16150841403623317, 0.2906246189341782], [0.12378811616814409, 0.39058622676731036, 0.21252195350132647, 0.27310370356321917], [0.166351881687409, 0.3891504985602034, 0.09883171762701974, 0.3456659021253678], [0.5163402226332139, 0.1875381735292043, 0.08142642015589437, 0.21469518368168758], [0.38256662145718373, 0.18938243931210794, 0.17911830471931678, 0.2489326345113917], [0.2957525223005042, 0.4136052852871498, 0.09700883465180973, 0.19363335776053628], [0.23478462430828256, 0.3084977087487903, 0.2368065967323659, 0.21991107021056128], [0.26360037555676646, 0.32405850215881316, 0.1925899964110302, 0.2197511258733903], [0.2063348038944704, 0.35320012687904984, 0.2115824842824333, 0.22888258494404654], [0.12536205884166296, 0.6144665108443215, 0.09697246016853098, 0.16319897014548437], [0.13674476348224704, 0.32232957430634657, 0.07251661780842791, 0.4684090444029786], [0.2493139984981012, 0.28762246425688187, 0.2768381567718242, 0.1862253804731929], [0.12582277272745435, 0.3253910635664022, 0.18627365807211832, 0.36251250563402504], [0.34754942050267235, 0.2319048552278899, 0.10442065788042051, 0.3161250663890172], [0.3388033681914733, 0.2888685458062727, 0.11051190088818519, 0.26181618511406884], [0.28446324059008393, 0.37158716653071405, 0.0690922524045415, 0.27485734047466076], [0.2210834197751814, 0.2702595775553839, 0.08720741194472853, 0.4214495907247062], [0.38962009670614633, 0.10201812941367537, 0.1810034617721407, 0.32735831210803756], [0.30861964848912465, 0.20394882019692043, 0.23203158913240332, 0.2553999421815516], [0.21000510453666937, 0.5273099599154707, 0.11093769756312417, 0.15174723798473583], [0.30357530292466817, 0.21102656513963156, 0.05134028987258002, 0.4340578420631202], [0.17202310182588196, 0.1736361831896419, 0.13324324969645596, 0.52109746528802], [0.27794949546722064, 0.25736332346009116, 0.17192543463014254, 0.29276174644254566], [0.13530816654394526, 0.4087217599729274, 0.21424426136071648, 0.24172581212241076], [0.11440342339417905, 0.2494671764571673, 0.30629380172060194, 0.32983559842805177], [0.34302761830618556, 0.2953050551252884, 0.11833629135681147, 0.24333103521171462], [0.2901776658853105, 0.35317318868057146, 0.11088385503563965, 0.2457652903984784], [0.14412496054496246, 0.22915683557412678, 0.05819146223284035, 0.5685267416480705], [0.26142670908347687, 0.31078060059763823, 0.09296794724637185, 0.334824743072513], [0.2511763318935794, 0.3523735869270359, 0.06855744418563887, 0.3278926369937458], [0.20866376155600413, 0.48364985973152114, 0.05439711010645147, 0.25328926860602324], [0.25797062617621974, 0.36521301307585036, 0.19117232069752302, 0.185644040050407], [0.2971758798036313, 0.3378930570168356, 0.1736742979507365, 0.19125676522879653], [0.2611418240847798, 0.19462180416353367, 0.14739777173437557, 0.39683860001731097], [0.2190938484810758, 0.31629454604784407, 0.13268296017542675, 0.3319286452956534], [0.2859150495172181, 0.3195139998731222, 0.1766194490030323, 0.2179515016066273], [0.15156304304963045, 0.45488888791701043, 0.11802449285889278, 0.27552357617446643], [0.31716652086218594, 0.25354698769754963, 0.1290784442468692, 0.30020804719339533], [0.23771637461139136, 0.4036450411952091, 0.06514320354289577, 0.2934953806505037], [0.15909791505286724, 0.5105877852921051, 0.09597603407058478, 0.2343382655844429], [0.28349998399404497, 0.20056078551991804, 0.14265334769024995, 0.373285882795787], [0.3040408926481057, 0.25370548916257596, 0.21351043795706603, 0.22874318023225249], [0.47342013553941825, 0.15398557556323364, 0.12338695671446294, 0.24920733218288532], [0.24034414356404882, 0.21875335232567752, 0.12708888006542063, 0.413813624044853], [0.26036728967241923, 0.26905416838755386, 0.08078993970908241, 0.3897886022309446], [0.18989381809991004, 0.39077230685931313, 0.17154055207519503, 0.24779332296558193], [0.2751205254356578, 0.24727520317726784, 0.13464553006522667, 0.3429587413218477], [0.14050499462369964, 0.28321694645701473, 0.046200548599182434, 0.5300775103201032], [0.33685447225765497, 0.35641636587153747, 0.09194341099258066, 0.21478575087822724], [0.15668900898885132, 0.5693261978993546, 0.11093397629656361, 0.16305081681523054], [0.16511625053774534, 0.3566728815283383, 0.13125430599342908, 0.3469565619404874], [0.3000913090765906, 0.4262778319758201, 0.08612015193488257, 0.18751070701270675], [0.16882623387486814, 0.37511858435729467, 0.2123720226305249, 0.24368315913731248], [0.4781706400476103, 0.21829475880957358, 0.07847018777925474, 0.2250644133635615], [0.23576631161755815, 0.28547906445511145, 0.14735995110262218, 0.33139467282470814], [0.2862388293247169, 0.2884405785736974, 0.13097312046132958, 0.29434747164025593], [0.3012879518293156, 0.19834145614535564, 0.07228663545670856, 0.42808395656862014], [0.21571236122819454, 0.34461052692602057, 0.06531170830866398, 0.374365403537121], [0.351568545976483, 0.2586918862573663, 0.06569642438238281, 0.3240431433837679], [0.2637908430678989, 0.19866307724712964, 0.12726604950157172, 0.41028003018339976], [0.3644229092575394, 0.33466692298434975, 0.08205647782793814, 0.2188536899301728], [0.22906594683486375, 0.3164865336256287, 0.18632153599890494, 0.26812598354060274], [0.2865522619977109, 0.30754429997102173, 0.09990732315917264, 0.3059961148720947], [0.26146457827491015, 0.2406328388150407, 0.16351274545886704, 0.3343898374511822], [0.3126613659864131, 0.23074502502222816, 0.3782301963988545, 0.07836341259250412], [0.2788717798098931, 0.34494528905280336, 0.060584469959089754, 0.31559846117821366], [0.2314514437236589, 0.18838867804706175, 0.0717541218706161, 0.5084057563586635], [0.6742835887249107, 0.16078311231830827, 0.047404284861887726, 0.11752901409489327], [0.3013973478226495, 0.2632859311223848, 0.08584577368680493, 0.3494709473681607], [0.21094801372680125, 0.31261975787634066, 0.15364817429875552, 0.3227840540981025], [0.08705471993016907, 0.12525670131370129, 0.07759035104340226, 0.7100982277127276], [0.24505595636839708, 0.3452130336029588, 0.12274672692581864, 0.2869842831028256], [0.2097621493656129, 0.3501073459518728, 0.14308814918722482, 0.2970423554952895]]}}