{"test": {"ids": ["113118490", "102112301", "108113480", "99112531", "109120560", "108117360", "97107040", "97107260", "112116451", "110115980", "110121140", "113120601", "113121680", "98113881", "113119930", "98111860", "107117010", "99119830", "111121930", "106114011", "113120070", "110117080", "103120340", "99107500", "112117580", "98120530", "108116120", "101112690", "110118121", "107113260", "97116790", "105119950", "112116850", "97109080", "110115140", "101109120", "104111711", "99120010", "113119950", "99117630", "111116100", "109119340", "99113260", "112116990", "101110200", "98111620", "110115120", "106111321", "113119340", "98110230", "104114240", "108114270", "110115890", "106117650", "108118630", "110120190", "101114020", "106114280", "108114670", "112120270", "101119591", "97105580", "111119930", "112119120", "110120540", "111119250", "113121220", "97112300", "107114950", "105112240", "100111380", "108119330", "112118471", "104113170", "109117431", "99111000", "112116610", "109117110", "101111620", "101119030", "110114561", "109113591", "108115500", "112116800", "113122160", "107112850", "110120531", "103111170", "111117120", "98112300", "99109860", "111119430", "103109021", "111120531", "98108410", "98110680", "113119700", "112116501", "102109840", "97113260", "110114920", "109120621", "111116040", "97107821", "111119950", "113122150", "103113101", "98112170", "108118301", "100115700", "110116501", "106113360", "112118421", "104119340", "110117110", "102110750", "110120560", "97106820", "105121190", "111120540", "107116300", "108116501", "98106880", "111117000", "113119360", "108118060", "101112160", "97110950", "102121440", "110118301", "107113200", "103110220", "109117730", "112117461", "113121950", "105112260", "112117780", "111119150", "108119550", "107121230", "107115250", "97108520"], "labels": [1, 1, 0, 3, 1, 1, 2, 2, 0, 1, 3, 2, 1, 3, 1, 0, 1, 1, 1, 1, 2, 1, 1, 0, 0, 1, 1, 1, 3, 0, 2, 3, 0, 2, 0, 1, 1, 2, 0, 3, 3, 3, 0, 0, 2, 3, 0, 0, 0, 3, 0, 3, 2, 1, 1, 3, 3, 3, 3, 0, 0, 1, 1, 1, 1, 1, 3, 2, 3, 1, 3, 0, 1, 3, 1, 2, 1, 1, 3, 3, 0, 3, 3, 0, 3, 1, 0, 2, 2, 2, 2, 3, 0, 0, 1, 2, 0, 3, 2, 1, 3, 1, 0, 2, 0, 2, 3, 3, 1, 1, 3, 0, 3, 1, 0, 1, 0, 1, 2, 1, 0, 0, 0, 0, 0, 1, 3, 3, 2, 1, 0, 2, 3, 0, 3, 3, 0, 3, 1, 0, 2, 2], "predicted_labels": [3, 3, 3, 3, 3, 3, 2, 1, 0, 0, 0, 3, 1, 3, 1, 2, 1, 1, 3, 1, 1, 3, 3, 1, 3, 3, 0, 3, 1, 3, 1, 0, 3, 3, 3, 3, 1, 1, 3, 3, 1, 3, 3, 3, 1, 1, 3, 3, 0, 1, 3, 1, 1, 1, 3, 3, 1, 1, 3, 3, 3, 1, 3, 3, 1, 3, 3, 0, 3, 1, 3, 3, 1, 1, 0, 3, 0, 3, 0, 3, 1, 3, 1, 3, 3, 1, 0, 0, 3, 0, 1, 3, 1, 1, 1, 1, 1, 3, 1, 3, 1, 3, 3, 0, 0, 1, 3, 0, 1, 3, 1, 3, 3, 3, 1, 2, 3, 3, 1, 0, 1, 3, 1, 3, 3, 3, 1, 0, 0, 3, 3, 1, 3, 3, 0, 3, 3, 3, 1, 3, 1, 1], "confidence_scores": [[0.23640674509988585, 0.2341348597394787, 0.1444547942985746, 0.3850036008620608], [0.17565283976473625, 0.2845529015814887, 0.23671733345662674, 0.30307692519714796], [0.15766903551214015, 0.3036821383778297, 0.26255084164740394, 0.276097984462626], [0.20453706185358378, 0.254590684854524, 0.24674801283758846, 0.29412424045430374], [0.2716800858317494, 0.23718234003160313, 0.16116229474184557, 0.329975279394802], [0.2517143053719268, 0.2623916902562478, 0.19947447848703206, 0.2864195258847934], [0.15157192400370198, 0.28579326863629456, 0.35177960207610975, 0.21085520528389373], [0.21064844348961229, 0.2814676432778272, 0.28286279901418787, 0.22502111421837245], [0.36378296564564694, 0.23276189701110078, 0.10027579191510577, 0.30317934542814656], [0.3001192608232174, 0.2561156208935323, 0.16834828647537825, 0.2754168318078722], [0.3453646878359118, 0.22750468451176026, 0.08740978661455107, 0.3397208410377769], [0.12935396539891264, 0.3100961349852559, 0.3059222839156695, 0.25462761570016224], [0.12771635549878826, 0.3120513938786532, 0.3394109827709239, 0.22082126785163456], [0.1889204134203298, 0.30275881586902564, 0.19960236908096174, 0.30871840162968295], [0.22859462221648172, 0.3253079200086791, 0.1736372573928141, 0.27246020038202495], [0.09965154818095201, 0.34352905511648496, 0.40390703999892574, 0.15291235670363762], [0.24026283744441715, 0.32460342806984516, 0.1420416982473049, 0.2930920362384324], [0.26466816759619954, 0.2876729039920663, 0.18536669564515315, 0.26229223276658103], [0.16071664528364854, 0.27391747545179124, 0.3332568228186446, 0.2321090564459155], [0.17975131252807613, 0.3254044374357939, 0.23862677279274525, 0.25621747724338473], [0.1621810867683343, 0.3332194257003585, 0.23992255405228016, 0.2646769334790271], [0.17094068977095928, 0.3154775788604107, 0.16458373838370102, 0.34899799298492895], [0.21555499108722173, 0.2730427905593725, 0.24076174336080056, 0.27064047499260496], [0.21381513760481394, 0.3433817495579803, 0.204469793754066, 0.23833331908313987], [0.22933770588147606, 0.2911119590154372, 0.1662930848218471, 0.3132572502812398], [0.2620254861065076, 0.250563553501359, 0.19862239159747536, 0.28878856879465803], [0.3959330465668712, 0.21784717520527888, 0.061396460726951964, 0.324823317500898], [0.29223195251909834, 0.23421318557338675, 0.11927686483319058, 0.3542779970743242], [0.16237142058705017, 0.32581744059931905, 0.18729842310975756, 0.3245127157038732], [0.2217425869670306, 0.27931257914026175, 0.21030282519015564, 0.28864200870255197], [0.23633140791344054, 0.27726878216019024, 0.24037970193611374, 0.24602010799025542], [0.32551522066071453, 0.22708047463916867, 0.1477432706519831, 0.2996610340481335], [0.2162056975736962, 0.2809186329491031, 0.15020677588645556, 0.3526688935907455], [0.19815463465380584, 0.2773763258784285, 0.26621729057918314, 0.25825174888858254], [0.2744513273707176, 0.24745125871696702, 0.16257337060828833, 0.31552404330402745], [0.2950397594407089, 0.23064376448568152, 0.13319914025272167, 0.34111733582088793], [0.24644325637669165, 0.28919957984962474, 0.17546074441086698, 0.28889641936281624], [0.2400352884998717, 0.30550098008574966, 0.18409308181268916, 0.27037064960168966], [0.29469605656054115, 0.2372285569743007, 0.0950136882646291, 0.373061698200529], [0.2829308868081156, 0.24457867017393475, 0.17968309482843295, 0.2928073481895168], [0.3094477902621889, 0.2866483826095916, 0.09964405260717257, 0.3042597745210471], [0.2201110549655975, 0.2820133377376489, 0.1644340841947175, 0.3334415231020364], [0.2087107764543179, 0.27064898811884763, 0.24132008883065703, 0.27932014659617754], [0.2124644427797959, 0.23104994223337935, 0.21787009224717305, 0.33861552273965184], [0.21116678055788093, 0.2987553401728419, 0.19730823998755567, 0.2927696392817217], [0.09433651746481396, 0.35793504615633037, 0.3640315622615395, 0.18369687411731653], [0.24709513283819443, 0.2662845801901988, 0.16329915313698912, 0.3233211338346179], [0.20492574368192865, 0.2883868961654638, 0.17101438927165327, 0.33567297088095416], [0.30336000734008106, 0.27171527540555873, 0.10010838509597587, 0.3248163321583841], [0.23513105050080466, 0.29967730143044685, 0.20146057547944396, 0.26373107258930484], [0.2586124484984604, 0.25344744302729794, 0.17060635661801996, 0.3173337518562219], [0.28250936598386645, 0.29590312719842293, 0.09799727186894597, 0.3235902349487645], [0.22995776677367785, 0.30663743595669174, 0.2209623707051118, 0.2424424265645189], [0.21028645547975877, 0.2973803882233878, 0.2780425480486729, 0.2142906082481804], [0.1596493224934078, 0.2690581260946877, 0.2557513001419558, 0.31554125126994875], [0.13381779732224672, 0.2985663575088623, 0.255938017572451, 0.3116778275964398], [0.2695220941891413, 0.28861985993871314, 0.13986734618672603, 0.30199069968541914], [0.2506130409345889, 0.28651600924517284, 0.15800092649434616, 0.3048700233258923], [0.2768434225341895, 0.2779794829914006, 0.11944757520548234, 0.32572951926892746], [0.29625737207281494, 0.2582950433977653, 0.0976842610794324, 0.34776332344998745], [0.3078994949392114, 0.25238541759345445, 0.09030961548752485, 0.34940547197980915], [0.17022785528452677, 0.32439995880838957, 0.2715893395382913, 0.23378284636879232], [0.26420372718084156, 0.2544284655623363, 0.13879249512146288, 0.3425753121353592], [0.18682516956648854, 0.27746654296155143, 0.19948777896839817, 0.3362205085035618], [0.1733026252334571, 0.35137973451611043, 0.22572973579874883, 0.24958790445168363], [0.23349859668317685, 0.2568211654972818, 0.20229898317421996, 0.3073812546453214], [0.2635502401808738, 0.2544736662390189, 0.14364483838557424, 0.3383312551945333], [0.2632247098875103, 0.2651464809728502, 0.2250722845090876, 0.24655652463055194], [0.23990834734265296, 0.25210023918191143, 0.18805103137801374, 0.3199403820974216], [0.1466036001547846, 0.3111322665058697, 0.27621744642771123, 0.26604668691163436], [0.22223352874786015, 0.2692371888441457, 0.1818620002717182, 0.326667282136276], [0.25083203023676337, 0.26711532521020603, 0.14351828446529677, 0.3385343600877341], [0.20191914696195773, 0.31365946447633164, 0.23977407668738857, 0.24464731187432223], [0.24744782247927424, 0.2949981424853423, 0.15210035484769513, 0.30545368018768865], [0.3095540921984236, 0.2746837822733055, 0.08866889116131935, 0.32709323436695176], [0.15897993820201564, 0.302978009720449, 0.23147165016004576, 0.3065704019174897], [0.3216739373951208, 0.2700168742425789, 0.156443236532711, 0.2518659518295896], [0.16689930414670306, 0.3101208243751222, 0.200783930364085, 0.3221959411140897], [0.3324652541312638, 0.24556136204606446, 0.16250624071327768, 0.25946714310939434], [0.1978710209292777, 0.27365339056685567, 0.23428533362927745, 0.2941902548745892], [0.2948926197004763, 0.2801471850735704, 0.14601971908395397, 0.278940476141999], [0.2991751953258887, 0.28044354330011206, 0.09254851040438733, 0.32783275096961173], [0.2397123586091892, 0.28379696318915754, 0.20054250880674407, 0.2759481693949092], [0.14723111576835393, 0.30851190932341027, 0.17436091714740748, 0.36989605776082823], [0.1974438119383007, 0.29996020751118824, 0.1788868789177114, 0.3237091016327997], [0.17720194821304636, 0.31509213348738174, 0.25557594878913403, 0.2521299695104379], [0.32202750821738163, 0.2805288003232623, 0.07841096460512807, 0.319032726854228], [0.331565808023481, 0.2559708425727574, 0.08979912903135034, 0.32266422037241127], [0.2402865482290538, 0.2711671545294605, 0.20872320829068583, 0.2798230889508001], [0.3469786683270031, 0.22901287584844138, 0.15920412889463775, 0.2648043269299173], [0.23548676806312543, 0.33008356374049924, 0.2196155892273934, 0.21481407896898183], [0.1490929236715808, 0.30978082295514725, 0.2027247682139049, 0.338401485159367], [0.23895094786742885, 0.293773924095428, 0.22799921298854045, 0.23927591504860252], [0.2938998842185931, 0.3031672236277006, 0.08065389280236049, 0.32227899935134613], [0.17466080476509507, 0.30808394177125886, 0.2820743139970798, 0.2351809394665665], [0.21849706855731443, 0.30947104471845677, 0.294625507503493, 0.17740637922073588], [0.17827258711485014, 0.3247286733855937, 0.21865018766282437, 0.27834855183673163], [0.3043268477823058, 0.27928719649896994, 0.08104778460467899, 0.33533817111404507], [0.2305210889545936, 0.30174142960812933, 0.2167531740832519, 0.2509843073540255], [0.2010821312219086, 0.2704918617187413, 0.2858866403409544, 0.24253936671839574], [0.20710143551513413, 0.3267564419979619, 0.24324059940582046, 0.2229015230810835], [0.20119953318188447, 0.27153245133203396, 0.14154912040031645, 0.385718895085765], [0.30393838882519164, 0.20512687337551508, 0.08863661333716172, 0.4022981244621314], [0.30524140508838554, 0.2559129588545614, 0.16652929963345467, 0.2723163364235984], [0.3253944787157337, 0.2291184984663612, 0.13784252141914552, 0.3076445013987598], [0.19312005769800086, 0.33226917402666717, 0.21251911623859981, 0.2620916520367322], [0.24380490410441627, 0.2637918218880531, 0.18669129295412518, 0.30571198105340525], [0.39159087669811576, 0.1639040304811036, 0.07253072954826792, 0.3719743632725128], [0.23188597883138007, 0.30788697332526777, 0.14890490567023984, 0.3113221421731123], [0.23624427596067823, 0.2703132264403054, 0.16286796852306218, 0.33057452907595414], [0.3014605469415332, 0.2929940075444964, 0.10258579597822796, 0.3029596495357424], [0.2152032955357723, 0.2830194686051033, 0.13676862209471946, 0.3650086137644048], [0.22968099120291388, 0.2810691610095958, 0.11586691430901798, 0.3733829334784723], [0.1353168265378372, 0.32851092214519, 0.18787347118384565, 0.348298780133127], [0.24037353019574262, 0.30243212681232984, 0.17368161805890492, 0.2835127249330228], [0.11642635377997877, 0.3495410610082847, 0.3822581607164674, 0.15177442449526937], [0.18380274377746156, 0.24482608687355623, 0.28208741999910547, 0.28928374934987683], [0.20548368955732565, 0.2952341947427008, 0.17218990625739558, 0.3270922094425783], [0.16784874977485933, 0.3267005405514326, 0.28363322215328535, 0.22181748752042302], [0.3224901462998435, 0.3081640929132403, 0.14020724638542587, 0.22913851440149036], [0.21803740414756603, 0.3436627145181958, 0.10710234699972522, 0.3311975343345131], [0.256534577937843, 0.2928135967159542, 0.11453753013746312, 0.3361142952087396], [0.22984930764615105, 0.29059457301975106, 0.268379404208351, 0.21117671512574718], [0.16187251433718017, 0.31524328282640085, 0.20926623839424735, 0.31361796444217166], [0.19948849816011452, 0.26358320745365926, 0.18231112081030446, 0.3546171735759216], [0.2649313863116721, 0.2821158375681525, 0.1357117856016676, 0.3172409905185079], [0.23705247038569066, 0.3261381899998945, 0.16489478409579983, 0.27191455551861465], [0.40918708268740694, 0.19166962075195285, 0.11915228316521834, 0.27999101339542215], [0.29250692357492114, 0.24569403557941377, 0.18685020054108062, 0.27494884030458466], [0.2996198797409163, 0.26372078182985553, 0.07586844704260853, 0.3607908913866196], [0.3202398610672335, 0.2614816427608847, 0.05847625714159889, 0.3598022390302829], [0.13138879325392638, 0.33808676706094976, 0.27880160803051873, 0.25172283165460546], [0.18089521120404758, 0.2901562148447373, 0.27216008415562376, 0.2567884897955917], [0.2672822977802043, 0.24847093692048774, 0.10406508063901991, 0.38018168466028796], [0.3386916180911085, 0.2545033989740946, 0.07600701744518065, 0.3307979654896165], [0.20187324451433497, 0.2987189131828371, 0.16326726127066668, 0.3361405810321614], [0.26422466603799977, 0.25791399340372495, 0.1082913508760688, 0.3695699896822067], [0.2334786165046582, 0.2873687519479481, 0.15758289188178878, 0.3215697396656051], [0.13051953639519634, 0.31691006689440265, 0.3370631148235751, 0.215507281886826], [0.1899381517060011, 0.27744324321209296, 0.20923369338130407, 0.32338491170060174], [0.21671237073808153, 0.30192766805430354, 0.1684705586021662, 0.3128894026054489], [0.27047863830805413, 0.31186082528633546, 0.20690199773324539, 0.21075853867236494]]}, "rewritten": {"ids": ["97105580", "97106820", "97107040", "97107260", "97107821", "97108520", "97109080", "97110950", "97112300", "97113260", "97116790", "98106880", "98108410", "98110230", "98110680", "98111620", "98111860", "98112170", "98112300", "98113881", "98120530", "99107500", "99109860", "99111000", "99112531", "99113260", "99117630", "99119830", "99120010", "100111380", "100115700", "101109120", "101110200", "101111620", "101112160", "101112690", "101114020", "101119030", "101119591", "102109840", "102110750", "102112301", "102121440", "103109021", "103110220", "103111170", "103113101", "103120340", "104111711", "104113170", "104114240", "104119340", "105112240", "105112260", "105119950", "105121190", "106111321", "106113360", "106114011", "106114280", "106117650", "107112850", "107113200", "107113260", "107114950", "107115250", "107116300", "107117010", "107121230", "108113480", "108114270", "108114670", "108115500", "108116120", "108116501", "108117360", "108118060", "108118301", "108118630", "108119330", "108119550", "109113591", "109117110", "109117431", "109117730", "109119340", "109120560", "109120621", "110114561", "110114920", "110115120", "110115140", "110115890", "110115980", "110116501", "110117080", "110117110", "110118121", "110118301", "110120190", "110120531", "110120540", "110120560", "110121140", "111116040", "111116100", "111117000", "111117120", "111119150", "111119250", "111119430", "111119930", "111119950", "111120531", "111120540", "111121930", "112116451", "112116501", "112116610", "112116800", "112116850", "112116990", "112117461", "112117580", "112117780", "112118421", "112118471", "112119120", "112120270", "113118490", "113119340", "113119360", "113119700", "113119930", "113119950", "113120070", "113120601", "113121220", "113121680", "113121950", "113122150", "113122160"], "labels": [1, 1, 2, 2, 2, 2, 2, 3, 2, 1, 2, 0, 1, 3, 2, 3, 0, 3, 2, 3, 1, 0, 2, 2, 3, 0, 3, 1, 2, 3, 1, 1, 2, 3, 3, 1, 3, 3, 0, 2, 1, 1, 2, 0, 2, 2, 3, 1, 1, 3, 0, 1, 1, 3, 3, 2, 0, 0, 1, 3, 1, 1, 0, 0, 3, 2, 0, 1, 0, 0, 3, 3, 3, 1, 0, 1, 1, 1, 1, 0, 1, 3, 1, 1, 3, 3, 1, 1, 0, 3, 0, 0, 2, 1, 3, 1, 0, 3, 1, 3, 0, 1, 0, 3, 0, 3, 0, 2, 3, 1, 3, 1, 0, 0, 1, 1, 0, 3, 1, 0, 0, 0, 0, 0, 0, 3, 1, 1, 0, 1, 0, 0, 0, 1, 0, 2, 2, 3, 1, 3, 2, 3], "predicted_labels": [1, 3, 3, 1, 1, 1, 3, 0, 3, 3, 0, 1, 3, 3, 1, 1, 1, 0, 3, 1, 3, 1, 1, 1, 3, 3, 1, 1, 1, 3, 3, 0, 3, 0, 1, 3, 1, 3, 0, 1, 2, 3, 0, 1, 3, 0, 1, 3, 3, 1, 3, 3, 3, 3, 0, 1, 1, 3, 1, 3, 1, 1, 0, 3, 3, 3, 1, 1, 3, 1, 1, 1, 1, 0, 3, 0, 3, 1, 3, 3, 1, 0, 3, 3, 3, 3, 3, 3, 1, 1, 1, 3, 1, 0, 3, 3, 1, 3, 3, 3, 0, 1, 3, 0, 3, 0, 3, 3, 3, 3, 3, 3, 0, 1, 0, 3, 0, 0, 0, 3, 3, 3, 3, 1, 3, 3, 1, 3, 3, 3, 0, 3, 3, 1, 3, 1, 3, 3, 3, 0, 1, 3], "confidence_scores": [[0.18636630387480962, 0.3086011406841607, 0.2641088280224522, 0.24092372741857743], [0.2256859687167308, 0.27537625024390233, 0.16757117789981713, 0.3313666031395498], [0.17754311565274397, 0.26089904006707687, 0.3220845893981188, 0.23947325488206006], [0.2423869018614312, 0.2857685610406329, 0.2658265547198384, 0.2060179823780973], [0.2091427942925099, 0.28571702545345073, 0.2699288083171574, 0.23521137193688207], [0.29263511236642115, 0.2977003036006896, 0.17016388509071131, 0.23950069894217793], [0.18160192762042007, 0.2806149305384425, 0.2777312339779223, 0.2600519078632151], [0.349027910271067, 0.2004098391144022, 0.13516216926280541, 0.3154000813517255], [0.2307950994701673, 0.26144897685567825, 0.22203078028751483, 0.2857251433866396], [0.2120284314802184, 0.28376614641780806, 0.25647921464664075, 0.24772620745533294], [0.27746087463496044, 0.2591355608736432, 0.23649000764668052, 0.22691355684471615], [0.2728790952570929, 0.2885065879328797, 0.24023323728425963, 0.19838107952576767], [0.2430496128152445, 0.27668902195160644, 0.19243789961336802, 0.28782346561978134], [0.2480908600775072, 0.276262612073218, 0.1699891964117091, 0.3056573314375659], [0.23698984699635361, 0.31116222659507625, 0.29580808096436023, 0.1560398454442101], [0.1370258047712444, 0.3458907439109625, 0.31601048148961874, 0.20107296982817463], [0.1705921319179231, 0.29528845533296233, 0.3172399225756282, 0.2168794901734863], [0.4227394100241558, 0.16194453260109287, 0.053307414410403445, 0.36200864296434804], [0.2181726613808913, 0.2681799163088716, 0.27026847186897746, 0.24337895044125982], [0.21758209111625826, 0.29367065718536395, 0.22756413226932035, 0.2611831194290575], [0.27478451791622843, 0.22010974013689663, 0.18430333073771885, 0.3208024112091561], [0.24002059495989309, 0.3268680488367024, 0.17433372174865625, 0.2587776344547488], [0.24632457646042044, 0.3198606339146587, 0.18326313709519013, 0.2505516525297308], [0.1870340607786075, 0.2973093701301735, 0.25680742151665115, 0.2588491475745676], [0.21126491819970508, 0.24773096195901922, 0.2155790443685849, 0.3254250754726908], [0.2311576555578408, 0.2560776278183652, 0.1975397639137136, 0.3152249527100803], [0.27650131692055396, 0.2690071123928213, 0.18445090165442396, 0.2700406690322004], [0.2155504125002969, 0.3004701872434469, 0.21887423873519007, 0.26510516152106633], [0.2565602561433823, 0.2942256334526733, 0.204924080526043, 0.2442900298779016], [0.23675060375482818, 0.2493667860164729, 0.21586875187308197, 0.29801385835561706], [0.264509041609492, 0.26005753961007844, 0.18700338012149853, 0.28843003865893113], [0.33021101569921874, 0.2548477437851004, 0.10752376286587807, 0.30741747764980276], [0.3091355946177861, 0.24025556618679722, 0.12652334527567077, 0.3240854939197457], [0.27917442492966577, 0.24455131316131992, 0.24976392513277276, 0.22651033677624147], [0.26059489955311593, 0.310786835519189, 0.16199100327182425, 0.26662726165587086], [0.29658877247205456, 0.23246161745389918, 0.12070739074510294, 0.35024221932894317], [0.2664959828529031, 0.2892144947048601, 0.14566617459932904, 0.29862334784290767], [0.2149585766528969, 0.2576552483966513, 0.22922741640094693, 0.29815875854950474], [0.3378590152318911, 0.22939230235244967, 0.09173159394425388, 0.3410170884714053], [0.23748560834584095, 0.28652873853502375, 0.2426932850385399, 0.23329236808059536], [0.14623191428895638, 0.3270297820772839, 0.3692861799520783, 0.1574521236816812], [0.20107170320037018, 0.26742758307425213, 0.2703542711212015, 0.26114644260417635], [0.3117650170937226, 0.22738036699727657, 0.1553638177784034, 0.3054907981305974], [0.1973210963874572, 0.2885613301744448, 0.2936747145939611, 0.2204428588441365], [0.1626369500263576, 0.2819780503115177, 0.29452618666731656, 0.26085881299480806], [0.3449817922190194, 0.2621038291640777, 0.07661586024306408, 0.3162985183738389], [0.2528592867188901, 0.2850756366506222, 0.17078716199708044, 0.2912779146334076], [0.22311888395569326, 0.2678546247662499, 0.21366938194549584, 0.295357109332561], [0.26982936206714003, 0.282404174544675, 0.12943328910624272, 0.3183331742819422], [0.2408380193691017, 0.2931482177405613, 0.21776379544426466, 0.24824996744607256], [0.25851043925694944, 0.26707863350534233, 0.15936260806310218, 0.315048319174606], [0.12885372583452348, 0.30143240323495935, 0.2915313280963322, 0.278182542834185], [0.13892968362107785, 0.29832578115924424, 0.27682470562220096, 0.28591982959747714], [0.20380264570271206, 0.30048786862067506, 0.18004540420533194, 0.3156640814712809], [0.3119238551215848, 0.2528717126560656, 0.1587724447031553, 0.27643198751919434], [0.19607031786629067, 0.3261666944887789, 0.28157229079589263, 0.19619069684903814], [0.27308690788234685, 0.2812152251142096, 0.16845377741972117, 0.2772440895837225], [0.20129783053305003, 0.28151303298146685, 0.2236578174542364, 0.29353131903124674], [0.23416729720467916, 0.302224405958378, 0.21037267206272628, 0.2532356247742168], [0.21394944504089106, 0.26072750626344365, 0.2322569455928632, 0.2930661031028022], [0.14948224421265818, 0.33897059429729676, 0.3390692716054251, 0.1724778898846199], [0.15210585032716661, 0.3052674663877984, 0.30891846689075275, 0.23370821639428274], [0.34734907704091933, 0.24812821266686222, 0.053665805609872955, 0.35085690468234554], [0.2575112145619417, 0.27451558341068855, 0.16003325764745566, 0.3079399443799141], [0.29623701734654484, 0.2268551177829992, 0.17311240597387217, 0.3037954588965841], [0.15509666358545476, 0.3053005674800145, 0.2403237479990616, 0.29927902093546915], [0.2595714822393013, 0.31466524220523007, 0.09840003908138223, 0.3273632364740864], [0.24814600258302874, 0.29489305309372615, 0.17509126323691715, 0.281869681086328], [0.25869110728397027, 0.26186019297045343, 0.16480008299831989, 0.3146486167472561], [0.15777491249910724, 0.3126279367357249, 0.2712933903457811, 0.2583037604193866], [0.30751618575221373, 0.29541180982756293, 0.08882828050709993, 0.3082437239131235], [0.2917264344450732, 0.27867857432038223, 0.13582724705725266, 0.29376774417729157], [0.20489674466089414, 0.28439607424838254, 0.26293688472478777, 0.2477702963659357], [0.41129930002136683, 0.20589225886228885, 0.07662177246454568, 0.3061866686517986], [0.2560554433770567, 0.2667166660881757, 0.1877347288372998, 0.2894931616974677], [0.2802183537224461, 0.26889964513354697, 0.20052309616800693, 0.2503589049759998], [0.2917701218781056, 0.24848429254325868, 0.15597933654736384, 0.30376624903127186], [0.2637546419766434, 0.2976591986092027, 0.13838318494970817, 0.3002029744644457], [0.2377634557522385, 0.2538120892677757, 0.1679021168314742, 0.3405223381485116], [0.2616466555802797, 0.284395120245813, 0.12684329279566045, 0.32711493137824693], [0.14728757691440175, 0.3030368054493379, 0.31970242061429455, 0.2299731970219658], [0.32169443185742136, 0.27501672106712244, 0.0835939995758801, 0.3196948474995762], [0.17650594643655523, 0.2995576937504148, 0.1917983108153055, 0.33213804899772453], [0.2725194575920439, 0.2690441487742129, 0.1298439430903167, 0.32859245054342673], [0.18496042214223948, 0.27187361786057795, 0.29552778436064975, 0.24763817563653262], [0.22221318493405012, 0.27562090302898484, 0.21326136549298402, 0.28890454654398084], [0.30668073632505516, 0.21194356514520163, 0.1573361848807571, 0.32403951364898603], [0.2062688113481255, 0.24299446379691741, 0.21847380830042676, 0.3322629165545303], [0.26333157162920734, 0.2814966987411716, 0.21731519958216503, 0.23785653004745588], [0.23597829723344124, 0.3009181181794027, 0.22607449837933202, 0.23702908620782376], [0.25483913420045684, 0.29218984786717506, 0.16553522673062804, 0.2874357912017402], [0.26141417188006716, 0.2539492882735139, 0.18278556034604795, 0.3018509795003711], [0.24908726803785153, 0.2941794311587527, 0.17920682854350384, 0.2775264722598922], [0.3622627387557893, 0.22689287183845405, 0.13534083713300282, 0.27550355227275386], [0.20217446027988156, 0.26779797503028374, 0.21768237288924808, 0.3123451918005867], [0.17349416126666392, 0.31736329444019074, 0.15286010330739713, 0.3562824409857483], [0.21621819071678303, 0.303481569473529, 0.20821749802361175, 0.27208274178607655], [0.23921739818859084, 0.2528595114072045, 0.18182997998754158, 0.3260931104166633], [0.26212963063407724, 0.25083249369245186, 0.16773346060647992, 0.3193044150669911], [0.12101420610478779, 0.3153420916615541, 0.3068234371548671, 0.25682026507879113], [0.37464220161922146, 0.26052807931658195, 0.0623008184883021, 0.30252890057589465], [0.17264812711463026, 0.31279931156791313, 0.25498888868309566, 0.25956367263436075], [0.23124885107653131, 0.2355011952795006, 0.2802770114066015, 0.2529729422373666], [0.34449894879999243, 0.22607494390320051, 0.10383482015396321, 0.325591287142844], [0.2908447421216351, 0.21336201188862133, 0.11123891854100576, 0.384554327448738], [0.3251607508177501, 0.28348713247018226, 0.08491065856769776, 0.3064414581443698], [0.17517086706365562, 0.29724849505829115, 0.20213182152711717, 0.3254488163509361], [0.21964015309741958, 0.2717793893962967, 0.23385193505002136, 0.2747285224562627], [0.2539874064627566, 0.274593730056743, 0.15256711319931096, 0.31885175028118956], [0.25416947801624074, 0.2509158640911092, 0.23514239458323935, 0.2597722633094108], [0.1734079232787967, 0.3070704543531299, 0.20864590664894156, 0.3108757157191316], [0.2888121617131357, 0.23790707627815577, 0.11965603347274578, 0.3536247285359629], [0.3515792682339529, 0.21423942895734932, 0.1385821894391402, 0.2955991133695574], [0.3074227679541054, 0.2879837233853514, 0.07028915262277527, 0.33430435603776787], [0.3506087200411283, 0.2791151266687083, 0.16092493623269044, 0.20935121705747262], [0.1979617756156367, 0.2643051331296776, 0.2894000229244278, 0.24833306833025776], [0.30610962596671043, 0.2557839383922122, 0.18297494904424258, 0.255131486596835], [0.3355898825416941, 0.26784721887748997, 0.07119935462237939, 0.3253635439584365], [0.37310824784647006, 0.21587507107081172, 0.13938882399581198, 0.2716278570869063], [0.21885261986678645, 0.2925435275015071, 0.18328944030598515, 0.3053144123257214], [0.24358961744359314, 0.27619176001788, 0.13910661629981028, 0.3411120062387167], [0.22825119358437515, 0.23839235389064145, 0.17142694185642637, 0.361929510668557], [0.2705680055418114, 0.2343570583625539, 0.13335624351126016, 0.36171869258437445], [0.2821396998945058, 0.28870803188060196, 0.1447860229438565, 0.28436624528103543], [0.2524488503663695, 0.269116015077476, 0.1240056806999191, 0.35442945385623525], [0.2549498219118779, 0.22985731319237798, 0.15426104201189728, 0.36093182288384673], [0.16110060614188904, 0.30098313921786907, 0.3282020583429057, 0.20971419629733629], [0.20126722192314023, 0.2656370312797374, 0.18091103370036507, 0.3521847130967572], [0.2630386549621062, 0.27440322630183656, 0.1202350347601092, 0.3423230839759482], [0.2622677223916072, 0.2340293083338214, 0.13747355812253353, 0.36622941115203805], [0.30308254850080774, 0.2518090216744635, 0.13046959163179006, 0.3146388381929387], [0.19321793590351283, 0.27509977985590617, 0.17911751457074823, 0.35256476966983263], [0.17497412175031446, 0.29759650541011406, 0.22773928305482627, 0.29969008978474526], [0.2737691947796417, 0.31016413230166473, 0.16392505155857265, 0.25214162136012114], [0.3191867476908528, 0.2371504788551296, 0.09247021815673644, 0.3511925552972811], [0.22092055927229692, 0.29101220286970697, 0.22531157456093634, 0.26275566329705946], [0.14809296581315293, 0.30214766067392734, 0.27899926361354743, 0.2707601098993721], [0.2765429007850061, 0.2509188301605162, 0.17460294175417906, 0.2979353273002986], [0.13953849168494714, 0.2941943178480289, 0.3291500639089064, 0.23711712655811762], [0.35256331512773875, 0.24849873499038486, 0.08884472952382554, 0.31009322035805104], [0.19265572616357524, 0.3150695762929589, 0.2333977236394345, 0.25887697390403125], [0.17472113205418224, 0.2864935928472592, 0.2696739245314765, 0.2691113505670821]]}}