{"test": {"ids": ["107112840", "97116500", "111121351", "109118820", "99111930", "110121720", "107114490", "112121360", "112118820", "112118550", "106116640", "113119360", "112116640", "109116441", "108120060", "111119340", "98106560", "108117360", "107121540", "104113000", "107113360", "113118820", "111120540", "103109791", "113120591", "98109311", "113120640", "103113610", "113119480", "106118301", "108121160", "102117351", "105115250", "104113240", "100107920", "103113270", "104114410", "104114740", "98112300", "97106000", "110120531", "107121640", "101119591", "98116940", "102109850", "110120540", "109117110", "109115380", "103113101", "103120730", "111119250", "104109311", "97107260", "112118511", "106115240", "112120540", "100117420", "102110850", "104117630", "98121790", "110121500", "110113591", "103113170", "104118340", "101111310", "111116990", "108115570", "102118380", "106113170", "112119610", "107119950", "112117571", "103117200", "104111531", "98116500", "106114280", "100111270", "99107300", "100108260", "99108310", "102114270", "110118810", "99109780", "104112470", "109120540", "108114670", "110118930", "105120621", "105113480", "100109801", "103110220", "107114321", "111116530", "105116090", "113122190", "102112170", "111116290", "100116790", "99107500", "99109840", "107114140", "100109000", "110118740", "110114561", "109118701", "106118820", "99107660", "107114110", "98108970", "98110680", "110117140", "109117630", "112116990", "99109740", "99111440", "108119550", "108115880", "111116010", "109114270", "107113840", "97109570", "112118880", "113121190", "108121351", "104116441", "105116980", "100113210", "104111711", "105113170", "100111080", "102112250", "103118110", "99108080", "106119580", "99111620", "106116441", "110119891", "111116411", "112120270", "99109141", "98108370", "101121640"], "labels": [1, 2, 0, 3, 1, 3, 3, 3, 0, 3, 3, 0, 0, 3, 1, 3, 1, 1, 2, 1, 0, 0, 1, 3, 0, 1, 0, 2, 3, 1, 2, 1, 2, 2, 0, 2, 1, 2, 2, 0, 0, 1, 0, 2, 1, 1, 1, 3, 3, 1, 1, 3, 2, 1, 1, 3, 2, 3, 0, 2, 3, 0, 3, 2, 3, 0, 3, 1, 0, 0, 3, 3, 0, 0, 2, 3, 2, 3, 3, 2, 3, 1, 2, 1, 1, 3, 1, 1, 0, 0, 2, 0, 3, 1, 1, 3, 2, 2, 0, 2, 2, 1, 3, 0, 3, 3, 3, 1, 3, 2, 3, 0, 0, 3, 3, 1, 3, 1, 3, 3, 0, 1, 1, 3, 1, 0, 0, 1, 0, 0, 0, 2, 3, 3, 3, 0, 3, 0, 0, 3, 1, 2], "predicted_labels": [1, 1, 0, 3, 3, 3, 1, 1, 3, 1, 1, 3, 1, 3, 1, 3, 1, 1, 1, 3, 0, 0, 1, 0, 1, 1, 0, 1, 1, 3, 3, 1, 1, 1, 0, 1, 0, 1, 3, 1, 0, 1, 3, 1, 1, 1, 3, 1, 3, 1, 3, 1, 2, 3, 0, 1, 3, 1, 0, 3, 0, 0, 1, 3, 1, 3, 1, 1, 1, 1, 0, 1, 1, 1, 1, 1, 2, 0, 0, 1, 3, 0, 1, 1, 0, 1, 1, 0, 0, 1, 3, 3, 1, 1, 1, 0, 3, 1, 1, 1, 0, 1, 0, 1, 1, 1, 0, 3, 1, 0, 1, 0, 3, 1, 1, 3, 3, 1, 3, 0, 0, 3, 0, 0, 1, 3, 3, 1, 1, 1, 3, 1, 0, 1, 1, 3, 3, 3, 0, 0, 3, 1], "confidence_scores": [[0.17352735337299588, 0.3216613657825599, 0.2870782427988647, 0.21773303804557964], [0.18072677694228592, 0.3147847830885131, 0.272725492364373, 0.23176294760482802], [0.30517763505576406, 0.28378913107211284, 0.10882173049941918, 0.302211503372704], [0.2641042146899311, 0.28464205324150604, 0.1489461656685989, 0.3023075663999638], [0.2883898667722753, 0.29271161343526225, 0.08905333247430533, 0.32984518731815693], [0.2390448585711525, 0.2888269658587527, 0.19079214780373624, 0.2813360277663587], [0.21386394369297057, 0.3034589576036204, 0.2092498640495652, 0.27342723465384394], [0.2681657324885334, 0.2990927445588013, 0.13223339771451945, 0.30050812523814585], [0.24556061973610882, 0.28844917230747286, 0.16726281977792326, 0.29872738817849526], [0.2419443328976769, 0.2980796622565505, 0.21245090010759596, 0.2475251047381766], [0.28009964241736146, 0.28584217377801263, 0.14072654637675805, 0.29333163742786783], [0.24606006893413668, 0.2847322875048624, 0.15628972566928256, 0.3129179178917179], [0.24172735299311413, 0.2995692589315544, 0.22933839063052044, 0.22936499744481112], [0.28864771166701203, 0.27190674052738106, 0.11829315305036583, 0.3211523947552409], [0.24920949852923713, 0.2937580198032556, 0.1679868455412439, 0.2890456361262639], [0.2526091356857657, 0.27190799821710426, 0.20563658664639087, 0.2698462794507387], [0.26231564833218185, 0.2904454790333675, 0.18693494332814944, 0.2603039293063014], [0.22378360358378807, 0.3001267363564698, 0.19062666370152156, 0.28546299635822053], [0.17279354295468027, 0.32036332305035836, 0.24693611448185174, 0.25990701951310957], [0.28529056275524844, 0.2969498155695723, 0.09096638170867938, 0.3267932399665], [0.37068456377307873, 0.2280704078559193, 0.0675733997018203, 0.33367162866918193], [0.2921436302877412, 0.270547111413951, 0.14534922885358445, 0.2919600294447231], [0.22822106016967855, 0.30871700353278697, 0.2293573596040721, 0.23370457669346265], [0.2701265528307253, 0.26123696285199877, 0.22155614313203373, 0.2470803411852421], [0.2608688702741344, 0.28669706002213613, 0.16590880744711178, 0.28652526225661734], [0.22912442765804553, 0.3031933903579302, 0.1980677911107863, 0.26961439087323785], [0.3522114538166058, 0.24684672819462974, 0.05706766461753273, 0.3438741533712317], [0.14308089691733245, 0.3304440014427695, 0.25195914227410476, 0.2745159593657933], [0.23375552507561098, 0.3031269279668742, 0.21949232561758955, 0.24362522133992526], [0.2685835816574273, 0.2746621376098965, 0.1335862041634499, 0.32316807656922625], [0.2656754824362905, 0.30678277904543416, 0.09791370730107726, 0.32962803121719797], [0.30349688507797445, 0.28660625618703317, 0.08345309954468233, 0.32644375919031], [0.26438735289705456, 0.2939754696149143, 0.14907776712562135, 0.29255941036240957], [0.1203760713955163, 0.35295149182403357, 0.3096738045920188, 0.21699863218843135], [0.32150699968718927, 0.26947573596737046, 0.0997263062901988, 0.3092909580552415], [0.19643061239998655, 0.3192818135939944, 0.2621291632383044, 0.22215841076771473], [0.29244074195658865, 0.27987757697002913, 0.13006134119956272, 0.29762033987381925], [0.2418586921399523, 0.29908405773804975, 0.19306389542844807, 0.26599335469355007], [0.31716947238732063, 0.26405664686091446, 0.08786733906775718, 0.33090654168400774], [0.22096486425587286, 0.29460818998247446, 0.24891095650363887, 0.2355159892580138], [0.3258375388478773, 0.26255156649266115, 0.0972629793392863, 0.3143479153201754], [0.17438287775254738, 0.32134638632270485, 0.28856305923615455, 0.21570767668859323], [0.34445946650522963, 0.2344275265662752, 0.08704258042235836, 0.3340704265061368], [0.27702211038983704, 0.28762806373889593, 0.1481570353172329, 0.287192790554034], [0.286141995755098, 0.2912821032144951, 0.15938583921129396, 0.2631900618191129], [0.18818475252517716, 0.3065147053059406, 0.26487938452698767, 0.2404211576418946], [0.25566237351820614, 0.28931806566581775, 0.15104016428708217, 0.3039793965288941], [0.14945769824280572, 0.3299319653124321, 0.27382164751086735, 0.24678868893389505], [0.1951960101503416, 0.2966323470441676, 0.22820147249353195, 0.2799701703119589], [0.23058809700837174, 0.29228034152582144, 0.22168921861208973, 0.25544234285371714], [0.2022053164910086, 0.29685381532915806, 0.22681869206117436, 0.27412217611865897], [0.251574567156657, 0.2990567147017425, 0.17103393249106416, 0.27833478565053615], [0.1512455714440789, 0.33790377682293965, 0.3060185996470589, 0.20483205208592245], [0.25777617181937457, 0.2877342882146634, 0.17583232043262997, 0.27865721953333195], [0.31168899556216473, 0.2792812683329946, 0.0868173231661655, 0.3222124129386752], [0.20258420509190764, 0.3174278016737497, 0.1912789732335482, 0.28870902000079446], [0.20329669311974072, 0.30566104295883323, 0.18697212750835124, 0.30407013641307495], [0.12579108972879016, 0.3453854221468273, 0.29564713364553663, 0.23317635447884574], [0.25379554244439334, 0.2833004092847427, 0.21914241168514978, 0.24376163658571434], [0.2773111657895625, 0.2773421390375581, 0.16544091777895797, 0.27990577739392125], [0.3191617141498183, 0.2727234088986838, 0.0955426505084315, 0.31257222644306637], [0.27170776950091924, 0.2792719379620982, 0.1810613057371143, 0.26795898679986835], [0.15936493752706865, 0.32540450861543957, 0.2528203371781789, 0.26241021667931275], [0.21931550624855403, 0.2957657583793955, 0.2134700695226085, 0.271448665849442], [0.17397368191447538, 0.33131294282342244, 0.27287914187687123, 0.22183423338523087], [0.30716629445868465, 0.2765719892092747, 0.08020866549176546, 0.3360530508402752], [0.200883426203917, 0.31199083750954887, 0.22084060777547154, 0.26628512851106256], [0.18667256044298303, 0.3135391883421786, 0.26466958021381415, 0.2351186710010244], [0.21967075702514688, 0.3055585315381816, 0.1999284530470753, 0.2748422583895962], [0.2177444099975383, 0.3032969350206264, 0.23416631747262742, 0.24479233750920787], [0.30103911533685024, 0.2845351613871454, 0.12037050512220436, 0.2940552181538], [0.13113364829645158, 0.33703138886270123, 0.27215792692583085, 0.2596770359150164], [0.26489019562966265, 0.30285560289573965, 0.1215374380107685, 0.31071676346382937], [0.2478837461443207, 0.29557273055638345, 0.1683051154614516, 0.2882384078378444], [0.2420984059834294, 0.2935416081231891, 0.18030756588767924, 0.28405242000570247], [0.24861787799707097, 0.2899050523926106, 0.1759102706596472, 0.2855667989506714], [0.18292914259866672, 0.3229552062240096, 0.3027053163019494, 0.19141033487537376], [0.3282910495716903, 0.26418300377433673, 0.1068607612936982, 0.3006651853602747], [0.2941719290806074, 0.2892263786158323, 0.13909427633385887, 0.2775074159697016], [0.2110155234654223, 0.31702059057560866, 0.1893337067116421, 0.2826301792473269], [0.2667621702101481, 0.2850853763368309, 0.13298782243566512, 0.3151646310173558], [0.3049455830649576, 0.27849146253424706, 0.14275722333108024, 0.27380573106971506], [0.20825122604311064, 0.30608233795716194, 0.25348761865384867, 0.23217881734587878], [0.2680692192066975, 0.2885024905885958, 0.1591896227437416, 0.2842386674609652], [0.27379849955786745, 0.2787188568575917, 0.1698733168426192, 0.2776093267419216], [0.2433990007431358, 0.30417927701111463, 0.17929816368102527, 0.27312355856472426], [0.1575223011969994, 0.3295915201732996, 0.30987184553680813, 0.2030143330928931], [0.3312885077579726, 0.2501446803848299, 0.10915590957385185, 0.3094109022833458], [0.3133427045237138, 0.2695927108109644, 0.13289716479250527, 0.2841674198728167], [0.25579463468662766, 0.2859210748509415, 0.18387444596928657, 0.2744098444931439], [0.1825698341864665, 0.30708678981253085, 0.24142069297495478, 0.2689226830260479], [0.29208208358960697, 0.29400108889061166, 0.08261492968447381, 0.33130189783530756], [0.2774492543277004, 0.30195244475165434, 0.13900019423600574, 0.28159810668463986], [0.27806770464699637, 0.2897843092493814, 0.13084211535824855, 0.30130587074537335], [0.14746861006597056, 0.33329357271771753, 0.2900738216754705, 0.22916399554084182], [0.3456453186165673, 0.24941884967034084, 0.08488728346109696, 0.32004854825199486], [0.21241419077190396, 0.2984707923117201, 0.22571954458719326, 0.26339547232918303], [0.18650352486469132, 0.31120036805410034, 0.26566384618793826, 0.2366322608932699], [0.24439658682354445, 0.3096344656146667, 0.16781661022175468, 0.2781523373400341], [0.19262071143865578, 0.3145852812418891, 0.2241026316301997, 0.2686913756892556], [0.30540593601831884, 0.28291576641697125, 0.08755941191678718, 0.3241188856479229], [0.18427595483519027, 0.3144618572098514, 0.21944168184735566, 0.2818205061076029], [0.33015104564732634, 0.24999198230640776, 0.12210291808505216, 0.29775405396121374], [0.22633027859310154, 0.32140323956386063, 0.22150792702388694, 0.23075855481915103], [0.18667999730752677, 0.30780500699024504, 0.2576199104047219, 0.2478950852975061], [0.1607885351550741, 0.3287316880613114, 0.2851185609552287, 0.2253612158283858], [0.3310638198772672, 0.25449990798000943, 0.10989076688091698, 0.30454550526180646], [0.3115994879119843, 0.25297348321532487, 0.12135985932728491, 0.3140671695454058], [0.19160368754823096, 0.3234880022142595, 0.2261753307851478, 0.2587329794523613], [0.2922259432327047, 0.2741831864152589, 0.20139955430119838, 0.23219131605083806], [0.27413027294017883, 0.2852711973342122, 0.16707470329484791, 0.27352382643076145], [0.30346008668005475, 0.2850500973896477, 0.1292610906483075, 0.28222872528199006], [0.24694714084428784, 0.2890700739844023, 0.1603197040323439, 0.3036630811389661], [0.153271997146219, 0.33622419605452925, 0.26619594174332434, 0.2443078650559275], [0.2659743738447732, 0.2980016422597516, 0.13968872270763405, 0.2963352611878415], [0.23821902293445593, 0.28826782541866414, 0.19943955884401138, 0.2740735928028684], [0.243282814959244, 0.2819860473691546, 0.2099833454378548, 0.2647477922337464], [0.1924990100635768, 0.31395808227697536, 0.24289011135168934, 0.2506527963077582], [0.2986779455348592, 0.27453179285871904, 0.10116539053918695, 0.32562487106723503], [0.3030677134217874, 0.27553018616337266, 0.15434454458386848, 0.26705755583097135], [0.32438222211444767, 0.2650612381987191, 0.11245500365589048, 0.2981015360309427], [0.26090748872433844, 0.2727058092262577, 0.189580743847527, 0.27680595820187665], [0.2777526951919809, 0.27551690200980317, 0.1871283928725251, 0.25960200992569094], [0.2963861757956326, 0.2837817511898038, 0.12894840857372947, 0.290883664440834], [0.21588285729026563, 0.30870005285539037, 0.200104432472101, 0.275312657382243], [0.3381071111693959, 0.25888959083293817, 0.05415296103670041, 0.34885033696096546], [0.22547893269955943, 0.2968756081026582, 0.18232556729289462, 0.29531989190488767], [0.28436587772746946, 0.2918482380405165, 0.12772339210882233, 0.29606249212319175], [0.18777016091208054, 0.3104953433297056, 0.25776897740883253, 0.24396551834938132], [0.21455922653492046, 0.2902127326505608, 0.23169799005620348, 0.2635300507583152], [0.3443611301401562, 0.2378525506167179, 0.09128672112620813, 0.326499598116918], [0.18135448677309626, 0.31403034294435483, 0.23838184861013995, 0.2662333216724088], [0.33807822039133834, 0.24816994881125437, 0.10403410727286261, 0.3097177235245447], [0.22775482667329464, 0.29833687036340384, 0.20705045395861005, 0.26685784900469156], [0.2070101485461646, 0.3104899271526645, 0.235569723407512, 0.24693020089365886], [0.32207511658924, 0.25960748750540513, 0.08442832312810944, 0.33388907277724567], [0.25555654247395887, 0.27991122927183093, 0.17639077357019314, 0.28814145468401686], [0.3357820152328458, 0.2425542748257953, 0.09335432384812713, 0.3283093860932318], [0.23300556261336236, 0.30134464804192773, 0.25965330720783303, 0.20599648213687677], [0.3025390339911875, 0.28014523343066444, 0.1321583822160236, 0.28515735036212453], [0.2380849298490729, 0.2935977742516218, 0.18401186985656343, 0.284305426042742], [0.2166326181108429, 0.30690461511775924, 0.18448067698103726, 0.29198208979036044]]}, "rewritten": {"ids": ["97106000", "97107260", "97109570", "97116500", "98106560", "98108370", "98108970", "98109311", "98110680", "98112300", "98116500", "98116940", "98121790", "99107300", "99107500", "99107660", "99108080", "99108310", "99109141", "99109740", "99109780", "99109840", "99111440", "99111620", "99111930", "100107920", "100108260", "100109000", "100109801", "100111080", "100111270", "100113210", "100116790", "100117420", "101111310", "101119591", "101121640", "102109850", "102110850", "102112170", "102112250", "102114270", "102117351", "102118380", "103109791", "103110220", "103113101", "103113170", "103113270", "103113610", "103117200", "103118110", "103120730", "104109311", "104111531", "104111711", "104112470", "104113000", "104113240", "104114410", "104114740", "104116441", "104117630", "104118340", "105113170", "105113480", "105115250", "105116090", "105116980", "105120621", "106113170", "106114280", "106115240", "106116441", "106116640", "106118301", "106118820", "106119580", "107112840", "107113360", "107113840", "107114110", "107114140", "107114321", "107114490", "107119950", "107121540", "107121640", "108114670", "108115570", "108115880", "108117360", "108119550", "108120060", "108121160", "108121351", "109114270", "109115380", "109116441", "109117110", "109117630", "109118701", "109118820", "109120540", "110113591", "110114561", "110117140", "110118740", "110118810", "110118930", "110119891", "110120531", "110120540", "110121500", "110121720", "111116010", "111116290", "111116411", "111116530", "111116990", "111119250", "111119340", "111120540", "111121351", "112116640", "112116990", "112117571", "112118511", "112118550", "112118820", "112118880", "112119610", "112120270", "112120540", "112121360", "113118820", "113119360", "113119480", "113120591", "113120640", "113121190", "113122190"], "labels": [0, 2, 0, 2, 1, 1, 3, 1, 2, 2, 2, 2, 2, 3, 0, 3, 3, 2, 3, 3, 2, 2, 3, 3, 1, 0, 3, 1, 0, 0, 2, 0, 2, 2, 3, 0, 2, 1, 3, 3, 0, 3, 1, 1, 3, 2, 3, 3, 2, 2, 0, 2, 1, 3, 0, 1, 1, 1, 2, 1, 2, 1, 0, 2, 0, 0, 2, 1, 0, 1, 0, 3, 1, 0, 3, 1, 3, 3, 1, 0, 3, 1, 2, 0, 3, 3, 2, 1, 3, 3, 3, 1, 1, 1, 2, 3, 3, 3, 3, 1, 0, 3, 3, 1, 0, 0, 3, 3, 1, 1, 3, 0, 1, 3, 3, 1, 2, 0, 3, 0, 1, 3, 1, 0, 0, 0, 3, 1, 3, 0, 1, 0, 0, 3, 3, 0, 0, 3, 0, 0, 1, 1], "predicted_labels": [1, 1, 0, 1, 1, 1, 1, 1, 1, 1, 0, 1, 3, 0, 1, 0, 0, 1, 1, 1, 1, 1, 0, 1, 1, 0, 1, 1, 1, 1, 1, 1, 1, 1, 1, 0, 1, 1, 1, 3, 0, 1, 1, 1, 1, 1, 1, 1, 1, 1, 1, 1, 0, 1, 1, 1, 1, 1, 1, 1, 1, 1, 1, 1, 0, 1, 1, 1, 0, 0, 1, 1, 1, 1, 1, 0, 1, 1, 1, 0, 1, 0, 1, 1, 1, 1, 1, 1, 1, 1, 0, 1, 1, 1, 1, 1, 3, 1, 0, 1, 0, 1, 1, 0, 0, 1, 1, 0, 0, 1, 1, 0, 1, 1, 1, 1, 1, 0, 1, 0, 0, 1, 0, 1, 1, 1, 1, 1, 1, 1, 1, 1, 1, 1, 1, 1, 1, 1, 1, 0, 1, 1], "confidence_scores": [[0.22807507291840134, 0.31112868148199335, 0.21241917122350362, 0.24837707437610188], [0.2588217619324535, 0.30592730180209915, 0.18343521683761113, 0.2518157194278358], [0.3243467605063491, 0.25723139781611876, 0.12020170597171478, 0.29822013570581735], [0.25176746725372157, 0.32486603290447646, 0.2071760547038318, 0.2161904451379706], [0.22339175278474072, 0.30766218967926423, 0.22233361571549648, 0.24661244182049843], [0.228737749291708, 0.31820151240938016, 0.2094034107530096, 0.24365732754590236], [0.219829450796093, 0.33613376548797486, 0.17032387463725157, 0.27371290907868057], [0.20578618552819133, 0.32242066667622554, 0.2306149597750224, 0.24117818802056057], [0.2543979452800038, 0.3089218288991744, 0.2350688172132513, 0.20161140860757046], [0.28704940663357087, 0.2864311943678383, 0.13669466586020365, 0.28982473313838725], [0.29101173268181285, 0.28363001617299727, 0.12794052733095262, 0.297417723814237], [0.2419527858174502, 0.3149388919132472, 0.18157056031037408, 0.2615377619589284], [0.19962547321166121, 0.2990341241198991, 0.23818352936938456, 0.2631568732990552], [0.31636187214980094, 0.2822900660873055, 0.08323633029257516, 0.3181117314703185], [0.2682519684422274, 0.3067408256024219, 0.12529254600815168, 0.299714659947199], [0.32802131244973876, 0.2700747318637405, 0.06917427103415084, 0.33272968465236974], [0.34988694995978126, 0.24554519594031934, 0.09782474464466882, 0.3067431094552307], [0.2441601550706338, 0.3178231950967943, 0.18615927516392375, 0.25185737466864816], [0.2953827378651419, 0.3037173334448104, 0.13719670901903883, 0.2637032196710091], [0.25475064813078224, 0.31082190016854555, 0.1826565881391174, 0.2517708635615549], [0.2687508484135443, 0.30173942236704304, 0.16703876620652003, 0.26247096301289247], [0.19056527294016984, 0.32201696659751283, 0.25815753374405837, 0.2292602267182593], [0.30107075257663113, 0.2883493632399804, 0.12230330036119892, 0.28827658382218957], [0.2517355284216989, 0.31361323476456104, 0.19808750040257236, 0.23656373641116785], [0.2598715685876059, 0.30380965501053786, 0.16265231901888386, 0.27366645738297246], [0.35380986789434615, 0.2500442390673881, 0.08783022096850715, 0.30831567206975846], [0.2885279751201251, 0.29258468874241483, 0.13367280107129906, 0.28521453506616073], [0.26846748345979254, 0.3006591073724392, 0.13392186141889736, 0.29695154774887106], [0.2688932223588149, 0.3024638624992097, 0.16086274830579683, 0.2677801668361787], [0.26039017980376067, 0.31224265812282503, 0.16968443588663545, 0.25768272618677857], [0.22356080242732332, 0.32638279055464153, 0.23645556491947467, 0.2136008420985605], [0.27244989313608237, 0.2989049258916033, 0.14517497544103225, 0.28347020553128227], [0.2313636447018686, 0.3122679137739402, 0.23334383813747014, 0.22302460338672114], [0.2148455563650023, 0.3171992343604943, 0.20332387149986952, 0.26463133777463393], [0.2649301348546908, 0.3099522013195314, 0.152146865249499, 0.27297079857627893], [0.34114481198202407, 0.2587771831385874, 0.08862058642434827, 0.3114574184550402], [0.2549356399912106, 0.2999309084884916, 0.1508973009275005, 0.29423615059279745], [0.2591222627821292, 0.29659451039133494, 0.1887906580052358, 0.2554925688213002], [0.23428082826155097, 0.3229016248537769, 0.1763037406622916, 0.2665138062223806], [0.3358220414846987, 0.2562292759456023, 0.07548609988599846, 0.3324625826837006], [0.32991221749491534, 0.26494829813365744, 0.09020087444066921, 0.3149386099307576], [0.2403066682240574, 0.3089370717859022, 0.1646839116035384, 0.28607234838650186], [0.29689404903524086, 0.29503864638433003, 0.08921969029644122, 0.3188476142839879], [0.19480286144701833, 0.3256665761638151, 0.2618601530630365, 0.2176704093261298], [0.2817386332223085, 0.2975068367007484, 0.16014181353357382, 0.2606127165433692], [0.20996452803038504, 0.3271649924908315, 0.20529572979955854, 0.2575747496792252], [0.2546436984422461, 0.307364502191888, 0.21838035691093474, 0.21961144245493122], [0.22145080806297507, 0.30922850929337, 0.226702427191352, 0.24261825545230273], [0.2400461866285629, 0.3143354688712211, 0.19435423361252907, 0.25126411088768685], [0.2209413748321807, 0.307770289532557, 0.2409248843784015, 0.23036345125686092], [0.2668001733395111, 0.3035030903547483, 0.13128386495905098, 0.2984128713466897], [0.22869008847002634, 0.312802318165901, 0.22204285879740618, 0.23646473456666617], [0.27576315017187747, 0.2834789231943394, 0.1685790225126603, 0.27217890412112306], [0.2698636714443044, 0.2965373752019276, 0.150458783776511, 0.28314016957725663], [0.24545448661832514, 0.3200294879142811, 0.1534784687466515, 0.28103755672074254], [0.2294291058347159, 0.3182346212464295, 0.20248425316309956, 0.24985201975575508], [0.28093868560538593, 0.30809705541828464, 0.14657756896445193, 0.2643866900118779], [0.24379170043299267, 0.3126720681664143, 0.1486631171168087, 0.294873114283784], [0.21030630625029853, 0.31600369231003494, 0.23299445176692996, 0.24069554967273654], [0.28858373315019853, 0.2941215345447655, 0.14227740860918642, 0.2750173236958495], [0.2579681454199422, 0.30731066155713993, 0.1823445358571153, 0.2523766571658024], [0.23219388856845558, 0.33223733759382407, 0.12316410996103702, 0.3124046638766836], [0.2833008839352795, 0.29576211511095607, 0.17890044321499457, 0.24203655773876995], [0.2573211666265236, 0.31168182039058956, 0.17760240857956225, 0.25339460440332406], [0.3075931746462566, 0.2775631797668682, 0.12749694291862881, 0.28734670266824625], [0.24713130801038316, 0.313209118721899, 0.19629829828370157, 0.24336127498401652], [0.2776775409277348, 0.29856684164871067, 0.1383638035278385, 0.28539181389571583], [0.2768142483829399, 0.3099982995088293, 0.10423455926342227, 0.30895289284480854], [0.3164205946383254, 0.2851461304676153, 0.06510489933483596, 0.3333283755592232], [0.31683062598982314, 0.2775244968726171, 0.08286182578514104, 0.3227830513524187], [0.23536551794208507, 0.3186426285415453, 0.15595857740067837, 0.29003327611569124], [0.2341748296256044, 0.3096548719355313, 0.19097632122046163, 0.265193977218403], [0.28413581471439886, 0.3052132614830195, 0.09060867648988506, 0.3200422473126966], [0.2784920866854716, 0.2949437231523486, 0.1478318096677327, 0.27873238049444704], [0.30924009048995194, 0.2880803612661213, 0.08526394948090336, 0.31741559876302367], [0.31122267624114397, 0.26947807076932534, 0.11432297540472453, 0.30497627758480594], [0.24773957074087197, 0.2973073407999141, 0.19555124221744316, 0.25940184624177076], [0.1835098022294938, 0.32395850768853424, 0.2710850091587303, 0.22144668092324146], [0.2242784586248363, 0.31843106196563714, 0.205509880096763, 0.25178059931276336], [0.3503851622785213, 0.2535507616305347, 0.06642810733129145, 0.32963596875965273], [0.28499588998439696, 0.3030789953496236, 0.12471478656690164, 0.28721032809907765], [0.2998422709354986, 0.2852627882383421, 0.11027867740101376, 0.30461626342514536], [0.24559870616042764, 0.315177553159858, 0.18814944759574456, 0.25107429308396984], [0.2841305979287838, 0.30702481099960677, 0.08715228648000008, 0.3216923045916092], [0.21834481599105351, 0.3070985757169564, 0.21916117162811236, 0.2553954366638773], [0.3039649348230502, 0.2964846541188214, 0.09434078132254475, 0.30520962973558363], [0.19209354009670276, 0.31969084212954646, 0.22257317361972306, 0.2656424441540278], [0.2728203176897718, 0.29679987120745127, 0.1664982558434933, 0.2638815552592839], [0.2662344301139619, 0.31532167214640877, 0.1165092628204143, 0.30193463491921496], [0.21554532942077997, 0.3079030748548764, 0.24724515382215542, 0.22930644190218813], [0.3103394010335223, 0.28225360656398263, 0.0909326560081283, 0.31647433639436656], [0.2550810686893392, 0.3155512442822168, 0.1756298981044712, 0.25373778892397275], [0.25488975598652325, 0.29532538640321054, 0.1634336466308254, 0.2863512109794403], [0.2453632145010075, 0.3147324266941411, 0.17931593201852256, 0.26058842678632876], [0.2420554095633302, 0.31360419598766043, 0.15940749725486755, 0.2849328971941418], [0.29115236394586913, 0.2977879343025641, 0.10613468381830832, 0.30492501793325827], [0.27233902403227545, 0.3012105290536128, 0.10165655600353317, 0.32479389091057864], [0.2228703901360219, 0.3126675753315396, 0.18728264193709834, 0.27717939259534013], [0.33502379025757356, 0.2661469801653171, 0.07706169819517722, 0.321767531381932], [0.23246746318288813, 0.31734675710206367, 0.1668879735079284, 0.28329780620712014], [0.3171643640174991, 0.28333499992207534, 0.10067371515573313, 0.29882692090469226], [0.24505470706527305, 0.31056185898731903, 0.18468141224741194, 0.25970202169999607], [0.28496886584359526, 0.29426264932002966, 0.12132440339021369, 0.29944408144616136], [0.30415076645544403, 0.2794969988217256, 0.15990897832814385, 0.2564432563946866], [0.3023056422789635, 0.2785964171474145, 0.12374588417473374, 0.29535205639888784], [0.23379459010700893, 0.3170186950348994, 0.22803529236221462, 0.22115142249587683], [0.27612025204980556, 0.29596884511022636, 0.1622228226674403, 0.2656880801725279], [0.3372376339192625, 0.25896502388312226, 0.09562414558855245, 0.30817319660906295], [0.34009823420439866, 0.2602456031269493, 0.09340097910912197, 0.30625518355952996], [0.19834343741302618, 0.3151086717113829, 0.2503051418699908, 0.23624274900559988], [0.26010324838100063, 0.30769685733550717, 0.14230449143618393, 0.28989540284730864], [0.3155393979027648, 0.2866024381918739, 0.100143818303156, 0.297714345602205], [0.24762205548933314, 0.30444138205929977, 0.2067988624761673, 0.2411376999752001], [0.2862753892623876, 0.30205263753138295, 0.10763141152626973, 0.3040405616799599], [0.26176949991036896, 0.30854629501242525, 0.14629661995581061, 0.2833875851213949], [0.2083454059635842, 0.32249992669468186, 0.17974040421995427, 0.28941426312177965], [0.23110249101892577, 0.3192673203501108, 0.20369921548015824, 0.24593097315080525], [0.31482199770816527, 0.2666458950702871, 0.11409555954805424, 0.30443654767349365], [0.26161029212454073, 0.31056417132321673, 0.14394775690042305, 0.28387777965181954], [0.3088577578198979, 0.2783298361909024, 0.10848164105606908, 0.304330764933131], [0.32452860435556935, 0.2723948571170772, 0.13777541469135943, 0.265301123835994], [0.2573567964163863, 0.2953365580430774, 0.1830787905907755, 0.26422785494976103], [0.3081423181313285, 0.28417989455396914, 0.14092567237045658, 0.2667521149442458], [0.3034128246932062, 0.29392867060243233, 0.11047367182136421, 0.29218483288299735], [0.27516721043140946, 0.29812032595072885, 0.14965307054334023, 0.27705939307452143], [0.2775764752903497, 0.2847952847096879, 0.16075142178262797, 0.27687681821733456], [0.20161973399386318, 0.3281666585570335, 0.2240882414651907, 0.24612536598391282], [0.20767653213333268, 0.32223405320499054, 0.2424246319793668, 0.2276647826823101], [0.22348057612670805, 0.3158090995203033, 0.21491386048181713, 0.24579646387117146], [0.2783904078524248, 0.2914036028270927, 0.15202492387694494, 0.27818106544353727], [0.2669958785489259, 0.29622721880345876, 0.15416470079559863, 0.2826122018520164], [0.20321251387752415, 0.31501271839061695, 0.23952218273291084, 0.24225258499894808], [0.2584093039579384, 0.2994202005399432, 0.20408392714372042, 0.23808656835839814], [0.2261663227446641, 0.32063354184794024, 0.1977534037801625, 0.2554467316272332], [0.2727923638285916, 0.3084426853745981, 0.15121723491981318, 0.26754771587699705], [0.28120242129347695, 0.29846528457187865, 0.1435668463756059, 0.2767654477590383], [0.2820268257735967, 0.29596539262902893, 0.13509969391853288, 0.28690808767884146], [0.24830034144239696, 0.32025836151158804, 0.15500386334087926, 0.2764374337051354], [0.23746352216224206, 0.31082855069802207, 0.17046797575208067, 0.28123995138765506], [0.35920196154164274, 0.24603122494889457, 0.05259453425666584, 0.3421722792527971], [0.24825085916411646, 0.30844469421035386, 0.1869198417103159, 0.2563846049152137], [0.22518434605059223, 0.3117741545235915, 0.23581721029188404, 0.2272242891339321]]}}