{"test": {"ids": ["109114220", "107121700", "103113640", "101109000", "109121410", "108113620", "102121440", "101108290", "102112250", "106120290", "107118820", "102118380", "107113180", "113119340", "99105921", "100108490", "107114321", "104111620", "108113760", "105115680", "98111620", "105110091", "103111930", "105113170", "97105960", "111116990", "111120591", "104111531", "103111170", "97111790", "103111540", "105116501", "110119891", "112119450", "101109120", "99109780", "97116410", "112117431", "103120730", "107120260", "104116800", "97105760", "107120880", "105113190", "105112260", "103110220", "103110760", "107112850", "97106591", "97107821", "111120190", "97116401", "98107210", "112117471", "112116640", "106114150", "107118120", "110116170", "107113360", "109118231", "110114720", "113122650", "98106560", "109116170", "112118930", "109115070", "106115120", "112116501", "110121720", "107115250", "108120060", "109119450", "108120700", "110118740", "100113370", "98108410", "97106000", "110120560", "104111711", "102108621", "106115240", "112121410", "110115890", "102107961", "104111830", "113120591", "106118301", "98110680", "109119460", "111117571", "106114280", "106113830", "108117451", "104111380", "103120780", "110114651", "106117770", "105119550", "102110690", "98107010", "113120260", "111116100", "101108460", "106114011", "112120630", "113118620", "102110240", "105115570", "110117200", "108114200", "108114220", "102110500", "112116610", "103113270", "103111830", "108115570", "110119030", "110114950", "100109000", "106118161", "101111140", "113122190", "108113480", "98111860", "110117870", "107116980", "102109840", "111114171", "108120280", "97116800", "110114920", "108119330", "104117630", "104114320", "109116810", "113121410", "109113931", "100115700", "103120531", "99107300", "100116500", "97108520"], "labels": [3, 3, 1, 1, 0, 3, 2, 0, 0, 2, 3, 1, 3, 0, 1, 2, 0, 0, 1, 2, 3, 0, 3, 0, 2, 0, 1, 0, 2, 2, 1, 1, 3, 3, 1, 2, 3, 0, 1, 1, 1, 0, 1, 3, 3, 2, 1, 1, 1, 2, 3, 3, 1, 3, 0, 1, 3, 0, 0, 1, 3, 2, 1, 0, 1, 0, 1, 3, 3, 2, 1, 3, 2, 3, 3, 1, 0, 0, 1, 3, 1, 0, 2, 3, 3, 0, 1, 2, 1, 3, 3, 1, 2, 3, 1, 3, 0, 1, 0, 3, 3, 3, 0, 1, 3, 3, 3, 0, 3, 0, 3, 3, 1, 2, 3, 3, 0, 0, 1, 3, 2, 1, 0, 0, 3, 3, 2, 3, 3, 0, 3, 0, 0, 2, 3, 0, 1, 1, 3, 3, 2, 2], "predicted_labels": [3, 1, 0, 2, 3, 3, 3, 1, 2, 2, 1, 2, 1, 0, 2, 0, 0, 3, 1, 1, 2, 3, 0, 3, 2, 3, 3, 3, 2, 3, 3, 0, 3, 3, 0, 1, 2, 3, 0, 0, 3, 2, 2, 3, 1, 3, 1, 2, 2, 3, 1, 1, 2, 1, 0, 1, 1, 0, 0, 0, 2, 3, 0, 3, 0, 1, 0, 3, 1, 1, 2, 2, 1, 2, 1, 1, 3, 3, 2, 0, 0, 3, 1, 2, 3, 3, 1, 2, 3, 0, 0, 0, 0, 2, 0, 1, 1, 1, 0, 1, 3, 1, 0, 1, 3, 1, 2, 1, 0, 0, 1, 3, 3, 2, 0, 2, 0, 0, 0, 2, 3, 2, 3, 2, 3, 0, 2, 3, 3, 0, 1, 0, 1, 0, 1, 3, 0, 1, 1, 0, 1, 0], "confidence_scores": [[0.010094907427435773, 0.1048109842797269, 0.0004989763065316938, 0.8845951319863056], [7.78521752147408e-07, 0.9606855902963669, 3.233170361700397e-05, 0.03928129947826381], [0.9120178435419714, 8.962853617145002e-05, 0.08674577260937975, 0.001146755312477361], [1.0786576015340551e-05, 0.20900617216424527, 0.6495429182407935, 0.14144012301894598], [0.013139133237247495, 0.0003854961728841221, 2.4080096429243404e-08, 0.9864753465097721], [0.4126626979696512, 0.009047987940439223, 0.013320978283699056, 0.5649683358062105], [0.007268851982927388, 0.0012092232129038644, 0.2796251157263596, 0.7118968090778092], [0.016025294937247515, 0.9675806448241037, 8.701571882662039e-05, 0.016307044519822206], [0.14335214289827802, 0.016230364908966757, 0.8351398927220575, 0.005277599470697817], [8.608153541858113e-05, 0.0040366087466779735, 0.990906869784898, 0.00497043993300554], [0.07560444740293822, 0.7561622751755714, 0.002565329336576302, 0.1656679480849141], [0.00014787897392879172, 0.33205531201246574, 0.6578305237197397, 0.009966285293865729], [0.05433488519601397, 0.9141777041850168, 0.03142196586021243, 6.544475875692248e-05], [0.9999868028477277, 1.2214744162048943e-05, 3.643221229563968e-07, 6.180859871553587e-07], [0.42986622254914286, 0.030155851048463234, 0.5398849120673394, 9.301433505464599e-05], [0.985447235146471, 0.0015823726847307563, 8.938891497391253e-05, 0.01288100325382432], [0.8752756146705215, 0.12429736315221866, 0.0004251575849237625, 1.8645923360516074e-06], [0.09966603337064445, 0.08409540140687882, 6.158482506373883e-05, 0.816176980397413], [0.16197958365850967, 0.7966510831480554, 0.04136465652576051, 4.6766676742794886e-06], [9.078200898427417e-10, 0.9999999107078781, 4.723489227103894e-08, 4.1149409520606297e-08], [0.24848014421263687, 0.004260850170898088, 0.7459911261622283, 0.001267879454236701], [0.002081736983834084, 0.1891825392926293, 1.1619133364413122e-05, 0.8087241045901723], [0.8564674427491575, 0.1424435516785518, 0.0008724959547288639, 0.0002165096175616708], [4.357767342966606e-08, 0.0001600904369068079, 0.0011248451354396501, 0.99871502084998], [5.055690254409742e-05, 1.006239367636692e-07, 0.9999324760559495, 1.6866417569577576e-05], [0.001907896915994436, 0.00046960097916676425, 0.07208716659748828, 0.9255353355073505], [0.0015857499127436196, 0.24929271402261075, 2.4495719727711356e-06, 0.7491190864926729], [0.0003397367573210208, 0.0008153876947842369, 0.015406297127608149, 0.9834385784202866], [0.03077941357121646, 0.25356656919815795, 0.7115278361193104, 0.004126181111315191], [0.2925814924705418, 0.0032572516454466727, 0.13222515857858172, 0.5719360973054297], [2.013994775076535e-06, 1.7137403657236938e-05, 1.056346545889419e-06, 0.9999797922550219], [0.9964930474553533, 0.003402638716791915, 6.246658798898562e-11, 0.0001043137653881171], [0.00029598375962048065, 0.059141448535944365, 9.254248103794271e-05, 0.9404700252233973], [0.005143094921750638, 0.0010220652933214816, 7.682293145335447e-05, 0.9937580168534746], [0.5906762711038572, 0.2047471493489109, 0.0015047720733653797, 0.20307180747386647], [0.004754869485382712, 0.9950177517359409, 0.00022720440123298878, 1.7437744339025467e-07], [0.0037035291982779888, 0.004044211824892189, 0.9922522585402601, 4.3656962871032175e-10], [0.1496195244543763, 0.0005375540644566014, 0.00012199337362752231, 0.8497209281075396], [0.9997721571270973, 0.00021451226020186294, 1.1146092578671093e-05, 2.1845201221133126e-06], [0.9999009405054247, 9.710958626194293e-05, 1.949303833781211e-06, 6.044796535709851e-10], [0.00010220579467652784, 0.25750437083526767, 3.0294062467576937e-05, 0.7423631293075882], [0.09192252461193674, 3.3650323317367717e-06, 0.9069174532102117, 0.001156657145519935], [0.00896925947896252, 0.4369641462781555, 0.5218056855993106, 0.032260908643571395], [9.463331554177046e-05, 1.696418520848672e-05, 9.427729510374673e-05, 0.999794125204146], [4.8513533345316345e-06, 0.9026115456164127, 0.0002219689412504696, 0.09716163408900236], [6.956266606896437e-06, 0.05320339466075967, 0.0015725000648101305, 0.9452171490078233], [1.864472265102767e-05, 0.9999813470413356, 3.293416035973327e-10, 7.906671994360452e-09], [0.37827698434354656, 0.04474361339834141, 0.5585508057762455, 0.018428596481866476], [5.29184188968856e-07, 0.28576631880879555, 0.7142024073851547, 3.074462186081654e-05], [0.036220227291710774, 0.0010801966890542855, 1.2327844790585736e-05, 0.9626872481744443], [0.004050221829242467, 0.9958415844402817, 4.69590311995012e-05, 6.12346992761329e-05], [4.6945201854866954e-07, 0.997555907953578, 0.0024436157625824656, 6.831820937566408e-09], [9.92935155883265e-07, 0.010421182229400422, 0.8373225151326011, 0.15225530970284254], [1.6941999257956076e-05, 0.9994113849616535, 8.051710761464369e-07, 0.0005708678680122852], [0.9844659463364946, 4.6615518585349373e-07, 0.00033755361166750515, 0.015196033896651964], [0.041494870398454474, 0.9576110627586385, 2.344301002855118e-05, 0.0008706238328786205], [0.012736790548810212, 0.8398622188479216, 2.545804400776801e-05, 0.1473755325592605], [0.9551774327772025, 0.0037949169947582803, 0.029923956539222668, 0.011103693688816675], [0.7209392973588526, 1.48615630951294e-08, 0.2788689914782156, 0.00019169630136873784], [0.9958457293199122, 0.0040022387265746286, 0.00015169887010590274, 3.33083407372638e-07], [1.3668266161340824e-05, 0.22215458115478165, 0.7778290975665751, 2.653012481839461e-06], [0.34415980709822863, 0.1265276308097897, 0.0028438749251015563, 0.52646868716688], [0.7652855505002638, 0.07284842460008095, 0.0037794573492808603, 0.15808656755037445], [9.79107171447025e-11, 0.0005684598353738206, 2.825499927963829e-11, 0.9994315400384606], [0.7047831715268565, 0.0008475111818392049, 0.0005795955139314726, 0.29378972177737284], [0.0018853894140717818, 0.9931518438853428, 2.9838451066104723e-05, 0.0049329282495193414], [0.982736220085493, 0.017262358857891413, 3.105252290786692e-08, 1.3900040928379094e-06], [0.0006586837930459137, 0.1753482963813276, 0.0005615893333322271, 0.8234314304922942], [8.650699765978922e-06, 0.9993005200146179, 0.0006887656507043179, 2.063634911687791e-06], [4.199243331554479e-06, 0.6982537292114933, 0.30172791084447037, 1.4160700704737524e-05], [0.01702603483256723, 0.000985762315352071, 0.9819446464677951, 4.355638428561379e-05], [5.410690316373647e-05, 0.00010286758787669326, 0.8865686272717707, 0.11327439823718885], [0.436762351575631, 0.4742557899534752, 7.48813292609048e-07, 0.08898110965760113], [0.1440047302523191, 5.286659490462677e-07, 0.8316018538167954, 0.024392887264936474], [9.540468898254478e-06, 0.5457889205902067, 4.449805828020891e-05, 0.45415704088261494], [0.20839635977391333, 0.791303235631785, 0.0002931139247092612, 7.290669592485899e-06], [3.2978582787890072e-06, 0.0008720051372517106, 0.02193203555285535, 0.9771926614516141], [0.007450484069428917, 6.639364648523913e-05, 0.34780841428837533, 0.6446747079957104], [0.00017617690602681578, 0.007478483657099292, 0.9912257741866847, 0.0011195652501893058], [0.9536530768319191, 0.002084134735274859, 4.6006851087673806e-05, 0.0442167815817182], [0.9955530905798629, 0.002840885815911826, 0.0015693622765453673, 3.666132767969208e-05], [2.7590888108308393e-07, 0.00810459498690226, 2.44604936310974e-09, 0.9918951266581671], [1.8432524664408905e-06, 0.8421179153338454, 0.14705796688727776, 0.010822274526410347], [0.10782620823801858, 0.0029012049019690265, 0.8886949545329424, 0.0005776323270698833], [0.0006599425611197808, 0.00748107129700877, 8.224008708736534e-05, 0.9917767460547839], [0.0020293387948122172, 0.007860688764817615, 1.3511556814577114e-07, 0.9901098373248021], [0.0009077037613783199, 0.9990922960534014, 1.3287477748922857e-10, 5.2345379724712096e-11], [0.00011746718448048986, 0.03667886841011237, 0.9629288325412758, 0.00027483186413146307], [0.00021310582263460234, 2.932121888231315e-06, 0.0006337418456422003, 0.999150220209835], [0.952363884393686, 0.04761390192828529, 2.2202394802603186e-05, 1.1283226179583156e-08], [0.9358945922530381, 0.06300470751308077, 6.793344398392067e-05, 0.0010327667898972538], [0.9980126202795553, 0.00011819248450097455, 2.828372628696313e-05, 0.001840903509656657], [0.9728161818500525, 1.7344449023461688e-07, 2.2730489663520944e-07, 0.027183417400560635], [0.00019133322422539893, 0.1225319658439142, 0.860838891851642, 0.016437809080218378], [0.6013826011480305, 0.37953859538945434, 0.0025981865308466134, 0.01648061693166853], [0.0018691681120350534, 0.9970708240140647, 3.569533652702273e-08, 0.0010599721785637163], [0.04425897209283415, 0.8492424395097463, 0.0008656421953572664, 0.10563294620206225], [0.17982458739924087, 0.8200884186183949, 8.718614773999134e-08, 8.690679621651122e-05], [0.9999955612312267, 3.648757779482999e-06, 8.479698647285458e-10, 7.891630238801858e-07], [0.01893775725400541, 0.9674040424133176, 0.0009463734878026202, 0.012711826844874432], [0.0048305158672255965, 0.12754195837209004, 0.0006301114311454476, 0.8669974143295388], [0.0002458767783499305, 0.903369809026909, 1.970582212144779e-05, 0.0963646083726197], [0.5944327225648817, 0.32000437126804315, 0.02893836371050116, 0.05662454245657393], [1.1399557358746594e-05, 0.999988590776236, 7.108097763376303e-09, 2.5583075667099737e-09], [3.074844912340173e-08, 0.0031340195944243128, 6.121822903409664e-05, 0.9968047314280924], [3.2187319638640014e-05, 0.9999669251121465, 5.960743854909507e-10, 8.869721406087722e-07], [1.1967344371523934e-07, 0.00012035621082661224, 0.9998794910075245, 3.31082050674919e-08], [0.1376194534534185, 0.5644348712895058, 0.014707909589193472, 0.2832377656678822], [0.9991709841013133, 2.8168574532738883e-06, 0.00011179401552239935, 0.0007144050257110744], [0.9969669273591512, 0.0026167080831801023, 0.00017151945396843662, 0.00024484510370007695], [6.911478230990331e-11, 0.943302759775019, 0.05669674897532407, 4.911805421351546e-07], [0.09411088258310532, 2.2015375235393998e-05, 0.00026813433412346214, 0.9055989677075359], [0.10937090616580829, 0.11767643221823984, 0.00092107515351678, 0.7720315864624351], [6.124959505560755e-06, 5.743637869039399e-05, 0.755824680667282, 0.244111757994522], [0.9998946545997909, 3.0321432824091994e-07, 7.455654970314828e-05, 3.048563617774417e-05], [0.01610758350882552, 0.2074597890445877, 0.6126048087990565, 0.16382781864753027], [0.8955925005786128, 0.0012908249481212886, 1.6407390196806632e-06, 0.1031150337342461], [0.8945565507920595, 0.0005925778686382101, 7.992102829939041e-06, 0.10484287923647227], [0.8800410042739165, 0.031674669971087865, 0.00023495497416753193, 0.08804937078082828], [0.040160685691395644, 0.3433810517332676, 0.6044062880209146, 0.012051974554422208], [0.08051793013383156, 3.263856993950215e-05, 0.004281358144252362, 0.9151680731519766], [3.0355690834803703e-05, 0.07801937636105392, 0.9218564598164094, 9.380813170184212e-05], [0.008764112348174487, 3.064258176830818e-07, 1.9057392470990068e-05, 0.9912165238335369], [2.584590687695782e-05, 8.376870141099508e-05, 0.9998883820500637, 2.0033416481940767e-06], [0.0007238247019375149, 0.0011239674395547487, 0.059684968369499644, 0.9384672394890081], [0.9876418589623499, 0.012161344953197073, 0.00019396257074377488, 2.833513709115779e-06], [1.2874038852781732e-05, 0.008772641727226643, 0.9912142995278247, 1.8470609564971547e-07], [0.43389091441504835, 3.1904655503836354e-12, 5.574355594637188e-15, 0.5661090855817555], [0.00041378725257498755, 0.0010194116719157873, 0.00010035155701838376, 0.9984664495184908], [0.9980001768229714, 8.015067868972397e-06, 1.0546853182936264e-05, 0.001981261255976746], [0.0007573276139196074, 0.9992339086945108, 8.680405735419807e-06, 8.328583409582136e-08], [0.9970300433150647, 0.0029472307185112773, 2.226603578170194e-05, 4.5993064243346526e-07], [0.32430827662108697, 0.67310713952213, 4.545453564285241e-06, 0.002580038403218655], [0.9935601004532303, 0.00593077892784792, 0.0005090332453516355, 8.737357014109306e-08], [0.0014464042233082802, 0.893544365562523, 1.993575493848012e-05, 0.10498929445923028], [8.292433624810867e-09, 9.199375113706688e-09, 2.083334079924778e-09, 0.999999980424857], [0.881721284562444, 0.11826943699496408, 8.409792645131737e-07, 8.437463327503563e-06], [0.0014365891133169483, 0.973073591507561, 0.013798419560489989, 0.011691399818632126], [0.0012083492244809762, 0.9959226458792603, 0.002864905719649661, 4.0991766092072e-06], [0.9766936892315311, 0.023299985694317283, 2.8471791079558185e-07, 6.040356240730125e-06], [3.9270719787539566e-06, 0.9997209009619116, 0.00022415375691847654, 5.1018209191162736e-05], [0.9537735416566484, 0.045991457467938784, 0.00022982135673797836, 5.179518674827888e-06]]}, "rewritten": {"ids": ["97105760", "97105960", "97106000", "97106591", "97107821", "97108520", "97111790", "97116401", "97116410", "97116800", "98106560", "98107010", "98107210", "98108410", "98110680", "98111620", "98111860", "99105921", "99107300", "99109780", "100108490", "100109000", "100113370", "100115700", "100116500", "101108290", "101108460", "101109000", "101109120", "101111140", "102107961", "102108621", "102109840", "102110240", "102110500", "102110690", "102112250", "102118380", "102121440", "103110220", "103110760", "103111170", "103111540", "103111830", "103111930", "103113270", "103113640", "103120531", "103120730", "103120780", "104111380", "104111531", "104111620", "104111711", "104111830", "104114320", "104116800", "104117630", "105110091", "105112260", "105113170", "105113190", "105115570", "105115680", "105116501", "105119550", "106113830", "106114011", "106114150", "106114280", "106115120", "106115240", "106117770", "106118161", "106118301", "106120290", "107112850", "107113180", "107113360", "107114321", "107115250", "107116980", "107118120", "107118820", "107120260", "107120880", "107121700", "108113480", "108113620", "108113760", "108114200", "108114220", "108115570", "108117451", "108119330", "108120060", "108120280", "108120700", "109113931", "109114220", "109115070", "109116170", "109116810", "109118231", "109119450", "109119460", "109121410", "110114651", "110114720", "110114920", "110114950", "110115890", "110116170", "110117200", "110117870", "110118740", "110119030", "110119891", "110120560", "110121720", "111114171", "111116100", "111116990", "111117571", "111120190", "111120591", "112116501", "112116610", "112116640", "112117431", "112117471", "112118930", "112119450", "112120630", "112121410", "113118620", "113119340", "113120260", "113120591", "113121410", "113122190", "113122650"], "labels": [0, 2, 0, 1, 2, 2, 2, 3, 3, 0, 1, 3, 1, 1, 2, 3, 0, 1, 3, 2, 2, 1, 3, 1, 2, 0, 0, 1, 1, 2, 3, 3, 2, 3, 3, 0, 0, 1, 2, 2, 1, 2, 1, 3, 3, 2, 1, 3, 1, 1, 3, 0, 0, 1, 3, 2, 1, 0, 0, 3, 0, 3, 0, 2, 1, 1, 1, 1, 1, 3, 1, 1, 0, 3, 1, 2, 1, 3, 0, 0, 2, 3, 3, 3, 1, 1, 3, 0, 3, 1, 0, 3, 3, 2, 0, 1, 3, 2, 1, 3, 0, 0, 3, 1, 3, 1, 0, 3, 3, 3, 0, 2, 0, 3, 3, 3, 0, 3, 0, 3, 3, 3, 0, 3, 3, 1, 3, 1, 0, 0, 3, 1, 3, 3, 0, 3, 0, 3, 0, 0, 1, 2], "predicted_labels": [0, 2, 3, 1, 0, 0, 2, 2, 2, 2, 2, 3, 2, 1, 2, 2, 2, 0, 0, 1, 0, 1, 1, 2, 3, 1, 3, 2, 0, 3, 2, 0, 2, 2, 3, 0, 0, 1, 3, 3, 1, 1, 3, 0, 1, 2, 0, 1, 0, 0, 2, 3, 1, 2, 0, 0, 3, 1, 3, 3, 3, 3, 1, 1, 0, 0, 0, 1, 1, 0, 0, 0, 1, 2, 1, 2, 1, 0, 2, 0, 1, 0, 2, 1, 0, 2, 1, 3, 1, 1, 0, 2, 3, 0, 0, 2, 3, 0, 1, 0, 1, 3, 1, 0, 2, 3, 3, 1, 1, 1, 0, 1, 3, 0, 3, 0, 0, 1, 3, 1, 0, 1, 3, 0, 1, 1, 3, 1, 0, 0, 3, 3, 3, 3, 3, 1, 0, 1, 3, 3, 2, 0], "confidence_scores": [[0.46779151386350465, 0.00018869255702344645, 0.3948442001158165, 0.1371755934636553], [0.0013397864428365738, 2.4372739492627113e-05, 0.9966689666222789, 0.001966874195391972], [7.517455497117186e-05, 0.002064283101130368, 0.010982047623256259, 0.9868784947206423], [3.783432583529356e-05, 0.8678428334766084, 0.1320406309189103, 7.870127864611789e-05], [0.9603738625193858, 0.007719667231853598, 1.0519279133226203e-05, 0.03189595096962718], [0.9699621476626604, 0.022364386904806372, 0.007672827694226893, 6.377383064215544e-07], [0.004428552398233475, 0.0002313154571193328, 0.9935074135778514, 0.0018327185667955878], [0.0012291361003273669, 0.4397610010705237, 0.5590084827705958, 1.3800585531669619e-06], [0.003564084193734577, 0.002116842273395972, 0.9943190733896334, 1.4323585481902292e-10], [0.001721797372534689, 0.0006424123283787936, 0.9974918557839804, 0.00014393451510617171], [0.25734473396563173, 0.012864648193037594, 0.37856454748562923, 0.35122607035570147], [6.900545614790208e-05, 0.2177004095892233, 0.0006123905294916866, 0.7816181944251372], [1.8811935836509304e-09, 1.144573377012075e-06, 0.9110352031941128, 0.08896365035131651], [0.40382606282567896, 0.49400745696061144, 0.10136316542372228, 0.0008033147899871584], [2.9130598898016826e-06, 0.025611086722163227, 0.9720236435850177, 0.0023623566329294024], [0.38103979771488317, 0.0006746534238029887, 0.6182446591572168, 4.088970409706209e-05], [0.013306564456964844, 4.5616228713217044e-05, 0.9865362096474852, 0.0001116096668366353], [0.998593138359128, 0.0013148244770300945, 8.029930658965718e-05, 1.1737857252113391e-05], [0.9986242349646868, 0.0013755417224623509, 9.745991415843327e-09, 2.1356685935307426e-07], [0.00026297407174617857, 0.9994754767957067, 0.0002601382763157267, 1.410856231587298e-06], [0.8293997860601683, 0.17059831662358502, 3.103907481718392e-10, 1.897005855897152e-06], [0.02608546275145476, 0.9574818229364319, 0.00219612973688405, 0.014236584575229149], [1.72307157105885e-05, 0.9571560854791478, 0.0011198055323297063, 0.04170687827281202], [1.2449982542899554e-05, 0.4946330905628355, 0.5052374403953809, 0.00011701905924071314], [0.00019281540585188198, 0.2242293415554882, 0.01703704591101791, 0.7585407971276419], [0.39768423461070856, 0.42087931069483037, 0.0007977666458105107, 0.1806386880486506], [0.02888607016753928, 0.07433086943042902, 0.02897912743540955, 0.8678039329666221], [6.850087934165429e-07, 0.005624220322877668, 0.9797293003958093, 0.01464579427251971], [0.5609503313401458, 0.05467034462252139, 0.0005755021849532218, 0.38380382185237955], [0.07593329785578674, 0.00028076336429419725, 0.0022582336771536787, 0.9215277051027654], [0.047990585528656364, 1.4679497813248173e-05, 0.9519793648692079, 1.537010432269367e-05], [0.9724321148909308, 0.000621126295508768, 5.195487804023088e-06, 0.026941563325756472], [2.466845547474076e-06, 0.08506400751172982, 0.914933452818511, 7.282421166708701e-08], [1.4571882536749154e-05, 9.777033824291327e-07, 0.9999837008668985, 7.495471821980624e-07], [3.542633985490531e-07, 2.1996288158180524e-08, 1.2184893889116807e-08, 0.9999996115554194], [0.9963185360597342, 7.333194945400356e-05, 2.1703562583559409e-07, 0.0036079149551859163], [0.8400198471114702, 0.1117007132210681, 0.045459425769270104, 0.0028200138981916392], [0.00033614653261941505, 0.6453812417847655, 0.3516405285860223, 0.002642083096592677], [0.0005877347658501996, 0.004214216169221128, 0.12492643736879122, 0.8702716116961375], [8.995937544747063e-11, 0.0005341562199414814, 4.9246246081526195e-08, 0.999465794443853], [0.0016045630817424364, 0.9983953991977621, 3.891583388902509e-10, 3.733133719887767e-08], [0.006451825928070984, 0.7506249996542034, 0.23938118058558794, 0.003541993832137664], [0.046119078479993456, 0.00011607972943429093, 0.031003883237125086, 0.9227609585534472], [0.645926854536056, 0.0006905991290464769, 0.3221000915726705, 0.03128245476222707], [0.03724220099968693, 0.9605354592806489, 0.0007164928131925416, 0.0015058469064715267], [2.5910155378778323e-05, 5.512124248933726e-05, 0.8021591849940409, 0.19775978360809102], [0.9999116296127311, 3.948330775830588e-06, 7.94614042261051e-05, 4.960652267301732e-06], [0.08362392248558238, 0.6072988608795464, 0.30863642069055575, 0.00044079594431545733], [0.7963170093382341, 0.20357020166643672, 4.5963163232757755e-05, 6.682583209629943e-05], [0.7289837133953239, 0.0031881929993908963, 0.00010089264774743651, 0.26772720095753777], [1.78736406300501e-06, 0.006307664344534892, 0.9919771393776786, 0.0017134089137236562], [2.821374522923663e-07, 4.348526051583496e-06, 3.564487844623481e-05, 0.9999597244580498], [0.11337215934264398, 0.8846035003529871, 0.00024480467209123385, 0.0017795356322778601], [0.0002905845804605101, 0.02907017975601512, 0.9524974963619005, 0.01814173930162371], [0.7136369783498169, 0.0010741525746296218, 0.0047803482393483305, 0.28050852083620526], [0.994044922653217, 0.00036450706276465136, 0.005589784951285444, 7.853327329256276e-07], [0.012460379126694373, 0.1065017992660688, 0.1433873897812893, 0.7376504318259476], [0.0031117642654327053, 0.9791616720129285, 0.00034383428894436046, 0.017382729432694425], [0.003144980382028082, 0.4539045539036778, 1.3819285710434841e-05, 0.5429366464285836], [0.00021301256506644264, 0.0022103164851267902, 0.030927931435239208, 0.9666487395145675], [3.575163154879032e-11, 4.172052830715341e-06, 4.9409546360906564e-05, 0.9999464183650567], [2.222506577356746e-05, 2.2142428076696395e-07, 0.0009388227406290239, 0.9990387307693166], [0.020436122611635486, 0.8972731413179883, 0.0010532775042342384, 0.08123745856614192], [7.1869152911275e-10, 0.9999992781229627, 6.95891461706154e-07, 2.526688407988518e-08], [0.9985736727158531, 0.0014231858906040814, 8.036446173507788e-13, 3.141392739470176e-06], [0.9055622123452592, 0.09410579905235016, 1.8831293450942838e-07, 0.00033180028945598564], [0.9526809571404954, 0.004923678541942719, 0.028769730177735313, 0.01362563413982665], [1.9198388312033778e-05, 0.9999763916356673, 3.17453864744203e-06, 1.2354373732330766e-06], [0.475937406003001, 0.5198653802564007, 0.002243100053547011, 0.0019541136870513294], [0.9379635265931248, 0.06156610736607501, 0.00023548145219685242, 0.00023488458860355114], [0.9948869884708348, 0.005108513430423626, 3.732176043057753e-06, 7.659226987055376e-07], [0.9999808345897536, 1.0709286288187027e-06, 1.793568903613689e-05, 1.5879258129027658e-07], [0.0749139865822349, 0.4755187685259775, 0.06673204250792396, 0.3828352023838637], [0.0006698801355778829, 0.08988781457435036, 0.885629383543871, 0.02381292174620069], [0.0002164668368805767, 0.9997835254170752, 1.6062508905528533e-09, 6.139793465729484e-09], [1.2352721994721578e-05, 0.001002297656982844, 0.9826635451284139, 0.016321804492608744], [0.15161682243471508, 0.48379738804739036, 0.31014499427763026, 0.05444079524026425], [0.8395512363793407, 0.11601753768333128, 0.04442991180704827, 1.314130279526479e-06], [9.12582784154222e-05, 1.1774742007990703e-10, 0.9999083883517057, 3.5325213124321245e-07], [0.9989867565363648, 1.0133502389865599e-05, 0.0010030425264483914, 6.743479691731059e-08], [0.0012648712354913752, 0.841533810387965, 0.15693226739739916, 0.0002690509791444296], [0.9942468957279844, 0.005715258588315707, 1.8465125383062457e-05, 1.938055831687294e-05], [0.00290247988915958, 0.10051342609807203, 0.4539644608751219, 0.4426196331376466], [6.778961701772502e-06, 0.9973856144871726, 0.00016818778879812475, 0.002439418762327575], [0.9999641786980206, 1.065557047319187e-05, 2.5159269947409662e-05, 6.461558768425242e-09], [0.11859262324557711, 0.0005013447197827009, 0.8646520612731954, 0.01625397076144496], [7.98547781660084e-07, 0.9982881130573645, 2.820963641162974e-06, 0.001708267431212653], [0.00933872431059878, 2.0679094428041888e-07, 0.0013692484965461321, 0.9892918204019107], [0.41898908961222364, 0.5698782483027073, 0.006545837997808178, 0.00458682408726087], [0.018827130109457073, 0.9702397692799508, 0.010931946610645086, 1.1539999470847611e-06], [0.9999331606637127, 2.8600121747475353e-05, 3.8237860602343736e-05, 1.3539375071503275e-09], [3.5858603626105624e-09, 0.3528655710262265, 0.6470955138033091, 3.891158460414163e-05], [0.00016250881545394312, 0.016285540700711868, 0.06158918524639359, 0.9219627652374407], [0.9999977678827122, 5.6516859035505074e-08, 5.1365700023794454e-08, 2.1242347288835787e-06], [0.9990257784411551, 0.0009537669730212033, 2.0416705220253087e-05, 3.788060344336561e-08], [0.03588554074631389, 0.0011251694463264655, 0.9629863950104579, 2.8947969016917844e-06], [3.8502509825624844e-05, 0.0013771359100716797, 1.0095862076760345e-05, 0.998574265718026], [0.8086222858382996, 0.12346787175074025, 2.545597932761043e-07, 0.06790958785116671], [0.361439260915054, 0.6385411518862456, 1.9449999378984444e-05, 1.3719932134405283e-07], [0.9672158509564628, 0.0002188747215715193, 0.0007087367969873734, 0.03185653752497822], [0.0188783668097929, 0.9805386238717536, 2.382542206119655e-05, 0.0005591838963923201], [1.9308449021322886e-09, 0.0013364526360005557, 5.769034264595657e-12, 0.9986635454273854], [0.023962536146623706, 0.8362684793968329, 0.0004606970023256357, 0.1393082874542179], [0.8871430475117847, 0.02494315592943087, 0.08781378028302833, 0.0001000162757560415], [0.032285990808907705, 0.04610170169914152, 0.909775006639351, 0.011837300852599762], [6.280972564856091e-05, 4.259528885933706e-06, 0.017019187962607648, 0.9829137427828578], [0.3220881871535791, 1.8553390840704326e-06, 5.620328883528952e-08, 0.677909901304048], [0.000153045609129965, 0.9808954377670354, 1.2312860215170786e-08, 0.018951504310974455], [0.00014169473700321038, 0.6914809600486377, 0.30837701656220573, 3.286521533306948e-07], [0.12258522620535034, 0.6683879641109253, 0.0008470413211156887, 0.2081797683626086], [0.9963143689224895, 5.433099489056199e-06, 1.336620158253579e-06, 0.0036788613578632883], [1.2046801159017074e-05, 0.8881192991271474, 0.10496003301392529, 0.006908621057768332], [0.07316266212089262, 0.04680985288169862, 0.0005171775500480877, 0.8795103074473607], [0.999933010684835, 5.136669482295706e-06, 3.659151140160023e-05, 2.526113428101899e-05], [7.536689608427165e-05, 0.0222006513021468, 0.05435773575894767, 0.9233662460428211], [0.9053244411696563, 1.1292041493010165e-07, 0.09434145803833106, 0.000333987871597755], [0.9771078621087109, 0.004492359744802758, 0.000437779734072908, 0.01796199841241356], [4.937618261226229e-07, 0.992401271946057, 3.5227074339118264e-07, 0.007597882021373637], [0.00027944798885680416, 6.695287507034424e-05, 0.039000485197921035, 0.9606531139381519], [1.4716112469947099e-05, 0.9979388957795664, 0.001974484511208693, 7.190359675492817e-05], [0.9999798692208272, 3.153911215348456e-11, 1.4113788870365766e-15, 2.01307476323625e-05], [0.00029703139913575213, 0.9522034281339321, 7.004308413412265e-06, 0.04749253615851876], [0.0027825845480883033, 0.004749143379198769, 0.006573123969681874, 0.985895148103031], [0.8708133910419463, 0.11080950665978166, 0.018376977677572313, 1.2462069961936958e-07], [0.05540264582677313, 0.942352740740232, 3.146100212926123e-09, 0.002244610286894811], [0.39113808588848564, 0.5785183306740539, 9.843397470364045e-08, 0.030343485003485896], [0.0007212376251367954, 0.010298321841059473, 0.0002135133848507553, 0.9887669271489529], [4.789351548028628e-05, 0.891853328549818, 0.007325093977887305, 0.10077368395681446], [0.9390632108115443, 0.00018369787487199966, 0.059856789797102204, 0.0008963015164814048], [0.9957097657067212, 2.63114816919227e-05, 1.4502244402467646e-07, 0.004263777789142824], [0.008626737730025594, 0.028604094872206595, 1.3959736800319464e-06, 0.9627677714240878], [0.02921214150850834, 0.0025635035893074223, 0.017236150479826375, 0.9509882044223578], [0.004613274830086687, 0.00010121583954007347, 0.000273413983205473, 0.9950120953471677], [1.3195265066677925e-07, 0.00021992287801651686, 0.00031316607199755774, 0.9994667790973353], [5.731845029333338e-07, 4.949136965199883e-05, 9.509183121029919e-11, 0.9999499353507532], [0.009251861240231718, 0.9907018014137204, 8.447004793102901e-10, 4.633650134742271e-05], [0.9977275453875936, 0.002047211614916495, 2.3969985761101084e-05, 0.00020127301172897445], [0.0014497640493919834, 0.7227829237590911, 0.22899849380636092, 0.04676881838515579], [0.0004789973358743491, 0.012890763450754088, 3.885265106755886e-09, 0.9866302353281063], [3.9420640049584987e-10, 1.638695488380469e-09, 3.14320554760833e-10, 0.9999999976527776], [3.0464301214615314e-06, 0.004926437188427586, 0.994939390070705, 0.00013112631074601252], [0.4997028369131189, 0.34496937788878457, 0.00732606131108528, 0.14800172388701124]]}}