{"test": {"ids": ["109117150", "111115780", "107120260", "109114720", "110117110", "113122430", "99120010", "101112160", "105113480", "111120260", "105115570", "98108410", "108120260", "112116401", "98116940", "97113900", "113122180", "113120280", "105114220", "112119320", "97106000", "111115620", "111119580", "100108520", "105121190", "100109910", "113118820", "98108520", "113121980", "111120280", "108120700", "111120190", "103120531", "113122160", "109115380", "98119591", "103111480", "111119150", "97109080", "101111310", "102112030", "108113620", "103113640", "107113360", "102110050", "107121700", "110119891", "97105960", "103117200", "109118161", "112118511", "98106560", "97114170", "104113550", "106116441", "102114270", "105120280", "102109910", "105116980", "99116500", "99117630", "99108330", "111119950", "97116800", "111118301", "106117650", "98107210", "100109360", "109113281", "97116500", "101119591", "105119950", "113121750", "100116500", "112118701", "110113591", "112116810", "109116810", "112116290", "101119030", "103111830", "98109311", "102111990", "113119450", "104114240", "112116900", "108119510", "104113210", "111116040", "97112830", "99109840", "101114020", "104110960", "110120640", "104119290", "105116650", "101121640", "108115870", "99111000", "110118450", "112118820", "110119030", "99108000", "112119980", "110116441", "110118121", "110114651", "113121950", "100108080", "113122170", "113118111", "97106600", "110120531", "108115500", "113117550", "97108520", "97112170", "99119830", "103113101", "103113610", "101108950", "105115380", "111114121", "97116790", "98109090", "112116540", "102117351", "99112641", "106120640", "110113931", "97105451", "105111990", "113118810", "98111620", "107119390", "97107821", "108114220", "100113370", "101108500", "104116441", "101116130", "112116501"], "labels": [2, 1, 1, 0, 0, 2, 2, 3, 0, 3, 0, 1, 1, 0, 2, 2, 2, 0, 3, 1, 0, 1, 3, 2, 2, 2, 0, 2, 2, 0, 2, 3, 3, 3, 3, 1, 0, 3, 2, 3, 2, 3, 1, 0, 3, 3, 3, 2, 0, 0, 1, 1, 2, 1, 0, 3, 3, 2, 0, 2, 3, 1, 0, 0, 3, 1, 1, 0, 0, 2, 0, 3, 0, 2, 0, 0, 3, 3, 0, 3, 3, 1, 2, 3, 0, 3, 1, 3, 0, 2, 2, 3, 2, 0, 1, 1, 2, 3, 2, 0, 0, 0, 2, 0, 3, 3, 3, 3, 0, 1, 1, 3, 0, 3, 3, 2, 0, 1, 3, 2, 2, 1, 0, 2, 1, 1, 1, 1, 3, 1, 0, 2, 3, 3, 2, 2, 3, 3, 3, 1, 2, 3], "predicted_labels": [0, 3, 3, 1, 0, 1, 1, 3, 0, 0, 1, 1, 3, 3, 0, 3, 1, 0, 0, 1, 0, 2, 0, 3, 3, 3, 0, 0, 0, 1, 3, 1, 2, 0, 3, 0, 3, 3, 1, 3, 3, 3, 1, 0, 0, 1, 1, 0, 1, 0, 1, 3, 3, 0, 3, 1, 1, 0, 3, 1, 1, 3, 1, 0, 3, 1, 3, 3, 0, 1, 0, 3, 1, 3, 3, 3, 1, 0, 1, 1, 0, 2, 1, 3, 3, 1, 3, 1, 3, 3, 1, 3, 2, 3, 1, 1, 3, 3, 1, 1, 3, 1, 1, 1, 1, 0, 3, 3, 0, 1, 1, 3, 0, 1, 1, 0, 0, 1, 0, 2, 3, 3, 0, 3, 3, 3, 0, 2, 3, 0, 0, 1, 1, 3, 3, 1, 0, 3, 1, 0, 1, 3], "confidence_scores": [[0.298327090984161, 0.2615093449729375, 0.2743632158536914, 0.16580034818920997], [0.20346627422058186, 0.3219128917314505, 0.10726854572188808, 0.36735228832607975], [0.08807783797598359, 0.30563258614455596, 0.05580167813033218, 0.5504878977491283], [0.14938900699022634, 0.46466525546575566, 0.19132079552533987, 0.1946249420186783], [0.3316653167142646, 0.27034105513487744, 0.12805731312393187, 0.2699363150269262], [0.1541689972964287, 0.34744953590386346, 0.19083415856949798, 0.3075473082302097], [0.2505838075865149, 0.3304406727155445, 0.15249767757759217, 0.2664778421203485], [0.18611134805630053, 0.26886685128607274, 0.12906932070599192, 0.4159524799516348], [0.5122159923507573, 0.20109631330674727, 0.07957592915280974, 0.2071117651896857], [0.3223548117036933, 0.17547915929355426, 0.20414225279568185, 0.29802377620707077], [0.09768132127565284, 0.4664895970571494, 0.10799013283048421, 0.3278389488367135], [0.19874863402648296, 0.40816825126802103, 0.13801266625254222, 0.2550704484529538], [0.12780193181193514, 0.23877322995646488, 0.14979716920082023, 0.48362766903077975], [0.3452510009769269, 0.23001190672238664, 0.06569361435942776, 0.35904347794125896], [0.6725725261557826, 0.16334685079680605, 0.056960659449500295, 0.10711996359791104], [0.328896020178325, 0.19895987429345705, 0.13058638281400659, 0.3415577227142115], [0.13315399670635095, 0.5526972071479542, 0.20972051978920675, 0.10442827635648803], [0.6655725535395655, 0.09548053858979919, 0.06428477516691504, 0.1746621327037203], [0.5808329959142475, 0.21986061895339293, 0.09800783070327192, 0.10129855442908764], [0.2105613198024903, 0.308016980232211, 0.21078449117851342, 0.2706372087867854], [0.34090074008783666, 0.23567749121430856, 0.14826940308387598, 0.2751523656139788], [0.2791766237878449, 0.22854209485424695, 0.2874645863258169, 0.20481669503209118], [0.36512153571229605, 0.2267019347557581, 0.16145999560551408, 0.24671653392643178], [0.2649453877015295, 0.25291275804913155, 0.19907037382263662, 0.28307148042670227], [0.18145443869207167, 0.19549134450110334, 0.12110071621488257, 0.5019535005919425], [0.2581931937679678, 0.2738070330305632, 0.16147407054161564, 0.3065257026598534], [0.3643836487480601, 0.33230747667728777, 0.1127671468126723, 0.19054172776197975], [0.34253044951426503, 0.22181569185971545, 0.23226645611561197, 0.20338740251040754], [0.35947337970969756, 0.28293155143394777, 0.14634289357715818, 0.2112521752791966], [0.28162611881883987, 0.31165391214457727, 0.16949820084479633, 0.2372217681917865], [0.16649446147313793, 0.26021092784616606, 0.13226273902520094, 0.44103187165549523], [0.3199796262538396, 0.32808313997033023, 0.13696447663760178, 0.2149727571382286], [0.18099470182115462, 0.2754136411901049, 0.35829193290500344, 0.18529972408373718], [0.3443500390312743, 0.3436431837348182, 0.10666088350586608, 0.20534589372804143], [0.19002227034053995, 0.2216912073240236, 0.22691631771604062, 0.3613702046193962], [0.34559858124500237, 0.20195773907575562, 0.1405303461522284, 0.3119133335270136], [0.2719342344048233, 0.2588561316600817, 0.15634553880074775, 0.31286409513434726], [0.19713506447951343, 0.24666895200346298, 0.1375718402095393, 0.41862414330748443], [0.07909308911700462, 0.5046167388335403, 0.05118283660525149, 0.3651073354442035], [0.1375812957390584, 0.3005255620932363, 0.20688344047031615, 0.3550097016973893], [0.17845057067111095, 0.23515921769290032, 0.16341588585712497, 0.42297432577886385], [0.16903721729006568, 0.29673651182822697, 0.11975616183703999, 0.41447010904466736], [0.23538365218472548, 0.3437814044353178, 0.22095173727894904, 0.19988320610100765], [0.48542212944819185, 0.2413105462574884, 0.08071736721412237, 0.19254995708019743], [0.40920934597303327, 0.33695760100414124, 0.1008676471138853, 0.1529654059089402], [0.12599151726373448, 0.5080019632194966, 0.13244530513227212, 0.23356121438449665], [0.2683294315439338, 0.31950455968397046, 0.09369562369051357, 0.3184703850815823], [0.42866347857577336, 0.15228782875987187, 0.08750798349590166, 0.3315407091684531], [0.12709635238651945, 0.4872338446439336, 0.2653108604016481, 0.12035894256789904], [0.36531245174774324, 0.191993586800842, 0.13098360113997656, 0.3117103603114383], [0.28495752332953894, 0.3638764557587281, 0.1272670373135962, 0.2238989835981367], [0.13466469942224704, 0.2446837331620382, 0.2032763343524566, 0.4173752330632583], [0.16899932617176536, 0.20010312558935167, 0.14169298310583928, 0.4892045651330439], [0.5415839993403697, 0.2192088243694916, 0.09321445123504908, 0.14599272505508956], [0.2856051886753434, 0.20968198605560942, 0.20604516407211523, 0.29866766119693205], [0.16936499261885551, 0.39408723352140274, 0.0959426744664577, 0.3406050993932841], [0.3120765337482881, 0.32395107079841257, 0.17835797950103943, 0.18561441595225997], [0.5309474757684391, 0.08762597792734028, 0.2896912956051516, 0.09173525069906896], [0.23564134917221302, 0.2336372457459962, 0.15168955143818097, 0.3790318536436098], [0.10684551522066747, 0.48100760040629753, 0.1307805945177236, 0.28136628985531154], [0.17877030005730005, 0.3822898624513651, 0.10731487716366607, 0.3316249603276689], [0.11077184794993025, 0.13470745770922138, 0.25143547493724355, 0.5030852194036048], [0.15956150189619012, 0.49564838390151356, 0.0914400972697494, 0.25335001693254716], [0.3877503611710422, 0.19488728844969863, 0.24352894701710928, 0.17383340336214986], [0.24992404222740955, 0.19744119327689588, 0.23503428985775976, 0.31760047463793484], [0.1993492156572886, 0.4351710594992209, 0.08267952325424359, 0.28280020158924685], [0.1052688578562796, 0.3798958727063671, 0.07738603535559489, 0.43744923408175845], [0.2441426842041076, 0.1500275659076468, 0.28865301762641943, 0.31717673226182624], [0.4748609245052667, 0.2521565575855884, 0.13361287600397875, 0.13936964190516615], [0.15208764821219045, 0.4498132083723348, 0.0870414978886536, 0.31105764552682114], [0.32258877273025377, 0.2656302896488399, 0.13476713040414262, 0.2770138072167637], [0.1399908798218051, 0.2568966340987656, 0.13009979023091772, 0.47301269584851163], [0.28401955102687654, 0.3318117679911563, 0.13848295911340805, 0.24568572186855928], [0.19441875659811536, 0.3045742455487501, 0.10727483739584212, 0.3937321604572924], [0.2814191509485031, 0.26513028584604337, 0.1655643441324059, 0.2878862190730478], [0.3112422502592422, 0.21527323858138192, 0.10942133910083839, 0.36406317205853767], [0.2586983409280006, 0.3591317055051654, 0.16332298090078826, 0.21884697266604583], [0.3527615740439259, 0.26094688399003907, 0.15962634805384565, 0.22666519391218953], [0.25279466913364285, 0.3721150275012051, 0.17433039251652482, 0.20075991084862727], [0.2114297759132249, 0.3303679532712539, 0.1896561887130021, 0.2685460821025192], [0.3830847132708685, 0.19641853196006276, 0.08073526348650109, 0.3397614912825678], [0.19222115170522866, 0.27625098736437265, 0.32158483913406943, 0.2099430217963293], [0.32135049452200853, 0.43998288552038295, 0.10639600040371948, 0.132270619553889], [0.16242518891769905, 0.2367908526252472, 0.15905815779094618, 0.4417258006661075], [0.14623643175924586, 0.23401657397906234, 0.08622384244276622, 0.5335231518189256], [0.193247439075124, 0.3592237062793441, 0.18120780027902206, 0.26632105436650994], [0.19232676554937372, 0.2972234099702741, 0.20626780499734837, 0.30418201948300405], [0.1347775353363666, 0.5458159992952122, 0.06527704724860467, 0.2541294181198166], [0.21362410266147017, 0.14926658220124137, 0.09864821521343152, 0.5384610999238569], [0.1476399174483955, 0.226828697561548, 0.2845800327750919, 0.3409513522149646], [0.18940238554917116, 0.2894325535774049, 0.253161110743552, 0.268003950129872], [0.33083787122558717, 0.185156961121752, 0.0871499535818237, 0.3968552140708371], [0.15909429032075834, 0.24282013902040275, 0.3218129813600433, 0.27627258929879556], [0.2686718830872187, 0.25783827749423366, 0.1251324685640271, 0.3483573708545207], [0.15001165917302522, 0.4545710917465906, 0.10881780166598515, 0.2865994474143991], [0.1541163409986111, 0.3992197855093634, 0.12787423206532939, 0.31878964142669625], [0.19170644725042668, 0.3085083995378447, 0.18987816444399422, 0.3099069887677343], [0.14233670177805074, 0.2126879515202187, 0.11537046064633309, 0.5296048860553975], [0.18633326690908206, 0.48315598870668935, 0.17660008271009464, 0.15391066167413386], [0.2479627534853157, 0.34920230225802035, 0.0842792188356531, 0.31855572542101085], [0.1636268068870656, 0.1891483702229066, 0.10572625836143941, 0.5414985645285884], [0.15534674230405052, 0.45026881561721477, 0.08314888435465347, 0.31123555772408124], [0.07654768136095684, 0.7530861949932056, 0.04560362555749589, 0.12476249808834199], [0.1977694116348979, 0.4073566514873465, 0.18406320870886872, 0.210810728168887], [0.3520999117061162, 0.3613239685231432, 0.14567851426965706, 0.14089760550108354], [0.3649477836130738, 0.29406868815841386, 0.1190648492487632, 0.22191867897974943], [0.1981683723397425, 0.3165899636606921, 0.16409402470774678, 0.32114763929181883], [0.28212138422844446, 0.1961765406038956, 0.1305989987977015, 0.39110307636995845], [0.39913241436401997, 0.2121712114211686, 0.11666322291571131, 0.27203315129910033], [0.15190134671085354, 0.34484539046380946, 0.26578510560558694, 0.23746815721975004], [0.17174933760239436, 0.5313403543550201, 0.0847331724129087, 0.21217713562967683], [0.3122642036470719, 0.19546960743233455, 0.13662307861338463, 0.35564311030720913], [0.30964720879210117, 0.25247466141475455, 0.17943585744293702, 0.2584422723502071], [0.15601020349538353, 0.40664637025791867, 0.1251437701796314, 0.3121996560670664], [0.1746836481994895, 0.5229365128256024, 0.10802737878068376, 0.19435246019422428], [0.3574264403702212, 0.31352226843492376, 0.12761704803940466, 0.20143424315545058], [0.3936648557709105, 0.2291954913844771, 0.11489115683228833, 0.262248496012324], [0.20568701458501254, 0.36953910290909264, 0.24106823479295061, 0.18370564771294431], [0.416170257893537, 0.1845371343765712, 0.12861743543158857, 0.27067517229830335], [0.2974357567551815, 0.1780689224189593, 0.3090554605755646, 0.21543986025029468], [0.1371613754575604, 0.3009213013945646, 0.12002088633857402, 0.4418964368093011], [0.11803522501060534, 0.2432574293308776, 0.2375938384851497, 0.4011135071733674], [0.3977108756774722, 0.2154067827682405, 0.12102612135577107, 0.26585622019851624], [0.15449000364496818, 0.20282607172340222, 0.24744808693772638, 0.39523583769390325], [0.2618152063449836, 0.21914754236387174, 0.13615047602568658, 0.3828867752654581], [0.2938634816832251, 0.18924643118032555, 0.08100156241173176, 0.4358885247247177], [0.3159341308722743, 0.25657472574526563, 0.23810399031843782, 0.1893871530640224], [0.21926636129578356, 0.20794823646508342, 0.384296947912554, 0.18848845432657912], [0.21492326693933128, 0.2744641267983249, 0.15211140653946792, 0.3585011997228761], [0.39306131604562516, 0.1336188239437887, 0.09333546915752176, 0.37998439085306446], [0.4268393631555457, 0.3004780292670498, 0.1047526539307651, 0.16792995364663932], [0.13410665281349063, 0.33797877039665625, 0.26703681045147043, 0.26087776633838267], [0.18601527168871035, 0.3433156139049017, 0.24095448827624902, 0.22971462613013902], [0.2379359981702235, 0.28332480606536237, 0.17705655124592762, 0.30168264451848664], [0.2232330030108458, 0.23802024919521092, 0.12842457913061212, 0.4103221686633313], [0.21798220262652457, 0.46806785798936784, 0.1035358883953151, 0.21041405098879237], [0.4075363920445493, 0.2614220378545083, 0.11512887729627345, 0.215912692804669], [0.3376590857472743, 0.20660761129470143, 0.09221957233537759, 0.36351373062264686], [0.21875851617187644, 0.2938373145704705, 0.22570185198323311, 0.26170231727441995], [0.37635041677745495, 0.23708675518157613, 0.15251336032467896, 0.23404946771628987], [0.20495723095921614, 0.4025690700966329, 0.1248201550069844, 0.2676535439371667], [0.2974483403595389, 0.2198866780158016, 0.12464502295592465, 0.3580199586687351]]}, "rewritten": {"ids": ["97105451", "97105960", "97106000", "97106600", "97107821", "97108520", "97109080", "97112170", "97112830", "97113900", "97114170", "97116500", "97116790", "97116800", "98106560", "98107210", "98108410", "98108520", "98109090", "98109311", "98111620", "98116940", "98119591", "99108000", "99108330", "99109840", "99111000", "99112641", "99116500", "99117630", "99119830", "99120010", "100108080", "100108520", "100109360", "100109910", "100113370", "100116500", "101108500", "101108950", "101111310", "101112160", "101114020", "101116130", "101119030", "101119591", "101121640", "102109910", "102110050", "102111990", "102112030", "102114270", "102117351", "103111480", "103111830", "103113101", "103113610", "103113640", "103117200", "103120531", "104110960", "104113210", "104113550", "104114240", "104116441", "104119290", "105111990", "105113480", "105114220", "105115380", "105115570", "105116650", "105116980", "105119950", "105120280", "105121190", "106116441", "106117650", "106120640", "107113360", "107119390", "107120260", "107121700", "108113620", "108114220", "108115500", "108115870", "108119510", "108120260", "108120700", "109113281", "109114720", "109115380", "109116810", "109117150", "109118161", "110113591", "110113931", "110114651", "110116441", "110117110", "110118121", "110118450", "110119030", "110119891", "110120531", "110120640", "111114121", "111115620", "111115780", "111116040", "111118301", "111119150", "111119580", "111119950", "111120190", "111120260", "111120280", "112116290", "112116401", "112116501", "112116540", "112116810", "112116900", "112118511", "112118701", "112118820", "112119320", "112119980", "113117550", "113118111", "113118810", "113118820", "113119450", "113120280", "113121750", "113121950", "113121980", "113122160", "113122170", "113122180", "113122430"], "labels": [0, 2, 0, 3, 2, 2, 2, 0, 2, 2, 2, 2, 2, 0, 1, 1, 1, 2, 1, 1, 3, 2, 1, 2, 1, 2, 2, 1, 2, 3, 1, 2, 0, 2, 0, 2, 3, 2, 3, 2, 3, 3, 3, 2, 3, 0, 2, 2, 3, 2, 2, 3, 1, 0, 3, 3, 2, 1, 0, 3, 2, 3, 1, 0, 1, 1, 2, 0, 3, 1, 0, 1, 0, 3, 3, 2, 0, 1, 3, 0, 2, 1, 3, 3, 3, 3, 3, 1, 1, 2, 0, 0, 3, 3, 2, 0, 0, 1, 3, 3, 0, 3, 0, 0, 3, 0, 0, 0, 1, 1, 0, 3, 3, 3, 0, 3, 3, 0, 0, 0, 3, 1, 3, 3, 1, 0, 0, 1, 0, 3, 1, 3, 0, 3, 0, 0, 3, 2, 3, 1, 2, 2], "predicted_labels": [3, 0, 0, 1, 3, 1, 1, 3, 1, 0, 0, 1, 3, 0, 1, 1, 1, 1, 0, 2, 1, 3, 0, 1, 2, 1, 1, 1, 3, 1, 1, 1, 0, 3, 1, 3, 3, 3, 1, 3, 3, 0, 3, 3, 3, 0, 1, 3, 1, 0, 3, 1, 1, 1, 0, 1, 0, 1, 3, 0, 1, 0, 3, 3, 2, 1, 2, 3, 0, 1, 1, 3, 0, 0, 1, 3, 3, 1, 3, 3, 1, 1, 3, 1, 1, 3, 1, 3, 1, 1, 3, 2, 1, 3, 0, 0, 0, 0, 1, 1, 0, 1, 1, 3, 0, 0, 3, 1, 0, 1, 3, 3, 1, 0, 1, 0, 3, 1, 3, 0, 3, 0, 2, 1, 1, 1, 1, 2, 1, 1, 1, 3, 3, 1, 3, 1, 0, 0, 1, 1, 3, 1], "confidence_scores": [[0.20141300876234988, 0.2580292136415148, 0.08716322777129618, 0.4533945498248391], [0.49628693390912476, 0.17421779332025472, 0.09251739466868267, 0.23697787810193793], [0.40495449247274484, 0.24832085590557648, 0.11466898360967995, 0.23205566801199887], [0.226803591728011, 0.39067011995551665, 0.1701551549635343, 0.21237113335293809], [0.16855090085748342, 0.31316039594599804, 0.16679991684643336, 0.351488786350085], [0.30674469638202656, 0.30839807704846933, 0.15427285053117537, 0.2305843760383288], [0.17430972557501967, 0.3506607650741529, 0.2407808038621089, 0.23424870548871857], [0.22932843838292416, 0.25865984935669517, 0.21096284656627118, 0.30104886569410955], [0.2772763152248357, 0.28332894528805996, 0.19683930041643105, 0.24255543907067323], [0.3421253600460451, 0.23278259488787909, 0.15599063339102257, 0.26910141167505314], [0.3407403730661498, 0.21697368059816147, 0.1906255798626038, 0.2516603664730849], [0.26001882868422543, 0.38339752608582367, 0.1458273648883103, 0.21075628034164054], [0.2056965528168759, 0.2953990111155576, 0.19589717417119754, 0.30300726189636895], [0.47741341601575366, 0.19525678166997604, 0.17645404859927394, 0.15087575371499645], [0.09463168517018118, 0.7153488279661986, 0.06647658733329667, 0.12354289953032373], [0.10083277959741586, 0.6719534224267605, 0.08453131865426163, 0.14268247932156214], [0.231149946667933, 0.3732552253360311, 0.1976362061663987, 0.19795862182963725], [0.2641098064576561, 0.3876772831142835, 0.1530021737621775, 0.1952107366658829], [0.3464840119871542, 0.22546793380011948, 0.1370616960657317, 0.2909863581469946], [0.22903514945782383, 0.2047349465971265, 0.3010799248412657, 0.2651499791037841], [0.2639411306106588, 0.3835172251886651, 0.11759292916723177, 0.2349487150334444], [0.17880991135005336, 0.276827829052532, 0.2257679322162967, 0.3185943273811181], [0.45668070193016713, 0.1922569210191618, 0.12228223241314018, 0.22878014463753105], [0.24747462197276898, 0.34133229670417947, 0.147831714971054, 0.26336136635199753], [0.20567841998650216, 0.2705107154073767, 0.32252829047791565, 0.20128257412820555], [0.21323865089264582, 0.4056918462466523, 0.13753631624793108, 0.2435331866127709], [0.19369084364989744, 0.3478779380298479, 0.1963922253646194, 0.2620389929556352], [0.29629629134687957, 0.38950959140333946, 0.11818933831246113, 0.19600477893731982], [0.24511092182706207, 0.291881866544194, 0.16182683980421717, 0.3011803718245269], [0.2598215229771604, 0.34196463489484047, 0.1106098993852651, 0.28760394274273415], [0.26672302313531765, 0.3732293533460303, 0.14143738289850186, 0.21861024062015041], [0.3422740963359022, 0.35375848492427, 0.1252085515097076, 0.17875886723012033], [0.336480491595878, 0.23585748323162578, 0.14343692164691374, 0.28422510352558233], [0.20542442535732366, 0.19445319353702015, 0.18499926657494717, 0.41512311453070905], [0.19834950588200126, 0.3507302359809764, 0.24778109760596875, 0.20313916053105358], [0.16042761593435098, 0.2199059900164772, 0.11454291580204234, 0.5051234782471296], [0.20834888640092636, 0.2712766834176743, 0.17255592859179025, 0.34781850158960925], [0.1284508233851608, 0.2020510141849695, 0.16966302426343738, 0.4998351381664325], [0.18612997090913275, 0.3762438409789837, 0.13703137934565157, 0.30059480876623196], [0.1418583433137729, 0.2477776816544601, 0.22341564148887907, 0.38694833354288805], [0.15584109654967374, 0.23726752896879136, 0.12485928888339701, 0.4820320855981379], [0.2955733967462654, 0.2873610978798187, 0.19643709548331667, 0.22062840989059923], [0.2669629047559268, 0.18499865165106488, 0.085177646190743, 0.4628607974022655], [0.22303693639870026, 0.2387274818535519, 0.11642140002843068, 0.4218141817193173], [0.17416999571348957, 0.17070551081300517, 0.12071482125780172, 0.5344096722157036], [0.3702710107614729, 0.2820918428033902, 0.11890972645443791, 0.22872741998069906], [0.14660391731400102, 0.35696941958168166, 0.168417262876248, 0.3280094002280691], [0.22497446614470964, 0.20971775924586833, 0.26890744736728045, 0.2964003272421416], [0.1416094232883963, 0.655124955780435, 0.0774286847498313, 0.1258369361813375], [0.38734458463913296, 0.16544100271495987, 0.10752979255306885, 0.33968462009283823], [0.26619198663737365, 0.18896765945797203, 0.25143986448748123, 0.29340048941717306], [0.219890758887685, 0.3400152023682817, 0.17663212288392846, 0.26346191586010476], [0.2655931315929285, 0.3100176827004594, 0.17919922968315927, 0.245189956023453], [0.2117749594142991, 0.3718836426402716, 0.17795237747284806, 0.2383890204725813], [0.3917775591389418, 0.2430242083677151, 0.10638923154115511, 0.258809000952188], [0.22498537466616056, 0.4800227675216487, 0.10503267747764758, 0.18995918033454307], [0.34499163678029476, 0.18570489688914818, 0.179248667736071, 0.2900547985944862], [0.24714747010806343, 0.37311166099525284, 0.1311379032922334, 0.24860296560445055], [0.13628061428369165, 0.3361877645243864, 0.13868940864376425, 0.3888422125481576], [0.4159190703110779, 0.2513154197959677, 0.1257882419890864, 0.20697726790386806], [0.1238791320110332, 0.5045507424691671, 0.2278916423092046, 0.1436784832105953], [0.37374450686701977, 0.25453737390880665, 0.17775878196211042, 0.1939593372620633], [0.2118073790686329, 0.27394276190992384, 0.1853611990623704, 0.3288886599590729], [0.2538869048985275, 0.2585008443748746, 0.18258171449285185, 0.30503053623374604], [0.17388965599743558, 0.22095690714654537, 0.44409072655939574, 0.1610627102966234], [0.2770513660997839, 0.3643356046715856, 0.11266010250250758, 0.24595292672612304], [0.15369900998277866, 0.22507359689482279, 0.31957059516248687, 0.3016567979599117], [0.19141994546103913, 0.17504574320423102, 0.21104538254901054, 0.4224889287857192], [0.5217125485564261, 0.301836853313818, 0.08412589778757873, 0.09232470034217712], [0.16977977754523102, 0.40514673896221637, 0.18861918768955, 0.2364542958030026], [0.10728552061492655, 0.5044104272429127, 0.10643352710797183, 0.2818705250341891], [0.23562578400377135, 0.23557635068028945, 0.13635934448573442, 0.3924385208302048], [0.3632980217403516, 0.20882577781385334, 0.11378452738675336, 0.3140916730590416], [0.33371431872750223, 0.2968093789780096, 0.12409356648708268, 0.24538273580740558], [0.08957958159117478, 0.446305252721486, 0.09199015164993274, 0.3721250140374064], [0.22986592931675776, 0.2489207310735446, 0.19008546643481955, 0.3311278731748783], [0.148326697283495, 0.15526158879343493, 0.07447054090305084, 0.6219411730200192], [0.14593249528827298, 0.40693138609651647, 0.1528668764181931, 0.29426924219701744], [0.26899035316657904, 0.24437049280526119, 0.16515670469433294, 0.32148244933382686], [0.24290070718878473, 0.24005555648533367, 0.0832039318551606, 0.43383980447072107], [0.2644944240217786, 0.3347108266968142, 0.22066418905806523, 0.1801305602233422], [0.2584840797338336, 0.29998109182654165, 0.15247753501038563, 0.2890572934292392], [0.14212612353415785, 0.2893523070137238, 0.09001590750646114, 0.4785056619456575], [0.16706758955100573, 0.49949914672034235, 0.17249640706491565, 0.16093685666373658], [0.11392956685514807, 0.5821786131108593, 0.1263435761545457, 0.17754824387944682], [0.15823910119882822, 0.28113684156728674, 0.2149843405548008, 0.3456397166790843], [0.3168400927374081, 0.33563132539171925, 0.11067884031860112, 0.23684974155227165], [0.16558619510701966, 0.29749178535655646, 0.185645635007831, 0.35127638452859283], [0.25266526456232963, 0.4169749496030119, 0.10128492853862828, 0.2290748572960302], [0.2187161036029521, 0.3129815138324612, 0.15908552583236582, 0.309216856732221], [0.2803851467812812, 0.3026612858177257, 0.09586896682147898, 0.3210846005795141], [0.11106839982057322, 0.2440875321742891, 0.39854754663191677, 0.24629652137322092], [0.23993593803308003, 0.297695006070612, 0.19248111958346323, 0.26988793631284475], [0.1766209639611882, 0.3371409676233238, 0.1003814797135597, 0.3858565887019285], [0.507973369297167, 0.23410679709812637, 0.1253890562589142, 0.13253077734579244], [0.27504535969899263, 0.25112959744626906, 0.20932150388941703, 0.2645035389653213], [0.3683345445617235, 0.2229619726786657, 0.18460572208235862, 0.2240977606772522], [0.44928729678450663, 0.22571856396787973, 0.11037701665924175, 0.2146171225883719], [0.28096974579339584, 0.2922674015838561, 0.16813834958298787, 0.25862450303976037], [0.27363577341412687, 0.33792702721517276, 0.19806642973208605, 0.19037076963861443], [0.3940601562379257, 0.23971395508630552, 0.11354962342418866, 0.2526762652515803], [0.17654462711000204, 0.5762387320798125, 0.08213610135431391, 0.16508053945587162], [0.24196920296533603, 0.30071485605600595, 0.1571189495149322, 0.30019699146372586], [0.24974778172555823, 0.26815941453161035, 0.11253298245824753, 0.36955982128458387], [0.33378743272180283, 0.3010917248335386, 0.1689609740990017, 0.19615986834565685], [0.35303592509210163, 0.2574758405896301, 0.1549702989386529, 0.23451793537961535], [0.18610550162676207, 0.2047135785858666, 0.10750320431889883, 0.5016777154684726], [0.27417504541759713, 0.3506354699625029, 0.10039475748567404, 0.274794727134226], [0.3228137468650662, 0.2314984609303281, 0.22006639776066572, 0.22562139444394], [0.2837568965055655, 0.3043056931811864, 0.23412406284618775, 0.17781334746706032], [0.23826534793147355, 0.19993431811575968, 0.046419489440012104, 0.5153808445127547], [0.17692693918281166, 0.15018603514273318, 0.28309609370064726, 0.3897909319738079], [0.1357976447991904, 0.5053759030225287, 0.11796458557913979, 0.24086186659914122], [0.3827412358086798, 0.32041922266043554, 0.11408009930797057, 0.18275944222291401], [0.3602423954511752, 0.37247764538503897, 0.1321298700092441, 0.1351500891545417], [0.41225414824133366, 0.24252190483463965, 0.11302953251010256, 0.23219441441392416], [0.2972426536910703, 0.22587803841004375, 0.13505039931562987, 0.34182890858325615], [0.26827970029575615, 0.28694675265383107, 0.17741359624550904, 0.2673599508049038], [0.24683527094403737, 0.28359382480481776, 0.14414804308869386, 0.32542286116245095], [0.4758937121266072, 0.19403998084624186, 0.1176800639148596, 0.2123862431122914], [0.25948528779514407, 0.27876190422513136, 0.09719291273622462, 0.3645598952435], [0.4214280967126565, 0.24632576786500465, 0.14031002288940944, 0.1919361125329294], [0.220937444334079, 0.21903161781696928, 0.4079313803947942, 0.1520995574541575], [0.19683713432654332, 0.39510395245162205, 0.14517197238544471, 0.2628869408363899], [0.2809497561808165, 0.3250900116087284, 0.13851713630136972, 0.2554430959090853], [0.3111453743510561, 0.33886383916700236, 0.12915555709840268, 0.22083522938353883], [0.1898372467714992, 0.298800411682142, 0.252470289266849, 0.2588920522795099], [0.27239737321666146, 0.26197740941332004, 0.2894606352838367, 0.17616458208618183], [0.18370281594962456, 0.30204417489479257, 0.2208227518689554, 0.2934302572866274], [0.1454297371060112, 0.610994314898812, 0.13019011337393827, 0.11338583462123847], [0.28939031402816057, 0.29364297457733174, 0.1997111671304277, 0.21725554426407986], [0.1572635174096155, 0.28349846427730574, 0.18436171958566885, 0.3748762987274101], [0.26889399421424964, 0.2511079275529953, 0.1229119393943476, 0.35708613883840745], [0.2153565630749212, 0.4952598781039799, 0.10630850526212221, 0.18307505355897669], [0.24136899511629342, 0.1893848767630916, 0.08259059169318761, 0.48665553642742765], [0.19802633200249445, 0.5427551386958057, 0.11226033647555558, 0.14695819282614428], [0.33734675433089706, 0.19471257065999126, 0.21589900662493075, 0.2520416683841809], [0.44477069645581124, 0.2668906420624115, 0.10745249009580228, 0.1808861713859751], [0.23444916278087954, 0.5085200162854444, 0.08714425366561764, 0.16988656726805854], [0.1353604357757014, 0.5475876668162882, 0.114208598533913, 0.20284329887409733], [0.18427938529001597, 0.24268938779806076, 0.0769632977933043, 0.4960679291186189], [0.20683079635200025, 0.4860503765605203, 0.09917039312543122, 0.20794843396204823]]}}