{"test": {"ids": ["110114651", "99108010", "108115570", "109117271", "111121190", "107112850", "102116500", "107119390", "108118630", "106118161", "110114321", "100109910", "99110050", "105119550", "110115980", "108121410", "101119030", "110117080", "104113550", "104111711", "104111531", "101111990", "111121351", "113121220", "113119300", "113119360", "105113260", "113119930", "105115680", "112120670", "106113260", "110119891", "113118870", "110114920", "107121540", "107116980", "103113210", "108114040", "103110220", "109118701", "107113550", "108120280", "110113591", "109117730", "100109980", "100108260", "105112240", "111117480", "106114321", "99108080", "105118740", "112116290", "108119510", "98108970", "108117720", "113121410", "104112470", "106115240", "112118880", "106121190", "110117110", "113119320", "103111540", "98108580", "101108460", "108120060", "100116500", "106114280", "107114780", "112118620", "100108490", "106116820", "109119450", "106118820", "106119580", "111116990", "103110840", "107117010", "99112840", "110121170", "101108580", "105115380", "110118450", "103117200", "100109890", "111115620", "103111990", "101109370", "105113210", "113121950", "111118810", "111120280", "101112540", "113121810", "113119700", "110119300", "100107920", "101112690", "107114621", "111115780", "97109570", "99107950", "101116130", "110118111", "111116640", "103120531", "105121370", "105120280", "105114220", "106116441", "111116290", "98107340", "110115120", "113120531", "110119030", "113122190", "97106000", "109116040", "97105580", "99109311", "100109360", "107112840", "102109910", "112120990", "101117580", "108115880", "101119591", "107117630", "97109080", "102112170", "112119950", "101112160", "106116850", "105120621", "108113480", "102110500", "97106970", "101108121", "113118810", "104114410", "113118490", "109115211"], "labels": [3, 2, 3, 0, 1, 1, 1, 2, 1, 3, 1, 2, 3, 1, 1, 0, 3, 1, 1, 1, 0, 2, 0, 3, 1, 0, 3, 1, 2, 2, 3, 3, 0, 3, 2, 3, 3, 0, 2, 3, 0, 3, 0, 3, 1, 3, 1, 1, 2, 3, 1, 0, 1, 3, 1, 0, 1, 1, 1, 2, 0, 1, 1, 0, 0, 1, 2, 3, 2, 3, 2, 1, 3, 3, 3, 0, 1, 1, 2, 2, 0, 1, 0, 0, 3, 1, 2, 1, 3, 3, 0, 0, 2, 2, 0, 1, 0, 1, 0, 1, 0, 1, 2, 1, 0, 3, 2, 3, 3, 0, 2, 0, 0, 0, 0, 1, 0, 0, 1, 1, 0, 1, 2, 2, 3, 3, 0, 0, 2, 3, 0, 3, 3, 1, 0, 3, 2, 0, 3, 1, 1, 0], "predicted_labels": [2, 1, 2, 3, 2, 1, 0, 1, 3, 1, 3, 2, 3, 1, 3, 1, 0, 3, 0, 0, 2, 2, 0, 3, 3, 0, 1, 3, 1, 1, 1, 0, 3, 1, 3, 3, 3, 2, 3, 1, 3, 3, 3, 2, 2, 3, 1, 0, 3, 0, 3, 3, 1, 1, 3, 0, 3, 0, 1, 0, 1, 3, 0, 2, 1, 2, 1, 1, 2, 3, 0, 1, 2, 2, 2, 3, 1, 3, 3, 3, 0, 3, 0, 1, 3, 3, 3, 2, 1, 3, 1, 3, 1, 1, 0, 1, 1, 3, 3, 3, 0, 2, 0, 3, 2, 1, 1, 3, 0, 3, 2, 1, 0, 3, 3, 2, 2, 2, 1, 1, 2, 1, 0, 1, 3, 3, 3, 1, 2, 0, 0, 1, 2, 0, 3, 3, 1, 0, 3, 3, 3, 3], "confidence_scores": [[0.034392939660514085, 0.18977351651093724, 0.3952950091337778, 0.38053853469477095], [0.2874677451131282, 0.3818061653892518, 0.28436882182310624, 0.0463572676745137], [0.0063928802561183, 0.001510429510840045, 0.9375323984574746, 0.05456429177556711], [0.07708078698141667, 0.009233921766011795, 0.0005407103795389854, 0.9131445808730325], [0.4055568260215446, 0.016739289111364616, 0.41583488891670956, 0.1618689959503812], [0.04696411746275604, 0.6514775354937895, 0.1836065432862557, 0.11795180375719876], [0.7642249205439114, 0.023968250140599064, 0.20217286901932766, 0.009633960296161767], [0.007747223096724731, 0.9060899085743094, 0.04929812513941674, 0.03686474318954918], [0.15996227202547764, 0.07448587327968033, 0.07964885622912217, 0.6859029984657199], [0.03125418253797159, 0.9117538522640956, 0.015380366357725118, 0.04161159884020783], [0.16835948703772224, 0.3229086651256922, 0.02433328248105674, 0.48439856535552883], [0.0952575926931919, 0.009048161427777182, 0.7483169298137757, 0.14737731606525506], [0.1414664437518808, 0.2176819330180387, 0.1566770111792418, 0.4841746120508386], [0.06433502099308375, 0.7480895844546716, 0.13571122237259328, 0.05186417217965151], [0.012063353245751474, 0.029002202553023115, 0.010372266247204331, 0.9485621779540211], [0.09506111019985447, 0.5106387843140654, 0.012912639189442139, 0.38138746629663794], [0.5112118232982595, 0.24481453512371013, 0.07348706777984783, 0.17048657379818244], [0.05459079027745725, 0.19009255892324445, 0.02669404199828258, 0.7286226088010157], [0.47469177105882415, 0.11215338835482418, 0.04061503536187617, 0.3725398052244754], [0.7649236799334109, 0.08846692439042668, 0.09423248724651394, 0.05237690842964832], [0.01085646430843495, 0.4189684118883789, 0.5587270130765261, 0.011448110726660058], [0.0885090453205849, 0.16426847022370547, 0.47377833081356224, 0.27344415364214747], [0.9963194311327469, 0.002564880840114017, 0.00043183390999063857, 0.0006838541171484906], [0.3209732727480129, 0.17799733767588874, 0.04022214844060854, 0.4608072411354898], [0.006425266482801757, 0.16237247200511828, 0.0056076115649368544, 0.8255946499471432], [0.5707907581988265, 0.13159865523607764, 0.04188657929229729, 0.2557240072727984], [0.025556326987225403, 0.9318973236756204, 0.010373348201437817, 0.03217300113571632], [0.010574973954034986, 0.01362482282960533, 0.03671647182423214, 0.9390837313921276], [0.0006178249975746986, 0.7911464666715861, 0.03821591302724895, 0.17001979530359018], [0.015242035278145723, 0.534652461104423, 0.07095484483013899, 0.37915065878729226], [0.03487716927265258, 0.8018018798296876, 0.0294737426260226, 0.1338472082716372], [0.7469201312432683, 0.1469379986925035, 0.011727985765189686, 0.09441388429903859], [0.013504528820298888, 0.4529685921597004, 0.03341602134091517, 0.5001108576790855], [0.35085560192604576, 0.6159536541214249, 0.002418518242747435, 0.030772225709781942], [0.0012166477864641535, 0.0036088605195602292, 0.011723122669987493, 0.9834513690239881], [0.16590670180472147, 0.1858107719597902, 0.031142843296237455, 0.6171396829392508], [0.11939006487764801, 0.08373442845084315, 0.15601678766009194, 0.6408587190114169], [0.0845979744541953, 0.3046787114954835, 0.5704834258425309, 0.040239888207790404], [0.053312299648324527, 0.30820412168179384, 0.11453135099663007, 0.5239522276732516], [0.1343103528087552, 0.8564445170710373, 0.006954550673055868, 0.002290579447151485], [0.018273879983138917, 0.0009579758880476069, 0.002969708485164974, 0.9777984356436485], [0.3031239538300863, 0.014469753236484369, 0.004523567824579382, 0.67788272510885], [0.019842213521203484, 0.04232478176055827, 0.024344013708720774, 0.9134889910095175], [0.04348344719734616, 0.2673906151438475, 0.5524690730123645, 0.13665686464644194], [0.08584468186656434, 0.10433009389439385, 0.752039965809349, 0.05778525842969301], [0.000948038751678198, 0.00389818809825493, 0.0006488034502650844, 0.9945049696998017], [0.0014706969987773582, 0.6720714582646913, 0.19031256276303124, 0.13614528197350015], [0.5419393384817818, 0.0812618944586356, 0.014244085223655112, 0.3625546818359274], [0.34046679891789844, 0.004638380924853106, 0.007520034015315063, 0.6473747861419334], [0.6554845292386767, 0.2568962344734526, 0.003308441981662077, 0.08431079430620869], [0.04489083093494871, 0.23169547660124987, 0.17141084886370764, 0.5520028436000938], [0.0007377284974503556, 0.036684322841864306, 0.0020753377920203313, 0.960502610868665], [0.17640582755399623, 0.8091241791588497, 0.006989802582404592, 0.007480190704749582], [0.06031262419528509, 0.7271145324550735, 0.013295115565463412, 0.19927772778417788], [0.26410169254862176, 0.004454041456618325, 0.014137556883826076, 0.7173067091109339], [0.70124681659382, 0.006237407588820528, 0.005142982757392678, 0.2873727930599669], [0.205838811286434, 0.04049858523649108, 0.21231813899976706, 0.5413444644773079], [0.8968801182092537, 0.03488899421182553, 0.002332281387293057, 0.06589860619162767], [0.005481172988146123, 0.9530742785311366, 0.01712848593975984, 0.024316062540957507], [0.9360575279858045, 0.002465722807667976, 0.0029134295249050833, 0.058563319681622185], [0.3933180874009251, 0.519062539882241, 0.02206450700112409, 0.06555486571570977], [0.08610908186068075, 0.018111675084528357, 0.03776516342834704, 0.8580140796264439], [0.34633779524912717, 0.16159363759235054, 0.14695071170440557, 0.3451178554541167], [0.01674889669174756, 0.11932501986098386, 0.5961171567237439, 0.26780892672352474], [0.029471361592721113, 0.8838044615554813, 0.01948242160939592, 0.06724175524240157], [0.020823336426558148, 0.09277668106007601, 0.8834456019635315, 0.002954380549834221], [0.14273899456030442, 0.3383720234479273, 0.2085964909754216, 0.31029249101634676], [0.04245679375112896, 0.835967106297996, 0.04208991020317089, 0.07948618974770413], [0.0010542184485327153, 0.2827661273452765, 0.4758745494523234, 0.24030510475386738], [0.45150084350381803, 0.012092130285813504, 0.047039186873559034, 0.4893678393368094], [0.9044825790573453, 0.044529213325394223, 0.020877220206856385, 0.03011098741040402], [0.023968614223866945, 0.8238457059926237, 0.07939470270735072, 0.07279097707615859], [0.09715804583104694, 0.021760893043830908, 0.6561433061826502, 0.22493775494247203], [0.3576130801247874, 0.05078910409989995, 0.3768466730208099, 0.21475114275450272], [0.014671671313676925, 0.018968403495408688, 0.9653348943913634, 0.0010250307995510217], [0.41335559327007526, 0.006665738598416049, 0.009205334950993134, 0.5707733331805155], [0.07262318853608146, 0.38419154009825884, 0.16007538120290812, 0.3831098901627515], [0.004681435534521803, 0.04121633669745917, 0.0034245226339430727, 0.9506777051340759], [0.06702109775423888, 0.42257827233321044, 0.0656426795020509, 0.4447579504104997], [0.019460761901973933, 0.008176897572462408, 0.18431995361775338, 0.7880423869078103], [0.9556802956793418, 0.015474645823556192, 0.009540899616184043, 0.01930415888091814], [0.0015483784335098736, 0.007396518158466437, 0.02645739213373711, 0.9645977112742866], [0.30883197046152017, 0.2692071058948776, 0.21330991053325413, 0.20865101311034803], [0.04522284684276915, 0.9290061379619695, 0.006446114779604147, 0.019324900415657164], [0.0811998644782832, 0.07194796882836021, 0.07081909643149471, 0.7760330702618619], [0.007718184067733679, 0.004336537822464224, 0.14509927770692446, 0.8428460004028776], [0.0033954845820226595, 0.37403523863372673, 0.017474284045291184, 0.6050949927389594], [0.05836644928912299, 0.22193877450616886, 0.6153056547610692, 0.1043891214436389], [0.06910255147805613, 0.6252687823296436, 0.018233945892777687, 0.2873947202995227], [0.1718138040603306, 0.04403978496586678, 0.16781282410722342, 0.6163335868665792], [0.18195385027670982, 0.6335178408707157, 0.12111001122779459, 0.06341829762477987], [0.009051745098932926, 0.06895444095194307, 0.07595932323925142, 0.8460344907098726], [0.015698661682851833, 0.7222388301896759, 0.2185094296907675, 0.04355307843670463], [0.0074891590171101505, 0.8392249613731156, 0.14916114724753374, 0.0041247323622406245], [0.4242987148630863, 0.32165562251489105, 0.23497499601382668, 0.019070666608195966], [0.00313207105415024, 0.924691593324871, 0.06852007620997339, 0.0036562594110052878], [0.10578313578798601, 0.8059292322904026, 0.000626045912643286, 0.08766158600896805], [0.02000583791915751, 0.08776273116698818, 0.20968182807675295, 0.6825496028371013], [0.42559838677985834, 0.005586285711864524, 0.0008281621257657568, 0.5679871653825114], [0.18348207602246458, 0.1529063071098925, 0.2781843654900294, 0.3854272513776136], [0.46857185342758023, 0.07203419703265453, 0.22088722042252162, 0.23850672911724352], [0.0028991609053134106, 0.009589407560709317, 0.9150752716387401, 0.07243615989523712], [0.3396058919957915, 0.15324726248783896, 0.33243256253596176, 0.17471428298040775], [0.03776788027754529, 0.07361630747528962, 0.018482309566063015, 0.8701335026811021], [0.1481404262832843, 0.19537954598012136, 0.5189162662108644, 0.13756376152572988], [0.10371137493730218, 0.8080966970029567, 0.048353455033330786, 0.039838473026410234], [0.009716900869010045, 0.48584476373979313, 0.06469663906957372, 0.43974169632162313], [0.3456168490150615, 0.033573934501945735, 0.12342321388390297, 0.4973860025990898], [0.7405175148250004, 0.07473513278039431, 0.16058300353879296, 0.024164348855812354], [0.14244716999378493, 0.008457880061639922, 0.016900343778958816, 0.8321946061656162], [0.19907819501773552, 0.06369435381608157, 0.5482865752805947, 0.18894087588558828], [0.24574336023042678, 0.6368163468722047, 0.11043271675876211, 0.0070075761386065695], [0.4851109937050131, 0.25143691456831513, 0.0920771700046588, 0.1713749217220129], [0.050869946024598565, 0.014089994657749318, 0.010986981136052532, 0.9240530781815995], [0.012066909256365483, 0.0029740977366134068, 0.0012641818641307007, 0.9836948111428904], [0.024444755265668264, 0.37778709131953797, 0.38549281308863, 0.21227534032616382], [0.09812029359430119, 0.23931230079037114, 0.5783448979518433, 0.08422250766348437], [0.4197410284651558, 0.0008471879259263543, 0.4557882906857637, 0.12362349292315415], [0.0028736401335944036, 0.8958664757162094, 0.004288724526482551, 0.09697115962371394], [0.013273485435883622, 0.982591055051248, 0.0021303150613008865, 0.0020051444515674084], [0.06455108494023748, 0.030394695639521113, 0.6924147210414399, 0.21263949837880153], [0.3392216572795302, 0.45335088520437006, 0.059791730808998356, 0.14763572670710148], [0.9511087355302748, 0.0028934832329475706, 0.015649977279379744, 0.030347803957398004], [0.005673846367917244, 0.9473884879424269, 0.0022519127305131374, 0.04468575295914251], [0.0394065629562784, 0.08890798162309879, 0.01106600914910461, 0.8606194462715182], [0.025746917128187018, 0.023114767894021154, 0.01464366779816721, 0.9364946471796245], [0.051143990041218196, 0.09305860904900447, 0.03055219214038021, 0.8252452087693971], [0.19102967104417823, 0.6801704846149582, 0.047902782559685914, 0.08089706178117757], [0.17252130217562636, 0.055278971668636705, 0.7039412487528176, 0.06825847740291942], [0.9211189012824847, 0.026000478582766193, 0.029597105414162224, 0.023283514720586766], [0.5799395875592955, 0.014478015264518513, 0.048211169010548324, 0.3573712281656376], [0.0531088331117566, 0.9303901739324748, 0.006669639551308994, 0.009831353404459387], [0.1138429127814811, 0.011282457475241897, 0.8647138379054912, 0.010160791837785893], [0.7794752273777408, 0.005362005938536312, 0.0004964046745661487, 0.21466636200915662], [8.121195750172601e-05, 0.021748059757836655, 0.0048365984529375435, 0.9733341298317242], [0.24438443403854698, 0.008600446740748014, 0.14115188764236938, 0.6058632315783355], [0.019593065401256105, 0.48335830246365385, 0.06038860398329502, 0.43666002815179505], [0.3925890061459372, 0.3119216431538085, 0.007319146909935215, 0.28817020379031916], [0.006911995393516917, 0.361419372670337, 0.031726381597931806, 0.5999422503382144], [0.015156782357659245, 0.03940788264250246, 0.0004786975782482313, 0.9449566374215901], [0.009606895745497302, 0.007697059225564364, 0.008191310882329453, 0.9745047341466088], [0.34413400189278426, 0.19502186200231098, 0.03083863114833884, 0.430005504956566]]}, "rewritten": {"ids": ["97105580", "97106000", "97106970", "97109080", "97109570", "98107340", "98108580", "98108970", "99107950", "99108010", "99108080", "99109311", "99110050", "99112840", "100107920", "100108260", "100108490", "100109360", "100109890", "100109910", "100109980", "100116500", "101108121", "101108460", "101108580", "101109370", "101111990", "101112160", "101112540", "101112690", "101116130", "101117580", "101119030", "101119591", "102109910", "102110500", "102112170", "102116500", "103110220", "103110840", "103111540", "103111990", "103113210", "103117200", "103120531", "104111531", "104111711", "104112470", "104113550", "104114410", "105112240", "105113210", "105113260", "105114220", "105115380", "105115680", "105118740", "105119550", "105120280", "105120621", "105121370", "106113260", "106114280", "106114321", "106115240", "106116441", "106116820", "106116850", "106118161", "106118820", "106119580", "106121190", "107112840", "107112850", "107113550", "107114621", "107114780", "107116980", "107117010", "107117630", "107119390", "107121540", "108113480", "108114040", "108115570", "108115880", "108117720", "108118630", "108119510", "108120060", "108120280", "108121410", "109115211", "109116040", "109117271", "109117730", "109118701", "109119450", "110113591", "110114321", "110114651", "110114920", "110115120", "110115980", "110117080", "110117110", "110118111", "110118450", "110119030", "110119300", "110119891", "110121170", "111115620", "111115780", "111116290", "111116640", "111116990", "111117480", "111118810", "111120280", "111121190", "111121351", "112116290", "112118620", "112118880", "112119950", "112120670", "112120990", "113118490", "113118810", "113118870", "113119300", "113119320", "113119360", "113119700", "113119930", "113120531", "113121220", "113121410", "113121810", "113121950", "113122190"], "labels": [1, 0, 2, 2, 0, 0, 0, 3, 1, 2, 3, 1, 3, 2, 0, 3, 2, 0, 3, 2, 1, 2, 0, 0, 0, 1, 2, 3, 2, 1, 2, 3, 3, 0, 2, 3, 3, 1, 2, 1, 1, 2, 3, 0, 3, 0, 1, 1, 1, 1, 1, 3, 3, 3, 1, 2, 1, 1, 3, 1, 2, 3, 3, 2, 1, 0, 1, 3, 3, 3, 3, 2, 1, 1, 0, 0, 2, 3, 1, 0, 2, 2, 0, 0, 3, 3, 1, 1, 1, 1, 3, 0, 0, 0, 0, 3, 3, 3, 0, 1, 3, 3, 0, 1, 1, 0, 1, 0, 0, 1, 3, 2, 1, 1, 2, 0, 0, 1, 0, 0, 1, 0, 0, 3, 1, 0, 2, 2, 1, 3, 0, 1, 1, 0, 0, 1, 0, 3, 0, 2, 3, 1], "predicted_labels": [1, 0, 1, 0, 1, 1, 1, 1, 1, 1, 0, 1, 1, 1, 1, 3, 0, 2, 1, 1, 1, 2, 0, 1, 0, 2, 1, 1, 1, 1, 1, 1, 1, 0, 2, 0, 0, 1, 1, 1, 1, 1, 3, 1, 1, 2, 1, 1, 0, 1, 1, 3, 0, 0, 1, 1, 0, 3, 1, 0, 1, 1, 0, 0, 1, 1, 1, 2, 1, 1, 1, 0, 1, 1, 3, 0, 2, 1, 3, 1, 1, 1, 1, 0, 2, 3, 3, 3, 1, 1, 3, 1, 1, 1, 3, 1, 1, 1, 1, 3, 3, 0, 0, 3, 3, 1, 1, 0, 3, 1, 0, 1, 3, 0, 0, 1, 0, 1, 0, 1, 1, 0, 1, 0, 1, 0, 1, 1, 3, 1, 1, 0, 0, 1, 0, 3, 0, 3, 0, 1, 1, 1], "confidence_scores": [[0.13909662689877839, 0.8411139046516103, 0.00781581320420552, 0.011973655245405754], [0.4653610609673577, 0.35837590895968385, 0.11916293763247007, 0.057100092440488366], [0.00872260320438798, 0.8277037606083696, 0.006897929455502776, 0.15667570673173956], [0.4397648038542512, 0.13028379020171288, 0.19133977199557356, 0.2386116339484625], [0.2796266723559499, 0.4363908058757025, 0.187722861176292, 0.09625966059205546], [0.07703691884095573, 0.8668485693767696, 0.053763526851365644, 0.0023509849309091475], [0.02959490802619773, 0.7975962258335865, 0.04193418992562558, 0.13087467621459004], [0.005953080598187393, 0.9820089588532407, 0.00816018468233868, 0.0038777758662333042], [0.15929688304884074, 0.6097864767648005, 0.07255743672626308, 0.15835920346009563], [0.06712576687422121, 0.7535010568093365, 0.024002332528194757, 0.15537084378824734], [0.7071870987299089, 0.2196055155867244, 0.014975049563442555, 0.05823233611992418], [0.06222617409175561, 0.9128905369627908, 0.018985633553228087, 0.005897655392225435], [0.04620808985580353, 0.7249970737914531, 0.02182074129190277, 0.20697409506084047], [0.42244697421333316, 0.4884151996359592, 0.04121019831165665, 0.04792762783905118], [0.14192113971629972, 0.8359548908131126, 0.001072888442811297, 0.021051081027776315], [0.08908909877653133, 0.16569041742450835, 0.03496929103233867, 0.7102511927666216], [0.6591879709609886, 0.2936617789252061, 0.034040582556891935, 0.013109667556913441], [0.2449909553822311, 0.0815265818762917, 0.41115116665196827, 0.26233129608950906], [0.09691835117632254, 0.5108295775777536, 0.020431418918344893, 0.3718206523275789], [0.23929999737515306, 0.4949395265516948, 0.10135353761167579, 0.16440693846147642], [0.16261795585810723, 0.6986417637517768, 0.10592615618456319, 0.032814124205552755], [0.04329410995676381, 0.05501998695803192, 0.7715888647796508, 0.13009703830555341], [0.8943398389565353, 0.050640590002064875, 0.04024259652498256, 0.014776974516417157], [0.21220830150867512, 0.57173707296896, 0.0460570852354542, 0.16999754028691066], [0.9470997365710939, 0.025146849063861505, 0.013400744821357955, 0.014352669543686716], [0.08329743275364009, 0.0727488758780209, 0.6804071459045326, 0.16354654546380654], [0.3077394829590989, 0.5690012844392537, 0.04614561489870259, 0.07711361770294482], [0.025122190841100234, 0.9567750716818415, 0.012209141151503709, 0.005893596325554418], [0.026345267717342854, 0.8963086648270289, 0.023383271772228827, 0.05396279568339943], [0.034160877055662384, 0.8998198433170568, 0.022878481710173277, 0.043140797917107676], [0.0955034363156804, 0.38205889289784445, 0.26195879179021553, 0.26047887899625954], [0.12341665236385231, 0.7355077828815216, 0.005792974778640733, 0.13528258997598527], [0.1488218412993516, 0.8179926733397263, 0.005705695156183579, 0.02747979020473857], [0.38862709890148933, 0.13593127334763253, 0.16855747984172284, 0.30688414790915536], [0.28752930576834845, 0.07692852107371476, 0.3868811758570115, 0.24866099730092542], [0.5196120217694057, 0.01052016948697034, 0.11074298065822571, 0.3591248280853982], [0.4548926173896309, 0.30455334539215806, 0.04730651556166568, 0.19324752165654527], [0.30969941421916536, 0.3531640964449576, 0.24623985469157997, 0.09089663464429702], [0.11641914132571803, 0.6047598138812998, 0.12044305476923553, 0.15837799002374664], [0.013017915201418949, 0.8174176537513518, 0.06914480356419737, 0.10041962748303189], [0.4145799261270684, 0.5252476993370679, 0.04015847461217227, 0.02001389992369142], [0.12299398647495284, 0.5566368150004078, 0.1260975566766898, 0.19427164184794965], [0.09659299576593063, 0.2279111061268655, 0.17351800953943045, 0.5019778885677734], [0.0935596564423205, 0.874520236693154, 0.008754469792758124, 0.023165637071767355], [0.13627144234902833, 0.8043491599834831, 0.019775252841916797, 0.039604144825571945], [0.1981596825039266, 0.13408223274996753, 0.48909984614196206, 0.17865823860414376], [0.2732557160713459, 0.47016867521831596, 0.2362111750932891, 0.020364433617048865], [0.2061133426905002, 0.440785753914266, 0.20871348239284546, 0.1443874210023883], [0.899767130699048, 0.01395488005685924, 0.0018066167065328746, 0.08447137253756], [0.025150338980341184, 0.9536821083038718, 0.009213093814323284, 0.011954458901463983], [0.07505689976247723, 0.6766782900544644, 0.15647796396585772, 0.09178684621720051], [0.20269925481195722, 0.1310523194222711, 0.011019123180866949, 0.6552293025849047], [0.47037781025088693, 0.46228836610034024, 0.029449700280114403, 0.037884123368658415], [0.9393428647434051, 0.0023043445452649264, 0.022465047209474235, 0.03588774350185556], [0.001966704549501508, 0.862966233415949, 0.0235038814945613, 0.11156318053998825], [0.06515856647576844, 0.5634511300872241, 0.055770358934367194, 0.3156199445026403], [0.3907153567351156, 0.37684181832273034, 0.16311409225804221, 0.06932873268411195], [0.0049386490887536015, 0.31269994983800387, 0.19610391724438822, 0.4862574838288544], [0.19622918039987378, 0.7777885814726512, 0.021612181082187487, 0.004370057045287583], [0.7777050699588867, 0.1962918492513955, 0.0014584572561221365, 0.0245446235335957], [0.024796942160822122, 0.90829053588616, 0.056586136501564854, 0.01032638545145291], [0.049960052062143684, 0.683365265718017, 0.25853562002599506, 0.008139062193844289], [0.5039285464254438, 0.02913294116685052, 0.06282851780658083, 0.40410999460112484], [0.5045847184108837, 0.2760692415319859, 0.03697338163496243, 0.18237265842216785], [0.11342194555276712, 0.8188639740241543, 0.037600184100843155, 0.030113896322235417], [0.30136840950914784, 0.6798229305227433, 0.007120083810681915, 0.01168857615742689], [0.027880291473264388, 0.844817746156356, 0.07484008083658426, 0.05246188153379537], [0.038275635136745034, 0.16529010190394167, 0.7957451837211066, 0.0006890792382066677], [0.10778199880424881, 0.6993039177468139, 0.07663224640270182, 0.11628183704623543], [0.04970878961714362, 0.8972366865087955, 0.026696033657676844, 0.02635849021638391], [0.18164431527625194, 0.703574432073653, 0.0809249268179606, 0.03385632583213439], [0.6427679475875836, 0.09895932693564018, 0.12567078310001234, 0.1326019423767638], [0.012952513219869245, 0.9244230693961563, 0.020459286718640907, 0.04216513066533342], [0.26732758123960654, 0.5612216368450543, 0.07479207246801764, 0.09665870944732145], [0.23785284266046883, 0.18560777331933478, 0.06639009455177446, 0.510149289468422], [0.7640483049102198, 0.12244468354337397, 0.0005386029629003831, 0.11296840858350567], [0.0175914055539033, 0.3869988666497806, 0.42479462949139213, 0.17061509830492397], [0.41005097193714346, 0.43646852543113573, 0.010801961756609434, 0.14267854087511125], [0.06330934491351914, 0.16292192374726672, 0.1165010408434494, 0.6572676904957648], [0.20589786952491282, 0.7539400423659534, 0.030830132682636246, 0.00933195542649759], [0.026353575587522982, 0.4881023282729553, 0.020661078545619, 0.46488301759390277], [0.010425770344941068, 0.3958880120289325, 0.35628361029342326, 0.23740260733270332], [0.09406878543001244, 0.7602192664877919, 0.05179487624110325, 0.09391707184109233], [0.9049184247108066, 0.053331023024014476, 0.007999637826508218, 0.03375091443867063], [0.044254581558461376, 0.10448949898888152, 0.7556483157921848, 0.09560760366047238], [0.1653639702989953, 0.13157001335487906, 0.0392550864378952, 0.6638109299082304], [0.26479050250587427, 0.02492711529015218, 0.02689394630646795, 0.6833884358975056], [0.11520017233047436, 0.05769033026756274, 0.07849811457412803, 0.7486113828278349], [0.004126258675803537, 0.9572799270634936, 0.036443343619036284, 0.0021504706416664125], [0.18913285235877747, 0.6916954516565889, 0.056532985013088365, 0.06263871097154534], [0.04883404659111093, 0.39288995829022055, 0.04660665641289571, 0.5116693387057728], [0.01298512487312009, 0.9209020442101665, 0.009900895819086814, 0.05621193509762673], [0.25010386615489255, 0.4075244099942918, 0.014092259935997685, 0.32827946391481794], [0.12017076901162584, 0.42565322862124866, 0.20745435246348756, 0.24672164990363796], [0.13393020323011282, 0.13464060257316743, 0.02032085607575301, 0.7111083381209669], [0.1663324431522311, 0.5345173428262937, 0.06311612653680743, 0.23603408748466773], [0.004148841538455104, 0.9821116742874928, 0.010193967719826637, 0.0035455164542255203], [0.30708590876276876, 0.5401884745127834, 0.056432664669710135, 0.09629295205473784], [0.023055125001638865, 0.9033745599370188, 0.010806251731676944, 0.06276406332966533], [0.3313269737249193, 0.1340673227885942, 0.007037115287508154, 0.5275685881989783], [0.03503432340690656, 0.17733451612746942, 0.0752787268032675, 0.7123524336623566], [0.6187810227957815, 0.36980005914620306, 0.0009351579681884465, 0.010483760089826944], [0.6967480409117265, 0.2481140979029832, 0.032740038124406415, 0.022397823060883993], [0.0865646460769208, 0.10030852074318088, 0.024843954421671807, 0.7882828787582266], [0.01723675780965245, 0.2607431026270337, 0.05380881197367872, 0.6682113275896352], [0.30244074685482986, 0.6600036878516972, 0.007970181687187005, 0.029585383606286146], [0.036365041353942175, 0.6702420669916428, 0.0729880028564196, 0.22040488879799536], [0.5392834516810401, 0.10661146238025013, 0.28266128957166364, 0.07144379636704606], [0.19539713768705005, 0.17495269963253723, 0.016801249278377117, 0.6128489134020356], [0.022514566976230894, 0.9109029443996831, 0.0387351624427145, 0.02784732618137153], [0.48364644196076695, 0.44956325471207165, 0.006723515168652405, 0.06006678815850892], [0.16978346024792995, 0.687070515002584, 0.04615316382743866, 0.09699286092204745], [0.2555979604969066, 0.3326339971614104, 0.013152282552150276, 0.3986157597895328], [0.5195004739188974, 0.4475151326677949, 0.01618504757157324, 0.016799345841734283], [0.6587558615239051, 0.06705125652228214, 0.20143100124138585, 0.07276188071242683], [0.11000983417503332, 0.842373932064012, 0.010574994076381702, 0.037041239684572895], [0.4580683178390034, 0.32626160944650706, 0.036823378297561105, 0.1788466944169285], [0.30073214309874, 0.6148389438936179, 0.02148888260990472, 0.06294003039773734], [0.636080183171926, 0.35021113776994595, 0.009489082606452169, 0.004219596451675917], [0.0959415854757198, 0.5730363996335166, 0.0449844259135589, 0.28603758897720477], [0.0738172577325724, 0.8315563363079211, 0.08000851037573774, 0.014617895583768687], [0.6012779471944312, 0.3259772231067258, 0.048721083237502356, 0.024023746461340773], [0.10665816946486634, 0.4820958297999348, 0.018311631574235352, 0.39293436916096347], [0.9166799138508571, 0.026635292342853324, 0.028305610907473383, 0.028379182898816215], [0.20683714403606504, 0.7540408357025816, 0.03585783651501661, 0.003264183746336622], [0.5938361798617927, 0.08101198307109694, 0.04297597727686755, 0.2821758597902428], [0.07606819791622052, 0.8597162319302756, 0.03413161092981676, 0.030083959223687052], [0.14246846398179117, 0.8020905282296397, 0.016051545902307025, 0.03938946188626222], [0.005328796455920182, 0.003890943568690415, 0.0019002239541077992, 0.9888800360212817], [0.3489690766267149, 0.4756927558416057, 0.10773684987649966, 0.06760131765517972], [0.028731874062896783, 0.6333867801806495, 0.05576971960113443, 0.2821116261553191], [0.9019514937852723, 0.012015763671724652, 0.010848000329155828, 0.07518474221384738], [0.8145826317028443, 0.06581416967403433, 0.024766537434406398, 0.09483666118871514], [0.29180021846962434, 0.5855163865508886, 0.004656311356299904, 0.1180270836231871], [0.7225895572282796, 0.26744109391597226, 0.0019886238911795556, 0.007980724964568723], [0.04372700268526, 0.1743609574008339, 0.03780472295348826, 0.7441073169604178], [0.6542649600438358, 0.30312294082636765, 0.002359824832200288, 0.040252274297596195], [0.138264062926303, 0.3247627338066219, 0.11871142478381201, 0.41826177848326307], [0.7084897325347234, 0.21805689632856873, 0.0024416342668321183, 0.07101173686987569], [0.22852793518871903, 0.524842424773412, 0.23780634349323168, 0.008823296544637394], [0.142608905830462, 0.522683563485038, 0.21297863211631132, 0.1217288985681887], [0.01124752329273489, 0.8275647753162731, 0.14541696924884534, 0.015770732142146637]]}}