{"test": {"ids": ["98117740", "101110200", "105116650", "104114740", "103109641", "109120540", "108114180", "110118450", "104113000", "111116010", "97107040", "113120540", "111121410", "99109840", "106120640", "102110050", "107114950", "112118161", "109119340", "106117650", "108114670", "108114040", "102109840", "99107300", "98119591", "107115140", "106116370", "104111880", "113122150", "106116120", "103112470", "98107410", "106116441", "109115380", "109121351", "98110710", "100109360", "113122230", "99112641", "97106600", "111119250", "111120190", "112116451", "109113931", "107121640", "100112060", "101108500", "98112580", "105115900", "111115620", "100109980", "108119330", "97105760", "106119990", "111114321", "110119891", "107118780", "98113881", "104119290", "113122220", "112118530", "97116790", "104113380", "112117790", "111116170", "112117780", "107114280", "112117030", "102113350", "110118121", "98108150", "104111990", "111119290", "107118120", "108113620", "108120621", "99107500", "106114280", "99111340", "113121680", "99109860", "112119980", "111117120", "107114621", "102112030", "103113170", "111114121", "105113440", "98106560", "108120280", "110115140", "99107560", "101108080", "104117200", "111120640", "108118060", "100113210", "113117630", "110114920", "101119030", "107113550", "105120280", "97107260", "109120560", "98108410", "112117461", "102118380", "111119430", "113119930", "112120270", "99112840", "105112130", "100109910", "99107630", "99109311", "101114990", "107114780", "111114941", "113120601", "105119550", "107113170", "113118231", "113119360", "111117480", "108117720", "110114321", "107121540", "103113210", "107117010", "111118810", "106119580", "110121500", "102110750", "98108520", "105115380", "113118490", "106116640", "113118620", "107113360", "108120700", "104111380", "109113591"], "labels": [2, 2, 1, 2, 1, 1, 1, 0, 1, 1, 2, 3, 0, 2, 3, 3, 3, 0, 3, 1, 3, 0, 2, 3, 1, 0, 2, 3, 2, 1, 1, 3, 0, 3, 0, 2, 0, 1, 1, 3, 1, 3, 0, 1, 1, 2, 3, 2, 3, 1, 1, 0, 0, 0, 1, 3, 1, 3, 1, 1, 1, 2, 1, 3, 0, 0, 3, 2, 3, 3, 0, 2, 3, 3, 3, 1, 0, 3, 1, 1, 2, 0, 2, 0, 2, 3, 0, 0, 1, 3, 0, 1, 0, 3, 0, 1, 0, 0, 3, 3, 0, 3, 2, 1, 1, 0, 1, 3, 1, 0, 2, 1, 2, 2, 1, 3, 2, 0, 2, 1, 0, 3, 0, 1, 1, 1, 2, 3, 1, 0, 3, 3, 1, 2, 1, 1, 3, 3, 0, 2, 3, 3], "predicted_labels": [1, 1, 2, 3, 1, 1, 3, 1, 2, 3, 3, 3, 1, 2, 0, 3, 3, 3, 0, 0, 0, 3, 3, 1, 0, 3, 0, 1, 3, 3, 3, 1, 1, 3, 1, 3, 0, 0, 1, 1, 1, 3, 1, 1, 3, 0, 1, 1, 3, 3, 0, 1, 3, 0, 3, 3, 0, 1, 1, 3, 3, 0, 1, 0, 3, 0, 1, 3, 1, 3, 0, 1, 2, 1, 2, 3, 3, 3, 1, 3, 3, 3, 2, 0, 2, 1, 3, 3, 3, 0, 1, 1, 0, 1, 0, 3, 3, 3, 1, 0, 1, 2, 2, 3, 0, 3, 3, 0, 0, 1, 1, 1, 3, 1, 3, 1, 0, 3, 2, 0, 3, 3, 3, 1, 0, 0, 1, 2, 3, 3, 1, 1, 1, 1, 1, 3, 3, 3, 1, 0, 0, 1], "confidence_scores": [[0.23632355011486378, 0.3309107633694442, 0.13898725765621606, 0.2937784288594761], [0.21965245102786798, 0.3215010843419719, 0.1873880631682528, 0.27145840146190725], [0.2872449958309951, 0.2644982649608678, 0.3171217271108285, 0.13113501209730868], [0.22867325731383292, 0.2848923034079375, 0.11430564508721829, 0.37212879419101147], [0.3191886513222333, 0.3441362634167669, 0.11326733425649281, 0.22340775100450694], [0.23086477446959416, 0.3793067197554836, 0.13915691291049345, 0.250671592864429], [0.1517235083541189, 0.17358058531776596, 0.10195712951538659, 0.5727387768127286], [0.21005653395242188, 0.419985441703959, 0.1616872093689711, 0.20827081497464794], [0.22588005850429438, 0.2300652180398091, 0.27393091377696654, 0.27012380967892996], [0.20951758162821482, 0.2893117420060372, 0.1290751038087867, 0.37209557255696124], [0.19329656780380283, 0.18305513196965167, 0.13830118639353256, 0.48534711383301293], [0.26476513315023215, 0.2575720570854779, 0.12065118943581496, 0.35701162032847494], [0.2590569391756822, 0.3810699574220596, 0.12254402800245578, 0.23732907539980247], [0.16535769880440537, 0.16487898028133055, 0.4636590235223281, 0.2061042973919359], [0.4388583703913866, 0.2923589510903485, 0.08849629189151621, 0.18028638662674867], [0.22634040746216125, 0.33903922692396476, 0.08973632328487142, 0.34488404232900244], [0.1758561958642903, 0.24683156449896146, 0.08011407213754981, 0.49719816749919843], [0.29190724679553703, 0.25954828312719375, 0.15049309964142898, 0.2980513704358403], [0.3720924129898498, 0.3478078256454323, 0.08060298365330222, 0.1994967777114158], [0.35981310907543385, 0.29181281077952964, 0.16285450723978886, 0.18551957290524795], [0.33516279924103975, 0.25804547281436874, 0.1990640683861897, 0.2077276595584018], [0.2623219109441556, 0.2516948240342937, 0.20237219586302357, 0.2836110691585272], [0.16915008293372308, 0.3459245189996551, 0.13318016043365807, 0.3517452376329637], [0.15872033535047056, 0.45975852436983133, 0.2478406434160129, 0.1336804968636854], [0.33955293179052487, 0.2674725190515734, 0.12718959481214012, 0.26578495434576177], [0.2857010413087263, 0.22959584524457852, 0.15177214584414916, 0.33293096760254604], [0.3084356518241144, 0.27788732850567527, 0.18459238884110862, 0.22908463082910174], [0.1827226491323937, 0.3451658065919516, 0.20009912016848755, 0.27201242410716703], [0.28310355786515434, 0.2738004154403947, 0.14099889001005098, 0.3020971366844002], [0.280915609737461, 0.24257391546330032, 0.08933383791724431, 0.38717663688199433], [0.2628416926020037, 0.257417645796317, 0.2014637969674159, 0.27827686463426354], [0.3094249812080884, 0.3949803658867013, 0.1212297825948649, 0.17436487031034562], [0.2133883966608269, 0.5490763175340976, 0.05782679260595087, 0.17970849319912469], [0.1291915708006997, 0.29667820201695877, 0.16399105308514741, 0.4101391740971941], [0.17565225261185072, 0.34530607142238556, 0.14389592473294469, 0.3351457512328192], [0.24130736219679294, 0.2431290657476534, 0.1236441758373362, 0.3919193962182175], [0.316446905055249, 0.25058121130503747, 0.15354014148443704, 0.2794317421552767], [0.37315407355061003, 0.2699798453076804, 0.13457537575140277, 0.22229070539030688], [0.18520576746115858, 0.3783646964159263, 0.2352204576990378, 0.20120907842387747], [0.14390953073565188, 0.4972869493861322, 0.1253475208191248, 0.23345599905909117], [0.14575054857784855, 0.34257061031797253, 0.1739854031094904, 0.33769343799468854], [0.14392588593613106, 0.312599768306637, 0.09549113568040464, 0.4479832100768273], [0.2096510071964533, 0.46980152615588433, 0.11043614266522857, 0.2101113239824339], [0.3563777538641819, 0.4063334928409027, 0.08934572499028341, 0.14794302830463196], [0.24954100754145406, 0.1945138635546974, 0.1553063240361467, 0.40063880486770187], [0.4240076775087219, 0.162473102484089, 0.23159105730538657, 0.18192816270180248], [0.14681638520784898, 0.49673769259260286, 0.145644650516432, 0.21080127168311616], [0.0803385721230071, 0.41319137416858204, 0.18982747829796456, 0.31664257541044644], [0.2130928295530837, 0.2289874393833555, 0.195760961539213, 0.3621587695243479], [0.32873213858746464, 0.2519946583843033, 0.07981185905446612, 0.33946134397376604], [0.33869301627874604, 0.25819983772430455, 0.15487024292869567, 0.24823690306825394], [0.2655217593768121, 0.36858679360518504, 0.13187725291441554, 0.23401419410358726], [0.21768021541344618, 0.19706514185897497, 0.11696878380025445, 0.46828585892732427], [0.5645748987362621, 0.1880166070939082, 0.10165535232514238, 0.14575314184468727], [0.1983712729190987, 0.2611004439286659, 0.177760607816723, 0.3627676753355125], [0.14391283299731758, 0.24522165179363084, 0.10706704833274217, 0.5037984668763094], [0.3586422685938877, 0.18009478871642712, 0.11023982821128299, 0.3510231144784024], [0.2530036981854031, 0.31733313847733924, 0.24915557174141834, 0.18050759159583937], [0.16293257524471205, 0.40436943488578037, 0.23997212935468837, 0.19272586051481919], [0.2127066346313369, 0.24234158816742166, 0.1738019229360985, 0.371149854265143], [0.17218417694889418, 0.26436163542301583, 0.2262986251228248, 0.3371555625052652], [0.41338131298801567, 0.18207865904589898, 0.191913738266938, 0.21262628969914737], [0.28576378498950394, 0.3706751982392323, 0.16012847385640983, 0.18343254291485406], [0.5497441390111147, 0.13768787919904976, 0.07706906265350538, 0.23549891913633003], [0.08869209166863674, 0.3053206286582407, 0.04726566729638248, 0.55872161237674], [0.5592342697485096, 0.11607008135938933, 0.07935860278752978, 0.24533704610457133], [0.21784046549735195, 0.3774948978658468, 0.19809472076489534, 0.2065699158719061], [0.1905883642668657, 0.2623536989513743, 0.13906075377952012, 0.40799718300223986], [0.20459316664192348, 0.442171739108271, 0.12372125537119032, 0.22951383887861504], [0.11822871450935792, 0.15055799508568152, 0.06062197814730641, 0.670591312257654], [0.4359080124686631, 0.23058806399451953, 0.13668562092300862, 0.19681830261380862], [0.3049453696124475, 0.4178769682945954, 0.1380494310876481, 0.139128231005309], [0.11188513999791172, 0.23299126552359115, 0.37232480916522454, 0.28279878531327257], [0.2229939935010126, 0.39040592118794415, 0.09796052695405388, 0.2886395583569894], [0.10437994171875761, 0.188062133479876, 0.5876303229573537, 0.1199276018440127], [0.31317667814616607, 0.20289102728388675, 0.14659561074669483, 0.33733668382325227], [0.1373699339490816, 0.26224295829297317, 0.14605879477639463, 0.45432831298155074], [0.15090359034207046, 0.20661565982105137, 0.08092999218917182, 0.5615507576477062], [0.22185850200669804, 0.31721316651265236, 0.18086789164955908, 0.28006043983109047], [0.1417193025595364, 0.29522963949033654, 0.18207449632692294, 0.3809765616232042], [0.22928421465409604, 0.27303423411937916, 0.1610155457441835, 0.33666600548234127], [0.20581091638064003, 0.18930548418394733, 0.10223296230899341, 0.5026506371264192], [0.158774854330346, 0.2662523616703182, 0.2950784779151255, 0.2798943060842103], [0.4331863532999228, 0.16763360317206943, 0.17328995508167297, 0.2258900884463348], [0.22231051842399513, 0.2794916207480074, 0.3024978467382845, 0.19570001408971316], [0.22598053450330766, 0.3792414657442226, 0.14302506215730315, 0.2517529375951666], [0.17546045871024532, 0.18188090231758203, 0.09478926056481664, 0.5478693784073561], [0.24337524757501264, 0.25801806605542604, 0.21112080211755602, 0.2874858842520052], [0.24775063317156842, 0.17880902600533644, 0.09755831165843641, 0.4758820291646587], [0.29630307366624453, 0.18292512425345708, 0.26278567154264254, 0.25798613053765596], [0.2290075879388349, 0.34313892907426474, 0.1501319998267143, 0.2777214831601859], [0.18546692667922507, 0.4362858373033602, 0.13706965548235175, 0.24117758053506305], [0.39532073455536115, 0.26899655823163365, 0.1248169729589525, 0.21086573425405275], [0.26728588176590307, 0.39509381867017196, 0.1629694645126583, 0.17465083505126672], [0.36145580349065465, 0.20582867828938897, 0.14890130299505794, 0.2838142152248986], [0.2670571062645089, 0.24664469046463522, 0.16740354623096712, 0.3188946570398889], [0.23143976462953786, 0.1947967544893559, 0.13460240657384404, 0.4391610743072623], [0.15278861294585544, 0.21180316107971128, 0.1831846120583555, 0.45222361391607785], [0.09247974591461632, 0.7608325993643688, 0.06356115747157542, 0.08312649724943953], [0.3381102220802355, 0.24175084755115064, 0.16290714256736116, 0.25723178780125266], [0.1808433186321358, 0.38571659055910745, 0.1392326848661735, 0.29420740594258327], [0.25673307905712284, 0.250509830194875, 0.3107191330790001, 0.18203795766900205], [0.18320074782386708, 0.1882483356715762, 0.32943891824488547, 0.2991119982596714], [0.2119807984815177, 0.24160630589209617, 0.1800060735768128, 0.3664068220495734], [0.501618826266022, 0.22212403429193203, 0.1280527985515214, 0.14820434089052467], [0.2847621539968824, 0.16038318606902696, 0.18837759627165032, 0.36647706366244037], [0.24650552253189373, 0.17249856180212234, 0.10373381130169196, 0.47726210436429195], [0.36997627382969883, 0.17938201320843694, 0.09122856739234002, 0.3594131455695242], [0.3722079175151178, 0.28527915278871574, 0.13704795561272087, 0.20546497408344544], [0.18907834232486737, 0.3325970059161924, 0.30411099607065795, 0.17421365568828243], [0.14912257030728424, 0.3017261859196508, 0.2582175510140998, 0.2909336927589652], [0.22567008969114674, 0.4935216145379434, 0.07801091295382137, 0.20279738281708848], [0.22041956078740108, 0.23605991504334142, 0.24902961506810686, 0.29449090910115067], [0.28611952048580364, 0.3091330047531913, 0.25906138699458653, 0.1456860877664187], [0.1247203064822819, 0.18356368518982438, 0.08008520155355185, 0.611630806774342], [0.2821814747772639, 0.44285068720709797, 0.0721170881962299, 0.20285074981940798], [0.3987162729281564, 0.23068985137948173, 0.18529488830936192, 0.1852989873829997], [0.14397301423140937, 0.23956158858700174, 0.19010565805540972, 0.4263597391261792], [0.12964141841119287, 0.28150611345531995, 0.3581012109135514, 0.23075125721993592], [0.4002740072576834, 0.24482317862624117, 0.10978207169624744, 0.24512074241982806], [0.2512770115725514, 0.13246770440878766, 0.1509907264391589, 0.46526455757950197], [0.24170878547656757, 0.3098276524605973, 0.13758292787577336, 0.31088063418706174], [0.33739195539745176, 0.11214818999483953, 0.09897255528370891, 0.4514872993239999], [0.2413820401105442, 0.38434073012383385, 0.16606898838179604, 0.20820824138382593], [0.4039171994348436, 0.06824495185819082, 0.17266155134152542, 0.3551762973654403], [0.39307203941034274, 0.26828503453714636, 0.12439086495106487, 0.21425206110144615], [0.18710491996103853, 0.38595542816954165, 0.19047612270468245, 0.2364635291647375], [0.18569007750378477, 0.306255832186588, 0.325798856887795, 0.18225523342183225], [0.09692661943202494, 0.18607622614939343, 0.0942569911933803, 0.6227401632252013], [0.3081441765287572, 0.22381873230341895, 0.08205489041640521, 0.3859822007514188], [0.11697802032262461, 0.3892053734582866, 0.2781891408413997, 0.21562746537768918], [0.2934623889971488, 0.5304423180880434, 0.05936331518589706, 0.11673197772891075], [0.19492923573594606, 0.327933404353271, 0.31294921442454426, 0.16418814548623878], [0.30699328910345985, 0.3982545545994345, 0.08901023231479695, 0.20574192398230876], [0.27426066606958877, 0.3648082471660571, 0.1404149936332377, 0.2205160931311165], [0.18845194552202948, 0.2235850583579508, 0.2043642543420342, 0.3835987417779854], [0.2005586237924846, 0.26038368555909686, 0.12662872510930018, 0.41242896553911845], [0.14845368481336846, 0.281391171003061, 0.19486712923819682, 0.3752880149453738], [0.2907977135837475, 0.374861313855954, 0.16548892075434501, 0.1688520518059537], [0.3052051424936525, 0.23487701171900152, 0.2920315231746778, 0.16788632261266834], [0.3411341435470288, 0.2220583089974567, 0.13299244926874906, 0.30381509818676555], [0.15011406612795863, 0.43249729671618997, 0.10058430729663578, 0.3168043298592156]]}, "rewritten": {"ids": ["97105760", "97106600", "97107040", "97107260", "97116790", "98106560", "98107410", "98108150", "98108410", "98108520", "98110710", "98112580", "98113881", "98117740", "98119591", "99107300", "99107500", "99107560", "99107630", "99109311", "99109840", "99109860", "99111340", "99112641", "99112840", "100109360", "100109910", "100109980", "100112060", "100113210", "101108080", "101108500", "101110200", "101114990", "101119030", "102109840", "102110050", "102110750", "102112030", "102113350", "102118380", "103109641", "103112470", "103113170", "103113210", "104111380", "104111880", "104111990", "104113000", "104113380", "104114740", "104117200", "104119290", "105112130", "105113440", "105115380", "105115900", "105116650", "105119550", "105120280", "106114280", "106116120", "106116370", "106116441", "106116640", "106117650", "106119580", "106119990", "106120640", "107113170", "107113360", "107113550", "107114280", "107114621", "107114780", "107114950", "107115140", "107117010", "107118120", "107118780", "107121540", "107121640", "108113620", "108114040", "108114180", "108114670", "108117720", "108118060", "108119330", "108120280", "108120621", "108120700", "109113591", "109113931", "109115380", "109119340", "109120540", "109120560", "109121351", "110114321", "110114920", "110115140", "110118121", "110118450", "110119891", "110121500", "111114121", "111114321", "111114941", "111115620", "111116010", "111116170", "111117120", "111117480", "111118810", "111119250", "111119290", "111119430", "111120190", "111120640", "111121410", "112116451", "112117030", "112117461", "112117780", "112117790", "112118161", "112118530", "112119980", "112120270", "113117630", "113118231", "113118490", "113118620", "113119360", "113119930", "113120540", "113120601", "113121680", "113122150", "113122220", "113122230"], "labels": [0, 3, 2, 2, 2, 1, 3, 0, 1, 2, 2, 2, 3, 2, 1, 3, 0, 1, 2, 1, 2, 2, 1, 1, 2, 0, 2, 1, 2, 0, 0, 3, 2, 3, 3, 2, 3, 1, 2, 3, 1, 1, 1, 3, 3, 3, 3, 2, 1, 1, 2, 3, 1, 1, 0, 1, 3, 1, 1, 3, 3, 1, 2, 0, 3, 1, 3, 0, 3, 0, 0, 0, 3, 0, 2, 3, 0, 1, 3, 1, 2, 1, 3, 0, 1, 3, 1, 1, 0, 3, 1, 2, 3, 1, 3, 3, 1, 1, 0, 1, 3, 0, 3, 0, 3, 3, 0, 1, 0, 1, 1, 0, 2, 1, 0, 1, 3, 3, 3, 0, 0, 0, 2, 0, 0, 3, 0, 1, 0, 0, 0, 3, 1, 3, 0, 1, 3, 2, 1, 2, 1, 1], "predicted_labels": [0, 1, 1, 2, 0, 3, 0, 0, 0, 0, 3, 3, 3, 1, 1, 1, 1, 1, 3, 1, 3, 1, 1, 0, 3, 3, 2, 0, 3, 3, 1, 1, 1, 1, 3, 3, 3, 1, 1, 1, 0, 3, 3, 3, 0, 0, 1, 1, 1, 1, 3, 1, 1, 3, 2, 1, 3, 1, 3, 0, 3, 1, 3, 3, 3, 1, 1, 0, 1, 3, 1, 0, 1, 1, 0, 1, 3, 3, 1, 3, 1, 0, 2, 1, 3, 1, 0, 3, 0, 3, 3, 1, 1, 1, 1, 0, 1, 3, 0, 3, 1, 1, 3, 1, 3, 1, 3, 3, 0, 1, 3, 1, 3, 1, 1, 3, 3, 0, 1, 3, 1, 1, 3, 3, 0, 3, 0, 2, 3, 0, 1, 1, 3, 3, 3, 1, 0, 1, 3, 0, 3, 0], "confidence_scores": [[0.4938943059674145, 0.14577310378799996, 0.15666112364608042, 0.20367146659850507], [0.13444164459176922, 0.5620322591834045, 0.13957541437876925, 0.16395068184605707], [0.3045384342253691, 0.34740725877900097, 0.1455487234871821, 0.20250558350844777], [0.19110241797705563, 0.23960341396541257, 0.3508969727469382, 0.21839719531059376], [0.5366328364355863, 0.1544650560794037, 0.12777092752795188, 0.18113117995705827], [0.15428771952235976, 0.21027557894971585, 0.12048087629832692, 0.5149558252295975], [0.32560648754259275, 0.25976503846711857, 0.10846009137145457, 0.30616838261883395], [0.393618099337148, 0.27049693935585684, 0.13031027782045765, 0.20557468348653776], [0.3653576371271089, 0.3089313067317393, 0.10622886585954595, 0.21948219028160595], [0.452013665610619, 0.2909400154174135, 0.07248817099814121, 0.18455814797382622], [0.2547808005496777, 0.229009649507997, 0.19944137813624524, 0.3167681718060801], [0.09274053698325799, 0.24853668720461575, 0.12261194814281841, 0.5361108276693078], [0.27489606025494956, 0.19331844157016317, 0.15710006387996378, 0.37468543429492335], [0.1979787890230844, 0.41530641531349016, 0.2095046799514207, 0.17721011571200468], [0.24138144833983094, 0.27688372952448875, 0.21657849677601454, 0.2651563253596657], [0.1775490084718651, 0.5800108186918621, 0.10918463834815402, 0.13325553448811883], [0.23173733018270282, 0.431681689792283, 0.1677705403480552, 0.16881043967695905], [0.22639188650844966, 0.4375438809266139, 0.11432724515412447, 0.22173698741081208], [0.2210107696189639, 0.2357182464652163, 0.22369246910021695, 0.319578514815603], [0.1648760207532537, 0.3752550547576815, 0.10432687173571745, 0.3555420527533474], [0.18309660085592977, 0.1626336659418978, 0.2883519556311869, 0.36591777757098576], [0.17704312310208123, 0.3511463651411371, 0.1630845973955284, 0.3087259143612533], [0.23084419559854547, 0.3554508954973487, 0.20068613813435515, 0.2130187707697508], [0.4538105594302908, 0.18027500945961478, 0.15555258489308224, 0.21036184621701223], [0.15815950339219523, 0.2742038905447276, 0.27926068267727716, 0.2883759233858001], [0.1564453018874504, 0.1263371806855621, 0.17354209761026335, 0.5436754198167242], [0.14863205543000965, 0.2582335939626053, 0.40738774540460654, 0.1857466052027786], [0.4773630220787797, 0.1734949443204634, 0.18803934641540246, 0.16110268718535425], [0.3556793516873679, 0.1476421224321606, 0.13915518494285642, 0.35752334093761495], [0.20243015117344562, 0.2968754737772638, 0.09509911838462681, 0.4055952566646638], [0.1989247548437376, 0.506954689408647, 0.12960013304446535, 0.1645204227031501], [0.21123148293862842, 0.412864927088608, 0.14759196291763788, 0.2283116270551255], [0.1565520202621197, 0.470615760658284, 0.061110988336046494, 0.31172123074354996], [0.1580259159210918, 0.43440091478827886, 0.06737601872758019, 0.3401971505630492], [0.2729901354754127, 0.21442936740787458, 0.15243050472241101, 0.36014999239430184], [0.186402024208052, 0.26599969118118405, 0.17247996762220064, 0.37511831698856335], [0.1724854514721778, 0.13051611312558795, 0.18556575432266775, 0.5114326810795665], [0.2643331017944855, 0.3738047883278169, 0.13734828813074557, 0.224513821746952], [0.20970304606516255, 0.2775832261435005, 0.27717579627434075, 0.2355379315169963], [0.20381320131454997, 0.32969933945269264, 0.16017895210603156, 0.30630850712672586], [0.3124519528282572, 0.2766182840111528, 0.14544304713625467, 0.2654867160243354], [0.29848957036701546, 0.20609716128123115, 0.10464751931734706, 0.3907657490344065], [0.18843116215216413, 0.1600854479290597, 0.13689521189887188, 0.5145881780199043], [0.11333586817862344, 0.24202957294937227, 0.16001837058122695, 0.4846161882907774], [0.3962957784307938, 0.27315043945871, 0.14217186874404728, 0.18838191336644924], [0.36462905187227673, 0.25930484595741354, 0.20178258238744454, 0.17428351978286505], [0.21111199705275457, 0.3691081912627603, 0.09728921795771163, 0.3224905937267735], [0.3510820742955717, 0.4917755095070834, 0.05144325959276579, 0.10569915660457907], [0.2988692594098006, 0.3376414733109615, 0.14951120298597975, 0.21397806429325822], [0.2648234467077525, 0.38327863538482065, 0.12311935694361888, 0.22877856096380808], [0.22647079159847514, 0.18193515742168703, 0.19182093544692547, 0.3997731155329124], [0.17445746470646847, 0.4230595340632494, 0.2022904745868635, 0.20019252664341847], [0.14262145270098606, 0.33573486284066173, 0.19981189473945965, 0.32183178971889254], [0.21312309518963432, 0.2640783832659157, 0.12402020490099262, 0.3987783166434573], [0.21528834399833616, 0.24546627409837724, 0.2737811434477278, 0.26546423845555883], [0.26854046291186695, 0.4332325302740317, 0.16501633848897074, 0.1332106683251307], [0.2151074530445005, 0.20274370839620193, 0.10749327654926609, 0.47465556201003145], [0.2711272376596138, 0.4043204640248, 0.13970917214648929, 0.18484312616909712], [0.312994389325809, 0.16468430410308021, 0.08925668787638728, 0.43306461869472357], [0.4208587799496668, 0.18040213034761163, 0.23818421355665312, 0.16055487614606842], [0.24356864046133575, 0.2801969586194278, 0.0618841354535488, 0.4143502654656878], [0.23426341176575532, 0.3952571197900981, 0.11974745749394901, 0.2507320109501977], [0.24316635983030804, 0.24482008135358171, 0.12316159186640484, 0.38885196694970553], [0.19515075151718414, 0.3157332428872089, 0.11215588247037966, 0.37696012312522725], [0.2510500020938512, 0.2734109642027624, 0.1313153901187578, 0.34422364358462854], [0.24698860635067066, 0.45168737781978624, 0.10865058984310391, 0.19267342598643922], [0.2079519935666498, 0.3724153350960888, 0.17562386133779345, 0.24400880999946792], [0.5768348670419386, 0.187399089478306, 0.09336091752609887, 0.1424051259536564], [0.17721357328565818, 0.4757011775897794, 0.11150762766981859, 0.23557762145474376], [0.33741181421461297, 0.13213010601278172, 0.14367611677883954, 0.3867819629937657], [0.22033357303342832, 0.5515425060181124, 0.1311633993967868, 0.09696052155167256], [0.3037456625660547, 0.2484924282467675, 0.21795776942696612, 0.22980413976021183], [0.19303774508729366, 0.35369891828266214, 0.11377570918054318, 0.33948762744950095], [0.19005633987004983, 0.29580464299089887, 0.24381448861250934, 0.270324528526542], [0.37135063459205503, 0.3491846043883341, 0.12241142652176351, 0.15705333449784734], [0.14509047835563363, 0.40172761309441407, 0.1475782209913264, 0.3056036875586258], [0.13953432259769563, 0.18094249221075828, 0.08581694991881515, 0.593706235272731], [0.13234243782607744, 0.21482380356871483, 0.1108996026403251, 0.5419341559648827], [0.31996347852546814, 0.34348399649170597, 0.11528543723247282, 0.221267087750353], [0.16696208454967748, 0.19113679537714737, 0.13649404192436787, 0.5054070781488073], [0.11210959523484422, 0.34977194246055565, 0.30494548430332963, 0.2331729780012706], [0.3813957157245838, 0.26645984131021344, 0.13490611766977356, 0.21723832529542925], [0.1730333264719037, 0.24703887273498532, 0.3425403518039842, 0.2373874489891267], [0.18859947171438687, 0.3446833644521543, 0.1689444596753902, 0.29777270415806845], [0.08722275561265769, 0.16607643783051945, 0.11039863545172929, 0.6363021711050936], [0.17534398075449922, 0.4219354124569625, 0.17319395196148513, 0.22952665482705317], [0.3697434685299082, 0.1757459302385782, 0.18463880100202956, 0.26987180022948404], [0.22751548458189638, 0.2710026879588988, 0.11036455940568057, 0.3911172680535242], [0.44368723319185643, 0.24473186197347638, 0.11829712947120988, 0.19328377536345728], [0.19304547472574274, 0.27427465314362415, 0.1468531763366785, 0.3858266957939544], [0.20752470592969066, 0.15282637119450926, 0.08890009740814273, 0.5507488254676574], [0.25209610119136805, 0.28073351491069026, 0.252538050675089, 0.21463233322285277], [0.1236890053194077, 0.5205612036206567, 0.1201316285942093, 0.23561816246572634], [0.2407777720514848, 0.35738851154825674, 0.06090177734272366, 0.3409319390575348], [0.15118424131185218, 0.54484364053459, 0.14568028608979253, 0.15829183206376535], [0.548721063340301, 0.202700437149694, 0.10541158508738209, 0.14316691442262305], [0.24722966420364645, 0.39748445621191886, 0.12939813662552255, 0.22588774295891206], [0.1838183256426478, 0.23668721510914073, 0.10780537993897821, 0.47168907930923326], [0.34587456183316473, 0.31351425109681347, 0.09311111703716142, 0.24750007003286043], [0.27156286795985823, 0.25613158073821496, 0.13865336606112927, 0.3336521852407974], [0.19216950058702617, 0.37880256641422516, 0.1167475905344266, 0.31228034246432224], [0.20227582544960945, 0.34250149851136064, 0.20998878140534155, 0.2452338946336884], [0.17814114713263782, 0.30211803617502986, 0.10570666879137149, 0.4140341479009609], [0.2110693845554013, 0.317412599404351, 0.21174067573823552, 0.25977734030201227], [0.17429990440667123, 0.2426808164558754, 0.09873565556002893, 0.48428362357742455], [0.27931948604854906, 0.41615317738440694, 0.15705943299841613, 0.14746790356862785], [0.1501309602830436, 0.2116454009718679, 0.12541238015049871, 0.5128112585945898], [0.2742106008469951, 0.2199357789236312, 0.1817235502054101, 0.3241300700239636], [0.49479505074467034, 0.22984332948237676, 0.10548814183604019, 0.16987347793691276], [0.26520395186793955, 0.31764421332745335, 0.14041269325290465, 0.2767391415517024], [0.18049897354287978, 0.25719820004093197, 0.08867901122528923, 0.47362381519089897], [0.1626651438969598, 0.565918153007537, 0.07647576198083825, 0.194940941114665], [0.1714724846562796, 0.2856376789591097, 0.24735967278710028, 0.2955301635975105], [0.17900106172479452, 0.38815860257719376, 0.13214862679014241, 0.30069170890786917], [0.3297476956866021, 0.39690999287173545, 0.059516035114161425, 0.2138262763275011], [0.17591531849734307, 0.269051000527598, 0.2167961609269245, 0.33823752004813434], [0.14427553402230417, 0.23855572958621368, 0.2652148203207157, 0.35195391607076637], [0.41797981015498653, 0.2544094191654289, 0.09253347987201233, 0.2350772908075723], [0.14312971427799787, 0.3833739465455338, 0.11574498214201039, 0.35775135703445804], [0.27087932802541864, 0.28177068263699373, 0.11139410315084032, 0.33595588618674715], [0.33003047473772273, 0.38929665832342986, 0.09265239172767412, 0.18802047521117318], [0.13011600470248172, 0.6269336307484321, 0.059871557737650544, 0.18307880681143568], [0.13516559799431885, 0.19982395885114435, 0.15526901044141114, 0.5097414327131257], [0.27671474826898473, 0.1939259790419742, 0.16288000096474067, 0.3664792717243004], [0.4509325386128042, 0.13087966947143237, 0.048761697541528766, 0.3694260943742346], [0.3215834553522396, 0.19943981750891987, 0.10756925496567939, 0.3714074721731611], [0.45446310634119497, 0.21171909171752928, 0.12564592154857432, 0.20817188039270149], [0.14774393313240508, 0.26071771090276674, 0.40867870121722594, 0.18285965474760224], [0.18100996791518514, 0.17006137072828084, 0.11347268326929479, 0.5354559780872393], [0.47714443264282275, 0.24225079801380922, 0.16607866731556908, 0.11452610202779896], [0.12462170032033959, 0.32744496792214794, 0.3017296452670295, 0.24620368649048305], [0.20043541042928267, 0.5321426703013263, 0.11404603561661765, 0.15337588365277327], [0.2063929812890608, 0.14704094481221128, 0.28644761758634313, 0.360118456312385], [0.21303461000159177, 0.2358100065409643, 0.24916661290441355, 0.3019887705530306], [0.21457136336813032, 0.19126134393187905, 0.10954685751328928, 0.48462043518670134], [0.15469041168606348, 0.48931451452139363, 0.07195837139500057, 0.2840367023975425], [0.31045290905313316, 0.3074457271476147, 0.11441965433602011, 0.2676817094632321], [0.10813588954708687, 0.33991271168595516, 0.3044675796070467, 0.24748381915991127], [0.10291893376857782, 0.18487309983082814, 0.10084131140609627, 0.6113666549944977], [0.424101231124495, 0.28495241530373927, 0.13847287893312013, 0.15247347463864558], [0.28659722326851506, 0.2666521349356599, 0.13732540460783482, 0.3094252371879903], [0.6574519624550328, 0.138477340907494, 0.08445125566733225, 0.1196194409701409]]}}