{"test": {"ids": ["100113210", "109118231", "107116980", "110120700", "102109840", "112119980", "108118060", "109115211", "110120560", "98108370", "97107821", "101110150", "112117431", "113120751", "113120830", "111120540", "103118291", "100111620", "103120780", "99105921", "113122510", "112118471", "98107340", "99117630", "106115120", "98116940", "110114610", "104117200", "107113170", "104112201", "105113440", "107121540", "102109910", "113118870", "106113360", "100108520", "104109311", "112118701", "112116290", "108120260", "111119610", "100109801", "109118820", "111120190", "106121220", "99107950", "110118301", "111118820", "101108080", "97105960", "103113170", "108121190", "102109850", "110115980", "112118860", "111120591", "113118620", "103109791", "101111990", "108121410", "97106591", "113122170", "103113210", "111119580", "105118230", "99112641", "99111930", "109117080", "110114920", "101108370", "105120280", "99108010", "104116800", "113119450", "101111140", "112116850", "104111780", "111116990", "112118511", "98109311", "97106000", "103111540", "97106970", "101110740", "111116010", "100111080", "100110050", "106117650", "107114950", "99109740", "108121160", "104116980", "109113931", "105110091", "107121640", "111119950", "106118520", "104114240", "109114030", "112118890", "100120780", "104114410", "110118121", "97105760", "108114670", "106118161", "107117010", "105116501", "111118810", "100111270", "100115700", "99108890", "108118630", "99114890", "97107260", "107118520", "104114740", "110121450", "108113700", "108113760", "107120260", "100111380", "112116810", "100108260", "112120630", "111116090", "111121220", "102110240", "111115910", "105116090", "108116481", "108114220", "105115570", "99109840", "100110260", "107120010", "97116401", "112117780", "108114040", "99108000", "105115380", "108115570"], "labels": [0, 1, 3, 2, 2, 0, 1, 0, 0, 1, 2, 1, 0, 1, 3, 1, 0, 3, 1, 1, 2, 1, 0, 3, 1, 2, 1, 3, 0, 0, 0, 2, 2, 0, 0, 2, 3, 0, 0, 1, 2, 0, 3, 3, 1, 1, 1, 0, 0, 2, 3, 1, 1, 1, 3, 1, 3, 3, 2, 0, 1, 1, 3, 3, 1, 1, 1, 1, 3, 1, 3, 2, 1, 3, 2, 0, 3, 0, 1, 1, 0, 1, 2, 3, 1, 0, 3, 1, 3, 3, 2, 1, 1, 0, 1, 0, 2, 0, 1, 3, 1, 1, 3, 0, 3, 3, 1, 1, 0, 2, 1, 0, 1, 2, 2, 2, 2, 3, 0, 1, 1, 3, 3, 3, 3, 3, 3, 3, 2, 1, 0, 3, 0, 2, 3, 1, 3, 0, 0, 2, 1, 3], "predicted_labels": [3, 1, 0, 3, 2, 1, 3, 3, 3, 3, 0, 1, 0, 0, 0, 0, 0, 2, 0, 1, 3, 1, 2, 2, 0, 3, 0, 3, 3, 3, 2, 2, 0, 1, 3, 2, 3, 3, 1, 3, 2, 3, 1, 3, 3, 1, 3, 0, 1, 3, 0, 3, 2, 0, 2, 0, 1, 3, 2, 1, 2, 2, 2, 3, 1, 0, 1, 1, 1, 3, 1, 1, 3, 1, 0, 1, 0, 0, 1, 1, 2, 0, 2, 3, 2, 1, 2, 2, 3, 2, 3, 3, 3, 0, 3, 0, 2, 0, 0, 1, 1, 2, 1, 0, 3, 1, 1, 0, 0, 1, 0, 1, 3, 3, 0, 0, 3, 3, 3, 1, 0, 0, 1, 1, 0, 3, 1, 3, 1, 0, 0, 0, 2, 2, 0, 3, 1, 3, 2, 1, 2, 1], "confidence_scores": [[0.06335408824301335, 0.22838188177512328, 0.01611233090291482, 0.6921516990789485], [0.019365629733067345, 0.6372083970444296, 0.3414983137946688, 0.0019276594278342311], [0.43457875283925845, 0.3164440592432274, 0.0005785545207584351, 0.24839863339675566], [0.009080938991424594, 0.016371129518939785, 0.007056667954456637, 0.967491263535179], [0.013909622784281093, 0.11013139690489701, 0.7698373859898677, 0.10612159432095426], [0.11317018909498283, 0.8516071286881475, 0.007786671632189534, 0.02743601058468041], [0.01785173306891954, 0.019440533536736606, 0.01585897444162303, 0.9468487589527207], [0.019585355489016184, 0.007444375625081269, 0.0020731367425795935, 0.970897132143323], [0.07561693378404769, 0.0029615008385970153, 0.26999358003396723, 0.6514279853433881], [0.021143103101079624, 0.01698532552217657, 0.07173535962043284, 0.890136211756311], [0.6528127752903027, 0.2479599321885824, 0.015278299678342934, 0.08394899284277196], [0.0038055851421710334, 0.9947985888989007, 0.0013219993772602089, 7.382658166790242e-05], [0.43068379812100455, 0.24973578782439437, 0.0014127089764926503, 0.31816770507810843], [0.9065431523650248, 0.0003690071301834307, 0.011085607262688413, 0.08200223324210344], [0.7447959596103715, 0.008843982352049506, 0.22078051460907652, 0.02557954342850256], [0.5772667787123553, 0.40402913374547744, 0.017532870581226077, 0.0011712169609409853], [0.3871087991116052, 0.2552092411222391, 0.34227858142063367, 0.015403378345522065], [0.013389491429422442, 0.053114226583766314, 0.7722699661730196, 0.16122631581379163], [0.4994378119775387, 0.00779674261327894, 0.07937504361192547, 0.4133904017972568], [0.0088266318653308, 0.9165457019051492, 0.0016907773168472388, 0.07293688891267287], [0.05456862287732143, 0.20188120660274833, 0.1513114243287596, 0.5922387461911707], [0.359882569568981, 0.6048326930138068, 0.03384393499048677, 0.0014408024267254153], [0.0021002142002314967, 0.010470809974422039, 0.982338645644901, 0.0050903301804453936], [0.01902177299525696, 0.040093985668134116, 0.8731094524171157, 0.06777478891949336], [0.8712879011340774, 0.04699937898759206, 0.0034053619696448397, 0.07830735790868572], [0.020316652822450387, 0.3614942632932158, 0.17934123532295876, 0.438847848561375], [0.8590832621939861, 0.01786129257666188, 0.12262912436993231, 0.00042632085941970397], [0.12860369237763797, 0.3064070784613694, 0.04213879553368392, 0.5228504336273088], [0.03770957933808056, 0.06846634131201096, 0.022852208383647817, 0.8709718709662607], [0.017319374625051714, 0.32518824754857084, 0.0007663932964739154, 0.6567259845299035], [0.021392863997532062, 0.4228750873317322, 0.526765512474455, 0.0289665361962807], [0.0018421292884384251, 0.22082957382378426, 0.7154872799429594, 0.061841016944818084], [0.7739027462851279, 0.06316663841946643, 0.07387928331456169, 0.08905133198084382], [0.08613405530218975, 0.7083507621959645, 0.012370216943555635, 0.1931449655582901], [0.11962489537363376, 0.16476226748184258, 0.0008271945334668301, 0.7147856426110569], [0.0010191700357451154, 0.00012841275531161444, 0.9983031215067382, 0.0005492957022050271], [0.042160233559223555, 0.007340063945429411, 0.01836046534713964, 0.9321392371482075], [0.11117674166911408, 0.2884828808467574, 0.002180089762189896, 0.5981602877219386], [0.0332092641182997, 0.7893641074455269, 0.0022066570735836608, 0.17521997136258982], [0.004168333919626884, 0.014648607078985389, 0.0027882751131789543, 0.9783947838882088], [0.03636643792319912, 0.03131953136806096, 0.6749691485129115, 0.2573448821958285], [0.01086614511550195, 0.05051505319215348, 0.0006737756384500573, 0.9379450260538946], [0.44375340713369305, 0.5140201113143988, 0.002944554790559877, 0.039281926761348195], [0.011712643916448258, 0.022044520017352978, 0.30623316897963127, 0.6600096670865675], [1.6501765574298128e-06, 0.011201322141708667, 0.004385356254013722, 0.9844116714277202], [0.00046358226148224827, 0.9524908226725285, 0.04644073394919914, 0.0006048611167899477], [0.22402451540879195, 0.027941869478673043, 0.016637108236248283, 0.7313965068762867], [0.9867219501491122, 0.0017001482565557615, 0.00012030165669000611, 0.011457599937641994], [0.36038757949304673, 0.5282789741114763, 0.010280181414828152, 0.10105326498064876], [0.015138327122567342, 0.0071921620821192135, 0.04899330199978291, 0.9286762087955306], [0.7471796884933845, 0.18067588008054952, 0.063955130586076, 0.008189300839989947], [0.000846423102112241, 0.35221038878617617, 0.20721292327720245, 0.4397302648345092], [0.013027769956073458, 0.0011926769054395165, 0.8312950528976802, 0.1544845002408068], [0.456955652189383, 0.3218395773028214, 0.13598118032437106, 0.08522359018342443], [0.10613157168811022, 0.19056987918165189, 0.643945966318137, 0.05935258281210084], [0.9674566369554064, 0.0001316737040430958, 4.434600370540878e-05, 0.03236734333684526], [0.06630741481054617, 0.877296820962116, 0.003197057012357378, 0.05319870721498046], [0.19064214398103901, 0.008530953097131644, 0.10325859973387036, 0.6975683031879591], [0.022544169589223065, 0.0035989259670883857, 0.6762819628252722, 0.29757494161841636], [0.0009735687861358136, 0.826804056836612, 5.157504278660529e-05, 0.17217079933446555], [0.02746699613142437, 0.39841859352355874, 0.5664769023368673, 0.007637508008149558], [0.019555076368635467, 0.005570090597790668, 0.9035451117427743, 0.07132972129079969], [0.0007731783517870015, 0.041460694781492675, 0.9314038324024848, 0.026362294464235513], [0.3790340991202382, 0.1420852089304488, 0.013467100433306494, 0.46541359151600653], [8.14329484296489e-06, 0.9961533308707844, 0.003631595885741185, 0.0002069299486313793], [0.44825755999157796, 0.37679233221098146, 0.01235706769511888, 0.16259304010232165], [0.11104033714098076, 0.7851840700243925, 0.10142521176821614, 0.002350381066410544], [2.176244640579689e-06, 0.9990624321220558, 8.283926584877275e-05, 0.0008525523674549995], [0.3295556722315884, 0.5870991000032169, 0.06764047623649226, 0.015704751528702564], [0.02297203740707148, 0.008150035584942787, 0.000126646492725194, 0.9687512805152605], [0.03457224842920011, 0.9362932013233385, 0.0005754239216990898, 0.02855912632576233], [0.0021095179912234674, 0.8716562459508141, 0.12411066961043578, 0.0021235664475266597], [0.06252440834277387, 0.07947118617573243, 0.005454804838441602, 0.8525496006430521], [0.2771928414963877, 0.5930166952750534, 0.0707306236695227, 0.059059839559036306], [0.7054390528279392, 0.04045605640220316, 0.18492339012600897, 0.06918150064384883], [0.018950262348500693, 0.506516559485586, 0.011624963208096535, 0.4629082149578167], [0.49528281833568716, 0.3715758605080064, 0.02838190494847298, 0.1047594162078335], [0.9716958643737265, 0.016370809982328895, 0.000611143515151413, 0.011322182128793323], [0.004962108353007474, 0.9690064395065399, 0.00153793346380902, 0.024493518676643646], [0.09624607764801754, 0.8252709598278342, 0.008419205503329584, 0.07006375702081864], [0.017150301306470182, 0.0012352599990363062, 0.9698823339889338, 0.011732104705559732], [0.6125432984308945, 0.36797594599158523, 0.01716753765967973, 0.0023132179178404367], [0.00013298281185387793, 0.005941059976002878, 0.874214547646983, 0.11971140956516026], [0.04181150953875534, 0.1963996184019008, 0.06314839467549027, 0.6986404773838536], [0.0006228368464927516, 0.14759091013285522, 0.8356505637664147, 0.016135689254237383], [0.007201181578922292, 0.616004576532907, 0.3691887481380882, 0.007605493750082526], [0.018691133740204077, 0.13550117731218608, 0.7871930078248021, 0.05861468112280784], [0.03627146687004236, 0.2529225660339365, 0.6720270267931175, 0.03877894030290358], [0.10111560624351006, 0.19544047017830565, 0.09374694296129553, 0.6096969806168887], [0.04905875954132042, 0.04341270941055931, 0.8797966150982586, 0.027731915949861855], [0.0005728878448645282, 0.006839500283193246, 0.0012906701339943044, 0.9912969417379478], [5.551711892291546e-05, 0.07443699723034354, 0.040364704135965414, 0.8851427815147682], [0.14645594916901084, 0.1399964378661838, 0.34418131736014307, 0.3693662956046623], [0.9568670107938086, 0.031949624744098154, 0.0032327884770950977, 0.00795057598499824], [0.008526763411017409, 0.3752546902689552, 0.015768398153013348, 0.6004501481670141], [0.7118210258321893, 0.10016475647719494, 0.0994324541535126, 0.08858176353710319], [0.012052973282434412, 0.312240417921249, 0.6720670320857725, 0.003639576710544078], [0.9463652700082321, 0.00032073530701942816, 0.05205730262871244, 0.001256692056036059], [0.8445407067702324, 0.01790800779899215, 0.024518439620802378, 0.11303284580997283], [0.01287133287604232, 0.7146380108599556, 0.19100176085769768, 0.0814888954063044], [0.3634560064996478, 0.3713903936928471, 0.03374287547210338, 0.23141072433540175], [0.023453020586418218, 0.10190040759640238, 0.7658132053125271, 0.10883336650465235], [0.003963797615535863, 0.6170754508102057, 0.0012612014068935085, 0.377699550167365], [0.5073918136169772, 0.09780821211350768, 0.000345871724275992, 0.39445410254523916], [0.1851576105614691, 0.22980837970921816, 0.0011561036209540572, 0.5838779061083588], [0.48065769138461734, 0.5124489649163697, 0.002039340167217216, 0.004854003531795784], [0.011552566250821593, 0.6877183017967134, 0.05805547402277931, 0.24267365792968565], [0.5932870925088062, 0.18565892643264292, 0.008302859871032978, 0.21275112118751782], [0.6717889851926963, 0.004029209752337546, 0.151363275206153, 0.17281852984881343], [0.036081710312848916, 0.5052923888455015, 0.35569790746963176, 0.10292799337201784], [0.41055562330790607, 0.02791520485679604, 0.33615658781868374, 0.2253725840166142], [0.0075696326493394925, 0.800179522794406, 0.17855533358531123, 0.013695510970943287], [0.012040855767484936, 0.024084998429102923, 0.07832047949997065, 0.8855536663034415], [0.0007392912255302355, 0.18787927816002647, 0.012258778318581545, 0.7991226522958617], [0.5224509033053499, 0.113152622470207, 0.35906026215191184, 0.005336212072531368], [0.6481850334343789, 0.26712017730665377, 0.010791102121893431, 0.07390368713707376], [0.0032749560150759052, 0.016061969715399978, 0.3886301778598045, 0.5920328964097196], [0.3083068362621265, 0.3291015210942423, 2.4311872557078567e-05, 0.36256733077107417], [0.007060782740834418, 0.14106536625257232, 0.011532514904815064, 0.8403413361017782], [0.0045032611459105715, 0.8071473336041762, 0.0131514635882289, 0.17519794166168426], [0.5311337330224746, 0.0611365444964293, 0.011142203009473084, 0.39658751947162313], [0.47900387650201215, 0.07196469157214518, 0.30000749238081753, 0.14902393954502519], [0.14019676904103895, 0.43157828988065516, 0.32727540293820895, 0.10094953814009684], [0.11066898140293661, 0.46064068880037573, 0.40430975133352853, 0.024380578463159212], [0.8542969194497341, 0.011429584010348388, 0.0016113436492585151, 0.1326621528906589], [0.2739603576102361, 0.07546827541791988, 0.0006794050282267109, 0.6498919619436172], [0.02176930068207235, 0.8567897788765801, 0.015393422139126776, 0.10604749830222072], [0.0610965770663018, 0.3911853832764265, 0.010275356491054077, 0.5374426831662176], [0.00029532243854169654, 0.9952331696675047, 0.0008524910020037767, 0.00361901689194976], [0.5688840409010282, 0.27958663280782786, 0.005831178736589551, 0.1456981475545544], [0.991689735175052, 0.0012377522465790993, 8.082902272032043e-06, 0.007064429676096964], [0.41922220178127567, 0.36010772174255684, 0.007844261170910303, 0.21282581530525713], [0.0016286094061153857, 0.23899399017044942, 0.7321169512874266, 0.027260449136008558], [0.029434253843308465, 0.009698243368968568, 0.9535233516571913, 0.007344151130531593], [0.7925714861011418, 0.02300925063525845, 0.007963066614702478, 0.1764561966488974], [0.0030040820421667782, 1.7850810319998987e-05, 0.007506789627801271, 0.989471277519712], [0.016217645059473613, 0.8485835546933632, 0.059913639700392304, 0.07528516054677077], [0.1538960225668348, 0.1955403681699086, 0.0217656532619185, 0.628797956001338], [0.10405700571801796, 0.09651396889409723, 0.5440269721042095, 0.2554020532836753], [0.012613391428447179, 0.7453224139357478, 0.044021389485002456, 0.1980428051508025], [0.011571593769180195, 0.3568161625750391, 0.5942778248583225, 0.03733441879745814], [0.0010737871532111745, 0.634798221719624, 0.09219399133703954, 0.27193399979012534]]}, "rewritten": {"ids": ["97105760", "97105960", "97106000", "97106591", "97106970", "97107260", "97107821", "97116401", "98107340", "98108370", "98109311", "98116940", "99105921", "99107950", "99108000", "99108010", "99108890", "99109740", "99109840", "99111930", "99112641", "99114890", "99117630", "100108260", "100108520", "100109801", "100110050", "100110260", "100111080", "100111270", "100111380", "100111620", "100113210", "100115700", "100120780", "101108080", "101108370", "101110150", "101110740", "101111140", "101111990", "102109840", "102109850", "102109910", "102110240", "103109791", "103111540", "103113170", "103113210", "103118291", "103120780", "104109311", "104111780", "104112201", "104114240", "104114410", "104114740", "104116800", "104116980", "104117200", "105110091", "105113440", "105115380", "105115570", "105116090", "105116501", "105118230", "105120280", "106113360", "106115120", "106117650", "106118161", "106118520", "106121220", "107113170", "107114950", "107116980", "107117010", "107118520", "107120010", "107120260", "107121540", "107121640", "108113700", "108113760", "108114040", "108114220", "108114670", "108115570", "108116481", "108118060", "108118630", "108120260", "108121160", "108121190", "108121410", "109113931", "109114030", "109115211", "109117080", "109118231", "109118820", "110114610", "110114920", "110115980", "110118121", "110118301", "110120560", "110120700", "110121450", "111115910", "111116010", "111116090", "111116990", "111118810", "111118820", "111119580", "111119610", "111119950", "111120190", "111120540", "111120591", "111121220", "112116290", "112116810", "112116850", "112117431", "112117780", "112118471", "112118511", "112118701", "112118860", "112118890", "112119980", "112120630", "113118620", "113118870", "113119450", "113120751", "113120830", "113122170", "113122510"], "labels": [0, 2, 0, 1, 2, 2, 2, 3, 0, 1, 1, 2, 1, 1, 2, 2, 0, 3, 2, 1, 1, 2, 3, 3, 2, 0, 3, 3, 0, 2, 3, 3, 0, 1, 1, 0, 1, 1, 3, 2, 2, 2, 1, 2, 3, 3, 1, 3, 3, 0, 1, 3, 3, 0, 0, 1, 2, 1, 1, 3, 0, 0, 1, 0, 1, 1, 1, 3, 0, 1, 1, 3, 2, 1, 0, 3, 3, 1, 2, 1, 1, 2, 1, 0, 1, 0, 3, 3, 3, 0, 1, 1, 1, 2, 1, 0, 1, 1, 0, 1, 1, 3, 1, 3, 1, 3, 1, 0, 2, 3, 2, 1, 3, 0, 0, 0, 3, 2, 0, 3, 1, 1, 3, 0, 3, 0, 0, 0, 1, 1, 0, 3, 3, 0, 3, 3, 0, 3, 1, 3, 1, 2], "predicted_labels": [1, 3, 2, 1, 2, 2, 1, 1, 2, 3, 1, 1, 1, 1, 2, 1, 1, 2, 2, 1, 3, 3, 2, 1, 2, 3, 2, 0, 2, 2, 0, 2, 3, 0, 3, 0, 3, 1, 3, 0, 0, 3, 2, 0, 3, 3, 0, 1, 2, 0, 2, 3, 0, 3, 0, 2, 3, 3, 1, 1, 0, 1, 2, 2, 0, 1, 1, 0, 1, 0, 1, 0, 2, 3, 3, 3, 0, 1, 0, 3, 0, 2, 3, 3, 3, 2, 3, 0, 1, 0, 3, 3, 3, 3, 1, 1, 2, 1, 3, 1, 2, 0, 0, 0, 0, 0, 0, 0, 3, 0, 1, 2, 3, 1, 0, 0, 3, 3, 0, 3, 0, 0, 1, 0, 2, 1, 1, 3, 0, 1, 3, 0, 0, 0, 0, 3, 1, 0, 0, 0, 3, 1], "confidence_scores": [[0.04624883383924533, 0.8755276252476335, 5.995726165392735e-05, 0.07816358365146733], [0.001095595457718424, 0.00010270081235498794, 0.0033149538625873204, 0.9954867498673393], [0.10336301361154179, 0.0126236422486739, 0.864507805996338, 0.01950553814344622], [0.010362416129492406, 0.9894999576456701, 3.1906309997485204e-05, 0.00010571991483993145], [4.158805008075336e-05, 0.003585102115197333, 0.8368327957242696, 0.1595405141104523], [0.0808142066193705, 0.02444314861472694, 0.8942520531050362, 0.000490591660866341], [0.3964304613397369, 0.4996858981583786, 0.06280105450414111, 0.041082585997743254], [0.0038862605657563076, 0.9384838383719363, 0.03539825816973226, 0.022231642892575277], [0.0015814493387388043, 0.10225614195488027, 0.8927698297785932, 0.0033925789277877367], [0.024114024946283112, 0.1260260952801028, 0.13164335550839928, 0.7182165242652148], [0.2509809337344343, 0.5965002649748617, 0.006105296392500815, 0.14641350489820293], [0.008989709739082953, 0.7547120201644185, 0.10679997064161362, 0.1294982994548851], [0.03344906408343686, 0.8142508180497134, 0.07665128421947694, 0.07564883364737283], [0.000303166513615092, 0.7383428326124305, 0.25424327947647873, 0.007110721397475766], [0.0017983103545905245, 0.21337580673166823, 0.7831248545036533, 0.0017010284100879931], [0.00038189331728727605, 0.981324581296944, 0.018109592690157498, 0.0001839326956113053], [0.0014538596378847503, 0.5686569251441945, 0.4295737010802864, 0.0003155141376343879], [0.08137673513640412, 0.14892185795890828, 0.7651583126921863, 0.004543094212501327], [0.00844318050946868, 0.025264680377170952, 0.9623652339194948, 0.003926905193865638], [0.21987647878174937, 0.759503459307405, 0.014937557594706512, 0.0056825043161391284], [0.27842921880031135, 0.10596600936007837, 0.050621112843100634, 0.5649836589965097], [0.00018201333129949795, 0.06109181224880259, 0.013153476989373893, 0.9255726974305241], [0.02233981887384636, 0.045832801308401644, 0.9036665049770144, 0.02816087484073751], [0.16955715004042365, 0.4856002464011376, 0.31734101276293886, 0.02750159079549988], [0.022928875259319855, 0.01998236535816375, 0.953622449067741, 0.003466310314775542], [0.006206401566884125, 0.032420392783805575, 0.0010236841881473954, 0.9603495214611629], [0.019264848684847766, 0.05803109512320552, 0.9098337328553657, 0.012870323336580846], [0.9430283522519537, 0.05591569577971593, 6.0894229200409564e-05, 0.0009950577391301151], [0.0017891728556340676, 0.4572587118915635, 0.5381394164231045, 0.002812698829697967], [0.0652137597079355, 0.15234781990441187, 0.7135877009991429, 0.06885071938850966], [0.4540401398839292, 0.053573563058334474, 0.4256657741499277, 0.06672052290780858], [0.2135476692616266, 0.02040412177646711, 0.6781485782725956, 0.08789963068931088], [0.19261802943095363, 0.05044772716374449, 0.054915364893846214, 0.7020188785114557], [0.8059071446614225, 0.002524972680942275, 0.17830182837628028, 0.013266054281354918], [0.13057790343141226, 0.1579532515253034, 0.010506256924543074, 0.7009625881187413], [0.8462687041668541, 0.14701508031447813, 0.0051139087502988165, 0.0016023067683690639], [0.06657418803191194, 0.0017369504792058659, 3.230483197885272e-05, 0.9316565566569034], [0.05484820558076599, 0.932719215320744, 0.010972988138809849, 0.0014595909596802601], [0.03850854913828781, 0.11841191973062977, 0.051741410174558085, 0.7913381209565243], [0.4838164734530877, 0.03139683503819366, 0.02565253511778131, 0.45913415639093746], [0.35424049007955677, 0.010681463140085362, 0.349517278089787, 0.2855607686905709], [0.007582066623137008, 0.004794952710798203, 0.46404231579997496, 0.5235806648660899], [0.02468823598969372, 0.000163165565291234, 0.8397227639784616, 0.13542583446655349], [0.8620339714794881, 0.07002707721639571, 0.012168875503059926, 0.05577007580105609], [0.011529016821024902, 0.1946527498505862, 0.0015573298311015703, 0.7922609034972873], [0.06956324729952744, 0.005024056609575561, 0.1258948227419076, 0.7995178733489894], [0.610105901118176, 0.3559873609577068, 0.0037396824493222147, 0.03016705547479506], [0.319014968010603, 0.4858320509752286, 0.16796712680882744, 0.027185854205340965], [0.012863222880256991, 0.13461974121559103, 0.845867152270997, 0.006649883633154985], [0.40279213114698054, 0.2733617619077174, 0.2905607619425703, 0.03328534500273176], [0.0816817266160232, 0.10059638003804892, 0.7500191306127314, 0.06770276273319645], [0.004174331016133533, 0.005071014927458697, 0.0008911278789305241, 0.9898635261774773], [0.43793445243306595, 0.4337275548949136, 0.02040141634815371, 0.10793657632386672], [0.397035340320214, 0.07312233146749947, 0.0007198394208621335, 0.5291224887914243], [0.8718515619829935, 0.008233432446714614, 0.111993975176468, 0.007921030393824004], [0.225395149962431, 0.059038057526303644, 0.6619513478283091, 0.05361544468295617], [0.018102735590584954, 0.0033357946623536897, 0.1542766116865083, 0.8242848580605531], [0.030848409563493134, 0.0022011998074503193, 0.00011301079977742556, 0.9668373798292791], [0.000286744839584062, 0.906935261930035, 0.06159289265382862, 0.03118510057655228], [0.25913096253894025, 0.652163039299853, 0.003327374155156569, 0.08537862400605026], [0.9977078847064152, 0.0010664145072532382, 0.0009496912947044835, 0.00027600949162714857], [0.011455457673606168, 0.975502436929746, 0.001493124215425188, 0.011548981181222506], [0.013257777568727761, 0.2638927832637628, 0.7179706886717956, 0.004878750495713968], [0.0025932595880497895, 0.36026346434515705, 0.524821408979959, 0.11232186708683418], [0.641599545304689, 0.2114246808017779, 0.0056737023613980565, 0.141302071532135], [0.2651835125038725, 0.6740434065860424, 0.001417930243560997, 0.05935515066652388], [0.0001306185039222785, 0.9852657663219831, 0.014332899574620837, 0.00027071559947386707], [0.5909157970721982, 0.4067079203796502, 0.0006458272098977621, 0.0017304553382537233], [0.3215178253001444, 0.6470357427232005, 0.015179919747023369, 0.01626651222963179], [0.8203192555463306, 0.0716430343026405, 0.005563007862808661, 0.1024747022882203], [0.0076288055990738025, 0.5515639630559559, 0.4359108994336382, 0.004896331911332095], [0.9714869044511838, 0.025603575570736663, 0.00048326531319009335, 0.0024262546648894053], [0.002926139152497788, 0.0040203355204846605, 0.8620176701461787, 0.13103585518083874], [2.0822407659167336e-05, 0.01999482684657669, 0.07747520077174029, 0.9025091499740238], [0.010639506446570331, 0.08835679409637043, 0.004279605210728601, 0.8967240942463307], [0.4628961971099924, 0.005374298884171846, 0.01527825434794836, 0.5164512496578875], [0.9578586210479723, 0.04199371501953821, 6.575273267523133e-05, 8.19111998144319e-05], [0.00911025228113997, 0.7523382344060264, 0.010632664499886774, 0.22791884881294694], [0.9628848134756072, 0.020001578323832855, 0.002388554988930294, 0.0147250532116299], [0.004683561151496822, 0.09536603192609296, 0.04033799503761519, 0.8596124118847951], [0.7762242205615808, 0.002364804065358926, 0.0037968095163594937, 0.21761416585670074], [0.13999350423170506, 0.012598638202337423, 0.7876030980375255, 0.05980475952843201], [0.02685805942371454, 0.11813272323206511, 0.14679269616217058, 0.7082165211820497], [0.00041641441005268456, 0.04663951370338884, 0.011941611671504076, 0.9410024602150544], [0.009165901591518488, 0.08801420584281765, 0.07583654218438196, 0.8269833503812819], [0.017017749194961112, 0.0020244041496736546, 0.9444062982393018, 0.03655154841606332], [0.029168299517512458, 0.22159220236008584, 0.004078008251389749, 0.7451614898710119], [0.642878048299433, 0.17472830051033464, 0.004132524532454134, 0.17826112665777838], [4.643169292255078e-05, 0.8583712584437599, 0.03483220026785093, 0.10675010959546664], [0.9122934382894697, 0.018040379722167887, 0.0012092168929991388, 0.06845696509536343], [0.09109886590019721, 0.08664033055263802, 0.06859190421872666, 0.7536688993284382], [0.09258776750418678, 0.06475262040694697, 0.005413934262712611, 0.8372456778261536], [0.10715100793757794, 0.1240182645094013, 0.008348829608314559, 0.7604818979447062], [0.00017691407538991905, 0.011946798260186768, 0.002771304862109689, 0.9851049828023136], [0.009815958498328347, 0.5396518774780684, 0.27980974152526816, 0.17072242249833508], [0.0004334375494609689, 0.9208392148594067, 4.669972353107416e-05, 0.07868064786760126], [0.018078633570595075, 0.009611964844383347, 0.5719123822520019, 0.40039701933301963], [0.0008023632925238207, 0.7532409754154287, 0.15130709151438676, 0.09464956977766072], [0.16553105715461527, 0.013419103701428467, 0.0013732559331646067, 0.8196765832107916], [0.0001633572886111418, 0.9968902251621422, 0.0002644919120411691, 0.00268192563720534], [0.12129975828509608, 0.38477456855629366, 0.4882635843755155, 0.005662088783094857], [0.8303204456417402, 0.050635614927862324, 0.002375710332114861, 0.11666822909828249], [0.4853054647086202, 0.3937981710331611, 0.10811451323165748, 0.012781851026561392], [0.3368754669444386, 0.30758589604671865, 0.3107272590443297, 0.04481137796451301], [0.8835257517983, 0.015869819859759826, 0.047771661555420356, 0.052832766786519984], [0.7763898639856329, 0.05203206392751407, 0.002701415468972679, 0.1688766566178802], [0.3977213222438725, 0.2860067068026138, 0.012696225510772428, 0.30357574544274124], [0.9648061731917972, 0.00011784000170146283, 0.022695263979119407, 0.012380722827382038], [0.05187521969133051, 0.025900028896062518, 0.0034259462952521734, 0.9187988051173549], [0.5825997883055194, 0.0773810145627023, 2.24568146178635e-05, 0.3399967403171603], [0.0006749688857313012, 0.9859149036256121, 0.000576820461062232, 0.01283330702759448], [0.005969225508209802, 0.23838684629276907, 0.7265481060243012, 0.02909582217471995], [0.22870947703468822, 0.12454368205868137, 0.0005156502940355956, 0.6462311906125948], [0.14964298203971246, 0.6618803793814853, 0.0038815163055932766, 0.184595122273209], [0.576944883233373, 0.0016235619917870203, 0.4036742006080166, 0.017757354166823367], [0.9881460791083113, 0.010565903239811571, 0.0004208016609623105, 0.0008672159909149025], [0.3602054620555247, 0.007718285364543862, 0.0037075510335600435, 0.6283687015463714], [0.029958710349727684, 0.0021544652194651973, 0.10700421056305308, 0.860882613867754], [0.926332343251237, 0.017856022596351183, 0.04809916385387386, 0.0077124702985379295], [0.01452028363498631, 0.2115632195201329, 0.2885402724933968, 0.48537622435148403], [0.7787811848762646, 0.21234922345482768, 0.00885099769394999, 1.8593974957701275e-05], [0.9996455846260003, 1.9174568778324816e-05, 1.1707408004298197e-05, 0.00032353339721707106], [0.04679109927620822, 0.8593234124795596, 0.006857789984772294, 0.08702769825945997], [0.8538345810133409, 0.12426854767238991, 0.00013406967663060678, 0.021762801637638628], [0.025657330424489568, 0.10440856851521821, 0.7888381345792889, 0.08109596648100327], [0.029691684217800923, 0.5858387288418441, 0.0075794593578134865, 0.3768901275825414], [0.06948329420187238, 0.9146905250144355, 0.0004623303080366141, 0.015363850475655513], [0.05128351146799426, 0.3275333512862731, 0.07696665426610852, 0.5442164829796242], [0.8884432485846038, 0.09041937640205132, 0.021048795498237252, 8.857951510769664e-05], [0.0652107071370716, 0.7338972023318688, 0.004582957102019172, 0.1963091334290404], [0.14580004665865137, 0.33825740449994246, 0.0012802041993163712, 0.5146623446420898], [0.9724518561542981, 0.017416939876591295, 0.00975004083445163, 0.0003811631346590331], [0.533351425082649, 0.010886173783845314, 0.2510524240861475, 0.20470997704735824], [0.5938877273220409, 0.30717163754429805, 0.021273683827793974, 0.07766695130586725], [0.4494996699703573, 0.3784930000936371, 0.041300779096716554, 0.1307065508392891], [0.03726801408943458, 0.008640379639961043, 0.015962618961396544, 0.9381289873092078], [0.004531434608065766, 0.9945937277139894, 0.00022241205256214735, 0.0006524256253825533], [0.5596178294843009, 0.3013766817835405, 0.07743557006282904, 0.061569918669329544], [0.695565414480559, 0.00474738257889426, 0.2592603952603549, 0.04042680768019184], [0.7932212454076586, 0.0005178579972545918, 0.16753718728546685, 0.03872370930962008], [0.0010627868321765185, 0.0019276700117186194, 0.25075425671673957, 0.7462552864393653], [4.9358209380883214e-05, 0.964765648715285, 0.0319633929421277, 0.003221600133206458]]}}