{"test": {"ids": ["110121170", "112116610", "112117790", "105117431", "112120290", "107118780", "104111780", "112117471", "113117401", "101112690", "106117650", "99111620", "103109641", "110114920", "102110850", "109116930", "98109311", "100116500", "113121980", "99110050", "111116040", "111115910", "110121450", "105121370", "98109090", "99114890", "103109021", "105116980", "109114270", "111120640", "113119480", "111116010", "106119260", "109117730", "98120010", "108120621", "108117720", "105110091", "112118890", "102113350", "112120540", "112116401", "106114150", "101110200", "109117110", "97116790", "112117580", "102109840", "98116090", "100109311", "101111990", "106119580", "113122430", "104113170", "101110740", "111116090", "108116070", "107113180", "100109000", "106112770", "113122150", "109117630", "104113210", "99109910", "105116650", "97105580", "107115250", "113118690", "99109141", "113120260", "104116800", "103117461", "99121440", "113119930", "99117630", "107115140", "104112201", "98108520", "113122320", "110119891", "113118231", "105114220", "97116800", "104119290", "109114720", "110117110", "104111990", "110116501", "102110240", "100113210", "98106111", "97109570", "111120540", "103112470", "111119300", "104117630", "108115570", "106116820", "111119950", "98108580", "102109010", "105112130", "99108000", "108119510", "108117610", "99109311", "108115500", "111114171", "109117080", "97106970", "97106591", "98112170", "106120640", "112117030", "108115870", "101108460", "107114621", "110118701", "113120280", "104114410", "97107920", "108118291", "113121810", "111120280", "101109000", "98108370", "111121930", "100108520", "109114651", "103111540", "108118810", "109121640", "97116500", "107121640", "103112641", "97107040", "101115190", "107113130", "109118231", "112119120", "113118421", "100120010"], "labels": [2, 1, 3, 1, 1, 1, 3, 3, 3, 1, 1, 3, 1, 3, 3, 0, 1, 2, 2, 3, 0, 2, 3, 2, 1, 2, 0, 0, 3, 0, 3, 1, 1, 3, 2, 1, 1, 0, 3, 3, 3, 0, 1, 2, 1, 2, 0, 2, 0, 1, 2, 3, 2, 3, 3, 3, 1, 3, 1, 1, 2, 0, 3, 2, 1, 1, 2, 3, 3, 3, 1, 0, 2, 1, 3, 0, 0, 2, 1, 3, 3, 3, 0, 1, 0, 0, 2, 3, 3, 0, 0, 0, 1, 1, 1, 0, 3, 1, 0, 0, 1, 1, 2, 1, 3, 1, 3, 3, 1, 2, 1, 3, 3, 2, 3, 0, 0, 3, 0, 1, 0, 3, 2, 0, 1, 1, 1, 2, 3, 1, 1, 0, 2, 1, 3, 2, 1, 1, 1, 1, 3, 0], "predicted_labels": [3, 0, 0, 1, 0, 1, 1, 1, 1, 0, 1, 1, 1, 1, 1, 0, 1, 2, 1, 3, 3, 1, 3, 1, 3, 1, 0, 3, 3, 1, 0, 1, 3, 1, 3, 0, 3, 0, 1, 3, 1, 3, 3, 1, 1, 3, 0, 1, 3, 0, 3, 1, 1, 1, 1, 0, 1, 1, 3, 1, 1, 0, 3, 2, 2, 1, 1, 3, 0, 0, 3, 3, 2, 1, 3, 3, 3, 1, 1, 1, 1, 0, 0, 1, 3, 1, 1, 1, 3, 3, 2, 3, 0, 1, 1, 1, 1, 1, 3, 3, 3, 1, 1, 3, 3, 1, 3, 0, 1, 2, 1, 0, 1, 1, 3, 3, 3, 1, 0, 3, 3, 3, 1, 3, 3, 3, 3, 2, 1, 1, 1, 3, 1, 3, 0, 2, 3, 3, 1, 3, 3, 3], "confidence_scores": [[0.23216856526466698, 0.1628995203292023, 0.22187881199844914, 0.383053102407682], [0.8585056837475186, 0.07709073593686266, 0.02377125514991797, 0.040632325165700665], [0.7797926515055054, 0.019673968158593316, 0.007327089421731829, 0.1932062909141695], [0.16845506211612027, 0.44089673975621485, 0.2896327388697166, 0.1010154592579486], [0.45994844262886214, 0.18263862592100827, 0.021877470930755018, 0.33553546051937466], [0.2518921577069306, 0.42526436929698913, 0.08755606823080667, 0.23528740476527396], [0.1361882913072863, 0.6947446866626814, 0.011917724079874409, 0.1571492979501578], [0.31364904011050243, 0.5230815829759475, 0.02194094634354274, 0.14132843057000766], [0.13713652302448923, 0.7254680208150773, 0.0008491153912547029, 0.13654634076917882], [0.48893703265132654, 0.15435661844038964, 0.03576068038873881, 0.3209456685195452], [0.10467805219050107, 0.6112998699907892, 0.15052482481755286, 0.13349725300115647], [0.11840971212211718, 0.5890684444369387, 0.22890371320548897, 0.0636181302354549], [0.14620704262517975, 0.416306482005982, 0.16822232500726322, 0.26926415036157497], [0.3295190639677462, 0.5626506222985151, 0.05661406043926466, 0.05121625329447387], [0.04167456838577968, 0.7420721783418844, 0.06109235242286701, 0.1551609008494684], [0.5247523928280526, 0.13942008013952034, 0.01376633400718887, 0.3220611930252384], [0.3037781541755353, 0.4962186409155418, 0.09651653394510115, 0.10348667096382158], [0.15467810599329618, 0.00726645806293044, 0.7989093297821145, 0.03914610616165901], [0.2194249102747216, 0.6985633804170883, 0.0005974487607947521, 0.08141426054739535], [0.17540797057676194, 0.09877096382863723, 0.04451232431444416, 0.6813087412801567], [0.18403914664246684, 0.03486603107359916, 0.008747764495583435, 0.7723470577883502], [0.042051253910345275, 0.7767974178393081, 0.005582511001398592, 0.17556881724894807], [0.14407653405610774, 0.016407660251218387, 0.002241830328684158, 0.8372739753639897], [0.01774518905601954, 0.8164505335744514, 0.10319165820295578, 0.06261261916657343], [0.22456303819002774, 0.2725346929875332, 0.12187883826740771, 0.3810234305550313], [0.0068069567323733, 0.5351588895322205, 0.16022395164011674, 0.2978102020952897], [0.5137281016566634, 0.2517157007825323, 0.07299896545082506, 0.16155723210997933], [0.14916921439785075, 0.24808153552453283, 0.0015994563775961685, 0.6011497937000202], [0.18892571647673576, 0.04545299221482539, 0.000404491897698659, 0.7652167994107402], [0.3269863848238541, 0.4595295822923817, 0.12765904547960324, 0.08582498740416054], [0.7652982617071462, 0.04062057445288459, 0.006304354465529634, 0.18777680937443963], [0.05369442356297814, 0.61109439070878, 0.16103922972470433, 0.17417195600353746], [0.03496457548161236, 0.0035073377716817408, 0.09090651224305318, 0.8706215745036524], [0.2952941698310095, 0.28329610977447534, 0.24540135083638032, 0.17600836955813456], [0.014911387467529895, 0.07100383306824362, 0.6467232715978466, 0.2673615078663798], [0.5714631286458922, 0.18193639808219458, 0.11783149070930403, 0.12876898256260905], [0.059598009156775704, 0.06678925264132915, 0.0019289032044279898, 0.8716838349974674], [0.7861441472175634, 0.15258682757047837, 0.012473937905757428, 0.04879508730620062], [0.1756476315905902, 0.3972147319066196, 0.2855710886161759, 0.1415665478866144], [0.12583506595993627, 0.18609984540843327, 0.48192987581246494, 0.20613521281916572], [0.4640094686393331, 0.4917296529371933, 0.024140458577456992, 0.020120419846016625], [0.4278926733313513, 0.006068439094725186, 0.0009419208713439262, 0.5650969667025797], [0.29294998492782526, 0.2087980331413018, 0.06241802053383338, 0.43583396139703967], [0.07650765269087399, 0.5436001426546079, 0.06304659155060144, 0.3168456131039167], [0.06698707906684208, 0.6870031032456024, 0.06465583248067452, 0.18135398520688079], [0.11252674458067966, 0.21811047416938428, 0.4103952359432882, 0.25896754530664784], [0.4911394383722303, 0.25745256449139237, 0.00973460503920758, 0.24167339209716956], [0.12460030581556811, 0.37283613990359243, 0.16008666185206974, 0.3424768924287698], [0.06341485047282958, 0.12512578472835473, 0.09840530074049475, 0.7130540640583211], [0.8666027345966542, 0.09654383697101593, 0.0034482964053195175, 0.033405132027010113], [0.12755161194093692, 0.24462160092901009, 0.3724581167745905, 0.25536867035546273], [0.02401074323504408, 0.6417131367058365, 0.31812715568146055, 0.016148964377658975], [0.02152716512270566, 0.5939166762853028, 0.1214884680394218, 0.2630676905525695], [0.19422897622914556, 0.5379038582655757, 0.06720629589622742, 0.20066086960905152], [0.1428084773945476, 0.435913352479618, 0.23036190259348563, 0.19091626753234892], [0.8179785832288802, 0.07071534722029019, 0.0015706100758022823, 0.10973545947502726], [0.2197137809379108, 0.458770311273225, 0.174311372649202, 0.14720453513966228], [0.017991589059105348, 0.6261676639473133, 0.24770899096748147, 0.10813175602609978], [0.08262024188200146, 0.0674817143594602, 0.1557231511859548, 0.6941748925725837], [0.06256022115229268, 0.33193826906574425, 0.4923100811254082, 0.11319142865655463], [0.04509742935793096, 0.8930372121757885, 0.010718599408650128, 0.05114675905763062], [0.7556521237927628, 0.07914534728759069, 0.011646786188146737, 0.15355574273149972], [0.39339922517546866, 0.02387938897840375, 0.04403850645241956, 0.5386828793937076], [0.10952596971921946, 0.07012586340322773, 0.7997664176427419, 0.02058174923481068], [0.014724440055877653, 0.10545689405637997, 0.8524847810535102, 0.027333884834232103], [0.0075069271884537535, 0.7971205284076077, 0.14749159967851605, 0.04788094472542227], [0.138245721748886, 0.5732698783503344, 0.15141534957319042, 0.13706905032758904], [0.12992673790552509, 0.21220441820238095, 0.051032660455343486, 0.6068361834367507], [0.7276906557642165, 0.08895966788440016, 0.003953868366562093, 0.17939580798482105], [0.4928746176765869, 0.1347352090781351, 0.28751730981924345, 0.08487286342603471], [0.27954872165664857, 0.15229453489544495, 0.06539848307655996, 0.5027582603713465], [0.24328355234219953, 0.219354808183444, 0.015111059338797493, 0.5222505801355589], [0.08701678217342956, 0.1921336275299405, 0.6717374433542881, 0.049112146942342], [0.3133691553405834, 0.5825132434707648, 0.00891847597643297, 0.09519912521221874], [0.1681291195720487, 0.03127086996328859, 0.25509026146034314, 0.5455097490043196], [0.21916174243011177, 0.01224475584407662, 0.15460515454929596, 0.6139883471765154], [0.49639395749564946, 0.07122744665144026, 0.008646810308352017, 0.4237317855445583], [0.08992709814044166, 0.7893587940001178, 0.0998652753155364, 0.020848832543904006], [0.16856375121826137, 0.45637706904153974, 0.1579932909378606, 0.21706588880233804], [0.28972775411918184, 0.6175300384922487, 0.033295442909607495, 0.05944676447896188], [0.14490062386752067, 0.6811965831456809, 0.10967322774154976, 0.06422956524524857], [0.5850320389336575, 0.09429009539750068, 0.15190885573848747, 0.16876900993035446], [0.8480641493916612, 0.061566882814037764, 0.011339853876565104, 0.07902911391773597], [0.353826662845897, 0.3432159777366274, 0.1848971919115256, 0.11806016750595007], [0.025067393338007636, 0.32458406454662575, 0.32398637672448066, 0.32636216539088614], [0.2554741262842237, 0.45603378454037885, 0.022915253787277358, 0.26557683538812027], [0.11185791052509432, 0.4507541929803576, 0.3395365792645991, 0.09785131722994894], [0.09780828620134116, 0.783407453271042, 0.004214728036840002, 0.11456953249077698], [0.37625722749465684, 0.24882879546720324, 0.022149306867253735, 0.35276467017088625], [0.1940224307285967, 0.22890329658218028, 0.07337022500603367, 0.5037040476831891], [0.10598509139222671, 0.06813936045973931, 0.7757969238696584, 0.0500786242783751], [0.36706329818710975, 0.04131897739395996, 0.2673919494793921, 0.32422577493953797], [0.6392821637730214, 0.33715683854665346, 0.0075643500105330025, 0.0159966476697922], [0.3867415905016319, 0.3926388034698684, 0.14308256843735245, 0.0775370375911472], [0.056932808459623924, 0.8081694125915069, 0.07316352193447687, 0.06173425701439266], [0.07903950955811048, 0.4038378951097624, 0.15491276260590267, 0.36220983272622415], [0.028726884103260606, 0.30659596602120215, 0.42476710578561966, 0.2399100440899175], [0.35953069185858383, 0.3845015274880522, 0.13020960945760157, 0.1257581711957625], [0.5143843094022074, 0.03345633611694135, 0.04364978666690197, 0.40850956781394926], [0.3697395671134404, 0.07636234483819775, 0.19045174449002758, 0.36344634355833416], [0.14785174229424747, 0.12029304324740006, 0.29710137077424525, 0.43475384368410713], [0.03407394487207946, 0.6762582507804874, 0.2020958436348087, 0.08757196071262459], [0.06316088564572703, 0.4439646879862326, 0.36297597522115277, 0.12989845114688775], [0.13442614332856223, 0.3043530233362665, 0.22044818144500475, 0.34077265189016637], [0.04278231417754391, 0.09843158450464183, 0.0853476554626991, 0.7734384458551151], [0.28037876825586877, 0.5971754612251821, 0.027975037641161948, 0.09447073287778752], [0.15030493264243178, 0.350096854437763, 0.04780705942141849, 0.45179115349838705], [0.494125527847556, 0.2379777806483095, 0.05170191930279694, 0.21619477220133773], [0.0040234652992832635, 0.9629078100114011, 0.026873880513763236, 0.006194844175552675], [0.008629130667027562, 0.06689836110218497, 0.7897623333007517, 0.13471017493003593], [0.03179859133195458, 0.46373424661256124, 0.47452290368216404, 0.029944258373320015], [0.6821772912315075, 0.005874101191557716, 0.031027102348742168, 0.2809215052281924], [0.026349626978347303, 0.8658846261782283, 0.058019850965118955, 0.049745895878305794], [0.10977261055340833, 0.39636076084577, 0.13449404912514454, 0.359372579475677], [0.24571264523906355, 0.04324923407940993, 0.0937050262445125, 0.6173330944370139], [0.21587580048172195, 0.016324143605496087, 0.023296617506561684, 0.7445034384062205], [0.4990541276252128, 0.015401467326566548, 0.0002994945366772109, 0.4852449105115431], [0.4070938536333907, 0.5225411124370638, 0.009914927576902134, 0.06045010635264352], [0.7927228789730093, 0.0031044716720822424, 0.0023430921097351994, 0.20182955724517304], [0.04451762624984668, 0.15541330369229214, 0.39125382791321045, 0.40881524214465076], [0.5715682508282781, 0.004575459055221137, 0.003940836514777779, 0.41991545360172294], [0.427246757063857, 0.20640103638478738, 0.007819433957895448, 0.35853277259346017], [0.025485044372409834, 0.5718912271603245, 0.3931874497118887, 0.009436278755377146], [0.10396003051810415, 0.048656904309837705, 0.005285845029193534, 0.8420972201428646], [0.44535125550605154, 0.11430051192159948, 0.0897379520969601, 0.3506102804753888], [0.49716179280524875, 0.12992540363195076, 0.04957678715076712, 0.3233360164120334], [0.09541118348100151, 0.11637271698350925, 0.5312656423678184, 0.25695045716767023], [0.011389046972251774, 0.001168203113296751, 0.8843817908360191, 0.10306095907843221], [0.37531348980869605, 0.5168704716732694, 0.01894577485953093, 0.08887026365850356], [0.2914695826665256, 0.2502394249647101, 0.37652338853698747, 0.08176760383177628], [0.1254023447556641, 0.6801660746827204, 0.01326194063077509, 0.18116963993084034], [0.2938651409190103, 0.27115519544240774, 0.08149424530540572, 0.35348541833317626], [0.16129600734005942, 0.3390456055702573, 0.20654220216843683, 0.2931161849212464], [0.061289893416176786, 0.1270469999924232, 0.43362667413224315, 0.3780364324591569], [0.8094366995604896, 0.11515511627399101, 0.00867588357545518, 0.06673230059006399], [0.026996224781590583, 0.08444052141677279, 0.7219962544073517, 0.16656699939428513], [0.2959774661585995, 0.17136333456128539, 0.2365178009882502, 0.296141398291865], [0.10869060254027443, 0.16597361470601016, 0.5168618764170778, 0.2084739063366376], [0.15106005733399114, 0.3843331028810238, 0.3699575985406196, 0.09464924124436522], [0.13684125123680535, 0.07773906876024439, 0.13824770391973026, 0.6471719760832199], [0.16610699680040067, 0.11994267020228361, 0.028201800558588962, 0.6857485324387267], [0.06115660646567044, 0.05236157223560931, 0.06836790837277282, 0.818113912925947]]}, "rewritten": {"ids": ["97105580", "97106591", "97106970", "97107040", "97107920", "97109570", "97116500", "97116790", "97116800", "98106111", "98108370", "98108520", "98108580", "98109090", "98109311", "98112170", "98116090", "98120010", "99108000", "99109141", "99109311", "99109910", "99110050", "99111620", "99114890", "99117630", "99121440", "100108520", "100109000", "100109311", "100113210", "100116500", "100120010", "101108460", "101109000", "101110200", "101110740", "101111990", "101112690", "101115190", "102109010", "102109840", "102110240", "102110850", "102113350", "103109021", "103109641", "103111540", "103112470", "103112641", "103117461", "104111780", "104111990", "104112201", "104113170", "104113210", "104114410", "104116800", "104117630", "104119290", "105110091", "105112130", "105114220", "105116650", "105116980", "105117431", "105121370", "106112770", "106114150", "106116820", "106117650", "106119260", "106119580", "106120640", "107113130", "107113180", "107114621", "107115140", "107115250", "107118780", "107121640", "108115500", "108115570", "108115870", "108116070", "108117610", "108117720", "108118291", "108118810", "108119510", "108120621", "109114270", "109114651", "109114720", "109116930", "109117080", "109117110", "109117630", "109117730", "109118231", "109121640", "110114920", "110116501", "110117110", "110118701", "110119891", "110121170", "110121450", "111114171", "111115910", "111116010", "111116040", "111116090", "111119300", "111119950", "111120280", "111120540", "111120640", "111121930", "112116401", "112116610", "112117030", "112117471", "112117580", "112117790", "112118890", "112119120", "112120290", "112120540", "113117401", "113118231", "113118421", "113118690", "113119480", "113119930", "113120260", "113120280", "113121810", "113121980", "113122150", "113122320", "113122430"], "labels": [1, 1, 2, 2, 0, 0, 2, 2, 0, 0, 1, 2, 0, 1, 1, 3, 0, 2, 2, 3, 1, 2, 3, 3, 2, 3, 2, 2, 1, 1, 0, 2, 0, 0, 1, 2, 3, 2, 1, 1, 1, 2, 3, 3, 3, 0, 1, 1, 1, 3, 0, 3, 2, 0, 3, 3, 1, 1, 0, 1, 0, 1, 3, 1, 0, 1, 2, 1, 1, 1, 1, 1, 3, 3, 1, 3, 0, 0, 2, 1, 1, 3, 3, 3, 1, 3, 1, 3, 1, 1, 1, 3, 3, 0, 0, 1, 1, 0, 3, 1, 0, 3, 3, 0, 3, 3, 2, 3, 3, 2, 1, 0, 3, 1, 0, 0, 1, 0, 1, 0, 1, 2, 3, 0, 3, 3, 1, 1, 3, 3, 3, 3, 3, 3, 1, 3, 0, 2, 2, 2, 1, 2], "predicted_labels": [1, 1, 3, 1, 0, 0, 1, 3, 0, 0, 0, 1, 0, 1, 1, 0, 1, 2, 1, 0, 0, 2, 3, 1, 3, 3, 1, 3, 3, 0, 3, 2, 3, 3, 3, 3, 1, 2, 3, 3, 3, 1, 0, 1, 2, 3, 1, 0, 1, 1, 1, 1, 1, 3, 1, 0, 3, 3, 3, 1, 2, 1, 1, 2, 3, 0, 1, 2, 0, 0, 1, 3, 1, 1, 1, 1, 3, 3, 1, 3, 2, 0, 3, 3, 1, 3, 3, 1, 1, 3, 0, 3, 0, 3, 0, 1, 1, 0, 0, 1, 3, 1, 1, 0, 1, 3, 3, 3, 3, 3, 3, 0, 0, 1, 0, 3, 0, 0, 0, 3, 0, 1, 3, 0, 3, 0, 3, 3, 0, 1, 1, 3, 3, 0, 1, 0, 0, 1, 1, 1, 3, 1], "confidence_scores": [[0.014782151556249715, 0.6952344808580148, 0.17220561960281863, 0.11777774798291706], [0.050786876665894626, 0.48067628735993084, 0.3671314997184671, 0.1014053362557074], [0.012140272802246263, 0.06824630172237225, 0.6806325273017224, 0.23898089817365903], [0.02252667717055804, 0.3155527007870896, 0.5130674059553108, 0.1488532160870418], [0.7005188942458989, 0.005030734721442182, 0.001735409008455592, 0.29271496202420294], [0.5534172479314425, 0.10096289487762194, 0.15376635240446654, 0.1918535047864689], [0.14923947177350366, 0.6724323203467868, 0.12956418423818883, 0.048764023641521013], [0.14604396216225218, 0.034225287011511715, 0.3074481656536637, 0.5122825851725727], [0.49629529774391284, 0.06867454218869315, 0.30242225289032726, 0.13260790717706689], [0.6603198702639848, 0.10943187069872722, 0.0479041979515796, 0.1823440610857081], [0.2868767525687498, 0.23058572213999132, 0.30483646433360373, 0.17770106095765487], [0.05708501857983034, 0.599406713184043, 0.2036092285561452, 0.13989903967998113], [0.6252480689994995, 0.05036805597663327, 0.05508985476054767, 0.2692940202633197], [0.07979184763858956, 0.35912856664323056, 0.4782123880171095, 0.0828671977010703], [0.2555692494329049, 0.5288220838947785, 0.036010659661557864, 0.17959800701075884], [0.5890447667732472, 0.01100971831160541, 0.06394994737553177, 0.33599556753961557], [0.05066841097170835, 0.3378961426400769, 0.5130813513021714, 0.09835409508604331], [0.03438210158315342, 0.05575347995492099, 0.7293148036456967, 0.1805496148162288], [0.04039289706795952, 0.34135217152678426, 0.538426643344614, 0.07982828806064228], [0.8404359260964475, 0.06098699626531704, 0.0005458312504873861, 0.0980312463877482], [0.435666081261323, 0.23105606328944145, 0.09001971582494593, 0.2432581396242894], [0.031215918359213616, 0.015769731980416944, 0.9086034830916797, 0.04441086656868996], [0.16205884144971325, 0.18250073685017415, 0.1552298977188666, 0.5002105239812457], [0.30963725400070974, 0.442666594956765, 0.20587367747630442, 0.04182247356622086], [0.02670607483453683, 0.19640954475710357, 0.3665474615367601, 0.4103369188715993], [0.38496335574397805, 0.034672703137741984, 0.32963357522334014, 0.25073036589493963], [0.05430847587387593, 0.5712732558437298, 0.2909570107389848, 0.08346125754340913], [0.025232181702723875, 0.0019073872581681418, 0.720022045835046, 0.25283838520406204], [0.16299088907567608, 0.11899523266133037, 0.24919444810097707, 0.46881943016201666], [0.5449040843890289, 0.22290188756969528, 0.05687356690512237, 0.17532046113615332], [0.19524602799166957, 0.24361623376598934, 0.10861217775247366, 0.4525255604898675], [0.15417252835186554, 0.022413174326718955, 0.776580414729258, 0.0468338825921574], [0.17870219495663803, 0.12903831318776113, 0.14007765705268002, 0.5521818348029208], [0.37616583011943794, 0.03956834117098061, 0.0663143785487022, 0.5179514501608791], [0.27427970222172726, 0.1404715477691954, 0.011289368491603557, 0.5739593815174736], [0.14137706613796222, 0.23404484756815963, 0.21214875163210983, 0.4124293346617682], [0.15173101728702215, 0.3361293953385622, 0.17358156077669207, 0.33855802659772366], [0.04106208186007648, 0.14986951746968574, 0.7648514094437819, 0.04421699122645593], [0.15698743166115017, 0.09136868012395141, 0.3722157781394418, 0.3794281100754567], [0.12766964028478436, 0.38602503246023323, 0.11010632873843162, 0.3761989985165506], [0.1597234092677842, 0.07758978799859023, 0.23012356642963264, 0.5325632363039923], [0.13727130835039628, 0.3698004352638226, 0.21412214720300402, 0.278806109182777], [0.5877758935140013, 0.12174733953016346, 0.01847364081234625, 0.2720031261434888], [0.05608931416374466, 0.4235759556912718, 0.1388273974789009, 0.3815073326660827], [0.014342824042693611, 0.021813034301047706, 0.8950421086663038, 0.06880203298995506], [0.1908926062235011, 0.14886246496183705, 0.05251505792994078, 0.6077298708847209], [0.10494289121341664, 0.8328376238195544, 0.02323985392223647, 0.038979631044792656], [0.7803169511844996, 0.09366539597269657, 0.04740518836674261, 0.07861246447606114], [0.3566967966204622, 0.29224997338397973, 0.14843396251612034, 0.20261926747943762], [0.4270333532225985, 0.4564081289744346, 0.023962240412070037, 0.09259627739089667], [0.2613317728005061, 0.642088625005524, 0.020355892496379813, 0.07622370969758972], [0.051568378480502615, 0.9220853424422506, 0.011514283282691138, 0.014831995794555734], [0.06099332669104459, 0.4727102742671995, 0.256242013219312, 0.21005438582244426], [0.47353828846879487, 0.09085489349457557, 0.008211735148689699, 0.42739508288793987], [0.17095962718233765, 0.3264951383736574, 0.4202304919074831, 0.08231474253652214], [0.44924101713544, 0.1676837117358033, 0.16314798522501023, 0.21992728590374613], [0.033934789263504656, 0.12892329260460217, 0.3698239842308789, 0.46731793390101445], [0.07356822712907815, 0.10393572070628408, 0.5590662987145971, 0.26342975345004055], [0.3171957555268993, 0.30844601798279947, 0.03816039063789916, 0.3361978358524022], [0.23750313450883748, 0.42256849927508505, 0.18992574983046576, 0.15000261638561177], [0.08941735335798534, 0.07219075073222324, 0.6933501804342628, 0.1450417154755285], [0.025321838535563395, 0.4430112078705869, 0.5002963811359152, 0.03137057245793453], [0.3484565976023628, 0.2675976603479222, 0.25186040393011905, 0.13208533811959583], [0.00742872969303687, 0.09926585855299541, 0.8647759474433505, 0.028529464310617373], [0.06820591979750812, 0.1682901023842878, 0.0016851008404289638, 0.7618188769777753], [0.19849688224584683, 0.08425053267059404, 0.5470375875932, 0.1702149974903591], [0.06620883688432269, 0.4417643898054493, 0.08682960260508078, 0.4051971707051472], [0.030022827482658703, 0.06654635589809564, 0.8293454585545894, 0.07408535806465631], [0.7933122593814655, 0.1158725692431117, 0.010669151886187524, 0.08014601948923526], [0.5986831696715745, 0.2257812972322705, 0.0687799799294503, 0.10675555316670479], [0.42844742123502805, 0.4314024347597862, 0.026734030663212217, 0.11341611334197349], [0.19759538633639914, 0.0061913137898318505, 0.12414901329024754, 0.6720642865835215], [0.0887966948112019, 0.351513375305094, 0.5046114300288085, 0.055078499854895525], [0.013021463718493666, 0.5603730505526039, 0.3930189341336453, 0.033586551595256996], [0.029085357740180715, 0.19318946115823601, 0.6663110625359588, 0.11141411856562441], [0.037934922084884096, 0.722349161042928, 0.1525912510280218, 0.08712466584416634], [0.3317609654962334, 0.2588844428206049, 0.03161315356731591, 0.3777414381158461], [0.020242640172492634, 0.001285506091775547, 0.004909257621901091, 0.9735625961138308], [0.29753372948921075, 0.3845909920402839, 0.02531842893140568, 0.2925568495390995], [0.15237115450218006, 0.07914272605973952, 0.001948813828031588, 0.766537305610049], [0.00338342769049805, 0.04646855080493215, 0.8990733531862352, 0.05107466831833455], [0.3701894644431784, 0.2917689663694968, 0.07055028700013, 0.2674912821871944], [0.09627258704949214, 0.2646175703071108, 0.28972070631907165, 0.3493891363243253], [0.3613403358570333, 0.058391855621015135, 0.3372100059765207, 0.24305780254543094], [0.24561003720362673, 0.5167783090746281, 0.04030645669758976, 0.19730519702415542], [0.03670695385038818, 0.4177292132125366, 0.08020390317938884, 0.46535992975768675], [0.0351046184797596, 0.03685003933689096, 0.001372620218519043, 0.9266727219648303], [0.2104519198346744, 0.38633067268876214, 0.003584901013251981, 0.3996325064633117], [0.04406506638514888, 0.7319591838682983, 0.004169897277813811, 0.2198058524687388], [0.3693709292954465, 0.09165660622019352, 0.007238438308678172, 0.5317340261756814], [0.6191958601620005, 0.13885719010913591, 0.08585956067235398, 0.15608738905650946], [0.24194096411417773, 0.1395113487037322, 0.004894857567182313, 0.6136528296149079], [0.780332965237958, 0.1551475003975987, 0.018881665880035443, 0.04563786848440759], [0.06285358737250044, 0.05540822534846685, 0.61271140181758, 0.26902678546145276], [0.7695196149085306, 0.12019988293553016, 0.00552953752063516, 0.10475096463530457], [0.03241605606334185, 0.8862170336282031, 0.06867453938953229, 0.012692370918922663], [0.19329679086049917, 0.444903392661406, 0.1302307613247068, 0.23156905515338788], [0.9052110672893834, 0.039702534522931744, 0.013106573817253492, 0.04197982437043121], [0.6974148282876533, 0.14972155936959214, 0.02299016949042002, 0.12987344285233465], [0.45147849294981196, 0.3355264756949857, 0.16810099483594454, 0.04489403651925748], [0.4436337760577088, 0.21249511358320367, 0.05437659288668134, 0.289494517472406], [0.2200788283288502, 0.538469037053034, 0.010382168493912809, 0.2310699661242028], [0.06618788841586869, 0.8270057199020774, 0.018568142174853412, 0.08823824950720048], [0.5616238456177767, 0.3109747635490381, 0.0055019235547739, 0.1218994672784113], [0.06376840225851237, 0.755120779845366, 0.04972648097622034, 0.13138433691990137], [0.17557077379808214, 0.05544301309723804, 0.014705337568756523, 0.7542808755359232], [0.24448415821784386, 0.024839857596396085, 0.38924329646757583, 0.34143268771818425], [0.15922624144916586, 0.00538675769588976, 0.0018164899586180817, 0.8335705108963263], [0.23918003896423082, 0.3444972052815265, 0.07448705667753168, 0.34183569907671096], [0.13978820225898905, 0.39220789104067055, 0.0705252441081263, 0.3974786625922142], [0.409609752136177, 0.09212762381430198, 0.024254557625889652, 0.47400806642363147], [0.7534092172374417, 0.033008100423817535, 0.011415565032967022, 0.20216711730577394], [0.5830089044213138, 0.09744513545127925, 0.02796949191481878, 0.2915764682125881], [0.04476492323167922, 0.7304420091069697, 0.044625075220688655, 0.1801679924406628], [0.546827365460545, 0.007951756262511319, 0.09821565841718215, 0.3470052198597615], [0.40378320152952474, 0.01286648619498518, 0.000995168164105717, 0.5823551441113846], [0.6154960938099057, 0.2451484659347638, 0.028399905541520443, 0.11095553471380991], [0.7829403338883854, 0.09972693194977972, 0.019250262808572328, 0.0980824713532627], [0.6774671316004589, 0.054159693136325855, 0.11606771594076427, 0.15230545932245115], [0.15965943600616123, 0.005894123290334373, 0.0004657782115932412, 0.8339806624919114], [0.7480255290206711, 0.06191375235859083, 0.1199536042304905, 0.07010711439024755], [0.07139268960238886, 0.2626565621054014, 0.5258650995417695, 0.14008564875044013], [0.38910147023275493, 0.2852924352635072, 0.01152950425241211, 0.3140765902513258], [0.5277072348560831, 0.10958257655926847, 0.12651619680501539, 0.23619399177963307], [0.0640598724589552, 0.002944838420064742, 0.0008584217554237701, 0.9321368673655561], [0.4589267721381632, 0.3074368962226384, 0.12828283603657856, 0.10535349560261995], [0.4605098021870502, 0.020233872869488516, 0.03130505775404258, 0.48795126718941906], [0.3319758524397389, 0.1489112208610436, 0.09159168035322825, 0.4275212463459893], [0.8486697826340217, 0.1226945564397273, 0.0008211338082364663, 0.027814527118014562], [0.2526723424687518, 0.4757610831282063, 0.002146154752390731, 0.2694204196506512], [0.20557896006674337, 0.6707403505839762, 0.08324055165372943, 0.04044013769555099], [0.17473709315125885, 0.08816725531166036, 0.026619913292878047, 0.7104757382442028], [0.09956527364413137, 0.12295439067605272, 0.3084438854314469, 0.46903645024836893], [0.637335727840733, 0.15454093883285558, 0.05171619837191477, 0.15640713495449673], [0.37985785173636716, 0.5127797087702077, 0.02852805274398074, 0.07883438674944429], [0.49689332113964363, 0.15771539526814585, 0.06866257377760113, 0.27672870981460945], [0.8323842407849638, 0.0012465779156870707, 0.03658075390552868, 0.12978842739382035], [0.06701703040214732, 0.3385309477037051, 0.5730778857682063, 0.021374136125941422], [0.1168320250159644, 0.8002722846836017, 0.0006349034439806498, 0.08226078685645354], [0.07230988638923397, 0.8410896391488834, 0.02811864010481765, 0.0584818343570649], [0.3154100921756137, 0.29511301820161884, 0.015056561113113532, 0.3744203285096533], [0.027162745239168496, 0.672498786623925, 0.18075012072193558, 0.119588347414971]]}}