{"test": {"ids": ["102121700", "100108080", "98107010", "106120290", "111116411", "112121410", "110120190", "100120780", "107113550", "110115250", "97112290", "112116880", "103109641", "104111830", "97116500", "112116640", "105116441", "105112130", "110117500", "106115250", "111120190", "111119340", "107119390", "98107380", "110121140", "99107640", "109115211", "112121030", "109117431", "109119450", "109117271", "110119891", "110117140", "104111620", "99107950", "109119460", "106116850", "108117610", "111119430", "102116340", "110115120", "110119300", "107113170", "113118690", "106121220", "110118161", "113121220", "113122430", "106112770", "99107500", "101108370", "113118511", "104114230", "113122320", "105115720", "102110500", "110118701", "112119500", "98121790", "99107660", "103112641", "113122160", "109121640", "105119950", "107118520", "105121190", "106114011", "113121950", "107117010", "104117200", "102113981", "99109311", "113120260", "108120700", "110114610", "113122170", "104114740", "111120591", "97106820", "103120340", "99108010", "97105960", "111115910", "100117420", "111114171", "100111390", "97118210", "101109000", "107113840", "109113281", "111115770", "107114280", "113121680", "102121440", "113118820", "113119930", "113120531", "99109860", "106116441", "99109780", "102118380", "113122120", "105112100", "113120640", "108114270", "107112840", "108118301", "111119580", "98108410", "101108580", "99111930", "109119340", "110115710", "113121010", "111120260", "103120290", "107115250", "103111540", "109113931", "110117200", "100109330", "101108500", "109117630", "110121720", "109114220", "104113190", "111114121", "99111340", "99108460", "112121010", "101111620", "104113550", "100111380", "99121440", "106119580", "101108950", "111120640", "103120780", "106116370", "98112300", "113117630", "106121190"], "labels": [1, 0, 3, 2, 0, 0, 3, 1, 0, 1, 1, 0, 1, 3, 2, 0, 1, 1, 1, 2, 3, 3, 2, 1, 3, 1, 0, 0, 1, 3, 0, 3, 3, 0, 1, 1, 3, 3, 3, 3, 0, 1, 0, 3, 1, 0, 3, 2, 1, 0, 1, 1, 2, 1, 1, 3, 3, 2, 2, 3, 3, 3, 0, 3, 2, 2, 1, 3, 1, 3, 1, 1, 3, 2, 1, 1, 2, 1, 1, 1, 2, 2, 2, 2, 3, 2, 2, 1, 3, 0, 3, 3, 1, 2, 0, 1, 0, 2, 0, 2, 1, 1, 1, 0, 3, 1, 1, 3, 1, 0, 1, 3, 2, 2, 3, 2, 2, 1, 1, 3, 0, 3, 0, 3, 3, 3, 0, 1, 0, 2, 3, 1, 3, 2, 3, 2, 0, 1, 2, 2, 0, 2], "predicted_labels": [0, 0, 3, 1, 0, 1, 1, 0, 3, 0, 3, 3, 3, 3, 0, 3, 1, 2, 0, 3, 0, 0, 0, 3, 0, 2, 1, 0, 1, 3, 3, 1, 1, 0, 2, 3, 1, 0, 1, 3, 0, 3, 2, 3, 3, 0, 3, 1, 3, 3, 0, 0, 1, 0, 1, 0, 1, 1, 2, 0, 0, 1, 3, 1, 1, 1, 1, 1, 2, 1, 0, 3, 1, 3, 0, 3, 1, 0, 3, 3, 3, 3, 2, 3, 3, 0, 0, 3, 0, 0, 3, 0, 3, 1, 0, 1, 3, 3, 1, 0, 3, 1, 1, 0, 1, 1, 2, 0, 1, 0, 1, 0, 3, 0, 0, 3, 0, 1, 1, 0, 3, 3, 3, 1, 3, 1, 1, 2, 3, 3, 0, 0, 3, 3, 3, 3, 1, 1, 0, 0, 3, 2], "confidence_scores": [[0.32388765878738696, 0.23544810140674355, 0.17074229164227536, 0.2699219481635941], [0.39454496870470973, 0.19499428428274482, 0.14748370651536694, 0.2629770404971785], [0.2506050451771152, 0.14061372486138113, 0.10434508676556999, 0.5044361431959337], [0.16552444620801296, 0.493044574136824, 0.1392960708599204, 0.20213490879524257], [0.5122100814628407, 0.16988154830646615, 0.07619409241419565, 0.2417142778164977], [0.12040423573780805, 0.4412133996974732, 0.08451506990459305, 0.3538672946601256], [0.20702706892742556, 0.36334197097315574, 0.10134754770761845, 0.32828341239180037], [0.4729395120398003, 0.24001575464374447, 0.0809971117377763, 0.20604762157867906], [0.1416484760684387, 0.3169092121277284, 0.20298176868480022, 0.3384605431190328], [0.340566350725563, 0.28943609281220106, 0.10374098242321532, 0.2662565740390204], [0.2510367484866147, 0.219815184698822, 0.13570510608801714, 0.39344296072654605], [0.2103040320177147, 0.2416582802172594, 0.22042872426964188, 0.32760896349538404], [0.14914164523417556, 0.24994510211418158, 0.07744845711927971, 0.5234647955323631], [0.1690309203468711, 0.27597039071713486, 0.11774204192477011, 0.437256647011224], [0.28286690833040495, 0.2644627498014217, 0.1957041581720034, 0.25696618369616986], [0.155421916074954, 0.33762967833776764, 0.1358306777201816, 0.37111772786709696], [0.18313652256440985, 0.3725416615664368, 0.18856609508690741, 0.2557557207822462], [0.177373447621501, 0.18745794481711317, 0.3296944034113086, 0.3054742041500773], [0.38158619986716474, 0.26614376217484675, 0.11952781321866021, 0.23274222473932843], [0.2638662057118302, 0.15512704330215096, 0.13254271272166318, 0.44846403826435566], [0.3321236014027838, 0.26679809644089775, 0.12742448721868957, 0.2736538149376289], [0.34119567002292583, 0.21737809945445472, 0.12020377091438332, 0.3212224596082361], [0.35343889087564273, 0.17482222843663212, 0.2089887169720871, 0.26275016371563803], [0.17113444971799668, 0.282217829017286, 0.20708463190425025, 0.33956308936046714], [0.39474313884801865, 0.3420596816293423, 0.07379714621064554, 0.18940003331199337], [0.1339440813355186, 0.1800529407226969, 0.5004723326037008, 0.18553064533808372], [0.2327752494854853, 0.326615304644049, 0.11557675467173478, 0.3250326911987309], [0.4104538044889982, 0.12978728854300037, 0.13855713012030027, 0.32120177684770124], [0.09341590764276428, 0.6552826245816608, 0.13908314167994307, 0.11221832609563187], [0.16729835067806018, 0.2546676899417653, 0.2558682106371095, 0.322165748743065], [0.19266957731115872, 0.26389024178465587, 0.14376593069227947, 0.39967425021190595], [0.2705451194571497, 0.413252888236402, 0.09930934402361119, 0.21689264828283716], [0.182777586255828, 0.3937660526420833, 0.11082988690628565, 0.3126264741958032], [0.4494581019754271, 0.14925646917686036, 0.08713576809839743, 0.31414966074931483], [0.08205657017762853, 0.15063930115769095, 0.4012541472241491, 0.3660499814405316], [0.2035696536526814, 0.2529092058277855, 0.2038477485569736, 0.33967339196255947], [0.2595050813931005, 0.28286051624543906, 0.26142829493866415, 0.19620610742279626], [0.36989562287278444, 0.1267265560008175, 0.1935770854625081, 0.30980073566389016], [0.17194894547709721, 0.551381322342179, 0.08853339446471002, 0.18813633771601393], [0.24570362119499126, 0.21100304382353963, 0.20918228628389765, 0.3341110486975715], [0.3263041311354159, 0.314171756381154, 0.09306191538348049, 0.2664621970999496], [0.25883023177284176, 0.26130263011722055, 0.15262636350733158, 0.32724077460260614], [0.12474901893003193, 0.3292016675072422, 0.34627816758106233, 0.19977114598166354], [0.30597171579769994, 0.19321457870583647, 0.09318798988059063, 0.40762571561587296], [0.30061164971087795, 0.22231204186329323, 0.16097470709130843, 0.31610160133452053], [0.29212288372898243, 0.23941257133342783, 0.2072367358878109, 0.261227809049779], [0.19660958360818961, 0.23335524445984568, 0.1802815066290539, 0.38975366530291095], [0.26432941818065137, 0.5103453050893102, 0.0939397695979785, 0.13138550713206], [0.2547255053396089, 0.21654455990569468, 0.144407610275596, 0.3843223244791004], [0.17994395667846397, 0.240236656612949, 0.15494134016205666, 0.42487804654653055], [0.37993241519870874, 0.132378365568236, 0.23999326759137213, 0.2476959516416832], [0.5770549031704671, 0.09529279962205855, 0.17176129227418147, 0.15589100493329283], [0.11288163336112556, 0.5259237395966072, 0.20378527882773015, 0.15740934821453714], [0.44548819122128414, 0.22119293821497352, 0.09946725583794332, 0.23385161472579902], [0.20009275149957215, 0.35402251753525904, 0.15396358784939917, 0.29192114311576967], [0.45018086265882556, 0.12884689700337923, 0.2647429336548504, 0.15622930668294496], [0.33118497237897493, 0.3418246924807531, 0.2155268185100849, 0.11146351663018705], [0.13462310403452987, 0.3695818270362075, 0.3347985607272141, 0.1609965082020486], [0.17663198924670126, 0.2295958505041606, 0.38395675294004467, 0.20981540730909357], [0.364842868661619, 0.17089391335169388, 0.21550706337114414, 0.24875615461554307], [0.3156626529565172, 0.2733238369874963, 0.13712423235228557, 0.2738892777037009], [0.20095479847580627, 0.4552194465657891, 0.12492344870533693, 0.21890230625306767], [0.17635025020212045, 0.23997120040612677, 0.14932191199463654, 0.43435663739711616], [0.2042742761763369, 0.3436072135787794, 0.3029847554527814, 0.1491337547921025], [0.13041527920014273, 0.6815417152172811, 0.0625414029054453, 0.12550160267713087], [0.15833629619351058, 0.4388588694389721, 0.24863840628898462, 0.1541664280785327], [0.21567929966507018, 0.3556746256436505, 0.12945989896115256, 0.2991861757301269], [0.25923854835812127, 0.37444421602397926, 0.22720763839180594, 0.1391095972260937], [0.16915200397572955, 0.26665413790802117, 0.2895714254057221, 0.2746224327105273], [0.21737629201949804, 0.3797734398229609, 0.17633255846905369, 0.22651770968848742], [0.5751240593185473, 0.19437443458833967, 0.1046194545533057, 0.12588205153980747], [0.2762227312475412, 0.15215514820889098, 0.23564325296225563, 0.3359788675813123], [0.2709322464137411, 0.3168680589574806, 0.12793880797738694, 0.2842608866513914], [0.2474475023884147, 0.23337254532219337, 0.1153296969071918, 0.40385025538220026], [0.3364722303590278, 0.3248285524386776, 0.15237623228816569, 0.18632298491412905], [0.19215503857708158, 0.3316079575682864, 0.13938960547639476, 0.336847398378237], [0.10407760565014607, 0.3528893737262376, 0.292069639971267, 0.2509633806523493], [0.6235391738007225, 0.0827668365294907, 0.12492428524928309, 0.1687697044205037], [0.1537100185861819, 0.2937418780293665, 0.191649626998579, 0.3608984763858727], [0.2269822463818546, 0.20148637093098012, 0.17916799275225248, 0.392363389934913], [0.27198725786588224, 0.25716992360434027, 0.18546031993951412, 0.28538249859026343], [0.1160091017657814, 0.2382959137746013, 0.28304806799664817, 0.3626469164629694], [0.26837356643011623, 0.18315876388564528, 0.29049714425252465, 0.25797052543171384], [0.18816058609436637, 0.2384946921899716, 0.24685688942004178, 0.32648783229562023], [0.11253600407042637, 0.297420242841864, 0.06701669899307156, 0.523027054094638], [0.3681593542645864, 0.23929601531366865, 0.1076450090813935, 0.28489962134035157], [0.577758655637526, 0.06703046033030877, 0.2655864996456607, 0.08962438438650451], [0.18605033659686734, 0.20203901570395968, 0.10466185001176011, 0.5072487976874129], [0.2718692865045897, 0.248018448804813, 0.22357073383612905, 0.2565415308544682], [0.3384913485754637, 0.20019803400292893, 0.15943742715482767, 0.30187319026677967], [0.2868216151732675, 0.2636684690783176, 0.15818953493688515, 0.2913203808115296], [0.3623824653031412, 0.2617693320630709, 0.16091442143352888, 0.21493378120025905], [0.19866636452216413, 0.29700092423650815, 0.08804931672873641, 0.4162833945125914], [0.14008052378734503, 0.4133828492705573, 0.1312017752340699, 0.31533485170802766], [0.4382677303047954, 0.18803077451641806, 0.08526532578838257, 0.2884361693904041], [0.28219449846918754, 0.39188540406833794, 0.10867615095924829, 0.21724394650322634], [0.13828456587652352, 0.2221636203417725, 0.1194576511795766, 0.5200941626021275], [0.19720126609447772, 0.2544905874705433, 0.2366249036047274, 0.3116832428302516], [0.23432202391288914, 0.4427342303070298, 0.08101978717318865, 0.2419239586068924], [0.33553475694597173, 0.1939791341269205, 0.22223288745667052, 0.24825322147043735], [0.24209084379660983, 0.3073942265004295, 0.1321285433972429, 0.31838638630571764], [0.24707585623812067, 0.3318981669842449, 0.15168033343162723, 0.2693456433460073], [0.2822876347499708, 0.2998019026185101, 0.1377115244249919, 0.28019893820652736], [0.3748421500214642, 0.26652166380424985, 0.11608937656738265, 0.24254680960690322], [0.1985509169354353, 0.5044500098991644, 0.11404070515096705, 0.1829583680144333], [0.3927581340698907, 0.44326214321223784, 0.07590067950104176, 0.08807904321682967], [0.24168553326279446, 0.12871705443738432, 0.3250896146852459, 0.3045077976145754], [0.32191561872913366, 0.2671409514546927, 0.11469068052851608, 0.29625274928765766], [0.20826984252644778, 0.39649977074893633, 0.21578364262087152, 0.1794467441037444], [0.42511391666936665, 0.10747108215797249, 0.14935465422329233, 0.3180603469493684], [0.14487451475189977, 0.4617885669645296, 0.1325737444903672, 0.2607631737932034], [0.28161125745235366, 0.2734984935677294, 0.23206582222727462, 0.2128244267526425], [0.10155712219683748, 0.29940274194449656, 0.18463072102768352, 0.41440941483098237], [0.35732800972662193, 0.21201016183452975, 0.22436270195722458, 0.20629912648162396], [0.544365130337704, 0.23165901383412973, 0.1111003018822167, 0.11287555394594956], [0.24679633664711337, 0.18855710679730295, 0.22344541778927451, 0.34120113876630925], [0.3132033851954264, 0.20369333698402942, 0.19497502875783085, 0.28812824906271334], [0.2706591248625755, 0.31541240616988037, 0.11467076502032233, 0.29925770394722195], [0.19247742923170502, 0.49568984917565084, 0.07808143682456421, 0.23375128476808], [0.3159876098683301, 0.16898843653643097, 0.22502349032376012, 0.2900004632714789], [0.3389830021125205, 0.17711798821152971, 0.11354747928431518, 0.3703515303916347], [0.17576006430446803, 0.16487013099392633, 0.11651644865330553, 0.5428533560483], [0.1951121345200638, 0.3038822548522062, 0.16576263370337388, 0.33524297692435606], [0.14473962847600344, 0.3784936921508172, 0.25333131885655047, 0.22343536051662913], [0.20329180464702706, 0.24120487704790763, 0.13484555856736288, 0.4206577597377023], [0.1884465773044484, 0.3304146083388437, 0.17000030154797402, 0.311138512808734], [0.1602062868084227, 0.5367894154523272, 0.09104140485695981, 0.21196289288229034], [0.28301888200128084, 0.10686408982310579, 0.39275577213988694, 0.21736125603572645], [0.09594676582817109, 0.363545075348945, 0.11354911640318935, 0.42695904241969457], [0.27381967149850345, 0.17070206962266893, 0.17397034648688123, 0.3815079123919465], [0.3175661123601527, 0.2743775182278819, 0.11997919720287743, 0.2880771722090881], [0.49908314743459287, 0.09918892333989726, 0.1500723011675354, 0.25165562805797453], [0.23170715341733075, 0.24087508225754914, 0.19615479898609295, 0.3312629653390271], [0.20192027412769267, 0.17644306154375283, 0.1718870327075867, 0.4497496316209678], [0.31631684448598146, 0.1848829932405656, 0.1439582957624923, 0.3548418665109607], [0.2893872785070714, 0.19850410947473787, 0.1582694793137361, 0.3538391327044546], [0.2300797798612351, 0.3335222253804701, 0.204734444675232, 0.23166355008306289], [0.1771686384911766, 0.364104685615422, 0.21105838299432253, 0.24766829289907913], [0.2774816176809424, 0.2176277598181415, 0.22987486664402135, 0.27501575585689464], [0.39652784251116596, 0.14551361794629153, 0.1487774571168138, 0.3091810824257287], [0.15301168275445817, 0.23095098964506625, 0.10431337613114741, 0.5117239514693283], [0.15147859418382453, 0.27700331902489184, 0.3505238288975561, 0.22099425789372754]]}, "rewritten": {"ids": ["97105960", "97106820", "97112290", "97116500", "97118210", "98107010", "98107380", "98108410", "98112300", "98121790", "99107500", "99107640", "99107660", "99107950", "99108010", "99108460", "99109311", "99109780", "99109860", "99111340", "99111930", "99121440", "100108080", "100109330", "100111380", "100111390", "100117420", "100120780", "101108370", "101108500", "101108580", "101108950", "101109000", "101111620", "102110500", "102113981", "102116340", "102118380", "102121440", "102121700", "103109641", "103111540", "103112641", "103120290", "103120340", "103120780", "104111620", "104111830", "104113190", "104113550", "104114230", "104114740", "104117200", "105112100", "105112130", "105115720", "105116441", "105119950", "105121190", "106112770", "106114011", "106115250", "106116370", "106116441", "106116850", "106119580", "106120290", "106121190", "106121220", "107112840", "107113170", "107113550", "107113840", "107114280", "107115250", "107117010", "107118520", "107119390", "108114270", "108117610", "108118301", "108120700", "109113281", "109113931", "109114220", "109115211", "109117271", "109117431", "109117630", "109119340", "109119450", "109119460", "109121640", "110114610", "110115120", "110115250", "110115710", "110117140", "110117200", "110117500", "110118161", "110118701", "110119300", "110119891", "110120190", "110121140", "110121720", "111114121", "111114171", "111115770", "111115910", "111116411", "111119340", "111119430", "111119580", "111120190", "111120260", "111120591", "111120640", "112116640", "112116880", "112119500", "112121010", "112121030", "112121410", "113117630", "113118511", "113118690", "113118820", "113119930", "113120260", "113120531", "113120640", "113121010", "113121220", "113121680", "113121950", "113122120", "113122160", "113122170", "113122320", "113122430"], "labels": [2, 1, 1, 2, 2, 3, 1, 1, 2, 2, 0, 1, 3, 1, 2, 0, 1, 2, 2, 1, 1, 2, 0, 0, 3, 2, 2, 1, 1, 3, 0, 2, 1, 3, 3, 1, 3, 1, 2, 1, 1, 1, 3, 2, 1, 1, 0, 3, 3, 1, 2, 2, 3, 1, 1, 1, 1, 3, 2, 1, 1, 2, 2, 0, 3, 3, 2, 2, 1, 1, 0, 0, 3, 3, 2, 1, 2, 2, 3, 3, 1, 2, 0, 1, 3, 0, 0, 1, 0, 3, 3, 1, 0, 1, 0, 1, 2, 3, 3, 1, 0, 3, 1, 3, 3, 3, 3, 0, 3, 3, 2, 0, 3, 3, 3, 3, 3, 1, 0, 0, 0, 2, 2, 0, 0, 0, 1, 3, 0, 1, 3, 0, 0, 2, 3, 1, 3, 1, 3, 1, 1, 2], "predicted_labels": [2, 3, 0, 0, 0, 0, 3, 0, 0, 0, 1, 0, 0, 2, 3, 1, 3, 1, 1, 1, 3, 0, 3, 3, 0, 0, 2, 1, 0, 3, 3, 1, 0, 0, 3, 1, 1, 1, 1, 1, 3, 0, 1, 3, 1, 1, 0, 1, 1, 0, 2, 1, 1, 0, 2, 1, 3, 1, 1, 3, 3, 2, 3, 1, 1, 1, 1, 2, 0, 1, 3, 1, 1, 0, 3, 2, 1, 0, 1, 0, 3, 3, 3, 1, 0, 3, 0, 1, 0, 3, 1, 3, 3, 1, 1, 3, 3, 1, 3, 2, 0, 1, 2, 3, 0, 3, 1, 1, 3, 0, 3, 3, 3, 1, 0, 3, 3, 0, 2, 3, 3, 1, 3, 0, 3, 3, 0, 0, 0, 1, 0, 3, 1, 1, 0, 1, 1, 1, 3, 2, 3, 1], "confidence_scores": [[0.09546989381409547, 0.11245694865090153, 0.5553733232569422, 0.23669983427806077], [0.19108321490721605, 0.1569676196276187, 0.09774568599273933, 0.5542034794724259], [0.37754510517491857, 0.34432814012562546, 0.1281112849613809, 0.15001546973807517], [0.4834334706338547, 0.16519066634143112, 0.13405433191698793, 0.21732153110772637], [0.5448731406856356, 0.07395021488779474, 0.22288696038380898, 0.15828968404276073], [0.3521871772886726, 0.32066914544527786, 0.10467540336481156, 0.22246827390123808], [0.18347760728256582, 0.2174189177725254, 0.22987481958769707, 0.3692286553572118], [0.2993882235435595, 0.2422341546416055, 0.16497458061786743, 0.29340304119696775], [0.3485153586757449, 0.20060801733455366, 0.17721603938179434, 0.27366058460790726], [0.334245456203031, 0.22337360679130533, 0.24820349921734675, 0.19417743778831692], [0.09005619250179275, 0.6134954320145157, 0.13258060836235905, 0.16386776712133239], [0.3278062979034498, 0.22251602514959298, 0.2122621414794832, 0.23741553546747401], [0.4123068465859799, 0.18796213891039038, 0.21756316904093675, 0.18216784546269316], [0.05437681453661165, 0.07984624180797767, 0.8039607069752212, 0.06181623668018956], [0.21704501750526967, 0.24001440234139865, 0.13924624147337222, 0.4036943386799595], [0.07985805933200919, 0.4632857750128743, 0.0626786997077274, 0.3941774659473893], [0.28052329713335417, 0.24594709234545675, 0.16108044676890468, 0.3124491637522843], [0.2840428357955104, 0.3323683583626956, 0.193841815037756, 0.189746990804038], [0.19418763174662368, 0.2727633418631026, 0.2701038618066705, 0.26294516458360306], [0.19957615305661383, 0.3763420018919344, 0.14181714805519668, 0.2822646969962552], [0.12169624542506387, 0.2528790867350892, 0.1780525132325389, 0.4473721546073081], [0.4373972710173787, 0.16799028505118382, 0.11838328823362775, 0.2762291556978097], [0.15700617677189874, 0.2206298520484765, 0.3083723197915029, 0.3139916513881218], [0.17563552395778784, 0.1316250878180837, 0.25947445152286125, 0.43326493670126726], [0.3744105801805566, 0.28823819742715373, 0.1011941622737997, 0.23615706011848978], [0.4240690664595469, 0.16613440486795514, 0.11502963959962328, 0.2947668890728746], [0.16231079978817692, 0.17935493392091378, 0.4940095434016062, 0.16432472288930328], [0.2104726483107052, 0.4112102937149273, 0.09672011731465661, 0.28159694065971097], [0.40192306041033715, 0.1874182979288274, 0.09094136566616604, 0.3197172759946694], [0.23608517363647966, 0.20926298816774394, 0.2342333743135808, 0.32041846388219564], [0.16841271468515623, 0.06882405234800837, 0.1040410672030323, 0.6587221657638032], [0.25950875143851926, 0.44690358501875693, 0.10554642665060696, 0.18804123689211683], [0.33136767429603375, 0.20736916733668687, 0.19431692213283297, 0.26694623623444624], [0.43631893371206115, 0.1893266696276377, 0.09434608460961896, 0.2800083120506822], [0.3560250283677151, 0.12822581730015806, 0.11902794584716835, 0.39672120848495857], [0.202312172613395, 0.3304439777699037, 0.19041229830192757, 0.2768315513147739], [0.14631488960352548, 0.39477489489642537, 0.1524018831266604, 0.3065083323733888], [0.2504315941354969, 0.34252524336795304, 0.14258820999587787, 0.2644549525006722], [0.09374289744695025, 0.4337265816594778, 0.15941353774925415, 0.3131169831443178], [0.23909842786334612, 0.32690460371239133, 0.14576662985629008, 0.2882303385679726], [0.18766002437819104, 0.3188960030644658, 0.07126476682140243, 0.4221792057359405], [0.41014379726241645, 0.16582860000004387, 0.15344494364868885, 0.270582659088851], [0.21277665413025917, 0.3472923064560502, 0.1549324380087161, 0.2849986014049746], [0.17350735180495214, 0.2268963802276709, 0.2873608459316543, 0.31223542203572263], [0.2210986411154138, 0.31050906828109887, 0.15987817210678804, 0.3085141184966992], [0.17570825361560435, 0.5996700859126206, 0.09124523307859764, 0.13337642739317737], [0.3550255845833859, 0.33570569207803913, 0.09685291857157968, 0.21241580476699543], [0.26754298774904905, 0.30560589589415366, 0.19286624694595456, 0.23398486941084273], [0.2907595228101459, 0.3097633469938872, 0.1693384376430741, 0.23013869255289293], [0.4355642035913162, 0.15274614164299447, 0.12063882507539328, 0.29105082969029605], [0.18801948543133704, 0.23618315013694696, 0.353364709320052, 0.2224326551116641], [0.27492501553565346, 0.32523655291863746, 0.12212719559039469, 0.27771123595531444], [0.18401943303375154, 0.3398572312715553, 0.25403727199916587, 0.22208606369552725], [0.4969539968214343, 0.21440987310927953, 0.12857087640706477, 0.16006525366222152], [0.08730495976168193, 0.3192873930418478, 0.4466239373895571, 0.14678370980691316], [0.10042236533503239, 0.595029435678593, 0.17279951700329008, 0.13174868198308465], [0.2975015829879804, 0.2236087126586175, 0.07472042985471015, 0.40416927449869194], [0.2911091023342239, 0.357146709579598, 0.20474619648194303, 0.14699799160423535], [0.1875386673971127, 0.43966693137236457, 0.16028555008201636, 0.21250885114850634], [0.16285952996971073, 0.2326735381265478, 0.22298896989666564, 0.3814779620070759], [0.1920441771683927, 0.2202214943436967, 0.12099913706870027, 0.46673519141921055], [0.1547993212344991, 0.1605001604735976, 0.47967126450799735, 0.20502925378390605], [0.2639084121554737, 0.27329760101541545, 0.16070610842617367, 0.30208787840293716], [0.2970166027224652, 0.33410448632443207, 0.19762009812437997, 0.17125881282872277], [0.1784362363802862, 0.3620660112896539, 0.2192000991598971, 0.24029765317016283], [0.17877542376415323, 0.3986724809547076, 0.12911228336855843, 0.29343981191258073], [0.1594473996300998, 0.5211440485948798, 0.12558107567791993, 0.1938274760971005], [0.09818707672405672, 0.31818889802923317, 0.3455130723325554, 0.2381109529141547], [0.31423811076741887, 0.29289637954703823, 0.10477429541430151, 0.28809121427124146], [0.3415391671735474, 0.4792597276918835, 0.06614484148558669, 0.11305626364898246], [0.23623999728449613, 0.19099325309183773, 0.09607890414457385, 0.47668784547909226], [0.20598194021523822, 0.28515774056816756, 0.23037449361990828, 0.27848582559668594], [0.21253400617359527, 0.3407851819619822, 0.1823768077090403, 0.2643040041553822], [0.3513094583541645, 0.26282609137994556, 0.08226403758088179, 0.303600412685008], [0.1548279405054832, 0.3305984936447022, 0.16835060768642074, 0.3462229581633938], [0.0891599885133577, 0.2702853472390233, 0.3592507976115145, 0.2813038666361044], [0.11425333229905196, 0.7025106736125165, 0.06863812565812981, 0.1145978684303016], [0.36747900234422776, 0.20564026739758295, 0.22463594552380503, 0.20224478473438456], [0.17266356767083946, 0.442200843777558, 0.13702991025586808, 0.24810567829573446], [0.3392422844296294, 0.23558316723767492, 0.12770415980757044, 0.29747038852512525], [0.281293854004285, 0.18117516941916095, 0.1319257358102426, 0.4056052407663115], [0.24035593733597616, 0.24421330403257327, 0.17402812688507519, 0.3414026317463753], [0.32316844805546036, 0.2107466247511731, 0.10521698025704193, 0.3608679469363246], [0.13765996587400717, 0.43605215870517233, 0.18913719776783686, 0.2371506776529837], [0.5408945880836594, 0.08387199001757434, 0.10978909054544068, 0.26544433135332546], [0.1675525873526281, 0.3439436340936297, 0.09982004944767012, 0.388683729106072], [0.3500339467735044, 0.2007546917471971, 0.14981853609182103, 0.2993928253874775], [0.2995538863347451, 0.31151155211426634, 0.14573010058681243, 0.2432044609641762], [0.3238312277010733, 0.287067676321644, 0.133630826348899, 0.2554702696283838], [0.3025689295813407, 0.1448162534688291, 0.0624922452890537, 0.4901225716607765], [0.1158888219043272, 0.48629610446224775, 0.20604352760875716, 0.19177154602466798], [0.17389026042008743, 0.1941939336077623, 0.1619733446887949, 0.46994246128335554], [0.1889936751838545, 0.22557852050075247, 0.09594241419632776, 0.48948539011906544], [0.09948806374936224, 0.3538002183295324, 0.26949871534659836, 0.27721300257450726], [0.29925174346029815, 0.3024566303659803, 0.15868393174120746, 0.23960769443251417], [0.2994453609709665, 0.20092079225310383, 0.13496345514440417, 0.3646703916315256], [0.19630177350496583, 0.27069805608856684, 0.08862942846855032, 0.444370741937917], [0.09199781336174731, 0.4937453368311451, 0.1732051991623632, 0.24105165064474462], [0.15742340986506576, 0.28531528751460794, 0.087067262809768, 0.47019403981055813], [0.1852430022738799, 0.27479438907724824, 0.3479588626904063, 0.19200374595846564], [0.3163700472844996, 0.2524039243849869, 0.20289403652197638, 0.22833199180853725], [0.2212452632340099, 0.4476038618116458, 0.18678636728769338, 0.14436450766665085], [0.21607064124922262, 0.25417181926428745, 0.3310798967617138, 0.1986776427247762], [0.17698095725253793, 0.3256035136339902, 0.11995020841803905, 0.377465320695433], [0.42774354856591684, 0.2350794973081626, 0.08597617961428863, 0.25120077451163203], [0.20142224389024613, 0.3136012422840392, 0.13302073538806675, 0.35195577843764786], [0.19427450228382231, 0.3305146477511711, 0.2710228717041578, 0.20418797826084878], [0.12129277776754974, 0.6707084665513231, 0.061542746460001393, 0.14645600922112578], [0.1598751623437871, 0.3199814970376952, 0.1393853160819687, 0.38075802453654906], [0.286319525179245, 0.25741092306336494, 0.22696731054791536, 0.2293022412094748], [0.22726709098331144, 0.30192033794619244, 0.12221112504525819, 0.3486014460252378], [0.17992848657930088, 0.3284835782581794, 0.08994731897081279, 0.4016406161917069], [0.18208507766693757, 0.17281303923468502, 0.21640826635931196, 0.4286936167390655], [0.2286138975210759, 0.40163721751581744, 0.07616404455432293, 0.29358484040878363], [0.3064725369471432, 0.28618194107255673, 0.10214318731115554, 0.3052023346691445], [0.2519576014612592, 0.23558600065811494, 0.09281605204006152, 0.41964034584056426], [0.3354253090947753, 0.13491857981567376, 0.0758041936013764, 0.4538519174881746], [0.388263481583225, 0.19603173032860913, 0.11934039744149709, 0.2963643906466689], [0.26351252230414035, 0.2196787892304317, 0.3116459803081663, 0.2051627081572616], [0.17717209772444298, 0.19297110597824002, 0.10802628647368978, 0.5218305098236272], [0.1970274068710279, 0.24513175373069526, 0.1862598792918618, 0.37158096010641517], [0.10525059797541575, 0.409259055588283, 0.10251966416407594, 0.3829706822722253], [0.3355219968200063, 0.20862180846634398, 0.1164842644049871, 0.33937193030866264], [0.45904313664282187, 0.19094954718059004, 0.12769840812299993, 0.22230890805358836], [0.17907155816429654, 0.27481540106829155, 0.14320355376488145, 0.40290948700253054], [0.1924668851523883, 0.27798404463191506, 0.12261804943832084, 0.406931020777376], [0.3667911335439914, 0.2084979131608232, 0.13450629700085787, 0.2902046562943277], [0.35041734259554214, 0.2566480276227483, 0.18256770456310878, 0.21036692521860068], [0.6051722838329792, 0.15333771105332747, 0.05997265141803468, 0.18151735369565875], [0.161091823521779, 0.6038451225398594, 0.07607555113790967, 0.1589875028004518], [0.3721672022093667, 0.18811801705298364, 0.2549418373699559, 0.1847729433676938], [0.1400999925976029, 0.26140999923325275, 0.1821546361248451, 0.41633537204429927], [0.29061832980155133, 0.3194454059644549, 0.1265286693713965, 0.2634075948625971], [0.2401792802831465, 0.33984554726160665, 0.15452217348377334, 0.26545299897147334], [0.46614371835222507, 0.14056136863080157, 0.09761141514854596, 0.29568349786842746], [0.1997301377760626, 0.27696832608649974, 0.27461577007862026, 0.2486857660588174], [0.2871309473712558, 0.33691021472814353, 0.23854860731926394, 0.13741023058133664], [0.208694934343976, 0.38113914138372956, 0.14506397869041066, 0.26510194558188377], [0.2680633068089141, 0.2992680169372199, 0.09319113094438258, 0.3394775453094833], [0.17558413397241396, 0.22028036845452736, 0.30313001030706954, 0.301005487265989], [0.21963217479898553, 0.29187207778551094, 0.09210368329179565, 0.39639206412370787], [0.1383906630975722, 0.46021903997627805, 0.12066683017062405, 0.2807234667555259]]}}