{"test": {"ids": ["102112170", "105117431", "112120640", "102118380", "112119950", "109117600", "105112130", "97114170", "106121220", "108114180", "110114651", "113120751", "107119130", "100116790", "106117790", "110118810", "101112160", "113119450", "111114121", "112118581", "111117200", "113122190", "97107950", "112119450", "103113210", "104119340", "108119330", "112116540", "98112580", "107117630", "112120270", "111117120", "109114270", "102107961", "110121140", "110116501", "99112531", "110115580", "107113200", "111120591", "112121010", "103120780", "104116441", "105120280", "111116100", "105113330", "113118490", "110120640", "105110251", "110116300", "109113881", "100109980", "112117660", "110117500", "105118740", "104113000", "109115070", "98117740", "110114920", "101108121", "112118530", "105116441", "111115770", "112118620", "113119120", "98111231", "107113180", "110118111", "100109330", "98107210", "97113900", "97118210", "97105580", "106114011", "113117401", "103111110", "103113101", "97112300", "113119480", "97107821", "110118880", "107118120", "111121351", "97107681", "102110690", "100111390", "101108460", "112119580", "112121410", "103120340", "100109910", "110115890", "100111080", "100110260", "104111531", "108121410", "107113260", "106116441", "106119580", "110113931", "98120530", "98108520", "101108580", "113122320", "98111670", "105113210", "109120560", "111118301", "112118701", "113118690", "110115140", "107118820", "106119990", "102110890", "112118421", "107112850", "106113830", "99108710", "105118230", "102110240", "108120700", "111119290", "107121540", "107115250", "107116501", "110120531", "98113881", "102114270", "107119950", "108118630", "102110500", "102113210", "103109641", "104114240", "110117110", "104117630", "113121950", "105113260", "99112840", "99117740", "109121410", "100113370"], "labels": [3, 1, 0, 1, 0, 1, 1, 2, 1, 1, 3, 1, 1, 2, 1, 1, 3, 3, 0, 1, 0, 1, 2, 3, 3, 1, 0, 1, 2, 0, 0, 2, 3, 3, 3, 3, 3, 1, 0, 1, 2, 1, 1, 3, 3, 3, 1, 0, 0, 3, 0, 1, 0, 1, 1, 1, 0, 2, 3, 0, 1, 1, 3, 3, 3, 1, 3, 1, 0, 1, 2, 2, 1, 1, 3, 3, 3, 2, 3, 2, 0, 3, 0, 3, 0, 2, 0, 3, 0, 1, 2, 2, 0, 3, 0, 0, 0, 0, 3, 1, 1, 2, 0, 1, 1, 3, 1, 3, 0, 3, 0, 3, 0, 0, 3, 1, 1, 2, 1, 3, 2, 3, 2, 2, 1, 0, 3, 3, 3, 1, 3, 3, 1, 0, 0, 0, 3, 3, 2, 2, 0, 3], "predicted_labels": [0, 1, 2, 1, 0, 1, 1, 3, 0, 3, 3, 3, 3, 2, 2, 3, 2, 0, 1, 2, 3, 2, 3, 0, 2, 3, 0, 1, 1, 2, 2, 1, 3, 1, 2, 3, 3, 1, 0, 3, 0, 0, 3, 3, 3, 0, 0, 2, 3, 1, 1, 1, 3, 1, 3, 0, 1, 1, 1, 3, 1, 1, 3, 0, 0, 0, 1, 1, 0, 2, 0, 2, 0, 1, 0, 3, 3, 1, 0, 3, 1, 1, 1, 2, 0, 0, 1, 3, 1, 3, 2, 1, 1, 0, 3, 0, 1, 0, 2, 1, 1, 0, 0, 1, 3, 3, 3, 1, 3, 1, 3, 0, 3, 0, 3, 0, 0, 1, 1, 2, 1, 3, 1, 1, 0, 3, 1, 0, 3, 3, 0, 0, 3, 0, 2, 0, 2, 3, 3, 0, 0, 3], "confidence_scores": [[0.45859838553034377, 0.035842581689775034, 0.4573612316593727, 0.04819780112050854], [0.005643525024113306, 0.5553965758170396, 0.43258771584400657, 0.006372183314840553], [0.019062183315412966, 0.1641016050535046, 0.6883401803009866, 0.12849603133009585], [0.017650621038246425, 0.6059307321313876, 0.3733961291148388, 0.0030225177155270943], [0.7536953851341359, 0.01050319931107277, 0.024538500106619496, 0.2112629154481718], [0.004867087496643296, 0.9735764419801468, 0.017736662639883598, 0.0038198078833261207], [0.012885423815834938, 0.8760575524829217, 0.033885212474175384, 0.07717181122706789], [7.530012262821492e-05, 0.455128330374274, 0.025425366068614386, 0.5193710034344833], [0.7797124409107096, 0.0057159522083377705, 0.19112326720678655, 0.023448339674166256], [0.0006915693403874602, 0.0031550170129303005, 0.006419028898327452, 0.9897343847483548], [0.00404886661385608, 0.1618597579518925, 0.0020475509186101467, 0.8320438245156412], [0.13735616254501593, 0.30867017046326006, 0.012487876456103332, 0.5414857905356207], [0.0401859520850932, 0.24160336554449885, 0.0008823331189393434, 0.7173283492514686], [0.04535178453073615, 0.2835402693752365, 0.6504872721364154, 0.020620673957612023], [0.12999956162011786, 0.14145250428067332, 0.6770294769012686, 0.051518457197940334], [0.20819671459024922, 0.2550034470206057, 0.033873710908234295, 0.5029261274809108], [0.015380020742113197, 0.050779215569925575, 0.8411548669910993, 0.09268589669686192], [0.9682195109526971, 0.00881660506727024, 0.019269325986550234, 0.0036945579934822555], [0.014543597465349148, 0.9472825534483745, 0.03372081142990934, 0.004453037656367073], [0.0008993976895220585, 0.21239597946869312, 0.7430723788080409, 0.04363224403374386], [0.000649392618826519, 0.02550893849517626, 5.9026839332303365e-06, 0.9738357662020639], [0.03173826741684164, 0.06293499352499626, 0.8905641379455878, 0.014762601112574296], [0.014172551838320018, 0.08183532757758906, 0.04152181782531187, 0.862470302758779], [0.37258168303730577, 0.3101615357685037, 0.02164203453209241, 0.29561474666209814], [0.21011316282668918, 0.12488813563326771, 0.6625943688157835, 0.0024043327242597346], [0.18432545420384122, 0.020510753371649548, 0.004642958916214586, 0.7905208335082946], [0.8103166734342117, 0.08239356489058927, 0.050231155229099496, 0.05705860644609966], [0.07824506115625385, 0.7794470307536342, 0.001567255290179969, 0.14074065279993192], [0.03734482050122918, 0.4666240123783289, 0.12251903950342924, 0.3735121276170125], [0.02094491196264824, 0.032960164675177914, 0.8505453626164348, 0.09554956074573909], [0.025734474908313355, 0.2900942771725075, 0.6395400423926149, 0.044631205526564376], [0.04922936446037845, 0.5927740835277792, 0.08450048321437423, 0.27349606879746813], [0.08921418260265275, 0.29885605756571026, 0.2037225222026705, 0.40820723762896655], [0.06235326288154358, 0.534168962540821, 0.22430613301903551, 0.1791716415585998], [0.21766939141514285, 0.19292209521425913, 0.3711947850446701, 0.21821372832592795], [0.0005613658020348557, 0.0002310222741839878, 6.555827421587395e-07, 0.999206956341039], [0.08361263240286361, 0.0016960920441628094, 0.0005129555805034894, 0.9141783199724702], [0.03273273989715791, 0.47163967756836583, 0.19807943410547826, 0.297548148428998], [0.9891868242228369, 6.322745325773435e-05, 0.0040451778668252, 0.006704770457080389], [0.006312423434514006, 0.008568513500432823, 2.234786673853477e-05, 0.9850967151983147], [0.7678873253050819, 0.21261584182762072, 0.007711261676781439, 0.011785571190515981], [0.3749313892848636, 0.3546164280644314, 0.1445280027081862, 0.12592417994251867], [0.17293873242558613, 0.09554217390514302, 5.4903907081029246e-05, 0.7314641897621897], [0.01573347730026159, 0.003832579995882544, 0.26128561359055075, 0.7191483291133051], [0.010001471844428051, 0.01709013552734037, 0.0046169263156769875, 0.9682914663125546], [0.7653161207641348, 0.05808935851228865, 0.025713074686058063, 0.1508814460375184], [0.7615103695002262, 0.020891203397470325, 0.18366184229902502, 0.033936584803278456], [0.3058860389645198, 0.14352222405882564, 0.4275878997386687, 0.12300383723798582], [0.001907059610100943, 0.021234433549942866, 0.006193409526112141, 0.970665097313844], [0.05632602956014929, 0.8935376199286144, 0.01463733062391494, 0.035499019887321494], [0.0038620104413179157, 0.9554971175406193, 0.0014145459177380278, 0.03922632610032468], [0.15712487066906666, 0.5102627247882358, 0.12702357011498924, 0.20558883442770842], [0.32732151924220004, 0.07439036650285219, 0.029491992685599048, 0.5687961215693487], [0.19852843916982552, 0.6312187728451104, 0.01372056494179491, 0.15653222304326914], [0.18559368471608312, 0.001052700147225651, 0.01245495131448089, 0.8008986638222103], [0.580745655551322, 0.0011590513356010191, 0.1234315286236444, 0.2946637644894327], [0.0030528154051988284, 0.9938527781730205, 0.0019648466083350413, 0.0011295598134457275], [0.0022792816142887325, 0.8175571119826235, 0.021976190510550848, 0.1581874158925369], [0.0682937992051135, 0.8802301944184773, 0.04971740183469595, 0.001758604541713273], [0.009211558473650685, 0.34270509112992975, 0.002950891924674527, 0.6451324584717452], [0.0026321512793024545, 0.6355833021179763, 0.35995931436538964, 0.001825232237331585], [0.03569182027835683, 0.8867188838957943, 0.002340054850933316, 0.07524924097491532], [0.05576247051378458, 0.03704419714934067, 0.026643080282726345, 0.8805502520541484], [0.5755455205391231, 0.38464652374057273, 0.024557532228874263, 0.01525042349142993], [0.972067868913039, 0.0005961419553401177, 0.007539876316514809, 0.019796112815106078], [0.6468784002616261, 0.32707326909626766, 0.005651453493824444, 0.020396877148281794], [0.19561045338495198, 0.6354210967676515, 0.158241955531294, 0.010726494316102612], [0.0856622328463451, 0.837355672392082, 0.00097632598947758, 0.07600576877209536], [0.9628785810010956, 0.010550352429190338, 0.0012013655457927639, 0.02536970102392149], [0.016415220462838692, 0.23062260796880232, 0.6162558152009692, 0.1367063563673899], [0.8411767501500509, 0.04211060876088478, 0.11591783949701574, 0.0007948015920486754], [0.0975652915225104, 0.05103907375263875, 0.8302502700649583, 0.021145364659892738], [0.9613633755972195, 2.4152945251914375e-05, 0.03458163685441047, 0.004030834603118155], [0.00711506410258831, 0.992108537705173, 2.0815516901809017e-05, 0.0007555826753369796], [0.5895885717141799, 0.25969394994065215, 0.005479177847451231, 0.1452383004977169], [0.008377820533823091, 0.04001052483309955, 0.0008375986592568274, 0.9507740559738205], [0.1636354357096828, 0.0487778962529453, 0.009176361189389658, 0.7784103068479822], [0.31623042015181835, 0.6772657652121112, 0.003385271126063595, 0.0031185435100067843], [0.9818534857073474, 0.0008138986739163886, 0.0008684806853518299, 0.016464134933384316], [0.27515722046843477, 0.008799686968657867, 0.0181612315521441, 0.6978818610107633], [0.008270773636948215, 0.7619818159436821, 0.0011905635473514517, 0.2285568468720181], [0.031388700048408394, 0.8320740089985393, 0.040508028572850706, 0.09602926238020155], [0.09565960977234104, 0.8086755919933386, 0.005626122717712858, 0.09003867551660742], [0.0010599766335333428, 0.0018577012308778628, 0.8067134933238136, 0.19036882881177505], [0.920542210120159, 0.06720149823396379, 4.6683965225076705e-05, 0.01220960768065218], [0.553360653796617, 0.18710552759888283, 0.03557277556656788, 0.22396104303793238], [0.330821764791295, 0.44171614618623073, 0.15839013511464553, 0.06907195390782878], [0.008506017985619988, 0.07951308452011718, 0.25075479959978403, 0.6612260978944787], [0.00013086927620558012, 0.9996532633194902, 2.8712269889131228e-05, 0.00018715513441519154], [0.009113806514708193, 0.08598996854722878, 0.1467382861785075, 0.7581579387595555], [0.004900612473483427, 0.003994369087330118, 0.9909422345917567, 0.00016278384742976422], [0.015597076589388316, 0.4861079566580228, 0.35623047583440864, 0.14206449091818033], [0.0528899403327903, 0.6904570994494047, 0.08698069004898605, 0.16967227016881886], [0.8537243137799626, 0.01685564797786219, 0.0661983050169986, 0.06322173322517666], [0.006750854887217397, 0.008499342084942109, 0.001000899071476821, 0.9837489039563638], [0.8157505758956728, 0.15717822424173156, 0.022231030191681315, 0.004840169670914335], [0.0061567065203210584, 0.5918986421405277, 0.2996240450566688, 0.10232060628248249], [0.7394892719132246, 0.201879571900578, 0.0018297110490940623, 0.05680144513710328], [0.044793200470400675, 0.2783116281466498, 0.6373953990360419, 0.03949977234690764], [0.04331717403652169, 0.8785292517197856, 0.0011283586208806335, 0.0770252156228121], [0.0020134885190513175, 0.6781029339572874, 0.0002777133558044034, 0.31960586416785675], [0.45799278337036226, 0.08293583634472787, 0.002916831739748553, 0.4561545485451613], [0.7773471889072748, 0.003788694813991195, 0.15533623303153685, 0.06352788324719708], [0.14586500639387168, 0.8332434715226839, 0.016272721750864166, 0.004618800332580262], [0.04882869480164969, 0.07135180512894714, 0.06623734275119805, 0.813582157318205], [0.33597946699898895, 0.05795652950658856, 0.002767342954372762, 0.6032966605400498], [0.0013438801809976676, 0.03254140251494664, 0.4324112404332119, 0.5337034768708439], [0.1987030744563636, 0.4961420602923543, 0.06526844876563945, 0.23988641648564268], [0.013589841030009576, 0.10806639141377654, 0.0020392738625006337, 0.8763044936937132], [0.0030237148870937364, 0.9907146468532653, 0.0019139771692587388, 0.00434766109038222], [0.050063831154431665, 0.41669073767742604, 0.017655343587458183, 0.515590087580684], [0.4859970583653777, 0.113844841949072, 0.02402542420584496, 0.3761326754797052], [0.003138847060747658, 0.0003841089161863828, 0.0015829992353091813, 0.9948940447877568], [0.8996672156725612, 0.0025390631299674255, 0.0949854214137839, 0.0028082997836875105], [0.15665802207552365, 0.24577711493207582, 0.13955993295948965, 0.4580049300329108], [0.7761515618899504, 0.038509860538654, 0.12908560590971502, 0.0562529716616805], [0.6236512983764123, 0.10389744763338973, 0.02231089908751855, 0.25014035490267944], [0.016333825541476228, 0.927680917179531, 0.004837097750244144, 0.0511481595287487], [0.02887646183431627, 0.549940484494986, 0.157791037914352, 0.2633920157563458], [0.0650206839827855, 0.15938223270300197, 0.616774894520702, 0.15882218879351054], [0.04022090625022911, 0.8481043045303784, 0.0053302705658867374, 0.10634451865350562], [0.0003903733892424002, 0.002515853533680573, 0.0067992525821066975, 0.9902945204949704], [0.1218314066780386, 0.685461911429198, 0.07986819915137085, 0.11283848274139258], [0.08318591805325067, 0.5684023784475056, 0.3435652422072749, 0.004846461291968687], [0.878880772798875, 0.03666223305476947, 0.005867850293749522, 0.07858914385260593], [0.010025797348889615, 0.1644801948629161, 0.003529811343892921, 0.8219641964443015], [0.013277118754870441, 0.9716548144794485, 0.005686620830585998, 0.00938144593509507], [0.6990607216927736, 0.278405388839704, 0.004122418214069223, 0.01841147125345317], [0.002740408099571422, 0.0033894290943832484, 0.0035695930558689282, 0.9903005697501764], [0.0503169333641394, 0.24009768932799072, 0.022872354152023038, 0.6867130231558468], [0.5656083610516897, 0.034092940356105224, 0.028178156969575187, 0.37212054162263003], [0.43550154460578583, 0.10366920219910684, 0.1649299782008955, 0.2958992749942119], [0.0005048893319632952, 0.004297052823364477, 0.005650201705706465, 0.9895478561389657], [0.5352632803357807, 0.15767608359650595, 0.2921082182309627, 0.014952417836750482], [0.0023672639106937982, 0.05870235594494842, 0.9334687279676847, 0.005461652176673075], [0.9107100331885878, 0.01882326179229216, 0.03132919785908735, 0.039137507160032746], [0.011564431688029259, 0.008988822906234978, 0.9764159340562637, 0.003030811349472022], [0.05455982779839579, 0.13326235334645684, 0.0395627097037404, 0.772615109151407], [0.02004495788542621, 0.11395880044909411, 0.3570023782589582, 0.5089938634065215], [0.6119168325836049, 0.21641015879895958, 0.14131925499158896, 0.030353753625846552], [0.5738072372052501, 0.0014583962975430438, 0.0044434853164547925, 0.4202908811807521], [0.362242903762187, 0.09258624420295414, 0.14563992302607867, 0.3995309290087802]]}, "rewritten": {"ids": ["97105580", "97107681", "97107821", "97107950", "97112300", "97113900", "97114170", "97118210", "98107210", "98108520", "98111231", "98111670", "98112580", "98113881", "98117740", "98120530", "99108710", "99112531", "99112840", "99117740", "100109330", "100109910", "100109980", "100110260", "100111080", "100111390", "100113370", "100116790", "101108121", "101108460", "101108580", "101112160", "102107961", "102110240", "102110500", "102110690", "102110890", "102112170", "102113210", "102114270", "102118380", "103109641", "103111110", "103113101", "103113210", "103120340", "103120780", "104111531", "104113000", "104114240", "104116441", "104117630", "104119340", "105110251", "105112130", "105113210", "105113260", "105113330", "105116441", "105117431", "105118230", "105118740", "105120280", "106113830", "106114011", "106116441", "106117790", "106119580", "106119990", "106121220", "107112850", "107113180", "107113200", "107113260", "107115250", "107116501", "107117630", "107118120", "107118820", "107119130", "107119950", "107121540", "108114180", "108118630", "108119330", "108120700", "108121410", "109113881", "109114270", "109115070", "109117600", "109120560", "109121410", "110113931", "110114651", "110114920", "110115140", "110115580", "110115890", "110116300", "110116501", "110117110", "110117500", "110118111", "110118810", "110118880", "110120531", "110120640", "110121140", "111114121", "111115770", "111116100", "111117120", "111117200", "111118301", "111119290", "111120591", "111121351", "112116540", "112117660", "112118421", "112118530", "112118581", "112118620", "112118701", "112119450", "112119580", "112119950", "112120270", "112120640", "112121010", "112121410", "113117401", "113118490", "113118690", "113119120", "113119450", "113119480", "113120751", "113121950", "113122190", "113122320"], "labels": [1, 3, 2, 2, 2, 2, 2, 2, 1, 2, 1, 1, 2, 3, 2, 1, 2, 3, 2, 2, 0, 2, 1, 3, 0, 2, 3, 2, 0, 0, 0, 3, 3, 3, 3, 0, 0, 3, 3, 3, 1, 1, 3, 3, 3, 1, 1, 0, 1, 0, 1, 0, 1, 0, 1, 3, 3, 3, 1, 1, 1, 1, 3, 1, 1, 0, 1, 3, 0, 1, 1, 3, 0, 0, 2, 1, 0, 3, 3, 1, 3, 2, 1, 1, 0, 2, 0, 0, 3, 0, 1, 1, 0, 1, 3, 3, 0, 1, 2, 3, 3, 0, 1, 1, 1, 0, 0, 0, 3, 0, 3, 3, 2, 0, 3, 3, 1, 0, 1, 0, 3, 1, 1, 3, 0, 3, 3, 0, 0, 0, 2, 0, 3, 1, 3, 3, 3, 3, 1, 3, 1, 1], "predicted_labels": [0, 2, 3, 3, 1, 0, 3, 2, 2, 0, 0, 3, 2, 0, 1, 1, 1, 3, 3, 1, 0, 2, 0, 0, 1, 3, 1, 2, 3, 1, 0, 2, 2, 0, 3, 0, 0, 2, 3, 0, 2, 3, 3, 3, 2, 3, 2, 3, 0, 0, 3, 0, 0, 3, 1, 3, 3, 0, 0, 2, 1, 0, 3, 3, 1, 0, 2, 2, 3, 0, 0, 0, 0, 2, 2, 0, 2, 2, 0, 3, 3, 3, 3, 3, 0, 3, 0, 1, 3, 1, 1, 2, 0, 1, 3, 0, 1, 1, 3, 1, 3, 2, 0, 1, 3, 1, 3, 2, 2, 1, 3, 3, 1, 3, 3, 3, 3, 1, 1, 0, 0, 2, 2, 0, 0, 3, 3, 0, 2, 3, 0, 1, 0, 2, 1, 0, 0, 0, 1, 2, 2, 0], "confidence_scores": [[0.9705086012743956, 7.298525643995869e-06, 0.028844849480231007, 0.0006392507197292849], [0.004407398514898512, 0.005060726652518806, 0.8301581462330762, 0.16037372859950658], [0.2634178062150488, 0.014946084614983996, 0.01343779002476731, 0.7081983191451998], [0.002119068338162773, 0.005395370366900688, 0.008972619527075672, 0.9835129417678609], [0.32658240778752706, 0.6665698017565922, 0.0023377755830994128, 0.004510014872781417], [0.6303869547854409, 0.034176177388945884, 0.3333246887814987, 0.0021121790441144413], [0.0002814240442986322, 0.09482815822474606, 0.010122429856876732, 0.8947679878740785], [0.329391767288832, 0.022372266558548414, 0.607987832748927, 0.04024813340369258], [0.015042379302806176, 0.041624085414813744, 0.9269992585782078, 0.01633427670417226], [0.9744032195441139, 0.014849076325150298, 0.0007882823890344065, 0.009959421741701292], [0.7416306857999866, 0.2186298103532221, 0.003575453078774115, 0.03616405076801715], [0.020475572948125596, 0.12531816048771718, 0.1660424655880258, 0.6881638009761314], [0.014421329059734575, 0.13904380607463324, 0.6262452747882404, 0.2202895900773918], [0.7573369412619254, 0.23672457816823564, 0.003922006873341677, 0.002016473696497219], [0.035509463394871696, 0.8160643291072707, 0.1143605778504648, 0.034065629647392855], [0.01797470980924966, 0.9518695154670701, 0.00017059098735193402, 0.029985183736328323], [0.013347028531813375, 0.9356137143346546, 0.0037923495860399587, 0.047246907547492244], [0.3749240542558028, 0.0015788709334977203, 0.00019224813772550256, 0.623304826672974], [0.02117214095721055, 0.04107328287437866, 0.40642527783310795, 0.5313292983353027], [0.22598809769998926, 0.730821478076929, 0.035823518253876044, 0.007366905969205546], [0.8866984144094412, 0.027725227762185247, 0.022346042684269037, 0.06323031514410456], [0.006616841439687745, 0.001710912897287698, 0.9912268999966779, 0.00044534566634664235], [0.4388206386426754, 0.07822541569799935, 0.31147511105991177, 0.17147883459941363], [0.777983272436604, 0.0432892436556644, 0.06008715942334989, 0.11864032448438155], [0.01706011107842716, 0.5851990806693042, 0.16847965797046124, 0.22926115028180752], [0.21776596963574563, 0.006066986018193234, 0.0016937243181267335, 0.7744733200279345], [0.24576799328405988, 0.47465629931209247, 0.08354355572955238, 0.19603215167429527], [0.19092020256698988, 0.026329073680824787, 0.7818564840876236, 0.0008942396645615195], [0.02399261614456066, 0.04111370982488541, 0.00123845132893246, 0.9336552227016216], [0.13968863316349395, 0.4362313984949547, 0.3720579047058926, 0.0520220636356589], [0.6986561571869192, 0.0012912764726633334, 0.04058935267640778, 0.2594632136640097], [0.005920564744727015, 0.013798139136467933, 0.972228708270699, 0.008052587848106082], [0.10907350292143815, 0.24090957649839645, 0.40764008357952747, 0.24237683700063792], [0.5626240664593667, 0.07237725330140017, 0.2904462040222659, 0.07455247621696723], [0.015657632359083365, 0.00144738158062153, 0.005315143655851598, 0.9775798424044436], [0.6657059972756457, 0.2301376807170197, 0.0004243315166419477, 0.10373199049069252], [0.9988645947989119, 0.00017542723500612516, 0.0007656988429069199, 0.00019427912317524442], [0.3657561579466236, 0.011294780947482154, 0.6084468733007328, 0.014502187805161465], [0.11274857151672092, 0.05576640466341576, 0.0167411604065134, 0.8147438634133499], [0.8675515499896038, 0.027666701637617214, 0.010649466203698343, 0.09413228216908061], [0.018395388430096547, 0.3241565821687451, 0.6565066327857813, 0.0009413966153771997], [0.0008291808017433105, 0.00185202337334799, 0.008578981019360757, 0.988739814805548], [0.14113206874577036, 0.026784411990785063, 0.01926028927689535, 0.8128232299865492], [0.27590785935128836, 0.007267695182309327, 0.0029526845594814825, 0.7138717609069208], [0.36022696992920905, 0.08269793883586296, 0.5567785601155194, 0.00029653111940855704], [0.003426406707154571, 0.01733634296408466, 0.029123570242449222, 0.9501136800863115], [0.12653005268540055, 0.03546101069529358, 0.8316666579840961, 0.006342278635209842], [0.015712292370196633, 0.025057348067936518, 0.004913734597984402, 0.9543166249638825], [0.9216287528399585, 1.0356964586224568e-05, 0.0525499175673544, 0.025810972628100944], [0.8493125102945124, 0.028544888425401666, 0.08019744177745412, 0.04194515950263178], [0.2545982671819976, 0.0035740460750930147, 1.9189267888033688e-05, 0.7418084974750214], [0.8125424671553307, 0.09004144476491033, 0.03981031138483294, 0.057605776694925906], [0.817709187485575, 0.002365247503179202, 0.00459484880006238, 0.17533071621118335], [0.027124147765310917, 0.02364626449934469, 0.01279949158805626, 0.9364300961472881], [0.29020877268498474, 0.351161934304156, 0.18491274614024078, 0.17371654687061858], [0.12867564818056731, 0.2961273516979624, 0.0015181999800284727, 0.5736788001414418], [0.0026921854580810875, 0.0006844213425044078, 0.0305506769504302, 0.9660727162489843], [0.8135163794879968, 0.09744035982953549, 0.035490891907027707, 0.053552368775440014], [0.7734126243000667, 0.2264204767378175, 2.329801357312987e-05, 0.0001436009485427006], [0.0035208274576473855, 0.020698579755466504, 0.9730971507178676, 0.002683442069018598], [0.10138471759020616, 0.5526370836993295, 0.2449563217361225, 0.10102187697434177], [0.4808718387628542, 0.01016074694305417, 0.07652972999693437, 0.43243768429715723], [0.029090565301595785, 0.0016474235303504526, 0.12272619759608189, 0.8465358135719718], [0.356732505893431, 0.08336074759614928, 0.20187682241666777, 0.358029924093752], [0.04385660140451321, 0.9522894063285811, 0.0003205788917917834, 0.0035334133751140527], [0.9889813913604868, 0.001717242065107677, 0.00494435413963153, 0.0043570124347741225], [0.08580525647885782, 0.05378723542336617, 0.8548847665646299, 0.005522741533146081], [0.08034403076151951, 0.18005090822160422, 0.6867144609113526, 0.05289060010552378], [0.00041694122468827893, 4.359979436020219e-05, 5.1097564783425935e-05, 0.9994883614161681], [0.9240839709967299, 0.00040948260474087074, 0.06510580459002473, 0.010400741808504445], [0.49090764960234706, 0.07852741336669648, 0.3882250471579557, 0.04233988987300065], [0.5874051746345885, 0.05149268017211208, 0.3524157628478431, 0.008686382345456213], [0.9757411293536712, 0.00012348251072153804, 0.022331467522121763, 0.0018039206134853453], [0.07904020109009387, 0.37320715327932247, 0.43477207350943053, 0.11298057212115306], [0.1730705717967001, 0.40616089842348085, 0.412190903171799, 0.008577626608020184], [0.9608826152314293, 0.0034323863686653716, 0.0010715309958350503, 0.034613467404070494], [0.028424429419636466, 0.02583077126524152, 0.7969372451025448, 0.14880755421257716], [0.17724605442064803, 0.20560096180455226, 0.34710182202071616, 0.27005116175408356], [0.7369494070632547, 0.057358045367685004, 0.09833127304214757, 0.10736127452691255], [0.07237930915670773, 0.3207394240630134, 0.0025660924863829845, 0.6043151742938958], [0.0066850718057996986, 0.0005185355585648121, 0.004214638415133348, 0.9885817542205021], [0.2516940600691511, 0.05328113205458167, 0.1146676791462067, 0.5803571287300605], [0.0025177885984833167, 0.0008554929735286257, 0.03859416774859648, 0.9580325506793916], [0.167119671020528, 0.040553913858267704, 0.31961451899472415, 0.4727118961264801], [0.4788927203475547, 0.017744271026213464, 0.0406645651226491, 0.46269844350358275], [0.03799070450619423, 0.341086732177425, 0.010433719897381755, 0.6104888434189989], [0.9758195379608922, 0.019844901937122756, 0.004117253272032641, 0.0002183068299522606], [0.0024624719172875015, 0.9632259772999338, 0.001829942396123354, 0.03248160838665548], [0.10620432997937389, 0.038128485862206726, 0.15797443509527437, 0.697692749063145], [0.005957672793607549, 0.9783496371186192, 0.014992678816388279, 0.0007000112713847789], [0.015667995687563056, 0.8925523584876004, 0.07880114924031903, 0.01297849658451752], [0.001726239792301388, 0.018882072083460745, 0.7029199876643685, 0.27647170045986935], [0.8728090026500366, 0.00043519942690590347, 0.010853075953154477, 0.11590272196990299], [0.007659802181399249, 0.9724455965448136, 0.0002796003275283374, 0.019615000946258825], [0.003944606578291146, 0.02578749783416011, 0.0007341546136299359, 0.9695337409739189], [0.8761500677511884, 0.05283956438512456, 0.018447295403233956, 0.05256307246045302], [0.07489782458518753, 0.7716906781417027, 0.007369595302043458, 0.14604190197106642], [0.02762153525265167, 0.45843010777795634, 0.12269155197010354, 0.3912568049992885], [0.028281873041146554, 0.08189171597197915, 0.29221050632161305, 0.5976159046652613], [0.11851798447116067, 0.8590600259480244, 0.0181389504396812, 0.004283039141133725], [3.672171679615377e-05, 0.0001315400581765809, 2.7244198144784983e-07, 0.9998314657830457], [0.035770880964541285, 0.0038022984027909564, 0.9576942892896837, 0.0027325313429840694], [0.5921802034531872, 0.23310680150115917, 0.040192282990617105, 0.13452071205503646], [0.06408988022978282, 0.9007914847035515, 6.540562191486424e-05, 0.03505322944475071], [0.010250692333599945, 0.012852807114631456, 0.0032464872124337743, 0.9736500133393349], [0.010294759161293195, 0.8217606554505689, 0.002613769028014401, 0.16533081636012353], [0.0163690586290104, 0.047334133092137375, 0.0009198187612558927, 0.9353769895175963], [0.05240130429962756, 0.048688811303658125, 0.8795266049741254, 0.019383279422589026], [0.3199172225658446, 0.023078755948812316, 0.6352740413110289, 0.02172998017431415], [0.006862633936918314, 0.9863360927389717, 0.00507223435305627, 0.0017290389710535087], [0.284591789930886, 0.07022006759255445, 0.1832635881892676, 0.46192455428729184], [0.09554081416908308, 0.03364078503941968, 0.023427961631646326, 0.8473904391598509], [0.06542318927261287, 0.3915447579961608, 0.21028790981138054, 0.3327441429198457], [0.0006339070616447673, 0.026919790736382163, 5.0868033349785845e-05, 0.9723954341686233], [0.129844500916651, 0.2658435504867671, 0.09991441743088732, 0.5043975311656945], [0.018930904887544755, 0.006840512326196179, 0.13245063773997703, 0.8417779450462821], [0.019674903398339338, 0.03377047689207404, 7.133592111959082e-05, 0.946483283788467], [0.2325132224146097, 0.6825999084293586, 0.01895175828431366, 0.06593511087171797], [0.14091267019476522, 0.6794285605816197, 0.0021995372733099538, 0.1774592319503051], [0.523581497052702, 0.005521538324838674, 0.13939655280367416, 0.3315004118187852], [0.4108362966270789, 0.048827146383988364, 0.2202546826065233, 0.32008187438240954], [0.0032591326694992252, 0.3363675650406943, 0.6594933105480191, 0.0008799917417874259], [0.01059135164320487, 0.03407665209300309, 0.8528721341037755, 0.10245986216001646], [0.8223605757225579, 0.06503602170554361, 0.10379810786159323, 0.008805294710305257], [0.3881334018886961, 0.3685571768695581, 0.023207009456263562, 0.22010241178548237], [0.41904032497198024, 0.03424559056521103, 0.04813602161705704, 0.49857806284575173], [0.00608320567222946, 0.024756348828949417, 0.18960906287758497, 0.7795513826212361], [0.7449590538913055, 0.01228016764019832, 0.023648418019674013, 0.21911236044882215], [0.03615574281015524, 0.02271881932052613, 0.9181791083393804, 0.022946329529938105], [0.11809065352028734, 0.2709476100543546, 0.16470088986126247, 0.44626084656409576], [0.9131550415719577, 0.07677138866316204, 0.008896833307505713, 0.001176736457374497], [0.007418389889119451, 0.9889701900063091, 0.0014025990452065683, 0.0022088210593647394], [0.3994360708224102, 0.23753910553634291, 0.0059440172408306916, 0.3570808064004161], [0.3728353495188916, 0.030360304489102413, 0.5777015041268738, 0.01910284186513227], [0.005151144943969658, 0.9732435332154066, 0.005036760751178679, 0.016568561089445155], [0.9005162034838825, 0.0004156765101177351, 0.012876721961189769, 0.08619139804480999], [0.9717081952438016, 0.001596379986429363, 0.024462209832830217, 0.0022332149369389508], [0.9779734243158623, 0.0007698142064095735, 0.0010087090324685784, 0.02024805244525963], [0.19382672538798085, 0.451856171457996, 0.10036757647287214, 0.25394952668115095], [0.02537405128228945, 0.0020589677939842617, 0.9705289458824192, 0.0020380350413070907], [0.0715820734765041, 0.17854690733398207, 0.7376457940628247, 0.012225225126689063], [0.5699694235945967, 0.3721529329541237, 0.055544949617268524, 0.0023326938340111542]]}}