{"test": {"ids": ["104116441", "104111830", "102112301", "106116850", "107116300", "98110810", "100110050", "103111170", "111120591", "109118161", "110120560", "107119130", "107114621", "108113700", "97111790", "99107640", "113120601", "100117420", "105117351", "112119950", "104112201", "100120780", "101108460", "110118880", "99111000", "113121680", "105118230", "111121220", "107116340", "105115380", "113122220", "108120700", "110121450", "110115980", "109117431", "105117431", "101112690", "110120190", "101108621", "112118421", "99109161", "107115250", "113118620", "98109230", "111114321", "104116980", "98108370", "112116880", "110117080", "108119510", "113119700", "110115250", "103111540", "104119290", "98120530", "108115070", "105120621", "112118820", "105119550", "97106770", "113120280", "111120540", "110113931", "103112470", "105113330", "109120621", "104109311", "103111930", "100111390", "105116090", "97109570", "112117431", "109117630", "106113260", "108121160", "108113480", "110119030", "98116940", "99107660", "104113170", "104113190", "109120540", "106116640", "102113210", "111117000", "111117571", "107114950", "109113931", "112118860", "108118291", "99108580", "104110960", "113119120", "108120621", "104113550", "110120540", "109117730", "98108580", "111116100", "98106680", "113118630", "111116010", "109119450", "113118820", "97116401", "101108500", "110118450", "113122190", "105116441", "111116411", "97112300", "101108121", "112117660", "108116120", "111120260", "112119580", "109119460", "101111620", "113118111", "113121950", "103118291", "100108080", "113121750", "110121720", "105113210", "112117580", "113122150", "110115140", "97105451", "103118110", "97114170", "112116800", "113121410", "105119950", "112119500", "103110840", "103110760", "103117461", "99108000", "107117010", "110117870", "110118301"], "labels": [1, 3, 1, 3, 0, 1, 3, 2, 1, 0, 0, 1, 0, 0, 2, 1, 2, 2, 0, 0, 0, 1, 0, 0, 2, 1, 1, 3, 3, 1, 1, 2, 3, 1, 1, 1, 1, 3, 0, 3, 3, 2, 3, 1, 1, 1, 1, 0, 1, 1, 0, 1, 1, 1, 1, 1, 1, 0, 1, 3, 0, 1, 1, 1, 3, 1, 3, 3, 2, 1, 0, 0, 0, 3, 2, 0, 0, 2, 3, 3, 3, 1, 3, 3, 0, 3, 3, 1, 3, 3, 0, 2, 3, 1, 1, 1, 3, 0, 3, 1, 3, 1, 3, 0, 3, 3, 0, 1, 1, 0, 2, 0, 0, 1, 3, 3, 1, 3, 1, 3, 0, 0, 0, 3, 3, 0, 2, 0, 0, 2, 2, 0, 0, 3, 2, 1, 1, 0, 2, 1, 3, 1], "predicted_labels": [1, 3, 3, 2, 1, 1, 3, 0, 0, 1, 3, 3, 3, 3, 1, 1, 1, 3, 3, 0, 3, 1, 3, 3, 3, 1, 1, 1, 3, 1, 1, 1, 3, 0, 0, 1, 3, 3, 3, 3, 0, 3, 1, 2, 1, 3, 3, 1, 3, 3, 1, 3, 3, 3, 3, 1, 0, 1, 1, 0, 3, 0, 3, 3, 3, 3, 3, 1, 1, 3, 0, 3, 0, 1, 3, 1, 3, 1, 0, 1, 1, 1, 3, 1, 3, 3, 3, 1, 3, 3, 0, 3, 1, 3, 0, 1, 3, 1, 3, 2, 1, 1, 3, 1, 1, 2, 1, 3, 1, 0, 3, 0, 3, 0, 3, 0, 3, 0, 3, 1, 0, 2, 1, 1, 3, 3, 1, 3, 1, 2, 3, 3, 3, 0, 1, 1, 3, 3, 1, 1, 3, 3], "confidence_scores": [[0.1554831513457895, 0.378028993914247, 0.055741998546089244, 0.4107458561938744], [0.03951031515952234, 0.33347541886405047, 0.020434749948558248, 0.606579516027869], [0.18898951791204316, 0.2761349816050083, 0.11450638356426279, 0.4203691169186854], [0.09952554862911876, 0.2456463515410253, 0.5951635941283433, 0.059664505701512764], [0.2355751067682273, 0.36395964858574487, 0.029320475213663533, 0.3711447694323643], [0.0708077519676491, 0.4315306124909417, 0.41346498196388254, 0.08419665357752673], [0.12084420209271651, 0.21011499688945362, 0.4391567296781034, 0.22988407133972666], [0.801707332595738, 0.05413060722818341, 0.01568655077607001, 0.12847550940000843], [0.9140604788949044, 0.005443233156435397, 0.006418413980341505, 0.07407787396831869], [0.1410285352131467, 0.5623217979948789, 0.03314223586282597, 0.2635074309291485], [0.19226167841860092, 0.0893857124229461, 0.48801350103669106, 0.2303391081217619], [0.2462459217991967, 0.17888531895331714, 0.3878587167106779, 0.1870100425368083], [0.682946402569829, 0.003055663993961882, 0.0012931604660742666, 0.312704772970135], [0.09927043834990797, 0.3619509646990551, 0.12685128142974444, 0.4119273155212925], [0.3514544139752544, 0.23741600364049473, 0.27865973063736804, 0.1324698517468828], [0.457512696883754, 0.24704875138780608, 0.14799920001355332, 0.1474393517148868], [0.12066272872211752, 0.32029524600974385, 0.3741976319486118, 0.1848443933195266], [0.12536356798343692, 0.3132088966589894, 0.12384781138522427, 0.4375797239723499], [0.25590815775782616, 0.20512132438930367, 0.05278949417310069, 0.4861810236797694], [0.8008972386145096, 0.010539657119328128, 0.02106031381817023, 0.1675027904479922], [0.4619329160507465, 0.06485514339592675, 0.02477032324779771, 0.4484416173055291], [0.4947941170553901, 0.24861464604824163, 0.07614160513498301, 0.18044963176138526], [0.27138507476974655, 0.0599351119444582, 0.10146567457772274, 0.5672141387080724], [0.47865714899699957, 0.06527351066461591, 0.0057725543957669895, 0.45029678594261763], [0.08278653179615733, 0.3360947535389768, 0.19530282864250834, 0.38581588602235756], [0.13563090498366448, 0.3508392886030359, 0.3327289648127867, 0.18080084160051282], [0.05776609621352345, 0.6827247299928834, 0.20501407542598102, 0.05449509836761218], [0.20654940549810066, 0.40992115408669577, 0.11402506386864034, 0.2695043765465631], [0.15460145483399723, 0.21853727122163408, 0.30672053285354545, 0.3201407410908233], [0.0604448021440056, 0.41193140868369355, 0.3606986227730508, 0.16692516639924976], [0.352054127185742, 0.3770063962866852, 0.06625816748435438, 0.2046813090432186], [0.2758439216673229, 0.2809922341150872, 0.16889885892616965, 0.2742649852914201], [0.3571938060029335, 0.2099502607609611, 0.00450530668621124, 0.4283506265498941], [0.6133532417382223, 0.06103151937162745, 0.2059777755907711, 0.11963746329937941], [0.7951008870930073, 0.043269365381444734, 0.014439774545409179, 0.14718997298013875], [0.16983184289538364, 0.31914817234273024, 0.30655307740793, 0.20446690735395603], [0.2887237461107165, 0.03369084457419504, 0.0488894673154125, 0.6286959419996759], [0.05151929694869675, 0.3120940900075742, 0.16785437670537506, 0.4685322363383539], [0.5288222780541919, 0.1278575459054617, 0.023613297654080028, 0.3197068783862662], [0.21530711722786677, 0.06456520799119805, 0.012135793536762496, 0.7079918812441727], [0.6253017586242224, 0.07531940820560401, 0.18966631952277294, 0.10971251364740055], [0.3109800006745562, 0.25761632263579787, 0.1023009861802074, 0.32910269050943836], [0.12412320353282438, 0.4031591457591537, 0.1262404168565074, 0.3464772338515146], [0.055596496007209784, 0.034227323806828025, 0.856357887228103, 0.05381829295785888], [0.272892460381405, 0.45524831592953896, 0.06568044825681278, 0.20617877543224317], [0.018785597226055006, 0.20698067998072628, 0.2944893656613211, 0.47974435713189784], [0.18702692456186842, 0.14306945579754246, 0.34202377631602454, 0.32787984332456466], [0.1302176948958455, 0.4530982099463088, 0.22991302645820652, 0.1867710686996392], [0.06969506733006507, 0.28130518088146944, 0.07150462527304738, 0.577495126515418], [0.2924477976211029, 0.18529387132537606, 0.07444477948963764, 0.4478135515638833], [0.22059256171595976, 0.4242837365761597, 0.12376837687738838, 0.23135532483049231], [0.0992074595326488, 0.3539591028662613, 0.054470646998436074, 0.492362790602654], [0.31221597652560584, 0.20597509267793382, 0.1395651441574023, 0.342243786639058], [0.31742836410347974, 0.21363035575762357, 0.15570304384634892, 0.3132382362925477], [0.18847980701937847, 0.1459143813620453, 0.42661079083779097, 0.23899502078078533], [0.3428338038704424, 0.32733289164380114, 0.12831277772901323, 0.2015205267567431], [0.7233822407918158, 0.08438385334159088, 0.00389385032588302, 0.18834005554071032], [0.3771163394201404, 0.32699617604849324, 0.09621887139642123, 0.1996686131349453], [0.1567521821752506, 0.5335613555842079, 0.15709258101729942, 0.15259388122324244], [0.32300642667689444, 0.15530430001196613, 0.38057959433758276, 0.14110967897355678], [0.6819455561545391, 0.0035576352562472404, 0.002602103087912131, 0.31189470550130177], [0.6646562859880322, 0.1738170870663267, 0.12474148695351989, 0.03678513999212147], [0.22864864046228991, 0.10527914318105669, 0.19109393708729439, 0.4749782792693584], [0.2763728628209032, 0.1984607510290728, 0.3256692387552837, 0.19949714739474034], [0.4928262974998796, 0.0643088809133345, 0.010528501103940059, 0.4323363204828457], [0.08256794516149649, 0.050544838254113676, 0.012895086129321302, 0.8539921304550685], [0.5483187271828376, 0.05083825790877589, 0.10953373682138602, 0.291309278087], [0.35623985471831826, 0.29898700995293664, 0.14454252128019948, 0.2002306140485454], [0.4677364853105696, 0.24805592641824065, 0.18209699554963904, 0.10211059272155074], [0.48045125132689437, 0.07891346260503172, 0.0167069588509037, 0.42392832721717016], [0.6289187126146109, 0.05220131543982156, 0.2049777719597149, 0.1139021999858527], [0.4367973499413563, 0.21635304572311845, 0.02131009246442892, 0.3255395118710963], [0.6732776580984747, 0.04745162888939856, 0.016552429166366973, 0.2627182838457595], [0.17677972943615183, 0.5373587561683819, 0.12901053503393262, 0.15685097936153355], [0.1504179871446889, 0.09560838065141791, 0.01903022485788488, 0.7349434073460083], [0.11354361988734704, 0.4569794644129177, 0.17015055024393505, 0.2593263654558003], [0.12729857633773253, 0.2833501295851874, 0.05494860445448948, 0.5344026896225904], [0.11422332724868198, 0.3872038384655172, 0.1905020699098499, 0.30807076437595105], [0.8218580748572273, 0.05324712247325971, 0.024660772742275325, 0.1002340299272378], [0.3249997687134907, 0.400641453572425, 0.08592720439332814, 0.18843157332075627], [0.10839615411331499, 0.6556077323301585, 0.06924491670380585, 0.16675119685272063], [0.11204956447899303, 0.659575063817921, 0.06037856712614599, 0.1679968045769399], [0.4317190684780977, 0.14935533588210664, 0.16849496707036393, 0.2504306285694314], [0.13528273749739314, 0.31941779009546645, 0.20853851646505464, 0.3367609559420857], [0.17786415803804717, 0.28006870794940336, 0.12778242460995323, 0.4142847094025961], [0.4285481338902287, 0.1282538747700087, 0.0505157814985492, 0.3926822098412134], [0.240607277743997, 0.08151220809013497, 0.08436511332065423, 0.5935154008452137], [0.15681584632499027, 0.34950388573423846, 0.2955707204007908, 0.19810954753998042], [0.18182737430087206, 0.24247575583151926, 0.2809687749841698, 0.29472809488343915], [0.4904381385896371, 0.1146432006269117, 0.0059672820267340585, 0.3889513787567172], [0.5528576291321775, 0.19471264093023088, 0.1399567187940499, 0.11247301114354193], [0.05956325016154902, 0.13470286113825136, 0.2737862511998637, 0.5319476375003362], [0.32631404038565404, 0.35077987811253514, 0.0459112809219445, 0.2769948005798663], [0.4164499716743507, 0.163780448739061, 0.053442006026270035, 0.3663275735603183], [0.9555465898710052, 0.008405637232480629, 0.0027433762566721797, 0.033304396639842415], [0.0740186971523925, 0.5802909351272563, 0.21154138730462932, 0.13414898041572157], [0.29409586723936015, 0.1800654298532679, 0.24897261118199776, 0.27686609172537374], [0.26794048200043663, 0.2586663277414476, 0.317496777857453, 0.15589641240066265], [0.6193218358751318, 0.06257422377877327, 0.01876883037716298, 0.299335109968932], [0.18561797738316627, 0.2267106009955503, 0.5031027033608494, 0.08456871826043404], [0.04663395330446456, 0.5284077267006106, 0.2811779917683913, 0.14378032822653386], [0.1270534457523744, 0.3419328176736245, 0.40404404602873, 0.12696969054527085], [0.1600231110244206, 0.16789835582398766, 0.21966749286718923, 0.4524110402844025], [0.2717127782409706, 0.5923360265822071, 0.025613543717882502, 0.11033765145893995], [0.25595902664107945, 0.2497187361268027, 0.36840403402344146, 0.12591820320867658], [0.03522537932045163, 0.09211437530080976, 0.6874535696885334, 0.1852066756902051], [0.10357468417513474, 0.7051276881373028, 0.14013861399677774, 0.05115901369078494], [0.11116856770332145, 0.2928428105076594, 0.2348223950172484, 0.3611662267717702], [0.29728367007552237, 0.38267139714684506, 0.039793396546000726, 0.2802515362316316], [0.882066258289696, 0.009006945247111459, 0.007853638354503301, 0.10107315810868939], [0.35217847178719847, 0.08085968835922762, 0.28898603689112223, 0.27797580296245156], [0.7453525883578708, 0.044176202622081336, 0.03358658123585479, 0.17688462778419303], [0.28223919007859893, 0.09664267076720225, 0.02531228999748734, 0.5958058491567116], [0.8766078744001848, 0.02873530095956005, 0.030359404359139395, 0.06429742028111537], [0.31781626285076126, 0.19409569315271682, 0.09400880612277507, 0.3940792378737468], [0.7977390026200903, 0.01432203934119301, 0.03886297384616905, 0.1490759841925476], [0.3031317218673252, 0.03782310924338782, 0.09853665614271558, 0.5605085127465715], [0.6138691088713834, 0.1706316829326777, 0.11507877994798706, 0.100420428247952], [0.21576461476882694, 0.1370952494598963, 0.06020446159749522, 0.5869356741737811], [0.4400434932439865, 0.341755226940321, 0.028396522904465118, 0.18980475691122747], [0.7139188212308345, 0.0896760982043468, 0.04816813420461748, 0.1482369463602011], [0.09071702633994976, 0.06153211169464886, 0.7415091495694383, 0.1062417123959631], [0.5086801533752948, 0.2643151367838053, 0.04484171240121014, 0.18216299743968967], [0.38169340160360204, 0.3386125548228383, 0.0682940281535224, 0.21140001542003722], [0.464506841981805, 0.09738170381437188, 0.06669849727217365, 0.37141295693164944], [0.14072313343294945, 0.17849661084522073, 0.023487573493545803, 0.6572926822282842], [0.08747277177248021, 0.6174344498961328, 0.051898445199428815, 0.24319433313195807], [0.40993488151010793, 0.08943092923123377, 0.13909587343115928, 0.3615383158274989], [0.3042498663294322, 0.3677978436458704, 0.06109951778656812, 0.26685277223812914], [0.09839531768256424, 0.22192525326575688, 0.5669268336521361, 0.11275259539954284], [0.09235124978637457, 0.318472830966606, 0.23277523362527838, 0.35640068562174115], [0.06497686255288213, 0.27041328818584254, 0.05258689156094486, 0.6120229577003304], [0.2771532068065746, 0.18315179662085737, 0.015781760537597344, 0.5239132360349706], [0.5866120591114281, 0.05836138287277621, 0.16707068466012415, 0.18795587335567174], [0.11987047118531795, 0.4583060810442952, 0.3661519496483196, 0.055671498122067196], [0.13010799885986624, 0.45024604001312696, 0.11442493733588724, 0.3052210237911194], [0.2955919382297079, 0.10386969620000401, 0.15160528912489532, 0.4489330764453927], [0.3665476301003383, 0.2704630716590026, 0.02750803937611322, 0.33548125886454594], [0.06857987323711792, 0.3954995683999816, 0.2474030524273239, 0.28851750593557657], [0.15217414742041357, 0.36171839176498005, 0.15574654214998163, 0.33036091866462447], [0.343470902627577, 0.04606459831740518, 0.3397992290852667, 0.2706652699697512], [0.3371061576641676, 0.19887155000032827, 0.03304564214563928, 0.4309766501898652]]}, "rewritten": {"ids": ["97105451", "97106770", "97109570", "97111790", "97112300", "97114170", "97116401", "98106680", "98108370", "98108580", "98109230", "98110810", "98116940", "98120530", "99107640", "99107660", "99108000", "99108580", "99109161", "99111000", "100108080", "100110050", "100111390", "100117420", "100120780", "101108121", "101108460", "101108500", "101108621", "101111620", "101112690", "102112301", "102113210", "103110760", "103110840", "103111170", "103111540", "103111930", "103112470", "103117461", "103118110", "103118291", "104109311", "104110960", "104111830", "104112201", "104113170", "104113190", "104113550", "104116441", "104116980", "104119290", "105113210", "105113330", "105115380", "105116090", "105116441", "105117351", "105117431", "105118230", "105119550", "105119950", "105120621", "106113260", "106116640", "106116850", "107114621", "107114950", "107115250", "107116300", "107116340", "107117010", "107119130", "108113480", "108113700", "108115070", "108116120", "108118291", "108119510", "108120621", "108120700", "108121160", "109113931", "109117431", "109117630", "109117730", "109118161", "109119450", "109119460", "109120540", "109120621", "110113931", "110115140", "110115250", "110115980", "110117080", "110117870", "110118301", "110118450", "110118880", "110119030", "110120190", "110120540", "110120560", "110121450", "110121720", "111114321", "111116010", "111116100", "111116411", "111117000", "111117571", "111120260", "111120540", "111120591", "111121220", "112116800", "112116880", "112117431", "112117580", "112117660", "112118421", "112118820", "112118860", "112119500", "112119580", "112119950", "113118111", "113118620", "113118630", "113118820", "113119120", "113119700", "113120280", "113120601", "113121410", "113121680", "113121750", "113121950", "113122150", "113122190", "113122220"], "labels": [0, 3, 0, 2, 2, 2, 3, 1, 1, 0, 1, 1, 2, 1, 1, 3, 2, 0, 3, 2, 0, 3, 2, 2, 1, 0, 0, 3, 0, 3, 1, 1, 3, 1, 1, 2, 1, 3, 1, 0, 2, 0, 3, 2, 3, 0, 3, 3, 1, 1, 1, 1, 3, 3, 1, 1, 1, 0, 1, 1, 1, 3, 1, 3, 3, 3, 0, 3, 2, 0, 3, 1, 1, 0, 0, 1, 1, 3, 1, 1, 2, 2, 1, 1, 0, 3, 0, 3, 1, 1, 1, 1, 0, 1, 1, 1, 3, 1, 0, 0, 0, 3, 1, 0, 3, 3, 1, 1, 3, 0, 0, 3, 3, 1, 1, 3, 0, 0, 0, 0, 0, 3, 0, 3, 2, 3, 0, 1, 3, 3, 0, 3, 0, 0, 2, 0, 1, 0, 3, 2, 1, 1], "predicted_labels": [1, 0, 3, 1, 3, 3, 1, 1, 3, 1, 2, 1, 1, 3, 0, 0, 1, 0, 0, 1, 2, 2, 0, 1, 3, 3, 3, 2, 0, 0, 3, 1, 1, 3, 1, 0, 3, 1, 3, 1, 2, 0, 3, 3, 1, 3, 1, 1, 0, 3, 1, 3, 3, 3, 1, 3, 1, 3, 0, 1, 1, 0, 0, 1, 1, 2, 0, 3, 3, 1, 3, 1, 0, 1, 1, 1, 0, 1, 1, 0, 1, 3, 1, 0, 3, 3, 1, 3, 3, 1, 3, 3, 3, 3, 0, 3, 3, 3, 1, 3, 3, 3, 1, 3, 3, 1, 1, 1, 3, 0, 3, 3, 1, 0, 0, 1, 1, 1, 3, 1, 3, 3, 1, 1, 1, 0, 0, 3, 3, 3, 1, 1, 1, 0, 1, 3, 1, 1, 1, 1, 3, 1], "confidence_scores": [[0.1938886898022734, 0.5621574708920124, 0.0454267629341483, 0.19852707637156586], [0.3371029436272912, 0.13172966970462696, 0.38716128739605116, 0.14400609927203045], [0.38775616198738516, 0.07821551917159376, 0.2997140875685204, 0.23431423127250062], [0.4444989768385442, 0.2396512292712277, 0.17428653162096017, 0.14156326226926796], [0.21521390262801376, 0.08140545573815672, 0.25116933472939074, 0.4522113069044386], [0.1318478314847704, 0.32191991846188567, 0.21873250365112262, 0.32749974640222146], [0.16888884054995196, 0.3876160730294564, 0.31355240499052867, 0.129942681430063], [0.1772581998332081, 0.3552904745431389, 0.40534636829769144, 0.06210495732596168], [0.17455967198802338, 0.18087245850632672, 0.29728448634348303, 0.347283383162167], [0.27542850527985957, 0.21225500577948017, 0.3476381645669014, 0.1646783243737591], [0.07212759344294144, 0.04947800185270845, 0.8219763215403081, 0.056418083164042274], [0.14579242850458346, 0.46761153056112353, 0.26012827634428853, 0.1264677645900044], [0.06257605133297242, 0.582024652707043, 0.13865036913897155, 0.21674892682101302], [0.19522629333338326, 0.04753190453255248, 0.39179711082885205, 0.3654446913052123], [0.5491238471399889, 0.2020012850331978, 0.07945892607158926, 0.16941594175522418], [0.8481853695220688, 0.038090016173657634, 0.006146788857965564, 0.10757782544630816], [0.06274225383297492, 0.45783397861673303, 0.3690180589614004, 0.11040570858889151], [0.6016807399348229, 0.1627602084225694, 0.11434057134026544, 0.12121848030234249], [0.6662709544741712, 0.11686589299244021, 0.1338623515042931, 0.08300080102909586], [0.13117842426852935, 0.3455469562350787, 0.28016254853383554, 0.24311207096255644], [0.22572087573430052, 0.12507397775139353, 0.5326161411025029, 0.11658900541180314], [0.1009350243910647, 0.21747786060527002, 0.5184787170522532, 0.163108397951412], [0.5275163838139473, 0.15468600211668213, 0.19640007843560717, 0.12139753563376339], [0.11563995760621207, 0.4096564179308034, 0.07288686230885276, 0.4018167621541318], [0.5077275738464128, 0.18249174899854517, 0.05174602709037701, 0.25803465006466486], [0.5769060768114274, 0.06761436345907042, 0.042683677115789104, 0.3127958826137132], [0.2173540468757201, 0.13054614670969075, 0.07418350285791503, 0.5779163035566743], [0.0298706896727842, 0.06866629022223611, 0.7514764300982543, 0.1499865900067252], [0.5669697381174053, 0.17251274154643984, 0.016918125841796697, 0.24359939449435847], [0.40552646786619767, 0.20883225655733068, 0.2959275907675457, 0.08971368480892593], [0.27255935165157363, 0.04852613636354652, 0.07786052385411985, 0.6010539881307598], [0.26767454573616567, 0.29861665661043496, 0.24267769753588445, 0.191031100117515], [0.18553293563313378, 0.3448998610196126, 0.3101677515799235, 0.15939945176733028], [0.27400343921305964, 0.19285992979976777, 0.16957154905181512, 0.36356508193535725], [0.0899367077445, 0.5411210678518198, 0.07440457033467258, 0.29453765406900784], [0.7934220409509078, 0.08595770647323187, 0.018998555242791714, 0.1016216973330684], [0.16576032526724852, 0.1844496701196621, 0.0942742318336929, 0.5555157727793963], [0.24682835964443833, 0.2286960069699007, 0.3777970865396977, 0.14667854684596313], [0.13895987633320903, 0.2954078174630835, 0.28904035850269444, 0.27659194770101314], [0.3164221327141848, 0.4477419504245564, 0.042802651578388896, 0.19303326528286968], [0.10524863310680507, 0.15915555402276846, 0.6244166104481462, 0.11117920242228024], [0.6084628442117337, 0.1435790320605551, 0.055574367462473885, 0.19238375626523688], [0.36976793596229995, 0.0956300492539523, 0.06661057335466464, 0.46799144142908317], [0.03452984963009783, 0.25594659431729405, 0.37857514701091427, 0.3309484090416939], [0.02592480678628639, 0.6770901833946271, 0.01698304457459102, 0.2800019652444956], [0.6201226458186726, 0.013830492197120027, 0.015205891100323334, 0.35084097088388394], [0.3100423041097954, 0.40962448035849297, 0.15037283112772196, 0.12996038440398974], [0.16068897059836698, 0.5814717215361258, 0.10504494953155448, 0.15279435833395252], [0.7649683343069202, 0.05130353171985655, 0.02394335193272056, 0.15978478204050273], [0.14260685746135732, 0.17503546573780304, 0.10399320105182165, 0.5783644757490181], [0.059805756050896886, 0.4001306955204261, 0.3073351870232692, 0.23272836140540779], [0.3011514052846782, 0.22394819179127098, 0.10211166715594903, 0.37278873576810184], [0.28093415431749563, 0.28749850906001445, 0.08181965107451417, 0.34974768554797564], [0.4455867341189419, 0.11890289280718609, 0.030001302034361924, 0.4055090710395101], [0.05099052775286805, 0.42350432156747403, 0.45362769795093694, 0.07187745272872079], [0.49850728527806326, 0.07643022616561732, 0.015266701819335999, 0.4097957867369834], [0.37852979664687125, 0.37244182383548746, 0.03729458727317712, 0.21173379224446415], [0.24848045495349794, 0.2528070586897724, 0.05991600607726676, 0.43879648027946294], [0.3581361392609876, 0.22126070586459565, 0.31882678432835104, 0.1017763705460659], [0.09939877881703515, 0.5518507543021712, 0.29725084675500163, 0.05149962012579207], [0.15558081311795616, 0.48146339639670466, 0.14776120009230997, 0.21519459039302896], [0.6320001210925932, 0.1399875652301794, 0.07203284395136401, 0.15597946972586313], [0.7978488837868267, 0.05345690866431177, 0.0029856198951278548, 0.14570858765373346], [0.2220533743674788, 0.4725826354063803, 0.1426681137236987, 0.1626958765024424], [0.1425636800476207, 0.33049502023375416, 0.2729938075979679, 0.2539474921206575], [0.06806313818359026, 0.19242931739322866, 0.6494730261742137, 0.09003451824896723], [0.7544774723184314, 0.004207008974252796, 0.0016745502744777011, 0.23964096843283797], [0.38944272576866895, 0.0434065685580721, 0.0545486731491459, 0.5126020325241132], [0.14890102882170098, 0.3183141675753464, 0.22817585353920164, 0.30460895006375077], [0.3107342629734811, 0.4618402351651028, 0.02057956852483351, 0.20684593333658294], [0.18232477138867612, 0.2033821045699959, 0.30663839813858906, 0.30765472590273907], [0.17575569783364756, 0.3980054688863932, 0.16759537308798364, 0.25864346019197537], [0.5536013352705554, 0.09572894744255439, 0.14419161665820643, 0.2064781006286837], [0.06458097547289797, 0.5690447944465039, 0.16144486244392545, 0.20492936763667244], [0.0909551466671378, 0.4088382322557285, 0.2194948818658174, 0.28071173921131626], [0.26618359868909525, 0.30064155007628673, 0.1423434632577623, 0.29083138797685576], [0.8342006907398788, 0.03128891460780507, 0.04328465642957035, 0.09122573822274585], [0.2892037239388098, 0.43645981359878233, 0.006888324759994633, 0.26744813770241344], [0.409944937651372, 0.2830871989629304, 0.03366363438651144, 0.27330422899918627], [0.6256226349563594, 0.07370685784997781, 0.04248514293124848, 0.258185364262414], [0.35033578636715634, 0.32045914314976004, 0.1222818788690617, 0.206923191614022], [0.21534849180514254, 0.15039725530562273, 0.03663876719712599, 0.5976154856921087], [0.09321526466677504, 0.2721313206148903, 0.4599710263335468, 0.1746823883847876], [0.6156476216659347, 0.07677686765258133, 0.055988066054796504, 0.2515874446266874], [0.5501732205847586, 0.07383204572692459, 0.0378947502992387, 0.338099983389078], [0.24593538172291135, 0.1745499646872025, 0.3152818485752847, 0.2642328050146015], [0.5787260475371477, 0.29789887082843225, 0.04471531554422431, 0.07865976609019582], [0.2665365077223547, 0.2182731312092121, 0.20269129978153927, 0.3124990612868934], [0.11698281974189542, 0.08165048207861245, 0.13479113025072356, 0.6665755679287688], [0.07512648403421804, 0.6448873834306605, 0.0812777429825717, 0.1987083895525497], [0.14809930133122015, 0.08383564722408429, 0.09607217454758384, 0.6719928768971116], [0.28446012888402444, 0.05940654562832928, 0.09247670606930933, 0.5636566194183374], [0.41107339801369824, 0.09658968965224578, 0.18565626038595778, 0.3066806519480984], [0.16662106354973302, 0.18270508294455315, 0.22746279743929604, 0.4232110560664179], [0.6952921278048735, 0.029543399400052985, 0.1799700836459601, 0.09519438914911338], [0.07480415287933971, 0.3189073738962469, 0.06652640898322768, 0.5397620642411858], [0.3913389676636477, 0.04163480054523268, 0.2685174508674527, 0.2985087809236672], [0.3597433422850918, 0.1473850623983372, 0.07629426250533661, 0.41657733281123416], [0.10641123389588297, 0.5126428622153384, 0.3471674816453971, 0.03377842224338164], [0.49305455080157234, 0.07396593536923138, 0.012355440122832156, 0.4206240737063641], [0.10759923559601214, 0.3952260275362366, 0.06592361569645117, 0.4312511211713002], [0.05309494030081391, 0.3030581298992094, 0.26385281177893094, 0.37999411802104566], [0.10009262747188954, 0.4878207587770358, 0.2241573883181327, 0.18792922543294158], [0.3817291864741923, 0.061803034638308316, 0.3638368365794977, 0.19263094230800157], [0.44776538999672183, 0.1391047195868054, 0.005138048457654267, 0.4079918419588186], [0.39121089947701404, 0.32461714845411394, 0.025202147705119363, 0.25896980436375244], [0.20700382322158822, 0.39256260026906786, 0.10626328364603461, 0.2941702928633092], [0.19601168504403918, 0.4109489952136024, 0.259694741470009, 0.13334457827234952], [0.6175330650951562, 0.07410874897539033, 0.016434370287350886, 0.29192381564210257], [0.859306051753489, 0.00834908072652064, 0.010913419213308047, 0.12143144830668223], [0.15033145737363157, 0.1769705639770345, 0.06702924772399417, 0.6056687309253398], [0.16096290827661414, 0.17362812466063288, 0.10858234407584362, 0.5568266229869093], [0.2827587226690352, 0.29327901344061685, 0.13943365861027995, 0.284528605280068], [0.6307387689385675, 0.20855481552814897, 0.13379841353253583, 0.0269080020007477], [0.9818536459601462, 0.0006317672048111819, 0.0013740283767871046, 0.01614055845825545], [0.33496922552833014, 0.4054246024928027, 0.0650769221738932, 0.19452924980497388], [0.24172899647593604, 0.3247006111766714, 0.12427744210022773, 0.3092929502471647], [0.10418584186468777, 0.5446292951573612, 0.19399389982686924, 0.1571909631510818], [0.326170644287031, 0.19212512627265252, 0.046519346334609406, 0.43518488310570724], [0.2893808460426785, 0.33932364890895356, 0.03378664314010078, 0.337508861908267], [0.5591231017752283, 0.0952361081273813, 0.028869705271133056, 0.31677108482625754], [0.24935950677031601, 0.06286205236159174, 0.02654554885000198, 0.6612328920180902], [0.454875207337555, 0.24693943433333082, 0.052717194947805, 0.24546816338130933], [0.26382869231010364, 0.29399805198171436, 0.20907447951599695, 0.23309877619218478], [0.11360351206701452, 0.35951385642151423, 0.4368586695987441, 0.09002396191272705], [0.7461985874957997, 0.036905366853974504, 0.06155562758292958, 0.15534041806729598], [0.7792282501924436, 0.015926310991606622, 0.03764063005396485, 0.16720480876198468], [0.2668758132001771, 0.204950998926685, 0.06248341341510336, 0.4656897744580343], [0.09182969869954716, 0.22563857025435935, 0.21684752394525678, 0.4656842071008368], [0.04495505219180458, 0.29957260229486227, 0.40254983543884587, 0.25292251007448746], [0.422014395182916, 0.3889857493830934, 0.055852796338213925, 0.13314705909577668], [0.14557186531757083, 0.624380394951612, 0.05030015868700478, 0.17974758104381242], [0.14988376720310606, 0.4506184616804814, 0.06438459762860001, 0.33511317348781267], [0.7847787912956402, 0.0032690530893292346, 0.003039129256135334, 0.20891302635889517], [0.10495347560485672, 0.3814856154916444, 0.1239048360312618, 0.389656072872237], [0.08824902666511888, 0.08059360116346036, 0.012127092245509124, 0.819030279925912], [0.1227555409873468, 0.3441877908282379, 0.2932224924188616, 0.23983417576555371], [0.4255131864734612, 0.4262695820613436, 0.022756716593613415, 0.12546051487158183], [0.4707289882595919, 0.31926674444472647, 0.05849125414356922, 0.1515130131521122], [0.08538604294796891, 0.5404149456240046, 0.08131761397093702, 0.29288139745708924], [0.118899187905707, 0.16279705159006158, 0.18847795287895747, 0.5298258076252736], [0.3170009582619953, 0.475547453633852, 0.07575871984413937, 0.1316928682600134]]}}