{"test": {"ids": ["113118620", "99108580", "98107340", "113119930", "109118231", "110113591", "98120010", "108114360", "112118421", "111119610", "111115620", "103111110", "103111930", "101113210", "113121750", "106116640", "112116610", "112120640", "112117571", "110115140", "101108370", "104113240", "97116410", "111114171", "106121220", "101114990", "113120260", "108121410", "102116500", "104114410", "112117580", "113122320", "99109840", "113118231", "112119610", "108120280", "110118450", "97116790", "113122190", "107116340", "97106820", "109117271", "113122650", "105111990", "98107010", "100108490", "99108520", "105116501", "102110500", "108115570", "108120700", "105121190", "99108460", "105116980", "110117500", "100110050", "100116500", "113119300", "110121140", "109121410", "100109360", "112116290", "102113981", "113122220", "113118490", "113121680", "105115250", "99109740", "106119580", "110115120", "97105760", "112121430", "111119580", "98107210", "113117401", "110117080", "111114321", "98116940", "109113591", "108115070", "100109000", "97109570", "107118820", "108118060", "100108580", "107114140", "105120621", "111120640", "101111620", "105113190", "97106600", "112120630", "108118810", "98106111", "111115780", "104111531", "111116990", "103120340", "111120260", "100107920", "99110730", "99108890", "100111080", "108113700", "112121010", "97107950", "109117600", "97112300", "104113210", "104112470", "97112170", "107117630", "100110260", "108116501", "105119950", "112120700", "113117340", "111117120", "103113101", "101108621", "110118810", "98106880", "111117571", "106114321", "106114150", "102110240", "97113900", "105115720", "98108370", "108117360", "113120751", "109115220", "112116640", "113122120", "101108080", "110116170", "112119930", "113120070", "99117740", "110117110", "109118820", "111116640"], "labels": [3, 0, 0, 1, 1, 0, 2, 1, 3, 2, 1, 3, 3, 3, 0, 3, 1, 0, 3, 0, 1, 2, 3, 3, 1, 3, 3, 0, 1, 1, 0, 1, 2, 3, 0, 3, 0, 2, 1, 3, 1, 0, 2, 2, 3, 2, 2, 1, 3, 3, 2, 2, 0, 0, 1, 3, 2, 1, 3, 0, 0, 0, 1, 1, 1, 1, 2, 3, 3, 0, 0, 2, 3, 1, 3, 1, 1, 2, 3, 1, 1, 0, 3, 1, 0, 2, 1, 0, 3, 3, 3, 3, 1, 0, 1, 0, 0, 1, 3, 0, 3, 0, 0, 0, 2, 2, 1, 2, 3, 1, 0, 0, 3, 0, 3, 2, 2, 2, 3, 0, 1, 0, 3, 2, 1, 3, 2, 1, 1, 1, 1, 3, 0, 1, 0, 0, 1, 2, 2, 0, 3, 0], "predicted_labels": [3, 1, 3, 1, 1, 1, 1, 3, 0, 1, 3, 1, 1, 1, 1, 3, 1, 3, 0, 3, 0, 1, 2, 3, 3, 1, 3, 1, 1, 3, 3, 0, 3, 0, 3, 0, 1, 1, 3, 1, 3, 3, 3, 0, 3, 1, 1, 1, 0, 3, 3, 1, 3, 3, 1, 1, 1, 3, 1, 1, 3, 1, 1, 1, 1, 3, 1, 1, 1, 3, 1, 3, 0, 3, 3, 1, 1, 1, 1, 1, 1, 3, 1, 3, 2, 1, 3, 1, 3, 0, 1, 3, 3, 3, 3, 3, 3, 1, 1, 3, 1, 1, 1, 0, 3, 3, 3, 0, 3, 3, 1, 3, 3, 3, 1, 1, 1, 1, 1, 1, 3, 1, 0, 1, 3, 1, 1, 1, 1, 3, 1, 3, 3, 1, 1, 1, 3, 1, 1, 1, 3, 3], "confidence_scores": [[0.2751298572772258, 0.27488523698523726, 0.16123053788316943, 0.28875436785436787], [0.20390098039215693, 0.28249028749028765, 0.26667860113742464, 0.2469301309801309], [0.22355935730935744, 0.2506142413142415, 0.2108470418470419, 0.3149793595293595], [0.22416351426351436, 0.333188689088689, 0.17926776556776558, 0.2633800310800311], [0.19899484959484962, 0.31946277611277596, 0.20673730158730164, 0.27480507270507276], [0.27105495060495066, 0.32116556776556787, 0.15507007992007998, 0.2527094017094018], [0.2584643523143525, 0.27802950187067815, 0.21058188706718114, 0.2529242587477883], [0.20504896214896223, 0.2727790875790878, 0.21767167277167274, 0.30450027750027747], [0.3142139832389833, 0.23889222999223012, 0.14751354756354765, 0.29938023920523915], [0.22097206404706413, 0.32427051282051295, 0.21757831890331888, 0.23717910422910418], [0.2337444999445001, 0.23975633255633266, 0.19277408702408708, 0.3337250804750806], [0.17562142857142865, 0.3209626262626262, 0.1888507215007216, 0.3145652236652239], [0.24335250860250868, 0.3635261072261074, 0.20748049728049722, 0.18564088689088695], [0.2438901154401156, 0.3466773837273837, 0.21108912198912208, 0.19834337884337894], [0.2686836940836939, 0.31932271062271045, 0.11040220890220896, 0.30159138639138644], [0.20064086469086462, 0.2403508824508824, 0.17916915861915872, 0.37983909423909434], [0.24818032523032535, 0.3017710261960263, 0.19988665223665228, 0.2501619963369964], [0.24500531135531137, 0.25879072039072054, 0.21057852147852166, 0.2856254467754468], [0.2980404313007253, 0.25371515951368895, 0.16718237677355333, 0.28106203241203254], [0.24196444111444113, 0.24071963036963037, 0.21611218781218786, 0.30120374070374056], [0.33926447996447984, 0.2464390581640584, 0.1727219502719504, 0.24157451159951174], [0.21801860916860918, 0.3582528166278163, 0.2183443861693862, 0.205384188034188], [0.21170851925851927, 0.2797758574758575, 0.2815930680430681, 0.22692255522255517], [0.2508145743145743, 0.2530190975690977, 0.14941605616605622, 0.3467502719502719], [0.2514962204462205, 0.2629389665889667, 0.16014415029415044, 0.32542066267066283], [0.1747086282998048, 0.4031659471247706, 0.21651089466089468, 0.20561452991453005], [0.22215453990453998, 0.23746144411144426, 0.2273741952491953, 0.3130098207348207], [0.24660140970140976, 0.3172501443001445, 0.1798940975690977, 0.25625434842934847], [0.20945015817515836, 0.3051585497835498, 0.22950514485514512, 0.2558861471861473], [0.2751516095016098, 0.25515016650016653, 0.13440798090798098, 0.33529024309024313], [0.2258090326340327, 0.25410927128427147, 0.19312024087024096, 0.32696145521145537], [0.29285639915639916, 0.25174811577311595, 0.17222054889554894, 0.28317493617493616], [0.1900482928835871, 0.24034669774669795, 0.2807437817084876, 0.2888612276612277], [0.29291562881562877, 0.23717350427350442, 0.18655081585081598, 0.283360051060051], [0.21191011766011775, 0.3012258574758573, 0.17722196137196147, 0.3096420634920635], [0.32235906315906315, 0.19493967143967172, 0.200868487068487, 0.28183277833277826], [0.19149862914862925, 0.3023248917748917, 0.22408403263403268, 0.28209244644244635], [0.241125468975469, 0.2984695748695747, 0.22341722166722172, 0.2369877344877346], [0.22476190476190488, 0.22689250553368218, 0.24141692947575305, 0.30692866022865994], [0.2381008436008438, 0.3446753635253636, 0.19845857475857495, 0.2187652181152182], [0.2644639221889223, 0.2508016622266623, 0.20590298867798876, 0.2788314269064269], [0.2450956709956711, 0.22768874458874463, 0.15201770647653004, 0.3751978779390543], [0.20956795981795986, 0.2498989732489733, 0.2132137307137308, 0.32731933621933634], [0.3059359501609502, 0.2950288144603933, 0.16494853874195994, 0.23408669663669676], [0.2260425685425687, 0.27928793428793425, 0.18485673770673786, 0.30981275946275944], [0.24299588744588757, 0.2726284271284271, 0.23807821067821075, 0.2462974747474748], [0.19514616547882804, 0.316364472129178, 0.2841666545442861, 0.20432270784770803], [0.2968818181818182, 0.3033010822510823, 0.1277127705627706, 0.272104329004329], [0.3110289948613477, 0.2248155994332467, 0.17891346431346442, 0.2852419413919415], [0.25652099012099017, 0.2830773171273174, 0.17239486624486627, 0.2880068265068266], [0.23774959207459234, 0.24941774614274628, 0.19484814988932664, 0.31798451189333543], [0.19862066871037476, 0.31594084869378974, 0.2341911965485495, 0.25124728604728613], [0.21652276334776344, 0.28365919635919645, 0.15524801864801882, 0.34457002164502143], [0.2350210622710623, 0.2770892395616082, 0.18162049514812675, 0.306269203019203], [0.2532828754578755, 0.3068031607281608, 0.1459583721833723, 0.2939555916305916], [0.1707591242091243, 0.31808992118992113, 0.23508308080808102, 0.2760678737928739], [0.25639753579753594, 0.27343575313575336, 0.23074596514596518, 0.23942074592074594], [0.24591903651903665, 0.25983939393939404, 0.1753920912420913, 0.3188494782994784], [0.24323946608946617, 0.28201221001221, 0.21459812409812426, 0.2601501998001999], [0.24699011544011543, 0.33471875901875886, 0.15951731601731606, 0.25877380952380963], [0.20794709179709184, 0.25643208735708756, 0.2528438894438894, 0.28277693140193133], [0.2671866411366411, 0.30900245193403075, 0.1894365340799552, 0.23437437284937304], [0.22398463203463212, 0.3087524170274171, 0.20848344155844153, 0.2587795093795095], [0.18806361024596327, 0.33638281555046257, 0.18906789321789322, 0.2864856809856809], [0.2906089466089466, 0.2917973665223665, 0.1669563852813853, 0.2506373015873017], [0.1944858252858253, 0.2994584027084028, 0.20514418359418365, 0.30091158841158855], [0.2666033133533134, 0.2736178932178932, 0.21092383172383194, 0.248854961704962], [0.17823876123876128, 0.3610426833400517, 0.23251404326667485, 0.22820451215451223], [0.25217154512154516, 0.284808474858475, 0.1794710900210901, 0.28354888999889005], [0.2335582195582197, 0.2906035853035852, 0.16385841935841947, 0.31197977577977604], [0.2149906204906204, 0.295026767676768, 0.2269170662670664, 0.2630655455655456], [0.2995771645021646, 0.2315613997113999, 0.16841053391053404, 0.30045090187590195], [0.29128843378843383, 0.2666022366522367, 0.2099466644466645, 0.23216266511266512], [0.22717852702852703, 0.2541291486291487, 0.2302540903540905, 0.28843823398823404], [0.2814230852480855, 0.27744838494838514, 0.15428554223554233, 0.2868429875679876], [0.1773353674103675, 0.3482727855477858, 0.18678275058275057, 0.2876090964590964], [0.2100239260739261, 0.3784660728160728, 0.18871017871017876, 0.2227998223998225], [0.18813653013653034, 0.3401848651348652, 0.2390350455100456, 0.2326435592185592], [0.22076030636030636, 0.35923554223554244, 0.16784659784659792, 0.2521575535575537], [0.2273268786768787, 0.37457705905205907, 0.216048903873904, 0.18204715839715846], [0.21909473304473323, 0.29363063048063065, 0.26033386613386617, 0.22694077034077037], [0.22034904539904562, 0.25825844433344425, 0.2104995976245977, 0.3108929126429126], [0.24722941502941503, 0.30488901098901117, 0.1672974580974581, 0.2805841158841159], [0.2696400571650573, 0.249057142857143, 0.17478575036075034, 0.30651704961704945], [0.26166300366300377, 0.261203490953491, 0.26518620823620814, 0.21194729714729724], [0.21248433788433796, 0.35233656066156055, 0.1928736596736597, 0.24230544178044186], [0.28628172383172396, 0.21325367965367975, 0.13757115662115676, 0.36289343989343986], [0.2409881091131091, 0.3083574730824731, 0.18873082473082473, 0.26192359307359303], [0.26314330995801577, 0.23218874524168653, 0.19646675709911013, 0.30820118770118776], [0.3146578421578423, 0.21783372738372755, 0.1755023254523255, 0.29200610500610497], [0.2092087301587303, 0.28661686924186913, 0.24410243922743924, 0.2600719613719614], [0.2393282328782329, 0.2540361555111557, 0.17418571428571442, 0.3324498973248973], [0.23761316461316476, 0.2509603896103897, 0.17566738816738825, 0.3357590576090578], [0.21311902901020555, 0.2857208125208126, 0.1902411255411257, 0.31091903292785655], [0.2559803890553891, 0.24539396159396154, 0.2073832972582974, 0.29124235209235216], [0.2583307137307138, 0.27101570651570656, 0.15674600399600397, 0.3139075757575757], [0.295273692973693, 0.22220338550338561, 0.1687183871683872, 0.31380453435453426], [0.2140661616161618, 0.29927243867243863, 0.20967865745365757, 0.27698274225774216], [0.2901578643578642, 0.29536785436785434, 0.15674060939060938, 0.25773367188367197], [0.21489162961221786, 0.2312011762747058, 0.1944489523548348, 0.35945824175824187], [0.2407845365418895, 0.3125302605890843, 0.17677139249639257, 0.2699138103726339], [0.20379390413508067, 0.3789909831998066, 0.179675419025419, 0.23753969363969366], [0.25883602786102816, 0.3070533355533357, 0.19762800810300818, 0.23648262848262855], [0.3036382284382286, 0.29515744810744815, 0.18787080142080148, 0.21333352203352213], [0.2521010822510823, 0.2643997835497836, 0.18162994227994242, 0.3018691919191919], [0.20740921855921848, 0.2810879953379955, 0.20661678876678885, 0.30488599733599725], [0.242830217005217, 0.21055577200577222, 0.19009857642357653, 0.3565154345654347], [0.2748043345543346, 0.26939940696558323, 0.2022374200962437, 0.2535588383838385], [0.2510914030414031, 0.24073469308469317, 0.16673915528915534, 0.3414347485847486], [0.218602208902209, 0.2511494227994229, 0.23473631923631927, 0.2955120490620491], [0.22926054223554246, 0.3413857337107336, 0.17874693084693083, 0.2506067932067932], [0.26483563103563107, 0.24120132645132655, 0.19021341991342, 0.30374962259962274], [0.26638342768342765, 0.23567223887223893, 0.19986334221334226, 0.29808099123099147], [0.22655417915417922, 0.2925971306471307, 0.16426872294372305, 0.31657996725496734], [0.24613473193473204, 0.2965084360084361, 0.20765878010878022, 0.24969805194805197], [0.1873488761238762, 0.30872233877233884, 0.20760848318348332, 0.29632030192030184], [0.22841194916194932, 0.27360335775335765, 0.23890920745920755, 0.25907548562548566], [0.22915971805971821, 0.3131963924963925, 0.19034141414141426, 0.26730247530247536], [0.21135173519291173, 0.34066058941058935, 0.17632654567654582, 0.2716611297199534], [0.2037968198468199, 0.33313978798978816, 0.17642337662337665, 0.28664001554001567], [0.23709076479076485, 0.24487518037518044, 0.21628297258297266, 0.3017510822510823], [0.2235212426462427, 0.28343175990676006, 0.24112448107448112, 0.2519225163725165], [0.3088332889332888, 0.2568046176046177, 0.15252096792096792, 0.2818411255411256], [0.2382512321012322, 0.28409465534465544, 0.20964646464646475, 0.26800764790764803], [0.24566146631146651, 0.26291108891108916, 0.22266519591519593, 0.268762248862249], [0.2493317765567767, 0.31216772554930433, 0.1875955611639823, 0.2509049367299368], [0.20204862914862923, 0.33824624819624827, 0.22445344100344114, 0.2352516816516817], [0.20855172050172055, 0.3461673881673879, 0.2030546897546897, 0.24222620157620167], [0.166149000999001, 0.3197564453949904, 0.25247066948359526, 0.2616238841224138], [0.19585435675435678, 0.22084277111777129, 0.2733402236652237, 0.30996264846264837], [0.20565995834231132, 0.2921854407030879, 0.22258721833721842, 0.27956738261738256], [0.2158384226884228, 0.1751191086691087, 0.173646558996559, 0.4353959096459097], [0.23418237595737612, 0.23793262293262296, 0.18533868908868914, 0.3425463120213122], [0.2373452491952493, 0.2927452824952826, 0.22162896547896554, 0.24828050283050285], [0.29416388333888327, 0.31174357586857576, 0.1579305935894172, 0.23616194720312367], [0.22868943001443007, 0.2883704545454545, 0.19517979797979798, 0.2877603174603176], [0.2042712010212012, 0.2950944888444888, 0.14986678321678332, 0.35076752691752694], [0.23295043290043307, 0.2984607503607503, 0.22606587301587314, 0.24252294372294375], [0.22149943389943402, 0.3044991175491174, 0.19793987678987682, 0.2760615717615718], [0.20471594516594516, 0.2835586441336443, 0.24896512099012102, 0.26276028971028975], [0.21305781440781452, 0.26874647574647575, 0.23868823953823964, 0.2795074703074704], [0.23635591075591084, 0.27914138361638363, 0.19134144744144732, 0.2931612581862582]]}, "rewritten": {"ids": ["97105760", "97106600", "97106820", "97107950", "97109570", "97112170", "97112300", "97113900", "97116410", "97116790", "98106111", "98106880", "98107010", "98107210", "98107340", "98108370", "98116940", "98120010", "99108460", "99108520", "99108580", "99108890", "99109740", "99109840", "99110730", "99117740", "100107920", "100108490", "100108580", "100109000", "100109360", "100110050", "100110260", "100111080", "100116500", "101108080", "101108370", "101108621", "101111620", "101113210", "101114990", "102110240", "102110500", "102113981", "102116500", "103111110", "103111930", "103113101", "103120340", "104111531", "104112470", "104113210", "104113240", "104114410", "105111990", "105113190", "105115250", "105115720", "105116501", "105116980", "105119950", "105120621", "105121190", "106114150", "106114321", "106116640", "106119580", "106121220", "107114140", "107116340", "107117630", "107118820", "108113700", "108114360", "108115070", "108115570", "108116501", "108117360", "108118060", "108118810", "108120280", "108120700", "108121410", "109113591", "109115220", "109117271", "109117600", "109118231", "109118820", "109121410", "110113591", "110115120", "110115140", "110116170", "110117080", "110117110", "110117500", "110118450", "110118810", "110121140", "111114171", "111114321", "111115620", "111115780", "111116640", "111116990", "111117120", "111117571", "111119580", "111119610", "111120260", "111120640", "112116290", "112116610", "112116640", "112117571", "112117580", "112118421", "112119610", "112119930", "112120630", "112120640", "112120700", "112121010", "112121430", "113117340", "113117401", "113118231", "113118490", "113118620", "113119300", "113119930", "113120070", "113120260", "113120751", "113121680", "113121750", "113122120", "113122190", "113122220", "113122320", "113122650"], "labels": [0, 3, 1, 2, 0, 0, 2, 2, 3, 2, 0, 0, 3, 1, 0, 1, 2, 2, 0, 2, 0, 0, 3, 2, 3, 2, 0, 2, 0, 1, 0, 3, 3, 0, 2, 0, 1, 0, 3, 3, 3, 3, 3, 1, 1, 3, 3, 3, 1, 0, 1, 3, 2, 1, 2, 3, 2, 1, 1, 0, 3, 1, 2, 1, 2, 3, 3, 1, 2, 3, 0, 3, 0, 1, 1, 3, 0, 1, 1, 1, 3, 2, 0, 3, 3, 0, 1, 1, 3, 0, 0, 0, 0, 0, 1, 0, 1, 0, 1, 3, 3, 1, 1, 1, 0, 0, 2, 3, 3, 2, 3, 0, 0, 1, 0, 3, 0, 3, 0, 1, 3, 0, 2, 2, 2, 2, 3, 3, 1, 3, 1, 1, 2, 3, 1, 1, 0, 1, 1, 1, 1, 2], "predicted_labels": [1, 1, 0, 1, 3, 1, 0, 1, 2, 1, 3, 1, 1, 2, 3, 2, 1, 1, 3, 1, 3, 1, 1, 2, 1, 1, 3, 1, 1, 1, 3, 1, 3, 1, 3, 1, 0, 1, 3, 1, 1, 1, 3, 1, 3, 1, 1, 1, 3, 3, 3, 3, 1, 3, 1, 0, 0, 1, 0, 3, 1, 3, 1, 3, 0, 3, 3, 3, 1, 1, 0, 1, 0, 1, 1, 3, 3, 3, 3, 3, 0, 3, 1, 1, 3, 3, 3, 1, 3, 3, 1, 3, 3, 1, 1, 1, 1, 1, 3, 1, 3, 1, 3, 0, 1, 0, 1, 0, 0, 1, 0, 1, 3, 1, 3, 3, 3, 3, 1, 3, 3, 3, 1, 3, 3, 1, 3, 0, 1, 1, 3, 3, 1, 1, 1, 1, 3, 1, 3, 1, 3, 3], "confidence_scores": [[0.22837005772005778, 0.2806066378066378, 0.21716132756132767, 0.27386197691197695], [0.2412834276834279, 0.2792414141414142, 0.2154947385947387, 0.2639804195804196], [0.26824103592485943, 0.266938748996102, 0.20567196365725782, 0.25914825142178094], [0.20513940503940517, 0.28682958152958166, 0.22685343545343553, 0.2811775779775779], [0.2604163947163947, 0.23841143578643578, 0.1712391303141304, 0.32993303918303923], [0.2302965950715953, 0.30143382173382166, 0.1921664363414364, 0.276103146853147], [0.28362183372183375, 0.25032111303728954, 0.19581639112521462, 0.270240662115662], [0.2261550291212056, 0.30510868020868037, 0.21452146383028747, 0.254214826839827], [0.2352611999112, 0.2605229825729827, 0.27686567876567886, 0.22735013875013876], [0.21703158785658794, 0.30608756798756803, 0.2206082556332556, 0.2562725885225885], [0.22091941587823946, 0.29408214008214006, 0.17667847707847723, 0.3083199669611434], [0.21455848873348876, 0.29322109834609855, 0.23668518703518718, 0.25553522588522604], [0.19350993450993467, 0.3154606449106449, 0.19243933648051295, 0.2985900840989077], [0.23902779997780008, 0.24989749694749708, 0.2637728993228994, 0.2473018037518039], [0.22779294953412607, 0.21760601065601068, 0.227705152363976, 0.3268958874458875], [0.1757357031857031, 0.2682141063614749, 0.2958118177144494, 0.2602383727383729], [0.23456541236541245, 0.30375712343212347, 0.19550748418248418, 0.2661699800199802], [0.22411184077360555, 0.28762427099044746, 0.23423460118313058, 0.2540292870528165], [0.23238118825618834, 0.2922297313797313, 0.15270482850482864, 0.3226842518592519], [0.22600109008638436, 0.29970617682970624, 0.25027684341802003, 0.22401588966588967], [0.2045838308750074, 0.2613256854256853, 0.26376015846898204, 0.2703303252303252], [0.23590169634287284, 0.3385879140467376, 0.1702345654345655, 0.25527582417582423], [0.1868839604839606, 0.3805562647878437, 0.20759399051241162, 0.22496578421578428], [0.17499353620235986, 0.24630461389315894, 0.299301164478796, 0.2794006854256854], [0.18464668191285843, 0.3349422680260915, 0.19633802308802312, 0.28407302697302705], [0.24024065934065944, 0.299007609057609, 0.17945979575979576, 0.2812919358419359], [0.22574877899877901, 0.26007998667998694, 0.1859298998387235, 0.32824133448251086], [0.26477688422688417, 0.2799373737373739, 0.20714175824175826, 0.24814398379398392], [0.25370127095127104, 0.2651193584193586, 0.2564092407592408, 0.22477012987012993], [0.21355191475191473, 0.32393771053507897, 0.22916327736590908, 0.23334709734709758], [0.22979988344988353, 0.2526706515706516, 0.22485580530580535, 0.2926736596736596], [0.19067024642024655, 0.2944956709956709, 0.23666784881784886, 0.2781662337662338], [0.27458520923520935, 0.22821431623931637, 0.21482524142524156, 0.2823752331002332], [0.2335132450882452, 0.3449955655455657, 0.20230644078144086, 0.21918474858474873], [0.2573906815406815, 0.25159489837647747, 0.20135206577048687, 0.2896623543123544], [0.2750182040182039, 0.30776420801420795, 0.15001549561549565, 0.26720209235209236], [0.31960040237540227, 0.2644166833166836, 0.14552063492063497, 0.2704622793872794], [0.23135840548340544, 0.3231860675272438, 0.15094517345399697, 0.29451035353535354], [0.27682939609410195, 0.2604188873218285, 0.15821944885180186, 0.3045322677322676], [0.2158753080253082, 0.3762738650238651, 0.1962744755244756, 0.2115763514263514], [0.19320135420135426, 0.3842504440004441, 0.1986570318570319, 0.2238911699411701], [0.22733335830835832, 0.3506631202131204, 0.18313433233433243, 0.23886918914418914], [0.29860710759828424, 0.23353184234066596, 0.14014687812187812, 0.32771417193917174], [0.21626204906204916, 0.32305961538461553, 0.1958177294927295, 0.26486060606060613], [0.2343687617937619, 0.2824767676767677, 0.19748197358197375, 0.2856724969474971], [0.2236152070152071, 0.29543409923409925, 0.1863053835053835, 0.29464531024531027], [0.23521250971250976, 0.3303813852813852, 0.18361051171051168, 0.25079559329559314], [0.2377212176712177, 0.32047769452769465, 0.19768517593517604, 0.24411591186591206], [0.24598553668553674, 0.2650503663003663, 0.20499884282384284, 0.2839652541902543], [0.2446894827394828, 0.25469633144633147, 0.204553663003663, 0.2960605228105228], [0.2255821456321457, 0.28497601842601844, 0.1937663170163172, 0.2956755189255189], [0.25712528582528593, 0.21483996003996014, 0.20390813075813086, 0.3241266233766233], [0.17700808080808084, 0.37407975635475643, 0.2370034410034411, 0.21190872183372175], [0.3018046587399531, 0.22967356532356537, 0.14769425345895937, 0.32082752247752244], [0.24887445332445338, 0.30932044505202394, 0.16462096353938474, 0.2771841380841381], [0.32017193917193915, 0.2244575591075591, 0.16824670607170616, 0.2871237956487957], [0.28030401820401835, 0.27453696858696874, 0.17718590853590865, 0.2679731046731046], [0.19391995226995232, 0.3971355866355866, 0.16843480408480413, 0.240509657009657], [0.3103248223998226, 0.26821371961371987, 0.14285583860583867, 0.2786056193806194], [0.27596522366522386, 0.2738321244544929, 0.15562752145515316, 0.2945751304251302], [0.2629958569208571, 0.28500407092907104, 0.1683986957486958, 0.2836013764013765], [0.29470695415695425, 0.24781946941946942, 0.1221686258186259, 0.33530495060495064], [0.21255106217312117, 0.2961975031504444, 0.2098925468322528, 0.28135888784418206], [0.25791160147042513, 0.25080575360312224, 0.23035771071034247, 0.26092493421611074], [0.2708337662337663, 0.23522602201719847, 0.2374435420788362, 0.2564966696701992], [0.2170621656121656, 0.25366495726495725, 0.17091396936396944, 0.35835890775890744], [0.26201134421134414, 0.24873838383838398, 0.20700219225219235, 0.2822480796980798], [0.2549273115773116, 0.27863535908535936, 0.15907650682650692, 0.30736082251082236], [0.18847089577089582, 0.3286964729714732, 0.22606923354423367, 0.2567633977133978], [0.21297476967476975, 0.3590232767232769, 0.22265177045177048, 0.20535018315018325], [0.26480460650460647, 0.26301589521589525, 0.21329740259740265, 0.2588820956820957], [0.20876809856809866, 0.330663121819701, 0.18530348102190208, 0.27526529859029863], [0.2889166500166501, 0.2712735042735044, 0.1771360861360862, 0.2626737595737597], [0.1982659090909093, 0.3166279942279943, 0.2149789682539683, 0.27012712842712844], [0.22554158341658348, 0.3438721944721945, 0.20391548174048188, 0.22667074037074042], [0.2544638167388168, 0.25291609224109246, 0.20692071817071825, 0.2856993728493727], [0.21763430458430472, 0.3068981629481628, 0.15678843378843382, 0.3186790986790988], [0.15286688311688315, 0.20091572316572331, 0.3105111832611834, 0.3357062104562104], [0.29210685148185145, 0.25338255078255095, 0.15203092185592199, 0.30247967587967584], [0.23675341602841612, 0.22714544344544355, 0.17765103980986335, 0.35845010071627736], [0.3026343406593406, 0.20873944943944955, 0.1954281773781773, 0.29319803252303245], [0.2379585081585082, 0.2543862193362195, 0.17513690198690202, 0.3325183705183704], [0.2302609501609501, 0.33520818070818087, 0.16313148518148524, 0.27139938394938407], [0.25684605949605954, 0.34450881895881896, 0.1757697247197248, 0.22287539682539692], [0.23597567432567443, 0.18700768120768135, 0.18680271950271968, 0.3902139249639251], [0.22074658348187776, 0.25045877978230935, 0.155256641397818, 0.37353799533799537], [0.2534955988455989, 0.22249191919191924, 0.17678973248973248, 0.3472227494727494], [0.2297693084693085, 0.28353120768120776, 0.21195678210678215, 0.2747427017427018], [0.22297857142857144, 0.22891852591852596, 0.2633285214785215, 0.28477438117438114], [0.22055098790098787, 0.2882042180042181, 0.1699681318681319, 0.3212766622266623], [0.27259761904761914, 0.2945319180819183, 0.16054737484737502, 0.2723230880230881], [0.2539626040626042, 0.28778770118770103, 0.14334363414363424, 0.31490606060606074], [0.27385501165501164, 0.23300819180819182, 0.19141110556110555, 0.3017256909756909], [0.2135218448218449, 0.35257842157842156, 0.1768957597957598, 0.25700397380397383], [0.17902335997336002, 0.3198137973137974, 0.22654220779220785, 0.27462063492063493], [0.23387568542568551, 0.2693192640692642, 0.2286287878787879, 0.26817626262626265], [0.257524508824509, 0.2883432373182374, 0.1858102453102454, 0.2683220085470086], [0.2244383116883118, 0.28053334998335017, 0.21487150627150617, 0.28015683205683195], [0.26089975024975043, 0.2300450604950607, 0.18438854478854483, 0.3246666444666444], [0.23545023865023879, 0.2902275779775781, 0.2137715173715174, 0.26055066600066606], [0.27289059551559564, 0.2113546980796981, 0.18214036241536244, 0.33361434398934414], [0.22689745254745255, 0.3157640676317147, 0.20633318707436366, 0.25100529274646927], [0.24403624153624168, 0.2605503219003219, 0.18212430902430912, 0.3132891275391277], [0.2949854034854036, 0.2245645965145966, 0.19442099567099574, 0.2860290043290044], [0.2359524031524032, 0.28349949217449216, 0.20366778499278493, 0.27688031968031973], [0.3253921134421134, 0.22379169719169736, 0.1502165306915307, 0.30059965867465854], [0.25268193179369663, 0.2879352092352094, 0.18191249045072574, 0.2774703685203686], [0.2899134060384062, 0.26081282883782897, 0.1672869796869797, 0.2819867854367854], [0.2934661782661782, 0.2609508824508825, 0.2226712620712622, 0.22291167721167723], [0.18784905649905653, 0.33632693417693404, 0.23661254856254865, 0.23921146076146085], [0.29478830058830063, 0.274366761016761, 0.17740108780108782, 0.2534438505938506], [0.26253358863358883, 0.2658440836940837, 0.20974480519480532, 0.26187752247752233], [0.2614497613497614, 0.27079261294261286, 0.18956295371295379, 0.27819467199467207], [0.2062029304029306, 0.32492274947274963, 0.23529452769452772, 0.23357979242979254], [0.2673042485292486, 0.24282669552669564, 0.16030873015873015, 0.32956032578532574], [0.26473610278610277, 0.2575426165337931, 0.1816481482569718, 0.2960731324231325], [0.21785921300921304, 0.2650746392496394, 0.20536544289044295, 0.31170070485070495], [0.3052574092574094, 0.21011418385536038, 0.1602989089342031, 0.32432949795302746], [0.17490989565989573, 0.35403570318570315, 0.19395399877899883, 0.27710040237540223], [0.1825402597402598, 0.2765315517815518, 0.21067691752691764, 0.330251270951271], [0.23274551363669016, 0.2633716783216784, 0.14631531524031524, 0.35756749280131644], [0.26915848595848596, 0.23135711510711518, 0.22386096681096693, 0.27562343212343215], [0.1920579384667621, 0.3250157156568922, 0.21427762792762792, 0.268648717948718], [0.25667962592962607, 0.27187704517704536, 0.16547202797202812, 0.3059713009213008], [0.28284022366522377, 0.2214424666836433, 0.17772910618792978, 0.3179882034632034], [0.23063037518037532, 0.302486063936064, 0.22628799533799546, 0.24059556554556566], [0.24468866688866694, 0.27891495726495735, 0.18298398823398823, 0.2934123876123877], [0.2940966255966256, 0.20373142968142988, 0.22076435786435797, 0.28140758685758704], [0.24956900403518076, 0.2931909756909757, 0.1771776584526585, 0.2800623618211853], [0.26134505319242174, 0.306161926961927, 0.15372943343206502, 0.27876358641358634], [0.225321486846487, 0.23733786213786215, 0.1729060162060163, 0.36443463480963467], [0.27161240981240986, 0.26581039516039523, 0.17357375957375962, 0.2890034354534355], [0.21583805916305937, 0.3315956626706627, 0.24518345543345543, 0.20738282273282288], [0.22649703629703646, 0.2818238317238317, 0.2313018176268178, 0.2603773143523145], [0.22240675582587346, 0.2817260944937417, 0.24690080768904304, 0.24896634199134207], [0.2160624292374293, 0.31562195027195034, 0.19822875457875458, 0.2700868659118662], [0.2731838744588745, 0.2834044705294706, 0.10566601731601738, 0.33774563769563787], [0.23460415140415145, 0.28523658563658577, 0.2254780774780776, 0.2546811854811856], [0.24164826007326018, 0.2248284196195962, 0.25997034550416914, 0.2735529748029749], [0.20771072261072282, 0.2903463869463869, 0.2335616586028352, 0.2683812318400552], [0.29516178037648616, 0.23695136040430173, 0.17125592903828202, 0.29663093018093023], [0.19907694805194814, 0.2630177211677213, 0.20936366411366425, 0.3285416666666666]]}}