{"test": {"ids": ["104112470", "112120630", "103110840", "99117740", "100113210", "112118530", "111121930", "101108080", "102121440", "113119120", "101111310", "111118820", "111118301", "104109311", "113122220", "100107920", "101109370", "107118120", "109121640", "106118161", "113117550", "100111380", "103109641", "101110150", "97106000", "113119300", "100110260", "102111990", "112120270", "113120540", "105116090", "109117080", "109114720", "113122150", "111117480", "111119250", "104116441", "103111620", "101111620", "111119430", "110120700", "99108010", "99116500", "98117740", "107118780", "97112830", "99108710", "103111930", "99119830", "102110850", "105117351", "110115980", "100108520", "111116090", "113121410", "105116980", "111121220", "110116170", "110116441", "97107950", "109119450", "108119330", "107119950", "101108121", "107114780", "107113170", "103117461", "99111000", "107119130", "112120700", "103120730", "111119300", "112118890", "107116501", "104117200", "99121440", "103120531", "111116010", "105114220", "99110050", "111119340", "103113610", "111116290", "98116090", "107115140", "108120280", "110118161", "100111620", "109116810", "102110500", "100113370", "110117500", "113121220", "113122170", "106115120", "100109000", "101117580", "112116401", "108121190", "112121030", "112118581", "98110680", "102109840", "98107380", "105113440", "99120010", "111115400", "99112300", "103113210", "103117200", "103118110", "110116501", "112117210", "104113550", "112121410", "97118210", "99109910", "111120540", "112117030", "108114180", "109113881", "100108990", "98108970", "109118231", "111117200", "107113180", "97105760", "103111990", "98109090", "110116290", "104111531", "108114360", "108119510", "112120670", "112116900", "108115070", "107113360", "110115580", "110118810", "106118820", "108119550", "99113260"], "labels": [1, 3, 1, 2, 0, 1, 1, 0, 2, 3, 3, 0, 3, 3, 1, 0, 1, 3, 0, 3, 3, 3, 1, 1, 0, 1, 3, 2, 0, 3, 1, 1, 0, 2, 1, 1, 1, 0, 3, 3, 2, 2, 2, 2, 1, 2, 2, 3, 1, 3, 0, 1, 2, 3, 0, 0, 3, 0, 3, 2, 3, 0, 3, 0, 2, 0, 0, 2, 1, 2, 1, 1, 3, 1, 3, 2, 3, 1, 3, 3, 3, 2, 2, 0, 0, 3, 0, 3, 3, 3, 3, 1, 3, 1, 1, 1, 3, 0, 1, 0, 1, 2, 2, 1, 0, 2, 0, 0, 3, 0, 2, 3, 1, 1, 0, 2, 2, 1, 2, 1, 0, 2, 3, 1, 0, 3, 0, 2, 1, 2, 0, 1, 1, 2, 3, 1, 0, 1, 1, 3, 1, 0], "predicted_labels": [1, 0, 1, 0, 3, 3, 2, 1, 1, 3, 0, 0, 1, 0, 1, 0, 2, 1, 0, 1, 3, 0, 2, 1, 2, 3, 3, 2, 0, 1, 0, 1, 3, 1, 0, 0, 3, 1, 1, 3, 3, 1, 1, 0, 1, 3, 1, 1, 2, 1, 1, 0, 2, 3, 3, 0, 1, 1, 1, 3, 3, 0, 3, 0, 1, 3, 1, 2, 3, 1, 1, 1, 1, 3, 1, 2, 3, 2, 3, 3, 2, 2, 2, 1, 3, 3, 1, 3, 3, 3, 3, 0, 3, 2, 3, 3, 1, 3, 3, 2, 1, 1, 1, 3, 1, 2, 1, 3, 2, 1, 1, 1, 3, 0, 3, 0, 2, 0, 1, 1, 0, 1, 1, 1, 0, 1, 0, 1, 3, 0, 3, 1, 3, 1, 3, 1, 0, 0, 0, 3, 1, 2], "confidence_scores": [[0.0007704880540559628, 0.9808800056290482, 0.015049199601874579, 0.0033003067150211736], [0.8945665224078462, 0.021226645987349378, 0.010889826421080736, 0.07331700518372355], [0.014199812756646895, 0.874958541656744, 0.06773635069197542, 0.04310529489463369], [0.6710215513195507, 0.14318366997133522, 0.14122478791368512, 0.04456999079542905], [0.001994719710243494, 0.1971447101277541, 0.01896620931026131, 0.781894360851741], [0.12386436652203722, 0.1419905013183649, 0.23245009547134604, 0.5016950366882518], [0.03181785704056854, 0.00021496135212362692, 0.9464432901641744, 0.021523891443133557], [0.0910632013519423, 0.5096959853668989, 0.06618679133430058, 0.3330540219468582], [0.3850018166204414, 0.6017908678080468, 0.009671161413110722, 0.003536154158401112], [0.08152789193864639, 0.26278147632124677, 0.0003197385014149119, 0.655370893238692], [0.739688655751595, 0.11600908634772551, 0.1230593360713195, 0.02124292182935996], [0.8716807416509423, 0.027638509594554182, 2.790561937924395e-05, 0.10065284313512433], [0.19619533569020678, 0.7681761195223016, 0.03278808453094396, 0.002840460256547714], [0.6850088052470205, 0.00048822855450759154, 0.0019647059008038345, 0.3125382602976681], [0.028036376431132715, 0.9693362951396592, 0.0006219554384020458, 0.002005372990805881], [0.7185484318459394, 0.0024659187999826267, 0.00169052855199365, 0.2772951208020842], [0.03384566206679101, 0.07778788673550896, 0.8794591134524207, 0.008907337745279215], [0.1327219166495104, 0.8564569038932964, 0.00017921457557617507, 0.010641964881616978], [0.6415892219159286, 0.025482263148993486, 0.03883065312707085, 0.2940978618080071], [0.3269476221610332, 0.6403187280640157, 0.00017133191914954236, 0.03256231785580165], [0.08320055743254326, 0.03144150124875012, 0.03084289086091314, 0.8545150504577934], [0.503954175303811, 0.0068365194698857355, 0.19909001582320113, 0.29011928940310205], [0.00022192057958255495, 0.019297468095390936, 0.7576587865937404, 0.22282182473128606], [0.007170309732822404, 0.5427971009913006, 0.029027542398350197, 0.4210050468775269], [0.00028817150996568, 0.012707581151456501, 0.5456206801619801, 0.44138356717659777], [0.13119651944749539, 0.06248330410274518, 0.017451485944330717, 0.7888686905054286], [0.20908828833378262, 0.27112843768252043, 0.00322396010722787, 0.5165593138764691], [0.008777323118505044, 0.014755747507008837, 0.9322959434764407, 0.044170985898045384], [0.8458594539919682, 0.00023879521971646725, 0.00273341753869217, 0.15116833324962325], [0.17712576982975248, 0.7541348132084963, 0.05843495759507618, 0.010304459366675024], [0.5194453200639386, 0.4699856760204543, 0.0026533027239109947, 0.007915701191696127], [2.478466978566082e-06, 0.9999584783649844, 3.832967822791419e-05, 7.134898090995991e-07], [0.0008190317794204559, 0.08342455550820667, 0.02791415634249298, 0.8878422563698799], [4.096206626551645e-06, 0.9994820546321612, 0.00016302204771590883, 0.0003508271134964161], [0.4230856302406463, 0.14224933306409096, 0.07798630116030804, 0.3566787355349546], [0.9852283178587681, 2.8850330635321395e-05, 0.00041818848448809727, 0.014324643326108711], [0.002764133197452978, 0.4600233208864605, 0.025090915570960846, 0.5121216303451258], [0.1875214258051523, 0.4175273556641327, 0.04193981014924225, 0.35301140838147277], [0.4180632884967867, 0.521515243050564, 0.055761990758724254, 0.004659477693925129], [0.0016188401523999415, 0.04856089648471437, 0.0003490477529641177, 0.9494712156099216], [0.057340094351969136, 0.002684929783406527, 0.0156764428358919, 0.9242985330287323], [0.23987626013796332, 0.567255485506558, 0.18474030021213328, 0.008127954143345375], [4.105532702718007e-05, 0.9899853127402168, 0.004788908201543871, 0.005184723731212103], [0.5554363073416962, 0.4170592227559851, 0.020826220648215116, 0.006678249254103547], [0.03383654099924729, 0.9305860220890174, 0.016133920519614275, 0.019443516392120927], [0.011339883609692422, 0.02040460348766553, 0.31714969412978605, 0.6511058187728561], [0.00013192444742020397, 0.9998295733409667, 2.4081285940997217e-05, 1.4420925672179924e-05], [0.32799946456644824, 0.46947991842732806, 0.03468221738735948, 0.1678383996188642], [0.0037970756131196865, 0.3508713729339116, 0.5680361695997898, 0.07729538185317905], [0.003279401275521888, 0.9709095601036704, 0.007692859813543557, 0.018118178807264063], [0.15706595215101438, 0.6822975542651312, 0.023770450332676954, 0.13686604325117743], [0.6289645281843467, 0.1944884979136679, 0.022406466675723918, 0.15414050722626157], [0.003521937497465988, 0.00912427840581155, 0.7364406191326885, 0.2509131649640339], [0.32945507989429657, 0.011626761383135262, 0.0006798105808449919, 0.6582383481417232], [0.043813788333598384, 0.006779465100416817, 0.0003503983666555535, 0.9490563481993292], [0.6281778472730842, 0.056286178179007884, 0.00011122824689215432, 0.31542474630101563], [0.0005522805650032675, 0.9624125251205142, 0.0006840514535861915, 0.036351142860896274], [0.24966869941323144, 0.4937738214604427, 0.019316753095526832, 0.23724072603079904], [0.06808978446356506, 0.753419619466712, 0.06189042854604205, 0.11660016752368087], [0.033649969851932415, 0.005105075284135142, 0.45215709425401635, 0.5090878606099162], [0.01267675923310685, 0.04369078234511355, 0.0674487009092471, 0.8761837575125325], [0.3362106022352427, 0.09911010644157461, 0.2857426837875987, 0.278936607535584], [0.009028467718028906, 0.08127721356896507, 0.0005535500558976873, 0.9091407686571082], [0.8238482397091772, 0.003937131742787342, 0.0005609539638244923, 0.17165367458421082], [0.0008653835384126897, 0.7792420956643153, 0.19384576267420983, 0.02604675812306214], [0.4156283524323213, 0.010142209334245195, 0.03225517507596171, 0.5419742631574718], [0.024686795046292467, 0.7206798581185192, 0.005342807863084234, 0.24929053897210415], [0.014579796917628245, 0.1058198225798469, 0.6291769327100231, 0.25042344779250186], [0.015156954656806458, 0.3917119095793792, 0.025784123145121247, 0.5673470126186931], [0.001610884582616231, 0.8521322567169888, 0.04656928789161921, 0.09968757080877588], [0.07257998696126289, 0.8860419824993309, 0.0009497529930975345, 0.040428277546308726], [0.15097103870979064, 0.581687984510553, 0.25776556356133234, 0.009575413218323978], [0.023083860527261853, 0.8063672028529063, 0.10607837709021711, 0.0644705595296148], [0.06327624320198261, 0.1387143649292562, 0.015103396439030964, 0.7829059954297303], [0.0007562968323204957, 0.9184344788582249, 0.031482579203031096, 0.04932664510642363], [0.10313229566854583, 0.10339984119991298, 0.7175143659277626, 0.07595349720377852], [0.0020158478594608565, 0.018390467188568623, 0.020965003062758218, 0.9586286818892122], [0.0007338483003177311, 0.16260212289905818, 0.6431559967673416, 0.19350803203328243], [0.1393382408259117, 0.2366691690847108, 0.00817506056777473, 0.6158175295216028], [0.055181578618512396, 0.008293621153285384, 0.04727693726571779, 0.8892478629624844], [0.013292197680759552, 0.013886963730319411, 0.6382789488755157, 0.33454188971340526], [0.03985030765337751, 0.2913103416084017, 0.6658173143960772, 0.003022036342143761], [0.01726668858567715, 0.09715992085458686, 0.8010413409529865, 0.0845320496067495], [0.0017931286097670333, 0.8905978507195668, 0.004035334183663955, 0.10357368648700208], [0.3645811831006288, 0.0004866859322476752, 0.005610866568747195, 0.6293212643983763], [0.00031331539463543625, 2.5132656080144157e-05, 0.0015344195652289916, 0.9981271323840555], [0.08457321021515546, 0.4406049606718114, 0.09726913541305908, 0.37755269369997413], [0.022273274855713728, 0.3665099400466471, 0.07459196309741693, 0.5366248220002221], [0.06324558139388138, 0.0009293159351385079, 2.6196635978152226e-05, 0.9357989060350019], [0.09488772154577943, 0.001870510449747451, 0.003185528169348609, 0.9000562398351246], [0.04833391501467859, 0.011583424293705518, 0.005240222142323028, 0.9348424385492929], [0.6092061366830179, 0.34601931638404854, 7.469915905022588e-05, 0.04469984777388341], [0.003947627407557666, 0.00013663107111948138, 0.1436536603235362, 0.8522620811977867], [0.00023653309093310857, 2.0525752727264374e-05, 0.9996413951070047, 0.0001015460493351026], [0.05948911225875618, 0.2447844096958549, 0.00120718575013186, 0.6945192922952571], [0.0354501217273335, 0.08720091571896964, 0.0012768082905898477, 0.8760721542631069], [0.17092132751861183, 0.4205557324783517, 0.01813722756711515, 0.39038571243592124], [0.0030880793404044057, 0.00043911067005383126, 0.00029457954088170043, 0.9961782304486602], [0.00024498940553169946, 0.019093703172980425, 0.27312106929612984, 0.707540238125358], [0.011989696230336671, 0.00935813340717343, 0.8002148361394611, 0.1784373342230287], [0.15184149269843278, 0.8411712813541999, 0.006903337270277575, 8.388867708960527e-05], [0.06311845728784496, 0.8915136055849215, 0.04128890208638905, 0.0040790350408442776], [0.0012582975686490348, 0.9887560805840586, 0.004167721987377306, 0.005817899859914982], [0.004453693773571926, 0.017935303122692453, 0.4130337128363969, 0.5645772902673387], [0.00422345489460392, 0.9297363339885353, 0.05999543732888841, 0.006044773787972429], [0.09834158213951727, 0.03684163779010081, 0.8492475414985129, 0.015569238571868906], [0.12070159583755348, 0.8517203766784135, 0.016621007259641694, 0.010957020224391266], [0.010292429857158503, 0.0006359648505194618, 0.06307193541012034, 0.9259996698822016], [0.008188196619436592, 0.23281575354929368, 0.7418272491528302, 0.017168800678439573], [0.09135458731794603, 0.8608373869983194, 0.026964653128694255, 0.020843372555040457], [0.08600660283983591, 0.6806580652392943, 0.0921076231544624, 0.14122770876640733], [0.06332660898026467, 0.7040181269666119, 0.00716163119840236, 0.22549363285472102], [0.0012324054765634003, 0.004317677437558403, 0.4580329178976874, 0.5364169991881909], [0.6988919373051263, 0.055602289276444825, 0.002701599867652987, 0.2428041735507758], [0.04921431420496419, 0.02784718302498845, 0.18532905584552298, 0.7376094469245243], [0.8586806010957508, 0.007284864697857466, 0.12406726113948453, 0.009967273066907206], [0.04011254940636142, 0.0630932084442237, 0.8954857590569292, 0.0013084830924856758], [0.90060329610414, 0.09020502212723269, 0.00898219158650976, 0.0002094901821176359], [0.017507265715167326, 0.5581128745189892, 0.24335923667528583, 0.1810206230905576], [0.007246057711817297, 0.9776184586004216, 0.007083907211452307, 0.00805157647630873], [0.9470889111018317, 0.019705390396480275, 0.032897904559356046, 0.0003077939423319372], [0.11729696223586128, 0.7605190374118597, 0.10276114583851277, 0.01942285451376641], [0.03841466434303117, 0.9065715078166804, 0.03638168468848012, 0.018632143151808188], [0.00101305976581893, 0.9862492034596754, 0.011975003766873646, 0.000762733007631903], [0.9971094778158053, 0.0024040056077755567, 3.2537727824846124e-05, 0.0004539788485943117], [0.00010734026488613843, 0.9598737475483393, 0.0008412968946343307, 0.039177615292140255], [0.5183610787693639, 0.3771846711500247, 0.0013229980887805796, 0.10313125199183071], [0.021011030682725862, 0.8258521115948195, 0.11631428871460206, 0.03682256900785275], [0.4080001988840776, 0.023095521498866123, 0.03278278898955132, 0.536121490627505], [0.9242736887383955, 0.003076164872022983, 0.013927539840031226, 0.058722606549550076], [0.013138967354777495, 0.18091064589041464, 0.04688925064962364, 0.7590611361051842], [0.10851077874889861, 0.36467588903704445, 0.24961111642768835, 0.2772022157863686], [0.00234637705662299, 0.0021733629848824415, 0.019570509211012183, 0.9759097507474825], [0.013670757033442282, 0.8068863746152541, 0.025825165884979025, 0.15361770246632464], [0.21569467459639305, 0.17166740892682236, 0.19592306954536132, 0.41671484693142324], [0.0014570335678208198, 0.9984262179571521, 8.819027568102489e-06, 0.00010792944745877343], [0.9863266803783541, 0.010348918010555687, 0.0005718519447257094, 0.002752549666364485], [0.37472821487864055, 0.3322891509785897, 0.02083241322946214, 0.27215022091330754], [0.9864550896076746, 0.009788731914464324, 0.002120199053302579, 0.001635979424558546], [0.0032470476163781853, 0.3986369353975024, 0.024711463925090774, 0.5734045530610287], [0.0007603722041247773, 0.9682316024756727, 0.003102071740387938, 0.027905953579814506], [0.040739932285572315, 0.08256227289832048, 0.5792709628033653, 0.2974268320127419]]}, "rewritten": {"ids": ["97105760", "97106000", "97107950", "97112830", "97118210", "98107380", "98108970", "98109090", "98110680", "98116090", "98117740", "99108010", "99108710", "99109910", "99110050", "99111000", "99112300", "99113260", "99116500", "99117740", "99119830", "99120010", "99121440", "100107920", "100108520", "100108990", "100109000", "100110260", "100111380", "100111620", "100113210", "100113370", "101108080", "101108121", "101109370", "101110150", "101111310", "101111620", "101117580", "102109840", "102110500", "102110850", "102111990", "102121440", "103109641", "103110840", "103111620", "103111930", "103111990", "103113210", "103113610", "103117200", "103117461", "103118110", "103120531", "103120730", "104109311", "104111531", "104112470", "104113550", "104116441", "104117200", "105113440", "105114220", "105116090", "105116980", "105117351", "106115120", "106118161", "106118820", "107113170", "107113180", "107113360", "107114780", "107115140", "107116501", "107118120", "107118780", "107119130", "107119950", "108114180", "108114360", "108115070", "108119330", "108119510", "108119550", "108120280", "108121190", "109113881", "109114720", "109116810", "109117080", "109118231", "109119450", "109121640", "110115580", "110115980", "110116170", "110116290", "110116441", "110116501", "110117500", "110118161", "110118810", "110120700", "111115400", "111116010", "111116090", "111116290", "111117200", "111117480", "111118301", "111118820", "111119250", "111119300", "111119340", "111119430", "111120540", "111121220", "111121930", "112116401", "112116900", "112117030", "112117210", "112118530", "112118581", "112118890", "112120270", "112120630", "112120670", "112120700", "112121030", "112121410", "113117550", "113119120", "113119300", "113120540", "113121220", "113121410", "113122150", "113122170", "113122220"], "labels": [0, 0, 2, 2, 2, 1, 3, 1, 2, 0, 2, 2, 2, 2, 3, 2, 0, 0, 2, 2, 1, 2, 2, 0, 2, 2, 1, 3, 3, 3, 0, 3, 0, 0, 1, 1, 3, 3, 3, 2, 3, 3, 2, 2, 1, 1, 0, 3, 2, 3, 2, 0, 0, 2, 3, 1, 3, 0, 1, 1, 1, 3, 0, 3, 1, 0, 0, 1, 3, 3, 0, 3, 0, 2, 0, 1, 3, 1, 1, 3, 1, 1, 1, 0, 1, 1, 3, 1, 0, 0, 3, 1, 1, 3, 0, 1, 1, 0, 2, 3, 3, 1, 0, 1, 2, 0, 1, 3, 2, 0, 1, 3, 0, 1, 1, 3, 3, 1, 3, 1, 0, 3, 2, 1, 1, 1, 3, 0, 3, 2, 2, 0, 0, 3, 3, 1, 3, 3, 0, 2, 1, 1], "predicted_labels": [0, 0, 2, 3, 0, 2, 1, 3, 0, 3, 0, 1, 1, 2, 1, 1, 3, 2, 2, 0, 2, 0, 0, 0, 0, 3, 2, 3, 2, 3, 1, 0, 3, 3, 2, 0, 1, 1, 3, 1, 3, 2, 2, 3, 1, 1, 2, 0, 3, 1, 1, 1, 1, 1, 3, 3, 0, 3, 1, 3, 2, 1, 3, 1, 1, 3, 0, 0, 3, 1, 3, 1, 0, 1, 0, 3, 1, 1, 1, 1, 1, 1, 1, 0, 3, 3, 3, 3, 0, 3, 3, 1, 1, 3, 0, 1, 0, 1, 2, 3, 3, 1, 0, 1, 1, 0, 2, 0, 3, 0, 3, 1, 3, 3, 2, 0, 1, 0, 1, 0, 1, 3, 0, 2, 1, 2, 2, 2, 0, 2, 1, 0, 3, 2, 3, 3, 0, 2, 1, 1, 2, 1], "confidence_scores": [[0.8435179179846725, 0.10068641933059103, 0.008744938036682571, 0.04705072464805384], [0.5033451740961165, 0.12395300007195982, 0.02876171197755624, 0.34394011385436746], [0.0011983520332024158, 0.06613230258871601, 0.9290838475013756, 0.003585497876705825], [0.00018858654328333897, 1.4827060697509299e-05, 0.0007785089881390916, 0.9990180774078801], [0.8934577588411688, 0.05008620243318521, 0.05549690282675475, 0.0009591358988912621], [0.19331210844438282, 0.011613160006164481, 0.7840674319209308, 0.011007299628521958], [0.0011079213145930385, 0.9144317860202698, 0.08239823992473881, 0.002062052740398228], [0.03495199556268679, 0.18795115544773305, 0.007039219344057779, 0.7700576296455224], [0.5010750664738163, 0.3903251761255524, 0.08376925478191201, 0.02483050261871932], [0.16855564884734786, 0.32455164651379353, 0.12128454212481922, 0.38560816251403923], [0.8880558653359868, 0.006387368161570136, 4.366536365559306e-05, 0.10551310113878741], [0.005730418633379425, 0.9864740568397697, 0.0013311413627104473, 0.0064643831641402975], [0.002140831763003491, 0.9963743938829482, 0.0014477225241442792, 3.705182990409804e-05], [0.10075288923170662, 0.0036111137504104586, 0.8956023181071943, 3.3678910688653786e-05], [0.19687389370200126, 0.48473719232875184, 0.01017099526377289, 0.30821791870547394], [0.00024101931120881713, 0.9820271330743297, 0.014993374853510554, 0.002738472760951069], [0.0028512727153475496, 0.0037152039106626384, 0.1041604615477057, 0.8892730618262842], [0.00039046259602702613, 0.018630264879530876, 0.9765284606886944, 0.004450811835747829], [0.000722289530360307, 0.026703855646300772, 0.9724850627681694, 8.8792055169487e-05], [0.9189568214008378, 0.014089946791677271, 0.036931554952854266, 0.0300216768546308], [0.006129962095645018, 0.4023665725632233, 0.5844780795741782, 0.007025385766953376], [0.8934850517316411, 0.006177264182771091, 0.09301198882981901, 0.0073256952557688455], [0.6825860544245886, 0.031178743299551687, 0.039434573515570656, 0.24680062876028902], [0.4761134362818693, 0.47443545805753623, 0.006833936644199727, 0.04261716901639483], [0.9312109863248395, 0.01738550311652135, 0.03815790659347278, 0.013245603965166134], [0.014192680204715936, 0.19844360009516013, 0.09771825635558105, 0.6896454633445429], [0.15325593454386682, 0.24261086928414288, 0.4522349219787434, 0.1518982741932469], [0.05775349500336083, 0.4578774588291472, 0.0004289411128438725, 0.48394010505464813], [0.4128307960426969, 0.03371981785296147, 0.4462587081536999, 0.10719067795064173], [0.004525655999462677, 0.4869113389533168, 0.0002123378418745838, 0.5083506672053459], [4.01736526242089e-05, 0.9972658998388668, 0.0005570302747927364, 0.0021368962337160427], [0.9540488729159299, 0.00014045787245571827, 0.011714446728133354, 0.03409622248348114], [0.04461541645862066, 0.1371288526690138, 0.008281633235468903, 0.8099740976368967], [0.41777789937281373, 8.652784939791249e-05, 8.957448879448643e-05, 0.5820459982889937], [1.3541005295860445e-05, 0.0217607325010431, 0.9782079197558914, 1.780673776953343e-05], [0.9745918384800407, 0.0035566413082417626, 0.019393521836711537, 0.002457998375005914], [0.00013583025933363682, 0.9997233684009359, 0.00013950525452853602, 1.296085201897584e-06], [0.009718810823891094, 0.9895709699974433, 0.0002525609008672783, 0.0004576582777983038], [0.007292858446327836, 0.19678931424018975, 0.014530054174816285, 0.7813877731386661], [5.643880856611513e-05, 0.9907287880526146, 5.7822665983411454e-05, 0.009156950472836031], [0.09971232215788231, 0.24126733653727636, 0.11300965028460158, 0.5460106910202398], [0.05532333205708748, 0.11460626155950407, 0.8154914989634552, 0.014578907419953237], [0.0043636521209050785, 0.04342949902431162, 0.9058483744599295, 0.046358474394853875], [0.003949666645592716, 0.19693528141558578, 0.07733393417738546, 0.721781117761436], [2.998124766751931e-05, 0.8645498563661737, 0.05173266262942196, 0.0836874997567371], [0.000349575584557289, 0.9913937497671976, 0.004189386632896767, 0.004067288015348357], [0.02197887496504615, 0.3127715106870159, 0.6453079946596585, 0.01994161968827944], [0.6970074841523987, 0.01879831108846707, 0.0011412013090668289, 0.2830530034500674], [0.004368115100494848, 0.3878286846118939, 0.004429642289360621, 0.6033735579982507], [3.7113688755582334e-05, 0.7311000582564157, 0.007232349471816817, 0.2616304785830119], [0.0006916267261094925, 0.6561828902036437, 0.2982699871414587, 0.04485549592878814], [0.012498035512492418, 0.9413237164887109, 0.002324475885068899, 0.04385377211372762], [0.034222515775164844, 0.6271502451404251, 0.0026479718061667816, 0.33597926727824323], [0.00828002492081167, 0.8623545007581982, 0.09327226719735618, 0.03609320712363393], [0.324169649630463, 0.003824518633608853, 0.006170258045824673, 0.6658355736901034], [0.311828068398252, 0.17068124934114823, 0.005316007414870429, 0.5121746748457293], [0.7366487429590408, 0.02281683122813918, 0.0017453859772520366, 0.23878903983556798], [0.006662488026793294, 0.09013698382361886, 0.005075974366735912, 0.8981245537828519], [0.00129810145518039, 0.7167964772727672, 0.004648992041985577, 0.2772564292300669], [0.03639725104106062, 0.005026323673279694, 0.007820985364283802, 0.9507554399213759], [0.0008838773750439777, 0.0051074010511895414, 0.9729953096372704, 0.021013411936496158], [0.007873964107012875, 0.9854497464510906, 0.006629411747496136, 4.687769440050942e-05], [0.013876520334748076, 0.03422229192726147, 0.05861409039618008, 0.8932870973418103], [0.011303213304605373, 0.9807644740699786, 0.0018389782743789525, 0.006093334351037209], [0.19336091417401688, 0.7339271411778934, 0.0025458742490136912, 0.07016607039907598], [0.0633739903154078, 0.06044076820511479, 4.378895175197953e-05, 0.8761414525277254], [0.9869700365740517, 0.011866920639225797, 7.452821920852297e-05, 0.0010885145675139409], [0.5939838641786901, 0.386205319311799, 0.0007869646267900399, 0.019023851882720925], [0.004197955219528853, 0.1216060074337401, 0.0003047812313032888, 0.8738912561154278], [0.0005632702026305591, 0.9990006928040144, 0.00027681507711240763, 0.00015922191624256186], [3.603919664275749e-05, 4.376640425893538e-05, 0.00023957862416426438, 0.999680615774934], [0.023841390260675787, 0.8408828739959935, 0.1306415452825698, 0.004634190460760982], [0.9809433982353476, 2.6959195194386962e-06, 3.796807279350071e-05, 0.01901593777233937], [0.001388377842125831, 0.9736173557536051, 0.016684077058111396, 0.0083101893461576], [0.72821145642042, 0.00842019434629955, 0.011557908956763415, 0.25181044027651706], [0.023315272444373595, 0.041646778885605945, 0.002213169757822658, 0.9328247789121978], [0.001805937099440704, 0.5494796591467257, 0.0022037146249242433, 0.44651068912890923], [0.019366779218029897, 0.6866188072063557, 0.023864982499304913, 0.2701494310763095], [0.010862938968202784, 0.9697166230549188, 0.0029919507702601514, 0.0164284872066182], [0.014604025078420818, 0.9266413248600915, 0.0001570991840863026, 0.058597550877401296], [1.9502724296265727e-06, 0.999922085121876, 7.385339118927814e-05, 2.1112145050682003e-06], [0.001060761352429277, 0.9989196457360708, 1.947082711355183e-05, 1.220843863443736e-07], [0.0003231766938786038, 0.9956787267740558, 0.00243043530261601, 0.001567661229449719], [0.7043701864846662, 0.28943142681327005, 0.0015514583403631254, 0.004646928361700476], [0.0023451559130315295, 0.01762847707427885, 0.011043186465895236, 0.9689831805467944], [0.001046942256425601, 0.01763837716602193, 3.6305517538067614e-06, 0.9813110500257985], [0.0034307386332779926, 0.00013071082701337778, 0.0022632212376732215, 0.9941753293020353], [0.0013519915295802975, 0.1909682894223201, 0.16930818912100482, 0.6383715299270948], [0.6117283308949151, 0.0034102989484678333, 0.38128198384207707, 0.003579386314540037], [0.31707886368252935, 0.10192401490469545, 0.23091814488931864, 0.3500789765234565], [0.017910912125456632, 0.0009767235178534657, 3.2380449248165475e-05, 0.9810799839074418], [0.000648027379607235, 0.8961356379029549, 0.09742131214262154, 0.005795022574816381], [0.002992182153016365, 0.5585980996958249, 0.008075249379579909, 0.4303344687715789], [0.030111165106063733, 0.0004841415823476585, 0.036743683814043165, 0.9326610094975454], [0.9789678592278951, 0.017507137260408267, 0.0026125180394337318, 0.0009124854722631175], [0.07484706771202101, 0.4559626836388886, 0.22550632257942868, 0.24368392606966166], [0.8630504628109733, 0.03494148753022227, 0.009155649165775031, 0.09285240049302938], [0.2950055462183318, 0.5056244080686707, 0.0013438474763282878, 0.1980261982366692], [0.01566162772424908, 0.006047113451837456, 0.6980051792684842, 0.28028607955542933], [0.01474244797671454, 0.0010277218149684787, 0.0008096374954454569, 0.9834201927128715], [0.19251574007407035, 0.04565551491634146, 0.35366256014917474, 0.4081661848604134], [0.027051302748601857, 0.918676301385276, 9.826146951043587e-05, 0.05417413439661179], [0.5812418258611292, 0.14707874338953142, 0.2693434258400823, 0.00233600490925713], [0.29848038695779405, 0.6799335329199382, 0.017444233465823546, 0.004141846656444256], [0.09395705443543395, 0.7425216014039246, 0.08891244560889293, 0.07460889855174836], [0.5411219639175269, 0.3568711590306126, 0.03692368416150053, 0.06508319289035984], [0.025387660749353225, 0.0003522394348151578, 0.6993756795935497, 0.274884420222282], [0.8667287046039005, 0.026123281209705217, 0.005256225826564121, 0.10189178835983011], [0.0005155758850041155, 0.00838942167294398, 0.33860703790070246, 0.6524879645413495], [0.7055402427611981, 0.2654714079046262, 0.01672077101021852, 0.012267578323957154], [0.0003279700946896405, 0.00672453386671299, 0.09903354279738792, 0.8939139532412094], [0.0007645365305070654, 0.9942795875215674, 7.825647455069569e-05, 0.0048776194733747644], [0.04173703581571298, 0.41332819643984103, 2.8908039978009643e-05, 0.544905859704468], [0.06483944939871733, 0.00021784710225301494, 0.07773997199993077, 0.857202731499099], [0.32514058385355754, 0.15445753718431462, 0.3501383612488526, 0.1702635177132752], [0.6356716365717124, 0.0017588073261770552, 0.3528859393221033, 0.009683616780007218], [0.002503945492510596, 0.7639557378281971, 0.00034964842914857994, 0.23319066825014353], [0.8773593883643198, 0.11780732522830284, 0.0043720268900754675, 0.00046125951730190086], [0.0012552657687860424, 0.9096463419613164, 0.00011236921480976596, 0.08898602305508756], [0.966979299316721, 2.3964218408724655e-05, 0.03047843668574785, 0.0025182997791224774], [0.012062091707618352, 0.9852645071318146, 9.207147634172853e-05, 0.002581329684225313], [0.0003042744120574816, 0.017293030683196577, 0.0002130431235689698, 0.9821896517811769], [0.6376534614121382, 0.2876789562654122, 0.06624592147154666, 0.008421660850902938], [0.20457542155645447, 0.004753420400805077, 0.49958041583399715, 0.29109074220874337], [0.009048354255030106, 0.9738725225175733, 0.012003113253423963, 0.005076009973972526], [0.2400450029928543, 0.36507063184602023, 0.38602905875763, 0.00885530640349544], [0.2823191165977996, 0.2905175705962328, 0.36066837266548724, 0.0664949401404803], [0.3198069781407954, 0.06670512047667884, 0.5401965888645693, 0.07329131251795645], [0.5810988335813554, 0.005156402551543767, 0.00018704532254030574, 0.4135577185445607], [0.06220738242938432, 0.1556116981791631, 0.7597956195401112, 0.022385299851341234], [0.008307854092254777, 0.9788230614714764, 0.003832830407595136, 0.009036254028673767], [0.9466048433177453, 0.0005909538143174915, 0.03497304862650271, 0.01783115424143445], [0.08170021473075008, 0.302091557270983, 0.019653547897141008, 0.5965546801011259], [0.0009935669158331716, 0.1319409779719817, 0.8611936991235403, 0.005871755988644852], [0.005219726526281285, 0.12784194274070293, 6.308362380976405e-05, 0.866875247109206], [0.006101421465864377, 9.447090792625053e-05, 0.003441784098229922, 0.9903623235279794], [0.933366698159425, 0.01497513210320066, 0.05149498252484975, 0.00016318721252449282], [0.01181546673974155, 0.002732657127745455, 0.9803775754317464, 0.005074300700766679], [0.007471990533450214, 0.5163468726182516, 0.0001697054182325007, 0.47601143143006575], [0.000979028160450612, 0.9209778168612414, 0.054946634832762416, 0.02309652014554569], [0.0016087956626420134, 0.0037725797241686338, 0.9696330551449769, 0.02498556946821269], [0.003935235145162544, 0.99395647341792, 0.0005363432769668116, 0.0015719481599506863]]}}