{"test": {"ids": ["103113610", "102110500", "98116090", "102109850", "108113760", "102114270", "112121410", "109116170", "102109910", "106114280", "97110950", "112117210", "112120540", "99120010", "98116500", "107113360", "98112580", "99121440", "111121220", "97107950", "104113240", "107120880", "109119460", "99110730", "106117650", "112116810", "112118810", "106119260", "111119580", "110118111", "110118121", "103111110", "103109791", "108120260", "108113740", "109114651", "104111380", "112117780", "110115710", "109116930", "105116980", "110119300", "97116401", "112117571", "111121410", "112119930", "108115970", "110115980", "110114651", "107116340", "109113281", "107119950", "109115380", "100109980", "98106111", "105112100", "112117461", "104113190", "97116800", "104111550", "108117360", "106115120", "110114321", "107120260", "111118810", "106118161", "105110091", "109119450", "106118820", "103118291", "105120280", "104116800", "101119591", "106112770", "97112300", "111121190", "109119340", "111116040", "106117790", "97116410", "99108310", "111116411", "102107961", "106113260", "113121410", "108120060", "101114020", "104111620", "99109860", "104114410", "105116501", "109121351", "102113981", "98112170", "97116500", "109117271", "111120540", "112116451", "110118701", "100112060", "113120260", "106120640", "100108080", "105116090", "97113260", "101112540", "112119580", "105112240", "113122160", "112118620", "100108520", "110113931", "105116860", "112117471", "103117200", "109117630", "109114270", "108117451", "112119450", "105115900", "104117630", "104112201", "108113480", "113122120", "102110690", "103120730", "112116540", "107117630", "99107660", "109113591", "109116750", "111114941", "111115770", "97109080", "113122150", "109118701", "99111440", "98106680", "112116800", "106116120", "110121170", "100120780"], "labels": [2, 3, 0, 1, 1, 3, 0, 0, 2, 3, 3, 1, 3, 2, 2, 0, 2, 2, 3, 2, 2, 1, 1, 3, 1, 3, 3, 1, 3, 1, 3, 3, 3, 1, 3, 3, 3, 0, 2, 0, 0, 1, 3, 3, 0, 1, 2, 1, 3, 3, 0, 3, 3, 1, 0, 1, 0, 3, 0, 1, 1, 1, 1, 1, 0, 3, 0, 3, 3, 0, 3, 1, 0, 1, 2, 1, 3, 0, 1, 3, 2, 0, 3, 3, 0, 1, 3, 0, 2, 1, 1, 0, 1, 3, 2, 0, 1, 0, 3, 2, 3, 3, 0, 1, 1, 2, 3, 1, 3, 3, 2, 1, 2, 3, 0, 0, 3, 2, 3, 3, 0, 0, 0, 1, 0, 1, 1, 0, 3, 3, 0, 0, 3, 2, 2, 3, 3, 1, 0, 1, 2, 1], "predicted_labels": [0, 0, 1, 2, 1, 1, 1, 1, 1, 0, 3, 0, 3, 2, 1, 3, 1, 1, 1, 3, 2, 2, 3, 3, 2, 3, 0, 0, 0, 0, 1, 3, 3, 0, 0, 0, 3, 3, 0, 2, 3, 3, 1, 1, 1, 3, 3, 3, 0, 0, 3, 3, 3, 0, 1, 0, 0, 0, 3, 2, 2, 1, 1, 0, 3, 2, 3, 3, 3, 1, 2, 0, 3, 1, 0, 2, 0, 0, 2, 2, 3, 0, 1, 1, 3, 2, 3, 3, 2, 3, 3, 3, 1, 3, 3, 3, 1, 0, 1, 0, 1, 1, 1, 0, 3, 2, 1, 0, 2, 1, 0, 1, 3, 1, 0, 0, 3, 0, 0, 0, 0, 3, 3, 0, 0, 0, 1, 3, 0, 3, 3, 3, 3, 3, 3, 3, 0, 1, 3, 1, 3, 3], "confidence_scores": [[0.9954421257519935, 0.00012327521925316646, 0.002773273902180116, 0.001661325126573031], [0.9595163367167182, 2.462703013925804e-05, 0.004352404751667296, 0.036106631501475264], [0.14680199244295797, 0.8370281756635037, 0.016160132320044034, 9.6995734942058e-06], [0.30164743106413777, 0.00909597453154583, 0.6655677159314737, 0.023688878472842657], [0.048860180678218595, 0.9508658631187947, 0.0002739425832521279, 1.3619734534621893e-08], [0.4430454765417172, 0.5561665263335671, 0.0007837133637139253, 4.283761001748423e-06], [7.75928408062201e-11, 0.9789992376703566, 2.2436742420588083e-12, 0.021000762249807146], [2.0186914495397837e-06, 0.5561217749600194, 9.015001800684563e-06, 0.4438671913467304], [0.051453106898857216, 0.49287395215046403, 0.4434064118751931, 0.012266529075485711], [0.9482776879965142, 0.03072963137382517, 0.00946202369970195, 0.011530656929958425], [0.00020395048699858534, 0.002407267771638184, 0.0032741554642052193, 0.994114626277158], [0.41817175009507307, 0.33704044357874274, 0.24458362392684402, 0.00020418239934020735], [0.0007657120157996384, 0.14265268431141823, 0.00015358348559638805, 0.8564280201871859], [0.00027736732172605074, 3.3702617440281137e-06, 0.9997192609819884, 1.4345414737455737e-09], [1.3758038530052528e-06, 0.8666368638120496, 0.1326521663443249, 0.0007095940397725537], [0.11998519908570285, 4.309771083823795e-05, 0.02809623382747903, 0.8518754693759798], [0.0002881515707180753, 0.621443492149867, 2.6051748489830225e-07, 0.37826809576193], [7.458866819425715e-10, 0.9999430791132747, 5.364921715319581e-05, 3.270923685332088e-06], [0.010586759105881565, 0.9667195751740468, 8.195016766548906e-06, 0.022685470703305], [0.0005781236157271822, 0.00013255209540035114, 0.0034784693948121522, 0.9958108548940602], [0.0060018321234399765, 0.4565120590677965, 0.537444103594736, 4.2005214027399e-05], [0.08359121205393776, 0.1930032727380179, 0.6978767148395362, 0.025528800368508214], [0.0003197828208179093, 0.0005430846422870828, 8.574909062533756e-07, 0.9991362750459888], [4.7785846148542486e-06, 8.578560223192336e-08, 9.599452635477276e-05, 0.9998991411034281], [0.00032500897487486833, 0.006201994445012641, 0.9934358697996238, 3.7126780488747996e-05], [0.0019310242962079765, 0.17037563436161338, 0.020039594964650426, 0.8076537463775282], [0.9998375303584409, 4.99285984250033e-05, 1.858006597063998e-07, 0.0001123552424743771], [0.9995655407178162, 1.7955063487324876e-08, 0.00042923031283523657, 5.211014284874533e-06], [0.9991755908670205, 4.865394552627382e-09, 0.0008243443017487575, 5.996583618143547e-08], [0.9967689696278345, 0.0030480248381776084, 1.471979902960464e-05, 0.00016828573495831112], [1.953989875499149e-05, 0.9444523084876757, 5.961145841264816e-08, 0.05552809200211088], [2.5400008595003074e-05, 0.010566080564419225, 2.757256913153118e-06, 0.9894057621700727], [4.7622541148182125e-05, 1.3965295659755506e-06, 0.1772220546654172, 0.8227289262638687], [0.7890593179462593, 0.04597593540342562, 0.009144979901309138, 0.1558197667490058], [0.9982143408048385, 7.963795582736319e-05, 0.000646353945400762, 0.001059667293933241], [0.8842545780937757, 0.11450805559299147, 1.4722867027641486e-09, 0.0012373648409462132], [0.07997089075661001, 0.030611050471634697, 0.36591878363027314, 0.5234992751414822], [7.79086844925251e-05, 0.00034249514164115687, 0.00020936197497593666, 0.9993702341988904], [0.9999680897502949, 3.0189196295879797e-05, 1.7199552361126076e-06, 1.0981732439983124e-09], [9.399734007605238e-05, 4.2447155326630627e-07, 0.9998959177744469, 9.660413923737803e-06], [0.010028856974712478, 0.0011558117737194918, 6.326044245498402e-05, 0.9887520708091131], [0.1498082895899612, 0.06066804622495699, 0.019795866546106013, 0.7697277976389758], [1.7886277648898865e-11, 0.9999734197854777, 2.6578226911154775e-05, 1.969724914282173e-09], [0.002527042306955561, 0.9617367433341254, 6.457507574470593e-09, 0.03573620790141136], [0.0002664634100779177, 0.9996141386212051, 3.4076096803081148e-06, 0.00011599035903660492], [8.887082070643071e-07, 0.06400336419644882, 0.0023642966418642264, 0.93363145045348], [6.478705621899861e-08, 1.9044718954102942e-06, 8.414379083111776e-08, 0.9999979465972576], [0.08033384692243065, 6.079791677755242e-08, 1.5710283095592863e-05, 0.9196503819965569], [0.9830118602411052, 0.011360636212322162, 1.869615463536219e-05, 0.005608807391937248], [0.9724909361073912, 0.0004960880257303261, 1.2845676393416094e-06, 0.027011691299239006], [0.21013682084459082, 0.0001984821483528741, 2.2150520378578154e-11, 0.7896646969849057], [3.363045812629901e-05, 3.9550410735153096e-05, 0.028682357620012356, 0.9712444615111262], [1.8014985087563357e-05, 0.36115237355690205, 0.001588121879349141, 0.6372414895786613], [0.8527847030763807, 0.12679522069539736, 0.013419127968446722, 0.007000948259775185], [6.420426471107053e-09, 0.9993556032646913, 0.0005603192992368376, 8.407101564549707e-05], [0.7592552071592249, 1.8951552416888068e-06, 0.002907635167760078, 0.23783526251777348], [0.895053571891174, 0.10074722123274633, 0.0007133817382147031, 0.003485825137864855], [0.5928744884450359, 0.0003628031053289216, 0.0004497461880154916, 0.40631296226161984], [0.009467824533644132, 3.96687459914448e-06, 2.1234920944153854e-05, 0.9905069736708125], [1.3911458974940019e-05, 5.1430011595224625e-05, 0.9998797313598576, 5.492716957216682e-05], [2.0124970500098216e-05, 0.0038619275090807518, 0.9938041188117923, 0.00231382870862687], [0.009536766248584563, 0.9854673228031172, 1.3323083584417326e-09, 0.0049959096159897165], [0.4440420843976049, 0.5531989311849462, 3.656824826005847e-05, 0.002722416169188877], [0.9886666544801718, 0.01133200074224652, 1.3412831301652104e-06, 3.4944514713001755e-09], [0.0009405739737971605, 0.07357032897523516, 4.433374094663751e-08, 0.9254890527172268], [0.011628453987822533, 0.0310467402449326, 0.9428327130670294, 0.014492092700215623], [0.0033459578615758737, 0.00011615164219848999, 1.8442261333166286e-05, 0.9965194482348924], [1.4954239518725841e-05, 6.461222558211612e-06, 0.01953910573914791, 0.9804394787987752], [0.31149430730984445, 0.005530391520186343, 0.00032039325533905034, 0.6826549079146301], [4.0587117414285545e-06, 0.9992732597353933, 0.0007218451661006793, 8.363867648345298e-07], [9.384105355882252e-08, 9.445660165508179e-07, 0.9975630159880622, 0.002435945604867697], [0.5565060513865633, 0.1672579391291809, 0.004114021446599279, 0.2721219880376566], [0.15086209652526356, 0.0035320275126594107, 0.0008991337640577084, 0.8447067421980192], [7.306585208428668e-15, 0.9916382786755974, 0.0023777423217085955, 0.005983979002686739], [0.7103192689664056, 0.04224915412182101, 0.1550766661434144, 0.09235491076835903], [0.0826264432020534, 0.19791581385014367, 0.6991355643545812, 0.020322178593221534], [0.9375164484079801, 0.00011773934552125513, 0.059891257360120805, 0.0024745548863779328], [0.7822546824244995, 0.007658818566081441, 0.0036352940011281465, 0.20645120500829098], [0.0025984777579910567, 0.0006024081285808468, 0.929658526172894, 0.06714058794053404], [0.025280419295722247, 0.12780922910553452, 0.8469096155260389, 7.36072704191964e-07], [0.00010475074244989929, 0.00010283167798551882, 2.278407616713245e-08, 0.9997923947954884], [0.8986806130211143, 0.011349305450544522, 1.0014849423915573e-11, 0.08997008151832626], [0.060163315390577454, 0.9030376259169265, 0.003005667112646011, 0.03379339157985012], [0.08712485308373005, 0.911323388815801, 0.0015383061433546436, 1.3451957114440307e-05], [2.1153474019620492e-08, 1.3663730231078237e-06, 1.3882177008241818e-09, 0.9999986110852852], [0.4333434705321127, 0.006263999947049854, 0.5602755210524053, 0.00011700846843212317], [3.427102386731344e-05, 1.3960339693831313e-07, 2.167813009871238e-05, 0.9999439112426369], [0.06856655739753494, 0.06472421902489656, 6.092888394477579e-07, 0.866708614288729], [4.579412374100634e-05, 0.00019302567951229432, 0.9940097204081475, 0.005751459788599088], [4.4709555603353156e-05, 0.0005204935569620772, 1.1807269296175758e-05, 0.9994229896181384], [0.0064751455768991585, 0.3401930077419826, 2.6238620897623613e-14, 0.653331846681092], [1.640993759294779e-05, 0.2352054797374664, 4.870948276360759e-07, 0.7647776232301129], [0.00013699736623818296, 0.9736807877752953, 0.026180493859307263, 1.7209991594604079e-06], [0.0007999659529269808, 8.084597629908436e-05, 0.1536429916703568, 0.845476196400417], [0.0019485534423338074, 0.17881587319153228, 0.20272877798385971, 0.6165067953822743], [0.03046851145139174, 0.001537284051887538, 0.006019019676918708, 0.9619751848198019], [0.005863497622646624, 0.8963950645327211, 0.097740050760793, 1.3870838393230467e-06], [0.9983748745373525, 0.00036815420525076586, 0.001164357984376555, 9.261327302018135e-05], [0.23837673988136826, 0.4981978097960265, 5.685426017346369e-06, 0.2634197648965879], [0.8524407368707302, 0.00976168181739404, 0.13609601964351115, 0.0017015616683646474], [0.00019270162313001453, 0.9133203258675812, 0.05632263179964578, 0.03016434070964324], [1.017997031607584e-05, 0.9974828320263553, 0.0023539348565255556, 0.000153053146803046], [2.8706897551105903e-05, 0.9999711969975116, 9.477626691075064e-08, 1.328670153047901e-09], [0.9243033076310222, 0.0009403002715952671, 5.106402089082445e-06, 0.07475128569529352], [4.82443569700707e-11, 1.5548123615954716e-05, 1.82830747847414e-06, 0.9999826235206611], [0.00023608590034536857, 0.007896224449328524, 0.9816776813329744, 0.010190008317351815], [0.00011701197933837435, 0.838818243292577, 0.0003707482416805818, 0.16069399648640403], [0.8713100689901614, 0.11569909474652425, 0.0014409510710022434, 0.011549885192312327], [9.017511482523897e-06, 0.060234552436978735, 0.9388147203475373, 0.0009417097040016073], [0.0028163653359411693, 0.9948587583343803, 2.0762076653170748e-05, 0.0023041142530250643], [0.9630894510932227, 0.00026985029876196534, 0.00032709874131835984, 0.036313599866697084], [0.00014128271128819355, 0.9954550351939833, 3.9480530650747895e-06, 0.0043997340416635075], [0.002164968138464662, 0.020326849976823817, 0.0003186946999378789, 0.9771894871847736], [1.399232154420668e-07, 0.9999542775522586, 1.0017144239509952e-06, 4.458081010199714e-05], [0.9999993029502827, 3.494423175852066e-07, 4.034313174539749e-09, 3.4357308651310643e-07], [0.6939439249962134, 0.05786851718423446, 0.24818434916428178, 3.2086552703197867e-06], [0.17243896444488443, 0.004477140160492281, 0.3249209234015997, 0.4981629719930234], [0.9008641878437823, 2.572982657232368e-10, 3.743256299247033e-09, 0.0991358081556633], [0.9411875553378914, 0.006201709475369504, 6.126660818282983e-06, 0.05260460852592083], [0.8197288481871545, 2.8002257511305525e-07, 0.16182424453462868, 0.018446627255641595], [0.8938754715626346, 0.003128610122068447, 0.00026809207216642815, 0.1027278262431306], [0.044662039313937384, 0.013996220941517352, 0.0036574600746296444, 0.9376842796699155], [0.03858815868320656, 5.408331415328997e-07, 2.271269609477296e-05, 0.9613885877875572], [0.91758122334377, 0.08228547126398489, 0.00011839232427610249, 1.4913067968908279e-05], [0.9950067546870693, 1.172605749787996e-06, 1.93345471433738e-10, 0.004992072513835412], [0.9985100639107536, 0.0014899221088522843, 3.965543546477502e-09, 1.0014850563728952e-08], [0.01402487684707752, 0.9823446145555469, 1.95638078017043e-07, 0.0036303129592974224], [2.598946637758402e-05, 3.771566058176263e-05, 0.13707049255277848, 0.8628658023202622], [0.9993921294861622, 7.447929797598899e-07, 4.778074391066052e-07, 0.0006066479134187831], [4.007217932713796e-06, 0.0001006195140154846, 7.920775682503181e-09, 0.9998953653472761], [0.30881434591798584, 0.027383623489501085, 1.8571879895281546e-06, 0.6638001734045235], [0.00041123945808208885, 1.9690918497610983e-05, 2.555666154500207e-07, 0.9995688140568049], [0.3757549112075478, 0.0007895607495885019, 4.1777218737129364e-08, 0.623455486265645], [1.058011084732732e-05, 0.4722213975277371, 0.0035516603963408108, 0.5242163619650747], [0.12946908736102558, 0.41017589800306997, 0.022576272461461627, 0.4377787421744428], [0.005789074752726346, 1.7771066943572953e-06, 2.068755825414619e-10, 0.9942091479337036], [0.4502941606525639, 0.13252316712942624, 0.004144032688465119, 0.4130386395295448], [2.639231774965935e-06, 0.9853685746403844, 0.01462754760234708, 1.2385254933394827e-06], [2.7040000914487744e-06, 1.008855036800267e-05, 3.96254793177134e-10, 0.9999872070532858], [0.13103219026197824, 0.5079935022673239, 0.3223110589069867, 0.038663248563711214], [4.39649648045638e-05, 0.00012684360240382416, 4.5714558475700717e-07, 0.9998287342872069], [0.0009200321557058414, 4.498848537149485e-07, 0.0370475035950203, 0.9620320143644202]]}, "rewritten": {"ids": ["97107950", "97109080", "97110950", "97112300", "97113260", "97116401", "97116410", "97116500", "97116800", "98106111", "98106680", "98112170", "98112580", "98116090", "98116500", "99107660", "99108310", "99109860", "99110730", "99111440", "99120010", "99121440", "100108080", "100108520", "100109980", "100112060", "100120780", "101112540", "101114020", "101119591", "102107961", "102109850", "102109910", "102110500", "102110690", "102113981", "102114270", "103109791", "103111110", "103113610", "103117200", "103118291", "103120730", "104111380", "104111550", "104111620", "104112201", "104113190", "104113240", "104114410", "104116800", "104117630", "105110091", "105112100", "105112240", "105115900", "105116090", "105116501", "105116860", "105116980", "105120280", "106112770", "106113260", "106114280", "106115120", "106116120", "106117650", "106117790", "106118161", "106118820", "106119260", "106120640", "107113360", "107116340", "107117630", "107119950", "107120260", "107120880", "108113480", "108113740", "108113760", "108115970", "108117360", "108117451", "108120060", "108120260", "109113281", "109113591", "109114270", "109114651", "109115380", "109116170", "109116750", "109116930", "109117271", "109117630", "109118701", "109119340", "109119450", "109119460", "109121351", "110113931", "110114321", "110114651", "110115710", "110115980", "110118111", "110118121", "110118701", "110119300", "110121170", "111114941", "111115770", "111116040", "111116411", "111118810", "111119580", "111120540", "111121190", "111121220", "111121410", "112116451", "112116540", "112116800", "112116810", "112117210", "112117461", "112117471", "112117571", "112117780", "112118620", "112118810", "112119450", "112119580", "112119930", "112120540", "112121410", "113120260", "113121410", "113122120", "113122150", "113122160"], "labels": [2, 2, 3, 2, 1, 3, 3, 2, 0, 0, 1, 3, 2, 0, 2, 3, 2, 2, 3, 3, 2, 2, 0, 2, 1, 2, 1, 2, 3, 0, 3, 1, 2, 3, 0, 1, 3, 3, 3, 2, 0, 0, 1, 3, 1, 0, 0, 3, 2, 1, 1, 0, 0, 1, 1, 3, 1, 1, 2, 0, 3, 1, 3, 3, 1, 1, 1, 1, 3, 3, 1, 3, 0, 3, 0, 3, 1, 1, 0, 3, 1, 2, 1, 2, 1, 1, 0, 3, 3, 3, 3, 0, 0, 0, 0, 0, 3, 3, 3, 1, 0, 1, 1, 3, 2, 1, 1, 3, 3, 1, 2, 0, 3, 0, 0, 0, 3, 1, 1, 3, 0, 0, 1, 0, 3, 1, 0, 3, 3, 0, 3, 3, 3, 3, 1, 3, 0, 3, 0, 1, 2, 3], "predicted_labels": [3, 2, 3, 3, 3, 1, 2, 0, 2, 1, 1, 3, 1, 1, 1, 0, 3, 2, 3, 0, 2, 1, 1, 0, 0, 0, 2, 2, 3, 0, 1, 2, 2, 3, 0, 1, 0, 2, 3, 2, 0, 1, 0, 2, 2, 1, 0, 0, 1, 3, 0, 3, 3, 3, 2, 0, 3, 1, 1, 3, 2, 1, 1, 0, 1, 1, 2, 2, 2, 0, 0, 1, 3, 0, 3, 3, 0, 0, 3, 0, 1, 3, 2, 0, 2, 3, 3, 3, 3, 1, 1, 3, 0, 2, 3, 1, 3, 0, 3, 3, 3, 1, 0, 1, 0, 3, 1, 3, 0, 3, 2, 3, 0, 0, 3, 1, 0, 1, 3, 0, 1, 0, 0, 3, 2, 0, 1, 1, 1, 3, 1, 0, 3, 1, 3, 1, 1, 2, 3, 0, 3, 2], "confidence_scores": [[0.05045042331417385, 0.0234225727052128, 0.044690232001676856, 0.8814367719789366], [1.002410114766743e-05, 0.09045991297887612, 0.7482357284268099, 0.16129433449316627], [0.0021110341175731104, 0.00016929019112424179, 0.021255927204645936, 0.9764637484866567], [0.09369743624619835, 0.002937226697860278, 0.021695083136384335, 0.881670253919557], [2.0068784774531112e-10, 1.1768157538729694e-05, 1.2901355261451896e-05, 0.999975330286512], [6.222052124831658e-08, 0.9998631734142636, 0.00013665344904976664, 1.1091616525239214e-07], [0.006362747587585058, 0.14443014117196173, 0.8492053708306536, 1.7404097994825438e-06], [0.8193227670283215, 0.001064832807340041, 0.17302698988158394, 0.006585410282754579], [0.001740037820039163, 2.796394872629182e-06, 0.9979058988512279, 0.00035126693386033393], [2.098878745782706e-12, 0.9999999549269516, 2.2394476653466088e-08, 2.267647281710514e-08], [1.0603471605000702e-07, 0.712548712346671, 0.28735285164883767, 9.832996977524864e-05], [0.03770391217573725, 1.8187615475636697e-05, 0.023429787120335433, 0.9388481130884517], [3.981573915576374e-06, 0.9865874305019516, 1.3609147277412008e-05, 0.013394978776855472], [0.005591269396062132, 0.9937008832631279, 0.00016725333008394175, 0.0005405940107260054], [5.395914155128422e-11, 0.9999811133024962, 1.8794111837571027e-05, 9.253170698004036e-08], [0.991470435553593, 3.4555937086698024e-05, 1.3919735580027835e-06, 0.008493616535762374], [0.001300133233769198, 0.04839742476505012, 2.153131286497191e-06, 0.9503002888698943], [4.359016290156349e-07, 2.3408596111592878e-05, 0.9980381453314526, 0.0019380101708068513], [1.155726245966778e-07, 2.592810248168079e-05, 0.03245734464540932, 0.9675166116794843], [0.5812505108132094, 0.05562953643414996, 4.989953983064195e-07, 0.36311945375724225], [0.012679433274673179, 1.020508312432091e-05, 0.9873103614005484, 2.4165398807766077e-10], [6.64129446213712e-10, 0.9999999664756265, 3.013494845889754e-08, 2.7252957175288716e-09], [0.00011765505298565017, 0.999839056124971, 4.2365605744142154e-05, 9.232162990785085e-07], [0.9340996363453699, 0.055029435651973, 0.00013762235726977177, 0.010733305645387598], [0.9448649121623801, 0.003242086085222333, 0.0004344514355536113, 0.05145855031684391], [0.9125596396685643, 0.08389592763932532, 0.003249961388899316, 0.00029447130321095865], [0.004075226783805672, 4.5081971553798395e-05, 0.7054542230913537, 0.29042546815328685], [0.1363893509285883, 0.25730407086426704, 0.3337850719989649, 0.2725215062081798], [0.0003716455323018035, 9.11331697639437e-07, 3.594362815312825e-05, 0.9995914995078473], [0.8841534143408757, 0.006489791499915385, 0.0001369748939502122, 0.10921981926525882], [0.369726906914835, 0.6280695886187623, 0.0003185751590692399, 0.0018849293073335404], [0.07575835347658454, 0.4086111906311877, 0.5110271828160198, 0.004603273076208051], [0.026770910282497125, 0.03881795580253494, 0.899670916568321, 0.03474021734664686], [0.0002750274869149916, 3.6629231733190205e-07, 5.027373755309143e-06, 0.9997195788470122], [0.9687128822452891, 0.004610399564667097, 2.8633403886098793e-08, 0.026676689556640217], [2.271057167965627e-06, 0.9795584377013344, 0.02042754358200685, 1.1747659490727663e-05], [0.9995968316864875, 0.0003831944604014146, 1.8265841502320634e-05, 1.7080116087632516e-06], [0.009443862757539402, 0.004030635649174294, 0.9674774604461703, 0.019048041147116022], [0.00010036839296638445, 0.0006071870031628248, 3.1716594688722565e-07, 0.9992921274379238], [0.009130195056897437, 2.8352562382675743e-05, 0.9892878195659748, 0.0015536328147449767], [0.999993512998993, 6.241142772581332e-09, 2.389481600208041e-10, 6.480520915891866e-06], [9.000561465940585e-09, 0.9999999447045727, 2.8064635644541284e-08, 1.8230230114272185e-08], [0.9488076093800751, 0.05119238365993346, 1.4605729691094131e-09, 5.499418681808036e-09], [3.599083551024984e-05, 0.0011324935545793473, 0.9941984108785215, 0.004633104731388853], [7.1284309084518e-06, 0.002820573991205206, 0.9971716258740593, 6.717038271463451e-07], [0.019940356829123713, 0.9681515268283778, 7.97614638613901e-06, 0.011900140196112404], [0.9302535957782273, 0.0009001867984580152, 1.7727472018983907e-06, 0.06884444467611275], [0.9991606496010521, 8.862959859356532e-05, 0.000747287955787725, 3.4328445666150493e-06], [0.010501794586150122, 0.5377616389903047, 0.45173187276247617, 4.693661069022797e-06], [8.809304094521702e-07, 0.00011515164216272803, 1.218009393931242e-07, 0.9998838456264884], [0.9611744271752577, 0.0004490617017258998, 0.03157863537248491, 0.006797875750531359], [0.04527397297304404, 0.012207918637185245, 0.005802577492115716, 0.9367155308976549], [4.8735718341841157e-05, 0.0001383459052626278, 0.00045533414656884994, 0.9993575842298267], [0.00920365917546734, 4.87489284152487e-07, 0.0005189218296820531, 0.9902769315055664], [0.2980938811027769, 0.12526095317740205, 0.5750793344771629, 0.0015658312426580423], [0.6092335500297307, 4.942832118152727e-05, 0.16760503678050614, 0.22311198486858166], [0.06217024094689274, 0.007367308363800553, 0.0018075866559174876, 0.9286548640333893], [0.005388870333922642, 0.8426432563664523, 8.943507051980045e-17, 0.15196787329962516], [0.046747856927713646, 0.4865354389543221, 1.2119971946149319e-05, 0.46670458414601806], [0.14901705379793778, 0.07917426393747622, 9.606036387272692e-06, 0.7717990762281989], [0.000100010730627328, 0.00020858945957359299, 0.5498318405231315, 0.44985955928666754], [6.380700795546246e-14, 0.9827130843221372, 0.017273514722982705, 1.3400954816285409e-05], [0.0248730453804621, 0.9750937886307706, 4.590219415965194e-06, 2.8575769351396782e-05], [0.9508194447413357, 0.027273038043442846, 0.021452666427590514, 0.0004548507876309201], [0.03876708966541168, 0.9588508939964262, 7.94086668710295e-08, 0.0023819369294951816], [0.03183036131303596, 0.5036823356471529, 0.4223010714085869, 0.042186231631224265], [0.00452126155381022, 0.008178555160241015, 0.9872897402838159, 1.0443002132683532e-05], [0.00022570586051747228, 0.00015050660897706497, 0.9991228787633255, 0.0005009087671799088], [0.008735233426447851, 0.29532624073768204, 0.694713175017409, 0.0012253508184610162], [0.9797576075003639, 5.7601045728089704e-05, 4.248461359761778e-05, 0.020142306840310605], [0.9998701420867585, 9.423113259348404e-08, 0.00012039503535995482, 9.368646748917265e-06], [4.2688217723797475e-05, 0.995248651166922, 0.003832163318121932, 0.0008764972972322506], [0.0002612925432248898, 4.7331491901399455e-06, 0.1509591363992787, 0.8487748379083063], [0.7515508051270078, 6.45025028967844e-05, 0.0008417525055994807, 0.24754293986449585], [3.6475700718425916e-05, 2.9877924204790415e-05, 0.400970388973679, 0.5989632574013978], [8.126767349956332e-07, 7.173972781877368e-06, 0.011749041761277761, 0.9882429715892053], [0.9952480618788793, 0.004705236283763169, 4.657418803834874e-05, 1.2764931929392938e-07], [0.9918964342595529, 0.00027728099552079793, 0.0075163469564771615, 0.00030993778844906383], [0.007194108286700635, 2.055982285307236e-06, 7.539487279029318e-05, 0.9927284408582239], [0.9978857884440645, 1.5494780843569512e-05, 3.0850917096641593e-05, 0.0020678658579951856], [0.002969673663125837, 0.9969895422743815, 4.07712250085752e-05, 1.2837483905067588e-08], [3.7573619112366307e-06, 8.206974313073213e-07, 2.9787793852571837e-09, 0.9999954189618782], [1.7062670373623902e-07, 0.0002496045528988685, 0.9752276378348729, 0.024522586985524432], [0.9998022285220759, 2.140096309180633e-09, 1.7055287966664665e-09, 0.00019776763229904662], [0.002912311332597722, 0.002502289246694068, 0.9945841194922844, 1.2799284236077647e-06], [0.0009089501714478615, 0.002527653069066388, 2.364865304517185e-06, 0.9965610318941812], [0.0024964137231492903, 0.0009702795331192863, 4.59802516415144e-11, 0.9965333066977512], [3.610291987072397e-06, 0.005140834453099746, 4.2412521360938533e-08, 0.9948555128423918], [0.00033139392056201407, 4.1251235606531364e-05, 0.24696641338327371, 0.7526609414605577], [0.024520550910935045, 0.9754791672627315, 9.332363909061691e-13, 2.818254000295467e-07], [3.344642599766079e-07, 0.7112340010329204, 0.2861487716749364, 0.0026168928278830564], [7.308516975762355e-07, 0.13682292783997066, 2.7745128928768e-07, 0.8631760638570425], [0.5738485821408229, 0.12266835657557125, 0.006985741820798574, 0.29649731946280716], [4.82847675483741e-06, 7.198835473060425e-06, 0.9999818232686596, 6.1494191125191124e-06], [7.075014795069256e-05, 6.324768677730954e-05, 6.538931886581446e-06, 0.9998594632333854], [0.31130429113950653, 0.6146685707754115, 0.07402539775979762, 1.7403252843974557e-06], [0.0001052274117195126, 3.9089263772160794e-10, 2.3340519230524665e-09, 0.999894769863336], [0.9998295764347173, 0.00010837283088338405, 2.1414319803392358e-05, 4.0636414595863095e-05], [2.7072123847748952e-05, 4.919465965649602e-05, 0.0035532205300162394, 0.9963705126864795], [9.42132168607186e-07, 1.615972851530955e-05, 1.345201588012029e-06, 0.999981552937728], [6.33862869621682e-07, 0.0023335701371138976, 4.0390780045824547e-10, 0.9976657955961087], [3.674858246957363e-07, 0.9999494855345976, 1.1033800344353022e-07, 5.0036641574364646e-05], [0.997695473549901, 0.0009565831970963003, 7.52030346420573e-09, 0.0013479357326992973], [0.3133871955477387, 0.678444518571165, 3.106706834003365e-05, 0.008137218812756223], [0.7825366753311908, 0.0048399943021850845, 0.21261051351842106, 1.281684820310217e-05], [0.0002978962910862284, 9.444462179752847e-09, 7.091793242874592e-05, 0.9996311763320229], [0.18054514683093598, 0.7163594763909745, 0.0003363546697771363, 0.10275902210831225], [0.0005025946833189141, 0.23514025012703704, 3.14612033567237e-06, 0.7643540090693084], [0.5725808307262077, 0.024836980188233635, 0.01076269631259512, 0.3918194927729635], [0.006309794811614417, 0.0028845588131470082, 0.0066725007270400545, 0.9841331456481985], [0.0001729403697497388, 0.00029806453689590085, 0.9772617352309582, 0.022267259862396395], [1.9371067500739273e-05, 3.300900281387038e-07, 2.5993709399838564e-07, 0.9999800389053772], [0.5353847040152292, 0.000120989624773679, 1.7711083551651712e-05, 0.4644765952764455], [0.5302594657324042, 0.010412835026980633, 0.003809146225141885, 0.45551855301547317], [0.09236382720157363, 0.17938984411704137, 4.055814942407508e-11, 0.728246328640827], [0.00405046206823142, 0.9700281819238192, 9.930955028263588e-07, 0.025920362912446593], [0.9896909327453416, 1.3051778219660025e-07, 0.010308878730858503, 5.800601763813464e-08], [0.00133866786315033, 0.977202319165028, 0.021383791541315866, 7.5221430505779e-05], [0.42381195394085214, 0.03316834120923223, 9.339407584029995e-05, 0.5429263107740754], [0.9978449606149674, 0.00041540874596272175, 5.084674485630974e-08, 0.0017395797923248474], [8.959245175490698e-09, 0.999999742199016, 2.1227579218791773e-07, 3.6565946563472946e-08], [0.9685084320052859, 0.021422960798166912, 0.005922684528071039, 0.004145922668476162], [0.6238360023089233, 0.14818067916308733, 1.9675851881141018e-08, 0.2279832988521375], [1.1008150677796576e-06, 4.3341589943423e-06, 5.026939490288337e-09, 0.9999945599989984], [0.0028782293055216015, 0.14287710194082673, 0.7016218539698538, 0.15262281478379788], [0.9575357531518794, 0.0065903137072129475, 0.03125017366388998, 0.004623759477017477], [0.12234844310684038, 0.855157375630118, 0.022449015471805625, 4.5165791235956914e-05], [0.012996984529964851, 0.9176466543345697, 3.37111861695831e-05, 0.06932264994929595], [0.005044070945300086, 0.7082526617909257, 9.256092212410344e-07, 0.2867023416545531], [0.002392707220089811, 0.1945308615998909, 0.003930400853523124, 0.7991460303264961], [0.08170707568851875, 0.8262947468479468, 0.002391079090656164, 0.0896070983728782], [0.8954220266820493, 0.021012204462843798, 5.540636741086269e-05, 0.08351036248769593], [0.4857106104782487, 8.291012345859205e-05, 4.3088168589361435e-06, 0.5142021705814338], [8.606888373987439e-07, 0.9296918955862857, 0.00039079755892974804, 0.06991644616594729], [8.426414007144326e-09, 0.4293588422109538, 0.004683222708030805, 0.5659579266546014], [0.0029406223285068788, 0.9847050238794934, 5.2663682281080246e-05, 0.012301690109718735], [8.031531299589784e-07, 0.8417995016248462, 4.537952691278949e-10, 0.15819969476822837], [0.0003546562180152232, 0.4271406353635523, 0.5624140694900903, 0.010090638928342131], [3.1423654858811615e-08, 1.8051253433537137e-05, 3.3473457503013435e-09, 0.9999819139755658], [0.7377960276826881, 0.26104610705378634, 0.00089489286985428, 0.000262972393671165], [0.06673216125928041, 0.012643845434334668, 0.0004897378298225, 0.9201342554765625], [0.0003807164594183198, 0.03718865154373835, 0.962383533684062, 4.709831278132028e-05]]}}