{"test": {"ids": ["108121160", "110114561", "112116800", "112117030", "108115070", "99112300", "108114670", "98108410", "110114321", "103111110", "100111390", "113120540", "112118620", "105112260", "106118161", "105115250", "105116501", "108116501", "97106600", "102116340", "112116990", "109119010", "106116441", "108120621", "110117140", "101111210", "107118820", "98107010", "113118690", "107118780", "98108370", "113120640", "99108710", "113121220", "106116640", "112121360", "99109141", "112120290", "108115870", "101114990", "113122510", "107114321", "105116650", "107119130", "109116750", "104119290", "100108520", "112118550", "97116800", "108114220", "103110840", "97112830", "101115190", "106114280", "99108010", "104110960", "112118890", "97107040", "107117010", "106117650", "108114200", "105112100", "112120640", "105113440", "112116900", "113118820", "111120531", "98116090", "100109980", "113119360", "112119950", "103113210", "106114011", "106116120", "110114950", "107114140", "108116070", "109118231", "97116500", "113120531", "97105580", "107114110", "102110750", "105118230", "101108460", "112117660", "113120601", "108118291", "99107630", "104111880", "97118210", "108114270", "111114321", "109115070", "97107950", "112118930", "105116441", "108114360", "106114880", "98119591", "112118701", "111120320", "103113170", "109116170", "113118111", "105120280", "110119891", "111116290", "105113330", "105114220", "106118820", "113119340", "101109120", "98120530", "108113760", "100113210", "105110091", "99108580", "98107380", "111114171", "109120150", "110116300", "102111990", "104114410", "98107210", "97109570", "108121410", "110116170", "112119580", "104114230", "110119300", "110115140", "108117720", "112116810", "103110050", "99109161", "105115900", "99112641", "102109010", "113117401", "111120260", "108117360"], "labels": [2, 0, 0, 2, 1, 0, 3, 1, 1, 3, 2, 3, 3, 3, 3, 2, 1, 0, 3, 3, 0, 3, 0, 1, 3, 2, 3, 3, 3, 1, 1, 0, 2, 3, 3, 3, 3, 1, 3, 3, 2, 0, 1, 1, 0, 1, 2, 3, 0, 3, 1, 2, 1, 3, 2, 2, 3, 2, 1, 1, 0, 1, 0, 0, 3, 0, 0, 0, 1, 0, 0, 3, 1, 1, 0, 2, 1, 1, 2, 0, 1, 1, 1, 1, 0, 0, 2, 3, 2, 3, 2, 3, 1, 0, 2, 1, 1, 1, 0, 1, 0, 1, 3, 0, 1, 3, 3, 2, 3, 3, 3, 0, 1, 1, 1, 0, 0, 0, 1, 3, 2, 3, 2, 1, 1, 0, 0, 0, 3, 2, 1, 0, 1, 3, 3, 3, 3, 1, 1, 3, 3, 1], "predicted_labels": [0, 3, 0, 1, 1, 1, 1, 1, 0, 2, 3, 1, 2, 1, 2, 2, 0, 3, 0, 0, 3, 1, 1, 3, 0, 0, 1, 1, 1, 3, 2, 0, 0, 3, 1, 2, 0, 3, 1, 2, 1, 0, 2, 3, 1, 1, 3, 3, 0, 0, 3, 3, 2, 3, 0, 3, 1, 1, 0, 2, 3, 1, 3, 0, 1, 3, 3, 0, 2, 0, 3, 1, 1, 1, 1, 3, 1, 0, 2, 3, 1, 0, 3, 3, 0, 0, 2, 1, 0, 1, 3, 1, 1, 1, 3, 1, 1, 1, 1, 0, 3, 2, 0, 3, 0, 0, 2, 0, 1, 0, 1, 3, 0, 3, 3, 3, 0, 0, 0, 3, 2, 3, 0, 3, 1, 1, 1, 3, 3, 2, 3, 2, 2, 1, 1, 1, 3, 3, 3, 0, 0, 2], "confidence_scores": [[0.4146449274143914, 0.26911196146521354, 0.11863705030835552, 0.19760606081203952], [0.34388947442693996, 0.21399589002556038, 0.0635264222008179, 0.3785882133466817], [0.33588221271321433, 0.2752940980222857, 0.1782296424472137, 0.21059404681728616], [0.16425787172889528, 0.31802174688357243, 0.20133705303764063, 0.3163833283498918], [0.15282605217207626, 0.4696184003747687, 0.14310189613432103, 0.2344536513188339], [0.27710749813063673, 0.42511025388775436, 0.09887344107576129, 0.19890880690584747], [0.2908771906485185, 0.33460247085869593, 0.08604324767667584, 0.2884770908161098], [0.29634656139993604, 0.37560498604236786, 0.13785698648008532, 0.19019146607761098], [0.352232719932226, 0.18791097029867898, 0.12832045793593205, 0.3315358518331629], [0.13899518375412853, 0.28642434371350345, 0.38326859682378195, 0.19131187570858618], [0.15937163763089732, 0.08773610860053818, 0.10449771010528382, 0.6483945436632808], [0.22074297093882098, 0.44666645976394886, 0.08139134714829675, 0.2511992221489334], [0.2168375844943503, 0.18764470831501165, 0.4219247169934771, 0.17359299019716087], [0.26939502481020045, 0.3010150608367288, 0.1462330851727556, 0.2833568291803151], [0.22002220255467456, 0.2025167366084778, 0.39154414830681494, 0.1859169125300326], [0.26030406858402666, 0.2648036803428514, 0.2993583665431774, 0.17553388452994478], [0.3252802965550053, 0.2804383642442377, 0.10040821336443795, 0.293873125836319], [0.21729387758661478, 0.21718175924021405, 0.07614779832231404, 0.48937656485085707], [0.5628141312212013, 0.14006010420172277, 0.11667145650643054, 0.18045430807064558], [0.3214238063245513, 0.23306003768931954, 0.24658097464271714, 0.19893518134341207], [0.18616887441746102, 0.324620746461115, 0.10563176604058977, 0.38357861308083424], [0.14243892112761794, 0.40200610787491825, 0.28371026032717717, 0.1718447106702867], [0.25183127759153023, 0.39969875586803344, 0.100557800867066, 0.2479121656733704], [0.22825394835715757, 0.30614127644717304, 0.07373642282083466, 0.39186835237483464], [0.3352890418660645, 0.22320693465660763, 0.177205895441717, 0.2642981280356108], [0.32056142817077615, 0.20201468332608663, 0.31785891465033406, 0.1595649738528032], [0.11534826151237787, 0.5060991140863251, 0.13501465112400787, 0.24353797327728918], [0.15452048998360327, 0.4405752768465132, 0.20877808419442445, 0.19612614897545913], [0.1814963128824243, 0.4338514397432353, 0.07842422795603662, 0.30622801941830374], [0.22201735211890308, 0.2037180914813731, 0.18538061802835412, 0.38888393837136986], [0.09373984005952342, 0.11255815145372927, 0.6629938417527631, 0.13070816673398436], [0.30883233930484577, 0.290626003395642, 0.19447543288297078, 0.20606622441654138], [0.3270238950547127, 0.24677530948312085, 0.27899481973058066, 0.14720597573158586], [0.16929059221521017, 0.22668715688411728, 0.1559333935486549, 0.4480888573520176], [0.19895983520486832, 0.48268532120614116, 0.0928571499366117, 0.2254976936523788], [0.1557187072338885, 0.3178168004905088, 0.3794207614484839, 0.1470437308271188], [0.45498544446454764, 0.15533947323407726, 0.12646851706387294, 0.26320656523750213], [0.1511734782395884, 0.07564977083847081, 0.312838574367651, 0.46033817655428966], [0.2294771558715644, 0.45394003904874614, 0.10007092017538448, 0.21651188490430506], [0.28665380695964654, 0.1866496854683683, 0.3783166839142189, 0.14837982365776642], [0.14002088061788115, 0.3983485715177897, 0.2540966969267357, 0.20753385093759347], [0.38911841673611774, 0.18604790299842253, 0.06511513486089304, 0.35971854540456677], [0.08099269187819669, 0.19801057147292792, 0.5349757204765254, 0.18602101617234998], [0.07320182272137866, 0.1239677690857451, 0.1146642376983272, 0.688166170494549], [0.08445627569793566, 0.4708524213755815, 0.25659877358999683, 0.18809252933648607], [0.254247243263511, 0.36851982181296894, 0.09094592948599127, 0.28628700543752905], [0.22949351202882198, 0.15024023954365814, 0.18900281208466327, 0.4312634363428566], [0.16195995072293393, 0.26945603550262587, 0.14729460112087936, 0.4212894126535608], [0.6119620410594072, 0.1702792530490749, 0.09654286705875711, 0.12121583883276088], [0.5604708224572883, 0.22461738301328027, 0.0479798414818357, 0.16693195304759567], [0.17881416611510767, 0.19244393262859452, 0.20913123722098886, 0.4196106640353091], [0.12012647276918896, 0.22422222333741892, 0.14708822383139544, 0.5085630800619967], [0.18261571744331684, 0.17021174670021355, 0.5008133822271313, 0.14635915362933832], [0.2095746690054845, 0.18989433810171563, 0.16248170576774265, 0.43804928712505736], [0.3396557031812684, 0.2628220037714683, 0.16555949039914689, 0.23196280264811625], [0.14605659614345967, 0.22527955297758925, 0.13496519030664547, 0.4936986605723057], [0.1378781089728331, 0.4898523476805522, 0.16629692330525292, 0.20597262004136185], [0.2349902243702824, 0.3078804919236573, 0.25475593185393586, 0.2023733518521243], [0.3736774365700526, 0.14756617350797535, 0.15196678832152236, 0.3267896016004497], [0.17708417570985496, 0.29706993688810235, 0.3168912957408895, 0.20895459166115324], [0.2623306201733779, 0.26422969161547033, 0.17349310883392743, 0.2999465793772244], [0.21428686158185503, 0.4685124820233616, 0.1502159185081183, 0.16698473788666507], [0.2846534797424916, 0.24839530900820186, 0.13900260563161118, 0.3279486056176954], [0.29692242226036236, 0.2501098487413743, 0.1593934302941122, 0.29357429870415125], [0.2498254972845215, 0.38189893559297133, 0.15887082958840368, 0.20940473753410366], [0.29653323846606866, 0.20911877192499742, 0.08764673866627608, 0.4067012509426577], [0.3515308202483909, 0.17863488672049688, 0.061507263038475826, 0.4083270299926363], [0.5848823545794966, 0.17071294757219344, 0.1130607978435682, 0.1313439000047419], [0.1931733195845727, 0.22145082725118295, 0.3188701484616121, 0.26650570470263213], [0.3128744508639469, 0.23754238121428542, 0.14529947719765826, 0.30428369072410943], [0.20832834419949656, 0.15391888263815165, 0.08710484458136028, 0.5506479285809915], [0.24946132138755503, 0.349603714037671, 0.19666816033319875, 0.20426680424157528], [0.21106446484559607, 0.32689379624837334, 0.2694946267959842, 0.1925471121100465], [0.25060369263965077, 0.3756412291119841, 0.15936432608338466, 0.21439075216498066], [0.22600906245304525, 0.2811300899068892, 0.218322038314082, 0.2745388093259837], [0.19973662121436347, 0.17408828300517865, 0.25955035894359996, 0.3666247368368578], [0.1758267319882185, 0.34208991145815354, 0.20236286652252777, 0.2797204900311004], [0.3765419592329609, 0.2803530248109189, 0.10363678667514245, 0.23946822928097786], [0.261750145555926, 0.1994341200244613, 0.3600454807330594, 0.17877025368655353], [0.18785916735522826, 0.33019245024627636, 0.1270194984079842, 0.35492888399051126], [0.23359284770660516, 0.49829859187361936, 0.09712592154683586, 0.1709826388729396], [0.3007159720661373, 0.23547342288555348, 0.2066606089225814, 0.2571499961257279], [0.12378012158800174, 0.24389025881528764, 0.2829941412963131, 0.3493354783003973], [0.16060647771176448, 0.26380562750815545, 0.19059919450450413, 0.3849887002755761], [0.621202023137548, 0.15143471839550152, 0.08570357606507858, 0.141659682401872], [0.30303607620293693, 0.27554482255838647, 0.15091550693692615, 0.27050359430175047], [0.2193964200800749, 0.14910874846775013, 0.4789422167064866, 0.15255261474568826], [0.25584622180471883, 0.4212523352897211, 0.08772276722719448, 0.23517867567836565], [0.40697009506623893, 0.16719341315266867, 0.14448756378891686, 0.28134892799217553], [0.1363583392460967, 0.3668189559235699, 0.13973630589446226, 0.3570863989358711], [0.26737393342011706, 0.17927948926005843, 0.10307983400343433, 0.45026674331639016], [0.239705195317949, 0.37773881837834855, 0.1604014285845145, 0.2221545577191879], [0.23823187387612577, 0.4024799315409468, 0.12418222581033898, 0.23510596877258855], [0.2520329063964606, 0.34352989782599397, 0.1494228238919514, 0.25501437188559395], [0.23084021135411664, 0.15444916503699388, 0.28488836112273475, 0.3298222624861547], [0.24213583571363273, 0.35994303640908676, 0.14697049461184752, 0.2509506332654331], [0.2488534352246436, 0.3486781150790066, 0.07598148206280314, 0.3264869676335467], [0.133795229907651, 0.4197443879107876, 0.2846038637358033, 0.16185651844575816], [0.17727474092583206, 0.40233038581778885, 0.2135191399889052, 0.20687573326747394], [0.41080013094991485, 0.13944876467777584, 0.054174328020880395, 0.39557677635142896], [0.28067508628825405, 0.2213492749816163, 0.0761360805773131, 0.42183955815281654], [0.16910677658033846, 0.2074868533395163, 0.4746345292550816, 0.14877184082506364], [0.30746353963823075, 0.224122175881125, 0.20262661439087087, 0.2657876700897732], [0.22114072034058851, 0.27577264661499873, 0.1644239506555741, 0.3386626823888387], [0.402281531360844, 0.20639596298732607, 0.1142111790586446, 0.27711132659318544], [0.3816229535712236, 0.24684614660244097, 0.18574414965033886, 0.18578675017599663], [0.21470107878259242, 0.19860911810800416, 0.3559725076796559, 0.2307172954297475], [0.34864702914352974, 0.24699257663779242, 0.22771256193950828, 0.17664783227916941], [0.13859837093892594, 0.6128718353823449, 0.09976156918394129, 0.14876822449478785], [0.3226349023019597, 0.19614928317929697, 0.2978007773908968, 0.18341503712784646], [0.060706218187467624, 0.5727337318210545, 0.07699064815099871, 0.28956940184047913], [0.3374864853613209, 0.15698817069705517, 0.15347380934999144, 0.3520515345916325], [0.3613410022064632, 0.2453654193315828, 0.21420714115488182, 0.17908643730707227], [0.24841287497749284, 0.24497177562514927, 0.24979592860165464, 0.25681942079570336], [0.25084562383686826, 0.24319936124463512, 0.23500135110562878, 0.270953663812868], [0.1643710410038426, 0.20178717378190603, 0.05869548225971151, 0.57514630295454], [0.44064889127324397, 0.1675283810836997, 0.08698582465946579, 0.3048369029835905], [0.41398543982504954, 0.1268713408106184, 0.1757006681306206, 0.28344255123371154], [0.4253918882412357, 0.20726335863635376, 0.11857840946053645, 0.24876634366187417], [0.25603792762220234, 0.2278285098922404, 0.13334022999564604, 0.38279333248991126], [0.16582217532216725, 0.16061314557078854, 0.33971346814183145, 0.3338512109652128], [0.12391681056292779, 0.31707798733281184, 0.12183902864074897, 0.4371661734635115], [0.32669693404721223, 0.21786300826195903, 0.18967196748903464, 0.2657680902017942], [0.23517324111894494, 0.1858114239270442, 0.25966795181538666, 0.31934738313862426], [0.21095609645809374, 0.3077770375698381, 0.18194999725620964, 0.29931686871585866], [0.22386191633234742, 0.4958162370727222, 0.07209886536104462, 0.20822298123388572], [0.2350437017096717, 0.39191510298048693, 0.1640870754897016, 0.2089541198201399], [0.20400397711523127, 0.31407307471465445, 0.1268465325820302, 0.35507641558808395], [0.1352276739753795, 0.32034788077042575, 0.165496512725723, 0.3789279325284718], [0.12951905258632354, 0.25207289507189196, 0.3171925606690714, 0.3012154916727132], [0.25597648754584307, 0.1777880200838123, 0.14603788709901006, 0.42019760527133476], [0.19977389526980088, 0.10610840592334264, 0.41596732121701546, 0.2781503775898409], [0.2255858745496167, 0.12827148513911554, 0.3893808200964664, 0.2567618202148012], [0.12119600983219712, 0.5049811185076536, 0.15845457454943698, 0.2153682971107123], [0.2555355995903247, 0.3225057541599951, 0.1686782446875287, 0.25328040156215165], [0.23935897439359818, 0.34061243709661115, 0.1359122131976642, 0.28411637531212647], [0.238271351884736, 0.16920526098863134, 0.11512846803303074, 0.47739491909360177], [0.27389013932418016, 0.22895509153088092, 0.07894248669454919, 0.41821228245038977], [0.26138528828286123, 0.19395983625679122, 0.13489838053135308, 0.4097564949289946], [0.4339161167050707, 0.22490337256796897, 0.10583835382348304, 0.23534215690347732], [0.38448165337932944, 0.2444167316151264, 0.14211781786714184, 0.22898379713840256], [0.1641407186566296, 0.19708723991578733, 0.39131231259785787, 0.24745972882972522]]}, "rewritten": {"ids": ["97105580", "97106600", "97107040", "97107950", "97109570", "97112830", "97116500", "97116800", "97118210", "98107010", "98107210", "98107380", "98108370", "98108410", "98116090", "98119591", "98120530", "99107630", "99108010", "99108580", "99108710", "99109141", "99109161", "99112300", "99112641", "100108520", "100109980", "100111390", "100113210", "101108460", "101109120", "101111210", "101114990", "101115190", "102109010", "102110750", "102111990", "102116340", "103110050", "103110840", "103111110", "103113170", "103113210", "104110960", "104111880", "104114230", "104114410", "104119290", "105110091", "105112100", "105112260", "105113330", "105113440", "105114220", "105115250", "105115900", "105116441", "105116501", "105116650", "105118230", "105120280", "106114011", "106114280", "106114880", "106116120", "106116441", "106116640", "106117650", "106118161", "106118820", "107114110", "107114140", "107114321", "107117010", "107118780", "107118820", "107119130", "108113760", "108114200", "108114220", "108114270", "108114360", "108114670", "108115070", "108115870", "108116070", "108116501", "108117360", "108117720", "108118291", "108120621", "108121160", "108121410", "109115070", "109116170", "109116750", "109118231", "109119010", "109120150", "110114321", "110114561", "110114950", "110115140", "110116170", "110116300", "110117140", "110119300", "110119891", "111114171", "111114321", "111116290", "111120260", "111120320", "111120531", "112116800", "112116810", "112116900", "112116990", "112117030", "112117660", "112118550", "112118620", "112118701", "112118890", "112118930", "112119580", "112119950", "112120290", "112120640", "112121360", "113117401", "113118111", "113118690", "113118820", "113119340", "113119360", "113120531", "113120540", "113120601", "113120640", "113121220", "113122510"], "labels": [1, 3, 2, 2, 0, 2, 2, 0, 2, 3, 1, 1, 1, 1, 0, 1, 1, 2, 2, 0, 2, 3, 3, 0, 1, 2, 1, 2, 0, 0, 1, 2, 3, 1, 1, 1, 2, 3, 3, 1, 3, 3, 3, 2, 3, 2, 1, 1, 0, 1, 3, 3, 0, 3, 2, 3, 1, 1, 1, 1, 3, 1, 3, 0, 1, 0, 3, 1, 3, 3, 1, 2, 0, 1, 1, 3, 1, 1, 0, 3, 3, 1, 3, 1, 3, 1, 0, 1, 1, 3, 1, 2, 0, 0, 0, 0, 1, 3, 2, 1, 0, 0, 0, 0, 3, 3, 1, 3, 3, 1, 2, 3, 1, 0, 0, 3, 3, 0, 2, 0, 3, 3, 0, 3, 1, 3, 0, 1, 0, 3, 3, 1, 3, 0, 0, 0, 0, 3, 2, 0, 3, 2], "predicted_labels": [1, 0, 0, 1, 3, 3, 0, 0, 3, 3, 3, 0, 2, 0, 0, 0, 0, 1, 1, 0, 3, 0, 3, 0, 3, 3, 2, 0, 3, 1, 0, 1, 2, 1, 3, 3, 0, 1, 0, 1, 1, 3, 3, 3, 1, 1, 1, 1, 3, 1, 0, 3, 3, 0, 0, 3, 1, 3, 2, 3, 2, 1, 3, 3, 1, 3, 1, 2, 3, 3, 3, 2, 3, 2, 2, 1, 1, 3, 0, 1, 3, 1, 0, 1, 1, 3, 3, 3, 2, 1, 3, 1, 0, 1, 3, 1, 3, 0, 3, 3, 3, 3, 3, 1, 3, 3, 3, 0, 0, 1, 0, 0, 1, 3, 1, 1, 0, 1, 3, 0, 3, 3, 3, 1, 0, 3, 0, 3, 3, 3, 0, 0, 3, 1, 0, 0, 3, 1, 1, 0, 0, 1], "confidence_scores": [[0.13422548560440292, 0.5012289861327612, 0.17831104909965123, 0.18623447916318472], [0.292078926358202, 0.2435737030662526, 0.17381821957916593, 0.29052915099637955], [0.2974532132937449, 0.27912870115317717, 0.22976661152567035, 0.19365147402740743], [0.20889998146608305, 0.3246270002917716, 0.2141064865397496, 0.2523665317023958], [0.2575758943717228, 0.1836228264221129, 0.24907440744475184, 0.3097268717614127], [0.14427972902193284, 0.2243941518039854, 0.1914455037626484, 0.4398806154114333], [0.32500022033154946, 0.2648428220610698, 0.21727488789475569, 0.19288206971262511], [0.5095863523944685, 0.23055822947552393, 0.1228947060112656, 0.13696071211874203], [0.3005246958488089, 0.19286839381934112, 0.10967342823584775, 0.39693348209600227], [0.1685452178090621, 0.1941298161735623, 0.1454570771122474, 0.4918678889051283], [0.18573085020244248, 0.24642570716845386, 0.15286259004485853, 0.41498085258424516], [0.3701735879290702, 0.2358843938989275, 0.16467941689087612, 0.2292626012811263], [0.13958777595554495, 0.17725664231346017, 0.49368649960494315, 0.18946908212605185], [0.36871877338640835, 0.24176816954649386, 0.17344844511822075, 0.2160646119488773], [0.3111730571636332, 0.2488306748371019, 0.2379762318390784, 0.20202003616018663], [0.5657963435468087, 0.12208941751816053, 0.07927455382935988, 0.2328396851056709], [0.36386076105660037, 0.23048009592280472, 0.19930466019043983, 0.20635448283015506], [0.27789913368619823, 0.3059107897247872, 0.14003343898002377, 0.27615663760899095], [0.17179616280564677, 0.5204281516716771, 0.12113182463506328, 0.18664386088761278], [0.4350916393559205, 0.1643317836404771, 0.212249961443327, 0.1883266155602754], [0.2318686969113461, 0.2617691662166494, 0.2432893689377362, 0.26307276793426837], [0.5511249384857686, 0.22603766822385307, 0.07996620502741161, 0.14287118826296671], [0.25028411573953424, 0.2742825334112571, 0.11569569110996905, 0.3597376597392399], [0.3457160973823027, 0.23365691235287916, 0.20185565739578468, 0.21877133286903336], [0.2572066727682302, 0.311947544073994, 0.08835814923043998, 0.34248763392733567], [0.16904112762359785, 0.1487702239048369, 0.18809497871518044, 0.49409366975638497], [0.23019922836071474, 0.21347754162704616, 0.3764803173691539, 0.17984291264308522], [0.3288365878864398, 0.2526324848579218, 0.13610337738885855, 0.28242754986677987], [0.16938142543133777, 0.22258512595348073, 0.08724725085796728, 0.5207861977572142], [0.24268553115328542, 0.3115879530286651, 0.1707958028348291, 0.27493071298322047], [0.4178678287070749, 0.17492797807351776, 0.1855316079752289, 0.22167258524417854], [0.314675516040614, 0.3344533255707575, 0.13102698865303045, 0.2198441697355981], [0.13445467941039457, 0.15958828595769245, 0.3764069109141896, 0.3295501237177235], [0.15502064267157997, 0.4374020938177587, 0.13903515273466535, 0.268542110775996], [0.22132698973270046, 0.20898394354091004, 0.12935205630371066, 0.44033701042267887], [0.1685273720262173, 0.28341412097361096, 0.2487989712778456, 0.29925953572232616], [0.3330661895408271, 0.18119356809206977, 0.17345376350234407, 0.31228647886475913], [0.27883679892139884, 0.3164932117798863, 0.1861227141614668, 0.21854727513724828], [0.29867305079536227, 0.25532043201764215, 0.2751049979366852, 0.1709015192503106], [0.15777929872494237, 0.33186435937177344, 0.2685066396360222, 0.241849702267262], [0.11789968855176453, 0.5242185658576571, 0.1311199399453598, 0.22676180564521856], [0.11799601600241026, 0.16287826322181273, 0.15537871408519285, 0.5637470066905842], [0.27495098433183784, 0.24898418969829061, 0.1646064301450016, 0.3114583958248701], [0.19831774522237275, 0.2445226708911015, 0.2091547286278064, 0.3480048552587194], [0.15995725309693734, 0.4457415594155983, 0.10388967983322347, 0.2904115076542409], [0.09880242052374635, 0.42757003437668306, 0.1526583682909105, 0.32096917680866005], [0.22561501202286782, 0.3257830632928615, 0.1559512074709972, 0.2926507172132735], [0.16171258951709144, 0.6247610378411445, 0.09965363536671674, 0.11387273727504751], [0.30144910845291023, 0.17858155334021916, 0.15794541346384824, 0.3620239247430225], [0.21199296942788448, 0.42069047369236556, 0.14596798105615888, 0.2213485758235911], [0.34801119530161195, 0.2521418420515519, 0.2314627954461171, 0.1683841672007191], [0.19686639691348243, 0.21216569452437958, 0.0878008095505299, 0.5031670990116082], [0.2012034922627564, 0.2782425204764096, 0.1912766969946366, 0.32927729026619745], [0.3647651933639484, 0.22656446067932576, 0.28015022301247006, 0.1285201229442559], [0.3486931164995173, 0.2723070900877141, 0.2193703176953314, 0.1596294757174371], [0.29707472075278263, 0.12230459954109639, 0.22835358243225834, 0.3522670972738628], [0.1802853241465661, 0.5775705598004893, 0.06085133950643187, 0.1812927765465128], [0.2563135904564342, 0.2835885354207983, 0.06930648509316116, 0.3907913890296064], [0.12176347894620873, 0.17472439158590788, 0.5919981620424505, 0.11151396742543274], [0.13199523753610432, 0.31507292616984317, 0.1689376890752866, 0.383994147218766], [0.2350733148737797, 0.26160768970573506, 0.38518827989059906, 0.11813071552988627], [0.21498579045222657, 0.5225237827050757, 0.0634257883846575, 0.19906463845804026], [0.2951157472076975, 0.2150329238841137, 0.1660637795642105, 0.32378754934397835], [0.162906629329389, 0.28968303092771613, 0.22459104872562685, 0.32281929101726814], [0.2776038697700934, 0.3547995960316332, 0.16680122853246934, 0.20079530566580403], [0.2940193762777305, 0.27499387825735344, 0.09816406910164675, 0.3328226763632693], [0.12719831627514233, 0.4490955984186756, 0.15470161779570094, 0.269004467510481], [0.247451789988777, 0.25699383251307645, 0.3007490143793122, 0.1948053631188343], [0.14137559629964438, 0.22345422071237853, 0.27679206042058563, 0.3583781225673915], [0.13554291473855307, 0.2661915788183708, 0.2229118215308149, 0.37535368491226123], [0.2734835822077883, 0.2754476608507683, 0.15813221521402904, 0.29293654172741446], [0.10114698810320692, 0.1494218838704158, 0.5593488639676069, 0.1900822640587705], [0.2686906818612461, 0.22468526808625025, 0.07299706207339386, 0.4336269879791098], [0.19024571364886406, 0.1629901289807848, 0.5209754662695606, 0.12578869110079055], [0.2753082250045601, 0.171419526497587, 0.2843589820158081, 0.2689132664820447], [0.12702729436400798, 0.3590175908508166, 0.30801815824077355, 0.20593695654440192], [0.10943358316878708, 0.3585071584599125, 0.19330109524073052, 0.3387581631305701], [0.15983479580615695, 0.2520320173134233, 0.21496925570442085, 0.373163931175999], [0.29494267765385845, 0.2561781301918444, 0.17981618565519372, 0.26906300649910353], [0.15856548243151428, 0.4389114732717988, 0.15280582646944016, 0.24971721782724687], [0.15509540853192524, 0.31365870803093676, 0.18272871781831096, 0.3485171656188269], [0.18768167477990272, 0.32820776766576887, 0.18459179579234963, 0.2995187617619788], [0.35056726421061524, 0.2607415214577366, 0.10215972012430327, 0.286531494207345], [0.18361999814631697, 0.4637270211945282, 0.13817206237172, 0.21448091828743493], [0.12492156840629995, 0.40981940242449133, 0.08513503268024476, 0.38012399648896417], [0.1587280096434532, 0.25357115417518494, 0.25429796732011284, 0.3334028688612491], [0.13665716175849185, 0.21591199978034417, 0.2320115304347113, 0.4154193080264527], [0.12739801238292264, 0.2956093833547556, 0.2808824570457263, 0.29611014721659557], [0.20645877207640181, 0.13861338298713122, 0.37091458876152933, 0.28401325617493767], [0.1933650174020908, 0.40487894396792007, 0.0984493120027659, 0.3033067266272231], [0.2947268432166659, 0.28386889362266393, 0.0838717933066776, 0.3375324698539926], [0.3359501974218969, 0.4526938606526862, 0.06180569804853337, 0.14955024387688343], [0.38679265776630173, 0.30588162456830326, 0.1419161861623876, 0.16540953150300733], [0.2207488781370779, 0.3522983490072306, 0.21521123859401028, 0.2117415342616814], [0.1579504326792768, 0.19232512771150376, 0.14693210640315893, 0.5027923332060605], [0.044564422110339674, 0.7734758977034472, 0.08774810260741055, 0.09421157757880251], [0.1917099272233227, 0.34076243283434177, 0.08168592917360532, 0.38584171076873025], [0.34240523291588426, 0.2827535855532226, 0.18583525644301307, 0.18900592508788003], [0.21014035665749203, 0.22976261948815366, 0.21628850058255988, 0.34380852327179456], [0.2779838918705707, 0.2640109858470147, 0.11091708192449728, 0.3470880403579173], [0.2764609082357843, 0.25961026717718716, 0.09986870087182695, 0.36406012371520186], [0.22824401295686744, 0.21842741393784854, 0.17002710386132433, 0.38330146924395975], [0.2571792591391999, 0.1956785883175186, 0.19439523251445062, 0.352746920028831], [0.22375615035463942, 0.36252138541474166, 0.10897328713328595, 0.3047491770973332], [0.1289663107723088, 0.15337089088165748, 0.24462690010211224, 0.4730358982439216], [0.3190955510278383, 0.14561972871733941, 0.18857061483767987, 0.3467141054171425], [0.29992317245033784, 0.18013670210163002, 0.09663471982906698, 0.42330540561896507], [0.50556933012599, 0.18393730878149275, 0.09080275512321039, 0.21969060596930684], [0.34917771211292076, 0.2482932025837807, 0.1243952487180727, 0.2781338365852256], [0.3167398362097984, 0.39613914058500466, 0.05792216149924199, 0.2291988617059549], [0.3364264889191424, 0.2123221472473287, 0.16886291294462735, 0.2823884508889017], [0.36200504960619345, 0.2629881819723725, 0.11294619461691678, 0.26206057380451725], [0.15583370261537197, 0.4098541247994504, 0.12335974736454683, 0.31095242522063077], [0.18823686863909478, 0.1761307112625098, 0.060925081687609725, 0.5747073384107857], [0.19068070163821318, 0.4733614279750121, 0.11311451138410417, 0.22284335900267063], [0.21851191386327323, 0.409103542717301, 0.14297587301591838, 0.2294086704035075], [0.3761735843703384, 0.19507076724969152, 0.2747913294161135, 0.15396431896385676], [0.24494980857117576, 0.3622648888721481, 0.13924096083750662, 0.25354434171916956], [0.14446416489533956, 0.3187627108433882, 0.1165009840321632, 0.420272140229109], [0.5748856193022269, 0.15671351411192136, 0.10064808262686552, 0.16775278395898613], [0.18514334821938566, 0.2647941516378312, 0.12498589731149637, 0.4250766028312869], [0.16111630631555043, 0.30371532128953016, 0.09097427038485828, 0.44419410201006104], [0.2141012453835471, 0.30867406948365933, 0.07173090702820843, 0.4054937781045851], [0.15697199196625822, 0.4672443049018956, 0.16805138695447697, 0.20773231617736923], [0.28928395688090425, 0.21046577623510668, 0.21410441089878493, 0.28614585598520387], [0.23726198504513316, 0.2466333911854727, 0.15805188612486235, 0.3580527376445319], [0.4427125359126912, 0.12578452425746334, 0.08237111526276984, 0.3491318245670755], [0.16619153262342207, 0.13129205532715468, 0.19275832839818785, 0.5097580836512354], [0.34430903298574345, 0.16257679707077494, 0.10059295012941262, 0.3925212198140691], [0.2784683007986866, 0.27953545407928, 0.11946236379108342, 0.3225338813309502], [0.4892774396750055, 0.2063243630777547, 0.10319198313369168, 0.20120621411354825], [0.36133133700520664, 0.324045429505539, 0.08815870273529697, 0.22646453075395745], [0.1254342622219785, 0.352586770421458, 0.08157315272758489, 0.4404058146289787], [0.32740372204910617, 0.3937785829695449, 0.08323462421465637, 0.1955830707666927], [0.3941215951917616, 0.12343605891502897, 0.146107562115949, 0.33633478377726045], [0.3466280919567145, 0.21239388021999464, 0.2099330683773543, 0.23104495944593656], [0.3185434007938308, 0.14627358806045995, 0.08513579874834026, 0.450047212397369], [0.2708971319502971, 0.369818496307499, 0.08586885920278049, 0.2734155125394236], [0.24132030452393682, 0.28803981565128456, 0.22011654415730422, 0.25052333566747437], [0.3587985871563234, 0.30386961707126525, 0.13596530397723572, 0.2013664917951757], [0.4056804326420875, 0.21960096182460923, 0.11537617247214377, 0.2593424330611595], [0.2271756750033522, 0.34657077054123464, 0.21552339137360016, 0.21073016308181294]]}}