{"test": {"ids": ["109113591", "106117790", "105115720", "113117401", "99120010", "102116340", "107118120", "110120640", "113119450", "97105580", "110121140", "108114360", "97116790", "101108080", "98116090", "104116800", "105121370", "99108520", "108119510", "113122320", "99108890", "110117870", "108113620", "97111790", "100108580", "109114720", "105119550", "104114320", "111114941", "105117351", "105113190", "108114180", "112121010", "109119450", "106116850", "99109370", "109117600", "99111340", "108121410", "104116980", "106113190", "106120290", "110118810", "97113900", "105115900", "102118380", "112117780", "106113170", "112119320", "105116501", "111116110", "112117461", "109118231", "99107640", "112118820", "100111080", "102110050", "111119250", "108116481", "104112470", "97114170", "105120280", "98120530", "111119930", "100108080", "108113760", "109118161", "111121351", "113118620", "104117200", "103120290", "102110850", "111116411", "108115970", "110118701", "102112250", "102117351", "107115140", "113121220", "108114040", "103120340", "106114321", "109117431", "106114880", "101111310", "102113350", "101119591", "110121170", "110118301", "106121190", "111116990", "103110220", "112119580", "99111620", "99112840", "111114171", "111116040", "108117610", "97107040", "112119980", "113120751", "113122510", "112118550", "113119950", "109118820", "110115580", "99117630", "112116800", "107113170", "97107260", "104113000", "111120540", "111120531", "104113550", "112118161", "111121190", "113119480", "113119700", "112120630", "97109080", "113118231", "97106000", "110117140", "110118930", "106112770", "107113840", "113120601", "99108080", "107119130", "98111860", "113120070", "98116500", "111118910", "98108970", "100116790", "104110960", "101112690", "111116090", "101111620", "107117010", "110116290", "110121720"], "labels": [3, 1, 1, 3, 2, 3, 3, 0, 3, 1, 3, 1, 2, 0, 0, 1, 2, 2, 1, 1, 0, 3, 3, 2, 0, 0, 1, 2, 0, 0, 3, 1, 2, 3, 3, 1, 1, 1, 0, 1, 0, 2, 1, 2, 3, 1, 0, 0, 1, 1, 3, 0, 1, 1, 0, 0, 3, 1, 0, 1, 2, 3, 1, 1, 0, 1, 0, 0, 3, 3, 2, 3, 0, 2, 3, 0, 1, 0, 3, 0, 1, 2, 1, 0, 3, 3, 0, 2, 1, 2, 0, 2, 3, 3, 2, 3, 0, 3, 2, 0, 1, 2, 3, 0, 3, 1, 3, 0, 0, 2, 1, 1, 0, 1, 0, 1, 3, 0, 3, 2, 3, 0, 3, 1, 1, 3, 2, 3, 1, 0, 2, 2, 0, 3, 2, 2, 1, 3, 3, 1, 2, 3], "predicted_labels": [1, 3, 1, 3, 3, 2, 3, 1, 3, 0, 1, 3, 0, 1, 0, 1, 3, 2, 3, 1, 1, 0, 2, 0, 0, 2, 0, 0, 0, 3, 3, 3, 0, 1, 2, 3, 1, 1, 3, 2, 3, 1, 3, 2, 3, 2, 0, 1, 3, 3, 3, 3, 1, 2, 2, 0, 1, 1, 0, 3, 1, 1, 1, 0, 0, 3, 3, 3, 3, 1, 1, 1, 0, 1, 3, 3, 0, 3, 3, 3, 3, 3, 1, 1, 1, 3, 3, 3, 1, 1, 3, 3, 3, 1, 1, 1, 3, 3, 1, 3, 3, 2, 3, 1, 3, 2, 1, 3, 3, 3, 3, 1, 3, 3, 0, 3, 0, 0, 3, 3, 0, 3, 3, 1, 0, 1, 1, 1, 1, 2, 0, 0, 1, 1, 0, 1, 3, 1, 1, 3, 0, 1], "confidence_scores": [[0.0838406327002201, 0.6239509992846934, 0.0753377818808103, 0.21687058613427634], [0.19839846702255473, 0.25094650669789725, 0.25568880260462584, 0.29496622367492215], [0.12237453772830062, 0.5368684022843717, 0.07181353567270832, 0.2689435243146195], [0.2292130169132504, 0.2932831492353012, 0.0927233923307766, 0.384780441520672], [0.10775613530185285, 0.21751403723206067, 0.1552506578743128, 0.5194791695917738], [0.17085024486532477, 0.18995554322521224, 0.520081984848367, 0.1191122270610961], [0.25292184842516335, 0.21651937629734885, 0.22846683290479047, 0.3020919423726973], [0.16470005671252133, 0.43432048199293366, 0.21781290866433956, 0.18316655263020543], [0.33572558781166406, 0.16605049850536185, 0.0770260833457053, 0.42119783033726876], [0.28614516658405215, 0.26131217274798396, 0.17046351698530152, 0.2820791436826623], [0.3837689191603343, 0.39174145342170824, 0.10249744136720491, 0.12199218605075249], [0.16626924891598913, 0.33155718070898127, 0.1075071317046566, 0.39466643867037304], [0.45191459005411816, 0.2511298273218997, 0.14177318459078417, 0.1551823980331981], [0.10908308883997103, 0.5729989810804703, 0.08352684459597336, 0.2343910854835852], [0.40442555435821376, 0.2150571990627883, 0.14537980851813107, 0.23513743806086695], [0.21666712620959913, 0.33767500760913693, 0.12854954525291534, 0.3171083209283486], [0.07336653180691706, 0.28171278426399327, 0.11617390633229771, 0.5287467775967919], [0.16824203166958648, 0.1276143836997702, 0.5142925057585928, 0.1898510788720506], [0.2913312535992251, 0.24758285154299756, 0.15808968969909726, 0.3029962051586799], [0.25672195407397813, 0.32246543561512087, 0.14484391761220952, 0.27596869269869156], [0.1872395673384411, 0.5128541968088165, 0.0887967313364849, 0.2111095045162576], [0.4272367969791863, 0.21098819572242836, 0.19254899110153023, 0.169226016196855], [0.1260917305249064, 0.3019807690956501, 0.3439240048626755, 0.22800349551676782], [0.2699953331975155, 0.21215364617316168, 0.2546723748918552, 0.26317864573746763], [0.2767736837763892, 0.20404467150254046, 0.26827763126391807, 0.2509040134571522], [0.18037141245164695, 0.20132519265465695, 0.387022671685756, 0.23128072320794005], [0.5576384963634433, 0.14429828392491487, 0.17040564896035795, 0.12765757075128406], [0.5306337077610572, 0.2152413733981986, 0.13386188269793253, 0.12026303614281182], [0.303031976026595, 0.29534846318470453, 0.11968881735987122, 0.28193074342882923], [0.22514998976424497, 0.25593439020014064, 0.1073118110098346, 0.4116038090257798], [0.20704875463721212, 0.30013462510858985, 0.1893331350077003, 0.3034834852464979], [0.11070371883018339, 0.3355968518855819, 0.11040672361357988, 0.4432927056706547], [0.3176111336418081, 0.23874403067875072, 0.1565909238829096, 0.28705391179653156], [0.15059534609123681, 0.47899573627206754, 0.0986798400429806, 0.2717290775937151], [0.15814383890561703, 0.13947006463113587, 0.45719493136397443, 0.24519116509927266], [0.25586228487836093, 0.23211201442583804, 0.14382962163920737, 0.36819607905659385], [0.3189347336494777, 0.3435862792618566, 0.1421022986477579, 0.19537668844090772], [0.13924610945613852, 0.38469051185073305, 0.22625860047338303, 0.24980477821974548], [0.2319339093979604, 0.2801006950289368, 0.15888142695420956, 0.3290839686188934], [0.1921148035123999, 0.16629646786508998, 0.5100002673012439, 0.13158846132126623], [0.29013368320163185, 0.26250384771063784, 0.10803512709063061, 0.33932734199709963], [0.18848398255671672, 0.3634865377163003, 0.2141750353558921, 0.23385444437109099], [0.2748767294094553, 0.2122678409782674, 0.17673571601166901, 0.33611971360060816], [0.15090590641536025, 0.20191167705552768, 0.4279964792411091, 0.21918593728800304], [0.17180824197097777, 0.2648601163067077, 0.1429409694198057, 0.420390672302509], [0.15933264442659698, 0.20118485023656282, 0.3768355798685622, 0.26264692546827806], [0.6472483822296281, 0.09737726475063481, 0.045107505777354895, 0.21026684724238218], [0.12645175847604048, 0.3996172999001845, 0.1302907576016205, 0.3436401840221545], [0.08504630773235596, 0.2073119686506329, 0.1755183225903466, 0.5321234010266646], [0.1800866464809384, 0.29687645312430816, 0.11002051881091796, 0.41301638158383547], [0.28989861747908074, 0.12696326881319683, 0.15777268988312884, 0.42536542382459364], [0.1811743735118313, 0.0916484490052222, 0.09479531087371255, 0.632381866609234], [0.13881134174106557, 0.3954422142507234, 0.3154592092168784, 0.15028723479133263], [0.1185198028885385, 0.17874714841672218, 0.5802005492110542, 0.12253249948368514], [0.18240793535620106, 0.2675531915920869, 0.3864074221697183, 0.16363145088199385], [0.27508547440663556, 0.2515605391425038, 0.2125177364893873, 0.26083624996147337], [0.2800232683452191, 0.32198904221366303, 0.11787379122228284, 0.2801138982188351], [0.22652959714043608, 0.3458490594025514, 0.21341933358900841, 0.21420200986800414], [0.43578012178730036, 0.12939967777286338, 0.1526589060346561, 0.28216129440518], [0.2906395454292752, 0.20022263754291317, 0.103034292268957, 0.40610352475885464], [0.11428079880499048, 0.6084836807835282, 0.09597864808895777, 0.1812568723225235], [0.10370930017980724, 0.5143986629544776, 0.10227908956785947, 0.2796129472978558], [0.2256013170009385, 0.356826087201392, 0.11629012784115204, 0.3012824679565177], [0.3446433873554896, 0.13535131045224047, 0.2926131728793031, 0.22739212931296668], [0.3223589765109589, 0.28191046549994114, 0.22791785656148725, 0.16781270142761257], [0.16790715108679097, 0.26018697500392357, 0.24338991333399673, 0.3285159605752888], [0.20712814586279651, 0.2098800126856313, 0.08020241768501295, 0.5027894237665593], [0.20013621249912045, 0.3142401212633985, 0.14150755536957704, 0.3441161108679041], [0.09933148761380839, 0.28877206927825194, 0.24142688642178264, 0.37046955668615705], [0.18875494489148428, 0.36556044806429144, 0.23815294144454016, 0.2075316655996842], [0.17207614939293786, 0.35885617230145034, 0.2871038305779188, 0.18196384772769317], [0.10463358783920367, 0.36783958348984924, 0.2921745259196813, 0.23535230275126598], [0.4506933657895664, 0.15908907362440755, 0.08561338665214675, 0.30460417393387934], [0.28287353014139827, 0.3687729890171697, 0.1291898125030523, 0.2191636683383798], [0.1674811268260207, 0.11401094095888954, 0.3291914045686924, 0.38931652764639757], [0.1233239777566611, 0.14728942099160156, 0.11786197010706682, 0.6115246311446705], [0.49934516245941346, 0.18242490107537052, 0.06791960393276121, 0.2503103325324548], [0.13522966454851634, 0.12344618102564156, 0.0840194853028252, 0.6573046691230169], [0.13007416395464122, 0.14187724972040386, 0.03489730913189963, 0.6931512771930552], [0.10006882794293434, 0.32843752745296495, 0.14473360521974935, 0.4267600393843514], [0.1538583069233146, 0.1810395409807043, 0.26810990214562486, 0.39699224995035626], [0.2340355913097609, 0.23756820289079983, 0.13540862686533, 0.3929875789341094], [0.14906774052514313, 0.497809341089872, 0.19931679290913726, 0.15380612547584774], [0.21656190994593155, 0.367757529480436, 0.23781969133513822, 0.17786086923849417], [0.14805426408340894, 0.47541680999650276, 0.12835735224264036, 0.24817157367744797], [0.1790354449216779, 0.22010638029353133, 0.292440049082548, 0.3084181257022426], [0.2383547754369051, 0.2599589310314004, 0.17025434075805868, 0.3314319527736358], [0.15331706058762895, 0.27952939540398875, 0.1720246195740106, 0.39512892443437164], [0.2421088978642325, 0.3955222684424177, 0.09958272162240434, 0.26278611207094527], [0.07638968780557005, 0.564238943550751, 0.24858442640121756, 0.11078694224246138], [0.2315858149591242, 0.1645116617443371, 0.07687791233664708, 0.5270246109598915], [0.10467668584957085, 0.18763169712536112, 0.26852430473305317, 0.4391673122920148], [0.08439190843601783, 0.053390534584093215, 0.05382729305149209, 0.8083902639283969], [0.17684927196273748, 0.390793216762415, 0.24692318274556896, 0.1854343285292785], [0.14243333354431797, 0.44654483312518395, 0.25000960407650585, 0.1610122292539921], [0.17072021294059944, 0.44765831560056946, 0.03450001929886143, 0.3471214521599695], [0.24871271344901122, 0.2254772620236725, 0.22236340341631125, 0.30344662111100507], [0.09842099969648087, 0.10982849771902187, 0.07663954396188537, 0.715110958622612], [0.20573785846928003, 0.32961778268357067, 0.16431624008699047, 0.3003281187601587], [0.13237650609125584, 0.15659351220748324, 0.09292014164484345, 0.6181098400564174], [0.1364901991141067, 0.12562055781186335, 0.29774155182852274, 0.44014769124550734], [0.24839406531892266, 0.23422958464762025, 0.2703249803601365, 0.24705136967332067], [0.35868945139277814, 0.12492605954473576, 0.14144087677870637, 0.3749436122837799], [0.21472166166631662, 0.33838004243000475, 0.16655968532466991, 0.2803386105790087], [0.152873882234241, 0.3415318796995765, 0.1358325999124431, 0.36976163815373936], [0.1560020819110025, 0.17604653486146896, 0.4058779264116071, 0.26207345681592165], [0.2845541094640348, 0.34590111851328625, 0.11542735268924921, 0.25411741933342985], [0.2418788405578146, 0.23294909945568829, 0.2609525457818457, 0.26421951420465134], [0.15177677563058944, 0.21285755936820558, 0.23954862635114937, 0.3958170386500555], [0.13154525632254085, 0.2514491250504818, 0.2899859566413358, 0.32701966198564153], [0.14634601434438338, 0.23243971965706045, 0.10692781368388629, 0.5142864523146699], [0.2425680449660832, 0.35266210333856474, 0.12900556888382536, 0.2757642828115269], [0.2024604015999949, 0.1684998821688932, 0.2162183159605199, 0.41282140027059205], [0.2651943121212701, 0.18913644786500408, 0.18919401218762352, 0.3564752278261025], [0.2954961057400764, 0.2933309746863706, 0.15568908638765538, 0.2554838331858976], [0.2072007355798039, 0.21221576863859953, 0.13666431697841755, 0.443919178803179], [0.3214939215974599, 0.20855059159608086, 0.18538915114599153, 0.2845663356604678], [0.35213967106490507, 0.35163814508207925, 0.157272067276934, 0.13895011657608183], [0.05863796823896324, 0.12250705427681526, 0.3580955362081616, 0.46075944127606], [0.1946744063813158, 0.2738780071607275, 0.11382226203873044, 0.41762532441922623], [0.4598856811797545, 0.20537865634037414, 0.06605739884120813, 0.2686782636386632], [0.14814835692519004, 0.11431583695895049, 0.30458324511738566, 0.43295256099847373], [0.24169671490741165, 0.2166474648074382, 0.2463190661079656, 0.29533675417718463], [0.2724199406677489, 0.3370759395445341, 0.16586216606891171, 0.22464195371880516], [0.32061084003039875, 0.1908696244230987, 0.1953186543634199, 0.2932008811830826], [0.3174876242615293, 0.3408145735873524, 0.18511947120238642, 0.15657833094873178], [0.2482103279650048, 0.43350284858365734, 0.13934892651874692, 0.1789378969325909], [0.106382405199213, 0.5066792728062272, 0.2479302210328105, 0.13900810096174945], [0.10433084410136302, 0.6681021029406741, 0.0474782515068413, 0.18008880145112158], [0.2815423201079918, 0.23728431499684036, 0.28880503037692734, 0.19236833451824042], [0.6824434530037251, 0.1539920245513855, 0.06584216864517091, 0.09772235379971832], [0.34300982045501943, 0.25806009041576855, 0.16984809387536115, 0.22908199525385078], [0.25516033739267485, 0.3233140993095818, 0.20097547791308143, 0.2205500853846619], [0.22081783424584628, 0.41089467856307876, 0.20041509433864305, 0.167872392852432], [0.5767184131862073, 0.21366487107962642, 0.09823170231012862, 0.11138501342403756], [0.30166374021948084, 0.33366638585483355, 0.16579056099534167, 0.19887931293034386], [0.18598426235918944, 0.2751663674285398, 0.13632131886636217, 0.40252805134590874], [0.27966430281363047, 0.4102530392720363, 0.12062957843014219, 0.18945307948419107], [0.2577637090752816, 0.29148422563245663, 0.23397959240512, 0.21677247288714183], [0.1456957868176163, 0.16769897598537445, 0.1887919421466234, 0.49781329505038596], [0.3648976524934184, 0.17291999162610175, 0.24193445805345792, 0.22024789782702198], [0.12477896631464756, 0.5340842359278957, 0.11488265652074431, 0.22625414123671253]]}, "rewritten": {"ids": ["97105580", "97106000", "97107040", "97107260", "97109080", "97111790", "97113900", "97114170", "97116790", "98108970", "98111860", "98116090", "98116500", "98120530", "99107640", "99108080", "99108520", "99108890", "99109370", "99111340", "99111620", "99112840", "99117630", "99120010", "100108080", "100108580", "100111080", "100116790", "101108080", "101111310", "101111620", "101112690", "101119591", "102110050", "102110850", "102112250", "102113350", "102116340", "102117351", "102118380", "103110220", "103120290", "103120340", "104110960", "104112470", "104113000", "104113550", "104114320", "104116800", "104116980", "104117200", "105113190", "105115720", "105115900", "105116501", "105117351", "105119550", "105120280", "105121370", "106112770", "106113170", "106113190", "106114321", "106114880", "106116850", "106117790", "106120290", "106121190", "107113170", "107113840", "107115140", "107117010", "107118120", "107119130", "108113620", "108113760", "108114040", "108114180", "108114360", "108115970", "108116481", "108117610", "108119510", "108121410", "109113591", "109114720", "109117431", "109117600", "109118161", "109118231", "109118820", "109119450", "110115580", "110116290", "110117140", "110117870", "110118301", "110118701", "110118810", "110118930", "110120640", "110121140", "110121170", "110121720", "111114171", "111114941", "111116040", "111116090", "111116110", "111116411", "111116990", "111118910", "111119250", "111119930", "111120531", "111120540", "111121190", "111121351", "112116800", "112117461", "112117780", "112118161", "112118550", "112118820", "112119320", "112119580", "112119980", "112120630", "112121010", "113117401", "113118231", "113118620", "113119450", "113119480", "113119700", "113119950", "113120070", "113120601", "113120751", "113121220", "113122320", "113122510"], "labels": [1, 0, 2, 2, 2, 2, 2, 2, 2, 3, 0, 0, 2, 1, 1, 3, 2, 0, 1, 1, 3, 2, 3, 2, 0, 0, 0, 2, 0, 3, 3, 1, 0, 3, 3, 0, 3, 3, 1, 1, 2, 2, 1, 2, 1, 1, 1, 2, 1, 1, 3, 3, 1, 3, 1, 0, 1, 3, 2, 1, 0, 0, 2, 0, 3, 1, 2, 2, 0, 3, 0, 1, 3, 1, 3, 1, 0, 1, 1, 2, 0, 3, 1, 0, 3, 0, 1, 1, 0, 1, 3, 3, 1, 2, 3, 3, 1, 3, 1, 1, 0, 3, 2, 3, 3, 0, 0, 3, 3, 0, 0, 0, 1, 1, 0, 1, 1, 0, 0, 0, 0, 0, 3, 0, 1, 3, 0, 3, 2, 3, 3, 3, 3, 3, 0, 0, 2, 2, 1, 3, 1, 2], "predicted_labels": [1, 3, 1, 2, 3, 3, 3, 3, 0, 1, 2, 0, 1, 1, 1, 1, 2, 1, 3, 1, 1, 1, 0, 3, 1, 1, 1, 1, 1, 1, 0, 0, 3, 3, 1, 3, 0, 2, 3, 1, 3, 1, 1, 1, 3, 3, 0, 0, 1, 1, 1, 2, 1, 3, 3, 1, 2, 1, 1, 3, 0, 3, 0, 1, 0, 1, 3, 1, 3, 1, 3, 3, 0, 1, 3, 2, 1, 3, 0, 0, 2, 3, 1, 1, 1, 1, 0, 0, 3, 1, 1, 3, 0, 0, 3, 1, 0, 1, 3, 3, 3, 1, 3, 1, 3, 1, 1, 1, 0, 0, 1, 0, 0, 3, 1, 3, 0, 3, 3, 3, 0, 0, 0, 2, 1, 3, 3, 3, 1, 3, 3, 3, 0, 1, 1, 0, 0, 0, 3, 1, 3, 1], "confidence_scores": [[0.24109267847866359, 0.3246865839342671, 0.15908395071127562, 0.27513678687579385], [0.15081886278040407, 0.2156102750592847, 0.15831056209441569, 0.4752603000658954], [0.2982084172045015, 0.3459678780418874, 0.12390106880865157, 0.23192263594495957], [0.08604278460230802, 0.24198237545383824, 0.4997886479301154, 0.17218619201373844], [0.248484778353228, 0.24627606204690994, 0.1905405282273377, 0.31469863137252446], [0.19654726052834245, 0.24286077184251004, 0.19003904691188178, 0.3705529207172659], [0.16919250852342566, 0.27761481724592346, 0.17438780132513318, 0.3788048729055179], [0.1861352492526226, 0.19084874166993926, 0.1567309312792538, 0.4662850777981844], [0.46279963643472327, 0.36435641134619917, 0.06726790376482648, 0.10557604845425116], [0.3372352344871461, 0.4044801141495385, 0.13004829097280085, 0.12823636039051453], [0.263912671250571, 0.20149805390743097, 0.3440034572977577, 0.19058581754424017], [0.3790189717166846, 0.1456181662802023, 0.1940578671153758, 0.28130499488773725], [0.17675498516943355, 0.4608589068084763, 0.18825709728611262, 0.17412901073597747], [0.16104884425107815, 0.380482334585534, 0.09717208957749468, 0.36129673158589326], [0.12649343226070642, 0.3368791303740843, 0.30615669544743235, 0.23047074191777686], [0.17975372159126268, 0.5323441340622231, 0.17304747936460288, 0.11485466498191126], [0.3096959521706845, 0.11907742426182855, 0.43896577135951, 0.13226085220797704], [0.234599351284907, 0.4782021650981599, 0.12237180807441767, 0.16482667554251557], [0.30065479492536973, 0.23303374192387294, 0.15494778475840226, 0.3113636783923551], [0.12276009746595944, 0.4287050307478841, 0.18077054305081797, 0.26776432873533845], [0.1507865105852199, 0.35912396168726646, 0.22062008016967175, 0.2694694475578418], [0.2520950151345529, 0.3464543134791826, 0.19937785137054204, 0.2020728200157225], [0.36111872470733847, 0.29026867729521094, 0.1442380167541722, 0.2043745812432784], [0.1943718643989372, 0.1362407426427387, 0.18189073733699543, 0.48749665562132893], [0.2351394198540157, 0.5428032908800179, 0.10369134628870745, 0.11836594297725901], [0.2570429653268729, 0.4181369039996553, 0.08025755532033327, 0.24456257535313858], [0.1746991465316359, 0.3380260667753814, 0.2875762957331479, 0.19969849095983486], [0.14286928015040087, 0.5333640334418649, 0.16038764221590548, 0.1633790441918286], [0.18949941286665212, 0.48219195420663213, 0.0922491467170961, 0.23605948620961986], [0.20376259516282483, 0.4063569108824169, 0.0938800898329751, 0.2960004041217833], [0.3576432686662171, 0.21559180977249628, 0.23490710456774072, 0.191857816993546], [0.37784962289500273, 0.22582701043260126, 0.1393754891435064, 0.2569478775288897], [0.23230165836780028, 0.24347291227444534, 0.17427890040243035, 0.34994652895532385], [0.18711725055209238, 0.2665396772199697, 0.12555474222152968, 0.4207883300064083], [0.15174867830227554, 0.4166233253165272, 0.27845584638575116, 0.15317214999544607], [0.10006535796695169, 0.17902862034687986, 0.09945226174321069, 0.6214537599429579], [0.42446342629408157, 0.20762593282358616, 0.16866969108934687, 0.19924094979298532], [0.21417372335938617, 0.2342174867746749, 0.3723032643260287, 0.17930552553991028], [0.3385173662143646, 0.08658170586328211, 0.10333701921228781, 0.4715639087100654], [0.13023263086441397, 0.3777592522908954, 0.36139449583502997, 0.13061362100966076], [0.09269141046201329, 0.28102843668028804, 0.30178527486538054, 0.3244948779923182], [0.20989253417203013, 0.3560513814625974, 0.20025822117293085, 0.2337978631924418], [0.15942364339455967, 0.4424168025245261, 0.18489098948613988, 0.2132685645947743], [0.24386603780967883, 0.40077586762240947, 0.1156605619154369, 0.23969753265247476], [0.3064174988987255, 0.1189752913899065, 0.2111595335983624, 0.36344767611300566], [0.19321891814426997, 0.20025849351989172, 0.11942308538397879, 0.48709950295185944], [0.3530289918196752, 0.20630736399304941, 0.12167081974651468, 0.3189928244407609], [0.4155736815288994, 0.27912189587731967, 0.10630056799178442, 0.1990038546019965], [0.10255996146378436, 0.46502426590799734, 0.18566873854010704, 0.24674703408811127], [0.17681522813029624, 0.31527996732742997, 0.2746983565784702, 0.2332064479638036], [0.2109322887433907, 0.3326009851276904, 0.140031338002538, 0.31643538812638106], [0.12795636277757463, 0.15776831233168645, 0.582631692152456, 0.13164363273828295], [0.12001521185220707, 0.530173847030653, 0.16296218501124135, 0.18684875610589874], [0.14961375887942288, 0.2602125959479518, 0.15819491028751353, 0.4319787348851118], [0.17324636989692682, 0.17101012071408814, 0.14055502643480552, 0.5151884829541794], [0.2786617090804984, 0.29804014033536275, 0.24371035224336413, 0.17958779834077487], [0.18146703288689883, 0.22196468964406466, 0.44789915501096317, 0.1486691224580734], [0.12130377344913827, 0.6708274988945551, 0.09163081674837655, 0.11623791090793018], [0.09962875117964497, 0.5003778132487608, 0.12016378016542237, 0.2798296554061719], [0.32736796549159797, 0.14653175131596796, 0.156352044731588, 0.3697482384608463], [0.4002568928931643, 0.16611125386135106, 0.11487047625377383, 0.31876137699171087], [0.19861699603950733, 0.21046777754737248, 0.05618706062614037, 0.5347281657869798], [0.42374296477901974, 0.23264042901182874, 0.11932911595822353, 0.22428749025092792], [0.22171666706711202, 0.44269229115644576, 0.16183066102776972, 0.17376038074867248], [0.738349782726413, 0.17370460016162612, 0.03887398584553395, 0.04907163126642706], [0.3049409793361326, 0.3968424988434919, 0.12608064974300784, 0.1721358720773677], [0.17447721720153384, 0.280481979540901, 0.1873329568996626, 0.3577078463579026], [0.12767113003364147, 0.35105606733237954, 0.1924798189719665, 0.3287929836620126], [0.19174256734473033, 0.2057561828043694, 0.17935324194194238, 0.42314800790895785], [0.17108268210550764, 0.4190836293708005, 0.1816214059530476, 0.22821228257064435], [0.195301360694129, 0.13149291147189163, 0.14381776746925953, 0.5293879603647197], [0.1917561469450593, 0.15917324253185997, 0.3115478952592907, 0.33752271526378985], [0.34449235133650713, 0.168609160411043, 0.2067514973194009, 0.2801469909330489], [0.2443662420225489, 0.4926350537851094, 0.045331052429778, 0.21766765176256372], [0.263925000397529, 0.21358156065923226, 0.19822710472926788, 0.32426633421397105], [0.13096606750391704, 0.22186465342375172, 0.33320584043822427, 0.313963438634107], [0.2830719741058378, 0.31323701542983284, 0.1317592105159649, 0.2719317999483646], [0.15997871896210097, 0.1258381799101854, 0.15726667146738668, 0.556916429660327], [0.31116205390257884, 0.3103284478270678, 0.12456827711212304, 0.25394122115823015], [0.3401304376297035, 0.2277845439122442, 0.1645261776006327, 0.2675588408574195], [0.24758613628628523, 0.18793325294220983, 0.28892265826800084, 0.2755579525035041], [0.14469503558220564, 0.08838253717375644, 0.12177659149078608, 0.6451458357532519], [0.2876507766609712, 0.47290770030882445, 0.09840642015418415, 0.14103510287602036], [0.18778163705204126, 0.38048691707924165, 0.18233252748640866, 0.24939891838230854], [0.11689004725312974, 0.6554972419558504, 0.0794605647022908, 0.14815214608872912], [0.11660558230845557, 0.34821495744717806, 0.22133454995109783, 0.3138449102932685], [0.3298010876226921, 0.20406676880686767, 0.2018909038215565, 0.2642412397488835], [0.3832527030346537, 0.18131468516864666, 0.20778009404827277, 0.22765251774842718], [0.28133508404188434, 0.17527988130485828, 0.07925768840315484, 0.4641273462501026], [0.13425626620259876, 0.4416099648695978, 0.23792478291655836, 0.18620898601124505], [0.11789645113791701, 0.5201646250709646, 0.13975859279845967, 0.22218033099265866], [0.07251346939952974, 0.15698354668986456, 0.19402721929187888, 0.5764757646187268], [0.4330367577539983, 0.19703973581926237, 0.1483914246641451, 0.2215320817625943], [0.33227434962494545, 0.14005603779676054, 0.22778275194306866, 0.2998868606352253], [0.2877129790810147, 0.17291765180506152, 0.2515117769971313, 0.2878575921167925], [0.2634655475576917, 0.3119456868419038, 0.22121118224768707, 0.20337758335271752], [0.4159114634442308, 0.2123730328394905, 0.11518868783823191, 0.2565268158780467], [0.23899619852230092, 0.32196680197537625, 0.13939881792492848, 0.2996381815773943], [0.20673097052783038, 0.17891670094879003, 0.22683810798577209, 0.38751422053760765], [0.214914443875324, 0.2928223521738747, 0.19504984030267447, 0.297213363648127], [0.17273777690594302, 0.1835715964597096, 0.21357121380712812, 0.4301194128272193], [0.23973559480520196, 0.3040043372679895, 0.20343126302503375, 0.25282880490177495], [0.12120346053393036, 0.18889323034282596, 0.22186808501655614, 0.46803522410668763], [0.11483332523766107, 0.5284863191504274, 0.14391339170660566, 0.2127669639053058], [0.13094594564788592, 0.1902019945260986, 0.09578340460837217, 0.5830686552176433], [0.35705146013712297, 0.37956378842183464, 0.09145579676491088, 0.17192895467613156], [0.28956262023842344, 0.3021491494871119, 0.1575557626274062, 0.2507324676470586], [0.26831625715981083, 0.46769267275632276, 0.08361287456511185, 0.18037819551875459], [0.346408850837398, 0.20067030896486426, 0.1381954314236605, 0.31472540877407723], [0.5458731019509312, 0.1435655046658966, 0.05990352073821963, 0.25065787264495265], [0.20901109385991323, 0.4682094824915534, 0.11774739178052639, 0.2050320318680071], [0.4038796677784408, 0.17814365350058986, 0.22147479805624218, 0.1965018806647272], [0.2986561294400611, 0.2951737008824877, 0.2591162350207377, 0.1470539346567136], [0.2502587457137998, 0.13944568845036653, 0.19866272803817048, 0.41163283779766313], [0.1806556429735813, 0.4353333249699132, 0.23753289226072272, 0.14647813979578278], [0.28284553636373116, 0.2922066821918646, 0.11914324798117337, 0.3058045334632309], [0.756665367463282, 0.07030618950080568, 0.03948405246219049, 0.13354439057372194], [0.19832108751852234, 0.2942877150917764, 0.12637323813624415, 0.3810179592534571], [0.28951486257931347, 0.18769539648170455, 0.19239824144403372, 0.3303914994949483], [0.3203867280376081, 0.13142436799727442, 0.13058293737002477, 0.41760596659509275], [0.5553426775206777, 0.09738144309460495, 0.0612361611709117, 0.28603971821380586], [0.4393123091345812, 0.37619417536791716, 0.05690573360700671, 0.12758778189049497], [0.36381859716195525, 0.1908213260579436, 0.09556131698600787, 0.34979875979409325], [0.20556078608084685, 0.2711612337135533, 0.3130671033408243, 0.21021087686477558], [0.11637441663674401, 0.5741236876268005, 0.06991696012476468, 0.23958493561169067], [0.07201545470214017, 0.072812998970056, 0.10759700635359, 0.7475745399742139], [0.248170669480388, 0.2328523181793994, 0.09887639500866609, 0.42010061733154663], [0.07811555431974518, 0.2471869138301628, 0.16455588360366283, 0.5101416482464292], [0.24213992535022985, 0.33005732106317576, 0.12592440451952283, 0.3018783490670714], [0.245936658124507, 0.2751225972323423, 0.14702590297854462, 0.3319148416646061], [0.1656702949153489, 0.32467534114280694, 0.07140227560357895, 0.43825208833826523], [0.2448672649797495, 0.2430145403670685, 0.20689052375361325, 0.3052276708995689], [0.5235066604276168, 0.1631556799885905, 0.0906773811124583, 0.2226602784713344], [0.2583508935265651, 0.2867128551792604, 0.20495122982956201, 0.2499850214646126], [0.20069912933747266, 0.5153990806171944, 0.16054198974525735, 0.12335980030007569], [0.5384912001352704, 0.11838984976609344, 0.09429420996604422, 0.24882474013259204], [0.5932126672314605, 0.15078340731307088, 0.06357362750076444, 0.19243029795470423], [0.3857704150198178, 0.29680039547715886, 0.18107923812507032, 0.13634995137795305], [0.15481941709675429, 0.21179370383285162, 0.24624096854792354, 0.38714591052247055], [0.12593945262895925, 0.5238080617052201, 0.08540280219059947, 0.2648496834752211], [0.14375097561192454, 0.3167536242150172, 0.10813028906169368, 0.4313651111113645], [0.19242322812756643, 0.30530673230568844, 0.20897252685031975, 0.29329751271642535]]}}