{"test": {"ids": ["108113620", "103109791", "103120340", "112116290", "102110050", "112120670", "112118890", "98107410", "109120540", "110116501", "111119290", "104118070", "102113981", "111116110", "109113881", "98109570", "105113330", "112119930", "108121410", "109113931", "102121440", "99108330", "103113270", "106113260", "98107010", "106118301", "107121640", "102110890", "113118630", "107113200", "112118930", "112121351", "105113440", "101121640", "112116610", "102112250", "112116501", "105117431", "105119950", "103110760", "110121140", "113122150", "107120010", "98111670", "103113210", "98110680", "113118231", "98106111", "111118301", "97105760", "108114670", "101109000", "113120640", "112118860", "104113550", "100110050", "109114651", "113119340", "97112300", "113121190", "112117210", "107114280", "97118210", "100120010", "101108370", "98113881", "99108000", "107118780", "103112641", "108120280", "113118820", "102112301", "110118740", "111120280", "97116410", "109120560", "102116500", "113117550", "105115570", "108119510", "111114121", "97106970", "99109311", "112118581", "112117780", "109121410", "111120540", "102114270", "105120621", "113119700", "107119130", "111118820", "110117200", "102109910", "110121720", "101109120", "108113740", "99119830", "104112201", "113119360", "100111270", "105110091", "105118740", "97107260", "107113130", "97107681", "98110810", "108121160", "99107950", "105112130", "103120290", "113122180", "100108580", "112121030", "112118620", "98106560", "101108460", "113118690", "103120780", "108117610", "106115240", "109117271", "104111380", "110120531", "109121351", "112119980", "110116170", "99112840", "98106680", "104114240", "107117630", "97112170", "108115500", "100115700", "108118630", "110115140", "112118820", "107116300", "112120630", "98108150", "99114890", "102118380"], "labels": [3, 3, 1, 0, 3, 2, 3, 3, 1, 3, 3, 2, 1, 3, 0, 1, 3, 1, 0, 1, 2, 1, 2, 3, 3, 1, 1, 0, 3, 0, 1, 0, 0, 2, 1, 0, 3, 1, 3, 1, 3, 2, 1, 1, 3, 2, 3, 0, 3, 0, 3, 1, 0, 3, 1, 3, 3, 0, 2, 1, 1, 3, 2, 0, 1, 3, 2, 1, 3, 3, 0, 1, 3, 0, 3, 1, 1, 3, 0, 1, 0, 2, 1, 1, 0, 0, 1, 3, 1, 0, 1, 0, 3, 2, 3, 1, 3, 1, 0, 0, 2, 0, 1, 2, 1, 3, 1, 2, 1, 1, 2, 2, 0, 0, 3, 1, 0, 3, 1, 3, 1, 0, 3, 0, 0, 0, 0, 2, 1, 0, 0, 0, 3, 1, 1, 0, 0, 0, 3, 0, 2, 1], "predicted_labels": [1, 3, 3, 1, 2, 1, 1, 0, 1, 1, 3, 3, 3, 3, 0, 0, 3, 3, 3, 3, 3, 3, 3, 1, 3, 0, 1, 3, 1, 3, 3, 1, 1, 3, 1, 3, 3, 1, 3, 3, 0, 1, 3, 0, 3, 2, 3, 2, 0, 0, 3, 3, 0, 3, 0, 1, 3, 3, 3, 3, 1, 1, 2, 3, 3, 1, 1, 1, 0, 3, 1, 3, 3, 3, 3, 3, 1, 3, 3, 3, 0, 3, 1, 1, 3, 1, 1, 3, 0, 1, 3, 0, 0, 3, 1, 3, 3, 0, 0, 3, 1, 0, 1, 0, 3, 0, 1, 3, 1, 1, 1, 3, 0, 3, 1, 3, 3, 3, 3, 3, 0, 3, 1, 0, 0, 1, 3, 2, 1, 3, 0, 3, 1, 3, 3, 3, 1, 1, 3, 1, 1, 1], "confidence_scores": [[0.30327217868641704, 0.27682336612616876, 0.07946742805785838, 0.3404370271295561], [0.2803844494030228, 0.24878446652047312, 0.1684751096104311, 0.302355974466073], [0.18074562778644387, 0.2846507768905879, 0.3072505012243116, 0.22735309409865664], [0.14083430122696955, 0.3079332916692482, 0.29835509666294696, 0.2528773104408355], [0.19470760467717088, 0.2785037968219332, 0.3131741505146423, 0.2136144479862535], [0.17254430504251508, 0.30964380148479137, 0.20721659728590117, 0.3105952961867926], [0.15577367440618275, 0.30781452675929205, 0.2870490012883321, 0.24936279754619317], [0.33753333049210893, 0.23094651385546205, 0.10616334602558837, 0.3253568096268403], [0.19471902395857174, 0.30682958128746685, 0.19187785176196978, 0.30657354299199197], [0.27323963599270873, 0.28482235803324396, 0.13774892731093677, 0.3041890786631106], [0.2468147621944964, 0.270700780666843, 0.16800388216263362, 0.31448057497602705], [0.12718549989599706, 0.310308822612491, 0.2710819634418187, 0.2914237140496934], [0.23972496780433147, 0.2734968684318245, 0.19930204702204868, 0.28747611674179546], [0.2633258608357657, 0.2626171862877947, 0.1608236303272312, 0.31323332254920866], [0.3237716437384497, 0.258769033031424, 0.16717047214837902, 0.2502888510817472], [0.30543034291297283, 0.25070706880965987, 0.1362843639669827, 0.3075782243103842], [0.331825867878529, 0.24325444290720824, 0.08363222139263811, 0.34128746782162456], [0.19987271980085697, 0.2847697220364617, 0.2531241451928258, 0.26223341296985575], [0.2785085918533206, 0.29104671966055334, 0.08878531057382749, 0.34165937791229845], [0.1923740872554347, 0.2878426635734827, 0.2363234845889941, 0.2834597645820883], [0.25612856852302623, 0.2551111477711248, 0.21277354178563984, 0.2759867419202094], [0.14031657975393194, 0.29617742760452465, 0.2966684636879238, 0.26683752895361934], [0.1622915436990134, 0.29151939825471573, 0.30229646100966645, 0.24389259703660443], [0.16467020876789146, 0.30252106512330923, 0.2691655269435331, 0.26364319916526635], [0.16587953976090952, 0.29036046342603516, 0.3077163506720561, 0.2360436461409989], [0.3359404606608335, 0.2476772082471165, 0.08989018481251788, 0.3264921462795322], [0.19957589673222792, 0.2892053029361727, 0.23003207999425998, 0.2811867203373393], [0.33358070255281813, 0.2273640509106661, 0.10542638218269786, 0.33362886435381806], [0.14315863282893518, 0.31366726735319694, 0.29585326581616955, 0.24732083400169858], [0.29399542359135006, 0.28881935495342326, 0.06580023374010278, 0.351384987715124], [0.24253611357303329, 0.2846548599249244, 0.14920487322498335, 0.3236041532770591], [0.18697691068600908, 0.29687483480362664, 0.2748791255532342, 0.24126912895713024], [0.15703543397803257, 0.30750085302556446, 0.29689742334862046, 0.23856628964778284], [0.18592789118153105, 0.2946405243668093, 0.21993021248289818, 0.2995013719687614], [0.2931227003486794, 0.2952611781618455, 0.18074469824360054, 0.2308714232458745], [0.3347478507119916, 0.22667579466368679, 0.09653184992469994, 0.3420445046996218], [0.31732807480518116, 0.2570951402765288, 0.08455159133468443, 0.34102519358360567], [0.20403242191911686, 0.2865865559561573, 0.2998576422479109, 0.20952337987681524], [0.28304263449725847, 0.24996714831319786, 0.18621908726930697, 0.28077112992023673], [0.2697471437101997, 0.2705853175585086, 0.14322496678815394, 0.3164425719431378], [0.3382291096082727, 0.2433772563047482, 0.07869911352811133, 0.33969452055886756], [0.16996405099452364, 0.31612677353407315, 0.23139500724975062, 0.282514168221653], [0.21471811295406062, 0.27706168065205783, 0.1980342421638368, 0.3101859642300446], [0.2873287829840936, 0.25407926862617525, 0.18391324576658108, 0.27467870262315], [0.15664634049335263, 0.29169817125054026, 0.28500498537365526, 0.26665050288245196], [0.16834298970640843, 0.30946660620505845, 0.3655577201128534, 0.1566326839756799], [0.23159937454763715, 0.2955397587060829, 0.1534318371935429, 0.3194290295527371], [0.1760771609236507, 0.2938034924146754, 0.35310962552610164, 0.17700972113557242], [0.2784833680425653, 0.2618189494265509, 0.21999637185538784, 0.23970131067549585], [0.3335904194833907, 0.24539539693119938, 0.08406203587397393, 0.3369521477114361], [0.27839428161973817, 0.2807608273826785, 0.11341517660653934, 0.32742971439104424], [0.2935521670214683, 0.26341868479093267, 0.1127405546207694, 0.3302885935668297], [0.3487032404528704, 0.2381479805359521, 0.06669953203818928, 0.34644924697298835], [0.186124268877779, 0.2854292962685523, 0.26866471579840945, 0.2597817190552594], [0.3786325107786023, 0.2131006196360937, 0.044958364643339827, 0.3633085049419639], [0.14172450087682076, 0.3136441334708675, 0.33219905945377504, 0.21243230619853642], [0.27864861437250166, 0.28071656767776415, 0.11142124677566619, 0.32921357117406813], [0.31035981202282475, 0.267443740823722, 0.07914862787257974, 0.3430478192808733], [0.1985804802931112, 0.2680320244005572, 0.2987618920626522, 0.2346256032436794], [0.2180044198780509, 0.29208527315026034, 0.17677901897651782, 0.31313128799517104], [0.12490921390756547, 0.32193203602132736, 0.2897962599824164, 0.2633624900886907], [0.21274979302852068, 0.2912274652280627, 0.2705219880523522, 0.2255007536910646], [0.23170116831090115, 0.25808094132493276, 0.3008609493794373, 0.209356940984729], [0.2138065806628688, 0.2709617448514036, 0.23720912349447393, 0.27802255099125345], [0.3245349135380864, 0.2611070635794252, 0.06316273872768693, 0.3511952841548015], [0.21755059592920903, 0.2897299164697612, 0.22151310084395592, 0.27120638675707376], [0.15351247351298725, 0.3082328747745256, 0.29080347649341304, 0.247451175219074], [0.23574120232534976, 0.2939539611995267, 0.15197664702815003, 0.3183281894469735], [0.3099138692597169, 0.2547749375809083, 0.11653780414518249, 0.3187733890141921], [0.32157891109272235, 0.2285144295407042, 0.11779074225743068, 0.3321159171091428], [0.2855689893299831, 0.28881336030053584, 0.08623247082042126, 0.3393851795490596], [0.2177166594469418, 0.2832676585718192, 0.1919253026053416, 0.3070903793758974], [0.26550322869089527, 0.27505613161245773, 0.13811893635856604, 0.32132170333808097], [0.2849984282584697, 0.2645872309815326, 0.12344119259033984, 0.32697314816965795], [0.271461886730752, 0.2453842442412759, 0.21185785049169484, 0.2712960185362775], [0.26970996219269056, 0.25061893531746876, 0.1797893422409332, 0.2998817602489071], [0.19421047366622696, 0.2891138285747342, 0.25398934508313487, 0.262686352675904], [0.23672554384461342, 0.27439426195013444, 0.1719880936687729, 0.3168921005364796], [0.15274204712192893, 0.302346659190521, 0.2935563447782722, 0.2513549489092783], [0.23380951669233824, 0.28100965080768725, 0.16761894171030256, 0.31756189078967206], [0.30926980302136015, 0.2600616448838777, 0.13285946188036113, 0.29780909021440083], [0.12422003387581787, 0.314523260890271, 0.32106010167692534, 0.2401966035569856], [0.2606400843483963, 0.2774613577148119, 0.22890600551419052, 0.23299255242260125], [0.15860330274854187, 0.3102402522793687, 0.2783361891089489, 0.2528202558631406], [0.2667687966629122, 0.2722940866955716, 0.13920216519634376, 0.32173495144517245], [0.19248165056237693, 0.3172390288082011, 0.16252372430218043, 0.3277555963272416], [0.287001596385884, 0.28858432195618694, 0.17260501066597436, 0.2518090709919548], [0.15663995382257964, 0.29997757982641843, 0.28529176779626353, 0.25809069855473876], [0.3517800039018045, 0.2423881553718124, 0.04687611823949744, 0.3589557224868858], [0.19446240117046926, 0.29564533762209544, 0.22149834469730403, 0.28839391651013147], [0.18541499094237732, 0.29407104002385914, 0.23281255393350375, 0.2877014151002598], [0.34140092822019497, 0.23872718758527295, 0.07396600297774003, 0.34590588121679194], [0.2905549836582357, 0.27112676434616584, 0.13209348330384368, 0.3062247686917544], [0.2929487902903793, 0.2494092185808228, 0.14793627084036204, 0.3097057202884359], [0.2778647592742629, 0.27368821029962637, 0.1578434791351068, 0.29060355129100385], [0.27438282529116215, 0.2590878369770736, 0.16521133369257734, 0.30131800403918707], [0.31352939239791305, 0.24673765550779625, 0.12022228086926667, 0.3195106712250244], [0.231375658680428, 0.27632564519970443, 0.29345735599703754, 0.19884134012283022], [0.3367764330932936, 0.24264086654187575, 0.08103956367166743, 0.339543136693163], [0.2312824301960202, 0.2857376471117394, 0.15623150681173628, 0.32674841588050424], [0.17148133507329982, 0.29805253303176404, 0.28981662009307624, 0.24064951180186014], [0.311587357161105, 0.25988233885418305, 0.1262557927973599, 0.30227451118735166], [0.15870090305214285, 0.29399727462085845, 0.31319406727202354, 0.23410775505497544], [0.233933498565695, 0.2710892083842414, 0.27893703090262045, 0.216040262147443], [0.1633548738078677, 0.29650193218352, 0.2745146465814345, 0.2656285474271778], [0.3095014300796829, 0.2569553137868419, 0.13151025819624593, 0.3020329979372292], [0.16303229652109769, 0.3029766311320469, 0.3552369575494238, 0.17875411479743186], [0.2508772348266757, 0.2846073886508004, 0.14199180594545832, 0.3225235705770658], [0.1386951042025565, 0.32705542541955945, 0.3598574593764697, 0.1743920110014145], [0.1462913379162588, 0.32109993684520366, 0.2347826265367864, 0.29782609870175086], [0.13964703660775496, 0.3050339967128867, 0.31465431409051425, 0.24066465258884412], [0.16460333565229657, 0.2969634092775543, 0.2571002154135259, 0.2813330396566232], [0.27640728723246605, 0.25968118480485236, 0.19890792946090932, 0.2650035985017724], [0.3206735923450016, 0.2468927295083179, 0.09400745546544953, 0.3384262226812311], [0.2761644159279767, 0.27592844748509787, 0.14728216145609566, 0.30062497513082975], [0.1318662350494471, 0.30755202743244525, 0.3243247111000704, 0.23625702641803695], [0.2930421504977213, 0.24800796128483557, 0.12773086183069784, 0.3312190263867453], [0.20946643466839032, 0.2934641235086396, 0.1859005744736267, 0.31116886734934357], [0.2746289019154411, 0.25572407825136023, 0.17834549550922585, 0.2913015243239728], [0.2302134353709852, 0.2778421692840695, 0.16721272139529728, 0.324731673949648], [0.308294778515727, 0.268840028596983, 0.1343609268127456, 0.2885042660745442], [0.2404469579884752, 0.2799157108205824, 0.15329952010396086, 0.32633781108698157], [0.2236688756891668, 0.2753491342786919, 0.27606787324958504, 0.22491411678255632], [0.311189975361124, 0.26295460006567467, 0.09440945877309728, 0.33144596580010405], [0.29941384811174754, 0.2588025548275979, 0.18601641484093953, 0.25576718221971534], [0.24593352666111828, 0.2925875890197415, 0.1567384936047839, 0.30474039071435605], [0.27688926610729214, 0.2670047839918008, 0.15256726190295616, 0.3035386879979505], [0.15234012558694807, 0.2992055287065884, 0.34250413446356753, 0.20595021124289586], [0.1563057702275648, 0.30625127961185433, 0.3442622376875626, 0.1931807124730187], [0.21921420664062252, 0.26982782493058616, 0.24842525855870176, 0.2625327098700898], [0.34162440700517327, 0.24458490093420365, 0.14536134550257612, 0.2684293465580473], [0.3088746172139546, 0.25458209557862393, 0.11211152646301285, 0.3244317607444087], [0.250399635316234, 0.27520202519715, 0.18234676285526877, 0.29205157663134734], [0.23459866857223788, 0.2706252912460483, 0.20654960837805725, 0.28822643180365676], [0.1423890887766033, 0.30659175507070957, 0.26721980139119106, 0.283799354761496], [0.3025372970812523, 0.2562781576542879, 0.10814690479683532, 0.33303764046762446], [0.28211860538142325, 0.2839539725080367, 0.10173732507307277, 0.33219009703746705], [0.25339584393897746, 0.28895998639014314, 0.13856057897802818, 0.31908359069285136], [0.34076246756946366, 0.24107197235100292, 0.0698405516927738, 0.34832500838675956], [0.15284254822946666, 0.2987899083388754, 0.32131678275841696, 0.22705076067324087], [0.15656902583410368, 0.3127111098826462, 0.22705570061928554, 0.3036641636639643], [0.1613244402804201, 0.29836601499693377, 0.32005541830430295, 0.2202541264183434]]}, "rewritten": {"ids": ["97105760", "97106970", "97107260", "97107681", "97112170", "97112300", "97116410", "97118210", "98106111", "98106560", "98106680", "98107010", "98107410", "98108150", "98109570", "98110680", "98110810", "98111670", "98113881", "99107950", "99108000", "99108330", "99109311", "99112840", "99114890", "99119830", "100108580", "100110050", "100111270", "100115700", "100120010", "101108370", "101108460", "101109000", "101109120", "101121640", "102109910", "102110050", "102110890", "102112250", "102112301", "102113981", "102114270", "102116500", "102118380", "102121440", "103109791", "103110760", "103112641", "103113210", "103113270", "103120290", "103120340", "103120780", "104111380", "104112201", "104113550", "104114240", "104118070", "105110091", "105112130", "105113330", "105113440", "105115570", "105117431", "105118740", "105119950", "105120621", "106113260", "106115240", "106118301", "107113130", "107113200", "107114280", "107116300", "107117630", "107118780", "107119130", "107120010", "107121640", "108113620", "108113740", "108114670", "108115500", "108117610", "108118630", "108119510", "108120280", "108121160", "108121410", "109113881", "109113931", "109114651", "109117271", "109120540", "109120560", "109121351", "109121410", "110115140", "110116170", "110116501", "110117200", "110118740", "110120531", "110121140", "110121720", "111114121", "111116110", "111118301", "111118820", "111119290", "111120280", "111120540", "112116290", "112116501", "112116610", "112117210", "112117780", "112118581", "112118620", "112118820", "112118860", "112118890", "112118930", "112119930", "112119980", "112120630", "112120670", "112121030", "112121351", "113117550", "113118231", "113118630", "113118690", "113118820", "113119340", "113119360", "113119700", "113120640", "113121190", "113122150", "113122180"], "labels": [0, 2, 2, 3, 0, 2, 3, 2, 0, 1, 1, 3, 3, 0, 1, 2, 1, 1, 3, 1, 2, 1, 1, 2, 2, 1, 0, 3, 2, 1, 0, 1, 0, 1, 1, 2, 2, 3, 0, 0, 1, 1, 3, 1, 1, 2, 3, 1, 3, 3, 2, 2, 1, 1, 3, 0, 1, 0, 2, 0, 1, 3, 0, 0, 1, 1, 3, 1, 3, 1, 1, 1, 0, 3, 0, 0, 1, 1, 1, 1, 3, 3, 3, 3, 3, 1, 1, 3, 2, 0, 0, 1, 3, 0, 1, 1, 0, 0, 0, 0, 3, 3, 3, 0, 3, 3, 0, 3, 3, 0, 3, 0, 1, 0, 3, 1, 1, 0, 1, 3, 0, 3, 3, 1, 1, 0, 3, 2, 0, 0, 3, 3, 3, 3, 0, 0, 0, 0, 0, 1, 2, 2], "predicted_labels": [0, 3, 0, 0, 3, 0, 0, 0, 3, 3, 1, 2, 0, 3, 0, 0, 2, 0, 3, 1, 1, 2, 1, 1, 3, 0, 3, 1, 0, 1, 0, 0, 3, 3, 3, 3, 0, 1, 0, 3, 3, 0, 1, 2, 2, 0, 2, 3, 1, 3, 0, 1, 3, 0, 3, 3, 0, 1, 1, 0, 1, 0, 1, 3, 1, 3, 3, 0, 1, 0, 0, 2, 3, 0, 0, 0, 0, 3, 0, 0, 0, 0, 0, 3, 0, 3, 3, 0, 3, 0, 0, 1, 3, 3, 1, 0, 0, 1, 0, 0, 1, 0, 3, 0, 0, 1, 0, 3, 0, 0, 3, 3, 2, 1, 0, 1, 1, 0, 1, 0, 3, 1, 3, 1, 3, 1, 0, 1, 0, 1, 3, 3, 1, 3, 0, 0, 3, 1, 0, 0, 1, 3], "confidence_scores": [[0.2886424775678282, 0.2569203778023322, 0.15860880410907377, 0.29582834052076595], [0.14392936425901293, 0.30367640599387036, 0.3221523061054241, 0.23024192364169238], [0.28454394212409495, 0.2542725879127879, 0.25551013357366675, 0.2056733363894504], [0.3158711013343757, 0.24886189890998112, 0.20561367037903572, 0.22965332937660782], [0.2849144776258411, 0.2591349553352171, 0.14114935641064, 0.3148012106283017], [0.2513517713253615, 0.2564412767358827, 0.23553148514885025, 0.25667546678990555], [0.3356223072953203, 0.23088805418182004, 0.11320363329401394, 0.3202860052288456], [0.2755754003901507, 0.23997215174350708, 0.21577123062825904, 0.2686812172380832], [0.21525658712312726, 0.2728175716393874, 0.234890966566773, 0.2770348746707123], [0.21702456985148735, 0.2741591386438008, 0.2626148268258818, 0.24620146467883045], [0.21219095966946874, 0.2838208026818698, 0.31710490919932505, 0.18688332844933606], [0.14972926195937009, 0.29574749164806846, 0.34086069318611234, 0.21366255320644903], [0.3148950723937084, 0.23938181831712618, 0.1978886399439247, 0.24783446934524062], [0.24152602576294588, 0.2645071480337841, 0.24110314851306638, 0.25286367769020374], [0.3035748437019167, 0.2451044371071366, 0.1458704124869575, 0.3054503067039894], [0.26958456548485493, 0.2885236282320735, 0.2792105530640973, 0.16268125321897403], [0.18136055364320489, 0.29124904810311913, 0.34184821930272846, 0.18554217895094766], [0.2678838541236446, 0.26252817552401353, 0.23656310266200545, 0.23302486769033645], [0.2675300599349605, 0.2651285511983806, 0.1769402294673856, 0.2904011593992733], [0.1731830329687263, 0.29548127211660846, 0.2818523388010826, 0.2494833561135832], [0.1751512312007986, 0.2950499260914382, 0.28706388250845444, 0.24273496019930896], [0.12375306497381748, 0.3157018563010348, 0.34577549868226426, 0.21476958004288316], [0.22988439741288616, 0.2795948852339931, 0.2256032803334148, 0.2649174370197059], [0.21525877404571586, 0.2789336758531179, 0.276389711921493, 0.22941783817967346], [0.15690052488587244, 0.29574292263079743, 0.3004336663824152, 0.24692288610091517], [0.24247039735993464, 0.2688434387174396, 0.25567765163671197, 0.23300851228591352], [0.23731268955067714, 0.269298745694052, 0.2453369128197695, 0.2480516519355014], [0.1662111830581967, 0.31041937827642996, 0.31328786086220267, 0.2100815778031707], [0.25970198804904704, 0.2752202224152756, 0.2531956340453581, 0.21188215549031936], [0.24495855761773577, 0.27232284119495054, 0.24050829016093092, 0.24221031102638288], [0.26327755043109125, 0.2614600941384997, 0.22974026957007504, 0.24552208586033417], [0.3107728980297234, 0.26443342518153645, 0.08967907481077338, 0.3351146019779667], [0.2070087729956283, 0.28383940586474826, 0.20967050936115222, 0.29948131177847165], [0.2992214080960365, 0.25655562992514097, 0.12221863105649272, 0.32200433092233005], [0.2661195174795764, 0.26077421545013374, 0.19810064904434338, 0.27500561802594664], [0.22117287423944057, 0.2807572124362882, 0.19149250263744522, 0.3065774106868261], [0.3536640339234406, 0.22284703692039523, 0.09777323634189597, 0.32571569281426815], [0.23795290695286256, 0.27873889521266226, 0.18791187068807244, 0.2953963271464025], [0.3390171745147802, 0.22745574878706618, 0.11406974937301724, 0.31945732732513654], [0.3591288526881753, 0.21769213337783133, 0.07032223406990064, 0.35285677986409303], [0.2694309587906169, 0.26375527495582823, 0.1672822946781678, 0.2995314715753869], [0.33351975257873545, 0.23791295252318292, 0.116034795606265, 0.3125324992918167], [0.21442996141565995, 0.2893573669119377, 0.2913287949968971, 0.20488387667550473], [0.16147660530674557, 0.2921288494402871, 0.3365534294857084, 0.2098411157672594], [0.152316824926263, 0.29923097292897416, 0.3311206979979171, 0.21733150414684596], [0.28710214143978785, 0.25890168198806923, 0.18789780081398316, 0.2660983757581596], [0.17861862965511285, 0.284691765303224, 0.3387469525212027, 0.19794265252046053], [0.18046823823363653, 0.28717620669998084, 0.2598967643599749, 0.2724587907064077], [0.291924453601594, 0.27535011922846697, 0.1206071173925859, 0.3121183097773531], [0.24306194279416682, 0.26666284331903856, 0.2309449660287102, 0.25933024785808445], [0.2687294381049364, 0.24762000382033222, 0.2401124486861581, 0.2435381093885735], [0.14774709546265072, 0.30292666206796603, 0.3375913996043624, 0.2117348428650206], [0.19197341968479298, 0.2813661568960119, 0.26167628491092715, 0.2649841385082679], [0.24000391386025105, 0.2615969135871985, 0.25047804190879586, 0.24792113064375443], [0.24549842421565693, 0.2664194667902224, 0.2299309490538221, 0.2581511599402985], [0.3167169384957835, 0.24969186471715255, 0.10067123637206184, 0.33291996041500244], [0.36826583808154256, 0.21630228337407847, 0.06448955448594375, 0.350942324058435], [0.16456122031035442, 0.30267922632325667, 0.3323162463848296, 0.2004433069815594], [0.2056534962017728, 0.27915276299682146, 0.26129710790132654, 0.25389663290007936], [0.28463840333900836, 0.2586896303027153, 0.21217501885224654, 0.24449694750603004], [0.20259438907475877, 0.29022717646431406, 0.22280782964751364, 0.28437060481341364], [0.3091617913300149, 0.25286346547517735, 0.13341847920777553, 0.3045562639870323], [0.15932913426044829, 0.30125799086409927, 0.26956784691027097, 0.2698450279651816], [0.18354008719786616, 0.2796849677467738, 0.2684058625032237, 0.26836908255213615], [0.1971323314341832, 0.29222425648751704, 0.254555617926736, 0.25608779415156346], [0.26589860238828666, 0.2593402563100834, 0.18081674519386268, 0.29394439610776746], [0.252219639801641, 0.26117548816952835, 0.20069832364297036, 0.28590654838586016], [0.3258717992148319, 0.2453307918719862, 0.09565670672225915, 0.3331407021909228], [0.19521157535521147, 0.28127666128634893, 0.2775253462946583, 0.24598641706378138], [0.3148972884320418, 0.25688364290168836, 0.14635528389449473, 0.2818637847717752], [0.27448287075733024, 0.26572264926213834, 0.21858241190609853, 0.2412120680744327], [0.19585626627598735, 0.27282021545054563, 0.3173582293268766, 0.2139652889465903], [0.29858051776532174, 0.28322960216674975, 0.07129691207993849, 0.3468929679879899], [0.2712256840386357, 0.26615861150439313, 0.23625816662626112, 0.22635753783071022], [0.33249812483274266, 0.24019359318875766, 0.10090428784888797, 0.3264039941296116], [0.3651426422493473, 0.21796394290779994, 0.09955231628895464, 0.31734109855389825], [0.33618704008486777, 0.24371872847334716, 0.08417297434519108, 0.33592125709659365], [0.27344135326693914, 0.25709705543457023, 0.18057927778322727, 0.2888823135152638], [0.2822193763811415, 0.2537980971592286, 0.20132352760678707, 0.2626589988528431], [0.25588227368822386, 0.259481484052333, 0.21055639245637692, 0.2740798498030662], [0.3121377212327944, 0.25257885065827435, 0.13497451521450687, 0.3003089128944246], [0.3341531913801227, 0.23840635940501528, 0.09638673238200816, 0.33105371683285356], [0.2889069775039689, 0.2550887064343119, 0.19837134559937963, 0.2576329704623396], [0.24062424193831977, 0.26995660128004045, 0.2166180964132474, 0.2728010603683925], [0.30167919060101717, 0.24914479790913935, 0.13754727024249433, 0.311628741247349], [0.27600306721824497, 0.2761442837618038, 0.12390213926412175, 0.32395050975582934], [0.19464096622506394, 0.27797661425887654, 0.2671870299926356, 0.2601953895234238], [0.3770524542329987, 0.20573476199661686, 0.059199615826211374, 0.35801316794417315], [0.2704310214818979, 0.26429472420675826, 0.1695271748662705, 0.29574707944507334], [0.3042227796537798, 0.26404659542178216, 0.10580266724485211, 0.32592795767958566], [0.33461069944126515, 0.25452470082563194, 0.16340630682819085, 0.24745829290491164], [0.17041123396514302, 0.2945107530993001, 0.29434805189311763, 0.24072996104243927], [0.2612822826717173, 0.2654469713509142, 0.16178911337091834, 0.31148163260645], [0.2790945764517635, 0.25852537809341075, 0.14791146287874818, 0.3144685825760776], [0.16581463669392957, 0.29970262889404886, 0.28887619063190134, 0.24560654378012023], [0.28270740662136673, 0.25498502492322367, 0.18013787104532972, 0.2821696974100797], [0.31421494367517133, 0.2507430727940077, 0.14138753696432124, 0.2936544465664996], [0.22013559702230673, 0.27571856280517176, 0.2492176388320871, 0.2549282013404348], [0.3506855358445472, 0.21667219022574064, 0.1042681862300311, 0.3283740876996807], [0.2875203096482756, 0.2677888999530907, 0.1496685120905922, 0.2950222783080415], [0.26538204910801133, 0.2803313567752542, 0.178270411090771, 0.2760161830259635], [0.28559392567160286, 0.25953696913395546, 0.20964169487097206, 0.24522741032346917], [0.28018370264399095, 0.26048190856868597, 0.14978413910936814, 0.30955024967795475], [0.3486719830722539, 0.2299003291625852, 0.1039822067409038, 0.3174454810242569], [0.3322827307020611, 0.2501648035422295, 0.11704176372581368, 0.30051070202989594], [0.26912372929563155, 0.26845397652122915, 0.19559267978384673, 0.26682961439929287], [0.2752989782464995, 0.25574760309641975, 0.21664213952326558, 0.25231127913381524], [0.2303337423221373, 0.2650345866595509, 0.2372650491868092, 0.2673666218315025], [0.3167952033953261, 0.2616227569508326, 0.1473354772872452, 0.27424656236659645], [0.3303099252716818, 0.24894106069496585, 0.08099457335969242, 0.33975444067366023], [0.23397012978379142, 0.27121220814632113, 0.26647035446856665, 0.22834730760132058], [0.3202501721924929, 0.24606867458311685, 0.0969827664259412, 0.3366983867984492], [0.22885206199572808, 0.2804139432095105, 0.3147660091256669, 0.17596798566909455], [0.17316790482453817, 0.29195760868551457, 0.27538786288657857, 0.25948662360336855], [0.33353691657286755, 0.24821488353111953, 0.07790730288804458, 0.3403408970079684], [0.29127016139231465, 0.27497246050306723, 0.15194237517841325, 0.281815002926205], [0.17854736701235882, 0.29754953069758033, 0.3100030032674035, 0.21390009902265733], [0.27668600991125, 0.2658368345424012, 0.1649187555591011, 0.29255839998724764], [0.23744734640132897, 0.278537760433815, 0.2351169166802253, 0.24889797648463058], [0.3037581968978358, 0.2648057036379269, 0.1665001945288233, 0.264935904935414], [0.3168750910557747, 0.2549923518449192, 0.09152697090697327, 0.3366055861923329], [0.17772353784630646, 0.297124091508389, 0.31959957797680316, 0.2055527926685014], [0.24003290975857963, 0.2673444529756022, 0.2266272365309981, 0.2659954007348199], [0.21057336294798165, 0.2818370714831994, 0.21994663896200595, 0.28764292660681307], [0.23711057331833027, 0.2658441564725995, 0.25287170383310353, 0.24417356637596696], [0.2526356974429093, 0.2925512499618071, 0.17490789795370984, 0.27990515464157345], [0.3284682535776535, 0.2482222436115125, 0.09496065521123433, 0.32834884759959954], [0.2158044496859655, 0.28360590514672035, 0.22326705573557432, 0.2773225894317399], [0.35029203229876965, 0.2215203414864912, 0.10497260983843275, 0.3232150163763061], [0.21206440895560394, 0.27895747392459247, 0.2803707665262678, 0.22860735059353596], [0.20184573070065454, 0.2819851197587617, 0.22446480782464306, 0.29170434171594084], [0.24355324799366, 0.2740633711853394, 0.18819726422967714, 0.2941861165913234], [0.1366057390507134, 0.30722880317463513, 0.33185293863108667, 0.22431251914356487], [0.2975497102006789, 0.25174166273582704, 0.1370521750513711, 0.31365645201212305], [0.31708275265043867, 0.2603128214071511, 0.08888666260082419, 0.333717763341586], [0.3288922117245074, 0.24443312602434938, 0.09369781376313936, 0.33297684848800396], [0.23704442496284428, 0.2710910632545353, 0.19253936640588032, 0.29932514537673993], [0.1982596769025537, 0.2864328966722701, 0.2640610820318959, 0.2512463443932803], [0.3489094945501579, 0.22903717830389603, 0.09703467679694674, 0.32501865034899924], [0.31405789049650146, 0.24205174790548015, 0.18322061469709863, 0.2606697469009197], [0.2099872327528522, 0.2937981229576667, 0.24559031225684036, 0.25062433203264073], [0.23713090151751692, 0.2692094532738555, 0.20270729538088272, 0.29095234982774476]]}}