{"test": {"ids": ["97108520", "99108010", "105117431", "109113591", "100109890", "109117600", "110118161", "113122120", "113119120", "100113210", "112119320", "109116750", "103120290", "107116980", "106117770", "97118210", "111116990", "112119120", "104118340", "98110710", "98111670", "112118581", "107113170", "105116441", "112118880", "102110690", "101111310", "101114990", "102110750", "99107640", "99108080", "107115250", "104111880", "104113210", "98110230", "107119130", "112121410", "100108260", "97107260", "109120540", "110119030", "108119510", "106118820", "101112690", "103113210", "106115250", "105113330", "107114200", "109114270", "104111380", "105113480", "103109791", "99112300", "108114200", "101112160", "106120640", "112116401", "108120280", "97105760", "101108080", "111114121", "110116300", "111117571", "103117461", "112116810", "108115870", "111116010", "98119591", "102112030", "109117730", "105116501", "98107410", "98107210", "104113000", "112120990", "111119930", "110120560", "111119340", "110121140", "98112580", "110113591", "109114220", "111116170", "106115240", "99116500", "111118810", "97112300", "106115120", "109118231", "102114270", "103113260", "100111380", "108114180", "99107950", "108118520", "99117630", "112118620", "111116090", "98108520", "107113130", "101117580", "113118810", "99117740", "97105451", "100111080", "110115120", "110117140", "113121950", "103111620", "100111270", "98121790", "113119360", "113118111", "112118701", "99109311", "110117500", "113122190", "102110890", "109116170", "100116500", "111119290", "103113610", "112116540", "102112250", "112116800", "104116441", "107120010", "99107660", "111117480", "107116501", "108115500", "112117030", "102107961", "100109311", "107121700", "100109910", "113120830", "111116411", "112117571", "109120560", "112116880", "103117200"], "labels": [2, 2, 1, 3, 3, 1, 0, 1, 3, 0, 1, 0, 2, 3, 0, 2, 0, 1, 2, 2, 1, 1, 0, 1, 1, 0, 3, 3, 1, 1, 3, 2, 3, 3, 3, 1, 0, 3, 2, 1, 0, 1, 3, 1, 3, 2, 3, 2, 3, 3, 0, 3, 0, 0, 3, 3, 0, 3, 0, 0, 0, 3, 3, 0, 3, 3, 1, 1, 2, 3, 1, 3, 1, 1, 2, 1, 0, 3, 3, 2, 0, 3, 0, 1, 2, 0, 2, 1, 1, 3, 3, 3, 1, 1, 0, 3, 3, 3, 2, 1, 3, 3, 2, 0, 0, 0, 3, 3, 0, 2, 2, 0, 1, 0, 1, 1, 1, 0, 0, 2, 3, 2, 1, 0, 0, 1, 1, 3, 1, 1, 3, 2, 3, 1, 3, 2, 3, 0, 3, 1, 0, 0], "predicted_labels": [1, 1, 1, 1, 0, 0, 1, 1, 0, 3, 1, 1, 1, 1, 3, 3, 3, 0, 1, 1, 1, 1, 0, 0, 3, 0, 1, 1, 1, 1, 3, 1, 1, 1, 1, 1, 3, 1, 3, 1, 1, 3, 1, 0, 1, 3, 0, 1, 3, 1, 1, 0, 1, 1, 1, 1, 3, 0, 0, 0, 1, 1, 1, 0, 0, 1, 1, 0, 3, 1, 3, 3, 1, 1, 1, 3, 1, 3, 3, 3, 1, 3, 1, 0, 1, 0, 3, 0, 1, 1, 3, 0, 1, 1, 3, 1, 3, 3, 0, 1, 3, 3, 0, 1, 1, 3, 0, 0, 1, 1, 0, 3, 3, 0, 3, 3, 3, 0, 1, 1, 3, 1, 3, 3, 3, 1, 3, 1, 1, 0, 1, 1, 3, 0, 1, 1, 1, 0, 3, 3, 1, 1], "confidence_scores": [[0.23098466810966808, 0.2929047590481415, 0.21568068328730103, 0.2604298895548896], [0.26119780219780225, 0.30582602120102126, 0.19038318625818626, 0.24259299034299034], [0.23100871350871352, 0.31652410089910094, 0.20061550949050955, 0.2518516761016761], [0.26382500832500827, 0.2686293290043291, 0.20648151848151847, 0.2610641441891442], [0.3337744477744477, 0.23940452602952597, 0.1563007964257964, 0.27052022977022977], [0.26267581030081033, 0.260495892995893, 0.21582140082140078, 0.2610068958818959], [0.2726280663780664, 0.30035035307829433, 0.17475423269540907, 0.25226734784823024], [0.2501941764375975, 0.31216599117257016, 0.16693459318459314, 0.2707052392052393], [0.2954029997779998, 0.28709772866022865, 0.16696798340548344, 0.2505312881562882], [0.23246994671994667, 0.2742268634143635, 0.2142302558552558, 0.2790729340104341], [0.15489513264513266, 0.33191258741258733, 0.2050639221889222, 0.3081283577533577], [0.2169092892401716, 0.3017963841713842, 0.2377609016800195, 0.243533424908425], [0.24525797894915552, 0.28586659174159174, 0.2145339978648802, 0.25434143144437266], [0.31214213564213567, 0.31600450937950936, 0.1584691558441558, 0.2133841991341992], [0.2125999278499278, 0.2883994616494617, 0.2105813075813076, 0.288419302919303], [0.24392784992784988, 0.2134810606060606, 0.2384727633477633, 0.3041183261183262], [0.24037554112554116, 0.25808422133422143, 0.1772346958596958, 0.32430554168054165], [0.2824508963258963, 0.2660899912995502, 0.17994079735623855, 0.27151831501831497], [0.1986578976578976, 0.30909794372294375, 0.214476245976246, 0.2777679126429127], [0.21914833777333775, 0.2871065274594687, 0.24168835412953052, 0.25205678063766296], [0.23649278499278503, 0.27537642912642923, 0.24158204295704291, 0.246548742923743], [0.22808810144104258, 0.3129814213564215, 0.1735940219910808, 0.2853364552114552], [0.2954251998001999, 0.2835275419025418, 0.20732371101121105, 0.21372354728604734], [0.2887122591460829, 0.28169932355226474, 0.15403481812305336, 0.2755535991785992], [0.25463281163281165, 0.27879485791985803, 0.18728264790764793, 0.27928968253968256], [0.3358329725829725, 0.292319264069264, 0.1657207792207792, 0.20612698412698408], [0.2538596493375904, 0.2915846930846932, 0.2139069937415526, 0.24064866383616385], [0.26165620490620495, 0.27863581761375883, 0.18720835210541092, 0.2724996253746254], [0.20918962981462985, 0.30503221778221784, 0.23017016317016326, 0.2556079892329894], [0.2154908841158841, 0.2838430221739045, 0.25195864144025915, 0.24870745226995236], [0.25466049228549226, 0.25795329670329675, 0.20508176545676549, 0.28230444555444556], [0.2723692488067488, 0.2806151348651349, 0.16923126179376177, 0.2777843545343546], [0.18060323010323007, 0.339868686868687, 0.20380255855255858, 0.27572552447552445], [0.28166049922299924, 0.28907467532467523, 0.2087503607503607, 0.2205144647019647], [0.27400173437673436, 0.3306302814832228, 0.18420954127571773, 0.2111584428643253], [0.2453677294927295, 0.3145597735597736, 0.15031931956931957, 0.2897531773781774], [0.20658391118685238, 0.2761405122655123, 0.1979005765476354, 0.319375], [0.22599822807911032, 0.3396590215340216, 0.1840344198285375, 0.2503083305583305], [0.2242956765456766, 0.2595147875000817, 0.2364428104575163, 0.2797467254967256], [0.22006952769452767, 0.3102792069042069, 0.22543666056166065, 0.2442146048396049], [0.2542693140193141, 0.300402306027306, 0.16684457209457207, 0.27848380785880794], [0.22608055751438103, 0.25135861360861367, 0.1747727786918963, 0.34778805018510917], [0.22583766233766248, 0.29704797979797987, 0.18602940115440114, 0.29108495670995677], [0.29581569819069836, 0.22986944999444997, 0.19758503996003998, 0.2767298118548118], [0.23362824675324667, 0.3106363636363637, 0.21014857364857373, 0.24558681596181586], [0.19663637312979426, 0.257536712771233, 0.2448790106951872, 0.300947903403786], [0.31705723443223444, 0.23519035131535138, 0.1754547258297258, 0.2722976884226886], [0.2268445165945166, 0.3336162448662448, 0.2015177877677877, 0.23802145077145076], [0.2596747835497835, 0.28847420634920623, 0.149135101010101, 0.3027159090909091], [0.24754927017427011, 0.3086823593073593, 0.1910804889554889, 0.2526878815628816], [0.20848502886002887, 0.36725919913419913, 0.16087608225108224, 0.2633796897546897], [0.3097750721500722, 0.2618699494949495, 0.14295256132756132, 0.285402417027417], [0.29417297979797985, 0.2961137473637474, 0.16535991785991783, 0.24435335497835506], [0.25323914973914974, 0.3847910076035077, 0.17498024891774885, 0.18698959373959376], [0.24807285769785778, 0.32899315961815956, 0.14875961538461535, 0.27417436729936734], [0.1998630813630813, 0.31656739094239106, 0.21166144966144965, 0.27190807803307815], [0.2697692168942169, 0.25564579864579867, 0.1536506965256965, 0.3209342879342881], [0.3421329365079365, 0.24899368686868684, 0.1400182178932179, 0.26885515873015875], [0.33607558617852723, 0.2662373737373737, 0.1726611721611722, 0.22502586792292678], [0.2993499278499279, 0.2794531718281719, 0.17560933510933513, 0.24558756521256522], [0.2811353507603508, 0.32060460372960375, 0.13877852702852703, 0.25948151848151857], [0.25888268675768666, 0.27450597809053695, 0.22821365848204084, 0.23839767666973555], [0.2570114538239538, 0.28244486069486074, 0.1809540043290043, 0.2795896811521812], [0.32788293650793676, 0.26055122655122664, 0.15428805916305918, 0.2572777777777777], [0.28599532207988093, 0.28119028194028195, 0.22067630490424606, 0.212138091075591], [0.2637406343656345, 0.2995401265401265, 0.19709035409035408, 0.23962888500388502], [0.21748658286158304, 0.2979987096237096, 0.22810134310134308, 0.2564133644133645], [0.29478149628149636, 0.26879860417360424, 0.1532157287157287, 0.28320417082917093], [0.25859220640470637, 0.25559284465534476, 0.21918287962037958, 0.2666320693195694], [0.27552085414585403, 0.29067440892440893, 0.19185404872904868, 0.2419506882006883], [0.2227525807525808, 0.2798103909978911, 0.19621679015429017, 0.30122023809523824], [0.25661509324009324, 0.2507857975357976, 0.1882530802530802, 0.3043460289710291], [0.22127598096348092, 0.31151966089466093, 0.16575861638361641, 0.30144574175824185], [0.2578724747474747, 0.2937800324675324, 0.17714013070263074, 0.27120736208236207], [0.20032454351204346, 0.3005589826839828, 0.2130270215895216, 0.28608945221445226], [0.2620572066822068, 0.21351659451659455, 0.23839427239427244, 0.28603192640692643], [0.21988511488511492, 0.28063930513930513, 0.2324779942279942, 0.26699758574758586], [0.20883386058386058, 0.27039260739260745, 0.225955808080808, 0.294817723942724], [0.23648196248196243, 0.2523177308802309, 0.1580244408369408, 0.35317586580086585], [0.199690836940837, 0.2777117604617604, 0.2320670995670995, 0.290530303030303], [0.2768030303030304, 0.31586013986013994, 0.16743915806415802, 0.2398976717726718], [0.2063061521811522, 0.24533302808302807, 0.21882972582972585, 0.329531093906094], [0.22954960317460318, 0.2924842975651799, 0.21088047654959413, 0.26708562271062275], [0.3431645021645022, 0.28543416305916314, 0.17876623376623382, 0.19263510101010095], [0.236202602952603, 0.2868296703296704, 0.20723634698634696, 0.2697313797313799], [0.2859116161616161, 0.2451177503052504, 0.22462274531024526, 0.2443478882228883], [0.23787608225108228, 0.2509194832944834, 0.20511459373959376, 0.30608984071484063], [0.371642205017205, 0.19109568903318902, 0.17803844072594066, 0.25922366522366524], [0.25959700715950706, 0.329784541847042, 0.1556455627705627, 0.2549728882228882], [0.1915288461538461, 0.312806512931513, 0.21822195165945163, 0.2774426892551893], [0.22219093406593401, 0.30264504939504944, 0.170501998001998, 0.30466201853701863], [0.2642514748323572, 0.24770029970029975, 0.2387801116367293, 0.24926811383061384], [0.2226618242868243, 0.311356227106227, 0.18943469030969026, 0.27654725829725835], [0.1489658397158397, 0.29945664058164057, 0.286325285825286, 0.26525223387723396], [0.24948015873015883, 0.2524071067821067, 0.18722637085137075, 0.3108863636363636], [0.22622080697080704, 0.31955104617604624, 0.2100969030969031, 0.24413124375624368], [0.24684391996892002, 0.2681631285381285, 0.17658207070707074, 0.30841088078588075], [0.2849890664890665, 0.24081931956931973, 0.17675685425685425, 0.2974347596847597], [0.29691988566988575, 0.2749035547785548, 0.18958885558885552, 0.23858770396270398], [0.20999592074592077, 0.320600357975358, 0.214815823065823, 0.2545878982128982], [0.2104584027084027, 0.26992170329670334, 0.17050532800532803, 0.34911456598956614], [0.25814382839382843, 0.2632136752136753, 0.20553794816294815, 0.27310454822954827], [0.35503525641025646, 0.26961507936507934, 0.14478617216117212, 0.23056349206349203], [0.29340830003330015, 0.3041739004459593, 0.13343475478769593, 0.26898304473304474], [0.23239473026973032, 0.2873831168831169, 0.22829051504051498, 0.2519316378066379], [0.2441265401265401, 0.2619125286478228, 0.21458903922874512, 0.279371891996892], [0.3050846653346654, 0.21959138084138086, 0.18715921578421582, 0.28816473803973797], [0.3088572538572538, 0.27740284715284724, 0.14916498778998777, 0.2645749111999113], [0.23639366883116888, 0.3144841686091687, 0.14487762237762244, 0.3042445401820402], [0.23054527417027423, 0.30147638472638494, 0.1710357836607837, 0.29694255744255743], [0.31835515873015874, 0.2755597041847044, 0.12810407647907648, 0.27798106060606076], [0.2009762321012321, 0.27451888389388396, 0.17505640193140187, 0.34944848207348217], [0.21405853868353877, 0.28955540293040305, 0.16891901154401157, 0.32746704684204686], [0.32753869741369745, 0.2340743423243424, 0.12954960317460315, 0.30883735708735716], [0.25308739871239866, 0.25643728983434866, 0.21498227671021788, 0.2754930347430347], [0.20720561383061384, 0.2731566766566767, 0.1886719807969809, 0.3309657287157288], [0.2115082972582972, 0.2805034548784549, 0.17554285991785984, 0.3324453879453879], [0.2857141608391609, 0.23538572946661174, 0.23192536221947985, 0.24697474747474743], [0.26448629148629155, 0.2861957070707072, 0.17599585137085133, 0.27332215007215016], [0.2382488067488068, 0.2707565808374633, 0.22936053815465582, 0.2616340742590742], [0.2700591699966699, 0.25214334970584973, 0.15676763514263503, 0.3210298451548453], [0.26368699356199354, 0.28117589355089356, 0.20322893079143076, 0.25190818209568216], [0.23953260628260634, 0.2140572899322899, 0.2494033744033744, 0.29700672938172945], [0.30319582756424873, 0.16930897319055208, 0.22069601232101238, 0.30679918692418723], [0.19463640526140533, 0.29486310911310915, 0.18007541070041075, 0.33042507492507495], [0.26333585858585856, 0.30616901154401166, 0.15187508325008323, 0.27862004662004675], [0.21208227883227887, 0.26989241314241313, 0.2270124042624043, 0.29101290376290395], [0.292681061993562, 0.29751616928822816, 0.18556221066515177, 0.22424055805305806], [0.23055248917748916, 0.3171090576090576, 0.19191341501635611, 0.260425038197097], [0.30740363109113117, 0.30555842074592077, 0.1469216616716616, 0.24011628649128658], [0.25296710234210235, 0.282685828060828, 0.1824701825951826, 0.28187688700188696], [0.19014430014430012, 0.29678360528360537, 0.2474086746586746, 0.2656634199134199], [0.243935064935065, 0.2603755411255413, 0.18155934343434343, 0.3141300505050506], [0.34920754245754254, 0.22154131489425613, 0.19782356613974256, 0.23142757650845897], [0.20116076978576986, 0.35087400099900096, 0.1509482739482739, 0.2970169552669553], [0.2355835961424197, 0.2732379515908928, 0.21849190270513805, 0.2726865495615496], [0.21711277611277605, 0.2937207098457098, 0.22819651182151182, 0.26097000222000233], [0.31696987734487747, 0.24940331890331904, 0.18145634920634923, 0.2521704545454546], [0.27472737883032006, 0.2640101010101009, 0.16348502886002883, 0.2977774912995501], [0.24991276289070413, 0.24428624153624154, 0.1886432387057387, 0.31715775686731584], [0.21045861083361087, 0.28956242368742374, 0.25339911477411475, 0.24657985070485072], [0.24640975690975686, 0.32440184121434135, 0.20250459956709957, 0.2266838023088023]]}, "rewritten": {"ids": ["97105451", "97105760", "97107260", "97108520", "97112300", "97118210", "98107210", "98107410", "98108520", "98110230", "98110710", "98111670", "98112580", "98119591", "98121790", "99107640", "99107660", "99107950", "99108010", "99108080", "99109311", "99112300", "99116500", "99117630", "99117740", "100108260", "100109311", "100109890", "100109910", "100111080", "100111270", "100111380", "100113210", "100116500", "101108080", "101111310", "101112160", "101112690", "101114990", "101117580", "102107961", "102110690", "102110750", "102110890", "102112030", "102112250", "102114270", "103109791", "103111620", "103113210", "103113260", "103113610", "103117200", "103117461", "103120290", "104111380", "104111880", "104113000", "104113210", "104116441", "104118340", "105113330", "105113480", "105116441", "105116501", "105117431", "106115120", "106115240", "106115250", "106117770", "106118820", "106120640", "107113130", "107113170", "107114200", "107115250", "107116501", "107116980", "107119130", "107120010", "107121700", "108114180", "108114200", "108115500", "108115870", "108118520", "108119510", "108120280", "109113591", "109114220", "109114270", "109116170", "109116750", "109117600", "109117730", "109118231", "109120540", "109120560", "110113591", "110115120", "110116300", "110117140", "110117500", "110118161", "110119030", "110120560", "110121140", "111114121", "111116010", "111116090", "111116170", "111116411", "111116990", "111117480", "111117571", "111118810", "111119290", "111119340", "111119930", "112116401", "112116540", "112116800", "112116810", "112116880", "112117030", "112117571", "112118581", "112118620", "112118701", "112118880", "112119120", "112119320", "112120990", "112121410", "113118111", "113118810", "113119120", "113119360", "113120830", "113121950", "113122120", "113122190"], "labels": [0, 0, 2, 2, 2, 2, 1, 3, 2, 3, 2, 1, 2, 1, 2, 1, 3, 1, 2, 3, 1, 0, 2, 3, 2, 3, 1, 3, 2, 0, 2, 3, 0, 2, 0, 3, 3, 1, 3, 3, 3, 0, 1, 0, 2, 0, 3, 3, 0, 3, 3, 2, 0, 0, 2, 3, 3, 1, 3, 1, 2, 3, 0, 1, 1, 1, 1, 1, 2, 0, 3, 3, 1, 0, 2, 2, 1, 3, 1, 1, 3, 1, 0, 3, 3, 0, 1, 3, 3, 3, 3, 0, 0, 1, 3, 1, 1, 1, 0, 0, 3, 3, 1, 0, 0, 0, 3, 0, 1, 3, 0, 0, 0, 1, 3, 0, 3, 3, 1, 0, 1, 0, 3, 0, 2, 3, 1, 3, 0, 1, 1, 1, 2, 0, 1, 3, 3, 0, 3, 3, 1, 1], "predicted_labels": [1, 1, 1, 0, 0, 2, 1, 0, 0, 1, 1, 1, 1, 3, 1, 3, 0, 1, 1, 3, 1, 0, 1, 1, 1, 1, 0, 0, 2, 1, 1, 0, 1, 3, 0, 1, 0, 0, 1, 1, 0, 1, 1, 3, 2, 3, 1, 0, 1, 0, 1, 0, 1, 1, 1, 3, 1, 3, 0, 3, 1, 1, 1, 1, 3, 1, 0, 0, 1, 1, 1, 1, 0, 0, 1, 1, 0, 0, 1, 1, 1, 1, 1, 1, 0, 0, 0, 0, 0, 3, 3, 1, 1, 0, 1, 1, 1, 3, 0, 1, 0, 0, 3, 0, 1, 1, 3, 1, 1, 0, 0, 0, 0, 1, 3, 2, 3, 1, 3, 3, 2, 0, 0, 1, 1, 3, 3, 1, 0, 3, 1, 1, 1, 3, 0, 1, 3, 3, 1, 0, 1, 1], "confidence_scores": [[0.24868499555999563, 0.31565207504913395, 0.17625322308410546, 0.2594097063067652], [0.233838813963814, 0.30394437506937505, 0.20930050505050515, 0.2529163059163059], [0.2615961954711955, 0.26814088362617783, 0.22925892693907393, 0.24100399396355282], [0.2784536435786435, 0.25519233544233555, 0.20288820207570207, 0.26346581890331894], [0.28216053391053403, 0.2605528915528916, 0.21735914085914085, 0.2399274336774337], [0.24634209744503852, 0.2277439782439783, 0.26526367178573057, 0.2606502525252526], [0.26643901931401925, 0.2869080086580087, 0.18104233266733266, 0.2656106393606395], [0.3879055944055944, 0.2354950466200466, 0.20205412642912646, 0.17454523254523252], [0.30256727994228, 0.26780573593073603, 0.21910271672771672, 0.2105242673992673], [0.2370005411255411, 0.3083055922835337, 0.1905317607229372, 0.2641621058679883], [0.20487932900432904, 0.30591483026777144, 0.22188929208046854, 0.2673165486474311], [0.23689098401598407, 0.2823293650793651, 0.21251769064269055, 0.26826196026196025], [0.29692939005439006, 0.3022028992249581, 0.18177460937755047, 0.21909310134310137], [0.26174188311688323, 0.27938239538239545, 0.15528012265512264, 0.303595598845599], [0.2674059343434344, 0.27668722943722956, 0.21478622766122765, 0.24112060855810857], [0.23302561327561325, 0.27732206682206684, 0.20532996864246866, 0.2843223512598514], [0.3018477841602841, 0.2942088654809244, 0.1859829704609117, 0.21796037989787986], [0.20822874347874343, 0.2815830974580975, 0.26141214341214347, 0.2487760156510157], [0.20538503163503166, 0.35658910533910526, 0.1981755883005883, 0.23985027472527481], [0.2548813776093188, 0.2592611416361416, 0.22512887112887117, 0.2607286096256684], [0.2613053058053058, 0.2954796314796315, 0.1817824675324675, 0.2614325951825952], [0.3247315046065046, 0.2500110445110445, 0.1757105533355533, 0.2495468975468976], [0.23010443722943724, 0.3180162198912199, 0.24217773892773892, 0.20970160395160392], [0.24199782162282166, 0.2864013486513487, 0.2464621767121768, 0.22513865301365296], [0.25609923409923413, 0.30719900932400934, 0.17310694860694856, 0.263594807969808], [0.2436780303030302, 0.31277211677211675, 0.1915981240981241, 0.25195172882672884], [0.3363450577200578, 0.21071500721500727, 0.19930501443001436, 0.25363492063492066], [0.3307664141414141, 0.21258778721278726, 0.22670003607503603, 0.22994576257076257], [0.21870310245310245, 0.256073828948829, 0.2685926573426574, 0.25663041125541136], [0.2533805916305917, 0.3125095043845045, 0.2062924089799089, 0.227817495004995], [0.22962842712842718, 0.2901172438672439, 0.2185585248085248, 0.2616958041958042], [0.2953873875307698, 0.232975912975913, 0.24869596661508425, 0.22294073287823288], [0.21433170995670991, 0.3161620532245533, 0.2072942127317127, 0.262212024087024], [0.22602500277500287, 0.25299765512265515, 0.24769590132090133, 0.2732814407814408], [0.27463075894693534, 0.2616109862359863, 0.19408901229489467, 0.2696692425221838], [0.2501875346875347, 0.3104622322122321, 0.1859955253080253, 0.2533547077922078], [0.2884677544677545, 0.23823100510600514, 0.21653649128649125, 0.25676474913974917], [0.2844040265290266, 0.2493507603507604, 0.1924459568209568, 0.2737992562992564], [0.2329577922077922, 0.30912828348122456, 0.2187296502517091, 0.23918427405927414], [0.24411484348984344, 0.3540817307692308, 0.19135681679431682, 0.21044660894660897], [0.31047372072372076, 0.2836093073593074, 0.20987788600288598, 0.19603908591408586], [0.28598250360750366, 0.33969534632034615, 0.14419895382395378, 0.23012319624819624], [0.2259597763347764, 0.28725846375846387, 0.24863607226107226, 0.23814568764568766], [0.30603108003108015, 0.21776603461897576, 0.16898167600373484, 0.30722120934620933], [0.2321285173160173, 0.24458204989455, 0.26397536491286494, 0.25931406787656797], [0.2981946248196249, 0.19236958874458876, 0.1903755966255966, 0.3190601898101901], [0.2206671939171939, 0.3193290598290599, 0.19994164862914865, 0.26006209762459764], [0.3039481074481076, 0.2536004134754135, 0.14446897546897544, 0.2979825036075036], [0.2257879342879343, 0.3171723831723833, 0.17648724886224884, 0.28055243367743365], [0.28938486513486505, 0.258162296037296, 0.25573629148629157, 0.19671654734154737], [0.20948791486291485, 0.3248388902763902, 0.2250174894549894, 0.24065570540570552], [0.2633085664335664, 0.25471341158841154, 0.24694745532245527, 0.23503056665556674], [0.2307941364191364, 0.35028243284493293, 0.19737274531024535, 0.22155068542568543], [0.31160689310689316, 0.32622692585192586, 0.15878595016095015, 0.20338023088023097], [0.22830276749394404, 0.30921031746031746, 0.24310230455818693, 0.21938461048755173], [0.26508026695526693, 0.27361491286491285, 0.17719520757020757, 0.28410961260961254], [0.2058214563214563, 0.34023248973248976, 0.18683486652236658, 0.26711118742368745], [0.2547428564082975, 0.27607981601731596, 0.18669422938172933, 0.28248309819265705], [0.2955458941643153, 0.27073646236804144, 0.1969814768564769, 0.23673616661116664], [0.25235737873237873, 0.27603829503829513, 0.1560492424242424, 0.3155550838050839], [0.2279937423687423, 0.2987092352092353, 0.20611616161616164, 0.26718086080586084], [0.2461855366855367, 0.28965015540015543, 0.18484862359862358, 0.2793156843156843], [0.24571471502353845, 0.30995704295704296, 0.1881096273008037, 0.25621861471861473], [0.28784458596958595, 0.3209862914862916, 0.13963005050505045, 0.251539072039072], [0.22604237429237434, 0.28454981823731823, 0.20355760905760903, 0.2858501984126984], [0.26785286935286934, 0.29712550643800656, 0.2439322968697969, 0.19108932733932732], [0.3692130230880231, 0.19356141774891775, 0.17985633116883115, 0.25736922799422807], [0.35923556998557005, 0.28152267177267176, 0.18329373404373403, 0.17594802419802416], [0.2323120490620491, 0.30543023643023665, 0.22047892385392376, 0.24177879065379074], [0.24891287878787868, 0.27859460678210674, 0.22116917110667114, 0.25132334332334344], [0.21739135864135875, 0.32098179598179605, 0.19288129925629924, 0.2687455461205462], [0.29882227494727504, 0.30158019758019755, 0.19130011655011653, 0.20829741092241094], [0.27154695304695303, 0.25097343138887257, 0.2293740267085855, 0.24810558885558895], [0.2737531635031636, 0.25430090742590744, 0.20589434176934185, 0.2660515873015875], [0.25490342092547974, 0.2684096875346877, 0.23353201863495981, 0.24315487290487287], [0.25207945526695535, 0.297915410977911, 0.19454343573093566, 0.2554616980241981], [0.32125283744033745, 0.30096992590742594, 0.13670063270063265, 0.24107660395160402], [0.35717433261183273, 0.28101984126984125, 0.16605862193362195, 0.19574720418470418], [0.24119769119769122, 0.30255934343434354, 0.20841078366078367, 0.2478321817071818], [0.25360515873015876, 0.2942587412587413, 0.2026305312334724, 0.2495055687776276], [0.2033968253968254, 0.3038642607392607, 0.2113684926184926, 0.28137042124542133], [0.23241946941946945, 0.33547991959021384, 0.16102910610631194, 0.27107150488400494], [0.25961754911754914, 0.29274909812409816, 0.2168157120657121, 0.23081764069264069], [0.23513897907647904, 0.28082016594516596, 0.23820584276834275, 0.24583501221001217], [0.29516217116217125, 0.2728261946386947, 0.18373040848040847, 0.24828122571872577], [0.2839319985569986, 0.23293530081030084, 0.2025367757242757, 0.2805959249084249], [0.30287766808355043, 0.2702988400488401, 0.1924165377106554, 0.23440695415695412], [0.32525180375180374, 0.24531565656565654, 0.14621626984126984, 0.28321626984126996], [0.305623883061383, 0.28118734043734056, 0.14801326451326446, 0.265175511988012], [0.22099937562437563, 0.2664995282495282, 0.24099429736929742, 0.2715067987567988], [0.26003618113912236, 0.26789578477078496, 0.15284577922077922, 0.3192222548693136], [0.2509710914085914, 0.28957345432345444, 0.19943264374514366, 0.26002281052281057], [0.2945563296997122, 0.29774712787212787, 0.19922612395774164, 0.20847041847041844], [0.2902384004884005, 0.28220981795981787, 0.20608547008546996, 0.22146631146631146], [0.27007810245310254, 0.2885177738927738, 0.23374444999444996, 0.20765967365967367], [0.270374327061827, 0.312534541847042, 0.16158830058830057, 0.2555028305028304], [0.22384794372294373, 0.3197474608724609, 0.24354043179043178, 0.2128641636141636], [0.24582025613275618, 0.2702126623376623, 0.20198515373515374, 0.2819819277944278], [0.3066485597735598, 0.2530620490620491, 0.19572753635253629, 0.24456185481185486], [0.26723626373626375, 0.29914351987881405, 0.18435949099919682, 0.24926072538572538], [0.28175516150516144, 0.2673055555555556, 0.24152049543593665, 0.20941878750334633], [0.3134399697524697, 0.2367118437118437, 0.18346280802530798, 0.2663853785103785], [0.22074746087246092, 0.2573689782439782, 0.18127046564546564, 0.34061309523809535], [0.33188095238095244, 0.28167352092352105, 0.15942523448773446, 0.22702029220779213], [0.23996025757867856, 0.3340411160476951, 0.1502111222111222, 0.2757875041625042], [0.25260428868517093, 0.27953124653124656, 0.24217054758966527, 0.2256939171939173], [0.26250775613275623, 0.25789736652236656, 0.15098051948051944, 0.328614357864358], [0.2702775974025974, 0.3175830835830836, 0.14923686036186037, 0.2629024586524587], [0.23129617604617608, 0.2927931512931513, 0.20277955377955373, 0.27313111888111896], [0.2722856032856033, 0.2563430597180597, 0.21743492618492624, 0.25393641081141083], [0.276258103008103, 0.26887405649905655, 0.21994921744921744, 0.23491862304362315], [0.3169606782106783, 0.23280609668109684, 0.18636453823953825, 0.26386868686868686], [0.28775342712842716, 0.25766378066378065, 0.19686188811188812, 0.2577209040959041], [0.2754185675435675, 0.3203167388167389, 0.18895090530384645, 0.21531378833584722], [0.23342712842712846, 0.2804573065823066, 0.19018073593073598, 0.2959348290598291], [0.24549496336996332, 0.2514690656565656, 0.2965675643800645, 0.20646840659340665], [0.2573561507936507, 0.2689183802308803, 0.15761119436119428, 0.31611427461427466], [0.22614378676878677, 0.29197920135420136, 0.20960755910755924, 0.27226945276945286], [0.2364886363636364, 0.27303110778110773, 0.17711194361194355, 0.3133683122433123], [0.271281302031302, 0.2390229631479631, 0.14666873404373404, 0.3430270007770008], [0.23702066479272357, 0.2274950743700743, 0.29679975579975576, 0.23868450503744632], [0.31639935064935065, 0.23857683982683983, 0.18253973803973808, 0.26248407148407155], [0.2944215416936005, 0.24837626262626256, 0.2598215575274399, 0.19738063815269702], [0.25643697968697987, 0.2745683621933621, 0.24001040626040634, 0.22898425185925192], [0.22524049561549575, 0.3216295648795649, 0.23369570707070703, 0.2194342324342324], [0.24486560171854296, 0.2712429098679098, 0.175486111111111, 0.30840537730243606], [0.23623684648684634, 0.2581863275613276, 0.18085201603951595, 0.32472480991231], [0.26865241702741705, 0.2876513592616535, 0.1799349155746215, 0.2637613081363081], [0.3014545454545455, 0.2596233072483074, 0.16504685592185592, 0.27387529137529143], [0.24537119824619824, 0.2827469613719615, 0.17750757575757573, 0.2943742646242647], [0.27294422244422245, 0.28104860907066803, 0.19455586978381095, 0.25145129870129884], [0.18963443500943497, 0.33849525474525477, 0.18092106504606506, 0.2909492451992451], [0.25091398185148195, 0.2982116008991009, 0.2437455322455323, 0.2071288850038849], [0.21271257419051537, 0.2758947857697857, 0.1983212114682704, 0.3130714285714286], [0.3246359057609057, 0.2541740065490066, 0.1754252414252414, 0.24576484626484618], [0.19073959373959373, 0.35080372405372406, 0.20641582029082034, 0.2520408619158619], [0.25171284271284267, 0.2561666389166389, 0.18096431346431344, 0.311156204906205], [0.22350241425241432, 0.28540506389035813, 0.16600691302161888, 0.32508560883560883], [0.24315212565212566, 0.2804060245310244, 0.22352994227994225, 0.2529119075369077], [0.31785977910977903, 0.24577548840048852, 0.17981664169164163, 0.256548090798091], [0.2393101620601621, 0.3138849761349763, 0.16635669885669888, 0.280448162948163], [0.2521445547916135, 0.27687809412809417, 0.19618245153539257, 0.2747948995448996]]}}