{"test": {"ids": ["109116040", "113121750", "109114720", "109113931", "108117360", "112116990", "104111880", "112120990", "98106111", "102110500", "97109570", "107118490", "110118181", "98109090", "113118231", "113122510", "109117600", "98108150", "99108580", "111116530", "113118421", "110114651", "98109570", "113121980", "97116800", "99108000", "113118620", "103113101", "108115880", "108114670", "113120591", "108113620", "100111380", "108115870", "99117630", "110114950", "111121190", "101112690", "100109980", "103111110", "102112030", "107112840", "111114941", "97107260", "97113260", "110114561", "98116090", "97108520", "110118810", "112119450", "112120700", "106117650", "99120010", "107119390", "97118210", "111119930", "105116441", "112117461", "110117200", "98111860", "97112830", "105118171", "111116411", "105118230", "108120700", "101112201", "107113130", "103117461", "101108621", "100109890", "101108370", "113121190", "105119550", "101113210", "108120060", "113120070", "105117200", "103109791", "112118530", "101114990", "107116980", "112118860", "98108970", "100108520", "100109330", "111120531", "107116340", "99111340", "111118301", "110120560", "103110840", "98110810", "101121640", "104111531", "103112470", "106114150", "112119930", "104116441", "113120640", "97107821", "109114030", "109114651", "108114200", "108116070", "105119950", "107113360", "99107300", "97107950", "109114270", "104110960", "111115620", "112119610", "110118630", "110115250", "102116500", "105116980", "98110680", "107114140", "104111990", "98112170", "99109840", "107114280", "112119120", "101111990", "109118701", "103111990", "113120601", "111116170", "99109910", "101114020", "108114270", "113117340", "98119591", "112118421", "104117200", "100120010", "103110760", "104114320", "111120320", "105111990", "102110690", "111119340"], "labels": [0, 0, 0, 1, 1, 0, 3, 2, 0, 3, 0, 2, 1, 1, 3, 2, 1, 0, 0, 3, 3, 3, 1, 2, 0, 2, 3, 3, 3, 3, 0, 3, 3, 3, 3, 0, 1, 1, 1, 3, 2, 1, 0, 2, 1, 0, 0, 2, 1, 3, 2, 1, 2, 2, 2, 1, 1, 0, 3, 0, 2, 3, 0, 1, 2, 0, 1, 0, 0, 3, 1, 1, 1, 3, 1, 2, 3, 3, 1, 3, 3, 3, 3, 2, 0, 0, 3, 1, 3, 0, 1, 1, 2, 0, 1, 1, 1, 1, 0, 2, 1, 3, 0, 1, 3, 0, 3, 2, 3, 2, 1, 0, 1, 1, 1, 0, 2, 2, 2, 3, 2, 3, 1, 2, 3, 2, 2, 0, 2, 3, 3, 2, 1, 3, 3, 0, 1, 2, 1, 2, 0, 3], "predicted_labels": [3, 1, 3, 3, 3, 3, 3, 1, 3, 0, 3, 1, 1, 1, 0, 1, 3, 1, 1, 1, 0, 3, 3, 3, 0, 3, 1, 1, 0, 3, 3, 1, 1, 0, 0, 3, 3, 3, 1, 1, 1, 0, 0, 3, 3, 1, 1, 1, 0, 3, 0, 0, 2, 2, 3, 3, 1, 2, 1, 2, 3, 1, 3, 3, 1, 0, 2, 3, 1, 1, 0, 0, 1, 3, 2, 1, 2, 0, 1, 1, 0, 1, 0, 1, 1, 3, 1, 2, 1, 1, 0, 1, 0, 1, 3, 1, 1, 1, 3, 1, 0, 3, 2, 1, 2, 1, 0, 3, 1, 3, 1, 1, 1, 1, 1, 0, 0, 2, 0, 1, 3, 1, 1, 3, 1, 3, 1, 3, 2, 0, 3, 1, 3, 3, 3, 2, 1, 1, 1, 0, 1, 3], "confidence_scores": [[0.18816417333631089, 0.21229324976564665, 0.14304330962744755, 0.45649926727059487], [0.2204439364612735, 0.4664903487897474, 0.11392107968851181, 0.19914463506046728], [0.1890018492554898, 0.2023205217993254, 0.13075078588530925, 0.4779268430598756], [0.15932423433615636, 0.30334965922076906, 0.2234511517014643, 0.31387495474161026], [0.10321547130750684, 0.1354280518919622, 0.3717109883887097, 0.3896454884118212], [0.18926848027235488, 0.16745012979471954, 0.29431942115592685, 0.34896196877699887], [0.18507100870123477, 0.2708318639006343, 0.11678958838913425, 0.4273075390089968], [0.20939307522800527, 0.33916250571447887, 0.11550550878137904, 0.33593891027613687], [0.2851413914665771, 0.20836785362582722, 0.11289479053035692, 0.39359596437723876], [0.5184071527778444, 0.16722095194337527, 0.08679352217648269, 0.22757837310229764], [0.09292682934268637, 0.1182837765456855, 0.12371674283017654, 0.6650726512814517], [0.14138836520335743, 0.5427663625395831, 0.1057243648425884, 0.2101209074144712], [0.19651978642595427, 0.6147564027779054, 0.05775649936320296, 0.13096731143293727], [0.20076279700017952, 0.32018589597230873, 0.18793392208919185, 0.29111738493832007], [0.6405515343870964, 0.1711862462408511, 0.08691289506356704, 0.10134932430848544], [0.120533879462296, 0.5864665386478322, 0.13900137228324425, 0.15399820960662775], [0.19752145621758246, 0.27797463752983853, 0.11609466095044549, 0.4084092453021335], [0.13153045019622966, 0.5119793781138315, 0.25677212481877904, 0.09971804687115977], [0.1642000720509306, 0.3505874722768431, 0.14230222019252645, 0.34291023547969973], [0.17818646062787105, 0.4310395762453655, 0.12445629166785564, 0.2663176714589077], [0.38136461820927636, 0.21811615448844507, 0.0811494089816871, 0.31936981832059147], [0.14346054499287478, 0.15076263103049511, 0.09513877996542185, 0.6106380440112082], [0.1860407801531729, 0.1945833742599692, 0.06128471402427012, 0.5580911315625878], [0.1957196035816714, 0.29979007090488313, 0.11720325943976793, 0.3872870660736776], [0.5766693135555571, 0.12782714053265024, 0.11745996786735909, 0.1780435780444337], [0.11484008855881755, 0.2602443164701825, 0.13800499556723766, 0.4869105994037624], [0.26660319333718896, 0.3048695364532817, 0.12814870600771505, 0.3003785642018143], [0.24192117039360597, 0.365226968045836, 0.27224838982762783, 0.12060347173293028], [0.40688423791864775, 0.1546265170754293, 0.17371343369368444, 0.2647758113122387], [0.13779115542004503, 0.15511309158546713, 0.33261366036262924, 0.3744820926318586], [0.25061015483349736, 0.32108048995722244, 0.08585597147951339, 0.34245338372976686], [0.1167894578751418, 0.39463235769618593, 0.2897559413921075, 0.19882224303656498], [0.20106116566303694, 0.46183518547890107, 0.16881805431707558, 0.16828559454098635], [0.3646963332239442, 0.23142535043457102, 0.25360216431978017, 0.15027615202170466], [0.4938550257548104, 0.157409727059903, 0.07180122571644597, 0.27693402146884066], [0.08737570641460393, 0.11534643741450193, 0.09549266736382185, 0.7017851888070723], [0.18175245059057818, 0.2691987320630663, 0.19695215107581088, 0.3520966662705449], [0.2830360750809463, 0.29895599480986434, 0.11038637941241912, 0.30762155069677016], [0.22269342419154298, 0.33486862840905124, 0.2504299650730687, 0.19200798232633715], [0.14977849823317485, 0.5137603554245664, 0.04838532849957576, 0.28807581784268294], [0.18424896768263038, 0.29807542591633895, 0.24136753760375854, 0.2763080687972723], [0.3860194358643287, 0.16470938993044373, 0.16358757138541066, 0.28568360281981686], [0.3832941423948493, 0.3066546828132232, 0.1263779209049294, 0.183673253886998], [0.16216166480160724, 0.24746366038084747, 0.18836731811887056, 0.40200735669867466], [0.26992633467101756, 0.1691366530367782, 0.11031386485847872, 0.45062314743372556], [0.15365032060236197, 0.5102883261011927, 0.10477892272836109, 0.23128243056808429], [0.21019618357722036, 0.32672112316482965, 0.16141470784868683, 0.3016679854092631], [0.2141706969086832, 0.45884188749333793, 0.14923683936856322, 0.17775057622941576], [0.46374856133152104, 0.18821520491480073, 0.18787201079223442, 0.16016422296144386], [0.20839046279725582, 0.18885364162565493, 0.12969766727826978, 0.4730582282988195], [0.30733199315778237, 0.27116037794279413, 0.15656899619783707, 0.26493863270158646], [0.6601347957262295, 0.1548362015034303, 0.0749841274171797, 0.11004487535316047], [0.1618380045073372, 0.17279738819688656, 0.349899998660871, 0.31546460863490505], [0.21842207260643243, 0.26914118349473276, 0.27201280583851933, 0.24042393806031545], [0.32256324821420385, 0.16417697439621295, 0.18162741299102503, 0.3316323643985582], [0.2558351746688736, 0.18070892822428214, 0.16883552908970972, 0.3946203680171345], [0.15043169459513336, 0.5425932334442125, 0.08501790237675365, 0.22195716958390066], [0.19164788182616446, 0.15941009448545396, 0.43715066370592465, 0.2117913599824569], [0.23021303257881773, 0.4168322233462817, 0.07221089372658059, 0.28074385034832006], [0.16112689266172403, 0.20248573653595933, 0.41444870630141, 0.22193866450090655], [0.24219252014941908, 0.1655997098385578, 0.11637600763045955, 0.4758317623815636], [0.11978793575041083, 0.46620726961277764, 0.07207577980822909, 0.34192901482858223], [0.38050997997296665, 0.11932135283742491, 0.041000885508289515, 0.45916778168131894], [0.2529171040986425, 0.2668322996928901, 0.08195314143642948, 0.39829745477203804], [0.21285055152872615, 0.3324136483975128, 0.3114448411340006, 0.14329095893976057], [0.34560958113360135, 0.32161753822013883, 0.10802606857300584, 0.22474681207325392], [0.2366303847198817, 0.22588120132453507, 0.3685811224974273, 0.16890729145815594], [0.16003526613709992, 0.25338802807318334, 0.2515386277169176, 0.33503807807279923], [0.24288864066964344, 0.38313167136957593, 0.10804696914497929, 0.2659327188158013], [0.25102380473653013, 0.47856209937499, 0.1146504124430527, 0.15576368344542732], [0.5215181043651044, 0.24348777462386273, 0.06986501975508824, 0.1651291012559447], [0.5145120986137971, 0.2572705703311134, 0.09259797056361245, 0.1356193604914771], [0.1598335863765432, 0.5201830401366455, 0.17050329037840573, 0.14948008310840558], [0.18111371868369597, 0.2548325747933969, 0.21550305946693032, 0.34855064705597677], [0.1646725064179726, 0.25480815301580795, 0.4570781060580382, 0.12344123450818116], [0.14582395726503047, 0.3179842053466035, 0.23870633604558536, 0.29748550134278073], [0.24187070223571905, 0.25858244652070567, 0.2861180662115702, 0.21342878503200502], [0.31601800100866767, 0.24652733447061617, 0.17798167769964304, 0.2594729868210731], [0.21800460027436697, 0.37491799907347906, 0.24546639858998925, 0.16161100206216475], [0.1460147603144616, 0.37646914695155487, 0.22163741466773682, 0.25587867806624676], [0.4641268405245942, 0.2216612595785268, 0.10215446082094543, 0.21205743907593347], [0.15864275503938613, 0.5137044785156352, 0.17971435334910327, 0.14793841309587544], [0.33196050820966017, 0.30565662691201845, 0.15313505810063782, 0.2092478067776835], [0.2477223588465223, 0.37779061500406336, 0.13372722286353295, 0.2407598032858814], [0.21968494981882267, 0.4117923910264648, 0.24119296331587203, 0.1273296958388404], [0.1756617991525544, 0.3236581843583363, 0.14059527333488808, 0.36008474315422123], [0.24561550789042233, 0.3599772907659101, 0.1526646210947021, 0.24174258024896578], [0.17725641342315573, 0.2183002055256898, 0.41636957377749384, 0.18807380727366063], [0.2090486219204849, 0.37491760617082065, 0.07642081379544685, 0.33961295811324765], [0.16066500058136987, 0.38634518271966206, 0.2899108867637395, 0.16307892993522863], [0.3484754867823534, 0.21003284996280364, 0.24213949007246116, 0.1993521731823818], [0.24429830440843012, 0.42460777911348413, 0.1613597948086275, 0.16973412166945845], [0.5607776491037177, 0.11902129236778755, 0.08801173265171311, 0.23218932587678154], [0.24309349644763978, 0.36449165758798113, 0.09504974616811233, 0.29736509979626696], [0.22588717923275836, 0.26528796168831337, 0.08077285795857864, 0.42805200112034975], [0.30934999363380683, 0.3495074058465217, 0.12904532357795623, 0.2120972769417153], [0.0831259399880584, 0.5396995566020742, 0.06235403552361493, 0.31482046788625234], [0.330225615057518, 0.35339838358631126, 0.09734717731413452, 0.2190288240420361], [0.196567778352973, 0.283930210706992, 0.10911370279970353, 0.4103883081403315], [0.256575728588747, 0.3920212002305351, 0.06898325241606476, 0.282419818764653], [0.3407369349037133, 0.22344248890016957, 0.2944916354700812, 0.14132894072603594], [0.19110154197023357, 0.2277437771765394, 0.1125660144996343, 0.46858866635359275], [0.22233240107848193, 0.26411765152831845, 0.2872495388654124, 0.2263004085277872], [0.21216162834837218, 0.4218039710947377, 0.17926535186196052, 0.18676904869492947], [0.26573367699375844, 0.1896440696479999, 0.33820001044846026, 0.20642224290978137], [0.22641136197027925, 0.4440369842054942, 0.1659069496803045, 0.16364470414392196], [0.2917282832039964, 0.2555556070231267, 0.19525696082444557, 0.2574591489484316], [0.2522942941247401, 0.23722095908492494, 0.10137990397552657, 0.4091048428148086], [0.18803887281019716, 0.3388934679441415, 0.19591110039627913, 0.2771565588493823], [0.3103835996921451, 0.21917584863018932, 0.13639681608909587, 0.33404373558856965], [0.30282359687168625, 0.33136791921412934, 0.09547507815876481, 0.27033340575541986], [0.16406513800077024, 0.3385002963685534, 0.2373911944063134, 0.2600433712243629], [0.14954347618023422, 0.3033407844943721, 0.29250281865918, 0.25461292066621377], [0.20334347061642383, 0.3912824394157675, 0.10492691843203386, 0.3004471715357749], [0.18121693158894828, 0.5669172736400345, 0.08535979005188793, 0.1665060047191294], [0.31332258450002093, 0.2605307697961061, 0.21266108964757402, 0.2134855560562989], [0.3160262726325549, 0.26612056811270884, 0.20673250611591026, 0.2111206531388259], [0.15696419933101174, 0.28471819112160074, 0.39754838983263596, 0.16076921971475167], [0.43282718535071146, 0.19685675656736365, 0.10045928037452237, 0.26985677770740235], [0.29025465013090107, 0.5098787022820981, 0.0535309860907366, 0.14633566149626429], [0.19853333733779702, 0.23246179468803635, 0.20181358859219212, 0.36719127938197454], [0.13261504468608704, 0.4639746426499982, 0.12004897712245634, 0.28336133554145854], [0.23767025158825625, 0.327782334972391, 0.14527163983438135, 0.28927577360497125], [0.14010393705038385, 0.23926035679669647, 0.10259807804418121, 0.5180376281087384], [0.3066104121931521, 0.40085890411859654, 0.09116325139994967, 0.20136743228830167], [0.12978742121856474, 0.25221596118707984, 0.1818258589829325, 0.43617075861142307], [0.19994482624384033, 0.34513682229800147, 0.1779030605745699, 0.2770152908835882], [0.2806513522132124, 0.27285748796051484, 0.10547709072466331, 0.34101406910160925], [0.17548032556257667, 0.2707706377607318, 0.37593681848125193, 0.1778122181954398], [0.4455010304701997, 0.24249358956082814, 0.0985044007007272, 0.21350097926824502], [0.24292341987196298, 0.26658704941866024, 0.14740203622749024, 0.34308749448188647], [0.13049232002540212, 0.4223727202653637, 0.13989088965431434, 0.30724407005492], [0.2313492999826185, 0.2055468770196778, 0.13327315326961367, 0.4298306697280901], [0.2747669202748071, 0.14980400521622497, 0.08937373504283402, 0.4860553394661339], [0.18957478659566557, 0.2975754543702564, 0.16711174456861985, 0.345738014465458], [0.15594645440854238, 0.16853729201763573, 0.5554932004125883, 0.12002305316123364], [0.32623776492247897, 0.3368738681746418, 0.10804925291132275, 0.22883911399155651], [0.3036559222171482, 0.45492046593797897, 0.12737214705087704, 0.11405146479399574], [0.24518231394982573, 0.35563531160346656, 0.0723775027693762, 0.3268048716773315], [0.33768537485710415, 0.21269935762506323, 0.21953783950995445, 0.23007742800787812], [0.15234364377555545, 0.4093485351373404, 0.23329547906745168, 0.20501234201965252], [0.2427857368527639, 0.11734644015301968, 0.05345119143848225, 0.5864166315557342]]}, "rewritten": {"ids": ["97107260", "97107821", "97107950", "97108520", "97109570", "97112830", "97113260", "97116800", "97118210", "98106111", "98108150", "98108970", "98109090", "98109570", "98110680", "98110810", "98111860", "98112170", "98116090", "98119591", "99107300", "99108000", "99108580", "99109840", "99109910", "99111340", "99117630", "99120010", "100108520", "100109330", "100109890", "100109980", "100111380", "100120010", "101108370", "101108621", "101111990", "101112201", "101112690", "101113210", "101114020", "101114990", "101121640", "102110500", "102110690", "102112030", "102116500", "103109791", "103110760", "103110840", "103111110", "103111990", "103112470", "103113101", "103117461", "104110960", "104111531", "104111880", "104111990", "104114320", "104116441", "104117200", "105111990", "105116441", "105116980", "105117200", "105118171", "105118230", "105119550", "105119950", "106114150", "106117650", "107112840", "107113130", "107113360", "107114140", "107114280", "107116340", "107116980", "107118490", "107119390", "108113620", "108114200", "108114270", "108114670", "108115870", "108115880", "108116070", "108117360", "108120060", "108120700", "109113931", "109114030", "109114270", "109114651", "109114720", "109116040", "109117600", "109118701", "110114561", "110114651", "110114950", "110115250", "110117200", "110118181", "110118630", "110118810", "110120560", "111114941", "111115620", "111116170", "111116411", "111116530", "111118301", "111119340", "111119930", "111120320", "111120531", "111121190", "112116990", "112117461", "112118421", "112118530", "112118860", "112119120", "112119450", "112119610", "112119930", "112120700", "112120990", "113117340", "113118231", "113118421", "113118620", "113120070", "113120591", "113120601", "113120640", "113121190", "113121750", "113121980", "113122510"], "labels": [2, 2, 2, 2, 0, 2, 1, 0, 2, 0, 0, 3, 1, 1, 2, 1, 0, 3, 0, 1, 3, 2, 0, 2, 2, 1, 3, 2, 2, 0, 3, 1, 3, 0, 1, 0, 2, 0, 1, 3, 3, 3, 2, 3, 0, 2, 1, 3, 1, 1, 3, 2, 1, 3, 0, 2, 0, 3, 2, 2, 1, 3, 2, 1, 0, 3, 3, 1, 1, 3, 1, 1, 1, 1, 0, 2, 3, 3, 3, 2, 2, 3, 0, 3, 3, 3, 3, 1, 1, 1, 2, 1, 1, 3, 3, 0, 0, 1, 3, 0, 3, 0, 1, 3, 1, 1, 1, 0, 0, 1, 0, 0, 3, 3, 3, 1, 1, 0, 1, 0, 0, 3, 1, 3, 1, 3, 0, 1, 2, 2, 2, 3, 3, 3, 2, 0, 2, 0, 1, 0, 2, 2], "predicted_labels": [2, 1, 3, 1, 1, 0, 3, 0, 0, 1, 1, 0, 3, 0, 1, 1, 2, 3, 3, 0, 0, 3, 1, 3, 2, 0, 0, 1, 3, 3, 0, 3, 1, 0, 0, 3, 3, 1, 0, 1, 1, 0, 3, 0, 1, 1, 0, 0, 1, 0, 3, 3, 3, 1, 0, 3, 3, 1, 1, 3, 0, 3, 0, 1, 0, 0, 3, 1, 1, 1, 1, 1, 0, 1, 1, 3, 1, 1, 3, 1, 3, 1, 3, 0, 3, 3, 0, 0, 2, 3, 2, 3, 2, 3, 3, 1, 3, 3, 1, 1, 3, 3, 3, 3, 1, 3, 2, 1, 1, 0, 3, 3, 1, 3, 3, 3, 3, 1, 3, 3, 0, 1, 0, 0, 1, 1, 1, 1, 3, 1, 1, 3, 3, 3, 2, 0, 0, 3, 1, 0, 1, 0], "confidence_scores": [[0.16790130778942736, 0.19585859179139592, 0.4117057730282865, 0.22453432739089021], [0.1511359308346134, 0.418083363221853, 0.14732816071012458, 0.2834525452334089], [0.27078300151162055, 0.24005220559018933, 0.16063213045982142, 0.32853266243836865], [0.1544639923223417, 0.5186489665642828, 0.13526648995360424, 0.19162055115977125], [0.1527265194514508, 0.38429949277016184, 0.1522878186912724, 0.31068616908711516], [0.4728209838174235, 0.13178147658192013, 0.2045538721213278, 0.1908436674793285], [0.19808891392689493, 0.1613541233316582, 0.09992926191949555, 0.5406277008219512], [0.48900398570619585, 0.14499800249111966, 0.13777299814282296, 0.22822501365986161], [0.35589890460397045, 0.135709511415682, 0.18929996540385566, 0.31909161857649193], [0.1690172037885389, 0.4571708336184079, 0.11760232307020123, 0.256209639522852], [0.1790673431593456, 0.5061728816568248, 0.22356643055547135, 0.09119334462835829], [0.41237302240008467, 0.24158134179762245, 0.20151467110978286, 0.14453096469250998], [0.30054971703597094, 0.2933262802466291, 0.09356870472117705, 0.31255529799622306], [0.5947184986207901, 0.1637470656419931, 0.03775634463418535, 0.2037780911030316], [0.16078448240809376, 0.5416148514255856, 0.177180383593159, 0.12042028257316158], [0.14154802129304556, 0.5242099159868358, 0.12417185847360795, 0.2100702042465108], [0.22469073085749158, 0.28875091373203243, 0.3164726655015498, 0.170085689908926], [0.0960566567587472, 0.10305986011008797, 0.06031583182139402, 0.7405676513097708], [0.31584697279051993, 0.20584055277175956, 0.07667067211221185, 0.4016418023255086], [0.3607954365345249, 0.20724319074462616, 0.2034674293372782, 0.2284939433835709], [0.3020499495355992, 0.170057823111258, 0.2665512521946266, 0.26134097515851606], [0.14169576153500452, 0.31864294648110597, 0.20369219625385274, 0.3359690957300368], [0.1775236582241755, 0.45571797608702713, 0.21243220016952238, 0.15432616551927497], [0.12058840822085691, 0.22962149292971218, 0.18291502512319258, 0.4668750737262382], [0.08680359885205066, 0.13985255311523437, 0.6818258087504122, 0.0915180392823029], [0.42033024482547526, 0.1446732302453721, 0.22523070079292598, 0.20976582413622658], [0.4051417732140416, 0.23916745608469997, 0.1313639132235743, 0.2243268574776843], [0.21314333160634072, 0.3185007040430814, 0.30433266630401484, 0.1640232980465631], [0.31021906652173825, 0.2093195477202082, 0.1346579825468132, 0.34580340321124037], [0.09767907176654225, 0.1451669691126961, 0.12553933870838202, 0.6316146204123797], [0.4942988996155209, 0.19877450265397492, 0.0989990011929663, 0.20792759653753795], [0.2145475592963752, 0.2668791155793799, 0.20769405659789666, 0.3108792685263484], [0.16712198699334083, 0.4000390430917617, 0.2125666859311236, 0.22027228398377394], [0.3403473281216924, 0.20623401699288116, 0.2539475462321551, 0.1994711086532714], [0.3759045980988584, 0.2826359021316595, 0.14077493275795355, 0.20068456701152848], [0.15263803022821698, 0.12743588542341414, 0.04254789312623134, 0.6773781912221376], [0.20037737098809752, 0.23972261242071796, 0.11122872090723367, 0.4486712956839507], [0.29554162759795305, 0.5505773260374993, 0.06045503158727645, 0.09342601477727122], [0.3937354049046525, 0.2112109915283254, 0.17672180297063075, 0.21833180059639148], [0.25732727054353316, 0.30036182058957955, 0.19308942443802463, 0.2492214844288627], [0.25013093818856796, 0.3258569501915725, 0.18401279869485224, 0.23999931292500726], [0.3150362979494336, 0.2812744330577976, 0.14732771864964272, 0.25636155034312613], [0.22298177788536494, 0.11137079675895589, 0.04397123295747381, 0.6216761923982054], [0.6261748901323402, 0.10012458779667913, 0.05933375739364826, 0.21436676467733257], [0.1912167820944092, 0.5143598499350933, 0.07342953964772851, 0.2209938283227689], [0.15380764302415695, 0.42164737032287064, 0.2170758739683154, 0.20746911268465687], [0.45243700711123663, 0.34641773438927487, 0.12200448621679354, 0.07914077228269481], [0.37548099950196856, 0.13758973176637712, 0.2703781376166542, 0.21655113111500002], [0.17499957776845018, 0.41322179236735507, 0.1280553913089767, 0.2837232385552181], [0.4090483900741486, 0.11379516634604005, 0.28534245990882984, 0.19181398367098165], [0.2971856289779493, 0.17781241609730586, 0.1844161199570151, 0.34058583496772976], [0.20536073382403947, 0.20702921811124717, 0.15204391307128892, 0.43556613499342456], [0.30257397382369844, 0.23064558643079924, 0.12314467594120765, 0.3436357638042946], [0.11243041155546613, 0.40728958526342857, 0.3184787955556477, 0.16180120762545744], [0.33172340554886914, 0.28593441109014295, 0.10652711199724764, 0.27581507136374017], [0.284315001284211, 0.2261627962271324, 0.14769117438046675, 0.3418310281081899], [0.2259829685486425, 0.3017059797223638, 0.11700972965550219, 0.35530132207349163], [0.18282705685774003, 0.4593226403027927, 0.17901029607352295, 0.17884000676594444], [0.25392064202747006, 0.41445890450676476, 0.21659504055475923, 0.11502541291100596], [0.14291085725856884, 0.26061962990627496, 0.07582534137790346, 0.5206441714572527], [0.30240611432238196, 0.2831608581824001, 0.16788027763729302, 0.24655274985792486], [0.21396092681898957, 0.15887619912081105, 0.0815251859582716, 0.5456376881019278], [0.4073599223167628, 0.23101311354189732, 0.21620573884661504, 0.14542122529472484], [0.3237493027279418, 0.46880200903830305, 0.0655656473984661, 0.14188304083528905], [0.5163309360661277, 0.31772704198179447, 0.06695875187453196, 0.09898327007754594], [0.3109636597975189, 0.25903207538936524, 0.25455660886174075, 0.17544765595137526], [0.17179429000661683, 0.3115145409857848, 0.07539771606795923, 0.4412934529396392], [0.3053590867351092, 0.4571210147320577, 0.10546128498761662, 0.1320586135452166], [0.12643517642745458, 0.5906584950409539, 0.10540587812511061, 0.17750045040648096], [0.3258431540114736, 0.35437538302773525, 0.11842847843573848, 0.2013529845250527], [0.21006292229046908, 0.33191182846974177, 0.28788952224923425, 0.1701357269905552], [0.33320624810172167, 0.39275962782646906, 0.14247180285286254, 0.1315623212189468], [0.3580212641604848, 0.24513039483626337, 0.13965868191197361, 0.2571896590912784], [0.17138870338363207, 0.36446201155024016, 0.24062093767613973, 0.22352834738998825], [0.09851588793529588, 0.6798982051503222, 0.15326357647732136, 0.06832233043706079], [0.12523297702266323, 0.28850751155567683, 0.20245381015781938, 0.3838057012638407], [0.18665790259973686, 0.4944734308619885, 0.14801032331077843, 0.17085834322749635], [0.1557141669640916, 0.5240617740837646, 0.17590335788871372, 0.14432070106343], [0.23432291153694357, 0.3109829409876609, 0.10469206146239494, 0.3500020860130006], [0.1298248949136201, 0.35553220591134216, 0.23719561370582534, 0.2774472854692127], [0.18323417712506745, 0.29762925406811036, 0.1520424515349547, 0.3670941172718677], [0.09580630860774832, 0.5356956484334534, 0.14670330388765884, 0.22179473907113936], [0.23418220291048883, 0.24545714601830856, 0.15088799861098032, 0.36947265246022243], [0.3506482016901696, 0.21256528011355555, 0.17653102071701882, 0.26025549747925586], [0.1172935127929059, 0.25334727973698107, 0.25091198897964534, 0.37844721849046775], [0.22735571312120476, 0.23739077302034928, 0.17152400501617165, 0.36372950884227456], [0.41431562547108414, 0.30523078694747513, 0.06111649955696989, 0.2193370880244708], [0.3475110891525759, 0.1999553785222274, 0.20244642323384487, 0.25008710909135157], [0.13885400873889772, 0.1924799265900477, 0.47969564813460563, 0.18897041653644886], [0.1621025346696634, 0.19050091399216101, 0.27352508053496755, 0.3738714708032082], [0.17415604584552083, 0.24068847576462313, 0.40546362092221067, 0.1796918574676455], [0.2133929913997954, 0.27174574923737504, 0.15654849626146297, 0.35831276310136667], [0.16804997295129107, 0.2500527930028643, 0.4084482656352908, 0.17344896841055374], [0.29620744841115715, 0.2124385685558665, 0.10161019893936256, 0.3897437840936139], [0.1313947714164254, 0.22478245595753335, 0.08149367975554696, 0.5623290928704943], [0.19303914760332996, 0.4352732783668996, 0.09017343275713303, 0.28151414127263746], [0.305715089767318, 0.15664610691567932, 0.16340216937439928, 0.37423663394260337], [0.21070862862182865, 0.14254236837752726, 0.08604038179631483, 0.5607086212043293], [0.09792988173423994, 0.4276905083113121, 0.0965563528054138, 0.3778232571490342], [0.14244379909523927, 0.5018664037200621, 0.11094466624821811, 0.2447451309364807], [0.32199327226719177, 0.1920765255801235, 0.12275714182035692, 0.3631730603323279], [0.31725332286252395, 0.11730308429897539, 0.11007598910160145, 0.4553676037368992], [0.1722127391518626, 0.20450673353698584, 0.1420906833009876, 0.4811898440101641], [0.2171911672337277, 0.23577013610505584, 0.13070611277511404, 0.41633258388610256], [0.20110377969558754, 0.5204817400567314, 0.09547056932060626, 0.18294391092707493], [0.16407125719406504, 0.20731442608872647, 0.11664872949536957, 0.511965587221839], [0.24435543801928078, 0.15367487356072293, 0.4118617068956227, 0.19010798152437375], [0.19676547735068592, 0.3837835994927255, 0.24073158239625103, 0.17871934076033766], [0.2890285787886545, 0.294595376454374, 0.1498408664546356, 0.26653517830233603], [0.5285278569257716, 0.14280479320535094, 0.06930025180264658, 0.25936709806623076], [0.15172817776832698, 0.1716746041937586, 0.314186773373798, 0.3624104446641166], [0.16046921153057944, 0.14983129965835865, 0.08185359262696312, 0.6078458961840988], [0.1698514341330656, 0.36824799420973864, 0.2226494091144274, 0.23925116254276846], [0.16973993336524515, 0.198337462637044, 0.10824736948565312, 0.5236752345120578], [0.19052021192147653, 0.11142457816420058, 0.04628126245713092, 0.651773947457192], [0.26232936392231176, 0.27124089959167974, 0.12763142673481354, 0.33879830975119496], [0.1133016574132093, 0.30481061313379265, 0.17554376969536276, 0.4063439597576353], [0.16079694873089923, 0.4319577357233105, 0.1368863832101924, 0.2703589323355978], [0.2994491538394981, 0.2957298160672486, 0.09418320599269943, 0.3106378241005538], [0.2806171446083296, 0.11540794887784227, 0.19709110378930966, 0.40688380272451846], [0.5931435958414925, 0.10424238827199042, 0.06410730048751324, 0.23850671539900395], [0.22136043543665862, 0.3472523586164802, 0.11991611895800344, 0.31147108698885767], [0.3696354665938748, 0.32412554833980906, 0.09963902626221463, 0.20659995880410156], [0.4892376474146494, 0.2053704559440398, 0.12175300559950353, 0.18363889104180744], [0.15887076280959025, 0.5131434899245951, 0.07350467859289629, 0.2544810686729184], [0.21612000731238432, 0.358553869073235, 0.12438791167681075, 0.30093821193757], [0.08902366504622367, 0.3436007052929907, 0.26806822577682543, 0.29930740388396027], [0.14046677923721948, 0.4563890549426009, 0.07262758853852053, 0.3305165772816591], [0.20932631895223588, 0.2537754741261143, 0.26333710001766925, 0.2735611069039805], [0.1833925098791404, 0.5223570677454794, 0.09873338778292583, 0.1955170345924544], [0.13240020480055542, 0.38005983133371235, 0.19519036996654865, 0.2923495938991835], [0.20774560948433815, 0.2670021092076111, 0.10848783363481757, 0.4167644476732333], [0.26284092899495454, 0.237912963219927, 0.20547284459815357, 0.29377326318696495], [0.22027229985198937, 0.27036098208509873, 0.06473582542807618, 0.4446308926348357], [0.20649003523967074, 0.2610875641473143, 0.3161432482573471, 0.2162791523556678], [0.34135116211001937, 0.2648073635283847, 0.10732711413701451, 0.2865143602245813], [0.3590583749279669, 0.13581342775159425, 0.2051185322160575, 0.30000966510438143], [0.10123843653270949, 0.25745289555335304, 0.07654144068857908, 0.5647672272253585], [0.29144882895281754, 0.2955682820034035, 0.23651107544329927, 0.17647181360047987], [0.38761135434189226, 0.3565221740353791, 0.07833764506677238, 0.17752882655595625], [0.12023416526070586, 0.3965248703361907, 0.11649704795955111, 0.3667439164435525], [0.3858400690863435, 0.170690061720389, 0.2766924636587732, 0.16677740553449433]]}}