{"test": {"ids": ["99117740", "109116040", "113119450", "106116820", "98110680", "99108330", "98111620", "99109910", "97107821", "110121170", "111115400", "109117080", "102109840", "112117571", "101119591", "103110220", "111114321", "102112030", "113119300", "109117730", "111120531", "105115570", "99109370", "113119320", "109115220", "99108010", "108113620", "113117630", "112119950", "106119260", "104118070", "113122160", "107117010", "101111620", "109118161", "105111990", "109118231", "112119120", "110119030", "99109780", "109120150", "103120730", "109114270", "108120280", "113121190", "104114240", "98107410", "101112690", "107119130", "111121351", "110115140", "109119591", "111120591", "111117571", "110114610", "109119010", "97114170", "102121700", "101113210", "107120880", "110118121", "108119330", "108121410", "106113190", "97116790", "108115250", "110115580", "111118810", "112116290", "109115211", "113118511", "110117500", "107121540", "102116340", "98116940", "107118120", "107121700", "97106820", "103118291", "108115500", "113121950", "104111531", "100108580", "109121351", "97106000", "110120531", "111116530", "112121360", "98107010", "99116500", "110113931", "107114621", "97112300", "105115250", "113122120", "105120621", "113121980", "109118820", "111119930", "111118301", "110114321", "99109161", "106121220", "98108970", "113118630", "98111860", "101111210", "111119340", "100112060", "97112170", "105121370", "111114171", "108116120", "104114230", "99111930", "98116090", "110118161", "106117770", "109121410", "108118630", "97113900", "100109311", "98108410", "99108890", "97107950", "97116500", "110118701", "100120780", "108114360", "112117431", "112116880", "112120640", "103111830", "99109311", "108116070", "110116300", "103113210", "110115120", "106113360", "105116090", "108114180", "104110960"], "labels": [2, 0, 3, 1, 2, 1, 3, 2, 2, 2, 0, 1, 2, 3, 0, 2, 1, 2, 1, 3, 0, 0, 1, 1, 3, 2, 3, 0, 0, 1, 2, 3, 1, 3, 0, 2, 1, 1, 0, 2, 2, 1, 3, 3, 1, 0, 3, 1, 1, 0, 0, 0, 1, 3, 1, 3, 2, 1, 3, 1, 3, 0, 0, 0, 2, 1, 1, 0, 0, 0, 1, 1, 2, 3, 2, 3, 3, 1, 0, 3, 3, 0, 0, 0, 0, 0, 3, 3, 3, 2, 1, 0, 2, 2, 1, 1, 2, 3, 1, 3, 1, 3, 1, 3, 3, 0, 2, 3, 2, 0, 2, 3, 1, 2, 1, 0, 0, 0, 0, 1, 2, 1, 1, 0, 2, 2, 3, 1, 1, 0, 0, 0, 3, 1, 1, 3, 3, 0, 0, 1, 1, 2], "predicted_labels": [0, 1, 0, 0, 1, 3, 2, 2, 0, 1, 1, 1, 1, 3, 3, 1, 1, 2, 3, 0, 0, 1, 1, 0, 3, 1, 0, 0, 0, 3, 3, 3, 3, 0, 1, 3, 1, 0, 3, 2, 2, 2, 3, 3, 0, 0, 0, 3, 3, 0, 0, 1, 0, 3, 2, 3, 1, 1, 3, 3, 3, 3, 1, 1, 0, 3, 1, 0, 1, 3, 1, 0, 2, 3, 1, 0, 3, 3, 1, 0, 0, 1, 0, 0, 2, 0, 1, 1, 2, 1, 0, 3, 3, 3, 1, 0, 1, 1, 3, 3, 0, 0, 3, 1, 1, 2, 3, 3, 3, 3, 1, 0, 0, 0, 1, 3, 3, 0, 3, 3, 1, 0, 1, 1, 2, 1, 1, 0, 0, 3, 1, 0, 3, 1, 0, 1, 2, 3, 3, 3, 1, 3], "confidence_scores": [[0.7552169189533096, 0.17131296487621261, 0.058130298504735646, 0.015339817665742219], [0.09389383792569658, 0.46582888856870236, 0.023492372428076874, 0.41678490107752414], [0.7164946238797985, 0.18418300913045527, 0.04945985087144674, 0.049862516118299414], [0.9000624382284427, 0.008944423914904878, 0.05458077342429269, 0.03641236443235985], [0.058749607213365355, 0.8782629667133153, 0.055815939876706036, 0.007171486196613315], [0.04619110172216181, 0.005053899207602085, 0.15845965919376123, 0.7902953398764749], [0.006785436516130933, 0.2882001104860543, 0.6565908517514125, 0.04842360124640214], [0.04263798674044957, 0.22212366921166848, 0.7016734845331833, 0.033564859514698564], [0.733866402297656, 0.07418259058620286, 0.023797441932550425, 0.1681535651835907], [0.07872762664604203, 0.40217281582253644, 0.2756726196510806, 0.24342693788034087], [0.1259399759605, 0.5223220707497424, 0.08679711553541859, 0.26494083775433896], [0.00018764178045065866, 0.9992322523162094, 0.0003336293237262387, 0.0002464765796137544], [0.0072986918911200445, 0.9422603178764938, 0.036283674888772655, 0.014157315343613775], [0.01332509718415009, 0.3027907221043839, 0.2459225348364701, 0.4379616458749959], [0.4029442388048042, 0.0453961795160784, 0.015117851011264305, 0.5365417306678532], [0.015669853021004508, 0.8733092490702863, 0.07948168513349349, 0.031539212775215764], [0.17354492153086984, 0.6071541745298853, 0.03371226192033211, 0.18558864201891284], [0.06507746322646919, 0.17924518740102263, 0.3840770536259883, 0.37160029574651987], [0.3899318453476771, 0.11164853325569657, 0.02827445517758163, 0.47014516621904473], [0.6582572489663092, 0.15378822464958514, 0.03426392959122255, 0.1536905967928832], [0.8948380881308541, 0.01795869162338028, 0.004035152690825733, 0.08316806755493994], [0.050400161187908334, 0.4386159203631523, 0.18756010250738545, 0.323423815941554], [0.008754396931213163, 0.9528319163173491, 0.0230214361174212, 0.015392250634016603], [0.44109067538555374, 0.3808541465500144, 0.0330869192962149, 0.14496825876821695], [0.06289162791494113, 0.04750381391341628, 0.07260193133418408, 0.8170026268374586], [0.017409935748496443, 0.8618488450586032, 0.09185427002481043, 0.02888694916809001], [0.5504281361213501, 0.4298626828128683, 0.002889733149561533, 0.016819447916220077], [0.7960048314546098, 0.0037407221165759374, 0.0590280739841912, 0.14122637244462297], [0.7111794095234043, 0.0023955133716644836, 0.016865176213154164, 0.2695599008917771], [0.017749302892374936, 0.03349796333350688, 0.10480341452468071, 0.8439493192494375], [0.021033781393742578, 0.011918726835431851, 0.1394688899495561, 0.8275786018212694], [0.07563375161212917, 0.12302322783872713, 0.03405927899643032, 0.7672837415527134], [0.04768253339146501, 0.2827902519775922, 0.2819995380087896, 0.38752767662215304], [0.810139269435523, 0.12673620156496798, 0.017715519383095242, 0.04540900961641384], [0.02058438933158865, 0.8931362695134375, 0.0028713818859930416, 0.08340795926898062], [0.06020411371212773, 0.33306104141056375, 0.1411487246808043, 0.4655861201965043], [0.015343322509351736, 0.8567759744771567, 0.1249696812230853, 0.002911021790406415], [0.5415731897388681, 0.266238384075391, 0.060917813449625026, 0.13127061273611584], [0.0035879534383674843, 0.16742873808965666, 0.0009189273434307239, 0.8280643811285452], [0.043338277186404664, 0.10346502187714611, 0.6988155688448279, 0.15438113209162124], [0.05609257380443068, 0.3597857993038165, 0.5574309054729472, 0.02669072141880565], [0.10275333846257297, 0.16152122685991027, 0.6204738011357468, 0.11525163354177007], [0.008612606886365769, 0.00043594672712324333, 0.00022650903567741996, 0.9907249373508336], [0.06977472161559901, 0.012797534842786116, 0.06146188503917293, 0.8559658585024419], [0.4181053276553819, 0.09189627121264872, 0.3492207378792115, 0.14077766325275795], [0.9305710833337894, 0.012977476016623033, 0.02876721480257987, 0.027684225847007683], [0.909537149174967, 0.005870236158607509, 0.010560966327402855, 0.07403164833902263], [0.13973500137510733, 0.005608417513017318, 0.008007568120901186, 0.8466490129909742], [0.018266498645679936, 0.34004956982643775, 0.11911066304733042, 0.5225732684805519], [0.8555354518796372, 0.061950131173776096, 0.0012161327384731567, 0.08129828420811366], [0.513173886478206, 0.028013639821451716, 0.042581616049359845, 0.4162308576509823], [0.14788146398285315, 0.624342310965835, 0.18762794950005313, 0.0401482755512587], [0.6017254704652435, 0.006433094941004734, 0.006046489503412222, 0.3857949450903396], [0.2595439424541155, 0.14713521277785768, 0.024234929495493045, 0.5690859152725338], [0.4167836633410818, 0.09994793665571998, 0.43273762379865877, 0.05053077620453942], [0.020107409430112706, 0.04594760959768445, 0.1288308451843357, 0.8051141357878672], [0.02047805458152553, 0.4128169650359534, 0.2108712393357823, 0.35583374104673887], [0.16706486413740873, 0.503800616113678, 0.17396057943880688, 0.15517394031010634], [0.11473084656530035, 0.20998742428038453, 0.10752199375343562, 0.5677597354008794], [0.003246996788106443, 0.014703729468942989, 0.027321675204151984, 0.9547275985387985], [0.014569947686961057, 0.3818880595416616, 0.010501856443282206, 0.5930401363280952], [0.08879405447196809, 0.1684413122323769, 0.13306840489864427, 0.6096962283970107], [0.014010323346887938, 0.5607685156369593, 0.002564635684120144, 0.4226565253320325], [0.2715901084215001, 0.5054049633764645, 0.028971119153860202, 0.19403380904817533], [0.38690990433058026, 0.22701018933230002, 0.32462847102257836, 0.06145143531454146], [0.01990408407855088, 0.004627478670785959, 0.05813469249704435, 0.9173337447536187], [0.06079584776906244, 0.8059496354595967, 0.033272954974219456, 0.09998156179712142], [0.47456521584887196, 0.027787710469762163, 0.08841942127570292, 0.40922765240566306], [0.12410544811753686, 0.544067488777003, 0.035020902492236584, 0.29680616061322357], [0.03191248205825445, 0.06920633157173173, 0.01406632074207925, 0.8848148656279347], [0.22132961916573388, 0.7170620882551655, 0.049267825038005655, 0.012340467541094906], [0.6849438604349859, 0.22664175742126902, 0.01805529905421109, 0.07035908308953387], [0.014141069276713332, 0.4319729525804674, 0.4412832182082837, 0.11260275993453556], [0.004444989110442988, 0.007997816717006093, 0.011218598282211468, 0.9763385958903393], [0.08040740090039801, 0.7854943625522475, 0.044109193952359335, 0.08998904259499518], [0.5514655869305031, 0.05727930816779917, 0.014397042272517938, 0.3768580626291798], [0.06371794901169157, 0.23118197035496996, 0.025618381316703576, 0.6794816993166349], [0.19480270797379934, 0.05601887324305285, 0.05363225800258544, 0.6955461607805624], [0.33364037566333304, 0.6365406128365124, 0.015240064379031141, 0.014578947121123377], [0.5506993626352622, 0.2855468507097098, 0.10221124624711043, 0.061542540407917616], [0.5156324311540709, 0.4097088070055788, 0.00863147047938747, 0.06602729136096279], [0.07370166881238689, 0.45535977377273684, 0.05896191272997877, 0.41197664468489753], [0.6905394095445362, 0.0597023127532986, 0.04679961544930527, 0.20295866225285986], [0.7235472695849627, 0.01009974939791703, 0.07037188895668357, 0.1959810920604368], [0.059712940159401866, 0.027626584713759516, 0.8998151317982743, 0.012845343328564211], [0.7681438943242219, 0.1673574566172243, 0.009944632467151835, 0.05455401659140184], [0.01744294210292448, 0.7449635623731585, 0.001196536503139757, 0.2363969590207774], [0.3438820892210045, 0.34425925305595545, 0.038000536358584344, 0.2738581213644556], [0.1539333792019213, 0.27254622272106926, 0.40460899052256133, 0.1689114075544481], [0.0008419486670562493, 0.6386908158497462, 0.2573094875278161, 0.10315774795538149], [0.8164336202013033, 0.08173502672530622, 0.03002316031514978, 0.07180819275824085], [0.20052769814518734, 0.0036215695581522087, 0.0020514088697287723, 0.7937993234269317], [0.2651482948149275, 0.08272279577042475, 0.16255358234450212, 0.4895753270701456], [0.1398201781269383, 0.1409442328261449, 0.08620631011953393, 0.6330292789273829], [0.08314861985813314, 0.821802526309922, 0.0398270347402595, 0.055221819091685366], [0.459416800077943, 0.1411867247717741, 0.0023099051250191002, 0.39708657002526376], [0.22301744915146357, 0.6088469325879792, 0.01486325949902551, 0.1532723587615317], [0.16856374614879077, 0.8014515553425736, 0.009929648466262151, 0.02005505004237337], [0.08876304912067678, 0.10146775529512418, 0.07231790276694952, 0.7374512928172494], [0.1669263788571605, 0.06352870341271694, 0.04518561491753979, 0.7243593028125828], [0.35486794782169573, 0.19007418199600676, 0.22688316085422394, 0.22817470932807352], [0.33995488982318217, 0.21120078903385542, 0.1310530270885491, 0.31779129405441336], [0.00174709509058363, 0.03940494944570378, 0.03478877149970706, 0.9240591839640057], [0.07715797879324397, 0.666330391716882, 0.24229193846833877, 0.014219691021535303], [0.027163158842903136, 0.8416817355971926, 0.06623647422000004, 0.06491863133990428], [0.007326467619457058, 0.07500234602365068, 0.9076125325691586, 0.010058653787733449], [0.03601493982387951, 0.06267143607579408, 0.02120445789448218, 0.8801091662058443], [0.008390971153796419, 0.019919214524054027, 0.027230796068770793, 0.9444590182533786], [0.08994950441301808, 0.1275664572434714, 0.20109564599614743, 0.5813883923473631], [0.07466794351723888, 0.30654235821991227, 0.015099812682238693, 0.6036898855806101], [0.002535475586061365, 0.8770137524271397, 0.018545834228314143, 0.1019049377584847], [0.6235597439991227, 0.05413119473436051, 0.017069668675505686, 0.3052393925910111], [0.5567163555954527, 0.0678668227153723, 0.31055803554555245, 0.06485878614362266], [0.41160691576538955, 0.24308673319828394, 0.21770276750514117, 0.1276035835311853], [0.18918493904935466, 0.746730771985669, 0.05439919424213659, 0.009685094722839767], [0.014615505835737118, 0.09948130240183313, 0.21401955696658978, 0.67188363479584], [0.08304720125340789, 0.37043007253188887, 0.015520746090049121, 0.531001980124654], [0.42665653419295474, 0.025893284590211365, 0.420629624461094, 0.12682055675573983], [0.05950163984592516, 0.3656156594645187, 0.026886595338200384, 0.5479961053513558], [0.005447147535648309, 0.020773351738404545, 0.057119693866854976, 0.9166598068590921], [0.16225394455645456, 0.7817385576224276, 0.03454032356913589, 0.021467174251981976], [0.4027958878499912, 0.08732005270397603, 0.12130304685311469, 0.38858101259291816], [0.07857791179654006, 0.49125344577624436, 0.15486473235571574, 0.27530391007149996], [0.060456734263372336, 0.6347128048300865, 0.22686485962798278, 0.07796560127855821], [0.0709717060233149, 0.0653995416618571, 0.754379274591429, 0.10924947772339905], [0.07033531327324033, 0.5123251447551952, 0.07453602500532099, 0.34280351696624356], [0.44792333543940444, 0.46287668043194047, 0.015813062943991932, 0.0733869211846632], [0.8446215585995248, 0.05061007006834242, 0.03963266811594879, 0.06513570321618396], [0.5477111355593448, 0.05654460420859621, 0.10592807807588368, 0.2898161821561753], [0.34002791432580703, 0.204942204104838, 0.00353203508173953, 0.45149784648761543], [0.11160988197411938, 0.7808564314649035, 0.03562139028115917, 0.07191229627981797], [0.547830923407437, 0.09054570682998492, 0.008990343105248572, 0.35263302665732954], [0.009277954317583378, 0.05995020097103877, 0.06915326479355864, 0.8616185799178192], [0.12719089215413304, 0.6895024734079317, 0.05778803604775863, 0.1255185983901768], [0.5160490912565685, 0.24613942706500083, 0.10684332712814182, 0.1309681545502889], [0.18267907767371055, 0.6538081566526416, 0.04399544748870115, 0.11951731818494676], [0.010330327045060669, 0.08110653081015802, 0.8854564291025581, 0.02310671304222342], [0.2566356930935553, 0.07420017803801322, 0.12099687864625767, 0.5481672502221738], [0.24754390622701752, 0.015383798797221614, 0.006194444280487721, 0.7308778506952732], [0.10002446179899802, 0.1467757241517313, 0.06016547813936213, 0.6930343359099086], [0.1379090806886762, 0.6496316100893036, 0.01307296977957464, 0.19938633944244555], [0.04556834512693707, 0.0851570412202612, 0.40710380702989085, 0.46217080662291077]]}, "rewritten": {"ids": ["97106000", "97106820", "97107821", "97107950", "97112170", "97112300", "97113900", "97114170", "97116500", "97116790", "98107010", "98107410", "98108410", "98108970", "98110680", "98111620", "98111860", "98116090", "98116940", "99108010", "99108330", "99108890", "99109161", "99109311", "99109370", "99109780", "99109910", "99111930", "99116500", "99117740", "100108580", "100109311", "100112060", "100120780", "101111210", "101111620", "101112690", "101113210", "101119591", "102109840", "102112030", "102116340", "102121700", "103110220", "103111830", "103113210", "103118291", "103120730", "104110960", "104111531", "104114230", "104114240", "104118070", "105111990", "105115250", "105115570", "105116090", "105120621", "105121370", "106113190", "106113360", "106116820", "106117770", "106119260", "106121220", "107114621", "107117010", "107118120", "107119130", "107120880", "107121540", "107121700", "108113620", "108114180", "108114360", "108115250", "108115500", "108116070", "108116120", "108118630", "108119330", "108120280", "108121410", "109114270", "109115211", "109115220", "109116040", "109117080", "109117730", "109118161", "109118231", "109118820", "109119010", "109119591", "109120150", "109121351", "109121410", "110113931", "110114321", "110114610", "110115120", "110115140", "110115580", "110116300", "110117500", "110118121", "110118161", "110118701", "110119030", "110120531", "110121170", "111114171", "111114321", "111115400", "111116530", "111117571", "111118301", "111118810", "111119340", "111119930", "111120531", "111120591", "111121351", "112116290", "112116880", "112117431", "112117571", "112119120", "112119950", "112120640", "112121360", "113117630", "113118511", "113118630", "113119300", "113119320", "113119450", "113121190", "113121950", "113121980", "113122120", "113122160"], "labels": [0, 1, 2, 2, 0, 2, 2, 2, 2, 2, 3, 3, 1, 3, 2, 3, 0, 0, 2, 2, 1, 0, 3, 1, 1, 2, 2, 1, 2, 2, 0, 1, 2, 1, 2, 3, 1, 3, 0, 2, 2, 3, 1, 2, 3, 3, 0, 1, 2, 0, 2, 0, 2, 2, 2, 0, 1, 1, 2, 0, 0, 1, 0, 1, 1, 0, 1, 3, 1, 1, 2, 3, 3, 1, 1, 1, 3, 1, 1, 1, 0, 3, 0, 3, 0, 3, 0, 1, 3, 0, 1, 3, 3, 0, 2, 0, 0, 1, 1, 1, 0, 0, 1, 3, 1, 3, 0, 3, 0, 0, 2, 3, 1, 0, 3, 3, 3, 0, 3, 1, 0, 1, 0, 0, 0, 0, 3, 1, 0, 0, 3, 0, 1, 3, 1, 1, 3, 1, 3, 2, 1, 3], "predicted_labels": [2, 3, 0, 2, 1, 3, 1, 3, 1, 0, 0, 0, 1, 1, 1, 1, 2, 3, 1, 1, 3, 1, 0, 0, 1, 2, 2, 1, 1, 0, 0, 3, 3, 0, 3, 2, 3, 0, 0, 2, 3, 2, 1, 2, 3, 2, 1, 3, 2, 3, 1, 0, 3, 1, 3, 3, 3, 0, 1, 1, 0, 0, 2, 3, 3, 3, 3, 0, 3, 2, 0, 3, 0, 0, 0, 3, 0, 1, 0, 3, 1, 3, 1, 3, 3, 3, 1, 1, 0, 1, 1, 1, 3, 1, 2, 0, 3, 0, 0, 1, 1, 3, 1, 0, 0, 0, 0, 1, 1, 0, 3, 0, 1, 1, 1, 3, 0, 0, 3, 3, 0, 0, 0, 0, 1, 1, 1, 0, 0, 0, 1, 0, 0, 3, 3, 0, 0, 0, 0, 1, 1, 3], "confidence_scores": [[0.012034613443426607, 0.005788400001635345, 0.9027228270763368, 0.07945415947860134], [0.23599639858749402, 0.07737259024058224, 0.1100915393771648, 0.5765394717947588], [0.6574909305842418, 0.12075790156957528, 0.07721275345428397, 0.14453841439189904], [0.015350994492253373, 0.015859789870236556, 0.9094769148622845, 0.059312300775225535], [0.022985192881970092, 0.8384432628889584, 0.010757961047900716, 0.1278135831811709], [0.1188938408535946, 0.01852879313526298, 0.0927816182200911, 0.7697957477910513], [0.4097661543530869, 0.5323018486081604, 0.024507136947910096, 0.03342486009084265], [0.05095863916822672, 0.27456013781501154, 0.26429110451928933, 0.4101901184974724], [0.027468048522677264, 0.5000684153093251, 0.06188897935504404, 0.4105745568129536], [0.3383390453524977, 0.2910629225964037, 0.2925389878496225, 0.07805904420147618], [0.42263116525564903, 0.09726208236367603, 0.1682234694026376, 0.3118832829780374], [0.7579755316254109, 0.12008480090389304, 0.11913562057646057, 0.0028040468942354194], [0.04927603165374164, 0.5914092676291093, 0.01229068129989164, 0.3470240194172574], [0.04465595499969131, 0.834771593921467, 0.07987036285849754, 0.04070208822034405], [0.02993912859109414, 0.9310362047712707, 0.036168890766009154, 0.0028557758716259963], [0.011873145836420056, 0.6463981983526655, 0.27142660316165795, 0.07030205264925653], [0.12247854128616492, 0.11564158151364043, 0.5043440973025178, 0.2575357798976768], [0.018347629102693202, 0.18847858481945984, 0.16785596276221507, 0.6253178233156319], [0.01370682874226686, 0.9311153271335202, 0.03394585049993649, 0.021231993624276486], [0.016515984229931367, 0.9215371137492434, 0.042495596821608195, 0.019451305199216926], [0.007372185475866512, 0.43700952561707, 0.08431173196902825, 0.4713065569380351], [0.00695539527573723, 0.628329651452221, 0.35935715556385023, 0.005357797708191566], [0.42187598252941305, 0.28739643794958203, 0.08132341423496801, 0.20940416528603692], [0.6754911784953699, 0.2126328848307875, 0.005539438860251053, 0.1063364978135917], [0.0012133568734102916, 0.9884987045644985, 0.0038032885118302762, 0.006484650050260872], [0.02036946352118614, 0.25659621171337443, 0.6697170600983772, 0.05331726466706224], [0.05888356655450204, 0.06379232075878467, 0.8512688716913855, 0.026055240995327873], [0.2143603136384082, 0.765043599216714, 0.00982784256408845, 0.010768244580789321], [0.016000658068035023, 0.648690191956769, 0.32482619664570656, 0.010482953329489514], [0.5203932411710206, 0.2976552680777736, 0.15397309411693533, 0.027978396634270486], [0.6149035935300737, 0.07725935349234811, 0.060892303666107664, 0.24694474931147048], [0.1005523755783002, 0.02727196144205664, 0.17275686365110943, 0.6994187993285338], [0.11510820337743918, 0.23602572096221952, 0.18229834096411374, 0.46656773469622753], [0.7586104721726813, 0.03514008809536473, 0.021518405239104497, 0.18473103449284953], [0.0037398498268636808, 0.07113131418130303, 0.006543480780666278, 0.918585355211167], [0.379928096787311, 0.10654799851008716, 0.43548249645275694, 0.07804140824984475], [0.13457128591990652, 0.00713531969650558, 0.011721811128295505, 0.8465715832552924], [0.4940904059885169, 0.43065208062587407, 0.06280751825107124, 0.012449995134537623], [0.5491932916510656, 0.01056807498210845, 0.016280534533661, 0.42395809883316504], [0.1198074183586865, 0.27901031755637035, 0.3855029623317137, 0.21567930175322933], [0.047085671447832995, 0.09462252601295752, 0.38987817194799185, 0.4684136305912176], [0.06473018383118762, 0.18435264504748294, 0.4427663432253575, 0.3081508278959719], [0.14196771479649528, 0.5123485092480755, 0.09727646262744685, 0.24840731332798244], [0.3628162288560705, 0.13061149627354476, 0.41700354923436733, 0.08956872563601738], [0.040128362596089345, 0.12992663222163187, 0.13362428903161885, 0.6963207161506598], [0.035153934442246626, 0.17911694832668346, 0.7422558590044696, 0.043473258226600454], [0.3053036144528509, 0.46210629373207235, 0.07481339104063835, 0.15777670077443834], [0.05208408036022484, 0.3180362294900942, 0.2409104699256664, 0.3889692202240146], [0.008244954020978667, 0.11590324101836291, 0.7778509043481641, 0.09800090061249432], [0.0656584474019787, 0.4161549453245634, 0.04810476089153204, 0.47008184638192596], [0.20839578800197092, 0.3615035427938085, 0.2594441879296704, 0.17065648127455008], [0.8544458217598198, 0.09374349417665152, 0.01570307733392723, 0.03610760672960159], [0.11655931353700091, 0.01999052257762173, 0.3786689727265964, 0.48478119115878093], [0.024094656554108623, 0.6566418215117793, 0.19323573832669858, 0.1260277836074136], [0.06976791008427383, 0.17529262301420032, 0.02938249326803157, 0.7255569736334944], [0.058931493720837315, 0.36120668990668975, 0.15330681286363568, 0.4265550035088372], [0.10803370215193303, 0.1502416778045954, 0.06717512345350321, 0.6745494965899684], [0.4922637550171718, 0.12058901346719306, 0.0040134345194585384, 0.3831337969961767], [0.04324595984725134, 0.9433035230290925, 0.0068925923726269505, 0.00655792475102942], [0.15406019909671523, 0.47095761590153734, 0.028374386585195876, 0.34660779841655165], [0.8315544518379745, 0.06129919427735144, 0.02287816798034082, 0.08426818590433326], [0.8461513675410971, 0.01517873618716065, 0.02601809679841937, 0.11265179947332289], [0.3925960938506346, 0.024679103243653126, 0.5437256431532751, 0.03899915975243703], [0.040475047146189325, 0.09042672327067999, 0.15059372233876475, 0.7185045072443659], [0.005802625275483488, 0.037435012005647826, 0.44277903237366134, 0.5139833303452074], [0.20184320425610316, 0.010489357264503098, 0.003519940458142914, 0.7841474980212509], [0.04335537136404594, 0.1996032774485486, 0.16371902876020325, 0.5933223224272023], [0.48310525872267673, 0.04901725270868919, 0.020546180516832685, 0.44733130805180155], [0.07474807230593336, 0.024296745971388263, 0.03237716429631033, 0.868578017426368], [0.0032111961359797864, 0.030568411264704918, 0.5038920953882059, 0.4623282972111094], [0.40094173078832085, 0.1711423340284522, 0.3812597083993958, 0.04665622678383107], [0.028470990869029184, 0.08865744395075152, 0.018014924245500545, 0.8648566409347188], [0.7856121582376067, 0.1867528660704918, 0.0028797719272425576, 0.024755203764659138], [0.5079112693009729, 0.4475851265544506, 0.012803184057198632, 0.03170042008737788], [0.5903968217251023, 0.25971959636747227, 0.007755640323092353, 0.14212794158433312], [0.04167798765971939, 0.0019358464452948782, 0.11395537521438635, 0.8424307906805993], [0.5061532289337526, 0.18484128430590438, 0.2316825247568517, 0.0773229620034912], [0.1535314985540146, 0.5775119317642162, 0.1246505899794344, 0.14430597970233489], [0.47960650100005836, 0.04089664185338761, 0.4024986186676603, 0.07699823847889369], [0.022776846111210867, 0.027588305655166782, 0.008587468859203773, 0.9410473793744186], [0.04363542978105177, 0.5924184213921323, 0.09631807481617122, 0.26762807401064465], [0.07264244834144286, 0.022207455862590108, 0.04917345080892435, 0.8559766449870427], [0.0037102623604587026, 0.767544714246108, 0.0014420454745917423, 0.2273029779188415], [0.255991160804046, 0.0070818975571560324, 0.0011300304667752005, 0.7357969111720227], [0.08089335157215276, 0.06890808127102652, 0.012829171399867912, 0.8373693957569529], [0.07417023680809541, 0.17086347492189324, 0.1380462385859072, 0.6169200496841041], [0.11572376293890703, 0.4653996932964018, 0.09020162458527782, 0.32867491917941327], [0.002877217552951708, 0.9928390120991328, 0.0012681047623193682, 0.003015665585596035], [0.6072030431281782, 0.09200261708081205, 0.023150926629488377, 0.2776434131615214], [0.3057501068491218, 0.6689764471772821, 0.010093537883425133, 0.01517990809017095], [0.01605446233568603, 0.8885461270687577, 0.09247646607680293, 0.0029229445187532424], [0.2223696170918374, 0.653692591375396, 0.011136914150855595, 0.1128008773819109], [0.029592739083036165, 0.0017148211868795765, 0.08277833069354132, 0.8859141090365429], [0.05708807214606059, 0.8287299237202126, 0.09340600472374777, 0.020775999409978985], [0.14297086269295808, 0.33666193027931857, 0.3885542677616364, 0.13181293926608686], [0.9438178449237087, 0.008059908858565636, 0.016655046693524675, 0.031467199524201045], [0.1666225577008938, 0.06898129271203156, 0.015066532755089308, 0.7493296168319854], [0.7435033371374757, 0.06267621329146926, 0.010484369577856381, 0.18333607999319856], [0.45468788288316625, 0.34975237868891185, 0.10914734161028593, 0.08641239681763581], [0.10858680574598775, 0.42530255368843384, 0.36364073717145706, 0.10246990339412125], [0.2958911730433952, 0.5389976076602679, 0.08916966603865444, 0.07594155325768251], [0.3577077420632719, 0.08695445758714755, 0.08353734862090614, 0.4718004517286744], [0.017133089788238336, 0.5881248176401211, 0.08394404404231381, 0.3107980485293267], [0.44312139929769645, 0.26514846999338126, 0.06337742465052348, 0.2283527060583989], [0.4392612989384354, 0.36780184587415493, 0.025846181716884385, 0.16709067347052523], [0.9222336591242754, 0.01381884242249169, 0.0037245930265016776, 0.060222905426731255], [0.7277039848471124, 0.20808071135926368, 0.003400418689119001, 0.060814885104505105], [0.06135464787721097, 0.7426385717909179, 0.007871860784708138, 0.18813491954716305], [0.003161455642651812, 0.701525140263638, 0.0007206255255938466, 0.2945927785681163], [0.8136011238914882, 0.11202304176976466, 0.012771906870315155, 0.06160392746843202], [0.09386874500848036, 0.07257727868944622, 0.11847284917424308, 0.7150811271278305], [0.9666643577310126, 0.01108177309669916, 0.00037829955547898737, 0.021875569616809344], [0.2697870008526588, 0.40858948094065034, 0.03241109353550109, 0.28921242467118974], [0.09403624137588021, 0.6042420638482354, 0.06632565068163164, 0.23539604409425274], [0.06228026908809412, 0.7793450042630198, 0.004357162590093022, 0.1540175640587929], [0.04763831290747395, 0.1375622203335852, 0.03803659154972181, 0.776762875209219], [0.5548637272632009, 0.05874205740394394, 0.08327446358273705, 0.30311975175011796], [0.8261726990627016, 0.02096767992925437, 0.10592954411279717, 0.046930076895246774], [0.017365231311622625, 0.07882069392449054, 0.11837422616758521, 0.7854398485963018], [0.0396788169735751, 0.06547349105990793, 0.015524687104711, 0.8793230048618059], [0.8022744525852443, 0.018722391827932505, 0.001718497034882076, 0.17728465855194123], [0.9196460335787142, 0.0027073040808084595, 0.00491796276634651, 0.07272869957413085], [0.7786914478343896, 0.14574079892836994, 0.004940397637313407, 0.07062735559992714], [0.6620306802400396, 0.22761720312691466, 0.030489151797053617, 0.07986296483599216], [0.04813414730628903, 0.8875464991915355, 0.00852461114162983, 0.05579474236054552], [0.13711456148948684, 0.5652509441291906, 0.0022783895616200044, 0.29535610481970254], [0.1091960951194654, 0.5229549544100728, 0.04525636473874174, 0.32259258573172], [0.4618843760205268, 0.17298418677690897, 0.040839856289785495, 0.32429158091277877], [0.9048736529237499, 0.002778606291592427, 0.0290664131870965, 0.0632813275975613], [0.4885777212869209, 0.06775102034332402, 0.011846892392014785, 0.4318243659777402], [0.23919809935994685, 0.5273445250282114, 0.03609464863215902, 0.19736272697968268], [0.7486424703166784, 0.011191442507703061, 0.037645048479317794, 0.2025210386963006], [0.5048890136046115, 0.06573214553683061, 0.09729962059835344, 0.3320792202602044], [0.021816704040480157, 0.2243445319684807, 0.2838250757016578, 0.47001368828938134], [0.17624555595841604, 0.10508672410547697, 0.010913778509608028, 0.707753941426499], [0.6667204422717673, 0.18655622243018014, 0.06748053531036197, 0.07924279998769067], [0.6887414957694725, 0.1970751654409972, 0.027766620797236984, 0.08641671799229317], [0.5291216978634141, 0.00893591185720892, 0.2736535830882362, 0.18828880719114077], [0.5911814204546841, 0.3478318266346256, 0.013244240603571886, 0.047742512307118394], [0.39707957880864375, 0.43344163622160836, 0.02291349018910503, 0.14656529478064276], [0.11981457137765907, 0.7965763936260103, 0.0311599927952834, 0.05244904220104732], [0.1590250640948375, 0.395691153664371, 0.035672714918261, 0.40961106732253044]]}}