{"test": {"ids": ["112119580", "105121370", "104113000", "107113130", "104111531", "98108410", "109115380", "105112260", "108118301", "99108080", "110117110", "103109641", "105118230", "102112301", "99109141", "98106880", "112120670", "97116790", "99109840", "113119450", "113121190", "100111080", "99111440", "101110150", "108121160", "113122160", "107114280", "110116170", "107113360", "111121351", "108117720", "107116501", "106114280", "100111270", "107113180", "97118210", "98110810", "104111780", "107120130", "107119130", "113119340", "112117471", "111116100", "113122150", "109117271", "111116640", "108114200", "113121810", "110118121", "99110050", "111119950", "100117420", "110116441", "112119500", "112119950", "97109570", "100108490", "99107640", "105113620", "99108460", "111116170", "113119930", "97107260", "107120260", "98107410", "103110840", "98106680", "111120531", "107113200", "108115070", "101115190", "112116540", "104117200", "112116610", "100116790", "105116441", "105110251", "111121410", "105112240", "112121010", "105116090", "110113591", "107116340", "104113240", "100109000", "98120530", "108118520", "101119591", "108116481", "107113260", "113119480", "109116170", "99117740", "98111860", "100109360", "109118231", "101110200", "99111340", "105121190", "112116880", "102109850", "106117650", "99107660", "112116290", "106112770", "107114140", "98116090", "109113931", "109116930", "110115980", "113119300", "105116501", "99108310", "97107920", "101108370", "109116750", "106121220", "110119300", "107121640", "113117550", "110118630", "112118701", "111119250", "111117480", "99108000", "101108460", "98110680", "108121190", "107113550", "105120621", "106117790", "107118820", "108113480", "113121750", "113119700", "100108520", "108113740", "108117610", "102114270", "113120640", "109117600", "109116040"], "labels": [3, 2, 1, 1, 0, 1, 3, 3, 1, 3, 0, 1, 1, 1, 3, 0, 2, 2, 2, 3, 1, 0, 3, 1, 2, 3, 3, 0, 0, 0, 1, 1, 3, 2, 3, 2, 1, 3, 2, 1, 0, 3, 3, 2, 0, 0, 0, 2, 3, 3, 0, 2, 3, 2, 0, 0, 2, 1, 0, 0, 0, 1, 2, 1, 3, 1, 1, 0, 0, 1, 1, 1, 3, 1, 2, 1, 0, 0, 1, 2, 1, 0, 3, 2, 1, 1, 0, 0, 0, 0, 3, 0, 2, 0, 0, 1, 2, 1, 2, 0, 1, 1, 3, 0, 1, 2, 0, 1, 0, 1, 1, 1, 2, 0, 1, 0, 1, 1, 1, 3, 1, 0, 1, 1, 2, 0, 2, 1, 0, 1, 1, 3, 0, 0, 0, 2, 3, 3, 3, 0, 1, 0], "predicted_labels": [3, 2, 0, 2, 0, 0, 3, 1, 3, 3, 2, 3, 3, 3, 1, 3, 1, 2, 1, 3, 1, 1, 0, 3, 0, 3, 1, 0, 2, 3, 1, 0, 0, 2, 1, 2, 1, 1, 1, 1, 0, 1, 0, 0, 3, 0, 2, 2, 1, 3, 0, 2, 0, 1, 0, 1, 0, 3, 2, 3, 0, 1, 2, 1, 0, 2, 1, 3, 3, 2, 2, 1, 3, 0, 1, 1, 3, 0, 1, 1, 0, 1, 0, 2, 0, 3, 1, 0, 0, 2, 0, 3, 2, 2, 3, 1, 1, 2, 3, 1, 1, 1, 0, 0, 2, 1, 1, 0, 2, 0, 3, 0, 3, 1, 0, 0, 0, 3, 0, 2, 3, 3, 1, 0, 1, 1, 2, 1, 0, 1, 2, 1, 3, 0, 2, 0, 0, 0, 1, 3, 3, 3], "confidence_scores": [[7.176464466726331e-08, 0.006208571391451603, 1.4474646966940429e-06, 0.9937899093792071], [9.813343137940666e-06, 0.038399091816235686, 0.9586428410391786, 0.0029482538014477147], [0.9990705090122917, 4.668017820014864e-08, 6.841623711027583e-05, 0.0008610280704197293], [1.9370041705195598e-05, 0.00013667639340989298, 0.9997900491346263, 5.390443025840885e-05], [0.9147345340721622, 0.08293365400791491, 0.00010184466881643674, 0.002229967251106353], [0.9284818282760794, 0.0679107967269905, 0.000659515511217319, 0.002947859485712878], [0.008485231206044181, 0.0774541381360359, 0.023181141569948847, 0.8908794890879711], [0.017007468931502092, 0.6941559448820245, 3.7983792235927263e-05, 0.2887986023942377], [0.004112902754296573, 0.4813571466458464, 3.202549516546103e-05, 0.5144979251046916], [0.013657301141718382, 1.8026920027539897e-07, 2.3420403916026222e-05, 0.9863190981851654], [1.033380887612709e-07, 0.0017628494548201396, 0.9982331621565198, 3.885050571332996e-06], [0.00033652880243181235, 0.2918698434812707, 0.014349572769838226, 0.6934440549464592], [8.109889982927342e-05, 0.0018826617380894328, 0.00036098901876089484, 0.9976752503433205], [0.0018270233031975776, 5.612635783039108e-06, 0.2933475130212692, 0.7048198510397501], [0.00047028809654121, 0.998888732463553, 0.0006405108614607702, 4.6857844513574545e-07], [2.681096720310693e-07, 7.085186304750166e-06, 0.12569604652977842, 0.8742966001742448], [0.056822111942158415, 0.8160028942626446, 0.10921788816389015, 0.017957105631306723], [0.009558768582162971, 0.00014514729172928457, 0.9902954757995025, 6.08326605175829e-07], [0.05702592489616922, 0.5150102391705149, 0.3630253742809688, 0.064938461652347], [0.3345537553788056, 0.0008107121216794841, 0.0006243846689811496, 0.6640111478305338], [0.00019051719261133434, 0.9399132772106326, 0.050964997434973985, 0.00893120816178208], [0.0038013052464786054, 0.9833291807118076, 0.012861653499683573, 7.860542030190323e-06], [0.9889556103834278, 1.660697101638443e-07, 0.009407186075930954, 0.0016370374709309536], [1.5784960856759694e-08, 0.006339114924710246, 4.378305004277824e-08, 0.9936608255072787], [0.9406774786041593, 0.05928901624853978, 1.9968141147126455e-06, 3.150833318629463e-05], [0.00010872139231332361, 0.24257356171038247, 0.0024984123091582456, 0.7548193045881458], [0.0011936727895598066, 0.9972781140304695, 0.001527126106737582, 1.0870732332149614e-06], [0.9288792071090318, 0.010395941104821628, 0.055375311974145185, 0.005349539812001367], [7.368764540606826e-05, 9.268604053768248e-07, 0.9845306802601166, 0.015394705234071937], [4.127621929675343e-05, 6.644942208749552e-06, 1.0964471976035547e-05, 0.9999411143665183], [0.19269455053052736, 0.7902455758995377, 0.0021444612571212235, 0.014915412312813549], [0.9999949720973406, 3.3693336407603567e-07, 1.6678167065930248e-07, 4.524187624860563e-06], [0.9697987476528522, 5.3791138956097314e-05, 0.00034654970016781476, 0.029800911508023827], [2.9997814305606823e-14, 1.5062974556376089e-05, 0.9998931506376033, 9.17863878102393e-05], [0.02519716162128398, 0.9746619307808757, 0.00012201131370470522, 1.8896284135454355e-05], [0.022235400555478083, 0.03206817328916021, 0.9176352028846804, 0.02806122327068138], [9.348690083503087e-10, 0.9997345809465862, 0.0002643109389029433, 1.1071796418925685e-06], [5.816561258793029e-06, 0.9999694190312537, 2.66930326475638e-07, 2.449747716087218e-05], [0.0005125625840516927, 0.9993309850966846, 0.0001564516468877633, 6.723759057191121e-10], [6.272499752725132e-07, 0.9994813126483046, 2.8646779283104357e-06, 0.0005151954237917891], [0.9510614022567982, 0.012567320350089081, 0.0032247717862928407, 0.03314650560682003], [3.161111135672731e-07, 0.9994423849771219, 8.212410257838465e-07, 0.0005564776707388323], [0.9734615536541491, 0.004731263297026606, 0.0023590821557120875, 0.019448100893112167], [0.8547988886073862, 0.09223750029242567, 0.047527430235178324, 0.005436180865009772], [1.8584874816102212e-05, 2.004768395815447e-07, 2.694124820168388e-05, 0.9999542734001428], [0.7899200999245127, 0.09455458580309184, 0.11552467569047269, 6.385819226177218e-07], [0.2804491033839652, 0.12316021110776565, 0.5962162697620386, 0.00017441574623064073], [1.8854392180499148e-10, 0.05090282347090903, 0.9490971761449137, 1.9563342755814764e-10], [1.4223488047236365e-08, 0.9999084389703936, 1.9425552250810595e-07, 9.135255059598519e-05], [3.2543913456123455e-05, 0.0633547266361932, 0.03770060887101629, 0.8989121205793343], [0.9766421605102477, 5.12080557773347e-05, 4.6901912279884333e-07, 0.023306162414852276], [1.4611684879613768e-12, 2.172972638968232e-09, 0.9999999973496989, 4.758674548642546e-10], [0.99988169911812, 6.210374245574926e-06, 0.0001116631626276702, 4.2734500671748626e-07], [3.709211098253976e-06, 0.9993579798783935, 0.0006295711356837014, 8.739774824452624e-06], [0.6989008823424655, 1.97504176340899e-06, 5.992438404784762e-07, 0.3010965433719306], [0.07389925730185742, 0.8062119822630214, 0.00022866157934909567, 0.11966009885577208], [0.6056351521245703, 0.39091017956375995, 3.648264971509109e-05, 0.0034181856619545704], [1.489184309851582e-06, 2.3886202513832085e-07, 3.0061249814626845e-07, 0.999997971341167], [0.0004037628564291423, 0.01816133085817406, 0.980699285370593, 0.0007356209148036912], [1.8754895324935388e-10, 5.577400588938843e-06, 2.422998848016727e-11, 0.9999944223876321], [0.866018695384195, 0.09145695792825788, 5.4316656693670365e-09, 0.04252434125588167], [1.988558666005353e-08, 0.9999999751193338, 2.478356088279281e-10, 4.747244006686902e-09], [1.7726332774487978e-05, 1.946145842788615e-06, 0.9999774001095645, 2.9274118182386164e-06], [0.11950061900729726, 0.880361745575398, 0.0001369259605965484, 7.094567082473294e-07], [0.999960350507851, 4.682064360579282e-08, 3.957650982190853e-05, 2.616168336579183e-08], [0.004329139827346981, 0.1008563030052554, 0.7856225789513129, 0.10919197821608465], [7.877223614507033e-10, 0.9978317895970577, 0.0021680798428815404, 1.2977233833822302e-07], [1.9367081730757372e-07, 0.006771690862203909, 0.00011032947331815752, 0.9931177859936606], [0.011597175964628396, 1.6729426575705158e-07, 1.941784979742632e-05, 0.9883832388913084], [0.003915448520468406, 0.009580340531675453, 0.9784181875052558, 0.008086023442600431], [0.00021475854449584054, 0.22056415574046379, 0.7751664085099157, 0.004054677205124712], [1.3045264180766167e-06, 0.999996584154438, 3.462646889763461e-07, 1.765054454920809e-06], [6.3963693683231635e-06, 0.007663157746164118, 0.0008068518182422152, 0.9915235940662254], [0.9958199152731169, 0.0040472814323420595, 5.3703331271283765e-05, 7.909996326976581e-05], [0.1763988753329353, 0.8103295132019624, 0.011749386577866627, 0.0015222248872357384], [0.20213578073029403, 0.7869856161557914, 6.325778142280164e-06, 0.010872277335772302], [0.00032135987195991027, 0.004468661114216797, 0.0006538767460696443, 0.9945561022677537], [0.764179446219081, 0.23557982276235195, 0.00017935738785832014, 6.137363070884039e-05], [0.0009698095101519863, 0.9977129944293127, 0.0013077945280551167, 9.401532480106149e-06], [0.1981068594650589, 0.6907413102954214, 0.00011393037871204182, 0.11103789986080764], [0.9991075805765989, 2.2142735221924302e-05, 3.3019485498931093e-06, 0.0008669747396292515], [0.18544780068660188, 0.7490726987969619, 2.0182069969349796e-11, 0.06547950049625413], [0.959672320174678, 3.0883138389318765e-05, 0.002124054162811453, 0.0381727425241211], [4.7521429577896196e-08, 0.19446184418742093, 0.8055377910829755, 3.1720817409374597e-07], [0.9888794310539317, 0.010661475765710549, 0.00026997640308991177, 0.00018911677726785113], [1.2278659920736546e-05, 9.459930430517945e-05, 1.8405395838805798e-08, 0.9998931036303783], [4.4760921196728173e-07, 0.9999864190651117, 1.2660771199397436e-05, 4.725544771269141e-07], [0.8397084289964167, 5.757762971189069e-06, 3.8363958227056374e-06, 0.16028197684478934], [0.8055495719554933, 7.601572613748582e-09, 0.0008362610988929039, 0.19361415934404116], [0.03649406641561746, 9.81193829676087e-06, 0.9401407239886119, 0.023355397657473888], [0.99877288376052, 9.087758138744793e-10, 8.293250343840606e-10, 0.0012271145013789926], [8.108106882638251e-08, 0.17251305066492428, 6.262855602380229e-06, 0.8274806053984045], [0.20114027317235877, 0.0005352349981490172, 0.7971896416591273, 0.001134850170365011], [0.0013357355383780917, 0.0001094002119228248, 0.994417322234707, 0.004137542014991996], [0.04095188034340391, 1.2680979876822988e-05, 0.001699100338215921, 0.9573363383385033], [0.07671024009336527, 0.9228965708111572, 8.199983401076124e-05, 0.00031118926146662756], [0.01232490419549262, 0.983433058052054, 0.004229216493099359, 1.2821259353794403e-05], [1.0959414850313941e-07, 0.3339801864569711, 0.4069466407594835, 0.2590730631893969], [1.6830881080938924e-08, 7.900173583200354e-06, 0.005794125880387325, 0.9941979571151482], [0.0005772739657430566, 0.9387051453802724, 0.060714060634612085, 3.520019372345015e-06], [0.004299401477069492, 0.9303556306604286, 0.06533522909500612, 9.738767495606984e-06], [0.027565100621042775, 0.7001793778408325, 0.264593055866654, 0.007662465671470731], [0.9679550678485992, 1.531451020652371e-06, 0.0018350399620863662, 0.030208360738293905], [0.5424608025916893, 0.455148182595506, 0.002022659560930478, 0.0003683552518742058], [3.880532424278348e-12, 0.06508972038464629, 0.9341511161147544, 0.0007591634967186411], [0.00032850480910938363, 0.9996611217153403, 1.037077905955322e-05, 2.6964909657848953e-09], [0.0002152657823302529, 0.9650182388593143, 0.03476649420220899, 1.1561465872838572e-09], [0.9999992570087084, 6.281784143335403e-07, 1.1355525410578294e-07, 1.2576230033240323e-09], [0.0007773126061743308, 8.875004477743323e-08, 0.9992209634349205, 1.6352088603117198e-06], [0.5275517435008853, 1.3691728575614184e-06, 1.551130501172736e-05, 0.4724313760212453], [0.00018493239024314613, 8.169555167856637e-08, 9.678492536135668e-09, 0.9998149762357126], [0.9956505241082274, 0.0005045640399930845, 7.135332005334145e-12, 0.003844911844644145], [0.22140206177337635, 2.596291318162857e-06, 0.0012181777733741583, 0.7773771641619313], [0.33610814553590895, 0.6503268289313967, 1.7984236048061434e-05, 0.01354704129664621], [0.9999641708346252, 4.936295239863622e-09, 1.471875236730811e-07, 3.567704155584598e-05], [0.9752641703708314, 0.00038518237899797496, 5.6367151785319296e-05, 0.024294280098385305], [0.9963727617697467, 1.462808502433395e-06, 4.337280949690412e-05, 0.003582402612253967], [4.841902607464804e-05, 0.0004369749553892559, 5.104134925946497e-05, 0.9994635646692767], [0.9795832310428699, 5.013652425166546e-05, 0.020365914478819656, 7.179540587912502e-07], [0.00021238561891920727, 0.07182025080808951, 0.9172554263705043, 0.0107119372024869], [1.1943146615235352e-09, 0.00010208383469668191, 7.911502234874453e-06, 0.9998900034687537], [7.744024446685742e-05, 0.0007511619826221603, 0.001219791801000777, 0.9979516059719101], [1.7002589117789376e-06, 0.811611517901549, 0.00018274672035111588, 0.18820403511918812], [0.8860631713233882, 0.004422802563612642, 0.10917797484371208, 0.00033605126928710767], [6.161866653371745e-07, 0.9997164177529949, 5.410136313126981e-05, 0.00022886469720838923], [0.03279087919835657, 0.957442849727783, 0.002244262500234548, 0.007522008573625713], [0.0025634850724983544, 0.01348338752839629, 0.9837874838021559, 0.0001656435969495562], [1.3849732855969321e-06, 0.9984310974359563, 2.316299224912863e-08, 0.0015674944277659516], [0.5485725518203456, 0.006072058699324727, 0.386587248249365, 0.058768141230964736], [0.47192823232379194, 0.5015470239690278, 2.5732017816923167e-08, 0.026524717975162426], [0.00011149406207178283, 0.020688257679738007, 0.9786754512189805, 0.0005247970392098083], [0.2890764648173647, 0.43321275755626204, 0.001034041974520016, 0.27667673565185325], [0.00036030806673702584, 3.019739552814816e-10, 6.00959026949389e-08, 0.9996396315353864], [0.631570917903807, 0.2564368334715464, 0.004321563033802923, 0.10767068559084357], [9.824325497505056e-07, 0.00019855517708225858, 0.9997929422852924, 7.52010507570357e-06], [0.9370864427803338, 0.02609348896775328, 0.023364375882400243, 0.013455692369512638], [0.9669222139600459, 0.00016302508683031265, 0.009208602099371507, 0.023706158853752303], [0.9797642559876892, 1.8076827105115336e-06, 1.1601234600095708e-08, 0.02023392472836542], [0.003019705451968771, 0.9969096674796227, 1.5319820463759467e-06, 6.909508636207818e-05], [0.0012983126912160788, 0.0006917907478808162, 0.0004782016479507618, 0.9975316949129522], [0.02690800426363314, 0.4023947500872991, 0.011400315471306672, 0.559296930177761], [0.008795823081322632, 0.012937037574322166, 0.02165210140959783, 0.9566150379347573]]}, "rewritten": {"ids": ["97107260", "97107920", "97109570", "97116790", "97118210", "98106680", "98106880", "98107410", "98108410", "98110680", "98110810", "98111860", "98116090", "98120530", "99107640", "99107660", "99108000", "99108080", "99108310", "99108460", "99109141", "99109840", "99110050", "99111340", "99111440", "99117740", "100108490", "100108520", "100109000", "100109360", "100111080", "100111270", "100116790", "100117420", "101108370", "101108460", "101110150", "101110200", "101115190", "101119591", "102109850", "102112301", "102114270", "103109641", "103110840", "104111531", "104111780", "104113000", "104113240", "104117200", "105110251", "105112240", "105112260", "105113620", "105116090", "105116441", "105116501", "105118230", "105120621", "105121190", "105121370", "106112770", "106114280", "106117650", "106117790", "106121220", "107113130", "107113180", "107113200", "107113260", "107113360", "107113550", "107114140", "107114280", "107116340", "107116501", "107118820", "107119130", "107120130", "107120260", "107121640", "108113480", "108113740", "108114200", "108115070", "108116481", "108117610", "108117720", "108118301", "108118520", "108121160", "108121190", "109113931", "109115380", "109116040", "109116170", "109116750", "109116930", "109117271", "109117600", "109118231", "110113591", "110115980", "110116170", "110116441", "110117110", "110118121", "110118630", "110119300", "111116100", "111116170", "111116640", "111117480", "111119250", "111119950", "111120531", "111121351", "111121410", "112116290", "112116540", "112116610", "112116880", "112117471", "112118701", "112119500", "112119580", "112119950", "112120670", "112121010", "113117550", "113119300", "113119340", "113119450", "113119480", "113119700", "113119930", "113120640", "113121190", "113121750", "113121810", "113122150", "113122160"], "labels": [2, 0, 0, 2, 2, 1, 0, 3, 1, 2, 1, 0, 0, 1, 1, 3, 2, 3, 2, 0, 3, 2, 3, 1, 3, 2, 2, 2, 1, 0, 0, 2, 2, 2, 1, 0, 1, 2, 1, 0, 1, 1, 3, 1, 1, 0, 3, 1, 2, 3, 0, 1, 3, 0, 1, 1, 1, 1, 1, 2, 2, 1, 3, 1, 1, 1, 1, 3, 0, 0, 0, 0, 2, 3, 3, 1, 3, 1, 2, 1, 1, 0, 3, 0, 1, 0, 3, 1, 1, 0, 2, 1, 1, 3, 0, 0, 0, 0, 0, 1, 1, 0, 1, 0, 3, 0, 3, 1, 1, 3, 0, 0, 1, 1, 0, 0, 0, 0, 0, 1, 1, 0, 3, 0, 2, 3, 0, 2, 2, 3, 1, 0, 3, 3, 0, 1, 0, 1, 0, 2, 2, 3], "predicted_labels": [2, 0, 1, 1, 2, 1, 3, 0, 0, 2, 1, 2, 1, 3, 3, 3, 1, 3, 3, 3, 1, 2, 2, 2, 0, 0, 1, 1, 1, 3, 1, 2, 1, 2, 0, 1, 3, 1, 1, 0, 1, 3, 1, 1, 2, 0, 1, 0, 2, 3, 1, 1, 0, 2, 0, 1, 0, 1, 3, 2, 2, 1, 0, 1, 1, 0, 2, 1, 3, 0, 2, 0, 1, 1, 0, 0, 1, 1, 1, 0, 2, 3, 0, 0, 2, 0, 0, 0, 0, 1, 1, 1, 0, 2, 3, 1, 0, 2, 3, 3, 0, 3, 3, 0, 0, 2, 1, 3, 3, 0, 1, 1, 0, 1, 0, 1, 1, 1, 0, 1, 1, 1, 1, 1, 1, 3, 3, 1, 1, 3, 3, 0, 0, 0, 2, 1, 3, 1, 0, 2, 0, 1], "confidence_scores": [[2.3396475335961812e-05, 1.366686778548815e-06, 0.9999752255342466, 1.1303638834583995e-08], [0.9935764517306531, 0.006402202726250307, 6.963624258842041e-09, 2.133857947235324e-05], [0.21776185413848742, 0.5032540426310058, 8.096991455818446e-05, 0.27890313331594846], [0.0008960485887883528, 0.5478749657773532, 0.45100188057495627, 0.00022710505890210763], [0.40579196513815724, 0.0005857873648274951, 0.49618688752930723, 0.09743535996770793], [1.97742445083967e-12, 0.9918375694467519, 0.008159863193690118, 2.5673575804208166e-06], [1.851458458144718e-05, 6.178660998901258e-05, 0.008517468341075826, 0.9914022304643538], [0.9999999913606413, 5.70586840059105e-12, 8.625074438630579e-09, 8.578578824905967e-12], [0.8844193866260357, 0.06696503841834699, 0.038605709873341276, 0.010009865082276012], [8.052867983951757e-05, 0.0042635546723242684, 0.9759814751362698, 0.01967444151156645], [2.4237869148288348e-11, 0.9999912600496251, 8.614640483663875e-06, 1.2528565341979425e-07], [0.03965954398664803, 3.889361811241861e-05, 0.959286467005798, 0.001015095389441538], [4.692932622582775e-06, 0.9999594191065337, 3.588124841623683e-05, 6.71242734949177e-09], [0.344739513592804, 0.0054003194889927185, 4.824279675671547e-07, 0.6498596844902358], [0.0006155427092462025, 5.3182812478029164e-05, 8.92784525352699e-08, 0.9993311851998233], [0.3493313053203086, 4.285863573877884e-05, 0.005078738737392159, 0.6455470973065606], [7.200203597495545e-09, 0.9999502544837326, 2.87116147191551e-05, 2.1026701344633162e-05], [0.30326128466810887, 3.496157916043994e-08, 0.00036000529018979536, 0.6963786750801222], [0.025897107261112662, 4.223754143270104e-05, 0.0029240781085739117, 0.9711365770888808], [9.494764192481351e-11, 6.360487100067322e-06, 2.4733931868446998e-11, 0.9999936393932184], [0.1673965455354392, 0.8076022491560901, 0.024990181396988366, 1.1023911482242963e-05], [0.004184678502687971, 0.30470685045388146, 0.6645673565990552, 0.02654111444437527], [3.0101739818210283e-05, 0.0004055883687304207, 0.9446897095013945, 0.05487460039005697], [6.659226800818055e-10, 0.0007951122294570286, 0.9988000670852688, 0.0004048200193513922], [0.9999816737915058, 2.783757525984396e-07, 1.2549784705019602e-07, 1.792233489459911e-05], [0.9363964114460319, 0.021604811249428993, 0.04136841408178623, 0.0006303632227529675], [0.0278010354981896, 0.9707658409549015, 4.57522842607178e-08, 0.001433077794624691], [0.4763555721380604, 0.5057416928312674, 0.001107941812720435, 0.016794793217951822], [0.05013605325917942, 0.9316321947694312, 0.012164458922486144, 0.006067293048903384], [0.0037875129047480714, 0.00010243852375199682, 0.0003176393425751647, 0.9957924092289249], [0.07080578101068644, 0.8117781309682324, 0.11714980270005387, 0.000266285321027335], [9.826258120253296e-12, 0.0007309458813599942, 0.9992192340602213, 4.982004859235982e-05], [0.023040794845303716, 0.9765046691523658, 0.0004184233798173187, 3.6112622513405315e-05], [6.817153220091806e-09, 1.5658665221665364e-06, 0.999998380243459, 4.707286553076299e-08], [0.9999574925588347, 5.640186968531664e-08, 8.295948378296209e-07, 4.162144445781867e-05], [0.039724260989871724, 0.8480004618028995, 0.0017180947086495163, 0.11055718249857913], [1.1644851541435827e-07, 0.00032092163899626833, 8.835203595494431e-07, 0.9996780783921286], [0.006077310533091548, 0.7636641459118463, 0.2302559150151871, 2.62853987497533e-06], [0.004073614633707888, 0.9109430958962211, 0.08395935873867409, 0.0010239307313967547], [0.998005130173532, 4.1123297952574586e-05, 2.317702011145263e-07, 0.0019535147583143123], [0.0012716429518986638, 0.9986449464211838, 8.185568925754295e-05, 1.5549376599010267e-06], [0.0018715570795956409, 1.096738725943091e-05, 0.0495823885670888, 0.9485350869660563], [0.06353001400651205, 0.9355443080038631, 3.8526618256948155e-06, 0.0009218253277989692], [4.1947662830580966e-05, 0.8879749562169585, 1.7266835459669422e-06, 0.1119813694366649], [8.239211335099852e-06, 0.0009811474056026339, 0.9989863873688037, 2.4226014258497064e-05], [0.8507025403448296, 0.039950218167524004, 2.4019482246267204e-06, 0.10934483953942165], [9.797374526693173e-06, 0.999301304304276, 5.228469124146155e-06, 0.0006836698520731037], [0.9990726843496824, 4.9830220801917287e-08, 1.5693553190361144e-05, 0.0009115722669062943], [7.384406825854667e-08, 0.09516096528851088, 0.9048381905013781, 7.703660427798711e-07], [1.629623665406288e-08, 6.753600545072231e-05, 3.3075326780583223e-06, 0.9999291401656345], [5.795439151038957e-05, 0.9577485028982711, 6.9522329007347e-05, 0.04212402038121115], [0.0015852425332642367, 0.8859643894235725, 0.1124437293482595, 6.6386949039113874e-06], [0.6453274437139602, 0.003949711477472154, 0.0012772174305819178, 0.3494456273779856], [1.4485119944579113e-05, 0.18571678781948553, 0.8134605892820729, 0.0008081377784971484], [0.9774324460444667, 0.008027918803952257, 0.003258349723671794, 0.011281285427909328], [0.08713313729100991, 0.9128642787055322, 1.3850472533556315e-10, 2.5838649530673202e-06], [0.9990938571980351, 0.0007196337876506838, 7.5009684121613e-15, 0.00018650901430660106], [0.0009414921417028008, 0.8894512307685106, 0.007565017583939072, 0.10204225950584754], [0.07949081868659716, 0.4239143865293748, 3.1304405362560896e-11, 0.49659479475272383], [7.638119802977093e-09, 8.555944966561925e-09, 0.8559386622139374, 0.1440613215919979], [4.544279505690388e-05, 0.0026300093156513414, 0.9921893476571294, 0.00513520023216242], [8.679437103248767e-12, 0.586188874026595, 0.4138098577272739, 1.2682374516765167e-06], [0.9992169226846209, 9.688666185818115e-06, 0.00048073963475745167, 0.0002926490144358262], [0.19527966096483126, 0.7565031813467459, 0.04639629148035244, 0.0018208662080703378], [1.191182881075335e-06, 0.8843281708924778, 0.11566121989003797, 9.418034603091853e-06], [0.9994517169277913, 2.6511350874837424e-07, 0.0003840319721020981, 0.00016398598659777525], [8.629160572293816e-07, 8.35057290307885e-05, 0.9999139677085003, 1.663646411698044e-06], [0.024814601988923702, 0.9492505435671335, 0.025931288122904666, 3.5663210382395536e-06], [0.05740242270744924, 0.0788358527793288, 0.0002785799580823746, 0.8634831445551396], [0.9848983151096123, 0.00010358804078630224, 0.013178849672212296, 0.0018192471773887792], [8.48282804448765e-09, 1.1756805910807378e-07, 0.9997220752310237, 0.00027779871808910554], [0.34151082668374927, 0.34145412194180214, 0.3096142442021447, 0.007420807172303931], [0.017353510507683943, 0.9798088472161218, 0.0028374525934865493, 1.896827076040134e-07], [0.017064320364524238, 0.951482095270162, 0.03145315438551737, 4.2997979641397686e-07], [0.8727033821156809, 1.1321024218314875e-06, 0.11302557197941245, 0.014269913802484994], [0.9996822733419827, 6.359174313493645e-09, 1.2761360362840518e-09, 0.00031771902270703054], [2.6269144039524263e-06, 0.9998624522302587, 3.418347497007678e-05, 0.00010073738036721096], [6.039554537072158e-05, 0.9996001048331098, 4.348255283117296e-06, 0.0003351513662362501], [6.686821336494165e-07, 0.9999964675038086, 2.7307431083770644e-06, 1.3307094940188263e-07], [0.9901839529766487, 0.008266232815081126, 0.0015459664985331154, 3.847709736991853e-06], [0.004818684989855396, 0.09585581821803918, 0.8993144647329302, 1.1032059175375075e-05], [1.47132321897507e-05, 6.920216282466122e-09, 7.010927000705692e-07, 0.9999845787548938], [0.9951978862262053, 5.169237159142472e-06, 0.00021405290987824442, 0.004582891626757249], [0.6843566536027126, 0.30211769439020747, 0.01352562734020101, 2.4666879028905297e-08], [4.208983938654693e-08, 9.625639462429325e-06, 0.9999856568522388, 4.675418459301977e-06], [0.9839997148470921, 1.1766244160223005e-08, 1.6242051297334064e-06, 0.01599864918153387], [0.9964077851858332, 7.116486917371121e-07, 1.1538083346554717e-05, 0.0035799650821284027], [0.8795031127969477, 0.051749110391580366, 0.0018926207558813406, 0.06685515605559034], [0.6469409450360917, 0.34910588666130743, 4.4534725937201116e-07, 0.003952722955341565], [0.00012831696930924128, 0.938970860587928, 0.060882600090144304, 1.8222352618598992e-05], [0.39097874726217635, 0.6012822165839107, 2.121561616964056e-05, 0.007717820537743229], [3.163538048412585e-05, 0.8571972179704826, 2.1537984150387972e-07, 0.14277093126919177], [0.9999324900386913, 5.8939040463268416e-05, 5.141955446978012e-06, 3.428965398422123e-06], [5.347671087003841e-05, 0.38419517477457865, 0.3848846560248779, 0.23086669248967334], [0.07836480367178385, 2.4864481527459268e-05, 0.009613557756814117, 0.9119967740898747], [4.007918733912158e-08, 0.9070145822175097, 1.2637114101220909e-06, 0.09298411399189276], [0.7240071859940107, 0.00957894826872358, 0.23187595605578099, 0.03453790968148476], [1.422139726167025e-05, 4.2598484212312794e-06, 0.9999813965110214, 1.2224329568920035e-07], [8.96157945096296e-06, 1.3473422653970926e-08, 1.8320044150811017e-07, 0.9999908417466848], [0.3093988763323935, 0.12415263260066586, 0.011887078071583927, 0.5545614129953568], [0.9802581175065697, 0.01324764499566731, 0.0007977878501824272, 0.005696449647580652], [0.15805798459538722, 0.15869586832001029, 1.9245308219902525e-11, 0.6832461470653571], [0.16613389714115953, 2.0957788603273787e-05, 0.0007861178134302078, 0.833059027256807], [0.8360602323032489, 0.09026569062670665, 1.674228778284969e-05, 0.07365733478226154], [0.9993239455412334, 2.497250915443315e-07, 0.000247877405056138, 0.000427927328619068], [4.367011228174051e-06, 0.0008371137042006366, 0.99910820385496, 5.031542961110292e-05], [1.9637319420744324e-07, 0.9976080336502524, 7.672105679757428e-05, 0.00231504891975563], [0.0007949864166292534, 0.0003016320041742826, 0.0003760479794513582, 0.9985273335997452], [7.021418448948168e-06, 0.0008124679912871695, 7.540963764769211e-06, 0.9991729696264992], [0.7576609768574366, 0.02569366872004713, 0.006739460206009664, 0.2099058942165064], [3.6822114899270835e-07, 0.9727062263597791, 4.899841222082231e-11, 0.02729340537007366], [0.2373366863393351, 0.7313866384571186, 0.031255398722958815, 2.1276480587508717e-05], [0.9990171314510868, 0.0004945072552911614, 0.0004883462676384257, 1.502598344463973e-08], [2.942810785549971e-07, 0.6668344553824366, 0.0002719281081590828, 0.3328933222283258], [0.764902411049141, 0.00010368257587174328, 3.574849363114931e-06, 0.23499033152562424], [2.39615338663386e-05, 0.7694596044537525, 0.0048172967932264, 0.22569913721915477], [0.0017380325042791911, 0.5905350578533768, 0.00044517171177049596, 0.4072817379305735], [0.02219230542185776, 0.9775545797772264, 0.0002514037550702421, 1.7110458454341787e-06], [0.5563196114145739, 0.15279452233037155, 0.2823789933065323, 0.008506872948522355], [1.638517579521845e-05, 0.9999691575105031, 8.145827392520355e-08, 1.4375855427984683e-05], [0.14473302916887687, 0.4568287851326471, 0.3980376590052245, 0.00040052669325165124], [0.004616327494960185, 0.5517813240153779, 0.44355804880190286, 4.429968775905003e-05], [0.0016920278079644118, 0.788722985381955, 0.00040485037317703794, 0.20918013643690359], [0.0003702394849618511, 0.5689762926895922, 0.12722986886055623, 0.3034235989648898], [0.023718876443711033, 0.7322968943115359, 0.24391067886966866, 7.355037508444638e-05], [9.534198019829293e-08, 0.005563299462722342, 1.423502389389274e-05, 0.9944223701714036], [0.3177843548816485, 4.295519650012592e-06, 6.771108070857868e-07, 0.6822106724878944], [6.556341419023868e-07, 0.9922287065089903, 0.0077374514038392106, 3.3186453028573074e-05], [0.0048755441988875435, 0.9934979630991595, 3.973580215896793e-05, 0.0015867568997942384], [0.0008061129211389761, 0.02591910048350523, 0.43714577073177285, 0.536129015863583], [2.926524853720409e-09, 5.526186531536674e-09, 1.6345664703005685e-11, 0.9999999915309431], [0.974337417697265, 0.02076226228090167, 0.004081369158985925, 0.0008189508628473932], [0.9870811065151779, 0.011095867760805551, 4.438405351423844e-05, 0.0017786416705023822], [0.9546225927970771, 1.500167932725958e-08, 3.043864787110824e-10, 0.045377391896857036], [0.00937418990660207, 0.03152296948721342, 0.953011749066065, 0.006091091540119372], [9.910108614930895e-08, 0.9999996598520129, 1.9203773120952755e-09, 2.391265239432489e-07], [0.004123849744727899, 0.06099031383244487, 0.0024454142167677473, 0.9324404222060594], [0.00427334543186015, 0.9866760011962258, 0.006308592400571068, 0.0027420609713428544], [0.9984891559365031, 0.0014606251523279043, 8.357191659835419e-07, 4.938319200306006e-05], [2.666832466677521e-09, 0.4264243280603122, 0.5735756498205395, 1.945231572509937e-08], [0.49209909221173076, 0.03687245461602844, 0.10891574445245239, 0.3621127087197883], [0.0001637084692689937, 0.9429909834740009, 0.026617047326266838, 0.030228260730463287]]}}