{"test": {"ids": ["103111990", "109114270", "113118630", "104113190", "100111380", "106119260", "98111670", "113120070", "108115970", "111121220", "108114360", "110118301", "106116120", "112117431", "105114220", "103111830", "103109021", "106114011", "102110240", "107113260", "109117600", "98109570", "109117150", "99107640", "102117351", "98111860", "99113260", "106113360", "112116990", "104119290", "97108520", "98106560", "107121230", "101110200", "98107410", "109115380", "99112641", "103117461", "99107630", "99109161", "104116980", "111121351", "108121410", "109114220", "97116401", "108117451", "111120591", "104109311", "108120060", "109119010", "102112170", "108113700", "111114941", "100115700", "101119030", "112121010", "98110230", "108114670", "108116501", "113117630", "103120531", "112117790", "107116980", "112120700", "99109910", "111118820", "106112770", "101121640", "107114140", "109119450", "113121410", "107116340", "97105760", "113121220", "110121500", "104114740", "112118890", "102116340", "112116401", "105113190", "111115780", "105119950", "112116640", "97106820", "97106000", "112118701", "98121790", "104117630", "102108621", "105116090", "113122160", "100108490", "97118210", "101115190", "113122170", "108113620", "113117340", "99117630", "108118291", "110121170", "99111440", "108121351", "101111140", "100120780", "113120780", "104111780", "112120270", "108115870", "99114890", "104112201", "109117431", "99109860", "111121930", "107117630", "102114270", "104111620", "99109370", "113119340", "107121640", "104118070", "112117780", "101108950", "99117740", "107114321", "100108580", "97116410", "106114321", "97116800", "108119510", "112119610", "102121700", "98110810", "103113270", "101112540", "104114410", "110121450", "104117200", "106121190", "100109980", "109117630", "112118471", "103120730"], "labels": [2, 3, 3, 3, 3, 1, 1, 2, 2, 3, 1, 1, 1, 0, 3, 3, 0, 1, 3, 0, 1, 1, 2, 1, 1, 0, 0, 0, 0, 1, 2, 1, 0, 2, 3, 3, 1, 0, 2, 3, 1, 0, 0, 3, 3, 2, 1, 3, 1, 3, 3, 0, 0, 1, 3, 2, 3, 3, 0, 0, 3, 3, 3, 2, 2, 0, 1, 2, 2, 3, 0, 3, 0, 3, 3, 2, 3, 3, 0, 3, 1, 3, 0, 1, 0, 0, 2, 0, 3, 1, 3, 2, 2, 1, 1, 3, 2, 3, 3, 2, 3, 3, 2, 1, 0, 3, 0, 3, 2, 0, 1, 2, 1, 0, 3, 0, 1, 0, 1, 2, 0, 2, 2, 0, 0, 3, 2, 0, 1, 0, 1, 1, 2, 2, 1, 3, 3, 2, 1, 0, 1, 1], "predicted_labels": [1, 3, 3, 1, 1, 3, 3, 1, 1, 3, 1, 1, 3, 3, 0, 0, 0, 1, 1, 1, 3, 3, 1, 3, 3, 1, 1, 1, 0, 1, 3, 3, 3, 1, 3, 1, 0, 1, 3, 0, 1, 1, 1, 1, 1, 3, 3, 3, 1, 1, 0, 1, 1, 1, 0, 1, 1, 1, 3, 1, 3, 0, 0, 1, 2, 0, 3, 3, 1, 1, 3, 1, 1, 3, 0, 1, 1, 1, 0, 0, 1, 3, 1, 3, 3, 1, 1, 3, 3, 1, 1, 1, 3, 1, 1, 1, 1, 3, 0, 3, 1, 1, 0, 3, 1, 1, 1, 1, 1, 0, 1, 1, 0, 3, 1, 0, 3, 1, 0, 1, 0, 1, 1, 3, 0, 1, 1, 3, 1, 1, 1, 1, 1, 3, 0, 1, 3, 1, 1, 1, 1, 1], "confidence_scores": [[0.21262056277056277, 0.36955060495060515, 0.15080389610389616, 0.26702493617493617], [0.231260047262679, 0.272010032657401, 0.20504663669663684, 0.2916832833832834], [0.2001945332445334, 0.27227006490241795, 0.21265967365967367, 0.314875728193375], [0.2487174270174272, 0.291460683760684, 0.18390132090132094, 0.27592056832056827], [0.2804042957042958, 0.29646072261072254, 0.1661861527361528, 0.256948828948829], [0.25503259240759246, 0.2508703546453548, 0.21977285492285498, 0.2743241980241983], [0.2491442141192142, 0.2422104395604398, 0.2089549212225683, 0.29969042509777816], [0.20407134532134547, 0.3266965034965035, 0.20562631812631837, 0.26360583305583296], [0.23966712176712182, 0.3029776057276058, 0.17117179487179496, 0.28618347763347773], [0.23616409146409156, 0.2844290098790097, 0.1566847763347764, 0.32272212232212233], [0.2136970917970918, 0.33146717726717717, 0.22123501498501505, 0.23360071595071596], [0.22532194647457812, 0.3060656179218097, 0.18201688311688316, 0.286595552486729], [0.26365997890997905, 0.28434343434343434, 0.1490719780219781, 0.3029246087246088], [0.24593994338994354, 0.28451516424751727, 0.1604390831390832, 0.3091058092234563], [0.2931835664335666, 0.287586272061272, 0.15344790487290494, 0.26578225663225674], [0.3283590409590409, 0.1943943722943724, 0.15239581529581533, 0.32485077145077135], [0.3056799311799312, 0.29758311688311684, 0.12608033078033085, 0.27065662115662126], [0.2679496447996449, 0.3048507861419625, 0.18873686868686887, 0.23846270037152395], [0.24492245161099654, 0.27339235188615996, 0.22929202464202486, 0.252393171860819], [0.24898974358974363, 0.31451132201132204, 0.1884650793650795, 0.248033855033855], [0.28566424131424123, 0.2706644300144299, 0.1529014929514931, 0.2907698357198358], [0.2318513070263069, 0.2566792984792985, 0.1821545510045512, 0.32931484348984363], [0.23828967698967699, 0.34186850371850375, 0.18114855699855706, 0.23869326229326251], [0.21791452436452438, 0.2827203962703964, 0.21625465482230188, 0.28311042454277746], [0.28698723498723505, 0.2313110757663391, 0.15965830456093616, 0.32204338468549004], [0.19598437118437123, 0.3165742035742037, 0.2296815462315463, 0.2577598790098792], [0.22566811521811525, 0.306946459096459, 0.23638267288267292, 0.23100275280275284], [0.24249428904428916, 0.31392095682095694, 0.18220777000777003, 0.2613769841269842], [0.28788296148296155, 0.27448381063381067, 0.1908227272727273, 0.2468105006105008], [0.19532337107337122, 0.3103656288156289, 0.24175159840159868, 0.2525594017094019], [0.2450555361305362, 0.2559530663780665, 0.2048394716394717, 0.2941519258519262], [0.23131346431346436, 0.25595531657884607, 0.1839021011668071, 0.32882911794088265], [0.1948490065490066, 0.28019288489288513, 0.1825667221667223, 0.34239138639138655], [0.21352304917304918, 0.377899724458548, 0.16804730824730837, 0.2405299181210945], [0.26342065989566, 0.2698711784947079, 0.19333319507290112, 0.27337496653673143], [0.18484626762126768, 0.3178092823842825, 0.22049547119547125, 0.2768489787989788], [0.320790890482067, 0.239575557775558, 0.19689992229992245, 0.24273362944245305], [0.2504538988788989, 0.28785257520257523, 0.18832293817293827, 0.27337058774558787], [0.2757026251526251, 0.20696681096681097, 0.20008251193251206, 0.3172480519480517], [0.2742222666222666, 0.2563450577200577, 0.21696385836385837, 0.25246881729381737], [0.16887022422022427, 0.303980266955267, 0.264802688977689, 0.2623468198468199], [0.26963250360750357, 0.32187875898611185, 0.17075924075924084, 0.2377294966471438], [0.26454948384948407, 0.33397041014541, 0.18208523976023971, 0.2193948662448663], [0.2799990120990121, 0.29666776001776013, 0.1854275446775448, 0.23790568320568325], [0.20884378676878682, 0.3011522089022088, 0.21999180264180265, 0.2700122016872018], [0.323268253968254, 0.1917129148629149, 0.1495943722943723, 0.3354244588744589], [0.2632649461649463, 0.2300988483738484, 0.19041663614163626, 0.31621956931956924], [0.2906042679542679, 0.26082254412254435, 0.1528361083361084, 0.2957370795870797], [0.24558660228660242, 0.3439435203685202, 0.23019969752469754, 0.1802701798201799], [0.22208423243423236, 0.3146479603729602, 0.19964230769230787, 0.26362549950049946], [0.30338612498612516, 0.26047540237540256, 0.1782591353091354, 0.2578793373293375], [0.3135665140415139, 0.319334134492958, 0.16370896880896882, 0.20339038265655918], [0.2629673723335489, 0.2983067321567321, 0.1720085275835277, 0.26671736792619155], [0.27762365771483427, 0.2857761516261516, 0.18998304473304484, 0.24661714592596948], [0.30586581196581203, 0.22198861693861688, 0.17406841491841496, 0.2980771561771562], [0.1979767454767456, 0.3346925796425797, 0.22956398046398052, 0.23776669441669457], [0.23509973914973903, 0.32449473304473303, 0.14387378732378736, 0.29653174048174047], [0.23273288378288387, 0.28656474913974916, 0.21458594183594196, 0.2661164252414253], [0.2701734202072439, 0.26459285812227007, 0.15855165928842402, 0.3066820623820626], [0.24382918470418474, 0.2968311910311911, 0.16755277222777215, 0.29178685203685206], [0.27279860694860697, 0.26568845043845046, 0.1566466866466867, 0.3048662559662561], [0.2762084387834389, 0.23546562881562885, 0.21462272172272176, 0.27370321067821074], [0.31855656010656014, 0.30733508713508695, 0.18017655122655138, 0.19393180153180145], [0.20979010434010434, 0.36997971472971464, 0.18173060828060825, 0.2384995726495727], [0.238216410344042, 0.25516390933627775, 0.2729405039405042, 0.23367917637917648], [0.3443187895437894, 0.2395183261183261, 0.14715079365079364, 0.26901209068709075], [0.2385283105783106, 0.22151588689088683, 0.20903366633366635, 0.33092213619713623], [0.2341021756021758, 0.27081557331557343, 0.1931510600510601, 0.30193119103119104], [0.19553971028971043, 0.3614597236097235, 0.20318386058386065, 0.23981670551670567], [0.14175476190476202, 0.3367134587634586, 0.21679120324120327, 0.3047405760905762], [0.26277992562992586, 0.23373684926184932, 0.1434971112221113, 0.3599861138861138], [0.23817074037074037, 0.29116462948815885, 0.20519140075610667, 0.2654732293849944], [0.22328537573537574, 0.3056661893661893, 0.19988894438894456, 0.2711594905094907], [0.24944435009435031, 0.2556620157620159, 0.18999340104340107, 0.30490023310023306], [0.3180584304584307, 0.3180143856143856, 0.12392399267399277, 0.24000319125319128], [0.2059682761682763, 0.31691116661116686, 0.21250026640026645, 0.2646202908202907], [0.22024915639915646, 0.31632388722388716, 0.1662721334221334, 0.2971548229548232], [0.21258006438006452, 0.29484975579975586, 0.2189587190587191, 0.2736114607614608], [0.38715620490620506, 0.22418434343434349, 0.13088239538239543, 0.2577770562770565], [0.34588907758907744, 0.2641700743700743, 0.16085246420246427, 0.22908838383838392], [0.2843462481962483, 0.2903717005217007, 0.15993058608058616, 0.2653514652014652], [0.26806398013750965, 0.26682229437229454, 0.18523847296494364, 0.27987525252525264], [0.20961386587268957, 0.3377278701690464, 0.1825334554334555, 0.27012480852480864], [0.26667199271316944, 0.25328366633366645, 0.18983571428571439, 0.2902086266674502], [0.21039554334554336, 0.2590442168942171, 0.22674561549561553, 0.3038146242646245], [0.24893482073482098, 0.2887128890717126, 0.17815034410034417, 0.2842019460931228], [0.25657873792873803, 0.28213806552924203, 0.20885521700521717, 0.2524279795368031], [0.23368190698190705, 0.25594076479076494, 0.22377161172161178, 0.2866057165057164], [0.29294498834498844, 0.24495627150627158, 0.14935667110667117, 0.3127420690420691], [0.240474963924964, 0.28603439893439897, 0.20018542568542577, 0.2733052114552115], [0.1787828782328782, 0.3583653318903316, 0.17782637917637925, 0.28502541070041076], [0.22038922939805297, 0.30579610389610407, 0.20562945747063396, 0.26818520923520933], [0.2477258741258742, 0.24141093351093354, 0.23222190587190603, 0.27864128649128656], [0.2036338716838718, 0.3742714896214897, 0.17359904539904544, 0.2484955932955933], [0.20332619047619047, 0.3190816221789907, 0.20999719724719734, 0.2675949900976217], [0.20551527639027645, 0.34483810984337293, 0.19416056618819785, 0.255486047578153], [0.18846274477156846, 0.36331533466533433, 0.19914946164946185, 0.24907245891363564], [0.2647536796536798, 0.264563924963925, 0.16097955932955937, 0.3097028360528363], [0.32426797091797077, 0.21656560939060937, 0.15073580586080593, 0.30843061383061404], [0.21236943056943067, 0.27154920079920064, 0.20945587745587751, 0.30662549117549126], [0.22186120546120558, 0.305070695970696, 0.19424190809190825, 0.27882619047619056], [0.22725162615162617, 0.2958233748707433, 0.1825702075702076, 0.29435479140742304], [0.3138468614718612, 0.21627489177489184, 0.16956839826839834, 0.30030984848484843], [0.1914370851370851, 0.27845497835497846, 0.19056622266622264, 0.3395417138417138], [0.23930180571062923, 0.3582669552669552, 0.17194783549783563, 0.23048340352458005], [0.2441313797313798, 0.3005864219114218, 0.17108643301143298, 0.2841957653457655], [0.19253148518148522, 0.32290703185703185, 0.23568220113220126, 0.24887928182928198], [0.2701350482850485, 0.2822337551337551, 0.1708995282495283, 0.27673166833166835], [0.19734824064824089, 0.3811315462315463, 0.20996598401598415, 0.2115542291042292], [0.30536300643800635, 0.22979933122433127, 0.17155307862072566, 0.2932845837169366], [0.23562900812637658, 0.29292058117321274, 0.19129119769119796, 0.2801592130092129], [0.2492702741702743, 0.29237186147186156, 0.2323895160395161, 0.22596834831834853], [0.3155899322899325, 0.3022945831945832, 0.12254489954489957, 0.25957058497058505], [0.2722625319125319, 0.22766948051948066, 0.1952741924741925, 0.30479379509379523], [0.26838285603285605, 0.3516228438228438, 0.15936204906204912, 0.22063225108225124], [0.3344549117549118, 0.22728317793317807, 0.16550167055167064, 0.27276023976023983], [0.22596791541791555, 0.254070301920302, 0.2074206293706294, 0.31254115329115323], [0.2818527139527139, 0.29425315795315793, 0.15917599067599078, 0.2647181374181376], [0.2844374264624264, 0.2350490945329181, 0.22089521034521042, 0.25961826865944515], [0.18053199578199583, 0.3573030913530912, 0.23070784770784789, 0.23145706515706524], [0.27831776001776015, 0.2522290376290377, 0.19842698135198136, 0.2710262210012211], [0.2021447163947164, 0.3483705128205129, 0.2206467254967255, 0.22883804528804538], [0.2595461982461983, 0.2914089466089466, 0.20599507159507155, 0.24304978354978374], [0.19647723746841406, 0.2690710531298768, 0.19133333333333352, 0.3431183760683759], [0.2909977994227993, 0.24948195970695985, 0.21097454767454774, 0.2485456931956933], [0.2529117327117328, 0.2582237096237097, 0.2509375402375404, 0.23792701742701755], [0.26341381118881124, 0.28024479686979703, 0.21848442113442118, 0.23785697080697082], [0.2706842213342212, 0.2244545565545566, 0.22199176934176945, 0.28286945276945297], [0.2653676268176268, 0.3066564935064934, 0.173944599518129, 0.25403128015775084], [0.23058323343323348, 0.30170586635586644, 0.19782756687756695, 0.26988333333333336], [0.25769406704406694, 0.344810889110889, 0.19292352092352105, 0.20457152292152295], [0.21122262737262737, 0.3741326007326009, 0.21085179820179836, 0.2037929736929736], [0.23702979797979812, 0.2964645948822419, 0.18837805658393897, 0.27812755055402116], [0.22973626373626374, 0.2536786047286048, 0.24479139194139213, 0.27179373959373965], [0.29066068653568666, 0.2542619047619048, 0.17291896159396158, 0.282158447108447], [0.26675641025641034, 0.3461706071706072, 0.15492839382839388, 0.23214458874458901], [0.2058994283494284, 0.27386732434232436, 0.18168701298701306, 0.3385462343212344], [0.18729836829836827, 0.3239459262959264, 0.24306102786102793, 0.24569467754467764], [0.24850930735930732, 0.3047080530580533, 0.2154606338106339, 0.2313220057720059], [0.2560435064935067, 0.33262597402597394, 0.19870735930735928, 0.21262316017316021], [0.24290691138926435, 0.3045529581529582, 0.18567722832722844, 0.26686290213054936], [0.2650349705849706, 0.2847014763014765, 0.21391444111444116, 0.2363491119991121]]}, "rewritten": {"ids": ["97105760", "97106000", "97106820", "97108520", "97116401", "97116410", "97116800", "97118210", "98106560", "98107410", "98109570", "98110230", "98110810", "98111670", "98111860", "98121790", "99107630", "99107640", "99109161", "99109370", "99109860", "99109910", "99111440", "99112641", "99113260", "99114890", "99117630", "99117740", "100108490", "100108580", "100109980", "100111380", "100115700", "100120780", "101108950", "101110200", "101111140", "101112540", "101115190", "101119030", "101121640", "102108621", "102110240", "102112170", "102114270", "102116340", "102117351", "102121700", "103109021", "103111830", "103111990", "103113270", "103117461", "103120531", "103120730", "104109311", "104111620", "104111780", "104112201", "104113190", "104114410", "104114740", "104116980", "104117200", "104117630", "104118070", "104119290", "105113190", "105114220", "105116090", "105119950", "106112770", "106113360", "106114011", "106114321", "106116120", "106119260", "106121190", "107113260", "107114140", "107114321", "107116340", "107116980", "107117630", "107121230", "107121640", "108113620", "108113700", "108114360", "108114670", "108115870", "108115970", "108116501", "108117451", "108118291", "108119510", "108120060", "108121351", "108121410", "109114220", "109114270", "109115380", "109117150", "109117431", "109117600", "109117630", "109119010", "109119450", "110118301", "110121170", "110121450", "110121500", "111114941", "111115780", "111118820", "111120591", "111121220", "111121351", "111121930", "112116401", "112116640", "112116990", "112117431", "112117780", "112117790", "112118471", "112118701", "112118890", "112119610", "112120270", "112120700", "112121010", "113117340", "113117630", "113118630", "113119340", "113120070", "113120780", "113121220", "113121410", "113122160", "113122170"], "labels": [0, 0, 1, 2, 3, 3, 0, 2, 1, 3, 1, 3, 1, 1, 0, 2, 2, 1, 3, 1, 2, 2, 3, 1, 0, 2, 3, 2, 2, 0, 1, 3, 1, 1, 2, 2, 2, 2, 1, 3, 2, 3, 3, 3, 3, 3, 1, 1, 0, 3, 2, 2, 0, 3, 1, 3, 0, 3, 0, 3, 1, 2, 1, 3, 0, 2, 1, 3, 3, 1, 3, 1, 0, 1, 2, 1, 1, 2, 0, 2, 0, 3, 3, 0, 0, 1, 3, 0, 1, 3, 3, 2, 0, 2, 3, 1, 1, 3, 0, 3, 3, 3, 2, 1, 1, 0, 3, 3, 1, 2, 3, 3, 0, 1, 0, 1, 3, 0, 1, 0, 0, 0, 0, 0, 3, 1, 0, 3, 0, 0, 2, 2, 2, 0, 3, 0, 2, 0, 3, 0, 3, 1], "predicted_labels": [3, 3, 1, 1, 3, 1, 0, 1, 1, 0, 3, 0, 1, 3, 1, 3, 3, 3, 0, 3, 1, 1, 1, 0, 1, 1, 0, 1, 1, 1, 1, 1, 1, 3, 1, 1, 0, 1, 1, 3, 3, 0, 1, 0, 1, 3, 3, 1, 1, 0, 1, 3, 1, 1, 3, 0, 0, 1, 0, 3, 3, 1, 1, 3, 3, 1, 3, 0, 3, 0, 0, 3, 3, 1, 3, 3, 0, 1, 1, 1, 3, 1, 1, 0, 1, 0, 1, 0, 1, 1, 1, 3, 0, 3, 0, 0, 1, 1, 1, 1, 3, 1, 1, 3, 0, 1, 1, 1, 1, 3, 1, 1, 3, 1, 0, 0, 3, 1, 3, 0, 1, 3, 1, 0, 3, 1, 1, 1, 1, 1, 1, 1, 1, 1, 1, 3, 1, 1, 3, 3, 1, 1], "confidence_scores": [[0.23551550671550683, 0.28840949430686275, 0.18259607614607615, 0.2934789228315544], [0.1935622294372296, 0.2709014457764459, 0.21683038073038086, 0.3187059440559444], [0.20726040071040086, 0.2829577172827172, 0.2314993978243978, 0.2782824841824843], [0.2536084998334999, 0.2775272149419209, 0.21347888843182966, 0.25538539679274985], [0.18842100399600406, 0.251682486957487, 0.24443911366411367, 0.31545739538239514], [0.2701167082917085, 0.2769351759351762, 0.19394336774336782, 0.2590047480297481], [0.27622162004662004, 0.24640794205794214, 0.22333680763680763, 0.2540336302586304], [0.22376759906759908, 0.27721983408748124, 0.23372738535973842, 0.26528518148518143], [0.23920380175380182, 0.30496582306582315, 0.15290941280941286, 0.30292096237096233], [0.3007594988344991, 0.21140889110889113, 0.2100112137862138, 0.2778203962703963], [0.2565222555222556, 0.2560327783327784, 0.16755353535353543, 0.31989143079143106], [0.29660231990231983, 0.2727930458430459, 0.1405570818070818, 0.2900475524475524], [0.21564448329448346, 0.36526884226884215, 0.2110003552003553, 0.20808631923631932], [0.24334099511599522, 0.23670377955377966, 0.2159870946047417, 0.3039681307254836], [0.2341241064491066, 0.3098097763347764, 0.2213448634698637, 0.2347212537462539], [0.25369692252192255, 0.2558040931290932, 0.22026669441669453, 0.27023228993228987], [0.24783699911199925, 0.216217626817627, 0.20267571317571315, 0.33326966089466087], [0.2706449161949163, 0.24400742590742608, 0.1818282994782995, 0.3035193584193584], [0.30495206460206464, 0.22861580086580108, 0.2006541403041403, 0.2657779942279943], [0.26435387945387945, 0.2539905982905984, 0.17631062271062267, 0.3053448995448996], [0.25116683675801327, 0.30038331113331124, 0.23176632811632814, 0.21668352399234755], [0.22293309088572244, 0.271286822534191, 0.25278297258297266, 0.2529971139971141], [0.25946077256077266, 0.2854964590964592, 0.1865706182706183, 0.2684721500721501], [0.3166595182595184, 0.2528920135420136, 0.17511048951048963, 0.2553379786879789], [0.23609515484515492, 0.2886612831612831, 0.21844556554556574, 0.2567979964479965], [0.1989199134199135, 0.38782075147075146, 0.21181984126984124, 0.20143949383949392], [0.2839994949494951, 0.26016818181818196, 0.1841380452880453, 0.27169427794427803], [0.2549038322788323, 0.29288082995435943, 0.1666589861119274, 0.2855563516548809], [0.2496592379842379, 0.2920850399600399, 0.20471796536796552, 0.25353775668775674], [0.26602418692418706, 0.30200517260517257, 0.21720995670995671, 0.21476068376068397], [0.25163607503607516, 0.2963321289821291, 0.20920557775557794, 0.2428262182262183], [0.28746806722689083, 0.2993955080866845, 0.15924932289932298, 0.25388710178710194], [0.2705790515040514, 0.28788707126207136, 0.19625626595626605, 0.24527761127761144], [0.22695225689343343, 0.2892330817874937, 0.17583221598662777, 0.30798244533244523], [0.2450148498560263, 0.29138829144711514, 0.22631783216783227, 0.2372790265290266], [0.23810966810966816, 0.34494354256854254, 0.17008340548340561, 0.2468633838383839], [0.32548682983682997, 0.254911877011877, 0.17110053835053832, 0.24850075480075492], [0.22334162308279965, 0.2989153800447919, 0.20745403583344768, 0.270288961038961], [0.22386067821067823, 0.32400504291030613, 0.21213751424014587, 0.23999676463886999], [0.2657044677544678, 0.25437409812409834, 0.18257152292152296, 0.2973499111999111], [0.2874628815628817, 0.2391855006105007, 0.17639966977466986, 0.29695194805194813], [0.3020387279387278, 0.26086717563482265, 0.1452123781447311, 0.29188171828171827], [0.2554374144259594, 0.28544445729708895, 0.18877106782106792, 0.270347060455884], [0.3119384210560681, 0.21976628371628376, 0.18316050616050622, 0.28513478906714207], [0.23880448995448997, 0.34279920634920624, 0.16509408646908658, 0.2533022172272174], [0.22770581085581093, 0.2958664113664113, 0.1770469974469976, 0.29938078033078047], [0.3207637529137528, 0.19833801753801777, 0.15296204351204348, 0.32793618603618613], [0.22332578532578531, 0.3730740648240647, 0.19110605505605513, 0.21249409479409492], [0.28183565878565897, 0.2923829143079141, 0.1626570746247217, 0.2631243522817052], [0.30482521367521376, 0.2438801587301588, 0.15648104673104682, 0.29481358086358095], [0.22773124098124106, 0.34637568542568564, 0.14609386724386733, 0.2797992063492064], [0.23763234543234563, 0.2703436507936507, 0.19347453657453673, 0.29854946719946707], [0.2313333979745745, 0.30119531024531027, 0.18869225774225784, 0.2787790340378577], [0.2483216228216229, 0.31384203019203016, 0.1686199522699523, 0.2692163947163947], [0.24731183816183833, 0.2757694116341176, 0.18000659960954093, 0.29691215059450377], [0.3316305555555555, 0.25204199411699424, 0.15961856476856479, 0.2567088855588856], [0.30923463758463776, 0.23495372405372403, 0.1657100340835635, 0.290101604278075], [0.1969203740703742, 0.3182244311244312, 0.17588975468975476, 0.3089654401154401], [0.3176158230658231, 0.2296742646242647, 0.17038396603396608, 0.28232594627594626], [0.23175663780663777, 0.2910036130536133, 0.18280233100233106, 0.2944374181374181], [0.2804206127206127, 0.27253249805749813, 0.145186507936508, 0.3018603812853812], [0.20217794982794987, 0.3161845543345543, 0.21546147186147196, 0.266176023976024], [0.18736854779207726, 0.3465197857697856, 0.21779610422257492, 0.24831556221556234], [0.2352019813519814, 0.24610432345432368, 0.19917878787878793, 0.3195149073149072], [0.23748176823176834, 0.26815382395382414, 0.21433073593073607, 0.28003367188367206], [0.17668461538461544, 0.2935117438117438, 0.2769586358086358, 0.2528450049950051], [0.18678806193806197, 0.2806275446775447, 0.20754851814851832, 0.32503587523587546], [0.38668375235875224, 0.19969713064713068, 0.15563321678321682, 0.25798590021090034], [0.28152407037407046, 0.24520583860583864, 0.15860317460317466, 0.3146669164169164], [0.2696261108172872, 0.26051722721722725, 0.2020810966810967, 0.2677755652843889], [0.2959003385503386, 0.28268781218781236, 0.15030357420357435, 0.27110827505827506], [0.2545950937950938, 0.2351359307359309, 0.21800557775557786, 0.29226339771339777], [0.24134463591963592, 0.26869165834165853, 0.22081003163503168, 0.26915367410367425], [0.2877214063714066, 0.314235129576306, 0.19413694638694645, 0.20390651766534132], [0.2722715562215563, 0.2444821789321789, 0.20626627816627835, 0.27697998667998674], [0.2536537185037186, 0.24646587856587862, 0.18401722166722176, 0.31586318126318125], [0.28384771062271075, 0.27005254190254196, 0.19558059163059177, 0.2505191558441559], [0.19824126984126988, 0.3050507714507714, 0.23227491397491418, 0.26443304473304474], [0.25606911421911427, 0.3031644339320808, 0.1893429031752562, 0.25142354867354877], [0.1864440541914227, 0.39779337504600665, 0.18915981240981244, 0.22660275835275848], [0.2114750333000334, 0.2687642413142414, 0.20239030136530137, 0.3173704240204243], [0.20890881340881345, 0.26996503790327325, 0.26068637865402566, 0.2604397700338878], [0.28245355755355755, 0.31114165279165273, 0.18629302919302942, 0.22011176046176048], [0.27616723831723833, 0.2378427738927739, 0.21693640803640804, 0.26905357975357985], [0.22269182484182498, 0.2909198412698412, 0.21208933566433585, 0.27429899822399834], [0.30551687479187467, 0.24381847874347887, 0.17832943722943725, 0.2723352092352094], [0.1971528998778999, 0.3703902465955099, 0.1875641292917609, 0.2448927242348296], [0.31786865079365084, 0.29552481962481986, 0.16460366267719215, 0.2220028669043376], [0.2019890775890777, 0.31384917027417036, 0.21685266122766128, 0.2673090909090908], [0.27176788570906235, 0.27818864746364746, 0.2027798423798425, 0.24726362444744818], [0.2537516733266735, 0.29611368076368066, 0.1673877483627483, 0.28274689754689764], [0.22753699911199915, 0.2952539904539903, 0.17572763347763362, 0.30148137695637706], [0.3222566101768889, 0.21788781043517896, 0.1567550351609176, 0.303100544227015], [0.3156080641580641, 0.21333182928182925, 0.12388401043401037, 0.3471760961260962], [0.3298436785436784, 0.24470108780108782, 0.13741575091575103, 0.2880394827394828], [0.27510281385281393, 0.26552377067377064, 0.19378499833499843, 0.26558841713841724], [0.23405977992595658, 0.3382605358693592, 0.21743041403041413, 0.21024927017427023], [0.24879547674547692, 0.3073117993117994, 0.15086748251748258, 0.2930252414252413], [0.24420843045843052, 0.350610001110001, 0.15583587523587522, 0.2493456931956933], [0.2200442501942503, 0.31876151626151605, 0.18772328782328773, 0.2734709457209457], [0.26124826839826837, 0.25874624819624825, 0.16424992784992795, 0.3157555555555555], [0.15459786324786326, 0.3486176767676767, 0.19314316794316802, 0.3036412920412921], [0.2676695415695417, 0.3500806027306029, 0.18156506271506284, 0.20068479298479303], [0.2642854256854258, 0.28141009350127, 0.16925774780774805, 0.28504673300555655], [0.2964282328782329, 0.2533183261183261, 0.21175248085248094, 0.2385009601509602], [0.2418477994227996, 0.30533782328782316, 0.19653286158286154, 0.2562815157065158], [0.17779051504051507, 0.31336601176601175, 0.20471681096681105, 0.30412666222666235], [0.19243272283272295, 0.30547906537906533, 0.20035258630258643, 0.30173562548562544], [0.28717601842601853, 0.28834457764457755, 0.18490915750915754, 0.23957024642024652], [0.20135851370851376, 0.2517678488178488, 0.2134477411477413, 0.33342589632589636], [0.25142257742257745, 0.3616345154845156, 0.17411895881895892, 0.21282394827394838], [0.2866870379620383, 0.29234348706848706, 0.1493138528138529, 0.2716556221556222], [0.2783286657786658, 0.27396489066489077, 0.15921642246642254, 0.2884900210900212], [0.2844727272727273, 0.30988059163059184, 0.1738793872793874, 0.23176729381729383], [0.35653386058386055, 0.24305178710178713, 0.12588489010989012, 0.2745294622044623], [0.3105571945598261, 0.2296534836508521, 0.15611131646131654, 0.30367800532800543], [0.2876722083472082, 0.24816933066933067, 0.14808937173937176, 0.31606908924408933], [0.26288621933621936, 0.3157339954163485, 0.17646428571428577, 0.24491549953314665], [0.27982087357087365, 0.2804894827394829, 0.13562721722721724, 0.30406242646242676], [0.33756094461094466, 0.21897351259851275, 0.15106802364302377, 0.2923975191475193], [0.214303881412705, 0.3114622025033787, 0.18233320568320577, 0.2919007104007104], [0.2719520313020313, 0.2541806915306915, 0.17694917859917864, 0.2969180985680987], [0.28094871794871795, 0.28566989676989685, 0.17515194805194817, 0.25822943722943736], [0.29934075369075375, 0.27676963036963037, 0.17251741036741042, 0.2513722055722056], [0.2759538073038073, 0.22308176823176837, 0.1696454212454213, 0.3313190032190031], [0.25324351922587235, 0.3140347041847042, 0.16828575868575874, 0.2644360179036651], [0.24089340659340666, 0.3066372016872016, 0.16732948162948172, 0.28513991008991], [0.2298249100572631, 0.31390736877501585, 0.16298754023754033, 0.2932801809301811], [0.2257667535079301, 0.29552508798391147, 0.2176602730602732, 0.2610478854478856], [0.18984954489954486, 0.3422914280164282, 0.24061538184038195, 0.22724364524364538], [0.24900981045098694, 0.2957843656343658, 0.1764785214785215, 0.278727302436126], [0.2360891663891664, 0.3063919136419135, 0.1746289710289711, 0.282889948939949], [0.1763943445443446, 0.3916380768354452, 0.16934458319458326, 0.2626229954256272], [0.220053762903763, 0.30556217116217105, 0.18163660228660233, 0.29274746364746373], [0.2330606227106228, 0.303348507048507, 0.17531350316350322, 0.2882773670773672], [0.27977381507381505, 0.27129726939726934, 0.15052514152514154, 0.2984037740037742], [0.2518185925185925, 0.2839143356643358, 0.20492472527472536, 0.2593423465423466], [0.23559701964701973, 0.31694472749472746, 0.1570383671883672, 0.29041988566988575], [0.2379275391275392, 0.26922580197580204, 0.17205750360750366, 0.3207891552891552], [0.26678577696813005, 0.2377634579472816, 0.14576973859473877, 0.3496810264898497], [0.15195673215673222, 0.3045494949494951, 0.24060178155178155, 0.30289199134199135], [0.2063146242646244, 0.30680861360861367, 0.19894178044178054, 0.28793498168498194]]}}