{"test": {"ids": ["100113370", "112116850", "108113620", "105117200", "113118421", "112119950", "102112301", "108115870", "107120880", "97107920", "107121230", "109113881", "97107821", "107119950", "108113480", "113120751", "103110840", "110120640", "111119430", "113120830", "101119591", "106118301", "108119510", "108113760", "113121980", "111119610", "113121220", "107113180", "113121680", "99108000", "102107961", "101111210", "106118520", "111121190", "103117461", "100107920", "109117080", "104119340", "108120260", "110114720", "104113240", "112118530", "108116070", "103111170", "99107560", "100108080", "113122320", "103118110", "103113210", "107121540", "98112300", "103113101", "109119010", "113122160", "111116040", "100109000", "107113840", "103111540", "107118820", "107113360", "99108710", "111116110", "108115880", "102113210", "109117271", "113117340", "107114280", "105121190", "113122190", "100109330", "105113170", "108116481", "105119550", "97107040", "112120630", "97107260", "104114740", "98106880", "106118820", "111116010", "113120260", "113118870", "111119930", "113119450", "97114170", "105112240", "105116650", "109117730", "107114200", "111114121", "104111780", "104109311", "100116790", "107116340", "106113360", "101108580", "99107300", "108119550", "98110680", "109114220", "106116640", "110120700", "102112030", "110114610", "107112840", "104114230", "98117740", "112118701", "106113830", "109116750", "106119260", "104111531", "110120540", "103120531", "107114490", "107120010", "112120990", "109115380", "111116100", "99114890", "103113610", "105116441", "112119320", "113122170", "99116500", "106116850", "106114011", "113118820", "98109090", "110118450", "99109780", "99108890", "111117480", "113119320", "99108460", "99112531", "110114561", "112121351", "112116610", "108115500", "112117580", "99108580"], "labels": [3, 0, 3, 3, 3, 0, 1, 3, 1, 0, 0, 0, 2, 3, 0, 1, 1, 0, 3, 3, 0, 1, 1, 1, 2, 2, 3, 3, 1, 2, 3, 2, 2, 1, 0, 0, 1, 1, 1, 3, 2, 1, 1, 2, 1, 0, 1, 2, 3, 2, 2, 3, 3, 3, 0, 1, 3, 1, 3, 0, 2, 3, 3, 3, 0, 2, 3, 2, 1, 0, 0, 0, 1, 2, 3, 2, 2, 0, 3, 1, 3, 0, 1, 3, 2, 1, 1, 3, 2, 0, 3, 3, 2, 3, 0, 0, 3, 1, 2, 3, 3, 2, 2, 1, 1, 2, 2, 0, 1, 0, 1, 0, 1, 3, 3, 1, 2, 3, 3, 2, 2, 1, 1, 1, 2, 3, 1, 0, 1, 0, 2, 0, 1, 1, 0, 3, 0, 0, 1, 3, 0, 0], "predicted_labels": [3, 3, 3, 3, 3, 3, 3, 3, 3, 3, 3, 3, 0, 3, 3, 1, 1, 1, 3, 1, 0, 0, 3, 3, 1, 3, 3, 3, 3, 1, 3, 3, 1, 1, 0, 1, 1, 1, 3, 3, 1, 1, 1, 0, 1, 1, 1, 1, 1, 3, 3, 3, 1, 1, 3, 3, 1, 3, 1, 0, 1, 3, 3, 3, 3, 1, 1, 1, 1, 1, 1, 3, 1, 3, 3, 1, 1, 1, 1, 1, 3, 1, 1, 3, 3, 3, 1, 3, 1, 0, 1, 3, 1, 1, 3, 3, 3, 3, 1, 3, 3, 3, 1, 1, 1, 1, 3, 3, 3, 1, 3, 1, 1, 1, 1, 3, 1, 1, 3, 1, 3, 1, 3, 3, 1, 1, 1, 0, 1, 1, 1, 1, 1, 1, 3, 1, 3, 1, 3, 1, 3, 1], "confidence_scores": [[0.22794933954933952, 0.276810583860584, 0.18528055833055837, 0.3099595182595182], [0.23919443334443347, 0.28181736041736044, 0.1488484348984349, 0.3301397713397714], [0.2637847485847489, 0.28908412698412705, 0.1454742146742147, 0.3016569097569096], [0.2714650571650572, 0.25562639386757036, 0.1956644541732779, 0.27724409479409484], [0.2801727050727051, 0.23794111166611168, 0.18422707015207015, 0.29765911310911297], [0.28416958041958035, 0.20145073815073825, 0.13874997779997778, 0.37562970362970344], [0.25148343682461327, 0.2934943520531755, 0.15183149628149642, 0.303190714840715], [0.2653381590631593, 0.2700996650408416, 0.15470628652393362, 0.3098558893720658], [0.22047860554478205, 0.2673932392770628, 0.1829275696525699, 0.32920058552558573], [0.3029239260739261, 0.23551789321789343, 0.13946002886002884, 0.32209815184815177], [0.2378812631812634, 0.287768931068931, 0.1821856643356644, 0.2921641414141414], [0.2893027000777002, 0.26471611999112005, 0.1485562992562993, 0.2974248806748809], [0.30001889776889784, 0.2614884448884451, 0.1744339382839383, 0.2640587190587193], [0.24507479742479754, 0.2766426434676434, 0.17455069097569104, 0.303731868131868], [0.21109003578121247, 0.27640912719031924, 0.2161229381729383, 0.2963778988555308], [0.2557616744366747, 0.3204852897102897, 0.14481157176157183, 0.2789414640914642], [0.25122674433409725, 0.29782077252812555, 0.15638137026372334, 0.29457111287405396], [0.25185591630591625, 0.31081914196914207, 0.16878890553890563, 0.2685360361860361], [0.2605488095238095, 0.2566111870585556, 0.16328138528138542, 0.3195586181362499], [0.26466506826506825, 0.2756523404699876, 0.19620150764268418, 0.2634810836222603], [0.3192253476915242, 0.24163882424764782, 0.12534042346542346, 0.3137954045954049], [0.33404983349983347, 0.24795963840081495, 0.11944276475158828, 0.2985477633477632], [0.24909513843569583, 0.27028700425821195, 0.16446478488831437, 0.3161530724177784], [0.2717077644577646, 0.27838949208686065, 0.16549395604395614, 0.284408787411419], [0.26193623598623605, 0.3143159229659231, 0.14718909423909424, 0.2765587468087468], [0.2389088264676501, 0.2543406260406262, 0.17491047367665033, 0.33184007381507363], [0.2523630813630816, 0.2817961233211234, 0.1545398989898991, 0.31130089632589636], [0.20758123543123563, 0.2991250731724415, 0.1872512876012877, 0.30604240379503517], [0.2523341797091797, 0.2575268822680589, 0.2232442466030703, 0.2668946914196914], [0.1738115995115996, 0.3470311466311466, 0.22093856143856155, 0.25821869241869233], [0.24700246583481877, 0.26537860472860475, 0.15495165390165405, 0.3326672755349225], [0.2069530652354183, 0.28549773119037825, 0.19706826229326235, 0.3104809412809412], [0.247281315906316, 0.3398844516594516, 0.1952312853812854, 0.217602947052947], [0.2627983627483629, 0.29212473637473624, 0.1720713314463315, 0.2730055694305695], [0.3106066766566766, 0.2850859862359862, 0.128427294927295, 0.27588004218004225], [0.2835772283272283, 0.31366366411366414, 0.1590957098457099, 0.24366339771339793], [0.22567036092562415, 0.3407105526052893, 0.18673665223665226, 0.24688243423243436], [0.20310994838494847, 0.33750670995670995, 0.21261653820036186, 0.2467668034579802], [0.2370331834831837, 0.29075598845598855, 0.17171628926628926, 0.3004945387945388], [0.23056826670061978, 0.2830533133533135, 0.18707913377472202, 0.299299286171345], [0.22599948189065833, 0.2768433621933624, 0.22336192141192143, 0.2737952345040581], [0.23019501229764397, 0.3075124746598431, 0.200031857031857, 0.2622606560106561], [0.24818426295926302, 0.28046897546897565, 0.20226041736041755, 0.26908634421134436], [0.31561520979021, 0.26939788267288284, 0.15605977910977917, 0.2589271284271285], [0.20919083694083693, 0.31243253968253965, 0.1804030727442493, 0.297973550632374], [0.20074984182484198, 0.2972383061383062, 0.2693373487623486, 0.23267450327450345], [0.23206262348762352, 0.3112167055167053, 0.21761716339216347, 0.23910350760350751], [0.22442401487401495, 0.31302658452658444, 0.22975885225885231, 0.2327905483405484], [0.21588699633699643, 0.28598364968364975, 0.22378686868686878, 0.27434248529248545], [0.18778450233976557, 0.2860963917661288, 0.23265734265734278, 0.29346176323676326], [0.2742921356421356, 0.22998167388167406, 0.14361096681096688, 0.35211522366522374], [0.2819566746978514, 0.2649315240315241, 0.16162091437973808, 0.29149088689088715], [0.22711425796425813, 0.28724082861582867, 0.22686191112808762, 0.2587830022918258], [0.23690420102773055, 0.31438828002063307, 0.18376991146108804, 0.2649376074905486], [0.2434940761852528, 0.2554730880230882, 0.17388059163059175, 0.3271522441610677], [0.21446166611166634, 0.2537458513708515, 0.21454282106782108, 0.3172496614496615], [0.23912358752358762, 0.2902073704073704, 0.19925585525585537, 0.27141318681318694], [0.22884756909756926, 0.25693175158175147, 0.22571989121989133, 0.288500788100788], [0.18363020868020874, 0.3075233460983463, 0.23472260239760256, 0.274123842823843], [0.2948423631923632, 0.26954603174603187, 0.14678664113664122, 0.2888249639249639], [0.17960584415584427, 0.3635467671217672, 0.20700200632700638, 0.24984538239538245], [0.273700518925519, 0.26637589240824555, 0.1789384535399241, 0.2809851351263117], [0.24624403602933034, 0.2646715820127586, 0.16248508909391257, 0.32659929286399864], [0.2564109854198091, 0.2655616661116662, 0.2082277999778, 0.26979954849072485], [0.2753892468642469, 0.2554708680208681, 0.15201881174381182, 0.3171210733710733], [0.24218570873570885, 0.3242888111888112, 0.1457218115218115, 0.28780366855366857], [0.2524103896103896, 0.2828046025869557, 0.18802072208836915, 0.2767642857142857], [0.17714927849927867, 0.34139102841602836, 0.18467674825174835, 0.2967829448329449], [0.23562765567765584, 0.3395006826506828, 0.1620267232767234, 0.2628449383949385], [0.27544018759018774, 0.3066000888000886, 0.13745489861016189, 0.28050482499956175], [0.19722475188210498, 0.3181504245754244, 0.2102573371073372, 0.27436748643513353], [0.2937241203241203, 0.295258855033855, 0.09341227383727384, 0.31760475080475076], [0.25850824730824745, 0.28421119240236886, 0.1734193678870149, 0.283861192402369], [0.21849743034743035, 0.2724088522588524, 0.21259801003090498, 0.2964957073628126], [0.30566373626373605, 0.20783062493062507, 0.1324423021423022, 0.3540633366633367], [0.2504138675050441, 0.28104974747474754, 0.211122163947164, 0.2574142210730446], [0.23047716450216457, 0.3164914363414365, 0.19100992895992908, 0.2620214701964703], [0.22657569985569992, 0.2710563680763682, 0.2383250582750584, 0.2640428737928739], [0.23102007992008006, 0.29778751248751273, 0.19526838161838164, 0.275924025974026], [0.25009562618324244, 0.3033977582101422, 0.19299400394926716, 0.2535126116573486], [0.2569067932067933, 0.24412655481773135, 0.24177846434611172, 0.2571881876293641], [0.25688235294117656, 0.3020900710400712, 0.1647569050230816, 0.2762706709956711], [0.24752539764157402, 0.30723411588411603, 0.15681682761682772, 0.2884236588574824], [0.2500621045621047, 0.25256112221112226, 0.17410627705627707, 0.32327049617049614], [0.24109476438594113, 0.26622683982683987, 0.20096683512565872, 0.2917115606615608], [0.19888856421356432, 0.2739192307692308, 0.24990073537573548, 0.27729146964146967], [0.20102521367521373, 0.3148763264513264, 0.21162958430458437, 0.2724688755688758], [0.2482886011047776, 0.25786807359307373, 0.199526037851038, 0.2943172874511109], [0.2345703629703631, 0.32029275055010364, 0.17782488181752898, 0.26731200466200483], [0.3305407203907204, 0.27615841380841366, 0.1035436507936508, 0.28975721500721513], [0.2611732323232324, 0.2965843434343435, 0.1492230158730159, 0.2930194083694085], [0.2638997391497394, 0.2699677516927515, 0.1484542235542236, 0.31767828560328554], [0.20792097347097357, 0.36162434787434766, 0.15294335664335681, 0.2775113220113221], [0.21036904761904773, 0.30141877566877573, 0.20835065490065502, 0.27986152181152163], [0.2733106510706356, 0.27000151339888173, 0.1621845654345655, 0.29450327009591715], [0.2495447191697193, 0.24309810744810748, 0.16081715784215786, 0.3465400155400155], [0.2620776257076258, 0.2727376173826175, 0.18412778610278613, 0.2810569708069708], [0.21924309301809314, 0.27776573704073704, 0.2039441328279565, 0.2990470371132137], [0.2629176046176046, 0.28370064935064926, 0.23890956265956267, 0.21447218337218338], [0.24832562796680457, 0.25622845487845497, 0.18215354482119198, 0.3132923723335489], [0.2174778868190634, 0.27715671828171845, 0.22508592159474516, 0.28027947330447334], [0.20602476216593893, 0.2903051067010047, 0.2019119669546142, 0.3017581641784429], [0.21779665889665903, 0.29916181041181056, 0.20026864801864808, 0.28277288267288264], [0.23925888555888575, 0.27783050838050843, 0.22280563325563338, 0.26010497280497286], [0.18298837551337566, 0.36884480796980773, 0.1981520174270176, 0.2500147990897991], [0.23213464868464878, 0.30008339993339994, 0.19587079032079038, 0.27191116106116114], [0.22976050893550906, 0.28881870906870905, 0.189747965922966, 0.2916728160728162], [0.2952461887785419, 0.2745036935286936, 0.10569681707181708, 0.32455330062094767], [0.27456056166056164, 0.26046411921411927, 0.16705387390387405, 0.2979214452214452], [0.23018272283272292, 0.2907244918480214, 0.20825483715630777, 0.2708379481629484], [0.2568003302253303, 0.24792087161204818, 0.18741046371928743, 0.30786833444333456], [0.2504964146964148, 0.31835644910644884, 0.145789849039849, 0.2853572871572872], [0.20077315462315481, 0.3190715273288804, 0.2217401221327694, 0.258415195915196], [0.27078518148518155, 0.31318903318903324, 0.13103402708402712, 0.2849917582417582], [0.23968657616892924, 0.29049713064713073, 0.205748878898879, 0.2640674142850614], [0.18040569430569445, 0.2991745115995118, 0.2185288267288267, 0.3018909673659674], [0.224304206904207, 0.3406450910200911, 0.19069064269064276, 0.24436005938505947], [0.23078139801375103, 0.3008265373515374, 0.18861809301809304, 0.27977397161661877], [0.2568057387057387, 0.27415668775668783, 0.18064347319347324, 0.28839410034410035], [0.19413751803751816, 0.2934128427128428, 0.22550562770562776, 0.28694401154401133], [0.20588924408924406, 0.27898137809902535, 0.22377991061226368, 0.2913494671994672], [0.25732934287934295, 0.3307711177711178, 0.10395863580863586, 0.3079409035409035], [0.2346192066103831, 0.2765563638975404, 0.1687300976800978, 0.32009433181197905], [0.22233135753135772, 0.27126943056943065, 0.18537097347097356, 0.32102823842823824], [0.16756981906981924, 0.3146931762681761, 0.22209315406815416, 0.29564385059385057], [0.17352609057609075, 0.33036509703746547, 0.2299183455433456, 0.2661904668430985], [0.25838799729682105, 0.2987767510267511, 0.1571128815628817, 0.28572237011354656], [0.2935279581529581, 0.26697460839813797, 0.1494237460252167, 0.29007368742368755], [0.23846419691419693, 0.3090682095682096, 0.17310352980352992, 0.27936406371406386], [0.2036202710688006, 0.313976565101565, 0.19785815295815293, 0.2845450108714815], [0.21667654763537117, 0.3117046953046953, 0.221338644362174, 0.25028011269775996], [0.19584727772227783, 0.31345653790653794, 0.20659916472416484, 0.28409701964701983], [0.2551943611943612, 0.2855948367422053, 0.17983877788877806, 0.27937202417465584], [0.2636694166944169, 0.32495072150072135, 0.1349958374958375, 0.2763840243090245], [0.2645748251748253, 0.2662980574980577, 0.16564104784104786, 0.30348606948606927], [0.27471911976911967, 0.28460421245421247, 0.17657215007215016, 0.2641045177045176], [0.2769199633699635, 0.270163431013431, 0.14711544362070691, 0.30580116199589896], [0.23531913364413373, 0.3105231407481408, 0.19627973970473972, 0.257877985902986], [0.2484396103896104, 0.2824943259355023, 0.16457028918793626, 0.3044957744869511], [0.26036349761349775, 0.29973575868575886, 0.22529337329337332, 0.21460737040737038], [0.2749426961926963, 0.26226251248751264, 0.1558299006549007, 0.30696489066489063], [0.23034049284049302, 0.2707703019203019, 0.23159377289377303, 0.26729543234543246]]}, "rewritten": {"ids": ["97107040", "97107260", "97107821", "97107920", "97114170", "98106880", "98109090", "98110680", "98112300", "98117740", "99107300", "99107560", "99108000", "99108460", "99108580", "99108710", "99108890", "99109780", "99112531", "99114890", "99116500", "100107920", "100108080", "100109000", "100109330", "100113370", "100116790", "101108580", "101111210", "101119591", "102107961", "102112030", "102112301", "102113210", "103110840", "103111170", "103111540", "103113101", "103113210", "103113610", "103117461", "103118110", "103120531", "104109311", "104111531", "104111780", "104113240", "104114230", "104114740", "104119340", "105112240", "105113170", "105116441", "105116650", "105117200", "105119550", "105121190", "106113360", "106113830", "106114011", "106116640", "106116850", "106118301", "106118520", "106118820", "106119260", "107112840", "107113180", "107113360", "107113840", "107114200", "107114280", "107114490", "107116340", "107118820", "107119950", "107120010", "107120880", "107121230", "107121540", "108113480", "108113620", "108113760", "108115500", "108115870", "108115880", "108116070", "108116481", "108119510", "108119550", "108120260", "109113881", "109114220", "109115380", "109116750", "109117080", "109117271", "109117730", "109119010", "110114561", "110114610", "110114720", "110118450", "110120540", "110120640", "110120700", "111114121", "111116010", "111116040", "111116100", "111116110", "111117480", "111119430", "111119610", "111119930", "111121190", "112116610", "112116850", "112117580", "112118530", "112118701", "112119320", "112119950", "112120630", "112120990", "112121351", "113117340", "113118421", "113118820", "113118870", "113119320", "113119450", "113120260", "113120751", "113120830", "113121220", "113121680", "113121980", "113122160", "113122170", "113122190", "113122320"], "labels": [2, 2, 2, 0, 2, 0, 1, 2, 2, 2, 3, 1, 2, 0, 0, 2, 0, 2, 3, 2, 2, 0, 0, 1, 0, 3, 2, 0, 2, 0, 3, 2, 1, 3, 1, 2, 1, 3, 3, 2, 0, 2, 3, 3, 0, 3, 2, 2, 2, 1, 1, 0, 1, 1, 3, 1, 2, 0, 1, 1, 3, 3, 1, 2, 3, 1, 1, 3, 0, 3, 2, 3, 3, 3, 3, 3, 1, 1, 0, 2, 0, 3, 1, 3, 3, 3, 1, 0, 1, 1, 1, 0, 3, 3, 0, 1, 0, 3, 3, 0, 1, 3, 0, 1, 0, 2, 0, 1, 0, 3, 3, 1, 3, 2, 1, 1, 1, 0, 0, 1, 0, 1, 0, 3, 2, 0, 2, 3, 0, 0, 1, 3, 3, 1, 3, 3, 1, 2, 3, 1, 1, 1], "predicted_labels": [3, 1, 0, 0, 1, 1, 1, 1, 3, 1, 3, 1, 1, 3, 3, 1, 1, 1, 0, 3, 3, 0, 1, 3, 3, 3, 1, 3, 3, 0, 3, 3, 1, 3, 1, 3, 3, 1, 3, 1, 0, 1, 0, 3, 1, 1, 1, 3, 1, 1, 3, 3, 1, 1, 3, 1, 1, 3, 1, 1, 1, 1, 0, 1, 1, 3, 1, 3, 0, 1, 1, 1, 1, 3, 1, 3, 3, 1, 1, 1, 1, 1, 3, 1, 3, 3, 1, 1, 3, 3, 3, 0, 3, 1, 1, 1, 3, 3, 1, 0, 0, 0, 1, 1, 1, 1, 3, 1, 3, 1, 1, 3, 3, 3, 1, 0, 1, 3, 3, 1, 0, 3, 3, 0, 1, 1, 1, 3, 0, 1, 3, 3, 1, 3, 1, 1, 1, 1, 1, 3, 1, 1], "confidence_scores": [[0.2312461455211456, 0.25205801698301705, 0.20276151071151083, 0.3139343267843269], [0.22912221112221118, 0.3049700604950604, 0.22551534299034312, 0.2403923853923855], [0.3103078643578643, 0.2971164280164281, 0.14388376623376634, 0.24869194139194156], [0.33875874680874685, 0.20122188922188936, 0.12773961038961038, 0.33227975357975337], [0.2287012689924455, 0.31045685425685415, 0.2036161077828263, 0.25722576896787436], [0.22720411337028992, 0.31255149491031836, 0.23112101509601513, 0.22912337662337667], [0.2258812687312688, 0.34492336274836266, 0.15136449661449666, 0.2778308719058719], [0.24997332667332678, 0.2714683519095286, 0.23776408281261233, 0.24079423860453283], [0.24248062770562787, 0.2492080114330117, 0.137102380952381, 0.3712089799089803], [0.24942016594516594, 0.29444979742479727, 0.22293123820623836, 0.23319879842379843], [0.27234299034299037, 0.26358343045843047, 0.17392570207570215, 0.29014787712287726], [0.22520215617715625, 0.31882200577200587, 0.20371459651459664, 0.2522612415362417], [0.1782759157509158, 0.3522926018426018, 0.21029559052059071, 0.259135891885892], [0.2592772699522702, 0.30343553668553674, 0.1273350804424334, 0.30995211291975994], [0.2384334387834388, 0.25443574562692217, 0.24575191866956572, 0.2613788969200735], [0.19810377955377967, 0.3522489066489067, 0.1978960983460985, 0.2517512154512156], [0.1932953546453547, 0.36716507936507914, 0.19441456598956613, 0.2451250000000001], [0.18000423465423473, 0.362810273060273, 0.24210537240537244, 0.21508011988012013], [0.3285792152292151, 0.26316934176934176, 0.1327682595182595, 0.2754831834831837], [0.19760631035631054, 0.2815058949220714, 0.20853980023244728, 0.31234799448917083], [0.21659867530130694, 0.28709118761355623, 0.20185363525363528, 0.2944565018315019], [0.3210521728271728, 0.29340984015984, 0.13936911699411697, 0.24616887001887022], [0.1981488178488179, 0.3092619047619047, 0.23090192585192582, 0.2616873515373516], [0.20835859695859696, 0.27779195249195265, 0.21760954600954613, 0.2962399045399046], [0.26366746031746036, 0.2711811115784799, 0.17762913752913756, 0.2875222905749223], [0.20409735264735265, 0.2246070707070707, 0.2037250305250306, 0.36757054612054624], [0.2519665148576915, 0.33363851622233986, 0.18249284049284056, 0.23190212842712843], [0.2632798923298925, 0.2216684343434343, 0.1695959956709957, 0.34545567765567725], [0.2746738095238096, 0.23459194841106618, 0.20949519222607466, 0.28123904983904996], [0.2896059829059829, 0.2839493062493065, 0.14750940170940177, 0.2789353091353092], [0.2578238872238873, 0.2924299034299034, 0.1551193528693529, 0.29462685647685666], [0.22245892440892456, 0.2644121350871351, 0.23330863858363882, 0.2798203019203022], [0.2933506826506826, 0.29482878232878235, 0.14856005938505953, 0.2632604756354758], [0.2571895212630508, 0.26907904611728156, 0.20439753318576845, 0.2693338994338995], [0.2516229850215146, 0.29799649125384414, 0.15641011570129226, 0.29397040802334923], [0.2729078108166344, 0.2725300457712223, 0.16888272838272853, 0.28567941502941513], [0.2627933122433124, 0.27306891996892, 0.17389020979020978, 0.290247557997558], [0.2694972860472862, 0.32068182928182914, 0.16113892773892782, 0.24868195693195702], [0.2376675824175825, 0.27804671439671436, 0.20329230214230226, 0.28099340104340115], [0.22276072816072817, 0.280632045405575, 0.24545477888124956, 0.25115244755244776], [0.32764542957042964, 0.3039342352092355, 0.11404095349095349, 0.2543793817293819], [0.2263712731712734, 0.30421905871905874, 0.21919567099567117, 0.2502139971139972], [0.3436863747363745, 0.2661354034854035, 0.10174332889332893, 0.2884348928848929], [0.2733547452547453, 0.27709069819069826, 0.11241666666666672, 0.33713788988788984], [0.2495823526147056, 0.312851974169621, 0.15127024715051038, 0.286295426065163], [0.20266721611721616, 0.32850339660339656, 0.18601906704406712, 0.2828103202353204], [0.21551723831723835, 0.33698623043623055, 0.20712450327450332, 0.24037202797202814], [0.2393255538579069, 0.29017107532989883, 0.17323221353809598, 0.2972711572740985], [0.2362610667110668, 0.3269733710733711, 0.2122597902097904, 0.22450577200577204], [0.20850859499977153, 0.34283621737739367, 0.18356258741258746, 0.26509260021024733], [0.1876304251304252, 0.291422521922522, 0.21494165556665562, 0.3060053973803976], [0.242276847335671, 0.28857860472860464, 0.1799057866969634, 0.28923876123876124], [0.2802875152625154, 0.298196065046065, 0.1344036130536131, 0.28711280663780675], [0.20850099345099354, 0.3214318126318125, 0.2225586330336332, 0.24750856088356096], [0.24483322461851884, 0.2687649017649019, 0.18647641802641815, 0.2999254555901615], [0.2450071067821069, 0.31507308247308263, 0.15615466477966478, 0.2837651459651461], [0.2529625041625043, 0.28984444999445, 0.17420664335664338, 0.2829864024864027], [0.24678293928293943, 0.28007627095127097, 0.16070888833388847, 0.31243190143190147], [0.2718152902652904, 0.30816800976800984, 0.12763742923742932, 0.29237927072927067], [0.26764492174492194, 0.30321351981351974, 0.13947557997558005, 0.2896659784659786], [0.22360393022010677, 0.30469940614940627, 0.19365050700933065, 0.2780461566211566], [0.20595997890997902, 0.2923771867021867, 0.232534861088344, 0.2691279732994905], [0.31113856976356974, 0.2684312409812409, 0.13190554723054732, 0.2885246420246422], [0.26319015788133454, 0.312816971916972, 0.16448258604140967, 0.2595102841602842], [0.2296228438228439, 0.31411540126540116, 0.19368314463314462, 0.26257861027861035], [0.24885403207903212, 0.238131882006882, 0.1874183982683984, 0.32559568764568764], [0.21825033577533592, 0.316371411921412, 0.2209850704850707, 0.24439318181818195], [0.21497930435577495, 0.28813962981462987, 0.1969145712131008, 0.29996649461649455], [0.3201915806415808, 0.27071849261849257, 0.14509050394050402, 0.26399942279942284], [0.23968119103119123, 0.3103439171939172, 0.19346890331890335, 0.25650598845598843], [0.21628296425796434, 0.3156139277389279, 0.1984315684315686, 0.2696715395715396], [0.24342385947385967, 0.3214156787656786, 0.1900542568542569, 0.24510620490620508], [0.2297831862581864, 0.30405989010989015, 0.19105176767676774, 0.27510515595515606], [0.18831575091575095, 0.3001832223332225, 0.17231217671217675, 0.33918885003884974], [0.1884485153735155, 0.30326023976023975, 0.24490426517926533, 0.2633869796869797], [0.2643603535353537, 0.26158508713508716, 0.18757557442557457, 0.28647898490398477], [0.1964429292929293, 0.30398884448884456, 0.18614148629148633, 0.31342673992674003], [0.25168828948828964, 0.31091762126762124, 0.16556131646131653, 0.27183277278277285], [0.22512632922632916, 0.31491267621267627, 0.18057539682539686, 0.2793855977355978], [0.20270079365079371, 0.29610728715728735, 0.20644824313113783, 0.2947436760607814], [0.2179116494616494, 0.30984392829392826, 0.18854373959373966, 0.2837006826506827], [0.23857661227661228, 0.28516908646908656, 0.19209538239538249, 0.28415891885891886], [0.26542905427905433, 0.26025383505383515, 0.19322522477522497, 0.2810918858918859], [0.2455467754467756, 0.31390048709460466, 0.18635288175876422, 0.2541998556998558], [0.22909084249084263, 0.2541894882894885, 0.1748442002442003, 0.3418754689754691], [0.2584121267621268, 0.2568063519813522, 0.18410017205017198, 0.30068134920634926], [0.2507084221334221, 0.301985841935842, 0.19095777000777012, 0.25634796592296605], [0.2971724247974247, 0.31483536741036733, 0.09653008658008663, 0.2914621212121213], [0.2823366716616719, 0.24566314388226157, 0.14834826970415216, 0.3236519147519147], [0.22943243700743707, 0.23717957042957064, 0.22060554445554456, 0.3127824481074481], [0.2839270451770453, 0.25497495282495275, 0.16717455322455332, 0.29392344877344884], [0.3429690420690421, 0.2534065323565324, 0.13046336441336445, 0.27316106116106104], [0.23620962093462114, 0.22279554889554887, 0.19142085414585422, 0.34957397602397605], [0.2436791347541348, 0.289511471861472, 0.18448296703296707, 0.28232642635142635], [0.22247742731125103, 0.3271762095747392, 0.20246911454558517, 0.24787724856842522], [0.217593464868465, 0.2935628046789812, 0.1958137382225618, 0.2930299922299922], [0.2670276806526809, 0.28318275058275066, 0.1439799145299146, 0.3058096542346543], [0.27616290376290403, 0.2531397657897659, 0.17643714063714067, 0.2942601898101898], [0.18105499500499514, 0.3226720390720393, 0.18576853672643165, 0.31050442919653437], [0.30050559163059154, 0.2707768814518816, 0.16934090076590083, 0.25937662615162627], [0.27327678073560435, 0.24729419469419467, 0.22998318903318907, 0.24944583553701208], [0.2969542263292264, 0.2737381396381398, 0.18711085858585863, 0.2421967754467754], [0.23685702630702635, 0.30194092019092, 0.21517376512376515, 0.24602828837828852], [0.2566386557886558, 0.31529739704739707, 0.19045487845487852, 0.23760906870906878], [0.2748865631100925, 0.30853099286334584, 0.14200328919446573, 0.274579154832096], [0.23367324619824625, 0.28629141218258886, 0.21829619188001548, 0.26173914973914986], [0.28015653594771234, 0.2706198432286667, 0.12885649350649347, 0.3203671273171273], [0.26552579495667755, 0.29617623046887737, 0.17651764346764356, 0.2617803311068017], [0.26729169719169715, 0.26032884337884343, 0.18099759129759135, 0.29138186813186817], [0.2640025474525474, 0.2938338106338107, 0.16550084360084366, 0.2766627983127985], [0.2410335070158601, 0.30214658511423215, 0.1616390775890778, 0.29518083028083064], [0.23086279553779565, 0.27794140026640035, 0.19541223498723506, 0.2957835692085692], [0.24469400599400615, 0.29814537509274347, 0.1504676895000424, 0.30669292941320814], [0.2537084582084584, 0.2512233041468337, 0.19944846852493922, 0.29561976911976906], [0.22291084715937662, 0.3019661882235411, 0.19205971332588995, 0.2830632512911924], [0.28760674048174056, 0.2809509074259074, 0.18963206238206268, 0.24181028971028978], [0.26125554086436426, 0.2704301226551227, 0.2194711843711845, 0.24884315210932878], [0.2740171939171941, 0.2758859362859363, 0.15835123210123211, 0.29174563769563766], [0.268872655122655, 0.24578516483516494, 0.19239552669552673, 0.29294665334665343], [0.20581467041730223, 0.33786629861366696, 0.18125052725052737, 0.27506850371850383], [0.3092865301365301, 0.2904836358086359, 0.11782031024531031, 0.28240952380952405], [0.20073038628038642, 0.2770785631035631, 0.20545338272838276, 0.3167376678876677], [0.312393672993673, 0.1888542402042403, 0.13864405594405596, 0.36010803085803095], [0.3097247835497838, 0.23850102952602956, 0.179932117882118, 0.271842069042069], [0.23154510212010215, 0.2920940087690088, 0.20119296814296816, 0.2751679209679213], [0.2269974247974248, 0.2968498612498612, 0.18280473970473993, 0.2933479742479744], [0.23025096096713757, 0.28969046117281416, 0.19452221585603938, 0.28553636200400906], [0.29516950826950816, 0.2587209401709403, 0.12980010545010545, 0.3163094461094461], [0.30629693084693094, 0.28940337130190075, 0.14510889421036485, 0.25919080364080377], [0.2580775391275392, 0.28896717726717747, 0.1759408091908093, 0.2770144744144744], [0.2502819677054972, 0.2982086664969018, 0.13844377583201117, 0.3130655899655901], [0.26574176934176946, 0.26840073260073244, 0.1631263625263626, 0.30273113553113556], [0.23877832722832723, 0.27972533936651595, 0.203072063437079, 0.2784242699680782], [0.26303297258297265, 0.2797816960816963, 0.1504542735042736, 0.30673105783105814], [0.2573338883338884, 0.2867772058007353, 0.1949193234869707, 0.260969582378406], [0.2704964035964037, 0.3131038683538684, 0.1840722610722611, 0.23232746697746717], [0.25114159729159735, 0.286960794760795, 0.1891960650460651, 0.2727015429015431], [0.2595518426018426, 0.30851945656682517, 0.17061440226440233, 0.2613142985669302], [0.2595286546786547, 0.3118444943944945, 0.19490267510267525, 0.2337241758241759], [0.26719878454878465, 0.2766230380730382, 0.1711126762126763, 0.28506550116550133], [0.2190066461316463, 0.3175775613275617, 0.20789009879009873, 0.2555256937506939], [0.23771272061272067, 0.3085610167610167, 0.19873419913419915, 0.25499206349206366]]}}