{"test": {"ids": ["106113170", "103113101", "107116300", "111117480", "104110960", "111120591", "110114920", "111116090", "108120260", "112118810", "105114220", "112119500", "99111930", "99108890", "98119591", "104111550", "113119320", "107120880", "108120060", "113122180", "110116441", "106117790", "112119950", "98106680", "113120280", "105112240", "107118780", "107113180", "110121500", "97106970", "112117780", "104111830", "97112290", "109118820", "111116010", "108116481", "100109910", "113122190", "112117580", "108114200", "111116530", "103113640", "99119830", "112116640", "98108150", "103110220", "103110760", "107116501", "111120220", "105119550", "112118471", "101112160", "112116810", "108119330", "109117730", "97106600", "107114490", "111115770", "98116090", "109117080", "98116500", "110118930", "110119030", "106113360", "112116990", "106114011", "109118161", "103109791", "108113740", "103118291", "113118490", "112121351", "99107950", "107114200", "99108520", "105117351", "111116040", "108117360", "100111620", "113117401", "112119930", "111115910", "101119030", "108114180", "108115880", "108113760", "113118620", "97116401", "110121140", "108121160", "103111620", "102114270", "101114990", "113118630", "108113620", "102110890", "100111080", "100109801", "109121351", "105112260", "107113260", "112119580", "106119990", "106120640", "98108970", "99105921", "108118060", "99108010", "98106111", "109113591", "106118820", "110115250", "100116790", "111121410", "108113480", "106112770", "98106880", "109119460", "108115250", "110120700", "105110091", "105113440", "98107210", "111117120", "97107040", "105113480", "108120700", "105121370", "98112300", "112121010", "111120260", "110117110", "105115900", "112117471", "102109850", "104119340", "107119390", "113118870", "108115500", "98110230", "97113260", "111115400"], "labels": [0, 3, 0, 1, 2, 1, 3, 3, 1, 3, 3, 2, 1, 0, 1, 1, 1, 1, 1, 2, 3, 1, 0, 1, 0, 1, 1, 3, 3, 2, 0, 3, 1, 3, 1, 0, 2, 1, 0, 0, 3, 1, 1, 0, 0, 2, 1, 1, 3, 1, 1, 3, 3, 0, 3, 3, 3, 3, 0, 1, 2, 1, 0, 0, 0, 1, 0, 3, 3, 0, 1, 0, 1, 2, 2, 0, 0, 1, 3, 3, 1, 2, 3, 1, 3, 1, 3, 3, 3, 2, 0, 3, 3, 3, 3, 0, 0, 0, 0, 3, 0, 3, 0, 3, 3, 1, 1, 2, 0, 3, 3, 1, 2, 0, 0, 1, 0, 1, 1, 2, 0, 0, 1, 2, 2, 0, 2, 2, 2, 2, 3, 0, 3, 3, 1, 1, 2, 0, 3, 3, 1, 0], "predicted_labels": [0, 3, 1, 1, 2, 0, 1, 3, 3, 3, 0, 2, 1, 1, 2, 2, 0, 3, 0, 3, 3, 1, 0, 2, 3, 2, 1, 1, 0, 3, 3, 1, 1, 1, 1, 1, 3, 2, 3, 3, 1, 0, 2, 1, 2, 1, 3, 1, 0, 2, 0, 1, 2, 3, 1, 1, 3, 0, 1, 1, 3, 1, 3, 3, 3, 1, 3, 0, 1, 1, 3, 1, 2, 3, 2, 0, 3, 0, 3, 3, 2, 1, 1, 1, 3, 1, 1, 1, 0, 3, 3, 3, 3, 3, 0, 0, 2, 1, 3, 1, 1, 0, 3, 1, 1, 1, 1, 1, 2, 3, 1, 3, 1, 1, 1, 1, 2, 3, 3, 3, 0, 1, 3, 1, 2, 2, 0, 1, 3, 2, 0, 1, 0, 0, 2, 3, 1, 1, 1, 1, 3, 3], "confidence_scores": [[0.931529428671824, 0.05241358819326604, 0.0002883341338844909, 0.015768649001025592], [0.0013145884078632152, 0.18098864019012273, 0.10856550611923045, 0.7091312652827836], [0.0002114895106584591, 0.9923065787809994, 0.00012797313371204784, 0.007353958574630071], [0.03481749381387863, 0.8087530653513604, 0.020600412389949925, 0.13582902844481104], [0.006119556573686903, 0.04670457945466748, 0.8136517379615016, 0.133524126010144], [0.7936110207105121, 0.010603046447634655, 0.00021584039091871295, 0.19557009245093432], [0.4764441739331556, 0.5208826674804788, 0.0024407581383199236, 0.00023240044804572605], [0.0454257606061806, 0.06018185950486405, 2.6232142085345157e-05, 0.8943661477468701], [0.004672845783767593, 0.006438464206008921, 0.023024963812989775, 0.9658637261972338], [0.4492274494065637, 0.04054396830381041, 0.0018751394895209837, 0.5083534428001049], [0.5496338096130168, 0.0033222389067983646, 0.13586627357340578, 0.31117767790677897], [0.0033426633673321595, 0.0034936668172018187, 0.9930710736854598, 9.259613000614324e-05], [0.16384587000831224, 0.7485227205589743, 0.03347411621686344, 0.05415729321584999], [0.008420615442223976, 0.5778859269741767, 0.019795867585335854, 0.3938975899982634], [0.036960924497761234, 0.15369174419649112, 0.8091173271129569, 0.0002300041927906446], [0.02538041062256458, 0.010598035941452331, 0.9399197024446582, 0.024101850991324926], [0.9149447337696078, 0.0043873675093952106, 0.0031378088290962562, 0.07753008989190058], [0.0017067393679634528, 0.05867557247161067, 0.08933455300507795, 0.850283135155348], [0.9954289526186172, 0.0020656231122415697, 0.001365052323541481, 0.0011403719455997583], [0.007956953975608675, 0.3209711452825478, 0.0472668646595957, 0.6238050360822479], [0.00204473336054386, 0.4593552560413556, 0.0008933685742076829, 0.5377066420238928], [0.21239771460383286, 0.6745056602681185, 0.00500686680449682, 0.10808975832355185], [0.829299858717274, 1.535932395766401e-06, 5.715233549288699e-05, 0.17064145301483757], [0.16353668260329018, 0.10782121828175258, 0.7259500216555484, 0.0026920774594088033], [0.0056616607779931705, 0.000349343739082428, 7.908281134808414e-05, 0.9939099126715762], [0.2223062157139949, 0.09485285577428038, 0.3975750250551177, 0.28526590345660713], [0.10323004899259718, 0.8744270491476268, 0.0026620805221087016, 0.019680821337667343], [0.0003276293582618061, 0.9872464179585257, 0.007602791786456343, 0.004823160896756082], [0.7714498433211324, 0.20633267114615822, 0.0010062523875359834, 0.02121123314517337], [0.0016264460733249326, 0.03177587730809599, 0.18860334847364965, 0.7779943281449295], [0.013652210781832045, 0.057532883102081725, 0.006156179229887634, 0.9226587268861987], [0.0030656790712310844, 0.5292178039198446, 0.0083516680710504, 0.45936484893787394], [0.25076456867995944, 0.3334526930016502, 0.28162585290454023, 0.13415688541385], [0.05179822581605966, 0.5681529840149864, 0.005400168256677673, 0.3746486219122762], [0.031944448712535704, 0.670195897222909, 0.19441343315180235, 0.10344622091275303], [0.04713046952873211, 0.6267850409771886, 0.00021643059578949683, 0.32586805889828985], [0.015869590871712934, 0.0371175587429828, 0.010917988579273464, 0.9360948618060309], [0.00045292498341869045, 0.04290112656390959, 0.9489310443978257, 0.007714904054846083], [0.025189705100986885, 0.23946147113498964, 2.8104162357078808e-05, 0.7353207196016665], [0.004522151827652474, 0.34928386425824975, 0.03452058266532723, 0.6116734012487706], [0.023131230214033436, 0.8993523469613766, 0.0010779352792620236, 0.07643848754532796], [0.8425831857943914, 0.008545354172549341, 0.002201465069258893, 0.14666999496380037], [0.015909905157271823, 0.0016904306920873366, 0.8878651583630507, 0.09453450578759029], [0.004685977533544147, 0.9884934685937404, 0.0004907977206018295, 0.0063297561521137614], [0.00041917356710683714, 0.00356921467807074, 0.9959583213294307, 5.329042539167874e-05], [0.004506495989552706, 0.8700600960513235, 0.10939311626167028, 0.016040291697453447], [0.0072833079210997105, 0.006178022090037158, 0.1127037124794424, 0.8738349575094208], [0.0016679032250515786, 0.9473917308992943, 0.00028785607300337295, 0.05065250980265061], [0.9860656538044925, 0.005157241518997217, 0.006775374548254875, 0.0020017301282553024], [0.001324252213293532, 0.3051247427424491, 0.6886222231784012, 0.004928781865856105], [0.7463710108068681, 0.09954050467471996, 0.009932070109833975, 0.14415641440857804], [0.0002705293576285377, 0.9900947627615222, 0.00930866269456747, 0.00032604518628189856], [0.20589792341605168, 0.07085352457257342, 0.6381685002922677, 0.08508005171910726], [0.17317300112228723, 0.16437738756091358, 0.059097025079324364, 0.6033525862374749], [0.3232506265598871, 0.4966711065632425, 0.16974909472416377, 0.010329172152706671], [0.3527211430357125, 0.5929651077757125, 0.002797624664061952, 0.05151612452451295], [0.020378421058319385, 0.04301323127177772, 0.09314036163057646, 0.8434679860393265], [0.7807497139479243, 0.0040546700838376025, 0.0009200043345131838, 0.21427561163372497], [0.0015946070919209165, 0.9672684342808645, 0.016750515183924567, 0.014386443443289976], [9.52228747715865e-09, 0.9999653479828248, 2.921433072928417e-06, 3.172106181488923e-05], [0.11349109374823128, 0.009123837871961755, 0.028701183138670976, 0.848683885241136], [1.6644694270632282e-05, 0.9965497454667674, 0.0001506752332069915, 0.0032829346057548442], [0.0005878509156431137, 0.07784513332233402, 0.0016256488495420094, 0.9199413669124809], [0.04942132746903279, 0.009161357954654097, 1.870367388133145e-05, 0.9413986109024317], [0.0025214841679987547, 0.01249917316444474, 0.07156628625123511, 0.9134130564163213], [0.07964229987899483, 0.7438715089731232, 0.06355144473367423, 0.11293474641420774], [0.10186225880663469, 0.2619790838547583, 0.03672331504874997, 0.5994353422898572], [0.4372822235591473, 0.005025406994232433, 0.17271038130250949, 0.3849819881441106], [0.2212058579758317, 0.6983186010825138, 0.024043626498866526, 0.05643191444278797], [0.22696584755927118, 0.7194475132074358, 0.03967959448181954, 0.013907044751473476], [0.00024274933872593096, 4.4262186551472076e-05, 3.665681574983875e-05, 0.9996763316589726], [0.00047419933670064026, 0.9950781849476814, 0.003362362969494472, 0.0010852527461233392], [0.08117491612966701, 0.37249128389455294, 0.5449704908884909, 0.0013633090872891503], [0.00043681472548170644, 0.2597582317229482, 0.00012266884747568434, 0.7396822847040944], [0.009140084011924787, 0.21406700154586458, 0.6631768223297753, 0.1136160921124354], [0.6546798436289716, 0.24132982917479937, 0.004363253100796549, 0.09962707409543259], [0.00303160361375039, 0.0008716854216233948, 9.001655155212571e-05, 0.9960066944130741], [0.8707347396397375, 0.00025758834702983147, 0.12358204876287364, 0.005425623250358951], [0.31631043345223503, 0.14802022029431072, 0.18385745758927174, 0.35181188866418256], [0.0013299227249635652, 0.14454764985319893, 0.0007319906987267057, 0.8533904367231109], [0.30218811568848775, 0.00808223608248276, 0.600998563662359, 0.08873108456667046], [0.00015049116755953224, 0.97422030073183, 0.00010483041051697944, 0.025524377690093393], [0.01771910744395107, 0.7810740316207161, 0.014975159601391017, 0.18623170133394187], [0.018560366825646435, 0.9471507166931435, 0.010785581655404905, 0.023503334825805196], [0.37903377587551157, 0.002802626230462645, 0.0005889729384898571, 0.617574624955536], [0.00012167790442984403, 0.9427986501014121, 0.05647698540761572, 0.0006026865865423858], [0.0146224836611501, 0.9332749947958464, 0.004028960123671304, 0.048073561419332354], [0.000719442563416504, 0.9957317544400883, 0.0017488786694517813, 0.0017999243270432257], [0.9222830986172657, 0.047834603115938644, 0.003493694150118837, 0.026388604116676928], [0.022517933488759127, 0.04236676662171258, 0.00371345821765944, 0.9314018416718689], [0.028962627386684866, 0.03973578603061256, 0.005214013205416225, 0.9260875733772864], [0.003786733342418065, 0.3261560789712551, 0.23480092383892717, 0.4352562638473997], [0.05768447350501337, 0.09803848334549613, 0.01844555888786334, 0.8258314842616272], [0.006083236867784661, 0.2666311874812471, 0.12084924174772804, 0.6064363339032401], [0.6969433446643161, 0.031789262849202894, 0.004700743632114018, 0.26656664885436704], [0.5939562850928839, 0.1605443795583966, 0.07213791750776911, 0.17336141784095033], [0.004772398577816077, 0.2813832330918011, 0.7118331337013629, 0.002011234629019943], [0.08266209016102712, 0.6674598897215072, 0.0007686252415374219, 0.24910939487592818], [0.09175875576350594, 0.00023277537283394745, 0.0015721128437014367, 0.9064363560199586], [0.02059724737762534, 0.9073374214473378, 0.02131196923798296, 0.05075336193705394], [0.07472023497854476, 0.6410056137736518, 0.006703226855471751, 0.2775709243923316], [0.9915117651007661, 1.98133720486462e-05, 0.0029828379525943002, 0.005485583574590955], [0.2698420953057754, 0.010271380416326945, 0.18925944946104498, 0.5306270748168527], [0.00042467510162071657, 0.9763070834275187, 0.02206114484470335, 0.0012070966261570816], [0.0007521679648096997, 0.9758584164855457, 0.023351799226969346, 3.7616322675448034e-05], [0.005351655288225521, 0.8918981719656177, 0.07345252580553079, 0.029297646940625897], [0.018443329293197114, 0.7992020573041797, 0.039810260951199744, 0.14254435245142347], [0.06561361378301946, 0.923945196819292, 0.007088377460197968, 0.003352811937490608], [0.0039656371151871655, 0.3451287075447435, 0.38884702403497323, 0.262058631305096], [0.3729529324029694, 0.09223189382384812, 8.859769758860039e-05, 0.534726576075594], [0.02080204636151311, 0.8242163889771288, 0.003343690614409753, 0.1516378740469482], [0.006529191888030889, 0.323522218769925, 0.004486005751064794, 0.6654625835909793], [0.0002588205979063143, 0.9936739541936925, 0.005734994550897782, 0.0003322306575034267], [0.2742749198187722, 0.7184823752138972, 0.0004687664384768973, 0.006773938528853643], [0.05902729157526128, 0.8471165345131473, 0.005190695963476777, 0.08866547794811458], [0.0024856525648460984, 0.9294186036511457, 0.017479180760819318, 0.050616563023188954], [0.2953911307874596, 0.06160389571255383, 0.6223114887644374, 0.020693484735549026], [0.10358551209922484, 0.01065787789407031, 0.0011942922631540196, 0.8845623177435509], [0.0022008200054647806, 0.0010058782563002677, 0.006799587982432698, 0.9899937137558024], [0.18407483765133079, 0.13943310933882705, 0.2781523796387368, 0.39833967337110526], [0.9713463631216271, 0.007419699989059602, 0.010458338345421973, 0.010775598543891207], [0.0008606014557309849, 0.9612263290118381, 0.03781864193691148, 9.4427595519236e-05], [0.0002421250845147953, 0.30391509479086387, 0.04532801637817795, 0.6505147637464433], [0.003399099610219523, 0.7403692457440663, 0.00045374396004733324, 0.25577791068566674], [0.0003675346735292507, 0.141630195100913, 0.8399931441802991, 0.018009126045258658], [0.02608450522861573, 0.008759328555275453, 0.9623094095189919, 0.0028467566971170496], [0.6759413988897993, 0.31954600947222445, 0.0014998351749932793, 0.003012756462983046], [6.116556858144065e-05, 0.9798431417735682, 0.017435580813841185, 0.0026601118440092463], [0.03027824408753343, 0.00024779941023967376, 0.056406540063788146, 0.9130674164384388], [0.046072796900363436, 0.22587237928862802, 0.6405393185806099, 0.08751550523039862], [0.7859360635652322, 0.0427221168416333, 0.003655373138102398, 0.16768644645503217], [0.05738720418650384, 0.9414755249581553, 0.000504532353323043, 0.0006327385020175785], [0.4818328815098869, 0.11346148056983263, 0.06360454949966485, 0.34110108842061554], [0.6994484151432818, 0.20585724430970226, 0.07143054308667651, 0.023263797460339415], [0.0009143643739356967, 0.01566012712303185, 0.8884668469065727, 0.0949586615964596], [0.00016653085450583303, 0.4537577720191301, 0.0050495961366893325, 0.5410261009896747], [0.0023436031497122826, 0.9613501977534158, 0.010183884287737149, 0.026122314809134583], [0.00015896367790820733, 0.7914865110985309, 0.00011424274337114063, 0.20824028248019], [0.005965662356865895, 0.9550985452065944, 0.035035532344859704, 0.0039002600916801613], [0.1112041135646018, 0.5915025479483216, 0.05922655173430068, 0.2380667867527759], [0.008596304656279582, 0.1184684039519767, 0.0998431474332026, 0.7730921439585411], [0.4357502508364157, 0.04424965184974946, 0.0055644756971054265, 0.5144356216167295]]}, "rewritten": {"ids": ["97106600", "97106970", "97107040", "97112290", "97113260", "97116401", "98106111", "98106680", "98106880", "98107210", "98108150", "98108970", "98110230", "98112300", "98116090", "98116500", "98119591", "99105921", "99107950", "99108010", "99108520", "99108890", "99111930", "99119830", "100109801", "100109910", "100111080", "100111620", "100116790", "101112160", "101114990", "101119030", "102109850", "102110890", "102114270", "103109791", "103110220", "103110760", "103111620", "103113101", "103113640", "103118291", "104110960", "104111550", "104111830", "104119340", "105110091", "105112240", "105112260", "105113440", "105113480", "105114220", "105115900", "105117351", "105119550", "105121370", "106112770", "106113170", "106113360", "106114011", "106117790", "106118820", "106119990", "106120640", "107113180", "107113260", "107114200", "107114490", "107116300", "107116501", "107118780", "107119390", "107120880", "108113480", "108113620", "108113740", "108113760", "108114180", "108114200", "108115250", "108115500", "108115880", "108116481", "108117360", "108118060", "108119330", "108120060", "108120260", "108120700", "108121160", "109113591", "109117080", "109117730", "109118161", "109118820", "109119460", "109121351", "110114920", "110115250", "110116441", "110117110", "110118930", "110119030", "110120700", "110121140", "110121500", "111115400", "111115770", "111115910", "111116010", "111116040", "111116090", "111116530", "111117120", "111117480", "111120220", "111120260", "111120591", "111121410", "112116640", "112116810", "112116990", "112117471", "112117580", "112117780", "112118471", "112118810", "112119500", "112119580", "112119930", "112119950", "112121010", "112121351", "113117401", "113118490", "113118620", "113118630", "113118870", "113119320", "113120280", "113122180", "113122190"], "labels": [3, 2, 2, 1, 1, 3, 0, 1, 0, 1, 0, 3, 3, 2, 0, 2, 1, 1, 1, 2, 2, 0, 1, 1, 0, 2, 0, 3, 2, 3, 3, 3, 1, 0, 3, 3, 2, 1, 0, 3, 1, 0, 2, 1, 3, 1, 0, 1, 3, 0, 0, 3, 3, 0, 1, 2, 1, 0, 0, 1, 1, 3, 0, 3, 3, 0, 2, 3, 0, 1, 1, 2, 1, 0, 3, 3, 1, 1, 0, 1, 3, 3, 0, 1, 1, 0, 1, 1, 2, 2, 3, 1, 3, 0, 3, 1, 0, 3, 1, 3, 0, 1, 0, 2, 3, 3, 0, 3, 2, 1, 0, 3, 3, 2, 1, 3, 3, 1, 0, 0, 3, 0, 3, 0, 0, 1, 3, 2, 3, 1, 0, 2, 0, 3, 1, 3, 3, 0, 1, 0, 2, 1], "predicted_labels": [2, 3, 0, 1, 1, 1, 1, 2, 2, 1, 2, 2, 1, 0, 1, 3, 1, 2, 3, 1, 3, 1, 1, 2, 1, 0, 1, 3, 0, 1, 1, 1, 0, 0, 1, 0, 3, 1, 0, 1, 0, 1, 2, 0, 1, 1, 0, 1, 1, 3, 1, 2, 2, 0, 1, 3, 2, 0, 1, 3, 1, 0, 3, 1, 1, 0, 3, 1, 1, 3, 1, 1, 0, 3, 1, 3, 3, 1, 3, 3, 1, 0, 1, 2, 1, 0, 0, 3, 0, 3, 1, 1, 2, 0, 3, 1, 3, 1, 3, 1, 1, 3, 1, 0, 0, 3, 0, 0, 1, 2, 3, 0, 1, 3, 1, 0, 2, 0, 0, 0, 2, 0, 2, 3, 1, 1, 2, 0, 0, 2, 0, 0, 2, 3, 3, 1, 1, 1, 3, 0, 3, 1], "confidence_scores": [[0.055386138996280816, 0.011864659440353188, 0.5301149269050927, 0.40263427465827334], [6.660616022172347e-05, 0.008308524384511733, 0.005386073163345263, 0.9862387962919213], [0.47851768272643735, 0.022975754855611503, 0.020047308192975705, 0.47845925422497554], [0.0006703704401724428, 0.6500917816782443, 0.3362359682989295, 0.013001879582653777], [0.04972499164889448, 0.9074370223258216, 0.0056444490566692025, 0.037193536968614764], [0.005848383372764048, 0.5218615790419284, 0.02159691152294722, 0.4506931260623604], [0.0035839013160113157, 0.3523719413484796, 0.29479719067538357, 0.3492469666601255], [0.03945039490597456, 0.42807670201959974, 0.5319083095339358, 0.000564593540490029], [0.055328433951759834, 0.1685547004564039, 0.7540462477652805, 0.022070617826555703], [1.2333856533607636e-05, 0.9205649831037148, 0.05502174948359076, 0.024400933556161006], [0.29661179875345883, 0.0010951122589370184, 0.6968910034246556, 0.005402085562948568], [0.3290395158966243, 0.1411221668158431, 0.4157032271765256, 0.11413509011100711], [0.0015581215248016453, 0.49569577838182005, 0.21936558299220918, 0.2833805171011692], [0.895163353073299, 0.0004131501758829726, 0.015610837639657513, 0.08881265911116054], [0.0017869965525932681, 0.997925541861668, 0.00023568556098072465, 5.177602475787249e-05], [0.10200500174919079, 0.2761110004367195, 0.024783458151713785, 0.5971005396623761], [0.0048918361489998065, 0.5381706662369746, 0.4544531689806474, 0.0024843286333782262], [0.21771166639165715, 0.30720761817496056, 0.4377420579253758, 0.03733865750800642], [2.2008583009627832e-05, 0.00037309437346099897, 0.27173065522848905, 0.7278742418150402], [0.0744803004972714, 0.7923597914764571, 0.13192364559181108, 0.0012362624344603806], [4.069069312950579e-05, 0.00045103889299122064, 0.10065888638841028, 0.898849384025469], [0.006198279771145674, 0.8735195531599771, 0.009786633933026652, 0.11049553313585046], [0.04527261232515926, 0.8975990580265005, 0.0031728372460552044, 0.05395549240228518], [0.00034282653350616607, 0.1474893020525309, 0.7194955378145483, 0.1326723335994146], [0.3738300735875787, 0.6138649198446199, 0.011556426083355357, 0.0007485804844461584], [0.9456981707191457, 2.709914028060207e-05, 0.044759838398554484, 0.009514891742019336], [0.006979314657069084, 0.7449110987196889, 0.1351762628465702, 0.11293332377667192], [0.0018734334183512968, 0.07464273937650057, 0.020998093890143153, 0.902485733315005], [0.5955736503636878, 0.39384494464406566, 0.008934865530228469, 0.0016465394620180588], [0.017382036701613788, 0.8858517966383713, 0.054666470687324935, 0.042099695972689866], [0.0005406498748140191, 0.6046246717538633, 0.00541315460693665, 0.38942152376438616], [0.022201129626252408, 0.8823905596278127, 0.09372099101174136, 0.0016873197341935127], [0.4758349268739151, 0.04844925803631944, 0.14428606460956173, 0.3314297504802037], [0.9819009560907154, 0.015164826325713988, 0.0007651145876635635, 0.0021691029959069776], [0.0037237308187878164, 0.8256766367567904, 0.16979185532645086, 0.0008077770979710063], [0.7956803547241281, 0.0057718149661533415, 0.19775183418440767, 0.0007959961253109404], [0.013535503343600225, 0.07475078264627323, 0.25245711963362866, 0.6592565943764979], [0.0003999201766870119, 0.8146164860144544, 0.077060883387731, 0.10792271042112779], [0.6706614824698708, 0.009508105826042008, 0.016013157206428607, 0.3038172544976585], [3.169113221313058e-06, 0.9957803375437712, 0.00011108004125922945, 0.004105413301748199], [0.99873616624809, 0.00035763118019766546, 0.0003414429558970364, 0.0005647596158151927], [0.24353502017134304, 0.5130766103929553, 0.007868003992316108, 0.23552036544338567], [0.004234256102865039, 0.07363614416306717, 0.8848523509081834, 0.03727724882588448], [0.8604978646988035, 0.080592650331055, 0.05678890789997263, 0.002120577070168677], [0.007331400346846987, 0.7860463456987704, 0.07697658965371536, 0.12964566430066726], [0.063680859744396, 0.7593857016852624, 0.041612381365087395, 0.1353210572052542], [0.7894328720599251, 0.013300064014083382, 0.008830204566539152, 0.1884368593594525], [0.0654426437410402, 0.5774344014540547, 0.1883447124783213, 0.16877824232658384], [0.10699649440830376, 0.8903519477655347, 0.0013642933238632166, 0.001287264502298214], [0.0005224000676688466, 0.07895675024447454, 0.0008752807977048246, 0.9196455688901517], [0.038147047802790754, 0.6439632733345008, 0.29663778175990835, 0.021251897102800114], [0.27760944623582073, 0.14704719400949182, 0.5711769171604261, 0.004166442594261317], [0.0005521647928112716, 0.04693027422471427, 0.7903366718368283, 0.1621808891456461], [0.6432979363416494, 0.0983086908160121, 0.03102181628087289, 0.22737155656146563], [0.25404239322734073, 0.5904312398783228, 0.1447664525253732, 0.010759914368963194], [0.0038314164378066133, 0.03995799230153751, 0.4450781148268762, 0.5111324764337797], [0.020713971569925913, 0.10412203698882279, 0.8619585778630122, 0.013205413578238965], [0.7498081275033, 0.022505505040790585, 0.00019226806305301067, 0.22749409939285645], [0.0014949459884853013, 0.9086572127694741, 0.0015030937700738706, 0.08834474747196672], [0.005788253522275849, 0.2084956137563804, 0.009509508310928843, 0.776206624410415], [0.0742486858273439, 0.789507885429489, 0.020044251086013716, 0.11619917765715325], [0.9913098636183995, 0.007168183798730715, 0.00012758524412813017, 0.0013943673387415468], [0.07107210596280872, 0.1012218524372227, 0.004746059913452028, 0.8229599816865165], [1.9709373945983428e-06, 0.9907146961091098, 0.009282663041801892, 6.699116937032655e-07], [0.08669821564591897, 0.8978611975225759, 0.0008819128355746245, 0.014558673995930556], [0.5061286563665153, 0.36655800684691336, 0.11339880380868268, 0.013914532977888715], [0.025053702121370414, 0.00025059410613178314, 0.010306459269548863, 0.9643892445029489], [0.0006195616721098819, 0.5823612427330762, 0.14260264259087468, 0.27441655300393913], [0.3069276797006446, 0.6695956151963183, 4.015379874438145e-05, 0.023436551304292837], [0.05690619915219775, 0.30622610176292503, 0.07452933133756075, 0.5623383677473164], [0.22821682808550844, 0.4480496663919224, 0.007135428108351458, 0.3165980774142176], [0.002176755428641771, 0.7514764058570906, 0.04699579835407207, 0.19935104036019544], [0.9739672547176336, 0.00011395558690868078, 0.010149853844358694, 0.015768935851099126], [0.0004801362981858647, 0.14285872764622584, 0.03657992120311468, 0.8200812148524737], [0.29407983466673865, 0.6917152781113373, 0.00032179621503823554, 0.013883091006885754], [2.4360533244665503e-06, 0.0027300880812471335, 1.8914140807622078e-05, 0.9972485617246207], [4.4549086744292315e-05, 0.02477045975312209, 0.46769950525360493, 0.5074854859065286], [0.001780421255125215, 0.9981528388098179, 2.6583903585370565e-05, 4.015603147132316e-05], [0.0024736573246921132, 0.17180724329597388, 0.06568308065678374, 0.7600360187225503], [0.009019835608501298, 0.08547486636818757, 0.01180325405471649, 0.8937020439685947], [0.09811781249067085, 0.45457155300458724, 0.3074291826312903, 0.1398814518734515], [0.6942524748162817, 0.12236894500227577, 0.11436332702215248, 0.06901525315929001], [0.0583938663228875, 0.5594647527778708, 0.0024462406699813496, 0.3796951402292603], [0.0009455871167070466, 0.33457011273225506, 0.6505000778227593, 0.013984222328278659], [0.009644640007567755, 0.9726152159375032, 0.012557266749815419, 0.005182877305113599], [0.7773472182227659, 0.21924169909683802, 0.0008024420783313691, 0.002608640602064661], [0.8850524428652587, 0.095649105635772, 0.01687096133722451, 0.002427490161744888], [0.0033377755566615748, 0.00011080635775776342, 2.9334804814115678e-05, 0.9965220832807665], [0.9345673471485355, 0.06523617706311195, 0.00015604997377888867, 4.042581457375834e-05], [0.008800236882081085, 0.0018602157676436719, 0.3779378980489291, 0.6114016493013462], [0.38691556838759505, 0.6111834703119806, 6.376737936582194e-06, 0.0018945845624875237], [0.01586996115200195, 0.9748987573603445, 0.005131644391467022, 0.004099637096186661], [0.025293297794081234, 0.03448248457619732, 0.9401737642827124, 5.045334700905169e-05], [0.9380527516687666, 0.01933333085219796, 0.0007386762682781041, 0.041875241210757586], [0.0033412606528149787, 0.000446606872351108, 0.0020616829260717015, 0.9941504495487623], [0.006388932178355722, 0.9861942740023805, 0.002675524492130909, 0.004741269327132787], [0.3444332849266135, 0.022016329071906624, 0.02047186325564246, 0.6130785227458374], [0.031508186515692135, 0.9667850978558828, 0.0009640994273136673, 0.0007426162011112362], [0.2662854711346543, 0.0773508207677588, 0.004182704936280962, 0.652181003161306], [0.07341770262601034, 0.8801821494259913, 0.0017708561127738813, 0.0446292918352245], [0.021097133141948013, 0.9788713769510495, 1.5072742345343622e-05, 1.641716465719597e-05], [0.001950748565055626, 0.018947520661988893, 0.0009531582039505424, 0.9781485725690049], [0.02372446837240086, 0.8629852099446192, 0.022326551741939128, 0.0909637699410406], [0.5789673267331616, 0.08228203638239104, 0.20172527637643733, 0.13702536050801004], [0.8651250324745757, 0.1278406143023, 0.0045130963672947305, 0.0025212568558294138], [0.16387333243731048, 0.057189597546393564, 0.014920405526079721, 0.7640166644902161], [0.9810869531684072, 0.0012726645233292757, 0.0004896721799536123, 0.017150710128309758], [0.9991515159625517, 0.00015708727297626335, 9.387483163397383e-05, 0.0005975219328380932], [0.0005097311015609843, 0.9898662229745036, 0.0005344736518449832, 0.009089572272090332], [0.027411613996469228, 0.3749554145669242, 0.49890089928579606, 0.09873207215081045], [0.04940813160487017, 0.00016142690237856098, 0.11131177995631308, 0.8391186615364381], [0.6171908271689516, 0.16734901979260056, 0.00010035661752577124, 0.21535979642092215], [0.21261360141853028, 0.5023115993972691, 0.05084960644638431, 0.23422519273781633], [0.23241103334202756, 0.012209968288851424, 0.21602192280890803, 0.5393570755602131], [0.06258627141817061, 0.9366739087930969, 0.0004959532415527547, 0.00024386654717987525], [0.7652914275528888, 0.19175930104533134, 0.04290068261767923, 4.858878410065507e-05], [0.05570332193197594, 0.13310532150738147, 0.5650792980846103, 0.2461120584760322], [0.9248670917078564, 0.014229723606207025, 3.0613259563695215e-06, 0.06090012335998031], [0.5184879368063782, 0.03748153706682779, 0.0002605312810383149, 0.44376999484575574], [0.49924454468848833, 0.4318830971594075, 0.011417923085508723, 0.05745443506659549], [0.01714639791922197, 0.08514324909306821, 0.4745055995676754, 0.4232047534200343], [0.7765424238049353, 0.04598360349428074, 0.10560868413275713, 0.0718652885680268], [0.009679101766417801, 0.4637033993361919, 0.4683321762000709, 0.05828532269731941], [0.282207744223684, 0.03454784481421778, 9.252594536634837e-06, 0.6832351583675615], [0.01636814062874927, 0.9140249693142235, 0.00018276758588313782, 0.06942412247114413], [0.31614591296208355, 0.6816153702917328, 7.798787542630295e-05, 0.0021607288707574104], [0.1049564594255449, 0.09314216514860657, 0.7699888232247238, 0.031912552201124794], [0.8953153044438726, 0.0026091395341516486, 0.0828711890739281, 0.019204366948047603], [0.7481027050792157, 0.19385115698883523, 0.041782934746383414, 0.016263203185565664], [0.056274626899752496, 0.00046492136830911154, 0.9019422443082407, 0.04131820742369777], [0.9505044751232314, 7.071178385130139e-07, 0.00033422015580231575, 0.0491605976031276], [0.43008147826956383, 0.41076104391447005, 0.06465924587739318, 0.09449823193857307], [0.011617624912336783, 0.09442493631401119, 0.5942803503227291, 0.29967708845092306], [0.007157406898527203, 0.053640679460614356, 0.00020436988255701194, 0.9389975437583014], [0.00295088502391045, 0.008732047737510528, 0.00040762446194569446, 0.9879094427766334], [0.0011051055304856445, 0.9630884262319853, 0.002412672415554851, 0.033393795821974236], [2.9547800136754315e-05, 0.6219272821032131, 0.3684836061530853, 0.009559563943564765], [0.0005339300456594198, 0.9993180862838028, 3.5086649763603696e-05, 0.00011289702077427699], [0.0414124567708298, 0.06179083208940579, 0.02169653728376576, 0.8751001738559986], [0.5623010311084914, 0.0006711049303795096, 0.015290235359125928, 0.42173762860200315], [0.29090599125654787, 0.14183281586098667, 0.0009816824148446213, 0.5662795104676208], [0.0002678684301257094, 0.5720842396584228, 0.05669630724139306, 0.3709515846700584]]}}