{"test": {"ids": ["109119340", "103109791", "103118291", "104113240", "104111380", "107114490", "109116040", "108114040", "112117471", "108114360", "113122120", "111115780", "111121220", "100116790", "110119891", "104113000", "97107681", "110120640", "102113350", "100111390", "108116120", "113120601", "97116800", "100109801", "111116411", "108115500", "100110050", "112116401", "106112770", "99111620", "107114780", "109117110", "110119030", "101109370", "98109230", "105115720", "110121720", "111114941", "98109311", "108115250", "107113180", "112116640", "103120340", "110118450", "107121540", "103120290", "97109570", "97112170", "111118301", "103111930", "104117200", "107112840", "108113740", "101112540", "110118111", "107117630", "103113210", "107117010", "112121360", "111120591", "97116410", "105111990", "105118740", "98116500", "111117120", "100109360", "99108010", "103111480", "104113550", "108115970", "99112641", "111120531", "98108150", "106118820", "110118930", "110114321", "113121810", "103110050", "99109780", "106119990", "110117140", "113120260", "112120270", "109116930", "111120320", "112116610", "112118930", "108114200", "107114950", "113121750", "106117770", "104119340", "108118810", "104111880", "113119480", "112116810", "108121351", "101111990", "111120190", "110114561", "100111080", "104113170", "103113260", "110118630", "111116010", "107121640", "98106111", "109121640", "112121351", "109115070", "110116501", "102108621", "108118520", "112118890", "99109161", "111121930", "110115580", "112121430", "103117200", "112117030", "101110740", "111119950", "102114270", "109118231", "105117351", "97105760", "106114880", "98110710", "101109000", "99111340", "97106600", "103110840", "108114180", "102109010", "104111711", "112116501", "107114200", "112117571", "98121790", "111115620", "106116640", "97118210"], "labels": [3, 3, 0, 2, 3, 3, 0, 0, 3, 1, 1, 1, 3, 2, 3, 1, 3, 0, 3, 2, 1, 2, 0, 0, 0, 3, 3, 0, 1, 3, 2, 1, 0, 1, 1, 1, 3, 0, 1, 1, 3, 0, 1, 0, 2, 2, 0, 0, 3, 3, 3, 1, 3, 2, 1, 0, 3, 1, 3, 1, 3, 2, 1, 2, 2, 0, 2, 0, 1, 2, 1, 0, 0, 3, 1, 1, 2, 3, 2, 0, 3, 3, 0, 0, 1, 1, 1, 0, 3, 0, 0, 1, 1, 3, 3, 3, 3, 2, 3, 0, 0, 3, 3, 1, 1, 1, 0, 0, 0, 0, 3, 3, 0, 3, 3, 1, 1, 2, 0, 2, 3, 0, 3, 1, 0, 0, 0, 2, 1, 1, 3, 1, 1, 1, 1, 3, 2, 3, 2, 1, 3, 2], "predicted_labels": [3, 3, 3, 1, 3, 3, 3, 2, 3, 3, 0, 1, 3, 2, 1, 3, 1, 0, 0, 3, 3, 2, 3, 3, 3, 1, 2, 0, 2, 3, 1, 1, 3, 0, 2, 3, 0, 1, 3, 0, 1, 0, 2, 2, 1, 2, 3, 2, 0, 1, 0, 2, 3, 1, 1, 1, 3, 3, 1, 0, 1, 3, 3, 3, 2, 0, 1, 3, 0, 0, 3, 3, 2, 3, 3, 3, 2, 1, 1, 2, 1, 0, 0, 3, 0, 0, 0, 1, 0, 1, 3, 3, 1, 3, 1, 1, 1, 2, 2, 0, 1, 3, 3, 3, 2, 3, 0, 0, 3, 0, 3, 3, 3, 3, 0, 2, 1, 1, 1, 1, 2, 0, 1, 1, 3, 1, 0, 1, 3, 3, 1, 1, 1, 2, 0, 1, 1, 1, 1, 3, 1, 3], "confidence_scores": [[0.28925546924416806, 0.2790400009352488, 0.1380008084400385, 0.2937037213805446], [0.24927542663467508, 0.20116785662562356, 0.12990591187435305, 0.41965080486534845], [0.2257290038900117, 0.29264649467302944, 0.12216158800342891, 0.35946291343353004], [0.136904745772892, 0.5848564487710419, 0.1394422859869826, 0.13879651946908333], [0.22736121532643924, 0.23282427918353824, 0.2509594547250482, 0.28885505076497436], [0.17714465823981723, 0.25161581053934784, 0.2723345010822469, 0.29890503013858816], [0.22138143855353318, 0.16926767690716119, 0.16208785181021537, 0.4472630327290902], [0.17297091692809308, 0.22257056107711823, 0.3355663751933584, 0.26889214680143025], [0.24071993960794344, 0.2926531443289169, 0.12765134792744526, 0.3389755681356943], [0.19438765606641925, 0.25435216460088, 0.23207084471897582, 0.31918933461372495], [0.31841409725943964, 0.19219335179155392, 0.27652227446810196, 0.21287027648090454], [0.13333841855387044, 0.4124878412952197, 0.14535988675223838, 0.30881385339867157], [0.22682068289281046, 0.323095268286242, 0.12381793354713068, 0.326266115273817], [0.13799918029478944, 0.19040354194459913, 0.4717347732285861, 0.19986250453202536], [0.22548642999556723, 0.40830999294647574, 0.24752725760329589, 0.11867631945466132], [0.2863007209053641, 0.19782571216823477, 0.18564369868006875, 0.33022986824633244], [0.27234890653626903, 0.2733357560012186, 0.20153563312864278, 0.2527797043338694], [0.3785613097154601, 0.2098920458791257, 0.17068422885681167, 0.24086241554860252], [0.4030601988065219, 0.2559211020293328, 0.1547069680042161, 0.18631173115992933], [0.20596601825257654, 0.24093158365447143, 0.25309556454087384, 0.3000068335520784], [0.19325101926028826, 0.13866673273610783, 0.21249222919982658, 0.4555900188037772], [0.21465911637949367, 0.2607121127979747, 0.2781880756564092, 0.24644069516612271], [0.23544012915319557, 0.2775009813864529, 0.1807735594352223, 0.3062853300251292], [0.22898301804934576, 0.29869698550867146, 0.12944731026091916, 0.3428726861810635], [0.19838074205145187, 0.15588867028531797, 0.12386697433703571, 0.5218636133261945], [0.1628509427564855, 0.3262135789394474, 0.19884730261692185, 0.3120881756871452], [0.17486087285638846, 0.1978635245019633, 0.41318590657923826, 0.21408969606241], [0.46392527093497227, 0.16032077814584114, 0.07314101568961398, 0.3026129352295725], [0.1251840759703942, 0.2232051488901015, 0.4429275741254982, 0.20868320101400606], [0.20318689743049678, 0.2702473957875332, 0.25115984357080273, 0.2754058632111672], [0.2146405934774277, 0.37926635919327123, 0.19150068317837057, 0.21459236415093078], [0.1705990281979403, 0.39250127900911164, 0.1757768352803014, 0.26112285751264663], [0.19178531060184084, 0.23519587660687388, 0.20834812384914309, 0.36467068894214233], [0.3365545707498808, 0.2372795075065396, 0.14204761453113768, 0.2841183072124419], [0.2757285413810421, 0.2179021409782475, 0.31963594826711783, 0.1867333693735926], [0.16999185865911343, 0.29907768449962324, 0.11317236525025903, 0.4177580915910042], [0.3134611931004915, 0.24081511604218764, 0.15113871143141983, 0.29458497942590095], [0.18564045659889353, 0.4221588715531966, 0.1245400646794963, 0.2676606071684136], [0.18620760300266737, 0.23295434346979152, 0.15418806584291075, 0.42664998768463025], [0.29986999240188544, 0.25044498124678016, 0.21156245536882604, 0.23812257098250827], [0.18362018866338012, 0.3149233440284746, 0.19772510627196926, 0.303731361036176], [0.4073951133843868, 0.2646743368132026, 0.12584630633458008, 0.20208424346783063], [0.16325667070069366, 0.30507231635015014, 0.3091777356841805, 0.2224932772649758], [0.20624332725581077, 0.23022033758433055, 0.2868213237447201, 0.27671501141513877], [0.29385185552702403, 0.3019795186276611, 0.1409833515212123, 0.26318527432410255], [0.17953169608996455, 0.26697329845963824, 0.3181554554245983, 0.2353395500257991], [0.3007241808667516, 0.18820912019822306, 0.1563295316968648, 0.3547371672381606], [0.16894458310464605, 0.19045705305518407, 0.3374756292649319, 0.30312273457523786], [0.347263634226307, 0.24800851226526313, 0.11357305387339085, 0.2911547996350391], [0.1111786087044582, 0.6271008189418874, 0.13188320912160353, 0.12983736323205097], [0.3248164913670583, 0.21483701057773272, 0.2793414578679959, 0.18100504018721306], [0.17151874973050252, 0.2539194925062511, 0.34498982854982935, 0.22957192921341693], [0.2073788322850097, 0.21404303318927398, 0.2731231797158965, 0.3054549548098199], [0.28856158896452927, 0.32449047457183194, 0.12992746781314857, 0.2570204686504904], [0.26892723163182564, 0.31566818324857127, 0.16827970889824176, 0.2471248762213615], [0.2545232064348046, 0.2884731461129577, 0.23037421132429076, 0.22662943612794703], [0.2210017991353301, 0.23619038167650253, 0.16781429706184997, 0.37499352212631737], [0.20219764831596418, 0.24565926889677409, 0.20093950214736014, 0.3512035806399016], [0.13698469976971056, 0.348594033787897, 0.3240732547902096, 0.19034801165218287], [0.6396562994114328, 0.1440048904504199, 0.07149859576574295, 0.1448402143724043], [0.18382229002739855, 0.2917292708036631, 0.26627008429461846, 0.25817835487431984], [0.15932623225817047, 0.2596268728961319, 0.19023841670314756, 0.39080847814255004], [0.28993950439946337, 0.23320685339807914, 0.16908048194911396, 0.30777316025334356], [0.16590377931067252, 0.1632426566107341, 0.1920333111807859, 0.4788202528978075], [0.23939441000565986, 0.22439573623058467, 0.35021342515646336, 0.18599642860729226], [0.2871198672105722, 0.25197202754913617, 0.21882969920446524, 0.24207840603582637], [0.23689267010562104, 0.38998969652605037, 0.11717885845857202, 0.2559387749097566], [0.3143335306670886, 0.1795179266851613, 0.10268506735160811, 0.403463475296142], [0.46577084313504175, 0.25329555642428453, 0.12812885784665284, 0.15280474259402071], [0.3315394872347578, 0.23589475633257975, 0.17762980657606126, 0.25493594985660134], [0.28762140917264534, 0.2250420802763708, 0.14567702729625467, 0.3416594832547293], [0.11276005245672988, 0.28068589026397806, 0.20827930388708155, 0.3982747533922105], [0.2001201137946228, 0.2771304057402438, 0.35770293135942793, 0.16504654910570554], [0.14964808948599165, 0.26991066723889234, 0.2656759821837159, 0.3147652610914003], [0.19326963132906594, 0.21082245516630987, 0.2719535681924611, 0.32395434531216316], [0.18087039306078456, 0.21834255321953935, 0.17267726486714705, 0.428109788852529], [0.14698205638507214, 0.2199717864054507, 0.36713825355913343, 0.2659079036503438], [0.161872340283258, 0.3236148109182993, 0.27077651238037775, 0.24373633641806483], [0.25428050078439146, 0.2768381072243329, 0.2650561584648425, 0.2038252335264333], [0.200324793814257, 0.21623400110667162, 0.3335742575749138, 0.24986694750415758], [0.2818507881885876, 0.3078485102595724, 0.10819497843909391, 0.3021057231127462], [0.31811147673873025, 0.2496806632074, 0.2544690244487327, 0.17773883560513712], [0.4206085452368562, 0.1785208108992295, 0.13855909890294876, 0.2623115449609656], [0.2920812330250198, 0.24415344333054195, 0.15034132706101677, 0.3134239965834215], [0.3543105746695644, 0.2269542578457915, 0.1967815343167472, 0.22195363316789693], [0.5211784627874787, 0.17330564444556681, 0.11925413856061262, 0.18626175420634172], [0.36247019085433113, 0.2210751868356889, 0.1650069997154326, 0.25144762259454745], [0.14577328125962494, 0.4113628158187976, 0.19956964023197019, 0.2432942626896074], [0.3462678290572398, 0.20383422863035133, 0.2389637224678889, 0.2109342198445199], [0.24010110644568905, 0.2765010931261521, 0.21680632343312, 0.2665914769950388], [0.1895889887671479, 0.15091881959402767, 0.29240085466582433, 0.3670913369730002], [0.16162916902317256, 0.24739529690635276, 0.15484070798371785, 0.43613482608675697], [0.13164546447080339, 0.5243390702835059, 0.1251945515144347, 0.21882091373125598], [0.11356491069827636, 0.3173940415550069, 0.19039470654345764, 0.3786463412032592], [0.20570514961067654, 0.3832005889862627, 0.11174549394032267, 0.29934876746273825], [0.21434003881306812, 0.29259856658405564, 0.2638377446606831, 0.2292236499421933], [0.29182543999759053, 0.30213057588417486, 0.14603235881705096, 0.2600116253011836], [0.11187664738433283, 0.26738209823446596, 0.5014026189154325, 0.1193386354657689], [0.22294851033273025, 0.2176140878733321, 0.2947582342423088, 0.26467916755162896], [0.3173729170559198, 0.23418199649544533, 0.1604907381758957, 0.2879543482727392], [0.18945538356796662, 0.3487756363641317, 0.22063546659835423, 0.24113351346954748], [0.3561961715810278, 0.17889281414174305, 0.09365432036765475, 0.3712566939095745], [0.15645695933847514, 0.259538885196256, 0.2503542681600866, 0.33364988730518236], [0.2321002166783038, 0.24044166069016348, 0.2177267279424452, 0.3097313946890876], [0.2083408833215716, 0.22088270911268273, 0.4031646098706649, 0.16761179769508064], [0.19118874856865783, 0.19338678064536516, 0.1270407888931042, 0.4883836818928729], [0.3482539889663467, 0.17269813488320757, 0.26643702475374537, 0.21261085139670025], [0.400497034194111, 0.32576247811461784, 0.09652110280812234, 0.17721938488314878], [0.2668393207835405, 0.21895033522478852, 0.19683463803456977, 0.3173757059571013], [0.399700745076932, 0.18407680393561343, 0.165679525527426, 0.2505429254600287], [0.2242952221517917, 0.30074922878216315, 0.11056297028828291, 0.3643925787777624], [0.23913419545720155, 0.22394218164400218, 0.1284334992714578, 0.4084901236273387], [0.10535509619933844, 0.2560750590223816, 0.13257162622635615, 0.5059982185519237], [0.1721125487337001, 0.22583238583366344, 0.26941382051548224, 0.3326412449171543], [0.4413482771596272, 0.23297576529518813, 0.1077510654507245, 0.21792489209445992], [0.15309000991320393, 0.13565862914830787, 0.5776817369602772, 0.13356962397821093], [0.1739603108459808, 0.35376558210030606, 0.16963089795612282, 0.30264320909759035], [0.20656760851090905, 0.3571775102421421, 0.22400205940328358, 0.21225282184366542], [0.2315545675750661, 0.3135258504486835, 0.20815206174206696, 0.2467675202341835], [0.19037610464937285, 0.31994338134816963, 0.3154049068784761, 0.17427560712398146], [0.1516061456167175, 0.2499049168560838, 0.3630407274525228, 0.23544821007467612], [0.37551696198805434, 0.20653431450013002, 0.11544565563947064, 0.302503067872345], [0.18811438015453735, 0.4914184370026175, 0.17877162951854625, 0.141695553324299], [0.20835798297212885, 0.41505246386972283, 0.15853896128098563, 0.21805059187716275], [0.2968168669868134, 0.2585665528382902, 0.12465276154628314, 0.3199638186286131], [0.2597847349251441, 0.42214702124485565, 0.14084202408961205, 0.17722621974038832], [0.2911070221999296, 0.288574987191614, 0.2421074609392001, 0.17821052966925632], [0.09719937633599403, 0.39006282982902507, 0.30991186933881537, 0.20282592449616538], [0.17420888920369776, 0.20519242073295296, 0.23097395941507382, 0.38962473064827563], [0.26879310758296504, 0.23161531891235804, 0.21291131585994702, 0.2866802576447299], [0.17482449293684338, 0.4274075689202349, 0.15923007520983093, 0.23853786293309082], [0.15701650947739723, 0.5190177605166493, 0.13261512585365862, 0.1913506041522948], [0.15181990268990836, 0.31738955040425787, 0.29850755395722967, 0.2322829929486041], [0.11775973584223907, 0.18375353058757385, 0.3993054291536199, 0.2991813044165673], [0.4847959952803449, 0.2180011417323594, 0.1133672908077184, 0.18383557217957724], [0.15724741489497418, 0.3210978839221753, 0.204511753687141, 0.31714294749570965], [0.22001464908401713, 0.31298659171231624, 0.2277344247037417, 0.2392643344999249], [0.2452786233915895, 0.34999657509528503, 0.08908854951603905, 0.31563625199708656], [0.1982923602711158, 0.3531459970969967, 0.22699377600959836, 0.2215678666222893], [0.27252325041704045, 0.2251926934424093, 0.17799024963555563, 0.32429380650499456], [0.16847002143519832, 0.3090646478912401, 0.2521041910263846, 0.2703611396471769], [0.2135751134338755, 0.20387613366361723, 0.1703893684735872, 0.41215938442892]]}, "rewritten": {"ids": ["97105760", "97106600", "97107681", "97109570", "97112170", "97116410", "97116800", "97118210", "98106111", "98108150", "98109230", "98109311", "98110710", "98116500", "98121790", "99108010", "99109161", "99109780", "99111340", "99111620", "99112641", "100109360", "100109801", "100110050", "100111080", "100111390", "100116790", "101109000", "101109370", "101110740", "101111990", "101112540", "102108621", "102109010", "102113350", "102114270", "103109791", "103110050", "103110840", "103111480", "103111930", "103113210", "103113260", "103117200", "103118291", "103120290", "103120340", "104111380", "104111711", "104111880", "104113000", "104113170", "104113240", "104113550", "104117200", "104119340", "105111990", "105115720", "105117351", "105118740", "106112770", "106114880", "106116640", "106117770", "106118820", "106119990", "107112840", "107113180", "107114200", "107114490", "107114780", "107114950", "107117010", "107117630", "107121540", "107121640", "108113740", "108114040", "108114180", "108114200", "108114360", "108115250", "108115500", "108115970", "108116120", "108118520", "108118810", "108121351", "109115070", "109116040", "109116930", "109117110", "109118231", "109119340", "109121640", "110114321", "110114561", "110115580", "110116501", "110117140", "110118111", "110118450", "110118630", "110118930", "110119030", "110119891", "110120640", "110121720", "111114941", "111115620", "111115780", "111116010", "111116411", "111117120", "111118301", "111119950", "111120190", "111120320", "111120531", "111120591", "111121220", "111121930", "112116401", "112116501", "112116610", "112116640", "112116810", "112117030", "112117471", "112117571", "112118890", "112118930", "112120270", "112121351", "112121360", "112121430", "113119480", "113120260", "113120601", "113121750", "113121810", "113122120"], "labels": [0, 3, 3, 0, 0, 3, 0, 2, 0, 0, 1, 1, 2, 2, 2, 2, 3, 2, 1, 3, 1, 0, 0, 3, 0, 2, 2, 1, 1, 3, 2, 2, 3, 1, 3, 3, 3, 3, 1, 0, 3, 3, 3, 0, 0, 2, 1, 3, 1, 3, 1, 3, 2, 1, 3, 1, 2, 1, 0, 1, 1, 0, 3, 0, 3, 0, 1, 3, 2, 3, 2, 3, 1, 0, 2, 1, 3, 0, 1, 0, 1, 1, 3, 2, 1, 0, 1, 3, 0, 0, 0, 1, 1, 3, 0, 1, 0, 1, 3, 3, 1, 0, 1, 1, 0, 3, 0, 3, 0, 1, 1, 1, 0, 2, 3, 0, 3, 1, 0, 1, 3, 1, 0, 3, 1, 0, 3, 2, 3, 3, 3, 1, 0, 0, 3, 2, 3, 3, 2, 0, 2, 1], "predicted_labels": [3, 2, 3, 0, 2, 2, 2, 2, 0, 2, 2, 0, 1, 2, 1, 1, 0, 1, 0, 2, 1, 1, 3, 1, 0, 2, 2, 3, 3, 2, 2, 0, 3, 2, 1, 2, 3, 3, 3, 3, 1, 1, 0, 3, 0, 2, 2, 1, 0, 3, 3, 3, 1, 3, 0, 2, 1, 0, 0, 3, 3, 2, 2, 2, 3, 1, 1, 3, 2, 3, 2, 1, 3, 3, 3, 2, 3, 3, 3, 2, 3, 1, 1, 3, 3, 3, 2, 3, 2, 2, 1, 3, 1, 3, 3, 3, 2, 0, 0, 3, 3, 1, 2, 0, 3, 3, 2, 3, 1, 3, 2, 3, 0, 3, 3, 2, 3, 3, 3, 0, 1, 1, 0, 1, 2, 0, 1, 3, 3, 0, 0, 3, 0, 3, 1, 1, 3, 1, 2, 0, 1, 2], "confidence_scores": [[0.17896121259768907, 0.2868280659056002, 0.20679952263713108, 0.3274111988595797], [0.2326555947809953, 0.26295385407605243, 0.3574297633324004, 0.14696078781055202], [0.25037766724268923, 0.12410523565074351, 0.15394248985354667, 0.4715746072530205], [0.2837604058619281, 0.2474236653340079, 0.2087381584289531, 0.26007777037511093], [0.22950670725709726, 0.1707971878076159, 0.32732658941733656, 0.27236951551795013], [0.153927715442605, 0.3077241895338133, 0.33764300851703116, 0.20070508650655064], [0.2222825575162897, 0.19914385151216285, 0.3610213885749939, 0.2175522023965536], [0.19172786491202803, 0.1744993126214638, 0.4059879784911401, 0.22778484397536805], [0.2693369229101677, 0.24435814078763926, 0.21970693229216268, 0.2665980040100304], [0.25140718840867254, 0.20432108809072125, 0.32947414061529334, 0.214797582885313], [0.15978736657594012, 0.15945880614698346, 0.4784217929409683, 0.20233203433610802], [0.4641406678189669, 0.1270540962164041, 0.13497582366158786, 0.27382941230304114], [0.20850696526173762, 0.31482415778101813, 0.17064101291306205, 0.30602786404418225], [0.16234251307545616, 0.1863452008238966, 0.4267983394105063, 0.22451394669014088], [0.21283508730961903, 0.3419594090508554, 0.22909281230516504, 0.21611269133436062], [0.22693818547243003, 0.3959855902833779, 0.16034364964653014, 0.2167325745976619], [0.369806927320723, 0.24352094634573787, 0.1563087310737844, 0.23036339525975488], [0.15968264824138442, 0.3562981589541895, 0.1794779786408971, 0.30454121416352925], [0.33098572014443656, 0.21448547611962737, 0.16655598386612142, 0.28797281986981477], [0.1522212286146985, 0.1889871967681666, 0.4745078443620448, 0.18428373025509018], [0.19949671920725826, 0.330966487911402, 0.15060711324104395, 0.3189296796402958], [0.25612498294956776, 0.34680572135376725, 0.15980864338556838, 0.23726065231109675], [0.22732679464169142, 0.19322612194602323, 0.1557162721755542, 0.423730811236731], [0.15520204141786362, 0.4574505474268499, 0.23462017374674574, 0.1527272374085409], [0.3098825800638073, 0.27405254670199886, 0.2683689301962592, 0.14769594303793473], [0.17183279246190192, 0.19258860794924348, 0.3649367147576003, 0.27064188483125434], [0.2929472510189157, 0.20056786048537165, 0.3128960718791676, 0.193588816616545], [0.24041498700077613, 0.20170694299871278, 0.2180460500955796, 0.33983201990493156], [0.16136031472325763, 0.3279764769312992, 0.1308680306671101, 0.3797951776783332], [0.1665241132368279, 0.15230889661153302, 0.4073156950904364, 0.27385129506120276], [0.2653417284921965, 0.1898400178346657, 0.38031189030970286, 0.16450636336343488], [0.41802378633362225, 0.16937505995417357, 0.11657805005704643, 0.29602310365515777], [0.07832407741010217, 0.054376264790887495, 0.033933386984646284, 0.8333662708143642], [0.13895733312837183, 0.1918070551259102, 0.4897886563230474, 0.17944695542267067], [0.17089074537495974, 0.4461239763981315, 0.17226337385837406, 0.2107219043685347], [0.17641602834148212, 0.2816032283431827, 0.290044142447096, 0.2519366008682394], [0.17514801939877725, 0.21044324642244577, 0.2275549514596727, 0.38685378271910426], [0.13390906605172848, 0.1409212363516642, 0.18741501437211716, 0.5377546832244902], [0.18535690855043158, 0.21961550388949047, 0.12558266491325407, 0.4694449226468239], [0.14025515356117163, 0.2302292421907035, 0.1404169653700597, 0.4890986388780652], [0.22835152165715325, 0.3465227003749872, 0.30466988954932456, 0.12045588841853508], [0.16053879240935037, 0.3553204393994356, 0.2553547872468788, 0.2287859809443353], [0.28882730553627145, 0.2697524870457743, 0.23535611637191955, 0.20606409104603476], [0.11031819940813514, 0.1941305793238468, 0.23174868570075835, 0.46380253556725964], [0.27711775544618983, 0.24862067353958767, 0.1985674427228981, 0.2756941282913243], [0.20871035804137691, 0.17144086399994887, 0.4695593671824158, 0.15028941077625843], [0.15904736901699335, 0.20167360510818888, 0.48226380232526167, 0.15701522354955608], [0.24542291728280388, 0.3639974655847765, 0.18386073546116763, 0.20671888167125196], [0.35873550068756904, 0.24437185648039034, 0.20518386547976547, 0.19170877735227557], [0.330446003960547, 0.14587196672731675, 0.1423687694401139, 0.38131325987202236], [0.22386513879146328, 0.22116425232907425, 0.13455689795304152, 0.4204137109264211], [0.14776093455838524, 0.10556436290996953, 0.253121719379577, 0.4935529831520683], [0.16344886938441638, 0.44888491875418207, 0.25939346975661726, 0.12827274210478434], [0.24683385620467602, 0.24749318716966381, 0.17958691030228421, 0.3260860463233759], [0.2981930537795184, 0.16418324232914785, 0.2520951626637659, 0.28552854122756804], [0.36011621279756156, 0.10838409225526367, 0.43385696130094437, 0.0976427336462305], [0.15796363706902264, 0.32973075988270306, 0.21944704054468653, 0.2928585625035878], [0.3814048064112731, 0.18008061890165422, 0.19071677531745973, 0.2477977993696131], [0.3734763827716953, 0.2382278234986493, 0.20656924617776456, 0.18172654755189072], [0.10246793305593326, 0.16809092890623095, 0.2812032231505909, 0.44823791488724496], [0.10400879360217839, 0.1855543336941215, 0.1893796856576707, 0.5210571870460293], [0.2701468507588615, 0.15222267662209166, 0.33510222305231785, 0.24252824956672905], [0.11962538371125057, 0.16502508133906515, 0.581045590063821, 0.13430394488586325], [0.24258969928855872, 0.2172422002857233, 0.3831100870999888, 0.15705801332572938], [0.243072585688534, 0.1657366033762555, 0.2893934295874582, 0.3017973813477525], [0.2574075745600174, 0.33006156554144916, 0.18452077864511374, 0.2280100812534199], [0.2242870551626971, 0.4707789687458725, 0.11635549008408676, 0.18857848600734362], [0.2984996046047932, 0.1976943225054348, 0.18703586162433666, 0.3167702112654354], [0.2513150808543399, 0.18855377349660765, 0.4039483135805232, 0.15618283206852945], [0.17981564288463794, 0.20600341891399065, 0.20452816344426536, 0.40965277475710615], [0.17348149633949153, 0.3198362646191904, 0.33059588829792674, 0.17608635074339146], [0.14401463024844577, 0.3271528963176305, 0.20900102529995934, 0.3198314481339645], [0.19824055174508418, 0.1391893347408172, 0.3287711148545928, 0.3337989986595057], [0.23975814986072666, 0.16931044047402236, 0.196098051383273, 0.394833358281978], [0.143492795415549, 0.15279208993929752, 0.15987298162220062, 0.5438421330229529], [0.102777326931546, 0.18354374066208043, 0.5279161840194583, 0.1857627483869154], [0.18654684735532254, 0.1911330389903013, 0.1607136682505433, 0.46160644540383294], [0.19165665909299973, 0.24872043473433927, 0.1425675571136761, 0.41705534905898495], [0.29561178983865843, 0.15700100098317832, 0.22277917150365256, 0.32460803767451074], [0.06924573023152053, 0.16832438101752165, 0.44172470849942275, 0.3207051802515351], [0.1860951461417692, 0.20608862743514533, 0.14777870348360808, 0.4600375229394775], [0.20003634941247855, 0.2978221588442008, 0.24577464472452956, 0.2563668470187911], [0.1640517423805926, 0.41113904173016397, 0.16904115194907465, 0.25576806394016877], [0.23739988740541657, 0.2488612077401211, 0.19678283071908761, 0.3169560741353748], [0.22006357295586504, 0.2528225056138513, 0.22345809226626198, 0.3036558291640217], [0.25220174138607193, 0.1793762578432642, 0.18677378123083702, 0.381648219539827], [0.18738921302923567, 0.20415696437247371, 0.41694998974955433, 0.1915038328487364], [0.20483037523305014, 0.20244591537907036, 0.1762557918685043, 0.41646791751937523], [0.1835703097713614, 0.1855380498229874, 0.4326738477917048, 0.1982177926139463], [0.2350014143185038, 0.2297735354018805, 0.29309351204137835, 0.24213153823823733], [0.16583650426351507, 0.3972100154893849, 0.12599963818741547, 0.31095384205968457], [0.17876044233416238, 0.2666649327035979, 0.14460391085658797, 0.40997071410565183], [0.22173622843013333, 0.36696212988469723, 0.1377665454959751, 0.2735350961891945], [0.2766950481911847, 0.1748469862713812, 0.24440802056556654, 0.30404994497186766], [0.3034533772252367, 0.29491102603291924, 0.08498308419257086, 0.31665251254927324], [0.2893166985989113, 0.15662129829508517, 0.20790421223643274, 0.3461577908695706], [0.21883901001423187, 0.2511791253733053, 0.27405838019557743, 0.2559234844168855], [0.40315760745771617, 0.19313232855943027, 0.2561894073266504, 0.14752065665620334], [0.3473822357670716, 0.23278491854550182, 0.14547735336168902, 0.27435549232573764], [0.29658651059734886, 0.23925179304396585, 0.1314740839226185, 0.332687612436067], [0.2624037204933805, 0.2130984917746499, 0.11874663899039874, 0.4057511487415707], [0.2915914430180831, 0.3071244098176392, 0.16186819707369776, 0.23941595009058], [0.3355780177533285, 0.09326000341799254, 0.34918294159591445, 0.22197903723276452], [0.36501265206888556, 0.17363518607821588, 0.2681464584919638, 0.19320570336093496], [0.22537679939957952, 0.22007900152930546, 0.18904089204183425, 0.3655033070292808], [0.22236647350594524, 0.18810957889260663, 0.2430018407276989, 0.3465221068737493], [0.2604085411521957, 0.20802831147012046, 0.2873067237127383, 0.24425642366494543], [0.14718934584587792, 0.12398729500930933, 0.33209026973102446, 0.3967330894137882], [0.18627534331884069, 0.39613837728759826, 0.13095182940864375, 0.28663444998491727], [0.17064437960679507, 0.29101199560079993, 0.22051557695230617, 0.31782804784009894], [0.15347791490850238, 0.2979377516850387, 0.3704351075454303, 0.17814922586102874], [0.3119986729914882, 0.13176262829924204, 0.1420731751616685, 0.4141655235476014], [0.361929981727321, 0.18265059947442955, 0.12114992164947361, 0.334269497148776], [0.29309309410075735, 0.20186437748486372, 0.09314654207164666, 0.4118959863427323], [0.24796430297012348, 0.20238553962055117, 0.24612975360668746, 0.3035204038026379], [0.25439394390183406, 0.15641307907696791, 0.44708762133675806, 0.14210535568443994], [0.1483086535034925, 0.16746095032170183, 0.08608982443504087, 0.5981405717397649], [0.15462143951986343, 0.2181547575016435, 0.25845754384187114, 0.3687662591366222], [0.225098599103166, 0.16896033351442039, 0.2628886925071247, 0.3430523748752889], [0.35234214656789276, 0.27253507911455194, 0.15696857898672426, 0.21815419533083102], [0.2958717281154424, 0.33300203010962726, 0.08770925317196719, 0.2834169886029632], [0.2339953200179935, 0.352580998427488, 0.2183573106951032, 0.19506637085941544], [0.43224213481417517, 0.2949715572778514, 0.11384890846150346, 0.15893739944646995], [0.21367699095096818, 0.330205292726306, 0.1571567101072452, 0.2989610062154807], [0.2518978471522311, 0.19755030133172563, 0.29662274738744643, 0.2539291041285968], [0.4660571520392975, 0.23399991589857203, 0.1470022517015401, 0.1529406803605905], [0.1804964693901172, 0.34990146290555735, 0.23604817895954805, 0.23355388874477745], [0.10254913805229224, 0.1984513206687776, 0.2908409456134711, 0.40815859566545903], [0.24462498540304028, 0.2726654644848613, 0.1606211160082615, 0.32208843410383703], [0.5856190136655357, 0.1126315480788735, 0.08324653121473856, 0.2185029070408522], [0.3871989956073321, 0.2269994388094166, 0.1445941744809548, 0.24120739110229655], [0.2579961028027748, 0.21196057589225178, 0.2214730242674127, 0.3085702970375608], [0.35421635490522635, 0.16941002727969412, 0.22288892940403157, 0.253484688411048], [0.12443629712875075, 0.20364453712269062, 0.26285195128180866, 0.40906721446675], [0.19071747840954384, 0.33173524594359555, 0.16766375061481809, 0.3098835250320426], [0.1513486608611573, 0.3871854666911299, 0.22799443553858192, 0.23347143690913097], [0.15647656030409382, 0.2629767696326745, 0.11353527536530734, 0.46701139469792446], [0.26777307315073956, 0.2987395983828246, 0.1783150060510447, 0.2551723224153911], [0.23903413178042326, 0.20380875599135054, 0.38120382358979094, 0.17595328863843543], [0.5933190868316512, 0.17141711287923664, 0.10414604988397401, 0.13111775040513812], [0.2306775621720192, 0.3355783261805038, 0.2623930868864468, 0.1713510247610303], [0.3001692672546164, 0.21351485724920255, 0.3062685657542605, 0.1800473097419207]]}}