{"test": {"ids": ["113122120", "112119980", "99113260", "106119990", "99110730", "98112580", "100113210", "113119360", "111115400", "112119610", "111119300", "101108080", "104116800", "99112840", "104111830", "112118701", "108115500", "98110230", "99120010", "98117740", "99111440", "112116810", "107120010", "103112641", "101109370", "107114780", "110117110", "104111711", "113118231", "102113350", "98113881", "97109570", "105120621", "113118620", "109115380", "113118490", "110115120", "112121410", "109119450", "103112470", "110118930", "111115770", "111121190", "100110260", "98106680", "110118181", "98111231", "110118740", "106114011", "112116990", "103111170", "108119510", "110118111", "109114220", "106117650", "100109330", "112116540", "103120340", "106116850", "108116120", "113118810", "112119450", "108113760", "106115120", "111119430", "100111390", "111115620", "108115970", "100109311", "107118120", "113119700", "112119930", "97106600", "102116500", "112121030", "97107681", "105116501", "97106770", "105118740", "113120540", "113117630", "99108310", "112120700", "106115250", "99108460", "104111620", "111114321", "113122230", "113121010", "97106591", "108118301", "107113840", "105112260", "103110100", "99107630", "108114270", "110114651", "109115211", "112118161", "99111000", "100110050", "107117010", "103110840", "111119340", "97108520", "112117780", "108116481", "113120601", "101114020", "108120280", "112118511", "105110091", "102113981", "109117600", "106112770", "101108460", "99112300", "105115570", "107118780", "113119340", "106116441", "112120670", "101108290", "107116980", "100111380", "97106820", "101112201", "101108500", "109120150", "109121351", "101108621", "111114941", "99109161", "112121351", "104113170", "108121160", "105113190", "106118820", "108113740", "105116441", "110113591", "104114740"], "labels": [1, 0, 0, 0, 3, 2, 0, 0, 0, 0, 1, 0, 1, 2, 3, 0, 3, 3, 2, 2, 3, 3, 1, 3, 1, 2, 0, 1, 3, 3, 3, 0, 1, 3, 3, 1, 0, 0, 3, 1, 1, 3, 1, 3, 1, 1, 1, 3, 1, 0, 2, 1, 1, 3, 1, 0, 1, 1, 3, 1, 3, 3, 1, 1, 3, 2, 1, 2, 1, 3, 0, 1, 3, 1, 0, 3, 1, 3, 1, 3, 0, 2, 2, 2, 0, 0, 1, 1, 2, 1, 1, 3, 3, 1, 2, 3, 3, 0, 0, 2, 3, 1, 1, 3, 2, 0, 0, 2, 3, 3, 1, 0, 1, 1, 1, 0, 0, 0, 1, 0, 0, 2, 0, 3, 3, 1, 0, 3, 2, 0, 0, 0, 3, 0, 3, 2, 3, 3, 3, 1, 0, 2], "predicted_labels": [1, 1, 3, 1, 2, 3, 3, 3, 3, 1, 1, 1, 3, 1, 1, 3, 1, 3, 1, 1, 0, 2, 3, 0, 1, 1, 1, 3, 3, 1, 1, 3, 0, 3, 1, 3, 1, 1, 1, 1, 1, 0, 0, 0, 1, 1, 0, 3, 1, 3, 1, 3, 0, 3, 1, 0, 1, 1, 2, 0, 1, 0, 3, 0, 3, 0, 3, 3, 0, 3, 1, 2, 0, 3, 3, 1, 1, 0, 1, 1, 1, 3, 1, 1, 1, 3, 3, 3, 1, 1, 3, 1, 1, 1, 3, 1, 3, 3, 3, 3, 3, 1, 1, 3, 1, 3, 3, 3, 1, 0, 3, 0, 1, 3, 2, 3, 3, 3, 3, 3, 1, 3, 1, 0, 1, 3, 1, 3, 0, 0, 0, 1, 1, 1, 1, 3, 3, 1, 3, 1, 1, 1], "confidence_scores": [[0.21480801226638582, 0.3354129033290731, 0.19488856624177406, 0.2548905181627674], [0.28856612281103206, 0.38725638477359425, 0.10499228758276681, 0.219185204832607], [0.1613256314200579, 0.23665816859187871, 0.3454515892029677, 0.25656461078509557], [0.2513926046238961, 0.29335167266747936, 0.28218198485138396, 0.1730737378572403], [0.12563003306892945, 0.21191559249068415, 0.43314375003558336, 0.22931062440480351], [0.18791249924133197, 0.28601823191253906, 0.23541651050651644, 0.29065275833961257], [0.1861430969965001, 0.2783057182824257, 0.22379722660228596, 0.31175395811878814], [0.22921371637370958, 0.28641570442705183, 0.1652292434041276, 0.31914133579511067], [0.2603109218636658, 0.2421195230861045, 0.18824005031872437, 0.30932950473150556], [0.1241939033787926, 0.36472971110207675, 0.31982705754183227, 0.19124932797729827], [0.1788442491547341, 0.36514181455410455, 0.16499471493078277, 0.2910192213603786], [0.30006206776646244, 0.3273569080467009, 0.1470202499515301, 0.22556077423530663], [0.21768996813004565, 0.30015946128301446, 0.1319949852658403, 0.35015558532109964], [0.18109573884054808, 0.2814333497913591, 0.3141949487391227, 0.22327596262897004], [0.20696117272195141, 0.3704675723409908, 0.11110549082871894, 0.311465764108339], [0.2846142895583779, 0.2703207559052129, 0.05571959900827812, 0.3893453555281312], [0.23374477480620826, 0.26125062822011647, 0.2916976746139358, 0.2133069223597394], [0.29415503569810714, 0.2959435959996991, 0.08033908619104216, 0.32956228211115146], [0.2728277669819594, 0.27990566807380945, 0.2367992573358796, 0.2104673076083515], [0.1347849380736981, 0.35259503881581516, 0.2871523149898197, 0.22546770812066694], [0.3067561686909356, 0.26812843103016615, 0.13471271100409146, 0.2904026892748066], [0.17402128905478545, 0.22577355499351562, 0.3906642638112147, 0.20954089214048408], [0.2941490582039075, 0.2506430541171334, 0.1288035540422649, 0.32640433363669397], [0.3103238094345247, 0.2658727041949068, 0.14020192682029461, 0.2836015595502734], [0.22546713005407767, 0.2741656735491502, 0.2678290287055892, 0.2325381676911829], [0.16143141451196422, 0.30651788136057856, 0.28524083494247265, 0.24680986918498468], [0.24566861325277276, 0.3735894017593316, 0.16547785415413438, 0.21526413083376097], [0.2696890590693326, 0.2895285395150825, 0.10576241148450984, 0.3350199899310752], [0.12405571632130438, 0.26542326357820045, 0.2839787523028735, 0.32654226779762213], [0.23922546658273092, 0.350773029743113, 0.17172685883639124, 0.2382746448377651], [0.2156246366775679, 0.2853367869022986, 0.28547581869555916, 0.21356275772457475], [0.24733469397829594, 0.19845090856776992, 0.26151260620769534, 0.29270179124623874], [0.3923237358943692, 0.26501931775833737, 0.03950445077468745, 0.30315249557260604], [0.15951427614988564, 0.3012840866656715, 0.2240469761427603, 0.31515466104168255], [0.15752668089567495, 0.32182023095492934, 0.27862721923391676, 0.24202586891547917], [0.24304889634709625, 0.19885208005893526, 0.11645148697140571, 0.44164753662256273], [0.23044844863400993, 0.2900625870269554, 0.2026395820226057, 0.27684938231642886], [0.2756370950039917, 0.27433355611590543, 0.18316798436014192, 0.2668613645199606], [0.1673503050409556, 0.31179621156376514, 0.3004455727774245, 0.2204079106178543], [0.228335789689709, 0.2640197893318613, 0.28138612183781864, 0.22625829914061085], [0.16904351745189725, 0.3488364503506838, 0.17698012223761012, 0.3051399099598091], [0.33060784031577123, 0.2671438143967547, 0.07393332865958258, 0.3283150166278914], [0.3151750267506443, 0.27483470272043853, 0.11724917173784888, 0.29274109879106824], [0.3358356232970266, 0.27167541305787063, 0.08353553512038747, 0.3089534285247151], [0.2786095442275889, 0.3119432998861884, 0.21867125981336802, 0.19077589607285447], [0.22298080217775282, 0.31922413611989214, 0.2194558922345126, 0.23833916946784267], [0.4009385020988936, 0.2085880341394079, 0.09950485349537444, 0.29096861026632403], [0.2607451507606126, 0.26926461372120525, 0.1529076747187798, 0.31708256079940234], [0.19661352308225977, 0.3608867790758443, 0.19845386707735013, 0.24404583076454592], [0.2312030816526026, 0.23073054417854763, 0.19446907692314924, 0.3435972972457005], [0.27564036865451197, 0.325865050127224, 0.14101775580675832, 0.2574768254115058], [0.3125051498107479, 0.270049011575175, 0.06367363283289576, 0.3537722057811813], [0.32987514067046714, 0.29926019378756835, 0.07564426126453586, 0.29522040427742857], [0.3203117730406859, 0.22316995846479626, 0.08044819149823278, 0.3760700769962854], [0.13829912055675858, 0.33803793087653805, 0.2905906631103405, 0.23307228545636327], [0.34623942337848607, 0.25461588964035564, 0.12171457641074125, 0.27743011057041694], [0.17022828844957724, 0.4025110245581083, 0.1966047866449375, 0.23065590034737724], [0.25481704088590423, 0.28245154458046007, 0.1794433437337772, 0.2832880707998587], [0.11412908345220442, 0.2576348395308746, 0.5037951136082777, 0.12444096340864283], [0.4057714759105789, 0.21251063016760163, 0.12136312314295881, 0.26035477077886077], [0.22946012170355862, 0.36465625056966544, 0.17839720574640072, 0.2274864219803752], [0.34304389867036533, 0.2884797440285463, 0.07008303201906808, 0.29839332528202056], [0.21099042791608977, 0.25021485381885344, 0.2436474642182126, 0.2951472540468442], [0.3447631056056811, 0.29058114019729747, 0.06171870382472162, 0.3029370503723001], [0.21370013392888848, 0.2523424627683285, 0.15936141492710723, 0.37459598837567587], [0.3139991793780504, 0.2674381952803879, 0.13544719658011226, 0.28311542876144985], [0.2788736746988496, 0.21092370790246304, 0.20909535245093944, 0.3011072649477481], [0.2653547394629402, 0.2624193050581085, 0.16382858055139754, 0.3083973749275539], [0.3378873922173746, 0.2616258156785331, 0.12093852853703456, 0.27954826356705814], [0.3002734006821385, 0.2760948871220145, 0.08900272095300724, 0.3346289912428397], [0.27831288148354244, 0.3229499801393791, 0.07740377500501522, 0.32133336337206303], [0.1736108682321406, 0.2428283013733406, 0.3617630866138498, 0.2217977437806686], [0.3092799293038004, 0.26426658736856806, 0.16347760432270667, 0.26297587900492453], [0.260091032099968, 0.23361109106215194, 0.22298270448541213, 0.283315172352468], [0.3051150655369236, 0.19198529317029736, 0.12238833146879805, 0.3805113098239812], [0.27916470525288384, 0.3071806401043568, 0.19298400549283287, 0.2206706491499263], [0.21185624129732053, 0.3239821599333252, 0.18948906578262925, 0.2746725329867251], [0.2573493094913145, 0.23114372627854535, 0.2736905286960728, 0.23781643553406737], [0.1947643714639281, 0.3245843783924994, 0.23424243554033686, 0.24640881460323563], [0.21495642499326523, 0.3499977782007771, 0.11259181161702102, 0.3224539851889368], [0.26190857930794986, 0.2693467940466077, 0.20802852172862274, 0.2607161049168199], [0.25053506349051674, 0.24881329236932564, 0.18342603710684705, 0.3172256070333105], [0.18121737627789983, 0.367178570832608, 0.24558650919359074, 0.2060175436959018], [0.19741314610653282, 0.32324738969768857, 0.25985671105613506, 0.2194827531396435], [0.25586084750746907, 0.3395654184406863, 0.13894801617355063, 0.2656257178782938], [0.3671142361732945, 0.16332173612145667, 0.05004520525323501, 0.4195188224520139], [0.23129126537930306, 0.2854154108674158, 0.1888307215513208, 0.2944626022019604], [0.21648796776260334, 0.2696328801867146, 0.22135256428028857, 0.2925265877703937], [0.2003068593609782, 0.37959676566892847, 0.2046974960524946, 0.2153988789175989], [0.30067821788692367, 0.3102066102509798, 0.10003402579023102, 0.2890811460718655], [0.2239072128521087, 0.2645756918505186, 0.18890012753696214, 0.3226169677604106], [0.29487808039186125, 0.39946689252019657, 0.1013175522700584, 0.2043374748178838], [0.20949551111881495, 0.3726617904926145, 0.14346465749269147, 0.2743780408958788], [0.1967806075926374, 0.33125319951955207, 0.2535682583139426, 0.21839793457386797], [0.24945880159816458, 0.23350073685702397, 0.2052709514930368, 0.31176951005177467], [0.22049792784906153, 0.3566966800868199, 0.1003069536018468, 0.3224984384622719], [0.28653121588330266, 0.21623217728847802, 0.12423318216276594, 0.3730034246654535], [0.21342611562175912, 0.2300731779419548, 0.1756578430096718, 0.3808428634266144], [0.2307811469045812, 0.2946145696173629, 0.15759017251317192, 0.3170141109648839], [0.1895230511359103, 0.24390432378266405, 0.2974890009871857, 0.2690836240942397], [0.15486020068691966, 0.2619295194805664, 0.3448651421416084, 0.23834513769090532], [0.22746855118234086, 0.3160327526353948, 0.24240537206302507, 0.2140933241192393], [0.2288812028946314, 0.3745306891921834, 0.15808664333271716, 0.23850146458046836], [0.19517687668334474, 0.22619186929297647, 0.2591812666941664, 0.31944998732951235], [0.20747684694813892, 0.30552249176086005, 0.24452185722005346, 0.24247880407094757], [0.25439641069153474, 0.25171503525292493, 0.19732391085524195, 0.29656464320029813], [0.2686059814556728, 0.256852153210085, 0.1755980707463093, 0.29894379458793313], [0.1932003830973826, 0.2506132947013954, 0.20464937223479432, 0.3515369499664278], [0.27322248742470256, 0.31498138059175096, 0.10312077912691851, 0.30867535285662795], [0.35953632879160213, 0.16060584938040878, 0.09893246081142451, 0.38092536101656455], [0.2113726640745789, 0.29265445316904215, 0.19460721508643178, 0.30136566766994727], [0.30851031826581715, 0.2802401030678882, 0.146514111792589, 0.2647354668737057], [0.23265299662806843, 0.2595965201327171, 0.2563832264744924, 0.2513672567647221], [0.23216573708544344, 0.24210301615915225, 0.2188530500428858, 0.30687819671251837], [0.21101178335412732, 0.257666284164836, 0.3182591406736942, 0.2130627918073426], [0.2728043799458939, 0.25310538444539593, 0.10215896907322534, 0.3719312665354847], [0.2804167253069511, 0.20434542743463846, 0.19380331180722746, 0.32143453545118306], [0.12274405862421527, 0.2817419264945938, 0.2572356246951021, 0.33827839018608885], [0.24104231430646766, 0.2829577080660772, 0.13199026783798593, 0.3440097097894691], [0.2860883684932245, 0.2596083954318086, 0.10786323452099496, 0.34644000155397153], [0.2313230109190674, 0.34515270358015765, 0.15926934195125694, 0.2642549435495183], [0.1338934170037672, 0.2859090860787713, 0.27555702233950763, 0.3046404745779539], [0.2308914807382389, 0.31401246561120405, 0.18287461883175837, 0.2722214348187984], [0.38676609400700784, 0.3173550308184488, 0.04323894871574925, 0.2526399264587942], [0.2503074433448632, 0.2896255160532249, 0.28215413203509204, 0.17791290856681966], [0.24781076755826753, 0.23866750835774017, 0.2067678060356123, 0.30675391804838015], [0.30231724819344213, 0.3440689205845132, 0.0767376450323663, 0.2768761861896784], [0.13451405552786516, 0.190797475449964, 0.3729236412385105, 0.3017648277836606], [0.28900196652620735, 0.2297983676025065, 0.21625197071635407, 0.264947695154932], [0.35386269384007873, 0.29068173571440653, 0.06566602577364933, 0.28978954467186535], [0.3524619419583376, 0.2872254639123647, 0.07349870512484546, 0.28681388900445215], [0.2572394127759811, 0.30774055359876146, 0.1233796360942097, 0.31164039753104794], [0.24724151424320398, 0.3055463442246608, 0.24648689244871858, 0.2007252490834165], [0.24221700234597235, 0.3228145039555433, 0.1956743528547749, 0.23929414084370923], [0.25833623331771605, 0.3357213452186006, 0.15661083968426978, 0.24933158177941325], [0.23368302565473112, 0.27042054819128103, 0.12979921833819988, 0.36609720781578803], [0.2920034976770215, 0.23203649546752636, 0.1344522315470726, 0.34150777530837956], [0.15421616886284312, 0.36252849562129813, 0.24544766980335259, 0.2378076657125063], [0.24366706199540947, 0.24136863530623287, 0.26173555787235125, 0.2532287448260064], [0.2490217785099786, 0.34567006578866416, 0.15095561840687638, 0.25435253729448104], [0.27838071758970145, 0.27655855637635446, 0.16796271947014982, 0.2770980065637941], [0.22462631856198284, 0.32523477198775835, 0.22474782886054062, 0.22539108058971788]]}, "rewritten": {"ids": ["97106591", "97106600", "97106770", "97106820", "97107681", "97108520", "97109570", "98106680", "98110230", "98111231", "98112580", "98113881", "98117740", "99107630", "99108310", "99108460", "99109161", "99110730", "99111000", "99111440", "99112300", "99112840", "99113260", "99120010", "100109311", "100109330", "100110050", "100110260", "100111380", "100111390", "100113210", "101108080", "101108290", "101108460", "101108500", "101108621", "101109370", "101112201", "101114020", "102113350", "102113981", "102116500", "103110100", "103110840", "103111170", "103112470", "103112641", "103120340", "104111620", "104111711", "104111830", "104113170", "104114740", "104116800", "105110091", "105112260", "105113190", "105115570", "105116441", "105116501", "105118740", "105120621", "106112770", "106114011", "106115120", "106115250", "106116441", "106116850", "106117650", "106118820", "106119990", "107113840", "107114780", "107116980", "107117010", "107118120", "107118780", "107120010", "108113740", "108113760", "108114270", "108115500", "108115970", "108116120", "108116481", "108118301", "108119510", "108120280", "108121160", "109114220", "109115211", "109115380", "109117600", "109119450", "109120150", "109121351", "110113591", "110114651", "110115120", "110117110", "110118111", "110118181", "110118740", "110118930", "111114321", "111114941", "111115400", "111115620", "111115770", "111119300", "111119340", "111119430", "111121190", "112116540", "112116810", "112116990", "112117780", "112118161", "112118511", "112118701", "112119450", "112119610", "112119930", "112119980", "112120670", "112120700", "112121030", "112121351", "112121410", "113117630", "113118231", "113118490", "113118620", "113118810", "113119340", "113119360", "113119700", "113120540", "113120601", "113121010", "113122120", "113122230"], "labels": [1, 3, 3, 1, 3, 2, 0, 1, 3, 1, 2, 3, 2, 2, 2, 0, 3, 3, 2, 3, 0, 2, 0, 2, 1, 0, 3, 3, 3, 2, 0, 0, 0, 0, 3, 0, 1, 0, 3, 3, 1, 1, 1, 1, 2, 1, 3, 1, 0, 1, 3, 3, 2, 1, 0, 3, 3, 0, 1, 1, 1, 1, 1, 1, 1, 2, 0, 3, 1, 3, 0, 3, 2, 3, 1, 3, 1, 1, 3, 1, 3, 3, 2, 1, 0, 1, 1, 3, 2, 3, 0, 3, 1, 3, 2, 0, 0, 3, 0, 0, 1, 1, 3, 1, 1, 0, 0, 1, 3, 1, 3, 3, 1, 1, 3, 0, 0, 0, 1, 0, 3, 0, 1, 0, 2, 2, 0, 0, 0, 0, 3, 1, 3, 3, 0, 0, 0, 3, 2, 2, 1, 1], "predicted_labels": [2, 0, 3, 3, 1, 1, 0, 1, 1, 0, 3, 1, 1, 3, 1, 1, 1, 2, 3, 0, 3, 1, 2, 1, 0, 0, 2, 3, 1, 1, 1, 1, 1, 3, 3, 0, 1, 0, 1, 1, 3, 3, 1, 1, 0, 2, 3, 3, 0, 3, 1, 1, 1, 3, 1, 1, 3, 3, 1, 1, 3, 0, 3, 1, 0, 1, 1, 2, 3, 1, 1, 1, 1, 0, 1, 3, 3, 3, 3, 3, 1, 0, 3, 0, 0, 3, 3, 0, 3, 3, 3, 1, 3, 3, 3, 0, 0, 3, 3, 1, 3, 1, 3, 1, 3, 1, 3, 3, 0, 1, 3, 3, 0, 3, 3, 3, 3, 1, 3, 3, 1, 1, 3, 1, 3, 1, 3, 1, 0, 1, 3, 3, 1, 1, 3, 3, 1, 1, 3, 1, 1, 2], "confidence_scores": [[0.15318842735487082, 0.28062053254124286, 0.40172488645320886, 0.16446615365067738], [0.28895403798243924, 0.262001111850162, 0.17204120187562913, 0.2770036482917695], [0.23209158075183814, 0.19570460910464355, 0.3060725063081984, 0.26613130383531974], [0.21494710033373668, 0.24931800572424123, 0.2394437530097278, 0.29629114093229414], [0.29005268181313926, 0.30871881057118367, 0.16807376642251148, 0.2331547411931655], [0.2000276100434594, 0.3121549138283039, 0.26369546377712405, 0.22412201235111281], [0.31917082475193687, 0.21627518994064793, 0.22525003360755913, 0.23930395169985608], [0.22354188539341943, 0.27568204783713185, 0.2902412415952575, 0.21053482517419145], [0.24815631784210831, 0.3384517100876459, 0.1477183644810238, 0.2656736075892215], [0.38704055679667837, 0.23549836083623735, 0.10942365423906553, 0.26803742812801906], [0.20107272706250684, 0.2388531717369139, 0.28662817854003225, 0.27344592266054696], [0.1523081548138753, 0.314739058439458, 0.33041915021133766, 0.20253363653532927], [0.13867423283182068, 0.3537411234632281, 0.28159583415415174, 0.22598880955079964], [0.2667516211276121, 0.21691442241412853, 0.19629079845019282, 0.3200431580080664], [0.218282698768438, 0.31024559326833157, 0.27243175376619083, 0.19903995419703943], [0.2791936349121408, 0.30532426327085155, 0.14962831022487397, 0.26585379159213385], [0.2174386570420266, 0.28695343242321963, 0.2891528161741537, 0.20645509436060028], [0.13795617642910052, 0.19565248142704247, 0.4386476589558244, 0.2277436831880325], [0.1577298947283346, 0.2447824362395103, 0.27266914629376887, 0.3248185227383862], [0.2977418097344686, 0.2840285651919215, 0.1206644654157317, 0.29756515965787805], [0.2635591594605479, 0.20997870968736382, 0.21432208899216723, 0.3121400418599212], [0.16110595809736952, 0.28007487245721074, 0.33569507519936187, 0.22312409424605772], [0.12509570153884167, 0.22528863572367963, 0.42782339625877747, 0.22179226647870118], [0.23524941877022487, 0.28586551403764066, 0.23009433648328126, 0.24879073070885344], [0.3404308976197106, 0.32433251137062663, 0.06738730755161382, 0.2678492834580488], [0.3396473333646038, 0.3008141797719277, 0.1397365773428332, 0.2198019095206354], [0.1465109648010707, 0.2664972191403244, 0.3795396772685661, 0.20745213879003904], [0.32269092435145214, 0.21437456945465938, 0.11980176078925027, 0.34313274540463834], [0.24438036006113528, 0.28362347917596664, 0.2930838041321556, 0.17891235663074245], [0.24836399354613958, 0.28103817877792586, 0.2128485176271937, 0.257749310048741], [0.2093628851409289, 0.2965139223234851, 0.2039446547737409, 0.2901785377618451], [0.26635650449535986, 0.3048426142191172, 0.18179282035790753, 0.24700806092761554], [0.2393806271880276, 0.32117417592581365, 0.16368248987614317, 0.2757627070100154], [0.2857278258876701, 0.22411560678398693, 0.12442237296215262, 0.36573419436619037], [0.14455603777852288, 0.19156476376691786, 0.3220763726379156, 0.3418028258166435], [0.32590054286810494, 0.2542890770462881, 0.10789904705129902, 0.31191133303430774], [0.1875081789739433, 0.3063426852554617, 0.3015402126706513, 0.20460892309994377], [0.3197268012111658, 0.3027590185690035, 0.08595284389977564, 0.29156133632005476], [0.2687861202933024, 0.334341562245167, 0.12140570858614318, 0.27546660887538754], [0.1864073674048697, 0.3240284289823328, 0.1861587051114858, 0.30340549850131165], [0.2349698547734686, 0.2553239538486388, 0.22684067513967685, 0.2828655162382157], [0.21014146267062403, 0.2677133388302959, 0.2162736929180717, 0.3058715055810082], [0.18181820400840218, 0.339800754152974, 0.283543343503432, 0.19483769833519157], [0.240012578905393, 0.3219928305570262, 0.19835540057394968, 0.23963918996363118], [0.3043650812789242, 0.26915396300692335, 0.17636268017889958, 0.2501182755352526], [0.22692527026509024, 0.21602973300237036, 0.3627393809672588, 0.19430561576528074], [0.25669212558770005, 0.2578070082284786, 0.20515336170587117, 0.2803475044779501], [0.22008871809641628, 0.25431977698569574, 0.2715201085507043, 0.2540713963671838], [0.4047430481633518, 0.2660688451268042, 0.03804569026730109, 0.2911424164425427], [0.20263853060341086, 0.2546282004623115, 0.28000886024142596, 0.26272440869285163], [0.1593460275924167, 0.40465117155364505, 0.11142563924376189, 0.3245771616101763], [0.18846481623647823, 0.3652314282239433, 0.16421088955907492, 0.28209286598050354], [0.17485259133804457, 0.3095074177555831, 0.2833163933431771, 0.23232359756319523], [0.1987323952328483, 0.3108451120471624, 0.1425829519744475, 0.3478395407455417], [0.26469296811625054, 0.30313036937274773, 0.13430245835495527, 0.2978742041560466], [0.19147056621765074, 0.3729577643007589, 0.1594985661585382, 0.27607310332305207], [0.25079861839687145, 0.2137339114984596, 0.19585625407919863, 0.33961121602547034], [0.11398176603435342, 0.2885459950583571, 0.30079728557574464, 0.2966749533315447], [0.1665078250619279, 0.3399375113843384, 0.19411128098019992, 0.2994433825735337], [0.188020159231776, 0.3141879990079651, 0.2392637588266628, 0.2585280829335961], [0.13718753382826698, 0.3011286449083004, 0.27727788676088405, 0.2844059345025483], [0.3811736937244215, 0.2516069212995052, 0.04126870433642055, 0.32595068063965277], [0.18396588234481542, 0.2639149847620686, 0.2255195289750582, 0.32659960391805787], [0.18104521894875378, 0.3260861790500966, 0.2531009033773858, 0.2397676986237639], [0.3502816005388571, 0.2887840736467853, 0.061899504921500946, 0.2990348208928568], [0.13022509863807935, 0.349435606385556, 0.24753443469661018, 0.2728048602797546], [0.17937392944049002, 0.3747381726413031, 0.15176053829818392, 0.29412735962002295], [0.08122711735368969, 0.2578832620655178, 0.5472494581213351, 0.11364016245945757], [0.20732670272093756, 0.27360112034975465, 0.22806327841005639, 0.2910088985192514], [0.17169774748645192, 0.33663373122713536, 0.2308652064936176, 0.26080331479279517], [0.2562338295233141, 0.2699928891686823, 0.26629214384019984, 0.20748113746780378], [0.2884333107994835, 0.357201474742919, 0.15688419109703663, 0.19748102336056128], [0.141937154428884, 0.32582415444614693, 0.29397344438434947, 0.2382652467406192], [0.3648700745081584, 0.3141571717672973, 0.028775187349603045, 0.29219756637494126], [0.217062248031143, 0.3317636452883956, 0.24572340038404322, 0.2054507062964184], [0.29246238317113094, 0.2795870302669683, 0.09292239672151652, 0.335028189840384], [0.2491367579800548, 0.2698126048182848, 0.13276582797214856, 0.3482848092295121], [0.19140216761444878, 0.21867829645735967, 0.23941622350239203, 0.35050331242579946], [0.24288949583920735, 0.22258668386141614, 0.2143484348924885, 0.32017538540688806], [0.1491381473534771, 0.2615683965829032, 0.2937506617150126, 0.29554279434860664], [0.17299727390579514, 0.36310785831485953, 0.12227648930497383, 0.3416183784743717], [0.27282243825581276, 0.2637674295875631, 0.2447454785736639, 0.21866465358296033], [0.26321867867003174, 0.2645124312543112, 0.1643310882169628, 0.3079378018586942], [0.3889354303205619, 0.20520950385721792, 0.13538380631194008, 0.27047125951028056], [0.3397673766518663, 0.22266805931655215, 0.11136111283459828, 0.3262034511969833], [0.1911557183586221, 0.2736765117028342, 0.21546063420751266, 0.319707135731031], [0.27340793407114483, 0.2803314533266479, 0.10066371131717845, 0.3455969012850289], [0.3604883818189668, 0.15650495469677764, 0.10629763870571736, 0.3767090247785384], [0.19712278549281595, 0.31035926616926807, 0.12761415062943005, 0.3649037977084859], [0.27745606473463996, 0.23368670195615382, 0.0958150357448652, 0.3930421975643409], [0.16024073670917166, 0.24586489244133744, 0.2030738494416808, 0.3908205214078105], [0.11009096025262928, 0.38497471254190246, 0.19592282665391453, 0.30901150055155396], [0.2114742658596022, 0.24768045608237174, 0.22665507132227233, 0.31419020673575354], [0.13151398457329497, 0.2649635542335285, 0.2815016155196793, 0.3220208456734975], [0.22389010534385292, 0.22084865653151042, 0.2644771255406924, 0.2907841125839442], [0.32943001000278455, 0.24557997729269057, 0.15573646661717994, 0.2692535460873448], [0.3484584079623431, 0.23896638593965594, 0.11687780826294344, 0.2956973978350575], [0.30808114206069476, 0.2092833868070129, 0.10862411833726485, 0.37401135279502723], [0.21666289293450933, 0.25104182184674206, 0.22572368631871825, 0.3065715989000303], [0.2222457050700073, 0.32887395542023545, 0.25163044764716674, 0.19724989186259034], [0.273601429105042, 0.26420543954853704, 0.15726151809493144, 0.3049316132514896], [0.21345483352177022, 0.2725888184128605, 0.2805209692665205, 0.23343537879884868], [0.2602404897558155, 0.22493634001899004, 0.13912804606622045, 0.3756951241589743], [0.13047771557154467, 0.3672514670365961, 0.21255844199575977, 0.2897123753960997], [0.24820098958515024, 0.27851505275744376, 0.12460040932028728, 0.34868354833711906], [0.2324173120857272, 0.3373207298856461, 0.1250166107728543, 0.30524534725577235], [0.2527419570060362, 0.234444610265715, 0.20588021212073765, 0.30693322060751105], [0.26703518830316714, 0.2131432738977767, 0.1498271773923797, 0.36999436040667644], [0.3300370459839552, 0.27102653386548364, 0.092308774813011, 0.3066276453375502], [0.15517948014643046, 0.3375611746903608, 0.21383645419018787, 0.29342289097302093], [0.2040278137028139, 0.2139871401911489, 0.21863580682439232, 0.363349239281645], [0.159985114964267, 0.26907838133154366, 0.17449040164094523, 0.3964461020632444], [0.31091480573680685, 0.23994221446703848, 0.13774649827436886, 0.31139648152178584], [0.20261473347388914, 0.2858736807356679, 0.1788304813405018, 0.33268110444994115], [0.19780791532639314, 0.2189393498883114, 0.33385709591152296, 0.24939563887377267], [0.18382790806440838, 0.19245178356003942, 0.3291175543127674, 0.2946027540627846], [0.2672822489403921, 0.24834038190784694, 0.1796422648108749, 0.3047351043408862], [0.2913954034417535, 0.2963991025881968, 0.1421907973884089, 0.27001469658164057], [0.17451120051157398, 0.2945308533529313, 0.19099288177211018, 0.3399650643633846], [0.22976985388370785, 0.31196993077063695, 0.08127752060675907, 0.37698269473889595], [0.30811397293956494, 0.3021657644456612, 0.08329857280365585, 0.3064216898111181], [0.0865989214921235, 0.31614509175752464, 0.34375074134006245, 0.25350524541028946], [0.16280789405717844, 0.23249741255415907, 0.3424643083304703, 0.2622303850581918], [0.2907657637889799, 0.35822471745558954, 0.09316427024204298, 0.25784524851338775], [0.12820706113456676, 0.28496286190081194, 0.26908630055187016, 0.3177437764127515], [0.1500748884904763, 0.34037924795424745, 0.2368080300647217, 0.2727378334905547], [0.2914421319970672, 0.21843531986995754, 0.11572221683283021, 0.3744003313001449], [0.21664839629454766, 0.2946569921214223, 0.23297918731124218, 0.2557154242727877], [0.28543820074841614, 0.27150255456835687, 0.16012819546335996, 0.28293104921986695], [0.2477194510469474, 0.27220356023671255, 0.26485990003636545, 0.21521708867997466], [0.11710301483393029, 0.31134901761551287, 0.21049287402199354, 0.3610550935285633], [0.21130906964811005, 0.18371965441770222, 0.13277414807617444, 0.472197127858013], [0.16612539307106866, 0.3364546400425429, 0.1724674365185952, 0.32495253036779326], [0.2131877131097929, 0.3367257266494961, 0.17467157269913902, 0.2754149875415721], [0.27374041147972816, 0.25748586954316294, 0.12349851068525268, 0.3452752082918561], [0.24462313061116564, 0.2840031712912115, 0.16604361658074118, 0.30533008151688135], [0.2374651090368402, 0.3529022990010459, 0.12300371231269482, 0.28662887964941897], [0.22691119590449185, 0.3063462799727879, 0.17220337404590447, 0.2945391500768161], [0.12936355859298487, 0.22530399496398548, 0.34517122150903834, 0.30016122493399144], [0.12400682067742345, 0.3787549867266742, 0.27407850985804744, 0.22315968273785503], [0.17708578888591628, 0.32550337047779554, 0.19394207623332216, 0.30346876440296605], [0.12571859219239145, 0.269767950728461, 0.3741427470878088, 0.23037070999133885]]}}