{"test": {"ids": ["97112830", "113121010", "101110200", "101115190", "111116290", "104116441", "109116170", "102110500", "105118171", "98110680", "102121700", "111116170", "106119260", "112119580", "110121720", "113118690", "107113550", "113119360", "111121930", "111117480", "99109161", "102118380", "99116500", "99108890", "102110690", "100108490", "104113550", "97113900", "110120531", "109120560", "113119300", "104111550", "105119550", "113121750", "107114780", "104113210", "111115620", "111120320", "110118930", "110115580", "109120540", "112118890", "98108580", "100111620", "99108310", "104111380", "111118910", "106120290", "108114040", "102110750", "112116810", "113119700", "110115890", "97118210", "97116800", "98106880", "110118880", "99113260", "103111480", "108121190", "109115070", "113122320", "102112250", "113122430", "97110950", "106118820", "108117610", "104113240", "109116930", "103111620", "108113480", "110114950", "112117431", "110114651", "107121700", "104111531", "109119340", "111117120", "109116750", "109121351", "112116501", "103118110", "109117431", "99108710", "112117580", "107120260", "105110251", "109116040", "102110890", "111121220", "105117431", "109119460", "111116530", "111116100", "113118820", "112119950", "108118060", "104118070", "111114171", "106121220", "105121190", "103111540", "110114561", "102114270", "108120060", "112119320", "98106560", "112119500", "108118630", "108120621", "106116370", "111117200", "106114150", "112117790", "103120730", "108117720", "104111711", "108116070", "104116980", "102109010", "112117210", "102116340", "111119300", "98109090", "101109000", "112121010", "106113190", "111120540", "108113700", "97112300", "104119340", "101108950", "98106111", "106114280", "103110760", "113120751", "99111440", "97109080", "108115970", "112118930", "97111790", "98110810"], "labels": [2, 2, 2, 1, 2, 1, 0, 3, 3, 2, 1, 0, 1, 3, 3, 3, 0, 0, 1, 1, 3, 1, 2, 0, 0, 2, 1, 2, 0, 1, 1, 1, 1, 0, 2, 3, 1, 1, 1, 1, 1, 3, 0, 3, 2, 3, 0, 2, 0, 1, 3, 0, 2, 2, 0, 0, 0, 0, 0, 1, 0, 1, 0, 2, 3, 3, 3, 2, 0, 0, 0, 0, 0, 3, 3, 0, 3, 2, 0, 0, 3, 2, 1, 2, 0, 1, 0, 0, 0, 3, 1, 1, 3, 3, 0, 0, 1, 2, 3, 1, 2, 1, 0, 3, 1, 1, 1, 2, 1, 1, 2, 0, 1, 3, 1, 1, 1, 1, 1, 1, 1, 3, 1, 1, 1, 2, 0, 1, 0, 2, 1, 2, 0, 3, 1, 1, 3, 2, 2, 1, 2, 1], "predicted_labels": [3, 3, 3, 3, 3, 3, 3, 0, 1, 0, 3, 1, 3, 3, 3, 0, 3, 3, 3, 1, 0, 3, 3, 1, 1, 3, 1, 3, 0, 3, 3, 1, 1, 0, 1, 0, 3, 0, 3, 3, 1, 1, 1, 1, 0, 1, 3, 1, 3, 2, 0, 3, 1, 3, 0, 2, 3, 2, 3, 3, 2, 0, 0, 1, 0, 3, 1, 3, 1, 2, 3, 0, 3, 3, 3, 0, 3, 1, 0, 3, 3, 1, 0, 0, 3, 3, 1, 2, 3, 3, 3, 1, 0, 0, 3, 0, 2, 1, 1, 3, 0, 3, 0, 0, 1, 2, 1, 3, 3, 0, 1, 2, 3, 0, 3, 0, 3, 3, 3, 3, 3, 3, 3, 2, 1, 1, 0, 3, 3, 0, 1, 1, 3, 0, 3, 3, 0, 3, 3, 0, 0, 1], "confidence_scores": [[0.26769707691764316, 0.2444897887447534, 0.21359924555861076, 0.2742138887789927], [0.28110420667010994, 0.28828064157655764, 0.09700180047953141, 0.3336133512738011], [0.27362852707439206, 0.23500063203795463, 0.19393981305135044, 0.2974310278363028], [0.2926068003294012, 0.272998344480799, 0.12328268711471531, 0.31111216807508446], [0.18849588993970032, 0.31248668009023195, 0.12262661186183789, 0.3763908181082299], [0.2183251615314057, 0.28251104810976085, 0.18522986647568696, 0.31393392388314667], [0.2358089539821526, 0.2196375385222612, 0.15201477509875644, 0.3925387323968296], [0.30887350104482414, 0.2682262749328649, 0.1235516692778492, 0.2993485547444617], [0.23278045138927636, 0.34944305312387575, 0.24734593732126364, 0.1704305581655841], [0.37910606084710247, 0.21477320229178323, 0.18390838777572308, 0.22221234908539136], [0.09501666612503414, 0.18419804513200075, 0.09556048702081932, 0.6252248017221459], [0.2478184904036122, 0.35631285846395755, 0.11926110510537301, 0.2766075460270574], [0.24512744691521818, 0.22452676601420432, 0.12088849792795911, 0.40945728914261836], [0.32307126076610276, 0.1785425033760772, 0.1375604578452286, 0.3608257780125916], [0.21621715980612363, 0.2083909288161189, 0.17738121620291983, 0.3980106951748377], [0.29332173276114404, 0.2865098440921894, 0.12946379454142884, 0.29070462860523777], [0.17728614459035208, 0.13040486478446026, 0.1300649075873101, 0.5622440830378778], [0.17448059885649037, 0.21862637110140778, 0.24543669547663632, 0.36145633456546583], [0.22160113470169138, 0.28396772710542606, 0.1712883416734452, 0.32314279651943745], [0.13848310002614314, 0.5653608336795369, 0.07356689267792992, 0.22258917361639022], [0.39685071074522865, 0.25730484901098033, 0.1460205363646838, 0.19982390387910706], [0.184711307081107, 0.2369387808847771, 0.18566196867592188, 0.392687943358194], [0.17900836871040707, 0.24666894791342187, 0.27880791915942554, 0.29551476421674555], [0.2831074451567628, 0.3406246801102786, 0.12965754702828908, 0.24661032770466954], [0.20898409458421507, 0.33452842388885756, 0.1554244066187325, 0.3010630749081949], [0.16143187880036025, 0.2896302023097021, 0.13611551284788453, 0.412822406042053], [0.20445604349312277, 0.38944424855458, 0.11644767613386425, 0.28965203181843296], [0.16172301701440203, 0.19366054896280566, 0.1308532178583552, 0.5137632161644371], [0.31881130969441285, 0.29305405877710433, 0.11454948182169898, 0.2735851497067839], [0.2472164337520484, 0.16824209577684374, 0.149226782505801, 0.435314687965307], [0.16996589557190642, 0.1512671809334122, 0.10917331054638146, 0.5695936129482998], [0.15358660115047307, 0.3542295621602998, 0.19760270252382248, 0.29458113416540466], [0.17721756397195715, 0.34883997749853113, 0.2122943500028168, 0.26164810852669507], [0.3362959790851718, 0.22697065451488035, 0.17824095283586622, 0.25849241356408165], [0.1396560286810498, 0.40749887584710887, 0.15325539092173382, 0.29958970455010764], [0.3248398061586767, 0.3108171649604473, 0.12711076423890436, 0.23723226464197175], [0.2841931749797643, 0.23873071826255124, 0.1667662406586328, 0.3103098660990517], [0.27432540914612824, 0.2523961950567802, 0.209667685398352, 0.26361071039873957], [0.2494769358068084, 0.24301238242659373, 0.11748486606247886, 0.39002581570411904], [0.23015933757392987, 0.19343662047132537, 0.17693907480353738, 0.3994649671512076], [0.2503812100589993, 0.47633390374249573, 0.08283597899193298, 0.1904489072065721], [0.2026836956597608, 0.3016266260089871, 0.20256384878755487, 0.2931258295436973], [0.2391194619480379, 0.31495749882429835, 0.17089125323497223, 0.2750317859926917], [0.2648973845065871, 0.3111186597188827, 0.16229981720982414, 0.2616841385647061], [0.45999732785124076, 0.17755781574121157, 0.17665873681829797, 0.18578611958924973], [0.2525114441645172, 0.37951590994191137, 0.13148267564251814, 0.2364899702510532], [0.1917134072661322, 0.279998797851501, 0.202603080572302, 0.3256847143100649], [0.2098481605575339, 0.30860951230845607, 0.2998563110344035, 0.18168601609960663], [0.2060578323133012, 0.29143609462853254, 0.15234678859849918, 0.35015928445966715], [0.24437985571695686, 0.18262154983640186, 0.35552188146338365, 0.2174767129832578], [0.3874572595910433, 0.2998085583907063, 0.10475280984626055, 0.20798137217198998], [0.1787063610049049, 0.21511205120023527, 0.18542234353662157, 0.4207592442582383], [0.16535450738824387, 0.4688189601378521, 0.12627808644143826, 0.23954844603246572], [0.23482632482163276, 0.23235179291715516, 0.2083218965663321, 0.32449998569488], [0.3607487582914672, 0.2899544096098404, 0.13007770476246378, 0.2192191273362287], [0.12265420941325826, 0.27610979778291167, 0.41002839518875084, 0.19120759761507938], [0.2448805723394439, 0.25298258847001015, 0.15149018211103918, 0.3506466570795066], [0.24184165608654787, 0.23095775855584416, 0.32032040572691844, 0.20688017963068958], [0.14151037115536383, 0.11820835327744274, 0.08811126881874401, 0.6521700067484495], [0.2117895320539523, 0.26287419799897843, 0.25505252113285565, 0.27028374881421374], [0.1303597327456152, 0.17742811261123276, 0.4588499158588942, 0.23336223878425794], [0.33151582907258353, 0.27981142013563237, 0.07883955759286056, 0.30983319319892355], [0.29561406121959977, 0.29533086260289243, 0.19352831187805822, 0.2155267642994496], [0.18546728378735225, 0.4353412558095607, 0.1217773391792786, 0.25741412122380836], [0.3887081199699488, 0.17482195429371652, 0.23647372144481868, 0.199996204291516], [0.2497749113383429, 0.16294287540578167, 0.18826922708978086, 0.3990129861660946], [0.253604643499737, 0.4229440310259118, 0.1004354801723642, 0.223015845301987], [0.2284097854655804, 0.2375944427167173, 0.1606627670498424, 0.37333300476785997], [0.17741715981796155, 0.3653216159432636, 0.14092259613673758, 0.31633862810203733], [0.20172093025964888, 0.20007881193557334, 0.3476215973474535, 0.2505786604573242], [0.13159441067479072, 0.30982677301248623, 0.13406469958888062, 0.4245141167238424], [0.3050011094244492, 0.2942005326131813, 0.13138413527306636, 0.2694142226893031], [0.23756047185997056, 0.22524270951285555, 0.1128705133484456, 0.42432630527872817], [0.2471446633232629, 0.11409484818182454, 0.13422377480945016, 0.5045367136854624], [0.10338141338740273, 0.32233097682336853, 0.22185515550876625, 0.35243245428046277], [0.3468813949370972, 0.2719839119293226, 0.12661216885877608, 0.2545225242748043], [0.09822305155569579, 0.22579766635135823, 0.18004183446938096, 0.495937447623565], [0.175569764295541, 0.37489375310495954, 0.16065561520625216, 0.28888086739324725], [0.3744426183306719, 0.26349802832855995, 0.13028153843472234, 0.2317778149060458], [0.2866727251203497, 0.20800129909540155, 0.17563076227051708, 0.32969521351373166], [0.31643116571306823, 0.23162643117151774, 0.13053358556427075, 0.3214088175511435], [0.2962412767795365, 0.33696390569977813, 0.18998045626944352, 0.1768143612512419], [0.4813192036054023, 0.16877563414909266, 0.14677719919808763, 0.20312796304741743], [0.2776678937658567, 0.2600060301434326, 0.18824739885735775, 0.2740786772333529], [0.1939613836103305, 0.2427211379987233, 0.13605508728196966, 0.4272623911089764], [0.2986733755861769, 0.1915674572583331, 0.20991660071022947, 0.2998425664452605], [0.233683564346322, 0.4037972207680086, 0.14813662128115154, 0.2143825936045178], [0.1265502982210944, 0.2264754028652629, 0.4799839549447747, 0.16699034396886814], [0.15915921668641217, 0.3725961195153033, 0.09243797311449434, 0.37580669068379025], [0.27766760931215423, 0.24626863121827539, 0.12088959814206726, 0.3551741613275034], [0.3167954323749453, 0.1455249351346101, 0.1618487463078944, 0.3758308861825502], [0.22975521203895943, 0.3025579398081774, 0.1798404476066596, 0.28784640054620353], [0.3312480313323064, 0.30026071984952957, 0.17542736356374933, 0.1930638852544147], [0.36513741357842605, 0.28278615333390267, 0.10334367410044626, 0.2487327589872251], [0.29132926424255073, 0.13305457045281416, 0.19254762986231205, 0.38306853544232283], [0.5603702672077885, 0.11418216506404895, 0.15710388618906684, 0.1683436815390958], [0.18270924688989476, 0.24791936278070043, 0.3049440108775446, 0.26442737945186034], [0.1105405182947431, 0.49910250915590537, 0.11068473095892173, 0.2796722415904299], [0.26921001886341434, 0.35344099906443827, 0.11161768048320034, 0.26573130158894703], [0.14311952249750703, 0.3362390089940635, 0.1319510538863241, 0.38869041462210535], [0.341689774012263, 0.27705364649840797, 0.14307453835078854, 0.23818204113854055], [0.2389546360002508, 0.27235852114347686, 0.15293692456252644, 0.33574991829374595], [0.4378901338860774, 0.1710881469913384, 0.11681142091868761, 0.27421029820389653], [0.29574610690502634, 0.26656405827390345, 0.14202202026349584, 0.2956678145575743], [0.1307338094790461, 0.4844143127332137, 0.15500603232402244, 0.22984584546371795], [0.15903166522920864, 0.19786633345646415, 0.3523922617634216, 0.29070973955090573], [0.16675603938197997, 0.4407335028482241, 0.1523479022283596, 0.24016255554143628], [0.23669515065763513, 0.20425977536352025, 0.25903316734147036, 0.30001190663737426], [0.2739840415125335, 0.2308917382538675, 0.14031246909463202, 0.3548117511389672], [0.5217927781019484, 0.17461745796535486, 0.11108313564951575, 0.1925066282831811], [0.14584703521925027, 0.4416331706350328, 0.10929974352712878, 0.3032200506185881], [0.23615921305690088, 0.1944914275394463, 0.33219548468988946, 0.2371538747137636], [0.26309736082162577, 0.2838420556212965, 0.1430635396667534, 0.3099970438903245], [0.4435498382601024, 0.3116556617937602, 0.08040708463889445, 0.16438741530724293], [0.22449038497798665, 0.17658234412241305, 0.15561809556244097, 0.4433091753371594], [0.31820126582131025, 0.22813566896290502, 0.17391120099779295, 0.27975186421799186], [0.15533984894756736, 0.2326265753154795, 0.10060087513458589, 0.5114327006023672], [0.2105718604521583, 0.2630983007173984, 0.1824088525450601, 0.3439209862853832], [0.23026088156374805, 0.25540959303213107, 0.24850411520850305, 0.26582541019561784], [0.1394771483966673, 0.23506348127151, 0.15927604582877036, 0.46618332450305233], [0.17583521844391098, 0.3035895916269759, 0.164432785286639, 0.3561424046424742], [0.06769418685051494, 0.16650958259739593, 0.09955194011881983, 0.6662442904332694], [0.24274099181339387, 0.2989941063483961, 0.14300213440914922, 0.3152627674290609], [0.2459259903505861, 0.2310808617017621, 0.2624842199455576, 0.26050892800209424], [0.20512448694059313, 0.3985417688746694, 0.22932701239339806, 0.16700673179133937], [0.20417610660079932, 0.33797105809208294, 0.18141743090805668, 0.2764354043990611], [0.3373587245145989, 0.2769515835472077, 0.19866809792696732, 0.18702159401122614], [0.28474538997634075, 0.24695654015371968, 0.15407577391193275, 0.314222295958007], [0.17709371287874362, 0.27757697265903664, 0.21510107198810163, 0.3302282424741183], [0.28586539465897165, 0.19917600192905333, 0.2581437324007351, 0.2568148710112398], [0.10202623103171007, 0.7074526365684312, 0.06807395964538325, 0.1224471727544755], [0.27030421476506156, 0.3162260926984687, 0.15417645128322688, 0.25929324125324305], [0.17128857486457225, 0.28970980544407604, 0.09525766862926703, 0.44374395106208464], [0.3383718526882688, 0.23959869380489002, 0.19414210950047292, 0.22788734400636815], [0.2069418424577893, 0.25084378580777517, 0.23660395363489475, 0.30561041809954087], [0.31215852306020564, 0.20298944975510563, 0.15604225569511856, 0.32880977148957014], [0.4138948747855667, 0.2457707752621396, 0.1499505562135757, 0.19038379373871805], [0.14880862585130758, 0.30885751758286756, 0.18941436142584014, 0.352919495139985], [0.15140250662288793, 0.24195881793133273, 0.2092053272169777, 0.3974333482288016], [0.7325787555838799, 0.0911508773519744, 0.05925163465012668, 0.11701873241401926], [0.5202781673374228, 0.1572579529538523, 0.09522982682254567, 0.2272340528861792], [0.2199923042958025, 0.3882594316323211, 0.15937344274164528, 0.23237482133023105]]}, "rewritten": {"ids": ["97109080", "97110950", "97111790", "97112300", "97112830", "97113900", "97116800", "97118210", "98106111", "98106560", "98106880", "98108580", "98109090", "98110680", "98110810", "99108310", "99108710", "99108890", "99109161", "99111440", "99113260", "99116500", "100108490", "100111620", "101108950", "101109000", "101110200", "101115190", "102109010", "102110500", "102110690", "102110750", "102110890", "102112250", "102114270", "102116340", "102118380", "102121700", "103110760", "103111480", "103111540", "103111620", "103118110", "103120730", "104111380", "104111531", "104111550", "104111711", "104113210", "104113240", "104113550", "104116441", "104116980", "104118070", "104119340", "105110251", "105117431", "105118171", "105119550", "105121190", "106113190", "106114150", "106114280", "106116370", "106118820", "106119260", "106120290", "106121220", "107113550", "107114780", "107120260", "107121700", "108113480", "108113700", "108114040", "108115970", "108116070", "108117610", "108117720", "108118060", "108118630", "108120060", "108120621", "108121190", "109115070", "109116040", "109116170", "109116750", "109116930", "109117431", "109119340", "109119460", "109120540", "109120560", "109121351", "110114561", "110114651", "110114950", "110115580", "110115890", "110118880", "110118930", "110120531", "110121720", "111114171", "111115620", "111116100", "111116170", "111116290", "111116530", "111117120", "111117200", "111117480", "111118910", "111119300", "111120320", "111120540", "111121220", "111121930", "112116501", "112116810", "112117210", "112117431", "112117580", "112117790", "112118890", "112118930", "112119320", "112119500", "112119580", "112119950", "112121010", "113118690", "113118820", "113119300", "113119360", "113119700", "113120751", "113121010", "113121750", "113122320", "113122430"], "labels": [2, 3, 2, 2, 2, 2, 0, 2, 0, 1, 0, 0, 1, 2, 1, 2, 2, 0, 3, 3, 0, 2, 2, 3, 2, 1, 2, 1, 1, 3, 0, 1, 0, 0, 3, 3, 1, 1, 1, 0, 1, 0, 2, 1, 3, 0, 1, 1, 3, 2, 1, 1, 1, 2, 1, 0, 1, 3, 1, 2, 0, 1, 3, 2, 3, 1, 2, 1, 0, 2, 1, 3, 0, 0, 0, 2, 1, 3, 1, 1, 1, 1, 1, 1, 0, 0, 0, 0, 0, 1, 3, 1, 1, 1, 0, 0, 3, 0, 1, 2, 0, 1, 0, 3, 3, 1, 3, 0, 2, 3, 2, 0, 1, 0, 1, 1, 1, 3, 1, 3, 3, 1, 0, 0, 3, 3, 1, 1, 2, 3, 0, 2, 3, 0, 1, 0, 0, 1, 2, 0, 1, 2], "predicted_labels": [1, 0, 0, 1, 3, 3, 0, 2, 0, 1, 2, 3, 2, 2, 3, 3, 3, 1, 0, 0, 2, 1, 3, 3, 1, 1, 2, 1, 3, 1, 3, 2, 3, 0, 3, 3, 3, 3, 1, 3, 3, 3, 0, 0, 1, 0, 3, 3, 3, 3, 0, 3, 3, 3, 1, 1, 3, 3, 1, 0, 2, 3, 0, 3, 3, 3, 2, 1, 3, 1, 2, 3, 3, 1, 3, 3, 1, 1, 0, 3, 3, 1, 0, 3, 1, 1, 3, 3, 3, 0, 3, 0, 1, 0, 3, 0, 3, 0, 3, 1, 3, 1, 0, 3, 1, 3, 0, 1, 1, 1, 1, 3, 3, 3, 3, 1, 1, 3, 3, 3, 1, 3, 3, 3, 0, 1, 1, 2, 3, 3, 0, 0, 3, 0, 3, 3, 3, 0, 3, 0, 0, 1], "confidence_scores": [[0.1731473324385893, 0.35603285315653854, 0.19695393621791762, 0.2738658781869547], [0.36803293513261925, 0.1925486407874109, 0.17021721747017932, 0.2692012066097905], [0.5307414310173867, 0.15185244851557056, 0.11020284927860681, 0.20720327118843604], [0.22597571946682674, 0.331251246773793, 0.13488310407225146, 0.30788992968712897], [0.25017797214138937, 0.26807561930037005, 0.18120817365952657, 0.300538234898714], [0.19637871554515504, 0.2054633310490244, 0.2377774070953762, 0.36038054631044447], [0.39577631032421773, 0.25498167309282743, 0.13420641254978607, 0.21503560403316863], [0.2511076031553859, 0.19846838204506054, 0.3092492886941646, 0.24117472610538898], [0.41215911381564113, 0.23992123900838444, 0.09250340280119207, 0.2554162443747824], [0.17301165871189475, 0.4283402976784371, 0.18422955287548334, 0.2144184907341849], [0.14345548514223014, 0.304170036908009, 0.3041918713269805, 0.24818260662278047], [0.2519570266496788, 0.2219674882944298, 0.20915706994592576, 0.3169184151099657], [0.22020945406612488, 0.23896151968566579, 0.2714358412452583, 0.26939318500295095], [0.18287303262854804, 0.18124185583268143, 0.40455161484443836, 0.23133349669433206], [0.18344492259286363, 0.24119395655592477, 0.23320611623933346, 0.34215500461187826], [0.16622460605345582, 0.22066624345100244, 0.1261033166392236, 0.4870058338563181], [0.23837770709378298, 0.2614440576754423, 0.19118586527178918, 0.3089923699589856], [0.2468741010964083, 0.41055299898075814, 0.11082141379745311, 0.2317514861253805], [0.33882711558645984, 0.24441219945896073, 0.17596240295169313, 0.24079828200288625], [0.3961553222285015, 0.18409903466401756, 0.12811154339856257, 0.29163409970891835], [0.15264004076553442, 0.15729241590596796, 0.5252031197677028, 0.16486442356079473], [0.21961225528811198, 0.28032810683834103, 0.23135783862789996, 0.2687017992456471], [0.23900962479702467, 0.22120322219569927, 0.18443965699398507, 0.355347496013291], [0.22904235352591695, 0.2235246741948745, 0.2268506469361192, 0.32058232534308934], [0.27055935497991757, 0.2769983356738815, 0.275164713313568, 0.1772775960326329], [0.25515186226267245, 0.31854132119621636, 0.19875710700551885, 0.2275497095355926], [0.19061082233642876, 0.2314523433627915, 0.2898509377256875, 0.28808589657509237], [0.16039632399622017, 0.3757472088001397, 0.12230971315031278, 0.34154675405332746], [0.17120968647163826, 0.23083092321571788, 0.14017017269054188, 0.45778921762210195], [0.23864772415039848, 0.4213346266391803, 0.12934819787319807, 0.2106694513372231], [0.1895508484451812, 0.18795691086754468, 0.18236474542276992, 0.4401274952645044], [0.20664438040666702, 0.25756913383565266, 0.29031104084624665, 0.24547544491143367], [0.29402470579308165, 0.22918023938732043, 0.14420844713587708, 0.3325866076837209], [0.30269621554173953, 0.27096155732800103, 0.19816475361147576, 0.2281774735187838], [0.1885490579623554, 0.2697593914317695, 0.22103825812095865, 0.3206532924849164], [0.17817614083326322, 0.14938771329290357, 0.31542721815497077, 0.35700892771886267], [0.28246824508822965, 0.22089408910395683, 0.17341657040533853, 0.32322109540247523], [0.15703157598237458, 0.21439149005648844, 0.15779560981534585, 0.47078132414579127], [0.211584880555696, 0.34765231135726826, 0.23269551783167794, 0.20806729025535797], [0.1623510518246312, 0.17678978971260007, 0.11968379043193439, 0.5411753680308344], [0.15659254921802318, 0.22713158839184167, 0.25991058833345737, 0.35636527405667784], [0.20749479278215263, 0.16699849899465238, 0.26722620268641034, 0.35828050553678475], [0.34639759896098826, 0.29780726777225547, 0.16070347471305135, 0.19509165855370486], [0.444451121743725, 0.12379549385000646, 0.06954632380073288, 0.3622070606055358], [0.19326979110432907, 0.4426932767406823, 0.13007638042278716, 0.23396055173220137], [0.3510457461101361, 0.26324399478589033, 0.12813216255576768, 0.2575780965482058], [0.1550743139968428, 0.31635123130736514, 0.21221286224174465, 0.31636159245404755], [0.31068931489746504, 0.27335062631866514, 0.08640439983326387, 0.3295556589506062], [0.2200139936101389, 0.1773138115619362, 0.15951715764390473, 0.4431550371840202], [0.22906238113718505, 0.2850156638577362, 0.18752627817836265, 0.29839567682671625], [0.3487839766350363, 0.20168627235018213, 0.10978910014608075, 0.33974065086870076], [0.2341008400946978, 0.25315353517570927, 0.22126816998201704, 0.29147745474757586], [0.16290115420188234, 0.2919084126258293, 0.18023941778855831, 0.36495101538373015], [0.086888956882616, 0.14009094774108197, 0.11333439887777699, 0.659685696498525], [0.10176866942322661, 0.629333773874483, 0.09106335186458633, 0.1778342048377041], [0.2802880772665016, 0.28686715881190045, 0.19337027733218676, 0.2394744865894111], [0.2832171843179408, 0.21867159179031953, 0.16875075689928207, 0.3293604669924577], [0.3838251288702522, 0.14949034444996648, 0.07511378768776092, 0.3915707389920204], [0.206618957067242, 0.37328208794995177, 0.13095051760809184, 0.2891484373747144], [0.30845275520791365, 0.2798328718110663, 0.14002342243394325, 0.27169095054707687], [0.3063356628194448, 0.2124185398610758, 0.3146806536767616, 0.16656514364271796], [0.18064838061965063, 0.3009839049216193, 0.14493263701078637, 0.3734350774479436], [0.31812804261702576, 0.19472207574228947, 0.1862239043102781, 0.3009259773304068], [0.07727535312520538, 0.28635631673443995, 0.07777010742792777, 0.5585982227124269], [0.22068827345660103, 0.277609493592628, 0.16722346129515944, 0.3344787716556115], [0.2190215435600144, 0.1929753013748615, 0.11815359716507262, 0.4698495579000515], [0.27005220433799754, 0.20190437925057658, 0.3672339820700807, 0.1608094343413452], [0.1553063995277305, 0.36217566251498834, 0.15095667549567837, 0.33156126246160283], [0.18349942479132, 0.25698449776353127, 0.2415266495284341, 0.3179894279167147], [0.15093437420947842, 0.40585841800260614, 0.12682115637058988, 0.3163860514173256], [0.2520178342721247, 0.23352164047588764, 0.27206418843403524, 0.24239633681795258], [0.12301456712093237, 0.26156086273905754, 0.17614787431749063, 0.4392766958225193], [0.26904909086816087, 0.2103340452468902, 0.13797801191220696, 0.3826388519727421], [0.15352625766922934, 0.32238273029816356, 0.23757038979380027, 0.28652062223880687], [0.10339403576109787, 0.14965464954519475, 0.34235970385917325, 0.4045916108345341], [0.14470429984674232, 0.23125430431417948, 0.20833910739084724, 0.4157022884482308], [0.23844144574049023, 0.3133518795409852, 0.17694094259692353, 0.27126573212160116], [0.27310989595603546, 0.3087583897645644, 0.14840558352094746, 0.2697261307584528], [0.3157285530543622, 0.20954897750001847, 0.17255975305206417, 0.30216271639355513], [0.1881013358858778, 0.2636901766469159, 0.26976625561841105, 0.27844223184879513], [0.17943764189883102, 0.32278316103217175, 0.13075747949888078, 0.36702171757011653], [0.10762874942557317, 0.363182371606443, 0.23990901680142687, 0.28927986216655716], [0.3728267694462239, 0.2214753693326555, 0.10931221097077642, 0.29638565025034425], [0.17750832299870653, 0.22828229738582764, 0.1677927448646928, 0.42641663475077296], [0.13291640968208715, 0.37928634639751285, 0.30574944943801663, 0.18204779448238342], [0.17575762782596788, 0.3925783876559149, 0.21717878046285333, 0.21448520405526383], [0.22790565641248445, 0.23965484640298973, 0.1530953675859662, 0.3793441295985596], [0.26766216426468575, 0.18634578710025868, 0.12499587132050899, 0.42099617731454647], [0.19111833678858803, 0.33973068852498506, 0.12576465632816955, 0.3433863183582573], [0.4779676505496388, 0.21983083725798552, 0.09229021685591395, 0.20991129533646188], [0.12776162976004946, 0.19027975975548683, 0.19437181581847063, 0.48758679466599325], [0.27492270277459246, 0.2622665184083107, 0.21424001225531314, 0.24857076656178362], [0.15059814605011204, 0.35027720783827776, 0.2464391792726345, 0.2526854668389756], [0.299161177937045, 0.24664893930048704, 0.1778288120581924, 0.2763610707042757], [0.24944147241693782, 0.22203067967222062, 0.25783468706810386, 0.27069316084273776], [0.4283858138689232, 0.17040499626611375, 0.13978034706412176, 0.2614288428008413], [0.25476685768760543, 0.11812071610364824, 0.1312039229812846, 0.4959085032274616], [0.33166888421034474, 0.23948699422502498, 0.13479636398884953, 0.29404775757578083], [0.22908639585251925, 0.23679090709298806, 0.2559069441601169, 0.2782157528943757], [0.20460664789736613, 0.39198306281278195, 0.16680182153179784, 0.23660846775805408], [0.20169820402219085, 0.20217426110213427, 0.12592978323633297, 0.4701977516393418], [0.13613711588433966, 0.3930370890116496, 0.14391042993703654, 0.3269153651669742], [0.39604568733421147, 0.24278082905969078, 0.09983004474788479, 0.261343438858213], [0.2699622934390109, 0.24334292650741499, 0.19446695824161203, 0.29222782181196194], [0.2092351388730826, 0.4037931514629631, 0.12843414709797502, 0.25853756256597915], [0.29297189744426183, 0.18355399713930393, 0.1282223347023244, 0.3952517707141099], [0.3248259602058923, 0.30011985852848644, 0.11450042185763724, 0.260553759407984], [0.21632561980927684, 0.43652925616510696, 0.10735861698710814, 0.239786507038508], [0.2317911962494631, 0.32135239683050415, 0.18170174139155043, 0.2651546655284824], [0.18752931854919283, 0.3073655487379155, 0.20348606082334691, 0.30161907188954473], [0.20627621234900892, 0.3493848841285568, 0.15827213267347945, 0.286066770848955], [0.1987683067942487, 0.17827410366113447, 0.264936911466077, 0.35802067807853993], [0.140855955697974, 0.3061951248716949, 0.13449236104859913, 0.41845655838173196], [0.19212577818324192, 0.232314907848253, 0.17654336309023788, 0.3990159508782672], [0.24687947155770434, 0.29504755355164203, 0.14930219493447566, 0.3087707799561779], [0.15987058128214518, 0.36976027967015623, 0.1819242949791038, 0.28844484406859494], [0.19208186395857726, 0.38014694377904035, 0.16447197328958052, 0.26329921897280195], [0.24748400634805523, 0.22962368588365925, 0.12443521790763835, 0.3984570898606473], [0.29913191945716605, 0.17757889197617172, 0.15782309719722512, 0.36546609136943725], [0.27667490479485635, 0.20260743115725868, 0.1304927313028309, 0.390224932745054], [0.25066604373818313, 0.3550348243109862, 0.16537274971388252, 0.22892638223694833], [0.22052505227254587, 0.2542753437811635, 0.19543058454155537, 0.3297690194047353], [0.27924106993312364, 0.16926043258314105, 0.11502062737215998, 0.4364778701115754], [0.2045856440622218, 0.20067477411102155, 0.11554565142206145, 0.4791939304046953], [0.5502501073143696, 0.14583416656108758, 0.07834954964173144, 0.22556617648281135], [0.22372915444939, 0.3767643719699907, 0.15277943921193385, 0.24672703436868554], [0.2547583483217448, 0.2827771002007308, 0.21021363358678755, 0.2522509178907368], [0.15747849329513627, 0.1959338853784072, 0.3489506467242634, 0.297636974602193], [0.21574982944617924, 0.20046939843619346, 0.25741165392488224, 0.32636911819274506], [0.2173862582550727, 0.15364588554547468, 0.1292832509851879, 0.49968460521426494], [0.5733824110165024, 0.1138589869023156, 0.13859936522973412, 0.17415923685144777], [0.2868521793052624, 0.20057218574169552, 0.2688425603315742, 0.2437330746214678], [0.17628170107288946, 0.2593052778517264, 0.20679710218913763, 0.35761591888624644], [0.2865492116293781, 0.2477263899152538, 0.23859343918619932, 0.22713095926916893], [0.27814466673327654, 0.15384263450132865, 0.16224593738015736, 0.40576676138523754], [0.2168183961585915, 0.2508153806243824, 0.200335310802613, 0.33203091241441296], [0.20667121564945545, 0.23802948501752563, 0.2261211570272417, 0.3291781423057773], [0.3540860294453716, 0.21035060551153634, 0.09648785028422502, 0.3390755147588672], [0.29037799326676206, 0.19471302994869394, 0.20597961573284515, 0.3089293610516989], [0.3411268517370401, 0.25090282305684397, 0.1561197627984985, 0.2518505624076173], [0.373661015750334, 0.2118380666988435, 0.14828801592167423, 0.2662129016291484], [0.14975013290911607, 0.49944954628958776, 0.12289208479420952, 0.2279082360070865]]}}