{"test": {"ids": ["113118630", "106113830", "109114220", "113120751", "113119320", "113120640", "108115870", "110114920", "105116441", "105113330", "104111531", "100111380", "112116610", "109116170", "110118111", "109118701", "100111390", "97116401", "108114180", "112118820", "99111000", "111118301", "97109080", "110118630", "100116500", "109120150", "106117650", "99107300", "107112840", "98108520", "112116501", "112119320", "104117630", "110120531", "99117740", "97106591", "103120531", "111120220", "112117431", "112120630", "113118421", "112117571", "107116501", "112119930", "102110890", "101111620", "101108121", "110118301", "110115140", "103113270", "110119891", "107121700", "102108621", "98106680", "102109010", "98113881", "98107010", "104118070", "103111930", "106113190", "104111830", "103111480", "107118820", "97114170", "110113931", "109114651", "110119300", "112116540", "109117431", "99109161", "105113170", "109116930", "98111620", "113122170", "105113480", "105115720", "103109021", "97112830", "99111930", "111118820", "111115770", "99109840", "98106880", "110114321", "107115140", "100110050", "99109780", "102109910", "100108490", "113121190", "107114950", "111121220", "108121190", "108118060", "109115380", "107118520", "112119610", "106117790", "97112290", "108117451", "103111830", "99107640", "112118511", "111120531", "105112130", "108118630", "111116640", "99108710", "108121351", "109114720", "108114670", "103110100", "108119510", "113120280", "111114941", "108119330", "111121351", "112116640", "101116130", "108117360", "108115070", "106118520", "113122150", "112117580", "99112531", "98109230", "100115700", "107114110", "97118210", "108114270", "100120780", "112118930", "98112580", "110114561", "110120190", "112117210", "97107681", "100120010", "109114270", "105118171", "107112850", "99110050"], "labels": [3, 1, 3, 1, 1, 0, 3, 3, 1, 3, 0, 3, 1, 0, 1, 3, 2, 3, 1, 0, 2, 3, 2, 1, 2, 2, 1, 3, 1, 2, 3, 1, 0, 0, 2, 1, 3, 3, 0, 3, 3, 3, 1, 1, 0, 3, 0, 1, 0, 2, 3, 3, 3, 1, 1, 3, 3, 2, 3, 0, 3, 0, 3, 2, 1, 3, 1, 1, 1, 3, 0, 0, 3, 1, 0, 1, 0, 2, 1, 0, 3, 2, 0, 1, 0, 3, 2, 2, 2, 1, 3, 3, 1, 1, 3, 2, 0, 1, 1, 2, 3, 1, 1, 0, 1, 1, 0, 2, 3, 0, 3, 1, 1, 0, 0, 0, 0, 0, 2, 1, 1, 2, 2, 0, 3, 1, 1, 1, 2, 3, 1, 1, 2, 0, 3, 1, 3, 0, 3, 3, 1, 3], "predicted_labels": [3, 3, 1, 3, 0, 3, 3, 1, 1, 0, 3, 0, 0, 3, 1, 3, 1, 1, 3, 0, 2, 1, 1, 3, 1, 2, 2, 1, 1, 3, 3, 2, 0, 1, 2, 2, 1, 0, 0, 1, 0, 3, 0, 2, 0, 0, 1, 1, 1, 2, 3, 1, 0, 1, 0, 1, 3, 2, 0, 0, 1, 0, 3, 1, 1, 0, 3, 0, 1, 0, 3, 2, 2, 3, 1, 1, 3, 3, 1, 3, 3, 2, 3, 1, 3, 2, 2, 3, 1, 3, 3, 0, 3, 1, 1, 2, 3, 2, 3, 0, 0, 3, 1, 3, 1, 3, 1, 1, 3, 2, 1, 0, 2, 0, 3, 0, 1, 2, 2, 2, 0, 1, 3, 3, 0, 2, 1, 3, 2, 2, 3, 0, 3, 1, 3, 0, 2, 1, 1, 1, 1, 1], "confidence_scores": [[0.007403549066504845, 0.0005490377667276373, 0.0808955703684951, 0.9111518427982723], [0.3817325099742319, 0.10825336785846064, 0.0022097184523838962, 0.5078044037149235], [0.06947038664079834, 0.6213536946103605, 0.017146839217428992, 0.29202907953141216], [0.025734136726494754, 0.011411188216896642, 0.006128762644665769, 0.9567259124119428], [0.9997551007890317, 1.2668377132066012e-05, 4.545560181059531e-06, 0.00022768527365510602], [0.021819656235068857, 0.18618903981671195, 0.024078676696367714, 0.7679126272518514], [0.0022085046121098706, 0.000977999625965803, 0.12884314669037464, 0.8679703490715498], [0.0004153750070530747, 0.9957456481275349, 0.0036991519341377124, 0.00013982493127446833], [4.0803306696036964e-05, 0.9971580312181496, 3.532881454088294e-05, 0.0027658366606134123], [0.8623389180161376, 0.0012688238026654366, 0.0006704738225337305, 0.13572178435866322], [0.12311443924795594, 0.0009383964507125968, 0.0032929464716075145, 0.872654217829724], [0.7999158938782204, 0.19960518421060341, 1.9020325417141924e-05, 0.00045990158575899434], [0.8144214329883408, 0.017454599172604928, 0.16474266608812804, 0.0033813017509261786], [9.499785028591867e-05, 0.20564155296170655, 0.00012984808350900378, 0.7941336011044986], [0.11153439993395423, 0.8857204132468481, 0.0002945880108974697, 0.0024505988083000714], [0.0012202876832186952, 4.683810579126469e-06, 9.367249379679566e-05, 0.9986813560124054], [0.005175828398024811, 0.9685875090460268, 0.02254366669868317, 0.003692995857265164], [0.0002040806150468154, 0.9851406797243223, 0.0018681354100598083, 0.01278710425057098], [0.0009505407996574603, 0.12509013680778708, 0.0015344875081087488, 0.8724248348844468], [0.9638240540374078, 0.0002625948983056287, 9.69884455080086e-06, 0.035903652219735786], [3.9983952539102675e-06, 0.004517138283725139, 0.874797431357452, 0.12068143196356891], [0.11070483341974376, 0.4653344197964553, 0.023550425784946493, 0.4004103209988545], [2.643068571005794e-06, 0.9977504655708491, 0.0008257067376046036, 0.0014211846229753122], [4.274008256069804e-05, 0.033037967924523, 0.0007259521813413615, 0.966193339811575], [0.0007967144069107539, 0.8312598226735495, 0.0832992995238843, 0.08464416339565556], [0.0012765220456164431, 0.0050199439128014315, 0.9927505975613262, 0.000952936480255877], [0.013263261451847065, 0.04361964121654835, 0.9407003358948627, 0.002416761436741917], [0.04028137177362114, 0.9595721157997706, 0.0001367171358832165, 9.795290725079493e-06], [0.3071186406838196, 0.6028742427978852, 0.021106523625375472, 0.06890059289291971], [0.14693378805790921, 0.38790218564718726, 0.0016590106267481272, 0.4635050156681555], [7.582606944939937e-05, 0.010356822720028958, 0.00010379630226003446, 0.9894635549082617], [2.470827947037543e-07, 0.0011697774139917269, 0.9974215549474018, 0.001408420555811676], [0.9924124116812589, 0.00011287390397957325, 0.0010942577573286524, 0.006380456657432916], [0.10560008066162965, 0.47578683947683426, 0.017957447798331284, 0.4006556320632049], [0.014459226922311419, 0.02759702745512952, 0.7194781988978033, 0.23846554672475576], [0.0006895672414002826, 0.01033806602068412, 0.5578807898057347, 0.4310915769321808], [0.29946244208133743, 0.5737302717304862, 0.00043513975808786383, 0.12637214643008857], [0.9020249626612991, 0.09774145115594686, 3.008349162623542e-06, 0.0002305778335916911], [0.972387244968955, 0.01986323358506421, 0.0015661163084770807, 0.006183405137503909], [0.0015111024632330527, 0.7930355994490216, 0.017374552916177396, 0.1880787451715679], [0.9605829327786009, 0.0004336907346167731, 5.698862513862543e-07, 0.03898280660053086], [0.005986944975753557, 0.001805138968333909, 8.467264369078463e-05, 0.9921232434122217], [0.99717840446586, 0.0024978200591530882, 8.17309804790386e-05, 0.00024204449450790312], [5.974594229444281e-05, 0.15711926855126793, 0.8195705309297978, 0.023250454576639913], [0.6760200595989188, 0.016644764772060717, 0.27597666653760144, 0.03135850909141917], [0.9923969511408353, 1.0142708824812109e-06, 0.0032421275435757114, 0.004359907044706412], [0.012983024593181266, 0.8680654199837322, 0.003322064776796572, 0.11562949064628994], [0.007363326810622784, 0.985958279968867, 6.421554498877958e-05, 0.006614177675521479], [0.001616613252937962, 0.7283687896455611, 0.02325371053831764, 0.2467608865631834], [2.7468200095161403e-05, 0.00034030280414283935, 0.9551146431423976, 0.0445175858533646], [0.00014480944621499304, 0.018098851844975783, 0.018866670281029087, 0.96288966842778], [8.716286774191448e-06, 0.9677883019498779, 0.00018342934878526435, 0.03201955241456277], [0.8707140446524838, 0.12573481663492878, 1.3188696420468268e-05, 0.003537950016167018], [0.0022788350353663022, 0.8916187982695273, 0.1058943696097613, 0.0002079970853450346], [0.5268134790838056, 0.3331334938595719, 0.13013186637179275, 0.009921160684829742], [0.0785714059901527, 0.8988351134061747, 0.01041969077867005, 0.012173789825002484], [0.07031945366759017, 0.042602746462559064, 0.1239752106900801, 0.7631025891797707], [0.01609751134235414, 0.3442205490639122, 0.6394232945925531, 0.00025864500118070376], [0.8727282224176282, 0.1259372894590904, 0.0010773225688068034, 0.0002571655544747837], [0.9615347284454527, 0.036775411010672714, 1.5900974321597273e-05, 0.0016739595695528335], [0.03975568051105756, 0.834503724216009, 0.08659138854088941, 0.03914920673204402], [0.5070451340689882, 0.36353525885516136, 0.12374755417229794, 0.005672052903552436], [0.0028635888455918438, 0.0033685707352227577, 0.0001540666000606129, 0.9936137738191247], [1.850027738945923e-05, 0.5105817885614488, 0.023714016692625794, 0.46568569446853614], [0.0004934917121488663, 0.9959044246344205, 2.3499757051267134e-06, 0.003599733677725449], [0.9916977208919355, 0.006714324347471171, 2.914386070032963e-07, 0.0015876633219864883], [0.10220942213093846, 0.2504640397492565, 0.004079793853482695, 0.6432467442663224], [0.5259896234533478, 0.4661988310869418, 7.803474579658735e-05, 0.0077335107139136945], [0.017976083563059134, 0.9088688710446131, 0.0010043901696202286, 0.0721506552227076], [0.9999932684735975, 7.840596357039415e-07, 5.946832065350356e-06, 6.347013684739553e-10], [8.634912459210882e-05, 0.025906354791091702, 0.00472709986257584, 0.9692801962217403], [0.00015795268413085645, 2.236650935317359e-06, 0.9993305629920132, 0.000509247672920766], [0.031484868460944754, 0.44028430939413443, 0.49674885985634765, 0.031481962288573036], [0.0004365820989108906, 0.0004113337265901589, 0.025462253041953094, 0.9736898311325459], [0.00012433279705371651, 0.3520742055642421, 0.33122196092037304, 0.3165795007183311], [0.0005068522384706942, 0.9974581272497326, 0.0002477230055490938, 0.0017872975062476141], [0.4249167713888131, 0.024131144459329772, 3.228931512303682e-05, 0.5509197948367341], [0.04716957599992761, 0.10119976073176698, 0.14622381648016303, 0.7054068467881424], [5.286825302429789e-06, 0.9999535017301898, 2.6333694708537516e-05, 1.4877749799482766e-05], [0.009746636218873275, 0.00351113756603694, 5.3723528480127214e-05, 0.9866885026866097], [0.00013485350279168954, 0.0005321209331437289, 9.033325885104386e-05, 0.9992426923052137], [0.12665664973404744, 0.011854059076296958, 0.8312446651324846, 0.030244626057171046], [0.0001857499622202466, 0.00026087317882901026, 0.058526708199963466, 0.9410266686589873], [0.43300174106282857, 0.5609430598343195, 0.0032925073360865593, 0.002762691766765276], [0.0005605468116157024, 1.5970829817616637e-05, 0.00032539408981980915, 0.9990980882687468], [0.032692052570591844, 0.44580542261998257, 0.4632962651531948, 0.05820625965623067], [0.20694700686760775, 0.1605224499486268, 0.5377314901458982, 0.09479905303786731], [0.0027755357061931647, 0.26102286142811754, 0.09985557962841728, 0.636346023237272], [0.13336775135019935, 0.5687899381172354, 0.014960942270619119, 0.28288136826194615], [0.2357513498190807, 0.31161527011983087, 0.006752753228009969, 0.44588062683307844], [0.001620662463076601, 0.06873656984870129, 0.0001852981020756201, 0.9294574695861465], [0.5572074146286686, 0.22947829770816894, 0.15196670229314985, 0.06134758537001263], [0.00016611765238619324, 0.05656741634105233, 3.2107637301013273e-06, 0.9432632552428314], [0.009615690264328628, 0.9891298917453945, 0.001165564751055894, 8.885323922116532e-05], [0.00025232997774461474, 0.6866076487098004, 0.031219682673146804, 0.28192033863930827], [0.03895765696895708, 0.25645981363965153, 0.677789693615469, 0.0267928357759224], [0.00020163547916463755, 0.0023709825864618142, 0.0034141008699088327, 0.9940132810644646], [0.019899699597655123, 0.0014548145535000056, 0.6449095655921898, 0.33373592025665505], [0.02888911450643333, 0.001018877528331427, 0.0038367678923554457, 0.9662552400728799], [0.9315756076098459, 2.4239723091120254e-06, 3.5930157422152245e-07, 0.06842160911627067], [0.6405575905516437, 0.14905246525698054, 0.0031564271169301633, 0.2072335170744456], [0.004221476118644876, 0.011863355987726218, 0.003073597367353743, 0.9808415705262752], [0.0028854794463309876, 0.7002571803028935, 0.01207095377750348, 0.2847863864732721], [0.00018699795766126723, 0.01977576226092181, 4.356126402553364e-05, 0.9799936785173915], [0.028149695817774868, 0.9638207679443851, 0.003861794230394057, 0.0041677420074458784], [2.443639294391028e-05, 0.05510792029721476, 0.0056425468627625975, 0.9392250964470786], [0.04619493427617278, 0.5900835454332379, 0.3636315127366008, 9.000755398845237e-05], [0.0012867927705311128, 0.994939472781665, 1.755235298913403e-05, 0.003756182094814853], [0.00017561229579924348, 0.007375378783402148, 3.582423721207229e-05, 0.9924131846835866], [0.002656478516178567, 0.017376952384818227, 0.924230070740216, 0.0557364983587871], [0.352687146491443, 0.6398408359533163, 0.0073162318064120685, 0.00015578574882871505], [0.8780096452444005, 0.008373089301989222, 0.0035802957422587356, 0.11003696971135167], [0.020758765605791, 0.0016275490147410715, 0.9703458241621211, 0.007267861217346756], [0.9317146566551576, 0.004433462937270849, 0.0016498182141893225, 0.062202062193382125], [0.007511760479900235, 0.02064507929900457, 0.00026486282827811264, 0.9715782973928172], [0.7402591254770732, 0.23621486624952026, 0.007515045017085646, 0.016010963256320888], [0.10043986356902881, 0.8618439790361196, 0.00037996946779867314, 0.037336187927052816], [0.055159141758969514, 0.0005693937472265153, 0.4945889512442682, 0.44968251324953573], [0.002483076491254566, 0.010270398274517683, 0.7462100742623174, 0.24103645097191018], [8.314425360833083e-05, 0.06534927212270866, 0.8144790073406865, 0.12008857628299648], [0.6048842359575093, 0.3058614852381131, 0.02082097018445091, 0.06843330861992666], [0.3650025078364267, 0.46237546810994884, 0.11227800173451499, 0.06034402231910932], [0.003979109218714444, 0.013279055391762634, 0.08805579263460596, 0.8946860427549169], [0.023817207664417292, 3.720637378032164e-05, 0.0003221894743864685, 0.9758233964874158], [0.8603163061415661, 0.0028343983933486346, 0.0007288488656485356, 0.13612044659943662], [0.029061814614354017, 0.00025496045799008437, 0.9702455037800221, 0.00043772114763385], [0.005870842444125768, 0.5984044621990485, 0.15427149462693418, 0.2414532007298915], [2.027248501795049e-05, 7.768488458760218e-05, 0.0021441780172274712, 0.9977578646131671], [0.020384808311265913, 0.2514253415303926, 0.6447353082320227, 0.08345454192631874], [0.0922791456892291, 0.1092974602368501, 0.4070334767763056, 0.39138991729761535], [0.00017231392688489832, 2.6979055817181725e-05, 0.005219195168749127, 0.9945815118485489], [0.8900838678457123, 0.07189958480928695, 0.00411253270500555, 0.033904014639995254], [0.0017158486168076961, 0.42262565209996233, 0.00997248485693315, 0.5656860144262967], [0.01539640968595323, 0.9845891509957534, 5.5209244126281545e-06, 8.918393880711745e-06], [0.01613524476850177, 0.37155380819189665, 1.1268941074072084e-06, 0.6123098201454941], [0.74254654269612, 0.1646323861703373, 0.06407508693073725, 0.028745984202805504], [5.084740372128054e-06, 8.418733262066666e-05, 0.9438531251465045, 0.05605760278050261], [0.021836557923617005, 0.4989707804712108, 0.4747992213669052, 0.004393440238266844], [0.01090082574823908, 0.9817056799658326, 0.0065783174041553275, 0.0008151768817727958], [0.007216099224829751, 0.9717985330834323, 9.356755652950446e-07, 0.0209844320161728], [0.0031967412150525213, 0.9851882631029811, 0.0038297746539251412, 0.007785221028041171], [0.004179900016112896, 0.7520985196786094, 0.0565014777199825, 0.18722010258529517]]}, "rewritten": {"ids": ["97106591", "97107681", "97109080", "97112290", "97112830", "97114170", "97116401", "97118210", "98106680", "98106880", "98107010", "98108520", "98109230", "98111620", "98112580", "98113881", "99107300", "99107640", "99108710", "99109161", "99109780", "99109840", "99110050", "99111000", "99111930", "99112531", "99117740", "100108490", "100110050", "100111380", "100111390", "100115700", "100116500", "100120010", "100120780", "101108121", "101111620", "101116130", "102108621", "102109010", "102109910", "102110890", "103109021", "103110100", "103111480", "103111830", "103111930", "103113270", "103120531", "104111531", "104111830", "104117630", "104118070", "105112130", "105113170", "105113330", "105113480", "105115720", "105116441", "105118171", "106113190", "106113830", "106117650", "106117790", "106118520", "107112840", "107112850", "107114110", "107114950", "107115140", "107116501", "107118520", "107118820", "107121700", "108114180", "108114270", "108114670", "108115070", "108115870", "108117360", "108117451", "108118060", "108118630", "108119330", "108119510", "108121190", "108121351", "109114220", "109114270", "109114651", "109114720", "109115380", "109116170", "109116930", "109117431", "109118701", "109120150", "110113931", "110114321", "110114561", "110114920", "110115140", "110118111", "110118301", "110118630", "110119300", "110119891", "110120190", "110120531", "111114941", "111115770", "111116640", "111118301", "111118820", "111120220", "111120531", "111121220", "111121351", "112116501", "112116540", "112116610", "112116640", "112117210", "112117431", "112117571", "112117580", "112118511", "112118820", "112118930", "112119320", "112119610", "112119930", "112120630", "113118421", "113118630", "113119320", "113120280", "113120640", "113120751", "113121190", "113122150", "113122170"], "labels": [1, 3, 2, 1, 2, 2, 3, 2, 1, 0, 3, 2, 1, 3, 2, 3, 3, 1, 2, 3, 2, 2, 3, 2, 1, 3, 2, 2, 3, 3, 2, 1, 2, 0, 1, 0, 3, 2, 3, 1, 2, 0, 0, 1, 0, 3, 3, 2, 3, 0, 3, 0, 2, 1, 0, 3, 0, 1, 1, 3, 0, 1, 1, 1, 2, 1, 1, 1, 3, 0, 1, 2, 3, 3, 1, 3, 3, 1, 3, 1, 2, 1, 1, 0, 1, 1, 3, 3, 3, 3, 0, 3, 0, 0, 1, 3, 2, 1, 1, 0, 3, 0, 1, 1, 1, 1, 3, 3, 0, 0, 3, 0, 3, 0, 3, 0, 3, 0, 3, 1, 1, 0, 1, 0, 3, 0, 1, 0, 1, 1, 0, 1, 3, 3, 3, 1, 0, 0, 1, 1, 2, 1], "predicted_labels": [3, 2, 1, 0, 3, 1, 1, 2, 1, 3, 3, 0, 2, 2, 3, 1, 1, 3, 1, 0, 1, 2, 1, 2, 1, 0, 2, 1, 1, 0, 3, 1, 3, 1, 3, 0, 0, 3, 1, 0, 3, 0, 0, 0, 2, 1, 0, 2, 3, 3, 1, 0, 0, 3, 3, 0, 3, 1, 1, 3, 0, 3, 1, 3, 0, 1, 1, 3, 3, 3, 0, 2, 3, 1, 3, 3, 1, 0, 3, 3, 0, 1, 3, 0, 0, 3, 3, 1, 1, 0, 2, 3, 3, 2, 1, 3, 2, 1, 0, 1, 1, 1, 0, 1, 3, 1, 3, 1, 3, 3, 3, 2, 3, 3, 0, 3, 3, 1, 3, 3, 2, 3, 0, 0, 3, 3, 3, 3, 0, 2, 3, 1, 3, 0, 3, 0, 0, 3, 1, 1, 3, 3], "confidence_scores": [[0.00036737161586688507, 0.002725015882047913, 0.014842791468274791, 0.9820648210338105], [3.103401583838837e-05, 0.00018029535834789275, 0.5497142061014483, 0.45007446452436545], [5.304472225574894e-06, 0.9965354107614863, 0.0005766179386483046, 0.0028826668276399577], [0.8730745879200054, 0.0005004778017751529, 0.004941323085411095, 0.1214836111928083], [0.006207046563710302, 0.05386355351891144, 0.24189577903189383, 0.6980336208854844], [4.3772772262368495e-05, 0.5206456769301291, 0.004352860496077891, 0.47495768980153064], [0.00024774618489998754, 0.5070010099998828, 0.010404058003817492, 0.48234718581139957], [0.03938108151375277, 0.05577895793053554, 0.5345860571095877, 0.370253903446124], [0.1258032220387329, 0.39252347210973354, 0.37454062146500605, 0.10713268438652745], [0.0010543487978644929, 0.03032087052669099, 0.025908284491424502, 0.9427164961840201], [0.16615955539602045, 0.15409021205670242, 0.14191411231548504, 0.5378361202317922], [0.9912718717389409, 0.003599869559412306, 0.001630268270795254, 0.0034979904308517886], [0.01697315757397874, 8.544400697402143e-05, 0.9827080977745221, 0.0002333006445251833], [0.009164648260443664, 0.2506530416216324, 0.6467891319166, 0.09339317820132394], [2.4529952924536685e-05, 0.07065497984785907, 0.007159851229956427, 0.9221606389692599], [0.22165913386866914, 0.7743584040464322, 0.002091993425440222, 0.0018904686594583737], [0.07185815931281263, 0.9279758381347043, 0.00013812267297934997, 2.7879879503791744e-05], [0.0008580748369924264, 0.0036260565911549188, 0.0001137315563256411, 0.995402137015527], [0.0004377905299110509, 0.9178824147992913, 9.158688811523708e-06, 0.08167063598198594], [0.9994556449905971, 2.0612206423788593e-05, 0.0005237176443483325, 2.5158630574119446e-08], [0.037094436050795335, 0.7438748539509217, 0.0784661082588077, 0.14056460173947527], [0.18197127012262918, 0.012403209777360409, 0.7954084035570872, 0.010217116542923151], [0.3312384758452842, 0.3365933276902325, 0.17299042245364937, 0.15917777401083402], [3.3643390564742395e-05, 0.006304036638360175, 0.7166360965515601, 0.2770262234195149], [0.0016055851176520646, 0.9364945657817997, 0.039110002116141566, 0.022789846984406652], [0.8549962560505381, 0.018093160324835864, 0.0005182084946188988, 0.1263923751300072], [0.002304248799915231, 0.4000803759352868, 0.4002773203536803, 0.1973380549111176], [0.1516002878983666, 0.5601019313811982, 0.01119624492205634, 0.27710153579837893], [0.2724545671606362, 0.6510367403281254, 0.07565715837854893, 0.0008515341326894433], [0.7210416215119952, 0.27665957989656853, 1.9347311411987115e-05, 0.0022794512800241896], [1.0683379864052542e-05, 0.002261030611284428, 0.0025036483262452507, 0.9952246376826064], [0.0007369442526975708, 0.792716044035485, 0.02623996947920742, 0.18030704223260988], [0.0019726343269206507, 0.0821638527919099, 0.08425889415392286, 0.8316046187272466], [0.01885163350093226, 0.6496000021389781, 0.32120676593687003, 0.010341598423219522], [0.00014044715440607045, 5.7896892894725696e-05, 0.0034006865881768453, 0.9964009693645223], [0.4105792391127714, 0.27383731537515665, 0.0014307192677566678, 0.31415272624431534], [0.7960764794263404, 1.3416387465098939e-05, 0.0045309014835584775, 0.1993792027026361], [0.0015754222359290746, 0.0003356123821687644, 0.0692309499631309, 0.9288580154187712], [4.145736736247791e-05, 0.6128072160254885, 0.00011289213027872558, 0.3870384344768703], [0.5396777598320049, 0.4106315521510946, 0.04423696646403289, 0.005453721552867756], [0.0006487236317359286, 0.04461296607949439, 0.091294717228762, 0.8634435930600076], [0.9674444371446532, 0.0008966001493120272, 0.006397863604489475, 0.025261099101545205], [0.4380273472777163, 0.19527352859580566, 8.698216098772356e-05, 0.36661214196549036], [0.96069495298315, 0.01599014411899555, 0.0005752308540174058, 0.02273967204383717], [0.043547074022142356, 0.03757412137890683, 0.910753884699, 0.008124919899950797], [0.29357691696330146, 0.6118601256214743, 0.006662484378600236, 0.08790047303662386], [0.9046367705851233, 0.08816757542279008, 0.003372930866261663, 0.003822723125825095], [1.4501061300726858e-05, 0.00022330465870857145, 0.9202964604049007, 0.07946573387508996], [0.21826031123115272, 0.17655592454994562, 0.006597599539116126, 0.5985861646797856], [0.014930062078416427, 0.0004513773164021315, 0.0012528553624879058, 0.9833657052426936], [0.04354092342103334, 0.7369180647197912, 0.1962818206394146, 0.02325919121976097], [0.9298988583307345, 0.0001488962056302195, 0.00443781087533733, 0.06551443458829816], [0.5019263033545864, 0.10069073569559836, 0.39727830751176035, 0.00010465343805473348], [0.10258658086708691, 0.09914288197107475, 0.3050700790314616, 0.4932004581303767], [7.950192044641073e-07, 0.0012039702706006445, 0.0016183349123863153, 0.9971768997978085], [0.5020040273345859, 0.007884487262313434, 0.00021675940094862761, 0.48989472600215206], [0.008741259488099855, 0.10388586959313745, 0.13201981698955906, 0.7553530539292036], [0.04635194067299674, 0.9323765388342988, 0.0025024793988117377, 0.018769041093892536], [0.02588861616066925, 0.9733512336174845, 7.628810666924334e-05, 0.0006838621151769507], [0.052185990041163775, 0.19819489431328566, 7.224751240863741e-05, 0.749546868133142], [0.9811782912596929, 0.017472083640919154, 3.026188233622764e-05, 0.0013193632170518533], [0.1435897476332307, 0.07713130084129982, 0.017233760664486533, 0.762045190860983], [0.07998922009543814, 0.49997015652722965, 0.4131148215300395, 0.006925801847292855], [0.002019997032408737, 0.005136177398303487, 0.48493399819473126, 0.5079098273745566], [0.9416453113737061, 0.0159137496790602, 0.008770142497916194, 0.03367079644931736], [0.2971266667808419, 0.6960655857483884, 0.0011678234644135804, 0.0056399240063561345], [6.785418884863956e-05, 0.9993942840949358, 0.0001431339527423542, 0.0003947277634732356], [8.281299692711752e-06, 2.1817017642337266e-05, 0.000597100792869231, 0.9993728008897957], [0.0003281397657583861, 0.1626802747433216, 0.00010978966076113372, 0.8368817958301588], [0.0028608400202452438, 6.480469465597511e-05, 0.0010278525955146648, 0.9960465026895842], [0.9989122833880048, 0.0008627938102366093, 0.00010376038071369917, 0.00012116242104485369], [0.2883088499225811, 0.3085572791563117, 0.38617701374552726, 0.016956857175580074], [0.0030597960779437834, 0.056991712581545936, 4.1749924350316534e-05, 0.9399067414161599], [1.8397447802582525e-05, 0.9032399800517795, 0.000191148379847946, 0.09655047412056988], [0.0015666372512690221, 0.0006104213268998957, 0.0003685987518938265, 0.9974543426699373], [0.12453401267982143, 0.12237352210578264, 0.299658710145932, 0.45343375506846395], [0.17589200696769203, 0.8111086445765225, 0.01290216232050489, 9.718613528057892e-05], [0.7341008546477046, 0.0004970707413394397, 0.002280099827048272, 0.2631219747839077], [0.0010705149011263288, 0.0009661332305764256, 0.24063580511012408, 0.7573275467581733], [3.092981771469607e-05, 0.036166802670918666, 0.031080611627917493, 0.9327216558834491], [0.9995074539623647, 4.5604586520491696e-07, 8.18091273050044e-07, 0.0004912719004969967], [0.12226743360927808, 0.857386694304043, 0.018952834404665102, 0.0013930376820136916], [0.0006508023766242764, 0.4255870715880556, 0.09799186762481056, 0.47577025841050946], [0.9009190163749963, 0.017741234629264427, 0.0026641184748980727, 0.07867563052084117], [0.5999657757335636, 0.0009943876791263134, 0.39212317930338497, 0.006916657283925075], [0.00044353347769001664, 0.07417148639324479, 5.697372882131822e-05, 0.9253280064002439], [0.00046341389512664124, 0.033680830304117546, 6.385288022796454e-05, 0.965791902920528], [0.04801984127236673, 0.6499261711929818, 0.013808787656040081, 0.28824519987861136], [0.011642835319861388, 0.6934033724562868, 0.06735018692028978, 0.22760360530356202], [0.9781989069924516, 0.020498228476472508, 2.2226406766140469e-07, 0.0013026422670082548], [0.0005511978072019191, 0.00015371906262069714, 0.9883545204961017, 0.010940562634075722], [0.003313057548616001, 0.3873928008738742, 0.1418442160372785, 0.4674499255402314], [2.2916897176190963e-05, 0.01217443798139022, 1.3751063971604509e-05, 0.9877888940574621], [0.014072560789569647, 0.00034063235720770287, 0.9456155008157566, 0.03997130603746595], [0.005655228949163884, 0.8887177295835678, 0.0004255197517248572, 0.10520152171554371], [0.009737639218890775, 4.745585720972108e-05, 0.00034960119826975473, 0.9898653037256296], [0.0022113740994472455, 0.0012397286801564375, 0.9964786968372299, 7.020038316638905e-05], [0.00012098679636847633, 0.9981940938820684, 1.3195740368100495e-06, 0.0016835997475262924], [0.834039759752509, 0.16558874228868864, 1.5175081603479263e-05, 0.00035632287719897113], [0.08727407926895973, 0.9126391862157248, 2.9291060388882373e-05, 5.74434549267432e-05], [2.1274202819097505e-05, 0.999579155983128, 0.00036101492557058767, 3.855488848236594e-05], [0.0006867251336748236, 0.84255495772476, 0.025013185541304446, 0.13174513160026063], [0.8695580568162683, 0.11430498928704354, 7.114329452986464e-07, 0.016136242463742855], [0.004138788023336949, 0.9712367150137421, 3.0193327745734104e-05, 0.02459430363517526], [2.2171431492915053e-05, 0.0638116064127778, 6.540732794981458e-05, 0.9361008148277795], [0.009094264751838745, 0.5032569006383489, 0.004146254246348363, 0.483502580363464], [2.4448277111823e-05, 0.03618160063303019, 0.005765533253013605, 0.9580284178368443], [0.0060591331321756155, 0.9075444209351098, 1.5068440664644456e-06, 0.08639493908864812], [0.017546255145698197, 0.04721420795441061, 0.0019004185169341624, 0.933339118382957], [0.009154512587487139, 0.006537661861237624, 8.972763394751761e-05, 0.9842180979173278], [0.007368905616584616, 0.002197174958254261, 0.00165970361381504, 0.9887742158113461], [0.009815861877268295, 0.2843689425743256, 0.7056834549027937, 0.0001317406456125617], [0.005076258349654863, 0.11999349286821237, 0.006965482315190441, 0.8679647664669423], [0.011084560175674479, 0.006915381512335836, 7.217146885790168e-05, 0.9819278868431317], [0.9769142178471251, 0.022947706256129744, 3.0158786946095624e-06, 0.00013506001805052058], [0.001017128398888173, 0.08363995908012928, 0.000260184010639409, 0.9150827285103432], [0.3222198412406892, 0.09795510554096219, 0.09216239065598913, 0.48766266256235935], [0.033702208762588635, 0.9645479360027952, 8.50620624507098e-05, 0.0016647931721653147], [3.108730040743604e-05, 0.05713672863504554, 8.43909963517954e-05, 0.9427477930681952], [0.33182508700294255, 0.12930149857485448, 0.02985754184041449, 0.5090158725817885], [0.1370983827039034, 0.12465319160854244, 0.7046208206388267, 0.03362760504872734], [0.0019022104414544404, 0.00010939968248430543, 0.2566572368819394, 0.7413311529941219], [0.9344629592558381, 0.02327869505962477, 0.027951730117085447, 0.014306615567451636], [0.9853656394170098, 0.003005824983226829, 0.0005206604821580658, 0.011107875117605354], [0.002032914083302231, 0.0036342534751874628, 0.004335297323225149, 0.9899975351182851], [0.44329813393370504, 0.00784869202560783, 0.0049871804487623, 0.5438659935919249], [0.012525484716081276, 0.4809212640611725, 0.013247113779204392, 0.49330613744354174], [0.10433543678061892, 0.0029313624352089013, 0.006390315185272927, 0.8863428855988992], [0.9649024197831698, 0.002238218015232349, 0.024494162674000168, 0.008365199527597747], [4.3192242795216916e-08, 0.004870661475118214, 0.9938517686618548, 0.0012775266707841532], [0.0001635597684982272, 0.003201337434929703, 0.003051147038216348, 0.9935839557583558], [1.3312147627675793e-05, 0.9189845787578631, 0.0448963721347383, 0.036105736959771116], [0.24169729318732044, 0.3057855403457891, 0.0377940270666863, 0.41472313940020405], [0.8881684540422873, 0.005421680340056834, 2.419615167881984e-07, 0.10640962365613922], [0.0007248157833989723, 0.000349670297079245, 0.05865148877368884, 0.940274025145833], [0.9898964186143522, 9.752345713262822e-06, 0.0017634521687041463, 0.008330376871230345], [0.9351293464659763, 0.002284598649105122, 0.0007254222314932347, 0.06186063265342543], [0.011985782219589396, 0.29232310705951375, 0.02702923290514737, 0.6686618778157495], [0.2888906751752518, 0.5931631870796212, 0.08613073927245507, 0.03181539847267197], [0.19176316091981907, 0.7136037795293283, 0.006325107989759194, 0.08830795156109347], [0.0011927252885551303, 0.002656183115304867, 0.24292325929191047, 0.7532278323042295], [0.002323837102266949, 0.00044592349212223617, 0.3626124248313087, 0.6346178145743021]]}}