{"test": {"ids": ["111117200", "99108010", "111114121", "111121351", "104116800", "97108520", "111117480", "112118511", "112120990", "112116501", "108119550", "111114171", "108115500", "104109311", "110121450", "104111990", "112116900", "110121720", "99109161", "105117200", "108121351", "109113591", "97109080", "105119550", "109116810", "98111670", "110120560", "112118421", "100113210", "97114170", "112120290", "107113130", "109117080", "113121950", "113119930", "107113200", "97106820", "109116170", "110118701", "103113101", "113117401", "112118550", "101108500", "110116441", "105121370", "104112201", "99107660", "112116880", "106117770", "109118161", "109113931", "98116500", "104111880", "108120260", "111119950", "110120190", "102117351", "107118820", "99109860", "99107640", "110114610", "97107681", "98120010", "110115980", "111120260", "109117110", "98108150", "105113620", "108121190", "109119591", "97105760", "107114110", "111119250", "111119340", "100111620", "108114270", "113117550", "104114320", "110116290", "107114280", "99110050", "103111480", "104117630", "111119930", "103113170", "107118120", "100109360", "105112260", "108117451", "111117571", "113122150", "106113360", "100112060", "98112300", "113118231", "109121410", "100117420", "111121410", "111114321", "109116930", "103112641", "106114150", "110118630", "103111990", "103110050", "103118110", "113120640", "104112470", "105113480", "113122160", "98112170", "101119591", "110118930", "112121030", "103113260", "99111620", "98106880", "105116441", "108115070", "97116500", "103111620", "111120540", "104111380", "111118301", "97106000", "105116980", "108115250", "101109120", "102109910", "110115120", "99107300", "106116120", "111118910", "99108000", "99107630", "107116501", "100108490", "111116640", "108113700", "102110890", "106113170", "103110220"], "labels": [0, 2, 0, 0, 1, 2, 1, 1, 2, 3, 1, 3, 3, 3, 3, 2, 3, 3, 3, 3, 3, 3, 2, 1, 3, 1, 0, 3, 0, 2, 1, 1, 1, 3, 1, 0, 1, 0, 3, 3, 3, 3, 3, 3, 2, 0, 3, 0, 0, 0, 1, 2, 3, 1, 0, 3, 1, 3, 2, 1, 1, 3, 2, 1, 3, 1, 0, 0, 1, 0, 0, 1, 1, 3, 3, 3, 3, 2, 2, 3, 3, 0, 0, 1, 3, 3, 0, 3, 2, 3, 2, 0, 2, 2, 3, 0, 2, 0, 1, 0, 3, 1, 1, 2, 3, 2, 0, 1, 0, 3, 3, 0, 1, 0, 3, 3, 0, 1, 1, 2, 0, 1, 3, 3, 0, 0, 1, 1, 2, 0, 3, 1, 0, 2, 2, 1, 2, 0, 0, 0, 0, 2], "predicted_labels": [0, 1, 1, 1, 3, 0, 1, 1, 1, 1, 1, 1, 1, 3, 1, 1, 3, 1, 0, 1, 1, 1, 1, 1, 1, 1, 3, 1, 3, 1, 1, 1, 1, 0, 1, 1, 1, 1, 1, 1, 1, 0, 3, 3, 1, 0, 1, 1, 1, 1, 1, 0, 1, 1, 1, 3, 1, 1, 1, 3, 2, 0, 0, 3, 0, 1, 1, 1, 1, 1, 0, 1, 1, 1, 3, 1, 1, 1, 0, 1, 3, 3, 1, 1, 1, 1, 0, 1, 3, 1, 1, 1, 3, 0, 1, 3, 1, 1, 1, 0, 1, 3, 1, 1, 3, 1, 0, 1, 1, 1, 0, 0, 1, 0, 3, 1, 1, 1, 1, 1, 1, 3, 1, 1, 2, 3, 3, 1, 0, 3, 3, 1, 3, 1, 3, 1, 1, 3, 1, 3, 1, 1], "confidence_scores": [[0.3083549753143914, 0.2546169094966522, 0.13340492743696758, 0.30362318775198893], [0.236257949516021, 0.33158568745759864, 0.19098656060273111, 0.24116980242364947], [0.29325793017045343, 0.34810638892472084, 0.14206997928069603, 0.21656570162413], [0.26577851193213164, 0.2883101253034376, 0.2343253822727096, 0.2115859804917212], [0.1962208572205853, 0.252438044782589, 0.26050064370811, 0.290840454288716], [0.28592671846620027, 0.26089553091395384, 0.18793806463121177, 0.2652396859886341], [0.24671062856950776, 0.3184376932905333, 0.18466050711789245, 0.2501911710220666], [0.29163394020282724, 0.3177075317381968, 0.1425648816058941, 0.24809364645308174], [0.22273458570457355, 0.289629769813854, 0.27346045499076876, 0.214175189490804], [0.2817240379041109, 0.3037101051850603, 0.1486525113156814, 0.2659133455951475], [0.18574332208947658, 0.32215055460305914, 0.2434049911154753, 0.24870113219198908], [0.20836260875097182, 0.31423516062268736, 0.2097639014525957, 0.267638329173745], [0.233515356786895, 0.3047339170767234, 0.21437532303285883, 0.24737540310352268], [0.2750165980527305, 0.27639185591146254, 0.1350518355695912, 0.31353971046621604], [0.2684528143662687, 0.29881432395477864, 0.13621409223620617, 0.29651876944274647], [0.18992082254747525, 0.30180675714536825, 0.2488949543072264, 0.2593774659999301], [0.2689604465443185, 0.27337484516752464, 0.16998958044439852, 0.2876751278437586], [0.2658499207501104, 0.31402161921462296, 0.15705709715102129, 0.2630713628842456], [0.31035913299985163, 0.29727327674513676, 0.15191781334566945, 0.240449776909342], [0.2509755739159103, 0.3130923629810265, 0.21758602947857725, 0.2183460336244859], [0.26319486472307346, 0.28075293564750115, 0.1878220705918653, 0.26823012903756], [0.2427203432337125, 0.3089653023483578, 0.18042523706502503, 0.2678891173529046], [0.17576985029736542, 0.3096501661767247, 0.25556449086615624, 0.2590154926597535], [0.2685737040729239, 0.2870330340874175, 0.17855359172389484, 0.2658396701157639], [0.25157097750505175, 0.34694112799106025, 0.18559667490644094, 0.21589121959744698], [0.21452831902586372, 0.2995053049543665, 0.19819549478455584, 0.2877708812352139], [0.26468702334697897, 0.23374077943139007, 0.19331330857811704, 0.30825888864351414], [0.25547630200078286, 0.3344124782772277, 0.12714835549018444, 0.2829628642318051], [0.20988111455224887, 0.24394083082736476, 0.23593706893404393, 0.31024098568634256], [0.24274849664952555, 0.3062170255998535, 0.1689937527850619, 0.2820407249655592], [0.2508243866490319, 0.32410838214747195, 0.1605761543216778, 0.2644910768818186], [0.2459781777130301, 0.27755138599909956, 0.2062735653255999, 0.2701968709622706], [0.17687531972736753, 0.33527894144693254, 0.21821185769628396, 0.2696338811294159], [0.3615022727603692, 0.2698333631520452, 0.1490888661595261, 0.21957549792805936], [0.26416937357308096, 0.28942228998879416, 0.16469495461128414, 0.2817133818268409], [0.23527692354522928, 0.3545226779252566, 0.1502263705337187, 0.2599740279957957], [0.2031671727016913, 0.33504560094217795, 0.1746014263583076, 0.2871857999978235], [0.2839516253432969, 0.28456699395471896, 0.15157613206877138, 0.2799052486332128], [0.2942354238495977, 0.33099554858712416, 0.13485519576829794, 0.23991383179497996], [0.25174131136869776, 0.3644257203371103, 0.16372461435473049, 0.22010835393946174], [0.30376565330785543, 0.33281257775950834, 0.11321299403922568, 0.2502087748934106], [0.28887360366554465, 0.28595164570216697, 0.18404501876607376, 0.24112973186621475], [0.2292367173784888, 0.2572635486599609, 0.23059903500528145, 0.2829006989562688], [0.1802219754644057, 0.2768438917813102, 0.22908520696502438, 0.3138489257892598], [0.24009571378139544, 0.3434401052347822, 0.16591037976979975, 0.25055380121402276], [0.3285333978825063, 0.2873190935482049, 0.101996402788553, 0.2821511057807358], [0.2843895864737885, 0.289068334562146, 0.20481347199342925, 0.2217286069706365], [0.1863968810048226, 0.3162293545341932, 0.2768366856394107, 0.2205370788215737], [0.23356980133546948, 0.2833907577505883, 0.21421624904761324, 0.268823191866329], [0.26077392778234804, 0.28833020278563687, 0.19197150523911233, 0.258924364192903], [0.2751937924321096, 0.2866129369766093, 0.2034155483567608, 0.23477772223452043], [0.3334947790445231, 0.23742282448447802, 0.1897324836037155, 0.23934991286728358], [0.19371993554242015, 0.30835631889353254, 0.19584783359781974, 0.30207591196622763], [0.24200443750995176, 0.31449855402694893, 0.20164319443950657, 0.24185381402359268], [0.2621788293478457, 0.28106447553519315, 0.18026266631792773, 0.27649402879903345], [0.2384138395373787, 0.290958443037692, 0.1725210118516654, 0.29810670557326424], [0.309176415348393, 0.32311051969777765, 0.14746605358014875, 0.22024701137368066], [0.2326866248672319, 0.2849284492945092, 0.22752751822785375, 0.25485740761040526], [0.26417857576556164, 0.3581035744700303, 0.1709504302992865, 0.20676741946512128], [0.2536562412978755, 0.2627616069515159, 0.20367344682933633, 0.2799087049212722], [0.18728374259187347, 0.2655455992370797, 0.29520919316820515, 0.2519614650028418], [0.3111663310479786, 0.29026899651482835, 0.1415060289706996, 0.2570586434664936], [0.2869815814576901, 0.26841567536522865, 0.16926503560229011, 0.27533770757479104], [0.2239732232213482, 0.2808742799063374, 0.1831016099185795, 0.3120508869537351], [0.3032049122718421, 0.24252074963543488, 0.204877777610537, 0.24939656048218595], [0.23505501410240442, 0.2936390569431087, 0.20339159982031557, 0.26791432913417146], [0.2262398241260581, 0.31505794461326786, 0.19558336102608176, 0.2631188702345923], [0.24040592969887448, 0.30149384601367735, 0.21641461060176495, 0.24168561368568336], [0.19548089840350966, 0.36240383846054103, 0.19452899777889712, 0.24758626535705233], [0.27575642708313225, 0.34611906817253685, 0.1430812361089588, 0.23504326863537206], [0.31626124444394166, 0.27032174542716364, 0.1552787338106973, 0.2581382763181976], [0.26737215584572915, 0.29395866214663197, 0.16950601163918377, 0.2691631703684552], [0.2235477050603601, 0.29253759242122507, 0.2192889529440425, 0.26462574957437257], [0.21208977932457188, 0.3263843380870066, 0.17775935685436078, 0.28376652573406075], [0.21088023022879715, 0.27388558290862286, 0.23950151899694716, 0.2757326678656331], [0.22916647215689567, 0.37639779884327845, 0.18158708676209045, 0.2128486422377354], [0.1959487823125905, 0.31844030035964954, 0.21779228306950865, 0.2678186342582515], [0.21288037677675245, 0.3046597593140331, 0.22468113482079677, 0.2577787290884179], [0.30698388607014865, 0.2648788472546465, 0.17233931827474586, 0.25579794840045944], [0.24874811316600723, 0.33049905824991993, 0.19270126411913452, 0.2280515644649382], [0.2396095610297175, 0.2756806091362944, 0.19746288831766118, 0.2872469415163269], [0.25862391784998445, 0.23602850558433885, 0.19402421287560812, 0.31132336369006863], [0.2608097944845124, 0.277662081992531, 0.21129311178629426, 0.25023501173666235], [0.2336102264843111, 0.2771200352649677, 0.2233440852715933, 0.2659256529791282], [0.20370448735948016, 0.3356100648038701, 0.19847223408349682, 0.26221321375315276], [0.22618384545719675, 0.3648610962679926, 0.15694442849232412, 0.25201062978248656], [0.2970817899634243, 0.26340449373240743, 0.15888102375792662, 0.2806326925462415], [0.2441323934544466, 0.310551735620668, 0.19781109308248152, 0.247504777842404], [0.2688274960416176, 0.262775597234102, 0.16075016503021777, 0.3076467416940629], [0.2581618943096968, 0.3372638264497098, 0.13328660038942328, 0.2712876788511703], [0.21764955661498692, 0.29992723433269164, 0.22644015511557206, 0.25598305393674925], [0.2568108489075144, 0.3005164297678936, 0.1650270151730134, 0.27764570615157863], [0.2572612303338513, 0.2295065570566573, 0.21260616691268627, 0.3006260456968051], [0.349926306424897, 0.2296126640640842, 0.17863047811726687, 0.24183055139375192], [0.23969147623246595, 0.2866956249835812, 0.1894836128425103, 0.2841292859414426], [0.21381266700776852, 0.2877901832050423, 0.202200976029896, 0.29619617375729296], [0.23504037622304602, 0.3095886464959786, 0.21271503379117615, 0.24265594348979933], [0.24793998521650662, 0.3043692123230953, 0.18041595103396552, 0.2672748514264329], [0.2417476950534714, 0.30797413177263455, 0.18479979976478067, 0.2654783734091135], [0.3232908718621477, 0.27266073706742494, 0.132312445166532, 0.2717359459038956], [0.27653537075529505, 0.30438451496627794, 0.15017602674857106, 0.268904087529856], [0.2641611590123358, 0.25805084689534374, 0.19570611792356035, 0.28208187616876024], [0.23514729341255283, 0.30594858983055034, 0.19195971690661973, 0.2669443998502771], [0.23542875538610195, 0.28241266126381726, 0.2092405202429327, 0.27291806310714806], [0.19734309128319238, 0.26797277979720596, 0.24823273770176132, 0.28645139121784047], [0.23204099768048406, 0.3076662116051313, 0.20575567944729922, 0.2545371112670853], [0.2994034118440072, 0.28318825938167164, 0.17377013795647134, 0.2436381908178498], [0.21398890439205343, 0.32999453367382003, 0.18662405624819262, 0.269392505685934], [0.18893472819930326, 0.3142154609879532, 0.2105069195535088, 0.28634289125923496], [0.23452548553327124, 0.3078484239232866, 0.21393499179979664, 0.2436910987436455], [0.3074363861110589, 0.26030907513298723, 0.17167775887905715, 0.26057677987689676], [0.3285776955210906, 0.27395590192093044, 0.14425982986529778, 0.25320657269268115], [0.18278183702110387, 0.304477333713575, 0.24456096169070723, 0.2681798675746141], [0.305222930167823, 0.24299819579935866, 0.14857307442894688, 0.30320579960387145], [0.22154923540491966, 0.3033246420791118, 0.16008978032144, 0.3150363421945285], [0.18972547969175266, 0.3583622167347474, 0.2169075435965572, 0.23500475997694278], [0.2176736386931939, 0.3001686138457231, 0.239923884434751, 0.24223386302633215], [0.2518922209947228, 0.37323462971390425, 0.1373597666394664, 0.2375133826519067], [0.2637581061687614, 0.32613177670247295, 0.17356831895446767, 0.23654179817429807], [0.2942847268678655, 0.2957204435496519, 0.19850549474983342, 0.2114893348326494], [0.18580705462581032, 0.2907654668137176, 0.23579025855703925, 0.28763722000343284], [0.2532822182210019, 0.28635939932062887, 0.16563015515939522, 0.2947282272989741], [0.2689928568301562, 0.2965499458444546, 0.18623963497412355, 0.2482175623512656], [0.2950316430216798, 0.3116308242316432, 0.18083366420907082, 0.21250386853760628], [0.17668220888689773, 0.25527030477558266, 0.28922171429955024, 0.2788257720379693], [0.2571535983895679, 0.2635035162125792, 0.2017203259483009, 0.27762255944955205], [0.2260352545633698, 0.2714497267702823, 0.2050589204488418, 0.297456098217506], [0.2635751102830738, 0.3007187752778715, 0.19118771658556738, 0.24451839785348745], [0.2686915886732915, 0.2659288989607443, 0.21493603902341288, 0.25044347334255124], [0.19978151249283538, 0.28496562277230103, 0.22129949062472964, 0.293953374110134], [0.27121907501298187, 0.23476887851860867, 0.1921592534465187, 0.3018527930218908], [0.22364951833904143, 0.27164733076911574, 0.24371385794816103, 0.2609892929436818], [0.23692577649780153, 0.28115581852712984, 0.2000976030551322, 0.2818208019199366], [0.21113769622337616, 0.3887847914872632, 0.18102234082244947, 0.21905517146691142], [0.29863964104245505, 0.1913803716896513, 0.17709357804914583, 0.332886409218748], [0.25859724116884686, 0.31659944459126627, 0.166348362367264, 0.25845495187262285], [0.21872501503962258, 0.2725719372702326, 0.23641667236854816, 0.27228637532159683], [0.2278969718245745, 0.28462745440418763, 0.16916703234883002, 0.31830854142240805], [0.21766263566181301, 0.31087116382075647, 0.20973833067085804, 0.26172786984657254], [0.2637412047154402, 0.2297368049690704, 0.2225525724300291, 0.2839694178854606], [0.283888430169102, 0.30186224094557024, 0.17097174037106716, 0.24327758851426082], [0.1383784762776072, 0.3339084297554682, 0.27565813203386846, 0.2520549619330561]]}, "rewritten": {"ids": ["97105760", "97106000", "97106820", "97107681", "97108520", "97109080", "97114170", "97116500", "98106880", "98108150", "98111670", "98112170", "98112300", "98116500", "98120010", "99107300", "99107630", "99107640", "99107660", "99108000", "99108010", "99109161", "99109860", "99110050", "99111620", "100108490", "100109360", "100111620", "100112060", "100113210", "100117420", "101108500", "101109120", "101119591", "102109910", "102110890", "102117351", "103110050", "103110220", "103111480", "103111620", "103111990", "103112641", "103113101", "103113170", "103113260", "103118110", "104109311", "104111380", "104111880", "104111990", "104112201", "104112470", "104114320", "104116800", "104117630", "105112260", "105113480", "105113620", "105116441", "105116980", "105117200", "105119550", "105121370", "106113170", "106113360", "106114150", "106116120", "106117770", "107113130", "107113200", "107114110", "107114280", "107116501", "107118120", "107118820", "108113700", "108114270", "108115070", "108115250", "108115500", "108117451", "108119550", "108120260", "108121190", "108121351", "109113591", "109113931", "109116170", "109116810", "109116930", "109117080", "109117110", "109118161", "109119591", "109121410", "110114610", "110115120", "110115980", "110116290", "110116441", "110118630", "110118701", "110118930", "110120190", "110120560", "110121450", "110121720", "111114121", "111114171", "111114321", "111116640", "111117200", "111117480", "111117571", "111118301", "111118910", "111119250", "111119340", "111119930", "111119950", "111120260", "111120540", "111121351", "111121410", "112116501", "112116880", "112116900", "112118421", "112118511", "112118550", "112120290", "112120990", "112121030", "113117401", "113117550", "113118231", "113119930", "113120640", "113121950", "113122150", "113122160"], "labels": [0, 0, 1, 3, 2, 2, 2, 2, 0, 0, 1, 3, 2, 2, 2, 3, 2, 1, 3, 2, 2, 3, 2, 3, 3, 2, 0, 3, 2, 0, 2, 3, 1, 0, 2, 0, 1, 3, 2, 0, 0, 2, 3, 3, 3, 3, 2, 3, 3, 3, 2, 0, 1, 2, 1, 0, 3, 0, 0, 1, 0, 3, 1, 2, 0, 0, 1, 1, 0, 1, 0, 1, 3, 1, 3, 3, 0, 3, 1, 1, 3, 2, 1, 1, 1, 3, 3, 1, 0, 3, 0, 1, 1, 0, 0, 0, 1, 0, 1, 2, 3, 1, 3, 1, 3, 0, 3, 3, 0, 3, 1, 0, 0, 1, 3, 3, 0, 1, 3, 1, 0, 3, 1, 0, 0, 3, 0, 3, 3, 1, 3, 1, 2, 0, 3, 3, 3, 1, 0, 3, 2, 3], "predicted_labels": [0, 0, 0, 0, 0, 0, 0, 0, 1, 0, 1, 0, 0, 0, 0, 0, 0, 0, 0, 0, 0, 0, 1, 0, 0, 0, 0, 0, 0, 0, 0, 1, 0, 0, 0, 0, 0, 1, 1, 1, 0, 0, 0, 0, 1, 0, 0, 0, 0, 1, 3, 0, 0, 0, 0, 0, 1, 1, 0, 0, 1, 0, 1, 0, 0, 0, 0, 0, 0, 0, 1, 0, 1, 0, 1, 0, 1, 1, 0, 0, 3, 0, 0, 0, 1, 0, 0, 0, 0, 1, 0, 0, 1, 0, 0, 0, 0, 1, 0, 0, 0, 3, 0, 0, 0, 0, 1, 0, 0, 0, 0, 0, 0, 0, 0, 0, 0, 0, 0, 0, 0, 0, 0, 0, 0, 0, 0, 0, 0, 0, 1, 0, 0, 0, 0, 0, 1, 0, 0, 0, 3, 0], "confidence_scores": [[0.31833882198127034, 0.2794249594093483, 0.16264711269853116, 0.23958910591085025], [0.28366018786715946, 0.2764545296282147, 0.2095986949346794, 0.23028658756994635], [0.35041759084898544, 0.22395948307641247, 0.18787157698553145, 0.23775134908907067], [0.3446918147205595, 0.280860791946889, 0.17455652608503766, 0.19989086724751398], [0.3264356787250542, 0.2843594847974856, 0.16671026256733562, 0.22249457391012462], [0.297552782710363, 0.29016108738282664, 0.17134795322293864, 0.24093817668387157], [0.30580681050806474, 0.2502393293024948, 0.18926177155436755, 0.254692088635073], [0.33355039824323257, 0.2759842442820224, 0.17781013620822061, 0.21265522126652445], [0.26091494426990103, 0.27260008648228407, 0.23148136175827566, 0.2350036074895393], [0.3328687026208687, 0.2908633104479227, 0.17086869327019394, 0.20539929366101464], [0.2539751227404718, 0.29846855096722297, 0.1666768804883198, 0.2808794458039856], [0.32183261425088816, 0.2617810897005326, 0.16332834660806678, 0.2530579494405125], [0.3708653284245401, 0.2575269303538085, 0.14229335847020128, 0.22931438275145002], [0.3706101535598714, 0.26280931955524545, 0.17966086158878747, 0.1869196652960953], [0.342081178831543, 0.27684171849650296, 0.16201785035427244, 0.21905925231768184], [0.38571156301027315, 0.2143357564753671, 0.13971133323971374, 0.26024134727464615], [0.29525858649213127, 0.2515300641152686, 0.18158606309391256, 0.27162528629868743], [0.34650466105188016, 0.3140536215856985, 0.12883290871237593, 0.2106088086500454], [0.3684294251078943, 0.24665166030256255, 0.13760191613921646, 0.24731699845032676], [0.3545934691935551, 0.30234405422467736, 0.14657380031463096, 0.1964886762671366], [0.34446409332889627, 0.2842445670115592, 0.15945356492551346, 0.21183777473403112], [0.3797562499627982, 0.2664980567127345, 0.17296740757197626, 0.1807782857524911], [0.30847793783678235, 0.3531056392560594, 0.13936380482248878, 0.19905261808466929], [0.3625572785954159, 0.25799947066533735, 0.17391033749798276, 0.20553291324126388], [0.3786749822577215, 0.2920715801339455, 0.1726571107557181, 0.15659632685261463], [0.32860838014847993, 0.2908767135053479, 0.1614798699947767, 0.21903503635139546], [0.37855740433790347, 0.2905928880876321, 0.15235200302710586, 0.17849770454735847], [0.3339008437540808, 0.2677469489549178, 0.1448763293998326, 0.2534758778911689], [0.3270490766622745, 0.264598495087406, 0.15029770846462095, 0.2580547197856986], [0.34315134377993656, 0.23402224090279858, 0.15956491787545304, 0.26326149744181193], [0.3390717191484322, 0.2576065782322787, 0.16155836536526827, 0.241763337254021], [0.2514872571110084, 0.27231348269910705, 0.2058086444437499, 0.27039061574613493], [0.29921671171110664, 0.24985325886399867, 0.204714945691625, 0.24621508373326972], [0.37558430120461384, 0.2274251070903142, 0.12124274892595872, 0.27574784277911335], [0.32132667272233695, 0.29356262328205646, 0.17125239831725161, 0.2138583056783547], [0.3478879147980063, 0.2279047913494675, 0.15264010740473244, 0.27156718644779393], [0.38132735448161115, 0.2683684979201027, 0.11873223163079187, 0.23157191596749438], [0.25485305245141815, 0.27453340977691043, 0.2194461663761258, 0.25116737139554574], [0.2808987708424765, 0.2924227055275331, 0.18835836777316664, 0.23832015585682392], [0.257642161593974, 0.28505029554423794, 0.20453755677448526, 0.2527699860873026], [0.35335168366585046, 0.3086256037477287, 0.1409959972049444, 0.1970267153814766], [0.33594230240058165, 0.26379528743039604, 0.15728317216828175, 0.2429792380007407], [0.31057732648943526, 0.29542021971735855, 0.1624423210742876, 0.2315601327189186], [0.34559223957867147, 0.27970454148104534, 0.18041222446933397, 0.19429099447094927], [0.2292656082085245, 0.36761195489829973, 0.18006033935710897, 0.22306209753606684], [0.32735164268245265, 0.26209477620858723, 0.17739639401018412, 0.23315718709877586], [0.32466742278495525, 0.25672965729074243, 0.1945966107192469, 0.22400630920505563], [0.37464939810459696, 0.23423534395394774, 0.13479087090720937, 0.25632438703424604], [0.3254950188605147, 0.27084352720640487, 0.15312077129777038, 0.25054068263531015], [0.2615274168625529, 0.29288283656342956, 0.16055825275823443, 0.2850314938157832], [0.2857558646090121, 0.25327401917066006, 0.1736219147848649, 0.28734820143546297], [0.46058017524477984, 0.23423710207751824, 0.10941774598905706, 0.19576497668864498], [0.334804878592427, 0.2835450328591338, 0.15858768990997335, 0.22306239863846575], [0.3358729573010148, 0.29416100603968354, 0.1568727774073056, 0.21309325925199626], [0.3324648206250969, 0.2668672408825998, 0.1776720092399794, 0.22299592925232437], [0.2817128237017982, 0.2776007962754147, 0.1660384115865533, 0.2746479684362339], [0.2733186728792272, 0.3401277271420556, 0.14606331766027203, 0.24049028231844535], [0.2784344137423315, 0.3065693091214899, 0.17871165044750054, 0.23628462668867808], [0.3655530210129425, 0.26351343559221435, 0.14926188009066668, 0.22167166330417631], [0.38049165920373773, 0.24330297371429183, 0.1404359838880153, 0.23576938319395516], [0.2833960852400028, 0.30465599243223235, 0.1534938244643209, 0.25845409786344403], [0.297882682245848, 0.2719082956248903, 0.18679762327358923, 0.24341139885567256], [0.24553982334655677, 0.34808398553064934, 0.15145514577062777, 0.25492104535216614], [0.3122168807858953, 0.25446431467808694, 0.17246474175640703, 0.2608540627796108], [0.3624842001513626, 0.27497300218053533, 0.17403573069678793, 0.18850706697131428], [0.3596543759364458, 0.2938334098036995, 0.16158392289938373, 0.18492829136047106], [0.37014572403841894, 0.24771380491514175, 0.1597806818399413, 0.22235978920649807], [0.30192452680629317, 0.273826367109687, 0.20741594282813197, 0.21683316325588822], [0.3132907145060324, 0.2613994274481957, 0.2017943502353905, 0.2235155078103811], [0.32706585638982055, 0.24648759598021183, 0.1755901683159748, 0.2508563793139928], [0.24935692191201528, 0.28518529082520777, 0.20710069860710614, 0.258357088655671], [0.33152058477673885, 0.2781232068883681, 0.1642989657293559, 0.22605724260553725], [0.2978587048671401, 0.3269426175434271, 0.15269478182376978, 0.22250389576566298], [0.3946292489684988, 0.25988910465316734, 0.12829647340940087, 0.21718517296893314], [0.2205402536374501, 0.3323732484517325, 0.17589029051045338, 0.27119620740036426], [0.2993278908229454, 0.2924677909770597, 0.14784713194900828, 0.26035718625098664], [0.19787546046333634, 0.3087151623775823, 0.21881292915716385, 0.27459644800191735], [0.31733170713215303, 0.321538080061153, 0.14956948643125456, 0.2115607263754396], [0.30423667268168214, 0.29522305252126413, 0.16037344561275899, 0.24016682918429466], [0.27510438608568, 0.2667496607891368, 0.2028675949926494, 0.25527835813253386], [0.25112142160364265, 0.26134113440956885, 0.2190233151107077, 0.26851412887608084], [0.32374680021095165, 0.28284034863717006, 0.15341383260332198, 0.23999901854855613], [0.30276896819736737, 0.2928464239520744, 0.17541976379751623, 0.228964844053042], [0.32313010594662733, 0.2637750169998073, 0.1704929918197472, 0.24260188523381795], [0.2705224932332467, 0.31245162454922687, 0.16269602256277887, 0.2543298596547478], [0.3162752785036075, 0.3066960556021262, 0.16701795202989952, 0.2100107138643667], [0.3362933454237631, 0.2675233891032808, 0.1435665249566866, 0.2526167405162695], [0.33777104163303584, 0.2796477624057381, 0.17834862007580757, 0.20423257588541882], [0.3165705426030363, 0.2709342425052012, 0.19273438918546718, 0.2197608257062952], [0.265438034665747, 0.30191987199899023, 0.15196382788089885, 0.2806782654543641], [0.32841921023919163, 0.25529517554487047, 0.15134057276542603, 0.2649450414505118], [0.3168299276090437, 0.2740995295576471, 0.13554037093415885, 0.2735301718991504], [0.2803826782820926, 0.30145831532025996, 0.14969355684725724, 0.2684654495503905], [0.40762705022089263, 0.2547767985028513, 0.13993846175916042, 0.1976576895170959], [0.3685811435404602, 0.2667877875953933, 0.15801744731634304, 0.20661362154780366], [0.33262990603998466, 0.26755104285791825, 0.1481620611847414, 0.2516569899173559], [0.40299873801960734, 0.2510930086609312, 0.13744396989401017, 0.20846428342545123], [0.25557692327342063, 0.3101668550242955, 0.1776261596951777, 0.25663006200710625], [0.3001497241804343, 0.2520431608767633, 0.18283341159135905, 0.26497370335144343], [0.3196529624012243, 0.28729343161131143, 0.16680936923461456, 0.22624423675284988], [0.36935433135046586, 0.28974743002973913, 0.14195220483723658, 0.1989460337825586], [0.22234212410674253, 0.26164245502558076, 0.23642732600149657, 0.2795880948661804], [0.4065410173683038, 0.2775077341584681, 0.1323247992240356, 0.18362644924919252], [0.38243539098524115, 0.24246637273018223, 0.17289210625577334, 0.20220613002880317], [0.3880815276933729, 0.2587062565238384, 0.13408135418433867, 0.21913086159844994], [0.33690147748136356, 0.25804475346510136, 0.16635016188265397, 0.23870360717088132], [0.251238905931818, 0.2990080583688617, 0.19254032189410278, 0.2572127138052177], [0.34363910563057287, 0.287703235646248, 0.15377646338701312, 0.21488119533616626], [0.3619902541663101, 0.26723569214837456, 0.1342242210937861, 0.23654983259152945], [0.35099920643807925, 0.22622067399686624, 0.1666695931755365, 0.2561105263895178], [0.34879255942122106, 0.31173881235416373, 0.1709720600881419, 0.16849656813647332], [0.29332185387257803, 0.2533471523480356, 0.19670785333827215, 0.25662314044111434], [0.3205806561703205, 0.2504544738147413, 0.1677633812938053, 0.26120148872113313], [0.3864364086325244, 0.26152529464011576, 0.13298425379010984, 0.21905404293724992], [0.3393151172087341, 0.2694494079470767, 0.1642396042260167, 0.2269958706181725], [0.4092124929645102, 0.24972736388626676, 0.15048100844015283, 0.19057913470907017], [0.3220875884203396, 0.2730314361806368, 0.1496766294228118, 0.2552043459762119], [0.32723412911918254, 0.2815848444242125, 0.15942597898394487, 0.23175504747266026], [0.38359843716016123, 0.23960471206273112, 0.1413607971691059, 0.2354360536080017], [0.3037402565757703, 0.23529701676267029, 0.1950636363933098, 0.26589909026824954], [0.3521206326978701, 0.2699287172740233, 0.1470155236571092, 0.23093512637099745], [0.3306218859698034, 0.26151805729766314, 0.17342975919886056, 0.2344302975336727], [0.3868533578467035, 0.26718719713710753, 0.12112852469912225, 0.22483092031706683], [0.33543240788348044, 0.2673911328110295, 0.1962390039187903, 0.2009374553866997], [0.3292059465114423, 0.2655390117735627, 0.12143285399437173, 0.28382218772062334], [0.40528036217033686, 0.2768936092568846, 0.14609705536667644, 0.17172897320610178], [0.2881775556870749, 0.27966670768350876, 0.18620952594007711, 0.24594621068933936], [0.35624024835569723, 0.26747964750872366, 0.18879639865969874, 0.1874837054758803], [0.30512891838301576, 0.2685248611324844, 0.19547853606442506, 0.23086768442007488], [0.34309392734784516, 0.2867696988907628, 0.11719887916087408, 0.252937494600518], [0.26663106806209064, 0.2808772356508192, 0.22381942112246492, 0.22867227516462507], [0.2946399167622225, 0.2671601458951679, 0.15609981590232097, 0.28210012144028856], [0.3190178823505857, 0.30446523413276494, 0.13634689172009007, 0.24016999179655932], [0.3447660373829148, 0.22189926967315515, 0.1434930360203439, 0.2898416569235862], [0.3744791159038423, 0.2934660222900522, 0.130037779280085, 0.20201708252602033], [0.3038587528955593, 0.2939542336809076, 0.17299717386921387, 0.22918983955431954], [0.279654256062506, 0.2897573107586951, 0.16954640815558666, 0.2610420250232123], [0.2761769050241063, 0.263895560021549, 0.199027795994378, 0.26089973895996676], [0.3602395603631667, 0.2611833540044325, 0.15608924000216653, 0.22248784563023422], [0.3212654566123339, 0.2705640974697186, 0.17038132296600705, 0.23778912295194043], [0.24836539660804335, 0.2766540271055097, 0.19608910285330886, 0.27889147343313825], [0.3139298948666063, 0.2998075535597706, 0.1748842932008889, 0.21137825837273427]]}}