{"test": {"ids": ["108120700", "100109801", "108114220", "98106680", "113122650", "105113190", "111117000", "113121010", "100113370", "103120340", "109116810", "100108520", "113122320", "102109010", "106114321", "102113210", "103120531", "111119290", "113118820", "107114780", "108114180", "112118471", "107121230", "105116090", "98117740", "106113170", "104116980", "112120700", "107113260", "113117630", "107113130", "108113620", "102110750", "103113270", "113118421", "108120621", "109114270", "110119030", "112120670", "98107210", "97106000", "112118511", "108119510", "100108080", "102121440", "113119950", "99109370", "97116790", "108117360", "100108580", "110118161", "98111860", "103113610", "99108080", "112118620", "112116640", "112116540", "98119591", "101119030", "108113760", "100110050", "108113740", "107116300", "108114270", "98109570", "102112030", "113119450", "111120531", "98111620", "109113281", "104114410", "113120280", "112120290", "106116441", "103111540", "110119891", "102109910", "105120280", "106111321", "99111340", "99109780", "113119930", "108121160", "105114220", "104112470", "109118161", "113118231", "97107260", "104119340", "104109311", "106120640", "98106111", "106118301", "104116800", "108119330", "113121190", "110117870", "102118380", "112119320", "113118690", "100117420", "97106600", "105116980", "99108890", "111120280", "100113210", "103111110", "108121190", "108115880", "112117471", "103113640", "98107010", "99108010", "107118490", "103117200", "107121540", "102109850", "97114170", "108118810", "101113210", "113122510", "112116850", "103113101", "109114720", "111117200", "106117770", "110120700", "113119480", "112116810", "113117340", "103112641", "105112130", "108115970", "104113550", "112119120", "109119460", "110120531", "106117790", "103109641", "105115720", "113120751", "98109090"], "labels": [2, 0, 3, 1, 2, 3, 0, 2, 3, 1, 3, 2, 1, 1, 2, 3, 3, 3, 0, 2, 1, 1, 0, 1, 2, 0, 1, 2, 0, 0, 1, 3, 1, 2, 3, 1, 3, 0, 2, 1, 0, 1, 1, 0, 2, 0, 1, 2, 1, 0, 0, 0, 2, 3, 3, 0, 1, 1, 3, 1, 3, 3, 0, 3, 1, 2, 3, 0, 3, 0, 1, 0, 1, 0, 1, 3, 2, 3, 0, 1, 2, 1, 2, 3, 1, 0, 3, 2, 1, 3, 3, 0, 1, 1, 0, 1, 3, 1, 1, 3, 2, 3, 0, 0, 0, 0, 3, 1, 3, 3, 1, 3, 2, 2, 0, 2, 1, 2, 1, 3, 2, 0, 3, 0, 0, 0, 2, 3, 3, 2, 3, 1, 2, 1, 1, 1, 0, 1, 1, 1, 1, 1], "predicted_labels": [3, 3, 1, 1, 0, 3, 1, 1, 2, 3, 1, 3, 0, 1, 2, 2, 0, 3, 0, 2, 3, 1, 1, 0, 2, 1, 2, 2, 2, 0, 2, 1, 1, 2, 3, 0, 3, 3, 1, 2, 3, 1, 2, 1, 3, 3, 2, 2, 2, 1, 0, 2, 2, 3, 1, 0, 1, 1, 0, 0, 3, 0, 3, 3, 1, 1, 0, 2, 2, 0, 3, 0, 1, 0, 3, 1, 3, 1, 3, 2, 1, 1, 1, 0, 1, 1, 3, 2, 0, 3, 1, 1, 1, 3, 0, 1, 3, 1, 1, 1, 2, 2, 0, 3, 3, 3, 0, 1, 2, 3, 3, 2, 2, 2, 0, 3, 1, 1, 3, 0, 1, 1, 3, 3, 0, 3, 3, 3, 1, 1, 2, 2, 3, 2, 0, 3, 3, 2, 3, 1, 2, 3], "confidence_scores": [[9.158784460645852e-06, 0.0011353074339308425, 8.56387441597256e-07, 0.9988546773941668], [0.0008647915923042351, 0.027735153813824895, 4.656528886192953e-06, 0.9713953980649846], [0.00014285465139262816, 0.8109279757573844, 0.18734711736442808, 0.0015820522267948297], [8.249336457515302e-08, 0.9850025200097553, 0.014872634654039946, 0.00012476284284002807], [0.7905715666911485, 0.14776439146621323, 0.0021058996015030557, 0.05955814224113515], [0.29023265602824966, 0.00012111494218676335, 0.021973754157299786, 0.6876724748722638], [0.002190611110942993, 0.9965378629351496, 1.2311179410071476e-05, 0.001259214774497549], [2.0446112304796068e-05, 0.9867650825999141, 0.0016280549186170666, 0.011586416369164021], [0.048818161037331095, 0.0064084643223103685, 0.8255208556511415, 0.11925251898921704], [0.01770795602107998, 0.02948064845442442, 0.2172641815763953, 0.7355472139481004], [0.4370787457357469, 0.5614604562047084, 3.2538073618096144e-06, 0.0014575442521828446], [0.00047777923331324953, 0.0005975826510808558, 0.002541588257272817, 0.9963830498583331], [0.9152737828401016, 0.08150138225075279, 0.0031784318848792534, 4.640302426646224e-05], [0.02769721971101688, 0.9200389826104667, 0.04114879834342747, 0.011114999335088976], [0.14166258603756463, 0.003594158316864578, 0.48213623076326045, 0.3726070248823104], [0.00029501285740112925, 0.0005588871314086543, 0.9728753424936889, 0.026270757517501384], [0.975027699294662, 0.01828249905692639, 0.00418751619691206, 0.0025022854514996757], [5.207828423109429e-05, 0.0051069577861861965, 2.254632406192766e-05, 0.9948184176055207], [0.9997391512625622, 0.00025216256261934115, 6.974253390528893e-06, 1.7119214279376004e-06], [0.00950559066424909, 0.007507885716634338, 0.688642242742922, 0.2943442808761945], [1.7380137926461566e-05, 0.000166890208193048, 0.0006238789393865803, 0.9991918507144939], [1.0514399791144256e-05, 0.9996421058780033, 0.0003434358427988179, 3.943879406674756e-06], [2.3402034973143827e-05, 0.9987286092411896, 4.257963944206714e-06, 0.0012437307598928715], [0.48057582172703905, 0.17278646010061102, 0.0004655763465395139, 0.34617214182581046], [5.129875466196786e-05, 3.175910820495711e-05, 0.8040005499865648, 0.19591639215056827], [2.7186982770037023e-06, 0.9999394138175254, 6.208228879823981e-11, 5.7867422115356625e-05], [4.124556357538362e-06, 0.01719268841600599, 0.8111447443495762, 0.17165844267806035], [0.0018132589379158855, 0.2349874970563158, 0.738556037061311, 0.024643206944457284], [0.01759620209025104, 0.02610515659178299, 0.6784987199366402, 0.2777999213813257], [0.966005279646355, 0.006615544869677709, 0.007521126322059789, 0.01985804916190764], [0.00026637297272736346, 0.00010092833765091535, 0.9852165017423589, 0.014416196947262937], [0.0057542921615203494, 0.9932360635407224, 0.0009978747164460903, 1.1769581311164197e-05], [0.009794014273060926, 0.8919364372468942, 0.09792881701901386, 0.0003407314610311546], [0.002266111937620089, 4.298249307594574e-06, 0.9144672487208455, 0.0832623410922268], [0.005350624036661512, 0.0005419962344660382, 6.484049533884067e-08, 0.9941073148883772], [0.9971658399531171, 0.002831598320981292, 6.669744562585355e-07, 1.89475144525723e-06], [0.0003118274565544862, 0.0001934073777787817, 0.24321656430387747, 0.7562782008617892], [0.07075855763411153, 6.5721354710528495e-06, 0.00018530050607224366, 0.9290495697243453], [7.184632070504437e-07, 0.9893124052508186, 0.010670133971938344, 1.6742314036129905e-05], [2.4769590151036407e-07, 2.850721747569653e-06, 0.5001619029983879, 0.4998349985839631], [0.00018523162962953243, 0.00028168639711649384, 0.0017230748893501352, 0.9978100070839038], [3.090809142161658e-05, 0.9048360496567829, 0.008570378225526056, 0.08656266402626929], [0.016131223875861193, 2.6775002004303956e-05, 0.9280840502967546, 0.055757950825379876], [1.486599059990577e-06, 0.9999702741151832, 1.122223683778967e-05, 1.7017048918851144e-05], [2.8945714242650072e-05, 0.09915123531499237, 0.08849272689913687, 0.812327092071628], [0.005756954616173729, 0.014337894375651543, 5.671630686625328e-06, 0.9798994793774881], [8.724529537630516e-06, 0.03238645651341403, 0.8463444979247683, 0.12126032103228006], [0.0009133512594366161, 0.10333274895516953, 0.8770498411114259, 0.01870405867396803], [1.2995117325347564e-05, 0.005349663464302488, 0.9788460686016451, 0.015791272816727143], [0.0007602914905269427, 0.994371214849584, 0.0013128122852060517, 0.0035556813746830166], [0.9765615408803179, 0.022163468217252156, 0.001195483178246868, 7.950772418303332e-05], [0.00024358702437851464, 0.0025035491767768253, 0.9659373405633525, 0.03131552323549213], [0.00023982898246221348, 1.5276922698289093e-05, 0.8506919853663448, 0.14905290872849467], [0.0006379358084783544, 3.79649008078771e-07, 0.006242118162268286, 0.9931195663802453], [0.27539927768612504, 0.5708644345785114, 0.044096832141612474, 0.10963945559375114], [0.9618186298043118, 0.016687093752130587, 0.020210989310034736, 0.0012832871335228381], [0.0007493442902373793, 0.9902281775289118, 4.793832780001673e-08, 0.009022430242523043], [0.002154646737541278, 0.9976319162373865, 0.00017264248048103298, 4.0794544591018876e-05], [0.9969772857952968, 0.0009619286217474322, 5.256066830658583e-05, 0.0020082249146490946], [0.9942116586106218, 0.0003985313201201519, 0.0052006580851647905, 0.0001891519840932129], [0.003835577742233301, 9.364486288183619e-06, 3.3360156253001205e-05, 0.9961216976152254], [0.6140691254074155, 0.25525086720347845, 0.0019564200069985007, 0.12872358738210743], [1.6886101178810864e-05, 0.00033233459377506985, 9.984619598213668e-05, 0.999550933109064], [0.0018095526625511089, 0.14487924849636447, 3.620449959289258e-06, 0.8533075783911251], [0.00010026204194151512, 0.9984319210559394, 0.00016928396920112777, 0.0012985329329180829], [0.012850014790504556, 0.8099196970226243, 0.09239975971802038, 0.08483052846885047], [0.999986621356112, 4.214047788723143e-06, 2.5286142980585526e-06, 6.635981801146922e-06], [0.08876479977017633, 0.13475572891467424, 0.7714796771200468, 0.0049997941951026945], [0.00969527602130393, 0.25133675606209244, 0.7376660751980053, 0.0013018927185983237], [0.702507738242074, 0.0030082654081413076, 6.473531697662195e-10, 0.2944839957024313], [0.3759575294322597, 0.04627980696512422, 4.031516315965136e-05, 0.5777223484394565], [0.5442075936375926, 0.0007530046905119037, 0.004376266067236238, 0.4506631356046592], [0.002167798955415358, 0.9393800039261269, 0.058451240499900234, 9.566185576822405e-07], [0.9958958314541903, 0.004102027331108335, 1.419220057687673e-09, 2.1397954812417896e-06], [0.00047192739219912715, 1.716044593085801e-05, 0.07642938759287769, 0.9230815245689923], [1.1816861761518397e-05, 0.9658320713188809, 0.0027429072420131284, 0.031413204577344284], [0.03618947368012773, 5.178357964155755e-06, 0.0698234898654361, 0.893981858096472], [0.0018048478190192416, 0.6502318746262946, 0.06075687203646281, 0.28720640551822335], [0.00034943545770788596, 0.010367265644763148, 0.00047995149469607984, 0.9888033474028329], [3.756909748519612e-07, 0.0005649754792934172, 0.9733153398323623, 0.026119308997369514], [3.1252687711964133e-06, 0.9992924726294539, 0.00021457604237297705, 0.0004898260594018588], [0.0004310477618668159, 0.999564544774984, 3.0033327828405045e-09, 4.404459816341529e-06], [0.07129891373067791, 0.9286954794842995, 2.133583696725274e-08, 5.5854491855450275e-06], [0.9984367592642132, 0.000648876948366113, 1.3390327402264502e-06, 0.0009130247546803795], [0.0025957321230173696, 0.7833642739972174, 0.18767991368288828, 0.026360080196877054], [0.2539264615336831, 0.7306467521492807, 7.601879167691213e-06, 0.015419184437868634], [0.32004542322482293, 0.029475316211972767, 0.00010541053755814678, 0.6503738500256461], [0.00022463205724965258, 0.00038807742017437713, 0.999043233958567, 0.0003440565640088711], [0.5240273554560051, 0.006800575596240075, 0.04013809428777438, 0.42903397465998044], [0.007993886870677754, 0.006007708072471009, 6.275281455260652e-06, 0.9859921297753961], [0.10182065766822898, 0.8914611698617186, 0.0012891607865396142, 0.005429011683512578], [4.241795229111429e-08, 0.9996967325433037, 0.0003030404627637401, 1.845759802403516e-07], [0.018664490651707857, 0.9812476473955802, 3.332013309178796e-06, 8.452993940287205e-05], [0.05154721200397504, 3.1849248071967115e-05, 0.0018211038421734626, 0.9465998349057796], [0.9790510957256836, 0.020772147472954167, 0.00016336480013673258, 1.3392001225463853e-05], [0.026900806762181605, 0.9616771883783183, 0.0073560592590913645, 0.004065945600408623], [3.4737892163025216e-06, 0.0004655232854267946, 0.09392661001556786, 0.9056043929097891], [0.0003628533215650435, 0.8775047079870228, 0.009955997358340173, 0.11217644133307186], [1.3477769202664117e-06, 0.9703030896817749, 0.013967762191780683, 0.015727800349524097], [0.014376237148846175, 0.9846408712169563, 0.0009441933835583783, 3.8698250639127435e-05], [7.136344290854564e-12, 5.206567813969623e-08, 0.999999749682212, 1.9824497341305434e-07], [3.180271105508974e-05, 0.005614450290618588, 0.9442764005037777, 0.050077346494548695], [0.8706944579648127, 0.02826041997711815, 0.0036935734701283923, 0.09735154858794069], [5.592982295350103e-09, 0.015539640275230686, 0.000664508741858576, 0.9837958453899285], [0.00027224841796049407, 0.0023404449735957133, 4.399097942787513e-07, 0.9973868666986495], [0.4597390106554283, 0.009125081518028778, 4.408791309817977e-06, 0.531131499035233], [0.9342258340675252, 0.06567470234029585, 9.455886475810998e-05, 4.904727420713518e-06], [0.014406164632581849, 0.5493648506638704, 0.11121543155389098, 0.32501355314965674], [0.028527625271351654, 0.08725978449400243, 0.488049116694383, 0.396163473540263], [0.024588785460866038, 0.006641740733659467, 0.00021200895115411925, 0.9685574648543203], [0.014613433073127189, 0.0007834795707768305, 0.00011637076133866985, 0.9844867165947573], [2.309912523980212e-05, 0.12979340697606426, 0.7752030116577244, 0.09498048224097161], [0.00019145518435866008, 0.3559940880697984, 0.6436785404686712, 0.00013591627717170467], [0.007274045481655841, 0.008535692648722292, 0.98412694371963, 6.331814999185149e-05], [0.8870410578746744, 8.675529835628361e-05, 1.304235593422383e-06, 0.11287088259137613], [0.026117326711183005, 1.3414773556057587e-06, 5.603714183769124e-05, 0.9738252946696236], [2.9389033476548345e-05, 0.6707997410094589, 0.3286659256838821, 0.0005049442731823357], [2.8777501428194887e-09, 0.7051033244136671, 0.29066410447794855, 0.0042325682306343345], [0.007040621079665976, 8.306297236687732e-09, 3.849927523706398e-13, 0.9929593706136518], [0.8830301909208407, 0.0011645377352114841, 0.11564395008031736, 0.0001613212636304272], [0.3424409262310521, 0.5360247809702473, 0.12152589965050019, 8.393148200389968e-06], [0.06315281930322131, 0.9299925530350119, 0.00024383788172110968, 0.006610789780045506], [0.005644728325920465, 0.453087205785056, 0.003602999754977869, 0.5376650661340456], [0.0001564852642361974, 0.0008306963443962825, 0.07677410909219565, 0.9222387092991718], [0.5108424475238623, 0.013766330284452177, 0.00012573199692147367, 0.47526549019476416], [0.0022917981629992324, 0.0006959151355569092, 0.007796860853986633, 0.9892154258474571], [8.559572357584056e-05, 0.0024083963967529085, 0.004473535200615428, 0.9930324726790557], [0.4147976276251368, 6.020383478111761e-05, 6.634205333658837e-07, 0.5851415051195487], [0.007201390504798052, 0.9401668648972424, 0.05232604826265598, 0.00030569633530348777], [0.03738119644730123, 0.9292023423032084, 0.031817854711007273, 0.0015986065384830043], [0.008623641275769079, 0.024624574001024777, 0.966607732137374, 0.00014405258583204258], [0.00018339076251467533, 0.31288916325855853, 0.6385926408479117, 0.04833480513101519], [0.09738969307781505, 0.27652736726110233, 6.836601869184784e-07, 0.6260822560008958], [0.048412771460818654, 8.374522850556907e-05, 0.9509490159585873, 0.0005544673520886123], [0.9622992476679203, 0.014622863053513967, 0.006857261484724297, 0.016220627793841542], [0.0008981333402860197, 0.011658588497531139, 0.008332217467148031, 0.9791110606950348], [0.013128766842468437, 0.33392336084911783, 2.7421943887074034e-07, 0.652947598088975], [3.203928438869524e-07, 5.3272947124471076e-05, 0.9998517247098804, 9.468195015141265e-05], [5.308041711009816e-05, 0.0012752081138412603, 1.5680195371141884e-05, 0.9986560312736775], [3.397340518414328e-05, 0.999931326054266, 1.1391771893147722e-05, 2.3308768656416597e-05], [4.6866457128044957e-07, 0.00017185797943201848, 0.7427368205793273, 0.2570908527766693], [6.627651889594642e-06, 0.0004430506170853164, 0.21548807770169043, 0.7840622440293348]]}, "rewritten": {"ids": ["97106000", "97106600", "97107260", "97114170", "97116790", "98106111", "98106680", "98107010", "98107210", "98109090", "98109570", "98111620", "98111860", "98117740", "98119591", "99108010", "99108080", "99108890", "99109370", "99109780", "99111340", "100108080", "100108520", "100108580", "100109801", "100110050", "100113210", "100113370", "100117420", "101113210", "101119030", "102109010", "102109850", "102109910", "102110750", "102112030", "102113210", "102118380", "102121440", "103109641", "103111110", "103111540", "103112641", "103113101", "103113270", "103113610", "103113640", "103117200", "103120340", "103120531", "104109311", "104112470", "104113550", "104114410", "104116800", "104116980", "104119340", "105112130", "105113190", "105114220", "105115720", "105116090", "105116980", "105120280", "106111321", "106113170", "106114321", "106116441", "106117770", "106117790", "106118301", "106120640", "107113130", "107113260", "107114780", "107116300", "107118490", "107121230", "107121540", "108113620", "108113740", "108113760", "108114180", "108114220", "108114270", "108115880", "108115970", "108117360", "108118810", "108119330", "108119510", "108120621", "108120700", "108121160", "108121190", "109113281", "109114270", "109114720", "109116810", "109118161", "109119460", "110117870", "110118161", "110119030", "110119891", "110120531", "110120700", "111117000", "111117200", "111119290", "111120280", "111120531", "112116540", "112116640", "112116810", "112116850", "112117471", "112118471", "112118511", "112118620", "112119120", "112119320", "112120290", "112120670", "112120700", "113117340", "113117630", "113118231", "113118421", "113118690", "113118820", "113119450", "113119480", "113119930", "113119950", "113120280", "113120751", "113121010", "113121190", "113122320", "113122510", "113122650"], "labels": [0, 3, 2, 2, 2, 0, 1, 3, 1, 1, 1, 3, 0, 2, 1, 2, 3, 0, 1, 2, 1, 0, 2, 0, 0, 3, 0, 3, 2, 3, 3, 1, 1, 2, 1, 2, 3, 1, 2, 1, 3, 1, 3, 3, 2, 2, 1, 0, 1, 3, 3, 1, 1, 1, 1, 1, 1, 1, 3, 3, 1, 1, 0, 3, 0, 0, 2, 0, 0, 1, 1, 3, 1, 0, 2, 0, 2, 0, 2, 3, 3, 1, 1, 3, 3, 3, 2, 1, 1, 0, 1, 1, 2, 2, 1, 0, 3, 0, 3, 0, 1, 3, 0, 0, 3, 0, 2, 0, 0, 3, 0, 0, 1, 0, 3, 0, 3, 1, 1, 3, 1, 1, 1, 2, 2, 2, 0, 3, 3, 3, 0, 3, 3, 1, 0, 0, 1, 2, 1, 1, 2, 2], "predicted_labels": [3, 2, 2, 1, 2, 2, 1, 2, 3, 2, 1, 2, 1, 2, 1, 2, 3, 1, 2, 1, 2, 1, 2, 1, 1, 3, 3, 2, 2, 2, 0, 1, 2, 3, 2, 1, 3, 3, 2, 3, 1, 3, 1, 1, 2, 2, 3, 0, 2, 1, 3, 3, 2, 3, 3, 3, 3, 3, 3, 0, 1, 3, 0, 2, 3, 1, 2, 1, 3, 2, 1, 1, 2, 2, 2, 3, 2, 1, 3, 1, 3, 0, 3, 1, 3, 2, 1, 1, 3, 0, 2, 0, 3, 0, 1, 3, 3, 3, 1, 1, 3, 3, 0, 3, 3, 1, 3, 3, 3, 3, 3, 3, 1, 0, 1, 1, 3, 1, 1, 1, 0, 1, 1, 1, 1, 1, 0, 1, 3, 1, 0, 0, 0, 1, 3, 3, 3, 1, 1, 0, 1, 0], "confidence_scores": [[4.300527639863559e-08, 2.3386074929356268e-05, 0.0008816363140615998, 0.9990949346057325], [3.58732272007815e-06, 0.0007090460447563273, 0.999043892292868, 0.00024347433965549793], [0.00022422077899992714, 0.008892896285567399, 0.9642093973530176, 0.026673485582415127], [1.3912449351771863e-10, 0.5345137133469203, 0.2647981409844569, 0.20068814552949824], [0.00019293485246182419, 6.126800507871941e-05, 0.9996423565723042, 0.00010344057015534951], [1.0135778627540255e-05, 0.45263334860844323, 0.5463338437896503, 0.0010226718232788888], [1.7150431637625483e-06, 0.9700131618033766, 0.02982228634229076, 0.0001628368111690559], [2.6358262625898395e-05, 0.28319292438457605, 0.7003945863230907, 0.016386131029707384], [9.260925145618155e-07, 0.00013118172790364295, 0.4007394018334621, 0.5991284903461196], [0.0002804897539846501, 0.007094723419363983, 0.9912494989933348, 0.0013752878333165262], [3.825497836402351e-06, 0.937463433277406, 1.93490983836693e-05, 0.06251339212637395], [0.02726497538073909, 0.22432777534233006, 0.6621296793949636, 0.0862775698819673], [4.217783353197463e-05, 0.44709981739430815, 0.40957467603004655, 0.14328332874211333], [1.9350059593046664e-07, 0.00011211422039585543, 0.878948594646684, 0.12093909763232429], [3.330452680562026e-05, 0.9997439659163115, 0.00019862788234416086, 2.410167453871888e-05], [0.0003142933341114579, 0.09451133765444986, 0.8997988590982902, 0.005375509913148532], [0.00022513039554146463, 3.711911460294244e-05, 0.0014601033625459014, 0.9982776471273097], [6.280848301163975e-09, 0.7253556072719646, 0.00017431441200473535, 0.2744700720351823], [4.0005988418027846e-05, 0.0148360619006695, 0.9514740243968236, 0.03364990771408893], [3.3528927633245185e-06, 0.9994455788656958, 0.0003457234513472486, 0.0002053447901935651], [3.176553460064789e-08, 0.44805794625291073, 0.4579689759662439, 0.09397304601531084], [5.449998193787604e-08, 0.99998392946694, 6.738009114026208e-08, 1.5948652986950685e-05], [0.018236295865021, 0.008424770738079894, 0.8785869786331957, 0.09475195476370347], [8.508110905270039e-05, 0.9853233943351966, 0.0025718177526194473, 0.012019706803131174], [7.82553952584328e-07, 0.9067288772362524, 3.9127227115443505e-06, 0.09326642748708344], [0.00032937861279549584, 0.00038163614752202425, 8.755930408252485e-05, 0.9992014259355999], [0.007539568777835978, 0.11826500540638644, 1.3028949736949148e-07, 0.8741952955262802], [0.02060734349252836, 0.003884426050542653, 0.5845316108055234, 0.3909766196514056], [3.792098678230505e-12, 1.1098077041498024e-08, 0.9999999861859288, 2.712202264814229e-09], [0.3289142291389869, 0.010008669786456325, 0.5241839629406448, 0.13689313813391193], [0.9986343983407354, 0.000768312285432905, 2.404820189848866e-07, 0.0005970488918126849], [0.00040810826425764085, 0.9667836797844824, 0.009529031029696851, 0.023279180921563104], [9.083448307320146e-06, 0.17257638543348536, 0.8057706853583444, 0.021643845759862914], [0.06622481809859541, 8.385948378245817e-06, 0.12660179846945777, 0.8071649974835686], [0.012086523521478416, 0.2678155200093858, 0.7185104842329263, 0.0015874722362094749], [0.0010122798023394762, 0.6310372603300127, 0.0012537915860749292, 0.3666966682815729], [0.0017988234442434792, 0.0003803581670991529, 0.3037284863379237, 0.6940923320507337], [0.0004797428057440558, 0.29850869296851773, 0.2990397958552564, 0.4019717683704817], [0.00010625893406471918, 0.0938120691977109, 0.5507256298797185, 0.35535604198850584], [3.456271346276358e-05, 0.00011826423662648145, 0.001125693752036942, 0.9987214792978739], [0.00028413364024772376, 0.5418725955837239, 1.53427752194123e-05, 0.45782792800080896], [1.8387021017163971e-06, 1.2420756166281181e-06, 1.0772203183331582e-06, 0.9999958420019635], [0.0003130224713721658, 0.50568700253511, 0.4939989079219089, 1.067071608988238e-06], [9.216424002555514e-07, 0.6503864782267278, 0.0009677625187799596, 0.348644837612092], [0.0002967527230919183, 0.00012978329235665488, 0.5918591715233076, 0.40771429246124374], [0.0737566982536102, 2.2578335954763896e-05, 0.732688615156654, 0.19353210825378103], [0.008138750257880623, 4.827010423689131e-05, 0.05021773752264988, 0.9415952421152325], [0.5487009465471339, 0.005522838056469826, 0.00020844582659816242, 0.4455677695697982], [6.51054948669206e-05, 0.00354365673896134, 0.8869807722920061, 0.10941046547416543], [0.005946870761473325, 0.9915718691877485, 0.0016270799550900268, 0.0008541800956882816], [0.001477350878967315, 0.0006109529088866065, 4.161462895001222e-05, 0.997870081583196], [3.045958899564858e-05, 0.05547290747140869, 0.14158848839953117, 0.8029081445400645], [0.1003736642900502, 0.0007225325924708454, 0.8770705141048694, 0.02183328901260948], [0.1531444638726544, 0.01829801518327284, 6.936540436819127e-05, 0.8284881555397045], [1.108498131126214e-05, 0.006872725049719884, 4.1677905683501325e-07, 0.993115773189912], [1.7414995331709402e-06, 0.007715351405546475, 0.1648707512255056, 0.8274121558694149], [0.0014906962094780776, 0.0045007585099703755, 0.00432386777789987, 0.9896846775026518], [4.9562206946357914e-08, 5.4155842627969027e-05, 0.0009221883891436756, 0.9990236062060214], [0.25680299206686785, 0.00010972847191929987, 0.0404684487678969, 0.7026188306933159], [0.9807015820354238, 0.0008289684663451261, 1.364088696279745e-06, 0.018468085409534804], [2.3564288288239428e-05, 0.9926407022653375, 0.00030363243399380386, 0.007032101012380277], [0.3853319340982644, 0.09506047368717878, 0.00038034680035685246, 0.5192272454142001], [0.41613190971089636, 0.014165261398696314, 0.26493687479477007, 0.3047659540956373], [0.00010133683866996183, 0.059402848461512725, 0.8145341478532283, 0.12596166684658888], [0.0003909151122515393, 0.0007396289145151983, 0.013545576598088574, 0.9853238793751447], [6.008412008922569e-07, 0.9998816840232109, 6.818722252562412e-12, 0.0001177151287695976], [0.20084562425566602, 0.021266364710144703, 0.7185119364062059, 0.059376074627983354], [0.03212485943234434, 0.9675238004676632, 5.196704039394716e-10, 0.0003513395803218517], [5.167623423139767e-05, 0.0003872863923659892, 5.785452409354752e-05, 0.9995031828493091], [2.6568745622819398e-06, 0.0016838770675654737, 0.9933587159409574, 0.0049547501169147174], [0.02829086257653787, 0.9717088865762143, 3.459090754077666e-08, 2.1625634019404904e-07], [0.0003906803951739737, 0.9951640584756649, 0.0015276112491617927, 0.0029176498799993807], [0.0004816375732991884, 0.0005051043084015277, 0.7819850490933161, 0.21702820902498315], [0.000759357829374911, 0.003648059377779709, 0.9184227484377187, 0.0771698343551266], [0.02135931000462462, 0.007191217258151571, 0.736447090018884, 0.23500238271833976], [5.085278303010544e-06, 0.11521455037066003, 6.80250472999013e-05, 0.8847123393037372], [0.0026600085563637803, 0.04805260072960593, 0.9482022716241371, 0.0010851190898932006], [6.232247867224392e-05, 0.9999276981380918, 4.031395342991951e-08, 9.939069282365676e-06], [0.15009938364195763, 0.08397148568295208, 0.0009214133134700412, 0.7650077173616202], [0.20125975133788995, 0.5160415975410496, 0.27987582302619896, 0.002822828094861421], [0.3127210608082115, 0.15077120812490583, 0.01671727972171985, 0.5197904513451629], [0.757420634910528, 0.051606207905901924, 0.18769687144449246, 0.003276285739077551], [1.3174938722074253e-06, 2.816136155038841e-07, 2.554922097808133e-05, 0.9999728516715343], [3.196084050593047e-05, 0.9007974964474034, 0.09881808245978908, 0.00035246025230176886], [0.0007089184768337079, 0.4151787448834807, 3.91168574334873e-05, 0.5840732197822521], [0.0047705456855730135, 0.002759064694358198, 0.9546948733871046, 0.03777551623296435], [0.00028890278243156085, 0.6662324246857956, 1.4908285455790753e-05, 0.3334637642463171], [4.652030793350469e-06, 0.7842751634064243, 0.1705251270827009, 0.045195057480081374], [0.0008410104066836144, 6.122832211098081e-07, 3.5065472198287515e-11, 0.9991583772750299], [0.9365963833363279, 0.06282619568520184, 0.00036457112422888787, 0.0002128498542412192], [0.00016201274003426564, 1.9346275253474176e-06, 0.9996191163415528, 0.00021693629088748902], [0.9326950052035343, 0.06726576252173005, 8.501388573706642e-06, 3.073088616198547e-05], [0.0027344968481476492, 0.0029445443566836742, 0.0005158382459400624, 0.9938051205492285], [0.7177124694838373, 0.281651892656061, 4.567073034881701e-06, 0.0006310707870668032], [0.0009161357252377182, 0.9528526673452511, 0.010906799525753564, 0.03532439740375782], [0.03077477468359562, 0.00021674949938975296, 1.5276110882198265e-10, 0.9690084756642535], [2.3478521030365812e-05, 0.04715410559674987, 0.0258422380257204, 0.9269801778564993], [9.280375949557278e-05, 0.010618995860292831, 0.21442109370873125, 0.7748671066714803], [0.0037853553692118276, 0.9946848759606826, 2.504876843757944e-05, 0.0015047199016678375], [0.020867370776266093, 0.9338679322067457, 0.00030750506001705997, 0.04495719195697099], [4.4179217678749366e-05, 0.21408889904326883, 0.016974117072887172, 0.7688928046661653], [4.105026536389681e-06, 5.832964163866346e-05, 0.011395740650662055, 0.9885418246811629], [0.6633300866208354, 0.06355757572221625, 0.0006725947900455829, 0.27243974286690276], [0.006344885694982212, 2.2754274146499783e-06, 6.512846496806881e-07, 0.9936521875929535], [2.969221682235969e-05, 0.06139757385641967, 0.3189721743289202, 0.6196005595978379], [0.0012001571363665694, 0.9881413996016191, 2.868371707487504e-07, 0.010658156424843608], [0.00011830113913812796, 0.0006175419832131054, 0.0002473992551016124, 0.9990167576225472], [0.0070422086378453715, 0.00856198598876079, 7.58593669851995e-06, 0.9843882194366952], [0.2656406951915961, 0.0001525946692317932, 2.5921743208911648e-05, 0.7341807883959632], [1.7080031910511844e-07, 2.0087518612284925e-05, 1.090971941192736e-08, 0.999979730771349], [5.75132070290798e-06, 5.454220420670937e-06, 3.845039632997156e-07, 0.9999884099549131], [0.025308333638216926, 0.28063606948851405, 0.32114930563464816, 0.37290629123862085], [0.00012684576482752745, 0.9993687932612265, 9.523273515659791e-08, 0.0005042657412108725], [0.9786215548885147, 0.0012934644499739815, 0.00435762064984586, 0.015727360011665446], [0.0022831683480900845, 0.992905482929475, 0.0017271814232090342, 0.003084167299225827], [0.009762831747408782, 0.8053986675248342, 1.991218015761949e-06, 0.18483650950974106], [1.4892730904667492e-05, 0.49450906662356225, 0.00033447501486888275, 0.5051415656306643], [0.016212081543956817, 0.9728780645274588, 0.0108745396549716, 3.53142736126719e-05], [5.296637706552682e-06, 0.9022171161875262, 0.04095079079613178, 0.056826796378635566], [0.0011469985846354056, 0.99650605024676, 1.6238294933853367e-05, 0.0023307128736708496], [0.7171705270142914, 0.010548882937731112, 0.007420218405434378, 0.264860371642543], [9.170356166214626e-06, 0.9367254785987166, 0.0596049892824343, 0.003660361762683088], [0.007688711941067331, 0.973440280206423, 0.01882080373194881, 5.020412056071195e-05], [0.0023681428074862946, 0.968498212100935, 0.02857184973614038, 0.0005617953554384377], [0.0006529106968649023, 0.7789416129338238, 0.11738027588266417, 0.10302520048664716], [0.08756967255150125, 0.8689530599148353, 0.03555404044132349, 0.007923227092340016], [0.9547479949435809, 0.0007570667508945974, 0.01154983051682653, 0.032945107788698004], [0.00040541793335308887, 0.8816524053380823, 4.735248995019995e-07, 0.11794170320366497], [0.006381451945158948, 1.5444532709882855e-06, 2.0469079601963781e-07, 0.993616798910774], [0.001946941347742239, 0.9980522739085852, 7.31640615432202e-07, 5.3103057248399655e-08], [0.9999282958627057, 5.034052198261704e-05, 1.886577867437055e-05, 2.4978366373467205e-06], [0.9994257562403935, 0.0005365244969895667, 1.4705793672937203e-06, 3.624868324953206e-05], [0.9954378404408393, 3.8871612158854016e-07, 2.9002985206416153e-06, 0.004558870544518726], [3.571456923713491e-05, 0.9999632762097828, 1.478925205515569e-09, 1.0077420546310046e-06], [0.4407872455089624, 0.025707081661921573, 0.0015858299698355298, 0.5319198428592804], [0.21809420739944194, 0.0012904848615529103, 8.295721575140075e-05, 0.7805323505232538], [2.835509980084414e-07, 2.181457685769688e-06, 0.0008367816922830299, 0.9991607532990332], [2.076038833954722e-06, 0.995679192963019, 1.769444236388356e-06, 0.004316961553910505], [6.786925006174629e-05, 0.9947965697914012, 0.00033143473471779395, 0.004804126223819268], [0.8674620057263076, 0.13026850095415374, 0.002250210256482801, 1.928306305584958e-05], [0.02423293326232236, 0.9689810068753282, 0.006693752314003044, 9.230754834646088e-05], [0.7159128396451384, 0.041794232263260685, 0.0008229551379120847, 0.24146997295368888]]}}