{"test": {"ids": ["104117200", "99110050", "97114170", "110118810", "111116010", "101114020", "113120640", "110114950", "113121810", "98116940", "107113130", "102114270", "112116810", "112119120", "110118181", "111119930", "109118701", "97116500", "105112260", "112117571", "101108950", "105113440", "98109230", "104119340", "99114890", "99107640", "99108000", "97106820", "104114230", "112118880", "105117351", "107116501", "109120621", "103109641", "111114121", "99119830", "113121750", "110116441", "101111140", "104114320", "106113260", "109119010", "111120260", "111120640", "109116040", "112118810", "105112100", "108115500", "109116810", "110115890", "100108260", "107118120", "105111990", "104111550", "99108080", "104109311", "109116441", "113120280", "98113881", "108121190", "100113210", "99108710", "108118291", "113119120", "107119390", "105116441", "106114321", "101108080", "101115190", "104113170", "112118701", "113119700", "113120601", "105118230", "110120190", "101108460", "107114321", "108120260", "109116930", "103109791", "108113760", "113121410", "111119300", "99120010", "101108580", "101110150", "98109311", "107113550", "110114651", "109120540", "100116500", "99109780", "98106111", "113119930", "102112250", "100108520", "101110740", "97116410", "102109010", "113122190", "112118620", "107119950", "99108010", "109116170", "97108520", "106115250", "108114040", "113117401", "113120260", "99111930", "106115240", "109119450", "113120591", "101112540", "105110251", "112120640", "106118161", "105110091", "106117650", "106120290", "108116481", "103113170", "104113190", "110114920", "97106000", "99107950", "113120070", "112119500", "111117571", "104111711", "109120150", "112116290", "111119430", "111121190", "112121430", "113117340", "102121440", "110115580", "104111380", "109115220", "107118520", "112120990"], "labels": [3, 3, 2, 1, 1, 3, 0, 0, 2, 2, 1, 3, 3, 1, 1, 1, 3, 2, 3, 3, 2, 0, 1, 1, 2, 1, 2, 1, 2, 1, 0, 1, 1, 1, 0, 1, 0, 3, 2, 2, 3, 3, 3, 0, 0, 3, 1, 3, 3, 2, 3, 3, 2, 1, 3, 3, 3, 0, 3, 1, 0, 2, 3, 3, 2, 1, 2, 0, 1, 3, 0, 0, 2, 1, 3, 0, 0, 1, 0, 3, 1, 0, 1, 2, 0, 1, 1, 0, 3, 1, 2, 2, 0, 1, 0, 2, 3, 3, 1, 1, 3, 3, 2, 0, 2, 2, 0, 3, 3, 1, 1, 3, 0, 2, 0, 0, 3, 0, 1, 2, 0, 3, 3, 3, 0, 1, 2, 2, 3, 1, 2, 0, 3, 1, 2, 2, 2, 1, 3, 3, 2, 2], "predicted_labels": [1, 3, 3, 0, 1, 0, 0, 0, 1, 1, 1, 1, 3, 1, 1, 3, 1, 0, 1, 1, 1, 1, 2, 1, 1, 0, 1, 0, 3, 0, 1, 3, 3, 2, 1, 1, 1, 1, 0, 0, 1, 1, 0, 1, 1, 1, 3, 1, 3, 1, 3, 3, 1, 1, 3, 3, 3, 0, 1, 3, 3, 1, 1, 3, 1, 1, 0, 3, 3, 1, 3, 1, 1, 1, 1, 3, 3, 1, 0, 0, 1, 3, 1, 1, 0, 1, 1, 3, 3, 1, 3, 1, 0, 1, 3, 3, 1, 3, 1, 1, 1, 3, 1, 1, 1, 1, 1, 3, 3, 1, 0, 1, 3, 1, 0, 0, 0, 1, 1, 1, 3, 1, 1, 1, 2, 1, 1, 1, 3, 3, 3, 1, 1, 0, 1, 1, 0, 1, 3, 0, 1, 1], "confidence_scores": [[0.17842498697288323, 0.6416018643030819, 0.08313055134084091, 0.09684259738319406], [0.1475837288590464, 0.13309938301003982, 0.10730418985767037, 0.6120126982732434], [0.014515012928267073, 0.11003777934781166, 0.41607279682055087, 0.4593744109033705], [0.7082140374345866, 0.21768409404604988, 0.016859322464518524, 0.05724254605484503], [0.06763688880141365, 0.5807680552915355, 0.24844306690911708, 0.10315198899793386], [0.5977616039664181, 0.2709324099550156, 0.03595737626179075, 0.09534860981677547], [0.7053436822654818, 0.17593555843293177, 0.02294371469114186, 0.09577704461044446], [0.47737186474336213, 0.2043556950092434, 0.06415135907008367, 0.25412108117731114], [0.08781035341562932, 0.3855598771799679, 0.4660535508758372, 0.060576218528565415], [0.06789583052782876, 0.6390003553897075, 0.11920769046306097, 0.17389612361940276], [0.13745906524389018, 0.493190557550061, 0.24856722669643788, 0.1207831505096108], [0.025834456432105718, 0.44716312846612943, 0.31219089942210854, 0.21481151567965626], [0.37457058598596854, 0.24767238468738978, 0.08723196870262816, 0.2905250606240135], [0.3171684607797986, 0.3584637601751961, 0.10671019088967695, 0.21765758815532854], [0.14797246105619508, 0.6354767409280915, 0.2029289338049182, 0.013621864210795072], [0.41180364887549015, 0.12942272537495011, 0.18115709931767485, 0.2776165264318849], [0.0925461185401564, 0.6846005497051808, 0.06968347156893996, 0.1531698601857227], [0.33674438945944274, 0.12354826753524832, 0.42542465640409505, 0.11428268660121417], [0.07821653229602499, 0.6782646048088729, 0.08313103281295593, 0.16038783008214633], [0.03608103323486004, 0.7881279306851835, 0.01858876146437458, 0.15720227461558203], [0.05862716257340038, 0.6052279057078053, 0.18891553360912086, 0.14722939810967323], [0.11563521516908999, 0.48119540772639624, 0.2910196993965419, 0.11214967770797155], [0.026276830833014356, 0.04102886921434683, 0.8437539031111863, 0.08894039684145277], [0.017706184923073357, 0.6788989599486301, 0.05354124572378581, 0.24985360940451085], [0.017321964431085402, 0.4792545752059878, 0.34622321148065566, 0.1572002488822712], [0.5082367907955784, 0.1665072053653867, 0.11194474195727798, 0.21331126188175695], [0.1114680673886921, 0.6917864651292192, 0.1625371666689312, 0.034208300813157295], [0.5060505424850626, 0.12362489373341362, 0.0703480950362081, 0.2999764687453154], [0.2085535632058148, 0.1298959372873866, 0.15984330192648002, 0.5017071975803188], [0.6222299277542872, 0.22428825330183566, 0.023744825640598464, 0.12973699330327895], [0.18687801290833989, 0.4731777685789303, 0.057117247224051315, 0.2828269712886785], [0.1085095416945346, 0.3038913781621656, 0.04601007368312964, 0.5415890064601698], [0.05322573061506148, 0.14807082221480483, 0.012899035788374941, 0.785804411381759], [0.01738731614601174, 0.10204010285856463, 0.7551584324947758, 0.1254141485006477], [0.27433331884486606, 0.4142446090909024, 0.0372872176095321, 0.27413485445469915], [0.1399676558357739, 0.24625340600018442, 0.4332535788243613, 0.18052535933968056], [0.34147362540038884, 0.6150642691011232, 0.006161882404558231, 0.03730022309392987], [0.11554916829556998, 0.6533176381037397, 0.0899647113141615, 0.141168482286529], [0.4667697833626251, 0.17047593604181716, 0.17524053397012618, 0.18751374662543138], [0.5836835366614241, 0.25225489117023775, 0.10212551733665219, 0.061936054831685766], [0.15665483078925904, 0.7689199881249983, 0.02795942949476818, 0.04646575159097435], [0.03352876967319974, 0.5054075259887358, 0.21879782859971603, 0.24226587573834843], [0.6432856211894047, 0.17542630451603847, 0.04690257746570963, 0.13438549682884746], [0.07003000359212787, 0.2600727398639417, 0.5114493571613995, 0.1584478993825305], [0.10800053000422954, 0.43035360781041027, 0.03390942383727825, 0.427736438348082], [0.31108899082638625, 0.4445639204560332, 0.015429638097623351, 0.22891745061995727], [0.25779177981193635, 0.025776097297073818, 0.016690266403809464, 0.6997418564871803], [0.2160114825708721, 0.4747830705170405, 0.11373948322051533, 0.19546596369157196], [0.144209080952503, 0.3274666509384038, 0.0046781117405068065, 0.5236461563685865], [0.36177895400697324, 0.4225058496972131, 0.13105091665347485, 0.08466427964233868], [0.36115569402923836, 0.1844329113295769, 0.17108376803732295, 0.2833276266038617], [0.2475489656642716, 0.31599118625297223, 0.025618103443860892, 0.41084174463889517], [0.11090876802165874, 0.6241536191326774, 0.13916877514197484, 0.12576883770368918], [0.026417893345831913, 0.275405392131332, 0.6180612974130196, 0.08011541710981626], [0.4805698001266721, 0.11794221247199091, 0.02138159797985596, 0.3801063894214808], [0.45630589039986696, 0.07574439706927491, 0.1294267298585684, 0.33852298267228975], [0.3222907307051836, 0.05069163243990474, 0.0004271404207700076, 0.6265904964341416], [0.6999223525638073, 0.0012784124056875277, 0.0005843192510443239, 0.29821491577946063], [0.23167255394861763, 0.5336500876186216, 0.1207117151085704, 0.11396564332418996], [0.00407459230146559, 0.16924344064626975, 0.566984503573093, 0.25969746347917183], [0.08474770369872542, 0.1279448783762693, 0.08504731672504269, 0.7022601011999623], [0.1964449074003552, 0.6900494382457438, 0.08861789160373439, 0.02488776275016661], [0.2934396653344394, 0.5632875991370553, 0.003168526718414025, 0.14010420881009134], [0.14220426515939785, 0.16379271029772113, 0.011454379645523819, 0.6825486448973573], [0.04707122403305166, 0.6567141912338078, 0.05630781525127193, 0.23990676948186884], [0.257655413535532, 0.6712196927508298, 0.008097915060744242, 0.06302697865289389], [0.5413410204531617, 0.3144479411976531, 0.10227920317926208, 0.04193183516992305], [0.216559788866297, 0.29144422975700657, 0.051966578485016936, 0.4400294028916793], [0.3006842522105648, 0.14733654885506794, 0.14949244902110054, 0.402486749913267], [0.2480213019239926, 0.6190422986808506, 0.03280088762655908, 0.10013551176859758], [0.17232334480512165, 0.3932910103041283, 0.0022185016410204727, 0.4321671432497295], [0.15346029591379615, 0.712313248662228, 0.06425721071613257, 0.06996924470784333], [0.04546854421916503, 0.7097039938983035, 0.12888309158659114, 0.1159443702959401], [0.007698118358030231, 0.7753068102051628, 0.17626926251358432, 0.040725808923222646], [0.022603808261470893, 0.5198999976392447, 0.19703362203660427, 0.26046257206268053], [0.3163329163659115, 0.029673893403417105, 0.1382066295449291, 0.5157865606857424], [0.48567292357176317, 0.18819434742022614, 0.0032958229649667275, 0.3228369060430439], [0.09194794193376597, 0.49382065501096256, 0.019878118485781183, 0.39435328456949004], [0.7959672225119894, 0.03851055781650734, 0.0023469504016340407, 0.16317526926986906], [0.4435236671173394, 0.21021107282572132, 0.16514940051678048, 0.18111585954015852], [0.3795171925153804, 0.5017141435595811, 0.059224168719515524, 0.059544495205523205], [0.315298685500992, 0.1846609407430569, 0.01082267636842305, 0.48921769738752796], [0.07576516082239862, 0.7196868980102574, 0.07030947039638234, 0.13423847077096196], [0.3196324117887949, 0.1785977427599319, 0.4198731821664728, 0.08189666328480048], [0.9591746780273972, 0.001324763164050699, 0.005520314561319533, 0.0339802442472326], [0.21381044559791626, 0.617170832291865, 0.05727038623657392, 0.11174833587364517], [0.23843224351889813, 0.3561332525243254, 0.2605782198010519, 0.14485628415572493], [0.0818686672386056, 0.12219705403668582, 0.11079767787909106, 0.6851366008456176], [0.05892884501975067, 0.05546760769584694, 0.03673029357226174, 0.8488732537121405], [0.17861824417246688, 0.6187606227897033, 0.05836691390981252, 0.14425421912801695], [0.19237062929750126, 0.0769488751191071, 0.5512525787641385, 0.17942791681925296], [0.10599605236688682, 0.26311052226184567, 0.5085775650593669, 0.12231586031190002], [0.23287760935813415, 0.15925846633391336, 0.4611803120808176, 0.14668361222713502], [0.19112193810121295, 0.6102229122900149, 0.033578553412068134, 0.16507659619670378], [0.39426619563741083, 0.006637192359219389, 0.02147804372409808, 0.577618568279272], [0.09952986969077761, 0.03542893494362213, 0.6672591256610532, 0.19778206970454731], [0.07423801303770367, 0.3828242530109506, 0.399585493822106, 0.1433522401292399], [0.2143001483745017, 0.07698185367632195, 0.22127098728462458, 0.48744701066455204], [0.21049095885169608, 0.265389756862902, 0.3297516147115116, 0.1943676695738902], [0.03216778682463472, 0.32807951899728666, 0.27765251407043895, 0.3621001801076399], [0.2869150125679711, 0.34768163846653344, 0.13169275792576163, 0.23371059103973388], [0.25489111797912034, 0.24086816592029744, 0.015974827722303873, 0.4882658883782782], [0.24935043278484736, 0.4692467552667778, 0.23168515428789369, 0.049717657660481], [0.45255079127013353, 0.3660455580337334, 0.018530158938417432, 0.1628734917577156], [0.17357157740916335, 0.6453309805355308, 0.07762397478205363, 0.10347346727325223], [0.11702861730903122, 0.6880002595982582, 0.044849223050170174, 0.1501219000425405], [0.03899875274098954, 0.31855909511136926, 0.553387243689584, 0.08905490845805727], [0.12271161051593871, 0.17617623141231026, 0.017356927284424735, 0.6837552307873263], [0.19913620723837305, 0.1539639907068834, 0.1388431649128904, 0.5080566371418528], [0.411151982963532, 0.32799505595476114, 0.16258738366105768, 0.09826557742064912], [0.7540539454493712, 0.1555282886781976, 0.053160262914606196, 0.037257502957824734], [0.12858836144071326, 0.4333399130849174, 0.16434555411822813, 0.2737261713561414], [0.08518447423424735, 0.19276656362996586, 0.32671292168703725, 0.3953360404487494], [0.0726508764325513, 0.6596428536189222, 0.15373713495708283, 0.11396913499144373], [0.5606770848360902, 0.28983052754255895, 0.0506265131899166, 0.09886587443143433], [0.6936007780504522, 0.12261426022730686, 0.03230525771115237, 0.15147970401108876], [0.6064494956401676, 0.36772226894184085, 0.005956663232498435, 0.019871572185493038], [0.4224850198343935, 0.31690065909987386, 0.01178052335010784, 0.24883379771562494], [0.2537700736761936, 0.29815739096596855, 0.3237958439229297, 0.12427669143490779], [0.07564625445506554, 0.6072608066268865, 0.1722737065204612, 0.14481923239758693], [0.33962830085444834, 0.27698968654069517, 0.002298526363826176, 0.38108348624103044], [0.17189940946892845, 0.41044568910416207, 0.35900553239265465, 0.0586493690342546], [0.06317707866998143, 0.7105965223965351, 0.07043278021227944, 0.1557936187212037], [0.14737799352856282, 0.7060076470373149, 0.062496394263569455, 0.08411796517055276], [0.05555796190940012, 0.07361451367729833, 0.7804017904298031, 0.09042573398349828], [0.03939431477681998, 0.5978093833232692, 0.3099430948762888, 0.05285320702362201], [0.022585959148489838, 0.7188799989922388, 0.13570075495053183, 0.12283328690873933], [0.03644356183785072, 0.3451742812613446, 0.6081397931367944, 0.010242363764010129], [0.055707037129743314, 0.4403452231624004, 0.015063169937691134, 0.48888456977016514], [0.22776921552917523, 0.27213570233899337, 0.11486096170892116, 0.3852341204229104], [0.15814845118408086, 0.2297454827079229, 0.26199963879218, 0.35010642731581615], [0.1590979631557955, 0.6076605251127054, 0.1197022040691507, 0.11353930766234879], [0.04645520276966593, 0.4794249884899355, 0.023376028889822088, 0.4507437798505765], [0.7588435567520503, 0.04016297129688892, 0.05604756557623957, 0.14494590637482124], [0.10745022925092605, 0.14271028668656568, 0.6268168166721192, 0.1230226673903891], [0.1076924183331389, 0.6230889519169879, 0.01943738720616261, 0.24978124254371034], [0.4231834215658513, 0.1327085021562084, 0.29463004429367634, 0.14947803198426377], [0.20666620050088694, 0.6385127799130534, 0.03663163711373917, 0.11818938247232065], [0.3028103419665733, 0.14281780247755574, 0.20813372129750837, 0.34623813425836236], [0.3718628850138758, 0.2666370664230516, 0.07422823073607569, 0.28727181782699684], [0.3332858656295317, 0.46029340552993936, 0.117857601146057, 0.08856312769447153], [0.10618110297000709, 0.5746993023325304, 0.26555850899672206, 0.053561085700740606]]}, "rewritten": {"ids": ["97106000", "97106820", "97108520", "97114170", "97116410", "97116500", "98106111", "98109230", "98109311", "98113881", "98116940", "99107640", "99107950", "99108000", "99108010", "99108080", "99108710", "99109780", "99110050", "99111930", "99114890", "99119830", "99120010", "100108260", "100108520", "100113210", "100116500", "101108080", "101108460", "101108580", "101108950", "101110150", "101110740", "101111140", "101112540", "101114020", "101115190", "102109010", "102112250", "102114270", "102121440", "103109641", "103109791", "103113170", "104109311", "104111380", "104111550", "104111711", "104113170", "104113190", "104114230", "104114320", "104117200", "104119340", "105110091", "105110251", "105111990", "105112100", "105112260", "105113440", "105116441", "105117351", "105118230", "106113260", "106114321", "106115240", "106115250", "106117650", "106118161", "106120290", "107113130", "107113550", "107114321", "107116501", "107118120", "107118520", "107119390", "107119950", "108113760", "108114040", "108115500", "108116481", "108118291", "108120260", "108121190", "109115220", "109116040", "109116170", "109116441", "109116810", "109116930", "109118701", "109119010", "109119450", "109120150", "109120540", "109120621", "110114651", "110114920", "110114950", "110115580", "110115890", "110116441", "110118181", "110118810", "110120190", "111114121", "111116010", "111117571", "111119300", "111119430", "111119930", "111120260", "111120640", "111121190", "112116290", "112116810", "112117571", "112118620", "112118701", "112118810", "112118880", "112119120", "112119500", "112120640", "112120990", "112121430", "113117340", "113117401", "113119120", "113119700", "113119930", "113120070", "113120260", "113120280", "113120591", "113120601", "113120640", "113121410", "113121750", "113121810", "113122190"], "labels": [0, 1, 2, 2, 3, 2, 0, 1, 1, 3, 2, 1, 1, 2, 2, 3, 2, 2, 3, 1, 2, 1, 2, 3, 2, 0, 2, 0, 0, 0, 2, 1, 3, 2, 2, 3, 1, 1, 0, 3, 2, 1, 3, 3, 3, 3, 1, 1, 3, 3, 2, 2, 3, 1, 0, 0, 2, 1, 3, 0, 1, 0, 1, 3, 2, 1, 2, 1, 3, 2, 1, 0, 0, 1, 3, 2, 2, 3, 1, 0, 3, 0, 3, 1, 1, 3, 0, 0, 3, 3, 0, 3, 3, 3, 2, 1, 1, 3, 3, 0, 1, 2, 3, 1, 1, 3, 0, 1, 3, 1, 3, 1, 3, 0, 1, 0, 3, 3, 3, 0, 3, 1, 1, 2, 0, 2, 2, 2, 3, 3, 0, 1, 2, 3, 0, 0, 2, 0, 0, 0, 2, 1], "predicted_labels": [0, 1, 0, 3, 0, 2, 1, 2, 1, 1, 1, 3, 2, 1, 1, 0, 1, 1, 1, 1, 1, 2, 0, 1, 0, 1, 0, 3, 3, 3, 3, 0, 1, 0, 3, 3, 3, 1, 0, 1, 3, 1, 0, 1, 3, 1, 1, 3, 1, 0, 0, 0, 0, 1, 1, 0, 1, 3, 1, 3, 1, 1, 1, 1, 0, 0, 3, 1, 1, 1, 1, 3, 3, 3, 3, 1, 1, 1, 3, 3, 3, 3, 0, 3, 3, 3, 3, 3, 0, 3, 0, 1, 1, 3, 3, 1, 0, 1, 1, 3, 1, 1, 3, 1, 1, 2, 0, 0, 1, 3, 1, 1, 0, 3, 3, 1, 1, 3, 1, 1, 3, 0, 3, 1, 3, 1, 1, 1, 3, 3, 1, 1, 1, 3, 3, 3, 1, 3, 1, 1, 1, 1], "confidence_scores": [[0.4964349762121434, 0.11885519303847503, 0.19738388244766278, 0.18732594830171884], [0.23477928827502587, 0.32205022277811046, 0.11444949185411762, 0.3287209970927462], [0.47300473858683423, 0.12844127793776075, 0.15966060157507128, 0.23889338190033377], [0.1749258833359645, 0.31438311063166113, 0.16077679072915876, 0.3499142153032157], [0.38657064441412226, 0.18945407461512234, 0.27034423334133756, 0.15363104762941776], [0.0504958665916737, 0.11371656977567442, 0.7030411099758505, 0.13274645365680166], [0.4117963276340943, 0.31381194584180233, 0.12392783884501288, 0.15046388767909077], [0.012192833888397692, 0.00899711353328322, 0.962652916453655, 0.01615713612466403], [0.049806666015189495, 0.5329761331959993, 0.13119598573841323, 0.28602121505039774], [0.272157115509954, 0.6030639586000914, 0.04407163154643875, 0.08070729434351619], [0.20694836624697635, 0.41675125124444934, 0.22939334716942467, 0.14690703533914962], [0.36463827385061176, 0.21136703930799494, 0.031302170656909226, 0.3926925161844841], [0.012734340383373014, 0.12386153892282456, 0.7461069912961964, 0.1172971293976063], [0.12786755571719075, 0.48502847947910765, 0.08196778668160909, 0.3051361781220921], [0.14362219875238497, 0.8218866418694469, 0.01750229824824459, 0.016988861129923618], [0.48735310088755035, 0.26032185775346933, 0.05533842554038048, 0.19698661581859983], [0.05661691251644367, 0.530152569331842, 0.3867732269136995, 0.026457291238014907], [0.04785363185057277, 0.22136210445276833, 0.6984618062517536, 0.03232245744490545], [0.1022473103060829, 0.5044900459049948, 0.10648925260580058, 0.2867733911831222], [0.4000404667883226, 0.5095896602050731, 0.037078474502020085, 0.05329139850458404], [0.24163534038411583, 0.31412461473111053, 0.29765563591889643, 0.14658440896587707], [0.06679263777026154, 0.14148302124862008, 0.7419634057073999, 0.04976093527371846], [0.6368894969695922, 0.08260203995893647, 0.21789896967139433, 0.06260949340007717], [0.3145268707511457, 0.5173631450450944, 0.11000039605021181, 0.058109588153547984], [0.23959590175329054, 0.09834353092008609, 0.5616966340791095, 0.10036393324751378], [0.07069470902297625, 0.5536169285782431, 0.14023832967473537, 0.23545003272404535], [0.63678323102621, 0.05241828866770268, 0.24308269079026731, 0.06771578951581983], [0.12881221025193348, 0.22298357743104538, 0.16661824273668324, 0.48158596958033806], [0.17284121136633396, 0.07803290692645622, 0.18146202853069715, 0.5676638531765126], [0.2047250507921645, 0.006200494777422584, 0.013988874837449037, 0.7750855795929636], [0.032228223991133356, 0.36559891331505295, 0.06231146343131184, 0.5398613992625022], [0.5817066842275191, 0.1035911183059141, 0.2188668868610502, 0.09583531060551642], [0.056598357667895, 0.21154178399019025, 0.7002213126946896, 0.031638545647225395], [0.657455830676983, 0.128201275214486, 0.04418578431385521, 0.17015710979467588], [0.1481060126823502, 0.17457953423085068, 0.49551592510470155, 0.18179852798209747], [0.2151464844280745, 0.2177275333586954, 0.2976715818414296, 0.26945440037180046], [0.15934731396349155, 0.15252621955186854, 0.49607310887989614, 0.19205335760474357], [0.11473167618391021, 0.505287077018264, 0.27276096572631486, 0.107220281071511], [0.6999380922889704, 0.04898547182090181, 0.01002024960895365, 0.24105618628117428], [0.08526468213109169, 0.6059299598474256, 0.09689727161905869, 0.21190808640242392], [0.10732771389849705, 0.09636393552583639, 0.1638543910062379, 0.6324539595694284], [0.010410542018697568, 0.6176006238913289, 0.16644550101089164, 0.20554333307908182], [0.6578431016936751, 0.05859240628184067, 0.08949454250581168, 0.19406994951867293], [0.021996286959014677, 0.7664248116443211, 0.18638425631030509, 0.02519464508635911], [0.30184410476068607, 0.22188720544202434, 0.14467334229201279, 0.33159534750527664], [0.20732704191058476, 0.3611431220458981, 0.029157521551721955, 0.4023723144917949], [0.17982150835784944, 0.17291394700246598, 0.6308237201039059, 0.016440824535778636], [0.22214741106323674, 0.08071328499309004, 0.01870366828468802, 0.6784356356589853], [0.2912162768030009, 0.5360462415997075, 0.09826176800237091, 0.07447571359492067], [0.6493202921222273, 0.3023734747388443, 0.010127864917099516, 0.038178368221828796], [0.5310218645585564, 0.2400200986721743, 0.1493100577347498, 0.07964797903451899], [0.49793693162764896, 0.11246617699447592, 0.2185908736329839, 0.17100601774489096], [0.537757884965634, 0.3643174422300448, 0.05935283620217592, 0.0385718366021453], [0.1649187449075888, 0.3461539616594621, 0.17208696434312734, 0.3168403290898219], [0.09386181494877895, 0.39149019683732117, 0.11650427442241175, 0.3981437137914883], [0.5224009240558202, 0.18869739469047056, 0.023204310093532587, 0.26569737116017694], [0.1498863720075079, 0.38987053945366124, 0.3820793776297201, 0.07816371090911117], [0.1407421077387591, 0.13061130813687458, 0.031692994453046505, 0.6969535896713196], [0.08391358941479268, 0.6892245990073291, 0.13094431464434508, 0.09591749693353327], [0.2649956484592294, 0.18413118936500492, 0.0874071650643708, 0.46346599711139497], [0.10785346606757719, 0.6842817714699411, 0.04704747803651735, 0.16081728442596457], [0.3285916248961756, 0.2853776174278196, 0.07794751392650842, 0.30808324374949647], [0.029392895980443954, 0.7173640230413811, 0.15592575791681043, 0.09731732306136437], [0.11001983008450884, 0.7687226879411173, 0.0878059806802108, 0.03345150129416314], [0.44025628123357297, 0.13990664558112856, 0.17572956089904662, 0.24410751228625213], [0.7266419384497103, 0.1794047163466661, 0.05743405735865808, 0.036519287844965304], [0.2541954380028472, 0.2092253124119201, 0.03807352603314088, 0.49850572355209205], [0.1713560832048723, 0.4143037496708122, 0.32223005615818195, 0.09211011096613324], [0.3664549416565482, 0.3946623649416512, 0.03475601851942413, 0.20412667488237662], [0.1453883107197812, 0.19950965621351469, 0.47630884453736616, 0.1787931885293381], [0.2786149144959928, 0.2672296969117711, 0.300277780942162, 0.153877607650074], [0.2584271989058006, 0.23339258697176168, 0.04487775514510623, 0.46330245897733174], [0.2685372435542248, 0.3347601987116688, 0.012687360281171746, 0.38401519745293494], [0.16704044742659876, 0.3306072991330462, 0.038952308635135366, 0.4633999448052199], [0.12216905189964139, 0.25174927609397507, 0.018479432198812786, 0.6076022398075708], [0.09782365643580267, 0.7304571613261571, 0.11209910539888511, 0.05962007683915507], [0.006257048696147838, 0.4946927755007877, 0.47633060246536735, 0.02271957333769709], [0.3091808650094307, 0.5434847521451511, 0.031222080424680762, 0.11611230242073721], [0.339986031126598, 0.09925023316038498, 0.07111952243158887, 0.489644213281428], [0.044511865118577444, 0.06411422289133399, 0.551501858345619, 0.3398720536444694], [0.04489324131488748, 0.05433348034725689, 0.6729704092196105, 0.22780286911824502], [0.14318529942367272, 0.3144923976263205, 0.05267204561392313, 0.48965025733608375], [0.6166580028147732, 0.20354138670387975, 0.01006153470894393, 0.16973907577240305], [0.054046858429230044, 0.3195376455465343, 0.014614794621005584, 0.6118007014032301], [0.018801595814770537, 0.13450512387728258, 0.29345486717728475, 0.5532384131306619], [0.11929372883207635, 0.1328842640863771, 0.10264808271506402, 0.6451739243664826], [0.06103960650184965, 0.09153435204560378, 0.19720441318448476, 0.6502216282680615], [0.07306555832612681, 0.2093833977304634, 0.046465646568490504, 0.6710853973749191], [0.3982297419741718, 0.2999504269528964, 0.02400669527840867, 0.2778131357945232], [0.07820322612273656, 0.25592057627394954, 0.009557950782013417, 0.6563182468213006], [0.7809136820417137, 0.07363675460426079, 0.009833543343742425, 0.13561602001028294], [0.03367345544363596, 0.6855149923788075, 0.07427484325674034, 0.2065367089208158], [0.05495556335183191, 0.41078234837110544, 0.3488902352246578, 0.18537185305240494], [0.17116303217572088, 0.2212881271554606, 0.1557583606169026, 0.45179048005191547], [0.028612061867207612, 0.053795961210619865, 0.7365858667449476, 0.1810061101772249], [0.18323871513560358, 0.47074825660767644, 0.026614555985324858, 0.3193984722713951], [0.4465976700394797, 0.23360029290077977, 0.12445713888060203, 0.19534489817913875], [0.056646060905878134, 0.3904272458102209, 0.2090859522407101, 0.3438407410431909], [0.019818788803383423, 0.9406901301977536, 0.022666478280436615, 0.01682460271842639], [0.188733553721761, 0.23292025561520555, 0.0680701727040996, 0.5102760179589337], [0.18040879735940885, 0.5606277726656153, 0.1791561424759213, 0.07980728749905505], [0.18247303168224857, 0.5260054782290677, 0.09616608459777863, 0.19535540549090508], [0.3788095251679351, 0.14146433509513956, 0.031426044611080436, 0.44830009512584484], [0.1591158868328775, 0.5197278580773914, 0.23182312262595958, 0.08933313246377118], [0.24533984513018145, 0.6208674139301796, 0.06700103275867861, 0.06679170818096034], [0.00895921318580676, 0.125853921207767, 0.7556127220915005, 0.1095741435149257], [0.42161684536896027, 0.20441483852517695, 0.15180995614584344, 0.22215835996001917], [0.3976109576248179, 0.18353555558823711, 0.28020181545884765, 0.1386516713280971], [0.09275672532355442, 0.6643296221189823, 0.14206889772963657, 0.10084475482782662], [0.10529616042315508, 0.3677312906876191, 0.06582918921602954, 0.4611433596731966], [0.10847408369899388, 0.4417668732647907, 0.05766100318765194, 0.3920980398485636], [0.18669090189833162, 0.27623595527545247, 0.3528856514136626, 0.18418749141255336], [0.5379263891393812, 0.2083489237837215, 0.06286788711239852, 0.1908567999644987], [0.09317221395562321, 0.11705605605174262, 0.2925957709493659, 0.49717595904326806], [0.3888953946810524, 0.022084781636821153, 0.07211658209019023, 0.5169032415919359], [0.22045912060930672, 0.41749760805435304, 0.14960502639798928, 0.21243824493835078], [0.25733529008052775, 0.3292853355392037, 0.17199248014789548, 0.2413868942323732], [0.010904848593502294, 0.3261841610998189, 0.17697809844945722, 0.48593289185722177], [0.03935336260105251, 0.5250035003688859, 0.33946952531803376, 0.09617361171202736], [0.07579008910227426, 0.7879250649969567, 0.09211266599842517, 0.04417217990234396], [0.37113339555997654, 0.10076359960021893, 0.02397733836430745, 0.5041256664754971], [0.7705408733027371, 0.12036800365988942, 0.03968755904544422, 0.06940356399192922], [0.12041198477139313, 0.3483325441801964, 0.03294572122468667, 0.4983097498237237], [0.16444970906828904, 0.30620837227569253, 0.4548430674400808, 0.07449885121593729], [0.3080211304211147, 0.07619391538675041, 0.13101270505615378, 0.48477224913598127], [0.031369308961102335, 0.8023014397035169, 0.10321840966736466, 0.06311084166801591], [0.05113985669414115, 0.31414883709496116, 0.31921624351837175, 0.315495062692526], [0.01367359778812047, 0.8691876462932135, 0.0723886001810724, 0.0447501557375934], [0.30729905253355366, 0.1922343873218949, 0.03494300607732395, 0.4655235540672274], [0.11296391751032542, 0.10284493530499556, 0.004658258098093009, 0.7795328890865865], [0.2972119115618731, 0.5919127399715978, 0.07604043757625273, 0.034834910890276606], [0.09410176936904718, 0.7692612247848892, 0.018833971032708417, 0.11780303481335527], [0.035431004922385045, 0.7348433183740758, 0.15237356933467822, 0.07735210736886136], [0.23772551927979554, 0.2264446816040543, 0.06398305811491095, 0.4718467410012394], [0.27944248264225346, 0.0037946582013695805, 0.013195155571338171, 0.7035677035850387], [0.07776629750700183, 0.19135002284506028, 0.390161176387725, 0.3407225032602132], [0.20417177521256402, 0.5466998306673516, 0.10746830926520529, 0.14166008485487913], [0.42333115134704896, 0.14470934822550555, 0.020796474456104986, 0.41116302597134036], [0.14579348846125073, 0.6402949733653261, 0.01884036892956359, 0.19507116924385945], [0.30317224132842135, 0.6104322555581398, 0.013780479004922302, 0.07261502410851653], [0.014581054627226564, 0.7906801129170976, 0.15064183467350128, 0.0440969977821744], [0.027420548888231595, 0.29156246238101324, 0.4635893707691322, 0.21742761796162285]]}}