{"test": {"ids": ["111115780", "112121360", "99119830", "112118511", "100116500", "109115380", "99111930", "113122150", "107114321", "113118490", "98110710", "104113210", "104111620", "108119330", "112117580", "111116640", "103113260", "99109840", "110118701", "106113170", "106119580", "103110760", "111118910", "112116810", "109114651", "109114270", "113122160", "110116290", "106116640", "100108260", "104116980", "112120270", "110116501", "103111480", "101116130", "98106111", "100111380", "109121351", "101112201", "99108710", "108117360", "112121351", "113122220", "101121640", "99108310", "100109330", "113120070", "109117600", "105115570", "111115620", "99109161", "113119340", "107114140", "97107920", "97112290", "111117480", "99111620", "108121190", "108121410", "110120531", "112118581", "113122170", "111119610", "110113591", "110115710", "107113360", "101114990", "101109000", "97106591", "106117650", "104111880", "113118511", "104118070", "113118620", "98109230", "98111670", "109113591", "99107640", "104116800", "103113101", "106113360", "105112260", "98107410", "107118120", "100109890", "101108121", "113122190", "109115070", "110118301", "107118520", "98108370", "109114720", "110115980", "111115910", "102109840", "113117550", "111115770", "105119550", "102121700", "107117010", "106116441", "111120540", "103109021", "104109311", "110117080", "112116451", "113119450", "111121220", "108121351", "97116410", "113118810", "97116401", "97113260", "111118810", "113120830", "108115250", "105113190", "107121700", "109115220", "108120700", "97118210", "104112470", "98112170", "112119930", "104111780", "109119591", "112118810", "100120010", "97105760", "104117200", "113122650", "112117030", "98117740", "112117431", "113120601", "113121190", "111120190", "105116860", "107113170", "112118820", "103120290", "110120700"], "labels": [1, 3, 1, 1, 2, 3, 1, 2, 0, 1, 2, 3, 0, 0, 0, 0, 3, 2, 3, 0, 3, 1, 0, 3, 3, 3, 3, 2, 3, 3, 1, 0, 3, 0, 2, 0, 3, 0, 0, 2, 1, 0, 1, 2, 2, 0, 2, 1, 0, 1, 3, 0, 2, 0, 1, 1, 3, 1, 0, 0, 1, 1, 2, 0, 2, 0, 3, 1, 1, 1, 3, 1, 2, 3, 1, 1, 3, 1, 1, 3, 0, 3, 3, 3, 3, 0, 1, 0, 1, 2, 1, 0, 1, 2, 2, 3, 3, 1, 1, 1, 0, 1, 0, 3, 1, 0, 3, 3, 3, 3, 3, 3, 1, 0, 3, 1, 3, 3, 3, 2, 2, 1, 3, 1, 3, 0, 3, 0, 0, 3, 2, 2, 2, 0, 2, 1, 3, 2, 0, 0, 2, 2], "predicted_labels": [1, 0, 1, 3, 0, 1, 1, 3, 3, 0, 1, 3, 0, 0, 3, 3, 1, 3, 3, 1, 1, 1, 3, 3, 3, 3, 1, 3, 3, 1, 1, 1, 3, 1, 3, 1, 3, 3, 1, 0, 3, 0, 3, 3, 1, 3, 3, 3, 3, 0, 0, 1, 1, 0, 1, 1, 1, 3, 1, 0, 1, 1, 1, 1, 1, 0, 1, 1, 1, 1, 3, 1, 1, 1, 1, 3, 1, 3, 3, 1, 1, 3, 0, 1, 0, 1, 3, 1, 1, 1, 1, 3, 3, 1, 1, 3, 1, 3, 1, 3, 1, 1, 0, 0, 3, 1, 0, 3, 3, 1, 3, 1, 3, 3, 1, 3, 0, 1, 3, 3, 3, 3, 1, 3, 1, 1, 1, 1, 3, 1, 3, 3, 1, 1, 1, 1, 3, 0, 3, 1, 2, 1], "confidence_scores": [[0.28162356532356525, 0.28242597402597425, 0.16380409035409044, 0.2721463702963705], [0.31450485625485636, 0.2691036796536799, 0.16475098235098248, 0.2516404817404819], [0.20415435675435678, 0.35165278610278616, 0.2072776409864645, 0.23691521615639283], [0.24077186147186155, 0.2856496975246976, 0.1663978937728938, 0.30718054723054716], [0.2756608724608726, 0.2442726828726829, 0.2238093656343658, 0.256257079032079], [0.20926962481962488, 0.2990472860472862, 0.19342279387279399, 0.2982602952602954], [0.1715959151959153, 0.37817012432012437, 0.19795194805194807, 0.2522820124320125], [0.22358676601176605, 0.27718442390942394, 0.20575843600843605, 0.29347037407037413], [0.2218925463425464, 0.25999018759018766, 0.1951875541125542, 0.322929711954712], [0.2940204129204128, 0.2937228882228883, 0.16752244977244982, 0.24473424908424915], [0.22235382395382408, 0.3043431540681542, 0.24852090964590964, 0.22478211233211232], [0.26710989288489284, 0.2298798035298037, 0.16986447996447995, 0.33314582362082357], [0.32504528804528815, 0.20997735042735044, 0.1708288045288047, 0.2941485569985571], [0.28488180708180705, 0.2605253968253968, 0.20156668331668334, 0.2530261127761128], [0.2165079789491554, 0.2933428166604636, 0.15435456765456765, 0.33579463673581317], [0.27067256077256097, 0.2417965229215231, 0.21521817802080973, 0.2723127382851068], [0.20935868020868031, 0.34298992118992105, 0.20007263292263294, 0.2475787656787658], [0.21000916305916315, 0.2709957431457431, 0.2243389610389611, 0.2946561327561328], [0.22824720834720846, 0.2610441197691199, 0.1740002941502943, 0.33670837773337786], [0.2178082861582863, 0.3623195193695194, 0.17658939393939388, 0.24328280053280057], [0.2202422299922301, 0.31231385281385265, 0.20033056388056394, 0.26711335331335334], [0.25423238150738164, 0.2668700077700079, 0.21780421522921528, 0.26109339549339555], [0.23205270562770572, 0.2947399073149074, 0.17017256632256644, 0.3030348207348209], [0.24582565767565778, 0.24927498612498625, 0.20533667998668012, 0.29956267621267624], [0.2603558663558664, 0.2536604895104896, 0.19740281385281383, 0.28858083028083054], [0.2394396825396825, 0.2627884060384061, 0.22254272116772142, 0.27522919025419024], [0.223523065823066, 0.3515276057276056, 0.18104656454656462, 0.2439027639027641], [0.23515674880674892, 0.23671473526473524, 0.19511151071151073, 0.333017005217005], [0.23684909812409807, 0.23228459040959046, 0.1948942557442558, 0.3359720557220554], [0.25212464202464213, 0.3021898490398491, 0.23097543012543018, 0.2147100788100789], [0.1923124174071544, 0.34712214247740564, 0.21714018759018777, 0.24342525252525254], [0.2102595515595517, 0.31070143467643485, 0.26693445998446, 0.2121045537795538], [0.24940470362970374, 0.2885582167832168, 0.1530108391608392, 0.30902624042624044], [0.28141146631146646, 0.2839106726606726, 0.19443037518037526, 0.2402474858474859], [0.25455523088023085, 0.2401767898767899, 0.22878318903318917, 0.2764847902097904], [0.2488695027195027, 0.3169118548118547, 0.18976756021756028, 0.24445108225108242], [0.25442736707736713, 0.2575734820734823, 0.19324829614829636, 0.2947508547008547], [0.2588903568653569, 0.2742724331224331, 0.17260572205572208, 0.294231487956488], [0.2615049200799202, 0.31268429903429906, 0.1670398934398935, 0.2587708874458875], [0.28217269397269423, 0.2787703074703075, 0.18886085026085037, 0.2501961482961482], [0.17213020868020873, 0.24161812795048104, 0.23597965204729918, 0.3502720113220115], [0.28311821511821517, 0.2726298423798424, 0.16313904983904987, 0.28111289266289274], [0.24010841380841397, 0.27879011544011545, 0.16958645798645808, 0.3115150127650129], [0.22855347985347993, 0.28225145687645703, 0.19592096792096805, 0.2932740953490954], [0.2646495892995894, 0.30613790376290395, 0.19806047563547574, 0.23115203130203132], [0.2520831890331892, 0.2856275280275282, 0.17222071817071824, 0.29006856476856496], [0.21798552003552027, 0.2903217116217117, 0.20035523365523378, 0.29133753468753476], [0.25904629814629826, 0.2470199114610879, 0.19136219532101895, 0.30257159507159503], [0.242146622821623, 0.2621496336996338, 0.22408674658674677, 0.2716169968919971], [0.2843674658674659, 0.2790022644022644, 0.17425752025752037, 0.2623727494727495], [0.2955787185037186, 0.28132901542901545, 0.19337172549672554, 0.22972054057054064], [0.2924816822066822, 0.2938289932289934, 0.1521321733821734, 0.2615571511821513], [0.2280790986790988, 0.3292420135420138, 0.18475995670995668, 0.25791893106893116], [0.38622195961932776, 0.1890738501264818, 0.1648777878554195, 0.2598264023987709], [0.22820821400821414, 0.3094973637473638, 0.16692380952380975, 0.2953706127206129], [0.26049906204906204, 0.34353715728715717, 0.15496861471861478, 0.24099516594516596], [0.19113903873903884, 0.30741792374292365, 0.24583023088023112, 0.2556128066378068], [0.23559726939726947, 0.2706968919968921, 0.19397772227772236, 0.2997281163281163], [0.24611284271284287, 0.3530880619380621, 0.15027825507825507, 0.2505208402708404], [0.2837527417027418, 0.2633091852591853, 0.1774623876123877, 0.27547568542568546], [0.20386257631257637, 0.32635468420468416, 0.23987862692862702, 0.22990411255411272], [0.19567104839604854, 0.2967177988677988, 0.22541154956154974, 0.28219960317460335], [0.1570180236430237, 0.33600905483405485, 0.21327266067266087, 0.2937002608502607], [0.2569757131757132, 0.309026356976357, 0.15664357031857049, 0.2773543595293597], [0.2711589466089467, 0.29639007936507944, 0.1709404040404041, 0.2615105699855701], [0.29011956099456115, 0.26400268897768914, 0.15999586802086815, 0.285881882006882], [0.19335124875124868, 0.3302621489621489, 0.19567546897546909, 0.28071113331113323], [0.2208164502164503, 0.32445685425685417, 0.19004646464646463, 0.26468023088023096], [0.24513639416139432, 0.2779352869352869, 0.2374629509379512, 0.23946536796536794], [0.27107649295149294, 0.2731311494061495, 0.20780236430236443, 0.2479899933399934], [0.1966370851370852, 0.2871837828837829, 0.21691099456099475, 0.2992681374181374], [0.2214554834054835, 0.3122016594516594, 0.19444206349206355, 0.27190079365079367], [0.20587872127872134, 0.3650012654012653, 0.19815053557553566, 0.23096947774447785], [0.2641063270063272, 0.2969984626484626, 0.17860038295038305, 0.26029482739482757], [0.260320634920635, 0.2973363636363636, 0.2597590909090909, 0.1825839105339105], [0.23888021145521157, 0.22428119658119652, 0.2573399572649574, 0.2794986346986347], [0.22050710678210692, 0.38734574314574316, 0.12794347041847043, 0.26420367965367975], [0.2611691225441227, 0.2804375041625043, 0.17367740315240324, 0.28471597014097005], [0.21385268620268627, 0.30402057387057396, 0.1779821234321236, 0.30414461649461666], [0.22199801864801874, 0.2981194527694528, 0.2314105727605728, 0.2484719558219559], [0.2684827672327674, 0.30570299145299135, 0.19414078144078162, 0.23167345987345994], [0.2177417027417028, 0.27757024642024664, 0.19074082029082043, 0.31394723054723056], [0.2791901931401932, 0.2784778110778111, 0.18119169164169177, 0.2611403041403042], [0.22093899433899455, 0.3388284271284271, 0.1658017538017539, 0.2744308247308248], [0.2804016983016984, 0.25471682206682206, 0.21490778388278395, 0.24997369574869593], [0.23973263403263406, 0.28213196803196816, 0.20363036963036968, 0.27450502830502843], [0.26682992007992024, 0.24279187303924163, 0.1767728771228773, 0.31360532975796124], [0.2289864357864358, 0.4050137362637362, 0.15641363081363086, 0.20958619713619714], [0.24221168831168838, 0.31836571206571224, 0.1763225496725498, 0.26310004995004993], [0.1812818015318016, 0.36765712898212916, 0.21681725219225237, 0.23424381729381752], [0.1916851703851705, 0.3383870962370963, 0.23996561771561783, 0.2299621156621157], [0.22463083028083028, 0.27172766122766123, 0.20063552558552558, 0.3030059829059828], [0.22756681096681092, 0.285057536907537, 0.1627763958263958, 0.324599256299256], [0.21822838272838294, 0.3083549672549673, 0.2215345876345877, 0.25188206238206257], [0.21453886668886685, 0.3206534687534684, 0.19766104451104455, 0.26714662004662], [0.2636315073815073, 0.2627200854700856, 0.18766634476634494, 0.28598206238206264], [0.2340321817071819, 0.2956199938949941, 0.20901801531801537, 0.2613298090798092], [0.2813945443445446, 0.2724572871572871, 0.15697453102453104, 0.2891736374736375], [0.2844261044511045, 0.31313428515928515, 0.18048475690975693, 0.22195485347985364], [0.18829491064491066, 0.28292373182373176, 0.2176691780441781, 0.3111121794871795], [0.22835095460095475, 0.38242667887667914, 0.1417488233988235, 0.24747354312354325], [0.22778170718170732, 0.32651868131868134, 0.19582241092241087, 0.24987720057720067], [0.30333992951492944, 0.267504242979243, 0.1820444805194805, 0.24711134698634712], [0.3252715506715507, 0.27562042957042954, 0.13343601398601407, 0.2656720057720059], [0.19216586191586196, 0.31261926406926416, 0.17868817848817856, 0.3165266955266957], [0.2838154401154402, 0.2911380397380399, 0.18311178821178825, 0.24193473193473192], [0.28310115995116003, 0.27741296481296485, 0.18439902874902872, 0.25508684648684654], [0.2582934565434565, 0.285832856032856, 0.13082359307359312, 0.32505009435009447], [0.20970108225108228, 0.3146248695748695, 0.1608782106782108, 0.3147958374958374], [0.24488831168831163, 0.27677933732933757, 0.24371095293595307, 0.23462139804639812], [0.21859850704850728, 0.3128964896214895, 0.13976041181041182, 0.32874459151959134], [0.23298243423243425, 0.2956489621489622, 0.23680393495393492, 0.23456466866466877], [0.2400481018981021, 0.21121762126762117, 0.2702487956487958, 0.2784854811854813], [0.28510932955932966, 0.2533766955266956, 0.15555108225108233, 0.30596289266289267], [0.23091810966810983, 0.30794416531181235, 0.21467305635540931, 0.24646466866466876], [0.19983477633477637, 0.2825098623598624, 0.20606652791652796, 0.31158883338883336], [0.318921423021423, 0.2283813075813077, 0.18101370296370312, 0.2716835664335665], [0.20090298312798316, 0.3295853091353091, 0.20356820124320127, 0.2659435064935066], [0.24289731379731394, 0.23513614718614714, 0.17240908535908547, 0.3495574536574536], [0.2690242451992453, 0.23391514041514042, 0.18256882561882565, 0.314491788766789], [0.2522342712842713, 0.20823835608835622, 0.2523995948495949, 0.2871277777777778], [0.236141983016983, 0.23131360861360878, 0.20553161005661016, 0.3270127983127984], [0.25419985569985576, 0.3002766455766456, 0.18278434898434906, 0.26273914973915], [0.21254121156621159, 0.2958415287327052, 0.18193099041481398, 0.30968626928626924], [0.2355101731601734, 0.32578116883116875, 0.17218983238983246, 0.2665188256188257], [0.2088291347541349, 0.345934546009546, 0.21253920523920525, 0.23269711399711407], [0.2431356254856255, 0.3263435231435232, 0.15227131202131214, 0.2782495393495394], [0.21866190476190478, 0.2850521645021646, 0.23603181818181826, 0.26025411255411257], [0.2233256743256745, 0.26478357198357194, 0.2467376623376623, 0.26515309135309145], [0.20895645824763476, 0.33454429296194005, 0.18845833055833064, 0.26804091823209464], [0.23553499278499287, 0.2810598318348319, 0.16092939560439568, 0.3224757797757798], [0.22204208569208575, 0.2862923798423799, 0.18270569985569993, 0.30895983460983467], [0.21453093295593298, 0.28659875402375423, 0.21667518037518033, 0.2821951326451327], [0.23621199356199357, 0.3023284826284826, 0.17245029415029423, 0.2890092296592297], [0.22346078643578662, 0.30276572316572314, 0.18946154956154962, 0.28431194083694095], [0.25288561438561447, 0.30038760961260946, 0.18106187146187153, 0.26566490453990466], [0.17963761238761244, 0.2981555777555778, 0.18694194139194142, 0.3352648684648687], [0.28032375957375977, 0.27340132090132124, 0.19127486022749177, 0.2550000592974279], [0.25830500055500066, 0.27484398934398935, 0.15184242424242436, 0.3150085858585859], [0.2591750230161996, 0.3323969468869624, 0.1584969252969253, 0.24993110479991285], [0.2093207514707517, 0.24495728160728178, 0.2817270118770119, 0.2639949550449553], [0.2548982434232435, 0.31585985125985144, 0.18676538739038753, 0.242476517926518]]}, "rewritten": {"ids": ["97105760", "97106591", "97107920", "97112290", "97113260", "97116401", "97116410", "97118210", "98106111", "98107410", "98108370", "98109230", "98110710", "98111670", "98112170", "98117740", "99107640", "99108310", "99108710", "99109161", "99109840", "99111620", "99111930", "99119830", "100108260", "100109330", "100109890", "100111380", "100116500", "100120010", "101108121", "101109000", "101112201", "101114990", "101116130", "101121640", "102109840", "102121700", "103109021", "103110760", "103111480", "103113101", "103113260", "103120290", "104109311", "104111620", "104111780", "104111880", "104112470", "104113210", "104116800", "104116980", "104117200", "104118070", "105112260", "105113190", "105115570", "105116860", "105119550", "106113170", "106113360", "106116441", "106116640", "106117650", "106119580", "107113170", "107113360", "107114140", "107114321", "107117010", "107118120", "107118520", "107121700", "108115250", "108117360", "108119330", "108120700", "108121190", "108121351", "108121410", "109113591", "109114270", "109114651", "109114720", "109115070", "109115220", "109115380", "109117600", "109119591", "109121351", "110113591", "110115710", "110115980", "110116290", "110116501", "110117080", "110118301", "110118701", "110120531", "110120700", "111115620", "111115770", "111115780", "111115910", "111116640", "111117480", "111118810", "111118910", "111119610", "111120190", "111120540", "111121220", "112116451", "112116810", "112117030", "112117431", "112117580", "112118511", "112118581", "112118810", "112118820", "112119930", "112120270", "112121351", "112121360", "113117550", "113118490", "113118511", "113118620", "113118810", "113119340", "113119450", "113120070", "113120601", "113120830", "113121190", "113122150", "113122160", "113122170", "113122190", "113122220", "113122650"], "labels": [0, 1, 0, 1, 1, 3, 3, 2, 0, 3, 1, 1, 2, 1, 3, 2, 1, 2, 2, 3, 2, 3, 1, 1, 3, 0, 3, 3, 2, 0, 0, 1, 0, 3, 2, 2, 2, 1, 0, 1, 0, 3, 3, 2, 3, 0, 3, 3, 1, 3, 1, 1, 3, 2, 3, 3, 0, 2, 1, 0, 0, 0, 3, 1, 3, 0, 0, 2, 0, 1, 3, 2, 3, 1, 1, 0, 2, 1, 3, 0, 3, 3, 3, 0, 0, 3, 3, 1, 0, 0, 0, 2, 1, 2, 3, 1, 1, 3, 0, 2, 1, 3, 1, 2, 0, 1, 0, 0, 2, 3, 1, 3, 0, 3, 2, 0, 0, 1, 1, 3, 0, 1, 0, 0, 3, 3, 1, 1, 3, 3, 0, 3, 2, 2, 3, 1, 2, 3, 1, 1, 1, 2], "predicted_labels": [3, 1, 0, 1, 3, 3, 2, 3, 1, 0, 1, 1, 1, 3, 3, 1, 3, 1, 1, 0, 1, 1, 1, 1, 1, 3, 0, 0, 3, 1, 3, 1, 1, 1, 1, 3, 1, 1, 1, 3, 0, 1, 1, 1, 1, 3, 3, 3, 3, 3, 1, 1, 3, 1, 3, 0, 1, 3, 1, 1, 1, 1, 3, 1, 1, 3, 0, 3, 3, 3, 0, 1, 1, 3, 3, 1, 3, 1, 1, 1, 1, 3, 0, 3, 1, 3, 3, 3, 1, 3, 1, 3, 3, 3, 1, 3, 0, 3, 3, 1, 3, 1, 1, 1, 3, 3, 3, 3, 1, 1, 1, 3, 0, 3, 3, 1, 1, 1, 3, 1, 1, 3, 1, 1, 1, 1, 0, 1, 1, 3, 1, 1, 1, 3, 1, 0, 1, 1, 1, 1, 3, 1], "confidence_scores": [[0.23454476356976375, 0.24265098790098796, 0.2423431013431015, 0.2804611471861474], [0.2574546973494343, 0.27896869592395923, 0.20527307137307144, 0.2583035353535353], [0.3665454971928658, 0.1752379055155371, 0.17318628213891385, 0.2850303151526836], [0.24453310578310586, 0.32949230769230775, 0.14703480408480424, 0.2789397824397826], [0.2421187035187036, 0.22690827505827516, 0.2583101731601733, 0.27266284826284837], [0.24244661449661453, 0.26584967254967257, 0.21173040848040856, 0.2799733044733045], [0.2356912358109727, 0.26594772522798843, 0.2801653679653682, 0.21819567099567097], [0.24330007770007778, 0.22244277944277963, 0.2337988233988234, 0.30045831945831974], [0.2598632256632257, 0.2818035797535799, 0.2060448495948497, 0.2522883449883452], [0.30551378066378077, 0.24589618159618162, 0.20854840714840722, 0.24004163059163072], [0.22207523032523033, 0.318991797091797, 0.22992718947718951, 0.22900578310578318], [0.24697846597846587, 0.30299438061938067, 0.22492784160284168, 0.22509931179931184], [0.25581747141747146, 0.2614336385836386, 0.2258187756687757, 0.25693011433011437], [0.24058357198357203, 0.2247467310467312, 0.25811717171717186, 0.27655252525252527], [0.25926463258963267, 0.2610151459651461, 0.19660103785103777, 0.2831191835941837], [0.20028951048951066, 0.30650314685314684, 0.23004227994228005, 0.26316506271506285], [0.23203752913752917, 0.2724076784326786, 0.2035971722721723, 0.2919576201576202], [0.23903744033744037, 0.2789253191253192, 0.21925215340215357, 0.26278508713508725], [0.19096865079365097, 0.38204766344766355, 0.18234697247197268, 0.24463671328671346], [0.2873131146631148, 0.2780610001110002, 0.19863689088689104, 0.23598899433899442], [0.20280356310356323, 0.2980832334332335, 0.22549701964701965, 0.2736161838161837], [0.18922104300927847, 0.3637824544736311, 0.18978282240635194, 0.2572136801107391], [0.18919173881673887, 0.3466488178488178, 0.19863820346320354, 0.26552123987123993], [0.19874740259740267, 0.3100173160173162, 0.20228254719137084, 0.2889527341939106], [0.21414041514041515, 0.3564672660672659, 0.20238513153513177, 0.22700718725718735], [0.22624613997114001, 0.2829909534909535, 0.20479540459540463, 0.28596750194250187], [0.3043911255411257, 0.24835440115440124, 0.20099347041847057, 0.2462610028860031], [0.28993337250984297, 0.28149806304806324, 0.17745365745365754, 0.2511149069884366], [0.23552286602286607, 0.2548436452436452, 0.22005076035076038, 0.2895827283827285], [0.2591656121656123, 0.27789635364635373, 0.20274077589077602, 0.26019725829725854], [0.22074521589521587, 0.28981500721500725, 0.18618322788322797, 0.3032565490065492], [0.22824955015744497, 0.2846596514596513, 0.23814159758370299, 0.24894920079920083], [0.2710607281607284, 0.3517309301809302, 0.15403388278388283, 0.2231744588744589], [0.22303276723276735, 0.3171472083472084, 0.20168086358086365, 0.25813916083916094], [0.24100606060606064, 0.2922007936507937, 0.22784725829725835, 0.23894588744588768], [0.24015534188034202, 0.2734070263070265, 0.20171607836607844, 0.2847215534465534], [0.22719032079032087, 0.3277273615273614, 0.21924826839826847, 0.22583404928404938], [0.26396707736707736, 0.3015972693972695, 0.18954616494616508, 0.24488948828948834], [0.25121757686757695, 0.3109479797979797, 0.19416808746808764, 0.24366635586635593], [0.25631183261183277, 0.276177528027528, 0.18986406648906656, 0.27764657287157285], [0.2716703185703186, 0.22918223165723173, 0.2317535436785439, 0.2673939060939061], [0.24493410478410496, 0.29207520257520264, 0.2150862914862915, 0.24790440115440115], [0.270386865911866, 0.296594993894994, 0.17806523754023765, 0.2549529026529027], [0.21488159618159614, 0.30836605616605633, 0.20014702242202262, 0.2766053252303253], [0.26011756021756033, 0.2871562826062826, 0.16611340501603675, 0.2866127521601205], [0.2684632922632925, 0.2406635142635144, 0.20960753866017034, 0.2812656548130231], [0.23721832611832622, 0.28916582861582873, 0.1612404761904763, 0.31237536907536906], [0.22198559218559233, 0.26455153408682824, 0.18728804496157453, 0.32617482876600523], [0.22649189454336519, 0.24313835608835613, 0.20949988899988908, 0.3208698603683898], [0.21585006105006108, 0.2700615773115773, 0.21782185592185604, 0.2962665057165058], [0.24563445165945166, 0.2888408591408593, 0.18404487734487737, 0.281479811854812], [0.21141405555229087, 0.29867273641391295, 0.2447295867531162, 0.2451836212806802], [0.21947714034331683, 0.27983296817561526, 0.17983529526029532, 0.32085459622077256], [0.2117103896103897, 0.3539576923076923, 0.202386840936841, 0.23194507714507726], [0.19629968919968935, 0.2763242535242535, 0.2283787601287603, 0.2989972971472973], [0.31604426129426133, 0.22170526140526145, 0.18162375402375405, 0.2806267232767232], [0.21509796592296604, 0.3131417388167389, 0.20766880896880918, 0.2640914862914863], [0.2676551337551339, 0.27583828948828953, 0.17973949661449667, 0.27676708014208024], [0.29256680541680535, 0.32653808968808984, 0.16445341880341882, 0.2164416860916862], [0.22810844155844165, 0.3563532780944546, 0.16674540100422458, 0.24879287934287944], [0.2571403762903762, 0.31313122433122426, 0.2193115523365524, 0.21041684704184704], [0.27271973581973585, 0.333715306915307, 0.1560058608058609, 0.23755909645909662], [0.2391899905649905, 0.27867746697746704, 0.1843272255522257, 0.2978053169053169], [0.25437738095238105, 0.2885248556998558, 0.20437012987012995, 0.2527276334776336], [0.2287244921744922, 0.29833494838494823, 0.19241482406482416, 0.28052573537573544], [0.24280503108003118, 0.23445953768453792, 0.1857683871683873, 0.33696704406704414], [0.29579194694194716, 0.25207082362082367, 0.15907670385170392, 0.29306052558552564], [0.2189840992340994, 0.2811534854034855, 0.189001603951604, 0.3108608114108115], [0.26368325563325573, 0.2546091408591411, 0.17147427017427028, 0.31023333333333336], [0.21712732545232546, 0.26335107947607955, 0.2006266733266734, 0.31889492174492157], [0.28015759795759804, 0.27871479076479083, 0.1971592102342103, 0.2439684010434012], [0.18814880119880137, 0.39004458319458335, 0.18689153624153626, 0.23491507936507947], [0.24866690809190817, 0.32372839660339664, 0.18310247252747253, 0.24450222277722278], [0.23049932844932858, 0.26194348429348435, 0.20066118326118318, 0.3068960039960042], [0.2117270285270287, 0.26203542568542565, 0.20755973470973482, 0.3186778110778112], [0.237804711954712, 0.2856710400710401, 0.22246689421689436, 0.2540573537573539], [0.2702169413919414, 0.23308916361416362, 0.18987987567987577, 0.3068140193140195], [0.22264772449772452, 0.31112932622932626, 0.19452733377733403, 0.2716956154956155], [0.24597701742701755, 0.2983527306027305, 0.1974066600066601, 0.2582635919635921], [0.2689756132756134, 0.33173779553779553, 0.16239553224553235, 0.236891058941059], [0.22100497280497286, 0.3644780774780775, 0.12729756354756358, 0.287219386169386], [0.25003706293706307, 0.2380873293373294, 0.22686394161394172, 0.28501166611166623], [0.30585962093462116, 0.22721918636918656, 0.19724742377505536, 0.26967376892113737], [0.22144287934287932, 0.2578764929514931, 0.20729491341991343, 0.3133857142857143], [0.17812422022422025, 0.39317186147186145, 0.2063911255411256, 0.22231279276279284], [0.22555560200033892, 0.2853179411232043, 0.16616701354201366, 0.32295944333444315], [0.20105324675324673, 0.286686507936508, 0.2207950438450439, 0.2914652014652015], [0.26860805860805875, 0.256986192402369, 0.18885710041592402, 0.28554864857364853], [0.24732417027417042, 0.2854995595907361, 0.24563237514119876, 0.22154389499389499], [0.2651107364857364, 0.25667346264846275, 0.19578035575535588, 0.28243544511044527], [0.26710630480630493, 0.26982888222888246, 0.20209236041736045, 0.26097245254745266], [0.23293272560772565, 0.24372422299922303, 0.19715872460872466, 0.32618432678432663], [0.2255884920634921, 0.2751492784992785, 0.1727189837939837, 0.32654324564324555], [0.24548979353979372, 0.2402777722277723, 0.2090508880008881, 0.30518154623154625], [0.25052145077145077, 0.31234937839937826, 0.1547736874236875, 0.28235548340548344], [0.22218824231324238, 0.2781920523920526, 0.196489146964147, 0.30313055833055835], [0.3230025863025863, 0.27295444000444025, 0.16650927960927964, 0.23753369408369424], [0.21712402597402589, 0.28305645465645485, 0.20184678377178386, 0.29797273559773546], [0.25971159396159404, 0.2737468198468199, 0.15907850760350764, 0.30746307858807853], [0.2518078865578866, 0.2996018204018205, 0.19219558219558228, 0.25639471084471105], [0.24654600399600402, 0.2702954406704406, 0.20942371794871809, 0.2737348373848373], [0.21117771117771125, 0.3094087912087912, 0.2221549644799646, 0.25725853313353325], [0.2469267843267843, 0.28683008935508963, 0.18834511044511051, 0.2778980158730159], [0.20558184038184038, 0.3317016039516039, 0.21904617604617618, 0.2436703796203798], [0.25373793428793445, 0.2612455433455436, 0.2214468329056566, 0.26356968946086606], [0.2425264513264514, 0.29909074814074815, 0.15864802419802415, 0.2997347763347763], [0.289098656898657, 0.24413814518814522, 0.1610872016872017, 0.30567599622599617], [0.28042120657120684, 0.26830605505605504, 0.16138118548118552, 0.289891552891553], [0.1668705405705406, 0.35305372960372977, 0.22984348429348453, 0.2502322455322457], [0.1999697913197914, 0.3145697913197913, 0.18044617604617605, 0.30501424131424154], [0.22312225552225573, 0.32217495837495824, 0.18615855810855808, 0.26854422799422817], [0.23153879453879464, 0.31424458874458866, 0.13245261960261964, 0.3217639971139969], [0.31107216949716937, 0.27144184149184164, 0.1752728937728938, 0.24221309523809545], [0.2413731601731603, 0.2816258574758576, 0.18575076035076046, 0.29125022200022194], [0.239855513930514, 0.2722168997668999, 0.16561371683871695, 0.32231386946386936], [0.21418246753246767, 0.3431894383394383, 0.20533906093906104, 0.23728903318903344], [0.19455868934986584, 0.32830927797692494, 0.15432065712065718, 0.322811375552552], [0.2736436230436233, 0.27652732267732283, 0.17537127039627046, 0.274457783882784], [0.24150022477522481, 0.2576671800421801, 0.2127222943722944, 0.2881103008103007], [0.22485523088023104, 0.37159607059607064, 0.14113055833055832, 0.26241814019314025], [0.2615452380952381, 0.30200281385281397, 0.15580493395493406, 0.2806470140970142], [0.18773733211233218, 0.29160794030530873, 0.2236203712953714, 0.2970343562869879], [0.20674834054834068, 0.3264214563214564, 0.22378621378621388, 0.24304398934398946], [0.27550382395382395, 0.28226320346320355, 0.18298924963924973, 0.25924372294372305], [0.2696747197247198, 0.28082909312909304, 0.17733084138084146, 0.27216534576534596], [0.2520077200577201, 0.2669773670773671, 0.21861563436563455, 0.2623992784992787], [0.29445231435231417, 0.2606585026085028, 0.1602938505938506, 0.28459533244533247], [0.2205331890331892, 0.31585747585747587, 0.1951173659673661, 0.26849196914196916], [0.27920399045399064, 0.2903699101552043, 0.16548346065699018, 0.2649426387338153], [0.20546388056388065, 0.2972143745143747, 0.17732291597291602, 0.3199988289488289], [0.28391862304362303, 0.29439036519036527, 0.1416420967920968, 0.28004891497391515], [0.28695743145743147, 0.2977150793650794, 0.18537489177489183, 0.22995259740259744], [0.2210910755910757, 0.3020564491064492, 0.1888792429792431, 0.2879732323232323], [0.2410219447219448, 0.28722918747918746, 0.1628921522921524, 0.3088567155067157], [0.22968813963813972, 0.3251488844488844, 0.19073454878454887, 0.2544284271284272], [0.27703648573648565, 0.2752018037518037, 0.1921247474747476, 0.25563696303696315], [0.22057994227994246, 0.3080417443667446, 0.19398798423798422, 0.27739032911532907], [0.2346658616237565, 0.3570959096459097, 0.15048996033206563, 0.2577482683982684], [0.2037925796425798, 0.30645440947940966, 0.20888542568542576, 0.2808675851925853], [0.22897012432012445, 0.30497810359575056, 0.19289657009657027, 0.2731552019875549], [0.2272366244866246, 0.28386464646464654, 0.15901625596625604, 0.3298824730824729], [0.21283872238872234, 0.2885932900432902, 0.23681774891774904, 0.26175023865023883]]}}