{"test": {"ids": ["112116800", "113118490", "113120780", "110114610", "109116040", "107113130", "100110260", "101108460", "112118620", "109117600", "97107260", "101108500", "106118520", "100108520", "107114140", "113121010", "104117200", "108121351", "103113270", "105111990", "99112300", "101114020", "109121351", "111116530", "113122320", "98108370", "99107640", "101121640", "100109890", "99108310", "110118740", "112120270", "98111620", "107114280", "109120150", "104113550", "104113380", "113119360", "111121190", "109115220", "102108621", "113118231", "111117480", "102113981", "100108580", "99111620", "104113170", "102116500", "108116481", "103117461", "100109360", "109114220", "108118810", "104114240", "98110810", "105113170", "97107681", "107121700", "112118930", "97111790", "111119930", "107114490", "103111170", "111119430", "97106770", "105115380", "99108010", "100112060", "99111340", "113118111", "103112641", "98116500", "105116090", "109114030", "99108080", "99113260", "113122230", "106114011", "113118820", "99111440", "110113931", "111121410", "104118340", "99108000", "106113170", "98109090", "113121410", "113118620", "113121810", "98107010", "112118581", "99108520", "105112260", "102109850", "98106880", "107116501", "107116340", "99111930", "99105921", "112120640", "101119030", "107120880", "110118450", "111116640", "105115570", "110117870", "98112300", "105113190", "102118380", "98108970", "107119950", "112120290", "107115250", "108116120", "101116130", "103111540", "98110230", "110116170", "110118111", "110118880", "111116750", "107118780", "110120640", "110114321", "113120280", "110115250", "97108520", "109117271", "106118820", "111119290", "108113700", "109117110", "111119950", "97110950", "104111880", "106112770", "103111990", "103113260", "106114150", "104113000", "111119250", "101115190"], "labels": [0, 1, 0, 1, 0, 1, 3, 0, 3, 1, 2, 3, 2, 2, 2, 2, 3, 3, 2, 2, 0, 3, 0, 3, 1, 1, 1, 2, 3, 2, 3, 0, 3, 3, 2, 1, 1, 0, 1, 3, 3, 3, 1, 1, 0, 3, 3, 1, 0, 0, 0, 3, 1, 0, 1, 0, 3, 3, 1, 2, 1, 3, 2, 3, 3, 1, 2, 2, 1, 1, 3, 2, 1, 1, 3, 0, 1, 1, 0, 3, 1, 0, 2, 2, 0, 1, 0, 3, 2, 3, 1, 2, 3, 1, 0, 1, 3, 1, 1, 0, 3, 1, 0, 0, 0, 3, 2, 3, 1, 3, 3, 1, 2, 1, 2, 1, 3, 0, 1, 0, 3, 1, 0, 1, 0, 1, 2, 0, 3, 3, 0, 1, 0, 3, 3, 1, 2, 3, 1, 1, 1, 1], "predicted_labels": [3, 3, 1, 1, 3, 2, 0, 1, 0, 3, 2, 0, 2, 3, 2, 1, 0, 1, 1, 3, 1, 1, 1, 1, 1, 3, 1, 3, 0, 3, 0, 1, 3, 3, 3, 0, 1, 0, 2, 3, 3, 3, 0, 2, 2, 0, 1, 1, 1, 1, 3, 1, 3, 1, 1, 3, 3, 3, 1, 2, 3, 3, 2, 1, 1, 2, 0, 1, 2, 3, 2, 1, 1, 1, 0, 1, 1, 1, 0, 3, 3, 1, 1, 2, 1, 1, 0, 0, 2, 0, 3, 2, 3, 2, 2, 0, 3, 1, 1, 2, 0, 1, 2, 3, 1, 1, 3, 3, 0, 1, 3, 3, 3, 0, 1, 3, 0, 3, 3, 3, 3, 0, 1, 1, 0, 3, 1, 1, 3, 3, 0, 1, 3, 2, 1, 3, 1, 3, 3, 3, 2, 1], "confidence_scores": [[0.1898682782469815, 0.18640355554866772, 0.2946531878111968, 0.32907497839315397], [0.2048745235345066, 0.30030507777867727, 0.16858217414017299, 0.326238224546643], [0.30125549461498163, 0.3969102434041797, 0.16239644805063083, 0.13943781393020785], [0.22975629221023777, 0.2905113714864197, 0.2742194849538099, 0.20551285134953273], [0.13769054253564184, 0.29157709638846735, 0.2179691569355567, 0.3527632041403343], [0.15196183504965197, 0.14921606613323815, 0.6099031115158082, 0.08891898730130172], [0.48193117948776687, 0.10822050353916855, 0.18122677096919765, 0.22862154600386697], [0.26544153145605526, 0.46167496854587015, 0.1679233133763658, 0.10496018662170882], [0.4315794954170194, 0.2438841603957838, 0.11656297819829547, 0.20797336598890134], [0.2947773138760549, 0.1169812038382894, 0.1205216170295856, 0.46771986525607], [0.2091302617639996, 0.13318660964688872, 0.3798780456434361, 0.27780508294567574], [0.4101107130855903, 0.20626533975565797, 0.11801852596486798, 0.265605421193884], [0.1669984962053178, 0.260790571198236, 0.3850060148151497, 0.1872049177812966], [0.21841791171111077, 0.28263223327181014, 0.1602763152797212, 0.33867353973735803], [0.2051001151290103, 0.15017676188717813, 0.517674876876918, 0.12704824610689358], [0.17896017225051902, 0.5334019432717225, 0.1430831192557773, 0.14455476522198124], [0.3003339509760181, 0.2540069788767815, 0.22977771150962506, 0.21588135863757532], [0.20227121844264356, 0.3474415110970576, 0.10435764210810847, 0.34592962835219027], [0.16841599451876796, 0.34480295099153957, 0.17484435941432444, 0.31193669507536803], [0.20947580576808966, 0.26235728420979804, 0.03438034768564317, 0.49378656233646917], [0.24523668735801074, 0.42132489505306236, 0.15126046496640153, 0.1821779526225254], [0.2605339485149597, 0.29731196506942226, 0.23610444576244602, 0.20604964065317202], [0.18467287260468096, 0.5579121232511196, 0.08486766104957898, 0.17254734309462047], [0.17694337747721217, 0.5743462613234915, 0.09603818763080256, 0.1526721735684938], [0.3305815539668941, 0.33900396648393266, 0.09921735847810827, 0.23119712107106488], [0.09547900741371365, 0.20148894681163876, 0.3282250206509327, 0.37480702512371505], [0.23666359784424207, 0.4000173898109297, 0.15930421719873566, 0.2040147951460927], [0.25036507170692435, 0.23590163867739097, 0.12669988769762733, 0.38703340191805746], [0.43873710652016557, 0.24196850747300572, 0.20782944205559203, 0.11146494395123654], [0.32312433086629133, 0.16198531156915083, 0.1592422458345141, 0.35564811173004407], [0.3450940671904559, 0.145128946723987, 0.17757644435979494, 0.3322005417257621], [0.1386207899154448, 0.4136029766106601, 0.2377133590618683, 0.21006287441202695], [0.13568355124163717, 0.1900761749970535, 0.24178961092231652, 0.43245066283899275], [0.21765843886126554, 0.29860749919203416, 0.13639729248903504, 0.3473367694576654], [0.16618853217224847, 0.26844203975921366, 0.14092769021049542, 0.4244417378580423], [0.5326618298124833, 0.14207519426216628, 0.15200732496207225, 0.17325565096327813], [0.21601508907397773, 0.41369891876771103, 0.26124944882048773, 0.10903654333782334], [0.40657421660970466, 0.1177577747308711, 0.09362780503499561, 0.3820402036244288], [0.23262796176267136, 0.19244203570176185, 0.3057165642979255, 0.2692134382376412], [0.12755736820053606, 0.2864502869149838, 0.07971576867564963, 0.5062765762088306], [0.28933364171876935, 0.2933392651467304, 0.09401937722573578, 0.32330771590876445], [0.22967158763177228, 0.2692453576664682, 0.10500427474414763, 0.39607877995761204], [0.34673038003767265, 0.2155636766714434, 0.20187149355303918, 0.23583444973784487], [0.1947426741414456, 0.2271757562235004, 0.4253239020187354, 0.1527576676163186], [0.16416181966470003, 0.11692851132555176, 0.6445025167437797, 0.0744071522659684], [0.3488855059449164, 0.21353429285049874, 0.1995083811225637, 0.23807182008202118], [0.14864139058029763, 0.5112554029191334, 0.14220689901222636, 0.19789630748834264], [0.29952681654309404, 0.3185255056127511, 0.128712712014414, 0.25323496582974075], [0.30404808570782826, 0.3661053140830582, 0.16339005259455536, 0.16645654761455825], [0.30935385180108516, 0.32205730245052794, 0.11531647300864092, 0.25327237273974584], [0.2884701973323631, 0.0979847978054102, 0.2822381692414038, 0.331306835620823], [0.2951221838585616, 0.3608877334785088, 0.14002885535156923, 0.2039612273113605], [0.23202053324770844, 0.27697822575026204, 0.13743680954973805, 0.3535644314522916], [0.2767873103606205, 0.3160388276108652, 0.14215830811786317, 0.26501555391065124], [0.16112196047482516, 0.4604976082161867, 0.20613984475486738, 0.17224058655412075], [0.28555474053414753, 0.23720255029678222, 0.06955615002602328, 0.407686559143047], [0.10324388718948482, 0.10086259667678873, 0.05684506455303214, 0.7390484515806944], [0.2780610114373391, 0.26171193226439954, 0.10614116593608995, 0.35408589036217164], [0.27795993701049004, 0.40156002406117935, 0.15874615207567552, 0.16173388685265505], [0.2008947772548029, 0.18307883481436474, 0.41008958656596245, 0.20593680136486983], [0.11638276838878447, 0.12841224394541906, 0.08574069665916438, 0.6694642910066322], [0.18604795096268478, 0.2797485454798131, 0.1109246949985897, 0.4232788085589124], [0.18646978525620608, 0.20817976102569108, 0.3826670227619482, 0.2226834309561548], [0.2628237120467753, 0.32431184590004064, 0.15135345968860467, 0.2615109823645794], [0.1626610049305059, 0.3750061008022153, 0.3204344417186001, 0.14189845254867883], [0.12733962795953854, 0.25543900578425094, 0.46439244951541847, 0.15282891674079196], [0.3543071416912802, 0.24329199530129197, 0.164787288582187, 0.23761357442524086], [0.3093905226263427, 0.35936493742540077, 0.15172306813724684, 0.17952147181100986], [0.10579567671592632, 0.13586128710784343, 0.6063560791991071, 0.15198695697712325], [0.22157302467773451, 0.2398955496925863, 0.08029751785807081, 0.4582339077716083], [0.16050542597371537, 0.22850812353607763, 0.3921419292855241, 0.21884452120468287], [0.13478799333952043, 0.3944669080988646, 0.18840712666422552, 0.28233797189738946], [0.12744396612546222, 0.30756884027647163, 0.26694696374043486, 0.2980402298576313], [0.17565765497712543, 0.3701892130228865, 0.15145441412556893, 0.30269871787441915], [0.40693545066608616, 0.2686423424208255, 0.12832330089909505, 0.1960989060139933], [0.17998918327650668, 0.3122373916326333, 0.2668279058695952, 0.2409455192212649], [0.2880505607022515, 0.3789299572757474, 0.08073030358579304, 0.25228917843620796], [0.2889542224848055, 0.3256212850783654, 0.20637339161502835, 0.1790511008218008], [0.3674528149114736, 0.31945901027516993, 0.08128498630922955, 0.23180318850412698], [0.17844040982045678, 0.1901047228731657, 0.25656116210345586, 0.37489370520292176], [0.2362614312642766, 0.2589328571146601, 0.1063377513558528, 0.3984679602652106], [0.25074724611094545, 0.3363410934256055, 0.1056149031264183, 0.30729675733703093], [0.1562296883573801, 0.44964467537693387, 0.18856304307457655, 0.20556259319110953], [0.09137472474869208, 0.3173070980997613, 0.3353347201746194, 0.25598345697692726], [0.3152125542744543, 0.3741641366592604, 0.04538524984954613, 0.2652380592167392], [0.2687816534975503, 0.2927034430824193, 0.20008052069819265, 0.23843438272183787], [0.32981089433694905, 0.26049511255341345, 0.08653026544344017, 0.3231637276661972], [0.33880028023808983, 0.3278972031107996, 0.15215940140374454, 0.1811431152473658], [0.1670397055209195, 0.255015139318077, 0.3097853961999054, 0.26815975896109806], [0.3041728493088961, 0.2786897049314312, 0.23036427147475247, 0.1867731742849203], [0.15875363513030027, 0.26210937887787633, 0.2722843340371334, 0.30685265195468986], [0.26566104280787795, 0.2512606996467759, 0.28774860368415395, 0.19532965386119217], [0.07138489003936273, 0.28192282515261624, 0.04112647773176617, 0.6055658070762548], [0.16264361171704492, 0.29600855778429874, 0.3842678764881102, 0.15707995401054614], [0.12879931549150322, 0.21120183155956512, 0.49929313525746827, 0.16070571769146352], [0.3270484971888195, 0.18746192106198428, 0.1596368359833919, 0.3258527457658042], [0.1725791371495588, 0.24657472475516226, 0.17070991094143734, 0.4101362271538417], [0.185533655104568, 0.3720123135079714, 0.09181782616651954, 0.35063620522094097], [0.32320691371571436, 0.39995317531049535, 0.0943340780176053, 0.18250583295618494], [0.3084010129797176, 0.12669587165834012, 0.4313967395754691, 0.13350637578647315], [0.4755042627126996, 0.17155413528665014, 0.07400460268447315, 0.2789369993161771], [0.273526168535136, 0.3828048403793033, 0.12977302483732256, 0.21389596624823806], [0.22809437840123686, 0.24115665046213838, 0.2925709588875075, 0.23817801224911747], [0.2661461968756148, 0.2138717229870197, 0.19177849290251103, 0.32820358723485454], [0.15088145572266556, 0.48403246318058235, 0.20221808668352306, 0.16286799441322894], [0.18339657797207404, 0.4502853969074485, 0.22610614590343497, 0.1402118792170424], [0.16689707967614129, 0.15796505196307475, 0.1867787124216953, 0.4883591559390888], [0.35130072627110404, 0.18922052496687658, 0.10098517870135901, 0.3584935700606605], [0.38048865083074485, 0.21517028136192656, 0.11575020092446957, 0.28859086688285895], [0.2382981626634398, 0.4050986115140604, 0.17631292184125916, 0.18029030398124082], [0.15881808185741003, 0.29124217066823294, 0.17562681215199702, 0.37431293532236004], [0.2597809440814048, 0.17227386191009486, 0.23917622104079328, 0.3287689729677071], [0.19145362666797605, 0.22938942341165353, 0.26835047502545967, 0.31080647489491076], [0.35484272737440925, 0.15903231279587124, 0.19313743344556442, 0.2929875263841551], [0.19384516525126777, 0.3178388791985049, 0.1876287090841788, 0.30068724646604855], [0.2053112492453327, 0.31614136831186657, 0.12698441827590884, 0.3515629641668921], [0.3992843078146824, 0.28286461591584555, 0.06366705712492486, 0.25418401914454714], [0.1394190020624029, 0.34721971257344497, 0.08696374585664698, 0.42639753950750514], [0.20569992703186785, 0.2683537010872545, 0.09009047783260503, 0.4358558940482727], [0.23207626974965676, 0.33585773580929684, 0.08445037993447596, 0.34761561450657036], [0.28608128860259885, 0.14471348767213663, 0.12009103304820548, 0.44911419067705916], [0.5526420921544415, 0.19676761490999098, 0.07893617908201235, 0.17165411385355503], [0.2619868864309433, 0.2797544976894509, 0.24186780356529436, 0.21639081231431154], [0.2701637006286442, 0.31120171329487506, 0.14528526465288627, 0.27334932142359447], [0.3748797083909869, 0.17320992007352362, 0.1387773376277411, 0.3131330339077483], [0.2709264012781152, 0.2841414764341253, 0.10568714206509754, 0.339244980222662], [0.19986311964520634, 0.4316731445594668, 0.1352413121655591, 0.23322242362976792], [0.2774463452620128, 0.32792971834613494, 0.2201820130490018, 0.1744419233428505], [0.1981464175624209, 0.3574597405125489, 0.06968409129121479, 0.37470975063381534], [0.09649581269244108, 0.14515169550867063, 0.07934444830366912, 0.6790080434952191], [0.4476577378532735, 0.3136094075138573, 0.09498895022757274, 0.14374390440529666], [0.28187885851532596, 0.2866838848672137, 0.16100204698779474, 0.2704352096296656], [0.0956317171936721, 0.20210653666752687, 0.19851049604459092, 0.5037512500942101], [0.25750251298555926, 0.2201298066749309, 0.30244779548160927, 0.2199198848579004], [0.2733614493207604, 0.2850643252860612, 0.16678517555923436, 0.27478904983394403], [0.137904088908278, 0.1516826707396207, 0.11792715079106422, 0.5924860895610371], [0.26870913543201397, 0.3871078427290712, 0.19910709958966946, 0.14507592224924531], [0.24030179101892615, 0.23155879598782367, 0.23445073880602835, 0.29368867418722183], [0.21460941105658932, 0.20306226457918403, 0.16284085141415472, 0.41948747295007194], [0.21394549245327746, 0.27285215122881845, 0.15049808576588602, 0.36270427055201804], [0.19590215993363919, 0.21011466082133354, 0.38892822420997325, 0.20505495503505408], [0.1775075789180007, 0.46042072570733206, 0.1573453107622869, 0.20472638461238032]]}, "rewritten": {"ids": ["97106770", "97107260", "97107681", "97108520", "97110950", "97111790", "98106880", "98107010", "98108370", "98108970", "98109090", "98110230", "98110810", "98111620", "98112300", "98116500", "99105921", "99107640", "99108000", "99108010", "99108080", "99108310", "99108520", "99111340", "99111440", "99111620", "99111930", "99112300", "99113260", "100108520", "100108580", "100109360", "100109890", "100110260", "100112060", "101108460", "101108500", "101114020", "101115190", "101116130", "101119030", "101121640", "102108621", "102109850", "102113981", "102116500", "102118380", "103111170", "103111540", "103111990", "103112641", "103113260", "103113270", "103117461", "104111880", "104113000", "104113170", "104113380", "104113550", "104114240", "104117200", "104118340", "105111990", "105112260", "105113170", "105113190", "105115380", "105115570", "105116090", "106112770", "106113170", "106114011", "106114150", "106118520", "106118820", "107113130", "107114140", "107114280", "107114490", "107115250", "107116340", "107116501", "107118780", "107119950", "107120880", "107121700", "108113700", "108116120", "108116481", "108118810", "108121351", "109114030", "109114220", "109115220", "109116040", "109117110", "109117271", "109117600", "109120150", "109121351", "110113931", "110114321", "110114610", "110115250", "110116170", "110117870", "110118111", "110118450", "110118740", "110118880", "110120640", "111116530", "111116640", "111116750", "111117480", "111119250", "111119290", "111119430", "111119930", "111119950", "111121190", "111121410", "112116800", "112118581", "112118620", "112118930", "112120270", "112120290", "112120640", "113118111", "113118231", "113118490", "113118620", "113118820", "113119360", "113120280", "113120780", "113121010", "113121410", "113121810", "113122230", "113122320"], "labels": [3, 2, 3, 2, 3, 2, 0, 3, 1, 3, 1, 3, 1, 3, 2, 2, 1, 1, 2, 2, 3, 2, 2, 1, 3, 3, 1, 0, 0, 2, 0, 0, 3, 3, 2, 0, 3, 3, 1, 2, 3, 2, 3, 1, 1, 1, 1, 2, 1, 2, 3, 3, 2, 0, 3, 1, 3, 1, 1, 0, 3, 2, 2, 3, 0, 3, 1, 0, 1, 1, 0, 1, 1, 2, 3, 1, 2, 3, 3, 2, 3, 1, 1, 3, 1, 3, 0, 1, 0, 1, 3, 1, 3, 3, 0, 1, 0, 1, 2, 0, 1, 1, 1, 1, 0, 3, 1, 0, 3, 0, 0, 3, 0, 3, 1, 1, 3, 3, 1, 0, 1, 0, 0, 1, 3, 1, 0, 1, 0, 1, 3, 1, 3, 0, 0, 0, 0, 2, 0, 2, 1, 1], "predicted_labels": [1, 2, 3, 1, 0, 0, 2, 0, 1, 2, 3, 0, 1, 2, 0, 1, 0, 3, 1, 1, 3, 3, 0, 2, 3, 1, 3, 1, 0, 3, 3, 0, 0, 0, 1, 1, 0, 1, 2, 1, 3, 3, 3, 3, 0, 1, 1, 1, 2, 1, 1, 3, 2, 0, 3, 3, 1, 3, 0, 1, 3, 3, 1, 1, 1, 0, 3, 3, 1, 3, 1, 0, 3, 1, 3, 1, 3, 1, 0, 2, 1, 1, 3, 3, 0, 0, 0, 3, 0, 1, 2, 1, 1, 1, 3, 3, 3, 3, 3, 1, 3, 3, 2, 3, 3, 1, 0, 1, 0, 0, 1, 3, 0, 3, 0, 2, 3, 3, 3, 3, 0, 3, 2, 3, 1, 0, 2, 2, 2, 0, 0, 3, 3, 3, 0, 3, 1, 1, 3, 2, 0, 3], "confidence_scores": [[0.25712501104242025, 0.4368451167142833, 0.12982228890385936, 0.17620758333943717], [0.1838469938866369, 0.21317543171280104, 0.3628700687066165, 0.2401075056939458], [0.1514436260639477, 0.21364029272321633, 0.2638027589379676, 0.3711133222748683], [0.22575796146855548, 0.39137478749699417, 0.2667117078997014, 0.11615554313474909], [0.3844083100558153, 0.19392316691552397, 0.06699872041121457, 0.35466980261744624], [0.3460875299905989, 0.18677605848608297, 0.16934190243267613, 0.2977945090906421], [0.15051386061988853, 0.3031265249754232, 0.30385807072226406, 0.24250154368242435], [0.38887982360615414, 0.3617513920241029, 0.06346314007807334, 0.18590564429166986], [0.24158822746497371, 0.2945325905182337, 0.291849212199534, 0.17202996981725865], [0.1604998975736242, 0.3468963313206271, 0.3735019412825014, 0.11910182982324743], [0.15567901671914958, 0.19537694942967251, 0.15941910873350182, 0.4895249251176763], [0.35517973308046324, 0.24136460404607915, 0.10912901687267279, 0.29432664600078495], [0.1658608388450449, 0.5233435985612762, 0.15810908386476547, 0.15268647872891353], [0.11988475402180555, 0.10113875002026038, 0.460003667889628, 0.3189728280683061], [0.3781396272784899, 0.23189097376469775, 0.12883476298904273, 0.26113463596776965], [0.19331212728869612, 0.503689239418427, 0.1142735622057059, 0.18872507108717088], [0.36031280151988904, 0.20175200519874187, 0.1467804847611352, 0.29115470852023406], [0.20215329695483555, 0.31962041132944935, 0.13356226523293016, 0.3446640264827849], [0.11194357205007768, 0.33873652178227126, 0.32241912154871416, 0.2269007846189368], [0.19398076262962224, 0.48218672540991375, 0.2154440998323999, 0.10838841212806426], [0.31505613699966617, 0.2198572043282445, 0.12079141998752631, 0.344295238684563], [0.07783577518323011, 0.2235273017523534, 0.24348572882325162, 0.45515119424116485], [0.4340121633051399, 0.16513898978416286, 0.317750919660935, 0.08309792724976224], [0.1271652939269698, 0.3128100372643363, 0.45914883803148626, 0.10087583077720767], [0.29212282962727343, 0.27109734558534243, 0.10429042169712957, 0.33248940309025454], [0.08377029524582764, 0.4518523240883472, 0.20982028695397353, 0.25455709371185153], [0.16496627846299833, 0.26785954952688723, 0.21810079681693662, 0.3490733751931778], [0.306691204123319, 0.4561165182006491, 0.09761762318333989, 0.13957465449269205], [0.41388568963077577, 0.15607192944772363, 0.17394585899922163, 0.2560965219222789], [0.2687663196279813, 0.25683122375423, 0.12961428533560004, 0.3447881712821886], [0.27732757815757475, 0.1524686018772386, 0.2595503121681879, 0.3106535077969986], [0.484884120880054, 0.0767035872290805, 0.20570944701471128, 0.23270284487615434], [0.6272581420946592, 0.1288906663510515, 0.08887727852897281, 0.15497391302531652], [0.4870821259404139, 0.14868743909488114, 0.061449765575612235, 0.30278066938909304], [0.3148297926253602, 0.32465540290038264, 0.2361355878999536, 0.12437921657430366], [0.1439905498308262, 0.49622897212535644, 0.13472877251477897, 0.2250517055290384], [0.290766357750994, 0.28264043257744853, 0.16619641256781587, 0.26039679710374164], [0.26945085645068634, 0.2983797055307921, 0.25891554361481933, 0.17325389440370223], [0.23665276666337248, 0.300533914559141, 0.30170093009158805, 0.16111238868589856], [0.12055251218837332, 0.40730970511025094, 0.14668313785397785, 0.32545464484739806], [0.30711363246141, 0.2881187815564995, 0.0873894491664419, 0.3173781368156486], [0.13927537627188138, 0.1687680735145793, 0.10943484741403733, 0.582521702799502], [0.27126328072653827, 0.1895589930274705, 0.20914535909479026, 0.330032367151201], [0.21633678283636593, 0.15764062053935035, 0.22625604255500703, 0.39976655406927675], [0.3562491901326509, 0.2964477099839049, 0.17568548934380093, 0.17161761053964328], [0.23488998534468208, 0.34626805007376105, 0.21960279859995532, 0.19923916598160168], [0.29274162691165045, 0.35207517999979165, 0.09802124460376573, 0.257161948484792], [0.13757408561161452, 0.42008372229149804, 0.15196968793975107, 0.29037250415713634], [0.2680693096083236, 0.2030034128185163, 0.3047899787406707, 0.22413729883248942], [0.28197597160231136, 0.33442070118918477, 0.16426844710360464, 0.2193348801048992], [0.2301637194266437, 0.3999962910295824, 0.2175699531808114, 0.15227003636296255], [0.31959218018866686, 0.14807175840532114, 0.14639205734617408, 0.385944004059838], [0.2343368989262789, 0.12104057647999839, 0.41734605596501534, 0.22727646862870737], [0.3157047003267552, 0.246149247419152, 0.1708949238678312, 0.26725112838626175], [0.2647824722115377, 0.19075727945693835, 0.05437770484725743, 0.4900825434842667], [0.23176320579249557, 0.2653559517660963, 0.09477039996544094, 0.40811044247596723], [0.1612824513576352, 0.4511697339609149, 0.1466188589164355, 0.24092895576501436], [0.12942105191631176, 0.21663178156461382, 0.3217564604587291, 0.33219070606034534], [0.7789226827546049, 0.04037646232888093, 0.04022509850115646, 0.14047575641535778], [0.18382050783250853, 0.4579243169906525, 0.16090531723740578, 0.19734985793943327], [0.09200812036142603, 0.19415696637615548, 0.22091796043536935, 0.4929169528270493], [0.25865514194502737, 0.2101918689054934, 0.21658766933799245, 0.31456531981148683], [0.13614404380189155, 0.41745969785436104, 0.14496591659639282, 0.30143034174735467], [0.1288520871127665, 0.45836577789502314, 0.1651093999453517, 0.2476727350468586], [0.2280319686795989, 0.43666693522183936, 0.05805451963155348, 0.27724657646700834], [0.37764827473056867, 0.2129695762899386, 0.13346180922683956, 0.2759203397526533], [0.1493072728981776, 0.1933801318228743, 0.14782080487381632, 0.5094917904051317], [0.11186653582152022, 0.24652456735980846, 0.16542429414034757, 0.4761846026783238], [0.12452287094772807, 0.5325594348246429, 0.17272280179162092, 0.17019489243600808], [0.18144271170869272, 0.3244755798215932, 0.1465301854522233, 0.3475515230174907], [0.21519337842029224, 0.3802106674281452, 0.04347364633159197, 0.3611223078199706], [0.5482868071039951, 0.14398003045673988, 0.0768819239424708, 0.2308512384967943], [0.2180503445888539, 0.14732192961525076, 0.2665164036721205, 0.36811132212377484], [0.2709882520078575, 0.38409763419784526, 0.11281210587540286, 0.2321020079188945], [0.24151850336348354, 0.2901346572386053, 0.05203939582783646, 0.4163074435700745], [0.22372345536157676, 0.3394061862134392, 0.23778497363786422, 0.19908538478711985], [0.1712005979261128, 0.24859430370797397, 0.11011149201788735, 0.47009360634802577], [0.23931896606785286, 0.41995297297158335, 0.1392797506439371, 0.2014483103166267], [0.4691076381096623, 0.15669173434713946, 0.12340375477806999, 0.2507968727651283], [0.16282760616206027, 0.2919962994656338, 0.3965955414552101, 0.1485805529170959], [0.10042401709701784, 0.4998627949332913, 0.1644805089630513, 0.2352326790066396], [0.2323944792932089, 0.3223759387269799, 0.18364825549340152, 0.2615813264864097], [0.21565802016722185, 0.2530816691412702, 0.14324214426669948, 0.3880181664248083], [0.13153833894741632, 0.2739822198909289, 0.23047188488680534, 0.3640075562748496], [0.32585475935158925, 0.2766796664154196, 0.17460408486554657, 0.22286148936744477], [0.3503346539998659, 0.3333873494355017, 0.04883264193308789, 0.26744535463154445], [0.5754452751887478, 0.19824184230097655, 0.09937040330896091, 0.12694247920131477], [0.26577457141584165, 0.1458301809348862, 0.08682202097808418, 0.501573226671188], [0.3918480763737249, 0.18606168640641674, 0.13452608076197747, 0.28756415645788075], [0.2034823960079777, 0.3760878156713884, 0.10323697786787608, 0.3171928104527577], [0.23894916655553772, 0.18721101650350308, 0.3157624197120672, 0.2580773972288921], [0.24868181433603478, 0.336607743663062, 0.156084486472414, 0.25862595552848927], [0.2890469695574882, 0.3133848261685343, 0.20085254640152111, 0.19671565787245635], [0.25866406134986936, 0.46448688721696724, 0.09357387358844226, 0.18327517784472125], [0.1545066227516834, 0.24401737299925275, 0.14720360671110108, 0.4542723975379629], [0.15556049401573904, 0.2482660523772982, 0.08679261970623696, 0.5093808339007257], [0.16970877067343307, 0.1770377791846129, 0.11992595625508243, 0.5333274938868716], [0.29993341498946613, 0.07532096550546964, 0.07282521465880656, 0.5519204048462578], [0.16364174514772933, 0.19420321636495405, 0.1696182185475422, 0.4725368199397744], [0.20329951077820596, 0.4220952398084635, 0.1038263795742052, 0.27077886983912536], [0.2348849795551933, 0.21533746533829332, 0.18549621203686767, 0.3642813430696458], [0.22328897336220127, 0.2102221253079126, 0.1511471194464976, 0.4153417818833886], [0.2014841394099246, 0.1845676559914687, 0.4073568399740678, 0.20659136462453895], [0.14444932091426713, 0.2265184895944049, 0.09059269147463385, 0.5384394980166942], [0.1347305843325289, 0.2505743478390477, 0.1482479730116817, 0.46644709481674196], [0.29158459697126293, 0.3529799916963318, 0.1628667816342727, 0.19256862969813285], [0.5426316585746758, 0.15644956649174038, 0.09402975306580519, 0.20688902186777866], [0.21350883712227053, 0.3405284985223712, 0.23910426677131785, 0.20685839758404045], [0.31474412393655377, 0.18652936899633749, 0.22515835512776441, 0.2735681519393445], [0.3542587215292406, 0.30172361896785627, 0.09146791810834629, 0.252549741394557], [0.23078843289521733, 0.33758555048209515, 0.1826935219478376, 0.24893249467484987], [0.2532441860519017, 0.29893948804352205, 0.13060051079815416, 0.31721581510642216], [0.44948785886383846, 0.18134385669009823, 0.20303527526418363, 0.16613300918187965], [0.2860103900060722, 0.15255849493726312, 0.048298405725777975, 0.5131327093308867], [0.27987898361682667, 0.2604371118432913, 0.20229459181713572, 0.25738931272274634], [0.12952452967992392, 0.26161092697071914, 0.39947354437482996, 0.20939099897452695], [0.09683767674030046, 0.19454661260303127, 0.11658684819634947, 0.5920288624603188], [0.19373267988610807, 0.2676299249600229, 0.10841081528960828, 0.4302265798642607], [0.21869035406637669, 0.19337622227125112, 0.21108986998548301, 0.3768435536768892], [0.21228008329496642, 0.1662175410424603, 0.11652344713214659, 0.5049789285304267], [0.3574397879827454, 0.2265047105243244, 0.17369294170975086, 0.24236255978317944], [0.25920901652063116, 0.3068839070640004, 0.09982290171268027, 0.3340841747026882], [0.16788713503875555, 0.2332382588834674, 0.47842656273703604, 0.12044804334074097], [0.1815967007856597, 0.12857324798267042, 0.24427213694377314, 0.44555791428789676], [0.17684253737969047, 0.38997690940585045, 0.062121873017469846, 0.3710586801969894], [0.3618310933191675, 0.30756880894743466, 0.13557681413924028, 0.19502328359415774], [0.2004855445373891, 0.2958747915165035, 0.3023380306319611, 0.2013016333141462], [0.27416870379891733, 0.214907533909285, 0.2984705065535471, 0.21245325573825055], [0.2426833314436116, 0.13973151104204767, 0.48050844276367227, 0.13707671475066865], [0.3805339154332485, 0.2077711125515163, 0.09435029570693335, 0.3173446763083019], [0.311477933544209, 0.2546783296031413, 0.1311412552546844, 0.30270248159796553], [0.2611380560822824, 0.2064300124951292, 0.0998728905545513, 0.4325590408680371], [0.11897765944662339, 0.3917257050120934, 0.07102471458015136, 0.4182719209611318], [0.2933583844206224, 0.17496445615596207, 0.05782609323412157, 0.47385106618929407], [0.43075487239486215, 0.11964130732108831, 0.10267207839549777, 0.3469317418885518], [0.22322122237568084, 0.22453850455036697, 0.17648685732936195, 0.37575341574459037], [0.13402038682462955, 0.521883888569909, 0.11002168200442179, 0.23407404260103964], [0.20665371802166724, 0.47489696507551027, 0.10141382674956992, 0.21703549015325269], [0.31031527808288495, 0.1961234699644326, 0.14181318557982947, 0.35174806637285305], [0.1366488208412324, 0.18964765585348428, 0.4733188282777719, 0.20038469502751152], [0.41107325663866295, 0.27755507945117797, 0.10698328595566835, 0.20438837795449094], [0.2165734017276272, 0.3235859630254354, 0.09542025245088016, 0.36442038279605743]]}}