{"test": {"ids": ["106113360", "102117351", "112120270", "102110850", "100109000", "108115570", "107114110", "109120621", "113122120", "107116980", "112120540", "107118780", "108120260", "113120601", "103109641", "112118930", "102109850", "107113200", "111118301", "102121440", "112117461", "108113740", "111119610", "112119580", "107113170", "99107300", "107114140", "103113170", "105110091", "108115500", "113119120", "97112300", "98108150", "113121680", "105117351", "101109120", "105113170", "99109910", "108119330", "106113170", "108121410", "113120260", "113118490", "111115770", "100109910", "106113260", "106116820", "111120190", "109116040", "112116401", "113122190", "100108520", "112119120", "104113170", "107114490", "99111620", "98107340", "110120540", "103109791", "109114651", "106111321", "111116040", "102110890", "103110760", "113120070", "100107920", "101114020", "100109801", "99108460", "109120540", "110118930", "99108890", "104119340", "98109230", "109117730", "98120010", "110117200", "112118581", "101111310", "107121540", "101111990", "112116850", "102110050", "110119891", "106113190", "112120670", "108118291", "112120630", "106117770", "108116501", "104114230", "111114321", "110115140", "109113881", "98111620", "102121700", "111116110", "97106820", "108115250", "112121010", "104111711", "104110960", "112116810", "101108121", "106116850", "110120700", "103120290", "97106970", "111119150", "99109780", "105115250", "104116980", "110116290", "105118740", "98116090", "107121640", "104112201", "107112840", "109117431", "103113640", "99108310", "107113260", "111116530", "105117431", "104118340", "105116441", "108115970", "108114360", "107117630", "109115220", "109115380", "104118070", "106119990", "105113190", "110115890", "112116290", "99112300", "99108710", "106120640", "97109080", "112119320", "109117110"], "labels": [0, 1, 0, 3, 1, 3, 1, 1, 1, 3, 3, 1, 1, 2, 1, 1, 1, 0, 3, 2, 0, 3, 2, 3, 0, 3, 2, 3, 0, 3, 3, 2, 0, 1, 0, 1, 0, 2, 0, 0, 0, 3, 1, 3, 2, 3, 1, 3, 0, 0, 1, 2, 1, 3, 3, 3, 0, 1, 3, 3, 0, 0, 0, 1, 2, 0, 3, 0, 0, 1, 1, 0, 1, 1, 3, 2, 3, 1, 3, 2, 2, 0, 3, 3, 0, 2, 3, 3, 0, 0, 2, 1, 0, 0, 3, 1, 3, 1, 1, 2, 1, 2, 3, 0, 3, 2, 2, 2, 3, 2, 2, 1, 2, 1, 0, 1, 0, 1, 1, 1, 2, 0, 3, 1, 2, 1, 2, 1, 0, 3, 3, 2, 0, 3, 2, 0, 0, 2, 3, 2, 1, 1], "predicted_labels": [1, 3, 2, 2, 3, 2, 3, 0, 0, 0, 0, 1, 1, 1, 3, 0, 1, 0, 3, 1, 3, 0, 1, 1, 3, 1, 1, 1, 1, 1, 0, 3, 1, 3, 0, 3, 3, 2, 0, 3, 0, 2, 0, 3, 2, 1, 3, 3, 3, 0, 3, 3, 0, 1, 1, 1, 2, 1, 2, 0, 0, 0, 0, 1, 2, 3, 3, 1, 3, 3, 3, 1, 3, 2, 0, 2, 3, 1, 0, 1, 2, 3, 1, 3, 0, 2, 3, 1, 0, 3, 2, 1, 3, 1, 2, 1, 3, 0, 0, 1, 2, 0, 1, 3, 3, 3, 2, 3, 3, 1, 0, 1, 2, 3, 1, 0, 3, 0, 1, 0, 1, 1, 1, 1, 1, 1, 3, 1, 0, 3, 3, 2, 3, 0, 1, 0, 2, 1, 1, 1, 2, 3], "confidence_scores": [[0.2472733234702524, 0.6465666692932627, 0.032729021831529745, 0.07343098540495535], [0.059052456501513695, 0.071448399695723, 0.0025946430670832988, 0.8669045007356799], [0.02819901230578136, 0.2178491853650344, 0.7013784582682472, 0.05257334406093719], [0.04919567073940421, 0.18267626014822866, 0.6960407211720616, 0.07208734794030568], [0.20039790681757613, 0.20107063839288256, 0.3292397410864278, 0.26929171370311356], [0.32464846272070125, 0.15313412842939553, 0.41625376003591075, 0.10596364881399283], [0.016267361813511474, 0.016645804639882442, 0.040761933666613626, 0.9263248998799929], [0.5601208592407624, 0.19701170844736732, 0.06972621476008961, 0.1731412175517807], [0.4569326791486846, 0.33050290990171965, 0.18548070617733117, 0.027083704772265266], [0.8709523584205044, 0.09827588168078312, 0.016692607337160176, 0.014079152561551856], [0.39917751216187336, 0.2956364589471974, 0.03266497938323926, 0.27252104950768946], [0.4002677510252921, 0.37094155893758, 0.012138265560371125, 0.21665242447675662], [0.16704654454260656, 0.41107401443658953, 0.18951876246590604, 0.23236067855489806], [0.14108605163987073, 0.4066574765185592, 0.2131421723671236, 0.23911429947444707], [0.011057715612147455, 0.06843408007467365, 0.1718213452384116, 0.7486868590747674], [0.6819919528981162, 0.07941979292094307, 0.018490247388681293, 0.22009800679225955], [0.256932114073883, 0.48123077037652157, 0.2234182461613575, 0.038418869388237846], [0.8032666328503781, 0.01471277025530678, 0.027223591062069754, 0.15479700583224523], [0.1305308174160973, 0.31213352207273903, 0.1508136504210684, 0.40652201009009536], [0.03216811077675042, 0.38839508331682376, 0.4302394339780231, 0.1491973719284029], [0.23523531843404397, 0.05265902409211135, 0.00876380445257191, 0.7033418530212728], [0.8329166800071, 0.04804637372398307, 0.005979549059777076, 0.1130573972091398], [0.017206676305523142, 0.4288105103252081, 0.5035362470106095, 0.05044656635865916], [0.09537174994232513, 0.3677944545485666, 0.1689815711596978, 0.367852224349411], [0.3335057235219175, 0.203111066311585, 0.08710857517855078, 0.3762746349879464], [0.20625557919370577, 0.6038269418564894, 0.008379860604349011, 0.18153761834545556], [0.29290534153366926, 0.47505970156339183, 0.0808800031039458, 0.1511549537989934], [0.09057750309880287, 0.3701418069138055, 0.30804508879020365, 0.23123560119718795], [0.04911502830649446, 0.6248897062315738, 0.16999737388126357, 0.1559978915806685], [0.03896336426081945, 0.33119748320037196, 0.4963970692163062, 0.13344208332250232], [0.6942908433116313, 0.025688019587483915, 0.05543239239717119, 0.22458874470371334], [0.1646823459325159, 0.1626956301672781, 0.149710887712283, 0.5229111361879227], [0.056229345074777774, 0.6054475709004462, 0.018600444783075425, 0.3197226392417004], [0.10522485632612003, 0.34846859252899387, 0.04427766740730512, 0.5020288837375813], [0.6157374604021743, 0.04594225795698187, 0.008144754865625083, 0.3301755267752189], [0.0956091279147519, 0.16752062769323217, 0.27259050294755455, 0.46427974144446166], [0.03234184759192108, 0.0498303331143745, 0.006355149765030884, 0.9114726695286733], [0.0075627130129625455, 0.002906866216031028, 0.98648817649791, 0.0030422442730963432], [0.5339390056354375, 0.30776379754174543, 0.03526392129298301, 0.12303327552983413], [0.27263076335236147, 0.23278465064318477, 0.022625987167926347, 0.47195859883652747], [0.49740260579770573, 0.2958601682214483, 0.031555888551946264, 0.1751813374288998], [0.15203596719455398, 0.20183362673370117, 0.5510914307116316, 0.09503897536011278], [0.9061533153367181, 0.046603525549269734, 0.012048002130419263, 0.03519515698359272], [0.05859318363033926, 0.1362792809394818, 0.05585984346265996, 0.749267691967519], [0.015052898027858056, 0.003692397102809636, 0.9797783043364479, 0.0014764005328843652], [0.22402315637479261, 0.6034685191365938, 0.10101506532743476, 0.07149325916117845], [0.18819051172809653, 0.22832768581043844, 0.08879485827407049, 0.49468694418739495], [0.08955976064192842, 0.28596713706152466, 0.1356472601211684, 0.4888258421753784], [0.13700194405477908, 0.14906331508380347, 0.28077095709767774, 0.43316378376373954], [0.9413251586225718, 0.010607027493619746, 0.0008771505086324959, 0.04719066337517589], [0.14691528368029644, 0.14222829813716165, 0.3791748275554155, 0.3316815906271264], [0.18466008826874447, 0.07790997221599184, 0.16577917803038475, 0.5716507614848787], [0.4560446968988167, 0.08181334245310148, 0.24628732810248014, 0.21585463254560183], [0.013514065353816964, 0.8034978749361886, 0.10209643321994678, 0.08089162649004768], [0.05843838058359431, 0.4312169826401753, 0.11660499769975932, 0.39373963907647125], [0.03482732115099512, 0.3858566337099473, 0.20219624585653112, 0.3771197992825266], [0.06553260195359338, 0.07348693337268522, 0.6306587022605926, 0.23032176241312882], [0.023728084713778103, 0.8108610003760977, 0.13848542044218068, 0.026925494467943734], [0.08394299948395476, 0.038437267736991486, 0.6290307571951017, 0.24858897558395227], [0.9516258370646437, 0.01600735634710405, 0.016868127746574348, 0.01549867884167798], [0.5074724017308192, 0.27679334157368957, 0.025661488217745273, 0.19007276847774573], [0.6968689037436482, 0.13499015146150126, 0.0322227903515069, 0.1359181544433436], [0.34566885705944006, 0.004804079894973895, 0.3948752233965918, 0.2546518396489942], [0.15045931548690472, 0.7036584289397747, 0.010767022064280747, 0.13511523350903965], [0.0646715908455256, 0.08392733751457276, 0.7190313981931434, 0.13236967344675804], [0.06486151260427735, 0.09777313304776522, 0.015375875794881954, 0.8219894785530754], [0.11669908014136639, 0.12347815973136352, 0.3324365646797166, 0.42738619544755374], [0.0316633957334345, 0.5879321555680279, 0.0067109356410049855, 0.3736935130575325], [0.02337625475540854, 0.4455925453251166, 0.008168112758704348, 0.5228630871607703], [0.10800975703302519, 0.31327422219762524, 0.019864857685919467, 0.5588511630834301], [0.057906951693743165, 0.31811549709356096, 0.04689911921782115, 0.5770784319948749], [0.005229479560760434, 0.9234931496760703, 0.008532544261339422, 0.06274482650182978], [0.14703373157791177, 0.19671454708298697, 0.02151218980891174, 0.6347395315301898], [0.11104630092411233, 0.09438136646691467, 0.6863196021124943, 0.10825273049647878], [0.8628931542729708, 0.10221398879892057, 0.019838827390084232, 0.015054029538024392], [0.027257678037572966, 0.06626166206990934, 0.8711649229455106, 0.03531573694700755], [0.3647095621652318, 0.24074449095595735, 0.02778711165379786, 0.36675883522501285], [0.007129857932116869, 0.44006425025871454, 0.529401823168093, 0.023404068641075585], [0.28317591395135067, 0.31613771447030575, 0.13335695286392102, 0.26732941871442273], [0.2214201024005395, 0.45411887523459626, 0.11832949154449174, 0.20613153082037236], [0.059958685000158975, 0.1739277762575059, 0.5736088658694775, 0.1925046728728579], [0.20314400513701092, 0.08178568933898728, 0.1718755138995267, 0.5431947916244748], [0.041848828320534465, 0.44068691623093875, 0.2715948851701046, 0.24586937027842243], [0.11604903707644282, 0.051944756889998014, 0.067405092557318, 0.7646011134762412], [0.47146008655911376, 0.26650462229256305, 0.03222282426725449, 0.22981246688106846], [0.2149280952448804, 0.2309239101528557, 0.45770310011158144, 0.0964448944906824], [0.4754016675715162, 0.027642291567934248, 0.00806208673970131, 0.4888939541208482], [0.07934776131507967, 0.5460755793609453, 0.0558636437867753, 0.3187130155371997], [0.510080062296654, 0.18039307194992307, 0.1288657376928751, 0.180661128060548], [0.022336392900852518, 0.17723378418164154, 0.010050805949968728, 0.7903790169675372], [0.014658201902709842, 0.1464308548983355, 0.749628699041022, 0.08928224415793276], [0.07268097656058665, 0.7718116731913397, 0.12585202420692393, 0.02965532604114971], [0.08601161504749884, 0.1722823613603301, 0.17114501736833548, 0.5705610062238359], [0.11673502768196432, 0.6119456611872739, 0.046989128298625296, 0.22433018283213652], [0.021020265410689683, 0.1357607716596363, 0.7949873165801571, 0.04823164634951689], [0.37588432137631134, 0.498914631332672, 0.05339517271167779, 0.071805874579339], [0.0173692235773927, 0.03903594323329863, 0.1180698392193088, 0.8255249939700001], [0.5802099653052598, 0.07022171742568634, 0.051397553533601634, 0.29817076373545226], [0.28086370728875854, 0.22258758846302462, 0.3339305401205897, 0.1626181641276272], [0.29224849041071327, 0.46740969144753247, 0.09990460011270844, 0.14043721802904593], [0.014997759063511189, 0.09560827333913131, 0.8600436839552661, 0.0293502836420915], [0.932908279541064, 0.018731786590957027, 0.03882811159231521, 0.009531822275663675], [0.2312502368364273, 0.3066889320580149, 0.2771130095910443, 0.18494782151451303], [0.2563690465572329, 0.1298514649682542, 0.019331386737987875, 0.594448101736525], [0.4142809954002842, 0.10463881275032562, 0.033296521571778495, 0.44778367027761196], [0.31128692466066327, 0.26420209645229625, 0.03407547180267858, 0.390435507084362], [0.05160261580306806, 0.02594157956555759, 0.8914316878800944, 0.03102411675127973], [0.16444383952097305, 0.1347682474470823, 0.3346597439732948, 0.36612816905865014], [0.09679775715415666, 0.24598013788849477, 0.005810490837458729, 0.65141161411989], [0.0480472156038241, 0.8319733468900816, 0.08786416645413628, 0.03211527105195797], [0.6090893383022945, 0.2304315682539207, 0.06915370217322374, 0.09132539127056104], [0.008660074336489267, 0.3422058919862859, 0.5937997325181602, 0.05533430115906461], [0.1577812045151432, 0.016472619977790447, 0.7997271740913302, 0.026019001415736234], [0.0638699540303144, 0.09630274233000503, 0.36083153066089224, 0.4789957729787885], [0.09086279107709841, 0.4304162016753654, 0.1053863699137674, 0.3733346373337692], [0.3462075289337605, 0.11990723070200734, 0.4633901125349039, 0.0704951278293283], [0.456509412540764, 0.18967133745484946, 0.022617259958966195, 0.3312019900454203], [0.523231673967488, 0.3721996248936908, 0.05108063477326589, 0.05348806636555516], [0.10516591310247567, 0.7049354427464714, 0.04423720244307683, 0.14566144170797635], [0.7206129976407716, 0.24093062759929537, 0.008449386765656803, 0.03000698799427607], [0.13742739044059193, 0.4647260399851068, 0.07914250186366635, 0.31870406771063464], [0.22183886490991037, 0.45240796941570505, 0.23102210833787873, 0.09473105733650557], [0.06552164515215526, 0.9040997639314636, 0.021932809924215535, 0.008445780992165388], [0.07159524873197638, 0.6803240184825623, 0.18113155864421088, 0.0669491741412502], [0.07359930968612054, 0.508678562585953, 0.3413702387483744, 0.07635188897955214], [0.05975798059673545, 0.7767414606739101, 0.041179393424352145, 0.12232116530500241], [0.07787875707075345, 0.10297764889825431, 0.016987067583783357, 0.8021565264472091], [0.07946152224985041, 0.5338112359883089, 0.33555030803090696, 0.0511769337309339], [0.4311542256280805, 0.12426955353538799, 0.36347613062725687, 0.08110009020927472], [0.2664475624811138, 0.034948450926173845, 0.018490230163919923, 0.6801137564287926], [0.0405023594517167, 0.4209468119100276, 0.08692142524070538, 0.45162940339755014], [0.016046548176985517, 0.03259612867516043, 0.9205901321857156, 0.03076719096213819], [0.026475421610122438, 0.11616595910420285, 0.022146496372659193, 0.8352121229130157], [0.8825744062624626, 0.018734101050051702, 0.019898387194654685, 0.07879310549283117], [0.13423604617845802, 0.5504033431784188, 0.2265280447495025, 0.08883256589362086], [0.828250600538795, 0.10134972035121206, 0.016937002189115043, 0.05346267692087795], [0.08118220956726281, 0.05535473533958563, 0.540550206671398, 0.3229128484217533], [0.020334524397194676, 0.8820121151361622, 0.05706521035649103, 0.04058815011015216], [0.03763189533401863, 0.7324736685466914, 0.11534875023067129, 0.11454568588861891], [0.016043002181776796, 0.5667084769621341, 0.03645956590426651, 0.38078895495182263], [0.0018942589429881518, 0.06697757272965091, 0.9212607571411368, 0.009867411186223939], [0.3075634825022795, 0.18847165905671098, 0.10617187206360339, 0.3977929863774063]]}, "rewritten": {"ids": ["97106820", "97106970", "97109080", "97112300", "98107340", "98108150", "98109230", "98111620", "98116090", "98120010", "99107300", "99108310", "99108460", "99108710", "99108890", "99109780", "99109910", "99111620", "99112300", "100107920", "100108520", "100109000", "100109801", "100109910", "101108121", "101109120", "101111310", "101111990", "101114020", "102109850", "102110050", "102110850", "102110890", "102117351", "102121440", "102121700", "103109641", "103109791", "103110760", "103113170", "103113640", "103120290", "104110960", "104111711", "104112201", "104113170", "104114230", "104116980", "104118070", "104118340", "104119340", "105110091", "105113170", "105113190", "105115250", "105116441", "105117351", "105117431", "105118740", "106111321", "106113170", "106113190", "106113260", "106113360", "106116820", "106116850", "106117770", "106119990", "106120640", "107112840", "107113170", "107113200", "107113260", "107114110", "107114140", "107114490", "107116980", "107117630", "107118780", "107121540", "107121640", "108113740", "108114360", "108115250", "108115500", "108115570", "108115970", "108116501", "108118291", "108119330", "108120260", "108121410", "109113881", "109114651", "109115220", "109115380", "109116040", "109117110", "109117431", "109117730", "109120540", "109120621", "110115140", "110115890", "110116290", "110117200", "110118930", "110119891", "110120540", "110120700", "111114321", "111115770", "111116040", "111116110", "111116530", "111118301", "111119150", "111119610", "111120190", "112116290", "112116401", "112116810", "112116850", "112117461", "112118581", "112118930", "112119120", "112119320", "112119580", "112120270", "112120540", "112120630", "112120670", "112121010", "113118490", "113119120", "113120070", "113120260", "113120601", "113121680", "113122120", "113122190"], "labels": [1, 2, 2, 2, 0, 0, 1, 3, 0, 2, 3, 2, 0, 2, 0, 2, 2, 3, 0, 0, 2, 1, 0, 2, 0, 1, 3, 2, 3, 1, 3, 3, 0, 1, 2, 1, 1, 3, 1, 3, 1, 2, 2, 1, 0, 3, 2, 1, 2, 2, 1, 0, 0, 3, 2, 1, 0, 1, 1, 0, 0, 0, 3, 0, 1, 3, 0, 0, 3, 1, 0, 0, 0, 1, 2, 3, 3, 0, 1, 2, 1, 3, 1, 1, 3, 3, 2, 0, 3, 0, 1, 0, 0, 3, 3, 3, 0, 1, 1, 3, 1, 1, 0, 2, 2, 3, 1, 3, 1, 2, 1, 3, 0, 3, 3, 3, 3, 2, 3, 0, 0, 3, 0, 0, 1, 1, 1, 1, 3, 0, 3, 3, 2, 2, 1, 3, 2, 3, 2, 1, 1, 1], "predicted_labels": [1, 3, 1, 3, 2, 1, 2, 2, 3, 0, 1, 1, 3, 1, 1, 1, 2, 3, 3, 3, 3, 1, 3, 2, 3, 1, 2, 3, 1, 1, 1, 2, 0, 3, 1, 1, 3, 0, 1, 1, 0, 2, 0, 2, 0, 1, 2, 1, 2, 1, 0, 1, 3, 0, 0, 1, 0, 1, 3, 0, 3, 1, 1, 0, 3, 3, 3, 3, 1, 0, 3, 0, 0, 3, 1, 1, 0, 2, 1, 0, 0, 0, 1, 1, 1, 0, 3, 3, 0, 3, 1, 1, 3, 0, 3, 1, 0, 1, 1, 0, 1, 0, 3, 3, 2, 3, 3, 3, 2, 0, 1, 3, 3, 3, 1, 0, 3, 1, 3, 0, 0, 1, 3, 3, 1, 3, 0, 2, 3, 1, 3, 3, 2, 0, 0, 0, 1, 0, 1, 1, 0, 2], "confidence_scores": [[0.18345112594208496, 0.3303498327443087, 0.28668656454796737, 0.1995124767656392], [0.07842766323453171, 0.15230239110882335, 0.2211515456985326, 0.5481183999581125], [0.02905474138012516, 0.6079440456917936, 0.1174297970415221, 0.2455714158865588], [0.11161667071520054, 0.12779344072643897, 0.0795141231520166, 0.681075765406344], [0.09908632729806832, 0.10298950785904921, 0.5471637851179184, 0.25076037972496396], [0.07727151243956207, 0.5438676100001406, 0.022941407250533778, 0.35591947030976373], [0.05111502015744619, 0.04271000371542611, 0.8897834878423442, 0.016391488284783692], [0.007047979123553121, 0.04946825609893395, 0.8757789517153347, 0.06770481306217825], [0.14579382530705884, 0.2555941639217855, 0.2095906686319926, 0.38902134213916273], [0.4986318501569464, 0.21704075167076312, 0.18711019118948657, 0.09721720698280381], [0.24714384796346892, 0.4583234353552168, 0.008993782287250241, 0.2855389343940641], [0.09669722669402213, 0.42776238398930316, 0.14433399083881845, 0.33120639847785627], [0.06708782856334056, 0.4019682473267612, 0.014402053286620451, 0.5165418708232781], [0.018081527129045656, 0.860000299156949, 0.08805201090978318, 0.033866162804222166], [0.00937055876633337, 0.9244332369533383, 0.004372505308106983, 0.06182369897222142], [0.01962972716970014, 0.7844232517069847, 0.14980448126677803, 0.04614253985653709], [0.14830033686118613, 0.06677829218207024, 0.778750318287389, 0.006171052669354263], [0.0231563429894082, 0.36656096069582117, 0.05803227341049804, 0.5522504229042723], [0.13396772878983712, 0.0829933278375228, 0.2167635354968818, 0.5662754078757584], [0.0874652881970457, 0.2643808478308899, 0.015437929053985033, 0.6327159349180793], [0.11578853490746933, 0.06846618211025597, 0.12468319857239468, 0.6910620844098799], [0.2833805404134874, 0.3953673697691218, 0.27338326741709235, 0.047868822400298584], [0.01854908205618669, 0.3933841934750998, 0.013251678034377204, 0.574815046434336], [0.19954600171987696, 0.013812711017002809, 0.7713109907301205, 0.01533029653299963], [0.21465165675251527, 0.1983620653532195, 0.04652509998113415, 0.540461177913131], [0.11098872964223258, 0.26920826404538983, 0.35934413050953434, 0.26045887580284327], [0.04865830984257322, 0.2382400769037126, 0.5955056996813641, 0.11759591357235015], [0.08976672651139644, 0.20695177827666994, 0.3703608350443297, 0.33292066016760397], [0.29551990001338185, 0.3940943013881454, 0.10926300720244576, 0.2011227913960274], [0.040748353790952034, 0.6962059390171806, 0.22480794466452256, 0.03823776252734527], [0.056284351921882185, 0.4123906563889444, 0.2779570489502158, 0.2533679427389575], [0.085029969380256, 0.22114595125078987, 0.6219289013254472, 0.07189517804350651], [0.800651857793077, 0.006727342717797887, 0.1360902886941716, 0.05653051079495328], [0.06734813195149032, 0.06090716912834026, 0.0016075803089763967, 0.8701371186111931], [0.04578555923650217, 0.48320722948214573, 0.3342469020336339, 0.13676030924771868], [0.17269072563264637, 0.5927458774343888, 0.16303406164146406, 0.07152933529150074], [0.029081001657977466, 0.14318240846321634, 0.1147166878943314, 0.713019901984475], [0.29138965876550144, 0.08248825378419092, 0.35105515163354606, 0.2750669358167619], [0.382369394501207, 0.5246620963866698, 0.008059904786553253, 0.08490860432556992], [0.1747590155188292, 0.27344900435961556, 0.3339298760258694, 0.21786210409568588], [0.7580036774978773, 0.2076920765989303, 0.004312416528723496, 0.029991829374469075], [0.03268652412779311, 0.03987498331504933, 0.9103644092705508, 0.017074083286606905], [0.8498804564388504, 0.025107291654505166, 0.10332579857808157, 0.02168645332856255], [0.13046154790541575, 0.16646949040430536, 0.4493570765733231, 0.2537118851169555], [0.6784215270805876, 0.07605751592780623, 0.008749174502820565, 0.23677178248878578], [0.01637166447745331, 0.7553432094945981, 0.13761211325052528, 0.09067301277742329], [0.01475452958787389, 0.07001620270250106, 0.7974294606851878, 0.11779980702443726], [0.017550586590912777, 0.5406844292333162, 0.28150285083819726, 0.16026213333757383], [0.017220809788876166, 0.01560143997346584, 0.8759514267860468, 0.09122632345161158], [0.07972378843574018, 0.3432950038427381, 0.4060522326511468, 0.1709289750703752], [0.3641995530227331, 0.28925845809238987, 0.06924583981761599, 0.277296149067261], [0.09136135141356484, 0.6152016880817784, 0.029205652824256564, 0.2642313076804002], [0.0845456198504387, 0.07056899497595112, 0.009567501737429656, 0.8353178834361804], [0.8220825780071784, 0.035257942806055535, 0.039390219998208666, 0.10326925918855713], [0.5333869686642269, 0.13646481508703065, 0.13674440937389284, 0.19340380687484943], [0.26605937942069824, 0.4913873128128845, 0.07717467289913556, 0.16537863486728147], [0.6975410901440455, 0.07046516549050563, 0.006500088323868815, 0.22549365604158006], [0.24405951640062046, 0.6416949635812377, 0.07603544744956081, 0.03821007256858091], [0.1322751675757678, 0.08752779587277217, 0.049989017415503864, 0.7302080191359562], [0.5315131175565613, 0.2929064815617315, 0.026723389956659422, 0.148857010925048], [0.4465144205710262, 0.15739455570794622, 0.0161607480920427, 0.37993027562898496], [0.19016301476633954, 0.42729124049881595, 0.06531845103688687, 0.3172272936979578], [0.3080451740400292, 0.5522920775554435, 0.08180169026733987, 0.05786105813718749], [0.38495152280612727, 0.2697315583290151, 0.1394369055083974, 0.20588001335646006], [0.3676352397248467, 0.18201965886530128, 0.06612774619699668, 0.3842173552128555], [0.17984349533236565, 0.09395909907978056, 0.07708278020083295, 0.6491146253870209], [0.1475203616475655, 0.31087479228242465, 0.17492858458106292, 0.3666762614889471], [0.02601394384297619, 0.16205454272657746, 0.046679963241504155, 0.7652515501889422], [0.1320107682815919, 0.7330133835553491, 0.04638006446019647, 0.08859578370286265], [0.6018383471444165, 0.3127201512371665, 0.020345075368781343, 0.06509642624963549], [0.24266708508015825, 0.1903256170538295, 0.09547963178073385, 0.4715276660852783], [0.7271527514380105, 0.03901462506526683, 0.056564473795216785, 0.17726814970150603], [0.48306356685519863, 0.23405618935497602, 0.1380087793425385, 0.1448714644472867], [0.01860980702414288, 0.015296270971937096, 0.17705323907895557, 0.7890406829249645], [0.37510414288986044, 0.40311362848429305, 0.09021795222386048, 0.1315642764019861], [0.07393985734581847, 0.5765303111806328, 0.11899643834695617, 0.2305333931265927], [0.5562875746949808, 0.371974449197446, 0.02913382023165926, 0.04260415587591416], [0.2669692217325969, 0.11428985965123173, 0.5353229201631677, 0.08341799845300325], [0.36383189732833987, 0.4129633929603625, 0.03215751550876585, 0.1910471942025318], [0.4604845961449973, 0.214030077020563, 0.03299213195768107, 0.2924931948767584], [0.6449600047665978, 0.11108877929815698, 0.1268175385762129, 0.11713367735903239], [0.7966525968515111, 0.03846186975385471, 0.00728120939012516, 0.15760432400450916], [0.04325860597575071, 0.4190912013767614, 0.5267240348474227, 0.010926157800065317], [0.13372061915311395, 0.20793441604126933, 0.37902605679707846, 0.27931890800853837], [0.02178456875982456, 0.4013356902527017, 0.4659288217596391, 0.11095091922783494], [0.3489406564136476, 0.1727685245839398, 0.3579952644691426, 0.12029555453326984], [0.10831225339813387, 0.061577390010829305, 0.030896405303971995, 0.7992139512870648], [0.08773494562096998, 0.11820992343261207, 0.017037991168141902, 0.777017139778276], [0.8330730376543194, 0.07903784705235663, 0.00231704768238703, 0.08557206761093689], [0.323681680476136, 0.1294516677123541, 0.04625709221925379, 0.500609559592256], [0.059713878131857384, 0.6464895077553406, 0.06956422145145211, 0.22423239266134998], [0.3116786460158423, 0.5317149078146735, 0.012348271707846957, 0.14425817446163713], [0.15164829822121767, 0.2360383906404536, 0.042413618825068715, 0.5698996923132601], [0.8021184877916496, 0.07089670044489682, 0.008765207314130254, 0.11821960444932353], [0.27293094232180354, 0.06751721373909245, 0.026659257473512183, 0.632892586465592], [0.01716928956709108, 0.6134259822432444, 0.03888937112930456, 0.33051535706036], [0.7774657740551841, 0.013740340334323137, 0.08322313605191144, 0.12557074955858105], [0.07569866517189072, 0.40932829657122316, 0.1887143592390971, 0.32625867901778866], [0.1403975134806839, 0.567355897710541, 0.024580617874788553, 0.26766597093398675], [0.8799353941978899, 0.10062786314455997, 0.013139626644600756, 0.006297116012949433], [0.10500963784008942, 0.7547765484567494, 0.030623068519987744, 0.10959074518317337], [0.7543823479335543, 0.053256281883495744, 0.005018422509740066, 0.18734294767320997], [0.23346629822190842, 0.1470429702722315, 0.13773534415779434, 0.48175538734806567], [0.06450841164695315, 0.24658258930056481, 0.05899009812919913, 0.6299189009232827], [0.12393704594694235, 0.014123019606302046, 0.8489199134106972, 0.013020021036058286], [0.30841262553450643, 0.2293506074689697, 0.021910017660270495, 0.44032674933625354], [0.2565266431003574, 0.15869490709111603, 0.04534914150129255, 0.539429308307234], [0.1786390423647423, 0.06631810063905681, 0.06081541113021478, 0.6942274458659862], [0.08237902454810457, 0.2641458841301806, 0.6041709154479213, 0.049304175873793384], [0.5050860643193235, 0.3419003678840591, 0.07179304506295846, 0.08122052273365905], [0.12928956077625717, 0.7932559956676314, 0.021397400303025425, 0.05605704325308611], [0.18635330269524364, 0.2174375397032361, 0.018505717310431657, 0.5777034402910886], [0.3269325248627228, 0.06588746607714137, 0.13523597980492855, 0.47194402925520734], [0.02282399180573052, 0.03580583460254377, 0.11505865734707511, 0.8263115162446506], [0.16512511584481923, 0.7853639992904538, 0.02443021281534639, 0.025080672049380897], [0.47061989895623996, 0.1675264033972594, 0.08336667078673053, 0.2784870268597701], [0.1375491443145879, 0.3364957012754396, 0.014533294666023223, 0.5114218597439498], [0.025976480925924254, 0.3905421820200641, 0.5054181536166279, 0.07806318343738401], [0.28805167861882053, 0.16753742021233395, 0.057231133060317074, 0.48717976810852875], [0.8188188943881501, 0.06421819863308523, 0.025768738478061402, 0.09119416850070344], [0.9325080432805091, 0.003377650164694387, 0.0004566436501210272, 0.06365766290467545], [0.06953331109799328, 0.4053729021083233, 0.4326278993450632, 0.0924658874486203], [0.1330805749264583, 0.10025491971532398, 0.28095248188948907, 0.48571202346872855], [0.22127590995275265, 0.029993047827269817, 0.005567507349828417, 0.7431635348701493], [0.03701278519302443, 0.5492728982781374, 0.3231109170139377, 0.0906033995149004], [0.3351243635953773, 0.040343247272413875, 0.032106600368371374, 0.5924257887638376], [0.3092269421606382, 0.17965229472410027, 0.4718541788940691, 0.0392665842211925], [0.005211890847912286, 0.03796983993470388, 0.9318475592815355, 0.02497070993584796], [0.04756959452163411, 0.23805210806547963, 0.3081380293697753, 0.40624026804311114], [0.021780891116583535, 0.33711172746373297, 0.5359701218739495, 0.10513725954573395], [0.35351899195916525, 0.15922514546893407, 0.013076790011923856, 0.47417907255997643], [0.12274989496211497, 0.21411026053902432, 0.04985338606514179, 0.6132864584337187], [0.11838748700045112, 0.17802747795092694, 0.6118818116406322, 0.09170322340798992], [0.5606386545268117, 0.32866614781215314, 0.021476236863839007, 0.08921896079719592], [0.7896865467735908, 0.038949071538687714, 0.03937473258139737, 0.13198964910632408], [0.5988843098333508, 0.019712448666824506, 0.07124559920695078, 0.31015764229287396], [0.11277855229610284, 0.6111484622131969, 0.18249374855502942, 0.0935792369356706], [0.4727029376961604, 0.11036790263720381, 0.2737370883763704, 0.14319207129026545], [0.10099884456072028, 0.5409991485131571, 0.1427596685619601, 0.21524233836416243], [0.04758851456910807, 0.7235941865159324, 0.11158902864119077, 0.1172282702737688], [0.3315761838860076, 0.20050234739581999, 0.41939814849998863, 0.04852332021818366], [0.03348678014746605, 0.08515606345206639, 0.6751649803554146, 0.20619217604505313]]}}