{"test": {"ids": ["97106820", "113122180", "101110740", "100109980", "109117630", "103110050", "107113550", "100111620", "113121750", "108118520", "102112250", "111115780", "106121220", "101108290", "110118181", "105120621", "107116340", "106114150", "112116990", "103117461", "105117351", "103113640", "111119290", "106116820", "102110850", "105116860", "101111310", "107112850", "105115250", "104114740", "104112470", "110118121", "108114180", "98110230", "99111930", "110113931", "102109010", "108115070", "98110710", "113117340", "112119930", "99107560", "113119360", "99108000", "111116990", "102109910", "108121351", "111121410", "109120150", "111117200", "112116540", "113121190", "106117790", "104111550", "110115120", "108121410", "113118820", "105115380", "111117000", "105119550", "109114030", "103120730", "112119450", "98109230", "113122220", "113119700", "107121230", "109114270", "97106000", "99109840", "97116790", "110116501", "107115250", "106119580", "107117630", "101109120", "112117580", "97106600", "113120531", "104111711", "107117010", "110121500", "111117480", "98112170", "106113360", "109120540", "97106591", "110117110", "98113881", "97106970", "107118520", "104118340", "111114171", "112117571", "99110730", "105120280", "108115970", "105113190", "105110091", "99109780", "108115570", "99108710", "104116980", "101111990", "97112830", "105119950", "105117200", "102117351", "110114920", "105115720", "112117461", "111117571", "109117431", "110120700", "107116980", "99108330", "101110150", "104119290", "113118630", "108115250", "112120630", "103111990", "113121010", "112116501", "107119130", "105113620", "106116441", "99108080", "109118820", "98116500", "111119610", "113118870", "113117630", "106115240", "104113240", "110121170", "101108121", "102114270", "105110251", "100109311", "107119390", "112120640"], "labels": [1, 2, 3, 1, 0, 3, 0, 3, 0, 0, 0, 1, 1, 0, 1, 1, 3, 1, 0, 0, 0, 1, 3, 1, 3, 2, 3, 1, 2, 2, 1, 3, 1, 3, 1, 1, 1, 1, 2, 2, 1, 1, 0, 2, 0, 2, 3, 0, 2, 0, 1, 1, 1, 1, 0, 0, 0, 1, 0, 1, 1, 1, 3, 1, 1, 0, 0, 3, 0, 2, 2, 3, 2, 3, 0, 1, 0, 3, 0, 1, 1, 3, 1, 3, 0, 1, 1, 0, 3, 2, 2, 2, 3, 3, 3, 3, 2, 3, 0, 2, 3, 2, 1, 2, 2, 3, 3, 1, 3, 1, 0, 3, 1, 2, 3, 1, 1, 1, 3, 1, 3, 2, 2, 3, 1, 0, 0, 3, 3, 2, 2, 0, 0, 1, 2, 2, 0, 3, 0, 1, 2, 0], "predicted_labels": [3, 3, 3, 0, 0, 3, 3, 3, 1, 0, 3, 3, 3, 1, 1, 0, 3, 0, 3, 3, 3, 0, 3, 0, 1, 1, 0, 1, 3, 2, 1, 1, 1, 3, 0, 3, 2, 1, 2, 3, 3, 1, 3, 1, 3, 0, 0, 1, 3, 0, 3, 3, 0, 3, 3, 1, 1, 1, 3, 1, 0, 3, 0, 2, 1, 1, 3, 3, 3, 2, 2, 1, 1, 1, 0, 3, 3, 3, 3, 1, 0, 0, 1, 0, 3, 1, 1, 3, 1, 1, 1, 3, 3, 1, 2, 1, 1, 0, 0, 2, 3, 1, 3, 3, 3, 1, 3, 1, 1, 1, 3, 3, 0, 3, 0, 3, 0, 0, 1, 3, 3, 1, 1, 3, 1, 1, 3, 0, 1, 0, 3, 1, 0, 0, 1, 3, 0, 1, 1, 0, 1, 0], "confidence_scores": [[0.353195709501788, 0.12006420626247702, 0.14338126443080287, 0.38335881980493225], [0.041536655907725234, 0.2436224871282349, 0.1338122121220662, 0.5810286448419736], [0.21299348485736547, 0.24789117796010374, 0.32786257317570167, 0.21125276400682905], [0.49401039998131285, 0.07671835602582812, 0.17875810383053592, 0.25051314016232296], [0.454124330899761, 0.17499937946794955, 0.06130448144775531, 0.309571808184534], [0.19237627272365213, 0.22507010545677184, 0.34532449855772973, 0.23722912326184656], [0.12919613999918556, 0.11047860094162591, 0.3177225149786593, 0.4426027440805292], [0.1564535026501743, 0.0966140356430968, 0.541610720284593, 0.205321741422136], [0.3028373527880222, 0.5590275754921972, 0.0033124789506852065, 0.1348225927690953], [0.7882809939727486, 0.15442983043422706, 0.013429376856078775, 0.04385979873694555], [0.43085331931301485, 0.009026605696861738, 0.024900218817092517, 0.5352198561730311], [0.06112595788443605, 0.41490806934710556, 0.17609657108009658, 0.34786940168836183], [0.05334845023289719, 0.44687338387922626, 0.09534989227116572, 0.4044282736167106], [0.2449698791358944, 0.5001743013364346, 0.10432644998421384, 0.150529369543457], [0.18626744079103272, 0.7197238575827999, 0.041255774375189624, 0.052752927250978326], [0.6471022023117359, 0.06787058756282409, 0.0007862606835463715, 0.28424094944189365], [0.16435735343544236, 0.2615350716400565, 0.10435539394287448, 0.4697521809816264], [0.3603748528775306, 0.22621372524009115, 0.22695201886811556, 0.18645940301426275], [0.1363266945948184, 0.1068005326827878, 0.23053066839552913, 0.5263421043268642], [0.4227609243951966, 0.25757148439239713, 0.01330703237990098, 0.30636055883250557], [0.14958304607954054, 0.22509301347903163, 0.06012792089886232, 0.5651960195425657], [0.9497082292249828, 0.018494186304011766, 0.0029247110984848596, 0.02887287337252101], [0.12927078288112093, 0.09755639155645265, 0.037135040294256356, 0.7360377852681701], [0.37702519391996725, 0.2232092698812673, 0.17713204682553907, 0.22263348937322627], [0.04474204778561693, 0.5833452502910065, 0.07597189528351382, 0.2959408066398627], [0.1587652106599234, 0.3649469573177019, 0.3012795038376358, 0.17500832818473902], [0.3884675608550871, 0.23338367536757787, 0.22367925498617397, 0.15446950879116086], [0.17184877517457797, 0.6185002715322787, 0.0839233457380342, 0.12572760755510937], [0.15610917656576592, 0.23878597095486692, 0.26222258599109, 0.3428822664882769], [0.15324748408130887, 0.18098176516339512, 0.548842396602004, 0.1169283541532919], [0.21396686044184407, 0.44526138641350815, 0.1015459463044485, 0.23922580684019923], [0.03685174921318799, 0.5618381715805445, 0.03574017426797644, 0.3655699049382911], [0.1408405378273412, 0.5041472336746577, 0.06889444898896543, 0.28611777950903566], [0.18087777445125358, 0.27973706626496037, 0.14341180847971666, 0.3959733508040692], [0.5188112421062053, 0.1910331189279508, 0.21857230153376656, 0.07158333743207723], [0.16136265102325034, 0.18232924449734472, 0.08837827234510388, 0.5679298321343011], [0.09189954718308675, 0.1392727538403871, 0.612780184234174, 0.1560475147423521], [0.07537257936209586, 0.8371950427094489, 0.053487110216189244, 0.03394526771226638], [0.02714442711854281, 0.13164339153068633, 0.7343039402293278, 0.10690824112144272], [0.11328716830852073, 0.4190113090543381, 0.01481469423452687, 0.45288682840261435], [0.26675742620911375, 0.1081482708537937, 0.2846715470032917, 0.340422755933801], [0.08816489520838015, 0.7349991062284904, 0.14343862228690166, 0.03339737627622726], [0.07944151980111895, 0.05135157693220307, 0.05933199525484914, 0.8098749080118286], [0.16245371237783432, 0.5926412130660705, 0.12660885284558954, 0.11829622171050598], [0.46827922277662754, 0.10954291619482545, 0.03648781525900111, 0.3856900457695459], [0.5925233540735962, 0.08840614070448703, 0.13021317312687045, 0.18885733209504588], [0.416564687726465, 0.30950266699438067, 0.036050043751548466, 0.23788260152760574], [0.4139072550709266, 0.43701317768924103, 0.01375046032325499, 0.13532910691657724], [0.24798724381026052, 0.26580179631783524, 0.18101555160748622, 0.30519540826441804], [0.6605833939393722, 0.1411231674585542, 0.014217535766504542, 0.1840759028355693], [0.08632521585884621, 0.4414247580394879, 0.055191470010152816, 0.41705855609151304], [0.0871055187060159, 0.42714984070383605, 0.04951818307154934, 0.43622645751859884], [0.3581625638402039, 0.2880956160174457, 0.12999215736308395, 0.22374966277926675], [0.0866619556795686, 0.241573944227608, 0.36803169540146, 0.30373240469136337], [0.1637482853955002, 0.2559611395015284, 0.07352783994348253, 0.506762735159489], [0.1821395381811104, 0.6836208662087192, 0.0069221326165754184, 0.12731746299359492], [0.4064372130960079, 0.43679899203891637, 0.003017976380232068, 0.15374581848484345], [0.053348632737201675, 0.2496365697017293, 0.6236015287514227, 0.07341326880964659], [0.16724455127925578, 0.32389414713010484, 0.07154931012098743, 0.4373119914696522], [0.1873737302024793, 0.41473063708090696, 0.2232493012845873, 0.1746463314320262], [0.7637013200940378, 0.07096240903050213, 0.016212513551664212, 0.14912375732379587], [0.1269200366347043, 0.2812683625199686, 0.32089157122478057, 0.27092002962054673], [0.5777688110221032, 0.19039178134016396, 0.004168416524525675, 0.227670991113207], [0.046399992889202164, 0.020760232057287376, 0.8824584972734268, 0.050381277780083465], [0.043481157786467835, 0.6692641953138071, 0.016161579664036096, 0.2710930672356888], [0.11960894784274158, 0.5475552776010574, 0.089188386485431, 0.24364738807077047], [0.35301914155225816, 0.1718955918174166, 0.24122997037834173, 0.2338552962519837], [0.23177153788699803, 0.08257016903188263, 0.0014390561628830365, 0.6842192369182364], [0.1571043353254984, 0.12979484123903698, 0.5113174148089137, 0.20178340862655114], [0.05636534581950264, 0.13797483500039323, 0.7273305927460234, 0.07832922643408075], [0.22725176438009959, 0.1262627542549002, 0.6003281938022398, 0.04615728756276042], [0.15895714354933663, 0.521838070349364, 0.0038023675408139952, 0.31540241856048523], [0.07554188105247525, 0.6506606860353171, 0.09671501807862154, 0.17708241483358614], [0.05135725012418295, 0.5410260936304426, 0.37744335876716584, 0.03017329747820874], [0.6151159378372717, 0.10876563081366748, 0.170642608647192, 0.10547582270186899], [0.2664348686385855, 0.08351743209590722, 0.12497879756209124, 0.5250689017034164], [0.3090123806215062, 0.2979995616268967, 0.020984236400874032, 0.3720038213507231], [0.4458078515894195, 0.17942963482106394, 0.03485394299865974, 0.3399085705908569], [0.34318432502086094, 0.2883399473686867, 0.010521788506035457, 0.357953939104417], [0.40403276972421814, 0.36557931395664023, 0.05621698868654763, 0.174170927632594], [0.3389277706495452, 0.20857403871710403, 0.35559241885220116, 0.09690577178114979], [0.4814715257230425, 0.32366997686346555, 0.0496816231666872, 0.1451768742468047], [0.19007527085185502, 0.5548526873880456, 0.05191308290496089, 0.2031589588551382], [0.7776206244659287, 0.00954853237461474, 0.05057067534678658, 0.16226016781266997], [0.12203536937348838, 0.2487383450547606, 0.03534767286683423, 0.5938786127049168], [0.16635641583475905, 0.6514141024766067, 0.02909137703214842, 0.1531381046564859], [0.1012983623521319, 0.2877287052246457, 0.5687934164868742, 0.042179515936348576], [0.12048838268955572, 0.3986296237357103, 0.06154481582616425, 0.41933717774856955], [0.20667169891786638, 0.28822383294206044, 0.3626976257313134, 0.14240684240875975], [0.021526124272155937, 0.34227522886160155, 0.43525893561179724, 0.20093971125444557], [0.20525985580439046, 0.5426842621914861, 0.11258806083090946, 0.13946782117321463], [0.05983662285179621, 0.16714786874990684, 0.18356396102232347, 0.5894515473759735], [0.17431382562451567, 0.1538668281723315, 0.030091641665418594, 0.6417277045377343], [0.052485907246620306, 0.4879702555912134, 0.09651706075336886, 0.3630267764087976], [0.036544657902723925, 0.05398448395557714, 0.8544951529586505, 0.05497570518304842], [0.19935344754972584, 0.6513139140049257, 0.03213982502587373, 0.11719281341947489], [0.21892799285872985, 0.5220237083140415, 0.07352174087287776, 0.18552655795435108], [0.5001100027021849, 0.12966357258328376, 0.05169117661817687, 0.31853524809635436], [0.4950921596105626, 0.12113885805457665, 0.035068457970204484, 0.3487005243646564], [0.06821891183570006, 0.12732544554512965, 0.7098127031873853, 0.09464293943178498], [0.01676242574455414, 0.3753248159885628, 0.1925893532986019, 0.4153234049682811], [0.18555145122763086, 0.6040209732649786, 0.16305303137853083, 0.0473745441288599], [0.008989179595507376, 0.4123403083783911, 0.13062906234356564, 0.44804144968253595], [0.10957498205398923, 0.2088265550468088, 0.4705977086622473, 0.2110007542369541], [0.27282590768991266, 0.15808379829752545, 0.24409082534768725, 0.32499946866487467], [0.2915097603347376, 0.4039555084369015, 0.1025579334364271, 0.20197679779193373], [0.06619694953031423, 0.33312938753595617, 0.13772161305546693, 0.4629520498782624], [0.4053823307686788, 0.4363653890500444, 0.05594387095983226, 0.10230840922144475], [0.22979135813895982, 0.43474400811496683, 0.07170908658535134, 0.26375554716072197], [0.2485942302625149, 0.3735368995918975, 0.24117867530346782, 0.13669019484211992], [0.08678635044147344, 0.1312762361341475, 0.024419378377805157, 0.7575180350465738], [0.32020779947240186, 0.31614613925584334, 0.022738443909887978, 0.34090761736186687], [0.5933313653491212, 0.10204297586760065, 0.009280334959990378, 0.29534532382328776], [0.16533464131291226, 0.19138881121623552, 0.0343762593092917, 0.6089002881615603], [0.7385377118335021, 0.13625570371400775, 0.0014652071593684534, 0.12374137729312173], [0.10064967260773047, 0.06094670681770036, 0.5080628994406095, 0.33034072113395957], [0.6666495843223184, 0.1950999349776488, 0.03194094704352831, 0.10630953365650472], [0.33877487226949843, 0.25685630443712276, 0.21684867271112143, 0.18752015058225724], [0.01826052511109787, 0.7071476792680238, 0.09491207113114893, 0.17967972448972958], [0.09834270232058913, 0.17105795392326348, 0.1183134673045267, 0.6122858764516205], [0.5204689690340766, 0.08158905862291593, 0.012768272972440844, 0.3851736993705666], [0.1787896396901756, 0.49279663150597625, 0.06432144984406092, 0.26409227895978726], [0.04058091444466847, 0.7573807515327408, 0.06828410269184848, 0.1337542313307423], [0.2293867717167129, 0.07379910875678378, 0.004036820745160924, 0.6927772987813424], [0.12964419578876427, 0.44336661076034123, 0.07091564816230167, 0.35607354528859264], [0.04532437919555134, 0.4305678885078546, 0.4044852923687092, 0.11962243992788492], [0.147441896181886, 0.4389274273970003, 0.02656807110173653, 0.3870626053193772], [0.7896316210826877, 0.053011943481674206, 0.01791292548372519, 0.1394435099519129], [0.3672989530953358, 0.3709869416191519, 0.030074478193866022, 0.2316396270916461], [0.6097984497597937, 0.03425056252569064, 0.055740826252800295, 0.3002101614617156], [0.28060369591448703, 0.16279185991145245, 0.07862684923937012, 0.47797759493469066], [0.10322810304358275, 0.48522968157405794, 0.020922677683119204, 0.3906195376992401], [0.4497769143444639, 0.11129011707509502, 0.15668896423962833, 0.2822440043408127], [0.7719491108691107, 0.14827280204882765, 0.014175422811278017, 0.06560266427078398], [0.02719737837380066, 0.8193360647116065, 0.08409685165171178, 0.069369705262881], [0.08811651489284893, 0.27980351815435156, 0.10354953426159987, 0.5285304326911997], [0.6815376375313988, 0.0338714321071982, 0.008516167375666076, 0.27607476298573674], [0.022772633695871215, 0.3568479406541064, 0.38364512942190104, 0.23673429622812137], [0.39804485623756725, 0.3406286094242572, 0.04101911877543215, 0.2203074155627436], [0.6302821597889726, 0.16132302406777838, 0.02633156881143443, 0.18206324733181448], [0.036662316287620435, 0.6318179779270319, 0.09873531399474313, 0.23278439179060442], [0.7253620483008497, 0.12935134285892447, 0.016593352648122492, 0.1286932561921033]]}, "rewritten": {"ids": ["97106000", "97106591", "97106600", "97106820", "97106970", "97112830", "97116790", "98109230", "98110230", "98110710", "98112170", "98113881", "98116500", "99107560", "99108000", "99108080", "99108330", "99108710", "99109780", "99109840", "99110730", "99111930", "100109311", "100109980", "100111620", "101108121", "101108290", "101109120", "101110150", "101110740", "101111310", "101111990", "102109010", "102109910", "102110850", "102112250", "102114270", "102117351", "103110050", "103111990", "103113640", "103117461", "103120730", "104111550", "104111711", "104112470", "104113240", "104114740", "104116980", "104118340", "104119290", "105110091", "105110251", "105113190", "105113620", "105115250", "105115380", "105115720", "105116860", "105117200", "105117351", "105119550", "105119950", "105120280", "105120621", "106113360", "106114150", "106115240", "106116441", "106116820", "106117790", "106119580", "106121220", "107112850", "107113550", "107115250", "107116340", "107116980", "107117010", "107117630", "107118520", "107119130", "107119390", "107121230", "108114180", "108115070", "108115250", "108115570", "108115970", "108118520", "108121351", "108121410", "109114030", "109114270", "109117431", "109117630", "109118820", "109120150", "109120540", "110113931", "110114920", "110115120", "110116501", "110117110", "110118121", "110118181", "110120700", "110121170", "110121500", "111114171", "111115780", "111116990", "111117000", "111117200", "111117480", "111117571", "111119290", "111119610", "111121410", "112116501", "112116540", "112116990", "112117461", "112117571", "112117580", "112119450", "112119930", "112120630", "112120640", "113117340", "113117630", "113118630", "113118820", "113118870", "113119360", "113119700", "113120531", "113121010", "113121190", "113121750", "113122180", "113122220"], "labels": [0, 1, 3, 1, 2, 2, 2, 1, 3, 2, 3, 3, 2, 1, 2, 3, 1, 2, 2, 2, 3, 1, 1, 1, 3, 0, 0, 1, 1, 3, 3, 2, 1, 2, 3, 0, 3, 1, 3, 2, 1, 0, 1, 1, 1, 1, 2, 2, 1, 2, 1, 0, 0, 3, 0, 2, 1, 1, 2, 3, 0, 1, 3, 3, 1, 0, 1, 1, 0, 1, 1, 3, 1, 1, 0, 2, 3, 3, 1, 0, 2, 1, 2, 0, 1, 1, 1, 3, 2, 0, 3, 0, 1, 3, 1, 0, 3, 2, 1, 1, 3, 0, 3, 0, 3, 1, 2, 2, 3, 3, 1, 0, 0, 0, 1, 3, 3, 2, 0, 3, 1, 0, 0, 3, 0, 3, 1, 3, 0, 2, 0, 3, 0, 0, 0, 0, 0, 2, 1, 0, 2, 1], "predicted_labels": [3, 3, 2, 1, 2, 3, 1, 2, 3, 2, 3, 0, 0, 1, 1, 0, 3, 1, 1, 2, 2, 1, 3, 3, 3, 0, 0, 3, 1, 0, 2, 1, 3, 0, 1, 3, 3, 1, 3, 3, 0, 1, 3, 1, 0, 1, 1, 1, 1, 3, 1, 0, 0, 3, 1, 1, 3, 3, 1, 3, 1, 1, 3, 1, 0, 1, 0, 0, 3, 0, 1, 2, 3, 1, 0, 1, 3, 0, 1, 0, 1, 3, 1, 3, 1, 1, 1, 1, 0, 1, 0, 1, 3, 3, 3, 1, 1, 0, 1, 0, 1, 3, 0, 1, 3, 0, 3, 3, 1, 3, 1, 0, 1, 0, 3, 3, 0, 3, 0, 0, 3, 3, 3, 3, 3, 0, 0, 3, 0, 3, 0, 1, 0, 1, 3, 1, 1, 1, 1, 1, 3, 1], "confidence_scores": [[0.16142426174486282, 0.31088072297116837, 0.2877865802909098, 0.23990843499305922], [0.30077697154767147, 0.23477388600587312, 0.12719645333309296, 0.33725268911336254], [0.1681373206584396, 0.11606418541993922, 0.5470018784118265, 0.16879661550979475], [0.12331289537026513, 0.547663009525939, 0.09758502805580285, 0.23143906704799255], [0.027724850334908308, 0.10067417927126408, 0.7697382098552329, 0.10186276053859485], [0.3228601409777694, 0.14398428449554956, 0.15467450050400275, 0.3784810740226784], [0.08285322840332902, 0.2932978110678776, 0.5964838007842924, 0.027365159744501027], [0.026940192395702153, 0.03352770347671721, 0.9055618770028843, 0.03397022712469612], [0.16311933857437244, 0.20466888722019172, 0.2764913930465044, 0.35572038115893123], [0.01264139250916724, 0.19048274906354376, 0.7328402500620674, 0.0640356083652214], [0.27677824162106845, 0.022029281863326373, 0.022026661178240255, 0.679165815337365], [0.4716997764275089, 0.16834719428014383, 0.2107932170921594, 0.14915981220018776], [0.6223094082439834, 0.11330738372807757, 0.04667064129752335, 0.21771256673041592], [0.2942963332115268, 0.43390553988100944, 0.1887973183918957, 0.08300080851556822], [0.08083859221583344, 0.6156973192630704, 0.17081913438427163, 0.1326449541368243], [0.6396572535225798, 0.04533745116132947, 0.05272975091796221, 0.26227554439812856], [0.03713564741680006, 0.3911895976980557, 0.25565728669645715, 0.3160174681886872], [0.0428304955578671, 0.7225671703941826, 0.19742536490862123, 0.0371769691393289], [0.027769184888365026, 0.4644763689448663, 0.4624610281041632, 0.04529341806260521], [0.15418406152939051, 0.02394360107128341, 0.7228535364300703, 0.09901880096925561], [0.015407575860722323, 0.023102979766213325, 0.8923103442179934, 0.06917910015507094], [0.18071458756953254, 0.4072820788530878, 0.18051067095309087, 0.2314926626242887], [0.3441132100560542, 0.17307198498874807, 0.016526869284486274, 0.4662879356707116], [0.05388876853538612, 0.25056476137117456, 0.1485204672500224, 0.5470260028434171], [0.09562018711492641, 0.0758934075795323, 0.5395630138461589, 0.28892339145938245], [0.5238271286673838, 0.16229156019994925, 0.037641804032988106, 0.276239507099679], [0.7023204413505238, 0.12464199076923818, 0.05786057000466708, 0.11517699787557088], [0.28770987106242574, 0.18798091780882362, 0.10010856639932264, 0.4242006447294286], [0.1995608361029024, 0.5250266030742644, 0.04360866781145471, 0.23180389301137858], [0.34984101564257636, 0.24012405518243327, 0.24711109845509993, 0.16292383071989053], [0.17253418176404137, 0.11039442244756213, 0.5789184559748943, 0.13815293981350216], [0.039959666404080316, 0.2286947691850008, 0.5554444596633077, 0.17590110474761114], [0.04782432920580445, 0.39525933934943575, 0.21994969031136685, 0.336966641133393], [0.4686276805511975, 0.03988326722717294, 0.3728335677897181, 0.11865548443191153], [0.160291238711602, 0.3720990929402545, 0.22167011596113523, 0.2459395523870082], [0.4352349001809404, 0.04096928291667965, 0.022023382307637594, 0.5017724345947423], [0.06338171774468039, 0.15715095769913925, 0.5482990231844189, 0.2311683013717615], [0.06793748021525073, 0.8289369104613151, 0.0076129571076474075, 0.0955126522157868], [0.3208430577916936, 0.1727664997305999, 0.24116386577407953, 0.26522657670362676], [0.20289607001900262, 0.1605148595839452, 0.10887196147079195, 0.5277171089262604], [0.9841104463892628, 0.006117150265937247, 0.0028945607096940063, 0.006877842635105814], [0.39800681691801976, 0.3995148032770462, 0.06362161860212061, 0.1388567612028131], [0.08839854405352238, 0.18674997638049706, 0.3000132648937465, 0.424838214672234], [0.07458832742880799, 0.5888233519698841, 0.13156594607812375, 0.20502237452318423], [0.4425307683486098, 0.32718116439028444, 0.050725330044137186, 0.17956273721696847], [0.20860808247462484, 0.4059338668589498, 0.2183785251488963, 0.16707952551752903], [0.04700181743038223, 0.6260398166940263, 0.28798044550857177, 0.03897792036701983], [0.16284066370379138, 0.3687858750016471, 0.36297128269167694, 0.10540217860288482], [0.009626694897209695, 0.8554941815820657, 0.03806535022429025, 0.09681377329643469], [0.05168949685572515, 0.23671483669507376, 0.3656713144512841, 0.34592435199791693], [0.03814704389190899, 0.49171518724688357, 0.31401628394298486, 0.1561214849182227], [0.4867827604409045, 0.09324580040608688, 0.13041656128157827, 0.28955487787143025], [0.688983842416275, 0.1460425324219928, 0.033895620589490215, 0.13107800457224178], [0.3136996923672585, 0.06129967151102182, 0.026382891290680766, 0.5986177448310389], [0.027241140665577365, 0.704807483173026, 0.2519929284143632, 0.015958447747033273], [0.10120742961463802, 0.24725142898326832, 0.49185162134646815, 0.1596895200556259], [0.10747900399210226, 0.10950696728140277, 0.5693395538294268, 0.21367447489706853], [0.09509674374464552, 0.2916254875438596, 0.2453224868251635, 0.3679552818863315], [0.13119914656762208, 0.6603255373157892, 0.06925626068263661, 0.13921905543395216], [0.1828875573161802, 0.28375281540985614, 0.11708838669590661, 0.41627124057805737], [0.17254095468494762, 0.39021264001626627, 0.12430834385130193, 0.31293806144748404], [0.036272881651974336, 0.6762993058208958, 0.137560844280741, 0.14986696824638882], [0.274683428607811, 0.15715606632350107, 0.0779148549640473, 0.4902456501046407], [0.506811428672434, 0.39852391933177417, 0.0260015282289518, 0.06866312376684008], [0.7540758165756405, 0.02130808879599586, 0.0009114442566234907, 0.22370465037173998], [0.3186169399693694, 0.3817227727629722, 0.049854046919442285, 0.24980624034821616], [0.4188990961874858, 0.26250511145844957, 0.1417040786187975, 0.17689171373526716], [0.4726044890616342, 0.31111188686568153, 0.09269533680504223, 0.12358828726764205], [0.2822959156315036, 0.031482468861089845, 0.031303318630248836, 0.6549182968771576], [0.4635159784916387, 0.06540425864120741, 0.3035111458535509, 0.167568617013603], [0.09855450069147638, 0.6329255465512943, 0.11139869452814544, 0.15712125822908415], [0.03192461549400034, 0.017226397053162385, 0.9302140789155277, 0.020634908537309652], [0.048637773779111826, 0.3574305404970735, 0.17522215090986085, 0.41870953481395357], [0.03807746493605104, 0.532374793281591, 0.1752041906224602, 0.25434355115989754], [0.475081495808317, 0.050912335820237076, 0.19316503502998827, 0.2808411333414574], [0.075059080886896, 0.346251844378845, 0.3737769585028946, 0.20491211623136432], [0.1393793657856647, 0.2961815028800739, 0.08951786370885678, 0.4749212676254048], [0.7309568710756097, 0.08098503784242832, 0.0056937523175215115, 0.18236433876444064], [0.2012009916385774, 0.20900518660334796, 0.45368482662183685, 0.13610899513623786], [0.8661287541298299, 0.027070768929705995, 0.04791482572333808, 0.05888565121712596], [0.07169986345597622, 0.5485714044276027, 0.06455595395652391, 0.31517277815989747], [0.3114980007132082, 0.11169977835212219, 0.040804128785635496, 0.535998092149034], [0.06145038705721388, 0.4773594589531791, 0.30266473264580107, 0.15852542134380584], [0.07067821519778908, 0.13540930395127385, 0.3156338142522036, 0.47827866659873336], [0.15691629811172883, 0.4522946642647052, 0.1937891392084333, 0.19699989841513277], [0.0761369147741247, 0.5305242960639223, 0.3488015326305535, 0.044537256531399436], [0.17151756077809793, 0.42261673942017436, 0.19479834574347357, 0.21106735405825447], [0.017890618703108107, 0.5808088921858733, 0.23917665352663836, 0.16212383558438007], [0.5300579822927429, 0.20499500296750725, 0.19563459528379062, 0.06931241945595926], [0.36074286596724175, 0.37872952913540503, 0.08443739719736992, 0.1760902076999831], [0.4775868113917383, 0.20677492609679812, 0.034951688951367875, 0.280686573560096], [0.10111124303054396, 0.7770984228227859, 0.004993568806763332, 0.11679676533990674], [0.24593417915844984, 0.3025393757502119, 0.06883893649849583, 0.3826875085928424], [0.23817960631953874, 0.11122625143231621, 0.016751846379196068, 0.6338422958689491], [0.409882345624994, 0.22174096237907828, 0.03560947141818241, 0.332767220577745], [0.17443839435105493, 0.28158983298927404, 0.27422642782605317, 0.26974534483361756], [0.3642988598167079, 0.4035740424196083, 0.06723824801716997, 0.16488884974651383], [0.3479428627815021, 0.0926036130920186, 0.3659626349384005, 0.1934908891880789], [0.27454664456538225, 0.5376879533553031, 0.03606119722800807, 0.15170420485130678], [0.48268806347160265, 0.19568696123135312, 0.0683747711282218, 0.2532502041688231], [0.21439742088064528, 0.5646314037925213, 0.012708301518113444, 0.20826287380872044], [0.26105934274481385, 0.1943249724316682, 0.19986610894532914, 0.3447495758781888], [0.5304556574989847, 0.06755590981202145, 0.05017842951622725, 0.35181000317276656], [0.25718790833273497, 0.31972206768055855, 0.16906943811586375, 0.2540205858708427], [0.12282556131026082, 0.3425914045690805, 0.07678690218401996, 0.4577961319366385], [0.48135412979018655, 0.36684343716685813, 0.07695205016957231, 0.07485038287338336], [0.1397788689728889, 0.26074918646525413, 0.3125058072551159, 0.28696613730674086], [0.028207650659693474, 0.12194913710387897, 0.6020735737991346, 0.247769638437293], [0.09703330863954399, 0.6993195553872972, 0.04771753497029252, 0.1559296010028667], [0.23779948057371827, 0.39420861706524896, 0.021409159481966117, 0.34658274287906665], [0.05548200153522734, 0.6150720249702712, 0.2727411258977238, 0.056704847596777165], [0.8517470055493894, 0.020728865470640803, 0.02755124322990495, 0.09997288575006458], [0.06446774049841339, 0.6059979915742639, 0.18399094452104628, 0.1455433234062762], [0.5990755456591879, 0.04851639912796171, 0.2823007668250142, 0.07010728838783613], [0.12389725782857082, 0.43243823200448006, 0.021254688008482722, 0.42240982215846634], [0.07130764753624272, 0.3301092977500782, 0.26510918651490656, 0.33347386819877234], [0.5464160224401586, 0.09716401798374107, 0.18525973068139964, 0.1711602288947004], [0.14858033169700083, 0.2940614381709632, 0.2839263023695409, 0.2734319277624951], [0.6384767828677211, 0.19230710803110931, 0.004988936569694501, 0.16422717253147495], [0.5583825372433936, 0.10503653795567984, 0.004016039704152773, 0.33256488509677373], [0.043548439575743586, 0.36746220810058067, 0.09354513701703031, 0.49544421530664556], [0.2583891397145091, 0.028879308764146627, 0.4033050235758435, 0.3094265279455009], [0.29356232144895883, 0.2885688569640051, 0.022686374618588603, 0.3951824469684477], [0.06264147714298947, 0.44742563216712017, 0.07785607001161406, 0.41207682067827656], [0.09729173961921575, 0.43417153871027925, 0.02536217070058601, 0.44317455096991903], [0.8577516569352446, 0.03145547201180424, 0.005771194254512128, 0.10502167679843936], [0.4684557635844955, 0.2277467364690722, 0.13432215129215344, 0.16947534865427902], [0.32493796833894145, 0.08715687928146848, 0.03207535350058203, 0.555829798879008], [0.7281832167824592, 0.1399704800422359, 0.05164970391053157, 0.0801965992647734], [0.0436952095010873, 0.3285950509219644, 0.36982119657818857, 0.2578885429987598], [0.6200364859497898, 0.11431611361458788, 0.09040997596694998, 0.1752374244686725], [0.04929352813181186, 0.632038907311433, 0.1041715980207355, 0.2144959665360197], [0.5761418273923244, 0.3344120026898942, 0.010232611266161819, 0.07921355865161957], [0.030337312151824187, 0.8363374830864706, 0.02574038430543396, 0.10758482045627117], [0.15673535639851116, 0.02487343090027961, 0.02654616505862305, 0.7918450476425859], [0.05291534722148736, 0.6875488628097797, 0.06894882377002162, 0.1905869661987113], [0.4445004279174288, 0.3963997408452379, 0.013833889646893152, 0.14526594159044015], [0.05011980379434612, 0.7385004158731847, 0.026686559499345886, 0.1846932208331232], [0.3089714980308738, 0.44967446424437957, 0.09659494700594415, 0.14475909071880222], [0.23771436402920118, 0.5415565971319821, 0.04380507230846729, 0.17692396653034945], [0.04811458001394501, 0.275992649526935, 0.10107986101679996, 0.5748129094423197], [0.01584643563649935, 0.6110128185135122, 0.1593802876093645, 0.21376045824062376]]}}