{"test": {"ids": ["101108621", "98108580", "111121220", "106118820", "113118820", "99109161", "112117210", "111114171", "105118171", "98109570", "105112260", "99107630", "104113240", "106118520", "107113260", "109116810", "102118380", "107120880", "104111550", "112116640", "113119340", "109114720", "109119591", "113118630", "103120290", "103111830", "103113260", "103110050", "106113190", "102113210", "111115780", "112121430", "103113640", "99113260", "110114610", "112119950", "100111270", "108121410", "105120621", "109113881", "111120260", "112118701", "99108310", "113122430", "99109141", "111120280", "110118301", "108113480", "111119430", "112118890", "111119930", "97116790", "113118620", "109120560", "109119340", "99109370", "105110251", "97118210", "111119340", "99108000", "113118421", "110120190", "113120260", "97105760", "112118930", "101115190", "108121351", "98112170", "108114220", "108116501", "107114780", "99110730", "99108580", "99111440", "98110810", "99107500", "110120700", "110121140", "113120751", "104114740", "100108580", "108118301", "111116040", "108115070", "113119320", "98116500", "98106111", "107120260", "99114890", "105116650", "101109000", "110121720", "109117431", "111120640", "101108950", "110118740", "113121750", "106114880", "110118930", "112118620", "111118810", "113121190", "108119330", "102110890", "105113480", "103113210", "107114280", "111121190", "110121170", "97116800", "109119450", "107121540", "98111670", "111120190", "111117120", "113119120", "99107300", "102109910", "113117550", "112117660", "110116170", "109117271", "110113931", "113122180", "109117600", "107114110", "112121360", "102112301", "105114220", "101110150", "108115880", "104118340", "112118860", "103109641", "112118581", "99111930", "104109311", "106121190", "111114321", "98121790", "104111711", "101108460"], "labels": [0, 0, 3, 3, 0, 3, 1, 3, 3, 1, 3, 2, 2, 2, 0, 3, 1, 1, 1, 0, 0, 0, 0, 3, 2, 3, 3, 3, 0, 3, 1, 2, 1, 0, 1, 0, 2, 0, 1, 0, 3, 0, 2, 2, 3, 0, 1, 0, 3, 3, 1, 2, 3, 1, 3, 1, 0, 2, 3, 2, 3, 3, 3, 0, 1, 1, 3, 3, 3, 0, 2, 3, 0, 3, 1, 0, 2, 3, 1, 2, 0, 1, 0, 1, 1, 2, 0, 1, 2, 1, 1, 3, 1, 0, 2, 3, 0, 0, 1, 3, 0, 1, 0, 0, 0, 3, 3, 1, 2, 0, 3, 2, 1, 3, 2, 3, 3, 2, 3, 0, 0, 0, 1, 2, 1, 1, 3, 1, 3, 1, 3, 2, 3, 1, 1, 1, 3, 2, 1, 2, 1, 0], "predicted_labels": [1, 2, 3, 3, 0, 0, 1, 3, 1, 3, 0, 3, 1, 3, 3, 0, 1, 3, 1, 1, 0, 1, 1, 0, 1, 3, 1, 1, 0, 3, 3, 1, 0, 1, 1, 0, 1, 0, 3, 3, 0, 3, 0, 1, 0, 3, 1, 3, 1, 0, 0, 0, 1, 1, 3, 2, 1, 2, 3, 3, 0, 3, 2, 2, 0, 1, 1, 3, 0, 0, 1, 1, 2, 1, 1, 1, 1, 0, 1, 3, 2, 3, 0, 0, 0, 1, 1, 1, 1, 3, 3, 1, 3, 1, 3, 3, 0, 1, 1, 0, 3, 1, 0, 0, 3, 1, 1, 3, 3, 0, 3, 1, 2, 0, 3, 3, 0, 0, 3, 3, 0, 3, 1, 3, 0, 3, 0, 1, 3, 3, 1, 1, 1, 3, 3, 1, 0, 1, 1, 2, 2, 0], "confidence_scores": [[0.24961952247917762, 0.2990728277357398, 0.17819683366042247, 0.27311081612466], [0.19511397439870481, 0.28339894521382597, 0.26900999782126805, 0.2524770825662011], [0.28089993781725586, 0.2659287106509782, 0.09926571278727472, 0.35390563874449144], [0.23906471614045993, 0.3093604895356599, 0.11416683560720493, 0.3374079587166753], [0.3457913173496871, 0.28451834306964047, 0.06763383674696975, 0.30205650283370294], [0.29865200609070286, 0.3030497580966486, 0.17748154296259924, 0.22081669285004876], [0.16620466557861435, 0.30983445074448596, 0.2871504003766029, 0.2368104833002972], [0.28257067031484506, 0.2918841590775872, 0.06817350983870002, 0.35737166076886756], [0.2654947679843982, 0.32154387661492806, 0.1157437409936679, 0.29721761440700534], [0.3087824733281369, 0.239253691736398, 0.08700873395168449, 0.36495510098378053], [0.26794319555373186, 0.2755823652980789, 0.1662076331101614, 0.2902668060380281], [0.2639432087975193, 0.2334607471411101, 0.20804709485794906, 0.2945489492034214], [0.14312873041935595, 0.3595369020671938, 0.284709401875076, 0.21262496563837435], [0.29431785006470096, 0.2833013116983527, 0.11764512263025398, 0.3047357156066924], [0.27707139290076227, 0.27451663557082884, 0.12729112889542, 0.32112084263298896], [0.28701802184228037, 0.29029262219420937, 0.1154653383642116, 0.30722401759929874], [0.21031560129813018, 0.34300202315351885, 0.21569320021907426, 0.23098917532927654], [0.20027570826784266, 0.25910484173806275, 0.25408902290051544, 0.2865304270935792], [0.1596117052333908, 0.32346758497357303, 0.3060442753993746, 0.210876434393662], [0.21724816668068989, 0.3135231849964819, 0.17403455655756758, 0.29519409176526074], [0.346793610271878, 0.3063558637827566, 0.0913096484535899, 0.2555408774917758], [0.11428554540511987, 0.3241836043803798, 0.27853839075273784, 0.2829924594617624], [0.2425812098164751, 0.30674613348385765, 0.19173845077109655, 0.2589342059285708], [0.2799300707063996, 0.25660117298682367, 0.17782186369189162, 0.2856468926148851], [0.1672419506174712, 0.32496858844327514, 0.24968618444633373, 0.25810327649291964], [0.32786609703459313, 0.21385282224347066, 0.1271145726846862, 0.33116650803725006], [0.17115873362941378, 0.3347146640472021, 0.23505409914191222, 0.2590725031814717], [0.15083541407879938, 0.3274105097064257, 0.23495055165959247, 0.2868035245551825], [0.29227612488741034, 0.27650636200183876, 0.12022117908009135, 0.3109963340306593], [0.22260193870875397, 0.27083659988772363, 0.19333122923944848, 0.313230232164074], [0.2884986469351034, 0.27667057920974475, 0.1322706615057911, 0.30256011234936087], [0.28679250893690184, 0.31031603126157076, 0.10529928512055588, 0.29759217468097154], [0.3876546909541302, 0.2297451741758767, 0.09270758963273348, 0.2898925452372597], [0.21975812470145478, 0.3200844727156759, 0.22858013257533824, 0.23157727000753126], [0.22707734963079798, 0.3130393562475599, 0.2713916502845047, 0.18849164383713748], [0.35950198500576636, 0.2517213933175738, 0.09633666664565545, 0.2924399550310046], [0.13502314322433506, 0.34839516853656705, 0.31297597951405326, 0.20360570872504496], [0.31133483887399266, 0.2838582966597316, 0.09993160616888319, 0.30487525829739276], [0.2900295733602897, 0.27648180790708426, 0.0523289447903872, 0.3811596739422389], [0.23307277398170073, 0.2876260285585269, 0.18578448828251964, 0.29351670917725264], [0.3183737347862472, 0.26825597766190623, 0.11805482161776519, 0.29531546593408126], [0.2479724537904076, 0.2688979744431094, 0.14126457464561595, 0.34186499712086676], [0.2958531379682217, 0.2458893908033756, 0.1861320740922862, 0.27212539713611644], [0.15850068388724806, 0.3339890655951039, 0.1962694300554395, 0.3112408204622087], [0.31112339346365536, 0.2781325892047775, 0.1427161113111777, 0.26802790602038973], [0.3087954933878562, 0.26764409071958406, 0.07737007362870552, 0.3461903422638542], [0.22198845055750582, 0.3476027011712636, 0.1508959727310924, 0.2795128755401385], [0.3020450250869382, 0.2709893215424372, 0.11405057231555571, 0.31291508105506877], [0.1627111898681833, 0.3374849382256206, 0.1985884370467744, 0.30121543485942176], [0.3468928377496756, 0.24499237315368694, 0.08578879995202301, 0.3223259891446144], [0.33821391436333315, 0.27859072939253227, 0.12390536545384771, 0.25928999079028686], [0.26158009857116965, 0.2455873929859805, 0.25388189908029485, 0.238950609362555], [0.2640763761742504, 0.3247946863888286, 0.13618390398651992, 0.27494503345040106], [0.12404444146675808, 0.35021140218566077, 0.2604434653993278, 0.26530069094825326], [0.25541378300378387, 0.29966164595885353, 0.13977905247688177, 0.30514551856048067], [0.22210594929238514, 0.28732068745341155, 0.26941807508616905, 0.2211552881680345], [0.2523525520358441, 0.28224219826976893, 0.19260299878792225, 0.27280225090646487], [0.21880861530474038, 0.2760682472890716, 0.2502270736373181, 0.2548960637688701], [0.26048660149693903, 0.29934117190808884, 0.13352432834330022, 0.3066478982516718], [0.12135289070409984, 0.3152525603505316, 0.27350370440649563, 0.28989084453887304], [0.3988475070336011, 0.23631341739648928, 0.07242303900965602, 0.29241603656025367], [0.2861327213634285, 0.283591087870205, 0.10267049507507302, 0.32760569569129344], [0.1850372096447478, 0.2782663221384153, 0.30722938187499693, 0.22946708634184004], [0.17878123946719618, 0.2551231507975754, 0.290700892853366, 0.27539471688186246], [0.3082471652880333, 0.2853568456720463, 0.12102949663320521, 0.28536649240671563], [0.1204727830049533, 0.3450264126721931, 0.29845791001749544, 0.23604289430535821], [0.26604133970750804, 0.286404710376427, 0.17974432541677035, 0.2678096244992944], [0.287325308637398, 0.27105710172619746, 0.1396259716834623, 0.3019916179529421], [0.24426505049899894, 0.2866187597975273, 0.25394040654709343, 0.21517578315638036], [0.32462525190583624, 0.25980734788219956, 0.14523189084741506, 0.27033550936454886], [0.2780633466288115, 0.2983929282527668, 0.14766245057342647, 0.27588127454499545], [0.20382949375671677, 0.29876526537258163, 0.21552349698475073, 0.2818817438859509], [0.20002580456088156, 0.30485518602748357, 0.29807335946469515, 0.19704564994693957], [0.21761260741160987, 0.31302169467427743, 0.2155556397182149, 0.25381005819589764], [0.16758810574508368, 0.4213494031613655, 0.25627526430072994, 0.15478722679282078], [0.209710289500696, 0.33621737198514146, 0.17647115276256975, 0.27760118575159315], [0.2440823506681411, 0.31858753051607636, 0.14577704472695915, 0.29155307408882336], [0.2796933041015111, 0.2901904364647511, 0.18426402891445373, 0.24585223051928407], [0.22016646049577832, 0.3045271834779161, 0.18260825422633928, 0.2926981017999666], [0.22813947187849376, 0.26499299926458786, 0.22453214133541083, 0.28233538752150755], [0.17020864693126744, 0.2739841215101423, 0.34709190244555627, 0.20871532911303378], [0.26582046210925225, 0.295841243790859, 0.14912272033433027, 0.28921557376555823], [0.3810945461499736, 0.24667214909070087, 0.12118068913385188, 0.25105261562547376], [0.32351374694239277, 0.28219264114788833, 0.14976400214813645, 0.2445296097615824], [0.3576433464177596, 0.24982360345310073, 0.11219155690602534, 0.2803414932231144], [0.20099423762377822, 0.29602333672160386, 0.22816846063472274, 0.27481396501989497], [0.22490009492454802, 0.30869727938361863, 0.20761342821739806, 0.2587891974744358], [0.20693235417136777, 0.32439347237800126, 0.2299643320818299, 0.23870984136880127], [0.15356485670919173, 0.33312681763723295, 0.23747511713947708, 0.2758332085140983], [0.23601823038411546, 0.25390379202101343, 0.22533761761505391, 0.28474035997981706], [0.15638164682221106, 0.29702151363502777, 0.24104901795139277, 0.30554782159136806], [0.2054285312572682, 0.3132534780717381, 0.19248247496408732, 0.28883551570690613], [0.26163218029880814, 0.3091876405737414, 0.09725908961273971, 0.33192108951471083], [0.29740657853563096, 0.3040643402972505, 0.12374394856631779, 0.2747851326008004], [0.1606223109553113, 0.2930693869788191, 0.23243235365779094, 0.3138759484080787], [0.3206244453731404, 0.21987100946004517, 0.1682071166080884, 0.2912974285587259], [0.3322108046809648, 0.2782511941681117, 0.1025684332347818, 0.28696956791614187], [0.2625564373518859, 0.3542121941143657, 0.12567585731323336, 0.2575555112205148], [0.24320401744355497, 0.3222696407965919, 0.14933525828026117, 0.28519108347959204], [0.3338076150814241, 0.23707547798037262, 0.09842364077316895, 0.3306932661650343], [0.29925519865900413, 0.30529542590612246, 0.0633325939712564, 0.332116781463617], [0.3082875647303077, 0.31178791796656996, 0.10805292940625918, 0.27187158789686294], [0.3232302513119456, 0.2720740114006092, 0.11918749252498692, 0.2855082447624583], [0.2720462657570553, 0.23300140647098827, 0.22830811365628975, 0.2666442141156665], [0.24622484082179869, 0.3167092765633159, 0.10574370516033166, 0.3313221774545536], [0.28854516009420667, 0.2984699761185626, 0.15676483693325352, 0.2562200268539769], [0.24383550579634683, 0.3505472673165717, 0.13607577725108697, 0.26954144963599463], [0.3036465804774394, 0.23397368793270953, 0.15714110191378494, 0.30523862967606613], [0.22490228180607055, 0.2419389480418384, 0.2123700577634113, 0.3207887123886795], [0.3183738132648875, 0.27332396024549477, 0.12593893507731185, 0.28236329141230604], [0.13493414330928413, 0.3096861628365245, 0.21159976510019457, 0.34377992875399677], [0.22082592156620778, 0.28546344155858344, 0.21419148317080486, 0.279519153704404], [0.18112727558744926, 0.26190398172319346, 0.3341359321400195, 0.2228328105493384], [0.3021532311780761, 0.24938898953692135, 0.17688853984501843, 0.2715692394399844], [0.21423153094612205, 0.3088956514441235, 0.16490291316013936, 0.3119699044496149], [0.22119239892656495, 0.2388339149804181, 0.23751007890639625, 0.3024636071866207], [0.309703771206198, 0.2761206761549907, 0.11557700843874492, 0.29859854420006643], [0.3064409840333526, 0.25094096891012113, 0.1435333080339578, 0.2990847390225685], [0.2857172348677223, 0.2593827667375277, 0.1719039462881848, 0.2829960521065652], [0.2522261532671682, 0.2624645533795191, 0.18144042822590678, 0.30386886512740563], [0.3120469922546386, 0.25918942421400537, 0.1615530868414822, 0.2672104966898738], [0.28259881174609985, 0.2347005006478418, 0.14621525220854562, 0.33648543539751286], [0.2846146876802345, 0.32368725518837516, 0.08177799328922346, 0.3099200638421671], [0.21870314002543328, 0.28923413357960664, 0.15580066670308088, 0.33626205969187917], [0.29796219312161126, 0.27874486164212997, 0.14329916549150415, 0.27999377974475437], [0.18931706515513938, 0.25713530955222175, 0.18382929380558666, 0.36971833148705224], [0.38927678563827683, 0.24865435734580307, 0.13700093261662824, 0.22506792439929163], [0.2292892660110711, 0.2832693695014786, 0.23026819430154646, 0.25717317018590397], [0.2705621082795024, 0.292706753718201, 0.12814102860804147, 0.3085901093942551], [0.25549518633419416, 0.29495296249226904, 0.12785280338770005, 0.3216990477858367], [0.23750201794549458, 0.3217366136930696, 0.2009126364010247, 0.23984873196041082], [0.1741824100359821, 0.33419437966647053, 0.1728521778394207, 0.3187710324581266], [0.21391230432304223, 0.28550071509843755, 0.2518238504966761, 0.24876313008184409], [0.2661288255875432, 0.2431157011431322, 0.17646494194536716, 0.3142905313239571], [0.21154692525107274, 0.27992838867225517, 0.23494363603073867, 0.27358105004593325], [0.12210184463100598, 0.36465655515331014, 0.26258285534127096, 0.25065874487441286], [0.323182416545089, 0.26100689223614126, 0.09664383184739077, 0.31916685937137873], [0.14071029341033667, 0.31940227426273676, 0.24325303268562534, 0.2966343996413011], [0.23107517059195554, 0.31403886157628386, 0.21462432454329433, 0.24026164328846622], [0.2234518274113637, 0.2717524743421949, 0.2651288220591396, 0.23966687618730154], [0.16064547325777168, 0.2574322819343727, 0.3883535782580976, 0.19356866654975824], [0.305591971920381, 0.2848347117254486, 0.12573927168875748, 0.2838340446654127]]}, "rewritten": {"ids": ["97105760", "97116790", "97116800", "97118210", "98106111", "98108580", "98109570", "98110810", "98111670", "98112170", "98116500", "98121790", "99107300", "99107500", "99107630", "99108000", "99108310", "99108580", "99109141", "99109161", "99109370", "99110730", "99111440", "99111930", "99113260", "99114890", "100108580", "100111270", "101108460", "101108621", "101108950", "101109000", "101110150", "101115190", "102109910", "102110890", "102112301", "102113210", "102118380", "103109641", "103110050", "103111830", "103113210", "103113260", "103113640", "103120290", "104109311", "104111550", "104111711", "104113240", "104114740", "104118340", "105110251", "105112260", "105113480", "105114220", "105116650", "105118171", "105120621", "106113190", "106114880", "106118520", "106118820", "106121190", "107113260", "107114110", "107114280", "107114780", "107120260", "107120880", "107121540", "108113480", "108114220", "108115070", "108115880", "108116501", "108118301", "108119330", "108121351", "108121410", "109113881", "109114720", "109116810", "109117271", "109117431", "109117600", "109119340", "109119450", "109119591", "109120560", "110113931", "110114610", "110116170", "110118301", "110118740", "110118930", "110120190", "110120700", "110121140", "110121170", "110121720", "111114171", "111114321", "111115780", "111116040", "111117120", "111118810", "111119340", "111119430", "111119930", "111120190", "111120260", "111120280", "111120640", "111121190", "111121220", "112116640", "112117210", "112117660", "112118581", "112118620", "112118701", "112118860", "112118890", "112118930", "112119950", "112121360", "112121430", "113117550", "113118421", "113118620", "113118630", "113118820", "113119120", "113119320", "113119340", "113120260", "113120751", "113121190", "113121750", "113122180", "113122430"], "labels": [0, 2, 0, 2, 0, 0, 1, 1, 1, 3, 2, 2, 3, 0, 2, 2, 2, 0, 3, 3, 1, 3, 3, 1, 0, 2, 0, 2, 0, 0, 2, 1, 1, 1, 2, 0, 1, 3, 1, 1, 3, 3, 3, 3, 1, 2, 3, 1, 1, 2, 2, 2, 0, 3, 0, 3, 1, 3, 1, 0, 0, 2, 3, 2, 0, 1, 3, 2, 1, 1, 2, 0, 3, 1, 3, 0, 1, 0, 3, 0, 0, 0, 3, 0, 1, 1, 3, 3, 0, 1, 1, 1, 0, 1, 3, 1, 3, 2, 3, 2, 3, 3, 1, 1, 0, 2, 0, 3, 3, 1, 3, 3, 0, 0, 1, 3, 0, 1, 0, 1, 3, 0, 3, 3, 1, 0, 3, 2, 3, 3, 3, 3, 0, 3, 1, 0, 3, 1, 1, 0, 2, 2], "predicted_labels": [2, 2, 0, 2, 1, 2, 3, 1, 2, 3, 3, 2, 1, 1, 3, 3, 0, 2, 0, 0, 0, 3, 3, 1, 1, 1, 2, 1, 0, 1, 3, 3, 3, 2, 3, 3, 1, 3, 1, 3, 1, 3, 1, 1, 0, 2, 0, 1, 2, 1, 1, 1, 3, 0, 1, 3, 3, 1, 3, 3, 1, 3, 3, 1, 1, 3, 1, 0, 1, 3, 1, 3, 2, 0, 1, 0, 1, 0, 1, 0, 1, 1, 0, 3, 1, 0, 3, 3, 1, 1, 1, 1, 0, 1, 0, 1, 3, 3, 0, 1, 1, 3, 1, 3, 0, 1, 3, 3, 1, 0, 1, 0, 3, 1, 3, 3, 3, 1, 3, 2, 0, 3, 1, 0, 0, 0, 0, 1, 3, 0, 1, 3, 0, 3, 0, 0, 2, 3, 3, 0, 3, 3], "confidence_scores": [[0.1601147627455624, 0.26559917159250657, 0.32531906760204854, 0.24896699805988257], [0.218352045196973, 0.22750168217250066, 0.30750265564764867, 0.24664361698287773], [0.2986304815394966, 0.2629566425060329, 0.17732262232403048, 0.2610902536304399], [0.18614438172165393, 0.2565417581047548, 0.31336226099899717, 0.24395159917459397], [0.19151658132772995, 0.3023204337918771, 0.24234437374270681, 0.26381861113768623], [0.2074678500185582, 0.27879795524787887, 0.24955122182041656, 0.26418297291314624], [0.2697408421731345, 0.2457014482296025, 0.12583426502243072, 0.35872344457483235], [0.15404543447266533, 0.39248112868574414, 0.29013326952564217, 0.16334016731594847], [0.17139855436919618, 0.25768807986151715, 0.3288918988699061, 0.2420214668993803], [0.2592581344900198, 0.27177984938804134, 0.1719101768633978, 0.29705183925854084], [0.23194251355906267, 0.27251950377429185, 0.18947570563012917, 0.30606227703651606], [0.1842872525448808, 0.27427369536180474, 0.29635101658119095, 0.24508803551212371], [0.27695380230070565, 0.3122482422155746, 0.11392586806664579, 0.29687208741707394], [0.18097093326559482, 0.3310072767676174, 0.18878256109188093, 0.29923922887490684], [0.2739906599987402, 0.22340683604766737, 0.19534464000673432, 0.30725786394685844], [0.1432724356467096, 0.3122317152998832, 0.2505781910259963, 0.2939176580274108], [0.29404155830077033, 0.25508095149760246, 0.16429030684949142, 0.28658718335213584], [0.18927920354512542, 0.3083488718707438, 0.3013238311971472, 0.2010480933869837], [0.30558442945564046, 0.28165207520507435, 0.14598880214386362, 0.2667746931954214], [0.31597827035677856, 0.28437563481602063, 0.178403550885542, 0.22124254394165915], [0.2481968590264659, 0.27394210831779997, 0.2307817423339282, 0.24707929032180606], [0.2414816697221604, 0.2746665817139558, 0.17558061458031474, 0.3082711339835692], [0.19986456293175717, 0.30673030093445974, 0.19962940172384308, 0.2937757344099399], [0.11706384270103128, 0.3659199323078148, 0.27153724608298363, 0.24547897890817014], [0.23925421175984007, 0.3167528905364017, 0.20582272581999228, 0.23817017188376596], [0.12861327462264288, 0.33474191182993024, 0.2680893828689163, 0.2685554306785107], [0.15744161144086616, 0.27823800487532063, 0.35718445104806873, 0.20713593263574448], [0.12167816230532506, 0.34339859598155414, 0.30982443877937266, 0.22509880293374834], [0.2907785759013322, 0.29219558180040245, 0.13732903258645215, 0.27969680971181354], [0.23371941467020335, 0.29977772182609663, 0.19088757653855182, 0.2756152869651483], [0.15340978943412084, 0.3136967337159428, 0.22599558484831267, 0.3068978920016236], [0.14331234475919208, 0.3069847543961727, 0.2533449722950164, 0.29635792854961873], [0.2230618474317036, 0.30897239422036166, 0.14854355593643961, 0.3194222024114948], [0.11873259856492281, 0.333187101930191, 0.31745719989875265, 0.23062309960613334], [0.3060667808582554, 0.24152710667678862, 0.1497835474446138, 0.3026225650203424], [0.20653348582078992, 0.23687061059607178, 0.2556266866932077, 0.30096921688993084], [0.20155731144814557, 0.2873702979774362, 0.2515269082228598, 0.25954548235155833], [0.2407309454723627, 0.2581552042411347, 0.20003698553364996, 0.3010768647528527], [0.18062338807975112, 0.33014618375587357, 0.2395235716614069, 0.2497068565029684], [0.18569407921689235, 0.2474177154331047, 0.23549159431009145, 0.33139661103991147], [0.17065054880812477, 0.3186358959720387, 0.21131668090102754, 0.29939687431880896], [0.3261163985480792, 0.21336089611748754, 0.12420984410040083, 0.33631286123403253], [0.24479188732947268, 0.28395614140726283, 0.21337765103789294, 0.2578743202253712], [0.19536410827806802, 0.32731825475283244, 0.2078011686788283, 0.26951646829027115], [0.3614484748667429, 0.24131837765248448, 0.10311015769015057, 0.2941229897906221], [0.1518408866433983, 0.3054871726800345, 0.30686638010482853, 0.23580556057173907], [0.31580883884634275, 0.26478305703449667, 0.1026404503603808, 0.31676765375877974], [0.18815621907255978, 0.31485884975417733, 0.2482862817077708, 0.24869864946549206], [0.1872204172415244, 0.2501505692627353, 0.34812681575113963, 0.21450219774460064], [0.19264611316085578, 0.33632565338832554, 0.24084425835623846, 0.2301839750945801], [0.21096138282192534, 0.31162326895592374, 0.20464145904363407, 0.27277388917851725], [0.1373605345089986, 0.34704678456236027, 0.21734224640757285, 0.2982504345210683], [0.25067239732390734, 0.27977414309485127, 0.17598786789882898, 0.2935655916824126], [0.29078212184003205, 0.2652312163521195, 0.14513317326751166, 0.2988534885403367], [0.19857273298962744, 0.3269380878815649, 0.17410339101560546, 0.30038578811320216], [0.28902292207653313, 0.2851216219248948, 0.11432509412317508, 0.3115303618753972], [0.2500260986745976, 0.2575350815532961, 0.20787821460801711, 0.2845606051640893], [0.27112184595852495, 0.32257295802871305, 0.1018334545888043, 0.30447174142395766], [0.30026765737908695, 0.27780349622465966, 0.0604061212052863, 0.36152272519096706], [0.28056550239640454, 0.2764046053127951, 0.12779770834648893, 0.3152321839443113], [0.20535249307201411, 0.34829699706934286, 0.22522408733213253, 0.22112642252651055], [0.29666553696072334, 0.28137979276843494, 0.11059012869387701, 0.3113645415769647], [0.2455144490417718, 0.3030205326398374, 0.10652234747095173, 0.3449426708474389], [0.14109577693890474, 0.32680171400086133, 0.27480865272317234, 0.2572938563370614], [0.2318522670511825, 0.30961969638543374, 0.16288718871725838, 0.29564084784612554], [0.18944070599612708, 0.2587436769953164, 0.1831143202816796, 0.36870129672687724], [0.25131752453453277, 0.31476370699885214, 0.1681609386119554, 0.2657578298546601], [0.2949831891335816, 0.28586749670980155, 0.133192178234492, 0.28595713592212496], [0.296516687515076, 0.32095625882177253, 0.1560974112347594, 0.22642964242839195], [0.2028576224879198, 0.26483273758437564, 0.23125891986085997, 0.30105072006684447], [0.2220424204594487, 0.29093256529972994, 0.22311477524529544, 0.26391023899552596], [0.30913914182259045, 0.24711946730357995, 0.13177448240775533, 0.3119669084660741], [0.1959436122724637, 0.3030603231641253, 0.2788378406090709, 0.22215822395434015], [0.31126897780419877, 0.2734879098484853, 0.17229365543098965, 0.2429494569163264], [0.2501549442885076, 0.3173629807044205, 0.18491869284230028, 0.24756338216477164], [0.2942705092191684, 0.2697690423736087, 0.14074618006266237, 0.29521426834456005], [0.25097177810590476, 0.30395926076342145, 0.14761638688445805, 0.29745257424621563], [0.3379012767408532, 0.26994732821051387, 0.11028102610132896, 0.2818703689473039], [0.240422169013832, 0.2933311260988585, 0.19301312236134907, 0.2732335825259604], [0.30795537367748343, 0.2945662486870131, 0.10318962597571063, 0.29428875165979257], [0.23206972554019822, 0.3079707828697586, 0.1945522194019079, 0.2654072721881346], [0.14025454444505, 0.3105006199694381, 0.26768168833577316, 0.2815631472497386], [0.2911904376356821, 0.28426173720533054, 0.11620497069168217, 0.30834285446730514], [0.2639230831891114, 0.24538943560866724, 0.16338221639544032, 0.32730526480678096], [0.23958697170832485, 0.3291556675587486, 0.10790256932939865, 0.3233547914035279], [0.2968957679314486, 0.2808192283456419, 0.14539562710763176, 0.2768893766152779], [0.23915006181877915, 0.2959706298479659, 0.1744500099632583, 0.29042929836999654], [0.12639812283977758, 0.303015229708287, 0.20620403906034226, 0.3643826083915931], [0.2698667690001294, 0.30442469853405746, 0.1551470111180401, 0.27056152134777334], [0.11628983260998448, 0.3385878737379854, 0.2728845314630789, 0.2722377621889511], [0.26519185387442196, 0.34579057473980324, 0.08374625800401092, 0.3052713133817641], [0.20314172639926167, 0.3138500119575998, 0.2698650234481605, 0.21314323819497805], [0.2964394664671032, 0.2557208572179812, 0.16262916643129613, 0.2852105098836194], [0.19432776159866205, 0.3385062060122397, 0.18515718402328604, 0.2820088483658126], [0.33303389057058236, 0.22457957073665255, 0.15079981985650853, 0.2915867188362564], [0.2366287286871653, 0.30323562066202453, 0.17645861533150858, 0.28367703531930166], [0.286577305549227, 0.28177578471157494, 0.10388122792093864, 0.32776568181825955], [0.2564480867169001, 0.30277524607364004, 0.1370707019048944, 0.30370596530456545], [0.2906440357711964, 0.2801580697002935, 0.15176441926826162, 0.277433475260248], [0.19786668385173706, 0.276857770543938, 0.25756985339786065, 0.26770569220646434], [0.213114777703884, 0.30807315779541344, 0.19507286279329064, 0.2837392017074115], [0.2790158654197481, 0.28585324134771767, 0.0856750404420378, 0.3494558527904964], [0.20876058774718587, 0.3214822281607099, 0.2356293726703512, 0.23412781142175312], [0.2830769879254571, 0.27148775074994397, 0.14433058849053698, 0.30110467283406217], [0.3887202965057308, 0.23732978085521025, 0.1166040134519884, 0.25734590918707034], [0.2042641747011799, 0.3166755927784218, 0.17680221344951483, 0.3022580190708835], [0.2943843852466603, 0.2954337546004839, 0.07022577549934657, 0.3399560846535092], [0.2465931446278297, 0.31377946990048483, 0.12492153304102396, 0.3147058524306616], [0.16770259126314857, 0.3270544055259019, 0.19831971641640084, 0.30692328679454867], [0.3333844987702453, 0.27804526755902453, 0.1341165312668053, 0.2544537024039249], [0.2159047134503046, 0.2905497420253035, 0.24234763816551622, 0.25119790635887596], [0.3147906547648851, 0.26905861740311837, 0.10949178699353367, 0.3066589408384629], [0.31306732704953566, 0.26811480854524367, 0.06509263659937052, 0.35372522780585003], [0.2791952996944603, 0.3098285128074804, 0.14149843595607614, 0.2694777515419832], [0.29264700076157574, 0.2337956320748416, 0.17246731180472663, 0.3010900553588562], [0.27898003019009615, 0.2828869991153709, 0.10121267117800896, 0.3369202995165241], [0.2549979210230226, 0.3011401118478874, 0.13331024605278483, 0.3105517210763051], [0.17717163522180981, 0.3097693494991097, 0.2668225079481837, 0.24623650733089655], [0.2611331003902748, 0.25802446402440626, 0.16755469907679313, 0.31328773650852615], [0.1380919889622148, 0.30715534056905625, 0.31137904588364457, 0.2433736245850844], [0.3432324661661981, 0.23389917192416204, 0.09407306781759499, 0.32879529409204467], [0.22270373377217825, 0.29485458948535526, 0.12907502868087378, 0.35336664806159285], [0.22572246381704034, 0.28242753961624867, 0.23579570313132808, 0.25605429343538266], [0.3384540717708201, 0.26661371253267824, 0.07833082633734548, 0.3166013893591561], [0.3147423773475501, 0.26983972745436796, 0.09617232544815373, 0.31924556974992835], [0.3386223296911375, 0.2712276106419253, 0.1008053443343125, 0.28934471533262485], [0.37525969116334706, 0.25235615195553207, 0.1419628136668338, 0.23042134321428723], [0.28780273860527344, 0.31373012714345555, 0.0985477347515128, 0.29991939949975854], [0.3030903604469898, 0.25027089056394614, 0.15076865702465797, 0.29587009196440617], [0.4102253296051514, 0.22437307945183607, 0.0737191368424821, 0.2916824541005303], [0.2653492683389063, 0.33652000220033884, 0.13548776327693118, 0.2626429661838236], [0.23177949170270093, 0.2806152663867673, 0.19290440639326115, 0.29470083551727055], [0.347904208968758, 0.27706260060270294, 0.07311143259267032, 0.3019217578358685], [0.24757091674960666, 0.23412780486679516, 0.21801335270493075, 0.3002879256786676], [0.3352557348228791, 0.26074813681517667, 0.12230947221282279, 0.28168665614912125], [0.34655483214854205, 0.3073735636196154, 0.07772725640590848, 0.26834434782593397], [0.2048389382609676, 0.25714532460778267, 0.2957382079250829, 0.2422775292061669], [0.21061712074241185, 0.294131050032358, 0.20436610901584273, 0.29088572020938763], [0.2716437621326393, 0.28411054077136916, 0.1489927132941196, 0.2952529838018722], [0.327384874111893, 0.2734097229413333, 0.10596010696014234, 0.2932452959866312], [0.2319237128178874, 0.2730598500367759, 0.15927997979852396, 0.3357364573468127], [0.17853843403946995, 0.3145127868752939, 0.19527599760800826, 0.31167278147722766]]}}