{"test": {"ids": ["97106770", "113117340", "97105580", "112116610", "111117000", "102109850", "109116750", "108120260", "108114220", "113120280", "97106000", "102112250", "108117610", "113122220", "106112770", "103120730", "111119300", "110117200", "110114950", "101109120", "113119700", "110114651", "99108580", "110114321", "100107920", "98106880", "101110740", "102110500", "98108150", "110120640", "108113740", "97111790", "101108621", "108115970", "106113360", "99108460", "113120640", "109120560", "102110050", "100115700", "112118550", "100109360", "103120290", "100108080", "107121640", "105115680", "99111440", "104112201", "103112470", "97112170", "101115190", "110118930", "97114170", "111119930", "112118511", "105118230", "102114270", "110114920", "112118890", "109119450", "110113931", "99108330", "113120531", "99109840", "108119330", "97116800", "104113380", "110118810", "113119320", "99105921", "113118630", "101109370", "100109330", "113117550", "113119120", "106121220", "104114410", "109113281", "105114220", "106114011", "112116540", "112120270", "107113180", "109114651", "101113210", "107113550", "109113591", "108113620", "98106111", "112119120", "110117140", "109117730", "107112840", "105116090", "98116090", "110120540", "104111711", "103113170", "112118860", "113121980", "112119320", "107116980", "98110810", "111119950", "109116441", "100109801", "113118690", "113120591", "112117431", "111115770", "104113170", "98111670", "99112840", "97107040", "110118630", "99109311", "102121440", "98107380", "107113360", "112116850", "106117790", "97105451", "99108310", "112117471", "112117210", "108114670", "99108890", "99109910", "112120990", "109115380", "113117630", "110116170", "103110050", "101108080", "111114941", "99108010", "109116040", "104111620", "97116401", "107113130", "109114270", "106113190"], "labels": [3, 2, 1, 1, 0, 1, 0, 1, 3, 0, 0, 0, 3, 1, 1, 1, 1, 3, 0, 1, 0, 3, 0, 1, 0, 0, 3, 3, 0, 0, 3, 2, 0, 2, 0, 0, 0, 1, 3, 1, 3, 0, 2, 0, 1, 2, 3, 0, 1, 0, 1, 1, 2, 1, 1, 1, 3, 3, 3, 3, 1, 1, 0, 2, 0, 0, 1, 1, 1, 1, 3, 1, 0, 3, 3, 1, 1, 0, 3, 1, 1, 0, 3, 3, 3, 0, 3, 3, 0, 1, 3, 3, 1, 1, 0, 1, 1, 3, 3, 2, 1, 3, 1, 0, 3, 0, 3, 0, 0, 3, 3, 1, 2, 2, 1, 1, 2, 1, 0, 0, 1, 0, 2, 3, 1, 3, 0, 2, 2, 3, 0, 0, 3, 0, 0, 2, 0, 0, 3, 1, 3, 0], "predicted_labels": [3, 1, 3, 3, 1, 2, 1, 0, 1, 3, 3, 3, 3, 2, 1, 1, 3, 1, 3, 1, 1, 3, 2, 0, 3, 2, 1, 3, 1, 3, 3, 3, 1, 1, 1, 3, 1, 3, 1, 3, 3, 3, 2, 1, 3, 3, 1, 1, 1, 0, 1, 1, 1, 0, 3, 3, 1, 3, 3, 3, 1, 3, 1, 2, 1, 3, 2, 3, 0, 0, 3, 1, 1, 3, 3, 1, 0, 1, 3, 1, 3, 1, 1, 3, 1, 3, 1, 3, 3, 3, 3, 3, 2, 3, 1, 1, 2, 1, 1, 1, 3, 0, 1, 1, 3, 3, 0, 3, 1, 0, 1, 3, 1, 1, 1, 3, 1, 3, 1, 3, 3, 3, 3, 1, 1, 1, 1, 2, 1, 1, 1, 1, 1, 1, 3, 1, 1, 3, 3, 1, 1, 3], "confidence_scores": [[0.24042293526539754, 0.2496817520573091, 0.2319228032527194, 0.2779725094245742], [0.171726981832891, 0.31790540128692785, 0.27438202101511533, 0.23598559586506593], [0.21791030645926995, 0.2692463469812916, 0.23358422363407821, 0.2792591229253604], [0.18988087324155545, 0.23938640761978405, 0.26078273450870865, 0.30994998462995177], [0.24333242444545633, 0.2773738940920129, 0.23160926869390042, 0.2476844127686305], [0.1846124509007907, 0.25973903799524517, 0.32367854348020025, 0.23196996762376404], [0.24706667822094672, 0.33766302509871227, 0.23907134372714695, 0.17619895295319427], [0.2670531159781893, 0.22856722593557294, 0.24416805866915983, 0.2602115994170779], [0.170058744568525, 0.2992719464320196, 0.28766023328414664, 0.24300907571530872], [0.2878597663260171, 0.19345402607689433, 0.17432010485869934, 0.34436610273838936], [0.15046536648095024, 0.2827208066647051, 0.2342670666151227, 0.33254676023922203], [0.2526350660036016, 0.20326463775794695, 0.26118278178522875, 0.28291751445322283], [0.22656918314020844, 0.24813975709024558, 0.1689738776494305, 0.3563171821201155], [0.21903102679322603, 0.24298145121602285, 0.27819980949708323, 0.2597877124936681], [0.22678321608354352, 0.285552202029886, 0.23687634451154566, 0.2507882373750249], [0.17503142624648726, 0.3475378521148864, 0.2164384567111679, 0.2609922649274586], [0.2708058903649062, 0.2543572769699538, 0.16438329264510024, 0.3104535400200399], [0.1810826323279283, 0.3096635017620722, 0.22269074263563599, 0.2865631232743636], [0.27111380014591824, 0.27604406696857386, 0.1543538837042364, 0.2984882491812716], [0.24607111456983025, 0.2968322773915071, 0.20742402247627925, 0.24967258556238353], [0.20929416316613633, 0.3243588544421694, 0.1906315450108951, 0.27571543738079934], [0.22014717546557663, 0.220379079435019, 0.13909300981865313, 0.42038073528075137], [0.23053074546278776, 0.2652345188642576, 0.28261275938869884, 0.22162197628425595], [0.29601434642082436, 0.18395165368655508, 0.24084788837152782, 0.279186111521093], [0.21403545338485253, 0.2751663549849345, 0.13128007632474867, 0.37951811530546437], [0.2178942692725258, 0.26177125759711395, 0.27522700643700815, 0.24510746669335237], [0.14700442995481133, 0.30791448754451883, 0.27914429240304156, 0.26593679009762833], [0.206307296697161, 0.26430111841610116, 0.2626615476035554, 0.2667300372831826], [0.12901053616145752, 0.3695981157434677, 0.18742054297695368, 0.3139708051181211], [0.18206800213876612, 0.2602552275030617, 0.267804643405435, 0.28987212695273745], [0.26205620756395864, 0.2330092041250968, 0.21491179734260213, 0.29002279096834255], [0.25814749771655876, 0.19753535368752614, 0.20734590533541442, 0.3369712432605007], [0.22559949047441757, 0.28376278779407493, 0.2121237160111093, 0.27851400572039825], [0.23284868257823807, 0.31203791584899715, 0.18209068603822, 0.27302271553454477], [0.18470612085175067, 0.3310726727328847, 0.2482991455274386, 0.23592206088792633], [0.2902737801822253, 0.24320436865959214, 0.17205013428819413, 0.29447171686998846], [0.21029241567911416, 0.3010987913065873, 0.1955648086248139, 0.2930439843894846], [0.16393416641584466, 0.27555355238294976, 0.2533437653964801, 0.3071685158047253], [0.2284748238497986, 0.32228497046368965, 0.22237614484093954, 0.22686406084557242], [0.2555951919658164, 0.22330128258661758, 0.20471613236812963, 0.3163873930794366], [0.2396687032346479, 0.3007572462567783, 0.15123006364215896, 0.3083439868664146], [0.2251985941505988, 0.23979147134973658, 0.21928829917368836, 0.3157216353259765], [0.21488626350792933, 0.21535648303611668, 0.3430357114553194, 0.22672154200063452], [0.16779294051860139, 0.3347251418855308, 0.18942196022768787, 0.30805995736817976], [0.21080594985094123, 0.2500134470128974, 0.26399158223128066, 0.27518902090488095], [0.19160975777795078, 0.2613326014474147, 0.23501654317020734, 0.31204109760442755], [0.21711626701772452, 0.3087165432027954, 0.20711788064071193, 0.26704930913876807], [0.23651483575684323, 0.2702848957859692, 0.25554928318748105, 0.2376509852697068], [0.19969576966685715, 0.33545981241569545, 0.2429959874959577, 0.22184843042148966], [0.29121947928483083, 0.24318655331477454, 0.21292561394307266, 0.25266835345732197], [0.19164138150263266, 0.31754932451659207, 0.22899881637077674, 0.26181047760999887], [0.1855791258311066, 0.3390637193640461, 0.16756234739052991, 0.3077948074143175], [0.17262917347915138, 0.3029893493680627, 0.24479281961108323, 0.2795886575417029], [0.2764699855902647, 0.26328696323751954, 0.20171801003946566, 0.2585250411327502], [0.18197159573121394, 0.25986239203567907, 0.2600071009711237, 0.2981589112619836], [0.24409313199895288, 0.2711758534391372, 0.18024081404394007, 0.3044902005179698], [0.22930823214335827, 0.37760953660675517, 0.19086143373217876, 0.20222079751770788], [0.21485696066790905, 0.3070603809015804, 0.15775002892119944, 0.3203326295093112], [0.26289234097892783, 0.22859172867335545, 0.17914305443533526, 0.3293728759123817], [0.1844127069532051, 0.27706124541370775, 0.23080292007108635, 0.3077231275620008], [0.20133015991127723, 0.3578375354637551, 0.13597910197106663, 0.3048532026539014], [0.1616765089998793, 0.26981102783876854, 0.27665566462769864, 0.2918567985336534], [0.17288004655864275, 0.33825065468539905, 0.17473957914658228, 0.31412971960937613], [0.20289693592628294, 0.26607854338748954, 0.28279549981239904, 0.2482290208738286], [0.2652946291648395, 0.2704032468898059, 0.21075838050253418, 0.2535437434428205], [0.2622478556976888, 0.2431502769356798, 0.22941807972014439, 0.26518378764648726], [0.19818525288111322, 0.2835522644441165, 0.29131665597570866, 0.2269458266990617], [0.22588919982407557, 0.23327575256559388, 0.2114415035160505, 0.3293935440942799], [0.29618823681232836, 0.26873906610887227, 0.15991262580178625, 0.2751600712770133], [0.28050369421733795, 0.26478906829791077, 0.20626389887092922, 0.24844333861382215], [0.2637645690927422, 0.23883927257530557, 0.19139723417130303, 0.30599892416064944], [0.18589973020878273, 0.3258621716438833, 0.19633666106194403, 0.2919014370853902], [0.20264308502771158, 0.31160782376187124, 0.19549065875155727, 0.29025843245885996], [0.22462401721335531, 0.24295201049027956, 0.16583276587436335, 0.36659120642200216], [0.17161553186327808, 0.29983548755578676, 0.20667048990405917, 0.32187849067687613], [0.2780651835633669, 0.28464260672064445, 0.16061867030896856, 0.27667353940702005], [0.3401371237382091, 0.194448326867093, 0.17725934413630934, 0.28815520525838867], [0.27115334874701885, 0.2948390876434356, 0.1690728909482106, 0.264934672661335], [0.24507487613139683, 0.2597777834034408, 0.21811804578861846, 0.2770292946765439], [0.26160196840567734, 0.3048669096262707, 0.1848713951987708, 0.24865972676928114], [0.19993970013036733, 0.3069196066156113, 0.15199093005749964, 0.34114976319652157], [0.20670243904646982, 0.28563296363296337, 0.2749986954792681, 0.2326659018412989], [0.1902387789327805, 0.28686154841288514, 0.2848632926566506, 0.2380363799976838], [0.24431929894502522, 0.23994623661729877, 0.2000845487274481, 0.315649915710228], [0.1798907352078884, 0.32637778481692614, 0.21104928758376304, 0.28268219239142267], [0.20234646652813798, 0.26158826465958207, 0.25569465999801877, 0.28037060881426124], [0.15365319016001663, 0.3533458642949751, 0.2033039858417685, 0.2896969597032398], [0.2136462295479398, 0.2803961420489621, 0.20365319591544784, 0.30230443248765027], [0.22405561835752988, 0.25406492801002256, 0.21913758341531878, 0.3027418702171289], [0.21533369141301645, 0.21137810296011175, 0.2622950570096706, 0.3109931486172013], [0.1957612750242303, 0.26575425801172914, 0.2174885066563089, 0.3209959603077317], [0.24456672347113464, 0.2269761488539008, 0.18863792434446666, 0.3398192033304981], [0.19311551079085856, 0.27884309558691084, 0.30813982144114904, 0.21990157218108164], [0.20116322995981473, 0.28873887460748393, 0.21407828129724482, 0.29601961413545663], [0.19518633238666197, 0.2865546727908519, 0.2776008265219712, 0.24065816830051504], [0.17172864910202082, 0.31419323270969207, 0.22939226123125234, 0.2846858569570349], [0.20900349085246778, 0.22667207313485313, 0.2884088298405544, 0.2759156061721246], [0.19593317212174036, 0.28587221187433776, 0.2601348112974977, 0.2580598047064241], [0.2542103773112076, 0.2765802279349093, 0.2336433439864309, 0.23556605076745235], [0.18650716818012394, 0.3224075465445296, 0.179735902267141, 0.3113493830082054], [0.22085782289931116, 0.25223817665315723, 0.25854986153476506, 0.2683541389127666], [0.3101874552260191, 0.2830535959014122, 0.20569831631381788, 0.20106063255875084], [0.19123847930102614, 0.3461733866383987, 0.26746618248582177, 0.19512195157475354], [0.1852011958236139, 0.3333432249385045, 0.19109835618541862, 0.29035722305246275], [0.21552184599220106, 0.2887861929079496, 0.15578164471688244, 0.3399103163829668], [0.21764940731203614, 0.23206420412588855, 0.236580089007204, 0.31370629955487156], [0.2894736172342948, 0.25088196164719534, 0.17856925500614818, 0.2810751661123619], [0.2713343857522674, 0.24550465211604142, 0.2012474388515353, 0.28191352328015584], [0.25017666695889035, 0.2865298868183351, 0.1918563039133781, 0.27143714230939653], [0.27972568366574785, 0.24775225729439307, 0.20399476946277278, 0.26852728957708655], [0.21023594171737925, 0.293610790031761, 0.22595180911207882, 0.27020145913878096], [0.23869267597206761, 0.2635626835334447, 0.22595671792861188, 0.27178792256587575], [0.19343294217828436, 0.3418652760372929, 0.20430650423774227, 0.26039527754668035], [0.2106789359456619, 0.2953898035454408, 0.22052272956107244, 0.27340853094782497], [0.19813956116627804, 0.329778729634355, 0.2266899319102735, 0.24539177728909348], [0.19253930025366162, 0.28208648013079324, 0.2396520111528604, 0.2857222084626848], [0.19360373366754796, 0.2873121832210545, 0.23536304586747067, 0.2837210372439268], [0.20928832072846734, 0.24606777618243658, 0.24839483214459268, 0.2962490709445036], [0.2112490836915262, 0.3115474655355009, 0.1733778443450892, 0.30382560642788375], [0.21459933980192175, 0.21074548109962637, 0.2235246013264709, 0.3511305777719808], [0.2237133025756582, 0.2655044023611132, 0.2422274799708104, 0.26855481509241824], [0.2742987459177322, 0.2537285742650966, 0.18414826757571168, 0.28782441224145966], [0.2683962162366378, 0.23730657625429363, 0.20646141976548185, 0.28783578774358715], [0.24559677463291546, 0.3178946948674136, 0.18445551497634022, 0.2520530155233307], [0.2209412750652942, 0.3319473439389041, 0.23006970344228214, 0.21704167755351966], [0.25146903185002245, 0.2863213969843697, 0.20524726830099183, 0.2569623028646163], [0.16057014801230218, 0.32611954049043945, 0.2408065092311441, 0.27250380226611426], [0.13890201792424947, 0.25716729078761785, 0.3738792725342847, 0.23005141875384807], [0.17982493546254244, 0.3216248617515904, 0.2114049811983904, 0.2871452215874768], [0.23703011993363432, 0.2731978306779784, 0.2292567965030489, 0.2605152528853385], [0.18829177287615168, 0.3624229209403403, 0.17583123012720014, 0.27345407605630795], [0.22761085787460508, 0.26609904795205397, 0.24632752063766014, 0.2599625735356809], [0.1823863327375204, 0.3301706557147254, 0.2188378848481499, 0.2686051266996043], [0.21095826311896596, 0.3363482663538959, 0.17195405229125565, 0.2807394182358823], [0.20708087962723706, 0.2251803568540647, 0.20323912170461633, 0.36449964181408184], [0.16590471657676076, 0.3325261695726911, 0.24222923648714625, 0.2593398773634017], [0.15705070842184682, 0.3015189608233968, 0.28892880453962283, 0.25250152621513355], [0.2671008604712648, 0.2277145425272984, 0.21329433177008014, 0.291890265231357], [0.18698258356835334, 0.2625344870183971, 0.2613869103119282, 0.28909601910132154], [0.20931787776744726, 0.31324060899419487, 0.2155555279896165, 0.2618859852487415], [0.22555495135389392, 0.28100819762719875, 0.21811343407295325, 0.2753234169459541], [0.2515721877631283, 0.24083932132133856, 0.20726270025060053, 0.30032579066493253]]}, "rewritten": {"ids": ["97105451", "97105580", "97106000", "97106770", "97107040", "97111790", "97112170", "97114170", "97116401", "97116800", "98106111", "98106880", "98107380", "98108150", "98110810", "98111670", "98116090", "99105921", "99108010", "99108310", "99108330", "99108460", "99108580", "99108890", "99109311", "99109840", "99109910", "99111440", "99112840", "100107920", "100108080", "100109330", "100109360", "100109801", "100115700", "101108080", "101108621", "101109120", "101109370", "101110740", "101113210", "101115190", "102109850", "102110050", "102110500", "102112250", "102114270", "102121440", "103110050", "103112470", "103113170", "103120290", "103120730", "104111620", "104111711", "104112201", "104113170", "104113380", "104114410", "105114220", "105115680", "105116090", "105118230", "106112770", "106113190", "106113360", "106114011", "106117790", "106121220", "107112840", "107113130", "107113180", "107113360", "107113550", "107116980", "107121640", "108113620", "108113740", "108114220", "108114670", "108115970", "108117610", "108119330", "108120260", "109113281", "109113591", "109114270", "109114651", "109115380", "109116040", "109116441", "109116750", "109117730", "109119450", "109120560", "110113931", "110114321", "110114651", "110114920", "110114950", "110116170", "110117140", "110117200", "110118630", "110118810", "110118930", "110120540", "110120640", "111114941", "111115770", "111117000", "111119300", "111119930", "111119950", "112116540", "112116610", "112116850", "112117210", "112117431", "112117471", "112118511", "112118550", "112118860", "112118890", "112119120", "112119320", "112120270", "112120990", "113117340", "113117550", "113117630", "113118630", "113118690", "113119120", "113119320", "113119700", "113120280", "113120531", "113120591", "113120640", "113121980", "113122220"], "labels": [0, 1, 0, 3, 2, 2, 0, 2, 3, 0, 0, 0, 1, 0, 1, 1, 0, 1, 2, 2, 1, 0, 0, 0, 1, 2, 2, 3, 2, 0, 0, 0, 0, 0, 1, 0, 0, 1, 1, 3, 3, 1, 1, 3, 3, 0, 3, 2, 3, 1, 3, 2, 1, 0, 1, 0, 3, 1, 1, 3, 2, 1, 1, 1, 0, 0, 1, 1, 1, 1, 1, 3, 0, 0, 3, 1, 3, 3, 3, 3, 2, 3, 0, 1, 0, 3, 3, 3, 3, 0, 3, 0, 3, 3, 1, 1, 1, 3, 3, 0, 0, 3, 3, 1, 1, 1, 1, 0, 0, 3, 0, 1, 1, 0, 1, 1, 0, 1, 0, 3, 1, 3, 3, 3, 1, 1, 0, 2, 2, 3, 0, 3, 3, 3, 1, 0, 0, 0, 0, 0, 2, 1], "predicted_labels": [1, 1, 1, 3, 3, 3, 3, 3, 3, 3, 3, 1, 3, 1, 1, 3, 1, 3, 1, 1, 3, 1, 2, 1, 3, 2, 2, 1, 1, 3, 1, 1, 3, 3, 0, 1, 3, 3, 1, 1, 1, 1, 1, 1, 3, 3, 1, 1, 1, 1, 1, 2, 1, 3, 3, 3, 3, 1, 3, 0, 3, 3, 3, 0, 3, 1, 1, 3, 1, 1, 3, 1, 1, 3, 0, 2, 1, 3, 2, 1, 3, 3, 1, 3, 1, 1, 3, 3, 1, 1, 3, 1, 0, 1, 1, 1, 0, 3, 3, 0, 3, 1, 1, 1, 1, 1, 3, 1, 3, 1, 3, 3, 3, 1, 3, 3, 3, 1, 3, 3, 3, 3, 1, 3, 3, 3, 3, 1, 1, 3, 1, 0, 1, 3, 0, 1, 0, 1, 3, 1, 3, 1], "confidence_scores": [[0.2630755676478592, 0.27304100952996374, 0.1954222599491645, 0.26846116287301247], [0.2587963945318027, 0.25930332678012347, 0.24341014661448185, 0.2384901320735921], [0.25164972980789635, 0.27368103809166405, 0.21527452652973308, 0.2593947055707065], [0.24300067016417157, 0.22814810972386185, 0.23829949356521873, 0.29055172654674793], [0.19564019175557187, 0.23388801555436067, 0.2696188064497084, 0.30085298624035917], [0.22300687479945153, 0.24517860246568074, 0.20449350867033028, 0.3273210140645375], [0.29977846285296733, 0.21931072591006107, 0.1758388610841666, 0.30507195015280514], [0.1872454451212158, 0.2748120494401026, 0.2112179972467242, 0.3267245081919575], [0.2443591819022918, 0.235158360854669, 0.22854887135817503, 0.29193358588486423], [0.22986572693014545, 0.24939167691619646, 0.2363225395456453, 0.28442005660801295], [0.2386294968559737, 0.2536335258966817, 0.23490136529502753, 0.2728356119523171], [0.1985854543208402, 0.2982411252060636, 0.24589793612752625, 0.25727548434556985], [0.18092717921081414, 0.23088658863811692, 0.2591044395219232, 0.3290817926291458], [0.14847581717247305, 0.3546131319678176, 0.21284516439220344, 0.28406588646750597], [0.20157686082238546, 0.3414167602673965, 0.23782256896322043, 0.21918380994699788], [0.21836700813229318, 0.24899831637570435, 0.22944687116949727, 0.30318780432250525], [0.22108855298798363, 0.28212745349249896, 0.22461621500546639, 0.2721677785140511], [0.2737303670491751, 0.2675072212310613, 0.18435322905724363, 0.27440918266252007], [0.1998203019372972, 0.38616155486901, 0.21862536913281488, 0.19539277406087785], [0.23100263328342016, 0.2781990803816308, 0.2159657828995773, 0.2748325034353718], [0.16901191572841642, 0.2948214984725097, 0.24091306882344593, 0.29525351697562796], [0.2692746616199737, 0.2773268924026594, 0.17639048796295445, 0.2770079580144126], [0.23255413529122, 0.25798899151840915, 0.2902179683179801, 0.2192389048723908], [0.1564052826064241, 0.34999461766255996, 0.20786663623328697, 0.285733463497729], [0.19251884565075245, 0.2652454194275645, 0.25394469714844237, 0.28829103777324083], [0.20477066894430557, 0.25578500388658487, 0.30123907536021344, 0.23820525180889604], [0.19881939564215606, 0.2744973896846387, 0.31823505916452166, 0.20844815550868348], [0.2147290818882741, 0.31038543467565544, 0.2051942547090691, 0.2696912287270014], [0.19141910721204003, 0.3122544201786972, 0.2087174988215002, 0.28760897378776257], [0.2285806463396672, 0.28679704786470783, 0.16119800183189945, 0.3234243039637256], [0.2077217245236055, 0.358540859778835, 0.1677335847047592, 0.2660038309928005], [0.23034745903124826, 0.2916781749625562, 0.19131605224858486, 0.28665831375761075], [0.25221483898795044, 0.23372986901454884, 0.1696339044371581, 0.3444213875603425], [0.22034562570945146, 0.23548092269996812, 0.25238390452398396, 0.2917895470665965], [0.30605877102985585, 0.23176539389129475, 0.18435556622897079, 0.2778202688498788], [0.23234886996606774, 0.3269664306842233, 0.20550607219811176, 0.23517862715159732], [0.21003589504616024, 0.2895317974051171, 0.17346641577397254, 0.32696589177475005], [0.23390881183793727, 0.2261830478240509, 0.2297363442557714, 0.3101717960822406], [0.17201459780777617, 0.32359493745762413, 0.23564696890835013, 0.26874349582624946], [0.16544012570183064, 0.3123901454181847, 0.28792216865557935, 0.23424756022440538], [0.22632139528415607, 0.31759852930980176, 0.19475346363231683, 0.26132661177372557], [0.2347036204566848, 0.30842107974066546, 0.22916570139789283, 0.22770959840475716], [0.19376317914461513, 0.27396985594981654, 0.26875908446080815, 0.2635078804447603], [0.20364139957150418, 0.3427165856032268, 0.23316580045263202, 0.2204762143726369], [0.2513956825506875, 0.25907272011271815, 0.19224863445443405, 0.2972829628821604], [0.2724543970136684, 0.19190460441388202, 0.2108429976843723, 0.3247980008880773], [0.2186267149295013, 0.32036363595052025, 0.24849183044362363, 0.21251781867635494], [0.19822862483682, 0.2897931631177578, 0.23498788238990134, 0.2769903296555208], [0.1467961541326069, 0.3445941772977242, 0.22672916997875528, 0.2818804985909135], [0.23820169689647597, 0.308105424955899, 0.19058783008808342, 0.26310504805954166], [0.24803669756318977, 0.301779019557529, 0.21451161685133627, 0.2356726660279449], [0.20880132828872258, 0.251407625331854, 0.30578906174403586, 0.23400198463538754], [0.1853148134864265, 0.4115821063120891, 0.17074838050806268, 0.2323546996934214], [0.26393337536132655, 0.23457780474312684, 0.20526143149215095, 0.2962273884033958], [0.24128517582086542, 0.24893187883074966, 0.2252633199473305, 0.28451962540105447], [0.2361603705827595, 0.2256199060417291, 0.2177546249487023, 0.3204650984268092], [0.20903416908340067, 0.25692849670618256, 0.2381822594038934, 0.2958550748065234], [0.21291166670949382, 0.2868666666638325, 0.25789204340893523, 0.24232962321773846], [0.27493130286693884, 0.24251685013795346, 0.18943922637101945, 0.2931126206240884], [0.2955112359276435, 0.27815637394906817, 0.1628502369303641, 0.26348215319292406], [0.2125350664203696, 0.2854875654212251, 0.20929868462052023, 0.29267868353788523], [0.22184735921287704, 0.2393742352192059, 0.20766817759863834, 0.33111022796927875], [0.22892008336102485, 0.27544265026368725, 0.21113756279647525, 0.28449970357881266], [0.26260490185361013, 0.245708145973859, 0.2379654980822397, 0.2537214540902911], [0.22850817526459447, 0.2661343090072688, 0.2189877140305307, 0.28636980169760606], [0.21090512006519685, 0.3156564631955764, 0.2019917378153325, 0.27144667892389446], [0.26822749137517915, 0.2739175474281677, 0.20353073776065095, 0.25432422343600225], [0.24974466332921433, 0.2457056721003866, 0.21124738480373728, 0.29330227976666184], [0.2777937917026665, 0.285554136748675, 0.16584191443270277, 0.27081015711595585], [0.2611322084098888, 0.29035795068411313, 0.1914411210200063, 0.2570687198859918], [0.21740308781599813, 0.2734760574581325, 0.20570463656403754, 0.303416218161832], [0.221617819610181, 0.31064983261328055, 0.2176889629783904, 0.25004338479814814], [0.24056137857546867, 0.3334519285849533, 0.1940358443492379, 0.2319508484903403], [0.2203891007524048, 0.24881791987127472, 0.2602051724363705, 0.2705878069399501], [0.341629273794013, 0.2786592094987019, 0.16653469222619435, 0.213176824481091], [0.23392615705077588, 0.23317650587539382, 0.2818408862189043, 0.25105645085492617], [0.20021411900209288, 0.31252617316173403, 0.19861398565961758, 0.28864572217655526], [0.24562645595334787, 0.22344737479273477, 0.21368253979528617, 0.31724362945863127], [0.20367842597578928, 0.2643946541156806, 0.2856100131503095, 0.24631690675822082], [0.23053310922077372, 0.2884524922967166, 0.23048607018278783, 0.25052832829972194], [0.2467068597299198, 0.2819243601929601, 0.18586669488333546, 0.2855020851937848], [0.29002368266356515, 0.2076002307041859, 0.14982336659692116, 0.3525527200353277], [0.2761725987309714, 0.2765352984035427, 0.23340437379956555, 0.21388772906592035], [0.25931690858198797, 0.24175478479927567, 0.19556422107121307, 0.3033640855475234], [0.2575829630730885, 0.29928431708768016, 0.15705047153528962, 0.2860822483039417], [0.23895390409806733, 0.31789950816263673, 0.18064318727350787, 0.26250340046578813], [0.23601887721049544, 0.25245899254991244, 0.2181101888242798, 0.29341194141531246], [0.2558214842141762, 0.22556236600441526, 0.2012748932428568, 0.31734125653855183], [0.18133212414589192, 0.30689855965727797, 0.20884886340045816, 0.30292045279637203], [0.2251966136264094, 0.27264109628548405, 0.23326878407193902, 0.2688935060161675], [0.27430511886901965, 0.27666872683367716, 0.1369971466034415, 0.3120290076938616], [0.24674775839841598, 0.32856820125678077, 0.21135513242839082, 0.21332890791641262], [0.26818752273133606, 0.25992398140095885, 0.20414942055609653, 0.2677390753116084], [0.18491751711266624, 0.3119255354254286, 0.22351445934455025, 0.2796424881173549], [0.22184639388776847, 0.30797815811688106, 0.21058198881399204, 0.2595934591813583], [0.25504719600098336, 0.3310179587084125, 0.1376476956266971, 0.27628714966390716], [0.2985828075604168, 0.26313053927500196, 0.20387219278729085, 0.23441446037729058], [0.1803647942292614, 0.2546928449328665, 0.17540634274975694, 0.3895360180881154], [0.20369275387217686, 0.3080534262123659, 0.14901261388903045, 0.3392412060264269], [0.30228528048137576, 0.24846873575040557, 0.19166173156064675, 0.2575842522075719], [0.19583712308261714, 0.28362707825240585, 0.22931088713243344, 0.29122491153254376], [0.22639368506624746, 0.3013106747043121, 0.19747044618311263, 0.27482519404632766], [0.18996501959680678, 0.3123524991750704, 0.22699236120837318, 0.2706901200197497], [0.18479546264606259, 0.3323300849663478, 0.24178593699839643, 0.2410885153891933], [0.18607578949797335, 0.32071697788482767, 0.183183547339923, 0.310023685277276], [0.2060933029829017, 0.3312726463442937, 0.1830844985829881, 0.2795495520898166], [0.22786853809183683, 0.2405076661755983, 0.22882955840114336, 0.30279423733142147], [0.1624704406333285, 0.30623891438765294, 0.28766318685602754, 0.24362745812299103], [0.23523474149162799, 0.2577268453695776, 0.1897331627899253, 0.31730525034886925], [0.2683918326742123, 0.2900173142902563, 0.19115155211648058, 0.25043930091905114], [0.19327762832595372, 0.28561600249419744, 0.22272580731387281, 0.2983805618659763], [0.25794916838281207, 0.2585360215592534, 0.177377981498338, 0.3061368285595967], [0.25877277305437957, 0.2531162423192974, 0.19770540448976184, 0.29040558013656137], [0.20241064587538563, 0.3217247474414931, 0.17597478921933504, 0.2998898174637862], [0.21570314878801342, 0.27767951664507, 0.16754224326488373, 0.3390750913020327], [0.21261979875807754, 0.24637517000816864, 0.24885769385171597, 0.2921473373820378], [0.2303738130114314, 0.22431406394896805, 0.20454272695669523, 0.34076939608290535], [0.19758497341090858, 0.35512847461739677, 0.2246900499774823, 0.2225965019942125], [0.2491649293219257, 0.28012465171108036, 0.17672305630412377, 0.2939873626628703], [0.24244884371359632, 0.27971593503523673, 0.19186499260862186, 0.28597022864254495], [0.19782195425904914, 0.27531880097871597, 0.23480156968567908, 0.29205767507655594], [0.25955432497640424, 0.27122266032447623, 0.18672579824830537, 0.28249721645081416], [0.23215725690187167, 0.301980777681422, 0.22190588633622121, 0.24395607908048525], [0.2405360605336085, 0.2653233555409296, 0.17872562577408516, 0.3154149581513767], [0.17311617272563598, 0.22913022326317634, 0.2633230878476176, 0.3344305161635702], [0.19628637130147855, 0.25963129242122795, 0.25947568561299855, 0.28460665066429497], [0.18116647945239478, 0.2651190506046825, 0.2749721306515852, 0.27874233929133757], [0.17351959125007696, 0.3319897455690214, 0.21714442811596787, 0.27734623506493405], [0.17320952360719186, 0.3791302831245627, 0.20405407105331178, 0.24360612221493383], [0.23153952114072354, 0.24211196724268425, 0.1608677517725429, 0.36548075984404954], [0.16215023658022804, 0.368241683392746, 0.17780846789320567, 0.2917996121338202], [0.2987470351550323, 0.2871485447549512, 0.16806087382669715, 0.24604354626331953], [0.26071689526611286, 0.27087047667599856, 0.20128770750782837, 0.26712492055006043], [0.24236847626415503, 0.24694655621563197, 0.15809290847014978, 0.35259205905006324], [0.31214673764905165, 0.23186677813595405, 0.1746489862273115, 0.28133749798768304], [0.19806934006689464, 0.31324766010818283, 0.17929451421289333, 0.3093884856120292], [0.34737642297330756, 0.18103777699723064, 0.1695458649410667, 0.30203993508839516], [0.20250109349427883, 0.3387145767356152, 0.16937316217773024, 0.28941116759237573], [0.24219885404467678, 0.25724986174754616, 0.18004567310630812, 0.32050561110146886], [0.26138962617767303, 0.27552104819324835, 0.18949587461009745, 0.27359345101898125], [0.19020646016847953, 0.2827338892154193, 0.2164940819996316, 0.31056556861646994], [0.20641538491714687, 0.3069131322811813, 0.2636570455808399, 0.2230144372208321]]}}