{"test": {"ids": ["100120780", "98116500", "112117660", "106113190", "110114651", "107114280", "100120010", "113118870", "108114270", "110120190", "99112840", "104118340", "107116300", "105115720", "110116290", "113119300", "112120990", "107115140", "109113281", "100109311", "112119930", "98109090", "102112301", "101108500", "109115211", "113121220", "110119300", "113118620", "107113840", "113120531", "111119300", "112118530", "112119500", "99109860", "110115250", "113122180", "112116990", "105113190", "112118860", "107115250", "110117110", "105120280", "99108080", "98108410", "113120640", "113122430", "109117431", "103111930", "104114410", "110115580", "105117431", "112117580", "106113360", "101119591", "101112201", "112121430", "101109370", "111120531", "100107920", "113119320", "111119290", "98112170", "110115140", "98112300", "105113210", "102110750", "102109910", "107118490", "111120640", "97109080", "104118070", "112116501", "111114941", "111115400", "106116850", "110114950", "105119950", "103110100", "100115700", "111115620", "98106680", "99107300", "98109230", "106114880", "99110050", "108121190", "105114220", "113119340", "112117471", "108119510", "107113550", "100108260", "103120531", "99116500", "110118880", "109113591", "104116441", "107116501", "97109570", "102121700", "108120280", "112116290", "99111340", "107118820", "99105921", "108120700", "111116040", "109114270", "110114920", "101111310", "112118620", "112117030", "103109641", "105118171", "107120010", "108117610", "98108970", "113121980", "107119390", "99108890", "100116500", "109113931", "100113370", "105116441", "99107660", "113118111", "104113190", "106116820", "100109890", "103120780", "97112830", "101121640", "102111990", "103110840", "106119990", "98111860", "111120591", "113122190", "112120270", "106114011", "106118820", "102113981"], "labels": [1, 2, 0, 0, 3, 3, 0, 0, 3, 3, 2, 2, 0, 1, 2, 1, 2, 0, 0, 1, 1, 1, 1, 3, 0, 3, 1, 3, 3, 0, 1, 1, 2, 2, 1, 2, 0, 3, 3, 2, 0, 3, 3, 1, 0, 2, 1, 3, 1, 1, 1, 0, 0, 0, 0, 2, 1, 0, 0, 1, 3, 3, 0, 2, 3, 1, 2, 2, 0, 2, 2, 3, 0, 0, 3, 0, 3, 1, 1, 1, 1, 3, 1, 0, 3, 1, 3, 0, 3, 1, 0, 3, 3, 2, 0, 3, 1, 1, 0, 1, 3, 0, 1, 3, 1, 2, 0, 3, 3, 3, 3, 2, 1, 3, 1, 3, 3, 2, 2, 0, 2, 1, 3, 1, 3, 1, 3, 1, 3, 1, 2, 2, 2, 1, 0, 0, 1, 1, 0, 1, 3, 1], "predicted_labels": [0, 0, 3, 3, 3, 1, 3, 1, 0, 3, 3, 3, 1, 1, 0, 3, 1, 3, 0, 0, 3, 3, 3, 3, 3, 3, 3, 1, 1, 3, 1, 1, 1, 1, 1, 3, 3, 3, 3, 1, 1, 1, 0, 1, 0, 1, 0, 1, 3, 1, 1, 3, 3, 3, 0, 3, 1, 3, 3, 0, 3, 0, 3, 0, 0, 1, 3, 1, 0, 1, 3, 3, 1, 1, 2, 3, 0, 1, 3, 3, 1, 3, 2, 1, 3, 3, 3, 0, 1, 3, 3, 1, 3, 1, 3, 0, 3, 1, 0, 0, 0, 1, 1, 1, 1, 1, 3, 3, 1, 0, 1, 1, 3, 3, 3, 3, 1, 0, 1, 1, 3, 1, 3, 1, 0, 3, 3, 0, 0, 0, 3, 3, 1, 1, 3, 2, 0, 3, 3, 3, 1, 3], "confidence_scores": [[0.2867586078055113, 0.2689975961028889, 0.14749689037384695, 0.2967469057177532], [0.2953591636143186, 0.23428137118332096, 0.19129136523939297, 0.27906809996296744], [0.26747729141109694, 0.26728690405460376, 0.12626090010019214, 0.33897490443410716], [0.21637407559214483, 0.2637468814413021, 0.20316231080469302, 0.31671673216186014], [0.2675104342871367, 0.2546913863773754, 0.10619115621869846, 0.3716070231167899], [0.24986030259738382, 0.2817753710526866, 0.21340359429741956, 0.25496073205251], [0.2189382315752838, 0.23796173510636717, 0.22326752015907816, 0.319832513159271], [0.26791213909353623, 0.29877156250822395, 0.10576036691818962, 0.3275559314800504], [0.3042223308016487, 0.27934819223883534, 0.10332138318334536, 0.31310809377617066], [0.16088056077384202, 0.28712405063743146, 0.1985088590832162, 0.35348652950551024], [0.1674158619675195, 0.2763965629077081, 0.32618248483187084, 0.23000509029290173], [0.20092620366876893, 0.264519925779254, 0.21905283888335242, 0.31550103166862437], [0.23868723911507117, 0.3466261822627017, 0.14834689652427488, 0.2663396820979524], [0.22797347087958095, 0.2972785266326156, 0.22436778283571157, 0.25038021965209195], [0.2889994205846311, 0.2608507356636693, 0.1722345395506557, 0.2779153042010435], [0.22796671128197465, 0.2891920778873729, 0.1575861886927343, 0.32525502213791807], [0.15703852714665612, 0.3046107905695935, 0.31782165162866466, 0.220529030655086], [0.27793612740096485, 0.22328968494075815, 0.10468918305870618, 0.39408500459957096], [0.2863981222767952, 0.2651358751048122, 0.19327301378951792, 0.25519298882887476], [0.36811730742468357, 0.2527928443677312, 0.09507631253035764, 0.2840135356772277], [0.19115424745896661, 0.2820528055752453, 0.2622427839185247, 0.2645501630472636], [0.28729942764121746, 0.2235630757799028, 0.13914882759769018, 0.3499886689811896], [0.19730069181872642, 0.2657934275758018, 0.2160159936470926, 0.3208898869583795], [0.15019307619880426, 0.2847906487266346, 0.3275567963567993, 0.23745947871776177], [0.20121380976816627, 0.2611117511827597, 0.186392027734969, 0.35128241131410487], [0.27641856489315836, 0.22762806462472532, 0.12683691481674492, 0.36911645566537093], [0.2508549097000895, 0.2897217808519913, 0.13394813283563248, 0.32547517661228687], [0.2403272096285359, 0.30612095116801513, 0.16250581156532728, 0.29104602763812176], [0.25874897845348865, 0.3105412463521513, 0.12595859913963492, 0.30475117605472496], [0.2466570666062355, 0.2736018556212792, 0.12859445983598247, 0.35114661793650276], [0.1876869311622371, 0.30467875658776433, 0.25149065025408, 0.25614366199591837], [0.19753090918632069, 0.31580305314485413, 0.22610798567914275, 0.2605580519896825], [0.171225793151699, 0.3063781763766599, 0.36265464882207643, 0.15974138164956503], [0.22895427971106735, 0.3061983950991958, 0.23670169035228852, 0.2281456348374487], [0.22442089381419789, 0.3160843388268091, 0.1329465867152503, 0.326548180643743], [0.17298141218935859, 0.28672123314998094, 0.20820312135887895, 0.3320942333017815], [0.22938477610747637, 0.24580671962384418, 0.2139926241633634, 0.310815880105316], [0.30405550705528916, 0.24402011921068475, 0.10463572531013196, 0.3472886484238944], [0.18517800458125946, 0.2651431423835164, 0.26725086421036043, 0.28242798882486403], [0.21203684870367634, 0.2937212462564228, 0.23367097807694182, 0.26057092696295875], [0.27508615148099175, 0.3057604299117849, 0.14457926994721085, 0.27457414866001223], [0.24593117990745358, 0.34768061779443843, 0.16549476825651233, 0.24089343404159547], [0.35259890982338266, 0.2459898599412247, 0.09235439798663292, 0.3090568322487598], [0.20738257030556312, 0.2796006507465991, 0.26751083416230603, 0.24550594478553178], [0.38865645080830385, 0.2690289333455582, 0.045628757901695696, 0.29668585794444224], [0.20012767880127177, 0.29996740509395936, 0.21847152402791084, 0.281433392076858], [0.32523341341923834, 0.2556656175235335, 0.09358037651580124, 0.3255205925414269], [0.24440654016244748, 0.2931481875552383, 0.21952794475219656, 0.24291732753011747], [0.1691136308808476, 0.28635325207530904, 0.27043475081900314, 0.2740983662248407], [0.22933689118762582, 0.3021499033212961, 0.22953076927649543, 0.23898243621458268], [0.24444017537716323, 0.3006950687445654, 0.2322806742829874, 0.22258408159528442], [0.22873950233105445, 0.2755088644805241, 0.1497335360812407, 0.34601809710718096], [0.24053061877691434, 0.28265469981687236, 0.13179669364697988, 0.3450179877592335], [0.3147253662973638, 0.24268082767263677, 0.08925863435322577, 0.35333517167677336], [0.35383728272652876, 0.2653131058705904, 0.08779850980019958, 0.29305110160268116], [0.20312407242761857, 0.2833045222945896, 0.2194249234691735, 0.29414648180861835], [0.22367303916186015, 0.29706245787327956, 0.30819912713714265, 0.17106537582771777], [0.2923604100079707, 0.2594511606135235, 0.10733631815695051, 0.3408521112215552], [0.25601168809889385, 0.26297330935867835, 0.17245999136889847, 0.30855501117352924], [0.31481340903928706, 0.2969707883072881, 0.08305914854261255, 0.30515665411081233], [0.2095191744668515, 0.2480861351834092, 0.1687759600902669, 0.3736187302594722], [0.35266251645324964, 0.20768088331638368, 0.09797064448123184, 0.34168595574913474], [0.25999957525165385, 0.24238806139330724, 0.15548195900311618, 0.3421304043519226], [0.3117141325200038, 0.2204884354355194, 0.21213438460994163, 0.25566304743453533], [0.31040782244306186, 0.26447951557206534, 0.1263940787688227, 0.29871858321604994], [0.11648147542675964, 0.3360077260965596, 0.39452759783775415, 0.15298320063892637], [0.2898932576289445, 0.263767369027291, 0.13871751631122434, 0.3076218570325401], [0.205919329165954, 0.31283264873547867, 0.3114734520644563, 0.16977457003411137], [0.30311705836336617, 0.26926660728276525, 0.12503999999512963, 0.3025763343587388], [0.19645925464869474, 0.28664668962790707, 0.2637065748797976, 0.2531874808436004], [0.11810099780243931, 0.2758409806331619, 0.3563074039789502, 0.2497506175854483], [0.32561898187673755, 0.24328594666072928, 0.06979491183959725, 0.361300159622936], [0.2571760446482494, 0.31621164674266444, 0.10891851477585, 0.317693793833236], [0.24447902249158826, 0.30732252347890765, 0.18686766268627233, 0.2613307913432316], [0.13382034376445492, 0.28936651738830177, 0.41746973172913454, 0.1593434071181088], [0.2656135077250724, 0.27207717810730314, 0.14502356305356556, 0.3172857511140589], [0.28380991057675403, 0.25305053201787553, 0.187939836574177, 0.275199720831193], [0.23409974916140586, 0.31429650664097336, 0.2517997528193637, 0.19980399137825713], [0.2454174558342301, 0.2673892370641893, 0.2079439343230227, 0.2792493727785578], [0.2769427868870072, 0.2627484027196469, 0.12083695772278594, 0.3394718526705602], [0.19065710880933998, 0.3038105890956794, 0.3277804981247391, 0.17775180397024165], [0.31316146248835797, 0.22328394442459693, 0.09396917270972503, 0.36958542037732006], [0.16412785696110016, 0.2552136052221637, 0.3965378319745915, 0.1841207058421445], [0.18314655004549543, 0.3073151468256148, 0.3347274499689585, 0.17481085315993075], [0.25166930270879384, 0.25649274548740475, 0.18085161202754715, 0.3109863397762541], [0.15831889947160943, 0.30630448983792374, 0.20554231574650217, 0.32983429494396466], [0.27206979782751994, 0.2553669115890964, 0.15884685600778004, 0.31371643457560355], [0.3125944210765033, 0.26713996507530496, 0.09456379579888716, 0.32570181804930476], [0.2777315136882038, 0.3025699354958083, 0.14138005963194364, 0.2783184911840439], [0.2319492566904529, 0.27852672840546266, 0.14193234607146857, 0.3475916688326159], [0.22296495001198968, 0.2399085232574836, 0.1938691726433528, 0.3432573540871738], [0.2636046113440647, 0.29031881566080103, 0.2198633115059537, 0.22621326148918033], [0.23400533952420427, 0.2835202362486031, 0.15849521555447377, 0.32397920867271873], [0.17348620006468748, 0.30775798418963934, 0.2835430171235208, 0.2352127986221523], [0.3123290413112898, 0.28848755239776674, 0.055025963518579225, 0.34415744277236404], [0.3187326107288843, 0.27170175476247244, 0.10414473666992767, 0.30542089783871557], [0.226376691182892, 0.29617975148735, 0.12529315854176123, 0.3521503987879968], [0.2492808322375351, 0.319502397862009, 0.1329937439143251, 0.298223025986131], [0.3091037739956025, 0.22875386164356712, 0.18929271892911304, 0.27284964543171725], [0.24713312921972774, 0.27609796472282616, 0.2664713777736455, 0.21029752828380097], [0.3317574558361417, 0.23002621651508845, 0.08807518537617702, 0.3501411422725928], [0.16425367403152175, 0.3173989404422778, 0.2932111190917461, 0.2251362664344544], [0.16240728164200596, 0.30986797108759895, 0.3449456229229152, 0.18277912434748003], [0.18878658898273018, 0.29648922776535813, 0.23910115362941792, 0.2756230296224939], [0.2508762623130973, 0.2986197277517203, 0.21493802834721074, 0.23556598158797168], [0.2071552880124393, 0.3069536680599486, 0.25743665274980543, 0.22845439117780694], [0.275090954252811, 0.24897415849900822, 0.1033460717983178, 0.3725888154498626], [0.3013720881699425, 0.2805376323488491, 0.06860211278058502, 0.34948816670062327], [0.22349320832416159, 0.27148990345317126, 0.2823611048944774, 0.22265578332818983], [0.24751697846365686, 0.2798214033747454, 0.27708001545099215, 0.19558160271060576], [0.2617060240147902, 0.30113355582361045, 0.14488612883475202, 0.2922742913268474], [0.20469450879874762, 0.2956144575180546, 0.22657196807011426, 0.27311906561308374], [0.2024040517789763, 0.26257242801000474, 0.22285384826753638, 0.3121696719434826], [0.2786160675548649, 0.26876661517907835, 0.13213333985750245, 0.3204839774085544], [0.18054440658334117, 0.2526571967034092, 0.21616979306155007, 0.3506286036516997], [0.22137237860330058, 0.27547676837341545, 0.1866571096841694, 0.31649374333911456], [0.15700644615529147, 0.3127843569127338, 0.3192154482739999, 0.2109937486579752], [0.32065075504155255, 0.30305698739736975, 0.046433427172489807, 0.3298588303885879], [0.14413835476656545, 0.3099688484437326, 0.251179750357637, 0.29471304643206514], [0.23900111842465604, 0.3237303067572666, 0.21922255479659727, 0.21804602002148], [0.22970735344204077, 0.2546833559679529, 0.2744914351178621, 0.24111785547214415], [0.21356807945206355, 0.28781869703775986, 0.23898235508521953, 0.2596308684249575], [0.2527259965002671, 0.28517942093211524, 0.14946048199067158, 0.3126341005769458], [0.2500280179743802, 0.30877200643138103, 0.1259280639104133, 0.31527191168382523], [0.3472157157086396, 0.27606142820900015, 0.08028191700322673, 0.2964409390791334], [0.2471614280382575, 0.26097687385442253, 0.153567377687199, 0.33829432042012086], [0.19883833283219368, 0.29234937703906705, 0.19838278106611434, 0.3104295090626246], [0.24965711473643792, 0.26792483379719706, 0.2593173397229237, 0.22310071174344104], [0.306752542725888, 0.23304867389258327, 0.1517926355422095, 0.30840614783931924], [0.27978722429725367, 0.26796646510637245, 0.17893878438525268, 0.27330752621112103], [0.2708311126493199, 0.2592080379987588, 0.1721202618483282, 0.2978405875035933], [0.2211915545986632, 0.26464236265395147, 0.21427824630255177, 0.29988783644483347], [0.2668452925207409, 0.27868502812940554, 0.22347150541334393, 0.23099817393650965], [0.20969276939399203, 0.2972673531495851, 0.22626851879070503, 0.26677135866571766], [0.28469396090390753, 0.2482945537853857, 0.1757117466860162, 0.29129973862469055], [0.10406607841684849, 0.3015422726115847, 0.4315585733878807, 0.16283307558368643], [0.3418240330837354, 0.23954512641966386, 0.07079477079146966, 0.34783606970513103], [0.1916113633452798, 0.2919330009188412, 0.17774115195192117, 0.33871448378395785], [0.3024227763369907, 0.2663473643737176, 0.091398198473044, 0.33983166081624766], [0.1834729896786456, 0.28029306340180915, 0.2755361857683067, 0.2606977611512389], [0.18560067864064048, 0.3266323877548988, 0.18192145550063046, 0.3058454781038304], [0.26950009600810076, 0.27260816019348927, 0.17836051712192447, 0.2795312266764852]]}, "rewritten": {"ids": ["97109080", "97109570", "97112830", "98106680", "98108410", "98108970", "98109090", "98109230", "98111860", "98112170", "98112300", "98116500", "99105921", "99107300", "99107660", "99108080", "99108890", "99109860", "99110050", "99111340", "99112840", "99116500", "100107920", "100108260", "100109311", "100109890", "100113370", "100115700", "100116500", "100120010", "100120780", "101108500", "101109370", "101111310", "101112201", "101119591", "101121640", "102109910", "102110750", "102111990", "102112301", "102113981", "102121700", "103109641", "103110100", "103110840", "103111930", "103120531", "103120780", "104113190", "104114410", "104116441", "104118070", "104118340", "105113190", "105113210", "105114220", "105115720", "105116441", "105117431", "105118171", "105119950", "105120280", "106113190", "106113360", "106114011", "106114880", "106116820", "106116850", "106118820", "106119990", "107113550", "107113840", "107114280", "107115140", "107115250", "107116300", "107116501", "107118490", "107118820", "107119390", "107120010", "108114270", "108117610", "108119510", "108120280", "108120700", "108121190", "109113281", "109113591", "109113931", "109114270", "109115211", "109117431", "110114651", "110114920", "110114950", "110115140", "110115250", "110115580", "110116290", "110117110", "110118880", "110119300", "110120190", "111114941", "111115400", "111115620", "111116040", "111119290", "111119300", "111120531", "111120591", "111120640", "112116290", "112116501", "112116990", "112117030", "112117471", "112117580", "112117660", "112118530", "112118620", "112118860", "112119500", "112119930", "112120270", "112120990", "112121430", "113118111", "113118620", "113118870", "113119300", "113119320", "113119340", "113120531", "113120640", "113121220", "113121980", "113122180", "113122190", "113122430"], "labels": [2, 0, 2, 1, 1, 3, 1, 1, 0, 3, 2, 2, 1, 3, 3, 3, 0, 2, 3, 1, 2, 2, 0, 3, 1, 3, 3, 1, 2, 0, 1, 3, 1, 3, 0, 0, 2, 2, 1, 2, 1, 1, 1, 1, 1, 1, 3, 3, 1, 3, 1, 1, 2, 2, 3, 3, 3, 1, 1, 1, 3, 3, 3, 0, 0, 1, 0, 1, 3, 3, 0, 0, 3, 3, 0, 2, 0, 1, 2, 3, 2, 1, 3, 3, 1, 3, 2, 1, 0, 3, 1, 3, 0, 1, 3, 3, 0, 0, 1, 1, 2, 0, 0, 1, 3, 0, 0, 1, 0, 3, 1, 0, 1, 0, 0, 3, 0, 2, 3, 0, 0, 1, 3, 3, 2, 1, 0, 2, 2, 1, 3, 0, 1, 1, 0, 0, 0, 3, 2, 2, 1, 2], "predicted_labels": [1, 0, 3, 0, 3, 1, 0, 2, 0, 0, 0, 1, 1, 0, 0, 0, 1, 1, 1, 1, 1, 1, 3, 1, 0, 0, 0, 1, 1, 0, 0, 1, 1, 0, 1, 3, 3, 0, 1, 1, 3, 0, 1, 1, 0, 1, 1, 3, 1, 1, 1, 1, 1, 1, 0, 0, 1, 1, 1, 1, 1, 3, 1, 0, 1, 1, 1, 0, 1, 1, 1, 3, 1, 1, 0, 1, 0, 1, 1, 3, 1, 1, 0, 1, 1, 0, 1, 1, 0, 0, 1, 1, 0, 3, 1, 1, 0, 0, 1, 1, 1, 1, 1, 1, 3, 0, 0, 0, 0, 1, 1, 1, 0, 0, 1, 0, 0, 1, 1, 1, 1, 1, 1, 1, 1, 1, 1, 1, 1, 0, 1, 0, 1, 1, 0, 3, 0, 0, 0, 3, 1, 1], "confidence_scores": [[0.22782767427410142, 0.2899135295013215, 0.22583548017280947, 0.25642331605176727], [0.32461414862432697, 0.25763362750332414, 0.15660702196673085, 0.261145201905618], [0.2809558234579538, 0.24997345354808392, 0.13891475920248816, 0.33015596379147416], [0.24071770034129508, 0.28030498420784977, 0.2882858876627572, 0.19069142778809803], [0.2665751238542536, 0.27064230485538515, 0.15973342814247354, 0.30304914314788783], [0.18559556521871332, 0.28506086147061205, 0.26519271656004384, 0.26415085675063044], [0.2942796563254352, 0.27427160790606414, 0.14089439758323363, 0.2905543381852672], [0.20047728149697022, 0.26905909159191815, 0.32556482915972046, 0.2048987977513915], [0.26263092132493077, 0.279226039842621, 0.24914909840961405, 0.20899394042283426], [0.38279808886350725, 0.20805970795104284, 0.04933921164383803, 0.35980299154161177], [0.29746849638270306, 0.25032046171651096, 0.20433339982281667, 0.2478776420779694], [0.24876015327602957, 0.2952242653045087, 0.16683025398254162, 0.28918532743692027], [0.2481337749768193, 0.30671442954220823, 0.21908354618464967, 0.22606824929632274], [0.3346754835598633, 0.25255564870869973, 0.07042389583327004, 0.3423449718981668], [0.3594495028409404, 0.2773642009554419, 0.06992682918116477, 0.29325946702245304], [0.31080015064622585, 0.24793763735080968, 0.14223597807287686, 0.2990262339300878], [0.27967939148024684, 0.28768049043741417, 0.18796020954786807, 0.2446799085344708], [0.32028200810031354, 0.32352644830053723, 0.10576736926703713, 0.25042417433211184], [0.2681088487821375, 0.28928894514537595, 0.1839279101395975, 0.25867429593288876], [0.17717175056826076, 0.3040020765216601, 0.2547454853644689, 0.26408068754561037], [0.23788236374791105, 0.2803923283113197, 0.22329059849660002, 0.2584347094441693], [0.19592387637337733, 0.30208756071400794, 0.3082659015644807, 0.19372266134813373], [0.24819720131754694, 0.27552556463452565, 0.18568561021800192, 0.2905916238299253], [0.24832185285781178, 0.3214601195407621, 0.18743266892404908, 0.24278535867737702], [0.3628666251423985, 0.25617897692515695, 0.10267263894548873, 0.2782817589869559], [0.29585982271874944, 0.26745700866235234, 0.13885827517831562, 0.2978248934405825], [0.3077673998272582, 0.2730703182357679, 0.11896826536968756, 0.30019401656728667], [0.2742771390074755, 0.29433467227146964, 0.159266652452721, 0.27212153626833374], [0.2648538563736406, 0.28417657420669873, 0.19417984483284004, 0.2567897245868208], [0.29451678453347707, 0.25648187947515244, 0.16981214199863756, 0.27918919399273273], [0.2816692547149042, 0.2815509083543152, 0.17048764997028837, 0.26629218696049206], [0.23395965281807582, 0.2745392660859166, 0.22242904041546374, 0.26907204068054386], [0.24480769717908635, 0.30236591406637175, 0.25391590766390015, 0.19891048109064197], [0.252512922935369, 0.27870745720978024, 0.26510990397791406, 0.2036697158769368], [0.25349729676829974, 0.2833590204300584, 0.1946990817164582, 0.26844460108518386], [0.29617238262450496, 0.2602524973192547, 0.12913977335547513, 0.31443534670076523], [0.20462855405748995, 0.28483810722564906, 0.22078737427445597, 0.28974596444240514], [0.3523833263531688, 0.25310438648884537, 0.08920935770237791, 0.305302929455608], [0.23341520028442536, 0.3110419104546612, 0.25420199136371413, 0.20134089789719928], [0.2610551120119089, 0.283117899255379, 0.1738137285562009, 0.2820132601765111], [0.2531567111289409, 0.27133991557918247, 0.18854619619933635, 0.2869571770925402], [0.3575986835775446, 0.23729730709616187, 0.09846936378660091, 0.30663464553969294], [0.22859129635899678, 0.2842676375080916, 0.22861915836213567, 0.25852190777077594], [0.26982667645519065, 0.3116081187987871, 0.1547897303365277, 0.2637754744094943], [0.2698496569757404, 0.27532887392592403, 0.24089048201551183, 0.21393098708282338], [0.2614809239122086, 0.3062436223847935, 0.15786945375416728, 0.27440599994883064], [0.23093034132485937, 0.29994991793902565, 0.2236283629548914, 0.24549137778122365], [0.24835113091941097, 0.2783867303007087, 0.17759255986135133, 0.295669578918529], [0.2521051039263195, 0.2794108119649554, 0.2232034804539147, 0.24528060365481022], [0.23202583863370774, 0.2863490538714487, 0.2092717522240084, 0.27235335527083526], [0.2764838988322527, 0.2934680812311288, 0.17119807296511388, 0.2588499469715043], [0.24984196485755336, 0.31978462391387735, 0.19589394783363653, 0.23447946339493295], [0.23105756283563358, 0.2782817594036382, 0.25549808014191305, 0.2351625976188152], [0.189842117018941, 0.29172301161825803, 0.23863466245892834, 0.2798002089038725], [0.3177645449492224, 0.25577753567511785, 0.10254833030299734, 0.3239095890726623], [0.32179043938527674, 0.2781861739681898, 0.14996048224478564, 0.2500629044017474], [0.25908316092111716, 0.284880185431578, 0.19476403667979286, 0.261272616967512], [0.20434079743463948, 0.291480909897268, 0.2238131998743241, 0.2803650927937685], [0.19413473218261446, 0.31806828644253426, 0.26591279171196436, 0.22188418966288675], [0.2145549546844512, 0.30811249020492115, 0.2391146566708449, 0.23821789843978253], [0.26977202457464694, 0.3056549704528632, 0.18448634919853513, 0.24008665577395472], [0.23140114009815824, 0.27022511768315877, 0.21985586383799102, 0.2785178783806918], [0.24900538340079215, 0.315011485238918, 0.18676324060218716, 0.2492198907581027], [0.2903695152037802, 0.2632128068325107, 0.16384146830697283, 0.28257620965673613], [0.23412097890894112, 0.31604712194469164, 0.15585394173183734, 0.2939779574145296], [0.2309377030782662, 0.2981411776132252, 0.19676469757714798, 0.2741564217313608], [0.20471721241541554, 0.28741190181489806, 0.26634710748039386, 0.24152377828929267], [0.2600835323859652, 0.2604933204115023, 0.2173608034867463, 0.2620623437157863], [0.19003319681924352, 0.2915664766875667, 0.32800667528938515, 0.19039365120380444], [0.23846651811680256, 0.3072794521673277, 0.1925536526996853, 0.26170037701618454], [0.25367451124154855, 0.2770024703417386, 0.18239961666177926, 0.2869234017549334], [0.2977142709715853, 0.2592166010452812, 0.1261566860404538, 0.31691244194267987], [0.26607088843549737, 0.2952598339772513, 0.15362201799270156, 0.2850472595945499], [0.28678453172152224, 0.28986472396742546, 0.15954531148512682, 0.2638054328259253], [0.33181959228874625, 0.22892346336812736, 0.09576538086350855, 0.3434915634796179], [0.17642503777500904, 0.3101702967803498, 0.27576453069925655, 0.2376401347453844], [0.35383935656460064, 0.2835019232246701, 0.100740753217494, 0.2619179669932354], [0.22328973907439645, 0.2941921162361255, 0.22245614850304116, 0.2600619961864366], [0.22796093825993402, 0.3185603289358214, 0.2301626845758348, 0.2233160482284096], [0.26681435470268516, 0.2797569201070756, 0.157519071632884, 0.2959096535573554], [0.24804272068556105, 0.30549622735693016, 0.18364979384814129, 0.26281125810936706], [0.25066004039967277, 0.28116780534404806, 0.18748414204379343, 0.28068801221248557], [0.35914283671469444, 0.31675946449163506, 0.06832825978184413, 0.2557694390118263], [0.2873499136486148, 0.2795512869291594, 0.13170754466571216, 0.3013912547565136], [0.2064054810234796, 0.2860966374392274, 0.25150000211309004, 0.25599787942420293], [0.36034944344971764, 0.2232440887268946, 0.05882574493160143, 0.3575807228917868], [0.179520803989877, 0.30873585569416107, 0.2979032682040095, 0.21384007211195233], [0.2915453071261303, 0.3000668334933018, 0.13109408015752036, 0.2772937792230476], [0.2855444871522301, 0.2597701255328726, 0.22867233242393717, 0.22601305489096007], [0.3019395870898857, 0.28800632833613976, 0.14358173894526974, 0.266472345628705], [0.16855663634654822, 0.3134503581839662, 0.2789603312657303, 0.2390326742037553], [0.28168312149718666, 0.28454506452803474, 0.1570053495221048, 0.27676646445267367], [0.3502216625435994, 0.25874895740632675, 0.1092422190273958, 0.2817871610226782], [0.23218764656971297, 0.26471978607012453, 0.21910467614709273, 0.2839878912130698], [0.23529457568313425, 0.28988642273758675, 0.16906014258726568, 0.30575885899201316], [0.2227333683597769, 0.28764703331189245, 0.24224903877213533, 0.24737055955619494], [0.35208331814533644, 0.2416463288731443, 0.08529157472710977, 0.3209787782544095], [0.37994770706325315, 0.22636017041047196, 0.10539354958317215, 0.28829857294310307], [0.2975823202987677, 0.28766492073946986, 0.11289108714940384, 0.3018616718123585], [0.2963194918182087, 0.2943213523082093, 0.14925770885549067, 0.2601014470180917], [0.29072646465930957, 0.284279082782121, 0.16923729026739404, 0.2557571622911752], [0.28544124107993835, 0.3103063956859335, 0.1650347401948754, 0.2392176230392528], [0.28946936715256716, 0.36353489503329145, 0.07327944824622658, 0.27371628956791455], [0.2306972495843277, 0.3123345607815634, 0.20809978843437968, 0.24886840119972936], [0.19280846813050295, 0.27334212591956925, 0.2649399787734711, 0.26890942717645655], [0.3029975715642025, 0.27389615210603235, 0.12518013773178985, 0.29792613859797545], [0.2963778613068039, 0.27750258678485484, 0.13382645872616333, 0.2922930931821781], [0.3240251412393858, 0.2534955257847442, 0.11770087109159272, 0.3047784618842772], [0.3036069170186837, 0.25150500422772265, 0.14048311100905458, 0.304404967744539], [0.23652902728554984, 0.2916622413271757, 0.24169811614505263, 0.230110615242222], [0.22350188663673853, 0.29505212515491036, 0.18986052785016286, 0.2915854603581881], [0.21667082394406714, 0.303243758209802, 0.21282166409689995, 0.26726375374923117], [0.33256751120719275, 0.26493516374624293, 0.06619747900512023, 0.3362998460414441], [0.3631985264611564, 0.23693897280970644, 0.0723267379357562, 0.32753576279338087], [0.16443834162009974, 0.32189113305458583, 0.3012968994770821, 0.2123736258482323], [0.3267838613591078, 0.2627915835734489, 0.07460167893353996, 0.33582287613390355], [0.33496140066405466, 0.22564853358654177, 0.13617499944295547, 0.30321506630644807], [0.2339055562637408, 0.3048164039870309, 0.2173166429135317, 0.24396139683569662], [0.22891696917236679, 0.2996733295221565, 0.23069263403949433, 0.24071706726598244], [0.2538890839964657, 0.289276086461153, 0.16600460613302617, 0.29083022340935527], [0.2813555425308121, 0.2811638729539695, 0.14289380592502204, 0.2945867785901963], [0.24020225659970848, 0.30211112582391353, 0.22258957537090482, 0.23509704220547328], [0.28263371620151945, 0.2916615916227816, 0.1747529362502981, 0.25095175592540103], [0.18168555870274303, 0.31757671834500467, 0.277303713751837, 0.2234340092004151], [0.190218870038939, 0.3057298670472829, 0.27911580585464585, 0.22493545705913234], [0.2278116419204922, 0.27313456133293484, 0.2635237503969186, 0.23553004634965433], [0.24385779183136283, 0.29173738351169026, 0.20486082847236933, 0.2595439961845776], [0.2579587242631658, 0.28097223772383295, 0.17417687937885742, 0.28689215863414386], [0.22707858819990978, 0.29239821268297933, 0.20048258487831003, 0.28004061423880067], [0.3334581474097794, 0.25804351193665376, 0.11991072211297879, 0.2885876185405883], [0.249681044727055, 0.3150400662136347, 0.15515350501782638, 0.28012538404148396], [0.3181995142486288, 0.29580891156833594, 0.13729691944564448, 0.24869465473739097], [0.23154741227134812, 0.30467073606751194, 0.20681887080784533, 0.25696298085329455], [0.2416938880425442, 0.3113394560583964, 0.18288755037116244, 0.2640791055278964], [0.31750190292275954, 0.26838191880741, 0.11786144993897704, 0.2962547283308536], [0.25384315226057913, 0.26856958415023635, 0.17052329151034618, 0.30706397207883834], [0.34741489832860756, 0.2786229550322575, 0.09614280470901516, 0.27781934193011976], [0.2923060306428636, 0.24191881358540576, 0.1890787447390506, 0.27669641103268006], [0.3241992476332625, 0.2611153816740703, 0.07065696431556215, 0.3440284063771053], [0.22675814751711826, 0.27547409760195796, 0.19388304765282763, 0.3038847072280964], [0.2476153101351215, 0.2903393252199586, 0.16210905568515793, 0.29993630895976225], [0.26956227196616234, 0.2877285822572793, 0.1302894362429562, 0.31241970953360204]]}}