{"test": {"ids": ["112117580", "104117630", "98109570", "113120780", "112119580", "97107920", "98110680", "109118231", "112118701", "98108410", "110119300", "113121750", "105118171", "107118490", "111121930", "107114321", "101109370", "98120010", "97108520", "113120830", "111119930", "110117110", "100109980", "106114321", "111115910", "105113330", "113119450", "108117720", "110118630", "111120220", "105116090", "111120280", "111116100", "111114321", "108121190", "108115570", "110115120", "108113620", "105115380", "101111620", "102114270", "99111340", "112118620", "107116340", "103109791", "110115710", "111115400", "98120530", "104111711", "98107410", "113121190", "102110690", "103120780", "100108260", "99108710", "113121220", "107116300", "102109850", "102112301", "113117401", "107120130", "101110150", "108114670", "112116290", "105117431", "111118301", "111120640", "110118111", "112118930", "106115250", "113122510", "105117200", "111116530", "112120700", "99110050", "104114740", "97109570", "107114110", "97106600", "98106111", "97106820", "108115870", "106114150", "97116790", "97105760", "105115720", "101119591", "100109330", "99109780", "101115190", "108120280", "108114270", "110120540", "111116290", "108116481", "98106880", "99108580", "106117650", "97107681", "97107821", "107114780", "98117740", "112116900", "113120260", "99108310", "113119120", "105117351", "100108080", "109119450", "106120640", "110120560", "112117431", "105119950", "106116640", "112121030", "99112641", "105121190", "113117340", "112117571", "103117461", "97118210", "98116090", "99108890", "111116990", "107120010", "109117271", "98108150", "113122190", "98107210", "104114230", "111116040", "112119500", "102113350", "110120700", "111116170", "101112160", "111116110", "100111620", "105110251", "100109890", "102111990", "112119950"], "labels": [0, 0, 1, 0, 3, 0, 2, 1, 0, 1, 1, 0, 3, 2, 1, 0, 1, 2, 2, 3, 1, 0, 1, 2, 2, 3, 3, 1, 1, 3, 1, 0, 3, 1, 1, 3, 0, 3, 1, 3, 3, 1, 3, 3, 3, 2, 0, 1, 1, 3, 1, 0, 1, 3, 2, 3, 0, 1, 1, 3, 2, 1, 3, 0, 1, 3, 0, 1, 1, 2, 2, 3, 3, 2, 3, 2, 0, 1, 3, 0, 1, 3, 1, 2, 0, 1, 0, 0, 2, 1, 3, 3, 1, 2, 0, 0, 0, 1, 3, 2, 2, 2, 3, 3, 2, 3, 0, 0, 3, 3, 0, 0, 3, 3, 0, 1, 2, 2, 3, 0, 2, 0, 0, 0, 1, 0, 0, 1, 1, 2, 0, 2, 3, 2, 0, 3, 3, 3, 0, 3, 2, 0], "predicted_labels": [3, 1, 0, 0, 0, 0, 1, 1, 3, 1, 1, 0, 0, 2, 2, 1, 2, 3, 1, 0, 3, 1, 3, 0, 1, 3, 3, 3, 1, 1, 0, 3, 3, 3, 1, 1, 3, 0, 2, 0, 2, 2, 3, 3, 0, 0, 1, 3, 1, 0, 1, 0, 0, 1, 1, 3, 1, 2, 3, 1, 1, 1, 3, 1, 1, 0, 1, 0, 3, 1, 3, 3, 1, 3, 3, 2, 3, 3, 0, 2, 1, 3, 0, 0, 3, 1, 3, 1, 2, 0, 3, 1, 1, 2, 3, 2, 0, 1, 1, 3, 1, 1, 3, 0, 1, 3, 1, 2, 1, 1, 2, 0, 0, 0, 0, 0, 2, 1, 3, 3, 2, 3, 1, 0, 3, 3, 1, 1, 1, 0, 3, 2, 3, 3, 1, 1, 3, 2, 1, 3, 2, 0], "confidence_scores": [[0.15020652516822705, 0.23413797045786652, 0.0011796510085466162, 0.6144758533653599], [0.009013577513079664, 0.7883034784253109, 0.044007211897457855, 0.15867573216415157], [0.9550488070001695, 0.005560268653745573, 0.009884123170544226, 0.029506801175540588], [0.7112424620509843, 0.14796565667004455, 0.006932816641119157, 0.13385906463785197], [0.7236110975765602, 0.0024412846923087712, 0.10869902688887975, 0.16524859084225135], [0.888595905769532, 0.01674452867617833, 0.014254473097584878, 0.08040509245670481], [0.08641398144749203, 0.5358315922263026, 0.36584980779340165, 0.011904618532803706], [0.015906480048754123, 0.8012315627726853, 0.1681717512032741, 0.014690205975286518], [0.02494661845380323, 0.11150537042899557, 0.00030034114598040396, 0.8632476699712208], [0.007105766224541619, 0.898205937527123, 0.08201360834325583, 0.01267468790507972], [0.0582394001267517, 0.7484986544582678, 0.10189561836434706, 0.09136632705063356], [0.6904851584108653, 0.2273065376058862, 0.027201122289032112, 0.05500718169421639], [0.44784095374276617, 0.3555624340681167, 0.002207461070462436, 0.1943891511186546], [0.1360203582642808, 0.16310258471237363, 0.694074097308442, 0.006802959714903622], [0.003283500766601721, 0.022343437523348213, 0.9593763730523068, 0.014996688657743265], [0.13920753239172362, 0.7517695613555933, 0.007414460459475449, 0.10160844579320767], [0.25510412625654033, 0.13022765324593155, 0.6085697794635535, 0.006098441033974631], [0.018289168945236196, 0.08093753681421667, 0.42059188512017537, 0.4801814091203719], [0.21289759626086507, 0.6632502811951236, 0.09006787793219725, 0.03378424461181395], [0.6879186653427763, 0.014718858876129991, 0.24727842594666116, 0.050084049834432376], [0.1649753461663004, 0.13908529256387925, 0.01625559133008999, 0.6796837699397305], [0.060572943089778654, 0.890617130249822, 0.005248332478929573, 0.043561594181469605], [0.05810622206954071, 0.22665571027489737, 0.13229176943230198, 0.5829462982232599], [0.6362421292127842, 0.32957482048052744, 0.014683377679778287, 0.019499672626910155], [0.00888936286560397, 0.7142307550670439, 0.008008819457750657, 0.2688710626096014], [0.4096233721798665, 0.020358287065517008, 0.007078456361991657, 0.5629398843926249], [0.28269888858276576, 0.3413197259745852, 0.03229128218616358, 0.3436901032564854], [0.041133345351407, 0.08735111697875489, 0.029018671520875318, 0.8424968661489628], [0.04103292943877564, 0.4288117471097697, 0.22930406923238691, 0.3008512542190677], [0.33267730655307204, 0.3618677902313883, 0.21973562083897297, 0.08571928237656663], [0.5404659354732166, 0.3367568865686999, 0.0074123721169949185, 0.1153648058410886], [0.15849428859150796, 0.0835005143906721, 0.024261662279473982, 0.733743534738346], [0.1394250908904019, 0.2486823434628158, 0.050660072280213256, 0.561232493366569], [0.03049172520985784, 0.21182575193275463, 0.031845175810682455, 0.7258373470467051], [0.004669099869452083, 0.6244822970890648, 0.17160038246115125, 0.19924822058033184], [0.007427579708162347, 0.48885788409927955, 0.07901349391657286, 0.42470104227598526], [0.2726510732980364, 0.02960580565351698, 0.232087401331228, 0.4656557197172186], [0.7746926122527835, 0.19661313858019097, 0.0024776904685216306, 0.026216558698503745], [0.021251286250701055, 0.3598509880897336, 0.3760790126250382, 0.24281871303452734], [0.7872774158840734, 0.07530101867761473, 0.08366220968177696, 0.05375935575653497], [0.0029244193093309364, 0.06094126269836, 0.5263173440185557, 0.4098169739737534], [0.002938838605180218, 0.3618823409786963, 0.5811606204808573, 0.054018199935266256], [0.29525045649423115, 0.20684168633377326, 0.08329882369183805, 0.4146090334801576], [0.27832428343593457, 0.04144759787692041, 0.012990610402754307, 0.6672375082843907], [0.4951331970359379, 0.03757796211439887, 0.30616741185452073, 0.16112142899514267], [0.39776833803012435, 0.3909776237292717, 0.08278696217405684, 0.128467076066547], [0.3175068813437043, 0.500110780131485, 0.07868530738000477, 0.103697031144806], [0.12962692117220653, 0.04113755265353862, 0.09648308372931179, 0.7327524424449431], [0.09411804366936045, 0.546779474051977, 0.010531614767968725, 0.3485708675106937], [0.9405914751204464, 0.0017768589132609294, 0.022799430733391263, 0.034832235232901305], [0.2736661348135955, 0.3734844657336885, 0.01535465549263916, 0.3374947439600769], [0.575265329026222, 0.054533404374072364, 0.023155003209885207, 0.3470462633898205], [0.845980361470589, 0.04081153461681923, 0.037173916186662694, 0.07603418772592907], [0.18512710728088658, 0.4356066053669573, 0.293121983992898, 0.08614430335925806], [0.0014008531169876646, 0.9862373789442848, 0.011794017794848509, 0.0005677501438790176], [0.11169634424459535, 0.002562197655487608, 0.10731032378765312, 0.778431134312264], [0.05234567145517261, 0.7150061435833406, 0.00615018126403258, 0.22649800369745426], [0.03408289472695681, 0.01681348865441427, 0.8787934159674472, 0.07031020065118185], [0.06912111209323164, 0.04826962610573752, 0.017305055347811675, 0.8653042064532191], [0.1115336996334172, 0.6609537636374045, 0.007149191385159146, 0.22036334534401916], [0.010258026911295065, 0.9320565014622383, 0.011798788489138616, 0.045886683137328126], [0.047189396242721914, 0.8886506060608956, 0.047810902801993044, 0.01634909489438925], [0.060021062588492, 0.14942154372151037, 0.0017555326677151657, 0.7888018610222824], [0.03806083064732539, 0.8312520161397792, 0.08983317488477363, 0.04085397832812186], [0.03621116147421159, 0.7608143835910519, 0.1660228979878098, 0.03695155694692676], [0.5350781206326738, 0.15473970237720394, 0.020323009463970167, 0.2898591675261522], [0.03633792004415474, 0.8335007344006541, 0.05667098192852692, 0.07349036362666422], [0.6714140468020205, 0.12489699598254055, 0.16025322550685572, 0.04343573170858329], [0.10124420682467983, 0.14447693222369934, 0.006269781495873442, 0.7480090794557473], [0.32791193361696425, 0.5557150653813153, 0.07451623937941472, 0.04185676162230558], [0.0125056415771131, 0.11754008589528825, 0.28239986788367366, 0.587554404643925], [0.08205099441745162, 0.20469999469901495, 0.27268695061692066, 0.44056206026661276], [0.0012594101672993904, 0.8492602371056069, 0.001424804554119449, 0.1480555481729742], [0.04084276564397873, 0.23260135303099672, 0.08357090236318072, 0.6429849789618438], [0.3198765692976844, 0.04872131317505822, 0.014542655039193702, 0.6168594624880637], [0.018141352208987736, 0.08299399956654899, 0.5908482286718494, 0.3080164195526139], [0.18016745357461098, 0.12889405353328873, 0.12065760342802706, 0.5702808894640733], [0.16422602893573288, 0.03413509787260611, 0.008183013504904786, 0.7934558596867562], [0.48510015868433176, 0.1637629990077357, 0.0026589244505313874, 0.3484779178574012], [0.16077425023592198, 0.1419895902398664, 0.6765181023872393, 0.02071805713697226], [0.15684156684371584, 0.5393893173470988, 0.011284413416213097, 0.2924847023929722], [0.45242702756091346, 0.04489019376309015, 0.0252813893162419, 0.47740138935975457], [0.34881769448619615, 0.16621120969024583, 0.18922334882917707, 0.295747746994381], [0.8086442827715367, 0.10894798891010413, 0.055200035742477206, 0.027207692575881997], [0.3149237172982516, 0.2509344576444102, 0.018879676533046973, 0.41526214852429133], [0.02498642802438879, 0.5458184151028089, 0.24428643158472663, 0.18490872528807553], [0.11543224538714839, 0.13489662695167426, 0.021057736730140095, 0.7286133909310373], [0.05760787041271864, 0.8880580262434217, 0.02300678968539449, 0.03132731365846531], [0.012324721933788134, 0.04765851444128324, 0.9145888971545441, 0.02542786647038458], [0.5922239924247432, 0.08141416537520686, 0.24395291590866278, 0.0824089262913871], [0.01835345622814176, 0.012541442458856309, 0.036013539442687384, 0.9330915618703146], [0.36411956062202483, 0.41229248796468304, 0.05596530678623406, 0.16762264462705825], [0.0038023558068143275, 0.9203807591191902, 0.046992882088658545, 0.02882400298533677], [0.29476753847489806, 0.11630817049015274, 0.36705884460851723, 0.2218654464264319], [0.05074689496785823, 0.12867219930619408, 0.0031087790043386136, 0.8174721267216091], [0.07694818878285704, 0.3389171151303945, 0.5693732266459428, 0.014761469440805626], [0.5280648533860426, 0.2683647572980888, 0.14900038149666903, 0.05457000781919956], [0.29399509463112933, 0.4983819641146554, 0.187717189946652, 0.019905751307563273], [0.027343955781046078, 0.8993459480127229, 0.02553831322224485, 0.047771782983986245], [0.4217604676685699, 0.09988633799250501, 0.053040532332021745, 0.4253126620069033], [0.013646315647904528, 0.827891340058212, 0.05430520178988657, 0.1041571425039969], [0.1730599014194758, 0.4133371695774917, 0.28054383587284026, 0.13305909313019232], [0.23971260353376198, 0.12233475703420289, 0.0611606236243656, 0.5767920158076695], [0.6885386539855931, 0.1683606563524912, 0.10348258682939071, 0.039618102832524905], [0.06682534424515743, 0.7095408256441494, 0.2165841733400672, 0.007049656770625931], [0.015217113333026383, 0.19592942202942695, 0.020467822910368735, 0.7683856417271779], [0.08008669384576568, 0.483337404770985, 0.015707936662919805, 0.42086796472032945], [0.00722334226611884, 0.005161362543694846, 0.9085638351687833, 0.07905146002140301], [0.168263942251114, 0.4389569282085404, 0.09969837915329366, 0.293080750387052], [0.015045279410133767, 0.613892381486443, 0.2820675564620639, 0.08899478264135927], [0.04391233359191638, 0.050453282799943475, 0.6543389827597125, 0.25129540084842766], [0.7104444281429505, 0.012511428475524179, 0.0008262368601546513, 0.27621790652137057], [0.4865121383858123, 0.14984150104759714, 0.15526313592666124, 0.20838322463992937], [0.33226310845242146, 0.2572588081735786, 0.0971137763823785, 0.3133643069916215], [0.8102702687560756, 0.035511460509815705, 0.07261739988339587, 0.08160087085071288], [0.3682623202555419, 0.25491364543659717, 0.05831549049092443, 0.3185085438169365], [0.011969541676244947, 0.08849547192954428, 0.5974228595711844, 0.3021121268230264], [0.051792458573021415, 0.6135088639997746, 0.005290260472699608, 0.32940841695450446], [0.046284125468616794, 0.29084470037458354, 0.04307255291491187, 0.6197986212418878], [0.0625768826566817, 0.3579446077266492, 0.03258706444872814, 0.546891445167941], [0.2723822121317464, 0.08185353888096786, 0.6004420680462054, 0.04532218094108044], [0.02683272676996407, 0.0956304803550883, 0.15696652055314647, 0.720570272321801], [0.010781672021085653, 0.9500233123935096, 0.030171939502160752, 0.009023076083244177], [0.9208009239394059, 0.03839444538319142, 0.02357960688980965, 0.017225023787593077], [0.008095085013956432, 0.0015406433725055162, 0.023626886708534113, 0.9667373849050039], [0.00739094186724762, 0.016201516731081413, 0.001386793840200906, 0.9750207475614702], [0.1298885344407809, 0.571537005804073, 0.26866959939404406, 0.029904860361102154], [0.009628905644128024, 0.8422663313343547, 0.057560277440346606, 0.09054448558117084], [0.005236867923339322, 0.4616821223139853, 0.08932988678827256, 0.44375112297440283], [0.805736549546045, 0.06591340494692548, 0.07843996792476131, 0.04991007758226829], [0.3249783025863961, 0.017226565309108283, 0.007146084837711143, 0.6506490472667844], [0.16643074420884715, 0.2493230755773397, 0.5741102314999117, 0.01013594871390131], [0.22907826810321696, 0.1753628963615354, 0.11124987717774655, 0.4843089583575011], [0.10347362700546435, 0.019854011425178675, 0.019739789251457536, 0.8569325723178994], [0.013490833202858175, 0.8552635336472351, 0.016399547610839966, 0.11484608553906675], [0.01609197308309973, 0.9016448358705703, 0.05774675232566779, 0.0245164387206622], [0.0534268963510466, 0.004171476833058344, 0.08200513640257572, 0.8603964904133194], [0.02008950440834465, 0.05412630764576189, 0.8266801331518261, 0.09910405479406748], [0.4506694252291684, 0.5023415067785505, 0.038327666036977015, 0.008661401955304194], [0.09999076406582282, 0.16665754388639029, 0.28494851144177125, 0.44840318060601564], [0.274834205444562, 0.029406335421771644, 0.5897926051767469, 0.10596685395691946], [0.6228302499024815, 0.002447785928818147, 0.003255731400282936, 0.3714662327684174]]}, "rewritten": {"ids": ["97105760", "97106600", "97106820", "97107681", "97107821", "97107920", "97108520", "97109570", "97116790", "97118210", "98106111", "98106880", "98107210", "98107410", "98108150", "98108410", "98109570", "98110680", "98116090", "98117740", "98120010", "98120530", "99108310", "99108580", "99108710", "99108890", "99109780", "99110050", "99111340", "99112641", "100108080", "100108260", "100109330", "100109890", "100109980", "100111620", "101109370", "101110150", "101111620", "101112160", "101115190", "101119591", "102109850", "102110690", "102111990", "102112301", "102113350", "102114270", "103109791", "103117461", "103120780", "104111711", "104114230", "104114740", "104117630", "105110251", "105113330", "105115380", "105115720", "105116090", "105117200", "105117351", "105117431", "105118171", "105119950", "105121190", "106114150", "106114321", "106115250", "106116640", "106117650", "106120640", "107114110", "107114321", "107114780", "107116300", "107116340", "107118490", "107120010", "107120130", "108113620", "108114270", "108114670", "108115570", "108115870", "108116481", "108117720", "108120280", "108121190", "109117271", "109118231", "109119450", "110115120", "110115710", "110117110", "110118111", "110118630", "110119300", "110120540", "110120560", "110120700", "111114321", "111115400", "111115910", "111116040", "111116100", "111116110", "111116170", "111116290", "111116530", "111116990", "111118301", "111119930", "111120220", "111120280", "111120640", "111121930", "112116290", "112116900", "112117431", "112117571", "112117580", "112118620", "112118701", "112118930", "112119500", "112119580", "112119950", "112120700", "112121030", "113117340", "113117401", "113119120", "113119450", "113120260", "113120780", "113120830", "113121190", "113121220", "113121750", "113122190", "113122510"], "labels": [0, 3, 1, 3, 2, 0, 2, 0, 2, 2, 0, 0, 1, 3, 0, 1, 1, 2, 0, 2, 2, 1, 2, 0, 2, 0, 2, 3, 1, 1, 0, 3, 0, 3, 1, 3, 1, 1, 3, 3, 1, 0, 1, 0, 2, 1, 3, 3, 3, 0, 1, 1, 2, 2, 0, 0, 3, 1, 1, 1, 3, 0, 1, 3, 3, 2, 1, 2, 2, 3, 1, 3, 1, 0, 2, 0, 3, 2, 1, 2, 3, 3, 3, 3, 3, 0, 1, 3, 1, 0, 1, 3, 0, 2, 0, 1, 1, 1, 1, 0, 2, 1, 0, 2, 0, 3, 3, 0, 2, 3, 0, 3, 1, 3, 0, 0, 1, 0, 3, 0, 3, 0, 3, 0, 1, 2, 3, 0, 2, 0, 2, 3, 3, 3, 3, 0, 3, 1, 3, 0, 1, 2], "predicted_labels": [3, 0, 3, 0, 3, 0, 0, 0, 1, 0, 3, 0, 1, 0, 3, 1, 3, 0, 2, 0, 0, 1, 1, 0, 1, 1, 2, 3, 2, 1, 2, 1, 0, 1, 0, 3, 1, 0, 0, 1, 0, 0, 0, 0, 2, 0, 0, 1, 0, 0, 0, 0, 0, 3, 1, 0, 3, 1, 1, 1, 0, 0, 1, 1, 0, 1, 0, 0, 0, 0, 1, 1, 0, 0, 1, 1, 3, 0, 3, 0, 1, 0, 0, 1, 3, 3, 3, 3, 1, 3, 3, 3, 0, 1, 1, 0, 0, 1, 2, 3, 0, 3, 0, 2, 3, 3, 0, 1, 2, 0, 0, 0, 3, 0, 0, 3, 0, 3, 3, 0, 3, 0, 0, 0, 0, 0, 3, 0, 0, 0, 1, 3, 1, 1, 3, 3, 0, 0, 1, 1, 1, 3], "confidence_scores": [[0.20514199800370608, 0.23960001254123992, 0.012610135304876249, 0.5426478541501778], [0.8183906351991709, 0.018859762687269292, 0.09583193948544257, 0.06691766262811723], [0.04587911067228229, 0.10950034021877114, 0.05121374748701523, 0.7934068016219313], [0.5077363410628709, 0.47454047044827347, 0.014377526598555932, 0.003345661890299691], [0.37515576005127205, 0.0840858255571523, 0.004684811503252066, 0.5360736028883237], [0.944698538193687, 0.00037204854994333895, 0.007311491844032191, 0.04761792141233762], [0.5006822784208179, 0.1688424738349382, 0.08399982411889458, 0.2464754236253493], [0.8807855577174584, 0.09691404352204289, 0.004200763578627014, 0.018099635181871764], [0.07604400409026316, 0.8040146649887148, 0.08139556827770014, 0.03854576264332192], [0.9394538318266284, 0.02074513319844764, 0.03213176353686228, 0.007669271438061641], [0.1548912477068265, 0.18111274032720226, 0.10342383947018034, 0.5605721724957908], [0.8416702694245064, 0.012522945155660012, 0.12818829429793555, 0.0176184911218981], [0.009941260706858156, 0.9736742457546536, 0.0034414624829283984, 0.012943031055559839], [0.89357151702738, 0.03997350371991373, 0.019767888829605736, 0.04668709042310056], [0.24189645547473432, 0.15723965249205138, 0.031911520417242656, 0.5689523716159717], [0.26620258378057565, 0.5387844898873755, 0.025980792865486057, 0.16903213346656284], [0.37882116985276837, 0.03073685159442717, 0.0004927085001189944, 0.5899492700526854], [0.6747405585846288, 0.024453192500448417, 0.23284667175369447, 0.06795957716122838], [0.36035740772543023, 0.05732121524410787, 0.381127369715095, 0.20119400731536677], [0.736238620905464, 0.0072948795006654785, 0.0011120094269538576, 0.25535449016691664], [0.3724810360790474, 0.27510044740854095, 0.07019274731036676, 0.28222576920204484], [0.024282843175791546, 0.8925747607248308, 0.013323260182595126, 0.06981913591678263], [0.0742012346921759, 0.8775577661639795, 0.046063413705446116, 0.002177585438398379], [0.9068671273414751, 0.07143972488705891, 0.02124118846112585, 0.0004519593103400185], [0.0067647959741863805, 0.9427038818242466, 0.04980987346106984, 0.0007214487404969341], [0.004032147899739851, 0.9707473548241323, 0.0007476157216543442, 0.024472881554473597], [0.04981001274434855, 0.18238440069707224, 0.7660719529427795, 0.001733633615799764], [0.004448090603490312, 0.042652486285272746, 0.0017376220720331955, 0.9511618010392037], [0.02456800056965928, 0.4175462971211781, 0.48487409861358854, 0.073011603695574], [0.07725121709862931, 0.6631086436423942, 0.18106118630304435, 0.07857895295593209], [0.08245704880922909, 0.2773601821245276, 0.5938264030653332, 0.04635636600090998], [0.2638147871265538, 0.7314764042801921, 0.0038355138929702577, 0.000873294700283918], [0.6969640902377755, 0.14859892607542458, 0.0642300924534726, 0.09020689123332727], [0.42549757460413146, 0.5257169457015204, 0.036026929978494444, 0.012758549715853664], [0.5831235673226952, 0.31648482969843794, 0.027232010192940487, 0.07315959278592644], [0.12278035799677166, 0.04348066318421551, 0.07106582215572828, 0.7626731566632846], [0.00448256409845587, 0.8353039894336294, 0.13831608893961017, 0.02189735752830439], [0.8738696949290429, 0.06671657092539925, 0.023798560804422428, 0.0356151733411355], [0.8013623924477145, 0.15924663970695788, 0.00867528302294508, 0.030715684822382527], [0.0004855236613733996, 0.9983020126137894, 0.00026105574006909726, 0.0009514079847680821], [0.7635957416257741, 0.012030321709473341, 0.15291681703860474, 0.0714571196261478], [0.7748957306233474, 0.008288177601851222, 0.05455136884208085, 0.16226472293272048], [0.9666486310278415, 0.006242497593438352, 0.025754299873720393, 0.001354571504999907], [0.9144755388164559, 0.047167854793977115, 0.005676341296031726, 0.03268026509353542], [0.13112431078167805, 0.007443557096136323, 0.7740790266615705, 0.08735310546061519], [0.9900939484890331, 0.003309612007164585, 0.0003024807516851446, 0.006293958752117271], [0.6373357848363626, 0.008784189880672606, 0.19554348960565904, 0.15833653567730577], [0.00926211692117505, 0.9550743287340678, 0.004568656229406426, 0.03109489811535074], [0.5382316976560535, 0.10708228922338694, 0.09509674815590295, 0.25958926496465656], [0.868335287253354, 0.1097741622288196, 0.003637072681004488, 0.018253477836821744], [0.9203611134739432, 0.030928255836514224, 0.0034183820338598977, 0.04529224865568277], [0.6213857668384057, 0.23735922992764372, 0.0167126074795535, 0.12454239575439688], [0.9169977261087024, 0.08059049413634524, 0.001732026043142188, 0.0006797537118099952], [0.19273469848730906, 0.27830941991783, 0.10723119959718727, 0.42172468199767366], [0.3059386500709049, 0.3617437889549212, 0.027747489069889924, 0.30457007190428403], [0.967470714410318, 0.0012354239848434254, 0.0005324646155024455, 0.03076139698933622], [0.09043970937112718, 0.08375911082440794, 0.2885913387621414, 0.5372098410423235], [0.0017949092343535259, 0.9871625126992597, 0.009302873477809833, 0.0017397045885771448], [0.04732607026618598, 0.7799874897724517, 0.07787174427835643, 0.09481469568300598], [0.02855238924303735, 0.8476148764666073, 0.004263553389325343, 0.11956918090102996], [0.4331276984481511, 0.236254716326575, 0.054310326574327446, 0.27630725865094646], [0.9668838937161859, 0.021331034070414843, 0.0004936036646670619, 0.011291468548732414], [0.1019172992384, 0.7333218918574086, 0.1628489931912036, 0.0019118157129879197], [0.4700062672802163, 0.49004982304429084, 0.013577783757399537, 0.026366125918093265], [0.8977991098261534, 0.04451009544677835, 0.006634279701801882, 0.05105651502526619], [0.03324867240891109, 0.7624822081258212, 0.14749194209773714, 0.05677717736753041], [0.992484414870897, 0.0002161837928397865, 0.006285847496260776, 0.0010135538400026034], [0.9771727658993232, 0.008502169051174553, 0.004710187903871291, 0.00961487714563112], [0.7772696094296028, 0.08366721994800858, 0.003632050698824523, 0.1354311199235642], [0.906407657255095, 0.07480490819792252, 0.0011465644791633733, 0.017640870067819274], [0.10609524684682245, 0.7190312703185935, 0.16821970383175477, 0.006653779002829263], [0.46722200668219815, 0.4831971245618638, 0.04802115657239163, 0.0015597121835462598], [0.7486485708856329, 0.03487900042798849, 0.0033815063096889874, 0.2130909223766896], [0.5775874640006684, 0.2582815562086797, 0.02337025702693276, 0.14076072276371923], [0.12432827092618548, 0.4280124029500417, 0.15862299489750556, 0.28903633122626715], [0.062418253234763736, 0.911772915952653, 0.014640909975410496, 0.011167920837172827], [0.3394817667336817, 0.10865731326490237, 0.010284774949656092, 0.5415761450517599], [0.6545102701239678, 0.01090436037931845, 0.3338102661156645, 0.0007751033810491516], [0.12927127092016585, 0.009472602999476375, 0.0015508445862927364, 0.8597052814940651], [0.7553013443943436, 0.016700671788921484, 0.0016873049319550816, 0.22631067888477993], [0.2263012232362334, 0.7306086332508599, 0.010487940740063548, 0.03260220277284323], [0.6635116427233827, 0.10243563703992252, 0.015384916079311046, 0.21866780415738377], [0.8934349700371049, 0.06487192186376863, 0.027746427728077967, 0.01394668037104844], [0.0030824503480643014, 0.9190705314650758, 0.06752913999979597, 0.01031787818706408], [0.07917456413960963, 0.005473669901644158, 0.0071436582991827235, 0.9082081076595634], [0.05715086041200971, 0.03172564095785542, 0.0071158387415273675, 0.9040076598886074], [0.009975616399536603, 0.11670067258047004, 0.011578849069771949, 0.8617448619502214], [0.19585703780110147, 0.05172557343855893, 0.180563913013444, 0.5718534757468955], [0.03553780561681123, 0.8597297793601675, 0.04375002180581385, 0.06098239321720752], [0.11271356000389926, 0.06466367290166734, 0.0042501464609131625, 0.8183726206335202], [0.16562149279058117, 0.012075346454635606, 0.0033748714242032617, 0.81892828933058], [0.1353490520244493, 0.000977457110047176, 0.027999061971441856, 0.8356744288940616], [0.5864897506898581, 0.012061319999831337, 0.3766178259491385, 0.02483110336117209], [0.06254741724868954, 0.648771954874426, 0.016164615795160105, 0.2725160120817244], [0.19632578512069354, 0.7485545335789324, 0.025543125915644387, 0.029576555384729593], [0.7970451992474711, 0.04828274636270187, 0.1212248086368368, 0.03344724575299023], [0.675228274345173, 0.16695182536397649, 0.06375217485247284, 0.09406772543837787], [0.3314124428754071, 0.6366879470212128, 0.022447479572280524, 0.009452130531099527], [0.30600875997278837, 0.03544819578923273, 0.5491565238233543, 0.10938652041462454], [0.21034642912032683, 0.007898047986261064, 0.38001648223919354, 0.40173904065421856], [0.5305082491498124, 0.3507205528015842, 0.029970934463869763, 0.08880026358473371], [0.002845261747857162, 0.27680163316328527, 0.024253706443836797, 0.6960993986450208], [0.9073104579864127, 0.0732173085344919, 0.005727146420176816, 0.013745087058918512], [0.2185005714782879, 0.12637898504117556, 0.5239709313443659, 0.13114951213617057], [0.06902005095454887, 0.002242324342700953, 0.0014286046216645033, 0.9273090200810856], [0.07735134300993972, 0.25049157272635036, 0.007636813514752551, 0.6645202707489574], [0.5082594794051436, 0.3728746875067567, 0.010873759271286233, 0.10799207381681346], [0.03635182200294592, 0.944158132766935, 0.010074759182654568, 0.009415286047464624], [0.08246686025002234, 0.02167268751436044, 0.550446115152323, 0.34541433708329405], [0.535239487337231, 0.17235553817239377, 0.012326545406991896, 0.2800784290833832], [0.7192004511773945, 0.044661305193610064, 0.01281186462189746, 0.22332637900709804], [0.7143826445000184, 0.279601988458803, 0.0035643737976180333, 0.002450993243560525], [0.05186502402235588, 0.15778050064222363, 0.11102573339546183, 0.6793287419399586], [0.7191466059716421, 0.24336697921874867, 0.03185914297100734, 0.005627271838601756], [0.8682299724301125, 0.023397222073587947, 0.00442400612931714, 0.10394879936698256], [0.25215122152447816, 0.20461555704867315, 0.1477142462803889, 0.3955189751464599], [0.40426033371744174, 0.36355165137200995, 0.18756570566571534, 0.04462230924483306], [0.24159650783806083, 0.12638682606725807, 0.11055261831934363, 0.5214640477753375], [0.02293642281565424, 0.18262383482003802, 0.0013561341885334277, 0.7930836081757743], [0.5622503256581921, 0.3684662091226326, 0.044626849971477624, 0.024656615247697657], [0.11082493548252872, 0.055201013478899566, 0.005726861114389512, 0.8282471899241821], [0.8470772389730679, 0.0011786958278850043, 0.00015641182061689742, 0.1515876533784303], [0.7697957379961823, 0.07188987420087418, 0.03704604162257125, 0.12126834618037224], [0.44024576001165666, 0.436028734130694, 0.08908767115530375, 0.034637834702345535], [0.5369249946204063, 0.14751617881609094, 0.27334283228141126, 0.042215994282091635], [0.5033510328619497, 0.46618408104520137, 0.02557947805094382, 0.004885408041904992], [0.09814168569224249, 0.007661778947576609, 0.3455191709403959, 0.548677364419785], [0.5702685450705722, 0.07223285442445039, 0.0041494493752162, 0.3533491511297611], [0.9428104535688124, 0.05286755172753746, 0.0018577197862508594, 0.002464274917399066], [0.9250364357710079, 0.011937321402853727, 0.049505134049156505, 0.01352110877698172], [0.005595118623377214, 0.9254084269311563, 0.004950359465445415, 0.064046094980021], [0.07784307745659447, 0.18563021797545226, 0.002387081347452027, 0.7341396232205013], [0.09009742593300776, 0.5113207344444402, 0.07783621134560818, 0.3207456282769439], [0.0643372300969774, 0.8430827994152701, 0.0015996632065911624, 0.09098030728116134], [0.10091174020292779, 0.07201033965529616, 0.008771289785291063, 0.8183066303564849], [0.004557321145486773, 0.0014171853737719158, 0.0004807387636255972, 0.9935447547171158], [0.6090993583442224, 0.024341809628612314, 0.3624324616783114, 0.004126370348853844], [0.41186991630875924, 0.4001637209114101, 0.09724181449701544, 0.09072454828281512], [0.24485768163468213, 0.43265197753950846, 0.3179701774343754, 0.004520163391433988], [0.15426103693285512, 0.774041917778865, 0.007310462829095492, 0.06438658245918433], [0.015848364947569454, 0.963600651824722, 0.016884150697767226, 0.003666832529941505], [0.11665427670839641, 0.09308766082274644, 0.3777225426487184, 0.4125355198201388]]}}