{"test": {"ids": ["107120130", "112118530", "102110750", "107113260", "99112531", "101112690", "113118820", "99109141", "107117010", "107116300", "108117720", "101109120", "101110150", "99109780", "112120670", "111119610", "99109740", "97106600", "110121450", "113118421", "112118930", "103112470", "104113380", "103113170", "97118210", "102110890", "100109311", "103111930", "111116090", "107118520", "106116820", "112118550", "103109641", "103111170", "107114321", "112121010", "109119340", "107114950", "104114740", "107121540", "107118120", "108121410", "98108520", "107113360", "100115700", "110115890", "110118880", "111121410", "101119591", "103113610", "104111990", "104113170", "110117870", "105120280", "100107920", "98109311", "109118820", "102108621", "101108370", "109113881", "112121351", "111114321", "109115380", "110116501", "112118511", "106114011", "104114240", "99111440", "105118171", "113121220", "107114621", "112117210", "106120640", "104113210", "97110950", "106115120", "113121980", "107119390", "110113591", "99120010", "111116530", "100109980", "109117110", "110116170", "97116401", "107120880", "109116170", "106115240", "104117200", "111121930", "97108520", "98113881", "101108121", "102113210", "101114990", "111119580", "103120730", "112121030", "106116120", "111120220", "106121190", "99108080", "109119010", "108117610", "110120640", "97116410", "113118111", "101116130", "104111380", "98110710", "105113170", "105121370", "103112641", "111115770", "111119340", "105113210", "110114321", "98107210", "112120270", "111116990", "107113200", "108117360", "105113260", "110121140", "104114230", "112117780", "99109910", "108118291", "100109000", "110114610", "108118810", "107114200", "97105451", "113120531", "99117740", "107115250", "106119260", "110118701", "109116930", "110118740", "105118230", "102116500"], "labels": [2, 1, 1, 0, 3, 1, 0, 3, 1, 0, 1, 1, 1, 2, 2, 2, 3, 3, 3, 3, 1, 1, 1, 3, 2, 0, 1, 3, 3, 2, 1, 3, 1, 2, 0, 2, 3, 3, 2, 2, 3, 0, 2, 0, 1, 2, 0, 0, 0, 2, 2, 3, 3, 3, 0, 1, 3, 3, 1, 0, 0, 1, 3, 3, 1, 1, 0, 3, 3, 3, 0, 1, 3, 3, 3, 1, 2, 2, 0, 2, 3, 1, 1, 0, 3, 1, 0, 1, 3, 1, 2, 3, 0, 3, 3, 3, 1, 0, 1, 3, 2, 3, 3, 3, 0, 3, 1, 2, 3, 2, 0, 2, 3, 3, 3, 3, 1, 1, 0, 0, 0, 1, 3, 3, 2, 0, 2, 3, 1, 1, 1, 2, 0, 0, 2, 2, 1, 3, 0, 3, 1, 1], "predicted_labels": [1, 3, 2, 1, 0, 3, 1, 0, 2, 1, 1, 3, 3, 2, 1, 0, 1, 0, 3, 3, 3, 1, 0, 0, 0, 3, 0, 3, 0, 0, 0, 0, 2, 3, 3, 3, 3, 0, 2, 2, 0, 1, 2, 0, 3, 1, 3, 1, 0, 2, 1, 1, 3, 1, 0, 1, 0, 0, 0, 0, 1, 1, 1, 1, 1, 1, 0, 3, 0, 0, 0, 3, 1, 0, 0, 3, 3, 3, 0, 1, 1, 2, 3, 1, 1, 3, 0, 0, 1, 3, 1, 0, 0, 1, 2, 3, 3, 2, 0, 0, 3, 3, 3, 3, 3, 0, 0, 1, 2, 2, 1, 1, 1, 0, 3, 3, 0, 1, 0, 0, 3, 0, 3, 0, 0, 1, 2, 3, 1, 1, 3, 1, 1, 3, 0, 1, 3, 0, 0, 0, 1, 0], "confidence_scores": [[0.006143179150604233, 0.9777418310499468, 0.015140406262699855, 0.0009745835367491102], [0.04931689079958221, 0.38567885408337566, 0.08658763491597075, 0.4784166202010714], [0.004337742408360008, 0.08774459379588943, 0.9027282231108492, 0.005189440684901339], [0.26197643572114704, 0.4317716092005433, 0.09396649068446317, 0.21228546439384668], [0.36540471217276027, 0.26710050339535935, 0.018576208347936485, 0.348918576083944], [0.4271787360223352, 0.0018636417738624475, 0.008155925496476221, 0.5628016967073262], [0.18593746222285812, 0.8069824704381717, 0.0003483123869832063, 0.006731754951986901], [0.5213598797932635, 0.45489248257475356, 0.002995786247405261, 0.020751851384577653], [0.22532300006025768, 0.09940102741480004, 0.6487366381744575, 0.026539334350484754], [0.038457230927429364, 0.9457131445525607, 0.0004485744197393248, 0.015381050100270697], [0.0810152828678146, 0.6815451073313724, 0.06694544683161541, 0.17049416296919762], [0.28883263391009373, 0.005826361186582291, 0.007616221184327681, 0.6977247837189964], [0.04356615664936915, 0.22832114471463047, 0.16232897325604687, 0.5657837253799535], [0.05163488569120483, 0.023783401542792595, 0.8679070055254136, 0.05667470724058913], [0.026328025634477743, 0.4665430969097123, 0.10242981278617541, 0.4046990646696345], [0.4043560829448833, 0.17304744647902953, 0.09683117315443344, 0.3257652974216539], [0.17763512220380145, 0.5370150337760742, 0.04831786739549596, 0.23703197662462847], [0.5569309158805352, 0.23046049017022152, 0.0020370083166626547, 0.2105715856325805], [0.1903101108131458, 0.012433781153222839, 0.00025595111774722286, 0.7970001569158841], [0.0324114525448217, 0.0015799916130974756, 0.005499592118547362, 0.9605089637235334], [0.052283854938353136, 0.07186413895258076, 0.006048308528633094, 0.869803697580433], [0.16294246190348066, 0.5235413670453309, 0.05883235686702908, 0.2546838141841592], [0.9140498425736613, 0.011175708460718461, 0.0042645350847211735, 0.07050991388089911], [0.6167415441472879, 0.17875404231653721, 0.19824721933276598, 0.006257194203408914], [0.9553066869070819, 0.00019789921196276328, 0.036435826983905635, 0.008059586897049638], [0.45593092127378326, 0.00018391439820892552, 0.0026146361142347567, 0.5412705282137731], [0.89319620480451, 0.06246818063336643, 0.01773895758508727, 0.02659665697703628], [0.40522383656868877, 0.026972731235441298, 0.007214048922926607, 0.5605893832729434], [0.8760519437860234, 0.05325033645736041, 0.000928981308457902, 0.0697687384481583], [0.718573312582932, 0.23161167807960684, 0.016898646073299158, 0.032916363264161926], [0.6545764181970976, 0.22197772624271245, 0.05453569345957128, 0.06891016210061882], [0.6448070311769408, 0.11703537754278188, 0.004036187656143905, 0.23412140362413345], [0.0009023370206491008, 0.0891366115605469, 0.6426144316366533, 0.26734661978215074], [0.19484987599797055, 0.0234081276254218, 0.014115189584454294, 0.7676268067921534], [0.1448016665703895, 0.11881445857212333, 0.0003299506204294731, 0.7360539242370576], [0.012600832638797, 0.06982366730482518, 0.07589628262711005, 0.8416792174292678], [0.023605873521505297, 0.05645474879339892, 0.013473289562629944, 0.9064660881224658], [0.6243388221538887, 0.1874512984425391, 0.051606564887318344, 0.136603314516254], [0.17546724686603424, 0.003960763027517447, 0.7579547203321061, 0.0626172697743422], [0.03631454746693029, 0.36000066163536865, 0.5491171642717781, 0.05456762662592284], [0.8048118374738502, 0.1427403105515276, 0.0010493609827605325, 0.05139849099186172], [0.022553695621771674, 0.6397621034082215, 0.0035506619188454044, 0.33413353905116144], [0.09313838261887623, 0.19692287477755926, 0.7026657844351819, 0.007272958168382613], [0.8842153235999863, 0.09690215919738168, 0.00039966279939707475, 0.01848285440323489], [0.26217699998373734, 0.30028762709564905, 0.022375296283732016, 0.41516007663688165], [0.03384789261946235, 0.9077281533386566, 0.057563072775371385, 0.0008608812665095508], [0.06773765946739578, 0.19299363289020097, 0.0008095570218734589, 0.7384591506205298], [0.35100528133856707, 0.6281517991635783, 0.0007715038491539884, 0.020071415648700738], [0.6141909201467785, 0.12081222875181247, 0.001801330395474601, 0.2631955207059346], [0.04062368545499021, 0.15094244226808043, 0.7214851727471522, 0.08694869952977724], [0.007986659697290661, 0.9631333584050759, 0.027894835295466606, 0.0009851466021669145], [0.4207463705408315, 0.5712817183121252, 0.001431283361285495, 0.0065406277857579095], [0.40574150144787025, 0.002980269434505611, 0.006063717893598599, 0.5852145112240256], [0.0003036407214092535, 0.9995809318817848, 3.3892689906563708e-06, 0.00011203812781539442], [0.7102600958801082, 0.042898944070058044, 0.004112964356963594, 0.24272799569287024], [0.10060794255370242, 0.7956821442476563, 0.04100803030368131, 0.06270188289496016], [0.860625049924917, 0.1344843586341749, 0.0017215695200501241, 0.0031690219208580696], [0.6899890982551382, 0.049672707766411, 0.00011091455327688244, 0.26022727942517404], [0.633876355050247, 0.13306614805821407, 0.0044462866789346505, 0.22861121021260436], [0.914235210789375, 0.004916698852432936, 0.07858993182840597, 0.0022581585297859696], [0.031129680663560755, 0.9387209890177067, 0.026727973327204183, 0.00342135699152847], [0.33463896724797976, 0.48471424952758513, 0.019781010486497615, 0.16086577273793756], [0.09306127128059755, 0.6310167394293804, 0.062177869677682476, 0.21374411961233963], [0.02180969820907386, 0.7543822227142637, 0.007133025360689672, 0.21667505371597284], [0.08456321392486187, 0.5284256270460015, 0.21166969582043857, 0.17534146320869812], [0.059047054688086874, 0.5561368272136571, 0.00128345400643295, 0.3835326640918232], [0.4412180895451469, 0.11176099900258928, 0.0743428142764541, 0.3726780971758097], [0.35549837742298473, 0.0033233716193658237, 0.0008996329558465922, 0.6402786180018027], [0.7907574145894354, 0.1455559317611376, 0.00014740641246173143, 0.06353924723696529], [0.3798734042148995, 0.003822982796147233, 0.3101326338473578, 0.3061709791415955], [0.8014624303342129, 0.0006136727355162062, 0.00018271129203922012, 0.1977411856382318], [0.002479621529265172, 0.037823309257803764, 0.16636074324209182, 0.7933363259708393], [0.04096887924950418, 0.5274768730878219, 0.3882739634297483, 0.043280284232925716], [0.6056239794571824, 0.3656972662493332, 0.011977094837885652, 0.016701659455598733], [0.9055508957033871, 0.005767424421074217, 0.08308474056843013, 0.005596939307108517], [0.19746003782499036, 0.14548332236467684, 0.0008855686351033358, 0.6561710711752294], [0.02835755551486511, 0.04209945502731607, 0.010157246272672204, 0.9193857431851465], [0.00040822676872160187, 0.33126171599971105, 0.014931658822195167, 0.6533983984093722], [0.9926367314652306, 0.0014687303713217437, 0.002898302076618615, 0.0029962360868289535], [0.29480937894862086, 0.5054921253661462, 0.15592769600779144, 0.04377079967744156], [0.005829932289075087, 0.9584445002001069, 0.0025288409030659567, 0.033196726607752296], [0.2879771556731577, 0.15217108375248628, 0.48385010461695205, 0.07600165595740406], [0.0030811312047377354, 0.20315209073610854, 0.0010880263144878528, 0.7926787517446658], [0.21829031097649837, 0.6487888780244253, 0.009712263968413308, 0.12320854703066302], [0.06229725610679256, 0.7066716025860328, 0.15976231237827537, 0.07126882892889931], [0.0022007214317783935, 0.0028459660170270487, 0.028310449985006234, 0.9666428625661883], [0.6474956241481018, 0.28306460876848966, 0.0072994523031729, 0.06214031478023544], [0.9137563082597285, 0.054933162039477436, 0.014667429711968582, 0.016643099988825436], [0.24000945382779104, 0.5566686819808381, 0.0772292128739213, 0.12609265131744948], [0.025501735049151972, 0.02509475673697917, 0.17246844709108328, 0.7769350611227855], [0.3064039486077824, 0.6030861322113331, 0.024977221872257045, 0.06553269730862746], [0.48738511910398685, 0.4493839308654133, 0.04030847269359988, 0.02292247733700006], [0.7737598907462533, 0.0013730742718013635, 0.0005740737650320784, 0.22429296121691328], [0.011692355533771806, 0.933040376846473, 0.007853508250122335, 0.04741375936963284], [0.022592279618646082, 0.3289229820414486, 0.6363377960126438, 0.012146942327261505], [0.324659245043251, 0.050784940762812675, 0.016827831688737416, 0.6077279825051991], [0.10197020153712356, 0.2481030200003367, 0.0513036559108504, 0.5986231225516893], [0.18751468816402092, 0.08082837574254681, 0.49877777354503167, 0.23287916254840058], [0.6449688626554625, 0.3248603307980391, 0.0020451052863936685, 0.02812570126010472], [0.7958103071799736, 0.1928226954930166, 0.004346246086097611, 0.007020751240912219], [0.0018332227517699902, 0.13961247993768272, 0.1835525324734605, 0.6750017648370867], [0.4427631647470154, 0.05400526048784458, 0.00438964190654177, 0.49884193285859846], [0.0614647921987809, 0.12869515953152078, 0.3160340637709952, 0.4938059844987031], [0.003205855624331229, 0.2733146250658967, 0.012286273477132334, 0.7111932458326397], [0.15410251760252575, 0.001142253263516946, 0.0005603435044814604, 0.8441948856294759], [0.7002055857449292, 0.029950568976441362, 0.08377110730853599, 0.18607273797009355], [0.7783611264210407, 0.0019052664942110576, 0.003992515221124872, 0.21574109186362328], [0.01513623632957405, 0.6660277678580727, 0.0876059020759176, 0.23123009373643572], [0.2529091899275158, 0.26188514374395017, 0.3758713698831623, 0.10933429644537163], [0.0025103578118458075, 0.1515311926729942, 0.7297675054712565, 0.1161909440439035], [0.16594268923889094, 0.6363316971871694, 0.053736355079152934, 0.14398925849478683], [1.877740165393405e-05, 0.969114606780473, 0.00391930202057119, 0.026947313797301895], [0.05062912153674332, 0.6793688178368164, 0.00690545943618962, 0.26309660119025075], [0.9077726691688824, 0.03487959866842357, 0.0036214046776366186, 0.053726327485057436], [0.06569743992646797, 0.040075930665272944, 0.21876120609388758, 0.6754654233143714], [0.2707429799162575, 0.030588130670890796, 0.016869432909468338, 0.6817994565033834], [0.6981643603592277, 0.03932604508514916, 0.026714266678927633, 0.23579532787669555], [0.039371268181528724, 0.6027278345953438, 0.14263491976363146, 0.21526597745949597], [0.901653141835025, 0.01823421544177307, 0.012213382308683917, 0.06789926041451795], [0.9649261715719797, 0.01671373332420751, 0.0010938653636129699, 0.017266229740199916], [0.02245996732544774, 0.00168065440424565, 0.00046358526819849946, 0.975395793002108], [0.798977444653809, 0.013590089225951023, 0.1805232886700728, 0.00690917745016715], [0.023132508910944205, 0.3477391180143405, 0.0028652284869564682, 0.6262631445877588], [0.9784841984938667, 0.005345064496707547, 0.0010855289386490583, 0.015085208070776955], [0.8333700998325602, 0.006600276253468609, 0.10149177471166468, 0.05853784920230655], [0.2732770672512871, 0.38085346855824015, 0.003809972721759713, 0.342059491468713], [0.030679899322992275, 0.17042109211086315, 0.792705956791353, 0.006193051774791634], [0.07162775093363948, 0.09463048531467777, 0.0001579583025988623, 0.833583805449084], [0.278708302461267, 0.5031501934793777, 0.010478885947061855, 0.20766261811229345], [0.13520714507749695, 0.6550858290866544, 0.127673458770657, 0.08203356706519166], [0.006807792133038913, 0.3332199044976063, 0.0017270952881936366, 0.658245208081161], [0.0504191261519294, 0.871391660768966, 0.003880009594533798, 0.0743092034845708], [0.24774105390998621, 0.728133887130099, 0.0009709585883310336, 0.023154100371583906], [0.2018036980562798, 0.05546447643418456, 0.005863186567408043, 0.7368686389421276], [0.7124432408201907, 0.06279229973718842, 0.20727589532510093, 0.01748856411751983], [0.04736869438583427, 0.7687528286270403, 0.010108313430125259, 0.17377016355700015], [0.07818253030537275, 0.0005942812658780618, 0.11387402154464919, 0.8073491668841001], [0.6086241667490938, 0.32148763233768235, 0.009909381242506541, 0.0599788196707175], [0.812169243687685, 0.06764173439331526, 0.00017113641734732145, 0.12001788550165245], [0.8903989218758606, 0.05065133729791968, 0.0022267384320319855, 0.0567230023941879], [0.00010397699386677155, 0.9956888278661746, 0.002054750779586308, 0.0021524443603722922], [0.5045077151585577, 0.3918462388541777, 0.05569360021984032, 0.04795244576742429]]}, "rewritten": {"ids": ["97105451", "97106600", "97108520", "97110950", "97116401", "97116410", "97118210", "98107210", "98108520", "98109311", "98110710", "98113881", "99108080", "99109141", "99109740", "99109780", "99109910", "99111440", "99112531", "99117740", "99120010", "100107920", "100109000", "100109311", "100109980", "100115700", "101108121", "101108370", "101109120", "101110150", "101112690", "101114990", "101116130", "101119591", "102108621", "102110750", "102110890", "102113210", "102116500", "103109641", "103111170", "103111930", "103112470", "103112641", "103113170", "103113610", "103120730", "104111380", "104111990", "104113170", "104113210", "104113380", "104114230", "104114240", "104114740", "104117200", "105113170", "105113210", "105113260", "105118171", "105118230", "105120280", "105121370", "106114011", "106115120", "106115240", "106116120", "106116820", "106119260", "106120640", "106121190", "107113200", "107113260", "107113360", "107114200", "107114321", "107114621", "107114950", "107115250", "107116300", "107117010", "107118120", "107118520", "107119390", "107120130", "107120880", "107121540", "108117360", "108117610", "108117720", "108118291", "108118810", "108121410", "109113881", "109115380", "109116170", "109116930", "109117110", "109118820", "109119010", "109119340", "110113591", "110114321", "110114610", "110115890", "110116170", "110116501", "110117870", "110118701", "110118740", "110118880", "110120640", "110121140", "110121450", "111114321", "111115770", "111116090", "111116530", "111116990", "111119340", "111119580", "111119610", "111120220", "111121410", "111121930", "112117210", "112117780", "112118511", "112118530", "112118550", "112118930", "112120270", "112120670", "112121010", "112121030", "112121351", "113118111", "113118421", "113118820", "113120531", "113121220", "113121980"], "labels": [0, 3, 2, 3, 3, 3, 2, 1, 2, 1, 2, 3, 3, 3, 3, 2, 2, 3, 3, 2, 2, 0, 1, 1, 1, 1, 0, 1, 1, 1, 1, 3, 2, 0, 3, 1, 0, 3, 1, 1, 2, 3, 1, 3, 3, 2, 1, 3, 2, 3, 3, 1, 2, 0, 2, 3, 0, 3, 3, 3, 1, 3, 2, 1, 1, 1, 1, 1, 1, 3, 2, 0, 0, 0, 2, 0, 0, 3, 2, 0, 1, 3, 2, 2, 2, 1, 2, 1, 3, 1, 3, 1, 0, 0, 3, 0, 0, 1, 3, 3, 3, 0, 1, 1, 2, 0, 3, 3, 3, 3, 0, 0, 3, 3, 1, 3, 3, 3, 0, 3, 3, 2, 3, 0, 1, 1, 0, 1, 1, 3, 1, 0, 2, 2, 0, 0, 1, 3, 0, 0, 3, 2], "predicted_labels": [0, 0, 0, 0, 3, 2, 0, 1, 2, 1, 2, 1, 1, 0, 3, 2, 2, 3, 1, 0, 0, 1, 3, 0, 2, 2, 0, 1, 0, 0, 3, 1, 2, 0, 0, 2, 0, 3, 1, 3, 1, 0, 0, 0, 1, 3, 3, 1, 1, 0, 1, 0, 0, 1, 1, 0, 1, 1, 3, 0, 1, 1, 1, 1, 0, 0, 0, 0, 0, 0, 2, 3, 3, 0, 1, 1, 0, 0, 0, 1, 3, 1, 1, 2, 1, 0, 0, 3, 1, 1, 0, 1, 0, 2, 2, 3, 0, 3, 0, 3, 0, 0, 0, 1, 1, 0, 3, 3, 1, 0, 0, 0, 0, 3, 1, 1, 3, 1, 0, 3, 0, 1, 0, 1, 0, 0, 1, 0, 1, 0, 3, 0, 2, 3, 0, 0, 0, 3, 1, 1, 0, 3], "confidence_scores": [[0.9589761858530361, 0.004182798811059099, 3.5377730132433995e-05, 0.03680563760577242], [0.9559288713551178, 3.8161592011095754e-05, 0.032368482178939874, 0.011664484873931208], [0.5613464192692732, 0.12430877885812996, 0.0824108370118151, 0.23193396486078166], [0.9752502146712468, 0.0002490923143766412, 0.01825201992535818, 0.006248673089018292], [0.015813862357436273, 0.02625741463386451, 0.0476322642815887, 0.9102964587271105], [0.28876962447037324, 0.08527837060009663, 0.5935371370294721, 0.03241486790005809], [0.768835670949443, 0.004079804810528282, 0.22668006405880173, 0.0004044601812268246], [0.023137431870713477, 0.9502973762713184, 0.011485147750103045, 0.015080044107865197], [0.1314131617269201, 0.06734086008570965, 0.5321313780146271, 0.26911460017274313], [0.008447610737774074, 0.6097014488434447, 0.030528651800305204, 0.3513222886184761], [0.00359188201482418, 0.0706719780217573, 0.9209136532591016, 0.0048224867043170335], [0.03902902798702635, 0.9219821465153458, 0.004538465133704157, 0.034450360363923634], [0.41096009941248374, 0.5060365922354522, 0.005151819769781806, 0.07785148858228229], [0.9569734131685123, 0.004048586797928012, 0.0016245252822229246, 0.03735347475133657], [0.3164166241244995, 0.23984801107516962, 0.015145910381860474, 0.4285894544184703], [0.004909375736717676, 0.026627630039011373, 0.9678601280847043, 0.0006028661395664705], [0.06870226439134233, 0.0036153192067188825, 0.9255868720242374, 0.00209554437770151], [0.022156667937705047, 0.0027729986969604143, 0.0004114837234686869, 0.9746588496418659], [0.19601354830471576, 0.8005083081415306, 0.0032125278742652142, 0.00026561567948850227], [0.8318980813690535, 0.00801608168090417, 0.09023089043035856, 0.06985494651968377], [0.8245626471267801, 0.005633835224359479, 0.16225017324398222, 0.007553344404878119], [0.29253824684403534, 0.6538515409123966, 0.005522901072283642, 0.04808731117128442], [0.042660911108999625, 0.024575486778705528, 0.23606441936882763, 0.6966991827434672], [0.731102615077444, 0.0815867865545057, 0.03188323188005443, 0.15542736648799577], [0.12475086959383366, 0.005534480136440403, 0.7905646720131905, 0.07914997825653546], [0.0556916870860564, 0.06205136521496134, 0.5192275587138676, 0.3630293889851146], [0.9571228031272855, 0.003132992227407532, 9.648656444112359e-05, 0.03964771808086576], [0.020628739170443833, 0.9048295282678723, 0.07343003019002818, 0.0011117023716556195], [0.6341883527311112, 0.27123229066979654, 0.013221558955806925, 0.08135779764328539], [0.7586293665372524, 0.03102118150879122, 0.18003316358045646, 0.030316288373499898], [0.002147678117033424, 0.0032722680123260088, 0.030322497846858646, 0.9642575560237818], [0.015312336339509564, 0.8014016180238148, 0.15926229283933532, 0.024023752797340172], [0.005179096997648242, 0.047798290336799436, 0.6248369468953333, 0.322185665770219], [0.5025078912263555, 0.00858996459301238, 0.02828969974048152, 0.4606124444401504], [0.9941468416595916, 0.0005416011782164525, 0.0008485724809266945, 0.004462984681265045], [0.00025226951229077415, 0.010873713009049631, 0.9874937204283806, 0.0013802970502789095], [0.7965417754933218, 0.0028858369899848317, 0.004555659575063656, 0.19601672794162966], [0.2644410872564954, 0.07181175857105365, 0.014038767112346057, 0.649708387060105], [0.11590263434144187, 0.624867886391456, 0.16274427613272055, 0.09648520313438164], [0.0033032075811087764, 0.1490512505833119, 0.009992568465559074, 0.8376529733700202], [0.35233604401508634, 0.6436646843694707, 0.0037942269841389777, 0.0002050446313040857], [0.981599141701828, 0.002942921216482873, 0.0010843593188548822, 0.014373577762834239], [0.3856584833651361, 0.27592849814895126, 0.0712337421543404, 0.2671792763315723], [0.7852254226071347, 0.10083156218841666, 0.06772611862678286, 0.04621689657766576], [0.00015067539538190494, 0.9921145445451697, 0.007650349576068401, 8.443048338011674e-05], [0.0020104303555379586, 0.01941258586165546, 0.27097414000690995, 0.7076028437758967], [0.00416681559156487, 0.0004133906757142852, 0.007273514349641565, 0.9881462793830793], [0.03934437751003976, 0.9140486994715297, 0.002148016911190022, 0.04445890610724067], [0.0015947608119419537, 0.9455574975291028, 0.01894218411603943, 0.033905557542915805], [0.5246283218906062, 0.46716614027035697, 0.002926640794994069, 0.00527889704404277], [0.10267547287064677, 0.8822484688825681, 0.009173004510542206, 0.0059030537362427795], [0.7413597879358776, 0.01028053924467576, 0.03668811324303445, 0.21167155957641204], [0.5859354367970975, 0.38290826280733836, 0.029973462422203972, 0.0011828379733604163], [0.0023230365687671064, 0.850029661039146, 0.000486761534396025, 0.14716054085769087], [0.25720202225202277, 0.5030901033114571, 0.17554437025302974, 0.06416350418349043], [0.445876876612499, 0.3461315023183404, 0.17989825798133502, 0.02809336308782558], [0.0029595156131777822, 0.8416686520743348, 0.14225196422023242, 0.013119868092255014], [0.42799562648350875, 0.49008119498771163, 0.0014717463748979134, 0.08045143215388179], [0.15159524185492293, 0.039091198098904975, 0.0005313993890087645, 0.8087821606571635], [0.6124266373348236, 0.18766251707418452, 0.0012704310368872986, 0.19864041455410467], [0.03990698633547185, 0.9305991266837409, 0.006800996093187915, 0.022692890887599543], [0.0353553189253716, 0.9614517206531773, 0.00010099672309688702, 0.0030919636983544035], [0.00026646641200852076, 0.9795563124462153, 0.02012597776743798, 5.124337433824147e-05], [0.08702735937243736, 0.8016792306455643, 0.003206038828129361, 0.10808737115386902], [0.7060771298897284, 0.20594990264747573, 0.0022465149913678804, 0.08572645247142814], [0.8973332091413334, 0.017617809365812073, 0.023975650445674096, 0.06107333104718047], [0.8636788529171567, 0.10890172178136392, 0.00042523413603878384, 0.026994191165440686], [0.9980929895201305, 0.0003504736667764612, 3.3523599178042364e-05, 0.0015230132139152006], [0.9820523963958735, 7.629915170890425e-05, 0.01003666574728525, 0.00783463870513227], [0.564294227738445, 0.370930580989798, 0.031618730596183975, 0.03315646067557307], [3.0290766329250545e-05, 0.07443226891257415, 0.9120419577999083, 0.013495482521188295], [0.059332517620319984, 0.14769127815230984, 0.0009590475099984351, 0.7920171567173717], [0.02191706637815015, 0.26917756346785976, 0.00884211217019076, 0.7000632579837994], [0.9983440655832961, 0.0002703143877031128, 2.4630672980932886e-05, 0.0013609893560196235], [0.012117967198845855, 0.6854455681748302, 0.00767288403663079, 0.29476358058969326], [0.1941943055458555, 0.6076886229126282, 0.002765955116925341, 0.195351116424591], [0.6552781837276827, 0.01336586681830121, 0.004584052149333479, 0.32677189730468276], [0.6465316418927475, 0.015549869683504889, 0.03681546920603298, 0.30110301921771476], [0.41463828172911316, 0.31344753537598924, 0.08158252545408048, 0.19033165744081706], [0.03042453791897067, 0.9632496792735631, 0.0006390154504601951, 0.005686767357006032], [0.16988557847845806, 0.10072625298472558, 0.0627511943719982, 0.6666369741648183], [0.1866344612419505, 0.7891151124480966, 0.0010626676719064114, 0.02318775863804649], [0.00570462791959888, 0.9833808342921246, 0.00030127415947017706, 0.010613263628806439], [0.000980868824587007, 0.25412811804884167, 0.7356744372797028, 0.009216575846868623], [0.3504755299161154, 0.5803463423400657, 0.04366494420310914, 0.025513183540709652], [0.747050993970096, 0.09124700106718006, 0.03099192373695498, 0.13071008122576913], [0.4206888502145191, 0.25889976460555086, 0.29513852871216756, 0.02527285646776236], [0.38386003814666914, 0.0004281558806571776, 0.13095684613092942, 0.4847549598417442], [0.00038391140319740967, 0.9291879165029224, 0.002334789513110849, 0.06809338258076927], [0.15286281769035615, 0.5326798432405077, 0.06645305266776812, 0.24800428640136807], [0.480470425642319, 0.40298327536532913, 0.001449191253558051, 0.11509710773879378], [0.23962148201280492, 0.6373390602294491, 0.002167954913775633, 0.1208715028439704], [0.7624226721441201, 0.11357105888064936, 0.011782363501707336, 0.11222390547352319], [0.37541656965538545, 0.00038437252590635174, 0.6203902688096185, 0.0038087890090898096], [0.004537248984201763, 0.1508699958406482, 0.6316638802578288, 0.21292887491732124], [0.004359361942549332, 0.23758660403919207, 0.011792118616813415, 0.7462619154014452], [0.5535680062048058, 0.12790084016249922, 0.013255426091437731, 0.30527572754125726], [0.007388897057153664, 0.032582878020102, 0.043718839794543975, 0.9163093851282005], [0.9985223480067373, 0.0004269701487160074, 0.000866839079996248, 0.00018384276455050058], [0.04577432166013449, 0.16960133890169515, 0.017220488686012225, 0.7674038507521582], [0.8956556746865287, 0.013558330644815946, 0.0028390595022042948, 0.0879469351664512], [0.6218118434106907, 0.00334714536247941, 0.3342007740150549, 0.040640237211775135], [0.6447809368453524, 0.003913909774793552, 0.3469935994801557, 0.004311553899698323], [0.03445019622825101, 0.7729465079853199, 0.03434121301962884, 0.15826208276680032], [0.03366363303413763, 0.9173775747997399, 0.024603431470946614, 0.02435536069517588], [0.906659506342444, 0.0843116357299855, 0.001961028499449824, 0.0070678294281206], [0.06003869485087589, 0.11855952865504185, 0.2750678526913482, 0.546333923802734], [0.29440034262103204, 0.09749477704980586, 0.02037275120975562, 0.5877321291194066], [0.16513191069985556, 0.8046403565365315, 0.0005993493799677023, 0.029628383383645197], [0.846298143848768, 0.12909320407863925, 0.002295275873039657, 0.02231337619955299], [0.6427387573759711, 0.27059303660275946, 0.0020197429541328527, 0.08464846306713648], [0.8959730195012445, 0.015392700987967314, 0.002364011699149725, 0.08627026781163859], [0.3936104476152026, 0.3582405259255636, 0.23689926545249765, 0.01124976100673626], [0.03014022707035767, 0.028199170962077143, 0.00012053406040131518, 0.9415400679071639], [0.009622673026839362, 0.9812982502308335, 0.0020206444209323947, 0.007058432321394768], [0.11224753537953139, 0.7514294426481399, 0.12432538410958151, 0.011997637862747065], [0.3335870962509844, 0.09746243539171555, 0.018436683306811082, 0.550513785050489], [0.2268146715762495, 0.7544622128714659, 0.0022984113411776788, 0.016424704211107078], [0.6364106890839808, 0.3333486039990808, 0.018619583794732116, 0.011621123122206336], [0.05905580624732646, 0.00039953688097017943, 0.06156719046137115, 0.8789774664103323], [0.7177145935580898, 0.12595442013145522, 0.036375424451726646, 0.11995556185872833], [0.0018651309561373976, 0.9928968091748752, 0.005094822004351263, 0.00014323786463616046], [0.9989152691144565, 0.0009439498640984159, 0.0001261887666600818, 1.4592254784933924e-05], [0.025926284009503486, 0.8989383114055404, 0.0007319428480639784, 0.07440346173689226], [0.7915418253722071, 0.022843297899264845, 0.06925062311034437, 0.11636425361818385], [0.3900000667501787, 0.3417885883643996, 0.06948765047477849, 0.19872369441064344], [0.45158097901862904, 0.5331111751604716, 0.002304802658191237, 0.013003043162708222], [0.6931995607364388, 0.07600495637914444, 0.2131660955379105, 0.017629387346506167], [0.0003300794465805858, 0.8676645065542727, 0.09744390218657474, 0.03456151181257206], [0.9454541489276281, 0.0045293313582498475, 0.0007496502639040401, 0.04926686945021807], [0.2923530889104863, 0.04093614854035891, 0.17922374185929973, 0.4874870206898551], [0.6578225660164009, 0.06974853362099984, 0.2650759172902621, 0.007352983072337158], [0.050387747293751915, 0.30298938459207997, 0.4886301064782374, 0.15799276163593073], [0.002045486225244999, 0.3853503241073324, 0.11419615975338156, 0.49840802991404104], [0.9417704554026175, 4.0628846281135635e-05, 0.05663452935118082, 0.001554386399920611], [0.9881800994663557, 0.0028106628645868962, 0.008960743074478217, 4.849459457918631e-05], [0.49612924504482675, 0.00917015815878628, 0.0018156121331679555, 0.49288498466321906], [0.48009403030778014, 0.0017984828754889974, 0.0023544022835536704, 0.5157530845331771], [0.21513266998521052, 0.7794418065622417, 0.0006139302431261989, 0.004811593209421505], [0.43262838016077054, 0.5626476091044633, 0.0007924056267079632, 0.003931605108058313], [0.6913846186311252, 0.00875109110625992, 0.2983454211756214, 0.0015188690869934152], [0.25401908340126605, 0.10903067427439284, 0.08264322123340277, 0.5543070210909383]]}}