{"test": {"ids": ["112120700", "102110050", "112116640", "108118630", "110117140", "109118820", "101108290", "101111620", "108115070", "105113210", "104117200", "111120531", "98111620", "97106000", "110116300", "107119390", "105113330", "103111990", "103109021", "97105451", "110120640", "110114920", "111119250", "106118301", "105118171", "110118450", "112118880", "108114670", "110115980", "107114321", "112118550", "109116441", "104119340", "113122220", "97107260", "113122170", "113118231", "111115620", "111118301", "111114321", "104114230", "104118070", "100110260", "101111310", "105113480", "113122650", "110118740", "99111340", "101114020", "112120630", "101109000", "113122160", "101112160", "104111531", "113120780", "108120260", "108116070", "112117030", "110118810", "112116401", "111117000", "111120640", "109117730", "113121810", "105110251", "107113180", "107113130", "109118701", "104111620", "110114950", "99107660", "105112260", "113121410", "109119460", "113119480", "105113190", "105115380", "111118820", "103111170", "103117461", "108117451", "112118620", "112119930", "99119830", "100111390", "99112840", "99108330", "97113260", "97106820", "106115250", "112119950", "113117401", "101119030", "110121500", "112118530", "105121190", "100108580", "113121750", "98107410", "110121140", "101109370", "107121230", "112118421", "111120220", "112120270", "106116850", "112116990", "107115140", "106116120", "112121430", "113120751", "113118810", "113122430", "101112540", "110119300", "113117340", "97107950", "112118701", "99112300", "97107920", "99110050", "111118810", "97116800", "102109850", "100109000", "113122150", "102107961", "111116110", "109114220", "98107010", "111119340", "110120190", "112117431", "109116810", "108115250", "97112170", "104110960", "110116290", "103110220", "112120670", "103111110", "97116401"], "labels": [2, 3, 0, 1, 3, 3, 0, 3, 1, 3, 3, 0, 3, 0, 3, 2, 3, 2, 0, 0, 0, 3, 1, 1, 3, 0, 1, 3, 1, 0, 3, 3, 1, 1, 2, 1, 3, 1, 3, 1, 2, 2, 3, 3, 0, 2, 3, 1, 3, 3, 1, 3, 3, 0, 0, 1, 1, 2, 1, 0, 0, 0, 3, 2, 0, 3, 1, 3, 0, 0, 3, 3, 0, 1, 3, 3, 1, 0, 2, 0, 2, 3, 1, 1, 2, 2, 1, 1, 1, 2, 0, 3, 3, 3, 1, 2, 0, 0, 3, 3, 1, 0, 3, 3, 0, 3, 0, 0, 1, 2, 1, 3, 2, 2, 1, 2, 2, 0, 0, 0, 3, 0, 0, 1, 1, 2, 3, 3, 3, 3, 3, 3, 0, 3, 1, 0, 2, 2, 2, 2, 3, 3], "predicted_labels": [1, 1, 3, 3, 3, 1, 3, 0, 1, 3, 1, 1, 1, 3, 1, 1, 3, 1, 1, 1, 1, 1, 1, 3, 1, 1, 1, 1, 1, 3, 3, 0, 3, 1, 3, 3, 1, 1, 0, 1, 1, 1, 0, 1, 1, 1, 0, 2, 1, 1, 1, 1, 3, 3, 1, 1, 1, 3, 1, 0, 1, 1, 1, 1, 1, 0, 1, 1, 0, 3, 2, 1, 3, 0, 3, 0, 1, 0, 1, 1, 3, 0, 1, 1, 1, 3, 1, 3, 1, 1, 0, 3, 1, 0, 1, 1, 1, 1, 3, 1, 1, 3, 0, 1, 1, 1, 0, 3, 1, 1, 3, 1, 1, 1, 1, 1, 3, 1, 1, 0, 1, 0, 0, 1, 1, 3, 1, 3, 1, 1, 1, 1, 1, 1, 3, 1, 0, 3, 1, 3, 1, 1], "confidence_scores": [[0.2188860195360197, 0.3423035686535685, 0.18636746586746597, 0.2524429459429459], [0.18511254856254866, 0.33245741480741464, 0.22358164613164605, 0.2588483904983905], [0.2138593315181552, 0.2752661005661007, 0.19490584415584425, 0.31596872375990015], [0.1725659556130145, 0.3150330362448009, 0.18949664306281963, 0.3229043650793652], [0.17180825563325566, 0.24436834831834842, 0.25356519869019883, 0.3302581973581972], [0.24776722166722187, 0.3067433510933511, 0.21666785991786, 0.2288215673215674], [0.2763889166389167, 0.22089789654789663, 0.1769938672438673, 0.3257193195693196], [0.2976853757353756, 0.2613537185037185, 0.19722434787434787, 0.24373655788655793], [0.26270295815295824, 0.3156647685647686, 0.21166442723942733, 0.20996784604284616], [0.27576910311910313, 0.24402181152181163, 0.16042848817848823, 0.31978059718059726], [0.23361057831057833, 0.33721748806748814, 0.15252496392496398, 0.2766469696969699], [0.2281881757131758, 0.38214886224886196, 0.15505877455877462, 0.23460418747918754], [0.19076224331224337, 0.34438205683205686, 0.19580308025308032, 0.26905261960261967], [0.1640539183039184, 0.28445875235875234, 0.21020988455988457, 0.34127744477744504], [0.25474059274059285, 0.2984321955821955, 0.15712635697635696, 0.2897008547008546], [0.24104049284049284, 0.2947203130203129, 0.21212765567765568, 0.25211153846153855], [0.2758879821932453, 0.2427387834387834, 0.1990517094017094, 0.2823215249662618], [0.2245315295815296, 0.3550666722166723, 0.18370442890442903, 0.23669736929736945], [0.26258958818958833, 0.29788209568209567, 0.17113662448662464, 0.2683916916416917], [0.29647118992119, 0.30933580308580316, 0.15824001554001554, 0.23595299145299153], [0.21565360195360203, 0.3197070762570763, 0.20076719391719403, 0.263872127872128], [0.20451984126984135, 0.361897136197136, 0.15285519480519483, 0.28072782772782773], [0.1868930311518547, 0.30778248418248405, 0.23704787793905435, 0.26827660672660686], [0.23462914862914877, 0.30541051726051727, 0.13162161727161734, 0.32833871683871696], [0.2577793650793652, 0.34193437950937955, 0.15513602231102241, 0.24515023310023315], [0.2076530969030971, 0.2931963924963925, 0.2307212731712732, 0.2684292374292376], [0.23730846375846373, 0.32182077367077366, 0.18321890331890342, 0.2576518592518593], [0.2325379009879012, 0.30779401154401154, 0.2279842823842825, 0.2316838050838052], [0.2215415584415586, 0.3039972083472082, 0.1974434121434122, 0.277017821067821], [0.2079504134754136, 0.2578570578544264, 0.1880566451092767, 0.34613588356088354], [0.24848502249384605, 0.2783164651138336, 0.1445341158841159, 0.3286643965082045], [0.3308045093795093, 0.28777026862026867, 0.12751251526251528, 0.2539127067377068], [0.21361897759103649, 0.28589511962925274, 0.18970949965067627, 0.31077640312903454], [0.2364011932511933, 0.3125774947274947, 0.18388870018870027, 0.2671326118326119], [0.18090384615384614, 0.3027542901542902, 0.2070228604728605, 0.30931900321900324], [0.20464781525663883, 0.24381970741676626, 0.22221543195366733, 0.3293170453729276], [0.20764084249084264, 0.3226230103230102, 0.17561852869352876, 0.2941176184926183], [0.2713850593850594, 0.2773354700854701, 0.18390142635142628, 0.26737804417804434], [0.292165318015318, 0.28388516483516496, 0.1493321844821845, 0.27461733266733285], [0.20664497920380284, 0.3443221223221223, 0.19380689865689868, 0.25522599981717636], [0.2009513708513709, 0.33026565101565103, 0.18542696747696746, 0.28335601065601057], [0.1607458152958153, 0.3895835830835834, 0.22840581085581094, 0.221264790764791], [0.29492621267621255, 0.241758596958597, 0.22283987123987128, 0.2404753191253193], [0.2887103285603285, 0.3141593795093794, 0.15629893439893444, 0.24083135753135765], [0.22632406204906205, 0.3204489066489068, 0.16061631701631715, 0.2926107142857142], [0.21960569463216525, 0.3184838827838828, 0.16175239009356665, 0.3001580324903855], [0.29480167332667334, 0.26241071706071734, 0.19624888167388183, 0.24653872793872803], [0.19577297147297165, 0.2668143485169802, 0.27829950955477273, 0.25911317045527577], [0.2504397768897768, 0.3050197191697191, 0.17385464535464534, 0.27068585858585875], [0.27092660672660684, 0.29943172383172395, 0.1692417415917416, 0.2603999278499281], [0.18567330969683915, 0.30358570579747035, 0.2096927827074887, 0.30104820179820185], [0.2126923298923299, 0.3514390775890775, 0.19078818958818966, 0.24508040293040304], [0.19647231657231673, 0.24794706959706972, 0.26040202575202587, 0.29517858807858827], [0.24805401265401275, 0.26936317571317586, 0.16863963813963817, 0.3139431734931735], [0.2033811910311911, 0.34458487068487076, 0.16237924297924308, 0.28965469530469523], [0.26418643578643586, 0.3297011988011988, 0.18154996114996128, 0.22456240426240426], [0.2533339105339106, 0.3411353757353757, 0.20028164613164617, 0.2052490675990677], [0.2219035056446822, 0.27947568542568546, 0.17676280027162375, 0.3218580086580084], [0.2501788544788545, 0.28644320679320695, 0.18619926739926754, 0.27717867132867136], [0.34500198690198663, 0.25587342657342677, 0.14213028638028644, 0.25699430014430014], [0.2431117327117329, 0.2736458208458208, 0.21358114108114118, 0.26966130536130545], [0.2372263284101521, 0.3067306082806082, 0.189340725940726, 0.2667023373685139], [0.2675591436341436, 0.27982461704961714, 0.20100249750249763, 0.25161374181374185], [0.2120606357694593, 0.34626017316017293, 0.2072682928182929, 0.23441089825207478], [0.24048417693417695, 0.295593672993673, 0.17284458874458883, 0.2910775613275614], [0.26178063603063595, 0.25602234432234444, 0.22229606504606508, 0.25990095460095464], [0.23222324064824074, 0.3018734598734599, 0.24716518759018768, 0.218738111888112], [0.23455181485181498, 0.3005760442172208, 0.17814869574869566, 0.2867234451822687], [0.30796090021090045, 0.2435244255744257, 0.17390924075924083, 0.2746054334554336], [0.2641006216006217, 0.25085516150516163, 0.16043990453990462, 0.3246043123543125], [0.24220500055500066, 0.2481424852924853, 0.2591279664779665, 0.2505245476745477], [0.2021406426906428, 0.3410925296925296, 0.15592012987012993, 0.3008466977466976], [0.2533339771339772, 0.2942868686868688, 0.13853555888555888, 0.3138435952935952], [0.29639230769230773, 0.2561572352484119, 0.1773958818958819, 0.27005457516339876], [0.2583156787656788, 0.27772690087690094, 0.1533877955377956, 0.3105696248196248], [0.3076384559884559, 0.23571996336996354, 0.15462171717171727, 0.3020198634698636], [0.23643924963924973, 0.33018016632490305, 0.17888292058818372, 0.25449766344766356], [0.3103479353979354, 0.29034380064380083, 0.16145706515706526, 0.23785119880119887], [0.2524501665001666, 0.2999935758685758, 0.19133403263403276, 0.25622222499722513], [0.26901957486957495, 0.3141295593295593, 0.16130165945165947, 0.2555492063492064], [0.31843266733266745, 0.23038458208458204, 0.12392025197025201, 0.32726249861249845], [0.29412397602397605, 0.2832079864579864, 0.1336420745920747, 0.28902596292596316], [0.18348992118992133, 0.3531242326301147, 0.15468756537580072, 0.3086982808041631], [0.18621848706848715, 0.34206202131202157, 0.2319053058053059, 0.2398141858141859], [0.21413975191475193, 0.3071724802974804, 0.20033191530691538, 0.27835585248085254], [0.2023160894660896, 0.27278607503607505, 0.21344336219336224, 0.3114544733044731], [0.20869541210423567, 0.29184840518958155, 0.21577392607392618, 0.2836822566322566], [0.23520007010533342, 0.24983531746031765, 0.2273442390942391, 0.28762037334011026], [0.25417953157953155, 0.29229666999667014, 0.19331240981240982, 0.26021138861138876], [0.2111409534909534, 0.2981378805405121, 0.20228045083571417, 0.2884407151328204], [0.31362331002331, 0.23808441558441565, 0.1445874458874459, 0.3037048285048286], [0.20772528223410577, 0.29192373737373756, 0.2017683982683983, 0.29858258212375866], [0.25623569208569225, 0.3079685425685425, 0.1770179875679878, 0.25877777777777783], [0.31299353424353415, 0.2796956210456212, 0.17203542568542576, 0.23527541902541915], [0.2133921356421357, 0.3650350593850594, 0.19769036519036523, 0.2238824397824398], [0.21742703048585404, 0.2964450271950272, 0.24777184204684216, 0.23835610027227686], [0.24035584415584424, 0.29155032190032193, 0.2615746642246643, 0.2065191697191698], [0.23462620631002995, 0.3366923881673881, 0.1373645021645022, 0.2913169033580799], [0.2381515540015541, 0.2667643301143303, 0.21802855477855498, 0.277055561105561], [0.23379142246642262, 0.30484196359196347, 0.21925160672660682, 0.2421150072150072], [0.2217506216006217, 0.3097919895893579, 0.2039666888666889, 0.26449069994333135], [0.17953373015873023, 0.2965966450216449, 0.16603095238095245, 0.35783867243867246], [0.2933444499944501, 0.2757406926406927, 0.15747662337662344, 0.273438233988234], [0.28723948828948836, 0.3116566933066932, 0.16650566100566105, 0.23459815739815756], [0.18242712842712852, 0.3522318542568543, 0.18911776001775993, 0.27622325729825736], [0.2382576569629202, 0.30378434343434335, 0.2056490786990787, 0.25230892090365775], [0.2764352813852815, 0.25285707070707075, 0.1969347152847154, 0.2737729326229324], [0.25678312520812524, 0.2397461455211456, 0.18934737484737482, 0.31412335442335454], [0.23790836940836949, 0.3007810633810636, 0.21482879342879344, 0.2464817737817738], [0.266448398823399, 0.3238244866244867, 0.14588450160950164, 0.26384261294261296], [0.2253456876456877, 0.27476371406371425, 0.19096980519480525, 0.30892079309579307], [0.2655477577977579, 0.325455527805528, 0.15491951381951385, 0.2540772005772007], [0.20184219391719402, 0.3018568043068044, 0.19919947552447548, 0.2971015262515263], [0.23620538905538918, 0.30953882783882797, 0.18557745032745038, 0.26867833277833286], [0.2567069207710074, 0.31303613053613055, 0.16996396185513835, 0.2602929868377236], [0.25155493395493417, 0.3210337384837384, 0.18719050394050393, 0.24022082362082378], [0.22482810245310253, 0.24656313686313702, 0.25164990009990024, 0.2769588605838606], [0.21908649324531673, 0.2956107281607282, 0.19901551226551237, 0.28628726632844287], [0.22882144522144532, 0.30842388722388714, 0.21263321678321678, 0.25012145077145076], [0.32265528915528924, 0.20260360750360754, 0.18967953712953717, 0.2850615662115664], [0.17945769230769237, 0.29664422799422796, 0.23978027528027546, 0.28411780441780443], [0.3027316405816406, 0.26823211788211787, 0.14481269841269845, 0.2842235431235431], [0.2960908258408261, 0.26899500777000784, 0.19712317682317687, 0.23779098956598968], [0.21697352092352107, 0.29642857697857705, 0.22638220113220117, 0.2602157009657012], [0.2392230899819136, 0.298719658119658, 0.21317461982461988, 0.24888263207380848], [0.22703801198801202, 0.2713211288711289, 0.21098252303252307, 0.2906583361083364], [0.25753751248751255, 0.2852563381063382, 0.21891428571428587, 0.2382918636918638], [0.25247707847707856, 0.25636966921966936, 0.17490616050616054, 0.31624709179709165], [0.2369093573093575, 0.31289039849039846, 0.176126184926185, 0.27407405927405926], [0.2441473526473528, 0.3004016594516595, 0.1743381673881675, 0.2811128205128205], [0.2646651348651349, 0.29022022422022414, 0.16365384615384618, 0.2814607947607947], [0.2690726773226774, 0.3074826118326119, 0.14747749472749486, 0.27596721611721614], [0.25444901209901216, 0.3585202963702965, 0.15017922632922645, 0.2368514652014654], [0.25904527417027423, 0.27686074448427395, 0.19406236573883645, 0.2700316156066156], [0.2002300391129339, 0.26729608520134845, 0.24061557565241792, 0.29185830003329993], [0.25150120435120443, 0.299965823065823, 0.16801551226551237, 0.2805174603174603], [0.29602987012987014, 0.2885375901875902, 0.1683980019980021, 0.24703453768453787], [0.2411373376623377, 0.24389040404040413, 0.24745507270507286, 0.26751718559218557], [0.17285161505161514, 0.34621217116217107, 0.2069594461094462, 0.27397676767676765], [0.22278462648462655, 0.27078421023421045, 0.21951179098679102, 0.28691937229437237], [0.180037556887557, 0.3333963924963925, 0.19672960650460655, 0.2898364441114441], [0.19209036241536248, 0.3051269667467036, 0.26265987696514015, 0.24012279387279384]]}, "rewritten": {"ids": ["97105451", "97106000", "97106820", "97107260", "97107920", "97107950", "97112170", "97113260", "97116401", "97116800", "98107010", "98107410", "98111620", "99107660", "99108330", "99110050", "99111340", "99112300", "99112840", "99119830", "100108580", "100109000", "100110260", "100111390", "101108290", "101109000", "101109370", "101111310", "101111620", "101112160", "101112540", "101114020", "101119030", "102107961", "102109850", "102110050", "103109021", "103110220", "103111110", "103111170", "103111990", "103117461", "104110960", "104111531", "104111620", "104114230", "104117200", "104118070", "104119340", "105110251", "105112260", "105113190", "105113210", "105113330", "105113480", "105115380", "105118171", "105121190", "106115250", "106116120", "106116850", "106118301", "107113130", "107113180", "107114321", "107115140", "107119390", "107121230", "108114670", "108115070", "108115250", "108116070", "108117451", "108118630", "108120260", "109114220", "109116441", "109116810", "109117730", "109118701", "109118820", "109119460", "110114920", "110114950", "110115980", "110116290", "110116300", "110117140", "110118450", "110118740", "110118810", "110119300", "110120190", "110120640", "110121140", "110121500", "111114321", "111115620", "111116110", "111117000", "111118301", "111118810", "111118820", "111119250", "111119340", "111120220", "111120531", "111120640", "112116401", "112116640", "112116990", "112117030", "112117431", "112118421", "112118530", "112118550", "112118620", "112118701", "112118880", "112119930", "112119950", "112120270", "112120630", "112120670", "112120700", "112121430", "113117340", "113117401", "113118231", "113118810", "113119480", "113120751", "113120780", "113121410", "113121750", "113121810", "113122150", "113122160", "113122170", "113122220", "113122430", "113122650"], "labels": [0, 0, 1, 2, 0, 2, 0, 1, 3, 0, 3, 3, 3, 3, 1, 3, 1, 0, 2, 1, 0, 1, 3, 2, 0, 1, 1, 3, 3, 3, 2, 3, 3, 3, 1, 3, 0, 2, 3, 2, 2, 0, 2, 0, 0, 2, 3, 2, 1, 0, 3, 3, 3, 3, 0, 1, 3, 2, 2, 1, 3, 1, 1, 3, 0, 0, 2, 0, 3, 1, 1, 1, 2, 1, 1, 3, 3, 3, 3, 3, 3, 1, 3, 0, 1, 2, 3, 3, 0, 3, 1, 1, 3, 0, 3, 3, 1, 1, 3, 0, 3, 0, 0, 1, 3, 3, 0, 0, 0, 0, 0, 2, 0, 3, 1, 3, 3, 0, 1, 1, 0, 0, 3, 2, 2, 2, 2, 3, 3, 3, 3, 1, 0, 0, 0, 2, 2, 3, 1, 1, 2, 2], "predicted_labels": [0, 3, 1, 3, 0, 1, 1, 3, 3, 0, 1, 3, 1, 1, 3, 3, 1, 1, 1, 3, 1, 1, 0, 3, 3, 3, 1, 1, 3, 1, 1, 1, 1, 1, 1, 1, 1, 1, 1, 1, 1, 1, 1, 1, 3, 1, 1, 1, 1, 1, 1, 0, 3, 0, 1, 1, 1, 1, 1, 1, 1, 1, 1, 3, 3, 3, 1, 3, 1, 1, 3, 0, 3, 1, 1, 1, 0, 1, 0, 1, 3, 0, 1, 3, 1, 1, 1, 3, 1, 0, 1, 1, 3, 1, 1, 1, 1, 3, 3, 1, 1, 1, 0, 1, 3, 1, 1, 1, 1, 3, 0, 3, 1, 1, 1, 3, 1, 1, 1, 1, 0, 1, 3, 1, 1, 1, 1, 1, 1, 1, 1, 1, 1, 1, 1, 1, 1, 3, 3, 1, 1, 1], "confidence_scores": [[0.3236339604839606, 0.2698580808080808, 0.16283458208458212, 0.2436733766233767], [0.22065972915972934, 0.26374578754578754, 0.21140783660783666, 0.30418664668664663], [0.22587652347652343, 0.2911809301809302, 0.2103092352092353, 0.27263331113331124], [0.19507792762792767, 0.27244741369741377, 0.24835238927738928, 0.2841222693972694], [0.33915887445887444, 0.2146844821844823, 0.17699480519480532, 0.2691618381618382], [0.20794544899544928, 0.29203475968475967, 0.22206611166611168, 0.27795367965367973], [0.27071268453768454, 0.31604847097347094, 0.1659739177489179, 0.2472649267399268], [0.2428155566655567, 0.25593343045843053, 0.21295696803196804, 0.28829404484404486], [0.25087102064602085, 0.26854065934065935, 0.20473019758019761, 0.27585812243312247], [0.3046768426018425, 0.256655405705406, 0.17415637973137973, 0.264511371961372], [0.20744951714951723, 0.3147025974025973, 0.18517461704961716, 0.2926732683982685], [0.27109109224109235, 0.23644981684981692, 0.21773253968253964, 0.2747265512265513], [0.23038777888777898, 0.31923352203352195, 0.2403374042624043, 0.21004129481629502], [0.24099213564213573, 0.26548630258630274, 0.24621364191364192, 0.24730791985792], [0.22366349206349212, 0.27373635808635827, 0.2186530081030082, 0.2839471417471417], [0.2012192363192364, 0.26998450438450444, 0.2543156787656788, 0.2744805805305807], [0.1769829004329004, 0.29229523429786597, 0.2753276980329611, 0.25539416723627256], [0.18952395382395396, 0.3513551226551226, 0.21770379620379623, 0.2414171273171273], [0.2401221500721501, 0.2920502386502387, 0.20829868464868473, 0.25952892662892657], [0.20307123921829814, 0.2768150635741968, 0.21791207938088747, 0.30220161782661764], [0.22972893217893223, 0.2916888611388612, 0.2597006604506605, 0.21888154623154624], [0.2585673160173162, 0.29358523143523135, 0.20015453990453996, 0.24769291264291282], [0.3222094516594515, 0.24143746808746824, 0.182696153846154, 0.25365692640692655], [0.24584984182484182, 0.25817460039960044, 0.20964873182373187, 0.28632682595182596], [0.2771678266178266, 0.24146299811299823, 0.17859309579309587, 0.3027760794760796], [0.2258764620999916, 0.25291751842928323, 0.20223795697766292, 0.31896806249306253], [0.26959333999334023, 0.27792757797757817, 0.19734510767010766, 0.2551339743589744], [0.27800337995338004, 0.32060960150960155, 0.16375896325896327, 0.2376280552780553], [0.27368330558330567, 0.24941345321345335, 0.2000874236874238, 0.2768158175158174], [0.22652269119769125, 0.2907735486735486, 0.20790819735819746, 0.2747955627705629], [0.22880985125985132, 0.3245455208190502, 0.18197650160297232, 0.2646681263181263], [0.23165210345210366, 0.2902416305916306, 0.1999408313908315, 0.2781654345654347], [0.26479108358961306, 0.2859849343466991, 0.168664017028723, 0.2805599650349651], [0.24091583628789523, 0.34650669869346334, 0.18484153150770807, 0.2277359335109336], [0.21195870240870238, 0.322159928959929, 0.24871697746697752, 0.2171643911643912], [0.19633680763680772, 0.2872135975135973, 0.2499454323454325, 0.2665041625041624], [0.24516869241869257, 0.323919719169719, 0.1694885891885892, 0.2614229992229991], [0.18999311799311808, 0.32612572982572996, 0.17053721278721287, 0.31334393939393923], [0.22345158730158737, 0.29567551892551897, 0.1870132034632035, 0.2938596903096902], [0.2545139360639362, 0.34901954989454975, 0.1659636141636142, 0.23050289987789988], [0.22445825285825283, 0.3305096903096902, 0.1852224220224221, 0.25980963480963487], [0.27005445665445654, 0.30766025918525913, 0.15731221556221556, 0.2649730685980688], [0.2840240981240982, 0.2863793650793651, 0.20062496392496387, 0.22897157287157296], [0.2822704156954158, 0.2845377011877012, 0.16076313408813422, 0.2724287490287493], [0.27035138391020747, 0.26163084497202144, 0.18210413475413492, 0.2859136363636363], [0.2496213841713842, 0.322747113997114, 0.15696428571428575, 0.2706672161172162], [0.2328033577533578, 0.3211634726384726, 0.14263871683871693, 0.30339445276945265], [0.2155975191475192, 0.3643237744711431, 0.19130615115878283, 0.2287725552225553], [0.23190155400155404, 0.29578758463758464, 0.18923018370518377, 0.2830806776556778], [0.2682292346542347, 0.29171295093795097, 0.20745153735153748, 0.23260627705627707], [0.1707890553890555, 0.35164176379176365, 0.18211184371184386, 0.2954573371073371], [0.3002040015540016, 0.23482125097125112, 0.17688565323565325, 0.28808909423909423], [0.28603406593406605, 0.26079090909090913, 0.14734866244866252, 0.3058263625263627], [0.3044031340348679, 0.2513114607614609, 0.17466506630624284, 0.26962033889742854], [0.22477054889554907, 0.3052807914307913, 0.17298045288045297, 0.29696820679320685], [0.25494915639915644, 0.2950590187590187, 0.1944702131202132, 0.25552161172161186], [0.27393845043845044, 0.33484499944499957, 0.17218606948606963, 0.21903048063048075], [0.1910910109498345, 0.3293966810966812, 0.21104568487068487, 0.2684666230827996], [0.26929240204240207, 0.27066627816627825, 0.2486353146853148, 0.211406005106005], [0.23766946386946392, 0.30960240315240317, 0.20048465978465987, 0.25224347319347334], [0.26010395160395167, 0.2978313797313798, 0.20708360528360542, 0.23498106338106345], [0.27800876345876363, 0.28780304695304715, 0.1607641636141637, 0.27342402597402593], [0.23552370407370415, 0.3215194721944722, 0.22892615995116009, 0.21403066378066382], [0.22170616605616622, 0.25006769896769904, 0.26290711510711506, 0.26531901986901996], [0.2431869408369408, 0.27894760043877703, 0.16993606393606397, 0.30792939478821824], [0.23704083694083702, 0.2108016955266956, 0.1819780663780664, 0.3701794011544012], [0.24247070152070158, 0.2949738483738485, 0.22186637806637816, 0.2406890720390721], [0.1739782162282163, 0.29505992895992894, 0.1742048340548341, 0.3567570207570206], [0.22513900543900564, 0.309193686868687, 0.21470265845265848, 0.25096464923964923], [0.27233882571676693, 0.3286417091078855, 0.16976733038203629, 0.22925213479331139], [0.23800887694177175, 0.23915367205893517, 0.21158312199496415, 0.3112543290043291], [0.29993636918636923, 0.271741391941392, 0.198710411810412, 0.22961182706182706], [0.27811475681181574, 0.24310136236312718, 0.16005610304727955, 0.31872777777777767], [0.23417207792207814, 0.29349950049950047, 0.1932831224331224, 0.2790452991452994], [0.21879081996434943, 0.3303013623631271, 0.2018088999236059, 0.2490989177489177], [0.2357723110223112, 0.2826064047064048, 0.21202463924963932, 0.26959664502164515], [0.30815573841363325, 0.2703803252303252, 0.14359647603858144, 0.27786746031746035], [0.2352331890331892, 0.2958228545963839, 0.20302577455224527, 0.26591818181818183], [0.28753332778332774, 0.27519806859806856, 0.18220381285381299, 0.25506479076479094], [0.26884929514929523, 0.2873168276168277, 0.1764701853701854, 0.2673636918636918], [0.2441588852324148, 0.2698301002918651, 0.20070625257095853, 0.28530476190476195], [0.3016782159361107, 0.2377529304029306, 0.17525769259979782, 0.2853111610611611], [0.23404741924741923, 0.32527057387057395, 0.14002991175491183, 0.3006520951270952], [0.26787489177489193, 0.25356284271284285, 0.20579444444444445, 0.27276782106782105], [0.26659998334998347, 0.27168759018759026, 0.19696312576312586, 0.2647493006993007], [0.20104982239982247, 0.29565081585081576, 0.24767444777444786, 0.25562491397491405], [0.2546243145743147, 0.3410361638361639, 0.17096984126984127, 0.2333696803196804], [0.20647697025197037, 0.2572917970917973, 0.2193086358086359, 0.31692259684759666], [0.21997056277056287, 0.3080274669774669, 0.22476808191808198, 0.24723388833388849], [0.3059785083337715, 0.2251732212232213, 0.21325633255633253, 0.2555919378866747], [0.219794710844711, 0.2712056110556111, 0.24032092352092355, 0.26867875457875484], [0.24297127708892424, 0.3202134790046555, 0.2016184795596561, 0.23519676434676431], [0.23574395049395058, 0.29508552003552024, 0.17097231657231665, 0.2981982128982127], [0.19733830613830622, 0.3028184648684649, 0.24825772560772563, 0.25158550338550334], [0.23004816017316038, 0.3075400432900433, 0.22412036019536025, 0.2382914363414365], [0.278330117105117, 0.294224175824176, 0.1749712842712843, 0.25247442279942284], [0.23034360639360651, 0.3544774836274836, 0.18032751137751146, 0.23485139860139878], [0.25129769119769135, 0.26623096903096904, 0.2027999333999336, 0.27967140637140625], [0.2729420614473245, 0.22507335646809337, 0.18034725070251395, 0.3216373313820683], [0.21597004107004117, 0.3218556998556996, 0.20974275724275737, 0.2524315018315019], [0.2749871092959329, 0.31619662004662014, 0.14251080031080032, 0.2663054703466469], [0.2754373237873238, 0.2892872238872238, 0.17307430902430906, 0.2622011433011433], [0.295312420912421, 0.29370431790431806, 0.1780458874458875, 0.2329373737373739], [0.18505470640470648, 0.3278131091131093, 0.26241219891219897, 0.22471998556998568], [0.26693405483405486, 0.2695611499611501, 0.19058229548229558, 0.2729224997224996], [0.2664175546675549, 0.31415915750915757, 0.15384200799200812, 0.2655812798312798], [0.25569671439671454, 0.3409599955599956, 0.17188880563880574, 0.23145448440448432], [0.25919690587190597, 0.28856705516705544, 0.2016120684870685, 0.25062397047397067], [0.2433619769119769, 0.28453349983349985, 0.19504940614940625, 0.2770551171051172], [0.2433859362859365, 0.2700849261849263, 0.1799895326895328, 0.3065396048396048], [0.29243360528360524, 0.29069893439893424, 0.18019041514041514, 0.23667704517704527], [0.2365837606837608, 0.25866990786990796, 0.19424247419247437, 0.31050385725385715], [0.24460933510933508, 0.30793267843267846, 0.18919648129648145, 0.25826150516150537], [0.2599504995004997, 0.3017851648351647, 0.15663200688200696, 0.2816323287823289], [0.2322922799422801, 0.3579457570207571, 0.20574681152181165, 0.2040151515151516], [0.24206010656010657, 0.27805680430680446, 0.17460281385281395, 0.30528027528027524], [0.26316760739260747, 0.3076814685314687, 0.12194188589188593, 0.3072090381840381], [0.21335453908836272, 0.3328154095904094, 0.1992480463980465, 0.25458200492318145], [0.24799201354201356, 0.28831995781995784, 0.2077587079587081, 0.2559293206793207], [0.1906775835275835, 0.3414298940825257, 0.18582122672648996, 0.28207129566340083], [0.3299763125763127, 0.23368581418581427, 0.15394881229881227, 0.2823890609390609], [0.2008087745587746, 0.3265007825507826, 0.2231082972582974, 0.24958214563214576], [0.25926818181818184, 0.29244795759795766, 0.15459545454545462, 0.29368840603840607], [0.20775072150072146, 0.301324791874792, 0.2433759962259963, 0.24754849039849064], [0.22183005050505075, 0.3624958624708624, 0.19267219169719174, 0.2230018953268953], [0.24487115662115683, 0.3072170496170497, 0.1826704184704184, 0.26524137529137526], [0.2112106171606172, 0.32914800754800755, 0.2047928932178932, 0.2548484820734821], [0.21768865023865036, 0.3067477855477856, 0.20238883893883897, 0.2731747252747253], [0.24958737373737386, 0.32007243312243316, 0.19602753080253088, 0.2343126623376625], [0.21666128316128316, 0.31667770138358364, 0.170317396655632, 0.2963436187995012], [0.26221117771117775, 0.2896768509268509, 0.16979148629148627, 0.27832048507048507], [0.20158184038184054, 0.29064259074259075, 0.2212253968253969, 0.28655017205017225], [0.1950316572316573, 0.3106632867132866, 0.18861666666666668, 0.30568838938838944], [0.2564796425796426, 0.3223900654900655, 0.12123486513486517, 0.29989542679542674], [0.24465627983127983, 0.34087305194805195, 0.14411656121656125, 0.27035410700410695], [0.2053525974025975, 0.3654164224664223, 0.22693585858585866, 0.2022951215451215], [0.216996608946609, 0.28396854256854254, 0.23115288600288605, 0.26788196248196244], [0.2069705128205128, 0.2893929292929294, 0.19776659451659456, 0.3058699633699633], [0.19713701233407124, 0.267512834224599, 0.2355618917030683, 0.2997882617382618], [0.2353055056055056, 0.32333150183150183, 0.16767286324786326, 0.2736901293151293], [0.19239859307359317, 0.33151255411255415, 0.20285866633366625, 0.27323018648018654], [0.2512755078255079, 0.287444214119214, 0.1754471861471863, 0.28583309190809186]]}}