{"test": {"ids": ["113120780", "100108520", "102109010", "102121700", "113122650", "112121410", "109117730", "106111321", "112117571", "97112300", "110121170", "98109311", "110118121", "109117080", "111119290", "109114030", "113121980", "110114950", "105119550", "99121440", "108114670", "111117000", "98108150", "107121640", "103111540", "107113170", "103112470", "97116401", "109116810", "99111930", "101110150", "107114780", "103110050", "112118860", "100108490", "112117780", "102110850", "110121140", "100109360", "113121750", "101114990", "110115250", "103120340", "106112770", "110119300", "104113170", "111120320", "111120531", "101109000", "100109330", "110115980", "106116370", "106113170", "111120260", "106114321", "110114720", "111115780", "108117451", "99108000", "101112690", "99117740", "104111711", "111114321", "109113881", "98109230", "105112260", "100110260", "111118910", "111116090", "107118520", "98117740", "101111310", "110113931", "102108621", "99108460", "110117200", "100111620", "108120621", "99112531", "99110050", "98108970", "97112170", "101111620", "106118301", "102110240", "110118930", "101121640", "113120070", "108116070", "99107660", "98111231", "99108710", "106119260", "102113350", "107113840", "112120630", "110118301", "108115970", "110117110", "107121540", "101108121", "100117420", "110115580", "111121351", "111116010", "107114321", "97113900", "113119930", "106118520", "101111210", "113118111", "112120670", "108118630", "99108520", "113119480", "110117140", "99108310", "105115570", "106117790", "111117571", "113119950", "111119340", "105113440", "99107500", "106115120", "112116540", "113117550", "107112850", "109115070", "110113591", "106114011", "103109021", "99109311", "99114890", "112117210", "100113370", "108113740", "98121790", "98107380", "101112160", "100111390", "110120540"], "labels": [0, 2, 1, 1, 2, 0, 3, 0, 3, 2, 2, 1, 3, 1, 3, 1, 2, 0, 1, 2, 3, 0, 0, 1, 1, 0, 1, 3, 3, 1, 1, 2, 3, 3, 2, 0, 3, 3, 0, 0, 3, 1, 1, 1, 1, 3, 1, 0, 1, 0, 1, 2, 0, 3, 2, 3, 1, 2, 2, 1, 2, 1, 1, 0, 1, 3, 3, 0, 3, 2, 2, 3, 1, 3, 0, 3, 3, 1, 3, 3, 3, 0, 3, 1, 3, 1, 2, 2, 1, 3, 1, 2, 1, 3, 3, 3, 1, 2, 0, 2, 0, 2, 1, 0, 1, 0, 2, 1, 2, 2, 1, 2, 1, 2, 3, 3, 2, 0, 1, 3, 0, 3, 0, 0, 1, 1, 3, 1, 0, 0, 1, 0, 1, 2, 1, 3, 3, 2, 1, 3, 2, 1], "predicted_labels": [1, 3, 0, 1, 3, 3, 3, 1, 1, 3, 3, 1, 3, 1, 3, 0, 0, 3, 1, 1, 3, 1, 2, 1, 0, 3, 3, 0, 0, 1, 1, 1, 1, 3, 1, 3, 1, 0, 0, 1, 1, 1, 3, 1, 3, 3, 3, 1, 1, 0, 0, 0, 1, 3, 0, 1, 3, 3, 1, 3, 0, 3, 3, 0, 2, 1, 0, 3, 0, 1, 1, 1, 3, 0, 3, 0, 3, 3, 3, 3, 1, 3, 0, 0, 1, 1, 3, 1, 1, 0, 0, 1, 3, 3, 1, 0, 0, 1, 1, 1, 0, 3, 1, 0, 1, 1, 0, 1, 1, 3, 3, 1, 3, 0, 3, 0, 1, 1, 1, 3, 3, 3, 1, 1, 0, 1, 3, 1, 1, 0, 1, 3, 1, 1, 1, 0, 3, 0, 0, 1, 3, 1], "confidence_scores": [[0.22229342067362104, 0.33207643906890394, 0.14127878208984135, 0.30435135816763403], [0.207510846565342, 0.12490985495508508, 0.47530179413285323, 0.19227750434671959], [0.21908471182546793, 0.2371723522756375, 0.36161925960686203, 0.18212367629203244], [0.22530559326959795, 0.27192704414281305, 0.3110330764384301, 0.19173428614915894], [0.14714998352514247, 0.25911430808343167, 0.3879223796183204, 0.20581332877310535], [0.282694418738144, 0.26888333775303713, 0.14776535939454408, 0.3006568841142748], [0.25230971437914285, 0.2643946336146808, 0.17098775261687288, 0.3123078993893035], [0.19659518112136182, 0.33637543902468187, 0.15142387055778633, 0.31560550929616965], [0.17613492284342686, 0.3453603778224885, 0.1744621574674004, 0.30404254186668395], [0.24527822023296916, 0.19390400030729787, 0.3141411797175278, 0.24667659974220513], [0.2124959255550229, 0.2546323324716762, 0.2354862036729474, 0.2973855383003534], [0.2607871670115256, 0.3163818749869885, 0.17821527501749715, 0.24461568298398909], [0.2129569857420821, 0.3346762947282233, 0.09654950700422799, 0.35581721252546655], [0.13459098575198433, 0.4321114455787406, 0.16422694562543488, 0.2690706230438402], [0.22412996178330308, 0.24846127921519703, 0.19199896555320142, 0.33540979344829863], [0.36875711425903274, 0.25856184785873354, 0.05588591369146135, 0.3167951241907725], [0.34985782839727425, 0.2994567849935067, 0.013868121649078177, 0.33681726496014097], [0.3010979779623292, 0.2418146896145175, 0.15776218572785264, 0.2993251466953005], [0.23576545673733593, 0.31939918921272165, 0.22333359414514975, 0.2215017599047924], [0.15342408110900865, 0.2807897440717017, 0.3980866951516128, 0.1676994796676766], [0.28735352953464005, 0.26947677134874876, 0.14567409811895624, 0.29749560099765493], [0.19547036606774704, 0.32250565750739396, 0.2147610670667536, 0.26726290935810526], [0.1374709772939186, 0.21926256013921458, 0.5029048095153814, 0.14036165305148537], [0.1606482921644348, 0.2902088972400606, 0.31048019961075435, 0.23866261098475033], [0.2931744692348466, 0.24801425537285857, 0.1742389674645213, 0.2845723079277737], [0.32752393551709946, 0.24724337218135994, 0.08900881630918342, 0.3362238759923573], [0.20813242991997286, 0.26012411047358835, 0.27343530780428876, 0.25830815180215005], [0.2841453229973758, 0.25883020697868503, 0.19507818946949834, 0.2619462805544407], [0.3231062176607908, 0.30620041305178264, 0.04886600280576679, 0.32182736648165977], [0.2700404939023789, 0.3125760605853422, 0.16671129983757016, 0.2506721456747087], [0.26219371021425614, 0.3666621833216864, 0.08153284765842343, 0.28961125880563393], [0.1271347604470466, 0.3722056288904144, 0.24154037565675285, 0.25911923500578604], [0.27381497726570336, 0.2979462899640228, 0.1465350277644112, 0.28170370500586295], [0.18440548911094035, 0.26718041850048996, 0.277760678555682, 0.2706534138328879], [0.19134846299576877, 0.29557320440223056, 0.363136156142929, 0.14994217645907157], [0.30620220057595343, 0.26251258515694625, 0.09046316632671692, 0.3408220479403834], [0.13889890707697528, 0.3816663327149919, 0.20205081685565668, 0.27738394335237654], [0.4368744316243446, 0.19182695877026656, 0.060185105598847044, 0.31111350400654175], [0.31844529836588303, 0.21584036674302318, 0.17342970074725864, 0.2922846341438353], [0.27554331422713674, 0.36256990270082484, 0.035087245786504476, 0.32679953728553396], [0.22626516630912746, 0.31656778082251263, 0.24681693119798526, 0.21035012167037445], [0.17832045981880015, 0.4030863895445061, 0.0805248606157463, 0.3380682900209475], [0.19155708278643263, 0.2256642556018617, 0.40745698868651575, 0.1753216729251897], [0.18862872766900785, 0.31497130314302957, 0.20686798542630225, 0.28953198376165995], [0.24197662978694962, 0.2922804751458349, 0.16536491821483718, 0.3003779768523784], [0.23029920118290265, 0.3215569416122337, 0.11326856184095419, 0.3348752953639092], [0.18494977694384707, 0.26445634208249386, 0.3095266566267466, 0.24106722434691247], [0.3058742813799755, 0.3315819656484293, 0.03761345328897649, 0.32493029968261883], [0.25352861307880453, 0.3357926679264738, 0.0793655022270091, 0.33131321676771236], [0.36942942960837827, 0.2711305307907526, 0.06730232171903872, 0.29213771788183046], [0.317159730279032, 0.241752007448676, 0.20298381526980824, 0.23810444700248384], [0.3969676538224858, 0.1642100802922593, 0.13329812475666356, 0.3055241411285914], [0.25673063005975866, 0.3664511689436685, 0.06574457044017636, 0.3110736305563967], [0.3070227234356657, 0.2724246005596035, 0.10404430487815851, 0.3165083711265722], [0.36176057101254566, 0.25398586352376584, 0.07765449492613377, 0.30659907053755475], [0.13373698766426004, 0.33078993000524615, 0.306090522483725, 0.2293825598467687], [0.19748123179145172, 0.28145974022167225, 0.2427889476761879, 0.2782700803106884], [0.33730429907268533, 0.25024266749389396, 0.06802454285318048, 0.34442849058024017], [0.14223003860573805, 0.3351113370310562, 0.3507079957336855, 0.17195062862952035], [0.30871908557191635, 0.25670947852754367, 0.09155879091005042, 0.3430126449904897], [0.48252236966298206, 0.17828082505491022, 0.07258273856495653, 0.2666140667171511], [0.261938061785405, 0.29002167124937533, 0.13622529079579407, 0.31181497616942566], [0.26211569401589235, 0.30157515966247816, 0.10766116654988589, 0.3286479797717434], [0.39628296286509834, 0.2267276539917061, 0.13180394571120196, 0.24518543743199334], [0.15859571844450263, 0.1432279375590314, 0.5703700403249423, 0.12780630367152346], [0.17033781575409407, 0.3354510407471545, 0.19145841011100537, 0.30275273338774616], [0.43070056245636806, 0.17047119240944603, 0.05371556088162003, 0.34511268425256575], [0.23081702948890734, 0.3261123850964703, 0.1059429837562183, 0.3371276016584042], [0.37752180883204983, 0.249610870148333, 0.05243412784878125, 0.3204331931708358], [0.24650987069226804, 0.34847465124791893, 0.09801708120394789, 0.30699839685586516], [0.21625307243168307, 0.3206212430894003, 0.24568857715066741, 0.21743710732824903], [0.2568457268155394, 0.26867400277487574, 0.27466041266737223, 0.19981985774221275], [0.25846491215867023, 0.2320629982695582, 0.24898902068252218, 0.2604830688892494], [0.40795070443606296, 0.23125281947895165, 0.032972369133182716, 0.32782410695180275], [0.29677086187154245, 0.24621129799274183, 0.12439895788068013, 0.33261888225503544], [0.3198276411217696, 0.30505373281645903, 0.08412835664523934, 0.29099026941653205], [0.19825546405415248, 0.19197107734778898, 0.38779181255176587, 0.2219816460462927], [0.3109293199288573, 0.24567700717071744, 0.12529520068794034, 0.31809847221248516], [0.23623039941883775, 0.24016561694186825, 0.2508271792028395, 0.2727768044364544], [0.2637484570917054, 0.24668311655269853, 0.21657019324611176, 0.2729982331094842], [0.12610324163414366, 0.377191883303523, 0.3406907031926215, 0.15601417186971175], [0.33189878064072725, 0.22255702864330135, 0.11404223529511087, 0.3315019554208604], [0.3125017582036731, 0.2500347984412234, 0.20096870224599528, 0.23649474110910843], [0.4535058738500325, 0.21541982936824056, 0.01880642242886151, 0.3122678743528653], [0.2361300120752833, 0.30103495966320276, 0.18266022531180878, 0.28017480294970465], [0.13418796102740127, 0.36732724665542915, 0.2536485606133114, 0.2448362317038581], [0.1968350266529598, 0.26085541729639344, 0.23324800513965538, 0.30906155091099147], [0.1567605034435681, 0.37549171766476563, 0.24389915527683123, 0.22384862361483499], [0.20838234068220715, 0.3175216410522093, 0.1732665180911843, 0.30082950017439924], [0.4533071967465825, 0.17530610362378762, 0.04635205470400035, 0.32503464492562967], [0.3977505944739209, 0.21222263819053383, 0.14959398478625685, 0.24043278254928852], [0.22316359357287974, 0.3835950574982721, 0.20074392522276924, 0.1924974237060793], [0.292703489223408, 0.17253997663040768, 0.2249806825581836, 0.30977585158800053], [0.19157141704771333, 0.2878763102742206, 0.21320792334718516, 0.307344349330881], [0.24465331479110147, 0.32902341823457104, 0.14370747725054553, 0.2826157897237816], [0.39831086978344354, 0.202253307791594, 0.04450152709236824, 0.3549342953325941], [0.3500146734875993, 0.2600596681818319, 0.05878902482776668, 0.33113663350280204], [0.2134926174338307, 0.28199321311439496, 0.2490144654385334, 0.25549970401324074], [0.26266171618845774, 0.3021011638538262, 0.1249526313891193, 0.3102844885685967], [0.15629230488018497, 0.2761213558370797, 0.36780819910629453, 0.1997781401764405], [0.4123640948506604, 0.18209504838744875, 0.10532656004047225, 0.30021429672141875], [0.2368786541954375, 0.2596577317596177, 0.18498190478814208, 0.3184817092568028], [0.22197365135463773, 0.32752177758694245, 0.2119556296850391, 0.2385489413733807], [0.3538931453114115, 0.2290729809992895, 0.12074029043870667, 0.2962935832505923], [0.132374488968554, 0.27683804589147776, 0.4095636929116862, 0.1812237722282818], [0.2907556823145397, 0.34838387409638083, 0.01805437007000618, 0.3428060735190733], [0.2824667867233372, 0.238544337033381, 0.30762012635037317, 0.171368749892909], [0.2635687342375376, 0.31814040027822243, 0.10962816789627658, 0.30866269758796316], [0.1683445713947588, 0.3481768497544828, 0.2829972626816555, 0.20048131616910297], [0.18006724110185293, 0.29291538964765024, 0.18732012629545816, 0.33969724295503867], [0.2684149077658568, 0.2714090881544845, 0.11786034941186974, 0.34231565466778896], [0.1887294815169365, 0.3324472606312085, 0.16050544411061, 0.31831781374124507], [0.166130604655597, 0.2893038477314513, 0.19350411943300813, 0.35106142817994346], [0.2245089834346633, 0.21268754975053172, 0.39458798202581913, 0.16821548478898582], [0.32191636558178804, 0.24726569955784142, 0.07516278108787555, 0.35565515377249507], [0.32791011344759535, 0.2781676557104609, 0.07716588181620176, 0.31675634902574185], [0.2466231050823854, 0.2868566349680536, 0.30547697947109786, 0.16104328047846303], [0.12618747837076974, 0.26035500030150116, 0.4433620961621589, 0.1700954251655704], [0.25868640901008966, 0.28153066369767243, 0.1882279664772786, 0.27155496081495956], [0.308038899565283, 0.2965058264005633, 0.057458953393768115, 0.33799632064038576], [0.37169942686594803, 0.2232162656099271, 0.05461818898358604, 0.3504661185405386], [0.21323284746325133, 0.2844135647352449, 0.19151346388418072, 0.31084012391732313], [0.1683635983082027, 0.3443463712017218, 0.21667243886559598, 0.2706175916244794], [0.19620298466033603, 0.37001017968453304, 0.12714676743568287, 0.30664006821944784], [0.3430384709363068, 0.2826179536536103, 0.053428241876153214, 0.32091533353392954], [0.23334789515134058, 0.3462635744843511, 0.08165028452987311, 0.33873824583443535], [0.23376547206941872, 0.2522979958723182, 0.1991848703535086, 0.3147516617047542], [0.1844509874338464, 0.36638184852676, 0.20662647864132894, 0.24254068539806437], [0.25433966226085913, 0.3688680161634399, 0.08382692199421792, 0.2929653995814827], [0.42586506964387577, 0.19337886726731462, 0.04049174484820577, 0.3402643182406038], [0.2154057699262859, 0.30187000799896446, 0.23712351710152482, 0.24560070497322453], [0.27053991132265337, 0.25769862236035745, 0.20685290798455278, 0.26490855833243615], [0.274086294890373, 0.3185881970015798, 0.17496961649649853, 0.23235589161154854], [0.14420601270401184, 0.3547106960437195, 0.1907860652542344, 0.3102972259980343], [0.13025074589588417, 0.3295685464544266, 0.30639114885928725, 0.23378955879040192], [0.2959321009483699, 0.2660678767374175, 0.1443005254149721, 0.2936994968992406], [0.3319339351165766, 0.2416892428579138, 0.07983975911580854, 0.3465370629097009], [0.3478516477928818, 0.22879487365192316, 0.12175056626698666, 0.3016029122882084], [0.4026729254984242, 0.12870728345642413, 0.20119984801504645, 0.26741994303010524], [0.2605255998831646, 0.3496065107202433, 0.10496281915221495, 0.28490507024437683], [0.27070399602337497, 0.2343133595462307, 0.18256147740387682, 0.31242116702651757], [0.15896621562068128, 0.3932181068067334, 0.22283336952670008, 0.22498230804588532]]}, "rewritten": {"ids": ["97112170", "97112300", "97113900", "97116401", "98107380", "98108150", "98108970", "98109230", "98109311", "98111231", "98117740", "98121790", "99107500", "99107660", "99108000", "99108310", "99108460", "99108520", "99108710", "99109311", "99110050", "99111930", "99112531", "99114890", "99117740", "99121440", "100108490", "100108520", "100109330", "100109360", "100110260", "100111390", "100111620", "100113370", "100117420", "101108121", "101109000", "101110150", "101111210", "101111310", "101111620", "101112160", "101112690", "101114990", "101121640", "102108621", "102109010", "102110240", "102110850", "102113350", "102121700", "103109021", "103110050", "103111540", "103112470", "103120340", "104111711", "104113170", "105112260", "105113440", "105115570", "105119550", "106111321", "106112770", "106113170", "106114011", "106114321", "106115120", "106116370", "106117790", "106118301", "106118520", "106119260", "107112850", "107113170", "107113840", "107114321", "107114780", "107118520", "107121540", "107121640", "108113740", "108114670", "108115970", "108116070", "108117451", "108118630", "108120621", "109113881", "109114030", "109115070", "109116810", "109117080", "109117730", "110113591", "110113931", "110114720", "110114950", "110115250", "110115580", "110115980", "110117110", "110117140", "110117200", "110118121", "110118301", "110118930", "110119300", "110120540", "110121140", "110121170", "111114321", "111115780", "111116010", "111116090", "111117000", "111117571", "111118910", "111119290", "111119340", "111120260", "111120320", "111120531", "111121351", "112116540", "112117210", "112117571", "112117780", "112118860", "112120630", "112120670", "112121410", "113117550", "113118111", "113119480", "113119930", "113119950", "113120070", "113120780", "113121750", "113121980", "113122650"], "labels": [0, 2, 2, 3, 1, 0, 3, 1, 1, 1, 2, 2, 0, 3, 2, 2, 0, 2, 2, 1, 3, 1, 3, 2, 2, 2, 2, 2, 0, 0, 3, 2, 3, 3, 2, 0, 1, 1, 2, 3, 3, 3, 1, 3, 2, 3, 1, 3, 3, 3, 1, 0, 3, 1, 1, 1, 1, 3, 3, 0, 0, 1, 0, 1, 0, 1, 2, 1, 2, 1, 1, 2, 1, 1, 0, 3, 0, 2, 2, 2, 1, 3, 3, 2, 1, 2, 1, 1, 0, 1, 0, 3, 1, 3, 0, 1, 3, 0, 1, 1, 1, 0, 3, 3, 3, 1, 1, 1, 1, 3, 2, 1, 1, 1, 3, 0, 3, 0, 3, 3, 3, 1, 0, 0, 1, 1, 3, 0, 3, 3, 2, 0, 3, 1, 3, 1, 0, 2, 0, 0, 2, 2], "predicted_labels": [3, 0, 0, 3, 0, 3, 0, 2, 0, 0, 1, 0, 1, 0, 1, 1, 3, 3, 1, 3, 1, 1, 3, 1, 0, 1, 0, 3, 0, 3, 0, 3, 3, 0, 1, 0, 3, 1, 3, 1, 2, 0, 3, 1, 3, 3, 3, 1, 1, 3, 0, 0, 0, 0, 3, 2, 3, 3, 1, 3, 3, 1, 0, 1, 1, 1, 0, 0, 0, 1, 0, 0, 0, 1, 3, 0, 0, 1, 1, 3, 2, 0, 0, 0, 1, 3, 3, 0, 0, 1, 1, 1, 1, 0, 3, 0, 0, 0, 1, 0, 0, 0, 0, 1, 3, 0, 1, 1, 0, 0, 2, 1, 2, 0, 0, 1, 0, 3, 2, 0, 3, 0, 0, 0, 1, 1, 3, 0, 1, 0, 3, 0, 2, 0, 0, 0, 0, 3, 2, 1, 0, 3], "confidence_scores": [[0.2621969968820616, 0.2532592663762616, 0.2125746812120648, 0.27196905552961215], [0.3512779072620601, 0.19078744105874815, 0.22930439770835956, 0.22863025397083223], [0.29058312130059377, 0.23490162623306898, 0.33646585256053846, 0.13804939990579865], [0.2832406485581534, 0.24667776520740364, 0.15724488432290037, 0.31283670191154267], [0.3191850962899664, 0.19934724111127616, 0.22477211933820082, 0.25669554326055644], [0.16844283295517776, 0.20363309824025566, 0.4511455275999131, 0.17677854120465342], [0.2467241145849771, 0.24170948510367654, 0.326824255547938, 0.18474214476340833], [0.1431426506010823, 0.20638349099842418, 0.5276468803157703, 0.12282697808472254], [0.33208722374945815, 0.2664696770467469, 0.11756942978804304, 0.2838736694157518], [0.2757503340595363, 0.2488147131150482, 0.2151379902461492, 0.2602969625792664], [0.20719553005117242, 0.2776827001457893, 0.3466512022634999, 0.16847056753953835], [0.23017565113571006, 0.22026855935531453, 0.3857173160706999, 0.1638384734382753], [0.18481827723022617, 0.29139632178916364, 0.3363148231768523, 0.18747057780375778], [0.30638482651776283, 0.2120129839389979, 0.18923352065358043, 0.29236866888965896], [0.17565915420151484, 0.2555479215741462, 0.43419084148358555, 0.13460208274075375], [0.22598666556945143, 0.2698098928327188, 0.3052317686336089, 0.1989716729642208], [0.25531316376574265, 0.25479000524354384, 0.17199248066448003, 0.3179043503262335], [0.18438815261109062, 0.22016247623187832, 0.4172741251029767, 0.17817524605405444], [0.18676711794903225, 0.326743393188349, 0.32586803751945376, 0.160621451343165], [0.2226853559986462, 0.25318137623226644, 0.2942287512859503, 0.2299045164831371], [0.21453241898946684, 0.2925394314484782, 0.2748143255181499, 0.21811382404390484], [0.26836814727975694, 0.2902925332547829, 0.20591377411846054, 0.23542554534699944], [0.20862682336449329, 0.2461033075869939, 0.3034860355942747, 0.24178383345423815], [0.1636506207254767, 0.2419151416414665, 0.442501189327477, 0.15193304830557988], [0.3626702847118129, 0.24161835306013688, 0.09829558763860798, 0.2974157745894423], [0.20441529073834885, 0.2688057768322585, 0.3498003286807884, 0.17697860374860436], [0.2471166248531013, 0.2530379318527615, 0.3222583088585468, 0.1775871344355907], [0.21967554060597042, 0.19214224995668155, 0.343697175235766, 0.24448503420158182], [0.3053982148682866, 0.2235822841568683, 0.24543763487230252, 0.2255818661025425], [0.25643418779152566, 0.22909249972737752, 0.28304125904176297, 0.23143205343933373], [0.3497917778703396, 0.2254084202945281, 0.13093870363794616, 0.2938610981971862], [0.2635987626198701, 0.20002105102677203, 0.28575351175729996, 0.250626674596058], [0.20911231963407315, 0.19926211503245647, 0.37044745704877446, 0.22117810828469595], [0.3143283781650742, 0.19830167135945176, 0.24096619256644533, 0.2464037579090289], [0.184525148445838, 0.22023808635621606, 0.434967291708118, 0.16026947348982798], [0.38593683111896554, 0.21929533700675716, 0.08576203574006432, 0.3090057961342131], [0.2879319521631201, 0.2963134303810899, 0.09449845768080713, 0.32125615977498295], [0.22825253433355672, 0.2528823934796394, 0.3094952632958881, 0.20936980889091572], [0.17447235758772647, 0.24402216161078535, 0.33632405072315613, 0.24518143007833215], [0.22063589326126182, 0.26408938929806897, 0.31111538372646297, 0.20415933371420608], [0.21489095801559263, 0.18503194936630468, 0.472108489974073, 0.12796860264402987], [0.30236142925941556, 0.26731431125335586, 0.15180904229899372, 0.2785152171882351], [0.1862839772082934, 0.211112477163302, 0.3497157143059693, 0.2528878313224353], [0.20358559365505982, 0.27460415413739914, 0.30553160585719635, 0.21627864635034488], [0.20605414736186445, 0.2652031533114318, 0.2546908021024876, 0.27405189722421625], [0.2896294798829226, 0.21975358959752514, 0.1876462373537467, 0.30297069316580555], [0.2601747288500879, 0.23001770738088873, 0.2455405414158575, 0.2642670223531656], [0.2254798938681761, 0.2480260521414521, 0.3180956632313194, 0.20839839075905256], [0.13426945477639968, 0.26170095569055335, 0.45213597758051466, 0.15189361195253254], [0.2416237005821715, 0.20686037805582744, 0.31644448808872466, 0.23507143327327656], [0.29175159953783414, 0.2519866507248953, 0.23861138628561668, 0.217650363451654], [0.24791491614175665, 0.22048142570120502, 0.32689639269999066, 0.20470726545704748], [0.24052656433702288, 0.24420714489194673, 0.3010690095013305, 0.2141972812697], [0.27096204224459813, 0.21304328355502208, 0.2891025077486432, 0.22689216645173652], [0.26328928402587154, 0.22885410306525295, 0.2291918865300354, 0.2786647263788402], [0.16131310532723253, 0.18699486450139602, 0.4959369762043235, 0.1557550539670481], [0.32917470277889527, 0.21592491300892616, 0.1389318014133823, 0.3159685827987963], [0.18714442572881182, 0.24629762933240623, 0.3568034553318362, 0.2097544896069455], [0.19663082343364835, 0.28989219717289755, 0.3387547541073792, 0.17472222528607512], [0.24779145655621998, 0.24489800854259017, 0.2593647738622881, 0.24794576103890173], [0.20084954416854695, 0.20594783689870963, 0.38311531629487217, 0.21008730263787137], [0.15594893175616484, 0.2849537358666318, 0.33510064211401863, 0.2239966902631846], [0.2759905210221114, 0.24232702155194566, 0.2948731509423488, 0.18680930648359398], [0.23907481203656478, 0.24955198287539662, 0.30280893400459036, 0.20856427108344858], [0.2871964595964153, 0.3022713970951752, 0.10162384147719661, 0.30890830183121293], [0.20444121146578081, 0.28345708417107357, 0.3267458056837197, 0.18535589867942587], [0.39608006609779606, 0.20374981436373643, 0.10762753451426878, 0.29254258502419894], [0.38691873227237106, 0.22893530935880071, 0.08455361302488944, 0.29959234534393897], [0.3578926828512305, 0.17696303424634846, 0.20672920308230944, 0.2584150798201113], [0.24531820666360826, 0.29824873548265185, 0.21489175619068185, 0.24154130166305807], [0.33334679471971357, 0.2106754685799007, 0.1627194837427887, 0.29325825295759667], [0.24199857154793916, 0.2239258682122539, 0.3507070853267557, 0.1833684749130512], [0.3882751317899662, 0.15831994799649438, 0.19532250482967295, 0.25808241538386645], [0.1468850284594319, 0.2809196249362816, 0.3885972746593978, 0.18359807194488884], [0.2717968455825177, 0.21829303701649194, 0.20063614933066157, 0.30927396807032914], [0.2744849188302205, 0.2680286273026061, 0.24219368683316492, 0.21529276703400843], [0.4272214806333606, 0.22330464001936212, 0.029224826397837404, 0.3202490529494399], [0.15108311837017524, 0.2870456007688284, 0.3502595209278192, 0.2116117599331767], [0.2487284809824913, 0.31674310881000833, 0.14121662703112642, 0.293311783176374], [0.22254094646306777, 0.20400792402272952, 0.3651395140758674, 0.20831161543833557], [0.10205651849264147, 0.2082370478698784, 0.5747072014442997, 0.1149992321931806], [0.39471608728238367, 0.20973057616217536, 0.048374509709141346, 0.3471788268462996], [0.3420137464151865, 0.20833008742601727, 0.2766107275501864, 0.17304543860861005], [0.26181362661822005, 0.24155459080501282, 0.26868321894427577, 0.22794856363249136], [0.23782983429838622, 0.27890117691863614, 0.2330709433047746, 0.2501980454782028], [0.29083842573645796, 0.22086971165253708, 0.20350564662728343, 0.28478621598372167], [0.26367001226058384, 0.2396782208126338, 0.23337870035837657, 0.26327306656840593], [0.2812054379717725, 0.1612035231109251, 0.34566491032617397, 0.21192612859112867], [0.3837241581875698, 0.22859545474599594, 0.16129573444349465, 0.22638465262293955], [0.24471538909602042, 0.272771338231816, 0.20185693748462494, 0.28065633518753863], [0.2468393113075936, 0.2918446500559881, 0.2610054079547292, 0.20031063068168928], [0.29175878871878425, 0.30914303506859026, 0.08425727521448796, 0.3148409009981377], [0.1812656942814019, 0.34897215503023266, 0.23647476358368152, 0.23328738710468347], [0.35178063355469125, 0.18519801357182752, 0.17408635561514788, 0.2889349972583336], [0.30126910465847784, 0.2406022925226857, 0.14761895431820507, 0.3105096485006313], [0.3252196581352269, 0.20328503782967472, 0.2368815294559269, 0.23461377457917146], [0.30523151166688267, 0.15453834173209618, 0.3557382854611764, 0.18449186113984486], [0.3308032553320779, 0.21363507542585544, 0.16659468425035023, 0.2889669849917165], [0.2464158674646884, 0.2600094664575073, 0.24708014366216316, 0.24649452241564102], [0.26459764772932703, 0.21294590552890993, 0.3207494090638033, 0.2017070376779597], [0.27870387596323715, 0.1737373529476245, 0.3719722905161304, 0.17558648057300777], [0.23115517157303977, 0.24068936497822832, 0.310609676844095, 0.21754578660463667], [0.2936002087984752, 0.26236826161911353, 0.18102789782514134, 0.26300363175727004], [0.2037791183812192, 0.26034298221347824, 0.3841437237328808, 0.15173417567242167], [0.2763407333389246, 0.24565127051219895, 0.2009904514801669, 0.27701754466870937], [0.28550807653066174, 0.24383735028808828, 0.22521710239995213, 0.2454374707812977], [0.21166727051260126, 0.27476935188915125, 0.33147520941388603, 0.18208816818436158], [0.251817525915598, 0.29795676748549116, 0.17373545426737058, 0.2764902523315399], [0.2801289940368746, 0.2527071764499837, 0.2659450606520146, 0.20121876886112702], [0.4327378366932726, 0.18101880901618353, 0.14610261586372042, 0.24014073842682315], [0.17749517997153044, 0.19717132381901478, 0.4774819927253622, 0.14785150348409268], [0.24701870883787352, 0.2892685938762891, 0.2444646910084888, 0.2192480062773485], [0.16082584986676532, 0.22051940501212158, 0.4677893434209659, 0.15086540170014712], [0.3164223712204044, 0.20510185433891379, 0.2287653993721992, 0.24971037506848248], [0.3527347033107248, 0.2172081613638303, 0.13256657281158307, 0.2974905625138618], [0.1491894235638957, 0.26574526131921206, 0.41026217643984153, 0.174803138677051], [0.26233748403115803, 0.2666320486854794, 0.23035449044406967, 0.2406759768392931], [0.2754930769403177, 0.24575628559954107, 0.17125696402712276, 0.30749367343301837], [0.18575154994252763, 0.18687409712249545, 0.49712015330376774, 0.13025419963120932], [0.2003601036538516, 0.22225901583206947, 0.4239328246580304, 0.15344805585604876], [0.2190042513942426, 0.2108904964603668, 0.33933902405887334, 0.23076622808651714], [0.26616272518510353, 0.16795056236780373, 0.3638483742420379, 0.20203833820505498], [0.31297355396442933, 0.22026876627548025, 0.214251943603579, 0.2525057361565114], [0.32405145079471903, 0.2225403782790236, 0.23640975581086504, 0.2169984151153924], [0.27128291502076846, 0.28358350649164715, 0.15504621293068901, 0.29008736555689524], [0.180216222448565, 0.25934356021216354, 0.3987153396407828, 0.1617248776984886], [0.20227377607431832, 0.2549187861484998, 0.3068870674061248, 0.2359203703710573], [0.26628576034122664, 0.24988063561826415, 0.24508968539572046, 0.2387439186447885], [0.14662897393941404, 0.28462160984935886, 0.42172776181922, 0.14702165439200715], [0.2865571498723956, 0.21248772887193262, 0.22492466490852162, 0.27603045634715023], [0.1634444604818005, 0.2583319109155707, 0.37120142118863064, 0.20702220741399832], [0.2488533381582667, 0.2070652546288437, 0.3692013160890563, 0.17488009112383346], [0.19312820716461299, 0.19688238951232842, 0.45045513550948535, 0.15953426781357333], [0.2777862948826287, 0.23620543082826773, 0.2402599871775314, 0.24574828711157223], [0.33950675377759165, 0.21886673673509605, 0.1744247365086542, 0.26720177297865805], [0.3523658203412307, 0.23418940453500964, 0.15536553622437355, 0.2580792388993859], [0.35326938702711047, 0.2004221696603942, 0.13610112734563237, 0.31020731596686263], [0.17268876985081857, 0.2682112239457546, 0.3177154408004439, 0.24138456540298275], [0.15606842209548077, 0.2173398974729848, 0.4625064280134654, 0.16408525241806907], [0.27336890072673964, 0.28718829631927495, 0.1759954670680566, 0.26344733588592895], [0.33326692013642706, 0.2946285845310773, 0.03885730024591778, 0.33324719508657774], [0.2246600419502604, 0.19016662290140465, 0.38325765846082865, 0.20191567668750615]]}}