{"test": {"ids": ["105117351", "108115500", "98110680", "97107681", "97118210", "98120010", "106121220", "107113180", "111114321", "102109850", "106119990", "100109910", "108115880", "103111990", "111115780", "98106560", "104113550", "109116810", "113122430", "106113170", "103111540", "101111210", "107112840", "110114920", "107112850", "112117580", "103111110", "106117650", "108114670", "99107560", "97107950", "105121190", "113119360", "101108500", "111116040", "108114040", "113117630", "110117080", "110114720", "108120060", "106116820", "113120640", "99108460", "104111830", "109113281", "101110740", "111121351", "105120280", "107118120", "113120531", "107118490", "107113550", "113122170", "108115070", "112121030", "111116411", "113121810", "101112690", "111119580", "107119390", "112117780", "97106970", "109113881", "97111790", "98117740", "105119950", "104116441", "104113000", "105116441", "113118490", "108117610", "107114950", "99108010", "109117271", "107113200", "102121700", "108113700", "106114011", "111119950", "105110091", "100117420", "108118810", "111117120", "107113360", "102112170", "103110840", "113122220", "107114490", "100109980", "108121190", "108115870", "103109021", "101121640", "105118171", "109115211", "109120150", "98106111", "98109230", "113119340", "113119700", "100113210", "111118910", "111120190", "105113260", "113120540", "109117080", "110114561", "113122190", "113118820", "113118690", "110117140", "109118701", "103113101", "102110690", "107119950", "111117480", "105113210", "97112290", "112116810", "111114941", "111116990", "100109000", "112120270", "112119950", "112116850", "109119010", "98119591", "107117630", "107121540", "98112170", "108117451", "113119300", "102110240", "103109641", "106118820", "111120320", "104117200", "102113981", "105115250", "98120530", "112118161", "109115220"], "labels": [0, 3, 2, 3, 2, 2, 1, 3, 1, 1, 0, 2, 3, 2, 1, 1, 1, 3, 2, 0, 1, 2, 1, 3, 1, 0, 3, 1, 3, 1, 2, 2, 0, 3, 0, 0, 0, 1, 3, 1, 1, 0, 0, 3, 0, 3, 0, 3, 3, 0, 2, 0, 1, 1, 0, 0, 2, 1, 3, 2, 0, 2, 0, 2, 2, 3, 1, 1, 1, 1, 3, 3, 2, 0, 0, 1, 0, 1, 0, 0, 2, 1, 2, 0, 3, 1, 1, 3, 1, 1, 3, 0, 2, 3, 0, 2, 0, 1, 0, 0, 0, 0, 3, 3, 3, 1, 0, 1, 0, 3, 3, 3, 3, 0, 3, 1, 3, 1, 3, 0, 0, 1, 0, 0, 0, 3, 1, 0, 2, 3, 2, 1, 3, 1, 3, 1, 3, 1, 2, 1, 0, 3], "predicted_labels": [3, 2, 2, 2, 0, 2, 0, 2, 1, 2, 3, 2, 3, 0, 1, 3, 0, 1, 1, 3, 3, 3, 0, 1, 1, 3, 3, 1, 1, 1, 3, 1, 3, 1, 0, 1, 1, 3, 2, 2, 3, 3, 3, 1, 3, 1, 3, 1, 1, 1, 1, 3, 1, 0, 0, 0, 1, 1, 0, 3, 0, 2, 1, 3, 3, 1, 1, 3, 1, 0, 3, 3, 1, 3, 0, 0, 0, 1, 3, 1, 2, 3, 3, 3, 0, 1, 3, 3, 0, 1, 3, 3, 1, 1, 3, 2, 3, 2, 0, 1, 3, 3, 1, 3, 0, 1, 1, 2, 0, 3, 3, 3, 1, 0, 3, 3, 3, 3, 1, 3, 0, 3, 1, 0, 3, 3, 0, 2, 1, 3, 0, 3, 0, 3, 3, 3, 3, 1, 0, 3, 3, 3], "confidence_scores": [[0.32911889590823623, 0.23344404104635533, 0.08499942083807766, 0.35243764220733076], [0.14876418282296355, 0.305590844440024, 0.3247976507657464, 0.22084732197126597], [0.1466300998203593, 0.28358786436751904, 0.42630289509544955, 0.1434791407166719], [0.14543003638615712, 0.2226292447054721, 0.3822603922926587, 0.24968032661571257], [0.2434866444411342, 0.23818969661356937, 0.25787934590104045, 0.26044431304425597], [0.19719592510571024, 0.27026307091055757, 0.34883831575800756, 0.1837026882257243], [0.2864679686493982, 0.26752210415133, 0.13514694920186177, 0.3108629779974101], [0.21090150467617683, 0.27408339073652993, 0.2922900714018135, 0.2227250331854798], [0.1972817657197266, 0.3245053387784329, 0.2619482946422285, 0.21626460085961222], [0.22544498216412062, 0.26445626396703764, 0.35819459879201226, 0.15190415507682983], [0.2091218107944183, 0.3128175158970684, 0.1387798517802223, 0.3392808215282912], [0.12175077803865574, 0.24900712278918558, 0.5315511280312605, 0.09769097114089824], [0.24820516288890002, 0.26728164473963584, 0.18155888454409266, 0.30295430782737154], [0.27037065059250365, 0.3059835143696778, 0.1652967097541592, 0.2583491252836595], [0.2678506654831333, 0.2991447157653801, 0.13217241563918775, 0.3008322031122988], [0.2604430258583071, 0.26991553061084217, 0.15345201505433242, 0.31618942847651865], [0.3209031099545786, 0.2168861500695153, 0.1721691804425824, 0.29004155953332383], [0.22995493714161577, 0.30234609093997433, 0.16246730203863416, 0.3052316698797757], [0.17873827487420194, 0.3526887889466004, 0.1757383587559703, 0.2928345774232277], [0.25884331982803727, 0.30549774944252955, 0.11242002122260919, 0.3232389095068236], [0.24134923858958565, 0.3017092130051347, 0.12984538887107586, 0.3270961595342036], [0.2434645319881223, 0.2589598089436955, 0.19171328399129747, 0.30586237507688463], [0.2676622695176588, 0.24564113525774953, 0.30026032246576867, 0.18643627275882296], [0.2234215356545103, 0.35052086137180416, 0.1561348439863213, 0.2699227589873639], [0.24018481714809647, 0.33516435275437967, 0.16049599920361132, 0.2641548308939129], [0.24101353624677183, 0.28470864121661893, 0.13411291579011272, 0.3401649067464966], [0.22740112183853362, 0.3088561672456254, 0.1410369445208853, 0.3227057663949556], [0.22095650944296918, 0.2909035267305037, 0.23955262137053618, 0.24858734245599062], [0.21409523794016355, 0.2935641367189052, 0.23554115305846623, 0.2567994722824651], [0.24066370193760037, 0.3152575182940935, 0.11629720248725649, 0.32778157728104956], [0.22704355078649907, 0.2738697096862835, 0.15897149126034887, 0.3401152482668685], [0.1368822535853032, 0.3152862579579027, 0.277561820126232, 0.2702696683305618], [0.3059121640538557, 0.2552708330826426, 0.09054648500881401, 0.3482705178546877], [0.20144429054092308, 0.3319854829425008, 0.1914768908282296, 0.27509333568834615], [0.3209710068812387, 0.23539083756370868, 0.1245044511074405, 0.3191337044476121], [0.17917397448359934, 0.29801442518845594, 0.2709734442201812, 0.2518381561077639], [0.2175991925795063, 0.3208470101909813, 0.18416243254038087, 0.27739136468913156], [0.16754782233351678, 0.2934109291632297, 0.20537075689700132, 0.3336704916062519], [0.14200244528512093, 0.2932045296239332, 0.43276207780264847, 0.13203094728829795], [0.21568915180887305, 0.3026272426055862, 0.3287930153616679, 0.1528905902238731], [0.223739720363422, 0.31070864981364615, 0.1448457759420452, 0.32070585388088657], [0.2673404291167823, 0.29301229288135733, 0.11370914997443174, 0.32593812802742844], [0.25824803482738895, 0.29850377030181985, 0.09764037226890285, 0.3456078226018884], [0.1513577514448525, 0.32181791731504966, 0.22832704393594463, 0.2984972873041535], [0.29383102373452846, 0.2879898510643452, 0.060588639854565134, 0.3575904853465611], [0.16277800187928973, 0.33250129473759854, 0.2327912795841989, 0.2719294237989128], [0.25342228476549644, 0.30144082219064927, 0.13553591287778882, 0.3096009801660653], [0.15299484715982406, 0.30235956009791326, 0.28472258523309474, 0.2599230075091678], [0.2053480512889536, 0.3510185402838191, 0.12077996694245449, 0.32285344148477274], [0.24276736732173326, 0.30726952935985125, 0.142725266101193, 0.30723783721722253], [0.1869180622763856, 0.3418338366466996, 0.25837088510100176, 0.2128772159759129], [0.22350041813111454, 0.2586626906423734, 0.23759990792195573, 0.2802369833045567], [0.16523594485661156, 0.311322066251785, 0.23316808000114267, 0.2902739088904608], [0.27535561848427864, 0.2783232313869756, 0.20488775586033867, 0.24143339426840713], [0.3431175444003979, 0.23522013688169358, 0.0975151349082502, 0.3241471838096583], [0.33812256463154866, 0.23909493195534953, 0.05814946849958401, 0.36463303491351795], [0.0953869668648496, 0.36445944740441416, 0.41669654256557087, 0.12345704316516558], [0.21097680902779967, 0.2879278472497983, 0.23696169183065044, 0.26413365189175164], [0.318385611087437, 0.2454945999739995, 0.14008581754910954, 0.29603397138945403], [0.20500532218247103, 0.24693570307033777, 0.28230252103835646, 0.2657564537088347], [0.28655109881445134, 0.29235901759934463, 0.10656954317554929, 0.3145203404106548], [0.20771731163071244, 0.2443850962419516, 0.28723208018259416, 0.2606655119447419], [0.23800067432516409, 0.30242497703522386, 0.15459697561424166, 0.3049773730253704], [0.25853447818418723, 0.24024378721238046, 0.15251431583858638, 0.34870741876484607], [0.17413732603815918, 0.2772452688775157, 0.2635348435013007, 0.28508256158302436], [0.25624576032932983, 0.3029083257919856, 0.16043794905557163, 0.280407964823113], [0.2675234650775347, 0.32439968779996226, 0.0756986616166823, 0.33237818550582077], [0.28868788773044823, 0.24012803617362546, 0.13916215210494073, 0.3320219239909855], [0.17652607833508804, 0.3422554695831478, 0.22499025202810707, 0.2562282000536569], [0.2974956381604121, 0.25783907965927383, 0.1486868093554689, 0.29597847282484535], [0.2928547534225937, 0.2861945019341736, 0.06106631657313158, 0.35988442807010107], [0.28101687401205694, 0.25211696288260205, 0.1551670669928436, 0.3116990961124975], [0.18521631489280976, 0.29729438723191126, 0.28254680035193025, 0.23494249752334856], [0.26714569212911093, 0.2682724842395483, 0.09663572348136368, 0.36794610014997725], [0.3018599593569173, 0.24879653238130647, 0.1036758052747926, 0.3456677029869836], [0.2771118588416811, 0.3023005003986038, 0.14350153074074626, 0.2770861100189689], [0.32133207116400153, 0.2859235557003046, 0.13225015894447054, 0.26049421419122304], [0.2820883892336364, 0.3207293170861254, 0.12575861918828357, 0.2714236744919545], [0.18545671411098036, 0.31148014191822543, 0.18975521457320116, 0.31330792939759317], [0.19886490744718113, 0.2948338004726695, 0.22680068540434542, 0.27950060667580395], [0.11072034949100283, 0.2465808317099575, 0.5070499215362041, 0.13564889726283552], [0.24752768448975024, 0.3138603226856716, 0.0870325293643218, 0.3515794634602564], [0.20889472657671532, 0.3162418771000986, 0.15607031004335634, 0.3187930862798301], [0.26281009514303183, 0.2686790408749911, 0.1540503100612583, 0.3144605539207189], [0.26786907724226766, 0.21060632736333795, 0.30701492791951224, 0.21450966747488176], [0.20811913293340092, 0.280506247862082, 0.28443525913594436, 0.22693936006857263], [0.245798699222455, 0.3000198195462529, 0.1348765899844465, 0.3193048912468455], [0.1932555050025624, 0.2888867799357698, 0.21822123612399885, 0.2996364789376692], [0.2719398061850367, 0.26847256468121516, 0.16378215950472963, 0.2958054696290185], [0.24344813347460034, 0.3347888856006, 0.11277972135225714, 0.3089832595725425], [0.2486628285627074, 0.26299629746365377, 0.1569206042388586, 0.33142026973478045], [0.3024498464895961, 0.2725746246301118, 0.07085062886650327, 0.3541249000137889], [0.1790515199057278, 0.3022619098658417, 0.2210430819976369, 0.29764348823079384], [0.22295205580829291, 0.3575118353588053, 0.10462549796328752, 0.3149106108696142], [0.23192565758207867, 0.30086981490603226, 0.11761460772623737, 0.34958991978565174], [0.18762736617865666, 0.26223964334909367, 0.3870939848329522, 0.1630390056392979], [0.1822407111818556, 0.29137651613690974, 0.2684501552090824, 0.25793261747215224], [0.20846334468995698, 0.24530817235078053, 0.36544839526145095, 0.18078008769781184], [0.3039129884889099, 0.30593486277664744, 0.06664160056285033, 0.32351054817159214], [0.2077981387742922, 0.2995781755182354, 0.25221196950562935, 0.2404117162018433], [0.3105521923759639, 0.26566252768408116, 0.08012173578928596, 0.34366354415066924], [0.24248746962718226, 0.29996421613572594, 0.14226707832271468, 0.315281235914377], [0.1749845540280657, 0.3507780153520514, 0.1730577864686344, 0.3011796441512487], [0.2641753823685231, 0.29583820032976016, 0.12023466652162111, 0.31975175078009566], [0.349715934674565, 0.2383698442660282, 0.09726927696722966, 0.3146449440921769], [0.146208457568467, 0.3404160299167319, 0.23960692798588065, 0.2737685845289203], [0.24736507102278413, 0.32104469492518095, 0.17596994376987496, 0.25562029028216], [0.18449825548799664, 0.2422601010876912, 0.3383732602937541, 0.23486838313055794], [0.29776638344810735, 0.2772980449208513, 0.12099692921954774, 0.30393864241149365], [0.2650266775379553, 0.2902343818392263, 0.10846624681873188, 0.3362726938040864], [0.2218912252949795, 0.2921968129832469, 0.16915321646446205, 0.31675874525731135], [0.25088459538873703, 0.3111476307590593, 0.09497344652347352, 0.34299432732873036], [0.24182398060328397, 0.29675751808574474, 0.1887950982079917, 0.27262340310297983], [0.3022830576251512, 0.2993840063879455, 0.0620675587025503, 0.3362653772843532], [0.2486681835546925, 0.28432490319136283, 0.13872892605504006, 0.32827798719890444], [0.24121597837872769, 0.31193060847111237, 0.11105227886650394, 0.33580113428365604], [0.2845064201718131, 0.28506390700629375, 0.0651870530543961, 0.3652426197674971], [0.21409279171799256, 0.2729078423563748, 0.2156449677799454, 0.2973543981456876], [0.21810257000983443, 0.29688819868354727, 0.2446591252226071, 0.24035010608401136], [0.26978193052761495, 0.2898660620758496, 0.09463452751925013, 0.3457174798772852], [0.30213212792135297, 0.2528952487496775, 0.1350020199693871, 0.3099706033595822], [0.27488671916133145, 0.24782882891813302, 0.1579922472603498, 0.3192922046601859], [0.11372787983747966, 0.3299865721877449, 0.3791863566088849, 0.17709919136589056], [0.2913889947128124, 0.275255957744592, 0.10148253201630944, 0.33187251552628627], [0.2152782030003112, 0.2832732322792898, 0.1856183602599126, 0.31583020446048615], [0.22958683719641074, 0.27732348401149787, 0.2113774423092338, 0.2817122364828574], [0.2756395708570209, 0.28512684978656333, 0.19459757655310353, 0.2446360028033121], [0.2372992904609059, 0.2314733890632872, 0.2903890851792232, 0.24083823529658344], [0.17968579155018866, 0.3062389783939434, 0.27820681715004003, 0.23586841290582825], [0.240743303899368, 0.2647387219336932, 0.20144312075255155, 0.2930748534143874], [0.3671669799752523, 0.2072748660396187, 0.03830802293949335, 0.3872501310456355], [0.27592734605424213, 0.26385458470387013, 0.09940130869282378, 0.36081676054906403], [0.26422603816669865, 0.2675344337366374, 0.21595124400640353, 0.25228828409026016], [0.17036154489998612, 0.280282279402018, 0.19919972027488814, 0.3501564554231076], [0.23277721506032065, 0.3098505244916907, 0.13020642629002488, 0.3271658341579637], [0.20855999122269253, 0.3076726515054494, 0.14370169161047514, 0.3400656656613828], [0.20069768755576886, 0.2974364087037476, 0.18700736882124433, 0.3148585349192394], [0.23241578910443275, 0.31051812369067894, 0.21259821944855933, 0.24446786775632903], [0.31531437184007305, 0.2614067150186356, 0.14513431558116546, 0.27814459756012594], [0.2802246255624577, 0.2939368752659005, 0.08926908309575023, 0.33656941607589147], [0.2641733986389004, 0.2943109089551602, 0.11070675002792088, 0.330808942378019], [0.24518224280834694, 0.3019068469602881, 0.10448908485750726, 0.34842182537385774]]}, "rewritten": {"ids": ["97106970", "97107681", "97107950", "97111790", "97112290", "97118210", "98106111", "98106560", "98109230", "98110680", "98112170", "98117740", "98119591", "98120010", "98120530", "99107560", "99108010", "99108460", "100109000", "100109910", "100109980", "100113210", "100117420", "101108500", "101110740", "101111210", "101112690", "101121640", "102109850", "102110240", "102110690", "102112170", "102113981", "102121700", "103109021", "103109641", "103110840", "103111110", "103111540", "103111990", "103113101", "104111830", "104113000", "104113550", "104116441", "104117200", "105110091", "105113210", "105113260", "105115250", "105116441", "105117351", "105118171", "105119950", "105120280", "105121190", "106113170", "106114011", "106116820", "106117650", "106118820", "106119990", "106121220", "107112840", "107112850", "107113180", "107113200", "107113360", "107113550", "107114490", "107114950", "107117630", "107118120", "107118490", "107119390", "107119950", "107121540", "108113700", "108114040", "108114670", "108115070", "108115500", "108115870", "108115880", "108117451", "108117610", "108118810", "108120060", "108121190", "109113281", "109113881", "109115211", "109115220", "109116810", "109117080", "109117271", "109118701", "109119010", "109120150", "110114561", "110114720", "110114920", "110117080", "110117140", "111114321", "111114941", "111115780", "111116040", "111116411", "111116990", "111117120", "111117480", "111118910", "111119580", "111119950", "111120190", "111120320", "111121351", "112116810", "112116850", "112117580", "112117780", "112118161", "112119950", "112120270", "112121030", "113117630", "113118490", "113118690", "113118820", "113119300", "113119340", "113119360", "113119700", "113120531", "113120540", "113120640", "113121810", "113122170", "113122190", "113122220", "113122430"], "labels": [2, 3, 2, 2, 1, 2, 0, 1, 1, 2, 3, 2, 1, 2, 1, 1, 2, 0, 1, 2, 1, 0, 2, 3, 3, 2, 1, 2, 1, 3, 0, 3, 1, 1, 0, 1, 1, 3, 1, 2, 3, 3, 1, 1, 1, 3, 0, 3, 3, 2, 1, 0, 3, 3, 3, 2, 0, 1, 1, 1, 3, 0, 1, 1, 1, 3, 0, 0, 0, 3, 3, 0, 3, 2, 2, 3, 2, 0, 0, 3, 1, 3, 3, 3, 2, 3, 1, 1, 1, 0, 0, 0, 3, 3, 1, 0, 3, 3, 2, 0, 3, 3, 1, 3, 1, 0, 1, 0, 0, 0, 2, 1, 0, 3, 0, 3, 1, 0, 3, 0, 0, 0, 0, 0, 0, 0, 0, 1, 3, 0, 1, 0, 0, 0, 0, 3, 0, 2, 1, 1, 1, 2], "predicted_labels": [3, 2, 3, 3, 3, 3, 3, 3, 2, 1, 3, 3, 0, 0, 3, 3, 1, 3, 0, 2, 0, 3, 2, 1, 1, 3, 1, 3, 1, 0, 0, 0, 3, 1, 0, 3, 0, 3, 3, 3, 1, 1, 3, 0, 0, 3, 3, 3, 3, 0, 1, 0, 1, 1, 3, 3, 3, 1, 3, 1, 3, 3, 0, 0, 1, 1, 0, 3, 3, 1, 3, 0, 3, 1, 3, 3, 0, 0, 0, 1, 0, 1, 3, 3, 3, 3, 3, 0, 1, 3, 3, 3, 3, 1, 3, 3, 3, 3, 0, 3, 1, 1, 3, 3, 1, 3, 0, 3, 0, 0, 3, 3, 3, 0, 3, 3, 3, 3, 1, 3, 3, 0, 3, 3, 1, 0, 1, 0, 3, 0, 3, 0, 0, 0, 3, 0, 1, 1, 1, 2, 3, 1], "confidence_scores": [[0.2080376944224676, 0.2786100879505275, 0.21732183601075492, 0.29603038161624995], [0.17408081268099487, 0.22916933737072698, 0.35706535858013516, 0.23968449136814288], [0.23959503690017675, 0.2895698370168753, 0.13496115380566656, 0.3358739722772814], [0.290803593685332, 0.2715727928825075, 0.09399474971352621, 0.3436288637186342], [0.23404609045051644, 0.2767080484703842, 0.1849221902826483, 0.30432367079645095], [0.26215214146974386, 0.23455550853792956, 0.2093563499623593, 0.2939360000299673], [0.2365973277516123, 0.2848852932514282, 0.16911691013144975, 0.30940046886550954], [0.27912383763983145, 0.2641413622364032, 0.13260504101235138, 0.32412975911141395], [0.2434517794884666, 0.2530602768949628, 0.30382895106897745, 0.1996589925475931], [0.18294204077757956, 0.3010351178083913, 0.2860538168727429, 0.22996902454128634], [0.2702574770982621, 0.2682915872800804, 0.12317038258037283, 0.33828055304128474], [0.19973867917612428, 0.2812137649931559, 0.21517130641872848, 0.30387624941199126], [0.28439880363499453, 0.2648360956147697, 0.19959817712412437, 0.2511669236261114], [0.2937011650027953, 0.2666554809584959, 0.14069333062295172, 0.29895002341575694], [0.2938832708233036, 0.27615181360288044, 0.08918918997977196, 0.3407757255940438], [0.29063557291900444, 0.3012608985347096, 0.0674174760900218, 0.3406860524562641], [0.22952150201254426, 0.2992026503684166, 0.17780292685225393, 0.2934729207667851], [0.2811148741870547, 0.2754160138775418, 0.09711207525496139, 0.3463570366804423], [0.29174992053603754, 0.2655878698300933, 0.1515470325166272, 0.29111517711724166], [0.2128796245944237, 0.25172197461014373, 0.33490247596536665, 0.20049592483006645], [0.3049913673962509, 0.24402945876243778, 0.1316682233121298, 0.3193109505291813], [0.32456533268755744, 0.24332761671130604, 0.07575892990584417, 0.3563481206952923], [0.195509765820965, 0.25983319495481316, 0.31663240106085594, 0.22802463816336596], [0.23478297814946697, 0.32056360707558806, 0.16070521372662738, 0.28394820104831753], [0.16420327909277743, 0.32171182651611324, 0.2750786479247782, 0.23900624646633115], [0.270465001001192, 0.26725358699058543, 0.13204789841856163, 0.33023351358966085], [0.2310921527209333, 0.2832328398217893, 0.20385424712472516, 0.28182076033255216], [0.24987193356256013, 0.272477222452586, 0.15236073391121063, 0.3252901100736429], [0.2509077534515439, 0.29426495712296086, 0.22149177387904262, 0.23333551554645285], [0.28367334365593605, 0.2670539082645845, 0.16133739109414272, 0.2879353569853368], [0.30809733207446005, 0.26559879765741273, 0.09246243997511669, 0.3338414302930102], [0.26022837136664995, 0.21242529530625567, 0.2616117734370408, 0.26573455989005323], [0.26948561920497127, 0.2878520725170144, 0.12357085086557282, 0.31909145741244177], [0.2458428815772874, 0.2925771017616397, 0.1848073675851415, 0.2767726490759317], [0.2979877093959319, 0.2778811825341586, 0.08606132801953657, 0.33806978005037325], [0.22681892039514648, 0.2616538249244872, 0.1937964663000392, 0.31773078838032714], [0.2657065196678005, 0.2901912563568187, 0.14051999829982365, 0.30358222567555704], [0.2555825848766956, 0.2737237768064507, 0.13435465625889834, 0.33633898205795537], [0.2715669275187482, 0.2839773176860467, 0.11537382183704488, 0.32908193295816035], [0.2749845330667777, 0.2804186763784521, 0.12071555570466996, 0.3238812348501004], [0.2588150422765211, 0.2921687588071693, 0.15520468990131916, 0.29381150901499004], [0.19910661937248542, 0.3052276725683411, 0.2235401575907879, 0.2721255504683856], [0.30035203578557784, 0.24035968583624337, 0.11899684347206373, 0.34029143490611513], [0.288264311273094, 0.23839863438939257, 0.19242775927735373, 0.28090929506015955], [0.28552578376606286, 0.30768618037515977, 0.0795546916271491, 0.32723334423162814], [0.25345131238558916, 0.26843319183089287, 0.1673196132422126, 0.3107958825413054], [0.2565298942680567, 0.29134483752613255, 0.1227331059864825, 0.32939216221932827], [0.2985911373565655, 0.2630298813701113, 0.06565846775140248, 0.3727205135219208], [0.2984433713397732, 0.2759024097552198, 0.08275192799453217, 0.34290229091047497], [0.29621768177624397, 0.25557333636305174, 0.1685046449262168, 0.2797043369344876], [0.25831360670579345, 0.27855785414331513, 0.17389625376609816, 0.28923228538479334], [0.32878619182730867, 0.23556897062236518, 0.0837351343125627, 0.35190970323776344], [0.24469089583343745, 0.3080887230459153, 0.13485007449584932, 0.31237030662479803], [0.25911325844192384, 0.29347623041621146, 0.1403658000576931, 0.3070447110841716], [0.2244320353560404, 0.295834532596521, 0.1739445090891171, 0.30578892295832133], [0.19134076359265798, 0.27260407879227, 0.2469551554245599, 0.289100002190512], [0.2786314041990521, 0.28861788726512877, 0.10002960823135858, 0.3327211003044602], [0.2774836244886226, 0.31337897930939745, 0.13232144302156887, 0.27681595318041124], [0.2501708178927609, 0.2932821155004368, 0.13438737911239174, 0.3221596874944106], [0.23756095303708855, 0.2919154951693599, 0.19219424649567995, 0.2783293052978719], [0.28221462077070525, 0.2826748347399092, 0.0990116980509225, 0.3360988464384632], [0.243873484049859, 0.2856783511184524, 0.1362704435819505, 0.3341777212497381], [0.31023069490667066, 0.2575522749807192, 0.08438609068918079, 0.3478309394234295], [0.31115690167025056, 0.26003419687774876, 0.14843011052463503, 0.28037879092736534], [0.2536424433399664, 0.3234128995011816, 0.1476985174643992, 0.2752461396944528], [0.22743758945677173, 0.2738197825283905, 0.236859680543696, 0.2618829474711418], [0.30284678068663595, 0.24837483425953666, 0.10400721447393699, 0.3447711705798903], [0.2475567479223668, 0.27758888312187235, 0.159505640964421, 0.3153487279913395], [0.2584625980220839, 0.25455347340051543, 0.17209707615054373, 0.3148868524268569], [0.22713000925541907, 0.291778095779711, 0.1906431495088641, 0.29044874545600596], [0.28282952633459574, 0.2701335098827575, 0.11310123444664186, 0.3339357293360053], [0.26456720271546197, 0.23680826569398764, 0.23621640607345348, 0.262408125517097], [0.2501633627714088, 0.28705606407175943, 0.11747318022817549, 0.34530739292865614], [0.227179886960091, 0.32622673525618173, 0.19924277701370186, 0.24735060077002546], [0.24441248159698117, 0.269141652569427, 0.19349273945130643, 0.29295312638228527], [0.25072707667892724, 0.27371092622333265, 0.13937296759631315, 0.3361890295014269], [0.26895423581853817, 0.2827636412428246, 0.15240417736128353, 0.29587794557735375], [0.32645247448765924, 0.2637218974665798, 0.11121477317226754, 0.2986108548734933], [0.2624607060849586, 0.2792721670070865, 0.16012448297054518, 0.2981426439374097], [0.23039110303885563, 0.275714470750339, 0.22238199994407815, 0.2715124262667273], [0.3034584852482688, 0.25814022433558753, 0.12278842213855753, 0.31561286827758595], [0.16495175341150548, 0.30625574519130344, 0.29866736525196813, 0.23012513614522281], [0.25438781125062093, 0.2649833210063201, 0.15519158117013845, 0.3254372865729204], [0.25572792108623255, 0.2470607333920542, 0.17570370839340302, 0.3215076371283105], [0.35125786387332697, 0.21605884133746098, 0.05387829002908357, 0.3788050047601284], [0.29236066854284354, 0.25880479711932874, 0.10200653786070955, 0.34682799647711804], [0.24648080302043215, 0.28833564292769936, 0.11636122304893104, 0.3488223310029376], [0.27204087706114677, 0.2841353510780854, 0.2535572955428992, 0.1902664763178686], [0.24267436045287394, 0.30623574776392465, 0.15607438017446282, 0.2950155116087388], [0.2998923817325547, 0.27845255992775414, 0.07127993303494615, 0.3503751253047449], [0.2717542952972095, 0.2760215080632485, 0.11457063576770767, 0.3376535608718345], [0.2484283460655716, 0.31348103731481886, 0.09925715257454948, 0.3388334640450601], [0.27753755014768716, 0.27281438832453, 0.12237576936760994, 0.32727229216017284], [0.2306483634294608, 0.3146266814829903, 0.15506111845880702, 0.2996638366287422], [0.19519707375142042, 0.3132939425188616, 0.18254707101223297, 0.30896191271748485], [0.27187957576393956, 0.2745716937068833, 0.09711210948771752, 0.35643662104145957], [0.2847441520613324, 0.2648885334616744, 0.11613612479902587, 0.3342311896779675], [0.2387888042178514, 0.25103311170862863, 0.23339834326980502, 0.2767797408037147], [0.24777693247169594, 0.2680921987710276, 0.2558638158508944, 0.22826705290638183], [0.2827311691579726, 0.2808112909474231, 0.09956552626501851, 0.3368920136295859], [0.2463597168565185, 0.28530639782097317, 0.21436953450070034, 0.2539643508218081], [0.2157898667191085, 0.339635881609778, 0.16953579470194616, 0.2750384569691673], [0.21795193003484403, 0.2591942510398944, 0.19097442448937652, 0.33187939443588504], [0.24507455675897485, 0.28358272326248146, 0.14805255033622225, 0.3232901696423213], [0.2554542003229013, 0.30209647449550225, 0.14846348373391693, 0.29398584144767914], [0.2836558908557814, 0.2687383500645876, 0.09803556003342752, 0.3495701990462032], [0.28719841522414913, 0.28097529496855034, 0.11859780941816085, 0.31322848038913953], [0.3143605293332496, 0.24229201148193297, 0.0903665984656737, 0.352980860719144], [0.323690358298519, 0.24338018564008135, 0.08672725424476256, 0.34620220181663697], [0.35982874225093536, 0.22969506268927534, 0.06052897004583693, 0.3499472250139524], [0.23030304056743978, 0.297445319267715, 0.14691147740445684, 0.32534016276038863], [0.26797578100042674, 0.27638410887474807, 0.12965839629096568, 0.3259817138338596], [0.2648937612146447, 0.29301959100382885, 0.11482084557566627, 0.3272658022058602], [0.3151877314426718, 0.2477213147322431, 0.12953049014881876, 0.3075604636762662], [0.21294560998200515, 0.2883355752411009, 0.1995597018304448, 0.29915911294644904], [0.24262373157273714, 0.30015209820880606, 0.13738281843685643, 0.3198413517816004], [0.24910138576290083, 0.2824018432737609, 0.1452863836049587, 0.32321038735837954], [0.26921877033267194, 0.28652968912285215, 0.1366045026352485, 0.30764703790922715], [0.19991259947078865, 0.3058001648458672, 0.2514174066209623, 0.2428698290623819], [0.2372792118635211, 0.28421338229416027, 0.16209722416729191, 0.31641018167502666], [0.26949256806867866, 0.2872063206648343, 0.09071789843214215, 0.3525832128343447], [0.28469296330401367, 0.28645538734013776, 0.12694117476361788, 0.3019104745922305], [0.28008611050421306, 0.2737993396780489, 0.11140356985834286, 0.33471097995939536], [0.29828846516766333, 0.258635195604215, 0.1038570217149358, 0.33921931751318574], [0.15693715649553425, 0.3169318549052376, 0.2670670024127086, 0.25906398618651955], [0.3348524986204775, 0.22402242479486703, 0.1260303699221448, 0.3150947066625102], [0.21319290949417488, 0.30524663277991665, 0.18785698583325308, 0.2937034718926558], [0.2867332923849911, 0.2609016583140292, 0.14021967809317307, 0.3121453712078066], [0.2698068921370266, 0.2660723317439218, 0.13900992330634976, 0.32511085281270174], [0.2958350657302085, 0.25984415029076785, 0.13420260411394397, 0.3101181798650797], [0.28630107929239335, 0.2530659571432824, 0.1098751376902008, 0.3507578258741234], [0.310226048548204, 0.2753334219638801, 0.07706876035003639, 0.3373717691378797], [0.30542272982516866, 0.2343196332842527, 0.11790437001998605, 0.3423532668705927], [0.24599033527969522, 0.26397552156805676, 0.19925505280841183, 0.290779090343836], [0.27794312009662897, 0.29454758979713347, 0.09124846124637685, 0.3362608288598607], [0.31916857165775414, 0.26847409934882566, 0.12332257021974387, 0.28903475877367635], [0.24879217795238948, 0.2820874539961723, 0.1830853573163797, 0.2860350107350588], [0.14916321487582712, 0.3469860348684278, 0.33228987955052247, 0.17156087070522225], [0.19980361067311117, 0.3147987443059529, 0.17827580853548097, 0.30712183648545505], [0.16385474154044055, 0.2632645143752047, 0.34872138528852137, 0.22415935879583335], [0.26672315359309584, 0.2898772794420683, 0.10696531349338981, 0.336434253471446], [0.23947798832280803, 0.3254325375185981, 0.17658287333249992, 0.2585066008260939]]}}