{"test": {"ids": ["109118161", "105115680", "99111620", "109114270", "112119320", "102110690", "110115890", "107120260", "108113480", "112119580", "99119830", "106116640", "113118870", "111119580", "111119930", "112116810", "108121160", "111116110", "110118880", "97110950", "103111480", "111115620", "113119300", "113117630", "109117271", "110114720", "105111990", "98116940", "97112170", "110114950", "113121810", "113120591", "107119950", "106118161", "100111380", "109117600", "109113591", "97116800", "108114220", "97107950", "97113260", "112116990", "99120010", "102109840", "112119120", "99105921", "105113210", "110115980", "98111670", "110121450", "103113101", "98109230", "101110150", "108114670", "109118820", "107113200", "98109311", "101111210", "107119130", "99108580", "106114150", "99108310", "113122320", "112118701", "102109850", "113122220", "113121410", "112120290", "107121230", "99107500", "105115900", "101114990", "105118171", "100116500", "112118890", "110116170", "109113881", "103112470", "111121190", "102116340", "102111990", "106120290", "107117630", "100108080", "109116441", "103118291", "112118860", "101108080", "105113190", "108118810", "98120010", "110113931", "109116930", "108115500", "103117461", "107120880", "103110220", "107116501", "107115140", "99112641", "110114561", "111116090", "105112240", "111121410", "108115250", "112119500", "102110750", "106118301", "112118930", "99113260", "110118630", "106118520", "113121220", "100120780", "112116800", "98112300", "103113210", "107112850", "108119510", "111116100", "105121370", "101111310", "113118810", "101109120", "110118740", "102112301", "105110251", "108115570", "111119610", "104111990", "112118161", "113118111", "113119360", "103111110", "113119700", "101117580", "99107640", "98121790", "113120280", "106119990", "99107630", "97105580"], "labels": [0, 2, 3, 3, 1, 0, 2, 1, 0, 3, 1, 3, 0, 3, 1, 3, 2, 3, 0, 3, 0, 1, 1, 0, 0, 3, 2, 2, 0, 0, 2, 0, 3, 3, 3, 1, 3, 0, 3, 2, 1, 0, 2, 2, 1, 1, 3, 1, 1, 3, 3, 1, 1, 3, 3, 0, 1, 2, 1, 0, 1, 2, 1, 0, 1, 1, 0, 1, 0, 0, 3, 3, 3, 2, 3, 0, 0, 1, 1, 3, 2, 2, 0, 0, 3, 0, 3, 0, 3, 1, 2, 1, 0, 3, 0, 1, 2, 1, 0, 1, 0, 3, 1, 0, 1, 2, 1, 1, 1, 0, 1, 2, 3, 1, 0, 2, 3, 1, 1, 3, 2, 3, 3, 1, 3, 1, 0, 3, 2, 2, 0, 1, 0, 3, 0, 3, 1, 2, 0, 0, 2, 1], "predicted_labels": [0, 1, 3, 3, 3, 3, 1, 1, 3, 3, 3, 3, 1, 0, 1, 3, 3, 3, 1, 0, 0, 3, 0, 0, 3, 3, 1, 1, 1, 3, 1, 3, 3, 0, 0, 3, 0, 2, 1, 2, 3, 3, 3, 3, 3, 1, 0, 0, 0, 3, 1, 2, 1, 3, 3, 3, 1, 1, 3, 3, 0, 1, 0, 3, 0, 1, 3, 1, 3, 1, 3, 1, 3, 1, 1, 3, 0, 3, 1, 1, 3, 3, 3, 1, 0, 1, 1, 1, 3, 0, 1, 0, 3, 2, 1, 3, 1, 3, 0, 1, 0, 0, 1, 1, 1, 1, 2, 0, 1, 1, 1, 1, 1, 0, 1, 3, 2, 1, 3, 1, 1, 2, 1, 0, 3, 3, 1, 1, 1, 3, 1, 0, 3, 1, 1, 3, 0, 1, 0, 1, 3, 1], "confidence_scores": [[0.3288208686683459, 0.2711421111939798, 0.10106356663012714, 0.29897345350754684], [0.09654218034642938, 0.333863356588127, 0.2980283926525003, 0.27156607041294367], [0.18356498689044032, 0.28493955434956153, 0.2690462732809515, 0.2624491854790465], [0.28774177927729155, 0.27867660059965865, 0.1242790055048585, 0.3093026146181914], [0.1927881796551705, 0.2868357158314167, 0.23290746176292218, 0.28746864275049056], [0.23538235460019657, 0.3100074996604174, 0.1380596572716464, 0.31655048846773975], [0.15180221285229406, 0.313504118585421, 0.2640991317855781, 0.2705945367767071], [0.18884758237830387, 0.32129729882530733, 0.1665308747497365, 0.3233242440466522], [0.14039718692424813, 0.29619625777622416, 0.2895405492054823, 0.273866006094045], [0.2325243656196539, 0.26032826258116276, 0.2413069230713415, 0.2658404487278415], [0.22193904475751444, 0.29225617830764417, 0.19201472022135854, 0.29379005671348235], [0.22373739477223806, 0.3051303320527927, 0.15707696012310998, 0.31405531305185874], [0.21332602751627375, 0.3056508866469626, 0.17539537887806872, 0.3056277069586945], [0.2970314323515598, 0.23884707704430294, 0.2088166119405272, 0.2553048786636101], [0.20803797182408476, 0.28583362720186783, 0.2372936831563535, 0.2688347178176939], [0.23838256553554057, 0.23427622435819084, 0.2823629416472748, 0.24497826845899365], [0.27840189901710705, 0.2783926603158048, 0.13475330456659576, 0.3084521361004922], [0.2735919643957566, 0.27917532193048794, 0.13739834083535615, 0.3098343728383991], [0.26996756121681026, 0.3268453168169316, 0.057355964329533216, 0.34583115763672484], [0.39285969933168274, 0.22006977181874876, 0.09529190834204289, 0.29177862050752545], [0.29217998692322733, 0.2745066766806786, 0.14051691366210778, 0.29279642273398676], [0.16883839378983986, 0.298353413891873, 0.23824411890959668, 0.29456407340869045], [0.36380548564479387, 0.240046023862887, 0.08630350416799056, 0.30984498632432855], [0.31443667613962467, 0.2632768500428547, 0.13848849932395288, 0.2837979744935677], [0.2011612882924013, 0.3120225563140113, 0.16648102476202928, 0.32033513063155805], [0.2108209874651126, 0.26060272293262915, 0.2728537404332939, 0.2557225491689644], [0.18478085087613022, 0.2955233003771879, 0.24777461588193145, 0.27192123286475034], [0.1799050570992902, 0.3125798133706448, 0.19931078902547814, 0.30820434050458684], [0.27170095576875103, 0.28787027785459574, 0.1406934180295604, 0.2997353483470929], [0.2246089700708563, 0.2925352151590646, 0.17740551753677267, 0.30545029723330624], [0.16761795019498382, 0.30368581925774746, 0.26958212448941044, 0.2591141060578585], [0.2079668908741663, 0.30673821469383533, 0.1696013131716453, 0.3156935812603531], [0.16258855300033645, 0.3022495427565246, 0.24429405647825836, 0.29086784776488084], [0.3239179453756981, 0.24611969620300422, 0.16267186122066005, 0.26729049720063774], [0.30613495960931286, 0.2460021312157143, 0.1991941317579372, 0.24866877741703566], [0.23288617888393087, 0.27598103570201016, 0.2101537810033496, 0.28097900441070933], [0.2799147382695775, 0.27373092778675934, 0.14915487917928064, 0.2971994547643824], [0.2180771116593388, 0.24953108132584462, 0.3273560722327528, 0.20503573478206338], [0.29343575386315746, 0.27546573715750516, 0.1611256155777207, 0.26997289340161656], [0.11452808370265964, 0.2973067515865871, 0.3454433099430266, 0.24272185476772676], [0.23042297901155356, 0.27866586710508195, 0.20738498350144446, 0.2835261703819198], [0.293343795998456, 0.21141914342502163, 0.2272370133346964, 0.26800004724182613], [0.2615998679005705, 0.2793585332625709, 0.17310288597794743, 0.2859387128589112], [0.2527886363818776, 0.27449920105031295, 0.1695750688676073, 0.3031370937002019], [0.2314058524829817, 0.28683462987978675, 0.17576570320267942, 0.30599381443455154], [0.23484330987654678, 0.30799663051192666, 0.1537707275224203, 0.30338933208910634], [0.30785634228975867, 0.2724724274055713, 0.11357868205472291, 0.3060925482499471], [0.3084056273921317, 0.24461213054515257, 0.22739502833467845, 0.21958721372803747], [0.263387897407182, 0.23529334762824103, 0.2897470308680757, 0.21157172409650135], [0.24750656081956535, 0.29959637469980077, 0.1346584826859473, 0.31823858179468667], [0.19747979557074488, 0.28684489742250563, 0.2671258741904672, 0.2485494328162822], [0.16540915007606002, 0.27215720300648716, 0.33647026971052874, 0.2259633772069244], [0.2575424688886655, 0.2996120036380851, 0.13115166062738323, 0.31169386684586636], [0.21881583439600658, 0.2894483740766884, 0.20717557251908944, 0.28456021900821576], [0.2579164152985192, 0.2593925001055866, 0.21785240661540203, 0.264838677980492], [0.2711011849613091, 0.296094355724325, 0.12321957592310959, 0.3095848833912561], [0.2852813083313298, 0.2891465544674849, 0.11177843457533422, 0.313793702625851], [0.22862859720511536, 0.3027555067944404, 0.16249000822065046, 0.3061258877797939], [0.27837069915049023, 0.2664508636135668, 0.1656592750620753, 0.28951916217386786], [0.25029209687655296, 0.2835300240257476, 0.17180993111201062, 0.2943679479856888], [0.2924622902200374, 0.2719145448713802, 0.14656059040648242, 0.28906257450210027], [0.19284274900474863, 0.31256128822596163, 0.19846840281176412, 0.29612755995752577], [0.3087148793704498, 0.25453204827695963, 0.16068340728987343, 0.2760696650627171], [0.25730086437792254, 0.29325140266221433, 0.13388511060306685, 0.31556262235679633], [0.24833443885269593, 0.25659061046955994, 0.24816504794115463, 0.24690990273658944], [0.11332988358825836, 0.3207400168820756, 0.30055690925428025, 0.265373190275386], [0.2913992086594479, 0.28062057291776843, 0.11342606093149404, 0.3145541574912896], [0.17185819391366988, 0.29387753340715195, 0.2597055138741405, 0.27455875880503755], [0.14876304608977658, 0.3272154566409744, 0.1991721901963599, 0.3248493070728891], [0.1180344349115838, 0.3344014975728032, 0.23947892601964776, 0.30808514149596516], [0.23224131019570232, 0.28068476425585814, 0.19059181085897048, 0.2964821146894691], [0.20081610663728694, 0.2831450016761181, 0.2541420961564106, 0.26189679553018447], [0.23270707263729112, 0.31942613897144617, 0.11690481543142384, 0.33096197295983887], [0.1699286063618996, 0.2998049789037875, 0.24853582447284434, 0.28173059026146835], [0.224165828341131, 0.28107453702747, 0.22448917047229164, 0.2702704641591072], [0.3044024395239519, 0.28096012105268164, 0.09459809876177439, 0.32003934066159245], [0.24093373454532865, 0.25756044831954167, 0.255938822233592, 0.24556699490153752], [0.2512551589375443, 0.27587853828135334, 0.1882179968123619, 0.2846483059687406], [0.2429264959744477, 0.2642308032826017, 0.24437259369459596, 0.24847010704835495], [0.09876072284087012, 0.3143705480644693, 0.3309679092598304, 0.25590081983483026], [0.27164492590109884, 0.2644436711095981, 0.17651612986544013, 0.2873952731238624], [0.2507485467138359, 0.29414136492785736, 0.1389714282243164, 0.31613866013399017], [0.2758293211495133, 0.26106517047512817, 0.1798097448525362, 0.28329576352282243], [0.23758072748680167, 0.2731941904503729, 0.2260945705403194, 0.263130511522506], [0.3468671201558781, 0.26183881717176793, 0.07287408151718638, 0.31841998115516795], [0.21257229424977958, 0.2762122887263239, 0.2486311786718264, 0.26258423835207], [0.13671311424121338, 0.3132334976805774, 0.2748823098867292, 0.27517107819148], [0.2363838582295265, 0.28245388084807926, 0.25478673223128684, 0.2263755286911073], [0.3270552128117669, 0.2606996108662541, 0.09749125610239101, 0.314753920219588], [0.2826485208782406, 0.26549703854861245, 0.1730322040160807, 0.2788222365570661], [0.186957020082978, 0.29637329322648437, 0.24037314487936062, 0.27629654181117713], [0.30581456331679235, 0.2624131245574888, 0.14564187710480903, 0.28613043502090996], [0.29636438609628446, 0.2912095553629077, 0.08945039227947955, 0.3229756662613281], [0.22481632990837275, 0.259057572943985, 0.2956155470801362, 0.22051055006750572], [0.27589935153254985, 0.2970361401302554, 0.12171332345418057, 0.30535118488301416], [0.2803099596648607, 0.2923422279725125, 0.10945871156619451, 0.3178891007964322], [0.18957150883013876, 0.31642870642154447, 0.19593679934128108, 0.29806298540703596], [0.343036919077541, 0.24903331290302358, 0.09416396112961144, 0.3137658068898238], [0.4006796450702305, 0.20511638794245265, 0.08266879443031758, 0.3115351725569995], [0.19736442693346437, 0.30617067767268386, 0.19613289882025808, 0.3003319965735935], [0.3563687292847825, 0.23065705969919065, 0.1265222944618906, 0.2864519165541361], [0.3289726477322265, 0.2789460958049545, 0.07557091950159385, 0.3165103369612254], [0.20289296805481352, 0.30285652841821914, 0.20962429635677288, 0.28462620717019443], [0.2522201603871438, 0.31284275923421695, 0.10355719944098372, 0.33137988093765564], [0.24386927035322478, 0.2665533853368865, 0.2264348181587327, 0.2631425261511561], [0.16065863994324667, 0.2871298467818542, 0.33207938777186924, 0.22013212550302974], [0.11897446179073816, 0.3024142260773908, 0.3456237927302677, 0.23298751940160323], [0.31380250621517297, 0.272469808360579, 0.10239414654308562, 0.3113335388811621], [0.14153071437240325, 0.299356288670195, 0.31269170947489844, 0.2464212874825035], [0.23829463414763252, 0.27374842644741265, 0.21249542451437714, 0.27546151489057763], [0.26230308916587486, 0.3126073006539336, 0.09204233218318011, 0.33304727799701134], [0.28356190603710835, 0.2778408149441993, 0.14520145045429345, 0.29339582856439883], [0.27335342836417403, 0.27727668682022244, 0.16039055878948755, 0.2889793260261156], [0.2869530422361719, 0.2454474092189249, 0.2112967631633817, 0.2563027853815212], [0.21646516893399112, 0.30125297282541497, 0.18893038441029278, 0.2933514738303015], [0.25601249088642775, 0.3018426163869963, 0.12574905485762258, 0.3163958378689531], [0.2115702171906574, 0.2667229679396629, 0.2961078847932482, 0.22559893007643148], [0.1696959856991042, 0.30105790582311265, 0.24812089164455362, 0.2811252168332295], [0.23528138725892656, 0.32927982081328, 0.09882088647382167, 0.33661790545397174], [0.23475173810697955, 0.30720868040450183, 0.14319082861402777, 0.31484875287449055], [0.1377462120418777, 0.30482161251600676, 0.3111402468905001, 0.24629192855161539], [0.15000872878704843, 0.25738256524388287, 0.42587624452827444, 0.16673246144079418], [0.19983580915276103, 0.2969456373228093, 0.24131989223070344, 0.2618986612937264], [0.32543686058476046, 0.24835195573645458, 0.1348269860874664, 0.2913841975913189], [0.217082815297705, 0.28323814724208535, 0.19766996611506496, 0.3020090713451446], [0.284169012434124, 0.2731144984001909, 0.14598417884888434, 0.296732310316801], [0.260715113415382, 0.26676855585453635, 0.2026930682404226, 0.2698232624896594], [0.1727690991073664, 0.29771054740496966, 0.25862223302656523, 0.2708981204610989], [0.17334443136220332, 0.2824823601391726, 0.2918783103960771, 0.2522948981025466], [0.1667267868219979, 0.2813944919021676, 0.293113710615389, 0.25876501066044566], [0.23734350683793312, 0.2929652662907806, 0.1710654532830794, 0.29862577358820663], [0.3097560940418724, 0.2750854088807165, 0.0989047910796324, 0.3162537059977789], [0.31401447980042585, 0.2707202611982386, 0.09944102065654611, 0.3158242383447897], [0.18533225182344915, 0.30819124605327947, 0.22202404425665118, 0.2844524578666202], [0.19563875022639352, 0.2968285609574488, 0.2191732134328033, 0.2883594753833546], [0.19141912534155614, 0.29114029009672254, 0.2176065566135448, 0.29983402794817643], [0.3273639993263385, 0.2555899291662873, 0.1139003246129278, 0.3031457468944464], [0.30640569532028905, 0.2819665969511695, 0.10416445274767643, 0.3074632549808648], [0.3600205077987554, 0.21669896157533522, 0.13340479770001093, 0.2898757329258986], [0.21465229321368023, 0.27821121619528977, 0.26812507707151767, 0.2390114135195121], [0.2713427793038256, 0.25364996988851646, 0.18036156090805006, 0.2946456898996078], [0.22539937968141807, 0.28819185862529256, 0.22862417880885297, 0.2577845828844362]]}, "rewritten": {"ids": ["97105580", "97107950", "97110950", "97112170", "97113260", "97116800", "98109230", "98109311", "98111670", "98112300", "98116940", "98120010", "98121790", "99105921", "99107500", "99107630", "99107640", "99108310", "99108580", "99111620", "99112641", "99113260", "99119830", "99120010", "100108080", "100111380", "100116500", "100120780", "101108080", "101109120", "101110150", "101111210", "101111310", "101114990", "101117580", "102109840", "102109850", "102110690", "102110750", "102111990", "102112301", "102116340", "103110220", "103111110", "103111480", "103112470", "103113101", "103113210", "103117461", "103118291", "104111990", "105110251", "105111990", "105112240", "105113190", "105113210", "105115680", "105115900", "105118171", "105121370", "106114150", "106116640", "106118161", "106118301", "106118520", "106119990", "106120290", "107112850", "107113200", "107115140", "107116501", "107117630", "107119130", "107119950", "107120260", "107120880", "107121230", "108113480", "108114220", "108114670", "108115250", "108115500", "108115570", "108118810", "108119510", "108121160", "109113591", "109113881", "109114270", "109116441", "109116930", "109117271", "109117600", "109118161", "109118820", "110113931", "110114561", "110114720", "110114950", "110115890", "110115980", "110116170", "110118630", "110118740", "110118880", "110121450", "111115620", "111116090", "111116100", "111116110", "111119580", "111119610", "111119930", "111121190", "111121410", "112116800", "112116810", "112116990", "112118161", "112118701", "112118860", "112118890", "112118930", "112119120", "112119320", "112119500", "112119580", "112120290", "113117630", "113118111", "113118810", "113118870", "113119300", "113119360", "113119700", "113120280", "113120591", "113121220", "113121410", "113121810", "113122220", "113122320"], "labels": [1, 2, 3, 0, 1, 0, 1, 1, 1, 2, 2, 2, 2, 1, 0, 2, 1, 2, 0, 3, 1, 0, 1, 2, 0, 3, 2, 1, 0, 1, 1, 2, 3, 3, 3, 2, 1, 0, 1, 2, 1, 3, 2, 3, 0, 1, 3, 3, 0, 0, 2, 0, 2, 1, 3, 3, 2, 3, 3, 2, 1, 3, 3, 1, 2, 0, 2, 1, 0, 0, 1, 0, 1, 3, 1, 1, 0, 0, 3, 3, 1, 3, 3, 1, 1, 2, 3, 0, 3, 3, 0, 0, 1, 0, 3, 1, 0, 3, 0, 2, 1, 0, 1, 3, 0, 3, 1, 3, 3, 3, 3, 2, 1, 1, 0, 0, 3, 0, 0, 0, 3, 3, 1, 1, 1, 2, 3, 1, 0, 1, 3, 0, 1, 0, 0, 0, 0, 3, 0, 2, 1, 1], "predicted_labels": [1, 2, 0, 1, 2, 0, 2, 1, 2, 3, 1, 2, 2, 1, 2, 3, 1, 1, 1, 2, 1, 2, 1, 2, 2, 1, 2, 2, 1, 1, 1, 2, 2, 1, 2, 1, 2, 1, 2, 2, 3, 2, 1, 1, 0, 1, 2, 2, 1, 1, 1, 1, 1, 2, 0, 3, 1, 1, 1, 1, 1, 1, 1, 0, 1, 0, 1, 2, 1, 2, 3, 2, 1, 1, 1, 2, 1, 2, 3, 2, 1, 2, 2, 1, 1, 2, 1, 1, 3, 3, 1, 3, 2, 1, 2, 1, 2, 2, 2, 1, 0, 1, 1, 1, 1, 3, 1, 1, 1, 1, 1, 1, 2, 2, 1, 1, 3, 2, 1, 1, 3, 2, 1, 3, 1, 2, 3, 1, 1, 1, 1, 2, 3, 3, 1, 0, 2, 2, 0, 2, 1, 1], "confidence_scores": [[0.19882547761729283, 0.2984170882403839, 0.23795697768767296, 0.2648004564546502], [0.16975126657719147, 0.2701216324662258, 0.3550896613579564, 0.2050374395986262], [0.27973911015194164, 0.23258013499546368, 0.27562501038426007, 0.21205574446833445], [0.2517699716899793, 0.2773789864594548, 0.1960637559832986, 0.2747872858672673], [0.17079839015658113, 0.2623737154942781, 0.34954890665853516, 0.21727898769060536], [0.2811617138994052, 0.23651701578364268, 0.2642684398469775, 0.2180528304699744], [0.1648005713190433, 0.2708173848714952, 0.3511154204236912, 0.21326662338577063], [0.19231376213895093, 0.3041229754496094, 0.24387772078042907, 0.25968554163101043], [0.18801162835386676, 0.2748530382492749, 0.3201698129020823, 0.21696552049477602], [0.21514040596230943, 0.27684022944868847, 0.24351484619635755, 0.26450451839264466], [0.14727561551698595, 0.2950464873014148, 0.3178485536864931, 0.23982934349510582], [0.16845224050685237, 0.2710381828298121, 0.3371422688702587, 0.22336730779307673], [0.21791057251907522, 0.259994263874303, 0.3006734918625699, 0.2214216717440521], [0.19786635213802203, 0.29217013078623183, 0.26449702383054763, 0.24546649324519876], [0.17209627386620052, 0.2707585256732128, 0.3279868583905034, 0.2291583420700835], [0.2591909665517082, 0.25108937509859053, 0.2162102268653391, 0.27350943148436213], [0.2249374017173958, 0.28441094084253227, 0.2145894222611208, 0.276062235178951], [0.1514373338839588, 0.3062315030441039, 0.2884107371110778, 0.25392042596085956], [0.24828039630322116, 0.2689731857070564, 0.23578567061464975, 0.24696074737507262], [0.152939199003868, 0.2879162759366589, 0.3470625066888239, 0.2120820183706494], [0.24176325433281712, 0.2769717483183895, 0.22224351454467814, 0.2590214828041155], [0.10859981193729723, 0.2737254720204423, 0.4501494443021017, 0.1675252717401588], [0.19671773742712995, 0.28931056563105867, 0.24377128332924272, 0.2702004136125684], [0.1748077868366105, 0.27072177355874466, 0.3465317733139221, 0.2079386662907227], [0.19709006057900422, 0.2602034954053303, 0.3339810989212668, 0.20872534509439858], [0.24617120503218484, 0.2692400987141024, 0.22450807688468455, 0.26008061936902843], [0.18137671301074682, 0.2594487725484716, 0.36752931391047466, 0.19164520053030717], [0.21902054382908734, 0.2576092497654709, 0.3010776450173613, 0.222292561388081], [0.19434098809620912, 0.29475344633081496, 0.28096466123095715, 0.22994090434201855], [0.20288561661473067, 0.27465919528329913, 0.28467049149506923, 0.2377846966069009], [0.2441592706389935, 0.2824979949327911, 0.20912856909978336, 0.26421416532843256], [0.12151932502541898, 0.2847261540895861, 0.3811745426611672, 0.2125799782238278], [0.17538196694730634, 0.27712489573679305, 0.31698113236019115, 0.23051200495571014], [0.12926355317877075, 0.3147541451570154, 0.28095315286905914, 0.27502914879515455], [0.1885319590792169, 0.2617618269107488, 0.3021391612711205, 0.24756705273891355], [0.19693509585535077, 0.2779050961145638, 0.30020064312077327, 0.22495916490931223], [0.15930065821211, 0.2708198425874902, 0.34327283105076284, 0.226606668149637], [0.2503122426298435, 0.2906199823146182, 0.16326315566697275, 0.29580461938856584], [0.10554550962954552, 0.28780410569557785, 0.4525744566924042, 0.15407592798247263], [0.2015336027619636, 0.26761902582346725, 0.3163715171326518, 0.2144758542819174], [0.1895999179458389, 0.28670865359042796, 0.2475304868462754, 0.27616094161745763], [0.1449174220275408, 0.2805883281059522, 0.37005848024374416, 0.20443576962276308], [0.192729446384304, 0.2825007963742277, 0.295212700015917, 0.2295570572255515], [0.2048050416736403, 0.27547650013163955, 0.284142628146074, 0.23557583004864632], [0.3120286163112128, 0.2728308465271424, 0.10568823096873838, 0.3094523061929063], [0.17913167523117174, 0.2955281291645952, 0.27015582186853443, 0.25518437373569874], [0.1447990495049398, 0.2842164415167681, 0.3587882404922088, 0.21219626848608336], [0.17000115434429394, 0.2598013150215147, 0.3589298614576303, 0.211267669176561], [0.2812094734074917, 0.2833607490084812, 0.14460113347630538, 0.29082864410772197], [0.1889199374721926, 0.28601393507046907, 0.2706286359075322, 0.25443749154980605], [0.15924981458113216, 0.28921663084756816, 0.3245858177657194, 0.2269477368055804], [0.24095082064581785, 0.2728049946359478, 0.22844181134936237, 0.257802373368872], [0.146796658640138, 0.29958979634268057, 0.3162879931216205, 0.23732555189556112], [0.13206191540850576, 0.2978062725167962, 0.3158037675036163, 0.2543280445710816], [0.28278200293751893, 0.2585718168184466, 0.20456977320646585, 0.25407640703756884], [0.3388520282905953, 0.2471413255551101, 0.10457066909259147, 0.30943597706170317], [0.1170013365435251, 0.30663455661685274, 0.33724509812254716, 0.23911900871707517], [0.17159833705937, 0.2859842998129325, 0.290373738233198, 0.2520436248944994], [0.22734630209935444, 0.2842389479838694, 0.21023993335246077, 0.2781748165643154], [0.15617878469388116, 0.29283686967026235, 0.3281539619267398, 0.22283038370911673], [0.2783947357121359, 0.2603535472912329, 0.24184571843036268, 0.21940599856626827], [0.22348495195080234, 0.2809812899705086, 0.2232179989540146, 0.27231575912467476], [0.22683064619044319, 0.2730290434292884, 0.2662257775542734, 0.23391453282599473], [0.35069997555024157, 0.24951222354363423, 0.09620096802177602, 0.3035868328843484], [0.1629097404221013, 0.28870113825422605, 0.30269046283875495, 0.24569865848491787], [0.32092426663742857, 0.2532258877480476, 0.17314774624827456, 0.2527020993662492], [0.18787802724175715, 0.27899436186947746, 0.30400954794547624, 0.2291180629432892], [0.13284451041263062, 0.28636842780766486, 0.36431397010174027, 0.21647309167796447], [0.2535669979330752, 0.26389561358953717, 0.2274347648677535, 0.2551026236096341], [0.21579197531585265, 0.2520607662287196, 0.28680772181093417, 0.24533953664449362], [0.20718561946303096, 0.2888332082122901, 0.21702613628887735, 0.28695503603580225], [0.12272727406855863, 0.2944492701116516, 0.36463958619175263, 0.2181838696280372], [0.201932137369555, 0.2865309244527773, 0.25265888348987836, 0.2588780546877894], [0.23234648000818042, 0.2774519220984242, 0.21705567518515104, 0.2731459227082446], [0.1688193857950947, 0.292395307619858, 0.2810918516519714, 0.2576934549330757], [0.1628114829856724, 0.284781098546341, 0.29552112129916475, 0.25688629716882194], [0.19724295279723253, 0.2960245146572783, 0.22766926677657412, 0.2790632657689153], [0.10991596528800138, 0.3013884466715221, 0.3709083009177688, 0.21778728712270784], [0.2384895192213627, 0.2844383762435568, 0.1844178831244781, 0.29265422141060216], [0.16819121279477364, 0.27109171580257957, 0.35676315608817255, 0.203953915314474], [0.18476599128629143, 0.2915144827644076, 0.25694212316723386, 0.2667774027820671], [0.18545269051617658, 0.25465737054069065, 0.35358670315422075, 0.20630323578891213], [0.16711919198444242, 0.2759540061695523, 0.3155525670176864, 0.2413742348283192], [0.17673991444271914, 0.2890953110131065, 0.29256348569134105, 0.2416012888528329], [0.16918753961418836, 0.2864002679721414, 0.30358503194296443, 0.24082716047070563], [0.15145858924303696, 0.2885904739103584, 0.302015792603267, 0.25793514424333713], [0.1773773818148747, 0.2830734316510333, 0.29100875802835346, 0.2485404285057383], [0.21329564316866453, 0.2708236406119121, 0.2980952159674304, 0.21778550025199314], [0.254864429104112, 0.2811000929365514, 0.1621537898138121, 0.30188168814552435], [0.2841573605033272, 0.2602584254032758, 0.17301899238710658, 0.2825652217062905], [0.2602915803939347, 0.27649892853131597, 0.19951968870149497, 0.26368980237325446], [0.1649977265895987, 0.29239372103201866, 0.2744996828845369, 0.2681088694938457], [0.12331701522097589, 0.3022644806164591, 0.34160733552481193, 0.23281116863775303], [0.19829639471870808, 0.28901565052728534, 0.2614064820868544, 0.2512814726671518], [0.21073249019519547, 0.25121711163972743, 0.319086587548819, 0.21896381061625833], [0.18652004756798776, 0.2755154423281074, 0.2891793834728437, 0.24878512663106123], [0.17510881882652238, 0.25045104850129496, 0.40509292147461123, 0.16934721119757118], [0.14580826179797662, 0.28798262047119466, 0.32184925070010917, 0.24435986703071932], [0.15060906454447762, 0.2875105330418507, 0.3153208677086096, 0.246559534705062], [0.16851151226850847, 0.2933725997234696, 0.28381027372312906, 0.2543056142848928], [0.2480501373916887, 0.25633176775657046, 0.28834074993206593, 0.20727734491967498], [0.20665296402210792, 0.28493321354591167, 0.23074991265481107, 0.277663909777169], [0.18480589235544015, 0.29571266248955896, 0.24755000065305052, 0.27193144450195045], [0.2517265032384374, 0.26667372312027265, 0.21707472005563086, 0.26452505358565914], [0.2535829708609212, 0.2989339461386612, 0.12860098308168033, 0.3188820999187371], [0.22411189318895, 0.28054598474996684, 0.22215725820573756, 0.2731848638553455], [0.18507585142623817, 0.28541130181879226, 0.25946673699396694, 0.2700461097610024], [0.24817644012051993, 0.2798207361078783, 0.19793925018150732, 0.27406357359009437], [0.19469759636714248, 0.2926131024325053, 0.2652544269826111, 0.24743487421774135], [0.16253541574001443, 0.29737981173131456, 0.27354124583248307, 0.26654352669618764], [0.22903254698301498, 0.2661304989147178, 0.2611910294211128, 0.24364592468115406], [0.20559799265223777, 0.2844985039903004, 0.25396439318330744, 0.25593911017415405], [0.20226989024851832, 0.271887250161164, 0.3145094573728004, 0.21133340221751715], [0.18670144883681603, 0.27355699684586066, 0.29120658353274026, 0.248534970784583], [0.2090284977561208, 0.2816282099767903, 0.2603416315662983, 0.24900166070079055], [0.15745721519920186, 0.29648392464047574, 0.2875738266901497, 0.2584850334701727], [0.22675317920155919, 0.2570692636266984, 0.2643483754671236, 0.25182918170461893], [0.22273606289639272, 0.25373353730995785, 0.29887210696925737, 0.2246582928243921], [0.21314225609094786, 0.27765076529636107, 0.26586446130165653, 0.2433425173110343], [0.1862336936617577, 0.2950825084807291, 0.24147697951849634, 0.277206818339017], [0.17848551501712326, 0.2987233515068368, 0.24138159003579224, 0.2814095434402479], [0.12245214267576288, 0.2923340957736752, 0.35324779557017844, 0.23196596598038366], [0.18683059542606226, 0.28335625418412885, 0.3047309123402002, 0.22508223804960864], [0.1799829055925935, 0.2851430858115094, 0.2718363009356672, 0.26303770766023005], [0.15847149566708071, 0.29466230948998573, 0.29226644954637115, 0.25459974529656215], [0.131558138434618, 0.2664419108390867, 0.43034057724588964, 0.17165937348040586], [0.24030658523934564, 0.2709826615056594, 0.21148235039754162, 0.27722840285745326], [0.16807532497454408, 0.2989711219042209, 0.28928999731688587, 0.24366355580434912], [0.21316497823579528, 0.27919687835102214, 0.2694091828323577, 0.2382289605808249], [0.17370968124722522, 0.28685718524519177, 0.27492473365488507, 0.2645083998526981], [0.16360004281798665, 0.29627105679068544, 0.3061875179787843, 0.23394138241254392], [0.16856914164499306, 0.28850139027399535, 0.2879036308373947, 0.2550258372436169], [0.19541830547537034, 0.2838932196438676, 0.2549641752530458, 0.2657242996277162], [0.22320029274956388, 0.2740942302110524, 0.2313162093175077, 0.27138926772187616], [0.16837627311888478, 0.3016679012018961, 0.25480520631274994, 0.2751506193664693], [0.27621378508181016, 0.2398427181510225, 0.2263341452479084, 0.25760935151925896], [0.12593624069956433, 0.2974615912501184, 0.3227524221430397, 0.2538497459072777], [0.2060310081389575, 0.26848967241502086, 0.28031578962539727, 0.2451635298206243], [0.29509283703256, 0.2721443376475025, 0.14037054251900113, 0.29239228280093615], [0.14047068304355997, 0.2885078149565041, 0.3614323917594684, 0.20958911024046742], [0.11021672456949749, 0.3095455905422922, 0.3503484208032595, 0.22988926408495094], [0.2471296126377773, 0.2811451592290855, 0.20039535846388773, 0.27132986966924943]]}}