{"test": {"ids": ["99109141", "111116750", "111117200", "112118620", "113120640", "98119591", "111120320", "113118620", "99108460", "101110740", "110114610", "113120070", "97110950", "99109780", "112117571", "99107560", "99112300", "108118630", "111114171", "98116500", "102110750", "100120010", "113119480", "98107010", "100108080", "111120531", "108113740", "98106880", "112119580", "113120280", "110120560", "100111390", "112118880", "105116441", "99107500", "107114321", "113120540", "111114121", "112117580", "107116340", "105112240", "108118060", "108115570", "100109330", "105118171", "110120531", "112119930", "101112690", "103120340", "97118210", "105120280", "108119510", "104111531", "110119300", "113119300", "99110050", "106114011", "113121220", "111117571", "98109230", "111115780", "112121430", "104111830", "112119120", "99111620", "110117500", "107113180", "98109090", "98107380", "104111380", "97107821", "106115240", "105114220", "105116650", "112116401", "106116441", "113120780", "101112201", "108118810", "113119930", "107114950", "105113190", "101112160", "98108410", "97107920", "112120990", "105112260", "102121440", "109114720", "109117600", "113119450", "109116441", "113120830", "98111231", "99109311", "98120010", "103111480", "103111930", "110115580", "105117431", "111119580", "113122190", "111121410", "98121790", "108115880", "98106111", "111121930", "97113260", "97107681", "109118231", "113118690", "103117461", "110118740", "108113700", "102110500", "104113240", "100109980", "112120670", "112117780", "99108080", "109117080", "109120540", "106113190", "102109840", "110115890", "98107340", "109116810", "107120880", "97106000", "100111380", "101119030", "109119340", "100112060", "113122510", "108113620", "113120531", "107120130", "104113550", "109113591", "111118301", "99107640", "111116990"], "labels": [3, 3, 0, 3, 0, 1, 1, 3, 0, 3, 1, 2, 3, 2, 3, 1, 0, 1, 3, 2, 1, 0, 3, 3, 0, 0, 3, 0, 3, 0, 0, 2, 1, 1, 0, 0, 3, 0, 0, 3, 1, 1, 3, 0, 3, 0, 1, 1, 1, 2, 3, 1, 0, 1, 1, 3, 1, 3, 3, 1, 1, 2, 3, 1, 3, 1, 3, 1, 1, 3, 2, 1, 3, 1, 0, 0, 0, 0, 1, 1, 3, 3, 3, 1, 0, 2, 3, 2, 0, 1, 3, 3, 3, 1, 1, 2, 0, 3, 1, 1, 3, 1, 0, 2, 3, 0, 1, 1, 3, 1, 3, 0, 3, 0, 3, 2, 1, 2, 0, 3, 1, 1, 0, 2, 2, 0, 3, 1, 0, 3, 3, 3, 2, 2, 3, 0, 2, 1, 3, 3, 1, 0], "predicted_labels": [1, 0, 0, 1, 0, 0, 0, 1, 3, 1, 0, 1, 0, 2, 1, 1, 3, 3, 3, 3, 2, 2, 0, 1, 2, 0, 0, 1, 0, 0, 2, 1, 0, 1, 1, 0, 0, 3, 0, 1, 3, 3, 1, 0, 1, 0, 2, 3, 2, 0, 0, 3, 3, 1, 1, 0, 0, 3, 3, 2, 3, 2, 1, 0, 1, 0, 1, 0, 2, 2, 0, 1, 0, 1, 3, 1, 0, 0, 1, 1, 0, 3, 1, 2, 0, 2, 1, 2, 3, 0, 2, 0, 0, 0, 0, 3, 1, 0, 1, 2, 0, 3, 0, 0, 3, 2, 2, 2, 1, 0, 1, 3, 3, 3, 3, 1, 0, 3, 3, 0, 1, 1, 3, 1, 1, 2, 1, 3, 2, 0, 3, 3, 3, 2, 1, 3, 1, 0, 1, 3, 1, 0], "confidence_scores": [[0.3036655930097007, 0.6888175520575399, 0.00015087283011346798, 0.007365982102645836], [0.9441204641610782, 0.0025125963638480907, 0.01901172907089537, 0.03435521040417831], [0.8300731583151867, 0.0053078043696168364, 0.0007311205879258238, 0.16388791672727057], [0.01940707410504938, 0.4895029319891367, 0.09880122055348527, 0.3922887733523286], [0.6478100001853364, 0.022378166535176828, 0.002033420710017295, 0.3277784125694694], [0.9917130653702829, 0.001460137607484091, 0.006820274928702431, 6.52209353072627e-06], [0.32617162587700177, 0.16291263241878762, 0.31286395545444273, 0.19805178624976782], [0.11848584696301633, 0.8295986797420257, 0.014460252309644856, 0.03745522098531308], [0.02777078854557665, 0.0009244651499397746, 0.02295552132851495, 0.9483492249759686], [0.04597556589355809, 0.7365701588324147, 0.13271645086132763, 0.08473782441269959], [0.7160259039886874, 0.08943441098835987, 0.12342156363996151, 0.0711181213829914], [0.00013529463350009892, 0.9972211008049217, 0.001759381187488193, 0.0008842233740900761], [0.9836823586940265, 0.0001777874777948522, 0.006280763792581997, 0.009859090035596355], [0.012966543870701695, 0.012888358545966812, 0.9703935854029868, 0.0037515121803447667], [0.20873479319695445, 0.6693031479917397, 0.0629156264125168, 0.05904643239878921], [0.33437270274224207, 0.4919032467487241, 0.12390093024270533, 0.049823120266328465], [0.008191779030894698, 0.0053504832383974256, 0.11592945795742875, 0.8705282797732791], [0.0002688906684081402, 0.0012087185163028296, 0.007800680910099482, 0.9907217099051896], [0.11875719788208855, 0.04578815735369997, 0.049249983949103855, 0.7862046608151076], [0.36627767504398395, 0.002708211050430234, 0.1446844908444625, 0.4863296230611233], [0.0012641550130624592, 0.14323483823668598, 0.8552926101973224, 0.00020839655292915693], [0.009129154483273038, 0.01564607419184059, 0.6471681367206507, 0.32805663460423584], [0.4940957854310581, 0.09316764661491522, 0.04613230606961592, 0.3666042618844107], [0.04802573312685697, 0.7106019120262387, 0.21874673120597599, 0.022625623640928336], [0.0035095693247186414, 0.0005221350620255495, 0.9950191126877239, 0.000949182925531929], [0.7926412428021959, 0.021817064830340984, 0.0003907658896639999, 0.18515092647779896], [0.47750913189071637, 0.1571682948526542, 0.06792481698952645, 0.2973977562671029], [0.02016258343854434, 0.7607503754270603, 0.21790699765901747, 0.00118004347537803], [0.9959526594190796, 1.5373873309244374e-06, 3.34429101460494e-05, 0.004012360283443307], [0.9984218450059954, 1.0837654967041169e-05, 1.5579523108076986e-06, 0.0015657593867268952], [0.12107319949136952, 0.25510822208079986, 0.5549861176099481, 0.06883246081788262], [0.21273673453038966, 0.44604118016426, 0.25408803846274564, 0.08713404684260476], [0.7081438253519696, 0.021556514094937775, 0.059719317051851704, 0.21058034350124083], [0.00967256608641326, 0.9891630865427529, 0.0002798440826980832, 0.0008845032881358828], [0.031194991005350715, 0.46979434671314707, 0.04580525796756856, 0.4532054043139337], [0.7330594399065692, 0.22771401520724946, 0.0029546925000049364, 0.03627185238617623], [0.7045865209168627, 0.15171689231940713, 0.12110278164782107, 0.02259380511590912], [0.041117834236771664, 0.1062003828634441, 0.0020447501715076194, 0.8506370327282766], [0.5497290573650659, 0.061334311716910714, 0.00029071205162162374, 0.38864591886640165], [0.01273763225121734, 0.612861797328357, 0.006354712567494464, 0.3680458578529313], [0.03864878226094831, 0.07268665442502972, 0.0684884955065832, 0.8201760678074388], [0.06481426294091636, 0.03966163028649951, 0.048461168328407266, 0.8470629384441768], [0.0057015757196373145, 0.6840701555368484, 0.19304672901977102, 0.11718153972374327], [0.4066926572474465, 0.36551302034728733, 0.09778481874984213, 0.13000950365542402], [0.0768902380916403, 0.9117641458142918, 7.004726450138203e-05, 0.01127556882956646], [0.957461366748136, 0.03356399251636596, 0.0002090942990597421, 0.008765546436438459], [0.2759397526790258, 0.0012439003748317306, 0.416022077211513, 0.30679426973462937], [0.22670072051228254, 0.003874464606618572, 0.0017022571163689618, 0.7677225577647299], [0.011547971254581757, 0.15013326777941288, 0.6282313910470577, 0.2100873699189477], [0.6753471438549311, 0.00820002436300545, 0.31526071599549693, 0.0011921157865664464], [0.6291730995065784, 0.3548127416846351, 0.0035851340076474346, 0.012429024801139126], [0.10077678808155603, 0.005550305707464207, 0.023235047773671715, 0.870437858437308], [0.06730032394831086, 0.17684008394892717, 0.14794471210919533, 0.6079148799935665], [0.07422252033082524, 0.8212843273292519, 0.05616826304916025, 0.048324889290762583], [0.027940804236150845, 0.7717266582193024, 0.006753674078365446, 0.19357886346618136], [0.7375560385393076, 0.06051344595813807, 0.01679319456775191, 0.18513732093480242], [0.7089561243646618, 0.13788350738888724, 0.0417646504062895, 0.11139571784016161], [0.06999561115197662, 0.03806462352110898, 0.043926639783565986, 0.8480131255433484], [0.21856969614245775, 0.10972931402004006, 0.0030566349535165096, 0.6686443548839858], [0.0021456348484010907, 0.0001388751822190896, 0.9724043733838662, 0.025311116585513594], [0.04328453682282534, 0.2786545890817661, 0.1898374927301779, 0.4882233813652307], [0.042582723933722234, 0.016853103435174675, 0.875002940902858, 0.06556123172824495], [0.000147014126990702, 0.8209105299038212, 0.00011235701044085796, 0.1788300989587473], [0.9373807398530795, 0.015981845711447562, 0.0033559795389025994, 0.04328143489657033], [0.042266823516572814, 0.9383176584034355, 0.008501716977454492, 0.010913801102537262], [0.7003761773053814, 0.2211850580756965, 0.00027382145204588997, 0.07816494316687621], [0.0021012500108751374, 0.9607576589403968, 0.020293084057719346, 0.0168480069910087], [0.4543303530078036, 0.07816408723448715, 0.21979586847741664, 0.24770969128029272], [0.31092521978753346, 0.006273085049900558, 0.6236871200225044, 0.05911457514006152], [0.09712064815934668, 0.1802312417024418, 0.3964156669530826, 0.32623244318512895], [0.4784237422827639, 0.002869225413983239, 0.048774465145913416, 0.4699325671573394], [0.3637725922981479, 0.6193559307526285, 0.013726784712422868, 0.003144692236800668], [0.9675486996070394, 0.0034920434701334693, 0.00825674527237188, 0.02070251165045537], [0.0006061385357620514, 0.671690366520179, 0.3262872149219977, 0.001416280022061186], [0.2643421922050696, 0.0019527278974225157, 0.00017827428761978156, 0.733526805609888], [0.01347068146117087, 0.973457770580878, 0.0010425592093596756, 0.012028988748591537], [0.6176402087690441, 0.045654729259159026, 0.015961471964716933, 0.32074359000707997], [0.7531743028733748, 0.09379745267754884, 0.015234491471987027, 0.1377937529770893], [0.022774458960909495, 0.7168860696967388, 0.03565259680263695, 0.22468687453971467], [0.07914276417739435, 0.9065008006051297, 0.008695641386149868, 0.005660793831326122], [0.43250463481502727, 0.29003642077170855, 0.016096975935092826, 0.2613619684781715], [0.3866354131053159, 0.024864223932219612, 0.16595424725629765, 0.4225461157061668], [0.025544770528627157, 0.888030578876328, 0.060834929807578694, 0.02558972078746624], [0.03247964760929185, 0.06902747002488144, 0.8567754544635328, 0.041717427902293804], [0.9991496016643243, 0.00015982445071865772, 0.00021037588157362598, 0.00048019800338323264], [0.03327450093821028, 0.03735429263602821, 0.9278419124329808, 0.0015292939927806157], [0.016342560096699984, 0.9608279701778474, 0.014328784306283081, 0.008500685419169419], [0.3255786663709517, 0.2177303489967599, 0.42444007666783734, 0.03225090796445112], [0.0019000994212214023, 0.040466995789769, 0.03787582456321256, 0.919757080225797], [0.8318158926479359, 0.09817933477822752, 0.0599051914481294, 0.010099581125707165], [0.12092186551590714, 0.0635472373509796, 0.6124543356759258, 0.20307656145718744], [0.9763511424603953, 0.002326616239728214, 2.198700733860786e-06, 0.02132004259914265], [0.607681320529244, 0.004835884169833704, 0.3679347804117398, 0.01954801488918246], [0.647235027684642, 0.01151711618033185, 0.11358914648424022, 0.227658709650786], [0.45639658669643396, 0.32568182122074535, 0.175262229164601, 0.042659362918219784], [0.0019038056670430909, 0.0015827603638968136, 0.2707909604388642, 0.7257224735301959], [0.22955232649703253, 0.7054596148419398, 0.00198572875814015, 0.06300232990288736], [0.41937694425692373, 0.04327306249886422, 0.40732155296381917, 0.13002844028039304], [0.009659130075373128, 0.9172265021732716, 0.002065597081132098, 0.07104877067022318], [0.0007270669620017412, 0.1875579090791066, 0.7559451124069259, 0.05576991155196591], [0.6317226382596657, 0.07304679737436467, 0.0056406175953066205, 0.289589946770663], [0.05407923090663937, 0.03876200702308179, 0.293432241945539, 0.6137265201247398], [0.6588972504078303, 0.33136019912732423, 0.0077792572725037925, 0.0019632931923415395], [0.6181968507673814, 0.038838457170697546, 0.22442648948121308, 0.118538202580708], [0.019322056615884774, 0.014348887220128373, 0.00013669224248809926, 0.9661923639214987], [0.1567721914306125, 0.01908682905605197, 0.6473798701966452, 0.1767611093166903], [0.0001153684830432526, 1.7681919214421477e-05, 0.9933141682098675, 0.006552781387874794], [0.015089559436770124, 0.025285991264028317, 0.9411982686343013, 0.018426180664900347], [0.0063816363427041, 0.9894135249438613, 0.00349979350628894, 0.000705045207145495], [0.39066514398756486, 0.31306905786908834, 0.29126994402732487, 0.00499585411602187], [0.022108438966869932, 0.8403390018512441, 0.0032560364309650075, 0.13429652275092108], [0.09663550533847903, 0.24164752856132796, 0.02459100751633111, 0.6371259585838619], [0.2176304267316477, 0.005561262944165102, 0.00036182825166789217, 0.7764464820725192], [0.028799228832987123, 0.43110633845587626, 0.04930900468487221, 0.49078542802626446], [0.326486470678219, 0.0035730534564152117, 0.2636804296223148, 0.40626004624305107], [0.003502281425757687, 0.9956730383572105, 0.0007703155684471504, 5.4364648584685874e-05], [0.34287428106760665, 0.12336849687734577, 0.33027391909421167, 0.20348330296083583], [0.0243907141891616, 0.046635851090990395, 0.013820997723256956, 0.915152436996591], [0.004190672586337984, 0.03803776015750502, 0.0006991132306337867, 0.9570724540255232], [0.9032515148658328, 0.0611447096334675, 0.006540341443513054, 0.02906343405718662], [1.2999432529381374e-05, 0.999892390638342, 5.5169552852067315e-05, 3.944037627644843e-05], [0.003610861338939206, 0.9814702410039179, 0.000903593866828043, 0.014015303790314959], [0.019198289380276706, 0.18470254752267548, 0.02522078436711929, 0.7708783787299285], [0.008755475225253481, 0.8643681731658811, 0.11611244598939667, 0.010763905619468684], [0.04230951620674236, 0.9378442309221349, 0.018523212766510748, 0.0013230401046119865], [0.0004405335108941345, 0.0029797436988380785, 0.9956524206819489, 0.0009273021083187941], [0.060710220377585694, 0.9124441916484094, 0.0004985767741669743, 0.026347011199838028], [0.00015276757810878472, 0.0011346379381682874, 0.010659687213440027, 0.9880529072702829], [0.007363428168171501, 0.004564937458271321, 0.9848656475094253, 0.0032059868641319427], [0.6536961290921706, 0.03735091061537174, 0.1432281657002171, 0.16572479459224054], [0.05192870655184022, 0.020409632267625297, 0.3744031616091556, 0.5532584995713788], [0.006253488056861426, 0.2968597416078708, 0.0022814444871680595, 0.6946053258480998], [0.0061636902817746525, 0.013159515168100898, 0.36295354238425204, 0.6177232521658724], [0.03446818402507382, 0.2902053326395287, 0.3897232672628607, 0.2856032160725368], [0.429222284872442, 0.5525737631813898, 0.001218978505173917, 0.016984973440994162], [0.1241366992433155, 0.013037634847719727, 0.013471217960336223, 0.8493544479486287], [0.00046717375762066345, 0.9962249359754461, 0.0024227224042259886, 0.0008851678627074039], [0.9070007382307124, 0.023602391559482006, 0.004337986488356375, 0.06505888372144908], [0.4269297490823568, 0.5603372453662893, 0.00039014230741715733, 0.012342863243936807], [0.21197239208022323, 0.012297844014207429, 0.060956210638774815, 0.7147735532667946], [0.15400855519693704, 0.743405602979991, 0.057664628737973254, 0.04492121308509863], [0.9962351247704011, 0.0012355774377830816, 0.0003556466132070266, 0.002173651178608866]]}, "rewritten": {"ids": ["97106000", "97107681", "97107821", "97107920", "97110950", "97113260", "97118210", "98106111", "98106880", "98107010", "98107340", "98107380", "98108410", "98109090", "98109230", "98111231", "98116500", "98119591", "98120010", "98121790", "99107500", "99107560", "99107640", "99108080", "99108460", "99109141", "99109311", "99109780", "99110050", "99111620", "99112300", "100108080", "100109330", "100109980", "100111380", "100111390", "100112060", "100120010", "101110740", "101112160", "101112201", "101112690", "101119030", "102109840", "102110500", "102110750", "102121440", "103111480", "103111930", "103117461", "103120340", "104111380", "104111531", "104111830", "104113240", "104113550", "105112240", "105112260", "105113190", "105114220", "105116441", "105116650", "105117431", "105118171", "105120280", "106113190", "106114011", "106115240", "106116441", "107113180", "107114321", "107114950", "107116340", "107120130", "107120880", "108113620", "108113700", "108113740", "108115570", "108115880", "108118060", "108118630", "108118810", "108119510", "109113591", "109114720", "109116441", "109116810", "109117080", "109117600", "109118231", "109119340", "109120540", "110114610", "110115580", "110115890", "110117500", "110118740", "110119300", "110120531", "110120560", "111114121", "111114171", "111115780", "111116750", "111116990", "111117200", "111117571", "111118301", "111119580", "111120320", "111120531", "111121410", "111121930", "112116401", "112117571", "112117580", "112117780", "112118620", "112118880", "112119120", "112119580", "112119930", "112120670", "112120990", "112121430", "113118620", "113118690", "113119300", "113119450", "113119480", "113119930", "113120070", "113120280", "113120531", "113120540", "113120640", "113120780", "113120830", "113121220", "113122190", "113122510"], "labels": [0, 3, 2, 0, 3, 1, 2, 0, 0, 3, 0, 1, 1, 1, 1, 1, 2, 1, 2, 2, 0, 1, 1, 3, 0, 3, 1, 2, 3, 3, 0, 0, 0, 1, 3, 2, 2, 0, 3, 3, 0, 1, 3, 2, 3, 1, 2, 0, 3, 0, 1, 3, 0, 3, 2, 1, 1, 3, 3, 3, 1, 1, 1, 3, 3, 0, 1, 1, 0, 3, 0, 3, 3, 2, 1, 3, 0, 3, 3, 3, 1, 1, 1, 1, 3, 0, 3, 3, 1, 1, 1, 3, 1, 1, 1, 2, 1, 3, 1, 0, 0, 0, 3, 1, 3, 0, 0, 3, 3, 3, 1, 0, 0, 1, 0, 3, 0, 0, 3, 1, 1, 3, 1, 2, 2, 2, 3, 3, 1, 3, 3, 1, 2, 0, 0, 3, 0, 0, 3, 3, 1, 2], "predicted_labels": [2, 1, 2, 0, 0, 2, 0, 1, 1, 1, 2, 2, 1, 0, 2, 3, 3, 0, 3, 2, 1, 1, 1, 3, 3, 0, 0, 2, 3, 1, 3, 2, 3, 0, 2, 0, 3, 2, 1, 1, 0, 3, 3, 3, 3, 2, 0, 1, 0, 3, 1, 2, 3, 1, 0, 0, 3, 1, 3, 0, 1, 1, 2, 1, 0, 3, 1, 0, 1, 1, 0, 0, 1, 1, 2, 0, 3, 1, 1, 3, 3, 3, 1, 3, 0, 1, 0, 1, 1, 0, 0, 1, 1, 1, 1, 1, 1, 0, 1, 0, 2, 3, 0, 1, 0, 0, 3, 3, 0, 0, 3, 3, 1, 2, 3, 1, 0, 3, 1, 0, 0, 0, 2, 3, 2, 2, 1, 1, 3, 2, 3, 1, 1, 0, 1, 1, 0, 1, 0, 3, 3, 1], "confidence_scores": [[0.009864132925474636, 0.002450530894936412, 0.9591460366671286, 0.028539299512460363], [0.00923330454257428, 0.9536969769690463, 0.036156133498656026, 0.0009135849897234831], [0.3063063316857341, 0.0020992888682953683, 0.42315900795076355, 0.26843537149520685], [0.9971852637508446, 0.001470338773768304, 0.0003168150739053617, 0.0010275824014818143], [0.6030097535616736, 0.0018526115443184394, 0.06901522537213681, 0.3261224095218711], [0.03719004262874975, 0.3792458686794085, 0.41948495448507866, 0.16407913420676312], [0.6498121978678236, 0.006710070626593858, 0.33190868529491085, 0.011569046210671667], [0.05413840434436347, 0.3962950708953791, 0.18152602966380524, 0.36804049509645215], [0.18854493654757684, 0.7683347464385772, 0.042534670598930645, 0.0005856464149154028], [0.3288329316113329, 0.5373479741270792, 0.059531581241244275, 0.07428751302034367], [0.0012302351805858196, 0.015043075516857265, 0.9826533299584249, 0.001073359344131901], [0.1396916329366348, 0.019176754357416434, 0.6798779174618435, 0.1612536952441052], [0.10349866517428365, 0.5208307815136266, 0.028570477731306474, 0.34710007558078326], [0.7055261163912395, 0.025278870245593787, 0.10818228083260588, 0.16101273253056078], [0.015406111177073243, 0.0005641321019267484, 0.9665306089393434, 0.017499147781656607], [0.12775559887926857, 0.0007784936270061574, 0.04640627381791763, 0.8250596336758076], [0.05882110524957269, 0.0029041165597884417, 0.00661201837561437, 0.9316627598150244], [0.9797638958077765, 0.0014012243708430706, 0.01878427056619302, 5.060925518741821e-05], [0.00038077964572985547, 0.002399000551992431, 0.2387055980401308, 0.7585146217621469], [0.1348784877427384, 0.08982781216142093, 0.6981518299980841, 0.07714187009775669], [0.10362433579153772, 0.4633151185732487, 0.042196634176537885, 0.3908639114586757], [0.1563626539737958, 0.6691557346607797, 0.1361670243094837, 0.03831458705594065], [0.25908786884730833, 0.6734515989996402, 0.05964741523042253, 0.007813116922628994], [0.3818169195588717, 0.08221087615622247, 0.03326127951764306, 0.5027109247672626], [0.0023099223065774998, 0.016169291721075358, 0.030500786311299936, 0.9510199996610472], [0.9570267817189005, 0.021153570682044476, 1.7929874057589036e-05, 0.02180171772499726], [0.9596332002331766, 0.008847813942133596, 0.001394775671613753, 0.030124210153076002], [0.0018539862932642705, 0.13729071303301477, 0.8598648122021221, 0.0009904884715989186], [0.34809099736404825, 0.08607528927285771, 0.004009007792781256, 0.5618247055703128], [0.2756789428964589, 0.6852684367947115, 0.0319601695855872, 0.007092450723242416], [0.006312495063631682, 0.10412654196812338, 0.05198022596940479, 0.8375807369988401], [0.1629662861987582, 0.04414230210213719, 0.7896876601444405, 0.0032037515546640724], [0.2575202831619117, 0.09434767460873493, 0.11367975072887682, 0.5344522915004766], [0.5968532316413484, 0.14202071460745955, 0.19742242669183416, 0.06370362705935786], [0.26037476878839155, 0.01257888399130763, 0.492448267244918, 0.23459807997538265], [0.3929982352033905, 0.11311703039255898, 0.29508641737087005, 0.19879831703318035], [0.011541393762744453, 0.036345287083062984, 0.4045284828983059, 0.5475848362558866], [0.03016824265940589, 0.0011191085423659709, 0.9012478324256857, 0.06746481637254248], [0.00982483370673299, 0.7409455643306914, 0.09763824121509734, 0.15159136074747825], [0.0020254870074590072, 0.9642635347549444, 0.02233843436630263, 0.011372543871294178], [0.4802463443569805, 0.280899305105754, 0.022735168647051513, 0.21611918189021392], [0.113487656660197, 0.003455541282367197, 0.015045298161332817, 0.868011503896103], [0.025753494092458112, 0.0018126806184354965, 0.37241752098612985, 0.6000163043029766], [0.0070982542877963024, 0.0930320953417882, 0.30383203577329826, 0.5960376145971172], [0.13040617192018403, 0.00552683032037954, 0.016426769292826198, 0.8476402284666101], [0.0008416816865181406, 0.041971076093476445, 0.9570007619023556, 0.0001864803176496559], [0.4626017511946567, 0.028247459083925872, 0.40785775924342677, 0.1012930304779907], [0.3917905715854305, 0.5639418649020475, 0.005121577686576242, 0.03914598582594584], [0.48470073666281926, 0.0125351357551553, 0.46439056520648436, 0.038373562375541154], [0.34023665191702457, 0.2733148063039714, 0.004131225572985895, 0.3823173162060182], [0.0064615560628750466, 0.46042519459227005, 0.22746500999427613, 0.3056482393505788], [0.18069098208787482, 0.08401505931124671, 0.5514057665595544, 0.18388819204132395], [0.06793785280873023, 0.14276502146637715, 0.09347044880080617, 0.6958266769240864], [3.445613964789545e-05, 0.8886162736209863, 0.00010245552814660582, 0.11124681471121924], [0.5246954726539182, 0.46668792874782045, 0.007540305705561571, 0.0010762928926996854], [0.9295347062628587, 0.026101755359416553, 0.007633535835203106, 0.036730002542521435], [0.06997876368040608, 0.05239413354207841, 0.024157955114914136, 0.8534691476626014], [0.0053499889696172745, 0.9798126288519806, 0.01024873651616768, 0.004588645662234391], [0.04974696984945138, 0.0985676219286473, 0.03374021188130334, 0.8179451963405979], [0.9753665733383715, 0.0010789990196255427, 0.00627111915441829, 0.017283308487584942], [0.005978062461828663, 0.9938010080471714, 0.00011088311475868778, 0.00011004637624122283], [0.0013945386051210096, 0.8863847459184924, 0.08238831087842394, 0.029832404597962676], [0.01246962886867414, 0.16975423928896782, 0.7795402834522176, 0.03823584839014044], [0.361557816227993, 0.6284105953634603, 0.0009094896514664626, 0.009122098757080283], [0.9820040574812213, 0.016807611805815227, 0.0010338788034100158, 0.00015445190955352462], [0.019925721617738413, 0.0347764698595566, 0.013237059641205006, 0.9320607488815], [0.08594166819489076, 0.8241220700767184, 0.0037349571519008696, 0.08620130457648985], [0.44687504737821365, 0.15511909208462918, 0.04195561928540556, 0.35605024125175166], [0.012529804537514776, 0.9238712242164402, 0.0059769725026886985, 0.05762199874335627], [0.0006807423115084551, 0.9059763043385394, 0.0036807223271641373, 0.08966223102278811], [0.4877076802747312, 0.31896619587149067, 0.0001657530902471423, 0.19316037076353101], [0.788138258269621, 0.009278239998731496, 0.005723128010538731, 0.1968603737211087], [0.0071374554948330305, 0.7608290822319465, 0.007010165141031041, 0.22502329713218955], [0.004210903136887236, 0.9310996299932044, 0.04310948208263828, 0.021579984787270058], [6.243403972818348e-05, 0.00035445057338234873, 0.6458762422110044, 0.353706873175885], [0.8906018549062826, 0.08407231233583685, 0.0010057668183005837, 0.02432006593957998], [0.002557752035439287, 0.08533130234390408, 0.07296403375199632, 0.8391469118686603], [0.24575863309148768, 0.5283153907513638, 0.10615239264188295, 0.11977358351526551], [0.0010931102301043555, 0.5695705572054273, 0.33560723814999316, 0.09372909441447529], [0.08663977151936575, 0.06156552032632006, 0.0019097944926402882, 0.8498849136616738], [0.07722716954669037, 0.13307075393016723, 0.08932772720031472, 0.7003743493228278], [0.018435354268921105, 0.026637799718075148, 0.0023969999505852667, 0.9525298460624185], [0.31534094047570965, 0.4953996861565413, 0.018906344573995634, 0.1703530287937533], [0.13660498651040887, 0.054940721191617276, 0.0012236862065647224, 0.8072306060914092], [0.5746397570355013, 0.37907672339095055, 7.420753328067087e-05, 0.0462093120402675], [0.12528968541990418, 0.6775753740863508, 0.19338158089176785, 0.003753359601977146], [0.7757048498468517, 0.0282145291343248, 1.6257008388839205e-05, 0.19606436401043462], [0.050189765472894325, 0.7814100545713983, 0.00297163188089304, 0.1654285480748142], [0.004292625710247809, 0.9936043897846579, 0.0002986689407263237, 0.0018043155643680709], [0.6472718672401546, 0.27977596974234437, 0.054798214935752765, 0.018153948081748382], [0.5435703621303493, 0.3994524002005268, 0.053816029230629274, 0.003161208438494789], [0.0319383055727444, 0.5893602968359049, 0.05792628251156841, 0.3207751150797821], [0.009449439760395166, 0.7919170512943899, 0.0005447445970636894, 0.19808876434815134], [0.08974079053767584, 0.6049923784590988, 0.14142858577300146, 0.16383824523022394], [0.0017102702459345206, 0.9180859526525277, 0.0014292011600830696, 0.07877457594145466], [0.04366263834411935, 0.9424741088185364, 0.009770245818766884, 0.004093007018577481], [0.2286307362192222, 0.6798093910541199, 0.00012313961165531762, 0.09143673311500264], [0.6155985090710757, 0.20420048974076452, 0.0004757513966977896, 0.17972524979146207], [0.17724042229211853, 0.747498920410948, 0.01649517844557929, 0.05876547885135403], [0.9850842617628109, 0.013978374220537224, 0.0001225522147316913, 0.0008148118019200954], [0.3013909055952318, 0.020584365676998125, 0.6290723451391715, 0.048952383588598554], [0.06109752305767485, 0.07858349029316064, 0.00260619747000026, 0.8577127891791642], [0.6652219546667004, 0.023972058511740512, 0.0005179758455723464, 0.31028801097598663], [0.00934294604278802, 0.6812820058978062, 0.223971207771423, 0.08540384028798283], [0.9792007506604546, 0.0011217192832951764, 0.013806100842075652, 0.0058714292141745375], [0.8660400222013234, 0.10750559182203671, 0.005556496825525888, 0.02089788915111396], [0.39146168071753296, 0.032312419178486144, 0.0051884100186881015, 0.5710374900852928], [0.01700358537110048, 0.0584331610057929, 0.0035699348447646114, 0.920993318778342], [0.5295828999327241, 0.006936641283080307, 0.061179267229517664, 0.4023011915546781], [0.7390426392329266, 0.021375883346579208, 0.005366695100146269, 0.2342147823203481], [0.018329317892535262, 0.3202834567756555, 0.1796410802789405, 0.48174614505286883], [0.41619254968261565, 0.053997028371783586, 0.0003066186657663048, 0.5295038032798345], [0.09202906927070874, 0.8607036167699558, 0.021439551223280548, 0.025827762736054857], [0.0025202028599451143, 0.00011022592109204931, 0.9305253243207833, 0.06684424689817939], [0.016117486316631718, 0.000198543425788984, 3.7916473115543434e-05, 0.9836460537844638], [0.03385881875489805, 0.9586136405831474, 0.003246167132475789, 0.004281373529478782], [0.6925208790780839, 0.26756476035451, 0.0004437557992481812, 0.03947060476815794], [0.0010962029927083625, 0.05859992442639545, 0.004072675471497854, 0.9362311971093984], [0.19606907524255424, 0.5006386428931551, 0.07242965840616673, 0.23086262345812414], [0.5653229486848136, 0.017354171305796955, 0.01504504905855612, 0.4022778309508334], [0.7456203027868719, 0.013028917725579863, 0.0017992422463029335, 0.2395515372412453], [0.9528646167411082, 0.004858674122879543, 0.00038544142815006665, 0.04189126770786224], [0.21820793384607676, 0.0016952360388458446, 0.4259456678821479, 0.3541511622329295], [0.019233521313181935, 0.02023965185061473, 0.008766373194350915, 0.9517604536418524], [0.041193059240915424, 0.4734005005098681, 0.4816209642930813, 0.0037854759561351693], [0.0035841279872559774, 0.42109936263941816, 0.468918725441667, 0.10639778393165872], [0.04228059091689171, 0.6407693862385913, 0.08625222612679603, 0.23069779671772103], [0.030552473949118163, 0.9316160807632576, 0.00026116140122491905, 0.03757028388639936], [0.213629158823691, 0.05635945332386786, 0.019334449837409878, 0.7106769380150313], [0.10651468411440683, 0.03926472732178013, 0.6690305935349059, 0.18518999502890712], [0.374643507190241, 0.20802766232071268, 0.022420422427712906, 0.39490840806133337], [0.08810586630024528, 0.9081299384166992, 0.0026427377692800945, 0.0011214575137753404], [0.00036341699414345043, 0.951782189310684, 0.04001645512920666, 0.007837938565965971], [0.9985063376621166, 6.80059358377971e-06, 3.938483343440725e-06, 0.0014829232609562479], [0.3486051080233754, 0.6347482353891398, 0.0018525608758307765, 0.014794095711653915], [0.09554639115115103, 0.8206874153601945, 0.0437473522415456, 0.04001884124710875], [0.5383715805553188, 0.06746351163269909, 0.0028864366231998633, 0.39127847118878234], [0.0332016869713296, 0.5342226064197483, 0.2440725609262157, 0.18850314568270643], [0.6445028382690131, 0.0002970251528684197, 0.20118217606841973, 0.1540179605096988], [0.017334028181766804, 0.24234190280049533, 0.20735540035562608, 0.5329686686621118], [0.03327963516425146, 0.027842779567943676, 0.0719101106121072, 0.8669674746556977], [3.9794132884924194e-05, 0.900980957887246, 0.09015487687613918, 0.00882437110372999]]}}