{"test": {"ids": ["110118930", "102116500", "107114780", "103110220", "113121010", "112118550", "101110740", "113119450", "111117120", "102121700", "112121351", "113120601", "109121410", "101111210", "110115250", "108119510", "110120190", "104114410", "105119950", "98109570", "98119591", "103111990", "102121440", "109114720", "108115500", "97107950", "107115140", "97106000", "101108460", "111116411", "108117720", "112116900", "108118291", "109119591", "113118231", "101111990", "99111000", "103117461", "111118910", "111115780", "106114280", "111121930", "106113830", "99119830", "111119340", "112121030", "105114220", "102107961", "101119030", "109117150", "98107410", "112119610", "100108990", "104117200", "103118110", "107116340", "99109740", "110119300", "101112201", "99113260", "100111270", "98108410", "111120591", "113118421", "102112030", "106120290", "110118810", "100116500", "113117630", "105110091", "110120540", "111121410", "97116800", "106114150", "108120700", "111117200", "113118820", "102110240", "112116501", "110119891", "108116501", "109118701", "111118810", "108114180", "109117271", "112117471", "111116990", "102109850", "113119320", "106116120", "102110750", "111119150", "113121810", "111121220", "103110050", "106112770", "113122220", "112117660", "107121640", "98109230", "97107920", "104113190", "112118620", "99112531", "112116810", "107121540", "97105760", "106114321", "101108370", "103120290", "101109370", "103112641", "105117351", "104113550", "111120220", "112118810", "97116410", "101108580", "112116401", "111120190", "112121360", "109120150", "110113931", "98108970", "109115220", "101110150", "101111620", "100108580", "107119130", "113122320", "112116800", "104111531", "110116170", "108114270", "112116451", "99107950", "113119930", "111116290", "98108150", "113119700", "97105451", "100108080"], "labels": [1, 1, 2, 2, 2, 3, 3, 3, 2, 1, 0, 2, 0, 2, 1, 1, 3, 1, 3, 1, 1, 2, 2, 0, 3, 2, 0, 0, 0, 0, 1, 3, 3, 0, 3, 2, 2, 0, 0, 1, 3, 1, 1, 1, 3, 0, 3, 3, 3, 2, 3, 0, 2, 3, 2, 3, 3, 1, 0, 0, 2, 1, 1, 3, 2, 2, 1, 2, 0, 0, 1, 0, 0, 1, 2, 0, 0, 3, 3, 3, 0, 3, 0, 1, 0, 3, 0, 1, 1, 1, 1, 3, 2, 3, 3, 1, 1, 0, 1, 1, 0, 3, 3, 3, 3, 2, 0, 2, 1, 2, 1, 3, 0, 1, 3, 3, 3, 0, 0, 3, 3, 2, 1, 3, 3, 1, 3, 0, 1, 1, 0, 0, 0, 3, 0, 1, 1, 2, 0, 0, 0, 0], "predicted_labels": [1, 0, 1, 1, 1, 1, 3, 0, 1, 1, 3, 3, 3, 3, 1, 1, 1, 0, 0, 3, 3, 3, 1, 1, 1, 3, 3, 3, 3, 3, 3, 0, 3, 1, 1, 3, 1, 1, 3, 1, 3, 0, 3, 1, 3, 3, 1, 3, 3, 0, 3, 3, 3, 3, 3, 3, 1, 3, 1, 1, 1, 1, 3, 0, 1, 1, 1, 3, 1, 1, 1, 1, 0, 1, 0, 3, 1, 1, 3, 3, 3, 1, 3, 3, 3, 1, 3, 2, 3, 3, 3, 3, 1, 3, 1, 1, 1, 3, 3, 0, 3, 3, 1, 3, 1, 3, 3, 3, 0, 1, 1, 3, 3, 3, 3, 3, 3, 3, 3, 1, 0, 1, 1, 1, 3, 3, 0, 1, 3, 0, 1, 3, 1, 3, 0, 1, 1, 0, 1, 1, 1, 1], "confidence_scores": [[0.21146721334221336, 0.33458137695637696, 0.17483856421356414, 0.27911284548784554], [0.2686170634920636, 0.2621092518592519, 0.26316681929181934, 0.2061068653568654], [0.27430194805194813, 0.30366576479076474, 0.15427976190476186, 0.26775252525252524], [0.17253986291486292, 0.31651461038961054, 0.21415295815295812, 0.2967925685425687], [0.21424359668109663, 0.31798286435786444, 0.16565302752802752, 0.3021205114330114], [0.2825312604062604, 0.2973253968253967, 0.15404383116883116, 0.2660995115995116], [0.2351679917304917, 0.2470553474303474, 0.25369528388278384, 0.264081376956377], [0.3051850649350652, 0.26422619047619056, 0.18201370851370854, 0.24857503607503606], [0.25415728715728725, 0.2890988455988456, 0.1902516233766234, 0.26649224386724385], [0.25547676628926635, 0.30425709013209024, 0.1961040764790765, 0.24416206709956714], [0.2312380952380953, 0.26282341269841275, 0.19488690476190473, 0.3110515873015873], [0.22617766955266955, 0.2591595765345766, 0.214224025974026, 0.30043872793872817], [0.2131331931956932, 0.27943551587301596, 0.15523575036075035, 0.3521955405705406], [0.2249006132756133, 0.2590275974025975, 0.2074329004329004, 0.3086388888888889], [0.19293944943944943, 0.3099500360750361, 0.22435653235653233, 0.27275398212898205], [0.26118727106227096, 0.30499381174381174, 0.19873143523143524, 0.23508748196248194], [0.2784442293817295, 0.30950658369408374, 0.16269264069264072, 0.2493565462315463], [0.30520328282828285, 0.24161466311466298, 0.20554304029304032, 0.2476390137640138], [0.2779015567765568, 0.2572131194828564, 0.22000103113261013, 0.24488429260797684], [0.20979378260628256, 0.2392000360750361, 0.1997914446664446, 0.3512147366522367], [0.25398168498168494, 0.2605533910533911, 0.19416822066822065, 0.29129670329670343], [0.24592153679653678, 0.2869223137973138, 0.15071554834054832, 0.316440601065601], [0.17790178571428572, 0.30315043290043303, 0.24206250000000004, 0.27688528138528157], [0.20171470196470193, 0.33885059385059385, 0.18653354978354975, 0.2729011544011545], [0.20548142135642142, 0.37304184704184723, 0.19851208513708513, 0.2229646464646465], [0.2040543484293484, 0.2808660506160507, 0.23239688089688093, 0.2826827200577201], [0.2613253274503275, 0.20220686258186255, 0.18248852536352533, 0.35397928460428446], [0.1858537851037851, 0.29069673382173383, 0.15113461538461534, 0.37231486568986566], [0.18544859307359307, 0.30559523809523825, 0.19949170274170272, 0.30946446608946604], [0.272377344877345, 0.23102730602730603, 0.15802770840270838, 0.33856764069264067], [0.21754130591630588, 0.256498556998557, 0.18745364357864358, 0.3385064935064935], [0.369859163712105, 0.2525880606321783, 0.17073827561327554, 0.20681450004244123], [0.2419087301587302, 0.27261686230436233, 0.1878262293262293, 0.2976481782106782], [0.20440061327561326, 0.296765082140082, 0.21868598068598072, 0.2801483238983241], [0.25334078421578426, 0.2843412420912421, 0.18531145243645245, 0.27700652125652137], [0.24627870046620048, 0.2711907467532467, 0.20043387168387164, 0.2820966810966811], [0.16382052669552669, 0.3509109085359086, 0.1947066128316128, 0.29056195193695195], [0.21490836940836944, 0.34600342712842724, 0.1823367604617604, 0.25675144300144304], [0.24911870768120775, 0.28723602092352085, 0.15424396436896434, 0.3094013070263072], [0.28153625541125543, 0.2851722582972584, 0.18892686480186477, 0.2443646214896215], [0.2653495670995672, 0.25185546398046393, 0.2040011377511377, 0.2787938311688313], [0.35267983405483394, 0.24935768398268393, 0.15187121212121207, 0.24609126984126983], [0.24417334054834058, 0.25138870851370854, 0.22533358308358303, 0.2791043678543679], [0.16634920634920633, 0.3408006854256855, 0.23923412698412697, 0.2536159812409813], [0.2829712301587301, 0.25708297258297264, 0.16616783910533908, 0.29377795815295815], [0.28394017094017093, 0.23680790043290043, 0.16663210400710401, 0.31261982461982457], [0.2661547619047619, 0.28272767591885245, 0.1907160339660339, 0.26040152821035173], [0.22903499278499287, 0.2791889221889222, 0.20704983904983912, 0.28472624597624613], [0.2805361305361305, 0.2589792568542569, 0.1722573953823954, 0.28822721722721717], [0.2873515512265512, 0.26139141414141426, 0.18589940614940612, 0.2653576284826285], [0.23956980519480517, 0.261532738095238, 0.1856298701298702, 0.31326758658008663], [0.23836922799422802, 0.2681686507936509, 0.18671758796758806, 0.30674453324453327], [0.2579764610389611, 0.20740155677655683, 0.20992844655344656, 0.3246935356310356], [0.24424503968253963, 0.27582314213564224, 0.17926659451659457, 0.30066522366522364], [0.23900075618825614, 0.2069349400599401, 0.19870887445887456, 0.35535542929292935], [0.25416771708683483, 0.24008730158730157, 0.19657465165553387, 0.30917032967032976], [0.17214492043903806, 0.294230602000339, 0.2398480493105106, 0.2937764282501124], [0.2450072011322011, 0.297752011877012, 0.1565755772005772, 0.3006652097902099], [0.2322675657675658, 0.353390331890332, 0.163279637029637, 0.2510624653124653], [0.21723926767676777, 0.31958412420912435, 0.2111962481962481, 0.25198035991785994], [0.2138911643911644, 0.3052700216450217, 0.2611932234432234, 0.21964559052059052], [0.26096202408702407, 0.32005329392829396, 0.2039103119103119, 0.21507437007437005], [0.2648472222222222, 0.25697081390831394, 0.1739913073038073, 0.3041906565656565], [0.2899561896436897, 0.2687326284826285, 0.15412627650127647, 0.28718490537240543], [0.21644094794094787, 0.2869130036630037, 0.24994493006993007, 0.2467011183261183], [0.21950919913419906, 0.3099568348318348, 0.19675059662559669, 0.2737833694083694], [0.20877678857090617, 0.33015409672027324, 0.18324201207289448, 0.2778271026359262], [0.22575842213342212, 0.2779206349206349, 0.2116506687756688, 0.2846702741702742], [0.2536428571428571, 0.27395481601731597, 0.22857751276501276, 0.24382481407481407], [0.24113528138528134, 0.2662940115440115, 0.24678445165945173, 0.2457862554112553], [0.24468849206349202, 0.3173946608946609, 0.18360930735930736, 0.25430753968253966], [0.2426547133422133, 0.304894660894661, 0.16096099733599728, 0.2914896284271285], [0.2864926046176048, 0.24759325396825396, 0.2287337662337663, 0.2371803751803753], [0.25316486291486284, 0.2840846653346654, 0.20146944721944726, 0.2612810245310245], [0.32555369630369624, 0.28761033411033404, 0.14718140193140186, 0.23965456765456772], [0.2851907814407814, 0.24705735930735934, 0.15430609668109665, 0.31344576257076256], [0.25400470362970373, 0.29214423076923085, 0.1750798507048507, 0.2787712148962149], [0.27385227272727286, 0.29572240259740273, 0.17897577422577413, 0.2514495504495504], [0.24759650072150088, 0.21476497113997112, 0.18065427627927622, 0.356984251859252], [0.17979706404706403, 0.25679263791763796, 0.23385070485070486, 0.32955959318459327], [0.26111147186147177, 0.2589430014430015, 0.1546630591630591, 0.32528246753246765], [0.2118794559198971, 0.31071142134009777, 0.242079831932773, 0.2353292908072321], [0.26221248196248204, 0.29621031746031745, 0.1365717893217893, 0.30500541125541125], [0.2308967560217561, 0.25825824175824175, 0.15548279498279496, 0.35536220723720724], [0.24944727494727492, 0.24603998778998787, 0.18397041847041845, 0.32054231879231887], [0.22743439893439898, 0.3337341963591963, 0.18623003385503384, 0.252601370851371], [0.27811408730158743, 0.23976208513708527, 0.18106691919191917, 0.30105690836940835], [0.19632187950937952, 0.27695093795093806, 0.28398611111111116, 0.24274107142857143], [0.29491233766233765, 0.24167252886002885, 0.15866062409812406, 0.3047545093795093], [0.28310948773448774, 0.2725538073038074, 0.13234491896991898, 0.31199178599178595], [0.22301706626706624, 0.267388777888778, 0.2213834776334776, 0.2882106782106782], [0.27330802530802534, 0.2729756493506494, 0.17133351370851369, 0.2823828116328116], [0.1816120962370962, 0.3307873515373516, 0.24867739205239212, 0.23892316017316018], [0.265800865800866, 0.240836815961816, 0.1733938006438007, 0.31996851759351763], [0.2397664141414142, 0.31516338318544207, 0.22833228781022907, 0.21673791486291485], [0.15913505244755238, 0.3131356421356421, 0.24957634726384728, 0.2781529581529582], [0.21447222222222215, 0.34772113997114007, 0.19340416527916532, 0.24440247252747244], [0.21914384920634927, 0.29128211298935, 0.18660532961190857, 0.3029687081923924], [0.24466284410034406, 0.2583612012987013, 0.20903299478299484, 0.28794295981795986], [0.3062884615384614, 0.255048631923632, 0.19434282384282384, 0.24432008269508274], [0.21456484487734484, 0.24864864302364292, 0.17506127899877896, 0.36172523310023297], [0.25878546453546447, 0.2835727328227328, 0.17278131590631593, 0.28486048673548686], [0.2814583333333336, 0.3044199689199689, 0.15095093795093792, 0.2631707597957599], [0.23949709318459317, 0.27787325174825184, 0.17333542846042843, 0.3092942266067266], [0.27172005772005764, 0.29087615652321536, 0.19702644087938204, 0.24037734487734483], [0.1904619408369408, 0.27184487734487744, 0.21567496392496394, 0.3220182178932179], [0.22301163419913408, 0.2726690115440116, 0.19380880230880237, 0.310510551948052], [0.21935744810744803, 0.26419322344322343, 0.22291010378510379, 0.29353922466422466], [0.3405504911754912, 0.22000414862914866, 0.20527833277833274, 0.23416702741702736], [0.20655525030525027, 0.30182273363891027, 0.25961874236874244, 0.23200327368709725], [0.2133028499278499, 0.3168414502164503, 0.17560930735930733, 0.29424639249639256], [0.2203805222555223, 0.24881661394161392, 0.24792898767898777, 0.28287387612387616], [0.2390509074259074, 0.26490372127872125, 0.19244357031857032, 0.303601800976801], [0.2672351953601953, 0.23609526584526588, 0.18338924963924966, 0.31328028915528916], [0.24890716228216225, 0.29455404317904327, 0.1543459040959041, 0.30219289044289044], [0.20362790681540677, 0.31940647546897555, 0.13491654179154178, 0.3420490759240761], [0.20471984959484968, 0.27735438172938176, 0.21771790709290711, 0.3002078615828616], [0.2704745393495394, 0.2199854728604729, 0.238751554001554, 0.27078843378843376], [0.2782598463627876, 0.26739625244037013, 0.13171825396825398, 0.3226256472285885], [0.2168232323232323, 0.34361195748695744, 0.20636688311688314, 0.23319792707292702], [0.27942794011544014, 0.24058125901875907, 0.21277987290487285, 0.2672109279609281], [0.21184805472305476, 0.34474094451300347, 0.23762366310160427, 0.20578733766233764], [0.2514044566544566, 0.3974905094905096, 0.11623003385503386, 0.23487500000000008], [0.21379639804639805, 0.32846749084249083, 0.220485680985681, 0.23725043012543012], [0.19675727050727043, 0.25829231879231884, 0.1828452935952936, 0.3621051171051171], [0.2617839105339106, 0.2374608585858586, 0.2013511904761905, 0.2994040404040404], [0.29740245865245873, 0.22773522311022318, 0.19064459151959148, 0.28421772671772677], [0.1845438311688311, 0.28034644522144514, 0.26698243423243434, 0.26812728937728947], [0.22883111333111333, 0.300474025974026, 0.14948093573093574, 0.32121392496392503], [0.3030501373626373, 0.2904143772893775, 0.15739816433566434, 0.249137321012321], [0.23331363081363077, 0.33379816017316033, 0.1614244089244089, 0.27146380008880017], [0.2604495504495505, 0.26504743867243863, 0.14073971861471862, 0.3337632922632925], [0.2536414141414141, 0.3271311327561328, 0.18996216283716283, 0.22926529026529033], [0.2567492091242092, 0.24871830946830947, 0.1706904761904762, 0.32384200521700524], [0.3040144161394161, 0.2575137778887779, 0.15456080031080036, 0.2839110056610057], [0.1615573274764451, 0.3206439393939396, 0.28057615015703263, 0.23722258297258306], [0.23566882423132426, 0.28644774669774664, 0.1917650474525475, 0.2861183816183816], [0.29649525474525495, 0.27748953823953815, 0.18591690254190263, 0.24009830447330455], [0.23939880952380954, 0.3057130230880231, 0.19897191697191693, 0.2559162504162505], [0.25983634421134433, 0.29825212981462973, 0.15241780441780434, 0.2894937215562215], [0.261274642024642, 0.28238762626262637, 0.18832990620490622, 0.26800782550782554], [0.21600036075036072, 0.34096284271284266, 0.16818849206349198, 0.27484830447330455]]}, "rewritten": {"ids": ["97105451", "97105760", "97106000", "97107920", "97107950", "97116410", "97116800", "98107410", "98108150", "98108410", "98108970", "98109230", "98109570", "98119591", "99107950", "99109740", "99111000", "99112531", "99113260", "99119830", "100108080", "100108580", "100108990", "100111270", "100116500", "101108370", "101108460", "101108580", "101109370", "101110150", "101110740", "101111210", "101111620", "101111990", "101112201", "101119030", "102107961", "102109850", "102110240", "102110750", "102112030", "102116500", "102121440", "102121700", "103110050", "103110220", "103111990", "103112641", "103117461", "103118110", "103120290", "104111531", "104113190", "104113550", "104114410", "104117200", "105110091", "105114220", "105117351", "105119950", "106112770", "106113830", "106114150", "106114280", "106114321", "106116120", "106120290", "107114780", "107115140", "107116340", "107119130", "107121540", "107121640", "108114180", "108114270", "108115500", "108116501", "108117720", "108118291", "108119510", "108120700", "109114720", "109115220", "109117150", "109117271", "109118701", "109119591", "109120150", "109121410", "110113931", "110115250", "110116170", "110118810", "110118930", "110119300", "110119891", "110120190", "110120540", "111115780", "111116290", "111116411", "111116990", "111117120", "111117200", "111118810", "111118910", "111119150", "111119340", "111120190", "111120220", "111120591", "111121220", "111121410", "111121930", "112116401", "112116451", "112116501", "112116800", "112116810", "112116900", "112117471", "112117660", "112118550", "112118620", "112118810", "112119610", "112121030", "112121351", "112121360", "113117630", "113118231", "113118421", "113118820", "113119320", "113119450", "113119700", "113119930", "113120601", "113121010", "113121810", "113122220", "113122320"], "labels": [0, 0, 0, 0, 2, 3, 0, 3, 0, 1, 3, 1, 1, 1, 1, 3, 2, 3, 0, 1, 0, 0, 2, 2, 2, 1, 0, 0, 1, 1, 3, 2, 3, 2, 0, 3, 3, 1, 3, 1, 2, 1, 2, 1, 3, 2, 2, 3, 0, 2, 2, 0, 3, 1, 1, 3, 0, 3, 0, 3, 1, 1, 1, 3, 2, 1, 2, 2, 0, 3, 1, 2, 1, 1, 3, 3, 0, 1, 3, 1, 2, 0, 3, 2, 0, 3, 0, 2, 0, 1, 1, 0, 1, 1, 1, 3, 3, 1, 1, 2, 0, 0, 2, 0, 0, 0, 3, 3, 3, 3, 1, 3, 0, 1, 0, 0, 3, 0, 3, 3, 3, 0, 3, 3, 3, 0, 0, 0, 3, 0, 3, 3, 0, 1, 3, 0, 1, 2, 2, 2, 1, 1], "predicted_labels": [3, 2, 3, 3, 3, 1, 0, 1, 1, 1, 1, 0, 3, 1, 1, 1, 1, 3, 1, 1, 1, 1, 3, 1, 3, 0, 3, 3, 1, 3, 1, 3, 3, 1, 1, 1, 3, 1, 3, 1, 3, 1, 1, 1, 1, 1, 1, 2, 0, 3, 1, 3, 0, 3, 1, 1, 2, 1, 1, 1, 2, 3, 3, 3, 3, 3, 1, 1, 3, 1, 1, 1, 3, 3, 3, 1, 3, 3, 0, 1, 0, 1, 3, 1, 3, 1, 1, 1, 1, 1, 1, 1, 1, 1, 3, 1, 1, 1, 0, 1, 3, 3, 1, 3, 3, 1, 3, 3, 1, 1, 3, 3, 1, 1, 0, 1, 0, 1, 1, 0, 1, 3, 1, 1, 3, 1, 0, 3, 0, 1, 1, 3, 1, 1, 0, 1, 1, 1, 1, 1, 1, 1], "confidence_scores": [[0.2440652264402264, 0.2733855866355867, 0.19616684704184703, 0.28638233988233996], [0.22868229482935354, 0.22690313852813854, 0.2764569042069043, 0.26795766243560365], [0.20113444888444884, 0.25357022144522146, 0.22421434121434117, 0.3210809884559886], [0.22138497613497615, 0.2375693889443889, 0.18520086857586857, 0.35584476634476625], [0.19780483405483398, 0.25934343434343443, 0.24447474747474762, 0.2983769841269842], [0.21386548174048184, 0.29790945165945154, 0.2518028083028082, 0.2364222582972583], [0.27446121933621953, 0.2436066017316017, 0.21298214285714284, 0.26895003607503615], [0.23793596681096688, 0.2801800144300144, 0.21517431179931187, 0.266709706959707], [0.2200449758574758, 0.34475568181818184, 0.18041812354312353, 0.2547812187812188], [0.3016409007659008, 0.30790700965700973, 0.1853102591852592, 0.20514183039183034], [0.19746634901046659, 0.3699593184593185, 0.21460686943775176, 0.21796746309246318], [0.3056873959373959, 0.24232112332112338, 0.19507346819846816, 0.2569180125430125], [0.22967796092796097, 0.2593703796203797, 0.1860849705849705, 0.32486668886668907], [0.2605175102675103, 0.28293367743367753, 0.19643156843156845, 0.2601172438672438], [0.14170075757575756, 0.33937512487512483, 0.255686507936508, 0.2632376096126096], [0.184882599426717, 0.3973350531047901, 0.2190150628525241, 0.1987672846159688], [0.2017739898989899, 0.3514566822066822, 0.2289710428460429, 0.21779828504828505], [0.23930647130647134, 0.25938721001221, 0.2213586413586414, 0.27994767732267734], [0.25220905483405487, 0.2932699106449108, 0.21323899711399705, 0.24128203740703738], [0.19104635642135645, 0.3132177822177823, 0.23377566877566877, 0.2619601925851926], [0.24420039682539676, 0.3286819083694084, 0.16958865440115434, 0.25752904040404045], [0.22721094877344875, 0.26393775595749286, 0.24781256681914587, 0.2610387284499126], [0.23240548340548337, 0.2329002664002664, 0.22832774170274167, 0.3063665084915086], [0.22145501720501726, 0.31958730158730164, 0.22693101343101346, 0.2320266677766677], [0.20299254911754905, 0.28198088023088025, 0.1976237373737374, 0.31740283327783325], [0.2926952075702076, 0.24988143800643797, 0.1849186091686092, 0.27250474525474533], [0.2565130612851202, 0.237896645021645, 0.179745670995671, 0.3258446226975639], [0.2553933982683983, 0.21561688311688315, 0.20726875901875905, 0.3217209595959596], [0.24074484339190216, 0.30568668831168844, 0.20520256132756134, 0.2483659069688482], [0.21961111111111112, 0.22562968975468983, 0.2124900793650794, 0.34226911976911983], [0.26841586191586186, 0.285085699023199, 0.21137488206238206, 0.235123556998557], [0.23267905705405706, 0.27089069264069265, 0.185922077922078, 0.3105081723831724], [0.26437967587967587, 0.26044494394494394, 0.20567850205350202, 0.2694968781218781], [0.1798333541458541, 0.3288933080808081, 0.21321760184260183, 0.27805573593073596], [0.20709067321567318, 0.31828120490620493, 0.19988852813852817, 0.27473959373959367], [0.265984126984127, 0.3169210927960928, 0.17752425352425363, 0.23957052669552678], [0.23332846320346323, 0.2722764457764459, 0.21731829281829287, 0.2770767982017982], [0.2472445887445888, 0.2688033910533911, 0.2434449855699855, 0.24050703463203466], [0.22706938894438897, 0.26776154401154406, 0.18921933621933623, 0.3159497308247309], [0.2151032856032856, 0.3025090881340882, 0.23610551948051944, 0.24628210678210682], [0.20223261460761452, 0.26286507936507936, 0.24654594017094011, 0.2883563658563659], [0.25158405483405494, 0.26333093295593285, 0.259431068931069, 0.22565394327894336], [0.20885796148296154, 0.3206543872793874, 0.21448772061272062, 0.2559999306249307], [0.2903806659027247, 0.2986132478632478, 0.20878051115551116, 0.2022255750785162], [0.25464337051837055, 0.3483209617180206, 0.20681595691889812, 0.19021971084471087], [0.17891353091353085, 0.32533297258297267, 0.17908304195804192, 0.3166704545454546], [0.2501797646797647, 0.37806974969474966, 0.15772619047619052, 0.21402429514929516], [0.2286437590187589, 0.24077777777777776, 0.27543650793650803, 0.25514195526695516], [0.2768847402597403, 0.2664063852813853, 0.18639448051948052, 0.27031439393939405], [0.2553494422244423, 0.2808241896991897, 0.182002775002775, 0.2818235930735931], [0.2411720224220224, 0.2930685980685981, 0.2451250000000001, 0.22063437950937964], [0.2791142329892331, 0.26518704906204904, 0.14412157287157285, 0.3115771450771452], [0.2904425713175714, 0.2666610750360751, 0.1970696248196248, 0.24582672882672882], [0.25626663614163614, 0.2736908091908092, 0.19334163059163065, 0.2767009240759241], [0.2740974025974027, 0.2992548146298147, 0.15981089743589746, 0.2668368853368854], [0.210588474025974, 0.2954789516039516, 0.20601652514152516, 0.28791604922854924], [0.24993247030747034, 0.24600818625818627, 0.2760328282828284, 0.22802651515151517], [0.24835461760461758, 0.3125575821237587, 0.18188227050727046, 0.25720552976435335], [0.2683079975579975, 0.2892594905094905, 0.15644896769896768, 0.2859835442335443], [0.24825960150960152, 0.2712687590187592, 0.2215616466866467, 0.25890999278499277], [0.19450656288156282, 0.2258729603729604, 0.2917971889221889, 0.2878232878232878], [0.2612741702741703, 0.2459503683451052, 0.20477957203615102, 0.2879958893445737], [0.2397097347097346, 0.24849193861693866, 0.21886195748695758, 0.29293636918636917], [0.2461101190476191, 0.2549435425685426, 0.18894642857142863, 0.3099999098124098], [0.2354036241536242, 0.2664585137085137, 0.190940712065712, 0.3071971500721501], [0.24533405483405482, 0.2577760295260296, 0.18379748029748022, 0.31309243534243536], [0.2514186507936508, 0.2912306443556444, 0.1833429487179487, 0.27400775613275613], [0.2412169913419913, 0.3107115800865801, 0.14616215728715728, 0.30190927128427125], [0.2444461788211789, 0.21764441114441108, 0.17824166111666112, 0.35966774891774894], [0.23247352933014703, 0.2883529040404041, 0.2137225038033862, 0.2654510628260629], [0.16177002164502155, 0.35403174603174603, 0.1586367243867244, 0.32556150793650784], [0.2325766872016872, 0.31180903818403827, 0.1805545288045288, 0.27505974580974596], [0.23031216006216002, 0.2819330808080809, 0.18641641691641692, 0.3013383422133421], [0.2633392857142858, 0.24354155566655575, 0.1946607697857698, 0.2984583888333888], [0.26010995948495963, 0.24643421855921857, 0.16859745809745807, 0.3248583638583638], [0.21688275613275618, 0.34949471361971374, 0.1755680708180708, 0.2580544594294595], [0.2832864912864913, 0.2665683760683761, 0.1390900072150072, 0.3110551254301254], [0.22627848540348544, 0.2816048534798536, 0.1818487762237762, 0.310267884892885], [0.3017917221667221, 0.25388378288378294, 0.16057202519702518, 0.28375246975246976], [0.2092878787878788, 0.32788986013986027, 0.19824668387168387, 0.2645755772005772], [0.29103998778998774, 0.28981853563103566, 0.17219735125985128, 0.24694412531912532], [0.1564432928182928, 0.336561272061272, 0.21666179653679662, 0.29033363858363864], [0.1902362914862915, 0.3213840187590187, 0.1478154761904762, 0.34056421356421374], [0.2385807178932179, 0.2865771103896105, 0.19192916805416807, 0.2829130036630037], [0.24887945387945387, 0.27198611111111104, 0.1942962454212455, 0.2848381895881896], [0.23356888454682567, 0.3004312591003767, 0.17875000000000005, 0.28724985635279754], [0.20687919025419027, 0.3102508325008325, 0.2202261904761904, 0.26264378676878686], [0.26634203296703307, 0.3099585879806468, 0.2293364641894053, 0.1943629148629148], [0.2351168831168832, 0.31224152236652253, 0.15922655122655122, 0.2934150432900433], [0.22895267232767236, 0.3314357864357864, 0.16074404761904762, 0.27886749361749363], [0.19686165223665214, 0.3309000721500721, 0.21449747474747483, 0.2577408008658008], [0.2274547258297258, 0.29010636585636584, 0.19843867243867244, 0.2840002358752358], [0.2485477994227994, 0.293630230880231, 0.1895030663780664, 0.2683189033189033], [0.22137916250416254, 0.2970961538461539, 0.19334153346653346, 0.28818315018315027], [0.2368844211344211, 0.2977586857586858, 0.1609078837828838, 0.3044490093240093], [0.19455212842712843, 0.31270912420912444, 0.1898488455988457, 0.30288990176490194], [0.25815333971583976, 0.3115591283716283, 0.11932291319791317, 0.3109646187146188], [0.21017478354978358, 0.35232774170274167, 0.20145652958152965, 0.23604094516594515], [0.28610173160173163, 0.2817275086025087, 0.1834345654345654, 0.24873619436119435], [0.20299675324675326, 0.32065097402597403, 0.21269913419913425, 0.2636531385281385], [0.286664862914863, 0.22594805194805193, 0.14209920634920636, 0.3452878787878788], [0.2805434704184705, 0.26024044011544023, 0.17047961760461763, 0.28873647186147183], [0.29590331890331895, 0.30694209956709956, 0.13399224386724384, 0.2631623376623376], [0.26553697691197703, 0.27480952380952384, 0.16105869130869127, 0.2985948079698079], [0.2548214840714841, 0.27831601731601735, 0.1328246753246753, 0.3340378232878232], [0.2299574661449661, 0.3013994408369408, 0.170888764013764, 0.29775432900432913], [0.27115295815295815, 0.26391432178932184, 0.19051316738816737, 0.2744195526695526], [0.26427732683982685, 0.27641004828504834, 0.18190125846375854, 0.2774113664113664], [0.19301724664224668, 0.31982858807858805, 0.18550962925962924, 0.30164453601953606], [0.24315596903096903, 0.30231558719058726, 0.1786443001443001, 0.2758841436341437], [0.2654636384856972, 0.26236643217893224, 0.16161841630591625, 0.31055151302945416], [0.24311219336219347, 0.28341329503829515, 0.18482183094683094, 0.2886526806526807], [0.28272513597513593, 0.29769057331557336, 0.14309727772227773, 0.27648701298701306], [0.29081936119436125, 0.3138491092241092, 0.13418470418470416, 0.2611468253968254], [0.3114708902208903, 0.25159668109668126, 0.16592965367965373, 0.271002775002775], [0.27076153013653004, 0.29022559385059393, 0.17397534410034413, 0.26503753191253193], [0.2870934343434344, 0.2820680014430015, 0.15806583694083692, 0.27277272727272733], [0.24334262551174318, 0.33939790764790756, 0.1878088341397165, 0.22945063270063282], [0.25820472582972576, 0.2915458152958152, 0.19309289321789322, 0.25715656565656564], [0.31977236652236646, 0.19719877344877354, 0.17726479076479074, 0.3057640692640693], [0.230734570984571, 0.3207895992895993, 0.16717042679542687, 0.281305402930403], [0.21689547258297254, 0.2740553813876183, 0.17585684198842091, 0.3331923040409883], [0.26961596736596743, 0.3073635253635254, 0.14687597125097124, 0.27614453601953604], [0.21616576479076485, 0.34070797258297264, 0.1423050144300144, 0.3008212481962481], [0.23848556998556997, 0.2934957611832613, 0.13834415584415585, 0.329674512987013], [0.21173694361194367, 0.3554136002886004, 0.17872763347763349, 0.2541218226218227], [0.30930137917637923, 0.23966125541125546, 0.16503875291375297, 0.2859986124986125], [0.21981809163059168, 0.2787416125541126, 0.1537779581529581, 0.34766233766233784], [0.2822035533910535, 0.25534226190476195, 0.19678234265734265, 0.26567184204684213], [0.21935559375265265, 0.3023955627705628, 0.2083731476856477, 0.269875695791137], [0.2391619075369076, 0.28029285991785996, 0.20228909978909976, 0.2782561327561328], [0.27540709290709303, 0.27938185425685425, 0.14263245088245088, 0.30257860195360203], [0.2848594044844046, 0.3092846459096459, 0.13481254856254857, 0.2710434010434011], [0.253875901875902, 0.318473484848485, 0.15890873015873017, 0.26874188311688313], [0.3402505411255412, 0.2295993867243868, 0.1485372127872128, 0.2816128593628594], [0.20272736985236978, 0.3642585727181317, 0.19915995115995117, 0.23385410626954758], [0.2601765179265179, 0.3024929653679652, 0.14398201798201796, 0.29334849872349866], [0.2047065295815296, 0.34810425685425683, 0.18380519480519478, 0.2633840187590188], [0.20828373015873017, 0.35374430226636117, 0.19652867965367965, 0.24144328792122904], [0.19260425685425686, 0.31748515373515374, 0.21041167166167163, 0.2794989177489177], [0.20319960594960584, 0.28928769841269847, 0.23164542402042404, 0.27586727161727165], [0.24449657287157284, 0.3217983405483406, 0.15697168109668105, 0.2767334054834056]]}}