{"test": {"ids": ["111119300", "112116800", "113118421", "98109090", "98112170", "107120260", "98120530", "109116810", "112116501", "103110840", "110121720", "109116750", "101108621", "112118421", "109118820", "112120640", "111120320", "113122160", "106118301", "97105580", "112118550", "110115580", "104113210", "99112300", "110118111", "112118471", "102116500", "100113370", "105113190", "109114651", "113118810", "105112240", "99117740", "111116290", "109119450", "109114220", "113121950", "112117790", "106115120", "104117630", "112118880", "98108370", "112117571", "97116401", "110119891", "99107660", "108120260", "105115900", "107114280", "104109311", "110120560", "104113190", "100109910", "113118511", "109115070", "107119390", "111116411", "106116820", "106117650", "97114170", "110115710", "98106111", "106116441", "97107040", "109114270", "107114621", "105116650", "106116120", "113122220", "109119460", "110114920", "111121351", "109121640", "97116790", "102121440", "102116340", "103111480", "97110950", "108115870", "104116441", "109120560", "104116800", "108121190", "99116500", "113119320", "99109141", "110116441", "110121450", "110118740", "99108890", "101108460", "107120010", "106118520", "105110091", "100108260", "108115250", "100108990", "113120780", "103113101", "111120260", "105115380", "105116860", "110120700", "106115250", "103111110", "109117431", "102113210", "110120190", "111120540", "112119450", "111116530", "112120630", "105119550", "111116090", "99117630", "113122510", "100116790", "98110710", "107119950", "100109330", "113119700", "113119340", "110115120", "101111210", "107116340", "99111620", "103120780", "113122230", "107121230", "109115220", "103113170", "99112641", "105117431", "105117200", "104117200", "110118810", "103113640", "109117271", "102114270", "99113260", "113121410", "103117461"], "labels": [1, 0, 3, 1, 3, 1, 1, 3, 3, 1, 3, 0, 0, 3, 3, 0, 1, 3, 1, 1, 3, 1, 3, 0, 1, 1, 1, 3, 3, 3, 3, 1, 2, 2, 3, 3, 3, 3, 1, 0, 1, 1, 3, 3, 3, 3, 1, 3, 3, 3, 0, 3, 2, 1, 0, 2, 0, 1, 1, 2, 2, 0, 0, 2, 3, 0, 1, 1, 1, 1, 3, 0, 0, 2, 2, 3, 0, 3, 3, 1, 1, 1, 1, 2, 1, 3, 3, 3, 3, 0, 0, 1, 2, 0, 3, 1, 2, 0, 3, 3, 1, 2, 2, 2, 3, 1, 3, 3, 1, 3, 3, 3, 1, 3, 3, 2, 2, 2, 3, 0, 0, 0, 0, 2, 3, 3, 1, 1, 0, 3, 3, 1, 1, 3, 3, 1, 1, 0, 3, 0, 0, 0], "predicted_labels": [1, 1, 3, 3, 0, 0, 1, 3, 3, 1, 1, 0, 0, 1, 1, 0, 0, 0, 0, 1, 0, 1, 0, 0, 0, 1, 1, 3, 0, 1, 1, 0, 0, 2, 0, 0, 0, 0, 3, 2, 0, 3, 3, 1, 1, 0, 3, 3, 1, 0, 3, 1, 2, 1, 1, 1, 3, 0, 3, 3, 1, 2, 1, 2, 3, 3, 2, 0, 1, 3, 0, 0, 0, 3, 0, 3, 0, 0, 3, 1, 3, 3, 3, 2, 1, 0, 1, 3, 0, 1, 3, 3, 2, 0, 2, 3, 1, 1, 3, 3, 2, 0, 3, 0, 0, 0, 1, 1, 0, 0, 3, 0, 2, 0, 3, 1, 1, 2, 0, 1, 3, 0, 3, 1, 1, 1, 0, 2, 3, 3, 0, 3, 2, 2, 1, 1, 0, 3, 3, 2, 3, 3], "confidence_scores": [[0.0876555849920855, 0.3995723508911287, 0.2909768626089022, 0.22179520150788362], [0.02017513890713735, 0.8488098594079215, 0.006375287219731211, 0.12463971446520997], [0.0771115674103359, 0.018929669307840062, 0.024466206809796078, 0.879492556472028], [0.1148054335018298, 0.27813666470497267, 0.24762966343585657, 0.359428238357341], [0.8522359998522634, 0.006293506268431238, 0.09168289269844483, 0.0497876011808604], [0.8418680924125342, 0.0073115079745950644, 0.09072400050374381, 0.06009639910912689], [0.10352308949614544, 0.7403622676717063, 0.04481107608930271, 0.11130356674284558], [0.12669905094608938, 0.22279440265254724, 0.00133611184649108, 0.6491704345548722], [0.04217638350768545, 0.014637524932716658, 0.009087794280901562, 0.9340982972786963], [0.040682431284576916, 0.6404916490561958, 0.1549182304619361, 0.16390768919729126], [0.29923218666676754, 0.5237652910844705, 0.019070030507402785, 0.15793249174135926], [0.3509923088998116, 0.33694630795600927, 0.28628025977214394, 0.025781123372035235], [0.5161030445874137, 0.3738122272697524, 0.05140876900357183, 0.05867595913926207], [0.020837183444836545, 0.7954655787906768, 0.000926096545144356, 0.1827711412193424], [0.22862813676041951, 0.686361589777653, 0.02799777351762873, 0.0570124999442987], [0.950927481200386, 0.01096096166976377, 0.0051110804133555, 0.033000476716494864], [0.6745000948354644, 0.14373052411001153, 0.12698240752897172, 0.05478697352555243], [0.5610392399563329, 0.06291652990274549, 0.01785068311817181, 0.3581935470227498], [0.8082951820220219, 0.15221461541312756, 0.01172300309909112, 0.027767199465759597], [0.003626514345286452, 0.9343764885642681, 0.03740852816772695, 0.024588468922718498], [0.9097211765659687, 0.06465912743613442, 0.0189522411642513, 0.006667454833645565], [0.2915499428938072, 0.5970241667100348, 0.051912689867452434, 0.05951320052870552], [0.9600998413511617, 0.007944173709781937, 0.013708022681817993, 0.018247962257238334], [0.48241562501346125, 0.044987153756196094, 0.07160990952092165, 0.40098731170942103], [0.911104032868126, 0.06322851426418384, 0.008725438133678338, 0.016942014734011947], [0.03907942140034476, 0.9335155733789947, 0.023190112294209583, 0.004214892926450918], [0.008833130915849391, 0.5853871234605357, 0.2133758949899959, 0.1924038506336191], [0.04131161362439474, 0.2071513623296102, 0.05507033913317651, 0.6964666849128185], [0.6537812988145876, 0.14235326486910443, 0.05340917409415354, 0.15045626222215439], [0.06984788623100267, 0.8286134837960241, 0.006514616411271092, 0.09502401356170219], [0.1981465142452518, 0.4155833739667929, 0.1823507160894182, 0.2039193956985371], [0.41644500221269865, 0.0933433689987282, 0.3303974663267423, 0.15981416246183103], [0.8472297670508238, 0.04078331795915388, 0.07699547146799954, 0.034991443522022804], [0.1333023049992359, 0.03355872860780999, 0.699892454422379, 0.1332465119705752], [0.5865858501656471, 0.013402992870986159, 0.33694518582612026, 0.0630659711372465], [0.5059284869765992, 0.007534240795032964, 0.0010353297668397338, 0.4855019424615281], [0.6303467051937737, 0.25683321727566644, 0.02622711259597904, 0.08659296493458096], [0.9243055512291312, 0.004530936744512184, 0.008105358776639903, 0.06305815324971685], [0.18932401306354835, 0.29732798456518555, 0.007937842134170679, 0.5054101602370954], [0.03962965933091744, 0.35281417959898786, 0.3943717914835811, 0.21318436958651363], [0.7115225539792697, 0.2222193243392205, 0.04759770321184071, 0.018660418469668972], [0.15933974234160211, 0.1262945438289096, 0.29244680825556224, 0.42191890557392603], [0.051678126517126076, 0.2786667337224601, 0.06473695469528214, 0.6049181850651316], [0.19286162351810798, 0.47776266251601884, 0.22231086149249932, 0.10706485247337387], [0.08015089131181659, 0.8082270432487147, 0.0020391289667488362, 0.10958293647271988], [0.9208889292246333, 0.024102413227637336, 0.005715735500913104, 0.049292922046816214], [0.3524854632491887, 0.010013765323060855, 0.03521975146960494, 0.6022810199581455], [0.18336987031346264, 0.05910872520045155, 0.08369895317016364, 0.6738224513159221], [0.07506279349504771, 0.5728080491349896, 0.24726106031261352, 0.10486809705734924], [0.6255820197377612, 0.010276639189777798, 0.046627878435302944, 0.317513462637158], [0.15895648207467614, 0.04949316519572768, 0.25637986520683603, 0.5351704875227602], [0.02820902180356666, 0.7705883885894039, 0.01384749755981909, 0.18735509204721038], [0.35107480976610334, 0.009517420713968073, 0.526088083362418, 0.11331968615751054], [0.01577207147937244, 0.9744987139180357, 0.007821741641664198, 0.0019074729609277895], [0.06535451128265746, 0.8339060255321334, 0.0065325384493652335, 0.09420692473584369], [0.0010367440452751337, 0.9775586616860641, 0.014275675295400659, 0.0071289189732601], [0.36625222758081916, 0.00431640073187377, 0.010361466807198407, 0.6190699048801086], [0.6767546680856309, 0.27806891574712755, 0.022425214250628166, 0.022751201916613336], [0.04044728488131593, 0.31042335655159653, 0.21962949011617888, 0.4294998684509087], [0.0014481935078451815, 0.01487720089455618, 0.1241140228241007, 0.859560582773498], [0.20818439606929393, 0.6474847777471083, 0.13584154011684788, 0.00848928606674992], [0.3446830033009635, 0.04269313038336278, 0.585625174954513, 0.026998691361160683], [0.04668832456502518, 0.7010298356229122, 0.022305525589511592, 0.22997631422255113], [0.031977168332828515, 0.05443717300911934, 0.7128825822659021, 0.20070307639215007], [0.1213193786396746, 0.09387363964260977, 0.0005618181066580326, 0.7842451636110574], [0.1913731091410324, 0.01090408204156457, 0.0013032340280834055, 0.7964195747893196], [0.012672366473752065, 0.07400646546394626, 0.8403512810306385, 0.07296988703166321], [0.6840588213847257, 0.17830645824978175, 0.061466904739762754, 0.07616781562572969], [0.021668235777641546, 0.9694050570223643, 0.005100635044221418, 0.00382607215577257], [0.03593421301207739, 0.032618061827256586, 0.009142347792628484, 0.9223053773680375], [0.5777301886623329, 0.34899764739341477, 0.05310512203359774, 0.020167041910654656], [0.6136702540246554, 0.29888631491164824, 0.002140118330631426, 0.08530331273306498], [0.6241123871334883, 0.25818914769483076, 0.0869212486746272, 0.030777216497053797], [0.238948486398751, 0.10533443660698281, 0.245094858612616, 0.41062221838165025], [0.48404095000500075, 0.2752250490671174, 0.21151890887833877, 0.029215092049542975], [0.01773754483289841, 0.02430228077738891, 0.029081277582808752, 0.9288788968069039], [0.6299758028539395, 0.3517818074448552, 0.001819687124542439, 0.016422702576662927], [0.9720106856910256, 0.005194214510039701, 0.012300223289681778, 0.010494876509252954], [0.33502461157276964, 0.06690466605009274, 0.07411592126252393, 0.5239548011146138], [0.04872477534285915, 0.6723062104946236, 0.0640817433214847, 0.21488727084103276], [0.33903013722545766, 0.28270354457959623, 0.032985857639836566, 0.3452804605551095], [0.30163852569507477, 0.20432345079450334, 0.061831856997375916, 0.43220616651304605], [0.002847931188794708, 0.15690052674276894, 0.20539683723936883, 0.6348547048290676], [0.00922802329507267, 0.15382506798937076, 0.4514610925288322, 0.3854858161867243], [0.06385205019133097, 0.8346868458660607, 0.014108067633847813, 0.08735303630876051], [0.7509626653982673, 0.11577831561493802, 0.007595169708220464, 0.12566384927857427], [0.04721023501248396, 0.41056020353708045, 0.15325477164597617, 0.3889747898044594], [0.2052146545900109, 0.164707771841944, 0.002859242988299967, 0.6272183305797452], [0.8452095480358717, 0.022975475231250878, 0.00621400359032769, 0.1256009731425498], [0.04858984280212305, 0.7727751788985149, 0.09853896819587975, 0.08009601010348236], [0.2602462735440986, 0.0013059083617521158, 0.02740634857736687, 0.7110414695167824], [0.04753693538673931, 0.006425803593741516, 0.09326981206813692, 0.8527674489513822], [0.03942383808613264, 0.23810257910370544, 0.5854866550204284, 0.13698692778973354], [0.5762525035133147, 0.1912136945173666, 0.02729401590096246, 0.20523978606835633], [0.3255207272027966, 0.17802508235016967, 0.4370825041364306, 0.059371686310603085], [0.19068711153552062, 0.01774857259729299, 0.027606562240796596, 0.7639577536263898], [0.19322419916569117, 0.41490573096032896, 0.21759778150602144, 0.17427228836795847], [0.2620508886253112, 0.48024522123197144, 0.18215094857617867, 0.07555294156653883], [0.24921392948070945, 0.14318369387802996, 0.22132694920643234, 0.3862754274348283], [0.4451139420815344, 0.011834376225587324, 0.005134577549806868, 0.5379171041430715], [0.006688702914240102, 0.14010598899865553, 0.712560780545927, 0.14064452754117732], [0.59965383995827, 0.1564612482921083, 0.23701726884596713, 0.006867642903654574], [0.018782923728231458, 0.017107438352978364, 0.015742465881938242, 0.9483671720368518], [0.5940917004191854, 0.33969812945480143, 0.052008257276452814, 0.01420191284956038], [0.9846500056362247, 0.0028327801500325628, 0.002628568992463467, 0.009888645221279024], [0.8080389116099806, 0.005370360958768052, 0.0028038744996442297, 0.18378685293160707], [0.06377529796985736, 0.835031151073391, 0.04199782045074929, 0.05919573050600251], [0.020061051943347105, 0.8391550451146975, 0.05450039469282045, 0.08628350824913489], [0.569893001895483, 0.40897326660954836, 0.00922341190366527, 0.01191031959130333], [0.8220203894237881, 0.08141769381939538, 0.005056108785411763, 0.09150580797140462], [0.11270441862642412, 0.21736759270347117, 0.001389142184091371, 0.6685388464860134], [0.9200977069557528, 0.004976943994938925, 0.0012297943455268539, 0.07369555470378136], [0.08577961294189461, 0.29647536069247954, 0.5815524030351303, 0.036192623330495534], [0.5129045780024388, 0.0469638850459467, 0.007038059436374174, 0.43309347751524024], [0.04116785113167085, 0.0729613220723497, 0.22335583740608306, 0.6625149893898964], [0.0035628228670979913, 0.4462208917030788, 0.15434359343457943, 0.3958726919952437], [0.027833302644217683, 0.6736397570658104, 0.20707221325527586, 0.09145472703469604], [0.0001662098148992648, 0.3876515716897156, 0.4688956206375293, 0.14328659785785572], [0.6095165535916149, 0.1872087888716665, 0.02422350396261938, 0.17905115357409923], [0.41596774651697765, 0.5171251309384911, 0.01479267493794373, 0.052114447606587455], [0.11981861248314155, 0.29421067244119953, 0.13778552031033867, 0.44818519476532026], [0.9576128055036582, 0.019279008366963134, 0.0021700785867843843, 0.020938107542594037], [0.009380696524805627, 0.009603647039683774, 0.07910572548981488, 0.9019099309456958], [0.1454436679662202, 0.49738871873345986, 0.09323565610081162, 0.2639319571995083], [0.06571679896811163, 0.4626843659438778, 0.017294989906082667, 0.4543038451819279], [0.11738610750377733, 0.7332973463896805, 0.14027163825454445, 0.009044907851997804], [0.7216790858398675, 0.08788139217732091, 0.025086566450723744, 0.16535295553208787], [0.004477178160353604, 0.13468644306331273, 0.8014217388977968, 0.05941463987853681], [0.07743370437663978, 0.012468797016188339, 0.03502588037443843, 0.8750716182327335], [0.35039100208316704, 0.10642542117704701, 0.11141102631965091, 0.4317725504201349], [0.37973102721599505, 0.2973629237196353, 0.2787909126598283, 0.04411513640454134], [0.2226690015182942, 0.18285221393624523, 0.17871838274018495, 0.4157604018052757], [0.024027486460231503, 0.3508590143411451, 0.6129407684691686, 0.012172730729454925], [0.08202337440098231, 0.21819037248019538, 0.6476125955515568, 0.05217365756726556], [0.14639062693529695, 0.4629860168318298, 0.21640174183774694, 0.17422161439512632], [0.389523554159717, 0.5388377854539252, 0.029322527819304153, 0.04231613256705364], [0.8646846711066045, 0.08112433152063597, 0.010433653251250324, 0.04375734412150922], [0.14039537665245802, 0.09011757850533286, 0.04476922691097074, 0.7247178179312384], [0.004070054345671337, 0.13249395237857467, 0.20847722925433465, 0.6549587640214194], [0.02052284400787108, 0.028719330125753995, 0.896717659120558, 0.05404016674581676], [0.25350384744513765, 0.02610832474040267, 0.0045370870898112274, 0.7158507407246485], [0.11746084814839824, 0.18807870934003715, 0.055307722038855485, 0.6391527204727091]]}, "rewritten": {"ids": ["97105580", "97107040", "97110950", "97114170", "97116401", "97116790", "98106111", "98108370", "98109090", "98110710", "98112170", "98120530", "99107660", "99108890", "99109141", "99111620", "99112300", "99112641", "99113260", "99116500", "99117630", "99117740", "100108260", "100108990", "100109330", "100109910", "100113370", "100116790", "101108460", "101108621", "101111210", "102113210", "102114270", "102116340", "102116500", "102121440", "103110840", "103111110", "103111480", "103113101", "103113170", "103113640", "103117461", "103120780", "104109311", "104113190", "104113210", "104116441", "104116800", "104117200", "104117630", "105110091", "105112240", "105113190", "105115380", "105115900", "105116650", "105116860", "105117200", "105117431", "105119550", "106115120", "106115250", "106116120", "106116441", "106116820", "106117650", "106118301", "106118520", "107114280", "107114621", "107116340", "107119390", "107119950", "107120010", "107120260", "107121230", "108115250", "108115870", "108120260", "108121190", "109114220", "109114270", "109114651", "109115070", "109115220", "109116750", "109116810", "109117271", "109117431", "109118820", "109119450", "109119460", "109120560", "109121640", "110114920", "110115120", "110115580", "110115710", "110116441", "110118111", "110118740", "110118810", "110119891", "110120190", "110120560", "110120700", "110121450", "110121720", "111116090", "111116290", "111116411", "111116530", "111119300", "111120260", "111120320", "111120540", "111121351", "112116501", "112116800", "112117571", "112117790", "112118421", "112118471", "112118550", "112118880", "112119450", "112120630", "112120640", "113118421", "113118511", "113118810", "113119320", "113119340", "113119700", "113120780", "113121410", "113121950", "113122160", "113122220", "113122230", "113122510"], "labels": [1, 2, 3, 2, 3, 2, 0, 1, 1, 2, 3, 1, 3, 0, 3, 3, 0, 1, 0, 2, 3, 2, 3, 2, 0, 2, 3, 2, 0, 0, 2, 3, 3, 3, 1, 2, 1, 3, 0, 3, 3, 1, 0, 1, 3, 3, 3, 1, 1, 3, 0, 0, 1, 3, 1, 3, 1, 2, 3, 1, 1, 1, 2, 1, 0, 1, 1, 1, 2, 3, 0, 3, 2, 3, 1, 1, 0, 1, 3, 1, 1, 3, 3, 3, 0, 3, 0, 3, 0, 1, 3, 3, 1, 1, 0, 3, 0, 1, 2, 3, 1, 3, 1, 3, 3, 0, 2, 3, 3, 3, 2, 0, 3, 1, 3, 1, 1, 0, 3, 0, 3, 3, 3, 1, 3, 1, 3, 3, 0, 3, 1, 3, 1, 0, 0, 0, 0, 3, 3, 1, 1, 2], "predicted_labels": [1, 1, 0, 3, 2, 3, 0, 2, 1, 2, 0, 1, 0, 1, 0, 1, 3, 1, 2, 2, 2, 0, 2, 2, 0, 2, 2, 1, 0, 1, 1, 0, 3, 3, 1, 2, 1, 3, 1, 0, 2, 0, 1, 3, 0, 1, 0, 3, 3, 0, 1, 3, 3, 1, 2, 0, 2, 0, 2, 2, 1, 0, 1, 0, 0, 0, 3, 0, 3, 1, 1, 3, 1, 0, 3, 3, 3, 3, 2, 0, 2, 0, 3, 0, 1, 3, 1, 0, 1, 3, 1, 0, 1, 3, 0, 3, 2, 3, 1, 1, 0, 0, 0, 3, 3, 1, 3, 0, 1, 3, 3, 0, 0, 3, 3, 3, 1, 0, 3, 3, 3, 3, 1, 0, 0, 3, 0, 0, 0, 3, 0, 2, 1, 0, 1, 1, 3, 0, 3, 1, 1, 2], "confidence_scores": [[0.004364332405013334, 0.8889044389206648, 0.017709356814271972, 0.08902187186004995], [0.007523322336794961, 0.544885524534352, 0.43077570553030414, 0.01681544759854892], [0.9527435546114759, 0.013292367751635135, 0.02083267185339312, 0.013131405783495856], [0.008838743766103385, 0.01086327922665019, 0.025154318934194685, 0.9551436580730517], [0.1672961285365862, 0.059014956214346576, 0.4086136457890535, 0.3650752694600136], [0.23923143093411747, 0.020694904910849583, 0.12471140180420821, 0.6153622623508248], [0.9425220995542156, 0.002116660870256669, 0.0008635644941179584, 0.0544976750814096], [0.03211503046105191, 0.05169302888059254, 0.6807572291321049, 0.23543471152625065], [0.02189008989623353, 0.6580387278116497, 0.20220125328471927, 0.11786992900739751], [0.0003251352434126841, 0.04619663603032398, 0.8265190881949709, 0.12695914053129245], [0.948231458794147, 0.006887623588324503, 0.02918742608222573, 0.015693491535302934], [0.036501045076030546, 0.9474440408344347, 0.0065712371501960255, 0.009483676939338761], [0.8491165004624993, 0.03924774469373591, 0.015306332488928091, 0.09632942235483671], [0.057956813928219386, 0.8703498867626113, 0.023178581235196245, 0.048514718073973014], [0.992176151327371, 0.004203236929595283, 0.00037044996843475, 0.003250161774599094], [0.04812211371749139, 0.7653511792641272, 0.10040866928170034, 0.08611803773668103], [0.025866744035269614, 0.07013083274529933, 0.024918239847665342, 0.8790841833717657], [0.1474641458539706, 0.7341097362373508, 0.07734966278180924, 0.04107645512686937], [0.01420900694368848, 0.03760663370640913, 0.7883395754981605, 0.15984478385174183], [0.0014145588462003706, 0.20661725111965443, 0.6521367631841472, 0.13983142684999805], [0.16498627648313857, 0.049737579484405964, 0.5161310411528744, 0.26914510287958093], [0.7261269486851499, 0.12524552596594948, 0.029108157652462847, 0.11951936769643777], [0.196299743403416, 0.17456100330871632, 0.4432647974251073, 0.18587445586276027], [0.04978498739096311, 0.4408612073787702, 0.49740378752244185, 0.01195001770782479], [0.7189068022055024, 0.14237508837128565, 0.01608981039955685, 0.1226282990236551], [0.10625806004611908, 0.0009258694069611328, 0.8820787804023489, 0.010737290144570935], [0.04172201766300012, 0.029805021981413035, 0.5522942348017487, 0.3761787255538381], [0.16130676848573172, 0.7339987900354662, 0.03539386474630776, 0.06930057673249426], [0.5466745380325928, 0.008586141927089291, 0.2158664096424304, 0.22887291039788754], [0.25722402987531834, 0.7375268049304783, 0.0002610146635937151, 0.004988150530609634], [0.289890567210042, 0.475810553598803, 0.20981182691767872, 0.024487052273476428], [0.683462401124125, 0.13945265281481026, 0.04851523441914406, 0.12856971164192052], [0.010274929252138148, 0.1311299966142643, 0.1324503730735592, 0.7261447010600383], [0.0697379390543534, 0.11473441187404633, 0.01904537815301366, 0.7964822709185865], [0.0635932713036085, 0.44319560746735787, 0.38221860360544524, 0.11099251762358826], [0.05229101611155167, 0.3451874848531579, 0.5884049222356643, 0.01411657679962617], [0.09006586017274024, 0.3772504976672113, 0.15555386681609304, 0.37712977534395553], [0.13699074262393332, 0.0626307563538098, 0.09786841817392829, 0.7025100828483286], [0.2285636857545352, 0.7630813913102138, 0.0008443583886151248, 0.007510564546635778], [0.6137429685165504, 0.05123519257568466, 0.1640242962123695, 0.17099754269539535], [0.029459310745879833, 0.36369804417344526, 0.6021730227203793, 0.0046696223602955495], [0.9484098903711605, 0.018229002717011868, 0.019070110255004345, 0.014290996656823311], [0.030238025634047094, 0.954615654848046, 0.010283220025448646, 0.004863099492458185], [0.24389391534751478, 0.33547429324178, 0.015008282350361488, 0.40562350906034356], [0.7378283975695762, 0.044428021413996134, 0.023011340264829316, 0.19473224075159845], [0.02801894348873157, 0.9311216836256222, 0.022036184313015485, 0.01882318857263056], [0.8821926564727711, 0.006573619636376596, 0.08650861722764157, 0.024725106663210893], [0.07573440066749872, 0.249543022920067, 0.1726507198482905, 0.5020718565641438], [0.18020882257503665, 0.21233168629405927, 0.22302950936419852, 0.38442998176670556], [0.5267400413771564, 0.17504850884988618, 0.11636242848489298, 0.1818490212880644], [0.13328476112793455, 0.4395183467280524, 0.1860366494273239, 0.24116024271668912], [0.11740087835681805, 0.19155795804208334, 0.2433408527884303, 0.44770031081266837], [0.014024364022757672, 0.15505300194145097, 0.09775486325375693, 0.7331677707820344], [0.1737164973731075, 0.48751207618247205, 0.14395185405362612, 0.19481957239079434], [0.013253159280193107, 0.00580953355145646, 0.9473453083326289, 0.03359199883572163], [0.8485206328083892, 0.04389224481289018, 0.06873294022278034, 0.038854182155940435], [0.004695159019507117, 0.09538684732899849, 0.7946265783475409, 0.10529141530395343], [0.569763761786349, 0.3259273368618551, 0.08751124236485774, 0.01679765898693816], [0.16861774821340195, 0.04149667358723949, 0.5748282629925731, 0.21505731520678556], [0.056884894651467316, 0.09833078755940644, 0.7332461268794394, 0.11153819090968695], [0.008624198710400127, 0.8008332549538675, 0.018780450814062315, 0.1717620955216701], [0.7180830476700217, 0.07321449746154378, 0.008116604990206406, 0.20058584987822806], [0.212924451844317, 0.4726516965255323, 0.20370069156205572, 0.11072316006809499], [0.8589562596174921, 0.08361578981986711, 0.015006821224036173, 0.04242112933860448], [0.42427575047887595, 0.2655532802483996, 0.16282859385364523, 0.14734237541907916], [0.9721551892587472, 0.025258874790060473, 0.00019944451650411033, 0.0023864914346880635], [0.11737345229539477, 0.1361164605390589, 0.3175496013649464, 0.4289604858006], [0.8510103679425749, 0.0466304445317171, 0.0026815594378050756, 0.09967762808790277], [0.3237370812424925, 0.0593745824847773, 0.23536271582480278, 0.3815256204479275], [0.07735197926882478, 0.777294894738022, 0.09761462736200016, 0.04773849863115293], [0.36755246472995523, 0.43877052442325803, 0.015400824110749034, 0.1782761867360378], [0.003583390331189939, 0.033484436845294986, 0.0033281904264422, 0.9596039823970728], [0.013973626044521157, 0.6508908938433323, 0.31401174306081236, 0.021123737051334166], [0.7712579959596562, 0.046234270721241505, 0.045994251980091654, 0.13651348133901078], [0.13276163005907368, 0.014668771813758879, 0.06018980629940695, 0.7923797918277604], [0.3204166028567475, 0.006489109734614182, 0.08895988725196649, 0.5841344001566717], [0.10843711654166749, 0.03601810312353982, 0.10808740329773574, 0.7474573770370568], [0.13357819412335592, 0.19189134592808707, 0.19131728878864915, 0.48321317115990775], [0.1916326493548698, 0.07134360720720809, 0.42950884773960785, 0.30751489569831425], [0.5509663755609948, 0.02820082003780467, 0.02453709696032504, 0.39629570744087544], [0.03475127815625772, 0.11317987352745508, 0.4890373851809638, 0.36303146313532336], [0.6079747542636692, 0.0008084773843973032, 0.0003180010862171343, 0.3908987672657163], [0.08218830449284882, 0.15095167163658776, 0.0027633474227789913, 0.7640966764477845], [0.6505681468206509, 0.28396919359333295, 0.030446595355135535, 0.03501606423088058], [0.25732667663649716, 0.691624215997427, 0.033640152343944955, 0.017408955022130877], [0.07610679749695082, 0.057316454515491715, 0.010894221777070308, 0.8556825262104872], [0.13095044557013136, 0.8245370838200506, 0.042508770924226405, 0.0020036996855914953], [0.37420856454758294, 0.30286139997770756, 0.0021253871775725867, 0.32080464829713695], [0.10292757951258572, 0.8599817873186022, 0.0035171438171102375, 0.03357348935170172], [0.041884427302676434, 0.0013837793340457198, 0.049952639598501575, 0.9067791537647762], [0.36622303156674246, 0.5302761967931655, 0.05648446754758558, 0.04701630409250636], [0.520118637669386, 0.052652123768719875, 0.32018895026785643, 0.10704028829403762], [0.07083311993884268, 0.4905474286562987, 0.03543700916296338, 0.4031824422418953], [0.10325604096383534, 0.2848643031555561, 0.2339246003619574, 0.3779550555186512], [0.7038376787887666, 0.20109382959816668, 0.04304627656866842, 0.052022215044398294], [0.12119165024903769, 0.30359368325020886, 0.0011273441449823434, 0.5740873223557711], [0.03357322494997361, 0.040411603949411116, 0.6002571602720054, 0.32575801082860995], [0.19398886023340095, 0.0721447270623352, 0.22317829138326714, 0.5106881213209967], [0.14277023381591247, 0.7138437187632118, 0.14240559948215628, 0.0009804479387193262], [0.054758671066178446, 0.5283189267412769, 0.05512779388559526, 0.3617946083069494], [0.546776175783653, 0.05851262780098707, 0.0122300040163009, 0.38248119239905914], [0.7393647947100316, 0.032838072024885104, 0.006869118245873999, 0.2209280150192092], [0.6354983720141311, 0.31768742428921504, 0.004185214858813136, 0.04262898883784074], [0.0834157435641801, 0.024542341831827724, 0.0025028776753093698, 0.8895390369286827], [0.14672848442628103, 0.007182306265893764, 0.1227801463874556, 0.7233090629203696], [0.037044595918401466, 0.8811748574014207, 0.062309756700860995, 0.019470789979316974], [0.15280691363322224, 0.03428728691026446, 0.30323139017475226, 0.509674409281761], [0.5468296394602615, 0.0061988608461352405, 0.0021785937171122692, 0.444792905976491], [0.14291400010591251, 0.7471105482301458, 0.05275320593670139, 0.05722224572724027], [0.11864686171761848, 0.11180755489233558, 0.13078874609915606, 0.6387568372908898], [0.08864113323313468, 0.20686711565754606, 0.3393071180102692, 0.36518463309905014], [0.9822661749578505, 0.003320001878223134, 0.002314558056780611, 0.012099265107145684], [0.5439168988261182, 0.3001161924513027, 0.01607233359986957, 0.13989457512270956], [0.01363248214749024, 0.0900112590172124, 0.016550146252144793, 0.8798061125831526], [0.4591875400749419, 0.055104948072140725, 0.01717647370205088, 0.4685310381508665], [0.11207251104524027, 0.0386135223320341, 0.19701968710737774, 0.6522942795153479], [0.28219073241789533, 0.5514647293832244, 0.09743650337703938, 0.06890803482184085], [0.9436619984411644, 0.051315817139193545, 0.0024638136585114125, 0.0025583707611306753], [0.06236557745408051, 0.01692326646117153, 0.008314651774735695, 0.9123965043100122], [0.1293636986607429, 0.2643206156353412, 0.20122533740905615, 0.4050903482948597], [0.0015250616764358117, 0.31761870900152583, 0.12929535682752155, 0.5515608724945169], [0.15909806769664686, 0.004659902629320437, 0.008090422371765129, 0.8281516073022676], [0.021878136729524763, 0.9287524282879952, 0.0037529189331872493, 0.04561651604929293], [0.4344929995491749, 0.3627558652415815, 0.04042877048433248, 0.16232236472491104], [0.8817707332441769, 0.0993962954412168, 0.010583032663957598, 0.008249938650648707], [0.09719634172410194, 0.17314389515002418, 0.26856181299846665, 0.4610979501274072], [0.9621452489719152, 0.030403813675808286, 0.005123316684044183, 0.002327620668232241], [0.9407671924656585, 0.04965844741606812, 0.0009069091502916352, 0.00866745096798188], [0.862199133310154, 0.023999750778772495, 0.0067854201216382025, 0.10701569578943546], [0.16123847098502822, 0.04496922201999703, 0.01587321602730843, 0.7779190909676664], [0.5058952141458777, 0.31212718985332666, 0.04337966355917401, 0.13859793244162166], [0.11790992157852431, 0.3462680695122099, 0.3787508674443632, 0.1570711414649026], [0.017631588045550897, 0.9095207208536982, 0.011681954129626415, 0.0611657369711243], [0.9846370202975803, 0.01113786408581895, 0.00035402369690193034, 0.003871091919698901], [0.27023559886037274, 0.6757296692777272, 0.018195538135691497, 0.0358391937262085], [0.14681380873571645, 0.5669993126335618, 0.12210274656685488, 0.1640841320638668], [0.29022891099551296, 0.0635863206682146, 0.0004883154102007757, 0.6456964529260717], [0.6042117226022156, 0.20921882642401246, 0.07344789060505201, 0.11312156036872], [0.08748204528976539, 0.01910545230089313, 0.1800418004323066, 0.7133707019770348], [0.00772766981483374, 0.9369677926117678, 0.019421873553324948, 0.03588266402007364], [0.04979782784678447, 0.5631753289627678, 0.3203614556816947, 0.066665387508753], [0.0037098812730675906, 0.2942216495581296, 0.41896904279548924, 0.28309942637331353]]}}