{"test": {"ids": ["100110260", "105116441", "98107340", "112120540", "98116090", "100108080", "106118520", "98111231", "111116750", "110113931", "99120010", "98106880", "103120340", "107114110", "109113281", "109114270", "104113550", "100111080", "101108460", "111119430", "101112160", "106113260", "113122220", "105113210", "102107961", "107113180", "103112470", "112120700", "97108520", "113120531", "102110050", "107120260", "110113591", "101114990", "107115250", "107114140", "99112300", "99114890", "98109090", "101110200", "107118780", "109116040", "112120290", "101121640", "99116500", "110116170", "108118520", "113122180", "111116290", "111119300", "106116370", "108114670", "112119950", "113118421", "106112770", "99109740", "109113591", "104117200", "111116170", "109113931", "99108520", "113120591", "113122320", "100108990", "112118471", "113122190", "110120560", "98112170", "112121351", "102109840", "111115400", "108117610", "113117340", "113120830", "113120260", "110118121", "103118291", "103109791", "110114561", "104113210", "105113260", "103113210", "102109010", "113117401", "105118740", "106111321", "111119250", "99105921", "99110730", "97116800", "105115250", "106114880", "110115140", "100111380", "113119360", "100120010", "108117720", "98110230", "111117480", "112120270", "98107410", "107113360", "99108000", "111114121", "100109311", "99111930", "107120010", "97106970", "109116441", "102113350", "97110950", "102111990", "113121410", "104113380", "103117200", "99112840", "113119930", "98108520", "109115070", "97107260", "108119330", "112116880", "98111670", "110115250", "112121360", "110118930", "107113260", "103111830", "113122170", "112116401", "103120730", "105115680", "101119030", "102110690", "98110810", "104111380", "99109840", "103113640", "102113210", "103110100", "113121980", "105113330"], "labels": [3, 1, 0, 3, 0, 0, 2, 1, 3, 1, 2, 0, 1, 1, 0, 3, 1, 0, 0, 3, 3, 3, 1, 3, 3, 3, 1, 2, 2, 0, 3, 1, 0, 3, 2, 2, 0, 2, 1, 2, 1, 0, 1, 2, 2, 0, 0, 2, 2, 1, 2, 3, 0, 3, 1, 3, 3, 3, 0, 1, 2, 0, 1, 2, 1, 1, 0, 3, 0, 2, 0, 3, 2, 3, 3, 3, 0, 3, 0, 3, 3, 3, 1, 3, 1, 0, 1, 1, 3, 0, 2, 0, 0, 3, 0, 0, 1, 3, 1, 0, 3, 0, 2, 0, 1, 1, 1, 2, 3, 3, 3, 2, 0, 1, 0, 2, 1, 2, 0, 2, 0, 0, 1, 1, 3, 1, 0, 3, 1, 0, 1, 2, 3, 0, 1, 3, 2, 1, 3, 1, 2, 3], "predicted_labels": [0, 1, 1, 1, 1, 2, 1, 0, 1, 3, 3, 3, 1, 0, 0, 1, 0, 1, 1, 3, 1, 1, 3, 3, 3, 1, 3, 1, 1, 3, 3, 3, 0, 1, 1, 1, 3, 1, 3, 1, 1, 3, 0, 3, 3, 3, 3, 3, 1, 1, 0, 1, 3, 3, 1, 3, 1, 1, 1, 3, 1, 3, 1, 1, 3, 3, 3, 3, 1, 1, 3, 1, 3, 1, 1, 1, 3, 3, 0, 1, 3, 1, 3, 0, 1, 3, 3, 1, 1, 0, 3, 1, 3, 3, 3, 1, 3, 0, 1, 1, 0, 0, 1, 0, 0, 1, 1, 1, 0, 1, 0, 0, 3, 3, 1, 3, 3, 0, 3, 0, 3, 1, 0, 3, 1, 1, 0, 1, 3, 3, 3, 1, 3, 0, 1, 3, 2, 0, 3, 1, 3, 1], "confidence_scores": [[0.31209270957828095, 0.222491083407094, 0.20095630414168295, 0.26445990287294247], [0.2400000805125831, 0.3703296119146475, 0.13289623319784974, 0.25677407437491956], [0.22793569690380952, 0.27315946145800785, 0.24320388926749748, 0.25570095237068535], [0.22875236374243893, 0.3776491041086409, 0.17872455812423105, 0.21487397402468925], [0.24559997613723197, 0.2824726066819624, 0.2064249893367044, 0.2655024278441013], [0.22106163666719486, 0.25325507877590253, 0.2676513893181635, 0.2580318952387391], [0.20370615638407358, 0.30152190698061976, 0.20844537779866246, 0.2863265588366442], [0.3804286565494045, 0.25101866347051593, 0.17606910013482507, 0.1924835798452545], [0.28618545723542166, 0.2910955825482692, 0.1633365337643005, 0.25938242645200893], [0.2728609571629462, 0.20451996831729102, 0.22591391535439542, 0.2967051591653675], [0.2675791320396537, 0.2674391022202829, 0.18688321887657489, 0.2780985468634887], [0.22308025127430806, 0.2508567734616005, 0.21714221511083068, 0.3089207601532608], [0.22669227918720278, 0.2674058531801498, 0.2505635838251447, 0.2553382838075029], [0.3263902431408436, 0.23581550391950562, 0.17065828011649697, 0.26713597282315416], [0.2893733081592612, 0.265255220391164, 0.17748456561650447, 0.26788690583307045], [0.27789918446991296, 0.299186067416214, 0.14931358227645275, 0.2736011658374203], [0.32078492078935356, 0.24164340872444676, 0.14636093564888666, 0.29121073483731313], [0.21269994707416348, 0.31329639411000576, 0.18634562047552453, 0.28765803834030584], [0.24094171113301477, 0.287619657496371, 0.19802482506975067, 0.27341380630086376], [0.24413178452454903, 0.296696366968789, 0.15440042299427895, 0.30477142551238307], [0.27042291976845845, 0.29671383879249014, 0.1633031022656103, 0.26956013917344107], [0.21523864622430122, 0.3518624977663404, 0.2170525976901726, 0.21584625831918583], [0.22598190742418875, 0.27053821962855634, 0.20146157040104973, 0.30201830254620526], [0.274229967168547, 0.2282805621445972, 0.18009440036007304, 0.31739507032678316], [0.2973841797023812, 0.2411340392000276, 0.15288554845789934, 0.308596232639692], [0.19612211346061198, 0.3224201046992423, 0.18142108188534942, 0.3000366999547964], [0.23228240554058413, 0.2581739235544644, 0.22072852835770224, 0.28881514254724944], [0.21587497410391296, 0.34634906328954346, 0.15331337759421837, 0.28446258501232546], [0.2273852354743923, 0.29194222457088154, 0.1991880743568389, 0.2814844655978874], [0.26660846207887884, 0.2932322441813793, 0.13546829456768023, 0.30469099917206166], [0.233558130355124, 0.2759489322455412, 0.21430237575930253, 0.27619056164003214], [0.25357168922066753, 0.258899589846457, 0.16998610564351938, 0.3175426152893563], [0.293337818786914, 0.2802550177545296, 0.1569625178774582, 0.26944464558109815], [0.22263159268298005, 0.2935164673442673, 0.20803913306718883, 0.275812806905564], [0.2325529605869647, 0.3044776517795208, 0.16989916904478836, 0.2930702185887264], [0.20020127899933776, 0.31169551869803047, 0.23395262093190589, 0.25415058137072605], [0.25304284648074804, 0.2747259146378107, 0.17050994308998582, 0.30172129579145573], [0.17223836100893108, 0.39964465726026643, 0.15600593297329424, 0.2721110487575083], [0.23777296476175994, 0.27624234597432096, 0.19091779074368087, 0.29506689852023826], [0.22080881224179436, 0.3499185432465027, 0.1748765601672795, 0.2543960843444234], [0.21630473696508115, 0.3041516861802076, 0.17616588051063278, 0.3033776963440784], [0.24811547686359214, 0.2753397972960842, 0.18011718214114708, 0.29642754369917645], [0.2993751129226886, 0.2688568672433019, 0.17513541206889752, 0.2566326077651118], [0.2501302013884546, 0.2334043844180359, 0.23028614842532602, 0.28617926576818375], [0.21011083390622295, 0.27172189482896086, 0.24571874252356082, 0.27244852874125547], [0.22310194801976663, 0.27926339632527514, 0.18172698007039925, 0.3159076755845588], [0.2790281818967777, 0.25506750391301575, 0.16246861546504265, 0.303435698725164], [0.25551260229936046, 0.22031910068411364, 0.19477109793754616, 0.32939719907897974], [0.24172819280859875, 0.27721862743304504, 0.2173100364117301, 0.26374314334662613], [0.2517418034272269, 0.29126445941451906, 0.1903705756778948, 0.26662316148035897], [0.29425906345904873, 0.2393746489717783, 0.18411137047325088, 0.2822549170959222], [0.24945235359148082, 0.3263250951653272, 0.14886205625344653, 0.27536049498974546], [0.2866763418817234, 0.2529894458990401, 0.14269543230370732, 0.3176387799155294], [0.22342805221581394, 0.2601712643140375, 0.15843343241360108, 0.35796725105654753], [0.17419678890619658, 0.3208222226053322, 0.23637127439550162, 0.26860971409296985], [0.22378466005453043, 0.26612010954313337, 0.2406490597123928, 0.26944617068994353], [0.27721077051204646, 0.28273969936322824, 0.1657526317203291, 0.2742968984043963], [0.2443006072008824, 0.36762162494988354, 0.14244185060653097, 0.2456359172427035], [0.236335700704259, 0.30610950350327104, 0.17816967366007752, 0.27938512213239247], [0.24208884747934037, 0.270871222250269, 0.17807743320859412, 0.3089624970617966], [0.23624823281647717, 0.2923791981345468, 0.20871892204157677, 0.2626536470073993], [0.24016145343768028, 0.22815944634814503, 0.1953535531308713, 0.33632554708330353], [0.25587402521038727, 0.282745366864603, 0.22113542881264292, 0.24024517911236687], [0.24922429074728114, 0.2924099100675118, 0.2223757800561555, 0.23599001912905165], [0.27094691324528186, 0.2758330226857401, 0.17673197289461218, 0.2764880911743656], [0.2641229158748973, 0.27285518614867266, 0.15977647146960774, 0.30324542650682235], [0.20269633913427054, 0.2570108663585718, 0.2655947551319853, 0.2746980393751725], [0.27484722631177194, 0.22088597050664838, 0.20430013571858424, 0.2999666674629956], [0.2437382152467805, 0.2831040358615773, 0.2006899671772548, 0.2724677817143873], [0.25183661422951636, 0.3087434742379822, 0.18135873071124345, 0.25806118082125806], [0.24631994426296283, 0.22634133132783346, 0.204052623670141, 0.3232861007390631], [0.23185036885373272, 0.30640065874888633, 0.17693694855139314, 0.284812023845988], [0.25921249319833684, 0.296543243047822, 0.13754463099299577, 0.3066996327608455], [0.25212949930989714, 0.2852880057221385, 0.18193594280814246, 0.2806465521598218], [0.24463132529561638, 0.25849327690852614, 0.2473136230667927, 0.2495617747290649], [0.24184957231156148, 0.3096580995348886, 0.1633610995566537, 0.28513122859689627], [0.2383037085058563, 0.2844896964821882, 0.145704014347557, 0.3315025806643986], [0.24658791652148898, 0.2767042314498346, 0.1874011976875207, 0.2893066543411559], [0.2823932417452455, 0.26490135869662146, 0.20653779472215045, 0.24616760483598266], [0.22576035960815435, 0.2916380273875961, 0.219669301351761, 0.2629323116524886], [0.2729411932184202, 0.2782929180579755, 0.16263099348961002, 0.2861348952339945], [0.23033408471595573, 0.2878928294385773, 0.21101843379222596, 0.270754652053241], [0.2138666898285636, 0.2850493470042752, 0.19512039343856175, 0.30596356972859956], [0.30957533269413107, 0.268884459359248, 0.14761212252247224, 0.27392808542414876], [0.202335935544813, 0.3172726696330564, 0.16880377345610337, 0.3115876213660274], [0.2115360007126562, 0.3068267505316924, 0.1536365524853699, 0.32800069627028144], [0.2419724302323068, 0.2672357739016388, 0.18066957209232892, 0.3101222237737258], [0.24797647713058824, 0.28545196368898457, 0.19346941499708745, 0.27310214418333995], [0.21677696311960826, 0.27040647721072875, 0.26392192108158175, 0.2488946385880814], [0.39228120297237373, 0.24877554081391723, 0.14967678388895503, 0.20926647232475426], [0.2011280803773061, 0.2927465856092643, 0.19848221490168386, 0.307643119111746], [0.1960638204833369, 0.33160816658936854, 0.2364939607769742, 0.23583405215032058], [0.23892463405201045, 0.25363592200608176, 0.22128281141510037, 0.2861566325268077], [0.19826348028246524, 0.3099143143973963, 0.1818924091397882, 0.3099297961803502], [0.20055144620574872, 0.3105952063807001, 0.1612463197580622, 0.32760702765548916], [0.23808701175958252, 0.2741209612956752, 0.22922954994369324, 0.2585624770010487], [0.2730617740600442, 0.2345122020076637, 0.1944119624827074, 0.29801406144958487], [0.2799196039096827, 0.2407279770589489, 0.2040808775201018, 0.2752715415112666], [0.2058972472987309, 0.3470245345639059, 0.15957308078222968, 0.28750513735513333], [0.2357431882529381, 0.3109235149848671, 0.14947689482456894, 0.3038564019376259], [0.31381110891370634, 0.2517220466473157, 0.20259720761677413, 0.23186963682220374], [0.387067225729581, 0.22459298823631835, 0.16131816306341007, 0.22702162297069048], [0.2181155638774971, 0.343210178599063, 0.1871700448351825, 0.25150421268825757], [0.3274002141358238, 0.2814895256111597, 0.12397573133908488, 0.2671345289139316], [0.33660407955015287, 0.2904529579075586, 0.1498798353119472, 0.22306312723034138], [0.2444888261459438, 0.31529280340714566, 0.14827387933898062, 0.29194449110792975], [0.2071528124483046, 0.2991094192361345, 0.21891957527035472, 0.27481819304520605], [0.17289699626942365, 0.3337812202753122, 0.23110784522784197, 0.2622139382274223], [0.3259924288782642, 0.2850880410204428, 0.12103309669528946, 0.26788643340600354], [0.225168234159299, 0.32560880157301453, 0.1941154607208388, 0.2551075035468476], [0.3490262090756465, 0.22057513931310344, 0.1717918116426797, 0.2586068399685704], [0.2964822062813451, 0.25274171408840235, 0.19548396449145142, 0.2552921151388013], [0.2549649359842507, 0.28470933106000196, 0.154755682527932, 0.30557005042781515], [0.24206052379791468, 0.26623268201388695, 0.20447298882974732, 0.2872338053584511], [0.2665234513999729, 0.3214895470289359, 0.169910798171644, 0.2420762033994473], [0.2623645649517425, 0.2343843488519469, 0.22512942058256077, 0.2781216656137498], [0.21481160357031076, 0.2986962443067178, 0.16691092516390313, 0.3195812269590683], [0.2662003767901541, 0.25689206105042806, 0.2160375493906023, 0.2608700127688156], [0.25675480049188054, 0.28215778304441097, 0.15448313921927664, 0.30660427724443196], [0.26545732146960327, 0.26184005148946105, 0.21762344262988337, 0.2550791844110526], [0.2130615797676882, 0.28785470401833746, 0.20425438336001497, 0.2948293328539595], [0.22870667898884112, 0.28034140988888134, 0.2349104412285162, 0.2560414698937614], [0.2679965440396441, 0.2591511773311073, 0.22243005505384097, 0.2504222235754079], [0.27669101905668664, 0.272312803534581, 0.16402105736101816, 0.2869751200477139], [0.24873260128102578, 0.3196830727205515, 0.1521574088379428, 0.2794269171604801], [0.20562851947265287, 0.3073692170635778, 0.21785582042686, 0.26914644303690916], [0.2842382746395768, 0.2784604595581791, 0.1741175083950556, 0.2631837574071887], [0.2496056358865799, 0.27054887061961586, 0.22034674345857996, 0.25949875003522427], [0.16594327744573312, 0.2767674055881251, 0.24397130261021688, 0.31331801435592493], [0.28159623051000066, 0.25326351166005673, 0.18029781573684633, 0.28484244209309617], [0.22516164615510306, 0.2899859963346745, 0.17813764908783347, 0.306714708422389], [0.1925172259755989, 0.33137199478186863, 0.16709429990344854, 0.30901647933908394], [0.25377583989978136, 0.24839965186396465, 0.19135511166849, 0.30646939656776406], [0.3101432480818034, 0.2706435756890982, 0.19126526718950113, 0.22794790903959739], [0.2606820047543596, 0.289460688560808, 0.19710439336810132, 0.2527529133167311], [0.2956108125108018, 0.21603714168175922, 0.18601564168187604, 0.3023364041255633], [0.252143057785462, 0.21879526446002542, 0.27272809269958337, 0.2563335850549293], [0.381921289612318, 0.24718764253862596, 0.13207994110801197, 0.23881112674104416], [0.24255288642850673, 0.2814429653001198, 0.1931345844806849, 0.2828695637906884], [0.20159000311850098, 0.3050599531134212, 0.20391017417864354, 0.2894398695894344], [0.2750790805900829, 0.2586534368755776, 0.16058991123974586, 0.3056775712945937], [0.27636764399012426, 0.2930276311646708, 0.16456080692386016, 0.26604391792134513]]}, "rewritten": {"ids": ["97106970", "97107260", "97108520", "97110950", "97116800", "98106880", "98107340", "98107410", "98108520", "98109090", "98110230", "98110810", "98111231", "98111670", "98112170", "98116090", "99105921", "99108000", "99108520", "99109740", "99109840", "99110730", "99111930", "99112300", "99112840", "99114890", "99116500", "99120010", "100108080", "100108990", "100109311", "100110260", "100111080", "100111380", "100120010", "101108460", "101110200", "101112160", "101114990", "101119030", "101121640", "102107961", "102109010", "102109840", "102110050", "102110690", "102111990", "102113210", "102113350", "103109791", "103110100", "103111830", "103112470", "103113210", "103113640", "103117200", "103118291", "103120340", "103120730", "104111380", "104113210", "104113380", "104113550", "104117200", "105113210", "105113260", "105113330", "105115250", "105115680", "105116441", "105118740", "106111321", "106112770", "106113260", "106114880", "106116370", "106118520", "107113180", "107113260", "107113360", "107114110", "107114140", "107115250", "107118780", "107120010", "107120260", "108114670", "108117610", "108117720", "108118520", "108119330", "109113281", "109113591", "109113931", "109114270", "109115070", "109116040", "109116441", "110113591", "110113931", "110114561", "110115140", "110115250", "110116170", "110118121", "110118930", "110120560", "111114121", "111115400", "111116170", "111116290", "111116750", "111117480", "111119250", "111119300", "111119430", "112116401", "112116880", "112118471", "112119950", "112120270", "112120290", "112120540", "112120700", "112121351", "112121360", "113117340", "113117401", "113118421", "113119360", "113119930", "113120260", "113120531", "113120591", "113120830", "113121410", "113121980", "113122170", "113122180", "113122190", "113122220", "113122320"], "labels": [2, 2, 2, 3, 0, 0, 0, 3, 2, 1, 3, 1, 1, 1, 3, 0, 1, 2, 2, 3, 2, 3, 1, 0, 2, 2, 2, 2, 0, 2, 1, 3, 0, 3, 0, 0, 2, 3, 3, 3, 2, 3, 1, 2, 3, 0, 2, 3, 3, 3, 1, 3, 1, 3, 1, 0, 0, 1, 1, 3, 3, 1, 1, 3, 3, 3, 3, 2, 2, 1, 1, 0, 1, 3, 0, 2, 2, 3, 0, 0, 1, 2, 2, 1, 1, 1, 3, 3, 1, 0, 0, 0, 3, 1, 3, 0, 0, 3, 0, 1, 0, 0, 1, 0, 3, 1, 0, 0, 0, 0, 2, 3, 1, 1, 1, 3, 0, 0, 1, 0, 0, 1, 3, 2, 0, 3, 2, 3, 3, 0, 1, 3, 0, 0, 3, 0, 2, 1, 2, 1, 1, 1], "predicted_labels": [1, 0, 1, 0, 0, 1, 1, 0, 3, 1, 0, 0, 0, 1, 3, 0, 1, 1, 1, 0, 3, 1, 1, 0, 3, 3, 3, 0, 3, 1, 0, 0, 1, 1, 1, 1, 1, 3, 3, 0, 3, 3, 3, 0, 0, 0, 0, 3, 1, 0, 1, 0, 3, 3, 0, 1, 0, 2, 1, 0, 0, 1, 0, 1, 3, 0, 3, 1, 1, 3, 3, 0, 1, 1, 3, 0, 1, 1, 0, 0, 0, 0, 3, 3, 1, 3, 1, 3, 3, 0, 3, 0, 0, 0, 1, 3, 3, 0, 0, 0, 3, 3, 0, 3, 1, 1, 3, 0, 3, 0, 3, 0, 1, 3, 1, 3, 3, 1, 0, 3, 3, 1, 0, 3, 3, 3, 3, 0, 0, 1, 1, 1, 0, 0, 1, 3, 0, 1, 3, 3, 1, 0], "confidence_scores": [[0.2139040258019998, 0.2784728669566469, 0.25487473694083396, 0.2527483703005195], [0.2712516305572004, 0.2480587621652421, 0.210174851610289, 0.27051475566726874], [0.2889190864895911, 0.2979455303872361, 0.19530894639682486, 0.21782643672634813], [0.29470199698326666, 0.24353542508295345, 0.17916321634940238, 0.28259936158437765], [0.458813006540003, 0.23540302658906018, 0.11276213252049415, 0.19302183435044248], [0.26413538814971677, 0.2713181021241334, 0.2177527274616503, 0.24679378226449977], [0.2572547317487511, 0.2623016875441405, 0.22373892149778596, 0.2567046592093228], [0.32301643041960865, 0.2797450480894508, 0.20733757594219454, 0.18990094554874623], [0.23436416853614855, 0.24075352294811053, 0.2532287791944524, 0.2716535293212885], [0.25354005124865564, 0.2758949264977446, 0.20454878199092671, 0.2660162402626731], [0.3136988081775728, 0.23005662195096604, 0.20602840729668417, 0.2502161625747771], [0.26803640988512445, 0.24947219342018964, 0.23784681907509395, 0.24464457761959216], [0.37259827449361566, 0.2472413199507428, 0.16699296386119541, 0.21316744169444607], [0.2518407938905332, 0.3070299215676719, 0.21141064288070854, 0.22971864166108635], [0.25330161632034487, 0.26877343706341644, 0.19026843038657137, 0.2876565162296673], [0.27005028908612316, 0.23365956077785652, 0.24033234415125151, 0.25595780598476897], [0.26056262186174517, 0.2952690086217429, 0.16901006294273446, 0.2751583065737775], [0.2571059629216974, 0.33134635988597727, 0.17022730404973582, 0.24132037314258936], [0.2633764129614211, 0.2846274756908375, 0.19973176515181393, 0.25226434619592747], [0.2802429625204388, 0.2528887162315999, 0.21664561136176608, 0.2502227098861953], [0.24026170744539205, 0.2359337800829073, 0.21906997149150664, 0.3047345409801939], [0.23159778903141937, 0.30181810923337365, 0.20996387069427486, 0.25662023104093223], [0.22577082374023522, 0.31607570502955873, 0.18419290649329667, 0.2739605647369095], [0.28367990905906143, 0.2598546214474656, 0.1861428851075533, 0.27032258438591994], [0.26407079548043944, 0.24362115966195597, 0.20752356706835762, 0.2847844777892471], [0.23554696777487305, 0.25023833767700077, 0.24212646735954738, 0.2720882271885791], [0.2608306567451903, 0.2311710749768013, 0.23356606247236647, 0.27443220580564215], [0.2727092795313924, 0.265712697740742, 0.22059070631865751, 0.24098731640920815], [0.2239086886901331, 0.2540563938950329, 0.24876970090653344, 0.27326521650830066], [0.25257748470865676, 0.32934389252185875, 0.15878295746770207, 0.25929566530178255], [0.35730525484918824, 0.23028110308299152, 0.15094055013784266, 0.2614730919299777], [0.3120726552792428, 0.2341007589959472, 0.23997736651169524, 0.21384921921311492], [0.24948840064475405, 0.2894245326872749, 0.19333572895601164, 0.2677513377119596], [0.21485803149229743, 0.299310807160794, 0.1868710311800187, 0.2989601301668898], [0.25793510825291144, 0.29232715122528247, 0.20319106910923881, 0.24654667141256723], [0.2510192961217684, 0.25624215758480634, 0.24797403059264464, 0.2447645157007809], [0.2352153911579194, 0.29407284183045246, 0.20036511941291807, 0.27034664759870997], [0.23958078034906133, 0.2853376057179374, 0.1813961766057864, 0.29368543732721497], [0.24398859936571482, 0.26178726910835776, 0.1854817959818686, 0.3087423355440587], [0.3094014587047401, 0.23797473325331103, 0.20303071543981896, 0.24959309260213008], [0.24371209757831128, 0.25096563232232316, 0.21674368773825184, 0.2885785823611139], [0.28378096288703547, 0.23051892437657096, 0.1908466640969924, 0.2948534486394012], [0.22166205330544955, 0.2627388945829607, 0.22245752333019594, 0.2931415287813938], [0.2914163405093113, 0.257026489619299, 0.17845789891128994, 0.27309927096009984], [0.2883819840232497, 0.22479112587321634, 0.221271759649863, 0.2655551304536712], [0.30430219445859186, 0.26565093995654293, 0.188549549342897, 0.2414973162419683], [0.29620928235279004, 0.2502877956748159, 0.19874066635065143, 0.2547622556217426], [0.28145564732030115, 0.2185182220212395, 0.19288632384087126, 0.3071398068175883], [0.2399903937358601, 0.3030381049605204, 0.20867048870665303, 0.24830101259696644], [0.29423988086704234, 0.25590772775291176, 0.2186105771711581, 0.23124181420888776], [0.251214319240926, 0.29765372452362915, 0.18237086667588678, 0.26876108955955824], [0.27268276500159383, 0.24112824771680924, 0.2178798540120354, 0.2683091332695616], [0.28371211750855735, 0.23550825765247602, 0.19656539932608083, 0.28421422551288594], [0.26429156060569586, 0.2619789428252112, 0.18855968641574986, 0.28516981015334314], [0.32117886520700833, 0.2474668048156837, 0.1521161976472812, 0.279238132330027], [0.2488690327560068, 0.3195387791697923, 0.17597233758789138, 0.25561985048630986], [0.3428584549145116, 0.2538707820882092, 0.15312864743539742, 0.25014211556188165], [0.23150178371832805, 0.24717326189514602, 0.26631254703017126, 0.25501240735635505], [0.23683197095660036, 0.30511108856329233, 0.1783116001185859, 0.2797453403615214], [0.2857994497543432, 0.22914150874112293, 0.21037741398598755, 0.2746816275185464], [0.30200914830775755, 0.24603777941231322, 0.19880032667493114, 0.2531527456049981], [0.25807184785162857, 0.2653085423674695, 0.2156049518093747, 0.2610146579715274], [0.3527005075304183, 0.22995466857815283, 0.1596900611526471, 0.25765476273878224], [0.26271507863776117, 0.3130730767323086, 0.16750606222596004, 0.25670578240397024], [0.2796454040392131, 0.22507976457341392, 0.18047586394100443, 0.31479896744636887], [0.3478987611343884, 0.25202051802321496, 0.17965977104192124, 0.2204209498004757], [0.2211218054565948, 0.27593254886381624, 0.19337112915968252, 0.3095745165199065], [0.2510341719955828, 0.30115421579934526, 0.171249557549998, 0.27656205465507405], [0.232409920705399, 0.32755484183936995, 0.20232216485879156, 0.2377130725964395], [0.27590113355729523, 0.2629644209045357, 0.18388577064298353, 0.2772486748951855], [0.23168278415764096, 0.2809981825793844, 0.18867230950912042, 0.29864672375385437], [0.31155308988251623, 0.26938208368152305, 0.154882943488966, 0.26418188294699485], [0.1671208785137733, 0.29541993220355844, 0.28094107997639906, 0.2565181093062692], [0.23075198824951773, 0.32509837333035163, 0.18458760551518238, 0.2595620329049482], [0.2593437719735907, 0.2597263679384302, 0.21280742415380907, 0.2681224359341702], [0.28390237647946326, 0.24137135504533114, 0.22435353748761092, 0.2503727309875948], [0.21778847849797484, 0.29887792283234227, 0.22324173367605474, 0.2600918649936281], [0.1970248162343815, 0.35823302576248933, 0.18275452249075871, 0.26198763551237053], [0.30176302675329003, 0.243766090130984, 0.18814059912483475, 0.2663302839908913], [0.36324910289448836, 0.21358848266201325, 0.17536737691038784, 0.2477950375331105], [0.2935787914284773, 0.25608043098601174, 0.18728869168587736, 0.2630520858996335], [0.4135071724356028, 0.21971576724422626, 0.1745584378976273, 0.19221862242254345], [0.25170464451173963, 0.27183198539327286, 0.19480794086990527, 0.2816554292250827], [0.21642618122379498, 0.24771984953933093, 0.1989667817844262, 0.33688718745244806], [0.19407738154422272, 0.3174808643322592, 0.2077665843448765, 0.2806751697786413], [0.27166196149294947, 0.26487337651363335, 0.16506568343825243, 0.2983989785551652], [0.27146389224576245, 0.290204384368574, 0.1769832113824285, 0.261348512003235], [0.21244822461853777, 0.3055744280539417, 0.16122897759715077, 0.32074836973036985], [0.27722739403804075, 0.2644192518057592, 0.1714163696935704, 0.28693698446262955], [0.3149608154228426, 0.2645896904373702, 0.14857093733560736, 0.2718785568041799], [0.20745231616555787, 0.27365036606799903, 0.23645068665332564, 0.28244663111311746], [0.32350164998200226, 0.2207461518699757, 0.20869300532081045, 0.24705919282721164], [0.2878137719621753, 0.2676258506136954, 0.18108843223610369, 0.2634719451880258], [0.29300613863500613, 0.23879906017790398, 0.18891514326280137, 0.2792796579242886], [0.2727722620609809, 0.3038896042074354, 0.15057460078579463, 0.27276353294578903], [0.2898153489901173, 0.26567594458200205, 0.1502108122796496, 0.29429789414823126], [0.22566586714883344, 0.27731416713283524, 0.1702480175657765, 0.3267719481525548], [0.2928606353909751, 0.2590567441206703, 0.16076692088976904, 0.28731569959858555], [0.32008403385629564, 0.2679926740593149, 0.15064689169134526, 0.26127640039304406], [0.3141600062048602, 0.25791766020770335, 0.17483657784694465, 0.2530857557404918], [0.22490267696119345, 0.27763370617250577, 0.18552590424853682, 0.3119377126177638], [0.2519270120315764, 0.25722002340250877, 0.2016674898922041, 0.28918547467371086], [0.3457991795122819, 0.22957405779216825, 0.18441428909761728, 0.24021247359793246], [0.2653530564368127, 0.2555368793815109, 0.18676329015473153, 0.29234677402694476], [0.2759679027490811, 0.29657316140615697, 0.1766236030377439, 0.25083533280701803], [0.2490159688925349, 0.3034857388603545, 0.18866774757550725, 0.2588305446716033], [0.22362485676370236, 0.2666123799664359, 0.23702615629897678, 0.2727366069708851], [0.32968824259285284, 0.3023711343161147, 0.1179566423460256, 0.2499839807450069], [0.23688570245804866, 0.22964629514641743, 0.20691848190351428, 0.3265495204920199], [0.32961545761916183, 0.22195428128455763, 0.1693108343283352, 0.2791194267679455], [0.2868587218954553, 0.2442888893697075, 0.17947437058785864, 0.2893780181469788], [0.3082547826252645, 0.2448996807440356, 0.20717093735819297, 0.23967459927250678], [0.27576630362581595, 0.3056117105216838, 0.2086663251622467, 0.20995566069025354], [0.2572169080426401, 0.24137588890101533, 0.20458426620847547, 0.2968229368478693], [0.26462846278709123, 0.2983593912035167, 0.1728297944188709, 0.2641823515905213], [0.25435650400852466, 0.2865799972903169, 0.14539582127876, 0.3136676774223987], [0.2780645830632301, 0.2760148846599415, 0.16727861156340582, 0.27864192071342253], [0.2320935003703428, 0.29463048157040694, 0.20687577920495362, 0.2664002388542965], [0.3133844639023053, 0.25121611416381834, 0.1919630262580422, 0.24343639567583408], [0.25525392394434887, 0.27450281568688306, 0.16086133364701938, 0.3093819267217488], [0.26695383230074915, 0.2670785291693504, 0.1769210752710919, 0.28904656325880856], [0.24410148070977386, 0.28066104231572986, 0.20476595059793476, 0.2704715263765617], [0.28745918774507767, 0.2656684277827575, 0.18492260596221924, 0.2619497785099456], [0.22234569133936127, 0.282603611236221, 0.2092295161009505, 0.28582118132346745], [0.2519870459446833, 0.27501134718322734, 0.18503872809318944, 0.28796287877889964], [0.27907095077041943, 0.2507387679125332, 0.18975837746244525, 0.2804319038546021], [0.2563595858524745, 0.29263040917863453, 0.15252067983480144, 0.2984893251340894], [0.33213659622564146, 0.22989608748878682, 0.14856836698908296, 0.2893989492964888], [0.32621834907741204, 0.23990000410118267, 0.15521897195475282, 0.2786626748666526], [0.2618000637601217, 0.2812985832695075, 0.19343316288889034, 0.2634681900814805], [0.22398391889550354, 0.2867459854745136, 0.2232795403246227, 0.26599055530536037], [0.26575579709615466, 0.3092547216980489, 0.2136231221898223, 0.21136635901597411], [0.33886636698724204, 0.24902965512697686, 0.15498231290282227, 0.25712166498295885], [0.3197936221381419, 0.23893859461366887, 0.20893435122532422, 0.23233343202286513], [0.21687501551485483, 0.27594731638846337, 0.26069060231233004, 0.2464870657843519], [0.24397495042628362, 0.2775889757481576, 0.19328609324868637, 0.28514998057687224], [0.3015041095008073, 0.2578726893831476, 0.14950104216110993, 0.2911221589549353], [0.21391900865756144, 0.28668495986118614, 0.22954493427463693, 0.2698510972066157], [0.24189039067454154, 0.2509661620913607, 0.1895982073653957, 0.3175452398687021], [0.20586269074187405, 0.27869958076215534, 0.2038027830654648, 0.311634945430506], [0.2373200130336663, 0.2894697804947654, 0.2196224260223708, 0.2535877804491975], [0.283619639400521, 0.26013837762793357, 0.20106988559003125, 0.25517209738151425]]}}