{"test": {"ids": ["112121360", "111121190", "98108410", "99114890", "107119130", "110118810", "97107260", "108113480", "104116800", "108120621", "102110500", "103111480", "99110730", "112120290", "104111531", "99111340", "113122180", "105115680", "105113260", "111120531", "113119300", "104113240", "100111620", "111117571", "110119891", "100109801", "100108260", "101111140", "98110230", "109116040", "108114360", "111120540", "99109161", "101108370", "99121440", "106114321", "111118820", "109114651", "110114561", "100108990", "102113350", "112121430", "107121540", "103110100", "97112830", "97116410", "98108970", "113122430", "104111550", "105117431", "111119610", "112119950", "113120751", "101112160", "106119580", "112116800", "110119030", "101108460", "99112300", "97116401", "99117630", "109114030", "109119591", "108114200", "103117200", "110117870", "108119510", "101109120", "104111780", "108117720", "113120531", "111115910", "113118870", "112120630", "98109570", "97112290", "107116340", "100111270", "97108520", "112118701", "99108580", "111121410", "113119360", "106118520", "110120190", "105119950", "109117271", "105116980", "110118740", "108118060", "104110960", "113122160", "107113130", "104111380", "111120220", "113118421", "105115380", "101116130", "109120621", "101110740", "110121140", "98108370", "101112201", "104112470", "111116090", "100115700", "113118111", "103112470", "101108580", "100113370", "97107040", "100109890", "108114270", "105117200", "113120830", "97107821", "104114240", "109116170", "104111990", "112119980", "98107380", "110118181", "112120540", "110118111", "101110200", "108117360", "110118701", "97105580", "106114880", "107114950", "108113760", "108121410", "106117790", "110118630", "112117780", "105113440", "103120531", "98110810", "111118810", "109117600", "111120190", "111116040"], "labels": [3, 1, 1, 2, 1, 1, 2, 0, 1, 1, 3, 0, 3, 1, 0, 1, 2, 2, 3, 0, 1, 2, 3, 3, 3, 0, 3, 2, 3, 0, 1, 1, 3, 1, 2, 2, 0, 3, 0, 2, 3, 2, 2, 1, 2, 3, 3, 2, 1, 1, 2, 0, 1, 3, 3, 0, 0, 0, 0, 3, 3, 1, 0, 0, 0, 3, 1, 1, 3, 1, 0, 2, 0, 3, 1, 1, 3, 2, 2, 0, 0, 0, 0, 2, 3, 3, 0, 0, 3, 1, 2, 3, 1, 3, 3, 3, 1, 2, 1, 3, 3, 1, 0, 1, 3, 1, 1, 1, 0, 3, 2, 3, 3, 3, 3, 2, 0, 0, 2, 0, 1, 1, 3, 1, 2, 1, 3, 1, 0, 3, 1, 0, 1, 1, 0, 0, 3, 1, 0, 1, 3, 0], "predicted_labels": [1, 0, 1, 1, 1, 0, 2, 3, 3, 0, 3, 3, 2, 1, 3, 2, 3, 1, 3, 0, 3, 1, 2, 3, 1, 3, 2, 0, 1, 1, 0, 0, 1, 3, 2, 1, 0, 3, 0, 1, 1, 2, 2, 1, 2, 2, 1, 1, 3, 1, 2, 0, 0, 1, 1, 3, 3, 3, 3, 1, 2, 0, 1, 1, 1, 3, 3, 0, 1, 3, 0, 1, 1, 0, 0, 1, 3, 1, 0, 3, 0, 1, 3, 2, 3, 0, 3, 3, 0, 3, 3, 3, 1, 3, 0, 3, 2, 1, 3, 1, 0, 3, 0, 1, 3, 0, 3, 3, 0, 1, 2, 3, 1, 3, 0, 0, 3, 0, 1, 1, 0, 1, 1, 0, 1, 0, 1, 1, 2, 0, 1, 3, 1, 2, 3, 1, 1, 1, 3, 3, 0, 3], "confidence_scores": [[0.27084745563391677, 0.35636379032108545, 0.05733207137558021, 0.3154566826694176], [0.8282009111506102, 0.14431698154497585, 0.00864506700825437, 0.01883704029615953], [0.013567760410696253, 0.7588341113284456, 0.18643348586490427, 0.04116464239595399], [0.010509613500993806, 0.6030665816565521, 0.03907760823261714, 0.3473461966098369], [0.019869683139909996, 0.6135038652432692, 0.0846322821999416, 0.28199416941687927], [0.7723008397833067, 0.19641768628390557, 0.010504038826795457, 0.020777435105992472], [0.2966383919749034, 0.24268530779156935, 0.4247432254263184, 0.03593307480720879], [0.04976789304798768, 0.32965507366903113, 0.01679084467571303, 0.6037861886072682], [0.025100642287606806, 0.03424758515854215, 0.004764734566444591, 0.9358870379874065], [0.45413183839916227, 0.05265726189755102, 0.12898206917068572, 0.3642288305326011], [0.3725594653861669, 0.01694446268349108, 0.13567665538419912, 0.4748194165461429], [0.1080059451685337, 0.1634177810877021, 0.013544968390033293, 0.7150313053537309], [0.009510335074523516, 0.021955927875910542, 0.880950171120824, 0.08758356592874204], [0.09366475734450733, 0.7981931086993598, 0.00861556570287424, 0.09952656825325866], [0.0658841093784994, 0.34309910589869536, 0.08423260092640167, 0.5067841837964036], [0.07086830153796293, 0.11354235313384144, 0.6508346118265901, 0.16475473350160555], [0.07276014860023032, 0.24244070967088743, 0.07783245826710797, 0.6069666834617743], [0.017812740059598174, 0.765573330602152, 0.0731646265083398, 0.14344930282991009], [0.09535139334082736, 0.41019955133361724, 0.04645359453041056, 0.4479954607951448], [0.6589895642368883, 0.16729573764491623, 0.011785892839368256, 0.16192880527882733], [0.2380815362012222, 0.24152998055595126, 0.01370184384728973, 0.5066866393955369], [0.009240342435670476, 0.9803707219957501, 0.005333676554097892, 0.005055259014481398], [0.11616406410686503, 0.12151942529326165, 0.4575159159317675, 0.3048005946681058], [0.1492987691253045, 0.3968597502583123, 0.02640888140843008, 0.4274325992079531], [0.1965888433009925, 0.690003893913255, 0.015617807518508414, 0.097789455267244], [0.045011189461308804, 0.30778283520854033, 0.005230663207514124, 0.6419753121226368], [0.29058847310691344, 0.32481427989514955, 0.3619572329622156, 0.022640014035721485], [0.5000716588995534, 0.19054729161129197, 0.22314457471330137, 0.08623647477585328], [0.031945315901971236, 0.8491729581346825, 0.03978918267557258, 0.07909254328777368], [0.2237403858864812, 0.45124403115736583, 0.026456533912859095, 0.2985590490432938], [0.5964438359190987, 0.055899631484740094, 0.11542921871009491, 0.23222731388606627], [0.4823170139692119, 0.46777389258513635, 0.04497815857874461, 0.004930934866907219], [0.34684116649668106, 0.41606578622932183, 0.17504321070170142, 0.06204983657229557], [0.01750755193850063, 0.1259022250684632, 0.006536324035916889, 0.8500538989571192], [0.011224144846604743, 0.0549307671941754, 0.916505725902959, 0.01733936205626105], [0.3466936157961762, 0.38768501374727626, 0.19614470779941032, 0.06947666265713724], [0.5597695084067822, 0.18503452696520398, 0.016167442981969878, 0.23902852164604388], [0.27999280399707294, 0.1617872065653884, 0.07338808309387017, 0.48483190634366835], [0.6273528592457841, 0.22662999477532414, 0.06778670759612619, 0.07823043838276558], [0.1883696500013502, 0.6735512897167069, 0.13203004651802594, 0.006049013763917094], [0.012083993160883502, 0.5071887106064514, 0.12411323445594992, 0.35661406177671506], [0.11450465517512061, 0.04214299209857922, 0.6785674849501874, 0.16478486777611273], [0.006993698697059604, 0.1210741100679667, 0.7818143199856469, 0.0901178712493269], [0.028449483656560783, 0.8343723338111946, 0.10403940747660001, 0.03313877505564453], [0.15659326967482487, 0.03734427063760862, 0.4297310308732193, 0.3763314288143473], [0.3152229525226336, 0.18142420454479088, 0.3214680055441603, 0.1818848373884152], [0.014841005879327082, 0.5647540049713484, 0.38885404853435485, 0.03155094061496982], [0.001772137908192979, 0.9766883762641579, 0.0032492580817507855, 0.01829022774589838], [0.016575944716518187, 0.012715689105454562, 0.24517020302059153, 0.7255381631574357], [0.025660062867696506, 0.6226778705814955, 0.3082375981320197, 0.043424468418788296], [0.265678653804608, 0.0870251477500295, 0.43280156026302197, 0.2144946381823406], [0.943429287862119, 0.0003308518004186968, 0.0035868586953002545, 0.05265300164216207], [0.6416040850795635, 0.007624438578179466, 0.026978579520361527, 0.3237928968218955], [0.07307962860440383, 0.6792884877092147, 0.11006768062260007, 0.13756420306378134], [0.04600059264751676, 0.6132778411986205, 0.3227383359379476, 0.01798323021591509], [0.06834371393733703, 0.033549578030415306, 0.03644953649034554, 0.861657171541902], [0.001458109380717041, 0.18893723598222892, 0.0038932181199164174, 0.8057114365171377], [0.10354746379265024, 0.0018898445927272192, 0.010716599733384595, 0.883846091881238], [0.10090919629392142, 0.026765462860069818, 0.1756814157583288, 0.6966439250876799], [0.058348609433360996, 0.33664601401298394, 0.3317553805638763, 0.2732499959897788], [0.10460512280261719, 0.3202873717279381, 0.442182841984294, 0.1329246634851508], [0.6845682375877679, 0.036330362331598254, 0.06277188397417476, 0.21632951610645912], [0.10250810684214291, 0.7914284377570782, 0.077113712927218, 0.028949742473560906], [0.12180200839404381, 0.4414677108064106, 0.31181287225143567, 0.12491740854810986], [0.17229576832967836, 0.7922809551217364, 0.027925781237798226, 0.007497495310786806], [0.10347503536449193, 0.014244602900818203, 0.0329712772397411, 0.8493090844949487], [0.20821891525405684, 0.07658071846869256, 0.04922952693174024, 0.6659708393455103], [0.42200584012760844, 0.11985811868249767, 0.03688040833868717, 0.42125563285120665], [0.34528577795402376, 0.4807482492998531, 0.03098539430323992, 0.14298057844288328], [0.010637078963189186, 0.054736009237764616, 0.02645475041533235, 0.9081721613837139], [0.4470625691045981, 0.036561389013820965, 0.09158901014817164, 0.42478703173340937], [0.08126579506686733, 0.5684064204383371, 0.025948660339787353, 0.32437912415500814], [0.017263070572936797, 0.7085836823633743, 0.008025344556062382, 0.26612790250762636], [0.7541603988523792, 0.05876778702435882, 0.00471450793815305, 0.18235730618510904], [0.752521104937878, 0.030766439906791326, 0.028869932150374304, 0.18784252300495638], [0.22613403896028147, 0.36303998819790456, 0.23070446211483, 0.18012151072698387], [0.06789857429946049, 0.18135301969465045, 0.11620490598405507, 0.6345435000218339], [0.029318564580606044, 0.688607074414614, 0.23121277694576933, 0.050861584059010576], [0.3161119791216928, 0.3132160998675371, 0.2273739210117545, 0.14329799999901557], [0.03370000875042873, 0.1345735355969924, 0.00416428703956192, 0.8275621686130169], [0.8098648690418505, 0.13018499744835263, 0.03918231212120278, 0.02076782138859407], [0.23790548330984398, 0.6420696408278302, 0.05518211418107287, 0.06484276168125268], [0.1884360178517918, 0.06609639283896564, 0.06809872046681643, 0.6773688688424262], [0.016462361461090872, 0.43667532523362135, 0.5301209561498066, 0.016741357155481314], [0.011345466098201322, 0.2599438984481237, 0.04385689908497979, 0.6848537363686953], [0.46684066241196975, 0.09208145405235697, 0.3699330808140097, 0.07114480272166362], [0.04435975224632885, 0.053190986633583376, 0.01165008974318867, 0.8907991713768991], [0.029609662134864292, 0.2916878916091447, 0.0028056284511937856, 0.6758968178047973], [0.668364877672539, 0.011987855452689126, 0.006009020476376115, 0.3136382463983957], [0.038877461568679675, 0.21989637884077626, 0.09511594624113817, 0.6461102133494059], [0.0754933575689993, 0.1413581071335866, 0.3476617420221067, 0.4354867932753075], [0.1887497844151934, 0.11976508456930224, 0.09114522296846188, 0.6003399080470424], [0.1378975857267766, 0.4766126457764384, 0.22730606523837282, 0.1581837032584121], [0.154984572523947, 0.31813508493318454, 0.19253825116505363, 0.33434209137781473], [0.6301509178754716, 0.3148485410175271, 0.01714914907127131, 0.037851392035729965], [0.20840250282840111, 0.016787290047099897, 0.00786423572509592, 0.7669459713994031], [0.018399558160589698, 0.22229346651398169, 0.6100994326041587, 0.14920754272126996], [0.07988255778017075, 0.5616611678966782, 0.2912143816249308, 0.06724189269822016], [0.0380285517693434, 0.06375635885783448, 0.007727162406188026, 0.8904879269666341], [0.06644973670357049, 0.5000468827158889, 0.08490904317085343, 0.34859433740968704], [0.813184492031443, 0.032158186852900235, 0.03119276064174527, 0.12346456047391156], [0.11977912278025621, 0.024626242703803227, 0.2262399073993126, 0.629354727116628], [0.6936229910316185, 0.16609650196330808, 0.012700829608299376, 0.127579677396774], [0.06819934884647076, 0.6008395759769347, 0.21335214069017483, 0.11760893448641976], [0.4074446360807545, 0.06166604141260505, 0.007034712225260185, 0.5238546102813803], [0.3281243892283032, 0.09724829009503938, 0.2985150721911241, 0.27611224848553323], [0.1301827871865122, 0.03596626452351211, 0.030016385017426706, 0.803834563272549], [0.23543862119446313, 0.08356303489141081, 0.16048712319954675, 0.5205112207145793], [0.8758708093965374, 0.006120517318021683, 0.10732025311182967, 0.010688420173611279], [0.13160428939498955, 0.3721177226117125, 0.30038695604436577, 0.19589103194893204], [0.01784011674938374, 0.03392131471822577, 0.9367481506459995, 0.011490417886391015], [0.024976709719574358, 0.03558691495916498, 0.044231625828084736, 0.8952047494931759], [0.22145576165680128, 0.4934826459972835, 0.09496223958897859, 0.19009935275693662], [0.026204835776439235, 0.10084053046347943, 0.28202908373119573, 0.5909255500288857], [0.5780125735330367, 0.1481564089461775, 0.19953591843557877, 0.07429509908520687], [0.688370352506579, 0.0630985740103623, 0.032486546609064665, 0.21604452687399417], [0.2211291231598718, 0.12320813567882033, 0.2853189874663376, 0.3703437536949703], [0.7025997388853326, 0.2638513116579515, 0.012569166666522058, 0.020979782790193833], [0.09039215843509044, 0.8094029823436886, 0.05838396942955192, 0.041820889791669015], [0.10154291853249989, 0.8453646343861142, 0.01933772709377608, 0.03375471998760966], [0.6440893607591999, 0.003917838196653287, 0.335671294417183, 0.01632150662696385], [0.33665238759293464, 0.4904689697438408, 0.16862125568474345, 0.00425738697848126], [0.007900749955855282, 0.9871648440542695, 0.00431621362021308, 0.0006181923696621238], [0.5607717519266302, 0.06711360240684401, 0.1474413454102783, 0.22467330025624738], [0.009917496344287643, 0.9374785173818336, 0.016242011789879975, 0.03636197448399862], [0.7137628387971141, 0.037285384521416935, 0.1834513922135755, 0.06550038446789336], [0.08132327231652445, 0.7796445503205678, 0.017328875789156806, 0.12170330157375081], [0.006967288401859569, 0.9454840515749224, 0.030715887901660754, 0.016832772121557104], [0.07902215626756144, 0.4071207905992013, 0.5014201559969699, 0.012436897136267385], [0.31808242316664154, 0.25138639929679735, 0.12378748247359316, 0.30674369506296795], [0.06527952853298773, 0.4995655034026957, 0.27244925513318385, 0.16270571293113265], [0.006226109177844055, 0.2742483424766948, 0.002337243834657069, 0.7171883045108042], [0.07090828728882653, 0.5028427664051804, 0.011019323470075048, 0.41522962283591786], [0.15466334408833937, 0.1600855553189153, 0.496815699405382, 0.18843540118736335], [0.052860321724535045, 0.15221040153633636, 0.0031327944235596352, 0.791796482315569], [0.051179357937087444, 0.594336551161149, 0.27135572894281407, 0.08312836195894936], [0.0717103825449683, 0.6823267149403192, 0.01986007867946151, 0.22610282383525096], [0.018069873958831667, 0.45812596267841765, 0.386709085034836, 0.13709507832791468], [0.3359515221840324, 0.04277384600938412, 0.07142137217034641, 0.549853259636237], [0.20978880753599322, 0.07485709765986284, 0.1792897950238406, 0.5360642997803035], [0.41666338399880504, 0.13501361216408198, 0.14682491287889018, 0.30149809095822283], [0.0736008329809072, 0.03656357715304596, 0.016943946286333868, 0.8728916435797129]]}, "rewritten": {"ids": ["97105580", "97107040", "97107260", "97107821", "97108520", "97112290", "97112830", "97116401", "97116410", "98107380", "98108370", "98108410", "98108970", "98109570", "98110230", "98110810", "99108580", "99109161", "99110730", "99111340", "99112300", "99114890", "99117630", "99121440", "100108260", "100108990", "100109801", "100109890", "100111270", "100111620", "100113370", "100115700", "101108370", "101108460", "101108580", "101109120", "101110200", "101110740", "101111140", "101112160", "101112201", "101116130", "102110500", "102113350", "103110100", "103111480", "103112470", "103117200", "103120531", "104110960", "104111380", "104111531", "104111550", "104111780", "104111990", "104112470", "104113240", "104114240", "104116800", "105113260", "105113440", "105115380", "105115680", "105116980", "105117200", "105117431", "105119950", "106114321", "106114880", "106117790", "106118520", "106119580", "107113130", "107114950", "107116340", "107119130", "107121540", "108113480", "108113760", "108114200", "108114270", "108114360", "108117360", "108117720", "108118060", "108119510", "108120621", "108121410", "109114030", "109114651", "109116040", "109116170", "109117271", "109117600", "109119591", "109120621", "110114561", "110117870", "110118111", "110118181", "110118630", "110118701", "110118740", "110118810", "110119030", "110119891", "110120190", "110121140", "111115910", "111116040", "111116090", "111117571", "111118810", "111118820", "111119610", "111120190", "111120220", "111120531", "111120540", "111121190", "111121410", "112116800", "112117780", "112118701", "112119950", "112119980", "112120290", "112120540", "112120630", "112121360", "112121430", "113118111", "113118421", "113118870", "113119300", "113119360", "113120531", "113120751", "113120830", "113122160", "113122180", "113122430"], "labels": [1, 2, 2, 2, 2, 1, 2, 3, 3, 1, 1, 1, 3, 1, 3, 1, 0, 3, 3, 1, 0, 2, 3, 2, 3, 2, 0, 3, 2, 3, 3, 1, 1, 0, 0, 1, 2, 3, 2, 3, 0, 2, 3, 3, 1, 0, 1, 0, 3, 2, 3, 0, 1, 3, 2, 1, 2, 0, 1, 3, 0, 1, 2, 0, 3, 1, 3, 2, 0, 1, 2, 3, 1, 3, 3, 1, 2, 0, 1, 0, 3, 1, 1, 1, 1, 1, 1, 0, 1, 3, 0, 0, 0, 1, 0, 1, 0, 3, 1, 1, 1, 3, 3, 1, 0, 3, 3, 3, 2, 0, 3, 3, 0, 0, 2, 3, 3, 0, 1, 1, 0, 0, 0, 0, 0, 0, 1, 3, 3, 3, 2, 1, 3, 0, 1, 0, 0, 1, 3, 3, 2, 2], "predicted_labels": [1, 2, 2, 0, 3, 0, 2, 1, 2, 0, 3, 1, 1, 0, 1, 1, 0, 1, 2, 2, 3, 1, 2, 2, 1, 1, 3, 3, 1, 0, 1, 0, 3, 3, 0, 0, 3, 1, 0, 1, 3, 1, 3, 1, 1, 3, 3, 1, 1, 2, 3, 3, 3, 1, 1, 1, 1, 3, 3, 1, 1, 2, 2, 3, 3, 2, 1, 1, 1, 3, 2, 1, 2, 0, 3, 3, 2, 1, 2, 1, 0, 0, 0, 3, 3, 1, 0, 1, 2, 3, 1, 0, 1, 3, 1, 3, 1, 3, 0, 1, 0, 1, 0, 1, 3, 1, 1, 3, 1, 3, 3, 3, 0, 0, 3, 0, 0, 0, 0, 0, 1, 3, 3, 3, 0, 1, 1, 1, 0, 1, 1, 3, 0, 1, 3, 3, 0, 0, 0, 0, 3, 1], "confidence_scores": [[0.008600040420819025, 0.9226978818462203, 0.012634161177973169, 0.056067916554987524], [0.034128076707049496, 0.028933354292225814, 0.9028393029800684, 0.03409926602065617], [0.12674546101245213, 0.3147237854832502, 0.5424520914779899, 0.016078662026307873], [0.5474786691903656, 0.17213908715868748, 0.07484022671271849, 0.20554201693822843], [0.16786966447962268, 0.1321867338528804, 0.1539937490761219, 0.5459498525913751], [0.34255842258243707, 0.3249836470345477, 0.13286383443560448, 0.19959409594741076], [0.1285543682062901, 0.025237271370740853, 0.5812416227635264, 0.26496673765944273], [0.03736581274278787, 0.7232590859490287, 0.20651284036843598, 0.03286226093974763], [0.20524547457664696, 0.2176561865847404, 0.4208705110779675, 0.15622782776064525], [0.45877335947020703, 0.006542049281170503, 0.456615296572006, 0.07806929467661657], [0.20773508479966984, 0.15039207633461496, 0.3061907426220918, 0.33568209624362333], [0.02270791431835303, 0.8493705554509356, 0.025456396508650683, 0.10246513372206056], [0.03558939316965282, 0.7995483824901721, 0.0786895394082218, 0.08617268493195339], [0.676473084192212, 0.0064827052610925565, 0.017705021134477205, 0.2993391894122183], [0.13459746594947664, 0.674154482185276, 0.030682688995747442, 0.1605653628695], [0.016014741597758616, 0.5751324480159208, 0.3132512352919209, 0.09560157509439977], [0.6014501388050828, 0.23532108183118236, 0.0652598425516521, 0.09796893681208277], [0.17190355857648532, 0.7195693595051883, 0.07754602025086302, 0.030981061667463353], [0.003519596993954878, 0.011094307040417714, 0.9463738426792744, 0.039012253286352945], [0.16084257638046037, 0.1028696460703513, 0.5604087353711693, 0.17587904217801903], [0.03182207743334088, 0.07116959055412549, 0.18065163537796983, 0.7163566966345638], [0.012917274420359167, 0.4590653619570725, 0.08304139788657516, 0.4449759657359932], [0.07286437813453302, 0.2537965899881191, 0.5164560838952917, 0.15688294798205613], [0.01496985942970632, 0.12545120167159324, 0.8420385499465965, 0.01754038895210392], [0.3184646457486297, 0.35485431712501364, 0.30319074161294524, 0.023490295513411474], [0.2698374556410851, 0.507893365280141, 0.21908106912501318, 0.00318810995376088], [0.029495028258006116, 0.35425033803513295, 0.006446734879711498, 0.6098078988271494], [0.18912842424266407, 0.018717338754132035, 0.13990496701818594, 0.652249269985018], [0.020931402381164702, 0.7564305078080338, 0.1858238116782707, 0.036814278132530895], [0.4396970699062877, 0.05020265304014554, 0.41336921486117634, 0.09673106219239053], [0.13154002014706273, 0.35519122444692036, 0.2442269364712382, 0.26904181893477863], [0.6841388566070359, 0.08120426986512004, 0.15156158428816566, 0.08309528923967831], [0.05220782390868981, 0.09435695488061872, 0.005741315543066311, 0.8476939056676253], [0.11118737622776807, 0.006475866464213397, 0.0033907948260308894, 0.8789459624819876], [0.8530691274637712, 0.0065512679738561124, 0.10930988471132047, 0.031069719851052287], [0.512221489801763, 0.1807561537823347, 0.037543463250011073, 0.2694788931658912], [0.04458204253028187, 0.2370682449926085, 0.09046759632559098, 0.6278821161515186], [0.05952815598754245, 0.44044716241850934, 0.11574869557591991, 0.38427598601802837], [0.6870461692734178, 0.03294639626825084, 0.12068823807247094, 0.1593191963858603], [0.046684436758694554, 0.5862429030534273, 0.1491596023881152, 0.21791305779976283], [0.27689249131359467, 0.26806804502015674, 0.018343349575470444, 0.4366961140907782], [0.19778688891867663, 0.6122969538755023, 0.1621644825032644, 0.027751674702556597], [0.07441460236842964, 0.007798028186623198, 0.016107295864672255, 0.9016800735802748], [0.01377121531788485, 0.9095016676924363, 0.05133244929476168, 0.02539466769491714], [0.005835994305471443, 0.880279652050432, 0.05840177100978333, 0.05548258263431323], [0.2529993900025984, 0.2459854867918161, 0.02047555433827964, 0.480539568867306], [0.041229108533662726, 0.06970377706208, 0.09673805367897717, 0.7923290607252801], [0.0687464201472776, 0.9043686455070976, 0.0208788771937542, 0.006006057151870577], [0.06915126116746165, 0.657664794366761, 0.01799060757000808, 0.2551933368957692], [0.024473412278236552, 0.2032807847278279, 0.6241948121647113, 0.14805099082922413], [0.3645484957926528, 0.0752867756247576, 0.18905474846387127, 0.37110998011871843], [0.06738475844657058, 0.3609383948544926, 0.06546507488416013, 0.5062117718147767], [0.058944076669654524, 0.027274889431532785, 0.27684636260698964, 0.6369346712918229], [0.3042590903468526, 0.5381255610175651, 0.030231663015527765, 0.12738368562005453], [0.03725483218176756, 0.874087322718928, 0.05814431865184044, 0.030513526447464117], [0.17936087750977683, 0.5159143271439004, 0.19837691308013414, 0.1063478822661886], [0.03784222516886477, 0.9531005563710937, 0.004798862743038892, 0.004258355717002545], [0.21037902601130257, 0.3075648811672412, 0.11668083277294342, 0.3653752600485129], [0.02134003547223478, 0.0024935672047728683, 0.0014904775927183406, 0.9746759197302741], [0.13327272520774894, 0.5067762329922877, 0.07123299585872002, 0.28871804594124345], [0.029630026503902795, 0.8719302312878465, 0.013574998875266775, 0.08486474333298401], [0.037502756773956605, 0.20052918523502125, 0.6758898504573487, 0.08607820753367329], [0.06140786636313197, 0.3733792230562086, 0.41701294566333946, 0.14819996491732007], [0.014274591512842523, 0.12909656176271592, 0.0019775937349194718, 0.854651252989522], [0.10071592564416622, 0.15793838603189178, 0.2114803215064227, 0.5298653668175194], [0.09862169212075997, 0.34216952588319327, 0.47787622376257555, 0.08133255823347132], [0.18010635253817903, 0.4416166422878936, 0.16702091666779065, 0.21125608850613684], [0.3353772715853187, 0.3545643685322671, 0.26052451863400905, 0.04953384124840512], [0.034801321308749876, 0.7218113735249537, 0.22142914968563224, 0.021958155480664075], [0.013698178751123604, 0.36596266847465536, 0.04539723823731868, 0.5749419145369024], [0.009412631708416781, 0.04027363433744686, 0.9224376277441995, 0.02787610620993684], [0.022167862089135702, 0.9486924348330885, 0.028513843583449747, 0.0006258594943261381], [0.30825766833683915, 0.25695771007242946, 0.3678607048005008, 0.06692391679023059], [0.7649820461317003, 0.020023902421224676, 0.03474455153522488, 0.1802494999118501], [0.03808909097735605, 0.20647242185867787, 0.12121821127277835, 0.6342202758911878], [0.04393683855191934, 0.1458079219896888, 0.009870642766504947, 0.8003845966918869], [0.038975704366200147, 0.040082545882957565, 0.8480325860206255, 0.07290916373021682], [0.023043525166160032, 0.7236375984394092, 0.026054513404027962, 0.22726436299040287], [0.038771459435636965, 0.05447550770054791, 0.4547834497308604, 0.4519695831329548], [0.045557805917213326, 0.8608481385011307, 0.05910832013688844, 0.03448573544476733], [0.48613366567383576, 0.31113622530914403, 0.05715811545382889, 0.14557199356319145], [0.6135014194804178, 0.1972701944392524, 0.015365256991473952, 0.17386312908885582], [0.7403560427376139, 0.032002179736728247, 0.2114483474806267, 0.016193430045031067], [0.01975122806010708, 0.02386350195953272, 0.0344082836728492, 0.921976986307511], [0.06463492607883077, 0.3892720715546789, 0.13799303337921714, 0.40809996898727324], [0.2197100152007977, 0.4058061696995857, 0.007849844791571093, 0.36663397030804534], [0.6689836974525798, 0.007129186076265653, 0.07542814102734258, 0.248458975443812], [0.007156773399707648, 0.5620105977065762, 0.0035239755993569056, 0.42730865329435913], [0.038254635165947105, 0.22941333092659286, 0.6544245010078628, 0.07790753289959731], [0.2711112576509175, 0.1811014272814185, 0.05775000383231895, 0.49003731123534494], [0.12487165238612201, 0.4360460691955443, 0.06464247070168745, 0.37443980771664626], [0.7045952185923351, 0.20580954842311489, 0.01308978241727566, 0.07650545056727444], [0.14939024612889018, 0.6083161549163825, 0.017245612950836035, 0.22504798600389117], [0.1070378908844569, 0.11431361415548066, 0.13823088206285217, 0.6404176128972102], [0.08522144843020805, 0.8391897819860229, 0.05273775527292992, 0.02285101431083921], [0.17509056285423702, 0.011127702927589465, 0.15005431085802307, 0.6637274233601503], [0.3631182397206781, 0.383859386370094, 0.20725612181092873, 0.04576625209829929], [0.09431501342588945, 0.013025386837690082, 0.08033386721706018, 0.8123257325193602], [0.726475276024462, 0.1495223834964895, 0.014825577300948505, 0.10917676317810002], [0.073114096776244, 0.856511933743758, 0.05926783718514198, 0.01110613229485601], [0.541095524954742, 0.15772434291772242, 0.09338248445253892, 0.20779764767499664], [0.024571957158287513, 0.555584691644778, 0.008389607624437988, 0.41145374357249653], [0.6500721466902171, 0.15605698269499246, 0.007315247703702967, 0.18655562291108743], [0.27351533371428527, 0.6346621159642045, 0.04209121593240691, 0.04973133438910322], [0.0019519319084514816, 0.41394498927685297, 0.0039031248556255205, 0.58019995395907], [0.1420528767654414, 0.7467325377442211, 0.016388743890161227, 0.09482584160017624], [0.040892452758813404, 0.4326223302139891, 0.12218813009700338, 0.404297086930194], [0.33602179933045956, 0.10479538856873889, 0.1125865619460325, 0.44659625015476906], [0.13621056742831927, 0.5592768929110322, 0.020960540483906862, 0.2835519991767415], [0.2487558408881258, 0.047924845047689575, 0.10956497267544961, 0.593754341388735], [0.3833834595296211, 0.05061252537585488, 0.006556457724466989, 0.559447557370057], [0.03142215376787918, 0.24458233120878206, 0.03824242222599101, 0.6857530927973478], [0.5879652028960075, 0.09520736549520134, 0.11851018519086988, 0.19831724641792148], [0.48425594870228006, 0.4559053662478745, 0.012293812095167295, 0.047544872954678075], [0.2035586955481852, 0.04157828413665723, 0.18274446151744095, 0.5721185587977166], [0.4378858324981385, 0.26711836686765006, 0.18450831450251334, 0.11048748613169813], [0.6600889695194487, 0.1814340443708468, 0.15198660673541017, 0.006490379374294368], [0.3547273770236013, 0.30949907137177535, 0.0073583067913782435, 0.3284152448132451], [0.6493473550388031, 0.3125564309673013, 0.03580087870335958, 0.0022953352905359034], [0.7685826756624519, 0.1123125563733558, 0.013072273926267773, 0.10603249403792463], [0.21412478642062413, 0.4731141933264289, 0.04136182169347641, 0.2713991985594706], [0.29826766950164996, 0.1549005934999276, 0.12115476751928649, 0.425676969479136], [0.03756588778687677, 0.14415674553737512, 0.01160317114216799, 0.8066741955335801], [0.05774682329913551, 0.09339738636232789, 0.0037856307162485972, 0.845070159622288], [0.9721154508224278, 0.00020206528856747053, 0.005528196619541302, 0.022154287269463592], [0.15674204063485148, 0.7164058290803426, 0.04986053635410713, 0.07699159393069893], [0.07935708324072853, 0.8595081441030724, 0.012280172025519573, 0.0488546006306794], [0.03090965717032345, 0.9509746445253673, 0.014494877105797508, 0.003620821198511663], [0.6960563046254065, 0.18261763898935301, 0.022414773280623558, 0.09891128310461701], [0.1752198813657216, 0.5745331202859832, 0.05165159444227165, 0.19859540390602345], [0.015579339816795377, 0.5059606440594586, 0.31088151366346367, 0.16757850246028236], [0.08495938138438668, 0.2549845901804416, 0.026401207907127508, 0.6336548205280441], [0.5848162073878636, 0.009235809959126252, 0.0403145153952306, 0.36563346725777957], [0.03901214565412956, 0.8506946589197041, 0.005255158765920435, 0.1050380366602458], [0.08326674110235452, 0.007088602389651829, 0.01020298719015716, 0.8994416693178365], [0.013748212272823152, 0.09205438968197999, 0.04220553758708089, 0.8519918604581159], [0.6149458417978809, 0.21030101313346994, 0.021584219239938765, 0.15316892582871025], [0.7048806681459123, 0.024429359845532347, 0.19260538465032856, 0.07808458735822674], [0.6832559838937952, 0.022345373727550754, 0.2191891538529263, 0.0752094885257278], [0.39309238305127076, 0.28853567335371455, 0.07490472396134333, 0.24346721963367143], [0.10653865923517078, 0.25923756579866924, 0.03795611553134245, 0.5962676594348174], [0.002544801371357959, 0.9388408241833803, 0.006289286170736147, 0.052325088274525394]]}}