{"test": {"ids": ["101109000", "110116170", "113119700", "105113620", "112120670", "109114030", "113118870", "101113210", "105113210", "102109840", "108120621", "111116530", "113119120", "113121410", "108118630", "104119290", "98112580", "111119950", "110121720", "110121170", "113119930", "102110750", "99109860", "106115250", "112116640", "104114240", "109116930", "109121351", "111115910", "111115770", "108118301", "107121230", "111115620", "97106600", "112118930", "101108460", "103111990", "112116290", "99108330", "110119030", "107119950", "104117200", "111119430", "108114670", "106113360", "105116860", "113118620", "106116120", "111117000", "100113210", "110118450", "112117210", "104111990", "99113260", "99117740", "112120540", "113122510", "113118820", "106116640", "105115380", "113120601", "108113760", "113117340", "109115380", "113120260", "111114321", "108115250", "100113370", "102110050", "108121160", "103110220", "106118520", "101108080", "110118701", "112121410", "108115500", "100120010", "105113330", "109116040", "108121410", "112119610", "107113260", "112116850", "99112531", "97109570", "103111930", "98107340", "111119610", "108113740", "108117720", "109119010", "112117030", "110113591", "113122230", "102109850", "101115190", "99111620", "97109080", "112118581", "98113881", "101108290", "106116441", "109114720", "97105760", "100110050", "109115220", "105110251", "110117500", "112117660", "103112641", "103109641", "109118161", "109117110", "98110680", "106115120", "106119990", "97106591", "110118161", "105116501", "112119580", "99109311", "112119450", "102107961", "113118111", "99119830", "99111340", "113118511", "110120700", "110120560", "110118880", "102113981", "104117630", "103118110", "100108490", "103113640", "100111270", "98120010", "106113190", "109116170", "98111231", "98116090", "98112170"], "labels": [1, 0, 0, 0, 2, 1, 0, 3, 3, 2, 1, 3, 3, 0, 1, 1, 2, 0, 3, 2, 1, 1, 2, 2, 0, 0, 0, 0, 2, 3, 1, 0, 1, 3, 1, 0, 2, 0, 1, 0, 3, 3, 3, 3, 0, 2, 3, 1, 0, 0, 0, 1, 2, 0, 2, 3, 2, 0, 3, 1, 2, 1, 2, 3, 3, 1, 1, 3, 3, 2, 2, 2, 0, 3, 0, 3, 0, 3, 0, 0, 0, 0, 0, 3, 0, 3, 0, 2, 3, 1, 3, 2, 0, 1, 1, 1, 3, 2, 1, 3, 0, 0, 0, 0, 3, 3, 0, 1, 0, 3, 1, 0, 1, 2, 1, 0, 1, 0, 1, 3, 1, 3, 3, 1, 1, 1, 1, 2, 0, 0, 1, 0, 2, 2, 1, 2, 2, 0, 0, 1, 0, 3], "predicted_labels": [3, 1, 1, 1, 2, 1, 1, 3, 3, 1, 1, 1, 3, 3, 1, 1, 3, 3, 1, 1, 1, 2, 1, 2, 1, 1, 1, 3, 1, 1, 3, 1, 3, 3, 3, 1, 1, 0, 1, 1, 3, 3, 3, 1, 1, 0, 1, 1, 1, 3, 1, 2, 1, 1, 3, 3, 1, 0, 3, 3, 1, 1, 2, 1, 1, 1, 3, 1, 3, 1, 3, 1, 0, 3, 0, 1, 2, 0, 3, 1, 2, 0, 3, 1, 1, 1, 3, 1, 0, 3, 2, 3, 0, 2, 1, 1, 1, 1, 1, 1, 3, 0, 2, 3, 1, 3, 1, 1, 3, 3, 3, 1, 1, 2, 0, 1, 3, 1, 1, 2, 1, 3, 1, 3, 3, 1, 1, 1, 1, 3, 1, 0, 3, 1, 3, 1, 1, 3, 3, 1, 1, 3], "confidence_scores": [[0.24692278109466156, 0.27316205808389854, 0.2004603736021439, 0.27945478721929623], [0.17286051298421387, 0.32774202509350175, 0.1692275331946759, 0.33016992872760853], [0.2246737922594315, 0.3044751334129253, 0.1944232221842302, 0.27642785214341264], [0.26091870645101284, 0.29436230593383905, 0.15304782813396237, 0.2916711594811858], [0.13979170240980837, 0.3126135991850751, 0.2781752744539172, 0.26941942395119967], [0.21316223880857785, 0.2922336469509103, 0.21291301346191258, 0.2816911007785995], [0.18279575973150478, 0.3088402155777496, 0.2162421706689596, 0.2921218540217858], [0.17254238427965565, 0.3060941422594889, 0.2251195356861702, 0.29624393777468516], [0.24737423862648053, 0.2766272034092881, 0.14286611603613147, 0.33313244192809993], [0.18724981415561714, 0.3060227564122536, 0.25276888458384583, 0.2539585448482835], [0.258985755633367, 0.3101818395434643, 0.13686410742226812, 0.2939682974009006], [0.27328391628899806, 0.2901031679363642, 0.1410045236797398, 0.2956083920948978], [0.22308225200599702, 0.2731979853899763, 0.19568323930493953, 0.3080365232990872], [0.2301488551615018, 0.2965142604546285, 0.12508541457621886, 0.348251469807651], [0.12123793591139978, 0.33551025946485735, 0.21133244084196479, 0.33191936378177805], [0.09229455773768097, 0.3495378027015727, 0.2504683741251215, 0.3076992654356246], [0.18262801636246873, 0.30236873879069565, 0.20909083806453993, 0.30591240678229564], [0.2631613001763215, 0.27787587273260117, 0.1557627454659476, 0.30320008162512957], [0.25748216654203815, 0.28508416917193363, 0.19218077761983024, 0.265252886666198], [0.17932642483811895, 0.29800196631648657, 0.2525068991520522, 0.2701647096933421], [0.28221139614378427, 0.28641163579272505, 0.1415598172238531, 0.2898171508396376], [0.13411164096106218, 0.32888001426078284, 0.3024550228984603, 0.23455332187969455], [0.20255969234797025, 0.29768817330640757, 0.22410595583460388, 0.2756461785110182], [0.16842204620425766, 0.30094167295862917, 0.26711199023551824, 0.2635242906015948], [0.23882654013112192, 0.2911585588836272, 0.16550556555750637, 0.3045093354277445], [0.17962998345241957, 0.32241360119367163, 0.1967231144187222, 0.30123330093518674], [0.14671244091756103, 0.30845155486215464, 0.2535804165001507, 0.2912555877201337], [0.23294490548080848, 0.29622421855200065, 0.14950659781196723, 0.3213242781552234], [0.1420939354898799, 0.3207256979148503, 0.2596598937520965, 0.2775204728431732], [0.18392201846249018, 0.31912972730225403, 0.21848152507862115, 0.27846672915663484], [0.2515097472540157, 0.29348870634330715, 0.1264110537143471, 0.3285904926883301], [0.1275660830552962, 0.33989222018320264, 0.1910625219697495, 0.3414791747917516], [0.23395672611976698, 0.27576318794008114, 0.1952743463790391, 0.2950057395611127], [0.25512036381900616, 0.2534642711001854, 0.18941262880476248, 0.3020027362760458], [0.28632168988361895, 0.26917616748362494, 0.11597260061341814, 0.3285295420193381], [0.22121026734999977, 0.30131534729020043, 0.18762347045506228, 0.2898509149047376], [0.19053527336995357, 0.31305168006376305, 0.18614808057073626, 0.31026496599554737], [0.27448250482770503, 0.2815112041207883, 0.14256367048231008, 0.30144262056919646], [0.1375977426174896, 0.32141536551017125, 0.2435617325475653, 0.2974251593247742], [0.2588163989447819, 0.28854747994272023, 0.15397324523789505, 0.29866287587460255], [0.21700202525271223, 0.2931060941351027, 0.1653010716297055, 0.3245908089824796], [0.1849139455802869, 0.3031329046809101, 0.18789882692888177, 0.32405432280992125], [0.17154253542653558, 0.3157688537008826, 0.19093809373435638, 0.32175051713822544], [0.21108796948009423, 0.2953230836257761, 0.21891753737557162, 0.27467140951855806], [0.1355956117671584, 0.33439075273085145, 0.22182539804809617, 0.30818823745389384], [0.301067475244138, 0.2798172137219043, 0.13282447043302714, 0.2862908406009307], [0.23141653299029458, 0.29649940242545825, 0.180444121695475, 0.29163994288877226], [0.196888712324851, 0.31861648485567856, 0.17326958523930427, 0.3112252175801661], [0.18655236323099716, 0.3265550620505862, 0.17589608836869816, 0.3109964863497186], [0.28297662426398035, 0.26632603625267837, 0.13668828887562523, 0.3140090506077164], [0.18554705471319952, 0.3012473180975478, 0.2253824492963484, 0.2878231778929042], [0.21414249986098843, 0.29621899026700693, 0.24863335473033749, 0.24100515514166712], [0.20621475824880173, 0.3145181228629348, 0.20541561942426526, 0.27385149946399795], [0.1755885613142653, 0.30957632804819063, 0.248115113691778, 0.26671999694576626], [0.2493387146840907, 0.26813987470455053, 0.1998226056963697, 0.28269880491498917], [0.24399188575662492, 0.2866092227356217, 0.16186137426184607, 0.3075375172459074], [0.21312492249135134, 0.28684501054671774, 0.2385212743239283, 0.2615087926380023], [0.3037539512813681, 0.264822700539685, 0.11766533508140885, 0.3137580130975381], [0.25021239722636013, 0.2610709579705149, 0.16839108637371528, 0.3203255584294097], [0.23660350132599975, 0.28703894054050016, 0.17905409929680036, 0.2973034588366998], [0.21270496721890966, 0.29348683019561095, 0.19972106000024376, 0.2940871425852358], [0.24579463417120592, 0.27839300650372667, 0.19084479784192585, 0.28496756148314156], [0.10033489943932093, 0.3335962333085915, 0.2748952783696326, 0.29117358888245515], [0.1180513049181288, 0.3248443639771278, 0.25766345850690175, 0.29944087259784163], [0.17667880768401834, 0.3096156504563349, 0.23127406726617417, 0.28243147459347284], [0.19773333269964316, 0.32355608741798975, 0.19865286401114934, 0.2800577158712172], [0.18198832759136005, 0.30041516880127406, 0.20736446139047918, 0.31023204221688677], [0.18198379514307492, 0.3026977957521493, 0.22693806002274863, 0.2883803490820271], [0.17500775806211571, 0.30775384040913056, 0.2049512832997602, 0.3122871182289935], [0.23151354949299321, 0.3018251461628688, 0.17118536434642062, 0.29547593999771715], [0.15985595627695715, 0.30561271938883333, 0.2141255383452285, 0.3204057859889811], [0.23883847398171237, 0.3094256550089177, 0.13550979825489112, 0.31622607275447856], [0.28971015188533744, 0.28342775694560335, 0.10576903810113857, 0.3210930530679204], [0.19836076111841647, 0.2930963929910261, 0.21880714955041802, 0.2897356963401397], [0.2553769767972811, 0.2789917300995992, 0.1652912799682224, 0.3003400131348972], [0.18488590559045265, 0.30558983050575406, 0.21693558412666855, 0.2925886797771249], [0.19479633476606703, 0.28604962607026907, 0.24789804476517766, 0.27125599439848624], [0.3205826821727425, 0.2414724516840839, 0.1524655565915267, 0.2854793095516468], [0.15787325152526613, 0.31193505459181314, 0.2118780733488797, 0.3183136205340408], [0.25178692534034636, 0.3106881751356024, 0.11538764375721904, 0.3221372557668323], [0.18464682015151895, 0.3020705916427921, 0.2594520950418413, 0.25383049316384765], [0.30356197537609947, 0.27719083036011394, 0.1390727130360503, 0.2801744812277362], [0.2424553255575828, 0.27532904785173845, 0.18408853400757844, 0.29812709258310044], [0.24203488693132275, 0.3002614757158221, 0.13934956200791704, 0.3183540753449381], [0.18611443943384787, 0.3117367811984735, 0.2021439166632158, 0.3000048627044627], [0.24568081029646985, 0.29064167089804543, 0.18615265216743934, 0.2775248666380456], [0.1463712183877429, 0.3063568520224878, 0.2446860960486419, 0.3025858335411277], [0.11414333449538781, 0.33923431763775225, 0.30804881623532954, 0.23857353163153022], [0.32316970822157465, 0.2324027926638339, 0.1704208760061611, 0.27400662310843027], [0.21131665219220902, 0.2817790896983618, 0.18902244869920792, 0.31788180941022126], [0.11626089947227275, 0.3289646838727219, 0.28215797348556315, 0.2726164431694423], [0.20278702010577554, 0.28604658420640044, 0.18382050984016812, 0.3273458858476559], [0.2970400741028284, 0.2654859464481443, 0.1253094666927368, 0.3121645127562903], [0.15806057318478858, 0.3060140979714232, 0.27116209590218426, 0.264763232941604], [0.18665746689592627, 0.309094088012167, 0.22905299278143804, 0.27519545231046855], [0.14572224176951226, 0.3127775248399446, 0.24704955780667362, 0.29445067558386945], [0.1448147167528094, 0.3210795189885343, 0.250128284664644, 0.2839774795940122], [0.10819768832281546, 0.3316343442717607, 0.2597909113306905, 0.30037705607473353], [0.20622957867312328, 0.3005571044735143, 0.1909431809606016, 0.30227013589276075], [0.20769702728227, 0.3139560186906969, 0.2007429431229086, 0.27760401090412457], [0.29958476023859637, 0.2604382779046632, 0.12018420973151729, 0.3197927521252232], [0.27714212882008576, 0.27908308886706057, 0.16308388152231645, 0.28069090079053727], [0.13312785414584655, 0.3088661847472706, 0.28856916757271367, 0.26943679353416916], [0.13988654069966977, 0.30911893226107023, 0.23946044529230764, 0.31153408174695263], [0.21604346685672107, 0.2959763247825846, 0.1739060407603246, 0.31407416760036977], [0.1500216321349313, 0.31004681039956056, 0.23963069043352397, 0.300300867031984], [0.18310530137223804, 0.3187393387988687, 0.19709693037137116, 0.30105842945752226], [0.2367561007272715, 0.3005796961095044, 0.1662768208795125, 0.29638738228371125], [0.19872830040480413, 0.29466780971347906, 0.20280452033123897, 0.30379936955047804], [0.22349640800442272, 0.2856602199312176, 0.19037645943002296, 0.30046691263433667], [0.2206016900824124, 0.27802048558190723, 0.19821479604381648, 0.3031630282918635], [0.2535759731938886, 0.2986445866837031, 0.14635606354882402, 0.3014233765735843], [0.18456933581566573, 0.30977201177267916, 0.20565609581190827, 0.30000255659974656], [0.134850558291208, 0.32086610249838493, 0.3024435941191715, 0.24183974509123546], [0.2971879608839134, 0.277196015104482, 0.13273473160948926, 0.2928812924021151], [0.20050083255888537, 0.309282270534292, 0.17390141555924646, 0.3163154813475762], [0.19931678809804915, 0.2893843520188095, 0.21791625187428856, 0.29338260800885285], [0.2573991210420106, 0.2956507442184505, 0.15629259826480016, 0.2906575364747386], [0.27099996814866445, 0.2941906427914555, 0.11175011029471724, 0.32305927876516277], [0.19570330850422482, 0.2842098472973901, 0.23652107228811134, 0.28356577191027393], [0.15956002228000368, 0.3118994915830002, 0.22692540314698006, 0.30161508299001616], [0.2508547291914153, 0.2886182498868792, 0.1181475850860912, 0.3423794358356143], [0.2461956239515946, 0.29137126830520627, 0.1946826806978618, 0.26775042704533764], [0.24990530632448885, 0.2771909445285149, 0.15880445623947173, 0.31409929290752436], [0.1753199669406743, 0.3052190541383999, 0.20678371910438725, 0.31267725981653816], [0.14642198330579803, 0.32434500862217674, 0.26426893878265084, 0.26496406928937455], [0.22257269716632472, 0.2901954477868109, 0.22266941150864422, 0.2645624435382206], [0.1971999664260664, 0.29831095268286517, 0.21323769152668795, 0.2912513893643806], [0.16664039093294844, 0.310819466413232, 0.24739620800755294, 0.27514393464626685], [0.27515454445312454, 0.2698117186662955, 0.12067600126837341, 0.3343577356122066], [0.2273032053400005, 0.31279715857677604, 0.16940759218278967, 0.290492043900434], [0.28819496567784103, 0.27187513597095136, 0.14666610548219153, 0.29326379286901616], [0.22115645035350973, 0.2979723315673927, 0.17033547080201897, 0.31053574727707883], [0.20875371786479116, 0.28778980893823686, 0.22401067843735176, 0.2794457947596202], [0.31028116859174154, 0.2615590196534647, 0.101218173145966, 0.3269416386088274], [0.16877138579040107, 0.31133386769624133, 0.2635992434812507, 0.2562955030321069], [0.19911918599582124, 0.30301401526611815, 0.2258819601253012, 0.2719848386127595], [0.19804000417714945, 0.29803937294698685, 0.1847345328851229, 0.319186089990741], [0.15032706513775163, 0.3186653327952946, 0.19918990674990816, 0.3318176953170459], [0.22207048503222232, 0.30542021934055436, 0.16878492773265963, 0.3037243678945637], [0.2021290567876827, 0.31894464456663735, 0.15009727612187385, 0.328829022523806], [0.25026529362808353, 0.26471555879131164, 0.16069179135852596, 0.32432735622207887]]}, "rewritten": {"ids": ["97105760", "97106591", "97106600", "97109080", "97109570", "98107340", "98110680", "98111231", "98112170", "98112580", "98113881", "98116090", "98120010", "99108330", "99109311", "99109860", "99111340", "99111620", "99112531", "99113260", "99117740", "99119830", "100108490", "100110050", "100111270", "100113210", "100113370", "100120010", "101108080", "101108290", "101108460", "101109000", "101113210", "101115190", "102107961", "102109840", "102109850", "102110050", "102110750", "102113981", "103109641", "103110220", "103111930", "103111990", "103112641", "103113640", "103118110", "104111990", "104114240", "104117200", "104117630", "104119290", "105110251", "105113210", "105113330", "105113620", "105115380", "105116501", "105116860", "106113190", "106113360", "106115120", "106115250", "106116120", "106116441", "106116640", "106118520", "106119990", "107113260", "107119950", "107121230", "108113740", "108113760", "108114670", "108115250", "108115500", "108117720", "108118301", "108118630", "108120621", "108121160", "108121410", "109114030", "109114720", "109115220", "109115380", "109116040", "109116170", "109116930", "109117110", "109118161", "109119010", "109121351", "110113591", "110116170", "110117500", "110118161", "110118450", "110118701", "110118880", "110119030", "110120560", "110120700", "110121170", "110121720", "111114321", "111115620", "111115770", "111115910", "111116530", "111117000", "111119430", "111119610", "111119950", "112116290", "112116640", "112116850", "112117030", "112117210", "112117660", "112118581", "112118930", "112119450", "112119580", "112119610", "112120540", "112120670", "112121410", "113117340", "113118111", "113118511", "113118620", "113118820", "113118870", "113119120", "113119700", "113119930", "113120260", "113120601", "113121410", "113122230", "113122510"], "labels": [0, 1, 3, 2, 0, 0, 2, 1, 3, 2, 3, 0, 2, 1, 1, 2, 1, 3, 3, 0, 2, 1, 2, 3, 2, 0, 3, 0, 0, 0, 0, 1, 3, 1, 3, 2, 1, 3, 1, 1, 1, 2, 3, 2, 3, 1, 2, 2, 0, 3, 0, 1, 0, 3, 3, 0, 1, 1, 2, 0, 0, 1, 2, 1, 0, 3, 2, 0, 0, 3, 0, 3, 1, 3, 1, 3, 1, 1, 1, 1, 2, 0, 1, 0, 3, 3, 0, 0, 0, 1, 0, 3, 0, 0, 0, 1, 0, 0, 3, 0, 0, 0, 2, 2, 3, 1, 1, 3, 2, 3, 0, 3, 2, 0, 0, 0, 0, 2, 1, 0, 1, 1, 3, 3, 0, 3, 2, 0, 2, 1, 1, 3, 0, 0, 3, 0, 1, 3, 2, 0, 1, 2], "predicted_labels": [3, 1, 1, 3, 3, 3, 2, 1, 3, 3, 1, 1, 1, 1, 3, 1, 1, 1, 1, 1, 3, 3, 1, 3, 1, 3, 3, 1, 0, 3, 0, 1, 3, 1, 1, 1, 1, 1, 1, 1, 3, 3, 0, 1, 1, 3, 3, 1, 1, 3, 0, 1, 3, 3, 0, 1, 1, 1, 0, 3, 1, 0, 2, 1, 1, 3, 1, 1, 1, 3, 1, 0, 1, 1, 3, 1, 3, 3, 1, 1, 1, 1, 3, 3, 3, 3, 3, 3, 3, 1, 1, 1, 3, 0, 3, 1, 3, 1, 3, 3, 1, 3, 3, 1, 3, 1, 3, 3, 1, 1, 3, 1, 1, 3, 1, 3, 3, 3, 1, 3, 1, 3, 3, 3, 3, 3, 2, 3, 2, 3, 1, 1, 3, 1, 3, 1, 1, 1, 3, 3, 1, 1], "confidence_scores": [[0.1526685442069144, 0.30326306188468216, 0.24333884138803014, 0.30072955252037364], [0.1881603319012118, 0.29794071275794864, 0.2325082273805231, 0.28139072796031644], [0.18419104696279737, 0.30168409115850797, 0.2174626878839295, 0.29666217399476535], [0.17048027319297343, 0.31005571482936894, 0.20514502443212923, 0.3143189875455284], [0.18859884897608653, 0.30156924715162803, 0.20694193398594835, 0.3028899698863372], [0.14836802873591154, 0.3091686738048348, 0.23148486082044528, 0.3109784366388081], [0.20116739052868476, 0.2982552742649675, 0.2528464036192069, 0.2477309315871408], [0.267096509322364, 0.29275194210116623, 0.14645523691582438, 0.2936963116606456], [0.2316965362402096, 0.28185245826865923, 0.16576391423310927, 0.32068709125802203], [0.20396782453210865, 0.2958751880973009, 0.17988432135683222, 0.32027266601375814], [0.189730377743102, 0.30410558270838434, 0.2316932131955204, 0.27447082635299314], [0.20999188320679227, 0.3111793614629066, 0.16456552389540957, 0.31426323143489143], [0.2164133710573246, 0.28885322637585503, 0.2176488766220149, 0.2770845259448056], [0.16337417424923706, 0.31724851410901644, 0.21505788589391547, 0.30431942574783116], [0.18323144604887626, 0.29989304889982954, 0.21535915611012418, 0.30151634894117013], [0.20220482006458362, 0.2985819989496444, 0.21132687050204255, 0.2878863104837294], [0.14262088910075302, 0.32492051778579145, 0.25059537413366556, 0.28186321897979], [0.1813909687428636, 0.3100239919593233, 0.20600526750698914, 0.30257977179082407], [0.2296198437872531, 0.30601222955249224, 0.14549633110912408, 0.3188715955511306], [0.1846181863941867, 0.30928912940410347, 0.24532822118570757, 0.2607644630160021], [0.23449650706622996, 0.27516018744250326, 0.2058947564338381, 0.28444854905742867], [0.1650171858038412, 0.3140331756377818, 0.2048524140560318, 0.31609722450234534], [0.23710802486739005, 0.28892846817739454, 0.17393828006364764, 0.3000252268915679], [0.1874456151490316, 0.31140243380897936, 0.17080939316495, 0.33034255787703914], [0.17935952025729718, 0.3057321834863057, 0.23835178131874948, 0.27655651493764755], [0.2754329439005356, 0.27222248726095266, 0.1308277379687948, 0.32151683086971694], [0.19027470016671624, 0.29339556472751077, 0.21923395648747504, 0.29709577861829767], [0.19151391654617625, 0.2956368065632894, 0.24281673464035866, 0.27003254225017587], [0.2915312856984788, 0.27931429411634817, 0.11082546812148371, 0.3183289520636892], [0.3095683776323853, 0.25154429153893937, 0.1162657135541237, 0.32262161727455146], [0.2739454184765564, 0.282348196265922, 0.14369661301263528, 0.30000977224488634], [0.2025992458257183, 0.2993423905422705, 0.20872486808919086, 0.2893334955428205], [0.18653008593942666, 0.3010521621571797, 0.21142842117348148, 0.3009893307299122], [0.14781934048344111, 0.3138832966528149, 0.25488437674873776, 0.28341298611500615], [0.23474892405682066, 0.2882384193601578, 0.22362085435071916, 0.2533918022323026], [0.16585500341137835, 0.315726493852848, 0.2508368634337105, 0.267581639302063], [0.21838882291249173, 0.30118453816132607, 0.20146895219321356, 0.2789576867329686], [0.19348197798123182, 0.3070246321965195, 0.18929774661781923, 0.3101956432044294], [0.2143374157557673, 0.29482089202480655, 0.2481430737979748, 0.24269861842145143], [0.24120630166603013, 0.30568175391176305, 0.160874709459546, 0.2922372349626608], [0.22292021444559307, 0.2874742756878602, 0.178438502781329, 0.3111670070852179], [0.1694502276683134, 0.30299867883390136, 0.21980267227823339, 0.3077484212195515], [0.30312205378417056, 0.2799741677106423, 0.13004488020526606, 0.28685889829992123], [0.20120064850634667, 0.30953777143066397, 0.19656511806753954, 0.29269646199544996], [0.2287986530108993, 0.28129116881286453, 0.20064499891987894, 0.28926517925635714], [0.3191073985471982, 0.2509743086390196, 0.09821572848092182, 0.33170256433286033], [0.22729868147336896, 0.2862086869152477, 0.17318466561042042, 0.31330796600096267], [0.24742683563156959, 0.29658284084268527, 0.15714311012755458, 0.29884721339819076], [0.2367278120255229, 0.2967171314667281, 0.15924237947754655, 0.30731267703020226], [0.18668256051627682, 0.31077165789314143, 0.18717210291515068, 0.3153736786754311], [0.3002700527476323, 0.2672597996186441, 0.1435058903087323, 0.28896425732499137], [0.1267969277345716, 0.33709209523371814, 0.2096408633057928, 0.3264701137259175], [0.2042351346688872, 0.3148858470668107, 0.1553009720752001, 0.32557804618910224], [0.24346896313620314, 0.2779562200888114, 0.13635062642049686, 0.34222419035448864], [0.3198297097959294, 0.24282624061161215, 0.13409117947280286, 0.3032528701196557], [0.26025266192134533, 0.29817571440586577, 0.15668516751231903, 0.28488645616047015], [0.21078528735665197, 0.3038998193119807, 0.18530358853601603, 0.30001130479535115], [0.2865007604304543, 0.2913751103887994, 0.10015092586059371, 0.32197320332015267], [0.2959592110069978, 0.2818251020317922, 0.1293467436135933, 0.2928689433476167], [0.2413579584562808, 0.2848644143837619, 0.15867071707377103, 0.31510691008618646], [0.20181190122709822, 0.3160475546885237, 0.1630678356328968, 0.3190727084514814], [0.30695091275639663, 0.26385915029165263, 0.1150866189106436, 0.3141033180413074], [0.1602098595353644, 0.3042170262237929, 0.2485357615901438, 0.2870373526506989], [0.23100644214427044, 0.3128009722776312, 0.1410969354885202, 0.31509565008957835], [0.2509070789734496, 0.30687120742619434, 0.14960583024372268, 0.29261588335663347], [0.2674989618179516, 0.2612611269817398, 0.1447989174915798, 0.32644099370872864], [0.2520266417944844, 0.29917189087071805, 0.13865757106972937, 0.31014389626506805], [0.21248276567009866, 0.30655491562857534, 0.16449619364269663, 0.31646612505862953], [0.2256458409484403, 0.2997708699810293, 0.17626551564025594, 0.2983177734302744], [0.19556205373184107, 0.29951157020951674, 0.1739632042425048, 0.33096317181613727], [0.16283894628315104, 0.33459136977887394, 0.17182911440319237, 0.3307405695347825], [0.317909512721923, 0.2473581482950042, 0.15137053779052392, 0.2833618011925489], [0.24180754271882887, 0.2840794776917165, 0.18788186133430101, 0.2862311182551539], [0.21825414517741537, 0.2994211069040198, 0.20607885991252906, 0.2762458880060356], [0.1815122828629557, 0.30719660373309887, 0.1879428608593213, 0.323348252544624], [0.22361382383594344, 0.2919834789337922, 0.18525469898233973, 0.2991479982479249], [0.21299118866903122, 0.28163654859085463, 0.1860173516027366, 0.31935491113737763], [0.23102830211654857, 0.30010177933205784, 0.13607901682086804, 0.3327909017305255], [0.13598528129743886, 0.33593190833213843, 0.18664909159225382, 0.3414337187781688], [0.2590031869513864, 0.30116419979776143, 0.15840705717338507, 0.28142555607746716], [0.24676464357785918, 0.29965960581678874, 0.14556544767156498, 0.3080103029337872], [0.24596676134683107, 0.304002932561677, 0.12512625629330962, 0.3249040497981823], [0.24334661420640913, 0.26629410621597793, 0.20361276421256186, 0.2867465153650509], [0.1471705450899869, 0.31018865509379834, 0.24311893075790145, 0.29952186905831335], [0.2046383760840134, 0.28812205962891324, 0.1819794697106166, 0.32526009457645655], [0.17005959298967638, 0.3084570108923185, 0.20435173170437507, 0.3171316644136297], [0.18378798851907543, 0.3124416700944927, 0.1700420861558788, 0.33372825523055333], [0.1589995331580581, 0.3186067882731592, 0.18835384723390053, 0.3340398313348822], [0.2182252530281051, 0.2646908220857473, 0.23593301631846358, 0.28115090856768393], [0.18818461502524927, 0.3085707461882044, 0.19450619122409393, 0.3087384475624525], [0.2516378783695132, 0.2984774864297972, 0.14501390968769567, 0.30487072551299393], [0.16940996066136846, 0.31158522041997455, 0.2069564473329906, 0.3120483715856665], [0.24771771934693598, 0.28626286640622656, 0.14934207469245359, 0.31667733955438404], [0.3092372016324153, 0.26754284581793764, 0.10862502449897277, 0.3145949280506743], [0.2609494860423257, 0.2862779365162233, 0.123201189947763, 0.32957138749368814], [0.22342288434403887, 0.30537719894439797, 0.17165293269579995, 0.29954698401576313], [0.23355601558202335, 0.30528168464463534, 0.13411632961872044, 0.32704597015462084], [0.1750779088023219, 0.3087053169253677, 0.22208182544319935, 0.2941349488291113], [0.17067478335603745, 0.3019731137767579, 0.21956789287018555, 0.3077842099970194], [0.2647805060047342, 0.26832770574720843, 0.13475110342427585, 0.3321406848237819], [0.2637288046369855, 0.29195038213207775, 0.13424005722323587, 0.31008075600770096], [0.22077602705930677, 0.30039340895340166, 0.18320722375067272, 0.2956233402366189], [0.23623888164399062, 0.2930353456458257, 0.15394224861354988, 0.31678352409663385], [0.1351182368491014, 0.33118997315801246, 0.21198671589797252, 0.3217050740949136], [0.2257436438608952, 0.2842940031112926, 0.1950048358935089, 0.2949575171343032], [0.18931482798001043, 0.32448845571590723, 0.20715074217029586, 0.2790459741337867], [0.24336846736919646, 0.277509230500754, 0.18183565877653657, 0.29728664335351307], [0.17526583626722333, 0.31404739912181473, 0.19123851904529013, 0.3194482455656721], [0.20733966819648317, 0.30093748650303764, 0.1991342980733068, 0.2925885472271726], [0.18440704135047392, 0.3175270009259109, 0.19659724092057526, 0.3014687168030397], [0.18559277324617696, 0.3096660228568314, 0.17816063925772802, 0.3265805646392634], [0.19098801343400154, 0.3134683174488865, 0.18321742868880295, 0.3123262404283093], [0.16215664881429737, 0.3203279413641349, 0.23425550525836236, 0.28325990456320543], [0.24087923039007117, 0.2827105572319548, 0.15208695336037292, 0.32432325901760156], [0.2556960427565137, 0.28971438589468984, 0.1482023022161835, 0.30638726913261294], [0.266096059775407, 0.28558137059344363, 0.12171800321438887, 0.3266045664167605], [0.2009280303231723, 0.29737474745699716, 0.1660099100262082, 0.335687312193622], [0.2174868802497341, 0.2968505197709928, 0.16149062843459883, 0.32417197154467414], [0.1939397654845379, 0.3042308829835351, 0.23106628339410995, 0.27076306813781725], [0.23618481481943837, 0.28821215646302456, 0.14786804071366488, 0.3277349880038724], [0.19973124551527968, 0.3061025477882535, 0.19228851609128883, 0.3018776906051777], [0.23890169344851253, 0.3026217579892227, 0.12283200207827417, 0.3356445464839906], [0.23963065567856892, 0.292168683650648, 0.11088678636536711, 0.3573138743054162], [0.20242209265085365, 0.28521612074382974, 0.2126589003871352, 0.29970288621818136], [0.23270107161778106, 0.2824332365718569, 0.19664304736602967, 0.28822264444433215], [0.2436014087139516, 0.29279942910900253, 0.16118264001359542, 0.3024165221634501], [0.15794495663886216, 0.3010071000401173, 0.259951600950033, 0.2810963423709874], [0.2233691329723659, 0.3124713753188508, 0.131268285316812, 0.33289120639197084], [0.15856527981399726, 0.3150228730190822, 0.24575636637115125, 0.28065548079576913], [0.2370668455500023, 0.28238427145223527, 0.14723370645980322, 0.33331517653795933], [0.24757867608431894, 0.28273464365264944, 0.1937809133588993, 0.2759057669041323], [0.2253878075510085, 0.30705628221784004, 0.16506053127884787, 0.3024953789523035], [0.2946391547841584, 0.27244905175051426, 0.11132747975964405, 0.32158431370568324], [0.20814717027515894, 0.3086540056221321, 0.17162582201848356, 0.3115730020842254], [0.23888342969442372, 0.26540898301518046, 0.18484714832170193, 0.31086043896869403], [0.23669328009594684, 0.30000006696294773, 0.18465270678939466, 0.2786539461517108], [0.24487378191689738, 0.30348137477030074, 0.15595900647131272, 0.29568583684148947], [0.20924591928356556, 0.3005420940057881, 0.19669446036509966, 0.29351752634554673], [0.1696678074201094, 0.30963679742517913, 0.20498161161608588, 0.3157137835386256], [0.2567639343953597, 0.2843641570628892, 0.10841261897969048, 0.3504592895620606], [0.22975013079871032, 0.2840388165474409, 0.22006810777886673, 0.26614294487498213], [0.21126455422676227, 0.2937754711426523, 0.2305161317955394, 0.26444384283504624]]}}