{"test": {"ids": ["107113260", "104111531", "110116441", "103110220", "99120010", "102109850", "98108580", "99108330", "111117571", "112118421", "103113270", "113121010", "109117730", "104117630", "106118301", "109116170", "102110890", "113122430", "105117200", "109121640", "108113740", "108113700", "99110730", "107117010", "110118181", "110117500", "108116120", "108115880", "110120700", "111119340", "102112250", "109116750", "101108370", "105113480", "110114321", "100115700", "104111711", "111115910", "109117431", "106119580", "107121540", "113120540", "112120540", "105116501", "110118161", "106119260", "108121190", "113118620", "108120621", "99108890", "104116800", "113120780", "107117630", "112116540", "105118740", "105120280", "112116290", "113122180", "112121410", "105113210", "98106560", "106113360", "112119120", "108120060", "98107010", "109119460", "98120010", "111119430", "104111830", "107118780", "106121190", "101119030", "111118301", "98107410", "98119591", "112118471", "104111620", "112116640", "98106111", "104113170", "101108080", "109119591", "99112531", "112117660", "112119450", "107119950", "111116100", "105113190", "108118630", "111116110", "110119300", "98108410", "113120280", "111118810", "112118890", "110115980", "111120540", "98112300", "97105451", "109120560", "105112100", "103120730", "100120780", "112120990", "108121410", "104114740", "109117630", "111119250", "113118870", "97106820", "107115250", "103113210", "97107260", "106113170", "101109120", "108115070", "111119930", "112118880", "113120260", "112116850", "98107380", "110120640", "108117451", "98110680", "102114270", "100111380", "112119580", "107113130", "103111110", "108121351", "103117461", "98110810", "105121190", "113119340", "109117150", "106116640", "100109910", "111116290", "113122650", "108120280", "110114610", "111119290"], "labels": [0, 0, 3, 2, 2, 1, 0, 1, 3, 3, 2, 2, 3, 0, 1, 0, 0, 2, 3, 0, 3, 0, 3, 1, 1, 1, 1, 3, 2, 3, 0, 0, 1, 0, 1, 1, 1, 2, 1, 3, 2, 3, 3, 1, 0, 1, 1, 3, 1, 0, 1, 0, 0, 1, 1, 3, 0, 2, 0, 3, 1, 0, 1, 1, 3, 1, 2, 3, 3, 1, 2, 3, 3, 3, 1, 1, 0, 0, 0, 3, 0, 0, 3, 0, 3, 3, 3, 3, 1, 3, 1, 1, 0, 0, 3, 1, 1, 2, 0, 1, 1, 1, 1, 2, 0, 2, 0, 1, 0, 1, 2, 3, 2, 0, 1, 1, 1, 1, 3, 0, 1, 0, 2, 2, 3, 3, 3, 1, 3, 3, 0, 1, 2, 0, 2, 3, 2, 2, 2, 3, 1, 3], "predicted_labels": [3, 1, 1, 1, 0, 3, 1, 1, 1, 3, 1, 3, 0, 1, 1, 0, 3, 1, 3, 3, 3, 3, 1, 1, 3, 3, 3, 3, 1, 3, 3, 0, 1, 1, 1, 3, 3, 1, 1, 1, 3, 1, 1, 1, 1, 3, 1, 1, 3, 1, 3, 0, 0, 1, 3, 1, 1, 3, 3, 3, 1, 0, 3, 1, 3, 1, 3, 3, 3, 3, 1, 3, 1, 3, 3, 1, 0, 3, 0, 3, 0, 1, 0, 3, 3, 3, 0, 3, 3, 1, 3, 1, 3, 3, 3, 3, 0, 0, 1, 3, 3, 3, 3, 3, 1, 1, 3, 0, 3, 3, 1, 1, 3, 1, 1, 1, 3, 0, 1, 3, 2, 3, 3, 0, 1, 0, 1, 1, 3, 0, 1, 1, 3, 0, 1, 3, 3, 1, 3, 3, 3, 3], "confidence_scores": [[0.23546697746697745, 0.28562715062715066, 0.1610701104451104, 0.31783576146076137], [0.2934138708513709, 0.3238247446997447, 0.143195492007992, 0.23956589244089252], [0.2423196803196803, 0.3059518953268954, 0.17574550449550447, 0.27598291985791984], [0.21509226884226887, 0.31476448551448555, 0.2502320596070596, 0.21991118603618587], [0.30934272671772683, 0.22932593795093795, 0.18983470695970703, 0.27149662837162836], [0.2273852813852814, 0.24413221500721505, 0.2608177308802309, 0.26766477272727285], [0.2503148934398935, 0.26222795954045963, 0.24827586996336998, 0.239181277056277], [0.22893363580863582, 0.2812637640137641, 0.22127286602286594, 0.26852973415473425], [0.26788257575757585, 0.3139852092352091, 0.1835007215007215, 0.23463149350649362], [0.27527398989899, 0.2712563449622273, 0.1609503968253968, 0.292519268313386], [0.16156572594072593, 0.323799852924853, 0.23580164280164273, 0.27883277833277825], [0.19618749306249306, 0.2784882675803728, 0.21768414662822558, 0.3076400927289086], [0.3049921695951107, 0.25738315442727205, 0.16460425685425684, 0.27302041912336034], [0.1952442459501283, 0.3113931623931624, 0.19792511165305274, 0.29543748000365644], [0.27829960317460317, 0.33219859307359306, 0.13216107503607502, 0.25734072871572883], [0.3003296564546565, 0.27171962759462764, 0.13323841436341433, 0.29471230158730166], [0.2358142135642135, 0.22343861693861697, 0.2259426406926408, 0.31480452880452886], [0.21369884976134976, 0.3332383658008658, 0.2016723692973693, 0.2513904151404151], [0.21058975746475744, 0.2527895715395716, 0.2152772366522367, 0.32134343434343426], [0.22019758509464388, 0.2794808802308803, 0.1752072510822511, 0.3251142835922247], [0.23092714230214229, 0.27132972582972587, 0.16078839216339208, 0.3369547397047397], [0.18871103896103897, 0.26085515873015874, 0.21781908369408368, 0.3326147186147186], [0.21357568820068829, 0.2900557755153344, 0.2373111769766182, 0.2590573593073593], [0.20102081252081244, 0.31753250404566197, 0.2053535908535909, 0.2760930925799347], [0.270444715007215, 0.2564713524469881, 0.15444002372392202, 0.318643908821875], [0.25016956654456657, 0.2606647241647242, 0.1478816183816183, 0.341284090909091], [0.22574192474192475, 0.23372177822177817, 0.2112019508269509, 0.3293343462093463], [0.26611333111333113, 0.23945039682539676, 0.17856403318903322, 0.3158722388722389], [0.24149134199134192, 0.3217123015873017, 0.1572278138528138, 0.2795685425685427], [0.2289931457431458, 0.23980717893217882, 0.24686165223665232, 0.2843380230880232], [0.23171534021534018, 0.22988780663780667, 0.21235173160173157, 0.32604512154512144], [0.28606163281163277, 0.2269031940281941, 0.2076044649794649, 0.2794307081807082], [0.2653350954600956, 0.2855162198912199, 0.19195508658008664, 0.257193598068598], [0.21384408646908643, 0.31215145965145974, 0.19765934065934068, 0.2763451132201133], [0.2448991702741703, 0.3063143245643246, 0.14964413364413365, 0.29914237151737155], [0.24139237151737158, 0.29482124016334543, 0.13634463197621088, 0.32744175634307227], [0.2571576530194951, 0.2549543650793651, 0.1718000004381583, 0.31608798146298145], [0.27975099900099903, 0.29706708977297214, 0.155023532023532, 0.2681583792024969], [0.27624980574980584, 0.3080812937062938, 0.15672860472860473, 0.25894029581529593], [0.2137764457764459, 0.3156731462981462, 0.2442772782772783, 0.22627312964812965], [0.2039767960797372, 0.25853634845546614, 0.22391575091575094, 0.3135711045490458], [0.2900536893661894, 0.32298845598845605, 0.16448106060606055, 0.22247679403929407], [0.2537400863025863, 0.33055790043290045, 0.16721157314907312, 0.24849044011544008], [0.2547421328671329, 0.3332484737484739, 0.12475446775446777, 0.28725492562992566], [0.2865328282828283, 0.3115948773448774, 0.15790638528138523, 0.24396590909090915], [0.25033068320568314, 0.22950216450216446, 0.19829563492063493, 0.3218715173715174], [0.2032655122655122, 0.3597407566538922, 0.19331231809621638, 0.2436814129843791], [0.23383506771006787, 0.3015952935952935, 0.21549539349539365, 0.24907424519924526], [0.24915270840270837, 0.24528391053391058, 0.22025946969696972, 0.2853039113664115], [0.24458531746031745, 0.3137290903540905, 0.21096699134199143, 0.23071860084360074], [0.19523304473304473, 0.29785948773448784, 0.1845194943944944, 0.3223879731379731], [0.29199787712287717, 0.27287127197190764, 0.14852584762224588, 0.28660500328296945], [0.28941029803529816, 0.23297601010101013, 0.19793369620575507, 0.2796799956579369], [0.2610978743478743, 0.29031668331668337, 0.16306242368742369, 0.2855230186480187], [0.22544124747801222, 0.26505129592629595, 0.1990526752659106, 0.31045478132978127], [0.27503796897546906, 0.2796448412698413, 0.2159705086580087, 0.22934668109668116], [0.27049080086580096, 0.3005414282045638, 0.16391721320111152, 0.26505055772852393], [0.26911831224331223, 0.26392118992119, 0.18397118159618164, 0.2829893162393163], [0.23654706404706402, 0.2881803474303474, 0.17064407814407814, 0.30462851037851046], [0.2701576617826618, 0.23380387667887656, 0.21154960317460314, 0.28448885836385845], [0.21645113220113216, 0.2821320346320347, 0.2368946608946609, 0.26452217227217223], [0.3101391802641803, 0.24331313131313131, 0.1786924741924742, 0.26785521423021436], [0.2151904068154068, 0.3125542929292929, 0.14627959540459537, 0.325975704850705], [0.17855699855699864, 0.3455223665223665, 0.19395815295815297, 0.281962481962482], [0.24006880619380624, 0.2647769314019316, 0.22503707485325133, 0.27011718755101116], [0.21746435508935508, 0.30253847541347534, 0.22287126762126763, 0.2571259018759019], [0.22277266483516478, 0.25413088300588305, 0.25490449134199133, 0.2681919608169609], [0.2226233023512435, 0.28544005994006, 0.13836667091078858, 0.353569966797908], [0.1769193584193584, 0.3024822677322677, 0.21458731546231552, 0.30601105838605847], [0.22041540404040408, 0.2956633436008437, 0.1849541153291153, 0.29896713702963706], [0.21894920868605072, 0.308492576867577, 0.20125553101868907, 0.27130268342768354], [0.2360646457300869, 0.24093409368409366, 0.24225038645994532, 0.28075087412587413], [0.23190698190698197, 0.276981018981019, 0.2218890692640693, 0.26922292984792984], [0.22197856310356306, 0.26810604673104677, 0.2262889104359693, 0.283626479729421], [0.26835743423243436, 0.2443538961038961, 0.18664625244037006, 0.30064241722329954], [0.2663769841269841, 0.2700827922077922, 0.22459843424549317, 0.23894178941973065], [0.39134089010404793, 0.19485112289583748, 0.13417324883214715, 0.2796347381679675], [0.23015629713423846, 0.2598618326118326, 0.20408473960679838, 0.30589713064713064], [0.29262896825396834, 0.21090295815295804, 0.23273142135642153, 0.26373665223665227], [0.1934170924105134, 0.2874659897850688, 0.21308877927627928, 0.30602813852813865], [0.38099120324120334, 0.19297050172050173, 0.17391575866943512, 0.25212253636885984], [0.23495392107892116, 0.3192370546120546, 0.18572137584637588, 0.2600876484626484], [0.28117743367743375, 0.24882241369741365, 0.20023869186369186, 0.26976146076146085], [0.261066058941059, 0.2342790542790542, 0.21500417637917646, 0.28965071040071044], [0.27061749434775756, 0.2625250626566416, 0.15797961249277034, 0.3088778305028305], [0.2226272755022756, 0.29440159840159835, 0.17242705905205905, 0.310544067044067], [0.28431998067292186, 0.2568237416178592, 0.17996006771006764, 0.27889620999915127], [0.2344379162504163, 0.274172743922744, 0.19184469696969697, 0.29954464285714283], [0.16995369907869912, 0.2707694337825918, 0.19393518981018978, 0.36534167732851947], [0.2012003413253413, 0.33028782328782325, 0.21356651681651684, 0.25494531857031855], [0.24990576090576092, 0.21225693750693747, 0.2214212731712732, 0.31641602841602845], [0.23524404761904766, 0.28993885281385295, 0.2126013708513708, 0.26221572871572874], [0.29225405150405154, 0.19333752358752349, 0.1879953796203797, 0.3264130452880455], [0.28340746753246765, 0.23565223665223659, 0.15672996447996446, 0.32421033133533134], [0.2608089133089133, 0.26733105783105787, 0.17658129370629372, 0.29527873515373526], [0.25816273024361264, 0.23321561771561775, 0.21894407879701996, 0.2896775732437497], [0.3100501443001444, 0.2593180438842203, 0.1564510758848994, 0.27418073593073594], [0.3372056832056833, 0.21535664335664328, 0.18439596514596515, 0.2630417082917083], [0.2686393814518814, 0.27220346320346317, 0.19237355006105009, 0.26678360528360534], [0.24881125818625818, 0.21676562326562326, 0.21532951770451775, 0.3190936008436009], [0.2621091131091131, 0.23824669774669768, 0.16443747918747917, 0.3352067099567101], [0.23695761183261183, 0.2557602813852814, 0.21263131313131317, 0.2946507936507939], [0.2377512626262627, 0.25222745310245315, 0.1980866355866356, 0.3119346486846487], [0.21619534632034632, 0.27944787157287165, 0.21252188089688084, 0.2918349012099013], [0.23395012626262626, 0.3001818736818737, 0.19053322372072376, 0.27533477633477643], [0.26190974303474307, 0.2920169552669553, 0.20910750360750366, 0.23696579809079818], [0.23645086857586864, 0.25735606060606064, 0.21738676601176604, 0.28880630480630487], [0.3121815129315131, 0.251600468975469, 0.20253037240537247, 0.2336876456876458], [0.2558188339438339, 0.26718122155622154, 0.1820410700410701, 0.29495887445887464], [0.20791006216006216, 0.2521848151848152, 0.22810984848484858, 0.3117952741702743], [0.23481127206127209, 0.29709328171828175, 0.18931997169497167, 0.27877547452547463], [0.1864336080586081, 0.29763233988233995, 0.2639470390720391, 0.25198701298701304], [0.24611063936063943, 0.27104743867243875, 0.20968006993007, 0.27316185203685206], [0.2878109737484738, 0.3259698357198356, 0.1303078796203796, 0.2559113109113109], [0.27637996031746037, 0.29527644373600265, 0.19244650774062547, 0.23589708820591174], [0.1862540743570156, 0.3637104660045838, 0.20005292419998302, 0.24998253543841795], [0.2329215090465091, 0.2864546425796426, 0.1940585248085248, 0.2865653235653236], [0.2818443223443224, 0.27207348207348225, 0.17169325119325124, 0.27438894438894446], [0.2612771325896326, 0.28670920745920747, 0.22437828144078142, 0.22763537851037852], [0.22007972582972585, 0.3014425158175159, 0.1569948384948385, 0.32148291985792], [0.2670536775316188, 0.20781546231546244, 0.2704636613386614, 0.2546671988142577], [0.2575335636585637, 0.25194671994671997, 0.20793557831057824, 0.2825841380841383], [0.2837027000777001, 0.26038401875901873, 0.1580759587634587, 0.2978373223998224], [0.2757288961038961, 0.21842316017316019, 0.26329635642135646, 0.24255158730158738], [0.18266305222555224, 0.3230231435231436, 0.18475878032785925, 0.30955502392344497], [0.2969675324675325, 0.22005663780663795, 0.2229960317460317, 0.25997979797979803], [0.23674092574092578, 0.3023226495726497, 0.1692718253968254, 0.29166459928959937], [0.23325328837828838, 0.2636343795093794, 0.26245143745143756, 0.24066089466089477], [0.22936181873681874, 0.24187221112221116, 0.22857163669663666, 0.3001943334443336], [0.2842215007215009, 0.2521829004329004, 0.18392279942279938, 0.2796727994227995], [0.27195634920634926, 0.32285281385281395, 0.16433262570762572, 0.24085821123321127], [0.22593387168387166, 0.2774218394599751, 0.2656324146663131, 0.23101187418984018], [0.1916723137973138, 0.29369209698023263, 0.19739129467519306, 0.3172442945472607], [0.29614595127095134, 0.2710005064380065, 0.19612540237540244, 0.2367281399156399], [0.23958423520923525, 0.29164346764346766, 0.2107218475968476, 0.2580504495504494], [0.2617071262071262, 0.25637318033273915, 0.19792026233570348, 0.2839994311244313], [0.18127200577200572, 0.2908708028083029, 0.22460939754689757, 0.30324779387279394], [0.2465566378066378, 0.28592752386502385, 0.24236143717393713, 0.2251544011544012], [0.24645124728212967, 0.21804430291930296, 0.24133479102596747, 0.2941696587726], [0.24632220046035835, 0.2307383909949699, 0.17954749417249413, 0.3433919143721776], [0.25017799561549564, 0.2557215700965702, 0.21878549922299928, 0.2753149350649352], [0.19242414529914534, 0.2598078816608229, 0.19887601777307654, 0.3488919552669552]]}, "rewritten": {"ids": ["97105451", "97106820", "97107260", "98106111", "98106560", "98107010", "98107380", "98107410", "98108410", "98108580", "98110680", "98110810", "98112300", "98119591", "98120010", "99108330", "99108890", "99110730", "99112531", "99120010", "100109910", "100111380", "100115700", "100120780", "101108080", "101108370", "101109120", "101119030", "102109850", "102110890", "102112250", "102114270", "103110220", "103111110", "103113210", "103113270", "103117461", "103120730", "104111531", "104111620", "104111711", "104111830", "104113170", "104114740", "104116800", "104117630", "105112100", "105113190", "105113210", "105113480", "105116501", "105117200", "105118740", "105120280", "105121190", "106113170", "106113360", "106116640", "106118301", "106119260", "106119580", "106121190", "107113130", "107113260", "107115250", "107117010", "107117630", "107118780", "107119950", "107121540", "108113700", "108113740", "108115070", "108115880", "108116120", "108117451", "108118630", "108120060", "108120280", "108120621", "108121190", "108121351", "108121410", "109116170", "109116750", "109117150", "109117431", "109117630", "109117730", "109119460", "109119591", "109120560", "109121640", "110114321", "110114610", "110115980", "110116441", "110117500", "110118161", "110118181", "110119300", "110120640", "110120700", "111115910", "111116100", "111116110", "111116290", "111117571", "111118301", "111118810", "111119250", "111119290", "111119340", "111119430", "111119930", "111120540", "112116290", "112116540", "112116640", "112116850", "112117660", "112118421", "112118471", "112118880", "112118890", "112119120", "112119450", "112119580", "112120540", "112120990", "112121410", "113118620", "113118870", "113119340", "113120260", "113120280", "113120540", "113120780", "113121010", "113122180", "113122430", "113122650"], "labels": [0, 1, 2, 0, 1, 3, 1, 3, 1, 0, 2, 1, 2, 1, 2, 1, 0, 3, 3, 2, 2, 3, 1, 1, 0, 1, 1, 3, 1, 0, 0, 3, 2, 3, 3, 2, 0, 1, 0, 0, 1, 3, 3, 2, 1, 0, 1, 3, 3, 0, 1, 3, 1, 3, 2, 0, 0, 3, 1, 1, 3, 2, 1, 0, 2, 1, 0, 1, 3, 2, 0, 3, 1, 3, 1, 2, 1, 1, 3, 1, 1, 3, 0, 0, 0, 2, 1, 0, 3, 1, 0, 1, 0, 1, 1, 1, 3, 1, 0, 1, 1, 0, 2, 2, 3, 3, 2, 3, 3, 0, 1, 3, 3, 3, 1, 1, 0, 1, 0, 0, 0, 3, 1, 1, 3, 1, 3, 3, 3, 2, 0, 3, 0, 0, 3, 0, 3, 0, 2, 2, 2, 2], "predicted_labels": [0, 3, 1, 1, 1, 3, 0, 3, 1, 3, 3, 1, 0, 3, 1, 3, 1, 1, 0, 0, 3, 0, 3, 3, 0, 1, 0, 3, 0, 3, 3, 3, 1, 3, 3, 1, 0, 3, 1, 3, 3, 3, 1, 1, 3, 0, 3, 3, 3, 1, 0, 1, 1, 1, 1, 0, 0, 3, 3, 3, 1, 1, 2, 1, 3, 3, 0, 3, 3, 3, 1, 3, 1, 3, 3, 3, 3, 0, 3, 1, 1, 0, 3, 3, 0, 1, 3, 3, 3, 1, 1, 3, 3, 0, 1, 3, 0, 3, 1, 3, 3, 3, 1, 3, 0, 1, 0, 1, 0, 0, 3, 3, 3, 3, 3, 1, 0, 1, 3, 1, 3, 3, 3, 3, 1, 3, 3, 0, 1, 1, 3, 1, 1, 0, 3, 3, 0, 1, 1, 3, 1, 3], "confidence_scores": [[0.36462667887667893, 0.22003619991119994, 0.11648611111111111, 0.2988510101010101], [0.22608997252747268, 0.273955828893329, 0.19365830003330015, 0.30629589854589856], [0.2104660894660895, 0.28800715950715955, 0.24628968253968261, 0.25523706848706856], [0.270722132034632, 0.2807501803751804, 0.18038623876123874, 0.26814144882894886], [0.17628841991341987, 0.31323647186147185, 0.2677814546564547, 0.24269365356865358], [0.26384797147297145, 0.25213088300588304, 0.21520425407925414, 0.2688168914418915], [0.291434829059829, 0.23946656121656137, 0.1778931068931069, 0.29120550283050284], [0.2835107523195759, 0.27377232489732484, 0.15858759377877024, 0.28412932900432897], [0.22144341769341763, 0.29793098568098575, 0.19843750000000004, 0.2821880966255965], [0.26551517232767236, 0.250198162948163, 0.1488068181818182, 0.3354798465423465], [0.25004004329004326, 0.23494040681540684, 0.2518322510822511, 0.2631872988122988], [0.25267639305139306, 0.26858694083694096, 0.2550993728493728, 0.22363729326229329], [0.3431549422799423, 0.2509849733599735, 0.15791815129315132, 0.2479419330669331], [0.21330916305916311, 0.2831278998779, 0.20627170052170046, 0.29729123654123657], [0.25167442279942276, 0.2774143553814606, 0.20515004878162774, 0.26576117303748886], [0.22011129148629144, 0.2714466832187421, 0.1854727633477634, 0.32296926194720327], [0.2713390984015984, 0.2876808538683539, 0.18064803252303258, 0.26033201520701515], [0.17220256132756126, 0.2987851037851038, 0.24125306637806646, 0.2877592685092684], [0.28159563353313355, 0.2715507756132757, 0.1936957625707626, 0.2531578282828283], [0.3292984099234101, 0.26671708928326576, 0.15575638169020517, 0.24822811910311907], [0.24392171717171718, 0.2649848970473971, 0.20961522505272515, 0.2814781607281608], [0.2899434870684871, 0.25108639971139973, 0.20558895965145965, 0.25338115356865365], [0.22728357059607057, 0.2770490134865136, 0.17356522644022646, 0.3221021894771895], [0.2467579018204018, 0.25123719336219336, 0.24108925102675108, 0.2609156537906539], [0.3119108114108114, 0.22313630813630808, 0.17989427239427244, 0.285058608058608], [0.22777826340326354, 0.3052947330447331, 0.204174963924964, 0.2627520396270396], [0.2817475163725163, 0.2699107191827782, 0.1751663426442838, 0.27317542180042187], [0.23300748556998563, 0.28516937229437234, 0.19314285714285717, 0.288680284992785], [0.2799989316239317, 0.23451302863802861, 0.26248697136197147, 0.2230010683760684], [0.24849820114526003, 0.19577018814518815, 0.2257557026307026, 0.3299759080788494], [0.3104379835850424, 0.18105255855255856, 0.17414436002593892, 0.33436509783646007], [0.19915827228327224, 0.2870503801753803, 0.18775076312576305, 0.3260405844155846], [0.19560327866577865, 0.3071625735375736, 0.1914331461022637, 0.305801001694384], [0.2523334443334443, 0.27815810067125857, 0.17767349480584776, 0.2918349601894493], [0.24201773226773227, 0.23794891219891232, 0.18832245532245537, 0.33171090021090033], [0.20211657786657788, 0.3156340187590189, 0.23525571650571656, 0.2469936868686869], [0.2860644494394494, 0.2585514624264625, 0.1824220571095571, 0.27296203102453104], [0.2601239177489177, 0.2684517704517704, 0.15067538017538018, 0.32074893162393175], [0.2767454906204907, 0.29806471306471305, 0.208067974509151, 0.21712182180564532], [0.33340624653124656, 0.20556236818736817, 0.1253766282736871, 0.33565475700769815], [0.29616600066600074, 0.2225199522699523, 0.18013369963369968, 0.3011803474303475], [0.1818081501831502, 0.2539766622266624, 0.2653975656696247, 0.2988176219205632], [0.2307967310467311, 0.32035611610611603, 0.19287373737373736, 0.2559734154734157], [0.2221191473000684, 0.33508029214937113, 0.17720604395604395, 0.26559451659451655], [0.2647983960483961, 0.2560050505050506, 0.15356378343878338, 0.32563277000776997], [0.2857319069819071, 0.2238948412698412, 0.20938546176046186, 0.28098778998778995], [0.28829050810300805, 0.17933547008547004, 0.20602866577866583, 0.32634535603285614], [0.27382925407925407, 0.23573911940225503, 0.1987976571036143, 0.29163396941487696], [0.2872335858585858, 0.20733144633144626, 0.1807102480852481, 0.3247247197247198], [0.22163578292622418, 0.35268169221129747, 0.1753480431891809, 0.25033448167329736], [0.29561236679986685, 0.2359169945551524, 0.177875548063048, 0.2905950905819327], [0.19313634976134975, 0.28170372682872685, 0.2618178071928071, 0.2633421162171163], [0.22193095793095796, 0.296374444999445, 0.19549172355422362, 0.28620287351537355], [0.28983524808524824, 0.32322262459762463, 0.1493457514707514, 0.23759637584637583], [0.24529965867465872, 0.30968138546952106, 0.17723149614039446, 0.2677874597154259], [0.31956487262737276, 0.23859013902763898, 0.15329306804306803, 0.28855192030192034], [0.320156204906205, 0.23955393217893226, 0.16380862193362195, 0.27648124098124116], [0.26556031468531477, 0.2543638583638584, 0.1620547924297924, 0.3180210345210345], [0.2908724906629319, 0.22305067644773524, 0.16845689726939728, 0.3176199356199356], [0.2678232323232323, 0.19537912087912082, 0.2358569902319903, 0.30094065656565655], [0.2168840187590188, 0.2850149572649572, 0.2226895465645465, 0.27541147741147753], [0.15101250138750136, 0.30968088161838153, 0.25893298531533826, 0.2803736316787789], [0.20747435897435906, 0.24790139027639024, 0.2728584887334888, 0.27176576201576197], [0.19819891219891217, 0.29978059440559446, 0.22205333555333556, 0.27996715784215787], [0.2455585317460317, 0.2371958874458874, 0.1953258477633478, 0.3219197330447331], [0.18315133477633477, 0.28919587357087356, 0.22091486291486298, 0.3067379287379288], [0.32115386002886004, 0.18418055555555554, 0.2201340930311519, 0.27453149138443256], [0.22150342712842716, 0.21584415584415578, 0.2304801171051171, 0.3321722999222999], [0.2638231074481074, 0.25178432678432694, 0.1814810397935398, 0.30291152597402593], [0.2425367965367966, 0.26964953102453104, 0.17709583472083476, 0.3107178377178376], [0.1760105727605728, 0.3019889277389277, 0.23688708513708515, 0.2851134143634144], [0.294153410916569, 0.21963446714104604, 0.1805616744366744, 0.30565044750571085], [0.21783964646464646, 0.314091810966811, 0.2197012432012432, 0.24836729936729943], [0.2359500013875014, 0.24933421439671444, 0.210235393991973, 0.30448039022381124], [0.2766283716283717, 0.230553613053613, 0.18231754356754354, 0.3105004717504719], [0.2434922153869523, 0.28455505605505604, 0.1769162606399448, 0.295036467918047], [0.25963380369630373, 0.21986913780663786, 0.17650667388167388, 0.3439903846153846], [0.3179335109335111, 0.26389761368574927, 0.18003127969017796, 0.2381375956905619], [0.26196898934398943, 0.2554558635808637, 0.1960914502164502, 0.28648369685869696], [0.24285703185703192, 0.30467803030303037, 0.20052849927849933, 0.25193643856143866], [0.21188144494394492, 0.33110927008490587, 0.19604219932609757, 0.26096708564505183], [0.33285959873459864, 0.3007076673326673, 0.14403607503607493, 0.2223966588966589], [0.2561084054834054, 0.2545450244200245, 0.18280122655122655, 0.30654534354534346], [0.18995454545454543, 0.2632202380952381, 0.1617663725163725, 0.38505884393384404], [0.29529791042291054, 0.27659822122322114, 0.14424672549672551, 0.283857142857143], [0.19822877122877128, 0.2906562049062051, 0.23761041817659462, 0.27350460568842916], [0.2803293650793652, 0.23631635907951698, 0.15300844580256345, 0.3303458300385545], [0.2861531385281385, 0.25545743145743155, 0.1644503968253968, 0.29393903318903325], [0.22356742767036886, 0.2504083881804469, 0.23081808469308474, 0.2952060994560995], [0.1902917846042846, 0.29594136419136424, 0.2523470973470975, 0.26141975385725397], [0.25825023587523604, 0.2821005036630037, 0.19327119408369403, 0.2663780663780665], [0.2312490426240426, 0.25590728715728717, 0.19513997113997117, 0.3177036990786991], [0.28182366244866247, 0.2102059884559885, 0.17893625818625822, 0.329034090909091], [0.311293636918637, 0.2833212204462205, 0.1630865523365523, 0.24229859029859038], [0.23446445221445208, 0.3329500430125431, 0.14779913836163833, 0.28478636641136634], [0.2848774836274836, 0.22517828005328014, 0.18385189810189814, 0.30609233821733833], [0.3367567987567988, 0.2831204351204351, 0.1262664696414696, 0.25385629648129643], [0.21356596181596177, 0.2667979242979243, 0.1955187035187036, 0.32411741036741043], [0.27802070152070163, 0.27859125596625606, 0.22290230602730607, 0.22048573648573647], [0.22299723887223893, 0.2626954018204019, 0.2202550505050505, 0.29405230880230887], [0.2251683455433455, 0.2574159867909867, 0.21193974081474093, 0.3054759268509269], [0.2864854034854035, 0.23016131091131087, 0.16701165501165505, 0.3163416305916307], [0.1888848026973027, 0.36771680402930407, 0.18131812631812635, 0.2620802669552669], [0.2585467587967588, 0.24476361138861136, 0.23727057664557674, 0.2594190531690532], [0.2828808275058273, 0.24678914141414143, 0.24751368076368077, 0.22281635031635033], [0.2624115884115884, 0.2872151529026529, 0.18132257326007328, 0.26905068542568555], [0.2869888624447448, 0.23772741841491846, 0.22657294298838426, 0.24871077615195264], [0.24939345376845382, 0.3544291819291818, 0.1564941031191031, 0.23968326118326114], [0.29010667110667127, 0.260903749028749, 0.1754625652125652, 0.27352701465201473], [0.2917021312021313, 0.22766003441003446, 0.19681191031191025, 0.28382592407592416], [0.28986208236208244, 0.2044168470418471, 0.2123933011433011, 0.29332776945276945], [0.25250505050505045, 0.22647644512350407, 0.24756511544011547, 0.2734533889313301], [0.24806780719280724, 0.2222129537129537, 0.264721042846043, 0.2649981962481963], [0.2375053210678211, 0.2970095408976988, 0.15620986652236654, 0.3092752715121137], [0.26088446275946287, 0.2571780303030305, 0.19012789987789985, 0.2918096070596071], [0.2259989177489178, 0.28705790043290047, 0.22393542568542568, 0.2630077561327561], [0.3911857864357864, 0.2483504108885466, 0.14792252733142564, 0.21254127534424147], [0.20937085137085146, 0.3292285353535354, 0.20683345820845833, 0.2545671550671551], [0.2651384587634588, 0.2622887251637253, 0.1811630591630591, 0.29140975690975696], [0.25179072316572315, 0.31140756465756475, 0.151174839049839, 0.28562687312687324], [0.2785364010989011, 0.21325844294594287, 0.16837759462759463, 0.3398275613275612], [0.28643001443001437, 0.24817624042624042, 0.16948616661116656, 0.2959075785325785], [0.23104289460539462, 0.2936978551109908, 0.16709136543776382, 0.30816788484585095], [0.2393382728382728, 0.25072525391275396, 0.20295860389610396, 0.30697786935286936], [0.21389799089799091, 0.3178285533910533, 0.1857500763125763, 0.2825233793983795], [0.26469687175569523, 0.2733949453324453, 0.18574404149771798, 0.2761641414141416], [0.27772824397824414, 0.24536044511044516, 0.1839751637251637, 0.29293614718614724], [0.3013520735800148, 0.2300556506402095, 0.17493761100011102, 0.29365466477966484], [0.2303255723035135, 0.3207797113017701, 0.17674821012321013, 0.2721465062715063], [0.20926828726828728, 0.30363053613053625, 0.21123088023088027, 0.2758702963702965], [0.2615432206682206, 0.2668210261960262, 0.17843908868908864, 0.29319666444666453], [0.2496880064380065, 0.31597097347097347, 0.15414332889332888, 0.2801976911976912], [0.29283512321012334, 0.2968866966366967, 0.18546446608946604, 0.2248137140637142], [0.284289094892036, 0.23060562150268044, 0.2199025557775558, 0.2652027278277279], [0.25658721139971136, 0.2615860250860253, 0.19048401598401596, 0.29134274753024764], [0.28634805472305475, 0.19397016872016873, 0.16199579587079582, 0.3576859806859807], [0.2793306832056833, 0.2639812756687757, 0.1967800324675325, 0.25990800865800867], [0.18280518348610453, 0.3521921565921179, 0.14627602952602953, 0.31872663039574806], [0.18358559496059496, 0.37500431512931537, 0.14262780275280273, 0.29878228715728733], [0.2512162698412699, 0.21836031329781325, 0.20231567737817735, 0.32810773948273947], [0.18931461593961596, 0.336246767121767, 0.2472049408924409, 0.22723367604617603], [0.22021742146742146, 0.2847667887667888, 0.1957745726495726, 0.29924121711621704]]}}