{"test": {"ids": ["104111550", "108121351", "101110740", "99108010", "97106000", "106120290", "110114321", "109119450", "101108121", "101108290", "106117790", "112117461", "103113101", "101108580", "113118620", "102112250", "97116500", "100111270", "99108310", "98109090", "111121351", "108120700", "109114720", "97107920", "111119930", "112118930", "107113170", "110115890", "100108990", "111116750", "107116300", "110115710", "108114180", "99107300", "100116500", "109119340", "107119390", "113118870", "103112470", "108121190", "102112030", "113121680", "108119330", "112121410", "104113210", "105115900", "100111620", "109116750", "107114280", "105116650", "101108460", "100109801", "99117630", "112118511", "111117200", "112120670", "104113000", "106117770", "111120591", "109120540", "102113981", "105110251", "103120340", "113121410", "112116640", "111115770", "104116441", "111121930", "102112301", "112118161", "97112290", "104114410", "99112300", "100111390", "107114110", "113119950", "109121410", "113122120", "112119950", "110115250", "112119930", "112116540", "97113900", "106116441", "109116810", "110116300", "113117401", "113121750", "112119120", "108115880", "103109641", "108118630", "112119580", "98111860", "101108370", "99107560", "109117080", "102116340", "102107961", "107113550", "108117720", "105120621", "113120280", "106118820", "113120260", "112121360", "98112580", "112118471", "103113610", "98110230", "105113440", "107120010", "109120621", "97116410", "98120530", "106118520", "98113881", "106119580", "110120190", "112117471", "111120220", "105119550", "99108080", "111121190", "103113170", "112116990", "103117461", "98111670", "111119290", "109114220", "102112170", "107113260", "99120010", "112118421", "101111620", "104111380", "98108150", "99111000", "113120780", "112118701", "97114170", "106116850"], "labels": [1, 3, 3, 2, 0, 2, 1, 3, 0, 0, 1, 0, 3, 0, 3, 0, 2, 2, 2, 1, 0, 2, 0, 0, 1, 1, 0, 2, 2, 3, 0, 2, 1, 3, 2, 3, 2, 0, 1, 1, 2, 1, 0, 0, 3, 3, 3, 0, 3, 1, 0, 0, 3, 1, 0, 2, 1, 0, 1, 1, 1, 0, 1, 0, 0, 3, 1, 1, 1, 0, 1, 1, 0, 2, 1, 0, 0, 1, 0, 1, 1, 1, 2, 0, 3, 3, 3, 0, 1, 3, 1, 1, 3, 0, 1, 1, 1, 3, 3, 0, 1, 1, 0, 3, 3, 3, 2, 1, 2, 3, 0, 1, 1, 3, 1, 2, 3, 3, 3, 3, 3, 1, 3, 1, 3, 0, 0, 1, 3, 3, 3, 0, 2, 3, 3, 3, 0, 2, 0, 0, 2, 3], "predicted_labels": [1, 0, 1, 1, 3, 3, 2, 3, 0, 1, 3, 1, 0, 3, 1, 1, 0, 1, 1, 0, 0, 1, 1, 0, 3, 3, 3, 1, 3, 3, 3, 3, 1, 0, 1, 3, 3, 1, 0, 1, 2, 3, 3, 0, 3, 1, 0, 0, 2, 3, 0, 3, 0, 3, 3, 2, 3, 1, 0, 3, 3, 3, 1, 1, 3, 1, 1, 2, 3, 3, 0, 0, 1, 3, 3, 3, 3, 1, 3, 1, 0, 3, 1, 1, 0, 3, 3, 1, 3, 3, 3, 1, 1, 1, 3, 3, 3, 0, 0, 3, 1, 3, 0, 2, 2, 2, 3, 0, 1, 1, 1, 0, 0, 2, 1, 2, 0, 1, 3, 3, 1, 3, 1, 0, 1, 3, 0, 2, 3, 3, 0, 1, 1, 2, 0, 3, 2, 1, 1, 3, 3, 2], "confidence_scores": [[0.17948144849789072, 0.31553502595798727, 0.21469393102506532, 0.2902895945190568], [0.2884073110149593, 0.2784911086767891, 0.1593223517318246, 0.273779228576427], [0.16480674737162287, 0.4723885481695662, 0.13325254512502116, 0.22955215933378983], [0.2315074824249086, 0.3073169850291454, 0.20038181794373894, 0.2607937146022072], [0.20377336957342004, 0.23196239706851823, 0.21766140282376423, 0.3466028305342977], [0.17723783791211226, 0.17647341977375477, 0.11110434633662863, 0.5351843959775042], [0.21871903679463714, 0.21889711732623873, 0.29344516005618276, 0.26893868582294117], [0.11781451134844835, 0.20864822757815646, 0.08151899277905907, 0.5920182682943361], [0.4879353880352092, 0.15347669527715294, 0.1517372965546198, 0.2068506201330182], [0.18032349948821835, 0.3296723107247394, 0.19033780605245193, 0.2996663837345905], [0.1727979786665901, 0.17085480002357317, 0.0829538270603317, 0.573393394249505], [0.36914453713973605, 0.43378003613886124, 0.07215486823238788, 0.12492055848901501], [0.31383538389796567, 0.23650498790783023, 0.25522321623410305, 0.1944364119601012], [0.2711265588005498, 0.27865718240800647, 0.16380406702286518, 0.28641219176857846], [0.14858913435925997, 0.39021403849978437, 0.19059287016232235, 0.27060395697863326], [0.2049613795828465, 0.33921015744814875, 0.17037871260837134, 0.2854497503606334], [0.4292238407775849, 0.19982207736937033, 0.17440781461196925, 0.19654626724107546], [0.1766057062567836, 0.3696973503253494, 0.19822009987664857, 0.25547684354121847], [0.1765444126649344, 0.42043565304367303, 0.14100641740684822, 0.2620135168845444], [0.7271694249138965, 0.10198326315166853, 0.0664207498044262, 0.10442656213000871], [0.3408967971959601, 0.1639043789098902, 0.18180572727590863, 0.31339309661824094], [0.20915793230414437, 0.4850819116138222, 0.12045936442801039, 0.18530079165402322], [0.2417146878569979, 0.39377218666683517, 0.11512885019166227, 0.24938427528450463], [0.29134216218359815, 0.28467762761167853, 0.15201626837116272, 0.2719639418335606], [0.13449166972173413, 0.29597575182101604, 0.2675618671836382, 0.30197071127361164], [0.2022597630795571, 0.31661687961381035, 0.14588140866282354, 0.335241948643809], [0.18982618801429788, 0.21289697134104854, 0.12627627110098524, 0.4710005695436683], [0.18906583526608106, 0.4476301760488304, 0.13826122584785633, 0.22504276283723235], [0.17579698278020595, 0.28929641983407783, 0.21278720445661156, 0.3221193929291048], [0.28345455242914397, 0.16520499513501952, 0.20657149825054827, 0.34476895418528847], [0.2437536104890275, 0.30682760846957885, 0.11029455656876691, 0.3391242244726268], [0.2882657093757609, 0.17542162718896892, 0.11767764615510165, 0.4186350172801684], [0.10213070873473706, 0.46961069121341587, 0.10273133635627636, 0.3255272636955707], [0.289895228824836, 0.2867342436414304, 0.1444674551365981, 0.2789030723971354], [0.13093142775868993, 0.4932612466275649, 0.10925325464427316, 0.2665540709694722], [0.16586084288256708, 0.30544163068174646, 0.18846204099337643, 0.34023548544231], [0.15863407534616816, 0.16570811245176228, 0.10265380020221157, 0.573004011999858], [0.10132492114292739, 0.6229499022407391, 0.11356322338849098, 0.16216195322784266], [0.3506711816124415, 0.3023160982910902, 0.1301231704231278, 0.2168895496733405], [0.18640634946519793, 0.3590993849413201, 0.10178413062219296, 0.35271013497128906], [0.13496240487142708, 0.21681198200248608, 0.4001822747081309, 0.24804333841795603], [0.10941451537151073, 0.3486159433520674, 0.1615570558720516, 0.3804124854043704], [0.18060002843001122, 0.26777909581825315, 0.16063316435140831, 0.3909877114003274], [0.40545666475426334, 0.24977916723700652, 0.15272142469562025, 0.19204274331310997], [0.26776372935795245, 0.2189036851203508, 0.1392385668007898, 0.3740940187209071], [0.12881807089014924, 0.4875307840547255, 0.10040234202135712, 0.28324880303376826], [0.519461902834883, 0.18474463414027145, 0.13497115055947503, 0.1608223124653704], [0.4687397416503413, 0.2725622794368077, 0.11091430216024944, 0.14778367675260148], [0.24901886622590144, 0.22629025080757512, 0.3197107740441042, 0.20498010892241925], [0.11194836287390132, 0.297056262556015, 0.2177866038088914, 0.3732087707611922], [0.44413303830244893, 0.17473167656782435, 0.09435645830955196, 0.28677882682017475], [0.22323411863723405, 0.29695116599502397, 0.14655427861475243, 0.33326043675298966], [0.46316032056956574, 0.19812357914946943, 0.1438217161405746, 0.19489438414039026], [0.20037299362820193, 0.31977244432545404, 0.15212768668835194, 0.32772687535799216], [0.19516028834334406, 0.2961525977731286, 0.1412319275228699, 0.36745518636065755], [0.15582891259067425, 0.26582907093543906, 0.32293985762998345, 0.2554021588439034], [0.19213065270773988, 0.22970962654583502, 0.14175667423113447, 0.43640304651529066], [0.23026348995935456, 0.2729847770213626, 0.26622509900114216, 0.23052663401814064], [0.3727350730545752, 0.24544282053510233, 0.19982204175617915, 0.1820000646541434], [0.09522407993627859, 0.3280852547229021, 0.18705422597592228, 0.38963643936489706], [0.21444810887288263, 0.2537412231307512, 0.1518481923556062, 0.37996247564075997], [0.2840204013875758, 0.2688717050193626, 0.16169378214423852, 0.28541411144882306], [0.17745765946170958, 0.35220323550076305, 0.26238135594203943, 0.2079577490954879], [0.21497710482947321, 0.4455920601209823, 0.12252441720727099, 0.21690641784227357], [0.22989254346917365, 0.29756731091059563, 0.15572478044737884, 0.3168153651728519], [0.2617440294523763, 0.3311773717291262, 0.14477570466087997, 0.2623028941576176], [0.1610368804499205, 0.44461774540604726, 0.11085436211657887, 0.2834910120274533], [0.15042166080318403, 0.2823681362613464, 0.37572379783738136, 0.19148640509808823], [0.22645640872276662, 0.3158544661254269, 0.14011699100471434, 0.3175721341470922], [0.2372221870639293, 0.21487437870485843, 0.13084655271943563, 0.4170568815117767], [0.5782447758451837, 0.20327937638858715, 0.08705540520338399, 0.13142044256284519], [0.44558885901122963, 0.2722172771437276, 0.12192719218818815, 0.16026667165685454], [0.13386423248778023, 0.47271109503616027, 0.15371081665827946, 0.23971385581777993], [0.279649416297868, 0.2544587707060493, 0.16525433034236414, 0.30063748265371876], [0.25599845664289184, 0.23889180724397555, 0.16568732144435674, 0.33942241466877593], [0.25806027891883804, 0.18407219958712914, 0.08742130827358138, 0.47044621322045166], [0.16303616251744568, 0.31996224651980026, 0.1145936877683471, 0.40240790319440706], [0.20023036386515772, 0.3297821671557963, 0.2629118937726309, 0.20707557520641506], [0.12762344935062836, 0.26622459209216537, 0.11246749802087683, 0.4936844605363294], [0.1640650977584931, 0.47042145674472, 0.17289183706176592, 0.19262160843502105], [0.3350459986251705, 0.23639590747142256, 0.23430125840889046, 0.19425683549451672], [0.2060430983623892, 0.3070538348800757, 0.12573022375895543, 0.36117284299857993], [0.20137233829998746, 0.46430954267090585, 0.13352873932930737, 0.2007893796997995], [0.2442642360090861, 0.353092054489242, 0.1318410491991543, 0.27080266030251754], [0.29406452074690886, 0.27468744938781287, 0.14924883754467647, 0.2819991923206018], [0.20799813253290297, 0.23238803753248322, 0.22847845477363823, 0.3311353751609755], [0.1728444882982892, 0.2150623846651309, 0.18126170393704127, 0.43083142309953865], [0.3103676602292266, 0.3205843032948145, 0.17245635851734853, 0.19659167795861027], [0.20935002484724535, 0.2968230355594935, 0.1673962275023956, 0.3264307120908655], [0.1718667579549031, 0.28788815261020995, 0.15813487142035507, 0.3821102180145319], [0.250666948480652, 0.3072574896163238, 0.11251170927659232, 0.32956385262643173], [0.1786810069645872, 0.32707264211020276, 0.18063710349148443, 0.3136092474337254], [0.25312795175224523, 0.44307641930640485, 0.07681161378362206, 0.226984015157728], [0.10211166454472369, 0.6407014160431587, 0.10800510643762085, 0.14918181297449673], [0.1543328163907639, 0.34769113913464905, 0.11386890362340231, 0.3841071408511848], [0.28747535144716346, 0.26571408438136174, 0.12934605400780386, 0.31746451016367105], [0.17442810670395503, 0.32060546962477915, 0.10412156349393739, 0.4008448601773285], [0.426364590651122, 0.21416180535825594, 0.2370171577416611, 0.12245644624896111], [0.48597659597148435, 0.23321148400952021, 0.08771824818379152, 0.19309367183520387], [0.15513684220694685, 0.24151004702160517, 0.2947327019973903, 0.3086204087740578], [0.2151668564255266, 0.30019088723880544, 0.192707283225603, 0.29193497311006505], [0.23837970365375136, 0.2423735701203415, 0.20367295754147022, 0.31557376868443704], [0.5339635078007235, 0.13865222679035266, 0.15005568312526144, 0.17732858228366238], [0.1783821080347586, 0.2455204715713115, 0.30386032972651955, 0.27223709066741064], [0.17563450827951904, 0.19562612316584854, 0.4107454493795105, 0.21799391917512193], [0.19698318339478016, 0.19120110265032048, 0.3931448846507629, 0.21867082930413642], [0.27675071378532595, 0.2923620493804671, 0.0996896434128294, 0.3311975934213776], [0.3217990805620313, 0.21187286666423272, 0.2767318101097297, 0.1895962426640063], [0.16866761600114535, 0.5439088518598155, 0.16008916388681999, 0.1273343682522192], [0.19126338664247253, 0.34456448424464425, 0.12682716711544786, 0.3373449619974353], [0.21035888781589965, 0.4113837875164015, 0.1547816219438151, 0.22347570272388373], [0.30369353239263064, 0.28727662077280974, 0.13722656465207372, 0.27180328218248584], [0.3879973012795523, 0.19175798654545398, 0.11820519612348453, 0.3020395160515092], [0.09267725946181113, 0.16249376589070072, 0.4637600247668287, 0.28106894988065934], [0.23806975618827947, 0.3757334859199581, 0.13813030669941329, 0.24806645119234919], [0.11723832845369023, 0.24431134075644417, 0.3999643150749204, 0.23848601571494532], [0.33712255240059147, 0.1933218165599066, 0.23925130004649148, 0.23030433099301045], [0.22869346128323148, 0.29593595868017475, 0.2089881004217073, 0.2663824796148866], [0.22159801770916804, 0.29703078323262333, 0.08121642618184281, 0.40015477287636586], [0.2969884028314682, 0.22006303612619166, 0.14896282737605604, 0.3339857336662839], [0.22503409386339224, 0.2981207728855571, 0.18708147977272283, 0.2897636534783277], [0.13610360912119882, 0.2427032871612932, 0.1406740835877441, 0.480519020129764], [0.2217200433772165, 0.3459122877500511, 0.21485904809650233, 0.21750862077623034], [0.37148548071854404, 0.23409137781704126, 0.15038440965104263, 0.24403873181337213], [0.17176368697262206, 0.36566138947037163, 0.19905862063516028, 0.26351630292184614], [0.2682250621054027, 0.20152523151440246, 0.1315680458634358, 0.3986816605167591], [0.4507792943888252, 0.21504664415294517, 0.12077019481537452, 0.2134038666428551], [0.29924823333290773, 0.21372638198406002, 0.31634754747944355, 0.1706778372035887], [0.20614949062599888, 0.294297893184867, 0.15509263227720926, 0.34445998391192484], [0.2206917683071773, 0.2571739253164709, 0.144885111227471, 0.3772491951488809], [0.323676831106968, 0.22637785485197603, 0.21318521838490612, 0.2367600956561499], [0.19927771512551384, 0.3750790395984615, 0.13521746641177385, 0.2904257788642509], [0.197386291720666, 0.3691680069250305, 0.18045726071166662, 0.2529884406426371], [0.16950865191020276, 0.23829799244585748, 0.3089961223786055, 0.28319723326533436], [0.39830521516402834, 0.29239634996555974, 0.12426986634314116, 0.18502856852727076], [0.2213528681706757, 0.2406810810632798, 0.24487713439940978, 0.29308891636663487], [0.25976875164666013, 0.17902601314739816, 0.35904272292239847, 0.20216251228354337], [0.2565410790185923, 0.37908753691312896, 0.1145017947996178, 0.24986958926866104], [0.2291208130531073, 0.33813096504151696, 0.11350206737584805, 0.31924615452952787], [0.18316379357093912, 0.18271375173530988, 0.10227177691478592, 0.5318506777789652], [0.1060192398764271, 0.13411951055345728, 0.37293960626327693, 0.38692164330683865], [0.2850758039862723, 0.27069218247882854, 0.3090959590562013, 0.1351360544786979]]}, "rewritten": {"ids": ["97106000", "97107920", "97112290", "97113900", "97114170", "97116410", "97116500", "98108150", "98109090", "98110230", "98111670", "98111860", "98112580", "98113881", "98120530", "99107300", "99107560", "99108010", "99108080", "99108310", "99111000", "99112300", "99117630", "99120010", "100108990", "100109801", "100111270", "100111390", "100111620", "100116500", "101108121", "101108290", "101108370", "101108460", "101108580", "101110740", "101111620", "102107961", "102112030", "102112170", "102112250", "102112301", "102113981", "102116340", "103109641", "103112470", "103113101", "103113170", "103113610", "103117461", "103120340", "104111380", "104111550", "104113000", "104113210", "104114410", "104116441", "105110251", "105113440", "105115900", "105116650", "105119550", "105120621", "106116441", "106116850", "106117770", "106117790", "106118520", "106118820", "106119580", "106120290", "107113170", "107113260", "107113550", "107114110", "107114280", "107116300", "107119390", "107120010", "108114180", "108115880", "108117720", "108118630", "108119330", "108120700", "108121190", "108121351", "109114220", "109114720", "109116750", "109116810", "109117080", "109119340", "109119450", "109120540", "109120621", "109121410", "110114321", "110115250", "110115710", "110115890", "110116300", "110120190", "111115770", "111116750", "111117200", "111119290", "111119930", "111120220", "111120591", "111121190", "111121351", "111121930", "112116540", "112116640", "112116990", "112117461", "112117471", "112118161", "112118421", "112118471", "112118511", "112118701", "112118930", "112119120", "112119580", "112119930", "112119950", "112120670", "112121360", "112121410", "113117401", "113118620", "113118870", "113119950", "113120260", "113120280", "113120780", "113121410", "113121680", "113121750", "113122120"], "labels": [0, 0, 1, 2, 2, 3, 2, 0, 1, 3, 1, 0, 2, 3, 1, 3, 1, 2, 3, 2, 2, 0, 3, 2, 2, 0, 2, 2, 3, 2, 0, 0, 1, 0, 0, 3, 3, 3, 2, 3, 0, 1, 1, 3, 1, 1, 3, 3, 2, 0, 1, 3, 1, 1, 3, 1, 1, 0, 0, 3, 1, 1, 1, 0, 3, 0, 1, 2, 3, 3, 2, 0, 0, 0, 1, 3, 0, 2, 1, 1, 3, 1, 1, 0, 2, 1, 3, 3, 0, 0, 3, 1, 3, 3, 1, 1, 0, 1, 1, 2, 2, 3, 3, 3, 3, 0, 3, 1, 3, 1, 1, 0, 1, 1, 0, 0, 0, 3, 0, 3, 1, 1, 0, 1, 1, 3, 1, 0, 2, 3, 0, 3, 3, 0, 0, 3, 0, 0, 0, 1, 0, 1], "predicted_labels": [0, 1, 0, 0, 0, 1, 0, 0, 0, 3, 3, 1, 1, 0, 3, 1, 1, 0, 3, 2, 0, 1, 3, 0, 1, 0, 0, 1, 2, 1, 0, 3, 1, 3, 3, 1, 1, 0, 3, 3, 3, 0, 0, 2, 0, 1, 1, 3, 2, 0, 0, 0, 2, 1, 0, 0, 0, 3, 0, 1, 1, 3, 1, 0, 2, 3, 0, 2, 3, 1, 3, 0, 0, 3, 3, 0, 3, 1, 0, 0, 3, 3, 3, 1, 0, 0, 3, 0, 1, 1, 0, 3, 1, 3, 0, 3, 0, 0, 3, 3, 0, 1, 0, 1, 0, 3, 0, 1, 0, 0, 0, 2, 2, 3, 0, 3, 0, 3, 0, 1, 2, 1, 0, 1, 0, 1, 1, 2, 1, 3, 3, 0, 3, 1, 0, 2, 0, 2, 0, 3, 0, 0], "confidence_scores": [[0.33255283036941075, 0.24816324062902076, 0.1816948355713017, 0.237589093430267], [0.2271674550076505, 0.48993595357352093, 0.09639320309281665, 0.18650338832601202], [0.3330333472633468, 0.2427831392798773, 0.2030453941458342, 0.22113811931094154], [0.4236239329442841, 0.15456482224181506, 0.09814726301229915, 0.3236639818016018], [0.34656219425284446, 0.22288284558167745, 0.27855936901956213, 0.15199559114591593], [0.22375813452484758, 0.35904761591178713, 0.18819349958260465, 0.2290007499807607], [0.34060998414379445, 0.23100660131002476, 0.10445665467318463, 0.3239267598729962], [0.29190982345468863, 0.2892575355257708, 0.26146368306650264, 0.15736895795303787], [0.3527622102569748, 0.2657974607581085, 0.13748289749364945, 0.24395743149126728], [0.20453405755758858, 0.22474171684925473, 0.19569428921640716, 0.3750299363767495], [0.2319405847245786, 0.30645996770558054, 0.11071570031633261, 0.35088374725350824], [0.16514240634560387, 0.6156675342416068, 0.1225483464313949, 0.09664171298139453], [0.2750892525244972, 0.40304399639782573, 0.14185971337817954, 0.18000703769949766], [0.37313371311074006, 0.2692805421826791, 0.08113370368230499, 0.27645204102427584], [0.27169378113514464, 0.24480453320068127, 0.20400360323959763, 0.27949808242457647], [0.29929086519681913, 0.3976063433953739, 0.14567159982205147, 0.15743119158575541], [0.29324747928413725, 0.4082658926295802, 0.12503078748119245, 0.17345584060509017], [0.31056176248018946, 0.2587090406917171, 0.2767289249010099, 0.15400027192708352], [0.22577153719090262, 0.2823795594079812, 0.20183580224842973, 0.2900131011526866], [0.19308751837941773, 0.31387656035194283, 0.318012392354037, 0.17502352891460254], [0.42581772232126214, 0.20475222721685696, 0.10796426081850918, 0.26146578964337164], [0.29517376389890587, 0.35001924249575644, 0.14191984993628615, 0.21288714366905168], [0.2457883957302077, 0.27072138959486913, 0.20388179295123776, 0.2796084217236854], [0.4067215490186887, 0.2317760758828988, 0.12546812304270202, 0.23603425205571063], [0.28050644968137606, 0.3493515166060341, 0.20598257038981777, 0.16415946332277193], [0.35406709575412126, 0.16140111925648207, 0.1909889621520695, 0.2935428228373271], [0.303848383945808, 0.29626593457280237, 0.2047557438533167, 0.19512993762807285], [0.3191235162156665, 0.34528121557739, 0.1677304336224373, 0.16786483458450618], [0.2649918089193335, 0.25467987035947487, 0.2767438433852733, 0.20358447733591828], [0.3489945484512673, 0.36287561474589336, 0.14852984720547063, 0.13959998959736872], [0.3886948962284988, 0.22729627476275807, 0.14011202985853527, 0.24389679915020784], [0.26891750078802534, 0.21906651268850974, 0.14823304333456608, 0.36378294318889887], [0.16669721538601454, 0.35593669059907335, 0.2080750029714281, 0.2692910910434841], [0.19260505331641684, 0.20473248288904938, 0.24174292774949963, 0.36091953604503424], [0.22599050177661986, 0.24162698218410042, 0.13791828386838081, 0.39446423217089904], [0.17810024819351553, 0.4708026997982113, 0.12194456161971262, 0.22915249038856056], [0.1967128827963029, 0.30402584284037126, 0.22169092733368279, 0.2775703470296431], [0.5386371214572389, 0.26284575873138355, 0.08097182995901703, 0.1175452898523605], [0.19894771948794554, 0.2692942889970304, 0.1584607603919216, 0.3732972311231025], [0.2525770962055676, 0.24055249127188444, 0.20114664522027434, 0.30572376730227363], [0.22354049358603414, 0.2552378793501224, 0.15439980002264153, 0.36682182704120214], [0.3155930943279755, 0.2728708080428303, 0.13411148740165088, 0.2774246102275434], [0.3982018479356363, 0.2680479512017902, 0.16484279790048725, 0.1689074029620861], [0.16800092498336977, 0.19763884707423024, 0.4164490331672127, 0.21791119477518714], [0.33906137735018715, 0.2579911016062143, 0.15338339814251573, 0.24956412290108257], [0.30286801754185766, 0.3416207438713499, 0.17684699686430622, 0.1786642417224865], [0.28886605498504286, 0.381221583246124, 0.18699301471404292, 0.1429193470547902], [0.18273538512614582, 0.22115233668023257, 0.292217129561752, 0.3038951486318697], [0.2862574617225975, 0.16837252956515414, 0.34415916410073616, 0.2012108446115121], [0.53897416697959, 0.16922163033586954, 0.13231463714303401, 0.15948956554150656], [0.6115498391411213, 0.1143861974639441, 0.15493587426411465, 0.11912808913081999], [0.3750154193116953, 0.2540763787618766, 0.1253291681026775, 0.24557903382375082], [0.3368235800408135, 0.13418651146485955, 0.4165919850007843, 0.11239792349354273], [0.2642854402128288, 0.34388218606070664, 0.10043781015025106, 0.29139456357621324], [0.394545999694922, 0.39306919152932496, 0.08688998621156803, 0.12549482256418493], [0.4632343904956442, 0.30083459112994637, 0.06982964905398345, 0.1661013693204261], [0.3747092552901801, 0.2364674709973882, 0.14651082364151943, 0.24231245007091243], [0.26599083555019426, 0.2687737938322809, 0.1401103479624938, 0.32512502265503107], [0.32774849146176477, 0.24108710603525052, 0.13664166502596098, 0.29452273747702384], [0.2948747704516515, 0.3905842391744041, 0.12702835196797188, 0.18751263840597243], [0.24020891143027237, 0.41169962246570363, 0.1268275051702562, 0.2212639609337678], [0.1860367499172946, 0.23267004747775233, 0.11086466678695275, 0.4704285358180003], [0.26254856977343216, 0.3004422603540425, 0.23092508358785577, 0.20608408628466945], [0.5048622692534316, 0.13880606298504003, 0.07838111156412338, 0.2779505561974051], [0.19301740510614798, 0.31634476376579285, 0.3892373848624354, 0.1014004462656239], [0.16101982978958826, 0.20411797590868563, 0.2670750051338179, 0.36778718916790837], [0.3475439068076968, 0.2464624610742322, 0.10312745855715122, 0.30286617356091955], [0.27877949671985863, 0.16184645153101465, 0.43156765794281204, 0.12780639380631484], [0.3320369821757779, 0.22188569216164378, 0.10908953434436393, 0.33698779131821416], [0.2529452930976689, 0.3597135458947263, 0.1312268746776322, 0.2561142863299728], [0.18246367195256671, 0.29804623018266524, 0.08874001067391263, 0.43075008719085556], [0.35634984191934416, 0.29486823307097454, 0.12486272214138065, 0.22391920286830075], [0.40311812429282107, 0.22528624244080586, 0.14717477952279506, 0.22442085374357787], [0.17301623426156693, 0.20868595285584493, 0.27256931190623634, 0.34572850097635194], [0.2748923145554863, 0.2339771703757707, 0.10656525120909927, 0.3845652638596438], [0.4543135522037136, 0.20635814064471625, 0.12044243984844577, 0.21888586730312443], [0.2801214990097622, 0.28025843074949597, 0.13900191028243894, 0.30061815995830293], [0.23789897855045264, 0.34396804771229283, 0.18649600318566145, 0.23163697055159307], [0.3563810021634577, 0.24130728188669232, 0.15083815010929086, 0.2514735658405594], [0.35556470229581955, 0.20658697533116308, 0.14764346699228625, 0.29020485538073104], [0.19595063733631377, 0.2055477065471335, 0.26086574151547637, 0.33763591460107656], [0.2929446944895864, 0.2228306088675668, 0.11300145100519415, 0.37122324563765285], [0.22009488728225216, 0.2298839139603772, 0.11466550216862663, 0.43535569658874423], [0.2755767245714936, 0.3165193986779497, 0.21591990550870643, 0.19198397124185038], [0.3470622334963577, 0.3420386580146549, 0.16499747861997446, 0.14590162986901287], [0.35930781970760217, 0.19413887089586826, 0.12832138155335726, 0.31823192784317234], [0.15775486309527875, 0.3161945187434803, 0.15044925882570834, 0.3756013593355326], [0.3264852071799601, 0.31690571772368054, 0.1332606149860846, 0.2233484601102746], [0.18522697644450375, 0.2924756351186577, 0.25157715112179546, 0.27072023731504297], [0.27840801678827104, 0.2944347992241337, 0.135012093651386, 0.2921450903362092], [0.41062383884275033, 0.24528448959280647, 0.11498778744419502, 0.2291038841202483], [0.29662993116317626, 0.2777832710745791, 0.09766255366571878, 0.3279242440965259], [0.22709594835473407, 0.39051741205540724, 0.1928793776542712, 0.18950726193558745], [0.2315413127479286, 0.28249904550529803, 0.08566830263902701, 0.4002913391077464], [0.2996437752605304, 0.23784467161505166, 0.28703219182333184, 0.17547936130108632], [0.24106516280753193, 0.2275209655756431, 0.09332335314151163, 0.4380905184753133], [0.36069347486816583, 0.21045869971772987, 0.1628187734804604, 0.26602905193364385], [0.5640815547246606, 0.13531882761958394, 0.1309517636029593, 0.16964785405279614], [0.21642356007232177, 0.20608024844787273, 0.1809628804054301, 0.39653331107437534], [0.29669794731957183, 0.1320941693901516, 0.0858854848876068, 0.4853223984026698], [0.3166085852066426, 0.2879178583448542, 0.16439619401504368, 0.23107736243345958], [0.27296383180185674, 0.30107701517111485, 0.20151360482637354, 0.22444554820065482], [0.3500237488211732, 0.22661345524157886, 0.14637949931825625, 0.2769832966189917], [0.2531324593543895, 0.3780066325378653, 0.1359427100269455, 0.23291819808079978], [0.445601564232407, 0.2243851229109307, 0.12670595919219121, 0.203307353664471], [0.20755059969102965, 0.19534371301334835, 0.22062080319924363, 0.37648488409637854], [0.3727416128606847, 0.21986776716510176, 0.15307926680201447, 0.2543113531721993], [0.25985562253354105, 0.27315771015660806, 0.26329916975551193, 0.20368749755433913], [0.4667336393403236, 0.22866379453246102, 0.12424231830971567, 0.1803602478174998], [0.42997888484520275, 0.20266147934176423, 0.11381468628856843, 0.25354494952446455], [0.330444828870702, 0.2887575356472578, 0.13979789514908111, 0.24099974033295912], [0.25324703260691445, 0.13428119181573048, 0.4116751076818573, 0.20079666789549783], [0.27687529348020173, 0.21753196144160328, 0.3160162212372038, 0.1895765238409912], [0.3441277393031479, 0.2055000744519868, 0.06912278617965212, 0.38124940006521335], [0.3374615124452874, 0.2915176151825508, 0.13569252828455364, 0.23532834408760822], [0.2711060258455987, 0.24746260369242168, 0.16089616830020267, 0.32053520216177706], [0.4472284382262684, 0.2555609626785823, 0.14209595102336778, 0.15511464807178169], [0.2550938034890095, 0.2594325002065887, 0.09861330990296652, 0.3868603864014353], [0.42536782134633494, 0.2912494180181168, 0.10357018493537545, 0.17981257570017273], [0.25779423699592424, 0.26939735195381226, 0.2582581308600439, 0.21455028019021968], [0.30981904240523384, 0.16302387326469445, 0.3581672408195696, 0.16898984351050236], [0.28642932047684827, 0.3850179394804431, 0.14837961019283336, 0.1801731298498753], [0.4300400839099112, 0.32193149033322993, 0.1250864644183779, 0.12294196133848102], [0.1790678953081098, 0.3981389637507162, 0.12090696095738314, 0.301886179983791], [0.3534305777721799, 0.2669461817327349, 0.14823058245426132, 0.23139265804082393], [0.20524040368564628, 0.35470927225134713, 0.1263680985707509, 0.3136822254922558], [0.228070666042416, 0.2745770920509997, 0.24364237120293233, 0.25370987070365203], [0.23739903158057996, 0.17442046796762534, 0.3684633201011875, 0.21971718035060717], [0.2231682958967348, 0.30063727616289704, 0.1845926866400361, 0.29160174130033223], [0.25799079726417157, 0.2459908926579397, 0.20254559918709575, 0.29347271089079296], [0.2763621350350754, 0.22464045545467048, 0.16849766316916584, 0.33049974634108825], [0.4508478814350362, 0.15570134462079321, 0.2138119574535441, 0.17963881649062663], [0.19696614184375608, 0.18660727967695634, 0.23646960566053835, 0.3799569728187493], [0.17703163111696932, 0.46072308652695654, 0.07572121837221533, 0.2865240639838588], [0.5851144027790174, 0.1421024294337611, 0.07407724001062453, 0.19870592777659682], [0.26729558084763616, 0.2070630100168433, 0.307998704242246, 0.21764270489327464], [0.47427626248183324, 0.13109818314038088, 0.18706295753183327, 0.20756259684595268], [0.23297760419619679, 0.2251798498116715, 0.30620844226847777, 0.23563410372365398], [0.4304758758616863, 0.17567699798782382, 0.11476610007767324, 0.27908102607281665], [0.12668831239058512, 0.17969224636732398, 0.2660049927229281, 0.42761444851916286], [0.37477097911600765, 0.27302589517311715, 0.1252007635060603, 0.2270023622048149], [0.3570197739983902, 0.2160665452398047, 0.2506161290621261, 0.17629755169967903]]}}