{"test": {"ids": ["102109010", "112116640", "113119320", "109113281", "99108000", "101114020", "100107920", "100108080", "108113620", "106113360", "98110680", "112116290", "109116930", "104119290", "102109850", "107118120", "106113190", "110116290", "103113101", "101108370", "100117420", "109116810", "108116120", "104113550", "101110150", "104117200", "108118060", "102112301", "99109161", "112118810", "112120540", "110116501", "110121720", "112116540", "97107920", "98106880", "110117200", "97107260", "108115070", "107113170", "109120540", "105120621", "113121190", "103111110", "99109370", "111115400", "108118291", "109117600", "110113931", "113122320", "112118930", "103113260", "109118161", "100108990", "113120280", "106114011", "110116170", "99107630", "112116501", "107116501", "99114890", "111116040", "100120010", "98109570", "98112300", "100109910", "107120880", "98107210", "112116900", "103113210", "101119030", "112116401", "109114270", "112119120", "102121440", "99120010", "104116980", "107115140", "103111480", "111118910", "111120531", "109117271", "103111990", "99109311", "113122170", "107117010", "98109311", "98108520", "113120540", "110117500", "100111390", "97113900", "106118820", "108113700", "106119580", "105115380", "101112160", "109114651", "112120270", "106118161", "99107640", "97105451", "112120640", "108115870", "111116170", "104112201", "112117571", "107119390", "110118930", "98116940", "112121010", "111117000", "109115070", "98113881", "105118171", "101116130", "111115620", "105116860", "98111231", "97113260", "113118421", "98107410", "112117580", "104113190", "109120560", "110115890", "113119450", "110114610", "104111830", "112118161", "100116500", "103111540", "111118301", "97112170", "108116481", "106116441", "107116980", "113122120", "106119260", "112120670", "98120010", "105120280"], "labels": [1, 0, 1, 0, 2, 3, 0, 0, 3, 0, 2, 0, 0, 1, 1, 3, 0, 2, 3, 1, 2, 3, 1, 1, 1, 3, 1, 1, 3, 3, 3, 3, 3, 1, 0, 0, 3, 2, 1, 0, 1, 1, 1, 3, 1, 0, 3, 1, 1, 1, 1, 3, 0, 2, 0, 1, 0, 2, 3, 1, 2, 0, 0, 1, 2, 2, 1, 1, 3, 3, 3, 0, 3, 1, 2, 2, 1, 0, 0, 0, 0, 0, 2, 1, 1, 1, 1, 2, 3, 1, 2, 2, 3, 0, 3, 1, 3, 3, 0, 3, 1, 0, 0, 3, 0, 0, 3, 2, 1, 2, 2, 0, 0, 3, 3, 2, 1, 2, 1, 1, 3, 3, 0, 3, 1, 2, 3, 1, 3, 0, 2, 1, 3, 0, 0, 0, 3, 1, 1, 2, 2, 3], "predicted_labels": [1, 1, 2, 3, 0, 3, 3, 3, 3, 2, 2, 2, 3, 1, 2, 3, 0, 2, 2, 0, 3, 1, 3, 3, 0, 1, 0, 3, 3, 0, 3, 0, 0, 3, 0, 3, 3, 2, 3, 3, 2, 3, 0, 1, 1, 2, 0, 1, 3, 0, 3, 3, 0, 2, 3, 1, 3, 3, 3, 1, 1, 3, 1, 3, 3, 2, 0, 3, 2, 3, 3, 3, 3, 3, 2, 0, 3, 3, 0, 1, 3, 3, 3, 1, 0, 2, 0, 3, 1, 0, 3, 3, 2, 1, 3, 2, 2, 2, 1, 2, 3, 0, 3, 0, 3, 3, 3, 1, 3, 1, 2, 0, 2, 1, 3, 1, 0, 3, 0, 1, 0, 0, 2, 3, 1, 1, 0, 1, 3, 0, 3, 1, 2, 0, 3, 3, 0, 1, 0, 0, 1, 1], "confidence_scores": [[0.22088507274254413, 0.337609206397287, 0.1273276582683795, 0.3141780625917893], [0.29860059652885107, 0.3857731167428813, 0.0844540957739542, 0.2311721909543135], [0.1668878300005384, 0.14857175566655725, 0.5286545684632558, 0.15588584586964854], [0.19282089158970045, 0.20103783853444626, 0.2696244220614838, 0.33651684781436947], [0.3024169643636545, 0.2847226215138746, 0.14906989458802733, 0.2637905195344435], [0.2108606247062228, 0.3001535222725061, 0.1606442937378435, 0.32834155928342773], [0.15929151173498782, 0.2027090292183573, 0.20710671255047858, 0.4308927464961762], [0.188630803645902, 0.20075013098271452, 0.14877934622406325, 0.46183971914732014], [0.19148758681920397, 0.2775888372689361, 0.15521594207646316, 0.37570763383539674], [0.26079372601566386, 0.24875535071049495, 0.2991257712281408, 0.19132515204570028], [0.1688065312164686, 0.13278522465489181, 0.42628313234744014, 0.2721251117811994], [0.18767834276366105, 0.2583611770375351, 0.34172799284971733, 0.21223248734908665], [0.2544196290594321, 0.15495408782741765, 0.22649361869866538, 0.36413266441448505], [0.1948810904260452, 0.3385567194464603, 0.3029132058247234, 0.16364898430277097], [0.23305119510574226, 0.23574636693995843, 0.342979030417286, 0.18822340753701328], [0.19280587406616087, 0.18468798469172895, 0.2922487717075523, 0.33025736953455787], [0.2830769372858212, 0.26738596727683506, 0.19473070850175958, 0.25480638693558433], [0.1955751668110996, 0.1971898362183397, 0.31760526046598847, 0.2896297365045724], [0.20135476612303313, 0.28705905820633043, 0.31259564954189367, 0.19899052612874293], [0.284409847899069, 0.26398349224448464, 0.2622430422956159, 0.1893636175608305], [0.23487488925465788, 0.28123883707735353, 0.18708030624748098, 0.2968059674205076], [0.26576816717743473, 0.4967139645505898, 0.09053972201043538, 0.14697814626154013], [0.2881430382924648, 0.23355308703959904, 0.14173612215194248, 0.3365677525159938], [0.23705744292146794, 0.25184477754851053, 0.16312360036924153, 0.34797417916078005], [0.4658554597789428, 0.12595120079457633, 0.09389366909539584, 0.3142996703310851], [0.1305949173773362, 0.4436739274378751, 0.21267071825817938, 0.2130604369266093], [0.31789510464078796, 0.24548962691905582, 0.17252744023864797, 0.2640878282015083], [0.2652169675679151, 0.19931042950441089, 0.1687255759142564, 0.36674702701341777], [0.2033232629022492, 0.3028030623031014, 0.12646874418617662, 0.36740493060847296], [0.3615035932606935, 0.31969546573138313, 0.11920048972902307, 0.19960045127890028], [0.26837356629365106, 0.19816301145294188, 0.26447023047479534, 0.26899319177861153], [0.5706110624989424, 0.16117838317734615, 0.10133732741469904, 0.16687322690901232], [0.3634884082075614, 0.2228889578288863, 0.2449414779939394, 0.16868115596961308], [0.2743795238894657, 0.25065034318157464, 0.14423480816329773, 0.33073532476566214], [0.2982022281369466, 0.22974725962263107, 0.24981451085894552, 0.22223600138147695], [0.22102167247599536, 0.2344614774325075, 0.17449461811394826, 0.37002223197754885], [0.18182067388323783, 0.32722525949830744, 0.1151962161931161, 0.3757578504253389], [0.21782699409862913, 0.1899462292566925, 0.32136030834473345, 0.2708664682999449], [0.20560322706839987, 0.26080328135122943, 0.14123961951558858, 0.39235387206478195], [0.18614384387150773, 0.14885113954702203, 0.28665674938034813, 0.37834826720112213], [0.22786658108130192, 0.15935380966384982, 0.31582299246147405, 0.2969566167933742], [0.27247754249297323, 0.23560821611831637, 0.11668887672579441, 0.3752253646629161], [0.4518683627335273, 0.1980823637321515, 0.18011091678923657, 0.16993835674508462], [0.13314074524556346, 0.3768050640100267, 0.19461198986678171, 0.29544220087762824], [0.24924816372977981, 0.28615434414568097, 0.20573936120924585, 0.25885813091529347], [0.27187000198080463, 0.23060257930453643, 0.3446544833189187, 0.15287293539574018], [0.5802451920502578, 0.16238440561799716, 0.1450133534998666, 0.11235704883187843], [0.1697817141441763, 0.4096837832073913, 0.15944953456910615, 0.2610849680793262], [0.26086377475345107, 0.25946402109570554, 0.18114336076403414, 0.29852884338680935], [0.43663302797048636, 0.282447595000946, 0.10511645042825102, 0.17580292660031654], [0.22634959671195415, 0.20575587391116154, 0.18846377536695427, 0.37943075400993015], [0.18544269312028117, 0.28147525284639197, 0.0972624499680261, 0.43581960406530074], [0.449988595717995, 0.22110614733115763, 0.14869120799980007, 0.18021404895104737], [0.22662692566843945, 0.19514391838719264, 0.2975049811341747, 0.28072417481019335], [0.2631791610563919, 0.236117468791124, 0.1538757643093332, 0.3468276058431509], [0.29596909979854175, 0.3439603702014898, 0.1414604205837314, 0.21861010941623713], [0.13004534881465293, 0.25794048131951813, 0.19806217425394002, 0.41395199561188906], [0.19617641852853904, 0.20774746152493465, 0.1554789739821534, 0.440597145964373], [0.17050925781083118, 0.3341206062447608, 0.11114130593720348, 0.3842288300072045], [0.2838843488281806, 0.36996011506019855, 0.12566420190686697, 0.22049133420475395], [0.1563159941434607, 0.3697743996996636, 0.24990697347105062, 0.22400263268582526], [0.2171571225082682, 0.12520406354568803, 0.25396609868672515, 0.40367271525931864], [0.18426475224892294, 0.33506977302529395, 0.20774920161762783, 0.27291627310815525], [0.3032487740846355, 0.2170850936282489, 0.14643549249396373, 0.33323063979315176], [0.27263532611692, 0.2641491654977309, 0.1338365161813876, 0.3293789922039616], [0.23552294376033064, 0.2659854670703925, 0.3215760189135871, 0.17691557025568966], [0.33835089576402483, 0.16099838232308394, 0.2775118359139119, 0.22313888599897944], [0.15541849786881348, 0.23375554703711332, 0.13193487510816884, 0.4788910799859044], [0.2046237287368274, 0.2575657236161543, 0.2916957567942331, 0.24611479085278531], [0.15330459078745895, 0.2118415997258878, 0.12882018917597854, 0.5060336203106747], [0.25239038608958136, 0.19227417772347488, 0.18587079573885043, 0.3694646404480934], [0.1556445630948705, 0.20743074719679555, 0.16552482831078488, 0.47139986139754914], [0.28064480147527215, 0.19999426545627494, 0.11349839742186733, 0.40586253564658553], [0.1639797175205804, 0.19297572876763114, 0.15911832545332064, 0.4839262282584679], [0.23625589192355093, 0.12921027405769783, 0.4309025213039652, 0.2036313127147861], [0.3423555152188748, 0.27225056053856744, 0.19671327229522387, 0.1886806519473339], [0.23643560238664457, 0.23465757395912848, 0.1697206736925418, 0.3591861499616853], [0.2613713547450926, 0.18437632923603392, 0.22083587532572957, 0.33341644069314397], [0.37201011654088584, 0.3585030592740015, 0.09600082853333002, 0.1734859956517826], [0.22530867775593436, 0.3605146294607578, 0.11467258924925842, 0.29950410353404955], [0.17740668855225708, 0.22989907054018766, 0.12137918235126925, 0.4713150585562861], [0.1648240911954078, 0.23787188481986565, 0.2603702306115808, 0.33693379337314583], [0.1897850419079262, 0.16415358813519815, 0.1404859842118686, 0.505575385745007], [0.2048539180588041, 0.30699240483245355, 0.27865355738139264, 0.2095001197273498], [0.3538093699459418, 0.33148613056694354, 0.08091802042226591, 0.2337864790648489], [0.11083885920335453, 0.13246092092413178, 0.40058110678328523, 0.3561191130892285], [0.4054602970648468, 0.18433297484663688, 0.1966265883611381, 0.21358013972737844], [0.28654918241343663, 0.2638689421571535, 0.15503314141350427, 0.29454873401590564], [0.3075950168134353, 0.31706600381629124, 0.14833097583161994, 0.22700800353865352], [0.3281936940069489, 0.17797051197903807, 0.17124631799184795, 0.32258947602216514], [0.12612288917630843, 0.12935854023695237, 0.11483106488625855, 0.6296875057004807], [0.1460939932833373, 0.22121569104335415, 0.15448968593979562, 0.4782006297335129], [0.08021393771960177, 0.11425636876125869, 0.4247524144259836, 0.3807772790931562], [0.2556816839094082, 0.2984909699627823, 0.22875274355551625, 0.21707460257229336], [0.18439856203475388, 0.32211476351827567, 0.1443380253734095, 0.3491486490735609], [0.27354808544235004, 0.12159209957088296, 0.3230758021356551, 0.28178401285111204], [0.15834636863239496, 0.22517381754934143, 0.44570702646870325, 0.17077278734956045], [0.2657880688945706, 0.1624053967325389, 0.42740124087137876, 0.14440529350151202], [0.26257635633207815, 0.3141588222030811, 0.19601180059415413, 0.22725302087068655], [0.2591644306857043, 0.12898046418621387, 0.37904919268490955, 0.23280591244317253], [0.13374865168813424, 0.2398176450938205, 0.19386316312322638, 0.43257054009481893], [0.37531919161396066, 0.26316451791683676, 0.091663006500516, 0.2698532839686866], [0.16424711091639183, 0.23935250557127455, 0.15542336819968613, 0.4409770153126474], [0.3909667391887382, 0.167319755181304, 0.15343518572783613, 0.2882783199021217], [0.29372822940244725, 0.18885999641867912, 0.16986260957749158, 0.347549164601382], [0.2623070625023571, 0.20384135658918137, 0.1321848612065668, 0.40166671970189466], [0.23186429596538735, 0.31706610021865067, 0.1280499711179472, 0.323019632698015], [0.24007421310288954, 0.31987952898287125, 0.1639685786250445, 0.27607767928919486], [0.20003380233420487, 0.25214724749520767, 0.202878835803184, 0.3449401143674035], [0.30404046096471704, 0.5175168610617369, 0.07375943409352301, 0.10468324388002313], [0.1644362497504685, 0.1706616185117729, 0.3694638015526825, 0.2954383301850763], [0.3340115805762635, 0.2260007870573248, 0.1253757493379658, 0.31461188302844595], [0.14017689978543793, 0.09338870355484195, 0.6275692554566821, 0.138865141203038], [0.20211292376964168, 0.32698375624769827, 0.18595544779928133, 0.2849478721833785], [0.1581511782357728, 0.2979340934320628, 0.08109278456491031, 0.46282194376725416], [0.20913529513529358, 0.28066815809201934, 0.26769375733088924, 0.24250278944179796], [0.3135579985629281, 0.2621402453859408, 0.13931028561055456, 0.2849914704405765], [0.269352664709808, 0.2775371018466364, 0.16486206634183928, 0.28824816710171636], [0.5269230831413677, 0.16793828873643232, 0.14383438728799877, 0.1613042408342011], [0.2289651615450793, 0.30444424849926294, 0.27718096920450613, 0.18940962075115172], [0.4067282648475221, 0.20328651113901405, 0.0794979084081273, 0.31048731560533666], [0.3196834867258654, 0.26662304177560664, 0.10008705350371885, 0.31360641799480915], [0.17312798287558315, 0.18809336522503559, 0.42875420532734315, 0.21002444657203806], [0.2594576733547529, 0.2042445309501228, 0.17979948459124523, 0.3564983111038792], [0.13012785627090032, 0.5289447793247586, 0.1890952114409238, 0.1518321529634174], [0.14162190778913125, 0.4977828150067238, 0.1239881104282814, 0.23660716677586371], [0.32931065999352244, 0.3086633098746868, 0.15619330928571631, 0.20583272084607457], [0.2079270133019915, 0.2861631939360601, 0.22905977489641483, 0.2768500178655337], [0.19088077839044254, 0.21837044660669244, 0.2163050174000781, 0.37444375760278686], [0.34975955319323443, 0.2460108880432095, 0.16447840149710063, 0.2397511572664554], [0.25343133984000277, 0.21843286962420685, 0.23492425420052301, 0.2932115363352674], [0.17432988147740244, 0.4754677284979608, 0.1243558626046413, 0.22584652741999525], [0.1319338299316157, 0.15235704676232262, 0.37639136320629135, 0.3393177600997703], [0.39621429497289457, 0.2894858497183917, 0.09870067212546872, 0.21559918318324497], [0.17454796171209552, 0.20527593141540387, 0.2745998111243302, 0.34557629574817056], [0.22199125437612546, 0.23822061177791765, 0.18566552336527978, 0.3541226104806772], [0.3739688632856224, 0.2215668582877342, 0.15061997356855056, 0.25384430485809284], [0.29907687033380503, 0.4162705996840196, 0.1295469510508336, 0.1551055789313416], [0.3652275649488544, 0.15993207982337965, 0.15893888209886395, 0.31590147312890215], [0.5762799817817298, 0.1654713954755862, 0.09617878112304115, 0.16206984161964277], [0.2518809329487604, 0.28799797668294297, 0.17309691876487981, 0.28702417160341687], [0.11178018930072163, 0.5726938542887645, 0.13695988917969162, 0.1785660672308223]]}, "rewritten": {"ids": ["97105451", "97107260", "97107920", "97112170", "97113260", "97113900", "98106880", "98107210", "98107410", "98108520", "98109311", "98109570", "98110680", "98111231", "98112300", "98113881", "98116940", "98120010", "99107630", "99107640", "99108000", "99109161", "99109311", "99109370", "99114890", "99120010", "100107920", "100108080", "100108990", "100109910", "100111390", "100116500", "100117420", "100120010", "101108370", "101110150", "101112160", "101114020", "101116130", "101119030", "102109010", "102109850", "102112301", "102121440", "103111110", "103111480", "103111540", "103111990", "103113101", "103113210", "103113260", "104111830", "104112201", "104113190", "104113550", "104116980", "104117200", "104119290", "105115380", "105116860", "105118171", "105120280", "105120621", "106113190", "106113360", "106114011", "106116441", "106118161", "106118820", "106119260", "106119580", "107113170", "107115140", "107116501", "107116980", "107117010", "107118120", "107119390", "107120880", "108113620", "108113700", "108115070", "108115870", "108116120", "108116481", "108118060", "108118291", "109113281", "109114270", "109114651", "109115070", "109116810", "109116930", "109117271", "109117600", "109118161", "109120540", "109120560", "110113931", "110114610", "110115890", "110116170", "110116290", "110116501", "110117200", "110117500", "110118930", "110121720", "111115400", "111115620", "111116040", "111116170", "111117000", "111118301", "111118910", "111120531", "112116290", "112116401", "112116501", "112116540", "112116640", "112116900", "112117571", "112117580", "112118161", "112118810", "112118930", "112119120", "112120270", "112120540", "112120640", "112120670", "112121010", "113118421", "113119320", "113119450", "113120280", "113120540", "113121190", "113122120", "113122170", "113122320"], "labels": [0, 2, 0, 0, 1, 2, 0, 1, 3, 2, 1, 1, 2, 1, 2, 3, 2, 2, 2, 1, 2, 3, 1, 1, 2, 2, 0, 0, 2, 2, 2, 2, 2, 0, 1, 1, 3, 3, 2, 3, 1, 1, 1, 2, 3, 0, 1, 2, 3, 3, 3, 3, 0, 3, 1, 1, 3, 1, 1, 2, 3, 3, 1, 0, 0, 1, 0, 3, 3, 1, 3, 0, 0, 1, 3, 1, 3, 2, 1, 3, 0, 1, 3, 1, 0, 1, 3, 0, 3, 3, 0, 3, 0, 0, 1, 0, 1, 1, 1, 1, 2, 0, 2, 3, 3, 1, 1, 3, 0, 1, 0, 0, 0, 3, 0, 0, 0, 0, 3, 1, 0, 3, 3, 0, 0, 3, 1, 1, 0, 3, 0, 2, 2, 3, 1, 3, 0, 3, 1, 1, 1, 1], "predicted_labels": [0, 3, 0, 3, 2, 3, 1, 0, 1, 3, 1, 1, 1, 0, 0, 3, 1, 3, 3, 3, 3, 0, 0, 3, 2, 1, 3, 3, 1, 0, 1, 3, 1, 1, 0, 3, 1, 1, 3, 1, 1, 0, 2, 2, 3, 0, 1, 3, 3, 3, 3, 3, 3, 3, 0, 0, 1, 2, 2, 1, 1, 1, 3, 3, 3, 1, 2, 2, 2, 0, 3, 1, 0, 3, 0, 2, 2, 1, 3, 3, 3, 3, 3, 1, 3, 3, 2, 1, 3, 0, 1, 1, 2, 3, 1, 0, 3, 3, 3, 2, 3, 3, 3, 0, 0, 0, 3, 3, 1, 1, 0, 3, 0, 3, 1, 0, 2, 0, 3, 3, 0, 2, 3, 1, 2, 1, 3, 3, 2, 3, 0, 0, 1, 3, 0, 0, 0, 0, 1, 0, 3, 3], "confidence_scores": [[0.48657588405187124, 0.1954362589188555, 0.1813715063103319, 0.1366163507189415], [0.15731150245225284, 0.2022142031303024, 0.2401044414777373, 0.40036985293970734], [0.43586476438015387, 0.18950961161313576, 0.2566063254435281, 0.11801929856318244], [0.15787120648078415, 0.30894440910694787, 0.162874680264545, 0.370309704147723], [0.17174596579175325, 0.2598909245414291, 0.33343314707755056, 0.23492996258926716], [0.16703633933436549, 0.22350237479291826, 0.18285183236110644, 0.42660945351160984], [0.10866933058715314, 0.37221348196082593, 0.2885777798787603, 0.23053940757326039], [0.33553807790731627, 0.2468096789950814, 0.2093715967414989, 0.20828064635610344], [0.2208149748188301, 0.3991445972008287, 0.12058392651455277, 0.2594565014657885], [0.20470703534998358, 0.3217899062398017, 0.14777501584888594, 0.3257280425613288], [0.17857193917945668, 0.3287366461625852, 0.1937076600857322, 0.29898375457222587], [0.17380383037128389, 0.3732999632718528, 0.20345870506579494, 0.2494375012910685], [0.19839014506129457, 0.35120966165199285, 0.3314075275824553, 0.11899266570425722], [0.42131924804770515, 0.25453469339546414, 0.13108279114071725, 0.19306326741611346], [0.3692500090640118, 0.1451310039443368, 0.24190704494181503, 0.24371194204983637], [0.16465931275844822, 0.18669877192211853, 0.21377999726482674, 0.43486191805460633], [0.16018345554774469, 0.5943027327354448, 0.12033917722080605, 0.12517463449600458], [0.22663854402578076, 0.262290759110829, 0.2043808361675225, 0.30668986069586773], [0.1880372695859065, 0.20202751488291554, 0.09985679265568422, 0.5100784228754938], [0.14134220085599075, 0.2984911303647588, 0.18402082254585633, 0.37614584623339403], [0.18418328451069568, 0.3150010498329005, 0.1320921685318849, 0.36872349712451896], [0.3584814346331033, 0.193742175981245, 0.19081565159356198, 0.2569607377920899], [0.34441177102203485, 0.2375047533337306, 0.22828405959518522, 0.1897994160490493], [0.21606964182923372, 0.3076909449094928, 0.1617983558285296, 0.3144410574327439], [0.0930139441955624, 0.3047043219664196, 0.518395418083198, 0.08388631575482002], [0.18967458839522344, 0.4675665828735979, 0.12740031966374735, 0.21535850906743143], [0.21784368995807854, 0.13535396735610583, 0.275379693176221, 0.3714226495095946], [0.16279649903824947, 0.1517842642062975, 0.1051195213546187, 0.5802997154008342], [0.21934484309549848, 0.3469378222512635, 0.20047586973556142, 0.23324146491767642], [0.40430057778999867, 0.1297785214577653, 0.16035740630363243, 0.3055634944486036], [0.2623989038158037, 0.3530802794618684, 0.10197375303791202, 0.2825470636844159], [0.20672549786104627, 0.2269357371937064, 0.12632579297625982, 0.4400129719689876], [0.21279696120304564, 0.2977149977823778, 0.25071374733909907, 0.2387742936754776], [0.1873782631087914, 0.33806279150832047, 0.2357454027005828, 0.23881354268230529], [0.3001088223355789, 0.27040185502568953, 0.209310997435091, 0.22017832520364056], [0.22208639559678817, 0.21692926783512181, 0.136379001129573, 0.4246053354385172], [0.25255156187976874, 0.33637727173967635, 0.13630676650858478, 0.2747643998719702], [0.19820763399035138, 0.41270858055292575, 0.1313913867725851, 0.25769239868413796], [0.2136216588606415, 0.2693218349683008, 0.14625545790942385, 0.3708010482616338], [0.26087367765094027, 0.35151053439209906, 0.09443580090413142, 0.2931799870528292], [0.23231812753772485, 0.3244802463597201, 0.22338717722867316, 0.21981444887388188], [0.3694856751340082, 0.25572997628266825, 0.14071518810124983, 0.23406916048207366], [0.22233823585047321, 0.2258607535301014, 0.32194865871149986, 0.22985235190792558], [0.1290976301611374, 0.1676629008973726, 0.5405230825397905, 0.16271638640169947], [0.1391405357510488, 0.2811359064627685, 0.18094451059376815, 0.39877904719241464], [0.41416281166552055, 0.2435200482767686, 0.1419673936192154, 0.2003497464384954], [0.21452244248007216, 0.3610014167316337, 0.1279264218259085, 0.29654971896238574], [0.23410068834642547, 0.2108225337747766, 0.1370064743416027, 0.41807030353719515], [0.14751237807346793, 0.18696099837372968, 0.20810685844348303, 0.4574197651093195], [0.2536996094805049, 0.23181640712568838, 0.11159648430365088, 0.4028874990901558], [0.2906952063647254, 0.29919500753518824, 0.10617230859302565, 0.3039374775070605], [0.19159441205339425, 0.18494998159143214, 0.2246953981810346, 0.3987602081741389], [0.3739047482519229, 0.12354210775170589, 0.086615843109415, 0.41593730088695624], [0.1600189652635375, 0.2192865015406505, 0.139904848872875, 0.4807896843229372], [0.3042642892723218, 0.19999564977176515, 0.2351342513836045, 0.2606058095723086], [0.26062937473343273, 0.25837776524932704, 0.2314755530932023, 0.24951730692403792], [0.14688456348059772, 0.3203596649454105, 0.2810232720226574, 0.2517324995513345], [0.2374974037416139, 0.22811380972693818, 0.2896001830669562, 0.24478860346449186], [0.21403991887490065, 0.16598883057926697, 0.33662649836641495, 0.2833447521794174], [0.2570769313736759, 0.3907254002383873, 0.10080803048419072, 0.2513896379037461], [0.32515855141847533, 0.38733911998351833, 0.08021884414361434, 0.20728348445439201], [0.13740181080469838, 0.5956292200019373, 0.11200466245203912, 0.1549643067413251], [0.1234301197071463, 0.19205779925050323, 0.11780550783958023, 0.5667065732027703], [0.15276806076321414, 0.14137406291404708, 0.16026421676644118, 0.5455936595562977], [0.19851608197483775, 0.3131181241644859, 0.13780976770077213, 0.35055602615990406], [0.1489959543359904, 0.44062594526265025, 0.18235450759688823, 0.2280235928044711], [0.18967202763600224, 0.23872193611564377, 0.2914351123318693, 0.2801709239164848], [0.2126597285756719, 0.23644811654336975, 0.39368092224662493, 0.15721123263433362], [0.18326243668697623, 0.21880141960590635, 0.3882019531806495, 0.20973419052646808], [0.36530952951850904, 0.32036948063859616, 0.0988898129308512, 0.2154311769120437], [0.18578617091527347, 0.2557221747990992, 0.1447284894330536, 0.41376316485257375], [0.1241112256610855, 0.4015469751828006, 0.13586652950691022, 0.33847526964920394], [0.4415959699567895, 0.16674174195255337, 0.12773866507056553, 0.26392362302009165], [0.2943257044820529, 0.2220161798608067, 0.18523711502967088, 0.29842100062746935], [0.41891837739226906, 0.2477254245123753, 0.09945365148387701, 0.23390254661147855], [0.19213669003933706, 0.1922630265783178, 0.3363578578204432, 0.2792424255619021], [0.14406562438925424, 0.17524901124525966, 0.41841808373620987, 0.2622672806292762], [0.2954113701579069, 0.3615725108534584, 0.14444963330075855, 0.19856648568787613], [0.1755406118999874, 0.28928605765440574, 0.22817360638982015, 0.30699972405578674], [0.20977501145922964, 0.2757808593328676, 0.17475127349318953, 0.33969285571471325], [0.20172952536905303, 0.28962571914534563, 0.19406275575154172, 0.31458199973405965], [0.21644863865824643, 0.24104729871913297, 0.15928666235959915, 0.38321740026302153], [0.18605946230155615, 0.19911265713024281, 0.18096554724227334, 0.4338623333259278], [0.2956268947621105, 0.35277911383476535, 0.11972394363478173, 0.2318700477683425], [0.18864002726933765, 0.15419310501883046, 0.23740885480595852, 0.41975801290587333], [0.2186445175926893, 0.28943302830433393, 0.13525721713364391, 0.35666523696933305], [0.2825675966344084, 0.24846197563745598, 0.30149013133915104, 0.16748029638898465], [0.14078518200031281, 0.365726708215398, 0.2531324792835566, 0.24035563050073283], [0.2317385200179422, 0.15121162977985214, 0.14230113841734124, 0.47474871178486433], [0.359825084732856, 0.1979084485803067, 0.1722698313261156, 0.26999663536072166], [0.1496056118405977, 0.44857763879740176, 0.1374570191264366, 0.264359730235564], [0.368931609212499, 0.3782897605816878, 0.10638276854770316, 0.14639586165811003], [0.27580611359520496, 0.12271841806263029, 0.3635375805615687, 0.23793788778059616], [0.22419218706811012, 0.1885152046151299, 0.23475170266785206, 0.35254090564890805], [0.22942389738542227, 0.32450319954849305, 0.251196044464054, 0.19487685860203072], [0.3670892218172388, 0.21018516151213856, 0.25380882457717385, 0.16891679209344906], [0.2556746432053094, 0.17675088383251997, 0.19677083947118737, 0.3708036334909833], [0.16670672941617684, 0.31346293803770037, 0.20388488739017827, 0.3159454451559445], [0.24805109626468078, 0.22799693145988953, 0.17197576101193332, 0.3519762112634963], [0.16080934220541793, 0.16649327281488877, 0.4881197124555841, 0.1845776725241093], [0.1654421530385964, 0.3180952421981041, 0.07297285513123863, 0.44348974963206095], [0.20324835522104212, 0.2794287480196462, 0.12284027492279267, 0.39448262183651905], [0.1396558566929115, 0.16520142637118776, 0.1596940718351913, 0.5354486451007093], [0.38612763274071854, 0.2849002619322562, 0.1106299234915604, 0.21834218183546497], [0.25778814805696454, 0.23693334052320245, 0.24822326591064905, 0.25705524550918396], [0.3785514181935549, 0.211382116016974, 0.1620202780423478, 0.24804618774712336], [0.21135189398185975, 0.18125112060212437, 0.056362717334089284, 0.5510342680819267], [0.15648256655331164, 0.21816043848529038, 0.30404705741361526, 0.32130993754778264], [0.19607894274147808, 0.4034748574975509, 0.17951309756163375, 0.2209331021993372], [0.22155403131211873, 0.34356798248208326, 0.1656438226304451, 0.26923416357535274], [0.31357079398385496, 0.16542998348007198, 0.23333352875333566, 0.2876656937827373], [0.22500401647820728, 0.2442915581758404, 0.1186529031958807, 0.41205152215007174], [0.29408073189857037, 0.26192052015493855, 0.1670102328019182, 0.27698851514457273], [0.22662196119421887, 0.22953284398627444, 0.17170046720000245, 0.3721447276195041], [0.23407267098202697, 0.3554478065441548, 0.17211056111694034, 0.23836896135687802], [0.34411259322392007, 0.2740940233523417, 0.1785289838682336, 0.20326439955550493], [0.15307437810282687, 0.20705555574643653, 0.3560673352134967, 0.28380273093724007], [0.27817967293440693, 0.21009979104248092, 0.27765843479834235, 0.23406210122476992], [0.2329679132197936, 0.26495062975735945, 0.1828266130278827, 0.3192548439949645], [0.28780498252539777, 0.20019703833975794, 0.1766747377334634, 0.3353232414013808], [0.4257315769726352, 0.262659187678172, 0.11387762356005804, 0.19773161178913473], [0.17758690293108995, 0.21596954902953147, 0.3497957155237153, 0.2566478325156632], [0.19058278798110007, 0.20379154445890807, 0.158835674546888, 0.44678999301310385], [0.17994050812068127, 0.39778037102347513, 0.17563612828509778, 0.24664299257074582], [0.2492694353218533, 0.07774129231674481, 0.4895177594992652, 0.1834715128621368], [0.1974835392854979, 0.37085271401895165, 0.1401612253140577, 0.2915025213814929], [0.18838786094681778, 0.22017323942601688, 0.13709689589274382, 0.4543420037344216], [0.2521597726212492, 0.2741267063075927, 0.18626249310246726, 0.28745102796869076], [0.24671411998005713, 0.16400090104650353, 0.33117991660272234, 0.2581050623707171], [0.16121597074185245, 0.24088956675494763, 0.2619183202742047, 0.3359761422289952], [0.32240982124700696, 0.19652018398947027, 0.16150875198861772, 0.31956124277490505], [0.3268345666588079, 0.21916206034334282, 0.2091493325719817, 0.24485404042586756], [0.2067265600387958, 0.41855335044405073, 0.13783868987709152, 0.23688139964006188], [0.3060545397509757, 0.16641258140256976, 0.14930691182122355, 0.37822596702523115], [0.40424319347579196, 0.23486081117652755, 0.11810113966390456, 0.24279485568377598], [0.31010554166444154, 0.3037319457021812, 0.10091062092459041, 0.2852518917087869], [0.3645005551312766, 0.24063414316388632, 0.12687128439916653, 0.2679940173056707], [0.3822377396038967, 0.1651684941248902, 0.11877311933980124, 0.33382064693141206], [0.22650561021355856, 0.3006327701135839, 0.2962485204058438, 0.17661309926701346], [0.36689473806236295, 0.32860173697365364, 0.10325494082381179, 0.20124858414017185], [0.21739823631009658, 0.2466026122993372, 0.1256138050315788, 0.41038534635898755], [0.2373987636143164, 0.2581588911276866, 0.09798627579523839, 0.40645606946275875]]}}