{"test": {"ids": ["113121810", "100116790", "106118820", "105113210", "97109570", "104119290", "112117471", "109119460", "112117431", "103111990", "106121190", "107113550", "107114280", "108118520", "111121410", "103120531", "105114220", "110120531", "111119250", "103110220", "102112030", "104114230", "112116610", "113119700", "113120830", "103113101", "99109840", "97113260", "109120150", "98112580", "106115250", "111120640", "100111080", "105112100", "103109021", "113121220", "100111620", "97106770", "100109311", "108115070", "98111620", "102110750", "104116980", "111117480", "107121540", "112120270", "109114270", "98120530", "98108150", "110115890", "108121410", "108113740", "99109161", "111120190", "107118520", "113118421", "103111110", "108119550", "105115250", "110118630", "100120780", "99112531", "109117730", "112119500", "104118070", "104116800", "104111990", "111118301", "99109860", "104111830", "111118820", "113118820", "104110960", "97106820", "98110230", "113120601", "98107340", "111120320", "112120630", "107113260", "107113360", "101108290", "105112130", "105116650", "111115620", "98107380", "109114651", "108116070", "112117571", "110113931", "107113130", "102108621", "108118060", "113117401", "100109360", "101108370", "107115250", "107114110", "106116120", "103109791", "106116820", "98116500", "104109311", "111121930", "104113170", "106116640", "102121440", "106118301", "108121351", "109118820", "109116170", "109117600", "108120621", "103117461", "103111170", "110121450", "109116441", "110120560", "107114140", "100109000", "106113830", "100111270", "104116441", "108114200", "113122510", "108120260", "113118511", "99107640", "101110740", "109115220", "109118161", "102117351", "112116990", "99117630", "111120280", "106114150", "97105580", "110114720", "107121230", "113121010", "97116410", "108114040"], "labels": [2, 2, 3, 3, 0, 1, 3, 1, 0, 2, 2, 0, 3, 0, 0, 3, 3, 0, 1, 2, 2, 2, 1, 0, 3, 3, 2, 1, 2, 2, 2, 0, 0, 1, 0, 3, 3, 3, 1, 1, 3, 1, 1, 1, 2, 0, 3, 1, 0, 2, 0, 3, 3, 3, 2, 3, 3, 1, 2, 1, 1, 3, 3, 2, 2, 1, 2, 3, 2, 3, 0, 0, 2, 1, 3, 2, 0, 1, 3, 0, 0, 0, 1, 1, 1, 1, 3, 1, 3, 1, 1, 3, 1, 3, 0, 1, 2, 1, 1, 3, 1, 2, 3, 1, 3, 3, 2, 1, 3, 3, 0, 1, 1, 0, 2, 3, 3, 0, 2, 1, 1, 2, 1, 0, 2, 1, 1, 1, 3, 3, 0, 1, 0, 3, 0, 1, 1, 3, 0, 2, 3, 0], "predicted_labels": [1, 1, 1, 3, 0, 3, 1, 1, 1, 1, 3, 3, 1, 1, 1, 3, 3, 0, 1, 1, 3, 3, 0, 1, 3, 1, 1, 3, 3, 1, 3, 3, 3, 3, 1, 3, 0, 2, 0, 1, 1, 1, 3, 1, 1, 3, 3, 3, 1, 1, 3, 3, 0, 3, 1, 3, 1, 3, 3, 1, 3, 0, 1, 1, 1, 3, 1, 0, 1, 3, 3, 0, 1, 3, 0, 1, 3, 3, 0, 3, 0, 0, 1, 1, 1, 0, 1, 3, 1, 1, 3, 0, 3, 0, 0, 3, 3, 3, 1, 3, 3, 0, 0, 1, 3, 3, 3, 0, 0, 3, 3, 3, 0, 0, 0, 3, 0, 3, 1, 3, 0, 1, 1, 1, 1, 1, 1, 0, 1, 1, 0, 0, 1, 3, 3, 0, 1, 1, 3, 3, 1, 3], "confidence_scores": [[0.19704580974580985, 0.3024450549450548, 0.24800494782994786, 0.25250418747918746], [0.22978648018648043, 0.3043094128094128, 0.2125123376623377, 0.25339176934176944], [0.23458396880896895, 0.2915468031968034, 0.18360663780663777, 0.29026259018759015], [0.2559427960927962, 0.2417296842046844, 0.20525820290820304, 0.29706931679431664], [0.3436071040071039, 0.23859826839826856, 0.18370811965811973, 0.234086507936508], [0.23581910589410612, 0.27089375346875355, 0.19130930458430467, 0.301977836052836], [0.2777769286269285, 0.29400218670218686, 0.14580510878010886, 0.28241577589077593], [0.24905202020202039, 0.31466645576645574, 0.18099437229437235, 0.2552871517371518], [0.29626635031635046, 0.3142066045066044, 0.1283126429126429, 0.2612144022644024], [0.2494236077647843, 0.28311378066378085, 0.20041793957676324, 0.2670446719946721], [0.18539969197469208, 0.2932370157620159, 0.19164547674547697, 0.32971781551781554], [0.21961734376734376, 0.2780997557997559, 0.1937444444444445, 0.308538455988456], [0.24074703074703097, 0.33673697413697423, 0.18835337995338006, 0.23416261516261525], [0.28539039849039866, 0.2884875732111028, 0.16974278727808137, 0.2563792410204174], [0.26155764350029076, 0.2993081898493662, 0.15949074063191715, 0.2796434260184259], [0.28473426018426007, 0.26304476079476075, 0.14430147630147633, 0.30791950271950286], [0.24550226440226458, 0.2604230380730381, 0.20277809412809417, 0.2912966033966033], [0.29331858696858676, 0.286000107408931, 0.13019459788577442, 0.29048670773670776], [0.22986291004317333, 0.30373511856220836, 0.2076333095009566, 0.2587686618936619], [0.21618353868353887, 0.30594069427304726, 0.2200866633366635, 0.25778910370675084], [0.21368316209933874, 0.2697743922743923, 0.24155356228738595, 0.2749888833388833], [0.2384714285714287, 0.27334417249417264, 0.18723788433788444, 0.3009465145965146], [0.28990415695415706, 0.2709899378399379, 0.1741156121656123, 0.26499029304029315], [0.23502849372849377, 0.33934501413619056, 0.13705072345954708, 0.2885757686757687], [0.2421846911258677, 0.2667483016983018, 0.2158547250135487, 0.275212282162282], [0.23811372238872244, 0.33350059385059383, 0.16258016428016434, 0.2658055194805196], [0.23647775002775007, 0.26945476745476743, 0.25326204383851453, 0.24080543867896825], [0.23320187590187588, 0.2511409035409036, 0.2459032023532023, 0.26975401820401823], [0.23815520868020879, 0.2692807375630906, 0.19017537740037738, 0.30238867635632327], [0.2199590076590077, 0.2706301146565852, 0.23967840182693131, 0.2697324758574759], [0.2656341289429526, 0.26782370407370404, 0.16499170829170842, 0.30155045869163494], [0.26478192918192905, 0.2705407925407927, 0.17924123931623945, 0.28543603896103886], [0.24449590409590413, 0.2798522810522811, 0.18731174103674106, 0.2883400738150737], [0.2505854867354868, 0.26483718781218785, 0.1832318792318793, 0.3013454462204463], [0.2723440746388116, 0.3237117427893745, 0.14568465876229045, 0.2582595238095238], [0.238880563880564, 0.27801703296703306, 0.17009316794316803, 0.31300923520923524], [0.2600295502742872, 0.25900964941491245, 0.22880495615495636, 0.2521558441558442], [0.25266610856463806, 0.2506809163059164, 0.2693552117816825, 0.22729776334776353], [0.36062953712953716, 0.24795338550338555, 0.16205120435120443, 0.22936587301587313], [0.2187569652569654, 0.33403497087707607, 0.17459087579087584, 0.2726171880750829], [0.18784324009324024, 0.2979373681873682, 0.24854746364746388, 0.265671928071928], [0.19809699189699204, 0.3041581121492886, 0.23221243560361216, 0.2655324603501073], [0.1996326617826619, 0.29687772227772236, 0.19695929070929086, 0.30653032523032514], [0.21553078588078597, 0.3367445165945167, 0.16046026751026754, 0.28726443001443], [0.20867323232323237, 0.31902006327006344, 0.19804650904650906, 0.27426019536019525], [0.2774923520923522, 0.25876180290297945, 0.14269839996604708, 0.3210474450386217], [0.26370180375180374, 0.29198149073149066, 0.1397505716505717, 0.30456613386613385], [0.23457924297924304, 0.27068009242219787, 0.19406239316239327, 0.300678271436166], [0.2672548912645662, 0.2944477792675159, 0.19093303918303917, 0.24736429028487877], [0.22177676212676228, 0.32470505605505623, 0.17226996336996342, 0.2812482184482184], [0.25654015429015437, 0.2705369019869021, 0.17734668664668674, 0.29557625707625695], [0.25447814962814963, 0.2286019480519481, 0.18647308247308256, 0.3304468198468198], [0.33627069401187054, 0.3077181005269242, 0.1452317571317571, 0.2107794483294484], [0.2360529442779445, 0.28601856754356747, 0.18845361305361322, 0.28947487512487524], [0.2073216672216673, 0.31135382395382416, 0.17538334720834725, 0.3059411616161617], [0.2690074092574093, 0.28401471861471866, 0.1209862193362194, 0.3259916527916528], [0.23786045066045083, 0.29392481962481964, 0.19535114885114885, 0.27286358086358103], [0.23635661283161294, 0.27252185592185596, 0.21573042513042526, 0.2753911061161062], [0.2173494727494728, 0.2786871350871352, 0.19112480297480308, 0.3128385891885889], [0.22259056148529846, 0.3424008842035158, 0.16266869808897677, 0.2723398562222092], [0.2437479992229992, 0.26650030802530816, 0.20297479187479187, 0.28677690087690094], [0.30560876900876915, 0.281950888000888, 0.14797985347985346, 0.26446048951048956], [0.25368321319203674, 0.30928133255633256, 0.1784010461760463, 0.25863440807558463], [0.22650255022755025, 0.30992182262182255, 0.21261914196914208, 0.2509564851814851], [0.20100333000333007, 0.32069955599955596, 0.2123225996225997, 0.26597451437451436], [0.24631526251526262, 0.25508955684838047, 0.17520730462348116, 0.32338787601287583], [0.21598075258075264, 0.32409905649905657, 0.22585040237540238, 0.23406978854478863], [0.30076304806304804, 0.2549306546394782, 0.14692601646719305, 0.29738028083028084], [0.23686141358641374, 0.29787879620379637, 0.2088604118104119, 0.25639937839937843], [0.19587230269730266, 0.310894141969142, 0.18050965700965704, 0.3127238983238983], [0.2880828588078589, 0.24142523587523584, 0.16439805194805196, 0.3060938533688535], [0.3094989454989454, 0.2799886391386391, 0.12728686868686875, 0.2832255466755469], [0.2014483924572161, 0.310951889252818, 0.20066201935319597, 0.2869376989367701], [0.2187096042846044, 0.25102690949401485, 0.20335895215895217, 0.3269045340624287], [0.27443750138750145, 0.2618005494505496, 0.2302728660228662, 0.2334890831390832], [0.24208190698190704, 0.3195492174492175, 0.16281380841380858, 0.27555506715506733], [0.2125112887112888, 0.281531172422349, 0.21646746945864592, 0.28949006940771654], [0.2232097707847708, 0.28417560968443345, 0.19595290069407723, 0.2966617188367189], [0.3211158508158509, 0.22267241810477104, 0.15357432959197678, 0.3026374014874015], [0.24327465034965037, 0.25081558441558455, 0.19438523143523148, 0.31152453379953393], [0.34108502404028695, 0.22873009417483098, 0.16829322344322364, 0.26189165834165845], [0.3094553113553115, 0.23818265264147617, 0.15441242172859823, 0.29794961427461436], [0.2519037518037519, 0.30769245166598097, 0.173247100448571, 0.2671566960816961], [0.2002290043290044, 0.3568529886779887, 0.21597580475080475, 0.22694220224220224], [0.22839647019647033, 0.30733222888222894, 0.16050581640581646, 0.3037654845154847], [0.3039196835843894, 0.19177903828197954, 0.25076170659405955, 0.25353957153957163], [0.2785778797226167, 0.3119119009645326, 0.12563900719163884, 0.28387121212121225], [0.2205641691641692, 0.26800444555444564, 0.21785560346086674, 0.2935757818205186], [0.23393330003330007, 0.31030928548575604, 0.17734905339758292, 0.2784083610833611], [0.28798530913530923, 0.3110571206571205, 0.14714326784326792, 0.2538143023643024], [0.20403811629546928, 0.27224042264924625, 0.23250772201654565, 0.2912137390387391], [0.3572927794427795, 0.2728805472305474, 0.12751665001665005, 0.24231002331002344], [0.22487543845043853, 0.26708361638361644, 0.1749349289599291, 0.33310601620601604], [0.30488922466422474, 0.2999059163059163, 0.11460536408036408, 0.28059949494949515], [0.2828898993163701, 0.2675511064099301, 0.17996151985269634, 0.269597474421004], [0.30158583083583107, 0.23109366189366184, 0.13956512376512378, 0.32775538350538347], [0.24630265567765583, 0.2925447385947387, 0.14456184093684102, 0.31659076479076487], [0.2568459786945082, 0.2726276501276503, 0.17084981717628778, 0.2996765540015541], [0.25021270951270963, 0.281379453879454, 0.20500833055833056, 0.2633995060495061], [0.2853397123344491, 0.25457981258507584, 0.1538274170274171, 0.30625305805305825], [0.24624710289710294, 0.2488471694971697, 0.2199624209124209, 0.2849433066933067], [0.32205634365634395, 0.20730038295038292, 0.17557105117105126, 0.2950722222222221], [0.3054211399711399, 0.282124236874237, 0.15383601398601401, 0.2586186091686092], [0.24614951714951733, 0.2930198003750634, 0.18823947368421057, 0.2725912087912088], [0.24082997002997, 0.28173869463869455, 0.18665329115329127, 0.2907780441780442], [0.26719647019647025, 0.26390690420690427, 0.18379912032412044, 0.2850975052725054], [0.2844331030081032, 0.2574199023199025, 0.16233853091353095, 0.29580846375846376], [0.3845565656565656, 0.2215240981240983, 0.12199354256854263, 0.2719257936507936], [0.33796769341769356, 0.2765748862248863, 0.14252930402930408, 0.24292811632811645], [0.26131621989121984, 0.298547113997114, 0.14027779442779445, 0.2998588716838717], [0.3023756354756354, 0.23643467121114195, 0.15832918715271677, 0.302860506160506], [0.2638155705405706, 0.2534401764901765, 0.19357349872349883, 0.28917075424575434], [0.2989816322566321, 0.29355756824874457, 0.15463131231513597, 0.2528294871794872], [0.3059646908646908, 0.28384806582306593, 0.13583267010767014, 0.2743545732045733], [0.33528626928626915, 0.2438581232492998, 0.16126251167133532, 0.25959309579309586], [0.26131704961704977, 0.26096455211455233, 0.17771598401598393, 0.30000241425241414], [0.31169440559440564, 0.2979828227328226, 0.11338234543234543, 0.27694042624042636], [0.2924035631035631, 0.22344588744588753, 0.18200681540681546, 0.3021437340437341], [0.18412219251336906, 0.28771040071040094, 0.24738303559185926, 0.2807843711843714], [0.2063145132645133, 0.28646213786213814, 0.20429882339882352, 0.30292452547452536], [0.2915895881895882, 0.24307999810646883, 0.18915538872891818, 0.2761750249750251], [0.20071193806193807, 0.2994633061383061, 0.2384114690864692, 0.26141328671328673], [0.2993160117660119, 0.3141566711066712, 0.13802306582306587, 0.2485042513042513], [0.22985006660006663, 0.3068884618649325, 0.19030783628136577, 0.27295363525363553], [0.2241971139971141, 0.33663681873681855, 0.18912806637806634, 0.250038000888001], [0.20917755936873592, 0.31922811077811075, 0.1719725821564058, 0.2996217476967478], [0.28138422133422136, 0.3486611408199641, 0.1355871053782819, 0.23436753246753264], [0.2668065878565878, 0.2597129426129428, 0.21352469752469763, 0.25995577200577225], [0.2531132145632146, 0.30168301730948793, 0.2118033990519287, 0.23340036907536915], [0.2422188422688422, 0.3017927340633223, 0.1562589244089245, 0.2997294992589113], [0.31921596736596747, 0.29757211122211125, 0.14040945165945173, 0.24280246975247002], [0.3381109390609392, 0.27085252525252507, 0.1321776612276613, 0.25885887445887457], [0.26136652791652804, 0.2747504440004439, 0.19014630924630935, 0.2737367188367191], [0.23189755244755256, 0.2885356782106783, 0.1870494005994006, 0.29251736874236883], [0.27206079165932096, 0.24744627039627043, 0.17903746286393357, 0.3014554750804752], [0.2790251973516679, 0.23990601620601634, 0.21700624930624934, 0.26406253713606664], [0.2560169691419691, 0.2737464507714507, 0.21021957486957496, 0.2600170052170052], [0.229861360861361, 0.31031401098901096, 0.19776989676989684, 0.26205473137973145], [0.23593333333333344, 0.268773470973471, 0.15899990564990577, 0.33629329004329], [0.20774004884004882, 0.3141665559586611, 0.16229121434121446, 0.31580218086007555], [0.2178988158899925, 0.2907486588574823, 0.2376487956487957, 0.2537037296037298], [0.19129298201798198, 0.2781781496281497, 0.21724274059274062, 0.3132861277611278]]}, "rewritten": {"ids": ["97105580", "97106770", "97106820", "97109570", "97113260", "97116410", "98107340", "98107380", "98108150", "98110230", "98111620", "98112580", "98116500", "98120530", "99107640", "99109161", "99109840", "99109860", "99112531", "99117630", "100109000", "100109311", "100109360", "100111080", "100111270", "100111620", "100116790", "100120780", "101108290", "101108370", "101110740", "102108621", "102110750", "102112030", "102117351", "102121440", "103109021", "103109791", "103110220", "103111110", "103111170", "103111990", "103113101", "103117461", "103120531", "104109311", "104110960", "104111830", "104111990", "104113170", "104114230", "104116441", "104116800", "104116980", "104118070", "104119290", "105112100", "105112130", "105113210", "105114220", "105115250", "105116650", "106113830", "106114150", "106115250", "106116120", "106116640", "106116820", "106118301", "106118820", "106121190", "107113130", "107113260", "107113360", "107113550", "107114110", "107114140", "107114280", "107115250", "107118520", "107121230", "107121540", "108113740", "108114040", "108114200", "108115070", "108116070", "108118060", "108118520", "108119550", "108120260", "108120621", "108121351", "108121410", "109114270", "109114651", "109115220", "109116170", "109116441", "109117600", "109117730", "109118161", "109118820", "109119460", "109120150", "110113931", "110114720", "110115890", "110118630", "110120531", "110120560", "110121450", "111115620", "111117480", "111118301", "111118820", "111119250", "111120190", "111120280", "111120320", "111120640", "111121410", "111121930", "112116610", "112116990", "112117431", "112117471", "112117571", "112119500", "112120270", "112120630", "113117401", "113118421", "113118511", "113118820", "113119700", "113120601", "113120830", "113121010", "113121220", "113121810", "113122510"], "labels": [1, 3, 1, 0, 1, 3, 0, 1, 0, 3, 3, 2, 2, 1, 1, 3, 2, 2, 3, 3, 1, 1, 0, 0, 2, 3, 2, 1, 0, 1, 3, 3, 1, 2, 1, 2, 0, 3, 2, 3, 2, 2, 3, 0, 3, 3, 2, 3, 2, 3, 2, 1, 1, 1, 2, 1, 1, 1, 3, 3, 2, 1, 1, 1, 2, 1, 3, 1, 1, 3, 2, 1, 0, 0, 0, 1, 2, 3, 2, 2, 0, 2, 3, 0, 0, 1, 1, 1, 0, 1, 1, 1, 3, 0, 3, 3, 3, 0, 3, 1, 3, 0, 3, 1, 2, 1, 3, 2, 1, 0, 0, 3, 1, 1, 3, 0, 1, 3, 0, 1, 0, 0, 1, 1, 0, 0, 3, 3, 2, 0, 3, 3, 3, 1, 0, 0, 2, 3, 2, 3, 2, 2], "predicted_labels": [3, 2, 3, 0, 1, 1, 1, 0, 3, 3, 1, 3, 0, 3, 1, 0, 3, 1, 0, 3, 1, 0, 0, 3, 1, 1, 1, 3, 3, 3, 1, 0, 1, 1, 0, 1, 1, 0, 1, 1, 0, 3, 1, 0, 3, 0, 1, 1, 1, 3, 3, 1, 3, 1, 1, 3, 3, 1, 3, 3, 3, 1, 3, 1, 1, 1, 3, 3, 0, 1, 1, 3, 3, 0, 3, 3, 0, 1, 1, 3, 1, 1, 3, 3, 1, 1, 1, 3, 0, 1, 1, 1, 0, 1, 3, 0, 3, 3, 0, 3, 1, 1, 3, 3, 3, 0, 3, 3, 3, 0, 3, 3, 3, 1, 0, 0, 1, 0, 0, 3, 3, 1, 3, 3, 3, 1, 0, 1, 1, 0, 0, 0, 0, 1, 3, 1, 1, 3, 1, 3, 1, 1], "confidence_scores": [[0.25127647907647904, 0.2537502164502165, 0.24047648462648472, 0.25449681984681977], [0.24280172295025246, 0.26072539405039413, 0.26373899189046257, 0.23273389110889112], [0.19986067266067276, 0.25554486624486644, 0.19838922466422476, 0.3462052364302362], [0.33291986901986903, 0.22990150046032395, 0.18524979269096928, 0.25192883782883785], [0.21620584415584423, 0.2776905427905428, 0.23047935952935966, 0.27562425352425357], [0.24129403374403385, 0.3231652403152403, 0.22027677877677881, 0.21526394716394728], [0.21326708846708842, 0.2933214377126143, 0.2444605097516862, 0.24895096406861122], [0.2721973040031865, 0.2022098907628321, 0.2619151495563261, 0.2636776556776558], [0.24693438881380056, 0.26803292263292283, 0.21483578088578092, 0.27019690766749604], [0.25591344211344225, 0.2893286102786103, 0.14686756576756582, 0.3078903818403818], [0.18280712065712065, 0.32204375624375625, 0.24665885225885248, 0.24849027084027098], [0.1961567060390592, 0.2862553116817823, 0.2277691067102833, 0.28981887556887564], [0.31627717282717277, 0.20391515151515158, 0.18229360639360645, 0.2975140692640693], [0.2660427648375018, 0.23425467105993433, 0.1779280330780332, 0.3217745310245308], [0.24928880563880573, 0.29278502053502053, 0.1863962204462206, 0.2715299533799534], [0.3240415750915751, 0.27612648462648454, 0.14825321622821636, 0.251578724053724], [0.19142578532578533, 0.2561836635586637, 0.25660239205239216, 0.29578815906315914], [0.21104398379398387, 0.30349935619935603, 0.24034762459762463, 0.24510903540903548], [0.31142181984682005, 0.27683839216339223, 0.14991011211011213, 0.26182967587967604], [0.2293168276168276, 0.2667144327894329, 0.1956491619491619, 0.3083195776445777], [0.19806199356199364, 0.3151967254967255, 0.17989544899544915, 0.3068458319458318], [0.38480708735708735, 0.2500537379287382, 0.13668725718725722, 0.22845191752691746], [0.28755311355311364, 0.2508672211775153, 0.20619075140545728, 0.255388913863914], [0.2264330086580087, 0.2759166301019242, 0.1999569823966884, 0.2976933788433787], [0.18917079587079597, 0.3172730796980798, 0.25568788433788436, 0.2378682400932401], [0.26300171144644846, 0.26443918654444964, 0.2120083694083696, 0.2605507326007327], [0.21561367521367525, 0.3183378316128315, 0.1986218475968477, 0.26742664557664575], [0.2454773032523033, 0.23307679820179822, 0.22324841547341548, 0.29819748307248317], [0.27098354978354977, 0.23487444017970335, 0.1705517946965316, 0.32359021534021526], [0.2696514596514599, 0.2914605006105006, 0.13838893883893888, 0.300499100899101], [0.24491687756687763, 0.30603114140761206, 0.23355196992549956, 0.21550001110001119], [0.3766475191475191, 0.25159321234321247, 0.1120453823953824, 0.2597138861138862], [0.18065835553335557, 0.33824373404373415, 0.24075351870351874, 0.24034439171939176], [0.2411855624767391, 0.2627445443445445, 0.2371987643075879, 0.25887112887112895], [0.3431914751914752, 0.2557718475968477, 0.14965131257631262, 0.25138536463536476], [0.24833451270951284, 0.28975622155622166, 0.21123807581307588, 0.25067118992119], [0.2658534430481799, 0.3136849612375929, 0.15030290440553606, 0.27015869130869136], [0.3261605006105004, 0.24680668804879335, 0.14007421467421477, 0.2869585966664916], [0.19405317460317478, 0.28694344018554546, 0.24813932178932183, 0.27086406342195823], [0.26150705405705404, 0.28291872571872584, 0.18816699966699982, 0.26740722055722055], [0.30132027972027986, 0.25373082143175035, 0.16989818873936527, 0.27505071010860493], [0.23934125874125872, 0.23309076479076493, 0.2400075646575647, 0.287560411810412], [0.252336913086913, 0.3544177711177711, 0.15883165723165735, 0.23441365856365862], [0.3198423465423463, 0.2807072538572539, 0.17748283938283935, 0.2219675602175603], [0.276111027861028, 0.2743030913530915, 0.1385665001665002, 0.3110193806193806], [0.3586886744834113, 0.23681789672315992, 0.12139362859362861, 0.2830998001998003], [0.18437378177378186, 0.30969441143651694, 0.21539476079476097, 0.2905370459949407], [0.21954920634920647, 0.31684090909090923, 0.1792501554001555, 0.28435972915972924], [0.21993737928737936, 0.32078536463536467, 0.21942791652791657, 0.23984933954933949], [0.26205993450993453, 0.29249086664969015, 0.14586382310499976, 0.29958537573537575], [0.22888326118326138, 0.2865667554667554, 0.19013774003774003, 0.2944122433122434], [0.28116555111555114, 0.31782525252525257, 0.13631176601176606, 0.2646974303474304], [0.2338060162060163, 0.2753529581529583, 0.17240623265623284, 0.3184347929847929], [0.21973266178266168, 0.3266669164169164, 0.2143688505938507, 0.23923157120657126], [0.23797812742812754, 0.2963299497887735, 0.19438796758796761, 0.2713039551951316], [0.2655236541236543, 0.2607527805527808, 0.18723504273504285, 0.2864885225885226], [0.2874847791097792, 0.22936726394520507, 0.19279225153931037, 0.29035570540570543], [0.20225079365079376, 0.3430614604349897, 0.1804009715774422, 0.27428677433677445], [0.2797373903873905, 0.221938014763015, 0.19452390387390395, 0.30380069097569096], [0.2701785825285827, 0.2507007242757243, 0.1870092407592408, 0.29211145243645226], [0.2415581021919258, 0.2927771006771009, 0.1653542219218691, 0.3003105752091048], [0.222035175935176, 0.33800601620601606, 0.19975404595404597, 0.24020476190476195], [0.2670974636474636, 0.24494975024975035, 0.1986549173049174, 0.28929786879786873], [0.2177319295084003, 0.29468257575757595, 0.23975284788311113, 0.2478326468509131], [0.27423606393606403, 0.2886281662781663, 0.17174612609612624, 0.26538964368964385], [0.22833041011276312, 0.3121870296370297, 0.20502792599557304, 0.25445463425463444], [0.245502430902431, 0.24804414474414488, 0.23713006160506178, 0.26932336274836277], [0.2554989787989788, 0.26317869352869355, 0.21637253857253852, 0.2649497890997893], [0.3172786435786436, 0.22142821067821092, 0.18148189033189038, 0.27981125541125534], [0.22443473748473758, 0.3180175935175935, 0.17294723609723622, 0.28460043290043296], [0.23596067543567548, 0.29400573038073036, 0.23334098124098146, 0.23669261294261298], [0.19764620379620387, 0.28254279870456367, 0.2112095267477621, 0.30860147075147054], [0.2611888444888446, 0.26208752358752374, 0.18467048507048517, 0.292053146853147], [0.33712259202785505, 0.2239247051194419, 0.15879877899877917, 0.28015392385392396], [0.21989641469641474, 0.28548976578976587, 0.18947082362082363, 0.30514299589299587], [0.24288522866022882, 0.26268422688422705, 0.19913388278388283, 0.29529666167166163], [0.4520296592296591, 0.23347693417693424, 0.16231746031746036, 0.15217594627594633], [0.21601203796203808, 0.32478272283272297, 0.19430084360084368, 0.2649043956043956], [0.23031990231990238, 0.32064244644244655, 0.18440973193473192, 0.2646279193029195], [0.22989711399711402, 0.26790865800865815, 0.18046933899433912, 0.321724888999889], [0.27794850149850153, 0.29404504939504933, 0.16030268065268075, 0.2677037684537684], [0.19090387945387952, 0.2958664335664338, 0.2243862831612833, 0.2888434038184038], [0.2701342657342658, 0.23466721056721063, 0.17829505494505501, 0.31690346875346875], [0.1946832056832058, 0.26795263625263643, 0.23644014319014323, 0.3009240148740149], [0.222777047952048, 0.2998828560328561, 0.20272199744699748, 0.27461809856809866], [0.25217025197025206, 0.29528036963036963, 0.1861224608724609, 0.26642691752691766], [0.2624987734487736, 0.2683764513264513, 0.2038833971583972, 0.2652413780663781], [0.2260359890109891, 0.2623996614496615, 0.18207432844932855, 0.3294900210900209], [0.29803096070596075, 0.25785077112430077, 0.18262399773429192, 0.26149427043544704], [0.2086149961149963, 0.2892722055722057, 0.2464412642912645, 0.25567153402153403], [0.22553994061494062, 0.32018766233766244, 0.14618147130647138, 0.30809092574092584], [0.26721569264069256, 0.29509550253667893, 0.14481725970108336, 0.2928715451215452], [0.30272971472971477, 0.28712042402042415, 0.15048687978687983, 0.25966298146298156], [0.2636049062049063, 0.29679069819069825, 0.1964509546009548, 0.2431534410034411], [0.2772680874680874, 0.2780660450660451, 0.15627328227328235, 0.28839258519258526], [0.31198738206238197, 0.26884097014097036, 0.14925591630591636, 0.2699157314907315], [0.24059299589299588, 0.2649553103758989, 0.15114601509601525, 0.3433056786350904], [0.2594768287268287, 0.27602478632478644, 0.1586853008103009, 0.3058130841380841], [0.41294166666666643, 0.25642072094572116, 0.08478066378066382, 0.2458569486069488], [0.2670136863136862, 0.2583578366078367, 0.18699458319458326, 0.2876338938838938], [0.2516259240759242, 0.2890479797979799, 0.1903503302253303, 0.2689757659007658], [0.319298951048951, 0.3268789099789101, 0.13546072816072818, 0.21836141081141097], [0.24559870684870677, 0.2687359529359529, 0.1869000000000002, 0.2987653402153403], [0.2615197913197915, 0.27688082473082476, 0.16674917304917322, 0.29485021090021096], [0.23771035908535915, 0.24871134976134965, 0.18814706127206138, 0.3254312298812298], [0.32018034743034723, 0.29337550227550235, 0.13703900266400268, 0.24940514763014765], [0.23068910338027995, 0.26537316866140404, 0.2273089335501102, 0.27662879440820626], [0.26292048507048515, 0.26375195360195375, 0.17495824730824738, 0.2983693140193141], [0.2284863025863027, 0.2714717254967256, 0.18492912920412918, 0.31511284271284273], [0.3590963758463759, 0.26658948273948296, 0.1370231601731603, 0.2372909812409813], [0.24348168498168518, 0.23274356199356208, 0.2183468919968921, 0.30542786102786124], [0.2582828504828507, 0.2625916805416807, 0.178578971028971, 0.3005464979464979], [0.25181635586635587, 0.2512345017727372, 0.16134099397334697, 0.33560814838756003], [0.238082278832279, 0.28164065408275946, 0.20319030969030974, 0.2770867573946522], [0.3397077540880173, 0.2686980079603919, 0.1626788477862008, 0.22891539016539025], [0.3006999195249197, 0.23087619047619057, 0.17628556998557002, 0.29213832001332013], [0.2252385753135754, 0.2877170607170607, 0.21374109779109796, 0.2733032661782662], [0.2702550699300701, 0.25681987179487187, 0.2186956460206462, 0.2542294122544123], [0.29556355866355866, 0.22906912531912524, 0.18963351370851386, 0.2857338023088023], [0.2572008963258963, 0.25088923935541585, 0.2145979678817914, 0.2773118964368965], [0.2701371406371407, 0.2467046398046399, 0.15284704184704193, 0.33031117771117774], [0.24513402545167262, 0.31291479990597637, 0.1623082453494219, 0.2796429292929294], [0.2376179598179599, 0.2696216672216671, 0.18233054723054737, 0.3104298257298258], [0.25062868797868815, 0.26167125097125105, 0.20029011544011557, 0.28740994560994565], [0.254644205794206, 0.2736894771894772, 0.19217736152736156, 0.27948895548895575], [0.27841482406482415, 0.3201794816294817, 0.15092311022311025, 0.2504825840825841], [0.30618818403818404, 0.30006887556887585, 0.17727001642148704, 0.21647292397145354], [0.2760837662337662, 0.309523757614934, 0.1536286399874635, 0.2607638361638362], [0.21896295567177934, 0.2955780666701719, 0.20311495726495735, 0.28234402039309164], [0.29833251944134304, 0.2646586136086135, 0.159073137973138, 0.2779357289769054], [0.33748755133755143, 0.2125686024759555, 0.16172905819670527, 0.28821478798978784], [0.3063789654789655, 0.28424911199911207, 0.12306577311577319, 0.2863061494061494], [0.3296732600732599, 0.2653501276501277, 0.154341047841048, 0.25063556443556445], [0.2961508991008991, 0.3322139602227837, 0.15844125678243334, 0.21319388389388405], [0.28503867243867254, 0.2524599622599623, 0.15770995670995674, 0.3047914085914087], [0.23721348096348105, 0.3043611535523301, 0.18451784522666878, 0.2739075202575202], [0.24414037629037635, 0.31755623265623273, 0.18408891663891677, 0.25421447441447453], [0.24655708180708194, 0.2300888611388612, 0.25002447552447554, 0.27332958152958164], [0.2007987012987013, 0.3152505843829372, 0.17450895607660324, 0.30944175824175824], [0.21770757020757026, 0.2851006882006883, 0.19264653679653687, 0.30454520479520475], [0.20691971916971924, 0.28103439338439323, 0.25102514430014433, 0.2610207431457432], [0.24641583971583977, 0.2891931929181931, 0.20974237429237447, 0.2546485930735932]]}}