{"test": {"ids": ["107113180", "99111930", "99110730", "99107500", "113121190", "102109910", "97105451", "108113480", "103120780", "104111990", "113117401", "100109330", "112119320", "111117120", "102110690", "109116170", "105115250", "111120260", "104119290", "110118880", "109119340", "109118231", "101109370", "111120540", "109117271", "112119500", "97112830", "112118620", "110114610", "110120540", "101109000", "112118421", "101111310", "105117431", "99107660", "99119830", "109113931", "98108580", "101112160", "99108710", "101111990", "105121370", "100112060", "111120591", "108114200", "111116010", "100107920", "109118820", "98117740", "107120130", "112116900", "106118520", "98119591", "106116850", "110118701", "105116650", "98110230", "98106560", "107114490", "103111540", "110115250", "103111170", "113122180", "110113931", "102112250", "109115220", "99108000", "109117600", "108113760", "111121351", "108116501", "112116850", "112121030", "99111620", "109119591", "106119580", "110118930", "111118910", "107114621", "111119300", "104114240", "108115570", "112117571", "100109801", "113120280", "110121500", "102109840", "112117780", "103113270", "110121720", "104114320", "108119510", "97106770", "110116290", "104116980", "107114110", "113122230", "100113210", "99117740", "102109010", "113118690", "101108121", "108116481", "103111930", "105115380", "113118810", "112119930", "99117630", "113119930", "98109570", "110115580", "101108290", "109115380", "106116640", "110114920", "101114020", "108120621", "111119950", "109121640", "99112840", "99110050", "113121680", "101114990", "101115190", "99108580", "99108310", "109114720", "106117790", "112120640", "108119330", "110118181", "98106680", "109113281", "105112100", "101110200", "111114321", "98120530", "99109780", "102110050", "105116501", "111120320", "111115910"], "labels": [3, 1, 3, 0, 1, 2, 0, 0, 1, 2, 3, 0, 1, 2, 0, 0, 2, 3, 1, 0, 3, 1, 1, 1, 0, 2, 2, 3, 1, 1, 1, 3, 3, 1, 3, 1, 1, 0, 3, 2, 2, 2, 2, 1, 0, 1, 0, 3, 2, 2, 3, 2, 1, 3, 3, 1, 3, 1, 3, 1, 1, 2, 2, 1, 0, 3, 2, 1, 1, 0, 0, 0, 0, 3, 0, 3, 1, 0, 0, 1, 0, 3, 3, 0, 0, 3, 2, 0, 2, 3, 2, 1, 3, 2, 1, 1, 1, 0, 2, 1, 3, 0, 0, 3, 1, 3, 1, 3, 1, 1, 1, 0, 3, 3, 3, 3, 1, 0, 0, 2, 3, 1, 3, 1, 0, 2, 0, 1, 0, 0, 1, 1, 0, 1, 2, 1, 1, 2, 3, 1, 1, 2], "predicted_labels": [1, 1, 3, 2, 1, 0, 3, 0, 1, 0, 3, 1, 1, 3, 1, 0, 0, 1, 1, 3, 0, 3, 1, 1, 3, 1, 3, 0, 1, 1, 1, 0, 0, 3, 1, 3, 1, 1, 1, 3, 3, 3, 1, 3, 3, 1, 3, 2, 3, 2, 0, 1, 2, 1, 3, 2, 1, 0, 3, 3, 0, 2, 1, 1, 3, 3, 1, 0, 0, 1, 3, 3, 3, 3, 3, 2, 1, 1, 0, 0, 1, 1, 3, 1, 3, 1, 1, 1, 0, 3, 1, 1, 3, 2, 1, 3, 1, 3, 1, 1, 1, 1, 3, 0, 0, 0, 3, 0, 1, 3, 2, 3, 3, 1, 0, 3, 1, 3, 0, 1, 2, 1, 1, 1, 3, 3, 1, 0, 1, 1, 1, 1, 3, 3, 1, 1, 3, 1, 1, 0, 1, 0], "confidence_scores": [[0.2959529672204207, 0.29776231034506717, 0.21793394088946658, 0.1883507815450455], [0.11183799866609073, 0.6153367692074052, 0.05538516925377187, 0.21744006287273215], [0.12160485450058886, 0.26359096804468, 0.08046733818959291, 0.5343368392651382], [0.22353698750880785, 0.23310558217605837, 0.3082448880927883, 0.23511254222234548], [0.26525760067900844, 0.3591069191116198, 0.11630131180950279, 0.2593341683998691], [0.33048719296128776, 0.1982132996872464, 0.1675376012526723, 0.30376190609879355], [0.18287977815902595, 0.3125985806215486, 0.13603426141867317, 0.3684873798007524], [0.3078236963102635, 0.22163561087688813, 0.2705418876408989, 0.19999880517194954], [0.17545260705589538, 0.36837671278421175, 0.29835055913771774, 0.15782012102217527], [0.39456688901201287, 0.3361597025715342, 0.10533711343683894, 0.16393629497961412], [0.16205255596878515, 0.330155051967756, 0.133633415133847, 0.3741589769296118], [0.20284411228798857, 0.3713073544981713, 0.19169914697557733, 0.23414938623826284], [0.14729480858911437, 0.33650502035594815, 0.18737228621009097, 0.32882788484484643], [0.28870798520079466, 0.2831481279266708, 0.07717548661431065, 0.3509684002582236], [0.25765623584517516, 0.3427206072628139, 0.07089461047718827, 0.32872854641482274], [0.6014255335830072, 0.11886956686134909, 0.06975514297167383, 0.20994975658396992], [0.3244610993123068, 0.2013985302524422, 0.16988428701019528, 0.3042560834250557], [0.3236507076233676, 0.3294685279112867, 0.07928957923102783, 0.2675911852343178], [0.17762675050198318, 0.35680615489438183, 0.16067960956876437, 0.3048874850348707], [0.1313809281244836, 0.328022455818702, 0.07204723996330326, 0.4685493760935114], [0.30317093340025775, 0.2504821750326089, 0.22825439517718485, 0.21809249638994863], [0.15723708507094042, 0.2402635286413443, 0.28353256056913, 0.31896682571858526], [0.22784570099082616, 0.2891750713567978, 0.19790041507202064, 0.28507881258035545], [0.14128504401032657, 0.3514956838207905, 0.27799971625116776, 0.22921955591771542], [0.26062284506305944, 0.31275803501249166, 0.10239050180360582, 0.32422861812084297], [0.09971411733563637, 0.5432838264399806, 0.10867078021420909, 0.24833127601017388], [0.20331634204548257, 0.2919110184464528, 0.16837117494244674, 0.33640146456561804], [0.3623220417960809, 0.23632674768176326, 0.14319268535364518, 0.2581585251685108], [0.22354156031115585, 0.40880717158477997, 0.20164912154086745, 0.1660021465631968], [0.26194422875546747, 0.37451903320575414, 0.17957154835031905, 0.18396518968845932], [0.17540478564831524, 0.40939602939608477, 0.13117389102492558, 0.2840252939306744], [0.5236209590052855, 0.2389949944305031, 0.045152708634915203, 0.1922313379292963], [0.3362795125395218, 0.2235369202430112, 0.19383064661672192, 0.24635292060074496], [0.10128423634342144, 0.15831563503683804, 0.12589279224157268, 0.6145073363781679], [0.25698022593910874, 0.33788506804495105, 0.1749245797069836, 0.23021012630895657], [0.16695155707529202, 0.338766559835762, 0.08650406179481816, 0.4077778212941279], [0.1670172908079505, 0.4835433844643098, 0.12656285833089084, 0.22287646639684888], [0.21319293265342626, 0.3627673387643956, 0.15447784844139897, 0.2695618801407792], [0.15024779564317087, 0.3917226237051159, 0.2501545651962229, 0.20787501545549014], [0.19449493734910933, 0.281760373992576, 0.18135823596106762, 0.3423864526972471], [0.18569576208117014, 0.19085887704452786, 0.15223720156298462, 0.4712081593113173], [0.1804912797579438, 0.2528377253935075, 0.0812347687553196, 0.4854362260932292], [0.24883450578003635, 0.37546625574291537, 0.23679063568072956, 0.13890860279631875], [0.36503716395238256, 0.1005134600642804, 0.04285512441465534, 0.49159425156868186], [0.27449516989752243, 0.23032835276069688, 0.11665492770616441, 0.3785215496356163], [0.2385875454397428, 0.319477440860768, 0.15280334510033491, 0.28913166859915446], [0.21397689541338044, 0.26870015015780063, 0.11682291460412796, 0.40050003982469096], [0.20629389363327483, 0.1736882777626288, 0.48835474829113407, 0.13166308031296234], [0.27050485995485013, 0.26289564763649426, 0.13029462161094113, 0.33630487079771443], [0.2237113100913299, 0.17127142250039046, 0.32758903133181383, 0.277428236076466], [0.4406640929908338, 0.27725054534139265, 0.10014411266959666, 0.1819412489981769], [0.299290350847518, 0.3285557416654059, 0.04372659016604463, 0.3284273173210316], [0.2932581400846869, 0.20139165513720111, 0.3001698613943673, 0.20518034338374472], [0.1292409235945507, 0.37977834175056957, 0.3576291380156514, 0.1333515966392284], [0.13853336743731084, 0.2883517599331632, 0.24934918481826177, 0.3237656878112643], [0.15207876738803694, 0.3283217570615718, 0.33453338537335464, 0.18506609017703676], [0.2894856847555245, 0.46587944611614734, 0.10271473995281134, 0.14192012917551672], [0.43060398252407006, 0.22395131122213832, 0.12264548180070992, 0.22279922445308173], [0.28758632886576746, 0.2178987255882135, 0.06824812774140854, 0.4262668178046103], [0.2723482982290857, 0.1729843213751408, 0.18638529598107276, 0.36828208441470073], [0.41257595328382024, 0.28539079138827605, 0.07106268187360186, 0.23097057345430194], [0.10494242726861706, 0.19449251449286653, 0.5314376221085363, 0.16912743612997996], [0.1434769879748513, 0.3681789077348412, 0.12564230610028962, 0.362701798190018], [0.31963713447127623, 0.34848963007728917, 0.09528319882399973, 0.23659003662743497], [0.3080568243159821, 0.18919982162200247, 0.14310117361858068, 0.3596421804434348], [0.15035827702728563, 0.08124921617729634, 0.08881700870993335, 0.6795754980854847], [0.11396955711360607, 0.4361803096047078, 0.12666214075657029, 0.32318799252511593], [0.3943687470046069, 0.22075309783947475, 0.03705270144732438, 0.34782545370859413], [0.3492662350655834, 0.2022610127857304, 0.17177445533064267, 0.2766982968180434], [0.10490222964283283, 0.5108236646006178, 0.08212697017798935, 0.30214713557856016], [0.14337763921203306, 0.17870872443772692, 0.12607440052056457, 0.5518392358296755], [0.12825040924413605, 0.13010273923996318, 0.27266974907597313, 0.4689771024399275], [0.3581349908852729, 0.08881276219151997, 0.04313450919770108, 0.5099177377255062], [0.26695783442492593, 0.27369952300569544, 0.1469561801684024, 0.31238646240097623], [0.2509578494437471, 0.23955113277510415, 0.0949107904557135, 0.41458022732543537], [0.1861774026641705, 0.16621069792866605, 0.43768429690153293, 0.20992760250563047], [0.18263306769501975, 0.3653488611824945, 0.09529046782278262, 0.35672760329970343], [0.28064918281699264, 0.3621099996444055, 0.06559751586470157, 0.2916433016739005], [0.31835150912979, 0.3146174418963079, 0.16235670766200563, 0.2046743413118965], [0.4219073233309432, 0.29830100140406046, 0.07214184220012315, 0.20764983306487325], [0.20029381586636613, 0.3334476270726469, 0.1699556515515152, 0.2963029055094717], [0.23797141071463468, 0.2995157912136181, 0.20531698284555297, 0.2571958152261942], [0.2320819639391685, 0.21603731965262993, 0.16018052543720981, 0.3917001909709917], [0.17053247596971507, 0.5611428958066931, 0.06155905219130742, 0.2067655760322843], [0.2918397870291877, 0.09893754029902692, 0.03406800262066872, 0.5751546700511165], [0.16763414843637453, 0.5449979847130669, 0.06803715040758981, 0.21933071644296864], [0.20050886211295196, 0.3246570279209977, 0.21163480474993238, 0.263199305216118], [0.2211207372822259, 0.3567428883867728, 0.15742939007110754, 0.2647069842598936], [0.3453213351416632, 0.2522754925473984, 0.12649299337888956, 0.275910178932049], [0.270725436451974, 0.213053459336034, 0.19372361837338842, 0.3224974858386035], [0.2811351203828344, 0.42542201984379396, 0.14586093083764512, 0.14758192893572653], [0.3303531255391518, 0.41457678912307316, 0.08856622871363873, 0.1665038566241365], [0.28008594695816785, 0.2833381672668658, 0.15035727223529205, 0.28621861353967437], [0.14839846508603646, 0.13407820859392372, 0.5049423660625704, 0.2125809602574695], [0.2696569054231098, 0.3384198740967058, 0.213256196815663, 0.1786670236645213], [0.1803326762553252, 0.21727496412636876, 0.055346701753230795, 0.5470456578650753], [0.254457882180273, 0.3238269169540811, 0.09820008064227352, 0.32351512022337237], [0.21211518325327205, 0.1160750442043414, 0.12483830967290022, 0.5469714628694865], [0.2570898210265015, 0.4030916331780454, 0.1387058223270264, 0.20111272346842665], [0.28457514888379215, 0.37990150571157055, 0.10566430918539353, 0.2298590362192439], [0.1727057405909032, 0.4062768387635931, 0.22949545844040237, 0.19152196220510134], [0.20009165537144907, 0.5125220482988602, 0.1217772998670937, 0.1656089964625971], [0.2924395579714606, 0.15343395686679911, 0.04923173347614942, 0.5048947516855907], [0.3379811357547049, 0.29932429128457794, 0.15661501506807232, 0.2060795578926449], [0.3354297923079285, 0.2505619162488149, 0.13303410498968313, 0.2809741864535735], [0.27426488358429574, 0.229325451602082, 0.24645016378536938, 0.24995950102825307], [0.16743430640746146, 0.2548410857744477, 0.08468564722413441, 0.49303896059395663], [0.3996379113731084, 0.22707964317555174, 0.12595273106659546, 0.24732971438474444], [0.24500956881381375, 0.3486436634340081, 0.11639243989449423, 0.289954327857684], [0.16887714425533445, 0.14347583606504738, 0.07519813069835281, 0.6124488889812654], [0.33430796855889405, 0.14898847777145036, 0.40365952664454274, 0.11304402702511276], [0.3237946158157895, 0.20951466026601365, 0.11181060860955913, 0.35488011530863783], [0.13086812159823313, 0.3134510018917955, 0.2039103830181939, 0.3517704934917774], [0.26401247558606217, 0.31400911788494223, 0.11602054658310254, 0.305957859945893], [0.47314749748894686, 0.24908191480690695, 0.05143188282110645, 0.2263387048830397], [0.19645293213631138, 0.17830383786210524, 0.2686336031966289, 0.3566096268049548], [0.1461808311614101, 0.5518601639529319, 0.0482663435552072, 0.25369266133045093], [0.22318417463575313, 0.29273148324338016, 0.17791971327288378, 0.306164628847983], [0.3962209365839149, 0.27529336099821655, 0.1687068497712825, 0.15977885264658617], [0.13470134806046324, 0.6459111787387618, 0.0500723928478169, 0.1693150803529582], [0.13711223350256505, 0.2400207761500467, 0.36089251834163094, 0.2619744720057573], [0.21748160043186213, 0.3749318580802572, 0.07397062349502816, 0.33361591799285256], [0.0909099372123511, 0.619077337386174, 0.08305049747548306, 0.20696222792599214], [0.2977814580692738, 0.356514545654779, 0.08860861319675865, 0.2570953830791888], [0.1217183793859881, 0.3003773899958659, 0.2714067575706704, 0.3064974730474757], [0.3259491616157484, 0.13347221005720927, 0.14233349846122387, 0.3982451298658184], [0.15942530459344978, 0.34134082486278294, 0.22578315617501613, 0.2734507143687513], [0.437648405365429, 0.28331561173743613, 0.07145035833843358, 0.2075856245587014], [0.15484247909626178, 0.3874724790420454, 0.2780587171535079, 0.17962632470818507], [0.23323755448438604, 0.4017867774456645, 0.1616150336796528, 0.20336063439029664], [0.2846588431122968, 0.45346952882959324, 0.10869041174571382, 0.15318121631239628], [0.19623727988676107, 0.349617594563307, 0.28048566347118153, 0.1736594620787505], [0.16522261248848155, 0.37026381624646676, 0.04258206106747001, 0.4219315101975817], [0.17290851032924953, 0.15027785623133758, 0.09175109295259168, 0.5850625404868213], [0.3601913613591741, 0.4074719304945406, 0.07175334979851491, 0.16058335834777032], [0.22990142062625532, 0.6392104442188818, 0.04783390496973532, 0.08305423018512732], [0.32200507586502297, 0.2894877505843694, 0.061218309053514934, 0.32728886449709266], [0.2421031780027637, 0.32694460171310197, 0.3015070947090393, 0.1294451255750949], [0.1545539404945197, 0.6288989214687538, 0.08416447757701866, 0.13238266045970798], [0.45984682523065473, 0.3699909296266432, 0.0369220800860487, 0.13324016505665337], [0.1545149006150707, 0.5010627653108157, 0.07172841337654813, 0.2726939206975656], [0.4635865867186494, 0.17183956946126325, 0.12308633339033488, 0.24148751042975258]]}, "rewritten": {"ids": ["97105451", "97106770", "97112830", "98106560", "98106680", "98108580", "98109570", "98110230", "98117740", "98119591", "98120530", "99107500", "99107660", "99108000", "99108310", "99108580", "99108710", "99109780", "99110050", "99110730", "99111620", "99111930", "99112840", "99117630", "99117740", "99119830", "100107920", "100109330", "100109801", "100112060", "100113210", "101108121", "101108290", "101109000", "101109370", "101110200", "101111310", "101111990", "101112160", "101114020", "101114990", "101115190", "102109010", "102109840", "102109910", "102110050", "102110690", "102112250", "103111170", "103111540", "103111930", "103113270", "103120780", "104111990", "104114240", "104114320", "104116980", "104119290", "105112100", "105115250", "105115380", "105116501", "105116650", "105117431", "105121370", "106116640", "106116850", "106117790", "106118520", "106119580", "107113180", "107114110", "107114490", "107114621", "107120130", "108113480", "108113760", "108114200", "108115570", "108116481", "108116501", "108119330", "108119510", "108120621", "109113281", "109113931", "109114720", "109115220", "109115380", "109116170", "109117271", "109117600", "109118231", "109118820", "109119340", "109119591", "109121640", "110113931", "110114610", "110114920", "110115250", "110115580", "110116290", "110118181", "110118701", "110118880", "110118930", "110120540", "110121500", "110121720", "111114321", "111115910", "111116010", "111117120", "111118910", "111119300", "111119950", "111120260", "111120320", "111120540", "111120591", "111121351", "112116850", "112116900", "112117571", "112117780", "112118421", "112118620", "112119320", "112119500", "112119930", "112120640", "112121030", "113117401", "113118690", "113118810", "113119930", "113120280", "113121190", "113121680", "113122180", "113122230"], "labels": [0, 3, 2, 1, 1, 0, 1, 3, 2, 1, 1, 0, 3, 2, 2, 0, 2, 2, 3, 3, 3, 1, 2, 3, 2, 1, 0, 0, 0, 2, 0, 0, 0, 1, 1, 2, 3, 2, 3, 3, 3, 1, 1, 2, 2, 3, 0, 0, 2, 1, 3, 2, 1, 2, 0, 2, 1, 1, 1, 2, 1, 1, 1, 1, 2, 3, 3, 1, 2, 3, 3, 1, 3, 0, 2, 0, 1, 0, 3, 0, 0, 0, 1, 1, 0, 1, 0, 3, 3, 0, 0, 1, 1, 3, 3, 0, 0, 1, 1, 3, 1, 1, 2, 1, 3, 0, 1, 1, 3, 3, 1, 2, 1, 2, 0, 1, 0, 3, 1, 1, 1, 0, 0, 3, 3, 0, 3, 3, 1, 2, 1, 0, 0, 3, 3, 3, 1, 0, 1, 1, 2, 1], "predicted_labels": [1, 0, 3, 0, 1, 1, 1, 1, 3, 0, 3, 1, 0, 2, 2, 2, 1, 2, 3, 3, 1, 1, 1, 1, 1, 3, 3, 1, 1, 1, 3, 1, 3, 3, 0, 1, 3, 3, 2, 0, 1, 1, 3, 3, 0, 2, 1, 0, 2, 0, 1, 1, 0, 0, 0, 1, 1, 2, 1, 3, 3, 0, 1, 3, 1, 3, 1, 0, 0, 2, 1, 1, 3, 0, 1, 3, 0, 1, 3, 3, 3, 1, 0, 1, 1, 2, 2, 3, 3, 0, 3, 0, 0, 0, 0, 0, 1, 1, 1, 0, 3, 2, 2, 0, 3, 3, 0, 2, 1, 3, 0, 1, 1, 0, 3, 3, 3, 0, 3, 1, 3, 1, 3, 3, 2, 1, 0, 3, 1, 1, 3, 3, 0, 3, 1, 2, 2, 3, 3, 1, 3, 0], "confidence_scores": [[0.3089090101841876, 0.35011796384270144, 0.06927819828342478, 0.27169482768968634], [0.46114050186051814, 0.3587868691022606, 0.06391756124208021, 0.11615506779514108], [0.20788843329246925, 0.23709300614688714, 0.17805622242862648, 0.37696233813201707], [0.3958476607721834, 0.24853788888860284, 0.1044769037145471, 0.2511375466246668], [0.16212282736458603, 0.38995742718270426, 0.33328471740602406, 0.11463502804668561], [0.13477866284382023, 0.3348568657005774, 0.2483600362493411, 0.28200443520626156], [0.15995642409150915, 0.41993058615424333, 0.1081784977799416, 0.311934491974306], [0.29911707169452645, 0.42717111487276344, 0.10485297628331565, 0.16885883714939448], [0.261854419153369, 0.31061731826479533, 0.08644501422527955, 0.34108324835655596], [0.4581307377482726, 0.17498744188689055, 0.19044690224651242, 0.1764349181183243], [0.14789333740079547, 0.229208345337429, 0.0643052413621968, 0.5585930758995787], [0.22139603239286354, 0.5184907348994248, 0.10958933234296656, 0.1505239003647451], [0.36520197893666956, 0.2089323393854495, 0.22951051459317606, 0.19635516708470502], [0.1141990606484541, 0.18985140863611763, 0.3537783002872991, 0.3421712304281292], [0.27801821245186437, 0.2427033014082871, 0.31179704480677334, 0.1674814413330752], [0.1324225428962759, 0.2694477074287349, 0.36662239144593023, 0.2315073582290588], [0.2555752045165551, 0.3466177456553733, 0.14058368916298558, 0.2572233606650861], [0.11290471636407257, 0.3446626593543747, 0.3687841649615717, 0.17364845931998124], [0.15272803537900667, 0.1924964345510224, 0.25188118960934985, 0.40289434046062117], [0.1983823104816722, 0.30487628801983513, 0.13025391117460927, 0.36648749032388356], [0.30750597274513947, 0.42740479765845857, 0.06812207679249757, 0.19696715280390437], [0.06796236859794029, 0.5639353725342513, 0.048332405669733, 0.3197698531980754], [0.16735703192907675, 0.4363108646209936, 0.06474587266830108, 0.3315862307816285], [0.2441097620529891, 0.2805874466330621, 0.2538115144992642, 0.2214912768146847], [0.1737919396761921, 0.3786735280455543, 0.27633818608134914, 0.17119634619690438], [0.11876573637574739, 0.22462941087689503, 0.10079146491257791, 0.5558133878347796], [0.28107132964239523, 0.2692379771798831, 0.08114789739880476, 0.368542795778917], [0.2615425779711147, 0.3922798991297894, 0.07068790333819101, 0.27548961956090506], [0.2815771807467586, 0.3714919282269835, 0.05382713066839573, 0.2931037603578622], [0.18829377391147303, 0.5752215877461799, 0.07522710675254243, 0.16125753158980463], [0.22940442560699062, 0.07960553057185343, 0.044814868772982616, 0.6461751750481733], [0.1550577577541788, 0.5818779676284314, 0.08546516938272382, 0.1775991052346661], [0.16098186188804195, 0.13046409415038646, 0.12420077362558408, 0.5843532703359876], [0.20999794424101723, 0.22800419784893602, 0.2723015179554663, 0.2896963399545804], [0.35036120644335284, 0.33595935673961125, 0.1247694288019559, 0.18891000801508], [0.20510172889457806, 0.39256230191731323, 0.10821086505748032, 0.2941251041306283], [0.2735445844415739, 0.17622348856907682, 0.12349561292580702, 0.4267363140635424], [0.16224761581004668, 0.3233300497514639, 0.16250794600232218, 0.3519143884361673], [0.10834929184673729, 0.22435240709456963, 0.5085086516049817, 0.15878964945371135], [0.3481121265118087, 0.172057294516031, 0.18144569689914117, 0.2983848820730193], [0.09602758110092945, 0.5979581760164454, 0.11633760032562673, 0.18967664255699843], [0.2594500007242768, 0.42783452291702656, 0.09436193769543848, 0.21835353866325807], [0.2659125238447407, 0.23180078091061554, 0.20168151367485548, 0.30060518156978816], [0.14222136525370196, 0.2812633683667293, 0.1902547854566411, 0.38626048092292775], [0.4020138017160834, 0.1401553145686657, 0.14575996155402324, 0.3120709221612277], [0.26813112654353227, 0.28819844053054916, 0.305250458671166, 0.13841997425475258], [0.1395869136985724, 0.4086306817157411, 0.06961046886744847, 0.3821719357182381], [0.4150348694065022, 0.18420071947661687, 0.06680949292099879, 0.33395491819588213], [0.15342238447263723, 0.1636387493075677, 0.4153136601690465, 0.2676252060507486], [0.3415468992329256, 0.2486436251718576, 0.22866849245425624, 0.18114098314096067], [0.17179893184048878, 0.5913669353619062, 0.09824122701437538, 0.13859290578322953], [0.25195086664454003, 0.3078112723163013, 0.1436565754512219, 0.2965812855879368], [0.34045534500288926, 0.3235024040220804, 0.09694251083211029, 0.23909974014292007], [0.4017494119780154, 0.3464341789916014, 0.12412574292642405, 0.12769066610395924], [0.33438317760159253, 0.2849109540694493, 0.14683640029557743, 0.2338694680333809], [0.18978090856570792, 0.3833889412788082, 0.19626340896774958, 0.2305667411877343], [0.1593262455668381, 0.3448586330552258, 0.17318697264465766, 0.3226281487332784], [0.18056763270306897, 0.24805498807188084, 0.2924929991802822, 0.278884380044768], [0.26955193374786346, 0.33125751893432515, 0.1572938086378136, 0.24189673867999775], [0.21055372974069175, 0.2949821554994448, 0.19120793649511345, 0.30325617826475015], [0.17497773708305744, 0.20246091215759365, 0.19032272261233257, 0.4322386281470163], [0.5345720477699949, 0.1714200754892987, 0.056249249705957, 0.23775862703474943], [0.18718373426649715, 0.3064943797196047, 0.2648522597404817, 0.24146962627341656], [0.17503067917578116, 0.27201304570413243, 0.1901271197178759, 0.36282915540221067], [0.1332723384319311, 0.383210312582464, 0.1459400615834831, 0.3375772874021219], [0.1986853819274195, 0.31931648572851706, 0.10367034117344423, 0.3783277911706194], [0.11653514879401555, 0.4719236157626712, 0.27016232085543235, 0.14137891458788077], [0.34079479136383484, 0.31423283479857883, 0.07415888402858394, 0.27081348980900216], [0.3711567756276009, 0.3604468643353405, 0.06827277078710912, 0.20012358924994927], [0.20405403273284264, 0.24704313850481302, 0.4050900846250189, 0.14381274413732542], [0.19639866815095877, 0.3243130700262524, 0.20330330711980948, 0.2759849547029794], [0.19098015118561443, 0.3499224904054012, 0.1287771787886874, 0.3303201796202968], [0.23043303399905612, 0.11651720771821159, 0.07533403293671018, 0.5777157253460221], [0.3925241189835462, 0.26315812932952004, 0.1938963959158037, 0.15042135577113006], [0.15046552130647364, 0.3050756109389554, 0.29631050798851793, 0.24814835976605323], [0.26227412649902787, 0.22728319861732582, 0.21413094855017442, 0.2963117263334719], [0.35728074677208627, 0.2603214083280518, 0.10480205370935343, 0.27759579119050837], [0.19236846482010306, 0.3739447156378727, 0.25680966958412804, 0.17687714995789633], [0.224139078853467, 0.1958923401968342, 0.2783926824689992, 0.3015758984806998], [0.2823097330462526, 0.3044872636800435, 0.06327757288963778, 0.3499254303840663], [0.10956843942094735, 0.26881891052810974, 0.09233872778904939, 0.5292739222618933], [0.317704680533367, 0.431069078382802, 0.10108596431621732, 0.15014027676761366], [0.5034626937183917, 0.1912988654333629, 0.1572745310987328, 0.14796390974951262], [0.2179544423419175, 0.5101413434148911, 0.09350474329857676, 0.1783994709446147], [0.14104876605654354, 0.595165031826642, 0.04822718360618778, 0.21555901851062662], [0.21290069528880076, 0.24917414619079048, 0.30375609206762216, 0.23416906645278687], [0.1099785472101732, 0.0878355013173866, 0.6784207504606032, 0.1237652010118368], [0.06722801455349903, 0.06185137617569934, 0.2555266933338381, 0.6153939159369637], [0.18182500126730378, 0.24154726359490458, 0.18111706510504705, 0.3955106700327447], [0.3174390351247548, 0.2033066682797142, 0.2415089188636589, 0.2377453777318722], [0.17692659592153254, 0.07615372915181313, 0.05276557164690277, 0.6941541032797516], [0.5155009199941477, 0.20062381654391728, 0.03315127513140431, 0.2507239883305307], [0.4053108317743367, 0.20616391055590383, 0.21744267018443317, 0.17108258748532623], [0.2953144465293254, 0.1431671922514264, 0.2818061253061777, 0.27971223591307065], [0.4109882279707731, 0.34838150045583216, 0.0608847378049024, 0.17974553376849248], [0.3512307232895865, 0.3101682086699244, 0.09102054350914138, 0.24758052453134766], [0.35614475942660717, 0.3869594469111463, 0.07755739463890184, 0.1793383990233448], [0.2379126262416151, 0.558213270153499, 0.056868687322627946, 0.14700541628225805], [0.2538434079201732, 0.33285066792316975, 0.23579370899946578, 0.17751221515719123], [0.5741935542860496, 0.15333554558179902, 0.0455173762818697, 0.22695352385028175], [0.20914512901151475, 0.27552601560258055, 0.22125169705605854, 0.29407715832984616], [0.2065241490512092, 0.26373251910443646, 0.3579871860712417, 0.17175614577311285], [0.14363782949195472, 0.12370811872373548, 0.468121729394117, 0.26453232239019286], [0.7014819494065048, 0.17281707802483776, 0.0432806949063978, 0.08242027766225968], [0.09388653322085774, 0.25626474663952864, 0.25410827195818353, 0.39574044818143034], [0.3224140445519001, 0.2515589457981753, 0.055364501819911885, 0.370662507830013], [0.3354695805882247, 0.26223859791614546, 0.10743763892621634, 0.2948541825694134], [0.20439113309298776, 0.29978756650108435, 0.3040068380854755, 0.19181446232045224], [0.2757186249829623, 0.5237671888580968, 0.07801460317023019, 0.12249958298871061], [0.27070331063584346, 0.26586678291488525, 0.12530472911724727, 0.3381251773320239], [0.27735455450746616, 0.2365717182216155, 0.22081777695167096, 0.2652559503192475], [0.14414285572809898, 0.5512939233644918, 0.10343200250278586, 0.20113121840462356], [0.2350872475578722, 0.29630061161195076, 0.20297512552577615, 0.265637015304401], [0.40155097946450025, 0.26070029345399576, 0.06950917362490562, 0.26823955345659845], [0.2725009271908781, 0.2687801583716467, 0.10535749949095823, 0.35336141494651696], [0.1357152334445327, 0.34926635542466644, 0.14695835383752148, 0.36806005729327934], [0.15226642171757332, 0.21856055437675528, 0.20554197257997425, 0.42363105132569717], [0.385480259952506, 0.24028193303864118, 0.10431920440234896, 0.26991860260650397], [0.24640419157056745, 0.19554759548852568, 0.14458642437796126, 0.4134617885629457], [0.257108496207187, 0.28727499040706816, 0.2605094481230069, 0.19510706526273805], [0.20529985731784622, 0.10958923546557395, 0.051960071033543054, 0.6331508361830368], [0.13843324542060553, 0.4961956314244139, 0.12062938107797583, 0.24474174207700494], [0.17047775524163514, 0.27305694904824357, 0.25918567237142986, 0.29727962333869157], [0.21435885905358532, 0.28072097724582856, 0.16573820428355857, 0.3391819594170275], [0.11928810082683577, 0.2975073752078399, 0.3092019196740352, 0.27400260429128925], [0.17516100295049247, 0.38770636165047084, 0.06181317370956205, 0.37531946168947466], [0.41487123226696976, 0.17313954235894546, 0.05516939890021432, 0.3568198264738707], [0.29010648058538047, 0.24941036367157163, 0.1703576676016637, 0.29012548814138417], [0.13821063991275093, 0.3007555410480783, 0.2729742978694524, 0.2880595211697184], [0.14869300044882766, 0.3819216256375495, 0.1563806531899483, 0.31300472072367463], [0.28558753291159283, 0.2786656476837418, 0.08708307366893112, 0.3486637457357342], [0.2660516265501108, 0.10487521836378547, 0.2610746249697809, 0.36799853011632283], [0.4991310320850971, 0.19136859231076123, 0.061921044695025095, 0.24757933090911682], [0.12713494475426165, 0.32176338089676376, 0.04596324664353994, 0.5051384277054346], [0.25047087972483734, 0.45577897709808046, 0.13577036545362708, 0.15797977772345503], [0.18599264758465414, 0.1244280759797618, 0.3927143326016587, 0.2968649438339252], [0.2602130606485211, 0.21454587675697934, 0.273052127830542, 0.2521889347639576], [0.1454807600222548, 0.2094869689449704, 0.08049868767642665, 0.5645335833563483], [0.16503195453587455, 0.20656946873315887, 0.097853297384455, 0.5305452793465116], [0.26878304715175994, 0.31334812563797665, 0.13055157574993256, 0.2873172514603308], [0.2050515932086266, 0.2514183942571997, 0.08367202151032342, 0.4598579910238501], [0.34167630201048677, 0.24576135014927697, 0.14078880901261598, 0.27177353882762023]]}}