{"test": {"ids": ["103111830", "105121190", "110117140", "102110750", "110115710", "107113200", "108113740", "108118810", "111119610", "97111790", "102112301", "110114720", "102117351", "103113170", "99108000", "105115570", "97112300", "102109840", "98111231", "98110810", "112118471", "108121351", "104113170", "103120780", "98120530", "111121220", "106115120", "101109120", "106113830", "103111480", "113122430", "100109890", "110116300", "101110740", "110115890", "107116501", "99114890", "97107821", "99108710", "111117571", "107121640", "101108580", "97116500", "112116800", "104111830", "110117500", "109121351", "113121190", "110118880", "104111380", "97116800", "105113260", "109113881", "98121790", "109116170", "111116411", "106116120", "113118111", "109116750", "108115250", "100115700", "109114720", "113122120", "111121410", "98110230", "105115380", "103113270", "113120260", "113118810", "106117650", "106115240", "113120640", "104117200", "104118340", "108117360", "100110260", "112120270", "112121360", "99117740", "100107920", "104113210", "102109910", "112116850", "112118421", "111114321", "99107950", "112117580", "104114240", "99116500", "100120010", "110119030", "105118740", "112118530", "104111880", "109114030", "101108290", "104113000", "111120320", "113118820", "113122180", "113119950", "111118301", "113118231", "107115140", "101121640", "110120540", "97109080", "108114670", "112118890", "109115220", "110118301", "105115250", "103110840", "106116370", "108118520", "108114040", "99109860", "110117110", "109115070", "111119930", "111115780", "97113260", "103110220", "112121410", "106116441", "105117431", "98109230", "109119591", "112120290", "111120280", "106114880", "100108260", "97108520", "112117790", "104117630", "105121370", "111116530", "112119980", "104112470", "102110050", "110120190", "109118161"], "labels": [3, 2, 3, 1, 2, 0, 3, 1, 2, 2, 1, 3, 1, 3, 2, 0, 2, 2, 1, 1, 1, 3, 3, 1, 1, 3, 1, 1, 1, 0, 2, 3, 3, 3, 2, 1, 2, 2, 2, 3, 1, 0, 2, 0, 3, 1, 0, 1, 0, 3, 0, 3, 0, 2, 0, 0, 1, 1, 0, 1, 1, 0, 1, 0, 3, 1, 2, 3, 3, 1, 1, 0, 3, 2, 1, 3, 0, 3, 2, 0, 3, 2, 0, 3, 1, 1, 0, 0, 2, 0, 0, 1, 1, 3, 1, 0, 1, 1, 0, 2, 0, 3, 3, 0, 2, 1, 2, 3, 3, 3, 1, 2, 1, 2, 0, 0, 2, 0, 0, 1, 1, 1, 2, 0, 0, 1, 1, 0, 1, 0, 0, 3, 2, 3, 0, 2, 3, 0, 1, 3, 3, 0], "predicted_labels": [3, 1, 3, 2, 1, 3, 3, 1, 3, 3, 3, 1, 1, 1, 1, 1, 0, 3, 0, 1, 1, 3, 1, 3, 3, 3, 3, 3, 3, 0, 1, 3, 3, 1, 1, 3, 1, 0, 1, 3, 3, 0, 3, 1, 1, 1, 0, 3, 3, 3, 0, 1, 0, 0, 1, 3, 1, 3, 0, 3, 3, 3, 1, 1, 3, 2, 2, 1, 1, 1, 1, 0, 1, 3, 3, 0, 0, 1, 0, 3, 3, 3, 3, 3, 1, 1, 3, 3, 3, 3, 3, 1, 1, 3, 0, 3, 3, 3, 1, 3, 3, 3, 3, 3, 3, 1, 3, 3, 2, 3, 3, 3, 1, 0, 0, 2, 1, 1, 1, 3, 3, 3, 1, 3, 3, 2, 3, 1, 3, 3, 1, 0, 1, 3, 1, 1, 1, 1, 1, 3, 3, 1], "confidence_scores": [[0.16979455964089998, 0.12902615409945542, 0.10559780729408351, 0.5955814789655611], [0.03863359503991092, 0.2822951141780777, 0.4988913729336352, 0.18017991784837611], [0.18095960997942748, 0.28357419794010497, 0.028490078469703466, 0.5069761136107642], [0.007155870149963602, 0.10232599357019019, 0.8695102421196119, 0.021007894160234637], [0.26462501382468834, 0.43493717119609837, 0.06722571415291774, 0.2332121008262955], [0.14036984246309514, 0.12543845138215742, 0.00121412775966337, 0.7329775783950839], [0.45534282225934003, 0.02772614801265314, 0.007008980911689218, 0.5099220488163176], [0.044639799421220226, 0.7071429243338749, 0.10013181185391908, 0.14808546439098538], [0.2181013144365246, 0.16674190804440248, 0.43723561878860767, 0.17792115873046493], [0.17245710033099426, 0.15884200435686716, 0.29680153479721627, 0.37189936051492245], [0.18145802522576185, 0.09124368721115912, 0.08175712284994724, 0.6455411647131318], [0.02133150570186726, 0.35489798910775805, 0.5048733700186132, 0.11889713517176151], [0.31508167359195804, 0.6203927510619711, 0.00548574741571436, 0.059039827930356475], [0.2095207082347428, 0.385706695206143, 0.31421635984311214, 0.09055623671600208], [0.028935659005159157, 0.6877155209727092, 0.1909747588586907, 0.09237406116344114], [0.11935823912991605, 0.2665247735747588, 0.48500141130373126, 0.12911557599159415], [0.4034514644531621, 0.08223375835286517, 0.3137328742856997, 0.2005819029082729], [0.08897432979483463, 0.2339524438617641, 0.364550105182455, 0.312523121160946], [0.9093213318860389, 0.05630596647402449, 0.008172656551091163, 0.026200045088845405], [0.06083876304317014, 0.18440725510176414, 0.7312507063008425, 0.02350327555422314], [0.06555013795752593, 0.42042600797721985, 0.4729560290757917, 0.0410678249894625], [0.1221747969920312, 0.3196138281625604, 0.015626112524643236, 0.5425852623207656], [0.14566447935909857, 0.6129185356785061, 0.06665904709295746, 0.17475793786943777], [0.2484668544902098, 0.2596576953686718, 0.11230833554756914, 0.3795671145935493], [0.13794039186070559, 0.16853881698340048, 0.03279458533121379, 0.6607262058246802], [0.09040572880825326, 0.35373657872508524, 0.0274069597601155, 0.5284507327065459], [0.13679781857067191, 0.0537324984249515, 0.0024074852150438096, 0.8070621977893329], [0.24238689544897843, 0.08276428264628244, 0.112618389909102, 0.5622304319956373], [0.35551837055458213, 0.1367031667807827, 0.015952446832568704, 0.4918260158320665], [0.7658514662324231, 0.143802231644742, 0.0007138997492550818, 0.08963240237358003], [0.011112069482061832, 0.8312357310766808, 0.06683727880458964, 0.09081492063666756], [0.466548902930965, 0.04175730163380843, 0.01951135840415814, 0.4721824370310683], [0.10052111586432559, 0.34011367526279385, 0.11791168852693516, 0.4414535203459453], [0.17150917066922233, 0.4228577138100634, 0.19301228230602246, 0.21262083321469155], [0.054691675281952866, 0.8545925800514992, 0.04645728924174233, 0.04425845542480546], [0.18828332403478312, 0.3502409921648216, 0.04263994621847238, 0.4188357375819227], [0.007900161787584544, 0.7009655354669496, 0.14472646371397088, 0.146407839031495], [0.612500049814264, 0.1177786814377604, 0.06963894468283705, 0.2000823240651383], [0.03468215228330901, 0.9457232884176858, 0.005663097777404768, 0.013931461521600482], [0.20491590538916946, 0.2621697219725819, 0.01746892107718112, 0.5154454515610676], [0.0708313938107339, 0.27087554583426626, 0.13805702184545485, 0.520236038509545], [0.9846731344933716, 0.0005601304290407454, 0.001104147646234873, 0.013662587431352758], [0.17787950495928265, 0.18450673739386847, 0.32259832964431695, 0.31501542800253207], [0.05607080897242695, 0.661947490894358, 0.06465661865879543, 0.21732508147441953], [0.008601604945889334, 0.7872336234937192, 0.021141204737193425, 0.18302356682319795], [0.18669200850830497, 0.450156571315455, 0.03614793136016494, 0.32700348881607477], [0.6569650072032328, 0.08133123278182972, 0.039161160846194434, 0.22254259916874283], [0.0921545712515727, 0.41190200910889946, 0.05677346438769604, 0.4391699552518322], [0.2508174166073418, 0.07731836850896602, 0.0004539227302568393, 0.6714102921534352], [0.17453946658058972, 0.09387716021998234, 0.15694506315411083, 0.5746383100453168], [0.9643180495604831, 0.00582910032746057, 0.002392909633193719, 0.027459940478862542], [0.12438811676979988, 0.36740805351557027, 0.1571388783998057, 0.35106495131482435], [0.8038170807202778, 0.13576947997233965, 0.04049866403825031, 0.019914775269131952], [0.5639929088593292, 0.15489723535363722, 0.15394764764936855, 0.12716220813766535], [0.388118504324284, 0.3973678938357886, 0.017153780165699833, 0.19735982167422797], [0.5480549751146312, 0.00556311672299088, 0.009445388532337656, 0.4369365196300403], [0.29850116953767836, 0.4092894706779852, 0.1585170779962079, 0.13369228178812853], [0.3397120385351762, 0.23764611097517677, 0.015153308429136895, 0.4074885420605103], [0.6904262440720209, 0.11937809839361682, 0.1063717170592814, 0.08382394047508082], [0.057146561003778185, 0.1191441487743964, 0.04981171112338913, 0.7738975790984363], [0.13695653037098254, 0.13693616968187422, 0.17514638508264718, 0.5509609148644962], [0.01943838035126199, 0.23862608854965228, 0.5658402117206288, 0.1760953193784571], [0.03418843165873257, 0.7837045545628709, 0.12973560673643203, 0.05237140704196464], [0.2989056035723512, 0.44373812501545656, 0.04341013305984303, 0.2139461383523488], [0.213927249046589, 0.35102068314037216, 0.03728819287500712, 0.39776387493803217], [0.020289599556877903, 0.16267861302346118, 0.7351699406821917, 0.08186184673746934], [0.03091582947023038, 0.026031587977597394, 0.896717169888956, 0.04633541266321592], [0.24156939952317583, 0.48714283592011726, 0.1080313589808712, 0.16325640557583568], [0.17294533478109658, 0.5389298639890043, 0.15110036951954925, 0.13702443171034964], [0.10111087351478644, 0.39701995559968717, 0.32278703432132033, 0.17908213656420616], [0.45915536419833086, 0.2745283766308711, 0.059361069037287564, 0.2069551901335106], [0.8912885718333381, 0.04937742916247712, 0.0002722293221758045, 0.0590617696820089], [0.039969239855342335, 0.8069413588520227, 0.06764108200284118, 0.08544831928979385], [0.04826763441133887, 0.15721713534894838, 0.17811349613263164, 0.616401734107081], [0.2712445832710265, 0.2161186392946498, 0.19581222821879782, 0.31682454921552605], [0.7146619638506261, 0.05502807670550494, 0.005691606728614458, 0.22461835271525457], [0.5346971515322099, 0.11664528622798392, 0.06650358929862181, 0.28215397294118383], [0.13805792299661995, 0.4798358093328241, 0.07105040111323177, 0.3110558665573243], [0.8652286227339353, 0.0901265026111937, 0.0059833905034465595, 0.03866148415142436], [0.3074552662920556, 0.1496522634182084, 0.013698632472960298, 0.5291938378167759], [0.47800563228933013, 0.06285390104797654, 0.029631223803861267, 0.42950924285883235], [0.4600311254674541, 0.10616259629480089, 0.028840102544282153, 0.40496617569346294], [0.13972190626503214, 0.16350115072465035, 0.1398818594886152, 0.5568950835217024], [0.09530378546575402, 0.2307647861795882, 0.006058585912011627, 0.6678728424426463], [0.14098388982411802, 0.47949699351697883, 0.042085290305608855, 0.3374338263532941], [0.01986220296072327, 0.7006450492621821, 0.23832555144442072, 0.04116719633267396], [0.41217330990062406, 0.2737918322518075, 0.02069697556585205, 0.2933378822817162], [0.31563960951017783, 0.13226679741126537, 0.22729335912209522, 0.32480023395646146], [0.08283773616617505, 0.22482318133517037, 0.38238894121559425, 0.30995014128306], [0.07129698649157852, 0.018991642260716483, 0.13751757825934527, 0.7721937929883594], [0.050460631743987995, 0.22817829497627226, 0.02506198477259142, 0.6962990885071483], [0.09052103402870952, 0.4757972044511912, 0.2680187118148242, 0.16566304970527487], [0.017738429099961716, 0.8028490439333761, 0.15620630033222918, 0.023206226634432933], [0.015664824780108496, 0.38466922360836553, 0.2149834754070473, 0.38468247620447865], [0.7320418283110539, 0.016815224620142528, 0.0034134495343579522, 0.24772949753444568], [0.16828553529752163, 0.31205835128418824, 0.02349197446591906, 0.4961641389523709], [0.07468287658636717, 0.0390379416200314, 0.04766205701494166, 0.8386171247786597], [0.19122634309797595, 0.3053193672459987, 0.2040526709215253, 0.2994016187345001], [0.35346283765242903, 0.5650360273486803, 0.0030175747490009753, 0.07848356024988967], [0.024289722719783708, 0.17788934849389185, 0.47194497518400563, 0.3258759536023192], [0.5772624252607639, 0.0469436090724062, 0.0031593996348459677, 0.3726345660319843], [0.2511451156523277, 0.07701743847553273, 0.3785505697745717, 0.2932868760975679], [0.07874713135154647, 0.25253683217133505, 0.25646496493206256, 0.41225107154505614], [0.3413642522710722, 0.011303100257399269, 0.013330149774266772, 0.6340024976972618], [0.22537457178718823, 0.33241818316505295, 0.01561231294236204, 0.426594932105397], [0.017950632235522103, 0.6372766890135942, 0.295247477826625, 0.04952520092425868], [0.11334862763865333, 0.22681623870436327, 0.5148821833923446, 0.14495295026463859], [0.11903121042233938, 0.1034826227854093, 0.013822913871552149, 0.7636632529206994], [0.03985196055510483, 0.15250728254141455, 0.7410895080493405, 0.06655124885414036], [0.19666540535084645, 0.15764753484848004, 0.13492424225661373, 0.5107628175440595], [0.39427602786272303, 0.13243200247875228, 0.0075528612411637115, 0.46573910841736094], [0.06756578359162849, 0.3027387970267361, 0.2159009668030366, 0.41379445257859887], [0.025200711918379144, 0.7462482899121056, 0.08435034202930565, 0.1442006561402094], [0.8747491751384688, 0.009411013450186988, 0.02255672195250986, 0.09328308945883425], [0.7208778473982489, 0.14834629695424048, 0.030084790502515692, 0.10069106514499464], [0.01786373872709234, 0.14237477380946398, 0.7555663954241677, 0.0841950920392758], [0.037202329062446485, 0.7675754711760902, 0.13551628849668543, 0.05970591126477805], [0.2029679464379453, 0.4996441539368011, 0.0749421671195316, 0.22244573250572205], [0.12441350348371771, 0.7284568034315904, 0.024518589455087492, 0.12261110362960446], [0.15548018819053175, 0.09881111925130276, 0.18552414705447431, 0.5601845455036915], [0.09549166548673682, 0.1841388506161264, 0.23736501932340454, 0.48300446457373225], [0.042378288837381296, 0.11195588419452354, 0.5838733929595837, 0.26179243400851127], [0.059102778529366115, 0.5004817263822519, 0.3173032137734908, 0.12311228131489113], [0.2948367725954052, 0.19358293826310224, 0.09184409403813171, 0.41973619510336063], [0.07048149508213193, 0.17240819437249202, 0.015547829730709324, 0.7415624808146666], [0.07062764596900394, 0.13840369538502942, 0.6838318868437615, 0.10713677180220542], [0.11683930074490695, 0.0231185040873238, 0.6579606139070873, 0.2020815812606819], [0.22963125608805737, 0.33678157850982476, 0.22986359562653685, 0.20372356977558073], [0.4489083183062576, 0.12075101695990717, 0.029632932729176397, 0.4007077320046587], [0.3862323802545864, 0.08754410314743083, 0.013885223284138432, 0.5123382933138443], [0.04934969903753393, 0.33305958890693643, 0.5807204854083882, 0.03687022664714161], [0.5436491657766519, 0.10431830606615851, 0.23390867661656783, 0.11812385154062192], [0.36346992422103824, 0.4840440469395756, 0.04673326828745515, 0.10575276055193103], [0.4428787947536442, 0.04726743442624195, 0.00907300004286488, 0.5007807707772486], [0.04857089596653934, 0.5911327109244152, 0.11682059906866811, 0.24347579404037728], [0.004356505942385264, 0.8652771595891077, 0.052325087856194635, 0.07804124661231215], [0.20296023876451458, 0.469308624912915, 0.0060525515747504146, 0.32167858474782013], [0.05746492194700046, 0.8086829025399188, 0.02354915231779048, 0.11030302319529058], [0.1652365527001359, 0.30321938170004126, 0.30278974816131865, 0.22875431743850408], [0.14242200943192312, 0.2577181111190194, 0.25035469135049576, 0.3495051880985618], [0.03658680949482983, 0.32113289201103506, 0.2866699087961524, 0.3556103896979827], [0.36412771539984135, 0.4720033518486648, 0.043781796045424995, 0.12008713670606885]]}, "rewritten": {"ids": ["97107821", "97108520", "97109080", "97111790", "97112300", "97113260", "97116500", "97116800", "98109230", "98110230", "98110810", "98111231", "98120530", "98121790", "99107950", "99108000", "99108710", "99109860", "99114890", "99116500", "99117740", "100107920", "100108260", "100109890", "100110260", "100115700", "100120010", "101108290", "101108580", "101109120", "101110740", "101121640", "102109840", "102109910", "102110050", "102110750", "102112301", "102117351", "103110220", "103110840", "103111480", "103111830", "103113170", "103113270", "103120780", "104111380", "104111830", "104111880", "104112470", "104113000", "104113170", "104113210", "104114240", "104117200", "104117630", "104118340", "105113260", "105115250", "105115380", "105115570", "105117431", "105118740", "105121190", "105121370", "106113830", "106114880", "106115120", "106115240", "106116120", "106116370", "106116441", "106117650", "107113200", "107115140", "107116501", "107121640", "108113740", "108114040", "108114670", "108115250", "108117360", "108118520", "108118810", "108121351", "109113881", "109114030", "109114720", "109115070", "109115220", "109116170", "109116750", "109118161", "109119591", "109121351", "110114720", "110115710", "110115890", "110116300", "110117110", "110117140", "110117500", "110118301", "110118880", "110119030", "110120190", "110120540", "111114321", "111115780", "111116411", "111116530", "111117571", "111118301", "111119610", "111119930", "111120280", "111120320", "111121220", "111121410", "112116800", "112116850", "112117580", "112117790", "112118421", "112118471", "112118530", "112118890", "112119980", "112120270", "112120290", "112121360", "112121410", "113118111", "113118231", "113118810", "113118820", "113119950", "113120260", "113120640", "113121190", "113122120", "113122180", "113122430"], "labels": [2, 2, 2, 2, 2, 1, 2, 0, 1, 3, 1, 1, 1, 2, 1, 2, 2, 2, 2, 2, 2, 0, 3, 3, 3, 1, 0, 0, 0, 1, 3, 2, 2, 2, 3, 1, 1, 1, 2, 1, 0, 3, 3, 2, 1, 3, 3, 3, 1, 1, 3, 3, 0, 3, 0, 2, 3, 2, 1, 0, 1, 1, 2, 2, 1, 0, 1, 1, 1, 2, 0, 1, 0, 0, 1, 1, 3, 0, 3, 1, 1, 0, 1, 3, 0, 1, 0, 0, 3, 0, 0, 0, 0, 0, 3, 2, 2, 3, 0, 3, 1, 1, 0, 0, 3, 1, 1, 1, 0, 3, 3, 3, 2, 1, 0, 1, 3, 0, 0, 0, 0, 3, 3, 1, 1, 3, 0, 0, 1, 3, 0, 1, 3, 3, 0, 0, 3, 0, 1, 1, 2, 2], "predicted_labels": [0, 1, 1, 3, 0, 1, 1, 0, 2, 1, 1, 0, 1, 3, 2, 1, 1, 1, 1, 1, 0, 0, 3, 3, 3, 3, 3, 1, 0, 3, 3, 1, 3, 0, 3, 2, 0, 1, 3, 1, 0, 3, 2, 3, 1, 3, 1, 3, 1, 3, 1, 3, 3, 1, 3, 3, 1, 3, 2, 3, 2, 1, 1, 1, 3, 3, 3, 3, 3, 0, 3, 3, 3, 3, 3, 1, 0, 2, 3, 3, 3, 0, 1, 3, 1, 3, 2, 1, 3, 1, 1, 0, 3, 0, 2, 1, 3, 3, 1, 3, 3, 1, 3, 3, 3, 1, 3, 3, 0, 3, 3, 2, 2, 3, 0, 2, 3, 1, 1, 3, 3, 3, 3, 3, 1, 1, 1, 3, 3, 1, 1, 3, 2, 1, 0, 3, 3, 0, 3, 1, 3, 1], "confidence_scores": [[0.5590631043376252, 0.12783202164450164, 0.015042062639926496, 0.29806281137794705], [0.08487952020561694, 0.7096386940517133, 0.01908947401473221, 0.18639231172793724], [0.056644668739244036, 0.3645099497548963, 0.49495270965636795, 0.08389267184949184], [0.23292616905652438, 0.23690050203685342, 0.11575849337222356, 0.4144148355343987], [0.661857911517182, 0.04552724611663149, 0.04800421678506805, 0.24461062558111865], [0.03646455384518159, 0.18197695337188588, 0.6793208083497145, 0.10223768443321773], [0.213161306496274, 0.3972588853243019, 0.23511884811191516, 0.15446096006750928], [0.6196466599793393, 0.06228245389301511, 0.14136809830266708, 0.1767027878249787], [0.06247358053572083, 0.011280839923459105, 0.8891488701371417, 0.03709670940367861], [0.11899875049004781, 0.5257345857792604, 0.002297618549922276, 0.35296904518076955], [0.012993017680005145, 0.31122984926010405, 0.6608504661504211, 0.014926666909470072], [0.7721408820759367, 0.12879637571248242, 0.01867767743644067, 0.08038506477514044], [0.3658744748352962, 0.5035768791612316, 0.02004841616783236, 0.11050022983564017], [0.3979342002592562, 0.2511347165633525, 0.044520767304109705, 0.3064103158732814], [0.026346841721722178, 0.11998439562772566, 0.8409614591655185, 0.012707303485033516], [0.03287552375974629, 0.4668548246741774, 0.4396238799853126, 0.0606457715807636], [0.10210305796228819, 0.7499334382327361, 0.07203888883803415, 0.07592461496694147], [0.016574498150842658, 0.4509281928171632, 0.49327422534767257, 0.03922308368432149], [0.03729407934823371, 0.35800771131301057, 0.4158720339695235, 0.18882617536923255], [0.031203721666374612, 0.475393714096496, 0.2812973097298174, 0.21210525450731202], [0.6031689974746525, 0.2879128067252147, 0.0008466151519528529, 0.10807158064818015], [0.7680646453394431, 0.06111586223989754, 0.004805829262774328, 0.16601366315788524], [0.3481980729998702, 0.163957730495076, 0.18780184553387594, 0.3000423509711779], [0.1499557845072254, 0.17019666875448022, 0.03284541984042354, 0.6470021268978713], [0.3593268550344021, 0.0991953321861296, 0.0042507707643849365, 0.5372270420150833], [0.14823319150458217, 0.32554685176822384, 0.16353413971649164, 0.3626858170107026], [0.2170452650759429, 0.1156876048706923, 0.30805546041949344, 0.3592116696338716], [0.42673105459356087, 0.4071777513079679, 0.0010747769023160875, 0.1650164171961551], [0.9589887948729782, 0.0026081549635269138, 0.0010556119270621826, 0.03734743823643251], [0.26121981939465544, 0.032928027244109474, 0.08380788632617031, 0.6220442670350648], [0.169979235701544, 0.2182393443779603, 0.1331041587960986, 0.47867726112439674], [0.19081340525801693, 0.594296918283362, 0.01846296541187719, 0.1964267110467441], [0.14324313573332753, 0.25787123829806513, 0.1756928560887682, 0.4231927698798394], [0.6523155859678218, 0.015969810482404322, 0.010809378623943827, 0.3209052249258297], [0.13586516819395217, 0.18700075914880565, 0.09914516019201296, 0.5779889124652293], [0.009334251689130523, 0.1544865984897663, 0.822512063354744, 0.013667086466359224], [0.7200645231185343, 0.07444554889195282, 0.038903584775446004, 0.16658634321406685], [0.29928212596084103, 0.6964135421393627, 0.0003169028433338102, 0.003987429056462018], [0.06601166809690691, 0.1846281320279447, 0.37345435783270026, 0.37590584204244787], [0.034787453518398466, 0.6037018837764921, 0.009228368223816327, 0.35228229448129267], [0.6337908697618747, 0.23345373808848197, 0.0016793542860532775, 0.1310760378635902], [0.38933334134650655, 0.027312539102759503, 0.027678959488508674, 0.5556751600622252], [0.02912355222826147, 0.12043099465253282, 0.83771285842328, 0.012732594695925534], [0.05223607346370227, 0.12577078136821487, 0.43752667921582383, 0.3844664659522592], [0.151412429280853, 0.4689460391890982, 0.10132095514010835, 0.2783205763899405], [0.30985535498831074, 0.03786869028799892, 0.07980067072895898, 0.5724752839947316], [0.01605482798842464, 0.8924290392704398, 0.03723517676600453, 0.05428095597513117], [0.06849425589209472, 0.2832946799593353, 0.14175287845653464, 0.5064581856920353], [0.19659458724804973, 0.28638280618633755, 0.279936491097817, 0.23708611546779565], [0.2327421434469522, 0.1633612883686203, 0.00917839593542953, 0.5947181722489983], [0.2964962138292703, 0.3718505036503908, 0.2686264146342438, 0.06302686788609506], [0.5247151764680986, 0.09395691616473252, 0.0989451117886761, 0.2823827955784926], [0.3877187222948349, 0.09551791340620956, 0.17503728907226515, 0.3417260752266903], [0.07236332817641866, 0.6078301754233363, 0.05949530523536096, 0.2603111911648838], [0.25560701072674413, 0.2931700246171103, 0.017375650899704206, 0.4338473137564418], [0.03858826941710248, 0.034910104829694324, 0.24072024102880019, 0.6857813847244031], [0.013456225232931022, 0.43762414543413375, 0.19605748203935358, 0.3528621472935815], [0.0833786562042817, 0.35849806279098706, 0.09384766783471339, 0.4642756131700176], [0.010483728336841578, 0.02957740370301124, 0.9038968224708386, 0.0560420454893084], [0.039593920797841665, 0.40871287166943804, 0.037560588178580524, 0.5141326193541399], [0.113162449292309, 0.031639755659331935, 0.791427522359815, 0.06377027268854457], [0.20160019763424097, 0.39824572751719617, 0.34794512771984887, 0.05220894712871381], [0.04028850463999417, 0.6534722827097978, 0.2558727138427774, 0.050366498807431166], [0.01574240006153947, 0.602125324201155, 0.14252809628476004, 0.23960417945254534], [0.35920218925132424, 0.2916593489644031, 0.013829647680166725, 0.33530881410410585], [0.04454774520382403, 0.1391932166458212, 0.6953183865141502, 0.12094065163620453], [0.2988175130618438, 0.060329956844857736, 0.003264935115251565, 0.6375875949780472], [0.19491137285123808, 0.21226220286060932, 0.07844398649195411, 0.5143824377961983], [0.4435428761444891, 0.09484226761552181, 0.17872527817858846, 0.2828895780614005], [0.9196160940041452, 0.004652074755879124, 0.018576545078382044, 0.05715528616159351], [0.46151119479709685, 0.026202693941020615, 0.019497296643229557, 0.49278881461865326], [0.15832904209680124, 0.09371073843133627, 0.1559008280992702, 0.592059391372592], [0.18124506545717475, 0.29951361733947224, 0.004993818244426308, 0.5142474989589264], [0.0201587165568341, 0.008399304203528272, 0.0017637698711415902, 0.9696782093684957], [0.029937556022234506, 0.004892390109625656, 0.001397017063208984, 0.9637730368049309], [0.013798514008757035, 0.371778774662405, 0.512268377022927, 0.10215433430591107], [0.8759017269657791, 0.0023671196992708222, 0.0025424770556336253, 0.11918867627931634], [0.006581755783645052, 0.17471731575293364, 0.7587605013365858, 0.05994042712683582], [0.33044557068387986, 0.06546190964556321, 0.10375413668160445, 0.5003383829889522], [0.2006665908753932, 0.14550896247794265, 0.09188529848783261, 0.5619391481588314], [0.13424291572930766, 0.22541866327850843, 0.39284322481780615, 0.24749519617437793], [0.8144180079559096, 0.09599147443809257, 0.02245550295135206, 0.06713501465464568], [0.020570795628441288, 0.8199916503505459, 0.0379931003832311, 0.12144445363778186], [0.2696132739984041, 0.12070970594163359, 0.024981490838949082, 0.5846955292210129], [0.603636345043485, 0.34643343314167385, 0.03019664000086606, 0.019733581813975026], [0.4305021467918021, 0.05075219847865545, 0.011513476744017927, 0.5072321779855247], [0.05006181971124036, 0.0724745589030624, 0.7677634527948417, 0.10970016859085566], [0.4651270035314242, 0.45804061430138754, 0.033052618934413705, 0.0437797632327743], [0.13397377854062986, 0.058696366827124216, 0.025130149207900947, 0.7821997054243449], [0.33867238651376197, 0.3409095265555705, 0.014880303831453553, 0.30553778309921387], [0.5237536902734535, 0.34630150620300737, 0.0879141472877956, 0.04203065623574349], [0.7724500696575702, 0.17615835946313863, 0.004873043909338904, 0.04651852696995209], [0.20475477300862133, 0.11481538856050419, 0.20132153850561277, 0.4791082999252619], [0.7105510438585692, 0.03111859767219006, 0.006771627059027642, 0.2515587314102132], [0.14963835062348588, 0.02618954812885445, 0.7985312890033234, 0.025640812244336363], [0.21104314832083879, 0.6836746988098008, 0.07364390511837436, 0.031638247750985816], [0.19129583276550607, 0.22587056522071708, 0.021921284463438186, 0.5609123175503388], [0.08989575268115496, 0.03730447584885977, 0.08706352942908421, 0.7857362420409009], [0.3026670880194324, 0.5568659548612823, 0.018371819057118436, 0.12209513806216682], [0.22567497028165376, 0.11293055706901853, 0.0019675886195677423, 0.6594268840297597], [0.34341226880991016, 0.2662936394998901, 0.04537139454031204, 0.3449226971498877], [0.22615182648488186, 0.5443015181069123, 0.003013624069983914, 0.2265330313382221], [0.10154604108593243, 0.053513696875321766, 8.500891742594997e-05, 0.8448552531213198], [0.01971427396422294, 0.3499512775019632, 0.08660754696316803, 0.5437269015706456], [0.1320770478298622, 0.013086681740674561, 0.62504569568812, 0.22979057474134343], [0.10190677639672745, 0.5599095680148626, 0.08941839914531206, 0.24876525644309794], [0.26354552031947903, 0.3072991554731203, 0.012438040348797325, 0.41671728385860335], [0.05368144483055733, 0.2773840276179611, 0.3839798482988063, 0.2849546792526755], [0.6764193598126482, 0.013331508080056583, 0.003155344898400369, 0.3070937872088947], [0.46198170475322914, 0.11703119804579404, 0.02908888268407173, 0.39189821451690504], [0.41065998516319346, 0.2258440582314428, 0.07002115174574448, 0.29347480485961946], [0.15614114207514362, 0.13519218756488235, 0.5854256259567081, 0.12324104440326589], [0.24042942994264418, 0.11732969931266951, 0.5914842759379595, 0.050756594806726424], [0.02465818821116675, 0.1755312225356466, 0.6534226812952825, 0.14638790795790418], [0.7244179900557536, 0.023143830444149232, 0.006485598000818723, 0.24595258149927826], [0.1132966068791568, 0.11045425039032852, 0.6837530120797545, 0.09249613065076005], [0.13762028876310684, 0.25949171253113174, 0.013240180568770684, 0.5896478181369912], [0.09673304969280239, 0.5128950675317315, 0.11685273012829012, 0.2735191526471762], [0.08320262454549662, 0.3849533707489188, 0.4037126771186945, 0.12813132758688991], [0.09322164000450045, 0.1469010415074724, 0.07187834318596137, 0.6879989753020658], [0.4038524359506076, 0.09687288696123143, 0.16321921355947855, 0.3360554635286824], [0.05178888701895902, 0.01020895170662235, 0.0015163672550944406, 0.9364857940193239], [0.13463650689692833, 0.2870430757458702, 0.03906389876397502, 0.5392565185932263], [0.1316776643944783, 0.2889536237118812, 0.35462387524505523, 0.22474483664858524], [0.005290422809520274, 0.892837639595934, 0.06711573483204862, 0.03475620276249714], [0.11851461779271748, 0.31732686304591295, 0.48711197962372715, 0.07704653953764251], [0.003146543823158529, 0.9731083888231957, 0.012108461269097858, 0.01163660608454817], [0.2680056580575981, 0.18743249864184527, 0.10911362501218584, 0.4354482182883709], [0.28737656278014573, 0.0959418490658262, 0.33938626783351095, 0.27729532032051735], [0.3940732273555998, 0.4558955506319691, 0.0069469204399675065, 0.14308430157246352], [0.5413300578175689, 0.32291247375566534, 0.05790091611702484, 0.07785655230974106], [0.41660855652376655, 0.16809784851599385, 0.04387201142316764, 0.37142158353707194], [0.16187782723463365, 0.16107915218124513, 0.6102476561263214, 0.06679536445780015], [0.10886244886627063, 0.5741670803636653, 0.2690517843690354, 0.04791868640102894], [0.6471832508911542, 0.21567269589570667, 0.0017639801394895352, 0.1353800730736495], [0.3829491562007927, 0.030007363443104014, 0.00686734310824334, 0.5801761372478599], [0.0932061426830576, 0.18351449244537965, 0.029888098461870072, 0.693391266409693], [0.6364668253161037, 0.12904353263098514, 0.0016549202932342386, 0.23283472175967715], [0.24360419350662568, 0.11670478752470556, 0.0815119178324763, 0.5581791011361924], [0.01380513043753832, 0.7208982931260517, 0.23743788432923627, 0.027858692107173864], [0.0368464129158106, 0.1376793988269673, 0.464054701056793, 0.36141948720042893], [0.00916555320509995, 0.8363666206970561, 0.11864795293560224, 0.03581987316224163]]}}