{"test": {"ids": ["98120530", "112120670", "113122150", "104114740", "113117630", "113118690", "105115680", "108120621", "105116501", "103111170", "112121430", "106120290", "106114321", "98107010", "113118810", "106118820", "110115890", "110118810", "108114180", "109115220", "98107340", "104110960", "110113931", "101112201", "101109370", "97113900", "111117120", "97112300", "107121230", "113122220", "108118291", "111116530", "102113981", "109113931", "104111711", "109120560", "110114321", "102117351", "110114950", "106113190", "104109311", "100108990", "110120190", "99109141", "110115980", "108114200", "104117630", "112121351", "98110230", "104116800", "110121170", "104113550", "107113840", "102107961", "111121410", "113121410", "112121410", "112121030", "107114950", "100107920", "113120601", "102109840", "111120531", "99117740", "101109000", "103113210", "110117140", "102110890", "107113130", "112118511", "103111110", "107119950", "108121351", "111118301", "97105960", "104112201", "110114920", "101111990", "112121360", "109116170", "105115720", "113121810", "113121750", "111118810", "111119950", "102112301", "103111540", "99109840", "97116401", "105120280", "105116090", "100117420", "113122430", "108116070", "104119290", "101115190", "104116441", "110119300", "99117630", "106113260", "102112030", "100108080", "100109801", "101113210", "113119930", "110120700", "110118111", "103111620", "107120880", "109117080", "97116800", "107113170", "98110680", "111121930", "107119130", "113122120", "101108580", "113121950", "102109910", "105113620", "113121190", "106116370", "101108080", "98108410", "112116800", "100109330", "104113240", "104113000", "99111440", "103120290", "105115900", "101108290", "105116860", "97107040", "102110690", "102121440", "111115620", "98110810", "103109791", "113122180", "109121410", "109118161"], "labels": [1, 2, 2, 2, 0, 3, 2, 1, 1, 2, 2, 2, 2, 3, 3, 3, 2, 1, 1, 3, 0, 2, 1, 0, 1, 2, 2, 2, 0, 1, 3, 3, 1, 1, 1, 1, 1, 1, 0, 0, 3, 2, 3, 3, 1, 0, 0, 0, 3, 1, 2, 1, 3, 3, 0, 0, 0, 0, 3, 0, 2, 2, 0, 2, 1, 3, 3, 0, 1, 1, 3, 3, 3, 3, 2, 0, 3, 2, 3, 0, 1, 2, 0, 0, 0, 1, 1, 2, 3, 3, 1, 2, 2, 1, 1, 1, 1, 1, 3, 3, 2, 0, 0, 3, 1, 2, 1, 0, 1, 1, 0, 0, 2, 1, 1, 1, 0, 3, 2, 0, 1, 2, 0, 1, 0, 0, 2, 1, 3, 2, 3, 0, 2, 2, 0, 2, 1, 1, 3, 2, 0, 0], "predicted_labels": [1, 1, 1, 2, 3, 1, 1, 0, 0, 0, 3, 3, 0, 1, 2, 3, 3, 0, 3, 3, 3, 0, 1, 1, 3, 0, 1, 0, 1, 1, 0, 1, 3, 1, 3, 3, 0, 3, 0, 3, 1, 3, 1, 0, 3, 0, 3, 1, 1, 0, 3, 2, 1, 2, 3, 3, 1, 0, 2, 1, 1, 2, 3, 1, 1, 1, 0, 2, 1, 1, 0, 3, 3, 0, 2, 0, 0, 2, 1, 3, 1, 1, 0, 1, 3, 3, 3, 2, 3, 2, 3, 2, 1, 0, 3, 0, 3, 1, 0, 1, 0, 1, 3, 2, 3, 2, 0, 2, 1, 1, 2, 3, 1, 3, 1, 1, 3, 2, 3, 0, 1, 0, 0, 1, 3, 0, 2, 3, 0, 0, 0, 3, 1, 0, 3, 3, 3, 1, 2, 2, 3, 0], "confidence_scores": [[0.04408031046507903, 0.5015517350816897, 0.00014865956726288715, 0.45421929488596835], [0.004059553462987721, 0.9685029362792795, 0.008664521564050516, 0.018772988693682352], [0.10289776948073741, 0.45215223900436896, 0.04583859693971643, 0.39911139457517714], [0.11419982104400836, 0.10596173912317916, 0.5330765378842205, 0.246761901948592], [0.0008629043016127352, 0.00026183542446818155, 0.0002610441668878724, 0.9986142161070312], [0.0034579912189888987, 0.9534618789451963, 0.04271588388865292, 0.00036424594716198623], [0.016592191864383467, 0.8053881605735149, 0.056135396000496184, 0.12188425156160547], [0.9813253386187594, 0.009258462531598106, 0.008784163540395738, 0.0006320353092466914], [0.8219343635350596, 0.16662390882223319, 0.0006840532290482658, 0.010757674413658937], [0.43976896067066257, 0.17794100666658613, 0.37487593295501387, 0.007414099707737456], [0.002198724087937457, 0.02026015279657928, 0.03961022642118194, 0.9379308966943014], [0.004391296948348389, 0.052126087691553795, 0.3697148946601339, 0.5737677206999638], [0.4379690679977513, 0.04694013847346169, 0.2754795054413109, 0.23961128808747612], [0.006442363317008468, 0.7375935591257182, 0.0069608575779813555, 0.24900321997929198], [0.013578706249115013, 0.0680374268957707, 0.4925704490332503, 0.425813417821864], [0.050036323512174706, 0.0036971924729725008, 0.003557376377866399, 0.9427091076369863], [0.0012419878954445566, 0.1290258240950008, 0.0012352733150883984, 0.8684969146944663], [0.7966388356569856, 0.00016320250955644802, 0.10961040931134051, 0.09358755252211759], [0.0004329520484386934, 6.835464894451378e-05, 0.0054782819522401945, 0.9940204113503767], [0.01908542264954713, 0.039490053690488996, 0.33795300760413743, 0.6034715160558265], [0.014430954773551014, 0.0009125730660547605, 0.11714392617178257, 0.8675125459886117], [0.84206167316601, 0.058172591038974646, 0.0461387081259902, 0.05362702766902494], [0.2736149905787237, 0.4163699024118446, 0.11827399992570714, 0.1917411070837246], [0.010115361252273176, 0.8110009487659388, 0.11770477768395893, 0.06117891229782926], [0.007448723934551323, 0.16532178929091967, 0.17701264604825145, 0.6502168407262775], [0.5806419759087508, 0.023220620180582317, 0.3724691010328652, 0.0236683028778017], [0.02514921695436585, 0.77190661643262, 0.004010493932505908, 0.1989336726805081], [0.44065459196104284, 0.05487898643943068, 0.2956082153272535, 0.2088582062722728], [0.0076259665327543325, 0.6857323955707028, 0.002006524534532311, 0.30463511336201077], [0.001657858822297242, 0.8863911769910571, 0.02030167164788953, 0.09164929253875626], [0.9592697907967564, 0.0287853174223492, 0.0005283819148159348, 0.011416509866078266], [0.021983966944681577, 0.9774865186401779, 0.00015822887379803355, 0.0003712855413422798], [0.039132180395938757, 0.05217072823999388, 0.0011866771583685938, 0.9075104142056988], [0.40526505317464245, 0.42644444369581314, 0.0010592489690493417, 0.16723125416049525], [0.12073962531408937, 0.020159226085105064, 0.0034078056338650306, 0.8556933429669406], [0.002199092187843149, 0.03638449836671461, 0.3526905687889681, 0.6087258406564742], [0.7854231214599088, 0.117153877915442, 0.004512281227370372, 0.09291071939727893], [0.0978252569381238, 0.10366634011006891, 0.0005452903039624345, 0.7979631126478448], [0.7413023565459276, 0.2219854608934365, 0.009244286882589546, 0.027467895678046424], [0.22925664890979475, 0.04016241686651321, 0.005398411532541657, 0.7251825226911504], [0.18501904784659204, 0.7415860520621391, 0.007655700291194868, 0.06573919980007405], [0.00256531613646389, 0.0741943620197639, 0.07091737654165585, 0.8523229453021163], [0.01211340294813617, 0.9658879035512664, 0.0009818122080812988, 0.021016881292516044], [0.980797072875502, 0.011816772280660498, 0.0019597091122292706, 0.005426445731608074], [0.03345457681607179, 0.0012386531111087376, 0.026238568537201985, 0.9390682015356175], [0.8278753212950706, 0.15116339885444272, 0.0010052930374665331, 0.019955986813020254], [0.2544388587070045, 0.3182281237382592, 0.033068225677233186, 0.39426479187750313], [0.21528093955052446, 0.7460988049917285, 0.005108564689162743, 0.03351169076858416], [0.012720124745994339, 0.9792810899978684, 0.0005250954877539769, 0.007473689768383246], [0.43314788724227643, 0.13692139154124108, 0.004363422492137884, 0.42556729872434457], [0.004222956140725049, 0.00017301952204564616, 0.0917924778652684, 0.9038115464719608], [0.02601487312266262, 0.4442036392385468, 0.5113859636323291, 0.018395524006461487], [0.11452498989509988, 0.8337096924721503, 0.027227104463078546, 0.02453821316967109], [0.049856137067372526, 0.1916193208300333, 0.7570374173045425, 0.0014871247980517467], [0.03086477327908285, 0.0030703348489437426, 0.012560342387080524, 0.9535045494848929], [0.03799937958727608, 0.001164262275341267, 0.08104939013477663, 0.879786968002606], [0.06018742434519017, 0.9269893300803673, 0.0002612034233478047, 0.012562042151094722], [0.8097006277807216, 0.009717792984041452, 0.10267139193559491, 0.07791018729964194], [0.009685876400065307, 0.23964721875021044, 0.6695834028732889, 0.08108350197643531], [0.10126980837134238, 0.5583184783936529, 0.0011529702263445827, 0.3392587430086602], [0.04142220026185583, 0.8103300280516347, 0.13885316536726452, 0.00939460631924516], [0.003154164693560345, 0.022664503630881575, 0.9719890996527373, 0.002192232022820944], [0.045474927942730975, 0.07516114724558645, 0.0470219867419534, 0.8323419380697291], [0.02970742505262437, 0.5842525125157629, 0.05722985051542863, 0.32881021191618415], [0.05958330093948267, 0.5281570444457911, 0.22294549875653805, 0.18931415585818814], [0.2371595071059752, 0.6643630852321409, 0.08321812174348973, 0.015259285918394106], [0.7469235099113463, 0.1358113892778913, 0.0008436183579894653, 0.11642148245277302], [0.04567934508249367, 0.0008147395681497685, 0.4954502992257073, 0.4580556161236492], [0.3395326462293947, 0.6348185681610027, 0.02513134367401614, 0.0005174419355865349], [0.007813011377613508, 0.9796945880606945, 0.003457978659677234, 0.009034421902014795], [0.5697346533333201, 0.0452678989968347, 0.017838399948410077, 0.36715904772143504], [0.0023113800722889765, 0.0006189066466194972, 0.0349381689151992, 0.9621315443658923], [0.12641161070902182, 0.0012226645791924037, 0.0011465027803569943, 0.8712192219314288], [0.821095331685192, 0.13016715808693496, 0.03969809502444201, 0.00903941520343112], [0.45123259882355554, 0.0023927878244133305, 0.48039141612469516, 0.06598319722733607], [0.733033592915496, 0.08141840869341171, 0.0019821771466553987, 0.18356582124443696], [0.7547311884423112, 0.08610322403346524, 0.005028458443190934, 0.15413712908103258], [0.1439671542418207, 0.06383420597855988, 0.7872233139940381, 0.004975325785581514], [0.3339816525194131, 0.6656916851554286, 0.00031336784652238143, 1.3294478635814373e-05], [0.004480751836392985, 0.14896514715793682, 0.010470007175996967, 0.8360840938296732], [0.001302300500979084, 0.9808467224474133, 0.0019306388026565206, 0.015920338248950994], [0.003179801960771339, 0.9752370121203566, 0.021360252643903104, 0.00022293327496884094], [0.777083309679049, 0.008016097651053704, 0.08746141767074694, 0.12743917499915042], [0.015491462530101393, 0.6888358506250413, 0.0001626963276105621, 0.2955099905172467], [0.003782228344128424, 0.010594164364354295, 0.00903162358863949, 0.9765919837028779], [0.15616571787761238, 0.225580984895381, 0.007337714577656636, 0.6109155826493501], [0.005454197827698179, 0.21751082072541864, 0.11050855433396022, 0.666526427112923], [0.0017984632516976067, 0.16893849403297181, 0.46881677447037157, 0.36044626824495896], [7.700520424639735e-05, 0.001928199938266239, 0.009924046857258548, 0.9880707480002288], [0.00996287175740792, 0.13099672415303162, 0.7372742599749877, 0.12176614411457277], [0.03958604849723297, 0.01842045007775025, 0.05413906086163256, 0.8878544405633843], [0.0002133999577264459, 0.00034495497250691166, 0.9950616505378709, 0.004379994531895715], [0.01708226991374124, 0.8309218677943485, 0.07965660375808112, 0.072339258533829], [0.8457175570741748, 0.14144695358175818, 0.012717199574665721, 0.00011828976940137233], [0.0004223095823565248, 0.014790787934683611, 0.0006122406553493573, 0.9841746618276105], [0.5787746593861801, 0.26042319296188843, 0.14869238648079067, 0.012109761171140779], [0.07647078743680492, 0.07802241025514811, 0.00030268484040173703, 0.8452041174676452], [0.015179317484882151, 0.7513981219929059, 0.10171333628648732, 0.13170922423572454], [0.5208816700186768, 0.3317489923588814, 0.03837486813797737, 0.10899446948446447], [0.0662561320071834, 0.7707413458765338, 0.025423131961829295, 0.13757939015445347], [0.9634837123392889, 0.025844413012334696, 0.006093810822205875, 0.0045780638261704865], [0.012635344952680642, 0.8841335946064784, 0.001552729540586051, 0.10167833090025488], [0.0048105280006944685, 0.14088125457958556, 0.028459951757829588, 0.8258482656618904], [0.06215627882977728, 0.024016931251754286, 0.9046497289481383, 0.009177060970330107], [0.3035221040193019, 0.10041042654200998, 0.017220014742349164, 0.578847454696339], [0.32810857858752096, 0.19138655792659218, 0.46668572903150407, 0.013819134454382875], [0.9667249650424445, 0.022047043364943883, 0.00043800539619991906, 0.010789986196411609], [0.17778803316604777, 0.009200173311835032, 0.7915911001281006, 0.0214206933940166], [0.13532077162231482, 0.8274561313756339, 0.036313384563890876, 0.0009097124381603725], [3.0049637263245326e-06, 0.9861592138743268, 0.000743679754243405, 0.013094101407703517], [0.005082104363416257, 0.006712660613342836, 0.9351502736035125, 0.05305496141972827], [0.03873981870629396, 0.18184474117417862, 0.0772227473621253, 0.702192692757402], [0.006303081693021902, 0.5806937138008631, 0.14318249333615984, 0.26982071116995515], [0.4095761876861853, 0.08999328638211887, 0.0032923308803402035, 0.4971381950513555], [0.11384833432542966, 0.47282943862525995, 0.007765313542714338, 0.4055569135065961], [0.040916140652834415, 0.9538745517411882, 0.002121235719865109, 0.0030880718861122473], [0.0429034056872165, 0.0005394760697902229, 0.00799575736033697, 0.9485613608826563], [0.01491531677428671, 0.09194409307996029, 0.8415180401339191, 0.05162255001183406], [0.4011971199806639, 0.01504795436128513, 0.06486609798364701, 0.5188888276744039], [0.9770992464309186, 0.013442022090736238, 0.004546333856972989, 0.004912397621372172], [0.20647494455072724, 0.3030438735035221, 0.2367473840433404, 0.25373379790241035], [0.8982842301733579, 0.060084639422482475, 0.006802833570639931, 0.034828296833519776], [0.45243605086008604, 0.37999672268891177, 0.12539874005178475, 0.04216848639921756], [0.36749013449750717, 0.511220569001717, 0.022247951299653124, 0.09904134520112272], [0.1927908955730449, 0.002029495583735335, 0.04480362887158148, 0.7603759799716383], [0.651516806169584, 0.2267749041317965, 0.0008380355907902366, 0.12087025410782927], [0.0011702031789676476, 0.030744875259128567, 0.9653406539734397, 0.00274426758846405], [0.3750182834452217, 2.1555167387088254e-06, 0.004578511289995689, 0.6204010497480439], [0.5292236852061526, 0.268795523292963, 0.0252732418952084, 0.17670754960567592], [0.5970994471974418, 0.058775579396493464, 0.34322269283813905, 0.0009022805679258116], [0.6711821688710835, 0.010124962434190097, 0.13163854678126982, 0.18705432191345656], [0.2155663557904009, 0.03915376113327886, 0.00013506103364995504, 0.7451448220426704], [0.015786038708082, 0.980540007463248, 0.00042675568581326167, 0.003247198142856679], [0.4645948812098369, 0.010805059754707065, 0.41898004572708103, 0.10562001330837498], [0.007828265515499845, 0.2231593560585262, 0.009730227183154949, 0.759282151242819], [0.0014939831861296047, 0.08852748836420327, 0.02176521679775965, 0.8882133116519075], [0.07796356528277196, 0.31769672585698105, 0.00913170072122059, 0.5952080081390265], [0.0002931829583816061, 0.9425822655139424, 0.05699777514628518, 0.00012677638139065253], [0.13657610852373134, 0.017372711289735963, 0.6962631331268997, 0.149788047059633], [0.021122218529234318, 0.22827265906181524, 0.49183628531756735, 0.25876883709138304], [0.21611913576122804, 0.11037894435954688, 0.12373205808631758, 0.5497698617929075], [0.8727602748846326, 0.029122576029287507, 0.005278191037989574, 0.09283895804809014]]}, "rewritten": {"ids": ["97105960", "97107040", "97112300", "97113900", "97116401", "97116800", "98107010", "98107340", "98108410", "98110230", "98110680", "98110810", "98120530", "99109141", "99109840", "99111440", "99117630", "99117740", "100107920", "100108080", "100108990", "100109330", "100109801", "100117420", "101108080", "101108290", "101108580", "101109000", "101109370", "101111990", "101112201", "101113210", "101115190", "102107961", "102109840", "102109910", "102110690", "102110890", "102112030", "102112301", "102113981", "102117351", "102121440", "103109791", "103111110", "103111170", "103111540", "103111620", "103113210", "103120290", "104109311", "104110960", "104111711", "104112201", "104113000", "104113240", "104113550", "104114740", "104116441", "104116800", "104117630", "104119290", "105113620", "105115680", "105115720", "105115900", "105116090", "105116501", "105116860", "105120280", "106113190", "106113260", "106114321", "106116370", "106118820", "106120290", "107113130", "107113170", "107113840", "107114950", "107119130", "107119950", "107120880", "107121230", "108114180", "108114200", "108116070", "108118291", "108120621", "108121351", "109113931", "109115220", "109116170", "109117080", "109118161", "109120560", "109121410", "110113931", "110114321", "110114920", "110114950", "110115890", "110115980", "110117140", "110118111", "110118810", "110119300", "110120190", "110120700", "110121170", "111115620", "111116530", "111117120", "111118301", "111118810", "111119950", "111120531", "111121410", "111121930", "112116800", "112118511", "112120670", "112121030", "112121351", "112121360", "112121410", "112121430", "113117630", "113118690", "113118810", "113119930", "113120601", "113121190", "113121410", "113121750", "113121810", "113121950", "113122120", "113122150", "113122180", "113122220", "113122430"], "labels": [2, 2, 2, 2, 3, 0, 3, 0, 1, 3, 2, 1, 1, 3, 2, 3, 3, 2, 0, 0, 2, 0, 0, 2, 0, 0, 0, 1, 1, 2, 0, 3, 1, 3, 2, 2, 0, 0, 2, 1, 1, 1, 2, 3, 3, 2, 1, 0, 3, 2, 3, 2, 1, 0, 1, 2, 1, 2, 1, 1, 0, 1, 0, 2, 1, 3, 1, 1, 2, 3, 0, 3, 2, 2, 3, 2, 1, 0, 3, 3, 1, 3, 1, 0, 1, 0, 1, 3, 1, 3, 1, 3, 0, 1, 0, 1, 0, 1, 1, 3, 0, 2, 1, 3, 1, 1, 1, 3, 2, 2, 1, 3, 2, 3, 0, 0, 0, 0, 1, 0, 1, 2, 0, 0, 3, 0, 2, 0, 3, 3, 1, 2, 1, 0, 0, 2, 3, 1, 2, 2, 1, 2], "predicted_labels": [3, 3, 2, 2, 1, 3, 3, 3, 1, 1, 1, 1, 3, 0, 3, 3, 3, 2, 3, 1, 3, 3, 3, 2, 1, 3, 3, 1, 1, 2, 2, 2, 1, 2, 2, 3, 3, 3, 0, 3, 2, 3, 3, 2, 3, 2, 3, 0, 2, 2, 3, 0, 2, 3, 3, 2, 0, 3, 3, 3, 3, 3, 1, 1, 1, 2, 3, 1, 1, 2, 3, 3, 3, 0, 3, 3, 2, 1, 1, 3, 3, 3, 3, 1, 3, 0, 1, 3, 2, 3, 3, 3, 3, 1, 1, 3, 3, 3, 1, 0, 0, 1, 3, 3, 3, 3, 1, 3, 0, 1, 3, 1, 3, 1, 3, 3, 3, 3, 0, 3, 1, 1, 0, 0, 1, 1, 3, 3, 1, 3, 1, 1, 3, 3, 0, 1, 2, 0, 1, 3, 1, 3], "confidence_scores": [[0.005604396838612529, 0.0020642260765601898, 0.025992895956967983, 0.9663384811278593], [0.08961010964274548, 0.017955287412340874, 0.09124918688176513, 0.8011854160631485], [0.04241925131238653, 0.18956239012922177, 0.7157252205310018, 0.0522931380273898], [0.06589015059009382, 0.06192183346428059, 0.8626540270451462, 0.009533988900479445], [0.00015382977943400718, 0.5018245843736419, 0.4049176090766207, 0.09310397677030335], [0.0007290794074306886, 0.03345992320639203, 0.008586264357482063, 0.9572247330286953], [0.012295852131799118, 0.19227733830497035, 0.014818227320701436, 0.7806085822425289], [0.000932336829337193, 0.00026869842924356695, 0.111702558581957, 0.8870964061594623], [0.1732582951113514, 0.5836240249879026, 0.13189589818229489, 0.11122178171845112], [0.001756621417717163, 0.9455171029956678, 0.0104495657504, 0.04227670983621504], [0.004317243707893477, 0.44007972425892483, 0.30364033354595, 0.2519626984872317], [2.3695240808593988e-05, 0.8293528116111379, 0.17056365191072598, 5.9841237327459556e-05], [0.0029723981208798255, 0.044838794539269665, 0.00032174679102666814, 0.9518670605488239], [0.742434874441453, 0.07119483136278895, 0.07663269433757386, 0.10973759985818403], [0.00047032235768417916, 0.22607847368217604, 0.27335198154689594, 0.5000992224132439], [0.3858835532557321, 0.09876676558853056, 0.010567164279408202, 0.504782516876329], [0.28861067443606336, 0.08523143946033712, 0.0660283649359911, 0.5601295211676084], [0.05708329538871978, 0.02752315495855994, 0.5225925027397849, 0.3928010469129355], [0.0239115754322041, 0.12638335282234864, 0.011944844060383784, 0.8377602276850634], [0.0006294215736977673, 0.981231480458103, 0.0007647136657416929, 0.017374384302457208], [0.0005197616400321777, 0.04974666742274724, 0.011831661633526514, 0.937901909303694], [0.17963007124966393, 0.24475864970884462, 0.005702157848159551, 0.5699091211933319], [0.0005104229340107196, 0.35778371862889374, 0.01392585987376789, 0.6277799985633277], [2.1523780381987245e-05, 3.894754216141038e-05, 0.9995907788492435, 0.0003487498282129949], [0.24365462623592418, 0.3487040401660032, 0.2721357526002826, 0.13550558099779], [0.3574205856787658, 0.16713040541098279, 0.001355505848434224, 0.4740935030618173], [0.04581320777351637, 0.007078929768377312, 0.09811045055256828, 0.8489974119055379], [0.0030092549902864386, 0.5464524378000005, 0.087319628016683, 0.36321867919302997], [0.00220040802543325, 0.5236847345301344, 0.29699508783417045, 0.17711976961026196], [0.06077136338154709, 0.03927569792199217, 0.8907557065031526, 0.009197232193308173], [0.002625432865834438, 0.34090991157376793, 0.639192631621265, 0.017272023939132682], [0.06085156556135507, 0.02244594643893641, 0.8314090497695943, 0.08529343823011423], [0.013007718812804218, 0.3572556433018154, 0.31669153055519866, 0.31304510733018176], [0.058076336505951905, 0.06253333311895708, 0.8612176201282001, 0.018172710246890985], [0.00021124249480359794, 0.015860726229470195, 0.9829855004025372, 0.0009425308731889751], [0.017966072185346873, 0.03796828650332924, 0.04198602789661045, 0.9020796134147134], [0.002380327848122777, 0.0080143267435705, 0.0019564683726617437, 0.987648877035645], [0.00019075654077594203, 0.000139262184241366, 0.020684863474008833, 0.9789851178009739], [0.7107683835074469, 0.05271334348283315, 0.10436818495257447, 0.1321500880571456], [0.0034965481221087844, 0.001447531353330057, 0.0027839545789229846, 0.9922719659456382], [0.06373270846818116, 0.12013585428004804, 0.6667468395055496, 0.1493845977462212], [0.027743012412327673, 0.046840692841818125, 0.0062655659696434175, 0.9191507287762107], [0.0012475073555572754, 0.033822941642980074, 0.08956779040774375, 0.875361760593719], [0.04346798619027023, 0.0061941438441050975, 0.48251472625750325, 0.46782314370812134], [0.005101445787793355, 0.36854811488777606, 0.0042685168084802124, 0.6220819225159504], [0.01674361396094166, 0.0844168312141062, 0.8371233517760328, 0.061716203048919234], [0.00022222475039035446, 0.04138050655889797, 0.13184414400800704, 0.8265531246827047], [0.5609441212565391, 0.03278876319635378, 0.38171547331757494, 0.024551642229532104], [0.021660481352086966, 0.04567171053361523, 0.8896087511247095, 0.04305905698958834], [0.11842669052695634, 0.02411864022489729, 0.8258470966518884, 0.03160757259625793], [0.011283362005064234, 0.09628886610849077, 0.002307052512372123, 0.8901207193740729], [0.6042776345925724, 0.2736143896399541, 0.10499021683064327, 0.01711775893683008], [0.01565015723764511, 0.10645975309384964, 0.641264756342696, 0.2366253333258093], [0.04474085481999744, 0.0018313835331871902, 0.033310649467632014, 0.9201171121791833], [0.07273077178449551, 3.079981160155209e-06, 0.01680948154835844, 0.9104566666859858], [0.003940948218494354, 0.29757306032406117, 0.67682583425672, 0.02166015720072445], [0.7222858917539998, 0.08092438650472046, 0.18853923044829007, 0.00825049129298969], [0.047661953231246064, 0.10218328506453245, 0.07715367684675588, 0.7730010848574657], [0.018933066235128384, 0.027809917169119812, 0.0003678629967052981, 0.9528891535990466], [0.027416645763040457, 0.04648915514099104, 0.002035237921708864, 0.9240589611742596], [0.26578752972788566, 0.189853562549407, 0.027038643223993325, 0.5173202644987139], [0.0016499283880112164, 0.19117335675108324, 0.0921167516294329, 0.7150599632314726], [0.06210686620382538, 0.4210635496206604, 0.4012299863446721, 0.11559959783084205], [0.010631380753404895, 0.7392618293084661, 0.027025367043056345, 0.22308142289507257], [0.00476534826356711, 0.8529451289113706, 0.007778396632715822, 0.13451112619234626], [0.02972494013709065, 0.002263018982947574, 0.7948165717189751, 0.17319546916098666], [0.024383633174885316, 0.03568420064660604, 0.11902346660888354, 0.8209086995696251], [0.21584982194423255, 0.7675142288300563, 0.0006752198134427436, 0.015960729412268445], [0.033378935175283383, 0.9563498539153756, 0.005074755011827095, 0.005196455897513675], [0.00019411293603888922, 0.10318845312414532, 0.7338483887234379, 0.16276904521637778], [0.2901383235245599, 0.00862057225720678, 0.018725134603045097, 0.6825159696151881], [0.01613279165433465, 0.24770980596000758, 0.35382860343941336, 0.38232879894624444], [0.2960736123909863, 0.006844375280484426, 0.2617165519564358, 0.4353654603720934], [0.7543398869595598, 0.15717156816437575, 0.04121105190521331, 0.04727749297085118], [0.0008424990701451534, 0.0012690656332444874, 0.0005666009268659448, 0.9973218343697445], [0.007391998810420838, 0.022499523875139517, 0.12383874482432705, 0.8462697324901126], [0.018040575304248054, 0.047532818011443635, 0.8892680014102645, 0.0451586052740439], [0.01574809233257259, 0.670837656450999, 0.030325821606356305, 0.28308842961007213], [0.041239409773791466, 0.7169502987116979, 0.017427562381081948, 0.22438272913342888], [0.0026082001244620546, 0.07918672131996397, 0.44312524579406876, 0.4750798327615051], [0.004742298105357855, 0.4671269453645212, 0.032776813029727306, 0.4953539435003937], [0.0023956328052221255, 0.00018704427459048103, 0.0151766911378561, 0.9822406317823312], [0.013631908750522814, 0.3929266602274972, 0.15868180186827321, 0.4347596291537067], [0.014747045241270141, 0.607070225566498, 0.00019274911147925758, 0.3779899800807526], [7.29361588192753e-05, 0.00016917177379367307, 0.0015488382483976025, 0.9982090538189895], [0.8366909383964861, 0.0680970497557175, 0.0007603528000066385, 0.09445165904778971], [0.06831077958276954, 0.5101903663516928, 0.4188800218929717, 0.0026188321725658663], [0.028369435142723266, 0.03214975361594374, 0.028454883549063083, 0.9110259276922699], [0.341046861468069, 0.1128441151987114, 0.5183077497339449, 0.027801273599274787], [0.0010330492887210179, 0.0022063962608615895, 0.0006297487683569005, 0.9961308056820605], [0.42151319777471563, 0.06552813148655313, 0.0022442171153134894, 0.5107144536234177], [0.004960544310094334, 0.001596136729561518, 0.001310354373024846, 0.9921329645873194], [0.0009204442338281011, 0.010111718261702722, 0.006289794488784683, 0.9826780430156845], [3.0657521065111467e-06, 0.975034444076298, 6.017997115276901e-05, 0.024902310200442757], [0.02111881487347974, 0.5070496091878822, 0.11428281567361023, 0.3575487602650277], [5.752509177342716e-05, 0.008953729584592665, 0.28306836409003744, 0.7079203812335965], [0.036834329551404726, 0.07923765832153093, 0.013131496854693584, 0.8707965152723708], [0.09436479954716462, 0.3515011627014443, 0.009540311947802492, 0.5445937258035884], [0.14113919187363416, 0.6457885745612758, 0.07016414308853809, 0.14290809047655195], [0.7540470214766098, 0.1579339844703573, 0.0039918907191560295, 0.08402710333387683], [0.8487998896232515, 0.043503464296704514, 0.009725555396596917, 0.0979710906834472], [0.0009271114855107231, 0.9401720916969663, 0.004518122126026724, 0.05438267469149637], [0.00863524643454296, 0.001361097429747984, 0.0006916691497946119, 0.9893119869859145], [0.3033237209143167, 0.03971364260326137, 0.0037952052992715687, 0.6531674311831503], [0.30083123444138266, 0.08655901188481493, 0.023059569534862333, 0.5895501841389401], [0.057220791588054765, 0.004987721284107693, 0.1282825653585273, 0.8095089217693102], [0.041808605946319126, 0.45612959052390656, 0.19727573701808437, 0.3047860665116899], [0.003034383513719356, 0.21610959785934128, 0.00031699291229509205, 0.7805390257146442], [0.3178885958053668, 0.1783192341758204, 0.20406145429959113, 0.29973071571922155], [0.009088845676861863, 0.6009562467025786, 0.004663487239057676, 0.3852914203815018], [0.254097683906842, 0.1408464043303086, 0.020337660998183092, 0.5847182507646663], [0.01444054566271131, 0.9514932712960459, 0.018067873139553426, 0.01599830990168938], [0.004270842968513051, 0.3346997626243659, 0.004860535400786504, 0.6561688590063346], [0.009290582605465362, 0.9606019876189785, 0.018335357037697418, 0.011772072737858665], [0.010796822349331558, 0.11645265585207681, 2.5248930022353498e-05, 0.8727252728685694], [0.0023268932437528187, 0.016326955145492573, 0.011194427232437824, 0.9701517243783169], [0.00258898041928823, 0.04862311149301234, 0.004325180208374922, 0.9444627278793246], [0.038568754739131364, 0.054778635920603995, 0.018778158320145646, 0.887874451020119], [0.6286501966197447, 0.14135639026942032, 0.0011671405653602288, 0.22882627254547458], [0.010078294148119863, 0.04225873633872306, 0.027927068545388428, 0.9197359009677686], [0.044175092163156536, 0.4152442328418245, 0.30565790632307593, 0.23492276867194312], [0.033246898875864614, 0.803246470283256, 0.03309307494405403, 0.1304135558968254], [0.8419486669929369, 0.015838627767215504, 0.0031892991314925426, 0.13902340610835495], [0.4979405974651085, 0.34826674859490614, 0.0014932521917038275, 0.15229940174828158], [0.298007717875105, 0.7014513494118841, 0.0003693588413457466, 0.00017157387166521573], [0.08278492844851808, 0.8479541191260681, 0.0007135508963321425, 0.06854740152908173], [0.001154425207069992, 0.00740312248339792, 0.0018685552575391738, 0.9895738970519931], [0.004986905944622501, 0.0015057452885399948, 0.0005788370121201111, 0.9929285117547175], [0.020665002397065226, 0.9535348296898466, 0.024426469681293778, 0.001373698231794583], [0.08298335797540414, 0.33347892814484864, 0.030270487154623237, 0.553267226725124], [0.34401988150956964, 0.5327624087325739, 0.00584116452354322, 0.11737654523431329], [0.0778125651878682, 0.7837251512955997, 0.1270707312317306, 0.01139155228480149], [0.006663713942927031, 0.3422328300771722, 0.12748328507513348, 0.5236201709047673], [0.0009151911272416534, 4.661730297501453e-05, 0.00029241972560904435, 0.9987457718441742], [0.8603960133791256, 0.003737077604283158, 0.019737744371942444, 0.11612916464464886], [0.006608530843678972, 0.9740091159163482, 0.014910958044420528, 0.0044713951955525095], [0.16366849458764898, 0.22349602987322892, 0.46338377832994093, 0.14945169720918106], [0.518656087995934, 0.48051740835622536, 0.0001505059327759829, 0.0006759977150646433], [0.202541619477029, 0.4550863164210122, 0.049182800864537614, 0.2931892632374212], [0.005967054050201781, 0.02309821019873472, 0.03112312381466317, 0.9398116119364004], [0.0019312448177608074, 0.9319730885390543, 0.014608253977052801, 0.05148741266613202], [0.0030222077905737344, 0.10457476867865614, 0.025752659634313283, 0.8666503638964569]]}}