{"test": {"ids": ["100109000", "97112300", "111114121", "106115250", "105112260", "97105960", "113121010", "109113281", "109121410", "104114410", "101121640", "113122160", "107114110", "105117200", "113122320", "106121220", "113120280", "112118550", "103113170", "109118231", "98110680", "105113480", "107118120", "111121351", "103120730", "101113210", "97111790", "109116810", "100109890", "99108010", "97105451", "97116401", "112118620", "104119290", "99112300", "103117200", "99113260", "113118810", "109117730", "104111990", "108118520", "105115250", "104114320", "108117451", "99112840", "99109311", "101114020", "98108370", "109119450", "100107920", "110120531", "104109311", "100110050", "107118820", "107112850", "112120670", "106113260", "101110150", "98108970", "101110740", "108121351", "103113640", "105112100", "97107681", "103110840", "109117600", "97116500", "106118820", "107114321", "100113370", "113118690", "113119360", "108119510", "108115250", "99108330", "100108260", "105119550", "113119930", "103109791", "99109840", "113122430", "113118620", "103111830", "105116441", "97107821", "102113210", "101108290", "99108460", "109118820", "97116410", "103112470", "101114990", "110118121", "112117030", "104110960", "108117610", "101115190", "108115500", "110115580", "103113270", "112118511", "104116980", "112117660", "110115710", "107116300", "104113380", "106113830", "110120640", "106114150", "112117431", "107114200", "113118630", "110118930", "99108080", "99121440", "111120260", "106118520", "99105921", "111118301", "98106560", "111115910", "101119030", "111117571", "105118740", "107113200", "106114280", "99120010", "108120280", "109114651", "97106000", "112119930", "101108621", "104114240", "107120130", "111120220", "113118511", "101108500", "113117340", "105118230", "109117630", "112121360", "98116500"], "labels": [1, 2, 0, 2, 3, 2, 2, 0, 0, 1, 2, 3, 1, 3, 1, 1, 0, 3, 3, 1, 2, 0, 3, 0, 1, 3, 2, 3, 3, 2, 0, 3, 3, 1, 0, 0, 0, 3, 3, 2, 0, 2, 2, 2, 2, 1, 3, 1, 3, 0, 0, 3, 3, 3, 1, 2, 3, 1, 3, 3, 3, 1, 1, 3, 1, 1, 2, 3, 0, 3, 3, 0, 1, 1, 1, 3, 1, 1, 3, 2, 2, 3, 3, 1, 2, 3, 0, 0, 3, 3, 1, 3, 3, 2, 2, 3, 1, 3, 1, 2, 1, 1, 0, 2, 0, 1, 1, 0, 1, 0, 2, 3, 1, 3, 2, 3, 2, 1, 3, 1, 2, 3, 3, 1, 0, 3, 2, 3, 3, 0, 1, 0, 0, 2, 3, 1, 3, 2, 1, 0, 3, 2], "predicted_labels": [0, 3, 1, 2, 1, 2, 1, 3, 3, 3, 3, 1, 3, 0, 0, 0, 0, 3, 2, 1, 2, 3, 1, 1, 0, 1, 3, 1, 0, 1, 0, 1, 0, 3, 2, 3, 0, 1, 0, 0, 1, 0, 0, 0, 1, 1, 0, 2, 3, 3, 3, 3, 3, 0, 1, 2, 1, 3, 1, 1, 1, 0, 3, 2, 2, 0, 2, 3, 3, 1, 1, 0, 2, 2, 2, 0, 0, 0, 2, 2, 1, 1, 0, 1, 0, 3, 3, 3, 2, 1, 0, 1, 3, 3, 0, 3, 1, 1, 2, 2, 3, 2, 3, 1, 1, 2, 3, 1, 0, 0, 1, 3, 3, 3, 1, 1, 0, 0, 1, 1, 1, 3, 0, 1, 0, 3, 2, 0, 0, 3, 1, 3, 3, 2, 0, 0, 1, 1, 1, 0, 0, 0], "confidence_scores": [[0.4450850766436595, 0.17458798411979817, 0.193633347533538, 0.18669359170300434], [0.2645777287537088, 0.08293428336688217, 0.4155531696389763, 0.23693481824043278], [0.19221564788037346, 0.7269968665338377, 0.016957391735241155, 0.0638300938505476], [0.11760197394108113, 0.17019276127878646, 0.5096503615589986, 0.20255490322113381], [0.18017409418836647, 0.5529418470483927, 0.024413626096589928, 0.24247043266665094], [0.10406123117907093, 0.1122610751031619, 0.6409214138339541, 0.14275627988381343], [0.1439583182557906, 0.4770635252662398, 0.23913897361478165, 0.13983918286318817], [0.4508281642628909, 0.0464931469879612, 0.0014410125236452682, 0.5012376762255026], [0.10184823451946719, 0.036680365971835174, 0.016760105075015668, 0.8447112944336821], [0.5157248864126943, 0.05589117041380901, 0.01885209611266543, 0.4095318470608312], [0.02064326748876632, 0.3749015893587464, 0.1435910323703337, 0.4608641107821537], [0.018180337394073213, 0.5372029447557218, 0.3404510563521817, 0.10416566149802323], [0.020674677168188264, 0.11391316970457643, 0.04021972154896076, 0.8251924315782743], [0.5027961756921131, 0.1962108464596554, 0.1776581253817593, 0.12333485246647267], [0.5892668747134397, 0.3579350408274636, 0.013035775915866181, 0.03976230854323027], [0.5448898384643643, 0.21074132400308268, 0.08953200549324061, 0.15483683203931267], [0.6471218256641982, 0.014200885212580706, 0.0029428650015145066, 0.33573442412170684], [0.30095633029986224, 0.1845661749592587, 0.015233006980170459, 0.4992444877607084], [0.05889176658111121, 0.23419429260207703, 0.6012658702114858, 0.10564807060532592], [0.2068799357913107, 0.4921209802232008, 0.01458864581897677, 0.2864104381665115], [0.0945123877657014, 0.14658883313396914, 0.7558291478826116, 0.003069631217717984], [0.12361259540434524, 0.21385554704279003, 0.09222448474896121, 0.570307372803904], [0.03579718035248395, 0.5998851150419883, 0.02666595626712986, 0.3376517483383979], [0.477395514273437, 0.39114081669011996, 0.03489798637537983, 0.09656568266106268], [0.6561046282187936, 0.2861970312420605, 0.009922386954101439, 0.04777595358504431], [0.12685286394961953, 0.5595503908531803, 0.130245902887923, 0.183350842309277], [0.14606960766310204, 0.03661355786830199, 0.2523333880120234, 0.5649834464565728], [0.27078276704675464, 0.5445430790039435, 0.06806340738387419, 0.11661074656542783], [0.33435440680440776, 0.16492693616636311, 0.24752451798796402, 0.25319413904126536], [0.03369900745007219, 0.5409667671837193, 0.30961429654762807, 0.11571992881858019], [0.9377319221129071, 0.030303558363945184, 0.0022583807674602316, 0.029706138755687606], [0.058700581715383685, 0.2817226946652879, 0.5299680401165674, 0.12960868350276092], [0.6719305143941737, 0.0997012977190387, 0.003976002923099872, 0.2243921849636878], [0.015417401678935648, 0.1700095942150916, 0.42505541920208734, 0.38951758490388544], [0.08798060733004007, 0.15670168598974307, 0.6040692785245967, 0.15124842815562017], [0.2953259547694241, 0.26122348074909685, 0.012842097521745722, 0.4306084669597336], [0.42287788124718506, 0.24467525758775266, 0.3109941576882106, 0.02145270347685204], [0.3606941041587202, 0.30990154514562596, 0.01677424492169866, 0.3126301057739551], [0.9303768104351943, 0.048181269855832945, 0.012484058511682463, 0.008957861197290327], [0.9150558232084387, 0.03694850458179199, 0.013557267120363153, 0.034438405089406], [0.19274492020075756, 0.6958579417787722, 0.04919849524195012, 0.06219864277852037], [0.7288159015925116, 0.16832013508041233, 0.029931079045340026, 0.0729328842817358], [0.45198805597245745, 0.22185680026241125, 0.28987277780733617, 0.03628236595779489], [0.8201914327512413, 0.0013648254517753344, 0.0005898062708642709, 0.17785393552611894], [0.0535115623231892, 0.7635315726173351, 0.08611930142252378, 0.09683756363695163], [0.042659961870655974, 0.299202106266207, 0.4146570335895166, 0.2434808982736203], [0.4738337222910769, 0.10884532962413859, 0.25202991159364824, 0.16529103649113616], [0.0018303529818468386, 0.01657791645834568, 0.9613390116921167, 0.02025271886769076], [0.007018119710969768, 0.04306604854331729, 0.48173118897920963, 0.4681846427665033], [0.19737130864138186, 0.13858459902225762, 0.027463940169012595, 0.636580152167348], [0.21821086216827043, 0.4070423867172568, 0.023958570418765528, 0.3507881806957072], [0.34141793766172784, 0.06753248495796418, 0.007377050745662979, 0.5836725266346453], [0.013201214623905938, 0.18671652443726702, 0.11046950705503061, 0.6896127538837967], [0.48508229861754326, 0.22553030200993507, 0.036794109671857436, 0.25259328970066397], [0.27434065172107397, 0.5771988069557155, 0.06455232721141167, 0.08390821411179909], [0.11775457203297283, 0.10929098534767791, 0.6322308634993112, 0.14072357912003813], [0.4741289185765974, 0.348208841474076, 0.11952934538271402, 0.05813289456661253], [0.1884170235849549, 0.1904031200852395, 0.04514275806981557, 0.5760370982599899], [0.026494743761301884, 0.8787070507987462, 0.07134232362771688, 0.023455881812235308], [0.021162515937033777, 0.6175811771518644, 0.2199231144694623, 0.14133319244163953], [0.11936448079722627, 0.5544801807036261, 0.02769067645252039, 0.298464662046627], [0.9249624962257189, 0.020857448211452842, 0.006861955762925006, 0.04731809979990332], [0.30421852151773704, 0.11361423509141767, 0.11832141617549981, 0.4638458272153452], [0.009137021959602159, 0.023828638878871735, 0.8220505973768173, 0.14498374178470885], [0.3100752284465724, 0.08987087595521215, 0.4291691922952517, 0.1708847033029636], [0.7237703753579716, 0.16662793040445864, 0.046457079797005335, 0.06314461444056443], [0.0710728019392888, 0.06908100510423532, 0.8400655027723343, 0.019780690184141685], [0.30887746406337807, 0.2954183309387116, 0.015821922449648737, 0.37988228254826156], [0.08927728208581272, 0.3909891551383678, 0.018269011644154173, 0.501464551131665], [0.17464648080845097, 0.2522310817577746, 0.30966254486515576, 0.2634598925686187], [0.3429803889380905, 0.4969079400551206, 0.05343109514498675, 0.10668057586180184], [0.4668167334152657, 0.22308237823696359, 0.031323528948481796, 0.27877735939928894], [0.09665217842455964, 0.1478211673438769, 0.7131351628554978, 0.04239149137606539], [0.28011001570555616, 0.14058082572244354, 0.368074655244288, 0.2112345033277121], [0.03559771281806837, 0.11415313765071393, 0.6379929479582067, 0.21225620157301076], [0.7860936303295376, 0.06525337416038357, 0.08497027964308468, 0.06368271586699441], [0.6115268791504649, 0.28051658929296697, 0.006046813734643269, 0.101909717821925], [0.7723374059018154, 0.18376724078091417, 0.013356031868809053, 0.03053932144846127], [0.15829204406834463, 0.03912753874217132, 0.7116529413393097, 0.09092747585017431], [0.018517617093501762, 0.14561533580386182, 0.644052408637634, 0.19181463846500263], [0.027046103723852497, 0.4889580129591016, 0.1052319343086711, 0.3787639490083748], [0.10849902776672403, 0.8565181877150637, 0.003793270706573385, 0.031189513811638887], [0.6626280552712981, 0.014835659971889022, 0.012532772967318048, 0.3100035117894948], [0.12111214282179203, 0.7909995336791945, 0.021520233329156032, 0.0663680901698577], [0.6689657563631013, 0.11271459379648006, 0.028754865911983785, 0.1895647839284346], [0.2225807486385111, 0.17943499923620332, 0.08553724327332123, 0.5124470088519645], [0.36798377504740654, 0.09970215032184511, 0.027938434062506453, 0.504375640568242], [0.09916610173731119, 0.22507042414627382, 0.011811309859476461, 0.6639521642569383], [0.1707751966760526, 0.09158395060570505, 0.4869410451468833, 0.2506998075713592], [0.19895671426475292, 0.3620656969763709, 0.33676917979510296, 0.1022084089637731], [0.5470192000819311, 0.12038090209762803, 0.28034456034048466, 0.05225533747995649], [0.01926158149466396, 0.8148002390930649, 0.14819682371208778, 0.017741355700183276], [0.1621864570657741, 0.18306521238283752, 0.0013654288503033474, 0.6533829017010847], [0.07359670616217402, 0.1816025466621161, 0.15877059163822968, 0.5860301555374801], [0.9149173604543958, 0.03460417631337931, 0.03670426013875177, 0.013774203093473311], [0.4059118579827284, 0.07306360326790605, 0.0004380604545555288, 0.52058647829481], [0.024139459150744294, 0.5775716488591663, 0.3502772709900929, 0.04801162099999638], [0.13450134665206473, 0.465237952037457, 0.277016321091718, 0.12324438021876015], [0.39684971213058834, 0.03334385139305749, 0.5392025814520768, 0.030603855024277576], [0.25037317655845265, 0.13357500215524584, 0.3939971499958448, 0.2220546712904569], [0.21445282339974073, 0.08364494059405822, 0.19931830395267203, 0.5025839320535291], [0.0106145737863743, 0.07738253079865129, 0.7690627653892435, 0.1429401300257311], [0.19581583510318123, 0.09191376213275632, 0.034251987494325946, 0.6780184152697366], [0.22803117610157975, 0.26853734500342696, 0.289486544674643, 0.21394493422035027], [0.27335197008456963, 0.5378258800981741, 0.06349441923509286, 0.1253277305821636], [0.06351949357357162, 0.07754972680314995, 0.8352903349279809, 0.02364044469529743], [0.12216511704992074, 0.07335918955731902, 0.051027341807661455, 0.7534483515850988], [0.23485554955927582, 0.5980974521876412, 0.11278798037669892, 0.0542590178763845], [0.8536085556123569, 0.05497767125705135, 0.03489018042139688, 0.056523592709194936], [0.6486477593407058, 0.2838909846234365, 0.007765966312988877, 0.059695289722868874], [0.2055695673645659, 0.5735640691020764, 0.00559144626501131, 0.2152749172683464], [0.28442568778753763, 0.14145892175068125, 0.08173955999857965, 0.49237583046320127], [0.14075951155834204, 0.22478350588637766, 0.05311951840426982, 0.5813374641510104], [0.15910068142003084, 0.23139875785951436, 0.2668246265764054, 0.34267593414404934], [0.07686426724648093, 0.3198329463999491, 0.5607482731201817, 0.04255451323338863], [0.5386820307299635, 0.3748614089362376, 0.005436282419932325, 0.08102027791386672], [0.6513617004525669, 0.22882400823381996, 0.015973423690137413, 0.10384086762347568], [0.7635931642040609, 0.11429403200021496, 0.07946965112448538, 0.04264315267123873], [0.3785346530753202, 0.2989195651638405, 0.020226905442625776, 0.3023188763182135], [0.443878363494691, 0.3025197678842555, 0.08286056021969768, 0.17074130840135582], [0.39460477291580354, 0.4209652341172028, 0.15660901499759675, 0.027820977969396542], [0.43781651946939243, 0.03326476568068824, 0.026180537873063212, 0.5027381769768561], [0.7967446506149661, 0.14293582584500428, 0.004040446208784949, 0.056279077331244744], [0.1357128910103937, 0.33651506470117376, 0.35261082149637013, 0.17516122279206262], [0.8628411069828557, 0.021819963937357335, 0.01602039255674554, 0.09931853652304178], [0.09785166169226191, 0.21131129637975254, 0.0647973799009915, 0.6260396620269942], [0.08643088595181707, 0.1062766089056842, 0.777089744612933, 0.030202760529565567], [0.5888263744740361, 0.047762929910094606, 0.06268943906831628, 0.30072125654755283], [0.8711395653895917, 0.007475971260848956, 0.006439589120627889, 0.11494487422893168], [0.020362888714486372, 0.21320141763267708, 0.3990800607721177, 0.36735563288071876], [0.1628131505320681, 0.3664483954940148, 0.20292196606258403, 0.26781648791133295], [0.05690328098494065, 0.24138173088411816, 0.07381335012057164, 0.6279016380103698], [0.50156092732963, 0.10981576626331212, 0.08665301743410825, 0.3019702889729496], [0.07373466756905231, 0.2356068173053887, 0.6642141063174996, 0.026444408808059608], [0.74905074440955, 0.24258220526901642, 0.0014869558683692575, 0.00688009445306423], [0.406558790041689, 0.15057107316706336, 0.2620346031688719, 0.18083553362237584], [0.1841044366535272, 0.2940832095126261, 0.2300555172303486, 0.29175683660349794], [0.11757442641765313, 0.39937712746001897, 0.37470366492986645, 0.10834478119246174], [0.11470791420066088, 0.6281554732913862, 0.09878003185837708, 0.15835658064957583], [0.5448454372858617, 0.2671293514917889, 0.12200188735989208, 0.06602332386245761], [0.8940065865343807, 0.07040290318920271, 0.002337094122605892, 0.03325341615381061], [0.37377237435905575, 0.24740836957248427, 0.16622168440485127, 0.2125975716636088]]}, "rewritten": {"ids": ["97105451", "97105960", "97106000", "97107681", "97107821", "97111790", "97112300", "97116401", "97116410", "97116500", "98106560", "98108370", "98108970", "98110680", "98116500", "99105921", "99108010", "99108080", "99108330", "99108460", "99109311", "99109840", "99112300", "99112840", "99113260", "99120010", "99121440", "100107920", "100108260", "100109000", "100109890", "100110050", "100113370", "101108290", "101108500", "101108621", "101110150", "101110740", "101113210", "101114020", "101114990", "101115190", "101119030", "101121640", "102113210", "103109791", "103110840", "103111830", "103112470", "103113170", "103113270", "103113640", "103117200", "103120730", "104109311", "104110960", "104111990", "104113380", "104114240", "104114320", "104114410", "104116980", "104119290", "105112100", "105112260", "105113480", "105115250", "105116441", "105117200", "105118230", "105118740", "105119550", "106113260", "106113830", "106114150", "106114280", "106115250", "106118520", "106118820", "106121220", "107112850", "107113200", "107114110", "107114200", "107114321", "107116300", "107118120", "107118820", "107120130", "108115250", "108115500", "108117451", "108117610", "108118520", "108119510", "108120280", "108121351", "109113281", "109114651", "109116810", "109117600", "109117630", "109117730", "109118231", "109118820", "109119450", "109121410", "110115580", "110115710", "110118121", "110118930", "110120531", "110120640", "111114121", "111115910", "111117571", "111118301", "111120220", "111120260", "111121351", "112117030", "112117431", "112117660", "112118511", "112118550", "112118620", "112119930", "112120670", "112121360", "113117340", "113118511", "113118620", "113118630", "113118690", "113118810", "113119360", "113119930", "113120280", "113121010", "113122160", "113122320", "113122430"], "labels": [0, 2, 0, 3, 2, 2, 2, 3, 3, 2, 1, 1, 3, 2, 2, 1, 2, 3, 1, 0, 1, 2, 0, 2, 0, 2, 2, 0, 3, 1, 3, 3, 3, 0, 3, 0, 1, 3, 3, 3, 3, 1, 3, 2, 3, 3, 1, 3, 1, 3, 2, 1, 0, 1, 3, 2, 2, 1, 0, 2, 1, 1, 1, 1, 3, 0, 2, 1, 3, 1, 1, 1, 3, 1, 1, 3, 2, 2, 3, 1, 1, 0, 1, 2, 0, 0, 3, 3, 2, 1, 3, 2, 3, 0, 1, 3, 3, 0, 3, 3, 1, 0, 3, 1, 3, 3, 0, 1, 2, 3, 1, 0, 0, 0, 2, 3, 3, 3, 3, 0, 2, 0, 0, 1, 3, 3, 1, 2, 3, 2, 1, 3, 3, 3, 3, 0, 1, 0, 2, 3, 1, 2], "predicted_labels": [0, 2, 3, 2, 0, 3, 3, 1, 1, 2, 1, 2, 1, 2, 1, 0, 1, 3, 2, 3, 1, 2, 3, 1, 1, 1, 2, 3, 0, 1, 3, 3, 1, 3, 1, 3, 0, 1, 1, 3, 1, 1, 3, 1, 3, 2, 1, 0, 0, 1, 2, 0, 3, 0, 3, 0, 0, 2, 3, 2, 3, 2, 3, 3, 1, 3, 0, 1, 0, 1, 1, 1, 1, 3, 0, 3, 1, 0, 3, 3, 1, 0, 3, 1, 3, 1, 3, 0, 1, 2, 1, 0, 3, 0, 2, 0, 1, 3, 0, 1, 0, 1, 0, 1, 3, 3, 3, 0, 1, 3, 3, 3, 1, 1, 1, 0, 0, 0, 0, 1, 3, 0, 3, 3, 3, 3, 1, 3, 0, 1, 0, 1, 1, 1, 1, 0, 0, 3, 1, 3, 0, 1], "confidence_scores": [[0.9205106769685231, 0.04281786841761188, 0.003779080052236119, 0.03289237456162873], [0.09892734276064387, 0.10082388414168027, 0.6668428492385351, 0.13340592385914032], [0.04641134099841651, 0.1797505262000271, 0.411068077701288, 0.36277005510026855], [0.020184580494660136, 0.09651293999683463, 0.6708760584406303, 0.21242642106787513], [0.7782628962901229, 0.05844592022399978, 0.012322991628818067, 0.15096819185705943], [0.16698587832431938, 0.05651699519554805, 0.23732761205841504, 0.5391695144217172], [0.2189222553359403, 0.1312711982935757, 0.34721264279564085, 0.3025939035748434], [0.09798148593029093, 0.3600510975940894, 0.34096271259379385, 0.20100470388182556], [0.28816884281910377, 0.3153918624532398, 0.258905255594905, 0.13753403913275167], [0.1706479453468226, 0.12750969423714176, 0.6759860929913907, 0.02585626742464507], [0.4317229811486085, 0.34892641738528946, 0.09471482130307328, 0.12463578016302912], [0.0007666187846691138, 0.016917280372477698, 0.9700367514622562, 0.012279349380597238], [0.032827102159682875, 0.879363449733909, 0.06991185347030493, 0.017897594636103124], [0.07895767999536896, 0.2175591836137896, 0.7001518289950535, 0.003331307395788244], [0.32346869271080964, 0.4114352287959095, 0.1752109070961501, 0.08988517139713081], [0.578476813093783, 0.28591107314376757, 0.07842522350142075, 0.057186890261028606], [0.22028070111920642, 0.4170094033865701, 0.11976541443302426, 0.24294448106119934], [0.1935813519106653, 0.2710781491590504, 0.20203948629938023, 0.3333010126309042], [0.07814615779392328, 0.1256378445266166, 0.6160295311090168, 0.18018646657044327], [0.22066363182633617, 0.2043207624285355, 0.08582437000161074, 0.48919123574351725], [0.03315488846627666, 0.21559213890598766, 0.511144432607789, 0.24010854001994644], [0.019183489673270028, 0.11099661377022318, 0.6544868780777965, 0.21533301847871011], [0.13845136697089436, 0.21513783924115765, 0.3840030496585805, 0.26240774412936746], [0.03129115885070251, 0.7922767600731305, 0.0999189312188065, 0.0765131498573603], [0.3289615202172299, 0.305284041235749, 0.347723548261517, 0.01803089028550391], [0.2265034778438731, 0.2446962633587932, 0.44520789261639365, 0.08359236618094006], [0.09226676172349647, 0.20145036993238388, 0.6807103869527031, 0.025572481391416744], [0.28421102167876344, 0.13304019449948243, 0.03289841923080298, 0.549850364590951], [0.5791281234810984, 0.12122271547526894, 0.11014843215491754, 0.1895007288887151], [0.3721071762332514, 0.2843610977710687, 0.08353717608686466, 0.25999454990881543], [0.5052926476269285, 0.07582891144548497, 0.08081641606954454, 0.33806202485804204], [0.030810852138925905, 0.19695520921512666, 0.12696621364760094, 0.6452677249983467], [0.11857556471062236, 0.39615729616442996, 0.3590053367534305, 0.12626180237151696], [0.40552520600255604, 0.09306975489542336, 0.033769115197434245, 0.46763592390458647], [0.2627830289097271, 0.2477849497715806, 0.21718975419838682, 0.27224226712030547], [0.10973303958130728, 0.3437413311392928, 0.06374245356368832, 0.48278317571571117], [0.5494230792636231, 0.12279245741995495, 0.033120761966260764, 0.294663701350161], [0.06528847353632311, 0.6601924589488103, 0.12526700489455947, 0.1492520626203071], [0.15048100783206425, 0.5823720671993075, 0.10429602610040609, 0.16285089886822193], [0.40408758954857504, 0.08362752680257102, 0.20701768932970874, 0.30526719431914506], [0.005534252377730766, 0.7904461603662828, 0.19163592383040662, 0.012383663425579717], [0.03422967139321157, 0.624565440363259, 0.28868628016181036, 0.05251860808171852], [0.3298954915817654, 0.06342517046490181, 0.15488583416307442, 0.45179350379025845], [0.02810873929734587, 0.453749249589483, 0.10697469729499019, 0.41116731381818084], [0.1277120765137574, 0.23062280314417194, 0.06691830618611791, 0.5747468141559526], [0.1065102972116736, 0.03652196606278281, 0.7634588732548827, 0.09350886347066104], [0.2431741168759347, 0.17811243701354748, 0.3732715413733359, 0.2054419047371819], [0.7554680661630526, 0.016417784547906447, 0.011096964754895971, 0.217017184534145], [0.5034539095236656, 0.11704519658668142, 0.29347307315843313, 0.08602782073121991], [0.08753796832051418, 0.3868554020005038, 0.4074045879157093, 0.11820204176327302], [0.09327140741343985, 0.13958492322278762, 0.5771013638679499, 0.19004230549582285], [0.9579804378788678, 0.008468022562941147, 0.002950921031540116, 0.03060061852665086], [0.1924225053055356, 0.2673724381373322, 0.005649550346892714, 0.5345555062102393], [0.6870721327124523, 0.2685288783632957, 0.008775040387715758, 0.03562394853653642], [0.5612404330191852, 0.06450090295064348, 0.00983956491091744, 0.36441909911925396], [0.846734049027228, 0.053840377018196495, 0.08737836516632566, 0.012047208788249684], [0.9312529112403074, 0.03435310670630512, 0.010049151964494461, 0.024344830088892714], [0.04329048112636674, 0.0535085860407295, 0.8813730339180713, 0.021827898914832222], [0.4660815463488344, 0.1003863206771073, 0.07199545511210859, 0.3615366778619499], [0.20204209805667728, 0.20842336267055894, 0.5533426211960432, 0.036191918076720904], [0.5025045036931831, 0.03856301926424181, 0.025637171579610082, 0.433295305462965], [0.027061094014051715, 0.06040998187032576, 0.7399274998790831, 0.17260142423653976], [0.01393840833076186, 0.09589521885506501, 0.24972023515458655, 0.6404461376595867], [0.34668141747028935, 0.058535148878533734, 0.0678121708294647, 0.5269712628217122], [0.11153911667072164, 0.6188906686786959, 0.0384273575995486, 0.23114285705103402], [0.22270707879003782, 0.15169875489141266, 0.011887374098521279, 0.6137067922200283], [0.6977144750420928, 0.14247451120620822, 0.03868029326597653, 0.12113072048572236], [0.2076722269032267, 0.6653427816985679, 0.04286676650324931, 0.08411822489495623], [0.5116981239388331, 0.16739966789830688, 0.1278329013265649, 0.19306930683629486], [0.09920741209510439, 0.5341932741266087, 0.14319477696912145, 0.2234045368091654], [0.1395215705062236, 0.37300020270777073, 0.35965476249481776, 0.1278234642911879], [0.49547758612504345, 0.4167503536677114, 0.007397847743798187, 0.08037421246344734], [0.46327217300662543, 0.4236255470998649, 0.04544563256458595, 0.06765664732892351], [0.11440429882244366, 0.1917478711090524, 0.11196159691064357, 0.5818862331578603], [0.8628220087760721, 0.05926634146878272, 0.033818590188762196, 0.04409305956638306], [0.13635681917333511, 0.28757109445562873, 0.10907737234714023, 0.4669947140238959], [0.09218845858171432, 0.29996990400377055, 0.4880416962764868, 0.11979994113802826], [0.6832769745832283, 0.1957853924048117, 0.023771424482860636, 0.09716620852909916], [0.3546517075319607, 0.29669317797864647, 0.025160018683867552, 0.32349509580552516], [0.407643687210546, 0.21251027166720293, 0.07380615299732027, 0.3060398881249309], [0.18751881514691507, 0.6869787619426021, 0.07972601248760694, 0.04577641042287606], [0.8661994523888151, 0.027311632429066944, 0.015951530895474072, 0.09053738428664362], [0.018907661024980447, 0.0719095756874563, 0.017950994262857733, 0.8912317690247055], [0.05725803685216756, 0.8347621591709323, 0.003360292244764974, 0.10461951173213498], [0.16805582208992498, 0.3102811477093089, 0.021528563784908257, 0.5001344664158576], [0.24225146663521774, 0.566755110381269, 0.05942104382795083, 0.13157237915556244], [0.12582308332155934, 0.31742210329168874, 0.014884789691300492, 0.5418700236954516], [0.4674879590159007, 0.2533844328492335, 0.04642178122392647, 0.23270582691093938], [0.1338397588369008, 0.3733868692389617, 0.3787141698730582, 0.11405920205107954], [0.2894437945672549, 0.14342243326409668, 0.39390047096490055, 0.17323330120374802], [0.19262639183928856, 0.4391232061295069, 0.2551672920596381, 0.11308310997156623], [0.9440787839185577, 0.0030481924849870587, 0.0004066441820011852, 0.05246637941445387], [0.41184438781100446, 0.0589652134665571, 0.002278186637112719, 0.5269122120853258], [0.614821453624856, 0.19834248812849167, 0.032380406894249106, 0.15445565135240333], [0.07751467890868576, 0.10116616738419093, 0.7742149891552992, 0.04710416455182441], [0.6436865835364721, 0.04192687081401081, 0.06664804572930948, 0.24773849992020788], [0.20149884620120234, 0.43162564925302205, 0.01956153567316678, 0.3473139688726086], [0.5403025197852186, 0.06320580639512607, 0.0035960806511173347, 0.392895593168538], [0.9120331364581801, 0.005111988546574512, 0.0025808605216727683, 0.08027401447357287], [0.29961548855636877, 0.5285621451420397, 0.07129248470582489, 0.10052988159576685], [0.7475681226231983, 0.1377325245704327, 0.049759282473930536, 0.06494007033243845], [0.3814692202869436, 0.38608445369954686, 0.13538097081543202, 0.09706535519807748], [0.9723833686481049, 0.016900042725438744, 0.005988072094964532, 0.004728516531491959], [0.33751496784705265, 0.4601618815660108, 0.011733791247794544, 0.19058935933914187], [0.12324326241717774, 0.0858623257429981, 0.4694181634751304, 0.321476248364694], [0.01647234408729976, 0.09914850032410706, 0.496540763835048, 0.387838391753545], [0.12061934040291691, 0.059880069494839976, 0.009221898977925944, 0.8102786911243168], [0.4318548351073506, 0.08302362764366758, 0.4486693110295348, 0.03645222621944668], [0.10575323182139508, 0.34134956511038256, 0.2886416733226302, 0.2642555297455925], [0.2174366243587379, 0.36518032512146564, 0.002954756457355812, 0.41442829406244064], [0.11287629994518424, 0.3159333239680922, 0.03604344411963881, 0.5351469319670848], [0.28134734841804204, 0.35285845447373565, 0.019760081199601084, 0.34603411590862104], [0.2696845607649574, 0.332695304248961, 0.3254789893449047, 0.07214114564117692], [0.1349035305707128, 0.8017768460007895, 0.01859290804181439, 0.04472671538668344], [0.3691529161848179, 0.42619108113080195, 0.1801571289914129, 0.02449887369296724], [0.7025589244159259, 0.1898868596772773, 0.0075364231005263784, 0.10001779280627052], [0.47860809849541136, 0.26050996189137865, 0.018957727111895337, 0.2419242125013146], [0.8235724947052943, 0.17030392153139445, 0.0012354090400871537, 0.004888174723224363], [0.6518229719221846, 0.27508632738045036, 0.0064033462242323435, 0.06668735447313257], [0.44292160326371854, 0.4740671264509711, 0.026296462054133697, 0.056714808231176785], [0.13937546991826685, 0.12142400679010767, 0.12346745132550886, 0.6157330719661166], [0.853179999831059, 0.13750113820062795, 0.0032633953416163746, 0.0060554666266966675], [0.16306016422249506, 0.07614959601848495, 0.06525348823984423, 0.6955367515191757], [0.32140666383659183, 0.05888711838794406, 0.07361971047473333, 0.5460865073007305], [0.4233983303998683, 0.10706121644830707, 0.011712259363698655, 0.4578281937881257], [0.5436742267044123, 0.118958377830004, 0.007345472023138424, 0.330021923442445], [0.12702999487126787, 0.2790954782073868, 0.35487019999451797, 0.23900432692682744], [0.09006492360014136, 0.1477768222146755, 0.46369877929115844, 0.2984594748940246], [0.886955311324301, 0.07912454991472147, 0.0014947486256857289, 0.03242539013529171], [0.07179292855424982, 0.42525227725054465, 0.378771127825591, 0.12418366636961431], [0.5335420005837712, 0.13881043053570513, 0.09886803104681602, 0.2287795378337075], [0.266722488320728, 0.6453453049727137, 0.015153165755935886, 0.07277904095062254], [0.2899927639488547, 0.3222452646703333, 0.1422559507847476, 0.24550602059606444], [0.2271168080705086, 0.5362408266624107, 0.1387907478971435, 0.09785161736993737], [0.1493589269869618, 0.491626778748983, 0.023180858329340994, 0.3358334359347143], [0.50728943223248, 0.1791369953106688, 0.01879577935058361, 0.2947777931062671], [0.7302166899358647, 0.21030466876429665, 0.03236557767003329, 0.027113063629805173], [0.5875077049328582, 0.018000159036230014, 0.0030717786382210397, 0.3914203573926906], [0.2711685840624833, 0.3286091837237071, 0.15047505081459803, 0.24974718139921193], [0.05193772348752975, 0.27383822353816684, 0.3307313284688748, 0.3434927245054287], [0.7369261349733975, 0.2315725390484975, 0.006005681057827537, 0.025495644920277557], [0.008650085557325025, 0.5547386372085231, 0.191206842216149, 0.24540443501800308]]}}