{"test": {"ids": ["104117200", "97108520", "113120601", "100109360", "102109910", "107116980", "111116040", "110115710", "97105451", "110121450", "101108950", "103111830", "105113620", "111116640", "103113260", "104113190", "103109791", "110116501", "105115680", "98108520", "97106000", "112116540", "109117730", "106118161", "99108000", "108115870", "97109570", "101110200", "98111670", "101116130", "113122430", "108117451", "99107640", "111119610", "108119550", "110120190", "101114990", "100109311", "102113210", "97112300", "105116980", "111120320", "104111531", "111120591", "112117790", "112118471", "99107560", "107118820", "112117571", "103110840", "111121930", "99119830", "107121540", "111121190", "100108490", "107113170", "101114020", "111114941", "104113170", "112121430", "112116640", "107117630", "109116930", "111119150", "109119591", "106119260", "112118890", "101108500", "110118121", "101111310", "104119290", "102107961", "99108890", "107120880", "111120540", "112119120", "113121190", "110114920", "102113350", "105112240", "111118910", "109121410", "99112300", "99112840", "101112160", "110117080", "107120010", "99114890", "109116170", "111120260", "105121190", "99108310", "112117660", "104111380", "97111790", "112116810", "105118230", "108118810", "105116860", "109116810", "105115570", "97107681", "105117431", "110118810", "113122650", "98107340", "110118880", "103111540", "100120010", "99109860", "111120640", "99108460", "112120640", "104110960", "110117200", "106113830", "107118780", "112117780", "100109330", "109117271", "113120280", "112118820", "107121700", "107112850", "109113281", "98109570", "106113190", "113120260", "102118380", "106111321", "111116110", "99108330", "105116501", "112120700", "97107260", "97113900", "112116401", "102121440", "98107380", "105120621", "104111550", "104118340"], "labels": [3, 2, 2, 0, 2, 3, 0, 2, 0, 3, 2, 3, 0, 0, 3, 3, 3, 3, 2, 2, 0, 1, 3, 3, 2, 3, 0, 2, 1, 2, 2, 2, 1, 2, 1, 3, 3, 1, 3, 2, 0, 1, 0, 1, 3, 1, 1, 3, 3, 1, 1, 1, 2, 1, 2, 0, 3, 0, 3, 2, 0, 0, 0, 3, 0, 1, 3, 3, 3, 3, 1, 3, 0, 1, 1, 1, 1, 3, 3, 1, 0, 0, 0, 2, 3, 1, 1, 2, 0, 3, 2, 2, 0, 3, 2, 3, 1, 1, 2, 3, 0, 3, 1, 1, 2, 0, 0, 1, 0, 2, 0, 0, 0, 2, 3, 1, 1, 0, 0, 0, 0, 0, 3, 1, 0, 1, 0, 3, 1, 0, 3, 1, 1, 2, 2, 2, 0, 2, 1, 1, 1, 2], "predicted_labels": [3, 1, 1, 3, 3, 1, 3, 3, 0, 1, 1, 3, 1, 3, 1, 3, 3, 3, 1, 3, 3, 3, 0, 1, 1, 0, 3, 1, 3, 1, 1, 3, 1, 1, 0, 1, 1, 3, 3, 0, 0, 3, 3, 3, 3, 0, 3, 3, 3, 3, 0, 1, 3, 3, 3, 1, 3, 3, 3, 3, 3, 3, 1, 1, 3, 1, 3, 3, 3, 1, 3, 3, 1, 1, 1, 3, 3, 1, 3, 1, 1, 1, 1, 1, 3, 3, 3, 1, 3, 1, 1, 0, 3, 3, 3, 3, 3, 1, 1, 1, 3, 3, 1, 3, 3, 3, 3, 1, 1, 1, 3, 3, 3, 0, 3, 3, 0, 3, 3, 3, 3, 1, 1, 1, 3, 3, 3, 0, 1, 3, 3, 3, 3, 1, 3, 2, 0, 1, 3, 3, 1, 3], "confidence_scores": [[0.24498783249390185, 0.2755340223894932, 0.1886456804761929, 0.2908324646404121], [0.2715771074220879, 0.2972391212331218, 0.1815695510379442, 0.24961422030684624], [0.22752561375442137, 0.32219210704034396, 0.16272371492175222, 0.2875585642834826], [0.23594549721464222, 0.217940853533562, 0.2485345837210961, 0.29757906553070007], [0.2725495066957929, 0.22793551418829974, 0.21551358589255018, 0.2840013932233571], [0.24381567626051254, 0.3344847803843654, 0.17711334038148838, 0.24458620297363393], [0.28271426682451634, 0.265401469873276, 0.1480391020674832, 0.30384516123472444], [0.20051682061155326, 0.2867471506590114, 0.22422040493975617, 0.28851562378967915], [0.3284164763226821, 0.28174015630999144, 0.1755900128704447, 0.21425335449688185], [0.2264185369982479, 0.35528336216316747, 0.13121808169794247, 0.2870800191406424], [0.22399363918719734, 0.3055726855384234, 0.21254320672063953, 0.2578904685537397], [0.24260725084040272, 0.26200675753908115, 0.1768260534677027, 0.31855993815281364], [0.15844424076746597, 0.33776827219071587, 0.2578340256867891, 0.2459534613550292], [0.24024327765683573, 0.27517393378937227, 0.19072484805962994, 0.2938579404941622], [0.20130319302705332, 0.3099120117577203, 0.20478862429960962, 0.28399617091561685], [0.20846410156691564, 0.3038436985803854, 0.1350161584896915, 0.35267604136300723], [0.2241740613132076, 0.2613056899488529, 0.20098784959210542, 0.31353239914583436], [0.24099351877808028, 0.2811726673339494, 0.1303429858365172, 0.34749082805145315], [0.17986396222846718, 0.333878332504143, 0.21159388524581588, 0.27466382002157386], [0.19824606865664493, 0.28859618273916987, 0.17645202506151716, 0.3367057235426681], [0.20725194627981536, 0.25117167117088074, 0.2178407952780524, 0.32373558727125173], [0.21413963806890465, 0.27060298863838456, 0.1391039944087023, 0.37615337888400846], [0.3334971398586222, 0.24195997684001655, 0.18712531945497146, 0.2374175638463899], [0.2717481107875228, 0.29736397679891186, 0.20231075860295783, 0.2285771538106075], [0.2011256850191932, 0.2983821049611411, 0.2381850345809384, 0.26230717543872734], [0.2952921350105208, 0.2489819939605354, 0.17407771995699098, 0.2816481510719529], [0.23100104993444437, 0.26618670601133787, 0.17941372929700797, 0.32339851475720977], [0.23091244392225452, 0.35278678536391395, 0.1619583848989874, 0.2543423858148442], [0.25576370697894485, 0.2519529316611283, 0.20172795444174166, 0.2905554069181854], [0.20911244870692636, 0.30420216482234, 0.1887829320294383, 0.2979024544412954], [0.17881835319123776, 0.388484346511353, 0.1710443991905079, 0.2616529011069015], [0.29435566218956793, 0.1989162139458026, 0.17817564447506748, 0.32855247938956195], [0.20830357238876793, 0.31503534845934367, 0.20166770877063095, 0.27499337038125754], [0.2261347237338855, 0.3007524242580034, 0.178018077040963, 0.2950947749671483], [0.27859238431796013, 0.2673048946951519, 0.18730678864296155, 0.2667959323439268], [0.23899052792814898, 0.31380832720929364, 0.13462133923196665, 0.3125798056305909], [0.1841984179257831, 0.3552089129625646, 0.18072351870841036, 0.2798691504032419], [0.2454391491090041, 0.2399684902085747, 0.21041475016743927, 0.30417761051498227], [0.2450643760978149, 0.2519141973438177, 0.17305475576089216, 0.32996667079747544], [0.2678248477879436, 0.2653840384747575, 0.2011693703275752, 0.2656217434097239], [0.28714616941926513, 0.2859386455313791, 0.17741269997465856, 0.24950248507469727], [0.2358750623201386, 0.2857858278317672, 0.16707044135318308, 0.3112686684949111], [0.23877559368603282, 0.26999979736376933, 0.20769088112739634, 0.2835337278228015], [0.2732377730545554, 0.2539422409727505, 0.18534038145342502, 0.28747960451926924], [0.2634634826149548, 0.20380797805830042, 0.23125593838804206, 0.3014726009387028], [0.2907284836839164, 0.2843566295080235, 0.15672613260830645, 0.26818875419975385], [0.21175114312757742, 0.2890141727211372, 0.20035102824213816, 0.2988836559091475], [0.22786816362079243, 0.27395620442806556, 0.19864584137014332, 0.299529790580999], [0.24541804138475187, 0.2954002745775755, 0.14358563399086136, 0.3155960500468113], [0.24886485753606377, 0.259361247998256, 0.18471706993759393, 0.30705682452808664], [0.34418520182778345, 0.2650289835187208, 0.1499957669567123, 0.24079004769678355], [0.19957882451514689, 0.331394991189819, 0.19992535465292202, 0.2691008296421121], [0.20726468485509464, 0.22886894215489242, 0.23049003918284935, 0.33337633380716347], [0.26093285852095893, 0.2244652976167995, 0.17157490943859713, 0.34302693442364457], [0.24092485957133936, 0.23903173608047024, 0.19215524709751552, 0.32788815725067494], [0.19281697685804094, 0.3290534745133213, 0.19044629214297923, 0.2876832564856587], [0.23863197435334604, 0.26166201404442907, 0.20420803379926458, 0.2954979778029603], [0.2664098633210805, 0.24457458010194202, 0.14798188237112442, 0.34103367420585323], [0.1850038383183451, 0.3279965001303296, 0.15731310342281626, 0.3296865581285091], [0.28331013282575457, 0.1870124154518679, 0.18440142413291583, 0.3452760275894618], [0.23721210682168778, 0.2769561689557442, 0.1592743249659231, 0.32655739925664484], [0.26309399944628614, 0.21171029781698347, 0.20134187961326272, 0.3238538231234676], [0.2412622162184349, 0.2681332565052474, 0.2254952139018375, 0.2651093133744801], [0.20743961249089168, 0.31128361761161133, 0.19875886679676824, 0.2825179031007289], [0.26626568843431564, 0.2496429682935423, 0.20160756685635242, 0.2824837764157897], [0.25911268740815385, 0.2632243100177813, 0.21819621899173047, 0.25946678358233455], [0.28364389361662384, 0.2681552263471612, 0.14115261296016648, 0.30704826707604843], [0.2001186523733489, 0.2823672310368741, 0.19349395624055404, 0.324020160349223], [0.26272596637309165, 0.29709008977406, 0.13118400478597678, 0.30899993906687157], [0.2777434815591142, 0.3202396319356803, 0.1818811999296592, 0.22013568657554636], [0.1496701715280281, 0.3167238083752651, 0.17990846586664766, 0.35369755423005933], [0.20630078343761468, 0.28412107882596616, 0.21427707547179126, 0.29530106226462804], [0.1848624382662576, 0.3345847340528965, 0.188672907377171, 0.2918799203036749], [0.2763303532975036, 0.28422595259871025, 0.21868573514011683, 0.22075795896366945], [0.1986000019049539, 0.32191733696193603, 0.1932922746794289, 0.2861903864536814], [0.24493550950036724, 0.2261017824268276, 0.1939090831159718, 0.3350536249568335], [0.26858922277741704, 0.2736638232070677, 0.14996030733961715, 0.307786646675898], [0.2265080920761446, 0.320871050850268, 0.13884522631210403, 0.3137756307614834], [0.22875291108041346, 0.2545112729379968, 0.2578746520988345, 0.25886116388275526], [0.2267043092046722, 0.3422271817641569, 0.15316226584677417, 0.2779062431843966], [0.244477079883699, 0.29202348084034296, 0.189766201702655, 0.2737332375733033], [0.23372731597305943, 0.2977161127477721, 0.20841339963508318, 0.2601431716440855], [0.2316524211226174, 0.3165920143757256, 0.19412170300085432, 0.2576338615008026], [0.23747058522329692, 0.3061044206850965, 0.2114904078360335, 0.2449345862555732], [0.2266311003517828, 0.2528321334889873, 0.2434433914616647, 0.2770933746975653], [0.16699444101844244, 0.27010939989728944, 0.1564990486618724, 0.4063971104223959], [0.1690835225298184, 0.2811607757583596, 0.22145518335835354, 0.32830051835346835], [0.20371202869201535, 0.3136904507195983, 0.23496734490763868, 0.24763017568074783], [0.1997122860421733, 0.28627871069281147, 0.1662361433107603, 0.347772859954255], [0.29923849352098175, 0.30829714546482934, 0.14291382596761937, 0.2495505350465696], [0.1906632967760429, 0.35650416762522336, 0.21252851907601797, 0.24030401652271582], [0.30200274133806393, 0.24350652976049691, 0.20623273516904214, 0.24825799373239701], [0.24063446166039998, 0.2577577656778298, 0.17056779827908677, 0.3310399743826833], [0.2639155663647594, 0.2260643588472703, 0.19920713623938757, 0.31081293854858294], [0.25162870038044177, 0.21227864851863526, 0.17239753006379743, 0.36369512103712603], [0.24624870944929456, 0.23331023393164915, 0.230747463002515, 0.28969359361654134], [0.20779822695489655, 0.2596412991451714, 0.16373171780393952, 0.3688287560959925], [0.27459351407497873, 0.33436392419649125, 0.14714009763388, 0.2439024640946502], [0.25316952143255667, 0.3136904999928786, 0.17126065282041075, 0.26187932575415407], [0.23253702471620488, 0.3173905445248295, 0.19800512606823656, 0.2520673046907291], [0.24291709490758723, 0.2815752574363708, 0.18492515931983855, 0.2905824883362036], [0.20048758400854855, 0.23704071389738382, 0.2308114466066197, 0.33166025548744815], [0.24564149060217133, 0.3544609331704842, 0.14125792993681013, 0.25863964629053426], [0.20049757373784033, 0.27838563083868206, 0.1912100165336359, 0.3299067788898419], [0.2692529473075034, 0.23191242977389367, 0.13976564414385503, 0.35906897877474797], [0.2182496150567287, 0.22501306959110828, 0.25021874975701425, 0.30651856559514884], [0.23599009624972658, 0.2987905899115051, 0.15949205186606868, 0.3057272619726997], [0.22163865706565392, 0.29809678062280187, 0.18427731299456152, 0.29598724931698284], [0.23978419551154093, 0.32486772089591087, 0.2139083599908517, 0.22143972360169653], [0.20445883393889513, 0.3004968549239353, 0.24479946456430438, 0.2502448465728653], [0.2778666823780404, 0.26244930718572057, 0.15732095162353438, 0.3023630588127047], [0.2462922858527598, 0.22778199133052884, 0.14389861040640867, 0.3820271124103026], [0.25918180370179145, 0.25538664741055067, 0.1956166109616297, 0.28981493792602836], [0.29947797871560605, 0.2468653588742277, 0.19222494789085975, 0.26143171451930663], [0.23143115246678975, 0.27624246698191995, 0.17604704109403865, 0.3162793394572516], [0.25004590670982013, 0.2685853046908518, 0.17792048860781415, 0.3034482999915139], [0.28906666941989123, 0.2834512626899375, 0.15886103672972338, 0.2686210311604481], [0.2746944860445916, 0.2733506317799361, 0.14738591936767492, 0.30456896280779744], [0.28813189431528147, 0.22822425996880644, 0.19085412216837305, 0.29278972354753924], [0.250780419420263, 0.25889541597934906, 0.18848424131749436, 0.3018399232828935], [0.294443495203923, 0.2189358104175884, 0.16636067560295387, 0.32026001877553484], [0.2603480091137861, 0.30237956305394137, 0.1403451592477658, 0.2969272685845069], [0.2203485769717815, 0.3106772165882014, 0.17477506798205958, 0.29419913845795764], [0.24682664077560887, 0.31986763629753584, 0.19886126893432782, 0.23444445399252742], [0.23547467007794162, 0.2955055445001163, 0.15306786285031404, 0.31595192257162824], [0.21043927347439745, 0.22543932027940974, 0.1989050827775686, 0.36521632346862426], [0.251621625773239, 0.2826943338013415, 0.16798279274580297, 0.2977012476796168], [0.31395539531781586, 0.25565705014056767, 0.16807375973195485, 0.2623137948096619], [0.24734148454951993, 0.27682551055488686, 0.2395655004427413, 0.23626750445285213], [0.23043228431866608, 0.2764260546352103, 0.13270642922368425, 0.36043523182243953], [0.2221360771564286, 0.2263426777582339, 0.21596921820712783, 0.3355520268782098], [0.22247444495021287, 0.2718669492092808, 0.18056553596596042, 0.32509306987454595], [0.2588585794936935, 0.2987878827303453, 0.12819312222063645, 0.3141604155553248], [0.24734353225696665, 0.298503231920468, 0.19774372651016825, 0.2564095093123971], [0.1776491417153505, 0.24897568577125526, 0.2532504663477231, 0.32012470616567124], [0.25147352344601753, 0.2365473584331299, 0.2562423082744956, 0.25573680984635716], [0.31965615696251226, 0.2748746829699815, 0.12774929166758278, 0.2777198683999235], [0.21423600269431436, 0.32935361925650897, 0.1962062994692376, 0.26020407857993916], [0.2645271513538789, 0.24485274274396157, 0.1967179878659226, 0.29390211803623706], [0.2760027813974623, 0.21687483577211336, 0.10876330323501936, 0.398359079595405], [0.20876654665634625, 0.3025132922252806, 0.2390084652112524, 0.24971169590712075], [0.17956786015539172, 0.27940278288734227, 0.172474663413415, 0.36855469354385106]]}, "rewritten": {"ids": ["97105451", "97106000", "97107260", "97107681", "97108520", "97109570", "97111790", "97112300", "97113900", "98107340", "98107380", "98108520", "98109570", "98111670", "99107560", "99107640", "99108000", "99108310", "99108330", "99108460", "99108890", "99109860", "99112300", "99112840", "99114890", "99119830", "100108490", "100109311", "100109330", "100109360", "100120010", "101108500", "101108950", "101110200", "101111310", "101112160", "101114020", "101114990", "101116130", "102107961", "102109910", "102113210", "102113350", "102118380", "102121440", "103109791", "103110840", "103111540", "103111830", "103113260", "104110960", "104111380", "104111531", "104111550", "104113170", "104113190", "104117200", "104118340", "104119290", "105112240", "105113620", "105115570", "105115680", "105116501", "105116860", "105116980", "105117431", "105118230", "105120621", "105121190", "106111321", "106113190", "106113830", "106118161", "106119260", "107112850", "107113170", "107116980", "107117630", "107118780", "107118820", "107120010", "107120880", "107121540", "107121700", "108115870", "108117451", "108118810", "108119550", "109113281", "109116170", "109116810", "109116930", "109117271", "109117730", "109119591", "109121410", "110114920", "110115710", "110116501", "110117080", "110117200", "110118121", "110118810", "110118880", "110120190", "110121450", "111114941", "111116040", "111116110", "111116640", "111118910", "111119150", "111119610", "111120260", "111120320", "111120540", "111120591", "111120640", "111121190", "111121930", "112116401", "112116540", "112116640", "112116810", "112117571", "112117660", "112117780", "112117790", "112118471", "112118820", "112118890", "112119120", "112120640", "112120700", "112121430", "113120260", "113120280", "113120601", "113121190", "113122430", "113122650"], "labels": [0, 0, 2, 3, 2, 0, 2, 2, 2, 0, 1, 2, 1, 1, 1, 1, 2, 2, 1, 0, 0, 2, 0, 2, 2, 1, 2, 1, 0, 0, 0, 3, 2, 2, 3, 3, 3, 3, 2, 3, 2, 3, 3, 1, 2, 3, 1, 1, 3, 3, 2, 3, 0, 1, 3, 3, 3, 2, 1, 1, 0, 0, 2, 1, 2, 0, 1, 1, 1, 2, 0, 0, 1, 3, 1, 1, 0, 3, 0, 1, 3, 1, 1, 2, 3, 3, 2, 1, 1, 0, 0, 3, 0, 0, 3, 0, 0, 3, 2, 3, 1, 3, 3, 1, 0, 3, 3, 0, 0, 3, 0, 0, 3, 2, 3, 1, 1, 1, 0, 1, 1, 0, 1, 0, 3, 3, 0, 0, 3, 1, 0, 3, 1, 0, 2, 2, 3, 0, 2, 1, 2, 2], "predicted_labels": [0, 3, 3, 3, 1, 1, 3, 3, 1, 3, 3, 3, 3, 3, 3, 1, 1, 1, 1, 3, 1, 1, 3, 1, 3, 3, 3, 3, 3, 3, 1, 3, 3, 1, 1, 1, 3, 1, 3, 1, 3, 3, 3, 1, 1, 3, 1, 3, 3, 3, 0, 3, 3, 3, 1, 3, 3, 3, 3, 1, 1, 1, 1, 3, 1, 3, 1, 1, 3, 1, 3, 3, 3, 0, 0, 1, 1, 1, 3, 0, 3, 3, 3, 3, 3, 0, 3, 1, 0, 3, 3, 1, 3, 3, 0, 0, 1, 3, 1, 3, 3, 3, 3, 3, 3, 3, 0, 3, 0, 3, 3, 1, 1, 1, 1, 3, 1, 0, 3, 3, 0, 0, 3, 3, 0, 3, 3, 3, 3, 1, 1, 1, 3, 3, 0, 3, 3, 3, 1, 3, 1, 3], "confidence_scores": [[0.31436976512070947, 0.2766176201760791, 0.18434072803755072, 0.22467188666566065], [0.18070605012987248, 0.2899229947030545, 0.21795281884918577, 0.3114181363178874], [0.22551527186225725, 0.21986694211845212, 0.23810014695777604, 0.3165176390615146], [0.16613026507830178, 0.27120427567238187, 0.218071624487996, 0.3445938347613206], [0.250134931251155, 0.29894514610649847, 0.18677040850850649, 0.26414951413384014], [0.2651956365789907, 0.2857727216428543, 0.1645949939887068, 0.2844366477894482], [0.23816451068068784, 0.22827830100734153, 0.18945524644271797, 0.344101941869253], [0.2319131340654394, 0.27061333286585487, 0.21301950997297017, 0.28445402309573553], [0.2550753100382732, 0.27969727505484615, 0.21906779320068337, 0.24615962170619754], [0.27063889725576074, 0.22992702169589646, 0.18679419813471532, 0.3126398829136277], [0.24020066090133654, 0.2142750207145582, 0.2020715447726267, 0.3434527736114789], [0.25391986797385346, 0.25395843391036144, 0.18609730411667105, 0.306024393999114], [0.2554370196766827, 0.23566442078195574, 0.16078056093578874, 0.34811799860557274], [0.2630375365566689, 0.24600768057723024, 0.203321346061538, 0.287633436804563], [0.23538168060016645, 0.23836918988399122, 0.2047112989289299, 0.32153783058691254], [0.23083555808435274, 0.3081648127174699, 0.17158814295069363, 0.2894114862474838], [0.18138693630499084, 0.33143720132123433, 0.22539821149888536, 0.2617776508748893], [0.258590663092451, 0.2993822257136742, 0.1732635561650373, 0.2687635550288376], [0.20666348859701333, 0.3021573726367123, 0.19143338753857608, 0.2997457512276986], [0.2788662421447884, 0.23479976631793814, 0.14239822561891347, 0.3439357659183599], [0.21105638681224467, 0.3102316312020873, 0.18477136807720243, 0.29394061390846565], [0.18556214145385716, 0.30906173803162335, 0.21864020407264106, 0.2867359164418784], [0.22019228659340537, 0.27426519317636083, 0.1836033305868035, 0.32193918964343055], [0.23353059917661997, 0.29272028032594277, 0.18237104171822213, 0.2913780787792155], [0.23061530921289286, 0.27414351649013036, 0.22107574526316096, 0.2741654290338159], [0.24346413153223748, 0.2861844736014716, 0.18184707409967643, 0.2885043207666146], [0.25669134243394537, 0.2592277541101029, 0.1768114158485788, 0.3072694876073731], [0.2841882768549045, 0.2155304360076819, 0.17073477846337082, 0.32954650867404295], [0.26391008126238424, 0.2638970613571125, 0.19962220322845392, 0.2725706541520495], [0.27016009790899037, 0.20332333226898128, 0.2346366500682045, 0.29187991975382405], [0.2260667115960752, 0.3380264631164753, 0.19962151013900853, 0.23628531514844117], [0.22048693394153926, 0.27981837316689456, 0.19900603711179268, 0.3006886557797735], [0.2241034654722813, 0.2546013013254905, 0.21274358910142577, 0.30855164410080255], [0.2517569971855557, 0.3339512357778376, 0.14100161405788036, 0.2732901529787265], [0.2481742096801604, 0.3325766967558549, 0.1450306790378256, 0.274218414526159], [0.1979694661048166, 0.3259286226554328, 0.21069709237096265, 0.26540481886878803], [0.2532203717920199, 0.23537848316128673, 0.1944679223680586, 0.31693322267863494], [0.19946882635146612, 0.35572721783605354, 0.17468101358455296, 0.27012294222792754], [0.21389878577456747, 0.21808871952854994, 0.21364911382911367, 0.3543633808677689], [0.2081974907097563, 0.3069495737088967, 0.21370913646047043, 0.2711437991208766], [0.26157100314660303, 0.23076111639820757, 0.20559557960681693, 0.3020723008483726], [0.24760948561851326, 0.2419575242038596, 0.16866656708449565, 0.34176642309313154], [0.2270983387939405, 0.2596596762917203, 0.24854904103629238, 0.2646929438780469], [0.2199069227729407, 0.3293400071534247, 0.2236114607247178, 0.22714160934891695], [0.20200282719679166, 0.3257571724625835, 0.170640666816499, 0.30159933352412593], [0.21696932789765408, 0.2590612857564653, 0.21123370673222755, 0.31273567961365295], [0.25027066377713214, 0.3068380948989129, 0.1654690590631783, 0.2774221822607768], [0.21521549202554272, 0.2581338812616355, 0.17740462396241355, 0.3492460027504084], [0.22488430863714218, 0.1933179859962303, 0.21960875479845623, 0.3621889505681714], [0.2240778390389439, 0.2418587810994288, 0.26077262389332856, 0.27329075596829894], [0.3297720895987621, 0.24555484293274513, 0.1709920355292705, 0.2536810319392223], [0.2475254887102932, 0.2403309929079757, 0.21379295489985833, 0.29835056348187305], [0.2321032824860616, 0.26717195485280754, 0.2091358424192462, 0.2915889202418848], [0.23203663228372057, 0.26948478299289386, 0.2267872848695496, 0.27169129985383594], [0.23345647880648662, 0.2939603885392433, 0.1924670340742926, 0.28011609857997755], [0.24709328881081385, 0.2743881838330672, 0.16389905415048325, 0.3146194732056358], [0.2228501822530374, 0.263318349912055, 0.18963018377027643, 0.32420128406463133], [0.19975501165996448, 0.283188857436107, 0.15143097816450213, 0.3656251527394263], [0.19747013105564443, 0.27589863991949265, 0.1850452686592067, 0.34158596036565647], [0.27730148282750133, 0.3146824782509236, 0.1309658794997506, 0.2770501594218245], [0.1994422562480268, 0.3409488277859444, 0.22816452709713556, 0.23144438886889326], [0.27995236976739596, 0.2822988672159076, 0.18529454200595383, 0.25245422101074255], [0.19247080639255432, 0.36799165557942837, 0.20329134890310402, 0.23624618912491313], [0.28897772171491853, 0.27711205901545943, 0.12519154350269393, 0.30871867576692846], [0.25175661177188485, 0.3069905747760096, 0.1840581193138492, 0.2571946941382564], [0.27515524462918917, 0.2711115336294142, 0.15250210682266668, 0.30123111491873006], [0.2951065885617742, 0.3376674883359365, 0.1607087125067165, 0.2065172105955728], [0.23571225813513955, 0.3020987273024375, 0.16052868924163072, 0.3016603253207924], [0.3048603170381286, 0.18897643563039568, 0.11987653962477182, 0.38628670770670387], [0.2201758670475791, 0.33738883755045845, 0.1856979798118938, 0.2567373155900686], [0.25381778623809087, 0.2610685282572207, 0.17939913412989572, 0.30571455137479264], [0.22934677152768645, 0.26475438429922665, 0.17312198430807707, 0.33277685986501], [0.24170229697338053, 0.2834353828549235, 0.15167516192469357, 0.3231871582470025], [0.3406926459029277, 0.26239252284980324, 0.18085909143716314, 0.21605573981010576], [0.2915832133959527, 0.22236792646764947, 0.22804919875719235, 0.2579996613792056], [0.26251855948953357, 0.3086567800521293, 0.17471549958711258, 0.2541091608712244], [0.2153202695022236, 0.3266908963467226, 0.19253726268267532, 0.2654515714683787], [0.2756776377876038, 0.3439514055165931, 0.14327752121060844, 0.23709343548519496], [0.28893548864095514, 0.19377190845064823, 0.17336835846425694, 0.34392424444413977], [0.3320187245615846, 0.2265423022472463, 0.1627077055935456, 0.2787312675976235], [0.2505130935754753, 0.23115179347934042, 0.17729695780928661, 0.34103815513589786], [0.20795276584907987, 0.2746625915255701, 0.20058753788811756, 0.31679710473723244], [0.2511279162610919, 0.23378428560225117, 0.2048088905306911, 0.3102789076059658], [0.19356059054681013, 0.25607539258707707, 0.24249601058748624, 0.3078680062786266], [0.23347300227026238, 0.28338258792676246, 0.18476491562598962, 0.2983794941769855], [0.3076472452237216, 0.23310282858693476, 0.17570992288769952, 0.2835400033016441], [0.27705417569919794, 0.2330189978155521, 0.14974269775631036, 0.3401841287289398], [0.2853724358613683, 0.28711159011313403, 0.1421250361219434, 0.28539093790355435], [0.277354397444112, 0.24279016257497496, 0.22665777411409244, 0.2531976658668208], [0.24204875115266616, 0.28603245844297226, 0.16092084901600334, 0.3109979413883581], [0.2270983064508552, 0.2752940182613506, 0.17664112537374124, 0.3209665499140531], [0.24419669475567815, 0.2918239527406527, 0.18066779177870565, 0.28331156072496355], [0.2783511784735486, 0.21879614687004045, 0.18990424869706413, 0.3129484259593469], [0.27187972985335485, 0.2602538195791448, 0.17477154690865648, 0.2930949036588441], [0.3069632994850123, 0.2484949099734005, 0.18291226729579985, 0.2616295232457874], [0.30051167664909545, 0.27534516013360544, 0.20553454053827114, 0.218608622679028], [0.2546283899396587, 0.3017939391072476, 0.1958697582324883, 0.24770791272060536], [0.28361854197878833, 0.265756309185908, 0.137475537546167, 0.31314961128913665], [0.22493213982130883, 0.29292956208724796, 0.21192510871721812, 0.27021318937422534], [0.2445464009338976, 0.27974215653116924, 0.1362746937844764, 0.33943674875045704], [0.19717847234016936, 0.25109156752721934, 0.18780172602531967, 0.3639282341072916], [0.26127997995428826, 0.2661140564373082, 0.17207133231689128, 0.3005346312915125], [0.2895120394680875, 0.2656982588754215, 0.12137281847372967, 0.32341688318276135], [0.23161746720588394, 0.25683091402715424, 0.18365750404884854, 0.32789411471811336], [0.24139164331334392, 0.2966812461891756, 0.13776465110235614, 0.3241624593951245], [0.24722093383713492, 0.3023211960818159, 0.14092481779702426, 0.309533052284025], [0.31772311203531106, 0.30098794841047666, 0.10572325895256095, 0.2755656806016515], [0.2643264909624065, 0.25986656964044363, 0.1461214145701684, 0.3296855248269816], [0.32369783370375255, 0.23542382194658745, 0.1630938715564352, 0.2777844727932248], [0.2008878931947654, 0.203640334630341, 0.23514106665359683, 0.3603307055212967], [0.25580419218425765, 0.29363546091204157, 0.15608430868464587, 0.2944760382190548], [0.2557515719639406, 0.28582102616523947, 0.1976056249056408, 0.2608217769651795], [0.2022424541072637, 0.30787746874018757, 0.19033768025950887, 0.29954239689303974], [0.2781141993524869, 0.30382875984622665, 0.19662161902810443, 0.22143542177318218], [0.2694740906673835, 0.28684006431572395, 0.16850653874272678, 0.275179306274166], [0.270527756533244, 0.2745201806964795, 0.15840866716119628, 0.29654339560908044], [0.22388777147807373, 0.3229655207446329, 0.19889145248095072, 0.25425525529634263], [0.29582877752215636, 0.24429725701450902, 0.17007099851037302, 0.2898029669529617], [0.27546567969060826, 0.25234141740304034, 0.17125152344560113, 0.3009413794607504], [0.2645031745963654, 0.21406110607340154, 0.15967092469862426, 0.3617647946316089], [0.3229404829281631, 0.24438393528501037, 0.14902299697297464, 0.28365258481385214], [0.31971569314735415, 0.23498304915939602, 0.12763386325136014, 0.3176673944418899], [0.2393891411119932, 0.2693379100759653, 0.1281138461063041, 0.3631591027057373], [0.2392960941548125, 0.2555620328942723, 0.16641166039046493, 0.33873021256045033], [0.2593030441914026, 0.2470745571009515, 0.23841522554103178, 0.25520717316661423], [0.23479150718615913, 0.2412419733150678, 0.18601443076108481, 0.33795208873768845], [0.2669907298597947, 0.19070712014506921, 0.17354919287717407, 0.36875295711796197], [0.26865191443747394, 0.2559000091604182, 0.16684450971276818, 0.3086035666893401], [0.2023274933138463, 0.28205796407538586, 0.21020485169052794, 0.30540969092024], [0.24295227420574061, 0.3430079459594295, 0.16224581933422016, 0.2517939605006098], [0.25107542886786693, 0.3227076948946523, 0.1393784006274417, 0.28683847561003933], [0.306518479137781, 0.31452214665684425, 0.15714059661375313, 0.2218187775916215], [0.26176171955196437, 0.2283756396854864, 0.17334459941544786, 0.33651804134710117], [0.21798639403423767, 0.24185749021263697, 0.24823949501441123, 0.2919166207387144], [0.2903419590670016, 0.2662818640467714, 0.1848042521578353, 0.25857192472839186], [0.30160981802746606, 0.2292900920877674, 0.14299753901946446, 0.3261025508653021], [0.2760721902989529, 0.2289162658337692, 0.18617094663491726, 0.30884059723236085], [0.30005253154082967, 0.2057808284563814, 0.14929524693537605, 0.3448713930674128], [0.2423353867168296, 0.3219119056165816, 0.1445167205795993, 0.29123598708698956], [0.27491565134743484, 0.28587487735720407, 0.14449187397040472, 0.2947175973249565], [0.22055854550036127, 0.35709847016971147, 0.1923628086379556, 0.22998017569197174], [0.2528324213862782, 0.2886441295370103, 0.1601023121613186, 0.298421136915393]]}}