{"test": {"ids": ["113122320", "99108310", "109119010", "97116410", "102110690", "109120560", "106121220", "105116501", "110114610", "112119450", "104116441", "105112100", "112120640", "106112770", "107114621", "104113240", "112117780", "112116900", "111117000", "99119830", "108120621", "104114230", "104118070", "102113210", "97116401", "107117630", "99109141", "108117720", "112118930", "112118471", "98121790", "110120190", "106116640", "105111990", "105116441", "99107500", "99117630", "111121410", "105115380", "98111231", "101114020", "113121410", "109118161", "107114140", "111115620", "106114321", "100110050", "100109801", "108120280", "108116070", "108116501", "111114121", "107116300", "107112850", "113119360", "111120220", "109114720", "110121140", "110114651", "98107210", "111119300", "100108490", "110120560", "110116170", "97116800", "98108580", "105113260", "110121720", "103117461", "113122220", "104111830", "108115570", "111119580", "113122230", "98110810", "111119430", "99108890", "108118060", "109117600", "105121190", "107113360", "111121351", "112119500", "102108621", "112118550", "105110251", "112116880", "113122180", "106119260", "113119700", "110114561", "98111620", "98108970", "108121160", "110118740", "113120260", "110119891", "110114920", "102110050", "101110200", "98106880", "110120700", "110118111", "109116750", "102110750", "105112240", "101108121", "106114150", "105113480", "99113260", "112116610", "106113260", "105118740", "113121680", "106113190", "105118230", "113121810", "99109311", "100111620", "112118820", "106117650", "100115700", "97107260", "99109780", "109117730", "99120010", "97106970", "108118291", "109117150", "98108370", "113122510", "99108010", "98108150", "99111620", "106117770", "104112201", "108114220", "110115890", "99110050", "103120531", "113120531", "113119320"], "labels": [1, 2, 3, 3, 0, 1, 1, 1, 1, 3, 1, 1, 0, 1, 0, 2, 0, 3, 0, 1, 1, 2, 2, 3, 3, 0, 3, 1, 1, 1, 2, 3, 3, 2, 1, 0, 3, 0, 1, 1, 3, 0, 0, 2, 1, 2, 3, 0, 3, 1, 0, 0, 0, 1, 0, 3, 0, 3, 3, 1, 1, 2, 0, 0, 0, 0, 3, 3, 0, 1, 3, 3, 3, 1, 1, 3, 0, 1, 1, 2, 0, 0, 2, 3, 3, 0, 0, 2, 1, 0, 0, 3, 3, 2, 3, 3, 3, 3, 3, 2, 0, 2, 1, 0, 1, 1, 0, 1, 0, 0, 1, 3, 1, 1, 0, 1, 2, 1, 3, 0, 1, 1, 2, 2, 3, 2, 2, 3, 2, 1, 2, 2, 0, 3, 0, 0, 3, 2, 3, 3, 0, 1], "predicted_labels": [0, 0, 2, 0, 3, 2, 3, 3, 2, 3, 1, 3, 2, 1, 1, 1, 0, 3, 1, 1, 0, 1, 1, 0, 2, 1, 1, 3, 1, 0, 0, 1, 1, 0, 1, 1, 3, 3, 3, 1, 3, 0, 3, 1, 3, 3, 1, 1, 0, 1, 2, 3, 3, 1, 3, 1, 3, 1, 3, 2, 3, 2, 0, 3, 3, 1, 0, 2, 1, 3, 3, 0, 0, 1, 1, 3, 1, 3, 0, 2, 2, 0, 1, 3, 3, 1, 3, 3, 3, 0, 2, 3, 1, 1, 3, 1, 3, 3, 2, 1, 2, 1, 1, 1, 1, 3, 3, 0, 3, 1, 0, 0, 1, 3, 3, 1, 1, 1, 3, 0, 1, 3, 3, 2, 0, 3, 3, 3, 3, 1, 2, 1, 1, 1, 3, 3, 0, 3, 1, 1, 1, 3], "confidence_scores": [[0.30753056258720207, 0.25994632465413775, 0.14584258342491052, 0.2866805293337496], [0.4852416295851607, 0.27537826240778784, 0.09791183295384205, 0.14146827505320933], [0.04941941997072322, 0.18960826637049683, 0.634039272501255, 0.12693304115752485], [0.34780490613420684, 0.28765613832002107, 0.16789493774355815, 0.19664401780221394], [0.12225891736331045, 0.33796956041990395, 0.07334375125673252, 0.46642777096005295], [0.11217274244368268, 0.24272710666134265, 0.3323616751293797, 0.31273847576559505], [0.2248454365591845, 0.13828519564901187, 0.14041282367449937, 0.4964565441173043], [0.193299762155573, 0.34069939516758624, 0.11355812199753561, 0.35244272067930515], [0.11298596390711187, 0.11463108418203463, 0.6630087388415357, 0.10937421306931773], [0.14000419436732894, 0.25479633594818546, 0.07241697459289552, 0.5327824950915901], [0.2792721583877313, 0.30727076120557856, 0.16228970879431084, 0.25116737161237945], [0.14643581275511744, 0.18343647720746914, 0.1990520919257494, 0.471075618111664], [0.24843112260585323, 0.23118845332822693, 0.36050201998313364, 0.1598784040827862], [0.1266649289400131, 0.36526218080263945, 0.22428576817095433, 0.2837871220863931], [0.2447730676667792, 0.2864645334726203, 0.1971237265108755, 0.2716386723497251], [0.15136023040067995, 0.39555596964132506, 0.22925872204341133, 0.22382507791458361], [0.49335035575681324, 0.24357386453128207, 0.13851723233318136, 0.12455854737872343], [0.1265603416225048, 0.19300357929782766, 0.16937133255993642, 0.5110647465197311], [0.14775413813269728, 0.3152412229256821, 0.29124837727569003, 0.24575626166593068], [0.21710681718107488, 0.32409383820503396, 0.24602857348446314, 0.21277077112942816], [0.4364626472671737, 0.19791633883352341, 0.07818692960133253, 0.2874340842979703], [0.09746972360748753, 0.3921288442043289, 0.1978876160801496, 0.312513816108034], [0.1825331297428698, 0.3108676596399228, 0.2522066920457583, 0.2543925185714492], [0.3617915487625619, 0.208366038794086, 0.15230278090360644, 0.2775396315397456], [0.14280503431304428, 0.24471837834717575, 0.44491000807589604, 0.16756657926388394], [0.19501923408529453, 0.31150514993678313, 0.20509890348521387, 0.2883767124927085], [0.18085199305655267, 0.3590679964899744, 0.31207349262554196, 0.14800651782793103], [0.22734352155399853, 0.2812036424693891, 0.14118175213849435, 0.350271083838118], [0.22430626077931554, 0.29084937544968886, 0.20687718897759158, 0.27796717479340416], [0.3310511421121177, 0.2731778615330506, 0.09381815599779557, 0.30195284035703596], [0.34194913138564964, 0.24920166793196222, 0.25991456734502866, 0.14893463333735962], [0.21819683139850007, 0.3752619375021652, 0.09669683564680777, 0.30984439545252696], [0.21248818146269613, 0.32172234463741645, 0.20765446189548625, 0.2581350120044013], [0.3131390504292619, 0.21459053446418233, 0.17090275251064482, 0.3013676625959109], [0.15391942286113597, 0.37671718885417804, 0.1260837232707323, 0.3432796650139537], [0.2080044161532525, 0.4350353530700969, 0.11684431199221715, 0.24011591878443342], [0.11651533549021689, 0.193141007757866, 0.16076125861525611, 0.529582398136661], [0.2000427867286498, 0.22804168696299817, 0.15700942151701702, 0.41490610479133494], [0.16699922954789176, 0.36422970052352327, 0.09021503130507226, 0.37855603862351295], [0.2803068122602868, 0.39682533560175287, 0.13995844840512284, 0.18290940373283748], [0.15936778732306384, 0.09714194855883869, 0.10211981118346138, 0.6413704529346362], [0.34331741862469867, 0.18271295358537554, 0.17694389113421927, 0.2970257366557065], [0.1204997370165703, 0.197308974817996, 0.2634827916659226, 0.4187084964995111], [0.13120706541413796, 0.4270831319939832, 0.21372835819307406, 0.22798144439880488], [0.16932334632601043, 0.2069946570332946, 0.21443726608543007, 0.4092447305552648], [0.19945421498649946, 0.23558910197276542, 0.24882766378484816, 0.31612901925588704], [0.17952533107316698, 0.4269672301985633, 0.19166326973316763, 0.20184416899510216], [0.16001245551781137, 0.34075649307170663, 0.33117542466555006, 0.16805562674493194], [0.35225993635663877, 0.16549409241536153, 0.15293800569244365, 0.32930796553555614], [0.327131983862601, 0.3983905508299094, 0.1319969367846737, 0.14248052852281606], [0.12653165078249554, 0.19187739813850482, 0.4932215014671976, 0.18836944961180213], [0.23484544000474883, 0.2405679898991876, 0.2079817224380312, 0.3166048476580324], [0.16521405614013918, 0.30978037589899354, 0.137862090668542, 0.38714347729232534], [0.2586597386362953, 0.3641219825627886, 0.11391118471271712, 0.26330709408819913], [0.20902377640322573, 0.22275367041682273, 0.21472895986813723, 0.35349359331181424], [0.18730627080948295, 0.3309403445720683, 0.15232516573620924, 0.32942821888223944], [0.1680610516415376, 0.29681511032717917, 0.16450758051198194, 0.3706162575193014], [0.21542258758627691, 0.36094221319976333, 0.1632504464159253, 0.2603847527980346], [0.14480499166305225, 0.21472975471627173, 0.15456201101329914, 0.48590324260737694], [0.17310940592536025, 0.16610049357236475, 0.388330946162228, 0.2724591543400471], [0.2540535831373036, 0.14014002644355095, 0.23164769725640832, 0.37415869316273725], [0.14604485308985385, 0.2662567703087315, 0.4294547250437759, 0.1582436515576386], [0.2749895794891559, 0.26186502413541113, 0.21395088325714856, 0.2491945131182844], [0.23492062977854608, 0.2586399125983086, 0.23089653878866123, 0.2755429188344841], [0.2300992707154391, 0.33243440604567076, 0.0923369772748557, 0.34512934596403444], [0.22206496834962458, 0.32863145001295424, 0.24132196798210725, 0.20798161365531387], [0.5251682528636913, 0.24171126285661967, 0.09044008903827964, 0.14268039524140932], [0.12131208534667284, 0.2122176050071373, 0.461536209768763, 0.20493409987742692], [0.23455747824162076, 0.3110869999509792, 0.15950670190171817, 0.29484881990568185], [0.07511455111938105, 0.29817445697950634, 0.3080958612876826, 0.3186151306134299], [0.09292288950819061, 0.14499618366102568, 0.3100045280981475, 0.45207639873263633], [0.36750678637212525, 0.27007966629854036, 0.11563343802929692, 0.24678010930003746], [0.40304577858059987, 0.17634676605521224, 0.27022441215540055, 0.15038304320878723], [0.24100324541169743, 0.35148293680519604, 0.160126801586599, 0.24738701619650746], [0.24497094760808202, 0.326984438917018, 0.18583728296032345, 0.2422073305145766], [0.2725073980955079, 0.18555598588975258, 0.21022498918190743, 0.33171162683283206], [0.16768665998048862, 0.4607355024321098, 0.13171099355941307, 0.23986684402798863], [0.20930227216093514, 0.28301586443957294, 0.08777106483776252, 0.4199107985617295], [0.38468630188892394, 0.34401156776609615, 0.12365334880944023, 0.14764878153553979], [0.08590222962106589, 0.1447806716759887, 0.643734792909427, 0.1255823057935183], [0.11137877873744846, 0.2443817491243542, 0.4962109487550098, 0.1480285233831878], [0.4102394642639016, 0.23844764222182377, 0.16942152651594392, 0.18189136699833058], [0.17216223708214945, 0.4396938693776281, 0.10250789270152717, 0.28563600083869545], [0.1490074258171237, 0.29840759178950416, 0.15704285025269177, 0.3955421321406803], [0.20519363588551429, 0.22265532828309056, 0.1390268358333803, 0.43312419999801466], [0.12467876908889683, 0.4639235932163651, 0.1952231882094573, 0.21617444948528075], [0.19371367619029825, 0.23420021914876887, 0.2321080326962782, 0.33997807196465474], [0.1968872694359853, 0.27906914537611327, 0.1754570399852369, 0.3485865452026644], [0.1739720333245335, 0.28656471293369484, 0.1954746682294533, 0.34398858551231837], [0.31954446673335696, 0.2783398020711842, 0.1751648584198023, 0.22695087277565648], [0.20741920375701556, 0.22038685160091215, 0.38791721391223083, 0.1842767307298415], [0.1564862140069939, 0.3174558499342258, 0.1549612988831396, 0.3710966371756409], [0.15362740937682032, 0.36910223263930275, 0.19564598289423676, 0.28162437508964033], [0.20421172189081566, 0.4341358383815991, 0.12917175266162598, 0.2324806870659593], [0.2449118335353986, 0.253434702361702, 0.20060122448783005, 0.30105223961506933], [0.23017353327758705, 0.38507460882413325, 0.14397542142114042, 0.24077643647713942], [0.19364204586155978, 0.19502575066879227, 0.1522702100068724, 0.45906199346277565], [0.13073972787177934, 0.24859795870938026, 0.11747812771983099, 0.5031841856990095], [0.11430875755035584, 0.2728410304981072, 0.37133099350175536, 0.24151921844978178], [0.22136624985080347, 0.34888865176468076, 0.11182139090944378, 0.317923707475072], [0.18924903978288313, 0.2815481319375512, 0.31130437225205626, 0.21789845602750932], [0.24264363347527723, 0.3612557037459816, 0.1657798433980778, 0.23032081938066348], [0.20552549872909062, 0.39288212319718857, 0.15255707706914295, 0.249035301004578], [0.30177791978545615, 0.3680677852065232, 0.1889687065283172, 0.14118558847970347], [0.16674345098167526, 0.41066810261593223, 0.15436410845141477, 0.2682243379509777], [0.22352831510069612, 0.27271894969347005, 0.19204692539837137, 0.31170580980746243], [0.2147457741160007, 0.30996535293307875, 0.10474095166137636, 0.3705479212895441], [0.42337305948307136, 0.293610610061289, 0.14669814823720198, 0.13631818221843747], [0.23920730021040648, 0.20045701250548864, 0.10226459767395596, 0.4580710896101489], [0.21337402319700433, 0.29358420929635914, 0.256845728595004, 0.23619603891163252], [0.3726752423351501, 0.32043813568983937, 0.13825893972859704, 0.16862768224641345], [0.3074823453899564, 0.25644156502000764, 0.19062960039618984, 0.24544648919384623], [0.20292167514971085, 0.3192379541240181, 0.21297671513414027, 0.26486365559213076], [0.15547840178518693, 0.2940411308777254, 0.14059030839188622, 0.4098901589452016], [0.19229745620912855, 0.23025802224347977, 0.13816293144674816, 0.43928159010064366], [0.150806550152802, 0.4571473189386349, 0.1534350941753063, 0.23861103673325676], [0.2111705326390715, 0.40742069378185636, 0.20825556420741437, 0.17315320937165787], [0.25174868483620494, 0.36137094716768275, 0.19145311503696918, 0.19542725295914334], [0.24177054292392464, 0.2917765524252846, 0.1683054058637845, 0.29814749878700625], [0.3004433932620318, 0.2478118542053042, 0.1609024683414559, 0.29084228419120833], [0.16968556680661248, 0.3475943051245218, 0.16128599733272547, 0.3214341307361402], [0.25540372879671386, 0.2488310338337768, 0.18576962605531813, 0.30999561131419134], [0.12530609158583178, 0.33459059303445976, 0.17444818851688856, 0.3656551268628201], [0.17964502751774047, 0.262860815218628, 0.31997003662984835, 0.2375241206337834], [0.5012200917975256, 0.2202450939568069, 0.12926602153642602, 0.14926879270924157], [0.20865026142651694, 0.2276179238820114, 0.1973377578955918, 0.3663940567958801], [0.17203922607428554, 0.24062409054091433, 0.20516907163300194, 0.38216761175179825], [0.20289871950387547, 0.15893288838783637, 0.08217569228900742, 0.5559926998192808], [0.1546924054105751, 0.23085026669202896, 0.2725461138286453, 0.3419112140687507], [0.11575495775256692, 0.41128697871726017, 0.24733101722380796, 0.225627046306365], [0.2039623607066873, 0.27904475331628914, 0.3077695238379359, 0.20922336213908774], [0.25326601871221616, 0.3557344482064396, 0.1502328227726878, 0.24076671030865654], [0.2524479171910829, 0.3127331732532009, 0.29660648479360735, 0.1382124247621088], [0.12084013210075992, 0.4750378198089764, 0.24301778234940974, 0.16110426574085407], [0.26401169821707343, 0.2743024787727038, 0.17096898728840426, 0.29071683572181856], [0.29361961052749325, 0.2565610082957605, 0.10579353315612092, 0.3440258480206253], [0.3565357843964543, 0.34405005759643015, 0.1739705069661077, 0.1254436510410081], [0.13567738621544428, 0.33803989739961326, 0.13514209741665323, 0.3911406189682892], [0.2753600416817708, 0.3905513995254618, 0.19542941675174283, 0.13865914204102442], [0.2749515258604902, 0.34476913579068635, 0.14318416924097666, 0.23709516910784686], [0.2652219514505292, 0.31363154164945206, 0.13701966290841572, 0.2841268439916032], [0.16204319591367558, 0.1723011308444453, 0.14532728788857052, 0.5203283853533086]]}, "rewritten": {"ids": ["97106970", "97107260", "97116401", "97116410", "97116800", "98106880", "98107210", "98108150", "98108370", "98108580", "98108970", "98110810", "98111231", "98111620", "98121790", "99107500", "99108010", "99108310", "99108890", "99109141", "99109311", "99109780", "99110050", "99111620", "99113260", "99117630", "99119830", "99120010", "100108490", "100109801", "100110050", "100111620", "100115700", "101108121", "101110200", "101114020", "102108621", "102110050", "102110690", "102110750", "102113210", "103117461", "103120531", "104111830", "104112201", "104113240", "104114230", "104116441", "104118070", "105110251", "105111990", "105112100", "105112240", "105113260", "105113480", "105115380", "105116441", "105116501", "105118230", "105118740", "105121190", "106112770", "106113190", "106113260", "106114150", "106114321", "106116640", "106117650", "106117770", "106119260", "106121220", "107112850", "107113360", "107114140", "107114621", "107116300", "107117630", "108114220", "108115570", "108116070", "108116501", "108117720", "108118060", "108118291", "108120280", "108120621", "108121160", "109114720", "109116750", "109117150", "109117600", "109117730", "109118161", "109119010", "109120560", "110114561", "110114610", "110114651", "110114920", "110115890", "110116170", "110118111", "110118740", "110119891", "110120190", "110120560", "110120700", "110121140", "110121720", "111114121", "111115620", "111117000", "111119300", "111119430", "111119580", "111120220", "111121351", "111121410", "112116610", "112116880", "112116900", "112117780", "112118471", "112118550", "112118820", "112118930", "112119450", "112119500", "112120640", "113119320", "113119360", "113119700", "113120260", "113120531", "113121410", "113121680", "113121810", "113122180", "113122220", "113122230", "113122320", "113122510"], "labels": [2, 2, 3, 3, 0, 0, 1, 0, 1, 0, 3, 1, 1, 3, 2, 0, 2, 2, 0, 3, 1, 2, 3, 3, 0, 3, 1, 2, 2, 0, 3, 3, 1, 0, 2, 3, 3, 3, 0, 1, 3, 0, 3, 3, 0, 2, 2, 1, 2, 0, 2, 1, 1, 3, 0, 1, 1, 1, 1, 1, 2, 1, 0, 3, 1, 2, 3, 1, 0, 1, 1, 1, 0, 2, 0, 0, 0, 3, 3, 1, 0, 1, 1, 3, 3, 1, 2, 0, 0, 2, 1, 3, 0, 3, 1, 0, 1, 3, 3, 2, 0, 1, 3, 3, 3, 0, 2, 3, 3, 0, 1, 0, 1, 3, 3, 3, 0, 0, 1, 0, 3, 0, 1, 3, 0, 1, 3, 2, 0, 1, 0, 0, 3, 0, 0, 1, 2, 2, 1, 1, 1, 2], "predicted_labels": [3, 3, 0, 0, 1, 1, 1, 1, 3, 1, 1, 1, 1, 3, 2, 1, 1, 0, 3, 1, 1, 3, 1, 1, 0, 3, 1, 3, 2, 3, 3, 1, 3, 1, 3, 2, 3, 3, 3, 1, 0, 0, 0, 3, 0, 2, 3, 3, 3, 3, 0, 3, 3, 0, 3, 3, 1, 3, 1, 1, 1, 1, 3, 0, 0, 3, 1, 1, 1, 3, 3, 3, 1, 3, 0, 3, 1, 1, 3, 1, 1, 3, 1, 0, 0, 3, 1, 1, 1, 2, 1, 0, 2, 3, 2, 2, 1, 3, 1, 3, 3, 3, 0, 3, 1, 1, 1, 0, 3, 3, 1, 1, 3, 3, 0, 1, 3, 3, 0, 3, 3, 3, 3, 3, 3, 3, 3, 3, 2, 3, 0, 1, 3, 1, 0, 1, 2, 3, 2, 3, 3, 1], "confidence_scores": [[0.1466563415685521, 0.2348884332230545, 0.19702274663858405, 0.4214324785698095], [0.16294202032620403, 0.21730251910466766, 0.22918866878703684, 0.3905667917820915], [0.2879395484517307, 0.229982139775559, 0.2127661187432764, 0.269312193029434], [0.4419398292042444, 0.24935587121943487, 0.13009565039494211, 0.17860864918137878], [0.2768390541386505, 0.30335043410744406, 0.13613513094986224, 0.2836753808040433], [0.25192148260015745, 0.38213597956269835, 0.14818109755185035, 0.21776144028529393], [0.17633732075540048, 0.31581321818757613, 0.23206689059916266, 0.27578257045786086], [0.1254374152972475, 0.3850458098185548, 0.35191203118300657, 0.1376047437011912], [0.10276185584006498, 0.359662833219323, 0.0939777641633159, 0.443597546777296], [0.19915783916584068, 0.4173647797772242, 0.1765983088840957, 0.20687907217283938], [0.2531374829468874, 0.3078764839284984, 0.13210106099788205, 0.30688497212673205], [0.22396481752256198, 0.380887413114187, 0.20878631898027947, 0.1863614503829716], [0.21211522259469942, 0.4038820564364832, 0.17064738921175807, 0.21335533175705926], [0.15662212995206187, 0.3149179893546023, 0.17162785375870945, 0.35683202693462646], [0.19084438640698087, 0.16162677554512664, 0.495154009351701, 0.15237482869619146], [0.12604066514291942, 0.4042718916512659, 0.18819243055552198, 0.28149501265029275], [0.13527792440418349, 0.4298391311731113, 0.1554713737844015, 0.27941157063830374], [0.3933693457810471, 0.19050216146282606, 0.1500113043686371, 0.2661171883874899], [0.21007262577246286, 0.29933673372318786, 0.16371787259330026, 0.32687276791104913], [0.11014366545858283, 0.35581726158207627, 0.344052011632312, 0.18998706132702906], [0.28993175313723746, 0.37055238250147166, 0.17638386229543407, 0.16313200206585682], [0.22771311964923333, 0.1810829100176993, 0.276792432325247, 0.3144115380078203], [0.17785803646924794, 0.3348613961525303, 0.21237743034890808, 0.2749031370293137], [0.16180452426215308, 0.4981665505595254, 0.12619664489675503, 0.21383228028156645], [0.33046988291678997, 0.19817829720631744, 0.23788148896202116, 0.23347033091487146], [0.10681455063467048, 0.2659471421237289, 0.13858829578655263, 0.48865001145504794], [0.17232912503871523, 0.3751967019360801, 0.1546939842610196, 0.29778018876418505], [0.17297254835845285, 0.2818887523543626, 0.2572776916694802, 0.28786100761770433], [0.1915274305893472, 0.23475847853861373, 0.28803624753899254, 0.28567784333304663], [0.12215213497783048, 0.33450636107394094, 0.16763325810599758, 0.37570824584223117], [0.1734991948405347, 0.1900344465801951, 0.31166012599920884, 0.3248062325800613], [0.2738986547884202, 0.2836056672111843, 0.20605331063719132, 0.23644236736320431], [0.2450451111807012, 0.2085032356208274, 0.13998825135258716, 0.40646340184588425], [0.11344016597849893, 0.4191924441276903, 0.21674697160834477, 0.2506204182854661], [0.2016636282005122, 0.1923486902800022, 0.12576483989505208, 0.4802228416244335], [0.19562265626563077, 0.23010788987566697, 0.3766511131213712, 0.19761834073733117], [0.2475865635952802, 0.23460793529531854, 0.15812421934000137, 0.3596812817693999], [0.10475121411107136, 0.27739926969451634, 0.27757960902147844, 0.34026990717293376], [0.19134204199330818, 0.19853756373645956, 0.06671633681058844, 0.5434040574596437], [0.16331560983615626, 0.35962328234996627, 0.25645449085112704, 0.22060661696275052], [0.3213480292673458, 0.2621861554535728, 0.09877155213678047, 0.317694263142301], [0.31029754184403924, 0.24037844918948567, 0.17379815559492015, 0.2755258533715549], [0.39198634606964383, 0.23231903422051595, 0.17051439318542747, 0.2051802265244128], [0.13925001884558144, 0.23539254220817338, 0.2831544145457938, 0.3422030244004514], [0.3949086537844808, 0.19210005194457047, 0.14326217064345148, 0.26972912362749707], [0.12760357457685192, 0.29005373726634387, 0.4674143361097426, 0.11492835204706152], [0.1487239518440014, 0.1863424890554408, 0.26651886263633917, 0.3984146964642186], [0.17815098824557807, 0.26243089018319293, 0.1136925250602849, 0.44572559651094407], [0.17172438633458906, 0.14909771650309564, 0.2782977932150084, 0.4008801039473069], [0.27438703225256966, 0.2213495932488114, 0.13163367953795782, 0.3726296949606612], [0.38007216953904466, 0.16541091607144215, 0.18513088607616007, 0.26938602831335323], [0.1267730404961789, 0.24747092921972053, 0.09337456918745117, 0.5323814610966494], [0.2006533502386853, 0.3254239284674236, 0.10870981106352713, 0.36521291023036395], [0.3376837809147257, 0.33137838203034214, 0.1015279354469323, 0.2294099016079999], [0.28852870809847264, 0.19012423890232347, 0.1160186519782996, 0.40532840102090417], [0.2084414526437916, 0.2396958834806207, 0.09386936113987399, 0.4579933027357138], [0.1512874335919988, 0.46346244849851675, 0.2644030050575106, 0.12084711285197385], [0.2270905144633887, 0.1444140743946493, 0.10683360421208825, 0.5216618069298736], [0.16358317071753112, 0.2973721213548693, 0.25097679299845255, 0.2880679149291472], [0.13831475086275755, 0.36024569672245965, 0.18360180347736405, 0.31783774893741906], [0.17614800737274128, 0.34230410734900385, 0.27492655127645876, 0.20662133400179597], [0.13700760997634653, 0.48154499468337875, 0.13082224410077609, 0.25062515123949874], [0.17810287771956576, 0.23892745603697801, 0.15261115221333663, 0.4303585140301195], [0.42820571837019306, 0.19454489678306272, 0.11407704953820766, 0.2631723353085365], [0.33757416690392894, 0.29774820765184695, 0.18515372812044883, 0.17952389732377536], [0.1308075424933644, 0.12744283810395252, 0.20839767208041363, 0.5333519473222695], [0.1431508579107001, 0.42276886648358974, 0.14790945433265323, 0.28617082127305704], [0.27992097108517233, 0.30582564203031687, 0.14247331993183898, 0.2717800669526719], [0.19689186275177026, 0.34823998095891634, 0.1309347994921759, 0.3239333567971375], [0.26454978976052734, 0.2723364274023305, 0.15413648289530688, 0.3089772999418353], [0.16406661418586768, 0.14645782762540843, 0.1545658038179583, 0.5349097543707656], [0.1863805468552318, 0.2391954057802825, 0.0976281918627823, 0.4767958555017034], [0.23586327563062265, 0.3600254807883441, 0.13687687323598488, 0.26723437034504854], [0.1265341990945777, 0.3578551272328334, 0.151751479123476, 0.3638591945491128], [0.42965679725211364, 0.2411991026616011, 0.13833871312186422, 0.19080538696442112], [0.20738889059390753, 0.30936105673514436, 0.15497577638033053, 0.3282742762906177], [0.18389171653098557, 0.3091415714465661, 0.2531379719195045, 0.2538287401029441], [0.20824214689760512, 0.48179685676033435, 0.1582597212129978, 0.15170127512906284], [0.20650971850479208, 0.22857939761705331, 0.12639386668432342, 0.4385170171938311], [0.23603684555108195, 0.5031513976708635, 0.1384890759928788, 0.12232268078517573], [0.19711764955666783, 0.3645211949939532, 0.14202908818410867, 0.29633206726527034], [0.18757078950895437, 0.28709208300545286, 0.16612217115530836, 0.3592149563302845], [0.2981288792591022, 0.3396744017139902, 0.09530350950616072, 0.26689320952074685], [0.30419500314683007, 0.22640624610089, 0.2085245385174663, 0.2608742122348137], [0.43767889321805564, 0.18939390150575366, 0.11772772738483447, 0.25519947789135633], [0.32112020884389586, 0.23971882289480023, 0.11214096841489761, 0.3270199998464063], [0.1723430400798822, 0.3460476182822536, 0.1734856306058486, 0.30812371103201563], [0.16409436419903292, 0.35254296589454676, 0.22384012912345616, 0.25952254078296416], [0.16035988393817507, 0.3561751813353361, 0.3109675158081806, 0.1724974189183082], [0.1575879502762431, 0.28334186113347387, 0.3536426071214952, 0.2054275814687879], [0.30248855869016206, 0.31276280278079366, 0.14301706064081532, 0.2417315778882289], [0.459150035624593, 0.1568491756035574, 0.12688691427824117, 0.2571138744936084], [0.2158213304031976, 0.20988946101706343, 0.3568010318742327, 0.21748817670550635], [0.20482112478075395, 0.2472141535820767, 0.16149267817893476, 0.38647204345823455], [0.09490287868620198, 0.2566047603823343, 0.3573050430047579, 0.29118731792670594], [0.20764859914173525, 0.22569848589598848, 0.3017752791666677, 0.2648776357956085], [0.1712341097704458, 0.36355621228696505, 0.19803694634577815, 0.267172731596811], [0.10813757927545102, 0.19000916110099275, 0.20458927083684134, 0.49726398878671485], [0.20829609558298, 0.32616744609659437, 0.1847395480934821, 0.2807969102269436], [0.17263896536019024, 0.27833644779326344, 0.20985636764239646, 0.33916821920415], [0.16456851966758643, 0.3118108501403987, 0.18498036764177184, 0.3386402625502431], [0.2835101618207513, 0.24226232668058195, 0.14201702698092294, 0.332210484517744], [0.3910258145558185, 0.18056079403092753, 0.16836396433680084, 0.2600494270764531], [0.1682574028129095, 0.21188250241962833, 0.13206500569712487, 0.48779508907033736], [0.18357976991985317, 0.36989326181766297, 0.13656761400205825, 0.3099593542604257], [0.2291144497733133, 0.3373462226341378, 0.1603093999510091, 0.2732299276415398], [0.3175160948510451, 0.44002646759769765, 0.09782251869440704, 0.14463491885685015], [0.3113689841786943, 0.2994156330115519, 0.17456310173694703, 0.21465228107280684], [0.1396820802053289, 0.2634040043631773, 0.17876988927484108, 0.4181440261566528], [0.13685103532876075, 0.17093802085704146, 0.16561835935273336, 0.5265925844614644], [0.19449139960865225, 0.3759453089781183, 0.17908710107389314, 0.2504761903393365], [0.19218281317562708, 0.4288287448430034, 0.09995305939375514, 0.27903538258761446], [0.22060966640366952, 0.14070092355616687, 0.20974306331350953, 0.42894634672665416], [0.260557820197878, 0.1801324272665995, 0.25037786432931836, 0.30893188820620443], [0.48691124788364126, 0.13146115363979297, 0.230917967550503, 0.15070963092606277], [0.1787283287482045, 0.3284803040336487, 0.19481344609999848, 0.2979779211181482], [0.268458346591448, 0.21844610419584432, 0.21291639020127123, 0.30017915901143627], [0.154328573439308, 0.11822578472353694, 0.10834623137698356, 0.6190994104601715], [0.3329211089240531, 0.26343507785361847, 0.17312986718756124, 0.23051394603476727], [0.21388940862342046, 0.21934313419986518, 0.16919899665749474, 0.3975684605192198], [0.19945414233199707, 0.2961896410000138, 0.19864585479961594, 0.30571036186837314], [0.19677926852349203, 0.21915544031193052, 0.05473385712355952, 0.5293314340410178], [0.19472774139897114, 0.18302111177340882, 0.10496322199605224, 0.5172879248315678], [0.21829355165324318, 0.21199658568935442, 0.17243013381797043, 0.39727972883943186], [0.25399314802053335, 0.1941891004134954, 0.20257164224905688, 0.3492461093169144], [0.1766982609055442, 0.2317291387990412, 0.2711199532948218, 0.3204526470005926], [0.16643257707405698, 0.1462526138123901, 0.05973930225132148, 0.6275755068622314], [0.14243808463194646, 0.2876012098619809, 0.13657630772735, 0.43338439777872273], [0.20181679542868936, 0.1682658428130295, 0.4595792344183665, 0.1703381273399146], [0.1492777996396404, 0.20441874619066688, 0.17535055170738104, 0.47095290246231175], [0.3158891734768436, 0.24270745205080077, 0.12718412996442802, 0.31421924450792765], [0.2285752188144836, 0.40086583449987645, 0.17749852543459815, 0.19306042125104209], [0.23706193228488942, 0.21310481449625335, 0.15266295932653015, 0.3971702938923273], [0.19472915410702976, 0.31407500354605405, 0.20209340400099945, 0.28910243834591676], [0.4956017760692462, 0.11984707836271978, 0.08064122531808413, 0.30390992024994995], [0.13993282338123858, 0.35038994236515975, 0.17370184323217577, 0.33597539102142593], [0.19703101189301517, 0.20004749009598816, 0.3814331986300404, 0.22148829938095643], [0.1672030132274831, 0.242728092617968, 0.1532863151959226, 0.4367825789586263], [0.07314306654280854, 0.2342472127920015, 0.45261864950898567, 0.2399910711562043], [0.23256863065569827, 0.25599216109917683, 0.12871576337722593, 0.38272344486789883], [0.2324028042203606, 0.21575588429818737, 0.10968076969605728, 0.44216054178539466], [0.19226194423526388, 0.31289782154093027, 0.190192313718668, 0.30464792050513795]]}}