{"test": {"ids": ["113122160", "108115500", "104111531", "112116540", "112117780", "111115910", "109117080", "101108580", "98112170", "107113200", "110116170", "110120531", "104111380", "111114121", "112118820", "99109860", "102109010", "100115700", "97106600", "101109000", "107116980", "112119450", "113119450", "103111110", "112118880", "108120621", "108118630", "102117351", "99109141", "110118111", "106116441", "110114720", "102110690", "112119950", "100109000", "110120640", "107119390", "104117200", "112119320", "99109370", "110114950", "110116300", "113121950", "103113270", "104116441", "102118380", "103110100", "101112201", "111116411", "102114270", "105112260", "97105760", "103111620", "109116930", "109113931", "112117461", "100110050", "97111790", "103117200", "106116370", "108119330", "106113190", "105120280", "104113550", "106121220", "106115250", "113120070", "105113330", "112117580", "111116640", "98107380", "113122430", "106113170", "98120010", "112118530", "111116040", "104111620", "107117630", "99114890", "113120780", "105115380", "107118490", "112120640", "112121410", "112119500", "111120540", "112118581", "103117461", "98111620", "107114621", "110120540", "97109080", "111116530", "100109980", "113122650", "102109840", "99121440", "101108621", "107115140", "110118880", "100109330", "104116800", "102116500", "111118301", "97107821", "98112300", "98108580", "106113360", "109117110", "113120540", "109117730", "108119550", "101108950", "110114610", "104116980", "102107961", "112118860", "113121980", "108117360", "113121680", "98109230", "102121700", "113120531", "111120220", "102110500", "104114230", "99107640", "109114651", "112119120", "106118820", "98116090", "104112201", "98117740", "101112690", "111119610", "109116810", "105116441", "113118231", "112116900", "111116090", "113118490", "108113480"], "labels": [3, 3, 0, 1, 0, 2, 1, 0, 3, 0, 0, 0, 3, 0, 0, 2, 1, 1, 3, 1, 3, 3, 3, 3, 1, 1, 1, 1, 3, 1, 0, 3, 0, 0, 1, 0, 2, 3, 1, 1, 0, 3, 3, 2, 1, 1, 1, 0, 0, 3, 3, 0, 0, 0, 1, 0, 3, 2, 0, 2, 0, 0, 3, 1, 1, 2, 2, 3, 0, 0, 1, 2, 0, 2, 1, 0, 0, 0, 2, 0, 1, 2, 0, 0, 2, 1, 1, 0, 3, 0, 1, 2, 3, 1, 2, 2, 2, 0, 0, 0, 0, 1, 1, 3, 2, 2, 0, 0, 1, 3, 3, 1, 2, 1, 1, 3, 3, 2, 1, 1, 1, 1, 0, 3, 3, 2, 1, 3, 1, 3, 0, 0, 2, 1, 2, 3, 1, 3, 3, 3, 1, 0], "predicted_labels": [1, 1, 3, 1, 3, 1, 1, 0, 3, 3, 0, 1, 2, 1, 0, 2, 2, 3, 3, 3, 1, 0, 0, 0, 0, 3, 3, 1, 3, 0, 1, 3, 0, 0, 3, 3, 1, 1, 1, 1, 3, 1, 3, 2, 3, 3, 2, 0, 0, 2, 3, 3, 3, 0, 3, 3, 2, 1, 1, 0, 3, 3, 1, 0, 3, 1, 1, 3, 3, 2, 2, 1, 1, 3, 1, 3, 1, 0, 3, 1, 3, 1, 0, 0, 2, 0, 1, 3, 2, 3, 1, 3, 1, 3, 2, 1, 2, 1, 3, 1, 3, 3, 3, 0, 0, 3, 3, 3, 1, 1, 0, 1, 1, 2, 3, 3, 3, 1, 3, 2, 2, 0, 3, 0, 3, 0, 1, 1, 0, 1, 3, 3, 0, 3, 0, 1, 1, 1, 0, 0, 3, 1], "confidence_scores": [[0.09864616439154984, 0.510736630742003, 0.0033987880220728373, 0.3872184168443743], [0.04128684550843309, 0.9064087867472201, 0.026921283588475366, 0.025383084155871427], [0.060913805048737245, 0.22826355337766266, 0.11547658768696528, 0.5953460538866349], [0.18302333013114996, 0.759977735462955, 0.025213344060071717, 0.0317855903458233], [0.010765669105262946, 0.016112991593333074, 0.0028884864133130773, 0.9702328528880908], [0.007303100625974751, 0.9855576760568555, 0.0022503707129586594, 0.004888852604211242], [0.0001851563697266985, 0.9993943058483958, 0.0003616759085577259, 5.8861873319763116e-05], [0.6263770252209616, 0.01075691549886606, 0.21586793483764838, 0.14699812444252403], [0.3281870065877444, 0.004318920416080235, 0.030643398941377346, 0.636850674054798], [0.09572338608733673, 0.3803348220970987, 0.0019284917298500498, 0.5220133000857146], [0.5550232293722535, 0.3482421642294321, 0.037885827934385226, 0.058848778463929226], [0.3819333124581864, 0.526197875524404, 0.013704870675481288, 0.07816394134192825], [0.3011174702401682, 0.07754254757455323, 0.3560148848705532, 0.26532509731472514], [0.05060029500056372, 0.6089843854836113, 0.021366563504976257, 0.3190487560108487], [0.8686314123477642, 0.09822343659783177, 0.007797744034306435, 0.02534740702009762], [0.06257563256928685, 0.3984993532008235, 0.5197092825929994, 0.019215731636890186], [0.05946010878120944, 0.112653028384403, 0.6980462276579903, 0.12984063517639727], [0.17301719556165512, 0.24673930996708499, 0.054483131401131174, 0.5257603630701287], [0.07496987302882595, 0.08424669050447757, 0.002875480238003057, 0.8379079562286934], [0.0006149473617119977, 0.04509510209686358, 0.0007025864274623698, 0.953587364113962], [0.28012214483143344, 0.6710781239699903, 0.001042902015024827, 0.047756829183551376], [0.595992421592482, 0.3431729738439491, 0.0013189386462026057, 0.05951566591736631], [0.4028497763077544, 0.3950102589319415, 0.09238370397709639, 0.10975626078320755], [0.876099130126419, 0.0014745963199467391, 0.0012771594015998512, 0.12114911415203461], [0.8476637520376841, 0.03093547039154686, 0.04784968125290238, 0.07355109631786681], [0.21213042904263962, 0.23000216341862495, 0.091325333196816, 0.46654207434191935], [0.013674519207965434, 0.014609403339411358, 0.13199293608904175, 0.8397231413635814], [0.21040200529353437, 0.7004788025899253, 0.017302602839451703, 0.07181658927708859], [0.0751286486835304, 0.10904942704533836, 0.0013789828055788865, 0.8144429414655524], [0.6032266828356082, 0.07795998426230862, 0.2561176971754025, 0.06269563572668059], [0.03605508664882262, 0.7574319528262311, 0.007725289664749191, 0.198787670860197], [0.02615797990338515, 0.2924428892724709, 0.330247478995626, 0.3511516518285179], [0.6984687066075487, 0.01038844682012223, 0.028208016375586748, 0.2629348301967424], [0.7076838139202309, 0.01342678514688268, 0.0108070597802375, 0.26808234115264884], [0.007499114825916176, 0.005882195127581938, 0.005765405114737849, 0.9808532849317639], [0.3835146664843642, 0.004652053288358648, 0.025044270995985572, 0.5867890092312916], [0.020164085082192806, 0.5585107792074663, 0.2628454538126989, 0.15847968189764203], [0.011715973093452032, 0.6610038204564116, 0.044936225207835405, 0.2823439812423011], [0.0030097250748325833, 0.9483431611560555, 0.0054226031330772756, 0.043224510636034684], [0.005122971537973932, 0.9455581186708142, 0.026094900055194062, 0.023224009736017823], [0.1893943516063881, 0.11270100974593832, 0.006491700017379724, 0.6914129386302938], [0.11059790807629, 0.713354602461453, 0.09685237918517356, 0.07919511027708347], [0.0925062120075192, 0.30584998590226464, 0.005342323749307544, 0.5963014783409087], [0.033285740736300154, 0.002439089527047092, 0.9488464893938543, 0.015428680342798482], [0.004776964069309966, 0.42300955594438777, 0.05571392558663587, 0.5164995543996663], [0.132373738376555, 0.2672153541015045, 0.2979640149943836, 0.302446892527557], [0.08232586754724772, 0.2531570455828531, 0.4376279404979231, 0.22688914637197613], [0.462727719852449, 0.0671301986517504, 0.021408691094898787, 0.4487333904009018], [0.7288594050677762, 0.011458428829507393, 0.005042740207730748, 0.25463942589498556], [0.002000560706320121, 0.2949391771793045, 0.47278054988792023, 0.2302797122264552], [0.00905847929497248, 0.4299840605104881, 0.11381687494591843, 0.4471405852486211], [0.3628772632864831, 0.08768558315469852, 0.002889670328833166, 0.5465474832299853], [0.06609142052983509, 0.05021028411055299, 0.0037185893369039965, 0.8799797060227079], [0.593106896893411, 0.14463724581232273, 0.009341818046945623, 0.2529140392473207], [0.15572446370097406, 0.17313058333847253, 0.18476099054142883, 0.4863839624191245], [0.027202019608983437, 0.03773881385343489, 0.018733694837859798, 0.9163254716997218], [0.019424002459811972, 0.2735105603259599, 0.6945685077099976, 0.012496929504230573], [0.038367763722017265, 0.41017212214581056, 0.28767909319468277, 0.2637810209374894], [0.025650391271446495, 0.9625058166464087, 0.00635885551150738, 0.005484936570637305], [0.7638431320018066, 0.006942464498273786, 0.05102391195913907, 0.17819049154078048], [0.0542078756623337, 0.09626689694249588, 0.1255110537544172, 0.7240141736407532], [0.14515390162650937, 0.14491151830111812, 0.05253628022175144, 0.6573982998506211], [0.02265117801728194, 0.9373773639055526, 0.003964222175206542, 0.0360072359019591], [0.725823902247842, 0.10551838937555455, 0.02084164845562415, 0.14781605992097938], [0.006505351410888072, 0.2667945939911962, 0.025770077555140936, 0.7009299770427747], [0.17115068418818133, 0.6834372952110835, 0.05562455666578922, 0.0897874639349457], [0.022542745186433236, 0.7874482080950543, 0.16510355330914273, 0.02490549340936956], [0.14401817048790752, 0.17659474931224228, 0.009743594987105149, 0.6696434852127451], [0.1623630901551481, 0.041524403718533394, 0.008072220964816967, 0.7880402851615015], [0.2791879671634498, 0.04563581614769253, 0.5625096313057188, 0.11266658538313884], [0.22943731115360907, 0.02067775633277855, 0.5541673658813183, 0.19571756663229403], [0.004178774116369844, 0.9204136303489759, 0.02896446596625023, 0.04644312956840399], [0.25539871146540394, 0.6704510114761433, 0.013236104385145154, 0.06091417267330778], [0.002282103888391921, 0.014948299870361361, 0.17274930300447894, 0.8100202932367678], [0.14643782829195967, 0.7317669325947899, 0.07520923541244406, 0.046586003700806504], [0.15484946084947698, 0.05606300038513721, 0.013362517591711724, 0.7757250211736741], [0.30524112980182855, 0.4078536636092874, 0.04923928939499537, 0.2376659171938888], [0.8386280410641249, 0.008932715122163782, 0.1433894740488911, 0.009049769764820276], [0.0014171796063754314, 0.3334708123692549, 0.0508084958957509, 0.6143035121286188], [0.36641044573641773, 0.4880303040597615, 0.0631512244166354, 0.08240802578718542], [0.00832077657357503, 0.13995124303563455, 0.4218641999823428, 0.4298637804084475], [0.08059197017152056, 0.670889295968432, 0.2472064021487447, 0.0013123317113027705], [0.9090171843583164, 0.00985855357943394, 0.005162964886375698, 0.07596129717587392], [0.5866276593132633, 0.1182546046064212, 0.19925064210890392, 0.09586709397141159], [0.2571722022844941, 0.04260944897232195, 0.6980555456687152, 0.002162803074468846], [0.858117857810148, 0.07856538816175211, 0.05928590863721459, 0.004030845390885247], [0.058432479525934646, 0.909873912902696, 0.020994789209814173, 0.010698818361555196], [0.005495204328618354, 0.12088219127950048, 0.005744154403568425, 0.8678784499883128], [0.0013938830657576008, 0.09096630696145386, 0.9004958571464079, 0.007143952826380715], [0.08773746381130122, 0.0021686906735616652, 0.00050975884857611, 0.909584086666561], [0.09394018470887736, 0.7591011382034958, 0.04695174420948392, 0.10000693287814284], [0.022908148292316348, 0.09017156759023269, 0.18216885906895874, 0.7047514250484922], [0.003213095764058622, 0.8654629287632764, 0.0007350824505742379, 0.13058889302209084], [0.07608814221699597, 0.025780417899710056, 0.34557538850556296, 0.552556051377731], [0.018159746023523594, 0.039351063870063784, 0.9333291237321005, 0.009160066374312065], [0.07782399752395598, 0.5479847187920377, 0.2831373447147741, 0.09105393896923221], [0.0698835564900786, 0.30971800704810076, 0.594554684513662, 0.025843751948158696], [0.33290647553216896, 0.5765042758889611, 0.04597728265877031, 0.04461196592009967], [0.01307893020489158, 0.029052213293049044, 0.01686404326643358, 0.9410048132356259], [0.3187819846548068, 0.37695953052088177, 0.008185275075753715, 0.29607320974855766], [0.17117644375173252, 0.21742573941232307, 0.05633332687404471, 0.5550644899618996], [0.16825732761245754, 0.1766468908313851, 0.015611810801289048, 0.6394839707548683], [0.2041365934555309, 0.13389599376637612, 0.10246868150083252, 0.5594987312772605], [0.4620653696673266, 0.09812853507558639, 0.07098767546945521, 0.3688184197876318], [0.8538578644411019, 0.030564396187273527, 0.027442171196616308, 0.08813556817500819], [0.3461970544653381, 0.03165383116499968, 0.23160940334364422, 0.3905397110260179], [0.17149460956152723, 0.17109078944905032, 0.29708560827754205, 0.3603289927118804], [0.05432517306221666, 0.11509147889753286, 0.0031204993542547884, 0.8274628486859956], [0.1842937484987168, 0.47716497125406143, 0.03304089681640106, 0.30550038343082075], [0.27604444213152524, 0.6840988137426105, 0.03141160725953881, 0.008445136866325519], [0.5361432588976043, 0.14661450530326006, 0.2256350268132852, 0.09160720898585047], [0.012456903869533546, 0.4692860300258175, 0.10106554173150686, 0.417191524373142], [0.055469117204166335, 0.4979457110794496, 0.1258455165666438, 0.3207396551497404], [0.30188700726876805, 0.022876634467227368, 0.6644882790206814, 0.010748079243323149], [0.0002948726774529561, 0.10848209797435135, 0.06320402170822767, 0.8280190076399679], [0.03131992973177343, 0.017888365780097476, 0.0011153313037149744, 0.9496763731844142], [0.3046133998589656, 0.03073834412874416, 0.06846715302393112, 0.5961811029883592], [0.11454636096452647, 0.8531469656912135, 0.005104440652785857, 0.02720223269147415], [0.19650889972696248, 0.03666370192330383, 0.193236653692414, 0.5735907446573196], [0.14335405728916126, 0.27093527145803287, 0.5160292718007119, 0.06968139945209392], [0.01980510361835339, 0.0016984317125692844, 0.7404753227982713, 0.23802114187080595], [0.5348371453896981, 0.1826467847035651, 0.2435270448420878, 0.03898902506464911], [0.4147555931997166, 0.056393685532791706, 0.05286339505322651, 0.4759873262142653], [0.8671820002589316, 0.11627765893204563, 0.008868630674985514, 0.007671710134037468], [0.3133705088452171, 0.004470628153883194, 0.17364107327592496, 0.5085177897249747], [0.6902189447993102, 0.03511345693029973, 0.23065668789223404, 0.04401091037815588], [0.11252938468584606, 0.37927442010558254, 0.3106877408849036, 0.1975084543236678], [0.10005703838300578, 0.44345538405578183, 0.023832793435506174, 0.4326547841257062], [0.547313892817882, 0.08743333328069793, 0.05233928322493415, 0.3129134906764859], [0.0006597128677875488, 0.9955869083895814, 0.0003938405929776931, 0.003359538149653348], [0.008903855594072526, 0.1568701568028892, 0.0640356227748315, 0.7701903648282068], [0.01749579866535357, 0.02382112355747831, 0.004016026368943963, 0.9546670514082243], [0.44367465969219666, 0.41403603374561104, 0.055465401658738415, 0.08682390490345392], [0.21263690162321308, 0.0018850600604698726, 0.0050098790924422145, 0.7804681592238749], [0.7632125886785474, 0.10925812640358765, 0.05594564314544255, 0.07158364177242253], [0.288990119301723, 0.5543069109342192, 0.0006778178517516756, 0.15602515191230606], [0.09573553140695949, 0.7683396526588051, 0.049684703164702165, 0.08624011276953335], [0.014843316200185502, 0.7115373217438264, 0.06294110221791532, 0.21067825983807276], [0.5351627815744738, 0.06127528191829929, 0.017024028976904127, 0.3865379075303229], [0.784666332125423, 0.10249887978607172, 0.002657207280820376, 0.11017758080768507], [0.0028538021181734436, 0.0270033026254737, 0.003951842284699653, 0.9661910529716531], [0.15704979602444696, 0.7233950153934826, 0.04283559035863923, 0.07671959822343107]]}, "rewritten": {"ids": ["97105760", "97106600", "97107821", "97109080", "97111790", "98107380", "98108580", "98109230", "98111620", "98112170", "98112300", "98116090", "98117740", "98120010", "99107640", "99109141", "99109370", "99109860", "99114890", "99121440", "100109000", "100109330", "100109980", "100110050", "100115700", "101108580", "101108621", "101108950", "101109000", "101112201", "101112690", "102107961", "102109010", "102109840", "102110500", "102110690", "102114270", "102116500", "102117351", "102118380", "102121700", "103110100", "103111110", "103111620", "103113270", "103117200", "103117461", "104111380", "104111531", "104111620", "104112201", "104113550", "104114230", "104116441", "104116800", "104116980", "104117200", "105112260", "105113330", "105115380", "105116441", "105120280", "106113170", "106113190", "106113360", "106115250", "106116370", "106116441", "106118820", "106121220", "107113200", "107114621", "107115140", "107116980", "107117630", "107118490", "107119390", "108113480", "108115500", "108117360", "108118630", "108119330", "108119550", "108120621", "109113931", "109114651", "109116810", "109116930", "109117080", "109117110", "109117730", "110114610", "110114720", "110114950", "110116170", "110116300", "110118111", "110118880", "110120531", "110120540", "110120640", "111114121", "111115910", "111116040", "111116090", "111116411", "111116530", "111116640", "111118301", "111119610", "111120220", "111120540", "112116540", "112116900", "112117461", "112117580", "112117780", "112118530", "112118581", "112118820", "112118860", "112118880", "112119120", "112119320", "112119450", "112119500", "112119950", "112120640", "112121410", "113118231", "113118490", "113119450", "113120070", "113120531", "113120540", "113120780", "113121680", "113121950", "113121980", "113122160", "113122430", "113122650"], "labels": [0, 3, 2, 2, 2, 1, 0, 1, 3, 3, 2, 0, 2, 2, 1, 3, 1, 2, 2, 2, 1, 0, 1, 3, 1, 0, 0, 2, 1, 0, 1, 3, 1, 2, 3, 0, 3, 1, 1, 1, 1, 1, 3, 0, 2, 0, 0, 3, 0, 0, 0, 1, 2, 1, 1, 1, 3, 3, 3, 1, 1, 3, 0, 0, 0, 2, 2, 0, 3, 1, 0, 0, 0, 3, 0, 2, 2, 0, 3, 1, 1, 0, 1, 1, 1, 3, 3, 0, 1, 1, 3, 1, 3, 0, 0, 3, 1, 0, 0, 1, 0, 0, 2, 0, 3, 0, 3, 0, 3, 2, 3, 1, 1, 3, 0, 0, 0, 1, 1, 0, 3, 1, 1, 1, 3, 2, 0, 0, 0, 3, 1, 3, 2, 0, 3, 0, 1, 3, 2, 3, 2, 2], "predicted_labels": [0, 0, 0, 2, 2, 2, 0, 2, 2, 3, 0, 1, 0, 2, 1, 3, 1, 2, 2, 1, 3, 0, 2, 2, 3, 0, 1, 1, 3, 0, 3, 0, 2, 2, 3, 3, 2, 0, 1, 1, 0, 0, 3, 0, 2, 1, 1, 0, 3, 3, 3, 3, 3, 1, 2, 1, 1, 1, 1, 2, 3, 0, 0, 0, 3, 1, 0, 3, 2, 1, 1, 3, 3, 0, 0, 1, 1, 1, 0, 2, 3, 3, 0, 0, 2, 0, 0, 0, 1, 3, 0, 3, 0, 0, 2, 0, 0, 3, 1, 1, 3, 0, 2, 0, 0, 0, 0, 0, 0, 0, 0, 0, 1, 1, 0, 0, 0, 1, 0, 0, 1, 0, 0, 2, 0, 2, 0, 0, 1, 1, 0, 1, 2, 0, 0, 3, 0, 1, 1, 3, 1, 2], "confidence_scores": [[0.6236827069874662, 0.22690889827510424, 0.00022506572901054644, 0.1491833290084191], [0.49968109046602766, 0.14022793364629554, 0.1682677370221909, 0.19182323886548594], [0.9444713271822949, 0.018821487236331837, 0.00788813239349594, 0.028819053187877565], [0.1251196701964053, 0.012366797326176888, 0.8159458063011845, 0.04656772617623329], [0.20062694235460662, 0.23909155002226656, 0.3837562174836297, 0.1765252901394972], [0.3405838662766967, 0.06035932609465421, 0.41084923615086927, 0.18820757147777978], [0.5734633692391683, 0.08287472485542106, 0.09367205795213786, 0.24998984795327286], [0.029114939295565415, 0.006859840271989036, 0.948686835031927, 0.015338385400518463], [0.015864835534544285, 0.41359897384604416, 0.5587799006391075, 0.011756289980304072], [0.36415231306863877, 0.13421540076908164, 0.038322446419552694, 0.46330983974272705], [0.8336559466478526, 0.019247173063931547, 0.08486025676821068, 0.06223662352000512], [0.02334803945424089, 0.8375233209101604, 0.13497941322107673, 0.004149226414522029], [0.5893822378910223, 0.19386781031924086, 0.13984079435905997, 0.07690915743067703], [0.01430169821493166, 0.025256330805957947, 0.7899054524008334, 0.17053651857827706], [0.032536992141429, 0.9575304559740008, 0.0013810482778758818, 0.00855150360669444], [0.15245950458390503, 0.014203198659861865, 0.0019236488504873331, 0.8314136479057458], [0.00015638880204912268, 0.9976975371296071, 0.0012514927994161818, 0.0008945812689275441], [0.017421466152108413, 0.23596723283918036, 0.73200547807523, 0.014605822933481224], [0.010653748141354797, 0.07841492102938037, 0.7686002227489738, 0.14233110808029098], [0.030914831605703463, 0.7397362655280169, 0.19445546515259038, 0.03489343771368942], [0.02699247637990832, 0.03500929199482847, 0.10049477166291726, 0.8375034599623459], [0.5695055936192798, 0.02360868580245725, 0.02668480327901407, 0.380200917299249], [0.0907511527784902, 0.02209395374913384, 0.827663349265234, 0.05949154420714181], [0.004376834331024548, 0.01106033705598193, 0.9775099808707912, 0.007052847742202138], [0.07575755470574413, 0.10038500023600325, 0.11524711212716067, 0.708610332931092], [0.6825905095648702, 0.042093263835702915, 0.03618087506523492, 0.23913535153419202], [0.26610925830255666, 0.5954885111166801, 0.01011910617342487, 0.1282831244073384], [0.32466852398654983, 0.34193744191101316, 0.2495069148729932, 0.08388711922944381], [0.010794274651669667, 0.04891744254858804, 0.011235724589444508, 0.9290525582102978], [0.8317175867369482, 0.04170351204636255, 0.05346422252699205, 0.0731146786896972], [0.0324886925709925, 0.002204265598279731, 0.40269961808504556, 0.5626074237456822], [0.7919046090744399, 0.0952261846870849, 0.07859689437882801, 0.0342723118596471], [0.25191322427430013, 0.1927389600126765, 0.30202095915949084, 0.25332685655353254], [0.01054325454471155, 0.22818633064547, 0.5830351439956307, 0.1782352708141878], [0.19249769894990684, 0.014298011802828636, 0.2956931831647628, 0.4975111060825017], [0.42928732767284145, 0.012794000751005348, 0.06672053883654173, 0.4911981327396115], [0.0033776903639514935, 0.30792548945645526, 0.6343379977775715, 0.05435882240202171], [0.5385472012036793, 0.1416011440415997, 0.08410992716838094, 0.2357417275863401], [0.10153587802265608, 0.8892244306954372, 0.003967510567552485, 0.005272180714354246], [0.015160970595264424, 0.46410984137588507, 0.20179509842808932, 0.3189340896007611], [0.6153618447137752, 0.05864522122831888, 0.29578822680696515, 0.030204707250940713], [0.6881197938620642, 0.11023086431052283, 0.12798566301519249, 0.07366367881222051], [0.28777712740635775, 0.00186861834393071, 0.04000372668116153, 0.6703505275685501], [0.7145997463639817, 0.038773868394167556, 0.16979499184865343, 0.07683139339319735], [0.17068538560187552, 0.3284795961871782, 0.3637422644448696, 0.1370927537660766], [0.0015333740275748852, 0.9507698511709115, 0.03053666866074232, 0.01716010614077121], [0.016592388806874084, 0.8840277271166241, 0.07053167546149838, 0.02884820861500344], [0.4301579267800437, 0.05106839607964491, 0.2926281465258964, 0.22614553061441484], [0.07048573655148725, 0.07439101747997275, 0.01643081046172533, 0.8386924355068147], [0.018288068406883653, 0.0022795390131232145, 0.0007936262379834229, 0.9786387663420096], [0.10197527101403554, 0.07928960731617005, 0.006620210658921578, 0.8121149110108729], [0.46951469423029085, 0.045469549250417456, 0.014665836480719686, 0.47034992003857223], [0.19435547082200744, 0.3522089655971299, 0.07723513165197357, 0.37620043192888913], [0.03785254815431318, 0.6773489454114734, 0.17227846356225868, 0.11252004287195465], [0.01981113955890882, 0.09794760394674737, 0.4601710285132148, 0.4220702279811291], [0.0023150062028712637, 0.8375855956357667, 0.12515693055527732, 0.0349424676060846], [0.03890172243921192, 0.5235984788962701, 0.035126045619702055, 0.4023737530448159], [0.014438757197719266, 0.7798145856820465, 0.09925169175304453, 0.1064949653671896], [0.05391695768175777, 0.8971253455327781, 0.01292325248854511, 0.03603444429691924], [0.016025851368217207, 0.006162440354938369, 0.969282865109055, 0.00852884316778927], [0.11130676512515658, 0.1774697789238151, 0.28886885069304435, 0.42235460525798396], [0.7808950511661125, 0.1762053042181159, 0.004411212192350784, 0.038488432423420794], [0.44171486585249736, 0.4398166680009189, 0.00575521330660253, 0.11271325283998125], [0.48789884775770387, 0.2564201528078447, 0.23820189583096324, 0.017479103603488144], [0.06456540920398267, 0.2823968345232994, 0.018467983369099307, 0.6345697729036186], [0.07563391133259573, 0.4255444306146262, 0.33682993244206727, 0.16199172561071085], [0.9767138249098498, 0.0008607343872107434, 0.008874380715422245, 0.0135510599875172], [0.05531990168538622, 0.12438554073778646, 0.028030743481789407, 0.7922638140950379], [0.03602717614601967, 0.2682199266752564, 0.6798326737979679, 0.015920223380756146], [0.00688526670998972, 0.8415831801922609, 0.08718243520163624, 0.06434911789611317], [0.08926002677844937, 0.8904007925188141, 0.0046835486668668005, 0.015655632035869834], [0.2537897009900296, 0.02775190503640108, 0.013850684359143535, 0.7046077096144259], [0.0006201988513956364, 0.0011937460856208926, 0.0005766671395403022, 0.9976093879234432], [0.5545716822559831, 0.4194929423427804, 0.002080891862721715, 0.023854483538514805], [0.9181309262664529, 0.006489644568502845, 0.05863860782077763, 0.01674082134426658], [0.0026135142037639727, 0.9886051832732752, 0.008750028903469985, 3.1273619490878365e-05], [0.3154119072645304, 0.4721189569396278, 0.13572069323445654, 0.07674844256138522], [0.16436621389278303, 0.45116489925684256, 0.2651932953567777, 0.11927559149359661], [0.6164349976193176, 0.1786299398873475, 0.14419614582388157, 0.06073891666945327], [0.1082814363316994, 0.12008030355998028, 0.6982272866732895, 0.07341097343503084], [0.046508999514135195, 0.05065086904326778, 0.09135424335567513, 0.8114858880869219], [0.24486098058958414, 0.1370442176163024, 0.030786205170126386, 0.5873085966239872], [0.7150505581796085, 0.03348692525544571, 0.15397730393799508, 0.09748521262695066], [0.6635693157034195, 0.05310419380187573, 0.10297669928483834, 0.18034979120986644], [0.23176357108233778, 0.34357687088440453, 0.3938333255572701, 0.030826232475987654], [0.5119173513799645, 0.09233029083632882, 0.2856893371691699, 0.11006302061453684], [0.41751931462992903, 0.2736202167456041, 0.001262115752244036, 0.3075983528722228], [0.8349153772962123, 0.07991304410827098, 0.0025637470735197917, 0.08260783152199697], [0.034418495398935316, 0.9634759125715444, 0.0016103029275513396, 0.0004952891019689996], [0.3612673837791098, 0.08470014448941046, 0.037701031553355004, 0.5163314401781248], [0.8942730495451257, 0.01973716504070236, 0.008726877645647294, 0.07726290776852458], [0.32100505826514325, 0.06240318392055195, 0.2736051456637353, 0.3429866121505696], [0.7944984067366022, 0.0027078025404140894, 0.2009579913341866, 0.0018357993887970904], [0.7250334240014709, 0.0895661442099901, 0.044910164139169324, 0.14049026764936975], [0.2972518964690811, 0.2974704863982847, 0.3527109097736197, 0.05256670735901446], [0.4846623158923859, 0.05733127074103609, 0.3495830724326682, 0.10842334093390986], [0.8036614329935479, 0.03889586588563733, 0.06917887242108502, 0.08826382869972992], [0.008024597662818952, 0.05403415797296684, 0.00016448563435671667, 0.9377767587298576], [0.14022011880874602, 0.498980142371983, 0.1254377440475831, 0.23536199477168804], [0.06871037867959823, 0.6486656059985728, 0.277245835877135, 0.005378179444693752], [0.2502822473239846, 0.3012744827389408, 0.06232868970441036, 0.38611458023266415], [0.7019515075393163, 0.18213408530087616, 0.051405807047852886, 0.06450860011195467], [0.22140165923372923, 0.29701574044910384, 0.3315019477608491, 0.15008065255631783], [0.6525716993157639, 0.054416083320815066, 0.12416918504570187, 0.16884303231771908], [0.8903044069434539, 0.015884545157920683, 0.014640510071121503, 0.07917053782750394], [0.8940479740932161, 0.00490659490975731, 0.014051899880830578, 0.08699353111619593], [0.722575784632638, 0.1881138090207091, 0.054548893762378356, 0.03476151258427467], [0.8838010106217599, 0.009789475257974675, 0.09051981058231762, 0.01588970353794763], [0.3804351766744461, 0.3753307139104557, 0.21952304132075523, 0.02471106809434295], [0.609996677640954, 0.20751819396591184, 0.1603424584530085, 0.02214266994012554], [0.7126137607852827, 0.22881674530604879, 0.055237813263843395, 0.0033316806448251348], [0.9499506414091557, 0.016209247972271867, 0.02685253853580159, 0.006987572082770673], [0.2055352225171755, 0.6449046267991023, 0.12038395586189538, 0.029176194821826824], [0.23594069842241525, 0.547195642263473, 0.01946639974379351, 0.19739725957031834], [0.6541762789603581, 0.008464826555228986, 0.0020973267351265283, 0.3352615677492864], [0.673995499999055, 0.00813556197403485, 0.0035175198073309636, 0.31435141821957924], [0.42406205986812096, 0.2735676112033667, 0.09196730995637299, 0.2104030189721394], [0.18673494785791833, 0.749216192493218, 0.036719695298977464, 0.02732916434988611], [0.8038897300760947, 0.10619270014306627, 0.028638312849573605, 0.061279256931265506], [0.7769797470215534, 0.11089642164018472, 0.10034082553407712, 0.01178300580418464], [0.1358710139431806, 0.5290491182643436, 0.2877210425403965, 0.04735882525207918], [0.5011357915310679, 0.0424086829705099, 0.07890920427125325, 0.37754632122716897], [0.8241980007019242, 0.004488785904307662, 0.024715815988110373, 0.1465973974056578], [0.005067441635053788, 0.08250067942171804, 0.9034476306773906, 0.008984248265837519], [0.9687661870913161, 0.0028980344519373906, 0.004899951028107637, 0.02343582742863892], [0.17407345455192, 0.03722685371855131, 0.7759290082975453, 0.012770683431983405], [0.49858288912815635, 0.06636144512885142, 0.03313604102362362, 0.40191962471936865], [0.7306453707494761, 0.046610180319014996, 0.056129899863409105, 0.16661454906809994], [0.41469778996523077, 0.5299049908735438, 0.0495946473829, 0.005802571778325539], [0.024485871136463104, 0.5111675985876929, 0.4636871809820194, 0.000659349293824662], [0.46581214769710566, 0.38125636077480857, 0.04704303934292666, 0.10588845218515917], [0.03330760395507681, 0.9632560629666826, 0.002659172952875665, 0.00077716012536473], [0.017365108482654535, 0.007514299490351385, 0.9329394401884779, 0.04218115183851611], [0.7891225045295241, 0.015063881632207055, 0.0069077415922981335, 0.1889058722459707], [0.8248060776446743, 0.164343808329604, 0.008310687337177488, 0.002539426688544174], [0.14135898461147595, 0.1381739291484074, 0.16388837814109444, 0.5565787080990222], [0.721654937822512, 0.17218971031735136, 0.08893288899396126, 0.017222462866175448], [0.07869950338224362, 0.5628706001711067, 0.06987501696915528, 0.2885548794774946], [0.017025032418728926, 0.7119052425165712, 0.025563115941312192, 0.24550660912338773], [0.029754228253487197, 0.018672175702077642, 0.054720058651317086, 0.896853537393118], [0.023561842155046222, 0.777186110018157, 0.16032081816770152, 0.03893122965909536], [0.022462981576177394, 0.20627259032300507, 0.7242607261669953, 0.047003701933822216]]}}