{"test": {"ids": ["97111790", "113120830", "98111620", "106114321", "102113981", "105116860", "109116040", "113118231", "97112290", "108118291", "106116441", "100113210", "98106880", "99108330", "105115380", "103113101", "113121410", "105112240", "109120560", "108114200", "111121220", "105116501", "106113360", "105113190", "110115580", "106114880", "101111210", "108121160", "99109141", "110118301", "100110260", "101108950", "108118810", "97113260", "105120280", "108113740", "111115620", "106118161", "102112301", "113120070", "100111270", "103110100", "99111620", "98112580", "111119580", "108115870", "113119950", "109116170", "99117740", "105118230", "112116401", "108116501", "109117080", "97107920", "109114720", "111116530", "109116441", "102116500", "110115710", "106113260", "109115380", "101108500", "101109370", "101112160", "110119030", "106117650", "112118701", "104118340", "101114990", "102110240", "100113370", "109117730", "107116340", "97109080", "99108080", "99109311", "101112690", "111120190", "112119980", "101108080", "111119150", "101115190", "97107821", "112120990", "100120780", "108118520", "97107950", "105111990", "104112201", "107119950", "113118870", "113120780", "104113000", "110118810", "113121190", "113118490", "98117740", "113119300", "106113170", "112118581", "101110200", "99109840", "98108150", "111120320", "113118630", "99109370", "110119300", "110118740", "99112531", "98108580", "102107961", "107115140", "107113180", "106114150", "104119290", "98120010", "109118820", "112119320", "112119500", "109114270", "97110950", "110114610", "107113130", "99109740", "109117150", "100109801", "111115910", "112120270", "108120621", "111116170", "104111380", "113121950", "103111990", "113121810", "108118630", "99110050", "106116640", "107120880", "111120540", "113122320", "106115240", "107118120"], "labels": [2, 3, 3, 2, 1, 2, 0, 3, 1, 3, 0, 0, 0, 1, 1, 3, 0, 1, 1, 0, 3, 1, 0, 3, 1, 0, 2, 2, 3, 1, 3, 2, 1, 1, 3, 3, 1, 3, 1, 2, 2, 1, 3, 2, 3, 3, 0, 0, 2, 1, 0, 0, 1, 0, 0, 3, 3, 1, 2, 3, 3, 3, 1, 3, 0, 1, 0, 2, 3, 3, 3, 3, 3, 2, 3, 1, 1, 3, 0, 0, 3, 1, 2, 2, 1, 0, 2, 2, 0, 3, 0, 0, 1, 1, 1, 1, 2, 1, 0, 1, 2, 2, 0, 1, 3, 1, 1, 3, 3, 0, 3, 0, 3, 1, 1, 2, 3, 1, 2, 3, 3, 1, 1, 3, 2, 0, 2, 0, 1, 0, 3, 3, 2, 2, 1, 3, 3, 1, 1, 1, 1, 3], "predicted_labels": [1, 3, 1, 0, 0, 1, 1, 3, 1, 0, 3, 0, 1, 3, 1, 0, 3, 3, 3, 1, 3, 1, 3, 3, 3, 1, 1, 3, 1, 0, 0, 1, 3, 1, 1, 3, 3, 0, 3, 1, 1, 3, 1, 1, 3, 3, 3, 1, 0, 1, 0, 3, 1, 0, 3, 1, 0, 1, 1, 1, 3, 1, 1, 1, 1, 1, 3, 3, 1, 1, 1, 3, 1, 3, 1, 1, 3, 0, 1, 1, 3, 1, 0, 1, 3, 3, 1, 1, 0, 1, 3, 3, 3, 1, 3, 3, 1, 1, 0, 1, 1, 1, 1, 3, 1, 0, 1, 0, 1, 1, 3, 3, 1, 1, 3, 1, 3, 3, 1, 1, 0, 1, 1, 3, 1, 1, 1, 3, 1, 3, 3, 3, 1, 1, 3, 3, 1, 3, 1, 3, 1, 3], "confidence_scores": [[0.28138437584084586, 0.28325927465226436, 0.1797131288929666, 0.2556432206139235], [0.20842284379769607, 0.2546730579794362, 0.23345472088398656, 0.30344937733888155], [0.19759936374026996, 0.2983765829274599, 0.26778964547123757, 0.23623440786103275], [0.33845009143149, 0.27071284960898256, 0.13570601646732466, 0.255131042492203], [0.3127949208968691, 0.27346482630242785, 0.16080963929046807, 0.2529306135102353], [0.2545681571342113, 0.28130757659300326, 0.21522061327463676, 0.24890365299814884], [0.22605006429628832, 0.3082137010903151, 0.19409621339541147, 0.271640021217985], [0.23978253577377023, 0.2923476650647106, 0.13678232619087774, 0.3310874729706422], [0.24472365903372037, 0.30960303050931076, 0.19440564294993629, 0.25126766750703267], [0.3245147036494944, 0.2691397464825434, 0.1255607291613383, 0.2807848207066245], [0.26910582683345147, 0.255876966741527, 0.15833074677413614, 0.3166864596508861], [0.2798121693877229, 0.25775947384541203, 0.19650744947125365, 0.26592090729561146], [0.23629896100560827, 0.26671260680665543, 0.24682701009530533, 0.2501614220924309], [0.24086936699929065, 0.24965590401894336, 0.21164167830047206, 0.297833050681294], [0.22227848448943358, 0.2793024326056905, 0.2245808531331213, 0.27383822977175526], [0.3034134290724119, 0.26082263253096705, 0.16397306758131508, 0.27179087081530595], [0.25680648931185646, 0.27023734987388376, 0.18131887395213062, 0.29163728686212986], [0.20989212540262434, 0.29373693045485544, 0.1968434083236334, 0.29952753581888725], [0.24839715892971143, 0.24988818449760292, 0.18937472038494466, 0.31233993618774136], [0.23312516654830018, 0.2785753222799138, 0.21329328169162454, 0.2750062294801615], [0.26682935751698056, 0.2522484479222004, 0.15986687788926707, 0.3210553166715521], [0.27285031584600017, 0.31046436174710035, 0.15177151216198653, 0.26491381024491306], [0.2767011469617541, 0.2548655361504998, 0.16493026809035954, 0.30350304879738665], [0.2786235363555389, 0.25839657952879086, 0.1626148905714596, 0.3003649935442112], [0.24472012896356252, 0.25194081649027, 0.20066154798587485, 0.30267750656029285], [0.2158487060369854, 0.3100737127783945, 0.20790826889764005, 0.2661693122869805], [0.2373225872867615, 0.2769810429948722, 0.21960689384434545, 0.26608947587402104], [0.2350227510977526, 0.28386464398211503, 0.17620217195220822, 0.3049104329679251], [0.28077805002769224, 0.31649358652768556, 0.15852990437646453, 0.2441984590681581], [0.3023309337718915, 0.26186028243654424, 0.14567347847123607, 0.2901353053203284], [0.294083250244011, 0.2379501254473925, 0.1862883442724253, 0.2816782800361717], [0.21461520744491228, 0.2977563328167228, 0.21481700852157146, 0.2728114512167931], [0.24944640248713432, 0.28989279235403154, 0.16986895407029975, 0.29079185108853506], [0.23999758858527367, 0.25886185203726503, 0.24630899277029986, 0.25483156660716183], [0.20790882843657124, 0.32903890069255576, 0.2270929380288683, 0.2359593328420047], [0.2555996659785115, 0.24488403180922236, 0.17731233308553995, 0.3222039691267272], [0.26241937141807403, 0.26056941220246194, 0.18682892227576903, 0.2901822941036953], [0.31359350254361057, 0.2882647975560858, 0.14405669632080523, 0.2540850035794985], [0.27774896507698943, 0.27555885375536976, 0.1438714324383233, 0.30282074872931775], [0.22722269105304643, 0.31493008213760193, 0.16936651693273, 0.2884807098766212], [0.23799129437097896, 0.28863660485974013, 0.22313133432407123, 0.25024076644521004], [0.23385115340754475, 0.264742530287836, 0.20798513603903032, 0.2934211802655894], [0.24234156248769356, 0.3185459115606041, 0.20814414728080105, 0.2309683786709015], [0.21101441366235374, 0.2726623344706146, 0.24479790587514613, 0.2715253459918864], [0.27318687997639135, 0.25624422048543655, 0.1715979912192604, 0.2989709083189119], [0.2645075565580811, 0.244923180146587, 0.2156760544728225, 0.2748932088225096], [0.3100539302067839, 0.22275549117626026, 0.15162911151643185, 0.3155614671005245], [0.2656357720453309, 0.2878315869240361, 0.16108358959085792, 0.2854490514397751], [0.3066170469997578, 0.2704820604012351, 0.17047631991933454, 0.25242457267967244], [0.22858628663100405, 0.3024644263511695, 0.20808621792758583, 0.2608630690902408], [0.32367343559370193, 0.24045483210768, 0.13709179900277255, 0.2987799332958463], [0.29051516170079783, 0.2691441056840503, 0.14485671004823228, 0.2954840225669196], [0.22519738829692554, 0.30231035121335603, 0.1906877340983955, 0.28180452639132303], [0.3007322799593217, 0.24777681145772273, 0.17846202917684154, 0.27302887940611414], [0.2266007315682784, 0.28203088333536813, 0.19331146145470976, 0.29805692364164404], [0.22042053723289481, 0.29700629181843347, 0.22586725557366563, 0.25670591537500637], [0.31991950991233115, 0.2732762948464993, 0.12517865288234145, 0.28162554235882814], [0.22942487038846485, 0.2845314885551435, 0.22859649281574207, 0.25744714824064985], [0.2374144635430537, 0.2989135416517152, 0.16599227531241917, 0.2976797194928125], [0.22657917102015926, 0.28697637439791823, 0.21793721681101433, 0.2685072377709085], [0.20925056446819773, 0.2777954756918557, 0.215008652891437, 0.2979453069485099], [0.21695031191719255, 0.2883783520551993, 0.23436493182548282, 0.2603064042021254], [0.23023238777821095, 0.29900941338876275, 0.20612548485676263, 0.2646327139762637], [0.2339811713324737, 0.29125540225241764, 0.19208261244424335, 0.2826808139708655], [0.23001026925163423, 0.3101773712139804, 0.18318481559906702, 0.27662754393531863], [0.23556455296300088, 0.2866435529469405, 0.19437153025872303, 0.2834203638313356], [0.28092506366153835, 0.26632360987573384, 0.1307042316549989, 0.32204709480772925], [0.22920884700291702, 0.28923307150498967, 0.16791466202785227, 0.31364341946424157], [0.22207761884214947, 0.29941212182004145, 0.23036097192725197, 0.24814928741055733], [0.2549751562213915, 0.277353240032217, 0.1995767336403841, 0.2680948701060081], [0.22876943102145997, 0.27997187171580434, 0.23754392735454166, 0.2537147699081941], [0.27252615484971676, 0.25892602046008806, 0.17498004884615886, 0.29356777584403615], [0.22295844460303846, 0.29454698891032927, 0.21372505253888982, 0.26876951394774257], [0.2150341184142802, 0.26345325635951283, 0.2507193736498063, 0.270793251576401], [0.2406551047911395, 0.29097769466480744, 0.2177785683264287, 0.25058863221762445], [0.26582528711346104, 0.2899503396534494, 0.18191720111573012, 0.2623071721173598], [0.220857356099371, 0.2825117074804581, 0.20718742421849412, 0.28944351220167747], [0.27939631284151795, 0.27358793437507234, 0.1884081262299716, 0.2586076265534386], [0.23472007690785684, 0.2982792291203068, 0.19637824963015751, 0.2706224443416793], [0.284062153607204, 0.29170044103151155, 0.16458460358666582, 0.25965280177461864], [0.2487903359955115, 0.2757259886181563, 0.18495417420340587, 0.2905295011829269], [0.23928838960123225, 0.2719649499525829, 0.23089470219448133, 0.2578519582517039], [0.32421803332162435, 0.28085755684981034, 0.16402788766701368, 0.23089652216155201], [0.22344027664677113, 0.30685143272741605, 0.2019976810501132, 0.2677106095756999], [0.25676909423285993, 0.26595270385207836, 0.20697369248186567, 0.27030450943319684], [0.26818752305065047, 0.25682320174179346, 0.1850734662588082, 0.2899158089487483], [0.23181878968259087, 0.26334157780365997, 0.25748484441253633, 0.24735478810121309], [0.21135450570471176, 0.34117458709667736, 0.19919914185553386, 0.2482717653430769], [0.32341121079826984, 0.2728240454335716, 0.12816123372399, 0.275603510044169], [0.2702640862873565, 0.2955374545387239, 0.1625181430080401, 0.2716803161658794], [0.26017568254060397, 0.2634110011765676, 0.18780276995850503, 0.28861054632432376], [0.23265714689817515, 0.288364486189413, 0.1842156464608699, 0.2947627204515426], [0.21819099981613604, 0.27851807849370624, 0.20089044659825586, 0.3024004750919022], [0.23829694998178885, 0.2817704964569185, 0.20152306676742981, 0.27840948679386324], [0.2510793523697551, 0.28455050796636894, 0.17707290807418882, 0.28729723158968756], [0.24802883621569632, 0.2560465012658367, 0.17953824654234035, 0.31638641597612743], [0.20949543844756469, 0.3009743798733935, 0.21051633917544602, 0.27901384250359623], [0.2313404315717268, 0.30776436928553136, 0.16262169784861974, 0.2982735012941224], [0.2826083114171637, 0.26492876230640056, 0.1756404331351412, 0.2768224931412947], [0.25820308943721676, 0.31559156240483527, 0.15103941614782118, 0.2751659320101271], [0.21484833811915408, 0.3048093420680114, 0.22471022070255994, 0.2556320991102749], [0.21252785965634255, 0.27080562870697794, 0.26466173636433027, 0.25200477527234943], [0.24055368526889298, 0.29836239748057275, 0.21159476785422265, 0.24948914939631175], [0.23378523330540965, 0.2714369790880292, 0.17540648296897024, 0.3193713046375913], [0.216047020797596, 0.3128929716309469, 0.19537460000628779, 0.2756854075651693], [0.2970464942947775, 0.29077100781448983, 0.17386415739144212, 0.23831834049929077], [0.2683632337361001, 0.2756828451750828, 0.1877611537700953, 0.2681927673187217], [0.2899741083512655, 0.266008912222606, 0.16768206691381196, 0.2763349125123169], [0.24130919163659464, 0.2811049604310692, 0.19819502357387458, 0.27939082435846163], [0.2180103201874543, 0.2981554201947042, 0.23630865420710076, 0.24752560541074134], [0.2822432891660996, 0.2712795816738103, 0.124971871849697, 0.3215052573103935], [0.25455586807317837, 0.2314564360550984, 0.20295752421721847, 0.3110301716545052], [0.2007696201855455, 0.29770775853305176, 0.20659671915384603, 0.29492590212755715], [0.23115245018980377, 0.30481699765184433, 0.20893681352363996, 0.2550937386347121], [0.22251703215560745, 0.29381181990647465, 0.17086170048259364, 0.3128094474553249], [0.23360246458191236, 0.29516449984511806, 0.20976928856271682, 0.2614637470102534], [0.2521666974408729, 0.2682995850608952, 0.18468237913863156, 0.2948513383596008], [0.21767437607393955, 0.28499909875104484, 0.20426210154049654, 0.2930644236345193], [0.21388856770570933, 0.30357887153162383, 0.20215138222143514, 0.280381178541232], [0.25073161574096375, 0.29545352409965014, 0.1674644933282316, 0.2863503668311549], [0.29360431144182886, 0.23219849074458446, 0.18919370045543668, 0.28500349735814984], [0.24051828456949048, 0.2740462803025208, 0.22055211246108558, 0.264883322666904], [0.22770649927531547, 0.3026615548612496, 0.21901456698644758, 0.25061737887698754], [0.261776824385732, 0.26859074600276495, 0.1983989786914684, 0.27123345092003504], [0.2412360829915365, 0.29446739779970893, 0.2012438019496867, 0.26305271725906837], [0.2657350796622422, 0.2989792607004312, 0.13818227281328832, 0.2971033868240386], [0.2587537756932499, 0.2784685755993293, 0.18437652766891421, 0.278401121038507], [0.26127622004099293, 0.2601329213228915, 0.16825938931629927, 0.31033146931981676], [0.27918010624074685, 0.2988063204735515, 0.12721929551992606, 0.2947942777657761], [0.25806229839827616, 0.28029212175855656, 0.16308283968804826, 0.29856274015511947], [0.27393454725347716, 0.2679422778178791, 0.17061337514859265, 0.2875097997800513], [0.2782665973487575, 0.23862779780588594, 0.17779346841112914, 0.3053121364342275], [0.25308593082360076, 0.27337300157738087, 0.20716510996147874, 0.2663759576375399], [0.2031432123541237, 0.3025998591567862, 0.22322855113600087, 0.27102837735308977], [0.20039491878031532, 0.28018242412702454, 0.20764661341132568, 0.3117760436813348], [0.23551313871888438, 0.2800901152405365, 0.19029985953838963, 0.2940968865021898], [0.23281153886687578, 0.2919241972352903, 0.21974019116652, 0.2555240727313142], [0.22753201030589126, 0.277169262507825, 0.20364130470362796, 0.2916574224826563], [0.2613021788857535, 0.3073376667297176, 0.17587247577290818, 0.25548767861162114], [0.23649303692283857, 0.2624640309382332, 0.21972671852136236, 0.2813162136175661], [0.2441741203062557, 0.2986176976593114, 0.17090615316979102, 0.2863020288646418], [0.2389370374950725, 0.2912331659576029, 0.1731304630980073, 0.2966993334493178]]}, "rewritten": {"ids": ["97107821", "97107920", "97107950", "97109080", "97110950", "97111790", "97112290", "97113260", "98106880", "98108150", "98108580", "98111620", "98112580", "98117740", "98120010", "99108080", "99108330", "99109141", "99109311", "99109370", "99109740", "99109840", "99110050", "99111620", "99112531", "99117740", "100109801", "100110260", "100111270", "100113210", "100113370", "100120780", "101108080", "101108500", "101108950", "101109370", "101110200", "101111210", "101112160", "101112690", "101114990", "101115190", "102107961", "102110240", "102112301", "102113981", "102116500", "103110100", "103111990", "103113101", "104111380", "104112201", "104113000", "104118340", "104119290", "105111990", "105112240", "105113190", "105115380", "105116501", "105116860", "105118230", "105120280", "106113170", "106113260", "106113360", "106114150", "106114321", "106114880", "106115240", "106116441", "106116640", "106117650", "106118161", "107113130", "107113180", "107115140", "107116340", "107118120", "107119950", "107120880", "108113740", "108114200", "108115870", "108116501", "108118291", "108118520", "108118630", "108118810", "108120621", "108121160", "109114270", "109114720", "109115380", "109116040", "109116170", "109116441", "109117080", "109117150", "109117730", "109118820", "109120560", "110114610", "110115580", "110115710", "110118301", "110118740", "110118810", "110119030", "110119300", "111115620", "111115910", "111116170", "111116530", "111119150", "111119580", "111120190", "111120320", "111120540", "111121220", "112116401", "112118581", "112118701", "112119320", "112119500", "112119980", "112120270", "112120990", "113118231", "113118490", "113118630", "113118870", "113119300", "113119950", "113120070", "113120780", "113120830", "113121190", "113121410", "113121810", "113121950", "113122320"], "labels": [2, 0, 2, 2, 3, 2, 1, 1, 0, 0, 0, 3, 2, 2, 2, 3, 1, 3, 1, 1, 3, 2, 3, 3, 3, 2, 0, 3, 2, 0, 3, 1, 0, 3, 2, 1, 2, 2, 3, 1, 3, 1, 3, 3, 1, 1, 1, 1, 2, 3, 3, 0, 1, 2, 1, 2, 1, 3, 1, 1, 2, 1, 3, 0, 3, 0, 1, 2, 0, 1, 0, 3, 1, 3, 1, 3, 0, 3, 3, 3, 1, 3, 0, 3, 0, 3, 0, 1, 1, 1, 2, 3, 0, 3, 0, 0, 3, 1, 2, 3, 3, 1, 1, 1, 2, 1, 3, 1, 0, 1, 1, 2, 0, 3, 3, 3, 3, 1, 1, 3, 0, 1, 0, 1, 2, 0, 0, 2, 3, 1, 3, 0, 1, 0, 2, 0, 3, 1, 0, 2, 3, 1], "predicted_labels": [0, 3, 1, 1, 0, 3, 0, 3, 1, 1, 1, 1, 1, 1, 3, 0, 1, 0, 1, 1, 1, 3, 1, 1, 0, 0, 0, 0, 1, 3, 1, 0, 1, 1, 1, 1, 1, 0, 3, 1, 1, 1, 0, 1, 1, 0, 1, 1, 3, 1, 0, 0, 3, 1, 3, 1, 1, 3, 3, 3, 1, 1, 1, 1, 1, 1, 0, 0, 3, 1, 3, 1, 1, 0, 1, 1, 3, 1, 3, 1, 3, 3, 1, 3, 1, 0, 0, 3, 3, 0, 3, 0, 1, 3, 3, 3, 0, 1, 0, 3, 3, 3, 3, 3, 3, 0, 3, 3, 1, 0, 3, 1, 0, 0, 0, 3, 3, 3, 1, 0, 0, 1, 3, 3, 1, 1, 3, 1, 0, 3, 1, 3, 1, 0, 1, 1, 3, 3, 0, 1, 3, 3], "confidence_scores": [[0.32270160765914757, 0.2746249899882448, 0.15650025110214602, 0.24617315125046177], [0.2852790444297823, 0.24985152549814116, 0.15837275323622704, 0.3064966768358497], [0.207040824561379, 0.27651577724069154, 0.26994475444986027, 0.24649864374806946], [0.23606441770350928, 0.2797383369339663, 0.20746358893424277, 0.27673365642828235], [0.30138693797482485, 0.23460500994292352, 0.172788849619875, 0.29121920246237665], [0.29101893959540137, 0.22370744926580113, 0.18558563218753682, 0.2996879789512605], [0.2742536097196769, 0.2590693996753888, 0.20365978637055931, 0.2630172042343745], [0.25650069852324314, 0.2732569990837917, 0.19441786097035946, 0.27582444142260587], [0.24574930958619579, 0.2691753718108695, 0.23188486660250512, 0.25319045200043], [0.24766770505998142, 0.29861922717970146, 0.18147802274294253, 0.2722350450173749], [0.2754099762498628, 0.27609737568988907, 0.18988331889188662, 0.25860932916836166], [0.21226313380935188, 0.2841077144701804, 0.2510672097976907, 0.25256194192277726], [0.2261287632816426, 0.27336729451519953, 0.23202050497544605, 0.2684834372277121], [0.2154850322321955, 0.3431627997211012, 0.20502992251289248, 0.23632224553381123], [0.2674022056143253, 0.2638606209228887, 0.17756647263398634, 0.29117070082880026], [0.28304433292335185, 0.23926658109829566, 0.19996147996495675, 0.27772760601339586], [0.2389134173314361, 0.2862860176357876, 0.2148035333472478, 0.25999703168552907], [0.33864067352870436, 0.2723155220050025, 0.12807112638876075, 0.2609726780775324], [0.2789632195856881, 0.3047325407579652, 0.14864367729718184, 0.26766056235916497], [0.2692147757344656, 0.2817054961673855, 0.19419064166942954, 0.25488908642871944], [0.22299867489258074, 0.30348279056534694, 0.22530548687345334, 0.24821304766861949], [0.2217441247273405, 0.2621330981859923, 0.24999076298924852, 0.2661320140974191], [0.2578641219224776, 0.29343366570146506, 0.16582697947593683, 0.282875232900121], [0.2389110315714449, 0.29592165456815195, 0.2454971832861105, 0.2196701305742928], [0.3347213637647499, 0.26850049694257594, 0.14354324140491653, 0.25323489788775794], [0.2930177615724822, 0.25480119049889, 0.1752585536811632, 0.27692249424746446], [0.30729169174486304, 0.2815566089558745, 0.14452298718800352, 0.26662871211125944], [0.3080907490069979, 0.2280572653527316, 0.17252976228058553, 0.291322223359685], [0.2295663145609109, 0.29238905075963006, 0.22981842519314385, 0.2482262094863151], [0.26688565793776037, 0.26178781370285725, 0.17360377542207595, 0.29772275293730666], [0.22658283682926675, 0.299555960992016, 0.2328683579734237, 0.2409928442052935], [0.26223040031224226, 0.2587821954285357, 0.2222657864773774, 0.2567216177818451], [0.27367698586615463, 0.29341817702539963, 0.16736288784498665, 0.2655419492634596], [0.245726148342525, 0.28447914513873424, 0.22096800417477108, 0.24882670234397006], [0.22898711233915217, 0.31540590744196995, 0.18723604404817357, 0.2683709361707046], [0.25328539866639355, 0.3136522709423019, 0.18152919391000688, 0.25153313648129777], [0.21007933730779896, 0.301157333763303, 0.23671981620197538, 0.25204351272692305], [0.2812656886268442, 0.26896992506332607, 0.17397940456996813, 0.2757849817398623], [0.25996547360259176, 0.26066992455441307, 0.18518713775929807, 0.29417746408369794], [0.18813471966161815, 0.31265965960476433, 0.2512381975086393, 0.2479674232249785], [0.20817084690343252, 0.31151434635731867, 0.22089454253208257, 0.2594202642071664], [0.2501968297911957, 0.29173910549791504, 0.2236843648856841, 0.23437969982520543], [0.3107459874346924, 0.2734915678958313, 0.1400896091319859, 0.2756728355374905], [0.2662354305952501, 0.2912803236088516, 0.17801029019120235, 0.26447395560469583], [0.2956712921592304, 0.3047940491176418, 0.13725113182322615, 0.26228352689990164], [0.3013200400250017, 0.2661552107710066, 0.15703093639522878, 0.27549381280876284], [0.2622886836946892, 0.2696933474619305, 0.19960117088798812, 0.2684167979553925], [0.2651260289675452, 0.293249234724153, 0.1786458661688297, 0.26297887013947263], [0.2630546331460794, 0.2625539662522178, 0.16912568202119949, 0.30526571858050366], [0.2509396240371588, 0.29633713844746584, 0.18230093250542012, 0.2704223050099557], [0.2941508573003832, 0.27185003970188015, 0.16456523861300132, 0.2694338643847354], [0.35627512276134216, 0.24475818443191166, 0.12031788146636327, 0.2786488113403826], [0.26722440249348395, 0.2485658961623985, 0.1838915841548632, 0.3003181171892544], [0.22231130017786008, 0.29467096561877276, 0.2186729181146101, 0.264344816088757], [0.23487003537660225, 0.2566735891624315, 0.19304678332989306, 0.31540959213107306], [0.21361449661948698, 0.3254804083986444, 0.20819497264768777, 0.25271012233418166], [0.2013157219792929, 0.33469191874706405, 0.2171083234905858, 0.24688403578305754], [0.2602327274814628, 0.2732402471163436, 0.16528634993169797, 0.301240675470496], [0.24077208061939034, 0.24899727456161969, 0.23176538868062957, 0.2784652561383605], [0.28181719984355713, 0.28840681512568567, 0.1400904097072612, 0.28968557532349687], [0.26236013322200297, 0.2911506590435839, 0.17633829692954203, 0.2701509108048713], [0.24341406409764552, 0.2955902785437679, 0.21716702158914838, 0.24382863576943864], [0.2308400838726419, 0.29836521120321335, 0.22905311710599036, 0.2417415878181547], [0.2713879041506524, 0.2869593428094511, 0.171503472497264, 0.27014928054263254], [0.22095425317593143, 0.31005831123268485, 0.20182376024325355, 0.26716367534813074], [0.27743790651985606, 0.28196343316858935, 0.16699937899052505, 0.2735992813210297], [0.2780214218234176, 0.2736970544979202, 0.1795531802539194, 0.268728343424743], [0.31946304013278526, 0.25807744555433765, 0.14475727667695348, 0.2777022376359239], [0.21715154271736312, 0.2867825610033228, 0.20786370513378816, 0.2882021911455261], [0.2356131459842494, 0.3007003675744635, 0.19757829399071247, 0.26610819245057465], [0.27512155640762237, 0.2681993114072748, 0.1675278137501157, 0.2891513184349875], [0.22843824744573957, 0.3036260939982815, 0.208215677682656, 0.25971998087332304], [0.21599809213334684, 0.29941279227301343, 0.23505187583924128, 0.24953723975439862], [0.3098803080487876, 0.27944454435086125, 0.13653146297796362, 0.27414368462238736], [0.2472239275999634, 0.29756444136346116, 0.2339362602719552, 0.22127537076462117], [0.20676311877114492, 0.2855003488048276, 0.23203701477621594, 0.2756995176478119], [0.27342965020763865, 0.24103660555083645, 0.17845202818032382, 0.3070817160612017], [0.23638134164654828, 0.3145848129708536, 0.18614820613510696, 0.2628856392474913], [0.2472556284094114, 0.2791862901890354, 0.18254055075511044, 0.291017530646443], [0.2626366060615664, 0.2836334471579503, 0.1838409946022435, 0.2698889521782402], [0.23022561177846465, 0.2760488104476446, 0.19747002075955872, 0.2962555570143324], [0.24638740859576938, 0.2820218686154136, 0.18434974101705387, 0.2872409817717634], [0.24355247130199517, 0.28227969458002744, 0.2057714735922784, 0.26839636052569915], [0.27491713828259284, 0.24461242032167257, 0.18367788988960487, 0.29679255150613015], [0.29199710264610373, 0.30627770678860394, 0.14025360258860867, 0.26147158797668363], [0.34850295430900485, 0.2648728881517786, 0.12025449330933154, 0.26636966422988545], [0.28514506276943796, 0.2489036190815213, 0.1827254263654966, 0.283225891783544], [0.24633689843004072, 0.27617303413468997, 0.19326973211937876, 0.2842203353158909], [0.25163935724496717, 0.2779113737086505, 0.1766743799467997, 0.29377488909958366], [0.2980448739707856, 0.2644941793354947, 0.1462938499010169, 0.29116709679270303], [0.264084453921484, 0.26200437578507796, 0.1654314791629667, 0.3084796911304716], [0.2894528950670607, 0.2658756132474298, 0.18535179339335722, 0.25931969829215223], [0.23572530419765397, 0.2884868198937672, 0.18764384006872628, 0.2881440358398534], [0.2124108528996785, 0.2841979703376093, 0.21232057997020332, 0.29107059679250924], [0.2700976518766483, 0.2559455284277931, 0.19376708633845524, 0.28018973335710323], [0.27353281543527846, 0.2636426895131151, 0.1693899034073132, 0.29343459164429325], [0.35953863604830333, 0.26299983368014784, 0.11509316968048922, 0.26236836059105967], [0.2636430817537019, 0.29395475956641653, 0.17053374669590468, 0.2718684119839773], [0.2859715842519195, 0.26739611054298995, 0.18926211280268537, 0.25737019240240516], [0.27853315664627487, 0.24579493468678354, 0.1948520563706485, 0.28081985229629347], [0.2496917238311224, 0.26543354977246836, 0.19993145097831333, 0.284943275418096], [0.23243741165558568, 0.26108256750234954, 0.21836754453538496, 0.2881124763066807], [0.28420348314498095, 0.24296571945541612, 0.18735786931098247, 0.2854729280886206], [0.27629657475393055, 0.24903663764941164, 0.1766891055045785, 0.29797768209207953], [0.28002844927000775, 0.25888571384513204, 0.1641540841626662, 0.2969317527221948], [0.30384303950249386, 0.26240115352293275, 0.14017955017710784, 0.2935762567974655], [0.27578246854480704, 0.26357095195089153, 0.16804678587405628, 0.29259979363024496], [0.2557908091311519, 0.26186871688232377, 0.204630599492104, 0.2777098744944208], [0.2581182282107594, 0.28409590859670175, 0.19760879609599855, 0.2601770670965405], [0.29702685358468356, 0.29121927580424495, 0.17584165506142138, 0.23591221554964992], [0.2633029811544258, 0.2531045923970384, 0.19166611850886314, 0.29192630793967284], [0.25939348650473143, 0.2843806682611688, 0.2026241902120614, 0.2536016550220387], [0.2735266597080103, 0.2722013157502, 0.18986552382643124, 0.26440650071535826], [0.2712502573749443, 0.26545288394077543, 0.213434448677954, 0.24986241000632625], [0.2895868407292175, 0.27397592281907124, 0.16437125590151502, 0.2720659805501962], [0.2759149791666386, 0.2613073656071814, 0.17277741831459675, 0.29000023691158344], [0.2729363179185892, 0.2621857048650275, 0.17437836094705272, 0.29049961626933096], [0.25386935731407306, 0.26359321056027013, 0.17838175332514752, 0.3041556788005099], [0.25056190588567456, 0.2817051657843042, 0.21406842136848578, 0.2536645069615352], [0.29281235470876404, 0.252678174277181, 0.16423812129460133, 0.290271349719454], [0.3160216576062661, 0.2393638934699763, 0.14591101446879598, 0.2987034344549618], [0.23159610569668942, 0.33496348928236014, 0.17222052817546715, 0.2612198768454833], [0.27635658484217485, 0.2806700485593525, 0.1541068777592008, 0.2888664888392722], [0.26289737052515755, 0.24760874966812493, 0.18207340561117316, 0.30742047419554425], [0.22302531850314894, 0.31561320496244955, 0.21499353218513942, 0.24636794434926204], [0.21863778700831343, 0.32272187582320033, 0.20298210015406254, 0.255658237014424], [0.2495380562093418, 0.27673580380656493, 0.19269496948749795, 0.2810311704965956], [0.2385773770317402, 0.28429317344312205, 0.19720217373656695, 0.27992727578857113], [0.3034466850986955, 0.2696986829656295, 0.13694266740120134, 0.2899119645344738], [0.23241147420853484, 0.2578639220213457, 0.19972446469235705, 0.3100001390777632], [0.23901341251864072, 0.27389578271935755, 0.22953737345815353, 0.2575534313038485], [0.2765260802497288, 0.2631938173768614, 0.17647796277035438, 0.28380213960305556], [0.24638736944157302, 0.2945926823511462, 0.17501643726327062, 0.2840035109440109], [0.31587751305385336, 0.22100865001755296, 0.16814108071981015, 0.29497275620878377], [0.24202093544070094, 0.29368159625163825, 0.20222394019030626, 0.2620735281173548], [0.2265643073402553, 0.2898883129524406, 0.20521703176522815, 0.2783303479420762], [0.2230068409651406, 0.25957327139732467, 0.2456820247217062, 0.27173786291582913], [0.24691405095007934, 0.27726406291775724, 0.19295971364283793, 0.2828621724893258], [0.2764314499674981, 0.2744987716606468, 0.1826735124848945, 0.2663962658869604], [0.22373625926964902, 0.28610150455148814, 0.22852520199295748, 0.2616370341859055], [0.2785036098864944, 0.2305625961346833, 0.20111652874598207, 0.28981726523284035], [0.26737604641874224, 0.2619511129440715, 0.19788934095922, 0.27278349967796617]]}}