{"test": {"ids": ["112117790", "99108580", "113118421", "112118511", "106115120", "98120530", "99108330", "112116610", "102112301", "110120540", "99119830", "105112130", "109116810", "112118550", "102109010", "113120280", "109116040", "106117650", "104114740", "103111540", "97118210", "105117351", "113120591", "110118740", "107114280", "104119340", "105113210", "100108260", "105120621", "112119580", "111120540", "105119550", "106117790", "108121160", "97110950", "100110260", "111116640", "111116100", "107119130", "105118230", "97113260", "109113281", "108121410", "110118161", "109120621", "111116750", "113118490", "103110050", "110114610", "110117500", "110114720", "110121500", "112118701", "105116860", "112118581", "111116090", "112116900", "101109000", "111119340", "110117200", "105112260", "101108290", "99109910", "103120531", "106114011", "106112770", "107120130", "101114990", "103110760", "110115140", "109119010", "112118890", "97106600", "105113440", "109118820", "102117351", "112121351", "103110220", "110119891", "99109370", "108114200", "109117600", "107116980", "105116090", "107119950", "113122160", "106111321", "105115680", "99111000", "105120280", "106121220", "100108580", "105116441", "103111110", "105119950", "97116500", "112118860", "113117401", "109115380", "106113830", "108114270", "101113210", "103112641", "109115220", "111120260", "111114321", "110116290", "97116790", "98107380", "111114121", "113117340", "97112290", "100109000", "100111080", "99109740", "100109910", "109117730", "106119260", "108115500", "108120280", "112120290", "107113130", "107114140", "106114321", "109119591", "98111620", "111117571", "109113931", "113118511", "113119950", "107121230", "103118291", "107113170", "107117630", "99111340", "109117110", "103117200", "112119120", "98111670", "101108621", "107121540", "107120010"], "labels": [3, 0, 3, 1, 1, 1, 1, 1, 1, 1, 1, 1, 3, 3, 1, 0, 0, 1, 2, 1, 2, 0, 0, 3, 3, 1, 3, 3, 1, 3, 1, 1, 1, 2, 3, 3, 0, 3, 1, 1, 1, 0, 0, 0, 1, 3, 1, 3, 1, 1, 3, 3, 0, 2, 1, 3, 3, 1, 3, 3, 3, 0, 2, 3, 1, 1, 2, 3, 1, 0, 3, 3, 3, 0, 3, 1, 0, 2, 3, 1, 0, 1, 3, 1, 3, 3, 0, 2, 2, 3, 1, 0, 1, 3, 3, 2, 3, 3, 3, 1, 3, 3, 3, 3, 3, 1, 2, 2, 1, 0, 2, 1, 1, 0, 3, 2, 3, 1, 3, 3, 1, 1, 2, 2, 0, 3, 3, 1, 1, 0, 0, 0, 0, 0, 1, 1, 0, 1, 1, 0, 2, 1], "predicted_labels": [0, 2, 0, 1, 1, 3, 1, 3, 0, 1, 1, 1, 0, 0, 1, 0, 3, 2, 3, 3, 2, 3, 0, 0, 1, 0, 3, 3, 0, 2, 1, 1, 2, 1, 0, 0, 2, 3, 1, 1, 3, 3, 1, 0, 3, 0, 0, 1, 2, 1, 2, 1, 3, 1, 2, 0, 0, 2, 3, 0, 3, 3, 2, 1, 1, 3, 1, 2, 1, 1, 3, 3, 2, 2, 3, 3, 0, 3, 3, 2, 0, 1, 0, 0, 3, 2, 3, 1, 2, 2, 0, 2, 1, 3, 0, 0, 0, 2, 3, 0, 1, 2, 2, 0, 0, 1, 2, 2, 3, 1, 1, 3, 3, 1, 2, 2, 0, 0, 1, 3, 1, 2, 1, 0, 1, 2, 0, 0, 0, 1, 1, 2, 0, 3, 2, 3, 3, 0, 3, 3, 1, 3], "confidence_scores": [[0.9965686219828711, 1.6389899439364188e-06, 0.0001578988068179579, 0.0032718402203670612], [0.0024610597130285713, 0.1031271039767914, 0.8935731025001759, 0.000838733810004104], [0.7033758565832436, 7.21015904846874e-05, 4.32047967230152e-09, 0.2965520375057919], [1.480370091920749e-05, 0.999769588282279, 4.531216228240181e-07, 0.00021515489517897823], [0.17140676668124846, 0.8285930964618574, 2.3736177789481438e-08, 1.1312071644637285e-07], [0.0003365468097399489, 0.026515014624718048, 1.3272385541687345e-08, 0.9731484252931564], [0.0016278829582517358, 0.9894279190187838, 0.008575715468052454, 0.00036848255491216234], [0.2571723897603199, 0.15943061820956414, 0.013729340699088788, 0.5696676513310273], [0.8214299618589195, 2.5130623320859664e-05, 0.17616463096005505, 0.0023802765577046934], [0.08191937417805069, 0.7682112709573713, 0.1490774326021642, 0.0007919222624138409], [5.251579178117166e-06, 0.7598400765025218, 0.1964060827542514, 0.0437485891640487], [0.01562441783446413, 0.9737775133777884, 0.010514232491216009, 8.383629653138266e-05], [0.9990996751842575, 0.000828618189930031, 5.9846350261280675e-05, 1.1860275551273835e-05], [0.976179808294638, 6.714647417522842e-06, 3.6346050234797713e-06, 0.023809842452921018], [0.003323865293652026, 0.46678904174549024, 0.2602707075848526, 0.269616385376005], [0.85790521480774, 0.00017564773803524226, 0.00011428240906330404, 0.14180485504516144], [0.3055971335384821, 0.0012082721995938263, 0.07143271430306031, 0.6217618799588637], [0.003152365944035333, 0.011800330206527076, 0.7344384546815701, 0.2506088491678675], [0.2074864449952963, 0.005004851175540529, 0.0031311480792137253, 0.7843775557499494], [0.00016878555878863715, 0.08720823059400762, 0.006772703592277911, 0.9058502802549259], [0.0019563525517362593, 0.4280303218523562, 0.5692661331054261, 0.0007471924904813864], [0.01663755006379463, 0.0006078291939134824, 0.0052698073442361245, 0.9774848133980558], [0.9451094303453089, 0.017963328546943803, 3.141354972220821e-08, 0.03692720969419757], [0.6818083410384447, 2.799115368364406e-07, 0.305117987130192, 0.013073391919826382], [5.9351430602524816e-05, 0.9999127552063871, 2.2413095394566866e-05, 5.480267615890806e-06], [0.8379650685879835, 0.005572889473692257, 0.0007867101064763263, 0.15567533183184806], [0.0004900463165884134, 0.0003111346049921201, 7.759976676204894e-06, 0.9991910591017432], [0.10419796489954998, 0.0003137583579581194, 0.00036116015517147573, 0.8951271165873204], [0.8528116224295456, 4.232836740054633e-05, 4.9312470300330476e-08, 0.14714599989058344], [0.09126946342183731, 0.03992961821559545, 0.8686104125671867, 0.0001905057953803069], [0.08608166391739737, 0.8858737108862768, 0.025647919805188865, 0.0023967053911369486], [0.017620971084530444, 0.8435896677570234, 0.0001315880499499599, 0.13865777310849625], [9.797176283277948e-06, 0.0005613020085956691, 0.9961810466782856, 0.003247854136835561], [0.05179167683928502, 0.947384666185404, 5.993448058331232e-06, 0.0008176635272529242], [0.9973507625730297, 0.002563992612846095, 5.634180071236545e-05, 2.8903013411939685e-05], [0.5677542601303416, 1.8231483270468543e-05, 0.016835790511743463, 0.41539171787464435], [0.004996435547167477, 0.4207187999552697, 0.574284652494688, 1.1200287484963724e-07], [0.4202108709168809, 0.0062501820517250565, 0.001034060992573452, 0.5725048860388205], [0.0002794876961397178, 0.7742053905718016, 0.00019182856022440518, 0.22532329317183442], [0.008549916988507617, 0.6989137312220141, 0.024962248178715337, 0.2675741036107631], [5.7550303110136865e-08, 0.007502524023179006, 0.0015984051457811706, 0.9908990132807367], [3.337344918992627e-05, 8.259425405797588e-08, 8.2515444935464e-14, 0.9999665439564734], [0.2659286861770656, 0.7339361685683305, 0.00010611576339356633, 2.9029491210306147e-05], [0.9919205507269939, 0.005443072873419859, 0.00032698561224462963, 0.002309390787341574], [0.005376173985831965, 0.001498609370814337, 0.002367258923103863, 0.9907579577202498], [0.9002986584940575, 6.626166065257703e-07, 0.003641306248046446, 0.0960593726412894], [0.9523514100036667, 0.04322396870582188, 0.004258600533381753, 0.00016602075712970733], [0.0006052821143959096, 0.531149992513053, 0.0002985474739678182, 0.4679461778985833], [0.0008392474401089591, 0.2432943732829001, 0.7538724395766186, 0.0019939397003721528], [0.0014465484872787586, 0.9835945957297458, 0.00022809832641842778, 0.014730757456556982], [0.027345615473099393, 0.011045574796133094, 0.9615822744007622, 2.6535330005385712e-05], [0.01994893828285004, 0.9674576473572479, 2.0626034228431544e-07, 0.012593208099560015], [3.63920643401753e-06, 3.886969340418748e-06, 2.7833856970644733e-07, 0.999992195485656], [0.0030579704500195526, 0.9806666144550419, 0.00016047464198246965, 0.01611494045295615], [7.715672232833287e-08, 0.00015196420494345122, 0.99657652467741, 0.003271433960924179], [0.9994008489724766, 0.0001259446667424633, 2.5798023522313716e-07, 0.00047294838054574005], [0.5778231476755104, 0.01783361359785569, 8.444930669687597e-06, 0.40433479379596426], [0.00042595526201164203, 0.010226921400408664, 0.8515706502388637, 0.13777647309871613], [0.08640817764551308, 0.02573942882873214, 0.000538198210918326, 0.8873141953148366], [0.9979794958162272, 0.0017932260154479957, 0.00013687481688668432, 9.040335143823635e-05], [0.16396360632793996, 0.2746375046052355, 0.0004548051918611568, 0.5609440838749633], [0.011164024072542482, 0.0022332597245660005, 0.00940837688294222, 0.9771943393199494], [0.00010818011729037777, 1.7741358617682986e-05, 0.9998740122094898, 6.63146022067565e-08], [0.0017078479738215633, 0.9965496366703746, 0.0002955378609008242, 0.0014469774949030496], [4.267602234072862e-05, 0.9999541084441347, 2.5675615489636356e-06, 6.479719756924878e-07], [3.2721470774974943e-10, 0.00020261984428412492, 0.08284213872390621, 0.916955241104595], [0.3868835039987922, 0.5890156759863476, 0.02401299499090209, 8.782502395818086e-05], [4.985570899146906e-07, 0.09079218675353783, 0.9084712558922345, 0.0007360587971376986], [0.004249605605241344, 0.9221529269335751, 0.02825434622910663, 0.04534312123207705], [0.061553252541932384, 0.5264816065662569, 0.14360557562197632, 0.2683595652698344], [0.01350488808682585, 0.05309271467120847, 0.04207406700692347, 0.8913283302350421], [0.20153622268953655, 0.04031713095596938, 4.827310197772915e-08, 0.7581465980813922], [0.008822228078545978, 0.002099620534068496, 0.9671748111603871, 0.021903340226998465], [0.27266896305331745, 0.2558804521168949, 0.355921651567988, 0.1155289332617997], [5.239664461539292e-07, 0.005799086869099803, 9.635369613530398e-06, 0.9941907537948405], [0.0031308690620935864, 0.09584757281492358, 9.543096361935321e-07, 0.9010206038133466], [0.9975064036423426, 2.1028492506183884e-06, 2.933077223308129e-07, 0.0024912002006843765], [0.005892562774128828, 0.007727642467280882, 0.0008127834179491192, 0.9855670113406412], [0.0001310874703366064, 0.017730833411930533, 0.003766524938767692, 0.9783715541789653], [0.023797587629397526, 0.1918930108654056, 0.5740066088556953, 0.21030279264950158], [0.9977049122758969, 0.00017397412193428046, 0.002121078052665592, 3.554950312977378e-08], [0.14508334656968738, 0.7891696345219211, 0.02436385529984603, 0.0413831636085454], [0.7430960769406615, 0.25687432630741486, 1.136984612021678e-05, 1.822690580347712e-05], [0.9993022367292818, 6.977567312353807e-05, 1.5948665478544247e-07, 0.0006278281109398156], [7.690465656115898e-07, 0.000647751854675058, 3.490944069810335e-05, 0.9993165696580611], [4.854589842238085e-05, 0.2804474264662265, 0.7175183415848777, 0.0019856860504734496], [0.015380665671087916, 0.3912519413046682, 0.19283420599842055, 0.40053318702582325], [1.0126385167786719e-06, 0.9954625958062568, 0.004181615977882647, 0.00035477557734386265], [2.0259900147825185e-07, 0.018600113537698734, 0.9810326947155154, 0.0003669891477844436], [2.583638832078045e-05, 9.456049765129536e-07, 0.9999637101090973, 9.507897605350733e-06], [0.9895512530663703, 0.001418844565777416, 0.00877086350092187, 0.0002590388669305018], [0.0006164213071981955, 0.10784344219648859, 0.8741359422671465, 0.01740419422916659], [2.5279958433371753e-05, 0.9999169838578436, 6.848116179240367e-06, 5.0888067543790295e-05], [0.017743333037201454, 0.12120198675186855, 0.0006516686510933512, 0.8604030115598367], [0.6192252920853104, 0.26475470872836177, 0.11583772127535542, 0.00018227791097251143], [0.9916887789691045, 0.0007912144408764217, 0.0037059577128074933, 0.003814048877211625], [0.9903329900572969, 0.004195371247030616, 0.003624591846198121, 0.001847046849474311], [0.2474954928640188, 4.891091657290078e-06, 0.7410076030292476, 0.01149201301507613], [6.84795104136551e-05, 0.12700516199103212, 0.1727521889671924, 0.7001741695313618], [0.983091573368961, 3.763037383945097e-05, 7.154185016301394e-07, 0.016870080838697957], [0.06748609370196185, 0.8319489579339501, 0.003856327320391061, 0.09670862104369703], [0.008568737356030658, 6.951300305253056e-05, 0.5903096617909023, 0.4010520878500145], [2.6227770113754554e-05, 0.00015993914745935357, 0.999806534824359, 7.298258067688008e-06], [0.683405517473517, 0.05884464611992901, 0.0034372690785994748, 0.25431256732795454], [0.9615799317272455, 0.038410008491897615, 4.135837630562242e-06, 5.923943226188228e-06], [0.007069559408193881, 0.9889261653732231, 0.004003737218101285, 5.380004818114221e-07], [0.0019708153936469665, 5.121478346884874e-06, 0.9979881296347485, 3.593349325764878e-05], [0.0355410561617574, 0.30453430877854704, 0.6440098109264496, 0.015914824133245995], [0.05352169387182676, 0.0039004166458580535, 0.0026040918194072888, 0.9399737976629078], [0.0010786235196305794, 0.9859789515395427, 0.010697121994287372, 0.002245302946539392], [0.00042939611963727656, 0.9987983218115803, 0.0006564761921278492, 0.00011580587665436327], [6.338194310650884e-06, 1.626407862406734e-05, 9.46054441428005e-05, 0.9998827922829225], [0.41529037009195907, 0.0006024517707809972, 0.04557081843197872, 0.5385363597052812], [0.008319083861767045, 0.7478149100985739, 0.13230089677933973, 0.11156510926031935], [0.0007966561566783624, 0.4508442332678436, 0.5311416344219864, 0.017217476153491715], [0.009613426738279496, 0.007817413025674331, 0.9824696935522638, 9.946668378235074e-05], [0.9995286223650678, 8.3174008945252e-05, 1.3302977765319227e-06, 0.00038687332821018877], [0.969242391553491, 0.002945942644823628, 0.002594096096633656, 0.025217569705051637], [0.018031088204793662, 0.9005738718228644, 0.0813940515228464, 9.884494955325182e-07], [0.011926288987199603, 0.01238225542737579, 0.1103671543685182, 0.8653243012169064], [0.002417088953424153, 0.9828232341213448, 0.014759515269113902, 1.6165611719760588e-07], [4.6710020624050073e-05, 0.0003791094602831815, 0.9994945394835626, 7.964103553013739e-05], [0.01650653665530127, 0.983463315867773, 1.812909072351318e-06, 2.8334567853379875e-05], [0.9428291852797456, 8.289022093718685e-05, 0.05602891650068972, 0.001059007998627511], [0.005402397393844133, 0.9944738441676244, 9.604887664848855e-06, 0.00011415355086657027], [0.002187441893018121, 0.04303846817695054, 0.9544393906597458, 0.00033469927028557717], [0.9791986282550524, 0.020102255680680924, 0.0006987005311088764, 4.1553315786882e-07], [0.9995902135737709, 0.00015308605381626167, 8.553780338116559e-07, 0.0002558449943790186], [0.8559680403699818, 0.0020674757841557716, 0.06627518931739543, 0.075689294528467], [0.010132541381185491, 0.9384731557178788, 1.603234512047642e-05, 0.051378270555815155], [0.21252477865450076, 0.7821400268961443, 5.856732507389624e-06, 0.005329337716847652], [7.414316106417273e-06, 0.13052985136084394, 0.8596609317495351, 0.009801802573514623], [0.8871826425506033, 0.1114130506573182, 3.509046190933252e-05, 0.0013692163301690877], [0.00013861713213257688, 0.06377857221713018, 0.37318810349708, 0.5628947071536572], [1.1430237643530772e-07, 0.011221045215486154, 0.9887683421060814, 1.0498376055953904e-05], [0.010093138600200127, 0.12804477372313167, 0.008434359125417887, 0.8534277285512503], [0.005379292481376926, 0.001332025969806652, 1.5534763293300318e-05, 0.9932731467855231], [0.7673848141341402, 0.0003581288811931197, 0.0047667260402387505, 0.22749033094442794], [1.341655653105382e-05, 4.006375772923112e-07, 0.000280464847207287, 0.9997057179586842], [0.05468587299791817, 0.44670966830706865, 0.001832613333191065, 0.4967718453618222], [0.0020946956144822517, 0.9717420958674143, 0.00606453835339846, 0.020098670164704895], [0.01987755931102509, 0.20566373676777552, 0.02685397538113673, 0.7476047285400627]]}, "rewritten": {"ids": ["97106600", "97110950", "97112290", "97113260", "97116500", "97116790", "97118210", "98107380", "98111620", "98111670", "98120530", "99108330", "99108580", "99109370", "99109740", "99109910", "99111000", "99111340", "99119830", "100108260", "100108580", "100109000", "100109910", "100110260", "100111080", "101108290", "101108621", "101109000", "101113210", "101114990", "102109010", "102112301", "102117351", "103110050", "103110220", "103110760", "103111110", "103111540", "103112641", "103117200", "103118291", "103120531", "104114740", "104119340", "105112130", "105112260", "105113210", "105113440", "105115680", "105116090", "105116441", "105116860", "105117351", "105118230", "105119550", "105119950", "105120280", "105120621", "106111321", "106112770", "106113830", "106114011", "106114321", "106115120", "106117650", "106117790", "106119260", "106121220", "107113130", "107113170", "107114140", "107114280", "107116980", "107117630", "107119130", "107119950", "107120010", "107120130", "107121230", "107121540", "108114200", "108114270", "108115500", "108120280", "108121160", "108121410", "109113281", "109113931", "109115220", "109115380", "109116040", "109116810", "109117110", "109117600", "109117730", "109118820", "109119010", "109119591", "109120621", "110114610", "110114720", "110115140", "110116290", "110117200", "110117500", "110118161", "110118740", "110119891", "110120540", "110121500", "111114121", "111114321", "111116090", "111116100", "111116640", "111116750", "111117571", "111119340", "111120260", "111120540", "112116610", "112116900", "112117790", "112118511", "112118550", "112118581", "112118701", "112118860", "112118890", "112119120", "112119580", "112120290", "112121351", "113117340", "113117401", "113118421", "113118490", "113118511", "113119950", "113120280", "113120591", "113122160"], "labels": [3, 3, 1, 1, 2, 2, 2, 1, 3, 1, 1, 1, 0, 1, 3, 2, 2, 1, 1, 3, 0, 1, 2, 3, 0, 0, 0, 1, 3, 3, 1, 1, 1, 3, 2, 1, 3, 1, 3, 0, 0, 3, 2, 1, 1, 3, 3, 0, 2, 1, 1, 2, 0, 1, 1, 3, 3, 1, 0, 1, 1, 1, 2, 1, 1, 1, 1, 1, 1, 0, 2, 3, 3, 0, 1, 3, 1, 2, 0, 2, 0, 3, 3, 3, 2, 0, 0, 1, 3, 3, 0, 3, 1, 1, 3, 3, 3, 0, 1, 1, 3, 0, 2, 3, 1, 0, 3, 3, 1, 3, 0, 1, 3, 3, 0, 3, 3, 3, 3, 1, 1, 3, 3, 1, 3, 1, 0, 3, 3, 1, 3, 1, 0, 2, 3, 3, 1, 1, 0, 0, 0, 3], "predicted_labels": [0, 0, 3, 3, 0, 1, 2, 3, 2, 3, 3, 2, 2, 3, 2, 2, 2, 2, 1, 3, 1, 2, 2, 0, 2, 3, 1, 2, 2, 1, 1, 0, 3, 3, 3, 1, 1, 2, 2, 3, 1, 0, 0, 0, 0, 0, 3, 2, 1, 0, 1, 1, 3, 1, 3, 2, 2, 0, 0, 2, 0, 1, 2, 1, 2, 2, 0, 0, 2, 0, 1, 1, 0, 2, 3, 3, 2, 1, 0, 0, 0, 0, 1, 3, 0, 1, 3, 0, 2, 2, 3, 0, 3, 3, 0, 3, 2, 0, 3, 2, 2, 2, 2, 0, 1, 0, 0, 3, 2, 1, 1, 1, 0, 3, 2, 3, 0, 0, 0, 1, 2, 3, 0, 1, 0, 2, 3, 0, 3, 0, 2, 1, 0, 1, 2, 3, 1, 3, 3, 0, 0, 2], "confidence_scores": [[0.9027806542543755, 0.0028470149553009765, 0.09431221507617703, 6.011571414640485e-05], [0.999864430552689, 7.322480161919476e-06, 1.2287365632256787e-05, 0.0001159596015167849], [0.34496339693785705, 0.0027045586951214046, 0.172149133721035, 0.48018291064598656], [9.669658152952853e-08, 0.00011533918596541971, 0.05256022347133733, 0.9473243406461157], [0.999993285403536, 5.872242768943125e-07, 5.3082817456151685e-06, 8.190904416830593e-07], [0.013055524599339159, 0.6568726104006204, 0.3257328266476092, 0.004339038352431224], [0.4777361155620347, 0.0024743323099916032, 0.51601800262589, 0.003771549502083735], [0.12697326155234562, 0.022789756376110772, 0.0354539602986395, 0.8147830217729042], [0.4453081173480377, 0.0017293628885890944, 0.5529611446611942, 1.3751021791124497e-06], [9.232705162546169e-05, 1.8872940383436863e-05, 0.02312637980832758, 0.9767624201996636], [0.3518572895245745, 0.0016478762353515483, 6.095833649466485e-09, 0.6464948281442403], [0.37813765949087075, 0.010398375918757653, 0.6114113612433505, 5.260334702120737e-05], [1.4745520143841559e-05, 3.558077847059092e-05, 0.999948531351169, 1.1423502164844638e-06], [5.2300929068091466e-05, 0.001909945496886687, 0.07546025177302224, 0.9225775018010229], [0.00033684618321218156, 0.00012424890119049084, 0.9921014700590561, 0.007437434856541115], [0.0004509616371087752, 5.482642632376609e-07, 0.9995484882997918, 1.798836096905138e-09], [6.556000566101385e-07, 3.696436723965589e-06, 0.9999913031723049, 4.344790914663491e-06], [4.827285511309919e-10, 9.437328570121416e-05, 0.9999055882095005, 3.8022069853173784e-08], [9.169595234431278e-05, 0.6766372247979837, 0.32116722907817374, 0.0021038501714982297], [0.2615959859221109, 9.668524427404673e-06, 2.4999879250369383e-05, 0.7383693456742113], [0.002915045581164029, 0.8478114473671702, 0.1492375884127845, 3.591863888115544e-05], [0.016931926948683722, 0.001482205572490861, 0.9638425156394383, 0.01774335183938725], [0.4247972321391006, 0.0010084383340926222, 0.5736342774065756, 0.0005600521202312751], [0.7467080977620733, 4.037690279937344e-08, 0.008310941979444467, 0.2449809198815797], [0.05827025346397919, 0.04528699429941821, 0.8674622175727902, 0.028980534663812577], [0.0022335095507909053, 0.001210602389231043, 0.004878629853295232, 0.9916772582066827], [0.05164241563469997, 0.7370980300798782, 0.0003511695246125453, 0.21090838476080928], [0.00039747394984746974, 0.009695341499981915, 0.808486871119895, 0.18142031343027562], [0.012693095168419656, 0.00015557795823292089, 0.7951048375308418, 0.19204648934250568], [1.5870102354820006e-07, 0.977492498931221, 0.022454420342642195, 5.2922025113242106e-05], [0.0033213204207880685, 0.7429142864078794, 0.24113478744033257, 0.012629605730999966], [0.9946792220805926, 1.586311388437227e-07, 0.004723004453516009, 0.000597614834752643], [0.05561172041123577, 0.363038278285788, 4.6716357865931855e-07, 0.5813495341393976], [0.06700097236114433, 0.008901374217991967, 0.00042615158115780937, 0.9236715018397059], [0.00017666067877068013, 2.7053159616412683e-06, 2.906204001378558e-05, 0.9997915719652539], [0.15847769759876365, 0.608904026772448, 0.17422470911305427, 0.058393566515734116], [0.0042890094411517175, 0.99557289820001, 1.8569741438360663e-05, 0.00011952261739984159], [0.0008246901504167976, 9.969061327323508e-07, 0.9967254487557057, 0.0024488641877448035], [0.045064620701881795, 0.00021639051293925653, 0.9537739307234535, 0.0009450580617255656], [0.014726208980260318, 5.927810181680576e-06, 2.2381124757763728e-07, 0.9852676393983104], [3.127053043737196e-06, 0.9996204103778605, 0.00026552898972880733, 0.00011093357936691099], [0.46196308512333467, 0.10761689358811076, 0.42645535879890323, 0.0039646624896513705], [0.9771129437153712, 3.4014804264703776e-06, 0.004550242250516736, 0.01833341255368563], [0.9908251309479068, 3.5283948567890444e-07, 2.0544958248996603e-05, 0.009153971254358762], [0.6635991513236069, 0.3208919840405477, 0.015506822938794386, 2.041697051083845e-06], [0.9080845011896694, 2.7687094098770894e-05, 0.00017001826454705933, 0.09171779345168476], [0.10880216324978298, 0.002267912614791334, 9.580258922888921e-05, 0.8888341215461968], [0.004087271556904057, 0.00993640309861573, 0.9662722971535008, 0.019704028190979304], [4.625194693366216e-06, 0.7472299401032914, 0.25238504933694317, 0.0003803853650721195], [0.9925362462308931, 0.006726981718980338, 0.0005255610029429651, 0.00021121104718379557], [0.06576957564043104, 0.9338697622445049, 0.00027880212241885097, 8.18599926452958e-05], [0.02369503176487567, 0.8950692276439013, 9.599082859326067e-06, 0.08122614150836353], [0.030708609009545095, 4.446528170971857e-07, 0.0007848615687023537, 0.9685060847689355], [0.005943015759746779, 0.7636488674877483, 0.03757451731146019, 0.19283359944104494], [0.10122553810602794, 0.18335856922950686, 0.0004617017285068688, 0.7149541909359584], [0.4666942132809908, 0.0008693027080921716, 0.5323849586031919, 5.1525407725020954e-05], [0.00047471721545877483, 2.218645381559556e-06, 0.9991609618953756, 0.00036210224378389563], [0.9441436875989078, 1.1602942155495498e-05, 2.3451512169323187e-11, 0.05584470943548511], [0.8849932303369255, 0.02645603207620466, 0.022385604331462916, 0.06616513325540686], [8.99363920328828e-08, 0.0003157645962802183, 0.9994494956267388, 0.0002346498405889314], [0.9936337930347645, 3.359493591221068e-05, 6.59452990596942e-05, 0.00626666673026375], [0.09689861848806057, 0.9030685768268729, 1.8149593605917024e-05, 1.4655091460670928e-05], [0.3256587636867249, 2.9984274189201105e-05, 0.6734896606223408, 0.0008215914167450844], [0.11741769782380779, 0.882577506846334, 4.792729037230662e-06, 2.6008210890018885e-09], [0.06026972183923071, 0.0011339447870253384, 0.8200590872389529, 0.11853724613479101], [4.4464612574331246e-05, 0.003035753348009496, 0.9969037270842034, 1.6054955212815295e-05], [0.9835159192783186, 0.011247487194183914, 0.0005291696790422174, 0.00470742384845519], [0.9933668515058325, 1.2340920553712836e-07, 0.006632730789334215, 2.942956278932274e-07], [0.00014550019363797668, 6.745024640077232e-05, 0.9997041457663971, 8.290379356409016e-05], [0.43034149662752336, 0.29059148820828257, 0.00021792333835226214, 0.27884909182584183], [0.2824820355308654, 0.7171799601459851, 0.00015634697195480502, 0.00018165735119454873], [0.0072648074654716715, 0.9797841304011812, 0.012439130803757694, 0.0005119313295893937], [0.6513063444925927, 0.3486880386441459, 5.4229950352842095e-06, 1.938682261491886e-07], [0.0003108401369067093, 0.00043718532141004597, 0.6597349503340223, 0.33951702420766094], [0.006560955893020189, 0.08542107507414928, 5.992998476800978e-05, 0.9079580390480624], [2.1551880089717486e-08, 8.752933483948187e-08, 5.173864198588585e-06, 0.9999947170545864], [0.19185841591214509, 1.5975011493774447e-05, 0.8079988935295214, 0.0001267155468397635], [0.0008376975215754742, 0.9470022782133515, 0.0439111955602496, 0.008248828704823514], [0.9692965514991236, 0.03064961156463664, 4.6671757155407905e-05, 7.165179084379352e-06], [0.6867702390684639, 0.12042848118918932, 0.09114067097904587, 0.10166060876330081], [0.9999542289912159, 7.512549499394784e-07, 4.501968280837739e-05, 7.102568802394096e-11], [0.9093344018915744, 0.016462464071573264, 0.001592667091226341, 0.07261046694562577], [0.21229356651847026, 0.7620433252106368, 0.025662171749465657, 9.365214274387402e-07], [0.011389668710712307, 0.0006855488336351563, 0.4369597911431483, 0.5509649913125042], [0.6819278385448451, 0.22920534124019415, 0.006554057854276909, 0.08231276236068388], [0.40406445450174333, 0.595614755587335, 0.00029935656188569213, 2.1433349035917207e-05], [7.929522288827452e-06, 3.897346690290201e-08, 4.475412677992013e-14, 0.9999920315041995], [0.999443818069707, 0.00040698089231295506, 2.608784721175295e-05, 0.00012311319076855443], [0.44748573750874304, 0.018085569971204366, 0.469884060754859, 0.06454463176519351], [0.00020177562665129226, 0.00014140833366624658, 0.9980481624489096, 0.0016086535907729746], [0.29949309322629314, 4.643196396608744e-05, 0.03705616993195086, 0.66340430487779], [0.9994826425809018, 0.00030055678695044735, 0.00021454516145609612, 2.255470691486441e-06], [0.0030782079874892825, 0.37316381375744856, 0.000772992170311484, 0.6229849860847507], [0.3337923209978695, 0.07394711442154, 0.11834790194161268, 0.47391266263897786], [0.9982546525418702, 0.0007316032157626327, 0.00016638291376682536, 0.0008473613286002549], [1.2771759313510135e-06, 1.16273895394752e-05, 2.442845249668447e-05, 0.9999626669820326], [0.06441063419327551, 0.0023542688281047606, 0.9188772272845749, 0.014357869694044921], [0.9942706983199692, 0.0014785970267756484, 2.8940787688508853e-06, 0.004247810574486297], [0.016837493551945193, 4.1140451816938635e-05, 2.4981310700136626e-05, 0.9830963846855377], [8.003419514177932e-05, 0.0017893709538808107, 0.9960549305198688, 0.002075664331108541], [0.1583203885711725, 0.00025621926038767824, 0.8414232554431929, 1.367252469897217e-07], [0.025798776190041898, 0.061449520845548486, 0.5725262833898166, 0.34022541957459296], [0.00021640716616226434, 9.16896610545002e-07, 0.9997806546846207, 2.021252606262381e-06], [0.9987997090185835, 0.0010515497259390226, 0.00014613812664732742, 2.6031288301633404e-06], [0.0019014314309666461, 0.8022074005451668, 0.14776294499931444, 0.0481282230245523], [0.9999988603358857, 2.0014659157555724e-07, 9.016859347679582e-07, 3.783158776189545e-08], [0.9690875429894684, 4.396410935227825e-08, 0.030592677830557594, 0.00031973521586472895], [3.017244985754461e-05, 0.21934918006713985, 0.013012379965114331, 0.7676082675178882], [0.06821986897401511, 5.086330746466888e-05, 0.931721099249605, 8.168468915350089e-06], [0.005927402329367564, 0.9860046508396304, 1.208983634547848e-06, 0.008066737847367507], [0.0003246498509832394, 0.9994599121048566, 0.00017489696684665264, 4.0541077313703234e-05], [0.25767658253814124, 0.3776855715526959, 0.3645725531448407, 6.529276432204551e-05], [0.9999763247592521, 1.6161001760133097e-06, 2.3046518457109158e-08, 2.203609405357255e-05], [0.4770922614729907, 0.022815623590380724, 0.000581503493184941, 0.4995106114434438], [0.0027575524216590223, 0.4075127678160228, 0.589729099834852, 5.799274661254004e-07], [0.08907477510643476, 6.131213998351048e-07, 0.0015499586436399763, 0.9093746531285255], [0.9903493949560094, 1.1983625934555544e-06, 0.00964926278901364, 1.4389238372349805e-07], [0.830131218599138, 0.0009315078977677839, 0.0011324911749555696, 0.1678047823281386], [0.8775675482865046, 0.12232855194847987, 4.214838808446756e-05, 6.175137693124465e-05], [0.044120157753263084, 0.9532835644642376, 0.0012327340151694166, 0.0013635437673298648], [8.049084264630191e-05, 6.362824431379612e-05, 0.9962756371821865, 0.0035802437308535494], [0.0014168308281665555, 0.00014164292193335676, 1.5709360154157947e-06, 0.9984399553138847], [0.5662577602925656, 4.3288283015203866e-05, 0.43173258203160386, 0.0019663693928153037], [0.00215948461276671, 0.9911745330197521, 1.44940733473409e-06, 0.006664532960146347], [0.8827451654654327, 7.211756100032702e-06, 3.1794091895373384e-06, 0.11724444336927765], [2.7376183661186293e-05, 6.240210261828592e-06, 0.9996487864096862, 0.00031759719639071204], [0.00010544065485777133, 0.0002504583680028588, 2.8340738182032752e-05, 0.9996157602389574], [0.49942115954827204, 0.002112746616359978, 0.49696108739845163, 0.0015050064369162848], [0.17105610923098521, 0.020178771419214314, 8.643761209468039e-05, 0.8086786817377057], [0.962427294788164, 0.00032069164010651186, 0.0372463277735612, 5.685798168413544e-06], [0.016423285702121836, 0.0005775553568680328, 0.9829881019886418, 1.1056952368208807e-05], [0.010098946218416269, 0.8568029610727107, 0.13309807933783274, 1.3371040335012481e-08], [0.990913335463561, 1.3042324496423487e-06, 6.239681599315065e-06, 0.00907912062239021], [0.02202392989675979, 0.9669496774548092, 0.0071186993124286195, 0.003907693336002463], [0.0019160904618770213, 5.916031999079663e-07, 0.997828779937199, 0.00025453799772419465], [0.0012848312127122592, 0.00046892689655814764, 6.203400197632479e-11, 0.9982462418286956], [0.03295477299300874, 0.8600518158885164, 0.10698103857571944, 1.2372542755283303e-05], [0.17707308191361554, 0.003388289142139822, 0.0013889052412484715, 0.8181497237029961], [0.02946292085780808, 0.11685602255603102, 1.0906059994457876e-05, 0.8536701505261663], [0.9922024696800852, 0.00018946659824430176, 0.001355730804035163, 0.006252332917635515], [0.5255861304419642, 0.07602623783721851, 7.333228208117127e-10, 0.39838763098749436], [8.922801013005354e-05, 0.002795173908450691, 0.9969648257164558, 0.0001507723649634657]]}}