{"test": {"ids": ["102118380", "99113260", "98107380", "102108621", "106116640", "97107040", "107118820", "103120290", "111116990", "107121640", "113119930", "111120260", "107119390", "112118860", "103113210", "108120700", "110115580", "99109740", "98119591", "112121030", "98109311", "112116640", "113118231", "108114200", "111117571", "108118060", "104114410", "110121450", "108118520", "112117660", "113121980", "99112300", "106116441", "100111620", "105112240", "101109000", "107119950", "106116120", "102110850", "104113210", "103117461", "108116481", "105116501", "110121140", "112118810", "98120010", "100107920", "108118301", "111119150", "109116750", "107114110", "105110091", "101110200", "101112690", "110118161", "100117420", "113122650", "98108520", "102109010", "103111990", "102110750", "101112160", "99112840", "103110760", "108113620", "106116820", "98108580", "110118930", "111120320", "108121410", "112118511", "110119030", "98111670", "100108520", "113122430", "97105760", "100109910", "113120751", "99109840", "107113180", "112120630", "111116090", "109121640", "97112830", "113118870", "102117351", "100113210", "97116790", "109117150", "110118301", "104117630", "112116401", "103109021", "113120070", "110114920", "106113260", "105114220", "107113360", "111121220", "98111620", "98111860", "101111210", "104111830", "100111390", "101110740", "101108121", "112120700", "98116500", "98106111", "100109801", "97107920", "111116170", "107116501", "104114740", "113121410", "98116090", "105113260", "100112060", "107115140", "112120540", "106114150", "103110220", "105113190", "98110810", "103113101", "112119120", "105115680", "98113881", "98109570", "110115710", "102116340", "112118550", "98111231", "113121190", "111115770", "109116441", "99109161", "100120780", "108118630", "105115380", "108115570", "104119290"], "labels": [1, 0, 1, 3, 3, 2, 3, 2, 0, 1, 1, 3, 2, 3, 3, 2, 1, 3, 1, 0, 1, 0, 3, 0, 3, 1, 1, 3, 0, 0, 2, 0, 0, 3, 1, 1, 3, 1, 3, 3, 0, 0, 1, 3, 3, 2, 0, 1, 3, 0, 1, 0, 2, 1, 0, 2, 2, 2, 1, 2, 1, 3, 2, 1, 3, 1, 0, 1, 1, 0, 1, 0, 1, 2, 2, 0, 2, 1, 2, 3, 3, 3, 0, 2, 0, 1, 0, 2, 2, 1, 0, 0, 0, 2, 3, 3, 3, 0, 3, 3, 0, 2, 3, 2, 3, 0, 2, 2, 0, 0, 0, 0, 1, 2, 0, 0, 3, 2, 0, 3, 1, 2, 3, 1, 3, 1, 2, 3, 1, 2, 3, 3, 1, 1, 3, 3, 3, 1, 1, 1, 3, 1], "predicted_labels": [3, 1, 0, 0, 0, 3, 1, 1, 3, 3, 1, 3, 1, 1, 3, 0, 3, 1, 3, 3, 1, 1, 3, 1, 1, 3, 1, 3, 1, 3, 1, 3, 3, 3, 1, 3, 1, 1, 1, 0, 1, 0, 1, 3, 3, 3, 0, 1, 1, 1, 3, 0, 1, 3, 3, 3, 1, 1, 3, 3, 1, 1, 3, 3, 3, 3, 3, 1, 3, 1, 1, 1, 1, 3, 1, 0, 3, 1, 3, 1, 3, 3, 0, 3, 3, 0, 3, 1, 1, 3, 1, 3, 0, 1, 1, 1, 3, 0, 1, 1, 1, 3, 1, 3, 1, 3, 1, 0, 1, 1, 0, 1, 0, 1, 1, 1, 3, 3, 3, 1, 3, 1, 3, 1, 3, 3, 1, 3, 3, 3, 1, 3, 0, 1, 0, 0, 0, 3, 3, 3, 1, 1], "confidence_scores": [[0.23327002997002996, 0.2815122100122101, 0.19283060273060282, 0.2923871572871575], [0.24872810881928523, 0.2817309043897279, 0.21159339549339556, 0.2579475912975913], [0.30859713897213903, 0.21861378898878914, 0.18688673548673562, 0.28590233655233666], [0.3024073704073705, 0.25220460095460107, 0.15983063048063048, 0.2855573981573983], [0.2965660672660674, 0.2390981018981019, 0.18669745254745262, 0.2776383782883783], [0.21988744784627154, 0.26515729825729845, 0.22240228937728945, 0.2925529645191411], [0.23570716505716513, 0.3114072982572984, 0.17396640581640582, 0.27891913086913084], [0.22599588744588753, 0.301999280131633, 0.20454256136020846, 0.267462271062271], [0.2266511266511268, 0.2232465811965814, 0.17371897546897558, 0.37638331668331665], [0.193017476967477, 0.28886505161505166, 0.21748101898101915, 0.3006364524364526], [0.254434915084915, 0.29605359085359084, 0.15794926462426462, 0.29156222943722965], [0.293657264957265, 0.2719104478854478, 0.1386661477411478, 0.2957661394161395], [0.2152905871905873, 0.2963292984792987, 0.19915693750693753, 0.2892231768231769], [0.2277029581529582, 0.30973773448773445, 0.18682399626517276, 0.27573531109413457], [0.25710458985458984, 0.2692159618159619, 0.1828504995004995, 0.2908289488289487], [0.32446815406815405, 0.31773296703296705, 0.15424773004773004, 0.20355114885114894], [0.23897484737484748, 0.2711790542790545, 0.19076999111999118, 0.29907610722610717], [0.22813007352125, 0.2945319902319903, 0.1916753912753915, 0.2856625449713684], [0.2457960927960928, 0.23984923769041425, 0.2248514097014097, 0.28950325981208325], [0.28755872460872467, 0.2289961149961152, 0.14010684870684878, 0.34333831168831175], [0.2721405205905207, 0.2750246198246198, 0.18124770229770237, 0.27158715728715743], [0.2289650432900434, 0.3064020459932226, 0.16398510656010667, 0.3006478041566276], [0.20401330891330904, 0.3002347735597737, 0.1899794178044178, 0.3057724997224998], [0.23612318792318798, 0.3142261016761017, 0.1785660486572252, 0.27108466174348517], [0.2625656010656012, 0.29517155067155065, 0.15306334776334773, 0.28919950049950044], [0.25837008742891104, 0.28670360554478214, 0.1595984071484072, 0.2953278998778999], [0.18365973470973482, 0.29066266707149063, 0.24531159200276856, 0.2803660062160063], [0.23501792096792104, 0.29516688311688316, 0.1725994227994229, 0.2972157731157733], [0.2795559829059831, 0.2961861749361751, 0.16851411921411932, 0.255743722943723], [0.2592569902319903, 0.24895374625374636, 0.17817801006183365, 0.31361125345242996], [0.3029127705627706, 0.31757543567543584, 0.12434552669552675, 0.2551662670662671], [0.24251699134199145, 0.2710014790764791, 0.18706779886779898, 0.2994137307137308], [0.20066329226329238, 0.3167126706626707, 0.14406041736041744, 0.33856361971361976], [0.2590239482739482, 0.26414156758274415, 0.20395924353424358, 0.27287524060906415], [0.22015214785214793, 0.3085222888222888, 0.2047322177822178, 0.26659334554334563], [0.25793805638805656, 0.27421233766233777, 0.16964484404484417, 0.29820476190476203], [0.2930415715003951, 0.30854845513963164, 0.1381510045510047, 0.2602589688089687], [0.2191397102897103, 0.30729387556887583, 0.19351170496170506, 0.2800547091797092], [0.23154036519036533, 0.3134913586413586, 0.1953539904539906, 0.25961428571428563], [0.29409373959373974, 0.25563524253524245, 0.1672225274725276, 0.2830484903984904], [0.28132161172161185, 0.29188679098679104, 0.15124667554667556, 0.27554492174492184], [0.3158130203130203, 0.2329325563325564, 0.1444226662226663, 0.30683175713175725], [0.21665206460206457, 0.30805586080586095, 0.18280348181230532, 0.29248859277976913], [0.2945107781107784, 0.24149087024087043, 0.1474933510933511, 0.3165050005550004], [0.24230016650016653, 0.2834686313686315, 0.1700420412920413, 0.3041891608391609], [0.26279751718869365, 0.2332951326451329, 0.20549535660418022, 0.2984119935619936], [0.3213500610500611, 0.2686023976023976, 0.14740820290820292, 0.26263933843933845], [0.27881479908979895, 0.28071819569319567, 0.16123704073704084, 0.2792299644799646], [0.2783948773448776, 0.3131836413586412, 0.16018655511155527, 0.24823492618492626], [0.26603344270108986, 0.2667916527916528, 0.20757166526284185, 0.2596032392444159], [0.27810638250638237, 0.2505923520923522, 0.17772092352092353, 0.293580341880342], [0.30538861693861713, 0.30340564990564994, 0.13592941502941508, 0.2552763181263181], [0.20513232323232317, 0.3464976301476302, 0.19208541295306014, 0.2562846336669867], [0.21187209457209466, 0.2906102397602399, 0.2053746475746476, 0.29214301809301824], [0.2732212787212787, 0.2595828227328228, 0.16050803640803643, 0.3066878621378621], [0.2602641774891774, 0.26218532023532026, 0.18354858752358766, 0.29400191475191484], [0.25455437895437893, 0.3268153624153624, 0.17339808524808528, 0.24523217338217365], [0.2937536796536796, 0.30258028083028093, 0.18221844821844818, 0.22144759129759128], [0.24096823731823747, 0.259118686868687, 0.2343224886224887, 0.26559058719058726], [0.2802372904872905, 0.25300883005883007, 0.17483742923742937, 0.2919164502164503], [0.22404546009546017, 0.2955135583370877, 0.24325075284192943, 0.23719022872552287], [0.24858424353424355, 0.3283343989343988, 0.15406861471861477, 0.2690127428127427], [0.22201899211899215, 0.26324009879009885, 0.21726795704295707, 0.2974729520479521], [0.26561901986902003, 0.22678868908868913, 0.2218849483849483, 0.28570734265734254], [0.2309639804639805, 0.3168098290598291, 0.13537259048141406, 0.31685359999477647], [0.24773246475746483, 0.2606472222222223, 0.20998121878121895, 0.2816390942390942], [0.2130197968697969, 0.26738547335017937, 0.1935643967143969, 0.32603033306562734], [0.23552439782439796, 0.33018559218559224, 0.18902885447885448, 0.24526115551115568], [0.2441315517815519, 0.2820914307914309, 0.1835565601065601, 0.2902204573204575], [0.25917945387945407, 0.33941812631812635, 0.14537183372183368, 0.25603058608058615], [0.21045051615051633, 0.3041460428460431, 0.18301304806304813, 0.30239039294039305], [0.21870718170718187, 0.3185041070041072, 0.1806689921189922, 0.28211971916971906], [0.24660388222888227, 0.2741229659229661, 0.21212309634809648, 0.26715005550005555], [0.2199724913974915, 0.2325730380730382, 0.24208356724974375, 0.30537090327972694], [0.23154482184482206, 0.33978048063048055, 0.18256190476190487, 0.2461127927627928], [0.2939795537795538, 0.2728449272949274, 0.1577574592074593, 0.27541805971805966], [0.20194085636585643, 0.268888648279825, 0.22242824120324128, 0.3067422541510778], [0.26079295149295156, 0.3323732073482072, 0.13067434869052516, 0.27615949246831606], [0.25713200492318145, 0.25145231239348903, 0.220507475857476, 0.270908206825854], [0.19557975717093368, 0.31651411921411926, 0.1993971750471753, 0.2885089485677722], [0.28145394605394614, 0.23420039405039403, 0.1726424131424132, 0.31170324675324684], [0.2613997280497282, 0.293543018093018, 0.150736515445339, 0.29432073841191486], [0.2911530386280386, 0.27698396880896897, 0.15582351537351535, 0.2760394771894772], [0.1806533078033079, 0.27743898601398603, 0.23849236319236325, 0.30341534299034306], [0.2486559218559218, 0.27629831279831274, 0.16270661560661567, 0.31233914973915], [0.30423182928182924, 0.2867515020926785, 0.1372300838050839, 0.2717865848204085], [0.2160959096459098, 0.28530916305916304, 0.19209056221556228, 0.30650436507936507], [0.23475002220002233, 0.2964613902437433, 0.22427198748963456, 0.24451660006660014], [0.2338808802308805, 0.3511230574980575, 0.18106601454101445, 0.23393004773004789], [0.2520683122433124, 0.2666461316461317, 0.15222596847596848, 0.32905958763458754], [0.23045645628880934, 0.2832855370120075, 0.2397097128361835, 0.24654829386299976], [0.31366222666222654, 0.25370698190698193, 0.11662387612387615, 0.3160069153069153], [0.2818653235653236, 0.2736681873681874, 0.17248727579609935, 0.27197921327038976], [0.2515608502608504, 0.33243577337694996, 0.17652196137196147, 0.23948141499023853], [0.233707536907537, 0.323710434010434, 0.18414120324120334, 0.258440825840826], [0.21542563547563548, 0.31765289710289724, 0.19884869574869585, 0.2680727716727717], [0.2753875513375514, 0.2531442057942057, 0.172968142968143, 0.2985000999001], [0.32845298786181126, 0.27646799866799876, 0.1302619824619825, 0.26481703100820736], [0.26273066378066395, 0.31606668331668347, 0.16650883560883564, 0.25469381729381735], [0.20519178044178055, 0.3091171300921301, 0.22112813297813297, 0.2645629564879566], [0.19614834609834614, 0.2826758547008548, 0.2527448579198579, 0.2684309412809414], [0.26012959817959824, 0.25787957042957055, 0.1837007770007771, 0.29829005439005457], [0.19807458652458668, 0.29818505938505946, 0.21199230214230227, 0.29174805194805203], [0.24133541181041188, 0.26251361416361424, 0.18552155344655352, 0.3106294205794206], [0.23160990675990667, 0.28010841184958835, 0.23622339049839045, 0.25205829089211457], [0.2878204720116486, 0.2363571373071374, 0.15517854922854932, 0.3206438414526651], [0.17555538628038633, 0.3596375568875569, 0.20665202020202017, 0.25815503663003664], [0.30628450993451, 0.22700681818181823, 0.17127124819624823, 0.2954374236874239], [0.2339772227772229, 0.266824200799201, 0.2342602203352203, 0.2649383560883561], [0.2139535131535132, 0.30686793761793746, 0.17318780467898118, 0.30599074454956804], [0.34651547341547334, 0.20985476190476202, 0.1408521645021645, 0.3027776001776003], [0.2814922188922191, 0.3133358530358529, 0.15768878066378075, 0.2474831474081474], [0.29319421297656606, 0.2691155844155846, 0.14846294848941927, 0.2892272541184307], [0.23354851814851837, 0.31463796791443854, 0.19366056721056724, 0.2581529467264763], [0.2624252303252303, 0.30577205572205585, 0.144995004995005, 0.2868077089577091], [0.23065495060495061, 0.2973468975468975, 0.18865676545676555, 0.2833413863913865], [0.26972770203652546, 0.2630260913922681, 0.19221977189477196, 0.2750264346764347], [0.2139183261183263, 0.25900631035631044, 0.19677609253491618, 0.33029927099044754], [0.2428012376512377, 0.24210988455988477, 0.15734291264291284, 0.357745965145965], [0.23575848318348333, 0.34171603951603946, 0.16167723665223677, 0.2608482406482408], [0.246886940836941, 0.24260724275724285, 0.2229537018537018, 0.2875521145521147], [0.2429557692307692, 0.28480897435897423, 0.21736107503607507, 0.25487418137418144], [0.2937358308358307, 0.25274877344877344, 0.14214229104229112, 0.31137310467310486], [0.23340977910977914, 0.281361396936397, 0.2555550505050507, 0.22967377344877352], [0.25939686424686437, 0.28451527916527924, 0.1620150072150073, 0.2940728493728494], [0.2256281515869751, 0.29739246113363776, 0.17737131202131212, 0.2996080752580753], [0.17278496503496507, 0.32978625263625266, 0.23563397158397173, 0.26179481074481087], [0.24553024753024769, 0.2746639638139637, 0.18259481074481085, 0.2972109779109779], [0.26223508713508703, 0.2699278221778223, 0.17456647241647255, 0.29327061827061834], [0.2384674603174604, 0.279111211011211, 0.16745144300144307, 0.3149698856698857], [0.21026498501498514, 0.2880228918140682, 0.22794165638283295, 0.27377046678811384], [0.2556690920190921, 0.2808682761682762, 0.1675333036244802, 0.2959293281881517], [0.3219240037740038, 0.2537129370629373, 0.14690163170163179, 0.2774614274614273], [0.220301270951271, 0.347615592740593, 0.15395229492729492, 0.2781308413808415], [0.30962539682539686, 0.2835965756465757, 0.14996535686535703, 0.25681267066267066], [0.3153948218448218, 0.30242112332112336, 0.10817082166199818, 0.2740132331720568], [0.30138202908202943, 0.28458049173049166, 0.16179549894549916, 0.2522419802419803], [0.24132149794649796, 0.2968845987345988, 0.1579076562326563, 0.30388624708624706], [0.16768947996448003, 0.2903925324675325, 0.21040965978465995, 0.33150832778332784], [0.19962517482517472, 0.275793658302482, 0.23800621959739615, 0.2865749472749475], [0.23259442616207343, 0.2896839493839492, 0.2098824972413208, 0.2678391272126567], [0.2298178044178045, 0.2862133699633699, 0.20224206904206907, 0.28172675657675644]]}, "rewritten": {"ids": ["97105760", "97107040", "97107920", "97112830", "97116790", "98106111", "98107380", "98108520", "98108580", "98109311", "98109570", "98110810", "98111231", "98111620", "98111670", "98111860", "98113881", "98116090", "98116500", "98119591", "98120010", "99109161", "99109740", "99109840", "99112300", "99112840", "99113260", "100107920", "100108520", "100109801", "100109910", "100111390", "100111620", "100112060", "100113210", "100117420", "100120780", "101108121", "101109000", "101110200", "101110740", "101111210", "101112160", "101112690", "102108621", "102109010", "102110750", "102110850", "102116340", "102117351", "102118380", "103109021", "103110220", "103110760", "103111990", "103113101", "103113210", "103117461", "103120290", "104111830", "104113210", "104114410", "104114740", "104117630", "104119290", "105110091", "105112240", "105113190", "105113260", "105114220", "105115380", "105115680", "105116501", "106113260", "106114150", "106116120", "106116441", "106116640", "106116820", "107113180", "107113360", "107114110", "107115140", "107116501", "107118820", "107119390", "107119950", "107121640", "108113620", "108114200", "108115570", "108116481", "108118060", "108118301", "108118520", "108118630", "108120700", "108121410", "109116441", "109116750", "109117150", "109121640", "110114920", "110115580", "110115710", "110118161", "110118301", "110118930", "110119030", "110121140", "110121450", "111115770", "111116090", "111116170", "111116990", "111117571", "111119150", "111120260", "111120320", "111121220", "112116401", "112116640", "112117660", "112118511", "112118550", "112118810", "112118860", "112119120", "112120540", "112120630", "112120700", "112121030", "113118231", "113118870", "113119930", "113120070", "113120751", "113121190", "113121410", "113121980", "113122430", "113122650"], "labels": [0, 2, 0, 2, 2, 0, 1, 2, 0, 1, 1, 1, 1, 3, 1, 0, 3, 0, 2, 1, 2, 3, 3, 2, 0, 2, 0, 0, 2, 0, 2, 2, 3, 2, 0, 2, 1, 0, 1, 2, 3, 2, 3, 1, 3, 1, 1, 3, 3, 1, 1, 0, 2, 1, 2, 3, 3, 0, 2, 3, 3, 1, 2, 0, 1, 0, 1, 3, 3, 3, 1, 2, 1, 3, 1, 1, 0, 3, 1, 3, 0, 1, 0, 1, 3, 2, 3, 1, 3, 0, 3, 0, 1, 1, 0, 1, 2, 0, 3, 0, 2, 0, 3, 1, 2, 0, 1, 1, 0, 3, 3, 3, 3, 0, 0, 3, 3, 3, 1, 3, 0, 0, 0, 1, 3, 3, 3, 1, 3, 3, 2, 0, 3, 0, 1, 2, 1, 1, 0, 2, 2, 2], "predicted_labels": [1, 1, 0, 3, 3, 3, 0, 1, 3, 1, 1, 2, 0, 1, 1, 1, 3, 3, 3, 0, 3, 0, 1, 3, 3, 3, 3, 0, 3, 3, 3, 3, 3, 1, 3, 3, 3, 0, 3, 1, 1, 3, 1, 1, 0, 1, 1, 1, 1, 0, 1, 1, 1, 3, 3, 1, 3, 0, 1, 1, 3, 3, 1, 1, 1, 1, 1, 3, 0, 0, 3, 1, 1, 1, 3, 1, 1, 0, 1, 3, 0, 3, 3, 3, 1, 1, 1, 3, 3, 1, 1, 0, 1, 3, 3, 3, 0, 1, 0, 0, 1, 3, 1, 1, 1, 1, 3, 1, 3, 3, 3, 3, 3, 1, 3, 0, 1, 3, 3, 1, 3, 1, 3, 1, 0, 3, 1, 3, 1, 3, 1, 3, 1, 3, 1, 1, 1, 1, 3, 1, 1, 1], "confidence_scores": [[0.2702761960261961, 0.2759782051282049, 0.19210057720057727, 0.2616450216450217], [0.2544528471528474, 0.2821728382728382, 0.2032484293484294, 0.2601258852258853], [0.33916419691419686, 0.21475793650793654, 0.13615149850149852, 0.3099263680763682], [0.2067045954045955, 0.2797513292263292, 0.21335927960927958, 0.3001847957597959], [0.24097191697191697, 0.25503165168165176, 0.24239232434232433, 0.26160410700410713], [0.243019406410583, 0.24763161005661027, 0.23676401098901106, 0.2725849725437962], [0.3068944499944501, 0.24051624209124228, 0.18939733877233889, 0.26319196914196924], [0.2460588772338773, 0.3102215284715284, 0.22120553335553342, 0.2225140609390609], [0.20674680874680879, 0.26134955926426534, 0.2046519147519149, 0.32725171723701146], [0.2651122266622269, 0.28747269397269387, 0.20019570984570986, 0.24721936951936963], [0.2707461621711623, 0.2855296398046398, 0.18472612110112116, 0.25899807692307697], [0.2250153402153403, 0.27713304473304484, 0.27886496558996565, 0.21898664946164956], [0.33940608835608826, 0.23480667388167398, 0.17511374458874465, 0.2506734931734933], [0.18972670107670123, 0.30848589188589204, 0.23522311414076125, 0.26656429289664596], [0.2380732600732603, 0.28842325452325457, 0.20886144966144982, 0.26464203574203576], [0.21578594738594747, 0.27432440892440896, 0.23574545454545467, 0.27414418914418925], [0.23782048507048514, 0.26108632478632504, 0.22584650904650908, 0.27524668109668127], [0.2266043345543347, 0.2799279526029527, 0.20073741258741268, 0.29273030025530034], [0.27511295926295937, 0.23758353313353311, 0.1830408424908426, 0.3042626651126651], [0.28093736818736814, 0.23587364302364316, 0.2051184482184483, 0.2780705405705406], [0.26710331694449346, 0.23215168720168744, 0.20858942919825282, 0.29215556665556675], [0.29560014430014453, 0.2801564546564546, 0.14952696192696202, 0.27471643911643906], [0.20283041762159423, 0.2876286435786435, 0.227971794871795, 0.2815691439279675], [0.2602518315018315, 0.23387933537051195, 0.22104367299367322, 0.2848251601339838], [0.2644138278388279, 0.2571499056499056, 0.17880950160950174, 0.2996267649017651], [0.25026884781884784, 0.24568903873903877, 0.19879541847041854, 0.30524669497169504], [0.23660025334142976, 0.2773516428016428, 0.18842026307026324, 0.2976278407866645], [0.3996384282384283, 0.28657007992008, 0.11871010101010102, 0.19508139083139084], [0.24656289266289275, 0.22302287157287168, 0.22543039542157192, 0.3049838403426639], [0.28069307359307366, 0.2805184426684428, 0.1433808802308803, 0.29540760350760353], [0.21862692862692867, 0.2714089521589524, 0.2253138084138084, 0.28465031080031095], [0.2848537296037297, 0.20976718281718285, 0.19081203241203257, 0.31456705516705524], [0.2713666793990324, 0.2711114857364858, 0.18388203773350842, 0.2736397971309737], [0.2292531912531914, 0.30119230850848516, 0.20597908839526513, 0.26357541184305905], [0.20092548725784026, 0.2672657953157954, 0.22180471505618574, 0.3100040023701789], [0.23133205960705983, 0.2622252136752137, 0.2005468115218117, 0.3058959151959153], [0.2507025335775336, 0.2774076673326675, 0.17143999333999332, 0.30044980574980584], [0.29303541262658905, 0.2466710456210458, 0.18097213342213353, 0.27932140833023206], [0.25491957486957506, 0.25292729492729493, 0.19294105894105898, 0.2992120712620713], [0.23811016761016773, 0.3426657845422551, 0.1602013855425621, 0.2590226623050153], [0.22819627039627047, 0.2863318772730538, 0.21257045177045183, 0.27290140056022405], [0.2500416952328719, 0.2603386058386058, 0.16551671106671112, 0.3241029878618116], [0.22837827727827734, 0.3290566322566323, 0.16990482850482863, 0.27266026196026194], [0.2318133200133201, 0.30540485658132743, 0.20533663558663556, 0.2574451878187175], [0.305245188145188, 0.2853477910977912, 0.1328444222444223, 0.2765625985125987], [0.2517102009102011, 0.27440550005550013, 0.21147078477078474, 0.2624135142635142], [0.20270942586824953, 0.30588045092162763, 0.2273266511266512, 0.2640834720834722], [0.2516258741258743, 0.2826948107448108, 0.1906587079587081, 0.2750206071706072], [0.21126111111111115, 0.30237966477966494, 0.2103903096903098, 0.2759689144189145], [0.3076608058608057, 0.29957813852813864, 0.12173540348540357, 0.27102565212565255], [0.1915813575313576, 0.2999274114774116, 0.22091414696414693, 0.2875770840270841], [0.27917332275567575, 0.2908663503163502, 0.18196021233668294, 0.24800011459129112], [0.2325299700299701, 0.3226285103785103, 0.18642127872127878, 0.25842024087024096], [0.24297813852813857, 0.2653531246531247, 0.20159139194139197, 0.2900773448773449], [0.2592345487845487, 0.22351712731712742, 0.18638266455766475, 0.3308656593406593], [0.28491360861360865, 0.3005451326451327, 0.16815631590631594, 0.24638494283494292], [0.27099733044733043, 0.25921177156177166, 0.17058098568098568, 0.2992099123099123], [0.3157487734487735, 0.27744419191919206, 0.13474866522366524, 0.27205836940836947], [0.20369652569652577, 0.32259655344655336, 0.2052540903540904, 0.2684528305028306], [0.20852635317898477, 0.3303206235285183, 0.20252383368265725, 0.25862918960983977], [0.27032585192585207, 0.27730945720945716, 0.1577638805638807, 0.29460081030081037], [0.19613779276279286, 0.27244630647130663, 0.224595165945166, 0.30682073482073485], [0.22407694364459083, 0.3078740981240981, 0.20691354005471663, 0.2611354181765948], [0.21537243312243318, 0.31530077145077146, 0.17879847929847942, 0.29052831612831614], [0.25287857142857145, 0.28484949494949496, 0.19181655207537568, 0.27045538154655796], [0.2675079864579865, 0.31426507659007646, 0.16225117382617393, 0.25597576312576314], [0.22965992063492074, 0.293092562992563, 0.21312244144744147, 0.2641250749250752], [0.23809817682317688, 0.2485879600791366, 0.15220738983238985, 0.3611064732652967], [0.3270187895437893, 0.2858598013098015, 0.13387599345099346, 0.2532454156954158], [0.282252009102009, 0.26074498279498265, 0.19674466644466657, 0.2602583416583418], [0.2067498609233903, 0.2726260239760242, 0.23920703463203474, 0.2814170804685512], [0.17043603063603072, 0.3414646187146186, 0.24801655011655027, 0.24008280053280062], [0.24643276723276716, 0.32608166359783985, 0.13755071595071594, 0.2899348532186769], [0.21881694416694436, 0.3247321067821067, 0.17656606171606168, 0.2798848873348874], [0.21056578421578426, 0.2792189865689865, 0.2260346431346432, 0.2841805860805863], [0.25991567321567316, 0.28730355477855485, 0.20137603785103794, 0.25140473415473424], [0.2634961760461762, 0.31049280164280174, 0.13917168942168945, 0.2868393328893331], [0.30721676101676104, 0.25200244755244766, 0.1782566544566545, 0.26252413697413696], [0.26937078477078485, 0.27471910866910876, 0.21387611832611833, 0.24203398823398845], [0.2106181191357663, 0.2915858530358531, 0.18583791012908674, 0.31195811769929427], [0.306000795609619, 0.2710854589854591, 0.13968434898434903, 0.2832293964205729], [0.27144475524475536, 0.2634357559107559, 0.19313603896103906, 0.2719834498834501], [0.27304044648162296, 0.25619300144300156, 0.1420248917748918, 0.32874166030048385], [0.2511069430569431, 0.2691350871350872, 0.1461832722832724, 0.3335746975246975], [0.2217316017316018, 0.30182147852147856, 0.1841158175158176, 0.2923311022311023], [0.20744659229659246, 0.28292071980307276, 0.23975540048187108, 0.269877287418464], [0.273127172827173, 0.31007268009768, 0.13540345765345765, 0.28139668942168944], [0.21038680486180497, 0.2578680791430794, 0.22169134199134194, 0.31005377400377393], [0.2450021795198266, 0.29472234432234434, 0.15331828171828182, 0.3069571944395476], [0.23330936285936296, 0.28340341880341874, 0.2101170773670775, 0.2731701409701409], [0.2593422006098478, 0.3089906038406036, 0.1599141172552938, 0.2717530782942548], [0.3220406815406815, 0.2517433288933289, 0.1534561050061051, 0.27275988455988454], [0.26601751777634136, 0.2973352905264671, 0.16215961260961267, 0.27448757908757904], [0.2752562853812855, 0.2674789238539239, 0.16847288267288274, 0.28879190809190797], [0.2730251581751583, 0.25899615188732833, 0.16948195138195143, 0.29849673855556197], [0.2373443056943059, 0.28139849039849046, 0.17639407814407823, 0.3048631257631258], [0.38259217449217436, 0.2794147130647132, 0.12556028971028976, 0.21243282273282282], [0.2622860805860806, 0.31456918081918084, 0.1898760128760128, 0.23326872571872578], [0.33431156817039154, 0.23229018759018769, 0.12552476412476415, 0.3078734801146567], [0.2853022810522811, 0.2551683982683984, 0.1994518093018093, 0.2600775113775115], [0.23067076812076817, 0.3092771478521477, 0.20479509102009105, 0.25525699300699317], [0.2820728354978354, 0.28427463924963936, 0.14544945609945611, 0.2882030691530693], [0.24921063381063388, 0.3597647019647018, 0.16549638694638702, 0.2255282772782773], [0.23171132756132767, 0.294021608946609, 0.19578460705960718, 0.27848245643245656], [0.2103217615717617, 0.3158080364080364, 0.18514893994894002, 0.28872126207126214], [0.28175392385392395, 0.28477383172383175, 0.1644094516594517, 0.26906279276279293], [0.27681013153513156, 0.26110956543456554, 0.17871471583971582, 0.28336558719058735], [0.21891853701853714, 0.30994763014763027, 0.21253677433677434, 0.25859705849705855], [0.22673566433566436, 0.2956961796373561, 0.18117910422910422, 0.29638905179787534], [0.27389169719169726, 0.2759281940281942, 0.1660904317904318, 0.28408967698967696], [0.23933999888999893, 0.2928370129870131, 0.16721046176046184, 0.3006125263625265], [0.2610028582528582, 0.2716126262626261, 0.1737847430347432, 0.29359977244977253], [0.2709242174492176, 0.24551979686979694, 0.17577104284604297, 0.30778494283494273], [0.2639474025974027, 0.29252376234876243, 0.16968580308580322, 0.2738430319680319], [0.28199354534354537, 0.21672481962481963, 0.15638806748806758, 0.3448935675435675], [0.28577980352980353, 0.27093626373626384, 0.18719427598545257, 0.2560896567484804], [0.2784809801309803, 0.30188860861360856, 0.171652355977356, 0.24797805527805517], [0.25740607448107455, 0.2775962148962148, 0.17610415058797416, 0.28889356003473665], [0.23194282743400393, 0.25924998334998345, 0.21471183538683555, 0.2940953538291775], [0.2658296608620139, 0.3041363414363415, 0.17235589639119062, 0.2576781013104542], [0.2734817904317906, 0.27456240981240987, 0.17178751248751256, 0.2801682872682874], [0.233628690753691, 0.29007424242424257, 0.21648567821067832, 0.2598113886113887], [0.24848745421245422, 0.2434728882228885, 0.19144869493251845, 0.31659096263213904], [0.2569950105450107, 0.2849884976134979, 0.20427721167721177, 0.25373928016428027], [0.3035412254412254, 0.25797346542346555, 0.16684829059829073, 0.27163701853701855], [0.27086653346653355, 0.26761927876045527, 0.16828891663891682, 0.29322527113409474], [0.1837295593295594, 0.31318607503607515, 0.20119149184149185, 0.30189287379287366], [0.21987856228738598, 0.27126120350238003, 0.20112413697413709, 0.3077360972360973], [0.2609488677988679, 0.32611003441003433, 0.16021608946608956, 0.2527250083250084], [0.296985236985237, 0.22924425574425597, 0.16440202297702308, 0.3093684842934843], [0.18723362111744477, 0.32811057635175284, 0.20181144411144405, 0.2828443584193587], [0.2669846264846266, 0.24510140970140987, 0.15240783105783107, 0.33550613275613267], [0.25165844874080173, 0.2970302863802862, 0.19575114917761993, 0.2555601157012923], [0.24422753080253093, 0.28451313131313144, 0.18002284937284935, 0.2912364885114885], [0.27528380508380507, 0.3013632367632367, 0.17033615828615836, 0.2530167998667998], [0.20425872379254742, 0.3526001082251084, 0.20213896103896115, 0.2410022069433835], [0.26531207126207135, 0.3223325896325897, 0.12152930402930408, 0.2908260350760352], [0.24465012177365117, 0.30380455757692604, 0.1952815656565657, 0.2562637549928573], [0.24773463203463214, 0.2756289821289822, 0.16058153872271527, 0.31605484711367055], [0.3092621212121214, 0.3214751581751582, 0.11869632034632042, 0.2505664002664003], [0.2536237262737263, 0.3227810189810187, 0.17798122988123, 0.24561402486402498], [0.19380644910644926, 0.34215981240981247, 0.19670276390276403, 0.26733097458097466]]}}