{"test": {"ids": ["104111880", "103113640", "112116501", "106121220", "101108621", "113118111", "105113260", "104117630", "104118340", "113118810", "108121190", "113118820", "107116300", "101108080", "106116441", "105112240", "107112840", "104116441", "111119580", "111119150", "108116070", "111116750", "113120591", "103111990", "102110240", "108120700", "108118291", "107115250", "99111440", "101112160", "106119260", "98109311", "108115970", "113121680", "101110740", "103117461", "110117080", "98112580", "112117210", "109116170", "100111380", "97114170", "111115780", "109119460", "99112531", "103111540", "102113981", "113118511", "103113260", "98106560", "101119030", "112119580", "105115680", "106114880", "112117030", "109114030", "111119250", "111115620", "102113210", "112119320", "100109910", "105118171", "105120621", "109120540", "107116980", "102107961", "113120070", "112118550", "104111380", "111116040", "112120540", "104111711", "113119120", "108113620", "111118301", "101110200", "98109570", "100108490", "98110710", "98120530", "113119320", "105110251", "101111990", "107113170", "106118820", "108113700", "107118520", "102121700", "109117110", "112119980", "109114220", "111121410", "110121140", "107118490", "112118161", "106111321", "111121351", "107120260", "113117401", "109114651", "113120830", "112117580", "106116370", "102110850", "112119450", "108118520", "111116990", "104114230", "99111930", "108115250", "99117740", "97107821", "104110960", "98108150", "102110890", "109119591", "111116100", "109115211", "105118740", "109115070", "103112470", "99109311", "105117351", "113120780", "109121640", "99109161", "106115120", "111117480", "110117870", "109114270", "105121370", "109118161", "104114240", "109116930", "110119030", "107113200", "102114270", "112121410", "111120540", "99108080", "104111620", "98106680"], "labels": [3, 1, 3, 1, 0, 1, 3, 0, 2, 3, 1, 0, 0, 0, 0, 1, 1, 1, 3, 3, 1, 3, 0, 2, 3, 2, 3, 2, 3, 3, 1, 1, 2, 1, 3, 0, 1, 2, 1, 0, 3, 2, 1, 1, 3, 1, 1, 1, 3, 1, 3, 3, 2, 0, 2, 1, 1, 1, 3, 1, 2, 3, 1, 1, 3, 3, 2, 3, 3, 0, 3, 1, 3, 3, 3, 2, 1, 2, 2, 1, 1, 0, 2, 0, 3, 0, 2, 1, 1, 0, 3, 0, 3, 2, 0, 0, 0, 1, 3, 3, 3, 0, 2, 3, 3, 0, 0, 2, 1, 1, 2, 2, 2, 0, 0, 0, 3, 0, 1, 0, 1, 1, 0, 0, 0, 3, 1, 1, 3, 3, 2, 0, 0, 0, 0, 0, 3, 0, 1, 3, 0, 1], "predicted_labels": [1, 0, 3, 3, 0, 3, 3, 1, 3, 1, 3, 1, 1, 0, 3, 3, 1, 1, 3, 0, 3, 0, 0, 1, 0, 0, 0, 3, 3, 1, 2, 0, 1, 2, 1, 3, 3, 3, 2, 1, 0, 3, 1, 3, 3, 0, 3, 1, 3, 2, 3, 0, 1, 2, 1, 0, 3, 0, 1, 1, 2, 1, 3, 1, 0, 3, 1, 0, 3, 3, 1, 1, 3, 1, 3, 1, 0, 2, 2, 3, 0, 0, 3, 3, 1, 3, 0, 2, 1, 1, 3, 1, 0, 2, 0, 3, 0, 1, 3, 1, 0, 3, 0, 1, 0, 0, 0, 3, 1, 3, 0, 0, 1, 2, 0, 1, 1, 3, 2, 1, 0, 1, 3, 1, 0, 0, 0, 0, 3, 3, 1, 1, 0, 0, 3, 3, 1, 0, 0, 0, 0, 1], "confidence_scores": [[0.008140288080196317, 0.4036591563003725, 0.23855790930343443, 0.3496426463159967], [0.9363133884423136, 0.012107612153181575, 0.0037019142841970116, 0.04787708512030777], [0.16214885059125794, 0.07836903553606055, 0.043764119831572, 0.7157179940411096], [0.012561099551500159, 0.1467341135355484, 0.016646905962233845, 0.8240578809507175], [0.657997321633374, 0.2737827234283271, 0.03029163642712602, 0.03792831851117293], [0.2933740990797834, 0.12647847403969345, 0.06540378171692675, 0.5147436451635964], [0.16790520120306782, 0.24535469323363265, 0.18493086078204066, 0.4018092447812588], [0.023416457991736115, 0.7394888683807457, 0.12709659295738926, 0.10999808067012895], [0.0982401847995017, 0.08318520478250038, 0.3316072141606255, 0.48696739625737234], [0.10079432242888559, 0.5055037334824528, 0.3133943002357339, 0.08030764385292778], [0.024873745846231383, 0.2332321231430797, 0.250505568881176, 0.49138856212951293], [0.43205815473446535, 0.5122490906778285, 0.005638322886506554, 0.050054431701199525], [0.04516295158672678, 0.6867272912184957, 0.014293340209986223, 0.25381641698479135], [0.39845496209106296, 0.29037290861240916, 0.02519596432620669, 0.2859761649703212], [0.008217468246825019, 0.4664700698127196, 0.0073747969383203315, 0.5179376650021351], [0.03461062961235207, 0.33296562338179986, 0.2526876634762671, 0.379736083529581], [0.004647512282341068, 0.9253686458839426, 0.046369575787139815, 0.023614266046576366], [0.0187130077072434, 0.4862058283042324, 0.06793311961918982, 0.42714804436933435], [0.4025153770562461, 0.1094079972100453, 0.05585800239255856, 0.43221862334114997], [0.3322219807684517, 0.24408051343357484, 0.14221814338898983, 0.28147936240898375], [0.1021289487295379, 0.19678878065482236, 0.17301792568617666, 0.5280643449294632], [0.8895950833092949, 0.022915212367046703, 0.044281724169609564, 0.043207980154048774], [0.3105280788123658, 0.11699400017749614, 0.2628090333982874, 0.3096688876118507], [0.1714655758198012, 0.30371415608355684, 0.22164872111116884, 0.3031715469854731], [0.7305569323040053, 0.21448794625143705, 0.029877187897132364, 0.025077933547425314], [0.5617400894908728, 0.30580715352140464, 0.05619125356599482, 0.07626150342172766], [0.6460563508114632, 0.14927629412039223, 0.020942290707832704, 0.1837250643603119], [0.07460198287241246, 0.3540470608886114, 0.09199589295509347, 0.4793550632838827], [0.19811877771747105, 0.13156356779287023, 0.012816408740803706, 0.6575012457488548], [0.026686738610200465, 0.6100984512385654, 0.07716005353341324, 0.28605475661782087], [0.02640720594419616, 0.017325728040357837, 0.5331782135641346, 0.42308885245131134], [0.4171141963412735, 0.33531371375743235, 0.13173263469643715, 0.11583945520485703], [0.04735298206562098, 0.7775795296336798, 0.08606142605757117, 0.08900606224312808], [0.17516795614242975, 0.34821010066422614, 0.3814465177687546, 0.09517542542458939], [0.11884003023854457, 0.38613558685167537, 0.15370768618347552, 0.34131669672630444], [0.1187553847829501, 0.278527650005934, 0.05346155451180317, 0.5492554106993127], [0.014109730533036968, 0.13200799515828682, 0.09178942957892648, 0.7620928447297497], [0.21673156133146168, 0.24343666017037613, 0.12988383564299866, 0.40994794285516345], [0.008225385618838451, 0.24479870283693983, 0.5968121249791979, 0.1501637865650238], [0.2977442813534759, 0.3897096143395257, 0.017892490987398143, 0.2946536133196003], [0.38710919850252246, 0.06737219779361463, 0.24840689259764973, 0.29711171110621315], [0.04090573130749592, 0.18110871757092098, 0.1127445270654492, 0.665241024056134], [0.07269767418887986, 0.512219653376617, 0.14261393821793533, 0.27246873421656786], [0.1838874592804739, 0.08046578146250592, 0.03714281602414812, 0.698503943232872], [0.25499462852460275, 0.05257726342005085, 0.2202318895670572, 0.4721962184882893], [0.5471039620903976, 0.11531149651036365, 0.0665491129910788, 0.2710354284081601], [0.34768781485035555, 0.072496603000492, 0.014824910208457463, 0.5649906719406951], [0.10288607489884401, 0.8751481279336535, 0.01262538650342388, 0.009340410664078777], [0.05290955132392044, 0.44711566842017403, 0.016447700094712157, 0.4835270801611932], [0.009875121269699737, 0.06554303717180598, 0.7748106020171892, 0.14977123954130506], [0.10780963403740708, 0.37560602039794944, 0.12588213589833358, 0.39070220966630986], [0.957076222682297, 0.0012681472824682522, 0.01654185371295472, 0.025113776322280214], [0.02753304502027822, 0.48751600831412467, 0.12153163615192793, 0.36341931051366905], [0.01247026512337179, 0.4556383564634844, 0.4660252572683047, 0.06586612114483911], [0.14586695102308947, 0.46654205920343256, 0.21845989187136336, 0.16913109790211467], [0.702622873962795, 0.19840580769088711, 0.0239456554936234, 0.07502566285269466], [0.39160922528063397, 0.09332887641218708, 0.03763035766370137, 0.4774315406434777], [0.32689829771465256, 0.09505052963939896, 0.25825516372088014, 0.3197960089250683], [0.09814571788365693, 0.5932949989117938, 0.20968149180978152, 0.09887779139476766], [0.038711046765460534, 0.4301841068512583, 0.10507664856493233, 0.4260281978183489], [0.09603013694160072, 0.057039155766863255, 0.6035708348723041, 0.2433598724192318], [0.19615895931812444, 0.45649412296631947, 0.010479381181021838, 0.3368675365345342], [0.3363702916799063, 0.04251939067293514, 0.0023457115420116416, 0.6187646061051469], [0.019403246707592036, 0.9022131032639974, 0.020180673579237814, 0.058202976449172786], [0.749046389768105, 0.1552150374192538, 0.004998590888147626, 0.09073998192449352], [0.17626188904879092, 0.007410182206712787, 0.012406291697544475, 0.8039216370469519], [0.06347187819582656, 0.727661207834324, 0.11955456994112368, 0.08931234402872579], [0.5237835064163507, 0.049866466598210445, 0.048940937494729005, 0.3774090894907099], [0.341193849411084, 0.07512610012087263, 0.14849117466485653, 0.435188875803187], [0.2730371651054522, 0.037460589315050974, 0.026430100441547522, 0.6630721451379493], [0.026669107116662365, 0.9461957325970597, 0.022640163670325494, 0.004494996615952299], [0.2087122712934723, 0.5113610785948216, 0.06847977446534884, 0.21144687564635728], [0.13861842208098538, 0.3300047998272003, 0.09694220398486733, 0.4344345741069469], [0.2185833356210294, 0.6257799624174227, 0.024358773048280352, 0.13127792891326756], [0.19739465338221376, 0.2963613870880849, 0.1807730075839488, 0.3254709519457526], [0.08004977690708387, 0.6217787100223288, 0.04018475694766556, 0.2579867561229218], [0.7328479196087213, 0.05717534723719092, 0.09855997488189469, 0.11141675827219302], [0.17048819069887222, 0.11186281396595217, 0.6498640523076523, 0.06778494302752318], [0.004779324437364133, 0.07293581512001375, 0.7632762366764256, 0.15900862376619632], [0.11093974884529448, 0.050290998489528504, 0.05380536873955651, 0.7849638839256206], [0.3797155778131442, 0.36335457718669695, 0.059780231893257776, 0.19714961310690107], [0.7843351267224851, 0.14977763851871012, 0.03598432081871705, 0.02990291394008792], [0.1265080128924901, 0.028714825896561748, 0.13465169687490272, 0.7101254643360454], [0.22425488215204403, 0.12127997446936166, 0.06996358498999591, 0.5845015583885984], [0.015398650650342623, 0.6713087466689135, 0.053801580366077274, 0.2594910223146666], [0.015062971571457957, 0.3977040532090953, 0.03380915901516836, 0.5534238162042784], [0.48595508633074247, 0.3519981781720847, 0.03904552835808125, 0.1230012071390916], [0.27088079917046604, 0.24135280218461513, 0.30609675187869, 0.18166964676622885], [0.0583643331468016, 0.6404065525487629, 0.029268515787716318, 0.27196059851671917], [0.36391184085978723, 0.4991605809242432, 0.0570056614651348, 0.07992191675083463], [0.3422956358958651, 0.09863883179485944, 0.011906630425297899, 0.5471589018839776], [0.34020763884398497, 0.5024216533857779, 0.013773892548850097, 0.14359681522138695], [0.8292469653960427, 0.040170852842022965, 0.02015921248570966, 0.11042296927622468], [0.025048753340480366, 0.25043818500522663, 0.7064554831915676, 0.01805757846272554], [0.7551978112447059, 0.16633927999962592, 0.020633849518794274, 0.05782905923687397], [0.14062908911903022, 0.11757069674297939, 0.024141618110546794, 0.7176585960274435], [0.8956873232976569, 0.03326031069966806, 0.007824025385470102, 0.06322834061720498], [0.2137582012129613, 0.40455645351363684, 0.06581932878485111, 0.3158660164885508], [0.29370184323564397, 0.31030236943643374, 0.01826910254922825, 0.3777266847786941], [0.19732409577935772, 0.40503469329697045, 0.026386283797878884, 0.37125492712579294], [0.4607326027140581, 0.04987188245241083, 0.3562537922387997, 0.1331417225947312], [0.3261514850733504, 0.2724987768399743, 0.01994463875874594, 0.38140509932792943], [0.7121034461629139, 0.03839833824684069, 0.09490111394654045, 0.1545971016437051], [0.013963031793327769, 0.7025730696967392, 0.043894007378425276, 0.2395698911315077], [0.7709862872623392, 0.17191260862701466, 0.004689380923961329, 0.05241172318668473], [0.5480843664064758, 0.3062513680558224, 0.0429037899922734, 0.10276047554542835], [0.7940711608011343, 0.07617708150298735, 0.034425596285117564, 0.09532616141076077], [0.2636831840656963, 0.0927281672647174, 0.30051817477707604, 0.3430704738925104], [0.2951343573605188, 0.4624264118146297, 0.18984547271501281, 0.05259375810983864], [0.1623732733862808, 0.05069413626630157, 0.07737114107330292, 0.7095614492741148], [0.7542146880285774, 0.10189091608385849, 0.07823378806512005, 0.06566060782244405], [0.37399529014866906, 0.16074106892962237, 0.1005186705495217, 0.36474497037218684], [0.03997751665313753, 0.4230788610438196, 0.1271914527413534, 0.40975216956168947], [0.20086586770345732, 0.09710982210719303, 0.5675750889399285, 0.13444922124942116], [0.8927911460588717, 0.009996177627764826, 0.005746176215328047, 0.09146650009803538], [0.16000600623998334, 0.5241079377737698, 0.2158640410240486, 0.10002201496219816], [0.2778816975893879, 0.4737956785296848, 0.039068363831900946, 0.20925426004902636], [0.0538813059177502, 0.04780851771918122, 0.032754390550046926, 0.8655557858130216], [0.04791106134093139, 0.24193313298528848, 0.45711658707881353, 0.25303921859496653], [0.22267681524052677, 0.7082246273293639, 0.020521924779955212, 0.04857663265015413], [0.5979782942539325, 0.10398305384999257, 0.10742530340422668, 0.1906133484918484], [0.0947382573278892, 0.8309629316476891, 0.02064907541321501, 0.053649735611206714], [0.090270767198357, 0.245297896797764, 0.04877954437404928, 0.6156517916298296], [0.19930626749155944, 0.6649477998782249, 0.055721109572430795, 0.08002482305778488], [0.5721689391817772, 0.11726476109472368, 0.04804738597736199, 0.2625189137461371], [0.534812337351478, 0.17795835102633872, 0.1942769484947425, 0.09295236312744083], [0.4098719606173967, 0.33500510320330884, 0.020183706514622795, 0.2349392296646715], [0.5101107010606004, 0.30341516544316804, 0.08693636049353666, 0.09953777300269481], [0.17918408584528955, 0.05612387972277251, 0.055294411809190314, 0.7093976226227476], [0.07703864703982106, 0.03508782812529904, 0.0005845306812823914, 0.8872889941535974], [0.008547847432687118, 0.890326149596653, 0.028328318437941424, 0.07279768453271857], [0.008938057031508106, 0.9331914602303912, 0.006483407014087859, 0.0513870757240126], [0.7790150824492829, 0.027572843490081267, 0.1383809979163536, 0.05503107614428232], [0.5436985031811903, 0.2794265410485254, 0.009089944870577798, 0.16778501089970665], [0.03786602377989493, 0.4509721749303025, 0.009919752263408218, 0.5012420490263942], [0.11234746388423837, 0.14186723455006375, 0.00806188364997513, 0.7377234179157228], [0.017850594742018236, 0.4032715899739969, 0.2119085606369231, 0.3669692546470618], [0.3793277783561402, 0.25347453050143465, 0.1821879357197131, 0.185009755422712], [0.7195285012196292, 0.2229664870586442, 0.04858588328412305, 0.008919128437603533], [0.7281823674300018, 0.17141112549376586, 0.010327592430200793, 0.09007891464603165], [0.6489776660635076, 0.25269194846623, 0.04261317025253265, 0.05571721521772981], [0.11201623951292392, 0.6047485537963896, 0.25667863208377484, 0.02655657460691165]]}, "rewritten": {"ids": ["97107821", "97114170", "98106560", "98106680", "98108150", "98109311", "98109570", "98110710", "98112580", "98120530", "99108080", "99109161", "99109311", "99111440", "99111930", "99112531", "99117740", "100108490", "100109910", "100111380", "101108080", "101108621", "101110200", "101110740", "101111990", "101112160", "101119030", "102107961", "102110240", "102110850", "102110890", "102113210", "102113981", "102114270", "102121700", "103111540", "103111990", "103112470", "103113260", "103113640", "103117461", "104110960", "104111380", "104111620", "104111711", "104111880", "104114230", "104114240", "104116441", "104117630", "104118340", "105110251", "105112240", "105113260", "105115680", "105117351", "105118171", "105118740", "105120621", "105121370", "106111321", "106114880", "106115120", "106116370", "106116441", "106118820", "106119260", "106121220", "107112840", "107113170", "107113200", "107115250", "107116300", "107116980", "107118490", "107118520", "107120260", "108113620", "108113700", "108115250", "108115970", "108116070", "108118291", "108118520", "108120700", "108121190", "109114030", "109114220", "109114270", "109114651", "109115070", "109115211", "109116170", "109116930", "109117110", "109118161", "109119460", "109119591", "109120540", "109121640", "110117080", "110117870", "110119030", "110121140", "111115620", "111115780", "111116040", "111116100", "111116750", "111116990", "111117480", "111118301", "111119150", "111119250", "111119580", "111120540", "111121351", "111121410", "112116501", "112117030", "112117210", "112117580", "112118161", "112118550", "112119320", "112119450", "112119580", "112119980", "112120540", "112121410", "113117401", "113118111", "113118511", "113118810", "113118820", "113119120", "113119320", "113120070", "113120591", "113120780", "113120830", "113121680"], "labels": [2, 2, 1, 1, 0, 1, 1, 2, 2, 1, 3, 3, 1, 3, 1, 3, 2, 2, 2, 3, 0, 0, 2, 3, 2, 3, 3, 3, 3, 3, 0, 3, 1, 3, 1, 1, 2, 1, 3, 1, 0, 2, 3, 0, 1, 3, 2, 0, 1, 0, 2, 0, 1, 3, 2, 0, 3, 1, 1, 2, 0, 0, 1, 2, 0, 3, 1, 1, 1, 0, 0, 2, 0, 3, 2, 2, 1, 3, 0, 1, 2, 1, 3, 0, 2, 1, 1, 3, 3, 3, 0, 0, 0, 0, 1, 0, 1, 0, 1, 0, 1, 3, 0, 3, 1, 1, 0, 3, 3, 0, 1, 3, 3, 1, 3, 1, 0, 0, 3, 2, 1, 0, 0, 3, 1, 3, 3, 0, 3, 0, 3, 1, 1, 3, 0, 3, 1, 2, 0, 0, 3, 1], "predicted_labels": [0, 1, 0, 2, 2, 0, 0, 2, 0, 0, 0, 0, 0, 0, 0, 0, 0, 0, 0, 0, 1, 0, 0, 0, 0, 0, 0, 0, 0, 2, 0, 0, 0, 2, 0, 0, 0, 0, 1, 0, 0, 2, 0, 3, 0, 0, 1, 0, 0, 0, 2, 0, 3, 0, 0, 0, 0, 0, 0, 1, 0, 2, 0, 0, 0, 2, 0, 3, 1, 0, 0, 2, 0, 0, 2, 0, 0, 1, 1, 0, 0, 1, 0, 1, 1, 0, 0, 0, 0, 0, 1, 0, 1, 0, 0, 0, 0, 0, 0, 0, 0, 0, 0, 0, 2, 1, 0, 0, 0, 0, 0, 0, 0, 0, 0, 0, 0, 0, 0, 0, 0, 0, 0, 0, 0, 0, 0, 1, 0, 0, 0, 0, 0, 1, 0, 0, 0, 3, 0, 2, 2, 0], "confidence_scores": [[0.4520609422770758, 0.268173742847117, 0.10762438273577439, 0.17214093214003287], [0.29340406084168846, 0.48658718467529766, 0.18157774550858732, 0.03843100897442649], [0.627471103434176, 0.059458694884970686, 0.18397785438752112, 0.12909234729333216], [0.08354812883201351, 0.14513763223853446, 0.725611821321804, 0.04570241760764798], [0.2796856203530925, 0.03842714357109804, 0.588604925535654, 0.09328231054015533], [0.6951711993906374, 0.21147601388249718, 0.02626286781788059, 0.0670899189089849], [0.7339582563318237, 0.06518214039916038, 0.01674519051327276, 0.18411441275574317], [0.022205505771883346, 0.08680417747528225, 0.8643143397323692, 0.02667597702046531], [0.40961226735190487, 0.07503336298664898, 0.22742888868646624, 0.2879254809749799], [0.74557604328347, 0.02901989046793148, 0.1033992788317427, 0.1220047874168556], [0.9800770116249914, 0.0074719962929699875, 0.0065497867936430195, 0.005901205288395657], [0.8267686074626819, 0.09609728959021538, 0.04093389439623765, 0.036200208550864935], [0.6441193901159659, 0.07086575555680506, 0.03072016371254774, 0.25429469061468135], [0.9185707494942836, 0.06196163275877536, 0.018490184209779978, 0.0009774335371610639], [0.44953901763297405, 0.3388274204548992, 0.1866405835625088, 0.024992978349618018], [0.7388656054850122, 0.046986877725665406, 0.01644755965400778, 0.19769995713531438], [0.5087266070116567, 0.19974736066999058, 0.2379356270797679, 0.05359040523858489], [0.591431777911211, 0.09075161918713208, 0.3039122881913792, 0.01390431471027776], [0.5825959626659561, 0.036299408318511944, 0.35887701996773474, 0.022227609047797067], [0.5739930410761929, 0.030351111596650042, 0.1875878373269502, 0.20806801000020683], [0.2670938302354096, 0.5571764739084112, 0.028948601764224157, 0.14678109409195503], [0.9369368736938701, 0.05911643384073328, 0.001331360100952593, 0.0026153323644438316], [0.6389038127803226, 0.09956726012328244, 0.21240325837620463, 0.04912566872019018], [0.7485538625019533, 0.12177003298816583, 0.0854811177527512, 0.04419498675712957], [0.7503108065739255, 0.08953359532194137, 0.15519654911282454, 0.00495904899130878], [0.439744740898315, 0.23885126258752484, 0.054462463878696896, 0.2669415326354632], [0.6530403794493782, 0.2639717785400596, 0.036221271864400544, 0.04676657014616154], [0.7139145786140962, 0.030134083215345664, 0.2246224796011423, 0.03132885856941585], [0.9759182015492841, 0.01879531047251888, 0.004611660406126854, 0.0006748275720700657], [0.2754025989454061, 0.22022619156139686, 0.28775787424293636, 0.21661333525026064], [0.6902680919911436, 0.09542131277065045, 0.13648571834678994, 0.07782487689141618], [0.7076997552255723, 0.06088130226440782, 0.1967631089466528, 0.0346558335633672], [0.8499222477379689, 0.08232492040840564, 0.04420156394658191, 0.023551267907043785], [0.35843976550596585, 0.07390420375506604, 0.5001007860808857, 0.06755524465808237], [0.8649090297572244, 0.06156760924489103, 0.05002912912485883, 0.02349423187302581], [0.5885376115588187, 0.020409907107341193, 0.3228004181511697, 0.06825206318267031], [0.5472743873434737, 0.015304123531205712, 0.07986579900181866, 0.3575556901235019], [0.8798695867750345, 0.045649415679241266, 0.049588334110334434, 0.024892663435389945], [0.11737229136522968, 0.8309225103391912, 0.030007229567346628, 0.021697968728232722], [0.9670483489293845, 0.012444886418337209, 0.01225041827368212, 0.008256346378596213], [0.8566707353998941, 0.09524559669121682, 0.03843342250608868, 0.009650245402800453], [0.06590870122453682, 0.23825314266649972, 0.6866308641725879, 0.009207291936375638], [0.38823303272541737, 0.07732467008880674, 0.3852928401167649, 0.14914945706901098], [0.28149151754357926, 0.008983445129492605, 0.006614956750333227, 0.702910080576595], [0.8834823792330235, 0.019877832840693478, 0.045871643534224994, 0.050768144392057984], [0.5104937727140931, 0.3336999020623281, 0.10968584666444833, 0.04612047855913053], [0.12567602349004342, 0.502152418429804, 0.30167670285261006, 0.07049485522754252], [0.771819271762889, 0.09847493975393315, 0.08647435180173607, 0.04323143668144168], [0.49276364595103833, 0.15046805514841288, 0.33585336287757334, 0.02091493602297528], [0.44625853126355514, 0.31714372139997804, 0.2104367043891603, 0.026161042947306597], [0.04269655387312414, 0.13854884354504368, 0.6475961739928996, 0.17115842858893257], [0.9701649391890488, 0.012447840595647823, 0.01475109541864605, 0.002636124796657316], [0.37187833245510554, 0.07070657926815972, 0.09523430723974867, 0.462180781036986], [0.8083477071494083, 0.07363367295261104, 0.056137189524007605, 0.061881430373973006], [0.607740065452384, 0.028446953296710542, 0.3285189175973656, 0.03529406365353996], [0.5510447904720349, 0.22079891362318124, 0.18726021386624908, 0.04089608203853469], [0.895519629742622, 0.035184953573221385, 0.034173079591788225, 0.03512233709236857], [0.4554897804161207, 0.14291871983491153, 0.23752501362516473, 0.16406648612380303], [0.7404629640842066, 0.03645096740480928, 0.009030821612165268, 0.21405524689881877], [0.1567405065252007, 0.4913063309130955, 0.27598935246278733, 0.0759638100989164], [0.9562690922325231, 0.013289299296532442, 0.013640202309616054, 0.016801406161328504], [0.046726103138948163, 0.26299081864940965, 0.5934105085702536, 0.09687256964138861], [0.92836138743633, 0.03969790701029843, 0.00655709814234036, 0.025383607411031232], [0.9741155894523746, 0.0026254763476229997, 0.01839505825783888, 0.004863875942163514], [0.8554376886175202, 0.012496706053491933, 0.024211378652164876, 0.10785422667682285], [0.2853153937971007, 0.09456557200856186, 0.3202297467577609, 0.29988928743657656], [0.5398921538774311, 0.041362926881584786, 0.3927173826906254, 0.026027536550358676], [0.24332054929985958, 0.057651231829119326, 0.1895741441935768, 0.5094540746774443], [0.09522167036425105, 0.808012912128231, 0.06361534116294282, 0.03315007634457516], [0.7306368813588228, 0.03904931208510455, 0.08162157066607693, 0.14869223588999575], [0.5132549541018728, 0.45816170147668017, 0.013886847139735889, 0.014696497281711154], [0.3790855229896814, 0.020087739814945285, 0.476056110897978, 0.12477062629739531], [0.6375643825333117, 0.058475930772387004, 0.031889708834362006, 0.2720699778599392], [0.7372275553725955, 0.0656894548838197, 0.028112164798082664, 0.168970824945502], [0.21857535577088147, 0.37277302613971824, 0.39147435177890255, 0.017177266310497784], [0.4446969515811175, 0.4395658674705864, 0.09213918628713574, 0.023597994661160297], [0.4746522431594595, 0.04339564592096955, 0.38502979371456286, 0.0969223172050081], [0.3543365953708987, 0.513845469047947, 0.06301264855524726, 0.06880528702590713], [0.07429228648502444, 0.5839443285064289, 0.2790289412001931, 0.06273444380835361], [0.6338562185251555, 0.12612924012690552, 0.2322880654273262, 0.007726475920612777], [0.8592951787551946, 0.07886940288683783, 0.05810456822053241, 0.0037308501374350104], [0.3296495645908289, 0.40319259960139453, 0.17000663247553638, 0.09715120333224024], [0.7637833709864383, 0.07641322384675785, 0.010729398261311088, 0.1490740069054927], [0.36097955231589346, 0.43900739851913284, 0.1725107012960566, 0.027502347868917032], [0.17065755020999643, 0.7513705413873933, 0.05353115293414044, 0.024440755468469754], [0.6488055479407152, 0.15205175280167538, 0.10708112994437562, 0.09206156931323378], [0.562122181783407, 0.3201016213070951, 0.05074269945237665, 0.06703349745712128], [0.7183942999463657, 0.007965446141149366, 0.04795392098004975, 0.2256863329324354], [0.9204738629275012, 0.057257123413562545, 0.007352308141230228, 0.014916705517705995], [0.7223969725368588, 0.038262930633207, 0.016555939299751344, 0.22278415753018288], [0.29100819239228887, 0.36668689839705965, 0.32707147261425124, 0.015233436596400312], [0.9065455132866347, 0.014298688052175825, 0.06998747159402706, 0.009168327067162542], [0.23691292243000445, 0.5339717494386258, 0.04133140749580744, 0.18778392063556226], [0.9507372508745521, 0.01772690581901019, 0.019961738366670586, 0.011574104939767349], [0.5534139740978119, 0.29460283703012047, 0.04454824820851378, 0.1074349406635538], [0.7740845776542832, 0.1611530168021436, 0.053354871392301155, 0.0114075341512719], [0.592051645092738, 0.030262381346135247, 0.1372321398571141, 0.24045383370401271], [0.8594929782295888, 0.05454841584823808, 0.038370549108554856, 0.04758805681361823], [0.4808804650541594, 0.45400020412026265, 0.05832505445921981, 0.006794276366357983], [0.870614598448113, 0.02965158761611921, 0.025482849118649745, 0.07425096481711806], [0.533045926186794, 0.22629614547806381, 0.11420056153459696, 0.12645736680054523], [0.7030523660121655, 0.2504354527930044, 0.030822922824966074, 0.01568925836986398], [0.4015609000502906, 0.15327132441629682, 0.19634039066469575, 0.2488273848687168], [0.893943093759886, 0.013824703464371252, 0.08800318142815985, 0.00422902134758287], [0.3659447202482893, 0.09927323214852668, 0.37803560051535423, 0.15674644708782975], [0.06393860723442517, 0.5563049459696477, 0.370970196748105, 0.008786250047822082], [0.7042402794965444, 0.10022703298495493, 0.06493323054392186, 0.13059945697457878], [0.4972262615838903, 0.33797232308074315, 0.021037303571741765, 0.14376411176362472], [0.9625610845928259, 0.01575609695578117, 0.004743402036956058, 0.01693941641443684], [0.985541750397252, 0.008231313758957762, 0.005369390941194845, 0.000857544902595283], [0.4509038866555284, 0.30156567411313573, 0.03335419045296042, 0.21417624877837535], [0.5923635677515584, 0.3648482943679068, 0.04000377410637048, 0.0027843637741642203], [0.6422724934863862, 0.12492156227511075, 0.04200338388505166, 0.19080256035345128], [0.7083382255704257, 0.08091759420565045, 0.07437767252104745, 0.13636650770287645], [0.8902215309264766, 0.011598671980570867, 0.07553666259909535, 0.022643134493857218], [0.7856420182727972, 0.021204680684193837, 0.1896184292875737, 0.003534871755435203], [0.866589534352784, 0.04181366052586396, 0.07875653249167516, 0.012840272629676944], [0.5020801427919602, 0.33819564875502645, 0.009177034441274266, 0.15054717401173906], [0.7019954956755169, 0.15389944881876674, 0.02580673475782106, 0.11829832074789513], [0.5912991364706364, 0.11491958109035728, 0.2405106022002136, 0.05327068023879279], [0.3960143232227971, 0.29341136702060105, 0.25463663303886586, 0.05593767671773597], [0.7115346675032126, 0.06954758836782483, 0.032389658664037924, 0.18652808546492466], [0.6080916526460678, 0.20997222990207734, 0.09463227577111193, 0.08730384168074293], [0.48277006554293844, 0.18016696834791665, 0.034405037482540236, 0.3026579286266048], [0.6621993186824391, 0.07488019579035067, 0.1376116473660781, 0.12530883816113217], [0.9896359009539866, 0.004926643892419531, 0.0023416593855684507, 0.00309579576802531], [0.9493095987145331, 0.02877307487229059, 0.013552833733391724, 0.008364492679784622], [0.1762485172539332, 0.7612751734631523, 0.05624795562105961, 0.006228353661854969], [0.8501906128740043, 0.12462920309364851, 0.019956722008811933, 0.005223462023535338], [0.8551537372155844, 0.04775798080811616, 0.09358891773380197, 0.0034993642424974293], [0.5249879619971409, 0.11792088582127015, 0.05392356354102088, 0.30316758864056825], [0.9533622293669406, 0.015691664029758103, 0.009402041474534363, 0.021544065128766998], [0.8474731645887165, 0.09078311875526622, 0.053564394797997704, 0.008179321858019707], [0.27207902201212525, 0.4581497373020923, 0.2537307044367226, 0.016040536249059902], [0.9706287072074801, 0.02517575223669155, 0.0031693980131226314, 0.0010261425427057728], [0.40696022513564717, 0.2596740732661412, 0.2828002029161557, 0.05056549868205593], [0.754465111089963, 0.0780588556289064, 0.08724562827506323, 0.0802304050060673], [0.1333608709991252, 0.03225889834784376, 0.28576141481472356, 0.5486188158383075], [0.6252806533877752, 0.053559086933762046, 0.025903914341188168, 0.2952563453372747], [0.19928588463225871, 0.03914255959377413, 0.7342641161178444, 0.02730743965612291], [0.21145689606576842, 0.010271715351631268, 0.7247294229597947, 0.05354196562280567], [0.9447992232947793, 0.01689563356290421, 0.03080491574778549, 0.007500227394530931]]}}