{"test": {"ids": ["108117720", "98107010", "113120601", "105115680", "100115700", "113119120", "110115140", "108117610", "113120640", "103117461", "113120591", "113121190", "110116170", "110120700", "98110230", "105117351", "110115890", "102121700", "112120630", "101108580", "109114220", "101119030", "112119500", "99117740", "111121220", "108115070", "109114651", "103118291", "106115240", "101110200", "110116501", "105115380", "97116800", "111114321", "111115910", "106116820", "98120530", "105112130", "104114740", "109119591", "101109370", "112120990", "103111990", "98108520", "105113190", "97105960", "107113260", "99111930", "104113380", "105121370", "107121700", "105113480", "113122170", "98109311", "103109641", "113118870", "112121010", "99107950", "100113210", "111117571", "101115190", "97110950", "109113591", "109117150", "113120260", "108114200", "113122120", "97107821", "113122510", "108121410", "97107681", "109117080", "103110220", "105115250", "103112470", "105120280", "112116610", "107113360", "107114140", "105115570", "106118161", "110121450", "99108310", "99109840", "112117790", "112118471", "103109791", "99105921", "102110850", "97107920", "110118181", "98108150", "105120621", "105115900", "105110091", "112117030", "99111340", "97116500", "106116120", "105117431", "110115580", "99110050", "113118820", "99109910", "108118630", "105113620", "111119930", "103110840", "110117110", "109118231", "98108410", "105119550", "98110810", "100108490", "111120591", "106114011", "111119610", "106114321", "107116300", "99109161", "112119450", "107116980", "113120070", "105116860", "108115250", "97118210", "105110251", "111119150", "101117580", "109119340", "112117571", "107121640", "101114020", "110115710", "110113931", "106121220", "97116410", "98109570", "106116370", "106117650", "109117730", "101111310"], "labels": [1, 3, 2, 2, 1, 3, 0, 3, 0, 0, 0, 1, 0, 2, 3, 0, 2, 1, 3, 0, 3, 3, 2, 2, 3, 1, 3, 0, 1, 2, 3, 1, 0, 1, 2, 1, 1, 1, 2, 0, 1, 2, 2, 2, 3, 2, 0, 1, 1, 2, 3, 0, 1, 1, 1, 0, 2, 1, 0, 3, 1, 3, 3, 2, 3, 0, 1, 2, 2, 0, 3, 1, 2, 2, 1, 3, 1, 0, 2, 0, 3, 3, 2, 2, 3, 1, 3, 1, 3, 0, 1, 0, 1, 3, 0, 2, 1, 2, 1, 1, 1, 3, 0, 2, 1, 0, 1, 1, 0, 1, 1, 1, 1, 2, 1, 1, 2, 2, 0, 3, 3, 3, 2, 2, 1, 2, 0, 3, 3, 3, 3, 1, 3, 2, 1, 1, 3, 1, 2, 1, 3, 3], "predicted_labels": [3, 3, 2, 1, 1, 3, 3, 0, 1, 3, 0, 1, 0, 1, 1, 0, 3, 1, 2, 0, 3, 3, 1, 1, 1, 0, 0, 2, 0, 1, 3, 1, 3, 2, 2, 0, 3, 1, 3, 2, 1, 1, 1, 1, 3, 2, 3, 2, 1, 1, 2, 1, 1, 1, 3, 1, 1, 3, 3, 0, 1, 0, 1, 1, 2, 1, 1, 0, 1, 0, 2, 1, 3, 3, 1, 2, 3, 1, 1, 3, 3, 1, 3, 1, 1, 2, 3, 2, 0, 1, 1, 1, 1, 3, 3, 0, 2, 0, 1, 2, 1, 3, 3, 2, 1, 1, 0, 2, 2, 3, 1, 1, 1, 2, 3, 0, 2, 2, 3, 1, 0, 1, 1, 1, 2, 2, 3, 3, 1, 3, 0, 2, 3, 1, 1, 0, 2, 3, 0, 1, 0, 0], "confidence_scores": [[0.0007292985289755649, 0.03389834303682019, 2.821963280361139e-05, 0.9653441388014007], [0.0007387093101713522, 0.01132108116818018, 0.11353902992967306, 0.8744011795919753], [0.001081162038035495, 0.027264103015480205, 0.9585965392566095, 0.01305819568987495], [4.602050104026712e-06, 0.9716111257105384, 0.027305528270217455, 0.0010787439691400046], [0.03316413766127806, 0.9441358986496713, 0.009338241171314949, 0.013361722517735791], [0.13899744671183004, 0.28932581744991515, 0.009232394799387093, 0.5624443410388678], [0.00023965394926850922, 2.488553843311547e-06, 3.978601842125721e-05, 0.9997180714784669], [0.7292285206665615, 0.0004473864614870331, 0.12544037355847304, 0.14488371931347846], [0.00010280806329281028, 0.9859304888646269, 8.46696803098143e-06, 0.013958236104049471], [9.490036761740291e-06, 0.0002613797176909509, 6.172944044177026e-05, 0.9996674008051054], [0.6022565617153322, 5.520899215426869e-08, 7.905414679910554e-09, 0.39774337517026115], [0.01491058289260846, 0.9837867715258013, 7.126056243896317e-05, 0.0012313850191514907], [0.9987993838881907, 0.0011927001490481726, 5.733489568669677e-06, 2.1824731925460178e-06], [0.004369289846067819, 0.8858235068749769, 6.3677460538307895e-06, 0.1098008355329014], [0.0053982954376329126, 0.9782059110205765, 0.015925444375902046, 0.000470349165888316], [0.994936054008295, 0.0008432134382202991, 1.0867517691429961e-05, 0.00420986503579328], [5.3510887605973256e-08, 0.4669965248720729, 0.0004855641926141993, 0.5325178574244253], [0.021088920970617566, 0.9789109712624344, 5.3396577647980645e-09, 1.0242729034452262e-07], [1.6422620563203566e-05, 0.20680108719206522, 0.7728898540581423, 0.02029263612922929], [0.9619869374671607, 3.502245822926311e-07, 0.03801076410963847, 1.948198618571021e-06], [0.007867951806732762, 0.45942504900201253, 0.0036501360391892647, 0.5290568631520655], [0.00010046780440603869, 5.121400349832384e-05, 0.00016747328693435024, 0.9996808449051614], [0.004010550702776003, 0.9204363854440208, 0.0754490550797059, 0.00010400877349737651], [0.0004793374601191315, 0.570236289872687, 0.04055328695360196, 0.38873108571359183], [2.891253764152668e-05, 0.7538465966398715, 7.960853401833505e-05, 0.24604488228846869], [0.9186649627485001, 9.347651595665788e-05, 1.2717435113011155e-05, 0.08122884330043004], [0.9997974517905435, 3.613852911655742e-06, 2.8627152224088426e-07, 0.00019864808502269705], [0.0023326122792445324, 0.01393738748718573, 0.9761656259511337, 0.0075643742824361105], [0.5314995604074462, 0.01101366688590689, 0.4323194116116725, 0.025167361094974337], [3.4766499819050037e-06, 0.9999893910784827, 8.362015368097499e-09, 7.123909519957181e-06], [0.0009063763616641574, 0.05534520176767563, 6.419419306044581e-07, 0.9437477799287295], [4.4384193974666945e-06, 0.9956497578704371, 3.084019401668007e-06, 0.004342719690763577], [0.013361054540725989, 0.013192589081595018, 0.008659885260570455, 0.9647864711171086], [0.008195368832425208, 0.006394763286399742, 0.9853307749734627, 7.909290771230848e-05], [0.021896334525933973, 0.18536912341147146, 0.7927317506413705, 2.7914212241256073e-06], [0.8420929898819849, 6.611848730134582e-08, 2.747754126988551e-07, 0.15790666922411503], [0.0010288504494303918, 0.09836272651000183, 2.357727938922584e-07, 0.9006081872677738], [1.9723616461409562e-05, 0.9990839147895085, 0.0005488839269016783, 0.0003474776671283142], [0.0004126514273873654, 0.0002533983359525655, 0.014632699055520377, 0.9847012511811396], [0.077648950106347, 0.07643997465515955, 0.7407715865074238, 0.10513948873106978], [0.00048577805007049633, 0.5648916942295333, 0.3016240963148459, 0.13299843140555015], [0.004979790266121487, 0.9408201757698518, 6.397444487661734e-06, 0.054193636519539096], [0.00013166728589281666, 0.9845338137953372, 0.015334422591269508, 9.632750045838529e-08], [0.3286215503177837, 0.565231673491687, 0.0005788202630370016, 0.10556795592749219], [0.006821615645991671, 5.947157303333506e-06, 0.00047437497562403806, 0.992698062221081], [2.9830001407985235e-06, 2.6447977648197946e-07, 0.9997608664805026, 0.00023588603958031956], [0.11201058532318012, 0.017462858232884876, 0.06833109907025031, 0.8021954573736847], [1.7256053941979473e-06, 0.4150860701608426, 0.5841877453708892, 0.0007244588628739563], [0.08303296786580326, 0.8889413317113095, 0.020760886201354918, 0.007264814221532308], [0.28697756422962506, 0.3752613513840425, 0.2627110452009318, 0.07505003918540065], [0.009557056031487023, 0.21380580804797408, 0.4967552563841001, 0.2798818795364387], [0.007086811044503199, 0.8760994096702559, 0.024817999608598002, 0.09199577967664295], [0.0011519527855757999, 0.6975846642134973, 0.0031196630230476063, 0.2981437199778792], [4.020086188339129e-06, 0.7000535525927618, 0.2509214553397007, 0.04902097198134902], [7.874788907592252e-08, 0.00020322318517504827, 4.430475520296839e-06, 0.9997922675914156], [0.07192807159989827, 0.8771536338360123, 0.003931977163334086, 0.0469863174007553], [0.26226492594089496, 0.6165549834583461, 0.0002728892996723557, 0.12090720130108655], [7.432072274458733e-09, 0.03836813966799421, 0.00037406809089186784, 0.9612577848090417], [0.06645093483656539, 0.00554710495974124, 0.0010418679633783705, 0.9269600922403151], [0.6708985593699595, 0.27909025455155606, 0.00031073548323159767, 0.049700450595252944], [1.5293422155891537e-05, 0.9961679724907858, 0.0037761940461057703, 4.0540040952337666e-05], [0.9874564861801073, 2.937170314949132e-06, 0.0002796684229368671, 0.012260908226640891], [0.14711968924834856, 0.427120280768193, 3.1524682327541417e-06, 0.42575687751522573], [0.028859780070963702, 0.8278006618925718, 0.00036844470943385465, 0.1429711133270304], [0.003020226453941833, 0.10912472140453143, 0.87413456915752, 0.013720482984006785], [0.1340400655587251, 0.8643224463955239, 0.0006524896895903426, 0.0009849983561606647], [0.033029673145763605, 0.9661660876801197, 0.00019369517848915474, 0.0006105439956275163], [0.9709740734942867, 0.0023420560026957914, 2.647028065175884e-06, 0.026681223474952474], [0.4688506688392855, 0.5310698653925894, 7.928012010867049e-05, 1.8564801639200965e-07], [0.5025792148093803, 0.4973703027338989, 2.4104093965755094e-05, 2.637836275502839e-05], [6.607402202106629e-09, 3.842646624725884e-05, 0.999936407359948, 2.515956640251785e-05], [3.4815708233767366e-05, 0.9031934259562144, 3.5932746052766724e-06, 0.09676816506094629], [2.40503517277268e-07, 0.4960592122131297, 0.0020382163732041575, 0.5019023309101488], [0.0010623812085658942, 0.0002318290760936705, 0.0028683428337231208, 0.9958374468816173], [0.4800029202570147, 0.48422038615597196, 0.007848383074790516, 0.027928310512222717], [0.2929332834779674, 0.000952811578185199, 0.37689851145418163, 0.3292153934896659], [0.0016896413334862538, 0.15404303818546278, 0.000130865034327443, 0.8441364554467236], [0.00655446798585621, 0.9871163249200778, 6.811039553773761e-06, 0.006322396054512254], [0.007360324546281848, 0.9926373131283521, 3.028791512761039e-07, 2.059446214768374e-06], [0.15314319727406506, 0.14005501395011535, 0.029570545059232126, 0.6772312437165875], [0.010116546154637467, 0.0002534955636807516, 0.1134706238816447, 0.8761593344000371], [0.37903446162114335, 0.43731884779871055, 2.3048081667912938e-05, 0.18362364249847815], [6.210450489896736e-05, 8.916390151500995e-06, 0.0018097113039839967, 0.9981192678009654], [0.010783515242320844, 0.6514197845090325, 0.31056470586632584, 0.027231994382320844], [0.3609553633383781, 0.5761439316668256, 0.0002330851389712596, 0.06266761985582493], [3.328654365912581e-05, 0.22989502199726147, 0.7700707432407322, 9.482183470458733e-07], [0.0021748017213271526, 0.00027494615697580267, 0.35843360251052436, 0.6391166496111728], [0.18191990659360885, 0.04040585321252583, 0.7692288279879879, 0.008445412205877552], [0.6825499941795569, 0.3157253836619458, 0.00015674073285420367, 0.001567881425643178], [0.0021321023920887416, 0.9749328115580237, 0.00046932922239229955, 0.02246575682749515], [0.13016105309969425, 0.8697814281305599, 1.0354026632428233e-09, 5.7517734343191803e-05], [0.037991960719564295, 0.9004319267099965, 0.04642164083577776, 0.015154471734661225], [0.001626004503594391, 0.7363706388744505, 8.037263651084703e-07, 0.2620025528955899], [0.11596889732217489, 0.00013911532380702008, 0.00412394214343916, 0.8797680452105789], [0.045980496229006615, 0.004262943401223949, 0.0003185166967825232, 0.9494380436729868], [0.5274742088039146, 0.06404842921420772, 0.006400038351574464, 0.4020773236303032], [2.7935107319055155e-05, 0.01679483571626902, 0.9736312919034064, 0.009545937273005522], [0.5741036426005516, 0.0052906641561042975, 0.06381023145770244, 0.3567954617856417], [0.0025268699314069387, 0.725676508785405, 0.008797426224186092, 0.2629991950590019], [5.546489330343492e-05, 0.0032979711439739485, 0.9458843841798887, 0.05076217978283392], [0.007448247493368372, 0.9922228891153687, 0.00031881239304776124, 1.005099821512516e-05], [7.657120482629666e-06, 6.182198609248463e-05, 0.0011204647730714778, 0.9988100561203535], [0.3106336319653296, 0.001511680246386168, 0.0007625968916393955, 0.6870920908966449], [0.00013658658896620343, 1.0258542576309234e-05, 0.9998492454945849, 3.909373872538268e-06], [0.0009771025104763308, 0.9251369455947532, 0.00031888696971364873, 0.0735670649250567], [0.00011582651653035972, 0.8108131658262793, 0.18707746146921184, 0.001993546187978475], [0.6746027098737194, 2.242214915071657e-05, 2.2063739266230734e-06, 0.3253726616032032], [0.0047912531627423436, 0.2342622644729932, 0.7587542381142834, 0.0021922442499808805], [2.9090712306521788e-05, 0.0006292763853807131, 0.9993341841797138, 7.44872259897569e-06], [0.1830309604700489, 0.024518409568314217, 2.6043604334083393e-06, 0.7924480256012035], [0.020647871669170557, 0.9793241888764782, 1.3139181434203404e-06, 2.662553620760416e-05], [0.17592194045899529, 0.8225794725876207, 4.04763055688009e-05, 0.001458110647815131], [6.545699294431266e-08, 0.9999993455763159, 5.889059569124439e-07, 6.073435901237093e-11], [0.35191475144746265, 0.1716743438035645, 0.39853866529296117, 0.07787223945601157], [9.048637346231827e-08, 0.00017911403978741346, 3.108740579002996e-08, 0.9998207643864332], [0.9988150775840778, 0.0011771604690724044, 2.8337318498372835e-06, 4.928214999849756e-06], [0.014636066973566947, 0.008391423136033147, 0.9767598785823335, 0.00021263130806648036], [0.00030382619520680047, 0.016516083580623207, 0.9469112893461573, 0.03626880087801262], [0.000977606487740009, 0.2899234782420495, 3.653025540403291e-05, 0.7090623850148065], [0.01676111323633958, 0.9748782081812852, 0.008360656829167427, 2.1753207584798412e-08], [0.5002619955596542, 0.0033022390192822045, 5.095899375540563e-07, 0.496435255831126], [0.210371455443701, 0.7893281141570269, 1.034954703066193e-06, 0.0002993954445690066], [0.00022157285778726205, 0.9966855363968101, 0.002948065766964772, 0.00014482497843792096], [0.0024203679233428463, 0.9115252503072828, 0.030962151994610176, 0.05509222977476426], [0.0016583540694934291, 0.0005335579317619397, 0.9976556159162537, 0.0001524720824907563], [0.0002768843073157027, 0.007397543392514282, 0.9911312534940273, 0.001194318806142677], [0.004950740441519673, 0.00907933917846329, 0.00040998675397135094, 0.9855599336260457], [5.635817671444149e-05, 1.8277056932442323e-05, 3.416559977291328e-07, 0.9999250231103552], [0.07875025671348003, 0.6628729672612679, 6.424918838736776e-06, 0.2583703511064134], [0.0570493310952278, 0.32938113197686586, 0.001369633897981902, 0.6121999030299243], [0.7130090265657478, 2.690004511070162e-07, 0.008343039011453168, 0.27864766542234776], [0.41733535392041976, 0.0014900700905442136, 0.5808796887303755, 0.0002948872586605724], [6.945055344494151e-05, 2.0822940072902197e-06, 0.001380233397166319, 0.9985482337553815], [0.1167867540858766, 0.8782268639195392, 0.004952692429590287, 3.368956499404352e-05], [9.426441493851397e-07, 0.6081766343935284, 3.5151772764356637e-06, 0.3918189077850458], [0.99379511205899, 4.611510598467332e-05, 0.0008869851455533479, 0.005271787689472129], [0.00027574786499360405, 0.10957331691979934, 0.8858239029153634, 0.004327032299843716], [0.0004703121520681715, 2.2393771685119726e-05, 2.4523997325953277e-06, 0.9995048416765142], [0.813874640982237, 0.08258598414289495, 0.0015005697132934866, 0.10203880516157467], [1.3275543127086584e-07, 0.996123000061432, 4.14688532914261e-08, 0.0038768257142834535], [0.9999852334118038, 1.2260131279222855e-05, 1.5576443298813065e-06, 9.488125871019224e-07], [0.995024716420291, 0.0024174953636205906, 0.0024845314007532547, 7.325681533535676e-05]]}, "rewritten": {"ids": ["97105960", "97107681", "97107821", "97107920", "97110950", "97116410", "97116500", "97116800", "97118210", "98107010", "98108150", "98108410", "98108520", "98109311", "98109570", "98110230", "98110810", "98120530", "99105921", "99107950", "99108310", "99109161", "99109840", "99109910", "99110050", "99111340", "99111930", "99117740", "100108490", "100113210", "100115700", "101108580", "101109370", "101110200", "101111310", "101114020", "101115190", "101117580", "101119030", "102110850", "102121700", "103109641", "103109791", "103110220", "103110840", "103111990", "103112470", "103117461", "103118291", "104113380", "104114740", "105110091", "105110251", "105112130", "105113190", "105113480", "105113620", "105115250", "105115380", "105115570", "105115680", "105115900", "105116860", "105117351", "105117431", "105119550", "105120280", "105120621", "105121370", "106114011", "106114321", "106115240", "106116120", "106116370", "106116820", "106117650", "106118161", "106121220", "107113260", "107113360", "107114140", "107116300", "107116980", "107121640", "107121700", "108114200", "108115070", "108115250", "108117610", "108117720", "108118630", "108121410", "109113591", "109114220", "109114651", "109117080", "109117150", "109117730", "109118231", "109119340", "109119591", "110113931", "110115140", "110115580", "110115710", "110115890", "110116170", "110116501", "110117110", "110118181", "110120700", "110121450", "111114321", "111115910", "111117571", "111119150", "111119610", "111119930", "111120591", "111121220", "112116610", "112117030", "112117571", "112117790", "112118471", "112119450", "112119500", "112120630", "112120990", "112121010", "113118820", "113118870", "113119120", "113120070", "113120260", "113120591", "113120601", "113120640", "113121190", "113122120", "113122170", "113122510"], "labels": [2, 3, 2, 0, 3, 3, 2, 0, 2, 3, 0, 1, 2, 1, 1, 3, 1, 1, 1, 1, 2, 3, 2, 2, 3, 1, 1, 2, 2, 0, 1, 0, 1, 2, 3, 3, 1, 3, 3, 3, 1, 1, 3, 2, 1, 2, 1, 0, 0, 1, 2, 0, 0, 1, 3, 0, 0, 2, 1, 0, 2, 3, 2, 0, 1, 1, 3, 1, 2, 1, 2, 1, 1, 2, 1, 1, 3, 1, 0, 0, 2, 0, 3, 1, 3, 0, 1, 1, 3, 1, 1, 0, 3, 3, 3, 1, 2, 3, 1, 3, 0, 1, 0, 1, 2, 2, 0, 3, 0, 1, 2, 3, 1, 2, 3, 3, 2, 1, 1, 3, 1, 2, 3, 3, 1, 3, 2, 3, 2, 2, 0, 0, 3, 2, 3, 0, 2, 0, 1, 1, 1, 2], "predicted_labels": [2, 2, 3, 1, 3, 2, 3, 3, 2, 3, 1, 0, 0, 1, 3, 1, 1, 3, 2, 1, 3, 0, 1, 2, 3, 2, 1, 1, 1, 3, 2, 0, 1, 1, 0, 3, 1, 3, 0, 1, 1, 3, 3, 3, 1, 1, 0, 3, 3, 1, 3, 3, 3, 3, 3, 1, 1, 3, 1, 3, 1, 3, 1, 0, 2, 0, 3, 1, 1, 0, 2, 0, 1, 0, 0, 1, 3, 0, 3, 1, 1, 3, 0, 2, 1, 0, 0, 0, 3, 3, 1, 0, 1, 3, 0, 1, 0, 0, 3, 3, 3, 3, 3, 0, 1, 1, 0, 3, 2, 0, 3, 0, 2, 1, 0, 3, 1, 3, 3, 1, 3, 3, 3, 0, 2, 0, 1, 1, 1, 0, 3, 3, 0, 1, 0, 0, 2, 3, 1, 1, 3, 1], "confidence_scores": [[0.00028952675838924774, 1.8396378910005776e-05, 0.9393732193423113, 0.06031885752038924], [2.3916185231705214e-08, 1.3900740371103312e-05, 0.9994646253884812, 0.0005214499549623103], [0.2958945108928507, 0.035507998945473955, 1.6097905635467272e-05, 0.66858139225604], [0.018047702691148748, 0.9291405342131748, 0.000136310435815002, 0.05267545265986146], [0.007886931548137311, 0.0003020617341015757, 0.0009374710345658714, 0.9908735356831954], [0.00206005395810281, 0.2850974981367637, 0.708547097971003, 0.004295349934130404], [0.005676162584576576, 0.00024224309082939788, 0.032767544755053314, 0.9613140495695408], [0.003540964108069708, 0.052355680588773615, 0.007090339919787396, 0.9370130153833693], [0.0006163859752675278, 8.17108090613498e-05, 0.9992690238165985, 3.2879399072493985e-05], [0.005990166672632313, 0.2979875315933327, 0.028628456234798365, 0.6673938454992367], [0.02431935968090113, 0.8578461812698764, 0.10199217636746621, 0.015842282681756265], [0.8571400545042382, 0.14284970765350008, 5.7864910718052885e-06, 4.4513511898312325e-06], [0.5466031262649628, 0.22663964115525131, 1.015405866459214e-05, 0.2267470785211214], [3.742443977407781e-05, 0.8897392943288108, 0.10157948056260745, 0.00864380066880757], [5.994985258184984e-05, 5.7346415844615364e-05, 1.921243750619906e-06, 0.9998807824878229], [0.0012985914315657794, 0.9890678533361589, 0.009568785236483555, 6.476999579172842e-05], [1.7460498893142852e-09, 0.9999998827179537, 1.1548770949608873e-07, 4.828698473186286e-11], [0.0013479778627159683, 0.0015771100924508877, 6.410800658736499e-09, 0.9970749056340326], [0.27510353391439035, 6.530570375354947e-05, 0.7159262243651416, 0.008904936016714333], [3.0683487454370447e-07, 0.5618981766338684, 0.018654086917083056, 0.4194474296141739], [6.169214492178082e-06, 3.55823567698219e-07, 0.0001375805025469298, 0.9998558944593933], [0.9595759263546465, 0.015559642392906482, 0.02486437772040414, 5.353204282341043e-08], [6.633434224139234e-05, 0.9457535628425766, 0.05129550050943842, 0.0028846023057433846], [4.0737123658216877e-07, 2.8554603127401285e-08, 0.9999899532266635, 9.61084749673702e-06], [9.428446306216346e-07, 0.013216992626021388, 0.00035700268360077005, 0.9864250618457472], [2.7938923761547956e-06, 0.037370909113294104, 0.9155450372666308, 0.047081259727699006], [6.205144023870852e-05, 0.858765379622298, 0.13150448142691, 0.009668087510553425], [0.005201923135768194, 0.6276432011305879, 0.01438038077795573, 0.3527744949556882], [0.023885409941924514, 0.6843728762787424, 0.001007297166154112, 0.2907344166131791], [0.02007296988808344, 0.41074721700289263, 0.002642211705453263, 0.5665376014035707], [0.057039116403548966, 0.3205661082548028, 0.48246349806683214, 0.1399312772748161], [0.9779728115114417, 9.82673706181465e-08, 0.022017466064232622, 9.624156955249034e-06], [6.741313615854303e-05, 0.7876983637136633, 0.21207532629549936, 0.00015889685467881877], [2.3120376111197508e-06, 0.9999975241460551, 1.5438395774724404e-07, 9.432375986401697e-09], [0.7605765700747321, 0.230847345700397, 0.0003630256621397927, 0.00821305856273102], [0.23031288088614282, 0.0006913014394040042, 0.010259687757460851, 0.7587361299169924], [5.4837051731917724e-05, 0.9742057977931614, 0.02534123987371759, 0.0003981252813890234], [0.26212478244560494, 0.3165181490395071, 7.82756892289999e-06, 0.42134924094596515], [0.8718542640797948, 0.0012465752325884346, 4.120782176073696e-08, 0.12689911947979501], [0.003249969472031435, 0.989272711493393, 1.4493349420062752e-05, 0.007462825685155358], [0.0327570527256226, 0.9672416676139804, 6.823972359597807e-08, 1.2114206734171052e-06], [0.00028651918247430845, 5.9417964047884223e-05, 0.05621854361834634, 0.9434355192351315], [0.002842229812952986, 3.447453811092755e-05, 0.07772984626932913, 0.919393449379607], [6.305257382350551e-06, 0.05598663255569053, 0.008492849852787513, 0.9355142123341396], [0.0038319547431759074, 0.9004429834587659, 0.003499521199223667, 0.0922255405988344], [0.001184058056396176, 0.9973144113439248, 0.0014931957548763356, 8.334844802672079e-06], [0.985524491968335, 0.00541920551513472, 0.00012423715446806304, 0.008932065362062255], [0.00015401475614757224, 0.0003039017033112112, 8.139574975604456e-05, 0.9994606877907851], [0.004931060820086189, 0.003953841795205679, 0.029612753027684898, 0.9615023443570233], [0.01153568990253015, 0.9869274787666283, 0.0001722059697616823, 0.0013646253610796206], [0.10358334068290483, 0.07315796204518411, 0.0010414189771085541, 0.8222172782948025], [0.0023273611008913127, 0.4935917466719809, 3.916750953550734e-05, 0.5040417247175922], [9.42409858971156e-06, 0.030253868346481284, 5.923684073622138e-07, 0.9697361151865216], [0.0030917796326601897, 0.4785868322516214, 0.003227910417526528, 0.5150934776981919], [0.01885855778535161, 2.997033030920216e-05, 3.580891777624359e-05, 0.9810756629665629], [0.006124885692709183, 0.6870949203624089, 0.3042870834140904, 0.002493110530791441], [0.000690389933739281, 0.7679931835352137, 0.11924007323197691, 0.11207635329907019], [0.00716932266256066, 0.006908538789862499, 0.0006190511579770327, 0.9853030873895998], [7.316623350904276e-05, 0.9777749940853205, 0.0009715359384624163, 0.02118030374270798], [0.0033463605073602476, 0.010550083984426327, 0.00065221505416327, 0.9854513404540501], [8.677208915203171e-06, 0.9611045128510595, 0.004623431896178742, 0.03426337804384654], [0.10175051101967474, 0.004070076663850768, 0.04189313781631011, 0.8522862745001645], [0.0010681484118203225, 0.9470984487467223, 0.005456919974158399, 0.04637648286729894], [0.7740628277052595, 0.0008284009119034438, 8.546087732420879e-05, 0.22502331050551283], [0.00010469872383099947, 0.039508876160697294, 0.935638274815106, 0.024748150300365732], [0.6746644215324032, 0.31818437915971487, 2.2969535480041842e-05, 0.007128229772401761], [0.06895229521347096, 0.0011770924854657369, 0.07096962867362175, 0.8589009836274415], [0.005592178260127484, 0.9227995753043868, 3.0528940651364295e-08, 0.07160821590654508], [0.03911490028739742, 0.87450582430082, 0.05554386862708941, 0.030835406784692956], [0.9891086711416341, 0.010146969613053503, 0.00027291349554590873, 0.00047144574976625643], [0.04117644087105949, 0.360466399057904, 0.3635574522848587, 0.2347997077861776], [0.5124254950582449, 0.0008173508021088081, 0.091780784344565, 0.3949763697950813], [0.007320061319395912, 0.6888442744241818, 0.01730781609433222, 0.28652784816209004], [0.681946904903361, 0.2453133477294638, 0.0009671650446895451, 0.07177258232248558], [0.9183830524892633, 1.9958108413115882e-07, 7.236008060570697e-08, 0.08161667556957175], [3.0537478544764117e-07, 0.9516566543713392, 4.941641792631285e-07, 0.048342546089696174], [0.04471960223317532, 0.0022095807686226226, 0.014919377786622398, 0.9381514392115797], [0.9997624524281468, 5.318510361458406e-06, 0.00010063480622057119, 0.0001315942552712204], [0.0032254046527898693, 0.12835323024765008, 0.09595994701831094, 0.7724614180812491], [0.04061697243142029, 0.7261541597004668, 2.2729514318273646e-06, 0.23322659491668096], [0.003452176032680351, 0.9965424503576888, 3.0458071284091867e-07, 5.0690289181138744e-06], [0.00029594577011651866, 0.10683315475043072, 2.200230341576694e-06, 0.8928686992491112], [0.75826975081879, 0.2405536254617046, 7.679030000316796e-07, 0.0011758558165053075], [0.04380410712649608, 0.023980770463395643, 0.9319344804841597, 0.00028064192594861063], [0.06361249023991647, 0.45129030986061724, 0.2981117268839041, 0.18698547301556215], [0.969088190710867, 0.03021252888680312, 0.0001092194027281576, 0.0005900609996017711], [0.7054642701713246, 0.0006242484489497826, 1.5671353705554923e-05, 0.29389581002601994], [0.5220435788406623, 0.0153395997315815, 0.4612501090002459, 0.0013667124275103483], [0.4678401300605423, 0.0007173667563330155, 8.489470916250199e-07, 0.531441654236033], [0.0003793878363040199, 0.46862973321938844, 0.00012144808778152938, 0.530869430856526], [0.00021348624668362094, 0.8339250784110767, 3.0063995721476974e-05, 0.16583137134651832], [0.8472024542375541, 0.15279458363925777, 8.263245595407854e-07, 2.135798628365174e-06], [0.043205389828630265, 0.7724156255711894, 5.996753598899172e-07, 0.18437838492482034], [0.0021400477438527667, 0.0015767429537944147, 0.00019762705930822733, 0.9960855822430447], [0.9981717079108146, 0.00015010120135708775, 2.8758946634156375e-06, 0.0016753149931647508], [0.00033776949592830447, 0.8682061908899056, 2.4119384734635562e-05, 0.13143192022943143], [0.9750200268996355, 0.003712807985633971, 2.175512152527923e-06, 0.021264989602578104], [0.9998916028433806, 4.970032707841701e-05, 1.8283193071358872e-05, 4.041363646964593e-05], [0.0068178355493453005, 0.04986895618065527, 9.348287866350917e-07, 0.9433122734412128], [0.21365502131076958, 0.05844676855413126, 0.0033237199485417496, 0.7245744901865574], [0.05608260653310834, 0.093526069381493, 0.013201112986766322, 0.8371902110986323], [1.6785165182601453e-05, 0.0573826269501646, 3.3682205602391493e-07, 0.9426002510625968], [0.007439568953796082, 0.00013117831857920942, 5.920666085617384e-05, 0.9923700460667686], [0.6489504767583805, 0.2587629667912919, 0.0044494094611895975, 0.08783714698913807], [0.24217969012428697, 0.7539308437133375, 0.003726288924673056, 0.0001631772377024151], [3.947276564992318e-06, 0.9100035592466456, 0.016259780416276712, 0.07373271306051267], [0.9667160509222719, 0.032707289480052644, 0.0005155332758305117, 6.112632184524959e-05], [0.0006890340680440745, 0.012480972249626325, 1.1254343451741078e-07, 0.986829881138895], [4.709352770759839e-06, 0.06721458446129452, 0.9305856451865282, 0.002195060999406639], [0.5498891685158692, 0.4499906570433571, 4.039183455887816e-09, 0.00012017040159026573], [0.002061053087740091, 0.42871891036438475, 4.652110430598147e-07, 0.569219571336832], [0.5997650424005043, 0.1224750940199646, 1.9991036236480378e-05, 0.27773987254329463], [0.00026498753559949493, 0.01583493812992684, 0.9837699673658518, 0.00013010696862197926], [0.04356820375525763, 0.70636602934647, 0.25003287253643425, 3.289436183835707e-05], [0.5395883967631546, 0.43701529364565633, 0.00011097198414935528, 0.02328533760703969], [0.00019687811097536417, 6.488950593555243e-05, 8.028971435995819e-08, 0.9997381520933748], [0.0027008601376217216, 0.9927747853060501, 0.0035404768648815365, 0.0009838776914465003], [0.36554152928501776, 3.6316314008254337e-06, 1.0351558334727497e-06, 0.6344538039277481], [2.8334638050146574e-06, 0.00012635118499052135, 1.8073601863445477e-08, 0.9998707972776026], [3.0663569137712383e-07, 0.9995092371557074, 4.518962569204552e-07, 0.0004900043123443085], [0.020013680494169073, 0.0417304534841105, 4.9786130421261065e-05, 0.9382060798912992], [0.05298684443597241, 0.009199573763211464, 0.0002031523952295068, 0.9376104294055866], [1.766541863902073e-05, 0.00010103520837085544, 5.903403760047932e-06, 0.99987539596923], [0.8058864185431912, 0.1316698433075657, 2.3102837954279824e-06, 0.062441427865447784], [5.165728047753418e-05, 0.1343545358868458, 0.865591396693971, 2.410138705786103e-06], [0.6157072240873935, 0.09661877444498333, 2.413018918718038e-06, 0.28767158844870444], [0.0009960150523315018, 0.9982372784713331, 0.0005520889875754826, 0.0002146174887596458], [1.2731430255533294e-05, 0.8786784026350372, 0.09779197462539024, 0.023516891309316966], [0.01263832328955415, 0.8415024519912384, 1.2513570213141049e-06, 0.14585797336218592], [0.9554412035365503, 0.015041313053566919, 7.617354973439858e-08, 0.029517407236333115], [0.13416302053210893, 0.0007033442480209954, 0.00018259804031152014, 0.8649510371795586], [0.07152176396300158, 0.1300083962919199, 1.2826659101657328e-05, 0.7984570130859767], [0.4918021765027632, 0.17574579601087692, 0.0010940416146182537, 0.3313579858717415], [8.339425831115128e-06, 0.6330604788054499, 0.1825099613950872, 0.1844212203736318], [0.6939748052625403, 0.007244118843783804, 0.2237350557619926, 0.0750460201316833], [0.999704908857418, 4.620651933791299e-08, 1.8712214197582376e-10, 0.00029504474894036735], [0.0005538072987077913, 0.03884469710047221, 0.77363353440562, 0.18696796119519996], [0.007795385275090101, 0.4857544287169742, 2.5099572378814825e-06, 0.5064476760506977], [0.005599057082519824, 0.6113988180707123, 0.008760533330010761, 0.37424159151675696], [0.02178419802101604, 0.9780807099889974, 2.9652542267906085e-07, 0.00013479546456388777], [0.019844390700040963, 0.11078666870866007, 0.0017323075335995797, 0.8676366330576993], [0.0534480485393046, 0.9445748850584249, 0.001969120038786722, 7.946363483764004e-06]]}}