{"test": {"ids": ["103111170", "99107500", "100113210", "112118471", "108121160", "110121140", "103113101", "109120150", "112118620", "105115250", "112118581", "112120290", "111116090", "112120670", "99112300", "109113281", "99108710", "109118161", "111115770", "97113900", "109119460", "99108460", "98120010", "112119950", "111119610", "106115120", "106111321", "110115710", "109117600", "102121440", "103117200", "113122430", "107116501", "104113170", "103118110", "113121750", "110119300", "97116500", "111119290", "102112170", "106118161", "100116790", "105113330", "104111990", "111121190", "101108500", "104117630", "109121410", "106118301", "110116170", "110115250", "110120560", "108113480", "111116750", "109117110", "108116120", "109118701", "109115220", "99112840", "110116441", "111114321", "110117870", "102109910", "101108580", "109113881", "100108490", "97107920", "99109161", "98111620", "101111620", "112118511", "111116040", "108118630", "110117200", "112117571", "109116170", "107114110", "100111270", "110121720", "106119260", "113122170", "108114360", "103113610", "103110220", "108113760", "113118690", "99108520", "113117550", "101110200", "108114180", "111121410", "104116441", "107114950", "111120320", "111120190", "101115190", "107118520", "98111670", "106114150", "102110890", "100109330", "105113440", "104118070", "112117030", "104113380", "113121980", "97105451", "109121640", "98121790", "109114220", "104116980", "97114170", "102116340", "110118740", "109116750", "98108520", "112117471", "108115970", "99112641", "106120290", "110117080", "112117210", "112118890", "101111310", "100116500", "106112770", "110120640", "105116860", "98107210", "111121220", "105114220", "110121500", "101116130", "103118291", "106121220", "104117200", "109119450", "108120700", "109116810", "98108410", "108114200", "101108950"], "labels": [2, 0, 0, 1, 2, 3, 3, 2, 3, 2, 1, 1, 3, 2, 0, 0, 2, 0, 3, 2, 1, 0, 2, 0, 2, 1, 0, 2, 1, 2, 0, 2, 1, 3, 2, 0, 1, 2, 3, 3, 3, 2, 3, 2, 1, 3, 0, 0, 1, 0, 1, 0, 0, 3, 1, 1, 3, 3, 2, 3, 1, 3, 2, 0, 0, 2, 0, 3, 3, 3, 1, 0, 1, 3, 3, 0, 1, 2, 3, 1, 1, 1, 2, 2, 1, 3, 2, 3, 2, 1, 0, 1, 3, 1, 3, 1, 2, 1, 1, 0, 0, 0, 2, 2, 1, 2, 0, 0, 2, 3, 1, 2, 3, 3, 0, 2, 3, 2, 1, 2, 1, 1, 3, 3, 2, 1, 0, 2, 1, 3, 3, 3, 2, 0, 1, 3, 3, 2, 3, 1, 0, 2], "predicted_labels": [0, 0, 1, 1, 1, 3, 1, 1, 3, 3, 3, 0, 0, 3, 3, 3, 1, 1, 0, 1, 1, 0, 0, 0, 3, 3, 1, 1, 3, 3, 1, 1, 1, 3, 1, 1, 3, 1, 1, 3, 0, 3, 1, 1, 3, 1, 1, 1, 0, 1, 1, 3, 1, 3, 1, 0, 3, 0, 1, 1, 1, 1, 3, 3, 0, 1, 0, 0, 1, 1, 1, 3, 3, 1, 1, 0, 3, 1, 0, 3, 1, 1, 3, 1, 1, 3, 1, 3, 1, 3, 1, 1, 3, 3, 1, 1, 1, 1, 0, 1, 0, 1, 1, 1, 3, 0, 1, 3, 0, 1, 1, 3, 1, 3, 1, 0, 1, 3, 1, 3, 1, 1, 1, 1, 3, 1, 3, 1, 1, 0, 1, 3, 1, 3, 1, 3, 1, 0, 1, 1, 3, 1], "confidence_scores": [[0.3122041292041293, 0.2773136724386725, 0.16455059523809518, 0.24593160311910311], [0.3100387667887668, 0.30708524808524823, 0.17526878676878677, 0.2076071983571983], [0.18128284909534917, 0.34097265234765234, 0.22757287157287162, 0.2501716269841271], [0.27991865079365075, 0.2925218253968254, 0.17320851370851367, 0.25435101010101013], [0.2742294233544234, 0.3317437978687978, 0.1466471167721167, 0.24737966200466208], [0.2881679847929849, 0.26550301087801087, 0.14996969696969692, 0.2963593073593075], [0.25072350280438505, 0.3244854687795864, 0.16351692751692753, 0.2612741008991009], [0.2644196636696637, 0.2897665945165946, 0.193177516927517, 0.252636224886225], [0.2682564796314797, 0.2820697496947497, 0.14738822288822293, 0.30228554778554784], [0.23658387445887447, 0.30099091186591187, 0.1549648823398823, 0.3074603313353314], [0.22903053890553893, 0.286958707958708, 0.19292178654678654, 0.29108896658896655], [0.2920293872793873, 0.28674650349650355, 0.1312921522921523, 0.2899319569319569], [0.4010136391386392, 0.19960021922521926, 0.11566638916638912, 0.2837197524697525], [0.2176639610389611, 0.2941423160173163, 0.15996897546897546, 0.3282247474747475], [0.23932478632478632, 0.2473768592518593, 0.15788275613275604, 0.3554155982905982], [0.3071988636363637, 0.20535694860694864, 0.16306664169164165, 0.32437754606504604], [0.2249287518037518, 0.3502251082251082, 0.17647528860028863, 0.24837085137085135], [0.2576883671883673, 0.346412733100233, 0.1858901723276723, 0.2100087273837274], [0.32591630591630605, 0.2854700577200577, 0.11057936507936501, 0.2780342712842712], [0.2751406926406928, 0.3192097208347208, 0.16695670995670994, 0.23869287656787666], [0.22125860250860252, 0.32932604895104894, 0.17643531468531468, 0.272980033855034], [0.30988333398627527, 0.2646124431124433, 0.12452507215007212, 0.3009791507512096], [0.2706593137254902, 0.25855863499245857, 0.2148000333000333, 0.25598201798201803], [0.32401665001665003, 0.20428230103230105, 0.15798598623598623, 0.31371506271506283], [0.2751094134623547, 0.27331895881895885, 0.13697038174244056, 0.314601245976246], [0.23081908369408383, 0.29879523254523266, 0.16620188145188142, 0.30418380230880243], [0.25569305694305705, 0.30127453102453106, 0.15998296148296146, 0.2830494505494506], [0.2545441225441225, 0.3033933427683428, 0.16029877067377066, 0.2817637640137641], [0.22860091991341988, 0.27632915001665015, 0.15533116883116882, 0.33973876123876123], [0.2749852716727718, 0.2511152597402598, 0.15911040348540348, 0.3147890651015652], [0.24804881229881226, 0.33591714535464534, 0.1569592768342768, 0.25907476551226555], [0.23155851093351087, 0.31282671495171505, 0.16648638167388172, 0.2891283924408925], [0.27606495587745583, 0.33514935064935064, 0.133254329004329, 0.25553136446886454], [0.26553591547341543, 0.2677015345765346, 0.17907449494949496, 0.28768805500055505], [0.2558271103896103, 0.29384117965367973, 0.18446212121212127, 0.26586958874458877], [0.272124333999334, 0.35245497557997574, 0.11333369408369406, 0.2620869963369964], [0.2499560627281216, 0.2997170815295815, 0.1367955447330447, 0.3135313110092522], [0.2689195942945944, 0.2926566072816073, 0.17306897269397267, 0.2653548257298257], [0.2417392199303965, 0.28926078006960354, 0.1984117965367966, 0.2705882034632035], [0.26692693417693425, 0.24942911255411265, 0.14744444444444443, 0.3361995088245089], [0.28896794871794884, 0.28234859584859595, 0.154175283050283, 0.2745081723831724], [0.22599594155844163, 0.2921714674214675, 0.1495419857919858, 0.3322906052281052], [0.29355290542790546, 0.3054600260850262, 0.1366640165390165, 0.26432305194805206], [0.17994773363891006, 0.355373875307699, 0.20268221361971364, 0.26199617743367754], [0.2969415445665446, 0.24214898989899003, 0.15240674603174598, 0.3085027195027195], [0.1990895354645354, 0.3743539516039515, 0.17902308802308797, 0.24753342490842495], [0.22707593795093792, 0.30416414141414144, 0.20367794011544013, 0.26508198051948056], [0.19493533264121501, 0.38460164427076193, 0.17010732323232322, 0.25035569985569983], [0.36678192640692653, 0.28226583139083133, 0.1294479131979131, 0.22150432900432915], [0.2401550671550671, 0.3418828116328118, 0.1276123182373182, 0.2903498029748029], [0.2344420995670996, 0.3263769841269841, 0.16150396825396826, 0.2776769480519481], [0.23217871711621707, 0.29561224682180576, 0.17545333343127453, 0.29675570263070256], [0.1865281593406593, 0.3380355894105895, 0.19437948856698853, 0.2810567626817628], [0.2689533730158729, 0.21884228271728265, 0.14471189921189917, 0.3674924450549453], [0.2514705155955157, 0.3151653346653346, 0.16024300699300692, 0.27312114274614285], [0.29759583472083473, 0.25447090409590417, 0.1512733238983239, 0.29665993728493734], [0.2674246031746033, 0.2463122433122434, 0.15180512543012536, 0.3344580280830281], [0.28271926480382364, 0.2772408216783217, 0.17037758075258072, 0.26966233276527396], [0.21118061105561112, 0.3385913947163949, 0.17415891053391053, 0.27606908369408373], [0.22265788378288376, 0.3888695887445888, 0.18136489898989894, 0.20710762848262848], [0.2647078615828616, 0.31045303307803307, 0.11976659451659448, 0.30507251082251097], [0.2604229569450158, 0.2930779775779776, 0.16148863636363633, 0.28501042911337043], [0.23509487734487738, 0.2598551587301588, 0.1674229797979798, 0.337626984126984], [0.3049091117216117, 0.20668833943833942, 0.15140949328449327, 0.33699305555555575], [0.3679570568320569, 0.2828710594960595, 0.1231294677544677, 0.22604241591741603], [0.20246608660946902, 0.2919580778698425, 0.23427283990519293, 0.27130299561549565], [0.34987716450216455, 0.163087579087579, 0.1634733877233877, 0.32356186868686876], [0.3104157647907648, 0.3021450077700078, 0.12255566655566653, 0.2648835608835609], [0.1738371212121212, 0.31705312049062045, 0.23791639610389612, 0.27119336219336215], [0.18381172993672995, 0.3575387945387947, 0.17506592712842714, 0.2835835483960485], [0.281049173049173, 0.3029698634698635, 0.1581793068043068, 0.2578016566766567], [0.2656948953823953, 0.26704122266622277, 0.14017044760794758, 0.32709343434343446], [0.18925041625041625, 0.2865966810966812, 0.22029834054834052, 0.3038545621045622], [0.2354037698412698, 0.3459969336219336, 0.16342306998556996, 0.2551762265512266], [0.27395616883116874, 0.32686069486069497, 0.17471699134199134, 0.22446614496614498], [0.29926515151515154, 0.2901366182836772, 0.1289402215431627, 0.28165800865800866], [0.32116720779220786, 0.22989953102453103, 0.11206102231102229, 0.336872238872239], [0.19238870851370854, 0.3260111832611832, 0.16907954545454548, 0.3125205627705628], [0.3296165778665779, 0.27810396547896543, 0.15013840326340328, 0.2421410533910534], [0.22446699134199144, 0.2331468115218117, 0.16154721667221664, 0.38083898046398057], [0.1897662545787546, 0.3053152264402264, 0.20220232545232544, 0.30271619352869356], [0.24888414363414368, 0.2849234148204737, 0.18325557285851407, 0.2829368686868688], [0.2003243700743701, 0.29823751248751246, 0.18958008658008663, 0.3118580308580308], [0.2237839660339661, 0.279859015984016, 0.2482825924075925, 0.2480744255744256], [0.27415580253080263, 0.28661019536019533, 0.17785275835275838, 0.2613812437562438], [0.22364754689754687, 0.28036634199134197, 0.19736787518037513, 0.298618235930736], [0.21483502608502608, 0.3104290431790432, 0.2544687395937396, 0.22026719114219112], [0.28141686091686097, 0.2392784992784993, 0.17554852092352097, 0.30375611888111903], [0.24390632978132984, 0.31774774531024524, 0.17994729575979573, 0.2583986291486292], [0.22160160672660678, 0.27814568764568776, 0.19860434010434017, 0.3016483655233655], [0.260425074925075, 0.32931938894438884, 0.1702477106227106, 0.24000782550782554], [0.26370075757575756, 0.33091672216672224, 0.10708988233988231, 0.298292637917638], [0.2821066433566434, 0.28083526196026193, 0.12878932178932176, 0.308268772893773], [0.2591864940614941, 0.2645244477744479, 0.16041774891774888, 0.31587130924630935], [0.19332861582861585, 0.33054544067044067, 0.18669244644244645, 0.2894334970584971], [0.21744733044733053, 0.3380824314574315, 0.12751569264069265, 0.3169545454545455], [0.25703762903762917, 0.3162382756132757, 0.1559460678210678, 0.27077802752802765], [0.2638886570945395, 0.2881679578591344, 0.17196977532271646, 0.2759736097236098], [0.32408537296037304, 0.22343434343434346, 0.1919796176046176, 0.2605006660006661], [0.2562392786951611, 0.31827320187981956, 0.16478318903318903, 0.26070433039183044], [0.3121269841269841, 0.24769035131535136, 0.1605456349206349, 0.27963702963702974], [0.2305544733044734, 0.3058948967698968, 0.17601401376401374, 0.28753661616161635], [0.2041529581529581, 0.3224641608391609, 0.19554552392052393, 0.27783735708735713], [0.21713304750804752, 0.32940875790875795, 0.16151473526473523, 0.29194345931845944], [0.22449812687312684, 0.26940764790764804, 0.18746065046065044, 0.3186335747585748], [0.3351042568542569, 0.30374549062049067, 0.12686634199134197, 0.23428391053391057], [0.26404306722689075, 0.28709588818044696, 0.1793867688683865, 0.26947427572427585], [0.24319684482184492, 0.2594867077367076, 0.17062674825174828, 0.32668969918969926], [0.2935524891774893, 0.26565270840270844, 0.19074898712398705, 0.2500458152958153], [0.2409585137085138, 0.31158297258297246, 0.1779819624819624, 0.26947655122655123], [0.21856360306360303, 0.3321285936285936, 0.17210600510600516, 0.27720179820179813], [0.20406522644022643, 0.25586056998557005, 0.18095544733044744, 0.35911875624375633], [0.2617331418581419, 0.3041692196692197, 0.18662570762570765, 0.24747193084693092], [0.2802881571043336, 0.2634168046006281, 0.16587780275280278, 0.29041723554223564], [0.22452471139971142, 0.3280045093795094, 0.18675595238095238, 0.26071482683982694], [0.3449567515817516, 0.22994175269175265, 0.1479408369408369, 0.2771606587856587], [0.2098022602397602, 0.2955862887112887, 0.20692145354645355, 0.2876899975024976], [0.23882070707070713, 0.27675008325008327, 0.20031906981906986, 0.28411013986013983], [0.22523656980274626, 0.3142093731431967, 0.15510360472860468, 0.30545045232545237], [0.1948606254856255, 0.29037362637362646, 0.19860285547785544, 0.3161628926628926], [0.279328934953935, 0.3114253524253524, 0.1569390748140748, 0.25230663780663787], [0.26234781884781894, 0.28296825396825404, 0.17395292207792207, 0.2807310051060051], [0.26263744588744586, 0.30343362193362206, 0.1813252164502164, 0.2526037157287158], [0.24570694583194588, 0.2632614607614608, 0.23563141025641027, 0.2554001831501832], [0.2096811946223711, 0.26412537380919743, 0.22022462259962253, 0.305968808968809], [0.21654587079587068, 0.31381561494061505, 0.1904062604062604, 0.279232253857254], [0.25978064990564986, 0.2816200604950605, 0.17101868964368955, 0.2875805999556001], [0.26008946608946615, 0.2965113428238429, 0.17037520118770108, 0.2730239898989899], [0.22136525974025972, 0.34322878510378524, 0.18057155344655346, 0.25483440170940175], [0.30401123876123876, 0.2325015678765679, 0.17997279517867754, 0.2835143981835159], [0.22323803973803977, 0.29663349150849144, 0.1885651015651016, 0.29156336718836723], [0.28848899711399717, 0.2687773615273616, 0.12368488455988452, 0.319048756798757], [0.2556452020202021, 0.2943679653679654, 0.21044354256854256, 0.23954329004329], [0.28824170274170274, 0.25657503607503607, 0.15941901154401156, 0.29576424963924974], [0.2095278887778888, 0.3338237734487734, 0.18112569375069373, 0.27552264402264415], [0.23886973443223444, 0.27166590354090353, 0.15906939588189584, 0.3303949661449662], [0.20310124597624604, 0.3567293262293263, 0.1883133533133533, 0.2518560744810745], [0.4511699134199134, 0.18419914807414803, 0.10538943001442996, 0.25924150849150857], [0.286771214896215, 0.31041838716838716, 0.12801873126873123, 0.2747916666666668], [0.22358403402153404, 0.2964246586746587, 0.18470683197521431, 0.2952844753285931], [0.24156780719280724, 0.2695005411255412, 0.18844433344433342, 0.3004873182373183], [0.20540445665445667, 0.30984995559995565, 0.1985209512709513, 0.2862246364746366]]}, "rewritten": {"ids": ["97105451", "97107920", "97113900", "97114170", "97116500", "98107210", "98108410", "98108520", "98111620", "98111670", "98120010", "98121790", "99107500", "99108460", "99108520", "99108710", "99109161", "99112300", "99112641", "99112840", "100108490", "100109330", "100111270", "100113210", "100116500", "100116790", "101108500", "101108580", "101108950", "101110200", "101111310", "101111620", "101115190", "101116130", "102109910", "102110890", "102112170", "102116340", "102121440", "103110220", "103111170", "103113101", "103113610", "103117200", "103118110", "103118291", "104111990", "104113170", "104113380", "104116441", "104116980", "104117200", "104117630", "104118070", "105113330", "105113440", "105114220", "105115250", "105116860", "106111321", "106112770", "106114150", "106115120", "106118161", "106118301", "106119260", "106120290", "106121220", "107114110", "107114950", "107116501", "107118520", "108113480", "108113760", "108114180", "108114200", "108114360", "108115970", "108116120", "108118630", "108120700", "108121160", "109113281", "109113881", "109114220", "109115220", "109116170", "109116750", "109116810", "109117110", "109117600", "109118161", "109118701", "109119450", "109119460", "109120150", "109121410", "109121640", "110115250", "110115710", "110116170", "110116441", "110117080", "110117200", "110117870", "110118740", "110119300", "110120560", "110120640", "110121140", "110121500", "110121720", "111114321", "111115770", "111116040", "111116090", "111116750", "111119290", "111119610", "111120190", "111120320", "111121190", "111121220", "111121410", "112117030", "112117210", "112117471", "112117571", "112118471", "112118511", "112118581", "112118620", "112118890", "112119950", "112120290", "112120670", "113117550", "113118690", "113121750", "113121980", "113122170", "113122430"], "labels": [0, 0, 2, 2, 2, 1, 1, 2, 3, 1, 2, 2, 0, 0, 2, 2, 3, 0, 1, 2, 2, 0, 2, 0, 2, 2, 3, 0, 2, 2, 3, 3, 1, 2, 2, 0, 3, 3, 2, 2, 2, 3, 2, 0, 2, 0, 2, 3, 1, 1, 1, 3, 0, 2, 3, 0, 3, 2, 2, 0, 1, 1, 1, 3, 1, 1, 2, 1, 1, 3, 1, 2, 0, 1, 1, 0, 1, 2, 1, 1, 2, 2, 0, 0, 3, 3, 0, 0, 3, 1, 1, 0, 3, 3, 1, 2, 0, 0, 1, 2, 0, 3, 1, 3, 3, 3, 1, 0, 0, 3, 3, 3, 1, 3, 0, 3, 3, 3, 2, 3, 1, 1, 3, 0, 2, 1, 3, 3, 1, 1, 1, 3, 3, 0, 1, 2, 3, 3, 0, 2, 1, 2], "predicted_labels": [0, 0, 1, 0, 1, 1, 0, 0, 1, 1, 0, 0, 0, 0, 1, 1, 0, 0, 0, 0, 1, 0, 1, 0, 0, 3, 1, 0, 0, 0, 1, 1, 1, 3, 0, 1, 3, 1, 0, 0, 0, 0, 3, 1, 0, 0, 1, 0, 3, 1, 1, 3, 3, 1, 0, 0, 0, 1, 0, 0, 1, 0, 0, 0, 0, 3, 0, 3, 0, 0, 1, 1, 3, 3, 0, 1, 0, 0, 3, 1, 0, 0, 0, 0, 0, 0, 0, 0, 3, 3, 3, 0, 0, 1, 1, 3, 1, 0, 0, 0, 0, 0, 0, 0, 0, 0, 3, 0, 1, 3, 0, 0, 0, 1, 1, 0, 3, 1, 0, 0, 0, 0, 3, 0, 3, 3, 0, 0, 0, 0, 0, 1, 1, 0, 0, 0, 1, 0, 0, 1, 3, 1], "confidence_scores": [[0.4342056832056832, 0.2857764041514042, 0.07772023809523809, 0.20229767454767458], [0.3630872183372184, 0.2011992174492175, 0.15914618714618714, 0.2765673770673771], [0.25075005550005547, 0.31120056332556334, 0.19811224886224885, 0.23993713231213243], [0.31486724386724396, 0.2709354999575587, 0.146490365843307, 0.2677068903318904], [0.2930541680541681, 0.3146702047952047, 0.1165841242091242, 0.27569150294150296], [0.2979297785547785, 0.3337015484515484, 0.128638098013098, 0.23973057498057515], [0.2997440476190476, 0.29271793484293485, 0.14680273892773893, 0.2607352786102787], [0.4029420856920858, 0.23828564491064497, 0.13942492638080872, 0.21934734301646078], [0.23033026695526698, 0.3029922993672993, 0.17492472804972803, 0.2917527056277057], [0.22126984126984126, 0.2997026009121597, 0.20131855848399968, 0.2777089993339994], [0.35019724719724726, 0.2261576340326341, 0.13635714285714282, 0.28728797591297595], [0.370523323898324, 0.251593253968254, 0.1372264402264402, 0.24065698190698195], [0.3580088106338107, 0.32145381007881013, 0.09539502164502163, 0.22514235764235763], [0.35162469474969477, 0.25677308802308807, 0.1473950216450216, 0.24420719558219559], [0.26624515762015766, 0.29223408535908546, 0.18266322566322565, 0.25885753135753137], [0.273882665945166, 0.33293957431457444, 0.12943488455988456, 0.2637428751803752], [0.37102120183737824, 0.27201986820369184, 0.10567393717393715, 0.2512849927849928], [0.34489733183483173, 0.20081412337662335, 0.1471638708513708, 0.3071246739371739], [0.3832024095185859, 0.21319986875869223, 0.14590014152514152, 0.25769758019758027], [0.2867245115995117, 0.2735634365634366, 0.1629206904206904, 0.27679136141636146], [0.2862704933954934, 0.3256492118992119, 0.1929673104673105, 0.1951129842379843], [0.35321284271284287, 0.24412842712842725, 0.1458829365079365, 0.25677579365079367], [0.25685737873237874, 0.321793179043179, 0.1516499611499611, 0.26969948107448116], [0.2942174075924075, 0.2782825230325231, 0.1490897158397158, 0.2784103535353537], [0.3367635281385282, 0.24329848623598618, 0.1720359501609501, 0.24790203546453554], [0.28936345598845603, 0.28040999278499285, 0.12055243367743365, 0.3096741175491175], [0.23982924020424018, 0.3112225274725276, 0.16569642857142847, 0.28325180375180375], [0.3138551587301588, 0.24211111111111108, 0.16596230158730155, 0.2780714285714286], [0.31043867243867246, 0.3043709068709069, 0.1383253413253413, 0.2468650793650793], [0.28934967809967815, 0.27521681096681094, 0.16614496614496613, 0.26928854478854486], [0.24621608946608953, 0.33423063048063056, 0.1713669524919525, 0.24818632756132758], [0.2900139998889998, 0.3170939060939061, 0.12608413808413804, 0.26680795593295586], [0.2330196608946609, 0.31646872571872575, 0.1645374070374071, 0.2859742063492064], [0.2659757464757465, 0.2833207833832833, 0.13140017621267622, 0.31930329392829393], [0.3662720482132248, 0.19989274532656887, 0.10842340992340987, 0.3254117965367966], [0.2689351898101899, 0.2843182026307025, 0.16812103174603166, 0.2786255758130759], [0.31883131451881463, 0.23226241119991123, 0.1267569444444444, 0.32214932983683], [0.28520087551337553, 0.29122863247863245, 0.17781881313131323, 0.24575167887667884], [0.3336299256299257, 0.22085424297924297, 0.14945743145743143, 0.2960583999334], [0.30775739538239544, 0.30499963924963935, 0.15053932178932175, 0.23670364357864362], [0.363505092130092, 0.2559029442779443, 0.13964123376623372, 0.24095072982572974], [0.34809632524338396, 0.268058977786919, 0.13644336219336214, 0.24740133477633489], [0.2725434912309913, 0.26319404900654897, 0.15015230602730598, 0.3141101537351537], [0.20548560181648415, 0.376818229564553, 0.19057198030727446, 0.22712418831168832], [0.30299467893217896, 0.30001217532467545, 0.15932972582972585, 0.2376634199134199], [0.428614017926518, 0.26220408064158074, 0.12087021312021311, 0.18831168831168824], [0.27772875816993464, 0.27944860613242967, 0.18422862554112554, 0.2585940101565102], [0.33083662171162176, 0.27124210511710517, 0.19357305194805194, 0.20434822122322127], [0.24471834415584418, 0.26468568033273915, 0.1678951416230828, 0.322700833888334], [0.28693159699777354, 0.31405459736342084, 0.12675595238095233, 0.2722578532578533], [0.22725811688311687, 0.2958716283716284, 0.18956737706737709, 0.2873028776778777], [0.24918081224331232, 0.30130891330891335, 0.14745757020757014, 0.30205270424020414], [0.2661348304473305, 0.27917938311688306, 0.149392316017316, 0.3052934704184705], [0.2468207972582972, 0.3378059163059163, 0.16732395382395382, 0.24804933261183265], [0.35402576671694325, 0.22101030831913188, 0.1513368437118437, 0.27362708125208124], [0.358412067099567, 0.23410270774976663, 0.14143264578558695, 0.26605257936507937], [0.3035686298995122, 0.2966875583566761, 0.11452528435616667, 0.28521852738764514], [0.28828535353535356, 0.30714439033189034, 0.11654437229437224, 0.28802588383838396], [0.3118998917748918, 0.2765461760461761, 0.1722575757575757, 0.23929635642135647], [0.31337572150072157, 0.27175703463203466, 0.1105366161616161, 0.3043306277056277], [0.26821019258519263, 0.2907198357198358, 0.1666585497835498, 0.2744114219114219], [0.450350468975469, 0.2439387418137418, 0.10696800421800416, 0.198742784992785], [0.3432487798149564, 0.270935924369748, 0.12723015873015867, 0.2585851370851372], [0.37338335275835277, 0.23312398712398721, 0.1270113636363636, 0.26648129648129654], [0.37530254467754476, 0.23266275391275393, 0.10145797258297257, 0.29057672882672886], [0.2831480533355533, 0.23693372599622606, 0.16981486568986567, 0.3101033549783549], [0.28726641414141424, 0.25895977633477635, 0.1825091991341991, 0.27126461038961036], [0.2745177322677323, 0.28897907647907656, 0.12383243145743146, 0.31267075979575987], [0.36799783549783555, 0.2486655844155844, 0.10643037518037515, 0.2769062049062049], [0.3259384920634921, 0.24493380230880235, 0.1429563492063492, 0.2861713564213564], [0.24648358585858574, 0.34750865800865804, 0.18171392496392497, 0.2242938311688313], [0.29017626899244553, 0.3011060181648417, 0.1468326118326118, 0.2618851010101011], [0.2535639985014986, 0.294859231046731, 0.14059192196692197, 0.31098484848484864], [0.29036838161838163, 0.2739686702186702, 0.12940187590187585, 0.30626107226107224], [0.31782994497332734, 0.28674946662814316, 0.14721305981600094, 0.24820752858252848], [0.27705266955266955, 0.31966666666666665, 0.10911363636363636, 0.29416702741702755], [0.29907240063857715, 0.2943786899375135, 0.13095646020646015, 0.2755924492174493], [0.32127348346098344, 0.26763001581751594, 0.12371320346320344, 0.2873832972582973], [0.2509854589854589, 0.26429039016539024, 0.14323328060828058, 0.3414908702408703], [0.28686066017316025, 0.30278810772560777, 0.14157678432678425, 0.2687744477744478], [0.5518235930735931, 0.17319330669330668, 0.08232034632034635, 0.19266275391275392], [0.32805423824541485, 0.2979876087964324, 0.1476307026307026, 0.22632745032745036], [0.4575004350224937, 0.22384072871572872, 0.08756514727102963, 0.23109368899074784], [0.38210454822954815, 0.21337108724608733, 0.15116874791874793, 0.2533556166056166], [0.2988897907647908, 0.2597815656565657, 0.14310425685425687, 0.2982243867243868], [0.32939402958152975, 0.27193641774891775, 0.12729924242424237, 0.2713703102453102], [0.32311854322148437, 0.24024377705627714, 0.1309341422466422, 0.3057035374755963], [0.30697150072150065, 0.288218253968254, 0.18243356643356645, 0.2223766788766789], [0.2825631868131868, 0.2917687035187036, 0.12014387001886999, 0.3055242396492398], [0.2355798229548229, 0.2695772977022977, 0.16394746919746922, 0.3308954101454102], [0.2887954545454545, 0.2799435425685426, 0.13945862470862472, 0.29180237817737825], [0.34452085414585426, 0.2795652819402819, 0.13791269841269838, 0.23800116550116546], [0.33874446386946394, 0.30343638306138315, 0.1101742979242979, 0.24764485514485515], [0.2244071067821068, 0.34117099567099557, 0.17971971084471086, 0.2547021867021868], [0.25397312409812417, 0.315465367965368, 0.1723638167388167, 0.25819769119769126], [0.23116143578643578, 0.24090566378066375, 0.20098457792207802, 0.3269483225108225], [0.2799114357864358, 0.29992622655122664, 0.12837229437229433, 0.29179004329004327], [0.32273937867687863, 0.2665272366522367, 0.12879281829281827, 0.2819405663780664], [0.3960994838494839, 0.23756555944055943, 0.11765610778110776, 0.24867884892884892], [0.4133634559884559, 0.23686201298701293, 0.0969931596181596, 0.2527813714063714], [0.3595238095238097, 0.303953823953824, 0.10113367188367185, 0.23538869463869466], [0.36987103174603175, 0.2749742063492064, 0.11410101010101009, 0.2410537518037518], [0.34210651848151846, 0.24419544834250725, 0.15974869085163199, 0.25394934232434235], [0.31808200133200126, 0.2898959235209236, 0.1265401126651127, 0.26548196248196254], [0.3176304667554668, 0.26344486069486067, 0.12664688089688086, 0.2922777916527918], [0.2900612165612166, 0.27475733988233986, 0.14908362470862468, 0.2860978188478189], [0.27462680375180376, 0.28132978132978137, 0.1558445720945721, 0.2881988428238429], [0.3431189574314575, 0.2560522186147187, 0.13920436507936507, 0.26162445887445895], [0.2524126082251082, 0.33844128787878797, 0.12106350593850591, 0.288082597957598], [0.24492532467532474, 0.2919133644133644, 0.17100396825396824, 0.2921573426573427], [0.29283838383838395, 0.2579152236652236, 0.15693235930735924, 0.2923140331890331], [0.34240818903318904, 0.24481764069264067, 0.18752707015207012, 0.2252471001221002], [0.34306553169053194, 0.2535770202020202, 0.10479240204240199, 0.2985650460650461], [0.2781340742590744, 0.30384379509379505, 0.13573863636363634, 0.2822834942834943], [0.2781483793983794, 0.29717514430014447, 0.15093832556332554, 0.2737381507381509], [0.35750106837606843, 0.27878192640692634, 0.1573249528249528, 0.20639205239205247], [0.30591017316017316, 0.235842698967699, 0.1519867909867909, 0.30626033688533705], [0.24945590602208254, 0.31806454574836934, 0.16563335275835273, 0.26684619547119554], [0.2820113497613498, 0.2631285381285382, 0.20164070651570656, 0.2532194055944056], [0.4161703712953713, 0.22515114052614052, 0.08887339049839049, 0.26980509768009775], [0.4085050227550227, 0.22471499333999337, 0.11976677489177487, 0.24701320901320908], [0.3320129731379731, 0.23854599567099574, 0.127393759018759, 0.3020472721722722], [0.27588293650793644, 0.2503451825951827, 0.1155934343434343, 0.35817844655344655], [0.3206631146631146, 0.2544192266067266, 0.14665398490398487, 0.27826367382617384], [0.26120121545121555, 0.2699232711732711, 0.1828286574536575, 0.2860468559218561], [0.2704476565101565, 0.2873203463203463, 0.15474485930735926, 0.28748713786213786], [0.29090007215007213, 0.25300024975024976, 0.20144042069042076, 0.25465925740925743], [0.387257215007215, 0.23645670995671003, 0.1298919691419691, 0.24639410589410585], [0.388488455988456, 0.24537547175047178, 0.1309668803418803, 0.23516919191919203], [0.3373059440559441, 0.2689997224997226, 0.10254230491730491, 0.29115202852702854], [0.3271677350427351, 0.26076570651570646, 0.12687759462759454, 0.28518896381396386], [0.2723809940059941, 0.31587561050061047, 0.16037601287601283, 0.2513673826173826], [0.26949848762348766, 0.3261022033522034, 0.14024446386946388, 0.26415484515484516], [0.36563804251304255, 0.2127259178729767, 0.10011457496751613, 0.3215214646464647], [0.2803033771783773, 0.2784561896436896, 0.18603019203019208, 0.25521024114774116], [0.3898261252636253, 0.224656302031302, 0.1762543081918082, 0.2092632645132645], [0.27613306138306143, 0.3011646964146965, 0.1897693833943834, 0.23293285880785874], [0.3232775974025975, 0.24268849206349205, 0.15328626928626923, 0.2807476412476413], [0.3221710511710512, 0.30988066100566114, 0.08795454545454541, 0.2799937423687424], [0.30544029581529586, 0.3109310966810967, 0.13540999278499277, 0.24821861471861476], [0.22002940115440123, 0.26008059301809305, 0.18730534049284042, 0.3325846653346653], [0.2273747294372295, 0.35949904262404253, 0.14504770923520924, 0.2680785187035188]]}}