{"test": {"ids": ["97106820", "99120010", "108115870", "102110050", "106113360", "108117720", "99107300", "97112290", "111121351", "99111340", "106115120", "109120150", "104113240", "103109021", "113120070", "108119330", "107114780", "113118511", "110116290", "107113180", "102110690", "107115140", "113119300", "111120591", "101112160", "98116500", "108118060", "97116800", "97105760", "113118820", "101112540", "102109910", "100111620", "111116090", "97107040", "110116300", "105112260", "111120640", "97112830", "113122220", "111120280", "105113620", "106116820", "110120540", "107114140", "108117360", "106117650", "103113170", "100108580", "106117790", "101119591", "107121700", "99107640", "104113190", "105113260", "98106560", "107114490", "109114651", "110119030", "98116090", "104111380", "104114410", "110114321", "112116800", "111117571", "101108080", "99112840", "97118210", "112120990", "102107961", "112119120", "111116640", "98112170", "100108520", "98111860", "110118810", "113119320", "111115780", "103110840", "108118291", "97108520", "105117431", "106121190", "112117210", "110118121", "113120540", "99112531", "111114321", "97105960", "101111990", "104110960", "101108500", "105115720", "97107920", "107118820", "98120010", "103109641", "109114030", "101109120", "106114321", "97113900", "112116990", "108120280", "103110050", "112116501", "112120640", "99108310", "108121160", "113119340", "98119591", "107112850", "110114610", "110117500", "107120260", "113119950", "112117471", "105117351", "112121410", "97107821", "113120260", "112118860", "107114200", "101111310", "107114280", "111120220", "113120531", "112118701", "108113700", "102121700", "99111440", "107118780", "98110680", "112116540", "106118161", "107117010", "110119891", "99112641", "112121351", "105119950", "102118380", "103110220", "106118820"], "labels": [1, 2, 3, 3, 0, 1, 3, 1, 0, 1, 1, 2, 2, 0, 2, 0, 2, 1, 2, 3, 0, 0, 1, 1, 3, 2, 1, 0, 0, 0, 2, 2, 3, 3, 2, 3, 3, 0, 2, 1, 0, 0, 1, 1, 2, 1, 1, 3, 0, 1, 0, 3, 1, 3, 3, 1, 3, 3, 0, 0, 3, 1, 1, 0, 3, 0, 2, 2, 2, 3, 1, 0, 3, 2, 0, 1, 1, 1, 1, 3, 2, 1, 2, 1, 3, 3, 3, 1, 2, 2, 2, 3, 1, 0, 3, 2, 1, 1, 1, 2, 2, 0, 3, 3, 3, 0, 2, 2, 0, 1, 1, 1, 1, 1, 0, 3, 0, 0, 2, 3, 3, 2, 3, 3, 3, 0, 0, 0, 1, 3, 1, 2, 1, 3, 1, 3, 1, 0, 3, 1, 2, 3], "predicted_labels": [1, 2, 0, 0, 1, 3, 0, 2, 0, 2, 0, 3, 0, 1, 2, 3, 0, 3, 3, 0, 0, 3, 3, 0, 2, 3, 3, 1, 3, 1, 3, 3, 1, 3, 2, 1, 3, 3, 3, 1, 3, 2, 0, 2, 1, 3, 0, 1, 3, 3, 0, 3, 1, 1, 3, 3, 3, 3, 2, 1, 3, 1, 1, 0, 0, 3, 1, 0, 1, 1, 3, 1, 3, 3, 3, 3, 1, 1, 3, 0, 2, 1, 1, 1, 0, 0, 1, 1, 2, 1, 0, 0, 1, 3, 3, 0, 3, 1, 3, 3, 3, 3, 3, 1, 1, 3, 3, 3, 0, 1, 3, 0, 0, 1, 3, 1, 0, 3, 1, 1, 1, 1, 1, 0, 0, 1, 3, 0, 1, 0, 3, 2, 3, 1, 1, 3, 0, 3, 0, 1, 3, 1], "confidence_scores": [[0.2445874002804218, 0.3600074455685161, 0.14142318931444994, 0.2539819648366123], [0.1834851022414826, 0.25088928790883536, 0.3791492826942103, 0.1864763271554718], [0.35272259711742804, 0.3081035794816936, 0.11339069381407789, 0.2257831295868006], [0.5357677142333579, 0.2376901736490839, 0.1004910605496446, 0.12605105156791355], [0.22618562721558133, 0.3733268531855048, 0.18347672112366334, 0.21701079847525045], [0.20171194427750122, 0.16079937382947643, 0.1160591949439506, 0.5214294869490719], [0.40104140810413025, 0.30435833037034166, 0.1060160288574062, 0.1885842326681221], [0.24300081063983348, 0.141258963484181, 0.3512416959911129, 0.26449852988487277], [0.33507641946495276, 0.27315909964738583, 0.12196766343507857, 0.26979681745258277], [0.18932472080227544, 0.14180668769977509, 0.4667303367484676, 0.20213825474948183], [0.48458371613299767, 0.17787104275649715, 0.1321947244238491, 0.20535051668665627], [0.19245386527375796, 0.18534935374661424, 0.2534676237989058, 0.368729157180722], [0.3769125846665285, 0.3125404635769962, 0.16813613721475196, 0.14241081454172347], [0.24018698749731343, 0.40693397826716277, 0.1101027752850465, 0.24277625895047725], [0.1731113681254077, 0.23284516692567078, 0.40298898233598895, 0.19105448261293262], [0.27099967117357704, 0.1979375145460373, 0.12232934909419386, 0.4087334651861919], [0.3476743990592744, 0.23949442671524693, 0.2087531581940602, 0.2040780160314186], [0.2564661873919951, 0.15631759647249507, 0.0549054892169815, 0.5323107269185283], [0.27872813346049746, 0.17436450940059492, 0.2364138201482488, 0.31049353699065885], [0.3443589147722511, 0.26613261288299794, 0.12927361192217346, 0.2602348604225776], [0.40170084724838706, 0.2507484711729446, 0.09200155087062163, 0.25554913070804675], [0.2664096306592225, 0.1676104874044383, 0.1746109624035132, 0.391368919532826], [0.16688467965936762, 0.22738710446095672, 0.12532712580023608, 0.48040109007943965], [0.7721913232153284, 0.08729093432777006, 0.04965578030844284, 0.09086196214845875], [0.17905386160911643, 0.14654863808466234, 0.419898199620913, 0.25449930068530824], [0.26141672447456504, 0.22582034809648668, 0.15081365567460192, 0.3619492717543465], [0.27034675739778363, 0.15051434349188564, 0.10258639062216118, 0.4765525084881695], [0.18955456636733875, 0.40001080728854604, 0.24913330720936488, 0.16130131913475043], [0.15162124824712458, 0.13689493241682218, 0.15358233439898059, 0.5579014849370727], [0.22038162835302988, 0.49411459397347857, 0.061287313158044164, 0.22421646451544755], [0.18953998665789643, 0.25610465234085783, 0.2321791279346738, 0.322176233066572], [0.2948717419785517, 0.14827243116744793, 0.061221040059943894, 0.4956347867940565], [0.15061114848783422, 0.5593374805823503, 0.15872153456996688, 0.13132983635984866], [0.22245276435207414, 0.25459448067846, 0.10356973413432714, 0.41938302083513873], [0.19818021942014596, 0.26790215718710775, 0.2995133129388564, 0.23440431045389007], [0.3591206625102163, 0.361002140924721, 0.13688149497865298, 0.14299570158640965], [0.3507930298625055, 0.23081289477965972, 0.06102581825448227, 0.3573682571033526], [0.1457987550004676, 0.26051061963223354, 0.1785502650977235, 0.41514036026957546], [0.19466734565812588, 0.17821887836487446, 0.26650974161810287, 0.36060403435889676], [0.18445411914098372, 0.34498618597925695, 0.24020280705894953, 0.23035688782080996], [0.1937249879011646, 0.3158929428494683, 0.06600532528195802, 0.42437674396740926], [0.15101141283611447, 0.2691343541672472, 0.43119921747667767, 0.14865501551996063], [0.4293359184958499, 0.2781294703814236, 0.13595873306941578, 0.1565758780533108], [0.16272412428377303, 0.2045605182523747, 0.3771097870692824, 0.25560557039457005], [0.2317332408694303, 0.3710490766806463, 0.11745223759926787, 0.2797654448506557], [0.1382829318403637, 0.14924203645125775, 0.10899369895387849, 0.6034813327545002], [0.39044216333125215, 0.2642465329622934, 0.16016368768544154, 0.18514761602101296], [0.23870701551314094, 0.33039258698532387, 0.18716702498941193, 0.24373337251212313], [0.14123154307424787, 0.23937300797119107, 0.22709376142603266, 0.39230168752852845], [0.18130392385858732, 0.269261040955454, 0.2309357034279003, 0.31849933175805845], [0.48425757790463914, 0.17581212058077006, 0.06497368371822283, 0.2749566177963681], [0.21988776845197425, 0.20104472277711033, 0.12350875531351635, 0.45555875345739905], [0.21587062346624108, 0.37745599227333226, 0.1411372082757306, 0.2655361759846962], [0.3119176525652205, 0.3875887668619985, 0.06163906450273076, 0.2388545160700501], [0.19585249849922334, 0.27551288420952313, 0.16621025577092144, 0.3624243615203322], [0.22010407734202667, 0.15766564057403903, 0.2204072239680939, 0.40182305811584046], [0.21358244648861716, 0.2948025935118201, 0.15095046294451792, 0.3406644970550448], [0.3106206963982454, 0.27992546181933375, 0.09417788383515499, 0.3152759579472659], [0.14844250807542247, 0.35851348337512096, 0.36278223426594486, 0.1302617742835118], [0.10871288335274992, 0.42262649760207016, 0.10277172322828362, 0.3658888958168963], [0.291283809740338, 0.16599314999672915, 0.11378785254875924, 0.42893518771417355], [0.16309620475363507, 0.6187479588066821, 0.0578940531353735, 0.1602617833043092], [0.22418160824761413, 0.44027898989626485, 0.142393409681036, 0.19314599217508502], [0.3415280487485327, 0.3125712653347811, 0.10752222771074425, 0.23837845820594186], [0.3191890753143314, 0.3175002084990906, 0.06746974674105886, 0.2958409694455193], [0.21863201125401002, 0.24808792648748082, 0.24508817112306633, 0.28819189113544297], [0.27498703226465043, 0.40042966335415475, 0.16432886245567352, 0.16025444192552127], [0.4220951154209259, 0.08156540413347714, 0.19530966044754433, 0.3010298199980528], [0.2591315289363707, 0.3217718193425766, 0.1331476834180545, 0.2859489683029983], [0.2580448894844511, 0.41801490486624304, 0.1580470709838991, 0.1658931346654067], [0.1435184505612104, 0.315944598812584, 0.15910084552979614, 0.38143610509640946], [0.20550486745199906, 0.40071315646812644, 0.18993639815164579, 0.20384557792822877], [0.1975534375404477, 0.3330230767829065, 0.08497818935763049, 0.38444529631901536], [0.23961524521572075, 0.07968739886350792, 0.09476885299251192, 0.5859285029282593], [0.17043889605333606, 0.19434090879045585, 0.23177983057165344, 0.40344036458455457], [0.30145436122189123, 0.22395232229949177, 0.10642988138515062, 0.3681634350934664], [0.2949729581595812, 0.5189761979900132, 0.05157025507145421, 0.13448058877895144], [0.24009559247753154, 0.5165800510373508, 0.11492049476869466, 0.12840386171642298], [0.30381347837166156, 0.18132082773877625, 0.10508433183632537, 0.4097813620532367], [0.4982155842060009, 0.13536953964003434, 0.12214273650180685, 0.24427213965215797], [0.11019094770205529, 0.27188881482119814, 0.37008870355013535, 0.2478315339266113], [0.12141290506651763, 0.6418590191440273, 0.16122252355841984, 0.07550555223103514], [0.08614327518416047, 0.5167957483814712, 0.17873199038989399, 0.21832898604447432], [0.2501413796954801, 0.3887394800072149, 0.26861969298232774, 0.09249944731497736], [0.37255406863328727, 0.2254696468309429, 0.08541015103971895, 0.3165661334960509], [0.3935833526294893, 0.33414223800883475, 0.08942410891425116, 0.182850300447425], [0.14243295621563357, 0.4066121243832676, 0.09979131216544299, 0.3511636072356558], [0.3203828338353096, 0.37760313480546664, 0.10733848464236362, 0.1946755467168602], [0.1583647254211449, 0.17181798468689014, 0.44996624964726983, 0.21985104024469518], [0.1795086848770529, 0.35922923988398303, 0.22465488132059228, 0.23660719391837176], [0.46188250253361335, 0.18962302065491257, 0.17107464884347418, 0.1774198279679998], [0.4129958375287361, 0.17149123134137254, 0.14240557522989172, 0.2731073558999999], [0.20400887794292483, 0.44928148429210807, 0.10510446643424018, 0.24160517133072687], [0.2686722024860499, 0.21923899873231922, 0.13968925606594165, 0.37239954271568926], [0.19803051191085683, 0.2787680775938872, 0.06810562191763618, 0.4550957885776199], [0.38385455043538136, 0.2819826542797312, 0.18225233305610733, 0.15191046222878024], [0.18990768689442378, 0.2402873181995048, 0.26289857652707455, 0.30690641837899685], [0.21110565641811802, 0.34918730209439686, 0.12711707780904397, 0.31258996367844133], [0.20534579574412026, 0.2891696775780421, 0.165093312167447, 0.3403912145103907], [0.1793774451912883, 0.12301991510890065, 0.10732254968750497, 0.5902800900123062], [0.08208397486447704, 0.20824326940967255, 0.21965291573107334, 0.49001983999477716], [0.24560369415561362, 0.2119435759432558, 0.17608122553424638, 0.36637150436688437], [0.2749780465982255, 0.21148131900385705, 0.09453701429884431, 0.4190036200990732], [0.12109859848080728, 0.45140707652669415, 0.2390046855157189, 0.18848963947677977], [0.18409955699234135, 0.3637162092333149, 0.0990435151124166, 0.35314071866192726], [0.12407958520064506, 0.21306225138843887, 0.13794245633956786, 0.5249157070713482], [0.25802970217903676, 0.2365742437131929, 0.22330668854371585, 0.28208936556405456], [0.2384746875563693, 0.1537436395924875, 0.10871119603457885, 0.4990704768165644], [0.5093169386449738, 0.2867255340581256, 0.03757285665752988, 0.16638467063937068], [0.2361723813231575, 0.3948873840869676, 0.10293528588920571, 0.26600494870066926], [0.1177553919902808, 0.3455333436698136, 0.06758220744850973, 0.4691290568913958], [0.3059001995765036, 0.16583327684189575, 0.23341198520025186, 0.2948545383813488], [0.36650665783035036, 0.2869105048731662, 0.09259539117772005, 0.2539874461187636], [0.2333700067640077, 0.43232382471096753, 0.11189572136507199, 0.2224104471599528], [0.23487248528846186, 0.21004912863719832, 0.20382780732668238, 0.3512505787476574], [0.25543327961216333, 0.4946224955749457, 0.10343444399616471, 0.1465097808167264], [0.510940795986764, 0.08034343478027264, 0.2735654131789538, 0.13515035605400966], [0.18537934126208283, 0.29837334419801187, 0.13707533180386255, 0.37917198273604263], [0.26242469063729523, 0.3640453621737582, 0.13917749244909386, 0.23435245473985264], [0.1495367568469154, 0.4964094105013735, 0.1284258193637841, 0.22562801328792695], [0.2197092398934933, 0.42646105755965524, 0.10731947359701445, 0.24651022894983707], [0.16769819208739895, 0.3878308081470842, 0.09224809941675417, 0.3522229003487627], [0.2820893978951862, 0.3036678562361278, 0.17927718576300883, 0.23496556010567726], [0.40679129257511254, 0.2832623988907778, 0.08642905344888416, 0.22351725508522563], [0.44244838309431145, 0.19684022180146285, 0.1679292979881696, 0.19278209711605596], [0.24327824617092184, 0.4580904899559504, 0.09552474286956095, 0.20310652100356685], [0.12496474951512576, 0.1300751271212386, 0.09789556988770683, 0.647064553475929], [0.40050488932731454, 0.3457683878457592, 0.1369987279825592, 0.11672799484436709], [0.22933756413893383, 0.40454304760186777, 0.1684769369733965, 0.197642451285802], [0.41892350681990453, 0.18497720216431301, 0.22733139629798968, 0.16876789471779285], [0.28509723351789373, 0.23776443151441792, 0.16360105554683796, 0.31353727942085036], [0.12289154312592843, 0.1803336168417483, 0.5423216743847025, 0.15445316564762088], [0.16022510315947808, 0.32235909031094695, 0.07105186352267032, 0.4463639430069047], [0.19076648554684422, 0.3945892689781372, 0.1273341648698255, 0.287310080605193], [0.15409885417133468, 0.6057970928777969, 0.13128433964835737, 0.108819713302511], [0.16464861149502594, 0.16975766728480957, 0.1301543401399759, 0.5354393810801887], [0.46164500308590056, 0.14846695580580657, 0.25693898766512574, 0.13294905344316718], [0.10885743945059113, 0.20211624225624245, 0.16924122577221276, 0.5197850925209537], [0.4851467852689272, 0.2533898283290796, 0.1559122085926755, 0.10555117780931783], [0.136954526271652, 0.3785772360290508, 0.1608584670907001, 0.32360977060859714], [0.18028933389027452, 0.2524370292590336, 0.17985772144242199, 0.38741591540827], [0.07481248290593659, 0.5732853037518463, 0.03819662379884643, 0.3137055895433707]]}, "rewritten": {"ids": ["97105760", "97105960", "97106820", "97107040", "97107821", "97107920", "97108520", "97112290", "97112830", "97113900", "97116800", "97118210", "98106560", "98110680", "98111860", "98112170", "98116090", "98116500", "98119591", "98120010", "99107300", "99107640", "99108310", "99111340", "99111440", "99112531", "99112641", "99112840", "99120010", "100108520", "100108580", "100111620", "101108080", "101108500", "101109120", "101111310", "101111990", "101112160", "101112540", "101119591", "102107961", "102109910", "102110050", "102110690", "102118380", "102121700", "103109021", "103109641", "103110050", "103110220", "103110840", "103113170", "104110960", "104111380", "104113190", "104113240", "104114410", "105112260", "105113260", "105113620", "105115720", "105117351", "105117431", "105119950", "106113360", "106114321", "106115120", "106116820", "106117650", "106117790", "106118161", "106118820", "106121190", "107112850", "107113180", "107114140", "107114200", "107114280", "107114490", "107114780", "107115140", "107117010", "107118780", "107118820", "107120260", "107121700", "108113700", "108115870", "108117360", "108117720", "108118060", "108118291", "108119330", "108120280", "108121160", "109114030", "109114651", "109120150", "110114321", "110114610", "110116290", "110116300", "110117500", "110118121", "110118810", "110119030", "110119891", "110120540", "111114321", "111115780", "111116090", "111116640", "111117571", "111120220", "111120280", "111120591", "111120640", "111121351", "112116501", "112116540", "112116800", "112116990", "112117210", "112117471", "112118701", "112118860", "112119120", "112120640", "112120990", "112121351", "112121410", "113118511", "113118820", "113119300", "113119320", "113119340", "113119950", "113120070", "113120260", "113120531", "113120540", "113122220"], "labels": [0, 2, 1, 2, 2, 0, 2, 1, 2, 2, 0, 2, 1, 2, 0, 3, 0, 2, 1, 2, 3, 1, 2, 1, 3, 3, 1, 2, 2, 2, 0, 3, 0, 3, 1, 3, 2, 3, 2, 0, 3, 2, 3, 0, 1, 1, 0, 1, 3, 2, 1, 3, 2, 3, 3, 2, 1, 3, 3, 0, 1, 0, 1, 3, 0, 2, 1, 1, 1, 1, 3, 3, 2, 1, 3, 2, 2, 3, 3, 2, 0, 1, 1, 3, 1, 3, 0, 3, 1, 1, 1, 3, 0, 3, 2, 1, 3, 2, 1, 1, 2, 3, 1, 3, 1, 0, 3, 1, 1, 1, 3, 0, 3, 3, 0, 1, 0, 0, 3, 1, 0, 0, 1, 3, 0, 3, 1, 0, 2, 0, 0, 1, 0, 1, 1, 0, 0, 2, 3, 0, 3, 1], "predicted_labels": [0, 2, 1, 1, 1, 3, 3, 3, 3, 3, 0, 1, 3, 2, 3, 3, 3, 3, 3, 0, 0, 1, 3, 2, 0, 3, 0, 1, 1, 3, 3, 1, 1, 3, 3, 1, 1, 2, 3, 0, 0, 1, 2, 0, 3, 0, 1, 3, 1, 3, 3, 1, 0, 2, 3, 1, 0, 1, 1, 1, 3, 0, 1, 1, 0, 3, 0, 1, 0, 2, 1, 1, 1, 1, 1, 1, 1, 1, 3, 1, 3, 1, 3, 1, 3, 3, 0, 0, 3, 3, 0, 3, 3, 3, 3, 1, 2, 1, 1, 2, 2, 0, 0, 3, 1, 1, 3, 3, 1, 0, 3, 1, 3, 0, 0, 0, 3, 3, 3, 3, 3, 3, 2, 1, 3, 0, 3, 0, 1, 3, 3, 1, 1, 3, 0, 0, 3, 3, 1, 0, 0, 1], "confidence_scores": [[0.5915305971479834, 0.08514445511390463, 0.09379137118306664, 0.22953357655504528], [0.18819997246587583, 0.2602419719546955, 0.316346527934047, 0.23521152764538178], [0.23778767148310792, 0.3057417896311519, 0.22934152446020234, 0.22712901442553796], [0.21146886211978214, 0.3414912791328728, 0.2519090495706084, 0.1951308091767366], [0.2350471562484277, 0.45853132745692393, 0.1475926516735958, 0.15882886462105253], [0.23305593808435582, 0.20503923002389654, 0.17383203286523854, 0.38807279902650915], [0.12211101052600963, 0.175890846031571, 0.313126178034162, 0.38887196540825736], [0.14861449941117133, 0.259695591992161, 0.2298751230311647, 0.3618147855655029], [0.15917222311588536, 0.18937587651389393, 0.310815598292806, 0.3406363020774149], [0.0723497888243428, 0.16120558602705673, 0.1922816663325253, 0.5741629588160752], [0.4194698653489336, 0.22245143252059438, 0.18958852568263249, 0.16849017644783956], [0.1707217284922495, 0.4087778831502496, 0.15302392154374755, 0.2674764668137535], [0.20123798333981463, 0.22592731373414657, 0.1398282641751685, 0.4330064387508703], [0.06257388439033178, 0.15081887031940033, 0.6857811448729658, 0.1008261004173018], [0.19269204590585362, 0.22452216934671557, 0.22839446053937404, 0.3543913242080569], [0.19926950197763144, 0.3490626004720307, 0.07155668688122331, 0.3801112106691145], [0.1008358679867186, 0.2707088484805379, 0.22310479056952065, 0.405350492963223], [0.2659782828255222, 0.2616561732292441, 0.16810687235531452, 0.30425867158991915], [0.2037344591592358, 0.3319053296233901, 0.11662557681740511, 0.347734634399969], [0.5095846275379653, 0.20400251122660407, 0.10595386163513497, 0.18045899960029563], [0.5390142207256114, 0.22236931753220027, 0.11781979089473862, 0.12079667084744965], [0.16358377664646698, 0.3554232698103017, 0.1723048144021609, 0.30868813914107057], [0.25360410870004885, 0.21196902652623584, 0.1299700822824157, 0.4044567824912998], [0.19305334766828083, 0.20850634873268759, 0.36814387374095103, 0.23029642985808074], [0.44526829577351246, 0.24665250355539645, 0.11904081575685818, 0.1890383849142329], [0.13217467526525686, 0.3548054845020539, 0.09052572314490297, 0.4224941170877864], [0.4353337185413094, 0.22282858925215637, 0.18200365491517964, 0.15983403729135448], [0.22066932469300304, 0.34981883627670124, 0.2520097661098806, 0.17750207292041503], [0.2653873527612026, 0.41190034703512635, 0.12738809825530764, 0.19532420194836336], [0.20252549084591304, 0.0845392244958765, 0.11834328060818577, 0.5945920040500248], [0.23150249043305834, 0.20176777548214853, 0.2155338645312886, 0.35119586955350446], [0.22428471304723802, 0.4902554811976197, 0.14521356926777715, 0.14024623648736514], [0.3031628749234715, 0.3333919024337785, 0.14085047621913888, 0.22259474642361107], [0.23158920550182827, 0.2552202820892936, 0.1886876035550303, 0.324502908853848], [0.25869151283090136, 0.18508134126273032, 0.1731220607247423, 0.38310508518162617], [0.30649614214519033, 0.3240795279190412, 0.15705459675963468, 0.21236973317613383], [0.09626500654706986, 0.5850379487225121, 0.10384365834575615, 0.2148533863846618], [0.22781460286648333, 0.156490501802258, 0.431647217299683, 0.18404767803157562], [0.22757541103232964, 0.24941781965247004, 0.20497424752311416, 0.3180325217920862], [0.47180253706224834, 0.23022133036136452, 0.0640831490741595, 0.23389298350222743], [0.7495642954610868, 0.10861271454632118, 0.07765409293389085, 0.06416889705870132], [0.3289710708428622, 0.41314881516571456, 0.09086395053323475, 0.16701616345818845], [0.24238479584992165, 0.17148917900275454, 0.3187350144150514, 0.2673910107322725], [0.36895426679585247, 0.33714504258672806, 0.12116820695110905, 0.17273248366631044], [0.13562675102319519, 0.3076927514584819, 0.1803295486120172, 0.3763509489063056], [0.4008211897913, 0.16447515580380348, 0.2662878435683068, 0.16841581083658966], [0.249416535411632, 0.4160227280505274, 0.13742073117668369, 0.19714000536115708], [0.1577953226671835, 0.2203908933051706, 0.21819545908613555, 0.40361832494151034], [0.08872208849004388, 0.7361001166172831, 0.09477568456018767, 0.08040211033248541], [0.21113834840423554, 0.19416927730313976, 0.09914971714455541, 0.4955426571480693], [0.14714485590168178, 0.09305744218319532, 0.11667001222848832, 0.6431276896866346], [0.11224959681940516, 0.5182827489956595, 0.16400904497520036, 0.2054586092097351], [0.3321447225912617, 0.23785403601186567, 0.1599758359221183, 0.27002540547475445], [0.25967992767065895, 0.14112211777796677, 0.31312675800417566, 0.2860711965471987], [0.15763866193722334, 0.19855699806241922, 0.08230489953913515, 0.5614994404612222], [0.25210979421722834, 0.3920514526458681, 0.20393310359014466, 0.1519056495467589], [0.3220526600646625, 0.24538286151007424, 0.12750798063168883, 0.3050564977935747], [0.2715544131964503, 0.39742930946956645, 0.0820376182191607, 0.2489786591148226], [0.25998824207346327, 0.3401986190310494, 0.07839125063365593, 0.3214218882618313], [0.23436315443752934, 0.35229409027437714, 0.22349534151088027, 0.18984741377721326], [0.1973294805099297, 0.2661468853411485, 0.16317684005711197, 0.37334679409180993], [0.328642757760357, 0.09159508519334524, 0.2746422900355565, 0.30511986701074123], [0.19625547629899706, 0.49221270608593765, 0.16966758305571866, 0.14186423455934674], [0.24996486029517556, 0.26801013073381147, 0.25087424149572185, 0.2311507674752912], [0.3511564541808363, 0.29574980702979486, 0.19675679547744707, 0.15633694331192186], [0.31197117063157687, 0.21464614867895898, 0.15926981099256782, 0.31411286969689634], [0.3796816065071253, 0.2128801187830552, 0.12822129812978367, 0.2792169765800359], [0.24135859575158422, 0.26068370005849617, 0.23821426195031548, 0.25974344223960416], [0.33675980621609636, 0.30974612535012036, 0.18135775650439395, 0.17213631192938927], [0.17186456462919852, 0.27257596441864074, 0.3371492632478913, 0.2184102077042694], [0.14773963321356995, 0.41414500938726717, 0.15306830708704566, 0.2850470503121173], [0.0843758473720789, 0.6633744501245527, 0.042627053615750365, 0.20962264888761806], [0.1361284074315849, 0.35619385026559214, 0.24825737456081887, 0.2594203677420043], [0.16091540141017183, 0.43393928841568596, 0.143735195191021, 0.2614101149831212], [0.27381854750234697, 0.32095895324147083, 0.15164054961119527, 0.2535819496449868], [0.15455270885077113, 0.4427220064311544, 0.0910859893921382, 0.3116392953259362], [0.15217706942814807, 0.3981795143206742, 0.07881548427009426, 0.3708279319810834], [0.2890409103662587, 0.36629782433689395, 0.13885164106266873, 0.20580962423417862], [0.1412299156578969, 0.36158721154221285, 0.09029580430627916, 0.4068870684936112], [0.2835219836618199, 0.42041102264068714, 0.1482245092684774, 0.14784248442901549], [0.23494718214590157, 0.29861483519087617, 0.15242675012394094, 0.31401123253928137], [0.17336876341117877, 0.36539528540780214, 0.2989482096686995, 0.16228774151231978], [0.21945725862230359, 0.2296151114714896, 0.14539177328055733, 0.4055358566256496], [0.16538746871650226, 0.4682548905655541, 0.08467332463807793, 0.2816843160798657], [0.1473112224533511, 0.31102666467648643, 0.18194901129094668, 0.35971310157921593], [0.15040151344745775, 0.1812292915307774, 0.05625075602976624, 0.6121184389919986], [0.5228192827594975, 0.2665723413876552, 0.10346000791833092, 0.10714836793451625], [0.33463071118200344, 0.2906205087268985, 0.10340724800189564, 0.2713415320892024], [0.11431509224144863, 0.12865892537809362, 0.1257023721142205, 0.6313236102662374], [0.21109100547079235, 0.20675513781219407, 0.0833721384898582, 0.49878171822715534], [0.31777843389404054, 0.3125503892793808, 0.12758405144365287, 0.24208712538292568], [0.31048721166709636, 0.18668164124957246, 0.19194875337554396, 0.31088239370778725], [0.2007401593698116, 0.21456846679029856, 0.10809767492652436, 0.4765936989133656], [0.20273587257837278, 0.2394027003163925, 0.09819620602068943, 0.45966522108454533], [0.20831253833793678, 0.132176119018382, 0.1278341305709276, 0.5316772120727535], [0.17298222205803593, 0.49620317353587384, 0.12273761435246822, 0.20807699005362196], [0.21381962757727638, 0.20457125564374265, 0.36833060091662817, 0.21327851586235277], [0.14822067852710996, 0.4385380170008787, 0.1351136620334702, 0.27812764243854143], [0.21295702314983705, 0.3981913528016742, 0.17429933224213695, 0.21455229180635174], [0.22450834769332279, 0.237309907413256, 0.35842222782615674, 0.1797595170672646], [0.23050505613506103, 0.1925542399376732, 0.3400425168594083, 0.2368981870678575], [0.3995121181722421, 0.34936503663551427, 0.10069338138020202, 0.15042946381204142], [0.3235798151272075, 0.27829822142492583, 0.10110389587352524, 0.29701806757434157], [0.3351014884230471, 0.19338354605211994, 0.07997570030673729, 0.3915392652180958], [0.2141250271321126, 0.33311647997511534, 0.1782934698013147, 0.27446502309145737], [0.14771546005850802, 0.48284049530158785, 0.20630586099771003, 0.16313818364219404], [0.164945162065283, 0.31870009417013484, 0.13546700040913912, 0.380887743355443], [0.18151689914229543, 0.2511481008529316, 0.26051155285785593, 0.306823447146917], [0.2901455451686824, 0.3458105720737595, 0.15100359791472168, 0.2130402848428364], [0.4278993188647791, 0.3466596656455167, 0.10314648897832687, 0.1222945265113774], [0.22760881307102382, 0.1925761925002145, 0.21486916350802418, 0.3649458309207376], [0.2292227993146033, 0.3715016999991036, 0.17235060351755543, 0.22692489716873768], [0.3506379055462782, 0.2358832427609954, 0.05256006949749109, 0.36091878219523515], [0.5611905368226292, 0.13060092806049897, 0.12548390584321506, 0.1827246292736569], [0.4593201577684957, 0.3425637269918401, 0.06677323295179453, 0.1313428822878695], [0.6770745702834027, 0.12599326331368413, 0.05294404216369655, 0.14398812423921659], [0.21868308241989776, 0.28199458076895945, 0.11146225605110863, 0.38786008076003414], [0.21203987597582463, 0.17691124327662397, 0.24492025163933315, 0.36612862910821853], [0.1909976348735277, 0.2846142741656893, 0.14710550492368898, 0.3772825860370942], [0.30679726086143433, 0.2479859004556923, 0.07336445891867377, 0.3718523797641996], [0.27964424344898803, 0.23546516636312995, 0.13072156728627504, 0.3541690229016069], [0.2186131054962678, 0.1456646026449959, 0.21646206073427793, 0.41926023112445837], [0.2571619355210211, 0.2983427750047259, 0.3122577682372479, 0.13223752123700497], [0.27763982972981, 0.34166980982710515, 0.1334653527048356, 0.2472250077382494], [0.17361517299959192, 0.2525048012213406, 0.15815906630584733, 0.41572095947322024], [0.416071578643568, 0.2633699044732836, 0.18489503827120585, 0.1356634786119426], [0.22475632549495286, 0.3037627416348341, 0.08874282785417352, 0.38273810501603966], [0.3712273897338588, 0.22571144950972963, 0.15123393535539364, 0.2518272254010179], [0.2184484073046906, 0.38910998307116246, 0.1684937219909521, 0.22394788763319481], [0.14429525986603917, 0.2643673193729029, 0.1352667082307952, 0.45607071253026277], [0.2721772371969519, 0.2576039353829106, 0.11093765922911658, 0.35928116819102096], [0.15510991464385493, 0.562665264094244, 0.04059869497560634, 0.24162612628629473], [0.1685863047927671, 0.5015149068961333, 0.06428415090713444, 0.26561463740396507], [0.28792151893393153, 0.2537926831841772, 0.12916207138958685, 0.3291237264923043], [0.4612060401632388, 0.34866411941800773, 0.0466507872265137, 0.14347905319223997], [0.5631488449825068, 0.25417002329872784, 0.033803848689385664, 0.14887728302937958], [0.30506958440567417, 0.1587485221264483, 0.13716604000176771, 0.39901585346610985], [0.14752681897403203, 0.19720062754957898, 0.2175431428001777, 0.4377294106762114], [0.22279630799813518, 0.46481456787666875, 0.18457688871233993, 0.12781223541285608], [0.36163274207075896, 0.22246114476945322, 0.12369762568051451, 0.2922084874792733], [0.3925361909415846, 0.2755960575745229, 0.06285023150597228, 0.2690175199779204], [0.11732865254964063, 0.4661109834079422, 0.17302879669403487, 0.24353156734838236]]}}