{"test": {"ids": ["103111480", "112120700", "99111340", "105117431", "113119300", "113117630", "109118231", "104117630", "111116110", "106117770", "103120290", "111116750", "105116860", "112118930", "108113740", "106111321", "100112060", "99111620", "100108990", "100117420", "107114200", "111120190", "112119930", "106114280", "102108621", "107118490", "111120220", "105115380", "102121440", "107120260", "113117340", "110121140", "105118230", "111118810", "101111310", "106112770", "105113330", "102112301", "101108500", "108116070", "98111231", "104113240", "98106880", "102113981", "109115220", "105119550", "113118870", "102118380", "105113260", "98107380", "106115120", "101115190", "112120540", "111120320", "97111790", "107121230", "110118930", "104113210", "100109910", "110116441", "101109370", "110113931", "110115580", "112121410", "103120780", "106116850", "111117571", "105117200", "107118120", "102112170", "112118530", "102116340", "97113260", "113119320", "104112201", "107112850", "110121720", "113120830", "107119950", "106114011", "106116640", "108113620", "109117110", "113118511", "113122220", "99111930", "110115250", "108118630", "100109330", "108118810", "109120560", "102111990", "112118860", "109116040", "109117630", "103120531", "98108150", "99108310", "103111540", "102110050", "112117210", "104109311", "97116410", "107112840", "111121410", "98106111", "110118880", "108113480", "98111670", "112116401", "105115720", "112120670", "107118820", "100111270", "110121450", "106117650", "101108460", "107116340", "112116810", "113121010", "108117720", "110118111", "107113360", "101111210", "112118161", "113118690", "104111620", "107119390", "108114200", "99114890", "112117790", "111114121", "105116980", "97118210", "103111170", "113120070", "105110091", "109119591", "102109840", "105117351", "112116501", "98109311"], "labels": [0, 2, 1, 1, 1, 0, 1, 0, 3, 0, 2, 3, 2, 1, 3, 0, 2, 3, 2, 2, 2, 3, 1, 3, 3, 2, 3, 1, 2, 1, 2, 3, 1, 0, 3, 1, 3, 1, 3, 1, 1, 2, 0, 1, 3, 1, 0, 1, 3, 1, 1, 1, 3, 1, 2, 0, 1, 3, 2, 3, 1, 1, 1, 0, 1, 3, 3, 3, 3, 3, 1, 3, 1, 1, 0, 1, 3, 3, 3, 1, 3, 3, 1, 1, 1, 1, 1, 1, 0, 1, 1, 2, 3, 0, 0, 3, 0, 2, 1, 3, 1, 3, 3, 1, 0, 0, 0, 0, 1, 0, 1, 2, 3, 2, 3, 1, 0, 3, 3, 2, 1, 1, 0, 2, 0, 3, 0, 2, 0, 2, 3, 0, 0, 2, 2, 2, 0, 0, 2, 0, 3, 1], "predicted_labels": [3, 1, 1, 0, 3, 3, 1, 1, 3, 3, 3, 0, 3, 3, 3, 3, 0, 2, 1, 1, 3, 1, 3, 3, 0, 3, 1, 2, 3, 1, 0, 1, 0, 3, 3, 3, 3, 3, 0, 0, 1, 3, 3, 0, 3, 1, 1, 3, 3, 1, 3, 3, 0, 3, 1, 3, 0, 2, 1, 3, 2, 1, 3, 3, 2, 1, 3, 3, 1, 1, 1, 1, 3, 0, 0, 3, 1, 3, 0, 0, 3, 3, 3, 0, 3, 1, 3, 3, 1, 3, 2, 2, 1, 3, 0, 1, 3, 3, 1, 1, 3, 0, 3, 1, 3, 0, 3, 1, 3, 1, 1, 3, 3, 1, 3, 1, 2, 3, 0, 3, 3, 1, 0, 3, 3, 3, 3, 3, 3, 1, 3, 3, 3, 1, 1, 0, 3, 3, 3, 1, 3, 3], "confidence_scores": [[0.2527495700484386, 0.264740152488336, 0.19659274954146824, 0.2859175279217571], [0.23756779940333272, 0.31352069811744454, 0.17257497714162398, 0.2763365253375987], [0.2640400286024774, 0.2766008268822432, 0.21215561086464757, 0.24720353365063194], [0.31975563430412485, 0.2392118372941768, 0.15862000724497935, 0.28241252115671917], [0.2633513357478154, 0.2572440605299521, 0.1842708681165401, 0.29513373560569256], [0.2915026144139553, 0.22918766884900513, 0.17207861916137404, 0.30723109757566563], [0.24521371572812684, 0.3072317094692378, 0.19613886046214615, 0.2514157143404893], [0.2160573503677215, 0.2865750301380376, 0.256629201258861, 0.24073841823537995], [0.1813073814507411, 0.20681872214871447, 0.16504861596691955, 0.4468252804336249], [0.22501806982277417, 0.23971712009813578, 0.22557197545782048, 0.30969283462126956], [0.231900459540917, 0.23287571503005972, 0.26523447275349826, 0.269989352675525], [0.36247713415724164, 0.20897389269720365, 0.22276138239644064, 0.20578759074911435], [0.23939477834560005, 0.2538155355200681, 0.1853517726492877, 0.3214379134850442], [0.22541010866151148, 0.2598318329500547, 0.21086787985423153, 0.3038901785342023], [0.2677439292891502, 0.2660322597109701, 0.18758928388914822, 0.2786345271107315], [0.23586008617778292, 0.29535267747265853, 0.1665758808497351, 0.3022113554998234], [0.31599937804826744, 0.23507795628340403, 0.1785886944435076, 0.2703339712248208], [0.20491579385977754, 0.2475429576127453, 0.2891400543242876, 0.25840119420318974], [0.23536740735292547, 0.3027782496133193, 0.18165788474119482, 0.28019645829256035], [0.18004916056094294, 0.32004869523639085, 0.25446697441912036, 0.2454351697835461], [0.2425223290315145, 0.2723358839242109, 0.17459535263218146, 0.3105464344120933], [0.2671644795195185, 0.279977578604689, 0.18868653931306378, 0.26417140256272853], [0.25190686321294403, 0.26662193515198856, 0.20867175358145856, 0.27279944805360895], [0.24546951901548192, 0.2552112540850857, 0.22802718004265884, 0.27129204685677355], [0.28183725082352, 0.26915490746493, 0.17708287933806424, 0.2719249623734859], [0.25891049216225487, 0.2628149426538543, 0.1889877569346089, 0.28928680824928205], [0.2549029081906896, 0.2958470310412364, 0.17984006668803776, 0.26940999408003613], [0.21418377641715097, 0.24727606676407465, 0.3087072923131116, 0.22983286450566268], [0.24746177767954924, 0.27406649022209134, 0.1739573415299764, 0.30451439056838303], [0.23367839648662767, 0.3406470697425023, 0.16672768119481574, 0.2589468525760544], [0.4419152447237906, 0.19910371537499955, 0.14176971355581616, 0.2172113263453936], [0.24249409537560204, 0.2830836633418868, 0.20473703955465425, 0.2696852017278569], [0.27306651441170054, 0.2467232130464188, 0.22945416310569028, 0.25075610943619037], [0.2548888047155816, 0.2630575240694583, 0.2036699230846469, 0.27838374813031325], [0.25598317624927364, 0.27987490431552187, 0.18330409201121917, 0.2808378274239855], [0.212195560960529, 0.23711189100725052, 0.26272831025615934, 0.2879642377760612], [0.2394788344586002, 0.226525027845639, 0.2522367817811592, 0.28175935591460166], [0.2411216901997634, 0.2764828446543357, 0.18129827465158208, 0.3010971904943189], [0.29771991497528316, 0.2797560998883513, 0.16881929517331354, 0.25370468996305207], [0.26147681925667027, 0.2365154178379873, 0.24518183195866908, 0.2568259309466733], [0.24158495591199883, 0.3082877979989509, 0.21306021484845486, 0.2370670312405956], [0.23409396147280553, 0.2963909715719665, 0.17276246852068908, 0.29675259843453894], [0.22991432754375327, 0.24317167619299443, 0.22792177602568492, 0.2989922202375674], [0.33788426878520367, 0.24504127022775327, 0.1757747932848213, 0.24129966770222167], [0.23029572201222576, 0.2308932697925701, 0.2515774241986887, 0.2872335839965153], [0.2349504636953576, 0.2749556763950551, 0.21904456413554094, 0.27104929577404646], [0.22232456379057486, 0.2988659917344163, 0.2006044248900821, 0.2782050195849267], [0.250595293150296, 0.2655115192654999, 0.21360248721925154, 0.27029070036495256], [0.2464439633657635, 0.2598878846146503, 0.17956628398974706, 0.3141018680298393], [0.23786233481449526, 0.26912430221419636, 0.23334302683644673, 0.2596703361348617], [0.24783369747760559, 0.2669749967704697, 0.17861477370682047, 0.30657653204510427], [0.24795710271790689, 0.27461367282725657, 0.18984829038497666, 0.2875809340698601], [0.41980412672468703, 0.23164467359312188, 0.1345053075910638, 0.21404589209112748], [0.24452572828867966, 0.27727457787978654, 0.1759999927525966, 0.3021997010789373], [0.24871146295825963, 0.26599137920377497, 0.228854626045832, 0.2564425317921333], [0.23436038486913646, 0.26055232097539976, 0.2112013057158181, 0.2938859884396457], [0.29653190642750954, 0.28798335359175187, 0.17365652730549153, 0.24182821267524696], [0.19498922388815423, 0.22014497560946178, 0.35805625500481447, 0.22680954549756946], [0.24570942609718047, 0.29681084012844716, 0.1892428592144805, 0.26823687455989204], [0.2527185871501186, 0.2623917774331302, 0.19914385938702753, 0.28574577602972373], [0.20974306094867462, 0.2218372915060393, 0.3394466528045563, 0.22897299474072974], [0.2515888627179864, 0.2875556998076712, 0.18620008020343612, 0.27465535727090623], [0.2560999121873049, 0.26792194441239914, 0.20116658949894417, 0.2748115539013517], [0.24806698820147927, 0.2716590449842747, 0.19574593804365262, 0.2845280287705935], [0.2213451525107941, 0.22748534755164795, 0.2896155223558803, 0.26155397758167775], [0.21653571119945497, 0.288206278322519, 0.2199567795183392, 0.27530123095968684], [0.2432902378128016, 0.2526863718929317, 0.22323622931574585, 0.28078716097852086], [0.24203463103209616, 0.2836966451194717, 0.1682366343951594, 0.30603208945327287], [0.2198397315265441, 0.3267797149451036, 0.22269697455717274, 0.2306835789711797], [0.23859663792119457, 0.30372132975753013, 0.1963137414519933, 0.26136829086928204], [0.23251696966586327, 0.3195983905277916, 0.18946460284915775, 0.2584200369571874], [0.2830096665416839, 0.31099561573485235, 0.16308780692176975, 0.242906910801694], [0.21400399760661626, 0.25918601431127875, 0.22740870822039835, 0.2994012798617067], [0.31490878480855417, 0.19851893030703993, 0.22648931648868972, 0.2600829683957163], [0.28331222861409117, 0.22437896150688744, 0.24554079605865725, 0.24676801382036426], [0.2466418950098447, 0.27227555737226294, 0.17852139105134146, 0.30256115656655097], [0.24547489118589857, 0.2729089759576193, 0.2136352961400571, 0.26798083671642503], [0.2008846386787823, 0.24267323011491101, 0.2724064807420635, 0.28403565046424323], [0.3813906576907079, 0.3040055897136457, 0.1177421951840637, 0.19686155741158282], [0.3048972228260409, 0.20337610272859033, 0.26956016815514766, 0.222166506290221], [0.2495398808196343, 0.2748934464655034, 0.18753049446084902, 0.2880361782540133], [0.24890662809143926, 0.25266021721136156, 0.18168558924092826, 0.316747565456271], [0.2564203117510368, 0.2637894960094774, 0.1996925420205322, 0.2800976502189538], [0.29427488331267576, 0.2630612974660811, 0.18256980083116056, 0.26009401839008284], [0.21719066104683618, 0.27098858869384423, 0.2370425639973623, 0.27477818626195716], [0.21067931462634643, 0.3362360744200059, 0.21919855006118139, 0.23388606089246616], [0.2453317686595294, 0.2698183781698743, 0.20161975644113556, 0.2832300967294608], [0.2429402603238703, 0.2514024356521839, 0.18266564904896765, 0.3229916549749781], [0.24353714518247713, 0.30364296508453187, 0.17010099026151768, 0.28271889947147344], [0.22198177030936045, 0.26196883658428655, 0.2105927563381452, 0.30545663676820767], [0.2143235063506183, 0.21994713282204106, 0.31108411448851403, 0.25464524633882657], [0.21729421312612518, 0.2673043971098254, 0.2781849283742041, 0.23721646138984545], [0.2513268239316334, 0.2867258594502389, 0.17726861082634587, 0.28467870579178184], [0.22635354577270714, 0.23678293397147793, 0.26503418816872876, 0.27182933208708604], [0.28888164228632895, 0.2641021029169156, 0.17309535789306615, 0.2739208969036892], [0.23884635646290978, 0.32543509562245093, 0.16666736859562784, 0.2690511793190115], [0.2355891856624536, 0.2738106468543781, 0.2140092971979232, 0.276590870285245], [0.24045749351486173, 0.2702547295076155, 0.17556663615096418, 0.3137211408265587], [0.2401770181510549, 0.3004253274126531, 0.1820791394408425, 0.2773185149954497], [0.21166375623168823, 0.30764216978899156, 0.22315720034149653, 0.25753687363782374], [0.2585711132037198, 0.2624704457554071, 0.20506715540326848, 0.2738912856376046], [0.35396636798706094, 0.2429046561509681, 0.16052595819861779, 0.24260301766335318], [0.24887609520342938, 0.27385634430112693, 0.18156917607630665, 0.29569838441913715], [0.2366967047701472, 0.2970214912471925, 0.20838088518377637, 0.257900918798884], [0.25788039650104805, 0.2710620227556021, 0.18813832272904196, 0.28291925801430784], [0.27417177839666984, 0.24939325200400894, 0.21901963878722108, 0.2574153308121002], [0.2441494368595038, 0.2790981787402989, 0.17340404577806198, 0.30334833862213545], [0.2242404173683724, 0.3090760874742545, 0.2218839786703327, 0.24479951648704038], [0.2364473954366889, 0.2628725742365455, 0.17883786326696063, 0.3218421670598049], [0.26414281269063855, 0.2946870788473556, 0.16488590351432927, 0.2762842049476766], [0.24547382558184194, 0.28772783665398666, 0.18865838541684518, 0.27813995234732636], [0.25097465789629186, 0.26866305846857486, 0.20685066981494366, 0.2735116138201897], [0.26267463319043155, 0.2701305211035646, 0.18119971720534075, 0.285995128500663], [0.2444061735741675, 0.3036280384703031, 0.17759896557942792, 0.27436682237610155], [0.24184660817281922, 0.2530106822676894, 0.23168974548665738, 0.2734529640728341], [0.2290125484878018, 0.27627238894220285, 0.2512685163836532, 0.2434465461863423], [0.22817041806753327, 0.2543230615503681, 0.2758171515478102, 0.24168936883428857], [0.22374275009160094, 0.2636890400239201, 0.2432646538063451, 0.2693035560781339], [0.39066359276648477, 0.23544498914492873, 0.15889535580084527, 0.21499606228774118], [0.25315100980397715, 0.27427361379615645, 0.19535291918672737, 0.2772224572131391], [0.22833114574113167, 0.25066514067717893, 0.26044614005531247, 0.2605575735263769], [0.25923282704449535, 0.29087167246743323, 0.1609498135346879, 0.2889456869533834], [0.3774566441419092, 0.25612873571733347, 0.15580709036248236, 0.21060752977827502], [0.2192316899042159, 0.2705960753539552, 0.23265691355727044, 0.27751532118455857], [0.23885671800103983, 0.2770388870809425, 0.1848148871190829, 0.29928950779893493], [0.2706862250812572, 0.25143998751950003, 0.19409459835872966, 0.2837791890405131], [0.24664544266317281, 0.2657776583003539, 0.18606599628430073, 0.3015109027521728], [0.23997316122553228, 0.26968243494844096, 0.1849208208407594, 0.3054235829852675], [0.2689709407852256, 0.2436796281409476, 0.20917433422296255, 0.27817509685086433], [0.23921387010982176, 0.29781211695938836, 0.1799570356939118, 0.28301697723687813], [0.2481699367761688, 0.2583405060055812, 0.1933051601586297, 0.30018439705962024], [0.2553664940369246, 0.2644815089287904, 0.20331542974633035, 0.2768365672879547], [0.24559428251184984, 0.27242186676165564, 0.20698515057794675, 0.27499870014854777], [0.258779441657129, 0.2756072324824782, 0.22515862478760815, 0.24045470107278485], [0.24745206400039554, 0.29744609524925686, 0.17531085720884798, 0.2797909835414997], [0.4252247378563725, 0.2283429033835239, 0.1413835208703021, 0.20504883788980172], [0.24272226553460274, 0.265875250266791, 0.18069144258708741, 0.310711041611519], [0.22825806674985424, 0.27412786952871515, 0.1865247526886994, 0.3110893110327313], [0.23170298521946298, 0.2591978357449197, 0.2249703647104225, 0.28412881432519504], [0.2526992025597403, 0.28301129533861485, 0.21141807288892792, 0.252871429212717], [0.23218631230973472, 0.2595579644571336, 0.2193087119618003, 0.2889470112713315], [0.23531469357969637, 0.25681824513489215, 0.2509779425143968, 0.2568891187710147]]}, "rewritten": {"ids": ["97111790", "97113260", "97116410", "97118210", "98106111", "98106880", "98107380", "98108150", "98109311", "98111231", "98111670", "99108310", "99111340", "99111620", "99111930", "99114890", "100108990", "100109330", "100109910", "100111270", "100112060", "100117420", "101108460", "101108500", "101109370", "101111210", "101111310", "101115190", "102108621", "102109840", "102110050", "102111990", "102112170", "102112301", "102113981", "102116340", "102118380", "102121440", "103111170", "103111480", "103111540", "103120290", "103120531", "103120780", "104109311", "104111620", "104112201", "104113210", "104113240", "104117630", "105110091", "105113260", "105113330", "105115380", "105115720", "105116860", "105116980", "105117200", "105117351", "105117431", "105118230", "105119550", "106111321", "106112770", "106114011", "106114280", "106115120", "106116640", "106116850", "106117650", "106117770", "107112840", "107112850", "107113360", "107114200", "107116340", "107118120", "107118490", "107118820", "107119390", "107119950", "107120260", "107121230", "108113480", "108113620", "108113740", "108114200", "108116070", "108117720", "108118630", "108118810", "109115220", "109116040", "109117110", "109117630", "109118231", "109119591", "109120560", "110113931", "110115250", "110115580", "110116441", "110118111", "110118880", "110118930", "110121140", "110121450", "110121720", "111114121", "111116110", "111116750", "111117571", "111118810", "111120190", "111120220", "111120320", "111121410", "112116401", "112116501", "112116810", "112117210", "112117790", "112118161", "112118530", "112118860", "112118930", "112119930", "112120540", "112120670", "112120700", "112121410", "113117340", "113117630", "113118511", "113118690", "113118870", "113119300", "113119320", "113120070", "113120830", "113121010", "113122220"], "labels": [2, 1, 3, 2, 0, 0, 1, 0, 1, 1, 1, 2, 1, 3, 1, 2, 2, 0, 2, 2, 2, 2, 0, 3, 1, 2, 3, 1, 3, 2, 3, 2, 3, 1, 1, 3, 1, 2, 2, 0, 1, 2, 3, 1, 3, 0, 0, 3, 2, 0, 0, 3, 3, 1, 1, 2, 0, 3, 0, 1, 1, 1, 0, 1, 1, 3, 1, 3, 3, 1, 0, 1, 1, 0, 2, 3, 3, 2, 3, 2, 3, 1, 0, 0, 3, 3, 0, 1, 1, 1, 1, 3, 0, 1, 0, 1, 0, 1, 1, 1, 1, 3, 1, 0, 1, 3, 3, 3, 0, 3, 3, 3, 0, 3, 3, 1, 0, 0, 3, 3, 1, 3, 0, 1, 3, 1, 1, 3, 2, 2, 0, 2, 0, 1, 3, 0, 1, 1, 2, 3, 2, 1], "predicted_labels": [3, 3, 1, 1, 0, 3, 3, 3, 3, 1, 1, 3, 3, 3, 3, 2, 3, 1, 0, 2, 3, 1, 1, 0, 2, 1, 1, 3, 1, 3, 1, 1, 3, 0, 0, 3, 2, 3, 0, 0, 3, 3, 1, 3, 0, 0, 3, 3, 1, 0, 3, 1, 3, 1, 3, 3, 3, 2, 1, 3, 1, 0, 1, 1, 0, 3, 0, 0, 1, 1, 1, 1, 1, 0, 3, 2, 3, 3, 1, 1, 1, 1, 3, 1, 3, 0, 3, 1, 3, 3, 3, 3, 0, 0, 3, 1, 3, 3, 0, 0, 0, 0, 0, 0, 3, 1, 3, 3, 3, 3, 0, 1, 3, 0, 0, 3, 3, 1, 3, 0, 0, 3, 0, 1, 3, 3, 2, 1, 0, 1, 3, 0, 0, 3, 2, 1, 0, 3, 0, 2, 0, 0], "confidence_scores": [[0.25730792646536854, 0.2721448482344807, 0.18964846170424723, 0.28089876359590343], [0.23723183244938642, 0.27354572451474574, 0.18615248968988296, 0.3030699533459851], [0.26175313708302256, 0.29050182415280495, 0.1788273961548607, 0.26891764260931184], [0.23041358843010046, 0.3128522611383787, 0.20107878907197765, 0.2556553613595433], [0.3475390264110245, 0.23889669517985607, 0.16511046186579695, 0.24845381654332244], [0.25370198246044057, 0.23965579960080596, 0.22917913241059287, 0.2774630855281607], [0.2515268719154289, 0.2631378043826239, 0.21074764075429997, 0.27458768294764724], [0.2459905201310554, 0.2858994705030032, 0.17707549115653823, 0.2910345182094031], [0.24770144653977477, 0.2703369256292293, 0.19087615708212427, 0.29108547074887164], [0.25268471419015287, 0.3024214450676744, 0.21233791530159343, 0.23255592544057938], [0.22424649243422332, 0.3662137537189968, 0.15586596149499396, 0.25367379235178616], [0.24158148064880633, 0.2264179682055711, 0.2525214397819694, 0.2794791113636532], [0.2733788288027753, 0.2741574668563403, 0.15212623510056872, 0.30033746924031574], [0.23181369352352318, 0.2717163525935918, 0.1942029965742202, 0.3022669573086649], [0.22167689952422673, 0.2707238233560396, 0.22002660994654338, 0.2875726671731903], [0.23810324611417882, 0.2569129799921314, 0.27533272739748454, 0.22965104649620524], [0.2586410420605847, 0.28333770154142485, 0.17426749804850464, 0.2837537583494859], [0.26878623784224726, 0.2931939887690774, 0.16238344538901978, 0.27563632799965554], [0.31240071179822265, 0.25096715758930244, 0.18436684957711796, 0.25226528103535695], [0.2303611782556864, 0.2366180965554196, 0.26993346559341624, 0.2630872595954775], [0.27459535742235314, 0.25352864621244875, 0.16541193938539006, 0.3064640569798082], [0.22835255719421355, 0.2842765772120792, 0.2156088168691614, 0.2717620487245458], [0.24256302211085173, 0.2629370149206694, 0.24747817693132662, 0.24702178603715236], [0.29441179451171207, 0.28775910360047924, 0.1669434563835072, 0.2508856455043016], [0.24379491084482421, 0.24393774023620757, 0.27273459076826395, 0.23953275815070446], [0.22540869747151732, 0.35012312452701627, 0.16227500032084166, 0.2621931776806249], [0.27109435065383053, 0.2861930972153019, 0.1748409677993911, 0.2678715843314764], [0.2523692212448231, 0.26736331926400664, 0.18894151229379105, 0.29132594719737925], [0.25898016197657253, 0.32115794121455166, 0.16051226696902962, 0.2593496298398461], [0.25881466203351433, 0.25261897147990175, 0.17119789397292756, 0.3173684725136565], [0.21247674815373044, 0.27353266054107894, 0.2509678107032175, 0.2630227806019731], [0.2664009216580764, 0.2949424492934396, 0.17691307042569954, 0.26174355862278453], [0.2586513161945494, 0.2328977565540412, 0.1933685492673879, 0.31508237798402156], [0.4245134712945989, 0.2069455867816745, 0.16348764541082605, 0.20505329651290052], [0.32555102371720196, 0.2319040432673975, 0.1779317786319856, 0.26461315438341493], [0.25089670673242676, 0.219848985847302, 0.15773807585448968, 0.3715162315657817], [0.2619541923182462, 0.22426792180276225, 0.26799128423467417, 0.24578660164431762], [0.24746177767954924, 0.27406649022209134, 0.1739573415299764, 0.30451439056838303], [0.2978371987052965, 0.25713028809577987, 0.17467598392560538, 0.2703565292733183], [0.2773489611755907, 0.26323762094403624, 0.20117501310672328, 0.25823840477364973], [0.24995316845846086, 0.26436599925346954, 0.18966930937557447, 0.29601152291249516], [0.26151641343553844, 0.23030157505184354, 0.23875535867933345, 0.2694266528332846], [0.2410666272877626, 0.31916446709439256, 0.1682166771194333, 0.27155222849841154], [0.24866612420402745, 0.24616759629557064, 0.22025165202519464, 0.28491462747520735], [0.3488563617689801, 0.23387888042309013, 0.17149430283298794, 0.2457704549749417], [0.3160924116733093, 0.28684443115730207, 0.15669681037157773, 0.24036634679781085], [0.2424478022994994, 0.20628958132798889, 0.13835627815740648, 0.41290633821510525], [0.2631328613655398, 0.23520211108019892, 0.20665535809938618, 0.29500966945487506], [0.2369852055185704, 0.300051632557771, 0.20091719724246374, 0.26204596468119495], [0.3835258585573935, 0.22726249114964153, 0.20216276493296093, 0.18704888536000402], [0.2401913010363668, 0.2901565756911932, 0.17721642527511072, 0.29243569799732944], [0.25135548011154535, 0.3560064965495445, 0.18925740357362447, 0.20338061976528576], [0.2577845232516566, 0.24368890132951154, 0.23746779388827965, 0.2610587815305524], [0.27701167757415496, 0.28054884941912633, 0.1942923634451696, 0.24814710956154917], [0.2655843509333686, 0.25166497625043327, 0.20544035651650716, 0.27731031629969116], [0.25918002117874206, 0.24898775393253575, 0.17988127466549111, 0.3119509502232311], [0.26619464802858633, 0.26371823592087085, 0.2038743742255342, 0.2662127418250086], [0.19412720912596346, 0.2727319414756116, 0.3134368076125761, 0.21970404178584904], [0.2657874361655659, 0.29094040260032017, 0.17277092983672113, 0.27050123139739296], [0.2967874944271992, 0.23028669388377385, 0.1583071022106605, 0.31461870947836656], [0.2442679654509784, 0.31078100404761255, 0.1621192077319422, 0.28283182276946695], [0.3287477870461981, 0.25364013537548136, 0.15651392389659619, 0.2610981536817244], [0.2271483016816176, 0.3150296907337928, 0.15301814958816784, 0.3048038579964218], [0.23385991843737128, 0.2613666825458372, 0.2494724339587337, 0.255300965058058], [0.2942353550864194, 0.20649559696728084, 0.27369482989887584, 0.22557421804742403], [0.25922576665149005, 0.26870086354179046, 0.18557796656904263, 0.2864954032376769], [0.30725101430877344, 0.2519487308365617, 0.17575671222781372, 0.2650435426268512], [0.2889214778182404, 0.2571335178387438, 0.17817038328327472, 0.27577462105974104], [0.18948489778600142, 0.28418767564389796, 0.27712796235581894, 0.24919946421428174], [0.24742655475771486, 0.29785844993203925, 0.2080115311427988, 0.2467034641674471], [0.18187529948433048, 0.38457878424066255, 0.1615490556192371, 0.27199686065577], [0.24497195578398312, 0.28420646043053627, 0.20597506233341456, 0.26484652145206605], [0.20695738588426427, 0.4079859178158261, 0.14616338614429447, 0.2388933101556153], [0.37910208924589905, 0.26097576805106043, 0.1453290331587831, 0.21459310954425742], [0.2548250701975609, 0.2756686231228328, 0.1649817866405753, 0.30452452003903113], [0.24080079876015453, 0.2090016392851714, 0.3452689622797181, 0.2049285996749559], [0.24964011303905126, 0.24637325087496956, 0.24532315786088682, 0.25866347822509256], [0.25239827570198603, 0.25620451995038784, 0.18134327880498213, 0.3100539255426441], [0.25384528380361715, 0.299643914425103, 0.17966300064139515, 0.2668478011298846], [0.21753815962762774, 0.3020842209020341, 0.1940876552602084, 0.28628996421012975], [0.1815298298914741, 0.39993193678255035, 0.15113516556944565, 0.26740306775653006], [0.1991629776340931, 0.38806502246006364, 0.18799033938656057, 0.22478166051928283], [0.22630344968516722, 0.23935258744467167, 0.2392697019528002, 0.295074260917361], [0.20444287653593718, 0.3743705304344487, 0.19799972104390434, 0.22318687198570997], [0.24958375239609623, 0.25334755276046106, 0.17693380409393514, 0.3201348907495077], [0.27908832398092226, 0.2648300957098926, 0.17870616515094304, 0.2773754151582423], [0.2763494349512206, 0.24255073821144996, 0.19647582868226338, 0.2846239981550661], [0.25426900821774057, 0.32598337831086266, 0.15916802854304776, 0.26057958492834904], [0.2611903617269014, 0.2685153711545917, 0.17193923868520516, 0.29835502843330175], [0.22148338336467627, 0.2557230781496809, 0.2360468702162697, 0.28674666826937306], [0.2662195593159156, 0.2748668095072585, 0.1688319535736078, 0.29008167760321824], [0.1970173554323983, 0.21564867713143474, 0.2815917520490913, 0.3057422153870756], [0.33143437134730214, 0.21419428799724466, 0.19104157497603233, 0.2633297656794209], [0.3624433716939936, 0.23428347852114764, 0.1480336083263406, 0.2552395414585184], [0.2618289494958952, 0.23285182510750302, 0.22339593006503228, 0.2819232953315694], [0.25847995885723957, 0.27529120130157586, 0.2065108125019502, 0.25971802733923455], [0.2710123010483278, 0.2669335199983566, 0.16983511275935748, 0.2922190661939582], [0.24064324979887922, 0.28447942977220403, 0.18340942710885552, 0.29146789332006123], [0.3096805156603108, 0.2681648775652464, 0.16230619532885382, 0.25984841144558907], [0.2670658636034091, 0.23294466434584224, 0.24548284768773157, 0.25450662436301724], [0.39572289712435543, 0.21300679631943867, 0.17688428625225405, 0.21438602030395185], [0.39806534623048695, 0.23346585386903507, 0.15527722694499257, 0.2131915729554854], [0.3683692439595495, 0.22872513164214447, 0.16060661221419487, 0.2422990121841113], [0.4450663108375051, 0.2096238497781086, 0.13995601040247332, 0.20535382898191293], [0.2929676798056179, 0.26149132809874365, 0.1502695083042341, 0.29527148379140433], [0.2408263242728853, 0.27560205005670896, 0.22660920003685403, 0.2569624256335519], [0.25619521536427187, 0.2680216469552997, 0.1861063811944474, 0.289676756485981], [0.2616635989902306, 0.2753612694150672, 0.18580813237336044, 0.27716699922134186], [0.2662026418194995, 0.2489971016527924, 0.19354264066420548, 0.2912576158635026], [0.17014593985369472, 0.17995691627256963, 0.26692412468631, 0.3829730191874258], [0.35226995512465775, 0.21171815149542317, 0.23364497267765633, 0.20236692070226278], [0.24218351035398053, 0.33443019435731, 0.20188996947311313, 0.2214963258155965], [0.24050938976647657, 0.26915027458604585, 0.21421679444907443, 0.27612354119840316], [0.30742081130909765, 0.2561078332931601, 0.15147879796198607, 0.2849925574357561], [0.4425305186083233, 0.20123719329951215, 0.14220881868147756, 0.21402346941068706], [0.23865464658926058, 0.2560910818877913, 0.21406203979101837, 0.29119223173192976], [0.24298955107766598, 0.23917796322048487, 0.2316247854454463, 0.28620770025640285], [0.25947876354621113, 0.2946950823141202, 0.17764132206199917, 0.2681848320776696], [0.25895911493946866, 0.2694440866787106, 0.18203507631310692, 0.28956172206871383], [0.3714420524555115, 0.22775872587494186, 0.19824123987301495, 0.2025579817965316], [0.25442545532520555, 0.24450755261780036, 0.24869451590773445, 0.2523724761492598], [0.2457427408750184, 0.28372721991246075, 0.18632894671286865, 0.28420109249965225], [0.3901329569945022, 0.23181113809042017, 0.1460115256026525, 0.2320443793124252], [0.21915014725294846, 0.2984850103066315, 0.21779805797541, 0.26456678446501003], [0.2587257310523399, 0.2831030388328235, 0.17432455990762746, 0.2838466702072094], [0.25523430715125006, 0.2389108295921544, 0.2342020882587874, 0.27165277499780816], [0.2334977214355927, 0.236695912619044, 0.2692699874716769, 0.26053637847368644], [0.25829854890986403, 0.29140267722534857, 0.18235083938264252, 0.2679479344821449], [0.27653387804265966, 0.26008003262214807, 0.20539229860595518, 0.2579937907292373], [0.22948256737384998, 0.29417641160225766, 0.18889633917179774, 0.2874446818520947], [0.2791489888255463, 0.2179455791744945, 0.21132045537894903, 0.2915849766210101], [0.3215454922738555, 0.24702564513419464, 0.16396856400494533, 0.26746029858700454], [0.30613266689381613, 0.2379837792752057, 0.1518826246130551, 0.3040009292179231], [0.26796520255799294, 0.23742572704461065, 0.1882820897209755, 0.306326980676421], [0.2361959514211792, 0.22221024765113057, 0.28823561713206036, 0.25335818379562985], [0.22344701616512802, 0.3456992014186649, 0.16015533353139166, 0.27069844888481537], [0.3034954939768066, 0.26445993224014497, 0.17882682481413362, 0.25321774896891486], [0.26944260489276095, 0.2186947602729641, 0.16002490070196482, 0.3518377341323103], [0.415992064460587, 0.2343078258615972, 0.15290047722723377, 0.19679963245058196], [0.20784457148764363, 0.2420201605351864, 0.27799581986059113, 0.27213944811657886], [0.2925936626432084, 0.23579187796368653, 0.18459266786656817, 0.2870217915265369], [0.29846667292998885, 0.2749731094645739, 0.16348104615445777, 0.26307917145097937]]}}