{"test": {"ids": ["108115570", "102113981", "97116790", "99105921", "110121170", "97114170", "99107630", "107121640", "111117120", "109113591", "104119290", "97106770", "98106560", "100111080", "107116300", "108118291", "101108621", "106118161", "110117080", "111116090", "98116090", "111120531", "107119950", "105113260", "101114990", "108114200", "98110680", "110114321", "105113190", "100108080", "101108950", "110115140", "112116540", "98108580", "113119320", "109116170", "101112690", "102110850", "103113270", "98120530", "99107640", "101112160", "104114320", "103111170", "98109230", "98111620", "109114720", "108114270", "103111540", "113121980", "102112250", "104119340", "106119260", "112119950", "113122150", "106114011", "105114220", "104113210", "111120640", "110119891", "102116340", "98108150", "106115250", "103111480", "99109370", "106115240", "101108121", "99119830", "113120280", "110115890", "109114220", "108117360", "105115250", "99113260", "100117420", "110116170", "113118231", "105117351", "98107410", "106114280", "97116410", "112116290", "97106970", "107118490", "111119150", "97109570", "106114150", "112117471", "99108460", "107114950", "104113240", "112119450", "112117580", "108116481", "107118120", "111118820", "97113260", "109118161", "102121440", "108113760", "100108520", "107117010", "108121160", "112117030", "107114780", "102112170", "107114200", "102114270", "111115780", "98106680", "99108310", "97105451", "113119480", "113120780", "107117630", "104111880", "100109980", "107118780", "108115500", "104117200", "109119460", "113122120", "102110240", "99108710", "108114040", "101112201", "103113260", "103110100", "111116290", "109120621", "111120220", "102110500", "108121410", "110118301", "107113360", "97110950", "99107300", "98109311", "104110960", "103111930", "100113210", "109117730"], "labels": [3, 1, 2, 1, 2, 2, 2, 1, 2, 3, 1, 3, 1, 0, 0, 3, 0, 3, 1, 3, 0, 0, 3, 3, 3, 0, 2, 1, 3, 0, 2, 0, 1, 0, 1, 0, 1, 3, 2, 1, 1, 3, 2, 2, 1, 3, 0, 3, 1, 2, 0, 1, 1, 0, 2, 1, 3, 3, 0, 3, 3, 0, 2, 0, 1, 1, 0, 1, 0, 2, 3, 1, 2, 0, 2, 0, 3, 0, 3, 3, 3, 0, 2, 2, 3, 0, 1, 3, 0, 3, 2, 3, 0, 0, 3, 0, 1, 0, 2, 1, 2, 1, 2, 2, 2, 3, 2, 3, 1, 1, 2, 0, 3, 0, 0, 3, 1, 1, 3, 3, 1, 1, 3, 2, 0, 0, 3, 1, 2, 1, 3, 3, 0, 1, 0, 3, 3, 1, 2, 3, 0, 3], "predicted_labels": [1, 1, 3, 3, 3, 3, 0, 1, 3, 1, 0, 1, 1, 0, 3, 0, 0, 1, 1, 1, 0, 3, 1, 0, 1, 1, 0, 2, 3, 2, 2, 3, 0, 0, 1, 0, 1, 3, 1, 2, 1, 3, 2, 1, 2, 3, 1, 1, 3, 0, 0, 1, 3, 0, 1, 2, 0, 1, 0, 0, 2, 0, 1, 0, 1, 0, 2, 3, 0, 1, 3, 3, 1, 1, 3, 1, 3, 1, 0, 3, 3, 0, 1, 2, 3, 3, 1, 0, 2, 2, 3, 1, 1, 3, 3, 3, 3, 1, 2, 0, 2, 3, 1, 1, 1, 3, 1, 3, 2, 1, 2, 3, 3, 1, 2, 1, 3, 2, 1, 3, 1, 1, 2, 1, 3, 0, 1, 1, 0, 0, 1, 0, 0, 3, 0, 0, 3, 3, 1, 1, 3, 1], "confidence_scores": [[0.17899228626792102, 0.4322369153684912, 0.18672053985799036, 0.20205025850559752], [0.29303468409836375, 0.38106703860522007, 0.13016077912892476, 0.19573749816749159], [0.17549701758796865, 0.17754430091278034, 0.17169799079964906, 0.4752606906996019], [0.25467841572509153, 0.26965712072203124, 0.20543936324554418, 0.27022510030733315], [0.15701209605292174, 0.21782957454376065, 0.16244698482866143, 0.4627113445746561], [0.3554009592928723, 0.17622222798570955, 0.10436721473427626, 0.36400959798714194], [0.31786038388879057, 0.23316278264576115, 0.2803909049798423, 0.1685859284856061], [0.20391311092835762, 0.4393793647430641, 0.1319514100929117, 0.22475611423566663], [0.08853280539137919, 0.2745747315145426, 0.21301089086363784, 0.42388157223044043], [0.3201940635288244, 0.34876414555708635, 0.1223442563067849, 0.2086975346073044], [0.35955223416236093, 0.3150660537706934, 0.12953330057293713, 0.19584841149400856], [0.26834818966352897, 0.3707952773792073, 0.13415436078563703, 0.22670217217162664], [0.15030540883773566, 0.3768763451070529, 0.2712595536596625, 0.20155869239554905], [0.3384026737363854, 0.28705880442478715, 0.1909889190696432, 0.18354960276918428], [0.14749580489220676, 0.3153690770222699, 0.22041117709460176, 0.31672394099092166], [0.4394843904311516, 0.23737192220172837, 0.10451466413562602, 0.21862902323149405], [0.5417849890959553, 0.257322883689719, 0.06725762689000946, 0.1336345003243163], [0.16708073480360186, 0.6153934849284821, 0.07579491219144165, 0.14173086807647436], [0.19965033948720304, 0.3953088919190868, 0.13400934733444564, 0.27103142125926444], [0.27326241365996484, 0.48299961391931107, 0.05468581797990137, 0.18905215444082282], [0.2949091912590939, 0.2905199237010797, 0.22797745055987625, 0.18659343447995025], [0.21205189331474972, 0.3394724593515154, 0.0643144327668917, 0.3841612145668432], [0.24106819918303146, 0.37181975785956356, 0.14090110650934728, 0.24621093644805775], [0.39654233107459974, 0.29890251612483143, 0.13274488648365446, 0.17181026631691426], [0.14431500553080692, 0.41465246134825345, 0.27171461053241797, 0.1693179225885217], [0.2620278642505398, 0.3404708805917101, 0.1552086498928216, 0.24229260526492843], [0.29822770745924976, 0.2947363116337575, 0.2749490311973785, 0.13208694970961418], [0.0949778984552427, 0.20667608355279446, 0.46816002148642216, 0.2301859965055407], [0.251861308378943, 0.23414949421644987, 0.18635876692665693, 0.3276304304779502], [0.19095200737251464, 0.2823344994583097, 0.3151842215006455, 0.2115292716685301], [0.1508286008245809, 0.2547758521033357, 0.3529554007798162, 0.24144014629226718], [0.25011718874607014, 0.24775143082391027, 0.1889468711002061, 0.31318450932981357], [0.6496156637248575, 0.09344570156372461, 0.06137515968996543, 0.19556347502145266], [0.38214763009821634, 0.2743054220665472, 0.2157077490199545, 0.1278391988152819], [0.35218183260027236, 0.37236242801682434, 0.09609946895441969, 0.17935627042848365], [0.6365945541227322, 0.08557889915618402, 0.0909019666926447, 0.18692458002843917], [0.21719575666561788, 0.41911951870157194, 0.12614143342998518, 0.23754329120282514], [0.0834873908427422, 0.10638469683566455, 0.06434789890678465, 0.7457800134148087], [0.24913116652925754, 0.40930013516040203, 0.07874782338360169, 0.2628208749267388], [0.2904197608566752, 0.2124056740537594, 0.2993342118570417, 0.19784035323252366], [0.22867085484761807, 0.3768636093907455, 0.1720000011919073, 0.22246553456972926], [0.1495207778603042, 0.26150003623482915, 0.0911505899011704, 0.4978285960036963], [0.0810130475367567, 0.13908786787218708, 0.5456411521294571, 0.2342579324615991], [0.2938640382051795, 0.2957380090834746, 0.12702226929402363, 0.2833756834173224], [0.17949078672900204, 0.2211920231354284, 0.455598648775691, 0.14371854135987872], [0.24196775797380196, 0.2611500275018666, 0.1728035365847895, 0.3240786779395421], [0.09245808722452502, 0.5196886932364184, 0.09713003780858959, 0.29072318173046685], [0.18728921042251842, 0.46011879741875017, 0.12432865656886574, 0.22826333558986567], [0.16730120890220135, 0.28006659655946137, 0.21185749865928394, 0.3407746958790535], [0.4118376774556693, 0.22949572153203676, 0.11254804913271027, 0.24611855187958376], [0.4805703418432423, 0.2540322543418301, 0.06908154940817796, 0.1963158544067496], [0.1823634674898178, 0.38708535453562143, 0.23012387864291237, 0.20042729933164832], [0.21186142225245252, 0.15823429308748874, 0.20667122172103364, 0.4232330629390251], [0.3536128688368123, 0.20739832999948515, 0.10752787005025977, 0.33146093111344266], [0.23767261391490285, 0.43299185892013614, 0.15005108169542722, 0.17928444546953387], [0.15653363771647294, 0.3279198725400737, 0.39524948840549184, 0.12029700133796155], [0.6212474150708696, 0.15325382161265358, 0.11425913573733816, 0.11123962757913874], [0.2979526589610061, 0.3071338980233657, 0.11950013972494442, 0.2754133032906838], [0.3897637695287842, 0.30639573540633525, 0.12412312174636703, 0.1797173733185135], [0.4551860280076957, 0.28162533602671275, 0.07788853806085591, 0.18530009790473542], [0.1747559761536269, 0.11475549801907314, 0.4862182547431856, 0.22427027108411451], [0.369714077194302, 0.2967416127470981, 0.18947422184787843, 0.14407008821072154], [0.19052348928446147, 0.40055424530587425, 0.20015675207518924, 0.20876551333447496], [0.60675501000434, 0.15622633715691592, 0.12554633152065303, 0.11147232131809112], [0.20379942978015855, 0.48524219555324877, 0.15919873152959563, 0.15175964313699697], [0.3801291526678925, 0.26607475584670714, 0.14838965891931488, 0.20540643256608548], [0.3791680894787083, 0.10134988417681838, 0.38550114252407996, 0.13398088382039355], [0.17423406215356094, 0.21571114725121462, 0.27036062714173237, 0.339694163453492], [0.6397662342856815, 0.10897100061291551, 0.07309628625076907, 0.178166478850634], [0.22153596141210813, 0.43569385149818635, 0.13231495329441345, 0.210455233795292], [0.2538045989428892, 0.2333376777387842, 0.19066765718775314, 0.3221900661305734], [0.24166652694235013, 0.29262716033880765, 0.15594593921862107, 0.30976037350022123], [0.12651970406067672, 0.4018235379946674, 0.10356194161096705, 0.368094816333689], [0.2261738620486676, 0.3691640269509609, 0.16209404160112909, 0.24256806939924253], [0.19308278048867544, 0.2704663922997761, 0.14781233297649968, 0.3886384942350487], [0.20940871831891236, 0.5672638941412635, 0.09682867690506305, 0.1264987106347612], [0.22498780208487695, 0.2744763893718688, 0.10570610350878545, 0.394829705034469], [0.30453526345274545, 0.3339463924202317, 0.08714010863691164, 0.27437823549011126], [0.6022453436959566, 0.17393754724721514, 0.09375801999755438, 0.13005908905927396], [0.22055342856080853, 0.25078155781102973, 0.18876327287207767, 0.33990174075608387], [0.1820559089868073, 0.25504622538739125, 0.24975872292949922, 0.3131391426963024], [0.3340673593783145, 0.2628799135175155, 0.2220982442883869, 0.18095448281578333], [0.1718806713872493, 0.5736996553256651, 0.11405032107485598, 0.14036935221222954], [0.1341304583830746, 0.29775966946179033, 0.3884950293759647, 0.1796148427791705], [0.21641450686387687, 0.27167496584436257, 0.07066794657437324, 0.4412425807173873], [0.17445920131882364, 0.11153328193699963, 0.08401437941167778, 0.6299931373324988], [0.26712687550666364, 0.3396625721872636, 0.1468440689903824, 0.2463664833156902], [0.3324016700023588, 0.2628856365842045, 0.13691081589188028, 0.2678018775215563], [0.25540938073146857, 0.17647938052507636, 0.3587220582698233, 0.20938918047363195], [0.1363082724658166, 0.10782334778397394, 0.39921793642536063, 0.35665044332484896], [0.13484386344641205, 0.23947525086771956, 0.22478214437451477, 0.40089874131135367], [0.2786326331926845, 0.33337413189534787, 0.16055383826523525, 0.22743939664673254], [0.25068102594563396, 0.4431731146575085, 0.10513406632863383, 0.20101179306822375], [0.3105261908854626, 0.27537852215042685, 0.08221559370796075, 0.3318796932561497], [0.27534844964981936, 0.27583084483793613, 0.13850875463603995, 0.31031195087620456], [0.28283192154968295, 0.22538865465226082, 0.11362433885839386, 0.3781550849396623], [0.18254246140905367, 0.284144804425755, 0.18706527238824128, 0.34624746177695026], [0.21632060992049537, 0.44996208754657807, 0.05609251071187449, 0.2776247918210521], [0.29996934923735297, 0.1347803083146977, 0.3056004327882988, 0.25964990965965057], [0.6666571685854966, 0.15813162834967084, 0.0874922959070188, 0.08771890715781396], [0.1534415625375037, 0.10368811168971345, 0.6349897561818068, 0.10788056959097611], [0.17663154366530953, 0.21665925400065422, 0.14928239107243774, 0.4574268112615985], [0.2846598961208668, 0.36625329521840716, 0.07501198212801921, 0.2740748265327071], [0.24872173326135655, 0.41817656022173527, 0.15491857857779787, 0.1781831279391104], [0.17937190336867626, 0.4250697485005117, 0.24592327887832313, 0.1496350692524891], [0.2065621680465941, 0.14758361680725707, 0.09098873175641951, 0.5548654833897294], [0.2845007376237846, 0.32553060216722957, 0.1494183379461739, 0.24055032226281195], [0.09754180214960889, 0.3021012807225771, 0.15758325422699412, 0.44277366290082004], [0.16017853690533568, 0.1962879914502158, 0.5208893478391733, 0.12264412380527527], [0.2307249697850187, 0.4422073897810133, 0.130364279133586, 0.19670336130038196], [0.1611824848674001, 0.18527834786164954, 0.4712399073095148, 0.1822992599614354], [0.11176414483544188, 0.33667760157419346, 0.16498522973516128, 0.38657302385520337], [0.2030560029043272, 0.10063081547330793, 0.09827896524017114, 0.5980342163821937], [0.20487161501588538, 0.4086036301508409, 0.11184976427874639, 0.27467499055452743], [0.2689517808327315, 0.2469660962307487, 0.27261938274275, 0.2114627401937697], [0.20120344268607765, 0.459570410412033, 0.1300630082920372, 0.20916313860985225], [0.13310899949675306, 0.23440138241804004, 0.269155050298789, 0.363334567786418], [0.1711619868446696, 0.1579753685526759, 0.4245063855304453, 0.2463562590722093], [0.2866822389164167, 0.3393037365394343, 0.11253660741430042, 0.2614774171298486], [0.23593796849471255, 0.30836282021597095, 0.14298213983885497, 0.31271707145046157], [0.16083709114625364, 0.5415839722946493, 0.1420503882547513, 0.15552854830434584], [0.2836616468667564, 0.34713551592331954, 0.09051073753140847, 0.2786920996785159], [0.25471578438362147, 0.19865462762880032, 0.3825648931085829, 0.16406469487899542], [0.14191152274950772, 0.380157483385638, 0.3051653030917698, 0.17276569077308462], [0.1254787005954317, 0.2609494622532894, 0.23609142257687474, 0.3774804145744043], [0.4087854050494893, 0.2952034521570867, 0.11059381094906452, 0.18541733184435963], [0.14619461100793546, 0.4610199729100024, 0.10563412084754305, 0.28715129523451915], [0.17891392546947005, 0.5340880777241358, 0.12168877899237196, 0.16530921781402216], [0.3082748870077186, 0.28907393691711525, 0.13453612971351425, 0.26811504636165184], [0.37481414270467206, 0.2638910127159283, 0.05971946511240881, 0.3015753794669908], [0.3305478804246325, 0.3458516128501305, 0.11825210797442297, 0.20534839875081404], [0.37030488873447637, 0.2768978107142796, 0.14102741523958365, 0.21176988531166058], [0.5328534622791853, 0.18429276329490799, 0.0890236157073465, 0.19383015871856007], [0.19046428471007454, 0.21368171793768764, 0.04494496258185596, 0.550909034770382], [0.5424677192015226, 0.19160269211304926, 0.07847536814018137, 0.18745422054524694], [0.45721212337306, 0.1367131176277847, 0.22731878309458592, 0.1787559759045694], [0.1882540111729987, 0.3278343682252003, 0.14068654888956894, 0.3432250717122321], [0.16641824889859566, 0.15546171014962695, 0.05207282764894896, 0.6260472133028284], [0.1512250055193533, 0.45459391553240286, 0.08632172652825111, 0.3078593524199927], [0.1940540457504073, 0.4370920141081127, 0.16410094758955615, 0.20475299255192392], [0.14193677950554054, 0.16854476109790756, 0.13133741460807535, 0.5581810447884765], [0.11973462276625957, 0.6088846644293816, 0.07122877943570138, 0.2001519333686574]]}, "rewritten": {"ids": ["97105451", "97106770", "97106970", "97109570", "97110950", "97113260", "97114170", "97116410", "97116790", "98106560", "98106680", "98107410", "98108150", "98108580", "98109230", "98109311", "98110680", "98111620", "98116090", "98120530", "99105921", "99107300", "99107630", "99107640", "99108310", "99108460", "99108710", "99109370", "99113260", "99119830", "100108080", "100108520", "100109980", "100111080", "100113210", "100117420", "101108121", "101108621", "101108950", "101112160", "101112201", "101112690", "101114990", "102110240", "102110500", "102110850", "102112170", "102112250", "102113981", "102114270", "102116340", "102121440", "103110100", "103111170", "103111480", "103111540", "103111930", "103113260", "103113270", "104110960", "104111880", "104113210", "104113240", "104114320", "104117200", "104119290", "104119340", "105113190", "105113260", "105114220", "105115250", "105117351", "106114011", "106114150", "106114280", "106115240", "106115250", "106118161", "106119260", "107113360", "107114200", "107114780", "107114950", "107116300", "107117010", "107117630", "107118120", "107118490", "107118780", "107119950", "107121640", "108113760", "108114040", "108114200", "108114270", "108115500", "108115570", "108116481", "108117360", "108118291", "108121160", "108121410", "109113591", "109114220", "109114720", "109116170", "109117730", "109118161", "109119460", "109120621", "110114321", "110115140", "110115890", "110116170", "110117080", "110118301", "110119891", "110121170", "111115780", "111116090", "111116290", "111117120", "111118820", "111119150", "111120220", "111120531", "111120640", "112116290", "112116540", "112117030", "112117471", "112117580", "112119450", "112119950", "113118231", "113119320", "113119480", "113120280", "113120780", "113121980", "113122120", "113122150"], "labels": [0, 3, 2, 0, 3, 1, 2, 3, 2, 1, 1, 3, 0, 0, 1, 1, 2, 3, 0, 1, 1, 3, 2, 1, 2, 0, 2, 1, 0, 1, 0, 2, 1, 0, 0, 2, 0, 0, 2, 3, 0, 1, 3, 3, 3, 3, 3, 0, 1, 3, 3, 2, 1, 2, 0, 1, 3, 3, 2, 2, 3, 3, 2, 2, 3, 1, 1, 3, 3, 3, 2, 0, 1, 1, 3, 1, 2, 3, 1, 0, 2, 2, 3, 0, 1, 0, 3, 2, 1, 3, 1, 1, 0, 0, 3, 3, 3, 0, 1, 3, 2, 0, 3, 3, 0, 0, 3, 0, 1, 1, 1, 0, 2, 0, 1, 1, 3, 2, 1, 3, 2, 2, 0, 3, 3, 0, 0, 0, 1, 2, 3, 0, 3, 0, 3, 1, 3, 0, 0, 2, 1, 2], "predicted_labels": [1, 0, 1, 3, 0, 1, 0, 2, 3, 3, 1, 0, 1, 1, 1, 3, 0, 2, 1, 0, 1, 0, 0, 3, 2, 2, 1, 1, 3, 1, 1, 2, 3, 1, 1, 1, 0, 1, 2, 3, 1, 1, 1, 3, 3, 3, 3, 0, 1, 1, 3, 0, 1, 3, 0, 3, 3, 1, 3, 1, 3, 0, 1, 3, 0, 1, 1, 3, 0, 0, 0, 3, 1, 1, 3, 1, 1, 1, 3, 0, 3, 1, 1, 3, 3, 2, 1, 1, 2, 1, 3, 0, 2, 2, 1, 0, 1, 1, 3, 0, 1, 0, 0, 3, 1, 1, 1, 1, 1, 0, 1, 2, 3, 1, 1, 3, 1, 3, 1, 1, 1, 3, 3, 3, 1, 3, 1, 1, 0, 3, 1, 0, 3, 3, 1, 1, 3, 0, 3, 0, 1, 0], "confidence_scores": [[0.213696919041066, 0.42387744991513804, 0.09377821264124654, 0.2686474184025494], [0.5346870101402813, 0.1789896011183855, 0.13599227195962593, 0.15033111678170738], [0.23756574947786893, 0.3988477350933976, 0.25166897541713545, 0.11191754001159805], [0.07408218334447171, 0.0732478578690651, 0.029003947960854533, 0.8236660108256085], [0.43192563898153863, 0.12121882397569043, 0.0913335101633754, 0.3555220268793954], [0.1454923537966513, 0.530203273441048, 0.12072713279485303, 0.20357723996744762], [0.4202878092027847, 0.17269840730729927, 0.13472645438185246, 0.2722873291080633], [0.20870946028659806, 0.240874035524071, 0.3241277301197696, 0.22628877406956133], [0.2611370504000499, 0.2617447892565571, 0.13126194988278353, 0.3458562104606095], [0.1540893924145968, 0.31000489492236183, 0.13883259334611428, 0.39707311931692735], [0.255883145167711, 0.41030385563583877, 0.14898397028205684, 0.18482902891439346], [0.520020407982092, 0.19845630312212673, 0.09425236045943847, 0.18727092843634274], [0.21305767704915415, 0.39846386819150714, 0.1373706451784599, 0.25110780958087886], [0.2753103181723612, 0.3500328218751387, 0.2188540543718571, 0.15580280558064308], [0.15791348000539782, 0.3335547065124898, 0.30266183565526283, 0.2058699778268497], [0.20558089320108433, 0.1754620250697791, 0.10466692165040763, 0.5142901600787291], [0.3475065114558722, 0.3114952627182378, 0.18147156815671556, 0.15952665766917434], [0.12216115455958781, 0.32331249058364164, 0.33688016155386574, 0.2176461933029048], [0.1993062820602682, 0.37190223326673527, 0.24194155746983395, 0.1868499272031628], [0.4465756618123773, 0.20855274471763427, 0.09190645373293053, 0.252965139737058], [0.19742467438253994, 0.4455950462087834, 0.1324895620281339, 0.22449071738054285], [0.33670413304350466, 0.25212595792578196, 0.14426082035112417, 0.26690908867958907], [0.34647582846490366, 0.23265357220642374, 0.16455911490693503, 0.2563114844217375], [0.162218137409127, 0.28464971238153314, 0.2045536796144286, 0.3485784705949114], [0.15950835500573157, 0.17544214975260977, 0.5216108767109405, 0.14343861853071813], [0.1384861667539794, 0.29464740154633084, 0.3154016508628722, 0.25146478083681767], [0.1878040621483605, 0.40168321754712366, 0.1638333671860336, 0.24667935311848227], [0.13592345480526333, 0.3952550665005368, 0.3141711911940314, 0.15465028750016854], [0.24847242616493748, 0.2868918445606134, 0.1438874131412675, 0.3207483161331817], [0.21952930311750132, 0.2860638898970339, 0.21209906607848017, 0.2823077409069845], [0.1716383654690993, 0.36902294594594925, 0.24128885104642822, 0.2180498375385231], [0.28119894184019273, 0.08173207019258695, 0.4923879709840827, 0.14468101698313784], [0.16460216632422053, 0.19460091457499157, 0.17570882591634043, 0.46508809318444744], [0.23012011273276986, 0.34805542599606987, 0.21112505094083692, 0.21069941033032347], [0.1854240193273043, 0.4374833787689512, 0.14894630354795693, 0.22814629835578745], [0.23227629269109235, 0.3032382781980875, 0.17905823272233262, 0.28542719638848746], [0.44097000086750354, 0.21853340026964505, 0.20872105877463318, 0.13177554008821826], [0.27720355494722443, 0.3493702972387501, 0.14190271915679706, 0.23152342865722855], [0.1016144564944573, 0.24128600551489038, 0.389061608117725, 0.26803792987292735], [0.2132767708544935, 0.2798933189602574, 0.1135068370077686, 0.39332307317748055], [0.2574608480262807, 0.3469585277978957, 0.10595090395683132, 0.28962972021899225], [0.17346710530271578, 0.4220426028509322, 0.18982423727917683, 0.21466605456717505], [0.17264319871817915, 0.3954409754282171, 0.16563888701983415, 0.26627693883376985], [0.24865957566228164, 0.2718610045499621, 0.17547443250433625, 0.3040049872834201], [0.3416202429289085, 0.18144428446976965, 0.09998247409254511, 0.3769529985087767], [0.21385689214537462, 0.1966894325639512, 0.09994641097866412, 0.48950726431201025], [0.3457321042846031, 0.09895328418288876, 0.1060010179398281, 0.44931359359267997], [0.7467999557350137, 0.12646336905917482, 0.03516808721934285, 0.09156858798646866], [0.2703438767640883, 0.42485186954352655, 0.10156770101001744, 0.20323655268236762], [0.2115441758187648, 0.42119769345347585, 0.1687664604756537, 0.19849167025210554], [0.13594432889726502, 0.22449212051756956, 0.2177568465716403, 0.4218067040135251], [0.4595065358518537, 0.09791394403261229, 0.25264362628458453, 0.18993589383094936], [0.21736035204970294, 0.35021811478959886, 0.11905459245160861, 0.3133669407090895], [0.2343371587562341, 0.24001545232687946, 0.08988098515071317, 0.4357664037661735], [0.5139560262889188, 0.17211901809777758, 0.12945277804305466, 0.18447217757024895], [0.26727367996422213, 0.20127286990128287, 0.13796308603321433, 0.39349036410128063], [0.1513791210864841, 0.30309839852126647, 0.1545683658419509, 0.3909541145502987], [0.11557415575663933, 0.4135563261123324, 0.09511587004025529, 0.375753648090773], [0.1710767576784356, 0.33654617399328224, 0.10544477266101399, 0.3869322956672681], [0.07944079496212954, 0.548882162121636, 0.19682779056851898, 0.17484925234771556], [0.16238006897769106, 0.2526715685227978, 0.07948206373332034, 0.5054662987661908], [0.2816521661963537, 0.27793066435289565, 0.2547677306022969, 0.1856494388484538], [0.19320884752020934, 0.45146126944040454, 0.16261348579466273, 0.19271639724472348], [0.1570987102266647, 0.19554857100847695, 0.25644379909596887, 0.3909089196688895], [0.4520678343346283, 0.2290419425070327, 0.16443943269041256, 0.15445079046792642], [0.2827437572702508, 0.29159500696300833, 0.14065399701943015, 0.28500723874731065], [0.10607147756914229, 0.5901873210140365, 0.07348310094750904, 0.2302581004693122], [0.11541653019010549, 0.11032109007799598, 0.10519338671176795, 0.6690689930201306], [0.4873099878405935, 0.27466362255133037, 0.10063884414250096, 0.1373875454655752], [0.42532504283965183, 0.20182941185595454, 0.23022605089724243, 0.14261949440715127], [0.3285441535048762, 0.25544254195886723, 0.17694014032006847, 0.2390731642161882], [0.0947235593821612, 0.08821306429691766, 0.02818818758388977, 0.7888751887370313], [0.2008345681773329, 0.46902847343349957, 0.12246232599252121, 0.2076746323966464], [0.17481208280478056, 0.5511928063746505, 0.14005503361318208, 0.13394007720738685], [0.13184527569233126, 0.29568269616984355, 0.15542201915085618, 0.4170500089869691], [0.2682847256780527, 0.4092527436691446, 0.126459364836118, 0.19600316581668475], [0.17657776841402995, 0.4345273890705062, 0.13049070935565105, 0.258404133159813], [0.1481196331768699, 0.662638337770259, 0.05280107629552518, 0.136440952757346], [0.16300097405810465, 0.08632784141046945, 0.14324053926524508, 0.6074306452661807], [0.5274814032486044, 0.20707541834968132, 0.08316760365668967, 0.1822755747450247], [0.1502061744444969, 0.3056443893285241, 0.16698717095767163, 0.37716226526930763], [0.19166953850033216, 0.4110899741967205, 0.19866631056976233, 0.19857417673318503], [0.2923410433178693, 0.3238630041467941, 0.15809314330960791, 0.22570280922572866], [0.21552044682356958, 0.29666106985216045, 0.15543891328396298, 0.3323795700403069], [0.21456884891703482, 0.1789952238254624, 0.2538042763609171, 0.35263165089658566], [0.2406541092930459, 0.2463824163186004, 0.28826031665298474, 0.2247031577353692], [0.26255894565152826, 0.42162613569791346, 0.12209103996882269, 0.1937238786817355], [0.11362046223680364, 0.3271026570668189, 0.2962499117328431, 0.26302696896353467], [0.16466958061253548, 0.18107222229038264, 0.4722521061969655, 0.1820060909001164], [0.23485222422523003, 0.43964864595849923, 0.12843365607164436, 0.19706547374462627], [0.18376880700123763, 0.22679836664234637, 0.1287458767458908, 0.4606869496105251], [0.4639162380318284, 0.20309402230974444, 0.10634061195309434, 0.22664912770533271], [0.11780057801584218, 0.1828396153375079, 0.36382420041541536, 0.33553560623123463], [0.1678491251673635, 0.2941402471178181, 0.3022151089044821, 0.23579551881033617], [0.2323329916351988, 0.4515665903187695, 0.09445429492794952, 0.2216461231180822], [0.33121298549601086, 0.32258871908055853, 0.09005999925598876, 0.256138296167442], [0.22400124594995832, 0.41322905088742495, 0.148507454010599, 0.2142622491520177], [0.31733208224905196, 0.3934481467821464, 0.07293611935927798, 0.2162836516095237], [0.17304181077786857, 0.19052538825379028, 0.20812438878904096, 0.42830841217930016], [0.3485854849799478, 0.21173417312575948, 0.22176261811945952, 0.21791772377483323], [0.26294914425823007, 0.35280112130561353, 0.08614141761608168, 0.2981083168200746], [0.38047727363515244, 0.3215839890837566, 0.08857594405479464, 0.2093627932262964], [0.36143859506256604, 0.2553344809679386, 0.10586713968729802, 0.2773597842821975], [0.3578471873782952, 0.17875280732008808, 0.10378102267788351, 0.3596189826237333], [0.10336035927558479, 0.4178565583630989, 0.09070247429070676, 0.3880806080706096], [0.29218397736342805, 0.29459613653545696, 0.207654338995567, 0.20556554710554778], [0.2132961984011531, 0.4018356901473434, 0.05851839831477028, 0.3263497131367334], [0.293965834490994, 0.4451391853211069, 0.08501253715687829, 0.17588244303102063], [0.24274898505552336, 0.36753605959501234, 0.13061628139882944, 0.2590986739506349], [0.5251739035521807, 0.1425662570106625, 0.07608877446108092, 0.2561710649760759], [0.2686149329333864, 0.3697317993676036, 0.09944260027275059, 0.26221066742625954], [0.2710732495674104, 0.13429602000231836, 0.32052319915288413, 0.2741075312773871], [0.27047810549736595, 0.23644539803196063, 0.10457503006124423, 0.3885014664094293], [0.22202570971827948, 0.4432886104783483, 0.09499296993311737, 0.23969270987025487], [0.1984113034143553, 0.380992424111772, 0.11512154976026322, 0.3054747227136095], [0.16322443984398716, 0.31053922525017597, 0.057822265783755725, 0.4684140691220812], [0.2996919457918731, 0.4202636440439072, 0.1134373923026959, 0.16660701786152385], [0.09742021166533346, 0.15879546246283538, 0.05740432994160594, 0.6863799959302251], [0.2574281447447733, 0.31546082546983106, 0.20262426503877393, 0.2244867647466218], [0.28549531049610455, 0.4456769254633876, 0.07303957803830609, 0.19578818600220174], [0.1968452660188724, 0.33478768624144367, 0.18463842533621738, 0.2837286224034666], [0.08651994645681786, 0.30465173291209097, 0.13784036592802004, 0.4709879547030712], [0.15280037217958967, 0.0713240733341395, 0.051091331970061785, 0.7247842225162092], [0.20897763996199947, 0.2324294225076479, 0.08153821247596714, 0.4770547250543855], [0.30731623034187616, 0.3236495812467665, 0.14124898447332387, 0.22778520393803356], [0.17539790140378034, 0.17766367234846533, 0.09496583753801585, 0.5519725887097385], [0.29188936444837066, 0.38745758005859837, 0.10411669188766355, 0.21653636360536727], [0.2722901597271908, 0.3476540429328081, 0.18224583538550096, 0.19780996195450007], [0.6648352481351327, 0.14350777589369212, 0.09075818865633727, 0.10089878731483791], [0.11679874857447091, 0.13600230751335235, 0.11161529016242304, 0.6355836537497538], [0.27555285012651365, 0.3753013453907771, 0.1146077189465924, 0.23453808553611682], [0.34435062233805896, 0.31281618772349656, 0.1373956723133281, 0.20543751762511636], [0.24863761090079994, 0.1278695243802513, 0.09907326720700599, 0.5244195975119428], [0.36945132054602886, 0.1886672449465493, 0.04397189743901912, 0.3979095370684029], [0.2679212367325539, 0.3148702478624664, 0.11312716728948408, 0.3040813481154957], [0.25862609703990985, 0.411313112954656, 0.1071880488613198, 0.2228727411441143], [0.2403009113008918, 0.12770137642597365, 0.06858259557396294, 0.5634151166991715], [0.5280155601352904, 0.05379950478332903, 0.05131449696853271, 0.36687043811284786], [0.15485883005641232, 0.3336149547791805, 0.10257990759581737, 0.4089463075685899], [0.4795883894348483, 0.19150668011976596, 0.09391766913769166, 0.23498726130769412], [0.32231175693738745, 0.3697315185865534, 0.09710762846299771, 0.21084909601306154], [0.3611493660309207, 0.2705890968369241, 0.11195577869168467, 0.2563057584404707]]}}