{"test": {"ids": ["110115120", "97105580", "99109370", "107113260", "100109980", "109113931", "111116170", "101110740", "113121010", "106115240", "102109850", "102110240", "104113240", "103118110", "106111321", "100113210", "98121790", "110118880", "98110230", "106118820", "112116800", "112119980", "112117471", "112119500", "98107380", "99112840", "108114180", "110119300", "112118421", "99107640", "107116980", "113120260", "109114030", "109116930", "105115720", "104111620", "111114941", "108121190", "102113210", "102109840", "112120640", "107121540", "99108710", "97116500", "104111780", "108118810", "112118511", "108117451", "105117351", "109118701", "105110251", "112120270", "101108460", "108120260", "103113610", "101112540", "99108580", "98117740", "105116980", "112118581", "104113190", "110118930", "108115880", "113122180", "99120010", "112120290", "110120190", "103120780", "111116640", "109115211", "110115140", "98112170", "109115070", "100108580", "111116110", "105120621", "98116940", "104117200", "99107630", "99108080", "107116501", "110118111", "104114410", "106116640", "103118291", "102110050", "112117660", "101121640", "105113480", "103111990", "108113700", "107120010", "113119340", "105112100", "104111550", "112119950", "101119591", "111121410", "112116880", "108119330", "111119580", "107116300", "98110680", "108120060", "106113190", "108113620", "98109311", "113117340", "106120640", "107115140", "106118520", "99108890", "112121351", "110113591", "109119340", "104113000", "97107950", "105115680", "111120531", "107121700", "99109740", "109114220", "108116481", "106116850", "107113130", "101108580", "110115710", "103117200", "104111531", "108121351", "107114110", "112116850", "101109370", "105116650", "100111620", "113122510", "103113270", "99111930", "109113281", "98110710", "110121170", "107118520"], "labels": [0, 1, 1, 0, 1, 1, 0, 3, 2, 1, 1, 3, 2, 2, 0, 0, 2, 0, 3, 3, 0, 0, 3, 2, 1, 2, 1, 1, 3, 1, 3, 3, 1, 0, 1, 0, 0, 1, 3, 2, 0, 2, 2, 2, 3, 1, 1, 2, 0, 3, 0, 0, 0, 1, 2, 2, 0, 2, 0, 1, 3, 1, 3, 2, 2, 1, 3, 1, 0, 0, 0, 3, 0, 0, 3, 1, 2, 3, 2, 3, 1, 1, 1, 3, 0, 3, 0, 2, 0, 2, 0, 1, 0, 1, 1, 0, 0, 0, 0, 0, 3, 0, 2, 1, 0, 3, 1, 2, 3, 0, 2, 0, 0, 0, 3, 1, 2, 2, 0, 3, 3, 3, 0, 3, 1, 0, 2, 0, 0, 3, 1, 0, 1, 1, 3, 2, 2, 1, 0, 2, 2, 2], "predicted_labels": [1, 0, 3, 3, 3, 1, 1, 1, 1, 1, 1, 1, 1, 3, 3, 3, 1, 1, 1, 1, 3, 3, 1, 1, 3, 1, 3, 1, 3, 3, 1, 1, 1, 3, 1, 3, 3, 3, 3, 1, 1, 1, 1, 1, 3, 3, 3, 3, 3, 3, 3, 1, 1, 1, 1, 3, 1, 1, 1, 1, 3, 1, 1, 3, 1, 2, 3, 1, 1, 3, 3, 1, 1, 1, 3, 3, 1, 3, 3, 1, 1, 1, 1, 3, 1, 1, 3, 3, 3, 1, 0, 3, 3, 3, 1, 3, 3, 3, 1, 1, 1, 3, 1, 1, 3, 1, 3, 1, 1, 3, 1, 1, 1, 1, 3, 3, 3, 1, 1, 3, 1, 1, 3, 3, 1, 3, 1, 3, 3, 1, 3, 3, 1, 1, 1, 1, 3, 1, 3, 3, 3, 1], "confidence_scores": [[0.22501524031524028, 0.31330799200799186, 0.1491174658674659, 0.3125593018093018], [0.2889622322122325, 0.2879785547785547, 0.17051401376401393, 0.25254519924519947], [0.23520044955044966, 0.24820554723054727, 0.20176825951825966, 0.3148257437007436], [0.20369812687312688, 0.30995374070374077, 0.15239168609168613, 0.33395644633144633], [0.23627913752913762, 0.29076719391719397, 0.17008319458319465, 0.302870473970474], [0.22426764901764923, 0.36890127650127635, 0.1486979797979799, 0.25813309468309464], [0.21227558552558545, 0.3133029219318693, 0.18557401779507043, 0.28884747474747485], [0.18732242561360218, 0.3028165354253588, 0.2188163780663781, 0.29104466089466097], [0.18767113997114016, 0.3500499722499723, 0.17031541791541802, 0.2919634698634699], [0.2523650904650904, 0.2935535631035631, 0.16426098346098342, 0.28982036297036307], [0.20781173271173284, 0.28745375180375177, 0.23859826839826845, 0.26613624708624717], [0.24587056832056844, 0.2880444222444224, 0.20686336441336442, 0.25922164502164524], [0.18314985569985584, 0.4309195887445887, 0.1579267094017095, 0.22800384615384617], [0.24842808857808865, 0.23820721500721495, 0.21882725052725058, 0.2945374458874458], [0.22410375180375197, 0.2968313131313132, 0.17518610278610283, 0.3038788322788322], [0.28001964701964704, 0.25118412143412144, 0.14040238095238097, 0.3283938505938507], [0.2015096181596182, 0.293676334776335, 0.22989941169941178, 0.27491463536463545], [0.21652864912864925, 0.31974846264846285, 0.1621372238872239, 0.3015856643356644], [0.24833617493617502, 0.2967441558441559, 0.16106719391719398, 0.29385247530247527], [0.21377171717171722, 0.3003299422799423, 0.19140084360084367, 0.29449749694749705], [0.19046023421023436, 0.3065433122433123, 0.18869257409257414, 0.31430387945387933], [0.19416818181818182, 0.29043253968253957, 0.13885120435120438, 0.3765480741480742], [0.24326090021090024, 0.32609935064935064, 0.1322316960816961, 0.2984080530580531], [0.1500002331002331, 0.3766352092352091, 0.20420337440337447, 0.26916118326118343], [0.23946868686868694, 0.2634321622821623, 0.174383016983017, 0.32271613386613407], [0.21185161505161507, 0.336722732822733, 0.1780263847263849, 0.27339926739926756], [0.1867673826173827, 0.2592494338994341, 0.1541237817737819, 0.39985940170940154], [0.2622400044400045, 0.2918174381174383, 0.17924083139083144, 0.2667017260517261], [0.23058525363525384, 0.3117018675768674, 0.11524390331890332, 0.3424689754689756], [0.20737044622044637, 0.24930564990564996, 0.21827321567321575, 0.32505068820068816], [0.2602279553779553, 0.3117126873126875, 0.1971612165612166, 0.23089814074814083], [0.18819047619047619, 0.31907171717171723, 0.21077138972138978, 0.28196641691641705], [0.2397124685771746, 0.29927825507825495, 0.1695647852147852, 0.29144449112978515], [0.22679782994783013, 0.2602448495948498, 0.20932615162615176, 0.3036311688311689], [0.17370493395493405, 0.3406995032745031, 0.20704813242313239, 0.2785474303474304], [0.2506201742701744, 0.2301941919191921, 0.21711777944277955, 0.3020678543678544], [0.2123616494616496, 0.2834787434787435, 0.15231968586968592, 0.35183992118992113], [0.25019686424686427, 0.2660933372183372, 0.17455601065601073, 0.30915378787878783], [0.2350596847596848, 0.27032276612276623, 0.15120001110001116, 0.343417538017538], [0.19158738206238216, 0.3277727272727273, 0.19928830336330355, 0.2813515873015873], [0.2180624930624931, 0.2922574869574872, 0.22327551892551903, 0.2664045010545011], [0.21389044844044844, 0.2963565934065933, 0.20664646464646477, 0.28310649350649353], [0.20115953295070957, 0.3125359826448061, 0.17869701964701964, 0.3076074647574647], [0.23440380175380188, 0.26465666000666, 0.23643051948051955, 0.26450901875901883], [0.20162899877899887, 0.30732876012876004, 0.16171651681651683, 0.32932572427572426], [0.22340804750804777, 0.28689694194694204, 0.15900349095349095, 0.33069151959151916], [0.20566137751137759, 0.25613311133311145, 0.17189088134088135, 0.36631462981462987], [0.28806853701853696, 0.17871935286935292, 0.1632361471861473, 0.3699759629259628], [0.271360101010101, 0.28630870240870254, 0.1386229437229437, 0.3037082528582528], [0.23705929070929083, 0.28459870129870135, 0.19087787767787773, 0.2874641303141303], [0.23282989232989237, 0.2810446719946719, 0.1640419080919081, 0.32208352758352743], [0.17120894105894122, 0.36558166278166276, 0.2264675713175713, 0.23674182484182502], [0.21824782439782453, 0.3137501443001442, 0.20773126318126325, 0.26027076812076816], [0.24214605949605952, 0.32041477119371853, 0.19299279901385163, 0.2444463702963705], [0.21678849206349216, 0.304055477855478, 0.22818739038739058, 0.2509686396936398], [0.20356840740958398, 0.2872339513427749, 0.20661739371739385, 0.3025802475302476], [0.1942906482406482, 0.3156650876900876, 0.2271385281385282, 0.2629057359307361], [0.19844597244860404, 0.3022232266271741, 0.22590420807262918, 0.2734265928515929], [0.23024067876567883, 0.3254660284160284, 0.20451368076368082, 0.23977961205461215], [0.1923175324675325, 0.33633875013875014, 0.19904398379398391, 0.2722997335997338], [0.22614532412032412, 0.2844302253302252, 0.1673130730380731, 0.32211137751137753], [0.18855762570762588, 0.32453917748917727, 0.1817675546675548, 0.30513564213564215], [0.2171020923520925, 0.3087217171717171, 0.17184356754356755, 0.3023326229326229], [0.21659735819735823, 0.26881333388833395, 0.15530180375180383, 0.359287504162504], [0.23501268176268172, 0.26571339771339786, 0.24179448884448884, 0.25747943167943194], [0.2155306193806195, 0.2523297091797093, 0.30146143023643013, 0.23067824120324132], [0.23529769674769677, 0.26995708458208467, 0.14928953268953277, 0.34545568598068593], [0.1992465367965369, 0.3338563353313355, 0.19099544344544356, 0.2759016844266845], [0.23390995670995673, 0.31857079587079595, 0.18021761016761026, 0.2673016372516375], [0.1910788711288712, 0.24282279942279952, 0.15333338883338893, 0.41276494061494073], [0.22462522803993412, 0.23236960457842817, 0.2023604232368939, 0.3406447441447439], [0.24041283161283164, 0.29831266511266524, 0.17915198690198703, 0.28212251637251634], [0.19202503607503624, 0.40563239538239526, 0.15164963924963934, 0.2506929292929294], [0.2385173715173716, 0.2770928404928406, 0.2489685647685648, 0.23542122322122333], [0.23218805083805094, 0.2522279664779666, 0.18121911976911984, 0.3343648629148628], [0.21252115662115675, 0.21235917415917432, 0.1357811466311466, 0.4393385225885222], [0.208907622932623, 0.32740646020646, 0.2012952380952381, 0.26239067876567895], [0.18542081529581528, 0.2893065656565657, 0.17510526695526696, 0.3501673520923523], [0.22610013320013325, 0.22436870351870364, 0.18548640248640252, 0.3640447607947606], [0.24710149295149308, 0.32739451659451646, 0.19909013764013764, 0.226413852813853], [0.209057364857365, 0.33461419136419124, 0.13966329226329227, 0.3166651515151514], [0.2371588911088913, 0.2883963453213455, 0.19964049839049847, 0.2748042651792653], [0.23808390498390508, 0.2965550782550782, 0.18211287046287053, 0.2832481462981464], [0.2342083472083473, 0.2751388167388169, 0.15768893328893338, 0.33296390276390253], [0.2119270451770452, 0.28734928959928957, 0.2140958957708957, 0.2866277694527696], [0.21926439671439668, 0.3020321789321789, 0.2127068709068709, 0.2659965534465535], [0.21297849927849943, 0.2688581363081364, 0.17970627705627715, 0.33845708735708735], [0.19946416083916083, 0.27861363081363094, 0.19104421966921983, 0.3308779886779886], [0.1739284770784772, 0.3023173548673549, 0.17938822843822863, 0.34436593961593964], [0.21733549783549802, 0.3159565434565436, 0.18009737484737492, 0.28661058386058386], [0.2924651237651238, 0.28787768897768906, 0.19031791541791548, 0.22933927183927197], [0.17375515399633057, 0.26211454852337196, 0.2385247530247531, 0.3256055444555446], [0.27756537906537926, 0.2901959262959263, 0.1166037518037518, 0.315634942834943], [0.19259000999001005, 0.30775229770229773, 0.1862771284271285, 0.313380563880564], [0.23757406204906206, 0.32391298701298715, 0.16901392496392498, 0.26949902597402603], [0.2812753246753247, 0.2529607392607393, 0.13703853923853923, 0.3287253968253965], [0.28850656010656023, 0.20590309135309143, 0.17652390387390393, 0.32906644466644475], [0.23140584970584996, 0.2890977855477857, 0.15924808524808529, 0.32024827949827955], [0.21293917193917203, 0.36260438450438454, 0.17981878121878128, 0.2446376623376625], [0.2217932234432235, 0.34774847929847924, 0.17799658119658118, 0.2524617160617162], [0.28119045399045406, 0.28325483405483404, 0.18342539127539134, 0.2521293206793207], [0.22007834942834953, 0.2737080475080475, 0.2161248862248863, 0.2900887168387169], [0.22188117715617722, 0.3084863303363301, 0.20660989288489293, 0.26302259962259983], [0.26590791430791433, 0.31248786213786217, 0.20290112665112675, 0.218703096903097], [0.21746393328893351, 0.30721442723942705, 0.16238531191031197, 0.3129363275613277], [0.20647262737262745, 0.34514235845853514, 0.14745453990453994, 0.3009304742642977], [0.2314130036630038, 0.22361671661671678, 0.23693571983571998, 0.3080345598845598], [0.18820142080142083, 0.35102215007215026, 0.209165922965923, 0.25161050616050623], [0.1927914862914864, 0.3354774170274171, 0.19591043401043406, 0.27582066267066263], [0.2245894158129453, 0.1989237373737374, 0.17719341246988313, 0.39929343434343434], [0.22899324564324575, 0.3029901570651572, 0.1662120657120658, 0.3018045315795316], [0.2269527916527918, 0.3160571206571207, 0.17677493617493623, 0.2802151515151516], [0.22627120102120107, 0.3003120879120881, 0.17329978354978354, 0.3001169275169272], [0.25090694305694317, 0.2907616217116217, 0.16843048063048083, 0.28990095460095466], [0.19378383838383842, 0.30624761349761354, 0.1704080475080477, 0.3295605006105007], [0.22232605727605734, 0.23358585303585314, 0.1699262015762016, 0.3741618881118883], [0.23389422799422804, 0.26707811077811083, 0.1836499278499279, 0.31537773337773334], [0.20190399600399608, 0.3554325341325341, 0.20410658230658232, 0.2385568875568875], [0.2117175435675436, 0.32961042846042865, 0.1644057942057943, 0.29426623376623373], [0.23947197247197263, 0.2536990981240982, 0.22827658175158175, 0.27855234765234754], [0.1835746558996561, 0.3199085081585081, 0.23779507714507722, 0.25872175879675885], [0.23040947745065404, 0.27117426103308456, 0.22904064269064275, 0.2693756188256189], [0.29443756798756804, 0.21703537573537585, 0.14630274170274174, 0.34222431457431457], [0.2333141552891554, 0.27648924408924413, 0.2040030663780666, 0.2861935342435343], [0.24714285159285165, 0.2930799422799424, 0.2234214396714397, 0.23635576645576656], [0.23101826229326242, 0.20744964479964487, 0.25024884837384836, 0.3112832445332446], [0.22259827394827406, 0.2988115051615052, 0.20638812298812306, 0.272202097902098], [0.2474831612831614, 0.26292712842712834, 0.12947389832389838, 0.36011581196581194], [0.22665226440226444, 0.2805846486846487, 0.1456492285492286, 0.3471138583638582], [0.22659764679764693, 0.3117733766233765, 0.18429307914307924, 0.27733589743589765], [0.1882396825396826, 0.22394690864690872, 0.15058368298368302, 0.4372297258297261], [0.18634675324675332, 0.2616849927849929, 0.16958975468975468, 0.3823784992784994], [0.20747775557775566, 0.3310531413031414, 0.20868786213786222, 0.25278124098124105], [0.2602745532245532, 0.3113912032412033, 0.2195641136641137, 0.20877012987012988], [0.2613541625041625, 0.2670534854034854, 0.21049336219336237, 0.26109898989899], [0.18857950937950949, 0.3729913566825331, 0.18223787878787878, 0.25619125515007873], [0.2288520923520924, 0.2637719336219337, 0.20054242424242433, 0.30683354978354976], [0.20609280719280723, 0.34424071484071483, 0.19515916305916317, 0.254507314907315], [0.24633640803640813, 0.25557328782328786, 0.1557836385836386, 0.34230666555666556], [0.22866886446886453, 0.2842769397269397, 0.16966583971583984, 0.3173883560883561], [0.2023074703074705, 0.27087712287712296, 0.2114535520035521, 0.3153618548118549], [0.18617331002331022, 0.3558725829725831, 0.17186567876567876, 0.2860884282384282]]}, "rewritten": {"ids": ["97105580", "97107950", "97116500", "98107380", "98109311", "98110230", "98110680", "98110710", "98112170", "98116940", "98117740", "98121790", "99107630", "99107640", "99108080", "99108580", "99108710", "99108890", "99109370", "99109740", "99111930", "99112840", "99120010", "100108580", "100109980", "100111620", "100113210", "101108460", "101108580", "101109370", "101110740", "101112540", "101119591", "101121640", "102109840", "102109850", "102110050", "102110240", "102113210", "103111990", "103113270", "103113610", "103117200", "103118110", "103118291", "103120780", "104111531", "104111550", "104111620", "104111780", "104113000", "104113190", "104113240", "104114410", "104117200", "105110251", "105112100", "105113480", "105115680", "105115720", "105116650", "105116980", "105117351", "105120621", "106111321", "106113190", "106115240", "106116640", "106116850", "106118520", "106118820", "106120640", "107113130", "107113260", "107114110", "107115140", "107116300", "107116501", "107116980", "107118520", "107120010", "107121540", "107121700", "108113620", "108113700", "108114180", "108115880", "108116481", "108117451", "108118810", "108119330", "108120060", "108120260", "108121190", "108121351", "109113281", "109113931", "109114030", "109114220", "109115070", "109115211", "109116930", "109118701", "109119340", "110113591", "110115120", "110115140", "110115710", "110118111", "110118880", "110118930", "110119300", "110120190", "110121170", "111114941", "111116110", "111116170", "111116640", "111119580", "111120531", "111121410", "112116800", "112116850", "112116880", "112117471", "112117660", "112118421", "112118511", "112118581", "112119500", "112119950", "112119980", "112120270", "112120290", "112120640", "112121351", "113117340", "113119340", "113120260", "113121010", "113122180", "113122510"], "labels": [1, 2, 2, 1, 1, 3, 2, 2, 3, 2, 2, 2, 2, 1, 3, 0, 2, 0, 1, 3, 1, 2, 2, 0, 1, 3, 0, 0, 0, 1, 3, 2, 0, 2, 2, 1, 3, 3, 3, 2, 2, 2, 0, 2, 0, 1, 0, 1, 0, 3, 1, 3, 2, 1, 3, 0, 1, 0, 2, 1, 1, 0, 0, 1, 0, 0, 1, 3, 3, 2, 3, 3, 1, 0, 1, 0, 0, 1, 3, 2, 1, 2, 3, 3, 0, 1, 3, 0, 2, 1, 0, 1, 1, 1, 3, 0, 1, 1, 3, 0, 0, 0, 3, 3, 0, 0, 0, 2, 1, 0, 1, 1, 3, 2, 0, 3, 0, 0, 3, 0, 0, 0, 0, 0, 3, 0, 3, 1, 1, 2, 0, 0, 0, 1, 0, 0, 2, 0, 3, 2, 2, 2], "predicted_labels": [1, 3, 1, 3, 3, 1, 1, 1, 1, 3, 3, 1, 3, 3, 1, 1, 1, 1, 3, 1, 1, 1, 1, 1, 1, 3, 3, 1, 3, 1, 1, 3, 3, 3, 1, 1, 1, 3, 3, 3, 3, 1, 3, 3, 3, 1, 3, 1, 3, 3, 3, 3, 1, 1, 3, 3, 3, 3, 1, 3, 1, 1, 0, 3, 1, 1, 3, 3, 1, 3, 1, 1, 1, 3, 3, 3, 3, 3, 1, 1, 1, 1, 1, 1, 0, 3, 1, 3, 3, 3, 1, 1, 1, 3, 1, 3, 1, 1, 3, 1, 3, 3, 1, 3, 1, 3, 1, 1, 3, 3, 1, 1, 3, 3, 3, 3, 1, 1, 0, 1, 1, 3, 3, 1, 1, 3, 3, 3, 3, 1, 3, 3, 1, 2, 3, 3, 1, 3, 3, 1, 3, 1], "confidence_scores": [[0.26647898212898224, 0.31134633144633134, 0.18114920079920094, 0.24102548562548576], [0.22342486957486957, 0.2659177211677211, 0.19427328782328784, 0.3163841214341212], [0.22609427761780718, 0.29763986568986595, 0.2366090135354841, 0.23965684315684319], [0.21714274614274615, 0.2678087357087357, 0.19513895548895546, 0.3199095626595627], [0.25298298923298934, 0.21927043234543234, 0.23617738650238657, 0.29156919191919184], [0.2646681596181597, 0.29513942168942187, 0.15481218781218786, 0.2853802308802308], [0.18426498501498512, 0.33419055944055925, 0.21680588855588856, 0.2647385669885671], [0.22151352813852826, 0.32533470418470417, 0.17209023199023205, 0.28106153568653575], [0.2467995349679561, 0.3039844366160157, 0.1604941891441892, 0.2887218392718393], [0.221155008880009, 0.2813665223665223, 0.19206280663780678, 0.3054156621156621], [0.19308845219108384, 0.28816046176046173, 0.2147553207026891, 0.3039957653457652], [0.22070014430014437, 0.29192478354978363, 0.21025324675324678, 0.2771218253968254], [0.23201161616161625, 0.22322085137085151, 0.19242691197691203, 0.3523406204906205], [0.2254879675879677, 0.2584882450882451, 0.19783002553002552, 0.31819376179376174], [0.24904226329226342, 0.3216056055056055, 0.17687923742923745, 0.2524728937728937], [0.22362604617604614, 0.28490489232989247, 0.2128906704406705, 0.27857839105339105], [0.20812301587301585, 0.3318463425463426, 0.1714268398268399, 0.2886038017538018], [0.22990101010101013, 0.29766774891774894, 0.18252453102453106, 0.28990670995670986], [0.21636793761793768, 0.23216854811854828, 0.23195017760017778, 0.31951333666333653], [0.2070621600621603, 0.2798135364635364, 0.24829299034299043, 0.26483131313131314], [0.16335802530802537, 0.34399685314685313, 0.204336002886003, 0.28830911865911873], [0.20850952380952384, 0.31811972179866943, 0.18612763084868356, 0.2872431235431236], [0.25024945609945604, 0.27366931956931967, 0.22324772449772448, 0.2528334998335], [0.22160627705627717, 0.27947432289932284, 0.2716024642024642, 0.22731693584193594], [0.26095591189855893, 0.2681170274170274, 0.21305548503783808, 0.25787157564657576], [0.22766575646575657, 0.26368347208347215, 0.23255531690531697, 0.27609545454545464], [0.23557168942168938, 0.21136151903651912, 0.1567177128427129, 0.3963490786990787], [0.2514681346431348, 0.3120678932178931, 0.20379504384504382, 0.23266892829392843], [0.24060508103008116, 0.19426597291597303, 0.22379865412365413, 0.341330291930292], [0.2042872793872795, 0.3094392440892443, 0.22277841047841057, 0.26349506604506606], [0.21380628342245994, 0.28471763432645786, 0.22687756132756146, 0.274598520923521], [0.24500640829758485, 0.24798717312099675, 0.19332504717504725, 0.31368137140637153], [0.3206243145743147, 0.183170634920635, 0.14829949494949501, 0.3479055555555554], [0.20116758796758796, 0.3012832112332113, 0.1772293151293152, 0.3203198856698857], [0.1886477777124837, 0.3380126096126096, 0.19753949383949393, 0.27580011883541294], [0.19501283161283164, 0.3226253052503052, 0.2314143772893774, 0.250947485847486], [0.2224503607503608, 0.2927695526695528, 0.1922368326118326, 0.29254325396825404], [0.23141592851592865, 0.2814760461760463, 0.2047467199467199, 0.2823613053613054], [0.23820305805305816, 0.2792221797810035, 0.13376382310499962, 0.34881093906093924], [0.23605833888333902, 0.29820832500832495, 0.1390366411366412, 0.32669669497169496], [0.22410170940170943, 0.2564338605838607, 0.19207585192585194, 0.32738857808857824], [0.22441167998668007, 0.3042160783660785, 0.2302370074370076, 0.2411352342102344], [0.2352634421134422, 0.27133186258186254, 0.13259578754578757, 0.3608089077589079], [0.2129481962481964, 0.2701016650016651, 0.21171791541791546, 0.3052322233322234], [0.2381571817071819, 0.2692143412143413, 0.20944058996559006, 0.2831878871128873], [0.20536618381618385, 0.30283972693972694, 0.21955845820845832, 0.2722356310356309], [0.20120156510156526, 0.3036340548340549, 0.17509703074703087, 0.32006734931734937], [0.22852445887445902, 0.2966934640522878, 0.2144863339275105, 0.2602957431457432], [0.2479390331890332, 0.23680937950937958, 0.1968253246753248, 0.3184262626262627], [0.19116545121545125, 0.3161829503829504, 0.15603909978909986, 0.33661249861249853], [0.2282460186871953, 0.21004694749694772, 0.18171285381285388, 0.3799941800030037], [0.24378510101010104, 0.2814411255411255, 0.17213120490620498, 0.30264256854256855], [0.19832821067821066, 0.43399453324453335, 0.17145966255966266, 0.19621759351759363], [0.2414158452658453, 0.31760895770895775, 0.17470294705294712, 0.26627224997225013], [0.19935566378066366, 0.26291219336219357, 0.17743160173160175, 0.3603005411255415], [0.2420070485070486, 0.26805770340770335, 0.17312313797313808, 0.31681211011210997], [0.239622016872017, 0.27503969363969377, 0.17818764568764578, 0.30715064380064383], [0.21006341991341998, 0.2907811688311687, 0.16578326118326125, 0.33337215007215026], [0.18248708513708525, 0.3684814407814407, 0.1974028527028527, 0.25162862137862146], [0.2106769397269398, 0.28712036852036854, 0.2061888167388168, 0.29601387501387505], [0.2693728937728938, 0.30751959706959714, 0.2273624653124654, 0.19574504384504396], [0.24950149850149864, 0.3090594294594293, 0.18056988566988574, 0.26086918636918643], [0.3058607281607281, 0.2572800144300144, 0.1333002386502387, 0.3035590187590187], [0.22633750138750147, 0.1998663142413144, 0.12195689588189593, 0.45183928848928856], [0.23881810966810985, 0.2888293428793429, 0.1842917526917527, 0.2880607947607947], [0.22106138306138326, 0.30825894660894654, 0.164003096903097, 0.30667657342657345], [0.2462713952713953, 0.27813701853701867, 0.15841120546120552, 0.3171803807303808], [0.2321439338439339, 0.2622724053724056, 0.19450796980796992, 0.31107569097569093], [0.214423015873016, 0.29914812409812414, 0.19523658841158856, 0.2911922716172717], [0.23904366744366762, 0.2886208569208569, 0.1715156315906317, 0.3008198440448441], [0.2107888666888667, 0.3307147546897549, 0.1738905483405484, 0.2846058302808302], [0.19392849927849928, 0.3622440337440339, 0.18375981240981246, 0.2600676545676547], [0.24376644466644473, 0.2975234543234544, 0.2225171717171718, 0.2361929292929293], [0.23206536796536809, 0.27641588411588425, 0.18313026418026418, 0.3083884837384838], [0.20461833721833728, 0.2469279942279943, 0.1617175879675881, 0.3867360805860808], [0.22943019758019767, 0.19013951048951055, 0.18166409146409154, 0.39876620046620026], [0.22754273504273517, 0.2535796592296593, 0.20530836940836944, 0.3135692363192361], [0.2431528554778555, 0.2742332833832835, 0.14574881784881794, 0.336865043290043], [0.24978799533799545, 0.3130842712842716, 0.18093932733932744, 0.25618840603840615], [0.1782748640248642, 0.3507373015873015, 0.16345488955488963, 0.3075329448329449], [0.19138904983904978, 0.2979998854087089, 0.23315047730047742, 0.277460587451764], [0.23728121323121326, 0.2962077977577978, 0.170492451992452, 0.296018537018537], [0.2380357420357421, 0.2656847763347764, 0.2324577200577201, 0.2638217615717615], [0.2064763625263626, 0.33973065349682996, 0.16650953490953493, 0.28728344906727266], [0.32692521367521377, 0.26716726051726075, 0.18791421356421362, 0.2179933122433123], [0.17212626262626265, 0.26791227302109655, 0.1651822011322011, 0.39477926322043944], [0.20321536796536804, 0.3196142857142858, 0.1703608835608836, 0.30680946275946264], [0.28394247419247426, 0.2693950125038361, 0.13140864690864693, 0.31525386639504277], [0.27642102897102905, 0.20405171495171515, 0.14216143301143305, 0.3773658230658231], [0.24355982905982929, 0.24502582972582984, 0.12830270285270287, 0.3831116383616384], [0.2510584193584194, 0.3185758297258297, 0.16338761238761235, 0.26697813852813856], [0.24851043956043964, 0.32224771339771346, 0.23405748140748142, 0.1951843656343657], [0.24329110334110338, 0.3220042372831847, 0.18440115177220445, 0.2503035076035077], [0.24455854472325073, 0.2724200438450438, 0.18663583083583082, 0.2963855805958747], [0.23296542346542357, 0.30030459540459514, 0.1813144855144856, 0.28541549561549584], [0.26061230991231005, 0.288691724941725, 0.15319535464535472, 0.29750061050061044], [0.21870207847707857, 0.30625122655122644, 0.17163336108336122, 0.30341333388833375], [0.20274544116014714, 0.33307289932289924, 0.1756001831501832, 0.2885814763667705], [0.22461569900687553, 0.2840035595123832, 0.19960483960483968, 0.29177590187590197], [0.18818607503607515, 0.4044981962481961, 0.144701443001443, 0.26261428571428574], [0.20153162393162402, 0.25020808080808093, 0.14561279831279828, 0.402647496947497], [0.22036285936285943, 0.21964319014319023, 0.23110284715284715, 0.32889110334110344], [0.2379725829725829, 0.31150144300144306, 0.1845233988233989, 0.26600257520257536], [0.2272464923964924, 0.28077561327561334, 0.15624713064713072, 0.33573076368076377], [0.23254028194028206, 0.2973513597513598, 0.1778247197247199, 0.29228363858363865], [0.20474872349872356, 0.28921324231324236, 0.15249840159840167, 0.3535396325896327], [0.23605784215784226, 0.28569065934065935, 0.20029630369630377, 0.2779551948051949], [0.21724609834609834, 0.2994817571317572, 0.22707767787767796, 0.25619446664446677], [0.2736561660561661, 0.27332727272727275, 0.1676230824730824, 0.28539347874347876], [0.217753823953824, 0.2965019286269287, 0.14950517815517822, 0.33623906926406916], [0.2115561660561661, 0.30967556887556885, 0.18764902874902878, 0.2911192363192365], [0.2524556499056499, 0.3232174603174605, 0.1488144300144301, 0.27551245976245975], [0.26401587301587304, 0.2519338383838386, 0.15703212898212898, 0.32701815961815967], [0.2199051180845299, 0.24022368187368198, 0.2185968299674183, 0.32127437007437026], [0.23700102675102677, 0.26261544566544587, 0.16099801864801871, 0.3393855089355091], [0.2244503607503608, 0.275616033966034, 0.1711765817515819, 0.3287570235320236], [0.21449340104340106, 0.3206187423687424, 0.1864944111444112, 0.27839344544344546], [0.2247026862026863, 0.30722027972027977, 0.18313941613941626, 0.28493761793761796], [0.29191464646464643, 0.2795742424242425, 0.16384489954489953, 0.26466621156621156], [0.24068321123321137, 0.3209923298923298, 0.1594254190254191, 0.27889903984903985], [0.2298998334998336, 0.32161783771783764, 0.1502525752025753, 0.2982297535797538], [0.1849593073593075, 0.3014877206127206, 0.1843597763347765, 0.3291931956931957], [0.1804817515817517, 0.28173450993451, 0.17817253857253865, 0.3596111999111999], [0.2581332029082029, 0.3258585858585859, 0.17295845543345548, 0.24304975579975593], [0.24702099567099567, 0.3151215395715395, 0.1261670662670663, 0.3116903984903985], [0.23594956709956716, 0.23029020424020427, 0.20620623820623826, 0.32755399045399053], [0.27151374736374767, 0.27304111999112, 0.1152699911199912, 0.34017514152514167], [0.22824286269286276, 0.23624736929736928, 0.17799538794538802, 0.3575143800643799], [0.1910278221778223, 0.27708498168498175, 0.199552086802087, 0.3323351093351094], [0.17219593739593755, 0.3165473304473306, 0.24627335442335446, 0.2649833777333778], [0.2895855672105672, 0.23825647130647137, 0.14309895382395382, 0.3290590076590074], [0.21066351426351435, 0.29645508021390365, 0.13924778358896006, 0.353633621933622], [0.1605165501165503, 0.35621124431124435, 0.22566922521922528, 0.25760298035298046], [0.23063258408258416, 0.24382102342102355, 0.29153081363081357, 0.23401557886557894], [0.2262898862575335, 0.25475356310356323, 0.24551197854433154, 0.273444572094572], [0.232414541014541, 0.3034569819069821, 0.14588267843267846, 0.31824579864579855], [0.18325945720945733, 0.33366880896880924, 0.21101009546009544, 0.27206163836163844], [0.254781068931069, 0.26291137751137755, 0.1389390886890887, 0.3433684648684649], [0.21402090132090135, 0.27044960317460315, 0.20146638639138648, 0.3140631091131091], [0.20711518759018765, 0.3385031607281606, 0.16566049783549786, 0.2887211538461541], [0.232624902874903, 0.25129931457431465, 0.16858216228216236, 0.3474936202686205], [0.2053972083472084, 0.33486844821844824, 0.19327830502830498, 0.2664560384060385]]}}