{"test": {"ids": ["109116930", "113118870", "112119930", "98113881", "113122120", "109117431", "99121440", "106119580", "112117580", "110121140", "112117780", "112120290", "98109090", "106115250", "97106970", "110120560", "112118860", "111121410", "108121160", "113119120", "111116100", "101110150", "111117000", "107121700", "98107410", "98106560", "112119950", "100109980", "107113200", "112117210", "110116441", "110121450", "112118581", "99116500", "101116130", "100110260", "111115770", "109118231", "102112250", "101108460", "109119340", "111119250", "103118110", "105114220", "99120010", "112121030", "110113931", "101108370", "106121190", "99119830", "102110890", "108121351", "107113840", "112120270", "100115700", "108120280", "109114651", "113118820", "113120751", "109121640", "105116090", "104111990", "110114321", "113120280", "105121190", "108114270", "105117200", "113118690", "99109161", "103109791", "113121810", "107114321", "107114140", "106121220", "108118810", "111117480", "109117110", "113121980", "100110050", "109117150", "112116640", "113119320", "97107040", "98120530", "111118810", "113121750", "105113440", "104116800", "105117351", "112121430", "107114110", "110118161", "104116980", "97107920", "107121230", "107116980", "108116070", "104117200", "108114220", "98111231", "103111830", "103113210", "110120640", "99109311", "98119591", "98108970", "107114200", "98107380", "109121410", "107112840", "102111990", "97111790", "104111830", "98108520", "99111620", "97118210", "97116500", "110117870", "101112160", "99108580", "111119290", "112118820", "113119340", "102109850", "107114950", "112118550", "110115980", "107113260", "113117550", "106118161", "112119980", "100116500", "98107010", "106114321", "97112290", "110114651", "98121790", "112119450", "99109370", "99108520", "109121351", "104111711"], "labels": [0, 0, 1, 3, 1, 1, 2, 3, 0, 3, 0, 1, 1, 2, 2, 0, 3, 0, 2, 3, 3, 1, 0, 3, 3, 1, 0, 1, 0, 1, 3, 3, 1, 2, 2, 3, 3, 1, 0, 0, 3, 1, 2, 3, 2, 0, 1, 1, 2, 1, 0, 3, 3, 0, 1, 3, 3, 0, 1, 0, 1, 2, 1, 0, 2, 3, 3, 3, 3, 3, 2, 0, 2, 1, 1, 1, 1, 2, 3, 2, 0, 1, 2, 1, 0, 0, 0, 1, 0, 2, 1, 0, 1, 0, 0, 3, 1, 3, 3, 1, 3, 3, 0, 1, 1, 3, 2, 1, 0, 1, 2, 2, 3, 2, 3, 2, 2, 3, 3, 0, 3, 0, 0, 1, 3, 3, 1, 0, 3, 3, 0, 2, 3, 2, 1, 3, 2, 3, 1, 2, 0, 1], "predicted_labels": [2, 3, 2, 1, 1, 1, 1, 1, 3, 3, 1, 2, 2, 1, 2, 0, 0, 0, 1, 3, 3, 3, 3, 1, 0, 3, 0, 0, 3, 2, 0, 3, 2, 2, 3, 0, 3, 1, 2, 0, 0, 1, 2, 1, 2, 0, 1, 0, 2, 3, 3, 3, 1, 2, 0, 2, 0, 1, 3, 2, 0, 0, 0, 3, 1, 1, 1, 1, 0, 2, 2, 1, 1, 0, 3, 0, 3, 1, 1, 3, 3, 0, 2, 3, 3, 0, 2, 3, 0, 2, 3, 0, 2, 1, 1, 0, 2, 3, 1, 0, 0, 1, 0, 2, 1, 1, 1, 3, 3, 1, 0, 3, 3, 3, 3, 2, 0, 2, 2, 2, 3, 0, 0, 0, 3, 3, 3, 1, 2, 2, 3, 2, 3, 0, 3, 3, 2, 3, 3, 2, 3, 2], "confidence_scores": [[0.06792718633370065, 0.0004280508311782969, 0.9233560365037198, 0.008288726331401198], [0.017548889542973362, 0.12104355519730194, 0.0021413952151712575, 0.8592661600445536], [0.00011318528287332285, 0.35258789042816935, 0.6220838700479128, 0.025215054241044515], [0.04458053002730727, 0.9505792716799405, 0.0036619199943667574, 0.0011782782983856632], [0.041972503745446865, 0.6917941781016956, 0.08703652267807738, 0.17919679547478018], [0.10704209619907254, 0.870982438067723, 0.0007301564685074937, 0.021245309264696897], [0.0013698615279190939, 0.9754873823780504, 0.022686529144790298, 0.0004562269492400432], [0.03302349585698961, 0.4183897817736407, 0.29148621152358906, 0.2571005108457806], [0.1555764465084451, 0.07402552621762555, 0.025236682882071156, 0.7451613443918582], [0.28285764309920536, 0.04582646490656475, 0.004004094645325881, 0.6673117973489039], [0.1176768860682188, 0.6483367074549526, 0.025347240131892403, 0.20863916634493623], [0.18208604012155635, 0.36071694756446565, 0.4560729495666092, 0.001124062747368886], [0.042218755204578025, 0.002798345202421323, 0.9335798717587149, 0.021403027834285594], [0.011991403070318955, 0.8303385346494124, 0.11595721596467037, 0.04171284631559829], [0.0826933813414793, 0.11699990661475684, 0.6854498797372484, 0.11485683230651542], [0.6051859157953842, 0.008798255893492105, 0.35383718127665365, 0.03217864703447008], [0.8669186997929432, 0.09884513576237844, 0.004003604060740339, 0.03023256038393789], [0.6051574563739885, 0.2635158102244401, 0.014330326381436241, 0.11699640702013525], [0.09071876199989437, 0.8155411249227504, 0.008652516887229336, 0.08508759619012586], [0.11940719154745773, 0.004319454410459711, 0.031440976134806786, 0.8448323779072758], [0.07642629132584239, 0.0030814895383077514, 0.0007481802118356875, 0.9197440389240142], [0.011543759311029357, 0.23593955580418127, 0.009001446019139839, 0.7435152388656495], [0.1186843109046866, 0.0021141557598531647, 0.013745968778022916, 0.8654555645574373], [0.07206282036111163, 0.7363508774629168, 0.11251453267394056, 0.07907176950203106], [0.9590856507088718, 0.000204677312491709, 0.03371508763447477, 0.006994584344161783], [0.06016853498261041, 0.012950042643279217, 0.0369914455323999, 0.8898899768417105], [0.5422316061935485, 0.07816731634919151, 0.04009689293731019, 0.33950418451994985], [0.8884232094279952, 0.0550625637680236, 0.009900850409328124, 0.04661337639465313], [0.4323424848305777, 0.001122676080105436, 0.007063168888011319, 0.5594716702013055], [0.05201233388386372, 0.15293279876947308, 0.7427255310405044, 0.05232933630615868], [0.7734358312344117, 0.13059993024900757, 0.09270074078800027, 0.0032634977285804015], [0.08720156890595632, 0.02374598699233048, 0.0013296456690140824, 0.8877227984326992], [0.00016800350455986192, 0.0019455446005558466, 0.9738387933213013, 0.024047658573582983], [0.00031051317951932264, 0.07381018898483199, 0.9225110253705348, 0.003368272465113973], [0.005707101393124398, 0.013815935811613585, 0.2218294786446226, 0.7586474841506394], [0.9823438543805406, 0.00015810367044820882, 0.0022176306436860623, 0.015280411305324912], [0.03030523909219494, 0.09917520680187764, 0.0012465633970608556, 0.8692729907088665], [0.059222282143888395, 0.9393440884794623, 0.0008762186712183601, 0.0005574107054310819], [0.16267938229167045, 0.03562912090015382, 0.7079403621445867, 0.09375113466358895], [0.6536337328478992, 0.2544210949662899, 0.03106795340231571, 0.06087721878349524], [0.6454742066957747, 0.012103862654727512, 0.050637498324671695, 0.29178443232482615], [0.002057329073429441, 0.8584408085954806, 0.0333425297505455, 0.10615933258054439], [0.03398072795651966, 0.21903544871258862, 0.5079939626354114, 0.23898986069548034], [0.2411818637314962, 0.7425467996384829, 0.009309495070635202, 0.006961841559385593], [0.07424023174343264, 0.010748469693200553, 0.8991480177628772, 0.01586328080048974], [0.8692733033451797, 0.06892675158046462, 0.008708334966025655, 0.05309161010832999], [0.006565412663081369, 0.9899365523689825, 0.0001988778869370286, 0.0032991570809989715], [0.988952614695295, 0.008641205864459774, 0.00045413890748184063, 0.001952040532763456], [0.07552903111683726, 0.3214910316650745, 0.5981533972489546, 0.0048265399691337346], [0.0075419942091496306, 0.13719704496086094, 0.24306421142725995, 0.6121967494027295], [0.34157879418097975, 0.0006227410292569376, 0.09592202956016849, 0.5618764352295949], [0.004805028682180522, 0.005379302414195576, 0.0019441422153964113, 0.9878715266882275], [0.0008468146061930094, 0.983927729364593, 0.0016346563304683347, 0.013590799698745583], [0.001582914193105187, 0.15756493594904925, 0.8241894167515104, 0.016662733106335308], [0.3822919987210277, 0.1400765763271317, 0.15101812453446894, 0.3266133004173715], [0.05031772268800592, 0.17930550168548537, 0.5227984569942842, 0.2475783186322245], [0.5276568707251452, 0.33503896350832724, 0.01228774360807513, 0.12501642215845246], [0.007147723913312729, 0.8648247546743453, 0.08355498722002778, 0.044472534192314304], [0.21245169016729618, 0.34784872818071794, 0.01830939957968082, 0.42139018207230516], [0.03636623864301074, 0.22722113152320417, 0.6967343035672973, 0.03967832626648774], [0.9400983315357304, 0.015376437700966477, 0.0010843992846717415, 0.043440831478631405], [0.9956903787861268, 0.002637829673051822, 0.0016580680966731655, 1.3723444148505062e-05], [0.5275351025481728, 0.41145490177139155, 0.05350032878310691, 0.007509666897328715], [0.3140224215735288, 0.009554507145017882, 0.07714839958547134, 0.599274671695982], [0.006964849881167996, 0.5763700867467594, 0.09723359480907821, 0.31943146856299454], [0.3145944139464817, 0.39673589319685265, 0.004363199300996692, 0.2843064935556689], [0.12636523543555195, 0.7366093380251353, 0.0023391371075604356, 0.13468628943175232], [0.0062793606503181495, 0.970839282669457, 0.0006859141144399493, 0.022195442565784994], [0.9889692566968205, 0.00042008657081068725, 0.010413811911616958, 0.0001968448207516338], [0.08162475244322423, 0.010590474159289896, 0.7570495847311722, 0.1507351886663136], [0.0014011255414528173, 0.016721398394703362, 0.9817638545262316, 0.00011362153761230449], [0.24731875998805, 0.7479420547724579, 0.00303735816066117, 0.0017018270788308728], [0.2349125245924746, 0.7337083999764341, 0.009493802162889548, 0.021885273268201944], [0.9143281035178284, 0.015418932070910926, 0.029882496633160453, 0.04037046777810011], [0.008652495350658155, 0.0012195834325371142, 2.7161588245277866e-05, 0.9901007596285594], [0.5304153149314542, 0.3013163867301704, 0.058255451764837776, 0.11001284657353755], [0.1145951106831368, 0.28610762415041346, 0.02084003927343473, 0.5784572258930151], [0.03679658881687025, 0.5575361905009726, 0.004104441790821868, 0.40156277889133535], [0.06653574428203703, 0.4014676915007001, 0.3199090540568694, 0.21208751016039346], [0.21616264823107287, 0.19702735907613023, 0.06541022051283096, 0.5213997721799659], [0.13620824353555086, 0.007092388970573575, 0.015699129877107407, 0.8410002376167681], [0.9937491731847933, 0.004070069838205402, 5.850675476797323e-05, 0.0021222502222335423], [0.0020922476383952774, 0.005164681680614679, 0.5158021222322555, 0.47694094844873447], [0.02145113567855254, 0.12197579147736827, 1.3811054317141158e-05, 0.8565592617897622], [0.03502799245295577, 0.01691520723848175, 3.737015036182006e-05, 0.9480194301582007], [0.8965235829795741, 0.0713360706595354, 0.0025693382985580064, 0.029571008062332444], [0.0440273453085337, 0.4224014524888078, 0.4363197489947236, 0.09725145320793502], [0.061137345449986676, 0.05528693763227832, 0.024193264788511776, 0.8593824521292233], [0.4950261251452645, 0.003972504899046359, 0.007196975466516211, 0.4938043944891728], [0.10038603420218559, 0.21106297932216142, 0.4355590352243208, 0.25299195125133217], [0.001100680359895649, 0.0003093720041310772, 0.0031050291183586333, 0.9954849185176146], [0.7867312836883591, 0.04039790277155184, 0.028406778030309752, 0.14446403550977938], [0.0007356219241516975, 0.06374683283384436, 0.7900427515292701, 0.1454747937127338], [0.30119649660735043, 0.5980941391266825, 0.029894181387535596, 0.07081518287843146], [0.0027939130443323345, 0.9548710977245551, 0.0007824652404801112, 0.04155252399063258], [0.814493304921382, 0.14495457970878042, 0.012152760789065003, 0.02839935458077245], [0.1406200466682363, 0.1831474486838681, 0.67483185746454, 0.001400647183355688], [0.004932142678892388, 0.43279738792318234, 0.02483445926216905, 0.5374360101357563], [0.000548290607496691, 0.9832270976722026, 0.016068869544224033, 0.00015574217607634076], [0.6491047268390338, 0.05631526324259415, 0.0007436005251864001, 0.2938364093931858], [0.9793478345328888, 0.008562030109276173, 0.003608830869846455, 0.008481304487988665], [0.06875949599375897, 0.6945395248512433, 0.23396215788787225, 0.0027388212671255723], [0.7137331104636889, 0.08698844884281687, 0.09004811452666751, 0.10923032616682676], [0.04951935596489706, 0.01719452069047067, 0.7331971822773847, 0.20008894106724748], [0.05706054005601919, 0.7197972059355021, 0.17796233066619854, 0.045179923342280215], [0.022539216835586396, 0.7991243788973951, 0.16057201995602613, 0.017764384310992424], [0.34382867460435823, 0.5740330705972307, 0.003111808460856311, 0.07902644633755469], [0.036239836390813046, 0.006206723936091305, 0.01455668089402808, 0.9429967587790676], [0.21873549132798367, 0.01706817478336645, 0.001893436887180828, 0.762302897001469], [0.023452644005436042, 0.9639826538858705, 0.005218446283927512, 0.007346255824765983], [0.6452322239693589, 0.010348090954096474, 0.3336771503480425, 0.01074253472850205], [0.07117495501985553, 0.00010131272631108268, 0.030095791072318624, 0.8986279411815148], [0.006751821595134992, 0.3838462060667103, 0.06569279889142829, 0.5437091734467264], [0.023658533178863156, 0.0076109891797408276, 0.002001680618341619, 0.9667287970230545], [0.0024361853057745866, 0.002665275508392879, 0.006328982496311297, 0.9885695566895213], [0.05985822015949102, 0.3723408611309333, 0.5256667044282498, 0.04213421428132593], [0.6217220861140542, 0.0425017114229619, 0.18785791622265324, 0.14791828624033063], [0.032703951878529175, 0.014706727527719963, 0.66950886463149, 0.28308045596226084], [0.09139441403491624, 0.008975453852383759, 0.7139215226725778, 0.18570860944012213], [0.17764533434027713, 0.19484048168707546, 0.479910418033737, 0.14760376593891045], [7.592905002301796e-06, 0.002553516155437926, 0.001436321582377409, 0.9960025693571822], [0.6304635353400355, 0.0007451091628537818, 0.0009073118608703849, 0.36788404363624033], [0.7844796072696745, 0.1285620148728161, 0.0037864701611792554, 0.08317190769633018], [0.5893045994781586, 0.0795432975005891, 0.3250106779348932, 0.006141425086358933], [0.021244923402739965, 0.02734094688942017, 0.015046659144729023, 0.9363674705631109], [0.472004453528991, 0.033266424285637156, 0.0066935720459349495, 0.48803555013943695], [0.14952285664957451, 0.038433612662743186, 0.009485084325729153, 0.8025584463619532], [0.06026566124876368, 0.6709740190056149, 0.25722208490691284, 0.011538234838708496], [0.013795722499844515, 0.0031806027794059233, 0.8734478728017107, 0.10957580191903898], [0.16992612850688987, 0.07734152765597897, 0.48527238163788594, 0.2674599621992453], [0.004866758175062479, 0.010822140397193956, 0.0005222965926113409, 0.9837888048351323], [0.007817330926770527, 0.1320968004864643, 0.5475447656619158, 0.3125411029248495], [0.097161821236001, 0.03320199922381069, 0.051036372345785064, 0.8185998071944033], [0.7814333860596295, 0.005527544688393643, 0.17979267802753013, 0.03324639122444679], [0.24583250380361502, 0.008042011736670993, 0.006196867046908841, 0.739928617412805], [0.23745064183854062, 0.10879614762706376, 0.0047500969830685065, 0.6490031135513271], [0.0076056570236831276, 0.15967885678593097, 0.8313548975569095, 0.0013605886334764937], [0.10822098383007864, 0.016386163472879307, 0.004610529367140306, 0.8707823233299018], [0.17629456015556938, 0.12947529857415013, 0.11454120223936523, 0.5796889390309152], [0.05877686192146986, 0.05364111344384572, 0.8371407593992117, 0.05044126523547265], [0.3538414354237413, 0.07956482310042719, 0.02256007461322355, 0.544033666862608], [0.007029883311149248, 0.06655568160997545, 0.7076902836971636, 0.21872415138171167]]}, "rewritten": {"ids": ["97106970", "97107040", "97107920", "97111790", "97112290", "97116500", "97118210", "98106560", "98107010", "98107380", "98107410", "98108520", "98108970", "98109090", "98111231", "98113881", "98119591", "98120530", "98121790", "99108520", "99108580", "99109161", "99109311", "99109370", "99111620", "99116500", "99119830", "99120010", "99121440", "100109980", "100110050", "100110260", "100115700", "100116500", "101108370", "101108460", "101110150", "101112160", "101116130", "102109850", "102110890", "102111990", "102112250", "103109791", "103111830", "103113210", "103118110", "104111711", "104111830", "104111990", "104116800", "104116980", "104117200", "105113440", "105114220", "105116090", "105117200", "105117351", "105121190", "106114321", "106115250", "106118161", "106119580", "106121190", "106121220", "107112840", "107113200", "107113260", "107113840", "107114110", "107114140", "107114200", "107114321", "107114950", "107116980", "107121230", "107121700", "108114220", "108114270", "108116070", "108118810", "108120280", "108121160", "108121351", "109114651", "109116930", "109117110", "109117150", "109117431", "109118231", "109119340", "109121351", "109121410", "109121640", "110113931", "110114321", "110114651", "110115980", "110116441", "110117870", "110118161", "110120560", "110120640", "110121140", "110121450", "111115770", "111116100", "111117000", "111117480", "111118810", "111119250", "111119290", "111121410", "112116640", "112117210", "112117580", "112117780", "112118550", "112118581", "112118820", "112118860", "112119450", "112119930", "112119950", "112119980", "112120270", "112120290", "112121030", "112121430", "113117550", "113118690", "113118820", "113118870", "113119120", "113119320", "113119340", "113120280", "113120751", "113121750", "113121810", "113121980", "113122120"], "labels": [2, 2, 0, 2, 1, 2, 2, 1, 3, 1, 3, 2, 3, 1, 1, 3, 1, 1, 2, 2, 0, 3, 1, 1, 3, 2, 1, 2, 2, 1, 3, 3, 1, 2, 1, 0, 1, 3, 2, 1, 0, 2, 0, 3, 3, 3, 2, 1, 3, 2, 1, 1, 3, 0, 3, 1, 3, 0, 2, 2, 2, 3, 3, 2, 1, 1, 0, 0, 3, 1, 2, 2, 0, 3, 3, 0, 3, 3, 3, 1, 1, 3, 2, 3, 3, 0, 1, 2, 1, 1, 3, 0, 0, 0, 1, 1, 3, 1, 3, 3, 0, 0, 0, 3, 3, 3, 3, 0, 1, 0, 1, 3, 0, 0, 1, 0, 0, 3, 1, 0, 3, 3, 1, 0, 0, 0, 1, 0, 2, 3, 3, 0, 0, 3, 1, 0, 0, 1, 0, 2, 2, 1], "predicted_labels": [2, 2, 1, 3, 0, 0, 2, 2, 3, 3, 0, 0, 1, 2, 3, 1, 2, 1, 1, 2, 2, 0, 2, 2, 3, 1, 3, 2, 1, 1, 1, 0, 1, 2, 0, 0, 3, 2, 3, 1, 0, 0, 2, 2, 0, 1, 2, 1, 1, 2, 3, 2, 1, 1, 1, 0, 0, 0, 1, 2, 1, 2, 1, 2, 0, 1, 0, 1, 1, 3, 1, 0, 1, 3, 0, 3, 1, 1, 0, 2, 3, 2, 1, 3, 1, 2, 3, 1, 1, 1, 3, 3, 3, 2, 1, 1, 3, 3, 0, 2, 0, 2, 1, 3, 3, 1, 3, 3, 1, 3, 1, 3, 0, 3, 2, 1, 1, 1, 2, 3, 0, 3, 1, 0, 3, 2, 2, 0, 1, 2, 1, 2, 3, 3, 0, 0, 0, 1, 0, 2, 1, 1], "confidence_scores": [[0.11984890730612065, 0.14052432207906335, 0.39391985149106395, 0.34570691912375207], [0.0010146525835944577, 0.003467391344218045, 0.5478696833652701, 0.44764827270691754], [0.1958269182785261, 0.7223817643894904, 0.05294985821980877, 0.028841459112174797], [0.018530253818929733, 6.481625447806954e-05, 0.005410465982898873, 0.9759944639436934], [0.5187485124145114, 0.012752237636144838, 0.00945267440896019, 0.45904657554038364], [0.4390937576326167, 0.3229993635542888, 0.17824729320119356, 0.059659585611900885], [0.04693488554790428, 0.2507937834446202, 0.5975611261446574, 0.10471020486281812], [0.323255356899774, 0.04652437197858575, 0.5417008668800382, 0.08851940424160196], [0.18172853291822888, 0.10785752082167224, 0.06372200704932578, 0.6466919392107731], [0.010288927224653561, 0.0029240816935684334, 0.021981564593376975, 0.9648054264884012], [0.9252900304632815, 7.194592820210382e-05, 0.0708282334966469, 0.003809790111869686], [0.8713507712613717, 0.043246111099312035, 0.018538374812754634, 0.06686474282656164], [0.0017357956889972597, 0.9013901364934611, 0.09481392654024949, 0.002060141277292271], [0.023941059810853788, 0.008857788762848139, 0.907108929549091, 0.06009222187720721], [0.4278282619790268, 0.1253510416332199, 0.001186877174117448, 0.4456338192136359], [0.021135140664006367, 0.9768632951843987, 0.001935410009902017, 6.615414169284834e-05], [0.05108398975836184, 0.26834677969152204, 0.4983895012098024, 0.18217972934031362], [0.2663083929256657, 0.4107586878894312, 8.04509449098899e-05, 0.3228524682399933], [0.00015238420479252483, 0.9935925166915272, 0.00619232883950897, 6.2770264171273e-05], [0.0035156680286012212, 0.08828936295909316, 0.8960482126934634, 0.012146756318842286], [0.06346021819854376, 0.12221695312379029, 0.7659110489509727, 0.04841177972669317], [0.8943697234957387, 0.01854046790843428, 0.08578058808797696, 0.0013092205078499722], [0.09320331639511971, 0.044790289428335066, 0.768388917009325, 0.09361747716722017], [0.03644585461922286, 0.3172354156533676, 0.4304740104054496, 0.21584471932195998], [0.002244359937680269, 0.007877087070312153, 0.024574358458809734, 0.9653041945331978], [5.4152032737843584e-05, 0.6661197669682954, 0.32753043173589425, 0.00629564926307237], [0.0041041742711616916, 0.3054296856460367, 0.18760024769206565, 0.502865892390736], [0.0179976872634465, 0.06430368675059307, 0.9087117059804669, 0.00898692000549348], [0.0013820165451720275, 0.9080045164809714, 0.09059363470296918, 1.983227088739612e-05], [0.1070271795081997, 0.8165594447803337, 0.0344531754541479, 0.04196020025731864], [0.02074071249026761, 0.9228081349429805, 0.048131359110273095, 0.00831979345647862], [0.8943390311295625, 0.0012993450593716308, 0.014194819166968629, 0.09016680464409745], [0.059354095917025014, 0.5535476428792032, 0.07350699920868888, 0.31359126199508297], [0.07623828124117947, 0.25045762629579327, 0.33751170317925044, 0.33579238928377686], [0.8983436400509724, 0.08984542457710587, 0.0031966078729998306, 0.00861432749892183], [0.38064232326053343, 0.21660586996585568, 0.06779197623825244, 0.3349598305353585], [0.003523192468230373, 0.09328960064173103, 0.019934194995657486, 0.8832530118943812], [0.04099681895139424, 0.013638764115641114, 0.8737794856322117, 0.07158493130075301], [0.016750782121996554, 0.008090433267616716, 0.2594994431974751, 0.7156593414129115], [0.30102300466957066, 0.584878929327512, 0.10716981283498346, 0.0069282531679338505], [0.6756035626031248, 0.0008960500084379008, 0.05589126739412214, 0.2676091199943152], [0.5518706282876521, 0.018429366653994004, 0.3899867619863147, 0.03971324307203914], [0.0804358490120041, 0.07477814917339418, 0.7417018435972416, 0.10308415821736006], [0.03407441345142224, 0.018965066487190603, 0.8476993794897171, 0.09926114057167024], [0.9614748539468431, 0.019486951728474807, 0.011774041267696133, 0.007264153056985815], [0.0698376172329546, 0.7340477461134516, 0.19411760089437863, 0.001997035759215172], [0.003704413554282764, 0.14148899357685055, 0.47719823615687446, 0.3776083567119924], [0.006767449101301824, 0.9690793012052364, 0.016459149937148126, 0.007694099756313675], [0.0027419984290522007, 0.559721399108367, 0.20768708650043916, 0.22984951596214162], [0.19277528718616352, 0.10404461833174819, 0.7015730085043792, 0.0016070859777091993], [0.2899109284377975, 0.1923320526457883, 0.015997235399243494, 0.5017597835171708], [0.0036559502757573577, 0.04929770782296977, 0.751418713404404, 0.19562762849686888], [0.002057720964926637, 0.7500723715828812, 0.09010434628478477, 0.1577655611674074], [0.29168284079529844, 0.491681911323306, 0.14965170208871653, 0.06698354579267911], [0.01385623012589373, 0.9826779045651611, 0.0023363890834140226, 0.0011294762255310003], [0.917378806709424, 0.04126021024660368, 0.0016901855749763776, 0.03967079746899613], [0.9231914091353095, 0.04688432840979639, 0.009659221407239788, 0.020265041047654187], [0.5413664679983015, 0.01965297613115479, 0.008173041790106158, 0.43080751408043755], [0.002824117334053627, 0.5492019399661313, 0.12269511588722377, 0.32527882681259135], [0.041907086649064465, 0.024424671894009566, 0.9258801656968295, 0.00778807576009642], [0.0023726395090200737, 0.6950907809099774, 0.2812662641228168, 0.021270315458185533], [0.25382000855031006, 0.04888230732054744, 0.3570499401257751, 0.3402477440033674], [0.0015476760601243332, 0.4234040529505289, 0.3852129934735554, 0.1898352775157915], [0.006292075557391968, 0.2348475115337996, 0.755766455338487, 0.0030939575703215557], [0.8664668248027289, 0.0458412181027713, 0.07891004023341026, 0.008781916861089631], [0.001354530130008493, 0.992297950691358, 0.001716660218175038, 0.004630858960458655], [0.6263520902606144, 0.0026073958147290028, 0.051061961478061274, 0.31997855244659523], [0.02025354649183327, 0.7348186131825576, 0.2397332962040253, 0.005194544121583761], [0.0009571573123560108, 0.9880757803118535, 0.003971379584301205, 0.0069956827914894005], [0.0005900490295165031, 0.001139453742184869, 0.002605685109848209, 0.9956648121184505], [0.05331706005923534, 0.9144396612148863, 0.029167673527715276, 0.0030756051981631004], [0.46188893749649096, 0.27766335519898866, 0.018733814003628182, 0.2417138933008923], [0.2230033312588877, 0.7709690279795783, 0.004399150276648818, 0.001628490484885096], [0.00509843091230547, 0.07936884882614166, 0.018348219862184434, 0.8971845003993685], [0.541870680162726, 0.45316260163443045, 0.0009768588685997262, 0.003989859334243929], [0.008911453935963442, 0.3506982950326953, 0.003966569658207456, 0.6364236813731339], [0.00611813042796674, 0.8609237456519819, 0.10856451409908045, 0.024393609820970753], [0.0007171270979962318, 0.9890509628987787, 0.010222938776280648, 8.971226944429128e-06], [0.4962401391853831, 0.33241573286390225, 0.004200719220906115, 0.16714340872980865], [0.010966258248897364, 0.34061906374531786, 0.6472353196144921, 0.0011793583912926239], [0.014075487270635907, 0.00032588189722858205, 5.033976980205124e-05, 0.9855482910623333], [0.012291239332487623, 0.13379743266121646, 0.6658412198008729, 0.18807010820542322], [0.06496688506948808, 0.5392132512680567, 0.0034730048721371004, 0.3923468587903181], [0.003687804946185098, 0.072278148617525, 0.001994599728881746, 0.9220394467074082], [0.3018763745993486, 0.6001794845370214, 0.005212822434441875, 0.09273131842918826], [0.12630222434410485, 0.005033027536570892, 0.8444431549917524, 0.024221593127571852], [0.022989032427683357, 0.46563594544327863, 0.01520830172339055, 0.4961667204056474], [0.09631855479396773, 0.5732785344163466, 0.06283187002268528, 0.2675710407670004], [0.03068265551633392, 0.9371644904236295, 0.0003876003202771434, 0.031765253739759344], [0.08525495022439185, 0.8990208044951157, 0.013127305463678357, 0.0025969398168141184], [0.03494845286452833, 0.02981859169153771, 0.06856580315425002, 0.866667152289684], [0.08129117777235223, 0.17243211763524557, 0.0710889749258161, 0.6751877296665861], [0.22928582545877105, 0.021672899254247698, 0.007406371853786593, 0.7416349034331947], [0.17362635314486535, 0.1385330101470061, 0.6415473832062357, 0.04629325350189285], [0.0017247554590210223, 0.9968902256747183, 6.202414776220247e-05, 0.0013229947184984813], [0.19057084892398587, 0.8074600730624889, 0.0012818233689082985, 0.0006872546446169867], [0.11783646563092588, 0.28006763195454004, 0.011631882647393108, 0.590464019767141], [0.11666738333530127, 0.12187474992507574, 0.028822988882199477, 0.7326348778574235], [0.5717037832797862, 0.250297968796368, 0.17436301829424558, 0.0036352296296000984], [0.023893342544573228, 0.03254411373014429, 0.8202044825714097, 0.12335806115387274], [0.8184648979481509, 0.1479098077451492, 0.01726373591606767, 0.016361558390632202], [0.3282919820180625, 0.1304005761296015, 0.39097508092622474, 0.15033236092611146], [0.13317062857948844, 0.7011377550777407, 0.13257802320731063, 0.03311359313546023], [0.17621170852945245, 0.22927620416194944, 0.040056166394123294, 0.5544559209144747], [0.017941766177240873, 0.16518464061948024, 0.0025397593975509656, 0.8143338338057279], [0.2374614395156131, 0.38284426770648167, 0.010037006379472586, 0.36965728639843276], [0.07304595471621031, 0.009705014337220161, 0.0010020186849203521, 0.9162470122616492], [0.12057697488421198, 0.057516369016040375, 0.02459480984719476, 0.7973118462525528], [0.20593444133129854, 0.6943436637184103, 0.041558175734768776, 0.058163719215522304], [0.015327248639737598, 0.09832378606749026, 0.0001698621907833037, 0.8861791031019889], [0.0004685161812195841, 0.934182961545475, 0.03330744261542929, 0.03204107965787622], [4.469631214932165e-05, 0.008803045727010576, 0.00848052285239876, 0.9826717351084413], [0.6357387756229758, 0.2916735130641033, 0.06128445229289283, 0.011303259020028175], [0.033771399345876904, 0.012109891934866727, 0.03012437091389513, 0.9239943378053612], [0.0724553307074623, 0.3245038346941641, 0.577494904679969, 0.025545929918404556], [0.027976808040292764, 0.8909526420645788, 0.007516804645097232, 0.07355374525003133], [0.11235071866807868, 0.6446800889147182, 0.10443739829336458, 0.13853179412383856], [0.09406908840552422, 0.6528583154871433, 0.012235569368783766, 0.2408370267385487], [0.000688091166911497, 0.0031919320273855398, 0.9446704700227504, 0.051449506782952556], [0.16222824073557046, 0.0051068674300380505, 0.12792930030793948, 0.704735591526452], [0.8495214655263341, 0.03849489873700857, 0.008386639281846714, 0.10359699645481067], [0.023974836096893312, 0.11245377751957854, 0.03066336374584787, 0.8329080226376804], [2.9986222107176367e-05, 0.8913406706631641, 0.09784582840308045, 0.010783514711648257], [0.35631570982196104, 0.1815282228838108, 0.11274221003399319, 0.34941385726023505], [0.010021472915712423, 0.03170313367141614, 0.001960481584381329, 0.95631491182849], [0.00010289670744434369, 0.007868237095733014, 0.9711510393782938, 0.02087782681852875], [0.03266754961356322, 0.4512413132267337, 0.5153101155371772, 0.0007810216225259045], [0.7009105755097746, 0.008434254219647615, 0.25751634669847756, 0.03313882357210027], [0.07471157913207847, 0.5807565517165661, 0.26924422722550373, 0.07528764192585165], [0.005459070858867544, 0.00570545038742294, 0.9121336480763444, 0.07670183067736512], [0.00024176249502822023, 0.9942386543547489, 0.0002530476413892597, 0.0052665355088336845], [0.0012030105579068377, 0.38724407976407277, 0.5546475846032681, 0.056905325074752336], [0.0041171193241619835, 0.14277190665864586, 0.01341044345919966, 0.8397005305579924], [0.030443443742886947, 0.003551657373626179, 0.012947869736325812, 0.9530570291471612], [0.9504310368758564, 0.034756890235670974, 0.00595524157342256, 0.008856831315050162], [0.9486889080430736, 0.018947221163424816, 0.01356974884611583, 0.01879412194738563], [0.43494243711142627, 0.029405788868067106, 0.1514759448198265, 0.38417582920068005], [0.0456856442568891, 0.8226539733050374, 0.10602534818934815, 0.025635034248725284], [0.9517630820041981, 0.03395385654671829, 0.0013483173536664125, 0.012934744095417238], [0.0016692516228987936, 0.005130474367338387, 0.993070944502218, 0.00012932950754476668], [0.033193830003532744, 0.9017540838335225, 0.0028865477737680303, 0.062165538389176926], [0.011474469746380873, 0.6628890950336909, 0.06823047014194021, 0.257405965077988]]}}