{"test": {"ids": ["109113931", "100109801", "113118490", "110118880", "109118820", "100111620", "97107950", "113122170", "108120700", "113118421", "104116800", "99108460", "100109000", "109120150", "104111380", "110117200", "106118301", "107116300", "104113190", "103113270", "99114890", "98112580", "112116810", "106115120", "103117200", "97107821", "113122650", "102121440", "112120290", "110118111", "97116410", "103111110", "107119390", "109119010", "109116750", "97107920", "107114321", "111116010", "99109370", "111117200", "98110680", "109117431", "108115570", "110115710", "99109740", "109114651", "110120640", "105111990", "110120531", "102111990", "99119830", "98106680", "110115980", "99107630", "113122510", "101108500", "107114280", "111115780", "106116370", "100109980", "105116980", "113120591", "103110840", "110113591", "104111830", "110121500", "105119950", "98106111", "101112690", "107113550", "100117420", "109119340", "105112130", "100120010", "101110150", "100116790", "104119290", "112118471", "98109090", "100108520", "104113170", "106119990", "112120540", "97112830", "112116990", "98108410", "108116120", "107119950", "110118701", "111120280", "110114561", "101119030", "102110750", "108120260", "111115400", "113120751", "105115720", "106118161", "110119891", "110118301", "113119340", "106117790", "105110251", "110118740", "98119591", "104114410", "100109330", "101108121", "103113210", "109114270", "97116401", "101111990", "112116451", "102113981", "98108580", "108118060", "99111620", "108114200", "113119300", "113121750", "111121351", "100111080", "102114270", "100112060", "106117650", "109117150", "100110050", "109117630", "108115500", "113118511", "102109850", "103111540", "102121700", "97105960", "104119340", "110116170", "111117120", "105117200", "111119250", "102117351", "113120070", "107113260"], "labels": [1, 0, 1, 0, 3, 3, 2, 1, 2, 3, 1, 0, 1, 2, 3, 3, 1, 0, 3, 2, 2, 2, 3, 1, 0, 2, 2, 2, 1, 1, 3, 3, 2, 3, 0, 0, 0, 1, 1, 0, 2, 1, 3, 2, 3, 3, 0, 2, 0, 2, 1, 1, 1, 2, 2, 3, 3, 1, 2, 1, 0, 0, 1, 0, 3, 3, 3, 0, 1, 0, 2, 3, 1, 0, 1, 2, 1, 1, 1, 2, 3, 0, 3, 2, 0, 1, 1, 3, 3, 0, 0, 3, 1, 1, 0, 1, 1, 3, 3, 1, 0, 1, 0, 3, 1, 1, 0, 0, 3, 3, 3, 2, 0, 1, 0, 1, 3, 0, 1, 0, 0, 0, 3, 2, 1, 2, 3, 0, 3, 1, 1, 1, 1, 2, 1, 0, 2, 3, 1, 1, 2, 0], "predicted_labels": [0, 1, 0, 3, 2, 0, 3, 1, 0, 0, 3, 1, 3, 2, 0, 3, 0, 1, 1, 2, 2, 1, 1, 1, 0, 0, 3, 1, 2, 3, 2, 3, 2, 3, 1, 0, 3, 1, 3, 3, 2, 1, 0, 1, 1, 0, 1, 3, 3, 0, 3, 2, 3, 3, 1, 1, 1, 1, 3, 0, 3, 0, 2, 0, 3, 0, 0, 1, 1, 2, 2, 0, 3, 1, 3, 0, 1, 3, 2, 3, 1, 3, 1, 3, 0, 1, 0, 3, 3, 3, 1, 0, 1, 1, 1, 0, 1, 1, 3, 1, 0, 1, 3, 3, 3, 3, 0, 3, 0, 0, 1, 3, 0, 1, 2, 1, 1, 0, 3, 1, 1, 1, 1, 1, 3, 1, 3, 1, 1, 1, 2, 3, 1, 2, 3, 3, 1, 3, 1, 3, 2, 3], "confidence_scores": [[0.5630737688438683, 0.0778679651995026, 0.01835756127121464, 0.34070070468541486], [0.13795275988916567, 0.42936409498137806, 0.05177867193235363, 0.38090447319710247], [0.8492201059613655, 0.0713055256384028, 0.033080015650146705, 0.04639435275008473], [0.05398511312751423, 0.23252151589271478, 0.010559940808640018, 0.7029334301711307], [0.3295839279681136, 0.16383282022321322, 0.379308507751723, 0.1272747440569503], [0.45367570860680617, 0.19459469831725326, 0.22614953222484172, 0.12558006085109835], [0.07050050426784192, 0.1734206863224972, 0.30767491474833436, 0.44840389466132674], [0.059807540505509946, 0.39817046541928425, 0.2012007417744486, 0.3408212523007572], [0.4923100574835798, 0.1270592501728564, 0.07775425997694713, 0.302876432366617], [0.7713414215580754, 0.05040109993839126, 0.01045154985336606, 0.1678059286501673], [0.1842455898224224, 0.10271085168434536, 0.08354358949838543, 0.6294999689948472], [0.11687733853536805, 0.38720105438942315, 0.0210082335532011, 0.47491337352200746], [0.2491625761805031, 0.1667728935339669, 0.30919414656083655, 0.2748703837246936], [0.06334350614319655, 0.08771632979640687, 0.7996597940465268, 0.04928037001386971], [0.37841602435967736, 0.09202086701616517, 0.394904685647471, 0.13465842297668656], [0.41865527834098626, 0.14832428699625347, 0.04475604118832481, 0.38826439347443553], [0.43301125521023903, 0.3411334424977107, 0.022160681835677952, 0.20369462045637213], [0.25137486642703855, 0.27320378195849654, 0.2589229370298433, 0.2164984145846216], [0.24073657619388675, 0.30283468244787387, 0.09565887037277263, 0.3607698709854671], [0.16807107247338626, 0.12729984186361454, 0.5805285312570758, 0.12410055440592316], [0.06144871304791791, 0.2179854202627245, 0.6878432774102696, 0.03272258927908794], [0.1824962402599486, 0.47297155055573675, 0.17941462725986057, 0.1651175819244541], [0.3540019366937049, 0.3705853772788214, 0.1828372654212548, 0.09257542060621872], [0.38471671287598685, 0.3257258216446162, 0.009774237614578444, 0.2797832278648185], [0.37957875529308854, 0.28029290021099823, 0.04851880997300904, 0.2916095345229039], [0.4163677878766965, 0.2803929897171325, 0.16326599673691503, 0.13997322566925594], [0.12352730716679139, 0.26308416072047563, 0.08260244624916534, 0.5307860858635676], [0.0511706596713582, 0.44044025266349535, 0.27695244947596737, 0.23143663818917895], [0.08190980071851786, 0.10717911725006328, 0.8043710787162834, 0.006540003315135435], [0.2758731719028226, 0.28149398621584865, 0.07170594738998438, 0.3709268944913446], [0.1331785610398403, 0.30785116464041085, 0.5037482197953916, 0.05522205452435726], [0.04101065789143694, 0.15532321369891164, 0.020928646496472733, 0.7827374819131784], [0.3228783878178624, 0.09014036893113152, 0.5574790583669487, 0.029502184884057668], [0.24174048054866004, 0.27810836456218263, 0.15924156351103844, 0.32090959137811875], [0.21270049997149595, 0.4086387873505582, 0.12812346607509573, 0.25053724660284976], [0.732184059497009, 0.010305382607672862, 0.0061237886827902365, 0.25138676921252806], [0.06090853941256592, 0.19376929908176013, 0.083499381396002, 0.661822780109672], [0.041238214322132226, 0.6557703733848275, 0.1673284595406754, 0.1356629527523648], [0.1876378035923709, 0.08335035878116535, 0.29230964807304366, 0.4367021895534203], [0.10496931832815899, 0.16620140776053138, 0.012359945874751256, 0.7164693280365586], [0.042274619447236046, 0.10965476584240957, 0.8329123606637718, 0.015158254046582423], [0.3246160950747643, 0.43957667520331867, 0.07974681027953437, 0.1560604194423827], [0.4052439733487385, 0.24324840804783626, 0.20818926725109252, 0.1433183513523327], [0.13993801718206497, 0.29734311054919305, 0.1936945417331607, 0.36902433053558154], [0.05166416006603512, 0.6757951226202561, 0.24820756475897646, 0.024333152554732302], [0.7797954502989565, 0.05207640118862025, 0.0395973651229677, 0.1285307833894555], [0.16604311570366334, 0.348435798883781, 0.2957246681960536, 0.18979641721650206], [0.4181675298554732, 0.13547502407899212, 0.031489331612975936, 0.4148681144525585], [0.10267543653741408, 0.19486964381376917, 0.026359242593478566, 0.6760956770553382], [0.48958995572842756, 0.05677037666678777, 0.16916506883282986, 0.28447459877195447], [0.04185138684473518, 0.2868737368055858, 0.33184363947974554, 0.33943123686993343], [0.05747976833070152, 0.12499450739144459, 0.7619805243764562, 0.05554519990139775], [0.3512140090627987, 0.21790560699819916, 0.04748449780555137, 0.3833958861334507], [0.1222833317913569, 0.04018229989918658, 0.11480991501044278, 0.7227244532990141], [0.21077046659672413, 0.44259279222474784, 0.285794012700066, 0.06084272847846215], [0.15977963289494942, 0.4395155061780678, 0.09453306104978526, 0.3061717998771977], [0.12742582382833142, 0.7253752411704656, 0.1012608519651361, 0.04593808303606658], [0.19643500857899063, 0.478238535507324, 0.08356300879527508, 0.24176344711841044], [0.27695126468783676, 0.05431821057220674, 0.12951643192784873, 0.539214092812108], [0.4396139733102699, 0.18093283802006588, 0.1252859141252445, 0.25416727454442], [0.3531790782058824, 0.06625676439038236, 0.03195645622727341, 0.5486077011764616], [0.6761856291378798, 0.07833385429303491, 0.01600842029165103, 0.22947209627743445], [0.19449808218291573, 0.11339324099866392, 0.5953611492216037, 0.09674752759681639], [0.4259966537668891, 0.23246344938452213, 0.01897725100699422, 0.32256264584159455], [0.05812970020299363, 0.08103012574951235, 0.20082883773888396, 0.6600113363086095], [0.5222881601422692, 0.2655484736582489, 0.014156260499719636, 0.1980071056997623], [0.5277919063977558, 0.2591937882223949, 0.07941002066545863, 0.13360428471439093], [0.11337872560458839, 0.5062902964963458, 0.273086031805626, 0.10724494609343944], [0.11817500547203194, 0.4472569007714347, 0.23762890687322671, 0.19693918688330658], [0.2920604756849131, 0.08509203739071929, 0.5447032076904545, 0.07814427923391297], [0.019917556116511956, 0.025076974565361027, 0.8958953873691688, 0.05911008194895839], [0.5137210464623608, 0.09513623552528533, 0.31328489697921796, 0.07785782103313588], [0.17754792752381524, 0.3251164186805691, 0.10640587742952785, 0.39092977636608806], [0.06489502614350899, 0.4162518537440421, 0.46307899644223305, 0.055774123670215954], [0.06030086339560128, 0.1614146537665818, 0.1238269751476652, 0.6544575076901514], [0.40343806038082114, 0.12227045215151089, 0.2693157244508587, 0.20497576301680923], [0.04928606323319902, 0.43874256066597955, 0.23946326275699834, 0.27250811334382363], [0.18987456378117087, 0.28338505845035206, 0.2065431519957169, 0.32019722577276005], [0.029004632688466942, 0.06996640126843078, 0.7468692021336314, 0.1541597639094706], [0.34213422573351165, 0.05302535455933451, 0.27980437506579264, 0.32503604464136104], [0.033034872805462724, 0.6470615232240132, 0.19884115644347533, 0.12106244752704905], [0.1841044069900032, 0.1354785477223439, 0.04631538713458209, 0.634101658153071], [0.31578158842813286, 0.35404817923330006, 0.03613405797631264, 0.29403617436225443], [0.1394615905098081, 0.11882130868555528, 0.311075278119851, 0.430641822684786], [0.6447679378126842, 0.015671741091921116, 0.018615678797591136, 0.32094464229780345], [0.2743318183658857, 0.3285971652815257, 0.17274135875963784, 0.22432965759295087], [0.7576061019091309, 0.037092656956914154, 0.061680859235078093, 0.14362038189887666], [0.20242248881712446, 0.288930693371194, 0.07873777659319728, 0.4299090412184844], [0.17633081853920146, 0.15244442032047728, 0.3412045677130859, 0.3300201934272355], [0.20958121647989794, 0.1410165219930652, 0.01012697450320382, 0.6392752870238331], [0.20753332734634244, 0.21992414659105652, 0.35718375730070706, 0.2153587687618937], [0.5616773497728925, 0.052814419113869734, 0.019573789493069427, 0.36593444162016864], [0.04195228138915285, 0.6051365070181721, 0.34201610301575613, 0.010895108576918965], [0.4759690603097374, 0.3480165160376623, 0.0633592261192598, 0.11265519753334083], [0.3449064534325077, 0.285986488156636, 0.31431685054778474, 0.054790207863071344], [0.4307349408210599, 0.12149196268030545, 0.15034316178847743, 0.29742993471015733], [0.04870134398147524, 0.4600069985422685, 0.09466635086055485, 0.3966253066157015], [0.05960498287655152, 0.45882472931499124, 0.2541235172236482, 0.22744677058480908], [0.03406702118023242, 0.08600588383351258, 0.019673359734569854, 0.8602537352516851], [0.13857944081471013, 0.7202297269857664, 0.03622386432355888, 0.1049669678759645], [0.5613471010788756, 0.22334989434351832, 0.017728341156745216, 0.19757466342086108], [0.15810302553407013, 0.32563384734463624, 0.40913865306333014, 0.10712447405796344], [0.10489047549933418, 0.2712039047826072, 0.058100125316472656, 0.5658054944015859], [0.33765605153793277, 0.055810310365385835, 0.05768559523615579, 0.548848042860526], [0.27850061286398553, 0.1508228339665637, 0.23380926067808444, 0.33686729249136615], [0.2245988330235887, 0.08628872214122006, 0.059129413508114015, 0.6299830313270771], [0.40404240076042025, 0.2874658807194685, 0.06144014984580533, 0.24705156867430592], [0.11619973501097099, 0.09139810833391546, 0.13033420756932274, 0.662067949085791], [0.5483065139066742, 0.18339562503997398, 0.1733440298801036, 0.0949538311732481], [0.27940354214837876, 0.1524674167726639, 0.3294968790037607, 0.23863216207519639], [0.04918559314445373, 0.5350569441392354, 0.3534804219944303, 0.062277040721880804], [0.14272842772283417, 0.08603174371246924, 0.2944202025193705, 0.4768196260453259], [0.8036106611386717, 0.07097836481458322, 0.021437235387916753, 0.10397373865882804], [0.08249987209585798, 0.7474332206112079, 0.14276937082653512, 0.02729753646639892], [0.14708514132904396, 0.2090020500901848, 0.4908928171797519, 0.15301999140101957], [0.34708274331394073, 0.4396861555340068, 0.08541132547811865, 0.12781977567393382], [0.06037763805069704, 0.4169111756697796, 0.15935153822874637, 0.36335964805077736], [0.5984198817895575, 0.22428853627042947, 0.09630836765115744, 0.0809832142888554], [0.13033500277927723, 0.019374624592255984, 0.004711765837888121, 0.8455786067905788], [0.31001034101718933, 0.49437197118427306, 0.019003946452267412, 0.17661374134627023], [0.32164575270205165, 0.3971287408154701, 0.0815881397170121, 0.19963736676546623], [0.09566564743444562, 0.46580071759076763, 0.3445837593182773, 0.09394987565650968], [0.13359736326268926, 0.6648648071579311, 0.049123125819408, 0.15241470375997154], [0.24092157914884715, 0.27215948789338923, 0.3033629009100506, 0.18355603204771276], [0.1526596184502765, 0.22535245552830763, 0.2953271167008811, 0.3266608093205347], [0.24037595119645236, 0.40531263404691503, 0.1401053357614692, 0.2142060789951634], [0.03389357689682331, 0.12192448442092742, 0.10479924819977592, 0.7393826904824736], [0.3444714100732426, 0.43814227378942733, 0.17993856559137614, 0.03744775054595406], [0.12238641376024002, 0.3678786662162623, 0.20208621244376176, 0.307648707579736], [0.19382579321270732, 0.5948363573439753, 0.09994046970514239, 0.1113973797381753], [0.02273251234159893, 0.17104757745877794, 0.7614321222356984, 0.044787787963924776], [0.14338118655610096, 0.28763924258001605, 0.12604456604456235, 0.4429350048193206], [0.44198702465851486, 0.4534821906217813, 0.053478880529555954, 0.05105190419014785], [0.1023508160834683, 0.0537771686336833, 0.6716352641636373, 0.17223675111921094], [0.12703626293083875, 0.18274420797225283, 0.0341208588724173, 0.6560986702244913], [0.38055911965102807, 0.12319244101508013, 0.051168743088558385, 0.44507969624533317], [0.10405559919433886, 0.3654699287068853, 0.1275687362622617, 0.402905735836514], [0.2168469159005969, 0.164382010951991, 0.23351913314197997, 0.38525194000543206], [0.030068472003925113, 0.2941787280535772, 0.3891491605542152, 0.2866036393882826], [0.1295156043956895, 0.11823426181743914, 0.02314678085494458, 0.7291033529319271], [0.06638395675780052, 0.1146785413712244, 0.7338714216145051, 0.08506608025647036], [0.059153469264468954, 0.24841377900881745, 0.17743491440988524, 0.5149978373168281]]}, "rewritten": {"ids": ["97105960", "97107821", "97107920", "97107950", "97112830", "97116401", "97116410", "98106111", "98106680", "98108410", "98108580", "98109090", "98110680", "98112580", "98119591", "99107630", "99108460", "99109370", "99109740", "99111620", "99114890", "99119830", "100108520", "100109000", "100109330", "100109801", "100109980", "100110050", "100111080", "100111620", "100112060", "100116790", "100117420", "100120010", "101108121", "101108500", "101110150", "101111990", "101112690", "101119030", "102109850", "102110750", "102111990", "102113981", "102114270", "102117351", "102121440", "102121700", "103110840", "103111110", "103111540", "103113210", "103113270", "103117200", "104111380", "104111830", "104113170", "104113190", "104114410", "104116800", "104119290", "104119340", "105110251", "105111990", "105112130", "105115720", "105116980", "105117200", "105119950", "106115120", "106116370", "106117650", "106117790", "106118161", "106118301", "106119990", "107113260", "107113550", "107114280", "107114321", "107116300", "107119390", "107119950", "108114200", "108115500", "108115570", "108116120", "108118060", "108120260", "108120700", "109113931", "109114270", "109114651", "109116750", "109117150", "109117431", "109117630", "109118820", "109119010", "109119340", "109120150", "110113591", "110114561", "110115710", "110115980", "110116170", "110117200", "110118111", "110118301", "110118701", "110118740", "110118880", "110119891", "110120531", "110120640", "110121500", "111115400", "111115780", "111116010", "111117120", "111117200", "111119250", "111120280", "111121351", "112116451", "112116810", "112116990", "112118471", "112120290", "112120540", "113118421", "113118490", "113118511", "113119300", "113119340", "113120070", "113120591", "113120751", "113121750", "113122170", "113122510", "113122650"], "labels": [2, 2, 0, 2, 2, 3, 3, 0, 1, 1, 0, 1, 2, 2, 1, 2, 0, 1, 3, 3, 2, 1, 2, 1, 0, 0, 1, 3, 0, 3, 2, 2, 2, 0, 0, 3, 1, 2, 1, 3, 1, 1, 2, 1, 3, 1, 2, 1, 1, 3, 1, 3, 2, 0, 3, 3, 3, 3, 1, 1, 1, 1, 0, 2, 1, 1, 0, 3, 3, 1, 2, 1, 1, 3, 1, 0, 0, 0, 3, 0, 0, 2, 3, 0, 3, 3, 1, 1, 1, 2, 1, 3, 3, 0, 2, 1, 0, 3, 3, 3, 2, 0, 0, 2, 1, 0, 3, 1, 1, 3, 3, 0, 3, 0, 0, 3, 0, 1, 1, 2, 0, 1, 0, 0, 0, 3, 0, 1, 1, 3, 3, 1, 1, 1, 0, 2, 0, 1, 0, 1, 2, 2], "predicted_labels": [2, 1, 0, 2, 3, 1, 2, 1, 3, 1, 1, 2, 2, 1, 0, 3, 3, 3, 1, 1, 1, 1, 3, 1, 3, 1, 1, 3, 1, 3, 1, 0, 2, 1, 3, 1, 3, 3, 1, 0, 2, 1, 0, 1, 1, 3, 1, 1, 2, 3, 3, 0, 2, 1, 2, 3, 1, 1, 3, 3, 1, 3, 1, 3, 3, 3, 0, 0, 0, 1, 3, 3, 1, 3, 0, 3, 3, 0, 1, 3, 3, 2, 3, 0, 1, 1, 0, 1, 1, 0, 0, 3, 0, 1, 1, 1, 1, 0, 3, 2, 2, 3, 1, 1, 3, 3, 3, 3, 1, 2, 3, 3, 3, 3, 2, 0, 1, 1, 1, 1, 3, 1, 3, 1, 0, 1, 3, 1, 2, 1, 0, 0, 1, 3, 0, 2, 0, 3, 0, 1, 1, 3], "confidence_scores": [[0.14344097377307896, 0.054267759345065884, 0.590248490228593, 0.2120427766532622], [0.37020804465611923, 0.286392787607755, 0.22489346103922098, 0.11850570669690474], [0.7885695454189213, 0.011688534881066814, 0.0059125796020266744, 0.19382934009798555], [0.039985131756128146, 0.13381472202199016, 0.5705804278827986, 0.25561971833908276], [0.10637592926637764, 0.09276449585740981, 0.4399565249869148, 0.3609030498892978], [0.07309932161704075, 0.3436772824696482, 0.3066770476473057, 0.27654634826600555], [0.17484973074690677, 0.2908539543226725, 0.44450687979611675, 0.08978943513430417], [0.1954034792302095, 0.4783654591185605, 0.1283344709118487, 0.1978965907393811], [0.19857413813635322, 0.21060264487163205, 0.28708349175764986, 0.3037397252343648], [0.28571795950139134, 0.3562580016281972, 0.10672827896847029, 0.25129575990194153], [0.26143895937643213, 0.2163763645269132, 0.3317747046723754, 0.19040997142427923], [0.05020165435236704, 0.10877768350872283, 0.6031959991183816, 0.23782466302052838], [0.03520352205672132, 0.17686526425429172, 0.7700816594482984, 0.017849554240688393], [0.13839804224048546, 0.42603898257989664, 0.3188152035393779, 0.11674777164023967], [0.44759465986115177, 0.07016296627734231, 0.16332887625119674, 0.31891349761030924], [0.09577266826830555, 0.04554421861711792, 0.13221942382602023, 0.7264636892885561], [0.12324552626799393, 0.3220302049815699, 0.019853641303262507, 0.5348706274471738], [0.1810003491325828, 0.14106228172094334, 0.3057123853637557, 0.3722249837827181], [0.09678649035906983, 0.5565167480337208, 0.29726812998637636, 0.049428631620833274], [0.03553266894436651, 0.43282331803539037, 0.11563472594745475, 0.41600928707278817], [0.07144728756685179, 0.404146310320792, 0.4666311968637374, 0.0577752052486188], [0.042578903313294135, 0.3114399941147715, 0.3764045954786487, 0.2695765070932855], [0.38294355488698095, 0.0502399094152379, 0.2028212787154913, 0.36399525698228963], [0.1815430442200872, 0.43066377760617497, 0.18157638625237457, 0.20621679192136316], [0.41990614016577943, 0.19586375786687468, 0.059199561098076205, 0.3250305408692696], [0.11407432470166422, 0.4490964412431953, 0.04081748850437612, 0.39601174555076435], [0.11057179522122983, 0.42966467422463805, 0.12122205694734191, 0.3385414736067904], [0.1287049436228709, 0.23056314369575265, 0.18483876385510167, 0.45589314882627496], [0.11920424342983929, 0.39787045653411307, 0.2597196100844686, 0.2232056899515788], [0.13837021565106966, 0.09088201841973662, 0.3299652085903598, 0.4407825573388338], [0.2568972393131889, 0.2730626090021732, 0.29556680993431206, 0.17447334175032567], [0.3837112998879705, 0.12585953318724039, 0.26321231455609617, 0.22721685236869293], [0.05800818264399941, 0.053861315005058356, 0.7188811148604543, 0.16924938749048823], [0.06474666972267805, 0.37766531439363105, 0.47370110249194547, 0.08388691339174567], [0.1995790451998292, 0.11179072418920372, 0.10794502156274197, 0.5806852090482252], [0.21047400598787805, 0.40925343939269776, 0.106744819351961, 0.2735277352674632], [0.07195406202508119, 0.16177819233334895, 0.16560936321695655, 0.6006583824246134], [0.15398962961475635, 0.11494694514767984, 0.17405535836915362, 0.55700806686841], [0.17448564195157762, 0.3766817207330423, 0.24714682983118907, 0.2016858074841911], [0.6436763597154462, 0.10823636881011144, 0.026386628612193718, 0.2217006428622488], [0.03261156827861647, 0.2958286627955999, 0.592456040159111, 0.07910372876667247], [0.05637360359909048, 0.6795857663022278, 0.25523666459404665, 0.008803965504635077], [0.5428175358789957, 0.043368010084290726, 0.1482904707346085, 0.2655239833021052], [0.05392940470684406, 0.7762396795084413, 0.1361445103224681, 0.03368640546224616], [0.13278229503405753, 0.6651675402710289, 0.055175376505031126, 0.14687478818988273], [0.15975364580312038, 0.141175702600426, 0.025235212685814773, 0.673835438910639], [0.060923614315977474, 0.4003665885468352, 0.30765046942902163, 0.23105932770816562], [0.35136731530545834, 0.4355140279559625, 0.10390830664987238, 0.10921035008870714], [0.2022758437768293, 0.18354814144169707, 0.5250555135356223, 0.08912050124585168], [0.09218705401391125, 0.13222844454820562, 0.011178907613104657, 0.7644055938247786], [0.15726669537764656, 0.23031048338988974, 0.12263289023905345, 0.4897899309934101], [0.6722386497594849, 0.12208280926691567, 0.12699071367542078, 0.07868782729817857], [0.1009299990097604, 0.14867368710924866, 0.5454269509409747, 0.20496936294001647], [0.19205388886555422, 0.3628248762731982, 0.035181310602416895, 0.4099399242588306], [0.30869448296059276, 0.1149434598231353, 0.47556269895372694, 0.10079935826254532], [0.10832475209676869, 0.11513499237496048, 0.3850116983664541, 0.3915285571618168], [0.05125838030505437, 0.5640866792032359, 0.24444261339175422, 0.1402123270999551], [0.31411591748296436, 0.2863554319907481, 0.15874652528333216, 0.2407821252429554], [0.2568375644103322, 0.08827740027736757, 0.08581886768484596, 0.5690661676274541], [0.3033872491536522, 0.10601354135170443, 0.11467645308702966, 0.47592275640761367], [0.07807063311724573, 0.38762390607632485, 0.3770511470339906, 0.15725431377243917], [0.19323810992841484, 0.14501325618430388, 0.032068893751603544, 0.6296797401356775], [0.27264829490118614, 0.49551902781529733, 0.06821610990265484, 0.16361656738086147], [0.3790728131775594, 0.13070835753423093, 0.026673918796884733, 0.4635449104913248], [0.2675862838404009, 0.24565119687568196, 0.17504479958094155, 0.3117177197029757], [0.09816215585348904, 0.38302638195394745, 0.09104505708928491, 0.4277664051032781], [0.5568659953564935, 0.08734996065443083, 0.014042229765932895, 0.34174181422314276], [0.5000480499715415, 0.08250600358375322, 0.13343892001426655, 0.28400702643043857], [0.5425662552096937, 0.20524984616430744, 0.058696340591248924, 0.19348755803474982], [0.3922171933784742, 0.421868650973731, 0.009357892654913777, 0.17655626299288113], [0.17098910751005725, 0.0404376045837438, 0.0861102284801484, 0.7024630594260509], [0.13124113887489855, 0.28624481373563093, 0.2847561259382701, 0.29775792145119995], [0.14330115681716254, 0.2806492110005497, 0.4076028895296456, 0.16844674265264237], [0.10736370280782544, 0.26891468505235133, 0.19284145235541605, 0.43088015978440763], [0.4057700592801687, 0.31153134590212783, 0.030639425657721375, 0.25205916915998183], [0.1916445864011211, 0.16830747340160762, 0.04115808888653323, 0.598889851310738], [0.07914519770550041, 0.2756347923889556, 0.10894419896718179, 0.5362758109383623], [0.4132788986566298, 0.0742736075292988, 0.4322427415247891, 0.08020475228928196], [0.26158708635389677, 0.4900101356357903, 0.15207988923547308, 0.09632288877483995], [0.07030361197270608, 0.1925414627984061, 0.10346884543995259, 0.6336860797889353], [0.2296489438354017, 0.2001658584523568, 0.12133893060040084, 0.44884626711184045], [0.3166731414634883, 0.07495194409925758, 0.5601941479265263, 0.04818076651072735], [0.17922123808544646, 0.3134835228875219, 0.07031411500129184, 0.43698112402573985], [0.630278865100977, 0.22242441348503977, 0.09688804505419454, 0.050408676359788754], [0.0983836055531298, 0.36507897285800317, 0.28804448444272523, 0.24849293714614157], [0.31961475305782744, 0.3180472146530161, 0.19427252960842062, 0.1680655026807361], [0.8419536223282895, 0.012261116501148441, 0.032954047089204956, 0.11283121408135659], [0.3345594710249271, 0.3684684915881568, 0.12298493265653057, 0.17398710473038595], [0.27116271906232203, 0.40999295258047425, 0.07688350032233841, 0.2419608280348656], [0.5957883657256988, 0.09071279814874304, 0.06415850823522048, 0.2493403278903375], [0.5132230235113124, 0.06964524596705148, 0.025726351761482927, 0.39140537876015313], [0.38078872363529537, 0.05180943694796355, 0.1770657716198188, 0.3903360677969222], [0.6965064560779496, 0.0687050858186126, 0.025911540656877233, 0.20887691744656048], [0.18136529712516436, 0.3658953474342505, 0.21485385671883384, 0.2378854987217513], [0.24294242870935243, 0.38987062740150347, 0.1450909783975394, 0.2220959654916047], [0.4369760284133822, 0.30321110881097535, 0.05807186575011765, 0.20174099702552487], [0.402803962405562, 0.43335641797770874, 0.12302840548503875, 0.04081121413169022], [0.48754162334623846, 0.11848030717736689, 0.2345456215110642, 0.15943244796533032], [0.11603427626327013, 0.28829648731655294, 0.18995036430455417, 0.40571887211562285], [0.2562533825822922, 0.23063503651967757, 0.35273299623552495, 0.160378584662506], [0.07488281453828662, 0.0915446457986341, 0.7884466262741153, 0.04512591338896401], [0.3902978649105855, 0.20605556930133034, 0.019587952504693123, 0.3840586132833908], [0.23785491062129474, 0.22093302474572477, 0.33022963826802443, 0.21098242636495607], [0.10697695453510592, 0.3259071342082595, 0.2262185119556436, 0.34089739930099133], [0.3462550356643674, 0.18023998666482155, 0.0565346817783074, 0.41697029589250373], [0.17164257043400277, 0.28790285442584423, 0.02960294568544053, 0.5108516294547124], [0.42362969836359166, 0.14003910144558135, 0.06405192607285286, 0.37227927411797435], [0.22400356878381147, 0.22111717201936923, 0.04177996460556233, 0.513099294591257], [0.18309301133762862, 0.7097685282265825, 0.035219218543853105, 0.07191924189193584], [0.06189835952102368, 0.17959195333480973, 0.6057688870805686, 0.15274080006359828], [0.34719793278680006, 0.062275798041332577, 0.056841040208390675, 0.5336852289634769], [0.01995144881085323, 0.2502380288340895, 0.008632778838557103, 0.7211777435165003], [0.023749962821281334, 0.08136381358203768, 0.017909571435903337, 0.8769766521607777], [0.13193736553246793, 0.20663304730721543, 0.027202010974757412, 0.6342275761855596], [0.08282080390497167, 0.29218069125959817, 0.47601734630858017, 0.14898115852685], [0.49002791354981395, 0.26001020688674187, 0.017800139566644946, 0.2321617399967995], [0.3018220102139094, 0.3124505222573251, 0.33147996118447204, 0.05424750634429359], [0.1994543543608016, 0.46593257851092496, 0.09041357499455742, 0.244199492133716], [0.0447298190526101, 0.6734209828533008, 0.1327910296084088, 0.14905816848568035], [0.10498919850604861, 0.38602164746392503, 0.13256245140667686, 0.3764267026233497], [0.05906579416121827, 0.12296622677728647, 0.01792580418248813, 0.8000421748790072], [0.02462309809629365, 0.2863079621947407, 0.440676562744897, 0.24839237696406855], [0.13506294376594974, 0.1404905598583506, 0.00919706913776921, 0.7152494272379305], [0.3173915855260908, 0.4994564004175229, 0.05632554015568375, 0.12682647390070265], [0.8498229008398552, 0.05606163132346413, 0.027811747521630587, 0.0663037203150501], [0.42516046145902375, 0.3221734190766924, 0.16563044384684458, 0.08703567561743948], [0.42822664562675483, 0.09552110164282031, 0.04742600033043272, 0.42882625239999195], [0.1300944577756117, 0.38039125172055543, 0.32404806760006954, 0.16546622290376323], [0.09238902253787631, 0.08180012257319136, 0.8195352848628054, 0.006275570026127117], [0.30058412650215316, 0.393472134355593, 0.0408812519777707, 0.265062487164483], [0.7966510637687754, 0.0771541065952499, 0.006720916558226071, 0.11947391307774866], [0.799584548520551, 0.10012726431240986, 0.04071331204627224, 0.05957487512076726], [0.1862498863148508, 0.5778819360982563, 0.16703903994284675, 0.06882913764404631], [0.258391195805931, 0.1462561963306704, 0.06036911240039992, 0.5349834954629987], [0.5026566310214827, 0.195188046413956, 0.03386029533523777, 0.2682950272293236], [0.07395605270013275, 0.15886245074123445, 0.6936264650974233, 0.07355503146120919], [0.3836338033256533, 0.22458121451042282, 0.033818612121171446, 0.357966370042752], [0.2835574841177589, 0.18634410474102, 0.10103685280658795, 0.4290615583346332], [0.5044121513514018, 0.3343493228438459, 0.01583824292532413, 0.1454002828794285], [0.05343265645697647, 0.4180527755520175, 0.37805995531136966, 0.15045461267963664], [0.265124096026998, 0.2993315728824948, 0.3785527290185304, 0.05699160207197685], [0.14173700415248433, 0.25236467006750246, 0.15582349906217927, 0.45007482671783405]]}}