{"test": {"ids": ["99107300", "110118121", "112116501", "109117431", "104112201", "99108000", "97108520", "104114410", "97106000", "112116880", "107116980", "101112540", "102109850", "98111860", "110116501", "112121030", "111119610", "98120010", "102109910", "113122190", "102112030", "113122160", "107117010", "110115710", "111120190", "104118340", "112118530", "113120751", "107120880", "112118930", "105115570", "113122220", "97111790", "107113170", "99112300", "107114280", "99109780", "109113591", "100108260", "99116500", "111117571", "112117790", "98112300", "103110760", "97107040", "111120640", "101114020", "108118630", "101110200", "97112300", "110117110", "108114200", "107113200", "112121430", "112116810", "101108460", "112117571", "109117730", "99108580", "109121351", "103110100", "104119340", "110114561", "106115250", "99111440", "108113740", "111118910", "113119300", "99111930", "97105760", "112120700", "98109311", "99120010", "102110850", "98106111", "99112641", "113121750", "101110740", "108113620", "112118890", "110114321", "108114670", "108113480", "105118740", "101108370", "109117080", "110118111", "113119480", "109114651", "111120540", "99108520", "101108121", "112121360", "113121010", "106116370", "111116110", "104117200", "98110680", "100108580", "102111990", "102118380", "103113640", "110120540", "97116790", "108118060", "109114720", "107121230", "111116090", "112120990", "101112690", "102114270", "110117200", "113120280", "107116300", "110120190", "101115190", "108117451", "112119610", "113122120", "104111711", "105116860", "100107920", "110115250", "113120591", "112120670", "100111080", "107114490", "112118701", "110119891", "112116610", "113120780", "97107681", "110117140", "102110690", "103117461", "103120531", "111118820", "104117630", "107113360", "103120340", "100109311", "113119120"], "labels": [3, 3, 3, 1, 0, 2, 2, 1, 0, 0, 3, 2, 1, 0, 3, 0, 2, 2, 2, 1, 2, 3, 1, 2, 3, 2, 1, 1, 1, 1, 0, 1, 2, 0, 0, 3, 2, 3, 3, 2, 3, 3, 2, 1, 2, 0, 3, 1, 2, 2, 0, 0, 0, 2, 3, 0, 3, 3, 0, 0, 1, 1, 0, 2, 3, 3, 0, 1, 1, 0, 2, 1, 2, 3, 0, 1, 0, 3, 3, 3, 1, 3, 0, 1, 1, 1, 1, 3, 3, 1, 2, 0, 3, 2, 2, 3, 3, 2, 0, 2, 1, 1, 1, 2, 1, 0, 0, 3, 2, 1, 3, 3, 0, 0, 3, 1, 2, 0, 1, 1, 2, 0, 1, 0, 2, 0, 3, 0, 3, 1, 0, 3, 3, 0, 0, 3, 0, 0, 0, 1, 1, 3], "predicted_labels": [0, 3, 3, 1, 0, 1, 0, 3, 3, 1, 0, 2, 1, 1, 3, 0, 1, 0, 0, 2, 2, 2, 1, 0, 1, 1, 1, 1, 1, 3, 3, 1, 3, 1, 3, 1, 1, 3, 0, 1, 0, 3, 3, 0, 2, 0, 0, 2, 1, 3, 1, 1, 0, 1, 1, 3, 3, 0, 1, 1, 0, 3, 3, 2, 0, 0, 3, 3, 2, 3, 3, 1, 2, 2, 3, 0, 3, 3, 1, 0, 1, 1, 0, 3, 0, 1, 0, 0, 0, 2, 2, 3, 0, 3, 0, 3, 3, 2, 1, 1, 2, 0, 2, 3, 1, 2, 1, 0, 1, 1, 0, 0, 0, 1, 1, 1, 0, 2, 1, 0, 1, 3, 0, 0, 2, 1, 1, 3, 3, 1, 3, 2, 0, 3, 1, 3, 3, 1, 1, 2, 3, 3], "confidence_scores": [[0.3507442681234362, 0.26667260790077035, 0.0810530975874058, 0.3015300263883878], [0.2601220402109177, 0.33798555980338435, 0.05832881554216087, 0.3435635844435369], [0.20931241168922401, 0.3138825148254861, 0.14234055180905397, 0.3344645216762359], [0.22345942441015265, 0.33180936077874645, 0.10888664163990357, 0.3358445731711969], [0.3692657501114794, 0.2590579195535625, 0.06926271764622846, 0.3024136126887296], [0.18930905892627362, 0.32184200890007963, 0.1803845354873478, 0.30846439668629894], [0.28651892203258217, 0.2820373240484931, 0.15339659804738062, 0.2780471558715437], [0.2649541335867962, 0.3235172042007186, 0.06987299166029351, 0.3416556705521916], [0.11409403548172113, 0.31225510093989545, 0.2641958763926417, 0.3094549871857416], [0.16234219680669235, 0.2927745296411542, 0.3235303730420332, 0.22135290051012063], [0.3351617856330477, 0.2665573540239924, 0.133063508717152, 0.2652173516258076], [0.1815546244713584, 0.271489536151953, 0.33081720836222567, 0.2161386310144629], [0.21394813503516197, 0.2979080694924402, 0.2591602914435082, 0.2289835040288896], [0.2072153406922984, 0.3270675098659706, 0.254662691849933, 0.21105445759179778], [0.28234435186785317, 0.2958495848860638, 0.09744770015107233, 0.32435836309501037], [0.3348233952560034, 0.2364465493998299, 0.1427743533725471, 0.28595570197161946], [0.1117675617363644, 0.3287231550781362, 0.3347421344725548, 0.22476714871294465], [0.36491223649449916, 0.25286964258942024, 0.11622524169302517, 0.26599287922305537], [0.3621138175654884, 0.22991668999742126, 0.10192191707949955, 0.30604757535759075], [0.18309884652573138, 0.25552415556057634, 0.30340663607024193, 0.2579703618434503], [0.21740780674823415, 0.25832677862498643, 0.35501115104119235, 0.1692542635855871], [0.08714516659813573, 0.31299610898316854, 0.3322092524053118, 0.2676494720133833], [0.10195335492210832, 0.3255195704208411, 0.2901025539172083, 0.28242452073984203], [0.25558244213607845, 0.26703305383922954, 0.20277502030147437, 0.27460948372321775], [0.2457742618251457, 0.30520276854191325, 0.18858778831780937, 0.2604351813151316], [0.11528604219545947, 0.34236206363115634, 0.2540760144163287, 0.2882758797570555], [0.08269556912190486, 0.36080151191550724, 0.35258060420629117, 0.2039223147562969], [0.24257222954219765, 0.3096412252746423, 0.17351269594600577, 0.27427384923715387], [0.2246512255592906, 0.2961703737098895, 0.1884228651223685, 0.2907555356084512], [0.24787090930346656, 0.3146247188619587, 0.12496483650875864, 0.3125395353258161], [0.17765058461384425, 0.29562933785026546, 0.22751531673910874, 0.29920476079678127], [0.247945744111374, 0.32049354658158885, 0.13970576585176103, 0.29185494345527646], [0.26856094174751083, 0.2909722011803462, 0.1092407796921783, 0.33122607737996473], [0.25392461633085034, 0.29301884369882697, 0.16776615683769242, 0.28529038313263017], [0.21660620126887492, 0.2713455795955259, 0.21212563310520252, 0.2999225860303964], [0.20973629492087936, 0.30423230130239265, 0.2110493157328974, 0.27498208804383073], [0.1538574510671245, 0.3167688491568011, 0.24790525338014877, 0.28146844639592544], [0.2814087446436702, 0.3015514974662481, 0.10081151984263496, 0.3162282380474466], [0.30275727375656625, 0.29288396236959374, 0.09730875975554215, 0.30705000411829786], [0.11722546355459049, 0.330533068646879, 0.2718376012127154, 0.2804038665858152], [0.31440077531866123, 0.3115526499020132, 0.047565643151498874, 0.3264809316278266], [0.2879217406340832, 0.2540030862242606, 0.15172229263327502, 0.30635288050838155], [0.33580569116069714, 0.24168583592850507, 0.1184713941944862, 0.30403707871631175], [0.31382066460815466, 0.30075995646250653, 0.07014599759335725, 0.31527338133598193], [0.16703822232281787, 0.26477022406514533, 0.3444075227187521, 0.22378403089328414], [0.29374481660633783, 0.25800292743334846, 0.16811440683906803, 0.2801378491212458], [0.33505945495242856, 0.28456575552416397, 0.08675961212367682, 0.29361517739973086], [0.11503725430029323, 0.2775360143337644, 0.35282545535330917, 0.25460127601263316], [0.15578267235942242, 0.3442950775543566, 0.20643832709139717, 0.2934839229948238], [0.28401874932835275, 0.28947758647763666, 0.1051432588720239, 0.3213604053219868], [0.189414879162842, 0.31124460744568067, 0.2896272033400409, 0.20971331005143662], [0.25519797250065424, 0.3184933326608244, 0.1327341167313101, 0.2935745781072113], [0.2799388744135386, 0.27385007966233876, 0.21019226962258183, 0.23601877630154106], [0.23074257177533453, 0.3035432475125226, 0.17079088190138075, 0.294923298810762], [0.2016488245803223, 0.2806113679162379, 0.2688058640788328, 0.24893394342460703], [0.18660143235442886, 0.31147184946290896, 0.17627716453093617, 0.32564955365172604], [0.24910582686624783, 0.32475096382631186, 0.09813718070365321, 0.3280060286037871], [0.3089771182622779, 0.28439565943970824, 0.14981871473488065, 0.2568085075631334], [0.2670805790387597, 0.31110836214822524, 0.13993315980009674, 0.2818778990129181], [0.23328685606783953, 0.347695468608702, 0.08993440155747369, 0.3290832737659848], [0.36793060467198035, 0.2542426032767036, 0.07864710784640938, 0.2991796842049071], [0.22159571914470505, 0.29959223049193107, 0.16656955262319573, 0.3122424977401683], [0.29392685242212574, 0.284753209270128, 0.11045677511100205, 0.3108631631967443], [0.09164128108823705, 0.28081234542463435, 0.4227874955540125, 0.2047588779331161], [0.2970118078937858, 0.2763011675368157, 0.19776551152339264, 0.2289215130460056], [0.3471725039781135, 0.27112938043480556, 0.06671112225924607, 0.31498699332783475], [0.25807384636677605, 0.31818535597070235, 0.09413642645942061, 0.329604371203101], [0.2672848069949224, 0.29097314644509015, 0.11465584423813162, 0.32708620232185626], [0.07159662342070906, 0.3081816372138562, 0.3958361172461143, 0.22438562211932012], [0.2231394134432109, 0.2988098824380612, 0.1587554085473423, 0.3192952955713854], [0.177462545966194, 0.30727604167241457, 0.23162529981842228, 0.28363611254296905], [0.1203077914721664, 0.3118396875319432, 0.2999384219369078, 0.2679140990589827], [0.11689878747251785, 0.2623940806244459, 0.4258415328078956, 0.1948655990951405], [0.14588836280386547, 0.2701562414037584, 0.39843808467597386, 0.18551731111640243], [0.20506811866263217, 0.2991866638690677, 0.2214785357463584, 0.27426668172194174], [0.29034133402204676, 0.2973719996901588, 0.11412812981933017, 0.2981585364684636], [0.25173820949717535, 0.3175855495609227, 0.10828903854766915, 0.3223872023942326], [0.07872167884214779, 0.3120121900315076, 0.3188824724611356, 0.29038365866520954], [0.18224121964235815, 0.30505213582622137, 0.24774006753147293, 0.2649665769999476], [0.30054336935771114, 0.2674678556470769, 0.14908304105406217, 0.2829057339411496], [0.3010487931069049, 0.3071733940940037, 0.10626042279286069, 0.28551739000623044], [0.21561460698610938, 0.29351220309726334, 0.21104190678075346, 0.27983128313587413], [0.24967433518286247, 0.2386927405514188, 0.28202543789067186, 0.22960748637504677], [0.24150865278413247, 0.28456728817373567, 0.18079435330637977, 0.29312970573575214], [0.3844483347759927, 0.2689419346778226, 0.058315111758654226, 0.2882946187875305], [0.16266491989267057, 0.359121173241436, 0.15443629366915948, 0.32377761319673404], [0.34007122525494626, 0.2869321702224038, 0.0760946779730093, 0.2969019265496406], [0.2888144828284897, 0.3123914006860754, 0.08203516907199336, 0.31675894741344157], [0.38967759256286955, 0.26199525938740403, 0.03687155152255216, 0.31145559652717414], [0.16194694960711198, 0.2731155823308798, 0.37310442098645186, 0.19183304707555646], [0.12980559022330684, 0.28628860537407824, 0.40442015305031, 0.17948565135230476], [0.23690106647111456, 0.31587799859294696, 0.10897445845803751, 0.3382464764779009], [0.3531676064616771, 0.2823187980040943, 0.09557079025676465, 0.2689428052774637], [0.2302780384946379, 0.3307921081267527, 0.10361274205738666, 0.33531711132122244], [0.353132610150614, 0.24607291723643276, 0.11583073236513619, 0.28496374024781695], [0.24701498943772443, 0.26942904184818417, 0.19144276929512702, 0.2921131994189644], [0.1811245373185418, 0.33205977873150516, 0.15922119479639896, 0.3275944891535541], [0.14179027774640526, 0.2854735828276544, 0.36575665301008, 0.20697948641586036], [0.1497156535902192, 0.3132796670373831, 0.279276994274661, 0.25772768509773636], [0.28185083418534845, 0.3033524276555887, 0.09887892001004923, 0.3159178181490135], [0.12361895308816408, 0.30666617249740485, 0.3265935813689953, 0.24312129304543567], [0.41048578961967824, 0.25137038827239844, 0.060080439720015956, 0.2780633823879073], [0.18978523094032318, 0.2740957960862435, 0.33019967075257417, 0.20591930222085922], [0.2553489481725336, 0.2908945427537446, 0.17278183722713927, 0.2809746718465822], [0.25278629051870777, 0.31353036694141484, 0.14651123526442508, 0.2871721072754524], [0.12543543732121842, 0.2642386712131566, 0.3860752997265339, 0.22425059173909118], [0.1614248027839593, 0.3477319436240793, 0.17833512063803922, 0.3125081329539222], [0.3661995866459309, 0.26922872637017914, 0.04890094684228555, 0.31567074014160446], [0.22448279692208278, 0.3328433120175136, 0.15097709080545382, 0.2916968002549498], [0.2505601191793255, 0.3086392711694011, 0.17085807577188278, 0.26994253387939066], [0.2980431043403774, 0.28069051648199184, 0.13962134240601873, 0.2816450367716115], [0.2977185816153754, 0.28636510736559245, 0.1037606199544701, 0.312155691064562], [0.3623268239523032, 0.24580300566982366, 0.09650440423169895, 0.29536576614617427], [0.23027905283522315, 0.29856156984131244, 0.18325142003545988, 0.28790795728800483], [0.21278497843362762, 0.33604595652414615, 0.1302615572619407, 0.32090750778028554], [0.19763600005955576, 0.30407725184398604, 0.2511152349716521, 0.2471715131248059], [0.4006245701878522, 0.22628136876222504, 0.06418417416328565, 0.308909886886637], [0.15451798287594856, 0.28792250858954693, 0.33458613346078986, 0.2229733750737149], [0.208887314638992, 0.300624801005203, 0.25843909305973845, 0.23204879129606634], [0.30637271676995004, 0.27503883946535074, 0.13909333237364832, 0.27949511139105093], [0.25654100957528847, 0.31520971690355437, 0.14444118319649052, 0.28380809032466653], [0.2614157353765636, 0.31580031728164965, 0.09370838604841099, 0.3290755612933756], [0.31990840176804014, 0.2621602380329891, 0.13321253239208153, 0.2847188278068892], [0.31768624963794534, 0.27523822293490696, 0.10591739562947358, 0.3011581317976743], [0.1482117953079236, 0.28791067275218796, 0.3365914503574225, 0.2272860815824662], [0.12887785337006005, 0.35133484248302566, 0.2042283233792892, 0.3155589807676253], [0.12459518744544133, 0.3248201177328905, 0.26077118053692633, 0.28981351428474167], [0.24914018798546286, 0.31909000911831753, 0.10136198068301261, 0.3304078222132069], [0.25771227066163604, 0.3032656150377596, 0.11535051329517403, 0.32367160100543024], [0.23289400195460344, 0.28984273872971783, 0.22858161299819246, 0.24868164631748588], [0.21365219093210053, 0.3220908745963824, 0.13922807637595783, 0.32502885809555926], [0.09790856609330681, 0.26013651201655985, 0.42371162316907884, 0.21824329872105458], [0.30798131865061074, 0.2771179964060711, 0.12847398433327784, 0.2864267006100402], [0.25178815607527405, 0.33558913939561147, 0.07583409169633962, 0.33678861283277495], [0.2071173721096094, 0.3143755415397461, 0.1647397798091816, 0.31376730654146306], [0.23791111453523517, 0.31646749933552903, 0.12242730322022133, 0.3231940829090145], [0.29423672131248346, 0.2964701680380868, 0.07442523220903265, 0.33486787844039745], [0.27168699648226985, 0.29160959936932135, 0.16106993898964506, 0.2756334651587638], [0.266316791716279, 0.31601636128349486, 0.0990384873441846, 0.31862835965604164], [0.09678254222484017, 0.311068602173506, 0.3236028887104586, 0.2685459668911948], [0.23201188867492756, 0.27251520526783174, 0.21547117543428623, 0.2800017306229547], [0.2971343121119676, 0.28004068522917736, 0.11545522252836565, 0.3073697801304891]]}, "rewritten": {"ids": ["97105760", "97106000", "97107040", "97107681", "97108520", "97111790", "97112300", "97116790", "98106111", "98109311", "98110680", "98111860", "98112300", "98120010", "99107300", "99108000", "99108520", "99108580", "99109780", "99111440", "99111930", "99112300", "99112641", "99116500", "99120010", "100107920", "100108260", "100108580", "100109311", "100111080", "101108121", "101108370", "101108460", "101110200", "101110740", "101112540", "101112690", "101114020", "101115190", "102109850", "102109910", "102110690", "102110850", "102111990", "102112030", "102114270", "102118380", "103110100", "103110760", "103113640", "103117461", "103120340", "103120531", "104111711", "104112201", "104114410", "104117200", "104117630", "104118340", "104119340", "105115570", "105116860", "105118740", "106115250", "106116370", "107113170", "107113200", "107113360", "107114280", "107114490", "107116300", "107116980", "107117010", "107120880", "107121230", "108113480", "108113620", "108113740", "108114200", "108114670", "108117451", "108118060", "108118630", "109113591", "109114651", "109114720", "109117080", "109117431", "109117730", "109121351", "110114321", "110114561", "110115250", "110115710", "110116501", "110117110", "110117140", "110117200", "110118111", "110118121", "110119891", "110120190", "110120540", "111116090", "111116110", "111117571", "111118820", "111118910", "111119610", "111120190", "111120540", "111120640", "112116501", "112116610", "112116810", "112116880", "112117571", "112117790", "112118530", "112118701", "112118890", "112118930", "112119610", "112120670", "112120700", "112120990", "112121030", "112121360", "112121430", "113119120", "113119300", "113119480", "113120280", "113120591", "113120751", "113120780", "113121010", "113121750", "113122120", "113122160", "113122190", "113122220"], "labels": [0, 0, 2, 3, 2, 2, 2, 2, 0, 1, 2, 0, 2, 2, 3, 2, 2, 0, 2, 3, 1, 0, 1, 2, 2, 0, 3, 0, 1, 0, 0, 1, 0, 2, 3, 2, 1, 3, 1, 1, 2, 0, 3, 2, 2, 3, 1, 1, 1, 1, 0, 1, 3, 1, 0, 1, 3, 0, 2, 1, 0, 2, 1, 2, 2, 0, 0, 0, 3, 3, 0, 3, 1, 1, 0, 0, 3, 3, 0, 3, 2, 1, 1, 3, 3, 0, 1, 1, 3, 0, 1, 0, 1, 2, 3, 0, 3, 3, 1, 3, 3, 3, 1, 3, 3, 3, 0, 0, 2, 3, 1, 0, 3, 1, 3, 0, 3, 3, 1, 0, 3, 1, 0, 2, 2, 2, 0, 3, 2, 3, 1, 3, 0, 0, 1, 0, 2, 0, 1, 3, 1, 1], "predicted_labels": [2, 3, 2, 2, 3, 3, 3, 2, 1, 1, 2, 2, 3, 2, 0, 1, 2, 1, 1, 1, 1, 2, 3, 2, 2, 3, 0, 2, 3, 1, 3, 0, 1, 1, 3, 2, 0, 3, 2, 2, 3, 3, 2, 3, 2, 1, 2, 3, 1, 0, 1, 3, 3, 2, 0, 3, 3, 0, 1, 3, 1, 1, 3, 2, 0, 1, 0, 1, 1, 3, 2, 0, 3, 3, 3, 2, 3, 0, 1, 1, 0, 1, 3, 3, 0, 2, 1, 1, 0, 3, 1, 1, 0, 0, 3, 1, 3, 3, 1, 3, 3, 3, 1, 0, 3, 1, 3, 3, 1, 1, 2, 0, 3, 1, 1, 2, 3, 0, 1, 3, 3, 3, 1, 3, 3, 1, 0, 0, 3, 3, 3, 0, 0, 0, 1, 3, 3, 3, 1, 2, 3, 1], "confidence_scores": [[0.13805325556454054, 0.2623854440625911, 0.3723966082429913, 0.22716469212987667], [0.110394292822585, 0.3106804023954769, 0.25548104249488424, 0.32344426228705386], [0.13758654445257346, 0.28058916899238306, 0.3298573568345351, 0.2519669297205081], [0.09463130757115229, 0.24770774580909025, 0.4151753393951395, 0.242485607224618], [0.2194661368231455, 0.2934264967693, 0.20679388265474566, 0.2803134837528088], [0.25819788563187124, 0.27132491327437025, 0.15060430423962398, 0.31987289685413434], [0.22970754684947878, 0.28453847388464876, 0.18152525688449464, 0.30422872238137794], [0.15368115271094096, 0.2576920543622947, 0.3561567317773303, 0.23247006114943428], [0.14941664020505513, 0.30335952865697635, 0.30867573769173134, 0.23854809344623745], [0.1397830933779825, 0.2963082448028834, 0.3000176463635331, 0.26389101545560056], [0.1479324630687827, 0.25758688146381964, 0.4034111121225892, 0.19106954334480836], [0.12742298517394063, 0.30475461014273664, 0.3544445056863427, 0.21337789899697981], [0.24414216629475594, 0.2527665976931721, 0.2092047235066239, 0.2938865125054483], [0.20693451519815917, 0.24194451633440567, 0.354881576094678, 0.19623939237275695], [0.2937311871138524, 0.2940643539138501, 0.11375998311219891, 0.29844447586009865], [0.12538756977307416, 0.3420811553659593, 0.21030693503962924, 0.3222243398213373], [0.12903185525573432, 0.2865102472736351, 0.3902144641999384, 0.19424343327069174], [0.18087810246704342, 0.287586102150868, 0.30343057266118295, 0.2281052227209057], [0.17754965448158083, 0.3208022815313887, 0.23272161222976812, 0.26892645175726215], [0.230534259738628, 0.27210618807906567, 0.24419475032453325, 0.2531648018577728], [0.09229390532674416, 0.3275443118531624, 0.28259210558266823, 0.29756967723742545], [0.15570745796228452, 0.2579699507819224, 0.3274650973853089, 0.25885749387048446], [0.24247594317160504, 0.28205406426069946, 0.20691645896399055, 0.26855353360370493], [0.1010863370397177, 0.2914603586214344, 0.35372343362329384, 0.2537298707155542], [0.10257594235167838, 0.26874540510051514, 0.42205517289728095, 0.20662347965052555], [0.2547737995110859, 0.30349601290559375, 0.11497658580996141, 0.32675360177335894], [0.2786978515123147, 0.2736631880472656, 0.17393196004540257, 0.27370700039501733], [0.15177648440961097, 0.281605599866712, 0.326345946957561, 0.24027196876611603], [0.24330581724951192, 0.2819322934237101, 0.17043699769825782, 0.3043248916285203], [0.12908104924609765, 0.3329579822560156, 0.24893305579429384, 0.28902791270359285], [0.21378632641479586, 0.30656642287037766, 0.15034684247539196, 0.3293004082394346], [0.37227669632444715, 0.2445674510914076, 0.1199775620257541, 0.2631782905583911], [0.19805510714291755, 0.28614654925731486, 0.2602195958776182, 0.25557874772214934], [0.1374121460419625, 0.3361593324600923, 0.23011794033374586, 0.29631058116419945], [0.09192003224040327, 0.3219204426638115, 0.264507119406801, 0.32165240568898423], [0.19729089485798498, 0.24937383851270184, 0.30355153612353214, 0.24978373050578123], [0.2633915651478202, 0.2735677935442267, 0.19807253550454512, 0.2649681058034082], [0.2403079011812002, 0.26878425862560434, 0.20851478866900905, 0.2823930515241865], [0.13607762138191812, 0.2982397204886803, 0.3127504240999557, 0.252932234029446], [0.13988799096067728, 0.2460142456720992, 0.4440181065589729, 0.17007965680825052], [0.268303668864097, 0.24911421263299532, 0.19589945809633125, 0.28668266040657653], [0.24554971882249774, 0.33042507138980354, 0.0883032698470026, 0.3357219399406964], [0.13301568216027548, 0.25059350948779563, 0.4013051547142717, 0.2150856536376574], [0.2115711323919514, 0.2858198647475991, 0.2052865298125018, 0.2973224730479478], [0.19765466926038674, 0.261119724901203, 0.3412632826168745, 0.19996232322153554], [0.25852145413533684, 0.30349027910456233, 0.1452675797476689, 0.29272068701243203], [0.09611465389212971, 0.28844680273001455, 0.37770314183831727, 0.2377354015395385], [0.30081539383533723, 0.25455755986621736, 0.14715027816929085, 0.29747676812915447], [0.2754438163439923, 0.3055892801998852, 0.09991133946722035, 0.31905556398890245], [0.38377665183430093, 0.24140198940899815, 0.10067189338838048, 0.27414946536832013], [0.23585852068940535, 0.30428598554844366, 0.14667084477533682, 0.313184648986814], [0.12339328647924562, 0.3206089540004772, 0.231400034313639, 0.3245977252066382], [0.20725392662276454, 0.32562998523076464, 0.14446206734359693, 0.32265402080287403], [0.15765119166048597, 0.2520809557866398, 0.39951358561116834, 0.1907542669417062], [0.3330161059669662, 0.24810938172275845, 0.12376720130095613, 0.29510731100931914], [0.28017348960258415, 0.31220766062064853, 0.07456046559476585, 0.3330583841820016], [0.19171305924875764, 0.3232074704406891, 0.15278098772815193, 0.3322984825824016], [0.27665310057561554, 0.2789113781779544, 0.163635207831799, 0.2808003134146311], [0.1169970849572859, 0.31994494505766224, 0.2642252900246437, 0.29883267996040824], [0.13826017079113642, 0.33898756301899513, 0.18020872371461252, 0.34254354247525626], [0.1592219263234893, 0.3137971586710181, 0.2232633789684643, 0.30371753603702845], [0.24803607808934122, 0.3123332999225801, 0.15631016825973915, 0.2833204537283396], [0.14783828946408759, 0.2932449305184639, 0.28117754004593165, 0.27773923997151656], [0.13919151025751159, 0.2875432284991821, 0.30701661562035604, 0.26624864562295036], [0.32950361648434917, 0.24411833559568144, 0.15599152134552183, 0.2703865265744476], [0.16969348495768383, 0.3078221708486239, 0.24018971465632985, 0.2822946295373625], [0.29655967830242386, 0.2606386352013663, 0.17716855732082434, 0.26563312917538545], [0.2911239955248793, 0.310592004059004, 0.08249761749380108, 0.31578638292231553], [0.21064909364587178, 0.2990889763437447, 0.21434715830535564, 0.2759147717050278], [0.12910485958809265, 0.3166882376973914, 0.2290442041140885, 0.3251626986004273], [0.20831657314217658, 0.2560086536879799, 0.2991001676189423, 0.23657460555090082], [0.3230845550947991, 0.23938040263690938, 0.21113485464904494, 0.22640018761924655], [0.10055181114671705, 0.319502961947497, 0.2701185744767226, 0.30982665242906354], [0.18760773197238886, 0.277078882797091, 0.2492965940794445, 0.2860167911510757], [0.18267185880448117, 0.33563212130419645, 0.15638995000110004, 0.32530606989022237], [0.20979438585113117, 0.22804369286632953, 0.33283614148760093, 0.22932577979493837], [0.17884123249041875, 0.29746321556638355, 0.22736335833917282, 0.2963321936040248], [0.347901774310051, 0.2607483913333811, 0.0778516559340931, 0.3134981784224747], [0.2734171513375259, 0.3084524972594026, 0.11820597569185073, 0.299924375711221], [0.202774650748567, 0.29556818489890807, 0.21847044845053634, 0.28318671590198846], [0.3908880105106931, 0.22817602059078984, 0.06383527550476417, 0.31710069339375296], [0.26121813075561856, 0.30974686030415866, 0.1269075252199628, 0.30212748372026], [0.1460415958911229, 0.3303685060868898, 0.19160923283267056, 0.3319806651893168], [0.23616382686050696, 0.28498885456112766, 0.18346440611180703, 0.2953829124665583], [0.37605594544353654, 0.24961864437374245, 0.07208931086552786, 0.3022360993171933], [0.1179956997220925, 0.29462117908515884, 0.3140403151403073, 0.27334280605244154], [0.14823458819256044, 0.3587436013516675, 0.16839899882839016, 0.324622811627382], [0.17234722970346283, 0.34089693363638934, 0.14830721670161015, 0.3384486199585377], [0.309367515065174, 0.2690395644965053, 0.15858042053986873, 0.2630124998984518], [0.2597618114502324, 0.3123974326809187, 0.11424824648408893, 0.31359250938476013], [0.24417077067081264, 0.3132239334928215, 0.17764356162366854, 0.2649617342126972], [0.21796245959557617, 0.31756379266419726, 0.17066928556302713, 0.2938044621771993], [0.2771469426260501, 0.2510145991999969, 0.1993284173895327, 0.2725100407844203], [0.292433128507648, 0.23944989313345832, 0.24554452796168644, 0.222572450397207], [0.25435905116112417, 0.31809891211123814, 0.09585193879613318, 0.3316900979315046], [0.16376215407609537, 0.3283050952755164, 0.2656941494087688, 0.24223860123961932], [0.27285309768936195, 0.263661749289289, 0.18101282021746476, 0.2824723328038843], [0.25431646491682897, 0.2965851002052501, 0.13331771314816876, 0.315780721729752], [0.2685001842703463, 0.2919580197864572, 0.14957080776970796, 0.2899709881734887], [0.2552739769909389, 0.3335924131778669, 0.07012242757606031, 0.34101118225513377], [0.2273082875213162, 0.2984913506970444, 0.1558398985198418, 0.31836046326179746], [0.2130813423369142, 0.3329293668139773, 0.12976167971756591, 0.32422761113154275], [0.1793519629904699, 0.29910841467621224, 0.252497940618195, 0.2690416817151229], [0.35075985405878635, 0.2661197300054621, 0.08267738534208742, 0.30044303059366445], [0.2164625276180791, 0.26152276456579576, 0.24967803167304364, 0.27233667614308144], [0.26623321930658855, 0.3226418653793876, 0.09139229614502908, 0.3197326191689947], [0.31009910651615896, 0.2885998216629295, 0.07228929861230746, 0.3290117732086041], [0.22938917494601088, 0.30540969208721686, 0.1455073565153114, 0.3196937764514608], [0.10167334085928899, 0.32298211498270024, 0.32657198867709836, 0.24877255548091232], [0.15445789222841563, 0.3209042909347237, 0.2699813314612196, 0.25465648537564084], [0.11833372581748945, 0.275291773147886, 0.4224499486675574, 0.18392455236706692], [0.2935267316430004, 0.2797333858823968, 0.13333833476538426, 0.293401547709218], [0.21058181645444485, 0.3078840131626459, 0.151015660629445, 0.3305185097534641], [0.22521971766302448, 0.2802552312102622, 0.24625538238731476, 0.24826966873939849], [0.20543883347101952, 0.2767302232713887, 0.26010631553990904, 0.25772462771768256], [0.17678518985642747, 0.2828735170447094, 0.2802376314836848, 0.26010366161517817], [0.23513288888495643, 0.3362114543079111, 0.08994466691392047, 0.3387109898932124], [0.287218125324887, 0.253615516738857, 0.17004296648620268, 0.2891233914500533], [0.08180162867025584, 0.33570972175018415, 0.3691941719384705, 0.21329447764108933], [0.21970104117946201, 0.3241986461404131, 0.1281128893381808, 0.32798742334194403], [0.2438675383640022, 0.32400478651350545, 0.10400320908425775, 0.3281244660382348], [0.22457437833332372, 0.3282314692212066, 0.12591200610423556, 0.3212821463412342], [0.16317413784194762, 0.30425296030712334, 0.2613406832492855, 0.27123221860164365], [0.17646737759212364, 0.29340779958035623, 0.26243657622085004, 0.26768824660666996], [0.12756785466404022, 0.3204331789522065, 0.2598622061490615, 0.2921367602346919], [0.2503752475367973, 0.32157862095448014, 0.11731185564808613, 0.3107342758606365], [0.3378159830286389, 0.26732011128894595, 0.09978636989320558, 0.2950775357892097], [0.33089883686231764, 0.2880976222048822, 0.11376427935567268, 0.2672392615771276], [0.25204519927052416, 0.3024194514484803, 0.1364937860645571, 0.3090415632164382], [0.22181622820417665, 0.27057200161053097, 0.24636163048817306, 0.2612501396971194], [0.24575856793031453, 0.3032072207488106, 0.11738714422136871, 0.33364706709950614], [0.2924951642178018, 0.2928227446796568, 0.11282297552746191, 0.30185911557507966], [0.40175435950291233, 0.21818645604344197, 0.09048049102193802, 0.28957869343170783], [0.30840765945335585, 0.2805495033023994, 0.10584191723102762, 0.30520092001321697], [0.18564824981322084, 0.29893347413998517, 0.23785724873441996, 0.27756102731237403], [0.18597524761733944, 0.3208715520734112, 0.16536851202602312, 0.32778468828322616], [0.16549744226686386, 0.3244827734646836, 0.20633603811893841, 0.30368374614951393], [0.2519074533662053, 0.31143839026694853, 0.11737173746642378, 0.3192824189004226], [0.2605070789232554, 0.3062463097323499, 0.18536551734684564, 0.24788109399754898], [0.08476682078285323, 0.30491152120133685, 0.3822821697181216, 0.2280394882976886], [0.1840501436296035, 0.2504059721939922, 0.28165224428806124, 0.2838916398883431], [0.21848965318437996, 0.30370904433982715, 0.20663457928793624, 0.27116672318785656]]}}