{"test": {"ids": ["109115070", "110117500", "110115140", "111119250", "98112300", "101111140", "101108460", "109121410", "111115910", "98109230", "113118620", "103111620", "111116040", "105116090", "100108080", "101108621", "109118231", "111116010", "100111620", "98120530", "111114171", "105114220", "104116800", "98110680", "106119990", "98110230", "110117080", "106118161", "97118210", "101119591", "108114040", "99108330", "103109791", "106115120", "113122220", "109120540", "104111711", "112117580", "104111550", "110117140", "104118340", "112118820", "105110091", "113121980", "101119030", "105118171", "103110050", "108118520", "98111860", "102112030", "113119950", "108121351", "111115400", "107121700", "100116790", "106114880", "113121010", "108114670", "111117200", "111116750", "107114621", "113122160", "113120601", "106113260", "110118880", "99107950", "97107920", "106116441", "104119290", "105121190", "99105921", "104114230", "106113830", "97111790", "101109000", "108121160", "100109330", "102118380", "105115680", "112120630", "109119340", "108120621", "104111380", "99117740", "103111110", "104118070", "109115211", "110120560", "111116290", "104113210", "102110850", "98106560", "112118550", "100111380", "97113900", "98108150", "101111620", "106116640", "102110890", "103112641", "98107010", "113117630", "100111270", "108113700", "99120010", "111120540", "107118490", "102109850", "99107500", "113119480", "110118161", "106119580", "110115890", "112121410", "111116090", "112116501", "103111540", "105111990", "97116800", "107116340", "100120010", "98121790", "100109311", "113120070", "113118820", "103111170", "101108290", "110114561", "110115120", "103120340", "108117451", "110114610", "104111780", "107113840", "111117480", "107114321", "110118121", "113122120", "112121351", "112121010", "103118110", "101117580"], "labels": [0, 1, 0, 1, 2, 2, 0, 0, 2, 1, 3, 0, 0, 1, 0, 0, 1, 1, 3, 1, 3, 3, 1, 2, 0, 3, 1, 3, 2, 0, 0, 1, 3, 1, 1, 1, 1, 0, 1, 3, 2, 0, 0, 2, 3, 3, 3, 0, 0, 2, 0, 3, 0, 3, 2, 0, 2, 3, 0, 3, 0, 3, 2, 3, 0, 1, 0, 0, 1, 2, 1, 2, 1, 2, 1, 2, 0, 1, 2, 3, 3, 1, 3, 2, 3, 2, 0, 0, 2, 3, 3, 1, 3, 3, 2, 0, 3, 3, 0, 3, 3, 0, 2, 0, 2, 1, 2, 1, 0, 3, 0, 3, 2, 0, 3, 3, 1, 2, 0, 3, 0, 2, 1, 2, 0, 2, 0, 0, 0, 1, 2, 1, 3, 3, 1, 0, 3, 1, 0, 2, 2, 3], "predicted_labels": [1, 1, 0, 3, 3, 1, 1, 3, 1, 2, 1, 1, 3, 1, 1, 1, 1, 1, 3, 1, 1, 1, 3, 0, 0, 1, 3, 1, 0, 3, 3, 1, 0, 3, 1, 1, 1, 1, 1, 3, 3, 1, 3, 1, 1, 1, 1, 0, 1, 1, 3, 1, 1, 1, 1, 3, 1, 3, 3, 3, 0, 1, 1, 1, 3, 3, 0, 3, 3, 1, 1, 1, 3, 3, 1, 3, 0, 1, 1, 0, 0, 1, 0, 0, 0, 1, 3, 1, 3, 1, 1, 0, 1, 0, 1, 3, 1, 0, 3, 1, 0, 0, 2, 1, 0, 1, 1, 1, 1, 1, 1, 3, 1, 3, 3, 3, 1, 1, 3, 3, 3, 1, 3, 1, 1, 3, 3, 1, 1, 1, 3, 1, 0, 0, 3, 1, 3, 3, 2, 1, 1, 3], "confidence_scores": [[0.1854007358850026, 0.34333555725349796, 0.175519133715598, 0.2957445731459016], [0.2472454784725853, 0.32821689411665445, 0.12674813754468334, 0.29778948986607706], [0.31278318837779895, 0.3017996240561421, 0.09921299258592756, 0.2862041949801313], [0.12310155829434888, 0.3149670457676707, 0.22153411046102925, 0.3403972854769511], [0.28991775049405266, 0.30066478169586, 0.1082766920441126, 0.30114077576597487], [0.3012189193362444, 0.33653331531422304, 0.04980327087266254, 0.31244449447686956], [0.18845659388629826, 0.3242335364588057, 0.18935846796467434, 0.29795140169022155], [0.2104041791928918, 0.3177156304530409, 0.1454705981856399, 0.3264095921684273], [0.13780092804266533, 0.33221483717278305, 0.30522415251643875, 0.22476008226811303], [0.11327487979411079, 0.21637845119789964, 0.4843100374504624, 0.18603663155752706], [0.23011548348800756, 0.3534798217213626, 0.09578643676456497, 0.32061825802606475], [0.22457996113174258, 0.3564635940203644, 0.10245375748165499, 0.31650268736623793], [0.31525495849462354, 0.29861729363067435, 0.03677659132160065, 0.3493511565531012], [0.24855160661165307, 0.30769242772457683, 0.15378911867412984, 0.2899668469896403], [0.25712772420230356, 0.3280390918066832, 0.11038235993505596, 0.3044508240559574], [0.2553557375102221, 0.3215068194676892, 0.11668689556173689, 0.30645054746035194], [0.28140967013261203, 0.29526257832083436, 0.14950189719137805, 0.2738258543551757], [0.19083570228256205, 0.29979058826139365, 0.2187350668460463, 0.29063864260999817], [0.21556931539911817, 0.2835061804876074, 0.23129295017125814, 0.26963155394201654], [0.23877512147851757, 0.29949126080510313, 0.22342203206790162, 0.23831158564847754], [0.19205823304012964, 0.2854938673846156, 0.2778868854254199, 0.24456101414983503], [0.2145172968321364, 0.3355258203689669, 0.16237894099589564, 0.28757794180300095], [0.25113935260187237, 0.29018087451376046, 0.15056497677810785, 0.30811479610625914], [0.23927842359107182, 0.24428946708577, 0.33386663921269194, 0.182565470110466], [0.29792921845195564, 0.2902932281606018, 0.1300872676213137, 0.28169028576612876], [0.2420451319736614, 0.3479821120145093, 0.11279310191501317, 0.2971796540968158], [0.15535868057755817, 0.27969504495436937, 0.2669158519395858, 0.2980304225284867], [0.3006927421089596, 0.3192471979131285, 0.11703173552455332, 0.2630283244533589], [0.28170864984119554, 0.25734717978234756, 0.22816001874099928, 0.23278415163545746], [0.2916748494840096, 0.2682674080546536, 0.10112496453160569, 0.338932777929731], [0.1248425997044943, 0.31839987798140307, 0.23620988690449213, 0.32054763540961045], [0.18415434011964804, 0.32529856424765613, 0.20351536386548902, 0.28703173176720675], [0.3108707302004998, 0.21633364714782918, 0.22256890273440602, 0.25022671991726486], [0.3133913051397331, 0.30216348097766743, 0.062479839619586475, 0.3219653742630129], [0.2195249767422311, 0.31252521429686786, 0.1997279795074274, 0.2682218294534734], [0.22650568438035446, 0.31711776597071095, 0.15063238419212374, 0.305744165456811], [0.29760478184459427, 0.31858043097056954, 0.09825210258727814, 0.285562684597558], [0.2560940214008206, 0.30794032570776275, 0.13798119960991942, 0.29798445328149714], [0.25082433420265254, 0.3245194372356304, 0.15314364150644455, 0.27151258705527265], [0.28743556912785534, 0.2966455645788631, 0.10450577276026157, 0.3114130935330199], [0.19996452021170333, 0.2652745045247188, 0.2440764145466378, 0.2906845607169401], [0.23181011551350764, 0.31858288677339386, 0.15251880948372823, 0.2970881882293704], [0.24789138280580275, 0.2993343397240763, 0.15768856344063928, 0.2950857140294819], [0.21024811261537132, 0.32882873769268756, 0.14427297704806197, 0.3166501726438794], [0.25109662222664264, 0.3236247840748198, 0.1335946179626297, 0.2916839757359081], [0.3239323642526739, 0.3352499474193213, 0.04642962709420859, 0.2943880612337961], [0.18461793391859574, 0.32961443614854946, 0.24624642450406983, 0.23952120542878502], [0.31025158506794603, 0.2904063455423288, 0.09560688545989761, 0.3037351839298276], [0.15120606986567486, 0.27155900531974847, 0.35769010509646765, 0.21954481971810896], [0.15124583940653394, 0.3218946118890925, 0.22733044497610047, 0.2995291037282728], [0.2425626159152625, 0.2993373860943416, 0.16429683759327224, 0.29380316039712406], [0.2836104772207484, 0.3157297398475588, 0.09617025996440004, 0.30448952296729254], [0.14859036060543482, 0.30712977489059595, 0.24629768948669054, 0.2979821750172789], [0.13247413627055005, 0.32969914058923866, 0.24928204030483464, 0.28854468283537643], [0.18233928744818426, 0.3210644405381241, 0.2470429774097181, 0.24955329460397357], [0.2548684256199888, 0.24976112668874292, 0.22001294671121527, 0.27535750098005257], [0.15931733875179444, 0.3845810689500318, 0.16368857147117988, 0.29241302082699394], [0.22116897159708235, 0.30393793271208447, 0.176912113095992, 0.2979809825948413], [0.24901218702145472, 0.290398134836266, 0.15343759969988352, 0.3071520784423958], [0.197963500297451, 0.3175533761699281, 0.14733502181383823, 0.33714810171878257], [0.36384608875830143, 0.2917075705423795, 0.035675605354413144, 0.308770735344906], [0.22606126658051826, 0.3292880822935261, 0.14020070166609366, 0.3044499494598622], [0.23937902911445424, 0.32042369935683335, 0.16141917691110969, 0.2787780946176025], [0.18538793916795923, 0.33520736274285173, 0.18641714658701508, 0.29298755150217404], [0.283559205264246, 0.33441764724247447, 0.03881777683061092, 0.3432053706626688], [0.12074279201531446, 0.2969083760800412, 0.3160985479399431, 0.2662502839647012], [0.40497459130698943, 0.23950917166202962, 0.06577636163204383, 0.28973987539893736], [0.3038805978438474, 0.28850574884143493, 0.07261360005093893, 0.33500005326377835], [0.2791856474365522, 0.290700858419181, 0.1207273131113557, 0.3093861810329113], [0.14644179268102597, 0.3354761196193866, 0.2587491257260276, 0.2593329619735599], [0.2593895168363255, 0.34392951064415256, 0.11080187613972145, 0.28587909637980097], [0.2078415838510857, 0.29370100739130894, 0.27617716107889445, 0.22228024767871102], [0.25893254024123663, 0.2760464741465695, 0.17976234786152698, 0.28525863775066707], [0.24679036465208046, 0.29951075783684356, 0.1504109463712956, 0.30328793113978025], [0.25283900947863097, 0.3529440575793059, 0.0843546450014558, 0.3098622879406069], [0.258959132674999, 0.3387636688241156, 0.0659072041490333, 0.3363699943518522], [0.3395606756132763, 0.27826617867821335, 0.08980142183177157, 0.29237172387673904], [0.15680849526060836, 0.2936544247710555, 0.29857301061580876, 0.2509640693525271], [0.13004642854591192, 0.3475889821731666, 0.22118520352756535, 0.30117938575335634], [0.32705603723130966, 0.29031010213770997, 0.08397362591024779, 0.29866023472073244], [0.30288470085770774, 0.2812106419261515, 0.12314977114619727, 0.29275488606994354], [0.2746200137146518, 0.28578527838343126, 0.16601349285850517, 0.27358121504341193], [0.30480575152611583, 0.29936944517408365, 0.1393337925049315, 0.25649101079486886], [0.35796090960308996, 0.249557256110293, 0.11678834177442575, 0.27569349251219144], [0.31103722087444036, 0.2850367703750896, 0.13056761971144157, 0.27335838903902815], [0.17526630359328582, 0.34200603913031075, 0.15788646529569, 0.32484119198071343], [0.2476732013514551, 0.3115161278099968, 0.1120571388327605, 0.3287535320057875], [0.16670169553719552, 0.3057781108746597, 0.25875595457812023, 0.2687642390100242], [0.19630850244876358, 0.26601136208028736, 0.26482292790206696, 0.272857207568882], [0.27174134764182684, 0.2955006621225257, 0.17370977931926154, 0.2590482109163859], [0.11851765125690206, 0.32123687130517725, 0.2847045880974687, 0.27554088934045207], [0.3005646471329589, 0.29294066749756903, 0.18211696590621948, 0.22437771946325274], [0.2233881511698525, 0.30263456191946114, 0.25047937821565175, 0.2234979086950347], [0.41329878709293333, 0.23380635063032956, 0.11503691892739862, 0.2378579433493385], [0.20172509248264325, 0.3205778861109931, 0.211595470612154, 0.2661015507942099], [0.16510432259917973, 0.2920328788213496, 0.2793244121196383, 0.2635383864598323], [0.2921196431785325, 0.33515766020714194, 0.07819316870231845, 0.2945295279120072], [0.2857914677967382, 0.3043816818271657, 0.11469808632345606, 0.2951287640526401], [0.3029761308352589, 0.2398758080806926, 0.1749727108101975, 0.2821753502738509], [0.17898471525738804, 0.3424101057940988, 0.16703932636783408, 0.31156585258067904], [0.23497272407270361, 0.2541225794585969, 0.27652255482688004, 0.23438214164181925], [0.3171886906602602, 0.27050750776597193, 0.13741333138395223, 0.2748904701898157], [0.12221254185608214, 0.2405518702027519, 0.4466599110103601, 0.190575676930806], [0.2518830205685702, 0.30117486178852454, 0.16709369501515062, 0.27984842262775456], [0.3081750296094541, 0.24496299656916798, 0.1817347579626068, 0.2651272158587711], [0.25512975444452685, 0.3295845397891851, 0.13529381257828138, 0.27999189318800666], [0.16041079623547172, 0.33414632828169055, 0.24454350853542717, 0.2608993669474106], [0.26213200384972196, 0.3084982970917621, 0.19259024124242566, 0.23677945781608972], [0.21579153857656078, 0.34790023733622655, 0.12755986624231158, 0.30874835784490107], [0.2102057370755929, 0.3425449294212482, 0.18832740316802546, 0.25892193033513344], [0.23464709576600667, 0.3224151573301809, 0.17826303475046992, 0.2646747121533426], [0.19825975267796167, 0.30656528847441245, 0.19490638523606477, 0.3002685736115611], [0.2048486411543126, 0.3237350118032554, 0.1734322907182071, 0.29798405632422503], [0.2448464627689877, 0.28958932780979457, 0.17864240550674312, 0.28692180391447447], [0.27126688440112673, 0.3037009272823038, 0.1145793754422844, 0.3104528128742853], [0.2681762885500669, 0.30692246652311617, 0.1048209426979146, 0.32008030222890255], [0.18883590757363167, 0.29275197158551575, 0.23872086217984775, 0.27969125866100514], [0.18730902502682006, 0.3134236930951862, 0.2668501849135539, 0.23241709696444005], [0.29133342467894296, 0.3066949275270018, 0.09896257860059225, 0.3030090691934631], [0.24331437612500856, 0.271961367435317, 0.1843518412907023, 0.300372415148972], [0.13147682319082218, 0.2653433166324494, 0.31641643311609247, 0.2867634270606359], [0.26834807943862404, 0.2984049090211543, 0.15470115474104706, 0.27854585679917454], [0.27594050348032506, 0.2998415269136724, 0.12345926267649197, 0.3007587069295106], [0.14369935118350022, 0.35396149636853, 0.20302932941032115, 0.2993098230376485], [0.2941229429625575, 0.3150542443167755, 0.11603519570161104, 0.2747876170190564], [0.25622000112292775, 0.2809925929320231, 0.17508164364769424, 0.28770576229735506], [0.2853966641788567, 0.31125776280550044, 0.09579586017204648, 0.30754971284359667], [0.23341171069857497, 0.29606302234269644, 0.20131793641226253, 0.2692073305464661], [0.16053957694269927, 0.34882269356858814, 0.15439239761754323, 0.3362453318711693], [0.16051526247304673, 0.31329036378086944, 0.2898918305417509, 0.2363025432043328], [0.2052021673502524, 0.30439926642572024, 0.169321311780753, 0.32107725444327456], [0.18738432910494285, 0.30958046035872516, 0.23041255522778856, 0.27262265530854335], [0.314045651938607, 0.3279985574314701, 0.04313227171385272, 0.31482351891607024], [0.27716396432630414, 0.28240407760823705, 0.19913027063293026, 0.2413016874325287], [0.20191247665255527, 0.3028941835005737, 0.18860688189165425, 0.30658645795521694], [0.2551583149944019, 0.36450819932302764, 0.04291414461451248, 0.33741934106805793], [0.2766276965907575, 0.29185646215899125, 0.151399865840192, 0.28011597541005934], [0.22410792818753322, 0.31230596372505787, 0.1596260557181604, 0.3039600523692489], [0.23839682756018846, 0.19477508552934034, 0.3910756981013551, 0.17575238880911634], [0.1791972285326184, 0.3519001096760857, 0.15572525612328844, 0.3131774056680074], [0.19053320268031412, 0.27071627157158945, 0.2764440695993489, 0.2623064561487474], [0.185047979400462, 0.3179313740807904, 0.1631961517746041, 0.3338244947441438]]}, "rewritten": {"ids": ["97107920", "97111790", "97113900", "97116800", "97118210", "98106560", "98107010", "98108150", "98109230", "98110230", "98110680", "98111860", "98112300", "98120530", "98121790", "99105921", "99107500", "99107950", "99108330", "99117740", "99120010", "100108080", "100109311", "100109330", "100111270", "100111380", "100111620", "100116790", "100120010", "101108290", "101108460", "101108621", "101109000", "101111140", "101111620", "101117580", "101119030", "101119591", "102109850", "102110850", "102110890", "102112030", "102118380", "103109791", "103110050", "103111110", "103111170", "103111540", "103111620", "103112641", "103118110", "103120340", "104111380", "104111550", "104111711", "104111780", "104113210", "104114230", "104116800", "104118070", "104118340", "104119290", "105110091", "105111990", "105114220", "105115680", "105116090", "105118171", "105121190", "106113260", "106113830", "106114880", "106115120", "106116441", "106116640", "106118161", "106119580", "106119990", "107113840", "107114321", "107114621", "107116340", "107118490", "107121700", "108113700", "108114040", "108114670", "108117451", "108118520", "108120621", "108121160", "108121351", "109115070", "109115211", "109118231", "109119340", "109120540", "109121410", "110114561", "110114610", "110115120", "110115140", "110115890", "110117080", "110117140", "110117500", "110118121", "110118161", "110118880", "110120560", "111114171", "111115400", "111115910", "111116010", "111116040", "111116090", "111116290", "111116750", "111117200", "111117480", "111119250", "111120540", "112116501", "112117580", "112118550", "112118820", "112120630", "112121010", "112121351", "112121410", "113117630", "113118620", "113118820", "113119480", "113119950", "113120070", "113120601", "113121010", "113121980", "113122120", "113122160", "113122220"], "labels": [0, 2, 2, 0, 2, 1, 3, 0, 1, 3, 2, 0, 2, 1, 2, 1, 0, 1, 1, 2, 2, 0, 1, 0, 2, 3, 3, 2, 0, 0, 0, 0, 1, 2, 3, 3, 3, 0, 1, 3, 0, 2, 1, 3, 3, 3, 2, 1, 0, 3, 2, 1, 3, 1, 1, 3, 3, 2, 1, 2, 2, 1, 0, 2, 3, 2, 1, 3, 2, 3, 1, 0, 1, 0, 3, 3, 3, 0, 3, 0, 0, 3, 2, 3, 0, 0, 3, 2, 0, 1, 2, 3, 0, 0, 1, 3, 1, 0, 0, 1, 0, 0, 2, 1, 3, 1, 3, 0, 0, 0, 3, 0, 2, 1, 0, 3, 2, 3, 0, 1, 1, 1, 3, 0, 3, 0, 3, 2, 0, 0, 0, 3, 0, 3, 0, 2, 2, 2, 2, 1, 3, 1], "predicted_labels": [0, 0, 1, 0, 0, 1, 0, 1, 1, 1, 1, 1, 1, 1, 3, 1, 1, 1, 0, 0, 0, 0, 0, 0, 1, 0, 1, 1, 0, 0, 0, 1, 1, 1, 1, 1, 1, 0, 1, 1, 0, 0, 1, 0, 1, 0, 0, 0, 0, 1, 1, 1, 0, 1, 1, 1, 0, 1, 1, 1, 0, 0, 1, 1, 1, 1, 0, 1, 1, 1, 0, 1, 3, 1, 0, 0, 1, 0, 1, 1, 0, 0, 1, 1, 1, 1, 1, 1, 0, 1, 1, 0, 0, 1, 1, 0, 0, 1, 1, 1, 0, 0, 0, 3, 1, 0, 1, 1, 3, 1, 0, 1, 1, 1, 3, 3, 1, 0, 0, 0, 0, 0, 0, 1, 1, 0, 0, 1, 0, 1, 0, 0, 1, 1, 0, 1, 1, 1, 3, 0, 1, 0], "confidence_scores": [[0.389301359110701, 0.26546583044955535, 0.05707574492593982, 0.2881570655138041], [0.30920019572616647, 0.32023312557346717, 0.060181330068889094, 0.31038534863147743], [0.2753911393831838, 0.3118025639991133, 0.15860634637211365, 0.2541999502455893], [0.31463278548036705, 0.30428274412039874, 0.0793410174373304, 0.30174345296190386], [0.32899654300253384, 0.26326622402477134, 0.12275367008893014, 0.28498356288376464], [0.2778730112043396, 0.29815666667916163, 0.19072051249477892, 0.23324980962171973], [0.30846345078236886, 0.32272235540053984, 0.062357884670690596, 0.3064563091464005], [0.2970155773987315, 0.32944492945160736, 0.09962964451284903, 0.2739098486368121], [0.21075717441355107, 0.2993052742731421, 0.24606891938022654, 0.24386863193308025], [0.2628898604638776, 0.3363693535962703, 0.10965379408486456, 0.29108699185498715], [0.24673501552388163, 0.3022113793122711, 0.23951882854217602, 0.2115347766216711], [0.257818818189244, 0.32852865092072364, 0.12647714168778634, 0.28717538920224595], [0.2645516039413659, 0.3160167170427919, 0.1336870503949695, 0.28574462862087296], [0.2791786116480423, 0.3235358152113201, 0.111433956790542, 0.2858516163500952], [0.26924007876775574, 0.2610785558383284, 0.204104805784137, 0.2655765596097789], [0.29473248883972236, 0.33757275232058415, 0.08890104895647465, 0.2787937098832188], [0.26472945918508684, 0.3333062168970503, 0.08801948144140957, 0.31394484247645327], [0.23573821359423971, 0.3361714131509125, 0.16109872444432832, 0.26699164881051934], [0.31560131589190976, 0.3104969076540686, 0.10962609911589777, 0.2642756773381237], [0.370403201210803, 0.27823445275648034, 0.06847035179409741, 0.2828919942386194], [0.3974764325149345, 0.2696402969898679, 0.09606450004602346, 0.23681877044917385], [0.3761873124700626, 0.29247594992879894, 0.04563852992441044, 0.28569820767672804], [0.33119617569566917, 0.29379145417316904, 0.10719874021045307, 0.2678136299207091], [0.347266619435755, 0.29447897089958686, 0.05384170750406592, 0.3044127021605924], [0.24217863980867635, 0.3397196774963383, 0.16037653345835673, 0.2577251492366285], [0.44751683727867175, 0.2732786622497291, 0.03172402283232332, 0.24748047763927586], [0.2418171293409331, 0.3375320129719349, 0.1268790631619808, 0.29377179452515134], [0.26847702999818285, 0.3282361542123894, 0.14654422265451922, 0.25674259313490855], [0.308236722737976, 0.29473886711544645, 0.1345218713988966, 0.26250253874768126], [0.3153862105911614, 0.3148968785376593, 0.09095928934880206, 0.27875762152237715], [0.3073238914447408, 0.31670836607353225, 0.07062186456265196, 0.30534587791907475], [0.28544919109479144, 0.34243319159947094, 0.05134811884123661, 0.32076949846450103], [0.25901023053664113, 0.3623207878996699, 0.04977135329789198, 0.32889762826579694], [0.28180821256555966, 0.3275137502372612, 0.10077531799650619, 0.2899027192006731], [0.29071889321461153, 0.3360655589329593, 0.07012340516474903, 0.3030921426876801], [0.2634988569219842, 0.3489956960427688, 0.08745523598204794, 0.3000502110531989], [0.2923323472820584, 0.3336836468289906, 0.09522964950488669, 0.2787543563840641], [0.3611984358542598, 0.3081246983352112, 0.04403252612271167, 0.2866443396878171], [0.2748700412183062, 0.2954178829688227, 0.15811100735053818, 0.27160106846233284], [0.26450550300126463, 0.35300707593894753, 0.08642993385518108, 0.2960574872046065], [0.317353145877445, 0.2858471719969593, 0.11334131126792295, 0.28345837085767267], [0.27643361579474723, 0.27838270633033235, 0.19193447231582025, 0.2532492055591], [0.21300410767290964, 0.3241399767545339, 0.2345705975762129, 0.2282853179963435], [0.329399489188076, 0.30749762758992, 0.0890412341087489, 0.27406164911325465], [0.27547300260099516, 0.30454017325521504, 0.14784080335419983, 0.27214602078959005], [0.3574329368269069, 0.2967610507348654, 0.07635108692443425, 0.2694549255137929], [0.37133694873048156, 0.28253452574697696, 0.0948053606506897, 0.2513231648718518], [0.34492010759747804, 0.29026353765553203, 0.1519926743617654, 0.21282368038522437], [0.3369142132175292, 0.31307939785029704, 0.09052928953369237, 0.25947709939848146], [0.23105133336123793, 0.3561683885887538, 0.13599885090697006, 0.2767814271430378], [0.260704593865867, 0.30620608192568255, 0.17790289454841401, 0.25518642966003624], [0.29299581613857123, 0.3099724550246879, 0.15346928515623687, 0.24356244368050395], [0.3414001091044434, 0.30921219478353346, 0.09411353574779723, 0.25527416036422634], [0.28344339430753773, 0.32103167923245796, 0.1493514582569206, 0.24617346820308356], [0.2521098669409547, 0.3461182983013726, 0.1145093359634257, 0.28726249879424703], [0.2969097069758074, 0.35210995098844455, 0.05121666408244319, 0.2997636779533048], [0.3778477755653629, 0.2622931202080937, 0.12840102322844751, 0.23145808099809576], [0.29266112045922, 0.34086296082263673, 0.07906696083467289, 0.2874089578834704], [0.27261138248626654, 0.35200187741305433, 0.07987222177488323, 0.295514518325796], [0.20284320116950086, 0.33662861655153725, 0.1575255107069636, 0.3030026715719982], [0.34400808853338305, 0.3050898283198054, 0.12381340661473253, 0.22708867653207893], [0.32740804754317737, 0.3029853855206039, 0.11142328668805972, 0.2581832802481588], [0.3002938732251189, 0.325290838162105, 0.09776096088592921, 0.27665432772684656], [0.2798408495177139, 0.33013103354010626, 0.1468645423215383, 0.2431635746206418], [0.28701810168368713, 0.3375071741414807, 0.08217801826552394, 0.29329670590930823], [0.28990100626226994, 0.3251999184444749, 0.09947210511434185, 0.2854269701789134], [0.34006342121620886, 0.314322973099125, 0.052496431877597664, 0.2931171738070685], [0.3126284243336935, 0.3384602172989659, 0.043234004332935234, 0.3056773540344053], [0.30732999013579393, 0.3168349910151217, 0.14523738610440512, 0.23059763274467973], [0.2925241499955486, 0.3178751874646061, 0.12935608919098615, 0.26024457334885903], [0.3428000891851965, 0.3239749303615898, 0.0475568077314941, 0.28566817272171935], [0.26024297585357276, 0.33934716408607535, 0.1226812365652757, 0.27772862349507643], [0.2778584598254494, 0.3339664995949872, 0.05381160614237146, 0.3343634344371919], [0.3137981096381337, 0.32003190522084723, 0.07943959920255417, 0.2867303859384647], [0.3551817260473584, 0.3061294887677052, 0.03617618162255946, 0.3025126035623771], [0.36753304275925025, 0.3083881259862927, 0.06564329188665591, 0.25843553936780145], [0.22750926482859749, 0.32297399912872116, 0.18909745376171472, 0.26041928228096634], [0.38437270515607663, 0.2950636327986577, 0.04059523356190929, 0.27996842848335646], [0.27972644164659505, 0.34564892590195034, 0.07662016733474647, 0.2980044651167082], [0.3475432699932122, 0.33895403346080466, 0.029145368560551242, 0.2843573279854319], [0.42033015546903946, 0.2634462582156918, 0.029223519789540124, 0.2870000665257287], [0.3437885553373522, 0.3131228502091222, 0.05118998322397901, 0.2918986112295468], [0.2728675130272796, 0.34302364725441464, 0.10390858813578799, 0.28020025158251793], [0.24355148174412214, 0.33516773270379735, 0.17652825935736535, 0.2447525261947152], [0.30431275851563355, 0.3137792087121188, 0.12066293525282482, 0.26124509751942276], [0.28586273362596704, 0.3169986317304329, 0.15190862066212474, 0.24523001398147534], [0.2969684030314729, 0.33800054547323655, 0.06864318416400905, 0.2963878673312817], [0.2788302075963404, 0.33834093507747487, 0.07570409657949399, 0.30712476074669043], [0.36851148478674284, 0.2701066085616218, 0.06705473611950619, 0.29432717053212915], [0.30337202593319895, 0.3231207252953119, 0.07714755962778101, 0.29635968914370814], [0.2793682306301947, 0.32547645045271645, 0.10228411831686463, 0.2928712006002244], [0.3368300291405772, 0.31868473994353397, 0.05240862472391076, 0.2920766061919779], [0.3960104212616173, 0.3096172474141338, 0.03889257063302202, 0.2554797606912269], [0.24887677501391647, 0.3556006720292095, 0.10031102708935014, 0.2952115258675243], [0.28783542924454125, 0.3509251864544157, 0.11613473617368407, 0.24510464812735908], [0.34630699938125514, 0.30004382936782176, 0.07155363797592254, 0.28209553327500064], [0.313455470804677, 0.3092935924761283, 0.10245010247283859, 0.274800834246356], [0.2798689175082125, 0.33636948317385196, 0.06635280899931949, 0.317408790318616], [0.3097170001208228, 0.3088084234922926, 0.12062134211714687, 0.26085323426973794], [0.2715440861279012, 0.34234079578177723, 0.08795418592633472, 0.29816093216398654], [0.3366879387409794, 0.300781330566049, 0.06458853152807834, 0.29794219916489323], [0.31642279872137785, 0.32092616722388034, 0.07126214829256833, 0.29138888576217364], [0.3156721007634065, 0.304572646192478, 0.09784806328414732, 0.2819071897599686], [0.28792223923687804, 0.330723442580301, 0.06117470280277539, 0.3201796153800454], [0.3062167838313783, 0.31996242376698913, 0.0792938593503482, 0.2945269330512841], [0.3533796540837046, 0.30771845262220404, 0.04725582131765021, 0.2916460719764409], [0.21939426401748918, 0.35075775556154243, 0.13801663132020203, 0.2918313491007662], [0.26494169107454846, 0.34050992427198745, 0.09015242278458414, 0.3043959618688799], [0.2919867361595536, 0.3415550663053609, 0.026212476474150835, 0.34024572106093465], [0.2727529632894461, 0.3010152114204649, 0.1809434053950712, 0.24528841989501807], [0.32378638338463184, 0.31517141551930455, 0.10169802137188473, 0.25934417972417884], [0.23514098873432715, 0.35026299444173886, 0.10843065323054993, 0.3061653635933839], [0.24324985719408534, 0.3563099783190992, 0.10416881276336488, 0.2962713517234509], [0.2452817777885451, 0.3262163233663712, 0.11788289716262129, 0.3106190016824624], [0.31753843008560656, 0.30853140541339985, 0.03571373097792175, 0.338216433523072], [0.2740722611019691, 0.32117100399044357, 0.09223000876091784, 0.3125267261466695], [0.2786576046599291, 0.3119159771708183, 0.1415241089357046, 0.2679023092335481], [0.3631738814897571, 0.2851760667967406, 0.055558496978655766, 0.2960915547348466], [0.37068258682911803, 0.2849489256615768, 0.03217567874411935, 0.3121928087651859], [0.34013192651098184, 0.31444885612195744, 0.07624120398916458, 0.2691780133778961], [0.3174658620521367, 0.2990269578546459, 0.07425895300825083, 0.30924822708496674], [0.36901046936814863, 0.2984414824494099, 0.07514813725831342, 0.2573999109241282], [0.3683297020202533, 0.3130560010685486, 0.03173089599556565, 0.28688340091563236], [0.2803387180569994, 0.33545852578943264, 0.07288609314952835, 0.31131666300403943], [0.28705595442835086, 0.32403099145261954, 0.12271896416445453, 0.26619408995457505], [0.3345851724636264, 0.2975352873839737, 0.08890969241538722, 0.27896984773701244], [0.31934171879088913, 0.31937501232008897, 0.06313988723605699, 0.2981433816529648], [0.2896960789185807, 0.32199631648823596, 0.12249269114551146, 0.2658149134476717], [0.3245468504487975, 0.2755373255610514, 0.1805137403825005, 0.21940208360765007], [0.2654748574438394, 0.32866339270090067, 0.09858580642902119, 0.30727594342623876], [0.33912608287834406, 0.30698218736976113, 0.08225317392338623, 0.27163855582850865], [0.32651933690283236, 0.3143447554082556, 0.06528185604400145, 0.2938540516449106], [0.32259387467368317, 0.3238567615185269, 0.0835279680661945, 0.2700213957415957], [0.2935635858687764, 0.34212671847382065, 0.08790308758812626, 0.27640660806927664], [0.3262369111292567, 0.3226849085946063, 0.04409300697261971, 0.30698517330351727], [0.2861952931842162, 0.3356621012027036, 0.09982315484401297, 0.2783194507690674], [0.2447044869721795, 0.33453690807151915, 0.12443694777617896, 0.2963216571801224], [0.26631063766209984, 0.34337628777420937, 0.07932805079267391, 0.31098502377101706], [0.26720419424418784, 0.34622301296362484, 0.044278648325183356, 0.34229414446700396], [0.34230135238167336, 0.3130496317973224, 0.08127699517854131, 0.2633720206424629], [0.2969904157756997, 0.3378168711316018, 0.06895735865483053, 0.29623535443786836], [0.30429192030206964, 0.30520183220379604, 0.1273570630736152, 0.2631491844205191]]}}