{"test": {"ids": ["112116401", "107121700", "113117630", "101111210", "110120700", "111121930", "109114270", "113120260", "103111480", "103110840", "101109370", "100108260", "113122160", "109118231", "113122180", "112118530", "108117360", "103113260", "107120010", "103113210", "107114780", "107117630", "99108580", "113119120", "99108000", "108121190", "102118380", "99108080", "104113170", "100111620", "111115620", "99109840", "105115570", "97116410", "103111930", "99111930", "105116501", "111120640", "104113190", "98117740", "110116300", "100108520", "108114220", "111114941", "110118111", "107118120", "111119150", "97107821", "101117580", "99108010", "100120780", "110115980", "105118171", "100116790", "106113260", "106116120", "107119130", "112120990", "103117200", "105121370", "106114880", "112120290", "112120640", "108118060", "105116441", "102113210", "97105760", "113120070", "111116170", "110116501", "97116790", "98106680", "101111620", "98120010", "97107260", "99108460", "111114171", "108118301", "103109791", "103110050", "107113170", "113120780", "110121450", "109117150", "99107660", "107115140", "110115580", "107116501", "112117210", "110117500", "102110500", "106113190", "103120531", "107113130", "97116500", "109115070", "110117870", "113120830", "110115140", "111118810", "111119950", "103113270", "106114321", "97109080", "101112690", "113119320", "105112130", "98111860", "109120540", "104113550", "106121190", "106120640", "102114270", "104113000", "113118421", "110118450", "112117780", "108118291", "106113830", "102109910", "111116411", "102112030", "111120591", "112116540", "100108990", "108118810", "99112840", "101111990", "108118630", "103112641", "108115570", "105115720", "108114200", "111117480", "98106880", "100109801", "100116500", "109117431", "107114280", "97109570", "110114920", "101108080"], "labels": [0, 3, 0, 2, 2, 1, 3, 3, 0, 1, 1, 3, 3, 1, 2, 1, 1, 3, 1, 3, 2, 0, 0, 3, 2, 1, 1, 3, 3, 3, 1, 2, 0, 3, 3, 1, 1, 0, 3, 2, 3, 2, 3, 0, 1, 3, 3, 2, 3, 2, 1, 1, 3, 2, 3, 1, 1, 2, 0, 2, 0, 1, 0, 1, 1, 3, 0, 2, 0, 3, 2, 1, 3, 2, 2, 0, 3, 1, 3, 3, 0, 0, 3, 2, 3, 0, 1, 1, 1, 1, 3, 0, 3, 1, 2, 0, 3, 3, 0, 0, 0, 2, 2, 2, 1, 1, 1, 0, 1, 1, 2, 3, 3, 1, 3, 0, 0, 3, 1, 2, 0, 2, 1, 1, 2, 1, 2, 2, 1, 3, 3, 1, 0, 1, 0, 0, 2, 1, 3, 0, 3, 0], "predicted_labels": [3, 3, 3, 0, 1, 0, 3, 1, 0, 3, 1, 0, 0, 1, 1, 1, 3, 1, 3, 3, 2, 1, 1, 1, 1, 1, 1, 0, 2, 1, 1, 3, 1, 3, 1, 1, 3, 1, 1, 3, 1, 1, 0, 1, 3, 1, 0, 1, 0, 3, 3, 1, 0, 3, 0, 1, 1, 1, 3, 2, 2, 3, 2, 0, 1, 3, 0, 1, 3, 1, 0, 2, 3, 1, 1, 3, 3, 0, 2, 3, 3, 3, 1, 0, 2, 0, 3, 0, 2, 0, 0, 3, 1, 2, 0, 2, 0, 1, 3, 1, 3, 2, 3, 1, 1, 1, 1, 3, 1, 0, 1, 1, 1, 0, 1, 1, 0, 1, 3, 3, 3, 1, 1, 3, 2, 3, 1, 1, 3, 3, 0, 3, 1, 2, 3, 1, 3, 2, 1, 3, 3, 0], "confidence_scores": [[0.20570884147520804, 0.21043077935280624, 0.1357015253253663, 0.4481588538466194], [0.23983735177552803, 0.23843018153215145, 0.17326791586203746, 0.34846455083028316], [0.1638940526772588, 0.17069894256735355, 0.3282885232664447, 0.337118481488943], [0.5123227267106032, 0.17279924022658077, 0.17899558541948812, 0.1358824476433281], [0.09782722117571598, 0.49984900042909736, 0.1681473365999644, 0.23417644179522235], [0.5381741437180744, 0.2338528534492114, 0.09765614579752574, 0.1303168570351887], [0.29944407456657507, 0.16666103422509773, 0.12746175379602626, 0.40643313741230097], [0.16554060551735006, 0.42631309391993294, 0.20361745321198402, 0.20452884735073304], [0.40271622724053613, 0.1727364073496778, 0.17456021541680308, 0.24998714999298294], [0.25473098610674827, 0.1752985780953464, 0.1904878118036928, 0.37948262399421256], [0.2807038206528627, 0.36583460546473745, 0.1761567656235357, 0.17730480825886413], [0.3324584898307307, 0.2318054496812844, 0.2712348198538176, 0.16450124063416738], [0.39765347148374325, 0.2478034279388388, 0.11522832640631576, 0.23931477417110222], [0.26895518337392593, 0.3012872560274044, 0.2348883368587728, 0.19486922373989682], [0.207354378904813, 0.4214297704474951, 0.14070415844944326, 0.23051169219824863], [0.21665228346009935, 0.4254594881573698, 0.16901300811111417, 0.1888752202714168], [0.20934041862597286, 0.2537786846548497, 0.2134254779300683, 0.3234554187891091], [0.2582771214868645, 0.4208470440077244, 0.09144881326647748, 0.22942702123893366], [0.1483631439459331, 0.2615926516672077, 0.23524155995482313, 0.35480264443203624], [0.24706390126646025, 0.2589452210268879, 0.09836051990215258, 0.39563035780449957], [0.15760719969555195, 0.185579742001939, 0.3924956231649107, 0.2643174351375985], [0.2552875809915902, 0.3431699242392716, 0.17139542633360874, 0.23014706843552937], [0.16773196073183885, 0.38885212566473704, 0.15882778027146882, 0.28458813333195515], [0.274034634053926, 0.3370983216257405, 0.1453776634563807, 0.24348938086395275], [0.12962014103540004, 0.4250357315103475, 0.1936163679934735, 0.25172775946077897], [0.2671448218978817, 0.29805355396168803, 0.15451969628418458, 0.2802819278562456], [0.1322578759866623, 0.5557173907118064, 0.16710415582971885, 0.14492057747181242], [0.4581789279003115, 0.18420079455124244, 0.11296754579270198, 0.2446527317557441], [0.13007340845519683, 0.20407262635566464, 0.44588303407744007, 0.2199709311116985], [0.16807112118134204, 0.34954546403573694, 0.3132288788069045, 0.1691545359760164], [0.24897041147397736, 0.35506541490381244, 0.1277918663917174, 0.26817230723049285], [0.21662450833690525, 0.2511209941511609, 0.20552644943469017, 0.3267280480772436], [0.18619321323464266, 0.4040473195685575, 0.13124678844483126, 0.2785126787519685], [0.22724658055664307, 0.2801580918523412, 0.20284672826594155, 0.28974859932507424], [0.18779555453186678, 0.4481651906985027, 0.14140935056071036, 0.2226299042089202], [0.11319419244726515, 0.5387152624063567, 0.19888179817253782, 0.14920874697384043], [0.2647161589790641, 0.2197971517782951, 0.09816604320684122, 0.4173206460357997], [0.20278598903536138, 0.28514691985663504, 0.27132251265845264, 0.24074457844955094], [0.18982056662542965, 0.4845793918832344, 0.0911546227154547, 0.23444541877588138], [0.24396998867170688, 0.20485731184742506, 0.1130912849905551, 0.4380814144903129], [0.22423097698271205, 0.4043714974988824, 0.14983329032996956, 0.22156423518843593], [0.17182367247359193, 0.32850154703780393, 0.17905969994168927, 0.32061508054691484], [0.3684576325966303, 0.18244468428283958, 0.11190023199590463, 0.33719745112462557], [0.21543763673512306, 0.3424142946124441, 0.26410456362661194, 0.17804350502582095], [0.26273706109924005, 0.2689017448894084, 0.18276697108239867, 0.28559422292895303], [0.1835996305589269, 0.3591561791086451, 0.1619245242270013, 0.29531966610542676], [0.3882877073181562, 0.26984604101042886, 0.12062884234248773, 0.2212374093289274], [0.204726704441777, 0.31991293310261915, 0.21512859212017, 0.26023177033543404], [0.4492617461534419, 0.24358559480127243, 0.10169794743835295, 0.20545471160693302], [0.18476954485968558, 0.2449095756655321, 0.10444318214573263, 0.4658776973290497], [0.28175892626311627, 0.27257120522320505, 0.13379391286300912, 0.3118759556506696], [0.22279727002606797, 0.31492673713862274, 0.1524453618395963, 0.3098306309957131], [0.3838359600699383, 0.2528640762912485, 0.12423755499730398, 0.23906240864150913], [0.3146558307164302, 0.1885771730348028, 0.15825456659873574, 0.33851242965003114], [0.29532308548723335, 0.26472901194681214, 0.23146221700949157, 0.20848568555646296], [0.15527203307845142, 0.37673523659516517, 0.2936517787402793, 0.17434095158610424], [0.17361399949300638, 0.5337800926318319, 0.1641546127162397, 0.12845129515892184], [0.19018692892515293, 0.482156660446096, 0.11318158331416452, 0.21447482731458656], [0.24375611521612112, 0.19468031079399395, 0.13894906736198034, 0.4226145066279047], [0.08880510620148445, 0.2758070394597895, 0.49287573934836343, 0.1425121149903626], [0.09699390451440931, 0.22039983387278814, 0.5005662987572199, 0.18203996285558277], [0.23731242937108402, 0.23826753757499083, 0.10429133369934199, 0.4201286993545832], [0.10857043651843178, 0.23530361020676702, 0.43143013082774995, 0.22469582244705125], [0.367082169267304, 0.17598192722585973, 0.2407899252572114, 0.2161459782496251], [0.17746762338639283, 0.43333275643454217, 0.13704376738767127, 0.25215585279139385], [0.22711680660735256, 0.2645969419495034, 0.0939570621680607, 0.4143291892750834], [0.3140897115080074, 0.22481650417936938, 0.2211756823082015, 0.2399181020044218], [0.19769513521668736, 0.3145544848049139, 0.2016791912592509, 0.28607118871914794], [0.14166704839517136, 0.28099636651073895, 0.1047200621363586, 0.4726165229577311], [0.3045522183240009, 0.3705902971091716, 0.096356709025144, 0.22850077554168355], [0.324712230815133, 0.2718106501574021, 0.22400173883399938, 0.1794753801934657], [0.0894962300039874, 0.24884530430478297, 0.5599817073670071, 0.10167675832422267], [0.11731657578705673, 0.2030348657000173, 0.29006803673524933, 0.3895805217776767], [0.11616480783670556, 0.47646605787938473, 0.146035457897285, 0.2613336763866247], [0.21003728504733749, 0.3326188609578187, 0.1987953205915258, 0.2585485334033182], [0.2591973721974775, 0.2858069202497611, 0.10139555476568958, 0.3536001527870718], [0.1395165968840216, 0.2379930208829725, 0.1591385418703191, 0.46335184036268684], [0.36777601927221054, 0.24351816337117757, 0.13224121024068203, 0.25646460711593], [0.11815626232771918, 0.11104927216826517, 0.4855925364227075, 0.2852019290813082], [0.20102006055491467, 0.21919243319803047, 0.24868915310832015, 0.3310983531387347], [0.16011736391789153, 0.24941018480026547, 0.16400302544134157, 0.42646942584050146], [0.28368472270804906, 0.21834245648517553, 0.1276279761945402, 0.3703448446122354], [0.16817883742011466, 0.4705338124631906, 0.1061363332935748, 0.25515101682312014], [0.3494469333734266, 0.3057236891065089, 0.10457617091902303, 0.24025320660104144], [0.1699674149737807, 0.15858459319491688, 0.3640814173933901, 0.3073665744379124], [0.7605333172620995, 0.07419874002106075, 0.05108799106229674, 0.11417995165454327], [0.23228684870843555, 0.2652518041530654, 0.19246961174400953, 0.30999173539448976], [0.32813513243718995, 0.2977776106027291, 0.15887336834467297, 0.21521388861540794], [0.19758933937524123, 0.30150978242155196, 0.3073176349799299, 0.19358324322327683], [0.35724018031909066, 0.2991181939281974, 0.13340423998746467, 0.21023738576524725], [0.3421853272595212, 0.2356544589212014, 0.12148590238075045, 0.3006743114385269], [0.22326252124843315, 0.3047755572743122, 0.15199730759033214, 0.31996461388692254], [0.13959327548973088, 0.3423346524287163, 0.30983086696008255, 0.20824120512147012], [0.15913641184818228, 0.2576715095083221, 0.3707575746693547, 0.21243450397414088], [0.3314112196095117, 0.2615617113487321, 0.23405251284504933, 0.17297455619670693], [0.1663999872369299, 0.2604154491935655, 0.4550173858131553, 0.11816717775634929], [0.40804585824903367, 0.2323735165007542, 0.0922788929885198, 0.26730173226169257], [0.20220432784876094, 0.34306276089960686, 0.21895193411422828, 0.2357809771374039], [0.17726586395554514, 0.1956276391636416, 0.09712181068192421, 0.5299846861988889], [0.26108680090437975, 0.4196885998298764, 0.11802172993132956, 0.20120286933441428], [0.16256754333104853, 0.27548179206179446, 0.16202057788415813, 0.3999300867229988], [0.17376139188895068, 0.211710583508951, 0.31845033674044004, 0.29607768786165833], [0.1682504826919735, 0.2493396199019353, 0.20211436034838842, 0.38029553705770286], [0.23745986517290468, 0.4523677761845561, 0.09755483757072184, 0.2126175210718173], [0.2344402808961342, 0.34251403592983626, 0.16514792011976212, 0.2578977630542675], [0.21482981639762141, 0.33857921373865363, 0.11592765889059249, 0.33066331097313256], [0.1755713313165176, 0.3997743680174349, 0.2091008569847753, 0.2155534436812724], [0.21116447103199934, 0.299258736322978, 0.14860194910272054, 0.340974843542302], [0.15686486553856807, 0.5849042647791899, 0.08864363584495817, 0.16958723383728402], [0.34383235477422897, 0.2943345000924335, 0.1088060357514959, 0.25302710938184153], [0.17530205096156581, 0.38168937895632277, 0.15468692067436934, 0.28832164940774196], [0.1990750556219255, 0.4285145985978896, 0.08971352742073878, 0.28269681835944604], [0.33212172655982114, 0.39844369621904585, 0.11743601053761953, 0.15199856668351336], [0.5273763641765808, 0.13527515974834672, 0.0878873300857322, 0.24946114598934016], [0.25938459227024063, 0.37507626955222045, 0.1493479138732828, 0.21619122430425605], [0.2563338117394311, 0.29765041315169943, 0.19479190387200238, 0.25122387123686707], [0.5220429007280656, 0.22963462534734247, 0.10782432756376689, 0.14049814636082497], [0.1613949654214421, 0.43500840199486535, 0.18575345612053593, 0.21784317646315662], [0.16703415723836484, 0.23210905149871772, 0.16238306850662135, 0.43847372275629626], [0.24920451104300181, 0.13032545464757836, 0.12086853543112312, 0.4996014988782969], [0.1935604549044955, 0.2749207437178052, 0.16334274804985316, 0.36817605332784614], [0.27267860799550603, 0.3941163413224328, 0.19747903385835136, 0.13572601682370983], [0.2835236493693872, 0.3676283398885705, 0.06538911376280168, 0.2834588969792406], [0.3137309869708412, 0.18967967121492246, 0.17974709562716884, 0.3168422461870677], [0.2201713694257117, 0.22569156637363327, 0.3334347655511972, 0.2207022986494578], [0.23112225674392653, 0.20457635642267913, 0.2489206980842898, 0.31538068874910474], [0.23139059417277283, 0.32665546106926907, 0.12312157302182884, 0.3188323717361291], [0.21130358855484696, 0.406913133033886, 0.11469684614235384, 0.26708643226891327], [0.21070134005040103, 0.29355538358640804, 0.14188548630222536, 0.35385779006096574], [0.24923730981222203, 0.23633828133911539, 0.11678835110788287, 0.3976360577407798], [0.39460788543511194, 0.24975991077166368, 0.12688102065688212, 0.22875118313634235], [0.08851604092328728, 0.23857583556218917, 0.0768051284908556, 0.5961029950236679], [0.20960391521571126, 0.45411335612340736, 0.16815816896874866, 0.1681245596921327], [0.15685452232682104, 0.24452430101089498, 0.3683747533541717, 0.23024642330811243], [0.20174913235587907, 0.2950516832347086, 0.1430846201502551, 0.36011456425915744], [0.34316201805131447, 0.4110003957034994, 0.0878493127291888, 0.15798827351599753], [0.18606312676351286, 0.2913741646341477, 0.1869557360029184, 0.33560697259942124], [0.20755113260743963, 0.26572606491825923, 0.30532874437720314, 0.221394058097098], [0.16979723318568588, 0.427478696029236, 0.2682369703719279, 0.13448710041315035], [0.23899803516251256, 0.2774235955808117, 0.18479249100364936, 0.29878587825302644], [0.16991915713999056, 0.2569957779713753, 0.26069423318451745, 0.31239083170411686], [0.3258478725639277, 0.2899693542572247, 0.1538671706533967, 0.23031560252545108]]}, "rewritten": {"ids": ["97105760", "97107260", "97107821", "97109080", "97109570", "97116410", "97116500", "97116790", "98106680", "98106880", "98111860", "98117740", "98120010", "99107660", "99108000", "99108010", "99108080", "99108460", "99108580", "99109840", "99111930", "99112840", "100108260", "100108520", "100108990", "100109801", "100111620", "100116500", "100116790", "100120780", "101108080", "101109370", "101111210", "101111620", "101111990", "101112690", "101117580", "102109910", "102110500", "102112030", "102113210", "102114270", "102118380", "103109791", "103110050", "103110840", "103111480", "103111930", "103112641", "103113210", "103113260", "103113270", "103117200", "103120531", "104113000", "104113170", "104113190", "104113550", "105112130", "105115570", "105115720", "105116441", "105116501", "105118171", "105121370", "106113190", "106113260", "106113830", "106114321", "106114880", "106116120", "106120640", "106121190", "107113130", "107113170", "107114280", "107114780", "107115140", "107116501", "107117630", "107118120", "107119130", "107120010", "107121700", "108114200", "108114220", "108115570", "108117360", "108118060", "108118291", "108118301", "108118630", "108118810", "108121190", "109114270", "109115070", "109117150", "109117431", "109118231", "109120540", "110114920", "110115140", "110115580", "110115980", "110116300", "110116501", "110117500", "110117870", "110118111", "110118450", "110120700", "110121450", "111114171", "111114941", "111115620", "111116170", "111116411", "111117480", "111118810", "111119150", "111119950", "111120591", "111120640", "111121930", "112116401", "112116540", "112117210", "112117780", "112118530", "112120290", "112120640", "112120990", "113117630", "113118421", "113119120", "113119320", "113120070", "113120260", "113120780", "113120830", "113122160", "113122180"], "labels": [0, 2, 2, 2, 0, 3, 2, 2, 1, 0, 0, 2, 2, 3, 2, 2, 3, 0, 0, 2, 1, 2, 3, 2, 2, 0, 3, 2, 2, 1, 0, 1, 2, 3, 2, 1, 3, 2, 3, 2, 3, 3, 1, 3, 3, 1, 0, 3, 3, 3, 3, 2, 0, 3, 1, 3, 3, 1, 1, 0, 1, 1, 1, 3, 2, 0, 3, 1, 2, 0, 1, 3, 2, 1, 0, 3, 2, 0, 1, 0, 3, 1, 1, 3, 0, 3, 3, 1, 1, 3, 1, 1, 1, 1, 3, 0, 2, 1, 1, 1, 3, 0, 1, 1, 3, 3, 1, 3, 1, 0, 2, 3, 3, 0, 1, 0, 0, 1, 0, 3, 0, 1, 0, 1, 0, 1, 1, 0, 1, 1, 0, 2, 0, 3, 3, 1, 2, 3, 0, 3, 3, 2], "predicted_labels": [0, 3, 1, 1, 0, 1, 2, 3, 1, 3, 2, 1, 1, 0, 3, 3, 3, 0, 1, 0, 1, 0, 0, 0, 1, 1, 1, 2, 0, 3, 0, 1, 2, 1, 3, 3, 3, 3, 1, 1, 0, 0, 1, 0, 1, 0, 0, 1, 1, 1, 1, 3, 3, 3, 3, 2, 1, 0, 2, 1, 1, 3, 3, 0, 1, 3, 1, 0, 2, 0, 2, 1, 1, 3, 0, 1, 1, 0, 0, 1, 3, 1, 1, 3, 0, 2, 3, 2, 1, 0, 3, 3, 3, 1, 0, 1, 0, 0, 2, 1, 1, 3, 1, 0, 1, 3, 1, 3, 1, 1, 3, 1, 1, 1, 0, 3, 0, 3, 3, 0, 3, 3, 1, 1, 0, 3, 1, 0, 1, 3, 1, 0, 3, 1, 3, 1, 0, 3, 0, 1, 0, 1], "confidence_scores": [[0.33411105367383176, 0.2734750714588472, 0.16150217235793046, 0.2309117025093908], [0.1807910271867654, 0.30533794105594114, 0.15687979575511118, 0.3569912360021824], [0.31802250993402925, 0.33566856284203667, 0.13022540005332894, 0.21608352717060506], [0.14723728021063054, 0.4518160131322663, 0.16388949518807655, 0.23705721146902647], [0.40440981127999226, 0.18497377216921032, 0.19807711522946234, 0.21253930132133503], [0.29547721267625143, 0.4314204840457282, 0.14556406102808372, 0.12753824224993676], [0.27121385799390246, 0.18986903623923285, 0.40183655812080243, 0.13708054764606237], [0.28218607794120365, 0.2424544969900817, 0.14587931340818586, 0.32948011166052865], [0.30295305241939186, 0.4263490848794535, 0.10751132494401076, 0.16318653775714395], [0.14590644175593073, 0.3530184123064183, 0.11884610312984681, 0.38222904280780434], [0.14312559476874614, 0.3285843775586649, 0.3304673120593907, 0.19782271561319806], [0.2906714006666455, 0.3206390565475291, 0.08093536970040513, 0.30775417308542014], [0.22168399827865998, 0.35483738382300667, 0.2249514923270499, 0.19852712557128335], [0.36607707074634754, 0.15441880970482888, 0.14957942709205288, 0.32992469245677075], [0.21666454107428218, 0.23360359472886172, 0.11736633130412748, 0.43236553289272867], [0.28090541382560735, 0.25810259861490376, 0.10899263495575612, 0.351999352603733], [0.2702209981478486, 0.2713740526442339, 0.10716271571432089, 0.35124223349359657], [0.34562166536003913, 0.24458050982898613, 0.10362188617216023, 0.3061759386388144], [0.1683862338974916, 0.41264633835363973, 0.1212074831010527, 0.297759944647816], [0.38589836405917843, 0.25631735954379126, 0.10938224505635288, 0.24840203134067748], [0.1863659587310456, 0.47295804548458864, 0.13486193555630133, 0.2058140602280644], [0.36049161391532314, 0.2588731435508477, 0.10699741202276422, 0.27363783051106505], [0.5066664942679814, 0.1992510489563033, 0.10507608939439803, 0.18900636738131735], [0.3198686794676104, 0.15731038388709115, 0.23120303261987923, 0.2916179040254193], [0.15033099931480587, 0.6412140244241471, 0.10108638239401276, 0.10736859386703441], [0.20848934719962395, 0.3683850626808165, 0.25250384722062247, 0.1706217428989372], [0.1685495063102604, 0.41187180060275763, 0.1583130135393628, 0.26126567954761926], [0.17255279135888774, 0.23918927913097943, 0.40241432806682564, 0.1858436014433073], [0.3710462350580453, 0.31637490132915724, 0.1268619994590286, 0.18571686415376887], [0.228440041773185, 0.3143680247044405, 0.1005432558704285, 0.3566486776519462], [0.35951844739676914, 0.27851780214025673, 0.1493776555865027, 0.2125860948764715], [0.1675843396783991, 0.411045855914898, 0.1776602390425821, 0.24370956536412078], [0.1501169953589543, 0.25606360282915447, 0.49641532442549696, 0.09740407738639409], [0.20461368026265203, 0.4549588449076402, 0.08317725070270851, 0.25725022412699927], [0.16869960633586453, 0.29484072885275997, 0.09871857417277338, 0.43774109063860206], [0.24727011809576632, 0.2683469786159139, 0.10669862784790242, 0.3776842754404174], [0.24305374542640507, 0.18641949362329652, 0.12043180205542636, 0.45009495889487217], [0.31122111648974154, 0.18749682176833501, 0.11192903977746324, 0.38935302196446026], [0.12511767996495607, 0.5149470158000573, 0.1688397976666593, 0.19109550656832733], [0.209407711556493, 0.4762034639170489, 0.12918662604442027, 0.1852021984820377], [0.5025591602047852, 0.19132472685330035, 0.07691161113758595, 0.22920450180432855], [0.34262998451736826, 0.27017396885603545, 0.1828200803734868, 0.20437596625310953], [0.24406667032271745, 0.4330046563799005, 0.13073400084912207, 0.19219467244826005], [0.2850517639286911, 0.20813984829985585, 0.2616161304769891, 0.24519225729446398], [0.15920795260951645, 0.33452500282972775, 0.17433942458546467, 0.331927619975291], [0.28405311142273626, 0.2647565517133749, 0.25774601870103114, 0.1934443181628576], [0.4328047562934696, 0.22953040115162243, 0.08657048297871456, 0.2510943595761934], [0.19669269513048007, 0.5551418781739335, 0.09491837195221525, 0.15324705474337125], [0.20360998886296405, 0.2892385800218728, 0.2566986259256243, 0.2504528051895387], [0.29333667100938826, 0.4612171316210998, 0.09648514816206999, 0.14896104920744183], [0.22511578961673337, 0.45847761624450434, 0.09927798721402636, 0.21712860692473576], [0.32341250149698514, 0.2178002310601034, 0.09575683843787325, 0.3630304290050382], [0.28643182045466287, 0.2966135803328684, 0.09821193968221548, 0.3187426595302534], [0.1535183596512676, 0.26853158987267545, 0.17974842835916313, 0.39820162211689397], [0.2634013154991246, 0.11129904321314515, 0.1148661712809919, 0.5104334700067384], [0.13960174009055407, 0.18005138718753055, 0.4701108288553754, 0.21023604386654002], [0.35647735981202056, 0.3876042164750496, 0.08965886020625409, 0.16625956350667576], [0.5149153345337885, 0.23166656393658877, 0.08693460582185533, 0.1664834957077674], [0.2039127190540346, 0.21292623485126988, 0.3819832105479563, 0.20117783554673926], [0.21222263955608237, 0.35938154179802706, 0.177908500695233, 0.25048731795065765], [0.181253752383124, 0.3889833471599585, 0.14736173432047786, 0.2824011661364397], [0.16643140271416831, 0.30049137623266453, 0.1697385622338263, 0.36333865881934096], [0.19701013970067352, 0.3098117646707365, 0.08820233995815438, 0.40497575567043553], [0.3298304871687886, 0.31414617108781945, 0.14044581310084128, 0.2155775286425507], [0.18491041301878575, 0.3718962764410326, 0.09109416123240326, 0.3520991493077786], [0.18347462632987768, 0.2810468786663844, 0.2394184266261276, 0.2960600683776105], [0.2366063196023975, 0.3137128472132427, 0.1830171241613064, 0.2666637090230533], [0.3573697968314199, 0.2469986283272417, 0.10753454043565122, 0.2880970344056872], [0.24367375624685944, 0.2607143003742672, 0.27924451776425724, 0.21636742561461622], [0.4059647737086458, 0.254408738894493, 0.10790457222730213, 0.23172191516955912], [0.22978055581766932, 0.2592419233745587, 0.3345406913429583, 0.17643682946481365], [0.21761759458794805, 0.47500066354064485, 0.13589820838312827, 0.17148353348827886], [0.22387445632210026, 0.4235112753163419, 0.17306384142868253, 0.17955042693287535], [0.20658869138937058, 0.17563970211112362, 0.19214374975466686, 0.42562785674483905], [0.29158093577272054, 0.2729173775568401, 0.17774832338874785, 0.2577533632816916], [0.2369785715542721, 0.5033279117645341, 0.12925600243992913, 0.13043751424126485], [0.27852146367307395, 0.34814063987309823, 0.15095477982972064, 0.22238311662410717], [0.458287132228639, 0.15089700452903343, 0.15026082759203865, 0.24055503565028893], [0.30089289148052556, 0.28321629852819014, 0.15250206216906756, 0.2633887478222169], [0.2470176599312049, 0.3331784617789038, 0.17837808073584457, 0.2414257975540468], [0.23756785884260054, 0.3123406052226759, 0.12561416587417717, 0.3244773700605465], [0.2595853980402871, 0.36452719207556117, 0.1537017444126537, 0.22218566547149823], [0.20776870202711908, 0.4078805668808328, 0.1295362030621414, 0.25481452802990673], [0.2795929815875465, 0.2815626559630815, 0.1134711918979678, 0.32537317055140424], [0.5699919454487871, 0.17088522241577608, 0.07273885068792957, 0.1863839814475072], [0.2851710554785889, 0.29075668724920234, 0.3052302277009544, 0.11884202957125438], [0.2661087417423751, 0.27608280784437844, 0.13304543473281982, 0.3247630156804267], [0.2268372474317185, 0.20157276542927077, 0.3888629250177456, 0.18272706212126516], [0.2912801209794507, 0.29362905440576303, 0.1807193258186009, 0.23437149879618543], [0.30699826691829857, 0.2656775549717334, 0.24613834739308682, 0.18118583071688144], [0.2613205218376152, 0.2620442657557278, 0.11851230997369482, 0.3581229024329622], [0.1653126452707351, 0.2248877651353425, 0.1281923775140248, 0.4816072120798976], [0.18295444020204543, 0.23529529585090814, 0.19752290520344637, 0.38422735874360014], [0.1991738973907901, 0.4625936572802035, 0.15481352959715258, 0.1834189157318539], [0.4138418048396439, 0.25316926109589316, 0.1828154585061483, 0.15017347555831467], [0.31119563875591855, 0.3154805648286646, 0.1241755788512225, 0.2491482175641943], [0.4622488708645281, 0.1828710594028441, 0.09145736271822673, 0.2634227070144011], [0.35865357546971943, 0.26908286697614414, 0.20061894581330142, 0.1716446117408349], [0.22280691414992146, 0.27656213794400264, 0.2954327261437056, 0.2051982217623704], [0.12869786710846565, 0.6129932735296181, 0.08886609241881115, 0.16944276694310523], [0.24325131293085986, 0.3088944719755853, 0.14835789098747124, 0.29949632410608357], [0.3072148992418117, 0.20724714344578202, 0.10257486729435025, 0.3829630900180562], [0.23233994757599327, 0.33920757911933, 0.21247616915343395, 0.21597630415124286], [0.2858489979488179, 0.2822489342644062, 0.18037252144766572, 0.25152954633911023], [0.24214127728953116, 0.45102646037293315, 0.12080968072480128, 0.1860225816127345], [0.21669882983091437, 0.30226891450978344, 0.1478895186456306, 0.33314273701367164], [0.1900042402649617, 0.4732890035179224, 0.13568203989213543, 0.2010247163249804], [0.1428787843185918, 0.29758964916334235, 0.20684658380635879, 0.3526849827117072], [0.22182860829938705, 0.29981463245320644, 0.2515492049645752, 0.2268075542828314], [0.25590676093197445, 0.30514297456660355, 0.16080437361498354, 0.27814589088643843], [0.3282874736394076, 0.24394405112298825, 0.08821142108221773, 0.3395570541553865], [0.2986235521012743, 0.31591437759419133, 0.14990611277447805, 0.23555595753005634], [0.14339322380939118, 0.4348555820521126, 0.06481849167000525, 0.3569327024684912], [0.3176244117622709, 0.3505464842712705, 0.1258080852867934, 0.20602101867966516], [0.4168625033115286, 0.26951112217998213, 0.13492833992623487, 0.1786980345822545], [0.26842117415884587, 0.26758624151266747, 0.10920471549793068, 0.354787868830556], [0.3489762962079531, 0.2614744725251827, 0.13149488503568083, 0.25805434623118345], [0.12701858337740715, 0.23909735584303293, 0.2255303123027671, 0.4083537484767929], [0.23000335076534, 0.22019449553705098, 0.11000196340089206, 0.43980019029671713], [0.42194097183084983, 0.26112405704551833, 0.10158752753842702, 0.2153474435852046], [0.1630328700297031, 0.20036339741373455, 0.15479445345805262, 0.48180927909850996], [0.16686793582782972, 0.26399345647014366, 0.07060711538359837, 0.4985314923184283], [0.22815355708787824, 0.2892249048408515, 0.2704823049271436, 0.21213923314412653], [0.3034479063678633, 0.3663116536606995, 0.16665866430807363, 0.16358177566336354], [0.47247331869897424, 0.1535929029805771, 0.12053047955379984, 0.2534032987666487], [0.3182807060452754, 0.19605268391202577, 0.10651437842364107, 0.37915223161905776], [0.25117436893906325, 0.3794537185686067, 0.14602873694131183, 0.2233431755510183], [0.4614759591149518, 0.29038560690452453, 0.10919944010788808, 0.13893899387263567], [0.2639762555212465, 0.33499809095562694, 0.23153288917122672, 0.1694927643519], [0.23925387445896468, 0.229658132111332, 0.22270790612644714, 0.30838008730325617], [0.19746566005471292, 0.33351910683337677, 0.19934393522722885, 0.26967129788468147], [0.4014163351193754, 0.20882825334860958, 0.12465170195133016, 0.2651037095806849], [0.1618500719623581, 0.2603481348950917, 0.2678463123182867, 0.3099554808242635], [0.34513376185357614, 0.37864757948067596, 0.11106195551536113, 0.16515670315038683], [0.15968258175911912, 0.30038629289100677, 0.137183182306045, 0.40274794304382927], [0.21811365789404383, 0.3827702317868131, 0.08940605289063373, 0.3097100574285094], [0.34018312541271656, 0.21793158005929195, 0.23924989011366798, 0.20263540441432348], [0.1390826438536158, 0.3176623693563467, 0.14294260779071732, 0.4003123789993203], [0.3259568420833516, 0.29312690547711534, 0.10737474465841881, 0.2735415077811144], [0.2641319312825835, 0.42346379237642134, 0.11517837394303018, 0.19722590239796498], [0.47751882119134764, 0.3286336490941958, 0.08970803226438193, 0.10413949745007478], [0.19266933686864715, 0.5587403622949663, 0.06526587144151454, 0.18332442939487226]]}}