{"test": {"ids": ["97114170", "112116401", "113120260", "112118701", "104109311", "101110200", "113118421", "111118820", "111116411", "113120780", "97105580", "107114280", "111117000", "112119320", "111116290", "111118301", "106120640", "112121430", "99109780", "108117360", "112120700", "102110500", "106121190", "104113380", "105113440", "110117110", "108115250", "97107040", "99108580", "108113700", "112116800", "110118740", "100108490", "108120060", "98106680", "108121410", "102112250", "109120540", "103120290", "110118810", "112117780", "101109000", "104111620", "104116980", "112121010", "101111620", "104114230", "109119460", "106111321", "100109890", "100111270", "113118820", "110121720", "98110810", "108120280", "109116170", "103120730", "99109161", "108114200", "112117580", "98108580", "110120531", "107116300", "111120190", "105121190", "105112130", "99117740", "104111711", "100109360", "104111830", "107115250", "108113740", "105116090", "101112201", "101108500", "108115570", "103112641", "102121440", "98119591", "111114321", "110116170", "104113240", "110121450", "109117431", "110117080", "106118820", "98110710", "105112240", "107120880", "112120640", "113122230", "108114180", "97105760", "98116090", "104111990", "104112201", "101108950", "113121950", "105113330", "100120010", "112120990", "97112170", "105111990", "97113260", "107121700", "99111440", "110116300", "98120530", "113117630", "111120640", "111115400", "111118810", "110118181", "102111990", "106120290", "105121370", "99112641", "113120070", "104114410", "113121680", "111116010", "103111170", "112116850", "105110251", "105115380", "110117140", "110121500", "97116500", "98108970", "104119340", "113121010", "111116110", "99109370", "111121190", "103113640", "113118630", "101114020", "113121190", "100108520", "102117351", "109113281", "97106770"], "labels": [2, 0, 3, 0, 3, 2, 3, 0, 0, 0, 1, 3, 0, 1, 2, 3, 3, 2, 2, 1, 2, 3, 2, 1, 0, 0, 1, 2, 0, 0, 0, 3, 2, 1, 1, 0, 0, 1, 2, 1, 0, 1, 0, 1, 2, 3, 2, 1, 0, 3, 2, 0, 3, 1, 3, 0, 1, 3, 0, 0, 0, 0, 0, 3, 2, 1, 2, 1, 0, 3, 2, 3, 1, 0, 3, 3, 3, 2, 1, 1, 0, 2, 3, 1, 1, 3, 2, 1, 1, 0, 1, 1, 0, 0, 2, 0, 2, 3, 3, 0, 2, 0, 2, 1, 3, 3, 3, 1, 0, 0, 0, 0, 1, 2, 2, 2, 1, 2, 1, 1, 1, 2, 0, 0, 1, 3, 3, 2, 3, 1, 2, 3, 1, 1, 1, 3, 3, 1, 2, 1, 0, 3], "predicted_labels": [3, 0, 3, 3, 3, 1, 3, 0, 0, 1, 0, 1, 3, 3, 1, 3, 1, 3, 1, 3, 1, 3, 1, 0, 3, 1, 3, 3, 1, 1, 3, 3, 1, 1, 1, 0, 1, 1, 2, 3, 0, 3, 0, 3, 3, 3, 1, 3, 3, 0, 3, 1, 3, 1, 3, 1, 0, 3, 1, 3, 1, 3, 3, 1, 1, 1, 0, 3, 3, 3, 1, 3, 3, 3, 3, 3, 3, 3, 3, 1, 0, 1, 1, 3, 3, 1, 1, 3, 3, 1, 1, 3, 3, 3, 0, 0, 3, 1, 3, 1, 1, 3, 3, 0, 1, 1, 3, 3, 3, 1, 1, 3, 3, 3, 1, 0, 1, 1, 3, 1, 1, 1, 3, 1, 1, 3, 0, 1, 1, 3, 1, 3, 3, 1, 0, 3, 3, 1, 2, 3, 0, 0], "confidence_scores": [[0.1979198877845381, 0.30601887403220523, 0.16876813643372507, 0.3272931017495314], [0.35839605071251673, 0.23175088093361967, 0.12195350809456176, 0.28789956025930197], [0.2341690656328716, 0.2791870534548045, 0.19401773396923555, 0.29262614694308864], [0.20736048296022028, 0.28712864939866045, 0.15079448374106602, 0.35471638390005344], [0.279858743815966, 0.23848039418959652, 0.1332752909644269, 0.3483855710300107], [0.2374221780940001, 0.3627725103324617, 0.1597860169428188, 0.24001929463071955], [0.2846390562038663, 0.2639476076762949, 0.1289716154751043, 0.32244172064473436], [0.3391754229033419, 0.2292258713823987, 0.16257152657415383, 0.2690271791401057], [0.31376514081944884, 0.23770156132000428, 0.1492090895767813, 0.29932420828376594], [0.2511664700311959, 0.3039422779977456, 0.1795121833299029, 0.2653790686411557], [0.3093753366767303, 0.23098340269587098, 0.1644342359139951, 0.29520702471340365], [0.2621604719023679, 0.29542755603851906, 0.17138483979856667, 0.27102713226054614], [0.23580280359612416, 0.2268603448630673, 0.17980503634913383, 0.3575318151916747], [0.15657524364111056, 0.3149260465177264, 0.20155682015594867, 0.32694188968521454], [0.21420627686798155, 0.3192921924052694, 0.19265327417112402, 0.2738482565556253], [0.2469816953594486, 0.27759689675011395, 0.17208358728036996, 0.30333782061006764], [0.22341918700861738, 0.3177185430032712, 0.1741446150921705, 0.28471765489594114], [0.2602134689625504, 0.2347021619234429, 0.19226499889002846, 0.31281937022397843], [0.25380541214631536, 0.32056650615731724, 0.20262084537720207, 0.22300723631916525], [0.17043213046724312, 0.2547428115544829, 0.2286739127811173, 0.3461511451971569], [0.2498624014922047, 0.32090904248177066, 0.19351761403481224, 0.23571094199121262], [0.23901020741501008, 0.26564145146368323, 0.19331005023721023, 0.3020382908840967], [0.18283821303131081, 0.3046355441608549, 0.2341454691235217, 0.2783807736843127], [0.27015718176417475, 0.24676426258181805, 0.23733388411882406, 0.2457446715351831], [0.24551598064344207, 0.2738689076225094, 0.16231739978867207, 0.3182977119453766], [0.2106079831560738, 0.31789677407778466, 0.19127057693464958, 0.2802246658314921], [0.2090364022943964, 0.265336385262368, 0.20342431329570498, 0.3222028991475305], [0.19746819047820616, 0.2642892616608604, 0.23507131514839094, 0.3031712327125426], [0.22760469325960273, 0.30969947413711485, 0.2083044469208522, 0.25439138568243036], [0.2508165214044223, 0.301056592928449, 0.18345881994802368, 0.26466806571910495], [0.20034571555799097, 0.2677035050599144, 0.18694993751795486, 0.3450008418641399], [0.27898995235385754, 0.22242320190664425, 0.1706791086937183, 0.32790773704577986], [0.22165384175092323, 0.2978528137116271, 0.1944348692216257, 0.28605847531582407], [0.24665707961316904, 0.2908363410394877, 0.24756839508131448, 0.21493818426602895], [0.2165590203820123, 0.26355316729162676, 0.2602867970886622, 0.259601015237699], [0.3275728558193137, 0.29514808674272375, 0.15129748520633318, 0.22598157223162954], [0.24366074161525145, 0.2708682514407014, 0.21733787738265511, 0.26813312956139196], [0.23265504356190014, 0.27699747676685244, 0.21629984796186139, 0.274047631709386], [0.22109055941836517, 0.23912673660016248, 0.30680809514779767, 0.23297460883367485], [0.21155885138718297, 0.31703910208244634, 0.14943343443284376, 0.32196861209752725], [0.3101982013779832, 0.2744342169020096, 0.14154969227151223, 0.273817889448495], [0.18909750785947857, 0.2692251781857311, 0.20442567487259425, 0.3372516390821962], [0.31875661625565627, 0.20092404723023946, 0.17402047313692062, 0.30629886337718387], [0.16020124231899693, 0.30743411973756507, 0.2161366047128405, 0.3162280332305978], [0.2713508846521541, 0.23682357978031937, 0.15920901557565878, 0.332616519991868], [0.27314370059520704, 0.26139077839566005, 0.16213235911516924, 0.30333316189396364], [0.1809705787725388, 0.3216741977640716, 0.19620353297345805, 0.30115169048993157], [0.24288071002921016, 0.2990500344636712, 0.15735371956473107, 0.3007155359423876], [0.2671127548389698, 0.23058049228194558, 0.1706779678395944, 0.3316287850394902], [0.28225663293949216, 0.26418653781966434, 0.23108437132575282, 0.22247245791509077], [0.21198269798133806, 0.27852087166833883, 0.21183707764918722, 0.29765935270113597], [0.2706498940726601, 0.29373449889967906, 0.15522860924930568, 0.2803869977783555], [0.2006598107732332, 0.2772470462056367, 0.1554913766109308, 0.3666017664101994], [0.20206311747472722, 0.3507658728201662, 0.22927225299152937, 0.2178987567135772], [0.24987197991904447, 0.2459873353052995, 0.1955781580593577, 0.3085625267162985], [0.17982169462479242, 0.3173372842628058, 0.1910522676482124, 0.31178875346418955], [0.30461367164300496, 0.2665229988536523, 0.1384354831306627, 0.29042784637268027], [0.27241800086018353, 0.26512762802406903, 0.1781385793535827, 0.2843157917621649], [0.25673570039565896, 0.2983175786544114, 0.20389090298684465, 0.24105581796308495], [0.21441331294390747, 0.2828444890568481, 0.1533183395534073, 0.34942385844583707], [0.2519690028769377, 0.3056684076679001, 0.18248336790073483, 0.2598792215544274], [0.2545336864432753, 0.2671911661424765, 0.1264619475997655, 0.3518131998144828], [0.22854932822384577, 0.2650258698806965, 0.19081401886392388, 0.315610783031534], [0.2242035964225183, 0.3252315283983041, 0.18927227337866892, 0.26129260180050856], [0.1953541072230907, 0.31400989360765136, 0.2192275052508925, 0.2714084939183655], [0.22181456983019504, 0.36151117976151853, 0.18124581306437482, 0.23542843734391156], [0.3108173826363808, 0.23688943717681188, 0.20290363299277206, 0.24938954719403536], [0.21846514934051137, 0.2655226865428473, 0.19638535995014852, 0.3196268041664929], [0.23354139309965383, 0.2367120026446996, 0.21918703134214668, 0.3105595729135001], [0.21349878729871663, 0.2768964075970412, 0.16083213962175333, 0.3487726654824888], [0.1800862676052602, 0.3441960267233397, 0.19259857861206178, 0.28311912705933845], [0.28154633597500034, 0.2086105862460595, 0.170415481610121, 0.33942759616881946], [0.2655361345033925, 0.2692184080891295, 0.140479242392629, 0.32476621501484915], [0.2563995557647891, 0.2872881500127733, 0.16364450731980654, 0.2926677869026311], [0.24328561600270582, 0.28468001967080836, 0.16038069656209467, 0.3116536677643914], [0.24733403910861113, 0.2007868956407604, 0.21081232379056225, 0.3410667414600661], [0.2335059882167849, 0.25061269400214303, 0.20564796450760972, 0.3102333532734626], [0.2397282499654924, 0.26478142392905074, 0.18862209958510603, 0.3068682265203508], [0.21750575137068584, 0.2617593546892509, 0.19980292357160273, 0.32093197036846055], [0.22637216215120218, 0.3326506892720073, 0.17498130830345265, 0.265995840273338], [0.2886824693302137, 0.2776516966354391, 0.17850098969706818, 0.25516484433727926], [0.17984709580532032, 0.3297399102442911, 0.23529628402795755, 0.255116709922431], [0.22090335639758651, 0.3307783693515704, 0.13386884997762044, 0.31444942427322264], [0.2001355680648866, 0.30413754773217666, 0.15969062087470584, 0.336036263328231], [0.20970535250318487, 0.2981193353692383, 0.16689537740277455, 0.32527993472480254], [0.2484812994076724, 0.3059320344146483, 0.16709464573729235, 0.27849202044038707], [0.23397278361987728, 0.2959550176898589, 0.210202771450234, 0.2598694272400301], [0.2819530510344549, 0.26285908755412346, 0.16175856440311687, 0.29342929700830483], [0.2422728752453865, 0.21327787836287793, 0.20710886226663117, 0.33734038412510464], [0.23446151165583817, 0.3153818372286776, 0.19648880869028734, 0.2536678424251969], [0.2629831485942245, 0.3078401799332648, 0.166443140799361, 0.2627335306731496], [0.2022728045070262, 0.20038170368838543, 0.15170673522288822, 0.4456387565817], [0.22225809726521892, 0.2664005870047894, 0.18178959902361438, 0.3295517167063775], [0.21051975252634839, 0.2679285093067017, 0.21156691781630602, 0.309984820350644], [0.3287966953883635, 0.24689519385442668, 0.17644337595932133, 0.2478647347978886], [0.29169189137059687, 0.2324744250961319, 0.18809501470011952, 0.2877386688331519], [0.18632751606592293, 0.23298829478777083, 0.24652359964441156, 0.33416058950189476], [0.24046677272426187, 0.33955486311883987, 0.21181418279576406, 0.20816418136113435], [0.27125091594532946, 0.22511179370314238, 0.19661012388128682, 0.3070271664702416], [0.2300754092452734, 0.3038891079019398, 0.19961354655690297, 0.2664219362958842], [0.22328362662346998, 0.3234697870361984, 0.18947459878565212, 0.2637719875546797], [0.2568205392374583, 0.269280442469181, 0.16483335297583557, 0.30906566531752505], [0.2731662203201393, 0.25933462433551796, 0.14775338227696502, 0.3197457730673777], [0.29627517021216176, 0.21996139374125165, 0.20264579985549513, 0.2811176361910917], [0.2737396870713523, 0.277482157073933, 0.19551885828929558, 0.2532592975654192], [0.24551089113397873, 0.29213376634970945, 0.19407169982164485, 0.2682836426946672], [0.27861966808356936, 0.25824995152558666, 0.16425299841052174, 0.29887738198032227], [0.2531791747514111, 0.2921217720087263, 0.13552339128099286, 0.31917566195887], [0.21648729974594313, 0.29209389480432685, 0.18875174143646287, 0.3026670640132672], [0.2624075539666828, 0.33125971105080837, 0.1863148424342348, 0.2200178925482741], [0.24015241712645988, 0.3386806604286875, 0.17671590561767414, 0.24445101682717849], [0.24989725390424858, 0.2544740963459091, 0.17979424264425498, 0.3158344071055876], [0.229072439088214, 0.2715062685437766, 0.2074653932692271, 0.2919558990987823], [0.2704711242050365, 0.24028608120277056, 0.19597689074243657, 0.2932659038497565], [0.2015846320563012, 0.30743211550177735, 0.22012289143686822, 0.27086036100505345], [0.30017980801881594, 0.2792750996235126, 0.13968005625622934, 0.28086503610144237], [0.30039333158480785, 0.316149792390665, 0.1443410720910445, 0.23911580393348283], [0.24323159098646294, 0.30377252699591395, 0.21274780249731642, 0.24024807952030652], [0.24105340292580169, 0.2530070416474634, 0.16913491864078758, 0.33680463678594735], [0.2420207974322202, 0.2961695862618099, 0.17170703888863417, 0.2901025774173358], [0.24140849207759033, 0.33972807229258145, 0.176658921556555, 0.2422045140732733], [0.24541280351078798, 0.29464904066775066, 0.2023973044260908, 0.25754085139537053], [0.18549498968096065, 0.24001265396067947, 0.20540918674911407, 0.36908316960924575], [0.2682668646671827, 0.31573687199551, 0.15019546245297913, 0.26580080088432834], [0.27362677014749653, 0.2936631941705415, 0.18102812590383205, 0.2516819097781298], [0.19950383813475756, 0.2947876144927857, 0.1977036569966199, 0.308004890375837], [0.3475978610721765, 0.26478104620074416, 0.15312773123425827, 0.2344933614928213], [0.2105735807085994, 0.2861954109519845, 0.22937544986189035, 0.2738555584775258], [0.2130465770462719, 0.318007639009926, 0.19005850081548434, 0.2788872831283179], [0.2537585338614344, 0.2694591549980878, 0.14841901806287205, 0.3283632930776058], [0.21114825682102545, 0.30844362613869125, 0.18703529957377907, 0.29337281746650434], [0.2652933772950704, 0.22694122007430248, 0.1796785556537624, 0.3280868469768646], [0.2859539107849676, 0.22869489644198895, 0.19519278091291511, 0.29015841186012853], [0.24621566712335588, 0.3112898306026356, 0.16901582898265086, 0.2734786732913577], [0.32803495923673565, 0.2534905248766581, 0.16019299907351311, 0.25828151681309325], [0.2251613468761908, 0.29003639043894, 0.18873360969671776, 0.29606865298815166], [0.2025714193832029, 0.22987489488921983, 0.24286815670473796, 0.3246855290228392], [0.29299096103649347, 0.3146633751977634, 0.14015887846660965, 0.2521867852991335], [0.26808898015166216, 0.21437515026815526, 0.2713492758836729, 0.24618659369650991], [0.26669443760838024, 0.24932897858102568, 0.15563510204962888, 0.32834148176096506], [0.3022219303605025, 0.2562968665355616, 0.14128508123670813, 0.3001961218672276], [0.30433331721142975, 0.24111355271556928, 0.19530699478294836, 0.2592461352900527]]}, "rewritten": {"ids": ["97105580", "97105760", "97106770", "97107040", "97112170", "97113260", "97114170", "97116500", "98106680", "98108580", "98108970", "98110710", "98110810", "98116090", "98119591", "98120530", "99108580", "99109161", "99109370", "99109780", "99111440", "99112641", "99117740", "100108490", "100108520", "100109360", "100109890", "100111270", "100120010", "101108500", "101108950", "101109000", "101110200", "101111620", "101112201", "101114020", "102110500", "102111990", "102112250", "102117351", "102121440", "103111170", "103112641", "103113640", "103120290", "103120730", "104109311", "104111620", "104111711", "104111830", "104111990", "104112201", "104113240", "104113380", "104114230", "104114410", "104116980", "104119340", "105110251", "105111990", "105112130", "105112240", "105113330", "105113440", "105115380", "105116090", "105121190", "105121370", "106111321", "106118820", "106120290", "106120640", "106121190", "107114280", "107115250", "107116300", "107120880", "107121700", "108113700", "108113740", "108114180", "108114200", "108115250", "108115570", "108117360", "108120060", "108120280", "108121410", "109113281", "109116170", "109117431", "109119460", "109120540", "110116170", "110116300", "110117080", "110117110", "110117140", "110118181", "110118740", "110118810", "110120531", "110121450", "110121500", "110121720", "111114321", "111115400", "111116010", "111116110", "111116290", "111116411", "111117000", "111118301", "111118810", "111118820", "111120190", "111120640", "111121190", "112116401", "112116800", "112116850", "112117580", "112117780", "112118701", "112119320", "112120640", "112120700", "112120990", "112121010", "112121430", "113117630", "113118421", "113118630", "113118820", "113120070", "113120260", "113120780", "113121010", "113121190", "113121680", "113121950", "113122230"], "labels": [1, 0, 3, 2, 0, 1, 2, 2, 1, 0, 3, 2, 1, 0, 1, 1, 0, 3, 1, 2, 3, 1, 2, 2, 2, 0, 3, 2, 0, 3, 2, 1, 2, 3, 0, 3, 3, 2, 0, 1, 2, 2, 3, 1, 2, 1, 3, 0, 1, 3, 2, 0, 2, 1, 2, 1, 1, 1, 0, 2, 1, 1, 3, 0, 1, 1, 2, 2, 0, 3, 2, 3, 2, 3, 2, 0, 1, 3, 0, 3, 1, 0, 1, 3, 1, 1, 3, 0, 0, 0, 1, 1, 1, 0, 3, 1, 0, 3, 1, 3, 1, 0, 3, 3, 3, 1, 0, 1, 3, 2, 0, 0, 3, 0, 0, 3, 0, 1, 0, 0, 0, 0, 0, 0, 1, 0, 2, 2, 2, 2, 0, 3, 3, 0, 2, 3, 0, 2, 1, 1, 3, 1], "predicted_labels": [3, 3, 0, 3, 0, 3, 3, 1, 1, 3, 1, 3, 1, 3, 3, 3, 1, 0, 3, 1, 0, 0, 3, 0, 3, 3, 0, 1, 0, 1, 3, 3, 1, 3, 3, 0, 3, 0, 3, 0, 1, 1, 3, 0, 1, 1, 0, 3, 3, 3, 3, 3, 1, 3, 1, 3, 3, 0, 0, 3, 1, 0, 0, 3, 3, 3, 1, 1, 0, 3, 1, 1, 3, 0, 1, 0, 1, 0, 0, 3, 3, 1, 3, 3, 3, 2, 0, 1, 0, 3, 3, 3, 3, 1, 3, 3, 1, 3, 0, 0, 3, 3, 3, 0, 3, 1, 1, 1, 3, 1, 0, 3, 3, 0, 3, 1, 1, 3, 0, 3, 3, 3, 3, 3, 3, 0, 1, 3, 3, 3, 1, 0, 3, 3, 1, 0, 3, 1, 0, 3, 3, 3], "confidence_scores": [[0.26368275321924384, 0.2590267683784963, 0.18142758362634254, 0.29586289477591743], [0.20777831383390796, 0.23126444582631528, 0.21054482111088962, 0.3504124192288871], [0.2909426493289373, 0.20908567901440483, 0.23861228754450003, 0.2613593841121577], [0.26193350259441106, 0.24884365255660562, 0.1905193588760982, 0.2987034859728854], [0.2904851829529664, 0.2902507007151649, 0.16196337852592715, 0.2573007378059417], [0.2325068743734407, 0.266925140208224, 0.16767049696227573, 0.3328974884560598], [0.2040327315345986, 0.28950961148739796, 0.2054363182891176, 0.30102133868888603], [0.2525835152141397, 0.29780221753469954, 0.1910351582551391, 0.2585791089960219], [0.24715015363978782, 0.30214163600521277, 0.1916545877145101, 0.2590536226404893], [0.28582916149254683, 0.2503339360031303, 0.17359564004658234, 0.2902412624577405], [0.205192106286879, 0.320950596773448, 0.16825091857698327, 0.3056063783626898], [0.23680859649123534, 0.2623295794046796, 0.21414277076242683, 0.28671905334165837], [0.23673121857030954, 0.3249566085237414, 0.19885686933597424, 0.23945530356997502], [0.23911298388854715, 0.2726545777558519, 0.16986272987301365, 0.3183697084825872], [0.27274574425852594, 0.24866240872592882, 0.16694433007462223, 0.311647516940923], [0.2845559589187889, 0.2573713701327665, 0.14825945690174902, 0.3098132140466956], [0.23310366721725287, 0.35132265175004485, 0.18469546779671486, 0.2308782132359875], [0.33040907822146465, 0.25589503103085076, 0.15480451896238961, 0.25889137178529537], [0.2607657250021845, 0.2401369619590123, 0.18239173884255902, 0.31670557419624434], [0.24759726438465374, 0.3276010373027958, 0.18140163533081954, 0.2434000629817312], [0.32524108638209226, 0.2641295083105905, 0.16422226984020977, 0.24640713546710744], [0.2877451108862353, 0.25581151286902515, 0.17875126789242407, 0.27769210835231556], [0.2660388799248759, 0.27460282257132945, 0.16887995700507274, 0.2904783404987219], [0.2795033904020104, 0.2586205051248329, 0.19115754164510282, 0.2707185628280538], [0.24301292683689646, 0.23047257079471373, 0.22725853357611908, 0.299255968792271], [0.287238060465443, 0.23563455717460463, 0.1879247161043326, 0.2892026662556199], [0.33884248791661825, 0.19280500686341656, 0.22072671295772509, 0.24762579226224027], [0.2363924754406963, 0.3154248881065101, 0.16731554476689034, 0.2808670916859032], [0.27349878994912563, 0.26414397728495054, 0.20212274586651963, 0.2602344868994042], [0.2567520237420725, 0.29250001330386793, 0.17412841189995368, 0.2766195510541059], [0.2249869883570318, 0.2708372530588574, 0.20492843612931366, 0.29924732245479724], [0.22526387027215405, 0.30001545719916844, 0.17464168412622164, 0.3000789884024559], [0.22947759838215262, 0.3067440190315057, 0.17610477103101196, 0.28767361155532983], [0.24092873212477475, 0.2621439008064449, 0.1865837780518444, 0.3103435890169361], [0.25141100279525747, 0.2550163298750531, 0.17396532651493746, 0.31960734081475206], [0.29598289848386516, 0.25892871468753276, 0.17954899345306796, 0.2655393933755343], [0.1993310448670668, 0.2987007818279235, 0.17363523697676606, 0.32833293632824384], [0.3357589976945612, 0.20395713484017444, 0.16281819908374107, 0.2974656683815234], [0.28938374163289887, 0.22587163790742618, 0.18384960382901472, 0.30089501663066043], [0.3444294067344178, 0.20927351592411664, 0.16105270537926153, 0.28524437196220404], [0.2053507599930775, 0.2947623431743886, 0.20552302203108147, 0.29436387480145254], [0.24654776277572407, 0.35465754231397084, 0.17549090410244697, 0.22330379080785823], [0.26473636127104194, 0.23625307316094413, 0.1602566986667481, 0.3387538669012658], [0.37317988800800656, 0.24495770462265576, 0.13101777615023344, 0.25084463121910433], [0.2267042351941643, 0.2815179169752457, 0.22979604149807314, 0.2619818063325168], [0.2727686808061234, 0.2929593393506707, 0.14472188530132424, 0.2895500945418819], [0.3194436210602812, 0.25903264555333055, 0.13927943785661373, 0.2822442955297746], [0.27598981814691576, 0.2699835146284316, 0.16846265464113044, 0.2855640125835222], [0.2616622375481, 0.2394729610804826, 0.14322107353740274, 0.35564372783401493], [0.22636411793487488, 0.29909346195358105, 0.14712883616272954, 0.32741358394881465], [0.26679552200141904, 0.2553933737031503, 0.1890872939660172, 0.2887238103294136], [0.29428134963837105, 0.215289100763916, 0.18747214334060328, 0.30295740625710954], [0.19028567252589337, 0.3444543878816285, 0.20633571309292054, 0.2589242264995576], [0.2547978376852263, 0.2920872553278174, 0.1398324894654699, 0.31328241752148644], [0.26479648814257367, 0.2797639942257707, 0.24665958589011308, 0.2087799317415428], [0.28317650786805676, 0.24887779772297633, 0.1524351642486942, 0.3155105301602728], [0.1688538561248679, 0.30930750805281443, 0.20337041955858276, 0.3184682162637349], [0.2903787279062437, 0.2719921479770722, 0.17180757032234378, 0.2658215537943404], [0.3229667573026015, 0.266473003576105, 0.13968009009501547, 0.27088014902627805], [0.22437244017181562, 0.2899207478991555, 0.1808360474574817, 0.3048707644715472], [0.190584713436184, 0.32632753696216626, 0.18065182078334263, 0.30243592881830716], [0.31290731162520286, 0.27330021339787797, 0.18866591481026065, 0.2251265601666587], [0.34908499008110283, 0.23926090835146485, 0.1314681098451529, 0.2801859917222796], [0.27180946466726286, 0.2475075018231115, 0.18562480721970037, 0.29505822628992545], [0.252905025285775, 0.2589329419287422, 0.17066687340947317, 0.3174951593760098], [0.2514564105213124, 0.2817643278994149, 0.1402860933038348, 0.32649316827543795], [0.22727758401232742, 0.3257545027109422, 0.16791163396139552, 0.2790562793153349], [0.22321858471367886, 0.29866754619628644, 0.20916152193492088, 0.26895234715511374], [0.29712136875548006, 0.2653221820765234, 0.15797571301403582, 0.27958073615396073], [0.266455143289344, 0.24836178343549076, 0.18595494334962764, 0.2992281299255377], [0.22016196129756935, 0.30496569328497897, 0.2126222247322203, 0.26225012068523135], [0.2779304713242697, 0.29831777727902187, 0.14875122072416602, 0.2750005306725428], [0.2304693328157451, 0.2963348934082816, 0.14450341461346955, 0.32869235916250367], [0.291597188942797, 0.2800684030109166, 0.13926774683696208, 0.28906666120932445], [0.26632864104403586, 0.3128357218403688, 0.15912634080953417, 0.26170929630606143], [0.3062121941398282, 0.27843952752687445, 0.1692017569072537, 0.24614652142604376], [0.2631155127096295, 0.28561894477079397, 0.197848601398653, 0.2534169411209237], [0.26776906026249436, 0.2557039291866086, 0.23437625310113527, 0.24215075744976197], [0.2951786170416546, 0.2795748701887441, 0.1727769331550194, 0.252469579614582], [0.3054845787444164, 0.22069525086566624, 0.14441506946794946, 0.329405100921968], [0.20272755720134403, 0.24144625186607097, 0.17020362108836987, 0.385622569844215], [0.2616131984560891, 0.2792581198101813, 0.21530153559586462, 0.2438271461378649], [0.20659619036495805, 0.25424821018939847, 0.2141849575044111, 0.3249706419412325], [0.22419992255123702, 0.23138976655392568, 0.21094401364142876, 0.3334662972534086], [0.22403002669307825, 0.26497433562098754, 0.21031997488653786, 0.3006756627993966], [0.22066385826502283, 0.2605454510250142, 0.26307348698449556, 0.2557172037254673], [0.2863814346359297, 0.261189494063675, 0.17829325555219924, 0.2741358157481962], [0.2601400668420629, 0.31505217857368034, 0.13510917514540435, 0.2896985794388524], [0.30238834537812964, 0.2711074734349146, 0.15322623632687887, 0.27327794486007684], [0.26467703720780955, 0.21923492225932337, 0.19788605790231234, 0.3182019826305548], [0.21004353331054504, 0.31888769654424554, 0.1466238636952942, 0.32444490644991525], [0.2434936888324832, 0.27695485318927127, 0.16927707438807585, 0.3102743835901698], [0.2456420039219046, 0.28367572904203764, 0.17740870979021675, 0.29327355724584125], [0.24356642213935328, 0.3038024556479174, 0.17217597735703258, 0.28045514485569695], [0.27946362650523154, 0.25587011689836553, 0.14803029131953818, 0.31663596527686494], [0.225277962530519, 0.2847918277616322, 0.17299964701573484, 0.31693056269211395], [0.27467326947537296, 0.3083365856268796, 0.20339187417568905, 0.21359827072205842], [0.25661314986334915, 0.25007501479204575, 0.17680547337890168, 0.3165063619657036], [0.3037748026295091, 0.2718304807480092, 0.16395557406410177, 0.26043914255838], [0.33518120208625773, 0.2174815210787841, 0.193620909227641, 0.2537163676073171], [0.2601067717434067, 0.22087847438208555, 0.2123022501976468, 0.3067125036768614], [0.2725015993853902, 0.23904364920415308, 0.18119549652550668, 0.3072592548849503], [0.29038936136755145, 0.2894025323946579, 0.11289839533191405, 0.30730971090587667], [0.28190645623878696, 0.2581910459654986, 0.1998502313086302, 0.2600522664870843], [0.24815404214408585, 0.26122049808244335, 0.17462432894825294, 0.3160011308252178], [0.26320474743162114, 0.33219798791966476, 0.16277753111382165, 0.24181973353489258], [0.17570914925251993, 0.3221356161257708, 0.20421798445515946, 0.29793725016654976], [0.25489660110910023, 0.2988729138658596, 0.17964990962667834, 0.266580575398362], [0.2781657434882641, 0.23920772374553553, 0.14561393207638232, 0.3370126006898181], [0.28378893742303124, 0.2869690637895811, 0.2150941798433405, 0.2141478189440473], [0.3016118307718446, 0.26509341755023197, 0.15362148197443434, 0.27967326970348927], [0.2058482906961051, 0.27137493596684265, 0.21893182748898557, 0.3038449458480666], [0.28174294276399664, 0.23642837169515063, 0.15972066788499673, 0.32210801765585606], [0.311353518359488, 0.2488998408573039, 0.1531367975318738, 0.2866098432513344], [0.25407520065580586, 0.2701041131380178, 0.1587664193772179, 0.3170542668289585], [0.2759071751627216, 0.305729941168733, 0.1748748584892038, 0.24348802517934165], [0.2689999016914272, 0.29124059231355415, 0.19742470914344123, 0.24233479685157758], [0.2620454793124712, 0.25000752361813006, 0.1730758740510794, 0.31487112301831915], [0.37550901405733, 0.16384951216873983, 0.12970773148181305, 0.33093374229211703], [0.22519212815832718, 0.30589306923319026, 0.15861114486952912, 0.3103036577389536], [0.21889447348224067, 0.25922917513711113, 0.1506368987591322, 0.3712394526215159], [0.24498198010359976, 0.2705968879571293, 0.1762421425072124, 0.30817898943205857], [0.2870062010504809, 0.24591285352632453, 0.15838154396465978, 0.3086994014585347], [0.25452089541684986, 0.22839122584370405, 0.19044038354979706, 0.32664749518964925], [0.1834741148852086, 0.2921253757644588, 0.16988367767459386, 0.354516831675739], [0.2790804587158042, 0.24230251988736662, 0.24879329009692763, 0.22982373129990158], [0.29097116827532427, 0.2938402881138117, 0.1925138232321501, 0.22267472037871383], [0.24946367280079765, 0.2575470541522947, 0.21200543346319084, 0.280983839583717], [0.2785356328050255, 0.2955262387028189, 0.13020308310914097, 0.2957350453830147], [0.250604415340259, 0.278687315630759, 0.1630176400195557, 0.3076906290094263], [0.26530873251270154, 0.3079212633808606, 0.14143993379728775, 0.28533007030915025], [0.3460134760917088, 0.20949317592119115, 0.1654567386347178, 0.2790366093523822], [0.2589783402637771, 0.2522404429153084, 0.1478994795914166, 0.340881737229498], [0.3039417344968222, 0.2330178042944931, 0.15637490955729408, 0.30666555165139064], [0.2358616211182711, 0.33160911455449343, 0.15192442425260055, 0.2806048400746351], [0.30466432997313164, 0.28677018906090745, 0.17080284172996915, 0.237762639235992], [0.23538436101109259, 0.3166480908767692, 0.12796056034054648, 0.32000698777159203], [0.22696839074625802, 0.33158385768412657, 0.14289922665274263, 0.2985485249168729], [0.37477017025295384, 0.29158952270672056, 0.12275426501721469, 0.210886042023111], [0.2514333487353628, 0.275975197419249, 0.17191815708258873, 0.30067329676279964], [0.22009880577616844, 0.2850882703306969, 0.20759949626982604, 0.2872134276233089], [0.2921464838498451, 0.23119188126910747, 0.16644869581902966, 0.31021293906201775]]}}