{"test": {"ids": ["110117200", "113121980", "105113210", "113120830", "110117110", "113119450", "101114990", "111119580", "106117770", "106111321", "111117480", "103120340", "98109230", "99117740", "100113370", "100120010", "98107210", "112120630", "105114220", "111119250", "105121190", "97113260", "102117351", "110114610", "107113170", "108114270", "103110220", "110113591", "113117401", "110118880", "110115580", "106116120", "103111620", "109114220", "102111990", "107113840", "110117140", "106116850", "102113210", "105113170", "108120280", "103111480", "113120540", "110119300", "97114170", "100109801", "97112300", "108113700", "98107410", "100108260", "107113180", "112119580", "109118820", "98108520", "113122230", "111121930", "104114740", "98108970", "102121700", "110115120", "111118810", "108119550", "101110200", "103109641", "113120070", "113118111", "99121440", "107119390", "103113640", "100108580", "111114321", "97106591", "105116860", "99108460", "98108150", "111116990", "103113101", "105113190", "110114561", "107113130", "109117600", "112120640", "111116040", "113119340", "102110750", "107114200", "112116451", "97113900", "98106111", "113120780", "111117571", "100109890", "107117010", "99112531", "107115250", "99111930", "99109161", "107121640", "98117740", "109116750", "102121440", "104113190", "104118070", "98108580", "104111531", "104114230", "113119120", "109114720", "97107950", "112118511", "99108000", "100109360", "108115250", "109120540", "103113610", "105116980", "97109570", "97107681", "99114890", "97106820", "113117340", "98120010", "98106680", "112117431", "111119340", "99112840", "107119130", "97106970", "113122510", "105110091", "104111990", "113120591", "111121351", "101112690", "103110760", "110119891", "108115500", "111120190", "97105760", "99113260", "105116650", "97116401"], "labels": [3, 2, 3, 3, 0, 3, 3, 3, 0, 0, 1, 1, 1, 2, 3, 0, 1, 3, 3, 1, 2, 1, 1, 1, 0, 3, 2, 0, 3, 0, 1, 1, 0, 3, 2, 3, 3, 3, 3, 0, 3, 0, 3, 1, 2, 0, 2, 0, 3, 3, 3, 3, 3, 2, 1, 1, 2, 3, 1, 0, 0, 1, 2, 1, 2, 1, 2, 2, 1, 0, 1, 1, 2, 0, 0, 0, 3, 3, 0, 1, 1, 0, 0, 0, 1, 2, 0, 2, 0, 0, 3, 3, 1, 3, 2, 1, 3, 1, 2, 0, 2, 3, 2, 0, 0, 2, 3, 0, 2, 1, 2, 0, 1, 1, 2, 0, 0, 3, 2, 1, 2, 2, 1, 0, 3, 2, 1, 2, 2, 0, 2, 0, 0, 1, 1, 3, 3, 3, 0, 0, 1, 3], "predicted_labels": [1, 1, 1, 1, 1, 3, 1, 0, 3, 3, 3, 3, 1, 3, 1, 1, 3, 3, 0, 1, 1, 0, 3, 3, 3, 3, 1, 1, 1, 3, 3, 3, 1, 3, 0, 1, 1, 0, 0, 3, 0, 0, 0, 1, 1, 3, 0, 0, 0, 0, 1, 3, 3, 1, 1, 3, 3, 1, 1, 3, 3, 3, 3, 1, 1, 3, 1, 3, 1, 3, 1, 1, 1, 3, 1, 3, 1, 3, 3, 3, 3, 3, 3, 3, 1, 3, 0, 1, 1, 1, 3, 3, 3, 1, 3, 1, 1, 3, 3, 0, 3, 1, 3, 1, 1, 3, 3, 3, 1, 3, 1, 3, 1, 3, 2, 3, 3, 3, 1, 1, 3, 1, 1, 3, 3, 3, 1, 3, 1, 1, 3, 0, 1, 1, 1, 3, 1, 3, 1, 1, 3, 1], "confidence_scores": [[0.26373454734752927, 0.2915520371121167, 0.17209856758011172, 0.27261484796024255], [0.20332569903046072, 0.3356400784704549, 0.15316388804509098, 0.3078703344539935], [0.2736688589871034, 0.3002953741519098, 0.1524235071361363, 0.2736122597248504], [0.22474209181197427, 0.3283021479253852, 0.18640977066677042, 0.2605459895958702], [0.2195028281305731, 0.30916157925704574, 0.22440173251907614, 0.2469338600933052], [0.23441082978689096, 0.27338248078177985, 0.18761305922418153, 0.3045936302071476], [0.187373663460004, 0.33422706753278403, 0.18363466211990215, 0.2947646068873098], [0.29897890411122846, 0.28104866070738554, 0.18114505295445796, 0.2388273822269281], [0.26975688490484523, 0.22913389196426767, 0.20598229707623836, 0.29512692605464885], [0.26215330958071403, 0.24779838668764229, 0.18622219420428907, 0.3038261095273547], [0.22326023268689096, 0.2799714582776217, 0.17015332022094076, 0.32661498881454665], [0.2767593190836394, 0.2444925321160441, 0.18587180309452836, 0.2928763457057883], [0.22253679576022192, 0.28804669005182176, 0.21942220701116633, 0.2699943071767902], [0.24583481071694377, 0.2860279330476072, 0.16884201077483305, 0.2992952454606161], [0.18498873284133344, 0.33832283398659757, 0.2178699284807997, 0.2588185046912693], [0.16001406535344045, 0.36350312078736297, 0.19527277372457, 0.2812100401346267], [0.2191557165701289, 0.25928516260967144, 0.217221488100379, 0.3043376327198206], [0.23461102372051124, 0.29979962929979015, 0.1568782984926422, 0.3087110484870566], [0.31313684015392157, 0.2274438988793744, 0.18149614131854575, 0.27792311964815825], [0.17759183715797963, 0.2998701405746209, 0.241149376590269, 0.2813886456771305], [0.19225366334965113, 0.32078024032849695, 0.24754313909231482, 0.23942295722953733], [0.28995206916109506, 0.2487199936408573, 0.1756643920551939, 0.28566354514285386], [0.30240468653764124, 0.2015764560113595, 0.14549267482434738, 0.3505261826266522], [0.24141476865247896, 0.27405330663438193, 0.19639751179806386, 0.28813441291507547], [0.24116818089028025, 0.2610660695470972, 0.20277895121479875, 0.2949867983478241], [0.2495863417529665, 0.2896768469705868, 0.16878987580287183, 0.2919469354735748], [0.2015719650626956, 0.32523175161984674, 0.1934065511752726, 0.27978973214218505], [0.26318926714591107, 0.3184985114634716, 0.1817719730685769, 0.23654024832204043], [0.2601178141902708, 0.2750768043942751, 0.1993284171153217, 0.26547696430013273], [0.24371126517382857, 0.2351685677950842, 0.16833179617244828, 0.35278837085863907], [0.27918286671467646, 0.21017908440302754, 0.193940874770218, 0.31669717411207793], [0.1942438991375781, 0.2718990686981338, 0.17813138884104682, 0.3557256433232414], [0.2654734655502046, 0.3135662094171554, 0.1884215947812808, 0.23253873025135938], [0.22854152880604695, 0.27212641233821616, 0.2005547511420488, 0.2987773077136883], [0.274316691226972, 0.27063668344247455, 0.18826767689522744, 0.2667789484353261], [0.22961831417499276, 0.33173251139385745, 0.17297264382332295, 0.26567653060782687], [0.1940462698625714, 0.3326033736772506, 0.18225035454813676, 0.2911000019120413], [0.28912040242406706, 0.276738774365173, 0.18890749561152143, 0.24523332759923885], [0.30011424107261414, 0.27250234722096606, 0.19361846368772018, 0.23376494801869976], [0.25849960360698954, 0.24582942771453753, 0.19614372266519745, 0.29952724601327546], [0.2882246467860865, 0.2510582575213822, 0.19009759216404337, 0.27061950352848796], [0.2926291356460025, 0.21338071851052853, 0.20292641598683064, 0.29106372985663836], [0.31219085800745006, 0.23301272437382425, 0.158888298449943, 0.29590811916878257], [0.21808395835846464, 0.3070244167021495, 0.2212887306005492, 0.2536028943388369], [0.17171663305587706, 0.3130734535968699, 0.21433439055331469, 0.3008755227939385], [0.2623545718497939, 0.24529968616958592, 0.1990125759395157, 0.2933331660411047], [0.29026865227084964, 0.25596827633459696, 0.17970804667021548, 0.2740550247243382], [0.3146954093523691, 0.25471848041372713, 0.1770474133904705, 0.25353869684343316], [0.30657068865274645, 0.22588327938424982, 0.20412312715928174, 0.26342290480372216], [0.28237590371001575, 0.27193973419501366, 0.18435328386735758, 0.2613310782276132], [0.2720759860507127, 0.2722693140433668, 0.19534190121541214, 0.26031279869050855], [0.21685988635027062, 0.28792752372711644, 0.14046628014103144, 0.3547463097815814], [0.2294364303662007, 0.25586319442386496, 0.17570599410023582, 0.3389943811096984], [0.24523994968970328, 0.32828070231841744, 0.14485362981204275, 0.2816257181798365], [0.24586742161063163, 0.2841261380363336, 0.229092499857615, 0.2409139404954199], [0.29199998377501546, 0.21275672431115042, 0.15552756206058785, 0.33971572985324644], [0.20652803883356782, 0.29619520222088586, 0.19087461104906506, 0.3064021478964814], [0.1995801613052458, 0.36434636075929455, 0.16013822641150496, 0.2759352515239545], [0.2600355829229566, 0.29363043701215163, 0.1995271694545986, 0.24680681061029322], [0.25264238477904644, 0.28702577177765326, 0.13982711082046623, 0.3205047326228342], [0.2789002005234508, 0.25501388381756407, 0.16525570153828967, 0.30083021412069555], [0.22174356342246498, 0.27081486509312375, 0.19208854516847235, 0.3153530263159394], [0.2155061500538601, 0.29256491387807215, 0.18442944043851203, 0.30749949562955586], [0.24626665274556597, 0.29961274503875673, 0.16233140307851623, 0.2917891991371612], [0.21236537274223238, 0.32826275125243193, 0.17277722511818971, 0.28659465088714603], [0.2425935886468293, 0.25845963472568206, 0.16655324198425664, 0.33239353464323224], [0.26458225299109256, 0.2990895294114713, 0.22942008194349145, 0.2069081356539448], [0.1950997840485162, 0.28601279163226784, 0.22341966437593413, 0.29546775994328206], [0.27481844012878537, 0.27512157149525807, 0.17599195595516573, 0.2740680324207909], [0.24296440963251115, 0.24653449725568383, 0.23911686790431702, 0.2713842252074883], [0.2194168125027265, 0.32535085583931334, 0.1977565314934166, 0.25747580016454374], [0.20745556359168354, 0.3621725362032314, 0.20793951693651866, 0.22243238326856637], [0.28004870993234693, 0.29015905418698246, 0.16993550573190133, 0.2598567301487694], [0.22116503775078286, 0.27247046886463105, 0.18753179398366487, 0.3188326994009213], [0.1796593180432577, 0.360493529346619, 0.18412754509987814, 0.2757196075102451], [0.3037003323166806, 0.23971727018552766, 0.14080021755539646, 0.31578217994239527], [0.21538249006938057, 0.3344503298647956, 0.1997648969387025, 0.2504022831271215], [0.27135009903594026, 0.23233665268797019, 0.196958555305443, 0.2993546929706465], [0.2730757801900036, 0.23620215127220434, 0.17766434478960524, 0.31305772374818686], [0.22320548558255457, 0.24229410936919585, 0.26461893348873833, 0.2698814715595111], [0.24810704086600632, 0.23870433776434732, 0.20016242015097624, 0.31302620121867053], [0.2530693375643015, 0.23075825265317762, 0.23274433583153595, 0.283428073950985], [0.23267675748398708, 0.27136121711323813, 0.1802238447624257, 0.315738180640349], [0.28150869732932005, 0.22961166500739755, 0.14640146595678163, 0.3424781717065008], [0.2503166882620294, 0.3335277094751145, 0.1977199536783113, 0.21843564858454484], [0.2503113239310278, 0.24873948032701507, 0.15335376388132102, 0.3475954318606363], [0.31565407946307245, 0.24694054363042647, 0.14092214832710095, 0.2964832285793999], [0.22742944901850085, 0.2935986197853397, 0.19077408252686387, 0.2881978486692957], [0.23304807261471328, 0.3012590921928054, 0.2050409681227726, 0.26065186706970883], [0.23014185143863825, 0.3272682048012922, 0.1947797381557667, 0.2478102056043029], [0.2679635781188371, 0.2625122606456423, 0.20035576685109166, 0.2691683943844291], [0.27817924764022783, 0.19872129532061666, 0.20136297304891052, 0.32173648399024485], [0.20393896408643702, 0.2780855416003435, 0.17100516568737137, 0.34697032862584815], [0.24577145536514042, 0.3153522146957377, 0.15644653311201798, 0.282429796827104], [0.23587918726930046, 0.2677809797280256, 0.22408179104243406, 0.27225804196023984], [0.16178271537707353, 0.3885018747761141, 0.1992755219356118, 0.2504398879112009], [0.24573396127789132, 0.35125465635526504, 0.17571748686037733, 0.22729389550646636], [0.21024413656934945, 0.23398220928111169, 0.21820100939019624, 0.33757264475934273], [0.22051096961136654, 0.279864608274811, 0.20172403755193777, 0.297900384561885], [0.26386618749462565, 0.25388394725597907, 0.2342208120581221, 0.24802905319127322], [0.22459107178685106, 0.27975900120310104, 0.21118626699813006, 0.28446366001191814], [0.2829229734694104, 0.32958723317196464, 0.15762508994841645, 0.22986470341020845], [0.17033808123438296, 0.3200866571589282, 0.18120611725900398, 0.3283691443476851], [0.2972199859028402, 0.3029694794441636, 0.16615256942266318, 0.23365796523033316], [0.2277295793590734, 0.31347353705846026, 0.20085289276406385, 0.25794399081840264], [0.2016196561407347, 0.2772883249252131, 0.19844744263760716, 0.3226445762964453], [0.24674445061650604, 0.28816831166158513, 0.17251305203761824, 0.2925741856842905], [0.20009730934973347, 0.29049279823930546, 0.17212771156131315, 0.33728218084964806], [0.23985225581531394, 0.308844719090905, 0.19299067192743674, 0.2583123531663445], [0.18436278327493383, 0.2971576940283943, 0.17633294949158337, 0.3421465732050888], [0.15492545084107695, 0.33192026769992056, 0.25163049992863656, 0.261523781530366], [0.20755628596269823, 0.23158809619078113, 0.22042487126804172, 0.34043074657847916], [0.2352130892602537, 0.2923684276655907, 0.20692055320765249, 0.2654979298665033], [0.24659507271129674, 0.2666301247189156, 0.17040113940453683, 0.3163736631652511], [0.21534054437860967, 0.26940724431495366, 0.27257175868759925, 0.2426804526188374], [0.29214643317454514, 0.24524998899355552, 0.16446714524432746, 0.29813643258757216], [0.2051767044980131, 0.2938061079490092, 0.19277350571488477, 0.30824368183809314], [0.17561690301451158, 0.25080199428225347, 0.22716124708299051, 0.3464198556202445], [0.160633159603493, 0.3746012771815739, 0.2228409575299772, 0.2419246056849562], [0.26778695263985386, 0.28713747438396314, 0.17025767322138158, 0.2748178997548017], [0.2187856980838548, 0.2640401525114411, 0.19527982581132497, 0.32189432359337916], [0.2540754222834247, 0.27801406833818976, 0.2059527198606761, 0.26195778951770965], [0.23640979861183833, 0.31937377782166304, 0.17922707943530508, 0.2649893441311938], [0.28163886219025447, 0.2582261794467656, 0.16314022468167347, 0.29699473368130663], [0.30213684193529955, 0.22103009744429766, 0.15102372239806733, 0.3258093382223355], [0.18977203912693402, 0.3030480802370941, 0.2016495994251986, 0.3055302812107734], [0.2426788615873593, 0.3082900087501971, 0.16665353336805067, 0.282377596294393], [0.24996422298596513, 0.26541074048878327, 0.16151088200786046, 0.32311415451739106], [0.2390717581743466, 0.35430411421254776, 0.14838306285126254, 0.25824106476184316], [0.23392003955688792, 0.30635317849569726, 0.17454031785686885, 0.285186464090546], [0.22444259555029017, 0.2729834187358919, 0.21103175603049762, 0.2915422296833207], [0.3087910639557592, 0.26446609261151904, 0.17076614533250098, 0.25597669810022083], [0.22396140788492194, 0.32904894331583917, 0.1360552902887959, 0.3109343585104431], [0.23532151575806368, 0.3053714862993964, 0.19556637423013798, 0.26374062371240187], [0.2411994200726344, 0.3109916225755557, 0.15342295935162598, 0.29438599800018406], [0.20153365023178466, 0.2462691729576257, 0.21290079626215952, 0.33929638054843003], [0.18883056517150468, 0.36190207519115924, 0.18597252221383456, 0.2632948374235017], [0.2350967428559475, 0.2782431659952618, 0.1645517563438016, 0.32210833480498935], [0.2223186517148806, 0.2852629281456732, 0.2121715624849185, 0.280246857654528], [0.20555349395279826, 0.32862405594577737, 0.2480544029944092, 0.21776804710701533], [0.2542605740190585, 0.26176509291490396, 0.22114134856485904, 0.2628329845011787], [0.22931543912237665, 0.2996976739170965, 0.23320240390880606, 0.23778448305172098]]}, "rewritten": {"ids": ["97105760", "97106591", "97106820", "97106970", "97107681", "97107950", "97109570", "97112300", "97113260", "97113900", "97114170", "97116401", "98106111", "98106680", "98107210", "98107410", "98108150", "98108520", "98108580", "98108970", "98109230", "98117740", "98120010", "99108000", "99108460", "99109161", "99111930", "99112531", "99112840", "99113260", "99114890", "99117740", "99121440", "100108260", "100108580", "100109360", "100109801", "100109890", "100113370", "100120010", "101110200", "101112690", "101114990", "102110750", "102111990", "102113210", "102117351", "102121440", "102121700", "103109641", "103110220", "103110760", "103111480", "103111620", "103113101", "103113610", "103113640", "103120340", "104111531", "104111990", "104113190", "104114230", "104114740", "104118070", "105110091", "105113170", "105113190", "105113210", "105114220", "105116650", "105116860", "105116980", "105121190", "106111321", "106116120", "106116850", "106117770", "107113130", "107113170", "107113180", "107113840", "107114200", "107115250", "107117010", "107119130", "107119390", "107121640", "108113700", "108114270", "108115250", "108115500", "108119550", "108120280", "109114220", "109114720", "109116750", "109117600", "109118820", "109120540", "110113591", "110114561", "110114610", "110115120", "110115580", "110117110", "110117140", "110117200", "110118880", "110119300", "110119891", "111114321", "111116040", "111116990", "111117480", "111117571", "111118810", "111119250", "111119340", "111119580", "111120190", "111121351", "111121930", "112116451", "112117431", "112118511", "112119580", "112120630", "112120640", "113117340", "113117401", "113118111", "113119120", "113119340", "113119450", "113120070", "113120540", "113120591", "113120780", "113120830", "113121980", "113122230", "113122510"], "labels": [0, 1, 1, 2, 3, 2, 0, 2, 1, 2, 2, 3, 0, 1, 1, 3, 0, 2, 0, 3, 1, 2, 2, 2, 0, 3, 1, 3, 2, 0, 2, 2, 2, 3, 0, 0, 0, 3, 3, 0, 2, 1, 3, 1, 2, 3, 1, 2, 1, 1, 2, 1, 0, 0, 3, 2, 1, 1, 0, 2, 3, 2, 2, 2, 0, 0, 3, 3, 3, 1, 2, 0, 2, 0, 1, 3, 0, 1, 0, 3, 3, 2, 2, 1, 1, 2, 1, 0, 3, 1, 3, 1, 3, 3, 0, 0, 1, 3, 1, 0, 0, 1, 0, 1, 0, 3, 3, 0, 1, 3, 1, 0, 0, 1, 3, 0, 1, 3, 3, 3, 0, 1, 0, 0, 1, 3, 3, 0, 2, 3, 1, 3, 0, 3, 2, 3, 0, 0, 3, 2, 1, 2], "predicted_labels": [1, 1, 3, 3, 3, 3, 1, 3, 3, 1, 1, 1, 1, 1, 3, 0, 1, 1, 3, 1, 1, 3, 1, 1, 1, 1, 1, 1, 1, 1, 1, 3, 1, 3, 3, 3, 0, 3, 3, 1, 3, 1, 3, 1, 3, 0, 3, 1, 1, 3, 1, 1, 0, 1, 1, 3, 3, 3, 1, 3, 1, 3, 3, 1, 1, 3, 0, 1, 1, 3, 1, 3, 1, 1, 1, 3, 3, 1, 3, 1, 1, 3, 1, 3, 1, 1, 3, 0, 1, 1, 1, 3, 1, 3, 3, 0, 3, 3, 3, 1, 3, 1, 3, 3, 1, 3, 0, 3, 1, 1, 1, 3, 3, 1, 3, 3, 1, 1, 0, 1, 1, 3, 0, 0, 3, 3, 3, 3, 3, 3, 3, 3, 0, 3, 1, 3, 1, 1, 3, 1, 3, 1], "confidence_scores": [[0.19850308628504507, 0.32934016937563704, 0.15556739195615937, 0.3165893523831586], [0.22525229357685206, 0.312300972626658, 0.17050231620882716, 0.29194441758766276], [0.26139287619431834, 0.2567909205014966, 0.19168100865584128, 0.2901351946483437], [0.23134770142872985, 0.27968417412274715, 0.17278900605749642, 0.31617911839102664], [0.24383613435983612, 0.23212881620064177, 0.1994704926987676, 0.3245645567407547], [0.23362036055315458, 0.27194157307963357, 0.16753402039713855, 0.3269040459700736], [0.2418357111676804, 0.2974086050635364, 0.17133722037671903, 0.28941846339206434], [0.2639148512164118, 0.21775033322880852, 0.22979376042738675, 0.28854105512739303], [0.23150223933438568, 0.2264759939039556, 0.20675041628721044, 0.33527135047444856], [0.24589367423310257, 0.3151731342855457, 0.16719209883103747, 0.2717410926503144], [0.21337421909343113, 0.29806105933385996, 0.19173330680030215, 0.2968314147724069], [0.21143690085521574, 0.30965392631493205, 0.25148064613445376, 0.22742852669539865], [0.23450136906293373, 0.31664743116532357, 0.2263654863990262, 0.2224857133727166], [0.21856319423037684, 0.3321561752183781, 0.2034574256498163, 0.24582320490142875], [0.23714065536686108, 0.26438856278453093, 0.19110153265305013, 0.307369249195558], [0.32097197685074447, 0.2147144420392961, 0.1817227485472507, 0.2825908325627089], [0.21026620607011037, 0.33286294626150287, 0.1930754884245371, 0.2637953592438496], [0.28084037601391687, 0.3187550630051088, 0.14247974445822315, 0.2579248165227511], [0.2727195005832182, 0.27044662478587184, 0.15943250856425167, 0.2974013660666584], [0.22229657977017203, 0.33483412592205275, 0.19848603776669282, 0.24438325654108248], [0.25657554291903834, 0.275590685114653, 0.20594420527258406, 0.2618895666937249], [0.2182325869415396, 0.2514992058862376, 0.21653315426521685, 0.3137350529070059], [0.24695467773561777, 0.30096980320965555, 0.19167017662929392, 0.26040534242543273], [0.153619924567193, 0.3468285219121213, 0.26013355712701786, 0.23941799639366765], [0.20419568288923173, 0.3220318875221732, 0.17262177932679085, 0.30115065026180426], [0.2461601692319624, 0.35100115521008257, 0.17481432401701685, 0.2280243515409381], [0.19243540381111465, 0.3552133266109041, 0.1894789327410362, 0.2628723368369453], [0.24216519233194433, 0.29941549581007587, 0.17220612601947544, 0.2862131858385047], [0.23582287820403242, 0.2954873902591333, 0.21230033046696062, 0.2563894010698739], [0.2041501706258547, 0.29940396761209104, 0.23919855651579056, 0.2572473052462636], [0.22653095325681805, 0.3043001434212988, 0.19640333408234179, 0.2727655692395416], [0.26656467826498714, 0.23802545483584456, 0.15677079617172535, 0.338639070727443], [0.21841810060732744, 0.3836272505767657, 0.16902380672446377, 0.22893084209144324], [0.2604860221753407, 0.2393976988923767, 0.20764497990075295, 0.2924712990315298], [0.2566278911219676, 0.2486930975852548, 0.22171351550607896, 0.2729654957866986], [0.22518034321437683, 0.2505122689015259, 0.1988563097860999, 0.3254510780979975], [0.2887673548041023, 0.22363224529267098, 0.2239311907756832, 0.26366920912754366], [0.24361979529827058, 0.23161700637056393, 0.2070425756538251, 0.3177206226773404], [0.21579436627262027, 0.28156460726992805, 0.2200112788100561, 0.2826297476473958], [0.2014981049881538, 0.31931152856647044, 0.20479705729969117, 0.274393309145685], [0.2304441077642069, 0.2716475922555324, 0.19738720568653897, 0.3005210942937218], [0.18822849077206938, 0.3281199932233108, 0.2151305894190365, 0.2685209265855836], [0.21447448843329042, 0.29527934761532565, 0.1816558004627559, 0.3085903634886283], [0.21487352643373508, 0.32664953889964043, 0.24190999774889096, 0.21656693691773332], [0.271976511298349, 0.2654783346332712, 0.16759462819953974, 0.2949505258688401], [0.3049632862928737, 0.2554323653372786, 0.20108231222122183, 0.2385220361486261], [0.2810198722661359, 0.2430367174499877, 0.16001571936017497, 0.3159276909237017], [0.26296041984372354, 0.2930338384915605, 0.16576400128813262, 0.2782417403765838], [0.29015870651297987, 0.2912581499904755, 0.18212171244980152, 0.23646143104674328], [0.24518542177894723, 0.265385273267193, 0.1703481303604085, 0.3190811745934515], [0.2204600392583307, 0.3055439465624976, 0.19263159066028726, 0.2813644235188845], [0.2611173007433689, 0.31668670191214326, 0.14544234813855497, 0.27675364920593304], [0.28203658754402405, 0.2482141461470772, 0.1906560075185601, 0.2790932587903387], [0.2653879584219067, 0.31313821947073783, 0.21000714213205018, 0.2114666799753055], [0.19856815356312207, 0.3416790995130964, 0.21864398409525365, 0.241108762828528], [0.20430896448557065, 0.25420120507002497, 0.26989302776823765, 0.271596802676167], [0.26724889445742217, 0.21954099101376653, 0.19108198590144268, 0.32212812862736867], [0.24538018228049205, 0.2615282956001048, 0.21730675870741684, 0.27578476341198654], [0.27348963888968564, 0.3173198086153374, 0.17889461202921259, 0.23029594046576432], [0.25070450725971294, 0.2497754747131855, 0.2083209096804762, 0.2911991083466255], [0.21824279001548383, 0.33396552577212324, 0.1476417208548892, 0.30014996335750377], [0.18283606466991767, 0.3054513524612721, 0.19603827473178714, 0.31567430813702324], [0.2215703140461704, 0.28616637233969816, 0.15833980197909608, 0.3339235116350354], [0.19776787940305518, 0.3299958033075129, 0.2001838266368444, 0.27205249065258763], [0.24775363501359712, 0.31578077391635273, 0.17508405240054067, 0.2613815386695095], [0.22493896098751825, 0.24725062764513184, 0.21295405007855298, 0.31485636128879685], [0.30420246116639094, 0.24424055736510927, 0.18712957543615605, 0.2644274060323436], [0.24703984350593955, 0.34830835772631524, 0.1541696278812976, 0.2504821708864474], [0.251267651890146, 0.2875909651677725, 0.17770714960405784, 0.28343423333802376], [0.23520001516428007, 0.2855332632321612, 0.18365571688171936, 0.29561100472183943], [0.2688998462705728, 0.3057532650096136, 0.1653137038110778, 0.26003318490873584], [0.28019762628910266, 0.24505137851418976, 0.1897603735183865, 0.28499062167832095], [0.20851820033989452, 0.3130651061524221, 0.20568633718953225, 0.2727303563181513], [0.2566847343912994, 0.27464657007538645, 0.22045001855458946, 0.2482186769787247], [0.22492913667441342, 0.2898137452225183, 0.21425701023952892, 0.2710001078635395], [0.2678366772158088, 0.27337644068762773, 0.16179589698187627, 0.29699098511468747], [0.25146637920674, 0.2442426293901131, 0.17580132384987884, 0.32848966755326836], [0.2534959281274985, 0.2842645509196124, 0.19953013711820902, 0.2627093838346804], [0.24346309861559046, 0.2737893280242208, 0.2007739256126882, 0.28197364774750083], [0.21968904935607422, 0.30707845054099886, 0.20508895225887067, 0.26814354784405636], [0.22704805394171612, 0.33176235274120947, 0.1518075647525459, 0.2893820285645285], [0.2271097335790764, 0.29211704856600884, 0.1492963647703623, 0.3314768530845526], [0.22793035295543507, 0.2972717198258051, 0.2184171281955544, 0.25638079902320565], [0.23851076567731794, 0.26760402363427976, 0.18354004175165411, 0.31034516893674824], [0.24445328504171165, 0.315365981855579, 0.17363740338539824, 0.2665433297173113], [0.23548963674650977, 0.27490928085273814, 0.21511448828456875, 0.27448659411618326], [0.20468414017372855, 0.25368561879829044, 0.2305851456848856, 0.3110450953430957], [0.29047262996978224, 0.25401345799934205, 0.21273121467939313, 0.24278269735148264], [0.23872210332723326, 0.333949661157063, 0.1772742217535491, 0.2500540137621547], [0.21726951610004094, 0.2885206467885903, 0.21620770604078068, 0.27800213107058824], [0.19835721977769594, 0.3674057763906531, 0.22800357215972245, 0.20623343167192862], [0.21534827545454133, 0.28566650473085736, 0.19528279352482628, 0.3037024262897753], [0.2603617801971569, 0.29635016623747623, 0.1999341827924803, 0.24335387077288675], [0.23705132598226214, 0.24931625209713787, 0.24165016162002168, 0.2719822603005786], [0.21023154790784582, 0.28303036693766614, 0.19358751574901556, 0.3131505694054724], [0.2738753408943114, 0.26716584199559995, 0.2044578680900579, 0.25450094902003073], [0.2635074795767098, 0.25606257114097325, 0.20503528467179333, 0.2753946646105239], [0.20251259873826616, 0.2762514891663336, 0.20499778258090262, 0.31623812951449787], [0.26344500044102753, 0.23730472417180284, 0.15786206492003638, 0.34138821046713347], [0.2566239001393086, 0.3248862381599211, 0.1433966343088783, 0.27509322739189196], [0.24493495319563835, 0.2680824008976985, 0.1884228720637248, 0.2985597738429384], [0.21113781927211242, 0.31517933200264137, 0.19099691484596462, 0.28268593387928176], [0.24704974551886053, 0.25804291747842717, 0.20158155053504004, 0.2933257864676725], [0.2718081317427438, 0.26642847300290595, 0.17741007982093812, 0.28435331543341225], [0.22762893193616737, 0.316507743412954, 0.22171635651501626, 0.2341469681358622], [0.2009817898201124, 0.29657279237501344, 0.19168689599211877, 0.3107585218127555], [0.2832549686080148, 0.2581042672257456, 0.1831086731492038, 0.27553209101703596], [0.26496439472346084, 0.2519324658030445, 0.17505137703646387, 0.30805176243703075], [0.23036491489673203, 0.29580325160010607, 0.23727253677978474, 0.23655929672337733], [0.2257564432254792, 0.2864913895636397, 0.20603032754932282, 0.28172183966155845], [0.20135808753467746, 0.36004866238859184, 0.20119647108837094, 0.2373967789883598], [0.19667696065302614, 0.27991165912786464, 0.21708750849716318, 0.30632387172194586], [0.26022957973441874, 0.26871173012083216, 0.14404598107214947, 0.32701270907259944], [0.24556741261106932, 0.28222545550577705, 0.19618093825584645, 0.2760261936273073], [0.2743386884594912, 0.2769227176629242, 0.1319677062923214, 0.31677088758526323], [0.28568999504043174, 0.2625505623718141, 0.15225855766645685, 0.2995008849212974], [0.21109673387466882, 0.3201977421018913, 0.2034548464307563, 0.26525067759268395], [0.28017325471184334, 0.28273862666151833, 0.16043843940198713, 0.2766496792246514], [0.31890225976159203, 0.2977142104565961, 0.1791817309727713, 0.20420179880904063], [0.23578932463253838, 0.29541355708040057, 0.18251047411590027, 0.28628664417116084], [0.22474374977816156, 0.3300267334364435, 0.16955922223953773, 0.27567029454585723], [0.2676876296990923, 0.22968394499859368, 0.16225906053274525, 0.3403693647695688], [0.2920259477509013, 0.2752741950630939, 0.17013605810599036, 0.2625637990800145], [0.31154241192209786, 0.2593805418089323, 0.17383111745250454, 0.25524592881646535], [0.20393663776072443, 0.31043498301289024, 0.14561610483651186, 0.3400122743898736], [0.18638507191933631, 0.3095853203905927, 0.16883851416584064, 0.3351910935242303], [0.23366071333090452, 0.3036617373994853, 0.1396762026180526, 0.32300134665155766], [0.21478359029425548, 0.25172553520189567, 0.2282345796089749, 0.30525629489487427], [0.2091025313650809, 0.2512099329953681, 0.22473285653732478, 0.31495467910222624], [0.2603486684402605, 0.24417677002113908, 0.2078090186149792, 0.2876655429236213], [0.24427283164752173, 0.2750712215280337, 0.16108770105067255, 0.31956824577377224], [0.2318251967679143, 0.26536281431749953, 0.201765926780911, 0.30104606213367535], [0.3141233810788579, 0.23663378486812062, 0.15109922256541697, 0.2981436114876047], [0.23677002859892088, 0.2810566876536215, 0.17988013942315992, 0.3022931443242978], [0.25542360341846626, 0.322193136763534, 0.1423505718835597, 0.28003268793444014], [0.26168697811016445, 0.2384802679435003, 0.16913211588209484, 0.3307006380642403], [0.26073535953977073, 0.28165418941126874, 0.18688545913006036, 0.27072499191890026], [0.2593846821496025, 0.3125708711261286, 0.20296270083174706, 0.22508174589252194], [0.23759756333220886, 0.25478154044365264, 0.20887015038998655, 0.298750745834152], [0.21774173643284822, 0.32804387000672797, 0.18224999770995415, 0.2719643958504697], [0.2199548681605363, 0.2564454796526764, 0.2087744578626655, 0.3148251943241218], [0.18006094403373774, 0.36012809492640324, 0.20661251770632652, 0.2531984433335325]]}}