{"test": {"ids": ["110116441", "112116850", "107118120", "112119950", "112121010", "98107210", "113122230", "105115250", "102112170", "97112170", "111118910", "108113620", "99109141", "107114950", "100111380", "110118111", "104117630", "102112301", "103110050", "106114321", "97112830", "99107560", "100108990", "111120320", "112117471", "112118930", "106113260", "113117630", "111121220", "101108290", "102108621", "112119980", "113119450", "105113480", "111119300", "104111550", "109118231", "109120560", "112120270", "111114171", "107121700", "104113210", "111116040", "106119990", "106114280", "101119591", "112116800", "107115140", "97106600", "113122190", "111115770", "100120780", "103111830", "111121930", "110121450", "108117451", "110116300", "112118860", "112118471", "98110810", "99111440", "111115400", "113120531", "111116990", "110118301", "106117790", "110118630", "98107410", "105112260", "100109890", "110115120", "110118161", "105121190", "112116990", "113117401", "101111990", "104116441", "112121030", "106115120", "101112690", "110119030", "111116170", "98112580", "113121220", "110115890", "108114270", "99116500", "107113360", "99109311", "112117580", "111115620", "107118490", "108118630", "109113881", "107118820", "104114740", "112116451", "112118511", "113119300", "113119360", "103111540", "108114670", "110121720", "112120670", "111115910", "109116441", "112116290", "109114220", "98112300", "97107681", "105116860", "99107500", "109117110", "104114230", "104111780", "113118111", "110115140", "99111930", "105116090", "103109021", "105115570", "110117200", "99117630", "104112201", "112119930", "109118820", "113121410", "101110740", "112120290", "109117150", "113119120", "99110730", "102113350", "101108121", "108114220", "111120260", "109119340", "105110251", "105116441", "98108520", "112118820", "104111880"], "labels": [3, 0, 3, 0, 2, 1, 1, 2, 3, 0, 0, 3, 3, 3, 3, 1, 0, 1, 3, 2, 2, 1, 2, 1, 3, 1, 3, 0, 3, 0, 3, 0, 3, 0, 1, 1, 1, 1, 0, 3, 3, 3, 0, 0, 3, 0, 0, 0, 3, 1, 3, 1, 3, 1, 3, 2, 3, 3, 1, 1, 3, 0, 0, 0, 1, 1, 1, 3, 3, 3, 0, 0, 2, 0, 3, 2, 1, 0, 1, 1, 0, 0, 2, 3, 2, 3, 2, 0, 1, 0, 1, 2, 1, 0, 3, 2, 0, 1, 1, 0, 1, 3, 3, 2, 2, 3, 0, 3, 2, 3, 2, 0, 1, 2, 3, 1, 0, 1, 1, 0, 0, 3, 3, 0, 1, 3, 0, 3, 1, 2, 3, 3, 3, 0, 3, 3, 3, 0, 1, 2, 0, 3], "predicted_labels": [1, 3, 1, 3, 1, 1, 1, 1, 3, 0, 1, 1, 0, 3, 1, 0, 1, 1, 1, 0, 1, 1, 1, 1, 1, 3, 1, 3, 1, 3, 0, 3, 3, 1, 1, 1, 1, 3, 3, 0, 1, 0, 3, 3, 1, 0, 1, 3, 3, 1, 3, 1, 3, 3, 1, 3, 1, 1, 3, 1, 1, 3, 1, 3, 0, 1, 1, 0, 1, 3, 3, 1, 1, 3, 3, 1, 1, 3, 3, 1, 1, 3, 1, 3, 1, 1, 1, 0, 1, 3, 1, 1, 3, 0, 1, 1, 0, 1, 3, 3, 3, 1, 3, 1, 1, 3, 3, 1, 0, 0, 1, 1, 1, 1, 1, 1, 3, 1, 1, 1, 1, 1, 1, 0, 1, 1, 1, 1, 3, 1, 1, 2, 1, 0, 3, 1, 1, 0, 1, 1, 1, 1], "confidence_scores": [[0.20167250804750814, 0.31618463203463204, 0.19719853479853489, 0.28494432511932505], [0.20025250027750027, 0.2873448913401701, 0.21152691638426935, 0.3008756919980604], [0.24420275280275286, 0.29145294737941807, 0.21700294117647057, 0.24734135864135878], [0.29020219780219786, 0.20103556998557004, 0.19514514652014647, 0.31361708569208563], [0.18196201576201587, 0.3150335386835387, 0.20873634143634143, 0.2942681041181041], [0.2311713722551959, 0.3017784157019452, 0.2378787720449486, 0.22917143999791065], [0.2272889855242797, 0.3018452996350058, 0.20241751859251883, 0.2684481962481963], [0.20887871555688897, 0.3081363109456765, 0.22466481182216483, 0.25832016167527005], [0.2381035797535798, 0.2266145077145077, 0.20293591686091692, 0.33234599567099576], [0.3230087912087911, 0.26116601617336915, 0.15752763919087456, 0.2582975534269653], [0.20748712398712404, 0.30540614108114134, 0.20055870795870806, 0.28654802697302706], [0.2646373598623599, 0.3128972083472084, 0.14837675380175386, 0.27408867798867786], [0.31012247474747473, 0.28396312576312577, 0.17514960039960045, 0.23076479908979905], [0.230517205017205, 0.27962304362304385, 0.19578090667502426, 0.294078844684727], [0.265334687242582, 0.3053990626676385, 0.20311267229502533, 0.22615357779475442], [0.2966318015318016, 0.2683041070041071, 0.17132559107559106, 0.2637385003885006], [0.22688922188922203, 0.30881485214132276, 0.19235821923174873, 0.2719377067377069], [0.23568490398490405, 0.3306384667619963, 0.1594895770895772, 0.27418705216352285], [0.22944476634476652, 0.3122875155889861, 0.20079305661658622, 0.2574746614496616], [0.3067829801777168, 0.28837668997668986, 0.1731038406038408, 0.23173648924175227], [0.2368735209235211, 0.2880026640026639, 0.2321031801531802, 0.24302063492063503], [0.21532444744797685, 0.33082812742812734, 0.2177011211011212, 0.23614630402277464], [0.21084937562437564, 0.30832930402930425, 0.24419339549339567, 0.2366279248529249], [0.21302349039849053, 0.2821191177587463, 0.24793054369091527, 0.2569268481518483], [0.224362689477705, 0.3414451659451658, 0.1775493633817163, 0.25664278119541284], [0.21760786158286163, 0.2916589327339327, 0.19751367521367535, 0.2932195304695306], [0.2193473805176592, 0.340914687153232, 0.20740237899355557, 0.23233555333555347], [0.226534335109335, 0.2748466505716507, 0.207584620934621, 0.2910343933843936], [0.20400051060051055, 0.31894538239538245, 0.16548138528138537, 0.3115727217227218], [0.2843862054612056, 0.23958570318570316, 0.19133828671328687, 0.28468980463980476], [0.2884271062271064, 0.281241713841714, 0.17845131257631258, 0.25187986735486756], [0.227116244866245, 0.2926568625818626, 0.17039458319458314, 0.3098323093573095], [0.23414879287379298, 0.27782855755355773, 0.1927884115884116, 0.29523423798423787], [0.22570441584559237, 0.3225006573491867, 0.22629615580497953, 0.2254987710002417], [0.2195724830724832, 0.3076499888999889, 0.20111742701742713, 0.271660101010101], [0.19959911754911752, 0.3096561993561995, 0.2541727716727719, 0.2365719114219114], [0.25199644081408795, 0.3368003607503607, 0.1869927783001314, 0.22421042013542009], [0.24338464313464334, 0.2589086802086803, 0.1956612443112446, 0.30204543234543235], [0.26084773282273277, 0.2507800033300035, 0.19098749028749049, 0.2973847735597737], [0.280902346019993, 0.2797567682317683, 0.16192399544899552, 0.27741689029924327], [0.17558135981665393, 0.34705075202575186, 0.2296565720227485, 0.24771131613484565], [0.2767617105117105, 0.2455455766455767, 0.20605425685425702, 0.27163845598845604], [0.23624368964368972, 0.27506051726051733, 0.18646129981129989, 0.30223449328449337], [0.23672227021344672, 0.26332400932400934, 0.1912226027240734, 0.30873111773847073], [0.2151820254908492, 0.2958297535797535, 0.19957468364968367, 0.2894135372797138], [0.2991049284049281, 0.2711948717948719, 0.14360337717837732, 0.2860968226218226], [0.1885308036734509, 0.34128809523809545, 0.19902113605348914, 0.2711599650349653], [0.2365888555888556, 0.22546194948842008, 0.20688825308678255, 0.33106094183594204], [0.24641168194550564, 0.278775727050727, 0.18499620738738404, 0.2898163836163838], [0.2035083222333224, 0.3356487012987015, 0.1708478493728495, 0.28999512709512715], [0.24350498945498963, 0.28116757686757693, 0.16390185925185932, 0.31142557442557445], [0.1992139527139528, 0.32384333824070666, 0.19320128935392106, 0.28374141969141964], [0.2672972027972029, 0.26144005716505714, 0.1947406288156288, 0.27652211122211134], [0.22020762570762592, 0.2808840492840495, 0.1908198634698635, 0.3080884615384616], [0.23079031883149537, 0.3031430458430459, 0.21102589273471636, 0.25504074259074266], [0.2799300238976709, 0.25921754356754356, 0.1520905094905095, 0.3087619230442759], [0.22760768398268388, 0.28021553446553465, 0.24259327894327917, 0.24958350260850268], [0.22136586191586202, 0.3165293123543124, 0.15963013816249125, 0.30247468756733464], [0.26222304362304355, 0.2557075979575979, 0.21251702741702744, 0.26955233100233084], [0.25623381422499075, 0.30330933951669237, 0.2349990235254942, 0.20545782273282281], [0.21076627816627808, 0.35240912975912975, 0.16996112221112236, 0.2668634698634699], [0.22893412736214602, 0.27645704850704844, 0.21309299376234378, 0.28151583036846206], [0.2365666305916306, 0.29734340659340647, 0.18685008880008883, 0.279239874014874], [0.2749251248751248, 0.24223981018981017, 0.1999361194361196, 0.2828989454989457], [0.2937724886224886, 0.29025487731223015, 0.1605023744229627, 0.2554702596423187], [0.2217182345432345, 0.3198818764568763, 0.2403260628260629, 0.21807382617382626], [0.189520424020424, 0.3232388333888333, 0.18393545343545348, 0.3033052891552891], [0.28966264671001535, 0.24190234969708663, 0.20015109685636015, 0.26828390673653824], [0.2015964923964925, 0.30061651126651134, 0.23101780441780462, 0.266769191919192], [0.27610726773226785, 0.242054267954268, 0.18909285436785436, 0.2927456099456101], [0.19536884781884786, 0.2894781496281497, 0.20891620324120327, 0.30623679931179937], [0.27585254108636476, 0.2910919736696053, 0.1616019924519925, 0.2714534927920377], [0.17656746309246318, 0.33730815018315025, 0.22334072594072607, 0.26278366078366067], [0.22418518148518168, 0.24852318237318233, 0.22784329559329566, 0.29944834054834063], [0.28199385614385614, 0.26302230465612836, 0.15219942084059734, 0.3027844183594184], [0.18483880230880237, 0.2960683954933954, 0.2307464235764236, 0.28834637862137874], [0.22259688089688096, 0.31349453193864957, 0.17519011544011548, 0.28871847172435416], [0.23484279054279056, 0.2423655844155846, 0.18708138528138546, 0.33571023976023945], [0.2717162004662005, 0.24707366522366533, 0.16940356114473773, 0.31180657316539684], [0.25077199467199474, 0.30538008380508375, 0.16406699689199697, 0.2797809246309247], [0.20391064491064492, 0.33360344100344097, 0.22989393939393943, 0.23259197469197493], [0.22985972010445713, 0.3057392087444717, 0.15777987567987586, 0.30662119547119543], [0.2420356651518417, 0.2861122824887533, 0.22055379620379623, 0.25129825615560925], [0.21683006078888448, 0.28608558108558124, 0.2018709845709847, 0.2952133735545502], [0.1980782772782774, 0.306403774003774, 0.19484584027084037, 0.30067210844710845], [0.20449046737576163, 0.3722050346712111, 0.1719791208791209, 0.2513253770739067], [0.1855065720227486, 0.30963794571441633, 0.26657857142857144, 0.2382769108342639], [0.33158160728160707, 0.24836766566766574, 0.15275357975357973, 0.2672971472971473], [0.22549979693509106, 0.3165003976415741, 0.21243520368520383, 0.2455646017381311], [0.2097175582587348, 0.28861402682285026, 0.18442687867687882, 0.31724153624153645], [0.2302641988730224, 0.3152059301809302, 0.1625538822288822, 0.2919759887171652], [0.20055631509013871, 0.3249278749028749, 0.21576595626595638, 0.25874985374103027], [0.17533099367952318, 0.26237123301535076, 0.21921604506604517, 0.3430817282390813], [0.30360520590520557, 0.28948835053835065, 0.19212450327450337, 0.21478194028194036], [0.19246014345132012, 0.3285442557442558, 0.21029624656389367, 0.26869935424053054], [0.21427552272289116, 0.29762256909756896, 0.225619178044178, 0.26248273013536183], [0.2874129925629926, 0.2845183732933733, 0.19456832611832614, 0.23350030802530825], [0.2236832869744636, 0.30442525252525265, 0.17753749224631582, 0.2943539682539683], [0.1899049672549672, 0.28318072483072493, 0.19490579257343968, 0.3320085153408684], [0.2385856310356311, 0.288041233766234, 0.17593138528138533, 0.2974417499167499], [0.22325893550893564, 0.2750455017205021, 0.2263396908646911, 0.2753558719058722], [0.2299509601509603, 0.3434893661893658, 0.19695023310023327, 0.22960944055944074], [0.2551141552891554, 0.27686898020280365, 0.1847910347822113, 0.2832258297258297], [0.2074416083916085, 0.2999555416805417, 0.22585089077589074, 0.2667519591519592], [0.21527771950271962, 0.3334545732045731, 0.19068634698634712, 0.26058136030636037], [0.30400629370629373, 0.2499948357198358, 0.13268461260961267, 0.31331425796425805], [0.2660554822628353, 0.25964498671263375, 0.18038607503607512, 0.29391345598845614], [0.22864834054834063, 0.2879563464313464, 0.19946724664224683, 0.2839280663780665], [0.33725768953268964, 0.24262152292152298, 0.18997955377955372, 0.2301412337662339], [0.32690191197691215, 0.26023265623265635, 0.1431712565212565, 0.2696941752691754], [0.2170564507388037, 0.3302240354416825, 0.2155999722499724, 0.23711954156954163], [0.22147004466122128, 0.320900507825508, 0.23611482879865228, 0.22151461871461864], [0.2053203712953715, 0.34585470640470645, 0.17477704517704515, 0.27404787712287726], [0.24515205072705087, 0.29902556332556346, 0.1772825535575536, 0.2785398323898325], [0.2615255883865016, 0.3012429014569883, 0.1902132201132202, 0.24701829004329026], [0.21654413364413383, 0.33179715007215016, 0.16990402375402383, 0.2817546925296926], [0.24047607392607406, 0.2383913808413809, 0.2284643245643246, 0.2926682206682206], [0.22524341491841507, 0.28663499833499845, 0.2264831446331447, 0.26163844211344234], [0.23607202911467617, 0.3088400765900766, 0.1855899006222536, 0.2694979936729939], [0.2446323704073705, 0.320846545121545, 0.2009512848262848, 0.23356979964479987], [0.17544516039516045, 0.33349780395043555, 0.22760567765567777, 0.26345135799872643], [0.24889738431503136, 0.29133008103008096, 0.1795470712294243, 0.2802254634254635], [0.2520088744588746, 0.2964025050113286, 0.2340293817293818, 0.2175592388004154], [0.3065787656787655, 0.25748069708069715, 0.15761774891774896, 0.2783227883227884], [0.21361859529359545, 0.2772583250083252, 0.266516918375742, 0.24260616132233778], [0.2245854598016362, 0.32893763458763464, 0.1864248798587035, 0.26005202575202596], [0.26852419247419257, 0.2961907148407148, 0.16054537129537136, 0.27473972138972147], [0.20229266452501748, 0.3009073632250104, 0.2445598124098125, 0.25224015984015996], [0.22905972915972916, 0.2816235847485849, 0.19238664391164406, 0.29693004218004215], [0.2031592074592077, 0.3300898379398381, 0.19828553668553672, 0.26846541791541784], [0.22588654328128024, 0.3300241810477103, 0.1635029248529249, 0.2805863508180848], [0.20540903540903557, 0.2806415362415363, 0.2810751415251415, 0.2328742868242869], [0.1887123376623377, 0.3104453685203684, 0.2405560162060164, 0.2602862776112777], [0.30562337384837385, 0.2615682373182373, 0.1985900432900434, 0.23421834554334572], [0.26000974025974033, 0.276245720945721, 0.16481404151404153, 0.29893049728049736], [0.26887373737373743, 0.27801505079887456, 0.18632420716538364, 0.26678700466200467], [0.22513046398046394, 0.28288599733599734, 0.21230932955932963, 0.2796742091242092], [0.3026236975872424, 0.28825510796393145, 0.1367758880008881, 0.27234530644793803], [0.2854883543357227, 0.3148194388944389, 0.17295460372960372, 0.2267376030402347], [0.29372691475191476, 0.2995822138645668, 0.17464876071640784, 0.23204211066711072], [0.2038872738372737, 0.31120888000888003, 0.19393942168942183, 0.29096442446442444], [0.20371838170429524, 0.3101966033966035, 0.23559839327339344, 0.25048662162570845]]}, "rewritten": {"ids": ["97106600", "97107681", "97112170", "97112830", "98107210", "98107410", "98108520", "98110810", "98112300", "98112580", "99107500", "99107560", "99109141", "99109311", "99110730", "99111440", "99111930", "99116500", "99117630", "100108990", "100109890", "100111380", "100120780", "101108121", "101108290", "101110740", "101111990", "101112690", "101119591", "102108621", "102112170", "102112301", "102113350", "103109021", "103110050", "103111540", "103111830", "104111550", "104111780", "104111880", "104112201", "104113210", "104114230", "104114740", "104116441", "104117630", "105110251", "105112260", "105113480", "105115250", "105115570", "105116090", "105116441", "105116860", "105121190", "106113260", "106114280", "106114321", "106115120", "106117790", "106119990", "107113360", "107114950", "107115140", "107118120", "107118490", "107118820", "107121700", "108113620", "108114220", "108114270", "108114670", "108117451", "108118630", "109113881", "109114220", "109116441", "109117110", "109117150", "109118231", "109118820", "109119340", "109120560", "110115120", "110115140", "110115890", "110116300", "110116441", "110117200", "110118111", "110118161", "110118301", "110118630", "110119030", "110121450", "110121720", "111114171", "111115400", "111115620", "111115770", "111115910", "111116040", "111116170", "111116990", "111118910", "111119300", "111120260", "111120320", "111121220", "111121930", "112116290", "112116451", "112116800", "112116850", "112116990", "112117471", "112117580", "112118471", "112118511", "112118820", "112118860", "112118930", "112119930", "112119950", "112119980", "112120270", "112120290", "112120670", "112121010", "112121030", "113117401", "113117630", "113118111", "113119120", "113119300", "113119360", "113119450", "113120531", "113121220", "113121410", "113122190", "113122230"], "labels": [3, 3, 0, 2, 1, 3, 2, 1, 2, 2, 0, 1, 3, 1, 3, 3, 1, 2, 3, 2, 3, 3, 1, 0, 0, 3, 2, 1, 0, 3, 3, 1, 3, 0, 3, 1, 3, 1, 3, 3, 0, 3, 2, 2, 1, 0, 0, 3, 0, 2, 0, 1, 1, 2, 2, 3, 3, 2, 1, 1, 0, 0, 3, 0, 3, 2, 3, 3, 3, 3, 3, 3, 2, 1, 0, 3, 3, 1, 2, 1, 3, 3, 1, 0, 0, 2, 3, 3, 3, 1, 0, 1, 1, 0, 3, 3, 3, 0, 1, 3, 2, 0, 0, 0, 0, 1, 3, 1, 3, 1, 0, 0, 0, 0, 0, 3, 0, 1, 1, 0, 3, 1, 1, 0, 0, 0, 1, 2, 2, 0, 3, 0, 1, 3, 1, 0, 3, 0, 3, 0, 1, 1], "predicted_labels": [0, 3, 0, 3, 1, 0, 0, 1, 0, 1, 1, 1, 0, 1, 1, 1, 1, 1, 0, 1, 0, 0, 1, 0, 0, 1, 3, 1, 0, 0, 3, 0, 1, 1, 1, 3, 3, 1, 1, 1, 0, 3, 1, 3, 1, 1, 1, 1, 1, 1, 1, 1, 1, 1, 1, 1, 1, 3, 0, 1, 3, 0, 3, 3, 1, 1, 1, 1, 1, 0, 1, 1, 3, 3, 0, 3, 3, 1, 1, 0, 1, 3, 3, 1, 3, 1, 3, 0, 0, 1, 1, 0, 1, 0, 1, 3, 1, 3, 1, 3, 1, 1, 1, 3, 3, 1, 0, 1, 3, 1, 0, 0, 1, 1, 3, 1, 3, 3, 3, 3, 0, 3, 1, 3, 1, 1, 3, 1, 1, 3, 3, 3, 1, 3, 3, 3, 1, 3, 3, 1, 1, 1], "confidence_scores": [[0.30669835164835163, 0.2429304195804198, 0.19763135753135755, 0.2527398712398713], [0.24713925518925525, 0.2756839993339994, 0.19234176379176388, 0.2848349816849817], [0.3660839965589965, 0.22007985070485084, 0.13896727439227444, 0.2748688783438786], [0.2571026995879938, 0.2678683019594786, 0.19886620601620594, 0.27616279243632214], [0.2250695165945167, 0.30842951770451776, 0.21926258186258196, 0.2472383838383838], [0.33356783216783237, 0.23486113331113334, 0.17183292263292269, 0.2597381118881118], [0.2885473359973361, 0.28771504606504605, 0.19007165612165616, 0.23366596181596186], [0.22628578170195826, 0.2888043448381684, 0.25671641854877164, 0.2281934549111019], [0.3375980298940825, 0.22137479742479746, 0.18092873237873242, 0.2600984403023878], [0.21841214569743986, 0.31947611125544567, 0.20295736441920667, 0.259154378627908], [0.24141493310610962, 0.3394429781003311, 0.16697902032607925, 0.25216306846748016], [0.2341163586413587, 0.3128872846108141, 0.20451076880635705, 0.24848558794147046], [0.2927372155622155, 0.28669947829947834, 0.16696822066822065, 0.2535950854700856], [0.28755319402819385, 0.3133002747252748, 0.17587457264957276, 0.22327195859695873], [0.21657559466677131, 0.29584881817528896, 0.24788702408702415, 0.23968856307091616], [0.21636296125615007, 0.3229191525708553, 0.19510557220557226, 0.2656123139674226], [0.19289903152403157, 0.34436546786546784, 0.20209437229437244, 0.26064112831612846], [0.20058967976467992, 0.33582367632367616, 0.23482112332112343, 0.22876552059052074], [0.2882874165050636, 0.2645138694638697, 0.20536190476190477, 0.24183680926916246], [0.20415983460983472, 0.31250219225219206, 0.2192793872793873, 0.2640585858585859], [0.3495907758907759, 0.25582092074592083, 0.17751920301920307, 0.21706910034410062], [0.29099547119547126, 0.26717006882006883, 0.22636789321789325, 0.21546656676656686], [0.2484814074814076, 0.28104705572205574, 0.19409024309024314, 0.27638129370629394], [0.31865294901177266, 0.23112446164946177, 0.15769391719391723, 0.29252867214484873], [0.32085520035520043, 0.23910145997793064, 0.14885522973758272, 0.29118810992928645], [0.2001810929094984, 0.3092987218663688, 0.2388381701631703, 0.25168201506096255], [0.2044695027195027, 0.2764434731934732, 0.23223392718392735, 0.28685309690309685], [0.24878566988567002, 0.27438565786065794, 0.22000966810966816, 0.2568190041440041], [0.2957679958929958, 0.28522058497058506, 0.17562682595182608, 0.24338459318459327], [0.27977251588280994, 0.24385785652256256, 0.1979180153180154, 0.2784516122766123], [0.24326815406815414, 0.25799335664335665, 0.21854648684648692, 0.28019200244200265], [0.31255491893727166, 0.27282403511521175, 0.19403705183705186, 0.2205839941104648], [0.21731068098568102, 0.33092726440226433, 0.2133548201798202, 0.23840723443223458], [0.2315745597969282, 0.32474102009102024, 0.1947796314796315, 0.24890478863242033], [0.22037524697524716, 0.3198262515262514, 0.2395643301143302, 0.22023417138417142], [0.23507745003534478, 0.2711888521809576, 0.19026397491397493, 0.3034697228697229], [0.266501628926629, 0.24622212068976781, 0.21507885611120914, 0.2721973942723942], [0.23786426024955445, 0.347764114480291, 0.19201672771672795, 0.22235489755342697], [0.2574090470331184, 0.3023638994648285, 0.1978133949383951, 0.2424136585636587], [0.18781983016983028, 0.3309874129138834, 0.18766408199643506, 0.29352867491985146], [0.3306314871403106, 0.22958835053835075, 0.14358340548340554, 0.29619675683793334], [0.23763903596403596, 0.28370524475524483, 0.1897228826728828, 0.28893283660783653], [0.20679881784881796, 0.34110274725274725, 0.21156145521145525, 0.24053697968697987], [0.23921846209346223, 0.26857272449772457, 0.21672984792984817, 0.27547896547896566], [0.22768679376179374, 0.3113540962305669, 0.17646934062669362, 0.28448976938094594], [0.26444206874996373, 0.2773508228613492, 0.1993132589632591, 0.2588938494254284], [0.2567258796758797, 0.302252887852888, 0.20735288322788328, 0.2336683492433494], [0.1975815721945753, 0.31535869685869694, 0.22331561085113724, 0.2637441200955909], [0.24499268509268532, 0.30910509213009224, 0.1808760295260296, 0.2650261932511933], [0.23362402404956584, 0.29018864092563784, 0.20134268950004255, 0.274844645524754], [0.17156364746364747, 0.30880058552558565, 0.2605879176379177, 0.2590478493728495], [0.26338911088911104, 0.32330954600954576, 0.1706338605838606, 0.2426674825174826], [0.26411474461211304, 0.30520997335997335, 0.17225760350760355, 0.25841767852031017], [0.23099829059829066, 0.31541516816516824, 0.18697801642801654, 0.2666085248085249], [0.17115231712731718, 0.37498087745587755, 0.19014186091686092, 0.26372494449994444], [0.20388495197612855, 0.3633038202538202, 0.21515435871318225, 0.2176568690568692], [0.22853827838827842, 0.29893868353868364, 0.23138297258297275, 0.24114006549006556], [0.2526360580595876, 0.2551429292929294, 0.18296716975834645, 0.309253842889137], [0.2973797646797647, 0.2405417221667223, 0.16545400155400158, 0.296624511599512], [0.234663580863581, 0.308294092019092, 0.18772618492618506, 0.26931614219114236], [0.278641642507819, 0.26671310541310556, 0.16677212623977333, 0.28787312583930236], [0.35940848824378213, 0.21451117020234678, 0.14320908258408263, 0.2828712589697886], [0.25179141414141426, 0.2541644466644468, 0.188349766899767, 0.30569437229437246], [0.29598459318459314, 0.22712960557960563, 0.16764357309357317, 0.30924222814222835], [0.22504554612054625, 0.30646835664335687, 0.18708693251193262, 0.2813991647241649], [0.19984196000078364, 0.3460511849261847, 0.19792218892218896, 0.25618466615084273], [0.20439218918336582, 0.30007385392385394, 0.2109792801969274, 0.28455467669585316], [0.20861432815550474, 0.3395993534243534, 0.20387985266367628, 0.24790646575646588], [0.20984957983193295, 0.2766313908313907, 0.2453643911643913, 0.26815463817228546], [0.31065215895215914, 0.2779150460650462, 0.14800576645576663, 0.26342702852702854], [0.2394625745599431, 0.35344991674991677, 0.16184362304362307, 0.24524388564651728], [0.2361264291264291, 0.36191077533577515, 0.19421356698856715, 0.20774922854922867], [0.22117216117216132, 0.278879886779887, 0.14912549672549683, 0.3508224553224555], [0.23646304806304813, 0.29668712953712967, 0.15512841047841058, 0.31172141192141206], [0.295753651903652, 0.27049129389129395, 0.17983351093351102, 0.25392154327154326], [0.23295651015651017, 0.26079839604839605, 0.18985630480630483, 0.316388788988789], [0.2787159895659897, 0.23173800921300916, 0.13294119769119778, 0.35660480352980334], [0.19765450105450114, 0.3440748251748249, 0.17125809745809745, 0.2870125763125765], [0.2304891905480143, 0.31413413841060894, 0.1698015151515152, 0.2855751558898619], [0.3068393035069507, 0.30072151067886377, 0.13670007672066506, 0.25573910909352093], [0.23105369630369632, 0.32287469752469766, 0.18326259573759582, 0.2628090104340104], [0.2686195193695194, 0.27417528027528026, 0.1550417859917862, 0.3021634143634144], [0.23846116106116116, 0.24979121434121443, 0.208444338994339, 0.3033032856032856], [0.21195281385281398, 0.29696364191364194, 0.20048781218781206, 0.2905957320457322], [0.28477617353406826, 0.24371013737724267, 0.18332607947607943, 0.2881876096126097], [0.2055815073815074, 0.34500207015207013, 0.19392940947940962, 0.25548701298701315], [0.22739987789987806, 0.26382995892995886, 0.2103421911421913, 0.298427972027972], [0.29781827061827065, 0.29187432752432757, 0.1593412698412699, 0.2509661320161321], [0.30693974750739467, 0.2604353479853481, 0.17942368350603652, 0.2532012210012211], [0.2520395215895217, 0.283429608463432, 0.1912757223168987, 0.27325514763014763], [0.23922715062715072, 0.34607247241063027, 0.21960726174410397, 0.19509311521811523], [0.2890020729270731, 0.28860876900876914, 0.18388693251193264, 0.2385022255522257], [0.2152300643800645, 0.3228761571761574, 0.15295044955044962, 0.308943328893329], [0.32666334776334754, 0.3096923742923744, 0.13724755799755808, 0.22639671994671998], [0.22399891301508965, 0.32673343600843585, 0.218012707880355, 0.2312549430961196], [0.2421034354534354, 0.2778444055944056, 0.1703608336108337, 0.3096913253413253], [0.23681879231879252, 0.312209595959596, 0.1728081307581308, 0.27816348096348087], [0.23863117993118005, 0.24797153957153958, 0.23482582417582415, 0.2785714563214565], [0.2144935655847421, 0.3089485625485626, 0.19009643330525697, 0.28646143856143846], [0.22637714785214788, 0.2777196164946167, 0.21794980574980582, 0.27795342990342997], [0.21809733599733613, 0.31938519258519266, 0.22705618270618289, 0.2354612887112888], [0.23526988648606295, 0.307149591670799, 0.1683738074790708, 0.2892067143640673], [0.2466018537018538, 0.3314766011766013, 0.15885178710178716, 0.26306975801975807], [0.2624938422688422, 0.23786844451844447, 0.2230628815628818, 0.2765748316498318], [0.22321142746142747, 0.2806722610722612, 0.21239892329892346, 0.28371738816738823], [0.2364084776334776, 0.31033816738816733, 0.1726761127761128, 0.2805772422022423], [0.2799995004995006, 0.26718767025887785, 0.17821564031943296, 0.2745971889221889], [0.2375919524919526, 0.29547905427905413, 0.1846139618551384, 0.28231503137385505], [0.23818042892779748, 0.28987627927627907, 0.17778083305583314, 0.29416245874009034], [0.24561617826617815, 0.3145487179487179, 0.16622444777444792, 0.2736106560106561], [0.32274610112110114, 0.25945448440448443, 0.16114474136974152, 0.2566546731046732], [0.35255208680208666, 0.2963392440892439, 0.15996222666222668, 0.19114644244644252], [0.22769327894327906, 0.3576712232212231, 0.19194344544344555, 0.22269205239205253], [0.2492850982350982, 0.3006071012321014, 0.17352690920190936, 0.27658089133089137], [0.25822714148596493, 0.2474565795315796, 0.21323050952315678, 0.28108576945929903], [0.2613157230454446, 0.352216703884351, 0.1578239316239317, 0.2286436414462731], [0.21943085803085804, 0.25571291208791225, 0.18257645965145974, 0.3422797702297702], [0.2814192024642025, 0.24571669996670004, 0.1810888034188035, 0.291775294150294], [0.23136507381507387, 0.2676653679653681, 0.21246885891885897, 0.28850069930069927], [0.23634342528816213, 0.2794642725695357, 0.2015385392385394, 0.28265376290376304], [0.33139314019314003, 0.2878360195360195, 0.16353121045621047, 0.2172396298146299], [0.20768327946563253, 0.23170525944643616, 0.2524076645576646, 0.3082037965302671], [0.21004104229104242, 0.2922249278499278, 0.2474260628260629, 0.2503079670329672], [0.2709208125208126, 0.24475246975246978, 0.20248395215895226, 0.28184276556776555], [0.22497700077700084, 0.2938440254190255, 0.20731447996447994, 0.27386449383949385], [0.21624803807303816, 0.289603402153402, 0.2060979131979132, 0.28805064657564644], [0.2617728077478079, 0.2602502497502498, 0.2057517066267068, 0.27222523587523595], [0.21356664446664453, 0.3129035214785214, 0.19882596847596853, 0.2747038655788656], [0.21407597125097128, 0.3001929903429905, 0.240386152736153, 0.24534488566988577], [0.23948621933621936, 0.2595564685314687, 0.21278900543900542, 0.288168306693307], [0.25432137307137315, 0.24033341862815547, 0.17016514392040719, 0.33518006438006437], [0.2637785043387987, 0.2708022874184639, 0.18329116439116458, 0.28212804385157325], [0.27220227941992636, 0.3262257964257962, 0.16117695082695094, 0.2403949733273264], [0.26441906426906436, 0.2822350427350428, 0.16099695859695878, 0.2923489343989344], [0.24655517978753277, 0.2529649442061207, 0.16195845102609815, 0.33852142498024845], [0.23680370740370751, 0.2893594350094351, 0.17874619269619277, 0.2950906648906652], [0.2883377206127205, 0.29646737984238, 0.18558340548340554, 0.2296114940614942], [0.24036201576201577, 0.2878712873727579, 0.17497780716016018, 0.29678888970506623], [0.27204571817071826, 0.23990742313242347, 0.21260279165279172, 0.27544406704406726], [0.2597404761904763, 0.3232939671439671, 0.17859883809001467, 0.23836671857554234], [0.19339399489399495, 0.3033549561549562, 0.22864542516307212, 0.27460562378797676], [0.22659701964701975, 0.32266075313575304, 0.15855923520923534, 0.2921829920079922]]}}