{"test": {"ids": ["101115190", "97116800", "107115140", "108117610", "106118161", "105110091", "99109840", "112120700", "99109860", "107120130", "109116930", "110117110", "97116790", "111116100", "109114270", "98110810", "100108580", "101111210", "108121410", "107113550", "97112170", "113117550", "106113190", "113121680", "113119300", "98106680", "110120560", "99112641", "112116451", "109121410", "113122180", "99108000", "99108890", "106119580", "110120640", "106116120", "111119580", "100109980", "106118520", "111118820", "101112690", "107113170", "113122150", "109116040", "104111711", "109120540", "105113260", "110118930", "112118421", "112121410", "111120320", "103118110", "113120640", "102107961", "111116640", "102112250", "107121700", "109118161", "104113000", "110117500", "109115380", "112119580", "104114320", "112121010", "113122170", "105112100", "103110050", "99108460", "111119340", "103111170", "101111990", "108113480", "111114941", "112117571", "112117471", "113117401", "97106600", "112118620", "113118870", "113122190", "97118210", "107120010", "105113440", "112118471", "105117431", "112116640", "106117790", "103110220", "112116990", "105116090", "107113260", "106116441", "109116441", "113119340", "108113700", "109120621", "113118630", "107114490", "98108370", "102110890", "110113931", "99121440", "101108621", "113118620", "104113190", "108116481", "112117431", "111119290", "104111990", "110120540", "98113881", "109121640", "113120780", "108120280", "109117271", "104113210", "99112300", "107113840", "112120670", "102110500", "99107640", "110121500", "111117120", "113121410", "109113281", "113117340", "99107950", "108114040", "111120540", "105119550", "99108310", "100109360", "106116370", "99110730", "101110200", "110113591", "107118490", "108117451", "113119120", "97109080", "108116501", "113120830"], "labels": [1, 0, 0, 3, 3, 0, 2, 2, 2, 2, 0, 0, 2, 3, 3, 1, 0, 2, 0, 0, 0, 3, 0, 1, 1, 1, 0, 1, 0, 0, 2, 2, 0, 3, 0, 1, 3, 1, 2, 0, 1, 0, 2, 0, 1, 1, 3, 1, 3, 0, 1, 2, 0, 3, 0, 0, 3, 0, 1, 1, 3, 3, 2, 2, 1, 1, 3, 0, 3, 2, 2, 0, 0, 3, 3, 3, 3, 3, 0, 1, 2, 1, 0, 1, 1, 0, 1, 2, 0, 1, 0, 0, 3, 0, 0, 1, 3, 3, 1, 0, 1, 2, 0, 3, 3, 0, 0, 3, 2, 1, 3, 0, 0, 3, 0, 3, 0, 3, 2, 3, 1, 3, 2, 0, 0, 2, 1, 0, 1, 1, 2, 0, 2, 3, 2, 0, 2, 2, 3, 2, 0, 3], "predicted_labels": [3, 1, 3, 3, 3, 3, 3, 1, 1, 1, 3, 1, 1, 1, 3, 1, 1, 3, 1, 1, 1, 3, 3, 3, 3, 1, 3, 1, 0, 1, 3, 1, 1, 1, 3, 1, 0, 1, 3, 0, 1, 3, 3, 1, 1, 1, 1, 3, 3, 1, 3, 3, 3, 1, 1, 1, 1, 1, 3, 3, 1, 1, 1, 3, 1, 3, 1, 3, 3, 3, 3, 1, 3, 3, 1, 1, 3, 0, 1, 3, 2, 1, 1, 3, 1, 3, 1, 3, 3, 3, 3, 1, 3, 3, 1, 3, 3, 3, 1, 3, 1, 1, 1, 1, 1, 1, 3, 1, 1, 1, 1, 1, 1, 3, 3, 3, 1, 1, 1, 3, 3, 1, 1, 3, 3, 1, 1, 3, 1, 1, 3, 3, 3, 1, 1, 3, 1, 3, 3, 1, 3, 1], "confidence_scores": [[0.14902213924412355, 0.32321452755103974, 0.19235002135123164, 0.3354133118536051], [0.26773142333766464, 0.3199869278283896, 0.19717239173554532, 0.2151092570984005], [0.24606277310661034, 0.26208489318871836, 0.19388173655194318, 0.2979705971527283], [0.2424450154825324, 0.28319285023934265, 0.18464225831425665, 0.28971987596386845], [0.19684482652382024, 0.3125080636124366, 0.17080226866700327, 0.31984484119674017], [0.1858947134256228, 0.2786197049486512, 0.2187771844555892, 0.316708397170137], [0.19555498413662978, 0.2641169389866528, 0.2538717217474175, 0.28645635512930007], [0.1524971083173753, 0.37789945903783495, 0.19370466205252865, 0.2758987705922609], [0.1964744665956432, 0.3356497088548684, 0.24708502116650308, 0.2207908033829856], [0.22364417024383715, 0.3570601208840518, 0.1511268008089178, 0.26816890806319316], [0.2127950731834103, 0.24069032291194317, 0.2016271743216876, 0.3448874295829591], [0.2118505895477594, 0.3322281704915377, 0.2077278401692048, 0.24819339979149815], [0.23567222943272076, 0.2937483359952081, 0.2149003405320316, 0.2556790940400397], [0.2906712312713835, 0.29980118212985457, 0.16598903000273713, 0.2435385565960248], [0.1876164036303743, 0.2920557541684279, 0.2167331918253413, 0.3035946503758566], [0.2079219677686337, 0.32452549591335766, 0.2571247607517045, 0.21042777556630418], [0.19627387622005268, 0.29376108113522165, 0.22512551576777645, 0.2848395268769496], [0.22040235657807664, 0.29075362397397225, 0.15537591857121127, 0.3334681008767398], [0.24764447719231217, 0.3331670513558456, 0.1708734785296107, 0.2483149929222318], [0.2077916415925504, 0.29856379961911655, 0.2386756381220751, 0.2549689206662585], [0.24784842894551548, 0.2933004447376023, 0.19588020648114127, 0.26297091983574117], [0.21047820323691271, 0.2744877998872877, 0.1748387098228688, 0.34019528705293056], [0.24758447485681448, 0.27662998182891535, 0.14689602534877463, 0.3288895179654959], [0.199511912859296, 0.2728637364575357, 0.20452661508432474, 0.32309773559884397], [0.20091073327191186, 0.292328641945107, 0.17993669808632742, 0.32682392669665383], [0.20938525415207077, 0.3097115863591914, 0.2247895799154232, 0.25611357957331493], [0.25333699846245544, 0.2695285931162705, 0.15341269408764785, 0.3237217143336263], [0.2689886295780366, 0.3223305770212658, 0.15543766951267712, 0.2532431238880207], [0.30509598192692367, 0.2860413758836362, 0.13788284908773035, 0.27097979310170994], [0.2538715545274096, 0.32448785340530634, 0.15582567982339157, 0.2658149122438925], [0.24993512677615365, 0.26071432083721513, 0.18833414792630992, 0.3010164044603214], [0.16824190915430784, 0.3196805805752654, 0.21164330402008374, 0.30043420625034306], [0.18995620029257254, 0.36674507714088045, 0.17245643190095225, 0.2708422906655947], [0.16906693670349082, 0.3640515925561159, 0.18994722845821635, 0.2769342422821768], [0.22583324484679776, 0.2885770994152388, 0.17582392368760685, 0.30976573205035657], [0.1786880589703161, 0.3226998932608126, 0.17832575026886544, 0.3202862975000059], [0.31169314548665933, 0.27589562092847236, 0.15376772877480088, 0.25864350481006776], [0.21370315143241556, 0.2978569711522818, 0.21320972400171345, 0.2752301534135892], [0.2129237583563814, 0.2809094584998489, 0.1589250031323011, 0.34724178001146877], [0.2987707193658336, 0.2888263740057902, 0.15898583647131267, 0.25341707015706355], [0.2489608701429227, 0.29247406400054066, 0.19250296187558644, 0.26606210398095015], [0.21848005635452805, 0.29190065528010356, 0.15691503506496524, 0.3327042533004034], [0.18368691693414013, 0.2714933106086967, 0.19078562815145958, 0.3540341443057036], [0.22888779719960697, 0.3044418811271715, 0.18456021987471083, 0.2821101017985109], [0.24072422402233384, 0.2793688149886141, 0.20512461523946604, 0.27478234574958604], [0.21569734115265782, 0.3384672641145689, 0.1516465858355573, 0.29418880889721616], [0.22384209455548096, 0.32702628123860217, 0.13279877793073683, 0.3163328462751802], [0.1804090148971315, 0.3320591558968377, 0.14124825437045094, 0.34628357483558], [0.2872362225591467, 0.2427840128896706, 0.12371830502191386, 0.3462614595292688], [0.23442180544397725, 0.31557103068924564, 0.13641857426204893, 0.313588589604728], [0.21866934179362843, 0.2824678485115225, 0.16798598768842754, 0.33087682200642154], [0.20196503474849184, 0.28745199258992776, 0.1719984810913197, 0.33858449157026077], [0.23594265467424005, 0.2888996870024323, 0.14560296458255567, 0.32955469374077195], [0.27848041947623126, 0.318223238801732, 0.1800400766933615, 0.2232562650286754], [0.2781137115338917, 0.29127029643678043, 0.17646234241331588, 0.25415364961601206], [0.21081922000905276, 0.2984133414645108, 0.20257842082225114, 0.28818901770418537], [0.19681712494960998, 0.3403845617574744, 0.17708904783109197, 0.28570926546182396], [0.26669477814113995, 0.30882866055995334, 0.1484128933510523, 0.2760636679478545], [0.2533849051564404, 0.22367247827946227, 0.2105861001978853, 0.31235651636621226], [0.21164511100670844, 0.3044232431456043, 0.13684777266994128, 0.34708387317774625], [0.17378426879561393, 0.3400842703671796, 0.20936343667764118, 0.27676802415956525], [0.19773156769919722, 0.34043322230439316, 0.1878787350879163, 0.2739564749084936], [0.22448974266769953, 0.3587895749353839, 0.18198510663251743, 0.23473557576439957], [0.24074953647408973, 0.2782227207989845, 0.16327850746942194, 0.317749235257504], [0.18750203840239105, 0.3270026979583525, 0.16184341520415513, 0.32365184843510136], [0.21656774220004874, 0.2653393647098988, 0.2061728765712614, 0.3119200165187915], [0.19645983082326918, 0.3157316483027943, 0.17859494043277138, 0.3092135804411652], [0.2171533796634061, 0.3061362319868614, 0.1531940271836494, 0.3235163611660831], [0.24360086976764372, 0.2744329436702878, 0.15109285161367036, 0.33087333494839816], [0.2207713555357307, 0.28227104134740644, 0.20629055910447497, 0.2906670440123881], [0.20910862620231588, 0.2488403112428039, 0.23256090249197903, 0.3094901600629014], [0.20961673016719384, 0.28735327098110963, 0.22402561485769515, 0.27900438399400157], [0.24831583603348878, 0.26895102382691005, 0.17229486391983787, 0.31043827621976333], [0.2503814543615819, 0.2575992342359935, 0.19028944221272856, 0.3017298691896961], [0.19578337909485402, 0.37689215398951736, 0.14046169446196394, 0.28686277245366465], [0.21988267346226398, 0.3185472291550142, 0.1488715470508234, 0.3126985503318985], [0.1859062007289258, 0.26751649585507153, 0.2355487414839501, 0.31102856193205264], [0.32340638474703787, 0.26899005104570767, 0.1313435889801084, 0.27625997522714607], [0.27223424820480796, 0.310839741893374, 0.13398240200479555, 0.28294360789702255], [0.2189944051124264, 0.2653625808755832, 0.21046354851592539, 0.3051794654960651], [0.23988268604089924, 0.20071902381156093, 0.2874503780782952, 0.27194791206924473], [0.16924282656000475, 0.3328137049493007, 0.23631986681670494, 0.2616236016739899], [0.17550207474201968, 0.31091948456702595, 0.2278033694687675, 0.28577507122218704], [0.23252762312342903, 0.29732489585452343, 0.16393466381923097, 0.30621281720281673], [0.20818422758651892, 0.3004793423358574, 0.19832755385795747, 0.29300887621966626], [0.19264805595363088, 0.2472616715228566, 0.14641428713434915, 0.4136759853891633], [0.22198997652279268, 0.3220985650308475, 0.22011930889078316, 0.2357921495555767], [0.16337962031962536, 0.24630844684927639, 0.2592220516388953, 0.3310898811922031], [0.288457991508083, 0.24629056872836394, 0.16116223355383866, 0.3040892062097143], [0.20989931436970596, 0.26456496096145105, 0.19764945601367775, 0.3278862686551652], [0.18130364483975214, 0.29009669786290027, 0.19758497527830549, 0.33101468201904233], [0.21615849641291313, 0.3337836864672648, 0.18472845807717683, 0.26532935904264543], [0.23565207110040037, 0.31118675399894014, 0.13086164532130967, 0.3222995295793498], [0.25995283174262573, 0.29250860822593683, 0.12784286894655658, 0.3196956910848811], [0.20032676153965426, 0.3282583226112401, 0.20512017818694672, 0.26629473766215894], [0.24678089206155668, 0.25446256634618997, 0.15767366741306224, 0.3410828741791913], [0.23408690663607729, 0.2988575645675456, 0.15033989407934029, 0.3167156347170368], [0.22835577738588242, 0.28208032551159595, 0.19549121054008117, 0.2940726865624406], [0.12245328027757216, 0.3013896117654049, 0.29238157385678926, 0.2837755341002339], [0.19470570042952368, 0.22414364769510584, 0.22056625570761093, 0.3605843961677596], [0.22263895437569584, 0.3737808959639127, 0.14022074662339049, 0.26335940303700106], [0.200259811970848, 0.3247508501997565, 0.23917571094981166, 0.23581362687958404], [0.2309520295404056, 0.3157701802686522, 0.1707125500755316, 0.28256524011541073], [0.22379215808978728, 0.3244928959747465, 0.19564435874690955, 0.25607058718855674], [0.2162735187564517, 0.3438195343577944, 0.14521350593352278, 0.29469344095223127], [0.2480070947853964, 0.30447788030876627, 0.14330529829250913, 0.30420972661332824], [0.23699592787609883, 0.2680493952947677, 0.18055292221404148, 0.3144017546150921], [0.1307231387115798, 0.3573424936906825, 0.21401910482991052, 0.2979152627678274], [0.263991065048647, 0.29695337792093, 0.19577256450957936, 0.24328299252084373], [0.17122279921528008, 0.3713800191288435, 0.19489494532767215, 0.2625022363282043], [0.2087864270499875, 0.2701246547659985, 0.2629947977639797, 0.2580941204200344], [0.204398767208512, 0.33643649864817765, 0.17907385250690674, 0.2800908816364036], [0.18864233838231084, 0.343343266603714, 0.15146764827351603, 0.3165467467404592], [0.24099618021071958, 0.2856401861033079, 0.18623828925686567, 0.28712534442910687], [0.23333330368493096, 0.24907858170533173, 0.19269538788832727, 0.3248927267214101], [0.21462093722530617, 0.2622420944382795, 0.17163540249522438, 0.35150156584119], [0.20283377040271855, 0.29662566619473485, 0.21183536621018273, 0.2887051971923641], [0.19732761235291396, 0.33268782184432666, 0.19148674312809885, 0.27849782267466044], [0.22403698961551657, 0.3044398404216967, 0.20177684158904885, 0.2697463283737382], [0.2614522020689312, 0.26576854348877765, 0.17304846852313838, 0.2997307859191531], [0.19238411300760727, 0.27428964700687875, 0.21674055299524184, 0.31658568699027234], [0.2768018680119012, 0.3064665004884921, 0.13099856615190406, 0.2857330653477026], [0.2200381821990481, 0.3727308663181067, 0.15996520533607084, 0.2472657461467743], [0.2697939608052026, 0.2822115129400505, 0.13807785358414645, 0.30991667267060047], [0.24996850088679703, 0.2916469958342496, 0.14779884834172424, 0.3105856549372295], [0.20367092853376995, 0.34240277944630876, 0.2462825227088905, 0.20764376931103107], [0.1620064879295647, 0.3165292817672535, 0.2908848694944274, 0.23057936080875469], [0.20018604246275448, 0.2877866708669512, 0.22245474793092593, 0.28957253873936845], [0.20585264284843677, 0.3377511182689429, 0.16084720141297923, 0.2955490374696414], [0.22280695716832927, 0.30382666426058197, 0.17672109332282956, 0.29664528524825934], [0.20739625799814956, 0.2803653613456782, 0.1858153104061593, 0.3264230702500131], [0.24855959792313126, 0.233417647226466, 0.21865185840008214, 0.2993708964503207], [0.2379929799099919, 0.27492548281130935, 0.19722713823116692, 0.28985439904753213], [0.18502319063037664, 0.3495810181623753, 0.1581277717082072, 0.3072680194990407], [0.2111786661742942, 0.3269002585804859, 0.18965820333779287, 0.27226287190742726], [0.2823389748423513, 0.2681533272759224, 0.16168356627509375, 0.2878241316066327], [0.21373276375471004, 0.29637344836722035, 0.23172002627920335, 0.2581737615988664], [0.26545764866909094, 0.24725240159250908, 0.1631240192306877, 0.32416593050771225], [0.23798040749645666, 0.2622321300520783, 0.1354326744502588, 0.3643547880012063], [0.19789247495262632, 0.3149101865362795, 0.23475415390208038, 0.252443184609014], [0.2570743000444445, 0.2840301202775856, 0.15491917032758729, 0.30397640935038295], [0.19767980093113405, 0.3108646410684509, 0.18127788000922554, 0.31017767799118984]]}, "rewritten": {"ids": ["97106600", "97109080", "97112170", "97116790", "97116800", "97118210", "98106680", "98108370", "98110810", "98113881", "99107640", "99107950", "99108000", "99108310", "99108460", "99108890", "99109840", "99109860", "99110730", "99112300", "99112641", "99121440", "100108580", "100109360", "100109980", "101108621", "101110200", "101111210", "101111990", "101112690", "101115190", "102107961", "102110500", "102110890", "102112250", "103110050", "103110220", "103111170", "103118110", "104111711", "104111990", "104113000", "104113190", "104113210", "104114320", "105110091", "105112100", "105113260", "105113440", "105116090", "105117431", "105119550", "106113190", "106116120", "106116370", "106116441", "106117790", "106118161", "106118520", "106119580", "107113170", "107113260", "107113550", "107113840", "107114490", "107115140", "107118490", "107120010", "107120130", "107121700", "108113480", "108113700", "108114040", "108116481", "108116501", "108117451", "108117610", "108120280", "108121410", "109113281", "109114270", "109115380", "109116040", "109116441", "109116930", "109117271", "109118161", "109120540", "109120621", "109121410", "109121640", "110113591", "110113931", "110117110", "110117500", "110118930", "110120540", "110120560", "110120640", "110121500", "111114941", "111116100", "111116640", "111117120", "111118820", "111119290", "111119340", "111119580", "111120320", "111120540", "112116451", "112116640", "112116990", "112117431", "112117471", "112117571", "112118421", "112118471", "112118620", "112119580", "112120670", "112120700", "112121010", "112121410", "113117340", "113117401", "113117550", "113118620", "113118630", "113118870", "113119120", "113119300", "113119340", "113120640", "113120780", "113120830", "113121410", "113121680", "113122150", "113122170", "113122180", "113122190"], "labels": [3, 2, 0, 2, 0, 2, 1, 1, 1, 3, 1, 1, 2, 2, 0, 0, 2, 2, 3, 0, 1, 2, 0, 0, 1, 0, 2, 2, 2, 1, 1, 3, 3, 0, 0, 3, 2, 2, 2, 1, 2, 1, 3, 3, 2, 0, 1, 3, 0, 1, 1, 1, 0, 1, 2, 0, 1, 3, 2, 3, 0, 0, 0, 3, 3, 0, 2, 1, 2, 3, 0, 0, 0, 0, 0, 2, 3, 3, 0, 0, 3, 3, 0, 3, 0, 0, 0, 1, 1, 0, 0, 0, 1, 0, 1, 1, 1, 0, 0, 3, 0, 3, 0, 2, 0, 3, 3, 3, 1, 1, 0, 0, 0, 0, 3, 3, 3, 1, 3, 3, 2, 2, 2, 0, 2, 3, 3, 3, 3, 0, 3, 1, 0, 0, 0, 3, 0, 1, 2, 1, 2, 1], "predicted_labels": [3, 1, 1, 1, 1, 2, 1, 1, 1, 3, 3, 1, 3, 3, 3, 1, 3, 1, 1, 3, 0, 1, 1, 0, 3, 1, 1, 3, 3, 1, 3, 1, 3, 3, 3, 1, 3, 1, 3, 1, 1, 3, 3, 1, 3, 0, 3, 3, 1, 3, 3, 1, 3, 3, 3, 1, 1, 3, 3, 3, 3, 3, 1, 1, 3, 3, 3, 3, 3, 3, 1, 1, 3, 3, 3, 3, 3, 3, 1, 0, 3, 1, 3, 3, 3, 3, 1, 3, 3, 3, 1, 3, 1, 1, 3, 1, 1, 3, 1, 0, 3, 1, 1, 1, 0, 1, 3, 0, 3, 3, 0, 3, 3, 1, 3, 1, 3, 1, 3, 1, 1, 1, 1, 3, 1, 3, 3, 1, 3, 1, 3, 3, 0, 1, 1, 1, 3, 3, 3, 3, 3, 3], "confidence_scores": [[0.2128516332271221, 0.2164490018641402, 0.23029440715702207, 0.34040495775171586], [0.2254927510959736, 0.2944483614075227, 0.20205364964898273, 0.278005237847521], [0.2825642968621414, 0.283482016036151, 0.15114397468110327, 0.28280971242060454], [0.25020448460096867, 0.27181250916125416, 0.22939559165807707, 0.24858741457970018], [0.28145883616319545, 0.31872114025872844, 0.18062294682677962, 0.21919707675129654], [0.25309762926338414, 0.22042669553311137, 0.27701747876901517, 0.24945819643448958], [0.2023292177659805, 0.3576890473947241, 0.21888929317949102, 0.2210924416598045], [0.2537824389717727, 0.28551338836512113, 0.23113950474187828, 0.229564667921228], [0.22773549235530566, 0.3306922027071997, 0.21036011510634178, 0.23121218983115274], [0.19383217882355477, 0.26219695588589714, 0.24142458710474105, 0.30254627818580726], [0.21918127991274672, 0.2763975812897285, 0.2233990724432947, 0.28102206635423027], [0.22846365931389204, 0.30462782499572455, 0.18441925660634859, 0.28248925908403477], [0.17522107663403957, 0.2728798367231095, 0.2160641464560025, 0.33583494018684834], [0.23448162414791862, 0.28218708999573766, 0.16714933393269316, 0.31618195192365073], [0.2545572833287415, 0.2736249615063835, 0.12000258165118127, 0.3518151735136938], [0.21076316659184705, 0.3635869515383646, 0.18273651612346167, 0.24291336574632688], [0.22461882636963357, 0.26077499506681845, 0.21616924032104695, 0.29843693824250134], [0.21718956755094052, 0.3085452586165491, 0.1907152946050857, 0.28354987922742486], [0.1927089167157353, 0.3076925917505032, 0.20653800005285713, 0.2930604914809044], [0.22738535550189495, 0.2866714968054479, 0.1967581118318549, 0.28918503586080235], [0.3148150104629725, 0.2674978034667801, 0.17527539277388718, 0.24241179329636028], [0.20276964963075605, 0.3026055475159804, 0.2314695202735245, 0.26315528257973925], [0.23429209241983492, 0.2749466923774773, 0.2372889745139899, 0.25347224068869806], [0.28765616728812804, 0.2390376807123118, 0.21036499080351823, 0.26294116119604216], [0.25780886437855416, 0.26265579118769383, 0.18929620905250227, 0.29023913538124996], [0.2253504972801496, 0.2982690688619025, 0.1795682198710159, 0.2968122139869321], [0.21944275466706198, 0.36422569703580676, 0.15910668544257336, 0.2572248628545578], [0.2627801410659858, 0.261455327579491, 0.15021722256750564, 0.32554730878701754], [0.2211710511741928, 0.28690810145770707, 0.1859661030238865, 0.3059547443442137], [0.20413828026149136, 0.33022776121194286, 0.20248751842840812, 0.26314644009815796], [0.19150757374687483, 0.29450625622116655, 0.21385667304611417, 0.3001294969858445], [0.22918068816693513, 0.31373342679266525, 0.20828326778689094, 0.24880261725350894], [0.25613842909621615, 0.24102749771632465, 0.18816928747438008, 0.31466478571307954], [0.19789966145614696, 0.2960532176127999, 0.1653677021616695, 0.340679418769384], [0.23968935129441094, 0.23314187329278957, 0.20222573987502945, 0.32494303553777015], [0.21148712963602498, 0.3038289368878368, 0.19073963873459884, 0.29394429474153966], [0.19183377265873797, 0.272632340457056, 0.1946311211144825, 0.3409027657697237], [0.2159764418544556, 0.28476307035027837, 0.21760365105254503, 0.2816568367427211], [0.2357444344377313, 0.26589585600329496, 0.1547223072775663, 0.34363740228140743], [0.2459033311817217, 0.28915322095820334, 0.1863076448071166, 0.2786358030529584], [0.2325323765603789, 0.2944466488468084, 0.21159027127498964, 0.2614307033178232], [0.2847437108463829, 0.19890247754362886, 0.15265629838403907, 0.363697513225949], [0.1826910654706673, 0.3083646243479972, 0.1643599058554165, 0.34458440432591897], [0.2755760789806725, 0.27902841011305507, 0.18979138873201085, 0.255604122174262], [0.19121942160297142, 0.3119081775786452, 0.17550710601702543, 0.3213652948013579], [0.2970384408912012, 0.25193203651911367, 0.1860688794664366, 0.26496064312324885], [0.24152315688125303, 0.23089934090310532, 0.22735103494986228, 0.30022646726577973], [0.2585740741091934, 0.2731177790293082, 0.12163335507776762, 0.3466747917837308], [0.23101481452555514, 0.3039507292077775, 0.17271668944103072, 0.292317766825637], [0.22562669104545383, 0.2165382556075976, 0.21023920156139425, 0.34759585178555436], [0.23997342072771885, 0.24407284369954244, 0.20422980306927058, 0.31172393250346814], [0.24035007360616628, 0.31661902959439747, 0.15759546455582765, 0.28543543224360873], [0.27583396937573057, 0.26850993171998044, 0.16728400369312627, 0.2883720952111631], [0.2241309944428588, 0.2768318695957226, 0.19616173029015685, 0.3028754056712618], [0.26919271988987353, 0.2312828660566273, 0.17832554900117842, 0.32119886505232087], [0.23915896411181795, 0.2955646049813946, 0.18618741244259202, 0.2790890184641955], [0.24410178864141868, 0.32426382024883416, 0.18017802349975137, 0.251456367609996], [0.18938841192757302, 0.28864330672063243, 0.19561317261157962, 0.32635510874021506], [0.27794583141147045, 0.25846114259465375, 0.1828567426588633, 0.28073628333501244], [0.20132417204677858, 0.3083294363917416, 0.17500713740854387, 0.31533925415293623], [0.24857781696325928, 0.2739180648511161, 0.17316102522293078, 0.30434309296269413], [0.28099575508019176, 0.2691810094218103, 0.16377805854191294, 0.28604517695608506], [0.20840861926308665, 0.3234201484351191, 0.1914777250298049, 0.27669350727198944], [0.23374954880233137, 0.29182079244159526, 0.20033669291805314, 0.27409296583802034], [0.2617046270030293, 0.274539426304464, 0.17950548463212943, 0.2842504620603776], [0.268217631768459, 0.204843064625631, 0.18937615591892412, 0.3375631476869863], [0.21437789791815218, 0.29477550575347816, 0.184344894625241, 0.3065017017031287], [0.19071482305264445, 0.2655945289857871, 0.2678040531361871, 0.27588659482538147], [0.2230230354459359, 0.2510330064254367, 0.18330419272969978, 0.34263976539892765], [0.19462862853736834, 0.30781267087542097, 0.15599780227107699, 0.34156089831613373], [0.1881334785686524, 0.29891608751761195, 0.2413371844191562, 0.2716132494945796], [0.24051145352951334, 0.2993736153196129, 0.19244390073268378, 0.2676710304181902], [0.20636129006409396, 0.24480500846258132, 0.2634736397458316, 0.28536006172749323], [0.24497482138720458, 0.2740561589488008, 0.16203950407880685, 0.31892951558518823], [0.26358444818545634, 0.2524513838475189, 0.17256468602387023, 0.31139948194315453], [0.28413517828353757, 0.24710966216779948, 0.1751917760533821, 0.2935633834952809], [0.22460420283521532, 0.25749981195171345, 0.18308163323870513, 0.3348143519743661], [0.28048648941466847, 0.249428045635412, 0.1777764750495414, 0.2923089899003783], [0.25857119941266926, 0.3307933224828532, 0.17261685625044776, 0.23801862185402972], [0.30301225800912873, 0.2398193359744831, 0.1556663015089485, 0.30150210450743964], [0.2722789493999913, 0.23472695734173551, 0.21643345734816397, 0.2765606359101093], [0.16538261749843397, 0.3736798294440185, 0.1882872106822417, 0.27265034237530583], [0.2122990568577117, 0.2958803954042213, 0.15200832177986856, 0.3398122259581987], [0.28675442054297756, 0.24766676684371827, 0.14809775427006802, 0.31748105834323626], [0.21438169161300594, 0.26610350127933236, 0.21047626482608783, 0.30903854228157396], [0.22122100651466525, 0.23283944810059892, 0.1678049103659118, 0.3781346350188242], [0.2825363541966485, 0.28325831387709954, 0.15254619861633018, 0.2816591333099218], [0.26634399987802726, 0.2791356928739866, 0.15409370553172397, 0.3004266017162621], [0.21642576498724778, 0.2786333325486687, 0.20631007877063545, 0.29863082369344823], [0.24297691572099475, 0.27011182495775665, 0.18438199267463898, 0.30252926664660973], [0.20602373577973743, 0.3132319522072726, 0.17069505420854061, 0.31004925780444936], [0.27935533479010155, 0.2806367326558756, 0.14560406577331986, 0.294403866780703], [0.23253277525728047, 0.3393261708831396, 0.1459765538402458, 0.28216450001933424], [0.22338121169399944, 0.3327896255552475, 0.22692703057208172, 0.21690213217867146], [0.24230817640183167, 0.2683825742874038, 0.18798536546212744, 0.30132388384863706], [0.2097596358793383, 0.35197420968511733, 0.16918428437298708, 0.2690818700625573], [0.22625485568510587, 0.3485938277010762, 0.1539348605109353, 0.2712164561028827], [0.23404296339160977, 0.2729434829627783, 0.15021236073390468, 0.3428011929117076], [0.2031383606450949, 0.31290161750640577, 0.19955083629945986, 0.28440918554903943], [0.29804391842090827, 0.2956059682805197, 0.1145175184415857, 0.29183259485698637], [0.2597101920764891, 0.2738494005495276, 0.13956565390918935, 0.326874753464794], [0.23131774511103342, 0.3131178677127089, 0.17919710856795976, 0.27636727860829824], [0.24501108189034995, 0.3190084485082314, 0.16787882084471686, 0.2681016487567019], [0.21695476772672503, 0.3469099709773566, 0.18779380724538733, 0.24834145405053082], [0.3321072895635261, 0.2526378681294278, 0.1606771907175394, 0.2545776515895066], [0.19453834996906305, 0.33424596262361544, 0.20581275255984596, 0.2654029348474755], [0.2539401362585108, 0.26280090905123754, 0.15786326277545829, 0.3253956919147935], [0.3142623455713819, 0.2995106051577995, 0.14181718997448486, 0.24440985929633385], [0.16691611521694824, 0.28771973677855933, 0.22572716855210076, 0.3196369794523919], [0.24614919209469935, 0.26631988159162595, 0.177136992411121, 0.31039393390255393], [0.298479010595348, 0.22883271979440192, 0.19212133022851888, 0.2805669393817316], [0.20716339160736144, 0.30062233118911036, 0.1837610728796205, 0.30845320432390777], [0.26096809175370866, 0.27094643654596745, 0.1583688737757619, 0.309716597924562], [0.29958546638274697, 0.3113376626901406, 0.15833333288021706, 0.23074353804689549], [0.26823787482904665, 0.27299559542293833, 0.14562400277598328, 0.313142526972032], [0.25675437982695554, 0.28216797724632076, 0.185329648099059, 0.2757479948276648], [0.22947567330752444, 0.2375938735751098, 0.1563189671410408, 0.3766114859763251], [0.2114483885214131, 0.29458603734251115, 0.20387492795601392, 0.29009064618006203], [0.27619195441450123, 0.26033400820531843, 0.17294728288743788, 0.2905267544927426], [0.2585911957456521, 0.3143996925117262, 0.12108391054341908, 0.30592520119920275], [0.2334172219765397, 0.32603447160371923, 0.15440315270529384, 0.2861451537144473], [0.18587900222951298, 0.31657603709069176, 0.18699129036271459, 0.310553670317081], [0.23372690425435524, 0.31036626981369225, 0.1795962325263843, 0.2763105934055682], [0.22583139600127894, 0.2669269696368906, 0.21150214577347282, 0.29573948858835775], [0.21824616330476046, 0.3416705314373298, 0.19255128021096904, 0.2475320250469408], [0.23648378883639354, 0.31369468134164963, 0.12578534641720687, 0.32403618340475], [0.22804638265315036, 0.2710079980913958, 0.1893427190148391, 0.3116029002406148], [0.20309341533896483, 0.340485229177866, 0.18634524284819595, 0.2700761126349734], [0.2812483150961823, 0.28482827692825774, 0.1475031459687721, 0.28642026200678783], [0.25509914293502667, 0.31956346155433135, 0.16813441122181577, 0.2572029842888264], [0.28603580041424637, 0.22523950480830662, 0.168436460970889, 0.3202882338065583], [0.2204613031005689, 0.27711251988128527, 0.15976223143402785, 0.34266394558411795], [0.2860321417475358, 0.27872014215706664, 0.15753668994036812, 0.27771102615502957], [0.2645437873251486, 0.2794156374176896, 0.1775590165950625, 0.2784815586620994], [0.2057517561216991, 0.32680023210957176, 0.1778220021614024, 0.2896260096073266], [0.18416447102319491, 0.3837833970821969, 0.15407190922166578, 0.2779802226729425], [0.2621838740927725, 0.28552145512288635, 0.14043173517494623, 0.311862935609395], [0.20569569516707994, 0.2733667177316639, 0.17220842415893184, 0.34872916294232453], [0.2513678264305821, 0.2587377597971188, 0.17925871060371704, 0.31063570316858213], [0.2009049190009993, 0.3321392946593295, 0.12232747073495943, 0.34462831560471174], [0.20983099641297753, 0.29251832288513346, 0.14488943381644442, 0.3527612468854449], [0.25742717767336504, 0.2403851041555168, 0.2212429190471564, 0.2809447991239618]]}}