{"test": {"ids": ["99112300", "102113350", "112118421", "106114880", "111116110", "100113370", "100120010", "112118550", "108113480", "97113900", "112121351", "106112770", "108115870", "113121010", "107113840", "109117271", "98110230", "108121190", "99109780", "99108520", "104111380", "110120190", "106121220", "106118820", "105110251", "113117630", "97116500", "112118701", "113120601", "110118121", "99107660", "102109850", "99113260", "112117571", "109114270", "107114950", "108121351", "106121190", "103117200", "110114720", "113122320", "100112060", "98116090", "103111930", "109118231", "104112201", "105116090", "109120150", "110115120", "99109161", "113119300", "107118120", "113119950", "105119550", "103113640", "102116340", "104113380", "101114990", "111120540", "101111140", "112120270", "104113210", "105116441", "110118181", "111114121", "101112540", "102121440", "108118520", "111119610", "101114020", "113121220", "111119580", "108118060", "112116290", "106116370", "107113130", "108114200", "97116790", "103113101", "102113210", "113118620", "110121720", "98106680", "107121540", "102110750", "99117630", "112118810", "111116010", "110120640", "97105580", "110114651", "110115580", "105115570", "106116850", "107119950", "112120290", "99108460", "98106111", "108114270", "112120630", "103111540", "101117580", "104111880", "110118880", "109113881", "111117571", "97107950", "111116100", "108114180", "113119450", "111116411", "113121190", "106116441", "113122170", "108115570", "108120280", "113120260", "101111990", "113120640", "102117351", "112116610", "107118780", "111114941", "99120010", "103120290", "112121010", "102114270", "98116500", "98109311", "110121500", "105114220", "110117110", "99108710", "97114170", "97107821", "112120640", "105117200", "113119120", "107116300", "111116290", "111116530", "111120280"], "labels": [0, 3, 3, 0, 3, 3, 0, 3, 0, 2, 0, 1, 3, 2, 3, 0, 3, 1, 2, 2, 3, 3, 1, 3, 0, 0, 2, 0, 2, 3, 3, 1, 0, 3, 3, 3, 3, 2, 0, 3, 1, 2, 0, 3, 1, 0, 1, 2, 0, 3, 1, 3, 0, 1, 1, 3, 1, 3, 1, 2, 0, 3, 1, 1, 0, 2, 2, 0, 2, 3, 3, 3, 1, 0, 2, 1, 0, 2, 3, 3, 3, 3, 1, 2, 1, 3, 3, 1, 0, 1, 3, 1, 0, 3, 3, 1, 0, 0, 3, 3, 1, 3, 3, 0, 0, 3, 2, 3, 1, 3, 0, 1, 0, 1, 3, 3, 3, 2, 0, 1, 1, 1, 0, 2, 2, 2, 3, 2, 1, 3, 3, 0, 2, 2, 2, 0, 3, 3, 0, 2, 3, 0], "predicted_labels": [2, 3, 1, 2, 3, 3, 2, 0, 3, 0, 0, 3, 2, 1, 1, 3, 1, 1, 2, 2, 2, 3, 3, 3, 3, 2, 1, 3, 2, 1, 3, 2, 0, 3, 1, 3, 3, 2, 1, 2, 1, 2, 1, 0, 1, 0, 3, 2, 1, 0, 3, 1, 1, 1, 3, 3, 0, 2, 1, 0, 1, 0, 3, 1, 1, 3, 1, 2, 2, 3, 3, 0, 1, 1, 3, 2, 1, 2, 3, 1, 1, 1, 1, 1, 1, 1, 1, 2, 0, 0, 1, 2, 2, 3, 3, 1, 1, 1, 1, 3, 1, 0, 3, 3, 1, 1, 3, 3, 3, 0, 3, 1, 1, 1, 2, 3, 1, 2, 3, 3, 3, 3, 0, 2, 2, 0, 1, 3, 1, 1, 0, 3, 1, 1, 3, 2, 3, 3, 3, 2, 1, 3], "confidence_scores": [[0.07453971002630208, 0.3112189707056207, 0.5921351287945209, 0.022106190473556196], [2.518349967175006e-05, 0.0001270217934945663, 0.457083622320935, 0.5427641723858988], [2.889255210050785e-06, 0.9999530428047246, 4.831069308973546e-07, 4.358483313460276e-05], [3.952111067648388e-05, 0.04192209897008467, 0.9580383696672922, 1.0251946750188437e-08], [0.03727317635912644, 0.014847242262372313, 0.00683746135691633, 0.9410421200215849], [0.003173409586993283, 0.024756284549644035, 0.0037209676642481417, 0.9683493381991146], [3.9309994169113345e-05, 0.0007510950381172242, 0.9991489274036849, 6.066756402878323e-05], [0.9790052624706567, 3.808535793731307e-05, 6.169871141039466e-07, 0.020956035184291694], [0.19361876998502572, 3.015187220224832e-06, 0.004007899711042152, 0.8023703151167119], [0.9839228047771297, 0.000522362394738614, 0.015549028465670044, 5.8043624616707814e-06], [0.9984525522276834, 1.0924100634346977e-07, 3.177730569276035e-07, 0.0015470207582533617], [1.626718161587227e-11, 0.01566106015565455, 0.00011254630712215742, 0.9842263935209561], [0.003960087567199878, 0.0015623860926310775, 0.9932346957075647, 0.0012428306326043898], [0.00046959631133820556, 0.9994797257698895, 4.2375950371546746e-05, 8.301968400819586e-06], [3.2505992569740407e-07, 0.9999723686329313, 4.479417044497173e-07, 2.6858365438629616e-05], [0.002504200024894944, 4.730890043111093e-06, 1.1942980486300935e-07, 0.9974909496552571], [8.978260426640267e-11, 0.9999987304930267, 8.933167530379336e-07, 3.761004376149993e-07], [0.00043102373636536896, 0.9760063201596652, 8.686560726639982e-07, 0.023561787447896804], [0.00021528949522333867, 0.09136016381128445, 0.9081682892161257, 0.0002562574773665275], [5.069520573847648e-05, 0.10122395246268116, 0.8969639491070339, 0.0017614032245464198], [0.000611146743958956, 0.032734771994878134, 0.9663096869673243, 0.0003443942938384875], [6.551135826270156e-07, 8.925862670848284e-05, 4.87345768052636e-10, 0.9999100857723631], [0.10777220312900125, 0.031114367088844512, 0.237606334339265, 0.6235070954428892], [1.5634616794930607e-05, 0.0011486093048739688, 3.0213737781245004e-08, 0.9988357258645933], [6.083270732448397e-05, 0.04559429128466162, 0.005225724311712984, 0.9491191516963009], [0.0013549219712354343, 0.002659137699439698, 0.9877452951847914, 0.0082406451445334], [0.11459877415637754, 0.8773668453513392, 0.0024260226844861673, 0.00560835780779705], [0.0008373690656281204, 2.997502666091583e-05, 1.2602596086323407e-07, 0.9991325298817502], [0.00014747275846819586, 0.014085205154403108, 0.9857496275477308, 1.769453939792725e-05], [0.30661708460813814, 0.6731603827551548, 0.0024368065758081613, 0.017785726060898968], [0.0002903809409068352, 6.495784043908857e-05, 0.0001187746637390882, 0.999525886554915], [0.0003148860861652559, 0.13351152660072796, 0.8657852691768405, 0.00038831813626642156], [0.8164366197894599, 0.1795834445303716, 0.001039706464380077, 0.0029402292157883255], [2.307042743786117e-06, 0.00023537319394726543, 4.906700489104143e-08, 0.999762270696304], [0.0938898736066164, 0.9057037901322817, 0.0003220324840397181, 8.430377706218342e-05], [0.0022959255522670384, 0.07196651383724338, 0.00032738810353438806, 0.9254101725069551], [1.7436514215782325e-06, 5.603192747857174e-07, 4.816355722142655e-08, 0.9999976478657465], [0.020434908646524443, 0.3073514178898467, 0.6361575043743338, 0.03605616908929501], [0.3033930583836441, 0.396627775923951, 0.00031040823249863496, 0.29966875745990634], [0.4317196876449427, 0.0032962007691499226, 0.5649176551673325, 6.645641857494982e-05], [0.21290145518528863, 0.7868415876562647, 0.0002563816108828923, 5.755475636446356e-07], [0.004871294412448433, 0.0003283347225071937, 0.9946606338143905, 0.00013973705065367336], [0.03598224117784667, 0.950621754553369, 0.01258658998266658, 0.0008094142861176137], [0.9996965739389228, 0.00017980754786071752, 1.9840991857639216e-07, 0.00012342010329780532], [1.603366357932827e-05, 0.9999835612539586, 2.1249609041898753e-09, 4.029575014026266e-07], [0.9787468548344477, 0.0016482945043602996, 0.0002097910083335322, 0.01939505965285858], [0.007273130334254385, 5.640110144977839e-05, 3.776819257089522e-05, 0.9926327003717249], [7.63308143472728e-08, 4.900192009376181e-07, 0.999999433000599, 6.493856278815034e-10], [0.07577390968937295, 0.4990641730599262, 0.4188433026466465, 0.006318614604054206], [0.9999869816620466, 4.3820840660474153e-08, 1.2974382169463722e-05, 1.349431003880426e-10], [1.126299599905993e-06, 5.87066819112584e-08, 5.798791268662801e-10, 0.9999988144138391], [7.618674778070821e-05, 0.8935597095846164, 0.0010758070210508067, 0.10528829664655212], [0.004506179310945133, 0.995399707841781, 7.880112849945493e-07, 9.332483598896603e-05], [0.011983321235737449, 0.9589475102005676, 2.464695246343102e-06, 0.029066703868448625], [0.4201326833886333, 7.05768502759427e-06, 6.316197530008056e-06, 0.5798539427288091], [0.00011525706841941312, 0.006264098772998015, 0.013824923423232355, 0.9797957207353503], [0.9997064480527957, 5.816342468112903e-05, 1.2307355400749311e-05, 0.00022308116712257544], [4.811536321017791e-06, 0.020588735086061866, 0.9734760585997972, 0.005930394777819947], [0.016387785769559512, 0.9805695638340348, 0.00304264604854538, 4.347860049064517e-09], [0.5427332966913211, 0.0011427029879322226, 0.03185780544447063, 0.42426619487627615], [0.00020096301946732312, 0.9068707176191761, 0.09291392331600691, 1.439604534957858e-05], [0.9966489051859879, 4.836457935589451e-05, 0.002631181649122302, 0.0006715485855338278], [0.003962817068829853, 0.16051350930220484, 3.821094887974973e-07, 0.8355232915194765], [0.18062027286644047, 0.7478924868059886, 6.5732200981062805e-06, 0.07148066710747293], [1.7809106034088795e-09, 0.9999612593864916, 1.1300539051471124e-05, 2.7438293546357795e-05], [0.00016635455376803424, 0.0024519710195055867, 0.22000532445553214, 0.7773763499711942], [9.534849277855775e-06, 0.8253503425599865, 0.011195927334966996, 0.1634441952557687], [8.734111072909647e-06, 0.4842569572511776, 0.515562264990151, 0.00017204364759837825], [2.892707522268064e-05, 2.0026109243681962e-05, 0.9999510450878494, 1.7276843227211632e-09], [0.016106470544743536, 2.153245284584782e-05, 4.891749818465697e-05, 0.9838230795042259], [1.8667936312335874e-09, 5.393729499378673e-07, 1.1262818714137345e-05, 0.9999881959415422], [0.6765593352568354, 1.4361948974435044e-08, 0.3234406501480397, 2.331759146611882e-10], [0.022313953809877315, 0.9773182157118989, 0.00023867443911054686, 0.00012915603911329822], [0.024130505629738848, 0.9758025274623384, 6.112616892829136e-05, 5.840738994330011e-06], [0.00011152107883389955, 0.23686170726159061, 0.0783211368736199, 0.6847056347859555], [5.824012549021791e-08, 0.00026821524766513957, 0.9997212084500655, 1.0518062143958536e-05], [0.01302976633077332, 0.8060902551832714, 0.18080526180630058, 7.471667965467585e-05], [0.016895772338202174, 0.002055299580753964, 0.9810011643732013, 4.776370784258923e-05], [2.06034758757326e-06, 0.0007855352260798641, 0.00015813746017346797, 0.9990542669661591], [0.010855707839855405, 0.9225267375635657, 0.06628322248482404, 0.00033433211175489024], [1.0834258336226519e-05, 0.9999230706359133, 6.670918289760156e-10, 6.609443865845986e-05], [0.0005963277009274891, 0.8851454195235944, 0.11424715673214811, 1.1096043329943156e-05], [6.327577775400514e-07, 0.9043223118201514, 0.09408651270313231, 0.0015905427189388597], [0.0007799902494145701, 0.9983721326170027, 0.0008201721010218242, 2.7705032560961438e-05], [1.63669219576101e-05, 0.9859576370484776, 0.014025956471038293, 3.955852643934111e-08], [0.33089792460735346, 0.6687126830510008, 0.00023291935196817222, 0.00015647298967767605], [0.049359588011106424, 0.814183533627333, 0.0016545213247375324, 0.13480235703682303], [2.2083099469839292e-05, 0.26403011811266724, 0.7340888209343004, 0.0018589778535626155], [0.9846459244058702, 0.0017571124651761297, 0.0036694123200731034, 0.009927550808880803], [0.6288855045373204, 1.1596900450245371e-07, 0.32458692419023366, 0.04652745530344156], [3.302244764535341e-08, 0.9989372522065448, 1.4392103742181648e-06, 0.0010612755606331926], [0.006751821898464298, 0.01459299545994674, 0.9664581760254827, 0.012197006616106232], [0.014089005061087515, 0.12480855413561037, 0.8334616168283255, 0.02764082397497661], [0.14077106746617665, 0.0012997780640720713, 0.07434509340355334, 0.7835840610661978], [3.7435490963992724e-05, 0.25520993113179935, 0.32624929327771507, 0.41850334009952167], [0.003594362630145555, 0.9961395037860499, 0.00026611090414882315, 2.2679655833006122e-08], [0.00010937193654374794, 0.702366695037594, 1.66956656029239e-07, 0.2975237660692063], [8.800151442653078e-09, 0.9999911772465534, 5.926696734136983e-06, 2.8872565610506074e-06], [0.16520244715458118, 0.7921383655413592, 0.003761067689345125, 0.03889811961471456], [1.9988797056769936e-06, 0.43428029836385057, 0.001442565119627481, 0.5642751376368162], [0.022378508016962416, 0.6681052544859353, 0.0683948587713272, 0.24112137872577505], [0.6274225842015325, 2.059240406923003e-05, 7.514265590330704e-07, 0.3725560719678392], [0.04883411455571513, 0.2668901219038953, 0.21428545483599076, 0.4699903087043986], [0.00026004016018204407, 0.004204489601940869, 1.094723735272279e-07, 0.9955353607655036], [0.004616334406198402, 0.9933828521873963, 0.0019938270335452613, 6.986372859837662e-06], [0.0005948373127973697, 0.9994036503996168, 1.4576313774083542e-06, 5.465620842911773e-08], [7.932874758794746e-05, 0.07625406687585869, 0.019251520672702326, 0.904415083703851], [0.20452079452373687, 0.1814592845305106, 1.5852917493543201e-06, 0.6140183356540031], [6.596347593131438e-09, 5.767685706728483e-05, 8.599615637867999e-05, 0.9998563203902066], [0.8318675186435897, 0.0007413338396246893, 0.0009441431661557884, 0.16644700435062984], [0.01614729040954378, 6.264178793742022e-06, 6.456100460379795e-12, 0.9838464454052063], [3.7782144832696514e-05, 0.9999578977079825, 4.0437804911033794e-07, 3.915769135876023e-06], [0.23419634291973354, 0.7658034884308383, 2.699315820399236e-08, 1.416562698166308e-07], [0.001447764506921613, 0.7812812835821121, 0.0036451078048183078, 0.21362584410614788], [0.019909709411624704, 0.002307250970277463, 0.9436111580302069, 0.03417188158789094], [0.030449135572613716, 0.006462422370705225, 0.08830008723580303, 0.8747883548208781], [0.004629804874866449, 0.8692678776912546, 0.04472479085290591, 0.08137752658097303], [6.362230424942363e-07, 3.262173706021902e-07, 0.9999491374046989, 4.99001548880875e-05], [5.059723760021263e-07, 0.05877404901025136, 0.00023153190508240813, 0.9409939131122902], [0.11026279170126416, 1.7321405211185484e-05, 5.497734221295711e-10, 0.8897198863437513], [0.1593312258497267, 0.03433972698348213, 0.04538600666890044, 0.7609430404978907], [0.0012750886636723894, 0.08395427603976971, 4.176470712487248e-06, 0.9147664588258454], [0.8017657235168907, 0.18835636683205323, 8.421813498719466e-07, 0.009877067469706319], [0.009494332164101426, 0.00012616176497830898, 0.9903769032929157, 2.6027780045752867e-06], [1.1317314697482945e-05, 0.0032387726047889906, 0.9966589237558007, 9.098632471272111e-05], [0.9970262652905548, 1.76753281488036e-05, 2.4119483687034707e-05, 0.0029319398976091773], [5.990055060331797e-07, 0.9999993639356068, 3.694919882576394e-08, 1.0968820029655458e-10], [6.663277125128781e-06, 3.8433998777540484e-07, 2.0135748222454998e-05, 0.9999728166346648], [0.0002084314213512776, 0.6981316485895033, 0.031414488325087545, 0.27024543166405773], [0.0015125476387373071, 0.998425204691807, 7.227396714766436e-09, 6.22404420590022e-05], [0.4660696126490252, 0.1927664412111913, 3.49347219284508e-08, 0.3411639112050617], [2.247123129119903e-08, 0.036849950061089286, 0.36856728212783085, 0.5945827453398485], [1.1744224700217715e-05, 0.999328531086657, 1.475279245652937e-06, 0.0006582494093972131], [5.242789490422173e-09, 0.4727953960728726, 0.2051079304245227, 0.32209666825981526], [0.12442146834658042, 0.00032990865229173664, 0.015733034681021874, 0.8595155883201059], [3.696652450823482e-06, 0.07558616906619015, 0.7510596663474883, 0.17335046793387063], [0.0025688468523535637, 0.2229404121868742, 0.003984173641882747, 0.7705065673188894], [0.13947204206887567, 0.0002536617212307652, 0.00024322541200535484, 0.8600310707978882], [6.0422649977436e-05, 0.001375182727623345, 0.00029686842538816603, 0.9982675261970111], [0.13607843553024931, 0.010057274462916104, 0.8536996184693444, 0.00016467153749024016], [1.8379923216436498e-06, 0.9999654788112258, 3.257431241537245e-05, 1.0888403714788417e-07], [3.2820467237681665e-05, 0.4513735654951895, 7.213826044104172e-05, 0.5485214757771318]]}, "rewritten": {"ids": ["97105580", "97107821", "97107950", "97113900", "97114170", "97116500", "97116790", "98106111", "98106680", "98109311", "98110230", "98116090", "98116500", "99107660", "99108460", "99108520", "99108710", "99109161", "99109780", "99112300", "99113260", "99117630", "99120010", "100112060", "100113370", "100120010", "101111140", "101111990", "101112540", "101114020", "101114990", "101117580", "102109850", "102110750", "102113210", "102113350", "102114270", "102116340", "102117351", "102121440", "103111540", "103111930", "103113101", "103113640", "103117200", "103120290", "104111380", "104111880", "104112201", "104113210", "104113380", "105110251", "105114220", "105115570", "105116090", "105116441", "105117200", "105119550", "106112770", "106114880", "106116370", "106116441", "106116850", "106118820", "106121190", "106121220", "107113130", "107113840", "107114950", "107116300", "107118120", "107118780", "107119950", "107121540", "108113480", "108114180", "108114200", "108114270", "108115570", "108115870", "108118060", "108118520", "108120280", "108121190", "108121351", "109113881", "109114270", "109117271", "109118231", "109120150", "110114651", "110114720", "110115120", "110115580", "110117110", "110118121", "110118181", "110118880", "110120190", "110120640", "110121500", "110121720", "111114121", "111114941", "111116010", "111116100", "111116110", "111116290", "111116411", "111116530", "111117571", "111119580", "111119610", "111120280", "111120540", "112116290", "112116610", "112117571", "112118421", "112118550", "112118701", "112118810", "112120270", "112120290", "112120630", "112120640", "112121010", "112121351", "113117630", "113118620", "113119120", "113119300", "113119450", "113119950", "113120260", "113120601", "113120640", "113121010", "113121190", "113121220", "113122170", "113122320"], "labels": [1, 2, 2, 2, 2, 2, 2, 0, 1, 1, 3, 0, 2, 3, 0, 2, 2, 3, 2, 0, 0, 3, 2, 2, 3, 0, 2, 2, 2, 3, 3, 3, 1, 1, 3, 3, 3, 3, 1, 2, 1, 3, 3, 1, 0, 2, 3, 3, 0, 3, 1, 0, 3, 0, 1, 1, 3, 1, 1, 0, 2, 0, 3, 3, 2, 1, 1, 3, 3, 0, 3, 1, 3, 2, 0, 1, 0, 3, 3, 3, 1, 0, 3, 1, 3, 0, 3, 0, 1, 2, 3, 3, 0, 1, 0, 3, 1, 0, 3, 0, 3, 3, 0, 0, 1, 3, 3, 2, 0, 3, 3, 3, 2, 0, 1, 0, 1, 3, 3, 3, 0, 3, 0, 1, 3, 0, 2, 0, 0, 3, 3, 1, 3, 0, 3, 2, 0, 2, 1, 3, 1, 1], "predicted_labels": [2, 3, 3, 0, 3, 1, 2, 1, 2, 1, 1, 2, 3, 3, 1, 2, 1, 0, 2, 2, 1, 0, 2, 2, 3, 2, 0, 2, 3, 3, 1, 0, 1, 1, 1, 3, 1, 3, 3, 2, 0, 0, 3, 0, 3, 2, 2, 3, 0, 0, 0, 1, 1, 2, 3, 3, 3, 1, 1, 2, 3, 0, 3, 3, 2, 1, 2, 1, 1, 3, 1, 1, 1, 1, 3, 3, 1, 0, 2, 2, 1, 1, 3, 1, 3, 1, 0, 3, 1, 2, 1, 2, 1, 2, 3, 0, 0, 3, 3, 0, 1, 1, 1, 0, 1, 3, 3, 0, 3, 1, 0, 0, 2, 3, 1, 0, 3, 3, 1, 0, 3, 1, 2, 1, 1, 2, 0, 0, 2, 1, 3, 3, 0, 1, 1, 1, 3, 1, 1, 3, 1, 0], "confidence_scores": [[0.2606721260521054, 0.005002219141877043, 0.7309671008680857, 0.003358553937931954], [0.4087691530845656, 0.0004668372517730451, 0.15194644030275892, 0.43881756936090244], [7.647466375155761e-05, 0.19558361496772522, 0.05338806113176771, 0.7509518492367556], [0.9476341018610525, 0.004105974662328191, 0.04175119210756759, 0.0065087313690517], [2.066063004116376e-09, 0.19510766668261412, 0.010674642700299542, 0.7942176885510234], [0.050360155654077844, 0.9493132138950697, 0.0002542852372331181, 7.234521361910933e-05], [0.13503237744680235, 0.042785298865512876, 0.8200421648280983, 0.00214015885958648], [2.1079816671156932e-07, 0.9992640143178245, 4.6681837747863865e-06, 0.0007311067002340327], [0.0006284042033622563, 0.04645788242248388, 0.9001211039910134, 0.052792609383140544], [2.1875223235846518e-06, 0.629139585976449, 0.012775077479846422, 0.358083149021381], [2.3687389122365046e-09, 0.9999670126220578, 3.3447809411834854e-07, 3.2650531109101896e-05], [0.004404090366414887, 0.3980445686110184, 0.5975476479305852, 3.6930919814709527e-06], [1.1923742429494466e-06, 0.00030813588176077623, 7.489903394073916e-08, 0.9996905968449624], [0.012355397415569515, 0.002511336519151648, 3.708283450889023e-06, 0.9851295577818279], [1.0904126574858e-06, 0.9614677948381086, 6.334399950476913e-10, 0.038531114115793824], [8.535146760010598e-06, 0.03932926346865227, 0.9600147463575638, 0.0006474550270240153], [2.5711007044273784e-06, 0.9985201119219559, 6.367891415620761e-08, 0.0014772532984256462], [0.9925882861000503, 1.0140474985330066e-05, 0.007401571296948078, 2.128016245315342e-09], [0.0006100440744410541, 0.3222304276117564, 0.6539179004648151, 0.023241627848987423], [0.22602546808866014, 0.3533978306518713, 0.41930217389679886, 0.0012745273626698385], [0.3456207779603146, 0.6529562070966524, 0.00031998993192123806, 0.0011030250111117512], [0.5340090477048002, 0.4655933451614323, 0.0002586947893600224, 0.00013891234440753725], [0.01133371641997149, 0.0007389907385011237, 0.9879112682717476, 1.6024569779734978e-05], [0.05688335485302837, 0.0014682625485960851, 0.9413239617028393, 0.0003244208955362435], [0.003452826817215947, 0.16672907722612548, 0.010351657694933073, 0.8194664382617255], [4.321115548161549e-05, 0.0008879517201994454, 0.9988996925036612, 0.000169144620657592], [0.5895100055878032, 0.005577695998562574, 0.0036312269476562243, 0.401281071465978], [1.9676926441975164e-05, 4.764662715419801e-05, 0.9996711928455131, 0.0002614836008908124], [0.0001531369979317013, 0.24223545233738467, 0.07255400650554211, 0.6850574041591415], [0.023828955503908653, 1.1089816360680475e-05, 3.686778025416709e-05, 0.9761230868994766], [1.6794679001410347e-05, 0.799746216356832, 0.19215737839028724, 0.008079610573879428], [0.9639749558108313, 0.0008804441014898789, 4.554087093749491e-06, 0.03514004600058512], [0.00014157971560374108, 0.9979616900189959, 0.0018690373179624372, 2.769294743783313e-05], [1.3572776721964353e-05, 0.9494596635666575, 0.05052668317734854, 8.047927186288181e-08], [0.0007836384248480545, 0.980406877188944, 0.01879839792645569, 1.1086459752224584e-05], [0.0003764245791090221, 0.0001817656968300661, 0.05525590360015305, 0.944185906123908], [4.9953908666302494e-06, 0.9999949036012876, 1.0002092855784155e-07, 9.869172468983133e-10], [9.766366088130294e-06, 0.20998629392659732, 0.0059295232867758564, 0.7840744164205387], [0.22641712964564012, 0.00016980651484691767, 2.1387204412947e-09, 0.7734130617007925], [0.0005223793241980854, 0.1769384849393877, 0.548339460226618, 0.2741996755097963], [0.6448034538706321, 0.025869864267363284, 0.024063029417029192, 0.30526365244497544], [0.8842896174145937, 0.09566900183835012, 3.1289285047875533e-06, 0.02003825181855118], [9.869157502022985e-06, 0.0007099216676169854, 0.0005295240777729895, 0.9987506850971078], [0.8989785618086895, 1.3779972717286098e-06, 2.432840831822921e-07, 0.10101981690995557], [0.014849854429088854, 0.006901590218393253, 4.23438926775876e-07, 0.9782481319135912], [1.649124434473009e-05, 0.004078564021374265, 0.9958038375677997, 0.00010110716648146869], [0.0006989799509931184, 0.09519104723379547, 0.9040696701212063, 4.0302694005285526e-05], [0.0909544036907573, 0.07548354190064557, 0.0024965866011318464, 0.8310654678074654], [0.9850037366852047, 0.000239010646176716, 0.000491999850566078, 0.014265252818052673], [0.9987643183885309, 2.8291606612531107e-06, 0.0011667037374920382, 6.614871331603584e-05], [0.9900145143745319, 0.004716859531022265, 0.00521870783634901, 4.991825809674904e-05], [0.0009071298054900781, 0.9888939790682857, 0.00011887045832258154, 0.010080020667901663], [0.015813211032266884, 0.9787068322956346, 2.8283721164546735e-08, 0.0054799283883772325], [4.661190345570093e-05, 0.002099588144290354, 0.9978110325396738, 4.276741258028243e-05], [0.043408878872463974, 0.00205270387537473, 6.62519264076616e-05, 0.9544721653257536], [0.10173856888086143, 0.003150820302623863, 3.619523703306756e-09, 0.8951106071969909], [0.22386673538388735, 0.0007674107424084078, 0.0010009531095056818, 0.7743649007641986], [0.0014969603296516771, 0.9952487203574679, 1.8165599783443185e-06, 0.003252502752901964], [4.039697255061849e-10, 0.6845105155583482, 0.0027256523171531534, 0.31276383172052885], [4.071150374673486e-06, 0.00021873089887505933, 0.9997770544236617, 1.435270885139126e-07], [2.4333547651765343e-05, 0.009071827133941583, 0.04665202660596058, 0.9442518127124461], [0.9042889814134004, 0.09570973090464796, 1.2651242313162807e-06, 2.255772026802354e-08], [0.0029770222825390704, 0.0016425730280073586, 0.07819364940128645, 0.9171867552881672], [0.012931154120206205, 0.10494694164925378, 1.614015096526763e-06, 0.8821202902154434], [0.0006268138436001957, 0.15900893387351916, 0.7804421296098366, 0.05992212267304409], [0.021518328888467556, 0.46321815671234357, 0.3397784296445231, 0.17548508475466584], [3.423575865298029e-06, 0.006715914821426706, 0.9932806593404598, 2.2622481429108053e-09], [8.209793645994014e-07, 0.9999827006326418, 9.607821269595045e-07, 1.5517605866551025e-05], [0.0016068340047231218, 0.8116451959833738, 0.000200271661695867, 0.18654769835020724], [2.5726113218395905e-05, 4.610369952421636e-05, 1.2721395801510644e-06, 0.9999268980476772], [6.0470977564146225e-05, 0.9926762705515958, 0.0020622739495435895, 0.005200984521296341], [0.007374893360351053, 0.536863848844961, 1.6406983943517326e-05, 0.45574485081074445], [4.596890756447091e-07, 0.663554577103972, 0.06674281707001851, 0.26970214613693383], [3.1315647341512264e-05, 0.9968088295018002, 0.002862850860336436, 0.00029700399052207154], [0.08058177774147629, 6.570038320554402e-07, 0.00037031028923335113, 0.9190472549654584], [2.513167914525084e-07, 7.930602358109406e-06, 0.0021054490896631798, 0.9978863689911872], [0.046493884663367374, 0.7788377992883698, 0.1746596436740303, 8.67237423253902e-06], [0.8863063227860418, 0.06075169839024442, 0.0029563404338847662, 0.049985638389829015], [0.005708446519856415, 0.0017259260170779625, 0.8185944215017067, 0.17397120596135895], [0.0009352924923167832, 0.0009108720484321869, 0.9977120137957214, 0.0004418216635295674], [0.17160973043597344, 0.8185400726339978, 0.0059837731432115975, 0.0038664237868172835], [9.350445623556105e-06, 0.7790691392510781, 0.18965558480217418, 0.031265925501124045], [0.01682624016308992, 0.008203494094746654, 0.0612760237011984, 0.9136942420409649], [9.651271089006555e-05, 0.6697958436653139, 1.179337799151398e-05, 0.33009585024580473], [0.0011171952751188247, 5.428846478397277e-05, 4.5106370525792207e-07, 0.9988280651963919], [9.240263779495277e-05, 0.9998357610853426, 7.18126717666338e-05, 2.3605095968977365e-08], [0.5238216829477581, 0.12736225445873342, 0.2541876360098475, 0.0946284265836609], [0.02281622359021949, 6.104161011160113e-08, 1.053717677339777e-05, 0.977173178191397], [0.01168926374993643, 0.9879886925664009, 3.5725595538811803e-06, 0.00031847112410853635], [2.1432380058040264e-08, 5.742824309947115e-09, 0.9999999727849941, 3.980157112133566e-11], [1.9308787773745372e-07, 0.9985143534445482, 3.8479492292923956e-06, 0.0014816055183447274], [0.218907647546805, 0.001991270538005684, 0.7790775363216771, 2.354559351224907e-05], [0.0009082949665219345, 0.9834244484184336, 0.015278071035409527, 0.0003891855796349279], [0.007205359230544488, 0.05348195683041559, 0.7425688054639482, 0.19674387847509175], [5.319268171770156e-05, 0.046975169627468505, 0.28754872481967875, 0.665422912871135], [0.8077899210800475, 0.17988921541251165, 0.005761284800259643, 0.006559578707181086], [0.8788484840433644, 0.02075986193496919, 1.6711610882771473e-08, 0.1003916373100557], [0.0001393060865947202, 0.3067237467663798, 4.963140465642369e-06, 0.6931319840065598], [2.338185289114657e-05, 0.03166131230386314, 1.577669414679708e-07, 0.9683151480763043], [0.9953656592399803, 0.0025565144821990504, 0.002056064337474855, 2.1761940345750597e-05], [0.02705489278538256, 0.9727190277505452, 1.951920740832135e-07, 0.0002258842719980667], [0.0028778022262299675, 0.9853102489084158, 0.011808894389557179, 3.0544757970813286e-06], [8.710876571601693e-10, 0.9999730840471199, 7.69317863351564e-07, 2.614576392890065e-05], [0.9593949480252367, 0.03279775432706359, 1.377369079796821e-06, 0.007805920278620059], [4.6878631797260505e-05, 0.9042128049932969, 0.09418528046354713, 0.0015550359113584962], [0.2360140146319031, 0.24511781421524675, 4.58730357462202e-07, 0.5188677124224926], [0.06040752900791625, 0.008090665318256246, 0.002291618127088912, 0.9292101875467387], [0.9981150856933322, 0.0015789859387208254, 0.00029608906377240617, 9.839304174497386e-06], [0.09165732889611249, 0.00038475292434330814, 2.3166552384685169e-10, 0.9079579179478786], [0.0001149258221513244, 0.9998847996760043, 2.39932614816676e-07, 3.456922950962813e-08], [0.9001779774074878, 0.09979292098233301, 2.9095387894152787e-05, 6.222284867001249e-09], [0.9835415717428039, 1.4183788701801252e-06, 0.016457000279251517, 9.599074550568884e-09], [6.44605092568446e-05, 0.0023578361442979268, 0.9975776636143182, 3.973212700071723e-08], [2.2184023564939903e-06, 0.2098592052398696, 2.1142531398136366e-05, 0.7901174338263758], [0.028903926717414954, 0.9543149978715928, 0.016781042225356806, 3.318563547711302e-08], [0.8945889747243043, 0.10474070221881825, 0.0006511763525593293, 1.9146704318138828e-05], [0.0031473301585654336, 0.29896452790438754, 0.07768604171423059, 0.6202021002228164], [8.780052076628472e-06, 0.026971468324472322, 1.7728446081947392e-05, 0.9730020231773692], [8.060448954314847e-05, 0.9956866975429673, 5.60455373620859e-07, 0.004232137512115807], [0.9731600816809945, 0.0006684706301195519, 1.544082727605211e-05, 0.02615600686160979], [0.006365041804443009, 0.00013253262160643493, 3.3096691566610814e-06, 0.9934991159047939], [0.00040661430931478024, 0.9970154916369551, 1.8027823880772963e-05, 0.0025598662298491155], [0.00048784793603320127, 0.013078440804781126, 0.9854574074073453, 0.0009763038518401147], [0.0037638772719922335, 0.9951444967370614, 0.0010915961056873122, 2.988525925670637e-08], [0.00010964891285502721, 0.7779868340320732, 0.0024611777376849597, 0.2194423393173868], [1.010558312404363e-06, 0.021671484951090354, 0.8491132704244906, 0.12921423406610658], [0.9995567923096474, 4.3927872405063664e-06, 4.6419656485216303e-05, 0.00039239524662676336], [0.9983434828705557, 0.00016892438852892421, 2.8130176594287876e-07, 0.0014873114391493903], [0.00016897690768403873, 0.0005118318863220237, 0.9986218886229538, 0.0006973025830402698], [4.481518466184142e-05, 0.9999288919547862, 1.4525869297054842e-09, 2.629140796521689e-05], [0.008042176444939523, 0.001172997527016482, 0.00045138850270673767, 0.9903334375253373], [2.3384828341182764e-07, 0.021697304176919, 0.020398277530589894, 0.9579041844442077], [0.7326581410084998, 0.0005744161419943028, 0.0069818687497413025, 0.25978557409976455], [0.000590266447703899, 0.9978283062248522, 7.331289364972014e-08, 0.0015813540145504902], [7.646264955492381e-10, 0.9995051504758065, 2.6902157004993395e-05, 0.00046794660256227905], [1.7381998000661707e-05, 0.9995669514651198, 8.057512483356759e-05, 0.0003350914120459807], [2.7443189257620013e-07, 0.10064081868595938, 0.0003327573691003802, 0.8990261495130477], [0.00015882362665466752, 0.998533489738707, 0.0006938526466397491, 0.0006138339879985369], [0.00023403469110693022, 0.9997530983920868, 3.606474423230356e-07, 1.2506269364042952e-05], [2.6796627297205936e-07, 4.189956174726376e-06, 0.0006308892331908835, 0.9993646528443613], [0.00075949394964415, 0.879150865055994, 0.10219547391348222, 0.017894167080879653], [0.9941774480576318, 0.00581161728067862, 8.677598992097884e-06, 2.2570626975679157e-06]]}}