{"test": {"ids": ["112118421", "107113170", "106119260", "113121750", "113120601", "106121220", "110114610", "98112170", "104118070", "105120621", "113122510", "107114780", "107118780", "99107560", "103113210", "100109801", "99108000", "106114280", "107120260", "98111620", "108119510", "101108290", "100108520", "109114720", "101108580", "112117471", "101108950", "103113260", "108115870", "110120540", "107114110", "112119610", "113122180", "98107010", "107116501", "105119950", "103113170", "113122190", "106113260", "113119340", "111116750", "113122160", "103112470", "108119550", "108118520", "109119450", "110115890", "110117870", "106113170", "112118581", "105113210", "100120780", "109121351", "111119290", "111116040", "109114030", "98106680", "102112170", "102117351", "99109311", "99109840", "113117630", "106116820", "106116850", "112121360", "108118810", "105111990", "112120640", "110114561", "107120880", "109117110", "111119150", "111117571", "108118630", "103109021", "104114230", "102112250", "100108580", "112121010", "97106820", "100108080", "97112830", "99108310", "101110200", "100108260", "111119930", "97107681", "97118210", "113119450", "100108490", "112118930", "111118301", "104109311", "104111380", "99116500", "107118490", "98108580", "105110091", "110121720", "111117200", "101110740", "112121410", "111118810", "110117500", "102113981", "101108121", "101119030", "109115380", "107121640", "112118890", "108121160", "104116980", "109117080", "97106600", "108118291", "113120280", "102109910", "101112160", "105115720", "111120280", "112116990", "111119250", "101108370", "107116340", "104113240", "113122120", "100111620", "104118340", "105110251", "105116501", "97111790", "102112301", "109118231", "102110050", "105115680", "113121980", "99109141", "110114720", "107113180", "106115120", "103113270", "111120320"], "labels": [3, 0, 1, 0, 2, 1, 1, 3, 2, 1, 2, 2, 1, 1, 3, 0, 2, 3, 1, 3, 1, 0, 2, 0, 0, 3, 2, 3, 3, 1, 1, 0, 2, 3, 1, 3, 3, 1, 3, 0, 3, 3, 1, 1, 0, 3, 2, 3, 0, 1, 3, 1, 0, 3, 0, 1, 1, 3, 1, 1, 2, 0, 1, 3, 3, 1, 2, 0, 0, 1, 1, 3, 3, 1, 0, 2, 0, 0, 2, 1, 0, 2, 2, 2, 3, 1, 3, 2, 3, 2, 1, 3, 3, 3, 2, 2, 0, 0, 3, 0, 3, 0, 0, 1, 1, 0, 3, 3, 1, 3, 2, 1, 1, 3, 3, 0, 2, 3, 1, 0, 0, 1, 1, 3, 2, 1, 3, 2, 0, 1, 2, 1, 1, 3, 2, 2, 3, 3, 3, 1, 2, 1], "predicted_labels": [3, 3, 3, 0, 2, 3, 1, 1, 1, 3, 1, 3, 1, 1, 0, 1, 1, 3, 1, 2, 0, 3, 2, 1, 3, 0, 1, 1, 3, 0, 3, 2, 3, 0, 3, 0, 1, 1, 1, 0, 3, 3, 3, 3, 1, 1, 3, 3, 1, 3, 0, 3, 3, 3, 0, 3, 1, 3, 3, 1, 2, 0, 1, 3, 0, 3, 3, 3, 3, 1, 3, 3, 1, 3, 0, 3, 2, 3, 1, 1, 0, 0, 3, 3, 3, 3, 2, 0, 0, 0, 3, 1, 0, 3, 3, 1, 1, 1, 2, 3, 0, 2, 0, 0, 0, 3, 0, 3, 1, 3, 0, 1, 1, 1, 0, 3, 1, 1, 1, 1, 3, 3, 2, 1, 1, 3, 0, 0, 0, 1, 3, 3, 1, 3, 0, 2, 0, 1, 3, 0, 3, 3], "confidence_scores": [[0.26383640195823743, 0.2869696322715863, 0.08204048411091176, 0.36715348165926465], [0.10145532330838843, 0.17898207189258805, 0.17484811062518338, 0.5447144941738402], [0.26383680815353144, 0.2535462778625286, 0.21053205035617462, 0.2720848636277654], [0.48194905319323783, 0.25058243441072114, 0.03890358394377702, 0.2285649284522639], [0.20624308663049434, 0.26089120801635923, 0.288700344828414, 0.24416536052473248], [0.25705779055383715, 0.1584773635687048, 0.08414056010298737, 0.5003242857744706], [0.18771704495165392, 0.5254264379418794, 0.11264609744147412, 0.1742104196649925], [0.33411580522322365, 0.3811741385285022, 0.08140214455691383, 0.20330791169136048], [0.11369647826714445, 0.5460120232187431, 0.1650954351953481, 0.17519606331876453], [0.17452627202541812, 0.25999352605154236, 0.04352848558742812, 0.5219517163356113], [0.23143511154180038, 0.30862473316475586, 0.24143893615342224, 0.2185012191400215], [0.19916766263828908, 0.17868168384171282, 0.13595126194206533, 0.4861993915779326], [0.306444730202401, 0.3655032718322974, 0.10493032141324184, 0.22312167655205997], [0.28710170314036176, 0.36774488039553577, 0.09344311461512111, 0.2517103018489814], [0.7082587560385085, 0.13576450742035912, 0.08035187482286112, 0.07562486171827124], [0.19075411681460896, 0.40353885025184943, 0.09306610588133694, 0.3126409270522046], [0.2719028949387944, 0.46468496905370277, 0.12141951756616723, 0.14199261844133565], [0.21126940655732343, 0.27027369661374656, 0.11076085906817056, 0.4076960377607596], [0.3392184746224278, 0.4143970117890292, 0.08326359765110145, 0.16312091593744157], [0.07879789856370428, 0.32038851511577626, 0.3301973603014537, 0.2706162260190656], [0.42308036905013285, 0.2116604331640974, 0.10082056547972279, 0.2644386323060468], [0.258866492959172, 0.1216770635719886, 0.25640461890207783, 0.3630518245667616], [0.27013900180641875, 0.21067144202110688, 0.37833077597511844, 0.140858780197356], [0.11753096192426994, 0.4315876849646146, 0.13909583460179953, 0.31178551850931585], [0.27410656840784026, 0.18001142273018705, 0.10882181108923449, 0.43706019777273825], [0.420178499171066, 0.35019682576839606, 0.037561599177648224, 0.19206307588288984], [0.22971120914178444, 0.4620323651209458, 0.09252745190830415, 0.21572897382896566], [0.20479100647563703, 0.6361363596954565, 0.04053000398161318, 0.11854262984729338], [0.1480870272933427, 0.16565923944464384, 0.11796253766364402, 0.5682911955983694], [0.297501515239979, 0.25409178288230094, 0.19709813355311367, 0.2513085683246063], [0.24628127794745955, 0.132004340619235, 0.16736629566666164, 0.454348085766644], [0.2055940979204207, 0.15712508188589536, 0.4790585466828009, 0.15822227351088317], [0.16096462910332093, 0.3395565967083053, 0.11094011829704208, 0.3885386558913318], [0.46909693408845, 0.21878985825995273, 0.09154640412366478, 0.22056680352793256], [0.2832390633399051, 0.23746051095134665, 0.10991509908702374, 0.3693853266217246], [0.3824813144346483, 0.24090722103346895, 0.14853319835387754, 0.22807826617800542], [0.19924989356546297, 0.38145803086578856, 0.16642577584345802, 0.25286629972529046], [0.25471158425769935, 0.35824926054038414, 0.14986830191708866, 0.23717085328482804], [0.2093527778246599, 0.28559220435292276, 0.2663939697896936, 0.2386610480327237], [0.4542686180200543, 0.16534132443383284, 0.0975249248855773, 0.28286513266053553], [0.18724528169629515, 0.2385508925937789, 0.13641753900708395, 0.43778628670284203], [0.0954591740135583, 0.2543847014064601, 0.11109592964781313, 0.5390601949321685], [0.1774039294096921, 0.25857476528265405, 0.24099345540235556, 0.32302784990529854], [0.18022567513996868, 0.12645797322481703, 0.324335158253183, 0.3689811933820315], [0.22504397691029362, 0.41429114808340467, 0.15635028279719368, 0.20431459220910816], [0.16709239271999854, 0.482724378236097, 0.0878721080259291, 0.2623111210179753], [0.34741312942528074, 0.2112431990017194, 0.06737143605574998, 0.3739722355172499], [0.2127745355226433, 0.32843713386443546, 0.10381399042299926, 0.3549743401899221], [0.300557064271529, 0.4980738911303643, 0.04521686892035704, 0.15615217567774947], [0.11300915988794238, 0.17188166062988333, 0.2300791595997906, 0.4850300198823837], [0.4154106705332845, 0.12774798292973408, 0.27919336628116453, 0.1776479802558169], [0.1385677053740695, 0.1618630906774104, 0.13655210694603015, 0.56301709700249], [0.20213408467407315, 0.22406582449980678, 0.12047655794763684, 0.4533235328784831], [0.18515312361672098, 0.1276158676096904, 0.22116997748979533, 0.46606103128379334], [0.42934299103523077, 0.19242782340872794, 0.16317571917698048, 0.21505346637906084], [0.17238924218643453, 0.24647914549586772, 0.16677887923236148, 0.41435273308533616], [0.26271275863725496, 0.31266855176698116, 0.2784741793643368, 0.1461445102314271], [0.25067725446068406, 0.19309863489739224, 0.09381734754991385, 0.46240676309200995], [0.08913611518722915, 0.10058516381595305, 0.10999740578417971, 0.700281315212638], [0.12651682968898018, 0.41511453455696307, 0.1280814203528576, 0.3302872154011993], [0.19235859292650492, 0.1731591163568397, 0.3440640205929222, 0.29041827012373317], [0.4957333714891084, 0.25940676814247043, 0.04666136683702477, 0.1981984935313965], [0.13951799606649426, 0.6687644101082066, 0.06567853482639652, 0.1260390589989025], [0.2183616237315879, 0.21371356073101064, 0.11915848876893805, 0.44876632676846334], [0.46784341167237764, 0.19984783110927098, 0.03951813592820114, 0.2927906212901503], [0.13053554779393714, 0.13293780313512993, 0.36821587274282225, 0.3683107763281107], [0.29475474799937823, 0.27573719999468443, 0.06164810015295542, 0.3678599518529821], [0.1579166143204093, 0.3039191056398804, 0.1992552745056151, 0.33890900553409536], [0.32765015420099586, 0.17700630757715974, 0.16237107488914376, 0.3329724633327007], [0.3188061057498792, 0.4411064995231726, 0.1252164440630551, 0.1148709506638931], [0.17679583310475275, 0.26808710137010994, 0.06844542663719541, 0.48667163888794196], [0.2747060807243834, 0.29002766983283845, 0.10831030235961905, 0.32695594708315906], [0.12159529242081621, 0.5523444239765626, 0.05856177849401702, 0.2674985051086043], [0.22278659684834295, 0.29383823422181354, 0.17251115510240464, 0.310864013827439], [0.36949817543209107, 0.21302685118807485, 0.0930744183449127, 0.3244005550349213], [0.21874347659076396, 0.2405696926953428, 0.17585521556458947, 0.3648316151493038], [0.2688455325560012, 0.1718810613133059, 0.33338846615277906, 0.22588493997791392], [0.15603897054672375, 0.32712793655371797, 0.1577111839902886, 0.35912190890926987], [0.23076205803869504, 0.3305203452582609, 0.2744563353221298, 0.1642612613809142], [0.1947703846569117, 0.3444769322169866, 0.2066270580687268, 0.25412562505737496], [0.4265643565974259, 0.09665045309341702, 0.15519128557703585, 0.32159390473212135], [0.5237596359781246, 0.17630229433585531, 0.13318128440537425, 0.16675678528064586], [0.18945781866819975, 0.29732333734194794, 0.20008068714444058, 0.3131381568454116], [0.1297323682718962, 0.22598391346307298, 0.3145898535164922, 0.3296938647485386], [0.21807603449687776, 0.2221393714308383, 0.16816608029520597, 0.391618513777078], [0.33054345631128645, 0.11218585654469541, 0.10002347979569624, 0.4572472073483219], [0.1572796112731238, 0.08260928753268708, 0.6554654576880274, 0.10464564350616173], [0.3663233100583335, 0.2083600738165503, 0.23225600310637734, 0.19306061301873892], [0.3700171491530525, 0.13468235331207093, 0.13156978847458584, 0.3637307090602905], [0.4285747272338507, 0.19400976107247592, 0.14925761434520968, 0.2281578973484638], [0.12308475761826057, 0.16515281107966073, 0.08125666449712252, 0.6305057668049562], [0.2668419668983637, 0.4044346723103597, 0.20044935645495596, 0.12827400433632066], [0.4344525081731287, 0.10268304445114905, 0.14079091384967932, 0.32207353352604295], [0.15516007235659202, 0.06481479518421236, 0.0792085207056724, 0.7008166117535232], [0.09045767465963718, 0.34029481338805717, 0.17545356863374859, 0.393793943318557], [0.19352901703873981, 0.35093834145599395, 0.19613847166358656, 0.2593941698416796], [0.11600042772652945, 0.3436915651873769, 0.24335953329935936, 0.2969484737867342], [0.10019134154522973, 0.46195871529999577, 0.2561287713894205, 0.18172117176535404], [0.1493417110802891, 0.2808015089242583, 0.4691339806420019, 0.10072279935345076], [0.23542149355158537, 0.3058451912448095, 0.09352718362402095, 0.36520613157958426], [0.3671310227221442, 0.15326484162070347, 0.32479632707120043, 0.15480780858595197], [0.2506600967992866, 0.23228839945726068, 0.28792679952309674, 0.2291247042203562], [0.6205972318700238, 0.23863662146394374, 0.03302932805657966, 0.10773681860945292], [0.4703570030042693, 0.2728910234384246, 0.050140377197019505, 0.20661159636028675], [0.7473636524553132, 0.0539091502885582, 0.052780540039955165, 0.14594665721617342], [0.19026229041222711, 0.299898643009338, 0.19920976032020848, 0.3106293062582264], [0.8028553187610701, 0.07089276097761862, 0.041418230372762925, 0.08483368988854843], [0.07336577542811469, 0.28221751503093023, 0.08628104667418651, 0.5581356628667686], [0.21448926020288686, 0.2694502325363529, 0.26000254859590877, 0.25605795866485165], [0.21288785706268115, 0.3010643051743415, 0.12016514313185828, 0.3658826946311193], [0.6374749443181487, 0.149397373574615, 0.10018494600516031, 0.1129427361020761], [0.21468875732660533, 0.5903927761490562, 0.047444200439937835, 0.14747426608440067], [0.07448903203352022, 0.6811003117861785, 0.06542564643990252, 0.17898500974039866], [0.1602515210369279, 0.42739747950376417, 0.21965763702173327, 0.19269336243757482], [0.5756805984270168, 0.09745503398531817, 0.05416341817232604, 0.27270094941533896], [0.11237167065939373, 0.32340412909825184, 0.05143942426125349, 0.512784775981101], [0.18664314876965424, 0.391011215910707, 0.25756410679298825, 0.1647815285266506], [0.1364952508443381, 0.4792993281468942, 0.16502900155400588, 0.21917641945476213], [0.17434579394713937, 0.4429052693698905, 0.13506210701845825, 0.24768682966451178], [0.34612698943171166, 0.39660680834266343, 0.0799920988802871, 0.17727410334533783], [0.16959199615504583, 0.13466974245907887, 0.14053177441472534, 0.55520648697115], [0.18224952783550016, 0.303429655874311, 0.07404093785228699, 0.44027987843790184], [0.23002501827059302, 0.17609862194564183, 0.42034031526205456, 0.1735360445217107], [0.29218910233256773, 0.35701520690110394, 0.13052808260800952, 0.220267608158319], [0.34637255282005325, 0.42351996717439266, 0.12649784182275264, 0.10360963818280132], [0.2399430909718546, 0.3083590451078822, 0.12570414374015798, 0.32599372018010536], [0.35233618568943603, 0.17256226426813515, 0.34384199315144526, 0.13125955689098356], [0.37603736975059304, 0.33565115986528005, 0.15247400211095197, 0.13583746827317508], [0.5261282341505169, 0.1502139856161779, 0.0730779376921717, 0.25057984254113336], [0.1771943074691879, 0.4311485367887237, 0.039621463786425844, 0.35203569195566226], [0.09457716733743549, 0.18649984839631406, 0.34198598121761803, 0.3769370030486325], [0.1342623300968767, 0.2861238905473573, 0.28126479672638294, 0.298348982629383], [0.20355136690936984, 0.4181116353579764, 0.18012270473256517, 0.19821429300008872], [0.250109896278696, 0.3048146746263826, 0.11040730861358303, 0.33466812048133854], [0.46103962272761373, 0.38337926940371125, 0.06068571253139043, 0.09489539533728479], [0.26320822370338554, 0.27664757333671763, 0.28122547730914776, 0.1789187256507491], [0.409372540204566, 0.2447751475157181, 0.1667925026833241, 0.17905980959639187], [0.2819655253178525, 0.3764353811401837, 0.16523982557603525, 0.17635926796592846], [0.1486839990581625, 0.2999399329286234, 0.14315609661721404, 0.40821997139599997], [0.6501757267359929, 0.11336520815391384, 0.09876098640879051, 0.13769807870130277], [0.2302189361540421, 0.17214008950096793, 0.1706150381794965, 0.42702593616549356], [0.22922821654412248, 0.13494359149940718, 0.28206311155710473, 0.3537650803993657]]}, "rewritten": {"ids": ["97106600", "97106820", "97107681", "97111790", "97112830", "97118210", "98106680", "98107010", "98108580", "98111620", "98112170", "99107560", "99108000", "99108310", "99109141", "99109311", "99109840", "99116500", "100108080", "100108260", "100108490", "100108520", "100108580", "100109801", "100111620", "100120780", "101108121", "101108290", "101108370", "101108580", "101108950", "101110200", "101110740", "101112160", "101119030", "102109910", "102110050", "102112170", "102112250", "102112301", "102113981", "102117351", "103109021", "103112470", "103113170", "103113210", "103113260", "103113270", "104109311", "104111380", "104113240", "104114230", "104116980", "104118070", "104118340", "105110091", "105110251", "105111990", "105113210", "105115680", "105115720", "105116501", "105119950", "105120621", "106113170", "106113260", "106114280", "106115120", "106116820", "106116850", "106119260", "106121220", "107113170", "107113180", "107114110", "107114780", "107116340", "107116501", "107118490", "107118780", "107120260", "107120880", "107121640", "108115870", "108118291", "108118520", "108118630", "108118810", "108119510", "108119550", "108121160", "109114030", "109114720", "109115380", "109117080", "109117110", "109118231", "109119450", "109121351", "110114561", "110114610", "110114720", "110115890", "110117500", "110117870", "110120540", "110121720", "111116040", "111116750", "111117200", "111117571", "111118301", "111118810", "111119150", "111119250", "111119290", "111119930", "111120280", "111120320", "112116990", "112117471", "112118421", "112118581", "112118890", "112118930", "112119610", "112120640", "112121010", "112121360", "112121410", "113117630", "113119340", "113119450", "113120280", "113120601", "113121750", "113121980", "113122120", "113122160", "113122180", "113122190", "113122510"], "labels": [3, 1, 3, 2, 2, 2, 1, 3, 0, 3, 3, 1, 2, 2, 3, 1, 2, 2, 0, 3, 2, 2, 0, 0, 3, 1, 0, 0, 1, 0, 2, 2, 3, 3, 3, 2, 3, 3, 0, 1, 1, 1, 0, 1, 3, 3, 3, 2, 3, 3, 2, 2, 1, 2, 2, 0, 0, 2, 3, 2, 1, 1, 3, 1, 0, 3, 3, 1, 1, 3, 1, 1, 0, 3, 1, 2, 3, 1, 2, 1, 1, 1, 1, 3, 3, 0, 1, 1, 1, 1, 2, 1, 0, 3, 1, 1, 1, 3, 0, 0, 1, 3, 2, 1, 3, 1, 3, 0, 3, 0, 3, 3, 0, 3, 1, 3, 1, 0, 1, 0, 3, 3, 1, 3, 1, 0, 0, 2, 3, 0, 0, 0, 3, 0, 2, 0, 2, 1, 3, 2, 1, 2], "predicted_labels": [1, 0, 2, 3, 3, 0, 3, 1, 0, 1, 3, 1, 0, 3, 3, 3, 2, 3, 1, 3, 3, 2, 2, 3, 2, 3, 3, 3, 2, 3, 3, 3, 0, 0, 2, 3, 3, 0, 3, 3, 0, 1, 1, 1, 1, 3, 0, 1, 0, 0, 1, 0, 1, 1, 0, 2, 3, 3, 0, 3, 0, 3, 0, 0, 0, 0, 0, 0, 3, 2, 1, 3, 0, 1, 0, 3, 2, 0, 3, 3, 1, 0, 0, 3, 0, 3, 0, 3, 0, 2, 0, 3, 3, 1, 1, 0, 1, 0, 0, 0, 1, 1, 1, 1, 1, 0, 0, 0, 3, 0, 3, 1, 0, 3, 3, 3, 2, 3, 0, 3, 3, 3, 3, 0, 3, 2, 3, 0, 0, 2, 1, 0, 0, 0, 3, 0, 2, 0, 3, 3, 3, 1], "confidence_scores": [[0.22939821528481585, 0.432751527167325, 0.13841463244370916, 0.19943562510414994], [0.5394233429104337, 0.07012158538491131, 0.25962087080116797, 0.1308342009034871], [0.12532813186248482, 0.14539752301050038, 0.5455614618221192, 0.18371288330489569], [0.1965505453770882, 0.21929926389131021, 0.09963677010161497, 0.4845134206299866], [0.09653391400660387, 0.20652139830321098, 0.264612135643421, 0.4323325520467641], [0.2847763279197371, 0.2766157537564942, 0.25784137301113663, 0.18076654531263203], [0.2173445102277582, 0.2761982578694254, 0.19281897183104243, 0.313638260071774], [0.19263709026686582, 0.35002978197873086, 0.15966482850183802, 0.29766829925256527], [0.35218650284905667, 0.19422799141709046, 0.33614476205875793, 0.11744074367509494], [0.17277701014973829, 0.4671751480250417, 0.2329762071609267, 0.1270716346642931], [0.07634338988559301, 0.28793393834364955, 0.26451178755017085, 0.3712108842205866], [0.22498531275336778, 0.30270652488605476, 0.1810742611260347, 0.2912339012345427], [0.3425422574981299, 0.2106544472514446, 0.2681549033140804, 0.17864839193634519], [0.1883181966851289, 0.28907543050442497, 0.12285134480585386, 0.3997550280045923], [0.2227251544466489, 0.2700434385444517, 0.23081439607003873, 0.27641701093886084], [0.15037802391319632, 0.31734516402372626, 0.11520380458613712, 0.41707300747694026], [0.2540811073927747, 0.23258786156098066, 0.2952030703440856, 0.21812796070215915], [0.19539695401424884, 0.24550278068250503, 0.12290746677740097, 0.43619279852584514], [0.1460384166986862, 0.4637251648347482, 0.11852129538423346, 0.2717151230823321], [0.25685670765315904, 0.13741972602240915, 0.25467280888267607, 0.3510507574417556], [0.21704479471655522, 0.266742184277827, 0.18751360984223062, 0.3286994111633872], [0.21687217883626445, 0.1206480235940039, 0.4364188313035474, 0.2260609662661842], [0.09219934527651986, 0.24625224403617668, 0.512191169122501, 0.14935724156480243], [0.16345627874832117, 0.14400814068718895, 0.1944390261432638, 0.4980965544212262], [0.20015875083680293, 0.2803614635438799, 0.3730186275209559, 0.1464611580983613], [0.2924572686914298, 0.18872338951545561, 0.08090247396044219, 0.4379168678326723], [0.2662100730490609, 0.22552499254255087, 0.16206271875388195, 0.34620221565450615], [0.17770102809211447, 0.17351482183248523, 0.14000780271632882, 0.5087763473590716], [0.24092341701181144, 0.21526250315497888, 0.47739799736596356, 0.0664160824672461], [0.21893587509606208, 0.13648499348397078, 0.14565020054051248, 0.4989289308794548], [0.31690941338855305, 0.25934441792903234, 0.10409107972361453, 0.3196550889588], [0.17674111692669883, 0.27329127727778, 0.22248439084638022, 0.327483214949141], [0.39315471922184025, 0.27957093093413377, 0.14212618296186508, 0.18514816688216099], [0.3913621169077007, 0.31662053745419294, 0.1410665839507581, 0.15095076168734825], [0.1859571943249575, 0.14816702449907765, 0.3622531359762477, 0.30362264519971727], [0.14035018502236157, 0.16419525199173943, 0.15160862470062508, 0.5438459382852739], [0.19008530654421635, 0.2847952654359562, 0.12828031314418537, 0.3968391148756421], [0.4930073786594262, 0.1439145695101692, 0.10426563416873791, 0.2588124176616668], [0.2912805159645232, 0.13127213437426938, 0.21881004902091478, 0.3586373006402926], [0.24416058749519323, 0.22286162585567876, 0.20240154309850858, 0.3305762435506196], [0.42117370250001746, 0.18154142766119347, 0.16847540394752034, 0.2288094658912688], [0.22429061951222634, 0.4343081260481957, 0.0862477627716297, 0.2551534916679483], [0.21030818070271345, 0.359208733926905, 0.1789862118225026, 0.2514968735478791], [0.22719343199014838, 0.261785112248106, 0.2592270948047766, 0.25179436095696883], [0.17765960032574737, 0.313224490791614, 0.31019219023886174, 0.19892371864377678], [0.16612442781526504, 0.13033059006425443, 0.2740749555811776, 0.4294700265393029], [0.4554325092246703, 0.2751025712704356, 0.07655817967535539, 0.19290673982953888], [0.18579627803957605, 0.33429087180763445, 0.20153840563535202, 0.27837444451743765], [0.7384391193401988, 0.0461446603317303, 0.049732282326801186, 0.16568393800126976], [0.3182413883466602, 0.23331636090529037, 0.15069731661987049, 0.29774493412817893], [0.2799178214572187, 0.4041361441166406, 0.17658769726010085, 0.13935833716603993], [0.7348018749185016, 0.05801061267090131, 0.044169101705855994, 0.1630184107047411], [0.15138305103006444, 0.5750139818622991, 0.1187453031568668, 0.15485766395076972], [0.15164923376978914, 0.5676107235176061, 0.12300368148559485, 0.15773636122700982], [0.6224482057059617, 0.1009435324984081, 0.06190699732186723, 0.21470126447376303], [0.1534039168952295, 0.2096579951119401, 0.32466361143369915, 0.31227447655913115], [0.1606175752201839, 0.27789455546140324, 0.22231482992209672, 0.3391730393963164], [0.17402363010958063, 0.3270728797503201, 0.06935367483719769, 0.42954981530290154], [0.5589943117866715, 0.21249297638604686, 0.0391747596516494, 0.18933795217563235], [0.2571699363359855, 0.23360055173128694, 0.11018064495129674, 0.3990488669814308], [0.31490282246988005, 0.26585550274101105, 0.11712388100305397, 0.30211779378605486], [0.2630238672894803, 0.28535552190304414, 0.04601286757407259, 0.4056077432334028], [0.60880257355128, 0.19394366819754674, 0.07992754635992434, 0.11732621189124895], [0.530235897220656, 0.11035647740899401, 0.03143491205269209, 0.3279727133176579], [0.4400320591964798, 0.22294499508796606, 0.04509843661308781, 0.2919245091024664], [0.42470627428486174, 0.14573389038254161, 0.34103693889478753, 0.08852289643780903], [0.3439869896689368, 0.24369804741378054, 0.13335095420295795, 0.27896400871432486], [0.36824865696173814, 0.2752814711511294, 0.12169451164870146, 0.23477536023843104], [0.11297409731660739, 0.2795338543651538, 0.08755214134317527, 0.5199399069750636], [0.12636886077446233, 0.2201413812347533, 0.3283231357994166, 0.32516662219136766], [0.21023770854529586, 0.326432387222536, 0.2546797787117593, 0.20865012552040893], [0.24523836966723192, 0.2244769061056959, 0.12593007662279732, 0.40435464760427486], [0.4217153714236954, 0.28275462841152177, 0.12706998650918835, 0.16846001365559446], [0.14690162283300248, 0.39475231443084496, 0.20080661229716149, 0.257539450438991], [0.38114033957931326, 0.05961819713085881, 0.30597356238503, 0.25326790090479795], [0.17589226762991758, 0.21514711286846508, 0.21375771125511003, 0.3952029082465073], [0.26380834491949434, 0.2179313698237363, 0.3258042540536387, 0.19245603120313073], [0.533506205398501, 0.25860925978701693, 0.06263229452845984, 0.14525224028602218], [0.1514980804464262, 0.260206955843225, 0.14798213095482562, 0.4403128327555232], [0.2243776454738928, 0.2744860186935252, 0.12199817502285537, 0.37913816080972673], [0.16634876751222163, 0.43791877740591495, 0.1266304872169974, 0.269101967864866], [0.36136943738335514, 0.34473417887727503, 0.10094586092969304, 0.19295052280967687], [0.5567811512439035, 0.057068860075302076, 0.12555795612458126, 0.26059203255621327], [0.2041391702261604, 0.22640544785827968, 0.08105765145048753, 0.48839773046507257], [0.5800040173946385, 0.09907817620903739, 0.07186788314673788, 0.24904992324958625], [0.21368185728751457, 0.1436121537002091, 0.14230106320829322, 0.5004049258039832], [0.31496209599976827, 0.2390614871394218, 0.17374269991574776, 0.27223371694506215], [0.12693598518485483, 0.23840687245298495, 0.18273721176259178, 0.4519199305995685], [0.3780355802609107, 0.32264837890404063, 0.09083831781945217, 0.20847772301559656], [0.21559867830325335, 0.08932352866248895, 0.37707260116169533, 0.31800519187256243], [0.5345344330047223, 0.24599526097978427, 0.09914001224448507, 0.12033029377100847], [0.16843964198836336, 0.16144501550533688, 0.17620870725498716, 0.49390663525131273], [0.16431754248133654, 0.24808875359460011, 0.2030773883878672, 0.38451631553619625], [0.17411981552934427, 0.5086875118094922, 0.23717690988155318, 0.08001576277961031], [0.16091970333354005, 0.48063629070039443, 0.20357224994191092, 0.1548717560241546], [0.3828135058336953, 0.3310755882628824, 0.13352106341137224, 0.15258984249205026], [0.25768529780548177, 0.3303585940886258, 0.24098627232330502, 0.17096983578258734], [0.4711221624305618, 0.1517212781633645, 0.16345785338945892, 0.21369870601661475], [0.4848407824405117, 0.3682174255220117, 0.04243335159505765, 0.10450844044241907], [0.3768777353083232, 0.22504909319774133, 0.09008813369627848, 0.3079850377976571], [0.23345951297041925, 0.33055796544526755, 0.16780189463438241, 0.2681806269499308], [0.07848583774016943, 0.5103740675459159, 0.23621400201929696, 0.17492609269461779], [0.1660276827924435, 0.5424517417328885, 0.05687836938002875, 0.2346422060946394], [0.23980542868995952, 0.39196538129107356, 0.1837022658136614, 0.1845269242053057], [0.31379654299253223, 0.3315648255345002, 0.15582683820663537, 0.19881179326633225], [0.4057658979409259, 0.19110817750324405, 0.14484329114940267, 0.2582826334064275], [0.3957897164649027, 0.3116287943267825, 0.12980408884427214, 0.16277740036404278], [0.3817680588791104, 0.16445343637548554, 0.07224458616987922, 0.3815339185755248], [0.43006190185227294, 0.06449068012755588, 0.05424303070910592, 0.4512043873110653], [0.44844611225583636, 0.3033940728225164, 0.07825506034534135, 0.16990475457630583], [0.1338599834146496, 0.23673641358692749, 0.09113777140014742, 0.5382658315982755], [0.19481283455713294, 0.4052866803570478, 0.2772236788949865, 0.12267680619083295], [0.43471184156267595, 0.2488079221244771, 0.05750960391539007, 0.25897063239745705], [0.19002668270930845, 0.35613387346384895, 0.05679061273604146, 0.3970488310908011], [0.11319319192959933, 0.3365520804988071, 0.20272548725706746, 0.34752924031452603], [0.22107071008871226, 0.1364331884649274, 0.2517549562859679, 0.3907411451603925], [0.2783329747718689, 0.24614019254191616, 0.2812905971138157, 0.19423623557239922], [0.21437717450425867, 0.25820185790399486, 0.06938973307993107, 0.45803123451181554], [0.3820078428480107, 0.22828460794569014, 0.20049965912321696, 0.18920789008308242], [0.1611822943565278, 0.11001998710395151, 0.1148604857015728, 0.6139372328379479], [0.1800434925798162, 0.24617732390176758, 0.07185366006017971, 0.5019255234582366], [0.20723413996447973, 0.1307604166652535, 0.036629579113815834, 0.625375864256451], [0.11611704264580221, 0.1394423158684732, 0.2357709702408708, 0.5086696712448538], [0.35449131635647685, 0.304508699129126, 0.08318274108520267, 0.2578172434291945], [0.262543540883369, 0.2834140435270774, 0.08651868603666746, 0.3675237295528863], [0.21499222378602573, 0.27287488353112743, 0.3335275893046763, 0.1786053033781708], [0.278236256625577, 0.18535054286391325, 0.12484994224874016, 0.41156325826176965], [0.5037100862448772, 0.17091710352358463, 0.24255357843207326, 0.08281923179946496], [0.5701029037749983, 0.22724709961727593, 0.1056166675468322, 0.09703332906089364], [0.12134229360885893, 0.2737394312814658, 0.3041084697967183, 0.300809805312957], [0.06730167908056024, 0.490189122098892, 0.13611616680118654, 0.3063930320193614], [0.5993379129038784, 0.11492805042889044, 0.07903156897885757, 0.20670246768837372], [0.43556200938695516, 0.10655680300524281, 0.05461762619197291, 0.403263561415829], [0.3689468863143414, 0.21544966801836365, 0.17442821112420062, 0.24117523454309445], [0.10113279711573928, 0.2930672334690899, 0.21097658759093746, 0.39482338182423327], [0.48950378978639725, 0.13986773494973984, 0.0416489510172935, 0.3289795242465694], [0.18639438936180727, 0.16182444069380925, 0.374518864657376, 0.27726230528700746], [0.40020847975493595, 0.2761755157836233, 0.22822477275133482, 0.09539123171010604], [0.17544568859508672, 0.22145099127264314, 0.17436674009072156, 0.4287365800415485], [0.18373931855958991, 0.2667107310105369, 0.2056890492017374, 0.3438609012281358], [0.18167801191875352, 0.148589258192782, 0.1404424046410965, 0.529290325247368], [0.2592625446377949, 0.2941269211046243, 0.23482523231711552, 0.21178530194046521]]}}