{"test": {"ids": ["107113360", "111117571", "103113260", "103109641", "108113740", "111120280", "106118161", "97112300", "100108080", "106115240", "109118701", "98106111", "100108260", "99109311", "108114270", "111120220", "112116850", "113120601", "106117790", "111117200", "108116501", "100113370", "112118581", "97113900", "111119250", "113120540", "112118530", "102118380", "99108010", "111120190", "98106680", "106116640", "113122180", "109119340", "97116790", "102110050", "105117351", "100109000", "102117351", "111119150", "98110230", "110114321", "98109230", "112118880", "111116411", "112120640", "103111110", "112116880", "99111340", "113119700", "98108580", "112120990", "113118620", "111119950", "105121370", "110120560", "105110251", "101119030", "107114110", "102121440", "100109801", "97107681", "101108080", "108119510", "97112830", "112119980", "107114200", "101121640", "108114200", "113120591", "103110050", "110114610", "104111380", "112121410", "106120290", "110115980", "102116340", "108119330", "110118630", "99108520", "112118471", "107118780", "112121010", "113122160", "100108520", "97105451", "112119320", "99105921", "104119290", "112118701", "111119610", "104116800", "101110150", "104117200", "103112641", "113121680", "112119500", "109117630", "110115710", "111121220", "111120531", "109116810", "107114140", "98108410", "110118810", "101110200", "106113260", "113118111", "108114180", "113122430", "107120260", "99112840", "111121190", "97105760", "107115250", "109121640", "110119891", "101113210", "100108490", "108120621", "100107920", "99108890", "113122220", "113122230", "112120270", "113121190", "97113260", "110118301", "112120700", "103112470", "108117360", "111118810", "113122170", "111120540", "102112301", "97107950", "110113591", "113117550", "100111380", "110116501", "111115910", "104111620"], "labels": [0, 3, 3, 1, 3, 0, 3, 2, 0, 1, 3, 0, 3, 1, 3, 3, 0, 2, 1, 0, 0, 3, 1, 2, 1, 3, 1, 1, 2, 3, 1, 3, 2, 3, 2, 3, 0, 1, 1, 3, 3, 1, 1, 1, 0, 0, 3, 0, 1, 0, 0, 2, 3, 0, 2, 0, 0, 3, 1, 2, 0, 3, 0, 1, 2, 0, 2, 2, 0, 0, 3, 1, 3, 0, 2, 1, 3, 0, 1, 2, 1, 1, 2, 3, 2, 0, 1, 1, 1, 0, 2, 1, 1, 3, 3, 1, 2, 0, 2, 3, 0, 3, 2, 1, 1, 2, 3, 1, 1, 2, 1, 2, 1, 0, 2, 0, 3, 3, 2, 1, 0, 0, 1, 1, 0, 1, 1, 1, 2, 1, 1, 0, 1, 1, 1, 2, 0, 3, 3, 3, 2, 0], "predicted_labels": [3, 3, 1, 3, 3, 3, 3, 3, 1, 0, 3, 1, 0, 3, 3, 1, 3, 1, 2, 3, 3, 3, 3, 3, 3, 0, 1, 1, 1, 3, 1, 3, 3, 3, 1, 1, 3, 3, 3, 3, 1, 3, 3, 3, 3, 3, 3, 1, 1, 1, 1, 3, 3, 3, 3, 3, 3, 3, 3, 3, 1, 3, 1, 3, 0, 3, 3, 1, 0, 0, 3, 1, 3, 1, 1, 3, 1, 3, 3, 1, 3, 3, 3, 1, 0, 1, 3, 1, 3, 3, 1, 1, 0, 3, 3, 1, 1, 1, 1, 3, 1, 1, 1, 3, 3, 1, 1, 3, 3, 1, 1, 1, 3, 0, 1, 1, 3, 1, 0, 3, 3, 1, 3, 3, 3, 0, 3, 3, 1, 3, 3, 3, 3, 1, 1, 3, 0, 3, 1, 3, 1, 0], "confidence_scores": [[0.23768453213453233, 0.292951653901654, 0.1569764124764126, 0.31238740148740146], [0.2762247197247198, 0.27522586580086583, 0.1577901986901987, 0.29075921578421593], [0.24038333333333348, 0.2955195887445889, 0.18034597624597629, 0.2837511016761015], [0.24274627594627604, 0.24014210789210808, 0.18459175269175263, 0.3325198634698633], [0.25529623154623177, 0.25487314352314366, 0.1749523032523033, 0.3148783216783216], [0.28915573038073034, 0.24716367521367533, 0.1300644105894107, 0.33361618381618363], [0.26296228771228763, 0.26850202020202024, 0.19178575313575313, 0.276749938949939], [0.2659563575313577, 0.2320929820179821, 0.1968883505383506, 0.30506230991230976], [0.17758003108003115, 0.36234657564657585, 0.16295054945054946, 0.2971228438228438], [0.2905523643023642, 0.27928267843267846, 0.17646820401820407, 0.2536967532467535], [0.2408532800532801, 0.2691052281052281, 0.17668837273837293, 0.31335311910311914], [0.22304866522366523, 0.27592547175047166, 0.2489909090909092, 0.2520349539349541], [0.2732800865800867, 0.26112326839826855, 0.19905049950049952, 0.2665461455211454], [0.22365454545454544, 0.26520441780441784, 0.20886378066378083, 0.30227725607725614], [0.26259484959484986, 0.20114653679653693, 0.1565073093573094, 0.37975130425130427], [0.2275546592296593, 0.34292248584748586, 0.1632127289377289, 0.266310125985126], [0.1851585581085582, 0.28317465867465863, 0.2028248917748918, 0.3288418914418913], [0.24512537462537476, 0.297097224997225, 0.16221282051282054, 0.29556457986457985], [0.20677166722166732, 0.2767201076701077, 0.2781754301254301, 0.238332794982795], [0.21316795981795983, 0.25534987789987795, 0.20828053613053618, 0.32320162615162606], [0.2415876345876345, 0.29724419746919756, 0.15245045510045516, 0.308717712842713], [0.21066277056277052, 0.25275649350649354, 0.24206452436452452, 0.2945162115662114], [0.16961302945420603, 0.2724377844377846, 0.22123440415793363, 0.3367147819500759], [0.22389333281097998, 0.23808068598068613, 0.2582555216025806, 0.2797704596057538], [0.18021404706404714, 0.28903474580974586, 0.22496762959262967, 0.30578357753357743], [0.3687676157176157, 0.24569050394050393, 0.1356740648240649, 0.24986781551781567], [0.18579822399822404, 0.3663669053169054, 0.19636751026751034, 0.2514673604173604], [0.2215896463014112, 0.30371803751803744, 0.20338443517267052, 0.2713078810078811], [0.2092392135642137, 0.3507446248196247, 0.22105324675324675, 0.21896291486291494], [0.20296443001443007, 0.29649386724386734, 0.198769314019314, 0.3017723887223888], [0.19361832611832622, 0.3234854256854258, 0.23392157287157295, 0.24897467532467543], [0.18707046842046843, 0.2561676767676769, 0.1909311299811301, 0.3658307248307249], [0.2418531246531247, 0.2453455932955934, 0.15105805860805868, 0.3617432234432234], [0.2169749084249086, 0.24500365745365757, 0.22994276834276842, 0.3080786657786658], [0.2376457486957488, 0.2768177766677768, 0.2353189976689977, 0.2502174769674769], [0.2117601114571704, 0.31422798051621575, 0.22205986562457158, 0.25195204240204255], [0.2881627761127762, 0.2476045732045733, 0.1685021645021646, 0.29573048618048614], [0.24768150183150184, 0.2556273948273949, 0.2294164835164837, 0.26727461982462], [0.2730679320679322, 0.2523747807747809, 0.13954023754023756, 0.33501704961704964], [0.24540119880119876, 0.26319376734376737, 0.1623931401931403, 0.32901189366189365], [0.2498715728715729, 0.28981305361305365, 0.1809826562326563, 0.2793327172827173], [0.23947104007104011, 0.26101608946608956, 0.23093524253524275, 0.26857762792762796], [0.227243772893773, 0.2565652125652127, 0.22070158730158737, 0.29548942723942734], [0.21868585858585865, 0.2733610056610057, 0.20981223221223233, 0.2981409035409034], [0.3240014346764346, 0.22095866633366631, 0.12953968253968254, 0.32550021645021654], [0.24321096681096677, 0.26536854256854264, 0.21148953268953277, 0.2799309579309579], [0.19151120546120548, 0.3095584193584193, 0.1684590187590188, 0.33047135642135633], [0.22968012902130552, 0.2975196248196247, 0.18742312099665034, 0.2853771251624195], [0.2072911421911423, 0.28502107892107886, 0.23430232545232552, 0.2733854534354534], [0.20383128538128553, 0.3611999056499057, 0.18825409035409035, 0.24671471861471872], [0.2685705627705628, 0.27469665138782784, 0.20399802419802446, 0.25273476164358516], [0.22794725274725267, 0.271815073815074, 0.19470133755133773, 0.30553633588633616], [0.22124441114441115, 0.2973361971361972, 0.14619462204462205, 0.3352247696747697], [0.21368036408036417, 0.28624860694860693, 0.1994987456987457, 0.3005722832722832], [0.205046991896992, 0.28544481351981354, 0.1858760783334314, 0.3236321162497634], [0.2628236124986127, 0.22752718392718402, 0.22578855033855044, 0.28386065323565346], [0.23120596070596083, 0.2882084804084806, 0.14616552891552897, 0.33442002997002995], [0.25874628149628165, 0.2781403707403709, 0.18267818292818305, 0.2804351648351649], [0.21514559884559908, 0.17497034632034644, 0.1883262043512045, 0.42155785048285044], [0.19684699189699187, 0.2793453435453436, 0.22188268398268396, 0.3019249805749806], [0.22042282717282735, 0.30246339216339213, 0.20218564213564216, 0.2749281385281387], [0.22234357864357862, 0.20287892107892128, 0.2757276612276611, 0.29904983904983895], [0.21056541236541246, 0.3562412032412034, 0.16281933066933071, 0.2703740537240539], [0.27449467754467777, 0.273644610944611, 0.17080789210789216, 0.2810528194028195], [0.2944831612831613, 0.264986668886669, 0.15964814074814085, 0.2808820290820291], [0.2253622488622489, 0.28537227217227196, 0.14680469252969258, 0.34246078643578653], [0.2474233488733489, 0.27580755078255087, 0.14603658008658013, 0.33073252025752015], [0.23006341991341983, 0.2711334221334222, 0.2308007048507049, 0.268002453102453], [0.2883325452325452, 0.2645700577200578, 0.17787936507936514, 0.26921803196803196], [0.2788691419691419, 0.2708636474636475, 0.18129618437118444, 0.2689710261960263], [0.223367526917527, 0.28588174048174075, 0.17707506382506402, 0.3136756687756687], [0.22355481185481196, 0.2991317626817627, 0.24230339660339667, 0.23501002886002892], [0.26666748496601445, 0.24218833111333124, 0.21542931790431794, 0.2757148660163366], [0.2407731213231214, 0.30011216006216024, 0.16971557886557895, 0.28939913974913983], [0.17096118048618056, 0.2960425851925849, 0.24287475579975581, 0.2901214785214786], [0.2235163475413475, 0.2861857725607726, 0.18933609723609734, 0.3009617826617827], [0.20517094849594858, 0.2961036574536574, 0.23889201354201348, 0.2598333805083806], [0.23970670995670998, 0.2500189033189035, 0.24711711344211357, 0.26315727328227334], [0.21226753246753244, 0.29007456709956714, 0.1956135864135866, 0.302044314019314], [0.20503754578754585, 0.2855562160062161, 0.28313731823731814, 0.22626891996892007], [0.2391319930069931, 0.2920405788655789, 0.16812218892218905, 0.30070523920523917], [0.278311494061494, 0.2784098484848487, 0.1487846098346099, 0.2944940476190477], [0.23154177211677215, 0.28192302974802974, 0.1754909701409702, 0.3110442279942279], [0.228045670995671, 0.2880454156954158, 0.2069833555333556, 0.2769255577755578], [0.32221023372052776, 0.1843149572649573, 0.19990959595959598, 0.29356521305491895], [0.28682266067266066, 0.30806696636696634, 0.1494525974025975, 0.2556577755577755], [0.1715617243867244, 0.24443066378066391, 0.23890976245976261, 0.3450978493728491], [0.24782188367188357, 0.26884977799977794, 0.22740532245532255, 0.2559230158730161], [0.17036837606837613, 0.23155276390276408, 0.2570465367965368, 0.34103232323232335], [0.22692428127428138, 0.25283686868686894, 0.1829483516483518, 0.3372904983904983], [0.18035147075147076, 0.3343019092019093, 0.2190221944721946, 0.2663244255744258], [0.21440573315573327, 0.29394713619713625, 0.19996879786879804, 0.2916783327783328], [0.2935734543234544, 0.24621917804417814, 0.16813905538905546, 0.29206831224331226], [0.2362627927627928, 0.24807539682539687, 0.18272402597402598, 0.3329377844377844], [0.2446713897213898, 0.23740203685203687, 0.20710658230658235, 0.3108199911199911], [0.20686471861471872, 0.3260216394716394, 0.1684279276279276, 0.2986857142857143], [0.186461976911977, 0.3337271978021979, 0.20747794427794425, 0.272332881007881], [0.24987732267732274, 0.30514214119214106, 0.2078808663558664, 0.23709966977466987], [0.2274009490509492, 0.278094610944611, 0.22712100122100132, 0.2673834387834388], [0.27357909867909885, 0.2722464146964148, 0.1427440115440116, 0.3114304750804751], [0.2548894272394273, 0.28576216006216, 0.2019026695526696, 0.25744574314574314], [0.23191303141303146, 0.3113484126984128, 0.1733593573093574, 0.2833791985791986], [0.26094301809301823, 0.3346021367521368, 0.14347983682983684, 0.2609750083250085], [0.24102393162393176, 0.258139615939616, 0.23219875124875136, 0.26863770118770136], [0.25024668109668124, 0.23137890997891003, 0.21346688311688317, 0.30490752580752584], [0.18781587301587307, 0.3443329892329892, 0.18883107448107456, 0.2790200632700634], [0.25631898101898115, 0.28179191364191386, 0.19851587301587306, 0.26337323232323234], [0.27176210456210453, 0.23430911310911315, 0.15190564990564995, 0.3420231324231323], [0.21808422688422693, 0.24718490953490957, 0.1500488622488623, 0.3846820013320012], [0.19692467532467522, 0.29815649905649905, 0.21458061938061945, 0.2903382062382063], [0.21985382395382405, 0.31504907869907883, 0.19366678321678327, 0.27143031413031415], [0.20996625596625598, 0.33867912642912623, 0.17911746031746031, 0.2722371572871573], [0.2501026231937997, 0.2461076906753378, 0.22651328671328685, 0.27727639941757587], [0.2783155788655789, 0.2261299367299368, 0.22551238761238765, 0.27004209679209673], [0.22933418934007177, 0.29859102564102563, 0.23402293262293272, 0.2380518523959701], [0.20292599622599636, 0.3132421411921413, 0.1934190753690754, 0.29041278721278735], [0.21112638472638473, 0.2313991341991344, 0.159819696969697, 0.39765478410478405], [0.2066903331962156, 0.29889176668741885, 0.19603222888222893, 0.29838567123413684], [0.29826203241203253, 0.23507240537240542, 0.1908450954274485, 0.275820466788114], [0.28371995781995785, 0.27051656676656693, 0.1495530247530248, 0.29621045066045065], [0.23368883338883342, 0.2822653346653348, 0.16252842712842722, 0.3215174048174048], [0.21650526695526706, 0.33328700743700723, 0.1939801864801867, 0.2562275391275392], [0.22296531246531257, 0.2657532634032635, 0.19337705627705634, 0.31790436785436793], [0.2436769341769344, 0.2691760101010103, 0.18124056776556785, 0.3059064879564881], [0.18574260543378204, 0.290466606759254, 0.22143726828726826, 0.30235351951969597], [0.31384023754023754, 0.2530828005328008, 0.16199139194139187, 0.27108556998557], [0.24459149461649476, 0.23921053897083314, 0.20757980516215813, 0.30861816125051417], [0.2676963203463205, 0.2746189754689757, 0.1752081529581531, 0.28247655122655124], [0.1966120601620601, 0.306686136086136, 0.21140234765234775, 0.2852994560994562], [0.23138296703296715, 0.2800963203463203, 0.18180621600621602, 0.3067144966144966], [0.22702173937173944, 0.23908529248529267, 0.2135058552558553, 0.32038711288711297], [0.2874056943056942, 0.26504962814962824, 0.12961512376512382, 0.3179295537795538], [0.20823517038517048, 0.27543911088911094, 0.18328122988122997, 0.3330444888444889], [0.2291208236208237, 0.30362616272616266, 0.17655224220224228, 0.29070077145077167], [0.22299057609057615, 0.33398503718503714, 0.19278196248196255, 0.25024242424242427], [0.26045861638361634, 0.2087918470418471, 0.19380308302808308, 0.3369464535464534], [0.29863523143523146, 0.2719404928404928, 0.15457683982683987, 0.27484743589743593], [0.2719503885003886, 0.2460656954156954, 0.16811784326784335, 0.313866072816073], [0.2383964507714507, 0.3124182678432679, 0.1875514707514708, 0.26163381063381075], [0.2520113053613055, 0.22575002220002235, 0.1815438505938507, 0.3406948218448218], [0.23466847041847047, 0.2690883838383839, 0.23086205461205475, 0.26538109113109126], [0.3477505994005991, 0.18653862248862252, 0.15190887445887458, 0.31380190365190364]]}, "rewritten": {"ids": ["97105451", "97105760", "97107681", "97107950", "97112300", "97112830", "97113260", "97113900", "97116790", "98106111", "98106680", "98108410", "98108580", "98109230", "98110230", "99105921", "99108010", "99108520", "99108890", "99109311", "99111340", "99112840", "100107920", "100108080", "100108260", "100108490", "100108520", "100109000", "100109801", "100111380", "100113370", "101108080", "101110150", "101110200", "101113210", "101119030", "101121640", "102110050", "102112301", "102116340", "102117351", "102118380", "102121440", "103109641", "103110050", "103111110", "103112470", "103112641", "103113260", "104111380", "104111620", "104116800", "104117200", "104119290", "105110251", "105117351", "105121370", "106113260", "106115240", "106116640", "106117790", "106118161", "106120290", "107113360", "107114110", "107114140", "107114200", "107115250", "107118780", "107120260", "108113740", "108114180", "108114200", "108114270", "108116501", "108117360", "108119330", "108119510", "108120621", "109116810", "109117630", "109118701", "109119340", "109121640", "110113591", "110114321", "110114610", "110115710", "110115980", "110116501", "110118301", "110118630", "110118810", "110119891", "110120560", "111115910", "111116411", "111117200", "111117571", "111118810", "111119150", "111119250", "111119610", "111119950", "111120190", "111120220", "111120280", "111120531", "111120540", "111121190", "111121220", "112116850", "112116880", "112118471", "112118530", "112118581", "112118701", "112118880", "112119320", "112119500", "112119980", "112120270", "112120640", "112120700", "112120990", "112121010", "112121410", "113117550", "113118111", "113118620", "113119700", "113120540", "113120591", "113120601", "113121190", "113121680", "113122160", "113122170", "113122180", "113122220", "113122230", "113122430"], "labels": [0, 0, 3, 2, 2, 2, 1, 2, 2, 0, 1, 1, 0, 1, 3, 1, 2, 2, 0, 1, 1, 2, 0, 0, 3, 2, 2, 1, 0, 3, 3, 0, 1, 2, 3, 3, 2, 3, 1, 3, 1, 1, 2, 1, 3, 3, 1, 3, 3, 3, 0, 1, 3, 1, 0, 0, 2, 3, 1, 3, 1, 3, 2, 0, 1, 2, 2, 2, 1, 1, 3, 1, 0, 3, 0, 1, 0, 1, 1, 3, 0, 3, 3, 0, 0, 1, 1, 2, 1, 3, 1, 1, 1, 3, 0, 2, 0, 0, 3, 0, 3, 1, 2, 0, 3, 3, 0, 0, 1, 1, 3, 0, 0, 1, 1, 1, 0, 1, 1, 2, 0, 0, 0, 2, 2, 2, 0, 3, 1, 3, 0, 3, 0, 2, 1, 1, 3, 1, 2, 1, 1, 2], "predicted_labels": [0, 3, 3, 3, 0, 3, 3, 3, 1, 1, 1, 1, 3, 3, 3, 1, 1, 2, 1, 3, 1, 1, 3, 1, 3, 1, 3, 3, 1, 1, 1, 1, 3, 1, 1, 3, 3, 1, 1, 3, 3, 1, 3, 3, 1, 1, 0, 3, 3, 3, 3, 1, 3, 3, 1, 0, 3, 1, 0, 3, 1, 1, 1, 3, 3, 1, 3, 1, 3, 1, 3, 3, 0, 3, 1, 3, 3, 3, 3, 1, 1, 3, 3, 1, 1, 1, 1, 1, 3, 3, 3, 1, 3, 3, 0, 0, 3, 3, 0, 3, 3, 3, 3, 3, 3, 1, 3, 3, 1, 3, 3, 3, 1, 3, 1, 3, 3, 3, 3, 1, 3, 3, 3, 1, 3, 0, 3, 3, 3, 1, 1, 0, 3, 1, 0, 1, 3, 3, 3, 3, 3, 1], "confidence_scores": [[0.3039046953046952, 0.287336668886669, 0.16305490620490629, 0.2457037296037297], [0.25210858585858587, 0.21623445998445995, 0.24712082362082355, 0.2845361305361306], [0.21568701298701295, 0.21139666999667012, 0.2689185203685204, 0.3039977966477965], [0.23449739149739157, 0.25174487734487755, 0.20922979242979256, 0.3045279387279387], [0.2953381340881342, 0.2413803363303364, 0.1723039793539794, 0.2909775502275501], [0.26087491952491965, 0.26182919302919316, 0.1896997835497836, 0.28759610389610385], [0.26618559773559775, 0.22727586857586857, 0.1993181374181376, 0.30722039627039616], [0.23758702996350062, 0.25085410700410715, 0.23116101643454595, 0.28039784659784667], [0.2645645965145965, 0.28976818181818176, 0.20538217501452793, 0.24028504665269373], [0.2536613997113998, 0.291625160950161, 0.19409895382395395, 0.2606144855144856], [0.1865237373737374, 0.30965593850593864, 0.2342468031968033, 0.2695735209235211], [0.22379401154401166, 0.3009384726384727, 0.18845661560661564, 0.2868109002109001], [0.25019386724386733, 0.26138485958485946, 0.22598279498279503, 0.2624384781884783], [0.2040429015429016, 0.2736922133422134, 0.24352007992007993, 0.27874480519480527], [0.25577010212010226, 0.2670779942279943, 0.16547940947940964, 0.31167249417249415], [0.26486882561882563, 0.26669242979242985, 0.21157849927849928, 0.2568602453102455], [0.20847935952935961, 0.3383783272283272, 0.19574005439005437, 0.2574022588522589], [0.22043017538017534, 0.2694942612942613, 0.2927132034632034, 0.2173623598623599], [0.21200752580752583, 0.3293895881895882, 0.20015473970473974, 0.25844814629814644], [0.22878302253302263, 0.23947231657231677, 0.2332245310245311, 0.2985201298701299], [0.16671918081918086, 0.318319943944944, 0.2608654817404818, 0.2540953934953937], [0.19173465423465427, 0.32339218559218563, 0.19259264069264062, 0.2922805194805195], [0.22441799866799877, 0.267947102897103, 0.17958281718281713, 0.32805208125208135], [0.19211341436341448, 0.3546035353535354, 0.14320736485736482, 0.3100756854256853], [0.26092655122655123, 0.2259303030303032, 0.220810583860584, 0.292332561882562], [0.24796656121656138, 0.3055120046620047, 0.19260627150627155, 0.25391516261516267], [0.2775194550547493, 0.22349947274947285, 0.1854210678210679, 0.31356000437471016], [0.2570739871239872, 0.2564671300921302, 0.21733924686424697, 0.26911963591963606], [0.2048545954045955, 0.30554430014430023, 0.21191919191919198, 0.27768191253191254], [0.2895832833832832, 0.3154335275835277, 0.17589181374181384, 0.21909137529137526], [0.21293426018426034, 0.3206477022977022, 0.21322770007770023, 0.2531903374403376], [0.20887813852813858, 0.3661110418566943, 0.16932056277056284, 0.2556902568446047], [0.2655686091686092, 0.2544637196137198, 0.18728806748806756, 0.29267960372960383], [0.223236002886003, 0.3444210983460983, 0.17953409645909654, 0.2528088023088024], [0.20897964812964814, 0.31083754868320085, 0.20386616161616167, 0.2763166415709895], [0.2600219058719061, 0.26090548340548353, 0.18333104673104672, 0.2957415639915641], [0.2218012487512487, 0.2958249028749028, 0.18522147297147296, 0.2971523754023755], [0.21161551438757328, 0.28235011671335214, 0.23990774552245148, 0.2661266233766234], [0.233800701259525, 0.34668438228438236, 0.18034991674991682, 0.23916499970617622], [0.19257996725496732, 0.26456706626706633, 0.2485415528915529, 0.2943114135864136], [0.2859641414141413, 0.25404587634587644, 0.15295841380841385, 0.3070315684315686], [0.21498553374729862, 0.2913979520479519, 0.22378607797431324, 0.2698304362304361], [0.20551751859251874, 0.27983919413919417, 0.20955318292818298, 0.30509010434010436], [0.2475720057720059, 0.25187638472638463, 0.1990758241758242, 0.3014757853257853], [0.20814590409590422, 0.2980739371739371, 0.1966752469752471, 0.29710491175491177], [0.21056324786324793, 0.32504802419802414, 0.1814112554112555, 0.2829774725274727], [0.2815634365634367, 0.21852705627705646, 0.22407660672660684, 0.2758329004329004], [0.23941264846264862, 0.20369553779553792, 0.2185776001776002, 0.33831421356421326], [0.22211399711399718, 0.2870214618714618, 0.17541425796425794, 0.31545028305028294], [0.28518505106005115, 0.23353970196470197, 0.19364998057498067, 0.28762526640026637], [0.28416199633699646, 0.2053417249417251, 0.1783194749694751, 0.33217680375180364], [0.20833542568542587, 0.3168620102120102, 0.19175907425907435, 0.2830434898434899], [0.2379666305916307, 0.26397472527472526, 0.18232009379509378, 0.3157385503385503], [0.17376753246753252, 0.2415558663558664, 0.21755675990675993, 0.3671198412698415], [0.2346625707625708, 0.28511936396936416, 0.1976198412698414, 0.2825982239982241], [0.3201684482184482, 0.2385733266733267, 0.14224629814629822, 0.299011926961927], [0.1908410755910757, 0.29997600177600175, 0.2004326562326563, 0.3087502664002665], [0.2507463161021986, 0.32619181929181923, 0.18448305093599215, 0.23857881366999034], [0.2957967143967144, 0.26164409479409484, 0.19139223554223567, 0.25116695526695526], [0.20625219780219783, 0.25033450993451, 0.2001808746808747, 0.3432324175824175], [0.2208438117438118, 0.3030721944721945, 0.21678176823176826, 0.25930222555222565], [0.25897624875124875, 0.27725236430236433, 0.20048073870573874, 0.26329064824064824], [0.17423706848706852, 0.3110859473859473, 0.22681008991008986, 0.2878668942168943], [0.22607476412476435, 0.30202589632589644, 0.16333342213342222, 0.3085659174159175], [0.19772184759684777, 0.20519674769674776, 0.1730427960927961, 0.42403860861360854], [0.2718047952047955, 0.3195549062049062, 0.17112368742368747, 0.23751661116661127], [0.2560414418914419, 0.27144253524253525, 0.14935483405483407, 0.32316118881118894], [0.2650745754245754, 0.30884428349428344, 0.1832926906426908, 0.24278845043845057], [0.25835107670107677, 0.27687424242424236, 0.17904697524697516, 0.2857277056277058], [0.27761806526806526, 0.3041507215007214, 0.19250932955932964, 0.22572188367188373], [0.31806041736041757, 0.17818010323010328, 0.15028266178266178, 0.35347681762681776], [0.23065916305916295, 0.2166331224331224, 0.20433571428571437, 0.3483720002220002], [0.30235229492729493, 0.2735324370074371, 0.18568809523809532, 0.23842717282717285], [0.29124402101166813, 0.24096923631923645, 0.14667383727383732, 0.3211129053952584], [0.278058707958708, 0.2856746031746033, 0.16211411921411925, 0.2741525696525698], [0.20696667776667785, 0.23129674769674777, 0.25161144966144966, 0.31012512487512495], [0.236861976911977, 0.2534437451437453, 0.23499473304473312, 0.27469954489954507], [0.2786119574869577, 0.22010217282717287, 0.18263506493506504, 0.31865080475080476], [0.26620376845376853, 0.2689582084582087, 0.17012663447663448, 0.2947113886113886], [0.22392525252525272, 0.3153001665001667, 0.17152520257520268, 0.28924937839937825], [0.23865091542444494, 0.2982224719724721, 0.20787337662337674, 0.2552532359797066], [0.24888010878010888, 0.27050365745365756, 0.15397047952047965, 0.3266457542457543], [0.2655579975579977, 0.2336851204351206, 0.20429477744477742, 0.2964621045621048], [0.22023235326764753, 0.2944932844932846, 0.1949673715173715, 0.2903069907216966], [0.23972750109367771, 0.2954155383831853, 0.18864537766155418, 0.27621158286158304], [0.26356641414141435, 0.2707747835497837, 0.2146638528138529, 0.2509949494949496], [0.22255238650238665, 0.28891905871905876, 0.24395844710844725, 0.24457010767010767], [0.23746610611610625, 0.28406903651903676, 0.22052466977466983, 0.2579401875901876], [0.2252360417360417, 0.30041492951492954, 0.17098671883671884, 0.3033623099123099], [0.24592139527139537, 0.2587695249195251, 0.17464378399378402, 0.32066529581529585], [0.2845056277056278, 0.2551352813852814, 0.13837332667332672, 0.3219857642357641], [0.21104596514596521, 0.30081587301587304, 0.19507849927849935, 0.29305966255966287], [0.24771004551004558, 0.21466242646242656, 0.19244655344655348, 0.34518097458097446], [0.19619289599289597, 0.2699627039627041, 0.16572994227994248, 0.36811445776445767], [0.27097273265949745, 0.2406645659895661, 0.246324056662292, 0.2420386446886446], [0.25773415146944567, 0.23646616161616169, 0.2516997890997892, 0.25409989781460385], [0.3128990981240983, 0.1979279442779443, 0.15852215007215006, 0.3306508075258076], [0.2693262404262406, 0.2651588245088245, 0.18089925629925627, 0.2846156787656786], [0.2997866383616384, 0.26760954878454885, 0.16485783660783668, 0.2677459762459763], [0.29144695304695306, 0.24561494616494625, 0.13987729492729503, 0.32306080586080577], [0.2418836385836387, 0.28175134310134314, 0.16229941724941732, 0.3140656010656011], [0.1889352813852814, 0.30085271950271947, 0.19934921189921206, 0.3108627872127872], [0.18221574536574536, 0.29035701520701535, 0.22948398268398282, 0.29794325674325683], [0.2387401875901877, 0.2589998834498835, 0.1783593795093795, 0.32390054945054936], [0.22920833333333343, 0.26290168165168176, 0.18043018093018098, 0.3274598040848042], [0.22852426184926194, 0.38589483571983585, 0.15387912365412373, 0.2317017787767789], [0.2862149739149739, 0.22195101287601296, 0.16935368242868254, 0.32248033078033067], [0.2324295093795095, 0.27148629148629144, 0.19227727272727277, 0.30380692640692625], [0.21487112609612616, 0.3033979298479298, 0.18812458097458104, 0.2936063630813633], [0.26275855255855257, 0.260681734931735, 0.2000451437451439, 0.2765145687645687], [0.26095725663225666, 0.2482805638805642, 0.1467793151293152, 0.34398286435786446], [0.21412717282717292, 0.2289808080808082, 0.24641676656676673, 0.3104752525252525], [0.2180527341939108, 0.3268359307359304, 0.19864577611930562, 0.2564655589508531], [0.22139913142413153, 0.2650261877011879, 0.19645014985014989, 0.31712453102453103], [0.20532887472005135, 0.3361512970689442, 0.19912677877677876, 0.259393049434226], [0.19107866577866595, 0.24636002886002895, 0.2258795815295816, 0.3366817238317236], [0.25374254079254105, 0.21043735153735163, 0.19659947274947287, 0.33922063492063487], [0.21417604617604621, 0.24127252192252202, 0.22031150516150524, 0.32423992673992674], [0.1729200271950273, 0.2542633200133202, 0.22128216783216798, 0.3515344849594848], [0.2016867965367967, 0.3469930735930735, 0.21630217560217566, 0.23501795426795427], [0.2241464257964259, 0.29459453879453873, 0.147932178932179, 0.33332685647685645], [0.22755853590853595, 0.2587231213231215, 0.21267389277389281, 0.3010444499944503], [0.2626671217671218, 0.20159725829725847, 0.2161361249861251, 0.3195994949494949], [0.19428321123321127, 0.30620153180153176, 0.2146339160839162, 0.28488134088134087], [0.19750488955488954, 0.30039501609501607, 0.18842291042291057, 0.31367718392718397], [0.27161011766011783, 0.2544749972249974, 0.20337059607059607, 0.27054428904428907], [0.2682088356088356, 0.24493739038739057, 0.16511364746364748, 0.3217401265401265], [0.25310403485403504, 0.2578921911421912, 0.19659390609390617, 0.29240986790986784], [0.25921725774225773, 0.2373099178599179, 0.14632120657120656, 0.3571516178266179], [0.24494006826506828, 0.29999528527028535, 0.1602047175047175, 0.294859928959929], [0.1903461149961151, 0.35392407592407593, 0.1952289210789212, 0.26050088800088805], [0.34907963702963696, 0.2434013375513376, 0.14523540903540905, 0.2622836163836165], [0.24688959210723918, 0.26626682761682763, 0.17450279720279713, 0.3123407830731362], [0.22154473304473304, 0.30690004995004994, 0.1802496836496837, 0.29130553335553344], [0.2994581751581753, 0.27642734487734494, 0.1754536574536575, 0.24866082251082258], [0.19257046287046298, 0.30399523809523804, 0.20475072150072143, 0.2986835775335774], [0.21561219336219353, 0.27204004329004344, 0.20189790764790772, 0.3104498556998556], [0.18921194916194914, 0.2929448273948275, 0.20892388722388733, 0.30891933621933637], [0.21312467532467538, 0.2607031024531027, 0.14956082251082256, 0.37661139971139973], [0.21953712398712427, 0.2770061050061051, 0.19936173271173271, 0.3040950382950382], [0.21961239593739607, 0.2782831307581308, 0.1904611832611833, 0.3116432900432901], [0.18762509157509158, 0.338923126873127, 0.19841290376290371, 0.27503887778887787]]}}