{"test": {"ids": ["101109120", "112116810", "98116500", "105118171", "112116990", "113118111", "108119330", "108114040", "112118930", "112116640", "101108580", "112117431", "112118890", "102121440", "105115680", "104116800", "113122510", "99120010", "108119510", "110121170", "112121410", "109114030", "97106770", "97105580", "107118820", "109120621", "113121680", "112118530", "100111620", "113120640", "109113931", "105111990", "106121190", "111119950", "97116401", "112118581", "109113281", "100108260", "101115190", "107117010", "100109000", "109117431", "98113881", "107113360", "102110240", "103112641", "103117200", "104116980", "104118340", "104119340", "103118291", "97112290", "113122160", "101111620", "103111930", "110113591", "111119290", "113118490", "106112770", "112118860", "109115220", "109117150", "99112641", "103113640", "110114720", "103113270", "106117770", "108114180", "104117630", "102113981", "110120640", "106115240", "107115140", "112118880", "110118301", "113121810", "112117030", "110121140", "113119300", "110115890", "104112470", "109117271", "101108950", "108117451", "99108330", "110119300", "102109850", "113120591", "104111620", "112120540", "102121700", "97116410", "104111990", "108115970", "110119891", "102107961", "104111380", "111121930", "108113740", "105113620", "107112840", "107116300", "110117110", "101121640", "101108370", "111118820", "100108490", "98107210", "104114410", "112120290", "107116501", "111116170", "109115211", "113118511", "108120280", "105115380", "104117200", "100120010", "108115070", "109117630", "109114270", "113118690", "109119010", "108119550", "105112100", "102112250", "107121230", "104113210", "107120130", "106115250", "98108580", "103110100", "99107660", "106120290", "110114610", "111120320", "113118820", "111119250", "111119300", "109117730", "112118550", "107118780"], "labels": [1, 3, 2, 3, 0, 1, 0, 0, 1, 0, 0, 0, 3, 2, 2, 1, 2, 2, 1, 2, 0, 1, 3, 1, 3, 1, 1, 1, 3, 0, 1, 2, 2, 0, 3, 1, 0, 3, 1, 1, 1, 1, 3, 0, 3, 3, 0, 1, 2, 1, 0, 1, 3, 3, 3, 0, 3, 1, 1, 3, 3, 2, 1, 1, 3, 2, 0, 1, 0, 1, 0, 1, 0, 1, 1, 2, 2, 3, 1, 2, 1, 0, 2, 2, 1, 1, 1, 0, 0, 3, 1, 3, 2, 2, 3, 3, 3, 1, 3, 0, 1, 0, 0, 2, 1, 0, 2, 1, 1, 1, 1, 0, 0, 1, 3, 1, 3, 0, 1, 0, 3, 3, 3, 1, 1, 0, 0, 3, 2, 2, 0, 1, 3, 2, 1, 1, 0, 1, 1, 3, 3, 1], "predicted_labels": [1, 1, 0, 3, 0, 3, 2, 3, 3, 3, 3, 3, 1, 1, 3, 1, 3, 3, 1, 3, 3, 3, 0, 1, 1, 3, 3, 2, 0, 3, 3, 3, 3, 0, 0, 0, 0, 2, 1, 2, 3, 0, 3, 0, 3, 1, 1, 1, 1, 3, 0, 2, 1, 3, 2, 3, 1, 3, 1, 3, 0, 1, 1, 0, 3, 3, 2, 3, 1, 3, 3, 0, 3, 0, 0, 1, 1, 0, 1, 1, 3, 3, 2, 3, 3, 3, 3, 3, 0, 1, 0, 3, 1, 1, 0, 0, 2, 1, 1, 3, 1, 3, 0, 1, 3, 0, 3, 3, 2, 3, 3, 1, 0, 0, 0, 3, 1, 2, 3, 1, 0, 2, 3, 1, 1, 0, 3, 1, 3, 0, 2, 3, 0, 3, 0, 0, 0, 0, 1, 1, 0, 3], "confidence_scores": [[0.14580313587925336, 0.5258811060677182, 0.12637106930588451, 0.20194468874714394], [0.1819738431175029, 0.29414320001794675, 0.2391155106894959, 0.28476744617505445], [0.43994035973131906, 0.17093071841772903, 0.15843132256695944, 0.23069759928399247], [0.23087688419267519, 0.1793585176434736, 0.08298642157822796, 0.5067781765856232], [0.3062189125739042, 0.19455429683159153, 0.24079554210067192, 0.2584312484938323], [0.20003036487252143, 0.26428842917024326, 0.16066802092326546, 0.37501318503396996], [0.11494586686373653, 0.16476943466298796, 0.43150403943848564, 0.2887806590347898], [0.1045369230139376, 0.2596440190296324, 0.1641267310501282, 0.47169232690630164], [0.22890727359583343, 0.2126756817129865, 0.16225310414167426, 0.3961639405495059], [0.220820195643195, 0.2661993374131842, 0.21791127980570157, 0.29506918713791913], [0.26770486583506536, 0.30919894386916374, 0.08552756710565619, 0.3375686231901149], [0.23455757539897168, 0.32487502173858945, 0.08457790478105523, 0.3559894980813837], [0.13841180188476535, 0.42522533364661746, 0.15749036550274984, 0.2788724989658674], [0.27284420778043245, 0.29577816076667385, 0.1760838317765876, 0.2552937996763063], [0.0853491096502693, 0.2517308009197609, 0.32806583135556394, 0.33485425807440583], [0.24380346123879038, 0.36513618391919883, 0.18298897031974878, 0.20807138452226218], [0.2803184318956989, 0.24647256958790584, 0.12828146765857915, 0.3449275308578163], [0.20310892649748288, 0.22210276399970627, 0.21077217883909782, 0.3640161306637131], [0.11144522247005811, 0.5727257445656289, 0.10258584454567546, 0.2132431884186376], [0.2504845470605483, 0.23405294702691729, 0.07687159867428109, 0.43859090723825345], [0.15621201096843834, 0.2829458197799914, 0.1490852467404269, 0.4117569225111435], [0.3242365630812154, 0.1067019563547243, 0.07101497972460652, 0.49804650083945395], [0.32363329065562874, 0.23088222135042713, 0.1832546922029637, 0.26222979579098044], [0.13520390855557962, 0.48883874715842324, 0.0958908095924382, 0.2800665346935592], [0.11030464392372677, 0.36839151339700366, 0.16035919453969588, 0.36094464813957367], [0.22385760811878458, 0.1849301645057304, 0.041792047443694455, 0.5494201799317906], [0.1039955030758572, 0.21962798131280806, 0.27598617902742933, 0.4003903365839055], [0.196501937826104, 0.20595484969737138, 0.30156967338841795, 0.29597353908810653], [0.34119807589231554, 0.1685851672943045, 0.17592555559124207, 0.31429120122213794], [0.25305493810221275, 0.2719579597838284, 0.1601872594430974, 0.3147998426708615], [0.19850773023279608, 0.2849677493598982, 0.1873053060939565, 0.32921921431334916], [0.12489834887304012, 0.3181011730400707, 0.21338082804654773, 0.34361965004034145], [0.24807193442197664, 0.21847342133397923, 0.10671654494803817, 0.4267380992960059], [0.34734478427656684, 0.1593197207130384, 0.20585371939553235, 0.2874817756148623], [0.36475958426033717, 0.20272055738212288, 0.14497954587199252, 0.28754031248554757], [0.5321755642623718, 0.22548718689576924, 0.057534021778944046, 0.18480322706291488], [0.47699497469608815, 0.17404875757446775, 0.0986900627719268, 0.25026620495751756], [0.12082792087347477, 0.2915986751575777, 0.4098719906009954, 0.17770141336795206], [0.22477807138942293, 0.30421890791388867, 0.22407059386304953, 0.24693242683363897], [0.10987414659340651, 0.2651299557528564, 0.3540790441367258, 0.2709168535170114], [0.15877611399058947, 0.3080970736713252, 0.15305409713439735, 0.380072715203688], [0.35326790756411736, 0.25645233774678117, 0.11091300694810205, 0.2793667477409993], [0.2559444668792133, 0.2787374913342126, 0.14703320534510259, 0.3182848364414716], [0.5566603180321862, 0.1022384605196975, 0.05098632145167169, 0.2901148999964447], [0.10284077763038824, 0.2692610824065801, 0.1983209158011112, 0.42957722416192046], [0.3233549713632305, 0.34244236115007703, 0.09401205298664836, 0.24019061450004425], [0.16544852462527151, 0.5437089172424718, 0.11492438727486935, 0.17591817085738723], [0.1551770001192573, 0.384001026898707, 0.13312319737273282, 0.32769877560930294], [0.24157949475310764, 0.3255691668198312, 0.1706477574541356, 0.2622035809729254], [0.07771816257030237, 0.21220666646620562, 0.12383754340688048, 0.5862376275566116], [0.3842376832157308, 0.2349985117305387, 0.0822896665922464, 0.29847413846148413], [0.2330459149736123, 0.07512607309854982, 0.5516755659704933, 0.1401524459573446], [0.13896596439390524, 0.4314756489410902, 0.16505350980664246, 0.2645048768583621], [0.21622669458073115, 0.22660123280945135, 0.16457848436760178, 0.39259358824221574], [0.2641051853784239, 0.2500207316804395, 0.34217876933112995, 0.14369531361000668], [0.27625210006669043, 0.267321995001785, 0.09713045040210894, 0.3592954545294157], [0.2673043006662692, 0.3124562952309218, 0.23920526483935778, 0.18103413926345138], [0.16306060308778805, 0.28293927238545213, 0.2697810237489444, 0.2842191007778153], [0.24700866396116783, 0.3125581309640315, 0.23448104204831166, 0.20595216302648903], [0.2891185125289698, 0.26292292230781106, 0.10175289173351729, 0.34620567342970165], [0.5483648579230435, 0.17607515278101799, 0.05700463949854031, 0.21855534979739838], [0.16535854665122443, 0.4705228585888936, 0.14037532443481746, 0.22374327032506475], [0.2086652015735861, 0.3449851484652748, 0.16836297443455128, 0.27798667552658796], [0.4820974059189102, 0.22189048214711246, 0.09128087865609652, 0.20473123327788084], [0.2393982930287039, 0.18160639905448375, 0.23618277953150177, 0.3428125283853106], [0.08954606813257122, 0.2658725880678132, 0.23398092358113134, 0.41060042021848414], [0.13691047944066215, 0.2718820325240365, 0.3655169759406338, 0.22569051209466756], [0.18235086789504185, 0.2596016651643697, 0.1317463507776052, 0.4263011161629833], [0.11101405935890105, 0.5433948868039766, 0.1751607616378616, 0.17043029219926062], [0.26732270895368115, 0.2532832207277516, 0.14926457724215603, 0.3301294930764115], [0.2671011303106472, 0.26332450074372554, 0.15258413364048598, 0.3169902353051414], [0.33848879079205796, 0.2816076673788701, 0.15041674277640169, 0.2294867990526704], [0.10469202531934213, 0.25017464737487116, 0.095088735631065, 0.5500445916747218], [0.42906039045600086, 0.21680256733335257, 0.08981400437523124, 0.2643230378354154], [0.44997799654415016, 0.20832197477769077, 0.07820856411676884, 0.2634914645613902], [0.18875890319432093, 0.3825985410793815, 0.19600180013898136, 0.2326407555873163], [0.2418024169537389, 0.28997734809911757, 0.2044261618510718, 0.26379407309607195], [0.722179629697825, 0.11380485394115251, 0.06123058082111141, 0.10278493553991114], [0.12292732356454142, 0.4569821381233181, 0.10877639643803022, 0.3113141418741102], [0.2624059022846664, 0.408213376996519, 0.10312992703886303, 0.22625079367995152], [0.2027526679255219, 0.19737028841526305, 0.14983028672169743, 0.4500467569375176], [0.26351924217260175, 0.2871273541113743, 0.05793783677172083, 0.391415566944303], [0.3007506842680998, 0.12669709953318886, 0.3758509217551862, 0.19670129444352516], [0.3338539092588467, 0.09722133715710483, 0.051408508382679394, 0.5175162452013691], [0.31980357196959197, 0.13005577293133053, 0.14658817741312047, 0.4035524776859571], [0.1817633669349366, 0.19604811688558524, 0.21739917007043405, 0.40478934610904405], [0.08798857116081475, 0.1387786398983378, 0.3714000140085145, 0.40183277493233305], [0.19013197376335286, 0.22091046342967008, 0.25182397138805934, 0.3371335914189178], [0.3510345192014524, 0.27814348300797076, 0.15607137895398873, 0.21475061883658828], [0.2332911498423676, 0.3381365007775177, 0.2361378502745004, 0.19243449910561458], [0.39213812318332975, 0.18518026306911328, 0.16396969751674048, 0.2587119162308165], [0.1892455309083089, 0.21619099031865258, 0.2224818321492022, 0.3720816466238363], [0.2417392335479638, 0.3063628712324136, 0.23506977526244235, 0.2168281199571802], [0.11107069908309836, 0.3662832365803183, 0.26090161811905765, 0.26174444621752574], [0.38265134206775636, 0.18902372907953252, 0.1808713296238678, 0.24745359922884347], [0.4226537962028116, 0.10858735418783673, 0.13978324012008797, 0.3289756094892638], [0.22627843765548203, 0.14471408399254804, 0.3543102909143489, 0.27469718743762106], [0.10587301879997857, 0.4472369672825323, 0.17739611816866208, 0.2694938957488271], [0.12642797375361656, 0.45966699570942093, 0.1474201835568332, 0.26648484698012925], [0.1916120647270436, 0.2738834124526566, 0.24383787601505993, 0.29066664680523996], [0.15145973660764775, 0.4364892385372748, 0.11296431502313341, 0.29908670983194413], [0.1259765223580371, 0.278972752993915, 0.16273661812129006, 0.4323141065267577], [0.3972550852060287, 0.26498173960212174, 0.13264212804228104, 0.20512104714956847], [0.2239770832602069, 0.31083303988792504, 0.2041984371641912, 0.2609914396876769], [0.29654447104318665, 0.27285577479036416, 0.1330210806727541, 0.297578673493695], [0.3884653825845287, 0.1976418902029449, 0.15014321681776024, 0.26374951039476613], [0.2584092484555707, 0.14716373489555787, 0.27833705573615625, 0.3160899609127153], [0.17819343745349575, 0.22710523855218023, 0.1897336926854956, 0.40496763130882846], [0.1502688817297729, 0.2319672699281757, 0.33860692292328104, 0.2791569254187706], [0.2712487733438125, 0.243445349659519, 0.1974826956914944, 0.2878231813051742], [0.3020082419405351, 0.22576640284210414, 0.08700582500672399, 0.38521953021063676], [0.26675446505866746, 0.40027105738958896, 0.13094730780265615, 0.20202716974908763], [0.3726058572109892, 0.20016170864104543, 0.10397711670145338, 0.323255317446512], [0.3582534241545908, 0.18281085018702364, 0.12362970261821678, 0.3353060230401689], [0.3660624667053406, 0.269751291654863, 0.10885504653335498, 0.25533119510644126], [0.14193322272180436, 0.26124865558886295, 0.26462416921256293, 0.3321939524767697], [0.1847738482659447, 0.3435520980394586, 0.16611218428020294, 0.3055618694143937], [0.18555437760222185, 0.26679324733865234, 0.2900271391465633, 0.25762523591256253], [0.16640541076902426, 0.2896049386132786, 0.1620165917476421, 0.3819730588700552], [0.1111122699598397, 0.3634377587890132, 0.19309512296418563, 0.33235484828696166], [0.3397150303505095, 0.24358518650793717, 0.09422428913400649, 0.3224754940075468], [0.23722243695707848, 0.2551704946019106, 0.30301433649142534, 0.2045927319495856], [0.1408249622929028, 0.2512759545372339, 0.24917183476088223, 0.3587272484089813], [0.20667112651069672, 0.3725087297230589, 0.1636016933049969, 0.2572184504612475], [0.19696495992521543, 0.36220005493961366, 0.1839227870087852, 0.256912198126386], [0.38618690156245183, 0.1940494621652816, 0.1401130685027669, 0.2796505677694996], [0.26199183418459776, 0.2731967893668569, 0.1516961578907958, 0.3131152185577496], [0.20267254877031107, 0.3569608234011962, 0.1238449749943291, 0.3165216528341638], [0.3206918687472201, 0.22125404513573022, 0.10586529561297428, 0.3521887905040755], [0.41876270268360005, 0.17965408247966433, 0.17529629524181878, 0.22628691959491679], [0.11797795346424426, 0.18420890100680612, 0.4013507579112456, 0.29646238761770405], [0.11565076306888122, 0.20039548141648592, 0.16766061253086273, 0.5162931429837702], [0.46064424958815536, 0.12952339828220905, 0.10644437593444629, 0.30338797619518937], [0.14672709607603182, 0.1709226679536288, 0.15207168279656913, 0.5302785531737702], [0.3144029216706577, 0.25985217143037553, 0.21701103799671725, 0.2087338689022495], [0.43939470134984093, 0.1674363344046436, 0.18437805807345592, 0.20879090617205967], [0.5516579940136747, 0.13742304146949774, 0.16585899437225674, 0.1450599701445709], [0.36420195061895005, 0.15465788924258764, 0.15676169616628044, 0.3243784639721819], [0.27984808239249864, 0.31489084764446584, 0.14203288041268386, 0.26322818955035165], [0.16365969073227737, 0.3472969399612924, 0.22386762902081417, 0.265175740285616], [0.5204190930515152, 0.17694999053724822, 0.11237834112385912, 0.19025257528737755], [0.11803736973017113, 0.3360592305554688, 0.1188938087159393, 0.42700959099842073]]}, "rewritten": {"ids": ["97105580", "97106770", "97112290", "97116401", "97116410", "98107210", "98108580", "98113881", "98116500", "99107660", "99108330", "99112641", "99120010", "100108260", "100108490", "100109000", "100111620", "100120010", "101108370", "101108580", "101108950", "101109120", "101111620", "101115190", "101121640", "102107961", "102109850", "102110240", "102112250", "102113981", "102121440", "102121700", "103110100", "103111930", "103112641", "103113270", "103113640", "103117200", "103118291", "104111380", "104111620", "104111990", "104112470", "104113210", "104114410", "104116800", "104116980", "104117200", "104117630", "104118340", "104119340", "105111990", "105112100", "105113620", "105115380", "105115680", "105118171", "106112770", "106115240", "106115250", "106117770", "106120290", "106121190", "107112840", "107113360", "107115140", "107116300", "107116501", "107117010", "107118780", "107118820", "107120130", "107121230", "108113740", "108114040", "108114180", "108115070", "108115970", "108117451", "108119330", "108119510", "108119550", "108120280", "109113281", "109113931", "109114030", "109114270", "109115211", "109115220", "109117150", "109117271", "109117431", "109117630", "109117730", "109119010", "109120621", "110113591", "110114610", "110114720", "110115890", "110117110", "110118301", "110119300", "110119891", "110120640", "110121140", "110121170", "111116170", "111118820", "111119250", "111119290", "111119300", "111119950", "111120320", "111121930", "112116640", "112116810", "112116990", "112117030", "112117431", "112118530", "112118550", "112118581", "112118860", "112118880", "112118890", "112118930", "112120290", "112120540", "112121410", "113118111", "113118490", "113118511", "113118690", "113118820", "113119300", "113120591", "113120640", "113121680", "113121810", "113122160", "113122510"], "labels": [1, 3, 1, 3, 3, 1, 0, 3, 2, 3, 1, 1, 2, 3, 2, 1, 3, 0, 1, 0, 2, 1, 3, 1, 2, 3, 1, 3, 0, 1, 2, 1, 1, 3, 3, 2, 1, 0, 0, 3, 0, 2, 1, 3, 1, 1, 1, 3, 0, 2, 1, 2, 1, 0, 1, 2, 3, 1, 1, 2, 0, 2, 2, 1, 0, 0, 0, 1, 1, 1, 3, 2, 0, 3, 0, 1, 1, 2, 2, 0, 1, 1, 3, 0, 1, 1, 3, 0, 3, 2, 0, 1, 0, 3, 3, 1, 0, 1, 3, 2, 0, 1, 1, 3, 0, 3, 2, 0, 0, 1, 3, 1, 0, 1, 1, 0, 3, 0, 2, 0, 1, 3, 1, 3, 1, 3, 1, 1, 3, 0, 1, 1, 1, 3, 0, 1, 0, 0, 1, 2, 3, 2], "predicted_labels": [1, 2, 2, 0, 2, 2, 2, 0, 3, 3, 3, 0, 3, 2, 2, 0, 0, 2, 0, 2, 3, 1, 2, 3, 0, 1, 2, 3, 0, 0, 1, 3, 3, 3, 1, 2, 0, 1, 0, 0, 0, 2, 1, 1, 2, 3, 3, 3, 1, 1, 3, 3, 3, 1, 3, 3, 1, 3, 1, 0, 2, 3, 3, 3, 0, 3, 3, 3, 1, 3, 1, 0, 3, 1, 3, 3, 3, 1, 3, 2, 1, 3, 0, 3, 3, 3, 3, 3, 0, 1, 3, 1, 1, 3, 1, 0, 3, 1, 0, 1, 1, 1, 3, 0, 3, 0, 3, 1, 3, 0, 1, 3, 0, 1, 3, 1, 3, 2, 1, 1, 3, 0, 0, 3, 0, 3, 3, 3, 1, 3, 3, 3, 0, 2, 0, 1, 0, 3, 3, 1, 3, 1], "confidence_scores": [[0.18554003951832126, 0.38855435362760243, 0.13903522127863513, 0.2868703855754412], [0.26390023174681576, 0.23869125502768268, 0.3132155252148937, 0.1841929880106081], [0.21376366036190844, 0.13886520099571328, 0.4994672395273076, 0.1479038991150706], [0.3258357953865319, 0.20048048469959934, 0.23634187963570216, 0.23734184027816657], [0.16624456549182673, 0.17694393013460477, 0.3347265249663553, 0.3220849794072131], [0.18163050761379923, 0.2316541982414564, 0.3801176370409424, 0.2065976571038022], [0.0881725185384376, 0.17729636503212517, 0.5365826918891128, 0.19794842454032435], [0.3667948085303673, 0.21456891195372418, 0.1656924303243279, 0.2529438491915807], [0.2298139061771325, 0.14818633754856986, 0.16862547206292636, 0.45337428421137127], [0.2419529254919429, 0.24215531918210106, 0.13340157854319148, 0.3824901767827647], [0.2072630791163542, 0.3105493082027536, 0.1618641510032489, 0.32032346167764336], [0.3196625524629076, 0.27137543811889514, 0.13458163325895853, 0.2743803761592389], [0.19242899574969588, 0.2361598570024424, 0.2678483587181937, 0.30356278852966795], [0.13077788775087548, 0.2962754411581786, 0.3966177446572709, 0.17632892643367512], [0.24202748401858692, 0.17871719070993983, 0.35707400062924516, 0.22218132464222828], [0.32646552903506343, 0.2593335679686463, 0.22235778329492936, 0.1918431197013611], [0.2990280128976533, 0.24581038860346374, 0.2234589825650112, 0.23170261593387173], [0.10353286697127, 0.2197950887656258, 0.5377514857807606, 0.13892055848234358], [0.4310908106425641, 0.1714894371975231, 0.1216212987069649, 0.2757984534529478], [0.2415842763765758, 0.2591455425620877, 0.2758162080709939, 0.22345397299034267], [0.07818398711343294, 0.21357635629524888, 0.27605246484986595, 0.43218719174145215], [0.2527008587913659, 0.38260902022722615, 0.15482211399871526, 0.2098680069826929], [0.16050628932965777, 0.18079440546568679, 0.3866487814559406, 0.2720505237487148], [0.17009771308903168, 0.23805051712041667, 0.21641280564900092, 0.3754389641415508], [0.2765146280496169, 0.26233356471244446, 0.21827902680598904, 0.24287278043194963], [0.26846296892154714, 0.3235030559397534, 0.09203083193188666, 0.3160031432068127], [0.054101425507477284, 0.2205257958597936, 0.49442739523844664, 0.23094538339428267], [0.18196363557200426, 0.23361102855142163, 0.12590792029416495, 0.45851741558240905], [0.3824100042735613, 0.23691334081933815, 0.050190658730360965, 0.3304859961767397], [0.41418412493167805, 0.22528101185148683, 0.14937893307651587, 0.21115593014031925], [0.3134406524389398, 0.33369519091861327, 0.11743223746509956, 0.23543191917734735], [0.3488322526064504, 0.13379257671452965, 0.09630149796747457, 0.4210736727115452], [0.19308711491536915, 0.3113554035615644, 0.146096817264715, 0.3494606642583515], [0.24334952773195956, 0.17610916747769842, 0.2560162679581723, 0.3245250368321698], [0.2843811489296554, 0.33183820567108885, 0.07466850097876833, 0.3091121444204877], [0.1196914801405831, 0.22855380926637406, 0.3398794763118701, 0.31187523428117275], [0.5225644520787702, 0.19732319115669705, 0.08810857719092881, 0.19200377957360382], [0.12240183369224308, 0.546430802840534, 0.16929396701118116, 0.16187339645604176], [0.40826168267395535, 0.1795621365334959, 0.07126571330349091, 0.3409104674890579], [0.3478515127263819, 0.14957609328317997, 0.2350716176781848, 0.26750077631225344], [0.5430188190906693, 0.17409040193931283, 0.10393776854124469, 0.17895301042877315], [0.13388854293232455, 0.26737144151670633, 0.39605820324811347, 0.20268181230285565], [0.2510900518347945, 0.29319445770912916, 0.19956390256608814, 0.2561515878899883], [0.27881087168658575, 0.3733198409434166, 0.13144259982500606, 0.21642668754499164], [0.2749059974326083, 0.19940405562355193, 0.314491194762404, 0.211198752181436], [0.1709423649522227, 0.2419453737968771, 0.1551206351844574, 0.43199162606644276], [0.10802145576705821, 0.35466559820543236, 0.15196177696643726, 0.3853511690610722], [0.2899258449376461, 0.18794892046684808, 0.12162364279862034, 0.4005015917968854], [0.1382770886576072, 0.5341727343494413, 0.1512779316261695, 0.17627224536678207], [0.25717361315097115, 0.2831443178084808, 0.18932898128486803, 0.27035308775567995], [0.09759058993847256, 0.2234027999011385, 0.14708147070609906, 0.5319251394542898], [0.17143853078853874, 0.2744664597007075, 0.17977985624949336, 0.37431515326126047], [0.25275040931916776, 0.2598600313416893, 0.170252815965361, 0.31713674337378206], [0.17451432010807616, 0.40044003073447737, 0.1943123702420803, 0.23073327891536624], [0.11595547244070023, 0.20932297514652642, 0.16796580957445892, 0.5067557428383146], [0.066726930550036, 0.18505093242156834, 0.2715008006448754, 0.47672133638352027], [0.18964358696716418, 0.4360749143359115, 0.09174277581342803, 0.28253872288349635], [0.09278834653640265, 0.31043654784897995, 0.2763755868554202, 0.3203995187591972], [0.3223260036653435, 0.3290703259912015, 0.13851628274811437, 0.2100873875953408], [0.5498910919425031, 0.11221783810036028, 0.10377463951314035, 0.23411643044399622], [0.14870083002320064, 0.21831196425054344, 0.408430329020583, 0.22455687670567293], [0.17324131778334786, 0.17508852317284407, 0.17908811865645016, 0.47258204038735774], [0.21384291192480365, 0.11794344633558464, 0.11386853347769436, 0.5543451082619174], [0.18469995757362825, 0.2189755140275997, 0.18179670599300524, 0.4145278224057669], [0.4155317232110871, 0.20644211069902943, 0.0866060077698751, 0.29142015832000834], [0.06909742726820708, 0.13304117747342314, 0.0840431934692822, 0.7138182017890877], [0.17808994244139958, 0.21036405977867198, 0.25570681446597965, 0.355839183313949], [0.306099774394171, 0.24623826035318097, 0.09489526661428262, 0.35276669863836546], [0.12058036462278666, 0.35387246779921155, 0.286923924533525, 0.2386232430444769], [0.13881403766040906, 0.32897160772300826, 0.13982122507822456, 0.39239312953835803], [0.12580815550003308, 0.36315074620911264, 0.17987225116083225, 0.33116884713002204], [0.38928211252678796, 0.25090993561330754, 0.14822397404916438, 0.21158397781074015], [0.23053282604992384, 0.2351292620586959, 0.15192865434680794, 0.38240925754457245], [0.116582385318551, 0.5490800885799483, 0.143056226315251, 0.19128129978624991], [0.1904911175124134, 0.336838744351616, 0.13527507153410004, 0.3373950666018707], [0.17335596021769192, 0.331448606728892, 0.1578268874711433, 0.3373685455822728], [0.17123273795344546, 0.2111533591651651, 0.30752144752430377, 0.3100924553570857], [0.10165092825739859, 0.4168452232178678, 0.2815862346469916, 0.1999176138777418], [0.15828978723587253, 0.07212889784333633, 0.03164742678024405, 0.7379338881405473], [0.08540425011325686, 0.12272477473484154, 0.6508011876891269, 0.14106978746277474], [0.16803878048985532, 0.3942113544524863, 0.1805595323757329, 0.25719033268192554], [0.22121408219378172, 0.26372779492459797, 0.204335189241741, 0.31072293363987924], [0.36467362449622986, 0.2687278543623586, 0.1146724502892789, 0.2519260708521324], [0.32735184992612726, 0.16790018301016787, 0.08530330622858225, 0.4194446608351225], [0.2580851625998836, 0.268957494940346, 0.08801545163550718, 0.3849418908242634], [0.19030114268562842, 0.26918046392478806, 0.1583922505473949, 0.38212614284218854], [0.28903002982088305, 0.2363113958779432, 0.11827938853419223, 0.35637918576698147], [0.2975129117440912, 0.21882429929950145, 0.10100759603615432, 0.38265519292025324], [0.5802792105526134, 0.17532619337535146, 0.06337103176747604, 0.181023564304559], [0.05901558488702855, 0.5866158932747295, 0.14981464837496078, 0.20455387346328122], [0.265174296358783, 0.21188915232339006, 0.06826646412517252, 0.4546700871926544], [0.2585849843139811, 0.4052374529301047, 0.1146993420115422, 0.22147822074437187], [0.2517180889637471, 0.4075233898651568, 0.11996493120496675, 0.22079358996612936], [0.2429890905238289, 0.16508463379359548, 0.1526952617616192, 0.43923101392095626], [0.10082282704056547, 0.379053524580532, 0.3286271200705402, 0.1914965283083623], [0.4262274901274176, 0.22139629878893466, 0.11834775304615035, 0.23402845803749733], [0.21927381349074337, 0.21051137322533436, 0.087984922148737, 0.4822298911351854], [0.221338882027493, 0.31213237945236105, 0.18278505080431173, 0.2837436877158342], [0.34704976726774667, 0.21577083854381798, 0.2428458227179498, 0.19433357147048538], [0.24708970700214528, 0.40266213915278704, 0.09097848163515247, 0.25926967220991526], [0.3280190657765961, 0.3573668734837323, 0.12450662240759804, 0.19010743833207386], [0.29220133813138693, 0.40390442102341745, 0.0721944081905617, 0.23169983265463384], [0.2996592081567076, 0.14220609132155487, 0.13000351334731422, 0.42813118717442344], [0.42170125990035956, 0.21337240282777853, 0.14063759438213477, 0.22428874288972722], [0.23126694924367366, 0.2123491121341582, 0.20005771614178847, 0.3563262224803799], [0.5334480768738664, 0.18708476453801648, 0.1215708944124784, 0.15789626417563868], [0.2838841112643553, 0.2238741022876324, 0.11411221376448465, 0.37812957268352787], [0.23167994478896756, 0.41683305355169736, 0.13173823189116116, 0.21974876976817395], [0.2857252519479809, 0.24529244187423715, 0.1754477457036089, 0.2935345604741731], [0.39235570972681877, 0.20190026511612152, 0.2146898828982059, 0.1910541422588537], [0.1864226851845261, 0.3182330649804345, 0.22220560816582996, 0.27313864166920954], [0.2169733136216428, 0.22983730599927565, 0.0892383531443714, 0.4639510272347101], [0.3519158171170156, 0.19429193202703773, 0.21401149857030866, 0.239780752285638], [0.1962984308861672, 0.35334778289348767, 0.1283103390894629, 0.32204344713088223], [0.09749373268676789, 0.3333754916422708, 0.20982976770025302, 0.35930100797070824], [0.26133914309907696, 0.28377178527686836, 0.20595379207070813, 0.24893527955334646], [0.2143562056260961, 0.30063190413047736, 0.1318463027069647, 0.3531655875364617], [0.20286327623964098, 0.2825295233801815, 0.32539793195177813, 0.18920926842839933], [0.28417709318590356, 0.291329493414559, 0.1699725400118172, 0.25452087338772045], [0.24479822431558135, 0.4323895288896061, 0.10118361322895102, 0.22162863356586154], [0.15166828490532572, 0.2947499745133846, 0.24826205276463154, 0.30531968781665814], [0.5924386184739489, 0.14037886009229708, 0.1143419286535273, 0.15284059278022674], [0.41516041299233547, 0.1631119305426109, 0.054916363177577705, 0.366811293287476], [0.24882994854533508, 0.26195551786362387, 0.1448727124891365, 0.3443418211019046], [0.47431354118466296, 0.17381880350473758, 0.1426555418331385, 0.20921211347746085], [0.11733589109052978, 0.15045071040196428, 0.17458268857308912, 0.5576307099344169], [0.3536540980047522, 0.1250189696446534, 0.08149757817992902, 0.4398293541706654], [0.30971655876250714, 0.2273539022949561, 0.1461868813805032, 0.3167426575620337], [0.33196395654987537, 0.4156169595054928, 0.08050699187819835, 0.17191209206643354], [0.13761025240330096, 0.3338094297287194, 0.12714618268288627, 0.40143413518509347], [0.22375479679120935, 0.14503972776647536, 0.08120644733822811, 0.5499990281040873], [0.23895869330980604, 0.2229944125077313, 0.23845589309349435, 0.2995910010889684], [0.3720947197612492, 0.3460901165082195, 0.07799160277587756, 0.2038235609546537], [0.14450825883256446, 0.2230838276799929, 0.38990164866021076, 0.2425062648272318], [0.30430339174326276, 0.2122147180707347, 0.17955385625137874, 0.30392803393462386], [0.13062201542079202, 0.4703495587272203, 0.0752905918382275, 0.32373783401376033], [0.30948543090815167, 0.22701761468445153, 0.1928986349363967, 0.2705983194710003], [0.2504614614056113, 0.2691707522452435, 0.1752244956516351, 0.30514329069751006], [0.14960429043699883, 0.23532432250657515, 0.27273777625564505, 0.342333610800781], [0.21898425926103995, 0.37468338178109234, 0.14555492347577806, 0.2607774354820898], [0.17456604240921053, 0.15359153328368735, 0.24187319570416135, 0.42996922860294073], [0.12898738776497182, 0.46032067650788955, 0.0854754347515718, 0.325216500975567]]}}