{"test": {"ids": ["111121351", "107120130", "112116900", "106117650", "111115620", "109117110", "97105760", "110115710", "104113240", "113119450", "112116800", "105110251", "108117360", "97112830", "99105921", "111121410", "107113180", "110121140", "112118810", "108118810", "110117080", "103113260", "108121190", "112120640", "109121351", "112120290", "106116850", "111114321", "111115780", "105113190", "112118880", "99111930", "106118820", "110115890", "109114720", "106118161", "112120630", "97107821", "98106680", "99112531", "110117110", "101111990", "113117630", "106114280", "109118820", "112117210", "99120010", "113121410", "110114610", "108114200", "98108520", "113121010", "102110500", "108116070", "100108990", "100116790", "98112580", "110120700", "107117010", "110118111", "101108370", "102121440", "105113440", "107118820", "99108310", "106113830", "99107500", "99111000", "104112201", "111117120", "97107681", "103109021", "98108580", "108119330", "97113900", "100117420", "103111480", "99111440", "109116750", "97110950", "111116010", "110117200", "113120591", "109116930", "108119510", "103110220", "103109791", "113119930", "112118471", "108115870", "109117431", "113118630", "109116810", "107116340", "99111620", "111119930", "106116120", "104116800", "106114880", "100107920", "111116990", "103110760", "104116441", "98109090", "99107630", "100110260", "105115570", "102112170", "113121950", "109117271", "110118880", "103111990", "112117461", "107114110", "104118340", "107119390", "113119700", "108116481", "105116090", "99109860", "102109010", "109119010", "99113260", "98107010", "113119300", "108114270", "101114020", "113121810", "103111540", "111119610", "98107340", "102112030", "112119950", "100112060", "99121440", "99110050", "104111620", "106117770", "103113210", "100120010", "107113200", "99112641"], "labels": [0, 2, 3, 1, 1, 1, 0, 2, 2, 3, 0, 0, 1, 2, 1, 0, 3, 3, 3, 1, 1, 3, 1, 0, 0, 1, 3, 1, 1, 3, 1, 1, 3, 2, 0, 3, 3, 2, 1, 3, 0, 2, 0, 3, 3, 1, 2, 0, 1, 0, 2, 2, 3, 1, 2, 2, 2, 2, 1, 1, 1, 2, 0, 3, 2, 1, 0, 2, 0, 2, 3, 0, 0, 0, 2, 2, 0, 3, 0, 3, 1, 3, 0, 0, 1, 2, 3, 1, 1, 3, 1, 3, 3, 3, 3, 1, 1, 1, 0, 0, 0, 1, 1, 1, 2, 3, 0, 3, 3, 0, 0, 2, 0, 1, 2, 2, 0, 0, 1, 2, 1, 3, 0, 3, 1, 3, 3, 2, 1, 2, 0, 2, 0, 2, 2, 3, 0, 0, 3, 0, 0, 1], "predicted_labels": [0, 1, 3, 1, 3, 3, 3, 1, 1, 0, 1, 3, 3, 3, 1, 3, 1, 1, 3, 3, 3, 3, 1, 1, 1, 2, 3, 1, 1, 0, 3, 1, 3, 3, 1, 1, 1, 1, 1, 3, 1, 3, 1, 3, 3, 1, 1, 3, 1, 0, 1, 1, 0, 3, 3, 1, 1, 1, 3, 3, 0, 1, 1, 1, 1, 3, 3, 1, 1, 3, 3, 3, 1, 1, 1, 1, 3, 3, 1, 3, 3, 3, 3, 3, 1, 3, 3, 1, 3, 3, 1, 3, 1, 1, 1, 0, 3, 1, 1, 3, 0, 1, 3, 1, 3, 0, 3, 0, 3, 3, 1, 1, 3, 3, 1, 3, 1, 1, 3, 1, 1, 3, 1, 3, 3, 3, 3, 1, 3, 1, 2, 3, 3, 1, 1, 1, 0, 3, 1, 1, 3, 1], "confidence_scores": [[0.2701357142857145, 0.2473860583860585, 0.21692635697635695, 0.26555187035187044], [0.24228602508602523, 0.32547756132756134, 0.20858513153513153, 0.22365128205128226], [0.2541234487734487, 0.2717420634920636, 0.1772423520923521, 0.2968921356421356], [0.22933308162425822, 0.2962866688866692, 0.19220119880119885, 0.2821790506878743], [0.23742323232323248, 0.26732882395382385, 0.1852889971139973, 0.3099589466089466], [0.2178541430791431, 0.25867469752469757, 0.19399971417471423, 0.3294714452214453], [0.22775849150849162, 0.25850087967587965, 0.21716544011544026, 0.29657518870018884], [0.21490405150405162, 0.32860836940836935, 0.20454598734598733, 0.25194159174159186], [0.23203751803751804, 0.3761652236652236, 0.18170093795093803, 0.2100963203463204], [0.2924693509105272, 0.2798670845494376, 0.16509856809856807, 0.26256499644146714], [0.20748594183594193, 0.3072037185037186, 0.1823792429792431, 0.3029310966810966], [0.23449075646575646, 0.2837996753246754, 0.18304326784326796, 0.2986663003663003], [0.15914076479076486, 0.25936803751803744, 0.25153968253968256, 0.32995151515151516], [0.2385901875901877, 0.25977614052614073, 0.20969286269286272, 0.2919408091908092], [0.2677914973914976, 0.27627417027417006, 0.1939533910533912, 0.26198094128094135], [0.2571374902874903, 0.27448578643578647, 0.17027321012321017, 0.29810351315351324], [0.2431334815511287, 0.328414250455427, 0.20001510711510714, 0.22843716087833743], [0.26170319680319687, 0.3099989177489178, 0.17486328116328118, 0.25343460428460435], [0.22009365634365632, 0.3114399877899879, 0.15358501498501503, 0.31488134088134073], [0.22845735375735385, 0.28300024975024973, 0.14666170496170503, 0.34188069153069145], [0.2119174603174603, 0.31257359307359317, 0.14784131424131433, 0.32766763236763236], [0.19854708069708077, 0.28520067710067704, 0.21372020757020757, 0.30253203463203465], [0.24613482073482082, 0.3057641636141636, 0.18973984348984352, 0.25836117216117216], [0.25275092130092136, 0.2584305722055722, 0.24951184926184933, 0.23930665723165728], [0.2358350538350538, 0.31591867772750115, 0.1655399636311402, 0.2827063048063048], [0.2552678060501591, 0.24172308802308815, 0.2707822177822179, 0.23222688814453538], [0.22487963702963706, 0.2615039543789546, 0.2300483877233878, 0.2835680208680211], [0.20681104451104465, 0.31793813408813404, 0.19480942113442118, 0.28044140026640035], [0.2300796481296482, 0.2929702575202575, 0.1974476245976247, 0.27950246975247], [0.331509829059829, 0.25598620268620276, 0.16048643578643595, 0.2520175324675325], [0.21568710733710741, 0.2600086913086913, 0.23684148629148635, 0.2874627150627149], [0.20065629925629938, 0.3299877991289754, 0.22297315854080574, 0.24638274307391964], [0.21725244755244758, 0.3036889776889776, 0.14458027528027534, 0.3344782994782995], [0.18220093729799625, 0.2929390803640805, 0.1915156710936123, 0.33334431124431124], [0.20577204184704184, 0.2919789765789767, 0.22290462592962607, 0.2793443556443557], [0.23772651237651238, 0.3148113894275657, 0.1797600105776577, 0.2677020876182643], [0.22425425130425133, 0.3170291541791543, 0.15258867243867255, 0.306127922077922], [0.25378365719248086, 0.31154712868830514, 0.17650819735819734, 0.2581610167610168], [0.16854716672216677, 0.3759064721226488, 0.23174289436054146, 0.22380346679464336], [0.22923251748251747, 0.28298744588744595, 0.19093686868686877, 0.29684316794316806], [0.21394444444444452, 0.3162901875901877, 0.20658540348540352, 0.2631799644799646], [0.22762267454767451, 0.2527295676545677, 0.19409052059052065, 0.3255572372072371], [0.1984612054612056, 0.31034514374514366, 0.2034424242424244, 0.2877512265512266], [0.2601479242979243, 0.220666330891331, 0.1805120601620602, 0.3386736846486846], [0.20106941555176855, 0.26312441398470826, 0.24441691641691646, 0.2913892540466068], [0.23895052170052183, 0.3166872294372296, 0.19466849816849824, 0.24969375069375088], [0.2378833832833833, 0.30381447441447446, 0.21208584748584752, 0.24621629481629498], [0.24778475413475423, 0.24619095904095903, 0.1170016816516817, 0.3890226051726051], [0.23160538905538905, 0.3031645965145967, 0.22017337662337663, 0.24505663780663786], [0.28965003607503614, 0.2627910680822446, 0.1808309551559552, 0.2667279406867645], [0.23816084193584194, 0.3396813131313131, 0.15069347041847048, 0.27146437451437455], [0.2238602358425887, 0.3104996562261268, 0.1582266955266956, 0.3074134124045889], [0.2978536075036076, 0.2430053890553891, 0.19358569208569212, 0.2655553113553114], [0.22110737595737598, 0.26531783494283495, 0.2043437673437674, 0.30923102175602174], [0.2269572094572095, 0.25857566877566873, 0.21420692640692646, 0.3002601953601955], [0.2262516594516596, 0.29488188478188493, 0.2177348817848818, 0.26113157398157405], [0.21152830780330792, 0.3331016705516704, 0.1979252192252193, 0.25744480241980244], [0.22735722545428436, 0.3339970640470638, 0.18766242156536278, 0.2509832889332891], [0.20440219225219225, 0.2330479076479076, 0.22133025308025314, 0.34121964701964685], [0.25316284548784557, 0.2621195748695749, 0.17515485902985908, 0.30956272061272094], [0.293605022755023, 0.2491926018426018, 0.18996911976911984, 0.26723325563325556], [0.21621281496281505, 0.3196317016317014, 0.176394227994228, 0.2877612554112554], [0.24269848484848494, 0.27722080697080703, 0.2273808524808525, 0.2526998556998558], [0.2424913641913643, 0.3158960594960593, 0.14082599622599626, 0.3007865800865801], [0.2684018517430283, 0.27182173986144575, 0.19577459762459767, 0.2640018107709285], [0.22103311688311691, 0.2571675546675548, 0.1838780885780886, 0.33792123987123973], [0.1894356460532931, 0.2872185350597117, 0.23269512709512719, 0.2906506917918683], [0.20056159396159404, 0.32336768231768237, 0.2316675546675547, 0.2444031690531692], [0.2563105061605064, 0.27275367965367975, 0.2009367465867467, 0.26999906759906767], [0.21224125874125896, 0.3129471361971361, 0.15216803474303484, 0.3226435703185703], [0.19628258408258412, 0.23098056943056955, 0.22896656676656693, 0.34377027972027985], [0.2539989177489176, 0.27655892440892443, 0.150141638916639, 0.31930051892551886], [0.25092561327561347, 0.3165199855699855, 0.1875632034632036, 0.24499119769119768], [0.2722744533244534, 0.2750007104007104, 0.21653938283938287, 0.23618545343545355], [0.25087379009879024, 0.29290717615717615, 0.22656921966921975, 0.22964981407481427], [0.19244033825651488, 0.2920389321462852, 0.24603781773781783, 0.26948291185938233], [0.24041525419025422, 0.24984116994117006, 0.20960258352758362, 0.3001409923409925], [0.22890597735597737, 0.2649404262404264, 0.20044787434787445, 0.305705722055722], [0.24701132756132757, 0.3346911255411254, 0.17734447219447227, 0.24095307470307492], [0.2608294871794872, 0.2643937007437009, 0.20391522366522366, 0.2708615884115886], [0.19537719780219795, 0.29363614718614717, 0.20915534743034758, 0.3018313075813076], [0.23231921966921962, 0.29283654401154413, 0.1693302114552115, 0.3055140248640249], [0.2791168997668997, 0.249296214896215, 0.16758159063159067, 0.30400529470529475], [0.2558008991008992, 0.24119677544677554, 0.24531447310859084, 0.25768785234373487], [0.2495992951492952, 0.27411882006882027, 0.23412197802197807, 0.24215990675990687], [0.19783677433677438, 0.2707259240759241, 0.23643257298257306, 0.2950047286047285], [0.23853710733710742, 0.2726249139749139, 0.20115284715284718, 0.28768513153513153], [0.24361615329115327, 0.31195155400155405, 0.1577001470751471, 0.28673214563214566], [0.2812892052392053, 0.2733442945942947, 0.16090269730269735, 0.2844638028638029], [0.2383607531357532, 0.27620494505494514, 0.17808884726384733, 0.3073454545454544], [0.2188606393606394, 0.30298440056675374, 0.194518697968698, 0.28363626210390924], [0.23750504495504499, 0.28240865800865805, 0.16730431235431248, 0.3127819846819847], [0.2625797202797203, 0.33469284049284026, 0.16465541680541684, 0.2380720224220226], [0.24030165945165938, 0.3000498112998115, 0.1893843156843158, 0.27026421356421365], [0.20419428349428348, 0.37562390387390393, 0.1838905705405706, 0.23629124209124222], [0.29141929181929194, 0.26490047730047744, 0.1985159840159841, 0.24516424686424704], [0.2658443722943723, 0.27272734487734485, 0.18116406926406922, 0.28026421356421355], [0.19165704295704308, 0.30711330336330334, 0.20247711455211465, 0.29875253912753896], [0.23055804750804765, 0.3417979686979688, 0.19650541680541683, 0.23113856698856708], [0.22788975468975475, 0.2584463425463425, 0.1758227411477413, 0.3378411616161618], [0.32738837273837257, 0.23340492840492846, 0.15601773226773236, 0.2831889665889666], [0.2704740675990676, 0.30177932067932056, 0.18400721500721517, 0.24373939671439684], [0.23664939504939514, 0.2508842157842158, 0.1753160617160618, 0.33715032745032764], [0.23757757405992702, 0.3063754062930534, 0.21943324290089006, 0.23661377674612966], [0.28821737706737705, 0.2241613553113553, 0.18885239205239204, 0.2987688755688757], [0.2976818736818738, 0.23213170163170174, 0.19491875346875348, 0.27526767121767143], [0.2160933583959901, 0.2602446349831799, 0.24094285714285724, 0.28271914947797305], [0.35300153735153716, 0.2083352813852815, 0.19110064935064938, 0.2475625319125319], [0.22270240315240325, 0.2615672882672884, 0.2177706182706184, 0.29795969030969033], [0.2194820679320679, 0.2564376567876569, 0.16705712065712072, 0.3570231546231547], [0.2617270246093777, 0.30967276644923725, 0.14610305250305256, 0.2824971564383329], [0.25803835608835624, 0.2806536202359732, 0.18370593132357846, 0.27760209235209243], [0.23428699470464193, 0.2548449503111268, 0.1361161227661228, 0.37475193221810865], [0.1829410478410479, 0.24247200577200584, 0.1964362470862471, 0.3781506993006992], [0.1805430153180152, 0.36556392496392504, 0.17414371461871472, 0.2797493450993452], [0.1986321872571875, 0.26717322677322675, 0.2505778749028751, 0.2836167110667111], [0.22212219447219445, 0.37358937173937146, 0.1514837995337996, 0.2528046342546344], [0.27589230769230766, 0.30956685340802975, 0.14878436987848764, 0.26575646902117517], [0.2538126762126763, 0.26290355755355765, 0.21334610389610395, 0.2699376623376624], [0.20960233655233673, 0.35478262293262297, 0.1925354756354757, 0.24307956487956514], [0.2257732767232767, 0.3560570623820625, 0.1729868548118548, 0.24518280608280613], [0.21012370962370983, 0.249872188922189, 0.20322134532134528, 0.33678275613275604], [0.26074437229437236, 0.28229191919191915, 0.1986365856365858, 0.258327122877123], [0.23174769119769115, 0.25813181818181835, 0.1899712898212898, 0.3201492007992006], [0.27158470418470426, 0.25924629259629256, 0.15221761571761566, 0.31695138750138746], [0.25523142968142964, 0.2491142635142636, 0.1300789599289599, 0.36557534687534665], [0.21842222222222227, 0.2812553391053393, 0.20763823953823968, 0.2926841991341992], [0.18684155289155296, 0.3503357198357198, 0.222079415029415, 0.24074331224331239], [0.19774486069486075, 0.2849929292929293, 0.196022077922078, 0.32124013209013197], [0.19481216006216018, 0.3404403318903319, 0.21388392163392167, 0.25086358641358647], [0.22070384615384617, 0.22157945387945388, 0.28141436341436343, 0.27630233655233655], [0.21486751581751587, 0.2766601731601731, 0.20006330336330352, 0.3084090076590078], [0.2930396547896549, 0.21733712953712972, 0.14515786435786437, 0.3444653513153513], [0.23659668664668676, 0.2842647519147521, 0.21161795426795443, 0.2675206071706072], [0.2172274531024531, 0.35591797173414813, 0.1925798573975044, 0.2342747177658943], [0.1649976412476413, 0.32418013098013104, 0.23669977799977807, 0.2741224497724498], [0.309298112998113, 0.24942433122433127, 0.17204072039072052, 0.26923683538683546], [0.2164211713123479, 0.2684331668331668, 0.19886170496170513, 0.3162839568927805], [0.2674656565656566, 0.2975648795648796, 0.17773043068043073, 0.2572390331890333], [0.2266316960816962, 0.2890082306582306, 0.22915992895992893, 0.25520014430014437], [0.24001807636807643, 0.24886533466533478, 0.1891637307137308, 0.32195285825285835], [0.26623635808635815, 0.27198381063381083, 0.19225109057609074, 0.2695287407037408]]}, "rewritten": {"ids": ["97105760", "97107681", "97107821", "97110950", "97112830", "97113900", "98106680", "98107010", "98107340", "98108520", "98108580", "98109090", "98112580", "99105921", "99107500", "99107630", "99108310", "99109860", "99110050", "99111000", "99111440", "99111620", "99111930", "99112531", "99112641", "99113260", "99120010", "99121440", "100107920", "100108990", "100110260", "100112060", "100116790", "100117420", "100120010", "101108370", "101111990", "101114020", "102109010", "102110500", "102112030", "102112170", "102121440", "103109021", "103109791", "103110220", "103110760", "103111480", "103111540", "103111990", "103113210", "103113260", "104111620", "104112201", "104113240", "104116441", "104116800", "104118340", "105110251", "105113190", "105113440", "105115570", "105116090", "106113830", "106114280", "106114880", "106116120", "106116850", "106117650", "106117770", "106118161", "106118820", "107113180", "107113200", "107114110", "107116340", "107117010", "107118820", "107119390", "107120130", "108114200", "108114270", "108115870", "108116070", "108116481", "108117360", "108118810", "108119330", "108119510", "108121190", "109114720", "109116750", "109116810", "109116930", "109117110", "109117271", "109117431", "109118820", "109119010", "109121351", "110114610", "110115710", "110115890", "110117080", "110117110", "110117200", "110118111", "110118880", "110120700", "110121140", "111114321", "111115620", "111115780", "111116010", "111116990", "111117120", "111119610", "111119930", "111121351", "111121410", "112116800", "112116900", "112117210", "112117461", "112118471", "112118810", "112118880", "112119950", "112120290", "112120630", "112120640", "113117630", "113118630", "113119300", "113119450", "113119700", "113119930", "113120591", "113121010", "113121410", "113121810", "113121950"], "labels": [0, 3, 2, 3, 2, 2, 1, 3, 0, 2, 0, 1, 2, 1, 0, 2, 2, 2, 3, 2, 3, 3, 1, 3, 1, 0, 2, 2, 0, 2, 3, 2, 2, 2, 0, 1, 2, 3, 1, 3, 2, 3, 2, 0, 3, 2, 1, 0, 1, 2, 3, 3, 0, 0, 2, 1, 1, 2, 0, 3, 0, 0, 1, 1, 3, 0, 1, 3, 1, 0, 3, 3, 3, 0, 1, 3, 1, 3, 2, 2, 0, 3, 3, 1, 0, 1, 1, 0, 1, 1, 0, 0, 3, 0, 1, 0, 1, 3, 3, 0, 1, 2, 2, 1, 0, 3, 1, 0, 2, 3, 1, 1, 1, 1, 0, 2, 2, 1, 0, 0, 0, 3, 1, 0, 1, 3, 1, 0, 1, 3, 0, 0, 3, 1, 3, 0, 1, 0, 2, 0, 2, 3], "predicted_labels": [3, 3, 1, 3, 3, 1, 1, 3, 3, 1, 1, 3, 1, 3, 1, 0, 1, 1, 1, 1, 3, 1, 1, 3, 1, 3, 1, 1, 3, 1, 0, 1, 1, 3, 1, 0, 3, 3, 1, 3, 1, 0, 3, 3, 1, 3, 3, 3, 1, 1, 3, 3, 0, 0, 1, 3, 3, 1, 1, 0, 3, 0, 1, 3, 3, 1, 3, 3, 3, 3, 1, 3, 1, 3, 3, 1, 3, 1, 1, 1, 0, 3, 3, 1, 0, 3, 3, 0, 0, 1, 3, 1, 1, 3, 3, 3, 1, 3, 3, 1, 1, 3, 3, 3, 1, 1, 3, 3, 1, 1, 1, 3, 1, 1, 0, 3, 1, 1, 3, 1, 1, 1, 3, 3, 3, 1, 1, 3, 1, 3, 1, 1, 1, 3, 3, 1, 1, 0, 1, 3, 1, 3], "confidence_scores": [[0.21583528138528152, 0.26735840548340556, 0.2323570346320346, 0.2844492784992787], [0.23482176157176152, 0.21587917637917653, 0.23005224220224219, 0.31924681984681985], [0.2626430957930959, 0.2907004856254857, 0.178148556998557, 0.26850786158286166], [0.25295280275280285, 0.24863534243534258, 0.2092542346542346, 0.28915762015762014], [0.25709973359973354, 0.25161787101787114, 0.22871041181041196, 0.2625719835719837], [0.25912445332445333, 0.28020923520923513, 0.1827166500166501, 0.27794966144966166], [0.21098227050727056, 0.3288454462204462, 0.23948845043845063, 0.22068383283383292], [0.23464667554667537, 0.2543112776112777, 0.18204521589521586, 0.32899683094683085], [0.2541961538461539, 0.23396825396825385, 0.23806096681096686, 0.27377462537462544], [0.26564840992340993, 0.2996443167943167, 0.14159583194583197, 0.2931114413364415], [0.24210620490620505, 0.29872012987012975, 0.17437835497835508, 0.28479531024531], [0.22178588633588653, 0.2804130452880453, 0.20055541958041959, 0.29724564879564885], [0.1943243450993451, 0.3566630896880895, 0.19796920856920858, 0.25104335664335675], [0.27173853368853396, 0.26847695082695094, 0.1749690864690867, 0.28481542901542906], [0.1901816017316019, 0.3092576978576979, 0.2103173770673771, 0.2902433233433236], [0.2868620102120102, 0.23238446553446562, 0.19810281940281946, 0.28265070485070504], [0.2709899711399711, 0.2743215495289026, 0.1875818237318239, 0.26710665559930263], [0.239362037962038, 0.3042441946941947, 0.21485722055722067, 0.2415365467865469], [0.1960630092130092, 0.30310707070707077, 0.23649882339882342, 0.2643310966810969], [0.1974646131646132, 0.31725813075813103, 0.2674668720168721, 0.21781038406038436], [0.2088559884559884, 0.26922104562104576, 0.20427243867243886, 0.3176505272505272], [0.2157224997224998, 0.31135310800310817, 0.16285213120213124, 0.3100722610722612], [0.21721657231657232, 0.32396788766788776, 0.19953108003108022, 0.2592844599844601], [0.22873548118548123, 0.2677176490176491, 0.16353848928848924, 0.34000838050838056], [0.2400130591630593, 0.29303436563436563, 0.20704678654678663, 0.25990578865578856], [0.2579212842712843, 0.269909817959818, 0.19822960372960383, 0.27393929403929423], [0.2423679431679432, 0.2943528582528583, 0.22146138861138862, 0.24181780996781013], [0.2034681096681097, 0.3773288961038959, 0.17382658730158734, 0.24537640692640697], [0.23773176823176836, 0.27088939393939393, 0.17536066156066155, 0.31601817626817635], [0.2362441114441115, 0.2893768953268954, 0.2082585581085581, 0.2661204351204351], [0.32742929847929836, 0.22086313131313146, 0.1675097624597624, 0.28419780774780784], [0.22000414389532041, 0.29407776831012156, 0.21977483072483078, 0.26614325706972775], [0.21635147075147088, 0.320332944832945, 0.17647231657231668, 0.2868432678432678], [0.19840458430458444, 0.26993862052979706, 0.232560882255, 0.29909591291061877], [0.2320191641691643, 0.26597908757908784, 0.2521188533688533, 0.24988289488289486], [0.32513854478854465, 0.2804607503607503, 0.12418003663003661, 0.2702206682206682], [0.2516329170829172, 0.25292558193440545, 0.19279080919080926, 0.30265069179186826], [0.2593972305472307, 0.2615663059163061, 0.21190715395715404, 0.2671293095793096], [0.26060447330447334, 0.31624071484071486, 0.14946718836718845, 0.2736876234876235], [0.2841974997224995, 0.22487119547119552, 0.14784145021645026, 0.34308985458985464], [0.20095788100788115, 0.3175944000444002, 0.22710753968253986, 0.2543401792651793], [0.3417033577533577, 0.20409569678687328, 0.18247218614718616, 0.2717287593125829], [0.24802907092907103, 0.2867792929292929, 0.16062856587856597, 0.30456307026307017], [0.27932445887445895, 0.26170911310911316, 0.14144422799422807, 0.3175222000221999], [0.22741910866910878, 0.2969893495393494, 0.2107716838716839, 0.264819857919858], [0.21250800865800873, 0.2443107725607727, 0.24001549006549014, 0.30316572871572867], [0.2792157481407482, 0.2732490620490622, 0.16684645909645923, 0.28068873071373074], [0.26812270784770775, 0.2416234432234432, 0.1912922660672661, 0.29896158286158286], [0.21140628815628823, 0.29122881007881, 0.20834030969030976, 0.28902459207459213], [0.2357390054390055, 0.285210828060828, 0.20193968253968264, 0.277110483960484], [0.24392134891252534, 0.2708381673881673, 0.19980021645021648, 0.28544026724909083], [0.22332060717060723, 0.2720946755858521, 0.19088366633366632, 0.3137010509098745], [0.3224696081696082, 0.23420816960816965, 0.16897071262071267, 0.27435150960150967], [0.3005136918636919, 0.2620546176046178, 0.1504417915417916, 0.2869898989898989], [0.20615743145743154, 0.38191320346320334, 0.19405779220779218, 0.21787157287157294], [0.2627452713952713, 0.2864668331668332, 0.1323726717726718, 0.31841522366522373], [0.2416278221778222, 0.2718361971361971, 0.19503805083805084, 0.2914979298479298], [0.21159603174603173, 0.3029274170274169, 0.1880217393717394, 0.297454811854812], [0.25036298978799, 0.2733909321071087, 0.20311215875627647, 0.2731339193486252], [0.3572114829614832, 0.2254058497058497, 0.15177170607170612, 0.26561096126096123], [0.26863525918525916, 0.2527529304029305, 0.20664821844821857, 0.27196359196359227], [0.28668655233655244, 0.2297556277056278, 0.21730106560106552, 0.2662567543567544], [0.23847113997114, 0.3054603174603174, 0.1792241314241315, 0.2768444111444113], [0.2335293484293485, 0.24632402042402055, 0.18573439893439891, 0.33441223221223215], [0.24542491952491952, 0.23120088245088266, 0.1763763181263182, 0.3469978798978799], [0.269463752913753, 0.31305414030414025, 0.19421423576423577, 0.22326787101787113], [0.24426733821733831, 0.28254566544566545, 0.1807862803862804, 0.2924007159507161], [0.2214900266400267, 0.25272235264735277, 0.2237668525918527, 0.302020768120768], [0.2240549506049507, 0.2609515817515819, 0.19364402264402275, 0.321349444999445], [0.24209850508968161, 0.24854580142080146, 0.20250927128427137, 0.30684642220524566], [0.2557873792873792, 0.2869866855366855, 0.1803513014763015, 0.27687463369963405], [0.22162019092019095, 0.2863020479520479, 0.14852924020424027, 0.3435485209235209], [0.26029961704961707, 0.319202763902764, 0.22972227217227223, 0.19077534687534686], [0.26108159618159626, 0.2678303418803419, 0.17372717282717293, 0.2973608891108893], [0.1978024253524254, 0.23461363636363644, 0.1971574647574648, 0.3704264735264737], [0.24707875735375717, 0.29684640082140096, 0.1807920274170275, 0.2752828144078145], [0.19296801254301255, 0.2409179154179155, 0.2579872155622156, 0.30812685647685656], [0.24043167388167383, 0.29468528138528155, 0.1773956931956933, 0.2874873515373515], [0.2668910034410035, 0.2701317904317906, 0.24163997668997683, 0.22133722943722953], [0.21015772560772558, 0.33064003774003775, 0.19427524697524703, 0.26492698967698974], [0.30692404817404834, 0.2522693362193364, 0.18220156510156518, 0.25860505050505056], [0.2594847263847266, 0.25655620490620507, 0.11591900321900325, 0.36804006549006535], [0.2438214590964593, 0.23716268176268188, 0.17515198412698418, 0.3438638750138749], [0.24585148185148203, 0.28724104784104787, 0.18925452880452892, 0.27765294150294156], [0.3291084693084693, 0.2751930660842426, 0.14352593909358632, 0.252172525513702], [0.18288291153291159, 0.23739617049617062, 0.24303703518703518, 0.3366838827838827], [0.25379862359862365, 0.27321710119945425, 0.14976288548053265, 0.3232213897213897], [0.287110037185037, 0.2545147186147187, 0.21784152236652246, 0.24053372183372193], [0.28735007770007776, 0.2609707292707294, 0.19294302364302365, 0.25873616938616956], [0.24786940836940838, 0.28669573204573207, 0.18743887778887788, 0.2779959817959818], [0.21206477133977134, 0.2575516761016764, 0.22173958933223645, 0.3086439632263164], [0.24820747585747596, 0.3133304251304252, 0.20476479076479093, 0.2336973082473083], [0.23837892662892674, 0.32339116994117006, 0.17902573537573552, 0.25920416805416824], [0.2553796148296149, 0.25442080142080153, 0.22136850926850932, 0.26883107448107463], [0.19977580752580748, 0.26859979187479194, 0.19151794871794878, 0.34010645188145205], [0.21636592851592856, 0.2706911430073196, 0.16117678432678428, 0.3517661441499676], [0.22397045454545472, 0.2961267538017538, 0.19505779220779232, 0.2848449994449995], [0.20948909032144333, 0.2626389336154043, 0.23072124819624823, 0.2971507278669044], [0.2180610722610723, 0.2522756576756577, 0.23548103563103573, 0.2941822344322344], [0.2479645021645022, 0.3150835719835721, 0.13869327616827612, 0.29825864968364985], [0.21754869574869584, 0.27881006771006794, 0.24946254856254868, 0.25417868797868803], [0.22534044289044297, 0.2581216339216341, 0.20617748917748926, 0.310360434010434], [0.19214591519591534, 0.3002840159840161, 0.18762350264114974, 0.3199465661789192], [0.198190836940837, 0.28833391053391055, 0.17949632034632038, 0.3339789321789321], [0.24811067821067825, 0.2900935064935065, 0.21135613275613285, 0.25043968253968263], [0.2419232556659028, 0.31071393133010794, 0.1824427017427017, 0.2649201112612877], [0.28709739427239395, 0.24526325896325898, 0.16345898268398276, 0.30418036408036403], [0.24683951048951058, 0.2880058996558998, 0.15979490509490518, 0.3053596847596848], [0.23719914464620354, 0.3353782328782329, 0.18560759306053431, 0.24181502941502953], [0.27030683205683204, 0.29499831279831285, 0.17463944943944956, 0.2600554057054057], [0.20587038239538244, 0.3060763125763127, 0.2119254329004329, 0.2761278721278722], [0.24845959595959602, 0.2753901154401155, 0.18218831168831182, 0.2939619769119769], [0.24982127317127328, 0.29228808413808394, 0.17785827505827517, 0.2800323676323678], [0.22165593573093573, 0.29035863580863575, 0.21144343434343438, 0.2765419941169942], [0.33681088911088924, 0.20299978354978374, 0.16427044067044083, 0.2959188866688865], [0.22921595626595634, 0.30352491397491405, 0.15353342490842506, 0.3137257048507047], [0.18124498556998567, 0.31811825396825405, 0.23267103174603176, 0.26796572871572893], [0.26397799422799434, 0.2847191697191697, 0.19257835497835502, 0.25872448107448126], [0.24151733821733834, 0.2658364282776048, 0.20962969252969252, 0.2830165409753646], [0.2510075979575979, 0.28409045399045396, 0.1852757353757354, 0.27962621267621307], [0.2415615733939265, 0.29332849927849924, 0.1971714618714619, 0.2679384654561126], [0.25042224442224453, 0.2989978077478079, 0.15615502275502283, 0.29442492507492524], [0.2518981962481963, 0.271438988788989, 0.20341736041736044, 0.2732454545454548], [0.2796359668109668, 0.2332412337662338, 0.16003279220779218, 0.3270900072150072], [0.2559779331779332, 0.2723419025419027, 0.14992176712176716, 0.3217583971583972], [0.2558894660894662, 0.30200800865800886, 0.14074915084915088, 0.3013533744033744], [0.2159007714507716, 0.28944869019869035, 0.22282634587634598, 0.2718241924741924], [0.2905127566877565, 0.23408950771450784, 0.16593141580641588, 0.30946631979131983], [0.27018920687155984, 0.27991000111000125, 0.2562346486846488, 0.1936661433337906], [0.23964754134754135, 0.275064124764125, 0.17911922521922533, 0.3061691086691086], [0.24197261072261084, 0.27884973914973926, 0.2320290931290932, 0.24714855699855715], [0.21673729603729616, 0.3095870185370184, 0.18394889554889557, 0.28972678987679], [0.2502880619380619, 0.2973736430236431, 0.16328880563880577, 0.2890494893994895], [0.2608168553668553, 0.2730648573648573, 0.1511288100788101, 0.3149894771894773], [0.2925645243645243, 0.23489232989233, 0.148024963924964, 0.32451818181818193], [0.24042390387390397, 0.34661862581862574, 0.14416163836163845, 0.2687958319458321], [0.2592069874569875, 0.3443911588411589, 0.12497881562881569, 0.271423038073038], [0.31379715007215, 0.2660995310245312, 0.11219420579420582, 0.3079091131091132], [0.21791522921522916, 0.29847514430014427, 0.18866255411255417, 0.2949470723720725], [0.2608979714729716, 0.24423538961038962, 0.1344797258297258, 0.36038691308691323], [0.20659854034854047, 0.32242142302142296, 0.2228819541569542, 0.24809808247308257], [0.2492977217227218, 0.24123813963813967, 0.21588429625929634, 0.2935798423798423]]}}