{"test": {"ids": ["104113380", "113120070", "104109311", "108121190", "99111000", "101111310", "106121220", "109121351", "104112201", "106114011", "109114270", "113122150", "111119290", "106117790", "110114651", "108119330", "107119390", "98112170", "100109330", "106120290", "110118450", "109118820", "104117630", "103117200", "101110150", "108121351", "99108000", "108115070", "113117630", "110118701", "99108460", "110119030", "103120730", "107114321", "112116900", "112121030", "109114220", "99107500", "111119610", "103120290", "100109890", "107121540", "103110760", "103110050", "108120700", "106116441", "101115190", "104118340", "101117580", "112119580", "103111110", "103111930", "100111270", "98107380", "99111340", "112116850", "112118820", "98106680", "112116810", "109120560", "110115980", "98110680", "97109570", "111121190", "110118810", "105116501", "109117271", "108114270", "109114651", "113121950", "104113190", "97116410", "97110950", "103111480", "108113760", "112120670", "103113101", "99107300", "112117431", "111119430", "113118690", "110121450", "113121190", "113117340", "113118231", "105116860", "99105921", "109120540", "100112060", "100108260", "105115380", "98108970", "106114321", "98121790", "108118630", "97113900", "98110230", "98111670", "97107260", "102110750", "112119950", "106121190", "97113260", "99108890", "113122220", "104117200", "97116790", "97107681", "99108010", "111118910", "112116990", "111120220", "106117650", "101110200", "113121980", "113120640", "110120531", "101119030", "99108310", "100117420", "110113931", "110115580", "100108490", "111119250", "110114610", "98116500", "112121351", "112119610", "99120010", "106116850", "107120880", "99113260", "111116100", "104111780", "112116800", "113121750", "103120531", "98108520", "108118520", "99109780", "112117780", "104114410"], "labels": [1, 2, 3, 1, 2, 3, 1, 0, 0, 1, 3, 2, 3, 1, 3, 0, 2, 3, 0, 2, 0, 3, 0, 0, 1, 3, 2, 1, 0, 3, 0, 0, 1, 0, 3, 0, 3, 0, 2, 2, 3, 2, 1, 3, 2, 0, 1, 2, 3, 3, 3, 3, 2, 1, 1, 0, 0, 1, 3, 1, 1, 2, 0, 1, 1, 1, 0, 3, 3, 3, 3, 3, 3, 0, 1, 2, 3, 3, 0, 3, 3, 3, 1, 2, 3, 2, 1, 1, 2, 3, 1, 3, 2, 2, 1, 2, 3, 1, 2, 1, 0, 2, 1, 0, 1, 3, 2, 3, 2, 0, 0, 3, 1, 2, 2, 0, 0, 3, 2, 2, 1, 1, 2, 1, 1, 2, 0, 0, 2, 3, 1, 0, 3, 3, 0, 0, 3, 2, 0, 2, 0, 1], "predicted_labels": [1, 0, 0, 0, 3, 0, 3, 1, 3, 1, 3, 1, 3, 3, 3, 1, 0, 3, 0, 0, 1, 1, 3, 0, 0, 3, 1, 1, 2, 2, 3, 3, 1, 3, 3, 3, 1, 1, 1, 1, 0, 3, 0, 1, 0, 1, 2, 1, 0, 3, 3, 1, 1, 1, 2, 3, 1, 1, 0, 2, 3, 2, 3, 0, 3, 0, 0, 3, 3, 3, 1, 1, 3, 0, 2, 1, 1, 1, 0, 1, 1, 3, 1, 1, 1, 1, 0, 0, 0, 0, 1, 1, 3, 1, 1, 1, 0, 0, 3, 1, 0, 2, 0, 3, 2, 1, 0, 3, 1, 3, 0, 0, 1, 1, 1, 0, 3, 3, 0, 2, 1, 0, 3, 1, 1, 1, 1, 1, 1, 1, 1, 2, 0, 3, 1, 1, 1, 1, 0, 1, 0, 1], "confidence_scores": [[0.12008535535170241, 0.46183474668295016, 0.16596065210298552, 0.25211924586236206], [0.5050510237980241, 0.19574954694286603, 0.15116407403732582, 0.148035355221784], [0.42263194278909944, 0.18250133652263145, 0.1328268388097936, 0.2620398818784756], [0.5084362073156385, 0.1623420630222274, 0.12432116902219925, 0.20490056063993495], [0.17071731596271122, 0.2787521987614845, 0.14266730463271732, 0.4078631806430871], [0.41458164335481884, 0.377496323479468, 0.10720471833796726, 0.10071731482774586], [0.11262424439365243, 0.25982880123984226, 0.05232474806308516, 0.57522220630342], [0.2692590630803155, 0.44750537532712614, 0.14224016775940615, 0.1409953938331522], [0.35655922136139356, 0.12482881441675661, 0.11315139453353627, 0.4054605696883136], [0.3163624712766027, 0.34806672616999185, 0.2338488076414769, 0.10172199491192833], [0.09808921574973507, 0.25314193537304763, 0.0943813716916393, 0.5543874771855779], [0.19365916643809475, 0.32551149140306024, 0.22485086850849156, 0.25597847365035353], [0.10490821727827046, 0.18660131225067206, 0.30924689061141164, 0.3992435798596459], [0.2851839249932854, 0.23620893801060686, 0.12267538126200977, 0.35593175573409813], [0.0674176806409125, 0.13011186887508466, 0.04090676382701981, 0.7615636866569832], [0.250295581116344, 0.2892254827073651, 0.20456580768843832, 0.2559131284878528], [0.3877670288776218, 0.1659344810419554, 0.29910279823356817, 0.1471956918468546], [0.23262599658519734, 0.3067508394444776, 0.14398216534896108, 0.3166409986213641], [0.5155479545636914, 0.25071625959455307, 0.08900700357096733, 0.14472878227078823], [0.331082542148226, 0.2823949446616933, 0.21946705084189594, 0.1670554623481847], [0.11326533946391362, 0.6646005969742274, 0.09902009818787687, 0.12311396537398232], [0.20591450561929292, 0.4333717420506232, 0.1582787828539642, 0.20243496947611972], [0.19013814385037997, 0.35509035224163754, 0.06439337504919793, 0.39037812885878465], [0.3475617919876668, 0.22600620151967518, 0.1205045287570926, 0.3059274777355655], [0.37240851359610344, 0.2757933773603718, 0.22088589927286353, 0.13091220977066134], [0.23859303142646632, 0.3303728612217779, 0.0873719000514694, 0.3436622073002864], [0.11027751562699055, 0.5713508753953336, 0.06919903790600489, 0.24917257107167098], [0.14646329731126373, 0.46232534445841406, 0.1973539699388491, 0.19385738829147312], [0.246902916424592, 0.1538764461511883, 0.4057852720084315, 0.19343536541578826], [0.09396875045471621, 0.34426973410891915, 0.3629676270380693, 0.19879388839829548], [0.2566567772634427, 0.23497506943816648, 0.08610487760946328, 0.4222632756889274], [0.19210873402802162, 0.2584033324577877, 0.12638670512718012, 0.42310122838701053], [0.28162126598366427, 0.35228492816316553, 0.09580092344419221, 0.2702928824089779], [0.16974366883028208, 0.32061174327611053, 0.0585681600547014, 0.451076427838906], [0.22478274339095636, 0.20804472948255154, 0.13058969434944037, 0.43658283277705195], [0.28272270671640143, 0.27187513003066405, 0.15948434137821907, 0.2859178218747155], [0.1298879299394711, 0.418106019897839, 0.1607388123991299, 0.29126723776356], [0.22034878554680296, 0.5105036637977829, 0.11309397568845629, 0.15605357496695782], [0.1430604710768841, 0.5580565461988958, 0.14408068612626446, 0.15480229659795566], [0.14957732978084873, 0.49055982319526503, 0.19556752027362254, 0.16429532675026387], [0.33443167976850374, 0.29568565241166384, 0.14685395656668251, 0.22302871125315], [0.262592458394563, 0.30163303746227393, 0.12078209754944529, 0.3149924065937178], [0.34704166490979793, 0.20373911279108914, 0.1764720062735744, 0.27274721602553853], [0.13200201231148484, 0.6638901911438251, 0.10080760433039741, 0.1033001922142926], [0.5146082227105047, 0.15980938111366766, 0.10692673242183147, 0.21865566375399612], [0.10049414143227299, 0.6833873612120926, 0.07381021242502243, 0.14230828493061198], [0.1990853878473504, 0.2517973047046493, 0.30787695608729176, 0.2412403513607086], [0.13299381678677918, 0.4080826767650373, 0.26392758774740144, 0.19499591870078198], [0.39013786955829377, 0.32301368031882066, 0.09673177809552978, 0.1901166720273559], [0.10558395649694914, 0.40595426944334595, 0.06758368761768307, 0.42087808644202185], [0.27029385598333355, 0.29534596258902984, 0.09419456755781945, 0.3401656138698171], [0.16492147403519963, 0.6072337504234063, 0.06334213501369103, 0.16450264052770305], [0.07977595856946254, 0.7122537146390101, 0.10704237810040917, 0.10092794869111815], [0.2774695554953047, 0.3448810228456768, 0.16350784374483654, 0.21414157791418195], [0.14788577346901882, 0.3044342060042652, 0.3701248377173338, 0.17755518280938223], [0.25747067064142926, 0.20890095499748756, 0.1301086046727416, 0.40351976968834163], [0.1692401911491656, 0.5742244863772009, 0.11455259406398036, 0.141982728409653], [0.16647979303711344, 0.57465358735976, 0.14220544498589316, 0.11666117461723333], [0.3639000190917686, 0.2097550686769738, 0.1824907668916232, 0.24385414533963465], [0.147955917485078, 0.2682993086770269, 0.3947099790838617, 0.18903479475403343], [0.26084011938688045, 0.21134134086159992, 0.165056435444649, 0.3627621043068706], [0.2804495326790428, 0.23575359111111827, 0.33407837241833865, 0.14971850379150023], [0.10976339644879601, 0.13404308157088807, 0.09680701874848134, 0.6593865032318346], [0.34118780140240146, 0.25483484608398865, 0.09177832670996339, 0.3121990258036464], [0.23449151002642837, 0.2925277210072368, 0.14865207622892296, 0.324328692737412], [0.5304573118695044, 0.14612979647984028, 0.06041076356502944, 0.26300212808562584], [0.5368658834678344, 0.20045576541878116, 0.07938031216461736, 0.183298038948767], [0.2515042873770977, 0.11496417440144224, 0.10169310275951411, 0.531838435461946], [0.25728129710824016, 0.20563259369065914, 0.25643534924473543, 0.28065075995636524], [0.16493315855794358, 0.3003155967516291, 0.121452717943237, 0.4132985267471904], [0.2673186395422394, 0.305287075373178, 0.164847646400799, 0.2625466386837836], [0.26004255874486576, 0.30002828044508983, 0.14816896865248855, 0.2917601921575559], [0.18280124558033656, 0.31036366977774693, 0.12129928718751685, 0.38553579745439975], [0.37644231419647145, 0.23999205001055843, 0.09091119764030518, 0.29265443815266506], [0.26745536742609793, 0.2078532854124284, 0.31188712985597267, 0.21280421730550092], [0.2491190053499589, 0.40087059773800476, 0.18990048920768407, 0.16010990770435246], [0.2734981113689209, 0.41237908343386853, 0.12227782882362496, 0.19184497637358564], [0.23982130111224248, 0.3297107569341075, 0.20138037424592609, 0.22908756770772407], [0.49301158307326576, 0.22168893321281088, 0.07211708878426125, 0.2131823949296621], [0.12000211457286743, 0.6266627430785647, 0.09478561827388991, 0.15854952407467782], [0.19326024320355714, 0.3028988589451942, 0.2093547955225173, 0.2944861023287313], [0.20445107709064733, 0.27992347628697695, 0.08917547590849534, 0.42644997071388047], [0.21065912418684504, 0.3798711062672089, 0.22181267189594964, 0.18765709764999647], [0.22314863740210436, 0.406853695422304, 0.2314615141672117, 0.13853615300837982], [0.3000669883619356, 0.37598201341588977, 0.10786889432161778, 0.21608210390055693], [0.23411404866827792, 0.3109881046692861, 0.21021285684782726, 0.24468498981460887], [0.6008780939111231, 0.12342932255189781, 0.13849111578658985, 0.13720146775038933], [0.3107004011138473, 0.29163225229251977, 0.11167440662050113, 0.28599293997313185], [0.3252147748233794, 0.1980091578733299, 0.19281705723932646, 0.28395901006396435], [0.3431904992334517, 0.18045508566244167, 0.17310779607903024, 0.30324661902507644], [0.16193949304500524, 0.5506206022637428, 0.10241364379640068, 0.18502626089485122], [0.17885199170866048, 0.33560144446390905, 0.2020644599726872, 0.2834821038547433], [0.26854378789236666, 0.20403081638101275, 0.19263795699850836, 0.3347874387281122], [0.284198169998583, 0.40148879443264307, 0.13506315363336444, 0.17924988193540972], [0.12871098044217494, 0.45625200517704, 0.17768485968094205, 0.23735215469984328], [0.15801259098328432, 0.29807703065797275, 0.2776992310386005, 0.2662111473201424], [0.28528254001168035, 0.274096662062351, 0.15920210373286056, 0.28141869419310805], [0.2996660824091976, 0.2253164896704941, 0.215311754204333, 0.25970567371597525], [0.07935395452617774, 0.10917281000627196, 0.23267766518015337, 0.5787955702873969], [0.1378714620702989, 0.685494405379864, 0.09112102206564018, 0.0855131104841971], [0.5708827788319303, 0.1241178848289493, 0.05197512586380658, 0.25302421047531376], [0.09051237769219976, 0.3136483055490571, 0.3219472114021182, 0.273892105356625], [0.31556545002571745, 0.1486536679709035, 0.24598668798289255, 0.2897941940204864], [0.1948687288829224, 0.30693774653863376, 0.13413395105971102, 0.36405957351873286], [0.1052241635058372, 0.1490472465499198, 0.5473454739624536, 0.1983831159817895], [0.30139643305764474, 0.4236153848502338, 0.12622061283629266, 0.1487675692558287], [0.2849456542267488, 0.20960378869698054, 0.27780122071434704, 0.2276493363619237], [0.1944979254113523, 0.30440421659448386, 0.17205967949292134, 0.32903817850124256], [0.1124412172435637, 0.6044776817160302, 0.07891764074940052, 0.2041634602910056], [0.1470221781949861, 0.08808846607598536, 0.058431583593998346, 0.7064577721350302], [0.29089292628845165, 0.22966785976761026, 0.2057148284461931, 0.27372438549774497], [0.5434532921884885, 0.2929384560301613, 0.0665867718856186, 0.09702147989573154], [0.18249093867048533, 0.47629903295660886, 0.18908450070824345, 0.1521255276646626], [0.24374421915029343, 0.4577669310955689, 0.06614876091811478, 0.2323400888360231], [0.1698481909068801, 0.4152110280278864, 0.06521845730116346, 0.3497223237640699], [0.6555848485412736, 0.16874271085683107, 0.059939342257572754, 0.11573309834432277], [0.11130439859075102, 0.3331264177781488, 0.05033170846645423, 0.5052374751646461], [0.2870343119131192, 0.22368526232765623, 0.20059445828212472, 0.28868596747709985], [0.5791708038828035, 0.17229777549519046, 0.11478232287118918, 0.13374909775081675], [0.21286086273690963, 0.2367953873314675, 0.2843935641404623, 0.2659501857911605], [0.23739546672045872, 0.3621471799736255, 0.1281375400024737, 0.2723198133034422], [0.4160745138146256, 0.3293327392520505, 0.12413486906414573, 0.13045787786917842], [0.17288891176978194, 0.3094156383739021, 0.16653132703948786, 0.3511641228168281], [0.26009677163154715, 0.32556199482131126, 0.1909560409735806, 0.2233851925735612], [0.10845999584115143, 0.6412932483275059, 0.1555034959482027, 0.09474325988314002], [0.10295706293840168, 0.5839747306524082, 0.19473321200685795, 0.11833499440233212], [0.32614752192965984, 0.33898467852932995, 0.08581952160156052, 0.24904827793944975], [0.16008854435093978, 0.6142174216940539, 0.11233704393880098, 0.11335699001620539], [0.2387583440781258, 0.34036097011154354, 0.11971754486992178, 0.30116314094040886], [0.13072975197279108, 0.37057667870851296, 0.35005437852630394, 0.14863919079239207], [0.1773705472511647, 0.4014997121954254, 0.11655919567178874, 0.3045705448816212], [0.22359083960831624, 0.2760789934875102, 0.3683640609075018, 0.13196610599667186], [0.33888262124025736, 0.29302965242334644, 0.1440232473324711, 0.22406447900392504], [0.19988751229870166, 0.1940553273844597, 0.15129975274970187, 0.4547574075671369], [0.23206500922565484, 0.3451990521106299, 0.1775519710235978, 0.24518396764011746], [0.2361625027803924, 0.2843537183068918, 0.2352491383088974, 0.24423464060381858], [0.32208404328236273, 0.49356383811640653, 0.09600080902767646, 0.08835130957355435], [0.39312182105540827, 0.41779243870903565, 0.09418022724087949, 0.09490551299467677], [0.46975620004381585, 0.35770193833122266, 0.07837518156927427, 0.09416668005568742], [0.29995992691784906, 0.31946298947265594, 0.14965744513402238, 0.23091963847547262], [0.6654677831755286, 0.16685850721990186, 0.06937532854099698, 0.09829838106357264], [0.29922067796622487, 0.33149209944814556, 0.1035520584449545, 0.26573516414067533]]}, "rewritten": {"ids": ["97107260", "97107681", "97109570", "97110950", "97113260", "97113900", "97116410", "97116790", "98106680", "98107380", "98108520", "98108970", "98110230", "98110680", "98111670", "98112170", "98116500", "98121790", "99105921", "99107300", "99107500", "99108000", "99108010", "99108310", "99108460", "99108890", "99109780", "99111000", "99111340", "99113260", "99120010", "100108260", "100108490", "100109330", "100109890", "100111270", "100112060", "100117420", "101110150", "101110200", "101111310", "101115190", "101117580", "101119030", "102110750", "103110050", "103110760", "103111110", "103111480", "103111930", "103113101", "103117200", "103120290", "103120531", "103120730", "104109311", "104111780", "104112201", "104113190", "104113380", "104114410", "104117200", "104117630", "104118340", "105115380", "105116501", "105116860", "106114011", "106114321", "106116441", "106116850", "106117650", "106117790", "106120290", "106121190", "106121220", "107114321", "107119390", "107120880", "107121540", "108113760", "108114270", "108115070", "108118520", "108118630", "108119330", "108120700", "108121190", "108121351", "109114220", "109114270", "109114651", "109117271", "109118820", "109120540", "109120560", "109121351", "110113931", "110114610", "110114651", "110115580", "110115980", "110118450", "110118701", "110118810", "110119030", "110120531", "110121450", "111116100", "111118910", "111119250", "111119290", "111119430", "111119610", "111120220", "111121190", "112116800", "112116810", "112116850", "112116900", "112116990", "112117431", "112117780", "112118820", "112119580", "112119610", "112119950", "112120670", "112121030", "112121351", "113117340", "113117630", "113118231", "113118690", "113120070", "113120640", "113121190", "113121750", "113121950", "113121980", "113122150", "113122220"], "labels": [2, 3, 0, 3, 1, 2, 3, 2, 1, 1, 2, 3, 3, 2, 1, 3, 2, 2, 1, 3, 0, 2, 2, 2, 0, 0, 2, 2, 1, 0, 2, 3, 2, 0, 3, 2, 2, 2, 1, 2, 3, 1, 3, 3, 1, 3, 1, 3, 0, 3, 3, 0, 2, 3, 1, 3, 3, 0, 3, 1, 1, 3, 0, 2, 1, 1, 2, 1, 2, 0, 3, 1, 1, 2, 2, 1, 0, 2, 1, 2, 1, 3, 1, 0, 1, 0, 2, 1, 3, 3, 3, 3, 0, 3, 1, 1, 0, 1, 1, 3, 1, 1, 0, 3, 1, 0, 0, 3, 3, 0, 1, 3, 3, 2, 3, 1, 0, 3, 0, 3, 0, 0, 0, 0, 3, 0, 0, 2, 0, 0, 2, 0, 3, 3, 2, 0, 1, 0, 3, 2, 2, 1], "predicted_labels": [3, 3, 3, 0, 0, 3, 3, 1, 1, 0, 3, 1, 3, 1, 1, 3, 1, 0, 0, 3, 1, 3, 1, 0, 0, 1, 3, 1, 2, 1, 3, 1, 1, 0, 0, 1, 0, 1, 3, 1, 0, 1, 0, 0, 1, 1, 0, 3, 1, 1, 1, 0, 3, 1, 0, 0, 1, 3, 1, 1, 0, 1, 3, 1, 3, 3, 1, 0, 0, 1, 0, 1, 1, 1, 3, 3, 1, 2, 3, 0, 2, 3, 1, 0, 3, 2, 0, 2, 3, 1, 1, 0, 3, 1, 1, 3, 1, 3, 1, 3, 0, 3, 1, 3, 1, 3, 0, 1, 3, 3, 0, 3, 1, 1, 1, 3, 1, 1, 1, 3, 3, 1, 0, 1, 3, 1, 0, 1, 0, 1, 1, 3, 1, 1, 0, 0, 1, 1, 1, 1, 3, 2], "confidence_scores": [[0.1168090753100352, 0.28668603645097157, 0.12278997047713447, 0.4737149177618587], [0.12225628972041176, 0.2563043778325744, 0.3096811016721141, 0.3117582307748996], [0.16974104139895715, 0.25215413793665636, 0.11094098075658097, 0.4671638399078055], [0.37476013633097977, 0.1614072894063258, 0.1678671440605408, 0.2959654302021538], [0.3875302186203466, 0.21556629679833852, 0.19961205917680885, 0.19729142540450603], [0.2054795679410837, 0.27254232389585303, 0.17538100784502497, 0.34659710031803814], [0.2689180205879321, 0.22541444793998458, 0.1323904097618856, 0.37327712171019767], [0.2814784414416652, 0.28825633032467723, 0.2145648533479167, 0.21570037488574076], [0.20691660925757474, 0.4202609363679446, 0.09682060053214141, 0.2760018538423394], [0.3106880468098777, 0.28571131771795216, 0.14025170718040067, 0.2633489282917695], [0.3045670632913676, 0.20056388369061673, 0.08385974161840325, 0.41100931139961233], [0.14633540781722656, 0.33996300330093754, 0.21077080860236694, 0.30293078027946885], [0.10202394527743576, 0.09948537748495796, 0.06025720208220173, 0.7382334751554046], [0.26037148643582203, 0.43069920278187085, 0.18109358886699659, 0.12783572191531062], [0.23460177556297207, 0.37158886087113185, 0.18767229934147278, 0.20613706422442332], [0.167463298530768, 0.18996671250947714, 0.09727198527832363, 0.5452980036814312], [0.3156926103484253, 0.32936405921068457, 0.1759184110438346, 0.1790249193970557], [0.40564004273338455, 0.25059709519559314, 0.17227132363313563, 0.17149153843788678], [0.33180794576919026, 0.3193750345917101, 0.16098007382812837, 0.18783694581097113], [0.1923332241029969, 0.3479701861361536, 0.08806242491933682, 0.3716341648415128], [0.06614292153436085, 0.5252886426745982, 0.14897100647377046, 0.25959742931727037], [0.1712864855745864, 0.24455855254715675, 0.12111349530172388, 0.46304146657653306], [0.22034772326787216, 0.3635713712776896, 0.27341135115251064, 0.14266955430192765], [0.46261849190100884, 0.20897216435248292, 0.12305509776952561, 0.20535424597698276], [0.5804774948272193, 0.05744966918324286, 0.060934477978621567, 0.3011383580109163], [0.2624903344536182, 0.2981310932152858, 0.14721808275328555, 0.29216048957781043], [0.1441431119173475, 0.3754162612649077, 0.10028662233845925, 0.38015400447928555], [0.22483756964837076, 0.3598782752933633, 0.1087966426649172, 0.3064875123933489], [0.08683831266026058, 0.28620948201501495, 0.4995527607677534, 0.12739944455697122], [0.2859709009727573, 0.3837809291532168, 0.11677233360159817, 0.2134758362724279], [0.2216734486091137, 0.3313329179073014, 0.07778016828422642, 0.3692134651993584], [0.27308620120725996, 0.289864321728193, 0.1731060763431358, 0.26394340072141126], [0.2130318402405897, 0.49726055937312974, 0.13245169381293104, 0.15725590657334954], [0.4088925877259003, 0.2978829044391515, 0.16994539707827352, 0.1232791107566748], [0.41569638606599685, 0.180644534359463, 0.14444530898505442, 0.25921377058948586], [0.1392879529958916, 0.557351192167809, 0.17479114345125155, 0.12856971138504772], [0.3325680545802843, 0.21554832958285566, 0.16124526644312426, 0.2906383493937358], [0.252967951129661, 0.38393247969270683, 0.14647312973955953, 0.21662643943807264], [0.25522507146194007, 0.170489477092324, 0.19347213811844177, 0.38081331332729423], [0.12834518077973622, 0.6140821926152021, 0.060391720365923364, 0.19718090623913834], [0.44196430091917427, 0.33900102710508967, 0.07994011735885906, 0.13909455461687692], [0.17878166184373295, 0.4394972762760658, 0.13791749012242274, 0.24380357175777853], [0.4372100159473004, 0.28209413313488935, 0.11432935355976634, 0.166366497358044], [0.4448486594171871, 0.1701359299602424, 0.16361707545616447, 0.22139833516640592], [0.19346980775833528, 0.6517323569486495, 0.06561873638976613, 0.08917909890324918], [0.09709385033661154, 0.6281650218748469, 0.10419980221576357, 0.17054132557277804], [0.36337510847320137, 0.2387948727725582, 0.21152102639108478, 0.1863089923631558], [0.06574388166758481, 0.15789721916585833, 0.10836151892079236, 0.6679973802457644], [0.3116999083969651, 0.3320240117260774, 0.11990116007409068, 0.2363749198028668], [0.2398027461667631, 0.5728320487202885, 0.0663640728863445, 0.12100113222660387], [0.2711708246110874, 0.4773744368451712, 0.08968024397247412, 0.16177449457126736], [0.44971726411090684, 0.14298673256732095, 0.1194871498847784, 0.2878088534369938], [0.08333352018575312, 0.16435853862798605, 0.08283045567808181, 0.669477485508179], [0.22204901899831192, 0.6289076926667623, 0.06883191223178631, 0.08021137610313948], [0.4653984258842732, 0.1332065444913267, 0.06854366970132789, 0.33285135992307224], [0.4367037694802165, 0.2162936449449527, 0.11183842854097889, 0.235164157033852], [0.2769153125560603, 0.45989895000163905, 0.08430608073929755, 0.17887965670300307], [0.39382806082383776, 0.10199097746790399, 0.10112879194922526, 0.403052169759033], [0.3070646864976307, 0.322479204251059, 0.18097109936597142, 0.189485009885339], [0.08354276117875328, 0.40034502006224976, 0.1382573645554673, 0.37785485420352966], [0.3750723858028883, 0.2702014615544743, 0.10144326410510038, 0.2532828885375371], [0.13872160424938135, 0.4648630037023058, 0.2529565756730823, 0.14345881637523053], [0.12355728041642863, 0.2752705364515927, 0.068283556351783, 0.5328886267801957], [0.17612349291227936, 0.49802540079940627, 0.06456978219337631, 0.26128132409493815], [0.256797602851431, 0.2806462738380351, 0.06841529943646614, 0.39414082387406774], [0.14909771614428544, 0.33169374426258025, 0.028497108111148382, 0.4907114314819858], [0.16653256533019906, 0.44138322033165794, 0.14425680685800474, 0.24782740748013832], [0.3697453217247312, 0.28143447131719695, 0.2781293350957136, 0.07069087186235834], [0.3944412480829815, 0.1875259505844096, 0.22093107512211768, 0.1971017262104913], [0.15124037798820492, 0.4815709193382965, 0.09827284336211596, 0.2689158593113826], [0.7313647148642, 0.13386777205669118, 0.04203631549290729, 0.09273119758620167], [0.16407837889387, 0.5303840015899292, 0.125039425312291, 0.18049819420390986], [0.2631425948191944, 0.35453825436636816, 0.16461664395763573, 0.21770250685680181], [0.28111811115152713, 0.40497829255941054, 0.2024787507073457, 0.11142484558171663], [0.11760150777527917, 0.3764906989890383, 0.12740441960234844, 0.37850337363333414], [0.22553476362714991, 0.22849696103047198, 0.09777623657988722, 0.4481920387624909], [0.1459617460338896, 0.4124806530060144, 0.11023514969688321, 0.33132245126321286], [0.11867338293218954, 0.28218708177200225, 0.42262123822477254, 0.1765182970710356], [0.10945197421892719, 0.37525162266953493, 0.08473646553267715, 0.43055993757886085], [0.28862441815570195, 0.2532956312764613, 0.2093002026114784, 0.24877974795635832], [0.24441639635252374, 0.18540744224893366, 0.4468346975084062, 0.12334146389013631], [0.23332294039912707, 0.15691026556610266, 0.09493546831340043, 0.5148313257213698], [0.22587314410219356, 0.3218248039193133, 0.23089077255938753, 0.22141127941910577], [0.38597113301790176, 0.343574914983896, 0.12825835435643165, 0.14219559764177045], [0.13152535019996878, 0.22515675529760185, 0.1035007672811959, 0.5398171272212333], [0.21226990507439278, 0.26082858766311634, 0.2766756736930393, 0.2502258335694516], [0.39476812425893865, 0.17613202136696143, 0.12416896190388349, 0.3049308924702165], [0.2878349501443103, 0.24104048777636544, 0.3093230454675552, 0.16180151661176903], [0.23650389740888314, 0.27337003135463117, 0.10789779904070046, 0.3822282721957853], [0.22993847892749433, 0.5280783358531382, 0.10760161273556425, 0.13438157248380325], [0.10110036348162156, 0.40794265336200786, 0.1140832666205092, 0.37687371653586127], [0.41182857032354975, 0.1578596420385408, 0.22107817833520432, 0.2092336093027051], [0.11542021794654975, 0.21195399183375851, 0.1535297051412448, 0.5190960850784471], [0.23724553184631028, 0.41697456926208365, 0.07442938312134785, 0.2713505157702582], [0.3089216150565443, 0.3156058749856379, 0.09221559450180698, 0.28325691545601095], [0.17425968065727826, 0.2887001073323377, 0.15081165355243267, 0.38622855845795134], [0.238407254893973, 0.37836652319303454, 0.2531437536890744, 0.13008246822391845], [0.12151642207811135, 0.1827495010046938, 0.05954117767217008, 0.6361928992450249], [0.1187067462197054, 0.6265465160151652, 0.13879192808759608, 0.11595480967753342], [0.03978710191038553, 0.18957919476675159, 0.026973600233199474, 0.7436601030896633], [0.5430432716618144, 0.20013002759558854, 0.16973222011165423, 0.08709448063094274], [0.19395605253642878, 0.2974283703853094, 0.06284561236415379, 0.44576996471410807], [0.0964669604240694, 0.7000881002988387, 0.09181194182188743, 0.1116329974552045], [0.15533008987901983, 0.23375719756771476, 0.13140275552378397, 0.4795099570294814], [0.19706805562182875, 0.4291684172938488, 0.1583764247401983, 0.215387102344124], [0.18033558479389108, 0.3119555885164742, 0.10018164904545898, 0.4075271776441758], [0.3756927127415599, 0.18516243841597604, 0.11828124706694337, 0.3208636017755209], [0.13197755795599916, 0.4095373447629755, 0.05834863647854795, 0.4001364608024773], [0.3351182159705797, 0.1304797646726728, 0.13226762888805818, 0.40213439046868926], [0.15576017815544954, 0.1341672394006457, 0.10686658922304154, 0.6032059932208632], [0.300959091042363, 0.29232581819242504, 0.13585344834264143, 0.27086164242257077], [0.13216356464679568, 0.2992153076708373, 0.23912900332463824, 0.3294921243577287], [0.1975740930019061, 0.519117458451522, 0.10450859451405417, 0.1787998540325177], [0.11858019686280855, 0.5260123347143024, 0.20056688030509395, 0.154840588117795], [0.32257653736190756, 0.4281748595579054, 0.10920351317493641, 0.14004508990525064], [0.09878539175250355, 0.13489321128062923, 0.17043771547601003, 0.5958836814908572], [0.11672818496967236, 0.4997525014252139, 0.1517222972545005, 0.23179701635061342], [0.18717814575004973, 0.4092742340862733, 0.18864202418609693, 0.2149055959775802], [0.21905168831829802, 0.40741093922451954, 0.17114619151373994, 0.20239118094344263], [0.2600282694637876, 0.16656964592468523, 0.08723246120017641, 0.4861696234113508], [0.29353685922338063, 0.15389826806946816, 0.1362049619057867, 0.41635991080136464], [0.19301397624368805, 0.4123476596051498, 0.10918084030340089, 0.2854575238477612], [0.6563951032650068, 0.13308191091862326, 0.11248213335616573, 0.09804085246020426], [0.11203669657550895, 0.6119769941608799, 0.08258164487716858, 0.19340466438644255], [0.14958543540404814, 0.2709900232457508, 0.06009961626366788, 0.5193249250865333], [0.09329794201111424, 0.3794846203896436, 0.29756039069259854, 0.22965704690664368], [0.4963043218552673, 0.10591726261629487, 0.04097382905340252, 0.3568045864750356], [0.16909174985732106, 0.42606252105216225, 0.23246660258286, 0.17237912650765672], [0.5045247210842857, 0.2394779872110006, 0.1187736374239363, 0.13722365428077749], [0.24263940292671732, 0.4174302295576131, 0.06058571530773151, 0.2793446522079383], [0.22904894303449178, 0.38008517144541715, 0.16608262467548654, 0.22478326084460443], [0.22641702916317857, 0.2393039811120724, 0.21534606287197136, 0.3189329268527778], [0.2435331523562872, 0.4624972038668865, 0.12950509378739572, 0.1644645499894308], [0.15094288380848517, 0.6073559093358791, 0.09875378017679234, 0.14294742667884325], [0.5927892122097185, 0.12974680353925414, 0.10057107496502175, 0.17689290928600568], [0.5090311490542755, 0.29953262083764176, 0.06190615525587273, 0.12953007485220994], [0.2977676618952949, 0.3697580816560864, 0.12160278005052542, 0.21087147639809348], [0.3219203172994443, 0.3702909874591087, 0.10058048118786915, 0.2072082140535779], [0.10756286479669941, 0.42010753936571826, 0.12585247871642233, 0.3464771171211599], [0.11112087453079438, 0.4922529089695801, 0.09372708169808965, 0.30289913480153596], [0.3023548370573724, 0.21944148530078944, 0.08932170053140329, 0.3888819771104348], [0.11664529676477861, 0.12174875882575784, 0.3835177767763142, 0.37808816763314934]]}}