{"test": {"ids": ["98106111", "110121450", "112120700", "107114490", "109114030", "113122650", "109119450", "111119300", "108116070", "113122170", "105113170", "110117080", "99111340", "108118520", "103111540", "112119320", "111114121", "113118511", "106119990", "111119150", "113122320", "102116500", "108117360", "100108520", "97108520", "112116501", "112118511", "113119930", "113117550", "104116800", "104119290", "106114150", "109120150", "111116990", "107116340", "106115240", "111115400", "110115140", "99109141", "102110750", "112119500", "99109860", "98112170", "111114321", "110117200", "98106880", "105112100", "112116401", "98108970", "105113620", "103111480", "107116501", "102109910", "104114230", "97116410", "106113190", "110115580", "106113170", "111115910", "107113260", "109113591", "109119010", "111121930", "105116090", "109121351", "100108580", "110114651", "99114890", "100120010", "105113440", "101112160", "109118161", "111116640", "106117790", "109119340", "105120621", "110114561", "107114280", "113122430", "99109910", "100111390", "107120010", "101119030", "113122230", "111117000", "97107040", "106116820", "99112840", "107112840", "104111620", "99112641", "113119320", "111117200", "108121351", "112116900", "104113380", "111120190", "99108080", "105110091", "101121640", "103109641", "110113931", "113119340", "110117870", "98108150", "99111620", "105121370", "110121140", "108118301", "101111620", "103113101", "113121950", "99111440", "104118070", "98106560", "102110850", "113118810", "109115220", "101111140", "106115120", "100111270", "113117630", "108114180", "108121410", "109115380", "99107300", "109113281", "97112290", "111116750", "110120640", "102110890", "113118231", "112120990", "107114140", "99108310", "112118471", "102109840", "104116980", "109116040", "104110960", "103110760", "103111990"], "labels": [0, 3, 2, 3, 1, 2, 3, 1, 1, 1, 0, 1, 1, 0, 1, 1, 0, 1, 0, 3, 1, 1, 1, 2, 2, 3, 1, 1, 3, 1, 1, 1, 2, 0, 3, 1, 0, 0, 3, 1, 2, 2, 3, 1, 3, 0, 1, 0, 3, 0, 0, 1, 2, 2, 3, 0, 1, 0, 2, 0, 3, 3, 1, 1, 0, 0, 3, 2, 0, 0, 3, 0, 0, 1, 3, 1, 0, 3, 2, 2, 2, 1, 3, 1, 0, 2, 1, 2, 1, 0, 1, 1, 0, 3, 3, 1, 3, 3, 0, 2, 1, 1, 0, 3, 0, 3, 2, 3, 1, 3, 3, 3, 3, 2, 1, 3, 3, 3, 2, 1, 2, 0, 1, 0, 3, 3, 0, 1, 3, 0, 0, 3, 2, 2, 2, 1, 2, 1, 0, 2, 1, 2], "predicted_labels": [1, 3, 1, 3, 3, 2, 3, 1, 3, 2, 3, 3, 2, 0, 0, 1, 0, 1, 3, 1, 1, 3, 3, 3, 0, 3, 3, 1, 3, 3, 3, 3, 3, 3, 3, 0, 3, 3, 1, 1, 2, 1, 3, 1, 0, 1, 3, 0, 1, 1, 1, 3, 3, 3, 3, 3, 1, 0, 1, 1, 0, 3, 3, 3, 0, 3, 3, 1, 3, 1, 1, 1, 3, 1, 3, 0, 1, 1, 1, 2, 3, 3, 1, 1, 1, 2, 1, 2, 1, 0, 0, 3, 0, 1, 3, 3, 3, 1, 0, 1, 3, 0, 0, 3, 2, 1, 1, 0, 3, 0, 1, 3, 3, 3, 2, 1, 1, 3, 1, 3, 1, 3, 1, 1, 3, 3, 0, 1, 0, 3, 3, 3, 1, 1, 1, 0, 1, 3, 1, 3, 3, 3], "confidence_scores": [[0.09985888914713109, 0.279047454053277, 0.44277701436483496, 0.17831664243475706], [0.20859832090222377, 0.3533276257484942, 0.005179155121423431, 0.43289489822785865], [0.10911869925494896, 0.7036328785137131, 0.01690645356007765, 0.1703419686712604], [0.12588851259677497, 0.28383948781871804, 0.0991248648957569, 0.49114713468875015], [0.4648246497141021, 0.12307627147290529, 0.04024343241727184, 0.371855646395721], [0.08874542852218757, 0.05228150448410269, 0.804418750243014, 0.0545543167506958], [0.1567869718198454, 0.22676734523784492, 0.2004031579127832, 0.41604252502952677], [0.05149490495418815, 0.7852442320708038, 0.0688216728286231, 0.0944391901463852], [0.1780829914878077, 0.23404707623383766, 0.16406171137869635, 0.4238082208996585], [0.018639829676393434, 0.04337128221630251, 0.8858715512251778, 0.052117336882125935], [0.10197625255440851, 0.20973897440793307, 0.1573694592660036, 0.5309153137716547], [0.08388972723237921, 0.29886779506016814, 0.060444853593564093, 0.5567976241138889], [0.020784965911055827, 0.1315196606449791, 0.8020074037574704, 0.04568796968649469], [0.7035137864715109, 0.24233929637549287, 0.013834934041609077, 0.04031198311138729], [0.4880267684594383, 0.15304118647689313, 0.15025042669637945, 0.20868161836728946], [0.01284679490285943, 0.625752732116356, 0.09915285784863535, 0.26224761513214945], [0.6839862470062681, 0.16947468545394007, 0.014688571477135233, 0.13185049606265672], [0.1520241509752262, 0.6033704154517827, 0.08266425414110984, 0.161941179431881], [0.35526845052839084, 0.0979610975608474, 0.22649970847584164, 0.32027074343492024], [0.1916452535532328, 0.4175366230592541, 0.09734742915296657, 0.2934706942345467], [0.03469495046972998, 0.5569505029247033, 0.10344281755201529, 0.30491172905355163], [0.18062266274124736, 0.22468390669774846, 0.41102353643208933, 0.1836698941289147], [0.438658134209484, 0.09180158845959355, 0.1862623089587047, 0.2832779683722176], [0.04261472082677846, 0.07130870862894491, 0.636693493056266, 0.24938307748801056], [0.5949049423415577, 0.3099111137765666, 0.02202698884868898, 0.0731569550331869], [0.28047401525825555, 0.2292342381985534, 0.018599637137552128, 0.4716921094056393], [0.224460004946147, 0.2437283186658719, 0.26008069623712515, 0.2717309801508557], [0.10190129418569749, 0.5617741525484613, 0.017112796206586085, 0.3192117570592554], [0.0864511880205814, 0.12016578735417337, 0.09660471990030187, 0.6967783047249436], [0.25510065952051514, 0.13990386925252754, 0.031457387315485724, 0.5735380839114717], [0.20147966860981814, 0.2059090515721158, 0.31125373543431983, 0.28135754438374644], [0.27279259805204087, 0.2764660380998303, 0.05735252664480594, 0.39338883720332307], [0.12736805853961636, 0.3003931293422374, 0.28468202704004864, 0.28755678507809757], [0.5364778380427848, 0.04868460341942341, 0.046940768922171576, 0.36789678961561995], [0.09933521403051546, 0.3111310932401038, 0.26709667044735697, 0.3224370222820236], [0.9020824590410299, 0.03786157576844352, 0.016192251430065214, 0.04386371376046135], [0.14117761801414547, 0.3545253116643767, 0.04487816795554098, 0.45941890236593663], [0.4097299906890756, 0.1039349159299697, 0.0783831130547863, 0.4079519803261684], [0.4209493714010062, 0.32384598134187587, 0.013453442569280783, 0.24175120468783726], [0.02595427413349871, 0.3683758080232387, 0.565144452173741, 0.04052546566952146], [0.035141076709227795, 0.0800320504066597, 0.8570921299054339, 0.027734742978678912], [0.043915415903559775, 0.8747010350893828, 0.06671781803351451, 0.014665730973542982], [0.47079430843081743, 0.005961383345337277, 0.019000705338890585, 0.5042436028849548], [0.16174418897483528, 0.48903875160298416, 0.038355305913401395, 0.3108617535087791], [0.5766943927343552, 0.299031041696128, 0.04484876494788311, 0.07942580062163336], [0.2194652789679927, 0.3302265059140965, 0.2502292273109574, 0.20007898780695335], [0.4508962751182199, 0.0300317679492538, 0.11055671124065766, 0.4085152456918687], [0.7254902680954552, 0.003392484715273791, 0.0009496731232161816, 0.2701675740660548], [0.02900972632206311, 0.81571047676643, 0.12606619525020454, 0.029213601661302394], [0.046741186616347616, 0.3442681222168926, 0.4662705151606882, 0.14272017600607154], [0.3092125241813084, 0.6293284901890074, 0.00213214082583774, 0.0593268448038463], [0.15721903181592894, 0.2738775620075873, 0.009972691698616113, 0.5589307144778676], [0.4870188326591519, 0.05077830658368814, 0.059176316057556015, 0.4030265446996042], [0.34105655598666873, 0.14967624515474517, 0.19830290267511444, 0.3109642961834717], [0.28672248807275774, 0.2500223269249379, 0.16853227916089827, 0.29472290584140626], [0.0778594865402482, 0.16746053103143504, 0.2587925002754733, 0.4958874821528436], [0.1911236832452911, 0.517942180507852, 0.07469139744655116, 0.21624273880030573], [0.7586746249590469, 0.11538405566843284, 0.006516696165942695, 0.1194246232065776], [0.018752956856858405, 0.8280311195441157, 0.018648395695032276, 0.13456752790399373], [0.2759156204360581, 0.3215146848885248, 0.13921532733985992, 0.2633543673355569], [0.36212338307388386, 0.31252091783973246, 0.010600570756971715, 0.3147551283294121], [0.048960011291002026, 0.19263937401805645, 0.4826374248283828, 0.2757631898625585], [0.10853074138971344, 0.14236445500235154, 0.4961155046027181, 0.25298929900521683], [0.2972697573191187, 0.12438960905828912, 0.018069334509130747, 0.5602712991134616], [0.5977871627318493, 0.15676221892624892, 0.041612260360521416, 0.2038383579813803], [0.30745717041959775, 0.15763498929510597, 0.17053200070113672, 0.3643758395841594], [0.16744530642933309, 0.04033476827789589, 0.015299424284418911, 0.7769205010083521], [0.022575074071419975, 0.411204679734837, 0.24985358658383797, 0.3163666596099054], [0.1785451487532919, 0.21414453686879897, 0.3109972136597046, 0.29631310071820444], [0.08690449960632472, 0.6412312867193379, 0.10001382121140318, 0.17185039246293438], [0.04808668744807111, 0.8389236814144718, 0.060835894128920744, 0.05215373700853644], [0.1991418898163302, 0.49198154938104416, 0.11047099368961, 0.19840556711301585], [0.15255732487045104, 0.2172312120695832, 0.25314468161390186, 0.37706678144606365], [0.3062232433269851, 0.3780762714745502, 0.03022137625293136, 0.28547910894553347], [0.13449645451791528, 0.14769616306594252, 0.011835617930719858, 0.7059717644854225], [0.8400050860687773, 0.03199733935014895, 0.0007431180963165977, 0.12725445648475692], [0.3590835714608006, 0.35869448470689963, 0.14100324046947096, 0.141218703362829], [0.08831367073715944, 0.7345252307123677, 0.06194465032484974, 0.11521644822562274], [0.050298205326635405, 0.7241805393639281, 0.16174083756227595, 0.06378041774716077], [0.05133426901027342, 0.1462768889031558, 0.766174876603811, 0.0362139654827599], [0.1137492982834121, 0.21885385410949232, 0.26751564254396565, 0.3998812050631299], [0.08423822335235918, 0.14981395159793137, 0.17508411186494166, 0.5908637131847679], [0.22530025970720455, 0.3351392236345556, 0.14366270226766778, 0.29589781439057183], [0.05385019915626339, 0.36470161199476964, 0.5010647750322748, 0.08038341381669208], [0.07366165331219068, 0.6825977180420586, 0.08327914516152253, 0.16046148348422815], [0.02735655641395347, 0.13355081755743825, 0.7852985613068653, 0.05379406472174307], [0.23827273640239888, 0.30506463293406194, 0.19235900246104126, 0.26430362820249803], [0.022917722648334457, 0.07588308294374695, 0.7765593419552813, 0.12463985245263738], [0.006027943964932067, 0.9115780597196453, 0.029272002506822176, 0.05312199380860065], [0.968229239721986, 0.011066739738753046, 5.9341813827225275e-05, 0.020644678725433865], [0.6143560746416867, 0.13188620961176262, 0.08043043936099294, 0.17332727638555784], [0.394085790557237, 0.12800789420029401, 0.02429268410255375, 0.45361363113991526], [0.541937976225952, 0.2952819313183996, 0.019188271491174577, 0.1435918209644738], [0.3102383363930833, 0.42090784810169163, 0.03629389318864824, 0.23255992231657666], [0.33851844868540676, 0.11956377802068542, 0.05590621405504822, 0.4860115592388597], [0.17085881409138817, 0.15383138671408364, 0.10899282794792019, 0.5663169712466077], [0.03303030255209218, 0.08055975666703788, 0.15393896890827227, 0.7324709718725972], [0.4228053985418183, 0.37512508964110847, 0.008456773924949748, 0.1936127378921238], [0.813293145871624, 0.03380762363859962, 0.007794409428609236, 0.1451048210611671], [0.059937712540894805, 0.4739504828993932, 0.06434410334876352, 0.40176770121094824], [0.06695820513597911, 0.27480706261039345, 0.15090837851922123, 0.5073263537344065], [0.325162932253095, 0.25503995922606226, 0.26894146260907537, 0.15085564591176756], [0.7652006926781779, 0.13164550719504925, 0.007692471717959151, 0.09546132840881381], [0.11801105718084351, 0.1202957511487261, 0.15003431508532009, 0.611658876585111], [0.04622176439854783, 0.17879907371866924, 0.7155632714040714, 0.059415890478711354], [0.13579933402256103, 0.47145725204684863, 0.320804242646485, 0.07193917128410539], [0.015052122391659893, 0.735247981919854, 0.1231490263569377, 0.1265508693315482], [0.7641139859289088, 0.07740392925793321, 0.007907330612149788, 0.15057475420100827], [0.06719680481362543, 0.3130065225722271, 0.03440702428488402, 0.5853896483292638], [0.4484674164231457, 0.21361354989646916, 0.2134347810973152, 0.12448425258306982], [0.12205048130775446, 0.38418176328602166, 0.17864614627419964, 0.31512160913202386], [0.28060578721085394, 0.33175270435815496, 0.011876256849172475, 0.3757652515818186], [0.2884860603456433, 0.06684231329799618, 0.06856034279591709, 0.5761112835604435], [0.03476316988163848, 0.07896635513485833, 0.5575503267472874, 0.3287201482362158], [0.04650344909488193, 0.04195609983939191, 0.788066299634546, 0.12347415143118007], [0.10378091187674927, 0.45768830266256333, 0.18238811847360678, 0.25614266698708066], [0.2509952847887022, 0.482689926013049, 0.05852136541518829, 0.20779342378306073], [0.2618685536166814, 0.09746593073185987, 0.18238953461021543, 0.4582759810412431], [0.1426991179515827, 0.3821269997855103, 0.13806624790203006, 0.33710763436087704], [0.44437574433730553, 0.06544099202321613, 0.004429092030282072, 0.485754171609196], [0.1082176286262827, 0.4208448328544373, 0.3246930130427615, 0.1462445254765185], [0.2537582969386038, 0.20309701712426018, 0.22540307670094703, 0.31774160923618916], [0.19807855267235264, 0.3965955353802606, 0.11271648401320719, 0.29260942793417966], [0.07540360437555096, 0.7262601558143403, 0.006406210832773985, 0.1919300289773348], [0.09886091722939426, 0.19247191611197093, 0.39062344321132303, 0.31804372344731174], [0.3435705962351296, 0.13421867276429517, 0.013658829133632533, 0.5085519018669424], [0.3263226397888233, 0.2550634687315128, 0.2440109622371049, 0.17460292924255874], [0.15857655382094873, 0.3992121292005497, 0.23990154485846732, 0.2023097721200342], [0.5507201344955164, 0.05394193214160284, 0.029039434400816487, 0.3662984989620642], [0.40193669427881995, 0.12450473547579542, 0.0588907730322552, 0.41466779721312913], [0.40682277594125776, 0.043406701522694165, 0.10075613799009724, 0.44901438454595094], [0.09008751873950437, 0.1776250417357543, 0.29254770256275225, 0.43973973696198876], [0.12191504320211803, 0.4699789236069478, 0.3429789564238231, 0.06512707676711106], [0.06951003056059887, 0.484640153679191, 0.26174300311107973, 0.18410681264913054], [0.2133485560111362, 0.3629018214696006, 0.31159036933840734, 0.11215925318085627], [0.5417810304831773, 0.17004657982336532, 0.15268113544851175, 0.13549125424494557], [0.06310052006702724, 0.45601497608170855, 0.20509986888218726, 0.2757846349690773], [0.005706325061682271, 0.19152051368903386, 0.2659703636216313, 0.5368027976276525], [0.06184107300760645, 0.5237499039019612, 0.058149841854784536, 0.35625918123564776], [0.09377537069725181, 0.22257849633168608, 0.30851273135834056, 0.3751334016127216], [0.19057970209496802, 0.2456144086259163, 0.09598415679062387, 0.46782173248849174], [0.16949461684245726, 0.18280377274918735, 0.0807311302386481, 0.5669704801697074]]}, "rewritten": {"ids": ["97107040", "97108520", "97112290", "97116410", "98106111", "98106560", "98106880", "98108150", "98108970", "98112170", "99107300", "99108080", "99108310", "99109141", "99109860", "99109910", "99111340", "99111440", "99111620", "99112641", "99112840", "99114890", "100108520", "100108580", "100111270", "100111390", "100120010", "101111140", "101111620", "101112160", "101119030", "101121640", "102109840", "102109910", "102110750", "102110850", "102110890", "102116500", "103109641", "103110760", "103111480", "103111540", "103111990", "103113101", "104110960", "104111620", "104113380", "104114230", "104116800", "104116980", "104118070", "104119290", "105110091", "105112100", "105113170", "105113440", "105113620", "105116090", "105120621", "105121370", "106113170", "106113190", "106114150", "106115120", "106115240", "106116820", "106117790", "106119990", "107112840", "107113260", "107114140", "107114280", "107114490", "107116340", "107116501", "107120010", "108114180", "108116070", "108117360", "108118301", "108118520", "108121351", "108121410", "109113281", "109113591", "109114030", "109115220", "109115380", "109116040", "109118161", "109119010", "109119340", "109119450", "109120150", "109121351", "110113931", "110114561", "110114651", "110115140", "110115580", "110117080", "110117200", "110117870", "110120640", "110121140", "110121450", "111114121", "111114321", "111115400", "111115910", "111116640", "111116750", "111116990", "111117000", "111117200", "111119150", "111119300", "111120190", "111121930", "112116401", "112116501", "112116900", "112118471", "112118511", "112119320", "112119500", "112120700", "112120990", "113117550", "113117630", "113118231", "113118511", "113118810", "113119320", "113119340", "113119930", "113121950", "113122170", "113122230", "113122320", "113122430", "113122650"], "labels": [2, 2, 1, 3, 0, 1, 0, 0, 3, 3, 3, 3, 2, 3, 2, 2, 1, 3, 3, 1, 2, 2, 2, 0, 2, 2, 0, 2, 3, 3, 3, 2, 2, 2, 1, 3, 0, 1, 1, 1, 0, 1, 2, 3, 2, 0, 1, 2, 1, 1, 2, 1, 0, 1, 0, 0, 0, 1, 1, 2, 0, 0, 1, 1, 1, 1, 1, 0, 1, 0, 2, 3, 3, 3, 1, 1, 1, 1, 1, 1, 0, 3, 0, 0, 3, 1, 3, 3, 0, 0, 3, 3, 3, 2, 0, 1, 0, 3, 0, 1, 1, 3, 3, 0, 3, 3, 0, 1, 0, 2, 0, 3, 0, 0, 0, 3, 1, 3, 1, 0, 3, 3, 1, 1, 1, 2, 2, 2, 3, 0, 3, 1, 3, 1, 0, 1, 3, 1, 1, 1, 2, 2], "predicted_labels": [3, 1, 1, 0, 3, 3, 1, 2, 1, 0, 3, 0, 3, 3, 1, 2, 1, 3, 2, 1, 3, 2, 3, 3, 1, 3, 1, 0, 3, 1, 1, 3, 1, 0, 1, 3, 0, 2, 1, 1, 1, 3, 3, 1, 1, 3, 0, 0, 3, 3, 3, 0, 3, 3, 3, 3, 1, 1, 3, 3, 3, 3, 3, 0, 0, 3, 3, 3, 1, 3, 1, 1, 1, 3, 3, 0, 1, 3, 3, 3, 0, 0, 1, 0, 0, 0, 3, 3, 3, 0, 1, 3, 3, 3, 3, 1, 0, 3, 0, 3, 3, 1, 3, 3, 1, 3, 3, 3, 3, 1, 1, 0, 0, 1, 1, 3, 1, 3, 3, 0, 3, 3, 0, 0, 1, 1, 1, 1, 3, 1, 3, 1, 1, 3, 0, 3, 0, 2, 1, 3, 1, 0], "confidence_scores": [[0.15170293260913503, 0.17743044379973116, 0.3376109076401856, 0.3332557159509479], [0.1403331398961794, 0.7866143242632524, 0.02080693887409484, 0.05224559696647329], [0.13208176697042584, 0.3546147247236761, 0.2252290304748181, 0.28807447783107987], [0.7285295261285881, 0.039296825842186175, 0.012214401398786332, 0.2199592466304394], [0.13871039910569247, 0.18757329977113193, 0.3428605294761013, 0.3308557716470747], [0.07782369452813385, 0.1315061971084344, 0.5105417543050105, 0.28012835405842146], [0.35237347284415915, 0.37224310785898357, 0.20864596545928474, 0.06673745383757235], [0.17356142569252347, 0.06671708179811811, 0.6433292129136655, 0.11639227959569322], [0.08070214790931453, 0.4746274098769642, 0.21460846026756591, 0.23006198194615524], [0.7239861569213348, 0.00562893636829323, 0.002301179665119445, 0.26808372704525213], [0.36691344004121934, 0.2714682726530991, 0.0028006804626257995, 0.358817606843056], [0.45212710791837285, 0.22605039119258036, 0.08146144554814375, 0.24036105534090302], [0.08970500539249984, 0.3068473881369163, 0.36960510886790077, 0.2338424976026829], [0.33340641885724176, 0.3293663755298273, 0.05078896297043688, 0.2864382426424939], [0.1028921786083134, 0.8792733297377942, 0.01048840581690248, 0.0073460858369896334], [0.06509284217396649, 0.11055943843166867, 0.6648306608461423, 0.15951705854822273], [0.021812010646093057, 0.6267586821535424, 0.21571913623981478, 0.13571017096054971], [0.13824640814815464, 0.15186229105531926, 0.19318812770343616, 0.51670317309309], [0.07405426898529245, 0.06593251357467103, 0.7706025305406073, 0.08941068689942905], [0.25340357177187117, 0.44521918579912434, 0.11540939164182805, 0.18596785078717668], [0.020933971874254952, 0.2071939474824077, 0.5805788933577478, 0.19129318728558992], [0.021991138518090855, 0.13106379931876702, 0.7590610359616662, 0.08788402620147606], [0.08366637971184417, 0.10701488250342878, 0.5424060676056, 0.2669126701791274], [0.28867666881789045, 0.13955782427801233, 0.11021429556745273, 0.46155121133664406], [0.05910845570628044, 0.25065489804362057, 0.5832191283284376, 0.10701751792166136], [0.03309251690151959, 0.18566199444883918, 0.5117739085083672, 0.26947158014127376], [0.21325238594261545, 0.5672975065616866, 0.035719866288707436, 0.18373024120699058], [0.526999389783707, 0.14519368614085754, 0.0231006482286345, 0.304706275846801], [0.13230822137388243, 0.03707590480297763, 0.14145757621410465, 0.6891582976090352], [0.20238884710684826, 0.6747124295977839, 0.03438099229829111, 0.08851773099707656], [0.233511965954797, 0.34008291530795326, 0.25890268310492937, 0.16750243563232042], [0.01385784850168962, 0.3690521733490098, 0.10698748715401606, 0.510102490995284], [0.1277857279667206, 0.3791428192002354, 0.19297965084743637, 0.30009180198560786], [0.7590988525031245, 0.005239992956229407, 0.032769727246375474, 0.2028914272942707], [0.06524375419877203, 0.6873437937603791, 0.15787176613736797, 0.08954068590348123], [0.276944033081311, 0.06958100545059649, 0.3924198143340556, 0.26105514713403705], [0.5679672722004969, 0.05025800572387508, 0.17535034859339027, 0.20642437348223786], [0.06448807126167423, 0.058442796084202456, 0.783682715704905, 0.093386416949218], [0.3802270962774931, 0.3639023066173358, 0.06289958070846137, 0.19297101639670972], [0.059265628582100674, 0.4286437995445436, 0.2476320385935747, 0.26445853327978097], [0.20038594758351613, 0.7530525837938755, 0.00451286346228645, 0.042048605160321786], [0.3948952165908503, 0.04760245570379781, 0.17607427617750254, 0.38142805152784937], [0.04007754178218066, 0.3097831637493413, 0.3097814313859943, 0.3403578630824836], [0.03212505031504793, 0.5667898580242184, 0.07450848776761386, 0.3265766038931198], [0.1391667291224675, 0.2619670983982012, 0.4302175568201639, 0.16864861565916744], [0.04334719382110889, 0.007449701982747386, 0.0026026417274488674, 0.946600462468695], [0.5978961905960377, 0.12749971424513235, 0.0487154164651049, 0.2258886786937256], [0.5243843504956076, 0.11112815809021673, 0.12149680462228162, 0.242990686791894], [0.17372246031876826, 0.27001275450386175, 0.15362679120420458, 0.40263799397316513], [0.01044836742576906, 0.2503990850777637, 0.09140583781702488, 0.6477467096794424], [0.12669696517787912, 0.1348179545301006, 0.26641956874578404, 0.47206551154623605], [0.6711338961252671, 0.04366360558827572, 0.10789360106598607, 0.17730889722047136], [0.46877554856758014, 0.055728825224054965, 0.027845714987731397, 0.44764991122063347], [0.28111609652827324, 0.019574475462425578, 0.030273732218363585, 0.6690356957909378], [0.33144189857450573, 0.11021392793531277, 0.2934783259750119, 0.26486584751516995], [0.03124801680301546, 0.3676741962645978, 0.0379800117657674, 0.5630977751666194], [0.34438459467024435, 0.4059902653777, 0.04701481996627922, 0.2026103199857765], [0.29716258499621656, 0.39374418987275495, 0.07158508005151691, 0.2375081450795119], [0.49557566448147466, 0.06798909218841134, 0.0010203291343389414, 0.43541491419577544], [0.14380047412335834, 0.2437502143466934, 0.1810924163294473, 0.43135689520050097], [0.3390547934894755, 0.10087264023198451, 0.06390028980420323, 0.4961722764743368], [0.2011512017711407, 0.08837167892971594, 0.3442471308576325, 0.36622998844151106], [0.45932683692462595, 0.13281422741525453, 0.019972105929890967, 0.3878868297302286], [0.8552973206378882, 0.0292746749564556, 0.00023918921654703432, 0.1151888151891091], [0.9508055405426317, 0.02208331780170333, 0.0060384557276543785, 0.02107268592801061], [0.18017396332472732, 0.16046917236786837, 0.2450696275281835, 0.4142872367792208], [0.18746252112529949, 0.2523978246189511, 0.2698066264062446, 0.29033302784950477], [0.1946152407138621, 0.22142400105704088, 0.1650782085256723, 0.41888254970342464], [0.06811462863149856, 0.6549706656046437, 0.06622654565748481, 0.21068816010637256], [0.14414433381499508, 0.3585335064972721, 0.18844025723278207, 0.3088819024549508], [0.04401297218282297, 0.7547830728732173, 0.09515034372646203, 0.10605361121749794], [0.09930018248997062, 0.7979894941446017, 0.028045259283960924, 0.07466506408146681], [0.029492344534669108, 0.465756071522502, 0.33146390693546396, 0.17328767700736494], [0.05534201966219654, 0.3101385565058216, 0.1343101129746016, 0.5002093108573803], [0.08529307149432833, 0.3220308842418067, 0.11582735001046268, 0.47684869425340204], [0.31992958632728097, 0.13289036618728495, 0.34809194835182117, 0.19908809913361328], [0.12113689104837659, 0.5769784788624426, 0.0952132194710946, 0.20667141061808628], [0.19068073594569288, 0.22091694394929498, 0.25297468272373963, 0.33542763738127257], [0.1375238130383044, 0.2645887993946461, 0.128216021007754, 0.4696713665592955], [0.23658004639767902, 0.17716155172124423, 0.1600342722374942, 0.4262241296435828], [0.7260697487452844, 0.1336917251868721, 0.045917459681602775, 0.09432106638624077], [0.6735534155919578, 0.13722877433260167, 0.01530226871377479, 0.17391554136166587], [0.10471418559833912, 0.7000087578755417, 0.018113066194581, 0.177163990331538], [0.565981994258248, 0.03136809921848514, 0.28929342145183495, 0.11335648507143203], [0.5802969461482795, 0.11945598945635912, 0.004157792201736654, 0.29608927219362485], [0.3742860979275543, 0.30278057702541034, 0.07960224990967742, 0.24333107513735822], [0.23184052359054372, 0.05866351281785338, 0.06953954541065979, 0.6399564181809428], [0.026776698516441575, 0.13423499286302124, 0.5451633557289681, 0.2938249528915687], [0.10221441326191878, 0.16129150583812435, 0.13346620998236688, 0.6030278709175902], [0.5137809441994157, 0.23902049534579134, 0.055115291730643966, 0.19208326872414894], [0.013268021120853716, 0.3711270669928738, 0.4222697394948285, 0.1933351723914441], [0.16017845474686207, 0.18721720425563185, 0.14386126443749445, 0.5087430765600116], [0.13637413446137917, 0.30738946611453016, 0.1108820461184411, 0.4453543533056496], [0.018655931002704827, 0.11342775621792707, 0.37289035984201324, 0.495025952937355], [0.2914490976227574, 0.21236019100534392, 0.06634559615878469, 0.4298451152131139], [0.27213065564333616, 0.3734865109248825, 0.1605217207725994, 0.1938611126591816], [0.708558461374257, 0.15265604133337513, 0.004428312488471168, 0.13435718480389652], [0.08335241951363286, 0.1119658871882424, 0.03980782776582153, 0.7648738655323033], [0.9253547893349465, 0.008014574671609669, 0.00933889993837059, 0.05729173605507325], [0.23413706068711332, 0.20137639003353505, 0.20213049816355122, 0.3623560511158006], [0.31956862352683824, 0.12627146963683727, 0.10830823576134806, 0.4458516710749767], [0.2533655189303195, 0.36747855311777294, 0.35497800538970437, 0.024177922562203115], [0.16158147429284578, 0.2691169324335436, 0.18518958349891046, 0.38411200977470056], [0.1447219683542531, 0.3146451228201276, 0.16755536753530828, 0.3730775412903117], [0.4420525090292186, 0.48107550473926125, 0.021764379944735866, 0.055107606286784426], [0.27957401148722394, 0.3423064854545686, 0.01643359133649722, 0.36168591172171044], [0.2923077855005853, 0.23728695353755985, 0.06374289678968974, 0.4066623641721655], [0.13564872632540684, 0.3000763147947908, 0.1833421528554677, 0.3809328060243346], [0.18445336262093992, 0.2133446688166506, 0.031300452181238225, 0.5709015163811715], [0.033589592875216644, 0.8426650775205188, 0.02751830343543814, 0.09622702616882634], [0.025214452785328044, 0.33169402916465734, 0.49560675094695394, 0.14748476710306094], [0.705897213613696, 0.08977432808298896, 0.04914045151847446, 0.1551880067848406], [0.676160397681417, 0.018476765964335586, 0.02605907012998407, 0.27930376622426345], [0.03018294795989417, 0.2095239301384585, 0.6198865394201774, 0.14040658248146987], [0.02436611645064318, 0.791158398540347, 0.14716986905586874, 0.0373056159531413], [0.0886793816769676, 0.2289913653471783, 0.17101668680876264, 0.5113125661670912], [0.058645502971491625, 0.7527634607977515, 0.04243876914949135, 0.14615226708126544], [0.05660506305719218, 0.11954047660804827, 0.6487997708325994, 0.17505468950216], [0.09167380671953491, 0.17103633858430467, 0.4540271930952358, 0.2832626616009245], [0.8722340410183196, 0.005807398052353517, 0.0011007386537825689, 0.1208578222755443], [0.37253423122727924, 0.30487533392373206, 0.002426486913050696, 0.32016394793593783], [0.3613381430694355, 0.046144713213898625, 0.060039878396729585, 0.5324772653199362], [0.46467766712555797, 0.2972836309658865, 0.09000686986398958, 0.14803183204456588], [0.6683233965882266, 0.22575671403208925, 0.058172540538937986, 0.04774734884074621], [0.002813344647498389, 0.6429419751120297, 0.2975415031514461, 0.05670317708902582], [0.20023515511930218, 0.19496164700167956, 0.4559623318995746, 0.14884086597944363], [0.09040425837551298, 0.4438154879692013, 0.12607132130943494, 0.33970893234585087], [0.14103724983787938, 0.4693172635864609, 0.0722530161418925, 0.3173924704337671], [0.07361697616530848, 0.08475920935403085, 0.2312926434048024, 0.6103311710758584], [0.11807589077569917, 0.45027544963783744, 0.13732622088447327, 0.2943224387019903], [0.08750965289343178, 0.32210009930049593, 0.1732639720766888, 0.4171262757293835], [0.06532323794624928, 0.5166795598405614, 0.18350494011641372, 0.234492262096776], [0.06313530414664699, 0.6779894432055223, 0.030427859868926998, 0.22844739277890386], [0.03984266788859623, 0.1842909622119379, 0.03396723216319849, 0.7418991377362674], [0.6922619754473878, 0.03276220140785462, 0.036330914564340094, 0.2386449085804175], [0.21935396866861331, 0.09466026784237364, 0.07448904960999778, 0.6114967138790152], [0.6159010051609863, 0.08382361346960307, 0.03549088571044328, 0.2647844956589673], [0.012635377164860632, 0.05271513893488095, 0.7982834172757826, 0.13636606662447595], [0.0825232798378027, 0.4868326660555779, 0.33557170997182273, 0.09507234413479682], [0.08289206404040662, 0.1423826594600774, 0.033372037850034245, 0.7413532386494818], [0.03870294902444753, 0.7585420941298843, 0.07391373050598649, 0.12884122633968145], [0.37551899975016817, 0.11706574918196111, 0.30122962628242883, 0.20618562478544178]]}}