{"test": {"ids": ["112119950", "112117780", "102110890", "111116640", "100111390", "111120540", "111121351", "112119610", "109115211", "106113360", "105119950", "102109850", "98107340", "99112840", "112117571", "113121220", "104117630", "106118161", "109116810", "107116501", "97105451", "113118870", "105115250", "112116451", "108120700", "112116610", "99111620", "108120621", "111119580", "109114220", "100116790", "107114140", "101108950", "104116800", "113121010", "97114170", "97106770", "98108370", "111116110", "111120260", "102110240", "97113900", "109113281", "99111930", "102110690", "103110220", "107116980", "105116980", "107113550", "106117650", "111120280", "101119591", "111120320", "112121010", "111116530", "107120880", "112117431", "110117140", "103109791", "108115970", "107117010", "102110500", "107120010", "113122230", "112116401", "111120591", "106113170", "110118121", "109115070", "108118630", "110115140", "111116040", "103111480", "110114720", "100111270", "104113000", "107114490", "106111321", "97116401", "111116990", "113117550", "98106880", "112116850", "103118291", "103111990", "108117610", "97111790", "109118820", "105119550", "112116880", "107114621", "107113180", "113120070", "106114150", "113121680", "113121950", "103113101", "112116290", "99109740", "98106560", "113122170", "103112470", "110116290", "104113240", "98107410", "102121700", "110121170", "113118111", "103113610", "112118581", "113122180", "113120591", "111116010", "109116170", "100111380", "110117870", "103110760", "113120601", "107120260", "100109330", "108113760", "99108580", "110120700", "103111170", "107113260", "106113260", "105113210", "105113440", "98116090", "108116070", "101112160", "110115250", "110118630", "110115580", "104118340", "112120700", "112121351", "99108010", "108121410", "100109910", "102109840", "105111990"], "labels": [0, 0, 0, 0, 2, 1, 0, 0, 0, 0, 3, 1, 0, 2, 3, 3, 0, 3, 3, 1, 0, 0, 2, 0, 2, 1, 3, 1, 3, 3, 2, 2, 2, 1, 2, 2, 3, 1, 3, 3, 3, 2, 0, 1, 0, 2, 3, 0, 0, 1, 0, 0, 1, 2, 3, 1, 0, 3, 3, 2, 1, 3, 1, 1, 0, 1, 0, 3, 0, 1, 0, 0, 0, 3, 2, 1, 3, 0, 3, 0, 3, 0, 0, 0, 2, 3, 2, 3, 1, 0, 0, 3, 2, 1, 1, 3, 3, 0, 3, 1, 1, 1, 2, 2, 3, 1, 2, 1, 2, 1, 2, 0, 1, 0, 3, 3, 1, 2, 1, 0, 1, 0, 2, 2, 0, 3, 3, 0, 0, 1, 3, 1, 1, 1, 2, 2, 0, 2, 0, 2, 2, 2], "predicted_labels": [0, 0, 2, 1, 1, 1, 1, 3, 3, 1, 1, 1, 2, 1, 3, 3, 0, 1, 0, 1, 0, 3, 1, 0, 3, 1, 1, 1, 0, 1, 1, 1, 2, 3, 3, 3, 2, 2, 3, 1, 0, 0, 3, 1, 3, 3, 1, 1, 2, 1, 3, 0, 3, 1, 1, 3, 0, 3, 2, 3, 3, 3, 3, 1, 0, 3, 1, 3, 1, 3, 3, 0, 3, 2, 1, 0, 1, 0, 3, 0, 3, 2, 3, 1, 1, 3, 3, 3, 0, 1, 3, 2, 2, 0, 1, 3, 0, 1, 1, 0, 1, 1, 2, 1, 2, 1, 3, 3, 2, 1, 3, 3, 1, 1, 1, 3, 1, 1, 1, 1, 0, 2, 0, 1, 1, 1, 3, 3, 1, 1, 3, 1, 1, 0, 1, 3, 0, 1, 1, 2, 1, 3], "confidence_scores": [[0.9304805295827848, 0.029699872391112405, 0.000624244053324163, 0.03919535397277863], [0.7878779770733118, 0.11967998864337331, 0.011086304316607027, 0.08135572996670822], [0.16726490386212273, 0.015468021740604656, 0.6376121779186842, 0.17965489647858887], [0.37967019814259967, 0.263597490972642, 0.2546415487570373, 0.1020907621277209], [0.2822470872835751, 0.5493125736284381, 0.0513389675440632, 0.11710137154392357], [0.057678242850363486, 0.8230689593217914, 0.07906438616373478, 0.04018841166411039], [0.2520831382834495, 0.47673781303062973, 0.04029420362521009, 0.230884845060711], [0.12242015170350935, 0.17026593279091568, 0.21184204338004142, 0.49547187212553323], [0.06510963147626972, 0.1465075040020583, 0.012392451418178593, 0.7759904131034933], [0.17688699093357854, 0.7594124480967182, 0.02579634899337549, 0.03790421197632812], [0.13759229668352224, 0.7494253502004936, 0.04481424675157171, 0.06816810636441248], [0.11433905264367653, 0.7341686736992968, 0.1300227554786384, 0.021469518178388568], [0.019516871510754746, 0.044669240786208105, 0.8503615513621539, 0.08545233634088306], [0.14761121635953275, 0.457613566526616, 0.1390085499271407, 0.25576666718671065], [0.17966221703313723, 0.10230713817673923, 0.01274674558658086, 0.7052838992035427], [0.07430440180689928, 0.03763047063725435, 0.08269389695808518, 0.8053712305977614], [0.6772371152314425, 0.14141008892766568, 0.004464059777491247, 0.1768887360634009], [0.301620166614163, 0.363281324605792, 0.05571008983695656, 0.2793884189430882], [0.35020107426277847, 0.2662161588899153, 0.051457828921464166, 0.33212493792584225], [0.2075456295613724, 0.4390128198863983, 0.03786825766697273, 0.31557329288525676], [0.8837704736874238, 0.039973717408659695, 0.004005653211619324, 0.0722501556922975], [0.1116649320196381, 0.37045928524184, 0.028263118511771365, 0.4896126642267506], [0.1344253878651185, 0.6891957711550432, 0.13901857503978302, 0.03736026594005523], [0.8060997855441776, 0.1120776836892207, 0.00530665445479273, 0.07651587631180898], [0.1671953872844912, 0.15611178395633193, 0.05521337026277772, 0.6214794584963994], [0.313046372105262, 0.47589832042985236, 0.13565752197543957, 0.07539778548944624], [0.0528650851043121, 0.435516502563062, 0.12770596639285303, 0.3839124459397725], [0.2880472365555888, 0.5503588099002055, 0.036241056228148806, 0.12535289731605673], [0.9322578793558762, 0.028786454609633957, 0.022332221464263294, 0.016623444570226263], [0.07809191226757581, 0.7599672949848737, 0.03672207618576805, 0.12521871656178218], [0.30973396579979545, 0.42342848475791967, 0.13729699145922794, 0.1295405579830569], [0.15376551735186555, 0.7632693403478582, 0.014112467040775704, 0.0688526752595005], [0.14980266303478063, 0.06310484185238223, 0.5244328801258727, 0.2626596149869642], [0.21275694677666926, 0.12117186412301373, 0.03615423640049896, 0.6299169526998184], [0.10835274797574788, 0.35851923858204215, 0.05474199622113369, 0.47838601722107627], [0.05852438770514728, 0.27164979462008665, 0.09250364767743473, 0.5773221699973312], [0.1035170496843168, 0.02775354269176109, 0.8427341106115688, 0.025995297012352925], [0.006537496100728885, 0.012678988783695912, 0.9625778554166524, 0.01820565969892238], [0.09788234661084459, 0.03427923831705624, 0.12979299774008735, 0.738045417332012], [0.4861960158788212, 0.3982553300372218, 0.009134799577528937, 0.10641385450642805], [0.46481273057516004, 0.23107586000824515, 0.11980878674147995, 0.1843026226751147], [0.37336925139503363, 0.17506307120707493, 0.37786211944627357, 0.07370555795161779], [0.41580436671428506, 0.06579754738999304, 0.0008269272018220902, 0.5175711586938999], [0.003788653845659346, 0.8378412613447195, 0.07665037506248402, 0.08171970974713712], [0.25232806627350834, 0.28054574124100523, 0.021965617606870148, 0.4451605748786161], [0.030607151945473112, 0.21640312839868361, 0.32683935769572375, 0.42615036196011913], [0.39254190114557175, 0.515550391672731, 0.07050312351473985, 0.02140458366695745], [0.296027204100311, 0.6460434682667575, 0.034703207538401566, 0.023226120094530258], [0.2020575613340084, 0.10985800331946605, 0.5257760156631207, 0.16230841968340504], [0.31604998735877354, 0.3206712464929379, 0.16514954122809195, 0.1981292249201965], [0.2063473941207502, 0.32598698439801754, 0.0038769193302507, 0.46378870215098156], [0.7971286943984075, 0.015279833860899152, 0.011312996029959246, 0.17627847571073427], [0.04862648715033576, 0.069664309768031, 0.030725159845831174, 0.8509840432358018], [0.09828465818709312, 0.5532706491919581, 0.12443327745629221, 0.2240114151646564], [0.06329611291912669, 0.8936810206752029, 0.010218250315839523, 0.03280461608983097], [0.11916628840074774, 0.05597129062200578, 0.31942035911131145, 0.5054420618659349], [0.5623294668181656, 0.14367665552376446, 0.017474752557080676, 0.2765191251009893], [0.13071884842074222, 0.2542490666549461, 0.0872763375982057, 0.5277557473261056], [0.10594558226809402, 0.04713115830455392, 0.5745514507858306, 0.2723718086415215], [0.11997590422108163, 0.10091448489947488, 0.01893092079611272, 0.7601786900833307], [0.03535268414479567, 0.018054213944658705, 0.4569076117840767, 0.48968549012646884], [0.27589087458294975, 0.05193011771114228, 0.10592220055796359, 0.5662568071479444], [0.10162107885791165, 0.14213864696247142, 0.39491931110840367, 0.3613209630712133], [0.1791118775438252, 0.6156661064097882, 0.08172686015171553, 0.12349515589467056], [0.7822360909437104, 0.020022602506003764, 0.007058515023036584, 0.19068279152724926], [0.3009138708952434, 0.06335496719845658, 0.010707127212935002, 0.6250240346933649], [0.06318934810729368, 0.8771188524455807, 0.003002959265104471, 0.056688840182021], [0.08969895072319108, 0.10055840819745655, 0.0006859807117977589, 0.8090566603675544], [0.0327183934626908, 0.940705122875175, 0.006045383599830074, 0.020531100062304145], [0.029583418436283593, 0.15032389450059974, 0.015208407858474417, 0.8048842792046423], [0.2721589965157236, 0.14041513218119153, 0.04314459406824743, 0.5442812772348374], [0.661938036851145, 0.10382375566851552, 0.05267024093471445, 0.1815679665456254], [0.21588365375971952, 0.39228498041493726, 0.07493695855566015, 0.31689440726968315], [0.010309945462063916, 0.018864646022335264, 0.9560924751891202, 0.014732933326480376], [0.03271519822833967, 0.3649603282410518, 0.4952341083624032, 0.10709036516820553], [0.7985827152847558, 0.007308475803074584, 0.009860172329895722, 0.18424863658227444], [0.0707831873596017, 0.38992364743126906, 0.15067064396532104, 0.38862252124380836], [0.4148146444064195, 0.367894325678113, 0.08259127127729106, 0.13469975863817638], [0.03914834854579929, 0.2600339103185127, 0.3278955251202234, 0.37292221601546494], [0.5819323235270806, 0.2530028087115611, 0.024149915445352693, 0.14091495231600568], [0.12925024719707556, 0.1099594220339991, 0.17173791178207962, 0.5890524189868463], [0.05114983073704799, 0.043510194255796816, 0.8414063747894615, 0.06393360021769405], [0.36706697895698126, 0.08073911949808751, 0.1302221488167082, 0.4219717527282228], [0.0679624759432786, 0.6417472314719035, 0.13187978363626224, 0.15841050894855532], [0.07436201512533078, 0.7827687385340921, 0.05040719825538547, 0.09246204808519166], [0.42834047696887306, 0.0630100630256469, 0.0014235332472865808, 0.5072259267581936], [0.08774122537856828, 0.05991771711578819, 0.14903239687802045, 0.7033086606276228], [0.22177938823975468, 0.2954678350694153, 0.14514376851341812, 0.337609008177412], [0.5208306602882874, 0.209614436860869, 0.029994927132300408, 0.23955997571854337], [0.09905327965836414, 0.7076790291281156, 0.06857335973846086, 0.12469433147505929], [0.02025885946183823, 0.37081425937295, 0.007812751969353167, 0.6011141291958583], [0.1078706968284786, 0.1251014100121483, 0.7392818339379148, 0.02774605922145834], [0.10655905368456828, 0.04830168152581396, 0.7415302922997273, 0.1036089724898904], [0.7677422587257128, 0.09355094736779263, 0.08612750575170282, 0.05257928815479161], [0.048350448460497075, 0.6734682411533306, 0.09474336501945443, 0.18343794536671812], [0.053391534265066515, 0.33829702792813093, 0.1471139825363989, 0.4611974552704034], [0.29182772541851115, 0.36266352796093904, 0.06186966617794256, 0.2836390804426074], [0.06293996783208297, 0.6480209694983761, 0.014776943301836312, 0.2742621193677047], [0.01665992735790821, 0.8705899983305335, 0.09912414853426263, 0.01362592577729559], [0.3374668110319324, 0.18519555416276728, 0.2304525216456784, 0.24688511315962208], [0.056018507244167896, 0.4037816972730384, 0.2019641395277787, 0.33823565595501526], [0.18700061091340411, 0.41594836090720533, 0.09686128644242281, 0.30018974173696766], [0.10548695417845085, 0.015973826927406495, 0.8397067801321952, 0.03883243876194761], [0.021134499761475356, 0.9014354457919738, 0.053381051001708785, 0.024049003444842062], [0.21874625848337226, 0.04961220530918763, 0.43530776504002955, 0.29633377116741044], [0.17472931529562538, 0.7632952468598568, 0.026151992085887466, 0.03582344575863005], [0.06297661793363207, 0.07695977585605994, 0.2695390889258942, 0.5905245172844137], [0.13094860869496094, 0.03813317372029116, 0.02112211679494405, 0.8097961007898036], [0.21198708615895523, 0.21584820518951917, 0.51444329731607, 0.057721411335455906], [0.029382540246155858, 0.4053488544699287, 0.4369366003777006, 0.12833200490621471], [0.1638855388643176, 0.22999981631381458, 0.03953562047375318, 0.5665790243481149], [0.4167960175687532, 0.07974763333245799, 0.0035737440238027816, 0.4998826050749859], [0.017987538493451784, 0.7714975500150599, 0.15105461140384768, 0.05946030008764056], [0.007637922962888645, 0.5796308008368485, 0.016313847144757525, 0.39641742905550514], [0.37596000183032074, 0.5136357375856078, 0.01551101002718738, 0.0948932505568842], [0.08737164256135822, 0.16334411070403687, 0.2384758220690572, 0.5108084246655479], [0.16317567562371368, 0.6552027705270913, 0.03409103928345826, 0.1475305145657367], [0.14780807096505233, 0.41681329975055653, 0.1026448939963908, 0.33273373528800015], [0.46626330280075384, 0.45951753317276167, 0.02784539651786621, 0.0463737675086182], [0.2994928125695086, 0.560821574531089, 0.027980095394991394, 0.11170551750441124], [0.45281410165507346, 0.21640863666506782, 0.19410830837262097, 0.13666895330723758], [0.026679770734531524, 0.14120274265833485, 0.8218394078263624, 0.01027807878077115], [0.5390217411025483, 0.0926421410971618, 0.06185844573998238, 0.30647767206030746], [0.10030455290746584, 0.3232628947494036, 0.45764410356059554, 0.11878844878253479], [0.06627627861021884, 0.8575497559819927, 0.03930493894425407, 0.036869026463534425], [0.2087591962468003, 0.6058469065297563, 0.10329652745306787, 0.0820973697703758], [0.03561541200008264, 0.1204572984919863, 0.004502551293939101, 0.8394247382139923], [0.3085681968542189, 0.17002790711532678, 0.21858134206486307, 0.3028225539655914], [0.12668141513547013, 0.6259217824260676, 0.17607767765181626, 0.07131912478664597], [0.09776300200443228, 0.5736687729568407, 0.2938436217795074, 0.034724603259219354], [0.03179409868968401, 0.1047715228433703, 0.3989280659581769, 0.46450631250876867], [0.0580896550481351, 0.4835878958873211, 0.012891494949359924, 0.44543095411518385], [0.059440104225055294, 0.4595711573120482, 0.05154445896554291, 0.4294442794973536], [0.5847201509763231, 0.11433322396085852, 0.12500484211476726, 0.1759417829480511], [0.052722099546321795, 0.5127621622742929, 0.14631728007207875, 0.28819845810730677], [0.03378023225540848, 0.42502422203134166, 0.12117154918852657, 0.4200239965247234], [0.6046016329974487, 0.03556261408394077, 0.004255671820219128, 0.35558008109839173], [0.03289257265002457, 0.6696437851233416, 0.24567328958831577, 0.05179035263831814], [0.08443107298567747, 0.8743299834958906, 0.004533272426576472, 0.03670567109185565], [0.0028956172012500362, 0.00974159331019154, 0.9851175693834392, 0.0022452201051190728], [0.03664161406842394, 0.8555088817072999, 0.07232222383346142, 0.03552728039081452], [0.3771325269303623, 0.07900140015344827, 0.004319930454607656, 0.5395461424615822]]}, "rewritten": {"ids": ["97105451", "97106770", "97111790", "97113900", "97114170", "97116401", "98106560", "98106880", "98107340", "98107410", "98108370", "98116090", "99108010", "99108580", "99109740", "99111620", "99111930", "99112840", "100109330", "100109910", "100111270", "100111380", "100111390", "100116790", "101108950", "101112160", "101119591", "102109840", "102109850", "102110240", "102110500", "102110690", "102110890", "102121700", "103109791", "103110220", "103110760", "103111170", "103111480", "103111990", "103112470", "103113101", "103113610", "103118291", "104113000", "104113240", "104116800", "104117630", "104118340", "105111990", "105113210", "105113440", "105115250", "105116980", "105119550", "105119950", "106111321", "106113170", "106113260", "106113360", "106114150", "106117650", "106118161", "107113180", "107113260", "107113550", "107114140", "107114490", "107114621", "107116501", "107116980", "107117010", "107120010", "107120260", "107120880", "108113760", "108115970", "108116070", "108117610", "108118630", "108120621", "108120700", "108121410", "109113281", "109114220", "109115070", "109115211", "109116170", "109116810", "109118820", "110114720", "110115140", "110115250", "110115580", "110116290", "110117140", "110117870", "110118121", "110118630", "110120700", "110121170", "111116010", "111116040", "111116110", "111116530", "111116640", "111116990", "111119580", "111120260", "111120280", "111120320", "111120540", "111120591", "111121351", "112116290", "112116401", "112116451", "112116610", "112116850", "112116880", "112117431", "112117571", "112117780", "112118581", "112119610", "112119950", "112120700", "112121010", "112121351", "113117550", "113118111", "113118870", "113120070", "113120591", "113120601", "113121010", "113121220", "113121680", "113121950", "113122170", "113122180", "113122230"], "labels": [0, 3, 2, 2, 2, 3, 1, 0, 0, 3, 1, 0, 2, 0, 3, 3, 1, 2, 0, 2, 2, 3, 2, 2, 2, 3, 0, 2, 1, 3, 3, 0, 0, 1, 3, 2, 1, 2, 0, 2, 1, 3, 2, 0, 1, 2, 1, 0, 2, 2, 3, 0, 2, 0, 1, 3, 0, 0, 3, 0, 1, 1, 3, 3, 0, 0, 2, 3, 0, 1, 3, 1, 1, 1, 1, 1, 2, 1, 3, 1, 1, 2, 0, 0, 3, 0, 0, 0, 3, 3, 3, 0, 1, 1, 2, 3, 3, 3, 1, 2, 2, 1, 0, 3, 3, 0, 0, 3, 3, 0, 1, 1, 1, 0, 0, 0, 0, 1, 0, 0, 0, 3, 0, 1, 0, 0, 2, 2, 0, 3, 1, 0, 2, 0, 2, 2, 3, 1, 3, 1, 2, 1], "predicted_labels": [0, 2, 3, 2, 3, 3, 1, 2, 2, 0, 2, 1, 1, 2, 1, 1, 1, 1, 0, 2, 1, 1, 0, 0, 3, 2, 0, 1, 1, 3, 3, 3, 2, 1, 3, 3, 1, 1, 3, 1, 1, 0, 1, 1, 0, 1, 0, 0, 3, 3, 3, 1, 1, 1, 0, 1, 0, 1, 1, 1, 0, 1, 3, 2, 0, 2, 1, 1, 3, 1, 1, 3, 3, 1, 3, 0, 3, 0, 0, 3, 1, 3, 1, 3, 1, 1, 3, 1, 1, 3, 2, 3, 3, 0, 2, 3, 1, 3, 1, 1, 0, 1, 0, 3, 1, 1, 0, 0, 1, 3, 3, 1, 3, 1, 3, 3, 0, 0, 0, 1, 0, 3, 0, 3, 1, 0, 1, 3, 3, 3, 3, 1, 2, 3, 1, 3, 3, 1, 3, 1, 3, 1], "confidence_scores": [[0.705566026466345, 0.1357981799673507, 0.009884395202812798, 0.14875139836349163], [0.12237760195584431, 0.07194609806983623, 0.7548946378940246, 0.05078166208029485], [0.061347901006222276, 0.07493191628310529, 0.03772767191772862, 0.8259925107929438], [0.20433983005008904, 0.1942715835883047, 0.531757859620592, 0.06963072674101445], [0.08337843776047978, 0.4098548751085684, 0.04433970439523358, 0.4624269827357179], [0.14159998421652367, 0.16088599093089684, 0.10538889454911063, 0.5921251303034689], [0.3297247987951922, 0.4242572860690604, 0.13987613377309419, 0.10614178136265315], [0.07504988931038038, 0.1835263662474022, 0.6677709433965887, 0.0736528010456285], [0.02918105734645192, 0.041802885960543885, 0.8517282621432217, 0.07728779454978262], [0.754527870450739, 0.022654384355407148, 0.1828428473998621, 0.03997489779399199], [0.011583831315404565, 0.011388984235624589, 0.9715694847708749, 0.0054576996780960054], [0.12388674006183605, 0.7365875671239462, 0.05720327293364149, 0.08232241988057636], [0.03157718290824501, 0.604862028812008, 0.15023327481358634, 0.21332751346616044], [0.14938185617136626, 0.1245652980127152, 0.7172187279249137, 0.008834117891004566], [0.0147345447462662, 0.9020913924247873, 0.0741511967556177, 0.00902286607332841], [0.05093678644002921, 0.5866560997525943, 0.10290093549698674, 0.2595061783103902], [0.032519047295782026, 0.6662483742830728, 0.22080803106774782, 0.08042454735339731], [0.08650141899553139, 0.6068634118286399, 0.11958518930096966, 0.18704997987485902], [0.3599820304337663, 0.30114598302982554, 0.08297115134382714, 0.2559008351925812], [0.01571849217029429, 0.02281602463743373, 0.9541167620455535, 0.007348721146718298], [0.048707141638093886, 0.6322238084208007, 0.2326147693364165, 0.08645428060468839], [0.42190430737357065, 0.5277950556491163, 0.018646012060346183, 0.03165462491696684], [0.33766696725985273, 0.3096633627527335, 0.04153312938943227, 0.31113654059798157], [0.5965947983115449, 0.1720935931978038, 0.1007539446754552, 0.1305576638151958], [0.24505946862645234, 0.02628902541652184, 0.20506219413483698, 0.5235893118221889], [0.036976221468164754, 0.2002007445587692, 0.5133417236441189, 0.24948131032894713], [0.7534047384032513, 0.007798988084720334, 0.011134556768633768, 0.22766171674339428], [0.040980358077225096, 0.8340682962631957, 0.07777509452505424, 0.04717625113452523], [0.08177266959306652, 0.7868159700091597, 0.10568445205168038, 0.025726908346093376], [0.4216706718545284, 0.15716815784659935, 0.08061416923634529, 0.3405470010625268], [0.16835560586198495, 0.05229687540428395, 0.06317219320007436, 0.7161753255336566], [0.2799097508465181, 0.22754556411187485, 0.051463317422612787, 0.44108136761899464], [0.24824776650086267, 0.04019979905164171, 0.4630051712458455, 0.2485472632016502], [0.09682047813843905, 0.7669734600314205, 0.03667184067838575, 0.09953422115175459], [0.1256399709580347, 0.049986676777470554, 0.2902126026084091, 0.5341607496560858], [0.03326629237496956, 0.08801730136257348, 0.05424821823182803, 0.8244681880306288], [0.2450347490251416, 0.6045329838295945, 0.025126871968643084, 0.125305395176621], [0.23299130511071703, 0.5293772684127032, 0.12634703698543534, 0.11128438949114437], [0.3384287550758236, 0.161544221363676, 0.13731741743341355, 0.36270960612708686], [0.11599703282766995, 0.560635614608928, 0.041899483822224914, 0.28146786874117735], [0.14029382378139793, 0.435073243418877, 0.12842760236275083, 0.2962053304369741], [0.4196179963137854, 0.31150705665136, 0.04166062937974194, 0.2272143176551127], [0.15286642020262578, 0.3592057629306113, 0.43473242866896455, 0.05319538819779816], [0.09461959236643568, 0.6796969729903585, 0.11840133811396071, 0.10728209652924518], [0.6993678561934014, 0.023418304982851204, 0.013919039245530071, 0.26329479957821744], [0.007623390331431989, 0.8908465543325939, 0.0901331300433063, 0.011396925292667897], [0.42272767256218713, 0.16007412442502425, 0.2677879655240945, 0.14941023748869417], [0.5075985394015962, 0.17739074795876, 0.003190950829101044, 0.311819761810543], [0.1607299127658174, 0.3052811470108756, 0.10652795813781137, 0.42746098208549527], [0.32025499718985617, 0.07629433096469515, 0.0030852932360801114, 0.6003653786093687], [0.0655946038041026, 0.20132439809371183, 0.006704415732880431, 0.7263765823693049], [0.1750583056550074, 0.3904885305741671, 0.14292425912291304, 0.29152890464791276], [0.15034767099116483, 0.43242572916792626, 0.3616104550323751, 0.05561614480853382], [0.3308600723940524, 0.6373425824118409, 0.022170840388864334, 0.009626504805242147], [0.5228259234365538, 0.19693426406425735, 0.0632327847626125, 0.21700702773657665], [0.1336185552372445, 0.6530785486041478, 0.024216857978368693, 0.1890860381802391], [0.5241013179678173, 0.26511633335924684, 0.036378784556105104, 0.17440356411683072], [0.09584052336119407, 0.8016899714292787, 0.0021762896626117195, 0.10029321554691534], [0.17211216878264415, 0.7630073969572208, 0.006019153842719827, 0.05886128041741549], [0.2743952497620285, 0.5243530633701545, 0.10938957804236817, 0.09186210882544865], [0.7047161687743962, 0.06622428807140608, 0.13058528028170613, 0.09847426287249134], [0.23213309290241277, 0.542970046211009, 0.1551759553800504, 0.06972090550652767], [0.3735550894882225, 0.22221535331210515, 0.037883521532230124, 0.3663460356674422], [0.017747589293429754, 0.016717132663230348, 0.9581783266030205, 0.0073569514403192746], [0.64207653386326, 0.2571411678091685, 0.02640746466697817, 0.07437483366059337], [0.10487861040180838, 0.10740646806160425, 0.7163789561046856, 0.07133596543190143], [0.23339743591188014, 0.5451928766218804, 0.044773342611830746, 0.17663634485440874], [0.1336778332881679, 0.3327271462288177, 0.2657436082521445, 0.26785141223086967], [0.04030390576081638, 0.48498674424098503, 0.01083352110953298, 0.4638758288886658], [0.29386436355426104, 0.4601839781846443, 0.03368825702646492, 0.21226340123462972], [0.2681676777654741, 0.668251448958118, 0.041811468265711825, 0.02176940501069604], [0.013580635516453065, 0.008965191866579236, 0.326515243271584, 0.6509389293453839], [0.049994087118712394, 0.04771183171767188, 0.051097036624870376, 0.8511970445387449], [0.24622112423261927, 0.5989293974137668, 0.0827504637151329, 0.07209901463848098], [0.21051623621186866, 0.07112078856478343, 0.12423204671953877, 0.594130928503809], [0.5390564119039519, 0.180545322071678, 0.1322445767181198, 0.1481536893062504], [0.23482893895821907, 0.10421295660990627, 0.012091888089595262, 0.6488662163422793], [0.5840917448124352, 0.20982293090471513, 0.05649413489813941, 0.14959118938471017], [0.6599341190097574, 0.06698248884498241, 0.00730244684208373, 0.2657809453031763], [0.10403667815756257, 0.23405813652008323, 0.02428067530511245, 0.6376245100172419], [0.17449226832434972, 0.6193093742474899, 0.010684647599018696, 0.19551370982914146], [0.1888321880592582, 0.08930168651292282, 0.01783556739138152, 0.7040305580364377], [0.17156849896683976, 0.7930098566469796, 0.0027983866905083995, 0.03262325769567194], [0.4606338508728246, 0.0333161308835479, 0.00498039140252354, 0.501069626841104], [0.11205824222810991, 0.690701644661556, 0.09857296034028107, 0.09866715277005284], [0.03444000678631024, 0.7311415005618902, 0.14474243051323735, 0.08967606213856248], [0.0930541776120804, 0.1902641816939951, 0.04268163025525676, 0.6740000104386679], [0.007161663153055615, 0.578535056705583, 0.02345559899817592, 0.3908476811431856], [0.21224552951442086, 0.49712028874431113, 0.031428084505237514, 0.25920609723603], [0.049481384164813964, 0.05628169899403921, 0.026880036313398987, 0.8673568805277482], [0.031697647486798056, 0.04870891412710463, 0.9037470775481797, 0.015846360837917368], [0.20166882969602234, 0.10544085913239888, 0.0333072120756423, 0.6595830990959365], [0.12415848543388433, 0.12720810767404692, 0.046081985953852315, 0.7025514209382164], [0.7839961033947827, 0.12805086426140413, 0.04004215875642952, 0.04791087358738355], [0.057198230711975315, 0.02405617409736554, 0.9075673204087168, 0.011178274781942468], [0.06527514418968423, 0.21099181888334445, 0.057627201739717505, 0.6661058351872537], [0.08649759001786267, 0.5246691210367244, 0.18901743068744808, 0.19981585825796488], [0.156970898530514, 0.24898079434478584, 0.00760930511672756, 0.5864390020079726], [0.32370213913822804, 0.36543369334417675, 0.04508130495433179, 0.2657828625632635], [0.22049604739609316, 0.36228487265325304, 0.09906508386931792, 0.31815399608133577], [0.4916198469019407, 0.03435578343868548, 0.22680417202523198, 0.24722019763414171], [0.02138568604632715, 0.8414005696019445, 0.0699711693397866, 0.06724257501194174], [0.5349800377962952, 0.04671961582302271, 0.0806090623783433, 0.3376912840023388], [0.0661637405426827, 0.010052729225110961, 0.07002369645394962, 0.8537598337782566], [0.2917028236540207, 0.6226238510911165, 0.014878759717332438, 0.07079456553753045], [0.2932115345596209, 0.2544231131921256, 0.20694460958298586, 0.24542074266526784], [0.7031753069560288, 0.04889137895127522, 0.004284238627813351, 0.24364907546488257], [0.9226063816228411, 0.03819420840733573, 0.026140626342093624, 0.013058783627729303], [0.43864257089699055, 0.4120540112826904, 0.016744052570626968, 0.13255936524969214], [0.2492002843291685, 0.3081529306441661, 0.011488551959047686, 0.4311582330676177], [0.0674414562662995, 0.07876110231707445, 0.09279446917422154, 0.7610029722424042], [0.04741212079100043, 0.8356888713049888, 0.08006846789043502, 0.03683054001357581], [0.3380945681654502, 0.06887070709969924, 0.01249346109287536, 0.5805412636419754], [0.15928994574092656, 0.7001710884612558, 0.030430795474632982, 0.11010817032318482], [0.08521051314836664, 0.45714217133160384, 0.016604735749306168, 0.4410425797707235], [0.49808522829061386, 0.026080818074375203, 0.0645768883947844, 0.4112570652402265], [0.6898567131230476, 0.10435059257044682, 0.009742166968765904, 0.19605052733773978], [0.3931841103206184, 0.2773582640316609, 0.23274392592770887, 0.09671369972001173], [0.7405079983809708, 0.04644314684895705, 0.14906659038471057, 0.06398226438536145], [0.17460305592203668, 0.541913624070891, 0.03568695993672492, 0.2477963600703473], [0.7697525678666159, 0.14043375977352007, 0.03688870470918015, 0.052924967650683996], [0.20197770685326286, 0.04231587301371621, 0.0088713515826548, 0.7468350685503663], [0.7729128382645839, 0.13109464894679204, 0.016101570621926773, 0.07989094216669737], [0.10741578524750792, 0.113342095731556, 0.30149051435387636, 0.4777516046670596], [0.04745520929093959, 0.38648063979809, 0.4099599185491526, 0.15610423236181792], [0.8431812252511908, 0.04610108531734557, 0.0035328508359636114, 0.10718483859549989], [0.05013079289796988, 0.5883034616069368, 0.14582713610551634, 0.21573860938957723], [0.1135955717907426, 0.23974508273642228, 0.1021508107667796, 0.5445085347060555], [0.4754143640285669, 0.06660533873092077, 0.022368881905278477, 0.43561141533523373], [0.10680832970139191, 0.15605150676606036, 0.3877623945872626, 0.34937776894528505], [0.1758312198377107, 0.0813646339396405, 0.03294642019062346, 0.7098577260320253], [0.13918039019010414, 0.5239043892644011, 0.11784827683925547, 0.21906694370623936], [0.11418305975938349, 0.16666275855621188, 0.6626127128177273, 0.056541468866677345], [0.38476243051899817, 0.03286646172926972, 0.004320649902192664, 0.5780504578495395], [0.37804177410994894, 0.37665768531297267, 0.05789289527756802, 0.18740764529951032], [0.140899901605793, 0.3400056647203817, 0.026479492595402426, 0.4926149410784226], [0.09181229797337392, 0.06818379625106427, 0.1583229939406515, 0.68168091183491], [0.07151516765617645, 0.7278660667742948, 0.07742390784536217, 0.12319485772416641], [0.051618616538511825, 0.22818355840781382, 0.1517123830309056, 0.5684854420227685], [0.01773297764286564, 0.690783948075179, 0.08575643693667136, 0.20572663734528415], [0.08313164478224425, 0.2721639508098496, 0.026279837355773612, 0.6184245670521328], [0.06486500180301333, 0.4796716109224678, 0.342979347029129, 0.11248404024539006]]}}