{"test": {"ids": ["99110730", "107114140", "99108000", "111114321", "112117580", "109116750", "101109370", "102112250", "100111270", "101110200", "100113370", "111116640", "107121700", "104116441", "112118701", "100107920", "99107300", "103120780", "111121930", "102110050", "112116850", "110120640", "105113210", "109119340", "104117630", "104118070", "109119010", "107118780", "106118301", "100111390", "101108121", "113120260", "113122320", "111118301", "108120621", "112118511", "105115900", "105120621", "111117120", "111115770", "98107410", "107120880", "109120560", "111116010", "107112850", "97106820", "105119950", "106116850", "108113620", "101110150", "111115910", "102110500", "105117351", "105115250", "108114270", "106114150", "110117500", "97116500", "102114270", "100109311", "110114321", "101111310", "98106880", "107117010", "102109840", "106113360", "109116170", "107114321", "110115980", "104119340", "101108950", "98121790", "101108500", "108117451", "110117870", "107116501", "112120990", "107114490", "105111990", "111118820", "106116120", "101108290", "108117360", "111116090", "112117571", "105113330", "112117471", "100110260", "112118880", "110114720", "113119700", "99114890", "101109120", "108114180", "104119290", "106120290", "113119480", "112121351", "106121190", "112118471", "111116530", "107120010", "99107500", "100108520", "104111380", "107118820", "109113931", "100108580", "98111860", "111116170", "113117340", "112118890", "107113550", "109119460", "112116900", "108121410", "101109000", "113117550", "113119930", "105120280", "112120670", "99109910", "98116500", "112121410", "105121370", "104110960", "97106591", "98108970", "112117030", "105114220", "103111110", "111120640", "106115250", "110119300", "103110100", "108118810", "101111990", "113120751", "108114360", "110114920", "98111620", "109115211"], "labels": [3, 2, 2, 1, 0, 0, 1, 0, 2, 2, 3, 0, 3, 1, 0, 0, 3, 1, 1, 3, 0, 0, 3, 3, 0, 2, 3, 1, 1, 2, 0, 3, 1, 3, 1, 1, 3, 1, 2, 3, 3, 1, 1, 1, 1, 1, 3, 3, 3, 1, 2, 3, 0, 2, 3, 1, 1, 2, 3, 1, 1, 3, 0, 1, 2, 0, 0, 0, 1, 1, 2, 2, 3, 2, 3, 1, 2, 3, 2, 0, 1, 0, 1, 3, 3, 3, 3, 3, 1, 3, 0, 2, 1, 1, 1, 2, 3, 0, 2, 1, 3, 1, 0, 2, 3, 3, 1, 0, 0, 0, 2, 3, 0, 1, 3, 0, 1, 3, 1, 3, 2, 2, 2, 0, 2, 2, 1, 3, 2, 3, 3, 0, 2, 1, 1, 1, 2, 1, 1, 3, 3, 0], "predicted_labels": [3, 1, 1, 1, 3, 1, 1, 0, 1, 1, 3, 3, 1, 3, 1, 3, 1, 1, 0, 1, 3, 1, 3, 3, 0, 1, 3, 3, 3, 1, 3, 3, 3, 0, 0, 1, 1, 3, 3, 3, 0, 1, 1, 1, 1, 3, 1, 3, 1, 0, 0, 0, 0, 1, 3, 1, 1, 1, 1, 3, 1, 1, 1, 3, 1, 1, 3, 3, 1, 3, 1, 2, 3, 3, 1, 1, 1, 3, 0, 0, 1, 3, 3, 0, 0, 3, 1, 0, 1, 1, 1, 1, 1, 3, 3, 1, 3, 1, 1, 1, 1, 3, 1, 3, 0, 3, 3, 0, 1, 1, 1, 3, 1, 1, 0, 0, 1, 3, 1, 1, 3, 2, 3, 1, 3, 0, 1, 1, 3, 1, 1, 1, 1, 1, 0, 3, 3, 1, 3, 3, 1, 3], "confidence_scores": [[0.24502282162282168, 0.2567000222000223, 0.2246296814296815, 0.27364747474747475], [0.24031055611055613, 0.28560093795093794, 0.21312770562770578, 0.2609608003108003], [0.20804684204684204, 0.29424776334776337, 0.22411573981573987, 0.2735896547896548], [0.2372799700299701, 0.2949388611388612, 0.18165505050505057, 0.2861261183261185], [0.2523482184482184, 0.2369232989232991, 0.19069604284604297, 0.3200324397824399], [0.25449011544011557, 0.3214780330780329, 0.18252124542124545, 0.24151060606060612], [0.24905500806383166, 0.28883282077399747, 0.20349365079365084, 0.25861852036852023], [0.27907853535353516, 0.26002456709956717, 0.20377289377289384, 0.25712400377400396], [0.2196237151737152, 0.3575723110223111, 0.1903092185592186, 0.23249475524475535], [0.21333228438228455, 0.326640132090132, 0.1788601454101455, 0.28116743811743805], [0.20636762681762694, 0.2517745706907472, 0.22550099067599078, 0.31635681181563546], [0.2638275815687582, 0.2521375010610304, 0.20037829556064848, 0.283656621809563], [0.25131937784437786, 0.30080603285603286, 0.1636788295038296, 0.28419575979575984], [0.28072097902097914, 0.2621449716949717, 0.15620440115440115, 0.3009296481296482], [0.23550811410811417, 0.3121707403707406, 0.14596261516261524, 0.30635853035853033], [0.26796814019314025, 0.24463434343434337, 0.16100718170718173, 0.32639033466533485], [0.26032626229979167, 0.2843238235620588, 0.1904741898624252, 0.26487572427572437], [0.2768690309690309, 0.28820940170940174, 0.17418245643245656, 0.2607391108891109], [0.3493598734598734, 0.21429131424131437, 0.14626195471195483, 0.29008685758685754], [0.21956576723929674, 0.27630772005772014, 0.24071879819526898, 0.2634077145077145], [0.23597729492729502, 0.27355087135087147, 0.16782056277056287, 0.322651270951271], [0.2271734487734488, 0.33002269397269396, 0.20936988566988576, 0.23343397158397183], [0.30184249084249076, 0.2226138972138972, 0.1403446830946832, 0.33519892884892905], [0.2322160533910535, 0.27134567099567103, 0.21242460317460327, 0.2840136724386725], [0.2973532911532912, 0.24057030747030744, 0.17800858030858038, 0.28406782106782125], [0.19187938727938747, 0.2862396825396826, 0.27755589410589404, 0.2443250360750361], [0.22584425574425573, 0.2457844155844156, 0.20421649461649471, 0.3241548340548341], [0.27422240896358546, 0.25117152814505767, 0.16301127369362678, 0.3115947891977303], [0.3096403723727253, 0.2456578770902301, 0.1308292863998747, 0.31387246413717], [0.24904782717282728, 0.3022170995670995, 0.17721680264180262, 0.2715182706182707], [0.2372245754245754, 0.29600112665112666, 0.1697529415029415, 0.2970213564213563], [0.2445325618825621, 0.2777004051504052, 0.1939531413031414, 0.28381389166389176], [0.2629081656905187, 0.249860024942378, 0.16017380299439124, 0.3270580063727122], [0.302632645132645, 0.25745175380175384, 0.16919650904650907, 0.27071909201909206], [0.2954793983793986, 0.2577092574092575, 0.16751763236763245, 0.2792937118437119], [0.2211689976689977, 0.2938090371616687, 0.2110207719181405, 0.2740011932511932], [0.24522027972027982, 0.29269623154623153, 0.17600840825840833, 0.28607508047508035], [0.2513633735545501, 0.22370993973346923, 0.12724995168230469, 0.39767673502967604], [0.21878570041070047, 0.3098456127206127, 0.15271031746031755, 0.3186583694083694], [0.2501837884337886, 0.2666096681096682, 0.209818475968476, 0.27338806748806754], [0.2807040237540237, 0.23699863469863483, 0.23428739038739047, 0.24800995115995134], [0.2608167166167165, 0.27284787610050776, 0.21604207283944127, 0.2502933344433346], [0.21262661782661782, 0.2891958485958484, 0.24303248418248416, 0.25514504939504934], [0.22250052725052713, 0.3182440448440449, 0.19504514097014103, 0.26421028693528703], [0.26700346320346335, 0.30338204018204024, 0.18869170274170288, 0.24092279387279394], [0.2558253635253636, 0.2328878177378178, 0.21644418359418363, 0.29484263514263526], [0.27173291708291697, 0.33027728382728366, 0.18038003663003666, 0.21760976245976257], [0.18919469696969704, 0.2940703185703185, 0.20641205738705742, 0.31032292707292713], [0.23603097458097466, 0.30890763680763683, 0.1748952325452326, 0.280166156066156], [0.2835256798756798, 0.2497495559995561, 0.19981469086469097, 0.2669100732600733], [0.2912278665778667, 0.23602167832167842, 0.21610728715728716, 0.2566431679431681], [0.33786520979020995, 0.20691104173604175, 0.1721340326340327, 0.2830897158397158], [0.3421973748473748, 0.21457422577422583, 0.1560106782106783, 0.28721772116772126], [0.2842966311466311, 0.30652002997003, 0.1695644910644911, 0.23961884781884787], [0.2627876856803328, 0.23684222052457365, 0.17519647852147863, 0.32517361527361527], [0.24217517482517487, 0.2871116086527853, 0.20751966366966362, 0.26319355285237644], [0.2785912438438755, 0.30657268608584387, 0.16947718728639782, 0.24535888278388282], [0.22190129315129326, 0.27073093573093576, 0.2442926961926963, 0.263075074925075], [0.23071595626595637, 0.33059032079032075, 0.16363459873459876, 0.27505912420912415], [0.2581931901431902, 0.25733577533577545, 0.16160816960816962, 0.322862864912865], [0.23992450882450883, 0.29732707847707845, 0.23288520923520925, 0.2298632034632036], [0.2670699134199136, 0.29685173160173156, 0.1790907647907648, 0.2569875901875903], [0.22451985791985796, 0.2858226773226774, 0.23109348984349004, 0.25856397491397504], [0.18893852258852256, 0.2689678044178045, 0.2048658952158953, 0.3372277777777779], [0.23310664890664892, 0.32022265512265513, 0.2123806637806638, 0.23429003219003214], [0.2822883671883671, 0.31493726273726275, 0.1973033522033523, 0.20547101787101793], [0.25096204628704627, 0.275169092019092, 0.16207879065379074, 0.3117900710400713], [0.263537123987124, 0.2328638333888334, 0.17209821844821865, 0.33150082417582427], [0.2454089105339106, 0.31741041181041185, 0.1705583333333334, 0.26662234432234433], [0.27711145798645803, 0.23872886002886015, 0.16774320956820948, 0.3164164724164726], [0.22146175213675223, 0.2970332889332892, 0.19885788933288936, 0.28264706959706964], [0.2501391219891221, 0.24467020202020212, 0.26239059829059846, 0.24280007770007778], [0.23538450438450437, 0.266499333999334, 0.20956616161616168, 0.2885500000000001], [0.28756509046509054, 0.2100907980907982, 0.16479332611832617, 0.33755078532578536], [0.22658281440781455, 0.3045811327561328, 0.21103695471195466, 0.257799098124098], [0.27515277777777775, 0.29621338106338113, 0.14915968753468764, 0.2794741536241537], [0.23911950271950277, 0.31734925074925074, 0.18283465978465985, 0.26069658674658697], [0.22627489177489182, 0.2484642690642693, 0.17544438061938067, 0.3498164585414586], [0.3003847475623792, 0.2593794903926484, 0.16042192033113084, 0.2798138417138417], [0.3210153513153513, 0.23248583083583088, 0.14523366633366638, 0.3012651515151516], [0.2427963924963925, 0.2872202075702075, 0.19081961926961938, 0.27916378066378084], [0.31092518037518035, 0.21763197913197915, 0.15369557109557108, 0.3177472693972694], [0.19388662448662458, 0.2287230713730715, 0.21705784215784224, 0.36033246198246194], [0.3375216228216229, 0.20713747918747946, 0.18440684870684879, 0.2709340492840493], [0.2950173881673884, 0.27897532467532465, 0.16312044622044633, 0.2628868409368411], [0.2958400932400933, 0.22415709290709296, 0.17692789987789997, 0.30307491397491415], [0.2444784493284495, 0.31270339105339107, 0.16968313908313906, 0.27313502053502053], [0.2945233718895484, 0.2118540428525724, 0.227236528993882, 0.2663860562639975], [0.21430844155844161, 0.30423018648018635, 0.1952227272727273, 0.28623864468864474], [0.23511321733821738, 0.2664855866355869, 0.2654351842601844, 0.23296601176601184], [0.24110850815850818, 0.3198640413078495, 0.22414564704301562, 0.2148818034906271], [0.21235292207792214, 0.3137976652002967, 0.24043693630930477, 0.2334124764124765], [0.24120007215007222, 0.28716165121428283, 0.21868759398496243, 0.2529506826506827], [0.21802148129648136, 0.25120604395604396, 0.18624603729603725, 0.3445264374514373], [0.19082883782883794, 0.27415348540348555, 0.2253712121212122, 0.30964646464646445], [0.2020968614718615, 0.3415429292929295, 0.22193181818181823, 0.2344283910533912], [0.2776133755133755, 0.26665868020868033, 0.16575259740259754, 0.289975346875347], [0.25050589410589424, 0.30147793317793325, 0.1681686424686425, 0.2798475302475303], [0.17385716505716514, 0.34520998445998424, 0.21761825396825402, 0.26331459651459665], [0.28783448598185457, 0.28850493950493966, 0.15793230658230667, 0.2657282679308995], [0.2613171356421356, 0.3627009324009326, 0.14662817460317473, 0.2293537573537574], [0.21538777068304932, 0.2539467553172662, 0.25554064882485944, 0.2751248251748251], [0.18238858363858385, 0.3351764957264958, 0.20556567876567894, 0.2768692418692419], [0.2763575480075481, 0.231099062049062, 0.19980399600399593, 0.2927393939393939], [0.31949392829392814, 0.21344027084027098, 0.20644827949827954, 0.2606175213675214], [0.2637020388108624, 0.27887806441924096, 0.16392311022311035, 0.2934967865467866], [0.2572870490620492, 0.2963433621933622, 0.14882685370185375, 0.29754273504273504], [0.27514876593994264, 0.23665267477620427, 0.26212730488465785, 0.22607125439919565], [0.20467453102453118, 0.2868334221334221, 0.25542949827949823, 0.25306254856254845], [0.25620943778443767, 0.303820473970474, 0.15100962648462643, 0.2889604617604618], [0.23528073038073036, 0.2964847763347763, 0.23152894327894336, 0.2367055500055501], [0.22425583860583853, 0.233176628926629, 0.17065003607503615, 0.3719174963924964], [0.24751802641802645, 0.25872498612498623, 0.2515685925185926, 0.24218839493839503], [0.2352756909756912, 0.30438344988344984, 0.1835487234987236, 0.2767921356421357], [0.33858602508602514, 0.2707410922410924, 0.1643841713841714, 0.2262887112887114], [0.30037990620490623, 0.29004444444444444, 0.18311742424242433, 0.22645822510822516], [0.2162706127206129, 0.2947538073038075, 0.19954252691752694, 0.28943305305805306], [0.2726605561105562, 0.25694172494172507, 0.164797213897214, 0.3056005050505049], [0.29240424020424016, 0.30756934176934164, 0.16361651126651133, 0.23640990675990678], [0.22207256909756914, 0.3192954351204352, 0.23034309579309584, 0.2282888999889], [0.25416000943500944, 0.25829441114441115, 0.20512190587190593, 0.28242367354867354], [0.20010793650793654, 0.2754372516372517, 0.32070569985569986, 0.20374911199911208], [0.22904203019203023, 0.2902579143079143, 0.17937325452325462, 0.3013268009768009], [0.21010736485736492, 0.3280242590742591, 0.19110839715839717, 0.27075997890997894], [0.22762604617604643, 0.27008100788100786, 0.20840993450993459, 0.2938830114330113], [0.31869300144300156, 0.23895021645021658, 0.19956435786435783, 0.2427924242424243], [0.24795304417804415, 0.2844015706515707, 0.21942478632478643, 0.2482205988455989], [0.20197464757464775, 0.3500061327561328, 0.2093210234210235, 0.2386981962481964], [0.21833066655566657, 0.28530882728382745, 0.1822770646020647, 0.3140834415584417], [0.3111190198690197, 0.3154301087801088, 0.15671004551004555, 0.21674082584082582], [0.20821645021645033, 0.32734191919191913, 0.17781183261183264, 0.28662979797979804], [0.2595780386280387, 0.30238628593628586, 0.17999544067044068, 0.25804023476523485], [0.21214834054834056, 0.3386724331224331, 0.20889575424575435, 0.24028347208347223], [0.2811001443001443, 0.28926659451659464, 0.16834249639249654, 0.26129076479076485], [0.27663433788433783, 0.26632038517038537, 0.19822128427128435, 0.25882399267399264], [0.27460508380508397, 0.24340228937728944, 0.1760582528582529, 0.30593437395937406], [0.2654248584748585, 0.27164355089355086, 0.1876092241092242, 0.27532236652236647], [0.2288650682650685, 0.2912957486957487, 0.21554887334887327, 0.26429030969030987], [0.21517494727494743, 0.2778500055500057, 0.19559970029970045, 0.3113753468753468], [0.22433899433899443, 0.300205328005328, 0.16826754911754918, 0.3071881285381285], [0.2001708846708849, 0.2758728049728049, 0.26234977799977804, 0.2616065323565323], [0.21200036075036072, 0.2478781440781442, 0.17694814074814091, 0.3631733544233544]]}, "rewritten": {"ids": ["97106591", "97106820", "97116500", "98106880", "98107410", "98108970", "98111620", "98111860", "98116500", "98121790", "99107300", "99107500", "99108000", "99109910", "99110730", "99114890", "100107920", "100108520", "100108580", "100109311", "100110260", "100111270", "100111390", "100113370", "101108121", "101108290", "101108500", "101108950", "101109000", "101109120", "101109370", "101110150", "101110200", "101111310", "101111990", "102109840", "102110050", "102110500", "102112250", "102114270", "103110100", "103111110", "103120780", "104110960", "104111380", "104116441", "104117630", "104118070", "104119290", "104119340", "105111990", "105113210", "105113330", "105114220", "105115250", "105115900", "105117351", "105119950", "105120280", "105120621", "105121370", "106113360", "106114150", "106115250", "106116120", "106116850", "106118301", "106120290", "106121190", "107112850", "107113550", "107114140", "107114321", "107114490", "107116501", "107117010", "107118780", "107118820", "107120010", "107120880", "107121700", "108113620", "108114180", "108114270", "108114360", "108117360", "108117451", "108118810", "108120621", "108121410", "109113931", "109115211", "109116170", "109116750", "109119010", "109119340", "109119460", "109120560", "110114321", "110114720", "110114920", "110115980", "110117500", "110117870", "110119300", "110120640", "111114321", "111115770", "111115910", "111116010", "111116090", "111116170", "111116530", "111116640", "111117120", "111118301", "111118820", "111120640", "111121930", "112116850", "112116900", "112117030", "112117471", "112117571", "112117580", "112118471", "112118511", "112118701", "112118880", "112118890", "112120670", "112120990", "112121351", "112121410", "113117340", "113117550", "113119480", "113119700", "113119930", "113120260", "113120751", "113122320"], "labels": [1, 1, 2, 0, 3, 3, 3, 0, 2, 2, 3, 0, 2, 2, 3, 2, 0, 2, 0, 1, 3, 2, 2, 3, 0, 0, 3, 2, 1, 1, 1, 1, 2, 3, 2, 2, 3, 3, 0, 3, 1, 3, 1, 2, 3, 1, 0, 2, 1, 1, 2, 3, 3, 3, 2, 3, 0, 3, 3, 1, 2, 0, 1, 2, 1, 3, 1, 2, 2, 1, 0, 2, 0, 3, 1, 1, 1, 3, 1, 1, 3, 3, 1, 3, 1, 1, 2, 1, 1, 0, 1, 0, 0, 0, 3, 3, 1, 1, 1, 3, 3, 1, 1, 3, 1, 0, 1, 3, 2, 1, 3, 0, 3, 0, 2, 3, 0, 0, 1, 0, 3, 2, 3, 3, 0, 1, 1, 0, 1, 3, 2, 2, 0, 0, 2, 3, 3, 0, 1, 3, 1, 1], "predicted_labels": [0, 0, 1, 1, 0, 1, 1, 1, 1, 0, 1, 1, 1, 2, 1, 1, 3, 3, 2, 3, 0, 1, 1, 3, 3, 0, 3, 3, 3, 3, 3, 0, 1, 1, 3, 1, 3, 0, 0, 1, 0, 1, 1, 0, 0, 3, 0, 1, 3, 3, 0, 0, 0, 0, 1, 0, 0, 1, 1, 3, 1, 1, 1, 1, 3, 3, 0, 1, 1, 1, 0, 1, 3, 3, 3, 3, 0, 1, 3, 3, 1, 1, 3, 3, 1, 3, 0, 3, 0, 0, 3, 3, 1, 1, 3, 3, 1, 1, 1, 1, 3, 1, 1, 1, 1, 1, 1, 0, 0, 1, 3, 1, 1, 3, 3, 3, 0, 1, 0, 3, 0, 3, 1, 3, 3, 1, 0, 3, 1, 3, 1, 1, 3, 1, 1, 3, 3, 1, 0, 3, 1, 3], "confidence_scores": [[0.28632118992119, 0.2681047841047842, 0.2123292429792431, 0.23324478299478302], [0.2696966089466089, 0.2332079365079367, 0.2501558996558997, 0.24693955488955494], [0.21817398124751072, 0.28658555888555903, 0.24071947529594606, 0.25452098457098465], [0.22045782518135454, 0.2878166751549105, 0.23715549744373288, 0.25457000222000226], [0.3227195665445663, 0.2212451520701521, 0.210298001998002, 0.24573727938727946], [0.2269450216450217, 0.3781661727161726, 0.16477828282828283, 0.23011052281052305], [0.18698761238761236, 0.2985584415584415, 0.28268499278499276, 0.2317689532689533], [0.20722474747474756, 0.2899961066711067, 0.25613503163503176, 0.24664411421911422], [0.23314676989676994, 0.31095533633033634, 0.15345178987678995, 0.3024461038961038], [0.28303818958818966, 0.25975052725052733, 0.22463447108447118, 0.23257681207681222], [0.2449262570762572, 0.29348236208236195, 0.17762253302253309, 0.28396884781884796], [0.19861960816960827, 0.3565645205671519, 0.21489740639477475, 0.22991846486846493], [0.1554182706182707, 0.307845931845932, 0.2604828504828505, 0.2762529470529471], [0.18186262626262628, 0.2966958874458874, 0.3078621933621932, 0.21357929292929298], [0.23352600177600186, 0.2817394327894331, 0.2199480741480742, 0.2647864912864913], [0.23720445110445118, 0.3063183982683982, 0.20853148518148526, 0.24794566544566551], [0.24631669996670008, 0.2681842102342101, 0.16207942057942068, 0.3234196692196691], [0.28115314130314145, 0.23979321789321803, 0.1886958596958597, 0.2903577811077812], [0.24386997169497177, 0.25034160284160284, 0.289284240759241, 0.21650418470418484], [0.27639383394383393, 0.24072261627261635, 0.1523775613275613, 0.3305059884559885], [0.3236786796536796, 0.19512523865023873, 0.20467496114996117, 0.2765211205461207], [0.2288258297258298, 0.3593875957375958, 0.19045786990787014, 0.22132870462870471], [0.27084822954822946, 0.3119743811743812, 0.14607463092463102, 0.27110275835275843], [0.1989507012595248, 0.29270779579897216, 0.20366693584193588, 0.3046745670995671], [0.2721059884559885, 0.2545386946386948, 0.16191592296592303, 0.311439393939394], [0.32399963924963926, 0.21403073593073585, 0.14894329004329004, 0.313026334776335], [0.2282267898767899, 0.28803686868686856, 0.1852005050505051, 0.2985358363858364], [0.25139610389610395, 0.2780860916860916, 0.1893488955488957, 0.2811689088689089], [0.22988446830946846, 0.276156537906538, 0.21050205072705078, 0.283456943056943], [0.2348284770784772, 0.2800346209346209, 0.19592457542457545, 0.28921232656232665], [0.2341456008044244, 0.26344877148994805, 0.2134791708291709, 0.2889264568764566], [0.28596385558885534, 0.2317954767454768, 0.2000127955377956, 0.28222787212787204], [0.2452368853368854, 0.31726174936174933, 0.15756478521478526, 0.2799365800865802], [0.26563940226440225, 0.3077400099900099, 0.18332415639915647, 0.24329643134643147], [0.25698124098124125, 0.25496387501387513, 0.16638410478410492, 0.3216707792207793], [0.25051866466866485, 0.2937701881451882, 0.19469365079365084, 0.2610174963924963], [0.22712487202340145, 0.27400340574458215, 0.21937423997571073, 0.27949748225630583], [0.3037718170718171, 0.22019574037074047, 0.19391900321900327, 0.28211343933843935], [0.2768532384282384, 0.24932874625374635, 0.19848816738816744, 0.275329847929848], [0.2520263791763792, 0.31234233544233564, 0.16896505161505176, 0.26666623376623383], [0.2809615551115552, 0.24748214008214015, 0.20912054612054617, 0.26243575868575864], [0.23356075868575876, 0.31044834887334893, 0.18524249084249092, 0.27074840159840174], [0.27826698497580843, 0.2924205738705739, 0.18480679875679884, 0.24450564239681902], [0.32374324009324007, 0.23396400984636298, 0.18748211069975773, 0.2548106393606394], [0.3183094183594184, 0.2275425074925076, 0.2156075036075037, 0.23854057054057062], [0.2844904817404819, 0.2783324619824619, 0.1470781163281163, 0.2900989399489402], [0.3367465367965368, 0.2522323565323566, 0.1675544400044401, 0.24346666666666675], [0.19239000411353366, 0.2938860139860141, 0.2343410759175464, 0.2793829059829061], [0.18049372294372298, 0.26754160284160294, 0.24289649239649252, 0.3090681818181817], [0.27687204184704206, 0.26447349317349317, 0.1453290126540128, 0.31332545232545234], [0.31961780176308047, 0.2762877892833001, 0.14814317130238186, 0.2559512376512377], [0.3012528360528361, 0.25796091131091137, 0.14261154401154397, 0.2981747086247087], [0.3523464590964591, 0.19072019647019658, 0.14838473193473195, 0.30854861249861254], [0.31157309079809076, 0.2623379453879455, 0.16823787601287615, 0.25785108780108784], [0.28399256854256855, 0.29316416916416915, 0.16805911310911317, 0.2547841491841494], [0.27509558774558773, 0.26584020979020984, 0.2137042846042846, 0.24535991785991795], [0.3516558164058162, 0.19015702271584636, 0.1473851739763506, 0.31080198690198707], [0.2705104395604395, 0.32234593184593197, 0.18592271062271074, 0.22122091797091814], [0.23231511544011552, 0.28594681707181696, 0.21217424242424254, 0.2695638250638251], [0.2703509914921679, 0.1854616990852285, 0.12555716113951407, 0.4186301482830896], [0.20852902097902123, 0.30163062493062487, 0.1899135198135199, 0.29992683427683425], [0.24374039294039304, 0.3411127556653871, 0.20002866957603807, 0.21511818181818188], [0.2452742868242869, 0.28712671217671226, 0.19780168165168163, 0.26979731934731943], [0.24419074536574548, 0.3145628205128204, 0.20021838439338438, 0.24102804972804975], [0.2529199300699302, 0.2524628427128427, 0.21095515040515045, 0.28366207681207684], [0.22469140222522593, 0.3001983127983129, 0.16351215728715734, 0.31159812768930406], [0.3182546509046509, 0.23872211677211677, 0.14041738816738827, 0.30260584415584424], [0.19660963203463203, 0.3156882395382397, 0.23079029581529584, 0.25691183261183276], [0.17503336663336666, 0.3027303252303252, 0.2454929237429238, 0.2767433843933845], [0.2722928071928072, 0.29824836274836286, 0.18884548229548234, 0.2406133477633478], [0.26961027306027313, 0.2278798146298147, 0.24863680208680228, 0.25387311022311027], [0.24327795537795538, 0.2936048174048174, 0.1965661727161727, 0.26655105450105454], [0.24379988671459274, 0.22578303983598122, 0.17628022141257446, 0.35413685203685186], [0.22002032134532137, 0.2571091491841492, 0.1887113858363859, 0.33415914363414373], [0.29274075369075364, 0.2668635364635367, 0.13843595016095026, 0.3019597596847598], [0.20568624153624152, 0.29135711510711526, 0.20736608946608956, 0.295590553890554], [0.32511375013875016, 0.21826359473859488, 0.16271844821844839, 0.2939042069042068], [0.2255077755577756, 0.32051596736596727, 0.17239888999889003, 0.2815773670773671], [0.23960574425574435, 0.2698420301920304, 0.20879965589965596, 0.2817525696525695], [0.2696030303030304, 0.26661692751692767, 0.18967686757686764, 0.2741031746031747], [0.25453165723165727, 0.2788235542235543, 0.2007998168498169, 0.2658449716949718], [0.20976058663558675, 0.31645420135420105, 0.18906727994228, 0.2847179320679321], [0.23495563603063618, 0.23578463203463212, 0.20678570596070606, 0.322474025974026], [0.2370877150627151, 0.2533469891219893, 0.16704533799533805, 0.3425199578199579], [0.23414951714951726, 0.2786702908202909, 0.22700664890664912, 0.26017354312354307], [0.1959401154401155, 0.22963335553335576, 0.22992186147186155, 0.3445046675546676], [0.32556174381174396, 0.20381430791430796, 0.1650107253857254, 0.305613222888223], [0.298599198754462, 0.23574712232212244, 0.1660568820068821, 0.2995967969165338], [0.32490372405372403, 0.2496614829614831, 0.14901217116217122, 0.2764226218226218], [0.3188423021423022, 0.2989119325119324, 0.16096392496392503, 0.22128184038184054], [0.23594088966588972, 0.2830341103341104, 0.17505577478077478, 0.3059692252192253], [0.2638133116883118, 0.2528103896103898, 0.14515865800865807, 0.33821764069264076], [0.2783154952890247, 0.3087181292563646, 0.15512829409152948, 0.2578380813630814], [0.24209771894771895, 0.285274025974026, 0.21101380286380297, 0.26161445221445223], [0.22633130203130208, 0.23580027195027203, 0.22629926184926188, 0.3115691641691643], [0.273987062937063, 0.22267200577200588, 0.18179967532467534, 0.3215412559662559], [0.23708003663003668, 0.3075641636141634, 0.162478232878233, 0.29287756687756694], [0.19811494061494067, 0.3081577200577201, 0.24734870129870123, 0.2463786380286381], [0.26579842379842394, 0.2886186147186148, 0.2020992673992675, 0.2434836940836941], [0.22748817016317022, 0.2921794705294706, 0.24697803030303045, 0.23335432900432915], [0.25288004773004785, 0.2496453546453547, 0.16535596070596079, 0.33211863691863697], [0.24629664502164517, 0.31775559995559993, 0.17677726440226443, 0.2591704906204907], [0.28981241711504874, 0.2915505387886965, 0.16548643082064135, 0.25315061327561333], [0.21266041181041184, 0.3242990176490177, 0.17648391053391063, 0.2865566600066599], [0.2512880785880788, 0.31700120435120427, 0.14992943167943173, 0.2817812853812855], [0.21957543567543572, 0.3028215007215006, 0.2156057886557887, 0.261997274947275], [0.24858867243867253, 0.29588910533910523, 0.18540252525252537, 0.2701196969696971], [0.26879444999445024, 0.2503862581862583, 0.2148401431901433, 0.2659791486291487], [0.2863326007326008, 0.2553200160950161, 0.22999246031746048, 0.228354922854923], [0.21371202131202136, 0.3145720390720389, 0.20295067710067716, 0.26876526251526256], [0.2931433808022044, 0.22551179376179387, 0.17950417637917646, 0.30184064905682556], [0.2558439893439894, 0.3017342435342436, 0.158412198912199, 0.2840095682095683], [0.24809628427128427, 0.33571526529026524, 0.18270295260295263, 0.23348549783549793], [0.25994635642135644, 0.2618965229215228, 0.20377929292929298, 0.2743778277278278], [0.23660193972693983, 0.2767022005772006, 0.16858535353535367, 0.3181105061605062], [0.28633984348984354, 0.25168080808080817, 0.17144553779553792, 0.2905338106338106], [0.30603964646464643, 0.2652240120990121, 0.14843350538350542, 0.2803028360528361], [0.24783679098679112, 0.29867101509601496, 0.18219391164391174, 0.2712982822732824], [0.3840404980640275, 0.207072663610899, 0.1246720309102663, 0.28421480741480754], [0.2068181318681319, 0.26318023088023096, 0.23272335442335457, 0.29727828282828295], [0.3131131007881009, 0.27649017649017665, 0.1626650210900212, 0.24773170163170163], [0.2574122433122433, 0.2716491591741592, 0.1860741896991899, 0.28486440781440786], [0.28062799977799985, 0.2981267177267178, 0.16368852813852822, 0.2575567543567544], [0.28011127761127763, 0.2523286435786437, 0.183786643911644, 0.28377343489843515], [0.24101167721167735, 0.2235027528027528, 0.19429502719502728, 0.34119054279054284], [0.275668636918637, 0.3042332500832501, 0.17098864468864483, 0.24910946830946845], [0.2766225718725719, 0.2474965201465202, 0.20199227994228, 0.27388862803862807], [0.22674542124542132, 0.2933331557331557, 0.14465786990786986, 0.3352635531135532], [0.22539145854145864, 0.28369452491952485, 0.20803593628593633, 0.28287808025308014], [0.23762411477411474, 0.261202752802753, 0.1633694083694083, 0.33780372405372405], [0.2467213702963704, 0.2941519036519035, 0.1926943362193363, 0.26643238983239004], [0.23753735708735724, 0.3339989843489845, 0.1469444777444778, 0.28151918081918076], [0.25742001332001346, 0.28844023199023217, 0.15585965978465985, 0.2982800949050949], [0.21486250971250972, 0.3403554556554556, 0.16009834609834617, 0.2846836885336886], [0.2221028138528139, 0.3060257797757799, 0.24092932622932636, 0.2309420801420802], [0.26727317159964226, 0.2514235930735932, 0.16668497058497067, 0.31461826474179416], [0.24777344877344884, 0.27652092352092367, 0.16012146464646476, 0.31558416305916287], [0.22927782217782225, 0.3360151792651792, 0.20384588744588758, 0.23086111111111118], [0.3080626595626596, 0.28762693417693413, 0.14749961149961158, 0.2568107947607949], [0.25874532412032425, 0.2802012071262073, 0.17757728382728397, 0.28347618492618487], [0.2345272505272506, 0.3138491841491842, 0.199119696969697, 0.2525038683538684], [0.27828243978243977, 0.22511735486735504, 0.16973328338328347, 0.326866921966922]]}}