{"test": {"ids": ["107121700", "104113170", "112116290", "101121640", "108120060", "108114360", "98110710", "101112540", "102110890", "113120540", "101109000", "104114740", "108121190", "105118740", "99121440", "109115070", "112116501", "111119340", "106118520", "110121500", "111117120", "112120670", "108118291", "110115980", "110120531", "98109311", "112118471", "110118161", "110118701", "107118820", "108114040", "104113000", "110118121", "100112060", "103113101", "110115140", "97116500", "104116800", "111115770", "107113130", "97112300", "101108500", "108117720", "97113260", "106114321", "104113240", "103110100", "102121700", "106118820", "99105921", "110114321", "103109641", "98107380", "109119591", "105110091", "111118820", "107114950", "107120130", "111114321", "110116501", "111118301", "109116930", "112116900", "111118810", "98108370", "110114610", "103113270", "111117000", "113122650", "99108520", "112120640", "109120560", "109119460", "98111231", "100109980", "101119030", "106114880", "108116501", "99108080", "113121810", "104111620", "113122120", "105115250", "99112300", "99107950", "109121640", "112119580", "112120990", "102121440", "97106970", "113121220", "106117790", "107112840", "112118511", "98116090", "103113610", "111119150", "110118111", "113120280", "104111880", "110114920", "101109370", "99107640", "101111620", "113119950", "98108150", "98107010", "108119330", "108117451", "99109141", "108119550", "112118620", "107115140", "110118930", "99111000", "113118421", "112120700", "111115780", "107114780", "106117650", "113122160", "109118820", "104117630", "105117351", "101111990", "111114121", "111116990", "112121430", "100117420", "111120280", "111116110", "104118070", "98120530", "113120751", "98116940", "103110840", "113122220", "97114170", "97116790", "101114020", "101115190", "97106770"], "labels": [3, 3, 0, 2, 1, 1, 2, 2, 0, 3, 1, 2, 1, 1, 2, 0, 3, 3, 2, 3, 2, 2, 3, 1, 0, 1, 1, 0, 3, 3, 0, 1, 3, 2, 3, 0, 2, 1, 3, 1, 2, 3, 1, 1, 2, 2, 1, 1, 3, 1, 1, 1, 1, 0, 0, 0, 3, 2, 1, 3, 3, 0, 3, 0, 1, 1, 2, 0, 2, 2, 0, 1, 1, 1, 1, 3, 0, 0, 3, 2, 0, 1, 2, 0, 1, 0, 3, 2, 2, 2, 3, 1, 1, 1, 0, 2, 3, 1, 0, 3, 3, 1, 1, 3, 0, 0, 3, 0, 2, 3, 1, 3, 0, 1, 2, 3, 2, 1, 2, 1, 3, 3, 0, 0, 2, 0, 0, 2, 2, 0, 3, 2, 1, 1, 2, 1, 1, 2, 2, 3, 1, 3], "predicted_labels": [1, 1, 0, 1, 1, 1, 3, 3, 3, 0, 3, 1, 1, 3, 1, 1, 3, 3, 0, 0, 1, 1, 3, 3, 3, 3, 1, 0, 2, 0, 3, 0, 1, 3, 1, 3, 2, 3, 1, 2, 0, 1, 1, 3, 1, 1, 3, 0, 3, 0, 1, 3, 3, 0, 3, 0, 3, 2, 1, 3, 1, 2, 3, 3, 2, 1, 1, 3, 1, 2, 2, 2, 3, 0, 0, 0, 2, 3, 3, 1, 0, 1, 0, 1, 2, 0, 3, 1, 1, 3, 3, 1, 0, 0, 1, 0, 3, 0, 0, 3, 1, 3, 3, 0, 0, 1, 1, 0, 0, 1, 3, 3, 3, 3, 2, 0, 3, 0, 1, 3, 1, 3, 0, 0, 3, 1, 0, 0, 2, 3, 3, 2, 3, 3, 1, 1, 3, 3, 2, 3, 1, 0], "confidence_scores": [[0.14666286285776087, 0.49212157718824184, 0.08891494901899831, 0.272300610934999], [0.034896900371783564, 0.6891158970775741, 0.09309490876617794, 0.1828922937844645], [0.6283661883607161, 0.19634085326405348, 0.020816824989541703, 0.15447613338568872], [0.015532326452459966, 0.4625383038436262, 0.16497157519277145, 0.35695779451114273], [0.14438175221196323, 0.7634487544079458, 0.05711918466940836, 0.035050308710682626], [0.026154485757076035, 0.4786140693159634, 0.31725733880748996, 0.17797410611947068], [0.05280612255170732, 0.21159963468315923, 0.21831509322013606, 0.5172791495449975], [0.07304851942959088, 0.21930839572529467, 0.3750978773296173, 0.3325452075154969], [0.2931221524546705, 0.029371845090231784, 0.29733468552149295, 0.3801713169336048], [0.8867067384336509, 0.05006856622716282, 0.0047866885932427005, 0.058438006745943634], [0.009936921701141096, 0.0541053097979936, 0.35781656913003496, 0.5781411993708303], [0.13495525467607716, 0.36853687692433706, 0.13692462898772448, 0.3595832394118611], [0.054701815691411255, 0.5988225861088794, 0.04597890520343625, 0.30049669299627296], [0.09149728748835027, 0.23234208603974024, 0.17147329725665736, 0.5046873292152522], [0.10421629415275109, 0.6019620211089018, 0.18039347601061492, 0.11342820872773228], [0.017317766881333654, 0.9475874229899169, 0.002676929048692073, 0.03241788108005734], [0.07499901891233325, 0.268723104648261, 0.019820021248699065, 0.6364578551907069], [0.13729494764892045, 0.25564626964798903, 0.01599191189384764, 0.5910668708092432], [0.4459522908053423, 0.3022695081359017, 0.01678237161968734, 0.23499582943906866], [0.3971462022425323, 0.3159535436891653, 0.011037971716815264, 0.2758622823514872], [0.04508401532619439, 0.5766894100298394, 0.05577399180109977, 0.3224525828428663], [0.08995506199539884, 0.38271906080894225, 0.4386027945942638, 0.088723082601395], [0.5196524778895745, 0.028214827589140304, 0.013870489479501782, 0.4382622050417832], [0.28985624565598955, 0.2683812255530466, 0.014059888759883062, 0.4277026400310809], [0.3049095811245076, 0.27056141836962155, 0.03114206454631586, 0.393386935959555], [0.33485271400321204, 0.07573631069338856, 0.27296272913528574, 0.3164482461681139], [0.18544647326717653, 0.4295800105811258, 0.1474961118996717, 0.23747740425202601], [0.35757489448140933, 0.3698636954259931, 0.03354474643760347, 0.23901666365499397], [0.09749740567764849, 0.12420467458215598, 0.45151679158555497, 0.3267811281546403], [0.5111019464682318, 0.2284465082792618, 0.03680740800604793, 0.2236441372464582], [0.032819673730996625, 0.09630765611050826, 0.2662448251101898, 0.604627845048305], [0.5312129602963208, 0.046621756053685647, 0.033062024616443406, 0.38910325903355003], [0.06528143360093919, 0.4368156346308634, 0.003922317363500126, 0.4939806144046971], [0.16916770976387926, 0.1751726135469124, 0.31498969306718927, 0.34066998362201917], [0.197355334579391, 0.3688260492764502, 0.14547381062019274, 0.2883448055239657], [0.2424713003971278, 0.13055460618398315, 0.0942298571689939, 0.5327442362498952], [0.13863763667981685, 0.10087119834069941, 0.6611840506693828, 0.09930711431010125], [0.11206244207385019, 0.11630755063695584, 0.06548072369560154, 0.7061492835935927], [0.24919896236937053, 0.3515514024311416, 0.030327681496659705, 0.36892195370282843], [0.06307975160249747, 0.12134421600929587, 0.7565494883017877, 0.05902654408641888], [0.15821211243186725, 0.2685541185288992, 0.36296040437009147, 0.21027336466914193], [0.12710437194106072, 0.5171539374978072, 0.06548879447138899, 0.2902528960897432], [0.06989288394882062, 0.5407012027484729, 0.052489044229711256, 0.3369168690729952], [0.05592957173999742, 0.029271761970037755, 0.29495184281918535, 0.6198468234707796], [0.30759876740612707, 0.33131834656268644, 0.20709050545047222, 0.1539923805807139], [0.043482784759962485, 0.8678302798844524, 0.05789130281530802, 0.030795632540277253], [0.3672493913715462, 0.10901939882845342, 0.09220611840551593, 0.4315250913944844], [0.37894240207395025, 0.45072355617939075, 0.07813242309832696, 0.0922016186483319], [0.14160730313041103, 0.24411626241704243, 0.006946484245742711, 0.607329950206804], [0.39547073458354454, 0.28390858554575416, 0.24758463398530262, 0.0730360458853987], [0.2584621288937504, 0.609656802734555, 0.04050110400364608, 0.09137996436804807], [0.07595289560909167, 0.0392483709285776, 0.05473089120876583, 0.8300678422535644], [0.07636737099250461, 0.15560234017059102, 0.19066218183001357, 0.5773681070068908], [0.4146357783213114, 0.3700484376214252, 0.13369333460101548, 0.08162244945624819], [0.19078351934477863, 0.2951555157405879, 0.2010642195550753, 0.3129967453595584], [0.5387124421155779, 0.10462393391429714, 0.019538125187023834, 0.33712549878310083], [0.2351834745129672, 0.13204064907445603, 0.14849196527708736, 0.48428391113548924], [0.08677904602173495, 0.2482499510238339, 0.6310514350928882, 0.033919567861543196], [0.07008661535511068, 0.7533929103044689, 0.11998080629483117, 0.05653966804558918], [0.16523637049504095, 0.15449274731393892, 0.011362040700707468, 0.6689088414903125], [0.22728264452551714, 0.5186474056016241, 0.031775227932950005, 0.2222947219399089], [0.05882014204451694, 0.07953145559473707, 0.7506696313053602, 0.11097877105538578], [0.47396929206235366, 0.110404747065641, 0.008773756743548812, 0.40685220412845646], [0.3603217834535615, 0.2500014582860767, 0.004366930544749545, 0.3853098277156123], [0.026281550556470794, 0.12555268895346625, 0.581221633336086, 0.2669441271539764], [0.03448988794988235, 0.5639425246710829, 0.33680948199122723, 0.06475810538780806], [0.09579911909724853, 0.2707105032362625, 0.32636675713058266, 0.3071236205359064], [0.26350153813191546, 0.1543497721680012, 0.07556021667391649, 0.5065884730261669], [0.09284908556255483, 0.38999310206703314, 0.10974024195178902, 0.4074175704186231], [0.026423749144532983, 0.23636204375846773, 0.699218938975915, 0.03799526812108408], [0.16986782541237613, 0.18118323121100424, 0.39064071835033926, 0.25830822502628015], [0.005143890186521542, 0.07939002490366995, 0.8173709851541773, 0.09809509975563115], [0.1432454601862442, 0.3010784914879908, 0.03913829146241277, 0.5165377568633525], [0.49687488999804497, 0.23776349946205574, 0.06124860979783667, 0.20411300074206282], [0.40090707350773686, 0.06949433838932416, 0.17308376583199914, 0.3565148222709399], [0.5215443179372502, 0.1303027784124799, 0.020895036152531972, 0.32725786749773794], [0.09049569489888613, 0.22693559165906654, 0.6117760384245209, 0.07079267501752627], [0.27674035323962254, 0.23370308328037662, 0.0387328110781635, 0.4508237524018374], [0.1955996819469355, 0.26138477945900596, 0.16309917172081512, 0.3799163668732436], [0.02781146901478301, 0.47026412820349756, 0.46285281554655155, 0.03907158723516784], [0.44313657607432644, 0.1682956964970857, 0.020150854868799438, 0.3684168725597885], [0.09459146026726727, 0.7958829688763326, 0.07027302126466277, 0.0392525495917377], [0.4557736109376782, 0.2832533862582279, 0.039711447329855605, 0.22126155547423834], [0.10380153912666865, 0.32526374153483106, 0.39547736550089446, 0.17545735383760594], [0.003311921074918881, 0.0712041310505433, 0.639439341426941, 0.2860446064475968], [0.2815954569684702, 0.34335912621374154, 0.07059585371512754, 0.3044495631026608], [0.05745307318713985, 0.36551118113796655, 0.03884741229949583, 0.5381883333753977], [0.10899133442163028, 0.7672079831250991, 0.021857144442253625, 0.10194353801101713], [0.09347053471286818, 0.42812339029780005, 0.1443065745004477, 0.33409950048888454], [0.09239443002880825, 0.12081577972865282, 0.17461009004448305, 0.6121797001980559], [0.14498529726122883, 0.06973055173056468, 0.03199648055764465, 0.7532876704505621], [0.06172752126169382, 0.46579495084207284, 0.33009726321354027, 0.14238026468269302], [0.3134094777715036, 0.20733211658840758, 0.40604183733581023, 0.0732165683042784], [0.32843790288997105, 0.22802650752682696, 0.08090171720811361, 0.36263387237508854], [0.13327777795355522, 0.6452183213725189, 0.11559744878627778, 0.10590645188764815], [0.3325120994566068, 0.1447656294215412, 0.18531851446738054, 0.3374037566544712], [0.1912782159702565, 0.15948676369306033, 0.02663239981710787, 0.6226026205195755], [0.5556480294265946, 0.22680189068949302, 0.01855135753296193, 0.19899872235095034], [0.7713177153647348, 0.07550128793685598, 0.020389861000020475, 0.13279113569838885], [0.024242568520406092, 0.12688388068313886, 0.1431800841533162, 0.7056934666431388], [0.04951201427549954, 0.818408404835322, 0.03192199301338693, 0.10015758787579154], [0.03689992807706129, 0.24952455902939832, 0.32390583860773714, 0.389669674285803], [0.056814987972222286, 0.03447215671643497, 0.1451189265027166, 0.763593928808626], [0.485863016766286, 0.06777108020373883, 0.141319386585678, 0.3050465164442969], [0.5907223443173931, 0.16295205987688463, 0.01757831660310921, 0.22874727920261326], [0.10689849949907079, 0.5470644721077126, 0.07175979522513716, 0.2742772331680792], [0.2243473959121051, 0.4817144401570209, 0.029710724578964474, 0.26422743935190945], [0.6265870150799105, 0.1635773612294678, 0.03898564391472997, 0.17084997977589153], [0.7790716327916808, 0.004013782866553518, 0.0014984301753685704, 0.21541615416639714], [0.24147955633076718, 0.46981838863471825, 0.1168565365965461, 0.17184551843796866], [0.14588128308630127, 0.293031215716559, 0.08582934282721896, 0.4752581583699212], [0.38267158170662563, 0.13876148842076672, 0.006577080861009541, 0.47198984901159796], [0.03496703574951298, 0.0494950517417312, 0.06484568397912083, 0.8506922285296353], [0.1384955956197966, 0.1828969190258535, 0.042902320406345285, 0.6357051649480044], [0.012815986098461754, 0.14823721977551937, 0.7239059915073642, 0.11504080261865485], [0.7137678110609054, 0.12977848385197313, 0.005140146739222126, 0.15131355834789964], [0.03399013191813728, 0.32782278714098223, 0.11292324121738859, 0.525263839723492], [0.4260495301047637, 0.18144935926033004, 0.07965042989268867, 0.3128506807422174], [0.20149336231105272, 0.46484892969720487, 0.07018628387743603, 0.2634714241143062], [0.06834932976555429, 0.3325395166239333, 0.15349421609906305, 0.4456169375114493], [0.00866699601700164, 0.7277094107801344, 0.1733804667494901, 0.09024312645337404], [0.08521542592872393, 0.3142518187839804, 0.26680885773602964, 0.33372389755126597], [0.8327689951921713, 0.04048772451294751, 0.025818287326877156, 0.10092499296800383], [0.6454023196983206, 0.05594407890855829, 0.01266890591574763, 0.28598469547737343], [0.13187648940942548, 0.1733401669864666, 0.37390621489029735, 0.32087712871381086], [0.030895189920357998, 0.9266444247268502, 0.01129241085111552, 0.031167974501676528], [0.44051531335548333, 0.22684198857711335, 0.048377272932998004, 0.2842654251344058], [0.27733037280409123, 0.3299620415875206, 0.01122492618875309, 0.381482659419635], [0.008061569667918827, 0.02539687775970339, 0.8314544886803603, 0.13508706389201736], [0.1416999378960972, 0.26545690786759385, 0.009093348778769172, 0.5837498054575396], [0.16153167238851995, 0.08562318741334739, 0.05067066709600472, 0.7021744731021278], [0.04662148579169626, 0.1957951098015818, 0.6039103980600636, 0.1536730063466578], [0.31613093650575363, 0.10552256301509125, 0.008777556851990826, 0.5695689436271643], [0.22656225664158278, 0.24736914769712035, 0.16406985672586338, 0.36199873893543355], [0.054535987679321725, 0.5335506508257484, 0.1898328930743754, 0.22208046842055473], [0.13038561096051857, 0.35444367732142756, 0.28799353356076673, 0.22717717815728736], [0.1974777223661131, 0.23597717356322692, 0.08534886487905595, 0.48119623919160454], [0.0159279724216418, 0.312904364656945, 0.10277338788246004, 0.5683942750389531], [0.16539240568753416, 0.08321584960574356, 0.6327923619564474, 0.11859938275027462], [0.18081366927418924, 0.1692635794673667, 0.20920329936672094, 0.44071945189172307], [0.02446343559007936, 0.6440166964621993, 0.17159643490420287, 0.15992343304351833], [0.3866046364801825, 0.14020055083027907, 0.2630064413545758, 0.2101883713349625]]}, "rewritten": {"ids": ["97106770", "97106970", "97112300", "97113260", "97114170", "97116500", "97116790", "98107010", "98107380", "98108150", "98108370", "98109311", "98110710", "98111231", "98116090", "98116940", "98120530", "99105921", "99107640", "99107950", "99108080", "99108520", "99109141", "99111000", "99112300", "99121440", "100109980", "100112060", "100117420", "101108500", "101109000", "101109370", "101111620", "101111990", "101112540", "101114020", "101115190", "101119030", "101121640", "102110890", "102121440", "102121700", "103109641", "103110100", "103110840", "103113101", "103113270", "103113610", "104111620", "104111880", "104113000", "104113170", "104113240", "104114740", "104116800", "104117630", "104118070", "105110091", "105115250", "105117351", "105118740", "106114321", "106114880", "106117650", "106117790", "106118520", "106118820", "107112840", "107113130", "107114780", "107114950", "107115140", "107118820", "107120130", "107121700", "108114040", "108114360", "108116501", "108117451", "108117720", "108118291", "108119330", "108119550", "108120060", "108121190", "109115070", "109116930", "109118820", "109119460", "109119591", "109120560", "109121640", "110114321", "110114610", "110114920", "110115140", "110115980", "110116501", "110118111", "110118121", "110118161", "110118701", "110118930", "110120531", "110121500", "111114121", "111114321", "111115770", "111115780", "111116110", "111116990", "111117000", "111117120", "111118301", "111118810", "111118820", "111119150", "111119340", "111120280", "112116290", "112116501", "112116900", "112118471", "112118511", "112118620", "112119580", "112120640", "112120670", "112120700", "112120990", "112121430", "113118421", "113119950", "113120280", "113120540", "113120751", "113121220", "113121810", "113122120", "113122160", "113122220", "113122650"], "labels": [3, 2, 2, 1, 2, 2, 2, 3, 1, 0, 1, 1, 2, 1, 0, 2, 1, 1, 1, 1, 3, 2, 3, 2, 0, 2, 1, 2, 2, 3, 1, 1, 3, 2, 2, 3, 1, 3, 2, 0, 2, 1, 1, 1, 1, 3, 2, 2, 0, 3, 1, 3, 2, 2, 1, 0, 2, 0, 2, 0, 1, 2, 0, 1, 1, 2, 3, 1, 1, 2, 3, 0, 3, 2, 3, 0, 1, 0, 2, 1, 3, 0, 1, 1, 1, 0, 0, 3, 1, 0, 1, 0, 1, 1, 3, 0, 1, 3, 1, 3, 0, 3, 1, 0, 3, 0, 1, 3, 1, 3, 0, 0, 2, 3, 0, 0, 3, 3, 0, 0, 3, 3, 1, 1, 3, 3, 0, 2, 2, 2, 2, 3, 0, 0, 3, 1, 3, 2, 1, 3, 1, 2], "predicted_labels": [0, 3, 2, 3, 3, 2, 2, 1, 3, 3, 2, 3, 3, 0, 1, 1, 3, 0, 3, 3, 2, 2, 1, 2, 2, 1, 3, 0, 2, 1, 3, 3, 0, 3, 1, 3, 1, 0, 1, 0, 3, 0, 3, 3, 1, 1, 3, 3, 3, 3, 3, 1, 1, 1, 3, 0, 2, 1, 0, 0, 3, 1, 2, 1, 1, 0, 3, 1, 2, 1, 3, 3, 1, 2, 1, 0, 1, 0, 0, 1, 0, 0, 3, 1, 1, 1, 2, 1, 3, 0, 2, 0, 0, 1, 1, 3, 3, 3, 0, 1, 0, 2, 3, 3, 0, 1, 1, 0, 3, 3, 0, 3, 1, 1, 3, 0, 3, 3, 3, 0, 3, 3, 1, 0, 3, 3, 0, 1, 3, 1, 1, 0, 0, 0, 0, 3, 3, 1, 1, 1, 1, 1], "confidence_scores": [[0.5013302412679163, 0.12908456141391217, 0.19614242711429225, 0.17344277020387946], [0.1543577526203873, 0.0863944490475348, 0.13793732307733497, 0.621310475254743], [0.11561800991139351, 0.2830595815114649, 0.4548419023740398, 0.1464805062031017], [0.06819353315028238, 0.028005693992068807, 0.3765868001271211, 0.5272139727305276], [0.018338349347484063, 0.28946421688203006, 0.09472418343972981, 0.597473250330756], [0.2054340677029894, 0.1557518130291299, 0.5534065637925244, 0.08540755547535624], [0.22250467653646416, 0.08568618106580875, 0.5233820257815303, 0.168427116616197], [0.23580908441212795, 0.5373262022386577, 0.03272614397159343, 0.19413856937762108], [0.06375374031084678, 0.16119296070765124, 0.24254497853711027, 0.532508320444392], [0.09985509970272116, 0.3499187286952563, 0.09658503821079803, 0.4536411333912249], [0.038003752371743346, 0.10997596190233185, 0.7507121373621691, 0.10130814836375551], [0.27799094877720265, 0.07834943626895109, 0.273375160199193, 0.3702844547546535], [0.08200717067334296, 0.18583292027730733, 0.10874181106199966, 0.6234180979873503], [0.5052522299469644, 0.2179403383036052, 0.05723164015130008, 0.21957579159813023], [0.10911051107407392, 0.6401655298314584, 0.18464504787245845, 0.06607891122200911], [0.07033281749387903, 0.578531761578787, 0.11226138010511204, 0.2388740408222218], [0.4338360908014327, 0.13952347442973817, 0.00798408841711929, 0.41865634635170984], [0.4071303867065321, 0.32437483083617086, 0.21154528135171652, 0.05694950110558054], [0.07764146554704754, 0.037287910847424006, 0.08910390294416834, 0.7959667206613604], [0.009826126515621557, 0.10995257582306917, 0.41952384010856403, 0.4606974575527455], [0.17173984756581265, 0.20509691794155788, 0.33052525362527885, 0.29263798086735077], [0.020531423039421032, 0.19582916370431375, 0.7558609965277157, 0.02777841672854962], [0.30543398858439624, 0.40476237324226244, 0.10321905764301158, 0.18658458053032959], [0.023789150136239456, 0.1533407826480324, 0.6663683698684054, 0.1565016973473228], [0.07868528904454905, 0.24067602205291228, 0.5534534579589595, 0.1271852309435797], [0.1289331682410946, 0.45427678219412404, 0.29932621626343503, 0.11746383330134627], [0.13282954876547515, 0.0717591914813844, 0.08037101241815557, 0.7150402473349851], [0.1875052249108998, 0.1639989656747581, 0.33117233292991066, 0.3173234764844315], [0.02705498807452012, 0.049688202614874666, 0.5792798378954341, 0.3439769714151714], [0.15623763077323308, 0.4964469491717908, 0.07700933371308818, 0.27030608634188774], [0.018812320098301905, 0.049516918651676484, 0.32661250021141874, 0.6050582610386025], [0.03911262748063221, 0.23056684159709004, 0.2661070316579134, 0.4642134992643644], [0.564818048604676, 0.054817781550263636, 0.060354824804296714, 0.32000934504076367], [0.19222898767776, 0.21463749132777413, 0.22119037431938293, 0.3719431466750825], [0.0679483428143776, 0.34598061037022104, 0.3551784084357358, 0.2308926383796653], [0.1943924607586896, 0.12091985868209902, 0.20677345197843444, 0.47791422858077726], [0.03372982152667982, 0.6779358777843344, 0.15917719127954252, 0.1291571094094434], [0.5740841108089212, 0.24522096893101283, 0.02038374278588592, 0.1603111774741803], [0.02317348301292123, 0.5295824078043673, 0.13741270965033098, 0.30983139953238076], [0.44347874873632553, 0.02617244678133125, 0.1689868402481156, 0.361361964234228], [0.08365305817556737, 0.30427804680881637, 0.1776772293932306, 0.4343916656223856], [0.3562844186051761, 0.299643617855919, 0.17375208174464635, 0.17031988179425864], [0.08521033357683831, 0.0756934307899383, 0.11345038104464399, 0.7256458545885792], [0.4273260215314655, 0.12236703600917545, 0.08452817201281129, 0.3657787704465478], [0.11832802852954093, 0.47095493097776814, 0.29699783385767975, 0.11371920663501081], [0.2179417786304838, 0.3045173447257458, 0.1290260628414669, 0.3485148138023034], [0.07991782849765951, 0.2884740732476181, 0.2620245886539417, 0.3695835096007804], [0.31266732921276114, 0.17995968126867767, 0.1338906804939647, 0.3734823090245964], [0.36239106699743245, 0.22219681736024655, 0.019967146247696986, 0.39544496939462426], [0.07179214766576367, 0.14348564706712746, 0.06966761146672214, 0.7150545938003866], [0.47611491852815563, 0.048832069679022046, 0.046505858896384, 0.42854715289643824], [0.052339650500408556, 0.6046199422318171, 0.11972951872786608, 0.2233108885399086], [0.025136838398329853, 0.9200610275166878, 0.03658932822641567, 0.018212805858566616], [0.12917745908781098, 0.397612461930755, 0.15073427291194014, 0.3224758060694936], [0.20008431651714054, 0.1763703963230416, 0.09837610875222713, 0.5251691784075911], [0.7463696397157142, 0.0414916923276931, 0.04788198690788477, 0.1642566810487078], [0.08791583576135517, 0.24578451401511808, 0.49082065996347096, 0.17547899026005576], [0.21976975397842313, 0.293038219619483, 0.1994907420070609, 0.287701284395033], [0.4944584354305336, 0.22927483866164247, 0.0886759628286182, 0.1875907630792059], [0.6063073863778824, 0.08896016664024774, 0.011500402925801831, 0.2932320440560682], [0.18666263608819278, 0.1726038633046155, 0.110119984321045, 0.5306135162861468], [0.16246604444553694, 0.37648993920927176, 0.3350185990726464, 0.12602541727254485], [0.1113238492885628, 0.3132135307534975, 0.45116298615308276, 0.12429963380485728], [0.05529843501144427, 0.54316335538605, 0.11015574791440468, 0.2913824616881004], [0.04151090260633975, 0.3769571079937344, 0.376787244323506, 0.20474474507641954], [0.6008212493052946, 0.2426277824072694, 0.014400573073670604, 0.14215039521376524], [0.19484964908577948, 0.19519124965727017, 0.01061317936682609, 0.5993459218901238], [0.1461218172173776, 0.6928285266731543, 0.09981572226005837, 0.061233933849409394], [0.07679250930245532, 0.25239110437692813, 0.5879658775368188, 0.08285050878379789], [0.15370410433694182, 0.48669452601798396, 0.05506599266195638, 0.30453537698311783], [0.16042850320587512, 0.12370488464651773, 0.10176483818901035, 0.6141017739585968], [0.04063471144651834, 0.04215871394176, 0.040965624475931044, 0.8762409501357906], [0.1551885642790087, 0.5189932751277582, 0.01845691181862923, 0.30736124877460375], [0.07324075974509088, 0.292420657217848, 0.5732959998876795, 0.06104258314938139], [0.11428627095464333, 0.5459693194798473, 0.10089322516282852, 0.23885118440268122], [0.31140449583081176, 0.2823468030415795, 0.19254443331091609, 0.21370426781669266], [0.02122497509692991, 0.4099791584945243, 0.4468138453072436, 0.12198202110130192], [0.3274195232416591, 0.2923326458102091, 0.028924593287992375, 0.35132323766013945], [0.8802427888844362, 0.008089172885139342, 0.0020942825460672065, 0.10957375568435723], [0.09232753610810963, 0.473519207361879, 0.05877237478226189, 0.3753808817477496], [0.5822200199260044, 0.05728521601918037, 0.029045631552292735, 0.3314491325025225], [0.683135548740739, 0.10125563077935712, 0.019501671870849276, 0.19610714860905418], [0.14442800038339265, 0.33214835649991314, 0.08775449907162833, 0.43566914404506596], [0.1502815029977585, 0.7443760987553398, 0.05399585414113772, 0.051346544105763975], [0.036879116641183436, 0.49298161694702697, 0.0965014917166608, 0.37363777469512893], [0.026920240553256074, 0.9083777979961086, 0.006709123064655488, 0.05799283838597955], [0.09240948967789979, 0.14883957456018515, 0.5933139197943742, 0.1654370159675408], [0.18215603708214484, 0.3686506045675456, 0.11404588878377353, 0.33514746956653574], [0.12634348099180845, 0.2991423264507927, 0.036648839694421384, 0.5378653528629778], [0.3607764462778268, 0.38228025237548047, 0.18121889653923504, 0.07572440480745768], [0.016294469306326883, 0.13604072352331187, 0.65877658682275, 0.18888822034761102], [0.4294960544642286, 0.16442695828561615, 0.08328875481470413, 0.3227882324354513], [0.552221322451151, 0.35758467448852327, 0.012920775121519634, 0.07727322793880628], [0.06541154319957843, 0.38514605360205517, 0.46808415536757336, 0.08135824783079335], [0.05168024643749066, 0.814751020314399, 0.02867486645714333, 0.10489386679096727], [0.15795565738613526, 0.14259735679639643, 0.17234683720281785, 0.5271001486146506], [0.31078074620532814, 0.21362586612124662, 0.022811561737176342, 0.45278182593624877], [0.15033586117857883, 0.22909504024790386, 0.01737888412581169, 0.6031902144477058], [0.4592227984081646, 0.21018647517291486, 0.01135917249558487, 0.3192315539233358], [0.11553629317515823, 0.42595964947799453, 0.010589254543643166, 0.4479148028032038], [0.39450098096616565, 0.4258828695214225, 0.03359717606241962, 0.14601897344999187], [0.03439897680592257, 0.12779969363682142, 0.6953146900998338, 0.14248663945742204], [0.12278593925852116, 0.14688792939182627, 0.03156062895633972, 0.6987655023933127], [0.30755670749467295, 0.2592964383313545, 0.029198418618382047, 0.4039484355555904], [0.4501112853277851, 0.2608338864314212, 0.012751053140404965, 0.27630377510038884], [0.02660539763618126, 0.9440421919260885, 0.005441021345175282, 0.02391138909255482], [0.16242756961781019, 0.5665466982294222, 0.24065928446997983, 0.030366447682787696], [0.34487064433912584, 0.34170649173331374, 0.04536991310723321, 0.2680529508203271], [0.40778363194466505, 0.15522060314393285, 0.0896463973328326, 0.34734936757856943], [0.13895902593876322, 0.07505997808171123, 0.056597805845471943, 0.729383190134054], [0.39040073009318155, 0.3372030646300306, 0.026275510167716898, 0.24612069510907092], [0.2993008994359916, 0.23688873813101424, 0.0734855784492193, 0.3903247839837745], [0.04547878860645762, 0.5570846283528048, 0.06390717462245812, 0.3335294084182794], [0.16865460849285557, 0.5744458221922302, 0.0378279675741431, 0.2190716017407715], [0.33635362136916985, 0.2957451859344204, 0.005321806701122619, 0.3625793859952872], [0.5094304489360799, 0.1209644436509033, 0.020302915984867574, 0.34930219142814917], [0.16705714128214671, 0.23070328771892512, 0.022614655835050325, 0.5796249151638777], [0.22676040976605172, 0.25439649207227144, 0.029848796498400727, 0.488994301663276], [0.09341051654113777, 0.2676144578208118, 0.00927423710211758, 0.6297007885359329], [0.6862332703380204, 0.16681631862216964, 0.0138880957942863, 0.1330623152455234], [0.07130452735516096, 0.2874549250024958, 0.030337254456731945, 0.6109032931856113], [0.35895230774127823, 0.24147423214933147, 0.021664301113306902, 0.37790915899608335], [0.12113372134910176, 0.4030062555128123, 0.27559315095379605, 0.20026687218429015], [0.3047325157093737, 0.32989394650042064, 0.08722222158294929, 0.2781513162072565], [0.3265795487878859, 0.11474360881269252, 0.009588677968283117, 0.5490881644311385], [0.034132341361085373, 0.3070302434530554, 0.027184879539567438, 0.6316525356462919], [0.19926789666943814, 0.21382109522867615, 0.39008294933097615, 0.19682805877090948], [0.07843503832176796, 0.46443459290566286, 0.3851247409411117, 0.07200562783145764], [0.03147415964714475, 0.31249088669512926, 0.16340324763885333, 0.49263170601887246], [0.07598357049930726, 0.7996115019311978, 0.03199924990956248, 0.09240567765993259], [0.2138434342199982, 0.45215029271192525, 0.018804342611703, 0.31520193045637357], [0.6662871169798499, 0.21407086841806458, 0.004696373042047586, 0.11494564156003803], [0.5518718180038772, 0.21246722381084432, 0.01810713416812681, 0.2175538240171517], [0.7747777885879312, 0.08001077225234346, 0.024555082888065616, 0.1206563562716599], [0.8297880597068783, 0.09393862594503892, 0.006752348355168366, 0.06952096599291442], [0.27520554259091745, 0.20757043278217657, 0.14929124996234824, 0.3679327746645577], [0.12639196724076754, 0.083860372877384, 0.04047193086648521, 0.7492757290153635], [0.056284965651624476, 0.5127608808290033, 0.391005860232376, 0.03994829328699633], [0.0969207219129669, 0.7915439090189584, 0.0644911200448342, 0.04704424902324038], [0.017247144138835827, 0.7203320349796035, 0.11316497000908582, 0.14925585087247498], [0.2982486127111593, 0.33923740824193727, 0.0716104680390509, 0.29090351100785233], [0.09161860989991079, 0.4067849505642245, 0.14130415349249284, 0.36029228604337193]]}}