{"test": {"ids": ["109116930", "104116800", "102110890", "101108460", "102113981", "107113840", "108121410", "109114030", "106120640", "110116441", "108115880", "105113440", "106112770", "111117200", "103120340", "105119950", "98112580", "105112240", "101109000", "105113210", "111120280", "109120560", "97109570", "113119320", "112120270", "112121410", "98116940", "110120540", "113121750", "98111231", "111117120", "97105760", "105110091", "99108310", "108120260", "113120280", "100109311", "113120540", "108120700", "109114720", "112117431", "102109910", "108115970", "102113350", "113118810", "107114321", "108113620", "108116481", "98119591", "103110100", "107116340", "113118870", "99107560", "98107340", "101111140", "107114110", "112119450", "100111380", "102116500", "109119010", "109115070", "98111620", "100108490", "101111210", "105117200", "108114040", "111115780", "100108260", "107114950", "110115580", "100111620", "111116411", "110117110", "109115220", "100109910", "100110050", "106113170", "111120531", "110120640", "111118301", "113122180", "101121640", "99109141", "100111390", "103110050", "110115710", "108121160", "113121220", "99107660", "102114270", "113122230", "97105451", "105116441", "111116040", "110118880", "107121700", "99112840", "112121430", "99108710", "107114200", "108115500", "99108080", "112116501", "102109840", "100109980", "101108290", "111118810", "109117271", "103113170", "113119120", "100115700", "113122150", "111121220", "100108520", "108115250", "104111550", "109117431", "110117140", "107119130", "99108330", "109117630", "100120010", "110121140", "110121450", "111119250", "110119030", "107119390", "108118630", "112121010", "101117580", "102112250", "97112170", "101115190", "101111620", "108113700", "105117431", "103111990", "113120070", "98106111", "113118511", "100108990", "106121190"], "labels": [0, 1, 0, 0, 1, 3, 0, 1, 3, 3, 3, 0, 1, 0, 1, 3, 2, 1, 1, 3, 0, 1, 0, 1, 0, 0, 2, 1, 0, 1, 2, 0, 0, 2, 1, 0, 1, 3, 2, 0, 0, 2, 2, 3, 3, 0, 3, 0, 1, 1, 3, 0, 1, 0, 2, 1, 3, 3, 1, 3, 0, 3, 2, 2, 3, 0, 1, 3, 3, 1, 3, 0, 0, 3, 2, 3, 0, 0, 0, 3, 2, 2, 3, 2, 3, 2, 2, 3, 3, 3, 1, 0, 1, 0, 0, 3, 2, 2, 2, 2, 3, 3, 3, 2, 1, 0, 0, 0, 3, 3, 1, 2, 3, 2, 1, 1, 1, 3, 1, 1, 0, 0, 3, 3, 1, 0, 2, 1, 2, 3, 0, 0, 1, 3, 0, 1, 2, 2, 0, 1, 2, 2], "predicted_labels": [3, 1, 3, 1, 0, 1, 0, 3, 1, 0, 3, 3, 2, 0, 0, 3, 3, 1, 3, 0, 2, 1, 0, 0, 2, 1, 0, 0, 1, 1, 1, 3, 1, 1, 1, 3, 3, 3, 2, 3, 0, 0, 3, 3, 3, 3, 1, 3, 3, 0, 1, 1, 1, 3, 0, 3, 1, 1, 1, 1, 1, 3, 0, 3, 1, 1, 1, 1, 1, 3, 3, 0, 1, 1, 3, 1, 1, 1, 1, 3, 3, 1, 3, 1, 1, 2, 3, 3, 2, 0, 1, 1, 1, 1, 0, 1, 1, 1, 1, 1, 1, 3, 1, 2, 0, 0, 0, 0, 0, 0, 2, 0, 3, 0, 1, 1, 3, 1, 0, 3, 1, 1, 1, 1, 1, 1, 0, 1, 1, 0, 3, 3, 1, 0, 1, 2, 2, 3, 3, 1, 0, 2], "confidence_scores": [[0.2152397456511707, 0.22029246699488392, 0.14250175847410618, 0.4219660288798391], [0.25652673293092315, 0.3386238828280171, 0.14631932018507235, 0.2585300640559873], [0.2264044403249931, 0.23421932137021118, 0.17048834697365972, 0.36888789133113614], [0.1464028344442805, 0.41020351232892377, 0.3106717359470745, 0.13272191727972113], [0.4622811167205305, 0.28245048864647376, 0.1019670483564565, 0.15330134627653938], [0.19150419153298, 0.32490784547019547, 0.17313884280539107, 0.3104491201914334], [0.36638707743567417, 0.3044817248183375, 0.11476332686299388, 0.21436787088299455], [0.13245073009141764, 0.19904257135920103, 0.274833978100913, 0.3936727204484684], [0.16789726919549025, 0.41493008237019235, 0.18187765003673878, 0.23529499839757867], [0.4344443412707681, 0.1695942994422619, 0.12458040527589592, 0.27138095401107415], [0.20883301586200714, 0.20879009995598513, 0.21521222037454002, 0.367164663807468], [0.18794074728557977, 0.269004630758193, 0.24446555809344664, 0.2985890638627806], [0.18423830760490192, 0.26762164396624527, 0.3464175047881467, 0.2017225436407062], [0.6901226420168618, 0.11124584843247512, 0.08163298395822177, 0.11699852559244127], [0.3059308985133146, 0.270306997232658, 0.13645926580383844, 0.2873028384501889], [0.2405972440407746, 0.2376400097814296, 0.18711762671438162, 0.33464511946341435], [0.19344927221958655, 0.24717208285076184, 0.26681963654494756, 0.2925590083847041], [0.19551303392555702, 0.3955261535079989, 0.171878895553333, 0.23708191701311104], [0.2284372440758472, 0.2481198470454161, 0.20739251986980994, 0.3160503890089268], [0.33025126675655964, 0.2896540791510828, 0.11966745810007609, 0.26042719599228153], [0.21741433653031553, 0.2666026454541121, 0.27769541983529766, 0.23828759818027484], [0.14827546230243363, 0.40046817823824554, 0.16271976147053774, 0.288536597988783], [0.43689340858627224, 0.22370932951510433, 0.10691893404648384, 0.23247832785213954], [0.3864728864132686, 0.20452286371027698, 0.2528441700570476, 0.15616007981940666], [0.08944797772464447, 0.27940354919871646, 0.41001042394903475, 0.22113804912760437], [0.20935332945780408, 0.38799627317942376, 0.16538611932317138, 0.23726427803960073], [0.4350293672124192, 0.1663215275662171, 0.20272007954006915, 0.19592902568129447], [0.4344827544451244, 0.17410620216542938, 0.20009653682552894, 0.19131450656391727], [0.20510894266105534, 0.38149928251395393, 0.20940430618408729, 0.2039874686409037], [0.23098569176620531, 0.32133387474996217, 0.1784054487366352, 0.2692749847471973], [0.19312281255709704, 0.35360157679224324, 0.21012659274543793, 0.24314901790522178], [0.36260147305174134, 0.14446599555303558, 0.09655587419259681, 0.3963766572026263], [0.2725873166792675, 0.275671118546436, 0.20929927049492225, 0.24244229427937428], [0.15003058917614673, 0.42031370935352463, 0.14180356955874385, 0.287852131911585], [0.2049478836448087, 0.47767084501812923, 0.11511370717953655, 0.2022675641575257], [0.2734827145551998, 0.19274518419406125, 0.12403425419749575, 0.40973784705324306], [0.28883639675023554, 0.265058278090504, 0.1324374336917399, 0.3136678914675205], [0.12341532249738071, 0.16556919600759915, 0.16778574386177714, 0.543229737633243], [0.2683689198597624, 0.15484304681784272, 0.36018105547926627, 0.21660697784312874], [0.20876582446895864, 0.30440664792455474, 0.16595520360230548, 0.3208723240041812], [0.4808640864393077, 0.20666040255325197, 0.13042185812823623, 0.18205365287920416], [0.3076005484847829, 0.26042616793362294, 0.21511607834940058, 0.2168572052321937], [0.2715464716845371, 0.18574311604128674, 0.14707536545467695, 0.3956350468194993], [0.19936217297092815, 0.24534158008538542, 0.20655119265717878, 0.3487450542865077], [0.14108940624010224, 0.17892809484361397, 0.12180396502996643, 0.5581785338863176], [0.12736802206389022, 0.2885638080836108, 0.16547871773486225, 0.4185894521176368], [0.14450099876145894, 0.39070534820346364, 0.15316938661259327, 0.31162426642248414], [0.22275024989659203, 0.32465430186397576, 0.10736999895714772, 0.34522544928228455], [0.27135442502249657, 0.2500146833268207, 0.14040750879821315, 0.3382233828524697], [0.4144802103732979, 0.17393652069243304, 0.2669979977563133, 0.14458527117795572], [0.1500723462709648, 0.5107464417184627, 0.1768772779088302, 0.16230393410174235], [0.19549835982372396, 0.40407276682984744, 0.134677503492052, 0.2657513698543766], [0.19570673866231456, 0.3378705372900538, 0.19123406798846634, 0.2751886560591652], [0.2959649268907967, 0.19666588942072147, 0.160257554355791, 0.3471116293326909], [0.42097351629996294, 0.2786325678227519, 0.15398799324610765, 0.1464059226311777], [0.30171620743920313, 0.17786611860135831, 0.07748822174463442, 0.44292945221480406], [0.16838865057772737, 0.3221458989872737, 0.20791417490687158, 0.3015512755281274], [0.17640174964417538, 0.3303472182505489, 0.1902995921946434, 0.30295143991063245], [0.15897442269103867, 0.41199467902454234, 0.26248225870883074, 0.16654863957558852], [0.15584852941970262, 0.4101902104068537, 0.16737750760909278, 0.26658375256435096], [0.29496990199731965, 0.3776181365882731, 0.14512497060454582, 0.1822869908098615], [0.13614259726682698, 0.18919743835597042, 0.13532938573057435, 0.5393305786466283], [0.38346491558770784, 0.2722121071374515, 0.1375936522497942, 0.20672932502504668], [0.21976764715641894, 0.14546577359320037, 0.17015344099152907, 0.4646131382588516], [0.11902932471034074, 0.4071292093007492, 0.23619012088967228, 0.2376513450992379], [0.1609226851967654, 0.4547104325510212, 0.15905622411231143, 0.22531065813990195], [0.2128216145745329, 0.5403204073920307, 0.07882513480746293, 0.16803284322597348], [0.23576328085340437, 0.34816707094711485, 0.15125911633413042, 0.26481053186535014], [0.20978815141979876, 0.3469128098100148, 0.1320588390120488, 0.31124019975813755], [0.1040601846900732, 0.1308319095809, 0.15955607114892562, 0.6055518345801012], [0.15170450006694525, 0.10647678818630994, 0.1849294137311847, 0.5568892980155602], [0.39128530163631986, 0.1795081593579973, 0.05505021066186281, 0.37415632834382007], [0.232559489274415, 0.3363184665006269, 0.14066074409561402, 0.290461300129344], [0.08650052093700138, 0.39673648587047194, 0.1312893843274313, 0.3854736088650954], [0.1394227028024384, 0.2062461271867488, 0.3006271610491195, 0.3537040089616934], [0.2437391008996972, 0.29674762967034557, 0.24097165644292504, 0.21854161298703215], [0.2343239193963619, 0.4190779704398527, 0.1095773933440915, 0.23702071681969386], [0.20450750402598902, 0.33461421614015535, 0.2598825461130297, 0.20099573372082596], [0.19978289507736277, 0.37555976525367885, 0.19907912520882734, 0.22557821446013118], [0.19601048443797162, 0.2102567100422073, 0.1688341299804702, 0.42489867553935085], [0.20275316825708756, 0.3335030243844214, 0.11898229324161805, 0.34476151411687295], [0.14637776474682887, 0.543163553320769, 0.11655030793700412, 0.19390837399539795], [0.24216059531168074, 0.24520384492767353, 0.11115467700573325, 0.40148088275491256], [0.14196630867501442, 0.3698381437948724, 0.23742720986146085, 0.2507683376686526], [0.12593720086815302, 0.5955268216365731, 0.127288768122217, 0.15124720937305694], [0.1419200978981448, 0.22076019817218617, 0.41940383458134933, 0.21791586934831972], [0.12418057588202389, 0.31996113803279935, 0.15612199117995754, 0.3997362949052194], [0.23633955607381762, 0.15845288939946497, 0.15170780817199822, 0.4534997463547192], [0.17381408070076837, 0.160602694420877, 0.41668436332252706, 0.24889886155582758], [0.4045784463358967, 0.3540979567135483, 0.1085031670077431, 0.13282042994281182], [0.2320211336855309, 0.38421477633582163, 0.14746102368969466, 0.2363030662889529], [0.26148987514613864, 0.276196023093106, 0.23535224268602267, 0.22696185907473268], [0.1547640624994343, 0.4795389659865416, 0.09426359702250849, 0.27143337449151556], [0.2163255241140131, 0.35023744261134215, 0.17130807266818524, 0.26212896060645946], [0.34435680230978405, 0.25989256637199204, 0.10344305445643506, 0.2923075768617887], [0.21627089044328782, 0.4162890291449898, 0.12578785173248067, 0.24165222867924163], [0.2189418561866611, 0.32873088482099033, 0.19623727098135377, 0.256089988010995], [0.269761672652887, 0.35586351907002156, 0.1519584649483866, 0.22241634332870497], [0.2362507845798307, 0.33091201447204144, 0.19889234239313508, 0.23394485855499295], [0.1603854605116842, 0.4313745384865639, 0.15227897686767158, 0.25596102413408045], [0.2483083734179896, 0.3106891005241295, 0.17886749577611782, 0.262135030281763], [0.23986633832103388, 0.3017729607671686, 0.1393714165237074, 0.31898928438809027], [0.28827429622786077, 0.36892780561859184, 0.11744372558879697, 0.2253541725647505], [0.10716808703758188, 0.26181962584296564, 0.40350227987508996, 0.22751000724436235], [0.35279511287792004, 0.2036526379077951, 0.13881127303993793, 0.30474097617434703], [0.3990855716469451, 0.22775636246293235, 0.1325422152250514, 0.24061585066507118], [0.35272463502956775, 0.2739215512773546, 0.10142948333245354, 0.2719243303606242], [0.42130197740446323, 0.17604123129083238, 0.2637673326927237, 0.1388894586119807], [0.2961896570951254, 0.2565559615223397, 0.2573948236645918, 0.189859557717943], [0.4878225148098718, 0.15290096280534204, 0.09695019415177751, 0.26232632823300867], [0.19494863649637428, 0.2311079698482936, 0.2995208662239343, 0.27442252743139783], [0.2995454672749885, 0.2874560152205911, 0.13368333860681922, 0.2793151788976012], [0.09986482416834325, 0.3374142333384061, 0.15065708171630313, 0.41206386077694745], [0.459648621626028, 0.15025869231453423, 0.1397374481413844, 0.25035523791805325], [0.1457280591601384, 0.38675155063756045, 0.24977665590129527, 0.21774373430100602], [0.1707020582191413, 0.35649290544080825, 0.2545347010080887, 0.21827033533196177], [0.21298868422523495, 0.19051806299279817, 0.296572590411119, 0.2999206623708477], [0.19031664940409163, 0.3386612657397484, 0.21385837412589426, 0.2571637107302656], [0.3954911734057006, 0.31204452083058, 0.1379222832062573, 0.15454202255746208], [0.15584503163845673, 0.15207550306967146, 0.11860752950148021, 0.5734719357903917], [0.19588242450357338, 0.3401873724086636, 0.21592841638755036, 0.24800178670021275], [0.2252514796785736, 0.4665923664250911, 0.09649252475336616, 0.21166362914296902], [0.15184517748853718, 0.4523347234475162, 0.19900687023599908, 0.19681322882794766], [0.18413781251526276, 0.4117638749286281, 0.13702888646047756, 0.26706942609563167], [0.2120276837224565, 0.34472007454181963, 0.199454839130195, 0.24379740260552893], [0.2175780265497447, 0.3163178770037246, 0.20768854839628137, 0.2584155480502493], [0.43996958601971753, 0.1358849334140954, 0.21856561299934515, 0.20557986756684182], [0.18865214711798736, 0.3929069436228454, 0.18421611675681035, 0.23422479250235692], [0.22245962961826884, 0.467938200602565, 0.12264564011967395, 0.18695652965949228], [0.3409414235415623, 0.22179582970685155, 0.12831080703873682, 0.3089519397128491], [0.14640242739511566, 0.24578415245190813, 0.17881061765388212, 0.42900280249909406], [0.21465550808635492, 0.2467597288730892, 0.18000918472791286, 0.3585755783126432], [0.16222614433183527, 0.40429785038408583, 0.2026732767571016, 0.23080272852697736], [0.36216394516880124, 0.16408532930787806, 0.15684478017181502, 0.3169059453515058], [0.273795540938087, 0.34005044907829557, 0.20078421649062297, 0.18536979349299448], [0.13499503536913607, 0.2008039297633428, 0.40697725484752995, 0.257223780019991], [0.1760989187167984, 0.3133944849985801, 0.3267499629522348, 0.18375663333238687], [0.25050450426049914, 0.2613684820884994, 0.19476386162697892, 0.29336315202402263], [0.1986219615941999, 0.2700479301359322, 0.2530745629552263, 0.2782555453146416], [0.1598020848382801, 0.38770887301982326, 0.2090703122547449, 0.24341872988715188], [0.37147363690016527, 0.18563416411136657, 0.1290685859395601, 0.313823613048908], [0.20106934877120874, 0.2116760686191012, 0.3002197515551441, 0.2870348310545461]]}, "rewritten": {"ids": ["97105451", "97105760", "97109570", "97112170", "98106111", "98107340", "98111231", "98111620", "98112580", "98116940", "98119591", "99107560", "99107660", "99108080", "99108310", "99108330", "99108710", "99109141", "99112840", "100108260", "100108490", "100108520", "100108990", "100109311", "100109910", "100109980", "100110050", "100111380", "100111390", "100111620", "100115700", "100120010", "101108290", "101108460", "101109000", "101111140", "101111210", "101111620", "101115190", "101117580", "101121640", "102109840", "102109910", "102110890", "102112250", "102113350", "102113981", "102114270", "102116500", "103110050", "103110100", "103111990", "103113170", "103120340", "104111550", "104116800", "105110091", "105112240", "105113210", "105113440", "105116441", "105117200", "105117431", "105119950", "106112770", "106113170", "106120640", "106121190", "107113840", "107114110", "107114200", "107114321", "107114950", "107116340", "107119130", "107119390", "107121700", "108113620", "108113700", "108114040", "108115250", "108115500", "108115880", "108115970", "108116481", "108118630", "108120260", "108120700", "108121160", "108121410", "109114030", "109114720", "109115070", "109115220", "109116930", "109117271", "109117431", "109117630", "109119010", "109120560", "110115580", "110115710", "110116441", "110117110", "110117140", "110118880", "110119030", "110120540", "110120640", "110121140", "110121450", "111115780", "111116040", "111116411", "111117120", "111117200", "111118301", "111118810", "111119250", "111120280", "111120531", "111121220", "112116501", "112117431", "112119450", "112120270", "112121010", "112121410", "112121430", "113118511", "113118810", "113118870", "113119120", "113119320", "113120070", "113120280", "113120540", "113121220", "113121750", "113122150", "113122180", "113122230"], "labels": [0, 0, 0, 0, 0, 0, 1, 3, 2, 2, 1, 1, 3, 3, 2, 1, 2, 3, 2, 3, 2, 2, 2, 1, 2, 1, 3, 3, 2, 3, 1, 0, 0, 0, 1, 2, 2, 3, 1, 3, 2, 2, 2, 0, 0, 3, 1, 3, 1, 3, 1, 2, 3, 1, 1, 1, 0, 1, 3, 0, 1, 3, 1, 3, 1, 0, 3, 2, 3, 1, 2, 0, 3, 3, 1, 2, 3, 3, 0, 0, 1, 3, 3, 2, 0, 1, 1, 2, 2, 0, 1, 0, 0, 3, 0, 0, 1, 0, 3, 1, 1, 2, 3, 0, 3, 0, 0, 1, 0, 3, 3, 1, 0, 0, 2, 0, 3, 0, 1, 0, 0, 3, 3, 0, 3, 0, 2, 0, 2, 1, 3, 0, 3, 1, 2, 0, 3, 3, 0, 2, 2, 1], "predicted_labels": [1, 0, 0, 3, 3, 3, 1, 3, 3, 2, 0, 3, 3, 1, 1, 3, 3, 2, 1, 1, 3, 1, 1, 3, 3, 0, 1, 1, 1, 3, 3, 3, 3, 3, 0, 3, 3, 3, 1, 0, 1, 1, 1, 3, 3, 1, 0, 0, 2, 1, 0, 1, 1, 2, 2, 3, 1, 3, 3, 1, 3, 3, 3, 0, 2, 1, 2, 3, 3, 3, 1, 3, 3, 1, 1, 0, 1, 1, 1, 3, 3, 3, 1, 3, 3, 3, 1, 0, 3, 0, 2, 2, 0, 3, 3, 2, 3, 3, 1, 1, 2, 2, 3, 1, 3, 1, 2, 0, 1, 1, 3, 1, 1, 3, 3, 2, 1, 3, 3, 3, 3, 1, 3, 0, 3, 1, 1, 1, 1, 1, 3, 3, 3, 2, 0, 3, 3, 3, 1, 3, 3, 3], "confidence_scores": [[0.2589007712369868, 0.27981544605283976, 0.1944237868857981, 0.26685999582437536], [0.4476292345075111, 0.1682984157876423, 0.15150651502487264, 0.23256583467997405], [0.3255332499294097, 0.19812768475049236, 0.2481964592013356, 0.22814260611876233], [0.216315422454961, 0.24502193745997627, 0.14911582596455, 0.3895468141205128], [0.16642364665478815, 0.24493341102779648, 0.21472798192393344, 0.37391496039348204], [0.3022937962984165, 0.17952219294008376, 0.18397075898556842, 0.33421325177593136], [0.18603884731148587, 0.4628614203122209, 0.14170046329644032, 0.2093992690798529], [0.11977684985644628, 0.23451900630079625, 0.1736047949360949, 0.47209934890666266], [0.1429138642358852, 0.23422835370183726, 0.13764771150311317, 0.4852100705591645], [0.09867026472689146, 0.14869095631301354, 0.48097626160081186, 0.27166251735928315], [0.3071737510294643, 0.2739368963646533, 0.18589380533079847, 0.2329955472750839], [0.1304061807892442, 0.18842855107758716, 0.09813960349057596, 0.5830256646425928], [0.16805017724634005, 0.12066780524097084, 0.18772699092310402, 0.5235550265895851], [0.1866480552981124, 0.32884591503295313, 0.15784498194963553, 0.3266610477192987], [0.16744258666080403, 0.4494440133290754, 0.18815560550741312, 0.19495779450270745], [0.09202639099637604, 0.1387844580014042, 0.1666235642561692, 0.6025655867460507], [0.233339727316621, 0.30840794363946344, 0.14771837801801183, 0.3105339510259036], [0.2013381739427588, 0.27087854085047813, 0.27360164267980136, 0.25418164252696174], [0.20683627137578356, 0.3262175832166066, 0.1834052728324193, 0.2835408725751905], [0.23561546540478168, 0.3698626377677095, 0.16582689557304375, 0.22869500125446512], [0.21789741145123553, 0.28606821253655057, 0.12298139830939235, 0.3730529777028218], [0.24937069330935857, 0.3031350856108942, 0.20691513917377935, 0.24057908190596802], [0.21161933459706658, 0.2738851156926365, 0.262504137009141, 0.2519914127011559], [0.22931084026987758, 0.22919342146042235, 0.10533138356760596, 0.4361643547020941], [0.10193924344205674, 0.1493931446080088, 0.14159932440927392, 0.6070682875406606], [0.3454073929793465, 0.2432417551086293, 0.13945169446641947, 0.27189915744560483], [0.18721642598066388, 0.31705617124872654, 0.1846515907225378, 0.3110758120480718], [0.18983200772245887, 0.395464937703989, 0.13526292153902877, 0.2794401330345233], [0.14523729612310007, 0.3559500395035361, 0.24639005499259478, 0.2524226093807692], [0.14415347052970753, 0.1849823236044327, 0.14721787326227193, 0.5236463326035878], [0.21202946924720648, 0.2395877133699942, 0.14570965319066628, 0.4026731641921331], [0.21072011107848468, 0.30476801402461345, 0.12427178608709846, 0.3602400888098035], [0.3249096580003666, 0.20205442713576205, 0.09584843499134055, 0.3771874798725309], [0.13387267879540152, 0.2699937047305365, 0.21001645721712356, 0.38611715925693846], [0.3518169782122213, 0.23002616430325096, 0.17007193173697002, 0.24808492574755778], [0.25874764214470464, 0.2652210897597026, 0.16561766411035547, 0.3104136039852373], [0.17802465608752407, 0.16541017764310473, 0.14776871194045865, 0.5087964543289126], [0.18493743448727362, 0.14377462200149127, 0.15806577348665315, 0.5132221700245819], [0.1547150115329337, 0.37194812145416845, 0.156763557798907, 0.31657330921399085], [0.41898528400505114, 0.21697298530147716, 0.19392778809407105, 0.17011394259940069], [0.11652655204755583, 0.525181520858245, 0.12355910703322685, 0.23473282006097237], [0.14568447307894805, 0.3624827621281273, 0.14198805142366744, 0.34984471336925743], [0.26223737030208744, 0.3378587646138002, 0.17414580485295647, 0.22575806023115605], [0.13784557743339773, 0.20029760541712086, 0.13395182122737528, 0.5279049959221062], [0.10163100423296312, 0.18063319177553377, 0.23283967973466296, 0.4848961242568402], [0.13468387499201911, 0.35575981181152744, 0.1588105067632928, 0.3507458064331606], [0.38268481418670536, 0.21061363438827804, 0.15947615501091, 0.2472253964141066], [0.43346100761586354, 0.268670400415759, 0.13678761580805518, 0.16108097616032221], [0.24821555201120402, 0.210752388164344, 0.31217937851299776, 0.22885268131145423], [0.22748721367481953, 0.3108333913864054, 0.19574204008701024, 0.2659373548517648], [0.5201725126103858, 0.13399979540109053, 0.20227626518005143, 0.1435514268084724], [0.21896365525476563, 0.32813961299879124, 0.16525564643958415, 0.287641085306859], [0.17748867201666668, 0.29955650386872057, 0.2496338761061025, 0.27332094800851037], [0.2700467697979092, 0.1971176614775537, 0.2982909926220244, 0.2345445761025127], [0.19773245529146868, 0.2743850331316706, 0.3164246585807618, 0.2114578529960989], [0.15476764022091744, 0.2586968827683228, 0.24097780161001514, 0.34555767540074467], [0.2992495550122876, 0.36426373506945825, 0.1295845621097805, 0.2069021478084737], [0.18893982504945933, 0.32050596121283936, 0.08983478297817434, 0.4007194307595271], [0.24631289550983934, 0.3070289713085399, 0.10884288412603692, 0.33781524905558385], [0.21025363199835728, 0.41551167592955457, 0.1603174501904922, 0.21391724188159597], [0.07409770442773804, 0.25352765064464267, 0.27003426379479606, 0.40234038113282317], [0.15704451098210098, 0.19231917239175297, 0.1327306174080435, 0.5179056992181026], [0.16838267747389019, 0.19079385668573468, 0.3015270278045574, 0.3392964380358176], [0.4181276273900413, 0.2342697999222474, 0.14081730058653455, 0.20678527210117667], [0.14940435468969657, 0.16438187707697657, 0.3665508715838696, 0.31966289664945735], [0.2831094390324012, 0.3549987046035474, 0.10514350248099176, 0.25674835388305967], [0.15437100852076366, 0.31382234802958686, 0.40968160161138956, 0.12212504183826], [0.10550159121516992, 0.2043739747632419, 0.27394238830950135, 0.41618204571208683], [0.23885234084456325, 0.1990390134960029, 0.24831761415902176, 0.31379103150041227], [0.1179685494284841, 0.14968552948548441, 0.18244572759264, 0.5499001934933915], [0.1895233062313214, 0.372200445214383, 0.1487427223818107, 0.28953352617248485], [0.21514926600175516, 0.2737839567606563, 0.1929457497140199, 0.31812102752356863], [0.1780665934290371, 0.14953505744786724, 0.11349740503441741, 0.5589009440886784], [0.23914226684298617, 0.4056497781217789, 0.12765659633755597, 0.22755135869767892], [0.16862016978631889, 0.4702693188627784, 0.16789367999176932, 0.19321683135913345], [0.31496948105797173, 0.19325331010958963, 0.18128273336428316, 0.3104944754681556], [0.2934628921363521, 0.33683399629537153, 0.13626814338422777, 0.23343496818404838], [0.1538120822080708, 0.34992159313107657, 0.25355440271564544, 0.24271192194520733], [0.1604309969002039, 0.5822293434335343, 0.09536785394410276, 0.16197180572215908], [0.15646353315370207, 0.31894522399394937, 0.14551431866320363, 0.3790769241891449], [0.09275446849434078, 0.14418230410264835, 0.15625167626636638, 0.6068115511366445], [0.1870013396023344, 0.27790784773786414, 0.19551610803994612, 0.3395747046198554], [0.13164498938393693, 0.34513738702463986, 0.18518487977630363, 0.33803274381511955], [0.17683450811322018, 0.1214041272342609, 0.09721290174300692, 0.6045484629095119], [0.21137351087707862, 0.21257538720673536, 0.158389735738362, 0.417661366177824], [0.24330781560638237, 0.25168614147693535, 0.17621985087451822, 0.3287861920421642], [0.26504676268544614, 0.31642795411271524, 0.15511901060575167, 0.2634062725960869], [0.3399321942153584, 0.21604179417427927, 0.24778628120523508, 0.19623973040512713], [0.16060702197008594, 0.26690065569309257, 0.13065821881726514, 0.4418341035195565], [0.3642496456542787, 0.29914031426705534, 0.1408471476311033, 0.19576289244756276], [0.1445807605275397, 0.17816434088369423, 0.3476418545885677, 0.32961304400019836], [0.1784661802916877, 0.23342933661578413, 0.3623041666030469, 0.22580031648948143], [0.30428785070440145, 0.2458580621377095, 0.20150257271251093, 0.2483515144453783], [0.11378835487181753, 0.3134883718224419, 0.14939072264753578, 0.4233325506582048], [0.269470169055349, 0.2543598279138748, 0.20049881927024885, 0.27567118376052735], [0.3054872566670833, 0.16901750868040208, 0.3305173575392995, 0.1949778771132151], [0.2141246858926616, 0.2132438606065117, 0.24100907769574753, 0.3316223758050791], [0.15474844470488763, 0.27089351728598415, 0.20266908093960223, 0.37168895706952587], [0.09319026740688706, 0.3633845103954055, 0.21500477283814928, 0.3284204493595584], [0.11833686192563726, 0.34062350219372844, 0.29650819909684306, 0.2445314367837912], [0.16402060769884425, 0.22011439848738212, 0.32232931953063515, 0.2935356742831384], [0.17265357076316368, 0.2010404498421358, 0.44430462948418853, 0.18200134991051198], [0.29700601810460453, 0.2268103655457607, 0.16319584980526877, 0.31298776654436594], [0.22962861187935735, 0.28936048661497, 0.2168030761784225, 0.2642078253272502], [0.10878435769667959, 0.17440650816722356, 0.31606057075597443, 0.4007485633801223], [0.2225855068880348, 0.41757002279577643, 0.1111216621901348, 0.24872280812605413], [0.13289983554785653, 0.2585772522669398, 0.34286253960835533, 0.26566037257684827], [0.38049646464942005, 0.2196693870047228, 0.21265071839453686, 0.18718342995132034], [0.20164042590235987, 0.34413636649325335, 0.17129471401064278, 0.2829284935937442], [0.13908450727103955, 0.37673809076804143, 0.2295848964830284, 0.25459250547789075], [0.12394189557147402, 0.315572390926661, 0.09622388203276329, 0.4642618314691017], [0.19767519145367116, 0.42672136911882325, 0.09855296289624371, 0.2770504765312619], [0.2640371680134918, 0.28752578741016055, 0.1764382841277489, 0.2719987604485987], [0.2488713636663837, 0.1851360458940969, 0.07549226798774787, 0.49050032245177166], [0.1575004568492901, 0.26845077280569885, 0.18090876396951705, 0.39314000637549407], [0.14889786075863828, 0.2106962472667166, 0.4487681888356724, 0.1916377031389728], [0.19207432758181833, 0.3328675857878689, 0.17752172650714182, 0.29753636012317103], [0.18234891484871865, 0.2919123424619921, 0.13520859502513777, 0.39053014766415145], [0.12028849758021438, 0.3063628208139108, 0.11682068886087976, 0.4565279927449951], [0.1720080065487572, 0.29416827933095535, 0.13280320614923238, 0.40102050797105515], [0.14859967991626463, 0.14389481892964257, 0.11658146138968559, 0.590924039764407], [0.1804879348295776, 0.3348951421632369, 0.1748861785573129, 0.3097307444498726], [0.30180422565464815, 0.24982723719283748, 0.10576058282607782, 0.34260795432643654], [0.38670539616533367, 0.18465299863431245, 0.1475192419396985, 0.28112236326065554], [0.15329726189973975, 0.34451130704602684, 0.1352963097001111, 0.36689512135412233], [0.11005083031381398, 0.4608449336909473, 0.22445226368772833, 0.20465197230751045], [0.16695928302499555, 0.584377489132829, 0.08971690117374974, 0.1589463266684257], [0.166624914538623, 0.36976179564436923, 0.14942618515579734, 0.3141871046612106], [0.17902570447566776, 0.3556755921461214, 0.1331241520317848, 0.3321745513464262], [0.24787126556699954, 0.3392292724803973, 0.22164520792789988, 0.1912542540247033], [0.12411585393921512, 0.2429748333772212, 0.11314997957434011, 0.5197593331092236], [0.13461328616751975, 0.3126808417978047, 0.0891238012389544, 0.46358207079572117], [0.26045102094196954, 0.21643860372254076, 0.1609748388854469, 0.3621355364500428], [0.24546592458091163, 0.26718741786770994, 0.28059406836463857, 0.2067525891867401], [0.35065308943925305, 0.17005419054938306, 0.20712758799532618, 0.2721651320160377], [0.27900064733685503, 0.18424023804799708, 0.07910860312159791, 0.45765051149355007], [0.10232468693056905, 0.21230686190801001, 0.2748573001754471, 0.41051115098597396], [0.20686834072360005, 0.09633604764566649, 0.19665603716851504, 0.5001395744622185], [0.22095280800817824, 0.3285787673652227, 0.13388908330352559, 0.3165793413230733], [0.12442871223561566, 0.3749896621103888, 0.10380423616813217, 0.39677738948586344], [0.24294656594516054, 0.17506014682893234, 0.1524086978792235, 0.4295845893466836], [0.1752798680014432, 0.2402203216500236, 0.11610856514671546, 0.46839124520181774]]}}