{"test": {"ids": ["105113440", "108114270", "112121410", "112118161", "109115220", "109117600", "112116880", "105118740", "105120621", "101119591", "111116110", "98111860", "105118171", "101108460", "113122150", "105115900", "105113170", "98116090", "98108410", "109114270", "104114240", "109117080", "113122510", "108120700", "113122180", "97109570", "107114780", "110116290", "99109910", "108114360", "108120621", "111120320", "106112770", "103120730", "109116930", "103110220", "107120010", "99108890", "112121360", "99107630", "106115240", "108121351", "97105960", "113122190", "109118820", "106113830", "105119950", "98111231", "98108580", "113119120", "106116640", "105116090", "103117461", "99109860", "103111480", "97105760", "112116401", "103110050", "113119930", "104111830", "109117630", "107112850", "97108520", "107116501", "103113610", "105113480", "99108310", "110120700", "107114280", "106114880", "109113591", "111114941", "112119500", "113117401", "111118810", "100110050", "111116010", "102110890", "98112170", "104113210", "112118860", "105121370", "110114920", "97112830", "106114321", "112119930", "102108621", "100120010", "111117200", "110121500", "109119591", "97105580", "97111790", "113117550", "106118161", "98106111", "98111670", "112121030", "108120060", "113121410", "106114011", "99108010", "104114410", "99108710", "110118121", "105113620", "97116410", "98109311", "109113931", "104109311", "101108080", "108118301", "99108520", "112116610", "113121750", "103111930", "112116850", "109121351", "98107340", "105119550", "103120780", "99116500", "101112201", "106115120", "106119260", "111116750", "108118060", "101111310", "108114040", "112121430", "100120780", "111120591", "111120540", "109117431", "106118520", "111119580", "113117630", "101108290", "105111990", "112118820", "113121980", "104113190"], "labels": [0, 3, 0, 0, 3, 1, 0, 1, 1, 0, 3, 0, 3, 0, 2, 3, 0, 0, 1, 3, 0, 1, 2, 2, 2, 0, 2, 2, 2, 1, 1, 1, 1, 1, 0, 2, 1, 0, 3, 2, 1, 3, 2, 1, 3, 1, 3, 1, 0, 3, 3, 1, 0, 2, 0, 0, 0, 3, 1, 3, 0, 1, 2, 1, 2, 0, 2, 2, 3, 0, 3, 0, 2, 3, 0, 3, 1, 0, 3, 3, 3, 2, 3, 2, 2, 1, 3, 0, 0, 3, 0, 1, 2, 3, 3, 0, 1, 0, 1, 0, 1, 2, 1, 2, 3, 0, 3, 1, 1, 3, 0, 1, 2, 1, 0, 3, 0, 0, 0, 1, 1, 2, 0, 1, 1, 3, 1, 3, 0, 2, 1, 1, 1, 1, 2, 3, 0, 0, 2, 0, 2, 3], "predicted_labels": [1, 3, 3, 3, 3, 0, 1, 1, 3, 0, 3, 2, 1, 0, 3, 3, 3, 1, 1, 3, 3, 1, 1, 3, 3, 3, 1, 2, 2, 1, 0, 3, 3, 0, 2, 2, 1, 1, 0, 3, 0, 3, 3, 3, 3, 3, 0, 0, 0, 3, 3, 1, 3, 1, 0, 2, 0, 1, 0, 3, 1, 1, 1, 1, 0, 1, 3, 0, 1, 2, 1, 3, 1, 3, 3, 1, 1, 2, 3, 3, 3, 3, 1, 3, 1, 1, 0, 1, 1, 1, 0, 0, 3, 3, 1, 1, 3, 0, 1, 3, 0, 1, 3, 1, 3, 1, 1, 0, 0, 3, 0, 1, 2, 0, 1, 1, 3, 1, 3, 3, 1, 1, 1, 0, 0, 0, 1, 1, 1, 3, 3, 3, 1, 1, 1, 0, 1, 3, 3, 3, 3, 1], "confidence_scores": [[0.20897119460086078, 0.30115861444380587, 0.21559037396326886, 0.2742798169920646], [0.31986158902693135, 0.2534047423084926, 0.0933540486591226, 0.3333796200054535], [0.2615845977090197, 0.3130481068197757, 0.1054919198832023, 0.31987537558800216], [0.3106562900451118, 0.24963914369091092, 0.10182872715727738, 0.33787583910669977], [0.281034030344785, 0.30812955257858177, 0.09871070058318493, 0.3121257164934484], [0.27229084898671735, 0.2777664568906073, 0.13693363903432754, 0.31300905508834814], [0.2289531122333778, 0.30701661074836784, 0.15012627328613606, 0.3139040037321185], [0.16094321778786932, 0.32827670817691784, 0.22839290837886683, 0.282387165656346], [0.3340494595792434, 0.25794179171525033, 0.05702821372152267, 0.35098053498398346], [0.3047006131796005, 0.2223685042100293, 0.14287302003094468, 0.33005786257942527], [0.26918427810002554, 0.27908441980066057, 0.13944645274778647, 0.31228484935152734], [0.09562892606287601, 0.32829946035521357, 0.39375183935306357, 0.18231977422884718], [0.2351116501193484, 0.32294681428114347, 0.1337955061717132, 0.30814602942779484], [0.2805113620657002, 0.2787976429939496, 0.1347784121529777, 0.30591258278737243], [0.23056274769064253, 0.29396342288433686, 0.17139052967941046, 0.30408329974561016], [0.18377668642370132, 0.28775420413946656, 0.24161544459559922, 0.28685366484123304], [0.2668444853665766, 0.2978712684104567, 0.11153882581957979, 0.32374542040338694], [0.1833924328257958, 0.31759766196107536, 0.2239364100029085, 0.27507349521022006], [0.22773726242951964, 0.31422230483318175, 0.18391740493646538, 0.27412302780083336], [0.25031114112771696, 0.2616883698710466, 0.19667740330635208, 0.2913230856948843], [0.1952059005598875, 0.29516336027186885, 0.2219212232996797, 0.287709515868564], [0.14821377318996584, 0.37097653223530214, 0.201878938614664, 0.2789307559600681], [0.2174076300416264, 0.29581528715871364, 0.22731442909143354, 0.25946265370822647], [0.29634880061640134, 0.28813631090551695, 0.07060398254831202, 0.3449109059297697], [0.2708067757570809, 0.29538587406169203, 0.11119656714848514, 0.322610783032742], [0.24252574538112087, 0.27153240292825137, 0.188727764927799, 0.29721408676282857], [0.23955697389277464, 0.30956064767699165, 0.1524074625633285, 0.29847491586690533], [0.24695105173609308, 0.2195778983930903, 0.2813779604402053, 0.25209308943061143], [0.09713848790411633, 0.27147778702554515, 0.4775633064535658, 0.1538204186167727], [0.15212193824997697, 0.3114161877411494, 0.2865313349223042, 0.24993053908656948], [0.2904729848618778, 0.2794023195037949, 0.0942383809677024, 0.33588631466662483], [0.25578117685352697, 0.3086013021670686, 0.117377348937027, 0.3182401720423775], [0.20303519171226841, 0.28232496072835783, 0.22405412817290538, 0.2905857193864686], [0.2720345829604058, 0.3010402522425263, 0.08325171561559436, 0.3436734491814736], [0.16496174897561072, 0.2714529252548479, 0.3045285641424497, 0.2590567616270917], [0.12640132856595795, 0.3165943079081434, 0.2987011065592986, 0.25830325696659967], [0.19010077725893557, 0.29659293110381685, 0.23310077001089585, 0.28020552162635187], [0.19692574977337898, 0.35783624849385337, 0.14574521038610724, 0.2994927913466608], [0.28678946944888317, 0.28392688965082297, 0.08183040463017256, 0.3474532362701211], [0.2588068854807827, 0.23084696819343944, 0.19659545074644624, 0.31375069557933183], [0.295672914430607, 0.24858194963961333, 0.12663733234079777, 0.32910780358898206], [0.27688102293321787, 0.3105471498706765, 0.08297342196665783, 0.32959840522944756], [0.17024401389635851, 0.28284116637291523, 0.2723521294501152, 0.27456269028061087], [0.20939359863751045, 0.2854505978968391, 0.2156831273066524, 0.2894726761589977], [0.20326336809325252, 0.2876272170371253, 0.22981460176500187, 0.27929481310462023], [0.277490864896155, 0.2722925976819581, 0.13017035816159567, 0.3200461792602909], [0.254998013821982, 0.2795098291131279, 0.16815574875080005, 0.29733640831408986], [0.2751006198688551, 0.2777211027640465, 0.12136532915393684, 0.32581294821316137], [0.27091704085606066, 0.25402612002137703, 0.19571926672985585, 0.2793375723927062], [0.3001015505412264, 0.2650870410502511, 0.10411122612201175, 0.3307001822865103], [0.29770492157492345, 0.25228319873733923, 0.12996359077090452, 0.3200482889168329], [0.2614406554013165, 0.2924628780677704, 0.13950771725091105, 0.3065887492800018], [0.2489946688968765, 0.28031219062815776, 0.15375480313206574, 0.31693833734290017], [0.13526204824253996, 0.3492209196216903, 0.268661916695243, 0.24685511544052693], [0.2876354261194308, 0.26438994687930734, 0.12048936485452533, 0.3274852621467364], [0.1399760385076471, 0.2853602266865113, 0.33465658444456226, 0.2400071503612796], [0.33050604342094414, 0.2106912587710154, 0.07059176661555207, 0.3882109311924885], [0.1797760492632076, 0.33130311258297335, 0.2020050115455482, 0.2869158266082709], [0.3026937540520949, 0.26150735890200594, 0.09033643597930187, 0.3454624510665973], [0.17141566050296875, 0.3174286039678375, 0.2074199716592204, 0.3037357638699735], [0.25859401477830385, 0.30931847797715617, 0.17415663595032782, 0.25793087129421227], [0.17244889518909642, 0.3383996596227023, 0.21285043531339418, 0.27630100987480705], [0.2366401113207092, 0.29505191747836784, 0.21370051903945886, 0.2546074521614642], [0.22941780164375267, 0.2861896515131367, 0.19669071711303496, 0.28770182973007585], [0.23631221985492618, 0.27154549056065336, 0.22408318020546306, 0.26805910937895766], [0.1796540508981735, 0.33409111097995947, 0.19623698831440814, 0.2900178498074592], [0.2444953012526359, 0.3074777888291452, 0.13384832173109038, 0.3141785881871283], [0.2611095615102467, 0.28708080482578563, 0.13509514388248398, 0.31671448978148364], [0.23747451636420705, 0.3158421242333009, 0.15967994691497525, 0.28700341248751665], [0.19320436358628684, 0.298607372406922, 0.2988595758530018, 0.20932868815378913], [0.24129342664365083, 0.30656556748532665, 0.1330245259928137, 0.3191164798782087], [0.30573850638081096, 0.2843884671473541, 0.06422528808791492, 0.3456477383839202], [0.13675973170651662, 0.3416306018701003, 0.3158798403319271, 0.2057298260914562], [0.26899389693672576, 0.2931665295254945, 0.10659316267787824, 0.3312464108599017], [0.32775667684261295, 0.2627453591809581, 0.04863349485431517, 0.3608644691221137], [0.14228788727688813, 0.3146699595181431, 0.26534037679115935, 0.2777017764138092], [0.2012577114085005, 0.3206852272485048, 0.1976980084964021, 0.28035905284659257], [0.20174481676632255, 0.23012620010502846, 0.2950301849674916, 0.2730987981611573], [0.24414171758465797, 0.2790777341933512, 0.1657747491919431, 0.31100579903004777], [0.2723257209516946, 0.2686007751196149, 0.14253651458133623, 0.31653698934735386], [0.25194035817027766, 0.2658553852203004, 0.18704586012979219, 0.2951583964796296], [0.2111917550838756, 0.28660620535627596, 0.19450238842739845, 0.30769965113245007], [0.19812883280589294, 0.335302072515783, 0.18585637265737165, 0.28071272202095215], [0.2592293351925846, 0.24628425234586956, 0.20433456344189063, 0.29015184901965513], [0.2448086569421309, 0.27844647894431995, 0.19241704847049676, 0.2843278156430523], [0.21017255689704, 0.3152360632105392, 0.18654624204844408, 0.2880451378439767], [0.3121818314737819, 0.24607082087160428, 0.08394802721244302, 0.3577993204421707], [0.14159719948927438, 0.3269983310614991, 0.29496585071104847, 0.2364386187381781], [0.27642510051300107, 0.30017078568419314, 0.09175949058407888, 0.3316446232187269], [0.2662964057503366, 0.3079276070613284, 0.09939634353686377, 0.3263796436514711], [0.2523634036008605, 0.2771856645436393, 0.1812601684312238, 0.2891907634242762], [0.22878723218228145, 0.2645904430939341, 0.24652822646690686, 0.2600940982568778], [0.2739255888486701, 0.2559080748329298, 0.16460553406069248, 0.30556080225770765], [0.2981484506303971, 0.27325353540994507, 0.10916330169104893, 0.3194347122686089], [0.22897202268179268, 0.31761192198074695, 0.15926745002194742, 0.29414860531551296], [0.19620077405898978, 0.27892031236730846, 0.2643328605347148, 0.2605460530389869], [0.23991751526687946, 0.25358802453614937, 0.22029275953847338, 0.28620170065849787], [0.305831636506384, 0.2334088811712873, 0.08127025105455143, 0.37948923126777717], [0.20087746755391508, 0.3037595056721819, 0.29261014144987696, 0.2027528853240262], [0.3460307551950243, 0.27482224777709674, 0.04642308011122626, 0.3327239169166528], [0.26462099529724126, 0.3053558207038423, 0.12485731098147122, 0.30516587301744486], [0.11300028730877903, 0.34273168750265515, 0.32195985585381487, 0.22230816933475084], [0.26735952695829723, 0.30589278714785095, 0.11540132118925285, 0.3113463647045987], [0.14886272764504113, 0.36304264815466664, 0.19193991803111912, 0.2961547061691731], [0.267608125367996, 0.3102806119450077, 0.09946067835408484, 0.3226505843329114], [0.1823282823669853, 0.3099203526665788, 0.2565408492132433, 0.25121051575319264], [0.20325945128417103, 0.29629998630592896, 0.2121486225814925, 0.28829193982840734], [0.23993587394695254, 0.26584791942454916, 0.2387863398021676, 0.25542986682633084], [0.2734885496609599, 0.295971683380807, 0.08368218677467469, 0.3468575801835584], [0.30148212136615926, 0.2939704508167915, 0.06099063642491161, 0.3435567913921377], [0.2859847150735296, 0.28282166728374747, 0.08105801365585212, 0.35013560398687105], [0.2622772805144486, 0.2899697220314577, 0.12913748970396743, 0.31861550775012615], [0.09670932231292477, 0.3480168290455851, 0.3780192264241602, 0.17725462221732927], [0.28059947982675304, 0.2851772667339999, 0.15056233763813837, 0.28366091580110836], [0.2677972838457293, 0.3134469871240013, 0.07307708624881377, 0.34567864278145566], [0.17376842972045914, 0.32876497072162497, 0.2618742065300807, 0.23559239302783513], [0.27698961629795393, 0.2735721208071138, 0.13072795006745438, 0.3187103128274782], [0.26328511075152194, 0.3022833992016079, 0.11269494593226331, 0.3217365441146069], [0.19639387776592201, 0.255369807324512, 0.26516902986891105, 0.2830672850406549], [0.2906009526610645, 0.2982211180055535, 0.0737349932673336, 0.3374429360660485], [0.2199331232381887, 0.32800235023195695, 0.1397795678979219, 0.3122849586319326], [0.0888664407369189, 0.3712514815773622, 0.32230814431621047, 0.21757393336950814], [0.20881193028415188, 0.3006846263776262, 0.19787866353896244, 0.2926247797992596], [0.31263227696013135, 0.2565138097727457, 0.06224067820588107, 0.3686132350612416], [0.2602071926289029, 0.2695471910213457, 0.19116863866650355, 0.2790769776832478], [0.3456308486057185, 0.2114436198273995, 0.07022696991151153, 0.3726985616553704], [0.2512408223254293, 0.3062638645741667, 0.12837503051214674, 0.31412028258825736], [0.2329621426133158, 0.31764331031870335, 0.17943917661374545, 0.26995537045423557], [0.1616929315794572, 0.3125760003544569, 0.25466082226552167, 0.2710702458005642], [0.2936015308173322, 0.2955900373836669, 0.07351516109141039, 0.3372932707075906], [0.2704700366365867, 0.2577942343409012, 0.16218547466209132, 0.30955025436042083], [0.32712254386678674, 0.2549798020870306, 0.05933797276627392, 0.3585596812799089], [0.17542359546049546, 0.3176409347101758, 0.25508214641089777, 0.2518533234184307], [0.26370223964408496, 0.3090679012549592, 0.09293556826377469, 0.33429429083718115], [0.2735017763700602, 0.2960720653478111, 0.10292063875490302, 0.32750551952722584], [0.28774431256274746, 0.24758045075085294, 0.15046529712447643, 0.3142099395619233], [0.22104208136508527, 0.3225082843584021, 0.1544634560151684, 0.3019861782613442], [0.3000193773217611, 0.26196755987186354, 0.10683753057082776, 0.33117553223554747], [0.2972541325118694, 0.28578022131760716, 0.07296332803343487, 0.34400231813708865], [0.3085889541204755, 0.2671165724552278, 0.07041231328467124, 0.3538821601396255], [0.23261040927265905, 0.32149826425054656, 0.13000263381899085, 0.31588869265780334], [0.23040614279455532, 0.28859894587336277, 0.1891879933915239, 0.29180691794055774]]}, "rewritten": {"ids": ["97105580", "97105760", "97105960", "97108520", "97109570", "97111790", "97112830", "97116410", "98106111", "98107340", "98108410", "98108580", "98109311", "98111231", "98111670", "98111860", "98112170", "98116090", "99107630", "99108010", "99108310", "99108520", "99108710", "99108890", "99109860", "99109910", "99116500", "100110050", "100120010", "100120780", "101108080", "101108290", "101108460", "101111310", "101112201", "101119591", "102108621", "102110890", "103110050", "103110220", "103111480", "103111930", "103113610", "103117461", "103120730", "103120780", "104109311", "104111830", "104113190", "104113210", "104114240", "104114410", "105111990", "105113170", "105113440", "105113480", "105113620", "105115900", "105116090", "105118171", "105118740", "105119550", "105119950", "105120621", "105121370", "106112770", "106113830", "106114011", "106114321", "106114880", "106115120", "106115240", "106116640", "106118161", "106118520", "106119260", "107112850", "107114280", "107114780", "107116501", "107120010", "108114040", "108114270", "108114360", "108118060", "108118301", "108120060", "108120621", "108120700", "108121351", "109113591", "109113931", "109114270", "109115220", "109116930", "109117080", "109117431", "109117600", "109117630", "109118820", "109119591", "109121351", "110114920", "110116290", "110118121", "110120700", "110121500", "111114941", "111116010", "111116110", "111116750", "111117200", "111118810", "111119580", "111120320", "111120540", "111120591", "112116401", "112116610", "112116850", "112116880", "112118161", "112118820", "112118860", "112119500", "112119930", "112121030", "112121360", "112121410", "112121430", "113117401", "113117550", "113117630", "113119120", "113119930", "113121410", "113121750", "113121980", "113122150", "113122180", "113122190", "113122510"], "labels": [1, 0, 2, 2, 0, 2, 2, 3, 0, 0, 1, 0, 1, 1, 1, 0, 3, 0, 2, 2, 2, 2, 2, 0, 2, 2, 2, 3, 0, 1, 0, 0, 0, 3, 0, 0, 3, 0, 3, 2, 0, 3, 2, 0, 1, 1, 3, 3, 3, 3, 0, 1, 2, 0, 0, 0, 0, 3, 1, 3, 1, 1, 3, 1, 2, 1, 1, 1, 2, 0, 1, 1, 3, 3, 2, 1, 1, 3, 2, 1, 1, 0, 3, 1, 1, 1, 1, 1, 2, 3, 3, 1, 3, 3, 0, 1, 1, 1, 0, 3, 0, 0, 3, 2, 3, 2, 3, 0, 1, 3, 3, 0, 0, 3, 1, 1, 1, 0, 1, 0, 0, 0, 0, 3, 2, 1, 0, 3, 0, 2, 3, 3, 0, 3, 1, 0, 0, 2, 2, 2, 1, 2], "predicted_labels": [1, 3, 3, 0, 3, 3, 3, 3, 0, 3, 1, 0, 3, 3, 3, 1, 3, 1, 3, 1, 3, 1, 1, 1, 1, 2, 1, 3, 1, 3, 0, 3, 1, 1, 3, 0, 0, 3, 0, 3, 0, 1, 0, 0, 0, 1, 3, 3, 3, 3, 1, 3, 3, 3, 3, 3, 1, 3, 0, 1, 1, 3, 0, 0, 3, 3, 3, 0, 3, 3, 0, 0, 3, 3, 0, 0, 1, 1, 3, 3, 3, 1, 0, 1, 3, 3, 3, 3, 3, 3, 1, 0, 3, 3, 3, 1, 3, 3, 0, 3, 0, 3, 3, 0, 3, 1, 0, 3, 1, 3, 0, 3, 3, 0, 3, 1, 3, 3, 0, 0, 0, 0, 3, 3, 1, 1, 0, 1, 3, 3, 3, 3, 1, 3, 0, 3, 0, 3, 3, 3, 3, 1], "confidence_scores": [[0.23072379976563706, 0.28762453476377503, 0.19330528749996503, 0.28834637797062274], [0.25291514089497347, 0.2762176913963565, 0.16604116043056366, 0.30482600727810605], [0.24391219493139116, 0.25607791133531355, 0.20702801706639726, 0.2929818766668982], [0.2745225959574658, 0.2725265708190779, 0.1467885969836176, 0.30616223623983846], [0.27624205893312087, 0.28273076299510413, 0.11555443476203235, 0.32547274330974296], [0.32701162683606044, 0.24778503694935247, 0.06729049604062606, 0.3579128401739611], [0.2640342767915263, 0.2619889616329554, 0.16996669138630607, 0.3040100701892123], [0.2603982633741564, 0.2882146542017048, 0.13534146082507317, 0.3160456215990657], [0.24964448233226996, 0.2692916425538248, 0.18688518244634467, 0.2941786926675607], [0.2573670565876337, 0.23677281477154752, 0.20351056721332605, 0.30234956142749275], [0.26717370766157966, 0.3004646843492452, 0.11175767390525287, 0.32060393408392196], [0.2883288134144555, 0.2534414590197833, 0.14313973538563657, 0.31508999218012457], [0.30076368968052736, 0.24694488235439513, 0.13821694099026346, 0.31407448697481394], [0.2963130051307848, 0.2797166863954795, 0.08510832087484314, 0.33886198759889263], [0.26532844802700584, 0.25874257579955745, 0.17795705096467693, 0.2979719252087598], [0.2119329176900267, 0.29723896845744924, 0.2311110864156754, 0.2597170274368486], [0.3134680619671915, 0.25497774588043914, 0.09041465437513824, 0.3411395377772313], [0.22059410233865245, 0.31531847922827505, 0.16472390094902803, 0.2993635174840446], [0.3044656486471188, 0.2233240611756638, 0.14525024954196777, 0.3269600406352497], [0.24472323663038692, 0.306820563190326, 0.1356677154133949, 0.31278848476589216], [0.28029300470563984, 0.290457164687144, 0.09354328496854106, 0.3357065456386752], [0.2120426489154675, 0.28700471436790154, 0.26049442311314913, 0.24045821360348194], [0.16582261364994116, 0.36844491091965215, 0.16925112076362944, 0.29648135466677733], [0.23209189877796912, 0.3329747448210102, 0.120709375448932, 0.31422398095208876], [0.22488659034111164, 0.32141353197588846, 0.16248879632661928, 0.2912110813563805], [0.21554413326782876, 0.26053355987784577, 0.30586006433609736, 0.21806224251822823], [0.1532130895583405, 0.34439916288237715, 0.22514448428007303, 0.2772432632792093], [0.25601771520289607, 0.27640980013571076, 0.15654585477218663, 0.3110266298892065], [0.21262344334975702, 0.3054570304990442, 0.1918595201064776, 0.2900600060447213], [0.25162272539350367, 0.2785337183140182, 0.16004797343834973, 0.30979558285412845], [0.29948061751908844, 0.2702209074938394, 0.07027619502762096, 0.3600222799594513], [0.32314366770811603, 0.24710555153598596, 0.08300161048611641, 0.3467491702697815], [0.26774553202419216, 0.2866984811783293, 0.128656060166186, 0.3168999266312925], [0.23571162651218364, 0.31722432395337663, 0.17478539666316056, 0.2722786528712793], [0.24264609574346893, 0.2912756492527653, 0.16119050860284478, 0.30488774640092076], [0.3346865045041637, 0.20024087571867566, 0.10346971006166533, 0.36160290971549575], [0.3152359550718941, 0.24933514983782706, 0.08271955979195943, 0.3527093352983194], [0.2924298488805668, 0.2399504138456238, 0.14610377683907946, 0.3215159604347301], [0.258319224207384, 0.27860126750776215, 0.1521742964604034, 0.3109052118244506], [0.2816593928661128, 0.27591541437183686, 0.12302044296355925, 0.3194047497984908], [0.3100578960593153, 0.2482891521577244, 0.0892145222917907, 0.35243842949117005], [0.2274561386991984, 0.29333863826605944, 0.17145379735809274, 0.30775142567664954], [0.26841916502556673, 0.2622547458603298, 0.16918851906419682, 0.30013757004990654], [0.29611342946574376, 0.257964833745364, 0.09321710586473728, 0.3527046309241551], [0.28229125181511944, 0.2951139235845864, 0.07023738627486678, 0.3523574383254273], [0.2625418578860066, 0.3152419821909255, 0.0964008097753836, 0.32581535014768415], [0.30913975998656795, 0.2853113139568793, 0.05909146064809737, 0.3464574654084552], [0.24953359663670258, 0.27784801544599125, 0.14720644199472885, 0.32541194592257733], [0.30116800068647637, 0.26053212411325216, 0.10030078731195306, 0.33799908788831845], [0.24880457988979407, 0.2780015262926134, 0.168305781575101, 0.30488811224249174], [0.24858538218294146, 0.3061727521904508, 0.1296072389725521, 0.3156346266540557], [0.323029331706543, 0.27616221992410706, 0.05785940865283635, 0.3429490397165135], [0.30682214973501626, 0.27828392875285296, 0.06063485763142871, 0.35425906388070183], [0.28174948250815085, 0.2759997444985882, 0.11527362767749758, 0.32697714531576333], [0.2689431378345917, 0.2902156918946875, 0.12448898359600138, 0.3163521866747192], [0.2910575543809224, 0.2840860250531556, 0.09819711259070227, 0.32665930797521986], [0.25115707676422827, 0.2926915423045578, 0.14687532164862155, 0.30927605928259255], [0.281015174649077, 0.26386993847081724, 0.13424631847995327, 0.32086856840015254], [0.3134188619392237, 0.24873844160441896, 0.0840128608441972, 0.35382983561216014], [0.2563118626187647, 0.29761589104933633, 0.1340664531963766, 0.31200579313552235], [0.2301697899080293, 0.30619646817860274, 0.15277268553742474, 0.310861056375943], [0.29505532244239485, 0.2844591525133028, 0.07754445937896494, 0.34294106566533733], [0.28313955673351093, 0.2750174462830455, 0.1117861173834065, 0.330056879600037], [0.32240333582565756, 0.2539502808483875, 0.05289983349702174, 0.37074654982893346], [0.1794572164802769, 0.28876396078507854, 0.2358390032911048, 0.29593981944353953], [0.206121632654145, 0.29118257453137036, 0.2144460614927285, 0.2882497313217561], [0.28866650157536694, 0.2792423776336779, 0.0898435768268987, 0.3422475439640564], [0.2753802038755928, 0.2910964767927131, 0.09588081246721895, 0.3376425068644748], [0.27209280562022325, 0.2627814957466848, 0.1535259378191564, 0.3115997608139358], [0.2704786361185798, 0.2756364459291178, 0.1370808881489956, 0.3168040298033063], [0.29710038422152546, 0.268684028835697, 0.06525119617780419, 0.36896439076497356], [0.3118111338821113, 0.2428665157560904, 0.09628299533112739, 0.349039355030671], [0.30522629178154176, 0.2576305026927723, 0.11134373316991111, 0.32579947235577456], [0.2871716835310179, 0.28693211116994816, 0.1014170076122727, 0.3244791976867615], [0.28458258776611023, 0.28588070903637064, 0.08981210023153782, 0.33972460296598134], [0.29285487419035644, 0.25678966288402955, 0.11842923497533175, 0.3319262279502819], [0.20416106326640537, 0.3285183849211934, 0.18012049203066752, 0.2872000597817337], [0.24638788143574653, 0.3056838913801973, 0.15074252296954244, 0.297185704214514], [0.2760573549993196, 0.2983242518107, 0.1086962121816951, 0.3169221810082853], [0.26914930020617867, 0.2746277021662655, 0.14191074300120995, 0.31431225462634577], [0.269411960850353, 0.2804744390495821, 0.125492429991236, 0.324621170108829], [0.2605083241004199, 0.28720978115965967, 0.1374616185060976, 0.3148202762338231], [0.3235065185087724, 0.23203334494507719, 0.07635651159558589, 0.36810362495056437], [0.19154491131078805, 0.30005673037614106, 0.23725318710350188, 0.27114517120956905], [0.29940200167953046, 0.27193108259014664, 0.08389031411377566, 0.3447766016165472], [0.3017483089755987, 0.2613063199814468, 0.09765046198607907, 0.33929490905687526], [0.2741594346495421, 0.26169333551711266, 0.15228884298894005, 0.31185838684440514], [0.30645021171225045, 0.2788599389278745, 0.06395439311388343, 0.3507354562459919], [0.32461915816037606, 0.26452703242929826, 0.05400187087727221, 0.356851938533053], [0.2992759262544592, 0.2909026935626622, 0.0692561002044779, 0.3405652799784006], [0.2623582593529322, 0.30033631145118894, 0.10266227943467807, 0.33464314976120063], [0.2749558697174402, 0.2833533505234287, 0.10980088811931543, 0.3318898916398158], [0.31791621999878644, 0.23691770477035004, 0.09482391535102894, 0.3503421598798345], [0.3057452089944534, 0.28734028837154485, 0.08350593958872737, 0.3234085630452745], [0.19999734549410716, 0.2891213686764247, 0.22813932249268998, 0.28274196333677837], [0.21119909126198022, 0.3260345945303878, 0.16196619913509297, 0.30080011507253895], [0.28591007423781584, 0.3008649071519174, 0.06694396589248777, 0.3462810527177788], [0.2893461999878144, 0.27045572650383387, 0.11039673290930122, 0.3298013405990503], [0.26284636231785546, 0.30370434478434305, 0.1441549236773028, 0.289294369220499], [0.30483635139906584, 0.26244935560816923, 0.09135755765110258, 0.3413567353416624], [0.2650703654723171, 0.25850045976332414, 0.18500270151716022, 0.29142647324719856], [0.28847961799764293, 0.2892725088518316, 0.08015151077298802, 0.34209636237753754], [0.2869984219841427, 0.27895517700399197, 0.09440296198893525, 0.3396434390229301], [0.24756147315998783, 0.23536397131963208, 0.2529778053593117, 0.2640967501610685], [0.2906129597525809, 0.2790279323029029, 0.08995815756446958, 0.34040095038004653], [0.2526908603444954, 0.2942509400131826, 0.1443220459382878, 0.3087361537040342], [0.2874829666239628, 0.28662470754149716, 0.0854657708786788, 0.34042655495586116], [0.3132429200741642, 0.2690259593447684, 0.07066622934285881, 0.34706489123820855], [0.22754229844999388, 0.31665526721722137, 0.15474676917731475, 0.30105566515546955], [0.31159913057412947, 0.26112984261739186, 0.10071308174599716, 0.32655794506248154], [0.32129868837375236, 0.22662360852795446, 0.09441258857228091, 0.35766511452601246], [0.2672811399406198, 0.27200110786341763, 0.14632726135483348, 0.31439049084112924], [0.3067518154579235, 0.2756470531208031, 0.06283358010529805, 0.35476755131597526], [0.2915165407537086, 0.2457314289363737, 0.13418303924018646, 0.3285689910697313], [0.23562215908589934, 0.28998493624370153, 0.16931362612143336, 0.30507927854896566], [0.21346271183506324, 0.2938407909393856, 0.21415673744766792, 0.27853975977788314], [0.3263923223729554, 0.25433550234888264, 0.061190832012576205, 0.3580813432655858], [0.33490617097958814, 0.20668488874229773, 0.10663586219605611, 0.3517730780820581], [0.28933439316096604, 0.26634211786972406, 0.12724771269914215, 0.3170757762701678], [0.28919767503655014, 0.24872772962967113, 0.13504502560494785, 0.327029569728831], [0.27962535407945566, 0.27709552393832143, 0.10007418483536379, 0.3432049371468588], [0.31790739032744963, 0.2327092489792053, 0.1095940030388885, 0.3397893576544567], [0.31918614501234255, 0.26410325117523564, 0.06473197713363157, 0.35197862667879004], [0.29049667619544867, 0.27219541177518863, 0.11486861293051502, 0.32243929909884755], [0.21863254999600798, 0.2967684552757986, 0.21919240339157994, 0.26540659133661365], [0.22948099875440683, 0.2997312505573317, 0.17609276695547496, 0.29469498373278613], [0.31989337031190185, 0.22165594268999744, 0.08594008804649099, 0.37251059895161004], [0.27204882074036263, 0.29570989168623973, 0.11194786453080943, 0.3202934230425879], [0.29319879060616566, 0.2699824733921162, 0.11190453402288175, 0.3249142019788365], [0.31624444374764493, 0.2717837505525874, 0.06686369422697905, 0.3451081114727887], [0.28795255105453793, 0.2729743128771387, 0.0999433202682338, 0.33912981580008955], [0.2844595284378423, 0.2700569794732078, 0.12793274365777066, 0.31755074843117925], [0.2619320680662741, 0.3055922565654003, 0.11158815012000861, 0.32088752524831704], [0.3015055178411173, 0.2724086466209487, 0.0945146070851346, 0.3315712284527993], [0.3149515526709361, 0.24511630289214809, 0.09094137764290752, 0.34899076679400837], [0.3303036194961322, 0.272551614641445, 0.05353815061383068, 0.3436066152485919], [0.27883073585159474, 0.30586499205266227, 0.06017238961633074, 0.3551318824794124], [0.22598325223279356, 0.31829699205325224, 0.14159754282992026, 0.3141222128840338], [0.24151988174193015, 0.2759269777028282, 0.16878989650345694, 0.313763244051785], [0.2837033568275077, 0.3016986655680062, 0.08320754478830507, 0.33139043281618075], [0.2769868325452818, 0.27772423500370597, 0.1206429944658718, 0.32464593798514035], [0.23168426552766513, 0.2777519652097598, 0.21147106452372127, 0.2790927047388536]]}}