{"test": {"ids": ["110118301", "109120150", "112119120", "106121220", "107113360", "101109000", "103113610", "111119290", "113121410", "103120730", "102109010", "112120640", "111118810", "99108520", "111119150", "111119430", "111114171", "110116300", "104111531", "99109780", "97112830", "113120751", "100116500", "113121980", "98108580", "105121190", "112116880", "103120531", "98110230", "97106770", "107112850", "97112170", "110119030", "97107821", "113118690", "104113170", "107114490", "111116990", "99113260", "107118780", "109120621", "105115250", "110114950", "111118301", "99112531", "108114040", "111119300", "107121230", "105116860", "108113480", "98107340", "103120290", "101108370", "113122120", "107121540", "97116401", "111120531", "113119320", "113119700", "99107560", "107121640", "105116090", "103109641", "106113190", "105115380", "101108500", "109117600", "99109840", "97113260", "104110960", "98107380", "113118870", "106116850", "98116090", "110118810", "105120280", "99108890", "98106880", "103110050", "112116800", "111116100", "97106970", "105115570", "106114011", "103111480", "99108330", "113122220", "108119510", "112120630", "107118120", "102112030", "111116010", "112119450", "102107961", "107114950", "113120531", "112118620", "112118511", "98106560", "108113700", "107116340", "101108121", "110118450", "111118820", "112116501", "110119300", "101109120", "113118111", "104113000", "109120560", "113119480", "106114880", "104111780", "106118301", "108118630", "110115890", "112118421", "99109161", "105112260", "103117200", "108115070", "109114270", "99108460", "111116530", "101114990", "100108520", "108116481", "100109311", "108114270", "113122180", "111116640", "113121950", "101112160", "105112130", "111116090", "101110150", "103109791", "100111270", "102114270", "102113981", "103113640", "107119950"], "labels": [1, 2, 1, 1, 0, 1, 2, 3, 0, 1, 1, 0, 0, 2, 3, 3, 3, 3, 0, 2, 2, 1, 2, 2, 0, 2, 0, 3, 3, 3, 1, 0, 0, 2, 3, 3, 3, 0, 0, 1, 1, 2, 0, 3, 3, 0, 1, 0, 2, 0, 0, 2, 1, 1, 2, 3, 0, 1, 0, 1, 1, 1, 1, 0, 1, 3, 1, 2, 1, 2, 1, 0, 3, 0, 1, 3, 0, 0, 3, 0, 3, 2, 0, 1, 0, 1, 1, 1, 3, 3, 2, 1, 3, 3, 3, 0, 3, 1, 1, 0, 3, 0, 0, 0, 3, 1, 1, 1, 1, 1, 3, 0, 3, 1, 1, 2, 3, 3, 3, 0, 1, 3, 0, 3, 3, 2, 0, 1, 3, 2, 0, 3, 3, 1, 3, 1, 3, 2, 3, 1, 1, 3], "predicted_labels": [1, 2, 0, 0, 2, 2, 0, 1, 3, 1, 0, 0, 3, 2, 1, 2, 0, 3, 0, 1, 3, 3, 2, 1, 0, 3, 2, 1, 1, 2, 2, 2, 1, 3, 1, 1, 1, 0, 2, 0, 1, 0, 0, 3, 3, 0, 3, 1, 1, 3, 2, 2, 0, 1, 2, 1, 3, 0, 2, 1, 0, 3, 3, 0, 1, 1, 0, 1, 2, 2, 3, 3, 0, 3, 3, 2, 3, 2, 1, 3, 0, 3, 0, 1, 3, 1, 1, 2, 1, 3, 1, 1, 3, 2, 1, 0, 0, 3, 3, 1, 1, 3, 2, 3, 3, 1, 3, 3, 3, 2, 0, 2, 1, 1, 1, 3, 2, 0, 1, 3, 0, 3, 3, 1, 1, 1, 3, 0, 2, 3, 1, 3, 2, 3, 3, 3, 2, 1, 3, 1, 0, 3], "confidence_scores": [[0.0006394834985305204, 0.9956820619151799, 2.9677256080678514e-05, 0.0036487773302088028], [0.0006052271364073061, 0.002998447530105786, 0.9963763801017576, 1.9945231729447588e-05], [0.9989797248955834, 0.0008184920681488505, 0.00015914643728691592, 4.263659898090692e-05], [0.5858850179584483, 0.0004777061394701969, 0.36557613620835017, 0.04806113969373139], [0.007127126982624564, 0.0005133179168090811, 0.9908546633672157, 0.001504891733350674], [0.058527094284145834, 0.0014209714830797475, 0.9386522563580109, 0.0013996778747637011], [0.5728839286652314, 0.08552891798434323, 0.011974437347586022, 0.3296127160028392], [2.7877459105558225e-05, 0.6559163535368769, 0.004644396507342736, 0.3394113724966748], [0.09945342230777199, 0.0008365478396970713, 0.07762530044701893, 0.822084729405512], [0.005645789881931476, 0.9919626870474941, 0.0001959425070197857, 0.0021955805635545706], [0.6819190817716337, 0.29946168374109405, 0.018323649257231196, 0.0002955852300409615], [0.9708400412644841, 0.0009053846447869408, 0.027746642417019997, 0.0005079316737090527], [0.006328959654060009, 0.008397527486084232, 5.108277921844818e-07, 0.9852730020320635], [0.015479829127955945, 0.18472760806379818, 0.7997505498241116, 4.201298413422715e-05], [0.0013859982023734236, 0.9408134281137123, 5.4193978348989706e-08, 0.05780051948993589], [3.69676301329033e-06, 0.08343922943405313, 0.5392615853727583, 0.37729548843017535], [0.9716367116501596, 8.193738587442844e-05, 1.0105078496388518e-06, 0.02828034045611636], [0.0023430002310070902, 0.3954608993194522, 0.1274556998380336, 0.47474040061150724], [0.8002522881151763, 0.0015404292562044117, 0.07719444204662095, 0.1210128405819983], [0.0012641024551372961, 0.9876270145236571, 0.008213931614708273, 0.0028949514064973932], [0.002473469564415813, 0.052522696186338744, 0.1678480137684169, 0.7771558204808285], [0.039272193730217016, 0.07827616342963364, 0.24131666979270386, 0.6411349730474455], [0.026680629528023914, 0.21225552665680186, 0.5543851877368898, 0.20667865607828442], [9.832101326654288e-05, 0.8497589195236133, 0.0066325021544500935, 0.14351025730867], [0.5211765202415388, 0.20749541194531465, 0.2677241464450052, 0.003603921368141241], [4.736370877283003e-05, 0.012241808734531479, 0.3949627545471935, 0.5927480730095023], [0.33456366749523436, 0.02724794996095591, 0.6346318201248358, 0.0035565624189740166], [0.0035437030316815355, 0.9656005852932196, 0.025491562159599607, 0.005364149515499219], [0.0030551434382473795, 0.984719446996007, 0.010895443814904027, 0.0013299657508414478], [0.38528648927764814, 0.0004150857588979224, 0.6130819846099728, 0.001216440353481184], [0.06898543840511961, 0.1358686648352537, 0.7380611496574209, 0.057084747102205784], [0.05728068561629932, 8.39478859193434e-06, 0.9242821481993937, 0.018428771395715127], [0.08336451603381811, 0.9138283083419813, 0.0010093329840733761, 0.0017978426401272388], [0.05950349309143876, 0.001981600630734737, 0.00011023087478065116, 0.9384046754030458], [0.03138541767227458, 0.9669026853567309, 0.0010485740538879462, 0.0006633229171067025], [3.3384321710137816e-05, 0.948346583145578, 0.039190109690498735, 0.012429922842213231], [0.00023536612425955114, 0.6914926851791009, 0.17192705692444443, 0.13634489177219497], [0.9891634259009551, 0.0026058833822454244, 0.0007655488449286431, 0.007465141871870799], [0.01014401583341429, 0.022711101629503242, 0.7073289805597778, 0.25981590197730475], [0.5929215164922801, 0.2626302262603829, 5.665535529014719e-05, 0.14439160189204694], [0.4212346555083467, 0.5164550874272198, 0.007216214069667834, 0.05509404299476565], [0.3833411490168604, 0.3684974620579255, 0.0045969603062490875, 0.24356442861896502], [0.9429908307188672, 0.0556297878170372, 3.0064090532390313e-05, 0.00134931737356305], [0.014538671299201169, 0.31292601081678506, 0.03485082113848001, 0.6376844967455337], [0.007947678300655209, 0.00014180311095451182, 9.455444981197672e-08, 0.9919104240339405], [0.49323118936538474, 0.4192970905016637, 0.031818459523888586, 0.055653260609063136], [8.964176197634888e-06, 0.00036812561399327486, 0.0004497433849342188, 0.999173166824875], [0.00036112505578524037, 0.9918240890321119, 3.3593050311933403e-06, 0.007811426607071424], [0.3694784674510549, 0.6304609379934024, 1.3239398246686855e-05, 4.735515729591658e-05], [0.10837141620241174, 0.00016323655715689604, 0.006315613818064809, 0.8851497334223666], [9.619558723624396e-05, 0.0001248963886303511, 0.7808533563233148, 0.2189255517008186], [9.56965586752759e-06, 0.015420668132198008, 0.9765857935546386, 0.007983968657295773], [0.9962582920854166, 4.926070239105036e-07, 7.994875114847141e-06, 0.0037332204324445435], [0.06993797172344329, 0.8564616703827486, 0.006457951052948283, 0.06714240684085988], [0.1499236601423002, 0.2891539786731007, 0.5411907182548855, 0.019731642929713553], [0.118080034925337, 0.8728205058194751, 0.0010527510779750392, 0.008046708177212893], [0.00012825109757882367, 0.003945209926404707, 0.12770695167111432, 0.8682195873049022], [0.9993539907515308, 5.164278650452688e-06, 7.715744838706268e-06, 0.0006331292249801381], [0.0010080445070237633, 0.02280621035816767, 0.9759609658842869, 0.00022477925052174225], [0.010065582970219538, 0.9865304246064998, 0.0008249402580817317, 0.0025790521651991483], [0.6284628921037722, 0.0025023977939543146, 0.2517562314891348, 0.11727847861313875], [0.2575915877173295, 0.000747697952782693, 0.002236887316436714, 0.7394238270134512], [1.8468916099632825e-05, 0.0015652502041920949, 0.0010532528476075345, 0.9973630280321008], [0.7967109113003673, 0.0013566214476142134, 0.00847716391147263, 0.19345530334054584], [9.88201395803242e-06, 0.8365963536986374, 0.013769834853894096, 0.14962392943351047], [0.00018940315920998587, 0.9961271782594256, 0.00014594262479351942, 0.0035374759565707735], [0.9771912585306346, 0.00221474155147412, 0.003569108366621836, 0.01702489155126953], [3.0058261156684713e-05, 0.6924791614675945, 0.01141279662368297, 0.296077983647566], [0.0008571952426053496, 0.00010403069969163444, 0.990007057281132, 0.00903171677657111], [0.37796931513761256, 0.05442760579239273, 0.45035683873244314, 0.11724624033755156], [2.5365008236720806e-05, 0.0038343923178747303, 0.42629638349169396, 0.5698438591821947], [0.10645785474627238, 0.34898996692925077, 0.010291355326968805, 0.534260822997508], [0.9944459834167416, 0.001255615401580022, 0.002688006630515534, 0.0016103945511626726], [0.40815145706332784, 0.17705301425191564, 0.0061519116569477604, 0.40864361702780866], [0.0013617267212827182, 0.004254761979353319, 0.0004226492339151797, 0.9939608620654488], [0.007137577782404451, 0.3256993333785811, 0.5504581300840931, 0.11670495875492135], [1.5032711059484581e-06, 0.2993938535298107, 2.6106748104859555e-05, 0.7005785364509785], [0.2013057260424559, 8.390919944894846e-05, 0.7877507109836612, 0.010859653774433905], [0.015355102088857668, 0.9680415159723551, 0.007863545318853842, 0.008739836619933286], [5.849443197601459e-05, 0.000688613267742059, 1.7360581156938754e-07, 0.9992527186944703], [0.7346372252017506, 0.019245534918924848, 0.0025103849513639595, 0.24360685492796072], [1.1959826383930152e-06, 0.00036642902795927306, 0.00016256888560868527, 0.9994698061037937], [0.9816475309457743, 0.001589315111882742, 0.016412492529036565, 0.0003506614133064969], [0.0062407118949869035, 0.9477583606063732, 0.04545944921663894, 0.0005414782820010177], [0.06882297600066695, 0.0001364198905907704, 0.019178547452901765, 0.9118620566558405], [0.3117318218721892, 0.6683593527046797, 0.019127272161595883, 0.0007815532615352084], [0.00023369222181973372, 0.8818138753421078, 5.391666476923698e-06, 0.11794704076959553], [0.015555545035682945, 0.000749940955475968, 0.9832688558399716, 0.00042565816886962166], [0.03191706302488631, 0.9631525136179787, 0.002990563069183435, 0.0019398602879516804], [0.03498436854481565, 0.19158223059332155, 0.1809067921588668, 0.592526608702996], [2.424311133160579e-05, 0.9997448268751805, 0.0002015239745624514, 2.940603892559713e-05], [4.643294553320472e-05, 0.9969511750012451, 0.0030016134213085716, 7.786319133278872e-07], [0.0025840344708349516, 2.9916807892141565e-05, 7.83849318256617e-06, 0.9973782102280903], [0.048066556759375205, 0.11107288296510613, 0.7725186808628446, 0.0683418794126741], [0.00631189594094195, 0.9566274762229265, 0.017070506207490798, 0.019990121628640778], [0.9974738646049169, 0.0018420868714936966, 0.0006779190963452135, 6.129427244170267e-06], [0.7211622735127555, 0.0034821616245329996, 0.03209707781045855, 0.24325848705225286], [0.00693276000454491, 0.017203295617240582, 0.016159268990292196, 0.9597046753879223], [0.0038922738212171975, 0.04697615359792904, 0.005291365240118497, 0.9438402073407351], [0.07943801396740001, 0.9089256782021465, 0.010619118136084944, 0.0010171896943685476], [7.153237532544828e-05, 0.9996018040183173, 2.4921540737006093e-05, 0.0003017420656200893], [0.0016724192472926645, 0.002144209611754544, 1.9829924803413092e-05, 0.9961635412161495], [0.0003857274073028444, 0.413609711951034, 0.5452037262828808, 0.04080083435878226], [0.10623946909373243, 0.004243874127114901, 0.09845584551876134, 0.7910608112603914], [0.002217601085988395, 0.0009785384667286242, 0.01630525750715162, 0.9804986029401314], [0.0028580381587449293, 0.9883115843642352, 0.00037295730188728225, 0.008457420175132707], [0.0025575027425487817, 0.006489068590630405, 0.028217822407808194, 0.9627356062590127], [0.00515591188780391, 0.000972333555514461, 0.0019716170415213868, 0.9919001375151604], [0.34622184529154143, 3.642649567357982e-05, 0.0021768892219236617, 0.6515648389908613], [3.027036974284445e-05, 0.0344012684242984, 0.9624741908047565, 0.0030942704012023783], [0.9947064621392159, 6.288419295776014e-05, 0.00010762600810629217, 0.005123027659720122], [0.006591616159134915, 0.04478329817763123, 0.9289786218000087, 0.01964646386322502], [0.0005349780949325096, 0.9108564788713492, 0.034005019623151805, 0.0546035234105662], [0.03618432701169814, 0.9564774982188199, 0.00041732876261083143, 0.006920846006871104], [4.321825765632811e-08, 0.999054062820125, 6.5310450351187166e-06, 0.0009393629165824002], [6.72027067356056e-06, 0.05755990537874259, 0.045421445193025205, 0.8970119291575586], [0.0006046382131764965, 0.2008455508245831, 0.4162144187205904, 0.3823353922416499], [0.9949930483699888, 0.0016257079520705158, 0.0013526288552630434, 0.002028614822677585], [0.0019021973316295363, 0.9821522539719814, 0.00018829116368392169, 0.015757257532705436], [0.12741223930190232, 0.03042045524955345, 0.0007680318351351516, 0.841399273613409], [0.8012121014782061, 0.12427924810311465, 0.002653106812445912, 0.07185554360623332], [0.044884317009342804, 0.030241916154001455, 0.07325400412175417, 0.8516197627149017], [1.7377189518646332e-06, 0.000789598186438265, 9.31697577499513e-08, 0.999208570924852], [0.039865921772899104, 0.9577881427683482, 0.002343961275489986, 1.974183262624085e-06], [2.3547659969030672e-05, 0.9951211675984546, 0.0034508173041567563, 0.0014044674374196064], [0.044664114951977175, 0.8099662689897794, 0.017059722173820995, 0.12830989388442235], [0.00692998352471427, 4.3218586303520347e-05, 0.0003639766255525954, 0.9926628212634296], [0.501013846036693, 0.00010664262608065253, 0.0011987964825616098, 0.49768071485466475], [0.0802781328150091, 0.11785623444303113, 0.7831749222420388, 0.01869071049992112], [0.009323133586216196, 0.03485162217207735, 7.662535080682274e-05, 0.9557486188908996], [0.18151589917497218, 0.8061848003139952, 0.012276292875196937, 2.300763583578626e-05], [0.10186365290954834, 0.0072780832793945096, 0.3394058783881245, 0.5514523854229326], [0.0013637574582412834, 0.0005735720916339998, 0.883364700972236, 0.11469796947788877], [0.0002466890803072605, 0.07532098665369343, 0.0006612470781716446, 0.9237710771878278], [0.4589607093217759, 6.962619466715223e-05, 0.00022091877031979516, 0.5407487457132372], [0.001203075388087267, 0.0024803844080083797, 0.017200450183041033, 0.9791160900208633], [0.04224118526473031, 3.982118285018641e-05, 0.7897755082280344, 0.1679434853243851], [0.0012225067313286686, 0.989865609563939, 0.008859614347051877, 5.226935768026546e-05], [0.0011230184169546246, 0.31624410837388484, 0.006476981743578152, 0.6761558914655825], [3.169113360716539e-05, 0.9058001453899206, 0.09401215765591517, 0.00015600582055699369], [0.9953864359585455, 0.00013266490193069447, 0.0017346080051014437, 0.0027462911344223457], [0.023124228970933757, 0.16501561280334845, 0.014053462960153085, 0.7978066952655647]]}, "rewritten": {"ids": ["97106770", "97106970", "97107821", "97112170", "97112830", "97113260", "97116401", "98106560", "98106880", "98107340", "98107380", "98108580", "98110230", "98116090", "99107560", "99108330", "99108460", "99108520", "99108890", "99109161", "99109780", "99109840", "99112531", "99113260", "100108520", "100109311", "100111270", "100116500", "101108121", "101108370", "101108500", "101109000", "101109120", "101110150", "101112160", "101114990", "102107961", "102109010", "102112030", "102113981", "102114270", "103109641", "103109791", "103110050", "103111480", "103113610", "103113640", "103117200", "103120290", "103120531", "103120730", "104110960", "104111531", "104111780", "104113000", "104113170", "105112130", "105112260", "105115250", "105115380", "105115570", "105116090", "105116860", "105120280", "105121190", "106113190", "106114011", "106114880", "106116850", "106118301", "106121220", "107112850", "107113360", "107114490", "107114950", "107116340", "107118120", "107118780", "107119950", "107121230", "107121540", "107121640", "108113480", "108113700", "108114040", "108114270", "108115070", "108116481", "108118630", "108119510", "109114270", "109117600", "109120150", "109120560", "109120621", "110114950", "110115890", "110116300", "110118301", "110118450", "110118810", "110119030", "110119300", "111114171", "111116010", "111116090", "111116100", "111116530", "111116640", "111116990", "111118301", "111118810", "111118820", "111119150", "111119290", "111119300", "111119430", "111120531", "112116501", "112116800", "112116880", "112118421", "112118511", "112118620", "112119120", "112119450", "112120630", "112120640", "113118111", "113118690", "113118870", "113119320", "113119480", "113119700", "113120531", "113120751", "113121410", "113121950", "113121980", "113122120", "113122180", "113122220"], "labels": [3, 2, 2, 0, 2, 1, 3, 1, 0, 0, 1, 0, 3, 0, 1, 1, 0, 2, 0, 3, 2, 2, 3, 0, 2, 1, 2, 2, 0, 1, 3, 1, 1, 1, 3, 3, 3, 1, 2, 1, 3, 1, 3, 3, 0, 2, 1, 0, 2, 3, 1, 2, 0, 3, 1, 3, 1, 3, 2, 1, 0, 1, 2, 3, 2, 0, 1, 0, 3, 1, 1, 1, 0, 3, 3, 3, 3, 1, 3, 0, 2, 1, 0, 0, 0, 3, 1, 0, 1, 1, 3, 1, 2, 1, 1, 0, 2, 3, 1, 0, 1, 0, 1, 3, 1, 3, 3, 3, 0, 0, 3, 0, 0, 3, 3, 1, 3, 0, 3, 0, 0, 3, 1, 3, 1, 3, 3, 0, 1, 3, 0, 1, 3, 0, 0, 1, 0, 3, 2, 1, 2, 1], "predicted_labels": [2, 3, 3, 3, 3, 2, 1, 3, 2, 3, 3, 1, 1, 1, 1, 1, 3, 1, 1, 0, 1, 1, 3, 2, 0, 3, 1, 1, 3, 0, 1, 2, 3, 3, 3, 1, 1, 1, 1, 1, 1, 3, 2, 1, 0, 3, 0, 3, 2, 1, 1, 2, 0, 1, 3, 1, 3, 1, 1, 1, 2, 3, 1, 2, 3, 3, 1, 2, 3, 1, 2, 2, 2, 2, 3, 1, 1, 1, 3, 1, 1, 2, 3, 1, 3, 1, 1, 3, 1, 2, 3, 0, 2, 2, 1, 0, 1, 1, 1, 1, 3, 1, 1, 3, 1, 0, 0, 1, 1, 3, 1, 3, 3, 1, 1, 3, 2, 3, 3, 3, 1, 1, 1, 0, 0, 3, 1, 2, 3, 1, 1, 0, 0, 2, 0, 3, 3, 3, 1, 1, 3, 1], "confidence_scores": [[0.008328857208183188, 0.003628475103342122, 0.9865967166840501, 0.0014459510044244669], [2.0996313891354165e-06, 0.005447405138733327, 0.009925905524421174, 0.9846245897054564], [0.0025421097169081907, 0.0005078226308754443, 0.001099245311653372, 0.995850822340563], [0.019653849678723478, 0.0005509110963045768, 0.46506750534260377, 0.5147277338823683], [0.0016867565820424804, 0.05939666526410916, 0.4146941198806026, 0.5242224582732457], [0.00010318165772411843, 0.0024956437278344607, 0.8918535727834721, 0.1055476018309693], [1.407355452180165e-05, 0.9998563981682959, 2.453949852637817e-05, 0.00010498877865604042], [2.529915460775261e-06, 0.021290332065884994, 5.1210537741613105e-05, 0.9786559274809126], [0.0014586178735694901, 0.00023750300285470713, 0.9510332787552389, 0.04727060036833689], [4.509851444937931e-06, 0.00014773557443226255, 0.4508926655193625, 0.5489550890547603], [5.9359749212981535e-06, 0.02550894889220826, 0.048130464547256745, 0.9263546505856136], [0.04076007470186146, 0.8876787454284374, 0.07129894559928926, 0.00026223427041176446], [2.895662685876811e-05, 0.9991852527519622, 0.0007783558952857429, 7.4347258932249296e-06], [0.005029527273621848, 0.9738530695550844, 0.020381602492006413, 0.0007358006792875439], [0.0009496363988415154, 0.9865348775090149, 0.0038892693789039593, 0.008626216713239605], [0.02224800741917583, 0.9769854310622602, 0.0007251228821848653, 4.1438636378978585e-05], [4.158313219364596e-08, 0.007930059970132419, 3.1716358270412005e-07, 0.9920695812831527], [0.003557552957802786, 0.5451915567655558, 0.451227134626868, 2.3755649773561588e-05], [2.872633769344441e-08, 0.7654645085464261, 8.900341594118412e-06, 0.23452656238564212], [0.9975415087899485, 0.0005235196440116377, 0.0006273636836384405, 0.0013076078824012464], [0.001209845068829457, 0.9733385636386941, 0.016694446879625374, 0.008757144412851007], [1.7707919134533096e-06, 0.913116925985649, 0.03368442602851655, 0.05319687719392113], [0.00677605596017023, 0.043262179232806154, 0.00018475921544961558, 0.9497770055915741], [0.004721347731355747, 0.022043244602190794, 0.9011015837134515, 0.07213382395300189], [0.5354602742565808, 0.3138494698053712, 0.015409932239343173, 0.13528032369870477], [0.0605125131269149, 0.0002755674154293382, 0.001714370764594776, 0.9374975486930609], [4.3927483643702515e-08, 0.996051696839251, 0.0038860802522112875, 6.217898105401756e-05], [0.00042810072531390355, 0.989622087711928, 0.007411014675644249, 0.002538796887113939], [0.0006178919308488689, 0.04072871740157748, 0.00620900318716835, 0.9524443874804053], [0.9688688086145846, 0.000447307938983706, 0.00046147428433898575, 0.030222409162092612], [2.1336641803660547e-06, 0.9995529959018618, 4.482211401749492e-05, 0.00040004831994031905], [0.0005363346060583773, 0.017891404836464488, 0.9518323110412963, 0.029739949516180947], [0.00013710646280534395, 0.02260229196297934, 0.024806722492627827, 0.9524538790815875], [0.00015766914012563227, 0.0543535314243756, 0.004255926513598142, 0.9412328729219006], [5.939926513504087e-05, 0.00058683123686102, 0.4491669217698665, 0.5501868477281375], [2.765052801684156e-06, 0.7177662722186096, 0.2753373564400263, 0.006893606288562427], [0.0022101516213853785, 0.6142855573504965, 0.3614595833267138, 0.022044707701404386], [0.04206699132962875, 0.9236528234342315, 0.0336567615568738, 0.0006234236792660281], [1.7921953009782025e-05, 0.9988558489744207, 0.0003227130109723226, 0.0008035160615971981], [4.2635531890798765e-06, 0.9900362639980588, 0.009571672523327215, 0.0003877999254248968], [2.305785255053503e-05, 0.9917284238956608, 0.0022893282042609872, 0.005959190047527784], [8.569032998255467e-06, 0.010667916419639862, 0.010790301636984771, 0.9785332129103772], [5.054812052598108e-05, 0.00012538868819543932, 0.8430210061862328, 0.15680305700504582], [7.009841202575494e-05, 0.9594860413306806, 0.0017110787408585618, 0.03873278151643524], [0.8474484855283404, 0.004690380235242635, 0.002637515849410968, 0.14522361838700584], [0.09780752531483371, 0.3944405976615195, 0.019271378259733813, 0.488480498763913], [0.8226928424244777, 0.0211397235205368, 0.14407515877706276, 0.012092275277922771], [0.15170454651599063, 0.19226821460505245, 0.017855108312632748, 0.6381721305663242], [5.87385044488677e-07, 7.438686652910162e-05, 0.9965767708088157, 0.0033482549396107223], [1.9958984190174536e-05, 0.9968450034686207, 0.002973996135003186, 0.00016104141218594302], [0.000818711791050262, 0.9985864973515912, 5.0428433797426954e-05, 0.0005443624235611801], [0.021407645860234654, 0.05362531930617484, 0.7565334458222743, 0.16843358901131616], [0.5492254221674269, 0.0014901405852372296, 0.14547822652701273, 0.30380621072032304], [2.8764413831859854e-05, 0.9788410329542575, 0.0033198009383583675, 0.01781040169355235], [0.0008252465899188743, 0.0001593496736345571, 0.00018362736930844343, 0.9988317763671382], [4.586221584269518e-07, 0.742060043850511, 0.1608920369267872, 0.09704746060054328], [3.143487016724253e-08, 0.0014351166292409588, 1.2197710691256194e-05, 0.9985526542251976], [0.00016901283490179252, 0.9863574076055727, 8.072112071248207e-05, 0.013392858438812952], [0.004385693130944927, 0.6603358638398329, 0.0007273952735323979, 0.3345510477556897], [2.832117151838631e-07, 0.8464993184404389, 0.017065783567338497, 0.13643461478050734], [0.30007757052406964, 0.0831743052022199, 0.3649722487432454, 0.25177587553046515], [0.03171377674594463, 0.03169822367498096, 0.04512481838996002, 0.8914631811891145], [0.05447409925920527, 0.9453758645697242, 7.963428391033234e-05, 7.040188716002695e-05], [9.209616044468647e-05, 0.13341484394490005, 0.836723049356138, 0.029770010538517286], [7.793029095710872e-07, 0.2237562204166821, 0.09681869857514469, 0.6794243017052637], [0.23197474618199154, 0.016333034686239138, 0.05984887896497404, 0.6918433401667952], [0.0018198370683064201, 0.9949216537402787, 0.0030376353755553476, 0.0002208738158595927], [0.0001635200841274457, 0.33703171632924456, 0.6544919793054034, 0.008312784281224693], [0.09024129820824266, 0.00724190631949731, 0.03856923927449044, 0.8639475561977695], [0.007349411674858692, 0.9922851315437419, 3.9388782266543585e-06, 0.00036151790317281215], [0.00904109849279313, 0.0690808047985516, 0.8897455184571811, 0.03213257825147411], [0.11540775190327848, 0.32578328098972403, 0.5249028350389838, 0.03390613206801375], [0.06314894835928557, 0.0012758842237056746, 0.9247651066958752, 0.010810060721133496], [0.0004440483706455402, 0.33762606751323904, 0.3735909993383451, 0.2883388847777703], [0.0062581596305828465, 0.48139052352219036, 0.016405535714213264, 0.49594578113301346], [2.5391430866816738e-05, 0.9997129626214099, 2.901339361071621e-07, 0.00026135581378713176], [0.000336334941017248, 0.7642468389947664, 0.03805277938983584, 0.1973640466743804], [0.007963680673426331, 0.749586715807132, 6.203350438157822e-05, 0.24238757001506012], [0.0017855717750117094, 0.1857231024836683, 0.003080303313104297, 0.8094110224282156], [8.085136784003643e-05, 0.9994462195962195, 4.9008477198246e-07, 0.0004724389511684284], [4.6989988697142284e-05, 0.9984661662154392, 0.001307313609845672, 0.00017953018601818646], [0.09444561295261358, 0.0016012814030020345, 0.8456792389313835, 0.05827386671300064], [0.00399596777812697, 1.2530363203137642e-05, 0.0006886855152947061, 0.9953028163433753], [8.266717586983791e-05, 0.9996655141735304, 8.750580744767343e-05, 0.00016431284315203564], [0.010493290514670617, 0.2756681873763638, 0.25165623488660477, 0.4621822872223608], [0.003436874394273646, 0.7062650164989905, 0.2548348867187689, 0.03546322238796683], [0.10525173695510417, 0.8320247221308317, 0.040283745093709036, 0.02243979582035524], [0.07915590665490707, 0.00030762952687305936, 0.00013146785559257936, 0.9204049959626273], [4.409204683430729e-09, 0.995634459282232, 4.199722116261638e-06, 0.004361336586447134], [3.354109680619679e-05, 0.0006927584048641993, 0.9992169266490417, 5.677384928798583e-05], [0.010809139008227137, 0.33083117618008956, 0.1860508305065248, 0.4723088543051584], [0.9458026249046194, 0.0046166019753694845, 0.004753486241986092, 0.04482728687802511], [0.0002973812741449829, 0.03765924451283795, 0.9614867652193136, 0.0005566089937032478], [1.0914889504169725e-06, 0.0698225576324597, 0.9285084450492761, 0.001667905829313661], [0.0016488385802674813, 0.8533065953739509, 0.013900284593803446, 0.13114428145197815], [0.5962545603147944, 0.39063801079823257, 4.1245906092667804e-05, 0.013066182980880322], [5.698185021676247e-07, 0.7698365267903707, 0.20071816774173998, 0.02944473564938699], [0.0002192433449267891, 0.5246507352420748, 0.09224202160703518, 0.38288799980596316], [0.00020583996412881252, 0.9941191128348342, 1.466577136896445e-05, 0.005660381429668018], [1.0977150995640467e-05, 0.8562085719102548, 0.1386625325951148, 0.005117918343634733], [0.0003173577392046928, 0.0016147562951401473, 0.000308122149948733, 0.9977597638157065], [0.00034002211161318375, 0.9839220815695807, 1.1714676270732678e-05, 0.015726181642535413], [0.06779447097745614, 0.8149394434886549, 0.0037111199033666507, 0.11355496563052245], [0.0443523613199631, 0.001230885744686715, 4.250252251189229e-06, 0.9544125026830989], [4.823084184274359e-08, 0.9980703614044286, 0.0019290941652262612, 4.961995031780247e-07], [0.6191381826567247, 0.0006270523453646318, 0.0002579701721538448, 0.3799767948257569], [0.48239264947902744, 0.35315754767243374, 0.006164582693019378, 0.1582852201555195], [0.0006040569973769552, 0.997769516042212, 0.001625973871048906, 4.530893623252733e-07], [0.093055897598369, 0.898566824982978, 0.008369131574231995, 8.145844421066612e-06], [0.025867284139198532, 0.14872339207322516, 0.0452857625829697, 0.7801235612046065], [0.0029946381899364025, 0.9746639574485068, 0.0009811752740853897, 0.021360229087471354], [0.0006418972967755872, 0.002318330694000819, 1.2843665049117996e-07, 0.997039643572573], [0.055072215422337534, 0.006005078614040223, 0.028584413338534304, 0.9103382926250879], [0.001488005658318944, 0.8700753837932818, 1.5919488940156168e-08, 0.1284365946289104], [1.2288773455643831e-09, 0.6368418107044084, 0.0008700198466549444, 0.36228816822005927], [2.0956465129941993e-08, 1.3956573868170467e-05, 1.998723982700659e-06, 0.999984023745684], [2.254265840407973e-08, 0.21814454389764548, 0.6606520173575019, 0.12120341620219419], [1.5363213714983158e-07, 0.001398163346138888, 0.000675373568513749, 0.9979263094532103], [0.00029810579256456607, 0.0015977809672910646, 0.0026529680706597115, 0.9954511451694846], [1.4387650667286313e-08, 0.009213485711055475, 1.1275995459878665e-07, 0.9907863871413393], [0.018422067922152247, 0.5015747956101319, 0.37976772285298993, 0.10023541361472608], [2.4288000908378423e-05, 0.7393174197227205, 0.11740068321149844, 0.1432576090648727], [7.07419574184583e-05, 0.8921832967873716, 0.003899996261038054, 0.1038459649941719], [0.9235160652035322, 0.006616840464965553, 0.011023670891472546, 0.05884342344002965], [0.43717207891279547, 0.2595984332739752, 0.05104812939301345, 0.2521813584202159], [0.001822024851966528, 0.001080395489334983, 0.00011329881464119177, 0.9969842808440573], [0.000859652621136373, 0.9830726136628904, 0.0052124561600913975, 0.010855277555881733], [0.17883922085410792, 0.005838514506136284, 0.81166326872506, 0.0036589959146956907], [0.004593330039747076, 0.00701510652800431, 0.024448913246157958, 0.9639426501860906], [0.010812588813928737, 0.9888774748652284, 0.0002483892670283011, 6.1547053814347e-05], [0.00596538950459671, 0.8892983685356475, 0.001503549521643988, 0.10323269243811181], [0.998939973498436, 0.0006998284042804034, 8.764506104355349e-05, 0.0002725530362399497], [0.9985471333512941, 3.1498141728643005e-05, 0.00022874712205386103, 0.0011926213849233218], [0.00012337669735347175, 0.07784637425359708, 0.9217468115059192, 0.0002834375431302159], [0.9242644857242015, 0.06987050372434281, 0.005714430036689705, 0.0001505805147661031], [0.00021773901605526071, 0.020035699695223907, 0.1237467449753302, 0.8559998163133907], [0.00010378446055634302, 9.104472793725091e-05, 0.002190914149292156, 0.9976142566622143], [0.11168600292027099, 0.19575956825637672, 0.2910510801788636, 0.40150334864448867], [1.4646625941360117e-05, 0.8105978190412003, 0.027385541939120794, 0.1620019923937375], [0.0030184393800735303, 0.9900794513476544, 0.0009347646233814412, 0.005967344648890682], [0.00022579873592358087, 0.002763951752708076, 1.7393770732777812e-05, 0.9969928557406356], [4.736239612259404e-05, 0.8495248328960857, 1.8128771523509854e-05, 0.15040967593626817]]}}