{"test": {"ids": ["113118231", "110121140", "107120260", "99108310", "109114720", "104114740", "99112300", "111121351", "101108121", "110119030", "99111340", "112119930", "109113591", "111117200", "99108710", "99110050", "111120260", "109113881", "106116850", "105115250", "111120640", "97112300", "113121950", "99117740", "112118161", "98112580", "101112160", "108120280", "104111380", "107121540", "102117351", "102107961", "110118450", "99109141", "112116401", "98117740", "97106820", "112119580", "113121220", "109121351", "99119830", "99111440", "111120280", "109116170", "97111790", "110115140", "101114020", "108114040", "113118421", "107120130", "98113881", "106116820", "98108580", "101108950", "111120320", "103120290", "110118880", "100113370", "111115770", "101108460", "113122320", "104119290", "107119950", "107116340", "103111480", "105111990", "112120700", "98116500", "109120560", "111117120", "97112830", "105115900", "104113190", "108113760", "106118301", "103113270", "101116130", "113122650", "106118820", "99109311", "99107560", "108113480", "105115380", "105115720", "104114240", "110118630", "109113281", "111119610", "108115500", "109116040", "110116501", "104113380", "97116401", "103113610", "106118161", "100116790", "99108330", "110119300", "100109330", "109121640", "109120150", "99121440", "110114720", "111119300", "111120190", "106117650", "102112250", "103111110", "113117401", "104118070", "108118301", "111114121", "110116441", "97116500", "100108990", "100108260", "111119950", "102110890", "110118181", "112121430", "106117790", "111120220", "102114270", "110117870", "101111620", "110114321", "98119591", "97113260", "112118530", "109116930", "106113260", "98107010", "105118740", "110118161", "104116980", "102121440", "107114321", "99109780", "103117461", "104113550", "106115240", "100108490"], "labels": [3, 3, 1, 2, 0, 2, 0, 0, 0, 0, 1, 1, 3, 0, 2, 3, 3, 0, 3, 2, 0, 2, 3, 2, 0, 2, 3, 3, 3, 2, 1, 3, 0, 3, 0, 2, 1, 3, 3, 0, 1, 3, 0, 0, 2, 0, 3, 0, 3, 2, 3, 1, 0, 2, 1, 2, 0, 3, 3, 0, 1, 1, 3, 3, 0, 2, 2, 2, 1, 2, 2, 3, 3, 1, 1, 2, 2, 2, 3, 1, 1, 0, 1, 1, 0, 1, 0, 2, 3, 0, 3, 1, 3, 2, 3, 2, 1, 1, 0, 0, 2, 2, 3, 1, 3, 1, 0, 3, 3, 2, 1, 0, 3, 2, 2, 3, 0, 0, 1, 2, 1, 3, 3, 3, 3, 1, 1, 1, 1, 0, 3, 3, 1, 0, 1, 2, 0, 2, 0, 1, 1, 2], "predicted_labels": [0, 0, 0, 0, 2, 3, 2, 1, 0, 3, 2, 3, 1, 3, 1, 1, 0, 1, 2, 2, 0, 2, 2, 1, 1, 3, 2, 0, 2, 1, 3, 0, 2, 0, 0, 3, 0, 3, 3, 1, 0, 3, 3, 3, 3, 3, 3, 0, 0, 1, 1, 3, 1, 2, 1, 2, 1, 2, 0, 3, 1, 3, 1, 1, 1, 0, 0, 3, 2, 1, 1, 1, 2, 0, 0, 2, 3, 3, 0, 3, 0, 0, 1, 0, 1, 3, 1, 2, 3, 3, 3, 2, 3, 0, 1, 1, 0, 0, 0, 0, 2, 1, 2, 3, 1, 3, 2, 3, 0, 0, 3, 1, 0, 1, 1, 0, 3, 3, 0, 1, 2, 0, 1, 3, 0, 0, 2, 3, 2, 2, 1, 1, 3, 2, 2, 3, 1, 1, 2, 0, 0, 0], "confidence_scores": [[0.617924219246312, 0.3598869132396252, 0.0066668452747245975, 0.01552202223933825], [0.9893140043000475, 0.0006486460660042939, 0.007977266826116302, 0.0020600828078320573], [0.9521014249676228, 0.047244275771162504, 0.00035966075108387953, 0.000294638510130784], [0.950029481456115, 7.598000238144617e-06, 0.0056907991719719496, 0.04427212137167493], [7.857352305647013e-06, 0.0006813531681923755, 0.9988280624149843, 0.00048272706451757554], [0.11711673399250308, 0.006056127075888974, 0.1455067237047183, 0.7313204152268896], [0.11016623343019867, 0.00293967635099023, 0.8620330581419737, 0.02486103207683721], [0.16989002547637763, 0.825361484005156, 1.1323717259294647e-05, 0.004737166801207153], [0.6221188122805786, 0.0005642869991682827, 0.0013473468872507227, 0.37596955383300246], [0.009707250799469939, 0.0031101061070390565, 0.001128657903051829, 0.9860539851904393], [0.008005979375785526, 0.2542274789142913, 0.7349117001883265, 0.0028548415215965627], [0.0003565577354811083, 0.42429981525369587, 0.0821326419576449, 0.49321098505317823], [0.19471470701064084, 0.7137130825828495, 5.990353228786676e-05, 0.09151230687422193], [9.957450621274847e-05, 0.20871951720734813, 0.00019450478464501462, 0.790986403501794], [0.010130192901732874, 0.9673776681240197, 2.545630212669799e-06, 0.02248959334403477], [0.0018249935236362687, 0.9709181140777668, 0.017553191514496642, 0.009703700884100433], [0.9448008470936119, 0.0551192658986159, 1.7405959334715678e-05, 6.248104843738895e-05], [0.00010634714103825387, 0.999034259926785, 0.0007874060033092561, 7.198692886760302e-05], [0.20253649274082886, 0.08618089205299637, 0.5204352518494192, 0.19084736335675553], [0.003272351042289683, 0.038689569350674004, 0.9200345746331291, 0.03800350497390721], [0.6842906567895188, 0.315313212480175, 9.585713492968145e-06, 0.0003865450168131528], [0.020998537792498, 0.0005197070997321535, 0.9723305459942937, 0.006151209113476126], [0.032047609502248546, 0.1088946726262975, 0.48790859771950534, 0.3711491201519486], [0.11357613868951245, 0.6389147741941102, 0.09398188747145694, 0.15352719964492023], [0.0012245144068049384, 0.9862399997573892, 4.4078557510049194e-05, 0.012491407278295865], [0.01654605038193274, 0.09852632512299217, 0.004848242635035946, 0.8800793818600392], [6.948309862066995e-05, 0.09255731493227595, 0.8672382876769535, 0.04013491429214977], [0.8749222598411436, 0.0008964262776062733, 0.017160483756189126, 0.10702083012506106], [7.5277672307723866e-06, 0.013272930117319622, 0.9864923217548064, 0.0002272203606432326], [0.09617178574028101, 0.7308502163977171, 0.03496916924825569, 0.13800882861374622], [0.05717045682225482, 0.0005111742287788526, 4.108719911728701e-07, 0.942317958076975], [0.6949609590830917, 0.052450876615367875, 0.11694089115286256, 0.1356472731486777], [7.15121204170894e-05, 0.002143879498681667, 0.9972090203712484, 0.00057558800965285], [0.9662578133945825, 0.03147564123347294, 0.002039801825895579, 0.00022674354604915927], [0.999963005154491, 1.1737041543321505e-06, 1.5666286834503352e-05, 2.0154854520127673e-05], [0.12192636263040658, 0.03628364714538362, 0.07459895926309912, 0.7671910309611107], [0.6808365822408461, 5.931962616952719e-06, 0.0005907843572531166, 0.31856670143928373], [0.00015339675716391436, 4.6921244725672e-05, 1.2602023379437482e-05, 0.9997870799747309], [0.05110459062107233, 0.008688632370459904, 0.0009208039256364789, 0.9392859730828313], [0.012156271953600252, 0.8448078011250985, 0.009257091045280576, 0.13377883587602069], [0.4520463170073605, 0.3042040623877699, 0.05487370703509485, 0.18887591356977476], [0.019517772169093936, 0.001568613607082867, 0.0002618172995226833, 0.9786517969243006], [0.00023296502194532258, 0.06513056859510793, 7.029125845683307e-05, 0.93456617512449], [0.000943670908592513, 0.0557355198592567, 2.083690963719628e-05, 0.9432999723225136], [0.0022396753249530176, 0.0005543221855985118, 0.00015650346192987467, 0.9970494990275185], [0.029625734645342666, 0.015744073622207075, 0.05336454827642053, 0.9012656434560297], [0.025592542627041057, 0.005194006338032818, 0.0005377703455773634, 0.9686756806893488], [0.36726656065743407, 0.1350670414533547, 0.3090006469263171, 0.18866575096289423], [0.9415752330703676, 0.0020644830480461038, 7.114111139018396e-06, 0.0563531697704473], [0.009423768239461706, 0.8256250944200019, 0.16490299985465695, 4.8137485879616174e-05], [0.09835550275266217, 0.8926772269602135, 0.0006705451751582621, 0.008296725111966137], [0.10902434963108411, 0.0012410002925352139, 1.3907226108837819e-05, 0.8897207428502718], [0.14911037871684127, 0.5051616184476807, 0.3309477758835119, 0.01478022695196611], [0.21002806253835538, 0.05671428781629352, 0.6446170404624945, 0.08864060918285666], [0.0034580575831798387, 0.7563640421543609, 8.274913865559325e-06, 0.2401696253485936], [2.7432030531935473e-06, 0.001129285548386686, 0.9988628857492957, 5.085499264188748e-06], [0.0007599190285493581, 0.8286095697718375, 0.00012385359378357282, 0.17050665760582961], [0.03760050517327557, 0.034570347817683124, 0.9141486400050746, 0.013680507003966738], [0.9676437252569162, 0.003442138294132016, 1.4867393230619494e-05, 0.02889926905572132], [0.04988279904657402, 0.006601120395577083, 0.0011527482200186037, 0.9423633323378302], [0.15545347345578248, 0.8233027512648871, 0.0026824730095941474, 0.01856130226973648], [0.015259210642044734, 0.2557501652771483, 0.02231805824511421, 0.7066725658356928], [0.001537824073431829, 0.5333916980889951, 0.005898432712113233, 0.4591720451254599], [0.08982285617477472, 0.5538291804113508, 0.004729830066626869, 0.3516181333472476], [0.006152666390946007, 0.5330250812201277, 0.2989144601645799, 0.16190779222434643], [0.8456715242874008, 0.08986242140198236, 0.00010062886486418136, 0.06436542544575255], [0.513421879684663, 0.36090183236602574, 0.04414408760982846, 0.08153220033948286], [0.00027296108517306457, 0.00026832921123244846, 1.9019404946734072e-05, 0.9994396902986477], [0.000979911357800478, 0.019830816131022857, 0.9654380953527096, 0.01375117715846696], [0.006613165339927651, 0.9822740006895987, 0.010485431593962851, 0.0006274023765109228], [1.1758092256240443e-05, 0.5140705726272051, 0.48094175508750586, 0.004975914193032802], [0.02022360682951788, 0.9304370752640849, 0.04563101711620167, 0.00370830079019554], [0.06720324872153656, 0.033141499467943016, 0.8899840410669486, 0.009671210743571737], [0.8541545336649942, 0.005950408879355294, 0.06731156889881447, 0.07258348855683615], [0.9535449894929017, 0.04645396985026882, 8.287851146988621e-07, 2.118717145478234e-07], [1.3880288351365071e-05, 2.7511504834656288e-05, 0.9992142349878047, 0.0007443732190092997], [0.05330567028406165, 0.06492135392914511, 0.028646042737576472, 0.8531269330492168], [0.005789003224198336, 0.004818708335988336, 0.1466604327674013, 0.8427318556724119], [0.5838189468715033, 0.014508779301392431, 3.4756440415028854e-07, 0.4016719262627001], [0.4237978840569945, 0.056863853476314175, 0.04092160459490878, 0.47841665787178245], [0.9858244040972057, 0.01405091772975681, 2.59400418332923e-05, 9.873813120396255e-05], [0.6010101104752669, 0.0006015105861932905, 0.006874928305447181, 0.39151345063309273], [0.0007605338631197832, 0.6233264165269544, 0.29487642757271404, 0.08103662203721167], [0.9447116471351771, 0.019680649375922354, 0.0012532547851575291, 0.03435444870374304], [0.026916980703635365, 0.8323372064212675, 0.10646530832052618, 0.03428050455457098], [6.246757682582157e-05, 0.08497443564671782, 0.031092223393686506, 0.8838708733827698], [0.09915676574055121, 0.7456138654849515, 0.0018264592271010462, 0.15340290954739644], [6.944311641895827e-06, 0.0025093835629722027, 0.9974772556630255, 6.416462360455086e-06], [0.20065970418039203, 0.22760701497991986, 0.24372462879616807, 0.32800865204352003], [0.23033319226478915, 0.18837477404806097, 0.10286496477432966, 0.4784270689128201], [0.024296361165028958, 0.2030487830323057, 0.0005781788454537821, 0.7720766769572115], [0.10155185704039152, 0.016146116084462793, 0.837642776861065, 0.04465925001408068], [0.034349301742787164, 0.012971613820029348, 0.016761371560422678, 0.9359177128767607], [0.8336781360697131, 0.05385168250738668, 0.11192988491945692, 0.0005402965034432733], [0.03849468388001559, 0.9358266720143459, 0.02107449156929592, 0.004604152536342626], [0.41817760381714664, 0.5674037390032262, 0.011726933864195953, 0.0026917233154313473], [0.9529103569816413, 0.02618455308601733, 0.009776971125829986, 0.011128118806511503], [0.44581642312298025, 0.1663899283990427, 0.05765141412996463, 0.3301422343480123], [0.989951029455139, 0.010030804416298163, 1.1192872813243657e-06, 1.704684128143361e-05], [0.9964869536832597, 0.0018922091336041895, 0.0003762243584262559, 0.0012446128247098798], [0.0003165518557244604, 0.004689400268837281, 0.9948019531580945, 0.00019209471734383217], [0.0018748577056098303, 0.997649990313836, 0.00045418961606276864, 2.0962364491378188e-05], [0.0008579576231742995, 0.00046557342110715923, 0.9936775601135986, 0.0049989088421199855], [0.0009207983294497886, 0.005491611536906634, 0.01420623446518692, 0.9793813556684565], [0.20343983791789666, 0.4863820752989798, 0.03129011731765084, 0.2788879694654726], [0.0057983265431358864, 0.22460884003654505, 0.2142384238204134, 0.5553544095999057], [0.021756090896740597, 0.05361576864312864, 0.9225217753809897, 0.002106365079141193], [0.08843335823327052, 7.42662633986088e-05, 1.2988136211475535e-08, 0.9114923625151946], [0.9025109707241855, 0.011078961574206377, 0.05931090677068798, 0.02709916093092027], [0.9870520549743516, 3.976719319616403e-06, 0.012938324473335998, 5.643832992848168e-06], [0.0009423098531537016, 0.4831409154408238, 0.0014090620490346951, 0.5145077126569877], [0.0001653925352267395, 0.9987372216881405, 9.723603887577386e-05, 0.0010001497377570107], [0.527117697650041, 0.0020437867521893444, 0.4705096220956778, 0.0003288935020917202], [0.0362152714787808, 0.9633331620864074, 0.00027183364537245976, 0.00017973278943934814], [0.00033019757473978296, 0.9315289936637035, 0.0015803832531514368, 0.0665604255084051], [0.765121675249997, 0.1019376889604275, 0.013310075805158398, 0.11963055998441707], [0.023877805525951694, 4.89276899025915e-05, 0.0008291937721178141, 0.9752440730120279], [0.23136817539507673, 0.0072892428555691394, 0.16933229252491835, 0.5920102892244358], [0.9987835864857878, 0.0012108120053825463, 3.282813157948977e-08, 5.568680698198211e-06], [0.0007873093513901672, 0.9762251697719375, 0.0005576601135437245, 0.022429860763128615], [0.010062885043790645, 0.09528873514395193, 0.7934093185872937, 0.10123906122496386], [0.9032867117033616, 0.015722439830941768, 7.48692960161586e-06, 0.08098336153609502], [0.000986847994582263, 0.9989880569820221, 7.118127164767459e-07, 2.4383210679287035e-05], [0.03718781400583731, 0.33865072786680955, 0.06464677814814844, 0.5595146799792047], [0.7753622573486028, 0.009166542735831054, 0.12530855667244362, 0.09016264324312245], [0.646455169040242, 0.33874841636525016, 0.002166370158632218, 0.012630044435875575], [0.021072532448075897, 0.41990279743821335, 0.4457859766760946, 0.11323869343761622], [2.4707616488489467e-06, 0.0002428165588350691, 0.4464076607269698, 0.5533470519525463], [7.412969364376738e-05, 0.22464689934885307, 0.7752391833048511, 3.978765265208858e-05], [0.07777590846905363, 0.04394570463819968, 0.8749218490462791, 0.0033565378464674163], [0.05626433069384273, 0.6987968589743603, 0.2445098400114978, 0.0004289703202991628], [0.07873072536833053, 0.8990645845226369, 0.012782112321328903, 0.009422577787703489], [0.11590124507555817, 0.003257855118775988, 0.1808442468166271, 0.6999966529890388], [0.006120178118353804, 0.34461538393102775, 0.6144787662398362, 0.0347856717107824], [0.007219339237623319, 0.0956457314297095, 0.8031882883728991, 0.09394664095976811], [9.578863508239434e-06, 0.06785931059054522, 0.003564084368511009, 0.9285670261774356], [0.008331802219684435, 0.9654086862544201, 0.020088009570150233, 0.006171501955745287], [0.0003935595159498222, 0.6676350844716148, 0.010303370045773719, 0.3216679859666617], [0.02739407261725863, 0.3200392745165984, 0.4487725675584524, 0.20379408530769055], [0.9607127467507536, 3.2170564318750495e-06, 0.021224801014626135, 0.0180592351781886], [0.997068435969174, 0.0029311737225378464, 1.056961323679616e-07, 2.846121556791705e-07], [0.6369101339862956, 0.33943935090028937, 0.0006717861257342129, 0.022978728987680837]]}, "rewritten": {"ids": ["97106820", "97111790", "97112300", "97112830", "97113260", "97116401", "97116500", "98107010", "98108580", "98112580", "98113881", "98116500", "98117740", "98119591", "99107560", "99108310", "99108330", "99108710", "99109141", "99109311", "99109780", "99110050", "99111340", "99111440", "99112300", "99117740", "99119830", "99121440", "100108260", "100108490", "100108990", "100109330", "100113370", "100116790", "101108121", "101108460", "101108950", "101111620", "101112160", "101114020", "101116130", "102107961", "102110890", "102112250", "102114270", "102117351", "102121440", "103111110", "103111480", "103113270", "103113610", "103117461", "103120290", "104111380", "104113190", "104113380", "104113550", "104114240", "104114740", "104116980", "104118070", "104119290", "105111990", "105115250", "105115380", "105115720", "105115900", "105118740", "106113260", "106115240", "106116820", "106116850", "106117650", "106117790", "106118161", "106118301", "106118820", "107114321", "107116340", "107119950", "107120130", "107120260", "107121540", "108113480", "108113760", "108114040", "108115500", "108118301", "108120280", "109113281", "109113591", "109113881", "109114720", "109116040", "109116170", "109116930", "109120150", "109120560", "109121351", "109121640", "110114321", "110114720", "110115140", "110116441", "110116501", "110117870", "110118161", "110118181", "110118450", "110118630", "110118880", "110119030", "110119300", "110121140", "111114121", "111115770", "111117120", "111117200", "111119300", "111119610", "111119950", "111120190", "111120220", "111120260", "111120280", "111120320", "111120640", "111121351", "112116401", "112118161", "112118530", "112119580", "112119930", "112120700", "112121430", "113117401", "113118231", "113118421", "113121220", "113121950", "113122320", "113122650"], "labels": [1, 2, 2, 2, 1, 3, 2, 3, 0, 2, 3, 2, 2, 1, 1, 2, 1, 2, 3, 1, 2, 3, 1, 3, 0, 2, 1, 2, 3, 2, 2, 0, 3, 2, 0, 0, 2, 3, 3, 3, 2, 3, 0, 0, 3, 1, 2, 3, 0, 2, 2, 0, 2, 3, 3, 1, 1, 0, 2, 1, 2, 1, 2, 2, 1, 1, 3, 1, 3, 1, 1, 3, 1, 1, 3, 1, 3, 0, 3, 3, 2, 1, 2, 0, 1, 0, 3, 1, 3, 0, 3, 0, 0, 0, 0, 0, 2, 1, 0, 0, 1, 3, 0, 3, 3, 3, 0, 1, 0, 1, 0, 0, 1, 3, 0, 3, 2, 0, 1, 2, 0, 3, 3, 3, 0, 1, 0, 0, 0, 0, 1, 3, 1, 2, 2, 3, 3, 3, 3, 3, 1, 2], "predicted_labels": [0, 3, 2, 1, 3, 1, 1, 1, 2, 1, 1, 3, 3, 1, 0, 0, 1, 1, 0, 3, 1, 1, 2, 3, 2, 2, 1, 1, 1, 1, 1, 0, 2, 1, 3, 1, 2, 0, 2, 3, 3, 0, 3, 2, 1, 3, 3, 3, 1, 2, 0, 1, 2, 2, 2, 2, 0, 1, 2, 2, 0, 1, 0, 2, 1, 0, 3, 2, 2, 0, 3, 2, 2, 2, 1, 0, 3, 1, 1, 3, 1, 0, 1, 0, 2, 3, 2, 1, 0, 1, 1, 1, 2, 1, 3, 2, 2, 2, 1, 0, 1, 2, 3, 2, 3, 3, 2, 1, 2, 3, 3, 3, 0, 0, 1, 3, 1, 3, 3, 2, 3, 1, 0, 0, 3, 1, 1, 1, 0, 1, 2, 3, 3, 1, 1, 2, 0, 0, 3, 2, 1, 3], "confidence_scores": [[0.6522872899350446, 0.0006075935202747196, 0.07734239221570785, 0.269762724328973], [0.014432768744145652, 0.006951534272452623, 0.08824569082257529, 0.8903700061608264], [0.022820082405306537, 0.002404758452641771, 0.9522644224949817, 0.022510736647069998], [4.8391173821020045e-06, 0.6035070531712401, 0.3931258853129182, 0.003362222398459722], [8.733017034268484e-08, 0.0016360911411356827, 0.14614290308773473, 0.8522209184409593], [0.015182373399936631, 0.8092111543716698, 0.07626492153702892, 0.09934155069136462], [0.005708474869511498, 0.9934471568783221, 0.00043413412124087544, 0.000410234130925816], [0.010394560326143968, 0.9359705121328799, 0.04347018215625835, 0.010164745384717759], [0.001313828839427566, 0.2046738338360399, 0.7820922335385354, 0.011920103785997222], [0.01631028219945863, 0.6834972223249842, 0.042363226995472784, 0.2578292684800845], [0.06024405323408538, 0.8964095346593314, 0.006271414587887206, 0.03707499751869607], [3.272687718935741e-05, 5.924723882729678e-06, 3.481573720609851e-05, 0.9999265326617219], [0.0009385698816892723, 0.20247260815419563, 0.06069491570482584, 0.7358939062592892], [0.0061469760389729405, 0.5291704506059731, 0.3051662309069403, 0.15951634244811366], [0.8545461732511889, 0.14402717820226182, 0.0008849919007063998, 0.0005416566458430093], [0.7071580022425877, 0.0008556787801510478, 0.02115312881287591, 0.27083319016438534], [0.09934712235136407, 0.8986409033094711, 0.0005816993813643329, 0.001430274957800423], [0.07345988495145053, 0.9188349803077427, 9.528516270431312e-05, 0.007609849578102639], [0.7269673727195411, 0.2630712010314558, 0.00809772700629747, 0.0018636992427057035], [0.07712802891099396, 0.06313858040251014, 0.12377586666571976, 0.7359575240207761], [0.000220539788234929, 0.9664273708717546, 0.011428566924077845, 0.02192352241593266], [0.00010065894261971365, 0.9300303391147597, 0.06659622089333976, 0.0032727810492809324], [0.0018647708196257238, 0.34038945370690327, 0.6553193048043449, 0.002426470669126054], [0.0011450462597440956, 0.00583133161469795, 0.00026511311025131766, 0.9927585090153067], [0.0127803861939667, 0.01417968376216941, 0.9398032415650378, 0.033236688478826125], [0.28011826932210926, 0.05320622638254696, 0.4709214942429961, 0.19575401005234772], [0.2828261862652644, 0.39263170843409134, 0.10648738428929097, 0.21805472101135323], [5.181868452927101e-05, 0.9999394604438295, 7.553649183994206e-06, 1.1672224571405205e-06], [0.2863829064915702, 0.571416160263397, 0.060597354039380595, 0.08160357920565227], [0.25753406479365754, 0.5059699368085211, 0.0073323652925979645, 0.2291636331052235], [0.00022243358442101472, 0.9837483256642424, 0.0011207230188853912, 0.01490851773245137], [0.9977985187638687, 0.002193999333835782, 7.329725220248529e-07, 6.748929773361676e-06], [0.017430278044034856, 0.013976797416545172, 0.926636632110435, 0.04195629242898491], [0.10941956653427093, 0.8403870765856182, 0.045460091431789064, 0.00473326544832179], [0.36421856706820493, 0.01914681610555366, 0.024887208645867326, 0.5917474081803741], [0.0009222136444550277, 0.34806529107243533, 0.3269253415299319, 0.3240871537531777], [0.005111419002794488, 0.018149494477010517, 0.9694353857299445, 0.007303700790250369], [0.5801706917503411, 0.01315815912024613, 0.38432936903142045, 0.022341780097992325], [1.3986713565123386e-05, 0.01782006014321578, 0.961419789629522, 0.020746163513697027], [0.0025009737220103296, 0.0066261117877108545, 0.005888913325773498, 0.9849840011645054], [0.00555392601838549, 0.12816166968953338, 0.07699826180296086, 0.7892861424891202], [0.4584563136908296, 0.34075321746272424, 0.12583648090571659, 0.07495398794072956], [0.007847035219173727, 0.04744377349645536, 0.20175432429751985, 0.742954866986851], [0.0010702317970614804, 0.0039009913811635898, 0.9948905552125928, 0.00013822160918195803], [0.00016331659005924018, 0.9998192730921686, 1.8594798481313605e-06, 1.555083792400395e-05], [0.05303829821017362, 0.0010856153905363067, 2.9731763239914457e-06, 0.9458731132229662], [9.236229856092177e-07, 0.3194492078976475, 0.0039981993997638245, 0.6765516690796031], [0.01162387621777303, 0.034106246539067304, 6.006434843946374e-06, 0.9542638708083157], [0.0011601520910102874, 0.9780119304027763, 0.00425918752954248, 0.016568729976670787], [2.354432125361994e-06, 7.46806911592467e-05, 0.9998610434252457, 6.192145146969977e-05], [0.7079778583797635, 0.08074103526831031, 0.21055231687444367, 0.0007287894774825525], [0.002779889265915531, 0.9702497422528923, 0.010314409814539011, 0.01665595866665312], [6.015458012752013e-06, 0.0007497957989186992, 0.9992436492749136, 5.394681549862904e-07], [2.7844512846417427e-06, 0.0037470116683131637, 0.9960445229255185, 0.00020568095488368224], [0.07935800096789983, 0.31746587473154375, 0.3348750020731443, 0.2683011222274121], [0.1828204886920191, 0.252269526638032, 0.5037151519437271, 0.061194832726221705], [0.9710516799451223, 1.0881379390110319e-05, 0.01846339394401607, 0.010474044731471503], [0.0017396604109073566, 0.7653121348817565, 0.15424549101782586, 0.07870271368951015], [0.22937942722692786, 0.017916960394942717, 0.5921210367829652, 0.16058257559516417], [0.00019082744248880224, 0.1526832914212608, 0.8438716347418991, 0.003254246394351187], [0.7643379309158521, 9.713812281457965e-05, 0.2355133134909286, 5.161747040463565e-05], [0.003227904084131651, 0.5688203151372455, 0.07173124851614501, 0.3562205322624778], [0.8212624115364026, 0.11813780418580397, 0.003899876950766927, 0.05669990732702638], [0.002524589054974295, 0.2145720577992673, 0.6123294798655766, 0.17057387328018175], [0.00016355976861948332, 0.6812028416806432, 0.2832891965672859, 0.035344401983451394], [0.5933462509065024, 0.30838535856815, 0.014375126684190742, 0.08389326384115686], [0.008608704106349787, 0.0006618093403924761, 0.11835653004788266, 0.8723729565053752], [0.15944260688751316, 0.004190561196258434, 0.7662652925537328, 0.07010153936249565], [0.015101808027154507, 0.3063076216752375, 0.6773713807214646, 0.001219189576143349], [0.9482624690909159, 0.051728182191153355, 9.11816498056165e-06, 2.3055295005129443e-07], [0.09990962673754518, 0.0012159175864106773, 5.045008265235971e-06, 0.8988694106677788], [0.1726754937163596, 0.02666046514619102, 0.7503058023075283, 0.050358238829921215], [0.0001845584344228092, 0.013410322452403424, 0.6468543097818594, 0.33955080933131443], [0.00541639267291565, 0.23517310281206844, 0.7341085159058994, 0.025301988609116408], [0.00037658332936845866, 0.9404597128565972, 0.05907701746562232, 8.668634841191048e-05], [0.9570319837225151, 0.042967314847480266, 5.423965159186056e-07, 1.590334886772417e-07], [0.056620373946111364, 0.014048020264685239, 1.0026487749568542e-06, 0.9293306031404284], [0.00030113805146079803, 0.9714107698322454, 0.027207021800563707, 0.0010810703157301217], [0.03174058165189881, 0.914245578248311, 0.0006292466036057187, 0.05338459349618452], [0.0015960491020887277, 0.48026136351184173, 0.037254333769525735, 0.4808882536165438], [0.0009260460485203832, 0.7553228467911721, 0.24375021491237905, 8.92247928519777e-07], [0.8652728013267814, 0.13153399049443276, 0.0006620808959313254, 0.0025311272828546054], [0.239373083766156, 0.5670487363038021, 0.0033426093778483085, 0.19023557055219356], [0.5950402342862036, 0.0078094485456591655, 0.2597506966917405, 0.13739962047639678], [0.3114826112039044, 0.012189837320417106, 0.5978593641297393, 0.0784681873459392], [0.0005007981249135098, 0.07444529085015983, 0.4255118661896736, 0.49954204483525305], [0.31146192072550744, 0.2681416127694185, 0.36666347123290866, 0.05373299527216543], [0.0002863322830445624, 0.5120103325362882, 0.0008863832846699765, 0.4868169518959973], [0.7484677946197454, 0.008957556535766997, 0.1742441678987383, 0.06833048094574909], [0.07992975702491782, 0.7848564027648217, 0.002830319997413233, 0.13238352021284722], [0.0013848162849829596, 0.9359486099261725, 0.030284808121404785, 0.03238176566743973], [0.00018491497866509392, 0.9903828334190106, 0.008666358508831533, 0.0007658930934928966], [1.4464308130662406e-07, 0.00028035882733997125, 0.9996890467582654, 3.044977131338546e-05], [0.10801151442219539, 0.48027112022838325, 0.3668142911268601, 0.04490307422256137], [0.02314507958526845, 0.2747926936245787, 0.00045173283125175346, 0.7016104939589011], [0.0013957024761784172, 0.000454186534867441, 0.9979341534397337, 0.00021595754922049742], [0.00026089902770021147, 0.020716841824201127, 0.9788829005327739, 0.00013935861532450797], [9.817971017166533e-06, 0.002797516473363992, 0.9910910218008897, 0.006101643754729118], [0.007479409668336071, 0.809803484361353, 0.06054740166224911, 0.12216970430806184], [0.8441686358094826, 0.1047581760141213, 0.03613884443598383, 0.01493434374041223], [0.16812132935827934, 0.7973619550624554, 0.019257201652471113, 0.015259513926794217], [9.684360242007539e-05, 0.00025349707132015626, 0.9992694902810009, 0.00038016904525877207], [0.04765422334243045, 0.00866262981189444, 0.2717777849907003, 0.6719053618549748], [0.003086473978903112, 0.0007339818674264008, 0.9960578985277866, 0.00012164562588383549], [0.012111852058921012, 0.3294172670291963, 0.005800563625016547, 0.6526703172868662], [0.010970389311686242, 0.23269122150915636, 0.301521013153183, 0.45481737602597433], [0.002966050834906891, 0.01461280608330064, 0.9409609009862054, 0.041460242095587053], [0.24268863966463733, 0.7567879344033541, 0.00035678298160708466, 0.0001666429504014925], [5.746927951115858e-07, 0.0010907818124916459, 0.9989068216442872, 1.8218504259736169e-06], [5.998535839431588e-06, 0.019157804446975055, 0.08849359105363155, 0.892342605963554], [0.0034142838531669396, 0.3882218113410662, 0.001201763982238711, 0.6071621408235282], [0.0017144992381428934, 0.004024288538673182, 0.0026759483262069447, 0.991585263896977], [0.5585745417525824, 0.14273133347116929, 0.0656502672342653, 0.23304385754198306], [0.8891558913461589, 0.0016010714340815792, 0.10173172408473596, 0.007511313135023704], [7.482848161919981e-05, 0.9953933734795611, 0.002898903590854026, 0.0016328944479656465], [0.4301580887895545, 0.06442870214113006, 0.0002952505476637438, 0.5051179585216518], [0.003103274731439491, 0.6162635420563756, 0.38006584359119516, 0.0005673396209897116], [0.0002563317768523565, 0.36814725865504294, 0.000615146091075844, 0.6309812634770288], [0.0015698250399280467, 0.07114314738372214, 0.04466997407168221, 0.8826170535046676], [8.724375301076454e-06, 0.00045490078271687623, 0.999533090332183, 3.2845097989884377e-06], [0.4440951250362485, 0.004242401346683568, 0.10528528280070651, 0.44637719081636146], [0.020942561467958424, 0.6284013102003433, 0.27792791247513593, 0.07272821585656242], [0.9064626626478952, 0.08646134947423624, 2.077036939907954e-05, 0.0070552175084695225], [0.9822938742024031, 0.0172429596690101, 2.3657821585891697e-05, 0.0004395083070009649], [0.00047186274549255487, 0.13198386983206242, 0.0010511124759975301, 0.8664931549464475], [0.0029780906040172556, 0.546095179023892, 1.003404894866099e-06, 0.4509257269671959], [0.09526740007984474, 0.9046531743636177, 1.1148691993810478e-05, 6.827686454382349e-05], [0.10511764982887908, 0.6600646196750051, 0.000600495317969116, 0.23421723517814672], [0.9969197067995302, 8.842439136866574e-06, 0.0030564642738913216, 1.4986487441457323e-05], [0.00017545544359716476, 0.7615597740550377, 4.090081460281204e-05, 0.2382238696867622], [2.1705498204365057e-05, 0.46771172764581875, 0.5322166953540332, 4.9871501943801584e-05], [0.0007104839956208842, 0.0027874442112824863, 0.0005700262136188156, 0.9959320455794778], [3.7575794315822235e-05, 0.22874178719769464, 0.2801875583152219, 0.49103307869276763], [0.12326994700221419, 0.5972120877688035, 0.1425360235790474, 0.13698194164993494], [0.0002911557860574966, 0.9793933031368529, 0.0027573171865045098, 0.017558223890584923], [0.09573608236914435, 0.005585223064013102, 0.8975605054949172, 0.0011181890719253059], [0.7530135744055865, 0.23276807091026994, 0.0035449404959895163, 0.010673414188153962], [0.7405952632873286, 0.0023648640982628934, 0.00026195595164580824, 0.25677791666276256], [0.005481387925906985, 0.004927161156977724, 0.001970182628194513, 0.9876212682889207], [0.004413374336564196, 0.1186867705726022, 0.6861754724751072, 0.19072438261572636], [0.0026486147918110946, 0.988281417698924, 0.008466119520248349, 0.0006038479890164126], [0.00404265062401576, 0.040799742570291925, 0.158908117507603, 0.7962494892980894]]}}