{"test": {"ids": ["108113480", "111120540", "112116501", "105110091", "102113350", "103110220", "101114020", "112116640", "97112290", "113118490", "111116530", "107118780", "106117790", "108121410", "112121430", "98108370", "110120540", "107116300", "107121230", "108115070", "107113840", "106116441", "98106880", "105113620", "111120640", "99107660", "109117150", "101108580", "102116340", "111114321", "108113740", "101110200", "113119480", "112120270", "97116790", "112119320", "99108520", "108115880", "105120621", "110118630", "110117500", "99117740", "111119930", "104113170", "113119340", "109121640", "109120560", "107114490", "113118421", "102116500", "108119550", "101112201", "103120290", "103112641", "98107340", "109114651", "110118111", "110118930", "99109780", "111116290", "109117271", "110119030", "104111880", "112116900", "105115380", "110116300", "113118231", "108116070", "113122510", "111120190", "110114321", "113120540", "106121190", "111116990", "109114270", "107112840", "113121220", "103109021", "106116850", "104111550", "108118630", "111121351", "105114220", "97106770", "104113550", "98110810", "101110740", "106117650", "108120621", "110115890", "113121190", "109117110", "99110730", "107119130", "108115250", "112121360", "104117630", "100113210", "101108370", "112118930", "107118490", "105118740", "108116501", "104116800", "101110150", "104114740", "113118820", "99108010", "100108580", "110118121", "98116940", "113119450", "97105760", "111116090", "111115620", "106120640", "110120640", "104111620", "110115140", "102110500", "110118181", "99108710", "108117360", "98108150", "106119580", "111119250", "99117630", "107120260", "104111780", "102113210", "112117660", "111118820", "110119891", "105113330", "97112300", "100109330", "97105580", "108113700", "102109910", "99107630", "108118810", "106113360"], "labels": [0, 1, 3, 0, 3, 2, 3, 0, 1, 1, 3, 1, 1, 0, 2, 1, 1, 0, 0, 1, 3, 0, 0, 0, 0, 3, 2, 0, 3, 1, 3, 2, 3, 0, 2, 1, 2, 3, 1, 1, 1, 2, 1, 3, 0, 0, 1, 3, 3, 1, 1, 0, 2, 3, 0, 3, 1, 1, 2, 2, 0, 0, 3, 3, 1, 3, 3, 1, 2, 3, 1, 3, 2, 0, 3, 1, 3, 0, 3, 1, 1, 0, 3, 3, 1, 1, 3, 1, 1, 2, 1, 1, 3, 1, 1, 3, 0, 0, 1, 1, 2, 1, 0, 1, 1, 2, 0, 2, 0, 3, 2, 3, 0, 3, 1, 3, 0, 0, 0, 3, 1, 2, 1, 0, 3, 1, 3, 1, 3, 3, 0, 0, 3, 3, 2, 0, 1, 0, 2, 2, 1, 0], "predicted_labels": [3, 0, 3, 0, 1, 1, 1, 1, 3, 3, 1, 1, 3, 3, 2, 3, 1, 1, 3, 1, 1, 1, 1, 2, 1, 0, 1, 0, 3, 3, 3, 1, 3, 0, 2, 1, 2, 3, 0, 3, 1, 0, 3, 1, 0, 0, 3, 3, 3, 1, 2, 0, 3, 0, 2, 1, 3, 1, 2, 2, 3, 3, 3, 3, 2, 1, 1, 3, 3, 3, 0, 1, 3, 0, 3, 1, 3, 0, 2, 3, 3, 0, 0, 2, 0, 1, 2, 1, 1, 1, 0, 3, 2, 1, 3, 0, 1, 3, 3, 3, 2, 3, 3, 0, 1, 3, 0, 1, 3, 3, 3, 0, 3, 0, 3, 1, 3, 1, 3, 0, 2, 1, 0, 2, 1, 3, 2, 0, 1, 1, 1, 0, 1, 0, 0, 1, 1, 3, 0, 1, 3, 3], "confidence_scores": [[0.02826419285352564, 0.45291237413800256, 0.03655559316881552, 0.48226783983965643], [0.7757316530951232, 0.13445531848280262, 0.08481753518427572, 0.004995493237798472], [0.02409409702325728, 0.012217328433534009, 0.0032865029797402414, 0.9604020715634685], [0.8009124432768949, 0.1434291751798652, 0.03041915532438225, 0.02523922621885772], [0.013012230445945412, 0.47860348161198873, 0.2045487194273218, 0.30383556851474397], [0.01085197998862021, 0.5200247985488318, 0.4446788954174605, 0.024444326045087537], [0.1520419423800304, 0.3333782077432421, 0.19810193004745663, 0.31647791982927087], [0.10235630557443372, 0.7166301849003474, 0.0384051746266703, 0.14260833489854852], [0.19025126667598535, 0.11251410530098678, 0.07657645127813738, 0.6206581767448904], [0.0002893668283354278, 0.0011239651107329877, 0.000931670638325398, 0.9976549974226062], [0.03750485870898743, 0.6112154869174593, 0.0020383987789135425, 0.34924125559463964], [0.12347096693310303, 0.6103989680950402, 0.05505301186301785, 0.2110770531088389], [0.17235332526118996, 0.2691597423384308, 0.08322132691300548, 0.47526560548737384], [0.003814625010832212, 0.02003877795858134, 0.002912099000714368, 0.9732344980298722], [0.03186390222904566, 0.007303230730604779, 0.4867074747345852, 0.47412539230576434], [0.04239478955983031, 0.10636505688452122, 0.1744861623328507, 0.6767539912227978], [0.00440526106062245, 0.8562412332997726, 0.07504073960442706, 0.06431276603517791], [0.3119430978056966, 0.5084010486326819, 0.03894685599328363, 0.14070899756833777], [0.270251702019751, 0.08254292811950394, 0.2232788526692637, 0.42392651719148144], [0.22282234055378128, 0.7041916990518982, 0.02028284698166365, 0.05270311341265679], [0.089270554139075, 0.6865488511694966, 0.1510100224875279, 0.07317057220390044], [0.013088803127445954, 0.8385994681533407, 0.021482179268760726, 0.1268295494504526], [0.0480835882747342, 0.6669085973011415, 0.2616689016207216, 0.023338912803402685], [0.01967655195534735, 0.2860344989978782, 0.5026952144090558, 0.1915937346377186], [0.12569232609366995, 0.3774716077667344, 0.20090727730265326, 0.2959287888369425], [0.7403376297605663, 0.035359445929144646, 0.007376497064360274, 0.2169264272459289], [0.0038246525590740956, 0.9828297930430963, 0.006465205657540742, 0.006880348740288848], [0.6122091073141719, 0.020833343778072777, 0.15998419922252222, 0.206973349685233], [0.03259423449491406, 0.04996742170961597, 0.0509886283182844, 0.8664497154771856], [0.0619052089867755, 0.19560504577945934, 0.02647548633742918, 0.7160142588963359], [0.18164844448873643, 0.04078281794971463, 0.17264395725273404, 0.6049247803088149], [0.019297975227258984, 0.6582877567453023, 0.02598494643619879, 0.29642932159123986], [0.38007559592806117, 0.08720697471850303, 0.05645655699642728, 0.47626087235700837], [0.6893003542968273, 0.08060614174153627, 0.008382187714241736, 0.2217113162473946], [0.15838131721438373, 0.2430462865115271, 0.5599621195937289, 0.03861027668036037], [0.009500798398131902, 0.7403517920861928, 0.03731011032728428, 0.21283729918839098], [0.0458523635917202, 0.2659103707062936, 0.6472190488717068, 0.041018216830279314], [0.02647275852245494, 0.028459135680605836, 0.003704685626367004, 0.9413634201705722], [0.6244865377805461, 0.09006418990143696, 0.0026161702504393174, 0.28283310206757784], [0.04688346708268009, 0.005689631842705613, 0.12117950797715243, 0.8262473930974619], [0.4356381445841145, 0.4633382887357055, 0.01619135306617521, 0.0848322136140048], [0.6235744419035035, 0.1960490437776634, 0.09163459999276594, 0.08874191432606711], [0.12884879234985003, 0.008330967420937113, 0.019599453379362152, 0.8432207868498507], [0.3854079132922218, 0.5342239931809305, 0.06315424410733635, 0.017213849419511474], [0.8773582372089203, 0.08464876755486357, 0.0015620531650341212, 0.03643094207118214], [0.33451374128952366, 0.2455320969846184, 0.10068507507211324, 0.3192690866537447], [0.06161299343086168, 0.013624873338542462, 0.018311957567047923, 0.906450175663548], [0.12744369573955794, 0.3254572651249028, 0.2032979948875272, 0.34380104424801206], [0.1514631516357162, 0.023998101124064836, 0.02829785309371677, 0.7962408941465021], [0.15036432186976795, 0.46723360197426644, 0.27383438895693585, 0.10856768719902979], [0.013228850207364968, 0.093296785919105, 0.764186791961288, 0.12928757191224188], [0.5326277361587864, 0.20855138764310474, 0.015433281787075216, 0.24338759441103353], [0.11834962028862894, 0.32817881065116444, 0.17290361825712233, 0.3805679508030842], [0.3824993521958183, 0.19825548910572682, 0.07184315364779705, 0.34740200505065794], [0.028365102066497616, 0.032690564915466166, 0.9111766687255586, 0.02776766429247772], [0.16067691326131245, 0.4341657178672994, 0.009711236924749433, 0.39544613194663875], [0.2830991996845394, 0.22794703986004716, 0.1774342989857095, 0.3115194614697039], [0.002763288112126922, 0.8112571260478789, 0.04636043243942457, 0.13961915340056955], [0.042996003408664954, 0.031859559813444516, 0.8848156721966721, 0.04032876458121837], [0.06575350700011695, 0.13459795156220125, 0.6810747468744341, 0.11857379456324775], [0.03413922992206404, 0.028008867567851675, 0.006979776683891199, 0.9308721258261932], [0.0037867997505060974, 0.08835905932832765, 0.0027981996341695935, 0.9050559412869966], [0.0013963383592012104, 0.43282486503512324, 0.10020764754808534, 0.4655711490575901], [0.46427796619620365, 0.027247280127463042, 0.04120367542720017, 0.4672710782491332], [0.03343181514381981, 0.20807931489149037, 0.6952651389157389, 0.06322373104895097], [0.06628739379152011, 0.6543422431109431, 0.060353233217360115, 0.21901712988017655], [0.1490909007238904, 0.45745141737886225, 0.30584897818837825, 0.08760870370886915], [0.24386096472247878, 0.2485216003972054, 0.21453533292338423, 0.2930821019569315], [0.03621708891215513, 0.2773142178425774, 0.18869772202532845, 0.4977709712199389], [0.10703418464282716, 0.021908067610027976, 0.16272257512588165, 0.7083351726212632], [0.4562830836797621, 0.12291516887521409, 0.1847196896282022, 0.23608205781682162], [0.20137107595626225, 0.6987630629889311, 0.0586467964668949, 0.041219064587911795], [0.014280611582097546, 0.2800965712138307, 0.28474079077204656, 0.4208820264320252], [0.6747170838991327, 0.013522458862256238, 0.007051579924971325, 0.3047088773136399], [0.021965873354158703, 0.027387704147360106, 0.0005701076416439164, 0.9500763148568372], [0.004728515338022539, 0.9823452663439819, 0.009005998982615207, 0.003920219335380134], [0.24415603373948785, 0.11315803904733675, 0.12485391149311163, 0.5178320157200638], [0.46085322176121907, 0.04599529074149114, 0.06228430420122107, 0.4308671832960688], [0.07349514061219689, 0.08672532561469014, 0.8230541458499532, 0.01672538792315972], [0.017775463296952745, 0.03357215079364706, 0.33440420391660486, 0.6142481819927953], [0.00496742467464495, 0.0047878745666073246, 0.13379470547050634, 0.8564499952882413], [0.8691397169572811, 0.12097073019492685, 0.002078939455624916, 0.00781061339216724], [0.5577100868096229, 0.07869026485130842, 0.07171154678009728, 0.2918881015589716], [0.05477078402381462, 0.051921651850316775, 0.8018381594151482, 0.0914694047107203], [0.5183026404284191, 0.26351585618302004, 0.05154285849332032, 0.1666386448952406], [0.028550501613213045, 0.3813114051242505, 0.3757536909773816, 0.214384402285155], [0.1114284816338201, 0.29254476037837013, 0.3356674084139538, 0.2603593495738559], [0.08178217178991985, 0.6239582197043861, 0.24692819221753634, 0.04733141628815764], [0.31355458836908073, 0.36404404748601576, 0.15330529159771758, 0.16909607254718606], [0.09479088176098688, 0.7738127101594153, 0.11207909378192353, 0.019317314297674207], [0.4390091109095266, 0.06540879483756878, 0.1318376024190393, 0.3637444918338652], [0.034688955041408, 0.03797165701806096, 0.05329009726022599, 0.8740492906803051], [0.0021584368340961655, 0.04000422512979032, 0.8570177325244223, 0.10081960551169138], [0.14181503937682827, 0.3456434747954466, 0.18133819712024873, 0.33120328870747634], [0.04062428231034124, 0.0028671654158935345, 0.056876697024867445, 0.8996318552488978], [0.43200231650319837, 0.4291199344202685, 0.028358911626012038, 0.11051883745052109], [0.00791919265453612, 0.7785053788015749, 0.08915601418032859, 0.12441941436356053], [0.14551623782801706, 0.20014853604925814, 0.04772044532583615, 0.6066147807968887], [0.18920091812722126, 0.20451870074957068, 0.011503956535741513, 0.5947764245874665], [0.3112971413244028, 0.14240933050564053, 0.008770161653942253, 0.5375233665160144], [0.2214809411576608, 0.2118715512092306, 0.5586937330894531, 0.007953774543655447], [0.020142825704323533, 0.16863470846007855, 0.38620568234185443, 0.42501678349374356], [0.02654628247401049, 0.08703286371665185, 0.021566899226666773, 0.8648539545826709], [0.36433536702720615, 0.3620405436239301, 0.007911530268491318, 0.2657125590803723], [0.012561495508638804, 0.9015311108076115, 0.06142807243079075, 0.024479321252959173], [0.007079770417073371, 0.011194486218339716, 0.2304905220631728, 0.7512352213014141], [0.8318187122814782, 0.11292490685536946, 0.002848894893749182, 0.0524074859694031], [0.05159218988120426, 0.7601961431165986, 0.10153560620545102, 0.08667606079674633], [0.37307974905420616, 0.05486820032440744, 0.16185004064434097, 0.4102020099770454], [0.0187483176013605, 0.15340558902128842, 0.02246685258421185, 0.8053792407931393], [0.08478407504771807, 0.2748484034906084, 0.08258493791859273, 0.5577825835430807], [0.4384817446605541, 0.16183720437335136, 0.12481121621939849, 0.2748698347466961], [0.4152389290949285, 0.13679363725190027, 0.004325084749986456, 0.4436423489031847], [0.5093051685174621, 0.2587685927528614, 0.018232982858265502, 0.21369325587141103], [0.16341886833806166, 0.018225804872649003, 0.13696531235468998, 0.6813900144345993], [0.02198793847220188, 0.5844449410211014, 0.275431001017294, 0.11813611948940268], [0.45330587981242565, 0.0012249987527428363, 0.013476338763713654, 0.5319927826711178], [0.35238072174358237, 0.4088252375321622, 0.020605607664198496, 0.2181884330600569], [0.4338344850793805, 0.03402398748018037, 0.038726630996518935, 0.4934148964439202], [0.6031291424980423, 0.017665042786800547, 0.1570521204752789, 0.22215369423987824], [0.16043484499440963, 0.38922050366166855, 0.43257612853510385, 0.01776852280881799], [0.007819407728016344, 0.9759411156689445, 0.014079176494682162, 0.002160300108357192], [0.4560073933153613, 0.14525520609077047, 0.3012333148439309, 0.09750408574993735], [0.09814814561848795, 0.012585361196520109, 0.8366624687729182, 0.05260402441207384], [0.005227785454530041, 0.782443939690743, 0.18295295741631504, 0.029375317438412023], [0.40463351091134425, 0.006618355184696441, 0.013372472228681752, 0.5753756616752774], [0.13338153411597437, 0.08869877915708214, 0.4870499135199391, 0.29086977320700447], [0.4207979929402968, 0.10092028200150495, 0.24571529089090216, 0.232566434167296], [0.13467526361001075, 0.7158425090266198, 0.036887557868602795, 0.11259466949476665], [0.004604528557931259, 0.7029404685037316, 0.11442395590242205, 0.17803104703591516], [0.2012864248497052, 0.4271797182886307, 0.021353001298800564, 0.3501808555628635], [0.8902413440688556, 0.05778890332916327, 0.002496943139773479, 0.04947280946220769], [0.3537414615878057, 0.6184879537439189, 0.01003868282842507, 0.017731901839850395], [0.5262179196758477, 0.05020286110206699, 0.012817091784414246, 0.41076212743767093], [0.5716392183356569, 0.01954928335313042, 0.21613314828964075, 0.1926783500215719], [0.18293786073029572, 0.5690868442390818, 0.08741038732098404, 0.16056490770963833], [0.000941342998655564, 0.9927231466373375, 0.003328188760966902, 0.003007321603040092], [0.07132596885070702, 0.40044315464055913, 0.07086230454593513, 0.4573685719627986], [0.3571974859171457, 0.17079364775749328, 0.16434789674191, 0.30766096958345107], [0.18227807312522526, 0.48290659970402033, 0.01368696143142809, 0.3211283657393264], [0.14420679248813134, 0.3327358797689091, 0.16749576065009372, 0.35556156709286574], [0.056597525054281575, 0.052929739068975336, 0.01251442434827951, 0.8779583115284635]]}, "rewritten": {"ids": ["97105580", "97105760", "97106770", "97112290", "97112300", "97116790", "98106880", "98107340", "98108150", "98108370", "98110810", "98116940", "99107630", "99107660", "99108010", "99108520", "99108710", "99109780", "99110730", "99117630", "99117740", "100108580", "100109330", "100113210", "101108370", "101108580", "101110150", "101110200", "101110740", "101112201", "101114020", "102109910", "102110500", "102113210", "102113350", "102116340", "102116500", "103109021", "103110220", "103112641", "103120290", "104111550", "104111620", "104111780", "104111880", "104113170", "104113550", "104114740", "104116800", "104117630", "105110091", "105113330", "105113620", "105114220", "105115380", "105118740", "105120621", "106113360", "106116441", "106116850", "106117650", "106117790", "106119580", "106120640", "106121190", "107112840", "107113840", "107114490", "107116300", "107118490", "107118780", "107119130", "107120260", "107121230", "108113480", "108113700", "108113740", "108115070", "108115250", "108115880", "108116070", "108116501", "108117360", "108118630", "108118810", "108119550", "108120621", "108121410", "109114270", "109114651", "109117110", "109117150", "109117271", "109120560", "109121640", "110114321", "110115140", "110115890", "110116300", "110117500", "110118111", "110118121", "110118181", "110118630", "110118930", "110119030", "110119891", "110120540", "110120640", "111114321", "111115620", "111116090", "111116290", "111116530", "111116990", "111118820", "111119250", "111119930", "111120190", "111120540", "111120640", "111121351", "112116501", "112116640", "112116900", "112117660", "112118930", "112119320", "112120270", "112121360", "112121430", "113118231", "113118421", "113118490", "113118820", "113119340", "113119450", "113119480", "113120540", "113121190", "113121220", "113122510"], "labels": [1, 0, 3, 1, 2, 2, 0, 0, 0, 1, 1, 2, 2, 3, 2, 2, 2, 2, 3, 3, 2, 0, 0, 0, 1, 0, 1, 2, 3, 0, 3, 2, 3, 3, 3, 3, 1, 0, 2, 3, 2, 1, 0, 3, 3, 3, 1, 2, 1, 0, 0, 3, 0, 3, 1, 1, 1, 0, 0, 3, 1, 1, 3, 3, 2, 1, 3, 3, 0, 2, 1, 1, 1, 0, 0, 0, 3, 1, 1, 3, 1, 0, 1, 1, 1, 1, 1, 0, 3, 3, 1, 2, 0, 1, 0, 1, 0, 2, 3, 1, 1, 3, 1, 1, 1, 0, 3, 1, 0, 1, 1, 3, 2, 3, 0, 0, 1, 1, 3, 1, 0, 0, 3, 0, 3, 0, 1, 1, 0, 3, 2, 3, 3, 1, 0, 0, 3, 3, 3, 1, 3, 2], "predicted_labels": [1, 1, 2, 3, 3, 2, 1, 2, 2, 3, 1, 3, 1, 0, 1, 2, 1, 2, 2, 2, 1, 3, 3, 3, 0, 0, 1, 3, 2, 1, 1, 0, 3, 1, 1, 1, 2, 0, 2, 3, 2, 2, 3, 1, 1, 1, 0, 3, 3, 1, 0, 1, 2, 0, 2, 1, 0, 0, 1, 2, 1, 3, 1, 1, 3, 1, 1, 1, 1, 1, 3, 3, 0, 3, 1, 3, 3, 1, 3, 3, 1, 3, 0, 3, 3, 2, 0, 3, 3, 3, 3, 1, 3, 3, 3, 0, 0, 1, 3, 1, 0, 3, 1, 3, 1, 3, 1, 1, 3, 3, 3, 0, 3, 1, 3, 0, 0, 3, 3, 0, 1, 0, 3, 1, 3, 0, 0, 1, 3, 1, 1, 2, 3, 3, 0, 0, 0, 3, 1, 0, 3, 1], "confidence_scores": [[0.0027637312044081017, 0.9763438127512383, 0.008395348548517412, 0.01249710749583641], [0.3128074651870786, 0.5227755035092636, 0.0025123126712688704, 0.1619047186323888], [0.10322365906436949, 0.015997364544427572, 0.8082644649992021, 0.07251451139200078], [0.23890978653804595, 0.18527644418509154, 0.020650065243523266, 0.5551637040333391], [0.29828482071713375, 0.018732477164082356, 0.2022814962333704, 0.4807012058854135], [0.25364034554449016, 0.30107312642684236, 0.3761949462976231, 0.06909158173104439], [0.11536643923069541, 0.7777210400944716, 0.09592280983191383, 0.010989710842919134], [0.019284831829014127, 0.12551472893075707, 0.8406460888623778, 0.014554350377850911], [0.22964810607792638, 0.021342809236230418, 0.6804157853388589, 0.0685932993469844], [0.0712388291349341, 0.15466238408035016, 0.2252500843504349, 0.5488487024342809], [0.03799527294306861, 0.5823649915633846, 0.2968019561399659, 0.08283777935358082], [0.049550128734695775, 0.4237416339555118, 0.10204516489580288, 0.4246630724139897], [0.2567099617017694, 0.5129677826638915, 0.10004088036732253, 0.13028137526701639], [0.6981689666862022, 0.05362359088462015, 0.009189000476038005, 0.23901844195313973], [0.02730410838415035, 0.8541328309192531, 0.05205352858083718, 0.06650953211575938], [0.05419720865098372, 0.13045113153245425, 0.5563479295502425, 0.25900373026631945], [0.005616388064454788, 0.9210636055967434, 0.06805376140168323, 0.0052662449371186975], [0.019258530460173374, 0.05866883917864375, 0.885050916855388, 0.037021713505795015], [0.0010152535758420037, 0.022143053286269785, 0.9344789168043965, 0.042362776333491496], [0.0850899903372704, 0.1389525986407895, 0.4573697705087535, 0.3185876405131866], [0.23710396693686359, 0.6317966910533677, 0.058018733922641286, 0.07308060808712744], [0.24936955517516957, 0.05506150160432165, 0.3028573203662999, 0.39271162285420885], [0.21427892693299688, 0.23838487240202672, 0.11564815718823114, 0.4316880434767451], [0.10422611952586436, 0.07503182048714786, 0.1093456743807657, 0.7113963856062222], [0.4610518122922653, 0.11236847068149383, 0.007632287512362679, 0.41894742951387826], [0.6123199797610541, 0.013197934032488217, 0.09133564553791464, 0.283146440668543], [0.02097706434659569, 0.7930571639363054, 0.10800493515832167, 0.07796083655877721], [0.010002430054823775, 0.025152665224441272, 0.017762329704827724, 0.9470825750159072], [0.07196523227086843, 0.2358239440475791, 0.3704160789584566, 0.3217947447230958], [0.16051746201539757, 0.44294346370421306, 0.02741091074484937, 0.3691281635355399], [0.11354343894716937, 0.4884012647833551, 0.08700046268952367, 0.31105483357995173], [0.6117979230933942, 0.08543620142660724, 0.09456470562737651, 0.20820116985262196], [0.3063187004400175, 0.015427440978606776, 0.06185361544520188, 0.6164002431361738], [0.04255195960570546, 0.5053087480890004, 0.3103190490465991, 0.1418202432586951], [0.030096893380613846, 0.8673701060075388, 0.057432964070513425, 0.04510003654133392], [0.08533960957252298, 0.41709325169780787, 0.3881708344033618, 0.10939630432630724], [0.1712846001892355, 0.18174048183441147, 0.5720204779666249, 0.07495444000972815], [0.752125114686763, 0.022742449161535058, 0.08176001571305633, 0.1433724204386456], [0.19201150986154994, 0.14539806819212034, 0.5100216553316586, 0.1525687666146711], [0.1535537535148835, 0.37214668907628656, 0.039590709703317545, 0.43470884770551244], [0.14736866623775985, 0.18468603894670657, 0.43068166221117266, 0.23726363260436087], [0.05115121001285331, 0.06519457823137344, 0.4540789418614907, 0.4295752698942826], [0.46237345395220303, 0.014277232595707703, 0.006348236494157606, 0.5170010769579316], [0.08491117493537273, 0.8132355088606759, 0.026257354072432782, 0.07559596213151874], [0.00272949708167869, 0.7405550584510324, 0.04373273832080296, 0.21298270614648587], [0.14750981498285037, 0.6718855326834803, 0.15620167448691613, 0.024402977846753285], [0.45911660834900087, 0.26417948302681565, 0.10397403905623033, 0.17272986956795308], [0.02606456489468926, 0.011718988106738902, 0.14464542627492735, 0.8175710207236444], [0.34743455192438855, 0.07281312126543305, 0.0020515092442633717, 0.5777008175659151], [0.021805967614748213, 0.6891610869514737, 0.06737209296191843, 0.22166085247185963], [0.9524048226924272, 0.029102774861245108, 0.015980580798374187, 0.002511821647953467], [0.30662238154588656, 0.3954688172430776, 0.044601878392155035, 0.25330692281888073], [0.037473817611730784, 0.2550013895333204, 0.5549533542217072, 0.15257143863324163], [0.7495996061495264, 0.0604782179526824, 0.04648077061100512, 0.14344140528678628], [0.03120062572564353, 0.16700565585959878, 0.7816770218823488, 0.020116696532408898], [0.07563397233254888, 0.5154662462063225, 0.2845778971966927, 0.12432188426443587], [0.7308609879103616, 0.10600970999585527, 0.004555961969928912, 0.1585733401238542], [0.37242798716050524, 0.19004798965117056, 0.19709600259611887, 0.24042802059220536], [0.022405093626225617, 0.616583157623462, 0.020192667416815992, 0.3408190813334962], [0.0212662994418065, 0.04613895663137818, 0.8119649931280093, 0.12062975079880607], [0.018137205598758203, 0.7117100649494309, 0.24540937219457382, 0.02474335725723708], [0.017710739662842687, 0.3804934653587364, 0.1593115390333344, 0.4424842559450866], [0.0026308000767502485, 0.9841534565229101, 0.010949445825311804, 0.0022662975750280087], [0.2644026351044048, 0.4312899062066161, 0.17909907501510838, 0.12520838367387083], [0.006533288362085662, 0.010374113136991882, 0.04093119784597291, 0.9421614006549496], [0.1228598605021591, 0.8537539026589638, 0.017442988036129727, 0.005943248802747276], [0.13792883482447893, 0.7089121376129175, 0.013258908681487165, 0.13990011888111653], [0.027296942843487968, 0.7773238698599925, 0.0701285707702613, 0.12525061652625827], [0.4448912011192258, 0.49517083637845943, 0.010136274860791227, 0.049801687641523394], [0.2144419232392544, 0.4478518268683529, 0.3292768866362355, 0.008429363256157339], [0.051469348848589475, 0.3366139224732326, 0.04733852255526933, 0.5645782061229087], [0.2879584448999843, 0.08668944846548558, 0.016260305410536087, 0.609091801223994], [0.7044660026739357, 0.02175191740624978, 0.050728818238077206, 0.2230532616817375], [0.3362361234165137, 0.019875012124680767, 0.11965372767827448, 0.5242351367805311], [0.012364376863977948, 0.6904995440945153, 0.04496077871592628, 0.25217530032558044], [0.025528700992802376, 0.1903216154466095, 0.1303027457335712, 0.653846937827017], [0.10604143688744626, 0.06859760203896256, 0.2205392607791334, 0.6048217002944577], [0.14074300805659407, 0.64726930046691, 0.025111138187315366, 0.1868765532891806], [0.035985711008188974, 0.0006506504258562918, 0.07127679764216954, 0.8920868409237851], [0.10819478102539984, 0.40779435640304557, 0.04459337773204791, 0.43941748483950677], [0.03174614390376192, 0.4882862308050609, 0.24348818396290675, 0.23647944132827048], [0.18332972774609207, 0.1355991332023003, 0.0273242523702678, 0.6537468866813397], [0.43759143007316625, 0.15283825732767553, 0.37099402932494746, 0.03857628327421069], [0.029378948305211317, 0.04123309743891998, 0.05143057241693574, 0.8779573818389329], [0.252609035948053, 0.10879136093423535, 0.05570093560660972, 0.582898667511102], [0.03494377077537818, 0.14800349894563525, 0.5925180610250222, 0.22453466925396431], [0.8331638679373082, 0.07293820695668218, 0.023657299743617893, 0.07024062536239158], [0.003793333045302091, 0.06573348959863214, 0.005599450550420855, 0.924873726805645], [0.1595013478443632, 0.10842663491978553, 0.0033099417792758806, 0.7287620754565753], [0.1224902468729218, 0.346301174456301, 0.009266863413148481, 0.5219417152576288], [0.007711501172829539, 0.03108298047674984, 0.016876997695162748, 0.9443285206552579], [0.016620760925838345, 0.9658471429918419, 0.013032066640285406, 0.004500029442034309], [0.06889653779725838, 0.43327655077064436, 0.026991521637698555, 0.4708353897943987], [0.0896782709164389, 0.003646879053590425, 0.02903032544539971, 0.877644524584571], [0.27846728529570125, 0.16624304603495907, 0.21251435594199738, 0.3427753127273423], [0.6686181150506716, 0.1448877051894427, 0.06358715472724695, 0.12290702503263873], [0.41657000235332076, 0.09204968367805065, 0.10135614431494176, 0.39002416965368697], [0.07447241577974975, 0.8572067664681627, 0.04757481937502811, 0.02074599837705945], [0.1409359690151132, 0.3478560231557239, 0.0709562808387752, 0.4402517269903877], [0.35446485292529045, 0.453535057222097, 0.018140953104988155, 0.1738591367476243], [0.8528080669005109, 0.05819014463624883, 0.012071512874802763, 0.07693027558843739], [0.2259603498619674, 0.2340469921556443, 0.010114982629190963, 0.5298776753531973], [0.010489915502582586, 0.6401935932710141, 0.32596678115882355, 0.02334971006757979], [0.11297218256389921, 0.008343960498721315, 0.022373099900706933, 0.8563107570366726], [0.0324223323715584, 0.6623278118749228, 0.03354372127308648, 0.2717061344804322], [0.010991937068431355, 0.43501170320673443, 0.009606582017994834, 0.5443897777068394], [0.1608479909371914, 0.8087685287094923, 0.012206825815680203, 0.018176654537636065], [0.008622603039555348, 0.8966394072531587, 0.04046273066171831, 0.05427525904556758], [0.2478997482617729, 0.0015024296058528635, 0.04182295137655824, 0.708774870755816], [0.12828293869628746, 0.060983669242668126, 0.03778122460469013, 0.7729521674563542], [0.11987812592508745, 0.028234062234252188, 0.2280273683947333, 0.623860443445927], [0.4026512407526049, 0.27970588279906805, 0.009625476198749741, 0.3080174002495773], [0.03311402938272738, 0.2599062261651606, 0.32480696208095616, 0.3821727823711558], [0.0705132010943512, 0.8028050427506634, 0.0023984391489026693, 0.12428331700608253], [0.3526340276881157, 0.155905953119847, 0.0335738293283537, 0.4578861898636836], [0.789028192244195, 0.10708088489039887, 0.011047988894517037, 0.09284293397088923], [0.7615296104426519, 0.009781307285222788, 0.03970028140299652, 0.18898880086912886], [0.10135725140546056, 0.013175177819104785, 0.018990278771593948, 0.8664772920038408], [0.18627704382625812, 0.052172144467145194, 0.27534769697816364, 0.4862031147284331], [0.6245678821970051, 0.313524402412898, 0.060223385723574406, 0.0016843296665225722], [0.09108368097124915, 0.4313336550756091, 0.22457164891279816, 0.2530110150403436], [0.810741086813176, 0.15823454201603895, 0.011271932633339019, 0.019752438537446026], [0.07084108615753, 0.029495401060348852, 0.007579025198534305, 0.8920844875835869], [0.032976137494863486, 0.8639219088535584, 0.021830800316019697, 0.0812711533355584], [0.07718435282170123, 0.2559420938883043, 0.015341947273338296, 0.6515316060166563], [0.6572611386196064, 0.2060363144469885, 0.009167816019226446, 0.12753473091417855], [0.613254518572467, 0.17174259091953537, 0.0023441774558211753, 0.21265871305217654], [0.006572035888732518, 0.8178067713878315, 0.06541237198567747, 0.11020882073775833], [0.15327184457096135, 0.240452046158351, 0.015929136763896835, 0.5903469725067907], [0.28907116717732745, 0.48671440483867745, 0.026492802168873987, 0.19772162581512115], [0.008022303580583869, 0.42046551888409767, 0.2914298663564567, 0.2800823111788618], [0.20213232679843665, 0.20464131933472385, 0.5308931930944996, 0.062333160772340065], [0.2776781411698511, 0.03330820383514718, 0.08205845755885205, 0.6069551974361497], [0.0003554504819512625, 0.0018426074658602796, 0.00041938478931432556, 0.9973825572628741], [0.9077757681191064, 0.060223262960945406, 0.006100756954565442, 0.0259002119653825], [0.8546309445875305, 0.08799462360760403, 0.001158129313481186, 0.05621630249138433], [0.4502323068532117, 0.09823853625931554, 0.11722101847583195, 0.33430813841164086], [0.14966148397578508, 0.09210396110261779, 0.028199326926462973, 0.7300352279951342], [0.10775708773847327, 0.8529859273084779, 0.011204073166813088, 0.028052911786235615], [0.6611661075113404, 0.016589887926410307, 0.13974637242055518, 0.1824976321416943], [0.08192173623366701, 0.27855286282877906, 0.17331202728974707, 0.46621337364780685], [0.0007140457882311021, 0.9041050358184359, 0.0788469438104092, 0.016333974582923908]]}}