{"test": {"ids": ["103111830", "111121351", "98109570", "110118111", "101111990", "109114220", "109116930", "109117150", "101108580", "107113360", "112116880", "105113210", "98111620", "98108150", "112118890", "99112641", "102121440", "98121790", "99111340", "112118860", "100110050", "112118530", "111121410", "110119300", "105115250", "111117571", "113118421", "109118161", "101108121", "102112030", "109116170", "101111310", "110116501", "103111170", "110114920", "97105760", "109115070", "111117120", "102109910", "109117730", "112118421", "108115570", "113122180", "104111830", "113120280", "110117200", "101117580", "99113260", "109121640", "99108000", "110115890", "99107500", "112118930", "104111531", "107120880", "102110240", "110120190", "97113260", "105111990", "106115120", "107116340", "109115380", "110113931", "110115250", "113118111", "102112250", "111118301", "111116990", "99107630", "109119460", "113118870", "107113550", "112118511", "111119930", "98110710", "107120130", "113119950", "109118701", "98120010", "105116441", "98107340", "110118930", "107118490", "111119290", "104114230", "97105451", "100108080", "110121720", "102121700", "109120621", "106112770", "112118701", "106118820", "110120531", "97105960", "106113190", "108120700", "101109370", "104111380", "110121140", "110115710", "103120531", "103110100", "103120730", "108121190", "107112850", "103111930", "109117110", "97112290", "101108460", "110120700", "109121410", "104113550", "104113210", "100108260", "98107010", "102110050", "112120670", "103110220", "107119950", "99110730", "107114200", "112118161", "108116481", "109120150", "103117461", "100116500", "112119930", "111115620", "107116501", "105115900", "113121190", "101112540", "105112100", "113122430", "113118690", "108120280", "111120220", "100109890", "112116610", "113118231", "100108580"], "labels": [3, 0, 1, 1, 2, 3, 0, 2, 0, 0, 0, 3, 3, 0, 3, 1, 2, 2, 1, 3, 3, 1, 0, 1, 2, 3, 3, 0, 0, 2, 0, 3, 3, 2, 3, 0, 0, 2, 2, 3, 3, 3, 2, 3, 0, 3, 3, 0, 0, 2, 2, 0, 1, 0, 1, 3, 3, 1, 2, 1, 3, 3, 1, 1, 1, 0, 3, 0, 2, 1, 0, 0, 1, 1, 2, 2, 0, 3, 2, 1, 0, 1, 2, 3, 2, 0, 0, 3, 1, 1, 1, 0, 3, 0, 2, 0, 2, 1, 3, 3, 2, 3, 1, 1, 1, 1, 3, 1, 1, 0, 2, 0, 1, 3, 3, 3, 3, 2, 2, 3, 3, 2, 0, 0, 2, 0, 2, 1, 1, 1, 3, 1, 2, 1, 2, 3, 3, 3, 3, 1, 3, 0], "predicted_labels": [0, 1, 1, 0, 1, 3, 0, 1, 0, 0, 1, 3, 1, 1, 3, 1, 1, 1, 1, 1, 1, 1, 1, 3, 1, 0, 1, 1, 0, 1, 3, 1, 0, 0, 1, 1, 1, 1, 3, 1, 3, 3, 3, 1, 3, 1, 1, 3, 3, 1, 1, 1, 3, 1, 1, 1, 3, 1, 1, 3, 3, 1, 0, 1, 1, 3, 0, 3, 3, 1, 1, 3, 3, 1, 2, 3, 3, 1, 1, 1, 1, 1, 1, 3, 1, 1, 3, 1, 3, 3, 1, 1, 1, 0, 3, 3, 1, 1, 3, 3, 1, 1, 3, 1, 1, 1, 3, 1, 3, 1, 1, 3, 0, 3, 1, 1, 1, 1, 1, 3, 1, 1, 1, 3, 1, 1, 3, 3, 3, 1, 1, 1, 1, 3, 1, 1, 3, 1, 3, 1, 3, 1], "confidence_scores": [[0.2939201381951382, 0.2152289987789989, 0.20651357808857812, 0.284337284937285], [0.2649371156621157, 0.2905857836607839, 0.1940058164058165, 0.2504712842712843], [0.26978477633477627, 0.29183698327815977, 0.1608688311688312, 0.27750940921823297], [0.29874346682729025, 0.27900843878343884, 0.154199136974137, 0.268048957415134], [0.19115439642057297, 0.29537705072705067, 0.2408910692248926, 0.2725774836274837], [0.22792926289396892, 0.27711182151182157, 0.17025357730504798, 0.3247053382891618], [0.32209364752894154, 0.2840329827465276, 0.13414709702062658, 0.2597262727039044], [0.21902015794662877, 0.3193133588633587, 0.20019761349761347, 0.26146886969239913], [0.29670732323232335, 0.24844874847374837, 0.1714781163281164, 0.2833658119658121], [0.3112860148021911, 0.2732412414383004, 0.14383915855386445, 0.2716335852056441], [0.2149316072816074, 0.3537901043401043, 0.20781291486291503, 0.22346537351537368], [0.25501643531906715, 0.23850875586401912, 0.18619789099789108, 0.3202769178190231], [0.18018762348762363, 0.3307011932511931, 0.24535064935064937, 0.24376053391053396], [0.21230771010035737, 0.32373317124052403, 0.23034236874236874, 0.23361674991674997], [0.25201073534308827, 0.26416521876815996, 0.21149359855830457, 0.27233044733044753], [0.25097979242979257, 0.31363347763347776, 0.17668297813297837, 0.258703751803752], [0.24931210178710195, 0.2868238650238651, 0.1802067238317239, 0.2836573093573095], [0.22828309921073095, 0.30419253319779643, 0.2075128982128984, 0.26001146937857467], [0.18449944026561674, 0.33564140304140305, 0.2573791153291155, 0.22248004136386507], [0.25582997557997583, 0.2927904317904318, 0.19202817182817195, 0.25935142080142093], [0.19310749805749816, 0.3209704961704961, 0.22433005883005883, 0.2615919469419471], [0.22150614940614943, 0.31672834110334086, 0.19572340437340457, 0.26604210511710513], [0.22996406648906664, 0.3183089022089023, 0.16094061853179498, 0.2907864127702362], [0.26078365719248076, 0.26815828060828073, 0.16977959622077274, 0.3012784659784659], [0.21186679431679442, 0.3293218115218114, 0.18133299478299478, 0.2774783993783996], [0.29692797962271655, 0.28389266844266836, 0.1735394071185093, 0.24563994481610596], [0.24742438672438694, 0.3024657564657566, 0.14861889221889227, 0.3014909645909648], [0.195837742812743, 0.32145096096713754, 0.18020949524331886, 0.3025018009768012], [0.29782847985347977, 0.25438806193806207, 0.18449705849705864, 0.26328639971139983], [0.20224110334110326, 0.29487293817293836, 0.21577013737896097, 0.2871158211069978], [0.23247432771906462, 0.2786344190896824, 0.19883099678099692, 0.2900602564102565], [0.25403122155622165, 0.30410831390831383, 0.18935707348207348, 0.2525033910533911], [0.29260477300477306, 0.278791613941614, 0.1394908313908315, 0.2891127816627817], [0.3203060828060828, 0.24708825063825066, 0.17304897602397612, 0.25955669053169067], [0.26385493166963764, 0.3047497419247419, 0.18705019653549063, 0.24434512987013007], [0.2741979603729605, 0.28440928793428794, 0.1747663336663337, 0.2666264180264182], [0.23731117771117777, 0.365709040959041, 0.1386471556221557, 0.2583326257076257], [0.1925237484737486, 0.32625233655233654, 0.200582561882562, 0.2806413530913532], [0.25526189921189923, 0.2428513660316292, 0.20871507936507938, 0.2931716553913923], [0.24643726273726282, 0.29076499056499067, 0.21148762903762916, 0.2513101176601178], [0.2643864499449641, 0.2935167922720554, 0.14432832167832169, 0.2977684361046592], [0.21792510267510276, 0.29323528138528154, 0.18616626902509267, 0.3026733469145235], [0.23222616827616832, 0.26556535674507825, 0.19501860753625455, 0.3071898674424988], [0.20788474303474316, 0.3359489105665575, 0.20215244363479667, 0.25401390276390273], [0.2719949844273374, 0.2270231823731826, 0.17642094131358851, 0.32456089188589193], [0.2457487959409013, 0.30284181271944416, 0.15749481074481075, 0.2939145805948439], [0.20721195471195472, 0.32651149406149405, 0.1898158147408148, 0.2764607364857365], [0.20532363192363193, 0.2928286019536021, 0.2025553244141479, 0.2992924417086184], [0.25856240981240974, 0.2703857087357088, 0.1833276390276391, 0.28772424242424244], [0.20257983291218598, 0.34977505109269785, 0.19164536215418587, 0.25599975384093043], [0.23269126657656092, 0.3335746536143597, 0.167520667730962, 0.266213412078118], [0.2550344433344435, 0.3193140359640359, 0.1680752025752026, 0.2575763181263182], [0.25068629981129986, 0.28712449217449226, 0.1627277583527585, 0.2994614496614497], [0.26852981381363755, 0.31127368742368755, 0.1797084701246467, 0.24048802863802865], [0.1945676545676547, 0.2878798812298814, 0.24659336219336228, 0.2709591020091021], [0.20498903318903317, 0.29637833277833286, 0.21523345543345557, 0.2833991785991787], [0.254680971805972, 0.25761867021867024, 0.1811293872793873, 0.30657097069597083], [0.22230945998446014, 0.28448705738705754, 0.23531367798867803, 0.25788980463980476], [0.18803315654933309, 0.3489855192193428, 0.19307046482928833, 0.26991085940203596], [0.2419312326562327, 0.25741563991563987, 0.16871870466135186, 0.33193442276677554], [0.2211956931956933, 0.28631402486402474, 0.18763424353424368, 0.30485603840603825], [0.2384323418411656, 0.3191811038634567, 0.18063601316983682, 0.261750541125541], [0.2856675665837431, 0.264499941724942, 0.1665703058379531, 0.2832621858533623], [0.25681975524475537, 0.29204544899544904, 0.1796712426462427, 0.27146355311355325], [0.2568015739162799, 0.31573922188922193, 0.163839111215582, 0.26362009297891664], [0.29144224109224115, 0.20964222999223014, 0.17423741258741263, 0.32467811632811644], [0.29363665582783244, 0.24475136138371453, 0.18900379065379067, 0.27260819213466286], [0.2530444016767547, 0.28159864383982053, 0.1663080142080142, 0.2990489402754107], [0.2515491828948486, 0.23205690420690417, 0.1957613791437322, 0.32063253375451534], [0.20379037074037076, 0.3447158674658677, 0.1881920856920858, 0.2633016761016762], [0.21246635586635595, 0.3193202214452213, 0.19483379398379402, 0.2733796287046288], [0.22918561210031804, 0.27891080586080585, 0.1997843096446038, 0.2921192723942722], [0.26461575091575107, 0.2690264993176759, 0.16428766788766802, 0.3020700818789056], [0.21423761565232155, 0.30585049395049396, 0.19821844495373908, 0.2816934454434454], [0.19672054057054067, 0.2795552614052613, 0.2838139776889776, 0.23991022033522058], [0.24907331279831293, 0.2803908036408037, 0.18724681707181715, 0.2832890664890664], [0.2996845843698784, 0.2460575591075592, 0.15035026917526917, 0.30390758734729323], [0.24781674599909922, 0.2953340143516615, 0.18335342990343007, 0.2734958097458099], [0.2356000329735624, 0.27573480996128075, 0.22057074314574335, 0.26809441391941397], [0.2633153588241824, 0.3285291874791873, 0.1629519258519259, 0.2452035278447045], [0.2129915084915085, 0.2841785028696794, 0.28178140029904747, 0.2210485883397649], [0.1914911255411256, 0.33991544125808837, 0.21860450823686117, 0.24998892496392514], [0.21521520146520162, 0.28239150685915376, 0.2273366669278435, 0.27505662474780135], [0.23749554889554897, 0.2905224664224665, 0.18068636363636364, 0.29129562104562134], [0.20206242646242661, 0.3031706265956267, 0.19306148573648574, 0.30170546120546127], [0.21865457597957608, 0.3152646020646021, 0.17778866966366974, 0.2882921522921524], [0.2113017538017538, 0.26662252747252757, 0.21651496281496288, 0.3055607559107558], [0.2541373543123543, 0.3087393939393939, 0.16139125596625603, 0.2757319957819958], [0.2160694940680235, 0.29835574229691886, 0.18551593961593973, 0.30005882401911815], [0.2567849594849596, 0.26786928790164105, 0.19538826728826736, 0.2799574853251325], [0.19992538017538028, 0.31872599067599056, 0.21516158286158293, 0.2661870462870465], [0.28898136308136313, 0.3150799535861453, 0.12861233745614564, 0.267326345876346], [0.20922191697191717, 0.36960452325452314, 0.1589876512376513, 0.26218590853590873], [0.31375388777888796, 0.27365817515817525, 0.14932310467310472, 0.2632648323898325], [0.21207671217671234, 0.2602092102342104, 0.215838136863137, 0.31187594072594077], [0.19398504551004558, 0.2912279117940884, 0.20757321763204117, 0.3072138250638252], [0.3141267621267621, 0.3232903485403487, 0.1527278055278056, 0.20985508380508397], [0.2371212676212678, 0.30470658034775694, 0.1948092760180996, 0.26336287601287595], [0.2579872294372295, 0.2669883635971873, 0.1941885336885339, 0.28083587327704984], [0.27325671273171276, 0.2675697064373536, 0.14662023695259, 0.312553343878344], [0.23039759847995142, 0.3260030247530247, 0.15728215509980217, 0.2863172216672215], [0.2567323693850011, 0.29329556934293777, 0.1652591491841492, 0.2847129120879121], [0.24333435094317468, 0.2642928737928738, 0.21692876371994033, 0.2754440115440118], [0.2445737770399535, 0.2820021617271617, 0.20910589247353964, 0.26431816875934533], [0.19957802916038225, 0.3640948040951138, 0.1865326816973877, 0.24979448504711674], [0.19280814740814756, 0.36237320457320443, 0.18228942756589822, 0.2625292204527499], [0.22457532467532468, 0.2733141247641248, 0.21044055389055405, 0.2916699966699968], [0.23741878121878135, 0.32359203574203566, 0.1881765512265514, 0.25081263181263186], [0.23634168609168626, 0.2617699522699524, 0.23623626373626372, 0.2656520979020981], [0.2175619630369633, 0.3142312659562658, 0.17328516206016217, 0.29492160894660896], [0.24047279942279956, 0.30033328893328903, 0.16431614774114775, 0.294877763902764], [0.21868360985419816, 0.29888490218931396, 0.15985067073449435, 0.3225808172219938], [0.3301402724726253, 0.21944139145168576, 0.13828441199323557, 0.31213392408245333], [0.2588794372294371, 0.26485696525696545, 0.1918448995448997, 0.28441869796869795], [0.20966383257265622, 0.32651874122609403, 0.1989802189640425, 0.2648372072372075], [0.20259688264951436, 0.3148130385094782, 0.20523916998034664, 0.27735090886066127], [0.2163489343989344, 0.2834711011211011, 0.23053590298590312, 0.2696440614940619], [0.25288917193917193, 0.29041407481407494, 0.18599628427128428, 0.2707004689754689], [0.20692134254634265, 0.31612482794982805, 0.22518762626262634, 0.25176620324120347], [0.22660445387945402, 0.30344295777322083, 0.14348230103230106, 0.3264702873150242], [0.21753700918964083, 0.28000656924774575, 0.2427603840603842, 0.2596960375022295], [0.23475951825951824, 0.32289576534576503, 0.19231271506271508, 0.2500320013320014], [0.2678014874014876, 0.3090170912420911, 0.16421722999223004, 0.25896419136419147], [0.2897958874458875, 0.2541787175672626, 0.14838859669742038, 0.30763679828943], [0.23081529630500233, 0.2915621721845406, 0.19006465984995397, 0.28755787166050345], [0.26157379287379307, 0.35600818625818603, 0.14098344155844164, 0.2414345793095793], [0.2316007797757798, 0.26134365984892316, 0.2338284829205883, 0.273227077454709], [0.2274970251970254, 0.2532774503274506, 0.24469779664779678, 0.27452772782772766], [0.26197954267954277, 0.2761916805416807, 0.1604037740037741, 0.3014250027750028], [0.2573591746488807, 0.35374769397269423, 0.1319487313340255, 0.25694440004440017], [0.2197155566655567, 0.3219721084471085, 0.1699016844266846, 0.28841065046065056], [0.26356868964368974, 0.29839943389943413, 0.1525098124098124, 0.2855220640470643], [0.18880408100671273, 0.34466958947485254, 0.20382999500499496, 0.2626963345134399], [0.24502543567543586, 0.2651319458319458, 0.187784299034299, 0.3020583194583194], [0.22329295981795985, 0.30712844830607994, 0.19374610112110116, 0.27583249075485905], [0.21838598068598092, 0.2918431818181818, 0.20622851315351323, 0.28354232434232435], [0.2612033910533911, 0.2207828357916595, 0.18105800865800875, 0.33695576449694103], [0.2758624060150376, 0.3194227948951632, 0.14758809523809538, 0.2571267038517039], [0.27569319569319567, 0.26758032686268, 0.15933702963702973, 0.297389447807095], [0.27254139749139766, 0.3025106321782792, 0.15695957539192834, 0.26798839493839494], [0.25679329559329567, 0.2773611555111556, 0.16112423687423702, 0.30472131202131225], [0.20830364357864375, 0.29455912143412155, 0.22335666555666564, 0.2737805694305694]]}, "rewritten": {"ids": ["97105451", "97105760", "97105960", "97112290", "97113260", "98107010", "98107340", "98108150", "98109570", "98110710", "98111620", "98120010", "98121790", "99107500", "99107630", "99108000", "99110730", "99111340", "99112641", "99113260", "100108080", "100108260", "100108580", "100109890", "100110050", "100116500", "101108121", "101108460", "101108580", "101109370", "101111310", "101111990", "101112540", "101117580", "102109910", "102110050", "102110240", "102112030", "102112250", "102121440", "102121700", "103110100", "103110220", "103111170", "103111830", "103111930", "103117461", "103120531", "103120730", "104111380", "104111531", "104111830", "104113210", "104113550", "104114230", "105111990", "105112100", "105113210", "105115250", "105115900", "105116441", "106112770", "106113190", "106115120", "106118820", "107112850", "107113360", "107113550", "107114200", "107116340", "107116501", "107118490", "107119950", "107120130", "107120880", "108115570", "108116481", "108120280", "108120700", "108121190", "109114220", "109115070", "109115380", "109116170", "109116930", "109117110", "109117150", "109117730", "109118161", "109118701", "109119460", "109120150", "109120621", "109121410", "109121640", "110113931", "110114920", "110115250", "110115710", "110115890", "110116501", "110117200", "110118111", "110118930", "110119300", "110120190", "110120531", "110120700", "110121140", "110121720", "111115620", "111116990", "111117120", "111117571", "111118301", "111119290", "111119930", "111120220", "111121351", "111121410", "112116610", "112116880", "112118161", "112118421", "112118511", "112118530", "112118701", "112118860", "112118890", "112118930", "112119930", "112120670", "113118111", "113118231", "113118421", "113118690", "113118870", "113119950", "113120280", "113121190", "113122180", "113122430"], "labels": [0, 0, 2, 1, 1, 3, 0, 0, 1, 2, 3, 2, 2, 0, 2, 2, 3, 1, 1, 0, 0, 3, 0, 3, 3, 2, 0, 0, 0, 1, 3, 2, 2, 3, 2, 3, 3, 2, 0, 2, 1, 1, 2, 2, 3, 3, 0, 3, 1, 3, 0, 3, 3, 1, 2, 2, 1, 3, 2, 3, 1, 1, 0, 1, 3, 1, 0, 0, 2, 3, 1, 2, 3, 2, 1, 3, 0, 3, 2, 1, 3, 0, 3, 0, 0, 1, 2, 3, 0, 3, 1, 2, 1, 0, 0, 1, 3, 1, 2, 2, 3, 3, 1, 1, 1, 3, 0, 2, 3, 3, 1, 0, 2, 3, 3, 3, 1, 3, 0, 0, 1, 0, 0, 3, 1, 1, 0, 3, 3, 1, 1, 2, 1, 3, 3, 3, 0, 0, 0, 1, 2, 2], "predicted_labels": [1, 0, 3, 1, 1, 1, 1, 3, 1, 1, 1, 0, 1, 1, 3, 1, 1, 1, 0, 1, 1, 1, 1, 0, 1, 3, 0, 1, 0, 0, 1, 3, 1, 1, 3, 0, 3, 1, 3, 1, 1, 3, 1, 1, 0, 1, 0, 0, 1, 1, 1, 1, 0, 0, 1, 1, 3, 3, 1, 3, 3, 1, 3, 3, 1, 1, 0, 3, 1, 1, 1, 1, 3, 3, 1, 3, 3, 3, 0, 1, 1, 1, 1, 3, 0, 1, 1, 1, 0, 0, 1, 3, 0, 1, 3, 1, 1, 1, 3, 0, 1, 0, 0, 1, 1, 0, 0, 1, 0, 1, 3, 0, 3, 0, 0, 1, 1, 1, 1, 3, 1, 1, 1, 3, 1, 1, 1, 1, 1, 1, 1, 1, 0, 3, 3, 1, 1, 3, 3, 3, 3, 1], "confidence_scores": [[0.2854832602038485, 0.32616370312693854, 0.1478051282051283, 0.24054790846408494], [0.29965632423132443, 0.2724600427350429, 0.14784413568887259, 0.2800394973447605], [0.2504544094794097, 0.27115460601490005, 0.1867618636265696, 0.2916291208791209], [0.20652159964218794, 0.3119999833499834, 0.21188595620066217, 0.2695924608071668], [0.19851885891885906, 0.2864752830502832, 0.23693181818181835, 0.2780740398490399], [0.27168574562692227, 0.2753947960536196, 0.18371832611832623, 0.2692011322011324], [0.23246733168792008, 0.34939154505625103, 0.20657384282384283, 0.21156728043198633], [0.24834705849705868, 0.2705623432123433, 0.20080137640137657, 0.2802892218892221], [0.2676010562107312, 0.3170430776825512, 0.13373132010748107, 0.28162454599923653], [0.22748214563214575, 0.3027284854034854, 0.21049232156732173, 0.2592970473970476], [0.16626698970963688, 0.33962150072150066, 0.23401634199134216, 0.26009516757752066], [0.3092010718040127, 0.23990614352967315, 0.18143305860805875, 0.2694597260582555], [0.2538494077817607, 0.26108876123876135, 0.24139293598558315, 0.24366889499389496], [0.21911199302933046, 0.37568278270577027, 0.14649638510784033, 0.25870883915705917], [0.24888507881007882, 0.2444852702852703, 0.1941802641802642, 0.3124493867243867], [0.22806359196359202, 0.32760309527074205, 0.1813342712842714, 0.2629990414813946], [0.22668419358419373, 0.2991004531416294, 0.23554218559218562, 0.23867316768199148], [0.19582707733443053, 0.30291648906648905, 0.23941675775205212, 0.26183967584702883], [0.3162991184426169, 0.30366370444141333, 0.12638615465202155, 0.2536510224639482], [0.29100898835426703, 0.3203291183962235, 0.14951280561543734, 0.23914908763407244], [0.24271749361749373, 0.27559121229647543, 0.20707745616956144, 0.27461383791646954], [0.22729890273125591, 0.3561034534093354, 0.139120623494153, 0.2774770203652559], [0.23843003108003108, 0.31276199633699653, 0.22144590132090156, 0.22736207126207125], [0.3236311050061051, 0.23869188589188603, 0.14964315129315123, 0.2880338578088578], [0.2250193153251978, 0.29938344041579334, 0.20753295299471777, 0.2680642912642914], [0.23217102064602083, 0.2567477272727274, 0.1915812824430473, 0.31949996963820493], [0.35855731147937, 0.24715316121786718, 0.14238260677231274, 0.2519069205304501], [0.23666589521589534, 0.30966713760096115, 0.1705332076420312, 0.28313375954111253], [0.32687789432789427, 0.25251257353757367, 0.14775440392940406, 0.2728551282051283], [0.28290029447676523, 0.25489338047573346, 0.2012890517978755, 0.26091727324962616], [0.21808443778443803, 0.30646083361083365, 0.2006710012210014, 0.27478372738372747], [0.19767050253667917, 0.279279032079032, 0.2219069810908046, 0.30114348429348436], [0.21102200577200597, 0.33016859251859254, 0.1850111166611167, 0.2737982850482851], [0.21532781107781127, 0.287515897990898, 0.2291726412476414, 0.26798364968364985], [0.26644183120800763, 0.21639764001907982, 0.17480003885003906, 0.342360489922874], [0.301063992990154, 0.280400711019287, 0.17582388065151225, 0.24271141533904705], [0.21632112332112347, 0.28455887445887446, 0.2058853035853036, 0.2932346986346986], [0.19844751522986842, 0.29009917655443973, 0.25342536577629465, 0.25802794243939775], [0.30653247863247884, 0.21296374295639003, 0.1712607031857031, 0.309243075225428], [0.21965781440781457, 0.3164855682329367, 0.18062143587406737, 0.2832351814851817], [0.1975955155955157, 0.3132449078699079, 0.21343365450339136, 0.2757259220311851], [0.23893180904063263, 0.26769478854478873, 0.2124349630761396, 0.2809384393384394], [0.25070121626739283, 0.27528339879075187, 0.2082141889156595, 0.26580119602619623], [0.2732852924852923, 0.3017642163392163, 0.16448081363081365, 0.26046967754467754], [0.3868857603181133, 0.21350494815641885, 0.1214089577089578, 0.27820033381651066], [0.23332853535353565, 0.3012584304584305, 0.20238656066156083, 0.2630264735264737], [0.3117887981299746, 0.28960796311531595, 0.14545760938407998, 0.25314562937062945], [0.3348809176117998, 0.25242063296180955, 0.12649373518638232, 0.2862047142400085], [0.2670130092130094, 0.29665608003108024, 0.15832082362082364, 0.2780100871350872], [0.23795036042388992, 0.3128199666346727, 0.18360448244565905, 0.2656251904957788], [0.21747137307137296, 0.326613913863914, 0.19264053724053729, 0.2632741758241759], [0.2142849123099123, 0.31588237791620133, 0.20087611277611298, 0.26895659699777363], [0.3096140505349484, 0.23273236453089402, 0.15101383665354257, 0.30663974828061513], [0.31024646730118854, 0.24992425107572167, 0.1576193251193252, 0.28220995650376485], [0.22127515817515814, 0.3105878787878789, 0.20074047341547355, 0.2673964896214897], [0.20036572684281678, 0.3386800141379088, 0.16875799592564303, 0.29219626309363145], [0.29199291868262456, 0.24409887694005344, 0.16968227605727618, 0.29422592832004607], [0.2844208874458873, 0.24423451548451572, 0.15218198468198488, 0.3191626123876123], [0.21408375415434244, 0.32289178778737604, 0.1762477256403726, 0.28677673241790896], [0.2636513542013543, 0.2593686369186371, 0.20729356460532944, 0.2696864442746798], [0.27793420975309546, 0.28526893045035473, 0.1412717143967146, 0.2955251453998359], [0.19607005217005238, 0.31933182373182367, 0.21444947829947844, 0.27014864579864595], [0.22362215447950742, 0.2884686150450856, 0.18180303944421602, 0.30610619103119074], [0.3081976911976911, 0.24718120768120783, 0.13400718725718738, 0.3106139138639137], [0.28171434121434136, 0.2994696386946385, 0.16840311910311914, 0.2504129009879011], [0.26152334609834604, 0.28387683150183146, 0.20285028860028878, 0.2517495337995338], [0.43179223386692406, 0.2638254596366826, 0.12098204764791462, 0.18340025884847883], [0.2442027417027419, 0.260059151959152, 0.19023013098013106, 0.3055079753579753], [0.2261564585741058, 0.2936317976141506, 0.18792580197580203, 0.2922859418359419], [0.20927995501230814, 0.30383025308025313, 0.21729024815054243, 0.2695995437568969], [0.29445197188432504, 0.29916866254660374, 0.15159050687874223, 0.25478885869032936], [0.23251245421245434, 0.29398544902809615, 0.19318484220457913, 0.2803172545548707], [0.25769262649115593, 0.26543787168284094, 0.16174821371439027, 0.31512128811161333], [0.26630271068800493, 0.27858934529522766, 0.1680238756341699, 0.2870840683825979], [0.22541982111455813, 0.3107434842934842, 0.17442230547230553, 0.2894143891196523], [0.21803354423354435, 0.2972440365190367, 0.18497902930402935, 0.2997433899433901], [0.2763341741591742, 0.2412442537854303, 0.16266042764425123, 0.3197611444111443], [0.2956687864423158, 0.22343497972615642, 0.1489255716505717, 0.33197066218095633], [0.3515580235124351, 0.2803212201197496, 0.1362731379731381, 0.2318476183946773], [0.21736951936951943, 0.2862385344187978, 0.22076954989454997, 0.27562239631713326], [0.2675021886610122, 0.2982217635305867, 0.15748085770438722, 0.2767951901040139], [0.2413980103230105, 0.31048734043734044, 0.18650086057733128, 0.26161378866231816], [0.23525080099638937, 0.29760232871703457, 0.1975822899322899, 0.2695645803542862], [0.2764432567432569, 0.28169396714396716, 0.1525643800643802, 0.289298396048396], [0.3483020146520147, 0.26968050005550015, 0.09605009990009995, 0.2859673853923855], [0.2327845876345877, 0.3378850668938905, 0.1769515282103518, 0.25237881726117034], [0.21561213818860883, 0.33210633810633816, 0.20924191168308826, 0.24303961202196517], [0.21854382561882565, 0.2869777017100546, 0.22918188200688192, 0.26529659066423783], [0.3056385047529008, 0.2994527194683544, 0.1576483284259601, 0.23726044735278498], [0.345613215585584, 0.27826915094709215, 0.12828302857273458, 0.24783460489458958], [0.20536659451659456, 0.3922696397170081, 0.16238037518037526, 0.2399833905860223], [0.22525964044555372, 0.2832437155122141, 0.17905580024550619, 0.3124408437967262], [0.3371249610296826, 0.21834966144966153, 0.149075329735624, 0.2954500477850325], [0.23717420634920644, 0.2941871888345573, 0.19044889371034895, 0.2781897111058877], [0.25317639305139295, 0.26166351067233423, 0.17695057720057739, 0.30820951907569555], [0.26256219662690267, 0.320259213662155, 0.16859054556554567, 0.2485880441453972], [0.2716905927405929, 0.3176842796092798, 0.13833773448773448, 0.27228739316239325], [0.25508951048951045, 0.2968873626373627, 0.1625518259518261, 0.28547130092130096], [0.2953595543345543, 0.24261562326562344, 0.13620161782661788, 0.3258232045732046], [0.30044323531645506, 0.256915343772155, 0.17666302484065657, 0.26597839607073365], [0.25832698690198685, 0.31119507437007426, 0.13795536685536697, 0.29252257187257213], [0.30893721082838715, 0.2970389481863166, 0.16250815471078636, 0.23151568627451], [0.31923105505605515, 0.3007314685314684, 0.16591646131646132, 0.214121015096015], [0.24623672161172158, 0.3209992424242423, 0.20077833277833285, 0.23198570318570333], [0.2101849413658239, 0.3094933935345698, 0.19049741255476543, 0.289824252544841], [0.3004189775910363, 0.2503735938897705, 0.17458597203450146, 0.27462145648469194], [0.36926968843849645, 0.26698695984957593, 0.12627486892192782, 0.23746848278999994], [0.2473979770229772, 0.3155153818403818, 0.1592431623931625, 0.277843478743479], [0.3018908036408038, 0.2521451770451772, 0.1711117771117772, 0.2748522422022422], [0.2677788611715083, 0.3348843323343321, 0.15218250915750928, 0.2451542973366504], [0.25795270089387734, 0.2552637767461299, 0.17513832311479371, 0.31164519924519923], [0.31974459984459985, 0.23909426684426693, 0.16591336441336452, 0.2752477688977689], [0.2559234107395872, 0.27086627539127556, 0.17588839053103766, 0.2973219233380999], [0.3331125684772743, 0.24517092303121726, 0.15362675380175395, 0.2680897546897549], [0.3462746780996784, 0.24511560661560677, 0.1481924325674326, 0.26041728271728276], [0.21868473242443845, 0.33446524586524584, 0.18399458270487695, 0.2628554390054391], [0.2209740342990344, 0.316468426018426, 0.1854405844155844, 0.2771169552669553], [0.26826339738692695, 0.32664836029983074, 0.1717825119325119, 0.2333057303807304], [0.25053765956265955, 0.36449737762237744, 0.16134869779343475, 0.22361626502152826], [0.30241136445254096, 0.26203449818155705, 0.13005830966419207, 0.3054958277017101], [0.24764605394605402, 0.2942775538187303, 0.20769376375258744, 0.25038262848262866], [0.22141978070948662, 0.3383217948717952, 0.1860525802628744, 0.2542058441558442], [0.2927474061885827, 0.3239588300588304, 0.1194090354090355, 0.2638847283435519], [0.25215307943690307, 0.27581576674959024, 0.15896365138129845, 0.31306750243220816], [0.25718518883077734, 0.30964411470882064, 0.1775091325341326, 0.25566156392626993], [0.19132795990559162, 0.2998783413954465, 0.23642079207342373, 0.2723729066255383], [0.2607944083694085, 0.332824337916985, 0.13355978465978466, 0.27282146905382204], [0.2920880286380286, 0.32381325618825624, 0.1605886141636142, 0.22351010101010102], [0.24213810519545825, 0.300623430001371, 0.19638267614738214, 0.2608557886557887], [0.22812727272727282, 0.3279568903318904, 0.1788697330447332, 0.265046103896104], [0.19455724830724833, 0.29723161838161843, 0.24915873015873022, 0.25905240315240313], [0.25829221889221926, 0.31027562078444426, 0.1638298959210725, 0.26760226440226453], [0.31386405506258463, 0.2755658513055572, 0.12560774029891683, 0.28496235333294156], [0.2676585941835943, 0.26361759629259623, 0.19134009634156707, 0.2773837131822427], [0.31083119266354575, 0.23628972726619799, 0.13292009657009665, 0.3199589835001601], [0.24971370492252853, 0.3024458707958709, 0.1631182686594453, 0.28472215562215547], [0.251129548521654, 0.30743354394143835, 0.17083138805638823, 0.2706055194805196], [0.27623068320568317, 0.19011013986014003, 0.17749719724719742, 0.3561619796869796], [0.26226485181485193, 0.2325879786879788, 0.19400306360306366, 0.3111441058941057], [0.24140467587967604, 0.2710245365745367, 0.17172005494505505, 0.3158507326007326], [0.23415768675768683, 0.22991368145957944, 0.21475447558976984, 0.32117415619296424], [0.2149265678765678, 0.30595495411021745, 0.18070578588078604, 0.2984126921324289]]}}