{"test": {"ids": ["104114740", "108119550", "113118810", "107121230", "113120531", "105118171", "112120290", "112116401", "111119950", "111121351", "98106111", "109118231", "100107920", "113119300", "99121440", "99111930", "109119450", "109120621", "112120700", "105115250", "100113370", "101108500", "109113881", "106114011", "105117431", "107116300", "99109141", "108116070", "113118231", "112116990", "111121190", "110121720", "99117630", "113117630", "113119950", "107114280", "104117630", "110121500", "111115910", "105120280", "101114990", "101119591", "103109791", "102114270", "110114610", "101115190", "111115400", "112120640", "103110100", "106113830", "98108970", "113119700", "102112030", "108117720", "107112840", "111114941", "104111380", "111116750", "100108520", "111116090", "107118820", "109117600", "110118161", "97114170", "111114121", "113122160", "109114720", "111119430", "98120010", "110120700", "101119030", "106120290", "111117571", "113119120", "110121140", "112118550", "101112201", "109114651", "113119320", "98110230", "112116850", "97112170", "102107961", "104116441", "97113900", "112119580", "110114561", "113118820", "100109980", "105119550", "107113550", "109121351", "98109311", "100108990", "109119591", "97105960", "105118740", "99107640", "113121190", "110118111", "104111711", "106116850", "110118740", "100110260", "111119290", "99112300", "112116880", "112117790", "107120010", "100115700", "109118161", "110117080", "105117200", "103111170", "112116501", "106115250", "103110220", "103110050", "108115570", "105115380", "103113270", "105113190", "113122220", "97109570", "99108890", "104113550", "111119610", "101108290", "112118511", "111120540", "107118520", "104111830", "100108580", "113122320", "99117740", "106118820", "104111990", "109116040", "112119930", "111117480", "111120320", "101112690"], "labels": [2, 1, 3, 0, 0, 3, 1, 0, 0, 0, 0, 1, 0, 1, 2, 1, 3, 1, 2, 2, 3, 3, 0, 1, 1, 0, 3, 1, 3, 0, 1, 3, 3, 0, 0, 3, 0, 3, 2, 3, 3, 0, 3, 3, 1, 1, 0, 0, 1, 1, 3, 0, 2, 1, 1, 0, 3, 3, 2, 3, 3, 1, 0, 2, 0, 3, 0, 3, 2, 2, 3, 2, 3, 3, 3, 3, 0, 3, 1, 3, 0, 0, 3, 1, 2, 3, 0, 0, 1, 1, 0, 0, 1, 2, 0, 2, 1, 1, 1, 1, 1, 3, 3, 3, 3, 0, 0, 3, 1, 1, 0, 1, 3, 2, 3, 2, 2, 3, 3, 1, 2, 3, 1, 0, 0, 1, 2, 0, 1, 1, 2, 3, 0, 1, 2, 3, 2, 0, 1, 1, 1, 1], "predicted_labels": [3, 1, 3, 1, 3, 1, 1, 0, 3, 3, 2, 1, 0, 3, 1, 1, 3, 0, 2, 0, 3, 1, 1, 1, 1, 1, 0, 2, 1, 0, 2, 1, 1, 1, 0, 1, 0, 1, 3, 2, 1, 0, 3, 1, 1, 1, 0, 2, 3, 0, 1, 2, 1, 1, 1, 3, 2, 3, 1, 3, 1, 1, 0, 1, 1, 2, 2, 2, 3, 3, 0, 2, 0, 0, 3, 3, 1, 0, 0, 1, 3, 3, 0, 3, 0, 3, 1, 2, 3, 1, 2, 3, 2, 1, 1, 2, 2, 3, 1, 1, 2, 0, 3, 2, 3, 2, 0, 0, 3, 1, 1, 3, 0, 0, 3, 1, 3, 1, 2, 1, 2, 0, 3, 1, 1, 0, 2, 0, 1, 1, 1, 1, 2, 0, 1, 3, 0, 3, 2, 0, 1, 1], "confidence_scores": [[0.3162365748340593, 0.06560098993409319, 0.2383943108041192, 0.37976812442772834], [0.0029492797723846705, 0.7279801308381347, 0.005968525439469795, 0.2631020639500107], [0.0006885718262352159, 0.0013661384107972957, 0.0023555995264304607, 0.9955896902365371], [0.012714872015620845, 0.9800075708532918, 0.0005290353388773647, 0.006748521792209931], [0.21061572577411658, 0.08940688844522372, 0.2251697945589282, 0.4748075912217314], [0.00394792704996943, 0.9430945753191492, 0.00013855972077799316, 0.05281893791010338], [0.009442677510637694, 0.922555786595025, 0.06390618962233928, 0.004095346271997847], [0.989749047292936, 0.0003798638415818836, 0.0038200391935835367, 0.006051049671898515], [0.021398393739024916, 0.060408779804869944, 0.0083650345889262, 0.9098277918671789], [0.06664902830197382, 0.09887038745729473, 0.007260939155384146, 0.8272196450853473], [0.002062284825331623, 0.0632806987634195, 0.9342779864001621, 0.000379030011086796], [0.32225868537818925, 0.6348919682295754, 0.0003967234345694406, 0.04245262295766588], [0.5671489339522648, 0.003722953368885565, 0.016355095987778668, 0.41277301669107086], [0.004914753153063369, 0.001020763191407103, 0.0003730263741193054, 0.9936914572814102], [0.0012827049129736903, 0.4185797964254408, 0.40355688223553493, 0.17658061642605058], [1.653130531327127e-05, 0.9992282779793554, 0.0006979780298581002, 5.721268547324719e-05], [0.020333940770190326, 0.010537019701535559, 0.2715821983762202, 0.6975468411520539], [0.7338879361860984, 0.05821256576302818, 0.01556755410588012, 0.19233194394499337], [0.052561937932158784, 0.26767514899478995, 0.3490707188575776, 0.3306921942154737], [0.5595446223501089, 0.09599008209982128, 0.03592233706417728, 0.30854295848589247], [0.07692012194444406, 0.04788308690552493, 0.21162047820954438, 0.6635763129404867], [0.0013255398888596234, 0.9459245569385021, 0.01322302687521916, 0.03952687629741938], [0.05194595781864255, 0.9227384829268085, 0.02002927265388027, 0.005286286600668681], [0.0013889884398681988, 0.9978559711436462, 0.000432007391266051, 0.0003230330252198395], [0.0012781490761769043, 0.9502377441596264, 0.04724029328772327, 0.0012438134764733999], [0.005151126820088635, 0.749756074446692, 0.002188652733214511, 0.24290414600000476], [0.5018664026159045, 0.43231396759791707, 0.025765856020972297, 0.040053773765206115], [0.1338079141100702, 0.02851072308931668, 0.8372089755456764, 0.00047238725493662173], [0.008874732833178025, 0.8688036279374078, 0.036639583815953385, 0.08568205541346072], [0.7417079178189122, 0.0046293388637696255, 0.045170788363467926, 0.2084919549538504], [0.013957469055422686, 0.032096842471389345, 0.83674150692388, 0.11720418154930774], [0.013798570793618096, 0.9396419032157642, 0.038215592798697, 0.008343933191920646], [0.21644026328520166, 0.7382682058667447, 0.0014403842148701025, 0.043851146633183576], [0.15080108860893968, 0.4878945057008588, 0.3413996852469504, 0.01990472044325131], [0.5754246348997334, 0.39412187026912093, 0.0005761329179651988, 0.02987736191318058], [0.2951967594298637, 0.4720575780119445, 0.20775296583941374, 0.024992696718778153], [0.9069686182060072, 0.001398642898645619, 0.021943799865031553, 0.06968893903031573], [0.1668143292750889, 0.6781218007627163, 0.013949191843957218, 0.14111467811823766], [0.19704251026461622, 0.29958010405818614, 0.1384469469417774, 0.3649304387354203], [0.0028625414829554093, 0.24685249956407634, 0.4934257460008472, 0.2568592129521211], [1.629285115597481e-05, 0.9201802024584442, 0.07458034795431884, 0.005223156736080805], [0.7054161360132889, 0.00585906513290045, 0.11226169806834041, 0.1764631007854704], [0.1335732191145703, 0.013864322274652407, 0.3458008070094664, 0.5067616516013109], [0.019956798726251532, 0.9781707303774797, 0.0002750709727879118, 0.001597399923480769], [0.10287072306793961, 0.8195821093278162, 0.030128594294999433, 0.04741857330924497], [0.10596128114444775, 0.4854273301184505, 0.40278696105686723, 0.005824427680234363], [0.6100594872968395, 0.17564659171081123, 0.20875509008905935, 0.005538830903289941], [0.014397141546619356, 0.3173247944472648, 0.4256617689924985, 0.24261629501361734], [0.3634022017332638, 0.002204033657199391, 0.001533990442651852, 0.632859774166885], [0.8621573553765447, 0.019924955842474258, 0.0015576838866674869, 0.11636000489431367], [0.0024278061999651276, 0.8579956993366457, 0.1337831196258209, 0.005793374837568263], [0.004254513567075863, 0.43547333544851174, 0.5322011914076193, 0.028070959576793068], [0.008835998989309474, 0.9758123699931639, 0.0013963721686302266, 0.013955258848896434], [0.11166843695231048, 0.4694091301338727, 0.13585894829966033, 0.2830634846141565], [0.0013128206470895357, 0.9399065355703389, 0.04777095759705247, 0.011009686185518994], [0.09708362760971707, 0.42971687894426075, 0.0030675908737072843, 0.4701319025723149], [0.05453789246123691, 0.16781801120671339, 0.5466576852474812, 0.23098641108456858], [0.29234511134010793, 0.0016634755259452582, 0.19558716899555742, 0.5104042441383894], [0.09292149610457175, 0.43302377305043027, 0.149034372847478, 0.3250203579975199], [0.43001836467881643, 0.009381544816461243, 0.0037079950048928877, 0.5568920954998294], [0.041345867226720255, 0.8018280310134206, 0.012481723679602704, 0.14434437808025644], [0.062312253633535285, 0.6585672036273288, 0.09344799676618332, 0.18567254597295266], [0.9446853536650951, 0.00442469164959525, 0.0036873709673886307, 0.04720258371792112], [6.686244328522141e-05, 0.7944550707398703, 0.014243623486718923, 0.19123444333012546], [0.009310837825700255, 0.9642427857663394, 0.01137945367697251, 0.015066922730987918], [0.0036512751000461717, 0.4879507991996875, 0.49143644482173865, 0.016961480878527616], [0.007178265345019442, 0.0009805096790056463, 0.9767096482714477, 0.01513157670452719], [0.0001567739311517591, 0.006860464393317365, 0.9712670371225265, 0.021715724553004388], [0.07505673794872418, 0.038406674041856735, 0.40013575907289695, 0.486400828936522], [0.06654702225334982, 0.026995373938696512, 0.1353598356553432, 0.7710977681526106], [0.9786186702859131, 0.017876848605883004, 0.00010391839788566402, 0.0034005627103183603], [0.0188054370739395, 0.3072566861951106, 0.659548093267162, 0.014389783463787888], [0.5853010783988322, 0.3921935146740476, 0.007240178694002629, 0.015265228233117604], [0.5001787279650338, 0.006313904400481462, 0.0172115461859834, 0.47629582144850136], [0.041003606389082715, 0.056090373952927326, 0.08238498068304968, 0.8205210389749402], [0.40293182472093975, 0.006770271296196888, 0.004359979999122909, 0.5859379239837403], [0.0008147937390095513, 0.8190982186764338, 0.07622751674371224, 0.10385947084084433], [0.7889659726787583, 0.07387971712176973, 0.007247755394871319, 0.1299065548046007], [0.9824474063388103, 0.0005466201645718545, 0.00011585258149672259, 0.01689012091512104], [0.017610430671102476, 0.7843288982208623, 0.19642289792829346, 0.0016377731797416392], [0.002133985773881925, 0.0009165576007334697, 9.526905278473157e-05, 0.9968541875725999], [0.19129406516669778, 0.08668971762557955, 0.09496247046469053, 0.6270537467430322], [0.7073523699075265, 0.28201043127254594, 0.009812607906467152, 0.0008245909134604646], [0.14909094711354717, 0.1466469998987788, 0.0004786633185539816, 0.70378338966912], [0.8282001095135592, 0.08723602972698272, 0.08197893885720005, 0.002584921902257915], [0.08825142537679095, 0.19969689879201416, 0.058918252905172275, 0.6531334229260227], [0.047390275804542706, 0.9387934103714661, 0.006578745266490234, 0.007237568557500931], [0.20113226652978858, 0.2778410679304114, 0.42015406502473795, 0.10087260051506208], [0.04848609402095356, 0.02423459372819382, 0.05027886585573883, 0.8770004463951138], [0.02699611796772197, 0.6237377767970015, 0.008703090985707904, 0.34056301424956875], [0.20080188338279592, 0.011756460243104352, 0.7215414680187853, 0.0659001883553144], [0.02038173138596147, 0.31075873097713824, 0.0015832813561846143, 0.6672762562807157], [0.005187136900903251, 0.08439016945824392, 0.8516681281810016, 0.058754565459851325], [0.003571742271079841, 0.7096363766938887, 0.0031171785618179086, 0.2836747024732137], [0.019565612530529165, 0.9635932999633134, 0.005111140830846608, 0.011729946675310979], [0.0322455394754813, 0.005655093160349826, 0.9331087190165823, 0.02899064834758643], [0.16891812010511092, 0.05575049727815612, 0.7251292199328153, 0.050202162683917556], [0.11015654984406165, 0.024478190092441215, 0.10030533809016658, 0.7650599219733306], [0.2598759136515839, 0.7101787812811956, 0.0020612598741931243, 0.027884045193027267], [0.1960308409055458, 0.7919481884033631, 0.0002591581059551682, 0.011761812585135879], [0.01802378921917342, 0.1228153502893113, 0.5264685529503547, 0.3326923075411607], [0.7610492003177823, 0.03620592968429558, 0.10629484625447677, 0.09645002374344536], [0.32156753593624515, 4.445788566580854e-05, 0.13176716080896334, 0.5466208453691257], [0.4341850395549228, 0.006505280155165741, 0.4521962081099265, 0.10711347217998489], [0.0004655082808314427, 0.017728992838580995, 0.006963000940737829, 0.9748424979398498], [0.22893290780030107, 0.1592467148523855, 0.403951992665467, 0.20786838468184635], [0.4774989855315237, 0.3602639037872381, 0.07561673106412259, 0.08662037961711559], [0.924216205982293, 0.01358946834916934, 0.010542018647046904, 0.05165230702149071], [0.21585618621372105, 0.03380956905208149, 0.01057378218765237, 0.7397604625465451], [0.03632287142780077, 0.8542154011046238, 0.09406649466503576, 0.01539523280253953], [0.03303483878787851, 0.9511720957259806, 0.00699727548285044, 0.008795790003290503], [0.0010804801976725404, 0.1352718642145293, 0.04825106339903275, 0.8153965921887654], [0.9647942674794735, 0.02775193811224138, 0.0016287587107080602, 0.00582503569757696], [0.6149503476857255, 0.11339791299471187, 0.17931115604542844, 0.09234058327413405], [0.0047516007677532845, 0.13874015566297793, 0.0023760522790846825, 0.8541321912901841], [0.16041998764499024, 0.8233801800221985, 0.011963974194749503, 0.00423585813806169], [0.16535252438153075, 0.10766389622204699, 0.33473730168583904, 0.3922462777105831], [0.0010856167381000383, 0.9276182286014729, 0.002996774020234289, 0.0682993806401927], [0.0835176314663666, 0.04259734963448077, 0.6084322662212568, 0.2654527526778957], [0.0013530365362256949, 0.7685654430562403, 0.18293787403386708, 0.047143646373667004], [0.002729821788483499, 0.01763028199452482, 0.5275510448378525, 0.4520888513791391], [0.5972131464941322, 0.025785693019429127, 0.030881583321163645, 0.3461195771652751], [0.00014076715396633383, 0.0116467921869113, 0.002439089688680922, 0.9857733509704415], [0.16261602319350785, 0.550363302391882, 0.2490982533264374, 0.037922421088172766], [0.0008446248871870628, 0.9291552948422545, 5.85896163655891e-05, 0.06994149065419293], [0.6921754812596966, 0.012748763680481308, 0.2781805408801222, 0.016895214179699705], [0.03425492620702491, 0.16387686379718672, 0.7193824365100505, 0.08248577348573795], [0.5639927425035929, 0.12601122691316868, 0.09568512173098309, 0.21431090885225548], [0.03876996161711441, 0.8354983057738563, 0.0869067630707822, 0.03882496953824716], [0.07376529560445413, 0.8329764499269053, 0.02754711945416945, 0.06571113501447103], [0.0095006139610529, 0.9122501344563598, 0.05933832156660381, 0.018910930015983457], [0.06880429662282504, 0.6737337507379428, 0.02419837587593847, 0.23326357676329368], [0.03250807401332999, 0.4093318244185731, 0.4334777236020464, 0.12468237796605047], [0.46514140232303985, 0.40200966092328994, 0.1232475015621739, 0.009601435191496333], [0.05145910886140348, 0.49686191345235603, 0.44031868797129614, 0.01136028971494449], [0.007291485883544631, 0.4494659930179942, 0.0004143798617704523, 0.5428281412366908], [0.9992813378529631, 0.00020706370975294528, 0.0004773507260258022, 3.4247711258112234e-05], [0.03999501171193833, 0.006938181807872281, 0.02289046380923886, 0.9301763426709506], [0.00023543319386318484, 0.15861185000691366, 0.804187370059162, 0.03696534674006114], [0.937252564822665, 0.028031254903436605, 0.004398293072999417, 0.030317887200899223], [0.1441319216705466, 0.5029078270657747, 0.030685543490890192, 0.3222747077727886], [0.01703996986707306, 0.6074603079846339, 0.34413899812702153, 0.03136072402127145]]}, "rewritten": {"ids": ["97105960", "97109570", "97112170", "97113900", "97114170", "98106111", "98108970", "98109311", "98110230", "98120010", "99107640", "99108890", "99109141", "99111930", "99112300", "99117630", "99117740", "99121440", "100107920", "100108520", "100108580", "100108990", "100109980", "100110260", "100113370", "100115700", "101108290", "101108500", "101112201", "101112690", "101114990", "101115190", "101119030", "101119591", "102107961", "102112030", "102114270", "103109791", "103110050", "103110100", "103110220", "103111170", "103113270", "104111380", "104111711", "104111830", "104111990", "104113550", "104114740", "104116441", "104117630", "105113190", "105115250", "105115380", "105117200", "105117431", "105118171", "105118740", "105119550", "105120280", "106113830", "106114011", "106115250", "106116850", "106118820", "106120290", "107112840", "107113550", "107114280", "107116300", "107118520", "107118820", "107120010", "107121230", "108115570", "108116070", "108117720", "108119550", "109113881", "109114651", "109114720", "109116040", "109117600", "109118161", "109118231", "109119450", "109119591", "109120621", "109121351", "110114561", "110114610", "110117080", "110118111", "110118161", "110118740", "110120700", "110121140", "110121500", "110121720", "111114121", "111114941", "111115400", "111115910", "111116090", "111116750", "111117480", "111117571", "111119290", "111119430", "111119610", "111119950", "111120320", "111120540", "111121190", "111121351", "112116401", "112116501", "112116850", "112116880", "112116990", "112117790", "112118511", "112118550", "112119580", "112119930", "112120290", "112120640", "112120700", "113117630", "113118231", "113118810", "113118820", "113119120", "113119300", "113119320", "113119700", "113119950", "113120531", "113121190", "113122160", "113122220", "113122320"], "labels": [2, 0, 0, 2, 2, 0, 3, 1, 3, 2, 1, 0, 3, 1, 0, 3, 2, 2, 0, 2, 0, 2, 1, 3, 3, 1, 0, 3, 0, 1, 3, 1, 3, 0, 3, 2, 3, 3, 3, 1, 2, 2, 2, 3, 1, 3, 2, 1, 2, 1, 0, 3, 2, 1, 3, 1, 3, 1, 1, 3, 1, 1, 2, 3, 3, 2, 1, 0, 3, 0, 2, 3, 1, 0, 3, 1, 1, 1, 0, 3, 0, 0, 1, 0, 1, 3, 0, 1, 0, 0, 1, 1, 1, 0, 3, 2, 3, 3, 3, 0, 0, 0, 2, 3, 3, 1, 3, 3, 3, 2, 0, 1, 1, 1, 0, 0, 3, 0, 0, 0, 3, 1, 3, 3, 1, 1, 0, 2, 0, 3, 3, 0, 3, 1, 1, 0, 0, 0, 1, 3, 1, 1], "predicted_labels": [2, 1, 0, 0, 3, 2, 1, 2, 1, 3, 3, 1, 0, 1, 0, 1, 1, 1, 3, 1, 1, 3, 3, 2, 3, 1, 3, 1, 1, 1, 1, 2, 0, 0, 0, 1, 1, 3, 1, 3, 3, 0, 2, 2, 2, 0, 0, 0, 3, 3, 0, 3, 0, 1, 0, 2, 1, 2, 1, 3, 0, 1, 0, 0, 3, 2, 1, 2, 1, 3, 1, 1, 3, 1, 2, 2, 1, 3, 1, 0, 2, 3, 3, 1, 0, 3, 1, 0, 3, 1, 1, 3, 1, 0, 0, 3, 2, 1, 1, 1, 3, 2, 3, 3, 3, 0, 0, 3, 2, 2, 3, 2, 1, 3, 3, 0, 3, 3, 0, 0, 3, 1, 3, 3, 2, 1, 3, 2, 2, 2, 3, 0, 3, 3, 3, 2, 0, 2, 0, 2, 3, 0], "confidence_scores": [[0.04819519372467315, 0.0005080289794949754, 0.9115935414940448, 0.03970323580178694], [0.1957735366308139, 0.5807653888333484, 0.1532823561496067, 0.07017871838623112], [0.5918273691262527, 0.04279995223309728, 0.10375098307762581, 0.2616216955630242], [0.8129996428701673, 0.10511188795931688, 0.076593180399295, 0.005295288771221011], [0.00017288786826551324, 0.07823684065268403, 0.004950034405064049, 0.9166402370739863], [0.00918445284305122, 0.3629377147219304, 0.6268306970643998, 0.0010471353706184873], [0.0017789664206623276, 0.9287097399764279, 0.06525604424603419, 0.0042552493568755855], [0.0025457136107305154, 0.24470093780052513, 0.6430651373721318, 0.10968821121661256], [0.046599740783584684, 0.8062158360661682, 0.14355129393979849, 0.003633129210448668], [0.06234307378967598, 0.021769364323606464, 0.24918276536996628, 0.6667047965167512], [0.1169977429068407, 0.004078560603280004, 0.01830004068647945, 0.8606236558033998], [0.00487564469157059, 0.6907761675189885, 0.00010492668426942116, 0.3042432611051716], [0.6541095994382737, 0.3273774798853746, 0.013484148078343092, 0.005028772598008573], [0.0001241780860156179, 0.995856190906768, 0.00316998855819587, 0.0008496424490204961], [0.4528925497689721, 0.0881220990835152, 0.26653302746473734, 0.1924523236827754], [0.3115685261417772, 0.3842164807310021, 0.005257503919786203, 0.29895748920743437], [0.008113128493036859, 0.8542899849911989, 0.13508549610158643, 0.0025113904141777234], [0.0014127051364779847, 0.8744055993687486, 0.06153633867950412, 0.06264535681526942], [0.41000162202661705, 0.004884543101322296, 0.00232137876352998, 0.5827924561085306], [0.004880441659035777, 0.8063386463516716, 0.01223117153158749, 0.17654974045770522], [0.0023485996858392108, 0.7859048852707102, 0.1751491645915712, 0.03659735045187912], [0.007581392085583622, 0.3752355182039549, 0.0036059474755142065, 0.6135771422349472], [0.08933771869994109, 0.0026607101809627055, 0.07398299787306632, 0.8340185732460299], [0.3351054394112215, 0.02382549614401195, 0.46199156326583896, 0.17907750117892762], [0.08439438285992394, 0.08837486809977792, 0.19790156585040597, 0.6293291831898922], [0.006160832344475626, 0.8817251996014671, 0.09858696995979589, 0.013526998094261215], [0.27523225316945094, 0.07052231386568228, 0.04073543223172148, 0.6135100007331454], [0.01646825499327076, 0.7413456062235211, 0.03511908837861318, 0.20706705040459494], [0.0031018087008344263, 0.8852509909801111, 0.0366941236894419, 0.07495307662961255], [0.002619210794790553, 0.9721362949929138, 0.023098961797162715, 0.0021455324151329453], [9.243405822913048e-06, 0.9949317148436413, 0.0037117668061677307, 0.0013472749443679737], [0.23792044674982812, 0.26418594721623395, 0.4880723546251419, 0.00982125140879603], [0.9922284411886915, 0.006074101731017371, 0.00010051997991515137, 0.0015969371003762074], [0.8578922235779863, 0.004230163617810933, 0.06872358038170552, 0.06915403242249724], [0.7999105518055926, 0.15238272208221332, 0.044231758817142294, 0.0034749672950519918], [0.023962750904175063, 0.9672899579100358, 0.003250849090908502, 0.005496442094880608], [0.10901944979658372, 0.8446640967134964, 0.0011014568325090441, 0.04521499665741091], [0.1267922260594071, 0.030027086359428426, 0.16823238925332543, 0.674948298327839], [0.026078692123049453, 0.7677025453324573, 0.012440112859037181, 0.19377864968545605], [0.47537264732773143, 0.025521937639084114, 0.0010171148210838803, 0.49808830021210054], [0.4536137918361031, 0.04225462959756817, 0.03961177424928831, 0.46451980431704054], [0.4623697407982642, 0.025346110418555542, 0.34313743349973236, 0.16914671528344782], [0.0034686714491232685, 0.0239160124826711, 0.5302537983494411, 0.44236151771876436], [0.05921153495493559, 0.06135098831510493, 0.7537844155620498, 0.12565306116790964], [0.004272100918936668, 0.08217764808850256, 0.4877609580779863, 0.4257892929145745], [0.8290367410553756, 0.06410181884675578, 0.07579759851409941, 0.031063841583769198], [0.9975203240901245, 0.0003615613196701958, 0.002052866102532047, 6.524848767335535e-05], [0.6973172734266296, 0.006656701177694697, 0.285453790801611, 0.010572234594064818], [0.15827659170732372, 0.006777507201218358, 0.39628678231642683, 0.438659118775031], [0.19942847927134943, 0.02511834372229194, 0.0001719609410658057, 0.7752812160652928], [0.7640354610436618, 0.0056632003400177554, 0.046367616148275, 0.18393372246804549], [0.11979050266385517, 0.11586818811336329, 0.02739393484853375, 0.7369473743742477], [0.6698846114073977, 0.09824863804921559, 0.03714597871425295, 0.1947207718291337], [0.0062372673894767845, 0.7294588858549126, 0.20338826805411883, 0.06091557870149177], [0.9641276504816734, 0.0019017951782383956, 0.0007148785737452999, 0.03325567576634273], [0.004751343279809564, 0.48250815897785415, 0.5097483966187916, 0.0029921011235445783], [0.01459155566035684, 0.940667221596689, 0.004204408750757968, 0.04053681399219619], [0.0704512643768392, 0.07328649836612199, 0.6621291569018659, 0.19413308035517282], [0.058034748347797815, 0.547909308753074, 0.013109315491155514, 0.38094662740797275], [0.0099184510109985, 0.17250596077245473, 0.32804203167338314, 0.4895335565431637], [0.6210060577984743, 0.02440177316299642, 0.009113275254077428, 0.34547889378445196], [0.0043125539678837525, 0.9889944207414904, 0.005631270544673316, 0.0010617547459524995], [0.5926260076271255, 0.34638884215590277, 0.06065661871736848, 0.0003285314996033182], [0.5293642309054558, 0.10584140804924899, 0.09427507444934648, 0.27051928659594865], [0.02540634836158399, 0.16038863645836962, 0.001064378349892604, 0.8131406368301539], [0.026365422453116977, 0.33373407622353934, 0.6153386805663229, 0.024561820757020722], [0.002105466002596969, 0.9766339532268077, 0.019515315496177046, 0.0017452652744183077], [0.1652737356808666, 0.006637589331731596, 0.7663689259410998, 0.06171974904630198], [0.2239588398988181, 0.5398429173319079, 0.21552345201179798, 0.020674790757476066], [0.008738426086635177, 0.4528949187398037, 0.009588501448615191, 0.5287781537249459], [0.035225615278636956, 0.5100492726403427, 0.41116597306433944, 0.04355913901668094], [0.046055102659166305, 0.5643912262999827, 0.0804038717572368, 0.30914979928361425], [0.14170233261112897, 0.025567986478547123, 0.2429477725547019, 0.589781908355622], [0.008058150668350837, 0.7662899328330346, 0.006506798688822573, 0.21914511780979198], [0.10343345327469243, 0.01051599050759502, 0.5933676558750022, 0.2926829003427105], [0.04497730249377497, 0.0043047727235792, 0.9505665732656001, 0.00015135151704584015], [0.09885657668992738, 0.5936583676819701, 0.08341642117218559, 0.22406863445591685], [0.0071041172880703055, 0.4806625349678329, 0.016003756830126076, 0.49622959091397073], [0.012638687076267986, 0.9737993211905472, 0.009108557933082951, 0.004453433800101922], [0.9771335336590702, 0.006257771155541183, 0.001114295537358358, 0.015494399648030182], [0.012356232441040291, 0.0002751403345354106, 0.9527015567014724, 0.034667070522951926], [0.05067703294057533, 0.007154864257188508, 0.22741263955831553, 0.7147554632439206], [0.12070365886100735, 0.30897555558428025, 0.13275515531624427, 0.437565630238468], [0.01842127585887188, 0.9544592723287834, 0.008212901928960249, 0.018906549883384482], [0.817689844650832, 0.13287928456792508, 0.0008893719251247364, 0.04854149885611804], [0.012335707293941518, 0.0008224528857274231, 0.2914348738036823, 0.6954069660166488], [0.1815966886255537, 0.5448770394209941, 0.23763012494195107, 0.035896147011501046], [0.9109112412527072, 0.008866601622903673, 0.005474510719746905, 0.0747476464046422], [0.018942915459881634, 0.29680427118637553, 0.002233190825648826, 0.682019622528094], [0.26164763645567385, 0.6472709939430694, 0.02408655822151792, 0.06699481137973874], [0.07968038877928581, 0.723050320445011, 0.09552792930439304, 0.1017413614713101], [0.0016114040396188307, 0.011918427920308219, 0.05324505066102467, 0.9332251173790482], [0.18861392247722136, 0.8014607149982382, 5.8125892702525654e-05, 0.009867236631838016], [0.9712398341388385, 0.001497707540230753, 0.008120911455297473, 0.019141546865633262], [0.559583898768455, 1.9551434545486677e-05, 0.20402629410624426, 0.23637025569075515], [0.11869408913295312, 0.25447024843103166, 0.17942666326845633, 0.44740899916755883], [0.07040792907845694, 0.06174608657907446, 0.5097883562818956, 0.3580576280605732], [0.07408040135743536, 0.46753392742263084, 0.02184682548777399, 0.4365388457321598], [0.08421290489399696, 0.6304496572628663, 0.23976204769570136, 0.045575390147435633], [0.0017118688010570302, 0.9944087262089311, 0.0009787153696282295, 0.0029006896203835936], [0.2805108215780987, 0.12062139436673139, 0.01194502812149314, 0.5869227559336767], [0.38873132729360454, 0.11170627163360601, 0.47192868212558936, 0.02763371894720009], [0.2308108376911401, 0.12147924444437909, 0.16414840774472964, 0.48356151011975124], [0.1770597983058169, 0.03948909503672542, 0.002534483841780132, 0.7809166228156776], [0.17573299287505, 0.000944562020999149, 0.1885628283658223, 0.6347596167381285], [0.8357778811143369, 0.004004555880564107, 0.01606200069151443, 0.14415556231358456], [0.5484142577804344, 0.17281325806683678, 0.009156687875799088, 0.26961579627692983], [0.0014681968364984176, 0.006192316658487087, 0.060124621596391974, 0.9322148649086225], [1.417227281687988e-05, 0.0005828176220125622, 0.9956868329321432, 0.003716177173027423], [0.001852920791460505, 0.015569698670610147, 0.9744657697462439, 0.008111610791685429], [0.009313080047403098, 0.11735775269259342, 0.021409335549846458, 0.8519198317101571], [0.05233596304348409, 0.1852444548113044, 0.6955770476684742, 0.06684253447673721], [0.017558874195477185, 0.964678050913832, 0.0026957538847890536, 0.015067321005901827], [0.05908903101292804, 0.009770241826252274, 0.10165691700124986, 0.8294838101595697], [0.3249152625036279, 0.04805742630359288, 0.013767004074222518, 0.6132603071185566], [0.9254110065905522, 0.0010752703697488033, 0.0037446196077050645, 0.06976910343199404], [0.012175649641153969, 0.16161653722261374, 0.004062049787614164, 0.8221457633486181], [0.010582054236450646, 0.01031538803195028, 0.007768844869597088, 0.9713337128620021], [0.7883752595709325, 0.03371578068387558, 0.16272274281547025, 0.015186216929721875], [0.8267724029864221, 0.008887126653940952, 0.03399110184260691, 0.13034936851703008], [0.3782796734113837, 0.07903269536840112, 0.10294967559061706, 0.43973795562959817], [0.19012996823075468, 0.41120385961956635, 0.15465954428917159, 0.24400662786050736], [0.35842112610246857, 0.007500898296847655, 0.003997289231946154, 0.6300806863687376], [0.03509236171597372, 0.00710399727508375, 0.019904750323879332, 0.9378988906850632], [0.00022984622679707653, 0.11403023342969898, 0.8543514469001404, 0.031388473443363506], [0.0387208751953253, 0.7676333009036699, 0.1742981109405368, 0.019347712960467865], [0.13167165442167245, 0.2772250514771146, 0.06286905157927002, 0.5282342425219428], [0.047566542961877636, 0.18233897152440356, 0.6305651283430549, 0.13952935717066378], [0.01975459124329513, 0.08834295709045933, 0.8568816411212439, 0.03502081054500161], [0.0890155613023774, 0.09928772061757743, 0.6661687515208569, 0.14552796655918834], [0.0002279330561942426, 0.0003625002581263624, 0.002647011951223848, 0.9967625547344554], [0.3179397258943292, 0.0869338647079671, 0.29818276069378635, 0.2969436487039174], [0.07035987559552316, 0.004245562102346286, 0.008675821364993385, 0.9167187409371372], [0.0018233428697366774, 0.0007262045872197958, 0.00011421866456303498, 0.9973362338784805], [0.363050423809947, 0.0003063905927168415, 0.0032762517174603732, 0.6333669338798759], [0.005163708803083728, 0.36229400914692195, 0.523889601381021, 0.10865268066897327], [0.7387626966432311, 0.18764637255483194, 0.00348677145793967, 0.07010415934399708], [0.14732282430994506, 0.030058289787863166, 0.5240836565831182, 0.29853522931907367], [0.8286254535950929, 0.07027100738528068, 0.007248321435264168, 0.09385521758436231], [0.007248386011752704, 0.29094313059703375, 0.6959936790470491, 0.005814804344164528], [3.2268815031124943e-05, 0.0023593431439818888, 0.0009736041633107126, 0.9966347838776762], [0.627324233631505, 0.0888690831302322, 0.269755246854289, 0.014051436383973758]]}}