{"test": {"ids": ["108121351", "107118820", "109118820", "99109860", "108115500", "112118620", "108119550", "100112060", "99107500", "110118121", "105113480", "107118780", "107118490", "102112301", "109117110", "108121410", "106113170", "112117780", "108115070", "113120260", "99109780", "105115720", "100109980", "101121640", "111118910", "97111790", "108118630", "103113640", "110119891", "99121440", "99110050", "107114200", "100120780", "98109311", "110114321", "111115770", "109117630", "111120640", "111119340", "99108330", "112116880", "112120990", "100116790", "98112580", "106116370", "105119550", "113118490", "105115900", "110114561", "98107210", "101109120", "111119930", "103111990", "102116500", "102118380", "99109141", "111120220", "113119480", "113120640", "105112130", "104113240", "103120340", "111114941", "99108010", "98106111", "109119010", "109120540", "111120540", "98108150", "100111380", "104112470", "113119320", "112118890", "113122160", "106116820", "113118231", "110118930", "110117110", "112117471", "110118701", "112121360", "98106880", "99112840", "112117660", "103120730", "107117630", "111120280", "102112170", "104114740", "105112100", "98119591", "97105580", "111119580", "107112850", "107114780", "104116980", "102110050", "101110740", "99107300", "106111321", "100110260", "102110690", "110121720", "99108000", "113118111", "101108460", "100108260", "111121220", "107120260", "108118291", "109117080", "112116810", "107121640", "109118701", "99119830", "108118060", "100109360", "106120290", "106113190", "111119950", "112116990", "112119930", "109121640", "108119510", "100108490", "113119700", "106118161", "100115700", "106116441", "108113760", "112119610", "106118301", "111118820", "108118520", "101112160", "109115070", "107120880", "100113370", "112118530", "104109311", "104111550", "110116300"], "labels": [3, 3, 3, 2, 3, 3, 1, 2, 0, 3, 0, 1, 2, 1, 1, 0, 0, 0, 1, 3, 2, 1, 1, 2, 0, 2, 1, 1, 3, 2, 3, 2, 1, 1, 1, 3, 0, 0, 3, 1, 0, 2, 2, 2, 2, 1, 1, 3, 0, 1, 1, 1, 2, 1, 1, 3, 3, 3, 0, 1, 2, 1, 0, 2, 0, 3, 1, 1, 0, 3, 1, 1, 3, 3, 1, 3, 1, 0, 3, 3, 3, 0, 2, 0, 1, 0, 0, 3, 2, 1, 1, 1, 3, 1, 2, 1, 3, 3, 3, 0, 3, 0, 3, 2, 1, 0, 3, 3, 1, 3, 1, 3, 1, 3, 1, 1, 0, 2, 0, 0, 0, 1, 0, 1, 2, 0, 3, 1, 0, 1, 0, 1, 0, 0, 3, 0, 1, 3, 1, 3, 1, 3], "predicted_labels": [3, 3, 3, 1, 1, 3, 3, 1, 1, 3, 3, 3, 3, 3, 0, 1, 3, 0, 1, 1, 1, 3, 3, 3, 3, 3, 3, 0, 3, 1, 3, 3, 3, 1, 0, 1, 1, 3, 3, 1, 3, 1, 3, 3, 3, 0, 3, 3, 2, 3, 0, 3, 3, 1, 1, 1, 3, 3, 1, 1, 1, 3, 3, 1, 1, 3, 0, 1, 3, 1, 3, 3, 3, 1, 3, 3, 1, 1, 1, 3, 1, 1, 1, 3, 1, 0, 3, 0, 3, 3, 0, 0, 3, 1, 3, 3, 1, 1, 3, 3, 0, 3, 1, 1, 3, 1, 1, 3, 1, 0, 3, 1, 3, 3, 3, 3, 0, 1, 3, 3, 0, 3, 1, 0, 3, 1, 1, 3, 0, 0, 1, 3, 3, 0, 1, 1, 3, 1, 1, 3, 1, 1], "confidence_scores": [[0.23809624542124538, 0.25867210844710853, 0.1970324453324454, 0.3061992007992009], [0.23142484182484188, 0.27736978021978037, 0.20740007770007782, 0.28380530025530004], [0.24734561549561557, 0.2422035575535576, 0.22535016927516924, 0.2851006576756576], [0.2714791080264765, 0.28390536685536677, 0.19472141367404533, 0.24989411144411142], [0.23500394050394058, 0.3157604034854034, 0.1859325157298843, 0.26330314028077184], [0.2707440059940063, 0.28953777333777336, 0.14878932178932197, 0.29092889887889867], [0.2540670257846729, 0.23927777777777784, 0.24043166914784583, 0.26622352728970383], [0.22329624819624852, 0.27275728160728163, 0.24334118381618386, 0.2606052863802864], [0.23487477244977253, 0.3225618520368521, 0.15891895881895882, 0.28364441669441676], [0.262247102897103, 0.28491282051282046, 0.1475952436452438, 0.3052448329448329], [0.22981370851370858, 0.23887947330447343, 0.1941332306582308, 0.33717358752358756], [0.24994377289377304, 0.20826905871905882, 0.202511088911089, 0.33927607947607935], [0.25560114885114893, 0.2823373237873237, 0.17747614607614612, 0.2845853812853814], [0.2564484681984683, 0.255550296925297, 0.21994147796647806, 0.26805975690975703], [0.29194855699855693, 0.2674026556776558, 0.1848063270063271, 0.25584246031746066], [0.265367354867355, 0.29110464535464536, 0.19703307248307256, 0.24649492729492742], [0.24482647352647363, 0.2458184704184706, 0.19739073704073717, 0.31196431901431904], [0.28211759906759915, 0.26954188034188026, 0.22630629925629933, 0.22203422133422152], [0.22605795870795867, 0.33082368187368205, 0.19721764901764902, 0.24590071040071051], [0.2210266233766235, 0.3051061272061272, 0.2251186369186371, 0.24874861249861252], [0.22722841602841612, 0.3005271284271286, 0.2401280552780554, 0.2321164002664003], [0.1878418081918083, 0.2511772560772561, 0.20035875399110709, 0.36062218173982874], [0.2699258685758688, 0.22877582972582994, 0.181635447885448, 0.3196628538128536], [0.23972486957486955, 0.2645625763125763, 0.20140353535353547, 0.29430901875901877], [0.24947297424797438, 0.2715040617878855, 0.15357983682983692, 0.3254431271343035], [0.2475480741480742, 0.25313564213564205, 0.20727638472638474, 0.2920398989898991], [0.21651284826284836, 0.2742200965700965, 0.21474426684426692, 0.2945227883227883], [0.35650475635475626, 0.23442837162837177, 0.1530470640470641, 0.2560198079698081], [0.20108581973581985, 0.28848767898767913, 0.17337806082806095, 0.3370484404484405], [0.24077003829503837, 0.31318930791430794, 0.21107314352314366, 0.23496751026751045], [0.19395238095238088, 0.2627773559773562, 0.2594411754911757, 0.2838290875790876], [0.27122850482850486, 0.26371336441336435, 0.1472496170496171, 0.3178085137085137], [0.2196940115440117, 0.24604266289266294, 0.17374996392496403, 0.3605133616383616], [0.25540045787545806, 0.26638050283050296, 0.21253649406149414, 0.2656825452325453], [0.31833469308469287, 0.26947809967809966, 0.19628235653235657, 0.21590485070485077], [0.20500004440004446, 0.29745191752691763, 0.23895541125541128, 0.25859262681762685], [0.23392600177600176, 0.32883525363525357, 0.2114185703185704, 0.22582017427017434], [0.24124774669774687, 0.2600931679431681, 0.2177399783223314, 0.2809191070367542], [0.28017041292041317, 0.2159588134088135, 0.19587932067932076, 0.30799145299145286], [0.19160110445110454, 0.29552056277056277, 0.24157352092352088, 0.271304811854812], [0.2321185275508806, 0.28480482099599747, 0.18673332843626972, 0.2963433230168524], [0.1987515012765013, 0.3256402625152625, 0.20770574980574988, 0.26790248640248654], [0.2749428737928739, 0.24262040182040187, 0.19286020646020657, 0.289576517926518], [0.23096083361083364, 0.26711072538572556, 0.2145138888888891, 0.28741455211455225], [0.2663163875340347, 0.22734388389388396, 0.19396399515517182, 0.3123757334169099], [0.2821640304140306, 0.26831343297225657, 0.188005488955489, 0.2615170476582242], [0.27289547119547136, 0.24679403374403389, 0.1766193195693196, 0.3036911754911753], [0.251207071849719, 0.27038184119801767, 0.192158095499272, 0.28625299145299143], [0.24377826585179527, 0.2600039516039516, 0.2611077370342078, 0.23511004551004555], [0.22687067377067385, 0.26220999555999575, 0.21340475635475636, 0.29751457431457434], [0.28491291486291487, 0.26899300144300164, 0.1761220501720503, 0.26997203352203347], [0.25283431176666477, 0.261838122988123, 0.21146104842869556, 0.27386651681651675], [0.24468037518037528, 0.2511478854478854, 0.17769585969585985, 0.3264758796758796], [0.24560525030525046, 0.3145644966144965, 0.19373030303030309, 0.24609995004995008], [0.23482095404595416, 0.2949404012654011, 0.19273549608286453, 0.2775031486057802], [0.2795324120324122, 0.2994262903762904, 0.1886226012549544, 0.23241869633634346], [0.27731434398934407, 0.2752450327450328, 0.15942255522255525, 0.2880180680430679], [0.23211320171057034, 0.261764024864025, 0.18028338226101398, 0.32583939116439103], [0.22813638697903418, 0.29079808802308804, 0.20694547478665146, 0.27412005021122654], [0.19495957375957376, 0.31004451659451665, 0.24557977022977034, 0.24941613941613938], [0.20718984903984908, 0.32415105450105436, 0.23521643356643368, 0.2334426628926629], [0.24753299478299487, 0.2651982017982018, 0.1981262126762127, 0.28914259074259074], [0.27043535353535364, 0.24893041125541143, 0.18169419191919192, 0.2989400432900432], [0.24807212787212798, 0.29399966699966706, 0.18070901320901325, 0.2772191919191919], [0.2512543076204843, 0.2744147651368239, 0.20077212350772738, 0.2735588037349647], [0.20230123487623497, 0.27144474691974685, 0.21758336940836956, 0.30867064879564865], [0.2903571171518541, 0.2429141504694137, 0.18247281607281624, 0.28425591630591635], [0.20915375180375184, 0.3705059107559109, 0.2047464341214342, 0.21559390331890346], [0.2444992562992563, 0.24135118492618507, 0.1970493367743368, 0.3171002220002221], [0.23307833114597815, 0.3043673937173937, 0.18299049806402762, 0.2795637770726006], [0.25230142635142644, 0.21860553335553334, 0.2204435120435121, 0.30864952824952807], [0.2707327006327005, 0.2736694472194472, 0.16223369408369417, 0.29336415806415805], [0.2760039460539461, 0.261181007881008, 0.15613166833166842, 0.3066833777333776], [0.23605109890109904, 0.2972757242757242, 0.20796616161616172, 0.2587070152070152], [0.22034079254079256, 0.2759853729603731, 0.18450426403661713, 0.3191695704622176], [0.237310472534002, 0.24399825452325463, 0.2504559305074012, 0.2682353424353425], [0.2200196331446333, 0.29526627261627253, 0.19686601176601193, 0.2878480824730824], [0.21551293151293152, 0.2922013597513598, 0.26211930014430024, 0.2301664085914087], [0.2383013708513709, 0.32648021978021974, 0.1585761904761906, 0.2766422188922189], [0.23044992507492518, 0.28039129204129204, 0.19673549228549242, 0.2924232905982907], [0.2858849650349652, 0.29425278055278065, 0.16181111666111672, 0.2580511377511379], [0.24612909312909323, 0.3021654401154402, 0.2293524919524921, 0.222352974802975], [0.21076423021423044, 0.3249289543789544, 0.17504255189255202, 0.2892642635142635], [0.21621327006327018, 0.26150106005106016, 0.2537887445887448, 0.2684969252969253], [0.23144865689865693, 0.31631336996336984, 0.18792034077034087, 0.2643176323676324], [0.3163871656121658, 0.23393189865689876, 0.2097615733939265, 0.2399193623370094], [0.2619730103230104, 0.2775102342102343, 0.1538244755244756, 0.30669227994227993], [0.30885886221621534, 0.17815507907125555, 0.21005531200825328, 0.30293074670427617], [0.22588695748695758, 0.28650825840825866, 0.19754583194583206, 0.2900589521589523], [0.25080108225108233, 0.2356561494061495, 0.1853645521145522, 0.32817821622821614], [0.2863820734820737, 0.23099506604506614, 0.20664392829392833, 0.27597893217893216], [0.3194920988368358, 0.24695278683305, 0.17131827339327352, 0.2622368409368411], [0.26991261124496413, 0.2443938541850308, 0.19679761415055544, 0.2888959204194499], [0.215034670884671, 0.30318671328671315, 0.2310307969807971, 0.25074781884781905], [0.25952369852369866, 0.2590569319569319, 0.22108886668886676, 0.26033050283050285], [0.19561567321567327, 0.23273994893994907, 0.25556240981240996, 0.3160819680319681], [0.24260524475524478, 0.27134728049728035, 0.2325755910755912, 0.25347188367188384], [0.2142534207622445, 0.308045016095016, 0.20995986040103698, 0.26774170274170267], [0.2681226995226995, 0.2706341935841936, 0.17515682095682106, 0.28608628593628593], [0.2590622877122879, 0.2696350149850152, 0.19364295149295171, 0.27765974580974573], [0.31758359973359973, 0.23183724412842077, 0.17383309664192034, 0.27674605949605935], [0.28360444555444564, 0.25436450771450786, 0.15397116217116233, 0.3080598845598847], [0.2286894105894106, 0.303985355494179, 0.22754174714174727, 0.23978348677466318], [0.18442321567321573, 0.3644307165057163, 0.2020730602730603, 0.24907300754800768], [0.2236639221889224, 0.28184706404706394, 0.16628163503163515, 0.32820737873237893], [0.26433714618714643, 0.3093343212343211, 0.18999597624597628, 0.2363325563325563], [0.27985416250416273, 0.30627524697524683, 0.18340843045843058, 0.23046216006216008], [0.22274115884115897, 0.24530724830724854, 0.15195015540015555, 0.3800014374514374], [0.22825873015873024, 0.27711214341214346, 0.2708500999000999, 0.22377902652902662], [0.3182127927627927, 0.2616058802308803, 0.15735335497835504, 0.2628279720279722], [0.18434484959484976, 0.2705604062604063, 0.219928898878899, 0.3251658452658453], [0.2455867465867467, 0.27699290154290146, 0.20300993450993465, 0.2744104173604175], [0.2425281052281053, 0.26076352536352554, 0.19611750459722613, 0.30059086481114333], [0.2799030121838946, 0.2644162358882948, 0.1748595737595739, 0.28082117816823704], [0.22143365915130628, 0.2706513855425619, 0.20402133050987542, 0.3038936247962564], [0.26802689532689544, 0.24031734376734387, 0.18920245310245318, 0.3024533078033079], [0.3264775515334339, 0.22148838873544768, 0.19796941946941957, 0.25406464026169917], [0.2216827117327119, 0.2806897324897325, 0.2204184065934067, 0.27720914918414924], [0.2053371572871574, 0.26447756687756696, 0.2024052891552893, 0.32777998667998676], [0.23693811743811743, 0.20962287157287152, 0.20511002886002902, 0.348328982128982], [0.2892444832944833, 0.22202160617160624, 0.21256084911820214, 0.27617306141570847], [0.2032693029193031, 0.2686820734820737, 0.22919915084915085, 0.2988494727494727], [0.2518148434898435, 0.297241632550456, 0.19259450549450557, 0.2583490184651949], [0.2748808358308358, 0.22626501080618733, 0.22908374599256975, 0.2697704073704074], [0.2639110112110114, 0.2593114274614275, 0.207366738816739, 0.26941082251082255], [0.2430122932622934, 0.32746947496947487, 0.19735387390387393, 0.2321643578643579], [0.28497690087690103, 0.2983161172161173, 0.1586685536685537, 0.25803842823842854], [0.23152827727827732, 0.23992870462870483, 0.22049277944277962, 0.30805023865023845], [0.2858222222222222, 0.25132680652680667, 0.19735347430347452, 0.2654974969474969], [0.2706230196703881, 0.22149486346986355, 0.2432522689299006, 0.26462984792984806], [0.20629593184593192, 0.2872753774003775, 0.2499893384393385, 0.2564393523143524], [0.28540326617826633, 0.21301634476634487, 0.18318898878898882, 0.3183914002664001], [0.2481303456777141, 0.26045052170052174, 0.2022705478731796, 0.2891485847485847], [0.2853201021201021, 0.24426652236652252, 0.2388532523032524, 0.2315601232101233], [0.24552077922077922, 0.28808619713619715, 0.2345974025974026, 0.23179562104562132], [0.17395614940614956, 0.33507175879675855, 0.2532133033633035, 0.23775878843378856], [0.26688330558330575, 0.26920892718392725, 0.185387087912088, 0.27852067932067953], [0.24020079250814544, 0.2934752949664715, 0.17680737106031225, 0.28951654146507094], [0.18659888824625673, 0.3145123340711577, 0.22014088031851212, 0.2787478973640739], [0.2627046303369834, 0.2702299569711335, 0.17205890286184414, 0.2950065098300393], [0.2265946109446111, 0.30131694971694994, 0.2176252858252859, 0.2544631535131535], [0.22852241092241096, 0.2993065517815518, 0.19453755966255976, 0.27763347763347773]]}, "rewritten": {"ids": ["97105580", "97111790", "98106111", "98106880", "98107210", "98108150", "98109311", "98112580", "98119591", "99107300", "99107500", "99108000", "99108010", "99108330", "99109141", "99109780", "99109860", "99110050", "99112840", "99119830", "99121440", "100108260", "100108490", "100109360", "100109980", "100110260", "100111380", "100112060", "100113370", "100115700", "100116790", "100120780", "101108460", "101109120", "101110740", "101112160", "101121640", "102110050", "102110690", "102112170", "102112301", "102116500", "102118380", "103111990", "103113640", "103120340", "103120730", "104109311", "104111550", "104112470", "104113240", "104114740", "104116980", "105112100", "105112130", "105113480", "105115720", "105115900", "105119550", "106111321", "106113170", "106113190", "106116370", "106116441", "106116820", "106118161", "106118301", "106120290", "107112850", "107114200", "107114780", "107117630", "107118490", "107118780", "107118820", "107120260", "107120880", "107121640", "108113760", "108115070", "108115500", "108118060", "108118291", "108118520", "108118630", "108119510", "108119550", "108121351", "108121410", "109115070", "109117080", "109117110", "109117630", "109118701", "109118820", "109119010", "109120540", "109121640", "110114321", "110114561", "110116300", "110117110", "110118121", "110118701", "110118930", "110119891", "110121720", "111114941", "111115770", "111118820", "111118910", "111119340", "111119580", "111119930", "111119950", "111120220", "111120280", "111120540", "111120640", "111121220", "112116810", "112116880", "112116990", "112117471", "112117660", "112117780", "112118530", "112118620", "112118890", "112119610", "112119930", "112120990", "112121360", "113118111", "113118231", "113118490", "113119320", "113119480", "113119700", "113120260", "113120640", "113122160"], "labels": [1, 2, 0, 0, 1, 0, 1, 2, 1, 3, 0, 2, 2, 1, 3, 2, 2, 3, 2, 1, 2, 3, 2, 0, 1, 3, 3, 2, 3, 1, 2, 1, 0, 1, 3, 3, 2, 3, 0, 3, 1, 1, 1, 2, 1, 1, 1, 3, 1, 1, 2, 2, 1, 1, 1, 0, 1, 3, 1, 0, 0, 0, 2, 0, 1, 3, 1, 2, 1, 2, 2, 0, 2, 1, 3, 1, 1, 1, 1, 1, 3, 1, 3, 0, 1, 1, 1, 3, 0, 0, 1, 1, 0, 3, 3, 3, 1, 0, 1, 0, 3, 0, 3, 3, 1, 3, 3, 0, 3, 0, 0, 3, 3, 1, 0, 3, 0, 1, 0, 3, 3, 0, 0, 3, 0, 0, 1, 3, 3, 0, 1, 2, 3, 1, 3, 1, 1, 3, 0, 3, 0, 3], "predicted_labels": [0, 3, 1, 1, 0, 3, 0, 3, 1, 0, 3, 1, 1, 3, 0, 1, 1, 1, 3, 1, 1, 1, 3, 0, 1, 0, 1, 1, 1, 3, 1, 1, 0, 1, 1, 1, 3, 1, 3, 3, 1, 1, 3, 3, 0, 3, 3, 3, 1, 3, 1, 1, 1, 3, 1, 3, 1, 1, 3, 3, 3, 3, 3, 1, 3, 1, 3, 1, 1, 3, 1, 3, 1, 0, 3, 1, 3, 3, 3, 1, 3, 3, 0, 1, 1, 1, 3, 3, 1, 1, 3, 3, 1, 3, 1, 3, 3, 3, 1, 1, 1, 1, 0, 3, 1, 3, 1, 3, 3, 3, 3, 3, 3, 0, 3, 1, 3, 1, 3, 3, 1, 1, 3, 1, 3, 0, 1, 0, 3, 3, 3, 1, 0, 3, 0, 0, 3, 3, 1, 1, 3, 3], "confidence_scores": [[0.30336399711399714, 0.245135397935398, 0.20723833388833401, 0.24426227106227122], [0.22874089521589533, 0.28073564213564206, 0.20953987678987687, 0.28098358585858596], [0.22992717086834744, 0.2960126533597122, 0.1866934983317337, 0.28736667744020683], [0.2209811743811745, 0.2922356421356421, 0.22463608058608067, 0.262147102897103], [0.2698207606119372, 0.26482258786964663, 0.20493534537358088, 0.26042130614483555], [0.2904703629703631, 0.22419437229437242, 0.18404256854256873, 0.3012926961926962], [0.2635871683871685, 0.2524194083694085, 0.2382493894993896, 0.24574403374403386], [0.21842046287046296, 0.29208623598623595, 0.1802783882783883, 0.3092149128649128], [0.25334630924630935, 0.2849365911865913, 0.192149605949606, 0.26956749361749366], [0.2933778998778998, 0.25860238650238654, 0.16324153624153628, 0.28477817737817734], [0.24814519842902202, 0.2604258103008105, 0.19031050420168075, 0.301118487068487], [0.21094841155576458, 0.31938564768564753, 0.19384746479011192, 0.27581847596847614], [0.20181405816405829, 0.3412508713508712, 0.17268019758019765, 0.28425487290487295], [0.2090782967032966, 0.2783697496947498, 0.21989711954711966, 0.29265483405483395], [0.2808108169608171, 0.27289524364524365, 0.19697936507936514, 0.24931457431457438], [0.22462899322899338, 0.30948655233655237, 0.2066542085365615, 0.25923024589789295], [0.2602345816378325, 0.27168913798619676, 0.22206954332217504, 0.246006737053796], [0.2116357309357309, 0.29161221001221005, 0.21909400599400625, 0.27765805305805313], [0.2545428932178933, 0.2722740342990344, 0.18199777722277743, 0.29118529526029535], [0.230845441813089, 0.30829990369108, 0.19503376252230747, 0.26582089197352365], [0.22164950049950052, 0.31811133311133305, 0.1933221667221668, 0.2669169996669996], [0.2476980741480742, 0.3067370129870131, 0.18114357864357875, 0.26442133422133424], [0.263449322899323, 0.2328907092907094, 0.1868640637140638, 0.31679590409590414], [0.3088797258297259, 0.22271579254079266, 0.21391282883782897, 0.2544916527916528], [0.27043853923853944, 0.30550112665112666, 0.16993430458430478, 0.2541260295260297], [0.29248037518037523, 0.24919523809523814, 0.1915129592629594, 0.26681142746142744], [0.2351763386939858, 0.32053506493506473, 0.18395767533120483, 0.2603309210397446], [0.23913402871638176, 0.2769632867132868, 0.22008844880609596, 0.2638142357642357], [0.2584657592407593, 0.3141767121767119, 0.16048434343434342, 0.26687318514818514], [0.26715608280608294, 0.2528433899433901, 0.1974305544129073, 0.2825699728376199], [0.25775795870795876, 0.2835983627483627, 0.20721904761904775, 0.251424630924631], [0.2189901320901322, 0.3088969641469642, 0.17036041458541465, 0.30175248917748915], [0.2943010683760684, 0.2801435786435786, 0.16679113109113122, 0.258764221889222], [0.2545743978243978, 0.2804583194583195, 0.21866417471417496, 0.246303108003108], [0.19751748251748272, 0.33011811521811524, 0.2138610112110113, 0.25850339105339115], [0.2477626123876125, 0.28584842657342646, 0.21638542568542582, 0.25000353535353537], [0.23704371739371738, 0.26149348429348424, 0.19923730713730725, 0.302225491175491], [0.24272915385268334, 0.300904822954823, 0.22017217814864892, 0.23619384504384508], [0.3003854214413039, 0.24428586348292247, 0.14836281496281506, 0.30696590011295904], [0.3039870240870242, 0.1833191364191364, 0.2050261627261629, 0.30766767676767676], [0.23529639249639256, 0.27433237040737046, 0.23139156676656683, 0.2589796703296705], [0.2348048071209837, 0.3111899760370349, 0.18561089759913293, 0.26839431924284873], [0.2266559551559552, 0.2729764291264292, 0.22634619269619277, 0.27402142302142307], [0.24645536130536144, 0.2551770063270065, 0.21963879453879467, 0.2787288378288379], [0.3534258519258519, 0.2286005217005218, 0.15677848262848265, 0.2611951437451438], [0.21915471832089486, 0.2830898332060094, 0.1949927614868793, 0.3027626869862163], [0.2423678155178155, 0.28486762681762684, 0.18327742812742828, 0.2894871295371295], [0.25519167499167517, 0.2758272671772672, 0.15620801975801982, 0.3127730380730382], [0.2661514798926564, 0.2749903762903763, 0.20859136615018975, 0.2502667776667777], [0.2497211066711066, 0.24237634032634037, 0.20143297813297806, 0.30646957486957477], [0.21793254523254524, 0.3541684953934953, 0.22492174039410887, 0.20297721897985066], [0.2195455929691224, 0.29387207792207787, 0.22303737961385028, 0.26354494949494955], [0.21592667332667334, 0.2719868770118771, 0.24647370129870144, 0.26561274836274834], [0.24850087135087143, 0.2584459984459986, 0.18192632922632931, 0.31112680097680073], [0.23059668942168943, 0.3666519536019534, 0.17328556998557004, 0.22946578699078704], [0.2435754297989592, 0.2634747474747475, 0.18491574569221633, 0.3080340770340771], [0.2261381673881674, 0.30662456709956704, 0.19433585026085032, 0.2729014152514152], [0.2431737956487957, 0.30510802253302244, 0.1709278277278277, 0.28079035409035413], [0.26812911182384863, 0.27282326912853233, 0.17131719946719945, 0.2877304195804195], [0.26295552225552227, 0.24879816849816855, 0.21477394272394285, 0.27347236652236645], [0.26944071484071497, 0.24074203574203584, 0.1883953990453992, 0.3014218503718506], [0.23118917748917753, 0.2538945387945388, 0.18771986346986358, 0.3271964202464202], [0.270419739737387, 0.20908207903207893, 0.20601649265766928, 0.314481688572865], [0.24257031857031852, 0.2977042199630436, 0.16980919080919094, 0.28991627065744724], [0.22144692529692533, 0.2572865079365081, 0.21629720834720845, 0.3049693584193584], [0.26200299700299723, 0.32028402708402703, 0.17969678099678107, 0.2380161949161952], [0.24283471446853813, 0.2371933372183373, 0.18034148710766362, 0.33963046120546125], [0.24047496392496417, 0.2777235930735932, 0.22716401931401936, 0.2546374236874237], [0.21560057720057732, 0.30679138639138626, 0.18118681873681883, 0.29642121767121776], [0.2788103674103675, 0.27030154845154847, 0.16415983460983471, 0.2867282495282496], [0.23056112498612508, 0.2874983211233211, 0.23980911310911307, 0.24213144078144078], [0.24547632922632937, 0.22890275835275845, 0.26160644355644375, 0.26401446886446894], [0.24141690531690538, 0.3171189921189922, 0.1837897241647242, 0.25767437839937846], [0.2893772727272727, 0.2569349594849593, 0.168520362970363, 0.2851674048174048], [0.25986853701853724, 0.2601375457875459, 0.2026903041403044, 0.277303613053613], [0.2225953102453103, 0.2841628926628927, 0.21884135309135316, 0.27440044400044405], [0.21679667759141455, 0.2591441038493671, 0.22694360084360093, 0.2971156177156177], [0.22412206518971234, 0.26725238095238085, 0.2162134262796029, 0.29241212757830404], [0.22458114663114667, 0.2364373210123211, 0.26064818237318244, 0.27833334998335], [0.24731226551226568, 0.28520544455544455, 0.1975351481851484, 0.26994714174714185], [0.2320226507152978, 0.28615534547152194, 0.16748512957630615, 0.3143368742368742], [0.25794721389721403, 0.23144008491508497, 0.20714196359196366, 0.30347073759573767], [0.3206395881895882, 0.2422182040182041, 0.1619915362415363, 0.27515067155067163], [0.2265744141479437, 0.29246676101676095, 0.23124713652360718, 0.24971168831168827], [0.20943116883116902, 0.31909190254190256, 0.16899104784104788, 0.30248588078588057], [0.223682029082029, 0.27372404817404816, 0.25440659895659906, 0.2481873237873238], [0.2502672200348671, 0.22702323232323246, 0.23638318707436373, 0.286326360567537], [0.25576967362702663, 0.23248541181041188, 0.19659878291643015, 0.31514613164613176], [0.2832757076257076, 0.29648148518148515, 0.18660831945831952, 0.23363448773448786], [0.2208320644268013, 0.3414928717481348, 0.18156577866577878, 0.2561092851592852], [0.1974133366633368, 0.2716506493506494, 0.23534358974358988, 0.29559242424242416], [0.2598719558219558, 0.2587218503718504, 0.19105115048350352, 0.29035504332269046], [0.2664455204152575, 0.28919935056343726, 0.212050555000555, 0.23230457402075066], [0.26450057442557445, 0.25977497224997226, 0.2059745754245755, 0.26974987789987803], [0.23207700077700094, 0.32101383061383054, 0.211551665001665, 0.23535750360750363], [0.22167034632034632, 0.2650176795426797, 0.20070936285936303, 0.31260261127761124], [0.24200342084815787, 0.2820220611861478, 0.16965521700521718, 0.3063193009604775], [0.2559434038184039, 0.2809166333666335, 0.17197204184704187, 0.291167920967921], [0.25654034462269765, 0.3196724941724942, 0.21412113278877998, 0.20966602841602855], [0.21453465978465985, 0.272107647907648, 0.24553941058941062, 0.2678182817182818], [0.25720458985458994, 0.29809498279498275, 0.1965210622710624, 0.24817936507936508], [0.231176073926074, 0.27551580086580096, 0.2383327061827063, 0.25497541902541904], [0.3034419191919193, 0.2831370851370852, 0.12170079365079368, 0.2917202020202022], [0.22873700188700188, 0.26064011544011545, 0.19611719946719955, 0.31450568320568323], [0.21142995892995903, 0.31926127761127776, 0.17417916527916535, 0.2951295981795983], [0.22420326340326352, 0.2732124986124987, 0.20736316738816754, 0.2952210705960707], [0.2415154750478281, 0.27029275528393176, 0.22330869196163328, 0.2648830777066073], [0.2557859251859253, 0.2536031607281608, 0.18605824453324457, 0.3045526695526696], [0.22674675324675328, 0.25192141469641477, 0.18771524586524588, 0.3336165861915862], [0.26753977688977704, 0.2614260905760906, 0.15718912753912773, 0.31384500499500495], [0.2648010533584063, 0.2554992016153783, 0.168376196679138, 0.31132354834707765], [0.2688247696747699, 0.22995536130536143, 0.21350841935841944, 0.2877114496614497], [0.2740202908202909, 0.24825068265068273, 0.1760243645243646, 0.30170466200466195], [0.2775252375075905, 0.23629817959817964, 0.21989049953314663, 0.2662860833610833], [0.23935252525252534, 0.2556118326118327, 0.2169928571428573, 0.2880427849927851], [0.2887711447908817, 0.29059445904972203, 0.18216279831279847, 0.23847159784659808], [0.2789630480630482, 0.27808981018981027, 0.15641703296703302, 0.28653010878010876], [0.20448888888888897, 0.35150302475302464, 0.20140699023199035, 0.2426010961260962], [0.2485422244422245, 0.273550815850816, 0.18983830613830624, 0.2880686535686535], [0.246073026973027, 0.24380941558441577, 0.1626944416694417, 0.34742311577311574], [0.2757570949518319, 0.2776052557693424, 0.19808762903762905, 0.24855002024119677], [0.270608642990996, 0.2726541161452926, 0.20254801375095505, 0.2541892271127566], [0.24699169441669458, 0.21596464091464096, 0.2024120118443649, 0.3346316528242998], [0.26034815944289635, 0.32812688218214525, 0.15780192585192604, 0.25372303252303263], [0.26076916971916986, 0.24943433233433238, 0.17670444555444562, 0.31309205239205246], [0.30284125523599215, 0.2571189567742199, 0.22986029526029544, 0.21017949272949293], [0.2138747956721642, 0.2917210289710291, 0.22565116170379346, 0.2687530136530137], [0.2950032428355958, 0.26933683538683545, 0.14187250919015634, 0.2937874125874125], [0.24511035631035638, 0.2741362359862361, 0.16537743922743936, 0.3153759684759683], [0.25904694749694757, 0.25573648573648583, 0.2097040404040405, 0.2755125263625263], [0.2332808746808747, 0.26680502830502845, 0.2193541125541126, 0.2805599844599843], [0.2501417963615331, 0.305872605902869, 0.171101048951049, 0.2728845487845488], [0.3026046675546677, 0.2754610833610835, 0.1852956987456989, 0.2366385503385505], [0.24335288045288062, 0.25152925407925425, 0.19620810300810315, 0.30890976245976237], [0.2793173604173605, 0.2667231712731714, 0.19308112998113006, 0.2608783383283384], [0.2889937489411174, 0.24297498612498625, 0.18893919589182764, 0.27909206904206896], [0.27251663891663885, 0.26554696414696416, 0.14770934065934072, 0.31422705627705627], [0.2657005893229579, 0.24507162559662576, 0.1898207004983322, 0.29940708458208437], [0.24237397047397044, 0.3151279859029858, 0.1953051365301366, 0.24719290709290717], [0.23829773559773582, 0.2754141303141303, 0.21203854478854478, 0.2742495892995893], [0.23334555371529064, 0.27315022550548873, 0.20475896880896893, 0.28874525197025186], [0.2172072660999133, 0.2891823712235475, 0.18630590879708533, 0.3073044538794539]]}}