{"test": {"ids": ["101116130", "110120540", "97107681", "107115140", "111119290", "104111780", "101108950", "98109230", "109113931", "113121220", "110120531", "112116640", "97107950", "101117580", "102109840", "101110200", "104113210", "102121700", "112116610", "113119360", "104113000", "109114220", "100113210", "111121930", "105115680", "100115700", "104111380", "99107500", "107114110", "98106880", "107113130", "101108080", "106121220", "113122120", "105116441", "104112201", "110118810", "106116850", "109118231", "99109860", "110119891", "108118060", "100109890", "113122320", "111114941", "104118070", "107121700", "98108370", "112117030", "98120010", "101119591", "109116040", "107112840", "104114740", "107116980", "109115380", "108120280", "104118340", "108113760", "107114621", "98108150", "110118701", "113120780", "106114280", "99111440", "99113260", "108114040", "100116790", "99111340", "106117790", "102121440", "109117110", "105116501", "111120190", "112117431", "110118121", "110115710", "100108260", "110119030", "109114030", "97112300", "109116750", "113120070", "113121950", "99108710", "97116401", "112118530", "105117351", "104113240", "102118380", "108121351", "97107260", "100108580", "105116090", "106115240", "110117870", "112119500", "109120150", "113120640", "108115070", "102108621", "113121980", "102113350", "107120010", "108115970", "105117200", "97107821", "112118471", "113121010", "108118630", "112117580", "99112840", "98107210", "108114180", "98112170", "99107300", "103120290", "103117461", "110114920", "105120621", "113119950", "111119930", "98107410", "107116501", "110118161", "107117630", "105113620", "113122170", "101115190", "103109641", "108114670", "101108460", "110118740", "110114720", "111115620", "104117630", "113122650", "99109780", "99117740", "104110960", "105115380", "113117340"], "labels": [2, 1, 3, 0, 3, 3, 2, 1, 1, 3, 0, 0, 2, 3, 2, 2, 3, 1, 1, 0, 1, 3, 0, 1, 2, 1, 3, 0, 1, 0, 1, 0, 1, 1, 1, 0, 1, 3, 1, 2, 3, 1, 3, 1, 0, 2, 3, 1, 2, 2, 0, 0, 1, 2, 3, 3, 3, 2, 1, 0, 0, 3, 0, 3, 3, 0, 0, 2, 1, 1, 2, 1, 1, 3, 0, 3, 2, 3, 0, 1, 2, 0, 2, 3, 2, 3, 1, 0, 2, 1, 3, 2, 0, 1, 1, 3, 2, 2, 0, 1, 3, 2, 3, 1, 2, 3, 2, 1, 2, 1, 0, 2, 1, 1, 3, 3, 2, 0, 3, 1, 0, 1, 3, 1, 0, 0, 0, 1, 1, 1, 3, 0, 3, 3, 1, 0, 2, 2, 2, 2, 1, 2], "predicted_labels": [3, 2, 3, 3, 3, 0, 1, 3, 3, 3, 3, 1, 3, 3, 2, 2, 3, 0, 1, 3, 0, 0, 3, 0, 2, 1, 1, 1, 0, 0, 2, 0, 3, 1, 0, 3, 3, 0, 3, 3, 3, 3, 0, 0, 0, 3, 1, 3, 3, 2, 3, 3, 3, 2, 1, 2, 3, 1, 0, 0, 3, 0, 1, 2, 1, 3, 2, 0, 2, 0, 2, 1, 3, 1, 0, 3, 3, 3, 1, 3, 0, 1, 3, 3, 3, 3, 2, 0, 3, 1, 3, 2, 2, 3, 1, 3, 3, 1, 1, 1, 0, 0, 0, 3, 2, 0, 0, 0, 1, 2, 1, 0, 2, 2, 1, 0, 3, 0, 3, 0, 3, 0, 1, 3, 1, 3, 1, 1, 3, 0, 1, 3, 0, 0, 0, 0, 2, 3, 3, 2, 2, 3], "confidence_scores": [[0.21164006900020002, 0.24334292354709322, 0.1554509652833431, 0.38956604216936375], [0.15103261430770218, 0.19567296820455435, 0.35656298195317626, 0.2967314355345674], [0.2578007902371443, 0.25536229906475705, 0.1876662708641388, 0.2991706398339599], [0.19335447111763715, 0.19113119082058566, 0.15998258916920502, 0.45553174889257225], [0.30429573566096885, 0.2131710534903542, 0.1002755725588097, 0.3822576382898675], [0.2931561545899462, 0.26519440310088827, 0.15036174961923324, 0.2912876926899324], [0.23742162493230662, 0.3598285805888971, 0.15610012620812141, 0.24664966827067492], [0.17914861145102748, 0.22662021759350853, 0.2968906436549905, 0.29734052730047356], [0.27041629736725153, 0.20878931005982898, 0.1247059369132161, 0.3960884556597035], [0.2895862754896787, 0.19582600616402362, 0.21861558781604454, 0.29597213053025323], [0.25921052936073524, 0.2107669608157813, 0.17684584573866227, 0.35317666408482123], [0.21293350711878836, 0.335618542023253, 0.1449341817223992, 0.3065137691355595], [0.1284648224127849, 0.2990262194507178, 0.17254254313758932, 0.3999664149989079], [0.178616188923349, 0.22728332590690156, 0.11569046649487184, 0.47841001867487776], [0.2751771780650613, 0.2527895025593313, 0.3207122611578367, 0.15132105821777067], [0.061975971165673674, 0.09814071231001212, 0.60531730100014, 0.23456601552417425], [0.23844927973939783, 0.15108235740107143, 0.23504708640039187, 0.375421276459139], [0.427114029681165, 0.13902186197085595, 0.21096699726934884, 0.22289711107863014], [0.23288826379797403, 0.3022714295368378, 0.2475590925959748, 0.21728121406921325], [0.3724085277962457, 0.09957956331377403, 0.12840515072994338, 0.39960675816003693], [0.31379085876203433, 0.23541482467601843, 0.15496077075963827, 0.295833545802309], [0.6034743490592388, 0.17444419832718422, 0.08745511196295933, 0.1346263406506175], [0.22822535159793908, 0.3110955147533764, 0.14869345185062735, 0.3119856817980573], [0.3549007272680141, 0.3152127089678854, 0.10382800254376745, 0.2260585612203333], [0.0701134531741095, 0.3307571080017903, 0.4149659839149953, 0.1841634549091049], [0.23030345438260855, 0.35787135176857815, 0.12059062535185858, 0.2912345684969548], [0.28582474719451556, 0.29496958381517674, 0.15322160245237776, 0.26598406653793], [0.1993991672154582, 0.36624040735386576, 0.17202582438214203, 0.2623346010485341], [0.30709923090078756, 0.28709770764805803, 0.16050792059348953, 0.245295140857665], [0.32693768701182147, 0.2706615628894983, 0.13640814498127501, 0.2659926051174055], [0.2578288792025833, 0.16237311320949996, 0.4290142147901812, 0.15078379279773566], [0.3362829582257313, 0.23909403007070035, 0.09392592745572839, 0.33069708424784006], [0.1931275865063319, 0.2769542666894892, 0.18094447186064014, 0.3489736749435388], [0.22555721037918192, 0.35094889869392815, 0.17760039132168315, 0.2458934996052069], [0.3336493854726654, 0.28405500342850787, 0.06971410017362775, 0.3125815109251991], [0.3180541077184791, 0.14326899423849498, 0.07357855913172388, 0.4650983389113021], [0.18434752522698267, 0.29470425581799614, 0.21217364612762873, 0.3087745728273925], [0.39680747253731463, 0.09818719119634922, 0.34199981640009425, 0.1630055198662419], [0.24333471099262768, 0.30704367654382436, 0.11397273099961433, 0.3356488814639338], [0.2712201451785878, 0.28581666257915944, 0.1218990788294312, 0.3210641134128215], [0.32094256096196006, 0.27582056105523584, 0.06627942143185489, 0.3369574565509493], [0.19106432005522336, 0.18552029013708635, 0.18404250399017144, 0.43937288581751877], [0.36563687987225724, 0.27515645694592067, 0.0965648219559451, 0.26264184122587714], [0.38972174032783585, 0.1813750361207784, 0.1141141187169884, 0.3147891048343973], [0.2653843927120533, 0.24319470501864937, 0.248112475768838, 0.2433084265004595], [0.2751665781307247, 0.2122824263294399, 0.18313257670518673, 0.32941841883464884], [0.21752272689054888, 0.3040054422226059, 0.17754476172756176, 0.3009270691592834], [0.253176653951817, 0.2825652384426572, 0.1462211448484456, 0.31803696275708027], [0.1846429869293011, 0.31214437741733886, 0.0975519938506373, 0.4056606418027228], [0.2377413481182229, 0.17365955337920802, 0.4636188903824254, 0.1249802081201438], [0.28072722217210483, 0.23644029407997094, 0.09966014786806929, 0.383172335879855], [0.22741120543382695, 0.26961709722949184, 0.18509595740398596, 0.31787573993269547], [0.16167120815383304, 0.25691370226050886, 0.2874315031529545, 0.29398358643270356], [0.16711248652696206, 0.23907630002496538, 0.29795721477697545, 0.2958539986710972], [0.17100056625231955, 0.3077366744468802, 0.22512338749491567, 0.2961393718058844], [0.12403718105198035, 0.3250147132731898, 0.33430403433845507, 0.21664407133637467], [0.28689623163741834, 0.1834169361075235, 0.13241190394038518, 0.3972749283146731], [0.1403904506743593, 0.40378089584112264, 0.16638752469981521, 0.28944112878470274], [0.27793864696102943, 0.1940484383693591, 0.25134307934761785, 0.2766698353219938], [0.3354831370781321, 0.3172911911781716, 0.1026095587603901, 0.2446161129833062], [0.23630525281374543, 0.21979492588634655, 0.08057934085123951, 0.46332048044866836], [0.3633112843124025, 0.31082179955547184, 0.17895193131704867, 0.14691498481507698], [0.12441209099389808, 0.5086918613310143, 0.0927485231624979, 0.27414752451258984], [0.10313880216973043, 0.10785171691803651, 0.5584553247311289, 0.23055415618110398], [0.22194894449990854, 0.35896618752493775, 0.12899215868370958, 0.29009270929144415], [0.19864890687398498, 0.3137082449027289, 0.15273579963831577, 0.33490704858497033], [0.14221838525904543, 0.23787146114192906, 0.36577184073707253, 0.25413831286195315], [0.34476038048851154, 0.2574097544570042, 0.1068578998117576, 0.2909719652427266], [0.16783975828454095, 0.2587244758742264, 0.2917462850270154, 0.28168948081421735], [0.31507595872161326, 0.22875864727594825, 0.18139207790686407, 0.27477331609557454], [0.1710404479582097, 0.15322819210528535, 0.512017225797779, 0.163714134138726], [0.1796126083459003, 0.4659629188255454, 0.13067186016295765, 0.22375261266559673], [0.27541429519469846, 0.15942603108468525, 0.1218045436399717, 0.4433551300806446], [0.23151754477336398, 0.48960703714974924, 0.10043946785680427, 0.17843595022008252], [0.3111980762479712, 0.22372318892710946, 0.22331020836810575, 0.24176852645681376], [0.2531675938115805, 0.2985433853051624, 0.14944408628561745, 0.29884493459763967], [0.26353910660565805, 0.08160460177317792, 0.2575651983776277, 0.39729109324353623], [0.23065538553145187, 0.2704577039446061, 0.15605787539414828, 0.3428290351297937], [0.2033844080487536, 0.401526728297895, 0.1388568712356337, 0.25623199241771766], [0.2756635885889936, 0.20806844152933787, 0.17035788292055112, 0.3459100869611174], [0.5242563648038887, 0.21223531678691557, 0.09314229715636584, 0.1703660212528298], [0.2470152038211141, 0.3295848778624537, 0.19410474690109525, 0.22929517141533715], [0.16201711972522298, 0.3162665719427025, 0.102156405990733, 0.4195599023413414], [0.21548298167119115, 0.28425083458917905, 0.13997495958067527, 0.36029122415895465], [0.12455141644803688, 0.30161384943942127, 0.10697519398099883, 0.46685954013154307], [0.2840026921546431, 0.2855359151953519, 0.11295866585425927, 0.31750272679574576], [0.18035625743929937, 0.2530279455503307, 0.34244649776189157, 0.22416929924847848], [0.3983483580791583, 0.24696467640598296, 0.0983256698321521, 0.2563612956827068], [0.10807123606337149, 0.24978595688112312, 0.28117981827249156, 0.36096298878301386], [0.18020520616524302, 0.37000917231321195, 0.19258354889055784, 0.2572020726309873], [0.2558520298787933, 0.12330813189310144, 0.2601524331195503, 0.36068740510855496], [0.23132094413759854, 0.17740589021690334, 0.37086131721008364, 0.22041184843541448], [0.16413507347994022, 0.11385600637878097, 0.40872682755680734, 0.31328209258447137], [0.32231304447127906, 0.14989170504875393, 0.08340662592537693, 0.4443886245545899], [0.21455107202744655, 0.3029412997011203, 0.22844657523346298, 0.25406105303797005], [0.12748254482070218, 0.32712368012947307, 0.1973721855247762, 0.34802158952504864], [0.22735648290107086, 0.30828478118998925, 0.13613309348488747, 0.3282256424240525], [0.16678213575730008, 0.3311358153824977, 0.20486210963250814, 0.297219939227694], [0.23333125674257973, 0.35927313687985435, 0.14381415904087805, 0.2635814473366878], [0.3123688116678804, 0.3143108748326197, 0.08958852520687823, 0.28373178829262174], [0.7364900177393501, 0.0922789922781741, 0.06354599366459775, 0.10768499631787813], [0.3494624529061162, 0.2669003583002897, 0.10560807848689652, 0.2780291103066976], [0.5111260393501439, 0.23552294310328376, 0.11726526939311349, 0.1360857481534589], [0.19946436157190098, 0.18649300704275273, 0.21128921628796074, 0.4027534150973854], [0.3202445299491862, 0.10471286290680892, 0.42270026543273775, 0.1523423417112672], [0.33918025894234966, 0.21358763331355715, 0.14870822164841996, 0.2985238860956731], [0.42006092378083015, 0.3134892801847199, 0.05631191172404706, 0.21013788431040278], [0.3796203906695324, 0.28388267308340326, 0.12346982265626878, 0.21302711359079562], [0.20716518947337964, 0.5419451482696213, 0.08386585765274192, 0.16702380460425723], [0.27163802670840714, 0.19264880489640235, 0.31285868999107924, 0.22285447840411127], [0.2240637473872744, 0.37691413505385185, 0.08117531065201132, 0.3178468069068625], [0.45136309360518057, 0.22988241977963905, 0.11674057501496295, 0.20201391160021756], [0.12691732487437016, 0.18359362440405658, 0.417075177782957, 0.27241387293861635], [0.24273961773122144, 0.2096525273772562, 0.2853003174692551, 0.2623075374222672], [0.22149467769677372, 0.37977693285562464, 0.1602289636497284, 0.2384994257978734], [0.3260590623411613, 0.23408029542514264, 0.16927256608872698, 0.27058807614496916], [0.26366738774754744, 0.20173983218653813, 0.1694166784789291, 0.3651761015869854], [0.48966474002376287, 0.19261471406639757, 0.11871318136288508, 0.19900736454695467], [0.19619827656786015, 0.24971081508223494, 0.06749110672617602, 0.48659980162372896], [0.42654203951180003, 0.1825913417177902, 0.08034397650616505, 0.31052264226424475], [0.2585041536398223, 0.25338899429104783, 0.08558152295785863, 0.4025253291112712], [0.3203273991522665, 0.19882110949585924, 0.20970842590895686, 0.2711430654429174], [0.2641554850661062, 0.38816196143456616, 0.0747249296479943, 0.2729576238513333], [0.2794682083530587, 0.23850218296314604, 0.1224497051123748, 0.3595799035714206], [0.25019228053135184, 0.28686351283646333, 0.27134324722933884, 0.191600959402846], [0.24854414498210375, 0.2341147010973042, 0.16312257028487467, 0.3542185836357174], [0.20040588353631575, 0.3064741040534581, 0.18693743245535915, 0.3061825799548671], [0.11494064726535169, 0.5011573984637399, 0.10978452430504332, 0.27411742996586524], [0.2086236489433474, 0.21786792369643834, 0.14201541900506925, 0.4314930083551449], [0.4402969823471787, 0.231151981462189, 0.11640623761325783, 0.21214479857737456], [0.2386387975946077, 0.2933912776414778, 0.1986364961597682, 0.26933342860414633], [0.12919401409234477, 0.09094751676038292, 0.05707879871336952, 0.7227796704339029], [0.4455396031718669, 0.11104840117988066, 0.18883898627005063, 0.2545730093782018], [0.28920480159571704, 0.24023758183968033, 0.28367435679972536, 0.1868832597648774], [0.34005733640707303, 0.23871362777502786, 0.12631207937072897, 0.29491695644717025], [0.4839020302994533, 0.17050401918469135, 0.08443535383047113, 0.2611585966853844], [0.21480047066367255, 0.2073079985394951, 0.34050050235518914, 0.23739102844164311], [0.21470466057810675, 0.20350814997259029, 0.177039910216548, 0.40474727923275505], [0.21997986192567218, 0.23847715737138903, 0.09464615384324229, 0.4468968268596964], [0.17566070969063832, 0.18649740170727128, 0.38367450106375106, 0.25416738753833945], [0.13315572874822526, 0.15972324573566796, 0.41375171736706123, 0.29336930814904555], [0.15360805096858923, 0.35060886320782336, 0.09598718039273946, 0.3997959054308479]]}, "rewritten": {"ids": ["97107260", "97107681", "97107821", "97107950", "97112300", "97116401", "98106880", "98107210", "98107410", "98108150", "98108370", "98109230", "98112170", "98120010", "99107300", "99107500", "99108710", "99109780", "99109860", "99111340", "99111440", "99112840", "99113260", "99117740", "100108260", "100108580", "100109890", "100113210", "100115700", "100116790", "101108080", "101108460", "101108950", "101110200", "101115190", "101116130", "101117580", "101119591", "102108621", "102109840", "102113350", "102118380", "102121440", "102121700", "103109641", "103117461", "103120290", "104110960", "104111380", "104111780", "104112201", "104113000", "104113210", "104113240", "104114740", "104117630", "104118070", "104118340", "105113620", "105115380", "105115680", "105116090", "105116441", "105116501", "105117200", "105117351", "105120621", "106114280", "106115240", "106116850", "106117790", "106121220", "107112840", "107113130", "107114110", "107114621", "107115140", "107116501", "107116980", "107117630", "107120010", "107121700", "108113760", "108114040", "108114180", "108114670", "108115070", "108115970", "108118060", "108118630", "108120280", "108121351", "109113931", "109114030", "109114220", "109115380", "109116040", "109116750", "109117110", "109118231", "109120150", "110114720", "110114920", "110115710", "110117870", "110118121", "110118161", "110118701", "110118740", "110118810", "110119030", "110119891", "110120531", "110120540", "111114941", "111115620", "111119290", "111119930", "111120190", "111121930", "112116610", "112116640", "112117030", "112117431", "112117580", "112118471", "112118530", "112119500", "113117340", "113119360", "113119950", "113120070", "113120640", "113120780", "113121010", "113121220", "113121950", "113121980", "113122120", "113122170", "113122320", "113122650"], "labels": [2, 3, 2, 2, 2, 3, 0, 1, 3, 0, 1, 1, 3, 2, 3, 0, 2, 2, 2, 1, 3, 2, 0, 2, 3, 0, 3, 0, 1, 2, 0, 0, 2, 2, 1, 2, 3, 0, 3, 2, 3, 1, 2, 1, 1, 0, 2, 2, 3, 3, 0, 1, 3, 2, 2, 0, 2, 2, 0, 1, 2, 1, 1, 1, 3, 0, 1, 3, 1, 3, 1, 1, 1, 1, 1, 0, 0, 1, 3, 0, 1, 3, 1, 0, 1, 3, 1, 2, 1, 1, 3, 3, 1, 1, 3, 3, 0, 0, 1, 1, 2, 3, 3, 2, 3, 3, 0, 3, 3, 1, 0, 3, 0, 1, 0, 1, 3, 1, 3, 1, 1, 0, 2, 0, 0, 1, 1, 2, 2, 0, 0, 2, 0, 0, 2, 3, 3, 2, 1, 1, 1, 2], "predicted_labels": [2, 1, 1, 1, 1, 1, 1, 1, 1, 0, 1, 1, 0, 1, 0, 3, 1, 1, 1, 2, 1, 0, 1, 0, 1, 2, 1, 2, 1, 1, 3, 3, 1, 2, 1, 1, 2, 3, 3, 1, 2, 2, 2, 2, 3, 0, 0, 2, 1, 2, 1, 1, 0, 1, 2, 2, 1, 1, 2, 2, 1, 1, 3, 1, 1, 1, 0, 2, 1, 2, 2, 3, 1, 1, 0, 1, 0, 1, 1, 2, 2, 3, 1, 1, 1, 1, 1, 1, 1, 3, 3, 2, 3, 0, 1, 1, 1, 1, 3, 3, 3, 1, 3, 1, 1, 1, 0, 1, 2, 2, 1, 1, 1, 1, 2, 1, 1, 1, 1, 1, 1, 1, 1, 1, 1, 2, 1, 3, 1, 1, 3, 2, 1, 1, 1, 1, 3, 1, 3, 1, 1, 1], "confidence_scores": [[0.1349158205460748, 0.20548950515579964, 0.4618137888313927, 0.197780885466733], [0.24186044639100301, 0.306364920551589, 0.16526520081548646, 0.28650943224192155], [0.37099222101462714, 0.37563098491937463, 0.06468578932893605, 0.18869100473706218], [0.1370963553195643, 0.342488406670757, 0.19860341057610992, 0.3218118274335687], [0.12239034393021164, 0.438591904971968, 0.08543847364551348, 0.35357927745230683], [0.2767461395617775, 0.3358045570732911, 0.10895705261227946, 0.27849225075265194], [0.20590743849925008, 0.32605138297344843, 0.14594445794904767, 0.32209672057825367], [0.09160113738026485, 0.581993130092671, 0.16840869225010488, 0.15799704027695924], [0.2094548613167668, 0.3380466196254328, 0.13026830100700645, 0.32223021805079394], [0.3272833463583969, 0.2962299659388825, 0.16207073514781223, 0.2144159525549084], [0.2199619324672675, 0.4701385786352335, 0.08782568440205339, 0.22207380449544561], [0.12090535687572206, 0.42146573503098805, 0.20205998114719687, 0.25556892694609284], [0.373075167371484, 0.20224163233030767, 0.23873596290526375, 0.1859472373929446], [0.24085878549062167, 0.43318695244185723, 0.17005011547343232, 0.15590414659408883], [0.2906875284827365, 0.2509896829758009, 0.1969896050244106, 0.26133318351705204], [0.14695759080437343, 0.2768465317164083, 0.1186761568161406, 0.45751972066307767], [0.13599290309588877, 0.532078013089125, 0.15205912897743212, 0.17986995483755414], [0.08898074624902008, 0.3949083267175666, 0.16215888555423527, 0.35395204147917825], [0.271848615783389, 0.3766927222263008, 0.11074344622347786, 0.24071521576683225], [0.16573383969073008, 0.20411704919773388, 0.434551229002008, 0.19559788210952794], [0.13722515271816021, 0.5517915023542223, 0.10347318266931871, 0.2075101622582988], [0.6021995246622067, 0.23997690617211792, 0.053628382031635065, 0.10419518713404026], [0.146594852324112, 0.4673268223078971, 0.2125842790626464, 0.17349404630534448], [0.30387856915799616, 0.26002612695770616, 0.133547953509002, 0.30254735037529584], [0.17332865756135712, 0.3136035889989233, 0.21542983023538972, 0.29763792320432964], [0.2599913066150214, 0.19033159751381573, 0.28399368609955733, 0.2656834097716055], [0.20804710223324221, 0.3337571875777184, 0.21334145396806084, 0.2448542562209785], [0.19785530564107076, 0.2340398342334567, 0.3635785441078776, 0.2045263160175949], [0.22824367622134642, 0.5062341159103936, 0.09180478821903239, 0.1737174196492277], [0.09680514287974445, 0.44483339613866346, 0.2874953344649642, 0.17086612651662783], [0.2087690764766161, 0.17914861018468428, 0.12810461590954986, 0.4839776974291499], [0.10317909812097777, 0.13780314240885722, 0.06923872017979739, 0.6897790392903677], [0.21133369236274743, 0.4051221260193513, 0.10642285664023149, 0.27712132497766984], [0.18785498060352185, 0.2350566873683662, 0.3021761530530703, 0.2749121789750416], [0.1646092789649708, 0.47081299476058847, 0.13029407907670118, 0.23428364719773964], [0.1832061457008825, 0.5259239789145057, 0.10318513874670428, 0.18768473663790744], [0.08707608051375983, 0.3493219799442864, 0.39310749720234267, 0.1704944423396112], [0.22072552083309907, 0.26310032092807956, 0.1836048021522089, 0.3325693560866124], [0.21245698976503488, 0.2260774661483212, 0.15660664659544662, 0.40485889749119736], [0.18352680451694256, 0.4261464662550404, 0.2130839292214475, 0.1772428000065696], [0.13126192610897833, 0.2542112675314285, 0.4301902006062863, 0.1843366057533069], [0.06780768198270402, 0.2726340700448649, 0.4795336388377119, 0.18002460913471924], [0.17817419796863485, 0.3171652106688393, 0.32381211954279276, 0.18084847181973304], [0.30626444900187466, 0.14738308641235912, 0.3915302252913238, 0.15482223929444242], [0.2535895003693475, 0.29743134866670706, 0.10170520644721191, 0.3472739445167337], [0.3539995754686847, 0.2629872723357864, 0.15779838175665176, 0.22521477043887722], [0.3284198591143425, 0.32520233632992857, 0.19672796725092298, 0.149649837304806], [0.1116666498187073, 0.1152728180897295, 0.5264565783202924, 0.24660395377127084], [0.13247617983174523, 0.5126429856396925, 0.19138675702460894, 0.16349407750395342], [0.17333107134382442, 0.25950616132909005, 0.31235399352527, 0.25480877380181555], [0.2939980506227846, 0.3231044421086483, 0.10384495956436478, 0.2790525477042024], [0.14065345454575945, 0.4412538591400342, 0.26296801170117645, 0.15512467461303], [0.3040441425578996, 0.1887847155540352, 0.25873927226983445, 0.24843186961823105], [0.10012261329144949, 0.41824759518668336, 0.31758263048920116, 0.16404716103266612], [0.12766935003908894, 0.2386106358583938, 0.3399702831336213, 0.29374973096889584], [0.08097175269384894, 0.14837428327719945, 0.6501086771713942, 0.1205452868575574], [0.09724533978678002, 0.4392142973411169, 0.2857514639633841, 0.17778889890871902], [0.16809422134596275, 0.47433733838713166, 0.11023117417967786, 0.2473372660872277], [0.1993738589905854, 0.24913901131833327, 0.3024132592954462, 0.24907387039563528], [0.10667461037097785, 0.2802958991832847, 0.4618632033571228, 0.1511662870886146], [0.1436541268873523, 0.4116185409983009, 0.18924992954001085, 0.255477402574336], [0.12297458137172576, 0.32036845108693107, 0.3121587405143597, 0.2444982270269835], [0.2765232262694291, 0.2399701504135223, 0.14683814452548102, 0.33666847879156775], [0.2806063450312234, 0.3984077320894771, 0.10260078338479339, 0.21838513949450622], [0.16118417588177433, 0.33514599750850255, 0.21968847111531956, 0.2839813554944037], [0.30014328995562434, 0.3424935981974861, 0.11867910167344052, 0.23868401017344887], [0.607953660542124, 0.21315898902752375, 0.0495221721558047, 0.12936517827454758], [0.14445172074976115, 0.24003396093774854, 0.46060300638887114, 0.15491131192361912], [0.17786602732293152, 0.5300378481676199, 0.1056470100740814, 0.18644911443536724], [0.09653659499015103, 0.36987517878634557, 0.3767968760801334, 0.15679135014336998], [0.20234731193836997, 0.24255188510422646, 0.3175798620817445, 0.2375209408756591], [0.22109310055352138, 0.20947516289144624, 0.2589813140637454, 0.3104504224912869], [0.15829043453712083, 0.3052859307791687, 0.2965585326480302, 0.23986510203568043], [0.08707394213123226, 0.6625696440069515, 0.11640487092888367, 0.13395154293293263], [0.36680151703894587, 0.2724035348340745, 0.10697414144593201, 0.25382080668104795], [0.2487643832234911, 0.3267983814858127, 0.12543721787535766, 0.2990000174153386], [0.3601226515190891, 0.29341371853603126, 0.14819935344106389, 0.19826427650381578], [0.21967267770169, 0.330024727371416, 0.15707767627829666, 0.29322491864859734], [0.1832055429653414, 0.334621519087504, 0.19911673962083776, 0.2830561983263166], [0.09215600170409824, 0.15494067073292053, 0.5499979571647591, 0.2029053703982221], [0.1282832033886911, 0.2869567807203805, 0.30867614761802675, 0.2760838682729016], [0.14158981836841064, 0.2960355743200621, 0.22978225928435184, 0.3325923480271756], [0.24112669587193122, 0.3305100428950304, 0.17346686844086262, 0.25489639279217596], [0.18352838064540553, 0.4540814006892492, 0.14896292366707803, 0.2134272949982673], [0.1788851132147523, 0.36403116760552184, 0.14783219199499442, 0.3092515271847314], [0.17475904793534336, 0.4214773387717168, 0.11695727838066802, 0.28680633491227175], [0.1971908554970925, 0.5222398225322729, 0.09932530029546247, 0.1812440216751723], [0.17035467778786856, 0.32549302374723493, 0.21834567794587922, 0.28580662051901745], [0.21568216806527862, 0.3666077752306986, 0.12138260517587499, 0.2963274515281479], [0.24241418822798996, 0.23037962733630196, 0.20423907329045116, 0.32296711114525695], [0.162531849513581, 0.251363014696846, 0.23147250816323153, 0.35463262762634157], [0.18297517394153442, 0.27236820634859826, 0.2767893466294884, 0.26786727308037883], [0.14063147893047045, 0.29527860158834796, 0.10849519376199177, 0.45559472571919], [0.3167558504061603, 0.2809620912934239, 0.203505795901743, 0.19877626239867296], [0.2676881260912888, 0.30920746042137337, 0.26090927352967425, 0.1621951399576637], [0.11878217576230678, 0.39948790450243393, 0.3051904700162966, 0.17653944971896288], [0.13379828753828585, 0.4198592767351957, 0.22676865214198824, 0.21957378358453025], [0.20362884581082985, 0.29248849077364414, 0.2874774072284392, 0.21640525618708695], [0.12514973848503075, 0.32219634761571947, 0.0862859853261738, 0.46636792857307596], [0.14545192191062917, 0.2220963029887391, 0.30760569903793167, 0.3248460760626999], [0.19945803687891625, 0.3075007594810974, 0.1795962620646125, 0.3134449415753738], [0.14607670887119278, 0.5497563827468741, 0.11214814113174712, 0.19201876725018607], [0.20314378062925698, 0.2971132608798348, 0.14037091127126447, 0.3593720472196438], [0.10187832513556944, 0.4501167659054352, 0.21821274983307057, 0.2297921591259249], [0.08602580307409957, 0.6386334953493743, 0.11412326203700963, 0.1612174395395166], [0.14154326253191085, 0.4976962587147704, 0.08503511072777065, 0.27572536802554803], [0.3741956878677683, 0.25586512762496855, 0.08514854838969896, 0.28479063611756417], [0.18576573874578411, 0.470259313382722, 0.10092165075822586, 0.2430532971132682], [0.22330005329922462, 0.1940184102992407, 0.354306951778271, 0.22837458462326377], [0.12344686249204802, 0.19663538039218453, 0.43735466483549834, 0.24256309228026912], [0.17894056578552922, 0.5446546772228091, 0.09202829264302612, 0.18437646434863555], [0.1851969179669097, 0.43971072353039364, 0.13285600363494954, 0.24223635486774708], [0.2785741225279565, 0.3995320654507335, 0.11723586079597727, 0.20465795122533278], [0.15192124524688277, 0.4883796287565554, 0.18207102520655877, 0.17762810079000313], [0.12393503856625893, 0.18135318846603676, 0.480559031313067, 0.21415274165463744], [0.12481029700932283, 0.45351674957257787, 0.2773249443596862, 0.1443480090584131], [0.14056821285187, 0.41595355542307266, 0.24195016759775623, 0.20152806412730112], [0.22006943486687974, 0.5175713190189047, 0.10402519600910975, 0.15833405010510598], [0.16517747736604363, 0.5050512484262384, 0.1291822778227368, 0.20058899638498126], [0.11745701999126328, 0.5296410361083537, 0.15461645674400246, 0.1982854871563807], [0.1273349174237378, 0.4059161242051525, 0.3107816353217334, 0.15596732304937627], [0.1709312051651438, 0.4122839387326625, 0.14051393734577303, 0.2762709187564209], [0.19729080339651456, 0.37857169981915534, 0.13291364563910094, 0.29122385114522925], [0.24315713572658496, 0.32142589828088414, 0.1198092802650394, 0.31560768572749154], [0.12568812133534768, 0.6412547090272843, 0.08073970514576875, 0.1523174644915992], [0.13617548666888152, 0.2686559683547201, 0.386531623649743, 0.20863692132665557], [0.07605465997912368, 0.6710204842449214, 0.12613602319245729, 0.12678883258349774], [0.15819062998370467, 0.21663508877661217, 0.3027289759056892, 0.32244530533399396], [0.23488766446624906, 0.3718279206101378, 0.15067568793879768, 0.24260872698481553], [0.1939292826657187, 0.34336011887865664, 0.19755437000932574, 0.26515622844629894], [0.22905916548669977, 0.18067330087460962, 0.09870195090675954, 0.4915655827319311], [0.13030550910106956, 0.28815863568286393, 0.4203015163361743, 0.16123433887989216], [0.21578306349426382, 0.40846899651908425, 0.11198945327543018, 0.2637584867112217], [0.12599584554479007, 0.4357431222985869, 0.10687675534485425, 0.3313842768117688], [0.1384536973717555, 0.6057606909479767, 0.06943361000287053, 0.18635200167739732], [0.19783727433243656, 0.4070586512914214, 0.22664654096026582, 0.16845753341587638], [0.21079506881664734, 0.3218711835899851, 0.14115053364787306, 0.3261832139454946], [0.1664683729629473, 0.3574327951746141, 0.1918032676138979, 0.2842955642485409], [0.1659204550330326, 0.2237685218388838, 0.15791518481388106, 0.4523958383142026], [0.1645392037833433, 0.4638797085696155, 0.14563750329696987, 0.22594358435007153], [0.22327296158390728, 0.537106959220933, 0.08547527237464743, 0.15414480682051238], [0.12052916000526552, 0.34540420382795833, 0.325721602310829, 0.2083450338559471]]}}