{"test": {"ids": ["110121720", "106120640", "109119591", "111120640", "108113480", "111119580", "102114270", "105116090", "107114110", "102113981", "100109890", "97106600", "99110730", "108116481", "111118910", "107114280", "103111480", "106117770", "98106680", "98106111", "111116990", "113120280", "112117471", "109117271", "98111670", "99117630", "113118490", "113120070", "111116640", "112120290", "101113210", "113122120", "113119120", "106117790", "113122320", "107121700", "97105580", "111115780", "109119450", "101108621", "112120990", "113122510", "105112100", "111118301", "98110680", "107121540", "110118161", "108115250", "101109120", "98107210", "111115400", "98107340", "107120260", "103118110", "110118880", "112120630", "99109161", "105116441", "112120540", "106115120", "105112260", "110121140", "107113550", "112116610", "107114200", "98111860", "101116130", "109114651", "112120670", "97111790", "104116980", "112119320", "99108010", "110117080", "113121190", "104111711", "111120540", "97107681", "105113260", "108118630", "113122180", "106111321", "105115570", "105114220", "102113350", "99109311", "98109570", "99109910", "100108080", "109121640", "101112160", "112118471", "103111170", "97109080", "112117030", "111119430", "113118690", "101109370", "98108370", "109113281", "109116810", "110116290", "113122190", "107113360", "100110260", "99112531", "101110150", "111120320", "106118520", "113119950", "109120560", "109115070", "110113931", "102112301", "113119930", "97106591", "105120280", "108118520", "104111380", "99107300", "109117600", "110118630", "101108580", "103117461", "109121410", "111119950", "110114651", "99108330", "99108460", "98112300", "104118340", "99119830", "98108970", "105115720", "110115250", "104111830", "112116850", "109120540", "113118810", "113122220", "106114280", "111116411"], "labels": [3, 3, 0, 0, 0, 3, 3, 1, 1, 1, 3, 3, 3, 0, 0, 3, 0, 0, 1, 0, 0, 0, 3, 0, 1, 3, 1, 2, 0, 1, 3, 1, 3, 1, 1, 3, 1, 1, 3, 0, 2, 2, 1, 3, 2, 2, 0, 1, 1, 1, 0, 0, 1, 2, 0, 3, 3, 1, 3, 1, 3, 3, 0, 1, 2, 0, 2, 3, 2, 2, 1, 1, 2, 1, 1, 1, 1, 3, 3, 1, 2, 0, 0, 3, 3, 1, 1, 2, 0, 0, 3, 1, 2, 2, 2, 3, 3, 1, 1, 0, 3, 2, 1, 0, 3, 3, 1, 1, 2, 0, 1, 0, 1, 1, 1, 1, 3, 0, 3, 3, 1, 1, 0, 0, 0, 0, 3, 1, 0, 2, 2, 1, 3, 1, 1, 3, 0, 1, 3, 1, 3, 0], "predicted_labels": [1, 1, 1, 1, 0, 0, 1, 3, 3, 1, 0, 2, 3, 3, 1, 1, 3, 0, 1, 1, 3, 0, 1, 0, 3, 1, 2, 2, 2, 1, 0, 1, 3, 3, 1, 1, 2, 0, 3, 3, 0, 1, 1, 1, 2, 1, 3, 0, 0, 2, 0, 3, 0, 2, 3, 3, 0, 1, 1, 1, 3, 3, 2, 3, 1, 2, 3, 1, 1, 3, 2, 2, 2, 3, 1, 2, 1, 2, 0, 3, 3, 3, 1, 0, 3, 3, 3, 2, 1, 0, 2, 1, 2, 1, 3, 1, 1, 1, 2, 3, 3, 2, 2, 1, 3, 0, 3, 1, 1, 0, 2, 1, 1, 3, 1, 3, 3, 1, 2, 1, 0, 3, 2, 1, 3, 3, 1, 1, 3, 3, 1, 1, 1, 0, 3, 1, 3, 3, 3, 3, 1, 3], "confidence_scores": [[0.00018246418637376575, 0.9979423842132037, 0.000353468646186589, 0.001521682954236067], [1.7457498203735637e-05, 0.9998155492285759, 0.00012485044759067874, 4.214282562981644e-05], [0.09745694524898249, 0.9020815158927865, 1.5927321177982296e-06, 0.0004599461261130382], [0.054809769496729714, 0.945189932070275, 4.975036745313076e-10, 2.9793549134709735e-07], [0.9343435273365944, 0.007874070374491475, 0.0009470156403474856, 0.056835386648566605], [0.9991741780559059, 5.1560796393379955e-05, 0.0007709407146001349, 3.320433100576273e-06], [4.8239293430124406e-05, 0.9999414639331167, 1.0018181058547607e-05, 2.785923945210508e-07], [0.18313192610509438, 0.057404791526320505, 0.01913486966483869, 0.7403284127037464], [8.930366208174195e-05, 0.008748656031706879, 0.27062012070583735, 0.720541919600374], [0.00192704681381633, 0.975441364916219, 0.02259474208081949, 3.684618914512803e-05], [0.8908382305126253, 0.01292478197291861, 0.09139758636412984, 0.004839401150326197], [0.00015782375248935031, 0.0003518895017175188, 0.951197505943191, 0.048292780802602166], [0.04781882853919136, 0.0026249385083028, 0.13806894680749443, 0.8114872861450114], [0.012714514354815257, 0.00012028604861614695, 2.935060387768474e-06, 0.9871622645361808], [0.01226507077993085, 0.49549519395224545, 0.007505099978065761, 0.48473463528975796], [0.040135580716009825, 0.9553876853678526, 0.0028529323265020405, 0.0016238015896354525], [0.23978353437647343, 0.026280968680448675, 0.0075379992855144394, 0.7263974976575636], [0.3483563188695615, 0.14260104174141858, 0.174606829580964, 0.33443580980805593], [4.53152661456208e-05, 0.5900354245357264, 0.40990653115972797, 1.2729038400168963e-05], [7.561526218413253e-06, 0.9732190918220667, 0.026638665783668435, 0.0001346808680464058], [0.005765560426083335, 0.19312603559324013, 0.11226166760473168, 0.6888467363759448], [0.8512514402612522, 0.0001311538786348999, 0.00056081935819494, 0.14805658650191797], [0.0006502338388499395, 0.9934325117187935, 1.3771602250332576e-06, 0.00591587728213159], [0.6650247069184171, 0.00637146327953733, 7.533344866811517e-05, 0.32852849635337744], [8.555013976803432e-05, 0.0004775804543880124, 0.06839874739928188, 0.9310381220065621], [0.006357771130270463, 0.9825624495132064, 0.011059614462819826, 2.016489370352659e-05], [0.15776405896219958, 2.2068557953271838e-05, 0.8278733319850886, 0.014340540494758493], [0.0033306528034287913, 0.0005644938085743383, 0.5996814549864156, 0.3964233984015814], [0.0903866357799573, 0.3162621299947707, 0.593349039881297, 2.1943439750467802e-06], [0.049226936423172274, 0.8377608018342633, 0.11294684666845572, 6.541507410879112e-05], [0.45612678950837043, 0.010561686853600883, 0.44073138285958907, 0.09258014077843972], [0.044736418439484074, 0.9363221433213624, 0.006095704866584308, 0.01284573337256905], [0.06055033408588008, 0.0003156700007062919, 0.15866313876709504, 0.7804708571463186], [0.002525433583719503, 0.42287405319128263, 0.030390420441220395, 0.5442100927837775], [0.054820858385695954, 0.9302916493189881, 0.014215956765710773, 0.0006715355296051113], [7.646251943662432e-05, 0.7725925352383795, 0.003661293850604821, 0.2236697083915791], [0.37708349142380915, 3.3922178435442594e-05, 0.3912301312550151, 0.23165245514274033], [0.6554260973210508, 0.11918006552295146, 0.009327638845140629, 0.216066198310857], [1.7523729305446802e-05, 0.0038890443126985983, 0.004505018934042926, 0.9915884130239531], [0.025646953916183598, 0.12919876154914683, 0.004050097305915216, 0.8411041872287545], [0.67910585133921, 0.32079583299116016, 9.691763905957142e-05, 1.3980305703033804e-06], [0.12224543280806781, 0.6619207752666366, 0.21396523065794723, 0.0018685612673483333], [0.19487280248270294, 0.6870449365028989, 0.018937385873867226, 0.09914487514053087], [0.0022058693974430768, 0.9930270460871664, 0.0004594263710389099, 0.004307658144351738], [6.866169004139993e-06, 0.007071183295213508, 0.9926105595934619, 0.00031139094232038734], [0.0009890183001324932, 0.9647083610697692, 0.0005440452241390831, 0.033758575405959224], [0.060441119066152287, 0.00043083352954774527, 0.003884551756521392, 0.9352434956477786], [0.9983324448244297, 0.00010403308366779701, 0.0012324565991747275, 0.00033106549272790873], [0.43694548716579024, 0.21528143221072055, 0.04174035431659069, 0.30603272630689854], [8.405835461775621e-06, 0.009030543875517116, 0.9579871531011085, 0.032973897187912576], [0.8478285235417183, 0.0068206473223333935, 0.14492335795846173, 0.00042747117748669506], [1.6189111896108394e-08, 8.064914192568891e-07, 0.18002407287583666, 0.8199751044436322], [0.9651513233069076, 0.03444348124698094, 1.6239339820305648e-05, 0.0003889561062910984], [0.004631141438875476, 0.019231175065228312, 0.8357668200982181, 0.14037086339767818], [0.0001665607659929242, 0.005885514469604836, 2.2413709454991093e-06, 0.9939456833934567], [2.7401495958650818e-06, 0.338509654481836, 0.06633393958226236, 0.5951536657863057], [0.9999102265422295, 6.0705303460326255e-06, 8.367911541576665e-05, 2.3812008548338757e-08], [0.004458936927975389, 0.8835169106191995, 1.167010254899312e-05, 0.11201248235027604], [0.0030014993831276194, 0.9548472624099201, 2.6513170630861916e-06, 0.042148586889889046], [0.002470740283316997, 0.9911013035596066, 2.4504285862908084e-05, 0.006403451871213294], [0.0010768291499060135, 0.06242191206504833, 0.0022425642320245617, 0.934258694553021], [0.004142015829446853, 8.502021338544383e-06, 5.431606719286479e-05, 0.9957951660820217], [0.23026102271873555, 0.002348716376873251, 0.7638892098080855, 0.0035010510963055888], [0.09301555963288025, 0.20063310418590719, 0.09535709242244247, 0.6109942437587702], [0.26640055384138145, 0.7269203660518422, 0.0001032731868206867, 0.0065758069199556915], [0.00013029389413054637, 4.8062547372141206e-05, 0.9998179084525786, 3.7351059186100697e-06], [0.0007132094333794602, 0.00036072907955239175, 0.05276853439504861, 0.9461575270920196], [0.4443576226975031, 0.539425874345849, 0.0012868529172513075, 0.014929650039396386], [0.005747660396562115, 0.9829058308099481, 0.011345019130174543, 1.4896633154493685e-06], [2.0493326707725186e-05, 3.456197638784642e-05, 0.0457678794308585, 0.9541770652660458], [2.2301610319666417e-05, 0.028561329020773716, 0.9701929855018496, 0.0012233838670569594], [3.2317655081354913e-06, 0.1501971978788432, 0.8050157564504051, 0.0447838139052435], [8.160511310991038e-05, 0.15594851763438614, 0.8200320599321326, 0.02393781732037129], [2.229395182022648e-05, 0.021684630220000004, 0.12308668855718181, 0.8552063872709981], [0.0005719416687195529, 0.998722208034896, 0.00018011249051173741, 0.0005257378058727382], [0.0007560228366356279, 0.08898123744595668, 0.6225691763106956, 0.2876935634067121], [0.05157399764925742, 0.8602221317759784, 0.08808666454312192, 0.0001172060316424395], [9.250520343905764e-08, 1.80258434260302e-07, 0.7600757489437344, 0.23992397829262796], [0.6759417943968656, 0.1348862106250403, 0.00044020971374204404, 0.1887317852643518], [0.0001797862433284149, 9.309059293113868e-05, 0.009239137094005773, 0.9904879860697348], [1.6097805559651015e-10, 4.171711648107875e-07, 1.6430926597445624e-07, 0.9999994183585911], [0.11213839862843579, 0.44351336955106513, 4.0916927753978126e-05, 0.44430731489274505], [0.03723210393584136, 0.5182515463945663, 0.019214061498838236, 0.42530228817075416], [0.9997047906736612, 0.00026844283134272836, 1.1323755397026877e-09, 2.676536262042914e-05], [1.2024837244886376e-05, 0.001613959590084133, 0.006260115803895686, 0.9921138997687754], [0.005653800515608119, 5.7066871505450826e-05, 0.2282993447223057, 0.7659897878905807], [0.030649159257037043, 0.0396590783663772, 0.0009477505659308771, 0.9287440118106548], [2.2180641317135025e-05, 7.836955551660097e-08, 0.9999633252863814, 1.4415702745792725e-05], [1.7400738144685828e-07, 0.9999960621613925, 8.073371241268758e-07, 2.9564941019718683e-06], [0.37802193237152615, 0.3040702167923242, 0.11523957016929623, 0.2026682806668534], [1.7847661943405591e-06, 0.00061323612750869, 0.9783495070175127, 0.021035472088784403], [0.0003909660437657749, 0.9857830060833598, 0.013823568718591923, 2.4591542824568257e-06], [0.05220853219336114, 0.05016869153832963, 0.8959319285098594, 0.0016908477584499434], [1.3514107539720045e-05, 0.8381658451233713, 0.0010036131649731994, 0.16081702760411568], [0.017830727185279165, 0.03247983910394383, 0.09976108668513266, 0.8499283470256443], [5.560753494501139e-05, 0.7926021403479635, 0.11935245814235945, 0.0879897939747322], [0.0018522759344550446, 0.997147325982192, 0.0009342537240714574, 6.614435928148174e-05], [0.0008697449553520582, 0.6105033560078151, 0.38756660104705376, 0.00106029798977907], [4.880990980014079e-05, 0.0019461615704525548, 0.6638280082914645, 0.3341770202282828], [0.08528578859080482, 0.00010017741425948087, 8.20141623923396e-09, 0.9146140257935195], [0.058219153036779894, 0.004692579582752857, 4.539389654806557e-05, 0.9370428734839192], [0.04382622986417214, 0.0004718072930572178, 0.9557001655237001, 1.7973190704659597e-06], [0.28781939143461666, 0.004240301706407711, 0.6500593096754489, 0.057880997183526545], [0.057946770064136316, 0.6060630916468206, 0.3240235323513735, 0.011966605937669555], [0.2967512232876964, 1.5253638001296077e-05, 0.005500678082161899, 0.6977328449921405], [0.9948947304632997, 0.0001417217846737356, 2.6419007530801956e-05, 0.004937128744495763], [7.497001727532143e-06, 0.00029865792940390895, 1.7302118486556654e-05, 0.9996765429503821], [0.011258530683604403, 0.7401381727489736, 9.833352854532645e-05, 0.24850496303887662], [0.07526117231238116, 0.5972268285987277, 0.00013111597121677433, 0.3273808831176744], [0.581324646984, 0.3617897867869776, 1.38824514006209e-05, 0.05687168377762197], [0.00016457188687576472, 0.0012956802106659344, 0.931873619881906, 0.0666661280205523], [0.005728947701469634, 0.9918877535178667, 2.16737156487688e-05, 0.0023616250650146803], [0.00217640432459004, 0.9842256443440096, 4.9497716582352535e-05, 0.013548453614818053], [0.008180433259455423, 0.0009193598512807162, 0.04916477892449127, 0.9417354279647726], [0.005458270057397608, 0.9945202424896245, 4.942209347823982e-06, 1.6545243630190893e-05], [4.6457982387387387e-05, 0.09637694037295311, 0.09581542875379499, 0.8077611728908646], [6.448665895772514e-05, 1.1137892999152047e-05, 0.005112213424780578, 0.9948121620232624], [2.1083213456388132e-06, 0.9954520758454892, 0.004525451898804672, 2.0363934360441918e-05], [0.0026709183524519157, 0.0003059950987052528, 0.9814579099903002, 0.01556517655854251], [0.19848815039436135, 0.792600493184563, 6.542142884582626e-06, 0.008904814278191021], [0.5943750594119005, 0.22907887102558788, 0.13143664259881324, 0.045109426963698455], [0.0003669637977589252, 0.0026488523684393772, 0.0005062548313070726, 0.9964779290024947], [0.3335562948382557, 0.01762098061290747, 0.5672557694549901, 0.08156695509384655], [0.002811085767073157, 0.5870409266036405, 0.0025459473256166467, 0.40760204030366975], [0.1310599684734673, 0.02034590710210497, 9.63861763518188e-05, 0.848497738248076], [0.4002549308310137, 0.00026682673329525276, 0.03531291963711309, 0.564165322798578], [3.0708527215759105e-05, 0.9967070908284077, 7.405556542865151e-08, 0.0032621265888111025], [0.020475650451505015, 0.9462003815359079, 0.0170380738700965, 0.01628589414249053], [9.915924214057704e-06, 0.043524907577626594, 3.759673665363939e-07, 0.9564648005307927], [0.04516196377396828, 0.1346270667686449, 0.1783297067321368, 0.64188126272525], [0.32042558711891583, 0.6108133537590712, 0.06822353926702143, 0.0005375198549915372], [4.76623576715552e-05, 0.8822724008354222, 2.5613222533665828e-05, 0.11765432358437256], [0.004819481028207602, 0.5217780751467251, 0.47198913060638187, 0.0014133132186853877], [0.6117499995918899, 0.31000956013872094, 0.003072914539622855, 0.07516752572976629], [0.00194996961501364, 0.009130688405929214, 0.003857069720902632, 0.9850622722581545], [0.0008595192721009311, 0.5003553403997332, 0.019050347200899417, 0.4797347931272664], [0.020854051883190932, 0.00033687951550625666, 1.2231333872623493e-05, 0.97879683726743], [0.0005645151294263639, 0.22596404129497066, 0.0027556440888622195, 0.7707157994867408], [0.0013773062961238245, 1.4731077353597463e-06, 0.00026203090709897196, 0.9983591896890419], [2.658965539352956e-06, 0.000584184304481153, 2.0541345002203172e-06, 0.9994111025954793], [0.007639726244966555, 0.952678906089767, 0.0023284573651391966, 0.03735291030012736], [0.03222684237985361, 0.00027922556154594665, 4.9231789841852e-10, 0.9674939315662825]]}, "rewritten": {"ids": ["97105580", "97106591", "97106600", "97107681", "97109080", "97111790", "98106111", "98106680", "98107210", "98107340", "98108370", "98108970", "98109570", "98110680", "98111670", "98111860", "98112300", "99107300", "99108010", "99108330", "99108460", "99109161", "99109311", "99109910", "99110730", "99112531", "99117630", "99119830", "100108080", "100109890", "100110260", "101108580", "101108621", "101109120", "101109370", "101110150", "101112160", "101113210", "101116130", "102112301", "102113350", "102113981", "102114270", "103111170", "103111480", "103117461", "103118110", "104111380", "104111711", "104111830", "104116980", "104118340", "105112100", "105112260", "105113260", "105114220", "105115570", "105115720", "105116090", "105116441", "105120280", "106111321", "106114280", "106115120", "106117770", "106117790", "106118520", "106120640", "107113360", "107113550", "107114110", "107114200", "107114280", "107120260", "107121540", "107121700", "108113480", "108115250", "108116481", "108118520", "108118630", "109113281", "109114651", "109115070", "109116810", "109117271", "109117600", "109119450", "109119591", "109120540", "109120560", "109121410", "109121640", "110113931", "110114651", "110115250", "110116290", "110117080", "110118161", "110118630", "110118880", "110121140", "110121720", "111115400", "111115780", "111116411", "111116640", "111116990", "111118301", "111118910", "111119430", "111119580", "111119950", "111120320", "111120540", "111120640", "112116610", "112116850", "112117030", "112117471", "112118471", "112119320", "112120290", "112120540", "112120630", "112120670", "112120990", "113118490", "113118690", "113118810", "113119120", "113119930", "113119950", "113120070", "113120280", "113121190", "113122120", "113122180", "113122190", "113122220", "113122320", "113122510"], "labels": [1, 1, 3, 3, 2, 2, 0, 1, 1, 0, 1, 3, 1, 2, 1, 0, 2, 3, 2, 1, 0, 3, 1, 2, 3, 3, 3, 1, 0, 3, 3, 0, 0, 1, 1, 1, 3, 3, 2, 1, 3, 1, 3, 2, 0, 0, 2, 3, 1, 3, 1, 2, 1, 3, 3, 3, 0, 1, 1, 1, 3, 0, 3, 1, 0, 1, 2, 3, 0, 0, 1, 2, 3, 1, 2, 3, 0, 1, 0, 0, 1, 0, 3, 0, 3, 0, 1, 3, 0, 1, 1, 0, 0, 1, 3, 1, 2, 1, 0, 1, 0, 3, 3, 0, 1, 0, 0, 0, 3, 0, 3, 3, 0, 1, 1, 0, 1, 0, 2, 3, 1, 1, 1, 3, 3, 2, 2, 1, 3, 3, 3, 1, 0, 2, 0, 1, 1, 2, 1, 1, 1, 2], "predicted_labels": [2, 2, 2, 3, 1, 3, 1, 1, 2, 3, 2, 2, 3, 2, 3, 2, 1, 1, 1, 3, 1, 0, 3, 2, 2, 0, 1, 1, 1, 0, 3, 0, 3, 0, 1, 3, 2, 0, 3, 3, 3, 1, 1, 2, 3, 3, 3, 2, 1, 1, 2, 0, 0, 3, 3, 0, 1, 0, 1, 0, 3, 0, 1, 1, 3, 3, 1, 1, 1, 2, 1, 0, 0, 0, 1, 1, 0, 0, 3, 1, 3, 3, 1, 1, 0, 0, 1, 3, 1, 0, 2, 3, 3, 1, 1, 3, 2, 2, 0, 3, 3, 3, 1, 0, 0, 3, 2, 1, 1, 3, 1, 0, 3, 1, 1, 1, 3, 3, 3, 1, 1, 1, 1, 1, 3, 1, 1, 2, 1, 3, 3, 1, 1, 2, 0, 1, 1, 3, 2, 1, 0, 2], "confidence_scores": [[0.4151199542498724, 0.038627978288557435, 0.5461593026615502, 9.276480001995207e-05], [0.0008083125330521177, 0.11755887605477361, 0.7275268627487005, 0.15410594866347388], [0.0984956210946987, 0.004737543886907913, 0.8395994903069212, 0.057167344711472175], [4.5113174713830185e-08, 2.4430639618313535e-07, 0.3467410338050698, 0.6532586767753593], [2.6341641317284895e-06, 0.8850236854157012, 0.000760575509167949, 0.11421310491099904], [3.709940477106074e-06, 7.858255557465057e-06, 0.0001640779744905742, 0.9998243538294749], [5.9489771020616716e-05, 0.9963676171453856, 0.0023401414431741263, 0.001232751640419744], [3.966802768992995e-05, 0.7971843207791854, 0.17868031755580221, 0.0240956936373225], [3.457023782427713e-05, 0.0015466528798565517, 0.9556122133076906, 0.042806563574628545], [9.963529591346812e-09, 3.1637811661068447e-07, 0.34888310796351246, 0.6511165656948413], [7.900402405339857e-05, 0.000775170562156765, 0.98627599727812, 0.012869828135669911], [0.0014194685393197235, 0.4133496357611106, 0.5846059397221801, 0.0006249559773895856], [0.0017868050185839161, 0.0004131521482724762, 0.0012563275495793616, 0.9965437152835642], [2.546541236507836e-06, 0.005870173302313213, 0.9937561809366855, 0.00037109921976478537], [0.0001972659987352331, 0.001822957026320541, 0.1103177756839895, 0.8876620012909546], [9.740828977524879e-05, 1.72810995993141e-05, 0.999883746723533, 1.5638870925407839e-06], [0.29982487493445936, 0.5925440047700951, 0.031111516378254923, 0.07651960391719069], [0.08540733441051687, 0.914442550483045, 2.8394799603432845e-06, 0.00014727562647770523], [3.590305597976922e-05, 0.47732999761739203, 0.38607474134548075, 0.13655935798114735], [0.007320461109782086, 0.2724679623585783, 0.19859656448035212, 0.5216150120512875], [2.3098284660275214e-06, 0.5099161710366517, 2.7965949687202552e-08, 0.4900814911689326], [0.99431326050625, 3.252023566092958e-05, 0.00565411403015616, 1.0522793284766718e-07], [0.00932187675252565, 2.3460224442777845e-05, 0.31398702020316616, 0.6766676428198655], [2.968026879306226e-06, 2.407970855800489e-07, 0.9999957244603441, 1.066715690982954e-06], [0.008124381013273467, 0.00016324804136541267, 0.570275794352344, 0.4214365765930172], [0.8865509834104398, 0.0028816371279163583, 9.445923059591118e-05, 0.11047292023104782], [0.005764314025260356, 0.9816236768070856, 0.012593149802276974, 1.8859365376873546e-05], [1.3348734036538245e-05, 0.8412089790825446, 1.6653757714067845e-05, 0.1587610184257049], [1.6394224603359023e-05, 0.9999727189330218, 1.5790381356345107e-07, 1.07289385613963e-05], [0.46257265202468795, 0.011141382127834878, 0.4497662885501525, 0.07651967729732474], [0.013095679583185802, 1.393766358849905e-06, 0.004263108594869113, 0.9826398180555863], [0.5978295510670498, 0.0009030860764462362, 0.34706784594449835, 0.05419951691200558], [0.00382644708601516, 0.3015795189534, 0.0036078466817211262, 0.6909861872788636], [0.8100524994387238, 0.17222893838492515, 0.016607325710950655, 0.0011112364654004066], [0.00031658828262082065, 0.7270685183549584, 0.26962480463883787, 0.0029900887235827507], [3.757756823509582e-06, 2.782989339182443e-05, 2.225380656190153e-05, 0.9999461585432228], [4.694462267183234e-06, 0.0031367142894638384, 0.9480163619622991, 0.04884222928596981], [0.7130958360824576, 0.06093056450534253, 0.21244101538944263, 0.013532584022757354], [0.001014441502056182, 7.704683935315185e-05, 0.02483492230042768, 0.974073589358163], [0.0353883010445154, 0.0016258319811831203, 0.042747690286368385, 0.9202381766879332], [5.7532737591276045e-05, 0.0004934688233796757, 0.0007707314083663009, 0.9986782670306628], [0.0004894192058170484, 0.9492637566829338, 0.05023578417952667, 1.1039931722654266e-05], [0.00020198014757030912, 0.9997775725650467, 1.635539511062751e-05, 4.091892272481289e-06], [0.07557915508906353, 0.054433049595826254, 0.8675956468430812, 0.0023921484720290714], [0.26943583978136715, 0.0010708272230770706, 0.23998044288492087, 0.4895128901106349], [0.003228681981644045, 0.04606945793465409, 0.0011720744309839126, 0.9495297856527178], [0.0003190416493142435, 0.0026761358739904734, 0.15654712795649833, 0.840457694520197], [0.00030781412659040526, 0.0006025188962271065, 0.9955061351294957, 0.003583531847686858], [2.8018281831572486e-06, 0.9999316479205582, 1.3817173735553764e-05, 5.173307752304869e-05], [0.0040114916649710486, 0.607314596086776, 0.28480670939445224, 0.10386720285380076], [0.00024201843304261895, 0.015460897816129327, 0.9617725791832296, 0.02252450456759859], [0.8070210016392683, 0.18668785421880887, 0.004711247272887753, 0.0015798968690350365], [0.6161660110699498, 0.283566865283552, 0.005100648173473758, 0.09516647547302429], [5.106059575185341e-05, 0.29972411895194995, 0.0023271466132785534, 0.6978976738390197], [0.0019886255729158757, 0.0002662000606452672, 0.00019161523592160963, 0.9975535591305171], [0.9943992880921007, 0.005587422110708522, 4.797401986637754e-09, 1.3284999788719036e-05], [0.0034871339776334216, 0.8170247295630128, 0.12530810082145508, 0.05418003563789869], [0.7601801286495415, 0.04879267857146517, 0.0032340482888253415, 0.18779314449016798], [0.08523403510454951, 0.5445162742094157, 0.018602446849644814, 0.35164724383638996], [0.9042456757977264, 0.067838285435661, 3.2525762705281882e-06, 0.02791278619034198], [9.624467306551113e-05, 0.00016908891852713908, 0.0009843904331492193, 0.9987502759752582], [0.7407475481102288, 0.25153830562538027, 0.0001404167880061798, 0.007573729476384695], [0.0006176320482796832, 0.9984710268931554, 2.30631864986726e-06, 0.0009090347399149126], [0.0005631970209513017, 0.9940238601300927, 3.714727241889246e-05, 0.005375795576537179], [0.14287653755741836, 0.04062114351875698, 0.09501326322655174, 0.7214890556972731], [0.0004964894870960517, 0.36696719611823914, 0.015492304890903807, 0.617044009503761], [0.00010518259339412408, 0.9998192130290134, 3.742908998935003e-06, 7.186146859336762e-05], [1.56934231449202e-05, 0.9999495447291193, 7.3716018515715845e-06, 2.73902458841848e-05], [0.0007926216630655662, 0.6855693255620963, 0.30869367859749325, 0.004944374177345053], [0.22800404516440778, 0.00029378593727536655, 0.7707604431979116, 0.0009417257004051814], [2.1398751618675855e-05, 0.42678060577835836, 0.329658280300638, 0.24353971516938505], [0.7431162561959519, 0.15035964292225704, 0.0001654339997397768, 0.1063586668820512], [0.6471210382565817, 0.11468210880485213, 0.03801459817728385, 0.20018225476128218], [0.9015501238436432, 0.09782341869952896, 6.826791167508441e-05, 0.0005581895451526339], [0.0006728038410823468, 0.6749214182602261, 0.003637663932453478, 0.320768113966238], [2.734732665624795e-06, 0.9891097181625103, 0.00022808663550854126, 0.010659460469315409], [0.9338838479353953, 0.014170747651031584, 0.0003859789886990571, 0.05155942542487415], [0.9973365592851189, 9.828782682372451e-05, 0.0021847853362004935, 0.0003803675518570145], [0.029542058683822658, 0.005204331083286446, 0.0001584781870258279, 0.965095132045865], [6.216364189431973e-07, 0.9986412289213941, 0.0010786737360889108, 0.00027947570609812474], [0.0004921195412344291, 0.0001301782991522895, 0.018440723239737267, 0.980936978919876], [0.14490545755661974, 0.0015542717392702564, 6.346222077819308e-08, 0.8535402072418893], [0.3130562782880841, 0.6814935822631121, 0.0001604522341876043, 0.005289687214616227], [0.02522245936908816, 0.9150532060548727, 0.001071480489406458, 0.05865285408663274], [0.7664467256433763, 0.01304335425143082, 0.0003046478543439204, 0.2202052722508488], [0.7438361799128784, 0.0010931255207954752, 0.000631923467225869, 0.2544387710991003], [0.20533345114021068, 0.4433287656386164, 0.15940667425764196, 0.1919311089635311], [4.8030973252467244e-05, 0.045031230293497225, 0.37444011076830436, 0.5804806279649459], [0.3065944678491806, 0.6892958684989109, 4.5770539942565794e-05, 0.004063893111966046], [0.7294333907249227, 0.044493897626266474, 0.009045927964906712, 0.21702678368390407], [4.281760021626591e-05, 0.0004518430363977376, 0.9902531273620719, 0.009252212001314219], [0.04724277456125746, 0.0007919934430436332, 0.00031841336439957603, 0.9516468186312993], [0.19392057417671626, 0.005153797938389014, 0.05915091993879453, 0.7417747079461001], [4.7115771471040925e-05, 0.9987176129923397, 3.2744924833545202e-06, 0.0012319967437058844], [4.6690594470218814e-05, 0.995591632080051, 1.4556609177128537e-07, 0.004361531759387055], [0.0007326171257557351, 0.005765366771864501, 0.0013768188270559005, 0.9921251972753239], [0.0031703032389805504, 0.00019165135632936243, 0.9966374818637462, 5.635409438481351e-07], [1.3070153527128814e-05, 0.0034681560663565856, 0.7639794381442412, 0.23253933563587523], [0.8585146166664073, 0.001796754491950431, 0.017734069688505903, 0.12195455915313638], [0.000450572548546194, 0.031175038012519796, 7.586381804488262e-05, 0.9682985256208891], [7.309530626272566e-05, 0.18890545678437057, 2.9015065507723953e-05, 0.810992432843859], [0.0012225925975338718, 2.3494971681339417e-05, 0.0006722619999578329, 0.9980816504308269], [6.182364035263499e-05, 0.9996262945221457, 6.0119227004290126e-05, 0.00025176261049741406], [0.7959918137593084, 0.04208101134626715, 0.15937332776081517, 0.002553847133609294], [0.6782779154319575, 0.1704126960791195, 0.012690582032121592, 0.13861880645680155], [0.04180675347416312, 0.004067479433359336, 2.8424025381732293e-09, 0.954125764250075], [0.008848837905179525, 0.3051709201914851, 0.6859798500299187, 3.918734166845804e-07], [0.009323343600858017, 0.5301335196263446, 0.39061887329341916, 0.06992426347937826], [0.0036791038276503384, 0.899894326868652, 0.0018129723492609428, 0.09461359695443657], [0.024179458518006573, 0.17435247382006316, 0.006844270001644786, 0.7946237976602856], [0.00010538759695500614, 0.9955063291904374, 0.002974340977212681, 0.0014139422353950438], [0.9955535652323437, 0.003360893391925663, 0.0010031190220288484, 8.242235370173751e-05], [0.0081362284930706, 2.346313598900313e-05, 0.006126072972950684, 0.9857142353979896], [0.0010908585023944738, 0.9660628460772515, 0.0008597737462269633, 0.031986521674127015], [0.06259237294682807, 0.6371969312644526, 0.30015918942577, 5.150636294918639e-05], [0.23969779659944068, 0.7602949711333389, 5.554623888381185e-09, 7.226712596547975e-06], [0.0033632100746193694, 0.347541928390321, 0.08971673638256143, 0.5593781251524982], [0.11437211487093343, 0.0017205240070574045, 0.00035876921172222845, 0.8835485919102868], [0.17073256278990673, 0.09159734396832919, 0.09540583914430786, 0.6422642540974562], [0.18094753224618143, 0.5177979186183834, 0.0008312776701176836, 0.30042327146531755], [0.00015652094923451307, 0.9549164912953717, 0.04445051861830634, 0.0004764691370874235], [3.847072917057767e-07, 0.7216015371665447, 0.2592650930781484, 0.01913298504801517], [0.010116476619331733, 0.9437880680037309, 0.0460836473609347, 1.1808016002634098e-05], [0.0011468451553732833, 0.9966745710155774, 1.8802900467372921e-06, 0.0021767035390024064], [2.532215737876788e-05, 0.1345345573682187, 0.029601038962022812, 0.8358390815123797], [0.0005995863466324399, 0.9975235911782541, 0.001876699157490372, 1.233176231575358e-07], [0.4993898418113186, 0.5004574011184045, 0.00013572891524581113, 1.7028155031015983e-05], [0.07392922915214928, 3.473387545429578e-05, 0.9200695887549397, 0.005966448217456772], [0.0005047000761960554, 0.9988319572201111, 0.0006157261897492626, 4.7616513943667795e-05], [0.011679597700495101, 4.578363296067734e-06, 0.002460392270699884, 0.9858554316655088], [0.0009818605652881182, 0.00010117650881034914, 0.01891083443030715, 0.9800061284955943], [0.013524405300074803, 0.9861833014431547, 3.078923686573163e-05, 0.00026150401990459357], [0.0583664390154946, 0.8758764004916368, 6.485475112660384e-06, 0.06575067501775586], [0.007083283005209192, 0.01272728970381538, 0.9509776556973342, 0.02921177159364137], [0.9400889578431204, 3.825517636994994e-05, 0.0002013989539914176, 0.05967138802651836], [0.0032716599017974836, 0.9936475061361084, 0.00017291274944955377, 0.0029079212126444896], [0.10204637466518794, 0.643836516247763, 0.06800265225552404, 0.18611445683152514], [2.01496122249983e-09, 5.0181676562578876e-05, 2.1172628446093144e-06, 0.9999476990456315], [0.0034770255812125437, 0.0006258790621966246, 0.9511433337617495, 0.04475376159484119], [0.00039988576033402756, 0.5864645093313854, 3.4698612493015195e-06, 0.4131321350470314], [0.767010625411215, 0.1824974800860384, 0.024684565429413045, 0.025807329073333746], [0.30985870761686624, 0.27057480366892334, 0.41846632535835177, 0.0011001633558586344]]}}