{"test": {"ids": ["104113190", "99111620", "101111990", "112117790", "110113931", "111116090", "102112030", "103113260", "98108410", "105113170", "98108150", "99119830", "99107560", "105110251", "99114890", "102109910", "104116800", "112121010", "111118820", "104119290", "113121750", "103109021", "109121410", "110116300", "101110200", "98112300", "107116980", "107114780", "105113190", "104113240", "107113180", "110114920", "108116481", "113118111", "103110220", "112117461", "111120540", "97105580", "103110760", "109118701", "110113591", "112120700", "103110840", "105112130", "98116940", "108117610", "110115580", "100108490", "98119591", "110120531", "109113281", "98112170", "107114200", "106116370", "105116980", "103110050", "99112840", "111120220", "113118490", "103111930", "107112840", "104113380", "110116170", "112116290", "111120640", "108113480", "105115250", "99110730", "98106111", "110115140", "101112690", "100109330", "108114360", "112119610", "109119340", "104114240", "103120340", "108114220", "105116860", "107117010", "108114200", "111121190", "105117200", "110120700", "97116790", "107114280", "112118701", "110118181", "99108460", "111121410", "108118630", "111119250", "99108710", "101113210", "109114270", "100120780", "98108970", "99105921", "112120540", "110118450", "113122160", "102111990", "104111780", "105121370", "113120591", "99107660", "111120280", "99108080", "100108580", "98107010", "109117271", "102112170", "100110260", "108114180", "97113260", "103118291", "107120130", "110114720", "113119320", "107119390", "112119950", "106119580", "111116640", "110119300", "107118780", "100112060", "101108290", "103113170", "105113440", "113122430", "107117630", "104117630", "98111231", "98120530", "98108370", "110118740", "113120640", "104114410", "112117660", "101110150", "102110890", "98120010"], "labels": [3, 3, 2, 3, 1, 3, 2, 3, 1, 0, 0, 1, 1, 0, 2, 2, 1, 2, 0, 1, 0, 0, 0, 3, 2, 2, 3, 2, 3, 2, 3, 3, 0, 1, 2, 0, 1, 1, 1, 3, 0, 2, 1, 1, 2, 3, 1, 2, 1, 0, 0, 3, 2, 2, 0, 3, 2, 3, 1, 3, 1, 1, 0, 0, 0, 0, 2, 3, 0, 0, 1, 0, 1, 0, 3, 0, 1, 3, 2, 1, 0, 1, 3, 2, 2, 3, 0, 1, 0, 0, 1, 1, 2, 3, 3, 1, 3, 1, 3, 0, 3, 2, 3, 2, 0, 3, 0, 3, 0, 3, 0, 3, 3, 1, 1, 0, 2, 3, 1, 2, 0, 3, 0, 1, 1, 2, 0, 3, 0, 2, 0, 0, 1, 1, 1, 3, 0, 1, 0, 1, 0, 2], "predicted_labels": [1, 1, 1, 3, 1, 3, 3, 3, 1, 3, 2, 0, 1, 0, 1, 1, 3, 1, 0, 3, 1, 3, 1, 1, 1, 0, 1, 1, 0, 1, 1, 1, 3, 3, 1, 3, 1, 1, 3, 1, 0, 1, 1, 1, 1, 3, 1, 2, 0, 0, 0, 0, 1, 0, 1, 3, 1, 0, 3, 1, 1, 3, 1, 1, 1, 3, 1, 2, 2, 3, 3, 1, 3, 1, 3, 3, 1, 0, 1, 1, 1, 0, 1, 3, 2, 1, 3, 1, 3, 1, 3, 3, 1, 1, 3, 1, 1, 1, 1, 1, 1, 1, 0, 1, 3, 0, 3, 0, 0, 1, 3, 0, 0, 3, 3, 0, 1, 1, 1, 1, 3, 1, 3, 1, 3, 3, 1, 1, 1, 1, 0, 1, 0, 1, 3, 3, 0, 1, 3, 1, 3, 3], "confidence_scores": [[0.14370533292315277, 0.6015728122117359, 0.08165505717857488, 0.17306679768653646], [0.1847051768696544, 0.45031150541466763, 0.18325469870826286, 0.18172861900741502], [0.13300855671477355, 0.21507715423755086, 0.374430619846681, 0.2774836692009941], [0.18465784159769674, 0.05808589586854897, 0.026403092865811537, 0.7308531696679427], [0.3137119713145533, 0.2897735450775516, 0.09782257698776108, 0.2986919066201342], [0.5985703114363875, 0.08837314127701185, 0.019417358750740427, 0.2936391885358603], [0.172522876483666, 0.17361352042646006, 0.3037762250544479, 0.35008737803542594], [0.11222395276651966, 0.30111338617691874, 0.1474030528193352, 0.4392596082372264], [0.08164852571950469, 0.24045088219475555, 0.31188334814683655, 0.36601724393890334], [0.07416419351128216, 0.2335179239462021, 0.12518775055824793, 0.5671301319842678], [0.12973315600992713, 0.10771268165698607, 0.5822675179567982, 0.1802866443762887], [0.5619683523777066, 0.12575696243729706, 0.17984936139802335, 0.13242532378697294], [0.1461139595995623, 0.523605619236259, 0.17925589865008104, 0.15102452251409743], [0.7169031413588124, 0.15607980194817314, 0.04124590712425832, 0.08577114956875623], [0.045349744895612096, 0.48549563917904875, 0.22559001602551, 0.2435645998998293], [0.42914900570235137, 0.23716149214045143, 0.19816145991256512, 0.1355280422446319], [0.1534067461022134, 0.20583487864958916, 0.05644014925010683, 0.5843182259980908], [0.1076881382748078, 0.1765795556327076, 0.4935001107199719, 0.22223219537251254], [0.812403841704202, 0.0792968422653098, 0.010819693627648333, 0.09747962240283978], [0.17453879814895093, 0.201844876295743, 0.21649364774587562, 0.40712267780943084], [0.388453098742493, 0.4993352605248918, 0.019464731226366126, 0.09274690950624881], [0.2777733596539853, 0.11345386045735878, 0.1752740844346262, 0.43349869545402986], [0.05966768449671401, 0.473345335301891, 0.06156061075717864, 0.4054263694442165], [0.16014095334275785, 0.42418514217854053, 0.07394719855138103, 0.34172670592732074], [0.06601591871535156, 0.7380770481622781, 0.026597056737692887, 0.1693099763846773], [0.5670809937628289, 0.032402185482043815, 0.21078339860374878, 0.18973342215137826], [0.16996487305804253, 0.7360870029633486, 0.0019824734139860397, 0.09196565056462278], [0.019157693898096052, 0.7973512295753221, 0.10203502178090916, 0.08145605474567265], [0.5760800584879151, 0.13556698837688555, 0.04443260930612963, 0.24392034382906996], [0.05624827223912546, 0.695720843035495, 0.1644830723590633, 0.0835478123663161], [0.07008904759299403, 0.40664742722956937, 0.13148566465969208, 0.3917778605177444], [0.13408911403547902, 0.496221025667474, 0.2566057383414933, 0.11308412195555373], [0.4352939787111641, 0.20492960640306776, 0.023545689038170756, 0.3362307258475972], [0.17684839819894504, 0.17767975771723812, 0.1487686427286539, 0.4967032013551627], [0.03889161786923358, 0.311051783904685, 0.5172474931503452, 0.13280910507573623], [0.08810015257988783, 0.03278860403337446, 0.02299408346194591, 0.8561171599247918], [0.36830455853832517, 0.560687083907436, 0.03172752222582679, 0.03928083532841224], [0.06464974935289243, 0.678253108446778, 0.13425019447762876, 0.12284694772270081], [0.26279577720109715, 0.10764292486150491, 0.08479687747023136, 0.5447644204671664], [0.11311374244624364, 0.5807104966845823, 0.11480446549865574, 0.1913712953705184], [0.8542003957740987, 0.06371404279725243, 0.00752027859695477, 0.07456528283169411], [0.08355985353338814, 0.5668564611017528, 0.05956284536429076, 0.29002084000056827], [0.16805743851270363, 0.34891380817757406, 0.17685126456044079, 0.3061774887492815], [0.06286063320941034, 0.38949160480652606, 0.21367548423224128, 0.33397227775182253], [0.12567278052434552, 0.3646372161233426, 0.21014944915354575, 0.29954055419876585], [0.06687217472268578, 0.11934293402454824, 0.08833180736756233, 0.7254530838852036], [0.10831934653305854, 0.5891187965795109, 0.121092188483497, 0.18146966840393347], [0.1423286570335424, 0.12039312202508047, 0.6174100593603802, 0.11986816158099686], [0.4738638711648262, 0.11875339561804667, 0.3067281348150448, 0.1006545984020824], [0.7166600430509104, 0.15925662721027506, 0.026302969387720452, 0.09778036035109429], [0.6655488006735923, 0.1295312672552338, 0.05829593644551195, 0.14662399562566183], [0.8685570298499667, 0.02446106441608456, 0.027787746428923874, 0.07919415930502502], [0.03312046080005525, 0.7976689925893433, 0.041309377557666734, 0.12790116905293478], [0.8674813131366905, 0.02961998517378492, 0.025060887983634816, 0.07783781370588966], [0.25632856940707555, 0.6476019288293727, 0.005572937218403767, 0.09049656454514808], [0.09355723904618872, 0.3305154579732753, 0.10335909677397005, 0.47256820620656603], [0.15039484966654845, 0.19122556989876643, 0.5104081160464587, 0.1479714643882265], [0.5536018473456615, 0.3028678519375033, 0.07510500283692922, 0.06842529787990607], [0.02250667265719649, 0.024260623239013988, 0.011865999036645014, 0.9413667050671447], [0.34550012118284723, 0.2734704695150102, 0.14482293002253604, 0.23620647927960667], [0.04468637159724071, 0.795120296800106, 0.10741614762119531, 0.05277718398145822], [0.14207806200915535, 0.06408063802742264, 0.13197836846005, 0.6618629315033719], [0.437216671184754, 0.24407500872446095, 0.06423406356015168, 0.2544742565306335], [0.09091995837300372, 0.38470526002187017, 0.2200940100149556, 0.3042807715901707], [0.21236621429486255, 0.3435312042247765, 0.1432761102890248, 0.3008264711913362], [0.09115765566739839, 0.18636368808415532, 0.15314977691809314, 0.5693288793303533], [0.11902829733979514, 0.33340916078182914, 0.1858591770188891, 0.36170336485948673], [0.044826736109844036, 0.04728732038571569, 0.7786867334803751, 0.1291992100240652], [0.2172151520800898, 0.0748814780489214, 0.5443195509661828, 0.1635838189048061], [0.39987444596764526, 0.07757722474197039, 0.05848263448808328, 0.4640656948023011], [0.384434545052673, 0.06608420705866849, 0.049324652384258816, 0.5001565955043995], [0.530256668169288, 0.26274287528473367, 0.07599384624819158, 0.13100661029778676], [0.2212227702082618, 0.21202489971837252, 0.21985827302415029, 0.34689405704921517], [0.013574916253795885, 0.44563736152896327, 0.3815062840463967, 0.15928143817084414], [0.07044562611555402, 0.15105877167720622, 0.031032704265735653, 0.7474628979415041], [0.2642203584245721, 0.11546916540151565, 0.16391330479373345, 0.4563971713801788], [0.11858188498811884, 0.17992455539702318, 0.5184323875543386, 0.18306117206051956], [0.655891948313835, 0.1457698498256623, 0.02025720787323709, 0.17808099398726537], [0.22250107399616406, 0.6476461880281705, 0.07035676626802813, 0.0594959717076373], [0.16560183225029595, 0.48319374108765334, 0.18653452163021586, 0.16466990503183485], [0.16281791289158104, 0.5788295773302806, 0.07065134764717418, 0.18770116213096416], [0.6150073067848604, 0.24641272935529054, 0.04251451878165194, 0.09606544507819725], [0.19633004513215044, 0.3400445120617542, 0.11761420320853815, 0.3460112395975573], [0.08755143373370602, 0.09657357286024183, 0.04941436119680953, 0.7664606322092428], [0.14407627211589738, 0.13483531941913207, 0.6518205716088076, 0.06926783685616274], [0.16001446724505441, 0.4932553366422743, 0.12873871778894988, 0.21799147832372126], [0.17882643395437986, 0.25879351023881314, 0.016565153363294286, 0.5458149024435128], [0.10657217949753589, 0.5822207625843943, 0.25202461378193824, 0.05918244413613205], [0.42591232297425813, 0.13211307819127946, 0.07981106341273375, 0.36216353542172874], [0.24607239430976108, 0.46231512941985, 0.057896160650384595, 0.23371631562000422], [0.03512220404191722, 0.13790881959597306, 0.28422317985463535, 0.5427457965074743], [0.40387575180240565, 0.0668762100017352, 0.031730706749576496, 0.49751733144628274], [0.07833760618452319, 0.7690810957366558, 0.12562368833440482, 0.026957609744416317], [0.3068188796764406, 0.31352216500310975, 0.11332516751299483, 0.26633378780745476], [0.15325150439461135, 0.041027321001463744, 0.005941812610599859, 0.7997793619933249], [0.3523988650941495, 0.3215375806371866, 0.0981262684415141, 0.22793728582714962], [0.06990849749093839, 0.46494459000731836, 0.3499430172426249, 0.11520389525911832], [0.19775473758560796, 0.5722511624659276, 0.0899516894963066, 0.14004241045215826], [0.15583766602102742, 0.762859093565226, 0.05846184957847839, 0.02284139083526825], [0.07522459768274606, 0.7956364496241072, 0.04853743169941638, 0.0806015209937302], [0.08968499607031757, 0.34671627659123466, 0.131249932290918, 0.43234879504752993], [0.2485662053124868, 0.34942145491804033, 0.3343848048544521, 0.06762753491502058], [0.5732391539540813, 0.25984812763724496, 0.029872378023030152, 0.1370403403856439], [0.03325539530877214, 0.7958069092288602, 0.079685788424482, 0.09125190703788563], [0.12152394753717019, 0.09078861934420848, 0.2855317191807167, 0.5021557139379047], [0.8191114728819421, 0.09555371669130784, 0.01638220906917274, 0.06895260135757701], [0.2295528689349539, 0.17506094503155709, 0.02671007445935406, 0.5686761115741349], [0.6762689034752325, 0.2069322316639807, 0.039744410442159483, 0.07705445441862714], [0.5605144704161369, 0.11645085207255845, 0.12269443315805835, 0.20034024435324604], [0.15045735572863855, 0.23744628578411336, 0.42147221536414603, 0.19062414312310166], [0.07715343446194305, 0.13981120094988578, 0.059215498695815376, 0.7238198658923558], [0.7714072183299413, 0.04119842201881657, 0.052147496034082134, 0.13524686361716007], [0.8705482194058124, 0.03258941632975749, 0.012465923792594945, 0.08439644047183478], [0.21192153078636014, 0.25012497438372067, 0.16050497683054754, 0.37744851799937174], [0.21062636829080458, 0.13690684949623502, 0.4613244852059899, 0.19114229700697044], [0.578678851375536, 0.17179249069717392, 0.07502359518247748, 0.1745050627448126], [0.04321130344144678, 0.8380416636344794, 0.045735736548685985, 0.073011296375388], [0.07476563094765427, 0.25661701798797026, 0.42154043601083424, 0.24707691505354107], [0.13940023286610792, 0.5962082397992419, 0.03131468143952574, 0.2330768458951244], [0.04668401117211017, 0.3643938493718455, 0.3235479229844715, 0.2653742164715727], [0.5650933029839931, 0.04343014826692834, 0.015507216889859793, 0.3759693318592189], [0.04676290600437618, 0.7136047264521012, 0.11643655445879497, 0.12319581308472773], [0.17391170173445544, 0.18827571126861545, 0.18180683377316378, 0.45600575322376535], [0.09996713340438224, 0.3892925935966735, 0.13280745566744379, 0.37793281733150047], [0.14567311422836232, 0.2989418329733956, 0.05834670922619274, 0.4970383435720495], [0.15856139856082607, 0.08108114660404694, 0.22265802036639729, 0.5376994344687296], [0.28393495754026643, 0.46616960379551275, 0.055420792239997727, 0.19447464642422332], [0.2375957027785299, 0.47922810503877983, 0.20065016630921675, 0.08252602587347369], [0.048244262232782886, 0.513292913874829, 0.17778041692104038, 0.26068240697134815], [0.045514748342444775, 0.6618857369641238, 0.04643985554197367, 0.24615965915145788], [0.7228445166121473, 0.06501105854796714, 0.07034519171237968, 0.1417992331275055], [0.05910414613005602, 0.7682047160478185, 0.06105582053919198, 0.11163531728293359], [0.8561894444566759, 0.04359615966790086, 0.03209346213318535, 0.0681209337422377], [0.2249375611314978, 0.32576636252467545, 0.2186860424647286, 0.23061003387909818], [0.15506245268456428, 0.09128190113245763, 0.30850910022753064, 0.44514654595544745], [0.2408785779546358, 0.11556696784389726, 0.03401253693156996, 0.609541917269897], [0.8620619331755816, 0.0882825320472351, 0.001613996833057165, 0.04804153794412622], [0.11254533050781156, 0.2437011851384662, 0.2720765475593102, 0.37167693679441177], [0.14019792656617683, 0.11434892201688644, 0.05383697238641076, 0.691616179030526], [0.08234662937970438, 0.832727063231893, 0.03601389455865363, 0.04891241282974882], [0.6115730624969559, 0.012944106124557736, 0.022981336696730217, 0.35250149468175634], [0.0878247681884558, 0.0896563815325351, 0.4447191416998997, 0.3777997085791094]]}, "rewritten": {"ids": ["97105580", "97113260", "97116790", "98106111", "98107010", "98108150", "98108370", "98108410", "98108970", "98111231", "98112170", "98112300", "98116940", "98119591", "98120010", "98120530", "99105921", "99107560", "99107660", "99108080", "99108460", "99108710", "99110730", "99111620", "99112840", "99114890", "99119830", "100108490", "100108580", "100109330", "100110260", "100112060", "100120780", "101108290", "101110150", "101110200", "101111990", "101112690", "101113210", "102109910", "102110890", "102111990", "102112030", "102112170", "103109021", "103110050", "103110220", "103110760", "103110840", "103111930", "103113170", "103113260", "103118291", "103120340", "104111780", "104113190", "104113240", "104113380", "104114240", "104114410", "104116800", "104117630", "104119290", "105110251", "105112130", "105113170", "105113190", "105113440", "105115250", "105116860", "105116980", "105117200", "105121370", "106116370", "106119580", "107112840", "107113180", "107114200", "107114280", "107114780", "107116980", "107117010", "107117630", "107118780", "107119390", "107120130", "108113480", "108114180", "108114200", "108114220", "108114360", "108116481", "108117610", "108118630", "109113281", "109114270", "109117271", "109118701", "109119340", "109121410", "110113591", "110113931", "110114720", "110114920", "110115140", "110115580", "110116170", "110116300", "110118181", "110118450", "110118740", "110119300", "110120531", "110120700", "111116090", "111116640", "111118820", "111119250", "111120220", "111120280", "111120540", "111120640", "111121190", "111121410", "112116290", "112117461", "112117660", "112117790", "112118701", "112119610", "112119950", "112120540", "112120700", "112121010", "113118111", "113118490", "113119320", "113120591", "113120640", "113121750", "113122160", "113122430"], "labels": [1, 1, 2, 0, 3, 0, 1, 1, 3, 1, 3, 2, 2, 1, 2, 1, 1, 1, 3, 3, 0, 2, 3, 3, 2, 2, 1, 2, 0, 0, 3, 2, 1, 0, 1, 2, 2, 1, 3, 2, 0, 2, 2, 3, 0, 3, 2, 1, 1, 3, 3, 3, 0, 1, 3, 3, 2, 1, 0, 1, 1, 0, 1, 0, 1, 0, 3, 0, 2, 2, 0, 3, 2, 2, 3, 1, 3, 2, 3, 2, 3, 1, 0, 1, 2, 2, 0, 1, 0, 3, 1, 0, 3, 1, 0, 3, 0, 3, 3, 0, 0, 1, 3, 3, 0, 1, 0, 3, 1, 0, 3, 1, 0, 2, 3, 0, 0, 1, 3, 0, 1, 0, 1, 0, 0, 0, 0, 3, 0, 0, 0, 3, 2, 2, 1, 1, 1, 0, 0, 0, 3, 2], "predicted_labels": [1, 1, 2, 3, 1, 3, 3, 3, 1, 0, 0, 3, 1, 0, 3, 3, 1, 1, 0, 0, 3, 1, 2, 1, 1, 1, 1, 1, 0, 3, 0, 3, 0, 1, 1, 3, 3, 3, 1, 0, 3, 1, 3, 0, 3, 1, 1, 1, 1, 1, 1, 1, 0, 1, 0, 1, 1, 1, 3, 3, 3, 1, 3, 0, 1, 3, 3, 1, 3, 1, 1, 1, 1, 0, 1, 1, 3, 1, 1, 1, 1, 1, 0, 3, 1, 1, 3, 1, 1, 3, 1, 3, 3, 3, 0, 0, 1, 1, 3, 3, 0, 3, 1, 1, 3, 1, 1, 3, 1, 1, 3, 1, 0, 3, 0, 1, 1, 0, 0, 3, 1, 1, 0, 1, 1, 3, 3, 3, 3, 1, 3, 1, 1, 1, 3, 3, 1, 3, 0, 1, 1, 1], "confidence_scores": [[0.06497086324746963, 0.680871819281163, 0.10947001457083863, 0.14468730290052847], [0.2893336990457636, 0.24803567503075424, 0.2131629299648113, 0.24946769595867097], [0.27409128651779496, 0.09302716571128022, 0.5638665333268935, 0.06901501444403148], [0.18016293128308805, 0.16542088729124518, 0.31212195291279915, 0.3422942285128678], [0.20096347880445198, 0.25738130236653034, 0.3021373910434338, 0.23951782778558411], [0.18905878851797558, 0.13164740610112913, 0.48470520778672715, 0.19458859759416816], [0.17299234202403138, 0.1359889179227304, 0.3382462900646967, 0.35277244998854124], [0.18017278495252365, 0.22743030612848014, 0.08457376030959297, 0.5078231486094033], [0.12647873231868037, 0.5197200965317951, 0.19643475541045605, 0.15736641573906834], [0.8082213291338021, 0.04113008880217577, 0.042655353717393034, 0.10799322834662921], [0.9203903707961839, 0.025452415079831994, 0.016321873872695916, 0.03783534025128804], [0.23548694796718975, 0.21788251184369284, 0.19885109120342578, 0.34777944898569163], [0.09754626589544665, 0.5045101419332432, 0.16876805263607492, 0.22917553953523512], [0.5207455049246588, 0.11070036009507395, 0.27154902275099135, 0.09700511222927598], [0.0659389524603654, 0.10419553674231168, 0.5170935836219344, 0.31277192717538865], [0.2964493183577341, 0.09966440378493285, 0.1911852020874343, 0.4127010757698988], [0.1800570247388457, 0.4848363301082998, 0.18529127975876467, 0.14981536539408982], [0.14878424921545647, 0.46521124200855857, 0.17253761150625038, 0.21346689726973464], [0.820990220196102, 0.08858216987730447, 0.006636443406617244, 0.08379116651997652], [0.5548911648233205, 0.24523275035517506, 0.058693352907187434, 0.14118273191431702], [0.16272599520605374, 0.2799865084476883, 0.055314584175619366, 0.5019729121706387], [0.12308031799194867, 0.4617233157685265, 0.35107069439978034, 0.06412567183974426], [0.0224246339797626, 0.05310189151074356, 0.8151428457794598, 0.10933062873003412], [0.21093171970186633, 0.46889041590134084, 0.21661207400131444, 0.10356579039547857], [0.24370072617278826, 0.20987328045217926, 0.3694955122571983, 0.17693048111783422], [0.05512323624614664, 0.33567128191786166, 0.3018186003295623, 0.30738688150642934], [0.22825985164218526, 0.23222674657872489, 0.25691415648104593, 0.2825992452980438], [0.25480441965723116, 0.15250000472878025, 0.46964310402239245, 0.1230524715915963], [0.5132051837282923, 0.11486943384985794, 0.1735515406776946, 0.19837384174415515], [0.37998495333934384, 0.15693513461728253, 0.135388539448256, 0.32769137259511777], [0.7936512989380199, 0.12161854226452566, 0.022667975054375903, 0.062062183743078606], [0.15543190723818254, 0.09778940552201537, 0.21755584845413767, 0.5292228387856646], [0.4673114832103427, 0.23318508824419865, 0.05643231229997567, 0.24307111624548294], [0.19324484772115963, 0.5579594570777178, 0.0665397209970436, 0.18225597420407866], [0.13098898914601165, 0.7508547733322615, 0.04799526670997961, 0.07016097081174757], [0.21965290454939615, 0.2934710685676715, 0.03191233995426783, 0.45496368692866435], [0.2507914254434774, 0.16738981122655106, 0.30768792747551593, 0.2741308358544556], [0.3205652800342521, 0.07675201694528055, 0.05821171173643102, 0.5444709912840363], [0.2211069171522575, 0.31950895123445416, 0.26988657871047095, 0.18949755290281756], [0.5868767341886336, 0.21007313274241848, 0.08903463281832363, 0.11401550025062424], [0.48519281343579523, 0.0536592678599153, 0.05529860324679468, 0.40584931545749475], [0.299179400404526, 0.3852345657634582, 0.22618843067599492, 0.08939760315602083], [0.19126293089778235, 0.16098580964336723, 0.3387439755573004, 0.30900728390155], [0.7804687073891177, 0.03586427216079902, 0.053978922792542655, 0.12968809765754044], [0.2053649952885746, 0.16141481036512245, 0.27221553261327, 0.36100466173303275], [0.23126804184228505, 0.4349477980639716, 0.0829014761950847, 0.25088268389865853], [0.13452278537879658, 0.18222196745342384, 0.4332657335474439, 0.24998951362033506], [0.19934960952704292, 0.30001113492114106, 0.09252962303831944, 0.4081096325134967], [0.10188358394945028, 0.4372191954369059, 0.16091046570603368, 0.2999867549076096], [0.19364695998051437, 0.32921246666678633, 0.28973714560642605, 0.18740342774627364], [0.17539609406127782, 0.49874083813982145, 0.23827642108549887, 0.08758664671340155], [0.06825593414965948, 0.2848134247108187, 0.28683645400247015, 0.3600941871370519], [0.5619147042189826, 0.19322506390724956, 0.0899302933548151, 0.15492993851895268], [0.1776759267180126, 0.33102611179356606, 0.25774731461873057, 0.23355064686969082], [0.5235124282581023, 0.28815901052983534, 0.036733203901101394, 0.15159535731096102], [0.09970443671430111, 0.7073854662709724, 0.0684182436985857, 0.1244918533161406], [0.1349883300549871, 0.6288441089199616, 0.14017107644624058, 0.09599648457881087], [0.33509266228451046, 0.270514545858179, 0.1299443980961233, 0.264448393761187], [0.27689578960336225, 0.18211648029337107, 0.1164048182013803, 0.42458291190188613], [0.14311085559670653, 0.2080839445757668, 0.2576751892665511, 0.3911300105609756], [0.12953589896389092, 0.19646957374991658, 0.05289916751578514, 0.6210953597704075], [0.07196785694377676, 0.7904975020207062, 0.03155456442758938, 0.10598007660792781], [0.18453706081508128, 0.21393610109074876, 0.1601729133273569, 0.441353924766813], [0.8944184349888712, 0.08587234107420685, 0.0042560422611512515, 0.015453181675770875], [0.16975211785647104, 0.3159348903148884, 0.33195987623154705, 0.18235311559709358], [0.07587765876647912, 0.1460757785872788, 0.4910681576519488, 0.2869784049942933], [0.40109963732235326, 0.2605028410776156, 0.034573304530261036, 0.3038242170697699], [0.032414697618672904, 0.5265147594122622, 0.1228354562722822, 0.31823508669678297], [0.1418449175786454, 0.2795021084659127, 0.14250043911616672, 0.43615253483927513], [0.2796163191519861, 0.5647308662369789, 0.10442671452597108, 0.05122610008506429], [0.1718762682008933, 0.6843433749143396, 0.015536819878561313, 0.1282435370062056], [0.33596186359379937, 0.478853380549401, 0.036745843436228186, 0.1484389124205714], [0.10586732607290715, 0.8399916251048342, 0.03462138439073941, 0.01951966443151931], [0.6839247902900708, 0.05239297205630461, 0.0448580730579658, 0.21882416459565882], [0.056536998303774975, 0.8297921331523671, 0.0766584331374144, 0.037012435406443486], [0.39305566432616196, 0.4323149150383323, 0.11814926899944121, 0.05648015163606455], [0.04794728782799515, 0.3125552775672764, 0.12243613415849582, 0.5170613004462326], [0.10084560725318388, 0.8228465249824435, 0.020755509892643752, 0.055552357871729026], [0.10198437327652041, 0.35455061903553825, 0.3152206831414974, 0.22824432454644417], [0.050128929984730446, 0.49131757997402425, 0.23417331491413346, 0.22438017512711175], [0.29669237299635215, 0.6854084587273978, 0.0031682288987888527, 0.014730939377461045], [0.18557680697722273, 0.4658541376034958, 0.1517538187699949, 0.1968152366492867], [0.798452803162249, 0.06168854540039694, 0.05679213648118591, 0.0830665149561683], [0.0994536894030769, 0.251048550888271, 0.04769924545890588, 0.6017985142497461], [0.07192480371928311, 0.3592399903419481, 0.2855978174796372, 0.2832373884591315], [0.067912647444164, 0.7875643759127365, 0.06801566866643884, 0.07650730797666054], [0.0844149431904596, 0.24409273297537476, 0.1704979408666312, 0.5009943829675341], [0.21008445158947028, 0.3476716253852946, 0.10087390138102285, 0.3413700216442125], [0.0766703770835289, 0.7194896328448205, 0.0442361682976981, 0.15960382177395246], [0.5340151475296041, 0.09020849520443354, 0.028546631123011135, 0.3472297261429515], [0.26215965017454823, 0.2983589869000757, 0.15364675717856333, 0.2858346057468129], [0.1432838941340812, 0.2911100759119952, 0.13181256974379132, 0.43379346021013204], [0.06616000817932462, 0.2753067698421239, 0.06280716337812013, 0.5957260586004314], [0.07814691032145016, 0.159374306082523, 0.08558761579497912, 0.6768911678010477], [0.6288459947824147, 0.12412184286556016, 0.047813169314021284, 0.19921899303800408], [0.6724067830394365, 0.06465678986896391, 0.005500710540783982, 0.2574357165508155], [0.13164498896126461, 0.4587291562986716, 0.06545424057591548, 0.34417161416414815], [0.05720621170828801, 0.4396619510623169, 0.1418485338282709, 0.36128330340112425], [0.079190253775162, 0.19559934076602908, 0.10343007499793623, 0.6217803304608726], [0.1949408076149163, 0.2573211091344866, 0.09956590590494338, 0.44817217734565373], [0.6867100285244528, 0.1586407620031502, 0.037208735884492854, 0.11744047358790403], [0.3496331081539046, 0.1742142291351084, 0.07191412941819114, 0.40423853329279574], [0.07349127078725907, 0.23671798584002507, 0.5874882614711208, 0.10230248190159504], [0.14571328282765694, 0.3732268699149111, 0.2948399313440619, 0.18621991591336975], [0.3825924817878848, 0.10050408255613674, 0.0861406403015653, 0.4307627953544134], [0.04498876279722569, 0.42499804395193364, 0.1828159493089481, 0.3471972439418928], [0.23170384246252423, 0.45416692937175696, 0.08139431401427047, 0.2327349141514486], [0.21026866589243753, 0.2827777220497017, 0.07642660564895591, 0.4305270064089048], [0.04948420045775165, 0.5219442801253634, 0.2655938296354671, 0.16297768978141797], [0.09706260328648103, 0.7039978890474207, 0.10307462497670013, 0.09586488268939841], [0.3110277758531825, 0.19586065749986412, 0.04457708725596488, 0.44853447939098834], [0.08873633745883885, 0.4920720467821684, 0.1045979456903708, 0.3145936700686217], [0.8224555173184973, 0.11778094597880462, 0.012985848881117234, 0.04677768782158098], [0.24363573554833529, 0.22681663525497042, 0.04704951422284668, 0.4824981149738477], [0.6736501009442181, 0.15366038972621698, 0.006745915533966993, 0.16594359379559784], [0.4607289419013289, 0.3536496387017495, 0.07150259436361671, 0.1141188250333051], [0.4211482103875901, 0.2555897658661, 0.054797354613840235, 0.26846466913246936], [0.646217677621008, 0.06206537427619869, 0.042024949837333535, 0.24969199826545968], [0.5272745793331901, 0.2449939891493319, 0.1782765581574717, 0.049454873360006195], [0.23941113327536961, 0.20864706656017454, 0.0381650258181633, 0.5137767743462929], [0.4875805975771145, 0.447553584845178, 0.04328254944321729, 0.021583268134490286], [0.14929493464013316, 0.41151162208643693, 0.1451357283287495, 0.29405771494468075], [0.5958528642772095, 0.22146944139793415, 0.045267644864086756, 0.13741004946076954], [0.1893940891890798, 0.29649711845662824, 0.14573762396696074, 0.36837116838733086], [0.20001716436872347, 0.3473139496900431, 0.18222873525521902, 0.2704401506860145], [0.28434855179025226, 0.13170515335216978, 0.06898074541767511, 0.514965549439903], [0.3589030871627018, 0.1440023628631961, 0.03774681769841599, 0.45934773227568626], [0.16118196981240585, 0.1155230454967841, 0.11184713484332866, 0.6114478498474814], [0.26136507969508893, 0.20155499188445006, 0.0159715184542562, 0.5211084099662047], [0.05175092818209539, 0.5957769245909932, 0.2269403397712182, 0.12553180745569323], [0.5858001343252061, 0.03491086772880685, 0.030092739013736287, 0.34919625893225076], [0.3650974056196391, 0.54385791899337, 0.04822541088132407, 0.04281926450566662], [0.17019960832027128, 0.5442531024861801, 0.08673288028815165, 0.19881440890539678], [0.05188063870218892, 0.21843100269257026, 0.5080672751012658, 0.22162108350397536], [0.16623862315266816, 0.3286342602883983, 0.07708704671510322, 0.42804006984383036], [0.05287643522544657, 0.04011908057397541, 0.015214713123549247, 0.891789771077029], [0.20375735515572413, 0.4206065192629164, 0.09452370560790255, 0.281112419973457], [0.12425015201739988, 0.13988817228421346, 0.3334000478561173, 0.402461627842269], [0.7594413068957621, 0.17149923549045937, 0.0024769489460340793, 0.06658250866774457], [0.3166112344014465, 0.6085107189327681, 0.012683015139113006, 0.06219503152667235], [0.09486083469381953, 0.4402347610876038, 0.17000634545312854, 0.2948980587654482], [0.039263082370240114, 0.7907922963172344, 0.033847611572442676, 0.13609700974008287]]}}