{"test": {"ids": ["108121410", "112120700", "100111390", "103117200", "112116850", "107113260", "110118450", "110115250", "101108621", "101109000", "106121220", "108113740", "101119030", "103110050", "109118820", "108115500", "102110690", "107113130", "102112301", "97110950", "99112641", "113118630", "113121680", "101108950", "113120260", "111119300", "107118780", "99119830", "97116500", "107113170", "97106600", "103120780", "104114740", "113122190", "106118520", "97112290", "100109000", "113120751", "98106680", "113118820", "111119430", "101116130", "98107410", "108114180", "101112160", "100113370", "103120290", "110121450", "112119450", "112118860", "101108121", "104116800", "98121790", "98108970", "104111550", "106111321", "109119010", "102107961", "99108890", "112121030", "113122170", "111121930", "107116501", "108119550", "112118581", "108119510", "107121540", "110120540", "108114220", "98107010", "105113260", "105113190", "106115250", "113120640", "108121160", "113120280", "108113760", "110117110", "101108460", "112118530", "106115120", "103111540", "100109910", "109116040", "111115400", "97106820", "104113550", "113121950", "105113170", "110115140", "99112840", "111118810", "100109311", "112120270", "109115380", "102109910", "112120630", "97106000", "98109570", "112118471", "97107681", "112119120", "108115970", "112116990", "102111990", "103120531", "109114651", "109120150", "111121410", "104113210", "103109791", "102109840", "101115190", "108113700", "111119610", "112118930", "105112260", "110116300", "111117480", "107114280", "105118740", "112117030", "107120130", "106119260", "108120621", "99107950", "106112770", "104111380", "107119950", "105110091", "110118880", "105118230", "110121170", "108121351", "109117150", "110114950", "101109120", "100111620", "107115250", "103112470", "101121640", "113118111"], "labels": [0, 2, 2, 0, 0, 0, 0, 1, 0, 1, 1, 3, 3, 3, 3, 3, 0, 1, 1, 3, 1, 3, 1, 2, 3, 1, 1, 1, 2, 0, 3, 1, 2, 1, 2, 1, 1, 1, 1, 0, 3, 2, 3, 1, 3, 3, 2, 3, 3, 3, 0, 1, 2, 3, 1, 0, 3, 3, 0, 0, 1, 1, 1, 1, 1, 1, 2, 1, 3, 3, 3, 3, 2, 0, 2, 0, 1, 0, 0, 1, 1, 1, 2, 0, 0, 1, 1, 3, 0, 0, 2, 0, 1, 0, 3, 2, 3, 0, 1, 1, 3, 1, 2, 0, 2, 3, 3, 2, 0, 3, 3, 2, 1, 0, 2, 1, 3, 3, 1, 3, 1, 2, 2, 1, 1, 1, 1, 3, 3, 0, 0, 1, 2, 3, 2, 0, 1, 3, 2, 1, 2, 1], "predicted_labels": [1, 3, 3, 0, 3, 1, 1, 3, 0, 3, 3, 0, 0, 1, 3, 0, 0, 0, 0, 3, 0, 3, 3, 2, 0, 3, 3, 3, 0, 3, 0, 0, 3, 3, 0, 1, 3, 3, 1, 3, 3, 3, 3, 3, 3, 3, 1, 1, 3, 3, 1, 3, 1, 1, 1, 0, 1, 1, 1, 0, 3, 0, 3, 1, 1, 1, 1, 1, 1, 3, 0, 3, 1, 3, 3, 3, 3, 1, 1, 1, 1, 1, 3, 3, 0, 3, 3, 3, 3, 1, 3, 3, 3, 1, 3, 3, 3, 3, 3, 0, 3, 3, 0, 0, 0, 1, 3, 3, 3, 3, 3, 1, 3, 0, 1, 3, 3, 0, 3, 1, 1, 3, 3, 2, 3, 3, 3, 3, 3, 1, 3, 3, 1, 0, 3, 3, 1, 1, 1, 1, 3, 3], "confidence_scores": [[0.2852388167388167, 0.3245501443001443, 0.1616087662337662, 0.22860227272727285], [0.21828228715728717, 0.2736301406926407, 0.199106691919192, 0.30898088023088016], [0.25178925241425243, 0.22169487456987466, 0.2135279304029304, 0.31298794261294266], [0.33004253385503396, 0.24217727411477413, 0.14413931901431903, 0.283640873015873], [0.22906906981906977, 0.25280158730158736, 0.17286525974025974, 0.34526408313908313], [0.20678829503829504, 0.30222853535353544, 0.19293872793872788, 0.29804444166944166], [0.22447330447330446, 0.28536940836940844, 0.21756681308887196, 0.27259047406841524], [0.19902435064935062, 0.26914640914640925, 0.17237631812631815, 0.35945292207792207], [0.2773780663780665, 0.21137554112554105, 0.23851659451659457, 0.272729797979798], [0.2121856060606061, 0.24519499944499945, 0.19692116217116218, 0.3456982323232323], [0.28203719972837626, 0.24347601010101008, 0.1699517655547067, 0.3045350246159069], [0.29712132312132306, 0.2224104229104229, 0.18639359251859255, 0.2940746614496616], [0.28250732600732603, 0.27535637973137983, 0.1759781746031746, 0.2661581196581197], [0.22517911255411258, 0.27893822150072145, 0.22988863220113223, 0.26599403374403374], [0.2052976884226884, 0.2684961566211566, 0.2525560966810968, 0.27365005827505834], [0.28872709235209226, 0.274759546009546, 0.18517264679764683, 0.25134071484071496], [0.2959194971694972, 0.24441926129426125, 0.1667258991008991, 0.29293534243534247], [0.2817886557886558, 0.2651338106338107, 0.21579037629037623, 0.2372871572871573], [0.2890708874458874, 0.2460306637806638, 0.22233513708513716, 0.24256331168831172], [0.24126839826839824, 0.2827357226107228, 0.1906843156843157, 0.28531156343656344], [0.28980398767898774, 0.2514255744255744, 0.2330159285159286, 0.22575450937950933], [0.2506711760461761, 0.21165723165723158, 0.1699883311133312, 0.3676832611832612], [0.16155266955266953, 0.2767117604617605, 0.22616396103896097, 0.335571608946609], [0.21406096681096684, 0.2687997835497837, 0.27899855699855697, 0.2381406926406927], [0.2864846681096681, 0.24749098124098123, 0.21663221500721497, 0.2493921356421356], [0.2731528373587198, 0.22493023928685696, 0.1948611041736042, 0.3070558191808192], [0.26254492729492734, 0.23386129148629156, 0.18077620990120993, 0.32281757131757155], [0.20374718337218348, 0.28140909090909094, 0.23043878343878352, 0.28440494227994223], [0.2716637251637251, 0.22333531746031746, 0.2387026168276169, 0.26629834054834056], [0.28626010101010096, 0.2007299783549783, 0.1970753968253968, 0.31593452380952397], [0.27358620546120554, 0.2586307442557443, 0.26919948107448116, 0.19858356920856926], [0.33100387520975766, 0.2114655720096896, 0.1703481934731934, 0.2871823593073593], [0.2373802308802308, 0.27227867965367963, 0.1842693556443557, 0.3060717338217339], [0.2237346681096681, 0.26184397546897553, 0.23871350871350863, 0.27570784770784784], [0.31449146686646684, 0.2772096653346653, 0.1375326479076479, 0.27076621989122], [0.2622929292929293, 0.3110160533910534, 0.1429264069264069, 0.2837646103896105], [0.28174729437229434, 0.239452380952381, 0.1764453879453879, 0.30235493672993685], [0.22617112054612057, 0.2613552142302143, 0.21524471361971367, 0.2972289516039517], [0.19129130591630583, 0.2837646103896105, 0.26181727994227993, 0.2631268037518037], [0.26157007575757585, 0.24743407287157293, 0.16974603174603178, 0.3212498196248197], [0.21966691641691638, 0.2529477050727051, 0.24840854978354968, 0.2789768287268288], [0.21718939393939404, 0.26561958874458874, 0.24177723665223666, 0.27541378066378075], [0.28814682539682546, 0.20146410533910536, 0.19164448051948052, 0.3187445887445887], [0.23364942002442, 0.1617359307359307, 0.1930727466977467, 0.4115419025419026], [0.21729838298955947, 0.22376848070230423, 0.2637744061494061, 0.2951587301587303], [0.24851782449576576, 0.24121711417667308, 0.24304532967032966, 0.26721973165723173], [0.2579309163059163, 0.2796282467532467, 0.25928373015873013, 0.20315710678210677], [0.23160533910533918, 0.3096318542568543, 0.1848284632034632, 0.27393434343434353], [0.24310302891552887, 0.21671136502386504, 0.1942798174048174, 0.34590578865578864], [0.2619954061461414, 0.27917261904761914, 0.1501639900132547, 0.3086679847929849], [0.2098710317460318, 0.2837913752913755, 0.2406016622266622, 0.26573593073593077], [0.27176490176490176, 0.257636002886003, 0.1915655455655455, 0.2790335497835497], [0.19914603452103452, 0.31940498390498395, 0.2776018287268288, 0.2038471528471528], [0.2714785777947543, 0.29146942640692647, 0.18173711909006024, 0.2553148767082591], [0.26049458874458875, 0.3052146464646465, 0.18960606060606058, 0.24468470418470428], [0.3043852675102675, 0.2571603951603952, 0.2247028943278944, 0.21375144300144305], [0.2094469696969696, 0.29209559884559877, 0.22552002164502152, 0.27293740981241], [0.22676388888888885, 0.32515476190476195, 0.21254166666666663, 0.23553968253968255], [0.1897904595404596, 0.33441670829170833, 0.19760911310911308, 0.2781837190587192], [0.3563144771894773, 0.2292931512931513, 0.15459740259740257, 0.25979496891996895], [0.2516012737262737, 0.2581640026640027, 0.20793668831168827, 0.28229803529803543], [0.3296354617604619, 0.24109794372294374, 0.1409424603174603, 0.2883241341991343], [0.21836255411255415, 0.2533587662337662, 0.19059992784992785, 0.3376787518037518], [0.2438333888333888, 0.3015004023754024, 0.19974059274059278, 0.2549256160506161], [0.23123275335775348, 0.3053526889776889, 0.20642177267177286, 0.2569927849927851], [0.24509758297258288, 0.29871987734487737, 0.20831240981240984, 0.2478701298701299], [0.2603103146853147, 0.3091844544344544, 0.1413082611832612, 0.28919696969696973], [0.20253697691197697, 0.3376305916305916, 0.2062460317460317, 0.25358639971139973], [0.2640502553002554, 0.3230484584859587, 0.20400117243867247, 0.20890011377511375], [0.280699463118581, 0.2610259421950599, 0.172372774284539, 0.2859018204018205], [0.2917935952935953, 0.2807224580974582, 0.14545010545010548, 0.28203384115884106], [0.3127425491175492, 0.22994973082473083, 0.1082768759018759, 0.34903084415584423], [0.20910323010323015, 0.3049583333333333, 0.22670079920079927, 0.25923763736263733], [0.2689850843600844, 0.2642256493506493, 0.1686410533910534, 0.29814821289821297], [0.25580477855477857, 0.25355790043290033, 0.21021596459096453, 0.28042135642135646], [0.3053344710844711, 0.24991570929070941, 0.1350953213453213, 0.3096544982794983], [0.25823677711177717, 0.2599535048285049, 0.19537547175047176, 0.2864342463092463], [0.20061169467787113, 0.36020616883116896, 0.24736987522281648, 0.19181226126814357], [0.2807127872127872, 0.2858417415917416, 0.18182839382839386, 0.25161707736707745], [0.22150559163059172, 0.38038311688311693, 0.18921446608946618, 0.20889682539682547], [0.25115422077922084, 0.3077646103896104, 0.18031024531024528, 0.26077092352092357], [0.26991756854256854, 0.2828571428571429, 0.18557846320346313, 0.26164682539682543], [0.2550057720057721, 0.21695256132756138, 0.2535162337662337, 0.27452543290043285], [0.24094755326372977, 0.2455764790764792, 0.1742676441205853, 0.33920832353920594], [0.26451924464424464, 0.25049919524919534, 0.2310906454656455, 0.2538909146409147], [0.2372270646020645, 0.22008692696192703, 0.235355574980575, 0.3073304334554335], [0.30848214285714287, 0.20768867243867256, 0.172075036075036, 0.31175414862914874], [0.2648891247641248, 0.25546518759018755, 0.21003156565656564, 0.269614121989122], [0.22106410256410258, 0.25715358946608946, 0.1798247863247862, 0.34195752164502174], [0.2166285381285381, 0.28900636169386174, 0.22949535880785882, 0.26486974136974134], [0.21169507575757568, 0.2875622294372295, 0.17839135864135877, 0.32235133616383616], [0.2170171356421356, 0.26975631313131315, 0.13489087301587296, 0.3783356782106783], [0.2570828623990389, 0.2700460095460096, 0.18357251980046102, 0.2892986082544907], [0.18152741702741707, 0.2985702561327561, 0.2357000360750362, 0.2842022907647908], [0.23672745310245313, 0.28033594877344886, 0.18889871933621932, 0.29403787878787885], [0.26507201132201136, 0.24992376373626374, 0.15821142746142744, 0.32679279748029766], [0.24940012765012756, 0.25341933066933064, 0.22772365134865133, 0.26945689033189046], [0.2134310966810967, 0.2576576479076479, 0.24690295815295824, 0.28200829725829735], [0.27565602453102456, 0.2276731601731602, 0.1546396103896104, 0.3420312049062049], [0.3122650127650128, 0.2660208541458542, 0.16595303307803305, 0.2557611000111], [0.2310634781884782, 0.23239142801642806, 0.235956043956044, 0.30058904983904994], [0.2294941724941725, 0.21848425185925183, 0.21105128205128207, 0.3409702935952936], [0.2855560411810412, 0.2622176434676435, 0.18423661754911758, 0.26798969780219783], [0.34381154956154947, 0.19348892773892776, 0.16351863414363416, 0.29918088855588865], [0.2840331543456543, 0.24885490897990908, 0.18641117216117223, 0.2807007645132646], [0.2470153457653458, 0.31619767732267734, 0.1209027985902986, 0.3158841783216785], [0.26122197328814983, 0.22397800728683076, 0.1848434343434344, 0.32995658508158515], [0.23570189532689534, 0.24419523532023535, 0.2415699855699856, 0.27853288378288393], [0.23726785714285717, 0.2689587495837496, 0.15772884060384063, 0.3360445526695528], [0.24943391330891326, 0.23661162448662448, 0.21715669053169054, 0.2967977716727717], [0.24239947552447552, 0.23063841713841715, 0.2591477480852481, 0.26781435925185915], [0.2272332944832945, 0.311377344877345, 0.21895988733488736, 0.24242947330447337], [0.2104254356754357, 0.24786381673881686, 0.25259397546897544, 0.2891167721167721], [0.2938902763902764, 0.29001724664224665, 0.19480008880008876, 0.22129238816738822], [0.23556898656898656, 0.29791544566544576, 0.18189377289377287, 0.28462179487179495], [0.2653813131313132, 0.2150041486291486, 0.1673492063492064, 0.35226533189033193], [0.2531550671550672, 0.2647500000000001, 0.142900308025308, 0.33919462481962476], [0.30063833960157504, 0.2709485930735931, 0.18081851604278068, 0.2475945512820513], [0.2854160561660562, 0.23835228660228652, 0.1705613275613275, 0.3056703296703298], [0.24273731823731823, 0.37132972582972584, 0.1750273615273615, 0.21090559440559445], [0.24795579420579414, 0.3238498515373516, 0.1799772727272727, 0.24821708152958155], [0.23477813852813859, 0.20635101010101004, 0.23445818764568763, 0.3244126637251638], [0.21553941197691207, 0.27096645021645016, 0.1953436147186147, 0.31815052308802316], [0.19988392857142862, 0.25312400793650797, 0.28761111111111115, 0.25938095238095243], [0.298614892052392, 0.2509582847707848, 0.14305573593073595, 0.30737108724608736], [0.16909601509601507, 0.27270936008436014, 0.2783345959595959, 0.279860028860029], [0.2047977300477301, 0.2768358030858033, 0.21011276917526925, 0.30825369769119776], [0.2374709595959596, 0.255187284937285, 0.20912971750471748, 0.298212037962038], [0.2768756313131313, 0.2126825396825397, 0.15652493339993342, 0.35391689560439565], [0.2273439566968979, 0.2951169227014815, 0.23230768537018542, 0.2452314352314353], [0.2385456904206904, 0.21041022866022863, 0.18755491036741043, 0.3634891705516705], [0.18723587523587518, 0.2657906399156399, 0.1874967532467533, 0.35947673160173166], [0.17081372793872793, 0.31638149350649347, 0.19649420718170726, 0.31631057137307134], [0.3174474969474969, 0.2572741702741704, 0.14110561660561657, 0.28417271617271617], [0.20311865911865912, 0.2849378121878122, 0.20430303030303038, 0.3076404983904984], [0.2505036075036075, 0.25730790043290047, 0.13206331168831167, 0.36012518037518054], [0.20955640193140193, 0.30080591630591635, 0.21609530747030747, 0.27354237429237427], [0.20237126762126764, 0.28714260739260755, 0.24815943340285446, 0.2623266915832705], [0.23874680874680873, 0.304420288045288, 0.19265735653235655, 0.2641755466755466], [0.2538071789321791, 0.2960402236652237, 0.20562499999999992, 0.24452759740259733], [0.22921293290043296, 0.23883450577200566, 0.20529707792207788, 0.32665548340548356], [0.2322061133311134, 0.250787753912754, 0.1288095238095238, 0.38819660894660885]]}, "rewritten": {"ids": ["97106000", "97106600", "97106820", "97107681", "97110950", "97112290", "97116500", "98106680", "98107010", "98107410", "98108970", "98109570", "98121790", "99107950", "99108890", "99112641", "99112840", "99119830", "100109000", "100109311", "100109910", "100111390", "100111620", "100113370", "101108121", "101108460", "101108621", "101108950", "101109000", "101109120", "101112160", "101115190", "101116130", "101119030", "101121640", "102107961", "102109840", "102109910", "102110690", "102111990", "102112301", "103109791", "103110050", "103111540", "103112470", "103117200", "103120290", "103120531", "103120780", "104111380", "104111550", "104113210", "104113550", "104114740", "104116800", "105110091", "105112260", "105113170", "105113190", "105113260", "105118230", "105118740", "106111321", "106112770", "106115120", "106115250", "106118520", "106119260", "106121220", "107113130", "107113170", "107113260", "107114280", "107115250", "107116501", "107118780", "107119950", "107120130", "107121540", "108113700", "108113740", "108113760", "108114180", "108114220", "108115500", "108115970", "108119510", "108119550", "108120621", "108121160", "108121351", "108121410", "109114651", "109115380", "109116040", "109117150", "109118820", "109119010", "109120150", "110114950", "110115140", "110115250", "110116300", "110117110", "110118450", "110118880", "110120540", "110121170", "110121450", "111115400", "111117480", "111118810", "111119300", "111119430", "111119610", "111121410", "111121930", "112116850", "112116990", "112117030", "112118471", "112118530", "112118581", "112118860", "112118930", "112119120", "112119450", "112120270", "112120630", "112120700", "112121030", "113118111", "113118630", "113118820", "113120260", "113120280", "113120640", "113120751", "113121680", "113121950", "113122170", "113122190"], "labels": [0, 3, 1, 3, 3, 1, 2, 1, 3, 3, 3, 1, 2, 1, 0, 1, 2, 1, 1, 1, 2, 2, 3, 3, 0, 0, 0, 2, 1, 1, 3, 1, 2, 3, 2, 3, 2, 2, 0, 2, 1, 3, 3, 1, 1, 0, 2, 3, 1, 3, 1, 3, 1, 2, 1, 0, 3, 0, 3, 3, 1, 1, 0, 1, 1, 2, 2, 1, 1, 1, 0, 0, 3, 2, 1, 1, 3, 2, 2, 0, 3, 1, 1, 3, 3, 2, 1, 1, 1, 2, 3, 0, 3, 3, 0, 2, 3, 3, 2, 0, 0, 1, 3, 0, 0, 0, 1, 2, 3, 0, 1, 0, 1, 3, 2, 0, 1, 0, 0, 2, 1, 1, 1, 3, 1, 1, 3, 0, 3, 2, 0, 1, 3, 0, 3, 0, 0, 1, 1, 3, 1, 1], "predicted_labels": [1, 0, 2, 3, 3, 3, 0, 1, 0, 0, 1, 3, 1, 1, 1, 1, 3, 3, 0, 3, 2, 3, 3, 3, 3, 1, 3, 3, 3, 1, 2, 3, 3, 0, 3, 1, 3, 3, 1, 0, 3, 1, 1, 0, 1, 3, 3, 3, 3, 3, 1, 3, 0, 3, 3, 3, 3, 3, 3, 3, 3, 3, 0, 3, 0, 1, 3, 3, 3, 1, 3, 3, 1, 3, 3, 3, 3, 1, 3, 1, 3, 3, 3, 0, 3, 3, 1, 1, 0, 3, 0, 1, 3, 1, 3, 3, 3, 1, 3, 3, 0, 3, 3, 1, 3, 3, 1, 3, 3, 1, 0, 3, 3, 3, 3, 3, 0, 3, 3, 3, 0, 1, 1, 3, 3, 0, 3, 1, 3, 1, 0, 3, 0, 3, 3, 3, 1, 3, 3, 3, 0, 1], "confidence_scores": [[0.2597344877344878, 0.29481096681096686, 0.22039285714285722, 0.22506168831168835], [0.25589167776667776, 0.2512601426351426, 0.24262408424908435, 0.2502240953490954], [0.23786850649350655, 0.24380645743145749, 0.27464520202020204, 0.24367983405483415], [0.2510323287823288, 0.22941217116217116, 0.24917833555333566, 0.2703771645021646], [0.24700245587745584, 0.2553320984570985, 0.2220374555999556, 0.27562799006549016], [0.25143037518037525, 0.26373367604617615, 0.17710245310245312, 0.3077334956709957], [0.290548285048285, 0.25636507936507935, 0.20377873515373518, 0.24930790043290038], [0.20531366550116548, 0.3001175560550562, 0.23494801726051726, 0.25962076118326133], [0.2708394660894662, 0.2624312770562771, 0.19985846098346094, 0.2668707958707959], [0.3254691558441559, 0.2096686507936508, 0.16170220057720056, 0.3031599927849928], [0.254538073038073, 0.2816845793095793, 0.20647516372516372, 0.257302183927184], [0.25733784271284277, 0.2679775363525363, 0.15169219669219663, 0.32299242424242436], [0.2169133505383505, 0.32323128260628275, 0.21520235320235317, 0.24465301365301365], [0.1943628593628594, 0.27905056055056066, 0.25474260461760473, 0.2718439754689755], [0.19057377344877346, 0.3086051309801309, 0.22134232434232437, 0.2794787712287713], [0.2207601565101565, 0.30762543012543014, 0.22980947780289884, 0.24180493556151447], [0.2609542818292819, 0.27176448551448557, 0.18373523698523697, 0.2835459956709957], [0.23255844155844163, 0.23196626984126983, 0.2082227633477634, 0.3272525252525253], [0.28834612609612614, 0.23370021645021652, 0.19758229270729274, 0.2803713647463648], [0.2775554176215942, 0.23888076506826508, 0.19941385901680014, 0.28414995829334067], [0.2481328671328671, 0.25595714008214016, 0.26597276334776326, 0.22993722943722944], [0.23907640970140961, 0.2735140137640138, 0.19043943556443554, 0.29697014097014107], [0.23354086191586199, 0.24686600899100902, 0.2587384654818865, 0.26085466361124254], [0.20018368641162762, 0.26074747964453854, 0.26232047119547114, 0.27674836274836284], [0.24015324952824954, 0.23970670995671003, 0.2323303363303363, 0.28780970418470425], [0.26297582972582983, 0.30140656565656565, 0.19845430957930954, 0.23716329503829509], [0.28003084415584417, 0.23710551948051947, 0.1866410533910534, 0.29622258297258297], [0.26023849067599075, 0.21554791042291047, 0.23908928571428567, 0.28512431318681325], [0.22570923520923525, 0.257625555000555, 0.19906264568764573, 0.31760256410256416], [0.2561678044178044, 0.26348944805194807, 0.2284442016317017, 0.25189854589854593], [0.23464688089688096, 0.21820088245088237, 0.2799072871572872, 0.26724494949494954], [0.24234168609168616, 0.2660984848484849, 0.22525883838383834, 0.26630099067599067], [0.21818306693306697, 0.2480846098346099, 0.24772943722943727, 0.2860028860028861], [0.317615800865801, 0.21376821789321793, 0.19513149350649356, 0.2734844877344878], [0.23500496031746043, 0.2531896645021645, 0.23665818903318903, 0.27514718614718625], [0.27145672383172387, 0.3285669053169054, 0.15284200083542185, 0.24713437001594898], [0.28745444832944833, 0.25330337717837725, 0.17051574814074816, 0.2887264263514264], [0.2706068931068932, 0.23277605727605724, 0.20258967421467422, 0.29402737540237545], [0.2719192890442891, 0.2919728743478745, 0.17007074869574867, 0.2660370879120879], [0.3077624111999112, 0.213049173049173, 0.2058456959706959, 0.2733427197802199], [0.2709875541125541, 0.25998502886002894, 0.18242424242424246, 0.2866031746031747], [0.2380493534243534, 0.2809771201021202, 0.2528851773226773, 0.2280883491508491], [0.19025595238095241, 0.3267103174603177, 0.2274152236652238, 0.25561850649350665], [0.3020976176601177, 0.20567321567321567, 0.19530645743145736, 0.29692270923520925], [0.24783008658008662, 0.30652476689976693, 0.19514249639249642, 0.25050265012765016], [0.3084354464979466, 0.23305690836940834, 0.13566853979353982, 0.32283910533910537], [0.23468759018759022, 0.2754713203463204, 0.18943165168165174, 0.30040943778443785], [0.24822512210012218, 0.3120916028416029, 0.12716524447774447, 0.3125180305805307], [0.24574567099567105, 0.20813227050727043, 0.19383134920634926, 0.3522907092907094], [0.21896320346320344, 0.2458069985569986, 0.23040971528471524, 0.3048200826950826], [0.2295016788766789, 0.32463736263736265, 0.21144522838272833, 0.23441573010323016], [0.27233971583971583, 0.2184208707958708, 0.22121954434454433, 0.28801986901986903], [0.30786038961038964, 0.19630808080808088, 0.19623015873015873, 0.29960137085137106], [0.24262842712842708, 0.26022474747474744, 0.22097373021715128, 0.27617309517967426], [0.2442231240981241, 0.25391314935064946, 0.1773214285714286, 0.324542297979798], [0.23506764069264072, 0.25568319180819177, 0.18883723221223217, 0.3204119352869354], [0.2531544705294705, 0.2740629509379511, 0.1625594544344545, 0.31022312409812414], [0.22244444444444444, 0.2805256132756133, 0.1491924603174603, 0.3478374819624821], [0.3167495143745145, 0.21011836080586083, 0.14176086413586414, 0.3313712606837608], [0.23657647907647913, 0.30314339826839826, 0.11873371073371071, 0.341546411921412], [0.214787087912088, 0.29237591575091576, 0.19770364357864362, 0.29513335275835273], [0.26260073260073263, 0.2680517468642469, 0.18880215617715612, 0.2805453643578645], [0.27409648684648685, 0.2548222471972473, 0.20772774447774442, 0.26335352147852154], [0.16129095904095897, 0.2782652625152626, 0.2271751096126097, 0.3332686688311689], [0.27845009157509154, 0.27284854034854034, 0.1715276667776668, 0.2771737012987013], [0.2536550116550117, 0.3234891428016429, 0.18614128926628934, 0.23671455627705634], [0.2591060051060052, 0.2580632006882007, 0.18840854978354982, 0.2944222444222445], [0.2429257756132756, 0.261573162948163, 0.21833394383394378, 0.27716711760461776], [0.2826397907647906, 0.2510267510267511, 0.16172739760239754, 0.30460606060606066], [0.25197901404151407, 0.3110764652014653, 0.13261940836940836, 0.30432511238761256], [0.27369960594960596, 0.24410138472638476, 0.17110714285714287, 0.31109186646686665], [0.24216013153513163, 0.2847204392829393, 0.17587026168276165, 0.2972491674991675], [0.23596597846597844, 0.32512789987789986, 0.18989657564657567, 0.24900954600954603], [0.21405290542790545, 0.2604679487179487, 0.20278136446886447, 0.32269778138528143], [0.2551898101898102, 0.24530158730158733, 0.1747858946608947, 0.3247227078477079], [0.2600174270174269, 0.2536710927960928, 0.14480910755910748, 0.3415023726273727], [0.2799742410367411, 0.2615286796536798, 0.16634511322011325, 0.29215196608946614], [0.2073863705738706, 0.32796718559218563, 0.18764545177045175, 0.2770009920634921], [0.2858694083694084, 0.2659368686868687, 0.14768849206349202, 0.30050523088023084], [0.2843587107337108, 0.3216857170607172, 0.19988648851148855, 0.19406908369408363], [0.2635691669441669, 0.21256206293706292, 0.16176484626484622, 0.36210392385392404], [0.25242334054834054, 0.2586266233766234, 0.2159746503496503, 0.27297538572538577], [0.22760191197691196, 0.1860791430791431, 0.24004355366855376, 0.34627539127539125], [0.28243276168276177, 0.2751573565323566, 0.20726053113553128, 0.23514935064935064], [0.2657953504828506, 0.27640356865356863, 0.16298214285714288, 0.294818938006438], [0.23723695748695742, 0.27337157287157293, 0.17030937812187805, 0.3190820915195916], [0.25437944571768095, 0.33768380230880224, 0.16037885154061624, 0.24755790043290044], [0.21872938172938167, 0.30084329559329565, 0.22126440226440228, 0.25916292041292055], [0.3066423992673994, 0.24741712454212458, 0.14726966089466087, 0.29867081529581535], [0.25794565157065164, 0.2738625541125541, 0.1932639998889999, 0.2749277944277945], [0.31414318320568324, 0.24605118492618494, 0.14576409701409695, 0.2940415348540349], [0.2881028138528139, 0.3265654761904762, 0.14313937451437445, 0.2421923354423356], [0.24996807359307374, 0.2260532661782662, 0.1776965534465534, 0.34628210678210697], [0.21488733488733494, 0.30153459734709737, 0.21510272366522368, 0.2684753441003442], [0.22796464646464654, 0.2574141414141415, 0.21161025086025081, 0.3030109612609612], [0.2658840881340882, 0.26314874014874023, 0.20115188539530646, 0.26981528632186536], [0.20845670995670995, 0.266437049062049, 0.24848611111111119, 0.27662012987012985], [0.2178145604395604, 0.2927765290265291, 0.2498395909645909, 0.2395693195693196], [0.23502650127650135, 0.24174424186924193, 0.2320699855699856, 0.2911592712842713], [0.26946245421245424, 0.2947388028638029, 0.1058423937173937, 0.32995634920634925], [0.2734083000333001, 0.2570053696303697, 0.21694739982239988, 0.2526389305139306], [0.22393295593295595, 0.21155483405483405, 0.20481944444444453, 0.35969276556776564], [0.2663974913974915, 0.2629027777777779, 0.1562284243534243, 0.31447130647130644], [0.22860678210678217, 0.3086885475635475, 0.228679292929293, 0.2340253774003774], [0.19472655122655122, 0.2808015873015872, 0.2176103896103896, 0.30686147186147184], [0.2915647546897547, 0.21004929792429794, 0.12388708513708512, 0.3744988622488625], [0.19588383838383838, 0.3346379870129871, 0.20887752525252526, 0.2606006493506494], [0.2524107142857143, 0.23205817099567103, 0.2222411477411478, 0.2932899669774669], [0.2574780497280497, 0.2679350649350648, 0.19351100288600293, 0.2810758824508825], [0.2315483405483405, 0.28584969891219897, 0.21173954517704527, 0.27086241536241545], [0.287133384589267, 0.23041362395774162, 0.1977055167055167, 0.2847474747474749], [0.19315891053391052, 0.2754877344877345, 0.1436378066378066, 0.3877155483405484], [0.25912487920576166, 0.22823471259133035, 0.19089366883116884, 0.32174673937173937], [0.2287748501498502, 0.26437932900432903, 0.20894912032412022, 0.2978967005217006], [0.22591919191919196, 0.23904852092352094, 0.22561471861471863, 0.3094175685425685], [0.2617727272727273, 0.23636062548562545, 0.16400283050283052, 0.3378638167388168], [0.31212337662337664, 0.2515108363858364, 0.15091450216450214, 0.28545128482628496], [0.2666720085470085, 0.22128282828282836, 0.202258658008658, 0.30978650516150535], [0.2674375763125763, 0.22461365717615717, 0.17761784049284052, 0.3303309260184261], [0.24216901154401158, 0.2566803751803752, 0.19346744227994234, 0.30768317099567105], [0.299718129093129, 0.2839677683427684, 0.16117261904761904, 0.25514148351648347], [0.2094458874458875, 0.3423050144300145, 0.1801978715728716, 0.26805122655122665], [0.2413249250749251, 0.26785575535575534, 0.2256118881118881, 0.2652074314574315], [0.25349154889228415, 0.254028318903319, 0.18611424115100583, 0.30636589105339107], [0.2487913614163615, 0.22697137584637583, 0.2138036408036408, 0.3104336219336221], [0.2868693259355024, 0.24848056722689077, 0.2014126984126985, 0.26323740842490845], [0.2264584235209236, 0.26451001082251085, 0.18804839604839607, 0.32098316960816975], [0.2574801587301589, 0.275208381895882, 0.2015515387390388, 0.2657599206349207], [0.27381643356643354, 0.24038209013209022, 0.20199758574758575, 0.2838038905538906], [0.20684483571983567, 0.28452938727938726, 0.23034962259962266, 0.2782761544011544], [0.37781501831501835, 0.24279116716616722, 0.13097853535353532, 0.24841527916527922], [0.2113705738705739, 0.24626083638583637, 0.11405967643467642, 0.4283089133089132], [0.27240259740259753, 0.2545474386724387, 0.2556655844155844, 0.2173843795093795], [0.24486153429903434, 0.2463801268176268, 0.17823921911421914, 0.33051911976911974], [0.25240187590187596, 0.2659122127872127, 0.19924141136641133, 0.2824444999444999], [0.27680645743145754, 0.23526839826839818, 0.15540682928182922, 0.3325183150183152], [0.2092078477078478, 0.29208044733044736, 0.2098005793226382, 0.28891112563906685], [0.2276351010101011, 0.2855551948051948, 0.18483531746031748, 0.3019743867243868], [0.22388879870129869, 0.2718140331890333, 0.21167622655122656, 0.29262094155844165], [0.24724647574647585, 0.23595368520368512, 0.22766499268705145, 0.2891348463627877], [0.26718136030636036, 0.257150654900655, 0.2086313131313131, 0.2670366716616717], [0.2243398823398823, 0.28103914141414155, 0.24734175546675552, 0.24727922077922085]]}}