{"test": {"ids": ["109119460", "99116500", "107115250", "108121351", "112118820", "111116530", "107121700", "101108370", "108118301", "101114020", "107116340", "102110750", "100109330", "110117080", "111116010", "101113210", "113118421", "112116800", "106114150", "112119450", "101109000", "111116090", "106117770", "113120601", "109114270", "105117431", "111117000", "113119700", "110119891", "97110950", "104114230", "113122190", "105115680", "113120640", "97106591", "108115500", "97106000", "102109840", "97116790", "97106770", "98107410", "109119591", "107113550", "107114490", "111121190", "111119430", "110116290", "113120070", "108114220", "97112290", "104113170", "101116130", "110115250", "108115570", "102112030", "99109161", "98108520", "113121410", "100110050", "106116850", "106114011", "108120621", "102112301", "111115910", "113118820", "105114220", "113121010", "99109141", "111120260", "108115870", "99117740", "110118161", "111116411", "98116940", "110113591", "102108621", "110114920", "109116170", "107118490", "110118740", "109113281", "100109910", "108117360", "107117630", "107116300", "108118060", "103109641", "108114360", "113121980", "113121750", "97107040", "111115400", "104111531", "106113170", "102113210", "108118630", "99108330", "98120530", "111119930", "103117200", "108115250", "108118291", "107114280", "101108290", "103112641", "101110200", "111117571", "113121950", "107113130", "113119480", "102110500", "98107340", "104113380", "108114200", "106116370", "106113190", "113119450", "101109370", "110117500", "103109791", "104110960", "113118690", "99117630", "112116640", "109115211", "109120621", "107114321", "101121640", "110120540", "112121430", "108120060", "102109850", "108115970", "100115700", "104113550", "100111270", "106120640", "112117461", "102109010", "112116810", "106119990", "98110810"], "labels": [1, 2, 2, 3, 0, 3, 3, 1, 1, 3, 3, 1, 0, 1, 1, 3, 3, 0, 1, 3, 1, 3, 0, 2, 3, 1, 0, 0, 3, 3, 2, 1, 2, 0, 1, 3, 0, 2, 2, 3, 3, 0, 0, 3, 1, 3, 2, 2, 3, 1, 3, 2, 1, 3, 2, 3, 2, 0, 3, 3, 1, 1, 1, 2, 0, 3, 2, 3, 3, 3, 2, 0, 0, 2, 0, 3, 3, 0, 2, 3, 0, 2, 1, 0, 0, 1, 1, 1, 2, 0, 2, 0, 0, 0, 3, 1, 1, 1, 1, 0, 1, 3, 3, 0, 3, 2, 3, 3, 1, 3, 3, 0, 1, 0, 2, 0, 3, 1, 1, 3, 2, 3, 3, 0, 0, 1, 0, 2, 1, 2, 1, 1, 2, 1, 1, 2, 3, 0, 1, 3, 0, 1], "predicted_labels": [1, 2, 2, 3, 3, 1, 1, 0, 3, 0, 1, 1, 1, 1, 1, 1, 0, 3, 0, 3, 3, 0, 3, 3, 3, 1, 3, 1, 3, 1, 2, 3, 1, 0, 2, 1, 3, 1, 1, 0, 0, 1, 2, 1, 3, 1, 2, 2, 2, 3, 2, 3, 3, 0, 1, 0, 1, 3, 3, 0, 1, 1, 0, 1, 0, 0, 1, 0, 0, 0, 1, 3, 0, 1, 0, 0, 1, 3, 1, 0, 3, 2, 3, 0, 1, 0, 3, 2, 3, 1, 2, 0, 3, 1, 3, 3, 2, 3, 0, 1, 3, 3, 1, 3, 1, 1, 1, 3, 2, 0, 3, 2, 2, 0, 0, 0, 0, 1, 1, 2, 0, 1, 1, 3, 3, 0, 1, 1, 1, 1, 2, 2, 3, 0, 0, 2, 1, 3, 1, 1, 3, 1], "confidence_scores": [[0.17636469629893947, 0.3919979789986386, 0.07124439224860467, 0.36039293245381726], [0.003763953783925228, 0.23546643816923724, 0.7304168539875048, 0.030352754059333294], [0.12146869251386337, 0.11800082801246749, 0.581106606061084, 0.1794238734125851], [0.08183742850019785, 0.20445850127191761, 0.05979339224785602, 0.6539106779800287], [0.20907515376717886, 0.22871693603075813, 0.03412930309292259, 0.52807860710914], [0.08673425682952168, 0.8320738602168668, 0.0642318955823526, 0.01695998737125878], [0.04248136849579103, 0.823337298957978, 0.052449405420758786, 0.08173192712547209], [0.9767352397894562, 0.007576381746896781, 0.005517101916474259, 0.010171276547172748], [0.3542778130272626, 0.2153258687309899, 0.08622075478970016, 0.3441755634520474], [0.5774785937102535, 0.12978775615141838, 0.08654481323557238, 0.20618883690275608], [0.29501370727739507, 0.46291029667056954, 0.14653744700588983, 0.09553854904614564], [0.18485798803108142, 0.4716765697216625, 0.3355573013217183, 0.007908140925537729], [0.41283988275492006, 0.47312867679733606, 0.033745412118198315, 0.08028602832954577], [0.03550039822940234, 0.4711717084680306, 0.15435951066010978, 0.3389683826424576], [0.060901369030367775, 0.5335449358609196, 0.33767679190198946, 0.06787690320672322], [0.13228517167038945, 0.5775212042661017, 0.09890860383468957, 0.1912850202288192], [0.9466789686132571, 0.02522962361896711, 0.0015252039845925108, 0.026566203783183234], [0.29216223764079297, 0.12901000863116327, 0.14127085405127682, 0.4375568996767669], [0.6535313794718911, 0.12390927980053389, 0.1505645728967359, 0.07199476783083933], [0.02876457129085313, 0.044972134720746695, 0.008823404421801387, 0.917439889566599], [0.013104648258334805, 0.1405134171145358, 0.5434966013153971, 0.3028853333117324], [0.6487134414992798, 0.13207425279013407, 0.056910308732529495, 0.16230199697805683], [0.2640382524154503, 0.27268359427802485, 0.12405307901953627, 0.33922507428698906], [0.0938813975672703, 0.2751928952563364, 0.23229462769924883, 0.39863107947714443], [0.20286551155877253, 0.19376564531419885, 0.3142214768104471, 0.28914736631658156], [0.058714996464998934, 0.5841844536103045, 0.3039709408720763, 0.05312960905262042], [0.19117052788311298, 0.35998829798580123, 0.10133048469063924, 0.3475106894404467], [0.112959535328951, 0.39625139669237813, 0.4021371222627538, 0.08865194571591699], [0.06063630576123749, 0.36471683646585057, 0.03898552858095066, 0.5356613291919613], [0.2686010685369461, 0.45137870088045656, 0.1985785003416912, 0.08144173024090598], [0.08085596607321137, 0.21277976317404923, 0.6559682247083943, 0.05039604604434455], [0.16214659148136248, 0.05574635300971171, 0.21791476403760418, 0.5641922914713219], [0.015781764001683768, 0.756407589437533, 0.14484199171438797, 0.08296865484639525], [0.6705275800615614, 0.1521936728929731, 0.03306082321649731, 0.14421792382896795], [0.041204338265790015, 0.16672296652195762, 0.6918512935267507, 0.10022140168550142], [0.1579566576280742, 0.4351844907573398, 0.26325289091604853, 0.14360596069853784], [0.0067881612856249135, 0.07152284657609521, 0.3475480759747493, 0.5741409161635306], [0.12132172427241773, 0.5415365844604436, 0.3013987883143356, 0.035742902952803184], [0.2215132498938164, 0.33773507776973183, 0.37981283346415046, 0.060938838872301476], [0.5246995026044118, 0.04931493826296747, 0.38596647026440317, 0.04001908886821745], [0.5317982884692686, 0.05510101013343397, 0.3140555980636239, 0.0990451033336735], [0.32375278603295105, 0.4522744343861258, 0.17376358665241382, 0.050209192928509574], [0.26217629710786805, 0.12187125340030171, 0.5556110080404946, 0.06034144145133564], [0.019015563608370457, 0.43887817008200075, 0.2681469566741755, 0.27395930963545334], [0.37026935941018835, 0.16762672088898464, 0.16987630829225403, 0.292227611408573], [0.044760253480095234, 0.4454680723680484, 0.2900709660064895, 0.21970070814536674], [0.3249187533857716, 0.01872082283185624, 0.6285931094103309, 0.027767314372041493], [0.08413905658602937, 0.07074317790733745, 0.6854591070257375, 0.1596586584808957], [0.19485694053947455, 0.0562361682791624, 0.7279509368846009, 0.020955954296762173], [0.0927442909608987, 0.3596168055020102, 0.052299702949926974, 0.49533920058716424], [0.02450023066428539, 0.19341959766325637, 0.5665999229134439, 0.21548024875901411], [0.04931169894322365, 0.059615205510678136, 0.31858280618531104, 0.572490289360787], [0.12181338889507573, 0.06329102138970005, 0.03817642815918969, 0.7767191615560344], [0.5195595295951148, 0.04677350829422645, 0.329719859878681, 0.1039471022319779], [0.15125931404537774, 0.34928723262898853, 0.4564188418176021, 0.04303461150803147], [0.632237138714966, 0.17941099883775433, 0.16279497502653734, 0.025556887420742514], [0.44921134757755343, 0.3470606029137313, 0.05351945797300886, 0.15020859153570668], [0.023981415589656444, 0.061514157267122546, 0.0030274275111389264, 0.9114769996320822], [0.03183439487457921, 0.24982471584210664, 0.2027802340922241, 0.5155606551910903], [0.41965569567264516, 0.12328977845004989, 0.32331717592307746, 0.13373734995422776], [0.4993118527315476, 0.4488829503067244, 0.04138560852828655, 0.010419588433441308], [0.4563938536641479, 0.43333001846154556, 0.05316120270372799, 0.05711492517057825], [0.40719035223187533, 0.22588070942622665, 0.2524119109001958, 0.11451702744170193], [0.5045579181037543, 0.407474280473191, 0.05160125629722256, 0.03636654512583219], [0.7343808117867623, 0.10099790859929443, 0.03204510090644333, 0.13257617870749966], [0.7005991314333857, 0.20555580012131472, 0.013964942941129321, 0.07988012550417052], [0.08408534206544906, 0.5282539083420998, 0.05803644261121042, 0.32962430698124073], [0.6244586415778324, 0.27020551507223295, 0.0719729360630863, 0.033362907286848514], [0.5210823090836189, 0.23763990387745457, 0.024312708263149907, 0.21696507877577645], [0.5189764798090987, 0.14218557964666453, 0.07364620874927234, 0.2651917317949645], [0.252131731354976, 0.25673644825335656, 0.4329704564905527, 0.05816136390111479], [0.3525878408583527, 0.2305535081086931, 0.06315295708719258, 0.35370569394576185], [0.8647070817115607, 0.004229674939304442, 0.01003418771288603, 0.12102905563624862], [0.10726286245820105, 0.5887424741101349, 0.22346336048544152, 0.08053130294622243], [0.6731536109853014, 0.2561063691038633, 0.020219421843338584, 0.050520598067496626], [0.8863002269078136, 0.0346965527514939, 0.033641462209420395, 0.045361758131272294], [0.15670323449891743, 0.5902418646323787, 0.03144419384822683, 0.2216107070204772], [0.06849152860373864, 0.26154508871697824, 0.0753916109669201, 0.594571771712363], [0.2066632042099176, 0.5378014037218801, 0.2083227760792257, 0.04721261598897688], [0.8496636485622961, 0.01583609995731943, 0.0543517688637493, 0.08014848261663506], [0.44969896332072085, 0.04430622806773004, 0.004619953216541565, 0.5013748553950074], [0.04469017044986852, 0.02092158737826188, 0.9285982441844557, 0.005789997987414056], [0.008083149533455476, 0.040311392262144245, 0.6415608065438922, 0.3100446516605081], [0.6055586582698653, 0.05042184872990456, 0.29794419074766165, 0.04607530225256839], [0.36662534827523124, 0.3134731909713514, 0.1519328496976884, 0.16796861105572883], [0.47049047407838707, 0.26508634726479924, 0.03610021142999436, 0.22832296722681936], [0.025407940895210958, 0.09418627717463132, 0.21063381544713475, 0.669771966483023], [0.1363012480567112, 0.255498165501914, 0.4838169856269969, 0.12438360081437781], [0.04017889526398284, 0.3781194688985584, 0.07631049878596644, 0.5053911370514922], [0.13915886457164017, 0.6295504757810465, 0.01220007461732982, 0.21909058502998352], [0.21641566446295343, 0.19148919203171266, 0.4094225871082898, 0.18267255639704383], [0.7460765761660569, 0.20123139433462447, 0.0434021391037628, 0.009289890395555856], [0.26658149578548374, 0.2072426207184817, 0.05425026747337968, 0.47192561602265476], [0.11722784146676311, 0.8046331958042691, 0.01769067821780338, 0.06044828451116443], [0.24366749640607285, 0.04744875339398105, 0.11896677717332341, 0.5899169730266233], [0.006571586058678296, 0.10996793148565291, 0.012741874630949923, 0.8707186078247191], [0.11701856333450737, 0.14825073440797706, 0.5763931628466881, 0.15833753941082754], [0.17986693038147272, 0.22536635838744828, 0.05657539885346265, 0.5381913123776164], [0.6331306693920093, 0.1012716629093854, 0.12298214184805888, 0.14261552585054638], [0.24798402172822762, 0.5791089472677942, 0.007485863012891739, 0.16542116799108667], [0.1247922623233405, 0.1040574824535834, 0.39831036047963697, 0.3728398947434394], [0.5877974836593275, 0.016613045086642287, 0.03793245339182121, 0.35765701786220905], [0.13089645148216195, 0.8179719519066692, 0.012850023141004847, 0.03828157347016408], [0.32704875134867273, 0.007924436041805328, 0.009370561539503074, 0.655656251070019], [0.1570690349454721, 0.3566160110370088, 0.37870114859027154, 0.10761380542724741], [0.022702991518393223, 0.900913299558387, 0.016447745525334588, 0.059935963397885116], [0.5172216792888661, 0.37302981875451385, 0.025036797209039636, 0.08471170474758065], [0.158833901846814, 0.07402316675024401, 0.2391835733984214, 0.5279593580045203], [0.10490654266558494, 0.13231725512881842, 0.7268274232259133, 0.03594877897968313], [0.5541820968960341, 0.15349387932968483, 0.07614377947138566, 0.21618024430289537], [0.25119153824008017, 0.028046814126828298, 0.23064962701462827, 0.4901120206184634], [0.03885507545928597, 0.030662236293243324, 0.902279364692581, 0.02820332355488968], [0.08550808693474983, 0.10109869346149489, 0.7574858847180705, 0.05590733488568473], [0.8242896435660868, 0.1387735413986558, 0.009865781098265084, 0.02707103393699231], [0.7742444432045557, 0.024170688062182467, 0.10814729175573351, 0.09343757697752852], [0.8001813680611854, 0.03383647301894142, 0.0373288734673717, 0.12865328545250176], [0.9118890907214923, 0.019487635447416746, 0.005078934899106917, 0.06354433893198459], [0.06090731090232826, 0.525163043591378, 0.24173376030715923, 0.17219588519913462], [0.4048154158717439, 0.4583487783139693, 0.06155394864795987, 0.07528185716632688], [0.133215894134772, 0.016071177962969113, 0.7717371228883707, 0.0789758050138885], [0.7889216058790405, 0.0933809838677912, 0.07802647008600892, 0.03967094016715919], [0.20570464100848662, 0.7113079416972109, 0.04103578236877246, 0.04195163492552987], [0.3008887261150206, 0.6271303583782359, 0.05202798163624894, 0.01995293387049415], [0.4918748807630655, 0.1582238017456176, 0.05774097726916497, 0.2921603402221519], [0.021539011612582284, 0.17307804932749893, 0.013506753209892317, 0.7918761858500263], [0.6080415976841365, 0.20042286358463293, 0.09742265046065139, 0.09411288827057915], [0.08415013804584817, 0.48417481223318015, 0.09588188968796418, 0.3357931600330077], [0.042200196894216946, 0.5179331315428292, 0.11599578136286778, 0.32387089020008636], [0.10282982891723298, 0.6307283083970614, 0.20276871413434114, 0.06367314855136434], [0.3955147127478592, 0.45287569878737743, 0.04486375614479911, 0.10674583231996419], [0.19702307344806766, 0.2731545819156612, 0.5042984929785911, 0.025523851657680143], [0.1785873524051207, 0.11030611254650534, 0.6730014880088606, 0.03810504703951344], [0.5025605023898748, 0.10899600510280918, 0.05890538839137815, 0.32953810411593787], [0.3887178685657649, 0.2578092758661223, 0.24309734217320195, 0.11037551339491068], [0.7362363000807909, 0.010128276166813686, 0.19883873006531627, 0.054796693687079144], [0.026040678113950187, 0.1103149862724326, 0.8535128686855376, 0.010131466928079605], [0.013226458899036819, 0.8851931364813641, 0.0812025739128674, 0.020377830706731277], [0.17926716541390136, 0.04076329004378116, 0.013370649608213856, 0.7665988949341035], [0.2057447451590646, 0.5368600081133942, 0.20933556519978813, 0.04805968152775321], [0.17147069259807704, 0.5012536704722556, 0.23975208877905382, 0.08752354815061344], [0.11553535750041559, 0.15206170133376828, 0.06359490693134782, 0.6688080342344681], [0.04911162088428196, 0.8745758452250734, 0.07310071656140511, 0.0032118173292395237]]}, "rewritten": {"ids": ["97106000", "97106591", "97106770", "97107040", "97110950", "97112290", "97116790", "98107340", "98107410", "98108520", "98110810", "98116940", "98120530", "99108330", "99109141", "99109161", "99116500", "99117630", "99117740", "100109330", "100109910", "100110050", "100111270", "100115700", "101108290", "101108370", "101109000", "101109370", "101110200", "101113210", "101114020", "101116130", "101121640", "102108621", "102109010", "102109840", "102109850", "102110500", "102110750", "102112030", "102112301", "102113210", "103109641", "103109791", "103112641", "103117200", "104110960", "104111531", "104113170", "104113380", "104113550", "104114230", "105114220", "105115680", "105117431", "106113170", "106113190", "106114011", "106114150", "106116370", "106116850", "106117770", "106119990", "106120640", "107113130", "107113550", "107114280", "107114321", "107114490", "107115250", "107116300", "107116340", "107117630", "107118490", "107121700", "108114200", "108114220", "108114360", "108115250", "108115500", "108115570", "108115870", "108115970", "108117360", "108118060", "108118291", "108118301", "108118630", "108120060", "108120621", "108121351", "109113281", "109114270", "109115211", "109116170", "109119460", "109119591", "109120621", "110113591", "110114920", "110115250", "110116290", "110117080", "110117500", "110118161", "110118740", "110119891", "110120540", "111115400", "111115910", "111116010", "111116090", "111116411", "111116530", "111117000", "111117571", "111119430", "111119930", "111120260", "111121190", "112116640", "112116800", "112116810", "112117461", "112118820", "112119450", "112121430", "113118421", "113118690", "113118820", "113119450", "113119480", "113119700", "113120070", "113120601", "113120640", "113121010", "113121410", "113121750", "113121950", "113121980", "113122190"], "labels": [0, 1, 3, 2, 3, 1, 2, 0, 3, 2, 1, 2, 1, 1, 3, 3, 2, 3, 2, 0, 2, 3, 2, 1, 0, 1, 1, 1, 2, 3, 3, 2, 2, 3, 1, 2, 1, 3, 1, 2, 1, 3, 1, 3, 3, 0, 2, 0, 3, 1, 1, 2, 3, 2, 1, 0, 0, 1, 1, 2, 3, 0, 0, 3, 1, 0, 3, 0, 3, 2, 0, 3, 0, 2, 3, 0, 3, 1, 1, 3, 3, 3, 2, 1, 1, 3, 1, 1, 1, 1, 3, 0, 3, 0, 0, 1, 0, 1, 0, 3, 1, 2, 1, 1, 0, 3, 3, 1, 0, 2, 1, 3, 0, 3, 0, 3, 3, 1, 3, 1, 0, 0, 3, 0, 0, 3, 2, 3, 3, 0, 3, 3, 0, 2, 2, 0, 2, 0, 0, 3, 2, 1], "predicted_labels": [3, 1, 0, 1, 1, 1, 1, 2, 0, 1, 1, 1, 3, 2, 0, 0, 2, 1, 1, 1, 2, 3, 2, 0, 3, 0, 3, 3, 1, 1, 0, 3, 1, 3, 1, 1, 2, 3, 1, 2, 0, 3, 3, 2, 1, 1, 0, 3, 1, 2, 0, 1, 0, 1, 1, 1, 0, 1, 0, 0, 0, 3, 3, 1, 2, 2, 1, 1, 1, 2, 0, 2, 0, 1, 1, 0, 0, 2, 3, 1, 0, 3, 0, 2, 0, 0, 0, 3, 2, 1, 3, 3, 3, 3, 3, 1, 1, 0, 0, 3, 3, 2, 3, 0, 1, 0, 1, 1, 0, 1, 1, 0, 0, 1, 1, 1, 1, 0, 0, 3, 3, 3, 1, 3, 3, 3, 1, 0, 1, 0, 0, 3, 1, 3, 3, 0, 3, 3, 1, 3, 1, 3], "confidence_scores": [[0.023538248404771898, 0.04526558501900344, 0.36928763379542723, 0.5619085327807974], [0.11515025867484191, 0.2156350209303602, 0.4658633194364815, 0.2033514009583166], [0.5237453276734728, 0.055134961146998326, 0.3808265959924529, 0.04029311518707614], [0.3148656483343267, 0.29464645773129905, 0.17702300673061674, 0.21346488720375728], [0.35422918737679787, 0.43248206100201, 0.13792863206079523, 0.07536011956039679], [0.11234956392607097, 0.4220099778557479, 0.060046292665353364, 0.4055941655528277], [0.2587326561281668, 0.5649028944128609, 0.12598493747968328, 0.05037951197928864], [0.02678092754681174, 0.023657404336951002, 0.9125300296120097, 0.03703163850422764], [0.6361139860755193, 0.053554906642975145, 0.23725779618043677, 0.07307331110106885], [0.3123294975897386, 0.4395969107248506, 0.055792695600932966, 0.1922808960844777], [0.029216079352325612, 0.9423453858669285, 0.026189482102476812, 0.002249052678268972], [0.059714510599728474, 0.6739045327420565, 0.16792037731501624, 0.098460579343199], [0.2113310561040702, 0.28157776476782226, 0.16706113071461126, 0.3400300484134964], [0.22477754404269332, 0.09833313214971962, 0.5764113620740346, 0.10047796173355227], [0.5514845732418198, 0.2863611136559558, 0.11041593550710806, 0.05173837759511666], [0.5151139587865536, 0.31034724424718485, 0.13469321066220818, 0.03984558630405352], [0.003955332290201864, 0.22254173549186368, 0.7570696503814499, 0.016433281836484823], [0.24915780292600578, 0.6586810687988885, 0.06745137473322999, 0.024709753541875597], [0.1022011761090182, 0.3860049267683933, 0.47226486729640427, 0.039529029826184316], [0.284117892735006, 0.596793036133732, 0.025635424316430542, 0.09345364681483108], [0.03803667937379595, 0.019970833479489757, 0.936721354148437, 0.005271132998277213], [0.05678450625024681, 0.17713557365783733, 0.23820433427912432, 0.5278755858127914], [0.04271518275429483, 0.1339663105562581, 0.8150210045583284, 0.008297502131118486], [0.5275581940292884, 0.25587192606650977, 0.11771109427098216, 0.09885878563321965], [0.37118523870151204, 0.01347930790515027, 0.014069898719128771, 0.6012655546742092], [0.9797276898383077, 0.007404361071529884, 0.0028129364276617314, 0.010055012662500907], [0.012139108915464797, 0.11493310205114841, 0.49719050964682315, 0.3757372793865638], [0.09246334916973915, 0.33376610650320737, 0.2533518396512786, 0.320418704675775], [0.05187319858257236, 0.7692168347492293, 0.017610151522668663, 0.16129981514552974], [0.1436069654509962, 0.6192772215258572, 0.07590468418304842, 0.16121112884009808], [0.5427380935428442, 0.17096167446528224, 0.17654668960773914, 0.10975354238413403], [0.06417081564666423, 0.040064332917143806, 0.453485331216437, 0.4422795202197554], [0.046542612096068005, 0.5822300545402784, 0.11679172057797457, 0.25443561278567883], [0.2646768433480535, 0.3006568532258728, 0.07659473541813248, 0.3580715680079414], [0.13586305135384458, 0.7162169147905234, 0.1267899970387348, 0.021130036816897336], [0.2050558474955321, 0.470866289437278, 0.2291583406979157, 0.09491952236927395], [0.15483047005731418, 0.1620206046274181, 0.6472788833511811, 0.03587004196408673], [0.2527599204803972, 0.03957833322264675, 0.12209477916605112, 0.5855669671309052], [0.13381924715358412, 0.555763926911545, 0.2978786041932675, 0.012538221741602948], [0.11194526138333044, 0.284271093484492, 0.572571598152943, 0.031212046979234635], [0.511087463978395, 0.19784325517412127, 0.18932993100330317, 0.10173934984418069], [0.1471561041369068, 0.054609645992057615, 0.09117920607593478, 0.707055043795101], [0.14145280283221917, 0.15315262899292173, 0.09551635912615576, 0.6098782090487035], [0.10635793860084847, 0.017658674508793652, 0.7506767258683302, 0.12530666102202748], [0.1856061055428418, 0.3657256660497479, 0.29797021207923274, 0.15069801632817756], [0.11851243443398682, 0.6230542329960901, 0.00409655023432823, 0.2543367823355949], [0.6709667719939323, 0.13579292007594992, 0.15369865483530729, 0.03954165309481052], [0.21515767239409317, 0.26408493862200705, 0.05900914014582969, 0.4617482488380699], [0.04375904835630923, 0.22749096932560772, 0.5000400544186447, 0.22870992789943853], [0.10265584142543796, 0.11734210941446255, 0.7186573370309293, 0.06134471212917038], [0.7295483135549435, 0.009811759232781932, 0.1609167942757572, 0.09972313293651737], [0.12413696238079112, 0.29217760901426476, 0.5198046644462155, 0.06388076415872865], [0.5179609348976943, 0.3770861171423859, 0.024483182948258544, 0.08046976501166138], [0.019431007271944373, 0.618603381980851, 0.274227928328823, 0.08773768241838154], [0.07700830922055012, 0.6358282732981306, 0.21432433161049433, 0.07283908587082491], [0.15723677608537112, 0.7531709316280435, 0.02278668414421737, 0.06680560814236798], [0.7893468496553484, 0.029455704921554797, 0.033766753213428806, 0.14743069220966779], [0.5264033501065709, 0.42902429034111056, 0.03427821893597463, 0.010294140616343777], [0.7538861558069773, 0.07469600468563665, 0.1088903934364422, 0.06252744607094385], [0.8031827840380323, 0.01577014451599718, 0.09251492792611817, 0.08853214351985252], [0.37398897052573615, 0.12597083494972672, 0.24596482798591437, 0.2540753665386228], [0.23965348645939472, 0.2746463642073384, 0.24580385929656678, 0.2398962900367001], [0.17820323664895163, 0.16073801037954388, 0.051036849650774145, 0.6100219033207301], [0.017036328813416643, 0.9434412999223929, 0.023372025643731344, 0.016150345620458806], [0.14558008388792942, 0.2006845596777143, 0.540689115550122, 0.113046240884234], [0.2267958881173035, 0.10006645474518835, 0.6483334773063176, 0.0248041798311906], [0.09762345667372001, 0.8776760679474909, 0.0047513028301488505, 0.01994917254864029], [0.1881284047341109, 0.372354522756329, 0.0846489691039534, 0.35486810340560665], [0.03008722022174426, 0.4101332391569601, 0.22252336747770202, 0.3372561731435937], [0.11879563231058209, 0.14849803812740553, 0.5502324925570213, 0.18247383700499134], [0.41101133468101053, 0.23702046315097125, 0.1674546416649052, 0.1845135605031134], [0.08741262081572855, 0.25963748293264644, 0.5341399641965369, 0.1188099320550883], [0.5395846319593515, 0.0381990738182, 0.3599072781787802, 0.06230901604366819], [0.27944985110043474, 0.4833345287510864, 0.1489319034403267, 0.0882837167081522], [0.029476104986561117, 0.8803679985092646, 0.03553405407726372, 0.054621842426910316], [0.7677569160613245, 0.20762875344770504, 0.01113769999795568, 0.013476630493015014], [0.42829407392000224, 0.0928114758906718, 0.458956640695683, 0.019937809493643044], [0.10985268042355571, 0.18762447749506647, 0.6417067823178944, 0.06081605976348372], [0.11661087677716173, 0.10735324072321281, 0.42969846842924214, 0.34633741407038343], [0.14201536355652042, 0.5676803746335318, 0.20778398122694683, 0.0825202805830008], [0.474912257144504, 0.07102789536228521, 0.2660737042037748, 0.18798614328943578], [0.5039781906377484, 0.12625453443139195, 0.06911867953830227, 0.3006485953925573], [0.5817452813772154, 0.16979426328567687, 0.0554928530448835, 0.19296760229222448], [0.020689650073272756, 0.06503048243251229, 0.6344989021923381, 0.2797809653018771], [0.47657376293203635, 0.25323028123624863, 0.042530171351600296, 0.22766578448011457], [0.7421823373509653, 0.020394268780236795, 0.017943603940082344, 0.21947978992871556], [0.5091328251003105, 0.14767190562606053, 0.09474368605476466, 0.2484515832188647], [0.019315445092044123, 0.1062688110531954, 0.0210208579270985, 0.8533948859276619], [0.2667135628214043, 0.20226052781198983, 0.4991101612124261, 0.0319157481541796], [0.35398129437130765, 0.5318706603648589, 0.046684308001095805, 0.06746373726273776], [0.0958001314079961, 0.18344247260766056, 0.046610136379579094, 0.6741472596047644], [0.48064967773677925, 0.04952750550010794, 0.005500403936510505, 0.4643224128266024], [0.21042851165993517, 0.13488867031156607, 0.23480145126690416, 0.4198813667615947], [0.038690272885433044, 0.17881703698214121, 0.009140593310811426, 0.7733520968216145], [0.05248957915423758, 0.3532033577973977, 0.10536458307202458, 0.4889424799763399], [0.24109572033671758, 0.385907339399116, 0.05470843145822338, 0.3182885088059431], [0.23463470708578474, 0.41722301571644993, 0.29882649623453056, 0.049315780963234745], [0.8709571094667713, 0.04938070252645119, 0.0316285631582171, 0.048033624848560476], [0.5523357109042759, 0.27843402676853857, 0.036774102129962336, 0.1324561601972233], [0.10947902113256275, 0.2677249414564209, 0.06951698158722706, 0.5532790558237897], [0.06687983273170169, 0.0467706974130205, 0.14567852197443357, 0.7406709478808444], [0.2472371635092753, 0.01511543151376319, 0.7079374670250145, 0.02970993795194711], [0.0471031672171033, 0.1907049228845379, 0.30539681370044575, 0.45679509619791303], [0.6017721897206126, 0.2612634457081393, 0.07887132370679224, 0.0580930408644558], [0.39839007571731455, 0.40213345366081266, 0.06944229695827651, 0.13003417366359632], [0.8050566290100528, 0.015445649827717279, 0.07838894098819588, 0.10110878017403402], [0.03279953048767278, 0.4874256419106693, 0.05512500967009787, 0.4246498179315601], [0.13692636598821412, 0.3154185771773022, 0.46595991597614445, 0.08169514085833945], [0.7072120743708915, 0.24508934950678835, 0.04272009459229706, 0.004978481530023164], [0.5184493988322635, 0.40081356709346144, 0.05551249398667192, 0.025224540087603196], [0.10389619474883369, 0.4864861718034658, 0.3067209165300264, 0.102896716917674], [0.6299712835060557, 0.17246554710927928, 0.03691729654762743, 0.1606458728370378], [0.8457887007299273, 0.007669425355043649, 0.025620724469291752, 0.12092114944573715], [0.17867246669613668, 0.6823272809219099, 0.05976204458727097, 0.0792382077946825], [0.14161029296646488, 0.3005695934246211, 0.32965152143627663, 0.22816859217263757], [0.4594712634570436, 0.42208561487012014, 0.02659294078127041, 0.09185018089156602], [0.0655366166257552, 0.39648647487037947, 0.32588948536565293, 0.21208742313821205], [0.6481401348814411, 0.08744097523303636, 0.08928062676947346, 0.17513826311604913], [0.4529171534388114, 0.293450098247263, 0.024943786473942735, 0.22868896183998283], [0.4629311335298186, 0.11479131126286196, 0.10413504642242259, 0.31814250878489697], [0.18802712824301213, 0.2865817419682144, 0.0921130194018464, 0.433278110386927], [0.277502418485623, 0.18554816785323883, 0.10204659573244275, 0.434902817928695], [0.14974793206735623, 0.3771902562439136, 0.4154599761942351, 0.057601835494495116], [0.20172398672099756, 0.0724884105322235, 0.015686022690620464, 0.710101580056158], [0.05532592806495943, 0.1306355094900019, 0.022670620928939633, 0.7913679415160993], [0.04952553557251552, 0.039869848006087956, 0.010311404445290554, 0.9002932119761056], [0.4258592132622176, 0.4104033729828561, 0.06436055466198479, 0.0993768590929413], [0.9043923270194936, 0.047166570813300404, 0.002917910188132619, 0.045523191979073376], [0.14032920671081567, 0.7774586617358967, 0.046125185276719466, 0.036086946276568097], [0.7581590758698946, 0.09885777113219596, 0.03153106166679951, 0.1114520913311096], [0.7748122262874678, 0.12280682602352753, 0.015357854411585565, 0.08702309327741947], [0.48320048602217486, 0.17481709217390337, 0.07343612261892447, 0.2685462991849975], [0.15624080502522247, 0.5239494810838181, 0.2107279272654753, 0.10908178662548382], [0.1669453575478909, 0.20120671344108707, 0.3618445322609096, 0.2700033967501125], [0.08367824962664949, 0.2122601109616665, 0.28960776558138596, 0.414453873830298], [0.5306059873304013, 0.2499884323036664, 0.09591495270544333, 0.12349062766048939], [0.12345044048555193, 0.39551407582051373, 0.046312496607117594, 0.434722987086817], [0.034117976826314754, 0.09568595476190546, 0.005079175395220593, 0.8651168930165591], [0.15582477992950258, 0.6260029553205368, 0.012624307680167686, 0.20554795706979306], [0.03929969236987207, 0.062477004659546635, 0.2555182933619217, 0.6427050096086592], [0.04885891010031719, 0.47190669434123067, 0.08360567765554418, 0.3956287179029081], [0.15766575649683928, 0.044579111767848, 0.503952352784273, 0.2938027789510394]]}}