{"test": {"ids": ["111121410", "104111880", "111117200", "110120540", "111116100", "98109230", "102109840", "105112130", "105115900", "108118520", "99117630", "112116610", "112120290", "108121160", "113120601", "107113360", "113117401", "108113740", "98116940", "109117600", "97114170", "110115980", "110114321", "99109860", "100109910", "113119700", "110118121", "108120060", "112116401", "102114270", "113118511", "113117630", "106118161", "101110150", "107118780", "107115250", "102109850", "103110100", "99107630", "111116090", "108119330", "105116860", "113120531", "100108520", "113119950", "108118810", "106112770", "113118870", "108113760", "101108121", "97112830", "101109000", "111116750", "112118810", "109113881", "111119290", "106116850", "108119550", "98108520", "101119030", "100108490", "107119390", "103113640", "97106770", "109121351", "97113260", "110114651", "108120700", "111119580", "105119950", "102118380", "101110740", "106114321", "112118581", "107113170", "107113130", "102109010", "113118820", "99108000", "108117360", "102113350", "97112300", "99111000", "106111321", "112118930", "111115620", "107117010", "113118231", "99109740", "97116800", "104119290", "110121720", "102116340", "111118910", "106114150", "109116930", "100109980", "102112250", "113119340", "111116170", "112117471", "100117420", "104113240", "98110230", "106114280", "111119250", "98117740", "98113881", "101114990", "107114140", "109117150", "97107821", "111117571", "97111790", "100108080", "111115780", "109117730", "103111540", "113122190", "110118181", "111120320", "108115970", "106119260", "107114621", "112116880", "101112201", "98108970", "108116070", "106113260", "107114490", "102108621", "103117461", "112118701", "97105451", "113122230", "104117200", "111121930", "109114220", "102117351", "107113840", "112118890", "109115211"], "labels": [0, 3, 0, 1, 3, 1, 2, 1, 3, 0, 3, 1, 1, 2, 2, 0, 3, 3, 2, 1, 2, 1, 1, 2, 2, 0, 3, 1, 0, 3, 1, 0, 3, 1, 1, 2, 1, 1, 2, 3, 0, 2, 0, 2, 0, 1, 1, 0, 1, 0, 2, 1, 3, 3, 0, 3, 3, 1, 2, 3, 2, 2, 1, 3, 0, 1, 3, 2, 3, 3, 1, 3, 2, 1, 0, 1, 1, 0, 2, 1, 3, 2, 2, 0, 1, 1, 1, 3, 3, 0, 1, 3, 3, 0, 1, 0, 1, 0, 0, 0, 3, 2, 2, 3, 3, 1, 2, 3, 3, 2, 2, 2, 3, 2, 0, 1, 3, 1, 1, 1, 1, 2, 1, 0, 0, 0, 3, 1, 3, 3, 3, 0, 0, 0, 1, 3, 1, 3, 1, 3, 3, 0], "predicted_labels": [1, 1, 3, 1, 3, 1, 3, 1, 1, 1, 3, 3, 3, 1, 1, 0, 0, 0, 1, 0, 3, 1, 1, 1, 3, 1, 1, 3, 0, 1, 1, 1, 0, 1, 3, 1, 0, 3, 0, 3, 3, 1, 1, 3, 3, 1, 1, 3, 3, 3, 3, 3, 0, 3, 0, 3, 1, 3, 0, 3, 3, 3, 0, 0, 0, 1, 3, 0, 0, 0, 3, 1, 0, 1, 3, 1, 1, 3, 1, 1, 1, 3, 1, 1, 3, 3, 3, 3, 3, 0, 3, 1, 0, 3, 3, 0, 3, 3, 1, 3, 1, 1, 1, 0, 3, 0, 1, 1, 1, 1, 3, 0, 3, 3, 3, 1, 1, 1, 3, 3, 3, 3, 3, 0, 1, 0, 1, 3, 1, 1, 1, 1, 1, 0, 3, 3, 3, 3, 1, 3, 1, 3], "confidence_scores": [[0.23422642007015654, 0.3275322379676512, 0.1706523952359753, 0.267588946726217], [0.21089503102514826, 0.29597223978132575, 0.21048586042561787, 0.28264686876790834], [0.2553682640186746, 0.24809144043952927, 0.1725179600734195, 0.32402233546837655], [0.2736562820191525, 0.33035679607922674, 0.15329389627800616, 0.2426930256236149], [0.2767574716676943, 0.2523923890540282, 0.1463853103429693, 0.32446482893530826], [0.2732573933983111, 0.27377926510582373, 0.21068869780296162, 0.24227464369290352], [0.24231051040145704, 0.2816555249314889, 0.17786095633565113, 0.2981730083314029], [0.20776768170337753, 0.31058401469089214, 0.1996884884582687, 0.2819598151474617], [0.2560715076883826, 0.3032960982626644, 0.15095554605117004, 0.2896768479977829], [0.26363484962946343, 0.302320651581494, 0.1544712260361635, 0.27957327275287913], [0.2747382574551519, 0.2270549235262077, 0.20599946259275403, 0.2922073564258864], [0.26880975171697896, 0.25121674778138553, 0.19979474208978346, 0.28017875841185214], [0.25750312874380865, 0.24158966778763347, 0.18411077449286864, 0.31679642897568944], [0.23139205111678568, 0.31661157218592906, 0.16509583887125015, 0.28690053782603536], [0.23636808860694988, 0.26431855663391984, 0.23513211474313167, 0.2641812400159986], [0.3199025329213049, 0.27672776793887754, 0.14687650689989523, 0.2564931922399224], [0.2837288159140417, 0.2764608818414537, 0.16015457525690127, 0.2796557269876036], [0.2850250980795209, 0.2672679780352002, 0.17154450260540252, 0.2761624212798765], [0.2458368837310433, 0.3171999685601866, 0.20003334981094106, 0.236929797897829], [0.2759083619160083, 0.2530799539769447, 0.19643675206104685, 0.27457493204600053], [0.23101692431681356, 0.26879184724308497, 0.15025130067662104, 0.3499399277634803], [0.24928388407373184, 0.30097072661307217, 0.20690436147476313, 0.24284102783843284], [0.23357249584442868, 0.2811846347586909, 0.2114251986440699, 0.2738176707528105], [0.28644906692931055, 0.29489809992190763, 0.17519632371289817, 0.24345650943588354], [0.24561628422523354, 0.23262674091302057, 0.23177893014511505, 0.2899780447166309], [0.2508208534459294, 0.28147971192666565, 0.1969871218644633, 0.27071231276294194], [0.24812296808469023, 0.38010403213203175, 0.13977440718353062, 0.23199859259974753], [0.23364806286021833, 0.255291440142307, 0.21749500251416912, 0.2935654944833057], [0.32002264224655746, 0.246134341473819, 0.13715156431968478, 0.2966914519599389], [0.18822831145619356, 0.30657250776146666, 0.22250015926207287, 0.28269902152026705], [0.22617344927053545, 0.3643740413167776, 0.15061693906972987, 0.25883557034295734], [0.26841186406582646, 0.2743858851482312, 0.21469271456460615, 0.24250953622133609], [0.3189003143540488, 0.27164543775357003, 0.14829739419172447, 0.2611568537006569], [0.29015880267978966, 0.30135050156706994, 0.1528410673202494, 0.25564962843289085], [0.24633594326168673, 0.2661059706733093, 0.19028695728826353, 0.2972711287767406], [0.2464048135097981, 0.309599391087542, 0.17024644687582943, 0.2737493485268304], [0.2881516887208815, 0.24434154305582098, 0.21075096257323817, 0.25675580565005984], [0.23194954754295857, 0.2779869194515116, 0.20804348430745473, 0.28202004869807523], [0.3124415582847738, 0.2307433038250182, 0.20140800399077136, 0.2554071338994366], [0.30369743962258444, 0.25282417291825987, 0.1289796904408792, 0.3144986970182765], [0.22328918455924351, 0.2376651647691416, 0.1869522218827597, 0.3520934287888554], [0.24602144954285676, 0.27963851987309085, 0.2371746987196687, 0.23716533186438377], [0.2301077181843846, 0.32167671272343784, 0.16352031543545195, 0.28469525365672577], [0.2372007275465004, 0.22082140149225193, 0.228982950747624, 0.31299492021362363], [0.29621476344304304, 0.2204042782029152, 0.1607700198501418, 0.3226109385038999], [0.2481502116011141, 0.31613505142766374, 0.19676946568501197, 0.23894527128621054], [0.21360597091815617, 0.33110973971101515, 0.17767579865995825, 0.2776084907108706], [0.22296821567337782, 0.2781912472429439, 0.16816924406545028, 0.3306712930182279], [0.2697324039795301, 0.25194355318144857, 0.16887589061211156, 0.3094481522269097], [0.30070628993565174, 0.24323224415881892, 0.14147186826018485, 0.31458959764534444], [0.2754230373798534, 0.21953908255246116, 0.1558366546662716, 0.34920122540141363], [0.22086399296506556, 0.25024120445029313, 0.15679641386163992, 0.3720983887230009], [0.3374771112703728, 0.1881808435759286, 0.1611681934674763, 0.31317385168622225], [0.22731405683856074, 0.27359667070530097, 0.21078695235571965, 0.2883023201004186], [0.3221227533816847, 0.29792061078089854, 0.15307019025605173, 0.2268864455813647], [0.2395429645522078, 0.27709453737648504, 0.18351252287326417, 0.2998499751980432], [0.23788602640683248, 0.2812736375361822, 0.25584384448871605, 0.22499649156826945], [0.23219531968625692, 0.27464101318376366, 0.1866158970305092, 0.3065477700994703], [0.29450123930028266, 0.2819272796858201, 0.17527285957958, 0.24829862143431708], [0.2021560934841868, 0.28597478340721755, 0.2209913296331739, 0.29087779347542186], [0.2539494226113902, 0.2551942905708092, 0.2276260820205525, 0.26323020479724846], [0.23157142936283415, 0.28320307603007316, 0.19125002794471377, 0.29397546666237895], [0.3741096311733009, 0.26019996743600227, 0.14502391586611102, 0.2206664855245858], [0.29031699444002396, 0.2309000082923211, 0.21254611446191515, 0.26623688280574004], [0.27728451701963563, 0.27417407977201586, 0.20338772550356296, 0.2451536777047857], [0.2552733925719612, 0.29392251852148715, 0.18778420487010525, 0.26301988403644644], [0.27851275098180545, 0.2622366998950959, 0.13864633569414947, 0.3206042134289493], [0.30710953012922854, 0.305976595292647, 0.15646552446152545, 0.23044835011659934], [0.29122012247203044, 0.2530658272118805, 0.18684305347594432, 0.26887099684014476], [0.27303096120429426, 0.24829044848843168, 0.2106720181186454, 0.2680065721886285], [0.24595872348677042, 0.23001735299055853, 0.1911132638463212, 0.3329106596763499], [0.20415365457868884, 0.2987059858242575, 0.2208211131644417, 0.2763192464326121], [0.31973463765022375, 0.2674034789528669, 0.1722882906933386, 0.24057359270357093], [0.20118510003560586, 0.3747914664388387, 0.17222641226056626, 0.2517970212649893], [0.25246234261628187, 0.2568557032801443, 0.1595441022258493, 0.3311378518777246], [0.225647069686651, 0.28652587481740743, 0.21083045262593025, 0.27699660287001143], [0.21192029401651005, 0.28692994253534976, 0.2512827809828103, 0.2498669824653301], [0.2720962159161787, 0.262213509431024, 0.1815733670126372, 0.2841169076401602], [0.28119241910045284, 0.2818841080623229, 0.17812088350212016, 0.2588025893351043], [0.24193161380727068, 0.30106441760087227, 0.18115633757424943, 0.27584763101760756], [0.22987325830721986, 0.31161633046936954, 0.17383853008960862, 0.28467188113380215], [0.26378472146901255, 0.22361199753786448, 0.20540720835535076, 0.30719607263777227], [0.24250456901868997, 0.28259784162812884, 0.22716620166999635, 0.247731387683185], [0.2251555139986539, 0.32176327737842464, 0.1482150173899352, 0.3048661912329862], [0.24845625785275843, 0.2502046760856432, 0.19577697510771255, 0.30556209095388576], [0.2477370450380981, 0.2567945945111865, 0.20865839563456468, 0.28680996481615084], [0.24443489880434816, 0.277081530011134, 0.19421571891093972, 0.28426785227357815], [0.22732642064032269, 0.29609596062951593, 0.1693985428651704, 0.30717907586499094], [0.20523875328157143, 0.29458623313665194, 0.17617710168357995, 0.32399791189819704], [0.2987146308451932, 0.29708653897164644, 0.16309064184850297, 0.24110818833465728], [0.28706051403743904, 0.25635326644422096, 0.1488469529312245, 0.30773926658711553], [0.2631978655212126, 0.31232028224330843, 0.15465552353355794, 0.2698263287019212], [0.26387920557076716, 0.2583706701451539, 0.22384994898963537, 0.2539001752944434], [0.24404753547883723, 0.29472457139533953, 0.16605790621463343, 0.29516998691118984], [0.2457061572051608, 0.27882651663942687, 0.18142882908341337, 0.294038497071999], [0.3692360628493031, 0.2467023639963326, 0.12200391920523457, 0.26205765394912983], [0.2907909853920136, 0.25656284670637797, 0.16084299797344592, 0.2918031699281627], [0.26254719986829844, 0.22147506114986573, 0.18979876326408035, 0.3261789757177557], [0.2682886264679782, 0.30013838343919097, 0.1458623942007617, 0.28571059589206915], [0.2250494100633918, 0.28531843704384957, 0.20079025021366836, 0.2888419026790904], [0.2803937827025397, 0.3067974190028746, 0.1772981628209069, 0.23551063547367893], [0.25716280389359353, 0.31029312676317533, 0.17274353236666998, 0.2598005369765612], [0.20287026705551167, 0.3475623154037977, 0.24861232491207746, 0.20095509262861325], [0.31827519347343697, 0.26719694567466146, 0.16720328677946036, 0.2473245740724411], [0.2771977472413329, 0.24194407571804077, 0.18261878109537133, 0.298239395945255], [0.26730677257801144, 0.23942204535885644, 0.22803905040076328, 0.265232131662369], [0.21044238812505844, 0.30163881692429867, 0.18888401420236792, 0.2990347807482748], [0.25517454907452164, 0.3141844242864092, 0.16680902624787564, 0.2638320003911936], [0.23349508358633955, 0.3399812972890667, 0.18459594114319494, 0.24192767798139855], [0.22077115193921948, 0.2907487399857979, 0.215316219373353, 0.27316388870162955], [0.22321938267529906, 0.2823062391237366, 0.21133039419726543, 0.2831439840036991], [0.32504917923597487, 0.2510743504893931, 0.1901396836800939, 0.23373678659453806], [0.28145470371798803, 0.2543330758606011, 0.1541221641374159, 0.31009005628399494], [0.25678800148917924, 0.24463381310215884, 0.17574510839113017, 0.3228330770175317], [0.23552254775262416, 0.26843991263533995, 0.2223924664764117, 0.2736450731356245], [0.21689416810554196, 0.2948039409453967, 0.21043732231035006, 0.2778645686387113], [0.25088536162367975, 0.29581517862221907, 0.20294969635641602, 0.25034976339768505], [0.24423662662101553, 0.2817030031399284, 0.2018094255315034, 0.2722509447075525], [0.24830027749326192, 0.2563723764500483, 0.1843028004070246, 0.3110245456496649], [0.21070798740794813, 0.27492658618599, 0.2083538118235755, 0.3060116145824864], [0.22010819079060823, 0.2730158556532937, 0.1962137354060604, 0.3106622181500377], [0.250010663077409, 0.22296693062013684, 0.2492903402134466, 0.27773206608900775], [0.26212237318460674, 0.2211211330266411, 0.1857511223041595, 0.3310053714845928], [0.3000641217662722, 0.28577339366371796, 0.1358646607872267, 0.2782978237827833], [0.2872787204515179, 0.2951490197188311, 0.1754124615248366, 0.2421597983048144], [0.3317215847293907, 0.29839806555755416, 0.15480974026806268, 0.21507060944499254], [0.2266564123073058, 0.3115795541992912, 0.22223787170067819, 0.2395261617927248], [0.2739574209982801, 0.25907717879197256, 0.16625306375498985, 0.3007123364547577], [0.211629920330385, 0.3150092747342642, 0.24480756705037054, 0.2285532378849803], [0.2683084571954164, 0.29412819630555787, 0.14735086625508972, 0.2902124802439359], [0.25568466720132565, 0.304072804366769, 0.1486251748377319, 0.29161735359417346], [0.2749512841432823, 0.2896752480536604, 0.15490034189391907, 0.2804731259091383], [0.2728632208918962, 0.31568736618634885, 0.1237553788127494, 0.2876940341090057], [0.30663505058105317, 0.28252989074562246, 0.17629335280313452, 0.23454170587018994], [0.22133196265254793, 0.2704828929747738, 0.1966857405272699, 0.31149940384540864], [0.2192092221613245, 0.29114968503932565, 0.18533157201435935, 0.3043095207849905], [0.2286546517285497, 0.26091593016995424, 0.2148298831377424, 0.2955995349637539], [0.27508724722363154, 0.2271364649376903, 0.19405185801216834, 0.3037244298265098], [0.25474429381654656, 0.3068746123937499, 0.16183449232030894, 0.2765466014693945], [0.2832954233976169, 0.24194175672945814, 0.15365744068184445, 0.3211053791910811], [0.20238826771054724, 0.3112940675215689, 0.17774677667683503, 0.30857088809104904], [0.2630879561088826, 0.25562582461808325, 0.15620205263453432, 0.32508416663849976]]}, "rewritten": {"ids": ["97105451", "97106770", "97107821", "97111790", "97112300", "97112830", "97113260", "97114170", "97116800", "98108520", "98108970", "98109230", "98110230", "98113881", "98116940", "98117740", "99107630", "99108000", "99109740", "99109860", "99111000", "99117630", "100108080", "100108490", "100108520", "100109910", "100109980", "100117420", "101108121", "101109000", "101110150", "101110740", "101112201", "101114990", "101119030", "102108621", "102109010", "102109840", "102109850", "102112250", "102113350", "102114270", "102116340", "102117351", "102118380", "103110100", "103111540", "103113640", "103117461", "104111880", "104113240", "104117200", "104119290", "105112130", "105115900", "105116860", "105119950", "106111321", "106112770", "106113260", "106114150", "106114280", "106114321", "106116850", "106118161", "106119260", "107113130", "107113170", "107113360", "107113840", "107114140", "107114490", "107114621", "107115250", "107117010", "107118780", "107119390", "108113740", "108113760", "108115970", "108116070", "108117360", "108118520", "108118810", "108119330", "108119550", "108120060", "108120700", "108121160", "109113881", "109114220", "109115211", "109116930", "109117150", "109117600", "109117730", "109121351", "110114321", "110114651", "110115980", "110118121", "110118181", "110120540", "110121720", "111115620", "111115780", "111116090", "111116100", "111116170", "111116750", "111117200", "111117571", "111118910", "111119250", "111119290", "111119580", "111120320", "111121410", "111121930", "112116401", "112116610", "112116880", "112117471", "112118581", "112118701", "112118810", "112118890", "112118930", "112120290", "113117401", "113117630", "113118231", "113118511", "113118820", "113118870", "113119340", "113119700", "113119950", "113120531", "113120601", "113122190", "113122230"], "labels": [0, 3, 2, 2, 2, 2, 1, 2, 0, 2, 3, 1, 3, 3, 2, 2, 2, 2, 3, 2, 2, 3, 0, 2, 2, 2, 1, 2, 0, 1, 1, 3, 0, 3, 3, 3, 1, 2, 1, 0, 3, 3, 3, 1, 1, 1, 1, 1, 0, 3, 2, 3, 1, 1, 3, 2, 3, 0, 1, 3, 1, 3, 2, 3, 3, 1, 1, 0, 0, 3, 2, 3, 0, 2, 1, 1, 2, 3, 1, 2, 1, 1, 0, 1, 0, 1, 1, 2, 2, 0, 3, 0, 0, 2, 1, 3, 0, 1, 3, 1, 3, 1, 1, 3, 1, 1, 3, 3, 0, 3, 0, 3, 0, 1, 3, 3, 1, 0, 1, 0, 1, 0, 3, 1, 0, 3, 3, 1, 1, 3, 0, 3, 1, 0, 0, 0, 0, 0, 0, 2, 1, 1], "predicted_labels": [0, 0, 0, 0, 0, 3, 1, 0, 0, 0, 1, 3, 1, 0, 1, 1, 0, 0, 1, 1, 0, 0, 1, 1, 0, 0, 3, 0, 0, 3, 0, 1, 0, 3, 1, 0, 1, 1, 0, 0, 0, 1, 1, 0, 1, 3, 1, 0, 0, 0, 1, 0, 0, 0, 0, 1, 0, 1, 0, 1, 0, 0, 0, 1, 0, 3, 1, 0, 0, 0, 3, 0, 0, 1, 1, 3, 0, 3, 3, 3, 3, 0, 0, 3, 3, 0, 3, 0, 0, 0, 3, 0, 0, 0, 3, 0, 0, 3, 0, 0, 0, 1, 1, 1, 3, 1, 0, 0, 1, 0, 0, 0, 3, 0, 0, 0, 0, 0, 0, 0, 0, 0, 0, 0, 0, 3, 0, 3, 0, 0, 0, 0, 1, 0, 0, 0, 3, 3, 0, 0, 1, 3], "confidence_scores": [[0.3417936398144775, 0.28504073331341295, 0.13329818770324936, 0.23986743916886027], [0.28969631087599956, 0.2665372081273257, 0.22104798101074855, 0.22271849998592605], [0.3053860879921557, 0.24545826827042172, 0.196849686507144, 0.2523059572302787], [0.31930795327603945, 0.2162753146268913, 0.16869637728803866, 0.2957203548090307], [0.3274237872095614, 0.1927821878576146, 0.17241018316529527, 0.30738384176752853], [0.2705094112652013, 0.23232907964353533, 0.2179839986443225, 0.27917751044694095], [0.26063030500520534, 0.2816393269318387, 0.19141932524267558, 0.26631104282028034], [0.28952717088736984, 0.22821235688492558, 0.2031732071444282, 0.27908726508327647], [0.2799308874505026, 0.25257074339656727, 0.2056184301784134, 0.2618799389745168], [0.30697081260371006, 0.2760523310396416, 0.18024772872353215, 0.23672912763311618], [0.25536136281108657, 0.3242721266186551, 0.1568748306492637, 0.2634916799209947], [0.25801526113451234, 0.2537190022751219, 0.19527765864314373, 0.2929880779472221], [0.2734924809188257, 0.27910369427249465, 0.1817016382719034, 0.2657021865367763], [0.33099660563016614, 0.29539068342446234, 0.13876449100077948, 0.23484821994459193], [0.2919243709759824, 0.29358722901417716, 0.18005928988620806, 0.23442911012363246], [0.26749063570045434, 0.2774271096505105, 0.20067764858783238, 0.25440460606120263], [0.3156960117915136, 0.20808571190607963, 0.21160128571970027, 0.2646169905827065], [0.2858214371671288, 0.2780227685906142, 0.2180658369519109, 0.2180899572903461], [0.2445288834988379, 0.2849607447987478, 0.20143206468282002, 0.2690783070195943], [0.268592089696893, 0.29387106560721166, 0.19887174467469598, 0.23866510002119928], [0.3039204080554479, 0.2594998641170379, 0.19033997196190516, 0.24623975586560884], [0.27852857893366795, 0.2414410498018269, 0.21796126517297407, 0.26206910609153117], [0.2210235386207098, 0.3037391684308675, 0.2105607451182174, 0.26467654783020517], [0.2750360437629082, 0.29498282207144233, 0.19219163581106624, 0.23778949835458324], [0.2809447483500852, 0.24184192564206913, 0.22811493753144954, 0.24909838847639607], [0.26465819767860016, 0.26026333092663584, 0.23991817800702517, 0.235160293387739], [0.239049329715088, 0.2509466213612187, 0.24261184973323371, 0.26739219919045953], [0.29097963244096836, 0.22903609401779843, 0.2308576589135718, 0.2491266146276615], [0.35128171280030884, 0.25631104923294507, 0.17029354273940595, 0.2221136952273403], [0.27060506068372264, 0.2208640196118033, 0.17922131431742458, 0.32930960538704945], [0.29024553103772444, 0.2410418777533102, 0.19330539784670875, 0.2754071933622567], [0.26372680215864813, 0.27440487165060334, 0.22106437122166345, 0.24080395496908508], [0.31738319145343324, 0.23161025466396953, 0.18129182781060021, 0.26971472607199687], [0.21894056817342686, 0.27671869791799, 0.20711939896705253, 0.2972213349415306], [0.26576478223560823, 0.270493134401514, 0.19967724105416018, 0.26406484230871763], [0.2927172288614852, 0.28157578381635795, 0.17572697465135298, 0.2499800126708041], [0.2277009984402305, 0.2802861212420831, 0.24969973108177523, 0.24231314923591143], [0.2322237409432667, 0.31164118061385027, 0.1920172412290455, 0.26411783721383764], [0.292643258289184, 0.20288717491435446, 0.26027857702092366, 0.24419098977553783], [0.3888566456145883, 0.23867891957748577, 0.11950018986225631, 0.2529642449456694], [0.30834070292269433, 0.2380448482756932, 0.19699199404161105, 0.2566224547600016], [0.2138054137788635, 0.2826330169118613, 0.23813950789530938, 0.26542206141396585], [0.27258430314209803, 0.279246736749088, 0.19196114931301517, 0.256207810795799], [0.3281953554666932, 0.29993029774664665, 0.1602344622244134, 0.21163988456224672], [0.24733948999299887, 0.28334976740330237, 0.19665333449286426, 0.2726574081108345], [0.265575872179739, 0.264773778811217, 0.1813069520656179, 0.28834339694342637], [0.25035368526337853, 0.2814775474010494, 0.21317938676674283, 0.25498938056882914], [0.3419276652812913, 0.23180468005615784, 0.15678482688403317, 0.26948282777851756], [0.29084919717551017, 0.25865357253034615, 0.17930885373784566, 0.2711883765562981], [0.28152542036960787, 0.2637103065291075, 0.19850719744364692, 0.25625707565763794], [0.25106238198973385, 0.3064439425484503, 0.21281233721758697, 0.2296813382442292], [0.296753260039029, 0.23004301053114581, 0.18416793484148994, 0.2890357945883353], [0.29095539346397514, 0.24018419724572143, 0.21224104870452062, 0.2566193605857828], [0.3304870846079752, 0.26444433136528905, 0.1899928197428324, 0.2150757642839033], [0.3356697587345741, 0.20378309337096204, 0.18894862875650856, 0.27159851913795513], [0.25098703938305855, 0.28483411248620505, 0.253962498241088, 0.21021634988964855], [0.3038741782191263, 0.23837738165522201, 0.2133465560986954, 0.24440188402695637], [0.27835276649326224, 0.2907592017194129, 0.17548475945194755, 0.2554032723353776], [0.26381678771269895, 0.24524834437567894, 0.23555094255023173, 0.25538392536139043], [0.23863999064211636, 0.28968767017429103, 0.19451230598443414, 0.27716003319915844], [0.2970141831117716, 0.24863965593600354, 0.21192604016596733, 0.2424201207862576], [0.2948931903573205, 0.2393530244447601, 0.23423969678167317, 0.23151408841624618], [0.2962400727889916, 0.2447755384820447, 0.1941210372509513, 0.2648633514780124], [0.28818206172896366, 0.2906220628182438, 0.21231049315966133, 0.20888538229313106], [0.3451896672803535, 0.22459410005721125, 0.1670068766275766, 0.2632093560348586], [0.2507534202457337, 0.2266481150965417, 0.19592740698596184, 0.32667105767176274], [0.21241839107831822, 0.3224126897181152, 0.2225208649642502, 0.24264805423931637], [0.3084040498596273, 0.23083536887419234, 0.20186791835173856, 0.25889266291444185], [0.345447800767247, 0.24317405372394074, 0.13820806120982262, 0.27317008429898954], [0.27990622457427283, 0.2791489163458883, 0.16968021580694162, 0.27126464327289745], [0.21959622441878945, 0.2436892530353122, 0.23651379031571337, 0.3002007322301848], [0.2763793977408382, 0.250938060112724, 0.21032971148718682, 0.26235283065925097], [0.31841061799482173, 0.22989521864888918, 0.15451487762724062, 0.2971792857290485], [0.2668526109169087, 0.27430203301292455, 0.19220902603413553, 0.26663633003603104], [0.26251885024906363, 0.2871753372783885, 0.18264224472019777, 0.26766356775235], [0.2392925493045549, 0.23611626086864074, 0.21848040418686804, 0.30611078563993643], [0.29101999472380496, 0.23899084531491713, 0.2126706763492835, 0.25731848361199455], [0.24359707839706612, 0.2351331620844188, 0.22695117797134576, 0.2943185815471692], [0.27180555036795656, 0.23101233079373643, 0.1594102836880749, 0.33777183515023235], [0.2620083845518545, 0.24014163022259793, 0.2072237937725625, 0.2906261914529852], [0.28291261488756964, 0.2297102484165667, 0.19609596292148304, 0.2912811737743807], [0.27751513671015615, 0.2435636042745905, 0.20183411160377626, 0.27708714741147705], [0.2886809173862081, 0.2664969579260271, 0.19447945894770308, 0.25034266574006186], [0.255902145783127, 0.2578721201026431, 0.22078965894756525, 0.26543607516666484], [0.22886621340352142, 0.216277151966058, 0.19402010364761949, 0.36083653098280116], [0.3110697236792602, 0.2573859440326612, 0.15861224568183893, 0.27293208660623974], [0.27216622218527214, 0.2363307286561797, 0.18784142176914348, 0.303661627389405], [0.31594995306138984, 0.29615788023585776, 0.16967407357753955, 0.21821809312521295], [0.28746796536570973, 0.27662622905901246, 0.15484636861539058, 0.28105943695988744], [0.31717230160778487, 0.2635426305269865, 0.1646337528505744, 0.25465131501465416], [0.28381989957508624, 0.23755085098962156, 0.1647673727365599, 0.3138618766987325], [0.3263947003023897, 0.24981608942063865, 0.16470567991313698, 0.2590835303638347], [0.3814735134061009, 0.22523557538389474, 0.14361410896516852, 0.24967680224483554], [0.27635817416977637, 0.2377737630075956, 0.23490373827022423, 0.25096432455240375], [0.278692685869192, 0.2260869479129682, 0.2091048434936222, 0.2861155227242179], [0.30215180291945126, 0.25075113217530337, 0.18496601243441574, 0.26213105247082946], [0.3213820633680225, 0.29350157293587936, 0.19174336462647448, 0.19337299906962385], [0.2675430021487741, 0.26938367042942285, 0.19251397299843245, 0.27055935442337087], [0.2853468074521701, 0.2470248974060354, 0.19177887882027542, 0.27584941632151905], [0.2924424944325207, 0.2613074599030564, 0.22102271113734112, 0.22522733452708166], [0.3197989924683269, 0.27719553545785874, 0.17668017865749008, 0.2263252934163244], [0.2911220352998156, 0.3213615380584332, 0.15912193655424128, 0.22839449008750973], [0.2625752115233714, 0.30640480812494675, 0.16448265302443382, 0.266537327327248], [0.27382587456464885, 0.31896794994470473, 0.20231595022995297, 0.20489022526069367], [0.2705473280062953, 0.22452613133778979, 0.20673982896067838, 0.2981867116952362], [0.2509645210969915, 0.28418247170049016, 0.1958303240618605, 0.2690226831406579], [0.35633446422170295, 0.2410556871253119, 0.13556510460485205, 0.26704474404813305], [0.30800979581317073, 0.22135706047518874, 0.21058918315477737, 0.2600439605568635], [0.23936008776724993, 0.3013691996801058, 0.18263154134600387, 0.2766391712066404], [0.369351907538138, 0.20776356409452887, 0.17333138454758998, 0.249553143819743], [0.2835409725322716, 0.27838410732608815, 0.1868007947307482, 0.25127412541089217], [0.3523011374090663, 0.23135439112191902, 0.15883356630116832, 0.25751090516784636], [0.25635642424648797, 0.246955580004038, 0.18166004590107795, 0.3150279498483963], [0.2764342131996049, 0.26184258110553416, 0.23518642818199656, 0.22653677751286455], [0.28178216859773203, 0.2536785058560475, 0.20183310864846432, 0.26270621689775586], [0.3264917835475257, 0.24821856530040778, 0.1567717812718973, 0.2685178698801693], [0.30681793131874874, 0.28341637390134683, 0.1703745438146013, 0.2393911509653031], [0.36491982141202806, 0.2681513852638334, 0.14526460847710085, 0.22166418484703776], [0.2745745477624057, 0.25012335091050186, 0.2127990371069606, 0.262503064220132], [0.3128144965519015, 0.23538218181980533, 0.14140988022459142, 0.31039344140370195], [0.3237117296116098, 0.18926835553517407, 0.20585285221150346, 0.28116706264171293], [0.284089708802055, 0.25500212836040265, 0.21597385471426264, 0.2449343081232797], [0.29389345450295035, 0.27660273787516443, 0.16019736684952307, 0.26930644077236215], [0.29809516313371714, 0.28003566285095494, 0.1955357421502567, 0.2263334318650713], [0.2907964533728552, 0.23885631311626135, 0.2100326037118026, 0.260314629799081], [0.26959586063116076, 0.26039553417936717, 0.19413029330549855, 0.27587831188397344], [0.29154255366488163, 0.27087188294740916, 0.19110461499202974, 0.24648094839567972], [0.2591024867707881, 0.25291928235546396, 0.1842365264940198, 0.3037417043797281], [0.3097329130910973, 0.24084217588801649, 0.19989291680429488, 0.24953199421659147], [0.2889139752497895, 0.25865287510684765, 0.17243467492989611, 0.27999847471346695], [0.2800437508374779, 0.27956102597157106, 0.18832962431206085, 0.25206559887889024], [0.287130037584226, 0.28410053699127535, 0.19413695513290136, 0.23463247029159726], [0.2659772475479059, 0.3004568321025557, 0.18532708523067057, 0.24823883511886785], [0.30322774562126287, 0.23068641012785535, 0.18621646571985145, 0.27986937853103044], [0.34186896868569844, 0.23817535709884233, 0.16147744243390147, 0.25847823178155804], [0.2880819682230769, 0.2743383743439258, 0.17038965636901082, 0.26719000106398644], [0.24400071729415654, 0.28524372528050423, 0.18453060634966292, 0.28622495107567636], [0.2919255078290316, 0.1784364999735325, 0.18633949853233622, 0.34329849366509957], [0.2901846923903956, 0.2190063742968121, 0.21376096922909812, 0.27704796408369414], [0.28421351659072824, 0.26586040790268745, 0.1671079369594217, 0.28281813854716253], [0.24885875552755285, 0.26020096204725734, 0.2527873931086959, 0.23815288931649378], [0.25518447315587706, 0.2570741962760089, 0.207331933928035, 0.28040939664007913]]}}