{"test": {"ids": ["103112641", "109114651", "98112170", "112120290", "110121170", "106113190", "99109141", "101121640", "111116110", "105115250", "107113550", "100112060", "112119450", "99112531", "109113281", "113119300", "99107630", "112119980", "110120700", "104116441", "98120530", "104109311", "109120150", "99109311", "111118810", "108118520", "109113591", "107115250", "112119120", "108115880", "109121410", "113120540", "107115140", "113122510", "108119330", "112117431", "99109780", "109117271", "112118820", "111116010", "100109330", "105118230", "112117580", "106119990", "113122230", "99108520", "111117000", "109113931", "113122120", "109114030", "107118490", "106118520", "107114321", "104112201", "113122180", "104118070", "101110150", "100111620", "104116980", "108113620", "101111990", "113117550", "100108580", "110115250", "104113000", "100111080", "111115620", "108117610", "104114230", "106118301", "102108621", "107114950", "99108890", "98108150", "103110760", "102109910", "106121190", "98107010", "113120260", "104111990", "104113240", "106116850", "106119260", "107118780", "111114121", "108120280", "113122220", "97105960", "106118820", "97116790", "110121140", "113118231", "102113210", "104111620", "99109370", "106114880", "101111310", "103120531", "102109010", "108118630", "100107920", "109117730", "105113330", "105115570", "107119950", "104114740", "101108460", "110116170", "99110050", "110118450", "103113260", "103109641", "102109850", "97106820", "110115980", "113121190", "108114360", "99108310", "108120700", "110117500", "104117630", "98117740", "108115500", "112118530", "104111780", "106115120", "103120780", "108113700", "104113550", "101109370", "110114321", "103118291", "109114720", "109115070", "112120990", "103109021", "111114941", "106121220", "100108260", "107120880", "113118810", "102109840"], "labels": [3, 3, 3, 1, 2, 0, 3, 2, 3, 2, 0, 2, 3, 3, 0, 1, 2, 0, 2, 1, 1, 3, 2, 1, 0, 0, 3, 2, 1, 3, 0, 3, 0, 2, 0, 0, 2, 0, 0, 1, 0, 1, 0, 0, 1, 2, 0, 1, 1, 1, 2, 2, 0, 0, 2, 2, 1, 3, 1, 3, 2, 3, 0, 1, 1, 0, 1, 3, 2, 1, 3, 3, 0, 0, 1, 2, 2, 3, 3, 2, 2, 3, 1, 1, 0, 3, 1, 2, 3, 2, 3, 3, 3, 0, 1, 0, 3, 3, 1, 1, 0, 3, 3, 0, 3, 2, 0, 0, 3, 0, 3, 1, 1, 1, 1, 1, 1, 2, 2, 1, 0, 2, 3, 1, 3, 1, 1, 0, 1, 1, 1, 0, 0, 0, 2, 0, 0, 1, 3, 1, 3, 2], "predicted_labels": [3, 0, 1, 3, 3, 3, 0, 1, 1, 1, 2, 3, 3, 1, 1, 1, 3, 3, 1, 1, 3, 0, 1, 1, 0, 1, 1, 1, 3, 1, 3, 0, 3, 1, 1, 3, 1, 1, 3, 1, 1, 3, 3, 3, 1, 1, 1, 1, 3, 3, 1, 1, 3, 0, 3, 1, 0, 1, 1, 3, 3, 3, 2, 3, 3, 3, 3, 3, 2, 3, 3, 0, 1, 1, 0, 0, 1, 0, 1, 0, 1, 1, 1, 3, 3, 3, 3, 1, 3, 1, 3, 3, 3, 3, 1, 3, 1, 1, 1, 1, 3, 3, 3, 3, 1, 1, 1, 3, 3, 1, 1, 3, 1, 0, 1, 3, 1, 3, 3, 3, 1, 1, 1, 1, 0, 0, 1, 3, 0, 1, 1, 3, 3, 1, 1, 1, 1, 1, 3, 3, 3, 3], "confidence_scores": [[0.23664728765386658, 0.24816131091131088, 0.23842015878857978, 0.2767712426462427], [0.30188618326118327, 0.2311704545454546, 0.1691686507936508, 0.29777471139971146], [0.22852747252747252, 0.30944438894438897, 0.19066111666111657, 0.27136702186702183], [0.22029238816738822, 0.24476540126540133, 0.24846626984126985, 0.2864759407259408], [0.19944401431901437, 0.25961630036630035, 0.23186507936507936, 0.30907460594960584], [0.26505516705516713, 0.2771461455211457, 0.14277639027639027, 0.3150222971472971], [0.3038736471861473, 0.27638675907425925, 0.1490854978354978, 0.2706540959040959], [0.26716648629148637, 0.2848205266955267, 0.18531655844155848, 0.2626964285714287], [0.24265961815961817, 0.2826261516261517, 0.1973418525918526, 0.27737237762237765], [0.19715297202797205, 0.3385714285714287, 0.17340463702963704, 0.2908709623709624], [0.24544931457431463, 0.2208951326451326, 0.29585035797535797, 0.23780519480519474], [0.22170797258297262, 0.26829983904983906, 0.22614448051948055, 0.28384770784770785], [0.272908078033078, 0.2535256271506271, 0.12101683039183037, 0.35254946442446455], [0.22345528083028074, 0.32155298867798876, 0.1659578477078477, 0.28903388278388287], [0.2698053751803752, 0.2857556011240222, 0.1600165945165945, 0.28442242917900823], [0.2575350413475413, 0.32160124597624595, 0.15988188200688197, 0.26098183066933084], [0.28340112665112666, 0.20337271062271067, 0.18535549173049173, 0.3278706709956709], [0.25650414862914866, 0.2392887439358028, 0.12397256420050536, 0.38023454323454325], [0.25239015151515154, 0.2922728174603175, 0.18897177128427128, 0.2663652597402597], [0.21411779886779894, 0.33349603174603176, 0.15520274170274168, 0.2971834276834278], [0.2237083238399028, 0.27185710123210133, 0.18843320130162233, 0.31600137362637365], [0.342699612887113, 0.2998077200577201, 0.14532386363636365, 0.2121688034188034], [0.22738644688644696, 0.27372023809523804, 0.2485335775335776, 0.2503597374847375], [0.26274693362193363, 0.2873615967365967, 0.19017712842712842, 0.25971434121434117], [0.3377992285492286, 0.22890331890331894, 0.1266405122655123, 0.30665694028194024], [0.2422303113553113, 0.28271488723694604, 0.19642674890469006, 0.27862805250305256], [0.23911724386724384, 0.36036303973803974, 0.15861796536796535, 0.2419017510267509], [0.1943920177045177, 0.3233255772005773, 0.21815492840492837, 0.2641274766899768], [0.20255169830169836, 0.2444887751137751, 0.20315036352536353, 0.3498091630591631], [0.2505799062049061, 0.3065045093795094, 0.18831186868686875, 0.25460371572871565], [0.23951304251304248, 0.24801022588522595, 0.17083409645909647, 0.3416426351426351], [0.34622561466311474, 0.19769444444444445, 0.16126744089244086, 0.2948125000000001], [0.2805171217671217, 0.21137946775446775, 0.1567498751248751, 0.3513535353535353], [0.1779086052836053, 0.35216837329337325, 0.17276291763791757, 0.2971601037851039], [0.23428173215673223, 0.2917480991230991, 0.23141605616605626, 0.2425541125541126], [0.22350745088245091, 0.28715728715728717, 0.19117213342213335, 0.2981631285381285], [0.23679352591852593, 0.29267611555111567, 0.21993235930735927, 0.25059799922299925], [0.198700412740854, 0.3462026862026861, 0.15097321428571425, 0.3041236867707456], [0.27168735869393756, 0.2527900571650572, 0.14118107148699252, 0.3343415126540127], [0.1983764568764568, 0.306343364968365, 0.22886197829947835, 0.2664181998557], [0.28676785714285713, 0.28677507215007214, 0.2008768037518037, 0.22558026695526692], [0.249590478965479, 0.2619306943056942, 0.13643913031413027, 0.35203969641469646], [0.2168175296925298, 0.2359958513708515, 0.2158518217893218, 0.3313347971472971], [0.19877561327561324, 0.2833683261183261, 0.14318506493506486, 0.3746709956709957], [0.23412950937950938, 0.3215036352536353, 0.1509495018870019, 0.2934173534798535], [0.19096434121434114, 0.2947386363636365, 0.2758442252192252, 0.2384527972027972], [0.23018740981240982, 0.3445432345432347, 0.19701340326340322, 0.22825595238095248], [0.2508597652347653, 0.36008133533133546, 0.13573033910533908, 0.2533285603285603], [0.21831761294261295, 0.24228613053613046, 0.23040617715617717, 0.3089900793650795], [0.2591404220779221, 0.27675018037518045, 0.1535698051948052, 0.3105395923520924], [0.28028805916305916, 0.307586038961039, 0.1493089826839827, 0.2628169191919193], [0.2839089848060437, 0.3262492042271454, 0.15541125541125542, 0.23443055555555556], [0.25401406926406933, 0.25172511771853884, 0.16429473304473302, 0.329966079972659], [0.2866766754487343, 0.25100418535712654, 0.22516040903540904, 0.23715873015873018], [0.2752747252747253, 0.25513086913086913, 0.15104182622932621, 0.3185525793650794], [0.22028363997114006, 0.33588450438450446, 0.19615552503052502, 0.24767633061383063], [0.30946127483627495, 0.2859406010656011, 0.15173647186147185, 0.2528616522366524], [0.2633828116328118, 0.29427243589743585, 0.21087148268398273, 0.2314732697857697], [0.1540976939726939, 0.3346833583083583, 0.23815867465867466, 0.27306027306027303], [0.22952666083916096, 0.30686273448773443, 0.12692014929514925, 0.33669045537795556], [0.2367677877677878, 0.23975377400377407, 0.17035755910755912, 0.3531208791208792], [0.26767009379509377, 0.2362903158932571, 0.19422458097458095, 0.3018150093370682], [0.2335394833924246, 0.2582293262293262, 0.2832314213564214, 0.2249997690218278], [0.23541540404040412, 0.27482948995448997, 0.18672913197913196, 0.3030259740259741], [0.245355574980575, 0.24092875180375192, 0.16532258019758017, 0.3483930930180932], [0.2133549783549784, 0.27724027361527365, 0.1764586247086247, 0.3329461233211233], [0.26734562659562666, 0.27911056998557, 0.16498608336108334, 0.28855772005772007], [0.21738852813852813, 0.22891125541125545, 0.16088816738816736, 0.39281204906204914], [0.19093247030747032, 0.2637631535131536, 0.27279587079587087, 0.27250850538350546], [0.26493831168831167, 0.21555636030636033, 0.15504556554556553, 0.3644597624597625], [0.26274909812409813, 0.23969019869019864, 0.18581414418914424, 0.311746558996559], [0.3063818542568544, 0.20120995670995676, 0.20485750360750365, 0.2875506854256854], [0.2765971389721391, 0.3253571775446775, 0.15377596708846705, 0.24426971639471648], [0.20597012219806332, 0.3621958735708736, 0.16660782967032972, 0.26522617456073333], [0.32265392940392945, 0.27674200799200804, 0.15911766011766007, 0.24148640248640243], [0.30151412476412487, 0.2366196581196582, 0.21752849927849932, 0.2443377178377177], [0.16701843989343995, 0.31722474747474744, 0.25294322344322345, 0.2628135891885892], [0.29045436507936506, 0.2537632228882229, 0.17720292207792213, 0.27857948995448995], [0.2066362387612387, 0.3035740231990232, 0.20916286491286498, 0.2806268731268733], [0.3128293234543234, 0.26569612332112336, 0.14806782106782107, 0.27340673215673233], [0.1939045815295815, 0.3216904949625539, 0.22788971649265777, 0.2565152070152071], [0.2292973137973138, 0.32206883394383395, 0.19017554667554662, 0.2584583055833057], [0.2607650960150961, 0.26363236069486073, 0.2273640664890665, 0.24823847680097683], [0.27150111000111005, 0.23804467754467748, 0.1941121656121656, 0.2963420468420469], [0.2725126123876124, 0.2809349678099679, 0.14208666333666334, 0.3044657564657564], [0.2192788600288601, 0.21258026695526702, 0.207376443001443, 0.3607644300144301], [0.2446525002775003, 0.2790035707756296, 0.19600734886028998, 0.2803365800865802], [0.22896852249058136, 0.3179462849242261, 0.2085082625707626, 0.24457693001443012], [0.25437289099789095, 0.27420490620490623, 0.15159523809523803, 0.31982696470196476], [0.22497703685203693, 0.2900069097569096, 0.2277056277056277, 0.2573104256854257], [0.24936212398712398, 0.2632271201021201, 0.17985948773448773, 0.3075512681762681], [0.23355080080737975, 0.24777374014874026, 0.16794854706696807, 0.35072691197691197], [0.25377994227994227, 0.2630748556998558, 0.21371194083694078, 0.2694332611832612], [0.27965094627594633, 0.23009017371517373, 0.17693228993228996, 0.3133265900765902], [0.24115007215007223, 0.2852424242424243, 0.20123520923520924, 0.2723722943722944], [0.24793704906204908, 0.2816799173049173, 0.1812671564546565, 0.2891158771783772], [0.2281060606060606, 0.3170438311688313, 0.15454040404040403, 0.3003097041847041], [0.21721935009435003, 0.3299180957930959, 0.17767207792207793, 0.2751904761904762], [0.232393759018759, 0.3203994893994894, 0.22437862831612831, 0.22282812326562326], [0.1732229992229992, 0.3461014818514818, 0.1796353230103231, 0.3010401959151958], [0.2389087856587857, 0.23661778499278507, 0.1647136058386058, 0.35975982350982355], [0.2702351676101677, 0.24720189532689546, 0.1922055028305029, 0.2903574342324342], [0.2757582556332556, 0.22347316572316578, 0.16419703907203903, 0.33657153957153957], [0.23205359917859916, 0.26212972699814824, 0.1877722555222555, 0.3180444183009973], [0.2351659451659452, 0.30403187090687095, 0.15995243645243643, 0.3008497474747474], [0.2334631757131757, 0.2931030497280498, 0.19536775724275723, 0.2780660173160174], [0.27919444444444447, 0.3061865079365079, 0.20365223665223675, 0.210966810966811], [0.2747732683982684, 0.2283970057720058, 0.17367694805194808, 0.3231527777777777], [0.19217857142857148, 0.2804822865043453, 0.2351145541549954, 0.2922245879120879], [0.16464763708513705, 0.31194336219336233, 0.25338068181818185, 0.27002831890331896], [0.24257196969696967, 0.3465526695526696, 0.15740277777777778, 0.25347258297258296], [0.22026578282828282, 0.26570089632589633, 0.166246108058608, 0.347787212787213], [0.2236207264957265, 0.33565909090909096, 0.24906487956487966, 0.19165530303030306], [0.3069967948717948, 0.2589341144966145, 0.16376064213564206, 0.27030844849594865], [0.25521040071040063, 0.313462592962593, 0.15248165723165716, 0.2788453490953491], [0.2513816738816739, 0.28977669552669555, 0.15164105339105335, 0.3072005772005772], [0.2502853535353535, 0.29841937229437226, 0.20504527417027418, 0.2462500000000001], [0.281706487956488, 0.2573376623376623, 0.17403625541125542, 0.28691959429459435], [0.2510138516454306, 0.2841297452547453, 0.14996303258145358, 0.3148933705183705], [0.2388332778332777, 0.2931709956709957, 0.13402350427350423, 0.3339722222222224], [0.22646049783549785, 0.29175992063492073, 0.1962178932178932, 0.2855616883116884], [0.1776379731379731, 0.320632894882895, 0.22932473082473073, 0.2724044011544012], [0.24181887556887563, 0.2726700799200799, 0.21574130730380733, 0.2697697372072372], [0.18743713924963923, 0.34260892783686897, 0.17146448486154367, 0.29848944805194827], [0.2897480158730158, 0.27588984626484636, 0.15835636585636584, 0.27600577200577203], [0.3223726551226551, 0.31124161255411253, 0.11677615440115441, 0.24960957792207797], [0.21179390054390063, 0.34431776556776555, 0.20627088883338882, 0.237617445054945], [0.2840895215895216, 0.25077830013124136, 0.16315466967672848, 0.30197750860250866], [0.3520699578199578, 0.20552013264513275, 0.1860119602619603, 0.2563979492729493], [0.22457341269841272, 0.32035245310245314, 0.21389159451659448, 0.24118253968253967], [0.20035912698412703, 0.2852106782106783, 0.2521780303030303, 0.26225216450216454], [0.22629112554112557, 0.279488455988456, 0.18386525974025972, 0.3103551587301588], [0.1838174603174603, 0.2947627323656735, 0.20761010313216194, 0.31380970418470433], [0.21364664502164504, 0.3327401348651349, 0.167716810966811, 0.2858964091464092], [0.23522395659895665, 0.32209803595097725, 0.15312918821374702, 0.2895488192363192], [0.29549436674436685, 0.312283189033189, 0.12877200577200573, 0.26345043845043836], [0.27096363358863373, 0.28330451492951503, 0.16602651515151512, 0.27970533633033634], [0.20984727772227774, 0.31720737595737597, 0.16201217532467527, 0.31093317099567097], [0.277119940001519, 0.22195436507936514, 0.19087509968102073, 0.3100505952380952], [0.22744678932178938, 0.28760595450301335, 0.188368362846304, 0.2965788933288933], [0.24631385281385287, 0.2668447524697524, 0.1170740786990787, 0.36976731601731605], [0.19654893717393715, 0.2670063131313132, 0.21722263847263865, 0.31922211122211125]]}, "rewritten": {"ids": ["97105960", "97106820", "97116790", "98107010", "98108150", "98112170", "98117740", "98120530", "99107630", "99108310", "99108520", "99108890", "99109141", "99109311", "99109370", "99109780", "99110050", "99112531", "100107920", "100108260", "100108580", "100109330", "100111080", "100111620", "100112060", "101108460", "101109370", "101110150", "101111310", "101111990", "101121640", "102108621", "102109010", "102109840", "102109850", "102109910", "102113210", "103109021", "103109641", "103110760", "103112641", "103113260", "103118291", "103120531", "103120780", "104109311", "104111620", "104111780", "104111990", "104112201", "104113000", "104113240", "104113550", "104114230", "104114740", "104116441", "104116980", "104117630", "104118070", "105113330", "105115250", "105115570", "105118230", "106113190", "106114880", "106115120", "106116850", "106118301", "106118520", "106118820", "106119260", "106119990", "106121190", "106121220", "107113550", "107114321", "107114950", "107115140", "107115250", "107118490", "107118780", "107119950", "107120880", "108113620", "108113700", "108114360", "108115500", "108115880", "108117610", "108118520", "108118630", "108119330", "108120280", "108120700", "109113281", "109113591", "109113931", "109114030", "109114651", "109114720", "109115070", "109117271", "109117730", "109120150", "109121410", "110114321", "110115250", "110115980", "110116170", "110117500", "110118450", "110120700", "110121140", "110121170", "111114121", "111114941", "111115620", "111116010", "111116110", "111117000", "111118810", "112117431", "112117580", "112118530", "112118820", "112119120", "112119450", "112119980", "112120290", "112120990", "113117550", "113118231", "113118810", "113119300", "113120260", "113120540", "113121190", "113122120", "113122180", "113122220", "113122230", "113122510"], "labels": [2, 1, 2, 3, 0, 3, 2, 1, 2, 2, 2, 0, 3, 1, 1, 2, 3, 3, 0, 3, 0, 0, 0, 3, 2, 0, 1, 1, 3, 2, 2, 3, 1, 2, 1, 2, 3, 0, 1, 1, 3, 3, 0, 3, 1, 3, 0, 3, 2, 0, 1, 2, 1, 2, 2, 1, 1, 0, 2, 3, 2, 0, 1, 0, 0, 1, 3, 1, 2, 3, 1, 0, 2, 1, 0, 0, 3, 0, 2, 2, 1, 3, 1, 3, 0, 1, 3, 3, 3, 0, 1, 0, 3, 2, 0, 3, 1, 1, 3, 0, 0, 0, 3, 2, 0, 1, 1, 1, 0, 1, 0, 2, 3, 2, 0, 0, 1, 1, 3, 0, 0, 0, 0, 1, 0, 1, 3, 0, 1, 2, 3, 3, 3, 1, 3, 3, 1, 1, 2, 1, 1, 2], "predicted_labels": [1, 1, 3, 3, 1, 3, 1, 3, 3, 0, 3, 1, 0, 1, 3, 1, 1, 1, 3, 0, 0, 0, 1, 1, 1, 1, 3, 0, 1, 3, 3, 3, 3, 1, 3, 0, 0, 0, 3, 0, 1, 1, 1, 1, 3, 0, 3, 0, 3, 0, 3, 3, 0, 1, 3, 0, 1, 1, 1, 0, 3, 3, 0, 0, 0, 0, 1, 3, 1, 3, 1, 3, 1, 0, 0, 3, 0, 3, 1, 1, 1, 0, 0, 1, 3, 1, 3, 3, 3, 1, 1, 0, 3, 3, 1, 1, 3, 3, 3, 1, 1, 3, 3, 1, 0, 3, 3, 1, 3, 3, 1, 1, 3, 3, 1, 1, 3, 1, 3, 1, 3, 0, 3, 1, 3, 1, 0, 3, 0, 1, 3, 0, 3, 3, 3, 0, 0, 3, 1, 1, 3, 1], "confidence_scores": [[0.24248269785769788, 0.30189266289266287, 0.21620990120990125, 0.23941473803973815], [0.2495112734487734, 0.31440640609390613, 0.21289563214563212, 0.2231866883116883], [0.2553234612609612, 0.22339102564102567, 0.17443475274725276, 0.34685076035076046], [0.26910342435342444, 0.27073387723387715, 0.15687896825396824, 0.30328373015873017], [0.24440910682454794, 0.3191607142857144, 0.16158180014430013, 0.2748483787454377], [0.25166486291486295, 0.27061868686868684, 0.16955699855699852, 0.30815945165945163], [0.19109325396825397, 0.30191107503607495, 0.23006277056277058, 0.27693290043290053], [0.24498934837092734, 0.2547510961260963, 0.17136800261142365, 0.328891552891553], [0.30239520202020204, 0.2198061660561661, 0.14375407925407926, 0.3340445526695525], [0.30585033716283716, 0.26764660339660346, 0.16403706709956709, 0.2624659923409924], [0.20439574314574316, 0.28399458874458877, 0.20814303751803745, 0.30346663059163054], [0.26531838300588295, 0.32417858530358523, 0.13513100788100785, 0.27537202380952386], [0.30027758148714034, 0.2700773413677827, 0.16604680735930732, 0.2635982697857698], [0.2709313513284102, 0.2730821213100626, 0.20744480519480518, 0.24854172216672216], [0.28089052614052623, 0.2605917415917415, 0.1529484681984682, 0.3055692640692641], [0.23090196608946612, 0.31243452380952386, 0.21587364718614713, 0.24078986291486296], [0.23836267898767907, 0.2976035165814578, 0.2206230713730714, 0.24341073305779198], [0.27886797924297935, 0.29511886724386743, 0.1652799422799423, 0.26073321123321125], [0.2549566197691198, 0.288303300865801, 0.1541782106782107, 0.30256186868686874], [0.31791600066600084, 0.21405934343434346, 0.1557775765900766, 0.3122470793095793], [0.2997688651218064, 0.23809992784992787, 0.23045220057720056, 0.23167900645106518], [0.301404657842158, 0.26950545288045286, 0.20872558691308693, 0.22036430236430238], [0.26104456654456665, 0.2869038045288046, 0.19258692696192692, 0.2594647019647021], [0.2659649655899657, 0.27518943556443554, 0.20055853174603178, 0.2582870670995671], [0.2633163503163504, 0.3055465229215229, 0.16472462259962264, 0.26641250416250417], [0.21545706172912055, 0.32004112962201203, 0.17371201021201016, 0.2907897984368573], [0.23378834564128678, 0.23952489177489183, 0.1963856421356422, 0.3303011204481794], [0.288970924908425, 0.24586163836163835, 0.22056632256632247, 0.2446011141636142], [0.2819475108225108, 0.2823315295815296, 0.15946031746031744, 0.27626064213564216], [0.2647381507381508, 0.2729642857142858, 0.15323129648129646, 0.3090662670662671], [0.28528968253968273, 0.21403058053058055, 0.21492809967809964, 0.2857516372516374], [0.27695858308358323, 0.24624812687312683, 0.14453021978021974, 0.33226307026307017], [0.23613113275613265, 0.26875932400932395, 0.18182381507381506, 0.3132857281607283], [0.2565621947496947, 0.2818821248196248, 0.1985052863802863, 0.2630503940503941], [0.22849865616409729, 0.2569757791228379, 0.23006078847622966, 0.2844647762368351], [0.3166589105339106, 0.24740187590187596, 0.14944065656565658, 0.286498556998557], [0.3012162698412699, 0.29113546176046184, 0.14020382395382391, 0.26744444444444443], [0.30188293650793663, 0.26530808080808094, 0.16743668831168823, 0.2653722943722944], [0.21821694971694974, 0.25727566877566876, 0.20148665223665227, 0.32302072927072933], [0.3146473709039499, 0.24507316294816298, 0.17521627933470035, 0.26506318681318686], [0.22825584138084146, 0.30645543345543347, 0.20855723443223442, 0.25673149073149076], [0.273710483960484, 0.3401492118992119, 0.15376767676767675, 0.23237262737262745], [0.22415463702963706, 0.30535391487597363, 0.1687472201001613, 0.30174422799422806], [0.2587992424242424, 0.317385101010101, 0.1730957792207792, 0.25071987734487733], [0.224876782939283, 0.3010061466311465, 0.17008934121434116, 0.3040277292152293], [0.3549850219225221, 0.28754147241647243, 0.13485782967032967, 0.22261567599067597], [0.29794126706626706, 0.2280387945387946, 0.1652153540903541, 0.3088045843045844], [0.2931367035742037, 0.28454570919276806, 0.18054092639386757, 0.2417766608391609], [0.2163676046176046, 0.26832720057720055, 0.21996987734487736, 0.2953353174603175], [0.32690764790764787, 0.22522582972582977, 0.1846850649350649, 0.26318145743145743], [0.2471668192918193, 0.19981331168831168, 0.21170655039405034, 0.3413133186258189], [0.20663997113997112, 0.2680226370851371, 0.22036056998557002, 0.3049768217893219], [0.3638549783549785, 0.20015061327561334, 0.15687500000000001, 0.2791194083694084], [0.22841659729159727, 0.3191698995448995, 0.18423833111333113, 0.2681751720501721], [0.24300513375513386, 0.25611399711399724, 0.22041672216672206, 0.28046414696414707], [0.31215998329156236, 0.26893704906204907, 0.143630059998481, 0.2752729076479077], [0.20113329725829726, 0.32948322510822514, 0.20379788961038967, 0.26558558802308807], [0.25741756854256853, 0.31455627705627703, 0.1749451659451659, 0.2530809884559885], [0.221021903749845, 0.31117009379509386, 0.24181743256743263, 0.22599056988762867], [0.3502615668645081, 0.17726971639471642, 0.1543539377289377, 0.3181147790118379], [0.22516805416805422, 0.2801684287934288, 0.19334817959817957, 0.3013153374403375], [0.23493507881007886, 0.26850801282051284, 0.18401633089133088, 0.3125405774780776], [0.31519486069486075, 0.22598845598845596, 0.17422749472749477, 0.28458918858918864], [0.29041722860472874, 0.27704817404817406, 0.17162761544011548, 0.26090698190698186], [0.3072865418894831, 0.26490512265512267, 0.1711513347763348, 0.2566570006790595], [0.3102050865800865, 0.2904955738705739, 0.15445582889332893, 0.24484351065601065], [0.23019177350427353, 0.2902217920967922, 0.21269391025641024, 0.2668925241425242], [0.27582256632256635, 0.23696145521145517, 0.1645414862914863, 0.32267449217449234], [0.30270289228745106, 0.3127255473284885, 0.14610626179376177, 0.2384652985902986], [0.22524404761904765, 0.2753701298701299, 0.16398268398268392, 0.3354031385281387], [0.26482851176601185, 0.3047155136530138, 0.20692848124098123, 0.2235274933399933], [0.2608321817071817, 0.23922367909867925, 0.15859817959817957, 0.3413459595959597], [0.1969288211788212, 0.33214917027417024, 0.17721384171384172, 0.29370816683316686], [0.3097716450216451, 0.2570573593073593, 0.12836111111111104, 0.30480988455988445], [0.29153336940836966, 0.23033380508380502, 0.2129185397935397, 0.2652142857142857], [0.246336815961816, 0.28301767676767686, 0.17192557442557443, 0.2987199328449328], [0.29970558608058623, 0.2396970806970808, 0.19953692141192142, 0.2610604118104119], [0.26589880952380957, 0.21443803418803423, 0.17824542124542128, 0.34141773504273515], [0.27408374958374954, 0.30851984126984133, 0.19526628926628928, 0.22213011988011988], [0.25723131035631025, 0.30857041569541577, 0.19144978632478638, 0.2427484876234876], [0.24777915140415135, 0.27757461982461984, 0.20626942501942508, 0.2683768037518038], [0.29870075757575765, 0.2805001803751804, 0.15120111832611827, 0.26959794372294377], [0.2921349206349207, 0.25183549783549786, 0.16673466810966808, 0.2892949134199134], [0.2291400613275614, 0.31925414862914864, 0.15963383838383835, 0.2919719516594517], [0.3286825813075814, 0.2250467865467865, 0.11722530247530244, 0.32904532967032973], [0.26072342934842935, 0.29356282606282613, 0.18502453102453106, 0.2606892135642136], [0.22318894300144293, 0.27727530802530803, 0.2159354603729604, 0.28360028860028863], [0.2575543831168831, 0.25772528860028876, 0.19608847402597404, 0.2886318542568542], [0.2289533244533245, 0.2056609501609501, 0.14040860528360533, 0.42497712010212024], [0.22364224664224672, 0.27116390064184176, 0.24595730658230658, 0.2592365461336049], [0.2339280927405928, 0.31811986624486627, 0.1663993020868021, 0.281552738927739], [0.3043845251970253, 0.28011562049062055, 0.1781217185592186, 0.23737813575313574], [0.2595100108225109, 0.19151452020202023, 0.218748556998557, 0.3302269119769119], [0.29243797868797883, 0.2424078144078145, 0.14948989898989892, 0.315664307914308], [0.26778288378288373, 0.3151820635504846, 0.12535035797535796, 0.2916846946912736], [0.25848904771698883, 0.288879995004995, 0.18899734987234987, 0.2636336074056662], [0.24067751203045332, 0.29943727106227114, 0.15417094017094018, 0.3057142767363356], [0.22788662032412035, 0.267159165181224, 0.12797061476105592, 0.3769835997335997], [0.3160507756132757, 0.19606746031746028, 0.1608876262626262, 0.3269941378066379], [0.2222741772116772, 0.2861015373515375, 0.20560091991341983, 0.28602336552336555], [0.20652885053542946, 0.34195424020424015, 0.18254311916154017, 0.2689737900987901], [0.20436737772031893, 0.23745887445887454, 0.17128990453990453, 0.3868838432809021], [0.283055284992785, 0.2661706349206349, 0.16604301948051944, 0.2847310606060605], [0.2302804972804973, 0.2782222222222222, 0.22436144411144418, 0.2671358363858364], [0.2802550643800645, 0.25683241758241754, 0.20646722721722724, 0.25644529082029077], [0.278965485902986, 0.23787408424908427, 0.19665401959151965, 0.28650641025641027], [0.2684933261183262, 0.2358476890756302, 0.2226289682539683, 0.27303001655207537], [0.2216042152292152, 0.30532031163281176, 0.1851132409257409, 0.2879622322122323], [0.25300378787878786, 0.2817124958374959, 0.16949235486735487, 0.2957913614163614], [0.2639882458228046, 0.2809108203887616, 0.1575681818181818, 0.297532751970252], [0.16520409451659446, 0.31674531024531033, 0.22387527056277057, 0.2941753246753247], [0.25175149850149847, 0.3337999084249085, 0.2075396825396825, 0.20690891053391047], [0.23861215867465874, 0.28700620213120226, 0.1749555375180375, 0.29942610167610156], [0.22618273393273394, 0.2673053217207629, 0.21628288378288385, 0.29022906056361936], [0.29082280219780215, 0.2971631840381841, 0.11511158286158286, 0.29690243090243085], [0.28205777555777567, 0.28267532467532475, 0.1624552114552114, 0.2728116883116883], [0.2081273726273727, 0.3036428571428571, 0.13919964757464753, 0.3490301226551227], [0.20725036075036082, 0.31421879509379513, 0.19488609307359306, 0.2836447510822511], [0.22158760683760687, 0.2642914079384669, 0.1970475170254582, 0.3170734681984682], [0.26383769008769015, 0.2891237422708011, 0.1973766046045458, 0.24966196303696297], [0.2987339327339328, 0.26869805194805196, 0.13326406926406922, 0.29930394605394606], [0.3356155094905096, 0.2759629675879676, 0.12833567821067823, 0.2600858447108447], [0.23008043345543341, 0.22540728715728714, 0.1972991522366522, 0.34721312715062724], [0.2564956363081363, 0.3428005050505052, 0.16967259823509817, 0.23103126040626049], [0.2563527141717931, 0.23065295815295817, 0.18312951887293985, 0.3298648088023088], [0.25652660533910526, 0.2771017454767455, 0.24078595016095014, 0.22558569902319903], [0.3484346694971695, 0.26049272949272945, 0.12339060245310245, 0.26768199855699853], [0.23169312631812639, 0.23393807581307588, 0.16318946331446327, 0.3711793345543346], [0.28229700364994487, 0.23027122877122874, 0.2507729076479077, 0.23665885993091876], [0.25610325785325794, 0.3179829753579753, 0.14796169108669102, 0.27795207570207575], [0.2174300144300144, 0.2434574681854093, 0.22709675047175046, 0.3120157669128258], [0.27583425602175604, 0.23652376789876783, 0.22250846375846384, 0.26513351232101234], [0.2847971334221334, 0.22108411033411038, 0.1445593573093573, 0.34955939893439897], [0.27894499250749255, 0.22533512321012325, 0.1566787518037518, 0.33904113247863266], [0.291136322011322, 0.21358440170940166, 0.1857084027084027, 0.3095708735708735], [0.3377159645909646, 0.23726760739260733, 0.17533978521478522, 0.24967664280164276], [0.2976001498501499, 0.25268849206349214, 0.15452335164835157, 0.29518800643800636], [0.21333165445665445, 0.28750561938061947, 0.1906772810522811, 0.3084854451104451], [0.2619654720279721, 0.28978293928293936, 0.15991744366744365, 0.288334145021645], [0.24216937229437224, 0.30707330659536547, 0.1797279199558611, 0.2710294011544012], [0.27137866300366303, 0.2712661554132142, 0.1773265574294986, 0.2800286241536242], [0.21173015873015877, 0.2906309523809524, 0.2121626984126983, 0.28547619047619044]]}}