{"test": {"ids": ["109119340", "109114220", "97113900", "111120220", "112119610", "111119430", "113118511", "101108080", "97112170", "98113881", "106121220", "98108970", "109118161", "103109791", "97116410", "101114990", "100109000", "97107681", "107114200", "113121010", "112120640", "104114240", "112116800", "113118810", "101111620", "103109641", "102117351", "104119290", "105120280", "111117000", "107118820", "100111080", "112119500", "111119930", "105113330", "112116810", "101108950", "108114270", "99109161", "109118701", "111116990", "109117110", "104110960", "112117571", "111121410", "108117451", "107113170", "108118291", "110117200", "108115500", "102112170", "103110050", "109115211", "106116441", "104109311", "110121720", "113121190", "102113350", "110114561", "112119930", "107119950", "111121351", "106116640", "105119550", "113118231", "113118620", "110117080", "112118880", "105112100", "111119290", "103111170", "102110690", "102107961", "102109910", "105113260", "101111310", "99109860", "105116441", "109117271", "100111390", "110118111", "109117600", "100113370", "107121540", "103110760", "99111340", "106114880", "111115910", "113119340", "103111540", "110114950", "112117461", "110116170", "99108580", "100120010", "97107950", "107121230", "100109910", "99117740", "105110091", "110118181", "108119510", "111119300", "108116501", "106118520", "113119700", "108114360", "100112060", "112118471", "107118780", "112116610", "108120700", "112116880", "107116300", "105115900", "111120540", "112121430", "112117210", "113120591", "113122190", "107119130", "113118421", "108118301", "99108710", "98110230", "103117200", "97107920", "101110200", "110118701", "104116800", "106115240", "101109370", "106116850", "112119120", "100120780", "104113210", "106121190", "108116070", "109116170", "109117080", "112119580", "111121220"], "labels": [3, 3, 2, 3, 0, 3, 1, 0, 0, 3, 1, 3, 0, 3, 3, 3, 1, 3, 2, 2, 0, 0, 0, 3, 3, 1, 1, 1, 3, 0, 3, 0, 2, 1, 3, 3, 2, 3, 3, 3, 0, 1, 2, 3, 0, 2, 0, 3, 3, 3, 3, 3, 0, 0, 3, 3, 1, 3, 0, 1, 3, 0, 3, 1, 3, 3, 1, 1, 1, 3, 2, 0, 3, 2, 3, 3, 2, 1, 0, 2, 1, 1, 3, 2, 1, 1, 0, 2, 0, 1, 0, 0, 0, 0, 0, 2, 0, 2, 2, 0, 1, 1, 1, 0, 2, 0, 1, 2, 1, 1, 1, 2, 0, 0, 3, 1, 2, 1, 0, 1, 1, 3, 1, 2, 3, 0, 0, 2, 3, 1, 1, 1, 3, 1, 1, 3, 2, 1, 0, 1, 3, 3], "predicted_labels": [0, 3, 2, 0, 1, 1, 1, 1, 3, 3, 1, 3, 0, 1, 2, 2, 1, 3, 1, 2, 3, 1, 3, 1, 0, 3, 3, 3, 3, 3, 1, 3, 1, 2, 3, 3, 3, 1, 1, 3, 3, 1, 3, 2, 3, 3, 0, 0, 1, 0, 3, 1, 3, 0, 3, 1, 2, 3, 0, 3, 1, 0, 1, 1, 0, 1, 2, 0, 0, 3, 3, 3, 0, 3, 3, 1, 1, 1, 3, 0, 3, 3, 3, 0, 0, 2, 3, 3, 1, 0, 3, 3, 3, 1, 2, 2, 3, 3, 1, 1, 1, 2, 1, 0, 3, 1, 1, 2, 0, 3, 3, 1, 1, 3, 3, 0, 3, 3, 0, 3, 2, 0, 1, 1, 1, 1, 0, 1, 1, 0, 0, 2, 1, 3, 0, 1, 1, 2, 3, 1, 2, 0], "confidence_scores": [[0.5830713520872827, 0.14535444297884026, 0.08303877123912232, 0.18853543369475478], [0.19691092598712145, 0.2361288467749014, 0.2573694439299679, 0.3095907833080092], [0.16185787188140455, 0.16409307940863116, 0.43818166937098385, 0.2358673793389804], [0.3755460266729886, 0.3387520532295591, 0.10520789228189392, 0.18049402781555848], [0.10200999503415412, 0.5740632815529318, 0.21336891674539316, 0.11055780666752098], [0.21735582927745317, 0.4329239224943211, 0.09724698686682795, 0.2524732613613979], [0.19851964772042904, 0.5026743242241479, 0.08191400108126166, 0.21689202697416143], [0.31788792429826485, 0.3846464025839801, 0.15584852138844948, 0.14161715172930547], [0.22274623552288644, 0.3153006954777951, 0.11736504662427022, 0.34458802237504804], [0.22368508405434392, 0.16127258574101264, 0.11635822421170448, 0.4986841059929389], [0.09535137535933688, 0.6349971481901164, 0.08725946252273466, 0.18239201392781204], [0.23892435121896313, 0.26038586714533063, 0.14184158735661487, 0.3588481942790915], [0.3683813919677131, 0.22678295883351263, 0.14849824924299274, 0.2563373999557818], [0.26595821708783796, 0.39362288731372497, 0.10603347184392488, 0.23438542375451218], [0.17222406710182891, 0.22194893672258084, 0.39146927163969547, 0.21435772453589463], [0.15679642827386445, 0.17144236001369995, 0.4389434309894113, 0.23281778072302445], [0.20439593074395884, 0.289620627640648, 0.25024698661088884, 0.25573645500450454], [0.1728644655148434, 0.20067568630840563, 0.10993093169012975, 0.5165289164866212], [0.034280429029572713, 0.8051108535135415, 0.0978201073670285, 0.06278861008985745], [0.24237548933646932, 0.19391393861813164, 0.3194427986704802, 0.24426777337491892], [0.38379295929125706, 0.14783269346365902, 0.08266065449610271, 0.3857136927489811], [0.1825753783979473, 0.35281363630515217, 0.19083071271383914, 0.27378027258306153], [0.2382031190012763, 0.30277383032090127, 0.11070065726505912, 0.3483223934127635], [0.2989283059574624, 0.32260611671527556, 0.17429234305027597, 0.2041732342769861], [0.41392242537173723, 0.24036557644872272, 0.19925426265529014, 0.1464577355242499], [0.2760129803719565, 0.19842960919285227, 0.16951962888797242, 0.35603778154721877], [0.18681071101135707, 0.3264536978706118, 0.13075873980013933, 0.355976851317892], [0.2627153629241294, 0.26253444318184976, 0.19132200415655143, 0.2834281897374695], [0.23991979372657815, 0.3120694977740594, 0.1292877225376037, 0.31872298596175885], [0.09730045537705141, 0.3151361723014532, 0.22977905709998525, 0.35778431522151016], [0.3127306708782893, 0.3229844868452584, 0.15029130917850367, 0.21399353309794852], [0.2139707279954125, 0.14017354166811566, 0.13277451239566426, 0.5130812179408076], [0.15937473048766349, 0.4428283679457799, 0.13779282968010254, 0.26000407188645425], [0.14826819169746902, 0.13095391442783402, 0.3744959859273721, 0.3462819079473249], [0.17601321336468206, 0.2574489677008447, 0.11207583039840993, 0.45446198853606323], [0.2663734203182909, 0.2594231489813985, 0.1492510999299444, 0.3249523307703662], [0.24382512190506142, 0.21854728999631298, 0.23673170281024258, 0.3008958852883829], [0.24787383534297572, 0.3621885124391282, 0.1439650173180563, 0.24597263489983995], [0.30492304184865626, 0.3153624875624912, 0.1280988822667255, 0.25161558832212716], [0.25184639569338374, 0.28549541122245997, 0.1338239106777075, 0.32883428240644874], [0.14776887910198902, 0.23683233708034784, 0.16313915417762562, 0.45225962964003746], [0.11802503345692524, 0.47456128719918644, 0.14635064282290675, 0.26106303652098156], [0.22238450920700334, 0.23990860838926692, 0.20367563113621662, 0.33403125126751304], [0.20551208150049496, 0.24907303043983817, 0.43313476023935504, 0.1122801278203118], [0.2741384371513154, 0.2810154604459365, 0.11289519144911725, 0.33195091095363083], [0.20694825865945454, 0.21845631345141117, 0.10901302552096223, 0.465582402368172], [0.422102687111201, 0.25006173929188463, 0.10319518488413422, 0.22464038871278016], [0.37726378515284853, 0.1962492516574391, 0.12969378812256438, 0.29679317506714814], [0.18121118065257968, 0.4490239285999352, 0.14404762322115738, 0.22571726752632787], [0.32409631661727617, 0.2645402821589479, 0.09472976500958978, 0.3166336362141861], [0.13841804110428618, 0.24722201455172238, 0.20156574558390317, 0.41279419876008827], [0.21331125953687485, 0.3310426667362246, 0.2137250548174044, 0.24192101890949633], [0.24848302794744337, 0.22747726517638017, 0.14658846876735523, 0.3774512381088213], [0.35478626671222224, 0.31943296716578806, 0.14219409076756748, 0.1835866753544224], [0.14917066821687916, 0.10149320173594602, 0.12241965892850397, 0.626916471118671], [0.22997506509159657, 0.41218588741057105, 0.1441568495121023, 0.21368219798573013], [0.2438760787693605, 0.23883432473389293, 0.26102167475092797, 0.2562679217458186], [0.1427545631718231, 0.15734154949716544, 0.17167736996740904, 0.5282265173636026], [0.3277393764830889, 0.20918718754000643, 0.15417984969601325, 0.30889358628089164], [0.23288012782607945, 0.17235970854239355, 0.17154432208322137, 0.42321584154830566], [0.2921524160562582, 0.4149406357316129, 0.11170312901726252, 0.18120381919486653], [0.38280671485241796, 0.3676693677812826, 0.09185850183187891, 0.1576654155344206], [0.20048006902585877, 0.4473155460885582, 0.15247072807285497, 0.19973365681272814], [0.12467898936630856, 0.46141191413049737, 0.15268962693862093, 0.2612194695645731], [0.4191950176962309, 0.205804704239991, 0.16294626158601708, 0.21205401647776098], [0.2283272648301262, 0.5535488996861803, 0.08536540509911343, 0.13275843038458013], [0.29328020652828257, 0.18017858516358257, 0.3253641374434989, 0.20117707086463596], [0.2801262048033026, 0.21230875951547362, 0.2518972814756279, 0.255667754205596], [0.37512534230332173, 0.164304956468455, 0.21076808804073974, 0.24980161318748345], [0.2655295971224607, 0.16343011684634767, 0.09212578246404632, 0.47891450356714543], [0.1857976517420169, 0.2964611092503951, 0.20660500965483292, 0.3111362293527551], [0.18961104943087193, 0.23128803095179892, 0.07655579893367596, 0.5025451206836532], [0.3891215221852272, 0.17094851238661518, 0.25672656642673647, 0.18320339900142127], [0.20042882472972331, 0.2353179381448627, 0.2623021753869408, 0.3019510617384733], [0.17425210125041102, 0.22336927359636274, 0.2685647755715313, 0.333813849581695], [0.16536240627754986, 0.33226637145275817, 0.2997277429296606, 0.20264347934003132], [0.1939574357758654, 0.3371934042949119, 0.28646070393059786, 0.18238845599862502], [0.25118956641664725, 0.3406476081004927, 0.25840069404032273, 0.1497621314425373], [0.22447066051658435, 0.31179673709850486, 0.09042440332783806, 0.3733081990570727], [0.29236808084212357, 0.2715763685459785, 0.19908382211581593, 0.23697172849608206], [0.2271794173114561, 0.2456353275852404, 0.11140460576138038, 0.4157806493419232], [0.17336429354081534, 0.2100721638100565, 0.20382882675119485, 0.4127347158979334], [0.2366812164791108, 0.2325473139241664, 0.2020297956173925, 0.32874167397933035], [0.36534911724139657, 0.2535790831549092, 0.1891076222339447, 0.19196417736974974], [0.30737784125680834, 0.2581456523719738, 0.18000098647009252, 0.2544755199011253], [0.18156959612202822, 0.2744868698937934, 0.35883410078225814, 0.1851094332019203], [0.12526004633696186, 0.250773898692452, 0.20829048330314026, 0.41567557166744595], [0.25486649876233486, 0.23108187662711424, 0.1266597566483429, 0.38739186796220815], [0.1914287878682252, 0.5298515565497697, 0.11540810272876899, 0.1633115528532361], [0.3743657651597066, 0.28658729625009766, 0.11781801339303374, 0.22122892519716203], [0.2499150917554206, 0.23308777501562106, 0.22508658384984895, 0.29191054937910954], [0.2472886188981531, 0.2463971993136286, 0.14192758087078852, 0.3643866009174299], [0.25991275520501195, 0.1522325568927534, 0.09736169841639249, 0.49049298948584247], [0.22893196898630672, 0.3168332857716551, 0.2219442405775943, 0.23229050466444381], [0.29972050535982137, 0.18745341098187188, 0.3812570151737782, 0.1315690684845287], [0.1699052787941007, 0.17911438689337597, 0.4280888592062733, 0.2228914751062499], [0.19337804682655693, 0.21538669957605788, 0.0754720775006146, 0.5157631760967706], [0.2771278821994886, 0.13572461439460984, 0.23878604731941677, 0.34836145608648483], [0.2971833466796031, 0.3742721164900104, 0.1425547660182183, 0.18598977081216822], [0.18976983226100375, 0.37858019022951594, 0.23824734087658303, 0.19340263663289728], [0.09548651003634874, 0.421627176254648, 0.07166633325751763, 0.41121998045148567], [0.08341217519987772, 0.06831801966330153, 0.7384204449208064, 0.1098493602160145], [0.21897467096652148, 0.30478895457570115, 0.22154999701716074, 0.25468637744061673], [0.48612294956576985, 0.20468351903879498, 0.16018379228697513, 0.14900973910846013], [0.0993081613504228, 0.39076519385643305, 0.09408439556221763, 0.41584224923092655], [0.184197880327827, 0.4722502400309584, 0.1327515194863288, 0.21080036015488587], [0.1995056643948058, 0.33906844605318553, 0.21648260152649526, 0.24494328802551313], [0.3231075620206351, 0.1305293701936416, 0.3606485027336018, 0.18571456505212178], [0.29045120879628783, 0.2285609009580028, 0.2512016458886326, 0.22978624435707687], [0.16410436761814626, 0.26155722206312415, 0.17782131346700683, 0.39651709685172276], [0.10720227138968406, 0.26900419303171297, 0.24938483071398634, 0.3744087048646167], [0.18332135090260165, 0.5040805153817273, 0.13292845534571388, 0.1796696783699571], [0.20449783652237918, 0.3502786915464065, 0.1644170753356812, 0.2808063965955332], [0.23481497612093644, 0.23587097181100672, 0.14713388470233202, 0.3821801673657249], [0.14258065418634377, 0.2305175287569637, 0.14876656254619625, 0.4781352545104962], [0.3708238531990454, 0.2429565168938683, 0.18130034921895116, 0.20491928068813525], [0.13933133192064073, 0.27759840693772564, 0.23509858792873012, 0.34797167321290345], [0.15901508945220405, 0.16167339010721685, 0.1615455247865972, 0.517765995653982], [0.44056221329145207, 0.19517943320791376, 0.10514068167482586, 0.2591176718258083], [0.15798789338084052, 0.2615519628837513, 0.1970931558856195, 0.3833669878497888], [0.22017464270143183, 0.23379978482575497, 0.32517191300099546, 0.2208536594718178], [0.47619746514158867, 0.11873948072207932, 0.1189753020143029, 0.2860877521220292], [0.24751902459196376, 0.2726330906325972, 0.24976645597342273, 0.23008142880201646], [0.20086722504690713, 0.3217654779358208, 0.15877117553905054, 0.31859612147822175], [0.20761016349755132, 0.4106723585128508, 0.12291900824349078, 0.2587984697461072], [0.16898089123036172, 0.4979822010521345, 0.14251098337685028, 0.1905259243406536], [0.39705989303265793, 0.20252018089472434, 0.10724017585513478, 0.29317975021748305], [0.26102566317870113, 0.44642458745419916, 0.1510691953651079, 0.14148055400199183], [0.18322302909046695, 0.3243160192363295, 0.21012597519730242, 0.28233497647590117], [0.3679381719862316, 0.23366554786591315, 0.21788572789702462, 0.18051055225083082], [0.589000496757658, 0.173823163004273, 0.11501196081575009, 0.12216437942231893], [0.17049003521831077, 0.21888376435123247, 0.34638422740103186, 0.2642419730294248], [0.1199870519894749, 0.3344815427383298, 0.2938885205480704, 0.25164288472412505], [0.2176977191674493, 0.24316282237705866, 0.11901323159480161, 0.4201262268606904], [0.34965566975151974, 0.25591368280513627, 0.19817165559801458, 0.1962589918453294], [0.2669137396467102, 0.3472074896254817, 0.19434570644303262, 0.19153306428477532], [0.14312380602396083, 0.41125103686393144, 0.1884527245787167, 0.25717243253339106], [0.11584143232564292, 0.15727068631725374, 0.5342300920557326, 0.1926577893013707], [0.15949271566136622, 0.2209863487187888, 0.12711558046226692, 0.492405355157578], [0.15688052109696518, 0.36233471717060384, 0.13725635607428552, 0.3435284056581454], [0.2628496918231788, 0.2274823881885857, 0.3430611829848827, 0.16660673700335296], [0.28430790064536415, 0.27394421214650694, 0.15804708791711508, 0.2837007992910137]]}, "rewritten": {"ids": ["97107681", "97107920", "97107950", "97112170", "97113900", "97116410", "98108970", "98110230", "98113881", "99108580", "99108710", "99109161", "99109860", "99111340", "99117740", "100109000", "100109910", "100111080", "100111390", "100112060", "100113370", "100120010", "100120780", "101108080", "101108950", "101109370", "101110200", "101111310", "101111620", "101114990", "102107961", "102109910", "102110690", "102112170", "102113350", "102117351", "103109641", "103109791", "103110050", "103110760", "103111170", "103111540", "103117200", "104109311", "104110960", "104113210", "104114240", "104116800", "104119290", "105110091", "105112100", "105113260", "105113330", "105115900", "105116441", "105119550", "105120280", "106114880", "106115240", "106116441", "106116640", "106116850", "106118520", "106121190", "106121220", "107113170", "107114200", "107116300", "107118780", "107118820", "107119130", "107119950", "107121230", "107121540", "108114270", "108114360", "108115500", "108116070", "108116501", "108117451", "108118291", "108118301", "108119510", "108120700", "109114220", "109115211", "109116170", "109117080", "109117110", "109117271", "109117600", "109118161", "109118701", "109119340", "110114561", "110114950", "110116170", "110117080", "110117200", "110118111", "110118181", "110118701", "110121720", "111115910", "111116990", "111117000", "111119290", "111119300", "111119430", "111119930", "111120220", "111120540", "111121220", "111121351", "111121410", "112116610", "112116800", "112116810", "112116880", "112117210", "112117461", "112117571", "112118471", "112118880", "112119120", "112119500", "112119580", "112119610", "112119930", "112120640", "112121430", "113118231", "113118421", "113118511", "113118620", "113118810", "113119340", "113119700", "113120591", "113121010", "113121190", "113122190"], "labels": [3, 0, 2, 0, 2, 3, 3, 3, 3, 0, 2, 3, 2, 1, 2, 1, 2, 0, 2, 2, 3, 0, 1, 0, 2, 1, 2, 3, 3, 3, 3, 2, 0, 3, 3, 1, 1, 3, 3, 1, 2, 1, 0, 3, 2, 3, 0, 1, 1, 0, 1, 3, 3, 3, 1, 1, 3, 0, 1, 0, 3, 3, 2, 2, 1, 0, 2, 0, 1, 3, 1, 3, 0, 2, 3, 1, 3, 1, 0, 2, 3, 1, 1, 2, 3, 0, 0, 1, 1, 0, 1, 0, 3, 3, 0, 0, 0, 1, 3, 1, 1, 3, 3, 2, 0, 0, 3, 1, 3, 1, 3, 1, 3, 0, 0, 1, 0, 3, 0, 1, 0, 3, 1, 1, 1, 2, 3, 0, 1, 0, 2, 3, 3, 1, 3, 3, 0, 0, 0, 2, 1, 1], "predicted_labels": [2, 0, 2, 1, 3, 1, 1, 1, 1, 1, 1, 1, 1, 1, 1, 0, 1, 3, 1, 1, 2, 1, 1, 1, 1, 2, 2, 1, 2, 2, 0, 1, 1, 1, 3, 2, 1, 1, 3, 1, 2, 3, 1, 1, 1, 1, 1, 1, 1, 1, 0, 1, 0, 1, 1, 1, 1, 1, 1, 1, 3, 2, 1, 1, 1, 1, 1, 1, 1, 1, 3, 1, 3, 1, 1, 2, 1, 2, 1, 1, 0, 1, 2, 1, 1, 1, 3, 1, 1, 1, 1, 1, 1, 1, 3, 1, 1, 1, 1, 1, 1, 3, 1, 0, 3, 1, 3, 2, 1, 3, 1, 1, 1, 1, 1, 3, 1, 1, 2, 1, 3, 1, 2, 1, 1, 1, 1, 1, 1, 3, 1, 1, 1, 1, 1, 1, 1, 1, 2, 3, 1, 1], "confidence_scores": [[0.22902152706610007, 0.20410609845365169, 0.2865873506796561, 0.28028502380059217], [0.3937587774734862, 0.1859903359963373, 0.09848715447262571, 0.3217637320575508], [0.14576819989827122, 0.28212651758493673, 0.3191314698329042, 0.252973812683888], [0.19597522233766407, 0.3851198360508526, 0.1441545613790175, 0.27475038023246584], [0.19256629652865842, 0.31303738754393245, 0.14582454136729137, 0.34857177456011784], [0.19988116497833192, 0.3354752929928993, 0.1893557012485184, 0.2752878407802504], [0.2644623040653724, 0.3813542214281605, 0.1560091249549463, 0.19817434955152086], [0.19911546651019493, 0.48183272394785964, 0.07793441424321951, 0.24111739529872608], [0.18205506649213227, 0.4041729290056974, 0.2501391796021986, 0.1636328248999718], [0.23092795913886835, 0.3502714425889159, 0.14200675509095578, 0.2767938431812601], [0.12114957361097449, 0.5424961402346486, 0.15308163886794898, 0.18327264728642778], [0.2121549813706548, 0.2832382820069822, 0.25140673954201365, 0.2531999970803494], [0.11670179630676179, 0.3759592589736702, 0.1821955724790246, 0.3251433722405436], [0.18845641495161103, 0.3022615908388564, 0.28943066614431057, 0.219851328065222], [0.18823952484702608, 0.38643197234313154, 0.1244782816429835, 0.300850221166859], [0.29052123877729324, 0.28164717193916083, 0.2597941847223636, 0.16803740456118244], [0.15372769218084983, 0.3900986888515354, 0.18621157462241014, 0.26996204434520454], [0.2662947351253343, 0.25264275738555625, 0.17232960200220745, 0.3087329054869021], [0.2654809493973198, 0.3057985305911377, 0.23063262112445154, 0.19808789888709097], [0.2209286950165714, 0.3249708829882828, 0.13794035174993158, 0.31616007024521425], [0.20316471679018477, 0.16255528862589802, 0.3389656570256235, 0.29531433755829384], [0.27803219981147226, 0.3494528374690117, 0.14675243858105977, 0.22576252413845643], [0.23905169682655447, 0.3944090643949339, 0.20434455817711392, 0.16219468060139772], [0.2586842102576777, 0.33099544707822137, 0.21259464529472902, 0.19772569736937187], [0.21154448982044546, 0.3831552708417824, 0.17194572716516954, 0.2333545121726025], [0.17487876261837537, 0.24529444119437405, 0.34751064237747137, 0.23231615380977913], [0.17351273791293126, 0.29946809601818386, 0.3176684425507686, 0.20935072351811643], [0.23938372874985078, 0.3185831885064323, 0.19503374062054174, 0.2469993421231752], [0.1536492725413557, 0.3521683587955248, 0.3700974733732511, 0.12408489528986862], [0.10579083500538929, 0.22902559406147305, 0.3775966683395678, 0.2875869025935699], [0.39679259577267884, 0.2719447277398489, 0.1128236454763308, 0.21843903101114148], [0.25315386195141315, 0.3080564939471932, 0.24881353707411583, 0.18997610702727802], [0.18829462950876272, 0.39322283425160115, 0.12315327755917148, 0.29532925868046467], [0.19289208102884445, 0.4636014393113527, 0.13542312326922384, 0.20808335639057915], [0.0966913448910955, 0.2590746468992136, 0.2832161703587687, 0.36101783785092223], [0.16001168968086715, 0.3126475693567271, 0.32696842097909, 0.2003723199833158], [0.24269526264068556, 0.3298928432275533, 0.16136809345246708, 0.2660438006792941], [0.24638075804756787, 0.4172297252782528, 0.11131756305124385, 0.2250719536229356], [0.19588763011942503, 0.25486845197757446, 0.2186470449607079, 0.33059687294229273], [0.24394655316144928, 0.40786575778907547, 0.1253181926596459, 0.22286949638982945], [0.12961616507114804, 0.27971535636315575, 0.4358211406111595, 0.1548473379545367], [0.2616394898524315, 0.261332154181403, 0.15668770635526968, 0.32034064961089576], [0.252641387550793, 0.32424169574975475, 0.2021567463320099, 0.22096017036744262], [0.22365436975596098, 0.49566319049384916, 0.11795934595515452, 0.16272309379503538], [0.22047464382338736, 0.4142085713085034, 0.14633824150046404, 0.21897854336764525], [0.26015442452032844, 0.33793115609280616, 0.1797499236631547, 0.22216449572371094], [0.14099504143765204, 0.34910062909273887, 0.24215962686218578, 0.26774470260742317], [0.17515139307286998, 0.41620271140679727, 0.14271166123253015, 0.2659342342878025], [0.1187720423244515, 0.476955118916645, 0.11850886454081899, 0.2857639742180846], [0.1532935359698655, 0.5725603771193073, 0.08672236506960378, 0.1874237218412235], [0.3810023295066761, 0.2700821307081866, 0.18166270535670137, 0.16725283442843603], [0.21897714684927239, 0.2891660346152208, 0.21217063460183866, 0.2796861839336682], [0.31569779203243337, 0.2908272096021215, 0.16289689789124884, 0.23057810047419636], [0.243153926624575, 0.3477411940677761, 0.1715426333911291, 0.23756224591651978], [0.17064170400994966, 0.4814466379937394, 0.14768141558816084, 0.2002302424081503], [0.13533666130754982, 0.5641658991259498, 0.13158272661926604, 0.1689147129472344], [0.25741176040402686, 0.41641057979897483, 0.1117820774196322, 0.21439558237736608], [0.21490013945520203, 0.277299279971577, 0.27528093351042676, 0.23251964706279438], [0.19327604217780703, 0.4448945198090344, 0.17919022312008945, 0.18263921489306906], [0.14120096536684967, 0.36454344491918084, 0.22884041838464944, 0.2654151713293202], [0.2571687357845806, 0.28490713233997633, 0.16494167884772312, 0.29298245302771986], [0.09452966473015148, 0.31360617119702144, 0.34763463893190155, 0.24422952514092564], [0.20956652978938375, 0.279043534310719, 0.27524167818891326, 0.2361482577109839], [0.16017008782001627, 0.45737543214064863, 0.1682313176363374, 0.2142231624029978], [0.147602352359781, 0.48353209754279153, 0.14627432258297854, 0.22259122751444888], [0.21381843056534489, 0.36770842499440853, 0.21033378667259472, 0.20813935776765186], [0.11001020629037145, 0.6282482518805717, 0.09601377351514778, 0.1657277683139092], [0.17129207346626915, 0.3096493134044423, 0.21125607096861138, 0.3078025421606772], [0.16517740247790924, 0.3394283014104278, 0.1932219629940744, 0.30217233311758845], [0.18681521694665645, 0.3380138944236213, 0.19899252164747538, 0.276178366982247], [0.14468956782334524, 0.3390670763046246, 0.14845969858196298, 0.3677836572900674], [0.2618129978565578, 0.38979532941902845, 0.15065375272613518, 0.19773791999827872], [0.2705126966006048, 0.22025114823660924, 0.15513221845334194, 0.3541039367094443], [0.20013219065872137, 0.3856334635139529, 0.2675928618722014, 0.1466414839551245], [0.1877435570537179, 0.46346812982894425, 0.13571174420297807, 0.21307656891435983], [0.14689221046591067, 0.26313549517462653, 0.4173319738236167, 0.172640320535846], [0.21774699319459664, 0.3619873740534451, 0.263939557735056, 0.15632607501690216], [0.10886110728236181, 0.3516109840674931, 0.4066167994968238, 0.13291110915332138], [0.2400462022550527, 0.3746660700833122, 0.1582225466393538, 0.22706518102228135], [0.24240841883220632, 0.2852155568568486, 0.19860250869769927, 0.2737735156132458], [0.325004755056804, 0.29379862900945636, 0.14833286693888387, 0.23286374899485585], [0.2651616630202038, 0.3533279978023306, 0.17080318213081166, 0.21070715704665413], [0.08091438205776838, 0.12430671345654368, 0.512165814471876, 0.2826130900138119], [0.23989819948169683, 0.39083372271380346, 0.15022859217067644, 0.2190394856338234], [0.2280698931697961, 0.3332412613719756, 0.2846983912536334, 0.15399045420459484], [0.22391617710070388, 0.2890888961190033, 0.22785922942695208, 0.2591356973533407], [0.25937534038039217, 0.2506192902848882, 0.09660152837384466, 0.39340384096087505], [0.18349719612174856, 0.31059840486551643, 0.2615905496055858, 0.24431384940714934], [0.15897002429163667, 0.5378143309860968, 0.1173212197448351, 0.18589442497743144], [0.19467853899202728, 0.4198689483964654, 0.2115096247769456, 0.1739428878345619], [0.2260674201506524, 0.41953463698887716, 0.1840417511562605, 0.17035619170420999], [0.2701214995353536, 0.3328507978456901, 0.1479953027319153, 0.24903239988704112], [0.20192362737874342, 0.35644061822953277, 0.12138778655303546, 0.3202479678386884], [0.11505670593281353, 0.5025788530696684, 0.20642550532746437, 0.17593893567005373], [0.21027772774965867, 0.21265008043049072, 0.11440010306384153, 0.4626720887560092], [0.22873852329007988, 0.43039785481503856, 0.11741602811066662, 0.22344759378421508], [0.16096013882671134, 0.36498101537644173, 0.20056773375646453, 0.2734911120403825], [0.1792482275060289, 0.28731466880864626, 0.25811570971254627, 0.27532139397277866], [0.20684378324661715, 0.4943185043377228, 0.10823935749060044, 0.19059835492505958], [0.19265095657341283, 0.4646576006927173, 0.11639984393379023, 0.22629159880007957], [0.15006820574448296, 0.5058818377486743, 0.08719088222889396, 0.25685907427794874], [0.22587382526496078, 0.2804652302919192, 0.20230156150268788, 0.2913593829404322], [0.2564423674080539, 0.3330969764728745, 0.21014471582307667, 0.20031594029599514], [0.2747346478394969, 0.2736996809806744, 0.20346970501650996, 0.24809596616331875], [0.18317269349702706, 0.2321433122475656, 0.1766773879714608, 0.40800660628394664], [0.15492931513386535, 0.48398629739579735, 0.13895131952409973, 0.2221330679462378], [0.20433308503585515, 0.2538331388497328, 0.11455718636403833, 0.4272765897503737], [0.09461592778757656, 0.30673116883777524, 0.5038397218566164, 0.09481318151803177], [0.09641376201596702, 0.5198724067004572, 0.1264064293636813, 0.25730740191989443], [0.16310026919015974, 0.27715935202938047, 0.27461791063928553, 0.2851224681411743], [0.1893465497379363, 0.49802246980053805, 0.12233377145428458, 0.19029720900724112], [0.17823294344894575, 0.49273328436748887, 0.1318725077529454, 0.19716126443062001], [0.18088194532915744, 0.420887141698202, 0.14415607624119703, 0.25407483673144354], [0.29084553235017463, 0.37567843173184223, 0.1093163265097219, 0.22415970940826135], [0.22413603980879487, 0.3263280699842724, 0.22553496187221317, 0.2240009283347197], [0.2360953401003588, 0.23893973264093651, 0.17412289792014518, 0.3508420293385596], [0.18254054578397313, 0.4505753659760113, 0.1794599790016856, 0.18742410923832997], [0.22078988727149013, 0.392454329016975, 0.1327958043856408, 0.25395997932589387], [0.2260574324739648, 0.18556112163828775, 0.35955519062068697, 0.22882625526706057], [0.13626412420851294, 0.36872726010411205, 0.1835677699762115, 0.31144084571116354], [0.2409836490928578, 0.2818730306078465, 0.17446421866923034, 0.3026791016300654], [0.1629022621535868, 0.4218577427642701, 0.22173752558964396, 0.19350246949249908], [0.14360152536343918, 0.15162570906500356, 0.5221526803909848, 0.1826200851805723], [0.1993801381224422, 0.27780265090603146, 0.2685826101328667, 0.25423460083865973], [0.08467196390179588, 0.37623609449441897, 0.2630266145673223, 0.2760653270364628], [0.0738236280386999, 0.35915397801366766, 0.35678957088892466, 0.21023282305870775], [0.24661902446566514, 0.3373558740098835, 0.13714767067314987, 0.2788774308513014], [0.1381898000489501, 0.5412695276601186, 0.12270234073424652, 0.19783833155668462], [0.13296767244390045, 0.44331504456960463, 0.17143139276867628, 0.2522858902178185], [0.274643592278672, 0.22330514732773693, 0.20264222688567657, 0.29940903350791453], [0.14682581951982152, 0.41246823052506676, 0.1603551798394968, 0.28035077011561504], [0.1751716306636916, 0.4099002497242985, 0.22921151034345535, 0.18571660926855454], [0.23177547292390266, 0.32848488744728704, 0.20262020236989092, 0.23711943725891932], [0.0974328132088994, 0.6378057023633136, 0.07435831753473568, 0.19040316689305137], [0.1220922722842414, 0.4595725019223972, 0.10532682202673019, 0.31300840376663125], [0.19462543360108064, 0.48234593141165943, 0.1452271809403914, 0.17780145404686848], [0.26398955998006224, 0.34883341780903826, 0.1607515776751862, 0.22642544453571342], [0.20026907361153312, 0.44212003212676737, 0.103508393896531, 0.25410250036516846], [0.2493699672925574, 0.2515748845399299, 0.3037989709094081, 0.19525617725810454], [0.16636941977371278, 0.3099262848157433, 0.14334976003569777, 0.3803545353748462], [0.1706195595579792, 0.45141338145579296, 0.16274047921821946, 0.21522657976800832], [0.11113146637038963, 0.5934586833600994, 0.13013321028053723, 0.16527663998897368]]}}