{"test": {"ids": ["108119330", "110114651", "109121410", "112116401", "102121440", "111120591", "108115570", "105110091", "108115070", "107120880", "105118230", "106117650", "111116750", "112118620", "112119500", "104117630", "103109791", "110120560", "109113881", "101112160", "111116411", "103110220", "105120280", "100108520", "108120621", "101108121", "111116290", "100109311", "107117010", "104114230", "97106820", "109115220", "97116500", "110114610", "103111990", "111115910", "101112690", "109118161", "98107340", "113120601", "104113380", "101116130", "111116100", "106113830", "112118820", "107115140", "98108970", "101111140", "104113190", "98112170", "112119930", "113122170", "97113260", "102116500", "105116860", "111119250", "110118701", "98110230", "100111620", "113120540", "104118340", "110115250", "105115680", "110114720", "112116800", "103110840", "103112641", "101119030", "113121010", "98109311", "99108460", "110118450", "100108580", "99107950", "105114220", "110118930", "105115380", "112116640", "107115250", "101115190", "99111620", "97116800", "107119130", "97106000", "106118301", "106119260", "109117600", "108115870", "112120640", "112120670", "109120560", "100110260", "107113260", "110115980", "106117790", "105119950", "113119360", "110121450", "111118910", "105116980", "105113620", "99112840", "100116500", "110119030", "98107210", "99113260", "113121190", "112117210", "112117660", "101111210", "99109860", "102108621", "111116090", "99109370", "106116370", "109114270", "113121220", "98108580", "99108580", "109119460", "105115900", "104116441", "99108310", "102112030", "108118301", "107121640", "113119950", "105118171", "97106970", "97106770", "103111930", "98111231", "107116501", "113117630", "98107010", "99109161", "98121790", "108114670", "112120270", "107113840", "107114780", "109119010"], "labels": [0, 3, 0, 0, 2, 1, 3, 0, 1, 1, 1, 1, 3, 3, 2, 0, 3, 0, 0, 3, 0, 2, 3, 2, 1, 0, 2, 1, 1, 2, 1, 3, 2, 1, 2, 2, 1, 0, 0, 2, 1, 2, 3, 1, 0, 0, 3, 2, 3, 3, 1, 1, 1, 1, 2, 1, 3, 3, 3, 3, 2, 1, 2, 3, 0, 1, 3, 3, 2, 1, 0, 0, 0, 1, 3, 1, 1, 0, 2, 1, 3, 0, 1, 0, 1, 1, 1, 3, 0, 2, 1, 3, 0, 1, 1, 3, 0, 3, 0, 0, 0, 2, 2, 0, 1, 0, 1, 1, 0, 2, 2, 3, 3, 1, 2, 3, 3, 0, 0, 1, 3, 1, 2, 2, 1, 1, 0, 3, 2, 3, 3, 1, 1, 0, 3, 3, 2, 3, 0, 3, 2, 3], "predicted_labels": [3, 3, 1, 3, 3, 0, 1, 1, 1, 1, 1, 1, 3, 3, 1, 1, 3, 3, 0, 3, 0, 3, 3, 3, 3, 0, 3, 0, 3, 1, 3, 3, 3, 3, 3, 1, 3, 1, 2, 1, 3, 3, 1, 3, 3, 3, 1, 0, 1, 3, 1, 3, 1, 1, 1, 3, 3, 1, 3, 1, 1, 1, 3, 1, 3, 1, 3, 3, 3, 1, 3, 3, 3, 1, 3, 3, 3, 1, 3, 1, 1, 0, 1, 3, 0, 3, 3, 3, 3, 1, 3, 0, 3, 3, 1, 3, 3, 3, 3, 3, 1, 3, 3, 3, 1, 1, 3, 3, 3, 1, 1, 0, 3, 1, 3, 3, 3, 3, 1, 1, 3, 1, 1, 1, 1, 3, 3, 3, 3, 1, 1, 0, 1, 3, 1, 1, 1, 1, 1, 1, 1, 3], "confidence_scores": [[0.232032042957043, 0.24604227161727174, 0.21763188755688764, 0.3042937978687979], [0.28170186480186493, 0.24947837162837172, 0.16414205794205802, 0.30467770562770563], [0.20954126151626165, 0.3069833277833277, 0.1859859196359196, 0.29748949106449113], [0.27263969918969916, 0.2372300069211834, 0.15466057635175282, 0.3354697175373645], [0.23247367077367076, 0.26557875180375184, 0.18497395937395952, 0.3169736180486181], [0.3497569042069042, 0.23860116272616289, 0.1326907370407371, 0.2789511960261961], [0.20151764624264623, 0.34030064935064946, 0.1743193556443557, 0.2838623487623488], [0.27375487012987015, 0.32159525197025185, 0.1367895923520924, 0.26786028554778557], [0.24582037684537683, 0.3327515512265512, 0.19030454284277817, 0.2311235290852939], [0.1963216704863765, 0.2943585830835831, 0.22084386985563464, 0.28847587657440604], [0.20918963144698444, 0.3123919214772158, 0.19912007159507153, 0.27929837548072844], [0.20967004384504384, 0.3046950430288665, 0.1987630794042559, 0.286871833721834], [0.288455538905539, 0.22587194472194472, 0.1655058164058164, 0.3201666999666999], [0.2444454600954602, 0.2726377483627484, 0.15121172438672445, 0.33170506715506715], [0.2067955461205462, 0.3126145243645245, 0.21381355311355313, 0.2667763764013764], [0.20341701456438308, 0.3252487567987566, 0.21425071040071048, 0.25708351823614994], [0.2543865079365081, 0.24273486513486514, 0.17216863691863699, 0.3307099900099899], [0.24070609945609972, 0.219861521811522, 0.22519268509268497, 0.3142396936396938], [0.33515697831580177, 0.27093854837972486, 0.1637167166167168, 0.2301877566877567], [0.2439639416139417, 0.28173614718614715, 0.16291455766455773, 0.3113853535353535], [0.32053163225663234, 0.20150336330336338, 0.17223579198579217, 0.3057292124542123], [0.23555647408147407, 0.26686898101898093, 0.22285026085026086, 0.2747242840492841], [0.21102663272400127, 0.2748920485946802, 0.2175223498723499, 0.2965589688089687], [0.23616359473859475, 0.2282574453324454, 0.25085097402597417, 0.28472798590298587], [0.23139738872238869, 0.2787011988011989, 0.17081413863913875, 0.3190872738372738], [0.3075328449328449, 0.23976634199134209, 0.18144029581529592, 0.27126051726051736], [0.2427868538324422, 0.24589896574014233, 0.20714283069871325, 0.30417134972870286], [0.28596998834498855, 0.26106982739482754, 0.17171153291153302, 0.2812486513486514], [0.19376742701742716, 0.2956358474858475, 0.21382919302919315, 0.2967675324675325], [0.18630010545010559, 0.33466146631146615, 0.18092923742923742, 0.2981091908091907], [0.21502741147741147, 0.278617105117105, 0.21695777000777, 0.2893977133977135], [0.2439685592185594, 0.23174820734820742, 0.2084250471750472, 0.31585818625818646], [0.2479690345602111, 0.2329281385281385, 0.22296021037785754, 0.2961426165337931], [0.22027883227883224, 0.27820498647379455, 0.22006488984871342, 0.2814512913986597], [0.22130201269318928, 0.26970422910422925, 0.18651625270154693, 0.32247750550103504], [0.24539703629703638, 0.3036900987900987, 0.1919969252969253, 0.2589159396159397], [0.20277457542457553, 0.28792311022311035, 0.17462646520146524, 0.33467584915084914], [0.2690555000555003, 0.2930590798090799, 0.16122442002442003, 0.2766610001110001], [0.20598834498834512, 0.2519386946386947, 0.2861603951603954, 0.2559125652125653], [0.22309291819291827, 0.30070994560994563, 0.192567884892885, 0.28362925130425126], [0.22949211899211922, 0.2721554279054279, 0.17884856809856825, 0.3195038850038848], [0.19606467503085162, 0.2794032797268092, 0.23340587468087481, 0.2911261705614646], [0.251264785214785, 0.30270002775002763, 0.1581488733488735, 0.28788631368631373], [0.2804349367952309, 0.2693165589312649, 0.14578801374064543, 0.30446049053285884], [0.22379390609390626, 0.301222582972583, 0.16922304917304926, 0.30576046176046184], [0.26084126151626164, 0.2417015891515893, 0.18530053361671017, 0.3121566157154395], [0.2076647915809682, 0.3086377202862498, 0.24473290043290044, 0.23896458769988194], [0.2861331723831722, 0.25527746697746706, 0.18895357420357425, 0.2696357864357866], [0.20905051615051617, 0.3337400987900988, 0.17425902430902437, 0.28295036075036073], [0.29583481795981803, 0.20606681292563653, 0.20163357198357207, 0.29646479713097373], [0.21281691743928594, 0.3052433916960231, 0.21488092463092476, 0.2670587662337664], [0.2247651265401266, 0.26608312798312794, 0.2187268315018315, 0.290424913974914], [0.2141245310245311, 0.28550890220890235, 0.22951116661116658, 0.2708554001554003], [0.21650548536430902, 0.3093674880674881, 0.20639069623187292, 0.26773633033633043], [0.22829991674991687, 0.31348022533022535, 0.20776402486402495, 0.25045583305583313], [0.26654495226995234, 0.2573117709088298, 0.1862050255300255, 0.2899382512911926], [0.22904112358230005, 0.3063174159174161, 0.1519688652592678, 0.3126725952410162], [0.2616845376845377, 0.2894007104007104, 0.16676069486069495, 0.28215405705405716], [0.24797227217227222, 0.22289426129426138, 0.22614350094350105, 0.3029899655899657], [0.24935063906681573, 0.3285708624708625, 0.16138742091242098, 0.26069107754990123], [0.1978562427338744, 0.3232879852603536, 0.18058744588744594, 0.298268326118326], [0.20760652125652132, 0.3215159673659675, 0.17716709956709964, 0.29371041181041174], [0.19214865493983144, 0.26710517260517264, 0.24588413449295812, 0.29486203796203797], [0.19859071761571775, 0.35622988122988125, 0.1929097624597626, 0.2522696386946388], [0.19799586720469073, 0.2768466366966368, 0.2044578199578201, 0.3206996761408527], [0.23071187309422606, 0.32208945809092865, 0.17524637111254762, 0.2719522977022979], [0.26528266716943183, 0.2770681382343148, 0.17665931339901927, 0.2809898811972341], [0.20676247641247644, 0.27503227605727615, 0.24123687505305166, 0.276968372477196], [0.20276354201354213, 0.29275879120879134, 0.178694733044733, 0.32578293373293377], [0.23158006715506732, 0.29869069786422725, 0.18067784437784445, 0.2890513906028614], [0.24613792318792327, 0.26246737233354894, 0.1714900285988521, 0.31990467587967586], [0.23221761849261863, 0.28553948273948276, 0.18559405953523608, 0.29664883923266283], [0.21517529415029427, 0.26950220890220905, 0.22933465978465997, 0.2859878371628371], [0.14840288045288058, 0.3291731102231102, 0.24353296936981145, 0.27889103995419773], [0.24875169552669565, 0.2509995595907361, 0.22389533995416344, 0.2763534049284051], [0.19271860916860925, 0.3099354284604283, 0.18228613608613622, 0.31505982628482626], [0.18740810855810855, 0.26680642135642135, 0.2530708791208791, 0.2927145909645908], [0.23682707847707854, 0.29645444000443977, 0.17562036297036296, 0.29109811854811846], [0.23464856336474005, 0.27422941780441784, 0.18773332419214775, 0.3033886946386947], [0.25523149905649917, 0.25914865689865696, 0.23347790542790545, 0.25214193861693873], [0.2230688172938174, 0.28481523476523496, 0.26134971694971687, 0.23076623099123109], [0.3131890248640247, 0.23363417693417696, 0.1867349206349206, 0.26644187756687776], [0.2438963591963592, 0.29664787630669975, 0.1718704625439921, 0.287585301952949], [0.1896061521811522, 0.2526838605838607, 0.24573774558774558, 0.3119722416472415], [0.33781774161511, 0.26400571095571107, 0.1394514447540763, 0.2587251026751028], [0.231161747402924, 0.23115896293249244, 0.20138972693972707, 0.336289562724857], [0.24746018981019005, 0.27539604839604853, 0.1846890054390057, 0.29245475635475643], [0.23631485181485187, 0.25509255374255385, 0.20438290794173153, 0.3042096865008631], [0.27494810189810215, 0.2700147075147077, 0.1750246142746143, 0.2800125763125762], [0.21806985163958872, 0.3023505179031495, 0.18522453657453664, 0.2943550938827255], [0.2520951825951827, 0.2480359362859364, 0.17608031413031425, 0.3237885669885669], [0.2795768398268399, 0.2243526081761376, 0.22509005471652543, 0.2709804972804975], [0.22464378954378963, 0.2772741647241647, 0.19713467643467647, 0.30094736929736937], [0.26355561105561115, 0.24696742701742727, 0.20330564713064725, 0.2861713147963147], [0.20787660117660123, 0.29709627039627035, 0.22651824286824299, 0.26850888555888563], [0.2609880258630259, 0.24170814185814177, 0.20098932456432453, 0.2963145077145077], [0.19119906727259672, 0.294944592335769, 0.18184228222757642, 0.3320140581640582], [0.2681285020535022, 0.2859336247086247, 0.1558872155622157, 0.2900506576756577], [0.20205553509408936, 0.31397224442224436, 0.14806976738121316, 0.3359024531024531], [0.23402445887445905, 0.3091594247256012, 0.14615829921712278, 0.31065781718281743], [0.20039951159951178, 0.3073163392163393, 0.23981900876900877, 0.2524651404151407], [0.22079240922476215, 0.26473532415297124, 0.2273028083028083, 0.2871694583194584], [0.21913881396381402, 0.2503658674658675, 0.23608354978354978, 0.29441176878676867], [0.23227727876698476, 0.2741248434571964, 0.18614944124502958, 0.3074484365307895], [0.1943368270618271, 0.34290904095904073, 0.19567969252969256, 0.26707443944943965], [0.2346352441675973, 0.28593871161518225, 0.22344174159174168, 0.2559843026254791], [0.20634238539238547, 0.27648689643689633, 0.19341115551115562, 0.32375956265956285], [0.2301455183705185, 0.251631057831058, 0.20450092962592972, 0.31372249417249415], [0.25982543392280233, 0.2718968604494919, 0.15145094072594073, 0.316826764901765], [0.22413631091131114, 0.29641587856587864, 0.1914124264624266, 0.28803538406038415], [0.21310483405483413, 0.30111655566655576, 0.23515016650016657, 0.25062844377844407], [0.34328943393208095, 0.2336820695644226, 0.13889623432123435, 0.28413226218226223], [0.2795822203939851, 0.26509950343773864, 0.16645130506748165, 0.2888669711007947], [0.22910526695526712, 0.3110567099567101, 0.19573098568098563, 0.2641070374070376], [0.2767469843881607, 0.2305249084249084, 0.18315653790653794, 0.30957156928039276], [0.2823850371850372, 0.2563355644355645, 0.17887834942834943, 0.2824010489510489], [0.22119869019869023, 0.27751946941946937, 0.16950819180819185, 0.3317736485736487], [0.24351652610674354, 0.25492169678147947, 0.21813269589887246, 0.28342908121290455], [0.22409218363336023, 0.29576425518925514, 0.2105656954156957, 0.26957786576168935], [0.24910969585969586, 0.27949827590709947, 0.2183871553283319, 0.25300487290487295], [0.2002934332007863, 0.3016901138077612, 0.18764798257298268, 0.3103684704184702], [0.2690821342056637, 0.31478424679895256, 0.15537570370805664, 0.26075791528732706], [0.244737012987013, 0.28826497946497925, 0.21812236374736368, 0.24887564380064395], [0.2533993728493729, 0.2814749306249307, 0.20038006438006445, 0.26474563214563224], [0.2290589688089689, 0.3020643634143636, 0.17025108029225677, 0.29862558748441087], [0.21544839604839613, 0.28004649794649794, 0.199939880003038, 0.3045652260020683], [0.25323102453102464, 0.25998919968919965, 0.15426860361860367, 0.33251117216117204], [0.22791834276834286, 0.29700786435786425, 0.16801788211788216, 0.3070559107559106], [0.20926322566322586, 0.2717367216117217, 0.2192830391830394, 0.2997170135420136], [0.2610870296370298, 0.2636078088578088, 0.22387339882339882, 0.25143176268176287], [0.2507624431124431, 0.26521754911754913, 0.21989015820780536, 0.2641298495622026], [0.33434589658707303, 0.2489938450438452, 0.1768763426116367, 0.23978391575744532], [0.25501220511514644, 0.3270845801257564, 0.13971118326118337, 0.2781920314979139], [0.25296989676989673, 0.2716010434010434, 0.19131171051171053, 0.2841173493173494], [0.24185914269768777, 0.2809534982561297, 0.2127332273935215, 0.26445413165266124], [0.2699609973359974, 0.3064901820401821, 0.1469658313908314, 0.27658298923298924], [0.22897457542457547, 0.26902393994893997, 0.23677493339993344, 0.2652265512265513], [0.2178587714573009, 0.3201344913256678, 0.18994963598493017, 0.27205710123210125], [0.2469332500832502, 0.31220251219368866, 0.1481155586243822, 0.2927486790986791], [0.22309706404706428, 0.32354802419802414, 0.19443532578532582, 0.25891958596958614], [0.18801856476856482, 0.303064060939061, 0.22782024723642375, 0.2810971270559508], [0.17531766844266855, 0.3055193473193474, 0.21078054445554445, 0.3083824397824397]]}, "rewritten": {"ids": ["97106000", "97106770", "97106820", "97106970", "97113260", "97116500", "97116800", "98107010", "98107210", "98107340", "98108580", "98108970", "98109311", "98110230", "98111231", "98112170", "98121790", "99107950", "99108310", "99108460", "99108580", "99109161", "99109370", "99109860", "99111620", "99112840", "99113260", "100108520", "100108580", "100109311", "100110260", "100111620", "100116500", "101108121", "101111140", "101111210", "101112160", "101112690", "101115190", "101116130", "101119030", "102108621", "102112030", "102116500", "102121440", "103109791", "103110220", "103110840", "103111930", "103111990", "103112641", "104113190", "104113380", "104114230", "104116441", "104117630", "104118340", "105110091", "105113620", "105114220", "105115380", "105115680", "105115900", "105116860", "105116980", "105118171", "105118230", "105119950", "105120280", "106113830", "106116370", "106117650", "106117790", "106118301", "106119260", "107113260", "107113840", "107114780", "107115140", "107115250", "107116501", "107117010", "107119130", "107120880", "107121640", "108114670", "108115070", "108115570", "108115870", "108118301", "108119330", "108120621", "109113881", "109114270", "109115220", "109117600", "109118161", "109119010", "109119460", "109120560", "109121410", "110114610", "110114651", "110114720", "110115250", "110115980", "110118450", "110118701", "110118930", "110119030", "110120560", "110121450", "111115910", "111116090", "111116100", "111116290", "111116411", "111116750", "111118910", "111119250", "111120591", "112116401", "112116640", "112116800", "112117210", "112117660", "112118620", "112118820", "112119500", "112119930", "112120270", "112120640", "112120670", "113117630", "113119360", "113119950", "113120540", "113120601", "113121010", "113121190", "113121220", "113122170"], "labels": [0, 3, 1, 2, 1, 2, 0, 3, 1, 0, 0, 3, 1, 3, 1, 3, 2, 1, 2, 0, 0, 3, 1, 2, 3, 2, 0, 2, 0, 1, 3, 3, 2, 0, 2, 2, 3, 1, 1, 2, 3, 3, 2, 1, 2, 3, 2, 1, 3, 2, 3, 3, 1, 2, 1, 0, 2, 0, 0, 3, 1, 2, 3, 2, 0, 3, 1, 3, 3, 1, 2, 1, 1, 1, 1, 0, 3, 2, 0, 2, 1, 1, 1, 1, 1, 3, 1, 3, 3, 1, 0, 1, 0, 3, 3, 1, 0, 3, 1, 1, 0, 1, 3, 3, 1, 1, 0, 3, 1, 0, 0, 3, 2, 3, 3, 2, 0, 3, 0, 1, 1, 0, 0, 0, 1, 0, 3, 0, 2, 1, 0, 0, 2, 0, 0, 0, 3, 2, 2, 1, 3, 1], "predicted_labels": [3, 1, 1, 3, 1, 3, 3, 0, 1, 1, 2, 1, 1, 0, 0, 3, 1, 1, 1, 3, 0, 0, 0, 0, 0, 1, 0, 3, 1, 3, 0, 3, 1, 0, 0, 3, 3, 1, 1, 1, 1, 0, 3, 0, 1, 0, 3, 1, 3, 1, 0, 3, 0, 1, 1, 1, 1, 0, 1, 1, 3, 1, 1, 1, 3, 0, 1, 3, 3, 3, 3, 1, 3, 0, 3, 3, 3, 1, 3, 3, 1, 3, 1, 1, 3, 0, 1, 3, 3, 0, 0, 0, 0, 3, 3, 3, 0, 3, 1, 3, 3, 1, 3, 1, 3, 3, 3, 0, 1, 1, 3, 3, 3, 3, 0, 3, 0, 3, 3, 3, 0, 3, 3, 3, 1, 3, 3, 3, 1, 1, 3, 0, 3, 3, 3, 3, 1, 3, 0, 3, 3, 3], "confidence_scores": [[0.21605458152958168, 0.2628250888000888, 0.2241962215888687, 0.296924108081461], [0.23057124264624282, 0.2866501887001885, 0.2464473831723834, 0.23633118548118548], [0.24331341385103938, 0.3051574812012894, 0.17806844890265014, 0.2734606560450216], [0.19716387881124733, 0.24250353257853277, 0.24386905039405038, 0.3164635382161698], [0.23102530965766285, 0.3055354038118744, 0.18659204129204127, 0.2768472452384218], [0.23122260794760804, 0.24753348862466523, 0.23355233851116214, 0.2876915649165651], [0.2536047216498524, 0.2536418866157998, 0.18689066978772878, 0.30586272194661934], [0.290553487688782, 0.23120916860916887, 0.20259529359529374, 0.27564205010675613], [0.19227037374390324, 0.2930080638315933, 0.24495956576103647, 0.26976199666346734], [0.2139040986790988, 0.281545684870685, 0.23199669497169498, 0.2725535214785216], [0.21463722829458132, 0.26591533825651487, 0.2741549569711337, 0.24529247647777075], [0.21346742816007544, 0.2973713627875393, 0.23660197580197576, 0.2525592332504098], [0.28046926655216137, 0.2911968382494699, 0.15567436302947138, 0.2726595321688974], [0.3062441132609929, 0.2867784098964407, 0.1623321369806665, 0.24464533986189996], [0.28098508136481226, 0.24977456709956727, 0.20597137500561505, 0.263268976530006], [0.2840487529873073, 0.20721375177110474, 0.15564388019650252, 0.35309361504508563], [0.22103207625707655, 0.267443204018204, 0.24915528360528372, 0.2623694361194361], [0.2164846900175849, 0.28692635317898485, 0.2177072332638123, 0.2788817235396184], [0.22194037269919642, 0.28201764069264074, 0.21979994449994447, 0.27624204210821873], [0.23341628567510922, 0.2756241849653615, 0.1864499000999002, 0.30450962925962927], [0.2835730860642627, 0.26346147055558833, 0.19406865715983382, 0.25889678622031576], [0.28939014971956156, 0.2883873725947256, 0.15646962228947525, 0.2657528553962378], [0.2767252644414411, 0.2683799644799645, 0.22954090190854887, 0.22535386917004582], [0.27411318583377414, 0.27245079365079367, 0.19221754291460194, 0.26121847760083067], [0.30035420755714887, 0.2412553662024252, 0.21807149517149516, 0.2403189310689312], [0.20074803252303253, 0.3116054473304474, 0.1912722166722168, 0.29637430347430344], [0.30820161146043495, 0.2925693584193584, 0.15295676268176267, 0.24627226743844416], [0.262098874597723, 0.22445188145188158, 0.20311888493033092, 0.31033035902006495], [0.26668754023754027, 0.2762630536130536, 0.21734413364413377, 0.23970527250527282], [0.29527107696225346, 0.24283205683205691, 0.16179620053149465, 0.30010066567419513], [0.2845781700325819, 0.27795565447624276, 0.16781357808857805, 0.2696525974025975], [0.21866547896547917, 0.2657669755081521, 0.19849122821622836, 0.3170763173101411], [0.22416488674723986, 0.26863987678987666, 0.24185493509758232, 0.26534030136530157], [0.3134330226820636, 0.25800105076083363, 0.166696350871351, 0.2618695756857523], [0.3295986457986456, 0.21223370240870254, 0.17722876290376294, 0.2809388888888888], [0.2673831973581975, 0.2490608205519971, 0.19209344544344556, 0.2914625366463601], [0.2502810578310579, 0.2708751137751137, 0.1662841658341658, 0.3125596625596625], [0.18663021145521147, 0.30929116161616166, 0.19869168609168614, 0.3053869408369409], [0.26046525141525156, 0.2649480721892487, 0.22695335416217768, 0.24763332223332227], [0.23387502497502494, 0.2825669358419358, 0.20754640359640367, 0.2760116355866358], [0.24006882170117474, 0.3123397602397602, 0.16978213616448914, 0.27780928189457615], [0.32991136096781876, 0.27565260280356185, 0.1323858628725637, 0.2620501733560558], [0.24612818313437526, 0.2608624542124544, 0.2026622358034125, 0.2903471268497585], [0.3029237775296599, 0.2508996177025589, 0.21746386195503853, 0.2287127428127429], [0.2380126781715019, 0.30055107588489943, 0.18061702962070625, 0.28081921632289275], [0.2992402608261304, 0.22710897894376164, 0.22562908468343276, 0.24802167554667573], [0.22695269175269175, 0.26878703518703534, 0.21362047397047404, 0.29063979908979914], [0.2630757972419736, 0.2950444305694306, 0.16534688367188366, 0.276532888516712], [0.246337445887446, 0.2573443334443337, 0.20048913831266765, 0.2958290823555531], [0.2249905566655568, 0.3181650183150184, 0.16389054834054848, 0.2929538766788769], [0.29536009692921467, 0.2893978748375808, 0.1785112284774051, 0.2367307997557998], [0.2487407065157067, 0.27366794594294597, 0.1878369158619159, 0.2897544316794317], [0.301903731356363, 0.2457613671416304, 0.19219082584082595, 0.260144075661181], [0.22124021256521256, 0.30383280053280065, 0.21172955377955371, 0.2631974331224334], [0.24826868542085942, 0.31486440576331876, 0.1439235750360751, 0.29294333377974696], [0.23020154012654018, 0.3061274170274171, 0.19604649517149522, 0.2676245476745476], [0.1924844090120407, 0.31882252784195536, 0.20896320207570201, 0.27972986107030257], [0.3349858450373156, 0.24519801440389694, 0.13829208430458428, 0.28152405625420346], [0.2538441114441116, 0.3140057664557664, 0.18613314463314462, 0.24601697746697768], [0.2716792578766264, 0.28247970629588287, 0.18908754774637143, 0.2567534880811198], [0.19627672605172622, 0.26090892440892466, 0.2533771506271507, 0.2894371989121992], [0.1780618992118993, 0.3340405899655897, 0.2206707320457322, 0.26722677877677886], [0.20483527995052783, 0.2867551366504152, 0.23771205621863517, 0.270697527180422], [0.23000270285270294, 0.3038650238650236, 0.19234816294816287, 0.2737841103341104], [0.270507403707404, 0.2844288433788432, 0.15498858918858927, 0.29007516372516357], [0.29905019392372334, 0.29218805247040536, 0.1414741585212174, 0.267287595084654], [0.1938093489843491, 0.2977034992784995, 0.23122701465201465, 0.27726013708513725], [0.2691702238937534, 0.24232388526506188, 0.20647764686294104, 0.282028243978244], [0.23701866662749047, 0.27819752828870487, 0.18708607781107794, 0.29769772727272714], [0.25713990639873935, 0.23146273407535028, 0.19019464425872182, 0.3212027152671891], [0.22418322788322798, 0.26118952713952726, 0.2191865495615499, 0.29544069541569545], [0.26272534410034426, 0.27531530136530147, 0.20168484848484863, 0.26027450604950614], [0.2727734957423039, 0.2653524564616671, 0.1779360090459937, 0.2839380387500356], [0.30098456706692, 0.2488277931219108, 0.16305222359340016, 0.28713541621776945], [0.267688967405144, 0.22063686281039244, 0.20593031135531129, 0.30574385842915247], [0.2621574907119026, 0.27428452315658197, 0.1769258044243339, 0.28663218170718174], [0.24119785214785225, 0.25725446220446246, 0.198162753912754, 0.30338493173493175], [0.20944991119991127, 0.3051240814740816, 0.19512594072594072, 0.29030006660006663], [0.2749819069819073, 0.2262278562940329, 0.17413475968475975, 0.32465547703930075], [0.27622139775429244, 0.2672511700288016, 0.17533707009364916, 0.2811903621232571], [0.2932308266896503, 0.3097841575091575, 0.14552336356454007, 0.2514616522366523], [0.22885326062826075, 0.2737301189551192, 0.21217261488511494, 0.28524400553150575], [0.2580952009837554, 0.28725771450771437, 0.18250840651985237, 0.2721386779886781], [0.2531160561660563, 0.3129050893550896, 0.15463729603729606, 0.2793415584415585], [0.23576565379065384, 0.2664535492285495, 0.19615628538128535, 0.30162451159951154], [0.2932447229241347, 0.2863564456785044, 0.18595122622475574, 0.2344476051726053], [0.2569405491567257, 0.31091408036408036, 0.22508255078255082, 0.20706281969664325], [0.22276835158305758, 0.28555947108447116, 0.19620355739032214, 0.2954686199421494], [0.29606214063714054, 0.19878321400821408, 0.17354206594059537, 0.3316125794140499], [0.31478292437147865, 0.3008937923187923, 0.16004467580612167, 0.22427860750360754], [0.333805059646236, 0.2596623495785261, 0.1698877297539064, 0.23664486102133178], [0.2904783699960171, 0.29000613161348443, 0.16197881562881578, 0.2575366827616828], [0.34238944960268486, 0.2606448048683344, 0.1634859212682743, 0.23347982426070674], [0.2793447077432372, 0.2321922521922523, 0.16470237850384914, 0.3237606615606619], [0.30030206101088447, 0.23258538961038966, 0.15516794120911784, 0.31194460816960823], [0.22205777996513304, 0.24989231128348782, 0.1902385553988495, 0.3378113533525298], [0.3828526425617852, 0.22807246936070483, 0.13091796917941506, 0.25815691889809544], [0.1525244807480102, 0.3118627133100816, 0.20615604603514834, 0.3294567599067599], [0.2309737341090284, 0.2885372346607639, 0.2311647499559267, 0.24932428127428136], [0.19908761238761252, 0.2903924541145129, 0.2114691754324107, 0.2990507580654641], [0.2524162087912089, 0.26687925407925417, 0.17217079032079036, 0.30853374680874696], [0.23502595460095468, 0.2946807942057941, 0.23213468198468212, 0.23815856920856937], [0.25924827394827415, 0.2574007603507605, 0.1718196692196693, 0.3115312964812963], [0.2694605255855257, 0.2834959512709512, 0.17190760628260637, 0.275135916860917], [0.26404742202242215, 0.279375471750472, 0.16772660395160405, 0.2888505022755025], [0.215999716949717, 0.2582905586243825, 0.19881725578343235, 0.3268924686424686], [0.2377009451332981, 0.2841904151404152, 0.17893804692039997, 0.29917059280588687], [0.2956689060939062, 0.2649190309690309, 0.15766330058830066, 0.2817487623487624], [0.27556291763791757, 0.284471568627451, 0.16764788389714863, 0.27231762983748287], [0.2634693454808007, 0.34758898507752994, 0.17770704360998482, 0.21123462583168465], [0.2234193657079201, 0.283077294927295, 0.20379873286017883, 0.2897046065046066], [0.27833451956540206, 0.2727446672608438, 0.16490665070223903, 0.2840141624715155], [0.20392432975521216, 0.28640946635064296, 0.20449185553009092, 0.3051743483640545], [0.30325555278055283, 0.2543158452658454, 0.13014969474969484, 0.31227890720390716], [0.30270435952935953, 0.2930346542346542, 0.14373684648684662, 0.2605241397491399], [0.2417368983957221, 0.26786142158495096, 0.21377878461407882, 0.2766228954052483], [0.3320863617837394, 0.18360894660894672, 0.1633264060040284, 0.3209782856032855], [0.27695291186592425, 0.2693435500773736, 0.14259844425989007, 0.31110509379681195], [0.22972319902319907, 0.2669372072372072, 0.15768731823731835, 0.34565227550227545], [0.23220328446063743, 0.2543162311544666, 0.20069117304264375, 0.31278931134225263], [0.35733558061716625, 0.2490560463123124, 0.12406697909933209, 0.26954139397118937], [0.3051673332632405, 0.21230938473291425, 0.15451561532412006, 0.32800766667972564], [0.26964124106887255, 0.27259922124658986, 0.1784899364524365, 0.2792696012321012], [0.1807210317460319, 0.28807296314796316, 0.23142498889998886, 0.2997810162060163], [0.20546155788655798, 0.3437663966752202, 0.19842295759795764, 0.2523490878402646], [0.28431283890139325, 0.2458435786435787, 0.1375357846972305, 0.3323077977577976], [0.24741866642129814, 0.2896176414229047, 0.15188234543234544, 0.31108134672345195], [0.22196614186467142, 0.2785550235712004, 0.2082022528125471, 0.2912765817515818], [0.2540816461316463, 0.2865402292152293, 0.19195396825396843, 0.2674241563991565], [0.21100666965884365, 0.2796218788457919, 0.23417889887889895, 0.27519255261646597], [0.23171050893550899, 0.28942224719724713, 0.1883265928515929, 0.2905406510156511], [0.2790759395489273, 0.2649548875960643, 0.18411535033593865, 0.2718538225190703], [0.21578967698967708, 0.282529267954268, 0.20736346986346987, 0.294317585192585], [0.2456590690355396, 0.26519924683159973, 0.20114109444477096, 0.2880005896880896], [0.1957407913981444, 0.2700041625041626, 0.19071778613543328, 0.3435372599622599], [0.2835938339438342, 0.21991494975612635, 0.1813834998335, 0.31510771646654007], [0.24522929929547593, 0.30955482426070663, 0.16869101160277641, 0.27652486484104144], [0.25207818847818875, 0.29685931246256303, 0.1373436607080571, 0.3137188383511911], [0.2931610520198757, 0.2594413475413476, 0.15851683259550914, 0.2888807678432678], [0.24001017413958592, 0.277496035337212, 0.18984516202751503, 0.2926486284956874], [0.23145543131917823, 0.24672453283431542, 0.2008255775270482, 0.32099445831945855], [0.22542753080253083, 0.258008325008325, 0.1970655067155068, 0.31949863747363755]]}}