{"test": {"ids": ["109114270", "98116500", "98120530", "99108330", "99107500", "113120260", "99117740", "104116441", "99110050", "107113170", "104114740", "100109311", "98117740", "97107040", "113118630", "102110890", "112116290", "108118060", "107113550", "108117610", "109121351", "110115890", "102109840", "97112300", "101110150", "98111670", "113122150", "112116810", "108114670", "112120670", "113118820", "104119290", "110119300", "110120190", "107117010", "103111110", "109114720", "113118111", "113119450", "101111310", "105112240", "102110690", "112116880", "110115140", "109120560", "111120260", "98108970", "112118860", "98110710", "105118230", "101121640", "112121030", "99112641", "110115580", "101112540", "108116501", "111116170", "110114920", "103109641", "107121230", "113121010", "106121190", "107114200", "112119950", "97106820", "105116980", "98108150", "112117790", "106114150", "107113260", "113118870", "110118161", "103113260", "109113281", "107116501", "102112250", "112119120", "108118520", "113119320", "113119480", "99107660", "108117360", "111116990", "110114321", "113122430", "100109000", "108118810", "99109840", "104113170", "97106970", "112117461", "112116640", "99108520", "111119250", "101113210", "107114280", "110117870", "109116170", "111118301", "111119300", "102116500", "111119930", "113118490", "98112300", "97105451", "108119510", "111116010", "105116441", "107113840", "112118890", "107120260", "110116441", "112116401", "104116980", "112120700", "97106770", "108117451", "105116650", "102121700", "97113900", "103109021", "106118301", "105115900", "102108621", "109116930", "100120010", "112118810", "104112470", "100111080", "113118620", "108118291", "106116850", "113121190", "99109161", "98109230", "108118301", "109114220", "104114410", "100109890", "109116441", "107116300", "101110740"], "labels": [3, 2, 1, 1, 0, 3, 2, 1, 3, 0, 2, 1, 2, 2, 3, 0, 0, 1, 0, 3, 0, 2, 2, 2, 1, 1, 2, 3, 3, 2, 0, 1, 1, 3, 1, 3, 0, 1, 3, 3, 1, 0, 0, 0, 1, 3, 3, 3, 2, 1, 2, 0, 1, 1, 2, 0, 0, 3, 1, 0, 2, 2, 2, 0, 1, 0, 0, 3, 1, 0, 0, 0, 3, 0, 1, 0, 1, 0, 1, 3, 3, 1, 0, 1, 2, 1, 1, 2, 3, 2, 0, 0, 2, 1, 3, 3, 3, 0, 3, 1, 1, 1, 1, 2, 0, 1, 1, 1, 3, 3, 1, 3, 0, 1, 2, 3, 2, 1, 1, 2, 0, 1, 3, 3, 0, 0, 3, 1, 0, 3, 3, 3, 1, 3, 1, 1, 3, 1, 3, 3, 0, 3], "predicted_labels": [3, 3, 3, 3, 1, 0, 0, 1, 3, 3, 3, 0, 1, 2, 1, 3, 1, 3, 3, 3, 0, 1, 3, 0, 1, 0, 1, 2, 3, 1, 1, 1, 1, 1, 1, 0, 3, 3, 3, 1, 3, 3, 1, 3, 3, 3, 1, 1, 2, 1, 3, 3, 3, 1, 3, 3, 1, 1, 1, 3, 1, 2, 1, 3, 3, 1, 1, 3, 0, 3, 1, 0, 1, 1, 3, 3, 3, 0, 1, 3, 0, 0, 3, 0, 1, 3, 1, 2, 1, 3, 3, 1, 2, 3, 3, 1, 3, 1, 3, 1, 1, 3, 3, 0, 1, 3, 1, 1, 1, 1, 3, 3, 3, 3, 1, 2, 0, 1, 1, 1, 0, 0, 3, 0, 0, 3, 3, 1, 0, 1, 3, 2, 1, 0, 2, 3, 0, 1, 3, 0, 1, 1], "confidence_scores": [[0.3935897173758064, 0.04694560966841154, 0.0009163486192059263, 0.5585483243365764], [0.26546886301707845, 0.08278571920575953, 0.031108515427549846, 0.6206369023496121], [0.1727028333272771, 0.3236898899718341, 0.06524339161401613, 0.4383638850868724], [0.04997317723532338, 0.046829901936364556, 0.35522128396617075, 0.5479756368621418], [0.12281277891998837, 0.7507955372093466, 0.050149085978526284, 0.07624259789213877], [0.4337650086076151, 0.2643476595237534, 0.1399657403580697, 0.1619215915105621], [0.7927876337055799, 0.17440601553724272, 0.013711473438563807, 0.019094877318613486], [0.16938342740183027, 0.5601037566255472, 0.02478620590050165, 0.24572661007212074], [0.2238389450074403, 0.18236386979591646, 0.11089971463555182, 0.4828974705610913], [0.22194448390743335, 0.054229263921430806, 0.043961835347736906, 0.6798644168233988], [0.05033932555494542, 0.12233347487909013, 0.48287663375448353, 0.3444505658114809], [0.6619519210801595, 0.19978724788859112, 0.00577178098204181, 0.13248905004920758], [0.12347932124100279, 0.48227485915363416, 0.11019904646923721, 0.28404677313612614], [0.009359312164909745, 0.05844348153525001, 0.9150536081873601, 0.017143598112480195], [0.017749782325548247, 0.7273103949922363, 0.13000032366691808, 0.12493949901529747], [0.2442747646758371, 0.04344514087217039, 0.016643943746514612, 0.6956361507054779], [0.031242467833874143, 0.6715152380348053, 0.10899544811660139, 0.18824684601471958], [0.21379850003103623, 0.09393002893163513, 0.06624844367274423, 0.6260230273645844], [0.10798709631610601, 0.03795524269833794, 0.14399227827940256, 0.710065382706153], [0.04059153382307055, 0.2574315301633596, 0.014152584514038544, 0.6878243514995315], [0.6474381535356506, 0.08606009678427702, 0.07081294182732466, 0.19568880785274803], [0.21630983065305665, 0.7105411619582722, 0.04243739175124174, 0.030711615637429534], [0.1501815270398927, 0.11170364641106016, 0.26418346944114907, 0.47393135710789824], [0.5665702023020553, 0.1622460231739967, 0.10252573241766096, 0.16865804210628682], [0.17515417065465622, 0.715400909238534, 0.006817643206579065, 0.10262727690023057], [0.6172023527164818, 0.09817458392169547, 0.1431677519388566, 0.14145531142296616], [0.052808880055009985, 0.7630157383003725, 0.03342520222191112, 0.1507501794227062], [0.13291234842867908, 0.09400410510146015, 0.7026864530136789, 0.07039709345618152], [0.5628443418204473, 0.08485166763623479, 0.013259027584395854, 0.33904496295892206], [0.15957222905431365, 0.5251036564417422, 0.08212518622760837, 0.2331989282763358], [0.5140732215443402, 0.47127050941978366, 0.0006997778319558081, 0.013956491203920132], [0.1392294228251266, 0.38201160550739355, 0.2744220630629303, 0.20433690860454942], [0.21722955991332632, 0.4412171982760319, 0.04202963169977088, 0.2995236101108708], [0.014478086351044469, 0.43206637881657683, 0.12305264806955009, 0.4304028867628286], [0.0999481825935349, 0.73464122444057, 0.08608948228388252, 0.07932111068201297], [0.5703794225121273, 0.11952552342055525, 0.08848273674215999, 0.22161231732515763], [0.016657453807081033, 0.2642102521692149, 0.208616085562301, 0.5105162084614036], [0.5731134472357166, 0.059081385440697, 0.006967912952860358, 0.360837254370726], [0.4575770578956914, 0.17027605737988497, 0.01674458250630309, 0.3554023022181206], [0.3254375917902716, 0.28559895812481517, 0.28368014150694076, 0.10528330857797227], [0.2280098335819072, 0.2269064060616995, 0.16831019735641342, 0.3767735629999801], [0.23738596628508898, 0.2776836038436522, 0.020633047416712947, 0.4642973824545459], [0.09620784978591036, 0.5345787068522183, 0.2272390062794991, 0.141974437082372], [0.29200394915136774, 0.13911864386075248, 0.07227908597709548, 0.4965983210107841], [0.13225862580644637, 0.11541602777941876, 0.09064605494344259, 0.6616792914706923], [0.20182163735687306, 0.12538455082869537, 0.020645249420153357, 0.6521485623942781], [0.020552887964092787, 0.4553180232440692, 0.4963447788028274, 0.027784309989010547], [0.2629884893541179, 0.2497751215934706, 0.33396689979839395, 0.1532694892540176], [0.003961804326506869, 0.2229255301109664, 0.7045323988663432, 0.06858026669618351], [0.01715766635415925, 0.8352906297720089, 0.09330720628504424, 0.054244497588787605], [0.06399732358632398, 0.4156446203306027, 0.04634237657316085, 0.4740156795099128], [0.08160229553609108, 0.025966300715134023, 0.022366696702128173, 0.8700647070466467], [0.3295364684216243, 0.12416236848560526, 0.2909043035386618, 0.2553968595541087], [0.17239487923946062, 0.4896831668024198, 0.06715817488889106, 0.27076377906922855], [0.11088859216077142, 0.17069359681828786, 0.16631638459444353, 0.552101426426497], [0.05828765938279122, 0.44383980918189514, 0.006962390150778504, 0.49091014128453486], [0.20378488197434838, 0.6551631500406361, 0.011370518227945416, 0.12968144975707024], [0.25626729122676534, 0.5545120279291255, 0.05689163374447777, 0.13232904709963106], [0.05284978486315903, 0.19523698865378042, 0.5350817571932532, 0.21683146928980726], [0.05239397296723633, 0.12298275483656536, 0.04933060841326722, 0.7752926637829312], [0.10998499667432834, 0.4669987804951589, 0.15720736012502884, 0.2658088627054839], [0.02585021668398676, 0.17391300401346577, 0.5881389256024109, 0.21209785370013634], [0.015173793451147657, 0.9394556058435375, 0.002554603105629133, 0.042815997599685594], [0.6255583976880836, 0.006861196106614753, 0.004288801466903149, 0.36329160473839817], [0.3857056762030505, 0.11279362533471987, 0.060114999878126775, 0.44138569858410287], [0.27658954548136067, 0.43779398531698355, 0.003030152225453581, 0.2825863169762023], [0.08854200420692795, 0.25420196769094444, 0.5249119802806832, 0.13234404782144424], [0.358938738414592, 0.03823642728258112, 0.007627862965763966, 0.595196971337063], [0.5947606826706662, 0.12157325776006031, 0.04754956862055046, 0.23611649094872306], [0.062144515496241705, 0.2956220657237493, 0.11990063628779525, 0.5223327824922138], [0.1642135029243037, 0.6033631680964973, 0.0473820570222942, 0.18504127195690487], [0.5103956510187101, 0.30566278570005784, 0.02095499253712882, 0.16298657074410358], [0.08862226508311058, 0.44384931410168305, 0.026076415306707307, 0.4414520055084987], [0.43236633806073344, 0.3836409284299211, 0.03153630367180171, 0.15245642983754354], [0.11113683823809074, 0.36388633602784604, 0.019455366747056557, 0.5055214589870065], [0.11618401959479494, 0.0065733849501171965, 0.012339312243014903, 0.8649032832120728], [0.10251325876601125, 0.06783616483334998, 0.07014286355021218, 0.7595077128504265], [0.7695298544196565, 0.1853098191502248, 0.005059232300977546, 0.0401010941291411], [0.48481083067254227, 0.37717821560194814, 0.008348218148311399, 0.12966273557719812], [0.21921291886597058, 0.040630550598921934, 0.008285724204720487, 0.7318708063303869], [0.7255288903381311, 0.14086591786338173, 0.002385390516244518, 0.13121980128224264], [0.5808856768417182, 0.05709045073996047, 0.16496937050376786, 0.19705450191455334], [0.32569939428247274, 0.024393147780448217, 0.02497765462316494, 0.6249298033139141], [0.5792652366233932, 0.2784766508217037, 0.02259691317924817, 0.11966119937565511], [0.03025994396125985, 0.8127868287290432, 0.08861709660371966, 0.06833613070597715], [0.044734226555840945, 0.061311971838403215, 0.03545893765186453, 0.8584948639538909], [0.09785120271302815, 0.6113796100428132, 0.044763507097863475, 0.2460056801462954], [0.053451438974728205, 0.1369289575897378, 0.6858694331963435, 0.12375017023919016], [0.2663439865310848, 0.4459525038485728, 0.042824463041872214, 0.24487904657846993], [0.01618573498251118, 0.18355295502117505, 0.5665638731814436, 0.2336974368148702], [0.07966612750568244, 0.04716018649611691, 0.003223663568609813, 0.8699500224295905], [0.06749367796653032, 0.6659091837577644, 0.048010169307776046, 0.21858696896792906], [0.06177342153223448, 0.09123046773531125, 0.8052521888281362, 0.041743921904318165], [0.211529438408392, 0.17458694599780603, 0.1368496967803966, 0.47703391881340546], [0.26385689045551186, 0.1361527852020706, 0.0763576650424879, 0.5236326592999296], [0.09330916846231146, 0.651476146189113, 0.14921277730705618, 0.10600190804151903], [0.06806030739598082, 0.14945101841036726, 0.09978738799584304, 0.682701286197809], [0.35367220650248066, 0.4093922986597451, 0.021551015400530737, 0.21538447943724334], [0.4175064683558603, 0.1821620202494564, 0.12899525219920518, 0.27133625919547816], [0.08070564925893144, 0.7912563887349939, 0.05868428667793852, 0.06935367532813581], [0.05760752704398607, 0.556058157604257, 0.1724092875350318, 0.21392502781672507], [0.2665814453944105, 0.16179391587179162, 0.041440835644099415, 0.5301838030896987], [0.04555421453316932, 0.020313351890849558, 0.00794920262039419, 0.9261832309555867], [0.7256373208867876, 0.05226698217580393, 0.03446761591390109, 0.18762808102350792], [0.31249634853283714, 0.47231041902724474, 0.02355584191748763, 0.1916373905224306], [0.09593941577987712, 0.13095122062689837, 0.22597427513623647, 0.5471350884569879], [0.043609814400713626, 0.678328273630839, 0.20816481532231149, 0.06989709664613611], [0.35224504002202045, 0.36425453224645776, 0.010358475007046916, 0.2731419527244748], [0.10436716902587838, 0.6187470945037739, 0.027827939462432918, 0.24905779700791497], [0.14748327103672337, 0.4155507250420097, 0.25003449823575524, 0.1869315056855115], [0.4610043448369816, 0.09369315270126662, 0.05838371770722541, 0.38691878475452635], [0.10571107955331041, 0.13317974071607042, 0.04502316657035965, 0.7160860131602594], [0.07897610478847474, 0.0019317516024763691, 0.00034231886898512316, 0.9187498247400638], [0.01590125633728237, 0.3054654839788468, 0.18433110083878596, 0.4943021588450851], [0.3107681733710055, 0.37328645575351094, 0.03854906067980511, 0.2773963101956784], [0.19319032338509148, 0.016847991373383813, 0.7266892191086562, 0.06327246613286866], [0.5750604463038684, 0.135441389027858, 0.01165533130560074, 0.27784283336267274], [0.045337234245499757, 0.4170218869789942, 0.5137652493066429, 0.023875629468863097], [0.12795413228042518, 0.5333249851376931, 0.09377853010244816, 0.24494235247943374], [0.15385654373054036, 0.19671019504723447, 0.5409157990354105, 0.1085174621868144], [0.5484684270818718, 0.2162890996669143, 0.05893157233185091, 0.17631090091936305], [0.9747178658649687, 0.013683192347668485, 0.0007108818837615535, 0.010888059903600911], [0.22306074839363296, 0.06851282325034339, 0.056801552167664617, 0.6516248761883591], [0.7856148377347686, 0.023289412605220477, 0.0006930619218922119, 0.1904026877381188], [0.7512343590948474, 0.1481927179355514, 0.004178876824511214, 0.09639404614509002], [0.1282013440059933, 0.14294496645502655, 0.11657405788088972, 0.6122796316580904], [0.4478573205796328, 0.19913701555512686, 0.059204082302128314, 0.29380158156311226], [0.14195515889018537, 0.43874762942137163, 0.11936205717618577, 0.2999351545122572], [0.43379877215664214, 0.24831570597590982, 0.24260360771936243, 0.07528191414808556], [0.3258312485371781, 0.4802690048110115, 0.040023693407947224, 0.15387605324386333], [0.5492578661109924, 0.10029848829493533, 0.0024727715280685146, 0.3479708740660039], [0.012324798455925507, 0.2639020941022925, 0.7149284044143335, 0.00884470302744838], [0.20708892868861475, 0.40886440081248676, 0.07065368394894797, 0.3133929865499505], [0.7106771616031903, 0.23378843428175167, 0.03928030464864436, 0.01625409946641379], [0.09579313610611695, 0.02333800671395332, 0.7957438898179314, 0.08512496736199823], [0.0515273102058939, 0.19176994238608444, 0.014925727036373687, 0.7417770203716479], [0.6392980781051945, 0.032211608324346205, 0.008067047255697702, 0.3204232663147616], [0.14171509464619503, 0.36398236732786854, 0.22974697288814003, 0.26455556513779604], [0.4628955849819571, 0.033446722425886574, 0.0213135956501407, 0.4823440969420156], [0.8593759847127106, 0.013881441185496682, 0.00012573551763302108, 0.12661683858415976], [0.03843466286320338, 0.8419407052928852, 0.0027316528629616316, 0.11689297898094951], [0.15877280342064196, 0.3673170952115809, 0.3414324797402048, 0.13247762162757262]]}, "rewritten": {"ids": ["97105451", "97106770", "97106820", "97106970", "97107040", "97112300", "97113900", "98108150", "98108970", "98109230", "98110710", "98111670", "98112300", "98116500", "98117740", "98120530", "99107500", "99107660", "99108330", "99108520", "99109161", "99109840", "99110050", "99112641", "99117740", "100109000", "100109311", "100109890", "100111080", "100120010", "101110150", "101110740", "101111310", "101112540", "101113210", "101121640", "102108621", "102109840", "102110690", "102110890", "102112250", "102116500", "102121700", "103109021", "103109641", "103111110", "103113260", "104112470", "104113170", "104114410", "104114740", "104116441", "104116980", "104119290", "105112240", "105115900", "105116441", "105116650", "105116980", "105118230", "106114150", "106116850", "106118301", "106121190", "107113170", "107113260", "107113550", "107113840", "107114200", "107114280", "107116300", "107116501", "107117010", "107120260", "107121230", "108114670", "108116501", "108117360", "108117451", "108117610", "108118060", "108118291", "108118301", "108118520", "108118810", "108119510", "109113281", "109114220", "109114270", "109114720", "109116170", "109116441", "109116930", "109120560", "109121351", "110114321", "110114920", "110115140", "110115580", "110115890", "110116441", "110117870", "110118161", "110119300", "110120190", "111116010", "111116170", "111116990", "111118301", "111119250", "111119300", "111119930", "111120260", "112116290", "112116401", "112116640", "112116810", "112116880", "112117461", "112117790", "112118810", "112118860", "112118890", "112119120", "112119950", "112120670", "112120700", "112121030", "113118111", "113118490", "113118620", "113118630", "113118820", "113118870", "113119320", "113119450", "113119480", "113120260", "113121010", "113121190", "113122150", "113122430"], "labels": [0, 3, 1, 2, 2, 2, 2, 0, 3, 1, 2, 1, 2, 2, 2, 1, 0, 3, 1, 2, 3, 2, 3, 1, 2, 1, 1, 3, 0, 0, 1, 3, 3, 2, 3, 2, 3, 2, 0, 0, 0, 1, 1, 0, 1, 3, 3, 1, 3, 1, 2, 1, 1, 1, 1, 3, 1, 1, 0, 1, 1, 3, 1, 2, 0, 0, 0, 3, 2, 3, 0, 1, 1, 1, 0, 3, 0, 1, 2, 3, 1, 3, 1, 0, 1, 1, 0, 3, 3, 0, 0, 3, 0, 1, 0, 1, 3, 0, 1, 2, 3, 3, 0, 1, 3, 1, 0, 0, 3, 1, 1, 1, 3, 0, 0, 0, 3, 0, 0, 3, 3, 3, 3, 1, 0, 2, 2, 0, 1, 1, 3, 3, 0, 0, 1, 3, 3, 3, 2, 1, 2, 2], "predicted_labels": [1, 0, 3, 1, 1, 3, 1, 0, 1, 2, 2, 0, 0, 3, 1, 1, 1, 0, 2, 2, 0, 1, 3, 1, 0, 3, 3, 3, 0, 1, 1, 3, 1, 3, 3, 1, 0, 3, 3, 3, 3, 1, 1, 3, 1, 3, 1, 1, 1, 3, 3, 1, 1, 1, 1, 0, 1, 1, 3, 1, 0, 2, 0, 3, 3, 3, 3, 1, 1, 3, 1, 3, 1, 0, 3, 0, 1, 3, 0, 3, 0, 3, 1, 0, 1, 3, 3, 0, 3, 3, 1, 0, 0, 3, 0, 3, 1, 0, 3, 1, 3, 1, 1, 3, 3, 1, 1, 3, 1, 3, 1, 3, 3, 1, 3, 1, 3, 1, 0, 3, 3, 1, 1, 3, 0, 1, 1, 3, 3, 3, 3, 1, 1, 0, 1, 1, 3, 3, 1, 0, 1, 1], "confidence_scores": [[0.2955164252366135, 0.3430549323879987, 0.025356147639081006, 0.3360724947363069], [0.4639516847285837, 0.047988133642325105, 0.4109053610300884, 0.07715482059900255], [0.16981385245083022, 0.2600303700803306, 0.1547011079001359, 0.4154546695687037], [0.00822072561024831, 0.34749401100827054, 0.47320759981247096, 0.17107766356900986], [0.009373310091631783, 0.3463398971760937, 0.5851414482758864, 0.0591453444563883], [0.5339563637491513, 0.0852842363519881, 0.01511309914632906, 0.36564630075253146], [0.18207044809875964, 0.2763908208674942, 0.4518368322855686, 0.08970189874817794], [0.31863797805351624, 0.17431309024100225, 0.3273371709488395, 0.17971176075664178], [0.041045203248859095, 0.5362248393460888, 0.3189050803452113, 0.10382487705984103], [0.08491673398052947, 0.016776504038906133, 0.8576725243594653, 0.04063423762109952], [0.005260631156104873, 0.21072527661510887, 0.721331293923071, 0.06268279830571531], [0.45246712682871343, 0.1254685353121903, 0.30447745952216154, 0.11758687833693479], [0.7422687367911526, 0.1257359639826596, 0.008845159236035164, 0.12315013999015306], [0.20875581241224916, 0.0801851260988213, 0.05069988808953769, 0.660359173399392], [0.06013907269418742, 0.5749351142477627, 0.2168428134842938, 0.14808299957375629], [0.5216034731923441, 0.38204346553231244, 0.00979870942509874, 0.0865543518502446], [0.040161314701093125, 0.6191258118554264, 0.12160338679095548, 0.21910948665252528], [0.772883320504392, 0.11896764492867067, 0.004140685513028701, 0.10400834905390854], [0.018179953157841166, 0.1512044047282794, 0.7275274178290093, 0.10308822428487037], [0.08635875503010874, 0.09599933231297708, 0.7852589659775936, 0.032382946679320075], [0.7840344019408845, 0.15936819682714762, 0.025065297554762316, 0.031532103677205714], [0.05942828006206828, 0.3840599998017403, 0.30771007640837017, 0.24880164372782143], [0.0735973732969319, 0.27451190727770824, 0.18280769590198725, 0.46908302352337267], [0.2673090309172173, 0.5119892263328084, 0.05829011673766058, 0.16241162601231368], [0.6754487147985724, 0.27284985959146946, 0.002622245489680926, 0.04907918012027717], [0.08619074544992525, 0.11611709829530069, 0.05614943472839481, 0.7415427215263792], [0.38638616801662173, 0.22411218414104364, 0.02702490572180401, 0.3624767421205306], [0.3298114423089784, 0.13336025485712977, 0.033066505007422566, 0.5037617978264697], [0.7808722531022663, 0.18959849010303634, 0.014663562592033493, 0.014865694202663964], [0.13815822035337363, 0.3816978969383209, 0.28703013815765094, 0.1931137445506549], [0.21978050517648268, 0.47107775864315754, 0.004177516605487385, 0.30496421957487235], [0.11623244209759037, 0.13273027154498865, 0.41610253562553234, 0.33493475073188855], [0.07143008800106428, 0.6985748332539439, 0.1887097096795785, 0.041285369065413594], [0.306327257637661, 0.13331229583467988, 0.2895594262964789, 0.27080102023118013], [0.4044102151035723, 0.045456531251969245, 0.019266033192579815, 0.530867220451879], [0.0894613471496771, 0.6224210687449646, 0.026675652254208693, 0.2614419318511494], [0.9205837817652832, 0.05077909334081208, 0.0005651259369981264, 0.02807199895690655], [0.2111071669282986, 0.22375184762287514, 0.19894312510072495, 0.36619786034810126], [0.133741011896656, 0.13277898683482073, 0.005747867044179137, 0.7277321342243442], [0.4260641350985138, 0.05468297018044171, 0.030598273574889957, 0.4886546211461546], [0.16611573854561262, 0.005659388228243956, 0.004256876581862187, 0.8239679966442812], [0.04907427218932754, 0.6084532363152391, 0.18622377249631553, 0.1562487189991177], [0.2027461855404997, 0.4995089163684299, 0.03973718665415885, 0.2580077114369113], [0.15214510251782587, 0.13437772593833258, 0.02699964643093545, 0.6864775251129059], [0.1774972972362748, 0.476585754751081, 0.15770015853258906, 0.1882167894800548], [0.025211381476876633, 0.3064104032852265, 0.39493842232771853, 0.27343979291017867], [0.1625057497515947, 0.7102151798445864, 0.042072831206145245, 0.08520623919767369], [0.1904033375929425, 0.33274330612907926, 0.18249596079891, 0.2943573954790684], [0.23627986874276427, 0.3970910922275122, 0.22828981001266116, 0.13833922901706272], [0.07696118894922441, 0.30872490064009667, 0.2573188052360954, 0.35699510517458377], [0.43682622638741836, 0.11004562783251247, 0.10494269749096728, 0.34818544828910203], [0.1368472509004754, 0.46856862377290315, 0.039031457126021296, 0.35555266820059944], [0.026212846229272623, 0.4887327466415052, 0.10720357316877765, 0.3778508339604447], [0.13751522652816017, 0.4661318906636256, 0.20372821368972382, 0.1926246691184907], [0.056091102877815324, 0.5457548932167938, 0.037871173929201904, 0.3602828299761888], [0.4945946089503151, 0.08115019940792735, 0.24619713180856187, 0.17805805983319548], [0.07423547549135091, 0.39271884471283885, 0.23746725023709742, 0.2955784295587128], [0.009922384835274337, 0.6312756934702612, 0.3258374526043014, 0.032964469090162825], [0.2112753975323764, 0.34584206458919114, 0.004378255173468106, 0.43850428270496433], [0.022695908670482476, 0.830351357991656, 0.03171396719125318, 0.1152387661466082], [0.753024392483449, 0.1441241617225146, 0.012313488950883337, 0.09053795684315301], [0.03429058102590757, 0.17672509625977983, 0.7544526323764131, 0.0345316903378994], [0.9414263149350384, 0.03239929738859176, 0.0003985866856218297, 0.025775800990747996], [0.07276020532481388, 0.06621940412627367, 0.5507725143063902, 0.3102478762425219], [0.4073567054444065, 0.020472252122371914, 0.12837820817230766, 0.44379283426091387], [0.028165047110482743, 0.11541066888088765, 0.25352884975655793, 0.6028954342520716], [0.41229969283278795, 0.039857944821810605, 0.04696840616192459, 0.500873956183477], [0.2407042182739801, 0.45590982718548895, 0.015044774594145131, 0.2883411799463856], [0.1774240686906265, 0.5200731760700567, 0.022410421300210058, 0.280092333939107], [0.1348096547088088, 0.36713922455247044, 0.08276283509157074, 0.4152882856471501], [0.1389857216990617, 0.7491997443130191, 0.006089884756251047, 0.10572464923166806], [0.07890512023456717, 0.013673213480080429, 0.001736378900025321, 0.9056852873853272], [0.14555331923085485, 0.7719782759676935, 0.009813600445497785, 0.07265480435595423], [0.6613362813242493, 0.0293615080170619, 0.019956029473689494, 0.28934618118499944], [0.07780423456788803, 0.060679572636153895, 0.055814857616824975, 0.8057013351791329], [0.7873878056575451, 0.05573628896610556, 0.022959010335127452, 0.13391689504122217], [0.10047569626808803, 0.546016682721674, 0.12580534003488422, 0.22770228097535355], [0.2210907609336782, 0.05715899210548033, 0.39878644670523855, 0.32296380025560256], [0.6038261148115499, 0.11578782603377681, 0.025137904088584708, 0.25524815506608867], [0.06524332716606804, 0.2302622210400357, 0.011403846092991424, 0.6930906057009046], [0.7240407491158987, 0.041531916219773014, 0.0344009711304894, 0.20002636353383893], [0.36460978717344406, 0.05426571041549844, 0.0003979216025450447, 0.5807265808085122], [0.28381203662058196, 0.4377759257715826, 0.01304299440964634, 0.2653690431981892], [0.8896521766081331, 0.0771146598145792, 0.0034698815834257896, 0.02976328199386194], [0.0685235463695452, 0.7349081924823593, 0.006285975790239838, 0.19028228535785602], [0.2600614407728266, 0.13780092610169922, 0.013328047762823895, 0.5888095853626503], [0.4777823856750369, 0.21348271931370755, 0.01567216275534615, 0.2930627322559096], [0.7107587310492746, 0.008940733956256402, 0.008134899422647803, 0.27216563557182133], [0.4869788555906903, 0.12848462668586838, 0.002128058687379784, 0.38240845903606147], [0.018053691052207343, 0.03663841462489599, 0.4641384661445171, 0.4811694281783795], [0.26984376213351635, 0.36321202936450997, 0.023208758435241547, 0.3437354500667318], [0.9442806163100864, 0.01600875774583854, 0.00043484285285503123, 0.0392757830912199], [0.9321965951749314, 0.05108247777495642, 0.0006331789600050753, 0.016087748090107046], [0.0657695851604099, 0.06673848625595388, 0.43482730767675304, 0.43266462090688274], [0.7331670525152391, 0.04206289627948582, 0.021562811777745803, 0.20320723942752936], [0.15421257175706168, 0.32611245080140233, 0.048020438336615213, 0.4716545391049209], [0.11653086402957465, 0.6558359752559055, 0.003747688870998337, 0.22388547184352148], [0.6486771024957226, 0.13717542698968574, 0.027640989272988924, 0.1865064812416031], [0.059762676544273, 0.14855819979437354, 0.056508888062428084, 0.7351702355989252], [0.4431525888579563, 0.3393303315582868, 0.01126831378862151, 0.2062487657951355], [0.0708201164552465, 0.19978378159655247, 0.11102020876652628, 0.6183758931816747], [0.1252364279387109, 0.5309567632900791, 0.062745206559722, 0.28106160221148846], [0.13397137376297957, 0.5011261972304635, 0.020937944720627766, 0.3439644842859293], [0.26946918949387527, 0.3291865957178402, 0.01429328395972723, 0.3870509308285574], [0.08602380542413364, 0.041127709677793944, 0.44808417550015284, 0.4247643093979196], [0.36346102272830116, 0.4614932400200634, 0.09409469616009235, 0.08095104109154307], [0.2797579834129396, 0.303924379351842, 0.23493623847737752, 0.18138139875784057], [0.12744891409225592, 0.005384770134005856, 0.00388609279951165, 0.8632802229742266], [0.24719551374371704, 0.4660608320940739, 0.10272591574080313, 0.18401773842140595], [0.21782900975427866, 0.18957706986257028, 0.305293831533711, 0.2873000888494401], [0.04748294521204359, 0.6783436160566544, 0.02669997237833806, 0.2474734663529639], [0.07817617547397616, 0.3129024129798608, 0.22842717783419764, 0.3804942337119654], [0.2670654018043962, 0.17800482854662103, 0.06410067997347643, 0.49082908967550654], [0.03090135431294056, 0.37259612452068946, 0.47348582690936974, 0.12301669425700029], [0.03492579585864742, 0.0012187124538959007, 5.295590621379869e-05, 0.963802535781243], [0.1870725662026455, 0.399689853452422, 0.061364201118068604, 0.35187337922686435], [0.12965930400232828, 0.17436973531370537, 0.44738848069935394, 0.24858247998461228], [0.19593918610516667, 0.24315973469877328, 0.350705551701154, 0.21019552749490614], [0.7132244292984393, 0.014104934059483728, 0.0009125236338048902, 0.27175811300827213], [0.046372680815254, 0.004221659773212301, 0.0008780860301655943, 0.9485275733813681], [0.0867133037666897, 0.18391451114545507, 0.01884935753560114, 0.7105228275522537], [0.020424320609767715, 0.6717335886980937, 0.22411408262284835, 0.08372800806929027], [0.1337651133301579, 0.5513978915755351, 0.15328101161429614, 0.16155598348001082], [0.135808125443966, 0.009569098387831236, 0.019878172482023282, 0.8347446036861795], [0.6895467706702305, 0.03098198363682517, 0.012908191469160732, 0.26656305422378335], [0.06739778663098961, 0.6304865640329516, 0.14821206145475843, 0.15390358788130035], [0.120953871584553, 0.46984404654534623, 0.26981221238606745, 0.1393898694840333], [0.15819350169204457, 0.008819628573887106, 0.018195148880057722, 0.8147917208540105], [0.247134345934135, 0.22560350414025332, 0.014352450904777589, 0.512909699020834], [0.3719236097539716, 0.12600016585786708, 0.021507513016676943, 0.4805687113714845], [0.2262869527525502, 0.05539609508689141, 0.0620721516727587, 0.6562448004877999], [0.013326706951783259, 0.6456216884928544, 0.1005353932648662, 0.24051621129049608], [0.4940241307700348, 0.4778137948220506, 0.00018941970878332137, 0.027972654699131135], [0.4946787081721151, 0.32232912281087334, 0.044265673803620634, 0.13872649521339123], [0.09097609832978301, 0.4336190817740081, 0.13226025425121574, 0.34314456564499335], [0.20399241748812683, 0.46376034994929916, 0.009331657944684062, 0.3229155746178897], [0.2622452496942664, 0.173511808702013, 0.05601198554655191, 0.5082309560571685], [0.2765816287894763, 0.09989245889050508, 0.022271266138225387, 0.6012546461817933], [0.02644797119400919, 0.6487588561885406, 0.22297161325443482, 0.10182155936301518], [0.7254814590387098, 0.11655071062160402, 0.04219278977869171, 0.11577504056099452], [0.20374590842527127, 0.5734096105462048, 0.04004988105607068, 0.18279459997245273], [0.0318201587559253, 0.7024125877591063, 0.16813179080008203, 0.09763546268488625]]}}