{"test": {"ids": ["108117610", "110116501", "113118690", "112116900", "99108710", "99111620", "110118181", "104111830", "100109910", "103112641", "99108520", "107121230", "110118630", "107121640", "104113240", "111114941", "110114950", "109113591", "108114220", "106120290", "106115250", "99113260", "110115120", "98109090", "110114561", "107114950", "113121950", "102113981", "113121680", "110117870", "112118620", "111119930", "105116090", "104113170", "106117770", "112120290", "97112170", "99108080", "109117600", "101114020", "111115620", "106114280", "99108580", "110115980", "113121750", "97107821", "98108410", "104117200", "110118121", "106118520", "100109330", "107113260", "105112100", "105118171", "108113700", "111119300", "108116070", "100116790", "99108310", "100115700", "101110150", "112119120", "113119340", "98116500", "103113610", "107119950", "98108520", "106121190", "109121351", "99116500", "100111620", "112116290", "111116040", "113120640", "102110050", "105113620", "99105921", "106114321", "107118780", "109120560", "113120540", "99107630", "109116040", "110114920", "108120280", "106116820", "103120780", "103111540", "98107340", "111114121", "110118880", "99119830", "109118701", "112119610", "112120640", "108121410", "101111210", "108114270", "110117140", "113121810", "98120530", "111116090", "110118930", "113117550", "112121010", "112121410", "112116800", "97110950", "113120780", "97116410", "102107961", "109114651", "103117200", "105114220", "113121220", "105110091", "111116170", "98109311", "106113360", "105120280", "102114270", "99107660", "105116980", "101119030", "102121440", "111120320", "97108520", "104119340", "107118820", "112118701", "110118810", "98109230", "107113550", "110118701", "97105580", "109117730", "104113190", "113118820", "111119950", "97113900", "110115140", "98110710"], "labels": [3, 3, 3, 3, 2, 3, 1, 3, 2, 3, 2, 0, 1, 1, 2, 0, 0, 3, 3, 2, 2, 0, 0, 1, 0, 3, 3, 1, 1, 3, 3, 1, 1, 3, 0, 1, 0, 3, 1, 3, 1, 3, 0, 1, 0, 2, 1, 3, 3, 2, 0, 0, 1, 3, 0, 1, 1, 2, 2, 1, 1, 1, 0, 2, 2, 3, 2, 2, 0, 2, 3, 0, 0, 0, 3, 0, 1, 2, 1, 1, 3, 2, 0, 3, 3, 1, 1, 1, 0, 0, 0, 1, 3, 0, 0, 0, 2, 3, 3, 2, 1, 3, 1, 3, 2, 0, 0, 3, 0, 3, 3, 3, 0, 3, 3, 0, 0, 1, 0, 3, 3, 3, 0, 3, 2, 1, 2, 1, 3, 0, 1, 1, 0, 3, 1, 3, 3, 0, 0, 2, 0, 2], "predicted_labels": [0, 3, 1, 3, 1, 3, 0, 1, 2, 2, 2, 1, 3, 2, 1, 3, 0, 3, 1, 2, 1, 0, 0, 2, 1, 3, 2, 1, 1, 2, 0, 1, 0, 1, 0, 1, 0, 3, 0, 2, 3, 0, 2, 3, 0, 0, 0, 1, 3, 0, 0, 1, 0, 1, 0, 3, 2, 1, 3, 0, 1, 0, 0, 3, 0, 1, 3, 2, 3, 2, 1, 3, 0, 3, 1, 1, 0, 2, 1, 2, 0, 0, 3, 1, 3, 3, 0, 3, 3, 1, 3, 3, 1, 3, 2, 1, 3, 0, 1, 2, 1, 0, 1, 3, 0, 1, 3, 3, 0, 3, 1, 0, 0, 0, 3, 1, 0, 2, 1, 3, 1, 0, 3, 0, 3, 3, 2, 3, 3, 3, 0, 2, 0, 0, 3, 0, 0, 1, 3, 0, 3, 1], "confidence_scores": [[0.9920577468478363, 0.00034667312245958043, 2.5741038249073765e-05, 0.007569838991455083], [0.07661376001686553, 0.004127371502627124, 6.065657881122603e-09, 0.9192588624148494], [0.0015043575804256485, 0.9983799736325447, 9.425971833791626e-05, 2.140906869181561e-05], [0.37536554967292235, 0.034647423404554394, 1.2030513181143949e-05, 0.5899749964093423], [1.2978304666844785e-05, 0.999571063152507, 1.1502332878424565e-05, 0.0004044562099475342], [6.866254829423257e-07, 0.020692588264351268, 0.0003722505826968206, 0.9789344745274688], [0.9970154362082764, 0.0029241090965080414, 3.1321798212171287e-06, 5.7322515394185545e-05], [0.001645016127800713, 0.6033296049379143, 0.0004956829850887249, 0.39452969594919607], [1.1270287652704352e-05, 1.3320133976583615e-08, 0.9999887092149305, 7.17728269788823e-09], [0.0005104568860988419, 0.009001483590990506, 0.9895152364436405, 0.0009728230792702353], [0.0009828056379000446, 0.1579194311009258, 0.8410951918223736, 2.571438800590259e-06], [0.00014631756023401839, 0.9989115112406078, 3.0259279176788727e-07, 0.0009418686063665618], [0.00018671591716818575, 0.4777895164421401, 0.008737398905574153, 0.5132863687351175], [0.00017472510579204147, 9.414029691589143e-08, 0.987795332025703, 0.012029848728208148], [0.003653858034421223, 0.9827362839635727, 0.013328365614332096, 0.00028149238767388046], [0.00017517175551632193, 5.269343489905461e-07, 1.0907955228949835e-06, 0.9998232105146116], [0.9988355489495516, 1.1115040951859491e-06, 2.216384636346822e-06, 0.0011611231617169432], [0.00047323898497745015, 0.03918606152221788, 3.822153217266215e-05, 0.960302477960632], [2.966872058577523e-05, 0.9960852294396735, 0.003885089046817461, 1.2792923115985238e-08], [4.4465656745583855e-05, 0.00015025949196048447, 0.9993678484902444, 0.00043742636104948375], [0.00042116971669524335, 0.8737585437660527, 0.10062150868748927, 0.025198777829762903], [0.5834331767174317, 0.24800937245834243, 0.01891804640094021, 0.14963940442328574], [0.9110174810225753, 0.0055138689371618125, 0.08254907228513991, 0.0009195777551229547], [4.451434215936441e-06, 1.1189926725756503e-06, 0.9998832942431932, 0.00011113532991832925], [0.019436868724671364, 0.8937826831245007, 0.0031354742601468716, 0.083644973890681], [0.004937482712013781, 0.0004734888892783431, 0.03247655046798873, 0.9621124779307191], [2.1169006404831647e-06, 0.0021207010831523314, 0.997700028068181, 0.00017715394802617722], [0.0010470245829855233, 0.9909772741410574, 0.007975060599434912, 6.406765220132299e-07], [0.00014776669273028014, 0.5183144360272953, 0.43863602667977997, 0.04290177060019438], [6.870327218082944e-05, 0.0029640792325379534, 0.9086087183765845, 0.08835849911869664], [0.9981342758893887, 0.0006714010785925355, 0.0011898314524860676, 4.491579532486218e-06], [0.012154680712283688, 0.9772092412942447, 2.073796823490524e-06, 0.010634004196648268], [0.5144505657095125, 7.673326530262476e-05, 0.003569616621827226, 0.48190308440335755], [7.68655168282723e-05, 0.9802827526626464, 0.019509533352170455, 0.00013084846835493026], [0.9684933842619328, 0.006199887520497136, 0.0016188533149504272, 0.023687874902619636], [0.006253389445657295, 0.9926071066847715, 0.0011391952464016866, 3.086231693723545e-07], [0.9965300743943787, 2.6748155158065793e-05, 0.0001532831507873371, 0.00328989429967593], [0.00014256474511694782, 8.029699343102821e-08, 8.132655030268713e-07, 0.9998565416923866], [0.8694189146634136, 0.10761834038979771, 0.022806672465263154, 0.00015607248152561256], [0.20406599441901968, 0.02729771640170151, 0.7177622143785083, 0.05087407480077057], [0.2718318864206866, 0.031755222092444, 0.16026284091821, 0.5361500505686594], [0.9940056497969585, 7.482286372762767e-06, 1.2556881847023752e-05, 0.005974311034821644], [0.015583697968743631, 0.00034913061137322756, 0.9839691702304846, 9.800118939863246e-05], [0.009305913711790537, 2.5236165452006504e-08, 3.480106241598045e-07, 0.9906937130414197], [0.9311604012033553, 0.06444279083378418, 0.0036956529008549425, 0.0007011550620055523], [0.9131708189609351, 0.0003768129657423466, 0.002269901204290455, 0.08418246686903211], [0.9993451536564282, 0.0006501413819441588, 4.596598901003168e-06, 1.08362726623029e-07], [0.0001984662917549469, 0.5410028526528344, 0.06447043919925759, 0.394328241856153], [0.00010253776298968902, 0.3241943554799133, 1.8682628504661254e-05, 0.6756844241285923], [0.9952689466590604, 9.836998466579914e-05, 6.218329880422946e-05, 0.004570500057469757], [0.9976112757051584, 3.619732830552625e-05, 1.99645474813779e-06, 0.0023505305117879076], [0.004454790700373313, 0.5588636152222436, 0.011974589843816297, 0.4247070042335669], [0.7103699294627319, 0.2829520376483393, 0.0002664954733107835, 0.006411537415617908], [0.0002749100227028234, 0.9981533063232753, 2.623508959703425e-10, 0.0015717833916710458], [0.8782111791626154, 0.12173729200509606, 5.136833386141012e-05, 1.6049842703151034e-07], [1.448537240353715e-06, 1.2434513338047857e-06, 4.067780186981236e-06, 0.9999932402312388], [0.0010747758458862545, 4.35238343461421e-06, 0.9989208716840117, 8.666744941083548e-11], [0.000200026426378073, 0.99979126366311, 7.650860920315765e-06, 1.0590495917884368e-06], [0.00021257306493289006, 3.0151823795820277e-07, 4.0384941414131784e-08, 0.9997870850318876], [0.8778918420563641, 0.07635993216738407, 0.030644475799542315, 0.015103749976709673], [1.3406063641865225e-06, 0.6287469398763686, 6.88483545178381e-05, 0.3711828711627494], [0.9760962209943498, 4.126485576288228e-05, 0.004407714149655405, 0.019454800000231857], [0.9997813897818435, 1.691648134234871e-06, 7.5608138666609e-06, 0.00020935775615583315], [0.10022953438848851, 0.0010696950208708862, 0.005836630332732319, 0.8928641402579083], [0.9177857415452874, 0.045611123263243694, 0.0011188190411714866, 0.03548431615029756], [0.00035270422655947346, 0.7258675571285722, 0.00405622703048665, 0.26972351161438163], [0.0005075502387778957, 0.029057717736026997, 2.6053202729617733e-05, 0.9704086788224654], [0.0033595854917569164, 0.019194963983594236, 0.9774336361591592, 1.1814365489664281e-05], [0.03680617185054171, 0.016526286466436443, 7.24022516090793e-07, 0.9466668176605056], [2.2108189388444273e-08, 0.0003564172442617555, 0.9993586879527575, 0.0002848726947912969], [0.17446902045936247, 0.7750551712641739, 0.049981967500102926, 0.0004938407763606237], [0.00022899579679068748, 0.032266358578674596, 7.580556171051319e-06, 0.9674970650683636], [0.9204990109788362, 0.02163432802878777, 0.01436405123904011, 0.04350260975333587], [0.0007616589745281842, 0.34127028382864427, 0.3107939141597048, 0.3471741430371228], [0.01953808267055792, 0.9777001764262877, 0.002617068546905039, 0.0001446723562493835], [0.3657813342056036, 0.6342072622971613, 1.136858715906563e-05, 3.491007598634083e-08], [0.9911296688099669, 7.021306020795395e-07, 0.008869251328253272, 3.777311777213071e-07], [0.18064807325948845, 0.000300077557459643, 0.782262224874703, 0.036789624308349], [0.001241861115369917, 0.9082921311527251, 1.2295172108424555e-05, 0.09045371255979646], [1.4706586703856933e-08, 0.00815225870647722, 0.6007892437775497, 0.3910584828093864], [0.9968009950712666, 6.742003253835636e-07, 9.152864770707803e-07, 0.003197415441930915], [0.9996012247250062, 4.147086904396948e-06, 0.00023056121276198664, 0.00016406697532726257], [0.11736894421600198, 0.00129775818180033, 0.006566044667101685, 0.874767252935096], [0.00022243057209259579, 0.9861673289339778, 0.01360961300686833, 6.274870611075635e-07], [0.035797650409348236, 0.0005445546430995433, 0.006419678465508727, 0.9572381164820435], [0.07214226347999232, 0.05410315087039637, 0.00023075347661894856, 0.8735238321729923], [0.7884329464961851, 0.1538096410077917, 0.04411892020866642, 0.013638492287356814], [1.4678324661054358e-05, 0.0010389780052605742, 0.00016777492475899143, 0.9987785687453193], [1.691666070834509e-08, 6.794143377033512e-07, 0.0001116737551622771, 0.9998876299138392], [5.878694992444869e-06, 0.9983947842613564, 5.066148424337768e-05, 0.0015486755594076964], [0.015335981383448428, 0.02866996383369846, 7.76611459773725e-05, 0.9559163936368756], [9.509094136273375e-09, 0.027776118940409284, 0.0005619632726867329, 0.9716619082778098], [0.0068378460580237254, 0.6577298812475593, 2.920525643586451e-06, 0.33542935216877345], [7.867549638611066e-05, 0.03786715844915369, 0.06969652595025358, 0.8923576401042067], [0.0003762782923718059, 0.0059985710596117325, 0.989349713286782, 0.004275437361234618], [0.042479620321561135, 0.9558114018552082, 0.0015638483517556668, 0.00014512947147493591], [0.000695043924089085, 0.0021982659193166, 0.00020194390617128154, 0.996904746250423], [0.7064533589568462, 0.18304290368609846, 0.11032517332189894, 0.00017856403515615265], [0.015167854257801264, 0.9814693017183616, 0.00012408501535217438, 0.003238759008485048], [1.940594260406557e-08, 0.0030667444623425, 0.9969331086269823, 1.2750473256717978e-07], [4.619229803862385e-08, 0.9974624358910499, 2.2091842790020978e-10, 0.0025375176957337813], [0.9686853459089769, 5.575583625436141e-05, 1.0207093283569825e-07, 0.03125879618383571], [0.000759947474558804, 0.9813633627943554, 4.435882992323532e-06, 0.017872253848093326], [2.7003191450266412e-05, 0.005453912987120523, 0.3641057383713671, 0.6304133454500621], [0.7100054848079197, 0.27680074803661536, 0.0014595562045298294, 0.011734210950934958], [1.0011477781580529e-05, 0.9999178233796637, 8.880152804077236e-07, 7.127712727422914e-05], [5.236896986003567e-06, 0.0012704473254109637, 2.6314397788885073e-08, 0.9987242894632054], [0.012336470737822795, 0.0032980603605166563, 0.08360235394364163, 0.900763114958019], [0.6526161148645135, 0.18561717823883855, 0.00011738892789520114, 0.16164931796875268], [0.003800764772161578, 0.004105005605253484, 0.020193594542746718, 0.9719006350798383], [0.0005204601907690326, 0.9014937454620424, 0.09355960075424759, 0.004426193592940968], [0.9996650601422586, 0.00021245858445989596, 1.8431708267827161e-07, 0.00012229695619881363], [0.9218687944074221, 0.05720218535443743, 0.0014842405790031034, 0.019444779659137268], [0.9706489329802629, 0.029261255674362014, 6.332763204307536e-07, 8.917806905485631e-05], [9.8465663352399e-07, 0.00029268358371604654, 0.06126974281537817, 0.9384365889442722], [0.038725044063781806, 0.7691340023187088, 5.9115307559134416e-05, 0.1920818383099503], [0.9974607288092474, 8.518736635703344e-05, 1.5747289400382806e-13, 0.002454083824238022], [0.003792017585322121, 0.031999686249114985, 0.753167196259357, 0.21104109990620593], [0.05656586782378867, 0.9429969515123208, 2.3476860422825282e-07, 0.00043694589528642643], [4.4493479375759116e-05, 7.881272623148688e-05, 0.11291404691936605, 0.8869626468750267], [0.0012843476485653658, 0.9986416562180976, 2.3030526410028783e-06, 7.169308069588814e-05], [0.6220441323379411, 0.00010721151484502626, 0.0009521278772911749, 0.3768965282699227], [0.00010999415696581122, 0.004623732457654817, 0.0009292442581013766, 0.994337029127278], [0.9999701201608032, 2.9154925723252404e-05, 6.566869365433388e-09, 7.183466042830432e-07], [0.00014320540868690448, 0.45663048380658877, 0.020028438176751907, 0.5231978726079725], [0.026879015270769007, 0.015732959158656874, 6.967884690649182e-07, 0.9573873287821051], [0.015899499796694475, 0.16097604109844435, 0.8115986264727135, 0.011525832632147699], [0.015243558936379293, 7.635202166745437e-05, 0.0003032996950174321, 0.9843767893469357], [0.015095125820518272, 0.343494169929642, 0.001038903672067761, 0.640371800577772], [0.0005364007445813992, 0.1372794327832798, 3.1784856157028846e-06, 0.8621809879865231], [0.9494510647641347, 0.005866292322363775, 0.03943312085240185, 0.005249522061099686], [0.0008966059269529488, 7.2154269256822526e-06, 0.9990883992909704, 7.779355151159593e-06], [0.98963137483648, 2.8805252689362416e-06, 0.006406621396839044, 0.003959123241411951], [0.9999325177367592, 2.7807116358346183e-05, 1.3672361865695752e-06, 3.8307910695951394e-05], [0.385611565587075, 1.7359531661088804e-08, 0.06281600216527773, 0.5515724148881156], [0.9999458283430189, 4.181885183272559e-08, 1.3962733654139393e-08, 5.4115875395382335e-05], [0.7203379550589062, 0.0033941329288101245, 0.0032065229190657617, 0.2730613890932181], [0.16501170031960968, 0.8189108262979304, 0.016014953789744532, 6.251959271541249e-05], [0.004025293995056386, 6.080613109367677e-06, 0.00018746423428927153, 0.995781161157545], [0.9766339502459347, 0.02326214410247373, 0.00010175817687150323, 2.1474747201336452e-06], [0.003062830491158825, 0.0008501652737039068, 0.01635257680281928, 0.979734427432318], [0.06117233060241188, 0.6906458824266235, 0.00029634478731875005, 0.24788544218364583]]}, "rewritten": {"ids": ["97105580", "97107821", "97108520", "97110950", "97112170", "97113900", "97116410", "98107340", "98108410", "98108520", "98109090", "98109230", "98109311", "98110710", "98116500", "98120530", "99105921", "99107630", "99107660", "99108080", "99108310", "99108520", "99108580", "99108710", "99111620", "99113260", "99116500", "99119830", "100109330", "100109910", "100111620", "100115700", "100116790", "101110150", "101111210", "101114020", "101119030", "102107961", "102110050", "102113981", "102114270", "102121440", "103111540", "103112641", "103113610", "103117200", "103120780", "104111830", "104113170", "104113190", "104113240", "104117200", "104119340", "105110091", "105112100", "105113620", "105114220", "105116090", "105116980", "105118171", "105120280", "106113360", "106114280", "106114321", "106115250", "106116820", "106117770", "106118520", "106120290", "106121190", "107113260", "107113550", "107114950", "107118780", "107118820", "107119950", "107121230", "107121640", "108113700", "108114220", "108114270", "108116070", "108117610", "108120280", "108121410", "109113591", "109114651", "109116040", "109117600", "109117730", "109118701", "109120560", "109121351", "110114561", "110114920", "110114950", "110115120", "110115140", "110115980", "110116501", "110117140", "110117870", "110118121", "110118181", "110118630", "110118701", "110118810", "110118880", "110118930", "111114121", "111114941", "111115620", "111116040", "111116090", "111116170", "111119300", "111119930", "111119950", "111120320", "112116290", "112116800", "112116900", "112118620", "112118701", "112119120", "112119610", "112120290", "112120640", "112121010", "112121410", "113117550", "113118690", "113118820", "113119340", "113120540", "113120640", "113120780", "113121220", "113121680", "113121750", "113121810", "113121950"], "labels": [1, 2, 2, 3, 0, 2, 3, 0, 1, 2, 1, 1, 1, 2, 2, 1, 1, 2, 3, 3, 2, 2, 0, 2, 3, 0, 2, 1, 0, 2, 3, 1, 2, 1, 2, 3, 3, 3, 3, 1, 3, 2, 1, 3, 2, 0, 1, 3, 3, 3, 2, 3, 1, 0, 1, 0, 3, 1, 0, 3, 3, 0, 3, 2, 2, 1, 0, 2, 2, 2, 0, 0, 3, 1, 3, 3, 0, 1, 0, 3, 3, 1, 3, 3, 0, 3, 3, 0, 1, 3, 3, 1, 0, 0, 3, 0, 0, 0, 1, 3, 3, 3, 3, 1, 1, 3, 1, 0, 1, 0, 0, 1, 0, 3, 0, 1, 1, 0, 1, 0, 0, 3, 3, 0, 1, 0, 1, 0, 2, 0, 3, 3, 0, 0, 3, 0, 0, 3, 1, 0, 2, 3], "predicted_labels": [0, 3, 2, 3, 0, 0, 3, 3, 0, 1, 2, 2, 2, 1, 1, 1, 0, 0, 3, 3, 3, 2, 2, 1, 3, 1, 2, 3, 0, 2, 0, 1, 1, 3, 3, 3, 0, 1, 1, 1, 1, 1, 2, 2, 0, 3, 1, 1, 1, 0, 1, 3, 3, 1, 0, 1, 0, 0, 3, 1, 3, 1, 0, 2, 1, 3, 1, 0, 2, 2, 0, 0, 3, 1, 1, 3, 3, 2, 0, 1, 0, 2, 0, 3, 1, 1, 0, 2, 0, 0, 1, 2, 3, 0, 1, 0, 0, 3, 3, 3, 1, 2, 3, 0, 3, 0, 0, 3, 1, 1, 3, 3, 0, 3, 0, 3, 1, 3, 3, 3, 3, 3, 0, 1, 0, 3, 1, 3, 0, 1, 2, 1, 0, 0, 0, 1, 3, 2, 2, 0, 2, 2], "confidence_scores": [[0.8655317711358256, 8.708687000761931e-09, 0.05109086457307708, 0.08337735558241034], [0.015826623395075064, 0.0017008742505941904, 9.260324909671654e-07, 0.9824715763218398], [0.06733383003927691, 0.14145879521606605, 0.49023399591794636, 0.3009733788267107], [0.04268862787971714, 0.002491674779168414, 0.024298366624029816, 0.9305213307170846], [0.9999738726552649, 3.9202908672053394e-07, 2.2662645618057975e-05, 3.0726700302080992e-06], [0.9770755187380428, 0.02025661011219406, 0.0026546343294514127, 1.3236820311865728e-05], [0.0022077263922652196, 7.361650553746478e-05, 0.00018262443222877544, 0.9975360326699686], [7.376144200572156e-07, 1.1639537964986951e-05, 0.0005796407758892077, 0.9994079820717259], [0.9999716956003765, 2.790436456300592e-05, 3.9394453415553365e-07, 6.090526547216888e-09], [0.09877383608075108, 0.5320438355911922, 6.388687425029417e-05, 0.3691184414538064], [3.079816822950232e-07, 2.371101104414078e-06, 0.9943966922562616, 0.005600628660951607], [0.02267932529695497, 7.501962460608282e-05, 0.9771047947224943, 0.00014086035594454402], [0.0012067209401191525, 0.32970856295601225, 0.4514176718990032, 0.21766704420486527], [0.27500856406006124, 0.6138616886411142, 8.249955424663588e-06, 0.11112149734339985], [0.05987232163684047, 0.9391078024226743, 0.00012060053297396297, 0.0008992754075112773], [6.16468292033918e-06, 0.9999400343908179, 1.8667916588956442e-11, 5.380090759390785e-05], [0.9996783366117675, 4.5280973900947734e-08, 0.0003212428703997961, 3.752368588194835e-07], [0.9988259257448684, 1.073176223714129e-05, 0.0008140027652206685, 0.0003493397276737975], [0.027840851313402935, 0.0004923521261499708, 0.0028832199733919875, 0.9687835765870552], [0.02087147657760715, 5.076026842307206e-05, 9.12373348445008e-06, 0.9790686394204853], [0.002075545641813174, 3.441752219385678e-06, 4.167091637931357e-06, 0.9979168455143296], [0.002305331896948108, 0.3654127049725232, 0.6322810214394028, 9.416911258791256e-07], [0.06798754821191841, 0.00162786006048965, 0.9302918747970603, 9.271693053162589e-05], [3.2891838266350135e-08, 0.9998122895724417, 1.7179852418242264e-06, 0.0001859595504782868], [7.387871777179204e-09, 0.00044111907366544025, 5.433947006275387e-06, 0.9995534395914565], [0.2843624719113573, 0.6842102036053654, 0.005425701929866276, 0.02600162255341108], [6.088398150370848e-07, 0.011319155025245104, 0.9377049805277459, 0.050975255607194056], [1.364394758304485e-07, 0.220782639569735, 0.0001664143547716347, 0.7790508096360176], [0.9651992100392901, 0.009633695984608547, 1.3588146750068023e-05, 0.02515350582935107], [4.757257855605259e-05, 2.2584116782154782e-08, 0.999952160188207, 2.446491201098775e-07], [0.8333024795888385, 0.10877526955170076, 0.02589813910131061, 0.03202411175815007], [0.03645930653473082, 0.9310824524574128, 0.01988248932912818, 0.012575751678727855], [0.0026918945231594084, 0.9972428045221768, 6.28581939498318e-05, 2.442760713705184e-06], [2.189054573514342e-06, 0.22364892153026922, 0.0015218369507571767, 0.7748270524644001], [0.012174122360256237, 0.46992977519396256, 0.004691074726542122, 0.5132050277192389], [0.08940641910821374, 0.0022878208773124123, 0.37394503318780525, 0.5343607268266686], [0.9992688311115885, 0.0007307949765050084, 1.2521646864814374e-07, 2.486954377936159e-07], [0.015522755907065814, 0.41450900451439326, 0.23184265683350977, 0.33812558274503113], [0.0026245476619153824, 0.9966990091203994, 0.0003066822880606858, 0.0003697609296245215], [1.2391703558196588e-05, 0.653535202278509, 0.34645224644076955, 1.595771633860351e-07], [0.03951721296617662, 0.9505736570392342, 1.123433400652648e-05, 0.009897895660582447], [0.005252355458971459, 0.4534169493594758, 0.3329333463203243, 0.20839734886122854], [0.00018557532000414514, 0.0006370928511239671, 0.6147409979522245, 0.38443633387664744], [0.002200478179946757, 0.0011077037980727327, 0.8608345165028811, 0.1358573015190994], [0.7107498039520141, 0.05016670262758595, 0.0011975070656953047, 0.23788598635470454], [0.07951957987061362, 0.27544504156858873, 9.898770921456149e-05, 0.6449363908515832], [0.2397202103486617, 0.4065341804033344, 0.34903831962026766, 0.004707289627736306], [0.20297829511382132, 0.7891792401650483, 0.006846133649344768, 0.0009963310717855819], [1.3233212541364667e-05, 0.9986313527938392, 0.0013377754112654842, 1.7638582354066797e-05], [0.9862323093493672, 3.094167143174727e-05, 0.00024453309056550937, 0.013492215888635417], [0.0007988621445584959, 0.990484522241122, 0.008613832322149592, 0.00010278329216990736], [0.00028784426201791083, 0.029228225933943093, 0.004008460879060865, 0.9664754689249783], [0.0016666632611917586, 3.146531786637166e-05, 2.1713101411978175e-06, 0.9982997001108007], [0.00022532862907483146, 0.6053722130823974, 9.16104553393405e-05, 0.39431084783318854], [0.9680041707895574, 0.02677707750684889, 0.002609761743887174, 0.0026089899597065173], [0.022726422039850532, 0.9772689821147695, 4.517007208967599e-06, 7.883817092640211e-08], [0.8044758135792831, 0.19531139148154822, 9.511587777810841e-07, 0.000211843780390963], [0.7762331745768836, 0.0010838195213314767, 0.006300053829737914, 0.21638295207204705], [2.4379559339792197e-05, 0.005988719062647079, 0.001715227492681017, 0.992271673885332], [0.0021491540678568763, 0.9959277493269296, 2.7533032181109904e-08, 0.001923069072181374], [0.00015793561998205414, 0.00026182491634920075, 0.042311123322412776, 0.9572691161412559], [5.879109896159343e-05, 0.9998070003628167, 8.917429850262757e-05, 4.503423971917803e-05], [0.9999878819637815, 3.1986121312275123e-07, 1.1083683171845777e-05, 7.144918333871741e-07], [0.05448507616103174, 7.213424861911497e-05, 0.9415257746157175, 0.003917014974631786], [0.03328940554240665, 0.9118241723683258, 0.05284823079101474, 0.0020381912982528477], [0.04436294405825506, 0.005586699139001593, 8.941776411217898e-05, 0.9499609390386312], [0.20085778048201564, 0.6670478670074891, 0.015801577499805097, 0.1162927750106902], [0.9992281497467645, 4.3048207871917945e-06, 3.2603287459257097e-07, 0.0007672193995736372], [1.7074088148685494e-05, 0.0004752327483261703, 0.9993068038115164, 0.00020088935200883034], [0.0020992732007532374, 0.048544181876371266, 0.9436860053411894, 0.0056705395816860765], [0.7163266776755047, 0.09377519928202233, 0.028125752353552885, 0.1617723706889199], [0.9437195620015522, 0.0001550354083138251, 0.020370173770443853, 0.03575522881969009], [0.00044275358796063064, 0.037665779793510164, 0.09540866469550606, 0.8664828019230232], [0.06699931642031848, 0.5884764016772353, 5.678524072231858e-06, 0.34451860337837403], [0.02641363363454132, 0.7871652350690685, 0.007311553978375837, 0.17910957731801427], [0.0038527300187401617, 0.31055357493350727, 0.0258021548107311, 0.6597915402370214], [2.047671947553254e-06, 0.1715364692757954, 9.92700838293661e-07, 0.8284604903514187], [0.0008893322365742315, 1.7887117815878998e-07, 0.7844466974262001, 0.21466379146604747], [0.9956845419022532, 0.004138138890698017, 0.00017710483139356665, 2.1437565528181242e-07], [4.070092558310628e-05, 0.998896682761439, 0.0010626160742536466, 2.387245797164162e-10], [0.8573197613137121, 0.07694485821629002, 0.06556549097996761, 0.00016988949003005765], [0.0003340506782546977, 1.671617057179363e-05, 0.9996492329134495, 2.37723910641549e-10], [0.9995509961405397, 3.967646836813123e-06, 9.717584389345609e-06, 0.00043531862823403204], [0.317899353092158, 0.001947920897227181, 0.005426741562026667, 0.6747259844485882], [0.4228820763382535, 0.5762759972189606, 0.00041180913622407186, 0.00043011730656180485], [0.0002724952454367118, 0.8253542537359534, 1.295776025652927e-05, 0.17436029325835348], [0.9999725039990991, 2.742464751838653e-05, 5.477077276700174e-09, 6.587630527729525e-08], [0.09926540122128014, 0.003294836475358586, 0.4891464125223013, 0.4082933497810601], [0.8423375131308761, 0.13486202806586192, 0.022711282424864133, 8.917637839775957e-05], [0.9988212495264894, 6.347504785474702e-07, 1.6647094425021172e-06, 0.0011764510135896292], [0.006851977966868503, 0.990344279477138, 2.8441771129465244e-08, 0.0028037141142225807], [8.633119744298338e-09, 0.07510778861022349, 0.7376752191378688, 0.18721698361878797], [0.02577084998922821, 0.002129600632531903, 7.952766452619904e-07, 0.9720987541015947], [0.5865233584126892, 0.38710283398903955, 0.0012439146092591159, 0.025129892989012085], [0.0011560704775104458, 0.9962015627066211, 0.00033059888662291634, 0.0023117679292454763], [0.9976430017940445, 1.1364936668844171e-06, 1.9732368184307722e-05, 0.0023361293441044382], [0.5666016289882626, 0.0018211466784944304, 0.43075461736113146, 0.0008226069721114059], [0.030330073391694926, 0.011689266330438345, 0.0012527298093819505, 0.9567279304684847], [0.0051106192477331554, 9.14946547665461e-07, 6.530654857513003e-07, 0.9948878127402334], [0.012370301010112541, 0.4227122547855322, 3.114125476919373e-08, 0.5649174130631005], [0.01827875643611959, 0.865095374403195, 0.00017299727480718242, 0.11645287188587822], [4.0551592335422816e-05, 0.0576970720769053, 0.8429251157301028, 0.09933726060065638], [4.149200174408576e-05, 0.018980483622925884, 9.441512797639429e-05, 0.9808836092473537], [0.9886215252628978, 0.0070837760593942985, 3.414344032633833e-08, 0.004294664534267607], [2.08319910457856e-05, 0.04726088519740741, 0.006560001385799727, 0.9461582814257471], [0.9856952822871712, 0.009894409167183676, 1.5735198470228463e-05, 0.0043945733471750965], [0.7883488384818089, 0.04800031337405456, 0.15165464147102334, 0.011996206673113114], [0.00011792784161325742, 0.006032432112123612, 5.12686174084966e-06, 0.9938445131845222], [0.0009272936619838783, 0.9990121585338284, 2.7625291400286343e-07, 6.0271551273800175e-05], [4.0025692364164077e-07, 0.9999963964088355, 1.9015285992367197e-07, 3.013181380917267e-06], [2.7730586860913635e-05, 1.2120124562029085e-09, 3.058162980298912e-07, 0.9999719623848285], [0.08753605764251136, 0.052908710819528436, 0.1476927164852157, 0.7118625150527444], [0.8432859793456879, 0.07907105632837114, 0.049966801856818024, 0.027676162469123043], [0.2592885851772135, 0.0004009246538173293, 6.983990825648171e-07, 0.7403097917698865], [0.5737361751599825, 0.033238900648115605, 4.4296633465074204e-10, 0.3930249237489356], [3.5292361281886107e-06, 3.407017226291132e-05, 0.0029311955708029103, 0.997031205020806], [0.07140455021771651, 0.7066906627196371, 4.343549726898858e-07, 0.22190435270767378], [0.0026770715544484733, 0.00020542726600030858, 0.012305676176212196, 0.984811825003339], [8.295804752773693e-05, 0.0001170210948027265, 9.091426414489405e-06, 0.999790929431255], [4.294883547088834e-06, 4.890554020443875e-05, 3.582661654795548e-07, 0.999946441310083], [0.02530406521450058, 0.002919278529247648, 6.30779357787696e-09, 0.9717766499484582], [0.004240607106037238, 0.0037859169825104127, 1.3265995395102633e-06, 0.9919721493119129], [0.9818953019731751, 0.0009069890370687851, 0.01642850411744828, 0.0007692048723079351], [0.00012102786522923744, 0.9966548252533739, 3.111417477378477e-07, 0.003223835739649039], [0.9942465859456967, 0.000802260475833704, 0.0011040875136130873, 0.0038470660648566], [0.0011265146393620276, 0.17571911799088816, 0.08945708654342308, 0.7336972808263267], [0.00033017756945419687, 0.9996583746608843, 1.1255219980410557e-05, 1.925496811270281e-07], [0.08157799787971992, 0.009943717273466235, 0.024728307336129022, 0.8837499775106847], [0.8557494264661422, 0.14113065012470663, 0.0022493538292783204, 0.000870569579872849], [0.00038163614253846446, 0.9995833986498112, 2.142199179298814e-06, 3.282300847119953e-05], [0.2665910935352622, 0.0626216755147223, 0.4291629746877491, 0.24162425626226647], [0.0002923308757833406, 0.9992472049940476, 0.00032006357555963385, 0.00014040055460949383], [0.6671448769739715, 0.3171122719556367, 0.015338262513454522, 0.00040458855693737274], [0.9991701627069703, 0.00036119736123428934, 0.0003014176369890311, 0.00016722229480645802], [0.9945239498915704, 5.179745065057925e-06, 5.731866307837442e-07, 0.005470297176733486], [4.561549825420115e-07, 0.9709181258897578, 0.028701603198123864, 0.0003798147571358764], [0.10176548769868435, 0.19206057959950046, 0.00031678528127732444, 0.705857147420538], [1.9307080487216343e-07, 0.007429607726490676, 0.7108927274605449, 0.2816774717421595], [0.0012586958209044959, 0.055824760205335736, 0.6210063296118283, 0.32191021436193146], [0.9634621392322487, 0.03648947906225211, 1.9314753618239077e-05, 2.906695188097212e-05], [2.994640827269948e-07, 0.10711905305677652, 0.8927135399292261, 0.00016710754991459072], [7.654727376348402e-06, 9.221929869795449e-05, 0.9996861043083425, 0.00021402166558329744]]}}