{"test": {"ids": ["105116860", "97116410", "105116090", "99108010", "107114200", "112116640", "102110750", "108114200", "97106820", "101108500", "112121430", "97106770", "110115710", "110117140", "113118111", "110117200", "108114180", "102114270", "103113640", "103120290", "101109000", "105113210", "110118880", "103113610", "104117200", "101108621", "111120640", "111116990", "108115250", "109114720", "113117401", "99111340", "113121980", "102112301", "100108580", "107117010", "111117000", "110114651", "101108370", "109119010", "99120010", "103111540", "108119330", "105111990", "103110220", "109113881", "112118530", "106121220", "106116370", "101108121", "112116501", "104118070", "98120010", "109120560", "112116610", "111119580", "113120640", "107118520", "106116120", "103120531", "111121220", "112116850", "97118210", "105113170", "113120540", "110120560", "100107920", "100108990", "110115140", "108121351", "103109021", "112120670", "106116850", "113121410", "109114270", "108118060", "97107260", "105115570", "109114220", "108116070", "107121230", "102113210", "113120780", "101121640", "98106111", "113121810", "113117630", "104112201", "99107660", "104113170", "105118740", "105119550", "99107630", "107114140", "105113260", "113122230", "112116290", "109118820", "98110680", "104114740", "109119460", "113122220", "105110091", "111115770", "113118231", "102110240", "99113260", "111120190", "108120260", "101112201", "99109141", "106117790", "100109000", "111116640", "97106591", "112120290", "112117471", "98116940", "97107821", "102107961", "109118161", "105116980", "113118630", "111115400", "100113370", "110116300", "108120700", "110118701", "111118820", "113120260", "108116501", "113118870", "100120010", "108114220", "106116441", "112119950", "99112531", "111116090", "97113260", "108118291", "112119930", "113118490"], "labels": [2, 3, 1, 2, 2, 0, 1, 0, 1, 3, 2, 3, 2, 3, 1, 3, 1, 3, 1, 2, 1, 3, 0, 2, 3, 0, 0, 0, 1, 0, 3, 1, 2, 1, 0, 1, 0, 3, 1, 3, 2, 1, 0, 2, 2, 0, 1, 1, 2, 0, 3, 2, 2, 1, 1, 3, 0, 2, 1, 3, 3, 0, 2, 0, 3, 0, 0, 2, 0, 3, 0, 2, 3, 0, 3, 1, 2, 0, 3, 1, 0, 3, 0, 2, 0, 2, 0, 0, 3, 3, 1, 1, 2, 2, 3, 1, 0, 3, 2, 2, 1, 1, 0, 3, 3, 3, 0, 3, 1, 0, 3, 1, 1, 0, 1, 1, 3, 2, 2, 3, 0, 0, 3, 0, 3, 3, 2, 3, 0, 3, 0, 0, 0, 3, 0, 0, 3, 3, 1, 3, 1, 1], "predicted_labels": [1, 3, 3, 1, 0, 1, 1, 0, 3, 1, 3, 2, 1, 1, 3, 1, 3, 1, 0, 2, 2, 3, 3, 2, 3, 1, 1, 0, 2, 1, 3, 1, 1, 1, 2, 3, 3, 3, 0, 3, 2, 3, 0, 3, 3, 1, 1, 0, 3, 3, 3, 2, 0, 2, 0, 0, 0, 1, 1, 1, 3, 3, 2, 3, 0, 3, 3, 1, 3, 3, 3, 2, 1, 3, 3, 0, 2, 1, 0, 1, 3, 3, 0, 3, 1, 2, 1, 0, 2, 1, 3, 0, 3, 1, 3, 1, 0, 3, 2, 3, 1, 1, 1, 3, 0, 0, 1, 1, 0, 1, 1, 1, 3, 1, 1, 2, 1, 1, 3, 1, 1, 0, 3, 0, 1, 1, 1, 2, 0, 2, 1, 1, 1, 1, 1, 0, 3, 3, 2, 0, 1, 0], "confidence_scores": [[0.12569905638910414, 0.6991096496980127, 0.05913902172883386, 0.11605227218404926], [0.08478640969911164, 0.1808884016321367, 0.3144657945665978, 0.4198593941021536], [0.2329989520021422, 0.21437635432942134, 0.11188200356406286, 0.44074269010437356], [0.026805614763132493, 0.5670887408683468, 0.23322078364672386, 0.17288486072179707], [0.5364539693302276, 0.16752271053077214, 0.007906368300030026, 0.2881169518389701], [0.28976367382296203, 0.288015726343925, 0.07860300936481728, 0.3436175904682955], [0.022520714006066644, 0.7088813900716581, 0.25736170614942494, 0.01123618977285021], [0.497357430584349, 0.2123584230162427, 0.10976990803890037, 0.1805142383605079], [0.36291399194168006, 0.05668332884050798, 0.1269298135838918, 0.45347286563392003], [0.07834192325251178, 0.4272483533123828, 0.15406000900167127, 0.3403497144334343], [0.47403134656385576, 0.14701130469522952, 0.027097852029840778, 0.3518594967110738], [0.19690759728531262, 0.11590903352629663, 0.5960822086690742, 0.09110116051931674], [0.11177139042814786, 0.480352097463874, 0.16518081473345506, 0.24269569737452346], [0.10850653919950132, 0.436285425645, 0.11544299614943652, 0.3397650390060621], [0.12447232419953266, 0.1562646007888657, 0.04222093320070768, 0.677042141810894], [0.21642241477533644, 0.37157559604449847, 0.0739118415254106, 0.33809014765475465], [0.027390341630201806, 0.07172371293932783, 0.01824538087257588, 0.8826405645578943], [0.12292499403667, 0.6425306547770033, 0.023520721142680875, 0.21102363004364585], [0.5253568899446335, 0.06765242387118832, 0.05556586445052359, 0.35142482173365475], [0.030357638149519264, 0.03886920258636104, 0.9168053831441699, 0.01396777611994958], [0.033262583922563205, 0.10827416782267636, 0.473828653870041, 0.38463459438471964], [0.08718098572521943, 0.11747960565001055, 0.006017681287311422, 0.7893217273374583], [0.2874548245783347, 0.15508102044018288, 0.04391812487778484, 0.5135460301036975], [0.21043304410007932, 0.23815864803087078, 0.4570609336856396, 0.09434737418341038], [0.22981494543326397, 0.14807396798470376, 0.0432554509208221, 0.5788556356612099], [0.09017014916116099, 0.3994199194879667, 0.038039630915763754, 0.4723703004351083], [0.25414997418039725, 0.6112904268321139, 0.04148760233858434, 0.0930719966489051], [0.5866779373896022, 0.060695378475437635, 0.039981090379328996, 0.3126455937556314], [0.0773086326230017, 0.3434280740016885, 0.43485463704179633, 0.1444086563335135], [0.0234565552954641, 0.4123818260107753, 0.34105162716454335, 0.22310999152921693], [0.14481186133076884, 0.33643250195689184, 0.09245583973719644, 0.42629979697514286], [0.023158829947889238, 0.4131843322391738, 0.3233277999089996, 0.24032903790393687], [0.014825602072148173, 0.6184142984883241, 0.05759972039922436, 0.3091603790403036], [0.20408276529278838, 0.32410931244952607, 0.2588355537006615, 0.21297236855702367], [0.12029201138144331, 0.05928894773362803, 0.75373822572771, 0.06668081515721885], [0.03627949402178796, 0.21029571310788617, 0.23967550371937751, 0.5137492891509486], [0.21738873426937294, 0.20698612092153562, 0.0643517092470474, 0.5112734355620443], [0.042637420664400225, 0.37710654616297473, 0.024387673004933996, 0.5558683601676913], [0.908782129832131, 0.017930457287018402, 0.024649977552304195, 0.04863743532854667], [0.03870463558736917, 0.17599035162861598, 0.27896195766030724, 0.5063430551237076], [0.04790627072753998, 0.13934799085385005, 0.7479518602359366, 0.0647938781826732], [0.09621222911262733, 0.27746829969798387, 0.15815179591881703, 0.46816767527057185], [0.6801993588891031, 0.21160221429000625, 0.05341699103649613, 0.0547814357843946], [0.24717883297165688, 0.17555487225071437, 0.030968219200296562, 0.5462980755773323], [0.056730747986612234, 0.22476881509053687, 0.2833162449762412, 0.43518419194660957], [0.09642893965073909, 0.5072772212637621, 0.06158391006064325, 0.33470992902485597], [0.02947667156674092, 0.45316238052223196, 0.45097204095215926, 0.06638890695886791], [0.5052496544698587, 0.1565193506592486, 0.04214079047293431, 0.29609020439795836], [0.3855668860796726, 0.06130076601671299, 0.1260784147620395, 0.427053933141575], [0.13360027152136603, 0.2984659180380836, 0.09568382671870644, 0.4722499837218437], [0.04688941933797493, 0.06922780560401201, 0.021006699406430154, 0.862876075651583], [0.04498867204285388, 0.16173675068334156, 0.655522241052787, 0.1377523362210175], [0.268864559059965, 0.14192854225621523, 0.34461115121035607, 0.2445957474734637], [0.010701849094479125, 0.18220082153381364, 0.6609377766067875, 0.1461595527649195], [0.3950095242924751, 0.2596636362220468, 0.14213305779453184, 0.20319378169094632], [0.765011069242376, 0.047507916649906404, 0.09215933854667435, 0.09532167556104341], [0.4729305150617518, 0.25282382267250664, 0.0704232047867599, 0.20382245747898176], [0.19344158563933175, 0.526620333799388, 0.049385605785947896, 0.23055247477533217], [0.1311015902133601, 0.4713810317816116, 0.052647137394893816, 0.3448702406101345], [0.13236006855918517, 0.6358199323198835, 0.08269760660272953, 0.1491223925182021], [0.3701119368759375, 0.1361039392063815, 0.007609890619145721, 0.4861742332985354], [0.1583501061729468, 0.11731882021089267, 0.05283209414460415, 0.6714989794715562], [0.16492544826583688, 0.13277528569035732, 0.43992949971943046, 0.2623697663243755], [0.07298207856117087, 0.061858638149443736, 0.023664908403072775, 0.841494374886313], [0.9667676491515199, 0.008719380014986605, 0.007520564241697748, 0.016992406591795437], [0.21248396906323433, 0.09112661981098955, 0.36618991236924225, 0.3301994987565339], [0.13358889013169548, 0.19850736255358864, 0.030012308802226786, 0.6378914385124893], [0.0492304495225702, 0.47311964945838697, 0.16219245454854953, 0.3154574464704932], [0.16944733380683363, 0.15653048404702866, 0.11473593855643358, 0.5592862435897041], [0.0651414685321735, 0.1882886536631473, 0.028792704751674298, 0.7177771730530046], [0.1447343828145663, 0.08391791872666116, 0.022220400810190617, 0.7491272976485821], [0.02033090177117935, 0.14660983416259352, 0.8065969516855497, 0.026462312380677543], [0.2484917257225758, 0.37815710638999467, 0.15973793359255722, 0.21361323429487258], [0.03489837173086471, 0.03306317559695548, 0.0017992412324461299, 0.9302392114397338], [0.20779852650292643, 0.21090107207695657, 0.18172069547492922, 0.399579705945188], [0.4321938089183918, 0.3082967296496234, 0.04000025009812086, 0.21950921133386392], [0.0029189240254796694, 0.00746170119518066, 0.8441434139255081, 0.14547596085383152], [0.21914127748813628, 0.43211918471643085, 0.15029386091561245, 0.1984456768798201], [0.35429515345876017, 0.28129449876167395, 0.2099483917809619, 0.1544619559986036], [0.08233765923525342, 0.5603398584883807, 0.27622859687831763, 0.08109388539804813], [0.035642834691118064, 0.19287911032789282, 0.025973545598930347, 0.745504509382059], [0.18578349639449096, 0.1290112690094978, 0.14730994888043686, 0.5378952857155742], [0.4089875997210915, 0.19520667111853046, 0.08151560318676691, 0.31429012597361117], [0.022081992986737697, 0.18335960788878927, 0.18074736807395778, 0.613811031050515], [0.07220313252126666, 0.39106734001337534, 0.39334877596914625, 0.14338075149621157], [0.031863379460391576, 0.2847417952322276, 0.6700402928208636, 0.01335453248651738], [0.0732929101171536, 0.6284202824859734, 0.0939563048855074, 0.2043305025113658], [0.4764067647737264, 0.15829659123380485, 0.10443260048348543, 0.2608640435089832], [0.2102572865594081, 0.17145513609710564, 0.3950656450068281, 0.2232219323366583], [0.020874330382142255, 0.5109617131970678, 0.10465344965373269, 0.36351050676705726], [0.12957292802108297, 0.22953671312541724, 0.07111676465915732, 0.5697735941943423], [0.4110254481510541, 0.2474313330367305, 0.014600245757962366, 0.3269429730542533], [0.21418405448576894, 0.025679623149860994, 0.23785901545647162, 0.5222773069078983], [0.0480323973289872, 0.8570602638163609, 0.027472908578301182, 0.06743443027635085], [0.2499663047489309, 0.2104919070723077, 0.0600108424336352, 0.4795309457451262], [0.12897794071503513, 0.4440938256292852, 0.1634224158671876, 0.263505817788492], [0.38394605202455984, 0.3381386361141308, 0.037515199100601956, 0.24040011276070727], [0.17026357422488872, 0.29653253343421043, 0.23652358727091102, 0.2966803050699899], [0.03554664857193851, 0.1147979307348393, 0.8169048128763561, 0.032750607816866104], [0.17016534749841036, 0.2458944459426369, 0.09985671204251069, 0.48408349451644195], [0.23415932939976347, 0.45659869215600024, 0.05527413903610036, 0.25396783940813594], [0.07087710658832261, 0.49040095017422214, 0.0636934292335035, 0.375028514003952], [0.06439745392033885, 0.6027550546913747, 0.15772190335859312, 0.175125588029693], [0.12955834325997334, 0.20212723046909636, 0.06974432851191889, 0.5985700977590116], [0.2774392866387036, 0.3533905267093106, 0.03932803314884327, 0.32984215350314255], [0.2585231294705889, 0.24008948134249866, 0.3223650232588057, 0.1790223659281065], [0.2696942404378638, 0.3569715189903312, 0.2899142199981895, 0.08342002057361565], [0.0656899561347907, 0.45957544257716804, 0.04517316796348109, 0.42956143332456026], [0.46871780076605163, 0.15921229765456607, 0.07771667543711949, 0.29435322614226295], [0.1345331381271108, 0.49178241795370875, 0.08217387955131877, 0.29151056436786177], [0.3072245487050521, 0.5354674724155948, 0.04412724955374667, 0.11318072932560613], [0.1089206901928061, 0.3909265500462485, 0.4071900893240927, 0.09296267043685288], [0.28231716682876973, 0.13839316127131515, 0.23273405150594573, 0.3465556203939695], [0.1808154266283162, 0.4324448758893777, 0.22412855397611148, 0.16261114350619474], [0.043953963252025025, 0.4970717889603806, 0.3070513131465231, 0.15192293464107087], [0.04990329457540226, 0.025798958549311878, 0.9124877958181516, 0.01180995105713416], [0.1355110102329888, 0.6308233954428638, 0.017731084659733064, 0.21593450966441438], [0.1449519365656103, 0.5520558812937887, 0.11194844612080142, 0.19104373601979943], [0.15197507769132135, 0.1382918174035467, 0.12438065685985085, 0.585352448045281], [0.27503152835332045, 0.38239031429683396, 0.163227771269626, 0.17935038608021972], [0.28914705102773564, 0.5820289234076372, 0.03855497214948625, 0.0902690534151409], [0.512123666633323, 0.055182378787641165, 0.04836945178483197, 0.384324502794204], [0.17537260804994217, 0.1413332456043881, 0.09940292372513035, 0.5838912226205393], [0.515675972531161, 0.18677123877982174, 0.244592256844792, 0.052960531844225625], [0.07916548438819541, 0.2817634073923161, 0.25047926196267944, 0.3885918462568095], [0.17343857304573593, 0.6215066369632327, 0.11741266362511124, 0.08764212636592034], [0.15341471997985268, 0.3542223926860935, 0.1388284089144525, 0.3535344784196018], [0.10065801334887822, 0.21290274228679656, 0.4027192785931827, 0.2837199657711423], [0.6582654535754049, 0.0898587974225109, 0.019546861410511887, 0.2323288875915724], [0.17438590520122216, 0.23056099696351842, 0.40457679050155254, 0.1904763073337069], [0.2261250432711625, 0.4102739702690347, 0.04996146834907585, 0.31363951811072693], [0.3075236736471446, 0.45968920780075884, 0.016926010428372343, 0.2158611081237247], [0.019118661412879778, 0.6596969821498025, 0.2502176202838333, 0.07096673615348456], [0.0639817058604796, 0.4531785889438407, 0.4215773384374202, 0.06126236675825912], [0.10108920053455682, 0.8288656218733507, 0.01286525523691451, 0.05717992235517833], [0.6891216027318829, 0.09638544723058645, 0.01961975205271069, 0.19487319798482008], [0.26149784199659976, 0.2895714774118261, 0.06504984448420814, 0.38388083610736584], [0.339312155572341, 0.17661101771420282, 0.11583570126128782, 0.36824112545216786], [0.04271715921919551, 0.07283185830380264, 0.5347543292703366, 0.34969665320666543], [0.6327220769167108, 0.06156756918710283, 0.024545151325340027, 0.28116520257084643], [0.09997918899929749, 0.5205222384740941, 0.10340752341653724, 0.27609104911007143], [0.7349032251686053, 0.08233889995070438, 0.038356711536729524, 0.14440116334396055]]}, "rewritten": {"ids": ["97106591", "97106770", "97106820", "97107260", "97107821", "97113260", "97116410", "97118210", "98106111", "98110680", "98116940", "98120010", "99107630", "99107660", "99108010", "99109141", "99111340", "99112531", "99113260", "99120010", "100107920", "100108580", "100108990", "100109000", "100113370", "100120010", "101108121", "101108370", "101108500", "101108621", "101109000", "101112201", "101121640", "102107961", "102110240", "102110750", "102112301", "102113210", "102114270", "103109021", "103110220", "103111540", "103113610", "103113640", "103120290", "103120531", "104112201", "104113170", "104114740", "104117200", "104118070", "105110091", "105111990", "105113170", "105113210", "105113260", "105115570", "105116090", "105116860", "105116980", "105118740", "105119550", "106116120", "106116370", "106116441", "106116850", "106117790", "106121220", "107114140", "107114200", "107117010", "107118520", "107121230", "108114180", "108114200", "108114220", "108115250", "108116070", "108116501", "108118060", "108118291", "108119330", "108120260", "108120700", "108121351", "109113881", "109114220", "109114270", "109114720", "109118161", "109118820", "109119010", "109119460", "109120560", "110114651", "110115140", "110115710", "110116300", "110117140", "110117200", "110118701", "110118880", "110120560", "111115400", "111115770", "111116090", "111116640", "111116990", "111117000", "111118820", "111119580", "111120190", "111120640", "111121220", "112116290", "112116501", "112116610", "112116640", "112116850", "112117471", "112118530", "112119930", "112119950", "112120290", "112120670", "112121430", "113117401", "113117630", "113118111", "113118231", "113118490", "113118630", "113118870", "113120260", "113120540", "113120640", "113120780", "113121410", "113121810", "113121980", "113122220", "113122230"], "labels": [1, 3, 1, 2, 2, 1, 3, 2, 0, 2, 2, 2, 2, 3, 2, 3, 1, 3, 0, 2, 0, 0, 2, 1, 3, 0, 0, 1, 3, 0, 1, 0, 2, 3, 3, 1, 1, 3, 3, 0, 2, 1, 2, 1, 2, 3, 0, 3, 2, 3, 2, 0, 2, 0, 3, 3, 0, 1, 2, 0, 1, 1, 1, 2, 0, 3, 1, 1, 2, 2, 1, 2, 0, 1, 0, 3, 1, 1, 0, 1, 3, 0, 1, 2, 3, 0, 3, 3, 0, 0, 3, 3, 1, 1, 3, 0, 2, 3, 3, 3, 3, 0, 0, 0, 3, 3, 0, 0, 0, 0, 3, 3, 0, 3, 0, 3, 1, 0, 0, 3, 1, 1, 0, 1, 2, 2, 3, 0, 1, 3, 1, 3, 0, 3, 3, 0, 0, 0, 2, 2, 1, 1], "predicted_labels": [1, 2, 0, 2, 3, 2, 3, 3, 1, 2, 1, 0, 3, 0, 1, 1, 2, 3, 1, 2, 3, 2, 1, 0, 1, 1, 3, 0, 1, 1, 3, 1, 3, 1, 0, 1, 1, 3, 1, 3, 3, 1, 2, 0, 2, 1, 0, 1, 3, 3, 2, 1, 3, 3, 3, 3, 1, 3, 1, 0, 3, 1, 1, 3, 1, 1, 1, 0, 1, 3, 1, 1, 3, 3, 0, 2, 2, 1, 1, 0, 0, 0, 3, 3, 3, 1, 0, 3, 1, 1, 1, 3, 1, 2, 3, 3, 1, 1, 3, 1, 2, 3, 3, 0, 1, 3, 1, 0, 3, 0, 0, 1, 1, 3, 0, 3, 1, 3, 3, 1, 2, 1, 0, 2, 2, 0, 3, 1, 3, 1, 0, 3, 1, 1, 0, 0, 0, 3, 2, 1, 1, 1], "confidence_scores": [[0.16548003563661784, 0.5150218112314036, 0.06614074768771443, 0.2533574054442646], [0.26924541189478696, 0.12948034808145284, 0.5029852237142277, 0.09828901630953236], [0.4867657245818673, 0.052136887110080285, 0.06057646773982861, 0.4005209205682239], [0.004969002748384768, 0.008617764049048803, 0.8639482659756014, 0.12246496722696519], [0.14634644479092235, 0.17524871930525326, 0.15990755030794782, 0.5184972855958764], [0.06413254743821341, 0.06563882216634917, 0.524198257581082, 0.3460303728143553], [0.09462939940640175, 0.17048478546095827, 0.26165732246230283, 0.47322849267033684], [0.15026728312338744, 0.10860269969326306, 0.3925223884502555, 0.3486076287330939], [0.15604958416436793, 0.3878514892666288, 0.19353330308720873, 0.2625656234817945], [0.027223772424282526, 0.14317961249002265, 0.7923172898637859, 0.037279325221909104], [0.15860688524518973, 0.515725630653048, 0.09107632963251151, 0.2345911544692508], [0.38165189861999915, 0.13502731296515855, 0.27982178941653657, 0.2034989989983056], [0.1473107364341415, 0.0492464900140526, 0.27745942286840286, 0.5259833506834031], [0.6429158917871423, 0.08675238953474768, 0.054079637341995244, 0.2162520813361152], [0.07207531373653149, 0.4738074027744933, 0.10890859850263189, 0.3452086849863434], [0.38383878761421975, 0.43632910076178705, 0.03493489094468952, 0.1448972206793035], [0.01737388119137372, 0.2812888468866005, 0.5648885112976583, 0.13644876062436767], [0.2785659641847977, 0.2904555074331267, 0.03128232652660021, 0.3996962018554752], [0.26904986735917824, 0.39043453575897236, 0.26179380365074884, 0.0787217932311005], [0.045287771039951914, 0.14255179954492256, 0.7521184838074554, 0.06004194560767055], [0.13297588536780708, 0.20308607990562108, 0.0190690720111515, 0.64486896271542], [0.08189269087062524, 0.106114434771519, 0.7191288076274772, 0.09286406673037878], [0.06598238573069747, 0.37974787564931783, 0.16413339020996082, 0.3901363484100236], [0.3188362659628361, 0.2832911733692432, 0.11799324710535555, 0.27987931356256507], [0.06830513218584514, 0.2764199434785223, 0.3862219060721104, 0.2690530182635224], [0.016831991171208923, 0.6198387487704049, 0.2600216974857814, 0.10330756257260465], [0.2907095564598987, 0.23466671817271637, 0.10961676824549813, 0.36500695712188685], [0.9329749591133826, 0.016910940202249914, 0.02374534501543106, 0.026368755668936497], [0.08125504268599437, 0.43610869112478745, 0.18686256235007107, 0.29577370383914686], [0.07220969635921969, 0.40268426721406064, 0.044097450240510434, 0.48100858618620906], [0.05800979845870759, 0.09235463492696232, 0.42071829531295457, 0.4289172713013755], [0.14083891097794843, 0.47930067794776193, 0.03845362638828902, 0.34140678468600066], [0.026551418420028536, 0.21977454276540534, 0.17255615760256315, 0.5811178812120027], [0.1906781348856647, 0.37233875699620744, 0.14370591681314082, 0.29327719130498714], [0.3149421006873738, 0.23871884065136673, 0.20587430246674895, 0.24046475619451035], [0.031054371797777734, 0.7839822619348583, 0.17407830060154145, 0.010885065665822674], [0.194152608408988, 0.29611734511908294, 0.2735266426545584, 0.23620340381737065], [0.11105749208518406, 0.1853166027217892, 0.13877530720005612, 0.5648505979929708], [0.14306987267979157, 0.6378106484618513, 0.02214602566104328, 0.1969734531973139], [0.18736718723256923, 0.11300676782792096, 0.03193461126870267, 0.6676914336708072], [0.06592732054089638, 0.1911794445645954, 0.19525378988375286, 0.5476394450107555], [0.11128375607454467, 0.3659940140460321, 0.17243940590017665, 0.35028282397924676], [0.1471030069582468, 0.29215369654207585, 0.44758702801441996, 0.11315626848525792], [0.5817782882420556, 0.06781093866370344, 0.03325279100435812, 0.317157982089883], [0.018205296641365793, 0.03383286280814093, 0.9386153106601736, 0.009346529890319638], [0.12192556026237257, 0.6154277032795331, 0.09492904756817783, 0.16771768888991656], [0.5343882009461974, 0.125038405616133, 0.12567593279971923, 0.21489746063795045], [0.041704117451861984, 0.4493998170470945, 0.11146558673427334, 0.3974304787667702], [0.1760880899345845, 0.2150726205973761, 0.10274385758355645, 0.5060954318844827], [0.20594142711860736, 0.14208388921991819, 0.0640772533597622, 0.5878974303017124], [0.07261916005540366, 0.18567695074589222, 0.5759361850021083, 0.16576770419659606], [0.0580682451104398, 0.5879030277358703, 0.2128622743364375, 0.14116645281725237], [0.234479682584977, 0.18118732867067214, 0.024112372836873827, 0.5602206159074772], [0.05386537105098779, 0.05580372183822994, 0.018951712091017838, 0.8713791950197645], [0.1264966236422339, 0.17006285075724473, 0.00951177286185466, 0.6939287527386667], [0.17145433555776457, 0.14106036013770193, 0.03136529182794369, 0.6561200124765895], [0.10619599035011493, 0.47103021766610875, 0.20819061148140214, 0.21458318050237443], [0.26122237695768596, 0.23709603851784447, 0.09529589437877012, 0.40638569014569925], [0.17493887230641786, 0.585022460240937, 0.05730032364955507, 0.18273834380308987], [0.6000049852757204, 0.033311702283525015, 0.015527273744205526, 0.3511560386965489], [0.14949518738016546, 0.116730744116686, 0.05658053476223909, 0.6771935337409098], [0.26765085878973843, 0.3829158258825148, 0.03021440203248144, 0.319218913295265], [0.15460603836810946, 0.39664373946870474, 0.04944186592996301, 0.39930835623322264], [0.32579499367055353, 0.04164122249348205, 0.12624138119088404, 0.5063224026450805], [0.19443227342556818, 0.719871104191297, 0.02680726888615018, 0.058889353496985146], [0.21831711999924402, 0.3810563084414367, 0.16635944537056913, 0.2342671261887501], [0.09809545968195374, 0.41116793580032474, 0.35821978851022956, 0.13251681600749182], [0.39677417811766047, 0.23110077279320432, 0.06167284851199074, 0.31045220057714445], [0.06002067863469239, 0.8371700832871515, 0.03768340789184934, 0.06512583018630687], [0.38813129934410356, 0.15029181306534642, 0.011083650936201048, 0.4504932366543491], [0.06530948203792572, 0.3674375169606681, 0.21668082213569687, 0.3505721788657094], [0.26551915019504735, 0.516055162176683, 0.03912452921535427, 0.1793011584129154], [0.0327001321888587, 0.12208441306529509, 0.02286864567525124, 0.8223468090705948], [0.04933189944369717, 0.07596043286219975, 0.01665188226556256, 0.8580557854285404], [0.5724499664300726, 0.18627702239929306, 0.1065254648999559, 0.13474754627067873], [0.12997355876424874, 0.3178970709631655, 0.5226679026375514, 0.029461467635034246], [0.10661123878405987, 0.3064947134819974, 0.4381607335495043, 0.14873331418443814], [0.08205268977050692, 0.6066292871663526, 0.19413295007093898, 0.1171850729922015], [0.2793697018891726, 0.41694292266843314, 0.04518677141353826, 0.2585006040288563], [0.3883349632579675, 0.312195177515047, 0.06716110883793351, 0.23230875038905213], [0.6539825972396753, 0.08779849521427822, 0.03173234800808477, 0.22648655953796157], [0.7880982262527406, 0.11980717120188084, 0.02956124119222394, 0.06253336135315452], [0.30679921637460195, 0.20250347704469943, 0.07752586922269687, 0.4131714373580016], [0.20373828569131122, 0.30302438409096966, 0.13850094940727606, 0.3547363808104429], [0.14484573447505708, 0.24280735492190478, 0.017697110014073297, 0.5946498005889648], [0.08425213808193081, 0.5570785798985428, 0.060118288601269415, 0.29855099341825686], [0.3780788917273216, 0.21685999338461417, 0.18152885220597867, 0.22353226268208554], [0.2790691001658504, 0.06548788983453963, 0.1342492971878322, 0.5211937128117775], [0.04079020766924105, 0.3905885771127233, 0.29577457914628724, 0.2728466360717486], [0.44461589726490264, 0.4122711717669125, 0.030317914118651246, 0.11279501684953348], [0.17851179870232978, 0.3281900250458258, 0.2018612680874756, 0.2914369081643689], [0.03561750197573305, 0.15079339306063771, 0.272666943771501, 0.5409221611921282], [0.22989305747810485, 0.4762562730766838, 0.04472948430909362, 0.24912118513611742], [0.029894420729304993, 0.3042196898808596, 0.47166750199579427, 0.19421838739404135], [0.05551045453991596, 0.3405720459030063, 0.028323610965155545, 0.5755938885919218], [0.10828346134184678, 0.17844998523205935, 0.20726847331503112, 0.5059980801110631], [0.12512444708502654, 0.46772688000686075, 0.18922600456684674, 0.21792266834126572], [0.13150191911800815, 0.6751111707386007, 0.10328245316235538, 0.09010445698103584], [0.11180681816846841, 0.3184076353474677, 0.08843814671856019, 0.48134739976550334], [0.19628704272072672, 0.3866811201501581, 0.11166449122546207, 0.3053673459036528], [0.03377725180839268, 0.20538815184519799, 0.6375707175776759, 0.12326387876873308], [0.14284161104621562, 0.2207899393001201, 0.039536261236743905, 0.59683218841692], [0.08826281033579603, 0.12586857210700156, 0.32983752537206923, 0.4560310921851332], [0.3844030900462572, 0.26720262051142085, 0.2801187520497283, 0.06827553739259337], [0.24633016304402364, 0.2795588906716243, 0.0992009952120631, 0.37490995107228886], [0.31880693392871395, 0.1820678029776441, 0.0670939475919061, 0.4320313155017356], [0.10643762878871116, 0.3843761704962514, 0.3385184860332539, 0.17066771468178366], [0.5039495261859672, 0.11445258572498354, 0.030808243167393976, 0.3507896449216554], [0.19764635203685788, 0.3277099421106834, 0.051129183989756494, 0.42351452186270244], [0.6633046350045432, 0.08630042531743444, 0.014693621478665956, 0.2357013181993565], [0.7016400292091132, 0.07632945499558692, 0.059157393989399065, 0.16287312180590138], [0.08890010256676188, 0.40132022743116047, 0.03436090313306962, 0.47541876686900797], [0.26480361732116486, 0.5658278130902523, 0.056318266183720433, 0.11305030340486225], [0.3081714546191569, 0.0909152787516951, 0.004091710421139135, 0.5968215562080087], [0.474669109092935, 0.29703062259707075, 0.02967466467980381, 0.1986256036301903], [0.05316507921910974, 0.10345855254116566, 0.03637154228822257, 0.8070048259515024], [0.2772293011536308, 0.28761793746910547, 0.18456967067267432, 0.25058309070458923], [0.292725240454269, 0.22037042224418493, 0.0796467939938961, 0.40725754330765], [0.17646870887975413, 0.18715962284599427, 0.07008440116027245, 0.566287267113979], [0.22041902799780344, 0.33332387165365596, 0.028178064323648104, 0.4180790360248922], [0.038799807606532594, 0.36402260866546293, 0.5162309205980625, 0.08094666312994198], [0.08343892795624787, 0.6140807393258816, 0.08022720972550189, 0.2222531229923684], [0.7145521425075341, 0.08543739921871964, 0.023029119397965394, 0.17698133887578119], [0.053427754822084374, 0.01955158707174882, 0.9177323227220814, 0.009288335384085168], [0.01836848561788063, 0.18785497436099982, 0.7692298592521363, 0.024546680768983423], [0.4617119809369839, 0.2311391181054561, 0.058192617310908336, 0.2489562836466519], [0.11232385462399594, 0.2847173900247792, 0.05854849725000036, 0.5444102581012243], [0.08737170598850429, 0.5725702795138397, 0.1510644890025611, 0.18899352549509493], [0.14272646438806982, 0.20792307007608732, 0.05151983450450913, 0.5978306310313336], [0.17661775114582726, 0.4212953766260538, 0.06156715217109571, 0.34051972005702313], [0.6426541463807217, 0.11171128895683632, 0.04703861378341048, 0.19859595087903142], [0.2092999963062314, 0.2728265218358655, 0.17104942024231526, 0.34682406161558793], [0.22142955919375154, 0.4897933096186381, 0.03495768129525265, 0.25381944989235766], [0.06957165250999539, 0.341769016760706, 0.33326371906875796, 0.2553956116605402], [0.9491411487083845, 0.018633087675938322, 0.009552745355584806, 0.02267301826009233], [0.4051998173423835, 0.3154503981078486, 0.12193657450089687, 0.15741321004887088], [0.46487478602842425, 0.218213431368231, 0.13706099208890332, 0.17985079051444142], [0.055484070643103116, 0.050223054660510476, 0.0035908198906986462, 0.8907020548056876], [0.03697765419497151, 0.4040639868610064, 0.544702536892779, 0.014255822051242865], [0.02538956736786834, 0.6323063029334429, 0.054137533889219235, 0.2881665958094696], [0.0855645626546006, 0.6018940719219891, 0.06086557859399589, 0.2516757868294146], [0.16991079616664856, 0.3267993397580097, 0.1813566918366707, 0.3219331722386711]]}}