{"test": {"ids": ["107114110", "108116070", "105110251", "98116940", "110121170", "112117571", "104111880", "113118810", "112120540", "99107560", "105119550", "99108080", "107121700", "101110740", "109117271", "112120290", "98121790", "101109000", "113118421", "110114561", "112118421", "110116170", "104116441", "111114941", "111121930", "103111830", "103112470", "109114651", "111119610", "97106970", "108114180", "98106560", "99107950", "108116481", "105117351", "113117401", "113121980", "105115720", "98107380", "97106770", "108119550", "105116441", "110118740", "110116300", "109117600", "107115250", "109113281", "107118520", "100107920", "110114720", "110115580", "107118780", "113118111", "99112840", "101108080", "102109910", "98108520", "98112300", "102107961", "113119950", "112119120", "111120220", "108118060", "113119360", "105112130", "100109311", "109114720", "113120070", "101108370", "109120150", "98110680", "99108310", "103111930", "101117580", "108113480", "109116040", "101121640", "103109791", "101111990", "112121410", "111116100", "103112641", "111118301", "104117630", "108115070", "106120290", "99112531", "100116500", "98108150", "99109141", "108120260", "107120260", "110118181", "112121360", "112116401", "105115570", "98107340", "108115970", "99111340", "110121450", "108113700", "101111310", "105113210", "100108990", "101111140", "113120531", "99108460", "102114270", "98106880", "108121410", "98111231", "105115900", "109120560", "113121950", "100108080", "113119450", "113122320", "104114740", "110113591", "99109740", "108116120", "113121190", "99109161", "104111531", "111115780", "105115250", "113121680", "102112170", "111117000", "106115240", "105112240", "108114200", "112116451", "111116090", "99109910", "105113170", "109116810", "107113130", "106113830", "101108950", "113122190", "108118301"], "labels": [1, 1, 0, 2, 2, 3, 3, 3, 3, 1, 1, 3, 3, 3, 0, 1, 2, 1, 3, 0, 3, 0, 1, 0, 1, 3, 1, 3, 2, 2, 1, 1, 1, 0, 0, 3, 2, 1, 1, 3, 1, 1, 3, 3, 1, 2, 0, 2, 0, 3, 1, 1, 1, 2, 0, 2, 2, 2, 3, 0, 1, 3, 1, 0, 1, 1, 0, 2, 1, 2, 2, 2, 3, 3, 0, 0, 2, 3, 2, 0, 3, 3, 3, 0, 1, 2, 3, 2, 0, 3, 1, 1, 1, 3, 0, 0, 0, 2, 1, 3, 0, 3, 3, 2, 2, 0, 0, 3, 0, 0, 1, 3, 1, 3, 0, 3, 1, 2, 0, 3, 1, 1, 3, 0, 1, 2, 1, 3, 0, 1, 1, 0, 0, 3, 2, 0, 3, 1, 1, 2, 1, 1], "predicted_labels": [3, 3, 1, 1, 3, 3, 1, 1, 1, 3, 3, 3, 1, 3, 3, 0, 3, 3, 3, 3, 3, 1, 1, 3, 3, 0, 1, 0, 3, 1, 1, 3, 1, 3, 3, 3, 3, 1, 0, 3, 3, 1, 3, 3, 3, 1, 1, 3, 0, 1, 3, 3, 3, 3, 0, 3, 1, 0, 3, 0, 3, 1, 1, 3, 1, 0, 1, 1, 3, 1, 1, 0, 3, 1, 1, 3, 1, 3, 3, 3, 3, 0, 3, 3, 1, 3, 1, 2, 3, 1, 1, 3, 1, 1, 3, 1, 3, 3, 1, 3, 3, 1, 3, 3, 3, 3, 0, 1, 1, 1, 0, 1, 3, 0, 1, 3, 1, 0, 0, 3, 0, 3, 1, 1, 1, 1, 3, 3, 3, 1, 1, 3, 0, 0, 1, 3, 3, 1, 0, 1, 1, 1], "confidence_scores": [[0.25245362970362983, 0.24382072094572102, 0.17667343767343763, 0.32705221167721177], [0.2368375652125653, 0.2581112082362083, 0.1668628454878454, 0.3381883810633813], [0.26106764069264077, 0.2893535700410702, 0.17060975829725822, 0.2789690309690311], [0.235903866966367, 0.2753299617049617, 0.21470229076479078, 0.27406388056388054], [0.24582774170274166, 0.239111346986347, 0.19334860972360968, 0.32171230158730163], [0.27250885225885235, 0.24239567377067378, 0.1619759407259407, 0.3231195332445333], [0.19558457514707517, 0.34669289044289064, 0.1858061383061383, 0.2719163961038962], [0.2713211233211234, 0.284955488955489, 0.1750038572538572, 0.26871953046953045], [0.23980314130314132, 0.3240419996669997, 0.16115416527916526, 0.27500069375069375], [0.21269950882450886, 0.2692864219114219, 0.21456278443778448, 0.3034512848262848], [0.24346596459096467, 0.28018158924408926, 0.19220335220335208, 0.28414909396159405], [0.20118471805971808, 0.2661465756465757, 0.222591810966811, 0.3100768953268953], [0.19054365079365077, 0.32602115939615944, 0.21825475912975908, 0.2651804306804307], [0.19294764957264957, 0.2541929181929182, 0.2313795648795649, 0.3214798673548673], [0.22837716450216455, 0.2798016428016428, 0.17018284493284494, 0.3216383477633478], [0.2964904817404819, 0.2685543068043068, 0.17898966311466322, 0.2559655483405484], [0.20916461316461316, 0.2521767815517816, 0.21858337641890277, 0.3200752288647026], [0.22817644855144856, 0.21730595099345099, 0.2110994838494838, 0.3434181166056166], [0.25933836996337, 0.25029727217227216, 0.16684885947385944, 0.32351549839049837], [0.21791703691045788, 0.29655546536796545, 0.16640423209831107, 0.3191232656232656], [0.2653769425019426, 0.287966366966367, 0.1528130064380064, 0.29384368409368417], [0.25890318015318026, 0.29541412753912766, 0.16644821844821842, 0.27923447385947386], [0.24789964202464204, 0.3710201465201465, 0.14838757076257075, 0.23269264069264073], [0.23060943223443225, 0.2882543290043291, 0.1800909090909091, 0.30104532967032965], [0.20047990408284522, 0.2540573919544508, 0.20696763857057976, 0.3384950653921242], [0.3207027833277833, 0.19011820124320125, 0.18667023254523255, 0.3025087828837831], [0.23335202297702307, 0.3264102355977356, 0.23428371628371622, 0.2059540251415251], [0.3076831472620947, 0.2389103995419785, 0.1518765262515262, 0.30152992694440056], [0.22410407647907657, 0.26883111333111337, 0.17543523143523143, 0.33162957875457894], [0.19092979608111185, 0.3357630235261814, 0.22281481165033806, 0.2504923687423687], [0.2073899017649018, 0.3397724913974913, 0.1802755577755578, 0.2725620490620491], [0.2071913364413364, 0.26642515123765137, 0.2183561854811854, 0.3080273268398268], [0.1409897741147741, 0.3304340520590521, 0.2593173423798423, 0.26925883144633145], [0.3094395560579771, 0.22898656898656905, 0.15112883388541282, 0.3104450410700411], [0.24456703019203016, 0.29723798423798425, 0.12712799700299696, 0.33106698856698846], [0.27939280164280167, 0.25947218059718063, 0.13325240037740035, 0.32788261738261754], [0.29584812409812417, 0.2487563547563547, 0.11901673326673326, 0.3363787878787878], [0.1866068931068932, 0.34351166888666884, 0.20170874958374962, 0.26817268842268843], [0.323650974025974, 0.18903373015873015, 0.18271049783549784, 0.30460479797979795], [0.22539124325966434, 0.2644120324120325, 0.18789856415514308, 0.3222981601731601], [0.20017541486291487, 0.25279058441558455, 0.25158775252525245, 0.2954462481962481], [0.25941780441780443, 0.31625745088245105, 0.16771832334332332, 0.25660642135642125], [0.22091933432065008, 0.22442193406009203, 0.20549724033276673, 0.3491614912864914], [0.24821889221889218, 0.2535032693914273, 0.2032824032692453, 0.29499543512043513], [0.2383431845931846, 0.24948926767676774, 0.1856088078588079, 0.32655873987123973], [0.2385502553002553, 0.3338801892551894, 0.18252597402597406, 0.24504358141858137], [0.26821056027306023, 0.2893791506695919, 0.17684715284715286, 0.26556313621019506], [0.27051208228046464, 0.2563731615606616, 0.1484099748290925, 0.32470478132978137], [0.3445308441558441, 0.28520238095238104, 0.1350708874458874, 0.23519588744588746], [0.19285173160173164, 0.30364201076701086, 0.22997147297147294, 0.27353478465978465], [0.2221284687534688, 0.2915586913086912, 0.18834804084804088, 0.29796479908979906], [0.24315089077589078, 0.22810791292041294, 0.23678926628926633, 0.2919519300144301], [0.2817568681318682, 0.28073080595874716, 0.1314555583305583, 0.30605676757882644], [0.2284274891774892, 0.24944823232323235, 0.23386222111222119, 0.2882620573870574], [0.2828574758574759, 0.26075818625818625, 0.19525541125541132, 0.26112892662892667], [0.2576642524142524, 0.24703782328782334, 0.2145985264735266, 0.28069939782439784], [0.2604284881784882, 0.2838546176046176, 0.19058710733710738, 0.26512978687978694], [0.3095848873348875, 0.18949678099678102, 0.20085785048285051, 0.30006048118548123], [0.2753378704628705, 0.25902053502053507, 0.16086260961260954, 0.304778984903985], [0.32036747974247975, 0.20793380230880232, 0.16687308524808514, 0.30482563270063273], [0.2291986346986347, 0.2647177128427128, 0.1990873015873016, 0.3069963508713508], [0.22026551226551216, 0.3187622655122655, 0.16350144300144304, 0.2974707792207793], [0.19032188644688638, 0.3127140082140083, 0.1899218559218559, 0.3070422494172494], [0.24533667721167723, 0.24232833832833844, 0.15992968142968145, 0.35240530303030304], [0.23438135475635477, 0.29935035797535803, 0.1963573926073925, 0.2699108946608947], [0.2901450147075147, 0.2573027597402597, 0.169235347985348, 0.2833168775668776], [0.19786120129870136, 0.3697922077922079, 0.17941536935286934, 0.2529312215562216], [0.18482251082251075, 0.4212722416472417, 0.1653759365634366, 0.22852931096681098], [0.3159638090667503, 0.22825210002415874, 0.13470210345210348, 0.3210819874569875], [0.24781601731601735, 0.29138630813630817, 0.21539226051726054, 0.24540541403041413], [0.2589762459762461, 0.2733160589410589, 0.2196899211899212, 0.2480177738927738], [0.26548352597694713, 0.2607969713035503, 0.2340488677988678, 0.23967063492063492], [0.23289430014430018, 0.2623734876234876, 0.19879509379509383, 0.3059371184371184], [0.2204945054945055, 0.326853812853813, 0.18975757575757576, 0.2628941058941059], [0.20624707237207235, 0.2963356643356644, 0.22806825119325114, 0.2693490120990121], [0.18723833111333107, 0.26063781357531357, 0.2452074383949384, 0.30691641691641697], [0.23385563537769427, 0.290176533841975, 0.22116192834942835, 0.25480590243090256], [0.2240789210789211, 0.2738199786324786, 0.20224236874236876, 0.2998587315462317], [0.1906158563658564, 0.2667601218226218, 0.2306181596181596, 0.3120058621933623], [0.23196353208195317, 0.2418929958929959, 0.20773073198731098, 0.31841274003774], [0.22904634254634262, 0.25769419469419474, 0.16867331279831277, 0.34458614996115], [0.3089215367965369, 0.2339063159063159, 0.16506361693861693, 0.29210853035853046], [0.2939341630591631, 0.22933874458874462, 0.17311634199134204, 0.3036107503607504], [0.21992170329670324, 0.25306715506715505, 0.22644597069597072, 0.300565170940171], [0.19665656565656564, 0.34490622857534625, 0.19225622008710247, 0.26618098568098575], [0.21014602034532384, 0.28771236688148444, 0.1869039892855682, 0.3152376234876235], [0.2607655261405261, 0.265006549006549, 0.22097576035076041, 0.2532521645021644], [0.24783495670995673, 0.24995872591460822, 0.25154091333503104, 0.2506654040404041], [0.20756425518925528, 0.25944913419913423, 0.2467562715062716, 0.2862303391053392], [0.2667770701520702, 0.2716802503052504, 0.19828126040626037, 0.26326141913641915], [0.2307894119769119, 0.34280834157672396, 0.16013620693032457, 0.2662660395160395], [0.2777443667443668, 0.20962108724608725, 0.1588982545232545, 0.3537362914862915], [0.2609916194916196, 0.33313106338106346, 0.14898845598845595, 0.2568888611388612], [0.2688055694305695, 0.29559163059163057, 0.14808614996114994, 0.28751665001665], [0.2981239732489733, 0.22032696470196472, 0.16120165945165943, 0.3203474025974025], [0.20917318792318787, 0.34811084748584764, 0.19738514263514262, 0.245330821955822], [0.20120714008214008, 0.2514665612165614, 0.2700930180930181, 0.2772332806082806], [0.23178169257213369, 0.2629104237266003, 0.20178520988815105, 0.303522673813115], [0.21878207903207908, 0.2892256771006772, 0.25346040071040066, 0.23853184315684323], [0.2769823882258092, 0.24028223165723173, 0.14978191691349582, 0.33295346320346325], [0.21358003108003104, 0.2872466561216561, 0.2042068348318348, 0.29496647796647796], [0.21946352258852264, 0.33141125541125555, 0.21199746087246102, 0.23712776112776124], [0.2654460028275818, 0.261689902933324, 0.1846086274836275, 0.2882554667554668], [0.24369710844710837, 0.26142157842157837, 0.22578746253746246, 0.26909385059385066], [0.2772553141303143, 0.24023132167540065, 0.1929344014903225, 0.2895789627039628], [0.23933617771117774, 0.2676379870129872, 0.14832736707736704, 0.3446984681984682], [0.3334277805527806, 0.24653382728382733, 0.14712433399933394, 0.2729140581640582], [0.21512103174603175, 0.3301063658563658, 0.17186802086802083, 0.28290458152958153], [0.2141123182373182, 0.2809776751026752, 0.23703571428571432, 0.2678742923742923], [0.22902897102897096, 0.31204308191808194, 0.152618251846193, 0.30630969520675416], [0.28491046453546454, 0.23038990176490173, 0.21301984126984125, 0.27167979242979245], [0.19762914862914854, 0.29982783189033196, 0.20605059523809527, 0.2964924242424242], [0.24074458874458876, 0.23920417654241188, 0.21732654845154856, 0.302724686261451], [0.3041307026307026, 0.25383397158397164, 0.15650789488289488, 0.28552743090243093], [0.20024373339079216, 0.31930442188530417, 0.19400813565519448, 0.2864437090687092], [0.24328095515595513, 0.2506589105339106, 0.19371173271173273, 0.3123484015984017], [0.25614356476856487, 0.3088770037152391, 0.16617662402956523, 0.26880280748663105], [0.2851092379842381, 0.2515139027639027, 0.1947504856254855, 0.2686263736263736], [0.2977536075036075, 0.221174963924964, 0.19745178432678426, 0.28361964424464425], [0.2361532356532356, 0.21647824275397806, 0.2393305444555444, 0.30803797713724185], [0.3329366466866467, 0.22258753746253745, 0.16551362526362523, 0.2789621905871904], [0.25898203879453874, 0.25262279387279385, 0.17398223304473298, 0.31441293428793426], [0.27937168387168393, 0.3071386877011878, 0.14959893578643577, 0.26389069264069254], [0.2767622655122655, 0.29695328282828287, 0.18008766233766227, 0.2461967893217894], [0.2600898962148962, 0.30489538239538244, 0.2051566211566212, 0.22985810023310024], [0.23312708125208123, 0.2930183705183705, 0.21110059385059382, 0.2627539543789544], [0.18604181235431239, 0.28694624819624825, 0.22295661976911976, 0.3040553196803197], [0.26444200937950946, 0.25725402375402373, 0.19221335608835605, 0.28609061077811077], [0.19833583521741416, 0.2599606460790671, 0.22421085858585874, 0.3174926601176601], [0.2702499583749583, 0.3008086774336774, 0.20795303307803312, 0.2209883311133312], [0.18535474247974254, 0.3285243645243645, 0.223703477078477, 0.26241741591741585], [0.20454578060828066, 0.2908483946608947, 0.20447120934620933, 0.3001346153846154], [0.3333428238428238, 0.25545063270063273, 0.1390099206349206, 0.2721966228216229], [0.34348322510822527, 0.2280793650793651, 0.1369126984126984, 0.2915247113997113], [0.21437518037518036, 0.3501438145188147, 0.19833995171495172, 0.23714105339105346], [0.18463122008710242, 0.2741408828100005, 0.17820192307692304, 0.3630259740259742], [0.27893488455988463, 0.2794348845598846, 0.15631655844155845, 0.2853136724386724], [0.19950503663003655, 0.3102511140819964, 0.21545451362363113, 0.2747893356643357], [0.30480670718170716, 0.21930599261849262, 0.1722891206016206, 0.30359817959817975], [0.19850224775224773, 0.3075617854367855, 0.21653676878676886, 0.2773991980241981], [0.16045988733488734, 0.3272466144966145, 0.19342009379509384, 0.3188734043734044], [0.25331996679790786, 0.335233438130497, 0.13561044511044507, 0.2758361499611499]]}, "rewritten": {"ids": ["97106770", "97106970", "98106560", "98106880", "98107340", "98107380", "98108150", "98108520", "98110680", "98111231", "98112300", "98116940", "98121790", "99107560", "99107950", "99108080", "99108310", "99108460", "99109141", "99109161", "99109740", "99109910", "99111340", "99112531", "99112840", "100107920", "100108080", "100108990", "100109311", "100116500", "101108080", "101108370", "101108950", "101109000", "101110740", "101111140", "101111310", "101111990", "101117580", "101121640", "102107961", "102109910", "102112170", "102114270", "103109791", "103111830", "103111930", "103112470", "103112641", "104111531", "104111880", "104114740", "104116441", "104117630", "105110251", "105112130", "105112240", "105113170", "105113210", "105115250", "105115570", "105115720", "105115900", "105116441", "105117351", "105119550", "106113830", "106115240", "106120290", "107113130", "107114110", "107115250", "107118520", "107118780", "107120260", "107121700", "108113480", "108113700", "108114180", "108114200", "108115070", "108115970", "108116070", "108116120", "108116481", "108118060", "108118301", "108119550", "108120260", "108121410", "109113281", "109114651", "109114720", "109116040", "109116810", "109117271", "109117600", "109120150", "109120560", "110113591", "110114561", "110114720", "110115580", "110116170", "110116300", "110118181", "110118740", "110121170", "110121450", "111114941", "111115780", "111116090", "111116100", "111117000", "111118301", "111119610", "111120220", "111121930", "112116401", "112116451", "112117571", "112118421", "112119120", "112120290", "112120540", "112121360", "112121410", "113117401", "113118111", "113118421", "113118810", "113119360", "113119450", "113119950", "113120070", "113120531", "113121190", "113121680", "113121950", "113121980", "113122190", "113122320"], "labels": [3, 2, 1, 0, 0, 1, 0, 2, 2, 1, 2, 2, 2, 1, 1, 3, 2, 0, 3, 3, 3, 2, 1, 3, 2, 0, 0, 2, 1, 2, 0, 1, 2, 1, 3, 2, 3, 2, 3, 2, 3, 2, 3, 3, 3, 3, 3, 1, 3, 0, 3, 2, 1, 0, 0, 1, 1, 0, 3, 2, 0, 1, 3, 1, 0, 1, 1, 1, 2, 1, 1, 2, 2, 1, 1, 3, 0, 0, 1, 0, 1, 2, 1, 1, 0, 1, 1, 1, 1, 0, 0, 3, 0, 0, 3, 0, 1, 2, 1, 0, 0, 3, 1, 0, 3, 1, 3, 2, 3, 0, 1, 3, 3, 0, 3, 2, 3, 1, 0, 0, 3, 3, 1, 1, 3, 3, 0, 3, 1, 3, 3, 0, 3, 0, 2, 0, 1, 1, 3, 2, 1, 1], "predicted_labels": [3, 1, 2, 0, 1, 0, 1, 1, 1, 3, 0, 1, 3, 1, 2, 3, 3, 1, 0, 3, 2, 3, 1, 0, 1, 0, 1, 1, 3, 3, 0, 1, 3, 3, 1, 3, 1, 3, 1, 3, 0, 3, 3, 1, 3, 0, 1, 3, 3, 1, 1, 1, 3, 1, 0, 1, 1, 3, 3, 3, 1, 1, 1, 0, 0, 3, 3, 0, 3, 3, 0, 0, 3, 0, 3, 1, 1, 3, 1, 1, 1, 3, 3, 0, 1, 3, 1, 1, 3, 1, 0, 0, 1, 3, 3, 3, 3, 3, 1, 3, 3, 1, 3, 3, 3, 3, 3, 3, 3, 3, 1, 3, 1, 1, 0, 3, 1, 1, 0, 0, 1, 1, 3, 1, 1, 3, 3, 3, 3, 3, 1, 3, 3, 3, 1, 3, 3, 1, 0, 3, 3, 3], "confidence_scores": [[0.24354850704850706, 0.24940707209457214, 0.2174777236652237, 0.28956669719169736], [0.1816340187590187, 0.31681949994450004, 0.244184754787696, 0.2573617265087854], [0.2035708180708181, 0.26661402486402497, 0.2907305333555335, 0.23908462370962372], [0.3171626984126985, 0.22352512765012772, 0.23277984515484512, 0.22653232878232882], [0.19046114996115002, 0.32797064047064056, 0.22569967532467533, 0.25586853424353423], [0.29830918509594995, 0.23483931346431342, 0.19503319474643002, 0.2718183066933067], [0.24186958874458886, 0.30182514217808337, 0.19520851370851372, 0.2610967553688142], [0.17995318570318564, 0.31883298237709995, 0.20028251323839555, 0.30093131868131884], [0.2659967046842046, 0.2790959318459319, 0.1922386571761572, 0.26266870629370626], [0.2689159174159174, 0.26892330586080593, 0.16526583832833835, 0.2968949383949384], [0.31460117660117665, 0.25688252025752034, 0.1561835109335109, 0.2723327922077923], [0.2539466089466089, 0.3148439824064823, 0.12146444527694529, 0.30974496336996343], [0.2299472402597403, 0.23618924825174822, 0.21751547757797762, 0.31634803391053384], [0.21883447924624394, 0.27690582293523475, 0.25358184870684874, 0.2506778491116726], [0.161622662060162, 0.2732526223776225, 0.30829873598623597, 0.25682597957597963], [0.2727845487845487, 0.2552542457542457, 0.1693624431124431, 0.30259876234876243], [0.20429503829503828, 0.26568981018981025, 0.23022032134532136, 0.2997948301698302], [0.2539450819648189, 0.3162433823486456, 0.15420381007881004, 0.2756077256077257], [0.2921988428238429, 0.27277077527735427, 0.1654404995589206, 0.26958988233988235], [0.28117185592185595, 0.26394089937839943, 0.13119431956931954, 0.3236929251304251], [0.25983438783438784, 0.21197776529026527, 0.26911263736263746, 0.2590752095127095], [0.24968186796863262, 0.23759622811828707, 0.2297315976507152, 0.2829903062623651], [0.23063116050616056, 0.30047528860028866, 0.17509425296925296, 0.29379929792429793], [0.3358657314907316, 0.2542211607836608, 0.1522500763125763, 0.25766303141303143], [0.24801341142517613, 0.2885191752691753, 0.19033653029976555, 0.27313088300588306], [0.3577756402953771, 0.2890247586520806, 0.1256635260164672, 0.22753607503607512], [0.2056015607199818, 0.3125817004632793, 0.2088252442002441, 0.27299149461649447], [0.1632891226420638, 0.3205323295985061, 0.23391212464006583, 0.2822664231193645], [0.2731543248418249, 0.19896692196692198, 0.21511695942945935, 0.3127617937617938], [0.21387031024531022, 0.22818943556443558, 0.2183271173271172, 0.3396131368631368], [0.2938971583971584, 0.26844605394605403, 0.19543434343434346, 0.2422224442224443], [0.2720753066378067, 0.3038180014430013, 0.12908786352536347, 0.29501882839382837], [0.16767948717948714, 0.28767099567099574, 0.2390830697080697, 0.3055664474414475], [0.23553522661978543, 0.2470975135975136, 0.22731086682924923, 0.29005639295345187], [0.20356216955559056, 0.3165242257742258, 0.2449124669190458, 0.2350011377511377], [0.3076735845853494, 0.21590118868060057, 0.14735214785214784, 0.3290730788819025], [0.24036742424242427, 0.30297101509601526, 0.2258673132423133, 0.2307942474192474], [0.21009928959928956, 0.23778862110112114, 0.23536475534269655, 0.3167473339568929], [0.15545689033189028, 0.31851902958152967, 0.2671724594849596, 0.2588516206016206], [0.1850040237540238, 0.3154135656010657, 0.16497050865800858, 0.334611901986902], [0.34827017682609784, 0.24483260233918133, 0.16609949772449767, 0.24079772311022304], [0.2803362332112331, 0.22428926628926626, 0.1800829933954934, 0.31529150710400716], [0.31234418359418364, 0.1817709651459651, 0.16686795149295144, 0.3390168997668998], [0.20482117392411503, 0.3218702139363904, 0.21971140868934985, 0.25359720345014475], [0.2805873085248086, 0.24450739538239533, 0.19043322649572653, 0.28447206959706967], [0.3903820693195694, 0.17926223776223768, 0.1440142496392496, 0.2863414432789434], [0.2665584742055331, 0.27752815934065933, 0.2168156169810582, 0.23909774947274953], [0.24511548174048173, 0.28584692390942407, 0.16385936285936278, 0.30517823149073153], [0.2774856116106117, 0.2730581918081919, 0.15023500111000113, 0.2992211954711954], [0.21398282967032967, 0.3101983433233434, 0.24777614256658376, 0.22804268443974332], [0.2507498057498057, 0.2947185453435453, 0.2368673826173826, 0.2176642662892664], [0.21471002037178508, 0.313795745920746, 0.17857931529255056, 0.29291491841491846], [0.23554139610389616, 0.2849669913419913, 0.15954356060606054, 0.3199480519480519], [0.24729940892440896, 0.28723509823509824, 0.17923561161061163, 0.2862298812298812], [0.31575165112665127, 0.304796509046509, 0.16424819624819623, 0.21520364357864355], [0.16129309579309573, 0.3417752317127317, 0.1987713189588189, 0.29816035353535353], [0.2209711864932453, 0.305020770895771, 0.2337308941058941, 0.24027714850508985], [0.2156824703074703, 0.2646667637917639, 0.19326956376956378, 0.32638120213120225], [0.27886188117438115, 0.25529756354756356, 0.15497866716616715, 0.31086188811188814], [0.23382377344877336, 0.26212071955821964, 0.18235963342213343, 0.32169587357087365], [0.19091629204129199, 0.37486580576286477, 0.21468271026359273, 0.21953519193225068], [0.21207250388500395, 0.3033428724053724, 0.20923833111333107, 0.27534629259629256], [0.2192223332223332, 0.2901784326784328, 0.2128196109446109, 0.2777796231546232], [0.33882700142994276, 0.2625534751196516, 0.1374970952250364, 0.26112242822536946], [0.301791793582235, 0.2683497364563542, 0.17882853461897574, 0.25102993534243523], [0.22788088300588302, 0.28749915362415374, 0.18174848762348764, 0.3028714757464759], [0.26513274919524926, 0.22036326173826176, 0.1568871753246753, 0.3576168137418137], [0.3519692763376972, 0.31933902647060564, 0.0985516428016428, 0.23014005439005442], [0.23590351723439962, 0.25649375624375637, 0.2056316420507598, 0.3019710844710845], [0.21350085586927695, 0.2571134048699838, 0.22918814518814518, 0.3001975940725941], [0.3256987318237319, 0.2559867632367632, 0.17744581807081808, 0.24086868686868687], [0.31141501390766096, 0.2614519806174218, 0.1570794022154316, 0.27005360325948563], [0.22997865737203974, 0.275591046616782, 0.15048832131920364, 0.3439419746919748], [0.2893594877344878, 0.24940895215895215, 0.1802734903984904, 0.28095806970806975], [0.24770010545010548, 0.2652376789876791, 0.18155325230325228, 0.3055089632589633], [0.20415656565656565, 0.31197564935064936, 0.2077061688311688, 0.27616161616161616], [0.18652932892271132, 0.2973938006438008, 0.25054033752195526, 0.2655365329115329], [0.22229599567099573, 0.27681132756132754, 0.20158355533355532, 0.2993091214341214], [0.19598883755133747, 0.331711587024087, 0.20705235042735035, 0.2652472249972249], [0.2474494116994117, 0.3170807803307803, 0.18730992618492617, 0.2481598817848817], [0.23964231601731606, 0.3360408757908757, 0.19878217615717614, 0.22553463203463206], [0.2263371628371629, 0.2649093961593962, 0.21448576423576415, 0.2942676767676767], [0.2574850982350983, 0.2799274267399268, 0.18138080587712943, 0.2812066691478457], [0.35012796762061477, 0.22670248705542836, 0.15490579110432048, 0.26826375421963666], [0.23674707930957947, 0.28945862470862477, 0.1931107572982573, 0.2806835386835386], [0.27552344877344886, 0.21730434842934848, 0.1977209546988959, 0.30945124809830704], [0.2609567515817516, 0.3462242806213396, 0.17444972592766714, 0.2183692418692419], [0.2469076479076479, 0.2994718614718616, 0.2071628787878788, 0.24645761183261186], [0.28940261821511837, 0.2508187992562993, 0.14730790043290043, 0.3124706820956821], [0.24046213712757847, 0.30723855107311004, 0.1611785159285159, 0.29112079587079587], [0.33600388500388506, 0.2143609258388671, 0.17123411310911307, 0.27840107604813485], [0.3761137360446572, 0.20717333105490998, 0.10987842712842712, 0.30683450577200594], [0.18857162282162282, 0.3048464035964036, 0.2801691364191364, 0.22641283716283717], [0.2968852307822896, 0.2181287274816687, 0.16832593795093792, 0.31666010378510384], [0.27833913308913305, 0.28739343989343996, 0.14517513042513042, 0.2890922965922967], [0.31238645382395397, 0.24753314047064048, 0.12465330502830495, 0.31542710067710067], [0.2496895604395605, 0.26565463702963715, 0.21510759093847326, 0.2695482115923293], [0.2211435508935509, 0.2737523032523033, 0.20756951381951375, 0.29753463203463204], [0.2364607557475205, 0.3112819819069821, 0.1799147298779652, 0.2723425324675325], [0.24248319735819743, 0.2530758295067506, 0.15996719252969252, 0.3444737806053596], [0.2685855533355534, 0.27705665168165167, 0.14840384615384614, 0.3059539488289488], [0.25453762903762905, 0.27843923437673435, 0.24635151653901644, 0.22067162004662014], [0.25990486341144237, 0.2697227589661801, 0.17541194916194913, 0.29496042846042836], [0.23359688922188915, 0.3034723540348542, 0.15195409451659445, 0.31097666222666215], [0.18809736097236107, 0.31360755910755916, 0.1841078643578644, 0.3141872155622157], [0.24327770350564482, 0.25734865216482855, 0.18782122942417065, 0.31155241490535607], [0.27824142889274467, 0.27578526517342317, 0.16068988102540732, 0.28528342490842495], [0.250604686979687, 0.2731541652791653, 0.17252229714729725, 0.3037188505938506], [0.2612426601176601, 0.22885324397824391, 0.14669359806859805, 0.3632104978354978], [0.25457960911637384, 0.21742200854700855, 0.1832850970838587, 0.34471328525275907], [0.23214271839271844, 0.3064566267066267, 0.19468739593739595, 0.266713258963259], [0.3000024975024976, 0.22705248917748924, 0.1488599594849594, 0.3240850538350537], [0.27523214285714276, 0.29513408813408826, 0.1869856671106671, 0.2426481018981019], [0.23939481790139688, 0.3150561616745827, 0.16399814074814079, 0.2815508796758797], [0.31911657786657793, 0.2542499722499722, 0.13169341769341764, 0.2949400321900323], [0.2976764485514486, 0.24772552447552446, 0.15111564970117597, 0.30348237727185096], [0.23173674498016592, 0.3430561886943465, 0.17210985359669567, 0.2530972127287917], [0.17473562548562543, 0.3305855672105673, 0.2109375901875902, 0.2837412171162173], [0.3499044844044845, 0.22867368742368757, 0.13424170274170272, 0.2871801254301255], [0.3440501443001442, 0.25356897759103636, 0.15418511553805667, 0.24819576257076256], [0.2438927412456825, 0.34185703675409557, 0.1270919913419913, 0.2871582306582308], [0.21023849761349767, 0.3064040542790543, 0.21756998556998552, 0.26578746253746266], [0.24823334998334995, 0.2637728382728384, 0.17709194971694964, 0.31090186202686204], [0.2591521742146743, 0.28335837773337774, 0.2049016539016538, 0.2525877941502942], [0.22651790692967172, 0.35797150072150075, 0.1660193752326105, 0.2494912171162171], [0.24889405569920275, 0.2502932573961986, 0.19669345482948425, 0.3041192320751145], [0.24410132922632918, 0.28385142635142635, 0.14944447219447213, 0.32260277222777217], [0.2656470196470197, 0.25553005328005324, 0.15750285825285823, 0.3213200688200689], [0.24127892083406788, 0.3059530281809695, 0.1324143242378536, 0.320353726747109], [0.3087076947819982, 0.22592272626754054, 0.14573242933537053, 0.3196371496150909], [0.16677002164502167, 0.34027623071373064, 0.2293232531357532, 0.26363049450549464], [0.18972047397047404, 0.21318420468420474, 0.19513765809354044, 0.401957663251781], [0.2795873015873017, 0.23401620601620607, 0.19597588522588524, 0.2904206071706071], [0.31494318181818187, 0.19504957798049902, 0.15253041549094173, 0.3374768247103773], [0.1990440115440115, 0.35126430513930523, 0.21648450160950158, 0.23320718170718177], [0.26458907758907757, 0.2793288863913866, 0.1373122641247641, 0.31876977189477196], [0.24197598235098242, 0.21052325452325463, 0.18577788877788884, 0.36172287434787437], [0.20542796092796095, 0.29620586358086365, 0.22865223665223666, 0.26971393883893896], [0.3264321601601013, 0.23477787571905231, 0.17417170737758966, 0.26461825674325684], [0.280208152958153, 0.2738649961149962, 0.15496044233544234, 0.29096640859140865], [0.24493008380508385, 0.266914751914752, 0.19581336718836723, 0.2923417970917972], [0.24499945316121802, 0.27029785492285485, 0.13851507397830926, 0.34618761793761804]]}}