{"test": {"ids": ["98111860", "99109311", "101108580", "97112290", "110118880", "111114321", "98108580", "113120830", "101112690", "108115570", "107121700", "112119580", "102116500", "104111990", "111115780", "112121360", "113119120", "111117120", "112117431", "108116070", "105121370", "111116040", "102112250", "111119930", "112116540", "101109000", "107120260", "107118490", "98121790", "100108990", "105113440", "107118780", "105119950", "101116130", "105119550", "108115970", "112118930", "102110850", "111117480", "108116120", "111121410", "110121140", "106117770", "105113210", "112121410", "103110760", "98110810", "103113260", "106114880", "112119500", "110115980", "110121500", "108114360", "109113931", "101114020", "107115250", "100111080", "105117200", "106119580", "97113260", "107119390", "109117271", "99105921", "110115250", "106116370", "107114140", "106114150", "113121010", "110114720", "101114990", "99108310", "102109010", "110118930", "104111620", "109114030", "107121230", "111120190", "108120060", "103113640", "111119950", "111119150", "108116481", "108120621", "111121351", "104119290", "112118810", "110121720", "106114280", "105114220", "106120640", "108119330", "109113881", "108113760", "110118111", "110118740", "104113000", "100108080", "106115240", "110116501", "105112130", "99119830", "98108970", "100116790", "108114270", "100111390", "101111210", "98107210", "101111990", "113118630", "106116441", "106113190", "113122170", "105113170", "110114651", "110117080", "98117740", "109114220", "111120260", "99109910", "108116501", "111119300", "99108000", "101121640", "99109740", "102109840", "99108330", "110117870", "106117790", "111118810", "110120531", "111116090", "106114011", "101115190", "112117660", "104113380", "112118581", "100108260", "110120540", "104116800", "101110150", "106121220", "107118120"], "labels": [0, 1, 0, 1, 0, 1, 0, 3, 1, 3, 3, 3, 1, 2, 1, 3, 3, 2, 0, 1, 2, 0, 0, 1, 1, 1, 1, 2, 2, 2, 0, 1, 3, 2, 1, 2, 1, 3, 1, 1, 0, 3, 0, 3, 0, 1, 1, 3, 0, 2, 1, 3, 1, 1, 3, 2, 0, 3, 3, 1, 2, 0, 1, 1, 2, 2, 1, 2, 3, 3, 2, 1, 1, 0, 1, 0, 3, 1, 1, 0, 3, 0, 1, 0, 1, 3, 3, 3, 3, 3, 0, 0, 1, 1, 3, 1, 0, 1, 3, 1, 1, 3, 2, 3, 2, 2, 1, 2, 3, 0, 0, 1, 0, 3, 1, 2, 3, 3, 2, 0, 1, 2, 2, 3, 2, 1, 3, 1, 0, 0, 3, 1, 1, 0, 1, 1, 3, 1, 1, 1, 1, 3], "predicted_labels": [2, 1, 0, 1, 3, 3, 1, 1, 1, 1, 1, 3, 3, 3, 1, 1, 3, 3, 0, 1, 1, 0, 3, 3, 1, 0, 1, 1, 1, 3, 1, 3, 3, 3, 1, 1, 2, 1, 3, 0, 1, 3, 0, 3, 0, 0, 2, 1, 1, 2, 0, 3, 1, 1, 3, 1, 1, 0, 2, 3, 1, 3, 1, 3, 0, 1, 0, 1, 2, 1, 1, 1, 3, 0, 0, 3, 3, 3, 0, 0, 1, 3, 0, 0, 3, 1, 1, 1, 1, 1, 1, 0, 1, 3, 3, 1, 0, 1, 3, 3, 3, 3, 3, 1, 1, 3, 1, 3, 3, 3, 3, 3, 1, 0, 1, 1, 0, 1, 2, 1, 1, 1, 3, 1, 3, 3, 3, 1, 1, 1, 0, 3, 3, 1, 3, 3, 3, 3, 3, 3, 3, 3], "confidence_scores": [[0.20859206042477263, 0.258049099498147, 0.28171214047331067, 0.25164669960376956], [0.2748510096745539, 0.26238031164348685, 0.1587229631432436, 0.3040457155387158], [0.31376689334405816, 0.2629677587846, 0.09083132373074788, 0.33243402414059386], [0.23181873903959432, 0.25972547910458255, 0.2635205221494857, 0.24493525970633714], [0.31011462886710467, 0.2746151249115311, 0.07741568528146693, 0.33785456093989696], [0.24684495138734525, 0.270033183510546, 0.1893212834087118, 0.2938005816933971], [0.2823843260202688, 0.2615682377458657, 0.14525180679160474, 0.3107956294422612], [0.21573862813560293, 0.2645415170052668, 0.25042877414735465, 0.2692910807117758], [0.22499360614176278, 0.26483724286297283, 0.23175743274316996, 0.27841171825209454], [0.18755346673847226, 0.2671858588236635, 0.2884863391599275, 0.25677433527793664], [0.18934619181612755, 0.2747593179379217, 0.2506215574882881, 0.28527293275766247], [0.25196026127311555, 0.2585043338346713, 0.21068568380054084, 0.27884972109167233], [0.2645225785718492, 0.26089891259421105, 0.187126905812115, 0.28745160302182465], [0.2192574968096527, 0.26259574386710655, 0.24981689310799127, 0.2683298662152495], [0.23938514564318528, 0.26326753253374735, 0.24095634241765795, 0.2563909794054095], [0.26623033822304853, 0.25945974383609904, 0.17889274749044146, 0.29541717045041094], [0.2532170087469931, 0.26639129774916065, 0.18012011998963592, 0.30027157351421035], [0.26360113216754427, 0.2694677852571875, 0.16781970755697784, 0.29911137501829016], [0.2927677861331551, 0.2634471904820545, 0.13126260199354517, 0.3125224213912452], [0.26243075763171936, 0.26127350329870375, 0.17929945201164907, 0.29699628705792763], [0.19355325477032106, 0.2693413155510072, 0.2718067716818739, 0.265298657996798], [0.2878713442737315, 0.264352258338283, 0.13545341944126976, 0.3123229779467158], [0.3179280952520634, 0.27030623715610186, 0.08447016796386037, 0.32729549962797444], [0.2159571758492964, 0.26493759456181376, 0.24566726393670565, 0.2734379656521842], [0.2172894061370859, 0.2739389044070327, 0.21544632198873115, 0.2933253674671502], [0.28516603211500474, 0.26397526924040166, 0.1430095938235815, 0.30784910482101174], [0.2601789208612571, 0.26562414654167693, 0.171099472579783, 0.30309746001728305], [0.21300225885916743, 0.26272051791146245, 0.2948527212371722, 0.22942450199219777], [0.28269181902361373, 0.2632941596398177, 0.14758292102450332, 0.3064311003120652], [0.2596823834873819, 0.2600442634244448, 0.19663300855006352, 0.2836403445381099], [0.23812877490036197, 0.2604774974038679, 0.23944051712283326, 0.26195321057293686], [0.2876902046641722, 0.2668531755182779, 0.13830079873820486, 0.30715582107934514], [0.26077723332989666, 0.25815823902109125, 0.19769555919635953, 0.28336896845265264], [0.23649660380858042, 0.2616783431434409, 0.22258389897172468, 0.2792411540762539], [0.22499420221707575, 0.27214582043519614, 0.2085153702027052, 0.2943446071450229], [0.26405781087798, 0.25888716600088635, 0.1906506578001595, 0.28640436532097446], [0.14955731271723938, 0.2757490709102853, 0.33967032184159573, 0.23502329453087933], [0.221964217170802, 0.264407611981087, 0.2345400544111908, 0.2790881164369203], [0.3074977196372874, 0.27224566890529023, 0.09719739694690091, 0.32305921451052133], [0.30316416790340056, 0.26411821868672, 0.09666471204378344, 0.33605290136609617], [0.2746970388065264, 0.26401470401098964, 0.15115255470975755, 0.3101357024727266], [0.20844019752985773, 0.2623612513041675, 0.266895155276752, 0.2623033958892231], [0.3127494595946602, 0.2626316887690412, 0.11213012662905329, 0.3124887250072452], [0.2777902894472525, 0.260312440005499, 0.16882736422151512, 0.29306990632573354], [0.285828367737132, 0.2620433082726773, 0.14338279631523293, 0.30874552767495766], [0.29263978003605595, 0.2639272870024077, 0.1319341119549555, 0.3114988210065811], [0.19183349328909127, 0.26482523681931575, 0.2977086512648923, 0.24563261862670077], [0.24361528629402623, 0.26082190927118487, 0.21516609857566776, 0.2803967058591211], [0.2105426107922089, 0.2653414246995004, 0.2573599893116066, 0.2667559751966839], [0.17812571563673735, 0.26758422006584875, 0.3172863488578167, 0.2370037154395976], [0.27470006152559917, 0.2596967629794146, 0.18957474943057992, 0.27602842606440653], [0.29437801162775307, 0.26709413828353434, 0.12437771724217947, 0.3141501328465332], [0.2291785001409953, 0.2637126007154941, 0.22462866724908168, 0.282480231894429], [0.2706416942352687, 0.260918473728462, 0.17758372496200933, 0.29085610707425996], [0.2969950444220249, 0.26708068086504766, 0.1280758571136391, 0.30784841759928816], [0.22960467712785607, 0.2593543396953789, 0.24687756907692193, 0.2641634140998432], [0.21790929792016153, 0.2629113205213069, 0.24893800503967997, 0.2702413765188518], [0.2817642613200634, 0.2597935898585371, 0.1692480029863419, 0.28919414583505765], [0.15754696583945937, 0.270618654831092, 0.3707629787383114, 0.20107140059113698], [0.24329613398206806, 0.26213226065304457, 0.20920454480442446, 0.2853670605604628], [0.21142501257655144, 0.26343007816362585, 0.26172830779579154, 0.2634166014640309], [0.2669427749636344, 0.27460204607591115, 0.1562472725799623, 0.3022079063804922], [0.2753022304074952, 0.2623540860052516, 0.15436332212588016, 0.30798036146137325], [0.20970047149214374, 0.27035382525046975, 0.24008429413858043, 0.27986140911880597], [0.24756437438245327, 0.2565963516278514, 0.23035472976156152, 0.26548454422813395], [0.22226407901486817, 0.2617704254105335, 0.2542615169603574, 0.2617039786142409], [0.2662035199662657, 0.2575737014559265, 0.18881590585506047, 0.2874068727227476], [0.2134640133930846, 0.26971843703553416, 0.23507196487509507, 0.28174558469628636], [0.21995631886470096, 0.2583643715910448, 0.2686946004980374, 0.2529847090462169], [0.24698233000634676, 0.25970049816719654, 0.21791413150300576, 0.27540304032345087], [0.24709271442969355, 0.26217698954058155, 0.20668784896023093, 0.28404244706949416], [0.17854321058924158, 0.28209346266658203, 0.2555847141348725, 0.28377861260930387], [0.1792231838853734, 0.27900150205612856, 0.2657393644299787, 0.27603594962851924], [0.31443010573517266, 0.26943107866276544, 0.07149265946429853, 0.3446461561377634], [0.2564206983595531, 0.2557452964420385, 0.20458675921084724, 0.2832472459875608], [0.2043956025794417, 0.28151119195877683, 0.22317123450569895, 0.29092197095608224], [0.24646121109186014, 0.264516249752471, 0.20067035510110542, 0.28835218405456325], [0.23983041422081025, 0.2609403964833392, 0.2242460133280846, 0.2749831759677659], [0.30189447745021153, 0.26786600070063143, 0.07620838354021031, 0.35403113830894645], [0.29679419980612337, 0.2625643751324871, 0.12196547602390384, 0.31867594903748575], [0.26394057346448596, 0.26003115939332655, 0.17376512900385227, 0.30226313813833533], [0.3099500368701568, 0.26665515357774766, 0.09639510028726693, 0.32699970926482846], [0.28522807276523277, 0.25677352456532027, 0.1680551748906011, 0.2899432277788461], [0.29152136332062056, 0.2641403145725596, 0.13332188847565143, 0.31101643363116865], [0.22769908978555345, 0.27091365636536613, 0.20739378783371834, 0.29399346601536225], [0.27327956638981243, 0.26300682028766414, 0.16143680111765754, 0.30227681220486613], [0.1859993254302236, 0.2695708083754152, 0.2796704438312361, 0.26475942236312516], [0.26568092478445776, 0.26170781495411405, 0.17577069306112128, 0.29684056720030705], [0.29692697032887866, 0.2676960942428517, 0.10275158748936, 0.33262534793890963], [0.22483434593682938, 0.26608960311802665, 0.2228846374058924, 0.2861914135392513], [0.2680852281398423, 0.25919816889696307, 0.19574424018738731, 0.2769723627758074], [0.2446244229926916, 0.25745104177368505, 0.23524951070973107, 0.26267502452389246], [0.20870618039509695, 0.26220741105478135, 0.2847150821672849, 0.24437132638283718], [0.288856952390443, 0.2659526651984621, 0.1316640203413507, 0.31352636206974427], [0.23920786159870158, 0.2642530061805036, 0.21141479676511465, 0.28512433545568067], [0.2863541109400892, 0.26619183781032285, 0.13667492044376536, 0.31077913080582265], [0.279885705509481, 0.2614276348055605, 0.16039521295159512, 0.2982914467333633], [0.2597533963246518, 0.25876326118529325, 0.19487361177006, 0.28660973071999457], [0.27892274070548667, 0.26402630069157046, 0.15047249058999426, 0.30657846801294847], [0.19271144665220616, 0.27016435335450206, 0.2656107035867926, 0.2715134964064992], [0.22842444871023926, 0.2632002753175772, 0.23059973523852925, 0.27777554073365407], [0.2149307000481231, 0.2687217390604711, 0.2354718510428015, 0.28087570984860444], [0.19042596009611149, 0.2684063866081953, 0.27759744377053175, 0.2635702095251613], [0.2818545339876584, 0.2644269226984886, 0.1424649034131987, 0.3112536399006539], [0.22441108267965143, 0.26404595307086537, 0.23630372229378396, 0.2752392419556993], [0.25423964404787536, 0.26162118745325863, 0.2013426930368016, 0.2827964754620646], [0.1704182184236487, 0.28534634541614, 0.25803761522234614, 0.2861978209378647], [0.1889344845995661, 0.2690406565882678, 0.27827370221796, 0.2637511565942062], [0.2050000871194599, 0.26912543055146815, 0.2519229401717634, 0.27395154215730866], [0.30568252491796144, 0.2684635901508317, 0.11441395044444806, 0.3114399344867588], [0.26171670164785904, 0.26650692432561157, 0.17545950470494537, 0.29631686932158396], [0.178977835231645, 0.27370244247396786, 0.2797867889055789, 0.2675329333888083], [0.19130612319836754, 0.27152414412960163, 0.2599665220248486, 0.2772032106471823], [0.2583185624680004, 0.25695228926245167, 0.19953387627694005, 0.2851952719926078], [0.22065583079757778, 0.26084377132507336, 0.2515217976990832, 0.2669786001782654], [0.2514437421088792, 0.26823468511633275, 0.1831564795826395, 0.29716509319214846], [0.29186448577562046, 0.262620289306625, 0.12383305374216673, 0.32168217117558773], [0.2771379183999391, 0.2634443740257083, 0.1590743981664609, 0.3003433094078917], [0.16272505563801065, 0.2703541595551224, 0.32847524816930174, 0.23844553663756543], [0.2554592379522852, 0.26327772986765907, 0.18632983340494944, 0.2949331987751062], [0.19772884628577, 0.26944534825617594, 0.26026597752306385, 0.2725598279349902], [0.26480947332447596, 0.2627545543300762, 0.17702130658926635, 0.2954146657561816], [0.23466092913339137, 0.2709879772517788, 0.19804547656844074, 0.29630561704638897], [0.25135439301693296, 0.26282763787477115, 0.20500524801313866, 0.28081272109515704], [0.25899105341321904, 0.2616116077460285, 0.1879415972006615, 0.2914557416400907], [0.15146080808554788, 0.2865457258214284, 0.2873973427507531, 0.2745961233422708], [0.2292518037853307, 0.2676520470736717, 0.2150864233152436, 0.2880097258257538], [0.22937832421259033, 0.2597079657820481, 0.24377629807430337, 0.2671374119310584], [0.292194907002474, 0.2691864583373279, 0.10991777336110359, 0.3287008612990946], [0.2901804014721701, 0.2672099934672474, 0.12185718475035487, 0.32075242031022727], [0.2977530682395523, 0.26799106852700394, 0.10735010765350915, 0.3269057555799348], [0.26388145255151624, 0.26500627497488294, 0.16901805025383773, 0.30209422221976334], [0.22683742122529343, 0.26398346648206966, 0.23301493258829814, 0.27616417970433865], [0.2761224591119135, 0.261182997177393, 0.16515042611805472, 0.29754411759263877], [0.20395060946771273, 0.278231164575387, 0.2305964299750453, 0.28722179598185493], [0.1962384568682674, 0.2668308415478793, 0.2713581180014304, 0.2655725835824232], [0.28925271810460934, 0.2672185970042623, 0.14021489742092405, 0.3033137874702043], [0.2585710152137299, 0.2636393526498871, 0.18471293367484382, 0.293076698461539], [0.25108234158419185, 0.26223998032347684, 0.1934015856595054, 0.29327609243282604], [0.2905210904349055, 0.26468079085384294, 0.13770583107959253, 0.307092287631659], [0.2463930475045486, 0.2726378424964887, 0.1872103771473611, 0.29375873285160176], [0.2870272709966071, 0.2643825113770168, 0.1406877863418304, 0.30790243128454586]]}, "rewritten": {"ids": ["97112290", "97113260", "98107210", "98108580", "98108970", "98110810", "98111860", "98117740", "98121790", "99105921", "99108000", "99108310", "99108330", "99109311", "99109740", "99109910", "99119830", "100108080", "100108260", "100108990", "100111080", "100111390", "100116790", "101108580", "101109000", "101110150", "101111210", "101111990", "101112690", "101114020", "101114990", "101115190", "101116130", "101121640", "102109010", "102109840", "102110850", "102112250", "102116500", "103110760", "103113260", "103113640", "104111620", "104111990", "104113000", "104113380", "104116800", "104119290", "105112130", "105113170", "105113210", "105113440", "105114220", "105117200", "105119550", "105119950", "105121370", "106113190", "106114011", "106114150", "106114280", "106114880", "106115240", "106116370", "106116441", "106117770", "106117790", "106119580", "106120640", "106121220", "107114140", "107115250", "107118120", "107118490", "107118780", "107119390", "107120260", "107121230", "107121700", "108113760", "108114270", "108114360", "108115570", "108115970", "108116070", "108116120", "108116481", "108116501", "108119330", "108120060", "108120621", "109113881", "109113931", "109114030", "109114220", "109117271", "110114651", "110114720", "110115250", "110115980", "110116501", "110117080", "110117870", "110118111", "110118740", "110118880", "110118930", "110120531", "110120540", "110121140", "110121500", "110121720", "111114321", "111115780", "111116040", "111116090", "111117120", "111117480", "111118810", "111119150", "111119300", "111119930", "111119950", "111120190", "111120260", "111121351", "111121410", "112116540", "112117431", "112117660", "112118581", "112118810", "112118930", "112119500", "112119580", "112121360", "112121410", "113118630", "113119120", "113120830", "113121010", "113122170"], "labels": [1, 1, 1, 0, 3, 1, 0, 2, 2, 1, 2, 2, 1, 1, 3, 2, 1, 0, 3, 2, 0, 2, 2, 0, 1, 1, 2, 2, 1, 3, 3, 1, 2, 2, 1, 2, 3, 0, 1, 1, 3, 1, 0, 2, 1, 1, 1, 1, 1, 0, 3, 0, 3, 3, 1, 3, 2, 0, 1, 1, 3, 0, 1, 2, 0, 0, 1, 3, 3, 1, 2, 2, 3, 2, 1, 2, 1, 0, 3, 1, 3, 1, 3, 2, 1, 1, 0, 0, 0, 1, 1, 0, 1, 1, 3, 0, 3, 3, 1, 1, 3, 1, 3, 1, 3, 0, 1, 0, 1, 3, 3, 3, 1, 1, 0, 3, 2, 1, 0, 3, 1, 1, 0, 3, 3, 0, 0, 1, 0, 0, 1, 3, 1, 2, 3, 3, 0, 3, 3, 3, 2, 1], "predicted_labels": [1, 3, 2, 1, 1, 2, 2, 3, 0, 0, 3, 1, 3, 1, 1, 2, 1, 1, 0, 0, 0, 1, 3, 0, 0, 3, 1, 1, 3, 3, 1, 3, 3, 3, 1, 2, 2, 0, 3, 0, 2, 0, 0, 1, 3, 3, 3, 0, 3, 3, 3, 2, 0, 2, 3, 1, 1, 3, 3, 0, 0, 3, 0, 3, 3, 3, 2, 2, 2, 3, 1, 2, 3, 1, 3, 3, 3, 1, 2, 1, 1, 3, 2, 1, 2, 0, 3, 1, 0, 2, 1, 1, 3, 0, 1, 3, 1, 2, 1, 0, 1, 3, 3, 3, 0, 3, 1, 1, 1, 2, 2, 1, 1, 1, 3, 3, 1, 3, 0, 2, 3, 1, 0, 2, 0, 0, 1, 1, 3, 3, 2, 3, 2, 2, 0, 2, 1, 3, 3, 1, 1, 2], "confidence_scores": [[0.22384936102194686, 0.26046632305761475, 0.2583872467506173, 0.25729706916982087], [0.21898434501054817, 0.2634872885252188, 0.2467331575666661, 0.2707952088975668], [0.1913133007263165, 0.26580025435193066, 0.29969024022306956, 0.2431962046986832], [0.2459050714558746, 0.2614293454302934, 0.20975154520481573, 0.2829140379090163], [0.2143030924352244, 0.26153582735063097, 0.2665556999768507, 0.2576053802372936], [0.18473653373985469, 0.2662793272796434, 0.3101846823317707, 0.23879945664873123], [0.19434664118664896, 0.2652924018435478, 0.2843320658303422, 0.25602889113946087], [0.24897187958828607, 0.2620384339897567, 0.2047134573119782, 0.28427622910997913], [0.23394877317148738, 0.25814171909458056, 0.2534667135302115, 0.25444279420372073], [0.27331358057304594, 0.25944963505487323, 0.1692890471268955, 0.2979477372451853], [0.2709626266016157, 0.25976340943753135, 0.17992093535001474, 0.2893530286108381], [0.2584870136449885, 0.2604747829863463, 0.1985385199532174, 0.28249968341544773], [0.18063301995634495, 0.2710532019851612, 0.2835988849631855, 0.2647148930953082], [0.24217119313796265, 0.25947349438124123, 0.23506847507252196, 0.26328683740827424], [0.22754316553937917, 0.2605365026441805, 0.25689758019925163, 0.2550227516171886], [0.1558517611625837, 0.27376655661314053, 0.33051967218265094, 0.2398620100416249], [0.22341176838523488, 0.2638484974091856, 0.24241867002095493, 0.2703210641846246], [0.23281510357948024, 0.260602477243595, 0.24070717011068163, 0.26587524906624305], [0.25187937712985997, 0.2579152667065632, 0.21446723316717609, 0.2757381229964006], [0.2232997485367654, 0.2598383396013893, 0.27361986214931333, 0.2432420497125317], [0.2640989020372443, 0.2570733606802365, 0.21209829957822116, 0.26672943770429813], [0.22706929256988365, 0.2613800442260481, 0.2555471686515305, 0.25600349455253774], [0.19629574883034823, 0.2701467515687062, 0.2666102338299504, 0.26694726577099487], [0.31465905196062033, 0.26077526349535907, 0.10697709398204625, 0.31758859056197447], [0.23991716897049767, 0.25709095631011325, 0.25260958309439124, 0.25038229162499787], [0.264164646528768, 0.2578997521825776, 0.19621483059969588, 0.28172077068895846], [0.18027155382069696, 0.2717163228121936, 0.28741934281952186, 0.26059278054758755], [0.22257252688614584, 0.2625198231384184, 0.25222898199568516, 0.2626786679797505], [0.25327088583638674, 0.2599891649659679, 0.2057565568014685, 0.28098339239617737], [0.2580943521957361, 0.2572442661823866, 0.2102945156901013, 0.27436686593177617], [0.19821421547128207, 0.2761068610958191, 0.23841594147267442, 0.2872629819602244], [0.2544795200386263, 0.2589503027887251, 0.20179320834908418, 0.2847769688235643], [0.25286464991603214, 0.25878521782086067, 0.2137048783028474, 0.27464525396026007], [0.26046023655172923, 0.2657759985142426, 0.17731513368023188, 0.29644863125379595], [0.2335469629452609, 0.2614674028771673, 0.22701014362472963, 0.27797549055284226], [0.21877350190721728, 0.2609745732703571, 0.26893130596351716, 0.2513206188589087], [0.20086843833270407, 0.26184720178494547, 0.29876845685452835, 0.23851590302782244], [0.29976613332479013, 0.26149868394059994, 0.133209834082311, 0.30552534865229886], [0.27252016822628333, 0.2585715479752847, 0.17586529666454095, 0.2930429871338909], [0.29959289334165556, 0.2638826788377058, 0.12649359350298428, 0.31003083431765405], [0.1809185904046411, 0.2677369263724941, 0.3048522041057987, 0.24649227911706573], [0.2961547022877892, 0.26533678609057315, 0.1175812442198112, 0.3209272674018264], [0.3123958644968959, 0.2672414992364531, 0.08711539765289436, 0.3332472386137567], [0.21438797674809193, 0.2616492145915712, 0.26943701820400917, 0.2545257904563281], [0.2174033281009923, 0.2629445892609842, 0.2525365719398749, 0.26711551069814854], [0.24383004924859544, 0.2605990358006357, 0.2203933423305645, 0.27517757262020454], [0.2352600992574157, 0.25948920318616475, 0.23423801827630564, 0.2710126792801139], [0.2318473155193112, 0.2584044823829842, 0.25796116133726915, 0.25178704076043545], [0.1859290009300342, 0.27384451398279314, 0.2697968038151954, 0.27042968127197714], [0.2144742474174132, 0.2657405454550698, 0.24426338288280952, 0.2755218242447073], [0.3149531672244452, 0.2663629009767648, 0.09548263548833869, 0.32320129631045125], [0.17103020539072114, 0.27009529775427327, 0.32227530207772404, 0.23659919477728156], [0.2817883752196026, 0.2623013118924412, 0.15395174127761163, 0.3019585716103448], [0.19203071622176, 0.2641344932135217, 0.30699158618524647, 0.23684320437947154], [0.20916911061899546, 0.2681941241368577, 0.2472233139469997, 0.27541345129714717], [0.22438089876967615, 0.2612293046978099, 0.25202077785006677, 0.26236901868244716], [0.19220986150284916, 0.26712078717679083, 0.28330356409035384, 0.2573657872300062], [0.23714051873164085, 0.2628829054276213, 0.22291142951261125, 0.2770651463281266], [0.18630457446696413, 0.2705035624517775, 0.2791784541308636, 0.26401340895039516], [0.2533820133584003, 0.2557925875680626, 0.240400450373953, 0.2504249486995839], [0.22857926512075286, 0.2576084026782287, 0.26749874537131274, 0.24631358682970572], [0.19455743854277951, 0.2669958307858938, 0.2761967167770528, 0.2622500138942738], [0.26377755059964264, 0.25711483395877144, 0.20164699613999074, 0.2774606193015952], [0.2814484300289578, 0.2576079856274173, 0.16974311693910463, 0.2912004674045201], [0.23109070359818631, 0.26054215807900993, 0.23543051482082464, 0.2729366235019793], [0.28832960377922623, 0.26237633358972556, 0.14169971816368218, 0.30759434446736605], [0.195670190593919, 0.2632230171866877, 0.29640118915947056, 0.24470560305992273], [0.13708838621444214, 0.28145048086906105, 0.3742225043069416, 0.20723862860955533], [0.15168819864067476, 0.27907549660174524, 0.3225719545043996, 0.24666435025318054], [0.19362242506526664, 0.27012419439151686, 0.2702076879643831, 0.2660456925788334], [0.17195484717482976, 0.2742031212415829, 0.2965286497989884, 0.257313381784599], [0.21078056468728076, 0.26141645087915333, 0.27114858719771345, 0.2566543972358527], [0.24181797773714528, 0.25978064344783364, 0.2213225331593121, 0.27707884565570906], [0.1858982545505403, 0.27000043745760943, 0.28952286210239686, 0.2545784458894535], [0.19625117351308782, 0.2675976790797154, 0.27143748727309974, 0.2647136601340972], [0.18931084310223265, 0.2762129658498132, 0.2576736075118973, 0.2768025835360568], [0.22368646132134962, 0.26471935357907417, 0.2352175046810858, 0.2763766804184907], [0.22249248868573093, 0.26152550339276426, 0.24680812142031636, 0.2691738865011883], [0.16854796447059517, 0.27264192185751335, 0.30680669319580045, 0.25200342047609087], [0.19671777040404775, 0.2624925753880449, 0.30758659710886177, 0.23320305709904565], [0.2493436940411524, 0.25882328029125967, 0.21869639996260887, 0.27313662570497893], [0.2537865620740481, 0.2594575291360544, 0.20720672196682374, 0.2795491868230738], [0.190806106720161, 0.2667426239877475, 0.28784994488490845, 0.2546013244071831], [0.17011778860976512, 0.27553969474182605, 0.29392980136533947, 0.2604127152830692], [0.21011781977646002, 0.2611265588844614, 0.29075309967658, 0.23800252166249858], [0.2858952255740154, 0.25470578866622007, 0.17625067823749718, 0.2831483075222674], [0.2983553257356637, 0.26813562159232335, 0.12063671049673667, 0.3128723421752765], [0.21187784463173934, 0.26267726349581066, 0.26418825868520784, 0.26125663318724224], [0.24755745177734448, 0.25704699601017017, 0.2359389817497697, 0.2594565704627153], [0.18657373105681976, 0.26750387642051937, 0.29845869382061735, 0.24746369870204368], [0.25936166484745177, 0.2581420231410247, 0.20570451019787556, 0.2767918018136478], [0.2543279707885683, 0.2573577206920003, 0.22425505191937634, 0.26405925660005525], [0.19777174748388568, 0.26764969896991847, 0.27220758888652324, 0.26237096465967275], [0.2993865871581097, 0.26110532185305463, 0.11588427473370971, 0.323623816255126], [0.23052196050503967, 0.2636496694453506, 0.2251367640619648, 0.2806916059876448], [0.22176928605459376, 0.2692968303015915, 0.2267257454818179, 0.2822081381619968], [0.26854754881360343, 0.2586250582288593, 0.17727616078335026, 0.2955512321741871], [0.17944188351631027, 0.2672840366155519, 0.30297543958556306, 0.25029864028257487], [0.18310984585159584, 0.2716349872058381, 0.28402384850370666, 0.26123131843885944], [0.25959962482138604, 0.2587333845049235, 0.21296316854770006, 0.26870382212599025], [0.25421489806909725, 0.26405901452911956, 0.18487377232331131, 0.2968523150784717], [0.2134488965757802, 0.2680252271015815, 0.24232219176714156, 0.2762036845554966], [0.18254248796094774, 0.2753597462339686, 0.2675947018176095, 0.27450306398747387], [0.2209541385492824, 0.2676713002217602, 0.22870882380084356, 0.28266573742811396], [0.2811894728888498, 0.260576453077719, 0.1602182762010669, 0.29801579783236437], [0.30577631461379934, 0.26988210116940375, 0.09858170206770903, 0.3257598821490881], [0.20078625077300918, 0.2650765683320817, 0.2797640472402063, 0.25437313365470254], [0.2362421795488804, 0.2602992977931999, 0.24394782228760165, 0.25951070037031837], [0.18293835743649958, 0.2676274627168281, 0.30583977036786963, 0.24359440947880237], [0.2058020038314507, 0.2632183275166204, 0.28110226112272296, 0.24987740752920598], [0.22222708066223382, 0.2594510182801501, 0.2782926063945666, 0.24002929466304956], [0.20078090168510432, 0.2659512176514339, 0.279882843151496, 0.2533850375119656], [0.20465034235707238, 0.2649556421223493, 0.2706531325855661, 0.2597408829350121], [0.23537011947083403, 0.2606262495708741, 0.23725726344232786, 0.26674636751596403], [0.2601746920959252, 0.2588612299340709, 0.20117133550002386, 0.27979274246998004], [0.2621494015263719, 0.26073366450010366, 0.1869669941130061, 0.29014993986051796], [0.25014367137486776, 0.26321607500130767, 0.19966972124707075, 0.2869705323767541], [0.2687704986953133, 0.2601562700257674, 0.18140239145323098, 0.28967083982568853], [0.2785648690631771, 0.258911638473562, 0.17593255591390944, 0.2865909365493515], [0.1866931473689542, 0.2661157395200275, 0.2941461609628034, 0.2530449521482146], [0.15466781857649436, 0.2821087456033351, 0.3020224878294498, 0.2612009479907209], [0.24479028822536378, 0.257965154347354, 0.23420152874181902, 0.26304302868546314], [0.26707054222061005, 0.2582636996530926, 0.19248454743297913, 0.2821812106933184], [0.182966670074825, 0.2652474358885763, 0.31236237227489055, 0.23942352176170822], [0.2778612539420434, 0.2592987812375916, 0.1695161347376604, 0.2933238300827042], [0.2870636065880515, 0.26194457306854013, 0.1511267124849515, 0.2998651078584568], [0.21640036442231997, 0.26050492463604596, 0.265665490868449, 0.25742922007318497], [0.17447704103977055, 0.2727302802308727, 0.2955855027282141, 0.2572071760011428], [0.24809592952918202, 0.26837135777888815, 0.1909360193551034, 0.2925966933368266], [0.21953796911734072, 0.26369777674303363, 0.25246296882591623, 0.26430128531370944], [0.1503641935888207, 0.280186813993562, 0.3189677856493182, 0.2504812067682988], [0.21421003307660927, 0.26618892042384273, 0.24496188943515798, 0.27463915706438974], [0.2082972859680789, 0.2618682700160324, 0.28581059476652615, 0.24402384924936268], [0.1672028106962518, 0.2686100520421805, 0.32965823559722396, 0.23452890166434348], [0.2679584819844545, 0.25836885078541755, 0.18970281539559572, 0.28396985183453194], [0.2074393226591563, 0.26017138462976613, 0.28917782017474825, 0.24321147253632938], [0.24032685150140226, 0.25948644171838664, 0.23155406088081473, 0.2686326458993966], [0.19659960974112226, 0.2705354955943992, 0.26894898318189386, 0.2639159114825847], [0.2503187423175666, 0.26156790422656134, 0.20149719439767783, 0.28661615905819415], [0.20761598314251353, 0.26815690552528154, 0.24615473393763004, 0.27807237739457497], [0.18929153666618834, 0.27094789767940824, 0.27859803910050807, 0.2611625265538953], [0.19051036379861405, 0.2669096231007496, 0.29216639860328003, 0.2504136144973564]]}}