{"test": {"ids": ["103111540", "111116010", "109114030", "112121351", "112120700", "110121170", "102110690", "99107560", "100107920", "109113591", "105120621", "107117630", "104118340", "105117200", "104111880", "107113130", "98112580", "105117351", "109115220", "99107300", "103113610", "113122180", "105116441", "105115900", "108117720", "108113760", "112116401", "113119930", "106116640", "110120540", "102118380", "113120591", "101112690", "97106820", "97107681", "101119030", "110120560", "110121140", "110114920", "97116410", "111116990", "109121410", "104111990", "105113190", "98108520", "98106560", "107119950", "102110240", "102109010", "113120070", "99105921", "97105960", "104114240", "109119460", "111120190", "97106000", "110115120", "101114990", "104116800", "113120780", "102107961", "113120540", "110117200", "108116070", "111115780", "102110500", "113119320", "105116501", "106116820", "100108080", "98109230", "99111930", "99112300", "108120060", "109114220", "99112531", "113122230", "111121351", "107118520", "103111930", "105113260", "112118421", "111119950", "113119480", "98117740", "107114280", "106119990", "113121750", "101112201", "108120260", "104119340", "98116940", "105118740", "104113550", "108114040", "98107410", "112116990", "111119580", "98120530", "97116800", "108115250", "99109311", "98116500", "101119591", "97113260", "99108580", "105112130", "100110260", "113118421", "108117610", "104113190", "109116040", "104111830", "108114360", "97112300", "110117110", "112117790", "99107500", "104113380", "109120560", "108115070", "105116090", "99108330", "111119150", "112119120", "105119550", "109117730", "98110710", "101113210", "102112301", "99109780", "111119340", "112119610", "111121930", "113122150", "97105451", "110117080", "106113190", "110118450", "112119950", "109119591", "101114020"], "labels": [1, 1, 1, 0, 2, 2, 0, 1, 0, 3, 1, 0, 2, 3, 3, 1, 2, 0, 3, 3, 2, 2, 1, 3, 1, 1, 0, 1, 3, 1, 1, 0, 1, 1, 3, 3, 0, 3, 3, 3, 0, 0, 2, 3, 2, 1, 3, 3, 1, 2, 1, 2, 0, 1, 3, 0, 0, 3, 1, 0, 3, 3, 3, 1, 1, 3, 1, 1, 1, 0, 1, 1, 0, 1, 3, 3, 1, 0, 2, 3, 3, 3, 0, 3, 2, 3, 0, 0, 0, 1, 1, 2, 1, 1, 0, 3, 0, 3, 1, 0, 1, 1, 2, 0, 1, 0, 1, 3, 3, 3, 3, 0, 3, 1, 2, 0, 3, 0, 1, 1, 1, 1, 1, 3, 1, 1, 3, 2, 3, 1, 2, 3, 0, 1, 2, 0, 1, 0, 0, 0, 0, 3], "predicted_labels": [2, 1, 1, 3, 3, 1, 0, 1, 3, 1, 0, 3, 1, 0, 3, 2, 1, 0, 3, 0, 0, 3, 1, 3, 1, 0, 0, 0, 3, 1, 1, 0, 1, 0, 2, 0, 3, 0, 3, 3, 0, 3, 0, 3, 1, 3, 0, 0, 0, 3, 0, 2, 3, 3, 1, 3, 1, 1, 3, 3, 2, 0, 3, 2, 1, 3, 3, 0, 0, 1, 2, 1, 3, 2, 0, 3, 1, 1, 1, 1, 3, 3, 3, 0, 2, 1, 3, 0, 0, 3, 3, 1, 1, 0, 1, 0, 0, 0, 0, 0, 2, 3, 3, 0, 3, 2, 1, 0, 0, 3, 0, 3, 0, 2, 0, 2, 3, 1, 2, 2, 0, 0, 3, 3, 3, 0, 0, 1, 1, 1, 1, 3, 3, 0, 3, 0, 1, 3, 2, 0, 0, 0], "confidence_scores": [[0.18596666073372434, 0.24409349979834957, 0.3265611629945459, 0.24337867647337977], [0.14010609379388062, 0.31459690018888853, 0.21917257408540858, 0.32612443193182195], [0.227857057759891, 0.2973579710272076, 0.16649354543422673, 0.30829142577867497], [0.3159263706392115, 0.27826474722974276, 0.10175450111952614, 0.3040543810115195], [0.19464804135887842, 0.2880296762571461, 0.22251775178618816, 0.29480453059778705], [0.22450472629190185, 0.25456731926913556, 0.23332137964686656, 0.2876065747920961], [0.3137252419538235, 0.2913391257230775, 0.07340937020210933, 0.32152626212098967], [0.23387510045857077, 0.3000744318895642, 0.13786834080994012, 0.3281821268419251], [0.2649634149138414, 0.29386003021794804, 0.1274539089452012, 0.3137226459230093], [0.21949673833637312, 0.30621659031458404, 0.1564289450518055, 0.3178577262972374], [0.38486092222180196, 0.2526791089180377, 0.052658899595650836, 0.3098010692645097], [0.24099874839337487, 0.24718320974176253, 0.2375859791599912, 0.2742320627048713], [0.18013151650715697, 0.30409347564740524, 0.19271859525672402, 0.32305641258871387], [0.2626767430123735, 0.24523488535866242, 0.21863142859288348, 0.2734569430360805], [0.18022201266819665, 0.26390507715119205, 0.263281265214074, 0.2925916449665374], [0.09708620268861051, 0.2398944563489681, 0.47107693300022113, 0.1919424079622002], [0.15837298664913432, 0.3200388987439321, 0.19790682999853484, 0.32368128460839884], [0.35208218601681796, 0.2539489865343178, 0.08839372558848071, 0.3055751018603835], [0.24747337300932756, 0.28539564861115335, 0.15057126221056133, 0.31655971616895784], [0.32334557132551267, 0.2773550098034865, 0.08137582294416199, 0.3179235959268388], [0.2487433401080151, 0.24065187510278546, 0.24077671592027622, 0.26982806886892347], [0.28448984933528276, 0.27830967489015984, 0.1402431495395364, 0.2969573262350209], [0.26611261197597785, 0.27432287828667884, 0.15349677749868798, 0.3060677322386555], [0.24492905606792315, 0.25784593330142846, 0.21975025759441627, 0.2774747530362322], [0.25728304154634973, 0.2836778813106201, 0.14908825174314416, 0.30995082539988605], [0.29006914848280446, 0.2428672238296271, 0.2089191830242487, 0.2581444446633195], [0.3917358000822708, 0.2266839433096699, 0.11466733889420282, 0.26691291771385656], [0.30945272572077687, 0.24726382226769095, 0.18890544122311154, 0.2543780107884207], [0.25607182212568175, 0.2670607699739053, 0.18005020312342807, 0.29681720477698503], [0.16405601647082227, 0.30653608666262006, 0.2077474375336659, 0.3216604593328922], [0.1173173462128936, 0.30609272344674304, 0.2958183472561933, 0.28077158308416994], [0.3093984247015647, 0.2784250790020506, 0.10684950514473818, 0.3053269911516464], [0.17686447442896724, 0.2839302178877155, 0.2705454303487498, 0.2686598773345674], [0.2982632355248062, 0.22729540997111722, 0.21050263415198428, 0.2639387203520922], [0.1854784547656406, 0.22424188745593332, 0.331845594524803, 0.25843406325362345], [0.3343933501252824, 0.2713117188664023, 0.10576780139396572, 0.2885271296143496], [0.2217470457005065, 0.2692687658159195, 0.24006578833354697, 0.2689184001500268], [0.2879340158725414, 0.23634481084698605, 0.2390348997122365, 0.23668627356823607], [0.26938160676147427, 0.3042550285540895, 0.11231121913852304, 0.3140521455459131], [0.23378161898729072, 0.2569489344245162, 0.22379811123314694, 0.2854713353550461], [0.39451450412339784, 0.23912990779038332, 0.07655067938221038, 0.28980490870400827], [0.24323854395622937, 0.30380820910952816, 0.1493641441150058, 0.3035891028192368], [0.3095739114919725, 0.2764051351329823, 0.10763774023484203, 0.30638321314020345], [0.32386414413810566, 0.2590195460526734, 0.13332885010903797, 0.2837874597001827], [0.25827251697972936, 0.30663531840810787, 0.11910797162884049, 0.3159841929833224], [0.26041224892512216, 0.2765644879095692, 0.17046331092045297, 0.2925599522448554], [0.2825852426473997, 0.27250300003767497, 0.14205113707396125, 0.3028606202409643], [0.2899050051801167, 0.26004079344070913, 0.17605241064000546, 0.2740017907391689], [0.27030540060381086, 0.2593233175681715, 0.19667463254182949, 0.27369664928618803], [0.14880478369487798, 0.2578094291639203, 0.30655540653191743, 0.2868303806092843], [0.2493646136426151, 0.23887907422176555, 0.265381522618872, 0.2463747895167475], [0.1882178740475762, 0.23166100737422948, 0.33021309392004766, 0.2499080246581463], [0.2602351385554404, 0.2933636628126257, 0.14527765062920897, 0.3011235480027247], [0.26168305032725586, 0.2726954685879115, 0.1723948961653293, 0.29322658491950343], [0.25215051335422756, 0.2984822055974098, 0.13452325848576974, 0.31484402256259275], [0.11984559948457202, 0.32028293358533527, 0.23557363458357475, 0.32429783234651777], [0.24571356101907624, 0.2845326300504107, 0.18170683236139326, 0.28804697656912], [0.13413579619242233, 0.3419278437001095, 0.19394362748758606, 0.329992732619882], [0.17282860308509843, 0.2960226389829493, 0.2270098612208582, 0.30413889671109423], [0.2313182327926448, 0.27576009815949915, 0.1967836989984241, 0.296137970049432], [0.20873657523739125, 0.25277601923507115, 0.30596810793572904, 0.2325192975918081], [0.39691322301990484, 0.24339381274830685, 0.08257693822235099, 0.27711602600943747], [0.23846198798954146, 0.28178926476871685, 0.16943500989272442, 0.3103137373490172], [0.18878402385149828, 0.24915943473916743, 0.3321269374040014, 0.22992960400533297], [0.2719675699834372, 0.2883621954082666, 0.133634883220473, 0.30603535138782295], [0.28240049888493735, 0.2615449252108738, 0.164047691722314, 0.2920068841818751], [0.3174512081864226, 0.28500139277854586, 0.08103363213688566, 0.31651376689814575], [0.35249376537119037, 0.2759891518525428, 0.04793625155711222, 0.3235808312191546], [0.29787499589361255, 0.2717742998335989, 0.13119348308140819, 0.29915722119138055], [0.23836179080262793, 0.3161395140248378, 0.11538544150762564, 0.3301132536649087], [0.16751865552611542, 0.23358171840671366, 0.3611231047566525, 0.23777652131051843], [0.12346799849554163, 0.3080314074972344, 0.28297060086815046, 0.28552999313907335], [0.18880028804364793, 0.23875360959527617, 0.2993494239840047, 0.27309667837707124], [0.23606281040697144, 0.2353441030588996, 0.28961253080038163, 0.2389805557337473], [0.2681957204691725, 0.2311372026642197, 0.25224426951722906, 0.24842280734937885], [0.24917482952728118, 0.3281105510900203, 0.09673898591665386, 0.32597563346604463], [0.18777758321920485, 0.28615997907112883, 0.24860851330521586, 0.27745392440445066], [0.2500937611413703, 0.29704074226500365, 0.1459711276695861, 0.30689436892404004], [0.1853852692907633, 0.2763559755358403, 0.26797073002083915, 0.2702880251525574], [0.24354347458487277, 0.26158819631741625, 0.2670937365102601, 0.22777459258745086], [0.24943010315855424, 0.2847499593637148, 0.16752945625337617, 0.29829048122435475], [0.3192429412807368, 0.26938259281349536, 0.09924976066946402, 0.31212470523630415], [0.2582561751112265, 0.28459912795909376, 0.15616872725904318, 0.30097596967063633], [0.3237080461300612, 0.26595894081457655, 0.11367588644328246, 0.2966571266120798], [0.14028500223446716, 0.2746614630903053, 0.3157745648927991, 0.2692789697824282], [0.2473009792387515, 0.2925640438216324, 0.166944716142227, 0.2931902607973894], [0.22193424285766394, 0.3088504265021996, 0.14778810459245287, 0.32142722604768353], [0.36111668427696586, 0.2616759928650213, 0.06659048998293023, 0.3106168328750826], [0.31752978834103934, 0.26058316935119985, 0.13633866078095644, 0.2855483815268042], [0.28976424916446136, 0.29903852996535074, 0.10777116067287597, 0.30342606019731205], [0.2640611836662742, 0.3077853096763885, 0.10763624730137485, 0.3205172593559623], [0.23950995996187327, 0.30623463762136355, 0.14657697425800284, 0.3076784281587605], [0.16237090485025962, 0.3134158175590419, 0.21521892584624278, 0.3089943517444557], [0.2955561074910064, 0.2295086242390135, 0.20242816043157322, 0.2725071078384066], [0.23441177657891787, 0.2877119229337867, 0.1725053822686421, 0.3053709182186536], [0.3624884499003252, 0.20522446115364185, 0.16931340391853378, 0.2629736850274992], [0.37724826887773427, 0.20781682196764903, 0.14524684582307917, 0.2696880633315376], [0.3945145947889287, 0.2041492169109941, 0.1509344341460274, 0.25040175415404964], [0.3399589657764805, 0.24607635813250975, 0.11387457043811848, 0.3000901056528912], [0.3825171496934175, 0.20733311640590624, 0.17116792308581075, 0.23898181081486577], [0.19871423125821192, 0.24917610804778165, 0.2900207090700064, 0.26208895162400014], [0.22173542277608274, 0.2810641242909606, 0.20172677743940692, 0.2954736754935498], [0.22525864377390803, 0.2879039384660757, 0.18440258461227407, 0.3024348331477422], [0.40391207066425855, 0.194783237953015, 0.1404154279252433, 0.26088926345748314], [0.18593632172120464, 0.23344654128123274, 0.3129035588996218, 0.2677135780979408], [0.14303135254656685, 0.2723322838066671, 0.3781103393687789, 0.2065260242779873], [0.21198020494895017, 0.3052013203052813, 0.16782162698689748, 0.31499684775887093], [0.3624358565320354, 0.22354850367063558, 0.12817637083060404, 0.2858392689667253], [0.37976640516897675, 0.2437868037275218, 0.06856922953200457, 0.30787756157149715], [0.3407639690051481, 0.2678835845702191, 0.07777987169980456, 0.3135725747248284], [0.3278144770591277, 0.24424334375173373, 0.14361892659959793, 0.2843232525895406], [0.18993027060277473, 0.23380804162447705, 0.28394703133093135, 0.292314656441817], [0.27376058213460625, 0.27691118100674533, 0.15229512900578543, 0.297033107852863], [0.14643531936182225, 0.26926033449215775, 0.33290118131962304, 0.2514031648263971], [0.28281006193875474, 0.26005720305396773, 0.16796774752116272, 0.2891649874861147], [0.13679849020590337, 0.23754844683269727, 0.41295803296775724, 0.21269502999364195], [0.279220178624401, 0.2715138590374107, 0.1453196350838344, 0.30394632725435367], [0.14968185420948316, 0.3074701300718268, 0.22721151349390004, 0.31563650222479006], [0.20711437275030023, 0.23637788701592244, 0.31026169618083993, 0.24624604405293712], [0.07657972177291755, 0.23227725568586943, 0.46713495613956546, 0.22400806640164764], [0.3045915274526107, 0.2553629548557246, 0.16759347071710984, 0.2724520469745551], [0.34343718914974236, 0.24230674095481392, 0.12798501370506063, 0.2862710561903832], [0.18181946570280183, 0.2767359120753459, 0.24588868403327696, 0.2955559381885754], [0.2839196338634724, 0.27948170675551687, 0.12784248303989476, 0.3087561763411161], [0.3007891750659004, 0.25131023516758266, 0.16127564655482104, 0.2866249432116959], [0.32070823752000893, 0.28117713340523914, 0.09174483612525787, 0.30636979294949435], [0.3503799517280999, 0.24284847618229055, 0.12609258970086823, 0.2806789823887416], [0.18847924555977927, 0.29732808049167847, 0.21592743410020154, 0.2982652398483408], [0.2194108634755713, 0.2857930142911819, 0.19633255992543905, 0.29846356230780796], [0.19906670513108018, 0.27777118177320004, 0.25863518877600145, 0.2645269243197182], [0.16710371965821055, 0.300140817858936, 0.2403927303282704, 0.29236273215458286], [0.2794559422861789, 0.3086077325817798, 0.09466650548807383, 0.3172698196439675], [0.16777434784423972, 0.2728619361577233, 0.2732820698313596, 0.2860816461666774], [0.40370299370468005, 0.22832586745580064, 0.0897024488251391, 0.2782686900143805], [0.2349571283107128, 0.2793222011914844, 0.1944676647856198, 0.29125300571218304], [0.3787982103703811, 0.2485560938464895, 0.07663566701392338, 0.2960100287692061], [0.14208330904461086, 0.3058625578720905, 0.21682691197869416, 0.3352272211046046], [0.25067281471727976, 0.29377086650170553, 0.1434188480349899, 0.31213747074602477], [0.10960596635452566, 0.26578811525704976, 0.39742995853454804, 0.22717595985387662], [0.3274335949091312, 0.284802608820281, 0.07706611768110105, 0.3106976785894866], [0.2659971245581654, 0.25462630376822315, 0.20527802260512945, 0.2740985490684823], [0.2781798507082814, 0.2655881730551675, 0.18783816172500567, 0.26839381451154565]]}, "rewritten": {"ids": ["97105451", "97105960", "97106000", "97106820", "97107681", "97112300", "97113260", "97116410", "97116800", "98106560", "98107410", "98108520", "98109230", "98110710", "98112580", "98116500", "98116940", "98117740", "98120530", "99105921", "99107300", "99107500", "99107560", "99108330", "99108580", "99109311", "99109780", "99111930", "99112300", "99112531", "100107920", "100108080", "100110260", "101112201", "101112690", "101113210", "101114020", "101114990", "101119030", "101119591", "102107961", "102109010", "102110240", "102110500", "102110690", "102112301", "102118380", "103111540", "103111930", "103113610", "104111830", "104111880", "104111990", "104113190", "104113380", "104113550", "104114240", "104116800", "104118340", "104119340", "105112130", "105113190", "105113260", "105115900", "105116090", "105116441", "105116501", "105117200", "105117351", "105118740", "105119550", "105120621", "106113190", "106116640", "106116820", "106119990", "107113130", "107114280", "107117630", "107118520", "107119950", "108113760", "108114040", "108114360", "108115070", "108115250", "108116070", "108117610", "108117720", "108120060", "108120260", "109113591", "109114030", "109114220", "109115220", "109116040", "109117730", "109119460", "109119591", "109120560", "109121410", "110114920", "110115120", "110117080", "110117110", "110117200", "110118450", "110120540", "110120560", "110121140", "110121170", "111115780", "111116010", "111116990", "111119150", "111119340", "111119580", "111119950", "111120190", "111121351", "111121930", "112116401", "112116990", "112117790", "112118421", "112119120", "112119610", "112119950", "112120700", "112121351", "113118421", "113119320", "113119480", "113119930", "113120070", "113120540", "113120591", "113120780", "113121750", "113122150", "113122180", "113122230"], "labels": [0, 2, 0, 1, 3, 2, 1, 3, 0, 1, 3, 2, 1, 2, 2, 2, 2, 2, 1, 1, 3, 0, 1, 1, 0, 1, 2, 1, 0, 3, 0, 0, 3, 0, 1, 3, 3, 3, 3, 0, 3, 1, 3, 3, 0, 1, 1, 1, 3, 2, 3, 3, 2, 3, 1, 1, 0, 1, 2, 1, 1, 3, 3, 3, 1, 1, 1, 3, 0, 1, 1, 1, 0, 3, 1, 0, 1, 3, 0, 2, 3, 1, 0, 1, 1, 1, 1, 3, 1, 1, 1, 3, 1, 3, 3, 0, 3, 1, 0, 1, 0, 3, 0, 1, 0, 3, 0, 1, 0, 3, 2, 1, 1, 0, 3, 3, 3, 0, 3, 0, 1, 0, 0, 3, 3, 1, 0, 0, 2, 0, 3, 1, 3, 1, 2, 3, 0, 0, 0, 2, 2, 1], "predicted_labels": [0, 2, 3, 3, 2, 3, 3, 3, 0, 3, 0, 1, 2, 1, 1, 3, 1, 3, 3, 2, 1, 1, 1, 1, 2, 3, 1, 1, 3, 3, 3, 1, 0, 0, 2, 1, 3, 1, 0, 0, 2, 1, 2, 3, 1, 1, 1, 2, 1, 2, 3, 3, 1, 3, 2, 3, 1, 3, 1, 3, 3, 3, 3, 2, 0, 1, 0, 2, 0, 1, 0, 3, 3, 3, 0, 3, 2, 1, 2, 1, 3, 0, 3, 2, 1, 2, 2, 3, 3, 2, 1, 1, 3, 2, 3, 3, 0, 3, 1, 2, 3, 1, 1, 1, 2, 3, 2, 1, 2, 0, 1, 1, 1, 3, 3, 3, 0, 3, 1, 1, 0, 0, 0, 3, 3, 0, 3, 3, 3, 3, 0, 3, 0, 0, 2, 0, 3, 1, 0, 3, 3, 1], "confidence_scores": [[0.35439099601719126, 0.25870712507913496, 0.08908840294479352, 0.2978134759588805], [0.15461941081305366, 0.24862984067872387, 0.3343933524226928, 0.2623573960855299], [0.10755904974360636, 0.2978867804804846, 0.295831291506268, 0.2987228782696413], [0.26070055902703193, 0.2406705600292648, 0.2272486861875839, 0.27138019475611935], [0.15613372093143196, 0.21032181045071263, 0.38898408294685266, 0.24456038567100252], [0.2700834311812446, 0.2505834054728001, 0.19808627895704203, 0.28124688438891327], [0.15855759009093753, 0.24471836432468003, 0.324953463982342, 0.2717705816020404], [0.18971813729796677, 0.2684601492688488, 0.2592420440114613, 0.28257966942172297], [0.3401807923396588, 0.21939395986962026, 0.18926401895939202, 0.25116122883132896], [0.24465976703443457, 0.2707927024745974, 0.1976205711272671, 0.2869269593637012], [0.2777619677112547, 0.22160162401218877, 0.24669235624462954, 0.25394405203192705], [0.2609054226483576, 0.2965494374447626, 0.13351737520304147, 0.3090277647038383], [0.16206705070545874, 0.23221198466321905, 0.36814165224901785, 0.23757931238230454], [0.14248283435016748, 0.304689744994279, 0.2619059386285245, 0.290921482027029], [0.19231402848876633, 0.297417418229682, 0.19843703886290606, 0.31183151441864526], [0.22629564785904654, 0.287121720100021, 0.18349929150119168, 0.3030833405397404], [0.16463781482813997, 0.29844633306970486, 0.27281958679178553, 0.2640962653103694], [0.12492991497321149, 0.2783630565615952, 0.3119754152209777, 0.28473161324421564], [0.3062328975070526, 0.26123483671877634, 0.1288763138260308, 0.3036559519481401], [0.2268992051792938, 0.23679981028840452, 0.2933653434393655, 0.2429356410929362], [0.29432877291331316, 0.28207917980025343, 0.10803757395471004, 0.3155544733317234], [0.1328575632767754, 0.29009549218400354, 0.27850070663665155, 0.29854623790256946], [0.16557348848410713, 0.30741089253549747, 0.20733050480298196, 0.3196851141774133], [0.16831499015163418, 0.2773283282621479, 0.264597368807652, 0.2897593127785657], [0.11577363822997501, 0.2756391682828791, 0.3981656526472434, 0.21042154083990247], [0.15613583825743776, 0.28303052085741726, 0.26821075796746296, 0.2926228829176819], [0.1653476472696458, 0.2890613771639597, 0.26724631716266856, 0.2783446584037261], [0.11535907424936755, 0.3047598371571527, 0.29268064802984833, 0.2872004405636313], [0.16602133792303855, 0.25416779882626256, 0.29515144290817924, 0.2846594203425198], [0.2001047160585308, 0.31360488697665223, 0.172727559141079, 0.31356283782373806], [0.26344005083035205, 0.2883391874046551, 0.13871559189269805, 0.3095051698722948], [0.20589631938947156, 0.3033626574932434, 0.17641590017459097, 0.3143251229426939], [0.3382303352929301, 0.22795512936029286, 0.15661095311935436, 0.2772035822274227], [0.3014096891858026, 0.26402651205989197, 0.14857102855160823, 0.28599277020269726], [0.1418999213664661, 0.2769232916109692, 0.3219724496419922, 0.25920433738057264], [0.1990883039286634, 0.28579289373470423, 0.22072702519465676, 0.29439177714197584], [0.21524724707121504, 0.275566295654951, 0.23678526081596285, 0.27240119645787103], [0.13919880236978163, 0.3086763739132979, 0.2512954693781975, 0.3008293543387229], [0.2948614799389749, 0.2722304924495003, 0.1485705204160778, 0.284337507195447], [0.3740059713661274, 0.2063100474113257, 0.16572441913973113, 0.2539595620828157], [0.1880518614827313, 0.25723345156346117, 0.3298364558620327, 0.22487823109177485], [0.24336797023400902, 0.2597837923429808, 0.22423272965058372, 0.27261550777242644], [0.217250457451643, 0.2600913866445256, 0.266452666768431, 0.25620548913540053], [0.2876436751125789, 0.24443618814427034, 0.18334123034441327, 0.2845789063987374], [0.2920872447110552, 0.29509500104365577, 0.09545988069962014, 0.31735787354566897], [0.1865706367581694, 0.28629801872006533, 0.248354413913986, 0.2787769306077794], [0.11488750540942469, 0.30305442138778216, 0.3033069478487654, 0.2787511253540277], [0.14235828060992345, 0.2556199342624632, 0.3461350006718933, 0.25588678445572033], [0.25127058465795493, 0.26036146480285216, 0.2593050464984106, 0.2290629040407826], [0.2409759346390371, 0.23650498900585445, 0.26126645879835403, 0.2612526175567545], [0.1744002099550341, 0.29724530048565934, 0.22694950429699068, 0.30140498526231596], [0.13616306558879954, 0.25984175746920424, 0.32413924896468593, 0.2798559279773099], [0.2995709650192251, 0.2747161087213841, 0.12582430127424185, 0.29988862498514907], [0.251989600891416, 0.2696784138374512, 0.1891881747701398, 0.289143810500993], [0.14921084995867814, 0.2405463183780602, 0.3634014835116525, 0.24684134815160944], [0.28707338314454983, 0.24229036412678182, 0.19226421049957218, 0.278372042229096], [0.23704770929634641, 0.2801878922154853, 0.19652259875964304, 0.28624179972852515], [0.15059366738490235, 0.30832085867370324, 0.2311053752462073, 0.3099800986951871], [0.1559384670896048, 0.304607860955468, 0.2202410445964868, 0.3192126273584403], [0.21648148801852746, 0.29497780419530156, 0.18028771545576494, 0.3082529923304061], [0.18248268644308457, 0.31242146932545184, 0.18619753590470778, 0.31889830832675564], [0.29493899315675104, 0.2528223944200674, 0.17565295570766834, 0.27658565671551333], [0.24840485712938057, 0.2815854524173992, 0.16270023039367332, 0.3073094600595469], [0.16842304843005848, 0.25628255354264506, 0.30756296757400436, 0.26773143045329206], [0.25422887970643604, 0.2440813760125983, 0.2404805836367365, 0.26120916064422917], [0.14460947815725103, 0.28622689034499793, 0.28106467450663714, 0.2880989569911138], [0.32949621388913275, 0.27969273308435394, 0.06654717305354735, 0.3242638799729661], [0.19009139230327385, 0.2489739524984444, 0.30181742501758013, 0.25911723018070154], [0.3181368449497371, 0.2651839412988632, 0.1116737307564576, 0.3050054829949421], [0.15765795944492958, 0.2983565328289022, 0.2494242210043729, 0.29456128672179555], [0.29990937784881416, 0.2827781441222175, 0.11552582213563838, 0.3017866558933298], [0.35420649647054014, 0.2618086554810191, 0.07424819009980917, 0.3097366579486313], [0.24805155736403153, 0.2874547654551976, 0.1556136875472739, 0.30887998963349694], [0.21773553374731955, 0.2678516090379217, 0.21678934303774225, 0.2976235141770163], [0.2889378496178352, 0.2680596056255702, 0.14905994805665065, 0.2939425966999441], [0.17803542238435874, 0.31021819412023843, 0.18790898964595137, 0.32383739384945137], [0.12892791387865507, 0.2502753711563331, 0.431805266186245, 0.18899144877876703], [0.20626240055415201, 0.2978089578465445, 0.2054408187230954, 0.29048782287620795], [0.21409073186007208, 0.24371727531901777, 0.28027621572796535, 0.2619157770929448], [0.14736860097281151, 0.2904108452814282, 0.2850537087472487, 0.2771668449985118], [0.26724220785839176, 0.2670325857738479, 0.16836309717597195, 0.2973621091917882], [0.2646585019946494, 0.24650773793368036, 0.23475081820096, 0.2540829418707103], [0.15921120956982646, 0.28466159054567813, 0.26040129716008714, 0.29572590272440813], [0.13510086468458077, 0.2783597084591286, 0.3229448739324191, 0.2635945529238713], [0.24214907663917676, 0.25212197554030774, 0.2571574372277938, 0.24857151059272167], [0.18608620712493798, 0.24906848457865086, 0.30370671881837635, 0.26113858947803503], [0.16415625748999577, 0.2511225285657807, 0.3610520940033658, 0.2236691199408577], [0.2879651180956282, 0.2905234338266416, 0.10654810524918808, 0.3149633428285424], [0.2572939396054357, 0.27781130086636574, 0.15900281213444392, 0.3058919473937546], [0.20272092168514164, 0.25007734390158415, 0.3038557657730904, 0.2433459686401839], [0.28204777681949417, 0.2880181631100172, 0.13730817194789388, 0.2926258881225947], [0.19824698764660612, 0.3016374347089645, 0.18819556802890047, 0.31192000961552924], [0.22526004708270222, 0.2769158975905975, 0.20470114448708654, 0.2931229108396136], [0.2397794113004042, 0.2398159219972901, 0.26327544527556723, 0.25712922142673855], [0.23205870221310534, 0.28479995189048024, 0.17149505316057093, 0.3116462927358436], [0.1535921736957017, 0.2578922711642054, 0.28158413886992184, 0.30693141627017145], [0.3366660573151962, 0.2407289951336318, 0.14556560600461996, 0.2770393415465522], [0.26476762746027704, 0.2659699963510869, 0.1809983668729043, 0.28826400931573165], [0.23036939709496454, 0.2722016411241552, 0.2124941514963223, 0.28493481028455786], [0.06940640346692797, 0.23075450743220993, 0.4882987270575802, 0.2115403620432818], [0.207528912320084, 0.3008846457312182, 0.19266885059366393, 0.2989175913550339], [0.22524639225951681, 0.29135300062775593, 0.18557351512397507, 0.2978270919887521], [0.21684548248959148, 0.284594480234685, 0.2206437329777734, 0.27791630429794995], [0.1416585373190951, 0.3064774827687545, 0.2206024840987548, 0.3312614958133955], [0.12202319542979102, 0.25437712004138213, 0.4036406949552349, 0.219958989573592], [0.2417415758679828, 0.27905183330948824, 0.17125744488962283, 0.3079491459329059], [0.11089569876375197, 0.2588647819325183, 0.41655756184605336, 0.2136819574576763], [0.15132937296217402, 0.3109495107776599, 0.2131194199655566, 0.32460169629460944], [0.20240544962056137, 0.2609548324313683, 0.2761376634120729, 0.2605020545359977], [0.2806494104642813, 0.24700098904655599, 0.21193494819541947, 0.26041465229374317], [0.1461567954420052, 0.28202479427206306, 0.2780020887058803, 0.2938163215800517], [0.26536576715260035, 0.28852309051592784, 0.14330316332390267, 0.302807979007569], [0.12043809439435219, 0.3162108856072666, 0.2461205078654091, 0.31723051213297215], [0.29939661485359575, 0.25597007325022914, 0.1684697155223212, 0.27616359637385396], [0.2892432717032146, 0.2754762581967968, 0.12876252701946644, 0.3065179430805222], [0.2529365636823327, 0.30943300442045485, 0.1275071803753786, 0.3101232515218335], [0.37647439871966937, 0.2021692731376104, 0.1735880628395232, 0.2477682653031969], [0.21228402464633161, 0.27860133985413876, 0.21376777164666613, 0.2953468638528638], [0.15099616757940607, 0.31078337474809675, 0.2253597665653733, 0.31286069110712394], [0.23793829700076688, 0.29226193748781654, 0.1676816798438865, 0.30211808566753007], [0.4026955814247745, 0.22810007814542035, 0.0876929538719417, 0.2815113865578634], [0.3889052586231908, 0.2271918086761028, 0.12022188384403897, 0.26368104885666754], [0.330268369173858, 0.2024837537014449, 0.21098952957773104, 0.25625834754696586], [0.2998016525946211, 0.2619565707027481, 0.1392643716011598, 0.29897740510147097], [0.27615549238195153, 0.2772842708434691, 0.1398443128504427, 0.3067159239241367], [0.24428737674815482, 0.237275614755133, 0.2559502254799284, 0.2624867830167838], [0.1602214976429317, 0.2762052050342913, 0.27388915616938236, 0.2896841411533947], [0.2961789569095628, 0.2950825788501571, 0.0969905367814855, 0.3117479274587945], [0.1328182792261522, 0.2999428273954628, 0.26804333682535075, 0.2991955565530344], [0.31938768733593437, 0.27524197880546825, 0.1014243599851303, 0.30394597387346695], [0.3409250654884197, 0.25667590680966273, 0.09554022813687493, 0.3068587995650428], [0.314577421961302, 0.2765442194047126, 0.09668545353419095, 0.31219290509979464], [0.3242930115424695, 0.260453506135158, 0.11946791943079851, 0.29578556289157376], [0.27292388909661297, 0.2565743658718224, 0.21312777906537217, 0.25737396596619244], [0.1278943103792459, 0.23948383698429365, 0.36288939743477844, 0.2697324552016817], [0.37847066057907247, 0.24388192107447687, 0.10818505621130227, 0.2694623621351487], [0.2848732393982036, 0.2817518516256906, 0.12674270036735452, 0.3066322086087513], [0.19944210415214353, 0.27609234214558953, 0.23387787163524476, 0.29058768206702196], [0.3241938172345162, 0.2703318376140855, 0.09721939585278022, 0.30825494929861813], [0.16527643011848633, 0.28537929306179854, 0.2624288622687384, 0.2869154145509766], [0.27113649956241453, 0.2816368063112634, 0.1481872597217726, 0.29903943440454944], [0.1500960029337725, 0.2891553646035184, 0.2952905205183994, 0.2654581119443098]]}}