{"test": {"ids": ["109119591", "97109570", "107113130", "98108970", "98116090", "108115070", "110113591", "104111620", "107114140", "110121170", "102111990", "110118740", "102109840", "104111880", "103109021", "105115900", "97116401", "112118890", "111116750", "105112240", "98119591", "106113830", "112119320", "101112160", "106119990", "111115780", "99108520", "104111550", "111116090", "99109370", "110118930", "103120780", "108114220", "97113260", "107113170", "100107920", "113120591", "102110050", "112120290", "110118121", "103113610", "101108621", "97112830", "99105921", "112116540", "99108010", "106116640", "101108290", "112118530", "104111531", "102110240", "111116290", "104113210", "112121430", "106113260", "112118550", "110117080", "110114651", "99109860", "106118820", "98120530", "99110050", "106121190", "113119700", "111119150", "104113000", "112117580", "104110960", "102110890", "112117790", "102113350", "113118870", "101110200", "105117200", "109121640", "105110251", "112116640", "98108150", "99109910", "110117110", "98109090", "107120130", "111116110", "97118210", "109118161", "103120290", "107114780", "109118701", "108113760", "98111860", "113117340", "108114360", "111120591", "102113210", "98109311", "98106880", "109116441", "111116640", "103111170", "100109910", "100111270", "105113440", "109114651", "107113180", "112120540", "113122120", "109120540", "113121410", "113118490", "104113380", "101109370", "102116500", "101111210", "112117660", "105115680", "108116481", "99107500", "97112300", "112118820", "113120751", "105116090", "109119450", "109116810", "113121980", "99110730", "97108520", "107113360", "109114720", "110115710", "107119390", "100113370", "113121810", "112119500", "108113700", "111117480", "99108330", "97116800", "113118690", "110114950", "98109230", "113122180", "102121700"], "labels": [0, 0, 1, 3, 0, 1, 0, 0, 2, 2, 2, 3, 2, 3, 0, 3, 3, 3, 3, 1, 1, 1, 1, 3, 0, 1, 2, 1, 3, 1, 1, 1, 3, 1, 0, 0, 0, 3, 1, 3, 2, 0, 2, 1, 1, 2, 3, 0, 1, 0, 3, 2, 3, 2, 3, 3, 1, 3, 2, 3, 1, 3, 2, 0, 3, 1, 0, 2, 0, 3, 3, 0, 2, 3, 0, 0, 0, 0, 2, 0, 1, 2, 3, 2, 0, 2, 2, 3, 1, 0, 2, 1, 1, 3, 1, 0, 3, 0, 2, 2, 2, 0, 3, 3, 3, 1, 1, 0, 1, 1, 1, 1, 2, 0, 2, 0, 0, 2, 0, 1, 1, 3, 3, 2, 3, 2, 0, 0, 2, 2, 3, 2, 2, 0, 1, 1, 0, 3, 0, 1, 2, 1], "predicted_labels": [1, 0, 3, 1, 3, 1, 0, 0, 3, 3, 1, 0, 1, 3, 3, 3, 1, 3, 0, 1, 0, 0, 1, 1, 3, 1, 1, 3, 3, 1, 1, 3, 3, 1, 3, 3, 3, 1, 3, 1, 1, 1, 3, 1, 1, 1, 3, 1, 1, 1, 1, 1, 0, 3, 1, 3, 1, 3, 1, 3, 3, 1, 3, 1, 1, 3, 3, 3, 3, 3, 3, 3, 1, 3, 3, 1, 3, 2, 1, 1, 3, 1, 3, 2, 1, 1, 1, 1, 1, 2, 3, 3, 0, 1, 1, 1, 3, 3, 0, 3, 1, 1, 3, 1, 1, 1, 1, 3, 3, 3, 1, 1, 3, 3, 1, 1, 1, 3, 3, 3, 3, 3, 1, 1, 2, 1, 3, 3, 1, 1, 1, 1, 1, 3, 1, 3, 0, 3, 3, 2, 3, 1], "confidence_scores": [[0.21147381995143225, 0.5010816777013908, 0.18795228598010189, 0.09949221636707505], [0.5236646234550434, 0.1424508726770657, 0.10113261118058425, 0.23275189268730695], [0.09598848931674235, 0.239266061465259, 0.3557307406369493, 0.30901470858104957], [0.01970260224730256, 0.2854441588076064, 0.5988240165209622, 0.09602922242412901], [0.09641361005537474, 0.20787942282604732, 0.40419079938205404, 0.2915161677365239], [0.1313232895790056, 0.6727496227215621, 0.10334716718340153, 0.09257992051603084], [0.5936901129700508, 0.1294283428302627, 0.00878415440278824, 0.2680973897968982], [0.889502255278264, 0.0699578506121511, 8.51881660216286e-05, 0.040454705943563284], [0.036905134399068874, 0.27683207291745177, 0.3256797975531514, 0.3605829951303279], [0.0368902057356163, 0.21107308036985203, 0.17479032630758365, 0.5772463875869482], [0.2582276303078236, 0.42092723432630474, 0.1399960278673872, 0.18084910749848454], [0.5036220168769173, 0.08573416539548263, 0.10546621660175402, 0.3051776011258458], [0.17826620034936283, 0.27383829606669957, 0.4023517860994587, 0.1455437174844792], [0.014790546073627255, 0.27202709091830973, 0.4061988610007764, 0.3069835020072872], [0.21365621128851972, 0.17844530150657992, 0.3117811534736536, 0.2961173337312465], [0.13358990138546417, 0.20770682070068974, 0.14326826253045097, 0.515435015383395], [0.11149430874936149, 0.4189608797143567, 0.31725792755632715, 0.15228688397995443], [0.07122071942569579, 0.27750830344513155, 0.27047168971684754, 0.3807992874123249], [0.6794151532510845, 0.03780718135355141, 0.061466541380508485, 0.22131112401485564], [0.12186598344703184, 0.300266983782446, 0.4072434139299413, 0.17062361884058133], [0.3479224222704389, 0.09919048118146072, 0.44927467707248114, 0.10361241947561929], [0.851799631907063, 0.06734131802427615, 0.004098771002999832, 0.07676027906566124], [0.01224504500913137, 0.5341678150960103, 0.055779178355651604, 0.3978079615392065], [0.07494738617203854, 0.8128814964847663, 0.04967259541054348, 0.06249852193265162], [0.16018271766661243, 0.15284888137262856, 0.28193376600211323, 0.405034634958646], [0.10426153108213193, 0.41313465570008967, 0.11685594899123505, 0.36574786422654293], [0.1432721008073047, 0.1273990355518498, 0.6659511375572161, 0.06337772608362892], [0.02278364194677472, 0.1487042418465593, 0.5561697906982741, 0.2723423255083918], [0.3101778949301186, 0.07650695593644483, 0.019016241861135142, 0.5942989072723011], [0.03987285027310112, 0.8167174733014757, 0.10172097452264142, 0.04168870190278173], [0.01770060470963256, 0.6525703403109289, 0.2435494704105989, 0.08617958456883973], [0.22758619192076063, 0.14089195807256844, 0.21808145461369796, 0.41344039539297284], [0.39255245298586294, 0.20903007694054554, 0.05560692992514424, 0.34281054014844736], [0.06706506301936298, 0.11763115223279759, 0.718724462350535, 0.09657932239730428], [0.17240036253346205, 0.17842370509380515, 0.06380873501855162, 0.5853671973541811], [0.06406696632193858, 0.2337678526212811, 0.15977073828048147, 0.542394442776299], [0.04605350775946683, 0.1943006000377153, 0.3387955550218226, 0.42085033718099507], [0.036449978348603945, 0.21455169000761895, 0.5687253657466902, 0.18027296589708722], [0.2808443067289984, 0.3340117444129062, 0.01700482379750055, 0.36813912506059465], [0.050070952596691434, 0.4807793234970256, 0.053093296863952824, 0.4160564270423299], [0.11471225826419278, 0.2597680489689959, 0.5507437116434417, 0.07477598112336978], [0.332690702911558, 0.4717642423091014, 0.037076594722734904, 0.15846846005660561], [0.11756011355539961, 0.09136646115774626, 0.45010901978147566, 0.34096440550537854], [0.09484964155162891, 0.6507451397812892, 0.0916004519149301, 0.16280476675215172], [0.09099200260014291, 0.5036143717893218, 0.09262829921713593, 0.31276532639339966], [0.055363481904950544, 0.29304821019555355, 0.5858485973802192, 0.06573971051927685], [0.14508910862298086, 0.309310683446393, 0.10351863719602086, 0.44208157073460524], [0.2844074520244647, 0.3472270374526896, 0.06803811440004316, 0.30032739612280257], [0.07510328961554653, 0.6259341433971213, 0.15088966002382084, 0.14807290696351136], [0.17900538714406955, 0.606533633797911, 0.06021661710315572, 0.15424436195486363], [0.1355686612549888, 0.44289480528265557, 0.23870027608192784, 0.18283625738042764], [0.16866890071119292, 0.3498884110797342, 0.2181622110150074, 0.2632804771940654], [0.5235239866049411, 0.047714042428341416, 0.07876248473312479, 0.3499994862335927], [0.1304908131223689, 0.17796351243446326, 0.48816864809318755, 0.2033770263499806], [0.26616785421855654, 0.45142883342807316, 0.11184701988760966, 0.17055629246576068], [0.34111329263359713, 0.25524508933313445, 0.054251573063636774, 0.34939004496963144], [0.0342819423631669, 0.592727866479319, 0.04714206996248109, 0.32584812119503304], [0.12378055671249946, 0.07384878812815934, 0.03554313849249351, 0.7668275166668477], [0.0417110833119334, 0.6366029400124866, 0.18212973709755323, 0.13955623957802651], [0.023627636225679923, 0.44728794773329783, 0.11592136544642763, 0.41316305059459496], [0.14884516404696058, 0.2846180744415329, 0.18098239102595048, 0.3855543704855561], [0.06965484226879147, 0.5006436760754216, 0.14259132960984156, 0.2871101520459454], [0.015020406293432194, 0.25282694298287645, 0.47770462709498873, 0.25444802362870284], [0.09360832749433508, 0.4698098985524793, 0.10866210042778257, 0.3279196735254031], [0.12259630947980646, 0.6062797821287949, 0.06828791694582208, 0.20283599144557682], [0.07937437501866743, 0.10291059510662753, 0.06508686446314957, 0.7526281654115555], [0.07584009175737308, 0.3033025519812459, 0.09375966298051852, 0.5270976932808626], [0.07233852801420378, 0.17130778189578696, 0.44933595087681333, 0.30701773921319603], [0.34826791740248686, 0.027783404935481204, 0.04567571233978694, 0.5782729653222447], [0.2519731639109493, 0.1029744892582151, 0.05891830457982827, 0.5861340422510072], [0.10803931834858133, 0.30351944601750175, 0.261905775165215, 0.32653546046870163], [0.05945522592216952, 0.3571283588590005, 0.05429533335781113, 0.5291210818610189], [0.039204632720418846, 0.7633127100615698, 0.048826724862972806, 0.1486559323550388], [0.09699505489611239, 0.21724578821094043, 0.11460231450182051, 0.5711568423911267], [0.15658847097008594, 0.28815152206844113, 0.19474838526058524, 0.3605116217008877], [0.18641042178067763, 0.6607044011060796, 0.050219987119982934, 0.10266518999325946], [0.049140412091987704, 0.34545537085101924, 0.27040846353975445, 0.3349957535172388], [0.06672577047494764, 0.05112186115237083, 0.8031666516077077, 0.07898571676497387], [0.18829590840376825, 0.2713976402252441, 0.46630311348850145, 0.07400333788248635], [0.05122024859248159, 0.7742347236807421, 0.0807932039159405, 0.09375182381083613], [0.12699130770972009, 0.0838523021036037, 0.17994509270975578, 0.6092112974769208], [0.07839760540443297, 0.6706557835499196, 0.1066313945388681, 0.1443152165067795], [0.2359430374014117, 0.18366007391810465, 0.18739177621601824, 0.3930051124644654], [0.12714264192634941, 0.04547855793577724, 0.7610860198487848, 0.06629278028908842], [0.117227280960383, 0.7159865468294153, 0.060042670002125646, 0.10674350220807602], [0.03898476271044521, 0.33798761927453136, 0.427421760838645, 0.19560585717637857], [0.01324189701380564, 0.8452790273067725, 0.05383881098939249, 0.08764026469002947], [0.22722437312609575, 0.3886150409594206, 0.19675231784780647, 0.18740826806667732], [0.11913865232734377, 0.5435054601223951, 0.16798892649566338, 0.1693669610545976], [0.014137644845761785, 0.10559877499717757, 0.8299667070997809, 0.05029687305727985], [0.10710819446373554, 0.19689361726487098, 0.041548097274475344, 0.6544500909969183], [0.10663955752042838, 0.2579516812274408, 0.22173969720511383, 0.41366906404701714], [0.6108618705143425, 0.045281140277492755, 0.009650714800257315, 0.33420627440790746], [0.1340557388254674, 0.3867767717025079, 0.1457414770031015, 0.33342601246892256], [0.410704645896583, 0.3122802161855652, 0.1200963724337122, 0.15691876548414008], [0.1365609266770442, 0.28385071834762726, 0.49332791785790076, 0.08626043711742762], [0.45381440307971277, 0.1160776998761096, 0.003474900624498948, 0.4266329964196787], [0.13719440015109569, 0.14056278558913454, 0.19804863272275533, 0.5241941815370141], [0.7429734576588017, 0.0604337315905849, 0.016876726288245974, 0.17971608446236728], [0.1682309946831258, 0.16353905340272165, 0.42142764108467323, 0.24680231082947926], [0.03896880466022847, 0.3004282020349171, 0.4512678110657215, 0.20933518223913278], [0.05659580332868725, 0.5445161680652637, 0.19370726854729645, 0.2051807600587524], [0.1263279636397165, 0.28301484058442394, 0.021265356059809153, 0.5693918397160502], [0.05807730668147622, 0.48824116958142627, 0.1175517913965563, 0.33612973234054105], [0.12686260261736584, 0.828803949990427, 0.018872351158771093, 0.025461096233435974], [0.07376697302047322, 0.5326395887475703, 0.08182699107704654, 0.31176644715490975], [0.03744464603659335, 0.8391678534112278, 0.03633679197863417, 0.08705070857354469], [0.31934826659437743, 0.09208277529467834, 0.011226374384542957, 0.5773425837264013], [0.080746577908576, 0.06291901271471258, 0.021888242293575895, 0.8344461670831353], [0.0999424735165738, 0.13913850852398296, 0.19420454036162363, 0.5667144775978199], [0.19130141899039893, 0.1558639347408114, 0.6034666183345028, 0.049368027934286914], [0.08208374069914406, 0.16632251531704345, 0.6487148611342626, 0.10287888284955009], [0.16980022231584885, 0.15009325447298924, 0.20640514508729238, 0.47370137812386953], [0.13362819712687465, 0.09534593714336012, 0.020753307485453797, 0.7502725582443115], [0.022600068164324486, 0.5290613439390679, 0.31799433032062296, 0.1303442575759847], [0.31539038107988415, 0.4176711478521167, 0.023763253435153522, 0.24317521763284533], [0.06070809565448517, 0.6837583208594744, 0.10913055856605607, 0.14640302491998416], [0.16424172841364726, 0.05306903121769827, 0.5130211787985772, 0.2696680615700774], [0.35034863722745263, 0.23615011901965813, 0.06343865447949884, 0.35006258927339057], [0.30217577091687375, 0.10737812337565393, 0.03841010150248064, 0.5520360042049917], [0.2057790783475222, 0.20913291027656825, 0.0404364118626777, 0.5446515995132318], [0.04601461906786513, 0.19211353665470493, 0.5732489323320573, 0.18862291194537262], [0.14968077051276904, 0.45956183865840855, 0.01711914889364228, 0.37363824193518025], [0.2487667953520663, 0.423405669826394, 0.0030624283676677286, 0.3247651064538721], [0.03564392730119534, 0.049835228670960456, 0.8665375377149419, 0.0479833063129021], [0.1890889997144574, 0.5699854549636744, 0.09359494961696829, 0.14733059570489987], [0.10098355578674248, 0.3643134511658436, 0.07781320343033704, 0.4568897896170769], [0.020464921346541647, 0.16778102441223985, 0.49791022533913504, 0.31384382890208357], [0.25114193569651694, 0.5297984964719595, 0.08129658505505147, 0.13776298277647234], [0.09265028888971849, 0.4223339524468766, 0.2627120579885688, 0.22230370067483607], [0.1706012028532173, 0.5111081070969165, 0.10761856689507843, 0.21067212315478773], [0.056752080989242205, 0.13770973401018088, 0.730997795902272, 0.07454038909830492], [0.06806069089963669, 0.2574345577398679, 0.6342637306439434, 0.04024102071655225], [0.052287532734287094, 0.30132234299622906, 0.0871599161932407, 0.559230208076243], [0.17788398680638398, 0.41708177778722816, 0.1270240344580337, 0.2780102009483542], [0.0199136736540684, 0.0425523636160882, 0.5437168678212521, 0.3938170949085914], [0.5769650867980937, 0.09495178068274227, 0.06626583347167812, 0.2618172990474859], [0.0743574427124833, 0.30193082508096974, 0.15202499019092947, 0.4716867420156176], [0.17898228738303557, 0.21639577007672445, 0.06252246914980705, 0.5420994733904326], [0.13414801671545107, 0.025024051453619613, 0.729862231208836, 0.11096570062209361], [0.067282915277544, 0.3094625148236721, 0.35596115547321866, 0.2672934144255651], [0.1522289365534042, 0.32931036515360956, 0.3349714442257914, 0.1834892540671949]]}, "rewritten": {"ids": ["97108520", "97109570", "97112300", "97112830", "97113260", "97116401", "97116800", "97118210", "98106880", "98108150", "98108970", "98109090", "98109230", "98109311", "98111860", "98116090", "98119591", "98120530", "99105921", "99107500", "99108010", "99108330", "99108520", "99109370", "99109860", "99109910", "99110050", "99110730", "100107920", "100109910", "100111270", "100113370", "101108290", "101108621", "101109370", "101110200", "101111210", "101112160", "102109840", "102110050", "102110240", "102110890", "102111990", "102113210", "102113350", "102116500", "102121700", "103109021", "103111170", "103113610", "103120290", "103120780", "104110960", "104111531", "104111550", "104111620", "104111880", "104113000", "104113210", "104113380", "105110251", "105112240", "105113440", "105115680", "105115900", "105116090", "105117200", "106113260", "106113830", "106116640", "106118820", "106119990", "106121190", "107113130", "107113170", "107113180", "107113360", "107114140", "107114780", "107119390", "107120130", "108113700", "108113760", "108114220", "108114360", "108115070", "108116481", "109114651", "109114720", "109116441", "109116810", "109118161", "109118701", "109119450", "109119591", "109120540", "109121640", "110113591", "110114651", "110114950", "110115710", "110117080", "110117110", "110118121", "110118740", "110118930", "110121170", "111115780", "111116090", "111116110", "111116290", "111116640", "111116750", "111117480", "111119150", "111120591", "112116540", "112116640", "112117580", "112117660", "112117790", "112118530", "112118550", "112118820", "112118890", "112119320", "112119500", "112120290", "112120540", "112121430", "113117340", "113118490", "113118690", "113118870", "113119700", "113120591", "113120751", "113121410", "113121810", "113121980", "113122120", "113122180"], "labels": [2, 0, 2, 2, 1, 3, 0, 2, 0, 0, 3, 1, 1, 1, 0, 0, 1, 1, 1, 0, 2, 1, 2, 1, 2, 2, 3, 3, 0, 2, 2, 3, 0, 0, 1, 2, 2, 3, 2, 3, 3, 0, 2, 3, 3, 1, 1, 0, 2, 2, 2, 1, 2, 0, 1, 0, 3, 1, 3, 1, 0, 1, 0, 2, 3, 1, 3, 3, 1, 3, 3, 0, 2, 1, 0, 3, 0, 2, 2, 2, 2, 0, 1, 3, 1, 1, 0, 3, 0, 3, 3, 0, 3, 3, 0, 1, 0, 0, 3, 0, 2, 1, 0, 3, 3, 1, 2, 1, 3, 3, 2, 0, 3, 1, 3, 1, 1, 0, 0, 0, 3, 1, 3, 0, 3, 1, 2, 1, 3, 2, 2, 1, 3, 0, 0, 0, 1, 0, 2, 2, 1, 2], "predicted_labels": [1, 3, 3, 3, 1, 1, 3, 2, 1, 2, 1, 3, 2, 1, 1, 1, 0, 3, 1, 1, 1, 1, 3, 1, 1, 1, 1, 2, 3, 3, 1, 1, 1, 1, 1, 3, 3, 1, 1, 1, 1, 3, 1, 1, 1, 2, 1, 1, 0, 1, 1, 1, 1, 1, 3, 3, 1, 3, 3, 3, 1, 1, 1, 1, 3, 3, 3, 1, 0, 3, 1, 3, 3, 3, 3, 3, 1, 1, 1, 1, 1, 1, 1, 3, 1, 1, 1, 3, 1, 3, 1, 1, 1, 1, 1, 1, 1, 1, 3, 3, 1, 1, 1, 3, 0, 1, 3, 1, 3, 3, 1, 1, 0, 3, 1, 0, 1, 1, 1, 3, 3, 1, 0, 1, 1, 1, 1, 0, 1, 1, 3, 3, 3, 1, 3, 3, 1, 3, 3, 0, 1, 3], "confidence_scores": [[0.27162554365815156, 0.39648548845214554, 0.03862357849911992, 0.2932653893905832], [0.29310878171482335, 0.10426297337507133, 0.3015722469770576, 0.301055997933048], [0.07524079071992366, 0.05600329385919556, 0.43846402579585625, 0.4302918896250244], [0.12350880372715232, 0.08698147157899483, 0.46524262107064185, 0.3242671036232107], [0.09697989557984399, 0.19292646174042144, 0.544529611113653, 0.16556403156608154], [0.07465273615287216, 0.4493233523119941, 0.34556938473807763, 0.13045452679705605], [0.38899732953458077, 0.14821818757008987, 0.12396389599924561, 0.3388205868960835], [0.14659135585066912, 0.043730075071894074, 0.7069483631189352, 0.10273020595850174], [0.21312918471729603, 0.28522744798092214, 0.4298708103851721, 0.07177255691660969], [0.09533814466324374, 0.05719133003798808, 0.7526798799582578, 0.09479064534051046], [0.037950386726787154, 0.4082931420919945, 0.4482296259870239, 0.10552684519419427], [0.17401345900593262, 0.08252170458852368, 0.12745150143648504, 0.6160133349690591], [0.16178443510884383, 0.03264113014696209, 0.7205982972291379, 0.08497613751505602], [0.4565766659269384, 0.28820637792423615, 0.10420485003215242, 0.15101210611667307], [0.0905782782176614, 0.207392441249985, 0.5582203205153192, 0.14380896001703455], [0.07588566262821142, 0.34537491246619756, 0.33377192413757145, 0.24496750076801954], [0.4329199677723059, 0.09555845834592165, 0.3468602949648474, 0.12466127891692519], [0.11568884296008869, 0.08704196588869646, 0.12965807721098913, 0.6676111139402257], [0.09252720117926595, 0.5623213962100465, 0.16241569001796202, 0.18273571259272578], [0.06782061227821072, 0.6897323740369574, 0.0812805278112439, 0.16116648587358803], [0.03754151638532154, 0.32233953489754746, 0.5952768038430774, 0.0448421448740534], [0.012532262390043868, 0.37672225137929566, 0.3493797255869334, 0.2613657606437271], [0.2771130325899722, 0.11803153001417016, 0.41750006158012126, 0.18735537581573625], [0.023905440140484263, 0.884700597412373, 0.03568324879668322, 0.05571071365045938], [0.046698242130853725, 0.6107174110474278, 0.1052874301365655, 0.23729691668515313], [0.20531679029739294, 0.2360097383313355, 0.5111606159441083, 0.04751285542716319], [0.14359890820051913, 0.3196725155624336, 0.2694530520387427, 0.26727552419830447], [0.02572562176612391, 0.050006313452281424, 0.8875226998781817, 0.036745364903412986], [0.04768176921582158, 0.2838231412124182, 0.11048327290498051, 0.5580118166667796], [0.28898696699489945, 0.17607664983435717, 0.3106689489124787, 0.22426743425826468], [0.05925113540652417, 0.27833951897040077, 0.5074600647351746, 0.15494928088790041], [0.15860836371162493, 0.46966180822630715, 0.15817506905514822, 0.2135547590069198], [0.2407424064997717, 0.4191262680049897, 0.07702727694450756, 0.2631040485507311], [0.43504738807468696, 0.45215598998719514, 0.022441541123899036, 0.0903550808142191], [0.1710250095858169, 0.15005000984968453, 0.5978068242624617, 0.08111815630203717], [0.13085398862802405, 0.2506451152219589, 0.04458604351743208, 0.5739148526325849], [0.16618194573105136, 0.15339111116348436, 0.18804393299027314, 0.4923830101151909], [0.06568868260378122, 0.8316598174882083, 0.03464889701786718, 0.06800260289014345], [0.11339150827423804, 0.33488228635981165, 0.3585482067785325, 0.19317799858741802], [0.05539674570459848, 0.3098258259701746, 0.5831027772686141, 0.05167465105661292], [0.15346418937891407, 0.5133612380762532, 0.09146372707441702, 0.24171084547041544], [0.34608208364069876, 0.07183167631128631, 0.09700016253086502, 0.4850860775171497], [0.36328803003454846, 0.33813575395109247, 0.11208500085809622, 0.18649121515626269], [0.21812678097004243, 0.3449208373622986, 0.24956247327106482, 0.18738990839659414], [0.20261528302811257, 0.46519519305270746, 0.13334937835120908, 0.1988401455679707], [0.07937514594969056, 0.053094892586851156, 0.8139878038449795, 0.053542157618478824], [0.2532895188469124, 0.33907139248336665, 0.050297680908837857, 0.3573414077608831], [0.0850595711000572, 0.17240971870522892, 0.6056842438312523, 0.13684646636346176], [0.6465655386668997, 0.1370357304868413, 0.01694572154756666, 0.19945300929869234], [0.1233938289984922, 0.3418987045094887, 0.44055591411336187, 0.09415155237865735], [0.04837675115692068, 0.32546184422099145, 0.3732055396691325, 0.25295586495295524], [0.20468178101441414, 0.2708669945434646, 0.2774140179507672, 0.24703720649135397], [0.025701692667621318, 0.2425835060326773, 0.5152401354878018, 0.2164746658118995], [0.18535260788528168, 0.6027849670082633, 0.05005990017454799, 0.16180252493190728], [0.033951257200183466, 0.18065462320874753, 0.525903751459204, 0.2594903681318652], [0.4160213191865301, 0.01896392775084104, 0.024067332663975424, 0.5409474203986534], [0.016681235771844185, 0.310240017581281, 0.4798191610341281, 0.19325958561274648], [0.06579101672918507, 0.08572603662805767, 0.08251633760610587, 0.7659666090366513], [0.18600754593313956, 0.11955305366316286, 0.5538359006379499, 0.1406034997657479], [0.21222206188341916, 0.2835612988328653, 0.18586254136115696, 0.31835409792255864], [0.29313725948480523, 0.6679022543017314, 0.003298664584947768, 0.03566182162851602], [0.10582650694981442, 0.30391900999805965, 0.38121783613108706, 0.20903664692103907], [0.030587931099057986, 0.6328620509474163, 0.19977072923906322, 0.13677928871446263], [0.03331742922699992, 0.3156544226794399, 0.5356789957772167, 0.1153491523163433], [0.2786404562533033, 0.15173381480000783, 0.2762651261134955, 0.2933606028331932], [0.2164769383783148, 0.2144343353300886, 0.03831219646687441, 0.5307765298247221], [0.16352786094216323, 0.3143768314763351, 0.034129337052079316, 0.48796597052942214], [0.33804951306081915, 0.40859605303521795, 0.11050481453693681, 0.14284961936702617], [0.8897264760983449, 0.03726815014791248, 0.010221210175071292, 0.0627841635786712], [0.04760311726696611, 0.2508144848285175, 0.33258168371711777, 0.36900071418739905], [0.013580061340058076, 0.5051524908689589, 0.1953877976868815, 0.28587965010410166], [0.16264427800370013, 0.19257154217870373, 0.2882724409011309, 0.356511738916465], [0.025886475680064507, 0.1625232701438891, 0.36273446089556544, 0.4488557932804808], [0.12399003894748047, 0.1908842673945142, 0.4399195308473728, 0.24520616281063254], [0.0903249035314267, 0.2820479721754729, 0.04207238315987968, 0.5855547411332209], [0.03901217454554545, 0.34469652156451797, 0.13595409027437683, 0.48033721361556003], [0.06667947277557099, 0.239530780718164, 0.5380107276207892, 0.15577901888547555], [0.03706931062811665, 0.4868383185443242, 0.26554796578442796, 0.21054440504313146], [0.04664957431467447, 0.6035129653720035, 0.17825825676092846, 0.1715792035523934], [0.13925727780785144, 0.5001048936480523, 0.12365605647711622, 0.2369817720669802], [0.12991093127861608, 0.5192444282341385, 0.14815175957966756, 0.20269288090757795], [0.03059890962083626, 0.42037472004194426, 0.21563535820501323, 0.33339101213220607], [0.1127776624508069, 0.3156257804261178, 0.3582419610270768, 0.21335459609599813], [0.1970674819103603, 0.17581477315858654, 0.060668286684214964, 0.5664494582468385], [0.1208154998774984, 0.3675811761882311, 0.18986407397176364, 0.32173924996250697], [0.1907309601727797, 0.5072556283167385, 0.11404929068937204, 0.18796412082110922], [0.08469434498892077, 0.39474643148258093, 0.27807843717818265, 0.24248078635031556], [0.10112168110141621, 0.33496536465382626, 0.01879119835560431, 0.5451217558891533], [0.04536239529061226, 0.20599332637226403, 0.6357781570344753, 0.11286612130264824], [0.3295697316853608, 0.19665687322484254, 0.01154286694505903, 0.46223052814473764], [0.10953922616869408, 0.45101577347440386, 0.02867475259153238, 0.4107702477653698], [0.15406086252350978, 0.7483849621309994, 0.032774773608109035, 0.06477940173738199], [0.046062403019322115, 0.41006472203823524, 0.29817755346825814, 0.2456953214741843], [0.047355395212217696, 0.17915986608005777, 0.6766699385619832, 0.09681480014574138], [0.16205452036402787, 0.5577194372958356, 0.18933665158575663, 0.09088939075438002], [0.030552076304650354, 0.7135680366155657, 0.08359617315965846, 0.17228371392012543], [0.13603145620876111, 0.33110847712441904, 0.2679956485267007, 0.2648644181401193], [0.4366940371710243, 0.2650308536433069, 0.04448470274582405, 0.25379040643984463], [0.07442168498244167, 0.058436378403988264, 0.02516552878152688, 0.8419764078320432], [0.10267207000776378, 0.128878720050424, 0.046962673034143775, 0.7214865369076684], [0.2303695449065825, 0.5476585697606062, 0.0778124214774035, 0.1441594638554076], [0.027459299376182567, 0.5972429346076888, 0.051141910281774665, 0.32415585573435385], [0.04083376444791436, 0.7573963919050161, 0.09220027939016444, 0.1095695642569051], [0.22059867646777925, 0.26708511763691156, 0.08251602852836537, 0.4298001773669438], [0.6813341273779143, 0.08280567768175379, 0.07332045792787618, 0.16253973701245578], [0.021879411353493684, 0.6815975367402378, 0.16199159368959545, 0.13453145821667314], [0.08819425056794324, 0.15763921261112868, 0.1535086687633164, 0.6006578680576117], [0.12791914988795877, 0.5261517537329635, 0.1143600119743752, 0.2315690844047026], [0.47293220579629314, 0.06348069526065751, 0.00541027728323731, 0.4581768216598117], [0.22864501976347976, 0.22470127749847232, 0.2624852004015734, 0.2841685023364746], [0.07510429791668007, 0.3012974569118914, 0.3695470717897909, 0.25405117338163746], [0.34405378073835546, 0.26788461319295465, 0.11791006251078784, 0.2701515435579019], [0.7884905853417887, 0.03258476685266134, 0.05152016691535956, 0.12740448089019005], [0.06647669701076495, 0.1950139632403292, 0.2242763093854908, 0.5142330303634152], [0.10897823883835307, 0.6599887351812912, 0.06295000512778405, 0.1680830208525715], [0.8715009179900955, 0.014372173376664065, 0.0013733599668753842, 0.112753548666365], [0.025557524229308043, 0.8463917903082784, 0.06896079095749183, 0.05908989450492141], [0.05065577899290597, 0.380532113172844, 0.2600061268096734, 0.30880598102457657], [0.13850668092221008, 0.4121596496533773, 0.0775935108864844, 0.3717401585379281], [0.25329473660939616, 0.1353624266884905, 0.037572942512878495, 0.5737698941892349], [0.12091606328546907, 0.20184249505743845, 0.26388648267395703, 0.4133549589831354], [0.05827629522810113, 0.6165776896128381, 0.11940546362812528, 0.20574055153093543], [0.5048092488095656, 0.24096085039874546, 0.06292755525969165, 0.1913023455319969], [0.39356445480837865, 0.27821248662384046, 0.03601309429112118, 0.29220996427665996], [0.24716515210673806, 0.16612398483558322, 0.42494269813462276, 0.16176816492305587], [0.009748663609029274, 0.5321988182309256, 0.06919603790173594, 0.3888564802583088], [0.0540137684871295, 0.26482142731846686, 0.6017277146429345, 0.07943708955146904], [0.4465585813807305, 0.20821209384192135, 0.021570539866517503, 0.3236587849108308], [0.27035675312151414, 0.6543279843381977, 0.03051524615745055, 0.044800016382837426], [0.040810623379987664, 0.4552060246449896, 0.38476994268501313, 0.11921340929000974], [0.05800688973162567, 0.2737797840042948, 0.06516599005696003, 0.6030473362071195], [0.1270901930651782, 0.08702179091821755, 0.023423541831747496, 0.7624644741848566], [0.10958804939066762, 0.33841608882859986, 0.09090911061507241, 0.4610867511656599], [0.055907323227912496, 0.7260674089458568, 0.03284740284219105, 0.1851778649840396], [0.08163065859368654, 0.25711523483099064, 0.10107306401890143, 0.5601810425564216], [0.04973682389037706, 0.2473253035589872, 0.2508551819088164, 0.45208269064181933], [0.20795896229529373, 0.214586407541269, 0.3578946141741584, 0.21956001598927885], [0.08652636379681326, 0.18192697514631884, 0.03173421077530414, 0.6998124502815642], [0.23942429962735282, 0.20937912284469815, 0.29379671403078744, 0.2573998634971616], [0.5296626280764931, 0.275115291191482, 0.0023509230104316148, 0.1928711577215935], [0.08094399814427056, 0.4069708539967365, 0.22590232933121462, 0.28618281852777855], [0.07309771061348992, 0.33440013862201917, 0.2720032961722269, 0.3204988545922639]]}}