{"test": {"ids": ["113117550", "110119300", "107119390", "111117480", "102110240", "111121410", "100109000", "112116401", "113119360", "108118520", "113122180", "106113830", "113121010", "100120010", "103111480", "109116930", "113122510", "111116170", "109117110", "111121220", "105116860", "105110091", "111119950", "106114880", "109118701", "113122190", "112119450", "111116990", "98112300", "104111620", "108115970", "102112030", "106120640", "103111990", "109117431", "111115780", "113118231", "102110050", "113118810", "97112170", "106116820", "109117730", "102121440", "108113480", "113118490", "99108000", "113120601", "112119980", "107115140", "98107410", "105120621", "101111210", "106113260", "112121430", "111119300", "99111340", "111118301", "107120010", "108114360", "104118070", "103113270", "106114011", "109120540", "108119550", "103110050", "99107630", "97114170", "111120531", "98116500", "111120591", "111114171", "110116290", "108117360", "112116800", "102110890", "106113190", "102110500", "110118161", "104117200", "98111231", "102109840", "100112060", "108118291", "101110740", "97118210", "97113900", "100120780", "109116810", "110116300", "106112770", "103120780", "113122170", "110117110", "100109980", "102116340", "103110220", "100107920", "112118530", "105120280", "112120290", "105116980", "109116040", "106114280", "107119130", "113121680", "98119591", "107114200", "103120730", "107113180", "101111140", "98112580", "98113881", "107120880", "105116650", "113122230", "97105451", "110118121", "111116290", "112120640", "113119340", "98108520", "103112641", "113117340", "112119950", "105115380", "98110810", "107117630", "112121410", "99111440", "107118490", "113118421", "99110050", "102113210", "110114561", "113121950", "100109330", "99109740", "97110950", "107121540", "107113260", "109117080", "102110750"], "labels": [3, 1, 2, 1, 3, 0, 1, 0, 0, 0, 2, 1, 2, 0, 0, 0, 2, 0, 1, 3, 2, 0, 0, 0, 3, 1, 3, 0, 2, 0, 2, 2, 3, 2, 1, 1, 3, 3, 3, 0, 1, 3, 2, 0, 1, 2, 2, 0, 0, 3, 1, 2, 3, 2, 1, 1, 3, 1, 1, 2, 2, 1, 1, 1, 3, 2, 2, 0, 2, 1, 3, 2, 1, 0, 0, 0, 3, 0, 3, 1, 2, 2, 3, 3, 2, 2, 1, 3, 3, 1, 1, 1, 0, 1, 3, 2, 0, 1, 3, 1, 0, 0, 3, 1, 1, 1, 2, 1, 3, 2, 2, 3, 1, 1, 1, 0, 3, 2, 0, 0, 2, 3, 2, 0, 1, 1, 0, 0, 3, 2, 3, 3, 3, 0, 3, 0, 3, 3, 2, 0, 1, 1], "predicted_labels": [3, 3, 3, 3, 1, 3, 3, 3, 3, 1, 3, 0, 1, 3, 3, 0, 3, 3, 1, 1, 1, 1, 3, 1, 3, 3, 0, 3, 3, 0, 1, 3, 1, 3, 1, 1, 1, 1, 3, 0, 1, 3, 3, 1, 3, 1, 3, 1, 3, 0, 3, 3, 1, 1, 1, 0, 3, 3, 1, 1, 1, 1, 1, 3, 1, 3, 3, 1, 0, 3, 1, 0, 1, 3, 3, 1, 3, 1, 1, 0, 1, 1, 1, 1, 0, 1, 3, 3, 1, 1, 1, 3, 0, 3, 3, 3, 0, 1, 3, 3, 1, 3, 3, 3, 3, 1, 1, 0, 1, 3, 1, 1, 1, 3, 3, 0, 1, 3, 3, 3, 0, 3, 3, 3, 3, 1, 1, 1, 3, 1, 3, 1, 3, 3, 0, 0, 3, 0, 1, 1, 1, 1], "confidence_scores": [[0.2636437936099582, 0.27735314260994703, 0.1775415942612788, 0.28146146951881607], [0.27255593144836376, 0.2723550828832609, 0.16807132001931674, 0.28701766564905884], [0.17634419227725387, 0.2918373922947437, 0.2042993810204096, 0.327519034407593], [0.24695524818035383, 0.26627882562165794, 0.17638094542700603, 0.31038498077098237], [0.25290563969663915, 0.32334434512888577, 0.21529055964264698, 0.20845945553182813], [0.23529271493890558, 0.2809606300713581, 0.16858350217931148, 0.3151631528104253], [0.2158637261002221, 0.27795793771316124, 0.19836330993066695, 0.30781502625594986], [0.2906293273376999, 0.27405232543105573, 0.13960413449729278, 0.29571421273395176], [0.2319189643299149, 0.2677048724630699, 0.17494624466151684, 0.32542991854549846], [0.24682299653862114, 0.31311173173302015, 0.1374643896165488, 0.3026008821118101], [0.2542255947104514, 0.25974952158296694, 0.17772900162808902, 0.3082958820784929], [0.2890772765461371, 0.27633590346038955, 0.1841723545017796, 0.25041446549169416], [0.23190676289965562, 0.30421009229985374, 0.20686941618794127, 0.2570137286125498], [0.21727100991873238, 0.27810501882182287, 0.19161034985113862, 0.3130136214083062], [0.27145754177955683, 0.2596792140933716, 0.13826993501583437, 0.3305933091112373], [0.31092696512097384, 0.27893634119122224, 0.1327889626480407, 0.2773477310397635], [0.1953327116403495, 0.3007237745589262, 0.17603590889254414, 0.32790760490818033], [0.2738404609397823, 0.2705205907912013, 0.1579625747021682, 0.2976763735668484], [0.21246976344063417, 0.3312731177890961, 0.19460280605355865, 0.2616543127167113], [0.24897280516259596, 0.30037718566181626, 0.15847059474379285, 0.29217941443179507], [0.22728065406488132, 0.31535418187031455, 0.17114973654000348, 0.2862154275248007], [0.2733525079498584, 0.30463618178319324, 0.1457555960327073, 0.2762557142342414], [0.27324816530642254, 0.20551719183578623, 0.15449692401738935, 0.366737718840402], [0.23751476861323276, 0.27772272610464827, 0.21640067898680398, 0.2683618262953152], [0.244589918761744, 0.2463111058374072, 0.15956625686448628, 0.3495327185363626], [0.2436518412785076, 0.27280981088343415, 0.18219843370286543, 0.30133991413519307], [0.28793229452580926, 0.28371815085081303, 0.1885350616054206, 0.23981449301795732], [0.23774880612976068, 0.2847803212693283, 0.14932282559595356, 0.32814804700495787], [0.288703717275926, 0.24195244671990526, 0.15562791975919002, 0.3137159162449787], [0.32515019518415605, 0.28657463992293497, 0.14090080207363617, 0.24737436281927314], [0.21327500015623055, 0.29465244129428503, 0.2278391989824544, 0.2642333595670303], [0.2407282057757143, 0.27399145291307386, 0.1938012258116961, 0.2914791154995161], [0.19739182121123594, 0.31318716373962846, 0.1928942892069246, 0.296526725842211], [0.24049340914843306, 0.26836286407497467, 0.17022275259255118, 0.3209209741840414], [0.274875356004096, 0.33254992294854624, 0.16141556562110246, 0.2311591554262556], [0.19798366962602196, 0.3355946926331502, 0.21335815378094566, 0.25306348395988243], [0.2746116432617914, 0.3407717373884425, 0.16092338550640695, 0.22369323384335937], [0.2443069565165551, 0.28900554214896645, 0.18953536036499888, 0.2771521409694797], [0.24781803902944907, 0.29277692063915917, 0.16316726030083362, 0.29623778003055845], [0.29372001978143564, 0.2908384305635619, 0.1581188812825605, 0.2573226683724421], [0.26800818157362033, 0.289368496849661, 0.1832933506686938, 0.2593299709080251], [0.23049963703517615, 0.282469197248981, 0.181560059814519, 0.3054711059013241], [0.2769872396725642, 0.2804055863067686, 0.13547372056840326, 0.30713345345226395], [0.19170064335054154, 0.3336788700121197, 0.21186914215312563, 0.26275134448421333], [0.2437162818498513, 0.2625842748003103, 0.15960901026855367, 0.33409043308128505], [0.27325057059331387, 0.29529011541544564, 0.20157927374292328, 0.22988004024831743], [0.20069888334291602, 0.26752076742729414, 0.21285802938907017, 0.31892231984072006], [0.27679622206330146, 0.30586701509364755, 0.14180598673962852, 0.2755307761034227], [0.2450552930302967, 0.29215159205109054, 0.13051758044272488, 0.3322755344758881], [0.29087950948566677, 0.2432693106796458, 0.20698408428831816, 0.2588670955463694], [0.3048152780339664, 0.2738478562221009, 0.11550559144572993, 0.3058312742982028], [0.24226898155676033, 0.2809985978610808, 0.18723374470151055, 0.2894986758806487], [0.19784543245994812, 0.3288310087744263, 0.2056979446515065, 0.26762561411411945], [0.2382011458637732, 0.2973218586442579, 0.2064837526497295, 0.2579932428422394], [0.265625287385223, 0.32112888322385863, 0.15720263422339506, 0.2560431951675235], [0.28287774804745214, 0.27546735484461043, 0.1809138647185819, 0.26074103238935586], [0.23133959791352074, 0.30605400504451796, 0.14652544683151866, 0.31608095021044286], [0.19094785300415765, 0.24364005073513442, 0.23900496850963443, 0.3264071277510737], [0.202719495446255, 0.32407454607398845, 0.19552922043670237, 0.27767673804305437], [0.22997375503967446, 0.3086802708018764, 0.20292050819649735, 0.25842546596195193], [0.25311086578268077, 0.2827950444019568, 0.1961944478955323, 0.26789964191983023], [0.25292669714197585, 0.3167522515124072, 0.1438274439697422, 0.2864936073758748], [0.26902167064970084, 0.2901138088678078, 0.167862857084192, 0.27300166339829934], [0.23661849303843455, 0.2596652725137897, 0.23073736563894884, 0.27297886880882727], [0.21637247482278227, 0.30344176973851356, 0.23148068147811185, 0.24870507396059272], [0.2295392056940564, 0.25498426019693404, 0.17199910297598248, 0.3434774311330273], [0.2293576897282576, 0.27516763086182533, 0.17945823782633474, 0.3160164415835825], [0.2864921193565626, 0.32663227902563563, 0.14329613863019833, 0.24357946298760358], [0.314970510463111, 0.23048354630483633, 0.16860056734617493, 0.2859453758858777], [0.2860672867773598, 0.24350326713409995, 0.15772325487227273, 0.3127061912162679], [0.2657423974857339, 0.3112054001775958, 0.14390496738128766, 0.27914723495538296], [0.2861098208801927, 0.2582069826366422, 0.17614750423235961, 0.2795356922508057], [0.2059936651141313, 0.3157640588254045, 0.21325233960561119, 0.26498993645485347], [0.19235201523917117, 0.3041460246960069, 0.1716809983349502, 0.3318209617298718], [0.24951138578244147, 0.2567556023959596, 0.22125606991556335, 0.27247694190603594], [0.2293415836711798, 0.2858647736636768, 0.2094425528481884, 0.27535108981695516], [0.28755260728561505, 0.24142295275957001, 0.16048339488902258, 0.31054104506579255], [0.29147203282443007, 0.30527386038605525, 0.14967696735147407, 0.25357713943804056], [0.24438549346444494, 0.3071295451016891, 0.19417189752808237, 0.2543130639057838], [0.35115589803342284, 0.27545979203380794, 0.11598420468349939, 0.25740010524927], [0.22885523962741303, 0.3140216503498856, 0.19346306297915458, 0.2636600470435467], [0.23804087648046804, 0.2891254119262529, 0.2058221515362907, 0.2670115600569885], [0.26353071776051856, 0.3086650716850776, 0.13814512461641226, 0.2896590859379919], [0.24216567562209249, 0.2950253172250727, 0.200344352966287, 0.26246465418654813], [0.27953676389519605, 0.27510046506790675, 0.20726217227360721, 0.23810059876329032], [0.26090454616392383, 0.3062421065141479, 0.1558140021947728, 0.2770393451271559], [0.2623977004766083, 0.23928010245723616, 0.15875516291015856, 0.33956703415599704], [0.28735437793549123, 0.24763711680509767, 0.13687676388606498, 0.3281317413733465], [0.22584516116320807, 0.3068055465708369, 0.17602526081986036, 0.29132403144609487], [0.22523911146322934, 0.2847413915828653, 0.21032255318911314, 0.2796969437647924], [0.23760270169315123, 0.2898703093081798, 0.18294898756004271, 0.28957800143862644], [0.20085050617911634, 0.2733082599204311, 0.17823991453970048, 0.34760131936075234], [0.28213194152513893, 0.26991220088562107, 0.1707648998677374, 0.2771909577215029], [0.24286011760687579, 0.24159694577845925, 0.22620803347331633, 0.2893349031413488], [0.23896142899825656, 0.2652004192516324, 0.21693245154142993, 0.2789057002086813], [0.22579637609830222, 0.2694242450664013, 0.20320099848639803, 0.3015783803488986], [0.3111538885111533, 0.2313894364753658, 0.17321868301795085, 0.28423799199553007], [0.27783292680082805, 0.2918773842766251, 0.1805283494893496, 0.24976133943319742], [0.28231017212392323, 0.21959859818319785, 0.19348313721906307, 0.304608092473816], [0.25619562196561585, 0.26399740240849345, 0.1468730801992799, 0.33293389542661095], [0.2375056074639869, 0.32913432082293986, 0.16009985821335365, 0.2732602134997197], [0.2198402696856682, 0.29822782337201054, 0.17491322096689224, 0.30701868597542914], [0.24036330297396538, 0.23590605017228408, 0.1913852708412093, 0.33234537601254144], [0.23392958316978127, 0.28569433143264106, 0.16793942746784862, 0.31243665792972913], [0.20768827399605314, 0.3034894892890652, 0.1746738077497507, 0.31414842896513123], [0.2650929248176066, 0.30555056993450125, 0.1808404448612317, 0.24851606038666052], [0.23597156785024864, 0.3441185608922972, 0.18185977033642942, 0.23805010092102483], [0.32046185176431136, 0.29610238781446985, 0.1743248240479605, 0.2091109363732583], [0.19707428271763092, 0.32952567653739495, 0.1665908495381717, 0.3068091912068025], [0.2649722887678545, 0.2716448988562432, 0.16536273396029622, 0.2980200784156062], [0.2400599838357163, 0.2998474404671696, 0.21840119946698, 0.24169137623013415], [0.24124504363288515, 0.2988724965736041, 0.19124182062014644, 0.2686406391733646], [0.16012332255868167, 0.35676582408621066, 0.1912658062190954, 0.29184504713601234], [0.17719860611050037, 0.29877324755595497, 0.2065018820387712, 0.3175262642947737], [0.23489008008648107, 0.2379290181150828, 0.2047691739023499, 0.3224117278960864], [0.3102671886861606, 0.2736549371125441, 0.17731055209873575, 0.23876732210255966], [0.232309222514146, 0.3153742981736439, 0.17518215402162002, 0.27713432529059007], [0.25050924773594196, 0.24982655230954717, 0.1918174322357415, 0.3078467677187699], [0.26861629413048166, 0.25893892348487496, 0.14566579042817265, 0.326778991956471], [0.2688566105248987, 0.2797949051853435, 0.13759451334502817, 0.31375397094473007], [0.29879143235502875, 0.28793923152786927, 0.17104206356179363, 0.24222727255530874], [0.23474844819288332, 0.2778177549829317, 0.1746159545926921, 0.31281784223149306], [0.21926598102143607, 0.3117619493965737, 0.14088188318929018, 0.3280901863926999], [0.2483875207483047, 0.26082647832532113, 0.15931305829059422, 0.3314729426357802], [0.20135837292972267, 0.27005848172339414, 0.19070398544710757, 0.33787915989977596], [0.25720404626324217, 0.3175251141644498, 0.2071000128748697, 0.2181708266974385], [0.282125323975239, 0.3018328805508322, 0.16702452534159795, 0.24901727013233116], [0.2307803818197553, 0.30496823043879123, 0.16421713573085348, 0.30003425201060024], [0.2151020047160762, 0.29188044682068115, 0.19779563877341177, 0.29522190968983114], [0.22327028157152498, 0.3049943794200329, 0.19690970229066, 0.27482563671778215], [0.28950653014401373, 0.25794358334780126, 0.15411312212058736, 0.29843676438759775], [0.2736049426336099, 0.3018884900845888, 0.17761684868134553, 0.24688971860045605], [0.2058659651893047, 0.2536760894140446, 0.17018067211200955, 0.3702772732846412], [0.28175254451933995, 0.2711006901838444, 0.16257244129871398, 0.284574323998102], [0.2891735691648046, 0.25205000248520515, 0.1823222999377083, 0.2764541284122822], [0.3305629561986666, 0.2857945662502602, 0.14087988985395425, 0.24276258769711923], [0.20753268903687608, 0.2904506556172281, 0.18638683045827745, 0.3156298248876186], [0.3349641718804746, 0.23856177830562347, 0.1255505495779943, 0.30092350023590764], [0.2200680511160326, 0.29766108132663516, 0.19516290609564296, 0.28710796146168954], [0.20868605678242708, 0.3113772591661914, 0.1789205760943566, 0.30101610795702505], [0.21259576952442358, 0.34105867680304364, 0.1952585837543449, 0.25108696991818796], [0.21812005676086635, 0.31861184818618327, 0.23466829698393307, 0.22859979806901745]]}, "rewritten": {"ids": ["97105451", "97110950", "97112170", "97113900", "97114170", "97118210", "98107410", "98108520", "98110810", "98111231", "98112300", "98112580", "98113881", "98116500", "98119591", "99107630", "99108000", "99109740", "99110050", "99111340", "99111440", "100107920", "100109000", "100109330", "100109980", "100112060", "100120010", "100120780", "101110740", "101111140", "101111210", "102109840", "102110050", "102110240", "102110500", "102110750", "102110890", "102112030", "102113210", "102116340", "102121440", "103110050", "103110220", "103111480", "103111990", "103112641", "103113270", "103120730", "103120780", "104111620", "104117200", "104118070", "105110091", "105115380", "105116650", "105116860", "105116980", "105120280", "105120621", "106112770", "106113190", "106113260", "106113830", "106114011", "106114280", "106114880", "106116820", "106120640", "107113180", "107113260", "107114200", "107115140", "107117630", "107118490", "107119130", "107119390", "107120010", "107120880", "107121540", "108113480", "108114360", "108115970", "108117360", "108118291", "108118520", "108119550", "109116040", "109116810", "109116930", "109117080", "109117110", "109117431", "109117730", "109118701", "109120540", "110114561", "110116290", "110116300", "110117110", "110118121", "110118161", "110119300", "111114171", "111115780", "111116170", "111116290", "111116990", "111117480", "111118301", "111119300", "111119950", "111120531", "111120591", "111121220", "111121410", "112116401", "112116800", "112118530", "112119450", "112119950", "112119980", "112120290", "112120640", "112121410", "112121430", "113117340", "113117550", "113118231", "113118421", "113118490", "113118810", "113119340", "113119360", "113120601", "113121010", "113121680", "113121950", "113122170", "113122180", "113122190", "113122230", "113122510"], "labels": [0, 3, 0, 2, 2, 2, 3, 2, 1, 1, 2, 2, 3, 2, 1, 2, 2, 3, 3, 1, 3, 0, 1, 0, 1, 2, 0, 1, 3, 2, 2, 2, 3, 3, 3, 1, 0, 2, 3, 3, 2, 3, 2, 0, 2, 3, 2, 1, 1, 0, 3, 2, 0, 1, 1, 2, 0, 3, 1, 1, 0, 3, 1, 1, 3, 0, 1, 3, 3, 0, 2, 0, 0, 2, 1, 2, 1, 1, 2, 0, 1, 2, 1, 3, 0, 1, 0, 3, 0, 1, 1, 1, 3, 3, 1, 0, 2, 3, 0, 3, 0, 1, 3, 1, 0, 2, 0, 1, 3, 1, 0, 0, 1, 3, 0, 0, 0, 1, 3, 0, 0, 1, 0, 0, 2, 2, 3, 3, 3, 1, 3, 0, 0, 2, 2, 1, 3, 1, 2, 1, 1, 2], "predicted_labels": [0, 3, 0, 3, 3, 3, 0, 0, 1, 0, 0, 1, 0, 0, 1, 3, 1, 0, 1, 1, 0, 0, 1, 1, 1, 0, 0, 1, 1, 0, 3, 1, 0, 1, 0, 1, 3, 1, 0, 1, 0, 1, 1, 1, 3, 1, 0, 0, 0, 3, 1, 3, 0, 1, 1, 1, 1, 3, 0, 3, 0, 0, 1, 1, 0, 0, 3, 1, 1, 1, 3, 0, 0, 1, 0, 1, 1, 1, 0, 1, 0, 1, 1, 0, 0, 0, 3, 1, 0, 0, 1, 0, 3, 0, 1, 1, 1, 3, 0, 1, 1, 1, 0, 1, 0, 1, 3, 1, 0, 0, 0, 0, 0, 1, 0, 0, 1, 1, 0, 1, 1, 3, 3, 1, 3, 3, 1, 1, 0, 0, 1, 3, 3, 1, 0, 3, 0, 3, 0, 3, 0, 0], "confidence_scores": [[0.3229967489994013, 0.2797064237237724, 0.1680548060093097, 0.22924202126751678], [0.29636914885410254, 0.2598705028417697, 0.13826311754813386, 0.305497230755994], [0.300352174217926, 0.3001571982485749, 0.16873474902815913, 0.23075587850534013], [0.27879190782191343, 0.277812843844001, 0.16421105613725032, 0.27918419219683543], [0.2782573847449542, 0.27659582733762045, 0.14276455561931725, 0.30238223229810873], [0.27663893322118605, 0.2594146282186453, 0.16537355538521958, 0.29857288317494945], [0.334188616630107, 0.26139826042098924, 0.18939057841114657, 0.2150225445377572], [0.2920552119524675, 0.2609051917325685, 0.20137676813479455, 0.24566282818016996], [0.2700037271791658, 0.29710112781491543, 0.1595695511107782, 0.27332559389514066], [0.31438919787435493, 0.2746815396185903, 0.1507691837581812, 0.26016007874887376], [0.2890409473644912, 0.26761284496613164, 0.16431036853960598, 0.2790358391297713], [0.2392081508048371, 0.31262524616591425, 0.19634719620390706, 0.2518194068253419], [0.32594462246111205, 0.29145659150524084, 0.15063759043770605, 0.23196119559594128], [0.3154525488281425, 0.25899146119762106, 0.1640229977805304, 0.26153299219370607], [0.2660746171701207, 0.2756318118197247, 0.19529360209579572, 0.26299996891435923], [0.22707953182790142, 0.29136788257669916, 0.16474987712625722, 0.31680270846914227], [0.26262939204881747, 0.33420101144515707, 0.17229387387077633, 0.23087572263524941], [0.278287038512505, 0.2540186975318751, 0.18943200353615197, 0.27826226041946805], [0.2641610939778271, 0.287781184355578, 0.2224704534889335, 0.2255872681776619], [0.26572891476868443, 0.28675111158126027, 0.16767071423859067, 0.27984925941146477], [0.31045296934830363, 0.2548939861823049, 0.19145387328881636, 0.24319917118057546], [0.3112192579950409, 0.24372200220923687, 0.17877513379927365, 0.2662836059964489], [0.24083811307081165, 0.3151132325442539, 0.17540841376378558, 0.26864024062114916], [0.29897862597126473, 0.3020772507056486, 0.16268751084682825, 0.2362566124762587], [0.27225031005234673, 0.30607287151813184, 0.17861434322102357, 0.24306247520849816], [0.31436128087322723, 0.2411657683280928, 0.17434106989106035, 0.2701318809076197], [0.3082565597907574, 0.2619797058311811, 0.16055815394743256, 0.2692055804306292], [0.26047835918033035, 0.28768572775236156, 0.1680013925066065, 0.28383452056070185], [0.24431297089775192, 0.3171940726882178, 0.20526583100167134, 0.23322712541235935], [0.30858818569590646, 0.2917244461452594, 0.16499660442684444, 0.23469076373199002], [0.2904108806061246, 0.24193587184760074, 0.17194870333033296, 0.2957045442159421], [0.27304213750795014, 0.32613024635443294, 0.1400444626462487, 0.2607831534913684], [0.31019525250342284, 0.2972678442124771, 0.16517666817165513, 0.22736023511244507], [0.28513711090091765, 0.30377743325840884, 0.1661179849111675, 0.24496747092950633], [0.31711898063620325, 0.24061939423035067, 0.18124663867211047, 0.2610149864613357], [0.2811060240088168, 0.29080407439838063, 0.18606787594219568, 0.24202202565060701], [0.27424749092827577, 0.24674435989763954, 0.1726600878647731, 0.30634806130931197], [0.26656872392602804, 0.29911640525782823, 0.16575302325205102, 0.26856184756409274], [0.2946679077390387, 0.2727256126100876, 0.17419094627136572, 0.2584155333795081], [0.2348169406643677, 0.2736581737911856, 0.2391781056094261, 0.2523467799350207], [0.3102594804515494, 0.24597986794370777, 0.17120623172206734, 0.27255441988267576], [0.272243950382919, 0.2878602196279213, 0.21367832847240517, 0.22621750151675474], [0.27300512788360504, 0.28583899846171773, 0.17468208791998185, 0.26647378573469555], [0.2668387313496668, 0.2987821762331671, 0.1567091446970163, 0.27766994772015], [0.27252635854834856, 0.2729339987853784, 0.15373913200232844, 0.3008005106639448], [0.23689135322944124, 0.30397766888725686, 0.15704201986135646, 0.3020889580219455], [0.30458645974633414, 0.28990478806453523, 0.15335777597544026, 0.25215097621369054], [0.32020046398009877, 0.2654095657015096, 0.16098691759251602, 0.25340305272587593], [0.297908768302702, 0.2715718607388738, 0.20274930819387219, 0.22777006276455253], [0.27501014500838894, 0.2176631231146912, 0.1479461782590933, 0.3593805536178268], [0.2353896770812033, 0.3089559238688782, 0.18365188492056528, 0.27200251412935333], [0.2524412779891297, 0.28191382430019796, 0.17562051423975686, 0.29002438347091575], [0.3556466482533168, 0.30397973989674054, 0.15815071553728022, 0.18222289631266247], [0.27880969280046525, 0.2949673078786652, 0.18424882705412288, 0.24197417226674706], [0.27899461861392877, 0.3076959274761935, 0.1646934370043892, 0.24861601690548873], [0.2867305867598973, 0.3224285408704077, 0.15527688870412473, 0.23556398366557016], [0.2668039750373349, 0.30428047171136935, 0.14576101783854248, 0.2831545354127535], [0.2691650134312994, 0.2620900117792085, 0.18381611549209828, 0.28492885929739403], [0.3016391399205818, 0.2758869281814037, 0.15640263331930884, 0.2660712985787059], [0.25800771267960715, 0.22631241808468394, 0.2312596222717335, 0.28442024696397583], [0.3206787761052574, 0.27392764072640685, 0.16189611306981205, 0.24349747009852382], [0.3112596207399668, 0.30440600187764155, 0.1737050627242761, 0.21062931465811574], [0.2975872678358778, 0.312230575460583, 0.1698993014034301, 0.22028285530010944], [0.25750146418008646, 0.32832438766981736, 0.16321806669062308, 0.2509560814594732], [0.3101246612796346, 0.29391278755603595, 0.16352480262862112, 0.23243774853570864], [0.3254620242457347, 0.2490912839709004, 0.14675912770717284, 0.27868756407619233], [0.26882393030658386, 0.2798967880197678, 0.1604267212100685, 0.29085256046357993], [0.260542217142339, 0.3150847544391431, 0.1932563567339444, 0.2311166716845738], [0.2315252379229722, 0.3107391130705708, 0.19679933925991402, 0.26093630974654336], [0.2662254363076842, 0.29697474508836724, 0.15267804536212506, 0.28412177324182397], [0.2733357535752695, 0.2729305879476844, 0.1709990560122888, 0.28273460246475746], [0.2942401308785496, 0.2825801110028414, 0.16287375781399704, 0.2603060003046125], [0.38688798704766575, 0.21830611227357127, 0.16052886873275693, 0.23427703194600613], [0.27473023303398025, 0.299131017834672, 0.14976484272852159, 0.2763739064028264], [0.29419653118112027, 0.2714656974282735, 0.14655333759114927, 0.2877844337994574], [0.26979017160352387, 0.3122055335870453, 0.1757661860597635, 0.2422381087496677], [0.2533385872673295, 0.27908232713620906, 0.22011686987341186, 0.24746221572304997], [0.2823867573547856, 0.29441746928782836, 0.1695911298961081, 0.2536046434612781], [0.2815759724142054, 0.27877595964625407, 0.16331451369547814, 0.2763335542440627], [0.2637009344670513, 0.2956801401841396, 0.19222830386349948, 0.24839062148531], [0.27234067687609487, 0.2711642143686376, 0.19840376816333072, 0.25809134059193695], [0.2569209264796471, 0.2992407561038925, 0.2057056139084241, 0.23813270350803653], [0.25483539131507366, 0.31113063758101017, 0.18410796122566137, 0.2499260098782551], [0.32796074178583234, 0.2873845431806319, 0.14330160417823157, 0.2413531108553043], [0.33916123858896646, 0.26986094985127274, 0.1932863300608316, 0.19769148149892968], [0.3058025259230474, 0.2607657795401167, 0.19978561955461607, 0.23364607498221993], [0.2779441515252028, 0.28197475784738446, 0.15075558274450507, 0.28932550788290773], [0.2802903898837774, 0.3025307329352502, 0.13222826488462927, 0.2849506122963434], [0.3062368850966257, 0.2703778314376524, 0.14571560845658724, 0.27766967500913486], [0.3061299138632604, 0.29341541320868414, 0.1538679026415234, 0.24658677028653245], [0.2688707168560372, 0.32556442194439894, 0.1497274332908686, 0.25583742790869546], [0.35915381446019495, 0.24783592699766, 0.1561711870223455, 0.23683907151979944], [0.2469963513504604, 0.27196872916557724, 0.19067773056994108, 0.29035718891402157], [0.3231431820261583, 0.2687290844838609, 0.15978522312255156, 0.24834251036742924], [0.28471016349720774, 0.28524356550983215, 0.16908128320538093, 0.2609649877875793], [0.2821986951216236, 0.2922254266637194, 0.14620099582369062, 0.27937488239096653], [0.2693337047541603, 0.2765528193613795, 0.18222604264984682, 0.271887433234614], [0.27593348006954665, 0.27698985594846043, 0.16720821138580935, 0.27986845259618354], [0.29081506063073403, 0.2696429923465729, 0.17374164973378511, 0.265800297288908], [0.29308016433089296, 0.3022741143546539, 0.14397080956228486, 0.2606749117521688], [0.3125008273488733, 0.3401680592706149, 0.12491629093016032, 0.22241482245035168], [0.2730703387032385, 0.2791875276131595, 0.17464880979601635, 0.2730933238875858], [0.32945145619470295, 0.2744561238004607, 0.14732817797567552, 0.2487642420291611], [0.2779294791129395, 0.30780576602272314, 0.18497472039642637, 0.22929003446791119], [0.31175811783844654, 0.2596132076233872, 0.15531092097292676, 0.27331775356523963], [0.27000482664509184, 0.30446395934734194, 0.1338978002984873, 0.2916334137090793], [0.29888825604458114, 0.24334123033443317, 0.13784207470013785, 0.31992843892084827], [0.29743529010112285, 0.3119773441181399, 0.17010455570601848, 0.22048281007471884], [0.3201815540262159, 0.2663862482659934, 0.17565816379493693, 0.23777403391285407], [0.30140975546684906, 0.2716651433011691, 0.16755775069112727, 0.25936735054085497], [0.2849525020957501, 0.27341320469140057, 0.16100527303361406, 0.2806290201792355], [0.345368683696543, 0.30076698710575506, 0.13333533998331015, 0.22052898921439218], [0.3127941822464953, 0.2625994964858531, 0.1642241181747875, 0.2603822030928643], [0.2867211952531544, 0.3009816166858512, 0.15283505285445373, 0.259462135206541], [0.32361218501326844, 0.29249325231288703, 0.14531040562997372, 0.23858415704387093], [0.30004713292669033, 0.2566603897150387, 0.15184495845253335, 0.2914475189057377], [0.2760382657280234, 0.30353292953297706, 0.16583008994108062, 0.2545987147979193], [0.252981447317752, 0.29100931203574765, 0.20224460465894153, 0.253764635987559], [0.3185335619802276, 0.26878754869251476, 0.1644484193923894, 0.24823046993486841], [0.2859223492104256, 0.29327969630416, 0.15438122386125852, 0.26641673062415605], [0.27679946631014035, 0.29072183157450504, 0.14244942523557372, 0.29002927687978114], [0.2631094495498194, 0.2636308214069779, 0.18333762830721625, 0.2899221007359868], [0.29487575378358427, 0.23614607369615034, 0.15719777989643327, 0.3117803926238323], [0.26202525617088634, 0.32084000225406006, 0.18124099298909266, 0.23589374858596102], [0.25850990348338865, 0.2709405641021157, 0.19295711164294702, 0.2775924207715488], [0.2581391411066703, 0.29115912629498575, 0.15485160610299314, 0.29585012649535103], [0.24594141982583081, 0.3083985210675106, 0.16031493163187893, 0.28534512747477986], [0.2969079889225032, 0.32539826026095137, 0.15583412957732742, 0.22185962123921812], [0.335257884932489, 0.2618735885561859, 0.14849780541276608, 0.2543707210985591], [0.26802389619197364, 0.2652656528487233, 0.20946022306328888, 0.2572502278960144], [0.2773352664668376, 0.3090460695807023, 0.16278156208388608, 0.2508371018685741], [0.29329156230926634, 0.2745608290737558, 0.1350326218954938, 0.2971149867214843], [0.2784639875841412, 0.2550085155563918, 0.1536919373992536, 0.3128355594602137], [0.2696930083479279, 0.3324663061437912, 0.17987442478443458, 0.21796626072384645], [0.3185579281721767, 0.2687281214997188, 0.20124339441254369, 0.2114705559155611], [0.26659020609491857, 0.2662151642685328, 0.17065702940719787, 0.296537600229351], [0.31067646458111153, 0.2962646491255338, 0.15130900190127028, 0.24174988439208447], [0.24741372588846006, 0.26930938702812596, 0.21126679695135298, 0.2720100901320615], [0.3221237789525434, 0.2649221504337667, 0.16510770204800213, 0.24784636856568798], [0.2608682341927252, 0.2645235881446174, 0.16757986220411566, 0.30702831545854203], [0.32374667222127657, 0.24463943531745017, 0.16853418533313996, 0.2630797071281336], [0.26930413080850185, 0.2619146111218458, 0.20822658126862034, 0.2605546768010325]]}}