{"test": {"ids": ["97109080", "102112030", "100113370", "112119120", "103120730", "113122230", "99108460", "110118121", "113122510", "111118810", "102110750", "98107410", "108119510", "108118301", "105119550", "106116370", "97107681", "107113260", "97105760", "99108520", "98111670", "100108520", "107116501", "111120540", "103110840", "105121370", "97111790", "109113281", "107118780", "108119550", "107114780", "107120010", "97107821", "113118620", "102108621", "100111620", "104113000", "100107920", "113119950", "97106820", "103120290", "112118550", "108117360", "108121160", "112116451", "107117010", "98110710", "103113640", "113120601", "105113210", "112118880", "113119700", "100111080", "111116290", "112120670", "109113931", "106113360", "113122180", "98106880", "109119460", "109116441", "107120130", "112118620", "100111390", "111119340", "108114270", "113120591", "113120070", "108114040", "107116300", "112116610", "103111830", "112116540", "103118110", "97106770", "103110100", "101115190", "99108310", "108117451", "109121640", "111117120", "99107660", "112118860", "111119430", "99108580", "97118210", "112120540", "113122190", "106119580", "103111110", "108114200", "101117580", "112116850", "113122120", "113119930", "104112470", "112118890", "97105960", "109114030", "101111140", "110115580", "111114121", "101121640", "108120260", "103118291", "99109780", "100108990", "104117630", "98119591", "110113591", "108116501", "110121140", "104112201", "107113200", "102110240", "110120190", "102113210", "104111620", "112121030", "113118511", "99116500", "102109850", "111119610", "110120531", "111119150", "113122320", "107121230", "112117210", "101109120", "111121351", "98107340", "112120640", "107112850", "113120260", "109118161", "105113260", "108114670", "99109740", "98117740", "103117461", "110118161", "102109910"], "labels": [2, 2, 3, 1, 1, 1, 0, 3, 2, 0, 1, 3, 1, 1, 1, 2, 3, 0, 0, 2, 1, 2, 1, 1, 1, 2, 2, 0, 1, 1, 2, 1, 2, 3, 3, 3, 1, 0, 0, 1, 2, 3, 1, 2, 0, 1, 2, 1, 2, 3, 1, 0, 0, 2, 2, 1, 0, 2, 0, 1, 3, 2, 3, 2, 3, 3, 0, 2, 0, 0, 1, 3, 1, 2, 3, 1, 1, 2, 2, 0, 2, 3, 3, 3, 0, 2, 3, 1, 3, 3, 0, 3, 0, 1, 1, 1, 3, 2, 1, 2, 1, 0, 2, 1, 0, 2, 2, 0, 1, 0, 0, 3, 0, 0, 3, 3, 3, 0, 0, 1, 2, 1, 2, 0, 3, 1, 0, 1, 1, 0, 0, 0, 1, 3, 0, 3, 3, 3, 2, 0, 0, 2], "predicted_labels": [1, 1, 1, 3, 0, 1, 3, 3, 1, 3, 2, 0, 2, 3, 1, 0, 2, 0, 2, 2, 2, 3, 3, 1, 3, 3, 3, 0, 1, 0, 1, 3, 0, 1, 3, 0, 3, 3, 0, 1, 2, 3, 2, 1, 0, 2, 1, 0, 3, 3, 3, 1, 1, 1, 1, 3, 1, 3, 2, 3, 3, 1, 3, 1, 1, 3, 0, 1, 1, 1, 1, 0, 3, 1, 0, 0, 2, 0, 0, 3, 3, 0, 3, 3, 2, 3, 0, 2, 0, 3, 0, 0, 3, 1, 1, 3, 3, 3, 1, 0, 0, 1, 3, 3, 1, 1, 3, 0, 1, 0, 0, 1, 0, 0, 3, 3, 3, 3, 0, 0, 1, 1, 1, 3, 3, 1, 3, 3, 1, 1, 2, 2, 1, 3, 0, 3, 1, 1, 3, 3, 0, 0], "confidence_scores": [[0.14382296226916894, 0.310507325420232, 0.2843413891340486, 0.2613283231765504], [0.2207513261074847, 0.28521309417787916, 0.23812749994641888, 0.25590807976821756], [0.21102471965078698, 0.2947249850690796, 0.2495827470203547, 0.24466754825977835], [0.24267672287760178, 0.2219637758756336, 0.23081381134943868, 0.30454568989732617], [0.27602512525913453, 0.30064168376483413, 0.10093112890742933, 0.32240206206860167], [0.23867452874253142, 0.2804032777862396, 0.19458625889241246, 0.2863359345788166], [0.2335827978766056, 0.28450363477554247, 0.1699836120137428, 0.3119299553341093], [0.2782539119952573, 0.3174686715800329, 0.06685536635366876, 0.3374220500710412], [0.23338637036219312, 0.2994202444352014, 0.2141371366603832, 0.25305624854222203], [0.29824849391108, 0.2953769578078572, 0.05548072467271487, 0.3508938236083479], [0.17789714060680645, 0.2973508056420027, 0.31665679132982394, 0.20809526242136714], [0.2680144188187761, 0.26263730715442146, 0.16179492467153428, 0.30755334935526796], [0.21583998589522302, 0.26734536861224834, 0.24987391895347508, 0.26694072653905365], [0.26841953432901944, 0.29069689435741225, 0.12183218675650223, 0.3190513845570663], [0.278371351451795, 0.29783939597196635, 0.10870568558836792, 0.3150835669878705], [0.2955000331104174, 0.25552855606148045, 0.11884130847446912, 0.33013010235363255], [0.14325262934199562, 0.24640016826423622, 0.35112584872088554, 0.2592213536728826], [0.27144809817440146, 0.27595765627823715, 0.12956094236958346, 0.3230333031777779], [0.19764534246259918, 0.2369824078856516, 0.28785003249566027, 0.2775222171560887], [0.18855441440971948, 0.2847849791668983, 0.32282364398379465, 0.2038369624395875], [0.2042588093024968, 0.274725175453484, 0.28334875037857926, 0.23766726486544026], [0.23621602087931934, 0.2591466336235737, 0.19979780969117608, 0.3048395358059309], [0.2545249027610529, 0.28440910745086834, 0.14991507695972703, 0.3111509128283515], [0.22870141353661966, 0.28709921951850054, 0.2251895547739411, 0.2590098121709386], [0.2604517609748966, 0.28480117692567286, 0.1367288465561097, 0.3180182155433207], [0.21213523022402112, 0.2859299426415054, 0.19351591159024964, 0.30841891554422374], [0.2320985631117336, 0.26476144749438457, 0.22306041068905152, 0.28007957870483047], [0.28831447147904465, 0.28700457173546196, 0.08598187481461025, 0.338699081970883], [0.27810561570827536, 0.3092910711884697, 0.0810852895256472, 0.3315180235776079], [0.26875759470986577, 0.2602029894015259, 0.14961277104635876, 0.3214266448422494], [0.26004452688326124, 0.3085256324342689, 0.15183011700621857, 0.27959972367625135], [0.19722634127812713, 0.27970108913428543, 0.2244832845318782, 0.29858928505570925], [0.2833200454251077, 0.28076235787510045, 0.14171158811248818, 0.29420600858730356], [0.2618135919048456, 0.31724532753171214, 0.10728781179811724, 0.3136532687653247], [0.24829534678795429, 0.28476100002222865, 0.14860164269420897, 0.31834201049560806], [0.23012584700739436, 0.27701626342658964, 0.2509720568226254, 0.24188583274339076], [0.2631293423395618, 0.2618360221656133, 0.16399263544968523, 0.31104200004513943], [0.2750078527979872, 0.29054174574395125, 0.10084919498637168, 0.3336012064716898], [0.293225657465664, 0.2933511286388773, 0.07591526294598545, 0.3375079509494737], [0.21845997672861908, 0.2773111606090049, 0.21982233480094251, 0.28440652786143333], [0.19357622733565757, 0.2843342868716937, 0.274071849369751, 0.24801763642289762], [0.2645236995068971, 0.25501749685622865, 0.1557212837171036, 0.3247375199197706], [0.13040477320363247, 0.23871436579024505, 0.36278408214768554, 0.26809677885843675], [0.2562852569328123, 0.29578105506944224, 0.1631930577865266, 0.2847406302112188], [0.28129529033881473, 0.302293454499028, 0.0972801609536857, 0.31913109420847163], [0.12814848316575753, 0.269882140472599, 0.33950084201136876, 0.2624685343502749], [0.20212690689479287, 0.3200557378016792, 0.20859005502926467, 0.26922730027426334], [0.2970665144516387, 0.28184510858390355, 0.08018330463331569, 0.34090507233114214], [0.22236622792475588, 0.2565898140395895, 0.22801109770115915, 0.2930328603344954], [0.2673923358336496, 0.27473959306536655, 0.12333918324954393, 0.33452888785143997], [0.1956764052016041, 0.2662636159063938, 0.240670014853793, 0.2973899640382092], [0.24715298456745852, 0.3128182792693474, 0.14729425984048775, 0.29273447632270666], [0.2165131518404626, 0.286656159713056, 0.22331431579948668, 0.2735163726469949], [0.24473287202897656, 0.3040609718306614, 0.18630539820927447, 0.2649007579310874], [0.1955511203035138, 0.2888444539385538, 0.23730920459145535, 0.2782952211664772], [0.2706636671775345, 0.2879722590647228, 0.11389822949024475, 0.3274658442674982], [0.24748907555807936, 0.28359865617034913, 0.17275033867935885, 0.29616192959221294], [0.24752169874077318, 0.29287991161769555, 0.1373731439331351, 0.3222252457083962], [0.18478875893398578, 0.24072204224943144, 0.32270489320045254, 0.25178430561613047], [0.2480580970225235, 0.29442433322520956, 0.14186154697542194, 0.31565602277684507], [0.2776309876495089, 0.3044964895746651, 0.08478642958942292, 0.3330860931864029], [0.20212893254059064, 0.3047889834407699, 0.20551762362276516, 0.2875644603958742], [0.279173492462662, 0.2912802880994955, 0.09596854637554116, 0.3335776730623009], [0.23743657490734454, 0.29267466853485, 0.17831929993768514, 0.29156945662012035], [0.27041772595767033, 0.3029449347334913, 0.11356976259792766, 0.3130675767109106], [0.28103156113747624, 0.27806256869708734, 0.09799611458430342, 0.3429097555811327], [0.2857103211617373, 0.27632012368697373, 0.10219038908854211, 0.33577916606274694], [0.21990739926490585, 0.28058384552785315, 0.20693931072554245, 0.29256944448169886], [0.25848923581549915, 0.3019289162689117, 0.13340846715283997, 0.30617338076274897], [0.2323921679947343, 0.3025506568926747, 0.18163769927230838, 0.2834194758402826], [0.2522820495161488, 0.28601072626393853, 0.18902308939333798, 0.2726841348265749], [0.30421479689410297, 0.2750935534022213, 0.07384973861886146, 0.3468419110848144], [0.24457303910333963, 0.2752108068724152, 0.17538473353465167, 0.3048314204895933], [0.22583731856840755, 0.3125879091789448, 0.1607509187431182, 0.30082385350952967], [0.2601558321559652, 0.2685515629173945, 0.24591418040077592, 0.22537842452586454], [0.28948845572159826, 0.24748765728174132, 0.15875087443393082, 0.30427301256272965], [0.13343976075422584, 0.287297615501545, 0.3381270102640833, 0.24113561348014587], [0.2720809748644959, 0.2713688352833373, 0.15976048147566238, 0.2967897083765043], [0.32061192463933247, 0.26824675406316967, 0.044043594123355706, 0.36709772717414196], [0.26826858682797927, 0.275749491916819, 0.12804605912180195, 0.3279358621333997], [0.2335447036002246, 0.3061969795235483, 0.14424214796476076, 0.3160161689114663], [0.24010072259110432, 0.2519128889763661, 0.24625286047487774, 0.26173352795765176], [0.25547279764552444, 0.2689432736110922, 0.18142081725661627, 0.2941631114867668], [0.20522648674426994, 0.2913888028912941, 0.21059642867159659, 0.2927882816928391], [0.21588495437948224, 0.29624643037093973, 0.28360944352210893, 0.20425917172746882], [0.24016635081027074, 0.27694624976420545, 0.18835882994455896, 0.29452856948096495], [0.2850100579490253, 0.29393516857449475, 0.0974033347764057, 0.32365143870007423], [0.16743356440964016, 0.22732136883025622, 0.361328582282981, 0.24391648447712247], [0.25075671978017244, 0.27744344362515383, 0.1728941492059582, 0.29890568738871554], [0.2204188998006917, 0.2914937383133936, 0.17081838054003176, 0.31726898134588294], [0.28842746028241095, 0.28896173691053845, 0.11056089226139837, 0.31204991054565184], [0.2877589832398076, 0.3086024443988256, 0.06658494960900817, 0.337053622752359], [0.22115121103947394, 0.24742384531068398, 0.2324850945167277, 0.2989398491331142], [0.25636123810708616, 0.28814383475915895, 0.17689080109799107, 0.27860412603576373], [0.2640270608389774, 0.3068237598205154, 0.1497166246211008, 0.27943255471940653], [0.18509527625526986, 0.2761009707554646, 0.24391183746281628, 0.29489191552644956], [0.29267756838275405, 0.2636123395703676, 0.10418841620933854, 0.33952167583753967], [0.20233867180628493, 0.26641442923382697, 0.2392461009562008, 0.2920007980036874], [0.24142375479061715, 0.30090100738385905, 0.14897897687051864, 0.308696260955005], [0.2990795024129268, 0.2503477451524425, 0.13896561090940276, 0.311607141525228], [0.25131312204414435, 0.26176866378319325, 0.23301793327601347, 0.25390028089664884], [0.2560310293006272, 0.3297639613167875, 0.11329350210349645, 0.3009115072790893], [0.24054415249173416, 0.291520746432166, 0.15515082274506817, 0.3127842783310318], [0.2523138798382395, 0.29123273139381967, 0.14409551243181348, 0.3123578763361274], [0.24900339506525784, 0.29728500567426913, 0.1506973832953341, 0.3030142159651388], [0.221222983062614, 0.30543546131832733, 0.18671705504007827, 0.2866245005789806], [0.19650669056657155, 0.26215156065018563, 0.23416802632558786, 0.30717372245765495], [0.29275040617774256, 0.27023533764361224, 0.12120774505277421, 0.31580651112587144], [0.21889555805240402, 0.29058824533194894, 0.22645924803302822, 0.2640569485826185], [0.2802903389706804, 0.28873225095757954, 0.10169123495131897, 0.32928617512042113], [0.28526407324027053, 0.28555228577360275, 0.09865392690852012, 0.33052971407760645], [0.25919848810680235, 0.3031806446939226, 0.16544080832707161, 0.2721800588722033], [0.2929522555540414, 0.28468301816845054, 0.0844532994828756, 0.33791142679463265], [0.3046645350665436, 0.2510834516213402, 0.10257677594883526, 0.34167523736328104], [0.23139059699267023, 0.282041584881784, 0.2058499332548913, 0.28071788487065485], [0.27997457638350876, 0.3162248661333499, 0.05898549976379422, 0.34481505771934673], [0.2604729374717785, 0.28428868208273356, 0.1385726459057972, 0.31666573453969055], [0.2959159538975046, 0.2766058860395583, 0.08883198881550966, 0.3386461712474277], [0.3193274937367631, 0.2543387778415555, 0.05662644967143008, 0.3697072787502511], [0.2811963288281239, 0.2915971634092641, 0.10290658000771975, 0.32429992775489197], [0.1350956721877303, 0.32758501018739555, 0.2986233056183105, 0.23869601200656354], [0.1872955425999953, 0.31330742459328664, 0.2791312263813351, 0.2202658064253828], [0.15635384320074858, 0.30672095627462426, 0.3203683924045489, 0.2165568081200782], [0.27623379840328777, 0.27646385744169866, 0.11559969928522104, 0.3317026448697925], [0.26579210801350756, 0.2727916419470907, 0.1393501498161315, 0.3220661002232702], [0.26742037154738957, 0.304716213274422, 0.13992308567675038, 0.28794032950143805], [0.246450554680857, 0.2846244358832109, 0.13060262850948995, 0.33832238092644235], [0.17546084913578866, 0.2647161776464217, 0.2835726200840557, 0.27625035313373375], [0.2085408369806212, 0.290384989130265, 0.23002315323728514, 0.27105102065182873], [0.25761869484741884, 0.3160367033513897, 0.132213561540456, 0.2941310402607355], [0.1502225537231616, 0.24068496576234844, 0.3461376711536269, 0.26295480936086274], [0.23272310559018228, 0.25304578061022187, 0.2574499419037566, 0.25678117189583927], [0.21438843419122702, 0.33079305645572693, 0.18316920904979564, 0.2716493003032505], [0.21541407763363593, 0.25444158196367805, 0.24956753955207656, 0.28057680085060926], [0.27833676798425444, 0.31338489180395346, 0.09559186923105596, 0.3126864709807362], [0.28130339587040964, 0.28498850739835985, 0.09482493140729818, 0.33888316532393237], [0.2155957593380559, 0.30602217418890404, 0.19524846789504852, 0.28313359857799186], [0.1506662327776236, 0.31668840538056997, 0.29511404832854093, 0.23753131351326565], [0.18574238937888943, 0.29289011450356844, 0.23093342855622787, 0.2904340675613142], [0.21725280973313935, 0.2757791563444832, 0.20017317349871008, 0.30679486042366716], [0.2743852013945906, 0.29462448460512747, 0.12227932848575492, 0.30871098551452697], [0.2739501031412032, 0.2653912036139153, 0.13762478094026162, 0.32303391230461964]]}, "rewritten": {"ids": ["97105760", "97105960", "97106770", "97106820", "97107681", "97107821", "97109080", "97111790", "97118210", "98106880", "98107340", "98107410", "98110710", "98111670", "98117740", "98119591", "99107660", "99108310", "99108460", "99108520", "99108580", "99109740", "99109780", "99116500", "100107920", "100108520", "100108990", "100111080", "100111390", "100111620", "100113370", "101109120", "101111140", "101115190", "101117580", "101121640", "102108621", "102109850", "102109910", "102110240", "102110750", "102112030", "102113210", "103110100", "103110840", "103111110", "103111830", "103113640", "103117461", "103118110", "103118291", "103120290", "103120730", "104111620", "104112201", "104112470", "104113000", "104117630", "105113210", "105113260", "105119550", "105121370", "106113360", "106116370", "106119580", "107112850", "107113200", "107113260", "107114780", "107116300", "107116501", "107117010", "107118780", "107120010", "107120130", "107121230", "108114040", "108114200", "108114270", "108114670", "108116501", "108117360", "108117451", "108118301", "108119510", "108119550", "108120260", "108121160", "109113281", "109113931", "109114030", "109116441", "109118161", "109119460", "109121640", "110113591", "110115580", "110118121", "110118161", "110120190", "110120531", "110121140", "111114121", "111116290", "111117120", "111118810", "111119150", "111119340", "111119430", "111119610", "111120540", "111121351", "112116451", "112116540", "112116610", "112116850", "112117210", "112118550", "112118620", "112118860", "112118880", "112118890", "112119120", "112120540", "112120640", "112120670", "112121030", "113118511", "113118620", "113119700", "113119930", "113119950", "113120070", "113120260", "113120591", "113120601", "113122120", "113122180", "113122190", "113122230", "113122320", "113122510"], "labels": [0, 2, 3, 1, 3, 2, 2, 2, 2, 0, 0, 3, 2, 1, 2, 1, 3, 2, 0, 2, 0, 3, 2, 2, 0, 2, 2, 0, 2, 3, 3, 1, 2, 1, 3, 2, 3, 1, 2, 3, 1, 2, 3, 1, 1, 3, 3, 1, 0, 2, 0, 2, 1, 0, 0, 1, 1, 0, 3, 3, 1, 2, 0, 2, 3, 1, 0, 0, 2, 0, 1, 1, 1, 1, 2, 0, 0, 0, 3, 3, 0, 1, 2, 1, 1, 1, 1, 2, 0, 1, 1, 3, 0, 1, 0, 0, 1, 3, 0, 3, 0, 3, 0, 2, 2, 0, 3, 3, 3, 2, 1, 0, 0, 1, 1, 0, 1, 3, 3, 3, 1, 3, 1, 3, 0, 2, 0, 1, 3, 0, 1, 0, 2, 3, 0, 2, 1, 2, 1, 1, 1, 2], "predicted_labels": [2, 3, 0, 3, 2, 0, 1, 3, 2, 2, 2, 3, 1, 2, 3, 1, 0, 0, 3, 2, 2, 1, 1, 1, 3, 3, 3, 0, 1, 0, 1, 3, 0, 2, 0, 3, 0, 1, 0, 3, 2, 1, 0, 0, 3, 3, 0, 0, 3, 3, 1, 2, 0, 0, 0, 3, 3, 0, 3, 3, 3, 3, 1, 0, 0, 1, 0, 1, 0, 1, 3, 3, 0, 3, 1, 3, 3, 0, 3, 1, 0, 2, 0, 3, 1, 0, 3, 0, 0, 3, 3, 3, 0, 3, 3, 0, 0, 3, 3, 3, 3, 1, 1, 1, 3, 3, 3, 1, 3, 1, 1, 1, 0, 3, 0, 3, 3, 3, 0, 3, 3, 0, 3, 0, 0, 2, 0, 0, 1, 1, 0, 0, 3, 3, 0, 3, 1, 3, 2, 0, 1, 1], "confidence_scores": [[0.17972122166563467, 0.23853501708444053, 0.3345047358424348, 0.24723902540749004], [0.20956011311059533, 0.26961142512499436, 0.22384837744639977, 0.2969800843180106], [0.262049838206788, 0.2707358855888695, 0.23088641686568226, 0.23632785933866046], [0.2733593548701422, 0.2608870792639874, 0.1434362151445666, 0.32231735072130374], [0.15557022622708694, 0.2456059804794103, 0.3255169277900099, 0.27330686550349287], [0.26872066290976404, 0.28586398045643446, 0.1532965274383028, 0.29211882919549836], [0.23487399928207595, 0.302194302679269, 0.1659459130934389, 0.29698578494521605], [0.236484784981393, 0.26346823416492055, 0.20571420143414978, 0.29433277941953684], [0.2084834048215605, 0.24061180991298373, 0.2821431080852213, 0.2687616771802346], [0.19189504197857626, 0.24148932712697652, 0.3072347517750441, 0.25938087911940294], [0.17580047442279723, 0.24804576561795516, 0.30913070352213157, 0.26702305643711616], [0.27068537423400296, 0.26105100131118136, 0.15263902626613582, 0.31562459818867994], [0.1971639693151413, 0.31358493761694234, 0.21309470147831114, 0.27615639158960537], [0.19416668079417584, 0.2699813882026732, 0.29532000648232376, 0.24053192452082697], [0.19276465667863527, 0.28560552281091833, 0.2195671593579322, 0.3020626611525141], [0.22735124765424095, 0.29038414140130925, 0.20423554601446853, 0.2780290649299813], [0.26044513766346317, 0.2542091684450244, 0.21284433823369053, 0.2725013556578216], [0.2699639319002008, 0.2855385258353485, 0.14706697004774041, 0.29743057221671043], [0.2528792392827075, 0.294681328423766, 0.1280894453411817, 0.32434998695234485], [0.17966754221484188, 0.290299605094644, 0.31886191355515464, 0.2111709391353597], [0.2123449913927775, 0.29348131574147407, 0.2865300209259671, 0.20764367193978145], [0.161592417304848, 0.32641214047478395, 0.26596901807398193, 0.2460264241463861], [0.2448282058782061, 0.30860519026824673, 0.16347518139097528, 0.28309142246257174], [0.1496360872892121, 0.31424029497150385, 0.2787431825821319, 0.25738043515715237], [0.27865602732104927, 0.27936378254725097, 0.10494631718962445, 0.3370338729420754], [0.2577099680759419, 0.2508308782944594, 0.18194738322213969, 0.30951177040745903], [0.21609638141184856, 0.26563946555963236, 0.20744077807508876, 0.3108233749534303], [0.24205098305702186, 0.2855201636082607, 0.1965654465523148, 0.2758634067824024], [0.23540869818510143, 0.2982628510868532, 0.1788754490782078, 0.2874530016498375], [0.23935216707423196, 0.2779964616797239, 0.22976222170006583, 0.25288914954597846], [0.22078565117854337, 0.27976868405562294, 0.23475000577911787, 0.2646956589867157], [0.21231478233401185, 0.279780922205634, 0.2192169177226271, 0.2886873777377266], [0.2960521502420123, 0.2463560412604275, 0.1390936403922583, 0.31849816810530185], [0.13129258562470658, 0.27888406027650575, 0.35465078110041365, 0.2351725729983738], [0.2908143277256851, 0.29670865112156586, 0.07716059770418655, 0.3353164234485623], [0.24517089848995868, 0.28912627795465035, 0.14726153920685423, 0.3184412843485368], [0.29846494661348966, 0.2518856802013174, 0.11347914958809828, 0.3361702235970948], [0.2054464627398122, 0.29981548634130895, 0.26419938511583246, 0.2305386658030463], [0.28167138492791877, 0.2583501564345051, 0.13278936495958168, 0.3271890936779942], [0.22549401366376146, 0.2816729773693726, 0.21278955938873062, 0.2800434495781354], [0.17850192515897706, 0.29008152683926913, 0.32408025550281044, 0.20733629249894334], [0.23729361420291067, 0.28012016544326707, 0.2188277235452563, 0.263758496808566], [0.27398026207866855, 0.2776708438982154, 0.12829996708195449, 0.3200489269411614], [0.27917252104979184, 0.24399462187988152, 0.17182288029220258, 0.3050099767781241], [0.2562885819459007, 0.27546568555772255, 0.16027593809924773, 0.3079697943971289], [0.2464761138075256, 0.2910208323695992, 0.14490153036021267, 0.3176015234626626], [0.3063545675453283, 0.2703370832574903, 0.07318666136495502, 0.35012168783222625], [0.29125397895233107, 0.284342860372246, 0.09202708847517553, 0.33237607220024734], [0.2319131252839456, 0.2712846213883194, 0.18482686081124908, 0.3119753925164857], [0.22903012739094158, 0.28030861805170826, 0.1979768309479323, 0.29268442360941804], [0.22274112648820052, 0.2880369148354392, 0.20196411031263276, 0.2872578483637278], [0.17216209065259, 0.2655389559945592, 0.3384097620229117, 0.223889191329939], [0.27788130368951985, 0.2931627053221653, 0.10634566372655269, 0.3226103272617621], [0.3051968970849427, 0.2528342539775048, 0.10249800510425229, 0.33947084383330006], [0.2792139823968817, 0.283344438761116, 0.11175759777050567, 0.3256839810714964], [0.19352954867595215, 0.27025452711289055, 0.23025098751100534, 0.3059649367001522], [0.27201092185844294, 0.25933519292090723, 0.1424471472278109, 0.3262067379928389], [0.29597014290378143, 0.2711917586563803, 0.11931295849178748, 0.3135251399480514], [0.26294352915155295, 0.28221715626751465, 0.11864973490001228, 0.33618957968092045], [0.2614018980545459, 0.2824462361170775, 0.1272824465880436, 0.3288694192403333], [0.2811588553670999, 0.2964008318641941, 0.09769400731207789, 0.32474630545662797], [0.229722316747109, 0.28220861133037906, 0.17339563232809474, 0.3146734395944175], [0.2595475790552749, 0.2931238541596723, 0.14690205931695613, 0.30042650746809657], [0.2919653788964388, 0.2570072381868747, 0.12556150358410195, 0.3254658793325847], [0.2624165613111499, 0.2684346052794394, 0.1594562472308429, 0.3096925861785676], [0.22936383232798996, 0.3168121413968399, 0.16548361057012434, 0.2883404157050458], [0.3042497909028755, 0.25167987698039124, 0.10280265452920552, 0.3412676775875278], [0.24454809833642904, 0.2860570707013644, 0.1681849218159545, 0.3012099091462519], [0.2705856731146755, 0.30018294737323137, 0.14271341408858637, 0.28651796542350694], [0.24630681761005352, 0.2901639239933328, 0.17076654611507747, 0.2927627122815363], [0.253073379472901, 0.2944305711170976, 0.139436791403816, 0.3130592580061851], [0.15889565361231145, 0.2662507703934422, 0.28732981282489234, 0.28752376316935435], [0.2831825902272591, 0.2963755302168521, 0.08916266273446986, 0.33127921682141875], [0.2150381875871785, 0.2749894489573379, 0.20402424918251627, 0.30594811427296725], [0.18056407550162062, 0.2977979189269373, 0.26073827567483904, 0.2608997298966031], [0.2585871696555925, 0.2794228453402333, 0.1192899524097753, 0.3427000325943985], [0.20961659950453224, 0.2821464685170834, 0.19630138681809947, 0.3119355451602849], [0.2923688303239181, 0.2840314190291209, 0.10659489119040265, 0.3170048594565585], [0.26214194013463454, 0.27641290466460694, 0.12448869201715648, 0.33695646318360206], [0.2355457835048623, 0.28851484201547745, 0.17958704143570003, 0.2963523330439603], [0.28327375767155294, 0.28784385261261525, 0.09588910170267442, 0.33299328801315753], [0.1358700230603397, 0.24680921807880232, 0.33618413061296726, 0.2811366282478907], [0.3231330613240787, 0.25380752918135213, 0.05383782798335484, 0.36922158151121437], [0.26596295351331456, 0.29354134690330097, 0.1210017245689043, 0.3194939750144801], [0.22349342426043964, 0.27442757372944776, 0.23999912685055785, 0.26207987515955455], [0.28487433479847657, 0.2610467948413034, 0.11878577613577032, 0.3352930942244499], [0.25680175310212283, 0.2899342680115152, 0.1525159554707645, 0.30074802341559775], [0.26544007787117546, 0.29142432070339186, 0.15129391656949887, 0.2918416848559337], [0.29424086412061545, 0.28090862772643643, 0.07973850621139913, 0.34511200194154873], [0.27509576849770695, 0.28738266741330587, 0.10884231886085959, 0.3286792452281278], [0.2557285247471053, 0.28014967646114886, 0.15137636915254005, 0.31274542963920593], [0.28118534565986797, 0.2976209880636204, 0.08583889381976056, 0.33535477245675116], [0.27874232077238437, 0.3074894305008854, 0.10075699366580598, 0.31301125506092425], [0.2457153362598071, 0.2864900274695456, 0.14970893075721278, 0.31808570551343446], [0.2521424090510192, 0.2772766743590266, 0.1498027286174236, 0.3207781879725305], [0.2834185620724252, 0.28732779067839725, 0.10021650796499088, 0.3290371392841867], [0.2504100570356673, 0.25123313824864196, 0.23065352986977397, 0.26770327484591677], [0.28628021482516475, 0.30121619815452916, 0.06583711365491082, 0.3466664733653953], [0.27959872594586166, 0.2809055355908333, 0.11574076449295137, 0.3237549739703537], [0.2814655072039944, 0.3150000522300905, 0.05974637891574025, 0.3437880616501748], [0.26700485245915123, 0.2742499274959242, 0.1332957279881996, 0.3254494920567251], [0.27747766442853045, 0.3040149066639962, 0.1167994993271696, 0.30170792958030446], [0.2639557252958273, 0.3134193075759768, 0.11629692673458183, 0.3063280403936141], [0.2504608938970872, 0.30168529090149804, 0.17519539522443578, 0.27265841997697926], [0.22782602871545665, 0.30552335342963427, 0.15611871166326596, 0.31053190619164306], [0.3003801322755898, 0.286767840240282, 0.061201202552917, 0.35165082493121125], [0.2777765115633239, 0.2662667683224892, 0.12793987581035557, 0.32801684430383143], [0.26817264083468717, 0.31112759584720673, 0.10269547757422036, 0.3180042857438855], [0.2104213856336194, 0.2917664373343404, 0.19984149239474408, 0.29797068463729615], [0.1782078456139171, 0.3104389218884923, 0.26355100647053487, 0.24780222602705604], [0.2209764533797137, 0.285003544944795, 0.235195824075569, 0.2588241775999223], [0.2572928692751841, 0.3065362248522614, 0.13618921875181836, 0.29998168712073614], [0.2889452837771147, 0.285094946167141, 0.10126884976248167, 0.3246909202932627], [0.26054368170874087, 0.2839356707803531, 0.1402503248512417, 0.31527032265966437], [0.25769531168798937, 0.2812845135365624, 0.180108193573156, 0.28091198120229216], [0.2535175367768387, 0.2511242773771047, 0.1759399182696266, 0.3194182675764297], [0.18449575966820234, 0.26069653530757153, 0.27115767787659345, 0.28365002714763266], [0.2631355926299788, 0.26901343167068803, 0.145803635990625, 0.3220473397087084], [0.2861826789926072, 0.2920215413388328, 0.08416024786191617, 0.3376355318066438], [0.26736247004566005, 0.2739601202725535, 0.16278903072213902, 0.29588837895964765], [0.22541965998683802, 0.2591016025309436, 0.20811306948628247, 0.30736566799593584], [0.2911191261372355, 0.2818239446996439, 0.08701698617562309, 0.3400399429874974], [0.23770205665402563, 0.2134586091717415, 0.24873546589055565, 0.3001038682836773], [0.2877926474569077, 0.2819995256450622, 0.10638224110270843, 0.3238255857953216], [0.2345736767532751, 0.26092611851532205, 0.24535507180215008, 0.25914513292925284], [0.19779534186611272, 0.26979680925115823, 0.2681818507814929, 0.2642259981012363], [0.3164966692580908, 0.25360749141562433, 0.06464747984161087, 0.36524835948467393], [0.2702774960469168, 0.29008967320177287, 0.12340210296331862, 0.31623072778799177], [0.2624514403132016, 0.3260272007963152, 0.09743394518940728, 0.31408741370107607], [0.23973671346964176, 0.3072523049496591, 0.1638084154122712, 0.2892025661684278], [0.27727093421714644, 0.3019129387136422, 0.12049104944559715, 0.30032507762361427], [0.29615804008595903, 0.28030497308786456, 0.08689670736837475, 0.3366402794578014], [0.21433664899791913, 0.27197321997312274, 0.22459049819492669, 0.2890996328340311], [0.21191428967294443, 0.23554990482655058, 0.2713884597670668, 0.28114734573343825], [0.28496147960147217, 0.2803261227156378, 0.10423533173295675, 0.33047706594993337], [0.23943555535051617, 0.25623315899760923, 0.19508892192558766, 0.309242363726287], [0.26058254461876096, 0.29252644251553966, 0.16716778275236183, 0.27972323011333744], [0.25973544016876715, 0.2821517080614102, 0.13326498259838906, 0.32484786917143366], [0.2151371857229075, 0.2269886512601268, 0.2812778699253544, 0.2765962930916112], [0.24706804832473545, 0.27125894580543375, 0.19641744262294103, 0.2852555632468899], [0.26740902578965076, 0.29907314609015984, 0.13181404238977312, 0.30170378573041634], [0.2245122129942565, 0.3045486553815116, 0.22366954674872772, 0.24726958487550404]]}}