{"test": {"ids": ["99112641", "105113260", "113117550", "100116500", "113121010", "106118161", "108113620", "109117630", "110118121", "112118810", "101108580", "107118490", "110114321", "105113190", "112116540", "97113900", "104111620", "113117340", "105113330", "107118120", "111119300", "113118620", "99113260", "108115500", "112116810", "105120280", "102112250", "104109311", "104110960", "113122430", "110120700", "113122180", "99107560", "102110500", "105112100", "109115070", "104111531", "107114140", "101109370", "111119950", "98107210", "108118520", "106114280", "113119340", "112117461", "109113931", "108115070", "113118490", "99109780", "103109641", "113120070", "107119130", "112120540", "109114030", "106114150", "107114200", "112116640", "98107380", "99111930", "107120010", "105119550", "106120290", "112117431", "98110710", "107112850", "113118870", "106113170", "112118161", "97107920", "105115900", "107121540", "108115570", "113121980", "108117360", "104117200", "111117571", "105116501", "100113210", "99109161", "103111110", "101108500", "111116110", "113121950", "99107300", "109117080", "104117630", "109114651", "111116530", "111114321", "110114610", "112116451", "105115250", "97110950", "105113170", "98117740", "103110760", "99107640", "108118060", "110121720", "97107260", "106116820", "101108080", "110118701", "105121190", "108121410", "108113740", "102109910", "111116750", "100112060", "109118161", "109120560", "101119030", "98111620", "110118630", "111121220", "113118231", "100109330", "110114720", "103117200", "101108621", "102112170", "111116170", "98110680", "97106970", "112117580", "113120601", "106117790", "103111830", "112118550", "109120150", "97112830", "112119120", "112119450", "111117480", "106113260", "99108000", "111121410", "113120260", "112121430", "109117431", "110121500", "111118810"], "labels": [1, 3, 3, 2, 2, 3, 3, 0, 3, 3, 0, 2, 1, 3, 1, 2, 0, 2, 3, 3, 1, 3, 0, 3, 3, 3, 0, 3, 2, 2, 2, 2, 1, 3, 1, 0, 0, 2, 1, 0, 1, 0, 3, 0, 0, 1, 1, 1, 2, 1, 2, 1, 3, 1, 1, 2, 0, 1, 1, 1, 1, 2, 0, 2, 1, 0, 0, 0, 0, 3, 2, 3, 2, 1, 3, 3, 1, 0, 3, 3, 3, 3, 3, 3, 1, 0, 3, 3, 1, 1, 0, 2, 3, 0, 2, 1, 1, 1, 3, 2, 1, 0, 3, 2, 0, 3, 2, 3, 2, 0, 1, 3, 3, 1, 3, 3, 0, 3, 0, 0, 3, 0, 2, 2, 0, 2, 1, 3, 3, 2, 2, 1, 3, 1, 3, 2, 0, 3, 2, 1, 3, 0], "predicted_labels": [3, 0, 3, 3, 1, 0, 1, 1, 1, 1, 0, 1, 1, 0, 1, 0, 0, 1, 0, 1, 1, 0, 0, 1, 1, 0, 0, 1, 2, 3, 3, 1, 1, 0, 0, 1, 1, 1, 3, 0, 3, 0, 1, 0, 3, 1, 1, 3, 1, 0, 1, 3, 1, 1, 3, 1, 0, 1, 1, 1, 1, 3, 0, 1, 1, 3, 1, 1, 3, 1, 1, 1, 0, 1, 0, 1, 3, 3, 1, 1, 3, 1, 1, 3, 1, 0, 3, 3, 1, 1, 0, 1, 0, 3, 1, 0, 0, 1, 0, 3, 1, 0, 3, 1, 1, 1, 1, 0, 3, 0, 3, 3, 1, 1, 1, 1, 0, 1, 1, 1, 0, 1, 0, 1, 1, 1, 1, 3, 0, 1, 0, 1, 0, 1, 1, 1, 1, 0, 1, 3, 1, 1], "confidence_scores": [[0.2625646020646021, 0.29046540959040945, 0.14542316017316012, 0.30154682817182826], [0.31331131368631376, 0.25001838439338436, 0.1818740703740704, 0.25479623154623154], [0.2439877344877346, 0.23013335275835278, 0.1779137251637252, 0.3479651875901876], [0.23947018259518263, 0.2670718586968587, 0.22205309529651632, 0.27140486341144243], [0.24101762126762138, 0.3427499763308588, 0.15661598124098122, 0.25961642116053874], [0.3296286075036076, 0.2259180957930959, 0.15920557220557216, 0.2852477244977246], [0.19929192335442336, 0.3653267357642357, 0.18396413308913306, 0.2514172077922079], [0.24443717393717393, 0.2858976370851372, 0.19709722222222226, 0.2725679667554668], [0.278286421911422, 0.29514230214230225, 0.1507433998749788, 0.2758278760712971], [0.259796855921856, 0.3325652264402265, 0.16180501443001447, 0.2458329032079033], [0.291792748917749, 0.2485732323232323, 0.21731060606060607, 0.24232341269841268], [0.291526529026529, 0.33091257353757364, 0.19554094516594517, 0.18201995226995227], [0.26553042096792095, 0.30899478993229, 0.1569899406149406, 0.26848484848484844], [0.30429383116883124, 0.26617639305139307, 0.152831252081252, 0.27669852369852377], [0.2157900987900988, 0.3256492257742257, 0.19135529748029748, 0.26720537795537797], [0.2826560563619387, 0.2689220501720503, 0.18678332778332776, 0.26163856568268323], [0.32165408692614583, 0.2088443451972863, 0.19453864885114883, 0.27496291902541914], [0.2583665362415362, 0.37393674381174385, 0.12749585137085137, 0.2402008685758685], [0.3014100482850483, 0.2850134865134866, 0.11924764124764123, 0.294328823953824], [0.23195963758463767, 0.33564148351648354, 0.14574436674436675, 0.28665451215451226], [0.24390975690975697, 0.31694900932400943, 0.1596599927849928, 0.279481240981241], [0.27201689976689986, 0.27036195748695746, 0.18574236384530496, 0.2718787789008378], [0.27973029309871417, 0.23407219169719176, 0.22137295087952993, 0.2648245643245644], [0.23898165723165726, 0.3278751942501944, 0.2204632450882452, 0.21267990342990345], [0.2958804667554667, 0.30268764568764583, 0.17444756632256633, 0.2269843212343213], [0.2993764985014986, 0.27858080808080815, 0.16807593795093786, 0.25396675546675546], [0.3145256320476909, 0.1937037496816908, 0.20800505050505053, 0.2837655677655679], [0.28257686319528424, 0.3138936202686204, 0.12102570090727979, 0.28250381562881577], [0.2039818376068376, 0.2690607864357865, 0.2861109584859586, 0.24084641747141763], [0.263739343989344, 0.27952965090465104, 0.14382761682761683, 0.31290338827838826], [0.24435925185925186, 0.22434287934287941, 0.19484150571650574, 0.33645636308136323], [0.20295400432900432, 0.3349513888888888, 0.19193172799422795, 0.270162878787879], [0.26357528990617224, 0.326293192918193, 0.15753481240981237, 0.2525967047658224], [0.30116035353535353, 0.2433414363414364, 0.17098899711399704, 0.284509213009213], [0.28483011922717805, 0.27756268241562365, 0.17290728715728718, 0.26469991119991126], [0.2177251318942495, 0.3721884169751817, 0.18381791819291815, 0.22626853293765076], [0.2538428932178932, 0.2941906565656567, 0.16932269119769114, 0.2826437590187591], [0.2580346528471529, 0.2666431415806417, 0.22823172660672664, 0.24709047896547895], [0.21091732777026903, 0.26625433594183606, 0.20403595505801386, 0.31879238122988135], [0.29120905483405496, 0.2557138694638694, 0.1920719003219003, 0.26100517538017537], [0.2171090021090021, 0.2512920135420136, 0.23550234487734492, 0.2960966394716394], [0.31737812187812176, 0.2996154401154402, 0.17337487950645844, 0.20963155849997953], [0.25000178987678995, 0.3025640193140194, 0.17049149461649457, 0.27694269619269635], [0.31631854746560634, 0.247619819722761, 0.15751419413919415, 0.2785474386724388], [0.2800298174048175, 0.2561118881118881, 0.1332753635253635, 0.33058293095793084], [0.2301554184119974, 0.2790526556776557, 0.2195897877707089, 0.2712021381396381], [0.21644747899159664, 0.3217973178782004, 0.19490735653235663, 0.2668478465978466], [0.26426171051171043, 0.27799668387168397, 0.1743633588633588, 0.2833782467532468], [0.2718580447330447, 0.28300796833885067, 0.16237634587634583, 0.2827576410517588], [0.3098356088356088, 0.25952176989676995, 0.17273754023754023, 0.25790508103008103], [0.23420543345543346, 0.34795053557553557, 0.18182169219669223, 0.23602233877233883], [0.2827516233766235, 0.2865885503385503, 0.1406835803085803, 0.2899762459762459], [0.22703268463562587, 0.3105200077700078, 0.24495858798064682, 0.21748871961371968], [0.26361363636363644, 0.28479570429570433, 0.18502584915084921, 0.2665648101898103], [0.2688385642135643, 0.24428688672438664, 0.12441360028860027, 0.36246094877344887], [0.2436199494949495, 0.31051785714285723, 0.16490723165723156, 0.2809549617049617], [0.3058149489399488, 0.3038371183555008, 0.16699993062493065, 0.22334800207961977], [0.2451891164391165, 0.2738814241314242, 0.2155688894438895, 0.26536056998557], [0.2524156897024545, 0.2924958868745633, 0.22195801216757105, 0.23313041125541126], [0.26745837933995825, 0.29308441558441567, 0.15385616722458825, 0.28560103785103796], [0.21937247474747476, 0.33244877344877355, 0.17939700577200576, 0.2687817460317461], [0.23577886002886003, 0.2492569097569098, 0.2299318598068599, 0.28503237040737045], [0.2883485264735266, 0.2847323648573649, 0.15055391830391826, 0.2763651903651905], [0.23872961760461758, 0.28942977855477847, 0.24644468031968042, 0.22539592352092355], [0.23264736652236653, 0.3817036852036852, 0.17561158286158285, 0.21003736541236545], [0.26712705350205346, 0.2806878815628817, 0.1646804306804307, 0.28750463425463424], [0.24887169774669776, 0.3378756896698074, 0.1733085476614889, 0.2399440649220061], [0.2999333583083582, 0.33308939671439675, 0.12900341325341325, 0.23797383172383185], [0.25206074481074475, 0.2723097458097459, 0.13001839826839828, 0.34561111111111104], [0.2177895576645577, 0.324332264957265, 0.1580876623376623, 0.29979051504051507], [0.23228823953823952, 0.29317341686091697, 0.18934632034632035, 0.28519202325452336], [0.25978345959595966, 0.2975421731046731, 0.18915644078144073, 0.2535179265179264], [0.3140501998001998, 0.3134492590742592, 0.1441720779220779, 0.22832846320346312], [0.22163356088356084, 0.33786657786657787, 0.18579176379176374, 0.25470809745809736], [0.28563883338883334, 0.2609076340326341, 0.18754689754689755, 0.26590663503163503], [0.2756096681096681, 0.30569083694083693, 0.16067532467532467, 0.25802417027417035], [0.20953391747141747, 0.28839473720723735, 0.18185866910866907, 0.3202126762126762], [0.23969785769785776, 0.2888880563880564, 0.15069372294372294, 0.32072036297036294], [0.26429166666666665, 0.31618290043290054, 0.1402305888555888, 0.2792948440448441], [0.23734860972360974, 0.30821553446553457, 0.20619180819180827, 0.24824404761904756], [0.23176461038961044, 0.2385322871572873, 0.22544606782106785, 0.30425703463203463], [0.24217099567099568, 0.2761843434343435, 0.23444949494949502, 0.24719516594516602], [0.31264889277389285, 0.3230371434121433, 0.1288354284604284, 0.23547853535353538], [0.24150754362596466, 0.2618343462093462, 0.1950966022281812, 0.30156150793650793], [0.23565530303030308, 0.3193242451992453, 0.16893783993783995, 0.27608261183261185], [0.2907227633477633, 0.2846959845709847, 0.17711840936840928, 0.24746284271284272], [0.2579978768221802, 0.28277092352092353, 0.17230608718766607, 0.28692511246923025], [0.2144856948606949, 0.28327343489843504, 0.16518765956265954, 0.3370532106782107], [0.23743052086802088, 0.33085972360972377, 0.1520049603174603, 0.2797047952047951], [0.26995436507936504, 0.301321608946609, 0.15172845210345207, 0.27699557387057383], [0.34949175824175815, 0.2626899905649905, 0.14076569264069258, 0.2470525585525585], [0.2129284465534466, 0.32912783050283045, 0.15855133755133757, 0.2993923853923855], [0.32223683261183267, 0.22664309301809316, 0.20901455488955495, 0.2421055194805196], [0.20032677045177041, 0.2759552392052393, 0.202883547008547, 0.32083444333444333], [0.18882058219558218, 0.3171947496947498, 0.2217601010101011, 0.27222456709956716], [0.29009568903318916, 0.2669428071928072, 0.20669178737928745, 0.23626971639471642], [0.27808939671439675, 0.2772541763791765, 0.18391629204129203, 0.2607401348651349], [0.29728544372294374, 0.3078056665556666, 0.17495805583305582, 0.21995083388833397], [0.31096064637976406, 0.25626770859859094, 0.16868091630591625, 0.2640907287157288], [0.26711354617604627, 0.26952088189588197, 0.18625243506493508, 0.2771131368631368], [0.26139917027417026, 0.28057539682539695, 0.2189859307359307, 0.2390395021645022], [0.3748316544566545, 0.2481991896991898, 0.15266883116883115, 0.22430032467532468], [0.22232593795093808, 0.2535507964257965, 0.19295604395604393, 0.33116722166722184], [0.19307410236821998, 0.32080829301417524, 0.2007787490287491, 0.2853388555888556], [0.24936004273504275, 0.3277960095460097, 0.16173440448440446, 0.2611095432345432], [0.22615338827838827, 0.3438663003663003, 0.18194520757020757, 0.24803510378510393], [0.2753135758290558, 0.30634666232460367, 0.1910224957790747, 0.22731726606726607], [0.29936494755244747, 0.2737744061494061, 0.14870678626928632, 0.27815386002886006], [0.2372370962370962, 0.24241942779442788, 0.2122861444111445, 0.30805733155733156], [0.3326718975468977, 0.3160270285270286, 0.13724235486735487, 0.2140587190587191], [0.3010136105724341, 0.19721969696969704, 0.18389993421611067, 0.31786675824175825], [0.22429797979797977, 0.29694842657342657, 0.17644100344100344, 0.3023125901875903], [0.2204794927294927, 0.2876109960301138, 0.20716147251441375, 0.2847480387259799], [0.24628674103674109, 0.29539195526695516, 0.1677852286602286, 0.2905360750360751], [0.2718943001443001, 0.32016181041181047, 0.16208043345543344, 0.24586345598845605], [0.28050663919413915, 0.32177429514929523, 0.16113744588744583, 0.23658161976911976], [0.29812343212343206, 0.23168337218337215, 0.17765374902874911, 0.29253944666444665], [0.22255008880008872, 0.3002706182706183, 0.18702994227994224, 0.29014935064935066], [0.20608753746253747, 0.3393387209196034, 0.17458080808080806, 0.2799929335370512], [0.19610333130921365, 0.31905898268398275, 0.20033814796314794, 0.28449953804365574], [0.30782006933554923, 0.2376404934934348, 0.17874058324716224, 0.27579885392385406], [0.2907940115440115, 0.3339841616716617, 0.14150021506271507, 0.23372161172161177], [0.3012671556384792, 0.25548988511488524, 0.23381114106481754, 0.2094318181818182], [0.20284032634032637, 0.3123234363675541, 0.2554444256723668, 0.22939181161975278], [0.2458528598594387, 0.31495899933399935, 0.17456692868534973, 0.26462121212121215], [0.2547065295815296, 0.34385701798201823, 0.14931968031968026, 0.25211677211677214], [0.2273209935489347, 0.3268048340548341, 0.1663101487006286, 0.27956402369560274], [0.24406139693639706, 0.27663178488178486, 0.19699068986568988, 0.28231612831612823], [0.3247819582378406, 0.22292087079587078, 0.1943839869281046, 0.25791318403818414], [0.2689686147186147, 0.2970183982683982, 0.16813510101010096, 0.26587788600288603], [0.2964413919413919, 0.26621005383505386, 0.17977799977799983, 0.2575705544455545], [0.2769670607170608, 0.29087018537018544, 0.1487520396270396, 0.2834107142857143], [0.30291901154401163, 0.28412191974691975, 0.14622166722166718, 0.2667374014874015], [0.25897265928515933, 0.35905597180597193, 0.13303923160173156, 0.24893213730713729], [0.23335841854224204, 0.3504969752469752, 0.19037829357604902, 0.2257663126347337], [0.22801598401598408, 0.3430367965367966, 0.17608243145743147, 0.25286478798978806], [0.1974477605727606, 0.3185019841269841, 0.2027867410367411, 0.2812635142635143], [0.2924443750693752, 0.25952623071373077, 0.1882966894216894, 0.2597327047952049], [0.2378952575202575, 0.30480409867909886, 0.2035526279276279, 0.2537480158730159], [0.2928377525252525, 0.2648742993117994, 0.12649766899766896, 0.3157902791652792], [0.2462158397158397, 0.28913936063936085, 0.18646872571872566, 0.27817607392607396], [0.27061498917748916, 0.29325453712953725, 0.18237519425019427, 0.2537552794427795]]}, "rewritten": {"ids": ["97106970", "97107260", "97107920", "97110950", "97112830", "97113900", "98107210", "98107380", "98110680", "98110710", "98111620", "98117740", "99107300", "99107560", "99107640", "99108000", "99109161", "99109780", "99111930", "99112641", "99113260", "100109330", "100112060", "100113210", "100116500", "101108080", "101108500", "101108580", "101108621", "101109370", "101119030", "102109910", "102110500", "102112170", "102112250", "103109641", "103110760", "103111110", "103111830", "103117200", "104109311", "104110960", "104111531", "104111620", "104117200", "104117630", "105112100", "105113170", "105113190", "105113260", "105113330", "105115250", "105115900", "105116501", "105119550", "105120280", "105121190", "106113170", "106113260", "106114150", "106114280", "106116820", "106117790", "106118161", "106120290", "107112850", "107114140", "107114200", "107118120", "107118490", "107119130", "107120010", "107121540", "108113620", "108113740", "108115070", "108115500", "108115570", "108117360", "108118060", "108118520", "108121410", "109113931", "109114030", "109114651", "109115070", "109117080", "109117431", "109117630", "109118161", "109120150", "109120560", "110114321", "110114610", "110114720", "110118121", "110118630", "110118701", "110120700", "110121500", "110121720", "111114321", "111116110", "111116170", "111116530", "111116750", "111117480", "111117571", "111118810", "111119300", "111119950", "111121220", "111121410", "112116451", "112116540", "112116640", "112116810", "112117431", "112117461", "112117580", "112118161", "112118550", "112118810", "112119120", "112119450", "112120540", "112121430", "113117340", "113117550", "113118231", "113118490", "113118620", "113118870", "113119340", "113120070", "113120260", "113120601", "113121010", "113121950", "113121980", "113122180", "113122430"], "labels": [2, 2, 0, 3, 2, 2, 1, 1, 2, 2, 3, 2, 3, 1, 1, 2, 3, 2, 1, 1, 0, 0, 2, 0, 2, 0, 3, 0, 0, 1, 3, 2, 3, 3, 0, 1, 1, 3, 3, 0, 3, 2, 0, 0, 3, 0, 1, 0, 3, 3, 3, 2, 3, 1, 1, 3, 2, 0, 3, 1, 3, 1, 1, 3, 2, 1, 2, 2, 3, 2, 1, 1, 2, 3, 3, 1, 3, 3, 1, 1, 0, 0, 1, 1, 3, 0, 1, 1, 0, 0, 2, 1, 1, 1, 3, 3, 1, 3, 2, 3, 3, 1, 3, 0, 3, 3, 1, 3, 0, 1, 0, 3, 0, 0, 1, 0, 3, 0, 0, 0, 0, 3, 3, 1, 3, 3, 2, 2, 3, 3, 1, 3, 0, 0, 2, 3, 2, 2, 3, 2, 2, 2], "predicted_labels": [1, 1, 3, 0, 0, 1, 1, 0, 1, 1, 1, 1, 0, 1, 3, 1, 1, 3, 1, 1, 3, 0, 3, 3, 0, 3, 3, 0, 1, 1, 3, 0, 3, 0, 0, 1, 3, 3, 3, 1, 0, 3, 1, 0, 1, 1, 3, 3, 1, 0, 1, 1, 1, 3, 1, 0, 1, 1, 1, 1, 3, 1, 3, 0, 3, 1, 0, 1, 1, 0, 1, 1, 1, 1, 1, 1, 1, 1, 3, 1, 1, 1, 3, 0, 1, 1, 1, 0, 1, 0, 3, 3, 1, 1, 1, 1, 1, 1, 1, 3, 1, 0, 3, 0, 3, 0, 1, 1, 3, 1, 0, 1, 3, 0, 1, 1, 1, 1, 0, 1, 1, 1, 1, 1, 3, 1, 1, 1, 3, 3, 0, 1, 0, 0, 1, 1, 1, 1, 1, 0, 1, 0], "confidence_scores": [[0.16380241980241972, 0.3485695693195694, 0.20893152680652677, 0.278696484071484], [0.24187250943500935, 0.2907024364524366, 0.19975255994005997, 0.2676724941724942], [0.2644835442335442, 0.2594724442224443, 0.13708549783549787, 0.33895851370851365], [0.29070588235294126, 0.2771031558310971, 0.20105604118104115, 0.2311349206349206], [0.3142426184926184, 0.25326669164169163, 0.17865498390498388, 0.2538357059607059], [0.26133498854087095, 0.30310407647907656, 0.17942460317460315, 0.2561363318054494], [0.2550469946719947, 0.27204658535908544, 0.2467479048729049, 0.2261585150960151], [0.27989671877829775, 0.2748639277389278, 0.21344295543637648, 0.23179639804639815], [0.27748373073005433, 0.3076146492396493, 0.19123911586779235, 0.22366250416250413], [0.2593579892329893, 0.26759632034632025, 0.24410728854478858, 0.22893840187590192], [0.19482930957930955, 0.3245900627150627, 0.17887993950493947, 0.3017006882006882], [0.16754370629370627, 0.32159175546675556, 0.22237500000000007, 0.2884895382395383], [0.28323640504232617, 0.2677797133422134, 0.21036953762611652, 0.23861434398934392], [0.25077077497665723, 0.3312354451104451, 0.17972138972138965, 0.2382723901915078], [0.23543836718836722, 0.24871148296148315, 0.19352854090354088, 0.32232160894660905], [0.261356240981241, 0.29445615495615507, 0.1743052780552781, 0.26988232600732603], [0.24963293650793653, 0.3294725829725831, 0.13623303983598092, 0.28466144068349947], [0.256919857919858, 0.2676307026307026, 0.17742882117882122, 0.2980206182706183], [0.21900978188478193, 0.34193272699522703, 0.2056790778665779, 0.23337841325341324], [0.23899669774669774, 0.28481926406926417, 0.19230523643023648, 0.28387880175380187], [0.25795906789289147, 0.26105169830169833, 0.21249890469008115, 0.26849032911532933], [0.2992655027720817, 0.2397573953823954, 0.21116162565504681, 0.24981547619047617], [0.2558912476412477, 0.26295658508158515, 0.20089069264069276, 0.28026147463647466], [0.2398710594960595, 0.2781011586452764, 0.18785144920439048, 0.2941763326542739], [0.28778012265512265, 0.26379330391830386, 0.20979220341062446, 0.23863437001594906], [0.2652506660006661, 0.28744534632034635, 0.14681168831168828, 0.3004922993672994], [0.24166280941280946, 0.25830283605283616, 0.19715562215562218, 0.3028787323787326], [0.3186218642468643, 0.23814105339105346, 0.18895238095238098, 0.25428470140970144], [0.23585786435786432, 0.3222836885336887, 0.13600918525918526, 0.3058492618492619], [0.25029142589436715, 0.29546558996559, 0.20224524576730463, 0.2519977383727385], [0.21276046176046173, 0.30175849150849166, 0.18277541902541902, 0.3027056277056279], [0.2796444047223846, 0.2671745982775395, 0.2522388974329763, 0.2009420995670996], [0.26281691919191924, 0.22862355699855705, 0.18768704906204917, 0.32087247474747477], [0.3064697807352606, 0.23057898555692688, 0.19154325279983175, 0.271407980907981], [0.30960347985348, 0.1820941558441559, 0.19967550505050508, 0.30862685925185934], [0.25890925740925747, 0.3233111471861473, 0.1497049062049062, 0.26807468919968924], [0.25813149350649356, 0.26505785880785887, 0.19433026695526695, 0.2824803807303808], [0.2587678571428572, 0.24627195720945722, 0.2092422716172716, 0.28571791403041397], [0.23168219280719288, 0.2680655871905872, 0.19815506715506712, 0.3020971528471529], [0.21332545232545233, 0.33963252433840674, 0.1775147907647908, 0.26952723257135025], [0.3122350106034316, 0.28579477466977476, 0.1609081795397585, 0.24106203518703523], [0.2076912295221119, 0.2414003219003219, 0.2697011419952596, 0.2812073065823066], [0.23597173659673665, 0.29374603174603187, 0.18060672660672655, 0.2896755050505051], [0.3435294011544011, 0.2527613636363637, 0.09728715728715727, 0.30642207792207804], [0.22672176434676433, 0.34058046120546137, 0.19360891885891895, 0.23908885558885568], [0.2598291847041847, 0.28514657564657564, 0.22287290487290484, 0.23215133477633468], [0.22371257908757916, 0.27985320235320243, 0.19189466089466087, 0.30453955766455776], [0.23611575924075925, 0.2524222999222999, 0.1794991536241536, 0.33196278721278716], [0.24548232323232327, 0.3044487456987458, 0.16618695193695188, 0.2838819791319792], [0.3037402597402599, 0.24774945887445884, 0.17439195526695528, 0.2741183261183261], [0.259875, 0.3201783910533912, 0.16712536075036075, 0.2528212481962483], [0.23729888167388172, 0.29666558441558455, 0.18507052669552665, 0.28096500721500717], [0.24674093553505327, 0.3371858043916869, 0.16267062104562105, 0.253402639027639], [0.22373317654567665, 0.25591374597624594, 0.20424898712398712, 0.3161040903540904], [0.25347700910200915, 0.29270541958041957, 0.2103149211899212, 0.24350265012765018], [0.29693779137529136, 0.2815247807747809, 0.16765863997113997, 0.2538787878787878], [0.21276024955436718, 0.31904812262900495, 0.18716069347319358, 0.28103093434343435], [0.23830297480297477, 0.30619188736100517, 0.1748253225532638, 0.2806798152827565], [0.22826590076590064, 0.2899423631923632, 0.2083719102534892, 0.273419825788247], [0.24317875180375187, 0.34758759296259306, 0.15203307803307797, 0.25720057720057715], [0.2850084871269083, 0.19910593573093574, 0.19481205344363248, 0.3210735236985237], [0.24577867965367978, 0.26733763458763454, 0.23280099067599064, 0.2540826950826951], [0.22504401154401152, 0.28273214285714293, 0.1752484321234321, 0.3169754134754135], [0.29816745754245755, 0.28854188866688885, 0.16140148740148738, 0.2518891663891664], [0.25391973304473303, 0.2641398601398602, 0.20081632256632265, 0.28112408424908425], [0.20499224386724396, 0.32846517371517386, 0.17988565601065593, 0.2866569264069264], [0.27370261682761693, 0.25064965589965593, 0.23873954773296888, 0.23690817953975846], [0.27397251359751357, 0.3057053016428016, 0.16853246753246753, 0.2517897172272172], [0.23955247530247525, 0.3638761377511379, 0.13450579975579974, 0.2620655871905871], [0.30175306637806637, 0.27904691142191146, 0.1967132034632035, 0.22248681873681864], [0.23957202519702522, 0.29231143856143865, 0.1992850760350762, 0.26883146020646026], [0.20159613997114, 0.32789153901653895, 0.1674885114885115, 0.3030238095238096], [0.2275624098124097, 0.3165601204351205, 0.2020619475553686, 0.25381552219710113], [0.22510625485625485, 0.33821853146853137, 0.16607324619824618, 0.2706019674769676], [0.22307167832167832, 0.3237502636252636, 0.20946883671883676, 0.2437092213342214], [0.25166663483575263, 0.29048539369127613, 0.20420654345654352, 0.2536414280164279], [0.24750459671047895, 0.3157375679875681, 0.16903163503163504, 0.267726200270318], [0.2808075764105176, 0.2970243237155002, 0.17459514505102738, 0.24757295482295483], [0.2068027528027528, 0.2981521672771674, 0.1875171217671217, 0.3075279581529582], [0.25972462953712955, 0.285981240981241, 0.18788898601398607, 0.26640514346764355], [0.25962522200022203, 0.3368970057720058, 0.19521675546675554, 0.20826101676101683], [0.26166572316572323, 0.3073422965922966, 0.17089547952047948, 0.2600965007215007], [0.2740049716365506, 0.2504728188478188, 0.1739671673355884, 0.3015550421800422], [0.3327224025974026, 0.22941767954267958, 0.12617368742368737, 0.31168623043623045], [0.2639208471267295, 0.2924471639471641, 0.179153305028305, 0.26447868389780166], [0.2556642899584076, 0.3423041443850268, 0.16751612276612274, 0.23451544289044282], [0.2472486124986126, 0.34822281884781886, 0.16103897491397498, 0.24348959373959378], [0.2961994741369741, 0.27806037712287723, 0.13041613941613936, 0.2953240093240094], [0.255394268313386, 0.29821125810464044, 0.20504945493103385, 0.24134501865093974], [0.3074003427128429, 0.2844235556110557, 0.17744468031968036, 0.23073142135642133], [0.23300757575757575, 0.28989051226551227, 0.17419029581529577, 0.30291161616161627], [0.26132256632256623, 0.26278576978576984, 0.2088718919968921, 0.2670197718947719], [0.2734443611943613, 0.2894687395937396, 0.1787083749583749, 0.2583785242535242], [0.237664405039405, 0.2957221112221113, 0.22335722610722608, 0.2432562576312576], [0.1823495670995671, 0.36994426406926423, 0.19433116883116885, 0.2533749999999999], [0.24192453379953383, 0.30127522069433843, 0.18805524540818666, 0.2687450000979413], [0.25340788378288376, 0.32356270118770114, 0.14507899045399042, 0.2779504245754246], [0.28001250138750144, 0.28539722777222787, 0.15440084915084915, 0.2801894216894218], [0.24438546614204515, 0.3318004356754357, 0.1466461688895899, 0.2771679292929293], [0.2825247252747252, 0.2488261044511044, 0.1786486568986569, 0.29000051337551325], [0.280243777056277, 0.3040892649017649, 0.1647468642468642, 0.25092009379509383], [0.29455253080253085, 0.2605430541680543, 0.16505465367965363, 0.2798497613497613], [0.22574871370459607, 0.2640966810966812, 0.2344707098457098, 0.2756838953530131], [0.3510892857142857, 0.26342826617826626, 0.15861659174159168, 0.22686585636585638], [0.25953914141414147, 0.26028901653901654, 0.18030176767676775, 0.29987007437007446], [0.3184819832944833, 0.26073117160617165, 0.1634122197247197, 0.25737462537462535], [0.21073900660742773, 0.37193641774891795, 0.2088576744892535, 0.2084669011544011], [0.2698340548340549, 0.2844419746919747, 0.17621260683760684, 0.2695113636363637], [0.25759068709068705, 0.2538984765234765, 0.2237136795952586, 0.26479715679057786], [0.23526177988677993, 0.3244122821622822, 0.19740349927849926, 0.24292243867243865], [0.34473989898989893, 0.2529532828282828, 0.16393055555555555, 0.23837626262626269], [0.24190277777777788, 0.3283125901875903, 0.15361309523809522, 0.2761715367965369], [0.23262968975468984, 0.2725726911976912, 0.19838943001443002, 0.296408189033189], [0.3124381868131867, 0.2301325757575757, 0.15604816017316014, 0.3013810772560772], [0.27790866078366067, 0.31709650072150075, 0.18169130869130876, 0.22330352980352985], [0.2757051559551558, 0.33155380444718696, 0.1344454573204573, 0.2582955822772], [0.255979797979798, 0.26699134199134206, 0.23900649350649344, 0.23802236652236658], [0.2231682900432901, 0.3641969696969696, 0.13050018037518032, 0.28213455988456], [0.28079105616605615, 0.27987028249528256, 0.17220941558441563, 0.2671292457542458], [0.21572167160325045, 0.3480281246531248, 0.16345386119728228, 0.27279634254634255], [0.26461525974025973, 0.30619674769674776, 0.18645783383283387, 0.24273015873015866], [0.25822560772560776, 0.2940336052836053, 0.18751320901320898, 0.26022757797757806], [0.2721004273504275, 0.2807556193806195, 0.18357529970029968, 0.26356865356865355], [0.2843540764790766, 0.3211690115440116, 0.17905591630591627, 0.21542099567099574], [0.27159498834498835, 0.279016885891886, 0.15530402930402926, 0.2940840964590964], [0.2578946976226389, 0.27146470196470207, 0.24031824221530104, 0.2303223581973583], [0.25425685425685424, 0.30589739427239443, 0.1942152014652014, 0.24563055000555], [0.2890887584637585, 0.36447299922299936, 0.14419065656565655, 0.20224758574758572], [0.22662644300144308, 0.2789930902430903, 0.18915680153180148, 0.30522366522366534], [0.2076104908163731, 0.306477127039627, 0.15873573648573647, 0.3271766456582633], [0.2765063894438895, 0.26554961011211003, 0.1846782523032523, 0.2732657481407482], [0.24924673937173933, 0.30962735875235897, 0.16869738105032223, 0.27242852082557967], [0.2822505593821384, 0.25110689310689316, 0.19337313636655748, 0.27326941114441117], [0.3024323593073593, 0.2731529026529027, 0.17722884060384053, 0.24718589743589747], [0.23194521450771446, 0.36168122849372863, 0.18049037074037075, 0.22588318625818635], [0.18567117604617603, 0.3089849594849595, 0.24376112776112777, 0.26158273670773663], [0.2288336385836386, 0.29428157953157963, 0.1905472444222444, 0.2863375374625376], [0.21922313797313805, 0.2867654428904429, 0.2164449855699856, 0.2775664335664336], [0.2938800505050505, 0.3647118367743367, 0.12535723998223994, 0.21605087273837273], [0.33271518759018753, 0.32882918470418465, 0.13302380952380952, 0.20543181818181805], [0.2412972582972582, 0.31067556055056067, 0.19024127261627266, 0.25778590853590855], [0.3220894522144521, 0.25263390775890776, 0.15133369408369413, 0.27394294594294594]]}}