{"test": {"ids": ["110113931", "98108580", "109114720", "111114171", "109121410", "99109740", "110115710", "97113260", "102112170", "101114990", "99113260", "113122230", "97107260", "105113260", "98107380", "106115250", "102110850", "111116290", "112118860", "107118490", "98120010", "113119300", "107112850", "112120290", "100108260", "105111990", "97106600", "100109890", "111118301", "105113330", "112117780", "102116340", "110116290", "112118810", "112119500", "108114180", "109121640", "100109311", "106114280", "110120640", "113122160", "105113440", "104113550", "111120260", "111118810", "107112840", "112116640", "111120540", "111115620", "113121810", "105116860", "105117351", "97106770", "99108890", "108121351", "111116411", "106114150", "108121410", "99110050", "102110750", "108114040", "111120531", "113120830", "98107410", "100111080", "113122220", "111115780", "102121440", "104119340", "108114200", "113122510", "108119330", "97112290", "102110690", "112117030", "111114121", "112116451", "108113700", "104113210", "109119460", "112120700", "108116501", "103113640", "98108410", "102114270", "104111550", "99109840", "98106560", "110119030", "105110251", "107121640", "105116501", "104109311", "99109370", "113119950", "108116481", "110117200", "101109120", "101111990", "106116441", "112118701", "108115250", "112117571", "113119480", "97105960", "101108370", "108113620", "103111170", "108118301", "104116800", "112120670", "99109161", "102109910", "98113881", "105113190", "102110240", "113119360", "108116070", "107113550", "105112240", "109113881", "98112580", "100112060", "101110740", "110117500", "106119260", "110114321", "103118110", "112118511", "100109360", "98108520", "107113130", "111116110", "108117360", "110120560", "110116441", "112117471", "109117431", "98110680", "101108500", "103111110", "109119450"], "labels": [1, 0, 0, 3, 0, 3, 2, 1, 3, 3, 0, 1, 2, 3, 1, 2, 3, 2, 3, 2, 2, 1, 1, 1, 3, 2, 3, 3, 3, 3, 0, 3, 2, 3, 2, 1, 0, 1, 3, 0, 3, 0, 1, 3, 0, 1, 0, 1, 1, 2, 2, 0, 3, 0, 3, 0, 1, 0, 3, 1, 0, 0, 3, 3, 0, 1, 1, 2, 1, 0, 2, 0, 1, 0, 2, 0, 0, 0, 3, 1, 2, 0, 1, 1, 3, 1, 2, 1, 0, 0, 1, 1, 3, 1, 0, 0, 3, 1, 2, 0, 0, 1, 3, 3, 2, 1, 3, 2, 1, 1, 2, 3, 2, 3, 3, 3, 0, 1, 0, 1, 0, 2, 2, 3, 1, 1, 1, 2, 1, 0, 2, 1, 3, 1, 0, 3, 3, 1, 2, 3, 3, 3], "predicted_labels": [0, 0, 3, 3, 3, 1, 3, 3, 0, 1, 0, 3, 3, 1, 0, 1, 1, 3, 1, 0, 1, 0, 3, 1, 1, 1, 3, 1, 1, 0, 1, 1, 3, 1, 1, 1, 3, 1, 3, 3, 1, 1, 0, 1, 1, 1, 1, 0, 3, 1, 1, 1, 0, 1, 1, 0, 3, 3, 3, 1, 1, 0, 3, 0, 1, 1, 1, 0, 1, 1, 2, 1, 1, 1, 3, 1, 0, 3, 0, 1, 2, 1, 0, 1, 3, 1, 2, 1, 3, 0, 1, 3, 1, 2, 3, 3, 1, 3, 1, 3, 3, 3, 1, 1, 2, 0, 1, 1, 0, 1, 1, 1, 0, 0, 0, 3, 0, 1, 3, 1, 0, 1, 3, 1, 1, 3, 1, 3, 1, 3, 1, 2, 3, 3, 2, 1, 1, 1, 1, 2, 1, 1], "confidence_scores": [[0.31891522535668304, 0.2713793628414872, 0.11800032814525398, 0.29170508365657577], [0.267006123940945, 0.2623888906561755, 0.20371370210389245, 0.26689128329898715], [0.16340393431416347, 0.30575089772625713, 0.23124578576015073, 0.29959938219942844], [0.26716669497567397, 0.29295641843971904, 0.14365449466858776, 0.2962223919160194], [0.18299067088826773, 0.3207536814294736, 0.17159411159476928, 0.3246615360874894], [0.17906866392565954, 0.2998225739754933, 0.22624926526673197, 0.29485949683211543], [0.24690957015671888, 0.277934995621788, 0.18310650423829417, 0.29204892998319926], [0.23428377545060614, 0.29275599094715815, 0.1842571141569403, 0.28870311944529564], [0.3546135112752652, 0.25066997002841485, 0.11178367915377029, 0.2829328395425496], [0.19943050509956756, 0.2898530752987166, 0.23559771755629794, 0.27511870204541783], [0.31040350814867107, 0.2527431378704434, 0.17926555047415704, 0.2575878035067288], [0.13620802841368362, 0.29890803602235505, 0.2794260647862436, 0.2854578707777178], [0.25835835811210744, 0.26911848784079523, 0.2014104013948332, 0.27111275265226414], [0.17955836012512175, 0.28903585538391685, 0.2551235236021368, 0.2762822608888244], [0.3787844846164115, 0.19843671794488485, 0.19556202361387096, 0.2272167738248324], [0.18790623139917798, 0.3063461486867966, 0.20318435537881216, 0.3025632645352133], [0.18587003971975186, 0.29619022172077925, 0.23518618404284158, 0.28275355451662704], [0.16762083296603275, 0.3017697434129069, 0.2349714809688252, 0.29563794265223525], [0.1370468583027147, 0.30989957340806423, 0.2570619792652107, 0.2959915890240104], [0.23373482174574814, 0.2601956864263063, 0.2603952889595532, 0.24567420286839228], [0.19645606165324977, 0.29132879463312017, 0.23170443428352663, 0.2805107094301035], [0.38976415339756654, 0.24867907500426945, 0.07145815127147817, 0.29009862032668604], [0.15459795661900738, 0.3043953466099858, 0.2463168957574981, 0.29468980101350856], [0.10670904515078151, 0.31437416457453043, 0.2833951652515759, 0.2955216250231124], [0.25144559276111283, 0.28656950826706384, 0.17541908701326653, 0.2865658119585565], [0.17332707729624097, 0.2937007131730384, 0.2512574810832035, 0.2817147284475171], [0.20296334196356325, 0.2848711740078919, 0.2391784289457556, 0.27298705508278925], [0.2971659711355735, 0.2887797529564456, 0.11310357919389089, 0.3009506967140897], [0.20876699834849047, 0.3022868235252245, 0.18027719909641463, 0.3086689790298704], [0.3213966974958146, 0.2625293428160329, 0.14113148642565676, 0.2749424732624955], [0.22919499943756513, 0.2947051322060913, 0.1770826395081682, 0.2990172288481756], [0.1302813048178865, 0.305455603548448, 0.2790336377858514, 0.2852294538478139], [0.22708357615709124, 0.2779819396359122, 0.21092366936766146, 0.2840108148393351], [0.23842564907490366, 0.2961915274610649, 0.15843158927322276, 0.30695123419080855], [0.20442587909130777, 0.28362611304060775, 0.23777691989971758, 0.27417108796836676], [0.2180691742715149, 0.28381288967011287, 0.2220991126078178, 0.2760188234505542], [0.3126683050143437, 0.2807181981901563, 0.10454938297608968, 0.3020641138194103], [0.26592686712691416, 0.29563129013368844, 0.1387492811662108, 0.29969256157318636], [0.2412738375801607, 0.29052703446183625, 0.17257554720749052, 0.2956235807505127], [0.27837171035414754, 0.28145663788026926, 0.14303916124404384, 0.29713249052153945], [0.17368033310263803, 0.2996933078569829, 0.23474577473458746, 0.2918805843057915], [0.2451528675837966, 0.27736859439507383, 0.2023346299255225, 0.27514390809560724], [0.4082018075475371, 0.21820246042149125, 0.114825496811977, 0.25877023521899456], [0.19829381223353204, 0.31137177438493263, 0.16863766638467675, 0.32169674699685863], [0.29385032982330955, 0.2912302023632825, 0.10794278006282372, 0.3069766877505845], [0.16489389475325614, 0.2957138788919757, 0.26119981028856637, 0.27819241606620154], [0.2680236293655261, 0.29033968161209717, 0.14912996930376005, 0.29250671971861697], [0.28788550236713545, 0.2607435308750499, 0.20379379493427605, 0.24757717182353833], [0.16131131944088065, 0.3042217993321028, 0.22636956641564182, 0.30809731481137503], [0.1644303847002734, 0.299190634980114, 0.247586733296429, 0.28879224702318373], [0.24130696532714538, 0.2696912761000776, 0.23137494154870092, 0.25762681702407614], [0.2382530098086267, 0.2937802052041525, 0.16990767466346776, 0.29805911032375354], [0.28632914194377507, 0.2634002927034187, 0.17927465526320085, 0.2709959100896055], [0.20132659995596286, 0.2883194030435744, 0.2250357491302574, 0.2853182478702055], [0.24269169860360443, 0.2923693309107825, 0.165601217245163, 0.2993377532404498], [0.32498395649434386, 0.2467633176339167, 0.1692346123671511, 0.2590181135045882], [0.2486729905204768, 0.28861480143484886, 0.17067447338800565, 0.29203773465666905], [0.2870441778975689, 0.28735669743608844, 0.12013253603529624, 0.30546658863104653], [0.21273011867772937, 0.2956891857671995, 0.19253415846138405, 0.2990465370936871], [0.14366187974168673, 0.2934526941549905, 0.296825579852474, 0.2660598462508491], [0.12004684812111667, 0.3108611666981256, 0.26537270741021207, 0.30371927777054586], [0.3228149100500633, 0.2533931577391366, 0.15757181360217207, 0.26622011860862804], [0.14763390902000495, 0.31026890246939126, 0.23714102944722837, 0.30495615906337553], [0.33346570733873276, 0.26120683916915827, 0.12854065208825732, 0.2767868014038518], [0.20560234102798228, 0.3009664750266536, 0.18493652750120604, 0.3084946564441575], [0.11396728131831806, 0.310758655037293, 0.27335171190882657, 0.3019223517355627], [0.22200301064441816, 0.29138288383042676, 0.1949354619401148, 0.29167864358504], [0.31708756706499597, 0.26071762526240966, 0.16316954311503476, 0.25902526455755953], [0.1731725659759994, 0.30787882803974975, 0.2058453260675134, 0.31310327991673736], [0.16141453126598235, 0.3046364851860496, 0.23829658447440097, 0.29565239907356716], [0.08483908578388394, 0.32054875212443446, 0.29825896775167954, 0.2963531943400017], [0.23676167285319688, 0.27499392075186185, 0.20519245127549327, 0.28305195511944814], [0.24504283431527576, 0.2732294721900441, 0.24834094586865016, 0.23338674762602984], [0.18473502937524594, 0.29881308538662155, 0.22500425185386438, 0.2914476333842684], [0.22537763024544405, 0.3005103631939619, 0.17458138305156723, 0.2995306235090269], [0.27329595111207394, 0.30527022454933544, 0.10333253993244233, 0.3181012844061483], [0.32378852434894634, 0.27541937863336946, 0.11578134334582987, 0.28501075367185424], [0.11652472879633016, 0.31085914081272603, 0.2737802717627216, 0.2988358586282222], [0.3175178517021244, 0.2498412063320619, 0.15796867621889513, 0.27467226574691855], [0.30015204779208304, 0.27674604699624805, 0.14960346327214263, 0.27349844193952605], [0.1280520548466161, 0.2936591721582381, 0.31025506586618623, 0.26803370712895963], [0.23712652183523508, 0.28678220192811493, 0.18465336990946507, 0.29143790632718514], [0.5222101954023888, 0.18610418206749707, 0.06076294876696249, 0.23092267376315165], [0.2417042677027572, 0.2739112300027184, 0.22131596614082544, 0.2630685361536987], [0.16012732962034182, 0.31226172001239016, 0.21623420226248433, 0.31137674810478355], [0.22737808756889114, 0.2870482390295577, 0.19817468400785335, 0.2873989893936979], [0.12885269048221948, 0.2804490683785874, 0.3482399654187183, 0.2424582757204751], [0.20337672842912874, 0.27852414394969144, 0.25356101590727187, 0.26453811171390773], [0.1933134190191846, 0.3079530793954884, 0.18954393891990876, 0.309189562665418], [0.2974340854368317, 0.25149107355698297, 0.1951711664387837, 0.2559036745674012], [0.15787682026848351, 0.296963645637104, 0.26497196795860534, 0.280187566135807], [0.28065763755795586, 0.2839095111122507, 0.13840859348255397, 0.2970242578472393], [0.2887999049678275, 0.29554178069128884, 0.11049196800795899, 0.3051663463329251], [0.16506295865255294, 0.27577100116986936, 0.3151421849052748, 0.24402385527230275], [0.2995638854367704, 0.25250167023266673, 0.16508429157330098, 0.28285015275726183], [0.31337760920506047, 0.2670443675189326, 0.12721627615934347, 0.2923617471166637], [0.20121647668718726, 0.30442094027464744, 0.1908379488094398, 0.30352463422872544], [0.28287806306448904, 0.27999150866071576, 0.14770619885667885, 0.28942422941811613], [0.18005609908623235, 0.28099367158374833, 0.2811376522460467, 0.25781257708397254], [0.25636912037704257, 0.3066153799384302, 0.12440082142165622, 0.3126146782628711], [0.24223752389515923, 0.29922918644305674, 0.15615671460153738, 0.3023765750602467], [0.2553496735273643, 0.2790839381654554, 0.17788212627465588, 0.28768426203252423], [0.20081946445600862, 0.2892873973867012, 0.2338314952177661, 0.2760616429395242], [0.265809651563206, 0.29931154863303294, 0.1304735635111807, 0.30440523629258043], [0.2205397058015331, 0.2540895761846572, 0.2673438395707592, 0.2580268784430506], [0.39105366756769194, 0.2463207286372792, 0.0852863333485528, 0.27733927044647594], [0.23157809671397478, 0.2898351144921971, 0.1798435368569816, 0.29874325193684653], [0.28828600157274814, 0.2923436222279339, 0.12289799818958806, 0.2964723780097299], [0.3074775476961396, 0.2578397004439708, 0.15728124521463369, 0.27740150664525576], [0.22127819260535864, 0.2804615051546469, 0.22700679507181387, 0.27125350716818036], [0.22649507143274397, 0.2936676699262334, 0.18307389576239239, 0.2967633628786301], [0.2489874012207916, 0.2936377122027241, 0.1716927735284151, 0.28568211304806923], [0.27508593395449304, 0.2663066928394656, 0.19712018812459528, 0.261487185081446], [0.31781607895381503, 0.2551866678967952, 0.1699182703485917, 0.25707898280079794], [0.35730756603596076, 0.2593087380980487, 0.09764940461925677, 0.28573429124673366], [0.29549230392633863, 0.2735197114397337, 0.13725743535695328, 0.2937305492769741], [0.35293543280365103, 0.2583623070305105, 0.10219624812699056, 0.28650601203884785], [0.23870151770525116, 0.2840892698097254, 0.19240799470141695, 0.28480121778360645], [0.2795649432917664, 0.27846949409941013, 0.15237405307085206, 0.28959150953797164], [0.17007089890954236, 0.2920354817754594, 0.2663882647129698, 0.27150535460202807], [0.28786749329776296, 0.26274608485926776, 0.17904473883902922, 0.27034168300393996], [0.1513861871666136, 0.3016148463070526, 0.2690307190792882, 0.27796824744704535], [0.206212933301927, 0.29652817824563343, 0.19897120295121004, 0.2982876855012296], [0.22489803808452355, 0.28062166625397456, 0.2196724634376255, 0.2748078322238769], [0.21034863402187243, 0.3096070393321002, 0.15546941371367862, 0.3245749129323486], [0.25096702584317226, 0.2894806596435464, 0.15825400582026972, 0.30129830869301183], [0.22429579277716538, 0.2916698335463315, 0.18926216704474644, 0.2947722066317565], [0.180701922599231, 0.2798744074107145, 0.2634116134601063, 0.27601205652994804], [0.2600905257725838, 0.27268211672385634, 0.1901933792119301, 0.2770339782916302], [0.27838853073592995, 0.27320117070907035, 0.15957011087496725, 0.2888401876800327], [0.29529247370478573, 0.27432465245509735, 0.16099679032167746, 0.26938608351843923], [0.15151837398726514, 0.27093603640135155, 0.3321239857490341, 0.24542160386234946], [0.21874267575046039, 0.2938238012367361, 0.18716550909723653, 0.300268013915567], [0.22413395265556801, 0.271757325777426, 0.22914465860998334, 0.2749640629570224], [0.11614383491809539, 0.3022237374725545, 0.29927539879701026, 0.28235702881233965], [0.2025579425079446, 0.29612902306287975, 0.1996834914360754, 0.30162954299309996], [0.21038987047822147, 0.29189145560139923, 0.21281587947838795, 0.28490279444199146], [0.2616888513353894, 0.29229280510106, 0.15027700156125476, 0.2957413420022961], [0.18143772062330446, 0.27675038129866003, 0.30624299960810375, 0.23556889846993154], [0.20441287390556523, 0.2743663157610015, 0.25996848817395257, 0.2612523221594806], [0.21649522875962804, 0.2923302545844703, 0.205491197193841, 0.28568331946206077], [0.17903820316568372, 0.291772609377711, 0.25808485994836905, 0.2711043275082358]]}, "rewritten": {"ids": ["97105960", "97106600", "97106770", "97107260", "97112290", "97113260", "98106560", "98107380", "98107410", "98108410", "98108520", "98108580", "98110680", "98112580", "98113881", "98120010", "99108890", "99109161", "99109370", "99109740", "99109840", "99110050", "99113260", "100108260", "100109311", "100109360", "100109890", "100111080", "100112060", "101108370", "101108500", "101109120", "101110740", "101111990", "101114990", "102109910", "102110240", "102110690", "102110750", "102110850", "102112170", "102114270", "102116340", "102121440", "103111110", "103111170", "103113640", "103118110", "104109311", "104111550", "104113210", "104113550", "104116800", "104119340", "105110251", "105111990", "105112240", "105113190", "105113260", "105113330", "105113440", "105116501", "105116860", "105117351", "106114150", "106114280", "106115250", "106116441", "106119260", "107112840", "107112850", "107113130", "107113550", "107118490", "107121640", "108113620", "108113700", "108114040", "108114180", "108114200", "108115250", "108116070", "108116481", "108116501", "108117360", "108118301", "108119330", "108121351", "108121410", "109113881", "109114720", "109117431", "109119450", "109119460", "109121410", "109121640", "110113931", "110114321", "110115710", "110116290", "110116441", "110117200", "110117500", "110119030", "110120560", "110120640", "111114121", "111114171", "111115620", "111115780", "111116110", "111116290", "111116411", "111118301", "111118810", "111120260", "111120531", "111120540", "112116451", "112116640", "112117030", "112117471", "112117571", "112117780", "112118511", "112118701", "112118810", "112118860", "112119500", "112120290", "112120670", "112120700", "113119300", "113119360", "113119480", "113119950", "113120830", "113121810", "113122160", "113122220", "113122230", "113122510"], "labels": [2, 3, 3, 2, 1, 1, 1, 1, 3, 1, 2, 0, 2, 2, 3, 2, 0, 3, 1, 3, 2, 3, 0, 3, 1, 0, 3, 0, 2, 1, 3, 1, 3, 2, 3, 2, 3, 0, 1, 3, 3, 3, 3, 2, 3, 2, 1, 2, 3, 1, 3, 1, 1, 1, 0, 2, 1, 3, 3, 3, 0, 1, 2, 0, 1, 3, 2, 0, 1, 1, 1, 1, 0, 2, 1, 3, 0, 0, 1, 0, 1, 1, 0, 0, 1, 1, 0, 3, 0, 0, 0, 1, 3, 1, 0, 0, 1, 1, 2, 2, 3, 3, 1, 0, 0, 0, 0, 3, 1, 1, 3, 2, 0, 3, 0, 3, 0, 1, 0, 0, 2, 3, 3, 0, 1, 0, 3, 3, 2, 1, 2, 2, 1, 0, 3, 0, 3, 2, 3, 1, 1, 2], "predicted_labels": [3, 1, 3, 1, 1, 3, 1, 0, 3, 1, 0, 3, 1, 1, 3, 1, 1, 1, 1, 1, 2, 1, 2, 3, 1, 3, 0, 1, 3, 3, 1, 1, 2, 1, 1, 0, 0, 0, 2, 2, 0, 2, 1, 0, 3, 0, 0, 2, 1, 1, 3, 0, 3, 1, 3, 1, 2, 0, 1, 3, 1, 3, 1, 1, 1, 2, 1, 1, 3, 1, 2, 1, 2, 1, 2, 1, 1, 1, 1, 1, 1, 2, 3, 2, 2, 3, 1, 1, 1, 0, 1, 1, 1, 1, 1, 0, 1, 1, 1, 3, 1, 1, 1, 1, 3, 3, 0, 1, 1, 1, 3, 2, 3, 1, 0, 1, 1, 1, 0, 1, 3, 2, 1, 3, 2, 1, 1, 3, 2, 1, 1, 2, 3, 3, 3, 3, 1, 1, 1, 1, 2, 1], "confidence_scores": [[0.22584790393993184, 0.26198181551347427, 0.244177541934153, 0.26799273861244105], [0.24782261149792678, 0.27110315213952146, 0.2255004183171858, 0.25557381804536583], [0.23960651310546716, 0.2623792186675698, 0.23980028171247553, 0.2582139865144874], [0.1899664649934745, 0.2804229560755929, 0.2617938117168983, 0.2678167672140345], [0.19531057543246425, 0.2784689829745994, 0.2640515408603623, 0.2621689007325741], [0.22406043708813775, 0.27271339211389684, 0.2326909652896274, 0.2705352055083381], [0.14387575530766095, 0.2960260116733693, 0.28513977564159226, 0.27495845737737756], [0.3624339013539075, 0.2248813259397996, 0.17671029084473056, 0.23597448186156214], [0.29855135778050723, 0.2659485410945519, 0.158808504227655, 0.276691596897286], [0.25706287221238333, 0.2729946179894629, 0.19703745581273552, 0.2729050539854178], [0.3391311969753482, 0.24892749413113635, 0.1641537707180194, 0.24778753817549623], [0.2147629317625197, 0.27939464018338417, 0.23233393376964195, 0.27350849428445395], [0.22398945750259908, 0.267763512893587, 0.27630989065261236, 0.23193713895120147], [0.1678200566918896, 0.28724082851650334, 0.2788726664064911, 0.2660664483851158], [0.19430631761777611, 0.2761332662985623, 0.2628362687703576, 0.26672414731330424], [0.1534573535127886, 0.2935025904671602, 0.26950508657415573, 0.28353496944589524], [0.23442738911494504, 0.28639167911405217, 0.18635681606879526, 0.2928241157022075], [0.18434254925587018, 0.2938361833123166, 0.24318243455464478, 0.2786388328771687], [0.16577247178814666, 0.2912156522619642, 0.2697327520635176, 0.2732791238863714], [0.20658876471319013, 0.27987600591831124, 0.24255449233614704, 0.27098073703235137], [0.1623086185548911, 0.2792896010839395, 0.2932252642842973, 0.2651765160768725], [0.1900010684866703, 0.3031600899009933, 0.2006674475117859, 0.3061713941005504], [0.16112625536896572, 0.26884951193106765, 0.32340817962781676, 0.24661605307215004], [0.26254588090620806, 0.26052889935277496, 0.2092509322393227, 0.267674287501694], [0.28800656144677605, 0.28094701294857044, 0.14703000306491204, 0.2840164225397416], [0.2425021823879854, 0.2639567553157774, 0.22415896883236733, 0.2693820934638698], [0.32422902884738886, 0.24020143871523497, 0.17937327082964982, 0.2561962616077262], [0.2811301608863866, 0.2748334762624579, 0.16213773845919002, 0.2818986243919652], [0.18928622362341266, 0.27814272837098764, 0.256701667216265, 0.2758693807893345], [0.2790704593231305, 0.2794384974018594, 0.15074210922491155, 0.29074893405009844], [0.15873825685354226, 0.2887314404588155, 0.28601909132013825, 0.2665112113675043], [0.2296205237539004, 0.2781447935376075, 0.21094870423598805, 0.2812859784725042], [0.1745778329644377, 0.27651315108780167, 0.3015393186517166, 0.24736969729604383], [0.20331230764732647, 0.27427760730259343, 0.25920897747524646, 0.2632011075748339], [0.13317456452632784, 0.3130689859502114, 0.24972199690296062, 0.3040344526205004], [0.2385813042081218, 0.2603742252875317, 0.24370622641210446, 0.25733824409224215], [0.2507967495281303, 0.26654731475782173, 0.21319036407648154, 0.2694655716375667], [0.27915205451976066, 0.26956445983319594, 0.1749608435001842, 0.2763226421468592], [0.11325905908676326, 0.28636846181126024, 0.36414046559818236, 0.2362320135037939], [0.20204477516356223, 0.27020780468736993, 0.270914444055243, 0.25683297609382477], [0.3604295233006595, 0.25319188502382084, 0.11107960266999199, 0.27529898900552735], [0.11457813339627813, 0.3056156026586705, 0.29366411431931255, 0.2861421496257389], [0.21966660888566641, 0.28316360614674857, 0.21609234750255424, 0.2810774374650311], [0.2972119910890789, 0.2500216834212274, 0.20648219642142765, 0.24628412906826583], [0.21737187727468488, 0.2793408641331148, 0.2255494875650377, 0.2777377710271627], [0.30059507456925016, 0.26135250671981297, 0.1780776474929002, 0.25997477121803686], [0.36922454471224714, 0.24511892286970352, 0.1062025151617132, 0.2794540172563363], [0.16092169750020313, 0.27975312968409605, 0.2926604119652834, 0.26666476085041757], [0.22235289838160968, 0.2787130341270155, 0.23021280991330978, 0.2687212575780649], [0.16832999027690626, 0.28741713092098964, 0.26775740769926987, 0.27649547110283423], [0.32746879362776865, 0.25209616268937673, 0.13186244394099353, 0.2885725997418614], [0.29314893082698645, 0.24156668474891183, 0.2162849446664617, 0.24899943975763997], [0.1885803706045211, 0.28228577879486394, 0.24961408758570303, 0.2795197630149121], [0.10824960125865832, 0.3045988405376583, 0.3065518393096767, 0.2805997188940064], [0.2759992813000737, 0.26631173319967566, 0.17656710112051688, 0.2811218843797339], [0.18677957928941802, 0.28914780512463667, 0.2432407531899991, 0.2808318623959463], [0.10855293270305363, 0.30252874450226697, 0.30829219826590276, 0.2806261245287761], [0.2912352862924442, 0.26801882524161635, 0.16658678145765157, 0.2741591070082881], [0.17534328810904456, 0.2930429223441578, 0.2417458653377681, 0.28986792420902957], [0.20933043015511174, 0.2650659932736289, 0.261722879531178, 0.2638806970400812], [0.1627969805687638, 0.2900114355780798, 0.2728013921995444, 0.27439019165361167], [0.23729302440301578, 0.2730702633184197, 0.20744578432887287, 0.2821909279496918], [0.1937457935399085, 0.2796821013443345, 0.26514551639713096, 0.26142658871862606], [0.15808729383540115, 0.2893874498273563, 0.27561629468133525, 0.2769089616559073], [0.2851127381219516, 0.26481120338579517, 0.18353300171876244, 0.266543056773491], [0.19204894958804886, 0.26642101123184725, 0.29534321868329133, 0.24618682049681265], [0.1911081672833707, 0.2855486872080155, 0.2513287301880947, 0.27201441532051923], [0.1965407371244746, 0.2870124822050414, 0.23948190776475234, 0.2769648729057317], [0.21199527603619633, 0.27545390662391495, 0.23659635660887865, 0.27595446073100993], [0.1451685270518364, 0.29380249665370906, 0.2903343301253594, 0.2706946461690954], [0.1399472665429432, 0.2908646697773973, 0.29638499552885367, 0.2728030681508059], [0.15926675706128463, 0.29208009507490124, 0.2610204784815076, 0.28763266938230675], [0.14253124428947064, 0.27929718787864655, 0.31230028619043587, 0.2658712816414469], [0.16597424856252851, 0.28441232926656473, 0.2833431079657549, 0.2662703142051519], [0.12312700174186643, 0.2986756152383359, 0.29511759032154017, 0.28307979269825756], [0.1729824082830501, 0.29250265100331757, 0.2441011468283638, 0.2904137938852684], [0.1313092753012795, 0.30034127895492085, 0.2938605862832214, 0.27448885946057805], [0.1932684660168362, 0.2901101304760286, 0.23000011752328603, 0.2866212859838491], [0.17939212686679698, 0.2957752750225588, 0.2308258294547269, 0.29400676865591713], [0.12787922487558773, 0.2998161803112145, 0.2929157346813528, 0.27938886013184494], [0.21338045106614958, 0.2906536154952931, 0.19763010252716523, 0.29833583091139193], [0.186128731034099, 0.27668616046979927, 0.2779163295330952, 0.25926877896300615], [0.24309669981456952, 0.29033727963423894, 0.16189695493497694, 0.3046690656162143], [0.17977426179492595, 0.2765994133465453, 0.2737526212893998, 0.26987370356912893], [0.150783525338257, 0.2813250288390601, 0.3021336033361689, 0.2657578424865145], [0.19412792074090723, 0.2860201793924026, 0.2290548252995924, 0.29079707456709786], [0.21617597629085789, 0.2853558915666, 0.20562557041637067, 0.2928425617261713], [0.22240803000983522, 0.28556472013476614, 0.20743716972554743, 0.28459008012985115], [0.24187293815293118, 0.27705322203598254, 0.2134316516341673, 0.2676421881769189], [0.2825329161892725, 0.2628838788774245, 0.18030879724714158, 0.2742744076861616], [0.1897032242306521, 0.29127965008830525, 0.22762771383544506, 0.2913894118455975], [0.23266169844018522, 0.2924059848386903, 0.17440339425921061, 0.3005289224619137], [0.16390899508450016, 0.28804499412975537, 0.2767960153804491, 0.27124999540529565], [0.289138714789946, 0.2739348170680107, 0.15949119808972378, 0.27743527005231994], [0.16327855748248984, 0.29192276753737373, 0.2603225748196457, 0.2844761001604908], [0.3071053933822076, 0.2654092358971941, 0.15393982958419436, 0.27354554113640417], [0.2141754538262992, 0.27544385662798954, 0.23577853139350624, 0.2746021581522052], [0.19672605154051787, 0.2818406361797873, 0.2468470742670562, 0.2745862380126389], [0.15263476026955505, 0.2964711043927924, 0.25789135853582584, 0.2930027768018266], [0.2085633396099922, 0.26757114496793577, 0.24978453458412608, 0.2740809808379461], [0.14982523771557765, 0.29538184553648333, 0.27959336538973983, 0.2751995513581994], [0.19870407442604718, 0.2935439897471036, 0.21218864351446265, 0.29556329231238654], [0.18549658485907203, 0.29639006120423234, 0.22455990374001122, 0.29355345019668455], [0.1638341936620201, 0.302450202911801, 0.23519927250284184, 0.2985163309233373], [0.14529543166070016, 0.30125526678015674, 0.26119802042291956, 0.2922512811362237], [0.23002767944217964, 0.2918524699161814, 0.17445395187663706, 0.3036658987650018], [0.3267021359349112, 0.2714294676087504, 0.10908802182640716, 0.29278037462993095], [0.18566789743783613, 0.29777930966227284, 0.226035092684583, 0.29051770021530793], [0.18021466499376154, 0.2967141491014855, 0.22095165212167672, 0.3021195337830762], [0.1967444523623474, 0.28720421265584545, 0.2258986775444184, 0.2901526574373888], [0.16198634321733352, 0.29623632228835345, 0.2522155772919557, 0.2895617572023574], [0.13079414745327478, 0.29111298745590575, 0.29841583353330536, 0.2796770315575142], [0.3213818924305636, 0.25117294725777417, 0.15314914295793322, 0.27429601735372905], [0.21627880378635408, 0.28958019849712374, 0.2014803999410458, 0.2926605977754766], [0.3030701620868266, 0.2511432453631038, 0.1852257431950714, 0.2605608493549985], [0.2631691631460823, 0.2826096704488991, 0.1700882052333573, 0.28413296117166115], [0.17656279353008986, 0.28706326380787717, 0.25415979071006284, 0.28221415195197036], [0.2123187034049135, 0.27632027883878263, 0.25151004108921154, 0.2598509766670923], [0.30111440713289966, 0.2803161737707865, 0.1224144649538614, 0.2961549541424524], [0.17393366119968637, 0.30351764308338186, 0.21767987099450195, 0.30486882472242954], [0.17765474102305343, 0.28178393268329893, 0.26666145252490214, 0.27389987376874536], [0.13883272034280536, 0.2946705210339615, 0.28631087017380297, 0.28018588844943004], [0.20398579546255166, 0.28447496007949036, 0.23591472882379624, 0.2756245156341619], [0.21712694503788274, 0.2825988329970403, 0.2062294271624034, 0.2940447948026734], [0.13151559065516785, 0.29858951390903854, 0.28864721760739265, 0.281247677828401], [0.16736260526796473, 0.2991611918973325, 0.2406821963034923, 0.2927940065312107], [0.16276042851073835, 0.2958792574717576, 0.25056771521799504, 0.29079259879950903], [0.17884304504030815, 0.30164995586573373, 0.21770345150060302, 0.3018035475933552], [0.15960801312536954, 0.27596053834627565, 0.31140867735491257, 0.2530227711734428], [0.15573315648184902, 0.2918559864985397, 0.28510643798699375, 0.2673044190326174], [0.1974214548603533, 0.2899214037291065, 0.22433257804174078, 0.2883245633687994], [0.12777857697283632, 0.2965318027003592, 0.29709941656863503, 0.2785902037581695], [0.21134676566923677, 0.2984537351895085, 0.18553350745716266, 0.3046659916840921], [0.21810590844769887, 0.28614631583696243, 0.20059882234244475, 0.29514895337289415], [0.227375817368112, 0.30120819673704435, 0.15891956142712482, 0.31249642446771875], [0.17393708135660982, 0.29908817523516423, 0.22695327631443574, 0.30002146709379035], [0.1270078961909064, 0.3180472460507509, 0.2338464089463832, 0.32109844881195954], [0.13090772871739437, 0.29669633742711377, 0.3082808310099326, 0.2641151028455593], [0.17588110644632543, 0.3075059364380052, 0.1941494177309751, 0.32246353938469435], [0.13741492275543185, 0.29753937006177683, 0.28325735033500726, 0.2817883568477839], [0.14450229760869748, 0.2844498043497864, 0.31033432303847236, 0.26071357500304393], [0.13355512725036034, 0.29844830289577495, 0.2898682539228274, 0.2781283159310375]]}}