{"test": {"ids": ["101119030", "98107210", "110120640", "101108460", "113122180", "102118380", "105119950", "98111231", "105115680", "99120010", "106115240", "101113210", "107120010", "102121440", "111116040", "103110050", "112120670", "112121430", "109120621", "97106820", "106121190", "99108520", "106118520", "97116800", "104119340", "97110950", "100117420", "109120560", "101111210", "110116290", "97105760", "99109860", "102110240", "102113350", "101110150", "113119700", "102116340", "99109161", "105110251", "108115250", "113121980", "112117790", "103109641", "112116290", "101108370", "110113591", "99109370", "106113190", "103120531", "108113620", "104113240", "112118161", "98119591", "108121160", "113122190", "98113881", "103110100", "111119430", "112119950", "107113170", "101112540", "111115910", "109114220", "104116441", "103111620", "113117630", "106117790", "110118111", "101108121", "112120700", "113122220", "102108621", "102112301", "107114140", "105113210", "113120260", "99107300", "103110220", "98108520", "108121410", "110121720", "98116500", "107120880", "97107920", "99107500", "101117580", "105112260", "111120220", "99109311", "106118820", "107113180", "100109910", "98111670", "106119990", "104114320", "107113360", "107116501", "113118810", "112119500", "113120751", "113119450", "98112170", "99117740", "107116980", "99108010", "100108520", "112116810", "111115780", "109119010", "97105580", "101115190", "99111340", "110115890", "110120531", "98110810", "107119390", "108118291", "112116850", "108121190", "110114720", "113118690", "103118110", "104113210", "98112300", "111121351", "105121190", "109114651", "107114950", "108115970", "108115880", "113122150", "105120621", "112117780", "101121640", "109116750", "105112130", "110118810", "99107640", "102112170", "104117630", "100108990", "109120540"], "labels": [3, 1, 0, 0, 2, 1, 3, 1, 2, 2, 1, 3, 1, 2, 0, 3, 2, 2, 1, 1, 2, 2, 2, 0, 1, 3, 2, 1, 2, 2, 0, 2, 3, 3, 1, 0, 3, 3, 0, 1, 2, 3, 1, 0, 1, 0, 1, 0, 3, 3, 2, 0, 1, 2, 1, 3, 1, 3, 0, 0, 2, 2, 3, 1, 0, 0, 1, 1, 0, 2, 1, 3, 1, 2, 3, 3, 3, 2, 2, 0, 3, 2, 1, 0, 0, 3, 3, 3, 1, 3, 3, 2, 1, 0, 2, 0, 1, 3, 2, 1, 3, 3, 2, 3, 2, 2, 3, 1, 3, 1, 1, 1, 2, 0, 1, 2, 3, 0, 1, 3, 3, 2, 3, 2, 0, 2, 3, 3, 2, 3, 2, 1, 0, 2, 0, 1, 1, 1, 3, 0, 2, 1], "predicted_labels": [0, 3, 1, 3, 3, 1, 0, 0, 1, 1, 1, 3, 3, 3, 3, 3, 1, 2, 3, 1, 3, 0, 2, 0, 3, 0, 3, 0, 3, 3, 3, 0, 2, 0, 1, 3, 0, 1, 3, 1, 1, 0, 3, 0, 0, 0, 1, 3, 3, 0, 1, 0, 0, 1, 1, 0, 3, 3, 3, 0, 3, 3, 1, 3, 3, 3, 3, 1, 0, 1, 1, 0, 3, 3, 0, 1, 3, 1, 1, 0, 0, 0, 3, 0, 1, 0, 3, 1, 1, 1, 0, 3, 1, 3, 2, 1, 0, 1, 2, 3, 0, 3, 0, 0, 0, 3, 1, 1, 3, 1, 3, 0, 1, 0, 1, 3, 0, 1, 1, 1, 3, 0, 1, 3, 1, 3, 0, 3, 3, 3, 1, 0, 3, 3, 2, 1, 0, 1, 0, 2, 2, 3], "confidence_scores": [[0.36714855719256784, 0.2068197675508282, 0.20734267027723735, 0.21868900497936664], [0.13430680817027169, 0.21210709389865154, 0.08575075635219431, 0.5678353415788825], [0.28993978599154135, 0.30891909815103824, 0.10753547895907448, 0.29360563689834596], [0.20153250125703548, 0.22419660994005156, 0.11317313862030809, 0.46109775018260474], [0.2169934904312106, 0.23471420205060733, 0.11968351342114691, 0.428608794097035], [0.16695856055957498, 0.3797107335454416, 0.21101511169396606, 0.24231559420101748], [0.4572909939256667, 0.22251793692622082, 0.14507459197187692, 0.17511647717623563], [0.30283951134584847, 0.2020141469520611, 0.2074566669202919, 0.2876896747817986], [0.13178427855453562, 0.34128733762757274, 0.22576617224672166, 0.3011622115711701], [0.25602853894659916, 0.2753908679904259, 0.20506680317693168, 0.2635137898860432], [0.2798595606176468, 0.3579906454830926, 0.12950299293698736, 0.23264680096227314], [0.2913489540227659, 0.23792976330523968, 0.09479000369795691, 0.3759312789740375], [0.1727374619207457, 0.2444432337340015, 0.09360816027965577, 0.4892111440655969], [0.24048957381057448, 0.19313488709654478, 0.27065687251233395, 0.2957186665805468], [0.2761709648793871, 0.19139137129119196, 0.08104274669502287, 0.45139491713439817], [0.20715549043095416, 0.3163553550156277, 0.13533983718802167, 0.34114931736539644], [0.2184111891643214, 0.3305636720761438, 0.12300308396999, 0.32802205478954477], [0.2621369456884039, 0.27857539600150666, 0.3378780142661933, 0.12140964404389634], [0.3697355367713156, 0.14235380946889858, 0.08837213439603617, 0.39953851936374973], [0.24253292650867272, 0.41616436929936246, 0.1043179006531361, 0.23698480353882886], [0.25372002280854095, 0.2792966454713713, 0.11521560384392002, 0.35176772787616767], [0.2726971421963715, 0.20833077175990752, 0.24932283194797106, 0.26964925409575], [0.20187956686786085, 0.2731157563991486, 0.2939981874625545, 0.23100648927043613], [0.3921473944040382, 0.22572131463117184, 0.1263060894373639, 0.25582520152742616], [0.3161987254093573, 0.1818355236053248, 0.1269598873949709, 0.3750058635903471], [0.30409275146273107, 0.24479940771054434, 0.1878417610185962, 0.26326607980812855], [0.29990973350520767, 0.29779567808453566, 0.09748798073475753, 0.30480660767549916], [0.3384230314335961, 0.25891128790457296, 0.21064752295116135, 0.1920181577106696], [0.22372888213895775, 0.1385954248315607, 0.26934137290466337, 0.3683343201248181], [0.27027505152048736, 0.30028982921000846, 0.07718066142074669, 0.3522544578487577], [0.2303509855831145, 0.34031737152408775, 0.08100184824326721, 0.3483297946495307], [0.3013574627768304, 0.26331422208656374, 0.13759031325492585, 0.2977380018816799], [0.18383251725777025, 0.14902559864080236, 0.35846867267643917, 0.30867321142498844], [0.36682283863478304, 0.18527195160128032, 0.1277329257790985, 0.3201722839848383], [0.2683666840754714, 0.3348024709109604, 0.14729489449405517, 0.2495359505195131], [0.1606839146073855, 0.2550187014795368, 0.10285129127462114, 0.48144609263845656], [0.30825280938505434, 0.2840976207960153, 0.20024138539188926, 0.2074081844270411], [0.22963530282362668, 0.43900875636960546, 0.0761679105557785, 0.25518803025098946], [0.2566732477176696, 0.23592813053849848, 0.10552803208681243, 0.40187058965701955], [0.2483237286917164, 0.33388330252989334, 0.15825117569007516, 0.259541793088315], [0.2751911521135518, 0.37725397612956557, 0.107059688463631, 0.2404951832932518], [0.4214393330671456, 0.19535935807449603, 0.1617516761709425, 0.22144963268741588], [0.3256095162325909, 0.17816483169238492, 0.14320348274637923, 0.35302216932864494], [0.2825402478360153, 0.24615948840333227, 0.26266120823370087, 0.20863905552695167], [0.34348376602704617, 0.3367425501153344, 0.11173384425688763, 0.2080398396007319], [0.49843849667475865, 0.1744513211181539, 0.07958797799694418, 0.24752220421014315], [0.3303430137440731, 0.355417838725479, 0.1342849240711238, 0.17995422345932424], [0.2435029523482003, 0.23006532979652017, 0.1368458062394361, 0.38958591161584366], [0.2711048752919764, 0.2724251736153678, 0.15670420655753928, 0.29976574453511645], [0.468321146312395, 0.23837346605308296, 0.07460264589918014, 0.2187027417353419], [0.21869842563051597, 0.4403145440968946, 0.1323501858945774, 0.208636844378012], [0.3317302676830615, 0.23484833484634324, 0.2036771665589818, 0.2297442309116134], [0.34539340683476866, 0.17679019467831827, 0.17886303649705473, 0.29895336198985833], [0.2482275155570564, 0.3316721809946602, 0.19374757391461958, 0.2263527295336638], [0.23466658370677312, 0.41596567982819144, 0.0676394954443988, 0.2817282410206366], [0.45287594136975967, 0.27955102731167203, 0.09498899315235527, 0.172584038166213], [0.1743592003213767, 0.3182277052830538, 0.1500582882349452, 0.3573548061606246], [0.17080719551658607, 0.3450997226293482, 0.11695890278836774, 0.36713417906569795], [0.297060509803223, 0.09703377571121043, 0.08698398412874299, 0.5189217303568235], [0.32914037841967375, 0.3043813322718583, 0.09176590269258252, 0.27471238661588543], [0.14290547902846382, 0.2012898478919164, 0.3015990737202603, 0.35420559935935947], [0.22398391928559122, 0.2997839212016038, 0.1560136339205722, 0.32021852559223285], [0.22630327312796167, 0.31085155309558216, 0.2306759489414639, 0.23216922483499225], [0.22565114395408098, 0.22166463343284218, 0.07393527987115563, 0.47874894274192126], [0.19966365494961694, 0.2762018328576739, 0.17731575778037428, 0.34681875441233484], [0.29350018214691614, 0.23482128644203237, 0.15336387994136413, 0.31831465146968746], [0.13377858985595814, 0.11217992648355395, 0.06656471866483817, 0.6874767649956497], [0.2723553139788068, 0.321492021161305, 0.1661045425006555, 0.24004812235923276], [0.36881578918673746, 0.2212482465784797, 0.1524200988120506, 0.25751586542273236], [0.14182072779455088, 0.3318867749055202, 0.3030467681401536, 0.2232457291597754], [0.21120381094540247, 0.39072295539084156, 0.08780909567050443, 0.3102641379932516], [0.39214278870789504, 0.1929811119425692, 0.17337479995996874, 0.241501299389567], [0.17642747357231556, 0.22970655845445848, 0.2968161825937924, 0.29704978537943366], [0.1753701175419014, 0.3190970509139507, 0.1684279824881949, 0.33710484905595317], [0.40450450928318377, 0.1633553606279549, 0.10466616275361028, 0.3274739673352511], [0.23226781871423807, 0.42421796710983417, 0.10569542514453316, 0.23781878903139447], [0.28531698343280526, 0.16278907892227143, 0.10469220573145406, 0.4472017319134693], [0.18054252300385681, 0.38654298846968926, 0.14612074649984702, 0.28679374202660696], [0.27166549913146176, 0.289720480248602, 0.263923580155046, 0.17469044046489032], [0.3803626078923441, 0.17249908486720564, 0.21903808977340058, 0.22810021746704984], [0.3930489381439022, 0.25140608400619846, 0.1329308573367949, 0.22261412051310459], [0.32645483434782874, 0.19512566873969814, 0.21054724667958483, 0.26787225023288835], [0.22731722158443246, 0.23553334387941297, 0.18750848591149558, 0.34964094862465905], [0.39553874191826305, 0.1777268946142906, 0.1619660600742492, 0.26476830339319724], [0.23925230842796566, 0.46485153267584134, 0.10399876027994646, 0.1918973986162464], [0.3579959135198252, 0.27604507441593046, 0.0910688635223958, 0.2748901485418486], [0.19230465068668845, 0.29809990698343264, 0.1542420227230431, 0.3553534196068359], [0.274565968380463, 0.29607361226378837, 0.15412195969019274, 0.27523845966555593], [0.25080106593858703, 0.28334677081327003, 0.2406620444318916, 0.22519011881625134], [0.23656217174429747, 0.33116485088364805, 0.14408905514286668, 0.2881839222291877], [0.30076090048011805, 0.28038584226271807, 0.20980865773141463, 0.20904459952574939], [0.1929615225772687, 0.2467588200926861, 0.2504638457387668, 0.30981581159127847], [0.15184811756161895, 0.5405097961719727, 0.13112042647144015, 0.17652165979496823], [0.15874010278140707, 0.21363055571385373, 0.10376480754291177, 0.5238645339618274], [0.1580249591144806, 0.26057139352284164, 0.3415737348125182, 0.23982991255015976], [0.3544520649001567, 0.413478869947772, 0.09307859331519541, 0.13899047183687616], [0.3370019443608844, 0.28873813062289283, 0.17322592771951897, 0.20103399729670388], [0.19299268667568928, 0.3668284615166267, 0.10715376589814389, 0.33302508590954016], [0.1959378638041273, 0.2684402411086688, 0.2894136890878819, 0.24620820599932203], [0.2532082126922111, 0.2779135093295646, 0.13683319318725284, 0.3320450847909716], [0.37098016609060075, 0.19546588321403024, 0.11914172759325489, 0.3144122231021142], [0.2987848066386652, 0.21381059796217877, 0.18169657915462037, 0.3057080162445357], [0.362408816852539, 0.26049775847260304, 0.08259261054793637, 0.29450081412692153], [0.3450589609705302, 0.3352843259383924, 0.08939583727747084, 0.23026087581360635], [0.3173909603985894, 0.26029772571592685, 0.24404361475683672, 0.1782676991286471], [0.22050739689579413, 0.21776141011527383, 0.2232188055050433, 0.3385123874838888], [0.18348801590867345, 0.5732559719569965, 0.1116651442028603, 0.13159086793146976], [0.20071135934376952, 0.45591039037051384, 0.10446461948769643, 0.23891363079802028], [0.15110458353567924, 0.22479340652677726, 0.12975043264505468, 0.49435157729248896], [0.16851788747286636, 0.588404994602636, 0.07471798450179595, 0.16835913342270178], [0.2195512771755412, 0.28046823453674347, 0.16940804458228928, 0.33057244370542593], [0.5183598579298305, 0.10380473193045846, 0.2302387229859201, 0.147596687153791], [0.21511023776611504, 0.44605886252565047, 0.13894638421710626, 0.1998845154911283], [0.34988162411990203, 0.25497435146284053, 0.10637033706504707, 0.2887736873522104], [0.28591640870404705, 0.3852053681190546, 0.08597340802828303, 0.24290481514861537], [0.09852010992249122, 0.12526892998982886, 0.06572729568629312, 0.7104836644013868], [0.49900075210551686, 0.17349180335413014, 0.1044803631656154, 0.2230270813747376], [0.1537730280724305, 0.4382271156583646, 0.08310229195570445, 0.3248975643135005], [0.20939816426245067, 0.4256756399194632, 0.10209280251182108, 0.26283339330626504], [0.241743918103123, 0.28274316579651704, 0.24630039228196715, 0.22921252381839305], [0.2606092481090017, 0.2160541804333527, 0.06497625684998543, 0.4583603146076603], [0.3656973592341974, 0.22804142666655997, 0.24462169533817366, 0.16163951876106905], [0.2524054005059854, 0.3732449526652664, 0.08675820984683702, 0.2875914369819109], [0.3020117928657634, 0.11698696771912202, 0.07202608474602225, 0.5089751546690924], [0.21378570728399554, 0.5284424563100075, 0.13580271096588292, 0.12196912544011403], [0.21486275266583102, 0.3160396364941879, 0.12528369865467096, 0.34381391218531004], [0.4227826204423468, 0.2907904582002325, 0.09102997340230626, 0.19539694795511428], [0.2425832256688916, 0.1957506198165786, 0.12586504380253036, 0.43580111071199956], [0.21079501977874787, 0.21855089945597617, 0.1517859914967865, 0.4188680892684894], [0.3227773994553141, 0.2250100474218313, 0.11329284346684357, 0.338919709656011], [0.2487027653639897, 0.30607746533143615, 0.15526067547836842, 0.28995909382620577], [0.330750432608426, 0.27526227363668604, 0.10683004595024458, 0.28715724780464347], [0.24465977364878477, 0.2888947231855763, 0.10621459040117179, 0.3602309127644673], [0.19777373144366012, 0.33946133947960644, 0.09158496514248353, 0.37117996393424985], [0.2355933248091103, 0.14649104675785105, 0.40667012201099195, 0.21124550642204662], [0.2656995110121992, 0.27462672934838567, 0.22484703056847413, 0.23482672907094101], [0.528506382541326, 0.1800025049807995, 0.10041501500411544, 0.19107609747375928], [0.2998504063585966, 0.3340837809161115, 0.15088891081550046, 0.21517690190979138], [0.3809069516891433, 0.20942564012726683, 0.13123828983423108, 0.2784291183493588], [0.17496829177267276, 0.22448794570689634, 0.38684496629603093, 0.21369879622440002], [0.14589130054821312, 0.20435494142033003, 0.3864192257225492, 0.26333453230890774], [0.12593404651373832, 0.19372488083823436, 0.13364116305318446, 0.5466999095948428]]}, "rewritten": {"ids": ["97105580", "97105760", "97106820", "97107920", "97110950", "97116800", "98107210", "98108520", "98110810", "98111231", "98111670", "98112170", "98112300", "98113881", "98116500", "98119591", "99107300", "99107500", "99107640", "99108010", "99108520", "99109161", "99109311", "99109370", "99109860", "99111340", "99117740", "99120010", "100108520", "100108990", "100109910", "100117420", "101108121", "101108370", "101108460", "101110150", "101111210", "101112540", "101113210", "101115190", "101117580", "101119030", "101121640", "102108621", "102110240", "102112170", "102112301", "102113350", "102116340", "102118380", "102121440", "103109641", "103110050", "103110100", "103110220", "103111620", "103118110", "103120531", "104113210", "104113240", "104114320", "104116441", "104117630", "104119340", "105110251", "105112130", "105112260", "105113210", "105115680", "105119950", "105120621", "105121190", "106113190", "106115240", "106117790", "106118520", "106118820", "106119990", "106121190", "107113170", "107113180", "107113360", "107114140", "107114950", "107116501", "107116980", "107119390", "107120010", "107120880", "108113620", "108115250", "108115880", "108115970", "108118291", "108121160", "108121190", "108121410", "109114220", "109114651", "109116750", "109119010", "109120540", "109120560", "109120621", "110113591", "110114720", "110115890", "110116290", "110118111", "110118810", "110120531", "110120640", "110121720", "111115780", "111115910", "111116040", "111119430", "111120220", "111121351", "112116290", "112116810", "112116850", "112117780", "112117790", "112118161", "112119500", "112119950", "112120670", "112120700", "112121430", "113117630", "113118690", "113118810", "113119450", "113119700", "113120260", "113120751", "113121980", "113122150", "113122180", "113122190", "113122220"], "labels": [1, 0, 1, 0, 3, 0, 1, 2, 1, 1, 1, 3, 2, 3, 2, 1, 3, 0, 1, 2, 2, 3, 1, 1, 2, 1, 2, 2, 2, 2, 2, 2, 0, 1, 0, 1, 2, 2, 3, 1, 3, 3, 2, 3, 3, 3, 1, 3, 3, 1, 2, 1, 3, 1, 2, 0, 2, 3, 3, 2, 2, 1, 0, 1, 0, 1, 3, 3, 2, 3, 1, 2, 0, 1, 1, 2, 3, 0, 2, 0, 3, 0, 2, 3, 1, 3, 2, 1, 1, 3, 1, 3, 2, 3, 2, 1, 0, 3, 3, 0, 3, 1, 1, 1, 0, 3, 2, 2, 1, 1, 0, 0, 3, 1, 2, 0, 3, 3, 0, 0, 3, 0, 0, 3, 0, 2, 0, 2, 2, 2, 0, 3, 3, 3, 0, 3, 1, 2, 2, 2, 1, 1], "predicted_labels": [1, 3, 2, 0, 3, 3, 1, 1, 3, 3, 1, 3, 3, 3, 2, 0, 0, 3, 0, 1, 1, 0, 2, 1, 1, 2, 0, 1, 3, 2, 0, 3, 0, 1, 0, 0, 0, 2, 0, 1, 0, 3, 1, 0, 1, 0, 0, 0, 0, 2, 3, 0, 3, 0, 0, 3, 1, 3, 1, 1, 3, 0, 2, 0, 3, 0, 1, 0, 3, 0, 0, 1, 0, 0, 0, 0, 3, 0, 1, 0, 2, 0, 2, 0, 0, 0, 1, 1, 0, 3, 1, 2, 0, 0, 1, 3, 0, 0, 3, 0, 1, 1, 0, 0, 2, 0, 0, 0, 0, 0, 0, 1, 3, 1, 3, 0, 0, 0, 0, 0, 1, 3, 1, 0, 0, 1, 2, 0, 1, 1, 3, 3, 0, 3, 0, 0, 1, 0, 1, 0, 1, 0], "confidence_scores": [[0.24574664636886354, 0.4460535416872968, 0.12284367524382002, 0.18535613670001963], [0.27610509479600875, 0.25905245639977165, 0.11252565768487295, 0.3523167911193466], [0.22939269011075425, 0.28545077091472504, 0.31871684935335265, 0.16643968962116823], [0.3193136685995317, 0.3063010942403426, 0.15595620101388533, 0.2184290361462405], [0.3012307756725535, 0.20986150964778189, 0.18028365480773875, 0.30862405987192587], [0.3433226171136759, 0.1224130011147295, 0.11284907341788297, 0.4214153083537116], [0.24374693866212743, 0.4178441793447254, 0.21200356874303974, 0.12640531325010737], [0.2078682255760151, 0.426406869839221, 0.20774272285466389, 0.15798218173009998], [0.12128924011782627, 0.22112951204533243, 0.10192985063247804, 0.5556513972043633], [0.2681150736752979, 0.18886169366285677, 0.1115571799460955, 0.43146605271574995], [0.2294138052408662, 0.34343314656662893, 0.12739077490231815, 0.29976227329018695], [0.2531222388645216, 0.22414214202164365, 0.2185707860984342, 0.30416483301540065], [0.19502311546458975, 0.22403278043729516, 0.0958722014607878, 0.4850719026373274], [0.18906068593580153, 0.14032562794795705, 0.07740007410097507, 0.5932136120152663], [0.20443841117087463, 0.21125980393086338, 0.34018080399087286, 0.24412098090738923], [0.37202684996401364, 0.17536436597617194, 0.10245549982710249, 0.3501532842327119], [0.5210059620897171, 0.11758634696360613, 0.11745002382204786, 0.24395766712462905], [0.21334909283490971, 0.3303475321721999, 0.10511976003104447, 0.35118361496184597], [0.4169222434329261, 0.20940755844702885, 0.20386484389005205, 0.16980535422999304], [0.25860931628894473, 0.4342676087374375, 0.12083491893661014, 0.18628815603700757], [0.3212900633225856, 0.35336660839970546, 0.13481815874842495, 0.19052516952928397], [0.3255615764353966, 0.31822786760290445, 0.14014796399682494, 0.21606259196487412], [0.1774846779270522, 0.1756885897799323, 0.3535798172157789, 0.29324691507723694], [0.30635097676404716, 0.31951384977206737, 0.18130404029145986, 0.19283113317242548], [0.20221684558033523, 0.5661115010924409, 0.0892892897979162, 0.14238236352930764], [0.1113665075856641, 0.20475598236686557, 0.5642143119048985, 0.11966319814257206], [0.34105747321943203, 0.27967534348286666, 0.15211702554510556, 0.22715015775259595], [0.25639637723990905, 0.3841448685628927, 0.17841990951975306, 0.18103884467744527], [0.3049110572124229, 0.13098113335263187, 0.1132935808071606, 0.45081422862778453], [0.35084197416318436, 0.1522266146888927, 0.38249104391436345, 0.11444036723355963], [0.4048510212221254, 0.14564391566440105, 0.16194010781418106, 0.28756495529929255], [0.30016065052499974, 0.298359743439525, 0.07509450429045053, 0.32638510174502483], [0.42888559872499826, 0.2895912282282904, 0.1450453344039475, 0.13647783864276358], [0.2666315960829205, 0.3322624666597448, 0.1725803921067332, 0.22852554515060158], [0.346475969762779, 0.24121254115766938, 0.11651096983269915, 0.2958005192468525], [0.3191863252664091, 0.23551675141846926, 0.17209061768777592, 0.2732063056273459], [0.4045462137023381, 0.1279065191190639, 0.3496194744823601, 0.11792779269623786], [0.25234155943609665, 0.21672531949535667, 0.33725368540253653, 0.19367943566601004], [0.31611177582466027, 0.2801720314213311, 0.12107202435062944, 0.2826441684033792], [0.28428751073279923, 0.323062022990297, 0.16570655537099152, 0.22694391090591234], [0.3378430463514566, 0.14333488478026896, 0.30169454872577633, 0.2171275201424981], [0.27136097345073773, 0.24551423313888182, 0.13905863095917315, 0.34406616245120747], [0.23673867167814158, 0.3934033721895832, 0.17280410888446557, 0.1970538472478096], [0.33461281612935917, 0.30855853277670153, 0.13350940324589808, 0.2233192478480413], [0.22094944968510494, 0.29458656330316996, 0.28950838085517977, 0.19495560615654536], [0.3760758990271222, 0.18047854607511352, 0.2062914621139842, 0.23715409278378013], [0.34154253755521174, 0.2762880805717363, 0.1577703329419596, 0.2243990489310923], [0.36046605947678123, 0.22763606491998126, 0.165713664807062, 0.24618421079617564], [0.31859612608404264, 0.1839721675787927, 0.19697230223836687, 0.30045940409879784], [0.24151363183337038, 0.2938564150762942, 0.31406077974613716, 0.15056917334419834], [0.3003046426042748, 0.25943958791814153, 0.11654160490111745, 0.32371416457646635], [0.34608709509877444, 0.31378146401014534, 0.14041588159262772, 0.19971555929845247], [0.3112110255934, 0.13884542708466896, 0.13077594708859944, 0.4191676002333317], [0.342612526033842, 0.18567937351365815, 0.27544796000356625, 0.19626014044893375], [0.285971169620301, 0.24490177112780015, 0.20773019396947753, 0.26139686528242123], [0.1924993102061038, 0.2690714246305646, 0.09726857153497008, 0.44116069362836136], [0.3448955452211376, 0.44874121568203623, 0.07990295276712235, 0.12646028632970388], [0.3082418908083574, 0.23888599061178453, 0.10420481213076561, 0.34866730644909255], [0.3056433789213979, 0.33738523832807343, 0.1743210532067081, 0.18265032954382063], [0.1911562569840176, 0.38850984521493154, 0.161071971249924, 0.259261926551127], [0.278409976009655, 0.22142830677037853, 0.12644344848190586, 0.37371826873806063], [0.3093545944735604, 0.2469314336673314, 0.15798889844894243, 0.2857250734101658], [0.27135910778883565, 0.20165350314282893, 0.28195249813253886, 0.2450348909357965], [0.5112113237983136, 0.21650730194153592, 0.11861507043157171, 0.15366630382857882], [0.2829880405990319, 0.22020792706786999, 0.12574656821265232, 0.3710574641204459], [0.3069387380735074, 0.2331262146413148, 0.2768683206231564, 0.18306672666202128], [0.2573585548640596, 0.3753152539636713, 0.1789802123140335, 0.18834597885823554], [0.3045717599619398, 0.20908056492747945, 0.19043652817356735, 0.2959111469370136], [0.14140438783124287, 0.2562871334633885, 0.13614938214564704, 0.4661590965597217], [0.36854836573612665, 0.2000701941219933, 0.20904529579606873, 0.22233614434581137], [0.42517438614147857, 0.19180630739664956, 0.11760741684547259, 0.2654118896163993], [0.2875953976500039, 0.31136300378519266, 0.20211377227111818, 0.19892782629368533], [0.387343344175018, 0.19369238435494407, 0.18272376169035345, 0.23624050977968458], [0.3445781032936837, 0.2779599621743265, 0.15464953683061547, 0.2228123977013746], [0.5545298384370165, 0.13075947950865202, 0.1607983058019888, 0.15391237625234283], [0.3692560861214483, 0.2745268294956509, 0.16006236134111743, 0.19615472304178336], [0.2192744586214265, 0.16300243140116463, 0.08588153536949306, 0.5318415746079158], [0.31337562994956353, 0.21892549951225201, 0.27513562829395594, 0.1925632422442286], [0.2833277192146014, 0.3068162789145172, 0.11756042602325831, 0.2922955758476231], [0.3605631078065693, 0.33530429380502097, 0.13590061072968818, 0.16823198765872172], [0.19444361102583366, 0.16848368989635532, 0.4295987390258398, 0.20747396005197133], [0.29738745325396415, 0.2693968773231351, 0.15383521048335527, 0.2793804589395457], [0.15401436605365124, 0.3076350649350691, 0.37561812838072567, 0.16273244063055406], [0.4291421329581942, 0.09672451175178247, 0.10760983251375922, 0.36652352277626415], [0.4161325413292209, 0.2301621194158545, 0.15100994276591098, 0.20269539648901364], [0.3782618244793729, 0.25469937951360394, 0.13371799504412676, 0.23332080096289654], [0.2650604612939915, 0.3374930239671019, 0.2066518721560555, 0.19079464258285123], [0.2560874967941863, 0.2765967326292794, 0.2059612128357387, 0.2613545577407956], [0.4164892503651207, 0.2598121119376466, 0.1355506038644038, 0.18814803383282905], [0.26647654253989994, 0.21796633708362517, 0.23017650978682758, 0.2853806105896473], [0.26927533133412646, 0.27419727237638897, 0.19457836687971425, 0.26194902940977033], [0.22308196958759932, 0.2502339675678907, 0.2818362678792548, 0.24484779496525538], [0.36427916305577335, 0.2227858801442469, 0.1586336032572442, 0.2543013535427358], [0.3971231912333707, 0.21530332459275245, 0.16000129926133044, 0.22757218491254635], [0.3146367688195311, 0.393282578124447, 0.07723551772381823, 0.2148451353322037], [0.16379941599789508, 0.12631908273396902, 0.07323285055604842, 0.6366486507120875], [0.3330709154566093, 0.30209566130516546, 0.15176524996268337, 0.21306817327554195], [0.43349688878500975, 0.2010978847486872, 0.18932542193601581, 0.17607980453028726], [0.1518901308093375, 0.07625684693726908, 0.07316900428176919, 0.6986840179716242], [0.3363082416630853, 0.17161358497271784, 0.3083831452897415, 0.18369502807445526], [0.2181523197702084, 0.40460574837589386, 0.10900349383041491, 0.26823843802348296], [0.2633265894780286, 0.28834414072751985, 0.2145842132653316, 0.23374505652911984], [0.34289752370907917, 0.30300643345794936, 0.16001611491508014, 0.19407992791789141], [0.3768653113331181, 0.19973907235470645, 0.16244440431661455, 0.260951211995561], [0.27315646674324956, 0.23662191453802806, 0.28191122223512954, 0.20831039648359292], [0.45822245567002684, 0.21874820656592692, 0.1313774470791677, 0.19165189068487853], [0.31032350333077363, 0.2863529435876442, 0.1698660105244647, 0.23345754255711743], [0.3677258479246596, 0.28165521117646947, 0.1071937178846896, 0.24342522301418157], [0.4886533644014714, 0.2376887099228219, 0.1326625404231571, 0.14099538525254973], [0.33680725668899647, 0.26068559200921004, 0.12310314808158829, 0.2794040032202053], [0.38709482954776325, 0.18731033953019074, 0.13919849006790633, 0.28639634085413973], [0.31696631369495815, 0.3171999940896952, 0.1349755211917413, 0.23085817102360542], [0.20024273554581942, 0.3107983612695633, 0.125463296643316, 0.3634956065413012], [0.23426093581817603, 0.33179487411229464, 0.2373482371050443, 0.19659595296448495], [0.24471964902741833, 0.18195025759765998, 0.13743334434065554, 0.43589674903426623], [0.4552883452388745, 0.1730464143129748, 0.09511124092136583, 0.2765539995267849], [0.3800824151387667, 0.27393520353030676, 0.09786776685047222, 0.24811461448045447], [0.3782265657030967, 0.28160559061717516, 0.12511588053978412, 0.21505196313994396], [0.31620202769429706, 0.28692093269886726, 0.1638420701546133, 0.2330349694522225], [0.40200340685397884, 0.24221738408364343, 0.1468757229909223, 0.20890348607145537], [0.23787173633330122, 0.42666875073360766, 0.12326461924685099, 0.21219489368624017], [0.2724824072003085, 0.25206025670003923, 0.1125853168333078, 0.3628720192663445], [0.29394225167814825, 0.3517097118415266, 0.1338790450436042, 0.22046899143672097], [0.46104029387421935, 0.23018156521988808, 0.11667080300301957, 0.19210733790287315], [0.353657393397191, 0.32788376645524764, 0.12057634372522427, 0.19788249642233724], [0.18931970532082176, 0.33692773123839215, 0.19814156986909282, 0.27561099357169333], [0.2840446654657837, 0.1535844805737973, 0.39977272046011003, 0.16259813350030902], [0.3298962354487376, 0.233220812210018, 0.16103799108042824, 0.2758449612608163], [0.22196667762708827, 0.41699614192797163, 0.1391894303642327, 0.2218477500807074], [0.22118986785427933, 0.42190748059414174, 0.21402116682496589, 0.1428814847266131], [0.28422093825263567, 0.26446713237161723, 0.16049480304394015, 0.29081712633180706], [0.31427428898236165, 0.2747304466248027, 0.06623418673779222, 0.3447610776550433], [0.3038331794257219, 0.24861097370210006, 0.14972430687456048, 0.2978315399976177], [0.128028699504734, 0.10495242785248819, 0.05351828361575194, 0.7135005890270258], [0.35291772551511635, 0.24910672763783073, 0.13955675121519706, 0.25841879563185594], [0.34621069132827825, 0.19495694441298797, 0.19753615261378943, 0.26129621164494443], [0.23356216802176402, 0.36093333975220837, 0.12081910277463231, 0.2846853894513954], [0.3184850950347519, 0.31314349367298894, 0.12717660699033964, 0.2411948043019195], [0.2574091704331051, 0.38028291356746285, 0.23079927219654262, 0.1315086438028894], [0.392614662825984, 0.1419351636837741, 0.1591628904772289, 0.3062872830130131], [0.23131839938708862, 0.5533035481195621, 0.05635582931555965, 0.15902222317778977], [0.31870367568199937, 0.2534257554852606, 0.18678054250637627, 0.2410900263263637]]}}