{"test": {"ids": ["113121010", "101108121", "100109311", "105121190", "98107410", "112117210", "107116980", "103111990", "112116540", "110116441", "113120640", "110121170", "102109840", "104113000", "99109860", "99111340", "110120700", "112117431", "107119390", "109114220", "98116940", "108115070", "102110050", "108114670", "103120340", "110118740", "99112300", "99109161", "107119130", "110118161", "111119580", "110121720", "109116930", "112120630", "100113210", "113118421", "113120591", "111115770", "101109370", "112119450", "113119300", "103113260", "109117431", "113121190", "109117271", "101119030", "98109311", "110117200", "108118291", "99108010", "113118820", "99111440", "104113170", "103113210", "101108500", "98109570", "111119250", "110116300", "99109740", "111116090", "101110740", "103118110", "112119320", "98106680", "101110150", "112117790", "110118810", "111119950", "110114610", "113119930", "102117351", "98111620", "102110890", "101111620", "103109641", "104119340", "98108520", "97109080", "107121640", "105110091", "103111620", "107112850", "112119980", "99112641", "100110050", "103117461", "105110251", "110115710", "105113170", "105113480", "107114621", "98120010", "101108460", "106121220", "106120640", "108119510", "111114121", "108114360", "102111990", "106117770", "112118161", "108118520", "98107340", "99108460", "102110750", "104114740", "108121190", "99110730", "97106591", "109120150", "112116990", "100109360", "97105760", "113120260", "110120640", "103113101", "97105580", "106115240", "108113760", "109116810", "105118740", "107113200", "109113591", "112117780", "113122190", "107121540", "110119300", "110118930", "110118701", "104111711", "97107681", "97106970", "106115120", "102116340", "111120260", "98116500", "111119150", "109114720", "101109000", "99107660", "99107300", "105113330"], "labels": [2, 0, 1, 2, 3, 1, 3, 2, 1, 3, 0, 2, 2, 1, 2, 1, 2, 0, 2, 3, 2, 1, 3, 3, 1, 3, 0, 3, 1, 0, 3, 3, 0, 3, 0, 3, 0, 3, 1, 3, 1, 3, 1, 1, 0, 3, 1, 3, 3, 2, 0, 3, 3, 3, 3, 1, 1, 3, 3, 3, 3, 2, 1, 1, 1, 3, 1, 0, 1, 1, 1, 3, 0, 3, 1, 1, 2, 2, 1, 0, 0, 1, 0, 1, 3, 0, 0, 2, 0, 0, 0, 2, 0, 1, 3, 1, 0, 1, 2, 0, 0, 0, 0, 0, 1, 2, 1, 3, 1, 2, 0, 0, 0, 3, 0, 3, 1, 1, 1, 3, 1, 0, 3, 0, 1, 2, 1, 1, 3, 1, 3, 2, 1, 3, 3, 2, 3, 0, 1, 3, 3, 3], "predicted_labels": [2, 0, 0, 1, 0, 1, 1, 3, 2, 3, 1, 1, 1, 0, 2, 2, 3, 1, 1, 0, 2, 1, 1, 3, 2, 0, 3, 0, 3, 0, 0, 3, 0, 0, 1, 0, 3, 3, 2, 0, 3, 1, 0, 2, 3, 1, 0, 0, 1, 1, 3, 3, 1, 3, 2, 3, 2, 3, 1, 0, 2, 1, 2, 2, 1, 0, 0, 3, 2, 1, 1, 1, 0, 2, 1, 1, 1, 1, 1, 0, 2, 1, 1, 0, 1, 1, 1, 0, 3, 0, 0, 2, 3, 2, 0, 3, 1, 0, 0, 3, 0, 0, 2, 1, 2, 3, 2, 2, 1, 0, 3, 3, 0, 1, 3, 1, 1, 0, 2, 3, 3, 1, 0, 1, 1, 2, 1, 1, 1, 1, 1, 2, 3, 3, 1, 3, 1, 1, 1, 0, 0, 1], "confidence_scores": [[0.0025619483373368105, 0.3461626141098349, 0.5473835275380194, 0.1038919100148088], [0.5740222431788788, 0.20365792391404386, 0.0037630264694339817, 0.21855680643764322], [0.4899472786674722, 0.07605309716732651, 0.0620832202195161, 0.3719164039456851], [0.0331934293079921, 0.4614661637409159, 0.06377201317964079, 0.4415683937714513], [0.7065664823142196, 0.042304573579820696, 0.09953495815317079, 0.15159398595278908], [0.2967569110611086, 0.3141280491794358, 0.2733810492226074, 0.11573399053684824], [0.3746927320059441, 0.4360068730699717, 0.005217356834057976, 0.1840830380900263], [0.04744626081249906, 0.2153634997191349, 0.14637272970736362, 0.5908175097610023], [0.16746870602648606, 0.21223528024885466, 0.3971913781674877, 0.22310463555717158], [0.02240588008129763, 0.2942265660284192, 0.016017099708294374, 0.6673504541819888], [0.11313214942938465, 0.7296753752191233, 0.0211388365885108, 0.13605363876298138], [0.04746053522908561, 0.8026629290167359, 0.023566074087576237, 0.12631046166660226], [0.07797211981426143, 0.7415839605327434, 0.13610624425488055, 0.0443376753981146], [0.7016217138897469, 0.07375149887585378, 0.030622989032339377, 0.1940037982020597], [0.007229979181179538, 0.25950132296953443, 0.6891369355275806, 0.044131762321705514], [0.06879347616610464, 0.372261775606506, 0.4675688736101802, 0.09137587461720927], [0.10100459864939233, 0.045017478696719425, 0.05809087304717885, 0.7958870496067094], [0.37038288579780554, 0.47166420136610904, 0.053037715991297314, 0.10491519684478808], [0.008865805853699194, 0.5203704520098061, 0.42984627125901287, 0.04091747087748195], [0.6699457217576519, 0.137101165639431, 0.006139555377044819, 0.18681355722587237], [0.07644578678887005, 0.09792593172805615, 0.43609308333806135, 0.38953519814501236], [0.3602682103677064, 0.37700320837202345, 0.15768890431322838, 0.10503967694704167], [0.1715434647771921, 0.6449659849399098, 0.08788518541188421, 0.09560536487101391], [0.11833970112302186, 0.19036915710698848, 0.02058481799412329, 0.6707063237758663], [0.0341619884679019, 0.18989812226412783, 0.5784275146606211, 0.19751237460734913], [0.3974001542928583, 0.3447555121394616, 0.021779099125289914, 0.23606523444239014], [0.08562296386644591, 0.14964952595114922, 0.31759777557614655, 0.4471297346062582], [0.5325619228217857, 0.21151811955267474, 0.24325490143878795, 0.012665056186751416], [0.03127918208516898, 0.12783978600705465, 0.10541897476585925, 0.7354620571419171], [0.8352707368082779, 0.10211673861258211, 0.019207842779489084, 0.043404681799651006], [0.8275200831385198, 0.01136957492497123, 0.0359100577122274, 0.12520028422428164], [0.05487547603737762, 0.07292551762618235, 0.02153435200243034, 0.8506646543340097], [0.9396983403110892, 0.03864177803755876, 0.0024695172836447926, 0.019190364367707158], [0.9264266485860949, 0.03788014907433319, 0.004612906805624488, 0.031080295533947516], [0.014771097493852236, 0.5184288169532602, 0.0926081111449557, 0.374191974407932], [0.32787371692959283, 0.2053856555216281, 0.2397963374257186, 0.22694429012306053], [0.17696028747689677, 0.14593395135024864, 0.10465439468024278, 0.5724513664926119], [0.27339435296363185, 0.15446003883610254, 0.12495043628748607, 0.4471951719127795], [0.26523361166353837, 0.028061708883193807, 0.6275401811534383, 0.07916449829982948], [0.7963060142192078, 0.19214817249666705, 0.0030024758452989156, 0.008543337438826135], [0.10253987365034044, 0.0012014043900773444, 0.01390223208937477, 0.8823564898702075], [0.25359536432784285, 0.3670708346783868, 0.015525210312008325, 0.3638085906817621], [0.5363451875740789, 0.05730455952591954, 0.08450919648833484, 0.32184105641166677], [0.31815492064775647, 0.16517523282239074, 0.4264080433186922, 0.09026180321116065], [0.019559225733402814, 0.25173471517212753, 0.017145367190962987, 0.7115606919035066], [0.28900759683985017, 0.401297696852415, 0.2550226264226712, 0.05467207988506367], [0.5496575593804544, 0.1684381863685668, 0.24277881972626172, 0.039125434524717076], [0.8523989011946828, 0.04303264117842101, 0.014429506895243737, 0.09013895073165257], [0.2272907156033117, 0.6899754668886507, 0.006709172463229332, 0.0760246450448082], [0.11596505406057911, 0.7939179080361176, 0.06596292212944166, 0.024154115773861673], [0.4523484424703046, 0.02209630669490881, 0.007386387326531381, 0.5181688635082552], [0.38412027514088604, 0.1780673848466537, 0.017927054643440275, 0.41988528536902003], [0.2564827182103001, 0.3368517858555816, 0.2423682942405942, 0.16429720169352402], [0.02342775887745239, 0.04341423729118487, 0.2879383276722157, 0.6452196761591471], [0.032494012948288374, 0.05666237332743391, 0.8437103478857974, 0.06713326583848038], [0.08976930175931842, 0.03551175882823316, 0.06362008964411073, 0.8110988497683377], [0.2429091132521235, 0.13192708892780813, 0.3564171865439406, 0.26874661127612776], [0.14118056942732637, 0.2737503317763285, 0.05149921744134704, 0.533569881354998], [0.19800722974714347, 0.4281305831437603, 0.11035191502948719, 0.26351027207960903], [0.7371005621282585, 0.043156854859724536, 0.07937312680389183, 0.14036945620812516], [0.32574450144433864, 0.2436174744314776, 0.3363848746414538, 0.09425314948272995], [0.08031346310117772, 0.583055678279039, 0.30795467221980616, 0.02867618639997701], [0.021437781461485467, 0.22181109798126608, 0.4274599479358109, 0.3292911726214377], [0.43013289549134626, 0.08826935416543603, 0.4781636933691774, 0.0034340569740402282], [0.37304842313647174, 0.5976566395018894, 0.015577971092253937, 0.013716966269384854], [0.5210220440000696, 0.05923210389605427, 0.0011688466920374968, 0.4185770054118388], [0.727271089429382, 0.09329847734468266, 0.09211361764294816, 0.08731681558298718], [0.3504754507912972, 0.10982855751969536, 0.15002355738260562, 0.38967243430640175], [0.29793608715431985, 0.22532497877281357, 0.3734961529373274, 0.10324278113553927], [0.10832082899838237, 0.8321657389432466, 0.0013064135372952538, 0.05820701852107572], [0.3735583807653206, 0.5543606810290378, 0.014112345722519742, 0.05796859248312182], [0.00016058801012515885, 0.7275966692580637, 0.22335052731397642, 0.048892215417834846], [0.4322301415758245, 0.1467497845218597, 0.25406471965344746, 0.16695535424886843], [0.1158280709838035, 0.1055566024942253, 0.7254782323395613, 0.05313709418240969], [0.020655535757917128, 0.8538924704508483, 0.031828391856845696, 0.09362360193438887], [0.03257632995821027, 0.891646926466074, 0.0037963407710373065, 0.07198040280467854], [0.05829065607174256, 0.4919141365155775, 0.443419373923653, 0.006375833489026995], [0.04042971167683735, 0.6589476366898167, 0.208854928074928, 0.09176772355841811], [0.09769579223581874, 0.4412473658940786, 0.16138275838220376, 0.2996740834878988], [0.38895096149941527, 0.2744899480818923, 0.27028061319886026, 0.06627847721983227], [0.06065225661637257, 0.3156001817902658, 0.3351102773380169, 0.2886372842553446], [0.006398080143646524, 0.7748009161877754, 0.06939067630106655, 0.14941032736751161], [0.1775762332571882, 0.539613937993173, 0.16281318732360806, 0.11999664142603077], [0.3722853114214447, 0.3580345742881113, 0.10438988349968188, 0.16529023079076208], [0.19088429060133694, 0.6959520412625892, 0.07110824763338117, 0.04205542050269266], [0.367155264841048, 0.5673752560471681, 0.05066666818204163, 0.01480281092974227], [0.4255480405422902, 0.45854233986635673, 0.10675979286083001, 0.009149826730523176], [0.7621076192839004, 0.0972779557809127, 0.08284890891731264, 0.05776551601787428], [0.012263859940000064, 0.05802293554702139, 0.028485675457994675, 0.9012275290549838], [0.39373115099408723, 0.15247401095424354, 0.2643277328508399, 0.18946710520082935], [0.6649762165206451, 0.0035599124943214485, 0.003238866915671189, 0.32822500406936217], [0.026839261893373375, 0.1340216839432487, 0.8079562892134825, 0.03118276494989551], [0.041501542706485345, 0.0885141374351642, 0.02958318215233678, 0.8404011377060137], [0.02345668347267398, 0.1380108178898356, 0.4715138994389292, 0.36701859919856106], [0.4233757970848477, 0.2054712852298995, 0.284949777930471, 0.08620313975478178], [0.026409984897950194, 0.3963059790999271, 0.050280828816156795, 0.5270032071859658], [0.2757630885712276, 0.6348984008026702, 0.024072653482750457, 0.06526585714335173], [0.4785376847931035, 0.10924835076785833, 0.14796762980995126, 0.2642463346290869], [0.4911439078081927, 0.20294063257460418, 0.10058196058885663, 0.20533349902834644], [0.0492767218046496, 0.008298973296806641, 0.4589729177517426, 0.4834513871468012], [0.6286939624570647, 0.2044694251448896, 0.15167997486562965, 0.015156637532416174], [0.6841278272815441, 0.02593563362423293, 0.027026590318908177, 0.2629099487753147], [0.08011864286808318, 0.028156848454267157, 0.8811418379950668, 0.010582670682582859], [0.04965724428980909, 0.6173327591004767, 0.23692602606009935, 0.09608397054961496], [0.010916917635995876, 0.06646122695565178, 0.9207738276186633, 0.0018480277896889652], [0.007075560030856267, 0.14197056685065723, 0.39417947993509844, 0.456774393183388], [0.07529431000979195, 0.1077288327531857, 0.4666010028097954, 0.35037585442722696], [0.08288742566236862, 0.26540873086005823, 0.5931204299674668, 0.05858341351010621], [0.061491848610266804, 0.8883974889336635, 0.042570727902151065, 0.007539934553918486], [0.43395484983008964, 0.024101150458680703, 0.25927989545944935, 0.2826641042517804], [0.044691019778070856, 0.16505719790936377, 0.09807145636781414, 0.6921803259447513], [0.1375432287066614, 0.13882143898271093, 0.038010618472142786, 0.6856247138384849], [0.8310530152790196, 0.024682140820369902, 0.03754183992740609, 0.10672300397320435], [0.03331640014324495, 0.6050004635974375, 0.02472191319547372, 0.33696122306384374], [0.045844649576830064, 0.032833221977634656, 0.015083985299326622, 0.9062381431462088], [0.34398529337617373, 0.39280402746683585, 0.08891466833158265, 0.1742960108254077], [0.2434863941293537, 0.6625211802815587, 0.042940252511594244, 0.05105217307749334], [0.6915176616302857, 0.07121885861466551, 0.048666804304557984, 0.1885966754504909], [0.17509115632801006, 0.02103354481705351, 0.5809040737672536, 0.22297122508768283], [0.0695052650670279, 0.217133231781301, 0.002317249742315644, 0.7110442534093554], [0.1815212870894605, 0.2691736126266167, 0.07992636383891222, 0.46937873644501044], [0.06047623009326687, 0.6929342524928078, 0.008626114735501381, 0.23796340267842403], [0.8520681519672894, 0.04569656826793973, 0.0008203222574528984, 0.10141495750731808], [0.37447928491337285, 0.44622556788625384, 0.08126415113695284, 0.09803099606342049], [0.027579409020785435, 0.8116330444164588, 0.12836237600917258, 0.032425170553583155], [0.00028932919449995846, 0.06776446325738723, 0.8954799360410637, 0.03646627150704903], [0.2945780351465895, 0.5547508491246916, 0.08480044895775095, 0.06587066677096809], [0.0005543421254106012, 0.9665728145039895, 0.022711178126722936, 0.010161665243876994], [0.05940592669153672, 0.5360364103856147, 0.10892758266974814, 0.2956300802531005], [0.16895965169068378, 0.6398035044735039, 0.08134066461855746, 0.109896179217255], [0.3802409983222569, 0.5613469892808912, 0.003876279576535766, 0.05453573282031605], [0.02186532483158168, 0.19873425287556498, 0.7715404236782989, 0.007859998614554456], [0.24760343038705812, 0.2647785067939057, 0.014622258388343553, 0.4729958044306926], [0.20704254302997066, 0.13283846414608963, 0.32899776592133434, 0.33112122690260537], [0.42959527347069704, 0.5100104106337264, 0.019443956378969698, 0.04095035951660693], [0.2872778728976202, 0.0840437410343376, 0.13399911410368628, 0.49467927196435607], [0.14034022222695464, 0.6305953203725695, 0.015688226524744286, 0.2133762308757315], [0.08982215334315975, 0.5087815667061258, 0.011000860088592272, 0.3903954198621222], [0.1810611452935785, 0.4962457200137229, 0.07682660448574541, 0.24586653020695323], [0.7507468701976863, 0.043827311008513586, 0.048931451261167914, 0.1564943675326323], [0.6357751883562667, 0.3405431732304961, 0.013005488852219811, 0.010676149561017312], [0.07434436850670095, 0.8057990656835393, 0.0025725823526311655, 0.1172839834571286]]}, "rewritten": {"ids": ["97105580", "97105760", "97106591", "97106970", "97107681", "97109080", "98106680", "98107340", "98107410", "98108520", "98109311", "98109570", "98111620", "98116500", "98116940", "98120010", "99107300", "99107660", "99108010", "99108460", "99109161", "99109740", "99109860", "99110730", "99111340", "99111440", "99112300", "99112641", "100109311", "100109360", "100110050", "100113210", "101108121", "101108460", "101108500", "101109000", "101109370", "101110150", "101110740", "101111620", "101119030", "102109840", "102110050", "102110750", "102110890", "102111990", "102116340", "102117351", "103109641", "103111620", "103111990", "103113101", "103113210", "103113260", "103117461", "103118110", "103120340", "104111711", "104113000", "104113170", "104114740", "104119340", "105110091", "105110251", "105113170", "105113330", "105113480", "105118740", "105121190", "106115120", "106115240", "106117770", "106120640", "106121220", "107112850", "107113200", "107114621", "107116980", "107119130", "107119390", "107121540", "107121640", "108113760", "108114360", "108114670", "108115070", "108118291", "108118520", "108119510", "108121190", "109113591", "109114220", "109114720", "109116810", "109116930", "109117271", "109117431", "109120150", "110114610", "110115710", "110116300", "110116441", "110117200", "110118161", "110118701", "110118740", "110118810", "110118930", "110119300", "110120640", "110120700", "110121170", "110121720", "111114121", "111115770", "111116090", "111119150", "111119250", "111119580", "111119950", "111120260", "112116540", "112116990", "112117210", "112117431", "112117780", "112117790", "112118161", "112119320", "112119450", "112119980", "112120630", "113118421", "113118820", "113119300", "113119930", "113120260", "113120591", "113120640", "113121010", "113121190", "113122190"], "labels": [1, 0, 1, 2, 3, 2, 1, 0, 3, 2, 1, 1, 3, 2, 2, 2, 3, 3, 2, 0, 3, 3, 2, 3, 1, 3, 0, 1, 1, 0, 3, 0, 0, 0, 3, 1, 1, 1, 3, 3, 3, 2, 3, 1, 0, 2, 3, 1, 1, 0, 2, 3, 3, 3, 0, 2, 1, 1, 1, 3, 2, 1, 0, 0, 0, 3, 0, 1, 2, 1, 1, 0, 3, 1, 1, 0, 0, 3, 1, 2, 2, 1, 1, 1, 3, 1, 3, 0, 1, 1, 3, 3, 0, 3, 0, 0, 1, 2, 1, 2, 3, 3, 3, 0, 3, 3, 1, 1, 1, 0, 2, 2, 3, 0, 3, 3, 3, 1, 3, 0, 3, 1, 0, 1, 0, 0, 3, 0, 1, 3, 0, 3, 3, 0, 1, 1, 3, 0, 0, 2, 1, 1], "predicted_labels": [1, 0, 1, 2, 0, 1, 2, 2, 3, 1, 1, 3, 1, 3, 1, 2, 0, 0, 1, 3, 0, 3, 1, 2, 1, 3, 3, 0, 0, 3, 1, 3, 0, 3, 2, 1, 2, 1, 1, 2, 3, 1, 1, 2, 3, 0, 3, 1, 3, 3, 3, 3, 2, 3, 0, 1, 2, 3, 0, 3, 2, 1, 0, 1, 3, 1, 3, 1, 3, 3, 0, 3, 1, 3, 3, 1, 0, 0, 3, 1, 2, 1, 2, 0, 3, 1, 1, 0, 3, 3, 0, 3, 3, 3, 0, 3, 0, 2, 1, 0, 3, 3, 0, 0, 3, 0, 0, 1, 1, 3, 3, 1, 1, 1, 0, 0, 3, 0, 0, 3, 0, 1, 3, 1, 0, 3, 0, 0, 3, 1, 1, 0, 3, 3, 3, 1, 3, 3, 1, 2, 3, 1], "confidence_scores": [[0.18420867270966615, 0.6556567388444582, 0.06282813547495603, 0.09730645297091944], [0.9746194672529706, 0.004682473821326051, 0.002958873792294393, 0.017739185133409142], [0.01874935526300878, 0.6466947401705593, 0.30546039312502266, 0.029095511441409195], [0.03973725277010579, 0.2563725625984555, 0.546948031364318, 0.15694215326712074], [0.5198160704344008, 0.07299837249299243, 0.048487512751542644, 0.35869804432106417], [0.018980018292772283, 0.6116919969446811, 0.1128390715912471, 0.25648891317129946], [0.14002787004095346, 0.0447991542844991, 0.8064154960520847, 0.008757479622462781], [0.09252228425643802, 0.07311646643051146, 0.7410266792395562, 0.09333457007349436], [0.38323875765471793, 0.028425901361271898, 0.15301164562290895, 0.4353236953611012], [0.19034772622016763, 0.5358744503923032, 0.20875947639738782, 0.0650183469901413], [0.29373139986711033, 0.4947758311777127, 0.1506247859238252, 0.060867983031351824], [0.06492678385900481, 0.030644682208074942, 0.013632636009467925, 0.8907958979234523], [0.0012948352800261635, 0.703841102586507, 0.08577887565738794, 0.209085186476079], [0.28093176670838743, 0.02516102209181661, 0.2985323739543022, 0.3953748372454938], [0.07383215607042176, 0.6731397426974636, 0.18929131724468362, 0.06373678398743104], [0.01508402385007765, 0.1867897751506151, 0.7577526328919144, 0.040373568107392774], [0.7079682927067794, 0.14908298407625897, 0.03948518677621952, 0.10346353644074222], [0.8171458803317602, 0.024354338835508773, 0.02124462930365291, 0.13725515152907805], [0.12300301687591579, 0.5668854997719805, 0.2813438956669765, 0.028767587685127164], [0.14854793551947248, 0.10226862892440593, 0.13956421090119125, 0.6096192246549303], [0.4386571319575466, 0.4340434908209096, 0.11088386272080097, 0.01641551450074278], [0.04977148549370398, 0.116163529499962, 0.028502768952669073, 0.805562216053665], [0.010178253346730113, 0.765212547728638, 0.1896703341947424, 0.034938864729889454], [0.05029123763876903, 0.08814022666644857, 0.8179971835328559, 0.043571352161926466], [0.13932967283471942, 0.4049456002480588, 0.3528040217332606, 0.10292070518396128], [0.2570056541445814, 0.1247804327166925, 0.059885696946824524, 0.5583282161919015], [0.04442932735802426, 0.024956938749423438, 0.10564975314718748, 0.8249639807453648], [0.7523609171299417, 0.07988979941049981, 0.12118216882556129, 0.046567114633997375], [0.4504852449716178, 0.1995462936123529, 0.059160866434309074, 0.2908075949817204], [0.2148116150904019, 0.23938319734670152, 0.02842310157220806, 0.5173820859906885], [0.27632266440986436, 0.4353452335562267, 0.162182712734233, 0.12614938929967606], [0.03454029657533842, 0.3110765869183374, 0.07783583620011054, 0.5765472803062136], [0.587448279873404, 0.19238110044524148, 0.023084424738943225, 0.19708619494241128], [0.10832420327828131, 0.1191177975631409, 0.023541219570928033, 0.7490167795876497], [0.02430085256499805, 0.1549021632717041, 0.5224397311560228, 0.29835725300727495], [0.020902099699917444, 0.7994349807737688, 0.008330803962818949, 0.17133211556349492], [0.087431262613431, 0.03618697769954556, 0.865699492975024, 0.010682266711999375], [0.18661136264211198, 0.6803748867977814, 0.04717402199691465, 0.08583972856319219], [0.24760595210201458, 0.47399574436984754, 0.11378962433078926, 0.1646086791973486], [0.14678360633679308, 0.11774063545130894, 0.5293778280285931, 0.20609793018330475], [0.011760852571917677, 0.4533959627727729, 0.012281858798851275, 0.5225613258564582], [0.17708350309915685, 0.4821815766516905, 0.28672655576977774, 0.05400836447937477], [0.1061263604286772, 0.4048963393746195, 0.19078534360929725, 0.2981919565874061], [0.01598094352465621, 0.10110268514401687, 0.8321122353375775, 0.05080413599374934], [0.24239132289653223, 0.10526210074678036, 0.2497465058774348, 0.4026000704792526], [0.4470719900920553, 0.2551822363569693, 0.12979289150796736, 0.16795288204300798], [0.10547402558591287, 0.07693246450095642, 0.1686456626205247, 0.648947847292606], [0.023532135184746956, 0.9192190093012585, 0.0072517680505912886, 0.049997087463403304], [0.14273828785395049, 0.25994299356186346, 0.13285742874031323, 0.46446128984387275], [0.06863402911797915, 0.020620286824575645, 0.24208093240014691, 0.6686647516572983], [0.053777966765367786, 0.2926207942478854, 0.2045643905471814, 0.4490368484395655], [0.25581239779325504, 0.3051900157959442, 0.07523098236656114, 0.36376660404423955], [0.030263695134446097, 0.3648250213699328, 0.4024932890454106, 0.2024179944502104], [0.2050550332520691, 0.2866205303301757, 0.025917979390617973, 0.4824064570271372], [0.4957615789679119, 0.3980485299249867, 0.02621456213314709, 0.07997532897395446], [0.14695927049227556, 0.3761191580535459, 0.3021486419296376, 0.17477292952454096], [0.02876999445647235, 0.355789218271815, 0.4038255235075326, 0.21161526376418016], [0.16164344615999718, 0.27252582045803236, 0.1197181912457778, 0.4461125421361926], [0.667014999156214, 0.11647557879898271, 0.008000430335399421, 0.20850899170940387], [0.06983488252896189, 0.31453948120530184, 0.10745313057866036, 0.508172505687076], [0.06991528382624625, 0.24045005392481436, 0.3770197628744314, 0.3126148993745079], [0.046538259576401245, 0.6154827218054052, 0.0667683360255813, 0.2712106825926123], [0.5018897422636054, 0.10321504954017434, 0.08393426458119316, 0.3109609436150271], [0.05736731375787827, 0.5345193406573051, 0.3893207367092885, 0.018792608875528066], [0.006323046517376154, 0.014359592783283172, 0.0372474675691447, 0.942069893130196], [0.10325065147649662, 0.5552749656626131, 0.005033603043090254, 0.3364407798178], [0.01617298571368787, 0.16737035891248786, 0.36570798170975594, 0.4507486736640684], [0.15904595556506038, 0.6205454228560043, 0.09566883034331648, 0.12473979123561882], [0.06546845843090908, 0.40107608102509906, 0.056831973630099855, 0.476623486913892], [0.2700396684330779, 0.22273400303538082, 0.015060463663452033, 0.49216586486808916], [0.4021156287567406, 0.14633592988712305, 0.12989401775152265, 0.3216544236046136], [0.0904036566253713, 0.018800557043294377, 0.06887602307912181, 0.8219197632522125], [0.0951342959089778, 0.7890997319505711, 0.08203850872690802, 0.0337274634135432], [0.027396001386116257, 0.0635060909224656, 0.03412136783553183, 0.8749765398558864], [0.010374130927376775, 0.1430152091841902, 0.03864601992104227, 0.8079646399673908], [0.06646297880837704, 0.6986267466385822, 0.012346793884173935, 0.22256348066886683], [0.5440433681061466, 0.001978363622593004, 0.002103484091611512, 0.4518747841796489], [0.6126273189224662, 0.187336684242496, 0.005874095630105532, 0.19416190120493243], [0.029047343835274318, 0.20801427991115493, 0.14164185979337257, 0.6212965164601982], [0.02634917164276352, 0.6152902630668895, 0.05492681537670764, 0.3034337499136394], [0.0018954227657199466, 0.3275131949751235, 0.5928957995427937, 0.07769558271636286], [0.020520752831012283, 0.6782081150487481, 0.05653296868789752, 0.24473816343234212], [0.18242737446101132, 0.015434249717257448, 0.5900740827355396, 0.2120642930861915], [0.48166685007183263, 0.014025440671930225, 0.031726328577483316, 0.47258138067875394], [0.11956854395202662, 0.29645208481262647, 0.001344777463008244, 0.5826345937723386], [0.1251336405603408, 0.8108362723406564, 0.030536248915728238, 0.03349383818327464], [0.05356293771247611, 0.8317770183292118, 0.0024904609759429435, 0.11216958298236916], [0.7200189515219138, 0.08058344880538784, 0.04124359407014724, 0.15815400560255116], [0.023132327977576667, 0.1745393607758263, 0.017783267959128178, 0.7845450432874689], [0.03609004779454156, 0.2867709438837581, 0.05588214387983831, 0.621256864441862], [0.6461056232016748, 0.07272459436277198, 0.0017853708425291076, 0.27938441159302413], [0.06063280847208146, 0.2698870289347771, 0.0070592305681970065, 0.6624209320249443], [0.022094179499609113, 0.26760488509618274, 0.10073909801442187, 0.6095618373897862], [0.09973256964936747, 0.1890555081256498, 0.007496281446469873, 0.7037156407785129], [0.6825277726381901, 0.24253566300272233, 0.011061198358875042, 0.06387536600021256], [0.006016824709687251, 0.1531847694311842, 0.013879887619056088, 0.8269185182400726], [0.5778171843178652, 0.03084434550738513, 0.012903540658862256, 0.37843492951588736], [0.3370630212502909, 0.011595755421025745, 0.4265148596411826, 0.22482636368750078], [0.14036116457230316, 0.728193304214265, 0.08489059572429349, 0.046554935489138624], [0.6335506511958411, 0.19212092158039482, 0.03837332909693369, 0.13595509812683035], [0.12050246624093898, 0.26963939988164964, 0.09577928755949754, 0.5140788463179139], [0.028472736363894628, 0.40216007524879316, 0.038368170375823525, 0.5309990180114887], [0.6595195357824255, 0.10188850572775887, 0.02443099982405299, 0.21416095866576265], [0.5270643648283333, 0.3048155508181606, 0.017267557091850735, 0.1508525272616554], [0.18151889500269702, 0.17083189515410235, 0.01210756035877057, 0.63554164948443], [0.4491688393619856, 0.10026973751482868, 0.018732739754558882, 0.43182868336862673], [0.6975793986332065, 0.06864152043740976, 0.056886269385386455, 0.17689281154399727], [0.0043057102063323496, 0.47575655791562466, 0.045351467708040376, 0.4745862641700026], [0.10807805056495011, 0.7599010945422748, 0.055506010332923086, 0.07651484455985179], [0.08514068744090424, 0.04061366167903063, 0.010420347079939845, 0.8638253038001253], [0.028948746541631827, 0.13977009087251008, 0.05474757122297115, 0.776533591362887], [0.026812315446901495, 0.7160564773137325, 0.006043616938991263, 0.2510875903003747], [0.17698840825067616, 0.48350478469588654, 0.010632388426214869, 0.3288744186272224], [0.3464048717023242, 0.4432120440770994, 0.031197295176543217, 0.17918578904403312], [0.5254994275936521, 0.19005904923176545, 0.014964935953963678, 0.2694765872206188], [0.5154007016026143, 0.0888984056088549, 0.057484640868816, 0.3382162519197148], [0.25270383908977884, 0.2776612901503644, 0.012603837785479641, 0.4570310329743772], [0.4362067828149307, 0.17768883822877612, 0.14019192119116625, 0.2459124577651269], [0.5339283076362783, 0.0249623123250956, 0.029417424885874028, 0.41169195515275214], [0.368738894919829, 0.055673262486411995, 0.147604946701014, 0.427982895892745], [0.48820483999266207, 0.1310110816248559, 0.018098282653290488, 0.3626857957291917], [0.05585222337985364, 0.40123362759503345, 0.16892728866801351, 0.3739868603570994], [0.04829824775201647, 0.27551939080227855, 0.19433047934419034, 0.48185188210151464], [0.08623082168366646, 0.5376450369281249, 0.20787240071477156, 0.16825174067343696], [0.7107902428541134, 0.2431056843695128, 0.0035016069970191226, 0.04260246577935465], [0.2524741148650537, 0.16173518840782242, 0.06335163528278842, 0.5224390614443354], [0.4683702566803899, 0.08587556416221077, 0.0009688291123519385, 0.4447853500450474], [0.4061159185566625, 0.29183100380326554, 0.26534693589350306, 0.036706141746568895], [0.006619648389657573, 0.2797498904817149, 0.04901935893585205, 0.6646111021927754], [0.31885680560441876, 0.6404312220537792, 0.010520042607528916, 0.030191929734273208], [0.23600632199187566, 0.5592448124341386, 0.04996442020036712, 0.15478444537361863], [0.8200930644674761, 0.06678926787716935, 0.005469795636243607, 0.10764787201911095], [0.051003786911372535, 0.2428514482198512, 0.012097585821051339, 0.6940471790477248], [0.40477074529718954, 0.05613506348115702, 0.008253024329607315, 0.5308411668920461], [0.22875509919022, 0.012627404395967948, 0.009774816707986432, 0.7488426797058256], [0.05528610401827344, 0.8327295199434089, 0.0008048346178298964, 0.11117954142048767], [0.08051813778186262, 0.30042763716248955, 0.08435917772727235, 0.5346950473283756], [0.06762751557116296, 0.28767029143433487, 0.14271651824356327, 0.5019856747509389], [0.1942350694199478, 0.594406841447345, 0.029932425729154354, 0.18142566340355273], [0.013588432996701398, 0.16231288021743465, 0.43106952601313914, 0.3930291607727249], [0.14836517726938483, 0.40116154543962507, 0.01572629889899558, 0.4347469783919945], [0.11475755705068663, 0.5946963146226242, 0.02166035621976744, 0.2688857721069218]]}}