{"test": {"ids": ["101113210", "112118820", "101110200", "112116290", "113121810", "113118870", "113121750", "104113170", "99112840", "108117451", "111120640", "110118450", "113119700", "103113610", "109115070", "111120190", "110114720", "110115710", "98106880", "104111531", "109117630", "108120280", "109116930", "102111990", "112119450", "104112470", "110117500", "108113620", "112117431", "104117630", "106113830", "113119360", "112119930", "110115580", "104118070", "108116070", "109114220", "100120780", "108114040", "103111480", "99107560", "98112300", "113119480", "108118520", "101108121", "97112290", "107116980", "101114990", "111119290", "111115400", "102109840", "107121640", "111115910", "107115250", "107114140", "97107040", "110117200", "112120630", "108113740", "105112240", "98116500", "112118511", "107113360", "111118820", "105120621", "110119300", "101121640", "103118110", "98112170", "110115250", "102121700", "101114020", "102113981", "97113900", "103109641", "104114410", "98108370", "108117360", "103120340", "105113190", "113121680", "113122230", "109117431", "109119460", "111118910", "111114171", "111116090", "110114561", "98108410", "99109780", "106116850", "112118860", "109116810", "101108621", "101109000", "110115890", "98119591", "98109570", "108118301", "112118530", "100113210", "97109570", "98109311", "99107950", "99113260", "109119010", "103111990", "103109791", "111119300", "99110730", "107114490", "102116340", "98110230", "105115380", "97116800", "106117770", "97118210", "105113330", "103111540", "104113210", "107113200", "108114270", "102109910", "100111380", "109121351", "109117271", "100110050", "109114720", "109115380", "113122220", "109117080", "107121540", "97112830", "112117210", "110121140", "102110690", "111120540", "107120260", "105119550", "111121351", "108118810", "103109021"], "labels": [3, 0, 2, 0, 2, 0, 0, 3, 2, 2, 0, 0, 0, 2, 0, 3, 3, 2, 0, 0, 0, 3, 0, 2, 3, 1, 1, 3, 0, 0, 1, 0, 1, 1, 2, 1, 3, 1, 0, 0, 1, 2, 3, 0, 0, 1, 3, 3, 3, 0, 2, 1, 2, 2, 2, 2, 3, 3, 3, 1, 2, 1, 0, 0, 1, 1, 2, 2, 3, 1, 1, 3, 1, 2, 1, 1, 1, 1, 1, 3, 1, 1, 1, 1, 0, 3, 3, 0, 1, 2, 3, 3, 3, 0, 1, 2, 1, 1, 1, 1, 0, 0, 1, 1, 0, 3, 2, 3, 1, 3, 3, 3, 3, 1, 0, 0, 2, 3, 1, 3, 0, 3, 2, 3, 0, 0, 3, 0, 3, 1, 1, 2, 2, 1, 3, 0, 1, 1, 1, 0, 1, 0], "predicted_labels": [2, 0, 1, 1, 2, 3, 0, 2, 3, 0, 0, 2, 2, 3, 1, 1, 2, 0, 2, 3, 1, 3, 2, 2, 0, 3, 0, 0, 3, 1, 3, 0, 1, 2, 2, 2, 3, 3, 2, 1, 0, 3, 0, 2, 3, 2, 1, 3, 3, 0, 2, 2, 3, 2, 1, 3, 0, 1, 0, 3, 3, 1, 1, 3, 3, 3, 1, 3, 3, 3, 1, 3, 3, 0, 3, 3, 2, 2, 2, 0, 2, 1, 0, 1, 3, 0, 0, 1, 1, 1, 0, 1, 0, 1, 2, 1, 2, 0, 3, 1, 0, 1, 3, 2, 1, 3, 1, 3, 3, 3, 2, 3, 1, 1, 0, 0, 2, 0, 1, 0, 0, 0, 1, 0, 3, 3, 3, 2, 3, 3, 1, 1, 3, 2, 3, 3, 1, 1, 1, 0, 3, 0], "confidence_scores": [[0.19282900309172898, 1.1900017113649251e-05, 0.8071390418085695, 2.0055082587949687e-05], [0.9990226097287281, 0.0001980863617635399, 7.029511972957442e-08, 0.0007792336143884272], [1.960641305343834e-06, 0.999997847483946, 1.7174256976101016e-07, 2.0132178767845142e-08], [0.08365537016188297, 0.9073841567850235, 2.785171213137768e-07, 0.008960194535972086], [1.3520202997839595e-07, 0.008681923321480434, 0.9913177859820159, 1.5549447361917057e-07], [4.201655927840617e-05, 0.004852354515983191, 0.00010624353817961614, 0.9949993853865586], [0.9901059827030518, 0.007394957013662556, 5.186698928897521e-05, 0.0024471932939966767], [0.00035819431060870655, 0.12104954468183392, 0.8781175350553846, 0.0004747259521726905], [7.189868946346251e-05, 0.00924951633108185, 0.0064613407336257265, 0.9842172442458289], [0.9993293487112002, 1.8185026796520736e-12, 1.273023441259485e-10, 0.0006706511596788536], [0.5352475897666218, 0.4640852184257191, 1.9544676651119415e-08, 0.0006671722629823675], [1.73165948380143e-06, 0.19098503641967424, 0.8089800630437457, 3.3168877096334017e-05], [0.01797841644059995, 0.02242630193075256, 0.9594625394747216, 0.00013274215392588447], [0.014752882464539518, 0.19500521367375245, 0.0006544095399573364, 0.7895874943217508], [4.501191901422438e-07, 0.9994861403586193, 0.0005115123734726326, 1.8971487179383412e-06], [0.0004550399720724456, 0.9995446321584812, 2.9480726502693894e-07, 3.306218148035659e-08], [1.6751490491130804e-06, 0.0002271566093647444, 0.9929291757294587, 0.0068419925121274185], [0.9470184744582698, 7.859332324918267e-07, 0.05297447612009693, 6.263488400748919e-06], [0.277931996365006, 3.863703217271559e-05, 0.6850693633964742, 0.036960003206347236], [0.0013791998406956453, 5.063804158547537e-05, 3.286878679831307e-05, 0.9985372933309205], [0.29181754357366607, 0.5318558911414099, 0.17613850360349312, 0.00018806168143109889], [0.09046823417500514, 0.0001894027107412264, 0.014047151372680674, 0.8952952117415729], [8.084244058827686e-05, 2.6287073585549065e-11, 0.9999191573852831, 1.478416384396296e-10], [0.009076414602148409, 2.4775770720653482e-05, 0.9908608429039033, 3.7966723227655215e-05], [0.98353633123918, 6.253421399129295e-07, 2.895761344186256e-06, 0.01646014765733572], [1.865591610712899e-06, 0.0001326050212920077, 5.117568708733593e-05, 0.9998143537000099], [0.6080226088173059, 0.388794584474945, 0.0027519966832235338, 0.0004308100245254113], [0.9882796516924972, 0.0007684247098393814, 0.0010129077597366449, 0.009939015837926791], [0.177433778624171, 0.012586322038560605, 6.178996676652476e-05, 0.8099181093705019], [0.19615225144501122, 0.7394027303858743, 0.009559555552489394, 0.05488546261662508], [0.25000395362394984, 0.014915803403075268, 7.894481988335171e-09, 0.735080235078493], [0.9985608551638459, 0.0013199316049064829, 7.430055988310051e-08, 0.00011913893068803415], [5.917802703881701e-07, 0.6489262737445174, 0.3458212296005458, 0.0052519048746664096], [0.000385491772223461, 0.00013272272277882292, 0.9982534465619722, 0.0012283389430254165], [0.0026770596997757455, 0.0029843535565623335, 0.9943362794528474, 2.3072908143126016e-06], [4.581051998246181e-08, 0.0038480376493777494, 0.9961519156089801, 9.311223331496175e-10], [0.00119464695902518, 0.31572589788457356, 0.0008544518299553072, 0.682225003326446], [0.00018796323671751593, 0.0015162848065127495, 0.1683104955970682, 0.8299852563597014], [0.06014929885882565, 0.3090437362452682, 0.4614089506728065, 0.16939801422309952], [0.011901452747965146, 0.986248349982869, 0.00018339744326904343, 0.001666799825896804], [0.9989941480148682, 0.0009366559172261973, 1.2986649009142063e-05, 5.6209418896549694e-05], [0.002180489000520104, 0.04091122241164973, 0.020479331506083318, 0.9364289570817468], [0.9984721334361001, 7.317761350891076e-11, 6.036711966730798e-12, 0.0015278664846854247], [0.00014261896359690163, 0.06239587425486187, 0.9372012104873678, 0.0002602962941732453], [0.01019153022969242, 0.019400220445761906, 5.998689372777633e-07, 0.9704076494556083], [0.3486288629614557, 0.16530192898614562, 0.47357226451848866, 0.012496943533909833], [0.3587728068942542, 0.6407238746698748, 1.4321642106147907e-06, 0.0005018862716604502], [6.178460257095837e-06, 0.0006445461028439679, 0.36140086643873753, 0.6379484089981614], [0.0003365072755120651, 0.13777266293435902, 0.010200352852395239, 0.8516904769377336], [0.9957337190927142, 0.003489044515346558, 0.0007736176649704641, 3.6187269687218522e-06], [0.0003202607229558673, 0.1717947926840673, 0.8278839630014486, 9.835915281249278e-07], [0.004938209385821128, 0.0670178039106996, 0.866308113695797, 0.0617358730076823], [0.3425537668394344, 0.1509587593027085, 0.14007026870601716, 0.3664172051518399], [0.05516064333467898, 0.33395165077186556, 0.610143073726306, 0.0007446321671492456], [0.027167767601385808, 0.9713354556427704, 4.1054144789717146e-05, 0.0014557226110541203], [0.00018571512342695768, 0.00013302587472627657, 0.0023489674728149634, 0.9973322915290317], [0.996045823448632, 0.0005173740787082677, 0.0032910765071301135, 0.0001457259655296187], [1.3024182236994744e-07, 0.9999996165841192, 1.1996458726197955e-07, 1.3320947097060954e-07], [0.9903052310137521, 0.009401101680233422, 4.4565214913469506e-07, 0.00029322165386520875], [0.08306234031998698, 0.002465727241622164, 0.06137662096642795, 0.853095311471963], [0.00036731091189459817, 0.05289847839178545, 0.0014254035381674047, 0.9453088071581525], [0.00011677283864587596, 0.5211431418947143, 0.010250972168866642, 0.4684891130977731], [0.08657434496576506, 0.8970317208710901, 0.016393827002552302, 1.071605924609016e-07], [1.3741220169085818e-05, 1.8170975297703877e-08, 3.4492689458837087e-09, 0.9999862371595866], [0.007474765611575492, 0.002134187834956347, 8.614962352106507e-11, 0.9903910464673186], [0.0003833656126599675, 0.0008667962369281859, 0.0013324537615726378, 0.9974173843888392], [2.951322869664386e-06, 0.9764543355619879, 0.006513085027999231, 0.017029628087143193], [4.835936099014564e-08, 0.001187732223412417, 0.00460034280589791, 0.9942118766113287], [0.0005933541388806204, 0.0003492402234760456, 9.963216160487041e-07, 0.9990564093160272], [0.3693457541738974, 0.018639887219467986, 0.07531099510594104, 0.5367033635006936], [0.48376858876039863, 0.5039280780220555, 0.012293480613584032, 9.852603961860187e-06], [0.29327271362689705, 3.634847261343264e-05, 0.02913135506647051, 0.677559582834019], [3.796637296306604e-05, 0.14041687449835097, 0.01682390272243873, 0.8427212564062473], [0.9307149569932819, 0.004178296226654582, 0.06510658737238016, 1.5940768326993506e-07], [1.4561561204076084e-08, 9.712204303997018e-07, 9.456520507729768e-07, 0.9999980685659576], [0.31278901832364336, 0.026238273764140268, 0.002673432538646614, 0.6582992753735697], [1.6524732078842183e-06, 0.0024729197802459053, 0.9960476995022964, 0.0014777282442497196], [1.4367393717755645e-06, 0.12861174955986773, 0.7636233383888763, 0.10776347531188409], [0.00014876093289287987, 0.0003194254582900132, 0.9991204459070552, 0.0004113677017618917], [0.5840258792409306, 8.497079100399985e-06, 1.6584293166017973e-07, 0.4159654578370372], [0.00024203281913808073, 0.3032738469172476, 0.6605493270996856, 0.035934793163928606], [0.0003585588085131302, 0.6419940611712704, 0.35749696689210186, 0.00015041312811443438], [0.6198544308254529, 0.12186664449463787, 5.837569565717253e-05, 0.258220548984252], [0.0036072282514261838, 0.9818095581687815, 8.350574193305928e-05, 0.014499707837859054], [1.0530276044153648e-05, 0.00921939700615006, 8.913500201699816e-06, 0.9907611592176041], [0.9999220953191383, 9.129257723058502e-11, 1.859901448464761e-15, 7.790458956737092e-05], [0.999999839452212, 4.3551998032300196e-08, 1.226448120739621e-10, 1.1687314515072284e-07], [4.939736440996088e-05, 0.9999504590990156, 1.067721046543641e-07, 3.6764469723402677e-08], [0.05648404378756661, 0.9335775740743156, 4.640668158625728e-05, 0.00989197545653134], [3.452114905925215e-07, 0.9999760438126484, 2.3599126690978867e-05, 1.1849169960991264e-08], [0.777802948194786, 1.1005834574228394e-05, 0.19441623875774955, 0.0277698072128901], [0.0716254918559105, 0.9274893845326762, 0.0005687738117100131, 0.0003163497997034196], [0.7349266555427282, 0.0002488508722072493, 1.9234278949045224e-05, 0.26480525930611537], [0.15876781606886334, 0.734139199182432, 3.446777633590684e-06, 0.10708953797107122], [0.0002663655436067385, 0.00029633380640749695, 0.8056109450605771, 0.19382635558940886], [1.5147190120366875e-09, 0.996062352235983, 0.003933759089703379, 3.887159594467492e-06], [0.00048318772871812186, 0.007423614797769847, 0.9920192281578739, 7.396931563807953e-05], [0.9986306202588825, 8.106083566463174e-06, 1.030338906161823e-06, 0.0013602433186449743], [1.2743363928877775e-06, 0.11800308270804773, 0.0013803940147536454, 0.8806152489408058], [0.0003500125255054207, 0.9618081802759785, 0.03734682850046883, 0.0004949786980469811], [0.8499944734539516, 0.05819899226626807, 2.9019749310793315e-05, 0.09177751453046952], [6.476412613912923e-06, 0.9999934575317422, 3.6242148497671974e-08, 2.9813495549929245e-08], [0.0011332554405376898, 0.0693652038095996, 0.004764823918759146, 0.9247367168311035], [5.5033194145585835e-08, 0.0002023880731663386, 0.9985228707341681, 0.0012746861594714893], [0.0012375177536757388, 0.9873718744064995, 0.009721293553196016, 0.0016693142866287026], [7.786060741738734e-06, 0.12290271435662564, 0.033959726174123815, 0.8431297734085088], [7.948629134308105e-05, 0.999920115011626, 3.9709194102040944e-07, 1.6050896338973718e-09], [0.25345773877400535, 8.263177530628837e-05, 0.3547887670719239, 0.39167086237876453], [5.6708333004704195e-05, 8.84441109784917e-05, 0.027465937471095464, 0.9723889100849213], [0.00011324872128189593, 2.925622998341041e-08, 3.887736898043859e-06, 0.99988283428559], [0.004527684801069345, 0.4247668389432749, 0.5031606705236029, 0.06754480573205277], [0.013834785667420729, 0.0014496538548009717, 0.05094979887757966, 0.9337657616001986], [5.26563219054938e-07, 0.9999845468939691, 1.1375342074663438e-05, 3.5512007371356506e-06], [1.0326745864573008e-05, 0.7293906464439496, 0.10120601007144363, 0.16939301673874232], [0.985224839420073, 0.0008867025447801857, 0.0010861465591377303, 0.012802311476008958], [0.7889719615166714, 0.01895133442620073, 0.057614170513850246, 0.13446253354327775], [0.04087427486647405, 0.012260675973485596, 0.9398644529659873, 0.0070005961940530215], [0.8139731944974, 0.0001299800375735294, 3.9753591691869305e-05, 0.18585707187333458], [7.466793068823729e-08, 0.9956531460631692, 0.0017929355142399551, 0.0025538437546601825], [0.9980408297407679, 0.0009319304880078737, 0.00047278882267922517, 0.0005544509485448928], [0.6962125863583783, 4.5289476156206056e-07, 0.25466965513067674, 0.049117305616183285], [0.9679455988342521, 0.022042872241625804, 0.007286886920126584, 0.0027246420039953737], [0.01004464368033013, 0.8254411710051665, 0.002383009569147437, 0.16213117574535604], [0.9999388429226237, 5.924719145252072e-05, 2.980830426779484e-08, 1.8800776193465057e-06], [4.929159026139351e-05, 0.002940894908503539, 2.362557935409836e-06, 0.9970074509432997], [0.25013962820631597, 4.5918927685761165e-08, 5.466741894101274e-06, 0.7498548591328622], [0.00967840692542574, 0.08197139467913617, 0.025294697879164493, 0.8830555005162737], [1.4679839099597865e-06, 0.0004858991623360491, 0.9995004746495424, 1.2158204211694719e-05], [0.002241184144508094, 0.4812119942202335, 0.004623294024691037, 0.5119235276105674], [1.5652097378879933e-08, 0.0003815244991292065, 9.894810047038936e-08, 0.9996183609006729], [7.201268632639125e-09, 0.9999996961261459, 1.5670067890579093e-07, 1.3997190635179214e-07], [0.1815849296267425, 0.6430405361425381, 0.005398399064591823, 0.1699761351661275], [0.021985540985294125, 0.07731795223170686, 0.0793297851856214, 0.8213667215973776], [7.162779165951226e-05, 0.4951667408180824, 0.5029957128309047, 0.0017659185593534637], [0.00594444665227223, 0.011224441472001493, 7.394878324005885e-05, 0.9827571630924862], [0.1518213635550143, 1.1598153920384223e-05, 1.447276524848923e-07, 0.8481668935634128], [0.008964669258729385, 0.9198520001935742, 0.07113872092025, 4.4609627446492786e-05], [0.26262131834929403, 0.7369696557302686, 2.8901142579569357e-05, 0.0003801247778577839], [0.00024065466666085822, 0.9103647576547355, 2.2677566022898545e-05, 0.08937191011258067], [0.8989573371879384, 0.0005431365861663144, 3.0475842954468033e-05, 0.10046905038294095], [2.451469630964751e-06, 5.265409023195424e-07, 3.2753415068034876e-14, 0.999997021989434], [0.537461012140953, 0.00017045822271291898, 1.334394299862343e-07, 0.4623683961969041]]}, "rewritten": {"ids": ["97107040", "97109570", "97112290", "97112830", "97113900", "97116800", "97118210", "98106880", "98108370", "98108410", "98109311", "98109570", "98110230", "98112170", "98112300", "98116500", "98119591", "99107560", "99107950", "99109780", "99110730", "99112840", "99113260", "100110050", "100111380", "100113210", "100120780", "101108121", "101108621", "101109000", "101110200", "101113210", "101114020", "101114990", "101121640", "102109840", "102109910", "102110690", "102111990", "102113981", "102116340", "102121700", "103109021", "103109641", "103109791", "103111480", "103111540", "103111990", "103113610", "103118110", "103120340", "104111531", "104112470", "104113170", "104113210", "104114410", "104117630", "104118070", "105112240", "105113190", "105113330", "105115380", "105119550", "105120621", "106113830", "106116850", "106117770", "107113200", "107113360", "107114140", "107114490", "107115250", "107116980", "107120260", "107121540", "107121640", "108113620", "108113740", "108114040", "108114270", "108116070", "108117360", "108117451", "108118301", "108118520", "108118810", "108120280", "109114220", "109114720", "109115070", "109115380", "109116810", "109116930", "109117080", "109117271", "109117431", "109117630", "109119010", "109119460", "109121351", "110114561", "110114720", "110115250", "110115580", "110115710", "110115890", "110117200", "110117500", "110118450", "110119300", "110121140", "111114171", "111115400", "111115910", "111116090", "111118820", "111118910", "111119290", "111119300", "111120190", "111120540", "111120640", "111121351", "112116290", "112117210", "112117431", "112118511", "112118530", "112118820", "112118860", "112119450", "112119930", "112120630", "113118870", "113119360", "113119480", "113119700", "113121680", "113121750", "113121810", "113122220", "113122230"], "labels": [2, 0, 1, 2, 2, 0, 2, 0, 1, 1, 1, 1, 3, 3, 2, 2, 1, 1, 1, 2, 3, 2, 0, 3, 3, 0, 1, 0, 0, 1, 2, 3, 3, 3, 2, 2, 2, 0, 2, 1, 3, 1, 0, 1, 3, 0, 1, 2, 2, 2, 1, 0, 1, 3, 3, 1, 0, 2, 1, 3, 3, 1, 1, 1, 1, 3, 0, 0, 0, 2, 3, 2, 3, 1, 2, 1, 3, 3, 0, 3, 1, 1, 2, 1, 0, 1, 3, 3, 0, 0, 3, 3, 0, 1, 0, 1, 0, 3, 1, 0, 0, 3, 1, 1, 2, 2, 3, 1, 0, 1, 3, 3, 0, 2, 3, 0, 0, 3, 1, 3, 1, 0, 0, 0, 1, 0, 1, 1, 0, 3, 3, 1, 3, 0, 0, 3, 0, 1, 0, 2, 1, 1], "predicted_labels": [2, 1, 2, 1, 2, 2, 2, 2, 2, 1, 1, 0, 1, 3, 3, 3, 2, 0, 2, 1, 3, 3, 1, 3, 0, 0, 3, 1, 1, 2, 1, 0, 1, 1, 1, 2, 0, 3, 0, 3, 0, 1, 0, 3, 2, 2, 3, 1, 3, 3, 2, 3, 3, 2, 3, 3, 1, 2, 3, 0, 0, 3, 1, 0, 1, 0, 1, 0, 1, 1, 1, 2, 1, 1, 0, 0, 0, 0, 1, 0, 1, 2, 0, 1, 2, 3, 3, 3, 2, 1, 1, 0, 2, 1, 0, 1, 1, 3, 3, 3, 0, 2, 0, 0, 0, 3, 0, 1, 2, 3, 0, 0, 0, 3, 0, 3, 3, 2, 3, 1, 0, 0, 1, 0, 2, 0, 1, 1, 3, 1, 3, 1, 1, 3, 0, 0, 0, 1, 0, 1, 3, 1], "confidence_scores": [[7.536379642887087e-05, 6.833311423443773e-05, 0.8923885463425737, 0.107467756746763], [0.00021781672920213055, 0.9997821092475679, 1.031565433159692e-10, 7.392007335169847e-08], [0.3101264345669314, 0.275105127431135, 0.4087780433964313, 0.005990394605502303], [0.27181638716250195, 0.7095155288345416, 0.008592002373978351, 0.010076081628978042], [0.0023293622482041254, 8.803911909686914e-06, 0.9976574403354753, 4.3935044110260365e-06], [6.319238592187524e-06, 4.762370859407236e-08, 0.9999936097263967, 2.3411302612923474e-08], [0.003582677438009005, 1.570741494852541e-05, 0.9949195532375088, 0.0014820619095337203], [0.39411298353800056, 0.0006752564253333627, 0.5798749591345033, 0.0253368009021628], [5.20522961597078e-06, 4.1104284009853367e-05, 0.996275436211488, 0.0036782542748863057], [2.7266223258361257e-05, 0.9988181376658406, 3.6467251798374625e-06, 0.0011509493857211118], [0.015147510891384237, 0.6798864668496215, 0.25443732836544297, 0.050528693893551316], [0.987072894165519, 3.8303315504572376e-07, 9.601096557451445e-05, 0.012830711835751608], [0.008726700230713771, 0.9912620601404754, 4.59590378883829e-06, 6.643725021808868e-06], [4.2521837553839137e-07, 2.310906776179139e-08, 1.7717672869523188e-11, 0.9999995516548391], [0.0007008073074430667, 2.2411555617452453e-06, 0.02695361474106419, 0.972343336795931], [0.00044776303495601416, 0.03438598779080853, 1.793641191765435e-05, 0.9651483127623177], [5.626208574484833e-05, 0.00028893774530492646, 0.9996033166276883, 5.148354126192019e-05], [0.9996648168155265, 3.897651918659542e-06, 2.1800209884380698e-07, 0.00033106753045611425], [1.5543931704932824e-09, 6.670043340616441e-06, 0.9391055281168808, 0.060887800285385436], [1.2820321517309476e-05, 0.9998745019820326, 0.000105731625508721, 6.946070941469668e-06], [1.1265635785544998e-05, 5.902051630659142e-07, 0.045199194087924735, 0.9547889500711267], [7.421595822471823e-06, 0.0832757283299274, 0.16602654297736177, 0.7506903070968883], [0.00038976583175272863, 0.9731212187746043, 0.025334057115638933, 0.0011549582780039304], [1.0095510056380105e-06, 0.004742509465837305, 0.00017727731408181675, 0.9950792036690753], [0.9979903990604658, 0.0020077784876156033, 2.5337257204174926e-07, 1.5690793464822713e-06], [0.9582205498909733, 0.00022044485104625615, 2.648805467753177e-06, 0.04155635645251275], [4.6328674546781504e-05, 0.0001705191167266099, 0.20774791923990815, 0.7920352329688185], [3.4452768395402057e-05, 0.9983342424105767, 7.711306455637044e-06, 0.0016235935145723327], [0.21692534439682434, 0.7813588859382765, 5.003983524429775e-07, 0.001715269266546665], [0.0002486184020544654, 4.1900554424287196e-05, 0.9297032129948096, 0.07000626804871159], [4.0141425938989454e-07, 0.9999981865212302, 7.948484222349876e-07, 6.172160881973316e-07], [0.8331565193965081, 0.011325111780462688, 0.15551830779452888, 6.102850024459303e-08], [0.019417180995495602, 0.9778841793546535, 0.002680166395521626, 1.8473254329207977e-05], [6.950147347333386e-05, 0.6462638808375657, 0.35256801668281534, 0.0010986010061456105], [9.212739804872324e-06, 0.8817987621681526, 0.024854001458328324, 0.09333802363371424], [6.474692838473947e-06, 0.008847591237009303, 0.9911449623463036, 9.717238486974497e-07], [0.5088421884052227, 0.030539181323406193, 0.002522535100342914, 0.4580960951710283], [0.00011616755249305406, 1.094020103309859e-05, 7.527664709671694e-07, 0.9998721394800029], [0.641481819865839, 0.04212298313519219, 0.3163835084229096, 1.1688576059261116e-05], [4.0327791017776495e-12, 0.0012191071266215727, 2.731305080822252e-09, 0.9987808901380406], [0.8847185900225509, 9.90275671937894e-06, 0.0004264184492144108, 0.11484508877151534], [0.0037516430023999967, 0.9962276724365401, 1.9799966958009202e-05, 8.845941016805201e-07], [0.6879405687673441, 0.00429672196189663, 3.644005235867175e-07, 0.30776234487023574], [1.3368843444603579e-08, 0.015896127489508045, 0.00826205920660286, 0.9758417999350456], [0.008093850693058537, 0.0006378017831946947, 0.9887910156723013, 0.0024773318514452755], [0.12797059039832434, 0.049565182098440005, 0.8108504838220352, 0.011613743681200482], [5.17828965513812e-05, 0.00798349153408759, 0.2036326783348626, 0.7883320472344985], [1.0530834440368615e-05, 0.9999894561765995, 3.527935383208161e-10, 1.2636166498702999e-08], [0.007748425033665559, 0.007827150022201064, 0.0002790404695151349, 0.9841453844746182], [1.5810871548568204e-06, 0.04139775914993732, 0.00012632863153109702, 0.9584743311313768], [1.6156370716350714e-08, 0.0003449182103967884, 0.9996547228151021, 3.4281813043845346e-07], [8.724626570089914e-09, 1.4521748932475277e-06, 9.166722855545763e-07, 0.9999976224281946], [1.1041914137298378e-05, 0.1971898156634787, 8.584747988048457e-08, 0.8027990565749041], [0.00395560689571748, 0.04384240478829798, 0.9521513096540375, 5.067866194694994e-05], [0.13224918539691133, 0.01893087534481633, 7.0524800993268604e-06, 0.8488128867781729], [4.353963320721171e-05, 1.5595029652543217e-05, 1.323855497119005e-06, 0.9999395414816432], [0.0002331242938057215, 0.9855609198643306, 1.1745820867102133e-05, 0.014194210020996582], [0.002122836731159702, 3.9451122446686436e-05, 0.9978210217069856, 1.6690439408094364e-05], [2.3022958677153074e-05, 0.0033293523275925527, 0.00026056205509388425, 0.9963870626586363], [0.6769717263724235, 0.00015147583255083246, 6.291965819987631e-08, 0.32287673487536744], [0.9909694149882873, 5.003499378385415e-07, 0.0008635922013605669, 0.008166492460414211], [0.010119684187054397, 0.3110555658205264, 0.03429008288646397, 0.6445346671059552], [1.5464598055665474e-06, 0.9921628896628902, 0.0005006573081232619, 0.007334906569180945], [0.8078113449843276, 0.00629111209976945, 1.220097462418553e-11, 0.185897542903702], [0.0006861332359484753, 0.8964479265180851, 1.4717118738652046e-08, 0.10286592552884763], [0.6970008750736714, 0.0012472117722159108, 0.2977878935717741, 0.003964019582338501], [0.047487350355929867, 0.5192784434826313, 0.0727295338376254, 0.36050467232381345], [0.9116781650986395, 8.610398171005321e-05, 0.07643250629247227, 0.011803224627178125], [7.682260624522996e-06, 0.7792209938182084, 0.21784043880583828, 0.0029308851153287104], [0.2698175149695125, 0.7260732108335447, 0.00143076691510479, 0.002678507281837884], [2.2766865643834868e-05, 0.9984721636681122, 0.0005266729989272089, 0.0009783964673165744], [0.00015747762297692363, 0.009056503450327167, 0.9907859249217821, 9.400491384488814e-08], [0.1310894712292305, 0.8688683530474409, 1.213219463287431e-05, 3.0043528695829832e-05], [0.0004969755114477573, 0.9988898667682262, 0.0006131574465641701, 2.737617525971568e-10], [0.9494469903661382, 0.000247059996004957, 5.396748555654154e-06, 0.05030055288930142], [0.5528739743124029, 0.012936515300634038, 0.0028663531424835413, 0.4313231572444794], [0.9321652875266779, 0.029908389969515847, 0.03732061481769539, 0.000605707686110773], [0.998381945274766, 0.0015636540741862718, 2.931031404995991e-07, 5.4107547907098925e-05], [2.442746371350157e-05, 0.991523909253987, 0.0021929210671374918, 0.006258742215162131], [0.700469267553911, 0.003369535868664229, 0.23924035820413134, 0.05692083837329359], [0.00013724030895178249, 0.9817295753872918, 0.018132046375617963, 1.1379281385799282e-06], [0.000333891468346871, 0.0002344686664892784, 0.9792669609508339, 0.020164678914330016], [0.8614668407208831, 1.6826432056568006e-10, 6.487213221652523e-12, 0.13853315910436545], [0.007699243945588593, 0.5094399288504761, 0.13384335474121498, 0.34901747246272025], [0.00010317842800373083, 0.09755825830607637, 0.9023370741867852, 1.489079134740465e-06], [6.928724716018973e-07, 1.5994359198102484e-08, 7.717555132119416e-14, 0.9999992911330919], [0.03117836098444381, 8.170887985006635e-06, 1.8869282431598906e-05, 0.9687945988451395], [0.02666649167330137, 0.0679385666336397, 0.01374101082136945, 0.8916539308716895], [9.386104465152329e-08, 0.00017024770054049473, 0.9997789557287186, 5.07027096963092e-05], [1.3712585193455404e-06, 0.9999280245404926, 7.043102686656667e-05, 1.7317412161085176e-07], [6.236594747272224e-06, 0.9988670933288788, 5.255321873206887e-05, 0.001074116857641761], [0.8942468186809543, 0.017382712643048605, 9.10991915383622e-05, 0.08827936948445866], [0.00028496996414655165, 1.1921557343909408e-09, 0.9997148576837155, 1.7115998220030364e-07], [7.277583730929077e-09, 0.9999999586141305, 2.6532235905485044e-08, 7.576049806115688e-09], [0.9530001887467344, 8.445720375341118e-05, 1.0504575907713043e-05, 0.04690484947360441], [0.022642349535479635, 0.9309757356479376, 8.659192073926781e-07, 0.04638104889737541], [0.0042677588778964656, 0.5845276708627173, 0.28506000454097524, 0.1261445657184109], [1.1672461494469827e-05, 0.012673782558054163, 0.026014895833146208, 0.9612996491473051], [0.0012095332656954314, 0.006012601654885386, 6.201537279635984e-06, 0.9927716635421396], [6.804732898506782e-08, 0.09455964430597104, 4.865986693209539e-08, 0.905440238986833], [0.9258942397017147, 2.313292771229265e-05, 1.4757111938196239e-05, 0.07406787025863479], [0.00018591693087953765, 1.2734911324953225e-05, 0.8094839668292019, 0.19031738132859355], [0.948698435987231, 0.0019097575840532947, 0.0001577448015002847, 0.04923406162721545], [0.5311357441879417, 0.058469973114961715, 0.04295056499827614, 0.3674437176988204], [0.9485452284618726, 0.03276621106120224, 0.010729424399694454, 0.007959136077230613], [9.45193080320887e-06, 0.1479037714009144, 0.0011265898552726777, 0.8509601868130098], [0.9969474373784593, 0.0019482381446756557, 0.00010333431468050222, 0.0010009901621843822], [0.0010739885368854704, 0.9815756867817028, 0.017253014418790038, 9.73102626214452e-05], [1.9731328744201015e-06, 0.10404200492261771, 0.895886928270896, 6.909367361179365e-05], [6.858066936157189e-05, 0.04215089714798072, 0.026759711958831676, 0.9310208102238261], [0.9642358747834155, 0.03525159246595722, 0.00041660396709624655, 9.592878353104315e-05], [0.9999903136002201, 5.719120267145612e-11, 8.209332893544536e-15, 9.68634258058429e-06], [0.8936694314655296, 0.004507337033744441, 0.1017952961066379, 2.793539408796888e-05], [0.0003434403850016933, 0.09107659646754154, 0.12676328117881472, 0.781816681968642], [0.9995888089657244, 1.2489871916463574e-08, 7.372341176003158e-11, 0.00041117847068030387], [1.4563505561805761e-06, 1.7630280152811446e-09, 6.819286882640954e-09, 0.999998535067129], [1.5614680696822038e-06, 0.01309863914474995, 3.972633064686277e-06, 0.9868958267541157], [0.006345045078727347, 0.056203939371826016, 0.8955988094997028, 0.04185220604974386], [0.11339122266849416, 0.08803120533987513, 0.0628461402209957, 0.735731431770635], [2.7466986487232084e-07, 0.9999997219016395, 3.36710440234587e-10, 3.0917852044784305e-09], [0.8847971816453531, 0.08025314113515988, 0.03487616662578048, 7.351059370664341e-05], [0.9087437688187843, 0.09063642966772713, 5.0224696067805754e-06, 0.0006147790438819109], [0.010757439062453808, 0.9740468688326359, 0.00027709972411783996, 0.014918592380792484], [0.6136411727150421, 0.3794980103062031, 0.00018976829683737455, 0.006671048681917373], [1.3088997341104437e-06, 0.0035784760060504333, 0.9840519959811477, 0.01236821911306774], [0.9994181672830612, 6.720940602198624e-06, 1.302088941822465e-07, 0.0005749815674422173], [6.47642272266875e-06, 0.9982570489229886, 4.854249418453651e-07, 0.0017359892293470072], [1.1816118491973855e-06, 0.9963269909542792, 0.003669784915256187, 2.0425186153809207e-06], [0.03686615490944093, 0.0035752276828518465, 1.8128513015003319e-06, 0.9595568045564058], [7.1571985342334065e-06, 0.7475490638735026, 0.2521204471568, 0.00032333177116308], [0.4234224027005014, 1.4065587108546004e-05, 3.4878382342613152e-09, 0.5765635282245518], [5.126980565532095e-09, 0.9993589707339134, 0.0005778110682330922, 6.321307087260651e-05], [2.1216562499751957e-10, 0.9999853199995001, 3.80820572102832e-08, 1.4641706277145229e-05], [5.181905674190076e-07, 0.2365101295935903, 0.0005908348541980944, 0.762898517361644], [0.9998154819409459, 0.00011517310249839358, 1.6384753263395792e-05, 5.296020329231387e-05], [0.8615023071841617, 9.716361159361797e-07, 1.3956337534593774e-11, 0.13849672116576606], [0.6674099169107705, 0.2414748603121228, 0.08904397809410138, 0.002071244683005497], [1.4225673019391455e-10, 0.999952572869414, 4.728817514333355e-05, 1.3881318596077523e-07], [0.9931307238438378, 0.003848297349264098, 0.0017834220744960062, 0.0012375567324021176], [3.0706259348343595e-10, 0.9985098812950298, 0.0014901182852863472, 1.126211446153205e-10], [7.700867348422983e-08, 0.0002951237056977525, 8.226788102296939e-08, 0.9997047170177477], [1.6837297663946007e-05, 0.9813397501974874, 0.018634410589161102, 9.00191568763061e-06]]}}