{"test": {"ids": ["105114220", "99119830", "112116540", "100109910", "101108121", "112116640", "107114950", "99109740", "113121190", "102114270", "112118701", "97112830", "104119290", "110115580", "109117630", "111116010", "100120780", "97116410", "113120780", "104114240", "111116090", "111119340", "104113000", "102117351", "108121160", "110113591", "111117120", "104109311", "101114990", "101110740", "108115970", "113121220", "99112300", "111120220", "104111711", "103111170", "113118111", "103111540", "99107950", "113122190", "112119500", "98109311", "99113260", "103120340", "97107821", "97112290", "99120010", "100108490", "112116401", "110121450", "107114321", "113120830", "107119390", "98108580", "98111231", "104114230", "102112250", "103111930", "105115380", "108116501", "110121140", "111119290", "110115140", "106113170", "108114040", "112118471", "101110150", "103113170", "109121410", "106114280", "103120531", "104111531", "101111310", "97107040", "110115120", "103113101", "106113360", "98106880", "111118810", "100115700", "100108990", "112121430", "110117110", "99107640", "113122230", "108114180", "110118930", "108117720", "112117660", "110118880", "109118701", "108114360", "104113190", "104118340", "110117140", "107120010", "107120130", "108120260", "108115570", "106119990", "110116441", "112120700", "109118231", "97114170", "101119591", "101121640", "113117401", "106118820", "103118291", "97112300", "100111380", "112116850", "101108621", "99110050", "109120150", "99107500", "104116800", "110120190", "105121370", "112120540", "108117451", "106116850", "110120700", "111118910", "106119580", "102112030", "98119591", "112117790", "99107300", "111120280", "106121190", "104113170", "111121410", "109120621", "98110810", "103111830", "101108580", "112118550", "105115680", "102113981", "113120070", "100108520"], "labels": [3, 1, 1, 2, 0, 0, 3, 3, 1, 3, 0, 2, 1, 1, 0, 1, 1, 3, 0, 0, 3, 3, 1, 1, 2, 0, 2, 3, 3, 3, 2, 3, 0, 3, 1, 2, 1, 1, 1, 1, 2, 1, 0, 1, 2, 1, 2, 2, 0, 3, 0, 3, 2, 0, 1, 2, 0, 3, 1, 0, 3, 3, 0, 0, 0, 1, 1, 3, 0, 3, 3, 0, 3, 2, 0, 3, 0, 0, 0, 1, 2, 2, 0, 1, 1, 1, 1, 1, 0, 0, 3, 1, 3, 2, 3, 1, 2, 1, 3, 0, 3, 2, 1, 2, 0, 2, 3, 3, 0, 2, 3, 0, 0, 3, 2, 0, 1, 3, 2, 3, 2, 3, 2, 0, 3, 2, 1, 3, 3, 0, 2, 3, 0, 1, 1, 3, 0, 3, 2, 1, 2, 2], "predicted_labels": [1, 1, 3, 1, 1, 3, 3, 1, 1, 1, 1, 3, 3, 1, 0, 1, 1, 2, 3, 1, 3, 3, 3, 3, 1, 0, 3, 3, 1, 1, 1, 3, 3, 1, 1, 1, 3, 3, 1, 1, 1, 0, 0, 1, 1, 1, 1, 1, 0, 3, 3, 1, 2, 1, 0, 1, 3, 1, 3, 0, 3, 3, 3, 1, 1, 0, 3, 3, 3, 3, 1, 3, 1, 3, 0, 1, 1, 3, 3, 1, 1, 3, 1, 3, 1, 3, 1, 3, 3, 3, 3, 1, 3, 1, 1, 1, 1, 1, 3, 1, 1, 1, 3, 3, 3, 3, 3, 1, 3, 0, 3, 3, 3, 3, 1, 3, 3, 3, 1, 0, 3, 1, 1, 1, 3, 1, 0, 0, 1, 3, 1, 1, 3, 0, 1, 3, 3, 3, 1, 1, 1, 3], "confidence_scores": [[0.258785854038422, 0.3415775384249229, 0.15368893147204615, 0.24594767606460885], [0.18566710257681263, 0.2890911152439815, 0.2635664347432396, 0.2616753474359666], [0.2709549556674155, 0.29240312494416326, 0.13082497222112088, 0.3058169471673004], [0.2492049449524447, 0.25812236753973683, 0.24743178292242038, 0.2452409045853981], [0.25614937277345073, 0.2816078411856125, 0.21838335683351684, 0.2438594292074201], [0.22173937925896556, 0.302357838583833, 0.1421009314447379, 0.33380185071246365], [0.3030790489934765, 0.22707008301713347, 0.15650390434786657, 0.3133469636415239], [0.21395191058581237, 0.33086850248102584, 0.25217883945550407, 0.20300074747765776], [0.2514169046237147, 0.30194893490869856, 0.14854899167700136, 0.29808516879058544], [0.24735716118183101, 0.31793386347143426, 0.1807717458397236, 0.25393722950701103], [0.24619126522920223, 0.3107427340830487, 0.1669765872653583, 0.276089413422391], [0.2407960156852599, 0.264518562321719, 0.16866961922262952, 0.3260158027703916], [0.1935164116473292, 0.31351625184207915, 0.17410167102829213, 0.31886566548229955], [0.2520288740791685, 0.2549368883833088, 0.24970300536593512, 0.24333123217158775], [0.2896370050491663, 0.2610459076653219, 0.2125904967037258, 0.23672659058178627], [0.19475268026692064, 0.3258866732721307, 0.16931710733988775, 0.31004353912106086], [0.2229238877953971, 0.3146048360673174, 0.158582242279105, 0.3038890338581805], [0.2543163031675396, 0.2502077986784395, 0.26595333409889316, 0.2295225640551279], [0.23296517392269564, 0.2916946841425666, 0.17250226949701872, 0.3028378724377191], [0.23369846092396324, 0.32080572703432814, 0.20324214633253326, 0.24225366570917536], [0.2718017574336368, 0.2871294430639869, 0.11601946208359067, 0.3250493374187856], [0.29303168596150386, 0.24469925998573294, 0.1548087594015356, 0.30746029465122776], [0.23606613815064684, 0.26629156861146747, 0.18208757420473856, 0.31555471903314714], [0.27490591600275494, 0.24010735369350794, 0.15367248203965317, 0.3313142482640839], [0.2322411219090039, 0.33177685582726224, 0.1631588801682695, 0.27282314209546443], [0.2833829468419071, 0.2498534517573485, 0.1875026687782632, 0.27926093262248125], [0.19265535187242824, 0.2943828086152134, 0.16969413456472268, 0.3432677049476357], [0.29660149624978044, 0.24615132525094718, 0.15261016149756462, 0.3046370170017078], [0.194648586494674, 0.3192228756940263, 0.23926362988015246, 0.2468649079311473], [0.24493288902007626, 0.3144679288144878, 0.23556473173225634, 0.20503445043317964], [0.25072760660992605, 0.28696153836232824, 0.19992435734432168, 0.2623864976834239], [0.22836738245269383, 0.23608323230339592, 0.1548690194581623, 0.38068036578574804], [0.1991724866803013, 0.28960440208323374, 0.19838887544391023, 0.31283423579255504], [0.2701967345415233, 0.32576636709216544, 0.14739269998407176, 0.25664419838223956], [0.2380366530427073, 0.2999297048815827, 0.20275512953872138, 0.25927851253698875], [0.2410115306635139, 0.28164083137469675, 0.1976093418511093, 0.2797382961106804], [0.28120049196830493, 0.28532278974964187, 0.1433207404526507, 0.2901559778294028], [0.241515702985627, 0.2555204133428211, 0.20664558135233396, 0.2963183023192181], [0.17859253609778541, 0.3039537919894556, 0.24677520302590367, 0.2706784688868555], [0.21143898975779596, 0.30877327174951585, 0.22544231637251103, 0.25434542212017724], [0.17463396932137673, 0.3994760564258588, 0.17194888741313452, 0.25394108683962985], [0.284797056761113, 0.21903043106197617, 0.2601877743294376, 0.2359847378474733], [0.28320665855092736, 0.2573093335163058, 0.21576602005997222, 0.24371798787279494], [0.23915104399334172, 0.30545105411069684, 0.22123386012820465, 0.23416404176775685], [0.27039101711056507, 0.2740967866812652, 0.2214667874846308, 0.23404540872353924], [0.21571634247975477, 0.2979511596463985, 0.18840573540450328, 0.29792676246934346], [0.2319795295765754, 0.31612945357876754, 0.23142340991932875, 0.22046760692532844], [0.23979900603465235, 0.28638130192571426, 0.18856618225760474, 0.2852535097820288], [0.359735673317145, 0.22332992024366727, 0.1370468962441889, 0.279887510194999], [0.23297680559623693, 0.28472581438560796, 0.1848653230384544, 0.29743205697970077], [0.14238433421115396, 0.3280019441985273, 0.1445815635969393, 0.38503215799337975], [0.19431424258372662, 0.31981724326121586, 0.17040814151315803, 0.3154603726418995], [0.24723397326029262, 0.24798085923336216, 0.25572262750888436, 0.24906253999746092], [0.22891860934597497, 0.3192489781601679, 0.19964801763495557, 0.25218439485890154], [0.32230756374589303, 0.2624557885698934, 0.17409386786573366, 0.24114277981848], [0.2449311178275934, 0.32599818343278614, 0.17811983819218025, 0.25095086054744004], [0.25003946490908513, 0.2558118817530522, 0.17752791630594936, 0.3166207370319136], [0.2574081587450672, 0.2940428101539126, 0.2124715910129588, 0.23607744008806153], [0.2544957059224692, 0.29048606888715944, 0.1588392194103596, 0.29617900578001183], [0.30648156593572634, 0.2437451151611374, 0.15616252516415297, 0.29361079373898347], [0.2550076862017125, 0.2802456525519076, 0.1721134258090072, 0.29263323543737296], [0.1544045798453366, 0.2957589440921962, 0.15523471534904948, 0.3946017607134179], [0.22119638885017673, 0.24290409284575787, 0.18697978035013654, 0.34891973795392917], [0.20654969802974402, 0.38567097673586503, 0.1456666754758611, 0.2621126497585298], [0.16585717043699447, 0.32500863349507625, 0.19969071285118908, 0.3094434832167402], [0.2906469568723299, 0.26732053831712776, 0.1586815807282794, 0.28335092408226303], [0.2775389335814712, 0.2685495409855132, 0.16802008055719683, 0.28589144487581913], [0.17640625876156055, 0.29255088911953403, 0.2086020813245717, 0.32244077079433375], [0.20756006653797246, 0.2957622043863423, 0.19915770589939302, 0.29752002317629245], [0.1916749666802592, 0.2531301934686338, 0.1881018533027272, 0.3670929865483798], [0.26040911419046725, 0.29204863307995566, 0.17731850948007402, 0.2702237432495028], [0.24387786676676548, 0.2660363506547758, 0.16977569714774998, 0.3203100854307089], [0.2522114995733978, 0.28459896245822724, 0.1834544810938946, 0.2797350568744804], [0.2245151673568947, 0.2201836945236658, 0.24365276020971763, 0.3116483779097222], [0.29981842093420297, 0.27293693032974814, 0.14418215481194877, 0.2830624939241001], [0.208472097545995, 0.34434495670161197, 0.16992462447816725, 0.277258321274226], [0.2802645591761032, 0.30268486035400777, 0.159283354922999, 0.2577672255468901], [0.22279851049556412, 0.250247941792004, 0.2528067001379044, 0.2741468475745278], [0.25813973006010144, 0.25157392080510044, 0.13996920096750576, 0.3503171481672924], [0.24675814527849418, 0.29636873806256137, 0.16926993858227124, 0.2876031780766733], [0.21788166705687195, 0.303640434967032, 0.18971737239415057, 0.28876052558194565], [0.2847446576377713, 0.21470742632854148, 0.15458306022302376, 0.34596485581066344], [0.2254926928582555, 0.3467082273494955, 0.211856391404349, 0.21594268838790007], [0.21602972895847383, 0.24230751235824663, 0.21853584031637494, 0.3231269183669046], [0.21586728742035735, 0.38788376801376684, 0.15653218959868687, 0.23971675496718908], [0.19785602613118983, 0.22603645866949887, 0.18158401832461657, 0.39452349687469473], [0.19640416456615498, 0.355617969830946, 0.1522150757333644, 0.2957627898695347], [0.25775459030406567, 0.2583594047962637, 0.18396273672445848, 0.29992326817521225], [0.2718384379652646, 0.195740499652022, 0.19728156742881464, 0.33513949495389883], [0.25349639343583513, 0.27010779607652713, 0.19200848605484364, 0.2843873244327942], [0.19913932775925147, 0.30723496462094213, 0.1816067409268597, 0.31201896669294665], [0.2170236041991412, 0.3034673977891893, 0.24323109003004104, 0.23627790798162868], [0.2924028913108141, 0.2733171951918347, 0.13441611117240612, 0.2998638023249452], [0.1976241500792492, 0.341363546925258, 0.2194614910042297, 0.24155081199126324], [0.22680805227309922, 0.31725798686917295, 0.17958211249548395, 0.2763518483622439], [0.2256846747038148, 0.2766359356989394, 0.25044379266628536, 0.24723559693096064], [0.24188908730199926, 0.2977786278650125, 0.1971994489847195, 0.26313283584826874], [0.27950024486426417, 0.2939453533131545, 0.1601229114563718, 0.2664314903662094], [0.2684174266364912, 0.27339759361517973, 0.1622838003601738, 0.2959011793881552], [0.2490948321963333, 0.3236469197804965, 0.1624215750969292, 0.26483667292624113], [0.25784513084565414, 0.340149946351882, 0.16101037373610994, 0.24099454906635398], [0.20917297414392633, 0.33176965343419584, 0.2162797239069107, 0.2427776485149673], [0.22791277970143423, 0.2516685525881655, 0.23726581081306913, 0.2831528568973312], [0.22328743196139428, 0.2698805825640724, 0.21589262872072393, 0.29093935675380955], [0.26533027307793045, 0.2457295996707274, 0.20302856044682893, 0.2859115668045134], [0.19530793575361594, 0.25431982378711304, 0.23273208502225004, 0.3176401554370212], [0.22884774039815153, 0.27886034740118854, 0.17883766242586976, 0.31345424977479014], [0.21830576179998767, 0.33895245641876204, 0.1649777805109731, 0.2777640012702771], [0.2424816681548564, 0.2856484777298157, 0.1812389812731918, 0.29063087284213607], [0.3120274089926626, 0.2501582465036841, 0.2031730597807684, 0.23464128472288498], [0.28181052508526494, 0.2530962247809186, 0.1628282976433051, 0.3022649524905115], [0.21292478892606026, 0.2245088137911094, 0.18307068934322182, 0.3794957079396086], [0.23617383974733153, 0.27149120019770434, 0.19413581560617807, 0.29819914444878626], [0.1596665359001084, 0.2893820044528291, 0.2511090951311887, 0.29984236451587404], [0.24395721088978203, 0.3210422095335717, 0.17061786635415263, 0.2643827132224937], [0.1623463017067469, 0.29706125577542286, 0.24274689987730877, 0.2978455426405215], [0.1919693510235997, 0.2929218729105957, 0.19382475395436452, 0.3212840221114402], [0.2301062442196091, 0.30746044879869155, 0.1510087790222929, 0.3114245279594066], [0.21607953991074708, 0.3398287356931872, 0.18738049686546587, 0.2567112275305999], [0.2957757108341222, 0.26168915292278466, 0.16473462246986117, 0.27780051377323195], [0.2969946486381118, 0.216943435722725, 0.1356117062714731, 0.35045020936769], [0.2037356958706982, 0.3035038990332979, 0.19157470721648198, 0.301185697879522], [0.2637966873555251, 0.31800004684797495, 0.17581884231475492, 0.24238442348174513], [0.24537897538809042, 0.3086185410922188, 0.17040251615757648, 0.2755999673621143], [0.24037718375722408, 0.275658558858349, 0.19670157003334693, 0.28726268735107996], [0.2525824754703214, 0.30620806988694865, 0.16541292174427294, 0.2757965328984572], [0.32297449991854477, 0.27562981624202865, 0.16046284655109389, 0.24093283728833265], [0.29928898429305983, 0.28830594638604073, 0.1547514604873915, 0.25765360883350785], [0.23629807899770783, 0.30937931599341667, 0.19452415102497944, 0.259798453983896], [0.23205596213551513, 0.2860748208119894, 0.12999613364834084, 0.35187308340415485], [0.1884980471790928, 0.3227851759711429, 0.24086249799137188, 0.2478542788583926], [0.1906557822795771, 0.3454996929165997, 0.20541374644888183, 0.25843077835494127], [0.2654954561647539, 0.25357527762611204, 0.14124191432222483, 0.3396873518869095], [0.2918721220157966, 0.257075360974305, 0.16037855841288626, 0.29067395859701206], [0.25160824135036763, 0.3475647719695411, 0.2272704258802624, 0.17355656079982887], [0.3036793769208317, 0.21847863877572218, 0.13162768531202157, 0.3462142989914245], [0.29020483666881214, 0.19863289612876162, 0.21822632394802954, 0.2929359432543968], [0.21307291940264883, 0.24968455368686673, 0.150799323870165, 0.3864432030403196], [0.17040300489183996, 0.3653337212582822, 0.22821774239330206, 0.2360455314565758], [0.2686914765131946, 0.2812417305279477, 0.18540332446830418, 0.26466346849055356], [0.21737197266883854, 0.33863809162613967, 0.179236365304482, 0.26475357040054], [0.2618957842249484, 0.23122672066709574, 0.22174975847556957, 0.2851277366323865]]}, "rewritten": {"ids": ["97107040", "97107821", "97112290", "97112300", "97112830", "97114170", "97116410", "98106880", "98108580", "98109311", "98110810", "98111231", "98119591", "99107300", "99107500", "99107640", "99107950", "99109740", "99110050", "99112300", "99113260", "99119830", "99120010", "100108490", "100108520", "100108990", "100109910", "100111380", "100115700", "100120780", "101108121", "101108580", "101108621", "101110150", "101110740", "101111310", "101114990", "101119591", "101121640", "102112030", "102112250", "102113981", "102114270", "102117351", "103111170", "103111540", "103111830", "103111930", "103113101", "103113170", "103118291", "103120340", "103120531", "104109311", "104111531", "104111711", "104113000", "104113170", "104113190", "104114230", "104114240", "104116800", "104118340", "104119290", "105114220", "105115380", "105115680", "105121370", "106113170", "106113360", "106114280", "106116850", "106118820", "106119580", "106119990", "106121190", "107114321", "107114950", "107119390", "107120010", "107120130", "108114040", "108114180", "108114360", "108115570", "108115970", "108116501", "108117451", "108117720", "108120260", "108121160", "109117630", "109118231", "109118701", "109120150", "109120621", "109121410", "110113591", "110115120", "110115140", "110115580", "110116441", "110117110", "110117140", "110118880", "110118930", "110120190", "110120700", "110121140", "110121450", "111116010", "111116090", "111117120", "111118810", "111118910", "111119290", "111119340", "111120220", "111120280", "111121410", "112116401", "112116540", "112116640", "112116850", "112117660", "112117790", "112118471", "112118550", "112118701", "112119500", "112120540", "112120700", "112121430", "113117401", "113118111", "113120070", "113120780", "113120830", "113121190", "113121220", "113122190", "113122230"], "labels": [2, 2, 1, 2, 2, 2, 3, 0, 0, 1, 1, 1, 1, 3, 0, 1, 1, 3, 3, 0, 0, 1, 2, 2, 2, 2, 2, 3, 1, 1, 0, 0, 0, 1, 3, 3, 3, 0, 2, 2, 0, 1, 3, 1, 2, 1, 3, 3, 3, 3, 0, 1, 3, 3, 0, 1, 1, 3, 3, 2, 0, 1, 2, 1, 3, 1, 2, 2, 0, 0, 3, 3, 3, 3, 0, 2, 0, 3, 2, 1, 2, 0, 1, 1, 3, 2, 0, 2, 1, 1, 2, 0, 1, 3, 2, 1, 0, 0, 0, 0, 1, 3, 0, 3, 0, 1, 3, 2, 3, 3, 1, 3, 2, 0, 0, 3, 3, 3, 0, 0, 0, 1, 0, 0, 0, 3, 1, 3, 0, 2, 3, 2, 2, 3, 1, 2, 0, 3, 1, 3, 1, 1], "predicted_labels": [3, 0, 3, 1, 3, 3, 2, 1, 1, 3, 0, 0, 0, 3, 1, 3, 1, 1, 3, 1, 3, 1, 1, 1, 3, 3, 0, 0, 1, 3, 0, 0, 1, 3, 1, 0, 1, 3, 3, 1, 3, 1, 1, 3, 1, 3, 3, 1, 1, 3, 0, 1, 1, 1, 1, 1, 3, 1, 3, 1, 0, 3, 1, 3, 1, 3, 1, 1, 1, 1, 3, 1, 1, 3, 1, 1, 3, 3, 3, 1, 3, 1, 3, 1, 3, 1, 0, 0, 3, 1, 3, 3, 1, 3, 1, 1, 3, 3, 1, 3, 3, 1, 1, 3, 3, 1, 3, 1, 1, 3, 1, 3, 3, 3, 1, 3, 0, 1, 3, 3, 0, 3, 3, 3, 3, 3, 0, 3, 1, 1, 1, 1, 3, 3, 3, 1, 1, 1, 0, 3, 0, 1], "confidence_scores": [[0.19903395225121606, 0.23631224125158046, 0.2584717216146473, 0.3061820848825564], [0.30133288459876106, 0.2818062333950696, 0.18450256351060346, 0.232358318495566], [0.2583611826861462, 0.2819879108884374, 0.1452042648393321, 0.3144466415860845], [0.28261394626137404, 0.296352224275738, 0.21072500271092914, 0.21030882675195894], [0.25873493708703355, 0.22739983039379713, 0.19381437297885454, 0.32005085954031487], [0.21494275369511961, 0.27102548012167166, 0.1912346825891688, 0.32279708359403997], [0.26240073122526614, 0.21713426738516584, 0.2817270932696807, 0.2387379081198874], [0.2795894382806927, 0.290608538223479, 0.2010563490406298, 0.22874567445519867], [0.22964179947730567, 0.316884195797769, 0.2262621058669442, 0.2272118988579813], [0.26211458254581, 0.23335588730032802, 0.22585937933873054, 0.27867015081513163], [0.3045117643869374, 0.2998471157322341, 0.23611574496376472, 0.15952537491706376], [0.3221186362543277, 0.2679716219777285, 0.16248341229151841, 0.2474263294764254], [0.3067041065586792, 0.22999521489232613, 0.20788825853624351, 0.2554124200127514], [0.26312593390688543, 0.26034573063501815, 0.1905784207380638, 0.2859499147200325], [0.23334681431782578, 0.3001795470160419, 0.16759445062265926, 0.29887918804347297], [0.2444920517062215, 0.2520107681942483, 0.216614424610852, 0.28688275548867825], [0.17653977882282837, 0.38021588194559647, 0.23030575747340587, 0.2129385817581693], [0.22001688469132977, 0.3065027100050777, 0.2495694659175258, 0.22391093938606665], [0.22406834809568876, 0.26429962497443243, 0.21735028555702268, 0.2942817413728565], [0.20549843571216836, 0.3334696263768451, 0.19305812785224205, 0.26797381005874477], [0.28172963125292216, 0.24394210392131122, 0.1888930790191013, 0.2854351858066655], [0.15563807490490242, 0.3221819811464142, 0.2711221157912997, 0.25105782815738376], [0.2194033859251108, 0.3135029705435779, 0.25120548382302854, 0.21588815970828304], [0.23919164340579457, 0.30727987652722955, 0.1985907502288099, 0.2549377298381661], [0.2426282525448693, 0.2428119502168887, 0.23307561042703143, 0.2814841868112108], [0.25865496194640564, 0.2399785551350397, 0.1859112848784405, 0.3154551980401142], [0.2613615888331626, 0.249637591057982, 0.2373466883979447, 0.25165413171091094], [0.29267598971152536, 0.2732966588198338, 0.1611097826075936, 0.27291756886104723], [0.2384951579735112, 0.28452174544940745, 0.20039962500631836, 0.2765834715707632], [0.19693687703963875, 0.30421781639690454, 0.17271853560402498, 0.3261267709594318], [0.34023978896448986, 0.2337998644540119, 0.16304751748060112, 0.2629128291008973], [0.3162681417378914, 0.1893357825150851, 0.2273991685685638, 0.2669969071784599], [0.21798571465059127, 0.3037490711000093, 0.18884005708441776, 0.28942515716498174], [0.25826557131045713, 0.2700542519862269, 0.19675183818222888, 0.2749283385210871], [0.2202986975827886, 0.32734930737514517, 0.23583389908385022, 0.21651809595821614], [0.2882828225859858, 0.2603308975842524, 0.17563086630873087, 0.2757554135210309], [0.20302931142591907, 0.30366385853151134, 0.21576839081854693, 0.2775384392240226], [0.23673717381208628, 0.2476630202544665, 0.2084395725357797, 0.3071602333976676], [0.22148684353842346, 0.26283929208640955, 0.17896585158758768, 0.33670801278757945], [0.2611567570939234, 0.30253083474742065, 0.1434462846758654, 0.29286612348279045], [0.24834518336760858, 0.2681837335151339, 0.1635617780020416, 0.319909305115216], [0.20767165375086663, 0.30511108064306425, 0.209504667052911, 0.27771259855315794], [0.23917873845502646, 0.3069364514971083, 0.18204263016524538, 0.2718421798826199], [0.25057700452162857, 0.28854561836440346, 0.16034373693171095, 0.30053364018225687], [0.2557912738767348, 0.28799908415869885, 0.17391704342696734, 0.2822925985375991], [0.2637640643273926, 0.2384826365336328, 0.18686195561906085, 0.3108913435199138], [0.2871689820778654, 0.24737122858732183, 0.12773097438724698, 0.3377288149475659], [0.24807651410278195, 0.30924734386853886, 0.18407633250721478, 0.2585998095214645], [0.23214976867783682, 0.3183069174309645, 0.18222880262544122, 0.2673145112657576], [0.21686992665516688, 0.24213673758231655, 0.23043999088012673, 0.3105533448823898], [0.2645337304735447, 0.2629885521313473, 0.2152570678571476, 0.2572206495379604], [0.22715278153193214, 0.3455832884244514, 0.1646259905922101, 0.2626379394514064], [0.2559235856344616, 0.31698527884520367, 0.16049311979752423, 0.2665980157228105], [0.2899629682737088, 0.2903691817487363, 0.13292011000320147, 0.28674773997435354], [0.2627305220182769, 0.30719039761528316, 0.1442446940386258, 0.2858343863278141], [0.2774801153382233, 0.28070627019164823, 0.2001899286406217, 0.2416236858295068], [0.24037486464001018, 0.2528763392770807, 0.1745427096482665, 0.33220608643464283], [0.25325089284386776, 0.3270097981730277, 0.1593271112280917, 0.2604121977550129], [0.25777188802631923, 0.2775316303311533, 0.1719484834776335, 0.2927479981648942], [0.23103826352762016, 0.2814064240392016, 0.22578492453609397, 0.2617703878970842], [0.3039657380759524, 0.24416972896673259, 0.19067069240950965, 0.26119384054780564], [0.23611597968408599, 0.2639423919615921, 0.15603750835598099, 0.34390411999834103], [0.18709770657030572, 0.32203637636467997, 0.1932234047050968, 0.2976425123599178], [0.23163642412628524, 0.25805573694867107, 0.2226845438069008, 0.2876232951181429], [0.26197983306104106, 0.35478257693128024, 0.1578238969264787, 0.22541369308120018], [0.24425533885980028, 0.2871506128932904, 0.17025718536560908, 0.2983368628813001], [0.13940500048328, 0.33789877095296916, 0.24976446085312984, 0.2729317677106211], [0.19312717149551475, 0.35022563056459916, 0.192120782586344, 0.26452641535354215], [0.1976709501995325, 0.36127015372181004, 0.15987968252379534, 0.281179213554862], [0.2546476426963039, 0.29382229885603484, 0.18440642466548937, 0.2671236337821719], [0.2583366905706411, 0.2911144800965965, 0.1585408312870099, 0.29200799804575267], [0.1831342906722951, 0.32675451941649064, 0.17422246749586606, 0.3158887224153482], [0.24754974420594864, 0.324366978616468, 0.13244291711943937, 0.29564036005814387], [0.2534577462486819, 0.2708255729375748, 0.18447017286134224, 0.2912465079524012], [0.23474146351510133, 0.29398262851698415, 0.17912060425080764, 0.2921553037171071], [0.18080609733021416, 0.33158526610111444, 0.2069199158246246, 0.2806887207440471], [0.20246920357921774, 0.2725352768869762, 0.15499721690671403, 0.3699983026270921], [0.2743637111638135, 0.2437795112169278, 0.13714185239138607, 0.3447149252278728], [0.2505185914463878, 0.23398684664408884, 0.23208011861191633, 0.28341444329760695], [0.21376820020699727, 0.31411745287346937, 0.2161716764005323, 0.2559426705190015], [0.21248058077807958, 0.2906857068905463, 0.20143007332248739, 0.2954036390088868], [0.23172713105637172, 0.3024772113260519, 0.17525343812900004, 0.2905422194885764], [0.23787978540132282, 0.23856112576686436, 0.15747735863081805, 0.36608173020099477], [0.2517156339499609, 0.3045633779558938, 0.20827337859350742, 0.23544760950063792], [0.20569739805243548, 0.29643837869958917, 0.18611076219154776, 0.31175346105642765], [0.2067623266922542, 0.32691958196917126, 0.1894911669210842, 0.2768269244174903], [0.29287595986155046, 0.2794323865247359, 0.14507454544009246, 0.28261710817362135], [0.33565815501889046, 0.22929709630082093, 0.10832342795272551, 0.32672132072756294], [0.2535752422070465, 0.254010743167969, 0.17997192994974257, 0.312442084675242], [0.2488251283258467, 0.28781901981667884, 0.21657366553717908, 0.24678218632029547], [0.2534894910053623, 0.28659391320615035, 0.1471868943422026, 0.31272970144628465], [0.23477538493746652, 0.25075887872212904, 0.21485857945210918, 0.29960715688829537], [0.21330813905250387, 0.30108333979472574, 0.22830757378189717, 0.25730094737087333], [0.2481479819918782, 0.25332762000873216, 0.1960502162064011, 0.3024741817929886], [0.2767202547659399, 0.2779551419654406, 0.19914064301779408, 0.24618396025082562], [0.2881964910922672, 0.2966254028739546, 0.15628816860228237, 0.2588899374314959], [0.21656557439718177, 0.2606899544676163, 0.21233023147636682, 0.31041423965883513], [0.2908667952417715, 0.26803506170144753, 0.13845280715673156, 0.3026453359000495], [0.2696460942115847, 0.3047480997170002, 0.14892357510011528, 0.27668223097129996], [0.25207556039156975, 0.24119397573079548, 0.2278592442388232, 0.2788712196388116], [0.24723050953188058, 0.288248623071416, 0.16868997193519072, 0.29583089546151276], [0.2649446286487862, 0.3274413076992675, 0.14318730573160177, 0.26442675792034437], [0.223115680691841, 0.2913928426638345, 0.22369983001827548, 0.26179164662604915], [0.21153265461083628, 0.2695601278612336, 0.20689072157609226, 0.31201649595183795], [0.24998931801825205, 0.27094834266086465, 0.1912957686777835, 0.28776657064309974], [0.22112737358384682, 0.343393770484732, 0.13135521422430438, 0.30412364170711687], [0.21157307979195072, 0.26662470944324396, 0.16223696758237538, 0.35956524318243], [0.2167708771687116, 0.31513597883747574, 0.19477402620750056, 0.27331911778631207], [0.26547125614258676, 0.3347721390238956, 0.17309875912809633, 0.22665784570542136], [0.25982713230484733, 0.2905303786393043, 0.15035428567332806, 0.29928820338252027], [0.2580878265441271, 0.307991143728079, 0.15328494386220895, 0.28063608586558486], [0.22505115616286106, 0.30637745735032973, 0.1398470878512286, 0.3287242986355806], [0.1826450768213547, 0.2935864577240699, 0.20898244530293256, 0.31478602015164314], [0.237100506024829, 0.2463804245528146, 0.15042466941250013, 0.36609440000985627], [0.22759215743584654, 0.3102468133984511, 0.15390239822269078, 0.30825863094301165], [0.1474185515752892, 0.26131099597943175, 0.1833402611222877, 0.40793019132299135], [0.31151123854006657, 0.2653150569609728, 0.17230920091852428, 0.2508645035804365], [0.25072020125243955, 0.3381796216037536, 0.15265890537474897, 0.25844127176905785], [0.22026358095766058, 0.30224781021027003, 0.12973087814167292, 0.3477577306903969], [0.2524606332902772, 0.2684531443790268, 0.17277857858044904, 0.30630764375024716], [0.34833992665496377, 0.18849077337727052, 0.1663401050578283, 0.29682919490993753], [0.25269228996224075, 0.27881038533837754, 0.14203132349440056, 0.3264660012049812], [0.25277348515833703, 0.28065572325259064, 0.1556786360658811, 0.3108921555231914], [0.22857383574649617, 0.2490951481759473, 0.1462531705698742, 0.37607784550768236], [0.2886043694574774, 0.24885157225732268, 0.16741986736216352, 0.29512419092303654], [0.28131498251502174, 0.2561392288680227, 0.15310516564501328, 0.3094406229719422], [0.3338122432751064, 0.23100923198763088, 0.20519537065127458, 0.22998315408598835], [0.24414940720542988, 0.2549601622526038, 0.1636588010629078, 0.33723162947905855], [0.2668060158890282, 0.3073997886946157, 0.1602433099148862, 0.2655508855014701], [0.19555340035720284, 0.3973579906490153, 0.17663019237371722, 0.23045841662006467], [0.2739005584092718, 0.2915578710393707, 0.16865163616847093, 0.2658899343828866], [0.19515122985868796, 0.29776821702653206, 0.22973407983595145, 0.27734647327882894], [0.28784376068061635, 0.23007592918473618, 0.19371814841582186, 0.2883621617188258], [0.24714086695531376, 0.23549561527310472, 0.18671788669816855, 0.33064563107341305], [0.27038219609134556, 0.24519602474218524, 0.16852725043419184, 0.3158945287322774], [0.23903776905164117, 0.2999295783915251, 0.20552874863133777, 0.25550390392549593], [0.19114131276759724, 0.36707775115514013, 0.2015889494951669, 0.24019198658209576], [0.22356221770947035, 0.2998479436741236, 0.18864927646932195, 0.2879405621470841], [0.29666358915735214, 0.2923908072883631, 0.15157522158863757, 0.25937038196564716], [0.25030883702689777, 0.24040588193280596, 0.18169004245515782, 0.3275952385851385], [0.2612699195825005, 0.24820635781100403, 0.23407432759231775, 0.25644939501417785], [0.2498253423289932, 0.3481794389313952, 0.15793368997119125, 0.24406152876842033]]}}