{"test": {"ids": ["103111480", "113121220", "109116750", "106111321", "110117140", "103109791", "112120290", "111115770", "110118161", "108121410", "103111930", "111121220", "106118820", "97116500", "112118820", "99120010", "104118070", "97112290", "100108990", "106119580", "112119500", "104114320", "108120621", "110118630", "109114220", "108119550", "112120700", "110117870", "107116300", "108120280", "105113440", "113119300", "99110050", "107115250", "100108260", "101111210", "103111540", "111117571", "110115580", "111116100", "110118450", "105115570", "104111711", "109116930", "106117650", "113120591", "105116441", "103117200", "103110760", "104111780", "100109330", "107121700", "104114410", "106113190", "104113000", "106115120", "101109120", "102109840", "99109370", "112117210", "113122220", "106113260", "108116070", "111116090", "99108460", "111121351", "100109000", "108114360", "102110890", "111114171", "108116120", "110115120", "102110240", "112116290", "111114121", "112119120", "106119260", "113121980", "107113130", "102116340", "101121640", "109119591", "112117471", "105112260", "104114240", "110115980", "110119300", "113118870", "100109360", "104112470", "111120260", "109113281", "107119950", "108120060", "108121351", "111115780", "109119010", "111116110", "105116980", "99117740", "113119120", "101108580", "112118530", "108118810", "109119340", "112118880", "113117630", "106121220", "108114270", "113121680", "99112840", "106114880", "99111930", "98112580", "108114180", "101108370", "102109850", "111119300", "99108710", "104111880", "109118701", "108115870", "100108580", "101112160", "104113210", "99108890", "107118780", "111119430", "111118810", "107120130", "98107210", "112117790", "108115880", "113119480", "107117010", "113122160", "111119340", "112118471", "113117340", "99107300", "105115380", "108117451"], "labels": [0, 3, 0, 0, 3, 3, 1, 3, 0, 0, 3, 3, 3, 2, 0, 2, 2, 1, 2, 3, 2, 2, 1, 1, 3, 1, 2, 3, 0, 3, 0, 1, 3, 2, 3, 2, 1, 3, 1, 3, 0, 0, 1, 0, 1, 0, 1, 0, 1, 3, 0, 3, 1, 0, 1, 1, 1, 2, 1, 1, 1, 3, 1, 3, 0, 0, 1, 1, 0, 3, 1, 0, 3, 0, 0, 1, 1, 2, 1, 3, 2, 0, 3, 3, 0, 1, 1, 0, 0, 1, 3, 0, 3, 1, 3, 1, 3, 3, 0, 2, 3, 0, 1, 1, 3, 1, 0, 1, 3, 1, 2, 0, 1, 2, 1, 1, 1, 1, 2, 3, 3, 3, 0, 3, 3, 0, 1, 3, 0, 2, 1, 3, 3, 3, 1, 3, 3, 1, 2, 3, 1, 2], "predicted_labels": [0, 0, 0, 3, 3, 0, 3, 0, 1, 1, 1, 1, 1, 1, 1, 1, 3, 1, 1, 1, 2, 2, 3, 1, 3, 3, 3, 3, 3, 3, 1, 1, 3, 1, 0, 3, 3, 0, 1, 0, 1, 1, 1, 0, 1, 3, 1, 1, 3, 1, 0, 1, 3, 3, 3, 3, 3, 1, 1, 1, 1, 1, 1, 0, 3, 1, 3, 3, 0, 0, 0, 3, 1, 1, 1, 1, 3, 0, 1, 3, 1, 1, 1, 1, 3, 1, 3, 3, 3, 1, 1, 0, 3, 1, 1, 3, 3, 3, 3, 0, 0, 0, 1, 1, 3, 0, 3, 1, 1, 1, 2, 1, 1, 1, 1, 3, 2, 1, 1, 1, 1, 3, 3, 1, 3, 1, 3, 3, 3, 1, 1, 3, 0, 0, 1, 3, 3, 1, 1, 0, 2, 0], "confidence_scores": [[0.314159488925448, 0.30270925957345085, 0.041057895055292275, 0.342073356445809], [0.3207769067743752, 0.2596024384455324, 0.09783768990345476, 0.3217829648766377], [0.2892834552336735, 0.2283903857370677, 0.2217472995179407, 0.26057885951131815], [0.24431332824309385, 0.27844884348183757, 0.2007609114408448, 0.2764769168342238], [0.3073133808090938, 0.29595008535265394, 0.07601017292504247, 0.3207263609132098], [0.27057701948838386, 0.2625982351906969, 0.199315294657161, 0.2675094506637582], [0.29263522287379085, 0.2890069443604354, 0.11057075555709042, 0.30778707720868353], [0.3275896293179615, 0.2784468774840856, 0.04412983026287409, 0.34983366293507895], [0.2862055795033165, 0.32523294508754347, 0.06384123085190187, 0.3247202445572382], [0.2903764751511404, 0.32168863258621183, 0.06658162163287946, 0.3213532706297682], [0.26831994864986286, 0.2816936149220232, 0.1622122066904417, 0.28777422973767236], [0.248184975297865, 0.32504793529110737, 0.12096359324883055, 0.30580349616219704], [0.20797901357712525, 0.3408182741762681, 0.14947202765295903, 0.30173068459364805], [0.2445032407276649, 0.2712354604412008, 0.22603093314752815, 0.2582303656836063], [0.29289309421782345, 0.30810538974726853, 0.08329073425041161, 0.3157107817844962], [0.26491382692287047, 0.28519578182183986, 0.168582623539696, 0.2813077677155939], [0.12527737224466018, 0.2469884656149977, 0.3984244852119533, 0.22930967692838894], [0.1643553891409109, 0.26284704950156135, 0.36126373995975514, 0.21153382139777266], [0.2316403690958864, 0.2714954778574929, 0.2429946634232611, 0.2538694896233597], [0.1608151931513308, 0.3233829251748641, 0.3117519054167412, 0.20404997625706395], [0.14734860166509992, 0.25143876765169454, 0.45731549089817564, 0.1438971397850296], [0.1802677064178052, 0.2214847540636628, 0.41881304192822605, 0.1794344975903057], [0.3015011761474299, 0.2711835983008261, 0.12023158147113788, 0.3070836440806059], [0.1529559898647066, 0.27605168068121316, 0.34072018260987263, 0.23027214684420713], [0.30868040660013624, 0.27187763649714936, 0.09733557467927505, 0.32210638222343935], [0.1534651671993557, 0.25546387238817203, 0.35781520670829764, 0.23325575370417506], [0.2973894178934076, 0.28970538223199827, 0.09145704316425167, 0.3214481567103423], [0.2650237533068955, 0.23902156341234485, 0.21202164058424364, 0.2839330426965163], [0.2822440954818699, 0.31690086556587843, 0.08492462280578886, 0.31593041614646256], [0.3193952630702968, 0.23660614941616354, 0.12080866776890653, 0.32318991974463296], [0.19375586639476292, 0.3083028056860283, 0.23889729881079735, 0.25904402910841123], [0.27984912347474555, 0.3035923952826304, 0.10506150944669945, 0.3114969717959247], [0.2540677296789312, 0.27710939787952943, 0.1818758203247729, 0.2869470521167663], [0.23985836277668113, 0.3131250459758981, 0.15778463709630114, 0.2892319541511194], [0.2608776275423691, 0.2662646107936921, 0.20864690747926015, 0.26421085418467866], [0.2195794181551868, 0.26953475797018056, 0.22606810450575932, 0.28481771936887307], [0.2607857059498549, 0.25996337454871693, 0.2024244341542417, 0.2768264853471865], [0.2964360262200166, 0.29613018219000353, 0.08695728521780832, 0.3204765063721713], [0.2419148445303288, 0.279256810769829, 0.23941113979909523, 0.2394172049007468], [0.30492646720006483, 0.28671084282233117, 0.08974716400033718, 0.3186155259772667], [0.20173351915027654, 0.3283730357412883, 0.2258687252756256, 0.24402471983280952], [0.14320689553322116, 0.2559212565443121, 0.39331057720541085, 0.20756127071705596], [0.26493230215824065, 0.2945856481177102, 0.1579341727068979, 0.28254787701715145], [0.33730498762117844, 0.2728301385935917, 0.03547851768697714, 0.354386356098253], [0.20493773211406432, 0.25335896065922614, 0.329634604629084, 0.21206870259762603], [0.21171913807401993, 0.24935069458737338, 0.27389064153712683, 0.26503952580147977], [0.27101654831880045, 0.3284568025886736, 0.08655746572479404, 0.31396918336773216], [0.26352850800174477, 0.3515623752739399, 0.06623355119436339, 0.31867556552995163], [0.29997155947578014, 0.253848426129268, 0.1365842091719798, 0.30959580522297186], [0.28161569884818966, 0.30372327544407324, 0.11811356643438166, 0.29654745927335574], [0.3044110214942183, 0.305743000827723, 0.05329372179229771, 0.33655225588576104], [0.18239346768942363, 0.3039687527739898, 0.23576407579184194, 0.27787370374474407], [0.16386598517073425, 0.26064925511246856, 0.33117634756336206, 0.24430841215343527], [0.2161273566094002, 0.267928744147483, 0.23483223906862546, 0.2811116601744916], [0.27839480193505506, 0.28706537457928344, 0.12893810965097166, 0.30560171383468965], [0.29486958532708896, 0.3306946447736772, 0.04728508913406775, 0.327150680765166], [0.2894622002353942, 0.2800773583381185, 0.12728347631062442, 0.30317696511586256], [0.1958043104037612, 0.29437665833681953, 0.2658108712408861, 0.24400816001853312], [0.24260549664216302, 0.33512728953051485, 0.14307330181939434, 0.27919391200792787], [0.16418661535993592, 0.2891765448420251, 0.2986201794037464, 0.24801666039429265], [0.272965896891526, 0.3116438081920844, 0.11717451730759508, 0.29821577760879503], [0.20854253611007498, 0.304299223614194, 0.227485249714626, 0.2596729905611049], [0.23429796421348095, 0.2984405164802948, 0.17712953487455566, 0.2901319844316683], [0.31077540747005555, 0.285138369096876, 0.07698239506738092, 0.32710382836568735], [0.27815550847377934, 0.29196695420291924, 0.12164294574279795, 0.3082345915805034], [0.28930536671721346, 0.30423207375805245, 0.10109133325372646, 0.3053712262710076], [0.2279074800922516, 0.2930555614127817, 0.1798902605539808, 0.29914669794098586], [0.16924225900839707, 0.24109342816466947, 0.3615295959233835, 0.22813471690355003], [0.3278703409663803, 0.23582548986589844, 0.11302378047074849, 0.3232803886969728], [0.28617096456670316, 0.2865567538832694, 0.1307202706006616, 0.29655201094936606], [0.3236212415110644, 0.2784409365545476, 0.047739894319288025, 0.35019792761510016], [0.22772824499728458, 0.2665277361467539, 0.22756802551053232, 0.27817599334542936], [0.2513918337208605, 0.2666252989815374, 0.23203960978462945, 0.24994325751297258], [0.1432340845110797, 0.2692240808340027, 0.37622734263373314, 0.2113144920211843], [0.2817905760330614, 0.3216281652366268, 0.07941901147384858, 0.3171622472564631], [0.25441279983588866, 0.2754246426014284, 0.1960486799916696, 0.27411387757101324], [0.26851376783859904, 0.17518692509871145, 0.2795846323110425, 0.27671467475164674], [0.307329547094476, 0.32780278447041833, 0.01712344490449258, 0.3477442235306131], [0.18254986709469617, 0.26160324901283194, 0.33665844866055206, 0.21918843523191972], [0.21160156387257598, 0.29114018411389153, 0.20217861355716102, 0.2950796384563713], [0.17484442423707108, 0.3026147660789957, 0.25188777056859707, 0.27065303911533617], [0.21291385091960946, 0.2980054642052739, 0.2848903073047987, 0.20419037757031797], [0.2720313991990221, 0.29826989224015393, 0.14706371552478892, 0.2826349930360351], [0.24319720626118752, 0.32701259043911746, 0.13014560392706198, 0.29964459937263316], [0.2418775743441426, 0.25730875513318435, 0.22415424225148486, 0.2766594282711884], [0.24098874624080227, 0.25716840160810306, 0.24513131116197542, 0.25671154098911925], [0.24145531083904456, 0.2629646500136994, 0.20827648159263235, 0.2873035575546238], [0.2822487632793812, 0.3010160288412669, 0.10819774854233856, 0.30853745933701354], [0.2799754689264964, 0.266478400626821, 0.15279574636857696, 0.3007503840781057], [0.22600520659509563, 0.3131322033724463, 0.17955806838783525, 0.28130452164462294], [0.26564606145616, 0.30169738691123543, 0.13355888848299732, 0.29909766314960723], [0.28813336466991624, 0.2886114412054354, 0.12981508884889018, 0.29344010527575815], [0.31088985497525123, 0.3085131795240251, 0.05160361823752573, 0.3289933472631978], [0.2657549190397308, 0.2813508823223002, 0.17738496015368874, 0.2755092384842807], [0.28466106231612326, 0.3046979198012595, 0.10230937814571799, 0.3083316397368996], [0.20975415930850633, 0.27230850982409666, 0.2440014163516069, 0.2739359145157901], [0.13530279497195902, 0.23725130601646302, 0.4045703818530045, 0.22287551715857343], [0.2812737726311147, 0.23610396018639862, 0.20300749022061024, 0.2796147769618765], [0.30966706192260673, 0.3259024424384012, 0.03604826999407848, 0.32838222564491343], [0.3159477182042908, 0.27976192884204093, 0.0612317939012521, 0.3430585590524163], [0.3190736284375437, 0.3080491230733371, 0.032261814231250546, 0.3406154342578687], [0.3519595806080999, 0.20738229985907292, 0.07763249143576906, 0.36302562809705835], [0.22184968458357873, 0.3256063552486699, 0.17418642093966197, 0.27835753922808953], [0.2192336701958179, 0.3399388127296189, 0.13502983102455574, 0.30579768605000734], [0.3023268678768176, 0.27512033566275224, 0.10735697177434467, 0.3151958246860857], [0.2946726783101645, 0.2650438252759959, 0.13266737184449764, 0.3076161245693423], [0.24839128567707033, 0.24282802351767382, 0.25380029223787776, 0.2549803985673782], [0.16881482891808647, 0.3304871473620205, 0.21392934917016107, 0.2867686745497322], [0.28811243243222023, 0.32125400331513193, 0.06871585846852186, 0.32191770578412615], [0.16499788286308095, 0.25609808810811335, 0.35920433985055755, 0.21969968917824803], [0.1414873062463777, 0.23598137185793777, 0.41818871433171423, 0.20434260756397035], [0.15353003956029418, 0.26028479940582616, 0.3849718266737769, 0.20121333436010252], [0.26963941109444167, 0.3200887588202027, 0.11465848406913165, 0.2956133460162239], [0.1889593702816512, 0.30489470092812276, 0.24939906308881019, 0.25674686570141597], [0.24408023175719362, 0.3086894083569116, 0.17152344010397594, 0.27570691978191886], [0.31170765440112014, 0.31126423936613035, 0.043990499901868096, 0.3330376063308812], [0.14217772589830516, 0.19736268396537907, 0.47943516392371116, 0.18102442621260434], [0.20805563631132334, 0.3211360432691937, 0.2086449575366336, 0.2621633628828495], [0.21627135282522944, 0.356099100692185, 0.1759545447450872, 0.2516750017374984], [0.13908298230808258, 0.29425768005108177, 0.32606213843452725, 0.2405971992063086], [0.2227707506982063, 0.28449264186247736, 0.22791965785437795, 0.26481694958493857], [0.2749714570458306, 0.24952138343299207, 0.17714459101667807, 0.2983625685044988], [0.26062577164090367, 0.2548249318843643, 0.21982166825786462, 0.2647276282168674], [0.2649375821753671, 0.3137943763924266, 0.12669851386545788, 0.29456952756674865], [0.3142969109830961, 0.26157157579120616, 0.10499460998057174, 0.3191369032451258], [0.24838164422249867, 0.3285013139027864, 0.1421083769107352, 0.2810086649639795], [0.2745007834489869, 0.30927720182092416, 0.1046564826135949, 0.31156553211649424], [0.25010784688071314, 0.2898238569723611, 0.16526084761888593, 0.2948074485280397], [0.29197539768953434, 0.2528849299894924, 0.1593672596631317, 0.2957724126578416], [0.2399692320450216, 0.32897597081431645, 0.14034391275565525, 0.29071088438500664], [0.20202110330352546, 0.3171414758285261, 0.20225373072324693, 0.27858369014470186], [0.32041063347714527, 0.2612671166905365, 0.09870142127255277, 0.3196208285597656], [0.3142567348817498, 0.28300393328723483, 0.07344277205375863, 0.3292965597772565], [0.31498652600543575, 0.28776909331023126, 0.0660932693701311, 0.33115111131420166], [0.24925436450797345, 0.2904208353501505, 0.20415960845649542, 0.25616519168538016], [0.25612318367753617, 0.31930582963018805, 0.11857356968758591, 0.30599741700468985], [0.21575579724716862, 0.26251257396650574, 0.23610233191305405, 0.2856292968732716], [0.19291430015579977, 0.2611536438836288, 0.333450643934646, 0.21248141202592555], [0.2899595330724284, 0.3134716074680332, 0.07915617325058182, 0.3174126862089566], [0.3334244014357408, 0.26649276061308025, 0.056234086456145256, 0.34384875149503363], [0.12840664195190982, 0.25331648264865675, 0.4123029745486739, 0.2059739008507596], [0.31743016800646084, 0.2687500925795476, 0.08669950179103689, 0.3271202376229546]]}, "rewritten": {"ids": ["97112290", "97116500", "98107210", "98112580", "99107300", "99108460", "99108710", "99108890", "99109370", "99110050", "99111930", "99112840", "99117740", "99120010", "100108260", "100108580", "100108990", "100109000", "100109330", "100109360", "101108370", "101108580", "101109120", "101111210", "101112160", "101121640", "102109840", "102109850", "102110240", "102110890", "102116340", "103109791", "103110760", "103111480", "103111540", "103111930", "103117200", "104111711", "104111780", "104111880", "104112470", "104113000", "104113210", "104114240", "104114320", "104114410", "104118070", "105112260", "105113440", "105115380", "105115570", "105116441", "105116980", "106111321", "106113190", "106113260", "106114880", "106115120", "106117650", "106118820", "106119260", "106119580", "106121220", "107113130", "107115250", "107116300", "107117010", "107118780", "107119950", "107120130", "107121700", "108114180", "108114270", "108114360", "108115870", "108115880", "108116070", "108116120", "108117451", "108118810", "108119550", "108120060", "108120280", "108120621", "108121351", "108121410", "109113281", "109114220", "109116750", "109116930", "109118701", "109119010", "109119340", "109119591", "110115120", "110115580", "110115980", "110117140", "110117870", "110118161", "110118450", "110118630", "110119300", "111114121", "111114171", "111115770", "111115780", "111116090", "111116100", "111116110", "111117571", "111118810", "111119300", "111119340", "111119430", "111120260", "111121220", "111121351", "112116290", "112117210", "112117471", "112117790", "112118471", "112118530", "112118820", "112118880", "112119120", "112119500", "112120290", "112120700", "113117340", "113117630", "113118870", "113119120", "113119300", "113119480", "113120591", "113121220", "113121680", "113121980", "113122160", "113122220"], "labels": [1, 2, 1, 2, 3, 0, 2, 0, 1, 3, 1, 2, 2, 2, 3, 0, 2, 1, 0, 0, 1, 0, 1, 2, 3, 2, 2, 1, 3, 0, 3, 3, 1, 0, 1, 3, 0, 1, 3, 3, 1, 1, 3, 0, 2, 1, 2, 3, 0, 1, 0, 1, 0, 0, 0, 3, 0, 1, 1, 3, 1, 3, 1, 1, 2, 0, 1, 1, 3, 2, 3, 1, 3, 1, 3, 3, 1, 1, 2, 1, 1, 1, 3, 1, 3, 0, 0, 3, 0, 0, 3, 3, 3, 0, 0, 1, 1, 3, 3, 0, 0, 1, 1, 0, 3, 3, 1, 3, 3, 3, 3, 0, 1, 3, 3, 3, 3, 0, 0, 1, 3, 3, 1, 1, 0, 1, 1, 2, 1, 2, 2, 0, 0, 3, 1, 3, 0, 3, 1, 2, 3, 1], "predicted_labels": [1, 0, 1, 1, 0, 1, 0, 1, 0, 0, 1, 1, 1, 0, 1, 3, 2, 3, 1, 0, 1, 0, 0, 3, 0, 3, 0, 0, 1, 0, 2, 2, 3, 1, 0, 1, 1, 0, 1, 1, 3, 1, 3, 1, 3, 1, 1, 0, 3, 1, 2, 1, 0, 1, 0, 1, 3, 0, 3, 1, 0, 1, 3, 2, 1, 0, 1, 0, 3, 0, 3, 1, 0, 1, 3, 0, 1, 0, 3, 1, 0, 1, 0, 0, 3, 1, 0, 0, 0, 0, 1, 1, 0, 1, 0, 0, 0, 3, 3, 1, 1, 1, 1, 3, 0, 0, 0, 0, 0, 3, 0, 0, 1, 0, 1, 1, 1, 1, 1, 1, 1, 3, 1, 1, 0, 0, 3, 1, 1, 0, 3, 1, 0, 3, 1, 0, 3, 0, 2, 0, 1, 1], "confidence_scores": [[0.22581137063045678, 0.2732949847051617, 0.2899306526205511, 0.2109629920438306], [0.24831773237613772, 0.2488009103535672, 0.26266695146272245, 0.24021440580757267], [0.20942886776961311, 0.30393438886729895, 0.2551614832073019, 0.23147526015578612], [0.1410944141944437, 0.27056324664879655, 0.3743753694963165, 0.21396696966044368], [0.31863806608240647, 0.28700676351543775, 0.05121172282385135, 0.34314344757830473], [0.23321885974038936, 0.32974618756409685, 0.13692114420668378, 0.30011380848882974], [0.28343863892687016, 0.28836105307249826, 0.1422531997725131, 0.28594710822811836], [0.2616243097445929, 0.30644663517076004, 0.14915610142539856, 0.2827729536592487], [0.27816248257774884, 0.2739642472653414, 0.1615036756847768, 0.28636959447213345], [0.25901486067411034, 0.25250744568802164, 0.24524314437305267, 0.24323454926481525], [0.28741759782216597, 0.3172827203728474, 0.07708476164808045, 0.3182149201569063], [0.20697374061427898, 0.25314546792569365, 0.30940957258824686, 0.23047121887178001], [0.28070114149025016, 0.3086243368087036, 0.10178129391133096, 0.30889322778971545], [0.28232244878412616, 0.2791684538787123, 0.15627834832395612, 0.28223074901320516], [0.25904640092992703, 0.2932419936402106, 0.17395738846209496, 0.2737542169677676], [0.21557594314951325, 0.24741791229104926, 0.30035333896635685, 0.2366528055930806], [0.13216702447026876, 0.23379139581501124, 0.4765820783716486, 0.1574595013430713], [0.21867855745415582, 0.25799789324402983, 0.2504986193170962, 0.27282492998471797], [0.271739935933662, 0.3162143158660495, 0.10963268384034246, 0.3024130643599465], [0.28499183053405447, 0.24884223463001515, 0.18944194633481803, 0.2767239885011122], [0.2910105101575541, 0.297316463006391, 0.10399885429073312, 0.3076741725453219], [0.350540332179387, 0.22846225602454262, 0.06155538012437195, 0.3594420316716986], [0.274106959437928, 0.27351721628017794, 0.17492250547442154, 0.2774533188074724], [0.1916386287401455, 0.19832062812041254, 0.3723786030758174, 0.23766214006362482], [0.3007270527526811, 0.2971468015858407, 0.0769040811979055, 0.32522206446357277], [0.20399322692156058, 0.2693222338730952, 0.25077857086543914, 0.275905968339905], [0.28249339198391676, 0.2815405532166331, 0.16528256025906654, 0.2706834945403834], [0.3080687223599519, 0.2601712190434069, 0.12725938402571949, 0.3045006745709218], [0.1868125928583058, 0.26635445450797446, 0.3354635758680927, 0.21136937676562684], [0.32860172544894417, 0.23005326388709563, 0.11994372516156729, 0.321401285502393], [0.14679474663672645, 0.22065381661355837, 0.4397575407335273, 0.1927938960161881], [0.13795168508973035, 0.21046764411810398, 0.48617992644171826, 0.1654007443504471], [0.18657504575012884, 0.23776634337959326, 0.3318490515438691, 0.24380955932640913], [0.2910897970584969, 0.30980510963814856, 0.08053894205456917, 0.31856615124878485], [0.24868730553210874, 0.22525786228990438, 0.27595571365435567, 0.2500991185236313], [0.23166396957887925, 0.2759311877701453, 0.22176776443883495, 0.27063707821214067], [0.2149851455325697, 0.33507153990973726, 0.19010408203030785, 0.2598392325273851], [0.2931858904145648, 0.2536854941101631, 0.1574553123135511, 0.2956733031617211], [0.2713157812507104, 0.2938627920234113, 0.168787600615775, 0.26603382611010334], [0.24227703235252607, 0.2828642801024617, 0.22084230730765045, 0.25401638023736184], [0.26316628213579973, 0.28787856655884236, 0.14876443157884373, 0.3001907197265141], [0.20859762046131047, 0.28244696538932024, 0.26592842086343804, 0.24302699328593122], [0.2664658617002042, 0.26436088691689086, 0.17738998280105078, 0.2917832685818544], [0.15518844882689875, 0.2666584296338958, 0.39272390433618876, 0.1854292172030167], [0.2674853637434453, 0.2587231768829768, 0.19774658483580165, 0.27604487453777615], [0.2519416529339487, 0.28266131524138477, 0.20150234292106708, 0.26389468890359924], [0.20912831141130875, 0.2629945641066758, 0.29938692850370935, 0.22849019597830608], [0.2930088229101914, 0.31282151032750455, 0.09386600892431711, 0.30030365783798685], [0.17033061340384334, 0.2874093288368866, 0.2767865808610408, 0.2654734768982293], [0.18133995116558582, 0.238056149411125, 0.36994111918369843, 0.21066278023959073], [0.12888694805359036, 0.22499126116813906, 0.45924065014938087, 0.18688114062888958], [0.16869359844881715, 0.2820186226971558, 0.3237728535028563, 0.2255149253511709], [0.30661833511483244, 0.25894394703170753, 0.12439396451640469, 0.31004375333705525], [0.2346293116712401, 0.2621165800155746, 0.2601149791244121, 0.24313912918877276], [0.24762215192318418, 0.22334620054947948, 0.27941267506630013, 0.2496189724610362], [0.20790371533106003, 0.2626986332220272, 0.2867073545408742, 0.24269029690603824], [0.1767391618670434, 0.2527969277329081, 0.33570810270707097, 0.23475580769297788], [0.30783144731554696, 0.29156851631247005, 0.07277406051912151, 0.32782597585286144], [0.24599922191032622, 0.21784320192983023, 0.2817225365810282, 0.25443503957881536], [0.24823016461757183, 0.2758411466091778, 0.19854520161542896, 0.27738348715782124], [0.32012218606059795, 0.2270116415401618, 0.14444495900290807, 0.3084212133963322], [0.2120489753931003, 0.2536402052899862, 0.3106649286170866, 0.22364589069982693], [0.2044136092110794, 0.26342916461184995, 0.26043846892933237, 0.2717187572477382], [0.20310105018117203, 0.20151269606243574, 0.39903799976771964, 0.19634825398867264], [0.14488632781642197, 0.2691869235544271, 0.36921154152949714, 0.21671520709965403], [0.31885165758907635, 0.27325468734258046, 0.08024524589388023, 0.32764840917446303], [0.28137556321159696, 0.31698061346465517, 0.10728126181014276, 0.294362561513605], [0.3245167987416647, 0.2745024940418976, 0.05584275458062407, 0.34513795263581337], [0.2723122188197697, 0.27878526553240224, 0.15270666421096457, 0.29619585143686333], [0.28995719631431294, 0.26563785595512307, 0.15563251732294842, 0.28877243040761574], [0.1912779676329915, 0.2669313661917805, 0.28894983335968905, 0.25284083281553915], [0.20422952319456997, 0.3046384943266953, 0.29093058248038656, 0.2002013999983482], [0.2984144819694474, 0.3185858787424923, 0.03826241376180716, 0.34473722552625313], [0.16044627728072255, 0.2450925962977722, 0.3962615394575674, 0.1981995869639378], [0.2218458983407971, 0.22306513829475597, 0.29675667806025546, 0.2583322853041914], [0.2688530969556164, 0.2586010288423439, 0.23744802049892488, 0.235097853703115], [0.18064540408636456, 0.2795883274780998, 0.29696781276514095, 0.24279845567039451], [0.26490436816697804, 0.2428276741460349, 0.22411463390357653, 0.26815332378341056], [0.24165578373667862, 0.24253601523959842, 0.24513015070381403, 0.27067805031990905], [0.25914386752253393, 0.3017885312262033, 0.1559625023481815, 0.28310509890308155], [0.25205792463342, 0.24667061021976946, 0.24040492211193115, 0.2608665430348794], [0.24257260118757898, 0.2855743640264193, 0.23075748508178753, 0.24109554970421404], [0.35808270371612433, 0.24105862031837083, 0.046614601529112655, 0.3542440744363925], [0.2688377579779129, 0.2442116019528692, 0.24306750397590168, 0.24388313609331616], [0.2871362426167795, 0.29882207339225614, 0.10314947457955365, 0.31089220941141094], [0.284794911734845, 0.30351089052368196, 0.10173877975099549, 0.3099554179904776], [0.2828408017308601, 0.23683051678596578, 0.2376624859806116, 0.24266619550256244], [0.3041409476646934, 0.2619717796226057, 0.12314613645440306, 0.3107411362582978], [0.31227558587343573, 0.2705759838107304, 0.10717763643361507, 0.30997079388221865], [0.32116683770314786, 0.27579807911334175, 0.0482298803746329, 0.35480520280887756], [0.17982209805239538, 0.27344919391388295, 0.30883653989632404, 0.23789216813739814], [0.14690300675300466, 0.2478534724681732, 0.39177886126043493, 0.21346465951838728], [0.28092982723351234, 0.26465434301005814, 0.19139622860618236, 0.2630196011502473], [0.2316013343969202, 0.2536347280669845, 0.279424377477932, 0.23533956005816356], [0.2720158488511308, 0.27364243025572893, 0.19163430794629147, 0.2627074129468488], [0.2713896062421405, 0.24973102559605292, 0.2411743041066181, 0.23770506405518851], [0.2933662119099383, 0.2197855179124568, 0.22752774999002806, 0.2593205201875766], [0.28076520148012357, 0.28283161899348247, 0.13462803406901716, 0.30177514545737677], [0.2163345561628301, 0.24740737318010983, 0.2996358338059714, 0.23662223685108885], [0.2319200939963315, 0.3019588035085968, 0.21089115967203065, 0.25522994282304146], [0.20652039724621685, 0.2966821633098849, 0.26603675944370336, 0.23076068000019492], [0.15479724248076746, 0.27483936628123584, 0.33542215558522054, 0.23494123565277605], [0.2026990805943173, 0.2745214027131775, 0.2946060696860293, 0.2281734470064762], [0.27606559725461766, 0.2667845949970576, 0.1701044571474675, 0.2870453506008574], [0.31490443859723016, 0.27345628857432774, 0.10613869544418036, 0.3055005773842616], [0.32830262413605005, 0.2515690698391806, 0.0858979246404703, 0.33423038138429906], [0.2471003616602006, 0.25223982534929945, 0.2627108852967014, 0.23794892769379872], [0.3155745612763518, 0.2762704849267342, 0.06953114634593001, 0.33862380745098386], [0.32301154441898344, 0.2639523383200593, 0.08618318401756672, 0.3268529332433901], [0.21883173467848124, 0.23928996422141793, 0.3120622711074764, 0.22981602999262432], [0.26030286666906455, 0.26869121738250434, 0.2001935593692699, 0.27081235657916125], [0.30791250854122654, 0.23100734877598977, 0.2172528259381836, 0.24382731674460037], [0.24563515281635084, 0.30212233538866384, 0.16940047477118994, 0.2828420370237951], [0.28975511778018437, 0.25365185830905734, 0.16629213224165101, 0.29030089166910716], [0.2048906075001183, 0.28213730974896717, 0.2870673886675641, 0.22590469408335034], [0.2078727026327282, 0.2932044843241021, 0.28313683015958624, 0.21578598288358336], [0.2864985253723811, 0.29660223181352807, 0.1107113654658442, 0.30618787734824654], [0.2074230901516572, 0.27233860314028996, 0.2998617026244232, 0.22037660408362977], [0.13327390306096842, 0.25998514503758874, 0.4176247778033294, 0.18911617409811365], [0.1625951862499205, 0.2876175240901757, 0.36690484955146935, 0.18288244010843455], [0.19941982209749334, 0.26665571781196673, 0.30077130848146594, 0.23315315160907407], [0.2816971758267942, 0.2533654014179613, 0.16937260554048386, 0.2955648172147606], [0.1878507672837718, 0.2742476871725099, 0.341732862053964, 0.19616868348975416], [0.20895250442353597, 0.3227302368050111, 0.23451524597898368, 0.23380201279246945], [0.2967402043118264, 0.2866770090157093, 0.1104198211154652, 0.30616296555699923], [0.30169408093641537, 0.24862760484124263, 0.15707588856247118, 0.292602425659871], [0.20992107986574784, 0.24432624394933566, 0.3197968621778145, 0.225955814007102], [0.16846119509309865, 0.24542901309529921, 0.4056361372559535, 0.18047365455564887], [0.23532313518700382, 0.28195358892663536, 0.24296469091198694, 0.23975858497437405], [0.30402977765276035, 0.2701080855740507, 0.10958404219336339, 0.31627809457982553], [0.24698155492447982, 0.2780244738897898, 0.19275724273347417, 0.2822367284522563], [0.16609852964800295, 0.26256010916241307, 0.35653719889152147, 0.2148041622980627], [0.2920720395137499, 0.3007107274614413, 0.13315366646424787, 0.2740635665605609], [0.3120379486726237, 0.2857579729196196, 0.07616475799591016, 0.32603932041184663], [0.22978731366789093, 0.28483853461805164, 0.2243427965993225, 0.261031355114735], [0.29059577583185636, 0.25763136106256307, 0.16328938641329385, 0.2884834766922871], [0.2667669617044661, 0.263018538776093, 0.1745128965745284, 0.29570160294491254], [0.2658624049914548, 0.22697914813979345, 0.24467369458689253, 0.2624847522818592], [0.18011373642365838, 0.22699572419868502, 0.38676015057583235, 0.20613038880182405], [0.30818515960870646, 0.2786103453693039, 0.09133672018740993, 0.32186777483457946], [0.19331490905139082, 0.2810303724903077, 0.2847140124273289, 0.2409407060309724], [0.24029175948380302, 0.26768180081898924, 0.23146865220397578, 0.260557787493232]]}}