{"test": {"ids": ["102110890", "102109840", "102110500", "108121351", "111120260", "103118110", "105117431", "104113240", "101109370", "101108621", "97106770", "113118630", "112119610", "97106970", "107116980", "112116850", "99111340", "101112540", "113122170", "103113610", "109119010", "106115250", "102112301", "109118820", "105116501", "111119150", "112116990", "113121950", "99105921", "104111880", "108114180", "113118820", "112119320", "109120540", "101114020", "113121680", "105116860", "113121010", "101110150", "110116170", "112119120", "113119300", "105111990", "97118210", "109114270", "111115780", "107120010", "107114200", "113121980", "103120730", "99110730", "110120531", "109116441", "97110950", "103110840", "109117080", "97106820", "105110251", "112117580", "103117461", "113118511", "113119360", "107119390", "111121190", "112116290", "100113370", "102112030", "110115580", "101111990", "109117271", "99109311", "113121750", "99119830", "98109570", "97113260", "105116441", "103112470", "112117790", "98111231", "112120670", "112117210", "112120540", "108116120", "97108520", "104111531", "100111390", "108117720", "100109360", "104118070", "113122650", "112118511", "104113000", "106121220", "101108080", "97106600", "104111830", "102110050", "107121640", "106116120", "101111310", "101112201", "110118111", "107114280", "98120530", "104116800", "111116040", "105118740", "110118450", "112120700", "109117110", "108113700", "105112100", "110117870", "112120640", "108115880", "106117650", "101113210", "111119250", "98121790", "98116500", "107114110", "104113550", "102118380", "108120700", "112116451", "99109370", "111120591", "113122120", "106119260", "99109740", "99113260", "109119591", "113122180", "111117120", "108115970", "102111990", "111116100", "112116800", "104111550", "97105960", "102112170", "108113740"], "labels": [0, 2, 3, 3, 3, 2, 1, 2, 1, 0, 3, 3, 0, 2, 3, 0, 1, 2, 1, 2, 3, 2, 1, 3, 1, 3, 0, 3, 1, 3, 1, 0, 1, 1, 3, 1, 2, 2, 1, 0, 1, 1, 2, 2, 3, 1, 1, 2, 2, 1, 3, 0, 3, 3, 1, 1, 1, 0, 0, 0, 1, 0, 2, 1, 0, 3, 2, 1, 2, 0, 1, 0, 1, 1, 1, 1, 1, 3, 1, 2, 1, 3, 1, 2, 0, 2, 1, 0, 2, 2, 1, 1, 1, 0, 3, 3, 3, 1, 1, 3, 0, 1, 3, 1, 1, 0, 1, 0, 2, 1, 0, 1, 3, 0, 3, 1, 3, 1, 2, 2, 1, 1, 1, 2, 0, 1, 1, 1, 1, 3, 0, 0, 2, 2, 2, 2, 3, 0, 1, 2, 3, 3], "predicted_labels": [0, 3, 3, 3, 1, 3, 0, 1, 0, 3, 0, 3, 2, 1, 0, 3, 1, 3, 3, 3, 3, 3, 3, 0, 3, 3, 3, 3, 0, 3, 3, 3, 3, 3, 0, 3, 0, 3, 0, 3, 3, 0, 3, 3, 3, 0, 2, 3, 3, 3, 3, 3, 0, 0, 3, 3, 1, 3, 0, 3, 1, 0, 3, 3, 0, 3, 1, 3, 3, 3, 1, 1, 3, 3, 3, 3, 0, 3, 0, 1, 1, 3, 0, 0, 3, 3, 3, 3, 2, 3, 1, 3, 3, 1, 1, 3, 3, 0, 0, 0, 3, 0, 1, 3, 3, 3, 3, 1, 0, 1, 1, 3, 3, 0, 0, 3, 3, 3, 3, 3, 3, 0, 1, 3, 0, 0, 0, 1, 0, 1, 3, 1, 1, 1, 3, 0, 0, 1, 1, 1, 0, 3], "confidence_scores": [[0.27836814574314583, 0.2543726551226551, 0.20759379509379516, 0.25966540404040406], [0.22359257409257424, 0.2462200577200578, 0.2138410617160616, 0.31634630647130646], [0.25270448995449, 0.19769216894216896, 0.20324734987234994, 0.34635599123099126], [0.2637639166389167, 0.2924617882117882, 0.12515388777888772, 0.3186204073704074], [0.29357657620157623, 0.3000704920079921, 0.15904688367188363, 0.24730604811854806], [0.2603761724386725, 0.24878715728715747, 0.1679279401154401, 0.3229087301587301], [0.3210348124098124, 0.2603541825821239, 0.16438762626262618, 0.2542233787454375], [0.1838919413919414, 0.28071138583638583, 0.26784050671550674, 0.26755616605616606], [0.28496194083694076, 0.2379615800865802, 0.1974962121212121, 0.27958026695526694], [0.2787577700077701, 0.2731385093664506, 0.14011399711399708, 0.3079897235117823], [0.3497904734154734, 0.28420487151737156, 0.18715463702963706, 0.178850018037518], [0.2796114718614719, 0.24875009018759026, 0.16472222222222224, 0.30691621572871575], [0.2557892662892663, 0.23386477411477416, 0.2646921689421689, 0.24565379065379073], [0.2644267676767676, 0.31153861906067803, 0.21440818903318903, 0.2096264242293654], [0.33373099123099137, 0.3047711871461873, 0.1642713952713952, 0.19722642635142634], [0.23514809496059502, 0.23988708513708518, 0.1985644841269841, 0.32640033577533584], [0.227254329004329, 0.31780079642579656, 0.1757413974913975, 0.2792034770784772], [0.2260826118326119, 0.28077128427128434, 0.21063906926406925, 0.28250703463203464], [0.20998237873237888, 0.26333003108003106, 0.15363378288378288, 0.3730538073038074], [0.25426598401598416, 0.25721879509379514, 0.22696521534021533, 0.2615500055500055], [0.16626538739038735, 0.2857117465867467, 0.23604806304806303, 0.31197480297480296], [0.21882896270396274, 0.24349511599511597, 0.22540250027750028, 0.31227342102342104], [0.2741684704184704, 0.2590770202020203, 0.14405826118326115, 0.32269624819624826], [0.27221596867185105, 0.23998443223443228, 0.23354477466977472, 0.25425482442394204], [0.30012265512265524, 0.21259487734487734, 0.13821067821067815, 0.3490717893217894], [0.23524819624819623, 0.2512047258297259, 0.15762114274614267, 0.35592593517593507], [0.25241982323232326, 0.2376018842268843, 0.18963369269619265, 0.3203445998445998], [0.26012993950493957, 0.2421292596292596, 0.20324852924852926, 0.29449227161727176], [0.3272990967365967, 0.2520663780663781, 0.17038623876123876, 0.2502482864357864], [0.2504067321567323, 0.24353875291375293, 0.19993976856476858, 0.30611474636474645], [0.16545403901653902, 0.23759989316239316, 0.15897420634920628, 0.4379718614718614], [0.2899345584970585, 0.19381607281607283, 0.12915608003108, 0.3870932886557886], [0.19148515373515373, 0.2252290764790765, 0.2605170107670109, 0.3227687590187591], [0.24720177045177047, 0.24369327200577207, 0.20641412060162054, 0.302690836940837], [0.2952659978909979, 0.23895759795759805, 0.18057772782772782, 0.2851986763236764], [0.24163715451215453, 0.27491641691641705, 0.1543212481962482, 0.3291251803751804], [0.2837673160173161, 0.2824964063714063, 0.15696592296592288, 0.27677035464535477], [0.2206685340802988, 0.236898199023199, 0.16319698357198356, 0.37923628332451886], [0.29035425685425686, 0.289807178932179, 0.1295876068376068, 0.29025095737595735], [0.23008001720501728, 0.2532698412698413, 0.21187501387501384, 0.3047751276501277], [0.2138680555555556, 0.20716630591630586, 0.24700829725829732, 0.33195734126984133], [0.3475424436674436, 0.1952703268953269, 0.180631673881674, 0.2765555555555555], [0.2694007104007105, 0.2440023448773449, 0.13844318181818183, 0.348153762903763], [0.23335281385281387, 0.2108194444444445, 0.2649491203241203, 0.29087862137862136], [0.29150649350649355, 0.18589718614718617, 0.15149801587301584, 0.37109830447330444], [0.2886011002886004, 0.26656583694083685, 0.16975225468975466, 0.27508080808080815], [0.1585819458319458, 0.2546874236874237, 0.30975790875790876, 0.27697272172272186], [0.24742099567099574, 0.29768461399711393, 0.13821825396825393, 0.31667613636363645], [0.27099525474525465, 0.2381630591630592, 0.19990499777999773, 0.2909366883116884], [0.26995345626595646, 0.2846955266955267, 0.14267577561327552, 0.3026752414252413], [0.22080753968253972, 0.2525135281385282, 0.21702231102231098, 0.3096566211566213], [0.26566659729159736, 0.21068235930735926, 0.1236883533133533, 0.39996269008769014], [0.326166756854257, 0.2619238816738817, 0.1462600108225108, 0.26564935064935064], [0.30911309523809527, 0.22039664502164502, 0.2020079365079365, 0.26848232323232335], [0.28962220418470425, 0.27142288961038963, 0.1415196608946608, 0.29743524531024534], [0.2205297619047619, 0.26305259528053654, 0.20813347763347767, 0.3082841651812239], [0.20116269841269832, 0.2848178765678766, 0.2426407620157621, 0.27137866300366315], [0.27953138528138527, 0.2020254329004329, 0.18877849927849932, 0.32966468253968256], [0.298246447996448, 0.2648692141192142, 0.179613344988345, 0.2572709928959929], [0.22725145116321585, 0.2615285547785548, 0.1693575591075591, 0.3418624349506702], [0.22053503441003447, 0.3240167430608607, 0.186101245976246, 0.2693469765528589], [0.3234931457431458, 0.2365183982683983, 0.17945647408147408, 0.26053198190698185], [0.24217558136308134, 0.21505971805971805, 0.20155393217893228, 0.34121076839826847], [0.23435503385503384, 0.24119985569985572, 0.17553926628926622, 0.3489058441558442], [0.2854773351648352, 0.2333068181818182, 0.22730258630258632, 0.2539132603507604], [0.24638870851370848, 0.24661507936507937, 0.18083513708513702, 0.326161075036075], [0.2045018037518037, 0.3118190143190144, 0.24981229881229883, 0.2338668831168831], [0.3036352120102121, 0.21326053113553115, 0.16821789321789316, 0.3148863636363636], [0.20141963591963596, 0.2844553918303919, 0.17315263902763905, 0.3409723332223333], [0.24891201159951165, 0.23187189893439902, 0.1803140886890887, 0.3389020007770009], [0.25857474469974473, 0.3055617250396663, 0.1939490786990787, 0.2419144515615104], [0.25120815295815296, 0.3138401875901876, 0.14654510767010762, 0.28840655178155167], [0.2243874666999668, 0.24156737012987015, 0.19538823676323677, 0.3386569264069264], [0.2248295454545455, 0.25111944305694306, 0.1743349567099567, 0.34971605477855483], [0.23214749139749144, 0.22330975968475972, 0.2148694083694083, 0.32967334054834063], [0.24721061454884988, 0.24819140989729221, 0.18293793216587337, 0.32166004338798465], [0.2930981004289828, 0.27962716450216457, 0.1632549256299256, 0.26401980943892717], [0.28389700577200583, 0.21769291125541126, 0.17273782467532467, 0.3256722582972582], [0.31105892718392714, 0.22389038739038736, 0.17699052336552332, 0.28806016206016216], [0.22972817460317457, 0.262665404040404, 0.24664051226551226, 0.26096590909090905], [0.19091332686920923, 0.3202441378066378, 0.24639106032856037, 0.24245147499559266], [0.2558845598845599, 0.26015476190476206, 0.18426406926406919, 0.29969660894660893], [0.29984577922077926, 0.22731024531024535, 0.20502213064713076, 0.2678218448218448], [0.29141206709956713, 0.25211580086580093, 0.2197371031746032, 0.2367350288600289], [0.267418858918859, 0.21095190920190923, 0.18311932511932505, 0.3385099067599069], [0.23945436507936507, 0.24627934565434573, 0.19903144078144075, 0.31523484848484856], [0.23253252303252306, 0.2653363442113443, 0.1701810411810412, 0.33195009157509153], [0.2647872474747474, 0.22160894660894662, 0.22760326479076476, 0.28600054112554124], [0.16551280663780663, 0.27571482683982684, 0.3080439560439562, 0.2507284104784105], [0.2071802503052503, 0.2643358585858587, 0.20282443944943945, 0.32565945165945165], [0.23567124542124546, 0.2959898018648019, 0.19987473637473646, 0.26846421633921635], [0.24072807054057052, 0.20443205405705406, 0.16457382894882894, 0.3902660464535465], [0.29378823953823946, 0.22359938672438673, 0.13520544733044734, 0.3474069264069265], [0.251458263958264, 0.299902528027528, 0.17956625319125322, 0.26907295482295485], [0.2482503746253747, 0.28242547036297055, 0.20689480658230672, 0.26242934842934845], [0.2202722873531698, 0.27843872793872804, 0.18875108225108228, 0.3125379024570201], [0.21696922521922526, 0.2598586413586414, 0.22381565656565658, 0.29935647685647715], [0.2920472582972583, 0.2569409756909757, 0.17533058608058608, 0.27568117993118], [0.3129695720945722, 0.2709686147186148, 0.2096931401931402, 0.20636867299367306], [0.28927278277278284, 0.24276515151515154, 0.2211909063159063, 0.24677115939615935], [0.25897285353535354, 0.2136749639249639, 0.19839042207792207, 0.3289617604617605], [0.32250487012987006, 0.2405277777777778, 0.18753156565656567, 0.24943578643578646], [0.2654876096126097, 0.27075847763347766, 0.1997532051282051, 0.26400070762570754], [0.26840924353424356, 0.23324179292929295, 0.13816550116550116, 0.36018346237096244], [0.2027251082251082, 0.24737301587301594, 0.2149994588744589, 0.33490241702741713], [0.27854761904761904, 0.19462139249639251, 0.17814177489177482, 0.3486892135642136], [0.21695871489621493, 0.29608068320568326, 0.1753704836829837, 0.3115901182151182], [0.19156836219336218, 0.362717046842047, 0.16695616883116884, 0.2787584221334221], [0.29871073779162016, 0.26304845154845163, 0.22281700244200245, 0.21542380821792592], [0.17647619047619043, 0.31385588023088024, 0.23603576978576984, 0.27363215950715963], [0.2576415945165945, 0.3191554834054835, 0.15665656565656566, 0.2665463564213563], [0.2885546855105679, 0.20694264069264065, 0.1929709595959596, 0.31153171420083187], [0.2558289141414141, 0.2394733044733046, 0.16597041847041846, 0.3387273629148629], [0.325214466089466, 0.2616736111111112, 0.1986860916860917, 0.21442583111333113], [0.2945489579864581, 0.24251710095460094, 0.1822011877011877, 0.28073275335775333], [0.22705743561993563, 0.267045745920746, 0.1836607697857698, 0.3222360486735487], [0.2513790931290932, 0.24775444000444008, 0.14138329725829724, 0.35948316960816984], [0.21373626373626375, 0.2934371461871461, 0.19652657065157073, 0.29630001942501943], [0.25089629814629827, 0.19967171717171717, 0.19104365079365082, 0.35838833388833385], [0.21730772005772006, 0.2718890692640693, 0.17823917748917745, 0.3325640331890333], [0.22810883560883563, 0.23533017676767679, 0.18611441336441334, 0.35044657425907444], [0.30728445165945173, 0.22142730880230885, 0.21675162337662332, 0.2545366161616162], [0.18962533300033305, 0.34844348706848716, 0.20242295204795202, 0.2595082278832279], [0.2857040043290044, 0.24802056277056295, 0.17023099123099122, 0.29604444166944166], [0.3601497668997669, 0.2491976911976911, 0.13014469558219552, 0.2605078463203464], [0.3280713383838384, 0.18968317099567103, 0.2271792374292374, 0.2550662531912532], [0.3488157814407814, 0.2248066933066934, 0.11881655844155842, 0.30756096681096673], [0.27304154179154194, 0.2874443195693196, 0.18926068376068375, 0.2502534548784549], [0.30432844932844927, 0.2705717546342548, 0.15377224164724163, 0.27132755439005435], [0.20753558941058944, 0.33089406426906415, 0.21881430375180375, 0.24275604256854252], [0.24227363608613606, 0.23892400654900656, 0.21796334915084922, 0.3008390082140082], [0.2414874847374848, 0.2950161782661784, 0.20836813186813197, 0.25512820512820517], [0.23548322510822509, 0.3204285714285714, 0.20438825757575763, 0.23969994588744584], [0.24804929792429797, 0.301615786990787, 0.16769810744810745, 0.2826368076368077], [0.24573232323232325, 0.265561618936619, 0.19409065934065933, 0.2946153984903986], [0.3629665195915197, 0.21867429792429793, 0.15592297979797978, 0.2624362026862027], [0.3173973665223665, 0.28317544955044954, 0.16401177988677987, 0.23541540404040404], [0.2141135808635809, 0.28892062104562105, 0.2285764652014652, 0.2683893328893328], [0.22259139471639472, 0.31607341269841255, 0.19881354756354758, 0.2625216450216451], [0.2490221306471307, 0.2874420995670996, 0.18876334776334777, 0.2747724220224221], [0.3266823315573317, 0.19075641025641027, 0.22850978188478194, 0.25405147630147634], [0.31570761183261187, 0.2014498556998557, 0.14517604617604615, 0.33766648629148627]]}, "rewritten": {"ids": ["97105960", "97106600", "97106770", "97106820", "97106970", "97108520", "97110950", "97113260", "97118210", "98109570", "98111231", "98116500", "98120530", "98121790", "99105921", "99109311", "99109370", "99109740", "99110730", "99111340", "99113260", "99119830", "100109360", "100111390", "100113370", "101108080", "101108621", "101109370", "101110150", "101111310", "101111990", "101112201", "101112540", "101113210", "101114020", "102109840", "102110050", "102110500", "102110890", "102111990", "102112030", "102112170", "102112301", "102118380", "103110840", "103112470", "103113610", "103117461", "103118110", "103120730", "104111531", "104111550", "104111830", "104111880", "104113000", "104113240", "104113550", "104116800", "104118070", "105110251", "105111990", "105112100", "105116441", "105116501", "105116860", "105117431", "105118740", "106115250", "106116120", "106117650", "106119260", "106121220", "107114110", "107114200", "107114280", "107116980", "107119390", "107120010", "107121640", "108113700", "108113740", "108114180", "108115880", "108115970", "108116120", "108117720", "108120700", "108121351", "109114270", "109116441", "109117080", "109117110", "109117271", "109118820", "109119010", "109119591", "109120540", "110115580", "110116170", "110117870", "110118111", "110118450", "110120531", "111115780", "111116040", "111116100", "111117120", "111119150", "111119250", "111120260", "111120591", "111121190", "112116290", "112116451", "112116800", "112116850", "112116990", "112117210", "112117580", "112117790", "112118511", "112119120", "112119320", "112119610", "112120540", "112120640", "112120670", "112120700", "113118511", "113118630", "113118820", "113119300", "113119360", "113121010", "113121680", "113121750", "113121950", "113121980", "113122120", "113122170", "113122180", "113122650"], "labels": [2, 3, 3, 1, 2, 2, 3, 1, 2, 1, 1, 2, 1, 2, 1, 1, 1, 3, 3, 1, 0, 1, 0, 2, 3, 0, 0, 1, 1, 3, 2, 0, 2, 3, 3, 2, 3, 3, 0, 2, 2, 3, 1, 1, 1, 1, 2, 0, 2, 1, 0, 1, 3, 3, 1, 2, 1, 1, 2, 0, 2, 1, 1, 1, 2, 1, 1, 2, 1, 1, 1, 1, 1, 2, 3, 3, 2, 1, 1, 0, 3, 1, 3, 2, 1, 1, 2, 3, 3, 3, 1, 1, 0, 3, 3, 0, 1, 1, 0, 3, 1, 0, 0, 1, 0, 3, 2, 3, 1, 3, 1, 1, 0, 0, 0, 0, 0, 1, 0, 3, 1, 1, 1, 0, 3, 0, 2, 2, 1, 3, 0, 1, 0, 2, 1, 0, 3, 2, 1, 1, 2, 2], "predicted_labels": [3, 1, 0, 1, 1, 3, 0, 3, 3, 3, 3, 3, 3, 3, 3, 1, 0, 1, 3, 1, 3, 3, 1, 1, 3, 1, 0, 3, 0, 0, 1, 0, 3, 3, 1, 1, 3, 0, 3, 0, 1, 0, 1, 1, 0, 3, 3, 3, 3, 1, 1, 3, 3, 1, 3, 3, 0, 1, 1, 3, 3, 3, 3, 3, 3, 3, 1, 1, 1, 3, 1, 1, 3, 3, 0, 0, 3, 3, 0, 0, 3, 3, 3, 1, 3, 3, 3, 3, 3, 3, 1, 1, 3, 1, 3, 0, 3, 0, 1, 1, 3, 1, 3, 0, 0, 0, 1, 3, 3, 3, 3, 3, 0, 0, 1, 3, 1, 1, 1, 0, 3, 3, 1, 1, 1, 0, 3, 1, 1, 3, 3, 3, 3, 1, 3, 3, 3, 3, 1, 3, 3, 3], "confidence_scores": [[0.20987301587301593, 0.27093860306360307, 0.20199463036963042, 0.3171937506937507], [0.1853765678765679, 0.3006262467108057, 0.267061292873793, 0.2469358925388336], [0.3231967893217893, 0.26643569624819624, 0.1968132978132978, 0.21355421661671659], [0.24038990176490171, 0.25968253968253974, 0.24227812465312465, 0.2576494338994339], [0.25280644355644344, 0.3101781462002052, 0.226231351981352, 0.21078405826199947], [0.24656676534250072, 0.24115262923351158, 0.1941883831038243, 0.31809222232016343], [0.3169204545454546, 0.21855591630591634, 0.18727705627705632, 0.27724657287157295], [0.22236513486513498, 0.23319554057054057, 0.21702529415029417, 0.32741403041403044], [0.24811056998557007, 0.23165656565656564, 0.23362462537462528, 0.2866082389832389], [0.2091298146298147, 0.21460413197913195, 0.14629473304473298, 0.42997132034632046], [0.28237710900210894, 0.26479996392496385, 0.1633525641025641, 0.289470362970363], [0.2611539432789433, 0.24164219114219115, 0.180171071983572, 0.3170327935952937], [0.2357031024531025, 0.2721100288600289, 0.1815295121545122, 0.31065735653235654], [0.24768140193140195, 0.23554653679653687, 0.22305579143079143, 0.29371626984126986], [0.2470041486291488, 0.27708441558441566, 0.1965867604617605, 0.27932467532467536], [0.24890548340548352, 0.2786400772430185, 0.22324098124098124, 0.24921345811051693], [0.27870719558219564, 0.21202489177489178, 0.23865169552669552, 0.2706162171162172], [0.18745415001665006, 0.33623896242646245, 0.20583506077256072, 0.2704718267843268], [0.2484453463203464, 0.21842026029526032, 0.23387827450327447, 0.29925611888111886], [0.17492087079587082, 0.3381069069819071, 0.20530855255855263, 0.28166366966366974], [0.2005165308547662, 0.2705976148034972, 0.23370818968613083, 0.2951776646556058], [0.2005038988788989, 0.28463564213564213, 0.21757245042539153, 0.29728800856006743], [0.25885921717171717, 0.2776991341991343, 0.2107230547230547, 0.2527185939060939], [0.24244372294372293, 0.3429280303030305, 0.15931313131313124, 0.2553151154401156], [0.2701746031746032, 0.2594745115995116, 0.16641468253968253, 0.3039362026862027], [0.2506098554223554, 0.30444615800865804, 0.1916244241869243, 0.2533195623820623], [0.3190010822510823, 0.24398387233681368, 0.14581764069264067, 0.29119740471946354], [0.2594397546897548, 0.24557124819624826, 0.18129965867465866, 0.3136893384393385], [0.31763329725829725, 0.24703318903318902, 0.19107756132756137, 0.24425595238095238], [0.27112319624819614, 0.2549384920634921, 0.2108219141969142, 0.2631163974913974], [0.21427200577200572, 0.3372639582639584, 0.14144509657009655, 0.3070189393939395], [0.2962928668553669, 0.2709294316794317, 0.1950703046953047, 0.23770739676989672], [0.2530933649683651, 0.2397141192141192, 0.19844125319125325, 0.3087512626262627], [0.2148974220224221, 0.24145093795093792, 0.22556958319458326, 0.31808205683205676], [0.25640873015873017, 0.297099587912088, 0.19623685342435343, 0.2502548285048285], [0.1993958957708958, 0.2811769480519481, 0.24477480852480846, 0.2746523476523477], [0.22297471278721281, 0.2599078837828839, 0.23462119130869133, 0.2824962121212121], [0.28711165223665225, 0.2025193001443001, 0.23073293373293385, 0.2796361138861139], [0.2197323232323233, 0.23922456709956716, 0.23997667610167606, 0.3010664335664337], [0.2803919552669553, 0.25943217893217896, 0.18933784271284268, 0.2708380230880231], [0.25332389832389834, 0.27730766455766465, 0.24374740537240533, 0.2256210317460317], [0.28698222610722607, 0.24441321178821176, 0.18552672327672315, 0.28307783882783893], [0.23494264069264076, 0.30215602453102464, 0.23913059163059164, 0.2237707431457432], [0.24607245532245536, 0.3096093073593074, 0.20735178710178712, 0.23696645021645024], [0.2824269480519481, 0.256080266955267, 0.21661670274170267, 0.24487608225108226], [0.21281000943500952, 0.27632076257076266, 0.21611129148629157, 0.29475793650793664], [0.23934805472305487, 0.2517736291486292, 0.2312327811077811, 0.2776455350205351], [0.22083802308802308, 0.2775776862026862, 0.18818530081030085, 0.31339898989898995], [0.22365620490620494, 0.28115114052614065, 0.21266103341103348, 0.28253162115662117], [0.2474699883449884, 0.3305079018204019, 0.19833938977688984, 0.22368272005772], [0.22426791264291265, 0.3392832584082583, 0.146895202020202, 0.2895536269286269], [0.20894749000998997, 0.2738146714396715, 0.21596130952380949, 0.3012765290265291], [0.19927777777777783, 0.27403385503385513, 0.22002507215007214, 0.30666329503829504], [0.21148039460539472, 0.2801952630702631, 0.23669434731934733, 0.2716299950049951], [0.22515589965589972, 0.25780529193029195, 0.16644387556887555, 0.35059493284493315], [0.2407775974025974, 0.2578611111111112, 0.23992676767676763, 0.2614345238095238], [0.3274567377067378, 0.23324668387168399, 0.1866217393717393, 0.25267483904983906], [0.22087443112443114, 0.2622419941169941, 0.25742328504828516, 0.25946028971028984], [0.21413840326340328, 0.2853825202575203, 0.2212112193362194, 0.2792678571428572], [0.22758531746031746, 0.2720438311688312, 0.22423665223665235, 0.2761341991341991], [0.2241735845853494, 0.26515578865578865, 0.13244300144300142, 0.37822762531586057], [0.21802856865356868, 0.28247408147408154, 0.18587824675324677, 0.3136191031191031], [0.21496194083694078, 0.27383133533133536, 0.22138184038184036, 0.28982488344988344], [0.2617077922077923, 0.2708551587301588, 0.15349296536796536, 0.3139440836940837], [0.25506222943722945, 0.2870900765900765, 0.1646390831390831, 0.2932086108336108], [0.19657274669774666, 0.28347750370544494, 0.21712147574647578, 0.3028282738503327], [0.2364913974913975, 0.3149894549894551, 0.18179813242313236, 0.2667210150960151], [0.16646917665667665, 0.2884242562992564, 0.2621983710733711, 0.28290819597069605], [0.2758773101898104, 0.30821158008658023, 0.17351727439227438, 0.24239383533133527], [0.2375604118104119, 0.28629177766677766, 0.17928955766455765, 0.2968582528582529], [0.29144648407148416, 0.29849956987456994, 0.19580519480519493, 0.21424875124875128], [0.24517124542124547, 0.31409111721611727, 0.14429746642246638, 0.296440170940171], [0.18976656676656667, 0.22136627261627262, 0.19810785048285046, 0.39075931013431014], [0.2352488067488068, 0.29287889887889884, 0.1508854617604617, 0.3209868326118328], [0.30041547341547337, 0.2605420482295482, 0.16260948773448772, 0.27643299062049076], [0.3248613886113887, 0.24760252247752262, 0.17992624042624036, 0.24760984848484846], [0.26125396825396835, 0.19972637085137093, 0.24207659007659013, 0.2969430708180709], [0.19495689033189026, 0.24092432567432565, 0.26419154456654453, 0.29992723942723953], [0.29753114940614955, 0.293416847041847, 0.2103615273615274, 0.1986904761904762], [0.301944277944278, 0.27019083694083695, 0.18695689033189036, 0.2409079947829947], [0.2950849567099568, 0.24150366300366294, 0.15752886002886002, 0.3058825202575203], [0.21579256854256854, 0.20618600843600843, 0.15882127594627593, 0.4192001470751471], [0.23994254356754363, 0.2432404956154956, 0.20437289099789102, 0.31244406981906975], [0.2490386696636697, 0.3219271284271287, 0.1793499694749695, 0.24968423243423246], [0.2529058857808859, 0.23499259074259082, 0.23736266511266507, 0.2747388583638583], [0.23100095737595747, 0.2831554279054279, 0.15397227772227767, 0.33187133699633703], [0.29005276667776675, 0.2870334526584528, 0.12982983682983684, 0.2930839438339437], [0.20483176545676543, 0.2820571789321791, 0.2040181623931624, 0.30909289321789335], [0.23397456709956713, 0.2420777417027417, 0.1718598484848484, 0.3520878427128428], [0.28734795066045066, 0.2902010350760352, 0.13109224802974803, 0.2913587662337662], [0.20873988511488517, 0.2873824696545286, 0.21926262626262624, 0.2846150189679602], [0.2019163614163614, 0.350615564990565, 0.19829455266955268, 0.24917352092352094], [0.24074590687090694, 0.2520333139083139, 0.20529551004551, 0.30192526917526935], [0.24600547083635335, 0.2687824120324121, 0.26710110722610725, 0.21811100990512755], [0.2459606227106228, 0.2631374458874458, 0.20142116217116215, 0.28948076923076926], [0.26064298201798203, 0.2536873196248197, 0.2272330100455101, 0.25843668831168826], [0.24789105339105336, 0.24710678210678216, 0.24138690476190475, 0.26361525974025984], [0.3059575342957697, 0.2205792026600851, 0.21382313030107147, 0.25964013274307396], [0.23603769841269848, 0.3049824481074482, 0.22555176767676774, 0.23342808580308583], [0.2452746003996004, 0.2794798722519311, 0.22771174658674645, 0.24753378076172194], [0.2757739898989899, 0.23280176767676775, 0.20914700577200573, 0.2822772366522368], [0.19213066100566098, 0.34755862193362175, 0.21779574592074602, 0.24251497113997122], [0.2682573953823954, 0.23511327561327566, 0.1419597763347763, 0.3546695526695526], [0.27273250360750373, 0.2514195526695527, 0.21002103452103452, 0.2658269092019093], [0.2771185064935065, 0.2546989538239539, 0.1919774531024531, 0.2762050865800866], [0.33468331668331674, 0.25997956210456213, 0.1838739177489178, 0.22146320346320347], [0.21679388666888666, 0.30115945165945185, 0.19599125874125872, 0.2860554029304028], [0.22701208513708515, 0.29284565434565435, 0.1588819375069375, 0.32126032301032303], [0.22083151570651574, 0.26931830669330664, 0.22833735708735717, 0.28151282051282056], [0.28524829337329344, 0.2627691544566545, 0.15377139527139524, 0.29821115689865696], [0.2928184038184039, 0.25877283827283837, 0.14985840548340545, 0.2985503524253525], [0.22441756854256859, 0.22647431734931736, 0.23715949328449323, 0.3119486208236209], [0.29564910089910096, 0.2487182678432679, 0.19905056055056053, 0.25658207070707073], [0.34322444222444226, 0.25739105339105345, 0.13215416527916524, 0.26723033910533917], [0.1969611222111222, 0.3926533515504103, 0.1300473137973138, 0.28033821244115376], [0.2331097236097236, 0.26839821289821286, 0.18788270063270057, 0.3106093628593629], [0.2547895021645021, 0.29350287212787224, 0.18533064158064158, 0.26637698412698413], [0.20919110750360756, 0.3125061168406758, 0.27365186896436905, 0.20465090669134792], [0.23413890276390284, 0.3178042929292931, 0.17786358086358078, 0.27019322344322344], [0.3042507215007215, 0.2171359126984128, 0.18690204933954935, 0.2917113164613165], [0.20648168498168498, 0.30148721703133474, 0.1797312271062271, 0.3122998708807533], [0.2539871794871795, 0.2376986485736486, 0.20893782606282607, 0.2993763458763459], [0.17048268398268399, 0.2880487012987013, 0.26253228715728716, 0.2789363275613276], [0.19794751082251086, 0.2820138562417975, 0.2402961066711067, 0.2797425262645852], [0.26245568320568324, 0.2807696053946055, 0.1812436174936175, 0.27553109390609387], [0.29472485847485846, 0.2576421911421912, 0.217338467088467, 0.23029448329448335], [0.2657900432900433, 0.24713870851370856, 0.20375360750360744, 0.28331764069264076], [0.23750955988455985, 0.3295604256854257, 0.18360526973026972, 0.24932474469974472], [0.25169309163059167, 0.2876260267510269, 0.22405543068043077, 0.23662545093795095], [0.23333820346320355, 0.2650948932603344, 0.19516414141414146, 0.3064027618623207], [0.2529442293817294, 0.27382425907425906, 0.14618355255855253, 0.327047958985459], [0.29026230713730716, 0.1936504884004884, 0.19152512765012766, 0.32456207681207677], [0.28131078643578655, 0.19670508658008656, 0.1562943029193029, 0.3656898240648242], [0.26326455488955486, 0.2965062437562438, 0.14548863636363635, 0.294740564990565], [0.24092007992008, 0.21461333111333114, 0.15782437007437003, 0.386642218892219], [0.27943446830946833, 0.22690860528360532, 0.1757334054834055, 0.31792352092352094], [0.2599189421689422, 0.22387830225330227, 0.21708927183927185, 0.29911348373848384], [0.25480586080586076, 0.2505243506493507, 0.19722456709956704, 0.29744522144522145], [0.28513672438672444, 0.3122770562770564, 0.17384974747474755, 0.22873647186147184], [0.2092560217560218, 0.27894449994449994, 0.1662288961038961, 0.34557058219558245], [0.23846031746031746, 0.2519970238095238, 0.23102342796092806, 0.27851923076923074], [0.23828937728937724, 0.2815505764660177, 0.1831755189255189, 0.2969845273190862]]}}