{"test": {"ids": ["112118620", "99108330", "110115140", "104113550", "109120150", "113119360", "111119150", "111116010", "109119591", "98110680", "101109370", "108118060", "107118120", "99108080", "98106111", "107113550", "105112130", "109117110", "97109080", "105116090", "103120531", "107118780", "102109850", "101110740", "107114110", "112118820", "111115910", "109115070", "101108950", "110121500", "99112641", "105116501", "105113170", "98110230", "112116850", "105119950", "106116441", "106113260", "101121640", "100109910", "104111531", "110115250", "110114651", "112116540", "108114220", "109121640", "109114651", "97106820", "99109311", "97116401", "104111780", "97106000", "105117351", "103117200", "104111380", "110116290", "97106970", "113120601", "111117571", "100116790", "110114610", "99107630", "111116290", "113118231", "107120260", "111117000", "98116090", "111119340", "97106591", "105112240", "111120220", "104111880", "107121640", "101112690", "97116500", "108114670", "98109090", "98106880", "99109161", "112116640", "103111620", "112116900", "101114990", "99111440", "104113170", "109118161", "110118111", "110121140", "99109840", "99108890", "102110500", "105117200", "112119930", "112121010", "108118301", "99108310", "111120320", "103111990", "112116810", "111119930", "111120531", "106118820", "111118810", "113121980", "99107300", "110113591", "102112301", "108113700", "111116100", "97108520", "112121410", "104111711", "113118111", "110114950", "104119290", "105113190", "113122430", "102109010", "113118870", "103110220", "103113640", "110118450", "100111380", "110118880", "103112470", "99112300", "103120780", "99108580", "100109360", "105116650", "97110950", "101116130", "112117030", "100108490", "111118820", "106114880", "113120540", "107113200", "98119591", "100113210", "106114280", "112118581"], "labels": [3, 1, 0, 1, 2, 0, 3, 1, 0, 2, 1, 1, 3, 3, 0, 0, 1, 1, 2, 1, 3, 1, 1, 3, 1, 0, 2, 0, 2, 3, 1, 1, 0, 3, 0, 3, 0, 3, 2, 2, 0, 1, 3, 1, 3, 0, 3, 1, 1, 3, 3, 0, 0, 0, 3, 2, 2, 2, 3, 2, 1, 2, 2, 3, 1, 0, 0, 3, 1, 1, 3, 3, 1, 1, 2, 3, 1, 0, 3, 0, 0, 3, 3, 3, 3, 0, 1, 3, 2, 0, 3, 3, 1, 2, 1, 2, 1, 2, 3, 1, 0, 3, 0, 2, 3, 0, 1, 0, 3, 2, 0, 1, 1, 0, 1, 3, 2, 1, 0, 2, 1, 0, 3, 0, 1, 0, 1, 0, 0, 1, 3, 2, 2, 2, 0, 0, 3, 0, 1, 0, 3, 1], "predicted_labels": [3, 2, 0, 0, 1, 3, 3, 1, 3, 1, 3, 0, 1, 3, 3, 0, 1, 1, 1, 3, 3, 0, 2, 3, 0, 1, 1, 1, 1, 1, 1, 0, 3, 1, 3, 0, 1, 1, 1, 2, 1, 3, 3, 1, 0, 0, 0, 1, 3, 3, 1, 3, 1, 1, 1, 3, 3, 3, 3, 1, 1, 3, 3, 1, 3, 3, 1, 1, 3, 1, 1, 3, 3, 3, 3, 1, 1, 1, 1, 1, 3, 3, 1, 0, 1, 3, 0, 0, 1, 1, 0, 1, 2, 3, 0, 1, 3, 3, 2, 1, 1, 1, 3, 1, 0, 1, 3, 1, 0, 1, 3, 1, 3, 1, 1, 0, 1, 3, 3, 3, 0, 1, 0, 3, 1, 3, 3, 3, 3, 3, 0, 3, 3, 0, 0, 1, 1, 1, 1, 3, 3, 3], "confidence_scores": [[0.22205227590127405, 0.2926129914672524, 0.15762384456622971, 0.3277108880652442], [0.1549884951965526, 0.25342125388651954, 0.41900033431908645, 0.17258991659784131], [0.35688403816946845, 0.19421937057691904, 0.1345649496834105, 0.31433164157020194], [0.600695832713299, 0.11012826184634951, 0.014644972787306955, 0.27453093265304457], [0.19647418383608817, 0.2765528693044743, 0.2946926883306074, 0.2322802585288303], [0.23739913448427447, 0.2658418512259304, 0.16753591313859464, 0.3292231011512005], [0.2401697654244927, 0.31141699646384025, 0.13046206401938878, 0.3179511740922785], [0.19334315396372656, 0.3843896295060453, 0.16371399468054718, 0.25855322184968116], [0.2072093133710807, 0.22722726691759967, 0.21682011166899268, 0.34874330804232656], [0.0779960027120827, 0.3622189113939269, 0.463302686823585, 0.09648239907040554], [0.25124372626630725, 0.2254994427431019, 0.2325406407967044, 0.2907161901938864], [0.3636746195545753, 0.23092325261145394, 0.12002549666341389, 0.2853766311705568], [0.2905910734181587, 0.32304897282789635, 0.07190541322514082, 0.3144545405288042], [0.23702254990667473, 0.29185534303300215, 0.1654114016003826, 0.30571070545994034], [0.2898502277052344, 0.205198719355058, 0.17593440975323993, 0.32901664318646795], [0.3227129259124385, 0.17926815387996273, 0.18184157302124665, 0.3161773471863516], [0.12430928963362096, 0.31126461939449496, 0.3669528738000591, 0.19747321717182487], [0.2590553197707909, 0.31577602783137726, 0.20823521886961918, 0.21693343352821265], [0.1880061560298874, 0.25420869404916524, 0.3840039229457688, 0.17378122697517834], [0.2940153235803013, 0.2897523634109741, 0.07980364838241721, 0.3364286646263074], [0.28748769075212954, 0.2824388106061116, 0.08627893482545282, 0.34379456381630585], [0.44082425647825296, 0.17044372272937047, 0.08406140526929724, 0.304670615523079], [0.16390882278580948, 0.2528444316994415, 0.43423646222382545, 0.14901028329092386], [0.1786015864835302, 0.2682662934708125, 0.3092833898638382, 0.2438487301818187], [0.42333974543494574, 0.2306311359034844, 0.07704657956951114, 0.2689825390920586], [0.21599439033609813, 0.401169383339217, 0.1253037727155909, 0.257532453609094], [0.20388251064509455, 0.4097977576686529, 0.16065641438730988, 0.22566331729894287], [0.2537337080459271, 0.4288676530994206, 0.15726539625626723, 0.16013324259838474], [0.14747747377730985, 0.37658556700497325, 0.2133157400671225, 0.2626212191505945], [0.23173782311867883, 0.30511957007382934, 0.1941740623702848, 0.26896854443720714], [0.22512472765559294, 0.31174358368316624, 0.1597630870832645, 0.30336860157797596], [0.36389261307467263, 0.25886461410058204, 0.05797824122011421, 0.31926453160463103], [0.21808368349758747, 0.26462244674900387, 0.19688153057585955, 0.320412339177549], [0.2282222712983606, 0.3862679451493914, 0.09223606478299916, 0.2932737187692489], [0.29121723772043695, 0.22401727103913416, 0.08982622059892956, 0.3949392706414994], [0.38984486363689574, 0.2796065388882252, 0.13224313152903805, 0.19830546594584106], [0.257990875844844, 0.34127123420537686, 0.08218673144853354, 0.3185511585012459], [0.1209938212927825, 0.4163676859056785, 0.211573934207345, 0.251064558594194], [0.17898569606668696, 0.3609879863489965, 0.14107263443606155, 0.31895368314825506], [0.15568012832093206, 0.213478883401018, 0.45959970983437765, 0.17124127844367243], [0.17713138761113664, 0.3339572191308297, 0.2130835288867946, 0.27582786437123896], [0.29439310466147245, 0.26520232301697444, 0.14114108611095547, 0.2992634862105977], [0.2738820772109626, 0.2882855189126008, 0.09007498296281875, 0.34775742091361816], [0.11156194078630056, 0.4220949325126015, 0.20363128835074418, 0.26271183835035383], [0.4206832835201635, 0.19538646945969368, 0.10070732867441194, 0.2832229183457309], [0.3557967683432633, 0.2443656584962343, 0.09603091242065329, 0.3038066607398492], [0.3855090362389387, 0.21725460842163186, 0.05656582065822158, 0.34067053468120767], [0.19675234804939376, 0.3280645795050054, 0.19906993030200407, 0.27611314214359645], [0.24350340093243975, 0.27642252128654154, 0.17559093107611207, 0.30448314670490684], [0.2639514849942193, 0.24949338478888938, 0.19160630746297302, 0.2949488227539182], [0.23252581096683098, 0.437448518980006, 0.09962912163398949, 0.23039654841917365], [0.21868478864658755, 0.24837256981811898, 0.247086445137019, 0.2858561963982744], [0.18227846640080994, 0.3573222994542015, 0.1828092696822837, 0.2775899644627047], [0.15233165622821027, 0.42026796355546875, 0.11248045485929423, 0.31491992535702695], [0.24629841007249836, 0.2988402350775215, 0.21650777759148682, 0.23835357725849296], [0.2139320058973116, 0.2730623340010588, 0.23285429893101015, 0.28015136117061945], [0.13222054018714188, 0.2206729369199471, 0.394808105364951, 0.2522984175279601], [0.19725546545670275, 0.24813989484128132, 0.20767420896893657, 0.3469304307330792], [0.1922942634390833, 0.26658376882586426, 0.28530506383664844, 0.2558169038984043], [0.3348313634416056, 0.3309204174245374, 0.08834218632224795, 0.24590603281160917], [0.18066765475752183, 0.38224391744221026, 0.18905934716109862, 0.2480290806391695], [0.17436055425919336, 0.19418447856168192, 0.26288934232098415, 0.3685656248581404], [0.23123370038328858, 0.2667530577278539, 0.18864632714449275, 0.31336691474436473], [0.18047376069860663, 0.37189250192610673, 0.2640645318806254, 0.18356920549466138], [0.2763177738792039, 0.23182168969473713, 0.09759888773466416, 0.3942616486913949], [0.17165155980672772, 0.29429525556779185, 0.19541370819686413, 0.3386394764286164], [0.15918137865527027, 0.3830392572291165, 0.21396870236392942, 0.2438106617516836], [0.22304138661780165, 0.31502435686611213, 0.29185356084354647, 0.17008069567253925], [0.18555142664809723, 0.28768399331025396, 0.2090807091183269, 0.31768387092332173], [0.11977666897367843, 0.3723683329758218, 0.2564010107627949, 0.25145398728770496], [0.33633119685428114, 0.3745840195841662, 0.09334795734318944, 0.1957368262183632], [0.13254675960946546, 0.3091494509158812, 0.17004051893135624, 0.388263270543297], [0.14116539248548773, 0.25274948492928995, 0.3033067507374902, 0.3027783718477321], [0.21922877248099573, 0.2126710491294459, 0.1862273039025001, 0.38187287448705837], [0.1988568273649189, 0.27906140344686264, 0.20740443098844424, 0.3146773381997743], [0.18645955586547366, 0.31875115593590914, 0.18115749948038576, 0.31363178871823155], [0.2103493223544278, 0.32608115680606264, 0.2443909757668273, 0.21917854507268214], [0.2564401663368589, 0.2676101076343234, 0.2849480309898681, 0.19100169503894956], [0.29114351946312556, 0.38879524077512145, 0.22756564172224594, 0.09249559803950722], [0.26236595554716213, 0.287392200880521, 0.1946480354232759, 0.2555938081490408], [0.21370794976923402, 0.24398798609507702, 0.22353308042759984, 0.31877098370808915], [0.25873636514550014, 0.27334112790406334, 0.18714544263168817, 0.2807770643187484], [0.13758052907614163, 0.34377709601754936, 0.2030371633720464, 0.3156052115342628], [0.3365372358684623, 0.233473950274556, 0.12402378491717773, 0.30596502893980415], [0.17335809781618883, 0.3450952512555774, 0.17179325585044553, 0.3097533950777881], [0.3316767010794795, 0.25683803009745776, 0.045566170671833175, 0.3659190981512294], [0.34007816769503807, 0.27794860866028387, 0.046882703170207846, 0.3350905204744703], [0.2766872041111421, 0.21944676531516014, 0.27930157283233287, 0.224564457741365], [0.17961822032376495, 0.3387591819869936, 0.21537677418665033, 0.2662458235025908], [0.19204179010240813, 0.3738856332695546, 0.17687565824314103, 0.2571969183848965], [0.3451225986004558, 0.18161234188028363, 0.14478901909485684, 0.3284760404244037], [0.195578917352714, 0.29355220061718246, 0.24706251117191505, 0.26380637085818864], [0.15366439593829956, 0.22842537472000154, 0.4319287154350573, 0.18598151390664158], [0.18787060593488664, 0.23377144690420726, 0.3184716035830756, 0.25988634357783064], [0.34169889592843894, 0.2481254521097989, 0.16343442937375052, 0.24674122258801182], [0.18267318669907903, 0.2858514934983599, 0.2804119774447924, 0.2510633423577689], [0.16529268036281783, 0.1942792709793571, 0.413182138527892, 0.22724591012993298], [0.17465111624082102, 0.3007315684525949, 0.20556977911895816, 0.3190475361876259], [0.16191953807391743, 0.23367665180626293, 0.39858502919614164, 0.20581878092367784], [0.21713199865618446, 0.2936909102294597, 0.2484180312147798, 0.24075905989957597], [0.22008477519726688, 0.32466423768544295, 0.19663140672818774, 0.2586195803891025], [0.13274174146989928, 0.3646213671566773, 0.248571503465754, 0.25406538790766947], [0.3498797163564022, 0.2461619464555181, 0.04087370664962709, 0.36308463053845264], [0.18314678303807017, 0.4847331619990761, 0.09250583037876653, 0.2396142245840873], [0.3913181078482201, 0.15716087037121362, 0.07057074860266796, 0.38095027317789854], [0.28176327815448726, 0.3037219763661103, 0.12123662776648687, 0.29327811771291523], [0.27770028504215066, 0.24448760113497164, 0.13873930666722273, 0.33907280715565535], [0.11036681106630218, 0.335877812566044, 0.3208752309312766, 0.23288014543637733], [0.3320821022993357, 0.2940123999390949, 0.07348361532914795, 0.3004218824324216], [0.1944698176598129, 0.4050960075978415, 0.14030334423395763, 0.26013083050838803], [0.3404605976618752, 0.23789209690149812, 0.05261596810673494, 0.36903133732989196], [0.1876807208667101, 0.3913073872261024, 0.2524344672803412, 0.1685774246268463], [0.30539395368390354, 0.24548114222163014, 0.09091681536559185, 0.35820808872887444], [0.1550097732162736, 0.30904122851849614, 0.30615099342431124, 0.22979800484091958], [0.18226488580214276, 0.29595607981937155, 0.2972307571360654, 0.22454827724242044], [0.3091580730774615, 0.2707619901800321, 0.15321711532882754, 0.2668628214136787], [0.06541300253344653, 0.45670753332513986, 0.31780960214445975, 0.1600698619969539], [0.12399510159406964, 0.30722971541314326, 0.25133130324519104, 0.31744387974759597], [0.19780844587976681, 0.3231738779380051, 0.11536381871693813, 0.36365385746528966], [0.16126094684822095, 0.2746268658257401, 0.2221916043444091, 0.34192058298163025], [0.5522110664879589, 0.12205480610491529, 0.02461752406162667, 0.30111660334549917], [0.1844693021307142, 0.40157110875999685, 0.22957201025427076, 0.18438757885501836], [0.341642988173143, 0.2731671225653012, 0.1466203517403693, 0.2385695375211863], [0.3998041044582551, 0.17321198080340924, 0.018278560239086507, 0.408705354499249], [0.14290040661001108, 0.3345479024574209, 0.2264508942982144, 0.296100796634354], [0.32402193762464954, 0.18650753163685366, 0.13065582558734304, 0.3588147051511537], [0.20235852614909688, 0.27898301061612274, 0.15140171500678948, 0.36725674822799104], [0.1918364832573648, 0.2618608372486091, 0.31973311158778794, 0.2265695679062382], [0.29307974330949554, 0.275531321580199, 0.12328835054939155, 0.3081005845609139], [0.10431100885835166, 0.2948398642789055, 0.28861333219184926, 0.3122357946708935], [0.4224966414461546, 0.17905018731421338, 0.08347894503068178, 0.3149742262089505], [0.2160861228810478, 0.27907020593300497, 0.18888584388519147, 0.31595782730075567], [0.14661435481743645, 0.2656657417349616, 0.3293973734394881, 0.25832253000811356], [0.2806039118646516, 0.23884970149549858, 0.27610134531579106, 0.20444504132405872], [0.3439305549320366, 0.291151439614802, 0.1099101290088963, 0.2550078764442651], [0.15704157021372872, 0.3334936419960014, 0.22763901721054738, 0.2818257705797228], [0.2660817834768571, 0.3203949850524072, 0.09051075566840602, 0.32301247580232956], [0.20618746513260777, 0.37823762362851465, 0.06499392156145233, 0.3505809896774252], [0.23709197975830476, 0.27892059158114, 0.25050319378143515, 0.23348423487912015], [0.2547736297134563, 0.22957513885995787, 0.14243761313283, 0.3732136182937554], [0.2587635837154093, 0.2628243222264839, 0.08635851299897779, 0.3920535810591292], [0.18205552167031763, 0.28271780317268297, 0.24627497124959757, 0.2889517039074019]]}, "rewritten": {"ids": ["97106000", "97106591", "97106820", "97106970", "97108520", "97109080", "97110950", "97116401", "97116500", "98106111", "98106880", "98109090", "98110230", "98110680", "98116090", "98119591", "99107300", "99107630", "99108080", "99108310", "99108330", "99108580", "99108890", "99109161", "99109311", "99109840", "99111440", "99112300", "99112641", "100108490", "100109360", "100109910", "100111380", "100113210", "100116790", "101108950", "101109370", "101110740", "101112690", "101114990", "101116130", "101121640", "102109010", "102109850", "102110500", "102112301", "103110220", "103111620", "103111990", "103112470", "103113640", "103117200", "103120531", "103120780", "104111380", "104111531", "104111711", "104111780", "104111880", "104113170", "104113550", "104119290", "105112130", "105112240", "105113170", "105113190", "105116090", "105116501", "105116650", "105117200", "105117351", "105119950", "106113260", "106114280", "106114880", "106116441", "106118820", "107113200", "107113550", "107114110", "107118120", "107118780", "107120260", "107121640", "108113700", "108114220", "108114670", "108118060", "108118301", "109114651", "109115070", "109117110", "109118161", "109119591", "109120150", "109121640", "110113591", "110114610", "110114651", "110114950", "110115140", "110115250", "110116290", "110118111", "110118450", "110118880", "110121140", "110121500", "111115910", "111116010", "111116100", "111116290", "111117000", "111117571", "111118810", "111118820", "111119150", "111119340", "111119930", "111120220", "111120320", "111120531", "112116540", "112116640", "112116810", "112116850", "112116900", "112117030", "112118581", "112118620", "112118820", "112119930", "112121010", "112121410", "113118111", "113118231", "113118870", "113119360", "113120540", "113120601", "113121980", "113122430"], "labels": [0, 1, 1, 2, 2, 2, 3, 3, 2, 0, 0, 1, 3, 2, 0, 1, 3, 2, 3, 2, 1, 0, 0, 3, 1, 2, 3, 0, 1, 2, 0, 2, 3, 0, 2, 2, 1, 3, 1, 3, 2, 2, 1, 1, 3, 1, 2, 0, 2, 1, 1, 0, 3, 1, 3, 0, 1, 3, 3, 3, 1, 1, 1, 1, 0, 3, 1, 1, 1, 3, 0, 3, 3, 3, 0, 0, 3, 0, 0, 1, 3, 1, 1, 1, 0, 3, 3, 1, 1, 3, 0, 1, 0, 0, 2, 0, 0, 1, 3, 0, 0, 1, 2, 1, 0, 0, 3, 3, 2, 1, 3, 2, 0, 3, 0, 0, 3, 3, 1, 3, 1, 0, 1, 0, 3, 0, 3, 2, 1, 3, 0, 1, 2, 0, 1, 3, 0, 0, 3, 2, 2, 2], "predicted_labels": [3, 2, 3, 3, 1, 1, 0, 3, 3, 2, 2, 1, 1, 2, 1, 2, 0, 3, 1, 1, 3, 3, 1, 1, 1, 2, 1, 3, 1, 2, 3, 2, 1, 3, 1, 1, 2, 2, 3, 2, 3, 1, 1, 2, 3, 3, 3, 3, 3, 1, 0, 1, 3, 1, 2, 1, 1, 1, 3, 3, 0, 1, 3, 3, 3, 1, 3, 1, 2, 2, 3, 1, 1, 3, 1, 1, 1, 1, 3, 1, 1, 1, 3, 3, 1, 3, 3, 2, 3, 1, 1, 1, 1, 3, 1, 1, 1, 1, 3, 3, 2, 3, 2, 3, 1, 3, 0, 3, 1, 1, 1, 1, 3, 3, 3, 1, 1, 3, 1, 1, 3, 3, 1, 1, 2, 3, 3, 3, 3, 3, 1, 2, 2, 3, 3, 3, 3, 3, 3, 3, 1, 1], "confidence_scores": [[0.08383911177006023, 0.27183007513331686, 0.3955136852831252, 0.24881712781349774], [0.06834928688658813, 0.2626062189189143, 0.5309755390715908, 0.13806895512290654], [0.16013547551649687, 0.2554451000176408, 0.2805920649334908, 0.3038273595323714], [0.09248267709844239, 0.24674466292207053, 0.41997067832650253, 0.2408019816529847], [0.22391190377660442, 0.3118767272504886, 0.274273002786263, 0.18993836618664386], [0.11041839245013117, 0.3161469225407914, 0.4575275150193106, 0.11590716998976687], [0.3858691626595246, 0.13835282156418377, 0.20226900889591853, 0.2735090068803732], [0.2057487295928245, 0.25247162714241556, 0.24459223832794103, 0.29718740493681894], [0.17849315140237726, 0.2456286547347179, 0.28009347465401735, 0.2957847192088875], [0.1448287000783458, 0.22052727994511, 0.49144253118903497, 0.14320148878750874], [0.15689762736194265, 0.2524387299359342, 0.4318906085769727, 0.15877303412515037], [0.18151548530553416, 0.3083011462841475, 0.27712446195395396, 0.233058906456364], [0.2288182386189341, 0.3214250649759106, 0.14201723687956885, 0.30773945952558646], [0.05960476897689168, 0.25529131265536376, 0.607526637399087, 0.07757728096865749], [0.14697892688366945, 0.3285431204343788, 0.24965785351738207, 0.27482009916456956], [0.17294095571339635, 0.22815833460095808, 0.3876029444916221, 0.21129776519402346], [0.36990045074613087, 0.2203457632194789, 0.13039722275913934, 0.2793565632752508], [0.1704035900239705, 0.216331916269419, 0.2779649728583903, 0.33529952084822046], [0.22086704033458232, 0.4110893185046955, 0.09670001978007245, 0.27134362138064977], [0.20038163902977987, 0.2577581352014791, 0.3235688305477936, 0.21829139522094754], [0.15572036530792951, 0.20913366406255673, 0.40572192316177874, 0.22942404746773523], [0.22728856520544077, 0.24806521174329527, 0.29334098373243, 0.23130523931883396], [0.1566337025173468, 0.36237104234983525, 0.31226910986627515, 0.16872614526654248], [0.15999172009617335, 0.3810451006636788, 0.35920850544264016, 0.09975467379750787], [0.13093505844976314, 0.4328518102060812, 0.2147411644063991, 0.22147196693775628], [0.1256813887534782, 0.26617107024862746, 0.42241448920616587, 0.18573305179172872], [0.20339450181350935, 0.323558503490907, 0.17049973805380905, 0.30254725664177473], [0.21003914089369438, 0.2272274474710444, 0.2725889951181001, 0.2901444165171612], [0.14521750681948864, 0.299188857405499, 0.3062066284864462, 0.2493870072885663], [0.16732694542315873, 0.1998960775184482, 0.4452250827599419, 0.18755189429845126], [0.3146496480457918, 0.22720583171474948, 0.11105122572525455, 0.34709329451420406], [0.0501771039312982, 0.2164548023873624, 0.6265386063186505, 0.10682948736268903], [0.22690035214131085, 0.33657194395493734, 0.17626842909793083, 0.26025927480582106], [0.20790969132233725, 0.22117252662165787, 0.2811510199838612, 0.2897667620721436], [0.15991155076484698, 0.2842719935685114, 0.3379025979610002, 0.21791385770564103], [0.14096159915945408, 0.3311025562902906, 0.306715992369499, 0.22121985218075613], [0.12358865295474525, 0.2737009030579775, 0.4278280346872415, 0.17488240930003562], [0.10769633249110523, 0.25112440521498103, 0.4432511419648771, 0.19792812032903617], [0.1930490433135841, 0.25450579141658336, 0.2815793459117287, 0.2708658193581038], [0.06929244700674428, 0.31453683876051775, 0.4858854733337773, 0.1302852408989607], [0.1551001912197427, 0.29024921314398416, 0.2910193843403336, 0.26363121129593964], [0.16339807647636176, 0.37204659309371335, 0.2639779928608095, 0.20057733756911544], [0.12355272692341158, 0.34349130715712606, 0.31729529783229127, 0.21566066808717085], [0.08473219259338347, 0.2007357447692722, 0.542604359971842, 0.1719277026655021], [0.32360920996108167, 0.1744356612840009, 0.1658831939100581, 0.33607193484485914], [0.1497184099413105, 0.21682709031192987, 0.33526178367755305, 0.29819271606920655], [0.139944551192998, 0.2820837595608542, 0.3357715384119215, 0.2422001508342265], [0.20781042874223685, 0.22355506569725134, 0.27590241811283545, 0.2927320874476764], [0.10908425429375453, 0.2632954843717465, 0.3986132239781068, 0.22900703735639222], [0.14567220477411089, 0.30950796605530595, 0.34544165806816524, 0.1993781711024176], [0.3774833585477753, 0.20980839449369687, 0.05707610898691944, 0.35563213797160836], [0.190791983341691, 0.4806488755130701, 0.1234460992113367, 0.20511304193390203], [0.17105057149601122, 0.25513054127179235, 0.28198940996011784, 0.2918294772720786], [0.11090583809437674, 0.3224019392644503, 0.28350086363228105, 0.2831913590088918], [0.11873562723500529, 0.266867314351217, 0.45608157105130337, 0.15831548736247442], [0.15940929776649765, 0.3671074384100405, 0.17052036967991233, 0.3029628941435497], [0.15440707009482474, 0.353051435888407, 0.35726615342103973, 0.13527534059572852], [0.21628004616822163, 0.42336463336661095, 0.11855850645717819, 0.2417968140079893], [0.10619434505220975, 0.2624826351675843, 0.3108599636924973, 0.32046305608770864], [0.10808056166932853, 0.28815535792943164, 0.32568137568342925, 0.2780827047178106], [0.43480465439654237, 0.1970021309751315, 0.03254849426069107, 0.33564472036763476], [0.1686842916843008, 0.27572537450246654, 0.3628815972932111, 0.19270873652002113], [0.12464296704842734, 0.2749780685566645, 0.3120867314287701, 0.28829223296613854], [0.11027244051312374, 0.2419087142390569, 0.32570257609374764, 0.32211626915407154], [0.15929200132590035, 0.2926525541774391, 0.27129051642970337, 0.2767649280669571], [0.26623023939805496, 0.2728563688848213, 0.2901782003651584, 0.1707351913519654], [0.2923613649121385, 0.2344233768718898, 0.16056786403426326, 0.31264739418170845], [0.2201017251558069, 0.26908622562513484, 0.27423505994951114, 0.23657698926954754], [0.11085419215191883, 0.23644592970342757, 0.4632192749900772, 0.18948060315457615], [0.09121233128319524, 0.30816891800588975, 0.45175160792624547, 0.14886714278466984], [0.1331175815808616, 0.23383464156218284, 0.2709887322863955, 0.36205904457056015], [0.28471430503058487, 0.2987279529088094, 0.23066342724672556, 0.1858943148138802], [0.10841297248805001, 0.30131839672473215, 0.35725984971449326, 0.23300878107272466], [0.21555575240631267, 0.23886033698890943, 0.21842162118340572, 0.327162289421372], [0.1353095999143617, 0.34139639978885294, 0.3657604444731077, 0.15753355582367762], [0.16049269962857374, 0.32442026583224687, 0.2263610360819808, 0.2887259984571983], [0.08844021134096695, 0.3920445366250961, 0.31425196484198215, 0.2052632871919547], [0.25946948306648027, 0.33742623806434113, 0.10562213458802938, 0.29748214428114933], [0.18161629936860835, 0.22316122554883897, 0.37968824906868964, 0.21553422601386305], [0.2795291813607826, 0.2733228081424426, 0.1712627976212726, 0.27588521287550205], [0.23667562049108967, 0.28341252548993856, 0.21278659846132625, 0.2671252555576456], [0.20886054963678788, 0.2935938663286257, 0.2834477332845514, 0.21409785075003485], [0.1758258078044577, 0.19081545352864612, 0.3187297100810268, 0.31462902858586944], [0.0909169880106547, 0.26321673296308096, 0.39019861476598255, 0.25566766426028176], [0.11929567968767509, 0.3022920755879213, 0.35636577373393746, 0.22204647099046612], [0.2635416289137919, 0.24850107882709854, 0.19582522421040338, 0.292132068048706], [0.1550699523226029, 0.31428021140803897, 0.23181014643846357, 0.2988396898308943], [0.2345996711478418, 0.2122384871522987, 0.39762236419024133, 0.15553947750961813], [0.16620222000239174, 0.24499968443715564, 0.31986045458443296, 0.26893764097601963], [0.24830622575339942, 0.27045841278703386, 0.22093516968967408, 0.26030019176989255], [0.22263402383682268, 0.44985243975254063, 0.14891807933399998, 0.1785954570766368], [0.12868904071960796, 0.40031854819923446, 0.22039218385043055, 0.25060022723072695], [0.2553423915559722, 0.2869790661732434, 0.17722493528517583, 0.28045360698560845], [0.12180371728488783, 0.25202134244906177, 0.3154554310872862, 0.3107195091787642], [0.16330754166515526, 0.27456362191481065, 0.3575255872793515, 0.20460324914068334], [0.25862705326582613, 0.28099417804374593, 0.23648010098096872, 0.22389866770945943], [0.2734414283489001, 0.3099806313873659, 0.1714398934812966, 0.2451380467824378], [0.1423764229413269, 0.2858287485351761, 0.3987510941527202, 0.17304373437077708], [0.19872513107455483, 0.2747819542368644, 0.19454301195472562, 0.3319499027338553], [0.11725631519084821, 0.23992225851297302, 0.3654209480138808, 0.27740047828229814], [0.12763506153336351, 0.2452302636897913, 0.4224519997293642, 0.2046826750474809], [0.1492077700889716, 0.2711693558871748, 0.3112626800609748, 0.26836019396287947], [0.15544320372825618, 0.21870496133049466, 0.4122277100060874, 0.21362412493516195], [0.2583225026116506, 0.2941693317498807, 0.1530255444979809, 0.2944826211404882], [0.17395479438603687, 0.38961849785673447, 0.28164377499146365, 0.1547829327657653], [0.28481077793309456, 0.2705289288451931, 0.06250679802619719, 0.3821534951955148], [0.31117525923606193, 0.1960851007440907, 0.21033125591876928, 0.28240838410107816], [0.2782465071237358, 0.24913597557325748, 0.2016810577570064, 0.27093645954600043], [0.14267618019765876, 0.47494052038274953, 0.1866370518734822, 0.1957462475461094], [0.10559770224828555, 0.36884124036424293, 0.25843204680570037, 0.2671290105817711], [0.20532447166343806, 0.3728537969065144, 0.24318292416193676, 0.17863880726811068], [0.11252665724185903, 0.2806440962874358, 0.3912710810392397, 0.21555816543146553], [0.14062839497833457, 0.27075209753427737, 0.28450275562457455, 0.30411675186281345], [0.17496560741835804, 0.23408869888366943, 0.28826809299880274, 0.30267760069916977], [0.25192599563554086, 0.27240467096267934, 0.19410419952323946, 0.2815651338785407], [0.301119992730612, 0.2911903074277482, 0.18642057874352114, 0.22126912109811825], [0.18152851075129192, 0.30428753863520647, 0.24195946762635231, 0.27222448298714896], [0.11456313470706506, 0.24066532615550598, 0.4080995911602783, 0.23667194797715072], [0.2132486804843353, 0.2943494280017718, 0.2833770633666674, 0.20902482814722564], [0.2130102097205402, 0.4971554556172812, 0.08019416184061785, 0.20964017282156114], [0.13618089245649365, 0.2074919631251356, 0.42188536742316857, 0.23444177699520208], [0.2326751468855804, 0.2444274698951468, 0.2304638697279917, 0.29243351349128105], [0.14386660100058227, 0.36751105319741817, 0.19736527171245902, 0.2912570740895404], [0.14815716966131448, 0.38241272017239314, 0.20797083070073846, 0.2614592794655538], [0.19051214720850224, 0.2130998488683711, 0.4324577681235035, 0.16393023579962326], [0.18015121800763026, 0.22669023780048225, 0.30911985088163235, 0.2840386933102551], [0.27706985853866234, 0.2703228070140984, 0.15176231707164511, 0.3008450173755939], [0.16109747468501465, 0.2288149805865289, 0.37498067254827877, 0.23510687218017762], [0.10421397932479194, 0.3096793968474488, 0.31305784536435505, 0.2730487784634044], [0.15708528066923225, 0.22588195775184405, 0.2913551692254464, 0.3256775923534771], [0.20448102714731498, 0.28904738762528387, 0.26443630755432923, 0.24203527767307198], [0.16120392649416398, 0.20761100989635625, 0.43815539709563517, 0.19302966651384465], [0.11666389084557251, 0.2293589726530577, 0.46306680209342016, 0.19091033440794977], [0.22966016798995778, 0.21259577539898278, 0.2286273198820446, 0.3291167367290151], [0.166382611059852, 0.2578173956178335, 0.2008654534623079, 0.3749345398600067], [0.09692812924127307, 0.2478492794217583, 0.4105548128211799, 0.2446677785157884], [0.15412607437091172, 0.27459797208518194, 0.23469828049441582, 0.3365776730494905], [0.20288873323108736, 0.22491050865495918, 0.2606971991431885, 0.31150355897076476], [0.14623506013509233, 0.2738601609644612, 0.25984292994365016, 0.32006184895679657], [0.11976896129850503, 0.20947755673614687, 0.38054870166923915, 0.2902047802961088], [0.19336394719597305, 0.46071383855618103, 0.17510283408655036, 0.1708193801612953], [0.07546740899072356, 0.39913517782284896, 0.33817205914863724, 0.18722535403779028]]}}