{"test": {"ids": ["113118511", "97114170", "98108970", "112116401", "107117630", "103113270", "107113360", "108119330", "105112240", "101108460", "109114720", "109117630", "111115620", "105115250", "113120751", "108118810", "107120010", "111121220", "98120530", "100111390", "113117401", "101113210", "106118161", "101112201", "99109780", "112118471", "108117610", "113117630", "108121410", "112121010", "111119950", "98106560", "99110050", "98110810", "107118120", "112116800", "110118810", "112118581", "109117431", "113121810", "102110050", "108113620", "110115890", "112120670", "113117340", "105116860", "103120340", "112116900", "98109311", "105119950", "108114040", "110121450", "112118550", "113119700", "105113330", "103111930", "105110251", "107114280", "105113170", "99111340", "104113170", "110115580", "101111990", "110118161", "101109000", "98112170", "105121370", "109120621", "104113190", "106117770", "108115500", "109116170", "111119930", "113121980", "107120260", "112121351", "113118620", "108114670", "113122230", "111120640", "111116290", "111114321", "98113881", "111119290", "109120560", "97113260", "107114110", "99105921", "111118810", "99107950", "100117420", "99107660", "111114171", "110116290", "100109890", "108114270", "113118810", "102112030", "110117110", "102112170", "110120540", "99109840", "104114230", "107121540", "105116501", "102113210", "98111620", "104112201", "108114220", "106116850", "108115250", "97105580", "110114561", "107118490", "106114280", "103113610", "112120640", "113119950", "108118301", "112116610", "101115190", "104111990", "105120621", "97118210", "109114270", "104116980", "112116810", "97107260", "111119610", "108121190", "111120540", "99111620", "112118701", "110115980", "112116990", "111117571", "104116800", "108115870", "97106600", "107118780", "104118070", "106116441"], "labels": [1, 2, 3, 0, 0, 2, 0, 0, 1, 0, 0, 0, 1, 2, 1, 1, 1, 3, 1, 2, 3, 3, 3, 0, 2, 1, 3, 0, 0, 2, 0, 1, 3, 1, 3, 0, 1, 1, 1, 2, 3, 3, 2, 2, 2, 2, 1, 3, 1, 3, 0, 3, 3, 0, 3, 3, 0, 3, 0, 1, 3, 1, 2, 0, 1, 3, 2, 1, 3, 0, 3, 0, 1, 2, 1, 0, 3, 3, 1, 0, 2, 1, 3, 3, 1, 1, 1, 1, 0, 1, 2, 3, 3, 2, 3, 3, 3, 2, 0, 3, 1, 2, 2, 2, 1, 3, 3, 0, 3, 3, 1, 1, 0, 2, 3, 2, 0, 0, 1, 1, 1, 2, 1, 2, 3, 1, 3, 2, 2, 1, 1, 3, 0, 1, 0, 3, 1, 3, 3, 1, 2, 0], "predicted_labels": [3, 2, 2, 0, 2, 2, 2, 0, 2, 3, 2, 0, 0, 0, 3, 3, 3, 0, 3, 0, 0, 3, 2, 1, 1, 1, 3, 0, 1, 3, 0, 3, 3, 1, 1, 3, 1, 2, 1, 2, 2, 0, 1, 1, 2, 3, 2, 0, 3, 1, 1, 3, 0, 2, 0, 0, 3, 1, 3, 2, 1, 3, 2, 0, 3, 3, 2, 1, 0, 0, 1, 3, 0, 1, 0, 0, 1, 1, 0, 1, 1, 1, 1, 3, 3, 3, 3, 2, 3, 2, 2, 0, 0, 3, 1, 0, 3, 1, 1, 2, 1, 3, 2, 0, 1, 3, 2, 0, 1, 0, 3, 0, 1, 1, 0, 0, 2, 3, 1, 0, 1, 1, 3, 3, 2, 2, 2, 2, 2, 3, 2, 3, 3, 0, 0, 1, 1, 3, 2, 1, 2, 1], "confidence_scores": [[0.0027074055208013725, 0.0006576944494759921, 0.09423187840694108, 0.9024030216227816], [1.3492913110256772e-06, 0.025469657263571005, 0.7754885205676497, 0.19904047287746818], [0.00045383271915911566, 0.3485697334969388, 0.6405868218501442, 0.01038961193375799], [0.999981018169767, 1.3842607146343553e-06, 2.312798920275478e-06, 1.528477059780545e-05], [0.023269189636046437, 0.017370993546527023, 0.8999781449982696, 0.05938167181915707], [0.00011974814060259144, 0.00050698992477754, 0.9236775331120669, 0.07569572882255314], [0.2406160849117327, 0.0001413465438085804, 0.500687801402209, 0.25855476714224956], [0.9995170406188443, 0.0004464270087350787, 2.3512608338766795e-06, 3.4181111586889045e-05], [0.393505735201005, 0.08367306916683986, 0.5201489154688285, 0.0026722801633265723], [0.03992619541498479, 0.4263239675439595, 0.0353860600471812, 0.4983637769938744], [4.795775892927792e-05, 0.010059529344214889, 0.7960291510784087, 0.19386336181844713], [0.7299004390364029, 0.24022047156208323, 0.027466451426237316, 0.0024126379752765384], [0.821362711324663, 0.016413392447107874, 0.018299416527708376, 0.14392447970052072], [0.7573692360054014, 0.008938912735379551, 0.0005603846866528178, 0.23313146657256606], [0.00010866775884161497, 0.0001571202539203553, 0.001703818025276086, 0.9980303939619619], [5.339956799403145e-05, 8.344866245166753e-06, 2.6315609180435143e-09, 0.9999382529341998], [0.0014993618643486385, 0.02135413040650501, 0.025501532367312573, 0.9516449753618338], [0.7880669987298577, 0.20286447308007144, 0.0017949314675943713, 0.0072735967224765085], [0.017724099167545613, 0.07529156791957828, 0.0003041353717963089, 0.9066801975410799], [0.7093385183504267, 0.268232151087534, 0.008275977657411568, 0.01415335290462751], [0.7705719835744653, 6.832579592347334e-05, 0.10366439079949187, 0.12569529983011937], [0.0006478405953730995, 8.533961810125265e-05, 0.015283731325864858, 0.9839830884606607], [0.007502983453868469, 0.18121137503695678, 0.7951298303212295, 0.01615581118794513], [0.0192243258073227, 0.9668510984596064, 0.013562176431764552, 0.00036239930130645446], [5.69834131977058e-05, 0.998864454616424, 0.00019725098235428285, 0.0008813109880240535], [2.783964417599545e-06, 0.998602880696941, 0.0013476813911776613, 4.665394746367356e-05], [0.26800468823446977, 0.026047035904815982, 0.0008169834349761755, 0.7051312924257381], [0.6669636384593877, 0.08742609209581431, 0.0020563493432967117, 0.24355392010150134], [0.08338259213479374, 0.9132260848984691, 4.278476293978212e-05, 0.003348538203797322], [0.2607402359232465, 0.20389443612209154, 0.05082945161268699, 0.4845358763419748], [0.9079057446711749, 0.006298351475423061, 0.0013065811233292039, 0.0844893227300728], [0.4350229995849891, 0.00024202211575603656, 9.009151722784609e-05, 0.5646448867820271], [0.0002551780414730427, 0.0684620441911102, 0.01019286969728544, 0.9210899080701312], [3.54886613958703e-05, 0.9987774785063344, 0.0011870285684636402, 4.263806223080003e-09], [0.09327543137526387, 0.5975883532182327, 0.08033850274338016, 0.22879771266312318], [7.218331680329065e-07, 0.00046085389480966376, 1.1579969453852668e-06, 0.999537266275077], [0.0822585732404175, 0.905039040754655, 0.007588327669469026, 0.0051140583354584955], [1.2900972949487939e-06, 0.00027346464288584515, 0.9997068838169404, 1.836144287866905e-05], [0.3187584455183, 0.4853235399707878, 0.039509570230082836, 0.15640844428082942], [6.759791245274788e-08, 0.03304178353898441, 0.9669259542996782, 3.2194563425096214e-05], [0.03268616040743401, 0.07487396138089333, 0.8833631818187487, 0.009076696392923755], [0.9170461663308154, 0.06711021535301476, 0.014008553929908926, 0.0018350643862608412], [9.387623979885961e-06, 0.7049412365258866, 0.035980998364858595, 0.2590683774852749], [0.0006227360103282765, 0.9672406405578808, 0.03199679159588855, 0.00013983183590224741], [0.003779500576327411, 0.24795431094202464, 0.7266701313807484, 0.021596057100899534], [0.00017849946187386252, 0.0014868764788632748, 1.4779592478668606e-05, 0.9983198444667843], [0.2665735337627676, 0.08859853641281887, 0.4604284726429984, 0.18439945718141512], [0.859631967798699, 0.12207795129778072, 1.1279336304421765e-06, 0.01828895296988977], [0.00038255354515808783, 0.015548147928664028, 0.22670738632566104, 0.7573619122005169], [4.920568641875785e-07, 0.9999990336531756, 3.89482916140152e-07, 8.480704410063723e-08], [0.0015228712831160905, 0.7824583262058645, 0.20962275037108144, 0.006396052139937973], [0.21873912438718046, 0.04066276504883947, 0.0017181500773165797, 0.7388799604866635], [0.9986817325645249, 6.843762569776296e-07, 6.526385625266288e-07, 0.0013169304206557134], [0.00585264486059461, 0.21664270107101374, 0.7774703599540792, 3.429411431244691e-05], [0.8794812022673133, 0.04955223012113503, 0.004127289005401133, 0.06683927860615055], [0.997160707924884, 0.0021476322759616186, 0.00017034866394420142, 0.0005213111352102048], [2.3330365228672486e-05, 2.0076130992266857e-05, 0.00010851702487389154, 0.9998480764789052], [0.10809872455931188, 0.6704026874976564, 0.03212142081281695, 0.1893771671302147], [3.7991931734711855e-05, 8.47571995951767e-05, 0.0011169711594493522, 0.9987602797092209], [1.630771929815914e-05, 0.006640516930965423, 0.9681676572386115, 0.025175518111124985], [6.526014156715972e-06, 0.45044268988935865, 0.10767505826462062, 0.44187572583186413], [0.06362171700741458, 0.0009208460460714612, 0.20266166469428576, 0.7327957722522283], [0.0009538236422146058, 0.0007886706507669024, 0.9841589238012942, 0.014098581905724413], [0.9291673123559218, 0.009846073689395982, 2.73558740382487e-05, 0.06095925808064394], [0.08871113514013132, 0.00031582876459687115, 0.11932925230892526, 0.7916437837863466], [0.0006553824224538699, 0.24913589287571425, 0.07453484364397552, 0.6756738810578564], [0.0002754354110972678, 0.08983327098428252, 0.8985761936245665, 0.011315099980053636], [0.025259075286062305, 0.5666349400171133, 0.01066992563801517, 0.3974360590588091], [0.5114568428855185, 0.08786570758661776, 0.2497386268973693, 0.15093882263049446], [0.4999855275578475, 0.22569692340585365, 0.0007209033478729823, 0.27359664568842584], [0.20007200078752616, 0.6201537449041996, 0.17810971172946355, 0.0016645425788107701], [0.00014239146258318921, 0.07654486585939274, 2.93460235364055e-05, 0.9232833966544878], [0.5189902810824664, 0.06656607538103917, 4.124873806477207e-06, 0.41443951866268797], [4.3695912354829397e-07, 0.9984698000917304, 2.7726423603464326e-05, 0.0015020365255426083], [0.5016289845365424, 0.4983442386169414, 2.6278298421118757e-05, 4.985480951004036e-07], [0.663535983722152, 1.2007379051215702e-06, 6.567281768516505e-07, 0.33646215881176617], [0.03824672215897705, 0.9617415278210905, 3.160998002463652e-08, 1.1718409952425695e-05], [0.00016363546675893475, 0.9997925113442595, 4.035218242749858e-05, 3.5010065542972805e-06], [0.6022394892160736, 0.23291331249367866, 0.16274477194590145, 0.0021024263443463445], [0.0007001757905264235, 0.9992929152639792, 1.2213684439316528e-08, 6.89673180978203e-06], [0.1289959321226384, 0.8396861418479146, 0.024882028745073913, 0.006435897284373154], [2.7774240981714588e-06, 0.996196111546571, 0.0038010619888641764, 4.904046666326806e-08], [0.0048982330667092094, 0.9938508287203678, 0.0005254668698332915, 0.0007254713430896508], [5.412954152122743e-05, 7.869370043915754e-05, 8.542722768962307e-06, 0.9998586340352706], [0.00010101474358445519, 0.009329542358012437, 0.4238499923033891, 0.566719450595014], [2.5492534792904504e-08, 0.0007800754686144666, 0.00045119576685335517, 0.9987687032719974], [8.783440139337297e-06, 2.1657431912799108e-05, 0.00882542879962576, 0.991144130328322], [0.3090812198273357, 0.1913955626833769, 0.47093555168072976, 0.02858766580855771], [0.010104747556622249, 0.0006840631416635193, 1.125518969028034e-07, 0.9892110767498173], [2.5777287158814373e-07, 0.0035466571936027666, 0.7680235723364587, 0.22842951269706707], [1.8103533696952696e-08, 0.0004387282971232489, 0.9993877994341407, 0.00017345416520248746], [0.9089012336911035, 0.02887698453204308, 0.04971397519612219, 0.012507806580731133], [0.9967520657725045, 4.8334102368580905e-09, 8.317408500178642e-11, 0.003247929310911294], [0.27555694630602373, 9.788535555466411e-06, 0.1365059934184152, 0.5879272717400056], [0.0062637875697534855, 0.5621967669933036, 0.406127555969316, 0.025411889467626996], [0.6542559856808646, 0.3246929648498119, 0.016501421214582538, 0.0045496282547409], [0.017713211210186302, 3.693513748870088e-05, 0.0003557057653369807, 0.9818941478869881], [0.2629237446195528, 0.5744476698056449, 0.011844028786608696, 0.1507845567881936], [0.00010502071446761355, 0.5049733834159463, 0.1647455199439324, 0.33017607592565373], [0.357830299413322, 0.0038045065856679803, 0.6370989934645386, 0.001266200536471436], [0.003154365106764392, 0.9830815621429256, 0.01373373462400034, 3.0338126309726584e-05], [0.07477052772846829, 0.0094191600719866, 0.38239551688724077, 0.5334147953123044], [0.052668218030393885, 0.07076536577479468, 0.857621156577832, 0.0189452596169795], [0.5598270269806214, 0.41537422091177195, 0.015613303801472807, 0.009185448306133914], [0.08101372639840765, 0.5522848444949706, 1.411489636871892e-06, 0.366700017616985], [0.0008500786901128661, 0.015223163983208625, 0.001459206832100362, 0.9824675504945782], [0.36317753992716306, 0.028640449164222724, 0.596073478693613, 0.012108532215001163], [0.9736518346054104, 0.00421988467146918, 0.013579384943366891, 0.008548895779753525], [9.453431347194034e-06, 0.9896879874139015, 0.010228129245959729, 7.442990879159573e-05], [0.9980918776329901, 0.0010918096208131886, 0.0002553434945905092, 0.0005609692516061678], [0.03537838444447077, 0.0028282731819986267, 0.4055895122678091, 0.5562038301057215], [0.9929364109892707, 1.5090669801880006e-05, 0.0038061196284309303, 0.003242378712496629], [0.004657562338813691, 0.8544207778405134, 0.1248354193098192, 0.016086240510853743], [0.15669903237976052, 0.6684963186207186, 0.17330368195067106, 0.0015009670488497977], [0.6660168510911338, 5.6094796856819945e-05, 1.8525474909872363e-05, 0.3339085286370995], [0.4399666574048973, 0.1505339225187911, 0.017446875673793865, 0.3920525444025177], [1.2526530565549428e-05, 0.0028689834791163485, 0.8219943738217745, 0.17512411616854345], [0.20439404945071762, 0.22155014854010702, 0.00021029699846447392, 0.5738455050107109], [1.9354808787143982e-05, 0.5822220432763553, 1.2657096595738943e-05, 0.41774594481826177], [0.9375969119351442, 0.049284445876611585, 0.0052606553483709505, 0.007857986839873246], [0.005173721691530417, 0.9476983928022261, 0.04584926428808936, 0.0012786212181542234], [0.01664445800070825, 0.9828158980376751, 0.00048765904145554775, 5.198492016128719e-05], [0.4628362579283751, 0.042951411998253905, 1.896893262836112e-05, 0.49419336114074247], [0.0013301863375708293, 0.004099684231793603, 0.43196185415560007, 0.5626082752750355], [0.014873014967688407, 0.0033426278635202747, 0.9526699282709472, 0.02911442889784403], [7.691127360631802e-07, 0.04619329532833062, 0.93580653975213, 0.017999395806803403], [0.03018805579261757, 0.19464759258954084, 0.7396307539592469, 0.03553359765859467], [1.795611654217374e-05, 0.0002210776847506937, 0.9996709523985773, 9.00138001299298e-05], [0.0007386578680525147, 0.0012790464394140046, 0.9940187161692692, 0.003963579523264337], [0.0027757992347380686, 0.05340138008789611, 0.0008723432832815198, 0.9429504773940843], [0.003683974229610359, 0.03788212120049881, 0.9584286020527989, 5.302517092022421e-06], [0.0023522561134400443, 0.000840921749249296, 0.1938582121152722, 0.8029486100220384], [3.621505628122404e-06, 0.0010141657450944994, 0.0006093885909825267, 0.998372824158295], [0.9401784399511676, 4.294484774220207e-06, 3.6783563634754455e-06, 0.05981358720769475], [0.9853830617359388, 0.00010228866895842023, 0.0014328272203664699, 0.013081822374736317], [0.3344048510444482, 0.6426830676549405, 0.020834065331490858, 0.0020780159691204973], [0.3268711752035497, 0.6290157375068993, 0.00696388639664891, 0.03714920089290208], [0.0037760831163616525, 0.00027276799526743513, 0.04082258552429777, 0.955128563364073], [6.274684942414248e-06, 0.0004065115238827477, 0.9995623181601291, 2.489563104557209e-05], [0.05590935037403108, 0.5152897634521464, 0.0006487826195002588, 0.4281521035543223], [0.0669271368382035, 0.124930807478956, 0.8071724487659572, 0.0009696069168832348], [0.3757683081309657, 0.6241853300250263, 4.0338840033944574e-06, 4.2327960004725186e-05]]}, "rewritten": {"ids": ["97105580", "97106600", "97107260", "97113260", "97114170", "97118210", "98106560", "98108970", "98109311", "98110810", "98111620", "98112170", "98113881", "98120530", "99105921", "99107660", "99107950", "99109780", "99109840", "99110050", "99111340", "99111620", "100109890", "100111390", "100117420", "101108460", "101109000", "101111990", "101112201", "101113210", "101115190", "102110050", "102112030", "102112170", "102113210", "103111930", "103113270", "103113610", "103120340", "104111990", "104112201", "104113170", "104113190", "104114230", "104116800", "104116980", "104118070", "105110251", "105112240", "105113170", "105113330", "105115250", "105116501", "105116860", "105119950", "105120621", "105121370", "106114280", "106116441", "106116850", "106117770", "106118161", "107113360", "107114110", "107114280", "107117630", "107118120", "107118490", "107118780", "107120010", "107120260", "107121540", "108113620", "108114040", "108114220", "108114270", "108114670", "108115250", "108115500", "108115870", "108117610", "108118301", "108118810", "108119330", "108121190", "108121410", "109114270", "109114720", "109116170", "109117431", "109117630", "109120560", "109120621", "110114561", "110115580", "110115890", "110115980", "110116290", "110117110", "110118161", "110118810", "110120540", "110121450", "111114171", "111114321", "111115620", "111116290", "111117571", "111118810", "111119290", "111119610", "111119930", "111119950", "111120540", "111120640", "111121220", "112116401", "112116610", "112116800", "112116810", "112116900", "112116990", "112118471", "112118550", "112118581", "112118701", "112120640", "112120670", "112121010", "112121351", "113117340", "113117401", "113117630", "113118511", "113118620", "113118810", "113119700", "113119950", "113120751", "113121810", "113121980", "113122230"], "labels": [1, 3, 2, 1, 2, 2, 1, 3, 1, 1, 3, 3, 3, 1, 1, 3, 1, 2, 2, 3, 1, 3, 3, 2, 2, 0, 1, 2, 0, 3, 1, 3, 2, 3, 3, 3, 2, 2, 1, 2, 0, 3, 3, 2, 1, 1, 2, 0, 1, 0, 3, 2, 1, 2, 3, 1, 2, 3, 0, 3, 0, 3, 0, 1, 3, 0, 3, 2, 1, 1, 1, 2, 3, 0, 3, 3, 3, 1, 3, 3, 3, 1, 1, 0, 1, 0, 3, 0, 0, 1, 0, 1, 1, 0, 1, 2, 1, 2, 0, 0, 1, 1, 3, 3, 1, 1, 2, 3, 0, 3, 2, 1, 0, 1, 0, 3, 0, 1, 0, 3, 3, 0, 1, 3, 1, 0, 0, 2, 2, 0, 2, 3, 0, 1, 3, 3, 0, 0, 1, 2, 2, 1], "predicted_labels": [0, 2, 2, 3, 2, 3, 3, 1, 1, 1, 2, 1, 0, 0, 0, 0, 2, 1, 3, 2, 2, 3, 1, 0, 2, 3, 3, 2, 1, 3, 1, 2, 0, 2, 3, 0, 2, 3, 0, 1, 0, 1, 0, 2, 0, 2, 0, 3, 2, 3, 0, 0, 1, 3, 1, 1, 2, 0, 0, 0, 0, 2, 2, 3, 2, 2, 2, 2, 0, 2, 0, 3, 0, 1, 1, 0, 1, 2, 1, 3, 0, 3, 3, 0, 3, 0, 2, 2, 3, 3, 0, 3, 0, 1, 3, 1, 0, 2, 3, 0, 3, 0, 3, 0, 1, 0, 0, 0, 0, 1, 2, 3, 1, 1, 1, 0, 0, 2, 3, 2, 3, 0, 1, 0, 2, 3, 3, 1, 1, 0, 2, 0, 1, 3, 1, 3, 1, 3, 3, 1, 1, 1], "confidence_scores": [[0.9630712671865517, 4.009666943937463e-05, 0.03378622225027472, 0.0031024138937343544], [0.002355349538594915, 0.0038277469092568316, 0.9932306849662037, 0.0005862185859444238], [7.218815909214887e-06, 1.2816678345594613e-05, 0.9999796460391142, 3.184666309618546e-07], [1.9780275049956128e-08, 0.0007593150152222132, 0.0018045467685693728, 0.9974361184359333], [4.037410467365882e-06, 0.17279450140053745, 0.5086140541164527, 0.31858740707254257], [0.03192139783508494, 0.00016187484397436674, 0.09677555364921855, 0.8711411736717222], [0.01636850285587601, 4.5771381578454786e-05, 0.0002881522460863567, 0.9832975735164592], [4.014177388924864e-06, 0.6945600806127833, 0.30500996814785425, 0.00042593706197352027], [0.00583683643611705, 0.520432583227493, 0.007878509982421495, 0.4658520703539684], [7.421251987863343e-06, 0.9996361596664843, 0.0003563876408012392, 3.1440726703406145e-08], [0.1657713146882896, 0.17219545698637212, 0.6597499361564604, 0.002283292168877923], [0.008717797357293887, 0.6386583772433918, 0.3000490306033221, 0.052574794795992114], [0.5503904666409898, 0.4421885817958825, 0.006988095981554553, 0.00043285558157311996], [0.7738428489268557, 0.013191807829217295, 5.260473822077256e-05, 0.21291273850570624], [0.9496579273749834, 0.015871320760879333, 0.020752102325921083, 0.013718649538216256], [0.5453026395800389, 0.14724817259958728, 0.13525321544525565, 0.17219597237511833], [1.95501724619348e-07, 0.00014418587392513957, 0.9201371197593474, 0.0797184988650029], [4.554637315403301e-05, 0.9963911983486208, 0.0005662519482743353, 0.0029970033299508135], [0.0013898753873176105, 0.0014001812781968927, 0.4915505041694898, 0.5056594391649957], [0.0013982014338179555, 0.022121472167814925, 0.8933731798238498, 0.08310714657451736], [1.468019470285256e-06, 4.266925922286005e-05, 0.999924843529574, 3.1019191732626794e-05], [0.0014956306878403098, 0.00012695567315880256, 0.033885758257671546, 0.9644916553813294], [0.0862334581580649, 0.6939761527996067, 0.18633721403607387, 0.03345317500625463], [0.6454070926237931, 0.23238191235801844, 3.1262497340503734e-05, 0.12217973252084796], [2.5230047410041647e-07, 0.015344276348699677, 0.9553959187156004, 0.0292595526352259], [0.0030466973644881386, 0.015099334410022015, 0.03753232677423395, 0.944321641451256], [0.007031581389836019, 0.00018579725981521922, 0.09998113571999508, 0.8928014856303537], [0.4192028661597462, 0.021252270775281783, 0.4966953284353947, 0.06284953462957744], [0.06734978009971239, 0.9153869402721848, 0.015026736935154252, 0.002236542692948512], [0.00018377709922559092, 9.244600993822451e-05, 0.009885015011402423, 0.9898387618794336], [0.011955088489971928, 0.9789280080952848, 0.009014828546688065, 0.00010207486805502711], [0.19750039774465797, 0.0006041387063729604, 0.7170057573837076, 0.08488970616526133], [0.593699924786816, 0.1676665261684293, 0.2363716367214412, 0.0022619123233135435], [0.1502177076760573, 0.00016842867556567353, 0.8399833197252168, 0.00963054392316015], [0.0012276379964520385, 0.004590317196528131, 0.027551404203878468, 0.9666306406031413], [0.8818379339432247, 0.09342178266300832, 0.006090254376640725, 0.018650029017126042], [5.6741736760489136e-05, 0.00017518171085478476, 0.8502570342131196, 0.14951104233926527], [0.0011929624976772775, 0.11531898061397337, 0.279406029094358, 0.6040820277939913], [0.7870319615038072, 0.19461873024398318, 0.01147365204979877, 0.006875656202410831], [0.08051436967937442, 0.913615604377945, 0.005866526544345627, 3.4993983349555883e-06], [0.9932452077195812, 7.561332427960895e-05, 5.769239800785428e-05, 0.006621486558131135], [5.418136570395911e-06, 0.9626731181003463, 0.03506446070364301, 0.0022570030594403715], [0.9679196197837077, 0.0014585877739569876, 0.03049060127724837, 0.00013119116508689208], [0.0002310948951498604, 0.008912063937505486, 0.83782188035911, 0.15303496080823462], [0.7850578859740883, 0.16424815148799896, 0.05055205366991352, 0.0001419088679992277], [1.469643335130288e-06, 0.0024899860838615887, 0.9833754068372196, 0.01413313743558379], [0.6587882660387939, 0.07659939503710664, 0.2630085758075222, 0.001603763116577183], [0.00010859290356358564, 0.0006407281591564256, 8.46861459557249e-05, 0.9991659927913242], [0.0003591241503793044, 0.005157805631042671, 0.9941953772041038, 0.00028769301447418617], [8.969577918663319e-07, 3.175416404893679e-05, 0.0004637965747017572, 0.9995035523034573], [0.9961305269080547, 0.0010856045575222805, 0.0013965347939313623, 0.0013873337404918056], [0.8382248700935795, 0.004727326455719496, 0.004088872753832088, 0.15295893069686886], [0.027548630764168254, 0.6507089072878361, 5.2062815336574396e-08, 0.3217424098851801], [0.0017794676264095623, 0.025554990623834314, 1.9620990806485006e-05, 0.9726459207589495], [3.7977229458992096e-05, 0.9998881935332464, 1.4296758438531762e-05, 5.953247885608656e-05], [0.04333122380130222, 0.6626787040659977, 2.5998409731842797e-07, 0.2939898121486026], [0.00014561634881235421, 0.001059718463758641, 0.9968202103295752, 0.0019744548578537404], [0.9973985318240611, 0.0004027386523797048, 1.66693028677745e-05, 0.0021820602206914968], [0.9809891353299754, 0.019002602183323246, 7.943181161572419e-06, 3.193055397965402e-07], [0.8205667077014037, 0.14676174638978767, 0.0217503984538995, 0.010921147454909142], [0.49173708786776366, 0.10890846252085097, 0.003106954695382947, 0.3962474949160023], [0.00019691639332195825, 0.013330869971852972, 0.9807650515151741, 0.005707162119650981], [0.0002598953572004293, 1.866348664682187e-05, 0.9841329185074489, 0.015588522648703928], [4.3968086519674315e-05, 0.004489604131982402, 0.005472921979600523, 0.9899935058018975], [0.03239090334438792, 0.11317647916130187, 0.6194213780614296, 0.23501123943288063], [0.01700310001580259, 0.019746464403046858, 0.8614643632697593, 0.10178607231139135], [0.0018927583031370123, 0.012112818583327049, 0.9756165759389323, 0.010377847174603595], [0.013839502994202188, 0.28620497644685533, 0.698901598845242, 0.0010539217137006292], [0.5239197152119273, 0.04665494930494833, 0.002534889518470783, 0.42689044596465364], [0.0003846784666768686, 9.130052941976371e-05, 0.9906230518560929, 0.008900969147810396], [0.9716627885069692, 0.02829619153387222, 4.063406114650899e-05, 3.858980121174793e-07], [0.08937368297460399, 0.0007723164161416167, 0.001783749836704872, 0.9080702507725495], [0.5405516760586566, 0.37085053207005236, 0.08853278857047275, 6.500330081827307e-05], [0.05238261642706755, 0.8696671081371157, 0.0704620865168561, 0.007488188918960706], [3.2686245761690145e-05, 0.9703893375605982, 0.028758732347039455, 0.000819243846600583], [0.8901516042077201, 0.044563857473014015, 0.0031347167535883172, 0.06214982156567753], [4.860344981816303e-05, 0.9998405099255745, 0.00011054090156567153, 3.457230415068562e-07], [0.26038084034753284, 0.0004975243686811639, 0.6655447279214831, 0.07357690736230281], [0.014856958139040153, 0.9644983774512841, 0.020552936943384642, 9.172746629109978e-05], [0.00017371044258867447, 0.00020377369418928248, 0.09465348641055416, 0.904969029452668], [0.5829186108344426, 0.0002119412826259027, 0.2384431487823023, 0.17842629910062924], [0.0223842171275166, 0.43457136620707254, 3.69934875037482e-05, 0.5430074231779072], [0.00015725777687873178, 1.0786341838329228e-06, 8.611989130122983e-10, 0.9998416627277386], [0.9996606652240776, 0.00030272861556587116, 5.110086341113448e-06, 3.149607401546976e-05], [0.005328106194175097, 0.025744344468583123, 0.003964944868970568, 0.9649626044682712], [0.6113988997396649, 0.3788329299249067, 0.0001579518715714622, 0.009610218463856917], [0.0008268412376373259, 9.942513676709856e-05, 0.8390036950686899, 0.16007003855690552], [0.00295851080389355, 0.3469626445476193, 0.5089702451598149, 0.14110859948867213], [0.0001967340130846372, 0.026449388985268718, 1.7429903423394513e-05, 0.9733364470982232], [0.04439816052196666, 0.005069012968592997, 0.0015322024857947522, 0.9490006240236455], [0.5722426066289986, 0.4103394821898331, 0.01592835271022345, 0.0014895584709448389], [4.3288489322245645e-06, 0.00038898655177145596, 0.10385985951517525, 0.8957468250841211], [0.9872869723613151, 0.003908289472534568, 8.999352291555872e-05, 0.008714744643234693], [0.019766210423567965, 0.9461034503288657, 0.01091333722613321, 0.023217002021433328], [0.00649918724410538, 0.001256778724154256, 0.4674795773312491, 0.5247644567004912], [2.2932659306804707e-06, 0.788272166013841, 0.005148139677315756, 0.2065774010429126], [0.8450373227733613, 0.00010417684585946324, 0.0007724389198987104, 0.1540860614608805], [0.08630211548526123, 0.00012921151205389886, 0.8026788181196952, 0.11088985488298969], [1.960257125541385e-05, 0.003104052653351686, 0.10386974591701073, 0.8930065988583822], [0.9993846699800956, 0.0004791279460717325, 1.0432398315558794e-05, 0.0001257696755171463], [0.0030642895382262266, 0.3033852203583001, 0.0014986592218576204, 0.692051830881616], [0.8717782616375691, 0.03426774587429433, 0.09394112343759121, 1.2869050545519333e-05], [0.005342098978280497, 0.0027262374195077413, 0.00563153208486303, 0.9863001315173487], [0.9998882121606353, 2.0497321867209653e-06, 7.820551930238768e-11, 0.00010973802897222582], [8.834939399095027e-05, 0.9985007660874705, 0.0014107206553152527, 1.6386322311349562e-07], [0.9333346187589668, 0.00836843486236603, 0.0012165383117793756, 0.05708040806688773], [0.8342826409823757, 0.07843962415432709, 0.06542195793229232, 0.021855776931004798], [0.6610124247120645, 0.15605810498469488, 0.17329988944485927, 0.00962958085838125], [0.8070559628351923, 0.12388887892944163, 6.115504173833086e-06, 0.06904904273119233], [0.08193737867148174, 0.5340059966959279, 0.027707644041623347, 0.35634898059096703], [1.6111045323696266e-06, 0.0003756183763447762, 0.9995746257671366, 4.814475198641428e-05], [0.05927930694398352, 0.013547011102651342, 1.5141931465199922e-05, 0.9271585400219], [0.13111704462780735, 0.6342957400749819, 0.004884227790512904, 0.22970298750669774], [0.0010087706186657206, 0.7430780902316926, 0.2557625307612709, 0.00015060838837087858], [0.00030677811330094074, 0.9996913552650126, 5.010738635241627e-08, 1.8165143001117962e-06], [0.7629879157753531, 0.025225764417815686, 0.00022691142737057626, 0.21155940837946063], [0.9998180773249934, 7.697935119774728e-06, 7.337734757869244e-05, 0.00010084739230812876], [0.3217634783457622, 0.07977966390930886, 0.5879715365998469, 0.010485321145082029], [0.00012514425071721643, 0.0009234886819840647, 2.067000451400748e-06, 0.9989493000668473], [0.001996267128640044, 0.007834575491805643, 0.9875664576106398, 0.0026026997689143454], [0.24834377332425223, 0.004286601881497426, 2.492612987301987e-06, 0.7473671321812629], [0.9944513219676833, 3.0266906646543525e-05, 0.0023524842876862114, 0.003165926837984192], [3.2815108244608306e-07, 0.9999345909330895, 4.561050885943023e-05, 1.9470406968831076e-05], [0.995715971602379, 1.2770657260679748e-05, 1.4207701822683371e-06, 0.004269836970178039], [0.00012181690087093112, 0.00461010856750966, 0.7758578332573061, 0.21941024127431324], [2.145528552407368e-05, 0.02453756054084776, 0.02613779769048883, 0.9493031864831393], [4.089237204126988e-06, 6.522313451396683e-05, 0.026232441591384856, 0.973698246036897], [6.509372741799695e-07, 0.9980716138101761, 0.0019260010945912124, 1.7341579583959223e-06], [0.012999330291749276, 0.9510969753245384, 0.03503862425026714, 0.0008650701334452611], [0.588235128104396, 4.987214827087715e-06, 1.288368347199033e-05, 0.4117470009973048], [0.0008177663433428094, 0.0613557958467175, 0.6963291434080753, 0.24149729440186438], [0.5578798678643497, 0.0009217416778752304, 0.3889705818005807, 0.0522278086571943], [0.1963536341818189, 0.6300071559576821, 0.0038501712114336834, 0.1697890386490652], [0.0016912942292553383, 0.0009142980518028373, 0.00018945450341803301, 0.9972049532155238], [0.04947327605628584, 0.9505204542346247, 1.8463945632797458e-08, 6.251245143807024e-06], [8.281668240608356e-05, 0.0004480133646361024, 0.00012147128463595729, 0.9993476986683218], [0.0037174981168435098, 0.9394451695865189, 0.056820865472289754, 1.646682434787269e-05], [0.007468068044642656, 0.12298815276211597, 8.812434712495537e-06, 0.8695349667585288], [1.8907675534867193e-07, 0.0006768895373828344, 0.19542435686950632, 0.8038985645163554], [5.27213007725289e-08, 0.9725878189260669, 0.027364419086927695, 4.770926570461179e-05], [2.331277876027456e-05, 0.8677696217789126, 0.00022144869267951041, 0.13198561674964757], [0.2596904586296243, 0.5424793393026844, 0.19384048926092604, 0.00398971280676521]]}}