{"test": {"ids": ["105114220", "107113200", "98106680", "108120700", "100111270", "104119290", "104111711", "107114321", "112119980", "110113591", "108113740", "112120990", "109120621", "98116500", "100108260", "112119580", "100116500", "106115120", "107121640", "110118930", "99108330", "113118421", "111117200", "101108500", "102109850", "112117461", "113122170", "109121351", "105121370", "113122180", "110115710", "107112840", "106117650", "98107010", "97116790", "105115250", "112120290", "103118291", "109114220", "103111620", "105118171", "106114321", "101112201", "103120531", "99109780", "110117500", "100108580", "98109311", "104112470", "106116441", "111116640", "106121220", "113119450", "113118870", "111120220", "97107950", "111120531", "105118740", "98111231", "103110220", "102113981", "106113260", "98109570", "110118810", "99109840", "105116441", "109114720", "108113480", "107116980", "113118630", "101110200", "104114230", "111115780", "108115070", "101114020", "111116750", "106121190", "103113640", "110120531", "108117451", "102110750", "111119930", "113121750", "97112290", "113121980", "101108950", "111119430", "99108000", "107120130", "100111620", "112117790", "105121190", "104116980", "98106111", "106112770", "112116290", "98106560", "112121351", "103111480", "109116810", "103110050", "113119300", "109114030", "113117630", "97105451", "113118820", "109113881", "104113550", "101112160", "112116640", "112121030", "110117200", "106118161", "110117870", "104114240", "97107260", "113122230", "107120010", "104118070", "113121410", "100109330", "105116090", "111117120", "103111170", "99109311", "98108370", "102112301", "108118520", "112120540", "108118291", "112120670", "108114360", "109117150", "109120150", "101109370", "109119591", "108114200", "100107920", "107120880", "113122510", "105113260", "106114150"], "labels": [3, 0, 1, 2, 2, 1, 1, 0, 0, 0, 3, 2, 1, 2, 3, 3, 2, 1, 1, 1, 1, 3, 0, 3, 1, 0, 1, 0, 2, 2, 2, 1, 1, 3, 2, 2, 1, 0, 3, 0, 3, 2, 0, 3, 2, 1, 0, 1, 1, 0, 0, 1, 3, 0, 3, 2, 0, 1, 1, 2, 1, 3, 1, 1, 2, 1, 0, 0, 3, 3, 2, 2, 1, 1, 3, 3, 2, 1, 0, 2, 1, 1, 0, 1, 2, 2, 3, 2, 2, 3, 3, 2, 1, 0, 1, 0, 1, 0, 0, 3, 3, 1, 1, 0, 0, 0, 0, 1, 3, 0, 0, 3, 3, 3, 0, 2, 1, 1, 2, 0, 0, 1, 2, 2, 1, 1, 1, 0, 3, 3, 2, 1, 2, 2, 1, 0, 0, 0, 1, 2, 3, 1], "predicted_labels": [3, 3, 1, 3, 1, 3, 3, 3, 3, 1, 0, 1, 1, 3, 3, 3, 0, 0, 3, 1, 3, 1, 1, 3, 3, 3, 3, 0, 1, 1, 3, 3, 3, 3, 3, 0, 2, 3, 0, 1, 3, 3, 0, 3, 1, 3, 3, 1, 3, 1, 3, 1, 0, 1, 3, 3, 1, 1, 0, 1, 1, 1, 3, 3, 3, 3, 1, 1, 0, 3, 3, 3, 1, 1, 3, 0, 3, 0, 1, 3, 1, 1, 1, 3, 3, 3, 1, 3, 1, 1, 3, 3, 3, 1, 3, 1, 3, 3, 3, 3, 1, 3, 1, 1, 3, 3, 3, 3, 3, 3, 0, 3, 1, 3, 3, 3, 1, 3, 1, 3, 1, 3, 1, 3, 1, 3, 1, 1, 1, 3, 3, 1, 0, 3, 1, 1, 0, 3, 3, 1, 3, 3], "confidence_scores": [[0.24079707792207794, 0.2806771284271283, 0.17713607226107222, 0.3013897213897214], [0.220624458874459, 0.2385231296481296, 0.19557385669885669, 0.34527855477855485], [0.19937433399933405, 0.2871775238650239, 0.2320133477633478, 0.2814347943722944], [0.23829347041847043, 0.2777299783549784, 0.17280176767676766, 0.3111747835497837], [0.18351863414363412, 0.29660443722943725, 0.2276350820232399, 0.2922418466036887], [0.14524188311688316, 0.30365524753024753, 0.23259512709512706, 0.31850774225774225], [0.22859487734487735, 0.23249062049062055, 0.20164790764790766, 0.3372665945165946], [0.16605125612691396, 0.28815012765012776, 0.14786575668483562, 0.3979328595381228], [0.23823183760683772, 0.2584488983238982, 0.1397842712842713, 0.3635349927849927], [0.264770326895327, 0.30146982184482196, 0.15471037296037296, 0.27904947829947824], [0.3276034243534244, 0.26384938672438674, 0.13566966366966368, 0.27287752525252534], [0.20681646825396832, 0.33189361333111345, 0.14478869047619042, 0.316501227938728], [0.2674338578088578, 0.3024817612942613, 0.13263746669996662, 0.29744691419691416], [0.21025, 0.2654564185814186, 0.22650570263070263, 0.2977878787878788], [0.25367141192141196, 0.2387663100788102, 0.21054227716727708, 0.2970200008325008], [0.21680321067821068, 0.3026562604062605, 0.1551016344766345, 0.32543889443889445], [0.28679022366522366, 0.20822859085359086, 0.23145046620046622, 0.2735307192807194], [0.2889070790320791, 0.24611549561549567, 0.19923183760683771, 0.26574558774558776], [0.23269444444444454, 0.2800016233766234, 0.20373989898989897, 0.28356403318903317], [0.18746825396825403, 0.3410523989898991, 0.1503769841269841, 0.3211023629148629], [0.26125090187590194, 0.262208152958153, 0.21077471139971135, 0.26576623376623376], [0.27560367410367403, 0.28872208347208367, 0.15119232646438532, 0.28448191595985717], [0.2722374292374293, 0.29986846486846486, 0.15406989538239538, 0.27382421051171046], [0.20100450937950934, 0.2785708319458319, 0.20783513708513707, 0.3125895215895216], [0.24312590187590197, 0.2301215728715729, 0.22351870351870354, 0.3032338217338218], [0.28664466089466084, 0.20644227994228004, 0.2058589466089467, 0.30105411255411274], [0.20352468364968362, 0.25534114496614496, 0.18541738816738818, 0.3557167832167832], [0.29010209235209244, 0.24858104395604402, 0.1745473831723832, 0.28676948051948054], [0.21833257020757024, 0.3211178266178267, 0.14574206349206348, 0.3148075396825397], [0.25662631812631814, 0.32813113275613276, 0.1362304084804084, 0.2790121406371407], [0.22233441558441563, 0.2725818903318904, 0.1785571789321789, 0.32652651515151526], [0.2684163614163615, 0.2707350427350428, 0.14282763070263071, 0.31802096514596523], [0.24983477633477644, 0.2756277958152959, 0.1768618326118326, 0.29767559523809534], [0.2516032856032856, 0.2811847735597736, 0.15151599789099784, 0.31569594294594305], [0.1983581557331557, 0.24883560883560882, 0.2641283855033854, 0.28867784992784984], [0.31386459373959386, 0.2566530622155623, 0.20396896159396163, 0.22551338245088254], [0.21302362914862916, 0.23640530303030313, 0.3036159812409814, 0.24695508658008664], [0.24820995670995671, 0.276573593073593, 0.192196608946609, 0.2830198412698413], [0.2993122294372294, 0.2591307997557998, 0.18737960650460653, 0.2541773643023644], [0.2024935897435898, 0.31886513486513496, 0.22256776556776559, 0.2560735098235099], [0.20252862415362421, 0.2874369658119658, 0.17623390498390493, 0.3338005050505051], [0.24063708513708515, 0.25448406454656464, 0.2093072760572761, 0.2955715742590744], [0.29123797036297044, 0.2505331196581196, 0.19164609002109004, 0.26658281995782], [0.27679864579864577, 0.27001755189255194, 0.1562887806637806, 0.2968950216450217], [0.25691119991119993, 0.30391119991119986, 0.1951182567432568, 0.24405934343434335], [0.2577418414918416, 0.2982208208458208, 0.13079677267177267, 0.3132405649905651], [0.2486444388944389, 0.213218253968254, 0.26216942779442787, 0.2759678793428794], [0.25810637973137984, 0.2779490231990232, 0.2385189255189256, 0.22542567155067164], [0.21533272283272278, 0.2785063270063271, 0.17724339549339546, 0.3289175546675547], [0.2525986652236653, 0.3513425047175048, 0.14203958541458542, 0.2540192446442447], [0.23455943544759336, 0.2397213393331815, 0.2000766872016872, 0.3256425380175381], [0.2648753607503609, 0.30599981962481954, 0.1572505411255411, 0.2718742784992785], [0.35130351592851594, 0.23014213564213573, 0.17614273226773222, 0.2424116161616162], [0.28672817460317473, 0.3038156565656567, 0.14478156565656566, 0.2646746031746032], [0.266713924963925, 0.2537399961149962, 0.1292939144189144, 0.35025216450216445], [0.21469642857142862, 0.22157341269841271, 0.22622781385281382, 0.3375023448773449], [0.2021913086913087, 0.37010882173382176, 0.1818364135864136, 0.24586345598845605], [0.2416392496392497, 0.2935294011544012, 0.18910317460317458, 0.2757281746031746], [0.29314942002442007, 0.2711183816183816, 0.18051406926406927, 0.2552181290931292], [0.18394613719613723, 0.3204844877344877, 0.2030514624264624, 0.29251791264291255], [0.2744110195360197, 0.3234401848151849, 0.18484462759462758, 0.21730416805416794], [0.27884849872349887, 0.3303556443556443, 0.15566654179154177, 0.23512931512931515], [0.2641984769616348, 0.2044928404928405, 0.14373352086509977, 0.38757516168042494], [0.20394931457431464, 0.2646722582972583, 0.1930865800865801, 0.33829184704184706], [0.21258495670995672, 0.22388986013986012, 0.21230445942945944, 0.35122072372072366], [0.2043968253968254, 0.29474404761904766, 0.2003728354978356, 0.3004862914862915], [0.22501581751581756, 0.34149516455766443, 0.1617244422244422, 0.2717645757020758], [0.20443759018759014, 0.3028777264402265, 0.20095048007548016, 0.29173420329670335], [0.3572478354978355, 0.22958757215007217, 0.16665349927849932, 0.24651109307359317], [0.2057513875013875, 0.26892642773892783, 0.12895734126984124, 0.39636484348984347], [0.23246507659007654, 0.2714424880674881, 0.21233678821178817, 0.2837556471306471], [0.24264363414363427, 0.273435064935065, 0.17592488067488063, 0.3079964202464204], [0.2576874098124098, 0.29164682539682546, 0.17821188533688528, 0.2724538794538795], [0.2825041851423431, 0.31364978588662795, 0.18559927572427576, 0.21824675324675336], [0.2505176767676767, 0.25789826839826846, 0.19282828282828277, 0.2987557720057721], [0.3327293262293264, 0.199184398934399, 0.1904577505827506, 0.2776285242535242], [0.2135268759018759, 0.2736533189033189, 0.21853174603174605, 0.29428805916305917], [0.36066468253968265, 0.19548829642579643, 0.18051114163614165, 0.2633358793983795], [0.20125391479435603, 0.3188862575333164, 0.182587031024531, 0.2972727966477967], [0.2756742562992563, 0.2464689060939061, 0.15385701798201792, 0.32399981962481966], [0.22994426406926405, 0.2985964452214452, 0.24031150793650802, 0.23114778277278283], [0.25586038961038965, 0.3218609307359307, 0.14154648129648126, 0.2807321983571984], [0.2120934343434344, 0.3261290376290377, 0.14125142912642913, 0.320526098901099], [0.222163308913309, 0.24714665889665896, 0.2135932400932401, 0.31709679209679204], [0.22126141913641906, 0.2828678543678544, 0.1655889804639804, 0.33028174603174615], [0.21370725108225114, 0.22600721500721505, 0.19982720057720063, 0.36045833333333344], [0.1982821067821068, 0.3340829725829726, 0.18113221500721502, 0.2865027056277057], [0.21574512987012992, 0.2642718253968254, 0.18356295093795094, 0.3364200937950939], [0.23177741702741714, 0.28795256132756136, 0.2169768564768565, 0.26329316516816514], [0.2584628427128427, 0.26313834776334777, 0.24639069264069258, 0.23200811688311693], [0.2890800865800866, 0.22387644300144302, 0.15916179653679652, 0.3278816738816739], [0.19800860250860247, 0.2940263902763903, 0.2090768398268399, 0.2988881673881674], [0.18902173703489492, 0.27893697786132005, 0.21128266178266172, 0.3207586233211233], [0.20918481518481527, 0.30116236541236535, 0.22240521978021977, 0.2672475996225997], [0.21968481028775147, 0.25082961972667855, 0.2264953102453101, 0.3029902597402599], [0.26225811688311684, 0.2930254329004329, 0.16220436507936506, 0.28251208513708514], [0.24119588744588744, 0.21835750360750372, 0.21758106272812155, 0.3228655462184875], [0.27601148851148855, 0.25207346819846826, 0.1914150432900433, 0.2805], [0.22306037018537025, 0.24988618326118325, 0.22214579864579878, 0.30490764790764796], [0.23498661061161058, 0.2608873765123765, 0.18234114496614498, 0.32178486790986793], [0.2104073565323565, 0.3393478049728051, 0.19121320346320342, 0.25903163503163507], [0.18734920634920638, 0.2827497294372296, 0.15595265151515147, 0.37394841269841256], [0.22761577311577313, 0.3223351925851926, 0.15079774392274387, 0.2992512903762904], [0.18112518037518033, 0.35467730880230874, 0.16530447330447326, 0.29889303751803753], [0.24529978354978352, 0.26672144522144525, 0.16438383838383827, 0.32359493284493285], [0.3064739149739149, 0.2254199411699413, 0.16112463924963918, 0.3069815046065046], [0.22094588744588745, 0.28558694083694086, 0.18702838827838827, 0.3064387834387834], [0.2873609446109446, 0.23099725968475973, 0.17776758658008648, 0.3038742091242092], [0.21629496891996894, 0.2723924617049617, 0.21292458236208245, 0.298387987012987], [0.2537169913419914, 0.2975544871794872, 0.1267676628926629, 0.3219608585858586], [0.33341702741702745, 0.22684325396825403, 0.15354520479520473, 0.28619451381951394], [0.21514411976911976, 0.26013876401376396, 0.16384289321789317, 0.3608742229992231], [0.2502822316572317, 0.29131295093795095, 0.199355574980575, 0.2590492424242424], [0.21347918747918748, 0.2741892135642136, 0.20349923687423688, 0.30883236208236214], [0.2399336774336774, 0.26719318181818186, 0.1757099567099567, 0.31716318403818416], [0.21267442279942284, 0.2232566183816184, 0.23078192640692635, 0.33328703241203245], [0.25056349206349215, 0.31918693806193804, 0.1576231962481962, 0.27262637362637354], [0.1948588217338218, 0.23648334998335005, 0.27690788378288383, 0.2917499444999445], [0.2289347735597736, 0.2908391608391609, 0.22943524531024526, 0.2507908202908203], [0.18610057997558, 0.3173484709734711, 0.14124066211566214, 0.355310286935287], [0.29434394771894773, 0.32877716727716744, 0.16295621045621048, 0.21392267454767452], [0.2361285797535798, 0.2601913780663781, 0.1885344377844378, 0.31514560439560435], [0.207635878010878, 0.3306426767676768, 0.1897426046176046, 0.2719788406038406], [0.24532786657786654, 0.24479471916971932, 0.19157396769896767, 0.3183034465534466], [0.2165721084471085, 0.2750466269841271, 0.2461362387612388, 0.2622450258075258], [0.2026056166056166, 0.24936317848817846, 0.2548916083916084, 0.29313959651459653], [0.19795833333333332, 0.29809859584859594, 0.2236933760683761, 0.28024969474969474], [0.19057227494727505, 0.30718403818403817, 0.21176893939393954, 0.2904747474747475], [0.24494354256854256, 0.32963059163059166, 0.1762081529581529, 0.2492177128427129], [0.2893062770562771, 0.23139466089466093, 0.1581058247308247, 0.3211932373182374], [0.23384325396825403, 0.22692992424242434, 0.22646230158730163, 0.3127645202020203], [0.24253973803973808, 0.2875574425574426, 0.21854493605809389, 0.25135788334472553], [0.295206474081474, 0.27550633394383395, 0.1831422327672328, 0.2461449592074593], [0.2665158730158732, 0.2702352092352092, 0.18216473803973807, 0.2810841797091798], [0.2147559523809523, 0.28443317099567106, 0.2175211940836941, 0.28328968253968256], [0.20133447108447103, 0.3238230519480519, 0.16988858363858367, 0.3049538933288934], [0.31456451881451875, 0.23329671717171718, 0.14821019258519255, 0.30392857142857144], [0.25400216450216456, 0.25056242368742365, 0.17870775934591723, 0.31672765246449464], [0.23226289682539691, 0.28283261183261194, 0.1876941738816738, 0.2972103174603174], [0.19086754911754916, 0.3291890331890333, 0.21446807359307357, 0.26547534410034396], [0.2582774170274171, 0.25784980297480314, 0.16445965145965147, 0.31941312853812853], [0.22876623376623378, 0.2640328282828282, 0.2119061147186147, 0.2952948232323232]]}, "rewritten": {"ids": ["97105451", "97107260", "97107950", "97112290", "97116790", "98106111", "98106560", "98106680", "98107010", "98108370", "98109311", "98109570", "98111231", "98116500", "99108000", "99108330", "99109311", "99109780", "99109840", "100107920", "100108260", "100108580", "100109330", "100111270", "100111620", "100116500", "101108500", "101108950", "101109370", "101110200", "101112160", "101112201", "101114020", "102109850", "102110750", "102112301", "102113981", "103110050", "103110220", "103111170", "103111480", "103111620", "103113640", "103118291", "103120531", "104111711", "104112470", "104113550", "104114230", "104114240", "104116980", "104118070", "104119290", "105113260", "105114220", "105115250", "105116090", "105116441", "105118171", "105118740", "105121190", "105121370", "106112770", "106113260", "106114150", "106114321", "106115120", "106116441", "106117650", "106118161", "106121190", "106121220", "107112840", "107113200", "107114321", "107116980", "107120010", "107120130", "107120880", "107121640", "108113480", "108113740", "108114200", "108114360", "108115070", "108117451", "108118291", "108118520", "108120700", "109113881", "109114030", "109114220", "109114720", "109116810", "109117150", "109119591", "109120150", "109120621", "109121351", "110113591", "110115710", "110117200", "110117500", "110117870", "110118810", "110118930", "110120531", "111115780", "111116640", "111116750", "111117120", "111117200", "111119430", "111119930", "111120220", "111120531", "112116290", "112116640", "112117461", "112117790", "112119580", "112119980", "112120290", "112120540", "112120670", "112120990", "112121030", "112121351", "113117630", "113118421", "113118630", "113118820", "113118870", "113119300", "113119450", "113121410", "113121750", "113121980", "113122170", "113122180", "113122230", "113122510"], "labels": [0, 2, 2, 1, 2, 0, 1, 1, 3, 1, 1, 1, 1, 2, 2, 1, 1, 2, 2, 0, 3, 0, 0, 2, 3, 2, 3, 2, 1, 2, 3, 0, 3, 1, 1, 1, 1, 3, 2, 2, 0, 0, 1, 0, 3, 1, 1, 1, 2, 0, 1, 2, 1, 3, 3, 2, 1, 1, 3, 1, 2, 2, 1, 3, 1, 2, 1, 0, 1, 3, 2, 1, 1, 0, 0, 3, 1, 2, 1, 1, 0, 3, 0, 1, 1, 2, 3, 0, 2, 0, 1, 3, 0, 3, 2, 0, 2, 1, 0, 0, 2, 3, 1, 3, 1, 1, 0, 1, 0, 3, 2, 0, 3, 1, 3, 0, 0, 0, 0, 3, 3, 0, 1, 3, 2, 2, 0, 0, 0, 3, 3, 0, 0, 1, 3, 0, 0, 2, 1, 2, 1, 2], "predicted_labels": [3, 3, 3, 3, 3, 1, 3, 1, 3, 3, 0, 3, 0, 1, 3, 1, 3, 3, 3, 3, 3, 0, 1, 3, 1, 3, 1, 3, 3, 1, 3, 1, 0, 1, 1, 0, 1, 1, 1, 3, 2, 1, 0, 3, 1, 3, 3, 0, 3, 1, 3, 3, 3, 3, 1, 0, 3, 1, 3, 1, 3, 3, 3, 1, 3, 0, 1, 1, 3, 3, 3, 3, 0, 3, 3, 0, 3, 1, 1, 3, 1, 0, 3, 3, 1, 3, 0, 0, 3, 3, 1, 3, 1, 3, 1, 1, 3, 0, 1, 3, 3, 3, 1, 1, 3, 3, 3, 1, 3, 0, 1, 1, 3, 3, 1, 1, 1, 1, 3, 3, 3, 3, 0, 0, 3, 1, 0, 0, 1, 0, 1, 0, 1, 3, 0, 3, 1, 3, 3, 3, 1, 1], "confidence_scores": [[0.2567779581529582, 0.2749595404595405, 0.14658621933621926, 0.3216762820512821], [0.24641450216450217, 0.22540259740259735, 0.23268434343434344, 0.2954985569985571], [0.2363412698412699, 0.24600595238095238, 0.24031746031746037, 0.2773353174603176], [0.25987463924963927, 0.24213100788100786, 0.19646619352869357, 0.3015281593406594], [0.24658748196248198, 0.25451202963702974, 0.21622835497835502, 0.28267213342213343], [0.2209864718614719, 0.31742045454545453, 0.18660082972582978, 0.2749922438672441], [0.23751731601731602, 0.21432160894660907, 0.18146428571428574, 0.36669678932178934], [0.2302070707070708, 0.3224255952380953, 0.22065990953490952, 0.2267074245199246], [0.22807395382395385, 0.25469558219558225, 0.1534789516039515, 0.3637515123765123], [0.17505638805638807, 0.24602079864579862, 0.2688608891108892, 0.3100619241869242], [0.27952795815295817, 0.22392304917304917, 0.24697390109890108, 0.2495750915750916], [0.2327230079861658, 0.2309289321789322, 0.14970561821219716, 0.3866424416227048], [0.31197698135198143, 0.24837402874902886, 0.17874483849483844, 0.26090415140415146], [0.23380212842712844, 0.2960191752691752, 0.18994042069042066, 0.28023827561327574], [0.2620333277833278, 0.2221076701076701, 0.19078190742006534, 0.32507709468893686], [0.25205122655122647, 0.25888168775668774, 0.24874157786657783, 0.24032550782550782], [0.24989327339327339, 0.24176521395271397, 0.21151862026862026, 0.2968228923853925], [0.23353950216450212, 0.2884609834609834, 0.18647552447552446, 0.29152398989899], [0.22594588744588756, 0.2250280483405483, 0.18173286435786434, 0.3672931998556999], [0.2613335692085693, 0.2668335414585415, 0.16122760061575847, 0.31060528871713095], [0.2091451465201466, 0.26069175962925967, 0.2156222943722943, 0.3145407994782995], [0.27827777777777785, 0.2324352453102453, 0.24474368686868683, 0.24454329004329017], [0.28478532578532584, 0.32034360084360086, 0.1615009573759573, 0.2333701159951161], [0.22788437950937943, 0.24765295815295818, 0.21323374724690505, 0.31122891509075723], [0.25774224386724387, 0.27247366522366523, 0.24528192640692636, 0.22450216450216465], [0.2504025280275281, 0.2539021672771673, 0.21037737262737255, 0.28531793206793216], [0.20806836219336222, 0.3009595404595405, 0.21073556998556994, 0.2802365273615273], [0.24176984126984127, 0.2396639610389611, 0.17801406926406924, 0.3405521284271284], [0.2202416056166057, 0.24173394660894662, 0.2402843406593407, 0.297740107115107], [0.27338168775668775, 0.2925607725607725, 0.1596582445332446, 0.27439929514929523], [0.2537886557886559, 0.2573056665556666, 0.21127292152292154, 0.27763275613275606], [0.2708032661782662, 0.2967897380397381, 0.19459450271950277, 0.23781249306249308], [0.2868483044733045, 0.24169257131757133, 0.20710558885558886, 0.26435353535353545], [0.23857936507936517, 0.29248124098124106, 0.23522571872571874, 0.23371367521367525], [0.21031186868686877, 0.3166229603729604, 0.2054141414141414, 0.26765102952602954], [0.26466612554112545, 0.2605076867576868, 0.23448720723720728, 0.2403389804639804], [0.23757936507936517, 0.29200059662559663, 0.18765494227994226, 0.282765096015096], [0.20602536352536352, 0.32713673826173817, 0.1897365828615828, 0.27710131535131544], [0.22642757242757244, 0.31516192141192145, 0.1757845071595071, 0.28262599900099894], [0.23405158730158734, 0.27111417748917765, 0.1589650072150072, 0.33586922799422786], [0.21566833166833166, 0.22877712565212566, 0.29614762116967996, 0.2594069215098627], [0.20932034632034643, 0.28086766011766007, 0.2452541486291486, 0.26455784493284495], [0.3605438311688313, 0.1975277777777778, 0.1580813492063492, 0.28384704184704185], [0.27680230880230877, 0.24101022588522586, 0.1948743150124729, 0.2873131502999925], [0.2380407092907094, 0.29316798479298484, 0.1786893939393939, 0.2901019119769121], [0.19126646964146965, 0.27803621378621385, 0.17372204184704182, 0.35697527472527474], [0.18634733322233316, 0.30467907092907104, 0.18938336663336663, 0.31959022921522934], [0.29309848484848494, 0.2309535533910534, 0.19403941197691205, 0.2819085497835499], [0.264505230880231, 0.22065133477633472, 0.1702282439782439, 0.34461519036519045], [0.26707288544788543, 0.2776870490620492, 0.18832395382395375, 0.2669161116661117], [0.23866239316239318, 0.25001298701298696, 0.23334146409146408, 0.27798315573315585], [0.24493362193362195, 0.2804154040404041, 0.18049873737373737, 0.2941522366522366], [0.12886363636363632, 0.2984162504162504, 0.21279725829725826, 0.3599228549228549], [0.24589059551559556, 0.27046724109224113, 0.15661396242646242, 0.32702820096570107], [0.23451984126984127, 0.3180497835497836, 0.1929306249306249, 0.2544997502497503], [0.32168832556332566, 0.25965970834720836, 0.1557632228882229, 0.26288874320124317], [0.2760243506493507, 0.23748863636363637, 0.16075396825396818, 0.32573304473304476], [0.23578802447552452, 0.29142986180486186, 0.18758766927516932, 0.2851944444444445], [0.2221960678210678, 0.269337024087024, 0.16557615995115993, 0.3428907481407482], [0.23117460317460325, 0.31626587301587306, 0.18975, 0.2628095238095238], [0.26387851037851034, 0.2552814685314685, 0.17636950549450542, 0.3044705155955157], [0.24336269286269296, 0.303762792762793, 0.13961309523809523, 0.31326141913641914], [0.2084188470842882, 0.2605570728291317, 0.22748060966810965, 0.30354347041847046], [0.254317821067821, 0.3404683788433788, 0.15783320845820842, 0.24738059163059162], [0.2454832806082807, 0.2572960927960928, 0.22888855588855583, 0.26833207070707066], [0.28106722444222443, 0.22877849927849936, 0.2178291847041847, 0.2723250915750916], [0.2519553918303919, 0.2959282661782661, 0.17624260461760463, 0.27587373737373744], [0.2364175495557075, 0.3479319985569985, 0.13524908863066756, 0.28040136325662646], [0.21776954989454997, 0.29297049478299475, 0.15930261405261406, 0.32995734126984133], [0.22533898046398051, 0.2769748376623376, 0.21059722222222224, 0.28708895965145964], [0.23265331890331895, 0.27052398989898985, 0.16761657786657783, 0.3292061133311134], [0.2344839466089467, 0.28110119047619053, 0.1904257548007548, 0.29398910811410806], [0.3065752164502165, 0.22435973748473756, 0.169613344988345, 0.299451701076701], [0.22845147907647917, 0.27911557192807196, 0.17145372682872684, 0.3209792221667223], [0.2540431253687833, 0.24086562049062046, 0.14539095371003266, 0.3597003004305636], [0.3321755050505052, 0.24471617965367976, 0.16454166666666661, 0.25856664862914863], [0.18944696969696972, 0.27221825396825405, 0.2257939005439005, 0.31254087579087575], [0.23450740925740937, 0.3192747113997114, 0.17061428848928845, 0.2756035908535909], [0.19848905261405264, 0.3264401154401155, 0.18443385780885777, 0.2906369741369741], [0.2635685425685426, 0.23045274170274171, 0.17887878787878791, 0.3270999278499279], [0.23363106338106332, 0.30228152403152403, 0.1823603896103896, 0.281727022977023], [0.33711965811965805, 0.259033189033189, 0.11785112110112105, 0.28599603174603183], [0.2904016261516263, 0.27561211011211006, 0.1340426795426795, 0.2999435841935842], [0.24562481962481963, 0.26487512487512493, 0.15319880996196786, 0.3363012455380876], [0.2765364357864357, 0.3139663947163947, 0.1778109668109669, 0.23168620268620269], [0.3111320346320347, 0.22101424963924965, 0.1131415945165945, 0.3547121212121212], [0.34418607291401415, 0.2205732510953099, 0.15185546398046396, 0.283385212010212], [0.289696608946609, 0.2680468975468976, 0.18046717171717166, 0.26178932178932174], [0.25397570485070486, 0.2946199078699079, 0.13642676767676767, 0.31497761960261966], [0.2767429653679654, 0.22141720779220783, 0.18094938394938395, 0.32089044289044294], [0.25524895937395947, 0.30695543345543347, 0.1462853535353535, 0.2915102536352537], [0.28454852092352084, 0.24182578532578533, 0.16334495548311334, 0.31028073826758035], [0.18775685425685432, 0.3200937395937396, 0.1993824508824509, 0.29276695526695523], [0.24923397435897435, 0.28309582084582086, 0.1289441391941392, 0.3387260656010656], [0.2674902597402597, 0.2829550727050728, 0.1768118409368409, 0.27274282661782673], [0.171031746031746, 0.3489369033744035, 0.20880867743367745, 0.2712226731601732], [0.24297438672438676, 0.28248334998335006, 0.16565571928071926, 0.3088865440115441], [0.3199112554112554, 0.2526127344877346, 0.1494801587301587, 0.27799585137085137], [0.2584951437451439, 0.299321053946054, 0.16085674048174045, 0.28132706182706174], [0.2736229603729604, 0.2794320332445333, 0.1616415598290598, 0.2853034465534466], [0.1814947691197691, 0.27803963397713405, 0.16286281773781766, 0.3776027791652792], [0.21031145243645233, 0.294276966089466, 0.18243962981462986, 0.31297195165945174], [0.2665633255633256, 0.30177398989898996, 0.1839577922077923, 0.24770489232989243], [0.2274493145743147, 0.32311940836940845, 0.1564231601731601, 0.29300811688311695], [0.25499801587301596, 0.2609343989343989, 0.1676516955266955, 0.3164158896658896], [0.20107954545454546, 0.3130256687756689, 0.14856313131313134, 0.33733165445665436], [0.2064002941502941, 0.267111235986236, 0.15874382561882563, 0.36774464424464426], [0.26920039682539687, 0.303043956043956, 0.17270400432900435, 0.2550516428016429], [0.2681911421911423, 0.23872582972582976, 0.1815963342213342, 0.3114866938616939], [0.3892204878454877, 0.18747240259740264, 0.1768166694416695, 0.24649044011544008], [0.21343253968253972, 0.33144841269841274, 0.16860714285714282, 0.2865119047619048], [0.25765133477633484, 0.2791659451659452, 0.1905535714285714, 0.27262914862914855], [0.22892865467865475, 0.27305910755910756, 0.19768241480741483, 0.300329822954823], [0.2679707792207792, 0.2512403707403707, 0.17547499722499718, 0.30531385281385287], [0.27897113997114004, 0.31589700577200586, 0.11302417027417029, 0.29210768398268405], [0.21933109945609952, 0.37397588522588543, 0.19947406759906763, 0.20721894771894772], [0.2593166139416139, 0.2957926934176935, 0.17299392274392272, 0.2718967698967699], [0.237972582972583, 0.2916246392496393, 0.1936367035742036, 0.2767660742035742], [0.2431880203130204, 0.24698068598068595, 0.16251992451992459, 0.3473113691863693], [0.30641258741258737, 0.1994550172050172, 0.14880230880230877, 0.3453300865800866], [0.25424772449772454, 0.28217718392718383, 0.1293542152292152, 0.3342208763458763], [0.2004598318348318, 0.2821331862581862, 0.1526605894105894, 0.3647463924963924], [0.26114610389610393, 0.2329781746031747, 0.25817478354978357, 0.24770093795093812], [0.2939875541125541, 0.26515440115440114, 0.1900674603174603, 0.25079058441558444], [0.22082905982905987, 0.24196680402930407, 0.225596916971917, 0.3116072191697192], [0.1910463772338773, 0.377566052003552, 0.14620926478492263, 0.2851783059776482], [0.3550785325785325, 0.23367261904761907, 0.1516300366300366, 0.25961881174381174], [0.2941471306471307, 0.2887505064380065, 0.1576112914862915, 0.2594910714285714], [0.18884050671550667, 0.35337426462426463, 0.1826121933621933, 0.27517303529803533], [0.3343765262515263, 0.24296481296481295, 0.09865481740481741, 0.3240038433788434], [0.2249722222222222, 0.3303048895548896, 0.15899188311688306, 0.285731005106005], [0.30718592518592525, 0.24452601565101573, 0.15438265900765902, 0.2939054001554002], [0.26631854256854265, 0.29557287157287154, 0.1967683982683982, 0.2413401875901876], [0.19482387057387063, 0.25860299422799427, 0.16066534160284157, 0.3859077935952937], [0.2945663988788989, 0.22140595515595515, 0.19457514013764005, 0.2894525058275058], [0.22672535797535803, 0.27574651737151745, 0.14618000055500055, 0.35134812409812405], [0.25281092518592524, 0.33754082029082033, 0.1272276196026196, 0.28242063492063496], [0.20608531746031752, 0.2899812548562549, 0.19109347596847592, 0.3128399517149517], [0.1726975108225108, 0.30884433621933616, 0.16818953962703959, 0.3502686133311134], [0.26072155622155624, 0.24994823232323224, 0.14378163503163496, 0.34554857642357645], [0.19812085137085142, 0.323809829059829, 0.16002002164502158, 0.318049297924298], [0.2148763458763459, 0.319982905982906, 0.18938479575979572, 0.2757559523809524]]}}