{"test": {"ids": ["99105921", "103111830", "107113550", "103111930", "112116800", "105115570", "112120670", "100108520", "103112641", "113119360", "112118530", "111121351", "103118291", "110117870", "101119030", "112121351", "105115380", "112119930", "101119591", "97105760", "113120780", "106116120", "112118890", "112117030", "100111270", "104114240", "104111780", "113118490", "112116501", "107112840", "107116980", "99109161", "110114561", "108114180", "99119830", "106116370", "102108621", "99111000", "100111390", "104111830", "113118231", "105113190", "103111540", "97108520", "113117550", "101110740", "102110240", "113121410", "98110230", "106117790", "101108950", "107119130", "112119120", "109120150", "109117600", "113122160", "106115240", "97106600", "98109090", "110114321", "101112201", "105121190", "112117580", "108119330", "110118450", "98108410", "102109010", "98111620", "113122430", "107113360", "98108580", "110120540", "103111620", "110120640", "111114171", "107113180", "111121410", "111116010", "103113270", "109116810", "108120280", "111115770", "106118161", "110120190", "102112170", "103120340", "97116410", "113118111", "103120531", "111118820", "113118511", "112118820", "99109311", "107114110", "106114321", "105119550", "104113170", "110114950", "99108080", "110118181", "97106591", "113121190", "99108710", "104111990", "112121360", "106115250", "109114720", "111120540", "110118630", "100112060", "113121220", "108115880", "112119500", "109120560", "106116820", "111115400", "106113190", "110120700", "103113170", "104113190", "99108010", "97116790", "105112100", "100120780", "106114011", "100110260", "99107300", "112116810", "109114030", "102107961", "99109370", "97114170", "104109311", "104114410", "102112030", "110120531", "106120640", "113118870", "110117500", "107116300", "107121230", "102112250"], "labels": [1, 3, 0, 3, 0, 0, 2, 2, 3, 0, 1, 0, 0, 3, 3, 0, 1, 1, 0, 0, 0, 1, 3, 2, 2, 0, 3, 1, 3, 1, 3, 3, 0, 1, 1, 2, 3, 2, 2, 3, 3, 3, 1, 2, 3, 3, 3, 0, 3, 1, 2, 1, 1, 2, 1, 3, 1, 3, 1, 1, 0, 2, 0, 0, 0, 1, 1, 3, 2, 0, 0, 1, 0, 0, 3, 3, 0, 1, 2, 3, 3, 3, 3, 3, 3, 1, 3, 1, 3, 0, 1, 0, 1, 1, 2, 1, 3, 0, 3, 1, 1, 1, 2, 2, 3, 2, 0, 1, 1, 2, 3, 3, 2, 1, 1, 0, 0, 2, 3, 3, 2, 2, 1, 1, 1, 3, 3, 3, 1, 3, 1, 2, 3, 1, 2, 0, 3, 0, 1, 0, 0, 0], "predicted_labels": [1, 3, 1, 1, 1, 1, 1, 3, 0, 3, 1, 1, 3, 3, 3, 1, 3, 1, 0, 0, 1, 1, 1, 3, 1, 3, 1, 3, 0, 1, 1, 0, 1, 1, 0, 0, 0, 3, 0, 1, 3, 0, 3, 1, 1, 1, 3, 3, 0, 3, 1, 3, 1, 3, 0, 3, 1, 3, 0, 3, 0, 3, 3, 3, 3, 1, 3, 3, 3, 0, 1, 1, 3, 3, 1, 1, 3, 1, 1, 3, 0, 1, 0, 3, 3, 3, 1, 1, 0, 0, 1, 1, 1, 3, 0, 1, 1, 3, 3, 1, 1, 1, 1, 3, 1, 1, 1, 3, 1, 3, 3, 3, 1, 3, 3, 3, 3, 3, 1, 1, 1, 3, 3, 3, 1, 0, 0, 1, 3, 3, 1, 3, 0, 1, 3, 0, 1, 1, 1, 3, 1, 3], "confidence_scores": [[0.26979028194028176, 0.29303803418803454, 0.17006424131424133, 0.2671074425574428], [0.28623905538905553, 0.20746058386058405, 0.19227017982017983, 0.31403018093018104], [0.21782183372183395, 0.27912176353058715, 0.24067160062160076, 0.26238480212597876], [0.21236212317094674, 0.3323087579087579, 0.19013605283605298, 0.26519306608424276], [0.18930967365967377, 0.33514594017094024, 0.1853172854922855, 0.2902271006771006], [0.20212069597069607, 0.2975695360195363, 0.21240375180375187, 0.28790601620601614], [0.18287453102453116, 0.31572798035298055, 0.20876846209346211, 0.2926290265290266], [0.23791335331335345, 0.2284642968142969, 0.23562509157509162, 0.2979972582972584], [0.30310597735597744, 0.2663630203130205, 0.17374134754134757, 0.2567896547896548], [0.21558989898989905, 0.26890670995671, 0.206296451914099, 0.3092069391392922], [0.21806976911976908, 0.31329693639693645, 0.19103818958818972, 0.277595104895105], [0.2604446192696193, 0.2858385114885116, 0.1683984792984794, 0.2853183899433898], [0.27795818625818625, 0.2681859529359529, 0.13635740566622923, 0.31749845513963165], [0.22688747086247105, 0.23892257464757477, 0.21351916939269897, 0.3206707850972558], [0.2167422355422355, 0.26634711922064874, 0.21386733821733833, 0.3030433070197776], [0.24268452935952942, 0.3175100815850816, 0.16226694971694972, 0.2775384393384395], [0.20529013209013208, 0.2789943056943059, 0.23257820512820518, 0.28313735708735704], [0.25810296647796654, 0.27531827061827063, 0.2002708985458986, 0.2663078643578644], [0.3264985403485403, 0.28030799478299473, 0.13881124153624166, 0.2543822233322235], [0.3163226551226552, 0.2774820568320569, 0.1645035076035077, 0.24169178044178047], [0.2082609446109447, 0.34643532578532577, 0.1507365356865357, 0.2945671939171938], [0.2141341713841715, 0.29170560550560554, 0.20900995115995125, 0.28515027195027187], [0.20449444444444448, 0.3184281024531025, 0.20952658730158738, 0.2675508658008659], [0.20160594405594395, 0.26435908535908553, 0.2253592352092353, 0.3086757353757353], [0.2112079076152607, 0.28423299478299474, 0.2442580680757151, 0.2603010295260296], [0.22770159285159297, 0.2590861027861027, 0.19612273837273853, 0.3170895659895659], [0.28225353535353537, 0.31097818847818864, 0.15888943833943833, 0.24787883782883785], [0.2717964218787751, 0.2528853019529491, 0.1694591686091687, 0.3058591075591077], [0.3156750638250639, 0.27881759906759906, 0.14034109779109788, 0.2651662393162394], [0.19844636474636468, 0.32211186591186575, 0.22147650127650118, 0.25796526806526815], [0.28343106893106895, 0.32626595626595634, 0.1404948273948275, 0.24980814740814752], [0.30890667943167943, 0.28056778499278495, 0.1546430513930514, 0.2558824841824843], [0.2660966089466089, 0.29833408813408807, 0.15519746919746924, 0.2803718337218338], [0.22501188811188816, 0.3189082722832723, 0.20633848651348669, 0.24974135309135323], [0.28095820845820846, 0.27015249750249754, 0.1900141580641581, 0.25887513597513606], [0.29164477744477746, 0.24511048755166415, 0.19998663395428107, 0.2632581010492775], [0.3157950937950939, 0.2818059607059608, 0.15898441558441564, 0.24341452991452994], [0.19212614052614055, 0.2722504051504052, 0.22557375957375955, 0.31004969474969457], [0.265525962925963, 0.2642852758352757, 0.20543004773004778, 0.2647587135087136], [0.17906203241203253, 0.34618011988011976, 0.17646509046509057, 0.29829275724275733], [0.25039017257252555, 0.2720115440115441, 0.1893664874341346, 0.28823179598179594], [0.30301867576867575, 0.2263624764124765, 0.18206481296481297, 0.2885540348540349], [0.24207330272067135, 0.27905695693195715, 0.18844637225519592, 0.29042336809217617], [0.23669169719169728, 0.29280950242567894, 0.21716500754147813, 0.253333792841146], [0.21923296311531607, 0.3003248346424818, 0.18824922854922863, 0.29219297369297365], [0.22204386169386178, 0.271887678987679, 0.23658955488955494, 0.2694789044289045], [0.23891464646464652, 0.24543148518148536, 0.2369081751581752, 0.27874569319569326], [0.21684829059829075, 0.30957279387279385, 0.15710836385836388, 0.31647055167055144], [0.31449887612387595, 0.2696698939948942, 0.18549368964368965, 0.2303375402375404], [0.21745895215895208, 0.255837334887335, 0.21433109113109117, 0.3123726218226219], [0.1788867687867689, 0.3321859529359529, 0.23745769475622425, 0.2514695835210542], [0.21559812295547592, 0.2649479298479299, 0.23428523812788524, 0.28516870906870884], [0.2442505106005107, 0.296707215007215, 0.1805077367077368, 0.27853453768453784], [0.22580744533244546, 0.23389585969585966, 0.2242920773670774, 0.31600461760461773], [0.2856259645583176, 0.2516795237442298, 0.2102978361507774, 0.2523966755466757], [0.2002748057498058, 0.2777683621933624, 0.23334121989122003, 0.28861561216561227], [0.27398111888111903, 0.2989142413142414, 0.15560147075147077, 0.27150316905316924], [0.22697378177378175, 0.2937423409923409, 0.171248273948274, 0.3080356032856034], [0.3013876623376622, 0.25954237984238, 0.16733783210253805, 0.2717321257174198], [0.2537418969918972, 0.281812173937174, 0.17777644300144307, 0.28666948606948595], [0.32298745143745144, 0.2945824037074039, 0.14501810134310128, 0.23741204351204367], [0.17227235264735272, 0.29929184149184146, 0.20533371628371638, 0.3231020895770895], [0.2185782495282496, 0.30987488622488624, 0.15819739704739705, 0.3133494671994672], [0.19414502164502165, 0.2843809856809857, 0.1812391053391055, 0.3402348873348873], [0.194166810966811, 0.29153607503607504, 0.21211746031746043, 0.30217965367965377], [0.23858326950826955, 0.30330786990786995, 0.24760007215007215, 0.21050878843378856], [0.21897162282162289, 0.2660333277833279, 0.23459034854034855, 0.28040470085470093], [0.1846527222777223, 0.26297361249861234, 0.27106635080605684, 0.2813073144176085], [0.19888868076368071, 0.27652792762792766, 0.1836291922130158, 0.3409541993953757], [0.42661932120167423, 0.18381288711288726, 0.16589197028461747, 0.22367582140082143], [0.22430408190842976, 0.27261238664716925, 0.24133841158841166, 0.2617451198559896], [0.19607758352758362, 0.32491910671028307, 0.21090901516783872, 0.2680942945942945], [0.2018722111222112, 0.2875423909423909, 0.22006782106782113, 0.29051757686757695], [0.2347227994227995, 0.24000772005772011, 0.1923268675768677, 0.33294261294261285], [0.2445416305916305, 0.3174618580765641, 0.15617622018504382, 0.2818202911467619], [0.16530843600843612, 0.33917187812187827, 0.19121447996448016, 0.3043052059052059], [0.2324435786435787, 0.28646137751137757, 0.1720558960647196, 0.30903914778032415], [0.2090934640522876, 0.32167841325341323, 0.18758555056055068, 0.28164257213374866], [0.1811097608274079, 0.2961804195804194, 0.23174430177665478, 0.290965517815518], [0.26188763066998366, 0.2656477506153977, 0.16977475857475868, 0.30268986013986027], [0.32703482905982917, 0.23235710123210127, 0.1474730991230992, 0.2931349705849708], [0.2953784548784549, 0.2973416730328495, 0.16987833473715833, 0.23740153735153738], [0.30988370795870795, 0.2823516206016206, 0.1416792596292596, 0.2660854118104118], [0.1923157287157288, 0.29274980574980564, 0.17685084360084358, 0.33808362193362185], [0.28378424908424904, 0.2163895604395605, 0.19162592407592421, 0.3082002664002662], [0.1969213147963148, 0.23453766233766243, 0.25759948384948395, 0.310941539016539], [0.2479230963480963, 0.267702011877012, 0.23433308080808093, 0.25004181096681105], [0.2679437173937174, 0.32627575480075477, 0.15507676767676776, 0.2507037601287602], [0.28562312687312696, 0.28045197580197573, 0.1615400099900101, 0.27238488733488747], [0.30572196414696423, 0.2474875882287648, 0.17738275531657893, 0.2694076923076924], [0.2714481102231102, 0.33448885281385266, 0.1399090631590633, 0.2541539738039739], [0.23896536241536245, 0.32622328227328234, 0.15467044067044064, 0.2801409146409147], [0.25250905205905216, 0.2772283771783773, 0.19359268509268515, 0.27666988566988565], [0.24074025419025424, 0.28853801753801744, 0.15835022200022206, 0.31237150627150634], [0.3330060622384151, 0.2750193140193142, 0.1570320884997356, 0.23494253524253542], [0.238123162948163, 0.3134051892551893, 0.1876553613053614, 0.2608162864912865], [0.24688473944356304, 0.29112435064935055, 0.1849480824730825, 0.27704282743400405], [0.2388273310023311, 0.2533617271617272, 0.21456159396159405, 0.29324934787434775], [0.25570355951238327, 0.2578772116772119, 0.22795540015540033, 0.2584638286550053], [0.28357173382173395, 0.2851747474747476, 0.16375603840603856, 0.26749748029748044], [0.256830180930181, 0.2930439643689644, 0.21613839265309862, 0.2339874620477562], [0.18034225219225225, 0.3325252580752582, 0.18270370185370188, 0.304428787878788], [0.2289509284832815, 0.30115148185148183, 0.2310634959811431, 0.23883409368409386], [0.20855450382950394, 0.2631819327731093, 0.2435227153565391, 0.28474084804084804], [0.23221625041625055, 0.326426950826951, 0.19228097458097457, 0.24907582417582413], [0.2671563103563106, 0.28623740981240986, 0.18496143578643584, 0.2616448440448442], [0.21004833499833525, 0.3116996558996558, 0.184424975024975, 0.2938270340770341], [0.2433250083250084, 0.2582008880008882, 0.18795567765567775, 0.310518426018426], [0.1986435064935065, 0.29760839438339454, 0.22193495670995686, 0.28181314241314254], [0.25898590021090034, 0.25622243867243877, 0.18721589537913072, 0.2975757657375307], [0.21977246919746934, 0.27338341103341113, 0.18551374018138736, 0.32133037958773264], [0.2344621212121213, 0.2766643856143857, 0.19005829170829178, 0.2988152014652016], [0.20777609612609624, 0.3089343739593739, 0.22001444225708938, 0.26327508765744073], [0.25117085137085154, 0.23429824619824624, 0.2076066877566878, 0.3069242146742147], [0.22681657231657248, 0.27670826950826954, 0.21717785547785556, 0.2792973026973028], [0.23460460650460654, 0.2774605755355755, 0.18649168609168615, 0.3014431318681318], [0.21240217939954795, 0.2781060106560107, 0.21359511795394154, 0.29589669199050006], [0.2066692640692641, 0.2888111333111334, 0.19783507603507614, 0.30668452658452644], [0.1966768842268843, 0.33151832056832053, 0.22341720501720516, 0.24838759018759038], [0.19976237847120212, 0.33203826173826145, 0.18415876345876345, 0.284040596331773], [0.22316139416139422, 0.34077641247641255, 0.17662737262737274, 0.25943482073482077], [0.24587506382506402, 0.2542538683538684, 0.23827690642690652, 0.2615941613941616], [0.24934721944721955, 0.2776125985125988, 0.19326943611943623, 0.27977074592074586], [0.23471161061161078, 0.26427214452214476, 0.2144058996558997, 0.28661034521034534], [0.26097294372294366, 0.29295818070818064, 0.16719521589521594, 0.2788736596736598], [0.3141258685758685, 0.2321631507381508, 0.17208287823287827, 0.2816281024531025], [0.26272080697080713, 0.25883346098346105, 0.22900530580530593, 0.2494404262404263], [0.25496156621156624, 0.27341242809478117, 0.21193801068212845, 0.2596879950115245], [0.26344214119214115, 0.2623771950271949, 0.1974198440448442, 0.27676081973581973], [0.24955231990231985, 0.2813812001723767, 0.1612356052444288, 0.3078308746808748], [0.2517095016095017, 0.321890485537854, 0.1904354589854591, 0.2359645538671856], [0.2066166694416695, 0.29814073981573985, 0.19151753246753242, 0.3037250582750583], [0.31677403038138335, 0.24635620490620502, 0.1386530131633074, 0.29821675154910454], [0.21792154087742327, 0.28361171606171615, 0.2385305873864699, 0.259936155674391], [0.21202821622821633, 0.2736949383949385, 0.22299732489732496, 0.2912795204795205], [0.312554856254856, 0.24719405594405613, 0.16728086194850908, 0.2729702258525787], [0.20837364579864584, 0.3146347652347652, 0.19177332030714397, 0.2852182686594451], [0.22393846708846712, 0.3153883893883893, 0.16661242091242098, 0.29406072261072275], [0.23973331390831398, 0.332681845931846, 0.14188189588189593, 0.2857029442779444], [0.24181139579374888, 0.2808736946060475, 0.1743370120076003, 0.3029778975926035], [0.21409933677433687, 0.3433205405705407, 0.16474700022200028, 0.2778331224331226], [0.28410794483294494, 0.2380731657231659, 0.18028795926295926, 0.2975309301809303]]}, "rewritten": {"ids": ["97105760", "97106591", "97106600", "97108520", "97114170", "97116410", "97116790", "98108410", "98108580", "98109090", "98110230", "98111620", "99105921", "99107300", "99108010", "99108080", "99108710", "99109161", "99109311", "99109370", "99111000", "99119830", "100108520", "100110260", "100111270", "100111390", "100112060", "100120780", "101108950", "101110740", "101112201", "101119030", "101119591", "102107961", "102108621", "102109010", "102110240", "102112030", "102112170", "102112250", "103111540", "103111620", "103111830", "103111930", "103112641", "103113170", "103113270", "103118291", "103120340", "103120531", "104109311", "104111780", "104111830", "104111990", "104113170", "104113190", "104114240", "104114410", "105112100", "105113190", "105115380", "105115570", "105119550", "105121190", "106113190", "106114011", "106114321", "106115240", "106115250", "106116120", "106116370", "106116820", "106117790", "106118161", "106120640", "107112840", "107113180", "107113360", "107113550", "107114110", "107116300", "107116980", "107119130", "107121230", "108114180", "108115880", "108119330", "108120280", "109114030", "109114720", "109116810", "109117600", "109120150", "109120560", "110114321", "110114561", "110114950", "110117500", "110117870", "110118181", "110118450", "110118630", "110120190", "110120531", "110120540", "110120640", "110120700", "111114171", "111115400", "111115770", "111116010", "111118820", "111120540", "111121351", "111121410", "112116501", "112116800", "112116810", "112117030", "112117580", "112118530", "112118820", "112118890", "112119120", "112119500", "112119930", "112120670", "112121351", "112121360", "113117550", "113118111", "113118231", "113118490", "113118511", "113118870", "113119360", "113120780", "113121190", "113121220", "113121410", "113122160", "113122430"], "labels": [0, 1, 3, 2, 2, 3, 2, 1, 0, 1, 3, 3, 1, 3, 2, 3, 2, 3, 1, 1, 2, 1, 2, 3, 2, 2, 2, 1, 2, 3, 0, 3, 0, 3, 3, 1, 3, 2, 3, 0, 1, 0, 3, 3, 3, 3, 2, 0, 1, 3, 3, 3, 3, 2, 3, 3, 0, 1, 1, 3, 1, 0, 1, 2, 0, 1, 2, 1, 2, 1, 2, 1, 1, 3, 3, 1, 3, 0, 0, 1, 0, 3, 1, 0, 1, 3, 0, 3, 1, 0, 3, 1, 2, 1, 1, 0, 0, 1, 3, 1, 0, 1, 3, 0, 1, 0, 2, 3, 0, 3, 1, 0, 1, 0, 0, 3, 0, 3, 2, 0, 1, 0, 3, 1, 2, 1, 2, 0, 3, 3, 1, 3, 1, 1, 0, 0, 0, 1, 3, 0, 3, 2], "predicted_labels": [0, 0, 3, 0, 3, 1, 1, 1, 3, 1, 0, 1, 1, 1, 1, 0, 1, 0, 0, 1, 1, 3, 3, 0, 1, 0, 1, 3, 1, 1, 0, 0, 0, 0, 0, 3, 3, 3, 3, 3, 0, 1, 0, 1, 0, 1, 1, 0, 3, 1, 0, 1, 1, 1, 1, 1, 1, 1, 3, 3, 3, 1, 3, 3, 0, 1, 0, 1, 1, 3, 0, 1, 1, 0, 1, 1, 1, 0, 1, 1, 3, 1, 3, 1, 1, 0, 3, 0, 0, 1, 3, 0, 3, 3, 0, 3, 3, 1, 1, 1, 3, 1, 3, 0, 1, 3, 3, 0, 3, 1, 1, 0, 3, 1, 1, 0, 1, 0, 3, 3, 1, 1, 1, 3, 3, 1, 1, 1, 1, 3, 1, 3, 3, 0, 3, 3, 3, 3, 1, 1, 1, 3], "confidence_scores": [[0.3171079087579086, 0.2621178155178156, 0.1637924852924854, 0.25698179043179054], [0.28072900432900444, 0.2745878213289979, 0.21525509849627497, 0.22942807584572295], [0.22759237429237442, 0.26588482073482084, 0.1931198357198357, 0.31340296925296934], [0.27167430902430906, 0.25796539294039306, 0.24420204240204255, 0.2261582556332558], [0.22615504218004223, 0.28603137140637164, 0.19595425130425143, 0.2918593351093351], [0.24601225441225447, 0.2757233322233323, 0.2580615051615052, 0.22020290820290828], [0.24846380286380298, 0.2803955932955933, 0.23507239427239437, 0.23606820956820973], [0.24511683316683325, 0.30603427960927954, 0.231257658681188, 0.21759122854269922], [0.22763084958519744, 0.2681520969368796, 0.23378912198912194, 0.2704279314888011], [0.2748438672438671, 0.28002008547008544, 0.17077008318478912, 0.27436596410125824], [0.3212507936507934, 0.28135855533355536, 0.1521614940614941, 0.245229156954157], [0.16755237148472454, 0.29662619994384687, 0.26381396381396405, 0.2720074647574647], [0.2819814435564436, 0.2966681041181041, 0.14426143856143853, 0.2770890137640138], [0.2670648074148075, 0.28278765123765115, 0.20841808469308465, 0.24172945665445672], [0.2951628596893303, 0.34507931202784115, 0.15036176046176056, 0.20939606782106787], [0.27179677740560104, 0.2502806748806749, 0.21994948939948952, 0.2579730583142349], [0.22516139971139976, 0.3205567654567655, 0.23903006633888996, 0.21525176849294492], [0.3357080808080808, 0.26227489177489177, 0.15732373737373742, 0.24469329004329005], [0.33067692862692877, 0.257742624042624, 0.1865139194139194, 0.22506652791652787], [0.2662803973803975, 0.29243127252864104, 0.19297985347985358, 0.2483084766111083], [0.21366028138528143, 0.33089257686757667, 0.1943449494949497, 0.2611021922521924], [0.26432989510489513, 0.25336721611721613, 0.21112269952269974, 0.27118018925518905], [0.22237530525030527, 0.22739097846597864, 0.2593739900622254, 0.290859726221491], [0.3474320623820624, 0.22452104562104575, 0.20166746031746038, 0.22637943167943178], [0.21625596233831534, 0.3006953584427268, 0.25536328508093226, 0.22768539413802572], [0.3223977355977354, 0.2271827561327562, 0.20434557109557117, 0.24607393717393716], [0.2385254657107599, 0.30572318563789175, 0.23225597474421011, 0.22349537390713878], [0.25191645576645577, 0.25664961149961163, 0.21386162726162736, 0.27757230547230544], [0.17556522644022657, 0.33364181096681084, 0.24332452269952284, 0.2474684398934399], [0.21931685732568104, 0.2820131479631479, 0.2423884670884672, 0.2562815276227042], [0.33693542013542016, 0.28661702464202476, 0.16372895437895438, 0.21271860084360095], [0.29028272838272823, 0.25991896436896456, 0.18264575979575995, 0.2671525474525475], [0.3490624875124875, 0.26767590187590196, 0.1286780441780442, 0.2545835664335665], [0.28029555999555994, 0.2733965756465758, 0.18493852813852824, 0.26136933621933633], [0.3545670496170497, 0.2735536221947988, 0.1564268750856987, 0.21545245310245326], [0.2376987512487513, 0.25338299478299503, 0.22760720945720941, 0.28131104451104444], [0.27092120657120644, 0.23853187368187376, 0.21437252192252212, 0.27617439782439795], [0.2042528987352518, 0.2724191197691199, 0.22902022536287253, 0.29430775613275617], [0.2913472804972806, 0.20567897657897669, 0.18574568764568772, 0.3172280552780552], [0.27590608003108, 0.24917318237318248, 0.1740966949716951, 0.30082404262404283], [0.3392518259518256, 0.2108908147408148, 0.18072816627816632, 0.26912919302919325], [0.232432611832612, 0.30438843933843934, 0.20234562104562118, 0.260833327783328], [0.3156229936729935, 0.2245851759351761, 0.1762647186147186, 0.2835271117771118], [0.232655693489517, 0.3050009962259962, 0.20593807352777954, 0.25640523675670746], [0.3476881007881008, 0.2537294352706118, 0.14511789517671878, 0.2534645687645689], [0.20188813963813967, 0.3336780164280165, 0.23218618048618062, 0.2322476634476636], [0.19137110667110668, 0.2773653984903985, 0.2693992507492508, 0.26186424408924414], [0.34928402708402706, 0.2603449245199246, 0.13069451659451664, 0.2596765318015318], [0.21132600177600175, 0.239813802863803, 0.25288876678876676, 0.29597142857142866], [0.27198722666222674, 0.28916083916083907, 0.16913866411366418, 0.2697132700632702], [0.35441471861471857, 0.20947683982683984, 0.1567032412032413, 0.2794052003552004], [0.25945163170163194, 0.27747438672438673, 0.19942430902430905, 0.2636496725496726], [0.2039826562326563, 0.31845089355089334, 0.21964749694749716, 0.25791895326895325], [0.19190470640470644, 0.29551627261627267, 0.23805359640359655, 0.2745254245754246], [0.2662899775061543, 0.27352683346065704, 0.20303403540903533, 0.25714915362415364], [0.22344730824730827, 0.2906277242365478, 0.22956957291074936, 0.2563553946053948], [0.2393205683205684, 0.31871185481185477, 0.20428565878565885, 0.23768191808191802], [0.2158904497463321, 0.31241726051726054, 0.22917018945107187, 0.24252210028533566], [0.25416359751359757, 0.26203947718947723, 0.21524360639360654, 0.2685533189033189], [0.26823127983128, 0.23444280996781017, 0.18032936230436236, 0.31699654789654796], [0.21850853590853592, 0.27015578310578303, 0.23738604728604729, 0.2739496336996338], [0.20691468058085716, 0.2799779462367698, 0.2521381895881895, 0.26096918359418364], [0.232301950826951, 0.2723065046065045, 0.21269112554112565, 0.282700419025419], [0.23612927905427933, 0.2686024087024087, 0.20581015651015655, 0.28945815573315575], [0.2770594721068405, 0.24073514263514267, 0.2106150682650683, 0.2715903169929486], [0.21219588744588755, 0.3290465589965588, 0.20226510156510163, 0.25649245199245213], [0.30721123484358787, 0.26534055666555667, 0.1650314086240558, 0.2624167998668], [0.2798371628371629, 0.2883805694305696, 0.16232854367854374, 0.26945372405372403], [0.23295850815850824, 0.33574937284937284, 0.19871061161061174, 0.23258150738150746], [0.21718028915528925, 0.28164452491952496, 0.2127109945609946, 0.28846419136419116], [0.29133236763236764, 0.2186371350871352, 0.20452059607059614, 0.28550990120990116], [0.25879261294261297, 0.27221709205826855, 0.218947332406156, 0.2500429625929626], [0.18181131091131097, 0.32539526584526596, 0.2187182079358551, 0.2740752153075682], [0.306949506049506, 0.2631722277722279, 0.166772471972472, 0.26310579420579433], [0.20104077589077599, 0.2892856254856256, 0.22895451411333767, 0.28071908451026095], [0.21329860694860697, 0.3068071761571761, 0.2206659618159618, 0.25922825507825514], [0.22532020757020763, 0.29553950493950504, 0.2256278055278055, 0.25351248196248216], [0.4009183760683761, 0.1920636807636809, 0.16464072871572882, 0.2423772144522145], [0.24586096681096692, 0.2824567543567543, 0.23091568431568435, 0.24076659451659466], [0.2759016428016429, 0.2768000777000776, 0.18539659784659793, 0.2619016816516817], [0.210555978988332, 0.2821004456327985, 0.2121828939034822, 0.2951606814753873], [0.3084384615384615, 0.3093878268790034, 0.14382451078333436, 0.23834920079920083], [0.20028577974313272, 0.2663539016539019, 0.24884533913798623, 0.28451497946497933], [0.21516631424131433, 0.3339707847707848, 0.20072039904539918, 0.25014250194250187], [0.2319792707292708, 0.3294320493232258, 0.21067736740383797, 0.2279113125436657], [0.2700437812187813, 0.2577070873570875, 0.2026403235653236, 0.269608807858808], [0.1960274003774004, 0.2757904872904873, 0.17790290265290273, 0.3502792096792097], [0.32298834776334784, 0.24955311077811074, 0.14090098790098798, 0.2865575535575537], [0.28857539682539673, 0.27341344211344215, 0.1830702725379197, 0.25494088852324137], [0.19720955155955164, 0.35141896436896447, 0.2024245865245866, 0.24894689754689753], [0.27805602338837637, 0.26249624656389364, 0.17274517149517155, 0.2867025585525585], [0.29723089296324606, 0.24852683199153808, 0.21513643643937772, 0.23910583860583876], [0.22060981518481534, 0.23889728327228318, 0.23627362914862918, 0.30421927239427243], [0.24765278610278624, 0.21398031968031975, 0.2225199744699745, 0.31584691974692], [0.284261088911089, 0.2631965776054012, 0.1773182631094396, 0.2752240703740703], [0.25810057720057716, 0.2799004107004107, 0.1637180375180376, 0.29828097458097463], [0.23222373459873466, 0.26571026751026755, 0.19928424908424922, 0.3027817488067487], [0.23189256854256865, 0.317609928959929, 0.19026588689088694, 0.26023161560661573], [0.26412056277056284, 0.267088555888556, 0.20804194139194135, 0.26074893994894005], [0.2492536463536465, 0.315074098124098, 0.18390821955821962, 0.251764035964036], [0.21820571258806568, 0.2881271395271395, 0.19105272342037063, 0.3026144244644246], [0.2496771672771674, 0.2876773837273839, 0.19416671106671116, 0.2684787379287381], [0.22625574980574983, 0.28389958929958925, 0.20347398157398153, 0.2863706793206794], [0.3362150072150069, 0.27875269175269185, 0.12707021312021313, 0.257962087912088], [0.23238735986235998, 0.32881264650382297, 0.1877247522085758, 0.2510752414252415], [0.22815476190476197, 0.2245039904539905, 0.186606304806305, 0.3607349428349428], [0.2237759443171208, 0.26969980574980595, 0.1850500186088422, 0.3214742313242312], [0.30595711233211237, 0.2878474958048488, 0.14213843052372468, 0.2640569613393144], [0.22885738150738155, 0.28469771894771895, 0.19694632034632042, 0.2894985791985793], [0.2729020626432392, 0.3042746634084868, 0.1740551587301588, 0.24876811521811532], [0.22025153735153752, 0.3074473165723165, 0.19402369297369296, 0.278277453102453], [0.29462469752469755, 0.25162149517149524, 0.18096970806970816, 0.2727840992340993], [0.2545489621489623, 0.2750179986679987, 0.19452030192030204, 0.27591273726273735], [0.27984351481851505, 0.28087247197247206, 0.16651384726384738, 0.27277016594516595], [0.22668467088467092, 0.30625737040737033, 0.18165355200355213, 0.28540440670440664], [0.3434392496392492, 0.24671189921189945, 0.17724260184260193, 0.2326062493062494], [0.16500242257742267, 0.3424341713841714, 0.22307746697746703, 0.26948593906093915], [0.2653875013875015, 0.25420584219701853, 0.2188324936501408, 0.26157416276533935], [0.210467402042402, 0.2688513292263294, 0.20732715617715625, 0.3133541125541125], [0.2653642912642912, 0.27561354756354767, 0.16937557997557995, 0.2896465811965812], [0.2197701326451327, 0.3049044705294705, 0.19281495726495732, 0.2825104395604396], [0.20843149073149078, 0.31952594627594627, 0.2046234432234434, 0.26741911976912], [0.2264561791150028, 0.2830190309690309, 0.24878761793761806, 0.24173717197834851], [0.2033867743367744, 0.2706783771783773, 0.2065140803640804, 0.31942076812076825], [0.22401405816405823, 0.2674427110900795, 0.23790528360528368, 0.2706379471405788], [0.249707500832501, 0.30134212454212456, 0.21097243867243876, 0.23797793595293598], [0.20155212206094567, 0.3218893217893219, 0.2038119132501487, 0.2727466428995841], [0.2378538267288267, 0.3205504356754357, 0.1723460206460207, 0.2692497169497171], [0.25667329059829064, 0.3302952488687783, 0.17486650016650027, 0.238164960366431], [0.2472382395382396, 0.2577318625818627, 0.19049738790621148, 0.30453250997368664], [0.25656419691419685, 0.30751524031524013, 0.15375974858474864, 0.2821608141858143], [0.23911019699255, 0.26660244755244755, 0.19026355148119864, 0.3040238039738042], [0.27378083028083045, 0.22064571539571537, 0.18119407814407826, 0.3243793761793762], [0.3094198495948496, 0.2796838467088468, 0.15982002997003006, 0.2510762737262738], [0.23820750360750367, 0.2853088189588191, 0.16824569874569884, 0.3082379786879786], [0.25997157842157836, 0.2636879564879566, 0.17468734043734047, 0.30165312465312477], [0.19244538239538259, 0.3041393883893882, 0.16609242424242432, 0.3373228049728053], [0.22181756576756592, 0.28247540792540793, 0.21187907647907653, 0.28382794982794995], [0.24460304695304705, 0.27262516095016087, 0.21207206959706956, 0.27069972249972263], [0.218750357975358, 0.3157023282273281, 0.16347585747585766, 0.3020714563214564], [0.21346719391719393, 0.29753342213342215, 0.21289855144855138, 0.2761008325008325], [0.22615050227550226, 0.2831706959706961, 0.1860823779162015, 0.3045964238376]]}}