{"test": {"ids": ["112118880", "106113360", "113122120", "104113550", "108113760", "113122180", "113119300", "102118380", "109121351", "108120060", "113122430", "100110050", "112119980", "107116300", "99107500", "107119390", "112119580", "98111860", "109119450", "98106111", "106111321", "113121810", "110117200", "112120990", "103113101", "102113210", "99109370", "109117730", "109119010", "111120220", "101113210", "108114040", "101112201", "105111990", "105116090", "100111270", "102110690", "112119500", "99120010", "99108710", "98110680", "105113620", "112116451", "99117740", "99107660", "110118880", "105113190", "103111170", "103111930", "103110050", "110114720", "103111540", "101110150", "111120320", "110118740", "99107630", "107118120", "100120780", "101109120", "105110251", "97114170", "110118930", "110115140", "113120280", "104116800", "105117431", "99109910", "102112030", "111120280", "99108460", "112117580", "107114321", "99111930", "105113440", "109117271", "99109840", "105113480", "108114270", "111116990", "101111140", "97113900", "108119330", "98106680", "102113981", "112116640", "97106770", "99107640", "113120531", "112120270", "103111830", "97105451", "98106880", "103110100", "97106000", "107112850", "110113591", "100115700", "106113260", "106119580", "101108080", "101108500", "97116800", "112121030", "105120621", "107117630", "110121720", "97107260", "98108520", "112121360", "104113210", "112117780", "99116500", "110114950", "99121440", "109116170", "109116441", "111115620", "103120290", "107112840", "111120260", "105110091", "98121790", "109117080", "99113260", "112116850", "102109010", "99119830", "111117571", "110120560", "102112170", "111119150", "102116500", "108115070", "99111340", "108120260", "113118231", "113119950", "98109311", "112120290", "108114200", "113122170", "104118070"], "labels": [1, 0, 1, 1, 1, 2, 1, 1, 0, 1, 2, 3, 0, 0, 0, 2, 3, 0, 3, 0, 0, 2, 3, 2, 3, 3, 1, 3, 3, 3, 3, 0, 0, 2, 1, 2, 0, 2, 2, 2, 2, 0, 0, 2, 3, 0, 3, 2, 3, 3, 3, 1, 1, 1, 3, 2, 3, 1, 1, 0, 2, 1, 0, 0, 1, 1, 2, 2, 0, 0, 0, 0, 1, 0, 0, 2, 0, 3, 0, 2, 2, 0, 1, 1, 0, 3, 1, 0, 0, 3, 0, 0, 1, 0, 1, 0, 1, 3, 3, 0, 3, 0, 0, 1, 0, 3, 2, 2, 3, 3, 0, 2, 0, 2, 0, 3, 1, 2, 1, 3, 0, 2, 1, 0, 0, 1, 1, 3, 0, 3, 3, 1, 1, 1, 1, 3, 0, 1, 1, 0, 1, 2], "predicted_labels": [3, 3, 1, 0, 1, 3, 1, 3, 0, 0, 1, 1, 1, 1, 1, 1, 3, 2, 3, 3, 3, 1, 1, 1, 1, 1, 1, 1, 3, 1, 0, 1, 0, 1, 3, 1, 3, 1, 1, 1, 1, 1, 1, 0, 0, 3, 3, 3, 1, 1, 1, 1, 1, 3, 3, 3, 3, 0, 3, 0, 3, 1, 3, 3, 3, 1, 2, 1, 3, 3, 3, 3, 1, 1, 3, 2, 1, 3, 0, 3, 1, 1, 1, 1, 1, 3, 3, 0, 3, 3, 1, 1, 1, 2, 1, 0, 3, 1, 1, 0, 1, 0, 3, 0, 0, 1, 1, 1, 3, 0, 3, 2, 3, 2, 1, 3, 3, 1, 1, 0, 3, 1, 1, 2, 3, 1, 3, 1, 3, 3, 1, 1, 1, 1, 3, 1, 3, 1, 1, 1, 2, 3], "confidence_scores": [[0.35692602806360135, 0.2832778925160513, 0.03082026604133991, 0.32897581337900766], [0.1310181719775519, 0.3039347944890817, 0.027677453577440076, 0.5373695799559262], [0.04138239992557554, 0.8494051519846505, 0.015858872434383522, 0.09335357565539053], [0.9506099803521305, 0.029140416877989368, 0.0013435297488100276, 0.018906073021069905], [0.21258765515684916, 0.5984808967837453, 0.1434284831650742, 0.045502964894331366], [0.033843650362172954, 0.3163191297270079, 0.2771444185074398, 0.3726928014033792], [0.1379894398446544, 0.4396598968766107, 0.05532052568866554, 0.3670301375900691], [0.040463322536369445, 0.14176501978391806, 0.5239077808916173, 0.29386387678809506], [0.5965115515439652, 0.2125227341822866, 0.06124095739542655, 0.12972475687832147], [0.5460361293725859, 0.2812401087165099, 0.028292035368148602, 0.1444317265427555], [0.06497942756504657, 0.590841511647451, 0.1618870960554183, 0.1822919647320843], [0.10879737765608075, 0.3166602288503048, 0.4686675365917465, 0.10587485690186793], [0.08315263633146601, 0.6142025787452987, 0.044154168043852325, 0.2584906168793831], [0.09960172413931798, 0.8097396639886794, 0.02105839239824982, 0.06960021947375288], [0.1329434487124515, 0.4520457117755312, 0.050582069759987636, 0.3644287697520298], [0.07118373620987375, 0.5026349185157903, 0.13583448117300903, 0.2903468641013272], [0.40641230106892373, 0.09363897070686088, 0.057568081648965555, 0.4423806465752498], [0.019611849943875156, 0.16408372904053312, 0.7700473530014241, 0.046257068014167554], [0.05669374688822751, 0.29480605206910926, 0.25002258264469074, 0.3984776183979725], [0.12245332300615332, 0.1395248428158841, 0.5363799328852863, 0.20164190129267603], [0.24585664193771023, 0.29053055197827443, 0.10291141719887943, 0.360701388885136], [0.09261663705325274, 0.3227020145028781, 0.5407917798478784, 0.04388956859599053], [0.4379271202427978, 0.30626441197281307, 0.025200708404828194, 0.2306077593795608], [0.07821765630255055, 0.5319318697528148, 0.3397797552298771, 0.05007071871475773], [0.11776866534194795, 0.4584584805973342, 0.09663819592414152, 0.3271346581365764], [0.15013645817427498, 0.5731985296203344, 0.0638781065159499, 0.21278690568944078], [0.06495841731810874, 0.6540889770321049, 0.0582617087185625, 0.22269089693122415], [0.2324718717612605, 0.5470165891673414, 0.13413203826676603, 0.08637950080463205], [0.02585112958012271, 0.1654274125791768, 0.4948133434431668, 0.3139081143975338], [0.2980816317738746, 0.433365357292624, 0.04899674228497413, 0.21955626864852723], [0.47459320971064634, 0.1892000697313245, 0.11586174435200725, 0.2203449762060217], [0.10301196628338377, 0.5622295950811333, 0.2386898371652617, 0.09606860147022137], [0.694219216799957, 0.1542914081138252, 0.00234932417963857, 0.1491400509065797], [0.08082599211115551, 0.43904288231603206, 0.17885082125248036, 0.301280304320332], [0.4476231284851912, 0.2204113962892414, 0.00966258098263559, 0.32230289424293174], [0.11767403358219654, 0.33339761621358593, 0.31511957088938986, 0.23380877931482752], [0.21590927074083716, 0.12760799299280895, 0.02950687658347977, 0.6269758596828742], [0.04366952331151776, 0.358318251584021, 0.5399588297557453, 0.05805339534871606], [0.13742652428548624, 0.5222962364766481, 0.20268311318465887, 0.13759412605320664], [0.2264859681627932, 0.6559921290113535, 0.03969334347332527, 0.07782855935252807], [0.11780031468329458, 0.2475856092000022, 0.6214120686065423, 0.013202007510160403], [0.08309394035201915, 0.5037794907863379, 0.3415441842515395, 0.07158238461010279], [0.4586424324622835, 0.3502891330719434, 0.007408917153598288, 0.18365951731217492], [0.6111781944076101, 0.19570901791406742, 0.05111124190553522, 0.14200154577278712], [0.7331940063649913, 0.11890838584775135, 0.006117273489626156, 0.14178033429763104], [0.5006366650836771, 0.1855342139787455, 0.0047529725561138575, 0.30907614838146374], [0.44897069815030016, 0.1098542602548247, 0.00904041049796515, 0.43213463109690986], [0.3214152160131825, 0.3212314334909973, 0.06209166905070384, 0.2952616814451162], [0.23163319820723674, 0.3468209246431535, 0.12417188049427942, 0.29737399665533043], [0.10176174450234068, 0.39801714493962204, 0.19689128408095907, 0.30332982647707823], [0.039132843640473626, 0.47584950746841875, 0.34419035732047937, 0.1408272915706283], [0.4408191139424513, 0.3001805090934321, 0.09360355055807094, 0.1653968264060455], [0.16552695497168546, 0.7169657609576239, 0.01833760596835449, 0.09916967810233628], [0.19108288747194965, 0.2253933631209281, 0.03628711089682534, 0.5472366385102968], [0.47184458396198675, 0.19606905907681127, 0.03275466380418668, 0.2993316931570152], [0.36577562146573334, 0.08283568751313011, 0.16970311048047035, 0.38168558054066637], [0.15924597703302565, 0.42754400106726365, 0.006443130603637199, 0.4067668912960734], [0.48904845767679334, 0.20298162236568898, 0.03430778459809539, 0.27366213535942197], [0.23133472779474043, 0.12726178446577496, 0.08215178718522373, 0.5592517005542607], [0.7378738557835837, 0.18483254595295878, 0.017100981752547855, 0.06019261651090983], [0.0160798821339825, 0.0798193954231748, 0.6910512820737964, 0.21304944036904616], [0.09238836244398467, 0.5566818082696364, 0.15270263985433966, 0.19822718943203915], [0.46647355134641993, 0.16038787808017016, 0.08323172934954035, 0.2899068412238696], [0.2225730284307328, 0.017556730591102243, 0.005361331618487757, 0.7545089093596772], [0.11026529541314482, 0.22210647759629482, 0.08801056222698202, 0.5796176647635781], [0.15702885707683756, 0.4283387283204804, 0.24843550011994578, 0.16619691448273646], [0.062271877889220444, 0.08393753815519868, 0.8381010486882087, 0.01568953526737209], [0.07412919074224124, 0.4013028327581607, 0.3149837638547103, 0.20958421264488777], [0.19936655958600438, 0.23110547392323355, 0.017038656029064778, 0.5524893104616971], [0.1033329716903643, 0.13650270681584478, 0.02970394969252642, 0.7304603718012646], [0.22141379194558455, 0.2079978748522114, 0.01854595215485941, 0.5520423810473443], [0.2781974981080221, 0.3421634559220684, 0.006089073025708754, 0.3735499729442006], [0.3769782826893248, 0.4849602804517885, 0.07176864254673046, 0.06629279431215611], [0.04803498972981825, 0.5194402611085045, 0.3471074090430235, 0.08541734011865419], [0.12063589862560367, 0.18123860051760315, 0.022004454307577238, 0.6761210465492163], [0.07655170602801784, 0.18416210026653446, 0.6437583671867182, 0.09552782651872932], [0.13049874939762762, 0.4618537869350664, 0.1827026002336869, 0.22494486343361927], [0.15877886875414104, 0.27715076007445116, 0.04926757481776987, 0.5148027963536376], [0.6791206371409819, 0.09544509726536189, 0.023472037869543272, 0.20196222772411287], [0.23648422766337632, 0.203868687842749, 0.25042322158976515, 0.3092238629041098], [0.26522393393673294, 0.339183560692675, 0.1587033678674345, 0.23688913750315777], [0.2679489290332277, 0.38409921036172223, 0.018700795733052444, 0.3292510648719975], [0.08487818156966906, 0.5258914065757794, 0.2892957606491612, 0.09993465120539034], [0.45974283419950823, 0.2778631530752349, 0.05373146338623136, 0.20866254933902564], [0.11148888576607241, 0.5553608094984297, 0.04693391136568747, 0.2862163933698105], [0.1631922865625346, 0.05442024623678192, 0.2925035439015329, 0.4898839232991503], [0.4035727312375399, 0.2445225732175302, 0.06459935188458238, 0.2873053436603474], [0.48840627754444205, 0.26250232852590216, 0.02099440796583971, 0.2280969859638158], [0.4460169008601467, 0.1586474800933901, 0.023904461082871486, 0.3714311579635919], [0.19626920099607603, 0.12680315085708882, 0.18313713307667193, 0.4937905150701629], [0.1357167510420125, 0.47625276218090373, 0.045236038758131196, 0.34279444801895237], [0.21599120443866401, 0.2529830002258647, 0.36047382332288125, 0.17055197201258987], [0.2171494162258443, 0.25731088021109966, 0.3096359423977738, 0.2159037611652821], [0.035548127379377716, 0.0470592989118692, 0.8520111619956043, 0.06538141171314882], [0.09245511662219995, 0.6419262966739957, 0.1494619425385347, 0.1161566441652694], [0.5706991699524917, 0.17679098470412472, 0.017379629542312893, 0.23513021580107085], [0.11654731007080682, 0.2206008586266345, 0.04803050952708728, 0.6148213217754714], [0.1225424715787511, 0.5766265884705823, 0.04736939112469907, 0.25346154882596733], [0.027684039048141873, 0.5817753769058766, 0.3787590494173246, 0.011781534628656757], [0.4528415786933209, 0.2832388192555248, 0.01012256021103933, 0.2537970418401151], [0.10726611525876499, 0.17920455372189373, 0.5784165498909218, 0.13511278112841957], [0.8828456030976524, 0.05286322585527449, 0.0045943215234474435, 0.05969684952362559], [0.22532161523353544, 0.0818098382473054, 0.12132637581435445, 0.5715421707048044], [0.7997816679904787, 0.05134417760914233, 0.000984244192208739, 0.14788991020817024], [0.5707599333046504, 0.11373248577317793, 0.16153849602405154, 0.15396908489812008], [0.32248633360421664, 0.4961741746943014, 0.029896039032979178, 0.15144345266850298], [0.12484497356795178, 0.26655651362876004, 0.5185113156605511, 0.09008719714273705], [0.39896985295133414, 0.47129646022637567, 0.09085989543381152, 0.0388737913884785], [0.17768925490646667, 0.3770882928633432, 0.0577152661544141, 0.3875071860757762], [0.6780437762113131, 0.06611870006769834, 0.022633031792044837, 0.23320449192894366], [0.47119635838008816, 0.17400134628674174, 0.01151199599660172, 0.34329029933656807], [0.036392607680207634, 0.1556726862320316, 0.7329758659528921, 0.07495884013486843], [0.1490737130304881, 0.20600253735410992, 0.08209459396904877, 0.5628291556463528], [0.0757507153374329, 0.20552103641396693, 0.6857916302195106, 0.03293661802908941], [0.16256540572053227, 0.43103834563693405, 0.028716850161581535, 0.3776793984809522], [0.5652321556436107, 0.04645314708976592, 0.0010095922717304902, 0.38730510499489273], [0.2800817492474782, 0.1250903996760451, 0.3032235348080159, 0.2916043162684608], [0.06449730071909444, 0.34954836050892574, 0.3190900319958484, 0.2668643067761315], [0.01958742870730012, 0.8879489375835528, 0.05634991853620036, 0.036113715172947015], [0.5310056987205448, 0.1882664604797601, 0.037343503919267135, 0.24338433688042826], [0.4757002390273277, 0.22105077524669103, 0.03061013541362495, 0.2726388503123563], [0.3659230068528709, 0.2371007226554588, 0.2117739910148925, 0.18520227947677792], [0.014688886801944056, 0.9351686493017449, 0.02621041326674048, 0.023932050629570312], [0.07939633281290842, 0.17213522937656153, 0.6349671718366718, 0.1135012659738581], [0.10043723703831287, 0.24984804184137824, 0.015412354425217064, 0.6343023666950914], [0.12894295252474525, 0.3465670129722399, 0.3430593968105272, 0.1814306376924874], [0.18568048443149232, 0.17259239012008107, 0.32072673886256436, 0.32100038658586255], [0.1705687894989271, 0.5402550645783176, 0.03305272593275208, 0.2561234199900032], [0.06128024801883332, 0.1585155532693054, 0.18578573437538287, 0.5944184643364785], [0.4867779141493796, 0.03190263706745085, 0.06941029934272672, 0.41190914944044277], [0.3002414542964626, 0.32309708997894054, 0.10246292571169299, 0.2741985300129038], [0.2582687101504812, 0.38844522043962487, 0.15471880113818082, 0.19856726827171328], [0.12391505570143485, 0.7952318554156442, 0.03341082841943359, 0.04744226046348726], [0.03821107069532532, 0.2247697729268771, 0.6763245823668381, 0.06069457401095929], [0.24544152741346992, 0.3054996070846088, 0.06769317870009636, 0.3813656868018252], [0.17928488561888353, 0.41285778637075454, 0.10361265926939103, 0.3042446687409708], [0.5021010081398695, 0.07851140140679295, 0.013414653073920955, 0.4059729373794168], [0.19261552481003055, 0.6061828943075094, 0.1299794296324192, 0.07122215125004079], [0.21308568066683758, 0.4768021728564177, 0.020834376033689164, 0.2892777704430554], [0.061312612501426264, 0.7625124207568761, 0.0895110983443177, 0.08666386839737994], [0.031771494171948834, 0.12294757466411509, 0.8000878310867179, 0.04519310007721813], [0.030063241583578156, 0.1290369291268466, 0.46103271162701226, 0.37986711766256276]]}, "rewritten": {"ids": ["97105451", "97106000", "97106770", "97107260", "97113900", "97114170", "97116800", "98106111", "98106680", "98106880", "98108520", "98109311", "98110680", "98111860", "98121790", "99107500", "99107630", "99107640", "99107660", "99108460", "99108710", "99109370", "99109840", "99109910", "99111340", "99111930", "99113260", "99116500", "99117740", "99119830", "99120010", "99121440", "100110050", "100111270", "100115700", "100120780", "101108080", "101108500", "101109120", "101110150", "101111140", "101112201", "101113210", "102109010", "102110690", "102112030", "102112170", "102113210", "102113981", "102116500", "102118380", "103110050", "103110100", "103111170", "103111540", "103111830", "103111930", "103113101", "103120290", "104113210", "104113550", "104116800", "104118070", "105110091", "105110251", "105111990", "105113190", "105113440", "105113480", "105113620", "105116090", "105117431", "105120621", "106111321", "106113260", "106113360", "106119580", "107112840", "107112850", "107114321", "107116300", "107117630", "107118120", "107119390", "108113760", "108114040", "108114200", "108114270", "108115070", "108119330", "108120060", "108120260", "109116170", "109116441", "109117080", "109117271", "109117730", "109119010", "109119450", "109121351", "110113591", "110114720", "110114950", "110115140", "110117200", "110118740", "110118880", "110118930", "110120560", "110121720", "111115620", "111116990", "111117571", "111119150", "111120220", "111120260", "111120280", "111120320", "112116451", "112116640", "112116850", "112117580", "112117780", "112118880", "112119500", "112119580", "112119980", "112120270", "112120290", "112120990", "112121030", "112121360", "113118231", "113119300", "113119950", "113120280", "113120531", "113121810", "113122120", "113122170", "113122180", "113122430"], "labels": [0, 0, 3, 2, 2, 2, 0, 0, 1, 0, 2, 1, 2, 0, 2, 0, 2, 1, 3, 0, 2, 1, 2, 2, 1, 1, 0, 2, 2, 1, 2, 2, 3, 2, 1, 1, 0, 3, 1, 1, 2, 0, 3, 1, 0, 2, 3, 3, 1, 1, 1, 3, 1, 2, 1, 3, 3, 3, 2, 3, 1, 1, 2, 0, 0, 2, 3, 0, 0, 0, 1, 1, 1, 0, 3, 0, 3, 1, 1, 0, 0, 0, 3, 2, 1, 0, 0, 3, 1, 0, 1, 1, 0, 3, 1, 0, 3, 3, 3, 0, 0, 3, 0, 0, 3, 3, 0, 1, 0, 3, 1, 0, 3, 3, 3, 3, 0, 1, 0, 0, 0, 0, 0, 1, 2, 3, 0, 0, 1, 2, 0, 3, 3, 1, 0, 0, 0, 2, 1, 1, 2, 2], "predicted_labels": [3, 3, 1, 1, 1, 2, 0, 3, 1, 0, 1, 1, 2, 3, 1, 3, 3, 0, 3, 3, 1, 1, 2, 2, 1, 1, 3, 1, 0, 1, 0, 1, 1, 1, 3, 0, 1, 2, 3, 1, 0, 0, 3, 3, 3, 1, 3, 1, 1, 3, 1, 3, 3, 3, 3, 0, 1, 3, 1, 0, 0, 1, 3, 3, 0, 1, 3, 1, 1, 1, 3, 1, 0, 3, 1, 3, 2, 1, 1, 0, 1, 0, 1, 1, 1, 1, 3, 3, 1, 0, 1, 1, 3, 3, 1, 3, 1, 1, 2, 0, 3, 0, 3, 0, 1, 3, 1, 1, 3, 1, 1, 0, 1, 3, 1, 3, 3, 3, 1, 1, 3, 3, 1, 3, 1, 3, 1, 3, 3, 1, 0, 1, 0, 3, 0, 3, 1, 1, 1, 3, 3, 1], "confidence_scores": [[0.21469259477795344, 0.14749645648258555, 0.04311177724704937, 0.5946991714924116], [0.08578292374508115, 0.14860484559552042, 0.5165368042358705, 0.24907542642352837], [0.3654471215489139, 0.19498373783302664, 0.326827542549631, 0.11274159806842873], [0.13250206182758223, 0.18017948280916413, 0.5405905231732753, 0.14672793218997845], [0.2381592103920167, 0.4277657253377981, 0.07578400881512147, 0.25829105545506387], [0.04350260639483946, 0.18136661933157155, 0.6438228876111093, 0.1313078866624794], [0.6648529575930994, 0.0690874515245506, 0.08286534979178528, 0.18319424109056506], [0.14558908466042397, 0.055987934733138525, 0.34803761838011404, 0.4503853622263236], [0.03773434656347692, 0.33991537794623244, 0.477376792364279, 0.14497348312601163], [0.8415232568188418, 0.04874779878731561, 0.026541026041354703, 0.08318791835248797], [0.2718390454914951, 0.5644543243406949, 0.11454093086224343, 0.04916569930556656], [0.28738601424071486, 0.47086852023123194, 0.007677854071277466, 0.2340676114567759], [0.1167870475744506, 0.1692132411892985, 0.6898829891714986, 0.024116722064752467], [0.271689913166667, 0.07137364437359821, 0.35076988713010965, 0.3061665553296249], [0.2975440105249436, 0.42141583029650675, 0.16248198955724877, 0.1185581696213011], [0.018264611939589497, 0.4154029531316639, 0.15481997300811778, 0.4115124619206287], [0.48905638295573106, 0.04164963280736474, 0.08505010674057845, 0.3842438774963256], [0.7199887623250515, 0.03030963020013448, 0.0013508540761847248, 0.24835075339862897], [0.22231640195032598, 0.23017602189668915, 0.09921960257699242, 0.4482879735759922], [0.18340587832949337, 0.22166264040302422, 0.0172152479027749, 0.5777162333647076], [0.08847566140174709, 0.550376658219563, 0.30914607483888834, 0.052001605539801495], [0.16663744982931503, 0.5649677250778598, 0.10443211122642382, 0.1639627138664017], [0.09663600042405354, 0.025443495166327833, 0.7829637688772941, 0.09495673553232445], [0.03596201680838649, 0.0070127550732399235, 0.9440244750781103, 0.013000753040263107], [0.11086795529026004, 0.3737961725937333, 0.12956502523064964, 0.3857708468853568], [0.12488207443766722, 0.7811113591648885, 0.015929942712465266, 0.0780766236849792], [0.2739363513030653, 0.2164494433223451, 0.16878975113780081, 0.34082445423678853], [0.10405933701426248, 0.20410785542385393, 0.5168884128594173, 0.1749443947024659], [0.7869783269607934, 0.11923510382072998, 0.0333387340052634, 0.06044783521321346], [0.06849650495295467, 0.19382368272004755, 0.5708413757744364, 0.16683843655256178], [0.508872360112096, 0.21026498884651013, 0.05971074027290211, 0.2211519107684919], [0.2113231089869984, 0.4758959042953891, 0.2172746651381587, 0.09550632157945411], [0.051771164579367555, 0.34547166240178356, 0.49019121972802987, 0.11256595329081888], [0.25630021336316827, 0.2493951824557533, 0.3764689008289875, 0.11783570335209088], [0.08674672757267324, 0.08818231496049107, 0.1003823629425615, 0.7246885945242744], [0.5312683758893115, 0.23651202047136596, 0.04506418751770996, 0.18715541612161227], [0.44265351810434866, 0.40508422929609345, 0.012379658907700859, 0.13988259369185735], [0.17423684374983953, 0.11833187936269697, 0.6519273109575686, 0.05550396592989498], [0.29972451869167227, 0.1474122977394885, 0.03413281589629274, 0.5187303676725464], [0.2540955706505657, 0.525121685321682, 0.027395581742857583, 0.19338716228489472], [0.5641992387586486, 0.28410262109168405, 0.03194940410929174, 0.11974873604037523], [0.5775909291342455, 0.19935921157964273, 0.015419965914290294, 0.20762989337182164], [0.2618475709859791, 0.042698741365375784, 0.2569950520520405, 0.4384586355966047], [0.02956720603893547, 0.3490567547575089, 0.17249264953175328, 0.4488833896718024], [0.12843232926841044, 0.32108470689079865, 0.11115728105728151, 0.4393256827835097], [0.0157208674921928, 0.28342904162358085, 0.6167415587948106, 0.0841085320894155], [0.44044770188267324, 0.02168500827698611, 0.036884531992760254, 0.5009827578475804], [0.2816871651555705, 0.2738769960291904, 0.16990957831765852, 0.2745262604975805], [0.20460579202351045, 0.35269966758784915, 0.18014080308692304, 0.2625537373017174], [0.22881175252452285, 0.22356644841809473, 0.21216353618141343, 0.3354582628759689], [0.012800973832836718, 0.45404728629507446, 0.111574334516434, 0.4215774053556548], [0.23385157627024208, 0.10090520810266199, 0.15431469538093312, 0.5109285202461629], [0.16215357147488663, 0.34426097841236225, 0.13059868886394957, 0.3629867612488016], [0.2638329166057078, 0.2321058375798522, 0.033127961873822005, 0.47093328394061806], [0.278491970399476, 0.048487202560443435, 0.11573330335577976, 0.5572875236843009], [0.6092442889028212, 0.09781236936992034, 0.07891067959201689, 0.2140326621352418], [0.26714500858594037, 0.19937971010593156, 0.4579501153867471, 0.075525165921381], [0.11593857292417017, 0.4010478308332258, 0.0802388140936544, 0.4027747821489497], [0.030837632753159025, 0.2991718240997157, 0.47726229888957783, 0.19272824425754723], [0.6270320503015672, 0.07118647277251551, 0.11827802433172142, 0.18350345259419604], [0.9883339961094567, 0.002680589730612444, 0.00018906881394300455, 0.008796345345987807], [0.03443740688747154, 0.5134599950445065, 0.17746605598420445, 0.2746365420838175], [0.1359741035747351, 0.1449404462446629, 0.2559363854338887, 0.4631490647467131], [0.2466795436747632, 0.18471333812502258, 0.25731538694200523, 0.311291731258209], [0.7776868222591506, 0.1283501032435924, 0.021298564697131546, 0.0726645098001253], [0.05158677035640104, 0.2800006317610409, 0.5047200019976884, 0.16369259588486937], [0.2559183352372752, 0.04028153733350712, 0.003076586468925067, 0.7007235409602928], [0.07494400963179519, 0.4589167044398377, 0.17544941631325198, 0.2906898696151152], [0.23789190427108686, 0.4239116370435173, 0.05729348296988548, 0.28090297571550976], [0.05447647655985307, 0.6207976571249954, 0.30847374090410956, 0.016252125411042033], [0.21071852434136434, 0.07183707453385968, 0.004932443053348252, 0.7125119580714276], [0.05164839556017401, 0.49752132679126343, 0.3541784911147608, 0.09665178653380183], [0.7804267831755244, 0.035853963298707804, 0.0013642934912730254, 0.18235496003449475], [0.25617615755596235, 0.2309926258871349, 0.18667147385301047, 0.3261597427038927], [0.09184020533121315, 0.5259690435937814, 0.14819228574422838, 0.23399846533077692], [0.31409060243014325, 0.3194867293205765, 0.05043657470756825, 0.31598609354171214], [0.010357582130817155, 0.029654901933055366, 0.951798758803507, 0.008188757132620225], [0.02450133696327403, 0.8662006167436962, 0.07789506936183888, 0.031402976931190915], [0.024485675949853142, 0.43641105921890727, 0.2366199480932199, 0.30248331673801987], [0.7841310430691053, 0.11088991519900411, 0.0010392673836008416, 0.10393977434828969], [0.0954338082133002, 0.7849426784097964, 0.02873586351813618, 0.09088764985876742], [0.8235242730600949, 0.040375685262647815, 0.05838342148806091, 0.07771662018919621], [0.3559187868736869, 0.37681274862040487, 0.03371905234322825, 0.2335494121626803], [0.104464004247077, 0.21400661549044472, 0.557438127562859, 0.12409125269961936], [0.23704051700544285, 0.5760528854025189, 0.12724504198567305, 0.059661555606365164], [0.07589645430092995, 0.40601707534309506, 0.44686539156219746, 0.07122107879377779], [0.047990650173909764, 0.16329584255269552, 0.2541923088667589, 0.5345211984066356], [0.38254711076471903, 0.21195995777601986, 0.007397048150666968, 0.39809588330859436], [0.11852010218223724, 0.6752547584946896, 0.15676731333138025, 0.049457825991692815], [0.6236410645903652, 0.1974511056113336, 0.01911937333880269, 0.15978845645949838], [0.41708353409551124, 0.41812564711864436, 0.09834544333000161, 0.06644537545584298], [0.2567758857215407, 0.5726737639038276, 0.001963114941889883, 0.168587235432742], [0.1847874604469681, 0.22170526861505277, 0.18981883696834337, 0.40368843396963594], [0.43353431929037195, 0.15292007920974673, 0.007808460171696126, 0.405737141328185], [0.023983953522440194, 0.8973121535194208, 0.04674322670740418, 0.03196066625073489], [0.3713054078179078, 0.27361683718851937, 0.025724347692047515, 0.3293534073015251], [0.378161386134602, 0.41473514647956916, 0.10578250416690364, 0.10132096321892503], [0.01606937988195363, 0.23785132680680968, 0.59826848770139, 0.14781080560984663], [0.02275920442913002, 0.12257450664768138, 0.7867833401341482, 0.06788294878904035], [0.5732204864015187, 0.3480285470910691, 0.00606415015039764, 0.0726868163570145], [0.21186481927079037, 0.37006794457724257, 0.05687071040323292, 0.3611965257487344], [0.6410223348219816, 0.10992923868597322, 0.19975463627685094, 0.04929379021519457], [0.2543938212478155, 0.16715629262261528, 0.018468908965948744, 0.5599809771636204], [0.6128668825338637, 0.02703228112802643, 0.08546901056324152, 0.2746318257748682], [0.07690061978882033, 0.6206542272020085, 0.16808826611337646, 0.1343568868957949], [0.4669043078021515, 0.1524095259887637, 0.1609683136935925, 0.21971785251549186], [0.4319626968487792, 0.4575648119408265, 0.00162836301873069, 0.1088441281916636], [0.08952318296039044, 0.46952146656421007, 0.13142625845427539, 0.309529092021124], [0.09639828975847438, 0.23614293354491755, 0.29394348762611044, 0.3735152890704977], [0.11845306544981293, 0.5266324244700481, 0.19939001436282563, 0.15552449571731308], [0.08495358250417617, 0.2942570568716374, 0.3575246200783323, 0.26326474054585464], [0.7440894079034608, 0.030772499817483603, 0.045649140400839984, 0.1794889518782154], [0.040640591993636975, 0.5697603791283594, 0.0952000427471518, 0.29439898613085197], [0.30902726598939956, 0.20040365479794067, 0.019319975149413943, 0.471249104063246], [0.3619520806708646, 0.5308000949423554, 0.016332298295058, 0.09091552609172186], [0.28055823375858857, 0.2013953811641804, 0.17578116184024045, 0.34226522323699027], [0.4534389054245757, 0.22705696803917616, 0.0325893412362287, 0.28691478530001924], [0.20904484951282273, 0.08889932493456158, 0.06161018975944218, 0.6404456357931734], [0.2527636831995683, 0.5686204969637733, 0.017203702243682797, 0.16141211759297558], [0.3174038479239717, 0.36849688401025693, 0.1477753080213336, 0.166323960044438], [0.1600692619834149, 0.2169799691179382, 0.015256333053686698, 0.6076944358449605], [0.06860871932891048, 0.3664459880307094, 0.036386316195597075, 0.5285589764447832], [0.16096717040799016, 0.6208705509243938, 0.011442413263266758, 0.20671986540434942], [0.12808013259577522, 0.2810091857865385, 0.016045625126622387, 0.5748650564910643], [0.08978064158006757, 0.35339089475701874, 0.49862412781031756, 0.05820433585259631], [0.30708514950001825, 0.15305203144666682, 0.18397942107882942, 0.3558833979744854], [0.022774728520922636, 0.8938419343627484, 0.03356623860219769, 0.04981709851413114], [0.0707725817069488, 0.21811749690874332, 0.05409677559740498, 0.6570131457869026], [0.08614901805485901, 0.2909213240678665, 0.373325929558726, 0.24960372831854852], [0.10208032948269649, 0.5945340873723433, 0.22922089808920315, 0.07416468505575728], [0.669006312282537, 0.019761673497090942, 0.03779974625958983, 0.2734322679607821], [0.33111733602803073, 0.33807915401910066, 0.03666605766638121, 0.29413745228648724], [0.4608807027479306, 0.23809573116731114, 0.08728510540955792, 0.21373846067520047], [0.15072460660798367, 0.2511398261397746, 0.03339559519307268, 0.5647399720591694], [0.6189709142021262, 0.0830985258984112, 0.05705001075008825, 0.24088054914937437], [0.3145507788589249, 0.01609548696745006, 0.3563463581671579, 0.31300737600646716], [0.27458732746382253, 0.5111944035384699, 0.015260801834039916, 0.19895746716366794], [0.08514540619913905, 0.48392114534579195, 0.34950838220840735, 0.0814250662466619], [0.03487823317737498, 0.7859275640844198, 0.11081366381390477, 0.06838053892430061], [0.04812539984224117, 0.1861327440716378, 0.5553807759960496, 0.21036108009007146], [0.03891726638801219, 0.2639067581765013, 0.13809838127222615, 0.5590775941632604], [0.05789711055940758, 0.7350530949461401, 0.17056126961846643, 0.03648852487598595]]}}