{"test": {"ids": ["111117000", "111118820", "105112240", "112118550", "110121500", "104112201", "112118581", "101109120", "99117740", "112118810", "100116790", "111116110", "101110740", "104111620", "112118161", "98112300", "97112170", "103113610", "101108290", "97105960", "106113360", "113122320", "99109860", "104117200", "110121170", "101108580", "111114121", "100111620", "108113760", "102113210", "97116401", "101108950", "105115250", "105119950", "99109740", "107112840", "101108460", "111116040", "113119320", "113118511", "110115580", "99113260", "112116290", "99109910", "102112250", "99109780", "106111321", "110114321", "112119450", "111120260", "100115700", "98111231", "99111000", "111117200", "104114410", "109119010", "105116650", "99111440", "106114150", "98112580", "108118630", "110115120", "112116880", "109118161", "100110260", "111118810", "101111310", "111120280", "102113981", "99108330", "97107040", "104114320", "113119950", "99112531", "109117630", "109117600", "109113881", "108115970", "111116990", "99108580", "112119930", "109115070", "99111620", "113120540", "97107681", "98107210", "107120010", "108115880", "109117271", "101108121", "110114651", "102112301", "99108310", "98110230", "111115910", "113118111", "112116451", "102110240", "108121190", "112119980", "112118530", "98108520", "103110760", "111116100", "99121440", "104111880", "110117870", "109114651", "108119550", "108114270", "105117200", "107116980", "110114950", "112117580", "105113330", "110121450", "112119500", "108118060", "108113480", "112118511", "100109910", "106114011", "98111620", "105113620", "98109230", "111119610", "100110050", "106114880", "106116120", "104113170", "110121140", "98117740", "107116340", "103113210", "100108080", "100108260", "104110960", "98111670", "109118701", "102112030", "103110050", "109119591"], "labels": [0, 0, 1, 3, 3, 0, 1, 1, 2, 3, 2, 3, 3, 0, 0, 2, 0, 2, 0, 2, 0, 1, 2, 3, 2, 0, 0, 3, 1, 3, 3, 2, 2, 3, 3, 1, 0, 0, 1, 1, 1, 0, 0, 2, 0, 2, 0, 1, 3, 3, 1, 1, 2, 0, 1, 3, 1, 3, 1, 2, 1, 0, 0, 0, 3, 0, 3, 0, 1, 1, 2, 2, 0, 3, 0, 1, 0, 2, 0, 0, 1, 0, 3, 3, 3, 1, 1, 3, 0, 0, 3, 1, 2, 3, 2, 1, 0, 3, 1, 0, 1, 2, 1, 3, 2, 3, 3, 3, 1, 3, 3, 3, 0, 0, 3, 3, 2, 1, 0, 1, 2, 1, 3, 0, 1, 2, 3, 0, 1, 3, 3, 2, 3, 3, 0, 3, 2, 1, 3, 2, 3, 0], "predicted_labels": [1, 3, 1, 1, 1, 1, 1, 1, 1, 1, 1, 3, 1, 3, 3, 0, 1, 3, 3, 3, 1, 0, 1, 1, 3, 0, 1, 1, 1, 3, 3, 1, 1, 1, 1, 1, 1, 1, 1, 1, 0, 1, 1, 2, 3, 1, 1, 1, 3, 1, 1, 1, 1, 3, 1, 3, 0, 3, 3, 1, 1, 1, 1, 0, 3, 0, 1, 3, 1, 1, 1, 0, 0, 3, 1, 3, 3, 1, 3, 0, 1, 1, 3, 0, 3, 3, 1, 1, 3, 3, 3, 3, 0, 3, 1, 3, 0, 0, 1, 1, 1, 1, 0, 0, 1, 1, 1, 0, 3, 1, 3, 0, 1, 1, 3, 1, 1, 3, 1, 1, 1, 1, 1, 1, 3, 2, 1, 3, 0, 1, 1, 3, 1, 0, 1, 3, 1, 3, 3, 1, 1, 1], "confidence_scores": [[0.25567291495287037, 0.30688182411384674, 0.1586042989133618, 0.2788409620199213], [0.22629186111583938, 0.2878974177143576, 0.1654625095462361, 0.32034821162356697], [0.257543786202706, 0.34297381586135584, 0.13887960810181815, 0.2606027898341202], [0.2761308137745706, 0.2996827753714093, 0.1742004851863056, 0.2499859256677146], [0.28432698145672114, 0.28491788856517597, 0.18905752640548681, 0.24169760357261616], [0.25929952051571775, 0.28544151216926944, 0.17501539130282728, 0.28024357601218564], [0.2633921024103896, 0.30030512955702027, 0.16465327928403425, 0.2716494887485561], [0.27382285823314734, 0.281231226777279, 0.1935438234552903, 0.25140209153428356], [0.2673290098646494, 0.28538910290102637, 0.2151297886139137, 0.23215209862041075], [0.244190479721344, 0.2988944735528388, 0.16182122757633338, 0.2950938191494839], [0.2208843062291809, 0.33508157005992845, 0.17652129090014315, 0.2675128328107478], [0.2605912794756685, 0.23984722764557517, 0.19912289496651578, 0.30043859791224076], [0.17868588017188308, 0.32420995776181544, 0.2540203661411255, 0.2430837959251761], [0.26006683655636637, 0.2697334578356764, 0.1686222442310273, 0.3015774613769302], [0.19996704310602154, 0.3004290691540828, 0.19427152569593528, 0.3053323620439604], [0.2945518512657859, 0.2366217680356977, 0.19838104857408814, 0.2704453321244282], [0.242223530516115, 0.28500457150854375, 0.19140709753392313, 0.28136480044141826], [0.22409483022816695, 0.25128881241420276, 0.2496095226390503, 0.27500683471857995], [0.270619838579777, 0.24636904538764387, 0.16565018781539462, 0.3173609282171846], [0.20987167415759495, 0.27763759822613326, 0.22837868604492026, 0.2841120415713517], [0.23635278623464692, 0.3288197122573602, 0.21319985020563814, 0.22162765130235498], [0.31315895006768857, 0.27613338320423925, 0.15229972641404943, 0.258407940314023], [0.20466799399795468, 0.3002639478066031, 0.22834080467196782, 0.2667272535234744], [0.19018004071333547, 0.3155929599717954, 0.19917663765244678, 0.29505036166242243], [0.1892147130221367, 0.2639012508459383, 0.18562867062526434, 0.36125536550666093], [0.30366734793643807, 0.21436264790219167, 0.23619488581110587, 0.2457751183502645], [0.2465750762168713, 0.3062639887725568, 0.1690480226289472, 0.27811291238162494], [0.23206338902876295, 0.2805772074219243, 0.22907152812653397, 0.258287875422779], [0.26166924602909325, 0.2850542471730706, 0.18880797571198651, 0.26446853108585006], [0.2498804806500499, 0.2661335438625067, 0.1723460435686989, 0.31163993191874484], [0.2749002429031434, 0.24515022504546596, 0.1900661272530181, 0.2898834047983726], [0.23284607736521712, 0.32188814108758385, 0.16576212561974085, 0.2795036559274584], [0.21082757208797498, 0.2980698062709315, 0.22453229697685642, 0.26657032466423725], [0.24798920070048822, 0.28964161365244384, 0.19627529391445597, 0.2660938917326121], [0.21559811931761078, 0.3300931399745453, 0.19624743573041648, 0.25806130497742763], [0.23490860861932533, 0.3124592808616068, 0.20157436383683444, 0.2510577466822336], [0.20920709619222377, 0.30203642401136194, 0.19442690678426375, 0.29432957301215074], [0.21371587549704965, 0.2967776620631963, 0.205741763879304, 0.2837646985604502], [0.2986011508020749, 0.3107467433296815, 0.11339023345742262, 0.2772618724108209], [0.24506542711969775, 0.3248370302018385, 0.1813034993675574, 0.24879404331090654], [0.29411736741642913, 0.20026710354665928, 0.22708918824307558, 0.27852634079383604], [0.22990939285245915, 0.2990437376548867, 0.2279959584291161, 0.2430509110635382], [0.2601903954755668, 0.3017406420176215, 0.14453405950054873, 0.293534903006263], [0.2035606789246501, 0.2496055142805443, 0.2923898249969662, 0.2544439817978394], [0.26562471223958534, 0.2483626196686268, 0.214993336971072, 0.27101933112071597], [0.19840032902213242, 0.31901884556861015, 0.2008171703437416, 0.28176365506551604], [0.260662149777796, 0.29346855955968854, 0.1546025783317814, 0.29126671233073426], [0.23803689058319158, 0.3031633805104735, 0.1821920491002111, 0.2766076798061239], [0.18294705329716948, 0.2823810258775519, 0.1947466642634582, 0.3399252565618204], [0.2491452103400687, 0.35016656222997566, 0.15863159298884885, 0.24205663444110687], [0.2682141444714892, 0.29070846117708926, 0.20749719734095445, 0.23358019701046706], [0.26180558770191203, 0.26575200761028145, 0.2116550851115506, 0.26078731957625595], [0.24032731766542476, 0.3175984367122689, 0.2299205951886389, 0.2121536504336675], [0.2353287953813564, 0.24974349000582519, 0.21338159371299453, 0.30154612089982374], [0.26279651515547403, 0.2987794702807184, 0.1799671848453845, 0.2584568297184233], [0.2006350675428068, 0.2885884242725298, 0.18395527041269955, 0.32682123777196426], [0.2598643497298845, 0.25532226259019675, 0.24984497216713944, 0.23496841551277947], [0.25173116787608796, 0.26590948986049934, 0.18358706128055988, 0.298772280982853], [0.25510580161611257, 0.2521286229195252, 0.21510562273487696, 0.2776599527294853], [0.23627217544217496, 0.3174295907844321, 0.20788451836039779, 0.23841371541299544], [0.21145506878368392, 0.32690556183216196, 0.1404757911579084, 0.32116357822624586], [0.21315706554975639, 0.3155629778820883, 0.1865094344841622, 0.28477052208399334], [0.20673353364934127, 0.3149555739902656, 0.24978697293032817, 0.22852391943006517], [0.2982164146370972, 0.2924245983671574, 0.1595666319765458, 0.24979235501919955], [0.2696356714351868, 0.2228958113356499, 0.19286812422721267, 0.31460039300195075], [0.2872461521055907, 0.27249998049349056, 0.17385120284853098, 0.266402664552388], [0.26172798511999107, 0.3009618420160957, 0.18547471481096717, 0.251835458052946], [0.23070800246079343, 0.2696789853632672, 0.1525378477630574, 0.34707516441288183], [0.23348300667991995, 0.29039225374575506, 0.22762098015456456, 0.2485037594197605], [0.2167786616722074, 0.3075508615747691, 0.22710679109875545, 0.24856368565426817], [0.20069962397264504, 0.2871205030386125, 0.24224613213221924, 0.26993374085652333], [0.2806907050634756, 0.23167413302186407, 0.25079637746285793, 0.23683878445180245], [0.32260032218463863, 0.24926198980517075, 0.1608676733070013, 0.2672700147031895], [0.26314062722144316, 0.2508449315508612, 0.18524732013639775, 0.300767121091298], [0.26706346203007947, 0.32508800442813957, 0.20974684754161063, 0.1981016860001705], [0.23828627735127964, 0.2341474533374605, 0.22613218343658262, 0.3014340858746771], [0.2306014234595057, 0.2601366920078594, 0.22437294144054717, 0.2848889430920879], [0.2500964809482399, 0.3408298277707633, 0.1650265470895489, 0.24404714419144816], [0.22112073142551497, 0.2882480343651215, 0.1897004438989734, 0.30093079031039055], [0.29496724596882695, 0.2634243018010585, 0.2228153891152574, 0.21879306311485722], [0.24551404212812972, 0.31517394181348507, 0.1430630723652451, 0.29624894369314014], [0.20797778422362762, 0.32382208207538093, 0.22252379702458785, 0.24567633667640368], [0.20236046326560914, 0.27248135580876665, 0.2305327756374181, 0.29462540528820613], [0.3084161603043738, 0.26379663143913185, 0.16794014859360115, 0.2598470596628934], [0.23710829801396954, 0.23881962042445554, 0.2311973943245825, 0.2928746872369924], [0.23228285270890572, 0.25187922985499084, 0.2447008213231937, 0.27113709611290987], [0.21239832692609592, 0.3130924050299352, 0.23467262864062127, 0.2398366394033477], [0.21397578926644015, 0.29722373499759813, 0.2224702983394643, 0.26633017739649767], [0.223005053964705, 0.2399219587310692, 0.2075576976359601, 0.32951528966826593], [0.2607722229457316, 0.22873867456371996, 0.22408227168284559, 0.2864068308077028], [0.1870869045743302, 0.28879153533169494, 0.19117476738909883, 0.3329467927048762], [0.2085036335625771, 0.2559237414699992, 0.23933655310378954, 0.2962360718636343], [0.29501847575972034, 0.2922036198760189, 0.1732396319857439, 0.23953827237851705], [0.26056753834958896, 0.2701439553167831, 0.13445258662959148, 0.3348359197040367], [0.23750683165535544, 0.3100173963299713, 0.18858915913186608, 0.26388661288280735], [0.20561906475264854, 0.2937321154240735, 0.14619776180391217, 0.3544510580193658], [0.304891602765035, 0.26216876948515067, 0.13725776043256352, 0.2956818673172508], [0.2902064198690095, 0.2814959026791477, 0.19762610831239374, 0.23067156913944903], [0.24545561494097815, 0.3052584498526911, 0.2102450711199033, 0.2390408640864278], [0.20545865710416636, 0.32020684495943835, 0.20340079201523845, 0.27093370592115684], [0.24931642774654159, 0.30128407309380245, 0.23468580016117163, 0.21471369899848455], [0.26259257336516206, 0.289190239281069, 0.1695896516878509, 0.27862753566591797], [0.26808090566040266, 0.24910289323433002, 0.21706372799107168, 0.26575247311419586], [0.3604714257312044, 0.21359667407481114, 0.163529115536179, 0.26240278465780564], [0.22458325951018807, 0.33701039571761066, 0.22495457425935586, 0.2134517705128456], [0.25782720345694254, 0.31620448289176273, 0.21106462544060384, 0.21490368821069095], [0.2281961707049958, 0.3076911624673843, 0.21666965308052835, 0.24744301374709163], [0.2947588172493218, 0.2271604011786791, 0.20290646647636662, 0.2751743150956327], [0.23372010821600653, 0.23290269939098604, 0.2613755696752513, 0.27200162271775624], [0.22583099390668143, 0.31565779514949266, 0.15164313388433015, 0.30686807705949587], [0.2184258251394543, 0.2741490251130198, 0.23310643527293004, 0.2743187144745961], [0.31073626226661955, 0.2998318145914092, 0.22331991872829424, 0.16611200441367713], [0.25432908585221164, 0.2759479444387393, 0.19541429720683987, 0.27430867250220936], [0.22189292592323664, 0.3162615739462774, 0.17556884474524487, 0.286276655385241], [0.2880728073357203, 0.24834818517779841, 0.16094188371482215, 0.3026371237716592], [0.2520413590294607, 0.3111806800822896, 0.18695225051444617, 0.24982571037380366], [0.2065537944762158, 0.32778291862632275, 0.24302113986748533, 0.22264214702997634], [0.2738414441068155, 0.2067505976629511, 0.2216662148477555, 0.29774174338247805], [0.2422629799200129, 0.3012289699140511, 0.20531797562853732, 0.2511900745373989], [0.27198261745590574, 0.27403461835081083, 0.19105047956668708, 0.2629322846265965], [0.2353420174044161, 0.2787743864330939, 0.22356462383019018, 0.26231897233229995], [0.24473669560923747, 0.2873016752753961, 0.18483504469044285, 0.2831265844249237], [0.20439255563968292, 0.332169830747208, 0.23469365467418274, 0.22874395893892654], [0.21112247389812105, 0.3428880889727307, 0.19157460382188568, 0.2544148333072627], [0.2200592567447867, 0.21331622922499188, 0.2549683489090018, 0.31165616512121974], [0.22999486171760805, 0.27404007153495535, 0.2821632146392644, 0.2138018521081722], [0.18776010275493898, 0.29370241417532705, 0.23267093728258942, 0.2858665457871446], [0.204001544689656, 0.2885097190591061, 0.2092144084434454, 0.29827432780779284], [0.2873829981295585, 0.27727099448011916, 0.18684905232253082, 0.24849695506779143], [0.1953912865235376, 0.36056511457190865, 0.2233576576649432, 0.22068594123961066], [0.25256417074410015, 0.30792733265174776, 0.19631552620594023, 0.243192970398212], [0.1678058162156174, 0.2888398777332253, 0.22682806450657408, 0.3165262415445834], [0.21542397773722807, 0.3129193401496885, 0.1836392996889581, 0.28801738242412556], [0.28645527393540565, 0.24544128720548453, 0.2320273360147682, 0.2360761028443417], [0.22552457228825484, 0.3594870930471911, 0.1531936478739891, 0.2617946867905649], [0.21937815018177126, 0.275727245070108, 0.2111987900082283, 0.2936958147398925], [0.2550752711107802, 0.3034190234724622, 0.22708742933184017, 0.2144182760849177], [0.21430185405313476, 0.24327179627212153, 0.21965416736905533, 0.3227721823056883], [0.2719505904907542, 0.26534001689349995, 0.18436793134722076, 0.2783414612685251], [0.22532259051358422, 0.2852522717375051, 0.2462425323147124, 0.24318260543419856], [0.2256630977337409, 0.32894277712570785, 0.2092011802053145, 0.2361929449352368], [0.23765030765598127, 0.28550367938904675, 0.23137587029046713, 0.24547014266450504]]}, "rewritten": {"ids": ["97105960", "97107040", "97107681", "97112170", "97116401", "98107210", "98108520", "98109230", "98110230", "98111231", "98111620", "98111670", "98112300", "98112580", "98117740", "99108310", "99108330", "99108580", "99109740", "99109780", "99109860", "99109910", "99111000", "99111440", "99111620", "99112531", "99113260", "99117740", "99121440", "100108080", "100108260", "100109910", "100110050", "100110260", "100111620", "100115700", "100116790", "101108121", "101108290", "101108460", "101108580", "101108950", "101109120", "101110740", "101111310", "102110240", "102112030", "102112250", "102112301", "102113210", "102113981", "103110050", "103110760", "103113210", "103113610", "104110960", "104111620", "104111880", "104112201", "104113170", "104114320", "104114410", "104117200", "105112240", "105113330", "105113620", "105115250", "105116650", "105117200", "105119950", "106111321", "106113360", "106114011", "106114150", "106114880", "106116120", "107112840", "107116340", "107116980", "107120010", "108113480", "108113760", "108114270", "108115880", "108115970", "108118060", "108118630", "108119550", "108121190", "109113881", "109114651", "109115070", "109117271", "109117600", "109117630", "109118161", "109118701", "109119010", "109119591", "110114321", "110114651", "110114950", "110115120", "110115580", "110117870", "110121140", "110121170", "110121450", "110121500", "111114121", "111115910", "111116040", "111116100", "111116110", "111116990", "111117000", "111117200", "111118810", "111118820", "111119610", "111120260", "111120280", "112116290", "112116451", "112116880", "112117580", "112118161", "112118511", "112118530", "112118550", "112118581", "112118810", "112119450", "112119500", "112119930", "112119980", "113118111", "113118511", "113119320", "113119950", "113120540", "113122320"], "labels": [2, 2, 3, 0, 3, 1, 2, 1, 3, 1, 3, 1, 2, 2, 2, 2, 1, 0, 3, 2, 2, 2, 2, 3, 3, 3, 0, 2, 2, 0, 3, 2, 3, 3, 3, 1, 2, 0, 0, 0, 0, 2, 1, 3, 3, 3, 2, 0, 1, 3, 1, 3, 1, 3, 2, 2, 0, 3, 0, 3, 2, 1, 3, 1, 3, 0, 2, 1, 3, 3, 0, 0, 1, 1, 0, 1, 1, 3, 3, 1, 0, 1, 3, 3, 2, 1, 1, 1, 1, 0, 3, 0, 0, 1, 0, 0, 3, 3, 0, 1, 3, 0, 0, 1, 3, 3, 2, 3, 3, 0, 2, 0, 3, 3, 0, 0, 0, 0, 0, 2, 3, 0, 0, 0, 0, 0, 0, 1, 1, 3, 1, 3, 3, 2, 1, 0, 1, 1, 1, 0, 3, 1], "predicted_labels": [1, 1, 3, 1, 1, 2, 1, 3, 1, 0, 1, 3, 0, 1, 1, 0, 1, 1, 1, 3, 1, 3, 1, 1, 1, 1, 1, 0, 1, 1, 1, 1, 1, 0, 1, 1, 1, 1, 0, 1, 3, 1, 1, 1, 1, 1, 3, 3, 1, 1, 1, 1, 3, 1, 2, 0, 3, 1, 3, 1, 0, 3, 1, 1, 3, 1, 3, 1, 3, 1, 1, 1, 1, 3, 1, 1, 1, 1, 0, 1, 1, 1, 1, 1, 1, 3, 3, 1, 1, 1, 3, 1, 3, 3, 1, 1, 1, 3, 1, 1, 3, 3, 1, 0, 1, 0, 1, 1, 0, 3, 1, 3, 0, 3, 3, 3, 3, 1, 3, 3, 1, 3, 1, 3, 3, 3, 1, 3, 1, 3, 1, 3, 3, 1, 1, 1, 1, 1, 1, 0, 0, 1], "confidence_scores": [[0.22716043734604838, 0.2985232491078519, 0.24417386208854933, 0.23014245145755047], [0.2110128507509288, 0.30124644356747055, 0.23941528955978314, 0.24832541612181772], [0.2316946666447293, 0.24347804625277403, 0.25259967262272687, 0.27222761447977], [0.2074129165795416, 0.37221312067091744, 0.13595522862628776, 0.28441873412325314], [0.21687953309108313, 0.33261582822017055, 0.22069309617094576, 0.2298115425178006], [0.25105963245828117, 0.24117191577208716, 0.2777328068485209, 0.23003564492111092], [0.21342570754432968, 0.3200992687993783, 0.16655853856748082, 0.29991648508881136], [0.19731564246421163, 0.24560562755106752, 0.2597198541645397, 0.2973588758201812], [0.23277823436241757, 0.30558613290868414, 0.16380927706983728, 0.2978263556590612], [0.2607268081292663, 0.25704348630286655, 0.22854868001623846, 0.25368102555162875], [0.19709315089875099, 0.31416131608513204, 0.2236656693131442, 0.2650798637029729], [0.24464824667839358, 0.23382395831303765, 0.24617483510423216, 0.2753529599043366], [0.2847221142758466, 0.2717469946442639, 0.18170409503432097, 0.2618267960455687], [0.2021395863489757, 0.3112135229448398, 0.21005398289087324, 0.27659290781531154], [0.17057921505420326, 0.3387122182912311, 0.2150967176270291, 0.27561184902753677], [0.28414014739326343, 0.27262311677357326, 0.17639510195147615, 0.26684163388168713], [0.22434268927598564, 0.325784281831388, 0.2174046756756077, 0.2324683532170187], [0.25945147596203855, 0.3178853997161452, 0.17440657250090483, 0.24825655182091144], [0.22922720493290985, 0.36594024223974225, 0.22222366314864928, 0.1826088896786988], [0.21891091858884099, 0.240936237587297, 0.2511542715936262, 0.2889985722302359], [0.21810747854286144, 0.2960559886374104, 0.23828198153902008, 0.24755455128070822], [0.23546362130911327, 0.23738718193365632, 0.2504063134521861, 0.27674288330504454], [0.20533790918609338, 0.293886385346024, 0.27107862895904783, 0.22969707650883486], [0.16739817948156754, 0.3095668429494982, 0.22673947081210952, 0.29629550675682476], [0.17016123403508016, 0.3032888595166428, 0.2538461511880211, 0.27270375526025614], [0.24550489347061974, 0.2609186724600858, 0.23501044492461282, 0.2585659891446818], [0.25091116908099437, 0.2588129219029378, 0.23687008425657868, 0.2534058247594895], [0.25590205869907356, 0.25575224841341376, 0.2386218664472977, 0.2497238264402148], [0.2017098501186944, 0.30404232533312286, 0.24210440865741795, 0.25214341589076494], [0.21357616061758591, 0.3543379328002424, 0.1786861538496334, 0.2533997527325385], [0.22601897783703262, 0.28350748422480504, 0.22489593479345596, 0.2655776031447064], [0.21286025859403052, 0.3246408112899362, 0.2257380890459157, 0.23676084107011783], [0.18611653630250774, 0.34483033223270243, 0.21494547734844605, 0.25410765411634373], [0.2857849486405297, 0.25660729799505005, 0.1983663658516037, 0.2592413875128166], [0.2255374711520144, 0.2716114499089917, 0.25389660411560344, 0.24895447482339064], [0.25372219797391987, 0.30896201182968847, 0.22563935218042933, 0.21167643801596242], [0.24664151610311844, 0.3101969163843659, 0.18241814416519456, 0.2607434233473212], [0.23994919469885656, 0.2788110333154934, 0.2297993225464402, 0.25144044943921], [0.28414461503624977, 0.24373368057682374, 0.20833510536790567, 0.2637865990190209], [0.22355875797960267, 0.32335468120339955, 0.20672628361844864, 0.24636027719854944], [0.2623753456053732, 0.21436931844043092, 0.22743540535556359, 0.29581993059863243], [0.24869366369610013, 0.31985544945922934, 0.19853186728882444, 0.23291901955584626], [0.23390926222634797, 0.2814090307782872, 0.24016928020090805, 0.2445124267944568], [0.20227384505901555, 0.29454018871267257, 0.24195925981510652, 0.26122670641320556], [0.25812602459240575, 0.2714284580348974, 0.22098659552711328, 0.2494589218455837], [0.2232044781285493, 0.28972373828113296, 0.21371448690753006, 0.2733572966827881], [0.2578784479938752, 0.22744959884836013, 0.23286587366132194, 0.281806079496443], [0.25489131314096874, 0.2561462104816343, 0.17869179345454256, 0.3102706829228545], [0.256333367424349, 0.26187359518722403, 0.22263748054223673, 0.25915555684619035], [0.26122572881351586, 0.28096032942586313, 0.17703474836520472, 0.2807791933954164], [0.24939108072524507, 0.2758572142887591, 0.2300427097634742, 0.24470899522252157], [0.23864967463980874, 0.34868830005876333, 0.18897961872294355, 0.2236824065784847], [0.21867438376296003, 0.2754743247219735, 0.21420379506504042, 0.2916474964500259], [0.24186643268817484, 0.2798912258617621, 0.20702735667428462, 0.27121498477577843], [0.24844787255321438, 0.24953928205054698, 0.26767686103929855, 0.2343359843569402], [0.28081003537223853, 0.2707729874177037, 0.22510624209760302, 0.22331073511245494], [0.2606463479060857, 0.23519600203377147, 0.18773650814051712, 0.316421141919626], [0.21832314277819662, 0.3323957447752558, 0.20292029565278985, 0.24636081679375788], [0.23300343257454237, 0.2749773849050928, 0.20393634395581003, 0.2880828385645548], [0.20829974562900477, 0.3492373796065928, 0.20570676951029146, 0.2367561052541112], [0.2830954009705196, 0.2566038066654708, 0.2364093244963806, 0.22389146786762917], [0.28065907287818254, 0.26058175272487605, 0.15460004847526385, 0.3041591259216776], [0.18343832763900342, 0.3181510397399374, 0.21020726465572118, 0.2882033679653381], [0.2225175689960325, 0.35240992062640375, 0.2178162354631371, 0.2072562749144266], [0.27235807407134427, 0.22691870457066282, 0.18523582374610237, 0.3154873976118907], [0.21085770307048382, 0.3541340446636794, 0.2162679136006088, 0.21874033866522816], [0.23127431870239445, 0.2695305975136882, 0.20096618666041452, 0.29822889712350287], [0.25881445990237173, 0.3065480180054391, 0.2405328925160223, 0.19410462957616698], [0.2190830028715884, 0.2377856894385975, 0.22209077402641297, 0.32104053366340124], [0.20861412670495608, 0.36049512815513773, 0.19019278400334863, 0.24069796113655767], [0.26852144299497493, 0.3055180606048039, 0.1658238091626803, 0.26013668723754096], [0.22343883160897654, 0.31281295888155863, 0.23606399500488798, 0.227684214504577], [0.2678041734781081, 0.28464369474875295, 0.197557069896398, 0.24999506187674092], [0.24887358830708028, 0.22152752280098548, 0.25727529334134663, 0.2723235955505877], [0.17344985580063327, 0.3512330965581526, 0.1694925343159974, 0.30582451332521676], [0.27154427638459405, 0.28487045958059193, 0.22239479131835058, 0.2211904727164634], [0.23981039475331234, 0.31737886414370486, 0.2278648796395579, 0.21494586146342523], [0.24017551652599295, 0.3135150495900821, 0.1674600590081297, 0.2788493748757955], [0.2925437240670924, 0.290459608469392, 0.2010394790104242, 0.21595718845309142], [0.1925713683988545, 0.3211184802150474, 0.2480687938530324, 0.23824135753306583], [0.2632576736369291, 0.2635600676952773, 0.23841997341713939, 0.23476228525065468], [0.2662437017630968, 0.2893060206047076, 0.1903393251239813, 0.25411095250821447], [0.18804443229372758, 0.3444399711710686, 0.174935175367624, 0.29258042116757993], [0.21066896368993926, 0.31022604614164045, 0.2046956486627446, 0.2744093415056761], [0.2750184258710928, 0.3137288796963038, 0.1644944320992162, 0.24675826233338735], [0.25040155180716306, 0.21710813983490054, 0.24311770637360808, 0.28937260198432857], [0.19760957859275277, 0.2971153084497768, 0.1660972054022309, 0.3391779075552395], [0.26097286988050317, 0.27999651266147596, 0.22579608405578097, 0.23323453340223993], [0.21838231016171133, 0.34870557310218514, 0.17893515495453716, 0.25397696178156653], [0.23228331391665516, 0.2925293350163091, 0.18304402674116202, 0.2921433243258738], [0.2512431509829158, 0.2631087110633117, 0.19922025311291996, 0.2864278848408526], [0.20605083009521866, 0.3524435990942194, 0.16404755250878617, 0.2774580183017758], [0.22406576040589285, 0.2703891438900992, 0.1474931917350376, 0.35805190396897063], [0.2308493192287704, 0.20670854128610164, 0.21397181077550795, 0.3484703287096201], [0.27556615781022414, 0.31807182515523347, 0.21887756436713635, 0.187484452667406], [0.2519209253159647, 0.2978403616052872, 0.23452440340875166, 0.2157143096699964], [0.2315730187920326, 0.29968545939711455, 0.19298693604977607, 0.2757545857610768], [0.25320898654076357, 0.2365025477208982, 0.21197450759481334, 0.2983139581435252], [0.2411925703966001, 0.2977381272315958, 0.19063130438633305, 0.2704379979854712], [0.2684834670676782, 0.27311743903699853, 0.20128667197381034, 0.2571124219215129], [0.18685498217505905, 0.269201195818602, 0.1801662028447996, 0.36377761916153944], [0.24607525819631598, 0.27459820759293896, 0.19403537791522354, 0.28529115629552193], [0.19384207528912978, 0.32647509857930374, 0.17835225387036577, 0.30133057226120086], [0.26736071242130843, 0.21606439294867807, 0.25404531543276265, 0.26252957919725106], [0.2356440226802048, 0.300335170815854, 0.20492369120315626, 0.25909711530078544], [0.27420828881776615, 0.2722849568822734, 0.24027319756246118, 0.21323355673749944], [0.2003910825000903, 0.34290933713530564, 0.1715515248090455, 0.28514805555555883], [0.2775496680729023, 0.3012919614816616, 0.20733295313755246, 0.2138254173078839], [0.29161715565213164, 0.2760865801549446, 0.16307803686137087, 0.2692182273315531], [0.24582674814380293, 0.27524930694002686, 0.17367417373536687, 0.3052497711808037], [0.22999842095444287, 0.3032828993685905, 0.2122909632545913, 0.25442771642237555], [0.27125587467529744, 0.24063100106378557, 0.2040181127517579, 0.2840950115091593], [0.34024371768772105, 0.25339939772562764, 0.17339897509328994, 0.2329579094933615], [0.22887278906328734, 0.27893858715667574, 0.20773368171830683, 0.2844549420617301], [0.22681461394957178, 0.2754652265350797, 0.20301571528546136, 0.2947044442298873], [0.2516173079466558, 0.2633397887768367, 0.17791646091750782, 0.3071264423589999], [0.22630084533523756, 0.27928756232816593, 0.20037407780219677, 0.29403751453439975], [0.28827510473905255, 0.2896689699811042, 0.15770450940504208, 0.2643514158748014], [0.2727482434471491, 0.22071364274496352, 0.16263931588339553, 0.343898797924492], [0.22497003164570273, 0.2599822464445638, 0.24690077607106267, 0.268146945838671], [0.26681168577283054, 0.3192472073429833, 0.18605984908258866, 0.22788125780159763], [0.26309097740929555, 0.2501289083990882, 0.1523451595522495, 0.33443495463936684], [0.23224075697237115, 0.32441971971129374, 0.17573820420421002, 0.26760131911212526], [0.2847421507722179, 0.2699883858026184, 0.15474810405809647, 0.29052135936706747], [0.20521476306691297, 0.2933350862211124, 0.19407031898956276, 0.3073798317224121], [0.21200573513824195, 0.2719857396640774, 0.1947268300949679, 0.3212816951027129], [0.2254444026097741, 0.30703138417392684, 0.19157692309687926, 0.2759472901194197], [0.24268450739983227, 0.2698274380194208, 0.20487019798616424, 0.28261785659458283], [0.20812250038390936, 0.3712363538407869, 0.21614356672122667, 0.20449757905407734], [0.2250436690007613, 0.2931186558881443, 0.16832700493413794, 0.31351067017695655], [0.23344834817184384, 0.31457495907424377, 0.21436282439414436, 0.2376138683597682], [0.2482613301838992, 0.27649268296364904, 0.1318329074573585, 0.3434130793950934], [0.2316718657778121, 0.23015564385873483, 0.17696242069764304, 0.3612100696658102], [0.18646708746710272, 0.36694379815849615, 0.2099032026844986, 0.2366859116899026], [0.2666715596056824, 0.3195611362714461, 0.16470843038173683, 0.2490588737411349], [0.21083055351433258, 0.32665573868585596, 0.14630220496760968, 0.3162115028322019], [0.20975965762629908, 0.32641290592681055, 0.1634486063217271, 0.3003788301251633], [0.20789752994053376, 0.3342483410732355, 0.21906660857761753, 0.2387875204086134], [0.23779715346738098, 0.3372449749817205, 0.12404464823114672, 0.30091322331975207], [0.3198348528714791, 0.2597447188284127, 0.17904827722804006, 0.24137215107206822], [0.2996788660050862, 0.2745995321315536, 0.1883964200692138, 0.2373251817941466], [0.28153177365158755, 0.29195914065529466, 0.1535448077993184, 0.2729642778937995]]}}