{"test": {"ids": ["106116850", "98106680", "102110050", "113120260", "110120531", "100108080", "109117431", "104113190", "107113360", "99111440", "102112030", "113122160", "100116500", "111119580", "110117080", "113122510", "97107681", "106114150", "113121810", "101108500", "99112531", "102107961", "103111930", "111117480", "111121930", "101121640", "100115700", "112117461", "101109370", "113118810", "100109801", "103120780", "112121351", "108114220", "103112470", "112116810", "107114280", "113118820", "101110150", "106113260", "109121640", "97116800", "99107630", "98111670", "110118121", "110115250", "112121410", "107114140", "113120591", "113120751", "100111620", "110116290", "113122120", "108114270", "97106770", "111118301", "108115970", "112118810", "113122230", "110120190", "98108520", "113119340", "112120640", "99109860", "98121790", "113120601", "113119300", "107118120", "107120260", "111116100", "104114230", "107118490", "98120530", "110113931", "111118810", "100111080", "107113550", "111116750", "102109850", "103120340", "110114610", "97112300", "98106560", "110117500", "99109141", "110118701", "104111380", "113117550", "110119030", "107117630", "110114950", "103113101", "109118231", "111119430", "107118820", "105116650", "98107340", "106111321", "113121190", "99108890", "99109311", "113118511", "113118690", "106116370", "98110810", "104109311", "100109330", "111119950", "104118070", "101111990", "98116090", "112119610", "106114321", "108114180", "97113260", "110118930", "97116500", "109117150", "100109910", "106113830", "109118701", "112117210", "98119591", "103113610", "107116501", "111117200", "108113740", "109116810", "109114720", "98112300", "111121220", "113121980", "113121010", "112116800", "112116850", "112118890", "110118181", "99111930", "104119340", "113121410", "108121351", "99109840"], "labels": [3, 1, 3, 3, 0, 0, 1, 3, 0, 3, 2, 3, 2, 3, 1, 2, 3, 1, 2, 3, 3, 3, 3, 1, 1, 2, 1, 0, 1, 3, 0, 1, 0, 3, 1, 3, 3, 0, 1, 3, 0, 0, 2, 1, 3, 1, 0, 2, 0, 1, 3, 2, 1, 3, 3, 3, 2, 3, 1, 3, 2, 0, 0, 2, 2, 2, 1, 3, 1, 3, 2, 2, 1, 1, 0, 0, 0, 3, 1, 1, 1, 2, 1, 1, 3, 3, 3, 3, 0, 0, 0, 3, 1, 3, 3, 1, 0, 0, 1, 0, 1, 1, 3, 2, 1, 3, 0, 0, 2, 2, 0, 0, 2, 1, 1, 1, 2, 2, 2, 1, 3, 1, 1, 2, 1, 0, 3, 3, 0, 2, 3, 2, 2, 0, 0, 3, 1, 1, 1, 0, 3, 2], "predicted_labels": [2, 2, 1, 0, 0, 2, 0, 1, 0, 3, 3, 3, 2, 1, 3, 3, 1, 3, 2, 3, 3, 3, 0, 1, 2, 1, 1, 0, 2, 1, 1, 0, 1, 0, 1, 2, 2, 0, 1, 1, 1, 0, 3, 0, 1, 1, 3, 2, 0, 0, 2, 3, 1, 1, 2, 0, 1, 1, 2, 3, 2, 0, 0, 1, 1, 2, 3, 0, 0, 1, 3, 2, 1, 0, 0, 2, 3, 0, 2, 2, 2, 1, 2, 1, 0, 0, 3, 3, 3, 0, 1, 3, 1, 1, 1, 2, 2, 0, 1, 1, 0, 1, 3, 0, 2, 0, 0, 0, 3, 2, 3, 1, 1, 1, 2, 1, 1, 1, 2, 3, 1, 2, 0, 1, 3, 0, 0, 3, 3, 3, 3, 1, 3, 1, 3, 2, 1, 1, 1, 3, 3, 2], "confidence_scores": [[0.00014085928948768086, 0.003189981779669686, 0.9964815948521626, 0.00018756407868004271], [0.40258991071545147, 0.06746915713326633, 0.5216809956970342, 0.008259936454247966], [0.002699674088348259, 0.9291530434866724, 0.03427569160589974, 0.033871590819079485], [0.8764027095909875, 0.0005135465591066798, 0.030655547868859174, 0.0924281959810467], [0.9917145316537993, 0.007847791001679956, 6.2972587240544545e-06, 0.0004313800857969412], [0.04154825642901259, 0.19194552481320665, 0.5998262847521376, 0.16667993400564313], [0.976504276755739, 2.495884045070592e-05, 4.198669791733602e-05, 0.023428777705893095], [5.7126095406268546e-05, 0.9264812555175622, 0.0014146279392102923, 0.07204699044782134], [0.8436585517521092, 0.09518573114446317, 0.001268598286713092, 0.05988711881671442], [0.13164979726222467, 0.18104846361142457, 0.0006048352092434117, 0.6866969039171072], [0.03474647001857774, 0.08342940591018423, 0.1974966147045547, 0.6843275093666833], [0.1005011046700176, 0.011965489179415704, 0.00259810437087577, 0.8849353017796909], [0.33856474768020794, 0.0047557893955586465, 0.4295068969693271, 0.22717256595490634], [0.08737172718729104, 0.8560541562504423, 0.006526111037077732, 0.0500480055251889], [2.731607253908485e-05, 0.041116597239182366, 0.0020374947917264526, 0.9568185918965522], [0.00037576937122854175, 0.05695125753300353, 0.036669304369161305, 0.9060036687266065], [0.10098677014477006, 0.8726233401804373, 0.003850753531781619, 0.02253913614301103], [0.006218327741415187, 0.11982773523461338, 0.05205694146820864, 0.8218969955557627], [0.0005296461958980071, 0.17398755587897038, 0.8100926743663012, 0.015390123558830397], [0.00038932167222323615, 0.08637385595908408, 0.40541987871950025, 0.5078169436491924], [0.332814174674131, 0.013666573089041447, 0.26648148418494916, 0.3870377680518785], [0.1691879804717586, 0.00034397920277056516, 0.0020326765267123996, 0.8284353637987585], [0.5616207488150047, 0.4084506134513172, 0.02673208750689068, 0.0031965502267872845], [0.029034392530290998, 0.9292504316160276, 0.03775865689272573, 0.003956518960955812], [0.002705932022125108, 0.007162716470542667, 0.9876590437047915, 0.002472307802540681], [0.010615326135018135, 0.658142338970816, 0.00020042611873980412, 0.33104190877542605], [0.05189430798176599, 0.6736405034683576, 0.1168562166192413, 0.1576089719306351], [0.933376093840631, 0.007430158491660182, 0.0024161660415119935, 0.05677758162619658], [0.45970241098572007, 0.006056776853873708, 0.5340542319282062, 0.0001865802321999169], [0.005024193878918486, 0.6033284099517149, 0.038547294363138196, 0.3531001018062283], [0.0037905527563268293, 0.949059549569839, 0.01002822606823271, 0.03712167160560154], [0.7229674445940719, 0.15759485335575465, 0.009263368592964507, 0.11017433345720892], [0.1523337192079787, 0.8073219138346557, 0.021174874960182232, 0.01916949199718349], [0.9614104233872286, 0.036278824271227895, 0.0005138325252687758, 0.0017969198162747708], [0.15206715483827657, 0.7538093145885044, 0.08393321261152081, 0.010190317961698305], [0.12439998884847306, 0.0011812228535370225, 0.8731248328316842, 0.0012939554663057074], [0.013602245340184723, 0.18235132174360316, 0.8015052251590559, 0.0025412077571562845], [0.8989673971978208, 0.10078646774188388, 4.9612699465223316e-05, 0.00019652236083020965], [0.01370276587612339, 0.9070353205170275, 0.012662137034469058, 0.06659977657238017], [0.045114636851361335, 0.9363141883132479, 0.016725507102033358, 0.0018456677333573643], [0.03382490512859101, 0.9364686995575792, 0.02424047550683975, 0.005465919806990073], [0.9288487439206341, 0.011948255727984023, 0.008356093706373946, 0.05084690664500805], [0.04595524595672332, 0.012092695052875661, 0.03304324077992406, 0.9089088182104769], [0.943348677926405, 0.006645924617741466, 0.022216558423865416, 0.02778883903198812], [0.001045618912970261, 0.5147037994779692, 0.0023812575289617302, 0.48186932408009875], [0.028260994622539073, 0.9236192101427039, 0.014910697218132828, 0.0332090980166244], [0.23293748567685674, 0.28675227456470004, 0.15361927668444916, 0.326690963073994], [0.0003585634497518311, 0.3695630935561426, 0.5666727999043489, 0.06340554308975667], [0.9777267391644732, 0.013124233292384626, 0.00304294807840338, 0.00610607946473879], [0.6451671508125266, 0.0015797749494785998, 0.012167662317276501, 0.34108541192071823], [0.010145656308633417, 0.07779463407335009, 0.7345082439928146, 0.177551465625202], [0.19422496006558676, 0.0006832346320170445, 0.2959785194304799, 0.5091132858719163], [0.0034366174222963362, 0.9089745547664483, 0.08494797904913515, 0.0026408487621202006], [0.35144817144562807, 0.5501945673082961, 0.052489794724021106, 0.04586746652205459], [0.0057953420359631615, 3.937416414268414e-06, 0.9848588849198874, 0.00934183562773543], [0.911954520383719, 0.009995265151166631, 0.014273582342363783, 0.06377663212275049], [0.07355367535077383, 0.5094431081531544, 0.017819054494677217, 0.39918416200139467], [0.03410125576796749, 0.957920318662003, 0.0015410302238089558, 0.006437395346220539], [0.0011947386991258582, 0.020228868903676856, 0.9778366559617934, 0.0007397364354038997], [0.00029506369895488917, 0.25575620526706583, 0.04671534300149127, 0.697233388032488], [0.004402114525509039, 0.3930700576979594, 0.5982896507263369, 0.004238177050194762], [0.9984407784334812, 8.097814667391461e-05, 3.496896095648099e-05, 0.0014432744588882254], [0.9342644243552385, 0.0003497219581219566, 0.00036138029039070824, 0.06502447339624887], [0.0020652216811363555, 0.943413409242174, 0.04397935495315457, 0.010542014123535174], [0.018506419776426586, 0.8185725748605536, 0.15802561147535812, 0.004895393887661651], [0.0009638463967387078, 0.07664208203382887, 0.5162697505822719, 0.4061243209871605], [0.037899376988976885, 0.1222339663680656, 0.00020317047461261724, 0.8396634861683449], [0.9589809647912727, 0.021413845312401394, 0.00013116930462952583, 0.01947402059169623], [0.8236872757396898, 0.0006005809023040964, 0.07525524544393539, 0.10045689791407064], [0.0006088109405028701, 0.988855853347438, 0.0003273331234200639, 0.010208002588639114], [0.040215281908745536, 0.20433039173666118, 0.3589756384099943, 0.3964786879445989], [0.07355481704114596, 0.16830805277284006, 0.7577656391866766, 0.00037149099933739526], [0.0009598846327301215, 0.9741954468122004, 0.0005287733812047738, 0.024315895173864652], [0.975528983351858, 0.0004985908954693298, 1.0420202641011357e-05, 0.02396200555003141], [0.927703418634021, 0.007279339057348243, 0.04303428770658274, 0.021982954602048167], [0.06771107003117617, 0.3569817665603484, 0.5726203935099143, 0.0026867698985609365], [0.2617952360348429, 0.06495794849845396, 0.06640166712898098, 0.6068451483377222], [0.9731231250783551, 2.7005150308943036e-05, 0.02641233251956238, 0.00043753725177358337], [0.02080717877179927, 0.000982443629420618, 0.9682786620505324, 0.009931715548247642], [0.059394901645188306, 0.07960918335716173, 0.725514577731449, 0.13548133726620096], [0.13098144759008484, 0.35658053397850903, 0.5120365863018523, 0.0004014321295537399], [0.18242714342735877, 0.42820267212471935, 0.2566407270189348, 0.13272945742898692], [0.008500485667722338, 0.029177145033029057, 0.861560380556209, 0.10076198874303957], [0.06335340380590503, 0.9262642153356319, 0.00083384972106973, 0.009548531137393413], [0.8820718533557201, 0.0011326204151598858, 2.663709361291963e-05, 0.11676888913550726], [0.6071655674862088, 0.2804487006264242, 0.009393796847991033, 0.10299193503937601], [0.014395664899083681, 0.018021197525177342, 0.3457043981678251, 0.6218787394079138], [0.02267447523642951, 0.004644730636401901, 0.22409380231542422, 0.7485869918117444], [0.07785976495004523, 0.0305928723077943, 0.0008154235129451703, 0.8907319392292152], [0.9860205800596871, 0.005272689586796795, 0.0070303433282273755, 0.0016763870252886944], [0.12230123488862044, 0.6319542194303369, 0.016664006045366615, 0.22908053963567584], [0.13320515482667875, 0.054384389770869235, 0.09089440240397649, 0.7215160529984755], [0.00032173904814650217, 0.9974185711966337, 0.0013781024511914524, 0.0008815873040282329], [9.211854683257185e-05, 0.9630166592770383, 0.002925343718399959, 0.03396587845772915], [0.024079995687313126, 0.5105110547536347, 0.107107637559525, 0.35830131199952714], [0.014249022900266554, 0.029149956571858156, 0.9531137991222991, 0.0034872214055763125], [0.1144443193687118, 0.28924107997526827, 0.5957843234149376, 0.0005302772410822819], [0.7720360804283485, 0.09257592664707065, 0.008581500585043915, 0.12680649233953703], [0.3626021789744576, 0.5353953231145382, 0.025346701602021272, 0.07665579630898282], [0.004853494605376712, 0.6672101538764015, 0.058562143390873206, 0.2693742081273485], [0.8724900179756426, 0.1254871802518605, 0.001616670196280477, 0.00040613157621630704], [0.000874360512689145, 0.9954325520574726, 0.0036898658977675865, 3.221532070807577e-06], [0.007791935923046593, 0.26492348423712486, 0.013640292282931982, 0.7136442875568966], [0.9524394343001261, 0.00044460239876411125, 0.036160222029759055, 0.010955741271350662], [0.018835360090537205, 0.003999148729253159, 0.9763067567057679, 0.0008587344744416778], [0.9764211230501438, 0.00039156025103300623, 0.003973528338426539, 0.019213788360396607], [0.7616751981477384, 0.2014830766066399, 0.0016838575159016976, 0.03515786772971997], [0.8403195422817598, 0.02257669212321898, 0.002538232239841222, 0.13456553335518], [0.0008367261206716413, 5.6382728879634434e-05, 0.3511545733784491, 0.6479523177719996], [0.03154952812044413, 0.019071734754449593, 0.8172077049330214, 0.13217103219208498], [0.0004781391169848498, 0.4229695371125775, 0.003815010360859102, 0.5727373134095786], [1.679320838251082e-05, 0.9959501418918575, 0.003641586054929089, 0.00039147884483108785], [0.10855833736112597, 0.8882979326139525, 0.002154111320424271, 0.0009896187044973177], [0.0005892162087618096, 0.9992793801064127, 0.00011255272563126436, 1.885095919422374e-05], [0.0005609708020651149, 0.03387563684147643, 0.4871239901133786, 0.4784394022430798], [8.829907304521665e-05, 0.9976316082693808, 0.0017794110021585906, 0.0005006816554154967], [0.03169561112192882, 0.4762104236768603, 0.09825446930059198, 0.39383949590061906], [0.0021181963164127113, 0.9949494866775278, 0.002728535917748795, 0.00020378108831054325], [0.013844470374271622, 0.00018050481233955704, 0.9833943195756969, 0.0025807052376920765], [0.42344688572735195, 0.04319033788581353, 0.000370711121423891, 0.5329920652654107], [0.0013876147134822894, 0.9940004153626275, 0.004426778859203425, 0.00018519106468684553], [0.001119486373541005, 0.20068380885531925, 0.7050007312654233, 0.09319597350571657], [0.9005365120308968, 0.011222631770964334, 0.08793955026134724, 0.0003013059367915328], [0.003481291982341697, 0.5694368851777777, 0.4230449386482995, 0.004036884191581119], [0.04341266031006129, 0.4720911060239449, 0.008015568392010348, 0.47648066527398353], [0.9541645823694652, 0.0007146872276266645, 0.0009233720041231349, 0.04419735839878483], [0.47223681323996824, 0.1049684187845288, 0.001379902822576294, 0.4214148651529267], [0.0038598417032157397, 0.027425192317642455, 2.697412870996324e-05, 0.9686879918504319], [0.0009979580465269517, 0.01986053042216721, 0.02726697622153122, 0.9518745353097747], [0.2788240734641163, 0.0009010759668535862, 0.013401586660726944, 0.7068732639083031], [0.005749130744978517, 0.12944762814286886, 0.011936891168557156, 0.8528663499435954], [0.048288686300969795, 0.8710715758922888, 0.002680904621001523, 0.07795883318574004], [0.017901034656485012, 0.36075442706786526, 0.157748689798238, 0.4635958484774117], [0.08441573862978151, 0.8818538771761917, 0.008155582234844548, 0.025574801959182256], [0.14783717349536565, 0.23736957969785427, 0.010437870637287117, 0.604355376169493], [0.007364363819338658, 0.09017005872090988, 0.8880990892596353, 0.014366488200116287], [0.06340775776849877, 0.9273894633877199, 0.009195433679867162, 7.345163914304373e-06], [0.44376425706424427, 0.5347739263310886, 0.020881643302556364, 0.0005801733021107715], [1.6325587668626663e-05, 0.9455034083073567, 0.003547103181620617, 0.050933162923354015], [0.07942628425839829, 0.00043737684884908353, 5.911499819841076e-05, 0.9200772238945542], [0.0005005807493708167, 0.0012776003291721232, 0.00019669767470614985, 0.9980251212467508], [0.17905074259555137, 0.05114052456487797, 0.7537806154025846, 0.016028117436986115]]}, "rewritten": {"ids": ["97106770", "97107681", "97112300", "97113260", "97116500", "97116800", "98106560", "98106680", "98107340", "98108520", "98110810", "98111670", "98112300", "98116090", "98119591", "98120530", "98121790", "99107630", "99108890", "99109141", "99109311", "99109840", "99109860", "99111440", "99111930", "99112531", "100108080", "100109330", "100109801", "100109910", "100111080", "100111620", "100115700", "100116500", "101108500", "101109370", "101110150", "101111990", "101121640", "102107961", "102109850", "102110050", "102112030", "103111930", "103112470", "103113101", "103113610", "103120340", "103120780", "104109311", "104111380", "104113190", "104114230", "104118070", "104119340", "105116650", "106111321", "106113260", "106113830", "106114150", "106114321", "106116370", "106116850", "107113360", "107113550", "107114140", "107114280", "107116501", "107117630", "107118120", "107118490", "107118820", "107120260", "108113740", "108114180", "108114220", "108114270", "108115970", "108121351", "109114720", "109116810", "109117150", "109117431", "109118231", "109118701", "109121640", "110113931", "110114610", "110114950", "110115250", "110116290", "110117080", "110117500", "110118121", "110118181", "110118701", "110118930", "110119030", "110120190", "110120531", "111116100", "111116750", "111117200", "111117480", "111118301", "111118810", "111119430", "111119580", "111119950", "111121220", "111121930", "112116800", "112116810", "112116850", "112117210", "112117461", "112118810", "112118890", "112119610", "112120640", "112121351", "112121410", "113117550", "113118511", "113118690", "113118810", "113118820", "113119300", "113119340", "113120260", "113120591", "113120601", "113120751", "113121010", "113121190", "113121410", "113121810", "113121980", "113122120", "113122160", "113122230", "113122510"], "labels": [3, 3, 2, 1, 2, 0, 1, 1, 0, 2, 1, 1, 2, 0, 1, 1, 2, 2, 0, 3, 1, 2, 2, 3, 1, 3, 0, 0, 0, 2, 0, 3, 1, 2, 3, 1, 1, 2, 2, 3, 1, 3, 2, 3, 1, 3, 2, 1, 1, 3, 3, 3, 2, 2, 1, 1, 0, 3, 1, 1, 2, 2, 3, 0, 0, 2, 3, 1, 0, 3, 2, 3, 1, 3, 1, 3, 3, 2, 3, 0, 3, 2, 1, 1, 3, 0, 1, 1, 0, 1, 2, 1, 1, 3, 1, 3, 1, 0, 3, 0, 3, 3, 0, 1, 3, 0, 3, 3, 0, 3, 1, 0, 3, 0, 1, 0, 3, 3, 0, 0, 0, 0, 3, 1, 3, 3, 0, 1, 0, 3, 0, 2, 1, 2, 1, 0, 2, 2, 1, 3, 1, 2], "predicted_labels": [2, 3, 3, 2, 1, 2, 3, 2, 2, 2, 1, 0, 0, 1, 0, 1, 2, 3, 3, 0, 0, 1, 1, 1, 0, 0, 1, 0, 1, 2, 1, 2, 3, 2, 2, 0, 1, 2, 1, 0, 2, 1, 2, 2, 1, 3, 0, 2, 0, 0, 2, 1, 3, 0, 1, 2, 3, 1, 0, 3, 1, 0, 2, 0, 3, 1, 1, 3, 0, 0, 1, 3, 3, 0, 2, 0, 1, 3, 3, 3, 3, 1, 3, 0, 3, 1, 0, 2, 1, 1, 3, 3, 0, 1, 1, 1, 1, 1, 3, 0, 1, 0, 0, 1, 1, 0, 1, 0, 0, 1, 0, 1, 2, 3, 2, 0, 1, 1, 2, 0, 0, 0, 3, 1, 3, 1, 1, 0, 0, 3, 0, 2, 3, 1, 0, 3, 2, 1, 1, 3, 2, 2], "confidence_scores": [[0.33798397539555397, 0.003732167156897121, 0.6207833693506128, 0.037500488096936235], [0.3269445407557048, 0.06051938863906557, 0.021089424241527443, 0.5914466463637021], [0.43399060240425524, 0.009869465436799773, 0.02317868719474976, 0.5329612449641953], [0.0065349729615110565, 0.30069662641272593, 0.6336999719049635, 0.059068428720799544], [0.16629978472030996, 0.7905658441755996, 0.0344474936365271, 0.00868687746756349], [0.4555329690869426, 0.00014615788711008353, 0.4890178086384737, 0.055303064387473705], [0.00016334176034984912, 0.020114678364584873, 0.28623433710038687, 0.6934876427746783], [0.023725001041866506, 0.3998679539765451, 0.47048272204605834, 0.1059243229355301], [0.2635682450153586, 0.26197460840396947, 0.47399042125937346, 0.0004667253212984819], [0.0073579704022562155, 0.09294421557121076, 0.617432111065324, 0.2822657029612091], [0.00048803111276232806, 0.5264514830893361, 0.47105698117229095, 0.002003504625610524], [0.8610930728191889, 0.0012690598039509788, 0.11855855546238642, 0.019079311914473568], [0.916442072280563, 0.0029140527276241804, 0.00208933133229801, 0.07855454365951493], [0.00025148999034102336, 0.9903220592313084, 0.0028625508358255066, 0.006563899942524753], [0.8003385605083313, 0.1831488921800217, 0.012870193751560238, 0.0036423535600867214], [0.0025857228904373948, 0.9957401664988196, 0.0009080464722214169, 0.0007660641385216509], [0.14066599529190152, 0.2386512227093693, 0.35332976432513813, 0.26735301767359104], [0.02797388948021234, 0.23074263310381163, 0.10984181841986462, 0.6314416589961115], [0.03679912194634144, 0.4465646681067409, 0.022984425290714233, 0.4936517846562035], [0.5286139079680395, 0.0016163161742860236, 1.623695297073882e-05, 0.46975353890470367], [0.9466425573743009, 0.00266512189550859, 0.0033669370841164716, 0.04732538364607384], [0.07023664462451587, 0.8692365533243119, 0.051831429006702075, 0.008695373044469892], [0.0020646012596784906, 0.7670682670210801, 0.17835360032200473, 0.052513531397236676], [0.3251256693646055, 0.6308729740691769, 0.02749046396247644, 0.016510892603741247], [0.8943044101541069, 0.05374431398968036, 0.018201591911369146, 0.03374968394484359], [0.9743994294959932, 0.0007583682549762495, 0.0020128018785381184, 0.02282940037049236], [0.003031575764935671, 0.7803382535412186, 0.020372406741998896, 0.19625776395184702], [0.9965052584749287, 0.0011633221428887126, 7.076232959085752e-05, 0.002260657052591666], [0.007439210727882617, 0.8256934623698394, 0.005658566251131871, 0.16120876065114628], [0.007142161517541582, 1.5164551209298163e-05, 0.992612650243803, 0.0002300236874462004], [0.1528142063325784, 0.8138842650151447, 0.03291254945499289, 0.00038897919728395465], [0.025047395759949145, 0.10568204241272401, 0.6080719262346931, 0.2611986355926337], [0.021588500534636033, 0.11248713836883427, 0.052596928997456695, 0.813327432099073], [0.3921934610723123, 0.0052196243648723, 0.508201108302238, 0.0943858062605775], [0.2344825361685947, 0.19051527129404253, 0.4609028905872192, 0.1140993019501436], [0.9377168649651278, 0.002673248930258902, 0.059011460315629885, 0.0005984257889832542], [0.019191409200245434, 0.8584896192275558, 0.0003162239259897596, 0.1220027476462091], [0.002400192810111743, 0.003794537298801649, 0.9923657787789456, 0.001439491112140983], [0.01220762650502668, 0.9485344245357119, 2.7316403745146957e-06, 0.03925521731888674], [0.9191463769605653, 0.00025114901727941037, 0.01819547588407527, 0.062406998138080025], [0.05431984731348681, 0.009814079766315577, 0.9299281334402734, 0.005937939479924326], [0.0007706399062425447, 0.4937065738373204, 0.04233482318825476, 0.4631879630681824], [0.009990958783293487, 0.0005050488820363194, 0.588241590630867, 0.40126240170380323], [0.02839545407998187, 0.25666566908573973, 0.6062944110945592, 0.10864446573971917], [0.07150092831817802, 0.7243396630477849, 0.02640189938039528, 0.1777575092536418], [0.13103671510659937, 0.012537819434005193, 0.2891495971949917, 0.5672758682644037], [0.5060838315858713, 0.2213905493394803, 0.19051938679338284, 0.08200623228126547], [0.058753570352268226, 0.018983857870878945, 0.9209797376446578, 0.001282834132195147], [0.4903795258245529, 0.4003446005572698, 0.0007942715687988732, 0.10848160204937835], [0.8853637939496377, 0.10112899816952681, 0.000391785956228806, 0.01311542192460669], [0.0792954925550456, 0.23345281577215854, 0.5988834265375302, 0.08836826513526566], [6.976116087820638e-05, 0.9827216511092274, 0.01027535285002298, 0.006933234879871521], [0.0005585154371385469, 0.011449351384877439, 0.014215955414147153, 0.973776177763837], [0.8784862542799459, 0.00022151613900953449, 0.01832956568727987, 0.10296266389376472], [0.0009515895273674087, 0.52185675793138, 0.36309769544780623, 0.11409395709344651], [0.002198980329292273, 0.08141678190729147, 0.9128543746671417, 0.0035298630962747432], [0.03639858512189234, 0.0008117672557064877, 0.012214603888551648, 0.9505750437338495], [7.244418138885146e-05, 0.9997822236144159, 0.00010958163745645388, 3.5750566738769326e-05], [0.705238145609463, 0.24338242866748963, 0.0003257685097679855, 0.05105365721327936], [0.33364021676314604, 0.2527587279273982, 0.004245374634710825, 0.4093556806747449], [0.012964604435656293, 0.9866626973662518, 0.00024376570116030203, 0.00012893249693167886], [0.9994581702934778, 9.522256788540678e-07, 0.0005233659611668674, 1.7511519676361557e-05], [0.0030081641026090504, 0.0021822136876901836, 0.994397909934856, 0.00041171227484490595], [0.9856658714030383, 0.005629444847311915, 5.318203914486558e-05, 0.008651501710504985], [0.18069760791246609, 0.007763340124201729, 0.006096057237892427, 0.8054429947254398], [0.0006497850031541907, 0.989632662431169, 0.009695547854783954, 2.200471089278075e-05], [0.02039616251763506, 0.5902326182233703, 0.386774601269855, 0.0025966179891397487], [0.0056373373212733864, 0.00010246131334315392, 3.765559090722666e-06, 0.9942564358062926], [0.8716914474507941, 0.014182768828471966, 0.01328901486888772, 0.10083676885184618], [0.8245259158561823, 0.172189232407713, 0.0011394527672330707, 0.002145398968871643], [0.0006113943212636675, 0.9137219113227727, 0.0855919466552724, 7.474770069114337e-05], [0.05313510609284798, 0.21829040169267674, 0.06740923050698458, 0.6611652617074907], [0.1220467519700227, 0.008704789033913456, 0.007390599882919433, 0.8618578591131445], [0.9709577837115915, 0.0015298245910225568, 0.0005141873342639632, 0.026998204363122186], [0.30572964315975676, 0.30068486133238015, 0.3874223564035651, 0.006163139104297996], [0.9343107315201875, 0.06177890340247052, 0.002213190283672641, 0.0016971747936692142], [0.09937817955402112, 0.7442314778644069, 0.15152319303945241, 0.0048671495421196516], [0.06608388685819692, 0.1156698181425166, 0.0010228553180285196, 0.817223439681258], [0.0041389293626960515, 0.00043604996087551076, 0.0008482476203535638, 0.994576773056075], [0.061640131552638436, 0.0007936777993886506, 0.10387668091035092, 0.8336895097376219], [0.059676947337490585, 0.03244783230418737, 8.762836367839089e-05, 0.9077875919946437], [0.018349237722523698, 0.9106781233602866, 0.06340563456600186, 0.007567004351187803], [0.024939276856788668, 4.240058927707657e-05, 0.008915556910122326, 0.9661027656438119], [0.505778615428653, 0.42253376329648795, 0.06205709566804735, 0.009630525606811746], [8.693764027559472e-05, 0.2171595919028434, 0.0006430394751981596, 0.7821104309816828], [0.22465200354647838, 0.7658267942521841, 0.008607242429743617, 0.0009139597715940159], [0.996852539035107, 0.002745255169494165, 3.237576136235539e-05, 0.000369830034036589], [0.0006954362947137131, 0.13953412726753922, 0.7974263580720025, 0.06234407836574459], [0.03114641485851467, 0.9180114640030963, 0.01964344671076223, 0.03119867442762679], [0.0015679958252725703, 0.9506831268850372, 0.03586914640276671, 0.011879730886923477], [0.23816776721635402, 0.004078980090569506, 0.11625668492654903, 0.6414965677665275], [1.8415258629773843e-05, 0.1005369277685912, 0.006301860862990858, 0.8931427961097881], [0.6195100324586731, 0.30897795086731195, 0.00724889783502042, 0.06426311883899458], [0.0014445319958916675, 0.998164428581648, 4.5940883271327495e-05, 0.00034509853918892035], [0.00030749438224614696, 0.991934464888376, 0.007325583630860474, 0.00043245709851730594], [0.0007748434711285829, 0.9112462869025056, 0.058516706650750316, 0.029462162975615536], [0.006399588599299153, 0.9454038451558734, 0.024076632277617357, 0.024119933967210183], [8.348341110474328e-05, 0.8701018298362974, 0.0039523800869524115, 0.12586230666564552], [0.00204416050927909, 2.676999426477771e-06, 0.0009987081475407353, 0.9969544543437537], [0.968741442898942, 0.02388612740918995, 0.0017338459881187482, 0.005638583703749144], [0.0020192639888193874, 0.653106194149676, 0.0004286296077596381, 0.3444459122537451], [0.9861962503518992, 0.002346669071403023, 0.0004256040623246204, 0.011031476514373164], [0.999089029163666, 7.380163808934085e-05, 0.0003943120310845775, 0.00044285716715987904], [4.080395511358098e-08, 0.9996080050842348, 8.225321545969316e-05, 0.00030970089635038345], [0.20375919872126175, 0.7201809505093765, 0.0746774464742981, 0.001382404295063562], [0.9749662329379605, 0.02440731077420851, 0.00031720753550877617, 0.00030924875232221226], [0.00042516634715751984, 0.9635478866307114, 0.000816941842284512, 0.035210005179846675], [0.8949004615590898, 0.05645364271552902, 0.013655840329903371, 0.03499005539547792], [0.7979799258239975, 0.001929316938040483, 0.029455726776512245, 0.17063503046144987], [0.12414414387890511, 0.6603835420337818, 0.00042520284258310356, 0.21504711124472994], [0.7877824659528797, 0.028733442919599065, 0.18168260555675067, 0.0018014855707705094], [0.14710586842723775, 0.5596059409894696, 0.26943837864568104, 0.02384981193761167], [0.015680281109951393, 0.012798389818908417, 0.8277567091881525, 0.1437646198829876], [0.0002402343578529369, 0.004887523383711607, 7.50433864410226e-05, 0.9947971988719944], [4.794961125923773e-05, 0.007368359642026676, 0.6550323232162221, 0.33755136753049203], [0.9748012164939048, 1.0851966875926568e-06, 1.5144587554565684e-06, 0.025196183850652233], [0.004026374974738843, 0.892865450304837, 0.004949839027258693, 0.09815833569316547], [0.007961351343555178, 0.7433373247115423, 0.11237298481319855, 0.13632833913170395], [0.0056241521178875525, 0.22249498299957415, 0.771390326597067, 0.000490538285471325], [0.9738936284651522, 0.002757468526347133, 0.0013077365722679874, 0.02204116643623281], [0.7161270809266594, 0.27036724602254153, 0.007193325759983341, 0.00631234729081561], [0.754297116048409, 0.23801130975617782, 0.0029355311825967666, 0.004756043012816367], [0.16016108255646513, 0.008598677574036945, 0.11705201994030873, 0.7141882199291891], [0.034825924155625146, 0.9186210219641339, 0.005292432378073409, 0.04126062150216782], [0.0020520292132856417, 0.01857753911356521, 0.017486791698493084, 0.9618836399746561], [0.008092760477966239, 0.8046460602519195, 0.09209078088219888, 0.09517039838791551], [0.3587465892142913, 0.6410787717183917, 3.348285083439092e-07, 0.00017430423880867034], [0.9713916531985822, 0.01734309109949411, 0.0016465230477088499, 0.009618732654214977], [0.9990628293519891, 0.0003595710320708751, 1.1866715315577383e-06, 0.0005764129444085333], [0.0010925239504178189, 0.00010797845405263253, 4.8756248058888153e-05, 0.9987507413474705], [0.761475526304137, 0.050319804978687724, 0.020012239804433705, 0.16819242891274166], [0.09493390099021626, 0.0023910931989596144, 0.8348068526564586, 0.06786815315436547], [0.19907211527210159, 0.12840383934063795, 0.03358345818802756, 0.6389405871992329], [0.011888910139622054, 0.5285011842318851, 0.1326026644580458, 0.3270072411704471], [0.9847550108843284, 0.004409961872906205, 0.0006269759688961436, 0.010208051273869265], [0.014963806245043369, 0.0011895863020917159, 1.0954589535882582e-06, 0.9838455119939113], [0.005181947468805793, 0.0073821305554524815, 0.9781928351701229, 0.009243086805618706], [0.014774946130324132, 0.8414718239194477, 0.006153994749337069, 0.1375992352008911], [0.0012241843538318134, 0.9384984419545743, 0.059858635732955676, 0.00041873795863823414], [0.06358851739693813, 0.00033030412634998144, 0.1897472771047116, 0.7463339013720003], [0.0120998560906794, 0.07655464652657952, 0.8817785076696695, 0.0295669897130718], [2.205145338287248e-05, 0.19144182887451838, 0.4558644951544353, 0.3526716245176635]]}}