{"test": {"ids": ["112119580", "111120540", "97110950", "99111930", "102108621", "102121700", "110116290", "113122170", "104117200", "100107920", "112119320", "113117401", "97107920", "101111210", "97114170", "109115380", "107116501", "110118930", "97116800", "99107660", "111116110", "113119930", "108115880", "105121190", "97106770", "100116790", "97116790", "104114410", "110121720", "99111000", "113118630", "109119340", "109113281", "103110760", "110118181", "105115570", "104117630", "103111480", "103112641", "108114180", "113120640", "108118291", "99111620", "108121410", "100109980", "107118520", "105120621", "110116300", "109115211", "99105921", "111118301", "113120531", "106118820", "109116040", "111119930", "105118740", "109117271", "109114030", "113121680", "101114990", "112116810", "101109120", "107120010", "97105451", "110118111", "113122180", "98108370", "105112240", "99108010", "107118820", "99107630", "112116640", "108115970", "99109780", "97112300", "101108121", "97107821", "98119591", "98120010", "109119010", "113122320", "110115140", "109117150", "111114321", "100108990", "108118520", "105110251", "98106560", "112119930", "103117200", "111119300", "99114890", "113120601", "113118511", "112116501", "110118121", "99107560", "112116900", "98108150", "102110500", "97107040", "110119891", "101108370", "100112060", "113121810", "111115770", "100115700", "112116290", "109118820", "105118230", "102110240", "98107010", "100108490", "104113000", "112118701", "98117740", "106112770", "113122220", "98111860", "98108970", "108116120", "102113981", "98108580", "112119450", "99109910", "108114220", "103110050", "110120640", "111116100", "112117471", "101109370", "97107260", "113118490", "108115570", "108116481", "101112690", "107114950", "97107681", "98112170", "103110840", "103113610", "108121160"], "labels": [3, 1, 3, 1, 3, 1, 2, 1, 3, 0, 1, 3, 0, 2, 2, 3, 1, 1, 0, 3, 3, 1, 3, 2, 3, 2, 2, 1, 3, 2, 3, 3, 0, 1, 1, 0, 0, 0, 3, 1, 0, 3, 3, 0, 1, 2, 1, 3, 0, 1, 3, 0, 3, 0, 1, 1, 0, 1, 1, 3, 3, 1, 1, 0, 1, 2, 1, 1, 2, 3, 2, 0, 2, 2, 2, 0, 2, 1, 2, 3, 1, 0, 2, 1, 2, 0, 0, 1, 1, 0, 1, 2, 2, 1, 3, 3, 1, 3, 0, 3, 2, 3, 1, 2, 2, 3, 1, 0, 3, 1, 3, 3, 2, 1, 0, 2, 1, 1, 0, 3, 1, 1, 0, 3, 2, 3, 3, 0, 3, 3, 1, 2, 1, 3, 0, 1, 3, 3, 3, 1, 2, 2], "predicted_labels": [1, 3, 3, 1, 2, 1, 2, 2, 1, 3, 2, 1, 0, 1, 3, 3, 0, 1, 0, 1, 3, 1, 0, 3, 2, 1, 1, 1, 0, 1, 0, 0, 1, 3, 3, 3, 1, 0, 0, 3, 1, 0, 1, 0, 0, 2, 3, 0, 3, 0, 1, 1, 1, 3, 0, 1, 0, 3, 3, 0, 0, 3, 1, 1, 1, 3, 0, 3, 3, 2, 2, 0, 1, 1, 0, 1, 1, 3, 0, 3, 2, 3, 1, 1, 3, 2, 3, 3, 3, 3, 0, 3, 1, 1, 3, 0, 1, 0, 1, 0, 1, 3, 3, 0, 1, 3, 1, 1, 3, 3, 3, 3, 3, 0, 1, 2, 3, 1, 2, 1, 1, 2, 3, 3, 1, 1, 1, 1, 0, 0, 0, 2, 0, 0, 0, 3, 3, 3, 1, 1, 1, 3], "confidence_scores": [[0.2588719645274189, 0.27966531233600045, 0.18812359495549472, 0.27333912818108613], [0.25494679154565164, 0.2521886897139271, 0.17162356944620225, 0.321240949294219], [0.11753676813799623, 0.160700471157703, 0.10847239658683194, 0.613290364117469], [0.2594505850198965, 0.5623225402474071, 0.060173415562902226, 0.11805345916979412], [0.1595483498486525, 0.32883942806663025, 0.3458676608407748, 0.1657445612439426], [0.22180675927841365, 0.4001428820721596, 0.154076724300331, 0.22397363434909567], [0.19020851946784206, 0.24372688054230277, 0.36428396905478333, 0.20178063093507206], [0.18468249360867406, 0.17659531331718176, 0.4030170235771728, 0.2357051694969714], [0.27344218743343895, 0.32029552570470177, 0.15841485481117878, 0.24784743205068055], [0.276063104366116, 0.21234729637864982, 0.04654648253095154, 0.46504311672428256], [0.09645545930662902, 0.1390612259761378, 0.6381444218105594, 0.12633889290667377], [0.2434926012082204, 0.369566213894212, 0.09952984009175123, 0.2874113448058163], [0.503115295020939, 0.17063985957371192, 0.10165764877627068, 0.22458719662907847], [0.26954705457121936, 0.32530060027909424, 0.08206256377587931, 0.323089781373807], [0.11917891990291035, 0.30117735505015963, 0.11617002678152547, 0.46347369826540463], [0.19537080858376937, 0.2760230989346583, 0.21042666980220417, 0.3181794226793683], [0.34703855301647457, 0.2573084372678151, 0.09965701045774883, 0.2959959992579613], [0.1787530195102914, 0.41702928198675776, 0.1561530471407901, 0.24806465136216072], [0.3887496236247502, 0.19017447910485705, 0.2268820374631654, 0.19419385980722742], [0.27786542760468064, 0.32129386632875495, 0.13091420720517294, 0.2699264988613914], [0.2807126075041938, 0.22949991789387147, 0.08070292437108892, 0.409084550230846], [0.1968829937386869, 0.34277361262468337, 0.13888089522021246, 0.3214624984164174], [0.3318236274983475, 0.30691240886583393, 0.12019297476394077, 0.24107098887187794], [0.22228499603820795, 0.22201906939678467, 0.2580479030188239, 0.29764803154618347], [0.29138301358717156, 0.23199449819794724, 0.2976645433595471, 0.17895794485533417], [0.2808545787926355, 0.38498010364187585, 0.1127916613447969, 0.2213736562206918], [0.2488251090900333, 0.28930175519387186, 0.17304121232130937, 0.2888319233947854], [0.3059115209247396, 0.3638298831815868, 0.15218348887869435, 0.17807510701497917], [0.33256857932234946, 0.29273342682322184, 0.0986647202434589, 0.2760332736109699], [0.15449584770390767, 0.343952319864388, 0.3056142577890522, 0.195937574642652], [0.3241456347804138, 0.31492425168868937, 0.1234425665792209, 0.23748754695167607], [0.43486584284045793, 0.17703898041749494, 0.17043965128741906, 0.21765552545462796], [0.18754027365502376, 0.37117350210567396, 0.1381856578768914, 0.3031005663624108], [0.15306855813406453, 0.29799804198495805, 0.1617002400307803, 0.38723315985019713], [0.2502108310975154, 0.20531335910488352, 0.26957177253291575, 0.27490403726468543], [0.2503815627826444, 0.20760662832832702, 0.12697784512979038, 0.4150339637592382], [0.267832818574035, 0.27697902032040467, 0.19258997669677258, 0.26259818440878774], [0.4525390354663675, 0.15528245115567804, 0.16004813733178955, 0.23213037604616482], [0.3608044868260345, 0.3297051472460325, 0.17250137856114092, 0.1369889873667921], [0.20142435549213789, 0.23490852690748923, 0.16818853928310593, 0.39547857831726685], [0.2188751049845763, 0.3061351205358611, 0.2291179736430328, 0.24587180083652962], [0.4422320571487731, 0.19066192987186298, 0.04480384983143724, 0.3223021631479267], [0.26889606254684945, 0.37260663096231483, 0.14224201068054393, 0.2162552958102918], [0.3741245887479595, 0.2536342003007091, 0.22740922808129954, 0.14483198287003202], [0.292457597469185, 0.22365008790872914, 0.21109980552418292, 0.27279250909790315], [0.0905451592028726, 0.2574332606303076, 0.5254738797749552, 0.1265477003918647], [0.22632566567524434, 0.14184725273265528, 0.09098731035799092, 0.5408397712341096], [0.5311534710740972, 0.18083787739968202, 0.13961660183486105, 0.14839204969135994], [0.2360205238369642, 0.2967489078281106, 0.12946662729515512, 0.3377639410397704], [0.33005885754580705, 0.20811881702532756, 0.2499721570415812, 0.21185016838728435], [0.2384221609951795, 0.323990438785347, 0.15756113782270595, 0.28002626239676764], [0.2032261937591224, 0.4851412853174351, 0.07474192011831965, 0.23689060080512306], [0.2154931448054411, 0.36033841378070713, 0.19624474585460966, 0.22792369555924202], [0.3256934321495969, 0.151816186496165, 0.13967245049753166, 0.3828179308567065], [0.3107140751428392, 0.26034444055757566, 0.15584742431073806, 0.2730940599888471], [0.25258340942362695, 0.29533642494617973, 0.22452901207985462, 0.22755115355033875], [0.39540656257208756, 0.10855714857161301, 0.10546633048389988, 0.3905699583723996], [0.28253234481668876, 0.2764185107100911, 0.1303753588819592, 0.3106737855912611], [0.16611990048125502, 0.31345994151189965, 0.11736158055583981, 0.40305857745100565], [0.3881366761956788, 0.34576368847718064, 0.07415252242634483, 0.19194711290079572], [0.5179040876839175, 0.27746454496628886, 0.09196360760336894, 0.11266775974642494], [0.23402365828780458, 0.2396225635303408, 0.15778687653407714, 0.3685669016477775], [0.23923913968695598, 0.3357384028666287, 0.20612960313147724, 0.21889285431493813], [0.3799954648745438, 0.3895706375828724, 0.07694107201891948, 0.15349282552366444], [0.2816639728439637, 0.4017487474564583, 0.095194152437771, 0.22139312726180713], [0.16030283343513943, 0.20798453195277644, 0.10539176164922939, 0.5263208729628546], [0.4156156576426582, 0.14082339853460688, 0.30400242723284493, 0.13955851658989005], [0.2375090236997492, 0.26637702085388043, 0.20846708568225308, 0.2876468697641174], [0.14254952031714616, 0.2870410532345085, 0.23024892358847643, 0.3401605028598691], [0.1414878491978403, 0.2421963718644894, 0.36428967223475994, 0.25202610670291037], [0.19494696717703322, 0.13573179894868795, 0.4137137678751056, 0.2556074659991734], [0.4420447982944445, 0.17846206994789035, 0.14137208950337724, 0.23812104225428793], [0.10935988717961936, 0.3643261672895848, 0.18669310602013958, 0.3396208395106563], [0.28938651521098036, 0.4422391979215512, 0.11617104227469803, 0.15220324459277063], [0.5475821448069869, 0.20992950528104362, 0.0900646943173434, 0.1524236555946263], [0.2513929159487237, 0.3489508425211711, 0.1819852838117699, 0.2176709577183354], [0.2615705316074175, 0.35671376269398825, 0.12145962369185986, 0.26025608200673434], [0.21038730707006648, 0.26115501515608147, 0.1658540102749314, 0.36260366749892065], [0.353072069042471, 0.2589156960116521, 0.18224372780528844, 0.20576850714058847], [0.21917013789328924, 0.24090732653483504, 0.23680269252677816, 0.30311984304509754], [0.34001109360064047, 0.13989387503628037, 0.41196564978089917, 0.10812938158218004], [0.17831466727397274, 0.18668402965300948, 0.17178452776000266, 0.46321677531301503], [0.2581464278493221, 0.3532551285901459, 0.16961582545190662, 0.21898261810862554], [0.20182194432212167, 0.3346777338298939, 0.3036675695931639, 0.15983275225482055], [0.2669472721092017, 0.28933028773964337, 0.09796597556192192, 0.34575646458923287], [0.2103357153577155, 0.1643858815704431, 0.44867848524046233, 0.17659991783137904], [0.11469347556034169, 0.22389036358479605, 0.20835276274251732, 0.4530633981123448], [0.276363136799579, 0.22685179284197898, 0.12238967053195875, 0.37439539982648345], [0.2606666556537588, 0.19637957661177935, 0.1289272099094631, 0.41402655782499886], [0.19539371440625566, 0.29075574817751415, 0.2003304543988606, 0.3135200830173698], [0.36633409031255104, 0.31409726247357045, 0.10895500528583206, 0.21061364192804674], [0.19993773488108926, 0.26703811188946097, 0.18934018182505352, 0.34368397140439627], [0.19420133573247647, 0.3331046234404288, 0.21006821956965288, 0.26262582125744177], [0.20678920199530543, 0.38330283072363586, 0.1925931840716744, 0.21731478320938438], [0.2206086107151731, 0.17353419675527634, 0.21874494137769868, 0.3871122511518518], [0.4123816221352323, 0.25408713891470447, 0.149082709403164, 0.1844485295468994], [0.13419944513178578, 0.39140190229204297, 0.10739491983855433, 0.3670037327376171], [0.4124798782195119, 0.15575876076785658, 0.12489821983070894, 0.3068631411819226], [0.20546830259147106, 0.36986706375890954, 0.221215991970023, 0.20344864167959642], [0.43133978728057504, 0.11986659803971549, 0.1292986654550912, 0.3194949492246183], [0.17277862782327363, 0.3447439124255736, 0.1910963815039157, 0.2913810782472372], [0.11866989772754791, 0.22469177526384854, 0.16469033713599227, 0.4919479898726113], [0.2278314752406963, 0.24709204522919279, 0.10174293438907055, 0.42333354514104043], [0.2772057976365059, 0.25135811497719096, 0.21786596314761128, 0.25357012423869174], [0.19392724870477476, 0.4328379726406989, 0.17170271355074596, 0.20153206510378058], [0.23066608816192216, 0.25364266694415605, 0.1920439759897791, 0.32364726890414275], [0.24282675151762112, 0.41613925604183327, 0.1551246811285755, 0.1859093113119701], [0.2604299905150587, 0.4463307573407369, 0.11374682565083852, 0.17949242649336603], [0.1588447507436469, 0.21332039714939346, 0.2112131106847668, 0.41662174142219294], [0.20998018739509983, 0.218704916002465, 0.2763242084786436, 0.2949906881237916], [0.20851474706465187, 0.27153989250583077, 0.24311048421096715, 0.2768348762185502], [0.24416613926432965, 0.27004878565103113, 0.1149336967076622, 0.3708513783769771], [0.16277348058456392, 0.2407228962514638, 0.16777484442367815, 0.42872877874029414], [0.27189580269424124, 0.21243253909336182, 0.25514727017245453, 0.26052438803994243], [0.17076609173412582, 0.5504789433289035, 0.07384262891856373, 0.20491233601840692], [0.12775805660425266, 0.19118603538502352, 0.44028534210035214, 0.2407705659103718], [0.2484079597135284, 0.18534544435314113, 0.13211889956785886, 0.43412769636547166], [0.24505531559541796, 0.33063349977190937, 0.17479556704509028, 0.24951561758758237], [0.17864365667218687, 0.22964613457748692, 0.41475606974639745, 0.17695413900392876], [0.19414858757763911, 0.3950615681352463, 0.14866139815629556, 0.2621284461308189], [0.26462071618070926, 0.3046309206015905, 0.18607753310306258, 0.24467083011463756], [0.20224160820571696, 0.1429457692363489, 0.4064620544438446, 0.24835056811408948], [0.28934548517461806, 0.26933246914477577, 0.13675914764010177, 0.30456289804050435], [0.23683741996928173, 0.21631263283683966, 0.1507048325708667, 0.39614511462301183], [0.22201260825154326, 0.3901369463460946, 0.20317479172263153, 0.18467565367973088], [0.2685768301752022, 0.3494386868321005, 0.12638630348232227, 0.25559817951037517], [0.08885438231563715, 0.5365297759328777, 0.1678285016667489, 0.20678734008473623], [0.20415391653378773, 0.386822792639754, 0.16575929268328776, 0.2432639981431705], [0.3426787415916124, 0.2958605556554653, 0.11022954156788056, 0.25123116118504174], [0.5644073776950428, 0.21870968908968375, 0.08240228052992396, 0.1344806526853496], [0.30779453657944433, 0.2395554019824799, 0.21848106929228495, 0.23416899214579073], [0.18281093474115867, 0.23060075861622634, 0.3286271098258793, 0.2579611968167356], [0.5270351739416298, 0.1427168871141992, 0.1212495869372135, 0.20899835200695763], [0.3912512545711893, 0.3284559916244708, 0.1002642697321227, 0.18002848407221728], [0.372788183976582, 0.24454885597746145, 0.1740923178914228, 0.2085706421545337], [0.17001833234750965, 0.26603566171363846, 0.2239040536752923, 0.34004195226355965], [0.19477004495135958, 0.25395219694986326, 0.11910109936475607, 0.43217665873402117], [0.24604272759121468, 0.2624279031186114, 0.22088735988353975, 0.270642009406634], [0.25788815951949107, 0.3900090400504445, 0.13774087075111105, 0.21436192967895332], [0.2529607414488803, 0.3498287041047931, 0.2235062252173055, 0.17370432922902085], [0.11089451008254154, 0.4036381566454562, 0.31964021289337124, 0.1658271203786311], [0.25316642577114434, 0.2579919611803378, 0.1624520912256146, 0.32638952182290343]]}, "rewritten": {"ids": ["97105451", "97106770", "97107040", "97107260", "97107681", "97107821", "97107920", "97110950", "97112300", "97114170", "97116790", "97116800", "98106560", "98107010", "98108150", "98108370", "98108580", "98108970", "98111860", "98112170", "98117740", "98119591", "98120010", "99105921", "99107560", "99107630", "99107660", "99108010", "99109780", "99109910", "99111000", "99111620", "99111930", "99114890", "100107920", "100108490", "100108990", "100109980", "100112060", "100115700", "100116790", "101108121", "101108370", "101109120", "101109370", "101111210", "101112690", "101114990", "102108621", "102110240", "102110500", "102113981", "102121700", "103110050", "103110760", "103110840", "103111480", "103112641", "103113610", "103117200", "104113000", "104114410", "104117200", "104117630", "105110251", "105112240", "105115570", "105118230", "105118740", "105120621", "105121190", "106112770", "106118820", "107114950", "107116501", "107118520", "107118820", "107120010", "108114180", "108114220", "108115570", "108115880", "108115970", "108116120", "108116481", "108118291", "108118520", "108121160", "108121410", "109113281", "109114030", "109115211", "109115380", "109116040", "109117150", "109117271", "109118820", "109119010", "109119340", "110115140", "110116290", "110116300", "110118111", "110118121", "110118181", "110118930", "110119891", "110120640", "110121720", "111114321", "111115770", "111116100", "111116110", "111118301", "111119300", "111119930", "111120540", "112116290", "112116501", "112116640", "112116810", "112116900", "112117471", "112118701", "112119320", "112119450", "112119580", "112119930", "113117401", "113118490", "113118511", "113118630", "113119930", "113120531", "113120601", "113120640", "113121680", "113121810", "113122170", "113122180", "113122220", "113122320"], "labels": [0, 3, 2, 2, 3, 2, 0, 3, 2, 2, 2, 0, 1, 3, 0, 1, 0, 3, 0, 3, 2, 1, 2, 1, 1, 2, 3, 2, 2, 2, 2, 3, 1, 2, 0, 2, 2, 1, 2, 1, 2, 0, 1, 1, 1, 2, 1, 3, 3, 3, 3, 1, 1, 3, 1, 1, 0, 3, 2, 0, 1, 1, 3, 0, 0, 1, 0, 1, 1, 1, 2, 1, 3, 3, 1, 2, 3, 1, 1, 3, 3, 3, 2, 1, 0, 3, 0, 2, 0, 0, 1, 0, 3, 0, 2, 0, 3, 3, 3, 0, 2, 3, 1, 3, 1, 1, 3, 0, 3, 1, 3, 3, 3, 3, 1, 1, 1, 0, 3, 0, 3, 3, 3, 0, 1, 3, 3, 1, 3, 1, 1, 3, 1, 0, 2, 0, 1, 2, 1, 2, 1, 1], "predicted_labels": [1, 0, 3, 3, 3, 1, 3, 3, 0, 3, 1, 0, 3, 3, 1, 0, 1, 1, 2, 1, 2, 3, 0, 0, 1, 2, 2, 1, 1, 2, 2, 1, 1, 3, 3, 2, 0, 3, 1, 2, 0, 0, 3, 3, 1, 1, 3, 0, 3, 3, 0, 0, 0, 1, 1, 0, 0, 0, 1, 3, 3, 0, 1, 3, 3, 1, 0, 2, 1, 3, 2, 3, 0, 3, 0, 1, 2, 2, 3, 1, 0, 3, 1, 2, 0, 0, 2, 3, 0, 1, 3, 3, 1, 3, 1, 0, 2, 3, 1, 3, 1, 2, 3, 1, 2, 1, 3, 1, 0, 1, 3, 0, 3, 1, 1, 0, 2, 1, 0, 0, 1, 3, 1, 1, 2, 3, 3, 1, 3, 0, 1, 3, 1, 0, 1, 0, 1, 1, 1, 3, 2, 0], "confidence_scores": [[0.1580318246400294, 0.6189349517769158, 0.086408502752564, 0.13662472083049082], [0.34224661700272746, 0.28485436458556573, 0.17452725492056587, 0.1983717634911409], [0.14231603403549886, 0.26250962027397584, 0.2950712525535459, 0.30010309313697947], [0.17618152197802223, 0.23159407423958947, 0.25710327562039376, 0.33512112816199463], [0.24085893355055674, 0.20710098605098784, 0.21410164980649674, 0.3379384305919586], [0.32565153749583725, 0.3881273261719909, 0.08588748402299144, 0.20033365230918024], [0.35918770607869344, 0.17160516755576977, 0.07252966771426246, 0.39667745865127446], [0.08246451434364334, 0.21449383887732973, 0.11298899344148294, 0.5900526533375439], [0.3953927987142438, 0.2446126359651567, 0.06544997026246865, 0.2945445950581308], [0.15826341623018775, 0.21701138158504674, 0.21815430948678805, 0.4065708926979776], [0.258976494242454, 0.27118549791534197, 0.2549566502597045, 0.21488135758249946], [0.4183699032782983, 0.19321865211607436, 0.13755854136246817, 0.25085290324315906], [0.18162377143682554, 0.2577744162726228, 0.09593663129430484, 0.4646651809962469], [0.28653295385166216, 0.2745860067088331, 0.12644142044040554, 0.3124396189990992], [0.3312940754098989, 0.39324992431898487, 0.1218101305767912, 0.15364586969432506], [0.41569804025820106, 0.18120044525251705, 0.23430069141783422, 0.16880082307144761], [0.26939048380222425, 0.43312204955473316, 0.12596664470410715, 0.1715208219389354], [0.21492742481529567, 0.30447765571073554, 0.22981684845454953, 0.25077807101941935], [0.19405216866126046, 0.2873861418347019, 0.311449733649916, 0.20711195585412162], [0.2689601112543607, 0.40376434116661736, 0.12548782671996483, 0.20178772085905702], [0.18184870893478, 0.15992946538459066, 0.3386810687541612, 0.3195407569264683], [0.22507169159100812, 0.30059332558053753, 0.15692494476900024, 0.3174100380594542], [0.41904875858769836, 0.22209484283469844, 0.14670931807686807, 0.21214708050073525], [0.35915030927914665, 0.21877468478076761, 0.1862717460134232, 0.2358032599266627], [0.1872342055472874, 0.41050039035677516, 0.16745149978981244, 0.234813904306125], [0.25509393808596487, 0.19182068637775307, 0.3104084906637696, 0.2426768848725126], [0.199792333185944, 0.14711298800147088, 0.3785781045093539, 0.27451657430323123], [0.22831216918608296, 0.3427684867767586, 0.21098145901418716, 0.2179378850229712], [0.19247901063967923, 0.3616193018590144, 0.255030752883722, 0.1908709346175846], [0.12524170490844216, 0.17897851615189983, 0.5260429394978832, 0.16973683944177473], [0.12030099138761301, 0.28842951203728207, 0.4225533888922555, 0.16871610768284928], [0.24542971879027065, 0.3832042931029194, 0.10162510492013044, 0.2697408831866796], [0.1457678951856315, 0.5494125712715446, 0.09124885960948789, 0.2135706739333359], [0.14200293001040562, 0.2564678774994838, 0.2737574374146192, 0.32777175507549144], [0.29606475873341415, 0.16936697588334984, 0.04522093025028208, 0.489347335132954], [0.2522979214740301, 0.25027061401359046, 0.2713277239626428, 0.22610374054973667], [0.317884406477134, 0.22314217698284497, 0.15309021595097344, 0.30588320058904767], [0.21856914386027926, 0.2073783289646392, 0.20315494622496535, 0.3708975809501164], [0.2721937826961059, 0.27482662720263196, 0.22578980831501674, 0.22718978178624555], [0.2581846600853057, 0.25909682104254217, 0.31144737311116, 0.1712711457609921], [0.33134083558164573, 0.29268867622882877, 0.2818480925437878, 0.09412239564573763], [0.39020851773598486, 0.18448050056238274, 0.268986200851941, 0.1563247808496914], [0.18184016701569258, 0.3455483121592446, 0.09352738259650678, 0.37908413822855613], [0.24621108428288194, 0.2683107587717559, 0.17978024500736403, 0.30569791193799833], [0.28813743051074425, 0.29266195566122416, 0.1761924424354727, 0.24300817139255884], [0.25747673786243963, 0.3441348169096775, 0.08721216726270062, 0.3111762779651821], [0.16656416697642662, 0.2804907501126671, 0.22631257346965444, 0.3266325094412518], [0.4559707242936092, 0.24878883974261515, 0.11071428807106591, 0.18452614789270985], [0.2837667963376428, 0.2836563545467436, 0.13710952451660208, 0.29546732459901165], [0.3156677739523177, 0.14062538356287574, 0.14378852865957786, 0.39991831382522863], [0.4309362804582266, 0.13192489216944336, 0.11882024996260973, 0.31831857740972047], [0.2786603002036692, 0.21805424680633234, 0.2649475213056059, 0.23833793168439257], [0.3355948227614767, 0.29663753437042223, 0.13977184934246747, 0.22799579352563357], [0.10144580303511982, 0.3910668558941919, 0.22452691714159645, 0.28296042392909176], [0.2680228454563037, 0.31839716953686137, 0.18399365680323035, 0.22958632820360467], [0.4228351476610851, 0.20567213567046772, 0.20915388178995784, 0.16233883487848919], [0.4729275026687828, 0.17961444525712808, 0.07431214726041445, 0.27314590481367473], [0.35848083755114846, 0.3297681709921514, 0.16660262007050175, 0.14514837138619854], [0.12190893390625437, 0.46681050281164865, 0.17381021160042923, 0.23747035168166764], [0.2436876440807311, 0.23410358969810174, 0.24805743243025632, 0.27415133379091094], [0.26730538968846557, 0.1961092460357974, 0.22175114502197388, 0.31483421925376326], [0.30324134704944905, 0.3011047937069658, 0.2083098604687999, 0.18734399877478533], [0.2171495079734577, 0.39292038783026106, 0.1583221638797307, 0.23160794031655055], [0.2850311295102149, 0.26539834682079766, 0.15280828696709872, 0.2967622367018887], [0.10157688469724302, 0.34484892648029297, 0.11137910893656844, 0.4421950798858957], [0.21572529912415211, 0.3137941645648206, 0.16331076317062437, 0.30716977314040295], [0.47378234424493965, 0.2067145169061094, 0.14372768048721102, 0.17577545836173997], [0.11823850594201658, 0.17989076971560747, 0.45618626952479746, 0.24568445481757836], [0.2386214706745932, 0.31132721884732933, 0.24900157656861868, 0.20104973390945902], [0.2102038022013328, 0.19273492555173144, 0.12349039374216961, 0.4735708785047661], [0.19058359968557648, 0.16171433291327664, 0.44153698729070445, 0.20616508011044252], [0.16895016482125932, 0.17993743475744575, 0.2769163802387263, 0.37419602018256876], [0.2875736574616392, 0.24780251271117207, 0.2203368486254759, 0.24428698120171272], [0.22286791051856952, 0.1720254135678038, 0.11033382943608097, 0.4947728464775456], [0.5297451621523783, 0.1879876613893473, 0.07640869590888037, 0.20585848054939393], [0.18650724300151617, 0.4477857156483959, 0.1973016404939669, 0.16840540085612107], [0.065257343114541, 0.13708369640253412, 0.6128079879129346, 0.18485097256999033], [0.15609522822394994, 0.211189181484332, 0.44407522451091824, 0.18864036578079985], [0.17283973166410277, 0.18708275501944402, 0.21684440136490915, 0.42323311195154417], [0.23614444706636434, 0.3478239884663031, 0.15108561287773853, 0.2649459515895942], [0.45162977482346106, 0.2004418977407004, 0.09428987510960159, 0.2536384523262369], [0.21601679104637295, 0.21600116948929907, 0.2058581768923492, 0.3621238625719789], [0.12660470497217036, 0.37095404563708867, 0.2365644097438229, 0.2658768396469181], [0.21291545542095336, 0.2658100729996977, 0.26930201487227745, 0.2519724567070714], [0.31884705052453943, 0.23544814197664563, 0.2189155358653565, 0.22678927163345852], [0.5601648287790435, 0.1375243273845744, 0.14212530742477783, 0.16018553641160446], [0.20435252071062535, 0.1525985475909145, 0.4903200137798821, 0.15272891791857807], [0.2789054142205094, 0.23574838229725564, 0.145566941156205, 0.33977926232602995], [0.4898788093155639, 0.23260066018846692, 0.1435428236801284, 0.13397770681584084], [0.17395729862662446, 0.5222674486197751, 0.09484277755974117, 0.20893247519385924], [0.2727176170715437, 0.21550073278795617, 0.12735358146567918, 0.38442806867482104], [0.21367746919030112, 0.29853394310626113, 0.13060148771979055, 0.3571870999836471], [0.20980005939915666, 0.30770038628574253, 0.2152138977064462, 0.26728565660865455], [0.227746081903796, 0.22277482752438113, 0.17373899820152738, 0.37574009237029554], [0.22720396974144977, 0.41734876141995536, 0.1373728497252421, 0.2180744191133528], [0.38388901469288245, 0.2727866649775897, 0.12999161959792774, 0.21333270073160016], [0.19734549562073594, 0.22445304485798154, 0.3158392813750353, 0.2623621781462472], [0.14585086971046157, 0.22205585892231974, 0.28170499171927765, 0.35038827964794095], [0.25931235450076795, 0.274161245962633, 0.19276859667538343, 0.2737578028612158], [0.1669047139340251, 0.16816829135968772, 0.18588681053475553, 0.47904018417153177], [0.2218328983833135, 0.37196282986297324, 0.17842972759734643, 0.22777454415636686], [0.20676304774377044, 0.24317964971361763, 0.3122009008622824, 0.23785640168032965], [0.2846760964042816, 0.26761318311773125, 0.1227203211466911, 0.32499039933129614], [0.19682407688288084, 0.3900105716316461, 0.13386618092790836, 0.27929917055756476], [0.18970649805660497, 0.25748805660233876, 0.3518464506607873, 0.20095899468026895], [0.09940039383570945, 0.6114689934850193, 0.12909700733920101, 0.16003360534007013], [0.15292638365724084, 0.29221461241654734, 0.13634483841752762, 0.4185141655086842], [0.20560641335348454, 0.34827311463468164, 0.2171943113200665, 0.2289261606917674], [0.29810168858160774, 0.27929253418513716, 0.16860884255271547, 0.2539969346805397], [0.23658055393971883, 0.39858157766908736, 0.14159138606693006, 0.2232464823242637], [0.21346748877955243, 0.20993277724893544, 0.24268349404738573, 0.3339162399241266], [0.41920244234068604, 0.26685829113137177, 0.10144808156591811, 0.21249118496202402], [0.2570195245310606, 0.2580477411026801, 0.1011620895048674, 0.383770644861392], [0.2637983471989765, 0.3531766936600043, 0.10508951468398256, 0.2779354444570368], [0.2687785850391894, 0.33431996299119976, 0.11962872854946896, 0.277272723420142], [0.36534269263686714, 0.24990179967123313, 0.1326002156154852, 0.2521552920764145], [0.1676334790933295, 0.20176427905196437, 0.4259077090039747, 0.2046945328507315], [0.20019204210954306, 0.5450100912771636, 0.09261479086764156, 0.16218307574565172], [0.33463581400290593, 0.17563671834505487, 0.22156491633251443, 0.2681625513195248], [0.3367808667123112, 0.19008935060995322, 0.1928710106924234, 0.2802587719853122], [0.35257343113064715, 0.44181296911045, 0.08478317678084078, 0.12083042297806222], [0.37530247714714665, 0.12476653140530732, 0.07083891128291597, 0.42909208016462996], [0.30655830988884625, 0.34274138747560756, 0.13879248224991206, 0.2119078203856339], [0.23046188600904105, 0.3823114700991642, 0.12704897146971558, 0.26017767242207934], [0.09604631916610605, 0.14592235889241464, 0.6394379858967579, 0.11859333604472157], [0.17716182457869464, 0.22419820395531748, 0.149885721302256, 0.44875425016373194], [0.17775935823453137, 0.2582595332222966, 0.17420202761977038, 0.38977908092340174], [0.2511621945985028, 0.3019851705239031, 0.1619417102123614, 0.28491092466523266], [0.16487326147959422, 0.33106080011999167, 0.11967098069071296, 0.3843949577097013], [0.41830087121811466, 0.17226858231297612, 0.13745900265417788, 0.2719715438147313], [0.11041164233469836, 0.41245676405690684, 0.23493024952793057, 0.24220134408046415], [0.16735306248079174, 0.22305418568368018, 0.2216199445510346, 0.3879728072844935], [0.17619543238044816, 0.3785074780573929, 0.10132948821555812, 0.3439676013466009], [0.34186909798777054, 0.2704135822581247, 0.05899821890173309, 0.3287191008523717], [0.1676794243901072, 0.3559893847108891, 0.2183795503979755, 0.25795164050102815], [0.3717167721373706, 0.2321749410202849, 0.2040675979630053, 0.19204068887933917], [0.1650098385272606, 0.33660370009582175, 0.1877485578135483, 0.3106379035633693], [0.19053642365847923, 0.37361266025455575, 0.2444766603406437, 0.19137425574632166], [0.1846947140275419, 0.33491255558500765, 0.18667462777159044, 0.29371810261586007], [0.19947517804953982, 0.2208786558369373, 0.14411179306151492, 0.4355343730520078], [0.12008498785971569, 0.22295941282771367, 0.49425859556769486, 0.16269700374487595], [0.36865805877129143, 0.2720345072955075, 0.1592053226453304, 0.20010211128787067]]}}