{"test": {"ids": ["104118340", "97107920", "112120700", "103118110", "113117550", "107117010", "101113210", "110121450", "99114890", "100120780", "110120700", "111120591", "99110050", "105113330", "111116090", "97105960", "111118910", "109118820", "98110230", "97106600", "112118890", "102109010", "112120630", "97116790", "101111620", "111119340", "108120060", "107116980", "105121370", "108116501", "110115120", "110119891", "111121410", "109118701", "108120260", "106118161", "108117451", "102118380", "113122510", "107114490", "111121190", "110118630", "112118421", "108121351", "112121410", "102110890", "107114110", "112117471", "102114270", "113122430", "110118930", "108119550", "108118520", "98116500", "112118810", "105118740", "104119290", "107112840", "99108580", "108116070", "101112540", "104117200", "112119320", "112121010", "101108370", "107119390", "104111711", "98108410", "99108890", "99108080", "98117740", "103110050", "113119300", "99107300", "100113370", "108114270", "109118161", "113118421", "97106591", "111119150", "111120540", "98112170", "110115140", "111120531", "99109740", "109117630", "108121190", "109117150", "105116980", "104112201", "112120640", "101115190", "113117401", "103113610", "102121440", "103112470", "105113480", "106118820", "108117720", "113118810", "112118930", "97107260", "113119320", "97105580", "111116411", "103113101", "110118161", "106116820", "102109850", "100109330", "97112830", "100111620", "110120531", "103111110", "109115070", "105116090", "107120260", "109113591", "99112300", "112116990", "106121190", "104117630", "102110750", "113118111", "108114180", "97116410", "99108460", "105119950", "104111830", "101110200", "98108970", "113121010", "110119300", "105116860", "106114880", "112119950", "112119930", "104114410", "101112690", "110116441", "99116500", "104113190"], "labels": [2, 0, 2, 2, 3, 1, 3, 3, 2, 1, 2, 1, 3, 3, 3, 2, 0, 3, 3, 3, 3, 1, 3, 2, 3, 3, 1, 3, 2, 0, 0, 3, 0, 3, 1, 3, 2, 1, 2, 3, 1, 1, 3, 3, 0, 0, 1, 3, 3, 2, 1, 1, 0, 2, 3, 1, 1, 1, 0, 1, 2, 3, 1, 2, 1, 2, 1, 1, 0, 3, 2, 3, 1, 3, 3, 3, 0, 3, 1, 3, 1, 3, 0, 0, 3, 0, 1, 2, 0, 0, 0, 1, 3, 2, 2, 1, 0, 3, 1, 3, 1, 2, 1, 1, 0, 3, 0, 1, 1, 0, 2, 3, 0, 3, 0, 1, 1, 3, 0, 0, 2, 0, 1, 1, 1, 3, 0, 3, 3, 2, 3, 2, 1, 2, 0, 0, 1, 1, 1, 3, 2, 3], "predicted_labels": [0, 0, 1, 3, 3, 2, 1, 0, 1, 1, 1, 3, 2, 3, 3, 1, 3, 2, 3, 2, 3, 1, 0, 1, 2, 3, 2, 0, 1, 3, 3, 3, 0, 3, 1, 0, 3, 3, 3, 3, 0, 3, 3, 0, 3, 3, 3, 1, 1, 3, 0, 1, 1, 1, 1, 0, 3, 1, 1, 2, 2, 1, 3, 0, 3, 1, 3, 0, 1, 0, 1, 1, 1, 3, 2, 3, 3, 3, 0, 3, 2, 1, 2, 0, 1, 0, 3, 3, 1, 3, 1, 0, 3, 0, 3, 3, 3, 3, 0, 3, 3, 3, 3, 0, 3, 1, 0, 3, 2, 0, 3, 1, 3, 0, 1, 0, 1, 3, 0, 1, 3, 1, 1, 1, 1, 1, 1, 0, 3, 1, 1, 0, 1, 1, 1, 0, 3, 1, 3, 0, 2, 1], "confidence_scores": [[0.37642012150346005, 0.26709551225170736, 0.15171212173993526, 0.20477224450489726], [0.42016306537376524, 0.17106554632802637, 0.1304800797724147, 0.2782913085257938], [0.1537726719635035, 0.4803561288039298, 0.12121042601161362, 0.24466077322095303], [0.24143019053520146, 0.1994332672545341, 0.1857233610988418, 0.37341318111142274], [0.13542960974561344, 0.3295366928530359, 0.14706860102587158, 0.3879650963754792], [0.1227526091674821, 0.23213861514933035, 0.44714356063597843, 0.19796521504720915], [0.2549048041334719, 0.3839369925767327, 0.12452573002325773, 0.23663247326653788], [0.31799649877817904, 0.26046601869664815, 0.13523461101691261, 0.28630287150826006], [0.18920188741176522, 0.45455445498804364, 0.16444089729600628, 0.19180276030418497], [0.25654109960769333, 0.31981549637644857, 0.1531072720872552, 0.2705361319286028], [0.2749986984613452, 0.4288146094092727, 0.09686815178899172, 0.19931854034039054], [0.21094702231069473, 0.22078178972832566, 0.12541036201248099, 0.44286082594849874], [0.16008962152834308, 0.19044790918177462, 0.3985672694672321, 0.2508951998226502], [0.1954183119735112, 0.18633372188571995, 0.22826564463426552, 0.38998232150650325], [0.16992922602840038, 0.1460244031654343, 0.116352349296588, 0.5676940215095775], [0.21379739850861856, 0.42068382963898143, 0.10359748023475376, 0.2619212916176463], [0.2132447363051129, 0.25101051612281944, 0.15620514629085794, 0.3795396012812099], [0.1598050570198347, 0.18454768648711933, 0.3581599552546026, 0.29748730123844364], [0.23618935255828885, 0.26087054058285036, 0.23331506569081384, 0.2696250411680469], [0.17086650641656073, 0.16616500181232002, 0.5432350336518555, 0.1197334581192638], [0.19167773152374878, 0.224216574400643, 0.10980154378627292, 0.47430415028933537], [0.20809521438264883, 0.47699367492406936, 0.11519054613436458, 0.19972056455891735], [0.3950450829897126, 0.13700924155841485, 0.10002692382655053, 0.36791875162532195], [0.16233983978391048, 0.37439579258435723, 0.21874643967719512, 0.2445179279545373], [0.18895611880215674, 0.17888514996717061, 0.4559606375860092, 0.17619809364466357], [0.21102124006975984, 0.25483328172463016, 0.1825195991554225, 0.3516258790501875], [0.13974250064185592, 0.1145675260357533, 0.6261472632372901, 0.11954271008510071], [0.537486169959772, 0.23469898539415462, 0.06961103995135125, 0.15820380469472206], [0.1932330534587387, 0.3659469297254682, 0.12092997997403647, 0.3198900368417569], [0.18219712462740648, 0.3250974393762107, 0.11876454584357163, 0.3739408901528112], [0.212870853431893, 0.24561338459042986, 0.23681970928387802, 0.3046960526937992], [0.22400217146022863, 0.30332066948208913, 0.11763609038961804, 0.3550410686680643], [0.3696000270168781, 0.22209206206461152, 0.17056505349311427, 0.23774285742539597], [0.24566494073604053, 0.18188338496191617, 0.12580297948738584, 0.4466486948146577], [0.2680713344891514, 0.2989186133858881, 0.15355225903742087, 0.2794577930875398], [0.31554787243476384, 0.28198420963272786, 0.19398206778874127, 0.20848585014376697], [0.31516861577629, 0.18598454540605625, 0.1502819565674781, 0.3485648822501756], [0.24151934926637783, 0.30955908882544786, 0.12368992828509964, 0.3252316336230747], [0.24165762406885616, 0.2423430534419107, 0.1246715819558629, 0.3913277405333703], [0.14020910933940137, 0.2241891451058918, 0.20657941664144758, 0.4290223289132594], [0.3130368017158991, 0.2864414334875788, 0.13063718302619998, 0.269884581770322], [0.18580801551192885, 0.2549433288777092, 0.1886153841487232, 0.3706332714616387], [0.24423787389713, 0.21374315362725008, 0.10240049997385943, 0.43961847250176034], [0.3577691158696947, 0.32158959162974965, 0.10022294916760892, 0.22041834333294671], [0.22402295607883274, 0.22165212105924487, 0.20024814144447142, 0.354076781417451], [0.18007993405716963, 0.18018605934160606, 0.1998120935584877, 0.4399219130427366], [0.22252013122744452, 0.17677696075176283, 0.19902253392744473, 0.40168037409334795], [0.2342045332264056, 0.41456440773595654, 0.175003969707771, 0.17622708932986686], [0.17733243150416583, 0.46913713845593175, 0.14568877446256215, 0.20784165557734038], [0.21295516217391908, 0.29216599961116263, 0.19182604740662448, 0.30305279080829384], [0.4356826663676529, 0.21414770762492133, 0.1488863707381731, 0.20128325526925264], [0.22642257382362505, 0.2786192719576004, 0.2625227969946735, 0.23243535722410116], [0.2734964228931491, 0.3183888950990483, 0.20603882737940768, 0.20207585462839478], [0.2051925247479759, 0.31627230517348837, 0.23213633090115698, 0.24639883917737898], [0.14410145952667971, 0.39523274009667647, 0.14789249923217487, 0.312773301144469], [0.48674161942244526, 0.13942000579723338, 0.191637228517875, 0.18220114626244638], [0.19856548583144593, 0.27432889188484383, 0.22055401345385361, 0.3065516088298566], [0.27795786546426415, 0.36447793039236587, 0.1249462904929737, 0.2326179136503964], [0.2018354992792806, 0.42502279014116434, 0.2284939331934607, 0.1446477773860943], [0.23927489185299222, 0.14234713646472438, 0.3605397123470637, 0.2578382593352198], [0.20695049650797412, 0.22096294707916644, 0.28832788387405217, 0.28375867253880743], [0.1828353478393444, 0.30389566786176336, 0.2603633047389121, 0.2529056795599801], [0.16802344298415517, 0.18011598238859075, 0.28318980252036896, 0.3686707721068852], [0.32703230702419206, 0.25653887653508084, 0.17430441431316818, 0.242124402127559], [0.26268602665505764, 0.2775678791143633, 0.14823420248276312, 0.31151189174781607], [0.2973068824126692, 0.30822205223230337, 0.14582576747959416, 0.24864529787543316], [0.15475914746746525, 0.16621033555612696, 0.14165818192408733, 0.5373723350523204], [0.40878452965904866, 0.2190044662677792, 0.12621883064036904, 0.24599217343280302], [0.22375824493330157, 0.3370476777860528, 0.15057630559168864, 0.2886177716889571], [0.45419654136540194, 0.28191678587699814, 0.10011234327701365, 0.16377432948058634], [0.18826102490848656, 0.368890914298799, 0.1085778491175005, 0.334270211675214], [0.13514962085690674, 0.48639159303286866, 0.11938326684773122, 0.2590755192624935], [0.20601960107199604, 0.3551284940991904, 0.12708262774132134, 0.3117692770874923], [0.2481657319866812, 0.2577133095966959, 0.14297808388070543, 0.35114287453591736], [0.24411576639860255, 0.23672521938831112, 0.3048234475318845, 0.2143355666812018], [0.27187686213289475, 0.26804828236620065, 0.16322194342152857, 0.296852912079376], [0.32029926960982913, 0.1963668121111787, 0.061327417361504016, 0.4220065009174883], [0.19383388432872342, 0.24301688431252264, 0.12532519980237053, 0.4378240315563833], [0.4024997920578987, 0.1760741221079781, 0.30908699496077385, 0.11233909087334958], [0.1436360580472536, 0.19001527514828911, 0.1137312043726888, 0.5526174624317685], [0.20419032555861924, 0.1939754869940781, 0.3419099393006454, 0.2599242481466572], [0.18490803456875252, 0.27361412711328503, 0.2727389381303264, 0.2687389001876362], [0.21231285001836095, 0.18507183628418647, 0.30377663287317824, 0.29883868082427434], [0.38231513556272084, 0.23403235966488542, 0.09124461458483978, 0.29240789018755386], [0.2901595993920843, 0.4231509214443699, 0.143004772518606, 0.1436847066449399], [0.436962812070625, 0.2447334293465475, 0.12394545603859992, 0.19435830254422762], [0.17608888429912622, 0.18752638168729216, 0.21967075621832438, 0.41671397779525726], [0.21074387735356057, 0.2843371479859751, 0.19666560860247767, 0.3082533660579867], [0.1910176278005035, 0.4411659345830155, 0.1283622978700134, 0.23945413974646776], [0.19116407247853162, 0.16951855779551386, 0.30469715871056163, 0.3346202110153931], [0.17557050981385783, 0.43190849721040037, 0.23369798310054113, 0.1588230098752007], [0.5033713845785996, 0.20882243639561318, 0.10261176685625123, 0.185194412169536], [0.3391384267657413, 0.19567389303880842, 0.10680621639578179, 0.3583814637996685], [0.3080114833090711, 0.2767858991476391, 0.1449993393305229, 0.27020327821276685], [0.1992830904150341, 0.2726510811116716, 0.24580558380476517, 0.2822602446685293], [0.2537978224560395, 0.2467713322258995, 0.19677439211687053, 0.3026564532011905], [0.14188649176734866, 0.2615994753764808, 0.12934263106234617, 0.4671714017938242], [0.22868541629315137, 0.24400915160240447, 0.21331697929494475, 0.31398845280949944], [0.3452593272080224, 0.211120702249969, 0.16039151807943128, 0.28322845246257733], [0.12130992864298776, 0.21399719509959686, 0.13146941000662693, 0.5332234662507885], [0.22308599899372503, 0.2774915224799864, 0.1253039167705681, 0.37411856175572056], [0.22831839229346806, 0.20630100995510622, 0.11182860414435367, 0.45355199360707205], [0.3311006465412391, 0.19285139472400864, 0.12194902914058912, 0.35409892959416317], [0.30049811070825766, 0.20186868481621767, 0.29174433088453644, 0.2058888735909881], [0.17597741391121083, 0.2129342936273012, 0.1150678950939409, 0.4960203973675471], [0.2261196467125933, 0.525917771390871, 0.11500271631616116, 0.13295986558037437], [0.4777276864764487, 0.13780154957566454, 0.1768547499528434, 0.20761601399504345], [0.2531529017588389, 0.32611203061094685, 0.0767667895505338, 0.34396827807968033], [0.15485055881241744, 0.22973780938210764, 0.4002650359458629, 0.21514659585961213], [0.29550847631784444, 0.27627668706931685, 0.1999433024045895, 0.22827153420824928], [0.32393430008123253, 0.19062670700497591, 0.14623917854946106, 0.33919981436433044], [0.17532286433629304, 0.44256848523902126, 0.18417173148878938, 0.19793691893589635], [0.28358993257498033, 0.1551416088479027, 0.09081259066128243, 0.47045586791583466], [0.4578713903427266, 0.1722257889556027, 0.11967759632020357, 0.25022522438146705], [0.15119311192732887, 0.4937735826218989, 0.081631925607659, 0.2734013798431133], [0.3708033785614558, 0.23964341753514062, 0.12463931273981432, 0.2649138911635894], [0.19384801659949322, 0.560369663037547, 0.09528865668672545, 0.15049366367623446], [0.2338379814110733, 0.3136494848125923, 0.13507150190194347, 0.3174410318743909], [0.41937047573529734, 0.23411853901666, 0.18743420680282308, 0.15907677844521945], [0.21897158145220144, 0.2909937838070758, 0.238247838719536, 0.25178679602118675], [0.16911221027475734, 0.2126194620921727, 0.2500430210469375, 0.36822530658613256], [0.14127636034574934, 0.40694341705279874, 0.1293064871838059, 0.322473735417646], [0.13016364425707716, 0.49437790458001235, 0.20635561380167317, 0.16910283736123724], [0.19155008131084078, 0.4404662891384413, 0.08778118880259463, 0.2802024407481233], [0.08761248768570433, 0.3926686926634691, 0.15990995972549676, 0.35980885992532985], [0.29615171589909334, 0.29685090810765574, 0.23787034564505904, 0.169127030348192], [0.20075287036345507, 0.4561228301552453, 0.1149891507808789, 0.22813514870042073], [0.4813749513743254, 0.15662044413801696, 0.17412009404347836, 0.18788451044417942], [0.158596098051729, 0.3026634617766242, 0.15923791510243152, 0.3795025250692155], [0.22069863573325427, 0.4408183396668349, 0.15204022287500754, 0.18644280172490318], [0.31742589597134147, 0.34214909174960045, 0.16237883556558605, 0.17804617671347203], [0.3293091628422696, 0.2622604609591657, 0.1227402138132417, 0.28569016238532285], [0.1930994432073894, 0.39435898365714944, 0.11087709816571566, 0.3016644749697455], [0.23751696092345093, 0.4922102209447347, 0.1276278730199432, 0.14264494511187123], [0.20729138159135652, 0.4236222754753482, 0.18049560729379166, 0.18859073563950363], [0.3640889646754618, 0.194283277900322, 0.13710082115820543, 0.3045269362660109], [0.1464236273892839, 0.21279962627193505, 0.165105565440657, 0.475671180898124], [0.2616914149044903, 0.26436968666102767, 0.21056888917961314, 0.26337000925486903], [0.16316559747006085, 0.27929843763413925, 0.1535322090202442, 0.4040037558755558], [0.3359541946916429, 0.31256179556408403, 0.1219773096381811, 0.2295067001060921], [0.17541394624836895, 0.21042563141527557, 0.4296355069422329, 0.1845249153941227], [0.2725678650515911, 0.35177528060527113, 0.17851445331158236, 0.19714240103155553]]}, "rewritten": {"ids": ["97105580", "97105960", "97106591", "97106600", "97107260", "97107920", "97112830", "97116410", "97116790", "98108410", "98108970", "98110230", "98112170", "98116500", "98117740", "99107300", "99108080", "99108460", "99108580", "99108890", "99109740", "99110050", "99112300", "99114890", "99116500", "100109330", "100111620", "100113370", "100120780", "101108370", "101110200", "101111620", "101112540", "101112690", "101113210", "101115190", "102109010", "102109850", "102110750", "102110890", "102114270", "102118380", "102121440", "103110050", "103111110", "103112470", "103113101", "103113610", "103118110", "104111711", "104111830", "104112201", "104113190", "104114410", "104117200", "104117630", "104118340", "104119290", "105113330", "105113480", "105116090", "105116860", "105116980", "105118740", "105119950", "105121370", "106114880", "106116820", "106118161", "106118820", "106121190", "107112840", "107114110", "107114490", "107116980", "107117010", "107119390", "107120260", "108114180", "108114270", "108116070", "108116501", "108117451", "108117720", "108118520", "108119550", "108120060", "108120260", "108121190", "108121351", "109113591", "109115070", "109117150", "109117630", "109118161", "109118701", "109118820", "110115120", "110115140", "110116441", "110118161", "110118630", "110118930", "110119300", "110119891", "110120531", "110120700", "110121450", "111116090", "111116411", "111118910", "111119150", "111119340", "111120531", "111120540", "111120591", "111121190", "111121410", "112116990", "112117471", "112118421", "112118810", "112118890", "112118930", "112119320", "112119930", "112119950", "112120630", "112120640", "112120700", "112121010", "112121410", "113117401", "113117550", "113118111", "113118421", "113118810", "113119300", "113119320", "113121010", "113122430", "113122510"], "labels": [1, 2, 1, 3, 2, 0, 2, 3, 2, 1, 3, 3, 3, 2, 2, 3, 3, 0, 0, 0, 3, 3, 0, 2, 2, 0, 3, 3, 1, 1, 2, 3, 2, 1, 3, 1, 1, 1, 1, 0, 3, 1, 2, 3, 3, 1, 3, 2, 2, 1, 3, 0, 3, 1, 3, 0, 2, 1, 3, 0, 1, 2, 0, 1, 3, 2, 0, 1, 3, 3, 2, 1, 1, 3, 3, 1, 2, 1, 1, 3, 1, 0, 2, 1, 0, 1, 1, 1, 1, 3, 3, 0, 2, 0, 0, 3, 3, 0, 0, 3, 0, 1, 1, 1, 3, 0, 2, 3, 3, 0, 0, 3, 3, 0, 1, 1, 1, 0, 0, 3, 3, 3, 3, 1, 1, 1, 0, 3, 0, 2, 2, 0, 3, 3, 1, 3, 3, 1, 1, 2, 2, 2], "predicted_labels": [1, 3, 0, 2, 2, 3, 2, 2, 2, 3, 0, 0, 3, 3, 3, 0, 1, 0, 1, 1, 1, 1, 0, 3, 1, 3, 1, 1, 1, 3, 1, 3, 0, 0, 1, 1, 2, 2, 1, 1, 1, 1, 2, 3, 0, 3, 0, 0, 3, 2, 3, 3, 3, 1, 2, 0, 1, 1, 3, 3, 0, 1, 1, 1, 0, 3, 3, 1, 1, 3, 0, 1, 3, 3, 0, 2, 2, 1, 3, 3, 3, 3, 0, 1, 3, 3, 2, 2, 1, 0, 3, 3, 0, 1, 0, 3, 3, 0, 3, 0, 0, 1, 0, 0, 0, 3, 1, 0, 0, 3, 0, 3, 1, 1, 1, 3, 3, 3, 2, 1, 3, 3, 3, 0, 2, 1, 3, 0, 1, 1, 2, 2, 3, 3, 3, 3, 3, 3, 3, 3, 2, 0], "confidence_scores": [[0.31129146376059674, 0.3894154722797182, 0.12120614838927139, 0.17808691557041384], [0.2158206517381923, 0.18525276582137432, 0.28692175183878865, 0.31200483060164497], [0.37596048096406737, 0.31026559760209516, 0.13369427614199614, 0.18007964529184142], [0.10781817895050734, 0.22246786996334403, 0.3853047710321996, 0.28440918005394905], [0.12375358682732639, 0.12009653721748129, 0.45889476996211764, 0.2972551059930746], [0.2688269146659647, 0.21692545461170568, 0.21703511432399022, 0.2972125163983393], [0.13407035192409578, 0.14950776890732279, 0.4688728001150424, 0.247549079053539], [0.2600796658769293, 0.14812316520803764, 0.43044118803092996, 0.16135598088410316], [0.12273595735977542, 0.36434441179401217, 0.38387103087661384, 0.1290485999695987], [0.2022900696046452, 0.22639463147003788, 0.2215703451605683, 0.34974495376474846], [0.4843651258890707, 0.23691286931606612, 0.13675884582221204, 0.14196315897265113], [0.3772583323798081, 0.27645055097304183, 0.16792797387291736, 0.1783631427742327], [0.2349732403846259, 0.20647890132803468, 0.16949568484691946, 0.38905217344042], [0.2187054302343879, 0.28075532637851397, 0.2042830447977819, 0.29625619858931634], [0.2945503666723773, 0.2545624111864375, 0.1530753150713771, 0.2978119070698081], [0.5672091386515391, 0.12982224750256327, 0.08318532006836377, 0.21978329377753378], [0.30387686020134236, 0.4045371981943146, 0.07988906941150331, 0.21169687219283972], [0.3464778721667016, 0.15729096950365373, 0.23589768472004857, 0.26033347360959613], [0.19513530251991168, 0.5270520689545374, 0.14380228466804748, 0.1340103438575035], [0.1639657808024313, 0.5537991348684346, 0.10965844282110727, 0.17257664150802696], [0.3468704145487609, 0.4355636666817192, 0.09511977028279466, 0.1224461484867253], [0.1317707932248573, 0.4001530444944708, 0.14755532043754968, 0.3205208418431223], [0.3347126878151, 0.30922242358199614, 0.17607172392806725, 0.17999316467483678], [0.15904419713856813, 0.3300910164344681, 0.09104380731679382, 0.41982097911017], [0.24091776257400888, 0.3093588577347556, 0.22441449099678007, 0.22530888869445564], [0.28414209913691935, 0.3132848933202076, 0.08604129511569647, 0.31653171242717654], [0.2863304390604508, 0.331666659859359, 0.1999033376490504, 0.18209956343113992], [0.17973995453000435, 0.5141881004698353, 0.146929746670256, 0.15914219832990442], [0.17602553876138666, 0.36073006547287906, 0.12335412602193001, 0.3398902697438043], [0.36606137350156603, 0.11728152219568302, 0.09648226299287586, 0.42017484130987526], [0.19158944973266567, 0.4384915982946068, 0.23238186548293388, 0.13753708648979374], [0.2790552384727476, 0.2337376946735992, 0.19159964660041134, 0.29560742025324205], [0.47864013193031424, 0.2486210455135661, 0.09832846832382913, 0.17441035423229045], [0.28648029874810543, 0.20388489016553887, 0.23478310824263512, 0.27485170284372057], [0.32879392095537197, 0.36412537965737685, 0.1316723891764541, 0.1754083102107973], [0.30112245369687846, 0.3502693424311047, 0.18828776125102276, 0.16032044262099412], [0.23045893332974537, 0.30120665138528696, 0.32864870636041266, 0.13968570892455506], [0.143704274091277, 0.23042681839101972, 0.4755207540567148, 0.1503481534609884], [0.12772261957024397, 0.44364941742659003, 0.20493224407318134, 0.22369571892998466], [0.22080193872536752, 0.3233681478850889, 0.1438854168499491, 0.3119444965395944], [0.2365094983856436, 0.5660843697114071, 0.07999960995857876, 0.11740652194437062], [0.26502807340393614, 0.3570146140336566, 0.11628138941595934, 0.26167592314644805], [0.15909230378655403, 0.2170953875151867, 0.35438570948290915, 0.2694265992153501], [0.20071454588661708, 0.29939828517504424, 0.17364706888695508, 0.32624010005138365], [0.43510083335171157, 0.11092829291433112, 0.29786977648391777, 0.1561010972500395], [0.22396415544640905, 0.20131336702412556, 0.148161413671371, 0.4265610638580944], [0.33446819624745655, 0.274436464149813, 0.15683035866688017, 0.23426498093585033], [0.3119962232598178, 0.21909266283434478, 0.21494973554651547, 0.2539613783593222], [0.21656797293946045, 0.2497141005915119, 0.16398793036726741, 0.36972999610176044], [0.17648620645949753, 0.2658649429603351, 0.3383059978975739, 0.21934285268259357], [0.09555351961271039, 0.16730714667453103, 0.21936471044289219, 0.5177746232698665], [0.15012309254199258, 0.1618854466072846, 0.14700695088461696, 0.5409845099661058], [0.25146307478026325, 0.26030788272786887, 0.20797059003404986, 0.2802584524578181], [0.14564954197562882, 0.3690105610009668, 0.18257291956038635, 0.30276697746301817], [0.2614536976493981, 0.16900334499717948, 0.2886303338582564, 0.28091262349516616], [0.3373136176186282, 0.31193729387667446, 0.08665375271144024, 0.26409533579325695], [0.34044098276869283, 0.365587855169566, 0.1478562749969937, 0.1461148870647475], [0.09017445281220467, 0.3429525482185478, 0.2940561759908663, 0.2728168229783812], [0.21572817877027725, 0.28244378505867146, 0.1172872484853131, 0.38454078768573835], [0.13678703909332063, 0.26970761514663777, 0.11651124373169544, 0.4769941020283462], [0.43966289144725246, 0.2037687963570123, 0.1061275991412803, 0.25044071305445503], [0.21110040248974815, 0.3518925709670778, 0.13218179898221102, 0.3048252275609632], [0.2162712222580186, 0.35444451129194315, 0.13148571661647257, 0.2977985498335657], [0.261956717991374, 0.3923404090773539, 0.12283984199867481, 0.22286303093259735], [0.4210099043515107, 0.17277318011572068, 0.11125824868228436, 0.29495866685048433], [0.21109033110913306, 0.2752768688083339, 0.09379717546472548, 0.4198356246178075], [0.18240986921368765, 0.12207335635819618, 0.15068888349996773, 0.5448278909281485], [0.17018630640137797, 0.3668999465039985, 0.10021302453097493, 0.36270072256364855], [0.34808785257959, 0.3529124647434016, 0.14462769647647739, 0.15437198620053091], [0.18906811777128343, 0.20487981345347242, 0.1929118589290807, 0.41314020984616356], [0.4735837241545426, 0.20214874062868438, 0.11317790987104814, 0.21108962534572473], [0.27542988405215213, 0.48778337917266046, 0.11234282434691426, 0.12444391242827325], [0.34041993272828824, 0.09124838136754926, 0.09415593822650396, 0.4741757476776586], [0.11096775425427521, 0.28456846435885935, 0.15382560339903237, 0.45063817798783307], [0.3840729467888071, 0.3737582851455658, 0.08701201921701526, 0.15515674884861197], [0.13333470383344398, 0.31961068043959, 0.3769588045079705, 0.1700958112189956], [0.1998950996467831, 0.25207208139286236, 0.2813083518766135, 0.26672446708374115], [0.16500082144835962, 0.4096358673165065, 0.16568035489291025, 0.25968295634222377], [0.13613111909220965, 0.27071450538089176, 0.19216958356622704, 0.4009847919606716], [0.15859978463276084, 0.13832859057357896, 0.24424691113833258, 0.45882471365532757], [0.19681298958172466, 0.22776935611889304, 0.2422348614441957, 0.33318279285518665], [0.14499148728421524, 0.2610449292255162, 0.10325693564859559, 0.49070664784167306], [0.5006271911712412, 0.15026714390629398, 0.11305410529626558, 0.2360515596261993], [0.1778382860522226, 0.3251192436106556, 0.19907430693515457, 0.2979681634019673], [0.2944382207315004, 0.19106089107133353, 0.10586787117863204, 0.40863301701853394], [0.20118412003248634, 0.2622728626956266, 0.23204345618355804, 0.30449956108832915], [0.12911374712076693, 0.15465789335005067, 0.5311075612183455, 0.18512079831083686], [0.19406879650791836, 0.11653966546826075, 0.4990312931479295, 0.1903602448758914], [0.19631484924891845, 0.4133971692250531, 0.12503051079796518, 0.26525747072806316], [0.3598284759392813, 0.17737874664296294, 0.1289335458754654, 0.3338592315422904], [0.15549102605596776, 0.3460391793023833, 0.1291565521531184, 0.36931324248853054], [0.13055730978225547, 0.11439388552718871, 0.34650926287980394, 0.40853954181075175], [0.41280612902810687, 0.2598213632531895, 0.0991094617972983, 0.22826304592140542], [0.23391685822630767, 0.4399606556632019, 0.15163301936136345, 0.17448946674912685], [0.5633367991638044, 0.19990286086539863, 0.047749424837878446, 0.18901091513291843], [0.25805911613654836, 0.23311695027242443, 0.14272317436017817, 0.3661007592308491], [0.22686107906540529, 0.25166616501096745, 0.1268470330593545, 0.39462572286427283], [0.35860723496401703, 0.2549027111214386, 0.17772557142842005, 0.2087644824861246], [0.2684356923393535, 0.28946556620161584, 0.13679056273942883, 0.30530817871960175], [0.2928797798744125, 0.23384449351203854, 0.18070241684351424, 0.29257330977003476], [0.4331922036752398, 0.16153953537749416, 0.07818300887434776, 0.3270852520729182], [0.24430353698401985, 0.289653602186343, 0.26922658572367586, 0.19681627510596136], [0.5093197488363667, 0.12023473547391902, 0.10054583520933695, 0.26989968048037744], [0.3323093236081338, 0.31230948841196976, 0.12114723409995008, 0.23423395387994658], [0.3293834572083727, 0.18612570358295114, 0.19864909465873618, 0.2858417445499401], [0.18623320641615743, 0.1637166533962853, 0.04887856136430805, 0.6011715788232491], [0.15380667030237635, 0.5277957606990399, 0.1513879126014397, 0.16700965639714394], [0.5087921026025111, 0.21232788537892772, 0.09575038156603875, 0.18312963045252245], [0.37788600847081133, 0.1484121080270566, 0.09816247567695884, 0.3755394078251733], [0.1704171060977889, 0.2024916754854173, 0.10286005282847885, 0.5242311655883151], [0.35287622696303383, 0.24396419615489134, 0.1182759998381806, 0.28488357704389433], [0.3189875385525828, 0.19407444300708082, 0.1480245022755058, 0.3389135161648305], [0.23313727909599427, 0.42488211688114175, 0.11866850281965506, 0.22331210120320893], [0.2971537686583032, 0.3701030965949293, 0.13050747750473954, 0.20223565724202805], [0.24348414242567298, 0.2769163559211177, 0.23847177118848337, 0.2411277304647261], [0.14754388538149837, 0.1908356332390353, 0.10840008987533795, 0.5532203915041283], [0.1727942964804008, 0.21401041046263258, 0.21947378683214885, 0.39372150622481783], [0.21098979158440345, 0.09290665526783577, 0.07687725502701857, 0.6192262981207423], [0.24317437302074832, 0.21146361524535429, 0.36076727089410754, 0.18459474083978986], [0.2340320889763349, 0.4319201863365092, 0.15349738842006636, 0.18055033626708938], [0.17934007668242197, 0.20506550049691313, 0.0993970980733152, 0.5161973247473497], [0.157598010007386, 0.2151711279716605, 0.24441078069853564, 0.38282008132241785], [0.22446722024252477, 0.20485979042335736, 0.11374450688561259, 0.4569284824485053], [0.5056202231291824, 0.27105886755348213, 0.06170455114517228, 0.16161635817216316], [0.1850379221038637, 0.29580797512660273, 0.29617235640799533, 0.22298174636153825], [0.1283521750787087, 0.5087485049334854, 0.13738838741857898, 0.22551093256922708], [0.1790007795969533, 0.2807801897339415, 0.12095040356604538, 0.4192686271030598], [0.41917797448842015, 0.14358824694766933, 0.11800632051358, 0.3192274580503305], [0.1712475952660258, 0.4118756468512986, 0.24259373177874458, 0.17428302610393107], [0.1298785613112584, 0.39314270290292064, 0.2549876093747465, 0.2219911264110744], [0.24845900491753203, 0.24574479000525137, 0.32528971127801043, 0.18050649379920614], [0.15926042967340995, 0.2550195268884235, 0.33396637098713894, 0.25175367245102764], [0.17611019495460153, 0.24695118586494397, 0.12971035199375924, 0.44722826718669534], [0.11653360759597022, 0.24810590439246735, 0.133141446549233, 0.5022190414623294], [0.11410314516935557, 0.21548016642400852, 0.11334207575644933, 0.5570746126501867], [0.22819051682008124, 0.19860948290713112, 0.17991332666806034, 0.3932866736047273], [0.18783063223180135, 0.18743077243021977, 0.1249107565532848, 0.4998278387846941], [0.17265784152139296, 0.21414914944805502, 0.14141545578887793, 0.471777553241674], [0.27529263222742417, 0.2469808258747424, 0.11101750768878693, 0.36670903420904677], [0.1732365328615253, 0.3304050419398362, 0.15101106510704576, 0.3453473600915925], [0.13267260371077805, 0.22896768795331413, 0.4303051916343825, 0.2080545167015252], [0.4219699882131204, 0.23592694411765544, 0.1416691604949049, 0.20043390717431922]]}}