{"test": {"ids": ["109117431", "112117571", "101112201", "99119830", "97106770", "100109980", "105116501", "109117600", "107120260", "110114561", "104113000", "107115140", "112118421", "112118890", "105112100", "106120640", "109117271", "111118910", "103113270", "110118450", "109119460", "102117351", "112117790", "101111620", "100109360", "113118231", "97106591", "112118930", "110117200", "97113260", "101110150", "108115870", "108115070", "111120260", "97116401", "113120531", "110121450", "112119320", "100108080", "111119610", "99110050", "112119120", "113121190", "111116411", "98119591", "106119580", "107116501", "101108500", "104114320", "108118291", "101111310", "100116790", "112116451", "111119340", "113119120", "109114030", "98117740", "104116980", "100110050", "102113350", "108115500", "102109840", "107116300", "99112641", "109114651", "101108290", "107113200", "99109740", "110120640", "98112300", "113118421", "97109080", "104111780", "104114740", "112121410", "112119610", "98106560", "98107410", "112120990", "107114200", "112121351", "105113170", "104114240", "109116750", "98107380", "107113170", "107119390", "112119500", "106115120", "112120640", "103113170", "99107640", "99107630", "109117110", "98107340", "111120280", "104111380", "108114360", "106113830", "107113180", "101117580", "98116090", "111115770", "104110960", "110121140", "100108490", "110115120", "111115780", "113120601", "100109890", "113121680", "112117660", "99108710", "108116501", "100111080", "107120880", "105119550", "97114170", "110120560", "104118340", "102116340", "111117000", "98108580", "113121220", "111115400", "112118701", "111117120", "102118380", "106113360", "107121230", "100111620", "106115250", "101108950", "99108890", "101108621", "110120190", "101113210", "113120640", "111119300", "113120070", "103109791", "103110100"], "labels": [1, 3, 0, 1, 3, 1, 1, 1, 1, 0, 1, 0, 3, 3, 1, 3, 0, 0, 2, 0, 1, 1, 3, 3, 0, 3, 1, 1, 3, 1, 1, 3, 1, 3, 3, 0, 3, 1, 0, 2, 3, 1, 1, 0, 1, 3, 1, 3, 2, 3, 3, 2, 0, 3, 3, 1, 2, 1, 3, 3, 3, 2, 0, 1, 3, 0, 0, 3, 0, 2, 3, 2, 3, 2, 0, 0, 1, 3, 2, 2, 0, 0, 0, 0, 1, 0, 2, 2, 1, 0, 3, 1, 2, 1, 0, 0, 3, 1, 1, 3, 3, 0, 3, 2, 3, 2, 0, 1, 2, 3, 1, 0, 2, 0, 0, 1, 1, 2, 0, 2, 3, 0, 0, 3, 0, 0, 2, 1, 0, 0, 3, 2, 2, 0, 0, 3, 3, 0, 1, 2, 3, 1], "predicted_labels": [1, 0, 2, 3, 0, 0, 1, 3, 2, 0, 3, 3, 3, 3, 3, 1, 3, 1, 3, 0, 3, 3, 0, 3, 3, 3, 3, 3, 3, 2, 0, 0, 1, 2, 2, 3, 3, 3, 1, 2, 3, 0, 0, 3, 1, 0, 3, 1, 1, 3, 1, 1, 0, 0, 3, 2, 3, 1, 2, 2, 1, 3, 3, 2, 3, 3, 3, 1, 3, 0, 0, 1, 3, 1, 3, 0, 1, 0, 1, 3, 3, 3, 1, 2, 1, 0, 0, 1, 1, 1, 0, 3, 3, 3, 2, 3, 1, 1, 3, 3, 0, 3, 1, 0, 2, 1, 1, 0, 0, 2, 3, 2, 1, 3, 1, 3, 3, 2, 3, 3, 1, 1, 3, 3, 1, 1, 3, 1, 1, 1, 1, 1, 1, 1, 3, 1, 1, 2, 3, 1, 0, 0], "confidence_scores": [[0.23509877584015726, 0.3657734813739605, 0.17210823344492313, 0.2270195093409593], [0.43848964926453793, 0.20197174622719394, 0.1183958673276397, 0.24114273718062845], [0.22094155214855243, 0.14045071314995064, 0.49348085015376575, 0.14512688454773118], [0.03184095362161914, 0.33419466615255533, 0.23360347958788874, 0.400360900637937], [0.4086048709248542, 0.12064832899806825, 0.36457915216601494, 0.10616764791106265], [0.3810276198579333, 0.24480191573524546, 0.14895568555073238, 0.2252147788560891], [0.25916633481816354, 0.437738688429156, 0.12062228533326419, 0.18247269141941622], [0.1897059156200956, 0.1733576103804673, 0.17062561001231363, 0.4663108639871237], [0.189377819345189, 0.17187567681689794, 0.49146388726653156, 0.14728261657138153], [0.33817278130923334, 0.22462167502623165, 0.28085716042046743, 0.15634838324406755], [0.27066831494388216, 0.19664996686358452, 0.2019915958962988, 0.3306901222962346], [0.17622991946210123, 0.24709442854757857, 0.13546498923617745, 0.44121066275414283], [0.12214895109984389, 0.10156308229632448, 0.19402035913618626, 0.5822676074676453], [0.20511441830466223, 0.22892364393741177, 0.12772949127942593, 0.4382324464785002], [0.1691129952275335, 0.19217150066319608, 0.05485539221545812, 0.5838601118938123], [0.10580093041093949, 0.6455355924334883, 0.11315307637506979, 0.13551040078050244], [0.10698115333473956, 0.030753883764789176, 0.2956271667286817, 0.5666377961717897], [0.17708363311701947, 0.4655544728088914, 0.1129769641026029, 0.24438492997148642], [0.2608867447644011, 0.20425606692058246, 0.21009617628102606, 0.32476101203399055], [0.3628853621498345, 0.26559826174034096, 0.18105449687470068, 0.19046187923512392], [0.14408747380580497, 0.21204686866261135, 0.2905731862642721, 0.3532924712673115], [0.20033521029804935, 0.25424926860055913, 0.10663445801252742, 0.43878106308886416], [0.33489734887618056, 0.2759264320538443, 0.09629238530900287, 0.29288383376097216], [0.2626797574089122, 0.15295923445731707, 0.19159896964326284, 0.392762038490508], [0.22856064756348216, 0.25211967678443103, 0.17466354490232056, 0.344656130749766], [0.24405168394841092, 0.12944441270142973, 0.3099897947937169, 0.3165141085564425], [0.2200418987948409, 0.30458842234705846, 0.10222709568613673, 0.3731425831719641], [0.17817722809292474, 0.1866336624491631, 0.13032642165098904, 0.5048626878069232], [0.10670567047888882, 0.3056748143167054, 0.09341114381711965, 0.4942083713872861], [0.14699219973275388, 0.11221521739594686, 0.5182616922544643, 0.2225308906168351], [0.3543258584451166, 0.31367570369723674, 0.06658044869550862, 0.26541798916213805], [0.4256395278424174, 0.18644598523021935, 0.15141575528318768, 0.23649873164417543], [0.3503034187331845, 0.3771239285053505, 0.09299801158669672, 0.1795746411747685], [0.2405075588774314, 0.2738189799504278, 0.3002299491074953, 0.18544351206464577], [0.2500347567399678, 0.26541361876723457, 0.28870620915456585, 0.1958454153382317], [0.23776894217629818, 0.28348074189826256, 0.07079603784612672, 0.40795427807931267], [0.28617416334101375, 0.21352744111877, 0.16842859254813627, 0.3318698029920801], [0.12315373696560043, 0.3196112810668908, 0.13101964145769443, 0.42621534050981436], [0.28062358429296225, 0.34533105166957345, 0.10403687564261101, 0.2700084883948533], [0.16541867706257216, 0.3373651847900321, 0.35142125085254444, 0.14579488729485127], [0.08501513014597252, 0.16240182591593544, 0.28685074190750187, 0.46573230203059013], [0.4239319699856792, 0.1758052155671877, 0.12430904857645123, 0.27595376587068204], [0.35111126620364635, 0.26296169571113, 0.2068244374862203, 0.17910260059900343], [0.17132665504443892, 0.0909229246892034, 0.24383913338069574, 0.49391128688566194], [0.25530202465185914, 0.38185631968476824, 0.10481852585486803, 0.25802312980850484], [0.3209183071995395, 0.31190234726884225, 0.20106508802303438, 0.16611425750858405], [0.14102291058550948, 0.11869624150540987, 0.0630347997683091, 0.6772460481407715], [0.26638192983033987, 0.36152686314540744, 0.1482096701180772, 0.22388153690617552], [0.24738783806558884, 0.325677329777761, 0.18501006296695352, 0.24192476918969683], [0.13222001875744044, 0.3642287169274279, 0.03907286863551259, 0.46447839567961896], [0.27329291091074626, 0.4097566539688889, 0.1412662848326993, 0.1756841502876655], [0.17232723066047057, 0.4438054445959522, 0.21536831415627425, 0.16849901058730304], [0.6186040019211028, 0.10505396938289198, 0.13118395648116485, 0.14515807221484053], [0.3916454645493549, 0.27374430790739973, 0.10108942545850763, 0.2335208020847377], [0.19002540560127956, 0.21285484729125478, 0.13364129667134406, 0.4634784504361214], [0.1676628676186122, 0.15204387629248242, 0.5053510421436815, 0.17494221394522386], [0.16017756202262667, 0.2501669102990032, 0.26267591127147827, 0.3269796164068918], [0.03692773071237678, 0.5862359676983627, 0.2945608456932163, 0.08227545589604428], [0.17122511820895361, 0.24876920932005966, 0.4750440930381781, 0.10496157943280862], [0.15253953209048132, 0.2442363109210146, 0.43822175446010736, 0.1650024025283968], [0.06904344401358492, 0.7329996640809746, 0.07201254731925548, 0.12594434458618506], [0.1809501357828975, 0.3007875530107192, 0.11364584253833936, 0.40461646866804407], [0.10580986578667385, 0.1725426875348584, 0.0935413924545192, 0.6281060542239486], [0.06903914614221703, 0.24325761174078586, 0.5306001230270899, 0.1571031190899072], [0.21841959765791885, 0.16507358114900447, 0.07919794745090693, 0.5373088737421697], [0.22641454848989245, 0.2658642373843534, 0.17232911019688285, 0.33539210392887125], [0.23126714779759044, 0.24566827428200014, 0.10241837352178008, 0.4206462043986295], [0.17468263662657513, 0.44834720901530284, 0.2425063316723967, 0.13446382268572526], [0.22668777301414375, 0.2768769243695702, 0.17635852039381208, 0.32007678222247415], [0.4929488162272425, 0.18790443629123485, 0.23234486873596064, 0.08680187874556218], [0.6169060350111559, 0.09785567345830545, 0.07995165327036514, 0.20528663826017332], [0.13465139362496173, 0.4345288099376336, 0.16569724740786518, 0.2651225490295396], [0.1205754712173949, 0.3614823054106006, 0.0981220411030765, 0.41982018226892814], [0.1414060026510822, 0.3773921370152976, 0.27605889332882805, 0.20514296700479212], [0.13517209154261184, 0.19273148224822698, 0.10014043705563376, 0.5719559891535275], [0.3886614699101388, 0.1751094319731299, 0.12461766792820479, 0.3116114301885264], [0.18946765685091915, 0.3015606942103146, 0.23683419645212497, 0.2721374524866413], [0.39385351592421025, 0.0978250382995198, 0.33643210230865445, 0.17188934346761553], [0.13625451801814228, 0.4287626956472216, 0.27782431294271925, 0.1571584733919169], [0.2905188295608927, 0.09566340130548072, 0.06111433214814103, 0.5527034369854855], [0.15649357270481262, 0.11649305539417554, 0.27865185220742733, 0.44836151969358456], [0.11261729847984368, 0.2859730128772798, 0.08118194885586769, 0.520227739787009], [0.19668712415723552, 0.5137714573133042, 0.09333403580619487, 0.1962073827232655], [0.12639148745321108, 0.17823968161905218, 0.4734761339111132, 0.22189269701662362], [0.16664005220377687, 0.3750554403404902, 0.10910236852237551, 0.34920213893335766], [0.31624642720804585, 0.2229505748365292, 0.19907555278270003, 0.2617274451727248], [0.44148782119172664, 0.13479106658885884, 0.16957530509198263, 0.25414580712743184], [0.16650604294030216, 0.5538684572839365, 0.1328206308621509, 0.14680486891361041], [0.3105819249980477, 0.33899395446090297, 0.09439239947440646, 0.2560317210666428], [0.24487053371041403, 0.34819265192262283, 0.26313610757820544, 0.1438007067887577], [0.5215942862175855, 0.12117208843791885, 0.20152304172412552, 0.1557105836203701], [0.10675382783000989, 0.2608664147937297, 0.22399158973773917, 0.4083881676385212], [0.205483245731974, 0.3164609130066021, 0.10047017582362831, 0.3775856654377955], [0.2750506115556345, 0.23655309827186902, 0.11905806519008479, 0.3693382249824118], [0.2395755585923163, 0.1498406394649763, 0.4197269970606033, 0.1908568048821042], [0.2093383039436501, 0.26742062910568176, 0.10472233861304826, 0.4185187283376197], [0.09723269195647802, 0.4126202290931207, 0.344684917969105, 0.14546216098129644], [0.1260426133660275, 0.5070602535670454, 0.17479608683077585, 0.1921010462361513], [0.29113659362332434, 0.19938294552977517, 0.13526737489556256, 0.3742130859513379], [0.19694661339615988, 0.21703181503518815, 0.24161184806727518, 0.34440972350137683], [0.30972505214852525, 0.19260802300879437, 0.1910121695291581, 0.30665475531352226], [0.23947432794366802, 0.30175370582344047, 0.1413769694866133, 0.3173949967462783], [0.12970506982343624, 0.4075968326178019, 0.19101979648339112, 0.2716783010753708], [0.3801481416495665, 0.19907950238041178, 0.11348343580969894, 0.3072889201603229], [0.2732032200202429, 0.20188857344292965, 0.33918937109136915, 0.18571883544545825], [0.17787897753250123, 0.4399195029328251, 0.19350683063328078, 0.1886946889013928], [0.14980062986393858, 0.3957230756193699, 0.13776297838092857, 0.3167133161357629], [0.3938806886482234, 0.19729591631572935, 0.21364915798654505, 0.1951742370495021], [0.40100662481723515, 0.37862189710589655, 0.0813588944616337, 0.13901258361523472], [0.24972128538133156, 0.3154629674015785, 0.3500764533292195, 0.08473929388787035], [0.20990752216191322, 0.2973959849182092, 0.139367122641982, 0.35332937027789574], [0.12665533795601902, 0.16255340399786483, 0.5502649222752223, 0.16052633577089392], [0.08001511739383577, 0.660418622148726, 0.04431197971488249, 0.21525428074255562], [0.13454588017912567, 0.30797533049405545, 0.11429915046288833, 0.4431796388639304], [0.12853816853117628, 0.42163130673382004, 0.29888876590953145, 0.1509417588254721], [0.2569663085075431, 0.07701785612769955, 0.32684678225664643, 0.33916905310811096], [0.07249531984902123, 0.24334222342189116, 0.02897865114764865, 0.655183805581439], [0.10951622480729627, 0.17799006397070816, 0.4274497842337354, 0.2850439269882602], [0.16591460434947472, 0.34881750705357917, 0.13364584474194874, 0.35162204385499735], [0.08084030400463653, 0.2562590352445063, 0.27017233731520174, 0.39272832343565534], [0.11151928002980024, 0.4641720724842946, 0.15540820020316004, 0.2689004472827451], [0.1177448406288078, 0.4728999357608635, 0.2085022447547931, 0.20085297885553555], [0.24866935097026469, 0.16887877006004437, 0.2534106269464017, 0.3290412520232894], [0.29552875553948027, 0.29782291529524985, 0.09914417668111948, 0.30750415248415025], [0.11940241266337917, 0.42795320432673173, 0.12207649357937077, 0.3305678894305183], [0.19324567041316784, 0.3046069374061438, 0.21096682502164005, 0.29118056715904844], [0.16775806906458463, 0.21113710689921486, 0.06756475261948863, 0.5535400714167119], [0.20487614183422584, 0.4175402232269787, 0.18225625671601334, 0.1953273782227822], [0.12900737462263034, 0.415694642668516, 0.2643742106430033, 0.19092377206585023], [0.15311828420261905, 0.43446302966471695, 0.11580800144482256, 0.29661068468784146], [0.16929479405644168, 0.39517977542159566, 0.29220369441857713, 0.14332173610338558], [0.1049757132365695, 0.48048636258675537, 0.2348625057049515, 0.17967541847172352], [0.19946239663746382, 0.34880895365879105, 0.19913487006383274, 0.25259377963991225], [0.047786827988820196, 0.8637018077339444, 0.03465390807356582, 0.0538574562036696], [0.1327427845789852, 0.19045457202849203, 0.1046911529209809, 0.5721114904715419], [0.13640647976547546, 0.40464204394769926, 0.13461848436896307, 0.32433299191786225], [0.06043433292259464, 0.7147757962954494, 0.10180684809212755, 0.12298302268982855], [0.22590792229658702, 0.05624213404772285, 0.5660586765835729, 0.15179126707211743], [0.11030273536402466, 0.2789983896889719, 0.17867992090702658, 0.43201895403997687], [0.25337884230073254, 0.40071355027376354, 0.24882519620011193, 0.09708241122539218], [0.3321534093482165, 0.27356026964267327, 0.20833276141282775, 0.18595355959628254], [0.4687351112142096, 0.16203326591540135, 0.16903883034818054, 0.2001927925222086]]}, "rewritten": {"ids": ["97106591", "97106770", "97109080", "97113260", "97114170", "97116401", "98106560", "98107340", "98107380", "98107410", "98108580", "98112300", "98116090", "98117740", "98119591", "99107630", "99107640", "99108710", "99108890", "99109740", "99110050", "99112641", "99119830", "100108080", "100108490", "100109360", "100109890", "100109980", "100110050", "100111080", "100111620", "100116790", "101108290", "101108500", "101108621", "101108950", "101110150", "101111310", "101111620", "101112201", "101113210", "101117580", "102109840", "102113350", "102116340", "102117351", "102118380", "103109791", "103110100", "103113170", "103113270", "104110960", "104111380", "104111780", "104113000", "104114240", "104114320", "104114740", "104116980", "104118340", "105112100", "105113170", "105116501", "105119550", "106113360", "106113830", "106115120", "106115250", "106119580", "106120640", "107113170", "107113180", "107113200", "107114200", "107115140", "107116300", "107116501", "107119390", "107120260", "107120880", "107121230", "108114360", "108115070", "108115500", "108115870", "108116501", "108118291", "109114030", "109114651", "109116750", "109117110", "109117271", "109117431", "109117600", "109119460", "110114561", "110115120", "110117200", "110118450", "110120190", "110120560", "110120640", "110121140", "110121450", "111115400", "111115770", "111115780", "111116411", "111117000", "111117120", "111118910", "111119300", "111119340", "111119610", "111120260", "111120280", "112116451", "112117571", "112117660", "112117790", "112118421", "112118701", "112118890", "112118930", "112119120", "112119320", "112119500", "112119610", "112120640", "112120990", "112121351", "112121410", "113118231", "113118421", "113119120", "113120070", "113120531", "113120601", "113120640", "113121190", "113121220", "113121680"], "labels": [1, 3, 2, 1, 2, 3, 1, 0, 1, 3, 0, 2, 0, 2, 1, 2, 1, 2, 0, 3, 3, 1, 1, 0, 2, 0, 3, 1, 3, 0, 3, 2, 0, 3, 0, 2, 1, 3, 3, 0, 3, 3, 2, 3, 3, 1, 1, 3, 1, 3, 2, 2, 3, 3, 1, 0, 2, 2, 1, 2, 1, 0, 1, 1, 0, 1, 1, 2, 3, 3, 0, 3, 0, 2, 0, 0, 1, 2, 1, 1, 0, 1, 1, 3, 3, 0, 3, 1, 3, 0, 1, 0, 1, 1, 1, 0, 0, 3, 0, 3, 0, 0, 3, 3, 0, 3, 1, 0, 0, 2, 0, 1, 3, 2, 3, 0, 0, 3, 0, 3, 3, 0, 3, 1, 1, 1, 2, 0, 0, 2, 0, 0, 3, 3, 3, 2, 0, 2, 0, 1, 3, 1], "predicted_labels": [1, 2, 1, 2, 2, 2, 0, 2, 1, 3, 3, 0, 1, 2, 2, 3, 3, 1, 1, 3, 3, 2, 1, 1, 2, 3, 1, 3, 1, 2, 1, 1, 3, 0, 3, 2, 1, 1, 3, 2, 1, 2, 1, 2, 3, 3, 1, 3, 0, 3, 1, 3, 2, 3, 0, 1, 1, 1, 2, 3, 1, 3, 0, 3, 1, 3, 1, 3, 1, 1, 3, 1, 3, 3, 3, 3, 3, 3, 1, 3, 3, 1, 0, 3, 0, 3, 3, 1, 0, 3, 0, 2, 1, 0, 2, 3, 1, 3, 0, 3, 1, 3, 0, 0, 3, 3, 0, 3, 3, 3, 1, 3, 1, 2, 1, 3, 0, 0, 3, 1, 3, 3, 3, 3, 3, 3, 1, 1, 2, 2, 3, 3, 2, 3, 3, 1, 3, 1, 0, 0, 3, 3], "confidence_scores": [[0.21462024277893949, 0.5106196089035298, 0.16729470218641948, 0.10746544613111138], [0.22473688508942705, 0.21867429399741825, 0.4436167659088254, 0.11297205500432929], [0.09962926505125805, 0.44420112090084696, 0.16510577314977307, 0.291063840898122], [0.14175123947759447, 0.21955633493652157, 0.3507499259658606, 0.2879424996200235], [0.2421442672089091, 0.17278892051354716, 0.4308353860333354, 0.15423142624420824], [0.1422514225827404, 0.28738004079626783, 0.4052107223643577, 0.16515781425663414], [0.3425693127078647, 0.23520211135583435, 0.17313752188446457, 0.24909105405183637], [0.11716070340367603, 0.19982150528263173, 0.4018728840907969, 0.28114490722289537], [0.15417964349619012, 0.33792434845585045, 0.27303101848125005, 0.2348649895667095], [0.21620523301202252, 0.10820708133279279, 0.2704148267531924, 0.40517285890199245], [0.2590144725873927, 0.2494336325185428, 0.20482052945046564, 0.2867313654435988], [0.48252004169667584, 0.1625259979557187, 0.17381733634883045, 0.18113662399877506], [0.11717428051208437, 0.3788305205913747, 0.18055686288326395, 0.3234383360132771], [0.12656082867334342, 0.19248491441240628, 0.38545690325814647, 0.2954973536561039], [0.21865234306453812, 0.09902671437662994, 0.4453534176313138, 0.23696752492751813], [0.16158529378196768, 0.3463674399269572, 0.12133380404801382, 0.37071346224306145], [0.12183229818242651, 0.24624933885569564, 0.24963689415480966, 0.38228146880706815], [0.27363782587455415, 0.42530120956209916, 0.1303905990031878, 0.17067036556015888], [0.05961157959479984, 0.7652186438593457, 0.0730583134795909, 0.1021114630662636], [0.1081721855287606, 0.3041196187429159, 0.2716873604158007, 0.31602083531252284], [0.12914025577245197, 0.28070588978421446, 0.2516992662827523, 0.3384545881605812], [0.10301953668646324, 0.15652538870296834, 0.48306157156467155, 0.257393503045897], [0.07305875920370392, 0.37275780546783555, 0.2500275062424514, 0.3041559290860092], [0.20745060942652935, 0.337841547604553, 0.17076322573247607, 0.28394461723644177], [0.25422436661381226, 0.22514366738231714, 0.27826177648815603, 0.24237018951571465], [0.22244603772364174, 0.24095901253201948, 0.2067855079398574, 0.32980944180448135], [0.14955382289427194, 0.44075754741763484, 0.24452253191932397, 0.16516609776876923], [0.2618993039109976, 0.1272031260398989, 0.19107770220909553, 0.419819867840008], [0.14422373274975167, 0.38462527615632636, 0.2944466053638483, 0.17670438573007374], [0.183790732185311, 0.19433536698246123, 0.4931632488771129, 0.12871065195511505], [0.22828190323584335, 0.35665568773501793, 0.14955668408823686, 0.26550572494090197], [0.24065331434152792, 0.29842874445288203, 0.18597012028674142, 0.2749478209188487], [0.07645678280700564, 0.3483920485506534, 0.07729256858028187, 0.4978586000620592], [0.3529483213314096, 0.337686631120863, 0.12956671361888542, 0.17979833392884206], [0.19294207810094915, 0.214479899394399, 0.1965961205381493, 0.3959819019665027], [0.2250869833597302, 0.24096501781219792, 0.2687979545356067, 0.26515004429246525], [0.28421749772089494, 0.34758905883181707, 0.1613255723306496, 0.20686787111663846], [0.20015252750229617, 0.4596352606645086, 0.16902992031694875, 0.1711822915162465], [0.2659725320806007, 0.1946917408143752, 0.2530301187727123, 0.2863056083323119], [0.13584489514712994, 0.3173141331897016, 0.4005876943673683, 0.1462532772958002], [0.05909913018199937, 0.49712964841541335, 0.11901081557229216, 0.32476040583029525], [0.24252040465163974, 0.20511799809380787, 0.3708802524710885, 0.18148134478346398], [0.14648839576117695, 0.4741573424985922, 0.13438573949323718, 0.2449685222469939], [0.0553201476609719, 0.15687367934114774, 0.6456905927305153, 0.14211558026736504], [0.06430730859744427, 0.1739980627107456, 0.08377359018204909, 0.6779210385097608], [0.20782459985094942, 0.23274133007013856, 0.0837182878907557, 0.4757157821881564], [0.2294279223614461, 0.30098643479354414, 0.22767081817113166, 0.24191482467387826], [0.13539752756485926, 0.22799868356622527, 0.1323759688117743, 0.5042278200571413], [0.45722843168149574, 0.1457897627953094, 0.2528417082930789, 0.14414009723011603], [0.19022636762266992, 0.14326054044407804, 0.2755445480160774, 0.3909685439171747], [0.25648353820539216, 0.33971652370898797, 0.18238572445955287, 0.221414213626067], [0.338928149309289, 0.1995640526089101, 0.12245372801461196, 0.33905407006718885], [0.11122958725707598, 0.34390877732041647, 0.4227289512269781, 0.12213268419552951], [0.11909662717245237, 0.25749606095332916, 0.11023404736161513, 0.5131732645126034], [0.3234499888947479, 0.28905431024070294, 0.15105394397309038, 0.23644175689145863], [0.19570861525631425, 0.4504766412943526, 0.17506793232380635, 0.1787468111255269], [0.23415917819264317, 0.3163119630449785, 0.2455702958573074, 0.20395856290507086], [0.17846249936666472, 0.3252910651211052, 0.2993008829226618, 0.19694555258956822], [0.0781550739917434, 0.24694709184662955, 0.4249502238709479, 0.24994761029067916], [0.04605375872019154, 0.16799817444013654, 0.23219254433496067, 0.5537555225047114], [0.17020388979788234, 0.3988328876225515, 0.0687180084390594, 0.36224521414050703], [0.14675380965033422, 0.20394179166019644, 0.0582842156960579, 0.5910201829934114], [0.30708477902643644, 0.20462804510518778, 0.23533470783042548, 0.25295246803795035], [0.1639583994333207, 0.15379229761733637, 0.10159939647516962, 0.5806499064741734], [0.1753308727861707, 0.44571300782986495, 0.23260825823056291, 0.14634786115340123], [0.2733105878543388, 0.12866435274869767, 0.15246044400088035, 0.4455646153960831], [0.24463973408499404, 0.4735701051767592, 0.0949734260600402, 0.1868167346782067], [0.09635385122600883, 0.36685310489855655, 0.13570652578021158, 0.4010865180952232], [0.27308072039334685, 0.3057683825454675, 0.27846869888264303, 0.14268219817854272], [0.1921541392153259, 0.4763276618812489, 0.08767855693530573, 0.24383964196811958], [0.242073558273602, 0.15217275334742822, 0.2835837469589817, 0.3221699414199881], [0.14172722237658528, 0.4260086663167357, 0.24207207385339052, 0.1901920374532886], [0.32476569252556653, 0.20243473487006045, 0.13676144133946264, 0.3360381312649105], [0.1897552935577403, 0.2706371941877111, 0.11977020170347413, 0.41983731055107454], [0.27814942067342013, 0.20133723425283614, 0.17623605064534198, 0.3442772944284019], [0.1971622320559769, 0.26668249759012946, 0.123511827107171, 0.41264344324672264], [0.16427286107075237, 0.3281561497994693, 0.10779399258667043, 0.399776996543108], [0.28479267240082273, 0.10529430255598328, 0.2380857217229454, 0.3718273033202486], [0.21852756777404367, 0.34091987357879516, 0.2741258522968812, 0.16642670635027992], [0.13600068853788627, 0.09422559442538508, 0.14287684501933462, 0.6268968720173941], [0.08895675113233267, 0.2114069460019159, 0.1176810473991606, 0.5819552554665909], [0.17486954286785136, 0.3306816312194306, 0.21907338806174154, 0.2753754378509766], [0.40702194899321514, 0.2357310513970753, 0.22527536834394457, 0.13197163126576492], [0.1536998962615405, 0.2713435562891725, 0.131056417647854, 0.443900129801433], [0.5057158116024275, 0.16420692592093478, 0.13121848735078043, 0.19885877512585737], [0.11282920011275027, 0.28019353313246453, 0.2030101221109997, 0.4039671446437856], [0.11122257170559843, 0.2587475696712825, 0.08940584049584611, 0.540624018127273], [0.20851890264074227, 0.35328798532629135, 0.2366110135385101, 0.20158209849445655], [0.30892738074666387, 0.12519231986871637, 0.28762303056075395, 0.2782572688238657], [0.2549832949617977, 0.22425962187250595, 0.180944195028557, 0.33981288813713934], [0.3838826165723846, 0.23253054796623282, 0.09817543770800298, 0.2854113977533794], [0.1242504364446861, 0.07682484584763852, 0.45476389667466743, 0.344160821033008], [0.16417636815767808, 0.4439900663598082, 0.2203425039250317, 0.17149106155748206], [0.31150505446626775, 0.17349787311103024, 0.24278285040453296, 0.2722142220181691], [0.126779605535972, 0.2317514499864394, 0.3737654324052369, 0.2677035120723517], [0.17055376582617734, 0.10225898797372616, 0.34975969771211024, 0.3774275484879864], [0.12637834628656078, 0.5061866918120833, 0.11940005893610788, 0.24803490296524808], [0.10677772842435246, 0.20074093276853752, 0.14307089324421457, 0.5494104455628954], [0.4496351771172246, 0.21133501826850357, 0.18602467492896566, 0.1530051296853061], [0.2230422493303278, 0.28976137520595596, 0.12710152858531945, 0.3600948468783969], [0.18046254119575286, 0.41951349003927724, 0.10055664247910415, 0.29946732628586586], [0.2512129153045833, 0.22047420581800845, 0.17632031870026763, 0.35199256017714065], [0.40231895162267617, 0.23622549359778874, 0.18478364745669562, 0.17667190732283952], [0.3831650930157533, 0.23660912086783958, 0.16717038513309856, 0.21305540098330844], [0.16803259428571204, 0.25615573693648364, 0.16525132032853249, 0.4105603484492718], [0.16821713611062544, 0.20542072386849494, 0.25158242987088647, 0.3747797101499931], [0.31107455861797323, 0.19635582376939661, 0.3043705981872609, 0.1881990194253692], [0.2889212031780595, 0.14385697759582325, 0.13146049840743623, 0.435761320818681], [0.09588371932407608, 0.26302135353139494, 0.08178506308630122, 0.5593098640582277], [0.12259254254778851, 0.11582248113860684, 0.09038031608658789, 0.6712046602270169], [0.1561010619575784, 0.4581134677324474, 0.21666680137780936, 0.169118668932165], [0.0964081498938544, 0.13851633813878397, 0.2222362633364624, 0.5428392486308992], [0.31169908547213176, 0.4159900540889022, 0.07339880307459967, 0.19891205736436637], [0.09118073965912732, 0.35116582458612333, 0.37810925438339127, 0.179544181371358], [0.1759674597025139, 0.327195317738808, 0.28409567481347575, 0.2127415477452023], [0.24121856227515354, 0.16846197768056745, 0.07094872790050122, 0.5193707321437778], [0.3197148393097126, 0.1885401562713471, 0.21612485035521853, 0.27562015406372187], [0.43243079708851645, 0.15057056160553756, 0.22533235733650217, 0.19166628396944377], [0.1200912634712947, 0.27377949681350267, 0.2824371205009771, 0.3236921192142257], [0.13264069941215798, 0.40665762933607613, 0.062429280683367755, 0.3982723905683981], [0.08100656028906968, 0.05926709874526174, 0.14732279174018909, 0.7124035492254795], [0.0848516483462411, 0.08692512774478511, 0.08241047040514023, 0.7458127535038335], [0.10346725024438945, 0.10580405357015188, 0.17950319035512313, 0.6112255058303355], [0.17089527880571762, 0.18884594799612217, 0.06397540493478739, 0.5762833682633728], [0.22921072108738758, 0.13002792748675668, 0.22134320168796426, 0.41941814973789154], [0.10496046312896129, 0.20150376521530133, 0.14179976770414046, 0.5517360039515969], [0.2390077817762599, 0.3927167125019258, 0.15612506381875227, 0.2121504419030619], [0.20167564624229006, 0.384676401626647, 0.20796532051994035, 0.20568263161112268], [0.22178650793531343, 0.2266517862720636, 0.33399773177857567, 0.21756397401404742], [0.13149495941097467, 0.30658377782656954, 0.43236139508073834, 0.1295598676817174], [0.1761163886866944, 0.1509027054959273, 0.08896081222152981, 0.5840200935958486], [0.328401575061835, 0.16436289546416552, 0.1325901048555941, 0.3746454246184054], [0.1727503912386438, 0.09013383480945412, 0.39700962247375193, 0.3401061514781501], [0.15160510569347552, 0.09454347206863613, 0.10314735562793569, 0.6507040666099527], [0.04894298031485838, 0.1106591494259831, 0.05382511164087802, 0.7865727586182805], [0.24448737569537912, 0.4482756562440388, 0.19788102933034607, 0.10935593873023595], [0.30953469513894133, 0.2338349405170711, 0.11847855727700303, 0.33815180706698444], [0.24135528641090803, 0.47151072327445803, 0.10572044021680067, 0.18141355009783325], [0.6320222762574874, 0.07425113489149998, 0.1277065282701755, 0.16602006058083726], [0.4253699233670667, 0.20115213145877078, 0.22348104370737512, 0.1499969014667876], [0.1949738738275071, 0.3176999981363359, 0.15483347431391573, 0.3324926537222412], [0.16603677859654817, 0.29564504059203517, 0.1465202506288849, 0.3917979301825318]]}}