{"test": {"ids": ["111116100", "103109791", "97105960", "107113180", "99120010", "100120010", "106116120", "105110251", "111114121", "110116290", "112121351", "112116880", "110114321", "97107040", "100113370", "110121450", "98111231", "107113840", "106120290", "107118120", "110120540", "112118511", "99109141", "100109360", "105113170", "99109840", "104117200", "98108580", "109115211", "106116820", "104111780", "100107920", "98111860", "109120560", "98112580", "105116090", "113120830", "102112170", "113117630", "108116481", "112118620", "111117000", "103110760", "112118810", "112119950", "97106770", "99111340", "110121170", "104111830", "113120070", "99107950", "101113210", "106114280", "100120780", "113120260", "110119891", "110115140", "100115700", "99109860", "105116501", "109115070", "97109080", "108116501", "105116980", "101108621", "100108520", "105113480", "112121010", "97105451", "106113170", "103120290", "112117580", "106112770", "101117580", "108118810", "101111140", "105115380", "101110740", "113122180", "108118520", "100109910", "105113190", "103113210", "112118820", "111120220", "107114140", "103112641", "102107961", "109119010", "101115190", "100109980", "103111990", "101121640", "100112060", "112119930", "112117461", "98106880", "110118810", "102110750", "111117480", "101109370", "109114220", "112118701", "97112830", "110113931", "110118740", "109119591", "112118421", "104114230", "99107300", "98107380", "110118930", "99112840", "108118291", "107119390", "105113440", "111115620", "109114720", "99111440", "104112201", "104113190", "100111080", "100110260", "108114670", "110120190", "112116640", "105115900", "113122650", "109117150", "102112030", "112118550", "112119450", "110114950", "109116810", "100109000", "100109801", "107113200", "99107660", "109120621", "108116120", "113119700", "103118291"], "labels": [3, 3, 2, 3, 2, 0, 1, 0, 0, 2, 0, 0, 1, 2, 3, 3, 1, 3, 2, 3, 1, 1, 3, 0, 0, 2, 3, 0, 0, 1, 3, 0, 0, 1, 2, 1, 3, 3, 0, 0, 3, 0, 1, 3, 0, 3, 1, 2, 3, 2, 1, 3, 3, 1, 3, 3, 0, 1, 2, 1, 0, 2, 0, 0, 0, 2, 0, 2, 0, 0, 2, 0, 1, 3, 1, 2, 1, 3, 2, 0, 2, 3, 3, 0, 3, 2, 3, 3, 3, 1, 1, 2, 2, 2, 1, 0, 0, 1, 1, 1, 1, 3, 0, 2, 1, 3, 0, 3, 2, 3, 1, 1, 2, 3, 2, 0, 1, 0, 3, 0, 3, 0, 3, 3, 3, 0, 3, 2, 2, 2, 3, 3, 0, 3, 1, 0, 0, 3, 1, 1, 0, 0], "predicted_labels": [1, 3, 3, 1, 1, 1, 1, 1, 1, 3, 3, 1, 1, 3, 1, 1, 0, 1, 1, 1, 1, 1, 1, 3, 3, 3, 1, 1, 3, 1, 1, 3, 1, 1, 1, 3, 1, 0, 3, 0, 3, 1, 1, 3, 3, 0, 3, 3, 3, 1, 1, 1, 3, 3, 3, 3, 3, 3, 1, 1, 1, 3, 3, 1, 3, 0, 1, 1, 0, 1, 2, 3, 1, 0, 3, 3, 1, 1, 3, 1, 2, 0, 1, 1, 1, 1, 1, 1, 3, 1, 3, 1, 1, 1, 1, 3, 3, 1, 1, 1, 1, 3, 1, 3, 1, 3, 1, 3, 1, 3, 3, 1, 1, 0, 1, 1, 3, 3, 3, 3, 1, 1, 0, 1, 3, 3, 1, 1, 1, 1, 3, 3, 0, 1, 1, 1, 1, 0, 3, 3, 1, 0], "confidence_scores": [[0.2683563404431826, 0.30287732238521714, 0.1739346153846155, 0.254831721786985], [0.2631038017538018, 0.2432644605394606, 0.22504303751803753, 0.26858870018870035], [0.20959631479631485, 0.24776363636363644, 0.23083936618936624, 0.31180068265068256], [0.2423821733821735, 0.30977751137751125, 0.2013749361749363, 0.24646537906537924], [0.2441360694860695, 0.2852224941724942, 0.2189829670329671, 0.25165846930846936], [0.2239332611832614, 0.31740153735153753, 0.2192523143523145, 0.23941288711288716], [0.24693424353424379, 0.3080523865023865, 0.16003725163725174, 0.28497611832611847], [0.2573409812409813, 0.28652664557664564, 0.18797685092685104, 0.26815552225552236], [0.254484965034965, 0.33607722277722285, 0.15331187146187153, 0.25612594072594075], [0.23269454989455002, 0.25934390054390066, 0.23053383838383845, 0.27742771117771137], [0.2755157758907761, 0.25008880563880576, 0.16978673271173272, 0.3046086857586857], [0.1826324675324676, 0.3573061605061606, 0.20264633144633146, 0.2574150405150406], [0.24372599622599633, 0.31321043401043414, 0.23068632478632492, 0.21237724497724503], [0.20228910533910546, 0.2586388666888669, 0.23866390276390298, 0.30040812520812515], [0.20982632367632373, 0.3105930846930846, 0.17942546897546907, 0.3001551226551228], [0.26386611721611725, 0.31498357753357764, 0.16814744144744156, 0.2530028638028638], [0.29384575424575415, 0.2686156399156399, 0.15458025308025308, 0.28295835275835274], [0.22254810189810192, 0.33480858585858586, 0.1782487734487734, 0.26439453879453867], [0.20416883116883122, 0.3046963425463427, 0.21515005550005573, 0.27598477078477096], [0.21069905649905651, 0.35267839937839923, 0.1653408036408037, 0.2712817404817406], [0.20908121878121888, 0.35950738150738143, 0.1968975912975914, 0.23451380841380842], [0.2007462676212677, 0.29886162171162167, 0.2098542429792429, 0.2905378676878678], [0.26177572427572443, 0.3040896991896991, 0.1786227328227329, 0.2555118437118438], [0.24344054834054837, 0.25573316683316694, 0.21221603951603965, 0.2886102453102455], [0.2249758463758465, 0.2825374292374292, 0.15877693221810876, 0.33370979216861557], [0.18038463203463204, 0.29055704295704315, 0.23798858363858377, 0.29106974136974156], [0.18462977022977037, 0.3284715784215783, 0.19596149406149413, 0.29093715728715747], [0.22619758574758592, 0.2840936635260166, 0.23479518096282798, 0.2549135697635698], [0.20826786546786555, 0.25746026751026757, 0.1851444721944723, 0.3491273948273949], [0.2070492063492064, 0.3115698135198134, 0.18189953379953389, 0.29948144633144635], [0.22944811854811878, 0.3284973026973028, 0.20140861915861924, 0.24064595959595966], [0.2257553696303697, 0.2521809690309689, 0.20875621600621608, 0.3133074453324456], [0.19859191919191932, 0.29597448662448655, 0.25480808080808093, 0.2506255133755135], [0.20966516816516828, 0.295705427905428, 0.24454336219336223, 0.2500860417360417], [0.2090141081141083, 0.30443584911820204, 0.1989337218337219, 0.28761632093396816], [0.2525076146076147, 0.2469695360195361, 0.22008347763347771, 0.28043937173937183], [0.22224371184371194, 0.30960057720057726, 0.199565911865912, 0.26858979908979924], [0.35128219558219553, 0.23377616272616278, 0.18477367632367647, 0.23016796536796547], [0.16892036852036857, 0.2973446442446443, 0.2030104451104452, 0.3307245421245423], [0.31447561327561346, 0.2436970057720058, 0.15429817404817409, 0.2875292069042069], [0.22787265512265517, 0.29105236430236414, 0.14558063603063606, 0.3354943445443447], [0.21381756021756038, 0.30175150405150414, 0.20014770784770797, 0.2842832278832282], [0.2850023698523699, 0.2932804084804086, 0.1749408710570475, 0.2467763506101743], [0.19575173715173727, 0.29554012099012106, 0.16772340992341006, 0.34098473193473217], [0.29750493950493945, 0.2518454767454769, 0.13979331224331218, 0.31085627150627143], [0.28777135642135665, 0.2584107725607727, 0.23650569985569989, 0.21731217116217114], [0.24902749472749483, 0.2482514097014099, 0.23252622377622384, 0.2701948717948719], [0.20426659647542006, 0.27887835301952946, 0.19129009324009325, 0.32556495726495704], [0.21141042291042303, 0.2857382339882339, 0.20794119214119228, 0.29491015096015094], [0.17366282802165167, 0.3079207217618982, 0.23238816738816748, 0.2860282828282828], [0.17967141747141754, 0.30841399156399146, 0.27320586080586096, 0.2387087301587303], [0.20088928293928301, 0.3468570263070261, 0.1931438783438785, 0.2591098124098125], [0.21414081474081478, 0.3158557276057277, 0.13664392274392284, 0.33335953490953496], [0.19913088023088021, 0.27938080808080823, 0.20355059940059947, 0.31793771228771234], [0.22595149295149294, 0.2760578088578089, 0.2103216394716396, 0.28766905871905857], [0.2109681457431459, 0.29143150738150747, 0.182135101010101, 0.31546524586524594], [0.2324963730713732, 0.2604136363636365, 0.199028490953491, 0.30806149961149953], [0.24878154900654914, 0.25607915140415155, 0.21392290487290494, 0.2812163947163947], [0.23960193140193148, 0.3142211621711621, 0.21571238761238778, 0.2304645188145189], [0.24685375180375185, 0.30311531071267894, 0.17164665334665344, 0.27838428413691585], [0.18787802197802203, 0.4165436063936064, 0.17862770562770566, 0.21695066600066615], [0.21189186924186934, 0.29272210567210577, 0.19928616938616947, 0.29609985569985586], [0.24072363747363756, 0.2825375790875791, 0.18667602593484947, 0.29006275750393395], [0.29650839438339444, 0.3037343573093572, 0.1572396325896327, 0.24251761571761585], [0.24089119214119215, 0.27771474081474096, 0.19305745365745364, 0.2883366133866135], [0.32831685536685534, 0.20839198187433486, 0.2089010528687001, 0.25439010989011], [0.20935702075702084, 0.30228361083361066, 0.20431050616050628, 0.28404886224886233], [0.22582044622044634, 0.31378611943611945, 0.16084545454545454, 0.29954797979797987], [0.3024425241425241, 0.254682006882007, 0.16374162226662226, 0.27913384670884667], [0.2316194472194474, 0.32936316738816734, 0.153300432900433, 0.2857169524919525], [0.21422062382062396, 0.2602412698412699, 0.26892306027306034, 0.2566150460650461], [0.1911752081252082, 0.2850165945165947, 0.21583818958818968, 0.3079700077700079], [0.2417491341991343, 0.2843395021645022, 0.2272660450660452, 0.24664531857031863], [0.29791409146409153, 0.27268157953157957, 0.16507109557109562, 0.26433323343323345], [0.23526515151515165, 0.31464403374403377, 0.13241173271173276, 0.3176790820290821], [0.265748656898657, 0.2517588689088689, 0.20981794316794322, 0.2726745310245311], [0.22466304806304813, 0.3071978410478408, 0.21183751248751262, 0.25630159840159844], [0.17904474414474414, 0.35378271728271715, 0.19579689754689758, 0.271375641025641], [0.21286233766233773, 0.2768629814629815, 0.15599855699855697, 0.3542761238761239], [0.241981082806083, 0.29434975024975035, 0.21947390942390946, 0.24419525752025756], [0.21147575757575768, 0.23936820401820397, 0.32898094405594414, 0.2201750943500945], [0.33593073038073024, 0.21498867243867245, 0.1908694563606329, 0.2582111408199644], [0.2240577200577202, 0.2979189180100947, 0.22277995337995338, 0.25524340855223226], [0.24687417190652514, 0.3104494988671459, 0.1747974564651036, 0.26787887276122585], [0.22585124875124893, 0.3319024531024531, 0.1606742146742147, 0.28157208347208357], [0.24004206349206358, 0.29339732489732495, 0.18441480186480197, 0.28214580974580966], [0.2069115939615941, 0.30167118992118985, 0.21026927794427797, 0.28114793817293826], [0.2816709956709957, 0.28886986346986343, 0.18022665112665126, 0.2492324897324898], [0.16757632367632372, 0.27989497169497174, 0.22532410922410934, 0.32720459540459546], [0.16744662559662565, 0.3272576867576869, 0.229232128982129, 0.27606355866355886], [0.2410162837162838, 0.2770824397824398, 0.19045993450993465, 0.29144134199134203], [0.25026374736374757, 0.3186010878010877, 0.17950074370074381, 0.2516344211344211], [0.20921721056721065, 0.29602869352869354, 0.1994723387723388, 0.2952817571317572], [0.24682716368598726, 0.29885321149438804, 0.18580674325674335, 0.2685128815628816], [0.17439903429903433, 0.32143578643578646, 0.19699825174825186, 0.3071669275169276], [0.23192760251444486, 0.27131689392478875, 0.1496288211788213, 0.3471266823819454], [0.19218392163392164, 0.2969581862581864, 0.2130798756798758, 0.2977780164280165], [0.26589867354867364, 0.276599322899323, 0.18820222000222006, 0.2692997835497836], [0.19124959762459764, 0.3621081307581306, 0.22547834387834387, 0.2211639277389278], [0.20414391719391728, 0.3388624098124097, 0.16148233433233433, 0.2955113386613388], [0.26137402597402604, 0.29409915639915657, 0.20267501387501408, 0.24185180375180387], [0.2594871517371518, 0.2670978132978133, 0.20477949272949283, 0.2686355422355421], [0.22577577422577427, 0.3148390415140416, 0.18885657398157393, 0.27052861027861036], [0.2556456876456876, 0.2673005272505273, 0.19954063714063716, 0.2775131479631481], [0.2169856754356754, 0.3270651884063649, 0.16638659673659678, 0.289562539421363], [0.2946799811299812, 0.2311766844266845, 0.17279788544788535, 0.3013454489954491], [0.20970612165612168, 0.3448113608613608, 0.20186687201687212, 0.2436156454656455], [0.26111430791430806, 0.2898284715284714, 0.14606800421800428, 0.30298921633921644], [0.21652677224736058, 0.29834415160003397, 0.22635819735819754, 0.2587708787944081], [0.22751573426573438, 0.27465973470973465, 0.17918830613830616, 0.3186362248862248], [0.24387507492507512, 0.2750771839271839, 0.19418393828393835, 0.28686380286380286], [0.18894709734709753, 0.3584286713286713, 0.18883383283383293, 0.26379039849039854], [0.23270643245643252, 0.32186106948606974, 0.1875901515151515, 0.25784234654234667], [0.3382302586302587, 0.22946021756021762, 0.15404855699855702, 0.27826096681096685], [0.2399479908979911, 0.2628089688089689, 0.23768670218670224, 0.25955633810633816], [0.24183750693750697, 0.2865051820728291, 0.19633572701807986, 0.275321583971584], [0.2516145021645024, 0.29218825618825633, 0.16306032856032865, 0.29313691308691325], [0.18787797757797764, 0.2940891885891886, 0.19291306471306477, 0.3251197691197692], [0.19000158175158172, 0.2795125541125541, 0.23809416139416145, 0.29239170274170284], [0.2885426645250176, 0.2579982572982573, 0.16417178213942926, 0.289287296037296], [0.22516216283716292, 0.3294194039620511, 0.1657959706959708, 0.2796224625048155], [0.2520135864135864, 0.2948702380952382, 0.20372947885447898, 0.24938669663669663], [0.3175263514263515, 0.24643483738483749, 0.16664007299889666, 0.26939873818991467], [0.2132057054057054, 0.301033904983905, 0.19191316738816744, 0.2938472222222222], [0.21862668997669013, 0.30423686036186043, 0.1726257492507494, 0.30451070041070044], [0.21793717948717947, 0.30012762237762247, 0.18104857919857928, 0.30088661893661905], [0.2210652847152849, 0.29387777777777774, 0.21262446442446442, 0.272432473082473], [0.189716516816517, 0.33725542235542233, 0.1799923465423466, 0.29303571428571434], [0.26131879786879797, 0.3402173382173383, 0.18854149739149745, 0.20992236652236662], [0.20914624819624833, 0.3067620934620935, 0.20137520812520818, 0.2827164502164502], [0.21986514041514044, 0.31534891219891215, 0.1345922743922745, 0.33019367299367297], [0.2181017982017982, 0.2611695027195026, 0.17227069042069057, 0.34845800865800886], [0.28182340437340436, 0.2788943722943724, 0.1615273448773448, 0.2777548784548785], [0.2562903789021437, 0.3387033082930141, 0.15537979683714978, 0.24962651596769247], [0.23541178821178832, 0.27365997890997895, 0.21740262515262518, 0.27352560772560786], [0.22642895437895447, 0.30357224997224996, 0.19274271839271848, 0.27725607725607726], [0.25945313297813305, 0.283740207015207, 0.18185267510267517, 0.274953984903985], [0.2953169635919638, 0.2447643217893219, 0.21107200577200594, 0.24884670884670898], [0.21863048618048622, 0.2956976412476413, 0.18015463425463432, 0.3055172383172385], [0.2993904484404485, 0.229115750915751, 0.15617945942945952, 0.3153143412143412], [0.17501388056388062, 0.37886028971028984, 0.2104531968031969, 0.23567263292263305], [0.26696308691308696, 0.2594989177489179, 0.21496706071706087, 0.25857093462093467]]}, "rewritten": {"ids": ["97105451", "97105960", "97106770", "97107040", "97109080", "97112830", "98106880", "98107380", "98108580", "98111231", "98111860", "98112580", "99107300", "99107660", "99107950", "99109141", "99109840", "99109860", "99111340", "99111440", "99112840", "99120010", "100107920", "100108520", "100109000", "100109360", "100109801", "100109910", "100109980", "100110260", "100111080", "100112060", "100113370", "100115700", "100120010", "100120780", "101108621", "101109370", "101110740", "101111140", "101113210", "101115190", "101117580", "101121640", "102107961", "102110750", "102112030", "102112170", "103109791", "103110760", "103111990", "103112641", "103113210", "103118291", "103120290", "104111780", "104111830", "104112201", "104113190", "104114230", "104117200", "105110251", "105113170", "105113190", "105113440", "105113480", "105115380", "105115900", "105116090", "105116501", "105116980", "106112770", "106113170", "106114280", "106116120", "106116820", "106120290", "107113180", "107113200", "107113840", "107114140", "107118120", "107119390", "108114670", "108116120", "108116481", "108116501", "108118291", "108118520", "108118810", "109114220", "109114720", "109115070", "109115211", "109116810", "109117150", "109119010", "109119591", "109120560", "109120621", "110113931", "110114321", "110114950", "110115140", "110116290", "110118740", "110118810", "110118930", "110119891", "110120190", "110120540", "110121170", "110121450", "111114121", "111115620", "111116100", "111117000", "111117480", "111120220", "112116640", "112116880", "112117461", "112117580", "112118421", "112118511", "112118550", "112118620", "112118701", "112118810", "112118820", "112119450", "112119930", "112119950", "112121010", "112121351", "113117630", "113119700", "113120070", "113120260", "113120830", "113122180", "113122650"], "labels": [0, 2, 3, 2, 2, 2, 0, 1, 0, 1, 0, 2, 3, 3, 1, 3, 2, 2, 1, 3, 2, 2, 0, 2, 1, 0, 0, 2, 1, 3, 0, 2, 3, 1, 0, 1, 0, 1, 3, 2, 3, 1, 3, 2, 3, 1, 2, 3, 3, 1, 2, 3, 3, 0, 2, 3, 3, 0, 3, 2, 3, 0, 0, 3, 0, 0, 1, 3, 1, 1, 0, 1, 0, 3, 1, 1, 2, 3, 0, 3, 2, 3, 2, 3, 1, 0, 0, 3, 0, 1, 3, 0, 0, 0, 3, 2, 3, 0, 1, 1, 1, 1, 0, 0, 2, 3, 1, 1, 3, 3, 1, 2, 3, 0, 1, 3, 0, 1, 3, 0, 0, 0, 0, 3, 1, 3, 3, 0, 3, 0, 3, 1, 0, 2, 0, 0, 0, 2, 3, 3, 2, 2], "predicted_labels": [0, 3, 0, 1, 1, 1, 1, 1, 1, 3, 1, 1, 3, 1, 1, 1, 3, 1, 1, 3, 1, 1, 3, 0, 1, 3, 1, 2, 0, 0, 1, 1, 1, 3, 1, 3, 3, 1, 1, 0, 1, 1, 0, 1, 1, 1, 1, 0, 1, 1, 1, 1, 1, 0, 1, 1, 3, 3, 1, 1, 3, 1, 3, 0, 1, 1, 1, 0, 0, 3, 1, 1, 1, 3, 3, 1, 1, 1, 1, 1, 1, 1, 1, 1, 3, 0, 3, 3, 1, 3, 0, 3, 1, 3, 1, 1, 3, 1, 1, 1, 1, 1, 1, 1, 1, 0, 3, 1, 3, 1, 1, 1, 1, 1, 3, 0, 1, 1, 1, 3, 1, 3, 1, 3, 3, 1, 3, 1, 3, 3, 3, 1, 3, 1, 3, 3, 1, 1, 3, 1, 3, 3], "confidence_scores": [[0.29158116883116897, 0.28708499278499305, 0.14394663669663663, 0.27738720168720166], [0.22514152236652243, 0.25178073593073597, 0.230330158730159, 0.2927475829725831], [0.3164492618492618, 0.2477541208791209, 0.19541451603951607, 0.24038210123210135], [0.1809545954045955, 0.2992803085803086, 0.23098300588300597, 0.28878209013209], [0.22958245643245656, 0.32641989121989123, 0.18331504051504055, 0.260682611832612], [0.2711556499056501, 0.29290636585636604, 0.18593297258297262, 0.2500050116550117], [0.1934721861471862, 0.29531652236652256, 0.23122709235209254, 0.27998419913419925], [0.23649417249417262, 0.27582447552447553, 0.21612757797757812, 0.27155377400377395], [0.2402583416583418, 0.28206148459383756, 0.22570650297415001, 0.25197367077367094], [0.26267207792207786, 0.2867772671772672, 0.16272990342990337, 0.28782075147075153], [0.1971953546453547, 0.2730156121656122, 0.2680972138972139, 0.2616918192918193], [0.1826193167943168, 0.3279024087024086, 0.2114438200688201, 0.2780344544344546], [0.2533636696636698, 0.27721052281052283, 0.17529424464424462, 0.2941315628815627], [0.2587094072594075, 0.2766162337662339, 0.19356926406926409, 0.2711050949050949], [0.15480730380730387, 0.3042778055278057, 0.29774116439116427, 0.24317372627372635], [0.2947138583638585, 0.30276406371406384, 0.16719277389277398, 0.2353293040293041], [0.16722681207681211, 0.29095101010101027, 0.25052365967365975, 0.29129851814851826], [0.23821709401709412, 0.31220714285714285, 0.20795795315795335, 0.24161780996781007], [0.21991970251970264, 0.3023243672993674, 0.2545121295371297, 0.2232438006438007], [0.20718860028860056, 0.28524222999223003, 0.18749893994893993, 0.32007022977022975], [0.23917369297369315, 0.3321844100344101, 0.18108538128538126, 0.2475565157065157], [0.26846963036963056, 0.3071894716394718, 0.2191385281385282, 0.20520236985236998], [0.21956804584304587, 0.28140830280830287, 0.21700082140082141, 0.2820228299478301], [0.27696457431457444, 0.24428600288600305, 0.20938971028971023, 0.26935971250971263], [0.25689814629814645, 0.28101310356310355, 0.23136486291486305, 0.23072388722388731], [0.24356012125129783, 0.25491572512454863, 0.2233955322455322, 0.27812862137862154], [0.2594604395604397, 0.29658285048285044, 0.15793786213786218, 0.28601884781884784], [0.28101053391053393, 0.22688225108225113, 0.28189411976911993, 0.2102130952380953], [0.30695156510156496, 0.2567670496170497, 0.18623682428682425, 0.250044560994561], [0.3229436563436563, 0.2299832056832058, 0.15390322651205013, 0.29316991146108795], [0.23348258963258978, 0.3103990981240981, 0.1953370712620714, 0.260781240981241], [0.24269350649350657, 0.281494538794539, 0.20591255966255984, 0.26989939504939514], [0.2191641081141083, 0.29037912365412366, 0.22178183205683213, 0.2686749361749362], [0.23193864746364762, 0.2560871517371519, 0.21634094516594524, 0.2956332556332556], [0.18695788100788113, 0.33981767676767655, 0.17720401820401832, 0.2960204240204241], [0.18367316017316024, 0.2994317959817961, 0.203645670995671, 0.31324937284937293], [0.24458412698412707, 0.26071782106782126, 0.17565396825396828, 0.31904408369408366], [0.21698121323121325, 0.30193972693972687, 0.20915807525807537, 0.27192098457098474], [0.22857138972138977, 0.3469835608835609, 0.17444080919080934, 0.2500042402042403], [0.28162279942279944, 0.2796899711399711, 0.17033954378954377, 0.26834768564768574], [0.2048271894771895, 0.3759171939171937, 0.171865750915751, 0.2473898656898658], [0.17655266955266957, 0.3474805194805197, 0.2287015595515596, 0.24726525141525163], [0.3216516095016096, 0.25469290154290164, 0.14621243756243765, 0.2774430513930515], [0.22392820512820527, 0.30199778554778567, 0.17284094794094806, 0.30123306138306155], [0.26710082140082153, 0.3058850205350204, 0.15437511932511944, 0.27263903873903883], [0.1956497807747808, 0.372684280751928, 0.23437871572871585, 0.19728722274457572], [0.1895912476412478, 0.3351297702297702, 0.223680280830281, 0.2515987012987013], [0.34779054834054834, 0.21013402708402723, 0.19516234321234333, 0.24691308136308152], [0.24922231657231672, 0.27239559884559905, 0.23325115995116, 0.24513092463092476], [0.2610170718170719, 0.32013300588300597, 0.16636663140780786, 0.2524832908921146], [0.2545080586080587, 0.28871726720991425, 0.18193194860694867, 0.27484272557507855], [0.2515375901875903, 0.2916929847929849, 0.1738678932178933, 0.2829015318015319], [0.2666902097902099, 0.30528517316017306, 0.17760122932622938, 0.25042338772338785], [0.2764521478521479, 0.2753884143634145, 0.2053759240759242, 0.24278351370851375], [0.1830022291434057, 0.2877822474910712, 0.27278270063270066, 0.2564328227328228], [0.22079484959484974, 0.31630412920412915, 0.16735322455322466, 0.2955477966477967], [0.2450899156399158, 0.26525367965367985, 0.19354705849705853, 0.2961093462093463], [0.28061381951381975, 0.2565949383949384, 0.16424302919302927, 0.2985482128982129], [0.2676054168054169, 0.3001942319118789, 0.22265592740592755, 0.2095444238767769], [0.1872785880785881, 0.3461692030192031, 0.22338010878010878, 0.24317210012210022], [0.21591290931290938, 0.25152181152181163, 0.2022694971694973, 0.33029578199578224], [0.21556870906870912, 0.33226318681318684, 0.18020464535464545, 0.27196345876345873], [0.22010828060828064, 0.2536850260850261, 0.14721468531468535, 0.37899200799200783], [0.29843903318903314, 0.2572201659451661, 0.1546573010323011, 0.28968349983349995], [0.22800137085137095, 0.2965597624597625, 0.18791676656676665, 0.2875221001221002], [0.2429694305694305, 0.2935173049173048, 0.1737737817737819, 0.2897394827394828], [0.23128080612198268, 0.30366122243769317, 0.20448622651857962, 0.260571744921745], [0.2848467235379, 0.25455658263305325, 0.19509048892284192, 0.2655062049062049], [0.2805440059940063, 0.2782394383394384, 0.21175541125541136, 0.22946114441114465], [0.2500322677322677, 0.29682711557448405, 0.1444571428571429, 0.30868347383610545], [0.28002851315351324, 0.30714003496503506, 0.14866741036741038, 0.2641640415140416], [0.2320618992118992, 0.3165018842268842, 0.23410421522921535, 0.21733200133200137], [0.27720883560883547, 0.31015902708402715, 0.16299032993150647, 0.249641807375631], [0.23402316017316024, 0.2545104728604729, 0.14778573093573097, 0.3636806360306361], [0.24080495615495634, 0.2810826118326119, 0.18858706293706293, 0.2895253690753691], [0.23951960816960827, 0.29808991563991555, 0.19731450216450225, 0.2650759740259742], [0.21965846375846387, 0.3263055111555112, 0.18117326562326574, 0.27286275946275956], [0.255867143967144, 0.31956330336330346, 0.21052445332445346, 0.21404509934509947], [0.22898726551226561, 0.34779618992118994, 0.17785873015873024, 0.2453578144078144], [0.26646608391608406, 0.3077531579531579, 0.1823261405261405, 0.2434546176046177], [0.2241655178155179, 0.3309150072150074, 0.18291055611055615, 0.2620089188589191], [0.24139151404151415, 0.3048823176823177, 0.16879242979243, 0.2849337384837386], [0.20683337773337787, 0.2998789044289047, 0.24943486513486526, 0.24385285270285284], [0.22172520812520813, 0.33927917082917075, 0.1971872155622157, 0.2418084054834056], [0.2745540570540571, 0.23744687534687545, 0.1596573038073039, 0.3283417637917636], [0.3077842379842378, 0.2449907425907427, 0.16200954600954598, 0.28521547341547354], [0.24360888000888006, 0.2672625485625486, 0.1700599567099567, 0.31906861471861475], [0.302046694971695, 0.23946382506382508, 0.1396322316572318, 0.3188572483072484], [0.25851833444333455, 0.3289981462981464, 0.1810570263070264, 0.23142649295149303], [0.23425204240204248, 0.2844440487616958, 0.13970519480519486, 0.3415987140310671], [0.2698220057720059, 0.26851329781329786, 0.21289940614940628, 0.24876529026529043], [0.19399427794427807, 0.2944527417027416, 0.16042808857808866, 0.3511248917748916], [0.19659451659451668, 0.41844045399045393, 0.18629544899544914, 0.19866958041958052], [0.20440073260073266, 0.25368801198801205, 0.1873396825396826, 0.35457157287157287], [0.23907004923181413, 0.35014526355996944, 0.15412853421088726, 0.2566561529973295], [0.22189178599178616, 0.35820318015318, 0.1897656898656899, 0.23013934398934396], [0.18314241314241325, 0.2846468808968808, 0.2403259684759685, 0.29188473748473764], [0.23719754689754705, 0.35181238761238753, 0.16831288156288174, 0.24267718392718404], [0.22823737373737385, 0.2939275613275615, 0.19674761904761912, 0.28108744588744605], [0.2271945609945611, 0.30622458097458094, 0.16509769119769124, 0.3014831668331669], [0.22941787101787112, 0.33902074396192045, 0.14454311799311806, 0.2870182670270907], [0.2504277555777556, 0.2919115378515535, 0.2222082778332779, 0.23545242873741326], [0.28914727494727493, 0.28998412143412156, 0.14484321234321235, 0.27602539127539144], [0.25939083139083163, 0.27237313797313795, 0.19825994005994013, 0.2699760905760907], [0.22404395604395624, 0.28410634365634363, 0.2186676989676991, 0.2731820013320013], [0.30112435342435334, 0.23741835386835394, 0.1886945332445333, 0.2727627594627595], [0.24995657675657676, 0.27070538905538905, 0.17029243534243543, 0.3090455988455989], [0.1778216727716728, 0.3592604451104452, 0.17976805971805987, 0.28314982239982256], [0.22317229992230006, 0.2710386613386614, 0.1392092574092574, 0.36657978132978136], [0.22927885447885457, 0.31207295482295483, 0.15410254190254202, 0.30454564879564894], [0.20491976911976922, 0.3642810245310244, 0.21489477744477745, 0.21590442890442899], [0.2203412087912089, 0.30685778110778106, 0.2318796314796316, 0.24092137862137875], [0.25105239205239216, 0.33166119991119986, 0.1856939782439783, 0.23159242979242992], [0.2312608669108671, 0.37135524083759375, 0.14165560387325105, 0.2557282883782884], [0.2506391275391276, 0.282031956931957, 0.1647949292537528, 0.3025339862751628], [0.29271302264986465, 0.2857330499909448, 0.1781627872127873, 0.24339114014640337], [0.20947758058934549, 0.3099927161074221, 0.18966511429746727, 0.29086458900576545], [0.22218020313020323, 0.3051801143301143, 0.179091563991564, 0.29354811854811863], [0.24758100233100255, 0.31047861582861563, 0.1606775835275835, 0.2812627983127984], [0.2271433288933289, 0.2798856643356645, 0.18086008991009, 0.31211091686091685], [0.21725895215895227, 0.31727246087246086, 0.18548394383394395, 0.2799846431346432], [0.2603806415806418, 0.2739912809412809, 0.1377520757020758, 0.3278760017760018], [0.20613746057863713, 0.32223876711523763, 0.1842618730942261, 0.28736189921189914], [0.28639809079809087, 0.25199057054057056, 0.15936206016206028, 0.30224927849927863], [0.22123504273504288, 0.2645502053502055, 0.18640201465201475, 0.3278127372627373], [0.22560186480186498, 0.32804609834609816, 0.16039285159285166, 0.2859591852591852], [0.23088132684309154, 0.28362619814825707, 0.17839404761904765, 0.3070984273896039], [0.21010661005661022, 0.30070919913419913, 0.21454476911976916, 0.27463942168942185], [0.22080537795537805, 0.2934856754356755, 0.16124501609501615, 0.32446393051393063], [0.2355943445443448, 0.297128060828061, 0.16061036741036747, 0.3066672272172273], [0.24154508824508852, 0.2887397674221203, 0.15167760409525124, 0.31803754023754033], [0.1678384892884894, 0.33886374181374174, 0.190687173937174, 0.30261059496059484], [0.2907436729936728, 0.24377379564879578, 0.14450256132756126, 0.3209799700299701], [0.23501950271950292, 0.2949204684204685, 0.18553722943722945, 0.28452279942279957], [0.26391020923520936, 0.28798125208125214, 0.14529714452214457, 0.30281139416139424], [0.19698274225774237, 0.2896577034077034, 0.18328836718836722, 0.33007118714618716], [0.20243532382650037, 0.3486254209842445, 0.20210657120657127, 0.24683268398268415], [0.17385365190365196, 0.313636385836386, 0.25526028416028423, 0.25724967809967825], [0.20851782106782119, 0.26652546897546897, 0.24445608835608856, 0.28050062160062167], [0.2537681929181931, 0.2953665223665225, 0.18815396825396827, 0.26271131646131646], [0.20983129093129108, 0.279701948051948, 0.15184497169497166, 0.35862178932178934], [0.202822866022866, 0.2975262015762015, 0.20205763125763126, 0.29759330114330124]]}}