{"test": {"ids": ["108118301", "113122510", "111121410", "112118860", "104111880", "110114920", "112119500", "110116501", "98120530", "109114651", "102108621", "105116650", "112120630", "101111210", "100116500", "103111830", "104117630", "98108150", "111119930", "97107950", "113120260", "100108580", "105117351", "97116790", "106113170", "97107821", "113118870", "111116290", "110114610", "111120531", "109115220", "110118740", "105113480", "99108460", "105119950", "99110050", "111116750", "102121440", "106116370", "108118060", "113122120", "97106820", "109117150", "111118301", "103113260", "109114720", "98108580", "99108310", "113119360", "101114990", "99114890", "102117351", "111116100", "101119030", "106117770", "110120700", "112117660", "110121450", "100108490", "97118210", "112117790", "111119340", "106118301", "107119130", "97112290", "113120601", "106118820", "97105760", "97106000", "112119980", "100107920", "104111830", "104118340", "112116990", "110117080", "108113700", "110116300", "111119950", "98110230", "108114670", "113120540", "97116410", "103118110", "111116170", "111118820", "104109311", "112120640", "99120010", "110114561", "104114230", "103113170", "107113840", "108117610", "113118810", "113119120", "108116120", "111117480", "103111990", "109120621", "105112100", "107118490", "110117110", "113120751", "110113591", "110118810", "101111620", "101108621", "102118380", "97112300", "106112770", "99107300", "101113210", "97105580", "100109890", "101108500", "108113740", "98112170", "104113210", "109120560", "100111270", "100111080", "104111780", "108118291", "111120640", "107115140", "100120780", "111119300", "111116990", "99109840", "108116501", "108114220", "112118581", "98116090", "107121640", "100109330", "107112850", "103112470", "111115400", "112117210", "97106591", "106113830", "113118421"], "labels": [1, 2, 0, 3, 3, 3, 2, 3, 1, 3, 3, 1, 3, 2, 2, 3, 0, 0, 1, 2, 3, 0, 0, 2, 0, 2, 0, 2, 1, 0, 3, 3, 0, 0, 3, 3, 3, 2, 2, 1, 1, 1, 2, 3, 3, 0, 0, 2, 0, 3, 2, 1, 3, 3, 0, 2, 0, 3, 2, 2, 3, 3, 1, 1, 1, 2, 3, 0, 0, 0, 0, 3, 2, 0, 1, 0, 3, 0, 3, 3, 3, 3, 2, 0, 0, 3, 0, 2, 0, 2, 3, 3, 3, 3, 3, 1, 1, 2, 1, 1, 2, 0, 1, 0, 1, 3, 0, 1, 2, 1, 3, 3, 1, 3, 3, 3, 3, 3, 1, 2, 0, 3, 3, 0, 0, 1, 1, 0, 2, 0, 3, 1, 0, 1, 0, 1, 1, 0, 1, 1, 1, 3], "predicted_labels": [3, 2, 1, 3, 3, 1, 1, 3, 3, 0, 0, 0, 1, 3, 2, 3, 0, 1, 0, 1, 1, 2, 0, 2, 1, 3, 1, 1, 1, 1, 3, 0, 1, 3, 1, 3, 0, 1, 0, 0, 1, 3, 3, 3, 1, 2, 1, 3, 3, 1, 2, 0, 0, 3, 3, 3, 3, 3, 1, 2, 0, 3, 0, 1, 3, 1, 3, 2, 3, 3, 3, 3, 1, 0, 1, 0, 1, 3, 1, 1, 0, 1, 3, 1, 0, 3, 2, 0, 1, 1, 1, 1, 3, 3, 3, 0, 3, 1, 0, 3, 1, 1, 3, 3, 0, 0, 3, 2, 2, 3, 0, 1, 0, 1, 1, 0, 3, 0, 2, 2, 1, 1, 0, 1, 3, 3, 3, 0, 2, 3, 2, 1, 1, 2, 1, 1, 1, 0, 2, 1, 1, 0], "confidence_scores": [[0.18639270250613485, 0.4248904286923693, 0.019285716467858958, 0.36943115233363716], [0.18452193806389888, 0.25974103608431, 0.5231383073982939, 0.03259871845349695], [0.42447112057857095, 0.5175551644944533, 0.010618210384223928, 0.04735550454275193], [0.19792877613809906, 0.28913176539158525, 0.18117219128178386, 0.3317672671885317], [0.03777675423425497, 0.20458183978730765, 0.29377439377423215, 0.4638670122042051], [0.10955929218454152, 0.7376434951189095, 0.024537165063752222, 0.128260047632797], [0.2526920437280029, 0.45026077226876365, 0.20907148830471034, 0.08797569569852276], [0.1104496001184673, 0.08411608627949924, 0.005874513703924529, 0.7995597998981093], [0.290792855950398, 0.24377011319457706, 0.01104294845048597, 0.45439408240453893], [0.8405537678365825, 0.03677934217757865, 0.048198419276419255, 0.07446847070941959], [0.6022550246122024, 0.01838194485426772, 0.016797297523433126, 0.36256573301009687], [0.3135399689520263, 0.18627668188950192, 0.22228795404272436, 0.2778953951157475], [0.042750082664937135, 0.752450637105356, 0.06536702177382092, 0.1394322584558861], [0.10933824595316682, 0.20971955136464387, 0.041595101007733566, 0.6393471016744556], [0.10562335862607174, 0.15556819663200674, 0.40480207293021087, 0.334006371811711], [0.432725657501582, 0.042352187851622244, 0.029260553688056558, 0.4956616009587393], [0.8238920865328384, 0.12868452896012414, 0.01502706242258528, 0.03239632208445244], [0.05605423100546999, 0.6248988647144077, 0.06823088833733568, 0.2508160159427866], [0.5497774698001745, 0.21080733348726463, 0.03513517621596323, 0.20428002049659766], [0.06506217710285442, 0.5225514890521803, 0.03558042496644571, 0.3768059088785195], [0.14897138515292305, 0.4673968319775121, 0.3288787779337307, 0.05475300493583425], [0.03689511516637238, 0.04491797847631299, 0.8927373718563779, 0.025449534500936764], [0.6639137848834764, 0.06629915687770044, 0.02498369782956406, 0.24480336040925915], [0.10949801718307854, 0.08276633822511682, 0.6910086592051153, 0.11672698538668935], [0.06048218026188429, 0.8398411680519918, 0.00438181274919926, 0.09529483893692482], [0.388389086445487, 0.09731155681325745, 0.027779014293129133, 0.4865203424481264], [0.09737877937742938, 0.6603439018629473, 0.01746410480393821, 0.22481321395568518], [0.25614083549414, 0.5533714790494083, 0.1123940156958048, 0.07809366976064733], [0.15611803434735202, 0.4683237165514194, 0.3508511549558158, 0.02470709414541284], [0.04585114795498111, 0.864699499014263, 0.0336046171518395, 0.05584473587891646], [0.1606335052921176, 0.10293438822433318, 0.02439697172979531, 0.7120351347537537], [0.655179699984903, 0.03040219043965279, 0.10774371276985154, 0.20667439680559269], [0.05000023022447398, 0.7607709457203451, 0.07792230757708274, 0.11130651647809825], [0.060290123326712006, 0.044504442154285964, 0.006121992701767033, 0.8890834418172351], [0.4090296759773103, 0.4292911021610478, 0.04657603248637545, 0.11510318937526673], [0.010520909387892102, 0.07353152199670784, 0.06687715843318921, 0.8490704101822107], [0.6117125639869805, 0.01264167194293307, 0.012820812609420385, 0.3628249514606662], [0.03657825030746742, 0.510861184406774, 0.3401457625566157, 0.11241480272914285], [0.5281612274648615, 0.0221672932822696, 0.19193206655444747, 0.2577394126984217], [0.5227362100268489, 0.2634339950556442, 0.0687216887064603, 0.14510810621104656], [0.2942711738877652, 0.41840341301388506, 0.17421590057666766, 0.11310951252168185], [0.3010704457498799, 0.09153009023756581, 0.0958624856346662, 0.5115369783778881], [0.1696126858436259, 0.37201454197625944, 0.1060057173942375, 0.3523670547858775], [0.14523993394089596, 0.19654705645292572, 0.05896404001782312, 0.5992489695883552], [0.03572331849653593, 0.8511444079074946, 0.03615919747052958, 0.07697307612544009], [0.05654188398844786, 0.22727710725268302, 0.5375187514702925, 0.17866225728857674], [0.08564252832465492, 0.4915557924728151, 0.29227795706166554, 0.13052372214086438], [0.2884024426805043, 0.1591527897528657, 0.12606978389156967, 0.4263749836750605], [0.15909461568458638, 0.23583671746718715, 0.16081732660088882, 0.44425134024733764], [0.006053875076381483, 0.7749506967761487, 0.09849762574962735, 0.12049780239784241], [0.03551047233625843, 0.27989165877393885, 0.6522171351732401, 0.032380733716562735], [0.6907844754126536, 0.02626338389357841, 0.007351236272397253, 0.27560090442137053], [0.5038898491238517, 0.21796952453190288, 0.031091780248965712, 0.2470488460952798], [0.4065894742058644, 0.150770146003747, 0.019311609420807885, 0.42332877036958083], [0.17408818484254146, 0.2919988068747299, 0.0792693152078376, 0.45464369307489116], [0.2933248241384937, 0.24091964758586226, 0.06442430169803884, 0.4013312265776051], [0.07137010956874965, 0.23298334536947424, 0.019802901959671868, 0.6758436431021044], [0.3132363843667323, 0.18945262703776644, 0.05198676393894895, 0.4453242246565526], [0.18386148297421437, 0.4280650991251064, 0.12208370628554685, 0.2659897116151323], [0.32535922718147464, 0.027313649284052333, 0.49657306804270307, 0.15075405549176984], [0.8133706670757727, 0.048332697376887564, 0.008323907548243694, 0.12997272799909584], [0.06757507637233107, 0.3053511666280537, 0.018203640073064468, 0.6088701169265509], [0.6647610635387394, 0.20797335969429137, 0.007946400550098655, 0.11931917621687074], [0.03526906766745642, 0.5757662667400708, 0.03438989893173904, 0.3545747666607337], [0.12101154560991598, 0.3570478849597587, 0.11257737980817444, 0.4093631896221506], [0.08802334253201693, 0.4684171567909813, 0.2107196056772331, 0.23283989499976876], [0.022997438029186763, 0.08024960465152356, 0.00794763411467429, 0.8888053232046156], [0.05770433813180149, 0.06974425793528673, 0.5790566547242108, 0.2934947492087011], [0.008154162223804108, 0.16343655861212975, 0.058161227825888714, 0.7702480513381773], [0.023583076703423127, 0.02101449563132091, 0.010274420573305514, 0.9451280070919504], [0.22382323273341892, 0.09005181136648967, 0.03589995916129008, 0.6502249967388013], [0.04117480578452517, 0.12749448755209225, 0.04970122434402805, 0.7816294823193543], [0.02574835390022476, 0.8870973800303869, 0.026961568897718478, 0.06019269717166982], [0.8538868921639786, 0.016589738289691194, 0.04513628950201743, 0.08438708004431274], [0.033233372119934074, 0.5736156878458255, 0.0252863982868152, 0.3678645417474247], [0.8620329776689529, 0.10802580042307582, 0.015099664728270904, 0.014841557179700527], [0.07249133911932386, 0.807862885747989, 0.014545707746509146, 0.105100067386178], [0.19056423925712435, 0.12011858341352775, 0.07868857827658875, 0.6106285990527589], [0.06851917489127364, 0.7102576201499766, 0.057379714941659214, 0.16384349001709028], [0.16408256242494637, 0.6401911936272507, 0.08107379043494552, 0.11465245351285736], [0.8741794796871516, 0.07932962681687866, 0.007215146006392483, 0.03927574748957719], [0.027779809503780874, 0.3525384673672351, 0.21876176196499536, 0.4009199611639887], [0.08059305554795546, 0.19158580437019082, 0.17651175598825794, 0.5513093840935958], [0.24025432420664486, 0.4362929486770169, 0.010232569072119595, 0.31322015804421866], [0.9237150074786165, 0.006061241433925195, 0.005587537905477548, 0.06463621318198082], [0.2662219804903156, 0.07072843028934091, 0.006067555795346301, 0.656982033424997], [0.06471989874144068, 0.2839411977034699, 0.5574534810411459, 0.09388542251394326], [0.2836841343750661, 0.22639617263526365, 0.3158918061056333, 0.1740278868840364], [0.21012503910285218, 0.43803886635787964, 0.11921707519493853, 0.23261901934432985], [0.025502291101782013, 0.36978857624656336, 0.5290973499150401, 0.07561178273661447], [0.014760122625325134, 0.7732904397718494, 0.09254744491901605, 0.1194019926838093], [0.12235715121666539, 0.7583768484415631, 0.03214404107107766, 0.08712195927069404], [0.20125155164501168, 0.049781780130591126, 0.0023284160078634823, 0.7466382522165337], [0.15506369159064468, 0.12445134983573182, 0.014388556676552722, 0.7060964018970708], [0.22320769834402635, 0.054977465782106445, 0.16155135461983958, 0.5602634812540274], [0.8616617599955326, 0.02548622273282429, 0.01695948690702542, 0.09589253036461781], [0.23603524172321425, 0.2641035541874612, 0.025211752797388402, 0.47464945129193614], [0.1590057879400705, 0.702079744204019, 0.10003791934194917, 0.03887654851396105], [0.5619898964465021, 0.34606728408651094, 0.033921934122310066, 0.058020885344676795], [0.312198473216254, 0.2623861295122279, 0.0947971680437766, 0.3306182292277418], [0.24284008816639605, 0.5281056286174819, 0.17170793932455472, 0.05734634389156727], [0.08952860368167138, 0.35848516071166386, 0.5287019646186598, 0.023284270988004886], [0.15255960525343162, 0.09028060494294095, 0.049861267125084055, 0.7072985226785434], [0.265889600223746, 0.15965427033875812, 0.006994542309412324, 0.567461587128084], [0.3475228437448389, 0.21552869605355973, 0.24154992270459055, 0.1953985374970107], [0.7767118507567287, 0.03654264383540055, 0.05292125402130279, 0.13382425138656803], [0.0999859964566587, 0.3845368027061086, 0.014245330943570366, 0.5012318698936623], [0.04819720285198781, 0.13454574761901744, 0.6971671452700141, 0.12008990425898067], [0.30225793444327986, 0.1986455326002408, 0.35738231204410786, 0.141714220912371], [0.05821804853394521, 0.07398844367057039, 0.273917910271847, 0.5938755975236373], [0.5515698782824103, 0.3056905142110488, 0.008110686493507515, 0.13462892101303367], [0.08509405629076006, 0.46708772058884035, 0.12894683140120036, 0.3188713917191993], [0.7746680864818508, 0.021023159301992257, 0.13603587795797834, 0.06827287625817863], [0.11397864659810504, 0.427494160817053, 0.35649119438176124, 0.10203599820308094], [0.24798058802471276, 0.35039763942293745, 0.17341060655437265, 0.22821116599797736], [0.7798330892992643, 0.03484551705476159, 0.0471047418188272, 0.13821665182714693], [0.08613776748008894, 0.058123915238000395, 0.09225744861973133, 0.7634808686621793], [0.5924018834462239, 0.056669218108672655, 0.047903715782302646, 0.30302518266280093], [0.0035563520996755717, 0.12741420036482332, 0.8135342653220914, 0.05549518221340988], [0.0166971111613457, 0.22700453024268855, 0.7224555750807214, 0.033842783515244175], [0.16074734497967702, 0.48322990056703297, 0.2582286715709988, 0.09779408288229138], [0.02275025362239069, 0.9050289655142842, 0.00515964990885561, 0.06706113095446921], [0.8745741294905388, 0.024117301187283197, 0.012098599103125026, 0.08920997021905287], [0.37081456374543786, 0.4764237499293696, 0.06955612115832333, 0.08320556516686903], [0.09164616059201688, 0.00482226687948448, 0.035252556606237474, 0.8682790159222612], [0.09519909451082481, 0.032802212161550985, 0.12809187295702185, 0.7439068203706027], [0.0860576096045035, 0.17586551859331767, 0.042615894183205126, 0.6954609776189737], [0.6351585371864307, 0.15178767081269784, 0.05560240421290424, 0.15745138778796722], [0.009562691658887857, 0.055823468556160556, 0.827238746621653, 0.10737509316329882], [0.3401741850607234, 0.16963883531080423, 0.013199529153539342, 0.47698745047493296], [0.06965858466036845, 0.1852408519432373, 0.722825118200647, 0.022275445195747205], [0.028636281540326092, 0.31615453756569983, 0.44726557461565786, 0.20794360627831632], [0.1039350531178676, 0.690558446063136, 0.06855414601721177, 0.1369523548017844], [0.12640101598620143, 0.08882292319431385, 0.7040839383668872, 0.08069212245259778], [0.13646761043024147, 0.6012027260769495, 0.015696894477400865, 0.24663276901540815], [0.20241642803867602, 0.5850129067780903, 0.05946293304418873, 0.1531077321390452], [0.21604051626884482, 0.5772424742367243, 0.10839945668688075, 0.09831755280755024], [0.6252759211079805, 0.19331995630475557, 0.15244602652230735, 0.028958096064956612], [0.04875714046942895, 0.32622778824673837, 0.5769815060625157, 0.04803356522131712], [0.03049526662107091, 0.5489075282099553, 0.12135857044944723, 0.29923863471952655], [0.20775645187566524, 0.5033642721513075, 0.024208661580075435, 0.264670614392952], [0.923187587156842, 0.02411957228607172, 0.0013223255552087185, 0.05137051500187724]]}, "rewritten": {"ids": ["97105580", "97105760", "97106000", "97106591", "97106820", "97107821", "97107950", "97112290", "97112300", "97116410", "97116790", "97118210", "98108150", "98108580", "98110230", "98112170", "98116090", "98120530", "99107300", "99108310", "99108460", "99109840", "99110050", "99114890", "99120010", "100107920", "100108490", "100108580", "100109330", "100109890", "100111080", "100111270", "100116500", "100120780", "101108500", "101108621", "101111210", "101111620", "101113210", "101114990", "101119030", "102108621", "102117351", "102118380", "102121440", "103111830", "103111990", "103112470", "103113170", "103113260", "103118110", "104109311", "104111780", "104111830", "104111880", "104113210", "104114230", "104117630", "104118340", "105112100", "105113480", "105116650", "105117351", "105119950", "106112770", "106113170", "106113830", "106116370", "106117770", "106118301", "106118820", "107112850", "107113840", "107115140", "107118490", "107119130", "107121640", "108113700", "108113740", "108114220", "108114670", "108116120", "108116501", "108117610", "108118060", "108118291", "108118301", "109114651", "109114720", "109115220", "109117150", "109120560", "109120621", "110113591", "110114561", "110114610", "110114920", "110116300", "110116501", "110117080", "110117110", "110118740", "110118810", "110120700", "110121450", "111115400", "111116100", "111116170", "111116290", "111116750", "111116990", "111117480", "111118301", "111118820", "111119300", "111119340", "111119930", "111119950", "111120531", "111120640", "111121410", "112116990", "112117210", "112117660", "112117790", "112118581", "112118860", "112119500", "112119980", "112120630", "112120640", "113118421", "113118810", "113118870", "113119120", "113119360", "113120260", "113120540", "113120601", "113120751", "113122120", "113122510"], "labels": [1, 0, 0, 1, 1, 2, 2, 1, 2, 3, 2, 2, 0, 0, 3, 3, 0, 1, 3, 2, 0, 2, 3, 2, 2, 0, 2, 0, 0, 3, 0, 2, 2, 1, 3, 0, 2, 3, 3, 3, 3, 3, 1, 1, 2, 3, 2, 1, 3, 3, 2, 3, 3, 3, 3, 3, 2, 0, 2, 1, 0, 1, 0, 3, 1, 0, 1, 2, 0, 1, 3, 1, 3, 0, 2, 1, 1, 0, 3, 3, 3, 1, 0, 3, 1, 3, 1, 3, 0, 3, 2, 1, 1, 0, 0, 1, 3, 3, 3, 1, 0, 3, 1, 2, 3, 0, 3, 0, 2, 3, 0, 1, 3, 0, 1, 3, 1, 0, 0, 0, 0, 0, 1, 0, 3, 1, 3, 2, 0, 3, 0, 3, 3, 0, 3, 0, 3, 3, 2, 1, 1, 2], "predicted_labels": [0, 3, 3, 3, 3, 1, 1, 1, 1, 3, 2, 0, 1, 1, 1, 3, 1, 0, 0, 3, 3, 2, 3, 1, 0, 3, 1, 2, 3, 2, 1, 1, 3, 3, 0, 3, 1, 0, 1, 1, 3, 3, 0, 2, 2, 0, 1, 1, 3, 1, 1, 3, 1, 3, 3, 3, 1, 0, 1, 0, 1, 3, 0, 0, 3, 1, 3, 3, 1, 0, 3, 1, 1, 3, 1, 1, 0, 0, 0, 0, 1, 0, 3, 3, 0, 0, 0, 1, 2, 1, 1, 2, 0, 3, 0, 1, 3, 1, 3, 3, 2, 0, 2, 3, 3, 0, 3, 3, 1, 0, 0, 3, 3, 0, 3, 3, 0, 3, 1, 0, 3, 0, 2, 3, 0, 3, 0, 0, 3, 1, 1, 0, 3, 1, 3, 3, 1, 1, 1, 3, 0, 2], "confidence_scores": [[0.847230405263416, 0.025593953574289494, 0.05297073158024859, 0.07420490958204565], [0.06733882418391698, 0.10605279167941911, 0.2538826337285278, 0.5727257504081359], [0.026747306417760217, 0.2575957126095327, 0.05598834394652708, 0.6596686370261798], [0.020122471514590803, 0.17126188062006922, 0.07989361748565152, 0.7287220303796885], [0.08018344290845833, 0.05637049087219063, 0.4565834913867325, 0.4068625748326185], [0.2073216736954253, 0.4234277877143446, 0.04461711056004822, 0.3246334280301819], [0.0573160591986405, 0.5471034525958876, 0.2581666437693779, 0.13741384443609417], [0.08216782341048, 0.6519827108650387, 0.045191770140180436, 0.22065769558430104], [0.2726835756948717, 0.2883040466542038, 0.3232327653918545, 0.1157796122590698], [0.027714655413375398, 0.19652369536918876, 0.36171920346226555, 0.41404244575517], [0.028600624114322463, 0.10572013589552477, 0.7340579483323658, 0.13162129165778672], [0.6355809145141498, 0.016680284357129316, 0.2748912549743009, 0.07284754615442], [0.05303909383070824, 0.5982702256950001, 0.07203582593906675, 0.27665485453522487], [0.16876308750180222, 0.31310559281634276, 0.41483975402736745, 0.10329156565448785], [0.13999507483980028, 0.5890830054710355, 0.0482170322958484, 0.22270488739331554], [0.13570390886806624, 0.018481387138786717, 0.049421820806830864, 0.796392883186316], [0.15261734456863874, 0.6541854154168081, 0.022174800507694777, 0.1710224395068581], [0.5788473876803387, 0.17884860531824967, 0.02722209649039993, 0.21508191051101172], [0.7804602758946014, 0.14120833925049542, 0.005894758961467148, 0.07243662589343611], [0.349177081581606, 0.13599957510671284, 0.09338723060952991, 0.42143611270215126], [0.1750526041727968, 0.0925604451391774, 0.05089062642075265, 0.6814963242672729], [0.005821651267414091, 0.02044909701518448, 0.9516920213201631, 0.022037230397238605], [0.01892682998162571, 0.012225029036547297, 0.045185573345512375, 0.9236625676363149], [0.01794888216768362, 0.6553982169779656, 0.19036435293941498, 0.13628854791493583], [0.5728479742511616, 0.05436005892330342, 0.20654422480631682, 0.166247742019218], [0.3910588563820243, 0.09701738624164527, 0.0290883728969922, 0.4828353844793383], [0.24269409266642508, 0.30515288107937255, 0.22713427139045608, 0.2250187548637464], [0.05835020550597858, 0.10212963829257013, 0.8113542938729009, 0.028165862328550197], [0.21071222452346017, 0.30717203721358116, 0.026291887768888897, 0.45582385049406976], [0.28981368718387807, 0.12981562560777232, 0.433572090369652, 0.14679859683869717], [0.08130500739573257, 0.7059407969298759, 0.15165224278132336, 0.061101952893068225], [0.03829528877020167, 0.45884587265739857, 0.4691863609912602, 0.03367247758113939], [0.082986725636057, 0.07898555085255642, 0.23669495929796106, 0.6013327642134257], [0.040116753554646695, 0.04101001269473925, 0.24010154040737844, 0.6787716933432356], [0.5087272203351756, 0.2893379764657631, 0.07491932712752093, 0.12701547607154035], [0.2721598473060547, 0.21024921076673722, 0.010023654888695503, 0.5075672870385126], [0.3213614577167137, 0.4067608430040379, 0.01638483467951904, 0.25549286459972925], [0.609364075626235, 0.05551642133465293, 0.059631461153523455, 0.27548804188558873], [0.08557154967063818, 0.3505773675600626, 0.18655102726027098, 0.37730005550902845], [0.004442717776927705, 0.8948375142538683, 0.03462243011515392, 0.06609733785404986], [0.37683648777137746, 0.12989277140584465, 0.10622889521320247, 0.3870418456095756], [0.40488613384545513, 0.02652644147367487, 0.041675972666312386, 0.5269114520145578], [0.840110384555278, 0.0243765814893345, 0.006665031241773042, 0.1288480027136144], [0.1423651462430807, 0.21469247981384984, 0.4922269366556516, 0.15071543728741782], [0.2160501079380408, 0.1637870123014692, 0.5336484878013777, 0.08651439195911205], [0.6149877829687195, 0.12947243318190477, 0.04300627148229748, 0.2125335123670785], [0.18280136885991516, 0.6869150188939701, 0.037152898680702554, 0.09313071356541239], [0.13959130723272656, 0.5662453801960909, 0.10033911629294355, 0.19382419627823858], [0.008080249228119216, 0.3475049396026199, 0.13686124685801998, 0.5075535643112409], [0.08158099890749071, 0.44132362598052277, 0.0762020522540068, 0.4008933228579797], [0.12987047108460587, 0.6102989995460654, 0.0643791402867884, 0.19545138908254084], [0.1809368135341746, 0.07364970587505473, 0.009544057980755253, 0.7358694226100154], [0.10991492479859018, 0.6326601538328306, 0.01033787424431337, 0.24708704712426577], [0.08827203610454605, 0.045239119266784755, 0.06633026052305747, 0.800158584105612], [0.1439850977583668, 0.319597984385961, 0.08576583943107327, 0.4506510784245988], [0.11132895280453918, 0.2828280210077151, 0.173070469664556, 0.43277255652318997], [0.13080997073822226, 0.5597812606637736, 0.17159264161791227, 0.13781612698009144], [0.8084957784983169, 0.14557419831735804, 0.012255090482140891, 0.033674932702184135], [0.06130596290786392, 0.7173345338192041, 0.013464724296938691, 0.20789477897599315], [0.40354806731243953, 0.21718988369094347, 0.065121731397498, 0.31414031759911876], [0.18600583219066463, 0.5697954231393156, 0.041655070902197486, 0.20254367376782226], [0.23892096697691378, 0.15798308653099993, 0.25578279726261854, 0.3473131492294681], [0.862255402198006, 0.07159114049027973, 0.00828817800543545, 0.05786527930627888], [0.48654563022569386, 0.20681186204942234, 0.030354047996139097, 0.27628845972874466], [0.07218308955927227, 0.19357412000791702, 0.3314823455132253, 0.40276044491958507], [0.05742621041015716, 0.8086473865318305, 0.002647168261051868, 0.1312792347969604], [0.16531081540239742, 0.35970740355639536, 0.02694518937875255, 0.4480365916624544], [0.42664041201941294, 0.008907807866294451, 0.17340782442829344, 0.39104395568599903], [0.09388514072381586, 0.24145364397594854, 0.39629709066375873, 0.26836412463647724], [0.832964994971209, 0.040642946978503444, 0.018350314676606947, 0.1080417433736809], [0.04009478536933692, 0.09193292625386801, 0.010135539991250539, 0.8578367483855449], [0.12727562855260569, 0.6744424567882011, 0.12665832505439678, 0.0716235896047969], [0.13682369824740478, 0.7917146792711836, 0.02934973161622414, 0.042111890865187275], [0.18340890115933212, 0.004705882061967777, 0.03267301058407682, 0.7792122061946235], [0.32297572537519914, 0.5184225771113032, 0.09105234812161019, 0.06754934939188711], [0.05816459323183953, 0.7698011340288927, 0.02457366179278874, 0.1474606109464793], [0.5326065712224434, 0.09032634380721892, 0.22510364035617544, 0.1519634446141622], [0.8886404128344282, 0.07547920376132222, 0.009169032173542917, 0.026711351230706542], [0.7117476431237931, 0.027169970639958387, 0.08223707053406643, 0.1788453157021823], [0.6521916717116734, 0.1436466380846393, 0.18283808100124196, 0.021323609202445075], [0.24221827795896853, 0.397511241775622, 0.15050785456112686, 0.2097626257042824], [0.8789518502732712, 0.015166610910138913, 0.012732083082411054, 0.09314945573417896], [0.26597623432946654, 0.13123723829571599, 0.03724694518787212, 0.5655395821869456], [0.3963179538696389, 0.06351308520798309, 0.010093814251549371, 0.5300751466708283], [0.714777049563077, 0.08567557237324236, 0.03679238131887098, 0.16275499674480942], [0.9095375959941375, 0.05902666647965025, 0.0066407997140252055, 0.024794937812187057], [0.4625388251588949, 0.21425847178799384, 0.01257614158040559, 0.31062656147270584], [0.3689284350344793, 0.32984013432104153, 0.07249735334272854, 0.22873407730175052], [0.05537807725371376, 0.1987583603809244, 0.4993624170247017, 0.24650114534065998], [0.1503235861269427, 0.3176950866941284, 0.13739060277718038, 0.3945907244017483], [0.058845564313743916, 0.593492543677154, 0.04622792761439715, 0.30143396439470527], [0.003940259991801537, 0.05124125869969611, 0.8618889120396104, 0.08292956926889236], [0.7275630766250591, 0.1293093259257614, 0.11056501345276404, 0.03256258399641567], [0.2413754248640053, 0.14098008586325533, 0.015606408985275884, 0.602038080287464], [0.4166116141015417, 0.1774733111658994, 0.1724827290055084, 0.23343234572705024], [0.10862679633389145, 0.42346621087522646, 0.44322949650418775, 0.024677496286694797], [0.11225759414192121, 0.35195372032320277, 0.03942441788347348, 0.4963642676514026], [0.03013385600823916, 0.873043576802136, 0.012569835531579194, 0.08425273165804563], [0.2584842294899009, 0.16503146342078248, 0.011697156887639766, 0.5647871502016771], [0.048445480322938585, 0.18943837900521152, 0.271040392976744, 0.49107574769510576], [0.0636459205006423, 0.05813136895768726, 0.8666261678591569, 0.011596542682513342], [0.575603983041051, 0.0200148952771959, 0.14748809090378945, 0.2568930307779634], [0.30908291214918415, 0.19028890424306963, 0.3626352917844612, 0.13799289182328503], [0.23466374175566274, 0.2812507377316619, 0.07784516618596737, 0.4062403543267083], [0.07626121936829504, 0.10205066697275453, 0.12376391780516251, 0.697924195853788], [0.7239118531060055, 0.09603382263382305, 0.15480939148243575, 0.025244932777735492], [0.3166717714635473, 0.20827290318547045, 0.09298800748718349, 0.3820673178637991], [0.13080954580511517, 0.4017413919873677, 0.009088477336806379, 0.45836058487071085], [0.3322730028936487, 0.4865083263428333, 0.1190325558538043, 0.062186114909713784], [0.7504990552564966, 0.03722698830786033, 0.021658662431719655, 0.19061529400392338], [0.8802358537370865, 0.03573550339327705, 0.010234912512835669, 0.07379373035680069], [0.13844953014643943, 0.18599292343068163, 0.05042068431560452, 0.6251368621072744], [0.13094367102351365, 0.32285071896739576, 0.11226108465766543, 0.43394452535142497], [0.8022637535537033, 0.017845750148881245, 0.03274619872457445, 0.14714429757284092], [0.184262932447068, 0.1533737833517508, 0.05995156875408587, 0.6024117154470953], [0.1145853717244896, 0.17742811993952484, 0.035646943355887424, 0.6723395649800983], [0.46285314004900946, 0.18111816507888748, 0.04386366057875552, 0.31216503429334796], [0.23560537065555492, 0.20565428046236836, 0.07756700936773481, 0.4811733395143418], [0.06429063993048814, 0.847761787827363, 0.017279180452868644, 0.07066839178928012], [0.46003638355465915, 0.29222536265511434, 0.11491184695146492, 0.13282640683876176], [0.40722170766998245, 0.1310654584075903, 0.02629248709288239, 0.43542034682954467], [0.8010748565349938, 0.07117910673033104, 0.07970335262044229, 0.048042684114232896], [0.1064113881864555, 0.12584460882024437, 0.7488126733195576, 0.01893132967374273], [0.053173427300137154, 0.27487535898293164, 0.0695795392296782, 0.6023716744872532], [0.577771916119067, 0.08473824313549845, 0.05367566176730199, 0.2838141789781323], [0.042158023199776955, 0.1260458046249708, 0.26495489527244237, 0.5668412769028096], [0.3905879246916918, 0.3363717534256122, 0.17146812950844253, 0.10157219237425352], [0.3256661786659587, 0.28748477147630624, 0.21384510126231196, 0.17300394859542284], [0.09208099763923794, 0.06619362511704822, 0.03803561864784062, 0.8036897585958731], [0.27628078182664567, 0.3235134601809969, 0.13988849775793322, 0.26031726023442403], [0.08465302662367592, 0.3381051353833987, 0.44875326057446113, 0.12848857741846434], [0.8253187581164786, 0.04054675846272519, 0.0020533964087430744, 0.13208108701205318], [0.08254227072043982, 0.15182002468257508, 0.034693053126513634, 0.7309446514704712], [0.09488141923529596, 0.7095173854748619, 0.07264213625373583, 0.12295905903610647], [0.28520434380636134, 0.2559894838422873, 0.12963324447236022, 0.3291729278789912], [0.16186718167462666, 0.07834661639893568, 0.11186502088422988, 0.6479211810422076], [0.12488056059074346, 0.42806383414117705, 0.348239144500641, 0.0988164607674384], [0.22777523590405194, 0.5751848571330394, 0.0685902043154333, 0.12844970264747538], [0.29881015418709655, 0.33514136761963587, 0.11220017990158099, 0.25384829829168665], [0.13898188906237482, 0.17312122642343503, 0.05706414556885307, 0.6308327389453368], [0.3889750714197754, 0.16119469873239822, 0.2760209787196377, 0.1738092511281885], [0.22433218533708946, 0.12684284458171896, 0.6120071225119348, 0.03681784756925699]]}}