{"test": {"ids": ["110114651", "98117740", "110121140", "97106770", "97106820", "107115250", "111116640", "100110050", "111119580", "100113370", "110115580", "104111550", "113119480", "111114121", "103120290", "107121540", "100117420", "99108520", "108118520", "106119990", "97113260", "99113260", "106113190", "111117200", "105113330", "101108460", "98116090", "105115720", "105112260", "109117600", "113117630", "105115680", "97107920", "113122220", "104111711", "101113210", "107113130", "101115190", "110120700", "107116340", "110115890", "113121190", "102109910", "98108150", "108114670", "101114990", "103110100", "100109890", "102113350", "109116170", "112119500", "109118820", "112119320", "111120220", "100116500", "112117471", "112118161", "109120560", "111121351", "104112201", "112118471", "103113610", "98120010", "111119300", "99111340", "113122510", "101111210", "113121010", "99109370", "111116750", "98109311", "99107560", "99108460", "113118870", "112119120", "103109021", "113119340", "108120621", "103111540", "104113170", "108120060", "104111880", "113117550", "112116401", "103117200", "113117401", "103120730", "104119290", "98108370", "104114230", "107118820", "112118701", "107117010", "98108520", "99108580", "106112770", "97112170", "108113620", "113120780", "97107260", "97118210", "100109360", "97107950", "110114720", "97116500", "101119030", "108114200", "104118070", "99108710", "97105960", "105111990", "111115620", "112116900", "111121220", "106116820", "104111780", "100112060", "101112690", "107114950", "100113210", "112118860", "102112030", "105115900", "112121010", "106116120", "111119610", "97105760", "97116410", "113122120", "102108621", "108116120", "101114020", "104111620", "109120150", "111116411", "111121410", "108115970", "98110810", "102110500", "108118630", "112116850", "97107821"], "labels": [3, 2, 3, 3, 1, 2, 0, 3, 3, 3, 1, 1, 3, 0, 2, 2, 2, 2, 0, 0, 1, 0, 0, 0, 3, 0, 0, 1, 3, 1, 0, 2, 0, 1, 1, 3, 1, 1, 2, 3, 2, 1, 2, 0, 3, 3, 1, 3, 3, 0, 2, 3, 1, 3, 2, 3, 0, 1, 0, 0, 1, 2, 2, 1, 1, 2, 2, 2, 1, 3, 1, 1, 0, 0, 1, 0, 0, 1, 1, 3, 1, 3, 3, 0, 0, 3, 1, 1, 1, 2, 3, 0, 1, 2, 0, 1, 0, 3, 0, 2, 2, 0, 2, 3, 2, 3, 0, 2, 2, 2, 2, 1, 3, 3, 1, 3, 2, 1, 3, 0, 3, 2, 3, 2, 1, 2, 0, 3, 1, 3, 1, 3, 0, 2, 0, 0, 2, 1, 3, 1, 0, 2], "predicted_labels": [1, 3, 0, 2, 3, 2, 1, 3, 0, 3, 2, 2, 0, 1, 2, 1, 2, 2, 1, 3, 3, 1, 0, 1, 3, 1, 0, 3, 3, 1, 2, 1, 1, 3, 3, 3, 2, 1, 3, 1, 1, 3, 2, 0, 1, 1, 3, 1, 2, 1, 1, 3, 2, 0, 3, 1, 1, 2, 1, 0, 2, 0, 3, 3, 3, 2, 3, 1, 3, 3, 3, 0, 3, 0, 3, 3, 0, 1, 3, 2, 2, 3, 3, 0, 0, 0, 0, 1, 2, 2, 0, 3, 2, 1, 2, 2, 1, 0, 0, 2, 2, 3, 3, 2, 3, 0, 0, 1, 1, 2, 0, 3, 0, 3, 0, 1, 2, 2, 3, 0, 3, 1, 3, 0, 2, 2, 3, 3, 1, 0, 0, 3, 3, 2, 3, 1, 3, 1, 3, 1, 3, 3], "confidence_scores": [[0.1490115015259323, 0.6495405348412711, 1.9912164706427233e-05, 0.20142805146809023], [0.21610861947880397, 0.08347711975675402, 0.18814244096237662, 0.5122718198020655], [0.526359463585402, 0.17922681440700355, 2.0925693524181324e-05, 0.2943927963140702], [0.005347730428928868, 0.002039362255323122, 0.9924989879953169, 0.00011391932043120614], [0.07443854560698758, 3.772922976916856e-05, 0.23919205454981424, 0.686331670613429], [0.1172370720698409, 0.14965730906689229, 0.48051727183873455, 0.25258834702453226], [0.09164209192027992, 0.7340774093580721, 0.17427674038524324, 3.758336404713043e-06], [0.014197003071851956, 0.0009912080694537255, 0.2676130438702208, 0.7171987449884736], [0.9955655343259749, 8.05915840842144e-05, 0.004319842989620428, 3.4031100320513615e-05], [0.020081764759096295, 0.016619876981268496, 0.029160639834180272, 0.934137718425455], [0.36819232130917384, 0.09608869210117661, 0.4503391161148449, 0.08537987047480454], [0.04044272854523116, 0.003019721258843872, 0.9495556139804827, 0.006981936215442333], [0.9981704391675401, 1.1383590667036338e-05, 7.74682849935851e-07, 0.0018174025589431837], [0.00013468630593980362, 0.9991848320421705, 0.0006158227864091201, 6.465886548069041e-05], [2.8115670101777016e-05, 0.00017960479341923261, 0.9996635996682036, 0.00012867986827538226], [0.01997107427717842, 0.8989153216790803, 0.08069014321373875, 0.0004234608300024141], [8.53793367304547e-09, 4.5576886398541855e-08, 0.9999995542911574, 3.9159402242638093e-07], [3.993265509467789e-05, 0.12324056213833587, 0.8746969708041546, 0.0020225344024147815], [0.00021924271286645968, 0.9773854515921744, 0.01973745764189264, 0.002657848053066498], [0.03993828578658802, 0.013510079472145579, 0.04366907729852192, 0.9028825574427445], [3.8531924489268905e-07, 7.238102271413205e-06, 1.664316195157858e-05, 0.9999757334165322], [0.0018804194843550217, 0.9541959385188354, 0.006080321980839537, 0.03784332001597016], [0.9998421084246595, 0.00014472628899150946, 8.526229371444414e-06, 4.639056977642835e-06], [0.009627003135220885, 0.7336946255786091, 7.897018466351162e-07, 0.2566775815843232], [0.3103721720604345, 0.04270895145567572, 0.0044385703643533515, 0.6424803061195364], [0.03394749961907991, 0.8249234915348187, 0.0010339344578013492, 0.14009507438830013], [0.8591880876299375, 0.0814070959682913, 0.049971776656870394, 0.009433039744900873], [0.00045420179944740096, 0.32025392378562173, 0.014765060881727831, 0.664526813533203], [0.1458784935388504, 0.09822442434531381, 0.003340047480892788, 0.752557034634943], [0.331543631378208, 0.41632246779322435, 0.005436090849336954, 0.2466978099792306], [0.0009012701934431918, 0.03530978250630423, 0.7821360652122447, 0.181652882088008], [2.6237884168758783e-05, 0.9995577175484698, 0.00010243637583833401, 0.000313608191523075], [0.17497628334969323, 0.7477960475495012, 0.0021642177626976784, 0.0750634513381078], [0.0003444421709681855, 0.07078484048930436, 0.00011743622072902805, 0.9287532811189985], [0.0033188808591428512, 0.000868970039373622, 0.07812165582949229, 0.9176904932719914], [0.005161102550565831, 0.1783353345966186, 0.14214223957311137, 0.6743613232797043], [0.3064925070829173, 0.0009273130665990476, 0.692440472091893, 0.00013970775859065596], [7.387525586788793e-05, 0.910654686269903, 0.08926745574088546, 3.982733343764137e-06], [0.1909494042719554, 0.05028985952109486, 0.10952641829296665, 0.6492343179139831], [0.006812704973992491, 0.9512375581820861, 9.055585429393036e-05, 0.04185918098962734], [0.001320682223325788, 0.8207690600077793, 0.1601961387935284, 0.017714118975366497], [0.05283564768981298, 0.1379730464481492, 0.0665998134180147, 0.7425914924440231], [0.09522187446010266, 0.33937961564963737, 0.39112080493847984, 0.1742777049517801], [0.9860897341095661, 0.009439673671367917, 5.894998479028143e-05, 0.004411642234275555], [5.631466291627834e-06, 0.9999926611190346, 4.3401510701499106e-07, 1.273399566693835e-06], [1.5241452784964656e-07, 0.8484012221949105, 0.1014196872240784, 0.05017893816648323], [0.45055027766698086, 0.003666562871946669, 0.06013063836419719, 0.48565252109687523], [4.577066482053281e-05, 0.7808350545984974, 0.2183199213354703, 0.0007992534012117279], [0.0007758175762563303, 0.03332797132646433, 0.535573517529577, 0.43032269356770225], [0.000563241535739571, 0.9050458660997321, 3.687349109334693e-05, 0.09435401887343503], [0.00016166426861851892, 0.8666486081915222, 0.13313562853802818, 5.4099001830877875e-05], [0.007901099636134144, 0.02688023441024895, 0.007815714909906594, 0.9574029510437102], [6.711812344030286e-07, 0.06175653013185154, 0.9149470381765678, 0.023295760510346424], [0.9109967035089761, 0.08889828592495962, 9.030032638628614e-06, 9.598053342560557e-05], [0.012238977413293743, 0.3717912782914963, 0.18425326458387617, 0.43171647971133387], [3.8960430080024274e-05, 0.9993318842952802, 8.764704220588779e-05, 0.0005415082324338876], [0.0033823616234628516, 0.9649182762168759, 7.67511256200036e-06, 0.03169168704709927], [2.254690848186565e-05, 0.15370935921276974, 0.6562745510092031, 0.18999354286954534], [0.09376139945583939, 0.8799688727372763, 3.191093593546168e-05, 0.026237816870948873], [0.8231606042543491, 0.015568029960975026, 0.0011198724797870118, 0.16015149330488906], [0.19449875093169633, 0.026158736074077368, 0.7771559273857074, 0.0021865856085189674], [0.9949275221523485, 0.00028038608801954904, 0.0006030241611905705, 0.00418906759844151], [0.0024151246259284543, 1.5429400952072495e-05, 0.004440746464464085, 0.9931286995086553], [5.372571095049834e-06, 0.00028679192892466993, 0.0001460141486623228, 0.9995618213513179], [1.8959399735340185e-05, 0.045880680548538645, 0.09235927841857623, 0.8617410816331498], [0.25550766433982136, 0.1729162282678903, 0.5709940875679284, 0.00058201982436011], [0.03559615405323026, 0.04844138639864367, 0.001900685761619793, 0.9140617737865063], [0.0016483265301236903, 0.9134790131871692, 0.02045059322607606, 0.06442206705663128], [0.19439524616016626, 0.002198953969441382, 0.2760455277994289, 0.5273602720709635], [0.0021138393663496726, 1.8467897089570825e-05, 0.0003508458391384027, 0.9975168468974224], [0.001350419962932614, 0.03128608582143669, 0.17830201709749374, 0.789061477118137], [0.8485965584026833, 0.1390800819620987, 0.00018945894177023522, 0.01213390069344771], [7.009323142291692e-07, 0.09527164815660699, 1.6247446548767358e-08, 0.9047276346636323], [0.7427021625178162, 0.22197351178074864, 9.087783995891326e-05, 0.03523344786147613], [0.33610964392659204, 0.002545992657548088, 0.029528522979755584, 0.6318158404361043], [0.0003659571151421819, 0.00012680125986989587, 2.118929386021451e-05, 0.9994860523311278], [0.9554303558739806, 0.004977335046766592, 6.786724320417949e-07, 0.039591630406820726], [0.1672343451277647, 0.8245248288930918, 0.004491192388948024, 0.003749633590195406], [0.00010998113605858581, 0.0004915785124028766, 0.010200142741920994, 0.9891982976096176], [0.001391957244473776, 0.19636752988644446, 0.6046616724318442, 0.19757884043723753], [0.0010526804175686976, 0.3245022013132019, 0.6744433994857237, 1.7187835057181064e-06], [0.0003290524461658658, 0.005204672133030225, 0.03236431064684186, 0.962101964773962], [0.0019037165842764735, 0.09853711944141799, 0.30780694745240333, 0.5917522165219022], [0.9827354859252764, 3.710400347209236e-05, 0.013808464662501047, 0.0034189454087505365], [0.7942680222682643, 0.038158872629616605, 0.0021044715756529256, 0.16546863352646635], [0.9270757450945262, 0.0017039261200226183, 0.007272479555623659, 0.06394784922982757], [0.9916990813599411, 0.008137559461585522, 4.5879665703556865e-06, 0.00015877121190292664], [3.728462612484008e-05, 0.9331270451649455, 0.0016759406048131543, 0.06515972960411656], [5.653983924584128e-05, 0.0004460382933578612, 0.9951882260512599, 0.004309195816136265], [0.0022713862294327838, 0.0018512628725998995, 0.993598414029072, 0.002278936868895169], [0.9953462961318089, 0.0038763744279986935, 2.6519010710007176e-05, 0.0007508104294823061], [0.00029054586739544086, 0.002312920976285719, 2.401757871169644e-06, 0.9973941313984478], [0.003513852746408251, 0.17397698217692445, 0.8220314764482591, 0.00047768862840807084], [0.14523657536922555, 0.7781476354659183, 0.002711625074759377, 0.07390416409009687], [0.0023797776978351504, 0.04800136369420342, 0.9399455888006945, 0.009673269807266946], [1.458549805404491e-08, 0.3172496686080231, 0.6353172626747812, 0.04743305413169766], [0.060838191849265165, 0.9038022785137607, 0.000488680150648271, 0.03487084948632583], [0.6631337161324427, 0.007331195544518179, 0.008115841211462768, 0.3214192471115763], [0.8720310244400559, 0.09658752905934412, 0.00016093406147894956, 0.03122051243912092], [0.0007257324423168204, 0.001336341404985785, 0.9972639048599738, 0.0006740212927235415], [0.0024165303179125306, 0.03413765226312173, 0.9588245621095284, 0.004621255309437369], [0.01830721988946331, 0.0003068819912333802, 0.0019106202129659277, 0.9794752779063374], [0.08974978043949577, 0.0032734164857263033, 4.147078817898686e-05, 0.9069353322865988], [0.07832189045012689, 0.0038847298631424316, 0.8992610967125318, 0.018532282974198722], [0.052953438855054095, 0.01850308092881219, 0.005162744074369391, 0.9233807361417643], [0.9953137921656898, 0.0025980675139129416, 7.266022028885908e-07, 0.0020874137181942647], [0.9875577187184338, 0.0003171371187700406, 0.012052810732246021, 7.233343055016735e-05], [0.08073602951757984, 0.6845643975304305, 0.23039387053587815, 0.004305702416111344], [6.288317318550291e-05, 0.9847367936200445, 2.831443113275763e-06, 0.015197491763656713], [0.010150507275040186, 0.0002639811497701264, 0.8956952788350013, 0.09389023274018841], [0.9881120653515519, 0.011520941162160866, 1.545921321018689e-05, 0.00035153427307688513], [0.19945774937617677, 0.17404296393087193, 0.19030444340886163, 0.4361948432840897], [0.8116234978098524, 0.08855449060248244, 0.00025705199505139203, 0.09956495959261351], [0.00029039254954837083, 0.17062298152558228, 0.0003774902509449551, 0.8287091356739245], [0.9916365316804145, 0.00020319938469527877, 0.0002023082249598613, 0.00795796070993047], [2.242358335928755e-05, 0.999712237344104, 2.777075733195918e-05, 0.00023756831520470984], [0.010660230342468486, 0.00015230712979970057, 0.988761184482359, 0.0004262780453730207], [0.00011485410463945912, 0.1365069121028726, 0.6592374694759197, 0.20414076431656827], [0.0007817122619664668, 0.008344592487670598, 0.000117306412377532, 0.9907563888379854], [0.836858493440259, 0.16060781654506284, 8.05628044344814e-07, 0.0025328843866338963], [0.022740810991917618, 0.0004507113311667654, 0.00025997466548545266, 0.9765485030114301], [0.004862086347860474, 0.9933467088974876, 0.0005038122630363577, 0.0012873924916156397], [0.15275496062258692, 0.01569740392265755, 0.009675668024254668, 0.8218719674305008], [0.5136347646323297, 0.04461434999374237, 0.00042420371654312063, 0.44132668165738476], [0.0004676500645846299, 0.034389006792272324, 0.8474790466379424, 0.11766429650520076], [0.09492819447765305, 0.13838204213528082, 0.7659635129096688, 0.0007262504773973583], [0.011367145659938592, 8.248434196612434e-06, 0.20411192302795342, 0.7845126828779114], [0.0010030156199122946, 0.03770476824453317, 0.02725056647295241, 0.9340416496626022], [0.07058953169286972, 0.9140635722555697, 0.004245809173005992, 0.011101086878554656], [0.9823686696713186, 0.012892838684425334, 1.0584481637349729e-05, 0.0047279071626184785], [0.9855957772720153, 9.732800351922555e-07, 2.925541705718534e-05, 0.014373994030892416], [0.0005774553794333383, 0.011867474300818406, 0.0001322680329507977, 0.9874228022867974], [0.004175895394606547, 0.03547562316475486, 3.457828635531652e-05, 0.9603139031542833], [0.0003278259524092428, 0.001133982097166192, 0.9984820966816302, 5.60952687942589e-05], [0.15602761895422512, 6.248694229696661e-06, 2.7941701922373803e-09, 0.843966129557375], [0.05734285926087499, 0.9356113262047602, 0.004067716986625604, 0.002978097547739324], [0.00017126703473821704, 0.003766687447529966, 3.848850831057789e-06, 0.9960581966669007], [2.2602735920248024e-05, 0.9995533696229376, 0.00039987103560629167, 2.41566055360499e-05], [0.034625501707664354, 0.00203593085955585, 0.0027611851297161118, 0.9605773823030637], [0.001977948660662575, 0.9446093836173837, 0.008469988317786156, 0.044942679404167726], [0.1302745195462094, 0.08393653766296724, 6.613579458052024e-05, 0.7857228069962428], [0.13126601115612313, 0.0926493189532322, 0.0003374241458459012, 0.7757472457447988]]}, "rewritten": {"ids": ["97105760", "97105960", "97106770", "97106820", "97107260", "97107821", "97107920", "97107950", "97112170", "97113260", "97116410", "97116500", "97118210", "98108150", "98108370", "98108520", "98109311", "98110810", "98116090", "98117740", "98120010", "99107560", "99108460", "99108520", "99108580", "99108710", "99109370", "99111340", "99113260", "100109360", "100109890", "100110050", "100112060", "100113210", "100113370", "100116500", "100117420", "101108460", "101111210", "101112690", "101113210", "101114020", "101114990", "101115190", "101119030", "102108621", "102109910", "102110500", "102112030", "102113350", "103109021", "103110100", "103111540", "103113610", "103117200", "103120290", "103120730", "104111550", "104111620", "104111711", "104111780", "104111880", "104112201", "104113170", "104114230", "104118070", "104119290", "105111990", "105112260", "105113330", "105115680", "105115720", "105115900", "106112770", "106113190", "106116120", "106116820", "106119990", "107113130", "107114950", "107115250", "107116340", "107117010", "107118820", "107121540", "108113620", "108114200", "108114670", "108115970", "108116120", "108118520", "108118630", "108120060", "108120621", "109116170", "109117600", "109118820", "109120150", "109120560", "110114651", "110114720", "110115580", "110115890", "110120700", "110121140", "111114121", "111115620", "111116411", "111116640", "111116750", "111117200", "111119300", "111119580", "111119610", "111120220", "111121220", "111121351", "111121410", "112116401", "112116850", "112116900", "112117471", "112118161", "112118471", "112118701", "112118860", "112119120", "112119320", "112119500", "112121010", "113117401", "113117550", "113117630", "113118870", "113119340", "113119480", "113120780", "113121010", "113121190", "113122120", "113122220", "113122510"], "labels": [0, 2, 3, 1, 2, 2, 0, 2, 0, 1, 3, 2, 2, 0, 1, 2, 1, 1, 0, 2, 2, 1, 0, 2, 0, 2, 1, 1, 0, 0, 3, 3, 2, 0, 3, 2, 2, 0, 2, 1, 3, 3, 3, 1, 3, 3, 2, 3, 2, 3, 0, 1, 1, 2, 0, 2, 1, 1, 0, 1, 3, 3, 0, 3, 2, 2, 1, 2, 3, 3, 2, 1, 3, 1, 0, 1, 1, 0, 1, 3, 2, 3, 1, 3, 2, 3, 0, 3, 2, 1, 0, 1, 1, 1, 0, 1, 3, 2, 1, 3, 3, 1, 2, 2, 3, 0, 1, 0, 0, 3, 0, 1, 3, 2, 3, 3, 0, 0, 0, 0, 3, 3, 0, 1, 0, 3, 1, 1, 2, 2, 3, 3, 0, 0, 0, 3, 0, 2, 1, 1, 1, 2], "predicted_labels": [3, 2, 2, 2, 2, 1, 1, 3, 0, 3, 3, 1, 2, 0, 2, 0, 1, 1, 0, 1, 3, 1, 3, 2, 2, 1, 3, 2, 1, 3, 1, 3, 2, 0, 3, 2, 2, 1, 1, 1, 3, 3, 1, 1, 0, 0, 2, 3, 1, 3, 3, 1, 2, 0, 3, 2, 1, 2, 3, 3, 1, 3, 0, 3, 2, 0, 1, 0, 1, 3, 1, 1, 0, 1, 0, 3, 0, 3, 2, 1, 2, 1, 2, 0, 2, 0, 0, 1, 3, 0, 1, 1, 2, 0, 1, 0, 3, 2, 2, 3, 2, 3, 3, 0, 0, 1, 1, 3, 1, 3, 3, 3, 0, 2, 0, 3, 0, 1, 0, 3, 0, 1, 1, 0, 1, 3, 0, 1, 2, 0, 3, 1, 2, 3, 0, 0, 0, 1, 3, 0, 3, 0], "confidence_scores": [[0.004095297339471576, 1.6347551214080665e-06, 0.0051427021284945465, 0.9907603657769125], [0.008468149497018773, 0.0002819156853642427, 0.8662979226225079, 0.124952012195109], [0.21219213850518986, 0.001614956355306278, 0.7861033999373469, 8.95052021569428e-05], [0.36307070347386167, 0.00036429504794975646, 0.4546234707248494, 0.1819415307533393], [0.0006812952933946287, 0.005776255154423184, 0.9911311846094757, 0.0024112649427063585], [0.018965709456099808, 0.8867713736602835, 7.332305066730999e-06, 0.09425558457855013], [0.11659467488213568, 0.4790378621145337, 0.0047147063093426885, 0.39965275669398787], [0.0001852856042715774, 0.016030798671747094, 4.76843808572759e-06, 0.9837791472858957], [0.7210435221967593, 0.2609599448576878, 0.0013189091844255836, 0.016677623761127365], [1.598499864361903e-05, 4.37088268553389e-06, 0.0013407719633236944, 0.9986388721553471], [0.00040947937601097114, 0.0008300070728324799, 0.001682054267804898, 0.9970784592833517], [0.09153044993969611, 0.5101580370910427, 0.012063493127986684, 0.38624801984127455], [0.16467439128561473, 0.056789661018543984, 0.45997151533330943, 0.3185644323625319], [0.7713010096002768, 0.187617172804021, 0.0005714190782882979, 0.040510398517414024], [1.682540619774635e-05, 6.726625258831478e-06, 0.9999614178523707, 1.5030116172680347e-05], [0.7589842150318674, 0.18634732468672413, 0.0008252259599747782, 0.053843234321433606], [0.00016882198681998894, 0.4859608885110343, 0.08463137890176549, 0.4292389106003802], [8.739147423918753e-06, 0.9999158553306431, 6.43949930040147e-05, 1.1010528928890098e-05], [0.6120850431763488, 0.0490283731470939, 0.11988451582384675, 0.21900206785271054], [0.3066229659321418, 0.4742926147227811, 0.2152039229274089, 0.00388049641766811], [0.0023846168251849572, 3.1165733867303188e-06, 0.004662317526617866, 0.9929499490748104], [0.4803518800421452, 0.509245932321308, 4.91779678116972e-05, 0.010353009668735124], [1.5446437032351605e-07, 0.000844575274369816, 6.540139683910959e-10, 0.9991552696072459], [0.00019259878491108848, 0.12815344502907808, 0.870412882516238, 0.0012410736697728326], [0.005694721001766013, 0.14819560189518496, 0.8452566471667148, 0.0008530299363341624], [6.69195328808962e-07, 0.9986866900510174, 4.816142857838315e-07, 0.0013121591393679302], [0.07301457654547824, 0.0064655929417897625, 0.4552268525546354, 0.4652929779580967], [1.7983033793900343e-05, 0.07623261288137916, 0.5911052279541755, 0.3326441761306513], [0.00037145992502764284, 0.9881598746424831, 0.0009228913148230906, 0.010545774117666247], [0.18296202512615467, 0.005362013205689013, 0.006780754569428287, 0.804895207098728], [0.00027890654503674256, 0.6366843185785189, 0.36185302391004276, 0.0011837509664013757], [0.01200882918866912, 0.002319810143429374, 0.1685143105502211, 0.8171570501176805], [0.012395053839846714, 0.0009252325173278525, 0.985574547871837, 0.0011051657709885748], [0.7341064082546495, 0.26300930070515033, 2.0293295165753113e-06, 0.0028822617106836687], [0.021667324942695937, 0.12388119348911364, 0.25764597882823337, 0.596805502739957], [0.0007504745922954459, 0.008598709629169834, 0.8768705861273403, 0.1137802296511945], [6.263192521525395e-07, 8.375349928195439e-08, 0.9999987073543666, 5.825728819178413e-07], [0.0008653556891346211, 0.9966396980684715, 0.0005893176443496924, 0.0019056285980441753], [0.030280504970884962, 0.5343260220615573, 0.023971633747570165, 0.4114218392199875], [0.0026223445028370775, 0.5730063049069742, 0.18327070134687348, 0.24110064924331523], [0.04924270431293569, 0.35490992063088755, 0.09496558522864029, 0.5008817898275365], [0.0005781357809009225, 0.00024788925378525117, 3.515387093085425e-05, 0.9991388210943831], [4.329641937972473e-08, 0.9998331202907957, 6.809720747842014e-05, 9.87392053064788e-05], [0.00012752396273177981, 0.9433956963110616, 0.0564732607369604, 3.5189892461841202e-06], [0.9837168229228639, 0.015347897053838457, 3.606586108909979e-06, 0.0009316734371887677], [0.8782593907501781, 0.11953820456960491, 2.0323186207102616e-05, 0.002182081494009889], [0.025131391766828534, 0.4309971767625009, 0.5382319922209821, 0.005639439249688468], [0.0006349023525631145, 7.28916781160913e-05, 0.00032507997840271603, 0.998967125990918], [0.005218521865197495, 0.9919224615100726, 0.002260265302222666, 0.0005987513225072423], [0.011125274182589942, 0.16925224366380046, 0.12420018910447095, 0.6954222930491387], [0.0013359747467155845, 0.0005192814560745394, 2.8840642183213936e-06, 0.9981418597329915], [0.22006223624485127, 0.48336200713369515, 0.05945588379639377, 0.23711987282505984], [0.00013949657275565927, 0.0010923580524803444, 0.7739002761451929, 0.22486786922957103], [0.9830064675950902, 0.0011451627743466106, 0.006393029193629111, 0.009455340436934244], [0.14724721647295705, 0.2509604788920269, 6.652739712798562e-05, 0.6017257772378881], [5.412892693836142e-05, 0.016055589318709432, 0.9837270638446023, 0.00016321790974987773], [0.4900378279957046, 0.4984649644181476, 0.00020827178147701648, 0.011288935804670842], [0.03125757236988118, 0.007792754422945363, 0.9602553319230162, 0.0006943412841572873], [0.0031503557936934704, 0.019704599112929027, 1.6236075685453725e-05, 0.9771288090176922], [0.0008217621231318341, 0.004734651547555219, 0.34637604349088447, 0.6480675428384285], [5.999235399243207e-06, 0.9987022030841103, 1.838818471923128e-05, 0.0012734094957712466], [0.0004410549167026812, 1.5591939163726682e-06, 0.00440251982040014, 0.9951548660689807], [0.8754935427067906, 0.004168205450699303, 0.001671136436230734, 0.1186671154062795], [0.05741269911133484, 0.2411097135855121, 0.34963300657520835, 0.3518445807279448], [3.651669109167522e-05, 1.8651302847861862e-06, 0.9987652878716269, 0.001196330306996683], [0.9717524199140063, 0.012099654720522976, 0.013901401846282968, 0.0022465235191880322], [1.6508286988373216e-05, 0.897942969851563, 0.0005652429043257071, 0.10147527895712295], [0.8749870036767273, 0.12419360506755164, 1.9407967061148253e-06, 0.0008174504590149893], [0.13219444709785158, 0.7253207227615563, 0.015748461106984444, 0.12673636903360755], [0.2733908241053336, 0.16245583652615095, 0.001411382839834948, 0.5627419565286805], [7.982301654462794e-06, 0.999940557961637, 2.2404791823022783e-05, 2.9054944885452257e-05], [0.0001455848395861985, 0.9656854758320602, 0.015031497590366953, 0.019137441737986382], [0.9975519607948264, 0.000259564842563284, 0.00035434356171836515, 0.0018341308008917498], [1.2435387504537142e-09, 0.5464581561655792, 0.452004866980383, 0.001536975610499082], [0.9977830327126003, 0.0018077464259130805, 0.0001523848596400868, 0.0002568360018464188], [0.0023539119724335176, 0.017556463321666653, 0.25928488252315157, 0.7208047421827484], [0.938913151954787, 0.00023721549022547562, 0.00040022336321555226, 0.060449409191772205], [0.0022454871958729914, 0.010078902931511183, 0.0005926142881221372, 0.9870829955844936], [5.6699352625326325e-05, 4.546979488963738e-06, 0.9999205315448507, 1.8222123034989046e-05], [6.671776931464258e-05, 0.6948817863450114, 0.00035185327669107983, 0.30469964260898297], [0.10979895231095112, 0.005864568332742002, 0.5048490973471945, 0.37948738200911253], [0.026739882389730414, 0.8541490237010292, 0.08802338185011387, 0.03108771205912666], [7.028002363269664e-05, 0.004140862418175924, 0.9957490298703762, 3.982768781526844e-05], [0.9783396233437311, 0.02136148322217003, 6.200164654213516e-05, 0.0002368917875567927], [0.04248144381095843, 0.19046171515821583, 0.7599677162466036, 0.007089124784222076], [0.8515753783794836, 0.0002584243017009031, 0.09057878753571139, 0.05758740978310412], [0.9295989164626293, 0.02087059583256717, 0.04951146162931865, 1.902607548506584e-05], [3.9449109201537727e-05, 0.999959827448152, 5.498669611745012e-07, 1.7357568528155032e-07], [2.072371424973975e-06, 7.89143882741655e-05, 4.0721284079581804e-07, 0.99991860602746], [0.9967385604518105, 1.0480537609780303e-07, 2.9322511324196164e-05, 0.003232012231489225], [0.000351143385365308, 0.9892805968862891, 0.0102877545065601, 8.050522178566303e-05], [0.007461186398941722, 0.7868024775125019, 0.13261487188074134, 0.07312146420781507], [4.664745746091207e-05, 0.10542180497569152, 0.8945311723369527, 3.752298948844154e-07], [0.707966607476417, 0.245923335512554, 0.004792078345369628, 0.04131797866565938], [0.00013500808178068066, 0.9951202666872173, 1.3268245296424593e-06, 0.004743398406472382], [0.8360583833215568, 0.13619050955066395, 0.0051009379140381245, 0.022650169213741068], [0.007316607654787358, 0.0029117811616273326, 0.0037756667784791874, 0.9859959444051061], [0.0013740765841873705, 0.0005147244239911635, 0.998102592753865, 8.606237956443482e-06], [9.258422607271231e-06, 0.17093562218787545, 0.7134198804392992, 0.11563523895021813], [0.08940985205378671, 0.3075001281247996, 2.06878084207039e-06, 0.6030879510405717], [0.010587868088617622, 0.00010347207745126014, 0.9786264328777138, 0.010682226956217294], [0.09019131859312257, 0.13598675732350374, 0.17502231687025885, 0.5987996072131149], [0.0028811509596825143, 0.058909802904858886, 0.017811055036199428, 0.9203979910992592], [0.5318220510210871, 0.27753213149749306, 0.07414264528615765, 0.11650317219526207], [0.598813866557509, 0.2555062770131979, 0.00012699227224379593, 0.14555286415704935], [2.922803045111598e-05, 0.9999620749540605, 3.634312170523388e-06, 5.062703317823947e-06], [0.1074211489656708, 0.4741651857689027, 0.0818484933803411, 0.33656517188508545], [0.015349722217622966, 3.0559077354771567e-07, 1.6384917738730688e-11, 0.9846499721752187], [0.10911640593947271, 0.5254430632273714, 0.36543172340477154, 8.807428384321262e-06], [0.0009511474694111771, 1.500368777589433e-05, 0.0009831997852224102, 0.9980506490575904], [0.007258149835888481, 0.4123005931843486, 1.6691070362382262e-05, 0.5804245659094005], [1.5779444053412992e-06, 0.006736607921070889, 0.00257544614050231, 0.9906863679940215], [0.9889957003367156, 0.0005353317134735753, 0.010310214628464369, 0.0001587533213465514], [0.0005354779761347828, 0.0031839661695799997, 0.9962701437443016, 1.0412109983794722e-05], [0.5964767744574864, 0.40344575388254067, 1.1820212825777577e-05, 6.565144714716237e-05], [0.001031817732124838, 0.11203485628722303, 0.00821984450758506, 0.878713481473067], [0.5027056815052917, 0.4842154856627916, 0.00030170833428578523, 0.012777124497630847], [0.0021589284412458524, 0.9887224268541894, 0.0019339501066037207, 0.007184694597961039], [0.812594117719235, 0.0005655446641512681, 0.012793929851506666, 0.1740464077651072], [0.06940740483029809, 0.13333918007737905, 0.0019372337809870795, 0.7953161813113359], [0.9491371012954115, 0.0335220830726734, 0.0002800190646048428, 0.017060796567310167], [0.0001736278200731496, 0.8966228669397205, 0.0017547535455724645, 0.10144875169463384], [0.01706236535372308, 0.8686076186474828, 0.0003096670256064639, 0.11402034897318772], [0.6125130530692382, 0.3514548736966099, 0.030705630414314494, 0.0053264428198374686], [0.0009091970342944288, 0.916773779507583, 1.0796412276078656e-05, 0.08230622704584659], [0.477005580677406, 0.0029556135330475694, 0.005051651894128931, 0.5149871538954175], [0.8908517236369575, 0.001172307158212596, 0.019132727914288432, 0.0888432412905415], [5.496861868038136e-06, 0.6564305928534442, 0.23634683796963254, 0.10721707231505517], [0.0013795183105972807, 0.029367957979570654, 0.969229333580061, 2.3190129771181238e-05], [0.8905408206569093, 0.0814739924578523, 0.00037093636454679974, 0.027614250520691545], [0.37497534689690076, 0.01709652946849309, 0.011307104676131429, 0.5966210189584747], [0.13654466255290612, 0.5384458481706037, 0.21521103230647562, 0.10979845697001453], [4.2323252228192814e-05, 0.03418217136337213, 0.6047949378626775, 0.36098056752172214], [0.09768507480010856, 0.43429224791387777, 0.003536379473975765, 0.464486297812038], [0.9532526849366589, 0.009554424410296974, 3.6694310015459107e-06, 0.037189221222042525], [0.9887457480174273, 2.1371357209954926e-05, 8.431529559265024e-07, 0.011232037472406796], [0.7211707117860557, 0.2014287702768259, 0.001675351662475261, 0.07572516627464318], [0.00026583418363996614, 0.44109689441270455, 0.21671665854174088, 0.34192061286191466], [0.0521900809902327, 0.3236048034043914, 0.017566647423338914, 0.606638468182037], [0.6976095346085645, 0.1964356024460465, 0.0550452155955619, 0.050909647349827045], [1.329207301429755e-05, 0.004360633087879015, 2.2470703627213277e-05, 0.9956036041354794], [0.9810280981505769, 0.003062502575735767, 0.01582563023844368, 8.376903524365716e-05]]}}