{"test": {"ids": ["110117500", "100109801", "106116370", "108118810", "110115250", "113120070", "110115140", "109118701", "102118380", "105113480", "111114121", "107119130", "105116090", "101108460", "97106600", "112118511", "113117550", "113122150", "108120060", "104119290", "107121640", "107118490", "99107660", "100111080", "109116930", "103111990", "100111270", "100116500", "107116980", "98110680", "102112170", "103113170", "104116441", "109121410", "97107821", "112120540", "103113270", "106114280", "97105580", "109119010", "109113281", "113120601", "113122120", "98119591", "113118630", "107121230", "105115570", "103111620", "112118421", "105113440", "101111140", "109117431", "113120591", "111118910", "104117200", "104114410", "111118301", "108115500", "108115970", "108121351", "110121140", "101111310", "101113210", "99109910", "99114890", "103120290", "101114020", "99112300", "112118880", "100113210", "111117200", "110114720", "98108370", "108115250", "108118630", "104111380", "112116401", "112118161", "104118070", "107114321", "98107210", "111121930", "100111380", "113121010", "99109840", "105115380", "101110740", "111120531", "113119320", "103113101", "113119360", "106112770", "105115250", "111117571", "99109161", "113118231", "113119450", "108118291", "97112300", "112116880", "99107950", "108119330", "109113881", "110114950", "107116340", "100120010", "112118701", "97116410", "109120150", "112121010", "100109000", "102112030", "104113380", "111119930", "108120621", "105116501", "107120130", "107113840", "102109010", "108114270", "111119250", "106120290", "100109980", "99108580", "100111620", "98109570", "112116850", "97118210", "108114200", "99108310", "108120700", "107120260", "113121410", "100108490", "98108580", "99111000", "110118880", "99107640", "113117340", "103111930", "112117431", "99110730"], "labels": [1, 0, 2, 1, 1, 2, 0, 3, 1, 0, 0, 1, 1, 0, 3, 1, 3, 2, 1, 1, 1, 2, 3, 0, 0, 2, 2, 2, 3, 2, 3, 3, 1, 0, 2, 3, 2, 3, 1, 3, 0, 2, 1, 1, 3, 0, 0, 0, 3, 0, 2, 1, 0, 0, 3, 1, 3, 3, 2, 3, 3, 3, 3, 2, 2, 2, 3, 0, 1, 0, 0, 3, 1, 1, 1, 3, 0, 0, 2, 0, 1, 1, 3, 2, 2, 1, 3, 0, 1, 3, 0, 1, 2, 3, 3, 3, 3, 3, 2, 0, 1, 0, 0, 0, 3, 0, 0, 3, 2, 2, 1, 2, 1, 1, 1, 1, 2, 3, 1, 3, 1, 2, 1, 0, 3, 1, 0, 2, 0, 2, 2, 1, 0, 2, 0, 2, 0, 1, 2, 3, 0, 3], "predicted_labels": [1, 3, 0, 1, 1, 1, 3, 1, 1, 1, 1, 1, 3, 3, 3, 1, 3, 1, 3, 1, 1, 1, 0, 1, 0, 1, 3, 3, 1, 1, 3, 1, 1, 3, 0, 1, 3, 1, 1, 3, 1, 1, 1, 1, 1, 3, 1, 3, 3, 1, 0, 3, 3, 1, 1, 3, 1, 1, 1, 1, 0, 1, 3, 1, 3, 1, 1, 3, 1, 3, 0, 1, 3, 3, 3, 1, 0, 1, 3, 1, 1, 3, 3, 1, 1, 1, 1, 0, 1, 1, 3, 1, 3, 3, 0, 3, 3, 1, 3, 1, 1, 3, 0, 3, 3, 3, 3, 3, 1, 3, 3, 3, 3, 3, 3, 1, 1, 1, 1, 3, 3, 1, 0, 0, 3, 1, 3, 0, 1, 1, 1, 3, 3, 1, 1, 1, 0, 0, 1, 1, 3, 2], "confidence_scores": [[0.21724276463620137, 0.34778460410528905, 0.14215046615237031, 0.2928221651061391], [0.20803922902151165, 0.27185702393323424, 0.11101275170067723, 0.4090909953445771], [0.36297775567114837, 0.20693986961117758, 0.10988413203606225, 0.32019824268161184], [0.1808011683100609, 0.35011744955642665, 0.1987173671443692, 0.2703640149891431], [0.171069320860907, 0.33492781592182697, 0.16089187622715154, 0.3331109869901145], [0.18210531366493496, 0.35103475226952463, 0.25618333133724974, 0.21067660272829059], [0.2617805068066945, 0.22527662590410094, 0.1308787215611648, 0.3820641457280395], [0.1754303504401374, 0.33659806884486176, 0.23600420767118427, 0.2519673730438167], [0.19402601796870877, 0.3316032328697422, 0.27225924540221097, 0.20211150375933817], [0.18316315427957847, 0.3116124438311521, 0.27625277368425677, 0.22897162820501268], [0.3074773017202293, 0.32104196047997074, 0.10145216103598165, 0.27002857676381825], [0.2064067846348279, 0.33735871646797194, 0.19515566312154353, 0.2610788357756568], [0.2786235248539202, 0.26398806582933476, 0.08942563729850467, 0.3679627720182404], [0.3171063004322947, 0.1972301625331389, 0.11928975975513806, 0.3663737772794283], [0.2460358326935399, 0.2780058066130212, 0.11627493975424603, 0.35968342093919314], [0.20320259632028065, 0.31689011893929364, 0.18764762631788684, 0.29225965842253876], [0.2203931049429927, 0.22484638864900602, 0.14040268617872664, 0.41435782022927486], [0.19099953235246026, 0.3632723341992663, 0.18578040133098486, 0.2599477321172889], [0.27047800372362596, 0.2849126069822759, 0.13196539046383182, 0.31264399883026633], [0.18527777708282156, 0.32329262887046806, 0.23210666546293313, 0.2593229285837771], [0.1903938766705717, 0.3115489509077503, 0.1809105695640451, 0.3171466028576328], [0.2268087397404976, 0.3411994038632538, 0.2656549156577994, 0.16633694073844943], [0.3893456019418213, 0.28561730369575994, 0.0697273656541458, 0.2553097287082731], [0.2298983116704133, 0.3386485278618097, 0.25724002001567486, 0.1742131404521023], [0.43031789981415663, 0.2470761555033549, 0.047215259530494796, 0.2753906851519938], [0.2644461210837963, 0.29020351644825965, 0.16584245399839825, 0.27950790846954604], [0.1467071001387701, 0.29549590637565276, 0.2625533499754539, 0.2952436435101232], [0.24489564581817258, 0.231843875467357, 0.25235614856862576, 0.2709043301458445], [0.29680856535572514, 0.40073208823341644, 0.06430902933941571, 0.23815031707144257], [0.16858783530680074, 0.40056826029012177, 0.3357008265354885, 0.09514307786758863], [0.3076249478346117, 0.2096080400486097, 0.13496401222014373, 0.34780299989663455], [0.18183831691104607, 0.3062697745217394, 0.25711861013016224, 0.25477329843705226], [0.2213185940876175, 0.33525134504850285, 0.134761175431894, 0.3086688854319859], [0.1763675754373357, 0.3230758362595583, 0.13224375769752, 0.36831283060558634], [0.27073966833887275, 0.2864303402970579, 0.22650761807569342, 0.21632237328837575], [0.2647843364191191, 0.40078254773552296, 0.15849491691921988, 0.17593819892613813], [0.1363363361816536, 0.2816340801256033, 0.34555509380129745, 0.23647448989144523], [0.2331391337239182, 0.3172065259461133, 0.16236609871929814, 0.28728824161067024], [0.16958668880741506, 0.38346757982109253, 0.2390748139252565, 0.20787091744623581], [0.14903823787464945, 0.26106713869102804, 0.214570212641254, 0.3753244107930683], [0.28887500440851493, 0.30341247324207266, 0.17668853215949054, 0.2310239901899219], [0.151042146889712, 0.3386734224434505, 0.2764840225601204, 0.2338004081067172], [0.21674593742371234, 0.3317891953856648, 0.13909211796733645, 0.31237274922328606], [0.2681119088019869, 0.28785937627554586, 0.20579485869919842, 0.23823385622326898], [0.1356446467113889, 0.384096923701705, 0.2483803268722347, 0.23187810271467135], [0.20369277819176498, 0.27203424606610177, 0.20254512301947517, 0.3217278527226583], [0.1293282093496974, 0.3279257439619358, 0.3372083145593445, 0.20553773212902232], [0.24162263240811027, 0.2959235427293756, 0.12229936294060507, 0.3401544619219089], [0.25113040953452265, 0.25720868154934945, 0.06812586795564173, 0.42353504096048594], [0.15622031954476734, 0.3818039266536447, 0.29875478719348825, 0.16322096660809957], [0.2772889326598457, 0.2734602044020458, 0.19689192327396682, 0.25235893966414197], [0.32184723569865203, 0.2517494726900181, 0.0659578214534701, 0.3604454701578595], [0.20334289331149186, 0.23903987772093319, 0.180820655917912, 0.3767965730496629], [0.23571968861723672, 0.28918807794568646, 0.19886247773373586, 0.276229755703341], [0.24405996770613228, 0.32114782679026055, 0.11994561022118885, 0.31484659528241815], [0.17325484864978352, 0.2951339225368081, 0.23802561646228157, 0.293585612351127], [0.27763794838242184, 0.29154621838591177, 0.2142029821991931, 0.21661285103247296], [0.24298150418857908, 0.3153292887194549, 0.15442438091814414, 0.2872648261738224], [0.21542732072645668, 0.3071999051888217, 0.1741083401294404, 0.30326443395528146], [0.2863500344777678, 0.28497092248805694, 0.1391715836222854, 0.28950745941189016], [0.3964127678342525, 0.22762516682375014, 0.050454872923964784, 0.3255071924180329], [0.23094455191332525, 0.30053240944965903, 0.2563056053551813, 0.2122174332818341], [0.2637817026731499, 0.264193751047913, 0.19114206820132842, 0.2808824780776086], [0.18410493566320466, 0.3356309290625944, 0.3424100764963402, 0.13785405877786103], [0.1181729084063001, 0.30547586263552906, 0.23210199666160852, 0.34424923229656235], [0.1411544524059003, 0.3293013230579125, 0.283675666505363, 0.24586855803082397], [0.2650491775772619, 0.28909101522054953, 0.15401943516243413, 0.2918403720397544], [0.25185661429817535, 0.2412229526253372, 0.15009871759723506, 0.3568217154792522], [0.28296865816511085, 0.2913915529770723, 0.11433230721987307, 0.3113074816379438], [0.21088349187302555, 0.2649815201670126, 0.13824167360836198, 0.38589331435160007], [0.34761139693295007, 0.23737450517499095, 0.07105960667349359, 0.34395449121856564], [0.1216195384494793, 0.35047891542828824, 0.303163796068352, 0.22473775005388072], [0.23662746436684218, 0.2533555709509973, 0.1951416203584599, 0.3148753443237006], [0.1609226163075879, 0.21765354635303658, 0.14219438391585465, 0.47922945342352047], [0.14804900915170802, 0.2783026753149989, 0.2582030547558213, 0.3154452607774717], [0.20189527227251047, 0.3205362087322648, 0.2855777296586175, 0.19199078933660732], [0.38780739023064575, 0.20029383341729454, 0.04176080323108522, 0.3701379731209746], [0.32603523144907015, 0.31063271360311584, 0.09701895301415249, 0.2663131019336614], [0.1166533070115729, 0.26864746331326367, 0.2742654642651405, 0.34043376541002296], [0.3173176346448195, 0.3179115482447125, 0.06422783558148885, 0.30054298152897907], [0.1425958616588373, 0.31503683987719994, 0.2659751912869695, 0.2763921071769936], [0.18818469159945272, 0.2794235268496031, 0.27858531368089806, 0.25380646787004624], [0.2195266263756681, 0.26356020170354066, 0.2012790243279324, 0.3156341475928588], [0.17545408029074858, 0.37468442825074216, 0.1943005399687008, 0.2555609514898084], [0.14396711742352844, 0.34222023591651113, 0.337818277465674, 0.17599436919428635], [0.1424273551801861, 0.3265142330347663, 0.278896460276252, 0.25216195150879583], [0.20380894614847306, 0.30454237759682046, 0.2466427943715106, 0.2450058818831962], [0.30649078181804895, 0.2900509839306013, 0.0838249503058513, 0.31963328394549834], [0.23340041188725122, 0.34253731102777263, 0.11572087801037272, 0.3083413990746034], [0.20209555550262437, 0.30526755334203964, 0.22894005088076524, 0.26369684027457063], [0.18891508952859337, 0.2249142868709634, 0.16179176717198673, 0.42437885642845663], [0.1501256564101955, 0.31707591736761825, 0.21481666277060407, 0.3179817634515824], [0.17337959867297587, 0.3034646682482417, 0.20386488143590806, 0.3192908516428745], [0.24680777707581592, 0.2956510301893216, 0.1130085034480432, 0.3445326892868192], [0.37068979254404116, 0.2785610437573945, 0.1679094547509428, 0.18283970894762144], [0.1455622501541263, 0.30962888837094765, 0.22174837935181832, 0.32306048212310756], [0.24794543416156753, 0.2966109596546987, 0.11710060575130404, 0.33834300043242976], [0.2973543037214832, 0.30268847032353585, 0.07504165881652149, 0.3249155671384595], [0.2383525945200108, 0.2607824713678867, 0.2429801170951843, 0.25788481701691823], [0.1764403485072558, 0.35801097917134034, 0.20575258913062855, 0.2597960831907756], [0.13210064562216495, 0.3932435871827406, 0.33349244589881366, 0.1411633212962807], [0.26289484359039006, 0.2858578226261769, 0.1268234197913552, 0.3244239139920777], [0.36737294331101333, 0.2835100219761647, 0.13031254641451367, 0.21880448829830815], [0.2525683453937566, 0.2676070633232799, 0.12277215520576862, 0.35705243607719495], [0.17729835603740263, 0.2847849391266069, 0.1947145320733794, 0.3432021727626109], [0.17839225093815847, 0.27209063963086644, 0.2749139990941181, 0.2746031103368571], [0.2347817756930229, 0.26812290816997236, 0.07705018413145331, 0.42004513200555155], [0.25531811066284205, 0.2544543786628098, 0.20126949280193923, 0.28895801787240905], [0.2349876532309295, 0.30690024874613103, 0.2498948842124172, 0.20821721381052227], [0.18690428205744145, 0.2833096845716621, 0.2319489785439856, 0.29783705482691075], [0.20186201464466486, 0.2450627407357869, 0.13124369539034364, 0.4218315492292043], [0.1708308606747206, 0.29301755481038183, 0.2705771113002613, 0.2655744732146367], [0.18793593877800674, 0.257123349072031, 0.18965267622421536, 0.3652880359257472], [0.2764403207502239, 0.2790679412694318, 0.13727197452953066, 0.30721976345081375], [0.2659109031071896, 0.2617767100205038, 0.13312332113509515, 0.33918906573721147], [0.2204790167508314, 0.3035061622499651, 0.14929511327838715, 0.3267197077208162], [0.2426784746210341, 0.34880833983163945, 0.17053548561092235, 0.23797769993640422], [0.2613478937732661, 0.347059778787604, 0.1355449075134813, 0.2560474199256482], [0.2103224204661507, 0.31405701571048256, 0.2788693223689797, 0.1967512414543871], [0.20985253668212672, 0.29090068664533225, 0.1215153769321811, 0.37773139974035985], [0.2880234842053657, 0.24704162768775892, 0.1053814496985991, 0.3595534384082763], [0.22915070437544324, 0.33694995298985336, 0.13838255469617947, 0.2955167879385237], [0.30095450310893246, 0.2575562146908651, 0.13627552211493743, 0.305213760085265], [0.34107814518943197, 0.3056013039374385, 0.14989423521801357, 0.20342631565511615], [0.19456753153308592, 0.2668213362107872, 0.250910282413201, 0.28770084984292593], [0.25564383591557094, 0.2788965364132997, 0.2023032582361074, 0.2631563694350218], [0.2092751324515905, 0.28300663474907783, 0.1187329715771559, 0.3889852612221756], [0.31973397021971967, 0.25563986207772355, 0.23458430275734263, 0.19004186494521394], [0.21014888015757827, 0.37552935046738034, 0.2211703898401971, 0.19315137953484415], [0.2319760587837831, 0.34016313900690714, 0.24052326411883823, 0.18733753809047132], [0.22286415055002823, 0.29686978104139367, 0.2179436455943906, 0.2623224228141876], [0.2189443828784707, 0.2937935918379841, 0.12786284173054555, 0.3593991835529995], [0.25022482300156385, 0.2449977711010728, 0.06867685887476414, 0.43610054702259904], [0.21141994373787482, 0.31029823113215543, 0.30504777483601103, 0.17323405029395839], [0.24566418797443515, 0.2946310678468535, 0.2537662686040271, 0.20593847557468417], [0.17366403479290035, 0.3076638472288991, 0.2329311130531529, 0.2857410049250478], [0.3455903765084245, 0.25932663453195476, 0.051371024932261755, 0.3437119640273588], [0.32172103236399435, 0.29238582256161094, 0.17100684838438956, 0.214886296690005], [0.23835339598392616, 0.3399392785576374, 0.11452251686101114, 0.3071848085974255], [0.2528032393978373, 0.29158411683807384, 0.1911868437602219, 0.2644258000038668], [0.295446727221087, 0.2816975273953183, 0.09673309444565095, 0.3261226509379439], [0.14512760348821935, 0.3225772167231093, 0.3761521122920988, 0.15614306749657272]]}, "rewritten": {"ids": ["97105580", "97106600", "97107821", "97112300", "97116410", "97118210", "98107210", "98108370", "98108580", "98109570", "98110680", "98119591", "99107640", "99107660", "99107950", "99108310", "99108580", "99109161", "99109840", "99109910", "99110730", "99111000", "99112300", "99114890", "100108490", "100109000", "100109801", "100109980", "100111080", "100111270", "100111380", "100111620", "100113210", "100116500", "100120010", "101108460", "101110740", "101111140", "101111310", "101113210", "101114020", "102109010", "102112030", "102112170", "102118380", "103111620", "103111930", "103111990", "103113101", "103113170", "103113270", "103120290", "104111380", "104113380", "104114410", "104116441", "104117200", "104118070", "104119290", "105113440", "105113480", "105115250", "105115380", "105115570", "105116090", "105116501", "106112770", "106114280", "106116370", "106120290", "107113840", "107114321", "107116340", "107116980", "107118490", "107119130", "107120130", "107120260", "107121230", "107121640", "108114200", "108114270", "108115250", "108115500", "108115970", "108118291", "108118630", "108118810", "108119330", "108120060", "108120621", "108120700", "108121351", "109113281", "109113881", "109116930", "109117431", "109118701", "109119010", "109120150", "109121410", "110114720", "110114950", "110115140", "110115250", "110117500", "110118880", "110121140", "111114121", "111117200", "111117571", "111118301", "111118910", "111119250", "111119930", "111120531", "111121930", "112116401", "112116850", "112116880", "112117431", "112118161", "112118421", "112118511", "112118701", "112118880", "112120540", "112121010", "113117340", "113117550", "113118231", "113118630", "113119320", "113119360", "113119450", "113120070", "113120591", "113120601", "113121010", "113121410", "113122120", "113122150"], "labels": [1, 3, 2, 2, 3, 2, 1, 1, 0, 1, 2, 1, 1, 3, 1, 2, 0, 3, 2, 2, 3, 2, 0, 2, 2, 1, 0, 1, 0, 2, 3, 3, 0, 2, 0, 0, 3, 2, 3, 3, 3, 1, 2, 3, 1, 0, 3, 2, 3, 3, 2, 2, 3, 1, 1, 1, 3, 2, 1, 0, 0, 2, 1, 0, 1, 1, 1, 3, 2, 2, 3, 0, 3, 3, 2, 1, 2, 1, 0, 1, 0, 3, 1, 3, 2, 3, 1, 1, 0, 1, 1, 2, 3, 0, 0, 0, 1, 3, 3, 2, 0, 3, 0, 0, 1, 1, 0, 3, 0, 0, 3, 3, 0, 1, 1, 0, 1, 0, 0, 0, 0, 0, 3, 1, 0, 1, 3, 2, 2, 3, 3, 3, 1, 0, 3, 2, 0, 2, 2, 0, 1, 2], "predicted_labels": [1, 3, 1, 0, 3, 0, 1, 3, 1, 3, 1, 1, 1, 0, 1, 1, 1, 0, 1, 0, 1, 1, 3, 3, 1, 3, 1, 3, 1, 1, 3, 3, 3, 0, 1, 3, 1, 0, 1, 3, 1, 1, 3, 3, 3, 1, 1, 3, 1, 1, 3, 1, 1, 3, 1, 1, 1, 3, 1, 1, 1, 1, 1, 1, 3, 1, 1, 1, 0, 1, 1, 1, 3, 1, 1, 1, 1, 3, 3, 1, 1, 1, 3, 1, 3, 1, 3, 1, 1, 1, 3, 1, 0, 3, 0, 0, 3, 1, 3, 1, 3, 3, 3, 3, 3, 1, 0, 0, 0, 0, 0, 1, 1, 3, 1, 3, 1, 0, 3, 1, 1, 0, 3, 1, 3, 1, 1, 1, 1, 3, 1, 1, 1, 3, 1, 1, 3, 1, 1, 3, 1, 1], "confidence_scores": [[0.20134719359602085, 0.353784578823203, 0.23999718613142446, 0.2048710414493517], [0.24879499099881522, 0.27273856644728894, 0.11663145642026469, 0.3618349861336313], [0.2344295936954329, 0.30891374028713736, 0.1862416841619045, 0.27041498185552515], [0.3269851679220963, 0.25989628704783235, 0.16843970846777592, 0.24467883656229528], [0.26147792103708617, 0.26617468923656745, 0.21499195014367928, 0.2573554395826671], [0.25246209984463686, 0.27719227647913636, 0.28787595508740244, 0.1824696685888244], [0.23215459527292986, 0.33902430505443093, 0.2476221106264957, 0.18119898904614368], [0.22465120573832967, 0.26275318223448646, 0.22728837497209262, 0.28530723705509126], [0.2219174712817509, 0.2953300790846686, 0.26504140672889914, 0.2177110429046811], [0.17028889122700436, 0.30009270417720313, 0.24602928197997073, 0.2835891226158219], [0.26651595899229397, 0.37536194924962313, 0.25143820625207414, 0.10668388550600867], [0.29481418797634734, 0.3098544762001274, 0.19850668754166298, 0.19682464828186236], [0.31547641276939625, 0.310601784380557, 0.1347744340355444, 0.2391473688145022], [0.3659434956218133, 0.28569854446376136, 0.076079434443271, 0.2722785254711542], [0.1467278759319306, 0.386061422926263, 0.3046558990938494, 0.16255480204795678], [0.22653231915877403, 0.32282918630676083, 0.22101381098426756, 0.22962468355019755], [0.3072475887892178, 0.3117280135292761, 0.17278857005526707, 0.20823582762623896], [0.33851963252717887, 0.2618802533666122, 0.14810684116535536, 0.2514932729408535], [0.206891743271578, 0.29942791518044615, 0.28807338813574446, 0.2056069534122313], [0.30523903175434536, 0.277468550752139, 0.2634308093575485, 0.15386160813596722], [0.16809405009111664, 0.32778704190492186, 0.337491273319538, 0.16662763468442357], [0.23842849638879823, 0.30927213830433, 0.21055418727242076, 0.24174517803445128], [0.24736073513074983, 0.26995119180177407, 0.16630498379863912, 0.3163830892688372], [0.1502693197810421, 0.30259384968600855, 0.2646687351721119, 0.2824680953608375], [0.24113371913178963, 0.3003885103190299, 0.27219247355537934, 0.18628529699380109], [0.18324468109864359, 0.25418501048342595, 0.19218174071526534, 0.3703885677026648], [0.21462000575732548, 0.30633154731987394, 0.1614117766806886, 0.31763667024211195], [0.2533979156798257, 0.28972150487610676, 0.15813624340573826, 0.2987443360383294], [0.19461066009526407, 0.33522694268106035, 0.2507879524741564, 0.21937444474951934], [0.14966773816250079, 0.34045736071234955, 0.30810656765859057, 0.20176833346655887], [0.198618056935207, 0.2717008417234502, 0.24805749346543646, 0.2816236078759065], [0.22190626643933867, 0.258178070081053, 0.20937303747463362, 0.31054262600497484], [0.1742602655458316, 0.28673359736231385, 0.1779893429355128, 0.36101679415634147], [0.2649956786851619, 0.25496881045239794, 0.2763280223632425, 0.20370748849919765], [0.21551588109619396, 0.29933537269581567, 0.30499083646166436, 0.18015790974632612], [0.323550318075757, 0.20165723432379704, 0.1339127454924123, 0.3408797021080336], [0.26266522812117205, 0.3385265529857698, 0.22180139042958721, 0.1770068284634711], [0.36827691549570224, 0.26002245373650973, 0.12370315633518654, 0.2479974744326014], [0.21367688745719524, 0.34191913016843994, 0.2706293487271085, 0.17377463364725618], [0.2644429677424682, 0.26380083608492944, 0.1877649490205885, 0.2839912471520141], [0.3036460617665531, 0.30331087480607777, 0.13718246737836615, 0.25586059604900313], [0.26472471555433236, 0.2912973963297347, 0.20376093581357319, 0.24021695230235998], [0.19571593707950388, 0.286093669321356, 0.2783699038924728, 0.23982048970666725], [0.347735411839291, 0.16958750088649283, 0.0984089253206947, 0.3842681619535215], [0.24130466283983243, 0.27950358995798014, 0.21952490702890629, 0.2596668401732813], [0.2108663207017753, 0.343851088772409, 0.22974551979501284, 0.21553707073080283], [0.20916592798688277, 0.3026226090838562, 0.276461871735666, 0.21174959119359524], [0.211476805948814, 0.27143589520372163, 0.18741374450143836, 0.32967355434602624], [0.20868190330487318, 0.3358931833402224, 0.18992674075486177, 0.26549817260004277], [0.1794619073450463, 0.3431935576351857, 0.2642956704529861, 0.2130488645667818], [0.15341341874297834, 0.28070187132968055, 0.3134186034074807, 0.25246610651986046], [0.18270238326864527, 0.330702370444824, 0.24126648264420597, 0.2453287636423246], [0.22693690889639867, 0.29451381454033826, 0.22159163278274582, 0.25695764378051694], [0.21471295319446923, 0.2780412651678362, 0.16641744882478549, 0.340828332812909], [0.24189770240491384, 0.29352417579730716, 0.22484241025036766, 0.23973571154741147], [0.19059425230287652, 0.35940248427731597, 0.24868955588023822, 0.2013137075395693], [0.2485702859202273, 0.2970186716957005, 0.18637658633757404, 0.2680344560464983], [0.19356566806623926, 0.28453001242982967, 0.21602011464280013, 0.3058842048611308], [0.2013456569802379, 0.3068154681380007, 0.21255650365228965, 0.27928237122947214], [0.2562543524638941, 0.34756770222151784, 0.22775373119962483, 0.16842421411496297], [0.2711894080785466, 0.3562649458945728, 0.2014343805986798, 0.17111126542820085], [0.17580812824704847, 0.32015990121779786, 0.2261045609289511, 0.27792740960620244], [0.17415821865725756, 0.3296091675416497, 0.2640233006554561, 0.23220931314563664], [0.14155223661247243, 0.330875192523911, 0.29095185067988727, 0.23662072018372918], [0.31782560600105364, 0.24473433511142795, 0.07699625655766332, 0.3604438023298551], [0.25446415479527357, 0.32897140574584693, 0.12940487008624083, 0.28715956937263865], [0.1646083266523309, 0.3391387719135791, 0.2427346114133507, 0.2535182900207392], [0.22044990863462394, 0.3287112983239122, 0.2022111757966594, 0.2486276172448043], [0.4052246388737775, 0.18861228711989084, 0.07395599817783541, 0.332207075828496], [0.22062837325523216, 0.3054459757679864, 0.15877110812420825, 0.3151545428525731], [0.2695259404588811, 0.3451834490770278, 0.101682042341284, 0.28360856812280716], [0.30981094449162133, 0.35505092888706474, 0.10420752461613265, 0.23093060200518095], [0.19816863207929833, 0.29534804864198716, 0.17967228812076905, 0.32681103115794546], [0.2898056005825561, 0.43685335119823654, 0.06680263105022788, 0.20653841716897972], [0.20059304054297913, 0.3658116540881555, 0.28875864626903186, 0.14483665909983354], [0.20488809871260924, 0.3286435727354988, 0.21076648173108523, 0.25570184682080704], [0.2675408533036, 0.3321250833411107, 0.17877372702286765, 0.2215603363324214], [0.2361387236066662, 0.2990005535627133, 0.12392929133625484, 0.3409314314943655], [0.2500025052098805, 0.2805637122901189, 0.19164199831738285, 0.27779178418261785], [0.15073265572159178, 0.32859713948784774, 0.24608385795407953, 0.274586346836481], [0.18234020915883362, 0.3464218812293674, 0.26601631236193424, 0.20522159724986447], [0.23308815000955907, 0.32561693787535734, 0.12852454136444594, 0.31277037075063757], [0.2014138763647967, 0.24065207880906075, 0.15037263299728099, 0.4075614118288613], [0.29187862413174004, 0.33600255188528944, 0.13228190534625192, 0.23983691863671844], [0.22718620611633503, 0.28533838658564875, 0.22341863592640712, 0.2640567713716093], [0.30761187568546944, 0.332635815221137, 0.09480471742535208, 0.26494759166804144], [0.22434515533591073, 0.2568993587762449, 0.18265676487934915, 0.336098721008495], [0.29105555835848507, 0.2987549900458817, 0.12631038272665865, 0.28387906886897496], [0.2733877108202765, 0.30867046561370387, 0.1341097327742971, 0.28383209079172234], [0.299093717818835, 0.2920659515763098, 0.1183842207457988, 0.2904561098590564], [0.26413844829695776, 0.2669812688353866, 0.17889910737056341, 0.2899811754970921], [0.21249382806594883, 0.30991795887830875, 0.23582036727514036, 0.24176784578060206], [0.32207880336723405, 0.26380373855238665, 0.11412841733689133, 0.2999890407434879], [0.21573480425114677, 0.2871820861338244, 0.2418302675143228, 0.2552528421007059], [0.404546119766616, 0.2631072474126633, 0.09522931923454811, 0.23711731358617266], [0.4504434728168893, 0.2561686411458607, 0.05032644049937098, 0.243061445537879], [0.25019063605543035, 0.2646268654775064, 0.16039574421242295, 0.3247867542546404], [0.16515053603258553, 0.3169317804047842, 0.25485381660810963, 0.2630638669545205], [0.1563572398652672, 0.30480183419642887, 0.249582717439196, 0.28925820849910805], [0.2443634451995619, 0.2801458799521502, 0.26186986848593274, 0.2136208063623551], [0.181840522191098, 0.32354525089285213, 0.13653513433752376, 0.35807909257852616], [0.185686915719548, 0.2922678445528565, 0.2922540849824165, 0.22979115474517905], [0.26465109644355167, 0.2878234394748045, 0.11183489791131027, 0.335690566170334], [0.25340037648597263, 0.23807627068558732, 0.18551878271075578, 0.32300457011768446], [0.2179928344783967, 0.2828978575812984, 0.15227544774339904, 0.3468338601969055], [0.23518755063185084, 0.35341990962480874, 0.15012823605101652, 0.2612643036923241], [0.3810644210006634, 0.2876032421977598, 0.04875838099830666, 0.28257395580327], [0.3457144643835781, 0.22339561182531883, 0.05765901284932923, 0.3732309109417739], [0.33115286093233987, 0.3061890567665407, 0.10199566280604337, 0.260662419495076], [0.3369717383223231, 0.27424062662411103, 0.08994001344140547, 0.29884762161216066], [0.2982458740578224, 0.2751923850114185, 0.14341905904010147, 0.28314268189065783], [0.2146690775975696, 0.3729790174766264, 0.231783993276626, 0.18056791164917818], [0.225314765288005, 0.309806660600769, 0.16120342633445617, 0.30367514777676946], [0.24441831199847416, 0.2591903431221167, 0.19624514832915516, 0.30014619655025393], [0.2445388628162998, 0.30486323012893357, 0.19008914001187702, 0.26050876704288933], [0.2667523590724363, 0.2793095474478382, 0.11066843117086238, 0.34326966230886297], [0.2561558384344503, 0.300827667741194, 0.2035316682225341, 0.239484825601822], [0.34180222417205786, 0.24880357920119808, 0.09179339279742689, 0.31760080382931716], [0.2267409952475464, 0.3020166366263951, 0.12446439563935109, 0.34677797248670755], [0.19965618927744977, 0.369624424090195, 0.1854067957259096, 0.24531259090644555], [0.1859011820829399, 0.3888507114860249, 0.21504715533358917, 0.21020095109744583], [0.3082327814037603, 0.2908982104343074, 0.1325917087148441, 0.26827729944708817], [0.22045666493059635, 0.26182529796794846, 0.1048313404191115, 0.41288669668234346], [0.2679654388037137, 0.28548882735323716, 0.22560299428177424, 0.22094273956127472], [0.2230496458606723, 0.3044377642056143, 0.1338696832367305, 0.33864290669698294], [0.27411619345484795, 0.31553178768053985, 0.14903241271993783, 0.26131960614467453], [0.31399582790020564, 0.3414249718253452, 0.09773545885233788, 0.24684374142211132], [0.164541121667794, 0.3282587013554242, 0.26509076466769105, 0.24210941230909097], [0.17480549467835726, 0.35758057132889226, 0.20886429880952445, 0.25874963518322625], [0.2560025557974989, 0.22446285925137446, 0.1272932558219459, 0.39224132912918125], [0.17582394176201885, 0.3237436382384691, 0.28304085724106176, 0.2173915627584503], [0.16599859635044867, 0.3607680088911027, 0.23908560551076896, 0.23414778924767937], [0.16648883832257275, 0.32779687143400527, 0.21262505711370466, 0.29308923312971724], [0.2164712057225853, 0.28198305155644693, 0.13205140586930467, 0.3694943368516632], [0.22698692724991917, 0.32723556940324394, 0.1386003729026878, 0.3071771304441495], [0.21400035356503352, 0.33673551798905355, 0.17669552738823718, 0.272568601057676], [0.27351190603620246, 0.23569443488160652, 0.12516197365418605, 0.36563168542800517], [0.15407721684098624, 0.3246924902022312, 0.25024564863543297, 0.2709846443213495], [0.12969492852657288, 0.4159102720972939, 0.22992568164261296, 0.22446911773352032], [0.2760739398611541, 0.2864481185333241, 0.08338737155224761, 0.35409057005327405], [0.19461363507748136, 0.3608570610992581, 0.2111017907297204, 0.2334275130935401], [0.23982737705807194, 0.3426624975936017, 0.19102161005583274, 0.22648851529249406]]}}