{"test": {"ids": ["110117140", "111114171", "99108080", "112119950", "103110840", "113119930", "110115140", "99107950", "110119891", "106120640", "107113200", "110120560", "97105960", "99108890", "98108970", "105118171", "108121190", "98110230", "109115220", "112121410", "110117500", "99114890", "108114180", "102116500", "112118550", "108119510", "107114950", "107112840", "111119250", "105117351", "105121370", "104111711", "111116010", "97106820", "103120531", "109117431", "101108460", "110115710", "105111990", "101115190", "99107500", "112118860", "108118810", "97114170", "113122220", "100109311", "109115070", "113121010", "109121640", "110118161", "103113101", "103111480", "107113130", "97116410", "110118630", "100113370", "108114270", "97109080", "113121750", "113118690", "111115910", "110115890", "113120780", "102112301", "99111930", "109113591", "109113931", "98110810", "111119300", "99108000", "101110150", "99110730", "106114880", "109114651", "111116750", "103111620", "99117740", "97116500", "99109740", "112116880", "99112531", "98109090", "110119300", "104118070", "113120640", "104109311", "106114280", "100120780", "110116290", "102113210", "112118511", "107116340", "113119320", "112116451", "109119460", "107118520", "99119830", "113118111", "109120540", "107113840", "98111620", "110118810", "97112290", "110114651", "99111440", "113120601", "103111110", "103110100", "106120290", "113117550", "103113260", "99108460", "113118820", "111120540", "111121930", "112119500", "104114740", "113120280", "98107210", "107119130", "97116401", "111120320", "105116090", "105112100", "108118520", "108115970", "112118581", "101111140", "101111990", "109120560", "108116501", "108116070", "112118530", "100108580", "98116500", "99109311", "109113881", "112117210", "112116900", "102112250", "101114990", "107113180"], "labels": [3, 3, 3, 0, 1, 1, 0, 1, 3, 3, 0, 0, 2, 0, 3, 3, 1, 3, 3, 0, 1, 2, 1, 1, 3, 1, 3, 1, 1, 0, 2, 1, 1, 1, 3, 1, 0, 2, 2, 1, 0, 3, 1, 2, 1, 1, 0, 2, 0, 0, 3, 0, 1, 3, 1, 3, 3, 2, 0, 3, 2, 2, 0, 1, 1, 3, 1, 1, 1, 2, 1, 3, 0, 3, 3, 0, 2, 2, 3, 0, 3, 1, 1, 2, 0, 3, 3, 1, 2, 3, 1, 3, 1, 0, 1, 2, 1, 1, 1, 3, 3, 1, 1, 3, 3, 2, 3, 1, 2, 3, 3, 0, 0, 1, 1, 2, 2, 0, 1, 1, 3, 1, 1, 1, 0, 2, 1, 2, 2, 1, 0, 1, 1, 0, 2, 1, 0, 1, 3, 0, 3, 3], "predicted_labels": [3, 3, 3, 3, 1, 1, 3, 2, 3, 1, 3, 3, 3, 1, 3, 3, 3, 3, 3, 3, 1, 1, 3, 2, 3, 3, 3, 1, 1, 3, 3, 1, 1, 3, 3, 1, 1, 1, 3, 2, 3, 1, 1, 3, 0, 3, 1, 1, 3, 1, 1, 1, 3, 1, 1, 1, 3, 1, 3, 0, 1, 3, 1, 0, 1, 1, 3, 1, 1, 1, 3, 3, 1, 0, 3, 1, 1, 3, 1, 3, 3, 3, 1, 2, 3, 3, 0, 3, 0, 3, 3, 0, 3, 3, 3, 1, 1, 3, 3, 3, 2, 3, 3, 1, 3, 3, 3, 3, 1, 3, 3, 0, 1, 1, 0, 1, 3, 3, 3, 0, 1, 1, 0, 3, 3, 3, 3, 1, 3, 3, 0, 1, 1, 0, 0, 1, 1, 3, 3, 3, 1, 1], "confidence_scores": [[0.2295039286716545, 0.2744959253057022, 0.19954101971577434, 0.29645912630686916], [0.31380449142294364, 0.1940577616434683, 0.12719812495460114, 0.3649396219789871], [0.2629797787010111, 0.21318406953057867, 0.2428325392600206, 0.28100361250838984], [0.29736470465345444, 0.24219569616847533, 0.14369157372829183, 0.31674802544977854], [0.2669072632914959, 0.26887692275356057, 0.20576586241521824, 0.2584499515397256], [0.2732973247351906, 0.3066638003968082, 0.1570939469907337, 0.26294492787726753], [0.2384132120863034, 0.2632509570386655, 0.15531873113929126, 0.34301709973573985], [0.180702902659591, 0.2709881912111316, 0.29385177112155647, 0.25445713500772105], [0.22885296705105737, 0.23925137749417416, 0.18931945218107277, 0.34257620327369565], [0.22053563229725093, 0.32853837158226484, 0.1739090912639971, 0.2770169048564873], [0.23516823850516896, 0.2414935881427072, 0.2179976684971653, 0.3053405048549587], [0.2615482378854914, 0.22750188806693927, 0.23195989461669084, 0.2789899794308786], [0.259985359300499, 0.24206950433531269, 0.22877326394575465, 0.2691718724184336], [0.23096730780142047, 0.3168218413417268, 0.17414639232736612, 0.27806445852948664], [0.21403512528435706, 0.2773082188951482, 0.2297831190759267, 0.2788735367445684], [0.252463697848797, 0.2712874756314813, 0.16911834583432378, 0.3071304806853982], [0.2463534257866573, 0.2768438938985513, 0.17465266099555624, 0.3021500193192354], [0.2834707810297492, 0.2604275843357639, 0.15243328574446896, 0.3036683488900181], [0.21694381282123115, 0.25739479399548254, 0.1931955213502885, 0.3324658718329981], [0.22369726484854127, 0.23938518243436366, 0.18991328790279172, 0.34700426481430346], [0.23835839236252934, 0.3296936705041785, 0.1492616441793511, 0.28268629295394126], [0.20756018654774874, 0.28606434738620107, 0.254895209670554, 0.2514802563954963], [0.20516953027825138, 0.25883063448717925, 0.15987846734911332, 0.37612136788545636], [0.23831077159543576, 0.24819251839484996, 0.2663389592599007, 0.2471577507498137], [0.18089003694826172, 0.27646657269284014, 0.15074177137375674, 0.39190161898514136], [0.2628752632502325, 0.26168410355762894, 0.2038639611487276, 0.27157667204341096], [0.29265431113664525, 0.20230916857006054, 0.1971851160088109, 0.30785140428448365], [0.2549726354192948, 0.28140355125552113, 0.2275728773238918, 0.23605093600129248], [0.2072542274529015, 0.3569696585251107, 0.18353819244234373, 0.252237921579644], [0.26672116598945494, 0.2649897356295179, 0.18049924717185006, 0.28778985120917716], [0.2595890347184361, 0.2553173509302515, 0.19612285908104188, 0.28897075527027066], [0.22440467248233936, 0.30207058439542683, 0.20750587531177786, 0.26601886781045586], [0.20283655933558237, 0.3154110699213051, 0.1869398529527347, 0.294812517790378], [0.20438241908310126, 0.27354092305360533, 0.1884596623853158, 0.33361699547797774], [0.25815866715201524, 0.26439334018008387, 0.17297626627896975, 0.30447172638893116], [0.22456685015342878, 0.2825132597024725, 0.22144690314235294, 0.2714729870017461], [0.18542164959710394, 0.3005736109911229, 0.24252885755619322, 0.27147588185558014], [0.2666650714805764, 0.320429327253337, 0.21336312355999687, 0.1995424777060898], [0.2599221811859712, 0.26089150435231334, 0.15255262570632921, 0.32663368875538623], [0.20444557421643014, 0.26179420057058755, 0.27731778851601296, 0.25644243669696964], [0.23099777725061418, 0.2634275062960127, 0.19340498547777807, 0.31216973097559514], [0.2675777722297048, 0.29565080352007006, 0.16355612692902086, 0.2732152973212046], [0.30324331493566636, 0.30645625652083064, 0.14578443617346803, 0.244515992370035], [0.23831487539538912, 0.24487700437657098, 0.2269650310160175, 0.2898430892120228], [0.29211335684082473, 0.23659045460544764, 0.19680863074209357, 0.27448755781163425], [0.23518711118709615, 0.23498437458536547, 0.18058801538928496, 0.3492404988382536], [0.26237345807610213, 0.32050703062414143, 0.16975648112180136, 0.24736303017795527], [0.20778545656895617, 0.3132806426926984, 0.1668942098031857, 0.3120396909351597], [0.23955978599293137, 0.28276839350910776, 0.17097769291962192, 0.30669412757833914], [0.2629521592075127, 0.29447965558446165, 0.17404549925383261, 0.26852268595419326], [0.227358886586299, 0.3017085331870297, 0.17863646481882645, 0.29229611540784495], [0.25598994307138884, 0.2733729388926882, 0.21804046265397412, 0.252596655381949], [0.2599492072012315, 0.23610904185176293, 0.22254164064389254, 0.2814001103031132], [0.24800823489202092, 0.2558109694887368, 0.25089608522417295, 0.24528471039506958], [0.2316432757287367, 0.28119806540005937, 0.2244583032261218, 0.2627003556450823], [0.20473089101496392, 0.28404247508717245, 0.25114489688958785, 0.2600817370082758], [0.24327085754112374, 0.24974256734613845, 0.13994780020910183, 0.3670387749036361], [0.27465182767422464, 0.31338219916525467, 0.1818691034024723, 0.23009686975804855], [0.27058763747690334, 0.25670637008824165, 0.15852768022433975, 0.31417831221051556], [0.2985452704690003, 0.2681475711319435, 0.16666710305495333, 0.2666400553441031], [0.24710522992474335, 0.2966788647784472, 0.19399325418186006, 0.2622226511149494], [0.22280801531906205, 0.29607023858177606, 0.17990645166069918, 0.3012152944384628], [0.2629191475933881, 0.3387624633270489, 0.14315276233285476, 0.25516562674670845], [0.26201021588966356, 0.2588716179467421, 0.26181564522728046, 0.21730252093631391], [0.1849519182071246, 0.30763894812060394, 0.2241157584357528, 0.2832933752365186], [0.2694007694272328, 0.30048313260198545, 0.20153936581058893, 0.22857673216019275], [0.23605483337609215, 0.23166656556727183, 0.17255127921752372, 0.3597273218391124], [0.2550447719494433, 0.2855271599307275, 0.22943601645851736, 0.22999205166131195], [0.23216518962079227, 0.29832874855803587, 0.18587454602067954, 0.28363151580049234], [0.20538764539158344, 0.28818496323233156, 0.234669138799477, 0.27175825257660824], [0.2637082443637302, 0.2580497189436064, 0.19749791283594711, 0.28074412385671643], [0.24313744209637256, 0.23802960299527076, 0.20522513710841778, 0.31360781779993896], [0.24143125890853687, 0.293761077896471, 0.2180677979477389, 0.24673986524725344], [0.34453075915383236, 0.21775222144601916, 0.14758497743015425, 0.29013204196999437], [0.3218410495101747, 0.1825362645307899, 0.14023957138633578, 0.3553831145726996], [0.22708283328198878, 0.2764535857284251, 0.24264140377101054, 0.2538221772185757], [0.24786051926395294, 0.2798844985970956, 0.19427896631171865, 0.27797601582723297], [0.25998344936587325, 0.2405549773273397, 0.23268277288693298, 0.26677880041985413], [0.21822317143705242, 0.30577814439881323, 0.2347719243464662, 0.24122675981766817], [0.2481487610725798, 0.24519340332284206, 0.18516615536924408, 0.3214916802353342], [0.23741438643342827, 0.215957757698785, 0.2218306646057929, 0.3247971912619941], [0.23192793164993716, 0.24363781561695086, 0.2380913859867912, 0.2863428667463209], [0.27929826437920996, 0.30336927611388903, 0.1738970983554055, 0.2434353611514955], [0.2128270431038956, 0.22782245944909435, 0.28376334629965766, 0.27558715114735244], [0.26304864091587155, 0.22650756903290512, 0.18820223142213482, 0.3222415586290886], [0.2879809841249292, 0.2699742211382993, 0.12745869850736957, 0.314586096229402], [0.29192542083333484, 0.26492900584490486, 0.16577525428679138, 0.277370319034969], [0.25958099056985234, 0.22393429817591493, 0.19545079664645293, 0.3210339146077801], [0.3149863602808988, 0.21007434310416304, 0.24361935870055246, 0.23131993791438574], [0.2414106728230554, 0.23618593065082627, 0.21436247915179454, 0.308040917374324], [0.18392530238872673, 0.3056610404917482, 0.19624345258063314, 0.31417020453889216], [0.28536279404130827, 0.25258113375044783, 0.18849616309733316, 0.2735599091109109], [0.2665302554817125, 0.2535848649967338, 0.14857024655744286, 0.331314632964111], [0.2875293691627676, 0.26979350557844234, 0.15225935465961843, 0.29041777059917157], [0.24391620766784108, 0.28460207312413655, 0.18446216586285005, 0.2870195533451722], [0.18747378872127748, 0.3328487599279878, 0.21433022184253084, 0.2653472295082038], [0.20409961547231756, 0.29794823953547256, 0.20341851284117546, 0.2945336321510346], [0.27875458702412725, 0.27817070214089984, 0.14160389578638732, 0.30147081504858547], [0.2816734488884569, 0.247770337374231, 0.18145296411597228, 0.28910324962133993], [0.2546110412309223, 0.22199325172649456, 0.18324071014711027, 0.3401549968954729], [0.19859088016522822, 0.2740831481607628, 0.2746009704344026, 0.2527250012396069], [0.2728293513507907, 0.2450197005285164, 0.16861432667913884, 0.31353662144155425], [0.2561501495946922, 0.2465287176740514, 0.21291438185274342, 0.284406750878513], [0.29031200829803466, 0.2954492226800076, 0.17706092673500162, 0.23717784228695626], [0.23842755142175284, 0.2601157415388706, 0.20924630725390808, 0.2922103997854687], [0.27167335880816545, 0.2295388660881624, 0.21229213154551513, 0.28649564355815693], [0.22715681764079704, 0.24901387278471937, 0.20372304128192606, 0.32010626829255784], [0.2515681483037407, 0.22208301814087034, 0.2257211443352515, 0.30062768922013766], [0.2546184649925993, 0.31562615595667914, 0.18487915121645127, 0.24487622783427032], [0.2653918489071603, 0.25476864285926926, 0.1635047949957696, 0.31633471323780116], [0.2526287619769867, 0.2470560492658999, 0.21540063395810422, 0.2849145547990091], [0.3065358950797515, 0.2604359718454723, 0.1548091077140041, 0.2782190253607721], [0.26415664351585766, 0.2941449605285772, 0.16832200189722774, 0.2733763940583376], [0.2201271373088081, 0.29212651194986383, 0.2184098525477018, 0.2693364981936262], [0.3411289290184586, 0.21444979949825738, 0.16378690267594748, 0.28063436880733633], [0.21598852619154613, 0.29542936785276697, 0.20696033808411293, 0.281621767871574], [0.2353327321070914, 0.2355209108893741, 0.23384712885480868, 0.2952992281487261], [0.3054469458921224, 0.18391102312411292, 0.1555167569052843, 0.3551252740784804], [0.24879149109126242, 0.24566121675251895, 0.2363255560069492, 0.2692217361492698], [0.29292672860022234, 0.25988919625302775, 0.1697099287096848, 0.2774741464370653], [0.24752797947972327, 0.3223933728998491, 0.2204961358796003, 0.2095825117408274], [0.24647206809122832, 0.31992201069016596, 0.147877285548504, 0.2857286356701016], [0.28230854739786926, 0.23516038375619958, 0.23937204714391835, 0.24315902170201287], [0.25910206111477796, 0.23096753273584544, 0.1937447291786561, 0.31618567697072053], [0.22756359438971951, 0.27906513919183673, 0.20738144779958292, 0.2859898186188611], [0.2920476352961854, 0.22372087442667435, 0.14824810431354632, 0.3359833859635941], [0.2367550277674088, 0.2737951136397215, 0.19403788052640572, 0.2954119780664639], [0.25209865919842517, 0.2973131157497773, 0.20302482278486536, 0.2475634022669322], [0.22345491945655493, 0.2572145535875726, 0.19434420862622923, 0.3249863183296433], [0.1834072866266174, 0.264233428110625, 0.25730368494911565, 0.29505560031364225], [0.317540980290704, 0.24475919798343296, 0.15304537566851092, 0.2846544460573524], [0.2729123038702994, 0.28551766108445276, 0.22524864475995726, 0.2163213902852907], [0.2462115081682283, 0.3280516107456704, 0.19839325141488284, 0.22734362967121854], [0.27771784494460594, 0.2062403495228539, 0.2752768601009554, 0.24076494543158497], [0.2875619586711066, 0.27339184112755144, 0.18932056112513646, 0.24972563907620576], [0.2351369961339068, 0.2769536909566487, 0.21405454197336668, 0.273854770936078], [0.2605554806677716, 0.3044661691499628, 0.2150106630415241, 0.2199676871407416], [0.2148217832658784, 0.2734364831791128, 0.20885560845237378, 0.3028861251026351], [0.2781521935715627, 0.22138994973140336, 0.16886314838239339, 0.3315947083146408], [0.23255651454201495, 0.21703585524447447, 0.22554318894028394, 0.3248644412732266], [0.21197175423952985, 0.3140717783544875, 0.2038522210569882, 0.27010424634899466], [0.23490425420222003, 0.2700881224726322, 0.25571397272698937, 0.2392936505981588]]}, "rewritten": {"ids": ["97105960", "97106820", "97109080", "97112290", "97114170", "97116401", "97116410", "97116500", "98107210", "98108970", "98109090", "98110230", "98110810", "98111620", "98116500", "99107500", "99107950", "99108000", "99108080", "99108460", "99108890", "99109311", "99109740", "99110730", "99111440", "99111930", "99112531", "99114890", "99117740", "99119830", "100108580", "100109311", "100113370", "100120780", "101108460", "101110150", "101111140", "101111990", "101114990", "101115190", "102112250", "102112301", "102113210", "102116500", "103110100", "103110840", "103111110", "103111480", "103111620", "103113101", "103113260", "103120531", "104109311", "104111711", "104114740", "104118070", "105111990", "105112100", "105116090", "105117351", "105118171", "105121370", "106114280", "106114880", "106120290", "106120640", "107112840", "107113130", "107113180", "107113200", "107113840", "107114950", "107116340", "107118520", "107119130", "108114180", "108114270", "108115970", "108116070", "108116501", "108118520", "108118810", "108119510", "108121190", "109113591", "109113881", "109113931", "109114651", "109115070", "109115220", "109117431", "109119460", "109120540", "109120560", "109121640", "110114651", "110115140", "110115710", "110115890", "110116290", "110117140", "110117500", "110118161", "110118630", "110118810", "110119300", "110119891", "110120560", "111114171", "111115910", "111116010", "111116750", "111119250", "111119300", "111120320", "111120540", "111121930", "112116451", "112116880", "112116900", "112117210", "112118511", "112118530", "112118550", "112118581", "112118860", "112119500", "112119950", "112121410", "113117550", "113118111", "113118690", "113118820", "113119320", "113119930", "113120280", "113120601", "113120640", "113120780", "113121010", "113121750", "113122220"], "labels": [2, 1, 2, 1, 2, 3, 3, 2, 1, 3, 1, 3, 1, 3, 2, 0, 1, 2, 3, 0, 0, 1, 3, 3, 3, 1, 3, 2, 2, 1, 0, 1, 3, 1, 0, 1, 2, 2, 3, 1, 0, 1, 3, 1, 1, 1, 3, 0, 0, 3, 3, 3, 3, 1, 2, 2, 2, 1, 1, 0, 3, 2, 3, 0, 2, 3, 1, 1, 3, 0, 3, 3, 3, 2, 1, 1, 3, 2, 1, 0, 0, 1, 1, 1, 3, 0, 1, 3, 0, 3, 1, 1, 1, 1, 0, 3, 0, 2, 2, 2, 3, 1, 0, 1, 1, 1, 3, 0, 3, 2, 1, 3, 1, 1, 1, 1, 1, 0, 0, 3, 1, 1, 1, 3, 1, 3, 2, 0, 0, 3, 1, 3, 0, 1, 1, 0, 2, 0, 0, 2, 0, 1], "predicted_labels": [0, 1, 1, 0, 3, 0, 3, 1, 3, 1, 1, 0, 0, 3, 0, 1, 1, 0, 0, 3, 3, 1, 1, 3, 1, 1, 3, 3, 1, 0, 1, 3, 1, 0, 3, 3, 0, 3, 3, 3, 0, 0, 3, 1, 0, 1, 3, 3, 3, 3, 3, 0, 0, 3, 1, 1, 3, 0, 0, 3, 3, 1, 0, 1, 3, 0, 1, 1, 0, 3, 0, 0, 0, 1, 0, 3, 3, 0, 1, 3, 3, 0, 1, 0, 3, 3, 3, 3, 1, 3, 3, 1, 1, 1, 3, 3, 3, 3, 3, 3, 3, 1, 3, 0, 3, 0, 3, 3, 3, 1, 3, 0, 1, 3, 0, 3, 0, 1, 1, 3, 1, 3, 1, 3, 3, 1, 1, 0, 3, 1, 3, 3, 3, 3, 3, 3, 1, 1, 3, 3, 3, 1], "confidence_scores": [[0.27826796153491967, 0.25856541959565726, 0.22661975193870196, 0.23654686693072116], [0.21126231183611924, 0.3059716623099614, 0.17797032848360195, 0.3047956973703173], [0.26486499805162295, 0.31225734989421217, 0.1822815601416785, 0.24059609191248668], [0.29509274302106914, 0.23527907831762387, 0.1909553047837334, 0.27867287387757345], [0.27495944248851667, 0.24857339310752202, 0.1802342064629717, 0.29623295794098975], [0.3020172443926057, 0.26374199536415055, 0.20283326364275436, 0.2314074966004894], [0.2572837356893083, 0.2580166739475861, 0.19454227805965446, 0.2901573123034512], [0.24583447831106833, 0.31462999944277975, 0.1665709943649677, 0.27296452788118414], [0.2744597674537486, 0.22301539457879277, 0.2090451168694069, 0.29347972109805176], [0.2595227137455199, 0.3038948767287494, 0.20708406455223444, 0.22949834497349605], [0.23428546263685418, 0.26832317842728165, 0.24167758267122352, 0.25571377626464065], [0.32527971199186806, 0.2712081206249998, 0.12918764358275872, 0.2743245238003734], [0.2740086389402986, 0.2457014018958019, 0.21678253663423255, 0.2635074225296671], [0.2542425408116525, 0.24564261316908365, 0.22337246534890898, 0.276742380670355], [0.3377238521363384, 0.22566674740343337, 0.11501694744780927, 0.32159245301241923], [0.2031147680362096, 0.295777971671907, 0.2281504683341645, 0.2729567919577192], [0.18744509962993855, 0.3176106214000777, 0.26933615543551137, 0.22560812353447254], [0.2664072431751789, 0.25985095174303025, 0.20865874814547616, 0.26508305693631473], [0.3110662597577818, 0.21890576191756225, 0.1862226250348591, 0.28380535328979684], [0.24217013180702487, 0.25211773849963753, 0.16110517842446315, 0.34460695126887453], [0.2531276074051633, 0.27523948493284384, 0.1916275039588616, 0.28000540370313126], [0.2685323964737345, 0.27232032767327796, 0.1944744741529513, 0.2646728017000362], [0.16957151675467785, 0.3031173829024117, 0.25573202285538926, 0.2715790774875213], [0.2449924638143649, 0.24785093087975862, 0.24333286336513443, 0.26382374194074215], [0.26281468277892317, 0.29187198798417346, 0.19760828956217583, 0.24770503967472787], [0.18297420582398835, 0.29991452857881895, 0.24956795950853486, 0.26754330608865795], [0.29280305185783156, 0.20593064739941372, 0.2001412240229272, 0.3011250767198275], [0.20806454130973834, 0.24627485895770904, 0.266993262343706, 0.2786673373888467], [0.24336337997706864, 0.32222623053601696, 0.1713589819697109, 0.26305140751720363], [0.2874399357622016, 0.27337526503499493, 0.16508986921448363, 0.2740949299883199], [0.26128889713307435, 0.2862814637052335, 0.23051289992814816, 0.2219167392335441], [0.25978016482313465, 0.27760995490458706, 0.15649513904056936, 0.3061147412317089], [0.22780456388231432, 0.28896096022995527, 0.23965605127439168, 0.24357842461333867], [0.2968572879313274, 0.24477637043996603, 0.196887692818799, 0.2614786488099076], [0.2662125121589126, 0.25557276607543306, 0.18913970089250473, 0.28907502087314974], [0.24125036089753688, 0.2840393131772452, 0.177306495225003, 0.297403830700215], [0.29121097764924725, 0.24929146214877726, 0.19462768427610225, 0.26486987592587324], [0.23275408078650206, 0.26405887428228125, 0.22032752779015918, 0.28285951714105756], [0.2333479624175585, 0.2740983832358116, 0.21674991437118504, 0.27580373997544483], [0.249793694756928, 0.2460500558873877, 0.21813105349650275, 0.2860251958591815], [0.30204014505521665, 0.22606426482430259, 0.17137088574928513, 0.30052470437119566], [0.3014847837856662, 0.238366333207195, 0.1797725869293895, 0.28037629607774917], [0.2353266008144007, 0.28293682529778713, 0.1947883935919313, 0.28694818029588115], [0.28572536568829593, 0.2925839287409048, 0.1857083119248754, 0.23598239364592388], [0.31115037764511067, 0.26309215473508835, 0.22608934179936988, 0.1996681258204312], [0.2830558034372258, 0.28798715723826696, 0.17598842857971317, 0.25296861074479404], [0.26306557071656045, 0.2704196109183748, 0.16941697574953352, 0.2970978426155313], [0.2540460500442179, 0.24895917303464318, 0.22232240642167267, 0.2746723704994664], [0.2289017349750773, 0.26274389243271346, 0.2379345793912842, 0.2704197932009253], [0.26462975568163505, 0.277365323986319, 0.17068018593870454, 0.2873247343933415], [0.3022044331936439, 0.21858302060843976, 0.1742836161126517, 0.30492893008526467], [0.3070522126624741, 0.29164936586744417, 0.1583702307902563, 0.24292819067982527], [0.3057836678937116, 0.2732490604491527, 0.12629279470039234, 0.2946744769567435], [0.25260254938165466, 0.24835270697580353, 0.19013873024508363, 0.30890601339745805], [0.22832749555028947, 0.3329575653732264, 0.17119607609075146, 0.2675188629857326], [0.2453475515388248, 0.2677918065948884, 0.2521219997807265, 0.23473864208556033], [0.2734479315465996, 0.2847500490601009, 0.13119438979029285, 0.3106076296030067], [0.3233833543478507, 0.23608515287407525, 0.14396964738579465, 0.29656184539227953], [0.2731617834792434, 0.24234359632066657, 0.21376738705417156, 0.2707272331459185], [0.2889597024776702, 0.214456932167378, 0.1842540533368893, 0.3123293120180625], [0.2939653903199343, 0.2423925954684498, 0.16240472973381612, 0.3012372844777998], [0.24136090258520945, 0.2850607472447295, 0.21743467649893444, 0.25614367367112667], [0.2868981699123426, 0.2377308496779902, 0.2052193514956996, 0.27015162891396755], [0.26042292256979194, 0.2687535310583107, 0.2106314507907271, 0.26019209558117046], [0.27123321546302376, 0.2738574401196897, 0.17903800852627633, 0.2758713358910103], [0.2814269185451233, 0.2567851256988503, 0.18314401184042314, 0.2786439439156034], [0.2759462228239506, 0.2791726675455402, 0.20539980104786978, 0.2394813085826397], [0.21625243674819483, 0.31579597010106786, 0.21305205566501445, 0.2548995374857232], [0.26976345749619723, 0.2556545955333109, 0.20732934396281094, 0.2672526030076812], [0.22669443374207313, 0.2590135136548356, 0.18177656281996565, 0.33251548978312573], [0.29390882139896407, 0.23431853394888535, 0.194644065244409, 0.2771285794077418], [0.29266069957922897, 0.23335185650370582, 0.18759382490485343, 0.2863936190122118], [0.32074044032034765, 0.2137646800641488, 0.194731750176713, 0.2707631294387909], [0.21424822761093984, 0.29589868103272116, 0.1969288261663692, 0.29292426518996983], [0.303876325495904, 0.23847065384683686, 0.18259944244881943, 0.27505357820844006], [0.2623402661579565, 0.269702584434029, 0.16990184771711733, 0.2980553016908972], [0.24504685522032665, 0.2359033146186674, 0.1543714801002636, 0.36467835006074223], [0.274947837997266, 0.26254811752377877, 0.19149408590572262, 0.2710099585732328], [0.285938958388486, 0.3134303120571743, 0.19714017542637008, 0.20349055412796951], [0.28500294664886894, 0.25197607603726047, 0.15742581013576865, 0.30559516717810203], [0.26412651411916543, 0.21509047668767559, 0.2240469063046302, 0.296736102888529], [0.29587967892062966, 0.24277192017208574, 0.1910673225324823, 0.2702810783748024], [0.27991119400346753, 0.28129333680145835, 0.17826050472296, 0.26053496447211416], [0.3143735728373825, 0.2529135893524142, 0.1895666395800254, 0.24314619823017794], [0.29352693944805763, 0.17676435748767425, 0.17988949225603992, 0.34981921080822814], [0.25260448540114305, 0.26491799263707855, 0.21313091193066455, 0.26934661003111393], [0.2353615543029494, 0.2875969947373643, 0.17183223503199385, 0.30520921592769257], [0.2707311689320538, 0.25902065200336544, 0.15661593703962842, 0.3136322420249525], [0.2853955895398599, 0.3143289274069643, 0.17494918906946416, 0.22532629398371187], [0.26962356516370173, 0.23401960904464641, 0.19061842985796257, 0.30573839593368934], [0.22338395150714785, 0.2854671875829183, 0.19057199254293117, 0.30057686836700276], [0.2157663706063206, 0.30739025173569096, 0.22193863763448374, 0.2549047400235048], [0.28473797408046475, 0.31218507754330926, 0.15960212985759772, 0.2434748185186283], [0.19613293119356393, 0.31968778307323326, 0.198815262597553, 0.2853640231356499], [0.21322116155967763, 0.26374626303277326, 0.1819560196343934, 0.3410765557731557], [0.276134415944907, 0.27080385976112153, 0.13323248775049798, 0.3198292365434736], [0.286849036916609, 0.21890387139789794, 0.16189804859650841, 0.3323490430889845], [0.22866740057832075, 0.26729292973004826, 0.21126401411940232, 0.2927756555722286], [0.2122927394151267, 0.2774466684234555, 0.22774826357593966, 0.28251232858547826], [0.27447023489742195, 0.2496273322285406, 0.1849987218079079, 0.29090371106612944], [0.2466674313910055, 0.2570332426344462, 0.1856088198044015, 0.31069050617014676], [0.2862788892614312, 0.3048101050696307, 0.13771182478417957, 0.27119918088475864], [0.27823031939989723, 0.26082850586516476, 0.1657262597580089, 0.29521491497692925], [0.31792803381886103, 0.27624005421307024, 0.17620844976502856, 0.2296234622030403], [0.21855401755424977, 0.26755327593735406, 0.23184315393104524, 0.282049552577351], [0.2844432090114965, 0.25297382088416415, 0.20128779431789542, 0.2612951757864441], [0.2570646914035202, 0.22959773990652502, 0.1880849327647104, 0.32525263592524445], [0.23907576212401974, 0.251831082229538, 0.23289209939458227, 0.27620105625186003], [0.25045961236924624, 0.27374325135250105, 0.14829908561131566, 0.32749805066693694], [0.2266173067302372, 0.30462026880773313, 0.18427584192673027, 0.2844865825352994], [0.21374265836686782, 0.26337468651763724, 0.19445266589689086, 0.3284299892186042], [0.3731326378774453, 0.15599389891123944, 0.18387599046719041, 0.2869974727441247], [0.2336810566757212, 0.3045275297109357, 0.16694978745787645, 0.29484162615546644], [0.2611649765588902, 0.27298943864454456, 0.1597748214304231, 0.30607076336614236], [0.3027171330958404, 0.2648042454207435, 0.17386546145700676, 0.2586131600264094], [0.2164494440798955, 0.27429857790122786, 0.19866004863824593, 0.3105919293806307], [0.3372112864089174, 0.21869952967289286, 0.16897017746674028, 0.2751190064514493], [0.29713942751717914, 0.30638288823816634, 0.1149532635318888, 0.2815244207127656], [0.28356926159118157, 0.3065003015278985, 0.18347873365594458, 0.22645170322497538], [0.2597343244976563, 0.24892515331761214, 0.17318842634336368, 0.3181520958413679], [0.26691712474466905, 0.2959630186989204, 0.1742163723330998, 0.26290348422331067], [0.27990679478021097, 0.24436575893473633, 0.17634838160056496, 0.299379064684488], [0.2796300613334615, 0.3303660746844353, 0.17304947319921968, 0.21695439078288348], [0.27024614687720805, 0.2733036489911253, 0.1488300059411236, 0.30762019819054326], [0.24428815758578395, 0.2740219934016355, 0.17381849027631102, 0.30787135873626953], [0.2506739546218256, 0.3138678474597055, 0.16385291841529065, 0.2716052795031784], [0.24618353440039548, 0.3190877535243661, 0.16450569085242, 0.2702230212228184], [0.34756067221593767, 0.23566096691217436, 0.13339922260653242, 0.2833791382653556], [0.23094464387901817, 0.28097460283986764, 0.1777815529685326, 0.3102992003125817], [0.2775910128802841, 0.28880111782559564, 0.19868679231017475, 0.2349210769839456], [0.23591884511037545, 0.28634821215522277, 0.15861896144490173, 0.3191139812895], [0.24627678714928516, 0.28319412457139337, 0.16586411528050105, 0.30466497299882056], [0.2535284586329513, 0.2665862657093291, 0.18205574072052622, 0.2978295349371935], [0.28987819651137736, 0.19842850596450526, 0.14282078247013075, 0.36887251505398666], [0.24890084832158418, 0.27860244556875957, 0.16825967362193409, 0.3042370324877222], [0.31798401868056325, 0.20769801639746263, 0.1288661366363677, 0.3454518282856064], [0.20607176944847755, 0.3077513875367915, 0.2252065810179242, 0.26097026199680684], [0.258351839833421, 0.2605456198298254, 0.23271153680425682, 0.24839100353249685], [0.2525271221521961, 0.26971269889464017, 0.20592559255381704, 0.2718345863993467], [0.22237913473167964, 0.3129279849175255, 0.13731478125828606, 0.32737809909250865], [0.2998370658363122, 0.22149251462676145, 0.15340724669316635, 0.3252631728437602], [0.28121276784565014, 0.29642879133651034, 0.1569326618194115, 0.2654257789984282]]}}