{"test": {"ids": ["104116441", "110114651", "111121930", "102112250", "102116340", "108116501", "112120630", "109118701", "110113931", "111118910", "102111990", "110118880", "105121190", "102109910", "104111990", "104113210", "113117550", "101114020", "111116750", "112116880", "101108460", "101117580", "112117471", "110116501", "104111380", "109114030", "108113620", "112116990", "107115250", "109119450", "111119290", "108118810", "108117610", "108115250", "111116290", "110114950", "100112060", "110120531", "111115780", "113118820", "110121500", "105116860", "106113260", "111119340", "108113740", "105117351", "105113190", "106114150", "108113700", "112116850", "111121351", "107114200", "109116750", "105119550", "112121410", "106111321", "113118870", "105113210", "98108970", "110118181", "104111711", "100109000", "112117431", "99120010", "112116610", "113122430", "103118291", "109117150", "109115220", "102110890", "107118490", "111116040", "102109850", "100108260", "108119550", "112119950", "112118860", "99108460", "111114121", "99109161", "102117351", "98106680", "111115910", "106117790", "113119360", "101115190", "103113610", "113121010", "110117870", "112121351", "98111670", "113121980", "103113260", "106116441", "101121640", "112117461", "103120730", "103110050", "108113480", "107113550", "99108890", "98117740", "99110050", "104114230", "107120130", "106117650", "97105451", "109120560", "105116650", "97106000", "102110500", "97107681", "111121410", "101109370", "97114170", "97112300", "97110950", "107118820", "109119010", "108115500", "112118930", "98106111", "110118630", "98108410", "111119150", "102110690", "110118740", "112116540", "113120260", "110114720", "104113000", "113121950", "105116501", "109119591", "104118340", "109114220", "104112470", "97107821", "97112290", "109117271", "104114240", "112118890"], "labels": [1, 3, 1, 0, 3, 0, 3, 3, 1, 0, 2, 0, 2, 2, 2, 3, 3, 3, 3, 0, 0, 3, 3, 3, 3, 1, 3, 0, 2, 3, 3, 1, 3, 1, 2, 0, 2, 0, 1, 0, 3, 2, 3, 3, 3, 0, 3, 1, 0, 0, 0, 2, 0, 1, 0, 0, 0, 3, 3, 1, 1, 1, 0, 2, 1, 2, 0, 2, 3, 0, 2, 0, 1, 3, 1, 0, 3, 0, 0, 3, 1, 1, 2, 1, 0, 1, 2, 2, 3, 0, 1, 2, 3, 0, 2, 0, 1, 3, 0, 0, 0, 2, 3, 2, 2, 1, 0, 1, 1, 0, 3, 3, 0, 1, 2, 2, 3, 3, 3, 3, 1, 0, 1, 1, 3, 0, 3, 1, 3, 3, 1, 3, 1, 0, 2, 3, 1, 2, 1, 0, 0, 3], "predicted_labels": [1, 3, 1, 1, 0, 1, 3, 1, 3, 3, 1, 3, 1, 0, 3, 3, 2, 1, 3, 3, 3, 1, 0, 1, 0, 3, 1, 3, 3, 1, 1, 3, 2, 3, 3, 1, 3, 0, 0, 0, 1, 3, 0, 3, 1, 1, 3, 3, 1, 3, 1, 1, 1, 0, 1, 1, 0, 3, 3, 1, 1, 3, 1, 0, 3, 3, 0, 3, 3, 3, 0, 3, 1, 3, 1, 3, 0, 1, 1, 2, 3, 3, 3, 1, 0, 3, 1, 0, 3, 1, 1, 0, 1, 1, 0, 3, 0, 3, 3, 0, 1, 3, 2, 0, 0, 1, 0, 1, 1, 1, 0, 1, 3, 1, 3, 0, 0, 3, 1, 3, 0, 3, 2, 0, 1, 3, 3, 1, 0, 3, 1, 0, 1, 0, 1, 3, 3, 3, 1, 3, 0, 3], "confidence_scores": [[0.18725369777215387, 0.37866154820720627, 0.14577050920385093, 0.2883142448167888], [0.15627109864022967, 0.12744471855440537, 0.10012483691875111, 0.6161593458866138], [0.3503121585378868, 0.35773740217319094, 0.07865089481247114, 0.21329954447645116], [0.22063615523601962, 0.3809648402932851, 0.14116375351583996, 0.25723525095485544], [0.39524231351274447, 0.18946748857019902, 0.1840581443822472, 0.23123205353480936], [0.18746776672917162, 0.4697383494059488, 0.11189265234857508, 0.23090123151630468], [0.2644367291235612, 0.21777533470586574, 0.09463244725320932, 0.42315548891736376], [0.13597237773519397, 0.369668653361286, 0.22434822611367683, 0.2700107427898433], [0.23054687607451416, 0.23980016892723044, 0.23229496437468033, 0.2973579906235753], [0.2320180830289631, 0.26276388279422325, 0.20538302788261323, 0.29983500629420046], [0.2571179183462388, 0.3189592149353532, 0.11682004899801474, 0.3071028177203932], [0.19618084531528804, 0.30595056096207357, 0.13493898119126266, 0.36292961253137573], [0.1832194477656083, 0.3917075388975335, 0.13536194002192717, 0.2897110733149309], [0.4809788369774399, 0.18187231692277378, 0.18947445314841552, 0.1476743929513709], [0.26370910035373046, 0.18052158003710092, 0.18841601195356514, 0.3673533076556036], [0.28222947495881834, 0.2013543166614999, 0.09516448123500203, 0.4212517271446797], [0.22922484051636993, 0.18342676556072837, 0.2989395784200052, 0.2884088155028966], [0.13621171145525404, 0.4846101612373324, 0.10769744549894052, 0.2714806818084729], [0.3023946474180683, 0.19492523075464072, 0.134792753574173, 0.3678873682531179], [0.16720736098798647, 0.22137856044577353, 0.13363633974053862, 0.47777773882570146], [0.23815027539389347, 0.32478731352591556, 0.10245813014431894, 0.33460428093587197], [0.19645840420159716, 0.46416559930011225, 0.15772171681940267, 0.18165427967888795], [0.33575553086840604, 0.24602868847362525, 0.11701054987146985, 0.30120523078649875], [0.25833274590109173, 0.42020665206499663, 0.10213487055745012, 0.21932573147646142], [0.2640426462905095, 0.25971519981188046, 0.26256289216930395, 0.21367926172830606], [0.1873613628881302, 0.21599723971647194, 0.2553932230774526, 0.3412481743179452], [0.17379493527198175, 0.4562492578320284, 0.10671577870220873, 0.2632400281937812], [0.21468926852274806, 0.2723807916916235, 0.20828458370732303, 0.30464535607830556], [0.11485386305635881, 0.17290205762884805, 0.0660041726062894, 0.6462399067085037], [0.1556903596340066, 0.3789142138471515, 0.2440054591785372, 0.22138996734030492], [0.2063530652974685, 0.29436361165028807, 0.29004435426038927, 0.20923896879185416], [0.16413311633207534, 0.17921453891490263, 0.21974940922184402, 0.43690293553117804], [0.1799733560037991, 0.2999354118664008, 0.3047792667902104, 0.21531196533958966], [0.27098981364300523, 0.18533998505701732, 0.18885305771337582, 0.3548171435866017], [0.16680862711697794, 0.29039496572261936, 0.18407333325434597, 0.35872307390605696], [0.16324004568315745, 0.41921895990027275, 0.09426285059352832, 0.3232781438230415], [0.17518981327752714, 0.2721251836993135, 0.21699488788919452, 0.33569011513396474], [0.39966651871527076, 0.3672910352116077, 0.06628742635973302, 0.1667550197133887], [0.2751321148651389, 0.22066962310684685, 0.23737898132878293, 0.2668192806992313], [0.40458234880070504, 0.2012043760870075, 0.11908060394125268, 0.2751326711710348], [0.2271491277489814, 0.3040017251721396, 0.2637508826819722, 0.20509826439690684], [0.07594962306884402, 0.18874604602204786, 0.07882196988325112, 0.656482361025857], [0.30416658253511947, 0.2281427648842809, 0.22246542261998137, 0.24522522996061832], [0.14234022085337292, 0.19399247289339097, 0.30199149322214536, 0.3616758130310909], [0.2532792774657652, 0.36627060030588265, 0.18556302984317025, 0.19488709238518204], [0.2637803481132055, 0.29022597379262516, 0.16450444907368633, 0.28148922902048296], [0.20003852350033594, 0.2770556319526786, 0.15413847631906574, 0.3687673682279197], [0.19331676343298573, 0.18875302435425112, 0.1422056572470379, 0.47572455496572535], [0.22187122598381034, 0.32587978220554104, 0.17759054565674395, 0.2746584461539047], [0.19064370832371696, 0.16460757691578237, 0.10545337230003071, 0.5392953424604701], [0.346698753689361, 0.3664590075682943, 0.0810352027609925, 0.20580703598135244], [0.14093345224055273, 0.40112662886614947, 0.1694701301627134, 0.2884697887305845], [0.19897374352869315, 0.41312468766410837, 0.10939054148047413, 0.27851102732672434], [0.3236538424794358, 0.3042847556998715, 0.0983704183354274, 0.2736909834852654], [0.21691271746167226, 0.32844516392007034, 0.14479287799784366, 0.3098492406204138], [0.1801371358471784, 0.3937603612888718, 0.12681273856796793, 0.2992897642959819], [0.35958918966495373, 0.28047250686179176, 0.12251222205797259, 0.23742608141528201], [0.22587129917328339, 0.17813550607107106, 0.22184556228715083, 0.37414763246849464], [0.17511341567263392, 0.2878998288335574, 0.17189760082163422, 0.3650891546721745], [0.2410041198902453, 0.3670120201174364, 0.12263174464071393, 0.2693521153516042], [0.1199772684272524, 0.35864218386949176, 0.16804891908704717, 0.35333162861620887], [0.2569379905997636, 0.2247599965017898, 0.2139805362153137, 0.30432147668313303], [0.10873099098297326, 0.5011174843005112, 0.07801242115442937, 0.3121391035620862], [0.30199541186866674, 0.24579602874659498, 0.20244219543937944, 0.24976636394535887], [0.3033339361652642, 0.23248519481006297, 0.12460007050178461, 0.33958079852288825], [0.17556523541795366, 0.27540025193510886, 0.09127609493155155, 0.45775841771538583], [0.4159379408872401, 0.17647457923568047, 0.164396024951164, 0.24319145492591543], [0.17777636466286953, 0.32228360115314714, 0.11632478858516199, 0.3836152455988213], [0.14620786692845533, 0.2836343196440681, 0.10158691797261767, 0.4685708954548591], [0.25587907690666906, 0.23790785566371522, 0.12010504293434476, 0.3861080244952711], [0.39855610176690803, 0.15793140683064646, 0.18597915582075963, 0.2575333355816857], [0.23147584532946408, 0.2345383100723975, 0.1096591842729803, 0.4243266603251579], [0.15382518290797187, 0.3761690004293374, 0.2963230219330857, 0.17368279472960507], [0.11864523442117714, 0.23959500065481135, 0.09321402986778138, 0.5485457350562302], [0.20730741622411408, 0.29512499890481586, 0.24150583373065032, 0.2560617511404198], [0.20454933451234936, 0.26371449643292766, 0.16366552676527105, 0.3680706422894519], [0.42796006424767385, 0.2559966261909009, 0.14324712505134998, 0.17279618451007522], [0.2531415254635014, 0.33972774040600573, 0.14167315046264267, 0.26545758366785027], [0.18662361572179956, 0.4366208780927314, 0.09858753584297095, 0.2781679703424979], [0.19954859915422624, 0.2306419069906154, 0.3314267644565991, 0.2383827293985593], [0.14431473137229692, 0.30370665038068245, 0.1050250532283723, 0.4469535650186484], [0.28413113801849404, 0.24806336994830053, 0.13087511672649152, 0.3369303753067141], [0.13516281585939086, 0.15779661543749854, 0.18735226843788114, 0.5196883002652295], [0.1454544395092776, 0.36637490011747703, 0.23574108596235405, 0.2524295744108913], [0.3306533914723318, 0.20458591206380136, 0.16808147585453195, 0.2966792206093348], [0.17583814301039416, 0.1665005171496983, 0.13943393038108828, 0.5182274094588193], [0.15194987395183598, 0.42651380104033815, 0.08738393613690489, 0.33415238887092097], [0.3562234087056439, 0.34590602593657094, 0.08957339517535508, 0.20829717018243027], [0.1835020007751263, 0.146580293391678, 0.13866406693255862, 0.5312536389006371], [0.15186301151501883, 0.4686108309742132, 0.17755190482028732, 0.2019742526904809], [0.26587491278119685, 0.29219387307044936, 0.18503434566492935, 0.2568968684834244], [0.40716015145534007, 0.21131886257368807, 0.0998427205271778, 0.281678265443794], [0.14470980535891625, 0.3797752386899564, 0.2482368958676513, 0.22727806008347615], [0.23148518063656978, 0.3350799164471502, 0.17096941199741783, 0.2624654909188623], [0.3303367837462798, 0.18123128767884028, 0.21487514104056243, 0.27355678753431756], [0.2749757963759655, 0.25220232905799445, 0.09297631276862285, 0.3798455617974173], [0.41186313403485736, 0.23452884552273706, 0.09439511916559025, 0.25921290127681523], [0.23944262381225284, 0.2696601842942387, 0.21521175326807188, 0.2756854386254365], [0.17595980483154086, 0.2488261691814631, 0.23037341308026943, 0.3448406129067267], [0.2650216894705443, 0.23746350457701404, 0.234120959430737, 0.2633938465217046], [0.14185207816809114, 0.3760903702496692, 0.19710324644233826, 0.2849543051399015], [0.24681391938495373, 0.22025409013627895, 0.2544797477172814, 0.27845224276148606], [0.22807297558832548, 0.23946454574003967, 0.31784802627729214, 0.21461445239434282], [0.34986676023641705, 0.2890800860940004, 0.160974236905767, 0.2000789167638154], [0.39026275123928955, 0.30289709025306116, 0.08967637454577064, 0.21716378396187863], [0.32250652162497684, 0.3699231548641288, 0.1250544295015862, 0.18251589400930826], [0.3409986165093984, 0.31526583892288074, 0.1257081767508343, 0.21802736781688653], [0.18215390654523045, 0.31045731483058453, 0.26157340096741794, 0.2458153776567672], [0.21682118763973543, 0.2835433502333222, 0.23199945785670187, 0.2676360042702404], [0.23485923099183365, 0.30977068242037836, 0.2549428123983159, 0.20042727418947212], [0.323579211714963, 0.20529623643859135, 0.17498272299962722, 0.2961418288468183], [0.14238417672231732, 0.5828287525034418, 0.08712738557921323, 0.18765968519502746], [0.17347168563672102, 0.2979773689079884, 0.09257997829413141, 0.4359709671611591], [0.18451972725037932, 0.3441337894171016, 0.15964134657275422, 0.31170513675976474], [0.1625274200220169, 0.24550443092588597, 0.2270814697164537, 0.3648866793356435], [0.2786363971217642, 0.2765396861904807, 0.1958584240475817, 0.24896549264017373], [0.39297501189490947, 0.20193702167350683, 0.18244376447662441, 0.2226442019549592], [0.3108707201812227, 0.22212416197613935, 0.08668873238326763, 0.38031638545937047], [0.22614950969942685, 0.31522296940240985, 0.22612326154585527, 0.23250425935230803], [0.17385669312668978, 0.2746851755013546, 0.18335096431327327, 0.3681071670586824], [0.42497777391798514, 0.29457898962984774, 0.11568366688292268, 0.16475956956924445], [0.3630570173182532, 0.17071559123333233, 0.10148334275672016, 0.3647440486916944], [0.1707827159808317, 0.1668571247268549, 0.4771532391009012, 0.18520692019141224], [0.34878241736310023, 0.2730054996912278, 0.15949378474335685, 0.21871829820231534], [0.262287080609478, 0.32889352116381787, 0.1422356392286977, 0.2665837589980065], [0.3063008105600911, 0.2448134036827732, 0.13965909073868008, 0.3092266950184556], [0.17438464557548775, 0.20735737286163278, 0.19893561910149687, 0.41932236246138277], [0.12424708705009095, 0.5283441280007483, 0.09038179589431279, 0.257026989054848], [0.5417775421286088, 0.133332282792181, 0.08998629356426645, 0.2349038815149436], [0.39702036652172323, 0.1044968598897416, 0.06694668359441597, 0.43153608999411935], [0.22231636637857954, 0.264957025434219, 0.24962418165423406, 0.2631024265329675], [0.4315080646353053, 0.27798959791918, 0.10744722268718863, 0.18305511475832603], [0.13045970029825996, 0.4814896593993223, 0.15441042916976583, 0.233640211132652], [0.35191328509217795, 0.2622337920994801, 0.11301777433380034, 0.27283514847454193], [0.25241390165774286, 0.2831526108824764, 0.18631412843933853, 0.2781193590204422], [0.2178763596349075, 0.16635677453111788, 0.11772573896320765, 0.49804112687076696], [0.2750569692363033, 0.26389945474272297, 0.1746581079830452, 0.28638546803792847], [0.1517157105060194, 0.2009482060416156, 0.3108190989055687, 0.3365169845467961], [0.19851924474176544, 0.40189198270930443, 0.13938017310734008, 0.26020859944159014], [0.13083264126660127, 0.23841944173451282, 0.06146236341479825, 0.5692855535840877], [0.32529057153268387, 0.18710946019360516, 0.2997453810938365, 0.18785458717987455], [0.17534021550300743, 0.23941166727563967, 0.2721663854874968, 0.3130817317338561]]}, "rewritten": {"ids": ["97105451", "97106000", "97107681", "97107821", "97110950", "97112290", "97112300", "97114170", "98106111", "98106680", "98108410", "98108970", "98111670", "98117740", "99108460", "99108890", "99109161", "99110050", "99120010", "100108260", "100109000", "100112060", "101108460", "101109370", "101114020", "101115190", "101117580", "101121640", "102109850", "102109910", "102110500", "102110690", "102110890", "102111990", "102112250", "102116340", "102117351", "103110050", "103113260", "103113610", "103118291", "103120730", "104111380", "104111711", "104111990", "104112470", "104113000", "104113210", "104114230", "104114240", "104116441", "104118340", "105113190", "105113210", "105116501", "105116650", "105116860", "105117351", "105119550", "105121190", "106111321", "106113260", "106114150", "106116441", "106117650", "106117790", "107113550", "107114200", "107115250", "107118490", "107118820", "107120130", "108113480", "108113620", "108113700", "108113740", "108115250", "108115500", "108116501", "108117610", "108118810", "108119550", "109114030", "109114220", "109115220", "109116750", "109117150", "109117271", "109118701", "109119010", "109119450", "109119591", "109120560", "110113931", "110114651", "110114720", "110114950", "110116501", "110117870", "110118181", "110118630", "110118740", "110118880", "110120531", "110121500", "111114121", "111115780", "111115910", "111116040", "111116290", "111116750", "111118910", "111119150", "111119290", "111119340", "111121351", "111121410", "111121930", "112116540", "112116610", "112116850", "112116880", "112116990", "112117431", "112117461", "112117471", "112118860", "112118890", "112118930", "112119950", "112120630", "112121351", "112121410", "113117550", "113118820", "113118870", "113119360", "113120260", "113121010", "113121950", "113121980", "113122430"], "labels": [0, 0, 3, 2, 3, 1, 2, 2, 0, 1, 1, 3, 1, 2, 0, 0, 3, 3, 2, 3, 1, 2, 0, 1, 3, 1, 3, 2, 1, 2, 3, 0, 0, 2, 0, 3, 1, 3, 3, 2, 0, 1, 3, 1, 2, 1, 1, 3, 2, 0, 1, 2, 3, 3, 1, 1, 2, 0, 1, 2, 0, 3, 1, 0, 1, 1, 0, 2, 2, 2, 3, 2, 0, 3, 0, 3, 1, 3, 0, 3, 1, 1, 1, 3, 3, 0, 2, 0, 3, 3, 3, 0, 1, 1, 3, 3, 0, 3, 3, 1, 1, 3, 0, 0, 3, 0, 1, 2, 0, 2, 3, 0, 3, 3, 3, 0, 0, 1, 1, 1, 0, 0, 0, 0, 0, 3, 3, 3, 1, 0, 3, 0, 0, 3, 0, 0, 0, 3, 2, 3, 2, 2], "predicted_labels": [0, 2, 1, 3, 0, 1, 1, 3, 0, 1, 1, 2, 1, 3, 3, 1, 2, 0, 0, 3, 0, 3, 3, 2, 3, 3, 3, 0, 0, 3, 1, 1, 0, 1, 1, 2, 3, 2, 2, 3, 0, 0, 1, 1, 1, 0, 3, 0, 0, 2, 1, 1, 3, 3, 3, 2, 3, 1, 1, 1, 3, 3, 1, 1, 0, 1, 3, 1, 3, 0, 3, 0, 0, 1, 1, 0, 3, 3, 1, 1, 3, 3, 2, 3, 3, 3, 1, 3, 3, 0, 1, 0, 3, 3, 3, 3, 3, 3, 3, 0, 2, 3, 3, 3, 1, 1, 2, 3, 3, 1, 0, 1, 1, 1, 3, 0, 3, 0, 3, 1, 3, 3, 3, 3, 3, 1, 0, 3, 1, 0, 1, 3, 1, 3, 1, 0, 0, 3, 3, 1, 3, 3], "confidence_scores": [[0.5274629912564107, 0.19093659435946303, 0.0939960930338436, 0.18760432135028257], [0.17111661257624133, 0.2935622955904366, 0.30897194545810247, 0.2263491463752196], [0.12884729092312125, 0.5664296017158682, 0.07884392673063273, 0.2258791806303778], [0.15988990454888793, 0.1696553772588229, 0.3071069204767454, 0.36334779771554376], [0.40054769864422246, 0.2656454243741149, 0.14924468289233972, 0.18456219408932292], [0.16725973010600825, 0.3973825131849658, 0.11218631832373596, 0.32317143838529006], [0.27255860673749344, 0.4406793481373144, 0.10231399394120402, 0.18444805118398802], [0.19136390360393676, 0.25228010127420897, 0.19037128589751615, 0.36598470922433823], [0.4457885938385127, 0.23334230449168605, 0.06381353951178832, 0.257055562158013], [0.272813461943054, 0.3751900672793535, 0.11033701032820568, 0.2416594604493869], [0.24953664927082717, 0.2900234390489636, 0.19480656051636905, 0.2656333511638403], [0.16626388370320883, 0.28140903188954464, 0.33682513812732456, 0.21550194627992206], [0.13559423475761684, 0.3137875415880541, 0.2548145324099138, 0.29580369124441525], [0.2314587944811258, 0.25352571275189606, 0.25388670152722287, 0.2611287912397552], [0.17703037941758826, 0.22678139362101296, 0.14940377360165488, 0.446784453359744], [0.12388442366202404, 0.5095295835631557, 0.11618203255583669, 0.25040396021898365], [0.23887351024537914, 0.2309583487473497, 0.3019917098176493, 0.22817643118962191], [0.35874323693162347, 0.21717096858016838, 0.2171919138925603, 0.20689388059564792], [0.3628969364854998, 0.19586830844700123, 0.16239346601318178, 0.2788412890543174], [0.1354506896238054, 0.25682272657548455, 0.10641729261020676, 0.5013092911905032], [0.3519383320508137, 0.18965294516946052, 0.2144884115643527, 0.24392031121537314], [0.22520662235561545, 0.25594906719253924, 0.17551041151001537, 0.34333389894182986], [0.20129032551674156, 0.27853975232392547, 0.12620217207297396, 0.393967750086359], [0.13036400290568473, 0.2437833649051703, 0.3371672340339626, 0.28868539815518235], [0.1407229842359424, 0.3541437320518228, 0.1178373381597047, 0.38729594555253016], [0.11777224078249997, 0.3631106353787701, 0.12606999791893875, 0.39304712591979124], [0.1872289138851825, 0.2519903713870312, 0.18566066522763533, 0.375120049500151], [0.28980451047623834, 0.20852910496516766, 0.22380353695518945, 0.27786284760340463], [0.3180963557449787, 0.31350391901921126, 0.23380307169595596, 0.13459665353985398], [0.28872353308714194, 0.1586123001124407, 0.24438547778399755, 0.30827868901641986], [0.27336856862207554, 0.3552329632153965, 0.10566372699151128, 0.26573474117101653], [0.27638432023744003, 0.3126516239575636, 0.13041179743823303, 0.2805522583667634], [0.3681750891352774, 0.19932555825758363, 0.1752105295162431, 0.25728882309089585], [0.1993630629068553, 0.4226625560245725, 0.18896782162708456, 0.1890065594414878], [0.20417721796486918, 0.3525457609171349, 0.1404563574109132, 0.3028206637070827], [0.1464282958573182, 0.2599411089165374, 0.34023433090690375, 0.2533962643192406], [0.1320124257302455, 0.2778167637213082, 0.09607204966039294, 0.4940987608880533], [0.21014885852164858, 0.22916887264840394, 0.30277042206948873, 0.2579118467604589], [0.12187985266853887, 0.20162604354383862, 0.4622283763183133, 0.2142657274693093], [0.21307399196117469, 0.33916582293246056, 0.10585089170536167, 0.34190929340100307], [0.3543724263221531, 0.22415247689129014, 0.1519554297867777, 0.2695196669997793], [0.3000707421096349, 0.28350059419951823, 0.1440278468799192, 0.27240081681092765], [0.2196868937557069, 0.3771101313898458, 0.19039973679265157, 0.21280323806179577], [0.14541793537062414, 0.4003340361143801, 0.1601511152545799, 0.29409691326041576], [0.15207277923798798, 0.5291827925675364, 0.16477825601654844, 0.15396617217792716], [0.42201076573840873, 0.19678175108133306, 0.10812719878996804, 0.2730802843902902], [0.18282814675073267, 0.272200318543182, 0.22748261258811756, 0.31748892211796764], [0.320471046895712, 0.2970989249260832, 0.1573007861203214, 0.22512924205788357], [0.34639496879428844, 0.17737241518301314, 0.21078689537457532, 0.2654457206481229], [0.28826928761061393, 0.1530184681302465, 0.3441464173970221, 0.2145658268621175], [0.16573376503539727, 0.3391131103180218, 0.24819697777236685, 0.24695614687421413], [0.2552236079899922, 0.3393158947278146, 0.15431701266674586, 0.2511434846154474], [0.18363727335760674, 0.2659273598108867, 0.189791024641038, 0.36064434219046865], [0.23631243370558297, 0.20565077189652387, 0.21572822460884897, 0.3423085697890442], [0.166370359100617, 0.3022607753913318, 0.16004016128759638, 0.3713287042204549], [0.18030096863623934, 0.25787488980849493, 0.37952102477653404, 0.18230311677873176], [0.1985499765288707, 0.27501534474791844, 0.18644015705288158, 0.33999452167032923], [0.1879111494183333, 0.48366320227310833, 0.13513750487860063, 0.1932881434299578], [0.1926381671625002, 0.33939004560955205, 0.14061233018811878, 0.32735945703982894], [0.17035646061717144, 0.3642075704158549, 0.11960706320021838, 0.34582890576675523], [0.13282576887789402, 0.308908427813074, 0.14675642955729248, 0.41150937375173957], [0.19712062822672716, 0.26924913597863437, 0.2634799907438142, 0.2701502450508242], [0.23163241026334883, 0.32066085615644696, 0.14556909128127468, 0.30213764229892953], [0.17626753081543084, 0.45133721003481087, 0.13696590039748976, 0.23542935875226859], [0.43541775735060634, 0.28648512756986366, 0.10820947784826174, 0.16988763723126818], [0.23278157619250125, 0.4005757883637596, 0.11385905375933995, 0.2527835816843993], [0.23183551888972956, 0.24794756591707467, 0.16094443886455173, 0.35927247632864423], [0.18475327363334465, 0.4121675485573472, 0.15657272728994534, 0.24650645051936287], [0.3677475201147189, 0.15276882832371033, 0.10007010203847658, 0.37941354952309436], [0.4288933600418919, 0.12674770544199815, 0.2331052848794557, 0.21125364963665427], [0.17777163062624862, 0.3154363281469248, 0.1695469599736954, 0.3372450812531313], [0.37373268771984774, 0.25373532503611407, 0.14691397614056684, 0.22561801110347143], [0.3008426068043143, 0.20559688252999356, 0.2155085864190878, 0.2780519242466044], [0.14696564601978462, 0.49648612348645704, 0.1030509268230378, 0.25349730367072054], [0.16926716023451188, 0.39585226917232863, 0.24960716800460814, 0.1852734025885514], [0.36875687747561825, 0.1937115450243892, 0.13267952668108493, 0.30485205081890765], [0.24689273167696996, 0.19528964465029441, 0.21928289136866708, 0.3385347323040686], [0.1787664535536283, 0.2062329633801894, 0.2865635504300107, 0.32843703263617163], [0.16392272771322813, 0.37878728493925207, 0.1754245166031925, 0.2818654707443273], [0.22912903332557719, 0.3067910509447023, 0.23104373791007857, 0.23303617781964187], [0.14633021423669942, 0.3467749201964764, 0.09287216020108045, 0.41402270536574365], [0.21058383153445162, 0.25148566082101415, 0.22786429919835985, 0.3100662084461743], [0.2460623691120551, 0.22541771902095215, 0.2918703621538568, 0.23664954971313606], [0.1659942736084775, 0.18364374999765354, 0.17900362244562504, 0.47135835394824394], [0.17279129899751822, 0.248089508467502, 0.1021283188480362, 0.47699087368694365], [0.15039904436357365, 0.35059572362391217, 0.13265048331199095, 0.3663547487005233], [0.1783073103151915, 0.43551085817815566, 0.12033877417032147, 0.2658430573363314], [0.09560524739524215, 0.2871306857822581, 0.14367870088985824, 0.4735853659326418], [0.20088454557615112, 0.31392126074916105, 0.15375466532996943, 0.3314395283447185], [0.31665147379346015, 0.25756117851722504, 0.21063769284579348, 0.21514965484352144], [0.19162948725765683, 0.36450870764004545, 0.17794093221202004, 0.26592087289027805], [0.35274296497513025, 0.2450960407196009, 0.11448882083385792, 0.28767217347141105], [0.28043114964270793, 0.28020275108741016, 0.15037273912051186, 0.28899336014937005], [0.22751397144370397, 0.2585717539468885, 0.15841770078008344, 0.35549657382932415], [0.17607160031915003, 0.20113662836538776, 0.11710051244464585, 0.5056912588708165], [0.25902435580909255, 0.24409756601933746, 0.08707315884899935, 0.4098049193225707], [0.14256136235582775, 0.24404377881949307, 0.1127178529687456, 0.5006770058559336], [0.2909865902693985, 0.2993288575924542, 0.10459074582801214, 0.3050938063101352], [0.1588859920544796, 0.23451288622891125, 0.16641607069482972, 0.44018505102177957], [0.3725781449099443, 0.2909258796220466, 0.13163063825742907, 0.20486533721058], [0.21269942711148845, 0.2653591385346543, 0.2705246020017515, 0.25141683235210555], [0.20158543116117614, 0.2803202978530139, 0.1896622719487236, 0.3284319990370864], [0.2268898805363488, 0.29343090742010214, 0.1334512960910578, 0.3462279159524913], [0.2142614871541711, 0.259248082427688, 0.11464715026077407, 0.41184328015736693], [0.16761327365652615, 0.38816473533079277, 0.19541988165894092, 0.24880210935373998], [0.1857093911429451, 0.4344819765563448, 0.10300334049465344, 0.2768052918060566], [0.20767934912598057, 0.19263992269288888, 0.3651588571368636, 0.23452187104426728], [0.12659874364477539, 0.14779843952472024, 0.23884256785115673, 0.48676024897934783], [0.20318478481197408, 0.28421866851430627, 0.10790806004893949, 0.40468848662478013], [0.2049452810336092, 0.4260607009985746, 0.24583492421504072, 0.12315909375277562], [0.48777733457878475, 0.17509768730953731, 0.08932641870009604, 0.24779855941158202], [0.18112260673633895, 0.3553542947186519, 0.14086781292650458, 0.32265528561850476], [0.24014356910107015, 0.3849841929886081, 0.1512495422096596, 0.2236226957006622], [0.2038315798638917, 0.3335562919525091, 0.27017046267990125, 0.1924416655036982], [0.16286401154654137, 0.2485687598509359, 0.28124311035828375, 0.307324118244239], [0.4051779700694588, 0.33968748319038455, 0.0775649101225321, 0.17756963661762468], [0.23630077012385034, 0.29864465312111976, 0.12171518131712325, 0.3433393954379065], [0.42671337042624435, 0.30067377475766804, 0.09580423515000516, 0.17680861966608247], [0.25387808177472765, 0.2454386319888376, 0.17997877232251483, 0.32070451391391985], [0.13289924773792244, 0.33513342862310275, 0.24090302525943158, 0.29106429837954323], [0.2527074240038382, 0.1541064704437205, 0.12056749220330545, 0.4726186133491359], [0.1643116469240488, 0.217544704046454, 0.1160231096090429, 0.5021205394204542], [0.21752096252234912, 0.18921972551372304, 0.17278761148470279, 0.4204717004792251], [0.22973161621810953, 0.2927869978191871, 0.09267308545073835, 0.38480830051196496], [0.16573550476080534, 0.2785682044393833, 0.09459442551294933, 0.46110186528686214], [0.16609988533995612, 0.34439939332095626, 0.16535018014817382, 0.32415054119091397], [0.3121395456994211, 0.2253221724155506, 0.1739823815502418, 0.28855590033478645], [0.27637343998638064, 0.20889737778076892, 0.2126956965516387, 0.30203348568121174], [0.28559690435877894, 0.3275981140381199, 0.1545806454985748, 0.23222433610452625], [0.37551070201254766, 0.2259007821296408, 0.1346615082685454, 0.26392700758926624], [0.2433621867320705, 0.3506404618882417, 0.12769687384047806, 0.27830047753920967], [0.20676092664349732, 0.2571760351196459, 0.25863351089720826, 0.27742952733964854], [0.22404866511494256, 0.35533526289250256, 0.133956378219078, 0.2866596937734769], [0.13690957915704147, 0.21364907600470312, 0.26050786698382844, 0.388933477854427], [0.28246442677860795, 0.33284386715810654, 0.10624655574998622, 0.27844515031329925], [0.3533159986813281, 0.26139400189623135, 0.13101219115903262, 0.25427780826340796], [0.3461484383278634, 0.22315664285655024, 0.1734422611789314, 0.25725265763665506], [0.28749516552053883, 0.25430147353177823, 0.12574484267079455, 0.33245851827688844], [0.22029319648764625, 0.32485645197189666, 0.11189920223703158, 0.3429511493034256], [0.2405612255265156, 0.37196810532163177, 0.14292319021888575, 0.24454747893296702], [0.3116356348860533, 0.22964197073405745, 0.11043299714069646, 0.34828939723919283], [0.24692240445484515, 0.22555945445897665, 0.17365151873277127, 0.35386662235340705]]}}