{"test": {"ids": ["113120260", "103113610", "111121410", "101109120", "101108080", "103120730", "111119930", "103111830", "113121680", "105118230", "100107920", "97106000", "104109311", "97107950", "113117550", "111116170", "111121351", "112119980", "106112770", "99120010", "110118630", "108120260", "102110890", "112117780", "108121351", "111116090", "103117200", "113122160", "103113270", "107113200", "110117140", "108121160", "101119030", "110118810", "113120591", "99111000", "110115580", "105113440", "112120630", "111119300", "104111550", "101121640", "109113881", "97112170", "98107380", "98107340", "100117420", "111117571", "112116810", "110114610", "106118161", "98107010", "113118511", "97109080", "99116500", "102110500", "108117360", "107118780", "103111480", "100111270", "99107640", "113122150", "100109890", "99112840", "97106970", "110120640", "104112201", "97109570", "103113640", "104118070", "108117610", "105112240", "105116090", "108115250", "110120531", "112120640", "107115140", "110115890", "113122230", "106117650", "110114651", "99110050", "103110220", "105116501", "101108621", "98107410", "108114180", "110118880", "113121810", "97113260", "107116300", "99109141", "110113931", "108113620", "98108410", "105120280", "113120751", "113119340", "112120540", "100109980", "104118340", "111119430", "109116441", "111119610", "106116441", "107120010", "111116100", "101117580", "113117630", "109116040", "99109860", "110118930", "113120280", "113121010", "99111440", "111115780", "106116120", "101108580", "110121500", "99107300", "111120320", "105120621", "103110050", "101112690", "101108121", "106119580", "98110710", "97110950", "107113130", "112117790", "101111310", "103120780", "99111930", "113118620", "102111990", "97112830", "111118910", "110118701", "106117770", "112116290", "101110740", "108116481"], "labels": [3, 2, 0, 1, 0, 1, 1, 3, 1, 1, 0, 0, 3, 2, 3, 0, 0, 0, 1, 2, 1, 1, 0, 0, 3, 3, 0, 3, 2, 0, 3, 2, 3, 1, 0, 2, 1, 0, 3, 1, 1, 2, 0, 0, 1, 0, 2, 3, 3, 1, 3, 3, 1, 2, 2, 3, 1, 1, 0, 2, 1, 2, 3, 2, 2, 0, 0, 0, 1, 2, 3, 1, 1, 1, 0, 0, 0, 2, 1, 1, 3, 3, 2, 1, 0, 3, 1, 0, 2, 1, 0, 3, 1, 3, 1, 3, 1, 0, 3, 1, 2, 3, 3, 2, 0, 1, 3, 3, 0, 0, 2, 1, 0, 2, 3, 1, 1, 0, 3, 3, 1, 1, 3, 1, 0, 3, 2, 3, 1, 3, 3, 1, 1, 3, 2, 2, 0, 3, 0, 0, 3, 0], "predicted_labels": [1, 3, 1, 1, 3, 0, 3, 3, 1, 1, 3, 3, 0, 1, 0, 3, 1, 3, 1, 1, 3, 1, 0, 3, 1, 3, 1, 3, 3, 3, 3, 3, 1, 3, 3, 1, 0, 1, 3, 1, 1, 1, 3, 3, 1, 2, 1, 3, 3, 1, 1, 3, 3, 1, 3, 3, 1, 3, 0, 1, 1, 3, 0, 1, 3, 1, 3, 3, 3, 1, 3, 1, 0, 1, 3, 1, 3, 1, 1, 1, 3, 1, 1, 3, 1, 3, 3, 3, 1, 3, 3, 3, 3, 3, 1, 3, 3, 0, 3, 1, 3, 3, 3, 1, 1, 3, 1, 0, 1, 3, 1, 3, 0, 3, 3, 1, 1, 3, 1, 3, 1, 3, 1, 0, 1, 1, 3, 1, 1, 0, 0, 1, 1, 1, 1, 3, 3, 1, 3, 0, 1, 0], "confidence_scores": [[0.25105383505383494, 0.2910735077830666, 0.2032901196026196, 0.2545825375604788], [0.22637788600288594, 0.2833337218337219, 0.1968391053391053, 0.2934492868242869], [0.23668030580530583, 0.3216073232323231, 0.2064458874458874, 0.23526648351648347], [0.1846729797979798, 0.3464443750693751, 0.2267368881118882, 0.24214575702075705], [0.23785984848484848, 0.2732685786435785, 0.17306408868908865, 0.3158074841824842], [0.28103558941058937, 0.2609578477078478, 0.245427405927406, 0.212579156954157], [0.26046386946386946, 0.26174841824841816, 0.1779794927294927, 0.29980821955821957], [0.2825072150072151, 0.21311489898989905, 0.19020006382506385, 0.3141778221778222], [0.16262043512043511, 0.3081263181263181, 0.23895256132756137, 0.29030068542568543], [0.1982188852813853, 0.32961886724386735, 0.19018452380952383, 0.2819777236652238], [0.22949819624819628, 0.25312859362859363, 0.1834388528138528, 0.3339343573093573], [0.18633275058275064, 0.2547213134088135, 0.25161755605505615, 0.3073283799533801], [0.2838661616161616, 0.2617792207792209, 0.1751656399156399, 0.27918897768897777], [0.2276312229437229, 0.27903039321789325, 0.2243497474747475, 0.26898863636363635], [0.2941784881784883, 0.23321733821733823, 0.20235778110778113, 0.27024639249639265], [0.24607564219406328, 0.291388347763348, 0.14353125091282984, 0.3190047591297592], [0.2141642940392941, 0.35363832001332, 0.19913701576201576, 0.23306037018537012], [0.22928306415806418, 0.27736736874236867, 0.1909958513708514, 0.30235371572871583], [0.22119444444444444, 0.2975905483405483, 0.23683766233766235, 0.244377344877345], [0.22409470646312754, 0.28879527417027423, 0.21154400205058096, 0.2755660173160174], [0.20951641414141417, 0.2994758852258853, 0.16030970418470417, 0.3306979964479966], [0.28769642857142846, 0.294722582972583, 0.16479617604617597, 0.2527848124098125], [0.2861913364413365, 0.21946288433788438, 0.2387713397713398, 0.25557443944943947], [0.24695544733044728, 0.2688069985569986, 0.18317261904761903, 0.3010649350649351], [0.19481535131535133, 0.3094061494061493, 0.24613419913419915, 0.24964430014430025], [0.2875510808635809, 0.25241823944029834, 0.16637518037518034, 0.29365549932094054], [0.24094282106782106, 0.33747703685203684, 0.1670748556998557, 0.2545052863802864], [0.24140205627705622, 0.2517612734487734, 0.2046422258297259, 0.30219444444444443], [0.2026741730491731, 0.2550908397158398, 0.20001606726606724, 0.34221891996891995], [0.27672594072594076, 0.2417857142857143, 0.1288424075924076, 0.3526459373959374], [0.182159632034632, 0.2653176961926962, 0.16978336940836936, 0.3827393023643023], [0.21401848845598848, 0.2958577394827396, 0.18363497613497615, 0.30648879592629585], [0.2623512598512599, 0.3075114330114331, 0.1822619047619048, 0.24787540237540234], [0.2380212287712287, 0.2236589105339106, 0.2102812604062605, 0.3280386002886004], [0.24067350704850704, 0.21950803363303364, 0.15606761294261295, 0.3837508463758465], [0.20812914862914858, 0.29999224386724394, 0.2328512182262182, 0.2590273892773893], [0.33277833277833296, 0.24214298201798207, 0.20637866300366295, 0.21870002220002224], [0.26782756132756136, 0.2878714826839827, 0.17194453463203466, 0.27235642135642135], [0.18977891552891546, 0.2777390526140527, 0.18854767454767452, 0.34393435730935723], [0.20612476412476408, 0.29593740981240985, 0.20562283549783547, 0.2923149905649907], [0.20858466533466527, 0.33402122877122886, 0.2050676406926407, 0.2523264652014653], [0.2312075563325563, 0.2761390692640693, 0.22066756854256858, 0.2719858058608059], [0.27575059662559664, 0.2593872377622379, 0.17599618437118436, 0.28886598124098134], [0.27146615394409523, 0.2544147935397936, 0.16326281153487032, 0.3108562409812409], [0.27932679820179823, 0.2798476384726385, 0.1763511766011766, 0.2644743867243868], [0.2245361305361306, 0.24763619713619708, 0.2909797286047286, 0.23684794372294374], [0.23732937895437892, 0.2679297091797092, 0.24074433899433895, 0.25399657287157296], [0.24491919191919198, 0.2625027056277056, 0.17345652958152966, 0.31912157287157294], [0.19727283827283826, 0.2748174603174603, 0.2085870795870796, 0.31932262182262183], [0.23663537157287162, 0.3243958402708403, 0.226552725052725, 0.2124160631035631], [0.21537179487179486, 0.33010912698412687, 0.1689845848595848, 0.2855344932844934], [0.28097639860139867, 0.2601617132867133, 0.1629244782994783, 0.2959374098124098], [0.26494642857142864, 0.27330748418248424, 0.1866284826284826, 0.2751176046176046], [0.19339796641267226, 0.3286761335070158, 0.21699794404941466, 0.26092795603089725], [0.2045416666666667, 0.30006451881451873, 0.18325979575979573, 0.31213401875901886], [0.2695321900321901, 0.21729288766788765, 0.18790244477744478, 0.32527247752247745], [0.20527453102453108, 0.2958549783549785, 0.22042857142857136, 0.27844191919191924], [0.27974134199134204, 0.2112812049062049, 0.16769264069264067, 0.3412848124098124], [0.29295197857697863, 0.259472582972583, 0.2288025446775447, 0.2187728937728938], [0.20137569375069372, 0.30637229437229435, 0.21218437118437122, 0.2800676406926407], [0.22186405955155952, 0.30390142496392497, 0.21630792124542125, 0.25792659423909425], [0.2024691835941836, 0.26056955544455546, 0.15936428848928844, 0.3775969724719724], [0.28235660173160176, 0.26856511544011535, 0.24827398989898997, 0.20080429292929292], [0.21513302669552664, 0.2942156385281386, 0.21184415584415578, 0.27880717893217893], [0.22461673049173048, 0.2759261155511156, 0.1824155982905983, 0.3170415556665558], [0.22192505411255412, 0.31345847902097906, 0.20550541125541133, 0.25911105561105563], [0.25682918470418475, 0.24654978354978355, 0.1982090548340549, 0.2984119769119769], [0.26360638666888664, 0.20704107004107006, 0.18808603896103893, 0.3412665043290044], [0.28271753246753256, 0.2374077311577312, 0.1574909673659673, 0.322383769008769], [0.24865079365079368, 0.3004231601731602, 0.1682515123765123, 0.2826745337995337], [0.16344480519480517, 0.2520250582750582, 0.16571010933510938, 0.4188200271950272], [0.2678001026751026, 0.33189675602175606, 0.1628637473637473, 0.23743939393939395], [0.3013124098124098, 0.24751587301587302, 0.19014520202020202, 0.2610265151515152], [0.18205730380730384, 0.2818846292596292, 0.2631396658896659, 0.2729184010434011], [0.23158265345765347, 0.269718253968254, 0.2062731712731713, 0.2924259213009213], [0.22815115440115444, 0.27718470418470426, 0.2177777777777778, 0.2768863636363637], [0.2971780303030303, 0.17247754329004328, 0.19699954906204906, 0.33334487734487744], [0.19598760961260958, 0.3020268044863633, 0.20427380952380955, 0.2977117763772175], [0.24323881673881675, 0.3166863275613276, 0.19620562770562772, 0.24386922799422794], [0.2247057942057942, 0.2788736263736264, 0.24193030580530578, 0.25449027361527354], [0.1878575223795812, 0.2750698051948051, 0.15309426684426677, 0.38397840558134677], [0.2348361222111222, 0.2626982323232324, 0.2456189643689644, 0.2568466810966811], [0.17011587024087022, 0.33126143994893986, 0.17078663697413696, 0.327836052836053], [0.2474854797979798, 0.28266960816960823, 0.14968614718614714, 0.3201587648462649], [0.22501893939393944, 0.28420444832944836, 0.2326132756132756, 0.2581633366633367], [0.21058742646242648, 0.26243222055722054, 0.2626503219003219, 0.2643300310800311], [0.15128986291486296, 0.24965277777777783, 0.18525955988455986, 0.4137977994227996], [0.19801821789321788, 0.22369949494949487, 0.1717139249639249, 0.4065683621933621], [0.23984193584193583, 0.29663528138528145, 0.22690037740037727, 0.2366224053724054], [0.19428293234543226, 0.24020029276279278, 0.24233639971139975, 0.3231803751803753], [0.24559652847152846, 0.2817286602286603, 0.1721684981684982, 0.30050631313131315], [0.22698058885558897, 0.27431776556776555, 0.21782628482628477, 0.28087536075036074], [0.253094141969142, 0.2809363136863137, 0.14688073038073035, 0.319088813963814], [0.2003351370851371, 0.27410912698412704, 0.22782797757797751, 0.2977277583527583], [0.23706922244422246, 0.3328575036075037, 0.1517238872238872, 0.27834938672438675], [0.23706552108022688, 0.25790951817790064, 0.2440690465580172, 0.26095591418385544], [0.23333286158286157, 0.2858952575202575, 0.17616912254412254, 0.30460275835275846], [0.3121227661227661, 0.29560003885003894, 0.14744183594183594, 0.24483535908535917], [0.27357299644799654, 0.24413194444444442, 0.16249972943722946, 0.31979532967032975], [0.2680055916305916, 0.28643542568542574, 0.20582936507936508, 0.2397296176046176], [0.21139049839049848, 0.2507280289155289, 0.213936709124209, 0.32394476356976354], [0.1887734487734488, 0.2716961371961373, 0.21662157287157285, 0.3229088411588413], [0.24843831168831174, 0.28633273670773696, 0.16955735930735927, 0.29567159229659223], [0.20075937950937953, 0.3225146797646798, 0.2078077200577201, 0.26891822066822074], [0.2489585137085138, 0.31402609890109884, 0.20181715506715509, 0.23519823232323236], [0.2086704753579754, 0.28498347485847486, 0.21533730158730158, 0.2910087481962482], [0.27521614496614505, 0.2978895548895548, 0.17269828782328783, 0.25419601232101224], [0.3187204184704185, 0.271655538905539, 0.1307306443556443, 0.2788933982683984], [0.18422841047841051, 0.30637288406038404, 0.23317330586080576, 0.27622539960039955], [0.2256551226551227, 0.20519733044733043, 0.2276870490620491, 0.3414604978354979], [0.21663884726384727, 0.32451201576201577, 0.16366887279387277, 0.29518026418026433], [0.19902994227994228, 0.28010429154179156, 0.23482265651015655, 0.2860431096681097], [0.28877326839826845, 0.2704693362193363, 0.15459613997113994, 0.28616125541125553], [0.2570591422466423, 0.28572217365967373, 0.1653472222222222, 0.2918714618714619], [0.24615818903318906, 0.2379717157842158, 0.24031850788100795, 0.27555158730158735], [0.23033567821067819, 0.2923611111111111, 0.2380836940836942, 0.23921951659451668], [0.2594082029082028, 0.30381073093573097, 0.1713934537684538, 0.26538761238761255], [0.27134752747252744, 0.210068722943723, 0.21955326617826615, 0.2990304834054835], [0.28098323898323907, 0.3347867410367411, 0.1813431290931291, 0.20288689088689094], [0.2214133089133089, 0.24864509102009105, 0.211775974025974, 0.3181656260406261], [0.20383154345654336, 0.3257159090909092, 0.18253342490842495, 0.2879191225441226], [0.25245672383172385, 0.24344419469419468, 0.1433551448551448, 0.36074393661893667], [0.19599963924963923, 0.38082930957930955, 0.2106968448218448, 0.21247420634920633], [0.2949960872460872, 0.252287753912754, 0.20817579642579653, 0.2445403624153625], [0.2396607142857143, 0.27115638528138525, 0.2344664502164502, 0.25471645021645023], [0.22616930291930293, 0.2991107364857365, 0.21305398074148077, 0.2616659798534799], [0.2633097735597735, 0.24546019258519258, 0.2129468309468309, 0.2782832029082029], [0.24179555167055158, 0.2746582445332446, 0.23210644910644912, 0.2514397546897547], [0.24056155282625868, 0.3188328240387064, 0.1895794320059026, 0.2510261911291323], [0.3069462481962482, 0.2455674603174603, 0.1688151154401154, 0.27867117604617603], [0.28566305916305923, 0.282687617937618, 0.15036992174492173, 0.2812794011544011], [0.23419512432012432, 0.3144204545454546, 0.1550704434454434, 0.2963139776889777], [0.2074749972249972, 0.31043063880563887, 0.24111199911199915, 0.24098236485736485], [0.22458948486154365, 0.3142289862914863, 0.195646645021645, 0.2655348838253251], [0.26504329004329, 0.28226118326118316, 0.18748881673881676, 0.26520670995671], [0.24824007936507939, 0.23005339105339104, 0.19850198412698414, 0.3232045454545455], [0.27129653679653676, 0.246847582972583, 0.18797059884559889, 0.29388528138528136], [0.212509119148825, 0.30158379528967766, 0.2026816908581615, 0.28322539470333585], [0.21577297264139372, 0.2440330294705295, 0.21596805716213613, 0.32422594072594096], [0.3109429320679322, 0.2140991855366855, 0.18072754329004326, 0.2942303391053391], [0.22583603896103907, 0.319540306915307, 0.24055862193362196, 0.2140650321900323], [0.2990049533799534, 0.2242077922077922, 0.20049901487401484, 0.27628823953823956]]}, "rewritten": {"ids": ["97106000", "97106970", "97107950", "97109080", "97109570", "97110950", "97112170", "97112830", "97113260", "98107010", "98107340", "98107380", "98107410", "98108410", "98110710", "99107300", "99107640", "99109141", "99109860", "99110050", "99111000", "99111440", "99111930", "99112840", "99116500", "99120010", "100107920", "100109890", "100109980", "100111270", "100117420", "101108080", "101108121", "101108580", "101108621", "101109120", "101110740", "101111310", "101112690", "101117580", "101119030", "101121640", "102110500", "102110890", "102111990", "103110050", "103110220", "103111480", "103111830", "103113270", "103113610", "103113640", "103117200", "103120730", "103120780", "104109311", "104111550", "104112201", "104118070", "104118340", "105112240", "105113440", "105116090", "105116501", "105118230", "105120280", "105120621", "106112770", "106116120", "106116441", "106117650", "106117770", "106118161", "106119580", "107113130", "107113200", "107115140", "107116300", "107118780", "107120010", "108113620", "108114180", "108115250", "108116481", "108117360", "108117610", "108120260", "108121160", "108121351", "109113881", "109116040", "109116441", "110113931", "110114610", "110114651", "110115580", "110115890", "110117140", "110118630", "110118701", "110118810", "110118880", "110118930", "110120531", "110120640", "110121500", "111115780", "111116090", "111116100", "111116170", "111117571", "111118910", "111119300", "111119430", "111119610", "111119930", "111120320", "111121351", "111121410", "112116290", "112116810", "112117780", "112117790", "112119980", "112120540", "112120630", "112120640", "113117550", "113117630", "113118511", "113118620", "113119340", "113120260", "113120280", "113120591", "113120751", "113121010", "113121680", "113121810", "113122150", "113122160", "113122230"], "labels": [0, 2, 2, 2, 0, 3, 0, 2, 1, 3, 0, 1, 3, 1, 2, 3, 1, 3, 2, 3, 2, 3, 1, 2, 2, 2, 0, 3, 1, 2, 2, 0, 0, 0, 0, 1, 3, 3, 1, 3, 3, 2, 3, 0, 2, 3, 2, 0, 3, 2, 2, 1, 0, 1, 1, 3, 1, 0, 2, 2, 1, 0, 1, 1, 1, 3, 1, 1, 1, 0, 1, 0, 3, 3, 1, 0, 0, 0, 1, 1, 3, 1, 1, 0, 1, 3, 1, 2, 3, 0, 0, 3, 1, 1, 3, 1, 2, 3, 1, 3, 1, 0, 1, 0, 0, 3, 1, 3, 3, 0, 3, 0, 1, 3, 2, 1, 1, 0, 0, 0, 3, 0, 3, 0, 3, 3, 0, 3, 0, 1, 3, 0, 3, 0, 0, 1, 2, 1, 2, 2, 3, 1], "predicted_labels": [3, 3, 3, 3, 3, 3, 3, 0, 3, 3, 3, 1, 1, 1, 0, 3, 3, 3, 1, 3, 1, 3, 1, 3, 3, 3, 1, 1, 1, 1, 3, 3, 1, 0, 3, 1, 1, 0, 1, 0, 1, 1, 3, 3, 1, 1, 3, 0, 0, 3, 1, 3, 1, 1, 3, 0, 1, 3, 1, 1, 1, 3, 1, 0, 3, 3, 3, 3, 1, 0, 1, 3, 3, 3, 1, 3, 3, 3, 3, 1, 3, 3, 1, 3, 3, 3, 1, 3, 1, 1, 3, 3, 3, 1, 3, 0, 1, 3, 3, 3, 3, 3, 3, 3, 1, 0, 1, 3, 3, 3, 1, 3, 1, 3, 1, 3, 3, 1, 1, 1, 1, 3, 3, 3, 3, 3, 3, 3, 1, 1, 1, 1, 1, 3, 3, 3, 3, 3, 2, 1, 3, 0], "confidence_scores": [[0.23715218115218115, 0.27433354145854155, 0.19950144300144296, 0.2890128343878344], [0.26853040015540014, 0.20479641192141199, 0.21344176656676667, 0.31323142135642135], [0.20476436063936063, 0.24955525030525028, 0.20491656954156962, 0.34076381951381957], [0.24073015873015866, 0.28320454545454543, 0.1812559523809524, 0.2948093434343435], [0.2901584249084249, 0.1852100815850816, 0.21088924963924968, 0.313742243867244], [0.23747001609501603, 0.2584894688644689, 0.21387456987456985, 0.2901659451659452], [0.2592635926165339, 0.24692796092796093, 0.18501876391582267, 0.3087896825396825], [0.28108134920634925, 0.26428769841269845, 0.1961231962481963, 0.2585077561327562], [0.16179871517371514, 0.2888274017649016, 0.20500167887667892, 0.34437220418470427], [0.24157990620490621, 0.29741401653901645, 0.162974802974803, 0.2980312742812743], [0.24308757215007215, 0.21366960816960823, 0.2489638972138973, 0.29427892246642245], [0.23695702908202912, 0.2974037351537352, 0.17863009213009215, 0.28700914363414376], [0.19533773171273172, 0.2996396103896104, 0.25705566655566664, 0.24796699134199143], [0.22487049062049067, 0.35874693362193355, 0.1670467171717172, 0.24933585858585863], [0.27881016206016207, 0.25823194860694854, 0.20226795426795424, 0.26068993506493504], [0.19720239482739468, 0.2752484113109114, 0.21284327478077483, 0.31470591908091916], [0.20916960123210127, 0.2539632381507382, 0.22880402236652236, 0.3080631382506383], [0.2528072483072484, 0.25936831224331236, 0.19888848651348648, 0.28893595293595303], [0.21150919913419913, 0.35548791486291487, 0.18257142857142855, 0.2504314574314575], [0.18661327561327554, 0.2808593073593075, 0.23775703463203468, 0.29477038239538245], [0.22926461038961038, 0.3127047258297259, 0.19258838383838386, 0.26544227994228], [0.2284426406926407, 0.2803268953268953, 0.19306048118548128, 0.2981699827949828], [0.2123109668109668, 0.3512763347763348, 0.2127835497835498, 0.2236291486291487], [0.23284451659451652, 0.2637671356421357, 0.20188005050505045, 0.30150829725829725], [0.1877103174603175, 0.27643104118104117, 0.201982017982018, 0.3338766233766233], [0.21084641308983418, 0.28255269036519043, 0.20287669019576915, 0.3037242063492065], [0.22680108086358072, 0.3075557012432012, 0.1824005439005439, 0.2832426739926741], [0.20251857864357867, 0.3062454906204907, 0.24563311688311693, 0.24560281385281388], [0.2710443722943722, 0.31382080419580427, 0.15381934731934727, 0.2613154761904762], [0.21113131313131311, 0.32247655122655117, 0.24126984126984133, 0.22512229437229436], [0.23163636363636364, 0.2410236638361638, 0.2429649725274726, 0.28437500000000004], [0.21707521645021646, 0.2514581529581529, 0.21196235708735703, 0.3195042735042735], [0.27930595793095797, 0.3181708152958152, 0.19136696636696646, 0.2111562604062604], [0.3273789682539683, 0.199234792984793, 0.23548346098346098, 0.23790277777777782], [0.2107624458874459, 0.2580817099567099, 0.18600018037518035, 0.3451556637806638], [0.21510414585414586, 0.3362084998334998, 0.19356149406149406, 0.2551258602508603], [0.21215548340548349, 0.31254437229437226, 0.24486580086580087, 0.23043434343434352], [0.29108189033189047, 0.2871022727272727, 0.17716089466089463, 0.2446549422799422], [0.2155606060606061, 0.27874987512487504, 0.24098790098790113, 0.2647016178266179], [0.33230501443001437, 0.24146506271506282, 0.16792496392496395, 0.2583049589299591], [0.28110366022866023, 0.2948002553002553, 0.18464484126984126, 0.23945124320124328], [0.22312709512709517, 0.2991119297369298, 0.20256238206238206, 0.2751985930735932], [0.25027362914862916, 0.22178896103896106, 0.19073611111111113, 0.33720129870129867], [0.20920510045510043, 0.2541334637584638, 0.2392141608391609, 0.297447274947275], [0.2363456543456544, 0.28819047619047616, 0.1968814935064936, 0.27858237595737606], [0.21749945887445882, 0.3282759185259184, 0.19936351148851145, 0.25486111111111115], [0.1714941031191031, 0.2999282661782662, 0.2041562049062049, 0.3244214257964258], [0.28219370906870905, 0.2672953990453991, 0.19247545510045508, 0.2580354367854369], [0.30852483627483634, 0.21595328282828283, 0.19083934121434126, 0.2846825396825397], [0.20082054057054066, 0.27661675824175835, 0.17993409368409366, 0.34262860750360746], [0.23052995615495614, 0.29074284049284055, 0.19172372072372076, 0.28700348262848263], [0.2719294733044733, 0.2778878898878899, 0.16362078199578195, 0.28656185481185475], [0.3027550643800644, 0.3147027417027417, 0.13409805472305472, 0.24844413919413924], [0.25601569264069274, 0.2687152153402154, 0.21904598179598192, 0.2562231102231103], [0.19894823232323242, 0.2681773088023088, 0.22155465367965366, 0.3113198051948052], [0.2911210317460317, 0.2502015692640693, 0.17525681956931957, 0.28342057942057947], [0.17645519758019756, 0.342043956043956, 0.16279605117105117, 0.3187047952047953], [0.24629309579309588, 0.27663455988455987, 0.15684300421800415, 0.3202293401043401], [0.2193706848706849, 0.3015720251970253, 0.20676116938616937, 0.27229612054612057], [0.19073461260961255, 0.3180516774891776, 0.24341206709956711, 0.2478016428016428], [0.2488195138195137, 0.3633597791097791, 0.20096374458874458, 0.18685696248196254], [0.24294715007215006, 0.2807181637806639, 0.17274744005994008, 0.3035872460872461], [0.24046028971028968, 0.29692803030303044, 0.1836157176157176, 0.27899596237096236], [0.29888131313131316, 0.21256181318681322, 0.1976145937395937, 0.2909422799422799], [0.19607075563325566, 0.2968035020535021, 0.1906426073926074, 0.316483134920635], [0.21213528138528143, 0.24404359529359546, 0.2609636197136197, 0.28285750360750367], [0.3183243145743146, 0.1969469696969697, 0.14495129870129866, 0.33977741702741704], [0.19987427849927847, 0.26678643578643585, 0.2298436147186148, 0.3034956709956711], [0.262843795093795, 0.2896378066378067, 0.17231475468975468, 0.27520364357864363], [0.2852455253080254, 0.28282219169719175, 0.18436456598956594, 0.247567717005217], [0.25553457653457656, 0.2866231338106339, 0.24187592268842267, 0.21596636696636692], [0.22149938511780612, 0.23496058802308797, 0.1991519982210772, 0.34438802863802864], [0.21172535797535794, 0.27896596459096457, 0.1830405011655012, 0.3262681762681764], [0.21496767121767124, 0.2970354645354646, 0.15487628343878337, 0.33312058080808077], [0.2275722428156638, 0.29415846653346667, 0.2080369812935603, 0.2702323093573094], [0.2893040431790432, 0.2401082251082251, 0.13195604395604393, 0.33863168775668784], [0.2660299422799423, 0.2010686327561328, 0.16463645382395378, 0.3682649711399712], [0.2771425935175935, 0.22832689532689524, 0.1756565934065934, 0.31887391774891766], [0.27821031746031744, 0.24577904040404036, 0.12792622655122654, 0.34808441558441566], [0.23382158813408815, 0.278784201909202, 0.22315836940836944, 0.2642358405483406], [0.2607101370851372, 0.23695887445887437, 0.2244864718614718, 0.2778445165945166], [0.20680440392940394, 0.21148075535575533, 0.19717496392496392, 0.3845398767898768], [0.2019633838383838, 0.3246913780663781, 0.21803571428571433, 0.25530952380952376], [0.28583207070707073, 0.20952335858585858, 0.20232169913419912, 0.30232287157287163], [0.17187778194028186, 0.2652876984126985, 0.19920052170052177, 0.3636339979464979], [0.17582234432234428, 0.2852213064713065, 0.1364503413253413, 0.4025060078810079], [0.27499306249306243, 0.29651941114441116, 0.15054614829614824, 0.2779413780663781], [0.22124222305472308, 0.2693279220779221, 0.1802920274170274, 0.3291378274503275], [0.18855699161949155, 0.2962826132201133, 0.24388093850593845, 0.27127945665445674], [0.26120093795093796, 0.2623827561327562, 0.2210198412698412, 0.25539646464646476], [0.22519209956709954, 0.2098141580641581, 0.23334487734487744, 0.3316488650238651], [0.24288842203548083, 0.2759274336774338, 0.18620965145965154, 0.2949744928274341], [0.2642732683982683, 0.26207527195027197, 0.18813708513708516, 0.2855143745143745], [0.21858450577200572, 0.3428564074814075, 0.1939339826839827, 0.244625104062604], [0.19358557210763092, 0.27967568542568544, 0.18351749639249648, 0.34322124607418725], [0.32075891265597156, 0.25457774170274183, 0.17691648629148635, 0.24774685934980056], [0.19646134625178738, 0.3430538766788767, 0.1712708035428623, 0.2892139735264734], [0.16294631063381057, 0.24616650710400712, 0.20204109779109788, 0.38884608447108443], [0.17828300865800858, 0.29483212620712634, 0.18273358585858585, 0.3441512792762792], [0.22564375901875902, 0.268823051948052, 0.20314862914862913, 0.30238455988456], [0.23013311688311688, 0.22868500943500947, 0.2086446608946609, 0.3325372127872128], [0.21237557581307584, 0.3165120157620159, 0.14853048340548336, 0.322581925019425], [0.21654184704184712, 0.28625670856920854, 0.21083533827283826, 0.2863661061161062], [0.21537864912864915, 0.2841693722943722, 0.15696003996003996, 0.3434919386169386], [0.2028832972582973, 0.31836621711621704, 0.228946608946609, 0.24980387667887666], [0.3109375901875902, 0.30796116383616384, 0.1623407842157842, 0.21876046176046182], [0.25594455544455547, 0.27982815795315796, 0.20429516317016316, 0.2599321234321235], [0.27865745161701044, 0.23717802826258716, 0.16536756993006993, 0.31879695019033255], [0.26805398767898764, 0.26211678599178606, 0.1695507964257964, 0.30027842990342996], [0.2386073327257538, 0.25683986152736155, 0.17917077111485008, 0.32538203463203463], [0.24198322510822512, 0.30654509379509376, 0.15633928571428568, 0.29513239538239544], [0.23434523809523816, 0.26468338605838604, 0.18176154401154399, 0.31920983183483176], [0.20308026695526699, 0.3079145021645023, 0.1940174963924964, 0.29498773448773447], [0.15125950438450442, 0.27125898407148413, 0.2153301767676767, 0.36215133477633493], [0.19005483405483406, 0.33481114718614713, 0.17562427849927847, 0.29950974025974025], [0.26921717171717185, 0.24149771062271064, 0.15781637806637805, 0.33146873959373957], [0.1767945179820179, 0.31191215728715727, 0.18052754190254183, 0.3307657828282828], [0.20919706682206676, 0.33494338994339, 0.16423387723387728, 0.2916256660006659], [0.21756306193806196, 0.30036093073593073, 0.19474170274170277, 0.28733430458430465], [0.2551218434343435, 0.26294000444000437, 0.2255145202020203, 0.25642363192363193], [0.21091659729159729, 0.2918130203130203, 0.2512934704184704, 0.24597691197691202], [0.22847825785325773, 0.2563255772005772, 0.21097809135309145, 0.3042180735930737], [0.26846590909090906, 0.2568946608946609, 0.20238906926406933, 0.27225036075036074], [0.23303625541125542, 0.24508964646464648, 0.19790914640914636, 0.32396495171495165], [0.2885244408369409, 0.2597237554112554, 0.14995120851370852, 0.30180059523809527], [0.23887368187368183, 0.29344426406926405, 0.17230777555777554, 0.29537427849927855], [0.2481222943722944, 0.24638059163059164, 0.21140386002885997, 0.2940932539682541], [0.25585955710955716, 0.25232124819624824, 0.1852268426018426, 0.30659235209235214], [0.17981544640000524, 0.35395057720057727, 0.17341238622488628, 0.2928215901745313], [0.28528391053391056, 0.3104463730713731, 0.1600492979242979, 0.24422041847041842], [0.22742955451411329, 0.35499499111999117, 0.12625915750915748, 0.2913162968567381], [0.2528747363747364, 0.32352417027417024, 0.16600978188478183, 0.25759131146631153], [0.21837796925296923, 0.285620240870241, 0.2309397408147408, 0.26506204906204917], [0.28169787157287157, 0.24971713702963705, 0.16316374597624592, 0.3054212454212454], [0.22705641580641578, 0.21650912975912978, 0.19378131590631592, 0.3626531385281385], [0.2384933261183261, 0.25541866466866475, 0.19639110889110886, 0.30969690032190034], [0.20066287878787878, 0.26433642052392053, 0.19069182900432907, 0.34430887168387164], [0.17015462315462307, 0.2893518564768565, 0.23228835053835056, 0.30820516983016977], [0.2274318181818182, 0.2399109848484849, 0.270863005050505, 0.2617941919191919], [0.21734881784881782, 0.3282110389610391, 0.16316459928959925, 0.29127554390054394], [0.20532697857697857, 0.2600596001221002, 0.17219416000666, 0.3624192612942613], [0.30448609723609715, 0.28035254329004333, 0.17657974664224663, 0.23858161283161283]]}}