{"test": {"ids": ["97106000", "111117000", "104113000", "109114270", "105116650", "97109570", "101112690", "107113180", "108115880", "110120540", "100111380", "112118421", "100109311", "108121351", "99107300", "106118161", "113122220", "113118620", "100111620", "110121500", "111118301", "111115620", "112120700", "98109311", "105117200", "108120060", "105113330", "98106880", "110114950", "111120280", "100110260", "103110220", "97110950", "109120150", "111120540", "107113200", "100109890", "111119290", "97105960", "107118120", "106120640", "112116900", "104119290", "99109141", "103111620", "106116820", "108116070", "112119120", "104111550", "109119340", "103120730", "112120990", "112121010", "99108890", "111120640", "103113260", "103118110", "111116750", "107116340", "110115250", "110116501", "106117650", "109119010", "97112300", "111117571", "109113881", "112120290", "97116500", "107119950", "106114011", "99119830", "113119450", "108120260", "110116300", "106119580", "113117401", "110117140", "109121410", "107121540", "113122230", "107118820", "110116170", "113118810", "113121410", "100110050", "111120190", "111119610", "99105921", "110120700", "100115700", "109118161", "110114610", "97113900", "110114321", "107114621", "100116790", "97112170", "111115400", "98107410", "99108010", "106115240", "102109840", "110115710", "99108080", "98111620", "113120830", "99111340", "113121980", "111121351", "106116850", "99109780", "111116290", "98120010", "112118471", "104113170", "104111880", "101108290", "113117630", "97106600", "100108520", "111116411", "98113881", "112120640", "100108580", "102107961", "108119330", "113120780", "112118530", "100109980", "102111990", "102112030", "97107681", "103120531", "109114030", "103111110", "103120290", "111116110", "98109570", "99107950", "109116750", "107121230", "108113620"], "labels": [0, 0, 1, 3, 1, 0, 1, 3, 3, 1, 3, 3, 1, 3, 3, 3, 1, 3, 3, 3, 3, 1, 2, 1, 3, 1, 3, 0, 0, 0, 3, 2, 3, 2, 1, 0, 3, 3, 2, 3, 3, 3, 1, 3, 0, 1, 1, 1, 1, 3, 1, 2, 2, 0, 0, 3, 2, 3, 3, 1, 3, 1, 3, 2, 3, 0, 1, 2, 3, 1, 1, 3, 1, 3, 3, 3, 3, 0, 2, 1, 3, 0, 3, 0, 3, 3, 2, 1, 2, 1, 0, 1, 2, 1, 0, 2, 0, 0, 3, 2, 1, 2, 2, 3, 3, 3, 1, 2, 0, 3, 2, 2, 2, 1, 3, 3, 0, 0, 3, 2, 0, 3, 0, 0, 3, 0, 0, 1, 1, 2, 2, 3, 3, 1, 3, 2, 3, 1, 1, 0, 0, 3], "predicted_labels": [1, 1, 3, 1, 1, 1, 1, 3, 1, 1, 0, 1, 3, 1, 1, 1, 2, 1, 0, 0, 0, 1, 1, 3, 1, 0, 3, 2, 1, 3, 3, 2, 1, 3, 2, 0, 1, 3, 3, 0, 0, 0, 1, 0, 1, 1, 3, 0, 1, 3, 0, 1, 1, 3, 0, 1, 2, 0, 0, 1, 3, 2, 1, 0, 1, 3, 2, 2, 3, 1, 3, 0, 0, 1, 1, 0, 3, 2, 0, 1, 3, 3, 1, 3, 3, 1, 1, 1, 1, 3, 1, 1, 2, 3, 1, 1, 3, 1, 2, 1, 0, 3, 1, 2, 2, 1, 1, 1, 0, 1, 1, 1, 0, 0, 3, 1, 0, 1, 2, 0, 3, 1, 1, 2, 1, 1, 3, 1, 1, 0, 3, 3, 1, 3, 1, 2, 0, 3, 3, 1, 3, 1], "confidence_scores": [[0.2160620899648701, 0.33587513168672556, 0.25041908384852046, 0.19764369449988378], [0.12466188309239781, 0.44180733925867494, 0.08179566177474629, 0.35173511587418105], [0.23022694129099205, 0.1099549520381332, 0.04787902241521597, 0.6119390842556588], [0.19599160343229144, 0.353302127729457, 0.26361295286275543, 0.1870933159754962], [0.23240684330750044, 0.3567171722267906, 0.1258600723781233, 0.28501591208758587], [0.2594570401718372, 0.273327402369979, 0.24475201357839768, 0.22246354387978637], [0.13516554226837563, 0.36476609288599054, 0.229701736282294, 0.27036662856334], [0.18367358869023087, 0.34612995626130455, 0.10460928983758927, 0.3655871652108756], [0.1323701023288671, 0.35326766803080356, 0.34987383790296855, 0.16448839173736077], [0.2763676364908383, 0.3587217477404457, 0.14428543389257215, 0.22062518187614394], [0.3943604561479048, 0.2999538713852963, 0.08459896238184092, 0.22108671008495812], [0.26679087984100996, 0.4361149497175807, 0.07814653078437035, 0.21894763965703906], [0.25221444933432385, 0.19860582778884867, 0.1680612539454709, 0.3811184689313566], [0.17392001785992448, 0.35273325651004295, 0.16447049188730622, 0.3088762337427264], [0.306209901004983, 0.42365118794357404, 0.08517767636260837, 0.18496123468883452], [0.26455063620228486, 0.44214064101758493, 0.15489365813304723, 0.13841506464708297], [0.21099862974666062, 0.2399334894573175, 0.3931791936257666, 0.15588868717025542], [0.20871861030045344, 0.5661303613877353, 0.047102807802866194, 0.17804822050894506], [0.3841154513255601, 0.26187450153012276, 0.12586309204391768, 0.22814695510039973], [0.5022933072957982, 0.279857603981055, 0.06297884744090879, 0.154870241282238], [0.34061042389412133, 0.22312234753218949, 0.17074792738713446, 0.26551930118655465], [0.2773273593439174, 0.41613403558304735, 0.15890420599092106, 0.14763439908211423], [0.15316559120924786, 0.5311801950986055, 0.12033266179597099, 0.19532155189617564], [0.179584559246162, 0.27285969735345034, 0.2585040655935938, 0.2890516778067939], [0.1574041367922686, 0.3940013043858431, 0.06719364568032664, 0.3814009131415615], [0.3590756094013711, 0.19073866438871617, 0.31424050134792875, 0.1359452248619842], [0.29125862146605946, 0.22665979188476404, 0.16129989808552483, 0.3207816885636518], [0.2491147240531647, 0.23290503551996425, 0.2835576037933035, 0.23442263663356774], [0.2919021353962344, 0.3395528555525432, 0.10574173874821988, 0.26280327030300227], [0.2037168528330592, 0.3211997938436122, 0.09061525126728677, 0.384468102056042], [0.27273840328185284, 0.1498166467829959, 0.1171863245163656, 0.46025862541878587], [0.09147805608704628, 0.1465542790158475, 0.5818204760949267, 0.18014718880217948], [0.2040803217663989, 0.47743555327347104, 0.15608404399912243, 0.16240008096100775], [0.2664803559014159, 0.278012643124508, 0.13735189772735426, 0.318155103246722], [0.13011107351357162, 0.319925100943221, 0.3858876904866938, 0.16407613505651358], [0.6397919462998758, 0.15182458098856966, 0.0699171150656179, 0.13846635764593662], [0.21404335789406004, 0.4682939808812531, 0.13294632642624712, 0.18471633479843982], [0.21113866105946713, 0.2808427059969775, 0.1370576380813919, 0.3709609948621634], [0.12403758523729884, 0.3117668806415545, 0.24742014100353485, 0.316775393117612], [0.38641912748261303, 0.3018833170733813, 0.06209941524489095, 0.2495981401991148], [0.4147879026732585, 0.30640676131827443, 0.09417133527485548, 0.18463400073361172], [0.43558633286428255, 0.21915454690469796, 0.08019472121214252, 0.2650643990188771], [0.10209358234267142, 0.6117808128168746, 0.1286741576436431, 0.15745144719681078], [0.4051841539227274, 0.3636683227914313, 0.09950813170689113, 0.13163939157895022], [0.1439290289752276, 0.6256327682260499, 0.10592966516126362, 0.12450853763745881], [0.32250352774255475, 0.3708745854900993, 0.09236698558896331, 0.21425490117838278], [0.2599286950717801, 0.19603084041795277, 0.22590534152538655, 0.31813512298488067], [0.3624140379264856, 0.14293081983417502, 0.28868394805685205, 0.20597119418248744], [0.20121658025693112, 0.41613984478255783, 0.11984473570943074, 0.26279883925108033], [0.1773186022751073, 0.3534804027793972, 0.10762171739006325, 0.36157927755543234], [0.38125758179592434, 0.23920034802985388, 0.10092357566763864, 0.27861849450658327], [0.08891476599726471, 0.789104769814694, 0.04346762025985109, 0.07851284392819022], [0.15872789742036741, 0.4553043010991286, 0.20186615422525142, 0.18410164725525252], [0.12546662538510306, 0.3781817481919794, 0.07899410906082695, 0.41735751736209076], [0.33087493460310885, 0.258496799300394, 0.09727657102537242, 0.31335169507112487], [0.2686671457043927, 0.39221183105046165, 0.1667765938753291, 0.1723444293698165], [0.1699693616947068, 0.24731457305881419, 0.3897089770006181, 0.19300708824586096], [0.6200454230006376, 0.11703022478547381, 0.13881093410294226, 0.12411341811094669], [0.324307769970633, 0.2655657775371805, 0.0995914104747185, 0.3105350420174681], [0.2512112375682174, 0.34058298266510934, 0.1239717903926469, 0.28423398937402655], [0.18194325957780053, 0.2345974001872304, 0.1339167941285851, 0.44954254610638383], [0.14757779005476612, 0.2947167993311521, 0.33728404940303724, 0.2204213612110444], [0.20713104090681095, 0.3614335524010889, 0.1685796587224208, 0.2628557479696793], [0.4419184568848687, 0.23749358236198023, 0.11532061249085447, 0.20526734826229653], [0.3220857472861056, 0.4120109802724615, 0.07439838132294238, 0.19150489111849053], [0.2937093856406847, 0.27414272235275056, 0.1262129315098113, 0.30593496049675356], [0.16115102437874956, 0.14802642992621926, 0.5526521887691477, 0.13817035692588353], [0.22716189839818784, 0.2829360816745727, 0.3051806826212695, 0.1847213373059701], [0.30645366812029257, 0.244203973372986, 0.08295630665224765, 0.3663860518544739], [0.28686667024102974, 0.34564945713067785, 0.15304268672348534, 0.21444118590480696], [0.16104152347517026, 0.30647204768872643, 0.21966432950177905, 0.3128220993343243], [0.527224290904168, 0.16410204959027494, 0.13059499119417062, 0.17807866831138647], [0.2945441902996786, 0.28076185843858753, 0.14098532082333343, 0.28370863043840044], [0.20749730531732002, 0.4061828940039804, 0.11989753432380543, 0.2664222663548942], [0.1624259066292048, 0.5706256909931978, 0.07898185446536649, 0.1879665479122309], [0.35185729773248575, 0.31197777409034183, 0.0432868728020727, 0.29287805537509976], [0.18755620693891276, 0.24713771554761668, 0.09087813513512909, 0.4744279423783414], [0.14972703836455012, 0.24733336543749754, 0.4015811812043862, 0.20135841499356616], [0.5107116388172992, 0.11497951711952617, 0.09443201849404358, 0.2798768255691312], [0.25013836604078726, 0.3892532782816879, 0.12176306126653658, 0.23884529441098826], [0.20920530385674077, 0.2938889004985209, 0.10402953388504665, 0.39287626175969154], [0.32414576393694233, 0.2155170491307378, 0.08768151311728577, 0.37265567381503417], [0.1899877048231511, 0.46945436338645524, 0.12993798352661445, 0.21061994826377936], [0.12485617010588947, 0.17701192705785238, 0.039476928224413045, 0.6586549746118453], [0.21680795987794324, 0.252410305672026, 0.10491860933809598, 0.4258631251119348], [0.20872016467990256, 0.3254387907329104, 0.18822915577317403, 0.27761188881401333], [0.20993577041034517, 0.40287207592065505, 0.1528625280355788, 0.234329625633421], [0.2569443340702336, 0.4213842348056534, 0.13657216878088704, 0.18509926234322607], [0.2118901318246373, 0.30221445921899687, 0.20612221097679143, 0.2797731979795745], [0.11490225766259074, 0.23140173415428994, 0.25170442819796573, 0.4019915799851536], [0.1922476779200505, 0.5682804964941442, 0.07990111370012289, 0.15957071188568236], [0.2197173799451743, 0.5741476403532366, 0.08208773375185585, 0.12404724594973328], [0.2117033956909885, 0.2396427675960373, 0.4435194853188114, 0.10513435139416273], [0.22073736831360904, 0.3107229672129551, 0.1313492975100763, 0.3371903669633597], [0.17427970877593707, 0.350613915974234, 0.1862441708245049, 0.28886220442532395], [0.22527082906227566, 0.43821871498061016, 0.1028902865473807, 0.23362016940973346], [0.2008253920622396, 0.2930061832345214, 0.1624967178535889, 0.34367170684965004], [0.08011938204982476, 0.7954069067811819, 0.039546175830175445, 0.08492753533881774], [0.14062803395436654, 0.2996429887081135, 0.3655252537245124, 0.19420372361300758], [0.1713914018832293, 0.3960239154996268, 0.1510236243826079, 0.2815610582345361], [0.38653493035537245, 0.38389771073434636, 0.08441039685924182, 0.14515696205103937], [0.21436817552443063, 0.3112640718916333, 0.1101282130709668, 0.36423953951296945], [0.22506499569261856, 0.3206816907212855, 0.2944225465490086, 0.1598307670370874], [0.24472022475043034, 0.2069080654826293, 0.4398234069173921, 0.10854830284954824], [0.10605758337541027, 0.3451051465729781, 0.3607139229987629, 0.1881233470528489], [0.29273312358467257, 0.33079404522522055, 0.11920476031444521, 0.2572680708756615], [0.15731831588334003, 0.3837099551996501, 0.2297237241040703, 0.22924800481293975], [0.1697610214968161, 0.36578789208252865, 0.10013425144434254, 0.36431683497631273], [0.5486100452933645, 0.1617269639893904, 0.16635893014933484, 0.12330406056791021], [0.14640296187904075, 0.36536772543618723, 0.28766399892286176, 0.20056531376191036], [0.17792312217454834, 0.5380638467766877, 0.14056818620311076, 0.14344484484565323], [0.26818528903971567, 0.2969101426636368, 0.17463375820629715, 0.2602708100903503], [0.504799370342744, 0.1692752992550761, 0.17394431333772586, 0.1519810170644539], [0.4955174481598177, 0.22588072561363495, 0.10978596067632898, 0.1688158655502184], [0.2666667560494252, 0.20297307244926263, 0.24020200113276424, 0.29015817036854785], [0.18159781262022656, 0.4241632715108762, 0.0916138592653494, 0.302625056603548], [0.6700132363537006, 0.12260047475032611, 0.060816920207678746, 0.14656936868829462], [0.0970228312371593, 0.5877326625381605, 0.07454918303400651, 0.2406953231906736], [0.18388308142151388, 0.32314022153351124, 0.3638857274528282, 0.1290909695921469], [0.37965678245925205, 0.24015569929480202, 0.17396916328962722, 0.20621835495631885], [0.3853720801915341, 0.15134369473606044, 0.0503303653167533, 0.4129538597556522], [0.09453257833755423, 0.6074896732759454, 0.1510934548877352, 0.14688429349876508], [0.2043494066048003, 0.33311646530811684, 0.28527538254012275, 0.17725874554695994], [0.28226885623219167, 0.19466079163642427, 0.3793921091363249, 0.14367824299505916], [0.13676929909326688, 0.36469877555861224, 0.17073376575311816, 0.32779815959500275], [0.13776164061018115, 0.5707910285558428, 0.15999350288686254, 0.13145382794711336], [0.1884251050517235, 0.2836174966705545, 0.17877163343249375, 0.34918576484522834], [0.13724137366283745, 0.4893025840276139, 0.20508230094446284, 0.1683737413650858], [0.28042590257666883, 0.43671997739110713, 0.1147990337934411, 0.16805508623878296], [0.39255508815850093, 0.21246901800560608, 0.16769188613708175, 0.22728400769881127], [0.147694147632487, 0.24324795698231438, 0.3005101358784367, 0.30854775950676194], [0.15075814372390253, 0.21071567143180964, 0.1965808230286196, 0.4419453618156683], [0.24762732568241405, 0.4095506996417468, 0.10673458969944741, 0.23608738497639173], [0.16552942431993983, 0.30747180976097527, 0.17430602006698998, 0.35269274585209504], [0.18518203165848646, 0.47171311238360625, 0.06397992713194213, 0.2791249288259652], [0.2293609613893114, 0.24252953713725325, 0.2725422020102098, 0.2555672994632257], [0.3253823185611279, 0.29741347598080103, 0.18214288368684814, 0.19506132177122285], [0.16141652568199905, 0.292175120760254, 0.09512425053892314, 0.4512841030188239], [0.11179490605700242, 0.22748767573818063, 0.23711095463712736, 0.4236064635676895], [0.19388429535530277, 0.443947189024639, 0.16917566377627505, 0.19299285184378326], [0.14873866626730928, 0.25165641941217104, 0.10995888685593178, 0.48964602746458785], [0.17396605011331362, 0.48448523165083696, 0.1786926414538569, 0.16285607678199265]]}, "rewritten": {"ids": ["97105960", "97106000", "97106600", "97107681", "97109570", "97110950", "97112170", "97112300", "97113900", "97116500", "98106880", "98107410", "98109311", "98109570", "98111620", "98113881", "98120010", "99105921", "99107300", "99107950", "99108010", "99108080", "99108890", "99109141", "99109780", "99111340", "99119830", "100108520", "100108580", "100109311", "100109890", "100109980", "100110050", "100110260", "100111380", "100111620", "100115700", "100116790", "101108290", "101112690", "102107961", "102109840", "102111990", "102112030", "103110220", "103111110", "103111620", "103113260", "103118110", "103120290", "103120531", "103120730", "104111550", "104111880", "104113000", "104113170", "104119290", "105113330", "105116650", "105117200", "106114011", "106115240", "106116820", "106116850", "106117650", "106118161", "106119580", "106120640", "107113180", "107113200", "107114621", "107116340", "107118120", "107118820", "107119950", "107121230", "107121540", "108113620", "108115880", "108116070", "108119330", "108120060", "108120260", "108121351", "109113881", "109114030", "109114270", "109116750", "109118161", "109119010", "109119340", "109120150", "109121410", "110114321", "110114610", "110114950", "110115250", "110115710", "110116170", "110116300", "110116501", "110117140", "110120540", "110120700", "110121500", "111115400", "111115620", "111116110", "111116290", "111116411", "111116750", "111117000", "111117571", "111118301", "111119290", "111119610", "111120190", "111120280", "111120540", "111120640", "111121351", "112116900", "112118421", "112118471", "112118530", "112119120", "112120290", "112120640", "112120700", "112120990", "112121010", "113117401", "113117630", "113118620", "113118810", "113119450", "113120780", "113120830", "113121410", "113121980", "113122220", "113122230"], "labels": [2, 0, 3, 3, 0, 3, 0, 2, 2, 2, 0, 3, 1, 1, 3, 3, 2, 1, 3, 1, 2, 3, 0, 3, 2, 1, 1, 2, 0, 1, 3, 1, 3, 3, 3, 3, 1, 2, 0, 1, 3, 2, 2, 2, 2, 3, 0, 3, 2, 2, 3, 1, 1, 3, 1, 3, 1, 3, 1, 3, 1, 1, 1, 3, 1, 3, 3, 3, 3, 0, 0, 3, 3, 3, 3, 0, 2, 3, 3, 1, 0, 1, 1, 3, 0, 1, 3, 0, 0, 3, 3, 2, 0, 1, 1, 0, 1, 2, 0, 3, 3, 3, 1, 2, 3, 0, 1, 3, 2, 0, 3, 0, 3, 3, 3, 2, 3, 0, 1, 0, 0, 3, 3, 1, 1, 1, 1, 0, 2, 2, 2, 3, 0, 3, 3, 3, 0, 3, 0, 2, 1, 1], "predicted_labels": [1, 1, 1, 3, 3, 1, 0, 0, 2, 0, 2, 0, 0, 3, 1, 0, 0, 0, 0, 2, 0, 2, 3, 0, 1, 2, 3, 0, 0, 0, 1, 0, 1, 0, 1, 0, 1, 0, 0, 1, 0, 0, 0, 2, 2, 3, 1, 1, 3, 3, 0, 0, 1, 3, 3, 1, 1, 0, 0, 3, 0, 0, 0, 3, 0, 1, 1, 1, 1, 1, 1, 1, 3, 3, 3, 1, 0, 1, 1, 0, 1, 3, 1, 1, 0, 3, 3, 1, 0, 2, 0, 2, 3, 1, 1, 3, 3, 3, 3, 1, 3, 1, 0, 1, 0, 1, 1, 0, 1, 0, 0, 2, 0, 0, 2, 1, 3, 0, 0, 3, 0, 3, 0, 0, 1, 0, 1, 3, 3, 1, 1, 3, 3, 1, 1, 0, 1, 1, 3, 0, 1, 1], "confidence_scores": [[0.16907001963701043, 0.3521185701690842, 0.15007787004850412, 0.3287335401454013], [0.18147937787066543, 0.30988595722707396, 0.308661723896255, 0.19997294100600568], [0.2749442237490971, 0.4234018857958044, 0.1394217421053162, 0.1622321483497821], [0.08063435413276815, 0.10133424964602855, 0.39835993663253355, 0.41967145958866975], [0.26810808501648425, 0.1221179638264293, 0.13338176178996144, 0.47639218936712496], [0.231030050174985, 0.45193828301538236, 0.1880028706529556, 0.12902879615667717], [0.5066064981654813, 0.23488012432762004, 0.07512958732045609, 0.1833837901864425], [0.45246276449502, 0.16421365211266575, 0.06401572050711667, 0.3193078628851976], [0.33195879797387634, 0.16922705673935812, 0.3741565800280515, 0.12465756525871426], [0.3377163650332616, 0.13778670542043883, 0.3193732863354491, 0.20512364321085053], [0.2188733554983511, 0.21612156474397382, 0.3135723901339695, 0.2514326896237055], [0.42627260222877167, 0.16669800657187903, 0.16513074426388874, 0.24189864693546045], [0.3395947324816878, 0.19010981680696196, 0.2877609080675743, 0.18253454264377586], [0.2556702440609906, 0.19825126618038771, 0.15843015590363124, 0.3876483338549903], [0.20213333908752085, 0.3847888902324759, 0.1339499350822005, 0.27912783559780285], [0.45378678588935434, 0.3686708291959069, 0.07438074389183638, 0.10316164102290226], [0.40912922032495863, 0.32723429482969085, 0.11614893598697681, 0.1474875488583736], [0.5458081868147743, 0.17508349915914087, 0.11082651745636657, 0.16828179656971828], [0.6184605153486096, 0.15590615437134978, 0.04615527660191541, 0.1794780536781252], [0.11660701312498876, 0.27800088511282095, 0.43986849816116597, 0.16552360360102442], [0.32664541826994853, 0.24847626223362915, 0.2155674145455998, 0.2093109049508226], [0.18975310024561834, 0.22683137355001057, 0.3507316380104109, 0.23268388819396021], [0.15575785460827507, 0.33781876688947415, 0.11191090916941682, 0.39451246933283385], [0.43783375946003894, 0.2652634362396959, 0.07300293551480233, 0.22389986878546297], [0.20070649703512988, 0.3823009725225988, 0.16111102282029416, 0.25588150762197737], [0.1823867093412196, 0.28963686692918705, 0.32356131973502217, 0.2044151039945712], [0.24118656895903506, 0.21648371165996644, 0.24183165170891974, 0.300498067672079], [0.43913846345274654, 0.2544095348383386, 0.11306533750420945, 0.1933866642047054], [0.3941535100443839, 0.30702843088255494, 0.19553680879392424, 0.10328125027913693], [0.3519474349875057, 0.16977045276812874, 0.2885052471957562, 0.1897768650486095], [0.28302856771435125, 0.4534156547607251, 0.10753535678400966, 0.1560204207409139], [0.35020782825974234, 0.28243693046513096, 0.14385342338185964, 0.22350181789326723], [0.16022351696101067, 0.43188079739160956, 0.16391937180982416, 0.2439763138375556], [0.49823126328287676, 0.2537770274083203, 0.08948597080922485, 0.15850573849957814], [0.21379621340126007, 0.35735346827730835, 0.09641341627651835, 0.3324369020449133], [0.34582020257877333, 0.28178027399794525, 0.09498881620996294, 0.2774107072133184], [0.16502970521140117, 0.41691773914629837, 0.15948991660215944, 0.25856263904014115], [0.31316825044251606, 0.2795485205888543, 0.14967854776401301, 0.2576046812046168], [0.6483932214761022, 0.08457417214416557, 0.05093839265417871, 0.21609421372555337], [0.11016477059060059, 0.49812051299324783, 0.1481323538957149, 0.24358236252043677], [0.41281171341848194, 0.29449650561437435, 0.21618662449797976, 0.07650515646916384], [0.3104373810125923, 0.2533878812947072, 0.14288281447981344, 0.2932919232128871], [0.4076741549154043, 0.303922241203518, 0.10520642805533428, 0.18319717582574344], [0.21516110817978928, 0.294841894051435, 0.3952197918869685, 0.09477720588180741], [0.15465769522398412, 0.18124359725147482, 0.3724520316230735, 0.29164667590146764], [0.3237768716744304, 0.20991995298246546, 0.03511932172811646, 0.43118385361498757], [0.12679596134442606, 0.5971504945386877, 0.12377675536698382, 0.15227678874990244], [0.11560024883369252, 0.6416096141584424, 0.1361728325916895, 0.10661730441617545], [0.16721305433541786, 0.2108528304939169, 0.1360104005956428, 0.4859237145750225], [0.2193986110270265, 0.30222069759852244, 0.1746749874514623, 0.3037057039229888], [0.47163321816579407, 0.33140059001300265, 0.09203312878412909, 0.10493306303707427], [0.542526032232237, 0.21043605140420577, 0.07285761788728325, 0.17418029847627386], [0.18694274544695208, 0.6032824974012732, 0.09948207688889969, 0.11029268026287499], [0.12345303445508772, 0.246594553733602, 0.18436638236970823, 0.4455860294416019], [0.2700236215477701, 0.17963965290575679, 0.10665875149574164, 0.44367797405073145], [0.13525093133490707, 0.36583594289298516, 0.18205767082811616, 0.31685545494399164], [0.15814300887295848, 0.35201708389107034, 0.1834990532090307, 0.3063408540269406], [0.40669491096078236, 0.11889398196081384, 0.09125536246726706, 0.3831557446111369], [0.3798374949110738, 0.3755845926114706, 0.06765287284850213, 0.17692503962895348], [0.23587293970144838, 0.26799291924783636, 0.086559786613221, 0.40957435443749424], [0.29374233400672894, 0.2203749205698055, 0.24549103562513355, 0.24039170979833205], [0.5045375573521226, 0.19060032813935943, 0.17119826776318303, 0.133663846745335], [0.365115420973585, 0.3144323745813828, 0.12433004584041023, 0.19612215860462204], [0.15805644256406176, 0.2717887057869249, 0.19174107744385205, 0.3784137742051614], [0.4422850438532857, 0.27814919161099777, 0.14348390838519634, 0.13608185615052035], [0.15268979177437758, 0.3936213884987971, 0.24335011225215036, 0.210338707474675], [0.09408210570988577, 0.35253867832895214, 0.2995645955818374, 0.2538146203793249], [0.3182660994089829, 0.3661911133160511, 0.09936135645098394, 0.2161814308239821], [0.22045520173361638, 0.37427441809842593, 0.15523392972129896, 0.2500364504466588], [0.25115562872841374, 0.494823168311722, 0.08629970442333244, 0.16772149853653193], [0.20635275277630338, 0.34592505200763896, 0.1580612463446628, 0.2896609488713948], [0.20103528798799333, 0.36121473398049136, 0.25083542249981394, 0.18691455553170142], [0.21407340934636324, 0.30736247894695395, 0.07363268425369099, 0.4049314274529918], [0.16317025958385875, 0.2841564251149079, 0.07476665279235664, 0.47790666250887687], [0.1287101282265665, 0.2634223612406472, 0.11069503988763071, 0.4971724706451556], [0.10833183646509222, 0.5011439213383784, 0.23740108142471775, 0.15312316077181154], [0.6494398576952554, 0.12158201099510595, 0.059953541935668056, 0.1690245893739706], [0.1317555775602203, 0.4527790028120714, 0.23959335925242925, 0.17587206037527897], [0.23801344313778217, 0.29863688082843876, 0.19282035693495564, 0.2705293190988234], [0.5928970670443687, 0.07050144231096805, 0.1881337521363307, 0.14846773850833261], [0.1835346826912135, 0.5046781170234457, 0.09614922807638493, 0.21563797220895597], [0.2824458861748699, 0.2226492562045788, 0.19631962414728968, 0.29858523347326177], [0.17901088642664192, 0.41027894031415557, 0.19230488266537452, 0.21840529059382824], [0.16428331306259616, 0.45013199108073776, 0.10539567384013167, 0.28018902201653445], [0.5455138480200834, 0.10461361950721829, 0.1288340532163419, 0.22103847925635656], [0.1513732822214462, 0.1583468553689636, 0.1865036861197867, 0.5037761762898035], [0.19116983327963938, 0.27322231114849865, 0.13141005983671755, 0.4041977957351444], [0.1009887341063501, 0.6861415758294693, 0.10660312977814784, 0.10626656028603246], [0.4484455609983585, 0.12090654587104543, 0.09167469510107472, 0.3389731980295213], [0.1789260869312987, 0.2731698137795327, 0.3208510135339115, 0.22705308575525726], [0.3945480684931538, 0.17147461291452654, 0.05827440742737676, 0.37570291116494287], [0.2907914012696032, 0.17723432837713143, 0.3799109689794731, 0.1520633013737923], [0.17566526683800973, 0.25996633109863987, 0.19156595917612512, 0.37280244288722536], [0.2993589491615068, 0.44667320069664684, 0.15338208576461443, 0.10058576437723181], [0.31897474711215895, 0.4474481074491646, 0.1154212245129357, 0.11815592092574072], [0.2316349725262741, 0.21771267127768867, 0.07170113488782713, 0.4789512213082103], [0.22268374249359082, 0.29110396813196787, 0.16767258709012786, 0.31853970228431333], [0.2286226245912678, 0.3040083317382814, 0.11383881751071694, 0.35353022615973373], [0.1206930855729423, 0.20595975067044608, 0.16771770437121766, 0.5056294593853939], [0.25931780651400405, 0.3506686178391726, 0.18755224116590663, 0.2024613344809168], [0.19571950361768267, 0.16484368478963363, 0.12561387028366344, 0.5138229413090203], [0.2280913064526011, 0.41305382014821884, 0.15606714611160763, 0.20278772728757244], [0.3010324204155453, 0.19133872135302757, 0.292310720635006, 0.215318137596421], [0.10972253217803604, 0.408932175362439, 0.2555099279122618, 0.22583536454726325], [0.5975117282415093, 0.197176362754653, 0.05116049760729221, 0.15415141139654553], [0.06978220567957066, 0.6379929122146029, 0.10444584382693635, 0.18777903827889014], [0.18727217095810092, 0.623757840769034, 0.04691801158783431, 0.14205197668503095], [0.5495754816012927, 0.21026614738793176, 0.10276531529997562, 0.1373930557108], [0.23867252847783088, 0.3183108705627952, 0.16959877938910967, 0.2734178215702643], [0.5510959238573627, 0.07803181128889237, 0.0339874138805383, 0.3368848509732067], [0.7282132799090213, 0.09204240535088691, 0.12116007407370709, 0.058584240666384894], [0.17468096418238158, 0.3236643003509232, 0.3415963154065527, 0.16005842006014254], [0.38452435592576684, 0.2018226195088947, 0.1567351911771905, 0.256917833388148], [0.5988882659654615, 0.1237800150258094, 0.07274659669195907, 0.20458512231677004], [0.17608490834278134, 0.24707188354788687, 0.29043583069178547, 0.28640737741754657], [0.1750863011278256, 0.30177251466692245, 0.2524366320164963, 0.2707045521887556], [0.15173983547212677, 0.2788339343758093, 0.17010417024388444, 0.3993220599081797], [0.32755543699443546, 0.29767570682637645, 0.09712670447155719, 0.27764215170763107], [0.3265723585851255, 0.2520720346796112, 0.19587859856446893, 0.2254770081707945], [0.19667896928834036, 0.24983585535880679, 0.2647050680287606, 0.2887801073240924], [0.4487975108279851, 0.33958466324193076, 0.08160596008090526, 0.1300118658491787], [0.29588842539462545, 0.16405858155748104, 0.1661268478446042, 0.37392614520328926], [0.4549299329100765, 0.28333857103253796, 0.07585604523766286, 0.18587545081972284], [0.360216116266375, 0.3155325777666632, 0.09459927425045632, 0.2296520317165054], [0.1839324040032103, 0.395619353023905, 0.19114880702754847, 0.22929943594533628], [0.3054433997282207, 0.21261479519326604, 0.3011895039696383, 0.18075230110887497], [0.18035261474763015, 0.3155287492063876, 0.3059388749236527, 0.19817976112232957], [0.2526356895761673, 0.26371752079559524, 0.19634115060748555, 0.2873056390207519], [0.20946371535879832, 0.28043554462181997, 0.16993860388291254, 0.340162136136469], [0.3112817796551299, 0.45861783991673066, 0.0613414434387523, 0.16875893698938713], [0.32545679759568674, 0.3339660277158985, 0.09096142435222077, 0.24961575033619396], [0.16701007041295102, 0.2924936391022441, 0.06599898247467871, 0.4744973080101262], [0.2158943524446627, 0.32177264642551623, 0.12977987233289817, 0.3325531287969229], [0.2885537317406652, 0.49863818901319173, 0.08713159365123507, 0.125676485594908], [0.20529769667571554, 0.38566730561554025, 0.18903422410488463, 0.22000077360385967], [0.5831097737820052, 0.04804367220976829, 0.28280239922580513, 0.08604415478242117], [0.15757514535929185, 0.4597305011074824, 0.0926676826223755, 0.2900266709108504], [0.23623293473210233, 0.28215247918513436, 0.2511459643413181, 0.23046862174144528], [0.2129522254404848, 0.30359478231235004, 0.1734770199305518, 0.30997597231661345], [0.5902311828960412, 0.18911427503814804, 0.06938204229919943, 0.15127249976661145], [0.13127198431737455, 0.3972564706823591, 0.21435139052245686, 0.25712015447780956], [0.20418132857938975, 0.3688194003037531, 0.09986297353334897, 0.3271362975835083]]}}