{"test": {"ids": ["100108580", "99108890", "110114950", "101108290", "110115140", "97105760", "97105960", "113118511", "112118890", "105119550", "98109230", "104113210", "113120780", "110119891", "104111531", "110121720", "112118930", "108121160", "107113360", "107114621", "102112250", "101108621", "102114270", "110120640", "110114920", "97108520", "98108580", "108120700", "105113480", "113121220", "109119010", "101110200", "109114220", "97114170", "97107681", "110116501", "105113440", "97116800", "102107961", "101115190", "105116860", "99107560", "111116010", "104119340", "105115380", "109116441", "97118210", "102117351", "105113260", "108118520", "107117630", "113122650", "113119120", "110118181", "113122320", "113121410", "108117451", "112117780", "104118070", "108120260", "97110950", "109119450", "112120270", "111116040", "99107300", "102113981", "113117630", "107120260", "107121640", "109120150", "109118820", "106113170", "111114941", "112117660", "112116640", "109117150", "111116100", "108114040", "110114651", "99108310", "112116810", "103120780", "113118231", "103113260", "102110050", "109116040", "101114020", "98110680", "113119340", "105120621", "105115900", "99109141", "110120700", "112118161", "113122430", "109116930", "102110240", "113121190", "112120990", "110121170", "110115980", "106113190", "103111170", "107118520", "113117550", "101108950", "110118930", "104113380", "111116290", "100108990", "106113360", "113118810", "104111990", "97109570", "107114110", "103111480", "110117500", "103111990", "111120190", "112117471", "106113830", "111116090", "110115710", "110120190", "99116500", "104113240", "102110850", "102116340", "104109311", "108116501", "112121360", "99119830", "99108520", "102121440", "109117271", "111121190", "111115620", "112121030", "105113170", "112117790", "101113210", "98120530"], "labels": [0, 0, 0, 0, 0, 0, 2, 1, 3, 1, 1, 3, 0, 3, 0, 3, 1, 2, 0, 0, 0, 0, 3, 0, 3, 2, 0, 2, 0, 3, 3, 2, 3, 2, 3, 3, 0, 0, 3, 1, 2, 1, 1, 1, 1, 3, 2, 1, 3, 0, 0, 2, 3, 1, 1, 0, 2, 0, 2, 1, 3, 3, 0, 0, 3, 1, 0, 1, 1, 2, 3, 0, 0, 0, 0, 2, 3, 0, 3, 2, 3, 1, 3, 3, 3, 0, 3, 2, 0, 1, 3, 3, 2, 0, 2, 0, 3, 1, 2, 2, 1, 0, 2, 2, 3, 2, 1, 1, 2, 2, 0, 3, 2, 0, 1, 0, 1, 2, 3, 3, 1, 3, 2, 3, 2, 2, 3, 3, 3, 0, 3, 1, 2, 2, 0, 1, 1, 0, 0, 3, 3, 1], "predicted_labels": [1, 1, 3, 3, 0, 0, 1, 3, 2, 0, 1, 0, 1, 0, 1, 0, 1, 1, 0, 0, 0, 1, 3, 1, 0, 0, 1, 3, 1, 2, 3, 0, 1, 1, 3, 1, 3, 3, 0, 3, 3, 1, 1, 3, 3, 0, 3, 1, 1, 0, 3, 1, 1, 1, 0, 0, 3, 1, 3, 3, 0, 3, 0, 3, 1, 0, 1, 3, 1, 3, 1, 1, 1, 3, 3, 1, 0, 0, 3, 2, 0, 1, 3, 2, 1, 0, 3, 1, 3, 0, 1, 0, 3, 1, 3, 1, 3, 1, 1, 2, 3, 2, 3, 2, 1, 1, 1, 1, 3, 1, 2, 1, 1, 1, 1, 0, 0, 3, 1, 1, 2, 3, 1, 0, 1, 1, 1, 1, 1, 0, 1, 1, 1, 0, 3, 3, 3, 3, 1, 1, 0, 3], "confidence_scores": [[0.20983434116415328, 0.4471593235935695, 0.16704552273246168, 0.17596081250981555], [0.08566429015203898, 0.5066195450948024, 0.07954694222371557, 0.328169222529443], [0.23359285260135462, 0.19242674440764032, 0.18693079454402195, 0.3870496084469831], [0.23250766247530416, 0.28180649386527074, 0.16497025506418722, 0.32071558859523774], [0.3631803679879526, 0.21956538633578965, 0.12309475981916615, 0.29415948585709173], [0.40335416532226537, 0.1698715904295334, 0.09638305373772071, 0.3303911905104804], [0.18050776764676602, 0.3315865372775892, 0.20881826214077395, 0.279087432934871], [0.1924076908956703, 0.31911125901580767, 0.11320825810216595, 0.3752727919863561], [0.208491199518102, 0.22758899955687098, 0.30863795906116953, 0.25528184186385744], [0.35560682892065343, 0.22029572260832925, 0.17031304648568943, 0.2537844019853281], [0.10837480513600764, 0.6807036261916246, 0.06516819956729616, 0.14575336910507147], [0.4963217918288297, 0.2825328784463844, 0.0740398104353964, 0.14710551928938945], [0.1694153327563725, 0.35587244303886334, 0.20705735113225668, 0.2676548730725077], [0.4904790815163528, 0.2646903316849649, 0.08054500764583347, 0.164285579152849], [0.16994641535133212, 0.49448312212788653, 0.1834526816543225, 0.152117780866459], [0.289554179450182, 0.28912271001083145, 0.14723500209754858, 0.27408810844143777], [0.0740057339270563, 0.47372420262616827, 0.07485688000003829, 0.3774131834467371], [0.15969334731591284, 0.40038607137796345, 0.20619083559109092, 0.2337297457150329], [0.38874380176786266, 0.2665837101182507, 0.1517564211872306, 0.19291606692665594], [0.4164387590724095, 0.18203036302439501, 0.13243725778475823, 0.26909362011843724], [0.6685489356076104, 0.14676676920177187, 0.0668867639780357, 0.11779753121258203], [0.16276455781939864, 0.45005269891412114, 0.16324392680933938, 0.22393881645714084], [0.2198620769735859, 0.2511852716559603, 0.1010475913236522, 0.4279050600468017], [0.27560869743148764, 0.28977936413382943, 0.17008822054418346, 0.26452371789049955], [0.5079575495707127, 0.2205617603417297, 0.06881052319345657, 0.2026701668941012], [0.36930678187159294, 0.16977636503843696, 0.24288714145293594, 0.21802971163703408], [0.2182233620591328, 0.31063774746839434, 0.22348052286895212, 0.2476583676035208], [0.21621966769953788, 0.31421096709250873, 0.08372324038125428, 0.38584612482669917], [0.2567500433734761, 0.37643076495475625, 0.09321470696818808, 0.2736044847035795], [0.23647895928686238, 0.2227877778174548, 0.2938092788671744, 0.24692398402850843], [0.10497969360832408, 0.3525261386088829, 0.14105565584099453, 0.4014385119417984], [0.3563965404188647, 0.2720141599642368, 0.1431784813094021, 0.22841081830749663], [0.2014714976649442, 0.47992205821717, 0.18168608658156943, 0.13692035753631654], [0.20192353397200818, 0.30132502533540423, 0.21711470387933682, 0.27963673681325074], [0.2550843460107459, 0.17750395677191988, 0.19123356165199265, 0.3761781355653415], [0.20550880130115537, 0.35570464413012126, 0.1442387731425828, 0.29454778142614063], [0.28847520463253573, 0.18877336315491527, 0.1966798757610966, 0.32607155645145247], [0.23703592547995242, 0.24048492297377497, 0.14044832934097715, 0.38203082220529555], [0.5691694750966262, 0.14050107559765332, 0.18365046639856733, 0.10667898290715318], [0.2135340926218668, 0.15223184485297958, 0.22833681277928228, 0.4058972497458714], [0.17557699384516773, 0.21440150054102702, 0.12141005743378229, 0.4886114481800231], [0.32467907904187293, 0.3624098419745815, 0.18111217182249922, 0.13179890716104659], [0.2716314125609217, 0.3132883040665213, 0.22841459287450985, 0.1866656904980471], [0.2600415727487162, 0.18943382968777855, 0.23169891103304088, 0.31882568653046456], [0.23095336654528514, 0.24347501646973466, 0.20677260714325257, 0.31879900984172754], [0.5051852023062825, 0.14838839929985603, 0.08446286775375565, 0.2619635306401059], [0.1980647299607271, 0.1481464174370515, 0.1792137075382092, 0.47457514506401216], [0.28125291905011335, 0.3718569811285875, 0.10170017482952991, 0.24518992499176925], [0.15749979109147577, 0.6675987120039597, 0.07112766543528047, 0.10377383146928416], [0.30796198290491905, 0.3041340635744403, 0.10149987182135484, 0.28640408169928583], [0.18689521929789113, 0.18636460733988575, 0.17236211082442854, 0.45437806253779456], [0.21553177204385038, 0.30586915677960086, 0.22422646222660877, 0.25437260894994007], [0.25177365688526093, 0.45541968361761065, 0.09161882280203183, 0.20118783669509652], [0.31178291386354506, 0.34552314887548174, 0.1906852940265734, 0.15200864323439967], [0.4478868343195638, 0.1970075387135507, 0.13713655151636175, 0.21796907545052374], [0.37396494057890917, 0.19432992788818162, 0.1255247032723184, 0.30618042826059105], [0.12138066838351545, 0.38046329435293796, 0.11591729261036476, 0.38223874465318186], [0.10291867445063947, 0.5019719497788125, 0.12764258023817995, 0.2674667955323681], [0.2357237328804095, 0.23075287615823536, 0.1537911155080424, 0.37973227545331284], [0.1089786390156694, 0.2621065240439047, 0.13156920011848924, 0.4973456368219366], [0.4409382066542728, 0.16752179824126248, 0.2214953528268331, 0.17004464227763155], [0.2947513633315841, 0.18846290989005432, 0.10779965573685164, 0.40898607104150986], [0.2986777364133805, 0.29337845335703994, 0.1747165510458652, 0.2332272591837145], [0.2435367452246574, 0.25676167120205223, 0.21799456092069436, 0.281707022652596], [0.25702454954733783, 0.375462175307207, 0.10413576622226005, 0.26337750892319534], [0.4212432024568549, 0.1677594761551417, 0.05115813935635044, 0.3598391820316529], [0.17683256690612267, 0.3497381408025886, 0.3149488057748562, 0.15848048651643262], [0.11249660729172609, 0.3427735686414336, 0.12701168381087383, 0.4177181402559666], [0.3204155015752418, 0.3803143713983136, 0.13248592653866204, 0.1667842004877827], [0.15725690674484458, 0.2884735065533576, 0.1777034437808134, 0.37656614292098445], [0.17053743631574877, 0.5172245080662475, 0.11291592102581556, 0.19932213459218803], [0.23285261162973794, 0.4388088863448212, 0.12457696018739797, 0.2037615418380429], [0.27441046456833695, 0.2975227884296791, 0.19842797871557633, 0.22963876828640767], [0.17831305690701074, 0.3022813339911886, 0.21057155725101898, 0.30883405185078167], [0.15498886263349032, 0.2943776567523033, 0.13703284395168597, 0.41360063666252034], [0.18546706909014438, 0.30608815605322953, 0.2557189496349576, 0.2527258252216684], [0.36729338144945733, 0.31274108168994214, 0.126900658909896, 0.19306487795070476], [0.2862862504059127, 0.28470572599513894, 0.2147571166305096, 0.2142509069684388], [0.31775885152592764, 0.12221535057024689, 0.1301251836341394, 0.4299006142696862], [0.12117709416159661, 0.27034517691772203, 0.38662559849690653, 0.22185213042377502], [0.35593028264982496, 0.19647338502134776, 0.23553560046380959, 0.2120607318650179], [0.2548627246969274, 0.3308271033966781, 0.11401305718214992, 0.3002971147242447], [0.22885531627272063, 0.2618924373771817, 0.15675944420407015, 0.35249280214602763], [0.18508473746896384, 0.27277159607925777, 0.32528641762829746, 0.216857248823481], [0.18670132958106572, 0.3893127113202798, 0.2113256683621208, 0.21266029073653367], [0.3727769705676316, 0.24296214418678966, 0.20833883526058597, 0.17592204998499264], [0.15944398774732038, 0.20679322713946355, 0.14280482918900722, 0.4909579559242087], [0.14419383758150325, 0.3857329614461805, 0.17860447535401694, 0.2914687256182991], [0.28606131008990465, 0.191653716535001, 0.10603897989073889, 0.41624599348435554], [0.5037869962563506, 0.12128033662945051, 0.0745078491491778, 0.30042481796502113], [0.230852859925956, 0.28733877173961897, 0.2443122875300897, 0.23749608080433532], [0.36271412057812913, 0.26905698337866074, 0.2053743886132713, 0.1628545074299389], [0.21151815330895182, 0.3020156147565994, 0.16855789053144654, 0.31790834140300245], [0.2302014767305198, 0.38122223513092734, 0.07527815192945488, 0.31329813620909797], [0.1759426877470993, 0.3540273610094309, 0.10310439229692261, 0.3669255589465473], [0.283670665528394, 0.3072521874589295, 0.18557080581926894, 0.22350634119340762], [0.26457998297670177, 0.20014224972502945, 0.18824224005822363, 0.3470355272400451], [0.26810501293595573, 0.28490565736316187, 0.16464306709691687, 0.2823462626039654], [0.32351821465228175, 0.3458623544861586, 0.11071167170562612, 0.21990775915593344], [0.28936555128908603, 0.14498105736874067, 0.3385765623502785, 0.22707682899189488], [0.24875775830921837, 0.29034260728605965, 0.14351984439084672, 0.3173797900138753], [0.2588304670925555, 0.21946007548340218, 0.3046809822617529, 0.2170284751622895], [0.170474537198659, 0.2846949962003032, 0.1582705535801949, 0.3865599130208428], [0.09529821018286, 0.325551310104114, 0.3454236259770719, 0.23372685373595412], [0.3468405598311923, 0.36736227570907365, 0.17646270924169621, 0.10933445521803795], [0.2622743680525558, 0.30584847631477263, 0.16282439190964787, 0.2690527637230237], [0.13428573190674525, 0.35735076500011953, 0.21232590969777831, 0.296037593395357], [0.22556309275295594, 0.4452147981450165, 0.1373021338903127, 0.19191997521171494], [0.0652573431311507, 0.2426806397957635, 0.23608462153413842, 0.4559773955389474], [0.2468563270102347, 0.3714040373018307, 0.15431543389549027, 0.22742420179244469], [0.2116946099029459, 0.20103824301684312, 0.3308988636573337, 0.25636828342287743], [0.21559273577240637, 0.33047356953206386, 0.24672593973347992, 0.20720775496205004], [0.3803912858722792, 0.39545592038367255, 0.08234729490833911, 0.14180549883570925], [0.209813935152851, 0.40831931352544387, 0.10203557678094839, 0.27983117454075673], [0.17731833041261455, 0.3928339330876382, 0.10582162722094084, 0.32402610927880626], [0.2988824558031168, 0.22879773464493244, 0.20503015237418953, 0.2672896571777613], [0.3411991889213644, 0.2940070794978401, 0.15348321816116348, 0.21131051341963197], [0.12443562824818923, 0.24907947205802625, 0.19405261077591715, 0.4324322889178674], [0.21053823887776035, 0.31995198078621645, 0.19067221634837989, 0.2788375639876433], [0.23577794883009526, 0.4104809842928867, 0.12725053208420953, 0.22649053479280862], [0.08747422288189108, 0.2953740648156237, 0.42477011004626597, 0.19238160225621914], [0.23454934509161154, 0.19873592614928268, 0.1797814313799676, 0.38693329737913834], [0.25517943592469156, 0.28076806421356754, 0.19779693886005034, 0.26625556100169073], [0.6588436219051149, 0.10036363698372598, 0.10985004669603389, 0.1309426944151253], [0.23032013651769814, 0.38196643197142893, 0.1537155302930083, 0.23399790121786462], [0.20057359016377174, 0.43844010256666965, 0.1663706164411299, 0.1946156908284287], [0.20727666298965536, 0.3163234237992798, 0.23726409742811935, 0.2391358157829455], [0.2576970577052928, 0.26711738742091706, 0.23407192066922944, 0.24111363420456064], [0.2928993614336227, 0.3443356204156215, 0.11621466354270546, 0.24655035460805036], [0.3737424865653655, 0.18268109210474018, 0.26783615802066085, 0.1757402633092334], [0.23592836270543005, 0.31630508989406814, 0.13494118847051878, 0.312825358929983], [0.23813746370687172, 0.46610387001396825, 0.13573175758379918, 0.16002690869536093], [0.18015570518326812, 0.4623401695919568, 0.1315945884361301, 0.2259095367886451], [0.3631388761102167, 0.22909538584728859, 0.15971561042366658, 0.2480501276188282], [0.13644866373033912, 0.15686026520845459, 0.08689345989209347, 0.6197976111691128], [0.2639994381535229, 0.2744305293705423, 0.1292790931077753, 0.33229093936815973], [0.23385767455585263, 0.15169659127137117, 0.20464356848265822, 0.40980216569011807], [0.3272342333010131, 0.22718564549696152, 0.09742281125233002, 0.34815730994969535], [0.2246021941850793, 0.33607551261438123, 0.14456454800641597, 0.29475774519412334], [0.1565788284321097, 0.528131409840392, 0.13215118684938365, 0.1831385748781147], [0.4741084437999239, 0.2969589786866451, 0.12186042257530767, 0.10707215493812314], [0.1225403233422101, 0.22318667076681947, 0.14342263481223846, 0.510850371078732]]}, "rewritten": {"ids": ["97105760", "97105960", "97107681", "97108520", "97109570", "97110950", "97114170", "97116800", "97118210", "98108580", "98109230", "98110680", "98120530", "99107300", "99107560", "99108310", "99108520", "99108890", "99109141", "99116500", "99119830", "100108580", "100108990", "101108290", "101108621", "101108950", "101110200", "101113210", "101114020", "101115190", "102107961", "102110050", "102110240", "102110850", "102112250", "102113981", "102114270", "102116340", "102117351", "102121440", "103111170", "103111480", "103111990", "103113260", "103120780", "104109311", "104111531", "104111990", "104113210", "104113240", "104113380", "104118070", "104119340", "105113170", "105113260", "105113440", "105113480", "105115380", "105115900", "105116860", "105119550", "105120621", "106113170", "106113190", "106113360", "106113830", "107113360", "107114110", "107114621", "107117630", "107118520", "107120260", "107121640", "108114040", "108116501", "108117451", "108118520", "108120260", "108120700", "108121160", "109114220", "109116040", "109116441", "109116930", "109117150", "109117271", "109118820", "109119010", "109119450", "109120150", "110114651", "110114920", "110114950", "110115140", "110115710", "110115980", "110116501", "110117500", "110118181", "110118930", "110119891", "110120190", "110120640", "110120700", "110121170", "110121720", "111114941", "111115620", "111116010", "111116040", "111116090", "111116100", "111116290", "111120190", "111121190", "112116640", "112116810", "112117471", "112117660", "112117780", "112117790", "112118161", "112118890", "112118930", "112120270", "112120990", "112121030", "112121360", "113117550", "113117630", "113118231", "113118511", "113118810", "113119120", "113119340", "113120780", "113121190", "113121220", "113121410", "113122320", "113122430", "113122650"], "labels": [0, 2, 3, 2, 0, 3, 2, 0, 2, 0, 1, 2, 1, 3, 1, 2, 2, 0, 3, 2, 1, 0, 2, 0, 0, 2, 2, 3, 3, 1, 3, 3, 3, 3, 0, 1, 3, 3, 1, 2, 2, 0, 2, 3, 1, 3, 0, 2, 3, 2, 1, 2, 1, 0, 3, 0, 0, 1, 3, 2, 1, 1, 0, 0, 0, 1, 0, 1, 0, 0, 2, 1, 1, 0, 0, 2, 0, 1, 2, 2, 3, 0, 3, 0, 2, 0, 3, 3, 3, 2, 3, 3, 0, 0, 2, 1, 3, 1, 1, 1, 3, 3, 0, 2, 2, 3, 0, 1, 1, 0, 3, 3, 2, 3, 1, 0, 3, 3, 0, 0, 3, 0, 3, 1, 0, 2, 0, 3, 3, 0, 3, 1, 3, 3, 0, 0, 1, 3, 0, 1, 2, 2], "predicted_labels": [0, 1, 0, 1, 1, 0, 1, 1, 3, 0, 0, 3, 1, 3, 1, 1, 1, 0, 0, 1, 1, 1, 1, 3, 2, 0, 0, 0, 1, 3, 3, 0, 1, 1, 3, 1, 0, 3, 1, 1, 1, 0, 0, 1, 1, 1, 3, 1, 0, 1, 0, 1, 1, 0, 1, 0, 1, 0, 0, 0, 3, 0, 1, 3, 1, 1, 0, 0, 0, 1, 1, 1, 0, 0, 1, 3, 1, 1, 0, 1, 3, 1, 0, 1, 1, 0, 1, 1, 0, 1, 3, 0, 3, 1, 0, 0, 1, 1, 0, 3, 1, 1, 3, 1, 0, 3, 0, 1, 1, 3, 1, 0, 1, 0, 0, 0, 0, 1, 0, 0, 1, 3, 1, 1, 0, 1, 1, 1, 3, 0, 1, 1, 1, 3, 0, 0, 0, 0, 3, 1, 1, 1], "confidence_scores": [[0.4026006185859073, 0.18490891695487163, 0.13082588680203536, 0.2816645776571857], [0.1481074628353634, 0.4341087499795222, 0.10989708513792894, 0.3078867020471853], [0.3035481936841824, 0.23871339305916092, 0.1716768213761031, 0.2860615918805535], [0.3683095155627092, 0.37260095682984007, 0.09771623915811571, 0.16137328844933513], [0.2898044994727229, 0.32274578819160377, 0.12729013674225492, 0.2601595755934184], [0.4012503128799965, 0.18181440030357587, 0.17678356467701276, 0.24015172213941471], [0.2707025980409928, 0.3609623810312288, 0.1357753459115374, 0.2325596750162409], [0.25880421038720325, 0.3334993916294243, 0.13191877162052365, 0.27577762636284886], [0.23024453074562046, 0.2599322992665822, 0.2044839633527698, 0.3053392066350278], [0.4117757050682933, 0.31923876661513734, 0.1347614643979312, 0.1342240639186382], [0.29440884358412617, 0.19281820585858775, 0.29240934495849996, 0.22036360559878618], [0.11900692063284464, 0.196809169547883, 0.22962706248422649, 0.4545568473350458], [0.216429901473947, 0.3467399477106853, 0.17223409079969937, 0.2645960600156682], [0.24484551059206924, 0.24231674489262925, 0.10280373760858735, 0.4100340069067142], [0.11741349398110527, 0.569415904152136, 0.16699329310510352, 0.14617730876165508], [0.1808650855609718, 0.35426600877213377, 0.14003263551710862, 0.32483627014978583], [0.09689812851688055, 0.5682406393269315, 0.1575350961486013, 0.1773261360075869], [0.2931543128756583, 0.2725320369410392, 0.16051767829623823, 0.2737959718870645], [0.34459483963931026, 0.26339607563322787, 0.176708916792124, 0.2153001679353376], [0.224082461196601, 0.4232483847721469, 0.1539875676544623, 0.19868158637678976], [0.22713666031687688, 0.33900748279003384, 0.15628567195624177, 0.2775701849368475], [0.2754884721076632, 0.37967700068085464, 0.10937137903329729, 0.23546314817818495], [0.14523153931126745, 0.5269833590590617, 0.09531328894561408, 0.23247181268405684], [0.2858758468345908, 0.23596076322418438, 0.09564093687890517, 0.3825224530623197], [0.20164398484084742, 0.26359716008054995, 0.29557695134457507, 0.23918190373402756], [0.4748422800694587, 0.37184422587508376, 0.06145135707543112, 0.09186213698002647], [0.3605649882093189, 0.32682408875375396, 0.12264366391256899, 0.18996725912435833], [0.3707015521253457, 0.32477836019610473, 0.15406863743913335, 0.15045145023941622], [0.18241556188108551, 0.3986718188203259, 0.09033706660821599, 0.32857555269037264], [0.2590271763312466, 0.1758437614785819, 0.15937542994704842, 0.40575363224312316], [0.2888902808008063, 0.27459682816332415, 0.094960671142582, 0.34155221989328766], [0.33226522956740967, 0.20361339886888424, 0.24701676221696547, 0.21710460934674083], [0.2211882184199704, 0.3909277528943927, 0.129271170292563, 0.25861285839307385], [0.1578024228086016, 0.6615650988337782, 0.07709263921427101, 0.10353983914334926], [0.25725633518180296, 0.19506132481017938, 0.10821503694488595, 0.4394673030631318], [0.2583910491341799, 0.4466299793369753, 0.10104337598051791, 0.19393559554832698], [0.374863007408135, 0.3233042159906043, 0.12054597590640931, 0.1812868006948515], [0.2680290823538318, 0.2627175273641808, 0.14885143902173154, 0.3204019512602558], [0.2670240517373564, 0.4011568329991338, 0.12325497859885005, 0.2085641366646598], [0.2329573920995786, 0.3281189798010888, 0.2239236511644214, 0.21499997693491105], [0.2361616393299294, 0.33347330039824485, 0.13424562051878297, 0.296119439753043], [0.2986451440097186, 0.2730593720492488, 0.1700005041265722, 0.2582949798144602], [0.298256715435941, 0.26433204679291955, 0.1599062229626587, 0.2775050148084808], [0.1939543673083249, 0.36098859191259025, 0.16818244256928225, 0.2768745982098029], [0.2523825840975653, 0.32246192782775585, 0.10935974444889406, 0.3157957436257849], [0.16132127418296918, 0.4720361183286198, 0.1262827812643676, 0.2403598262240435], [0.14935472169679115, 0.31978341457627574, 0.12181987428245467, 0.4090419894444786], [0.19308929682917383, 0.37917528054948724, 0.19157955524098183, 0.23615586738035715], [0.49668354529138053, 0.1995746019020472, 0.10586348159257332, 0.19787837121399904], [0.26930433152288485, 0.32655664068692764, 0.2444500776259891, 0.1596889501641983], [0.37591643933543023, 0.26802131537012264, 0.09980773848120005, 0.25625450681324724], [0.29130296730994465, 0.3416177198470522, 0.15790924273283424, 0.20917007011016903], [0.19166928451488205, 0.448787199316486, 0.1400263264396025, 0.2195171897290295], [0.32376632179016035, 0.30204331141814394, 0.16763209539207188, 0.2065582713996239], [0.2917674855487319, 0.46101489364315495, 0.10969627312991559, 0.13752134767819738], [0.42321887115402407, 0.3205522693357736, 0.1081878504063809, 0.14804100910382154], [0.23117526404665392, 0.348308804037394, 0.13419155253900858, 0.28632437937694355], [0.345179663902201, 0.3106167992822208, 0.16678634343378598, 0.17741719338179207], [0.4634707831215078, 0.26956332122193644, 0.11272136338626174, 0.15424453227029386], [0.35223233332200166, 0.227785744696229, 0.15625192481041858, 0.26372999717135087], [0.2555776953652759, 0.2243774227555334, 0.125829813895074, 0.39421506798411676], [0.5781704391585564, 0.17169453886183736, 0.08025478492292916, 0.16988023705667718], [0.20661354271996535, 0.295862355060196, 0.21091899665016622, 0.28660510556967234], [0.20414464956589692, 0.22022667947443314, 0.12422539379558059, 0.45140327716408934], [0.17773096732026777, 0.3765464855981252, 0.1087103558509952, 0.3370121912306119], [0.2716554579736209, 0.30371359782004437, 0.2330069386469555, 0.1916240055593793], [0.5285393294974436, 0.1766311178351487, 0.12268948031566893, 0.1721400723517388], [0.2905586892482601, 0.2860434716669657, 0.18389199252229868, 0.23950584656247542], [0.3613863308338393, 0.3333939601894536, 0.11460541289274576, 0.19061429608396152], [0.21500545570188204, 0.3492158811712595, 0.2380308060031536, 0.19774785712370482], [0.1626432865613089, 0.5150739719854549, 0.12246111560856461, 0.19982162584467159], [0.2918746705104771, 0.3585734996767449, 0.14018846023113987, 0.20936336958163826], [0.5351875589590169, 0.23339065088386263, 0.12049010105797114, 0.11093168909914941], [0.4099008881892342, 0.27490031088315353, 0.1580774574537249, 0.1571213434738872], [0.2996408664443518, 0.424272216298629, 0.09204613136777748, 0.18404078588924164], [0.21054454713343385, 0.27968707357979006, 0.10895174581652145, 0.4008166334702547], [0.27347552936109704, 0.3838072127712741, 0.1676736057557679, 0.17504365211186088], [0.23636725927583835, 0.33942653426617975, 0.12236580288795125, 0.30184040357003056], [0.3458739092306706, 0.3186363553693542, 0.11410954190973412, 0.22138019349024105], [0.28392566391956664, 0.36442686302881416, 0.16176648002966135, 0.18988099302195785], [0.1852333692931346, 0.2953775269849287, 0.17162775758016782, 0.3477613461417689], [0.16848345243207735, 0.44474592763794024, 0.1596438127303812, 0.22712680719960107], [0.42589847167539807, 0.19141804260963086, 0.06587798989176442, 0.3168054958232067], [0.26880339136041775, 0.34912058664143913, 0.19689024456239418, 0.1851857774357491], [0.1915508561171641, 0.44299850000389035, 0.11769594300078882, 0.24775470087815674], [0.31578009033932675, 0.2746565951400818, 0.11883401563029512, 0.2907292988902963], [0.2607083936823573, 0.35633991024476824, 0.15329675178848146, 0.22965494428439315], [0.21507633164008538, 0.5686127710594976, 0.06833987299518995, 0.14797102430522724], [0.37544664790598287, 0.35847575915446495, 0.11519189863548944, 0.15088569430406276], [0.20230743365214957, 0.3359121055213277, 0.16145696700360948, 0.3003234938229133], [0.2978576629429388, 0.2296127044399011, 0.13334820997629068, 0.3391814226408694], [0.47137692830109434, 0.29567827394754914, 0.09401899273551452, 0.13892580501584187], [0.2452510522362693, 0.2587932313324739, 0.23021079676822426, 0.2657449196630326], [0.2552474538465817, 0.48408537701473425, 0.09480750137645462, 0.16585966776222935], [0.35569223898966507, 0.2956910777450292, 0.16198546856799828, 0.1866312146973077], [0.28830976794593793, 0.24675416453596744, 0.17781151723046207, 0.2871245502876325], [0.2836734351194618, 0.3350164739736814, 0.12698925946245568, 0.25432083144440104], [0.3141755217854693, 0.34063586916725624, 0.13726781816198927, 0.20792079088528514], [0.39134582573285015, 0.2802610233870573, 0.10613658951385864, 0.22225656136623398], [0.17261405989457798, 0.2939141897179836, 0.07880713569874334, 0.45466461468869507], [0.2638736318666874, 0.47119828887658743, 0.08924969681050528, 0.1756783824462199], [0.22182294431499983, 0.45089574016733874, 0.12055113900329154, 0.2067301765143698], [0.24006570147322479, 0.19923159452313507, 0.11694051262038882, 0.44376219138325124], [0.25299294035467923, 0.32636523133282974, 0.1568952023852433, 0.2637466259272477], [0.4187602403200805, 0.3098675364660881, 0.10189619075816939, 0.16947603245566198], [0.25896258819489787, 0.23910763530886556, 0.11978082618856946, 0.38214895030766716], [0.4247574258100849, 0.2624837128968517, 0.15412984077801667, 0.15862902051504682], [0.23270048400780066, 0.36389568948221485, 0.09559357630784925, 0.30781025020213554], [0.20706628655798318, 0.31890183690754814, 0.2717307039109946, 0.20230117262347413], [0.19459533295953607, 0.3561400835152108, 0.08593582878491558, 0.36332875474033755], [0.30493549344445986, 0.31330113961990025, 0.1126196281267596, 0.2691437388088803], [0.38500464540013246, 0.21922079822955978, 0.09074109754991777, 0.30503345882038996], [0.21632323672754206, 0.3341766795800231, 0.1260730701048052, 0.32342701358762965], [0.5030271864742932, 0.16351142114096584, 0.12001104534239021, 0.2134503470423508], [0.3368759875428843, 0.25128117039532744, 0.14191665306746082, 0.26992618899432763], [0.2972220618019708, 0.23263947325286144, 0.2082983878712442, 0.26184007707392376], [0.42509847846718185, 0.24277025884595949, 0.14155211182241617, 0.19057915086444263], [0.1520784478061262, 0.6774041249816115, 0.05810586270530167, 0.11241156450696052], [0.4604135642255708, 0.27358675700911683, 0.1258325062753867, 0.14016717248992572], [0.4655205469785143, 0.17160898916843736, 0.07523902686732649, 0.2876314369857219], [0.18413075303221127, 0.4217739852537185, 0.155459421457066, 0.23863584025700435], [0.31176810118758547, 0.2836771728020832, 0.08611569072338401, 0.3184390352869473], [0.27101619888607326, 0.31303538395638, 0.14123482969955195, 0.2747135874579949], [0.22221340159481515, 0.5375500697742125, 0.09006048720287294, 0.15017604142809937], [0.3956930531140159, 0.23187767197561765, 0.10097023667506558, 0.27145903823530093], [0.28747384674827414, 0.40949112237569424, 0.07234771245983865, 0.23068731841619308], [0.2680534640848214, 0.33022647182326637, 0.19484454786758265, 0.20687551622432973], [0.3173286494684406, 0.3475151687170487, 0.1150043541230223, 0.22015182769148833], [0.2608965458622281, 0.2796603690980507, 0.08608201736595458, 0.3733610676737665], [0.3653078883266618, 0.28031074138712253, 0.1693930731159397, 0.18498829717027604], [0.20006168620268205, 0.5428820530468675, 0.11150910899453564, 0.14554715175591468], [0.16988194284881117, 0.5837360636195488, 0.11268441115380763, 0.1336975823778323], [0.3255375169089295, 0.3288332558402541, 0.1332618174295195, 0.2123674098212967], [0.2452290248825349, 0.29655670609442014, 0.0774513673244329, 0.3807629016986122], [0.3101589795322469, 0.28984499985970735, 0.14454725373346505, 0.25544876687458073], [0.34554513125235997, 0.2960927256561258, 0.1833150946348973, 0.17504704845661698], [0.4452076081852114, 0.31531583937422497, 0.07465197653769885, 0.16482457590286473], [0.324777570494677, 0.2692452321153823, 0.088953407804447, 0.3170237895854938], [0.3019504513724963, 0.21270644982221876, 0.08555976891396114, 0.39978332989132387], [0.27265804843163505, 0.3271635154291172, 0.13279691093133222, 0.2673815252079154], [0.1585875379182053, 0.4506047295037204, 0.12104962242461026, 0.26975811015346407], [0.21091416673036878, 0.42479087534811927, 0.1854832073950716, 0.17881175052644044]]}}