{"test": {"ids": ["108118520", "113122510", "109121640", "100109890", "113119320", "108121410", "112119120", "101112160", "106116120", "111120640", "110121140", "105115900", "112116451", "98111670", "98108970", "97107950", "98108370", "103110100", "110114950", "107112840", "112118860", "111115400", "99107660", "107120880", "107115140", "99108460", "109113881", "100108260", "104113210", "113122150", "108113480", "105115680", "105116441", "102111990", "103113610", "99107560", "111119930", "105119950", "108117360", "106117790", "110118301", "103117200", "99107950", "108118301", "106111321", "110113591", "108115970", "98108410", "101109120", "104111990", "101119591", "101109370", "107121640", "107118520", "97112170", "112118550", "112119580", "106118161", "104111620", "113120591", "99112641", "113117340", "107120010", "108115070", "107114200", "106115240", "111119340", "106115250", "97116410", "112118530", "100112060", "112120290", "103113260", "109117110", "112119950", "104119340", "99108310", "109120150", "100115700", "106121190", "109117150", "100111380", "113121190", "104117200", "108114220", "102112170", "99111440", "110119300", "105112240", "109113931", "106114321", "108114200", "109117080", "98117740", "99108890", "108118291", "113120531", "99110050", "99116500", "101114020", "103110050", "100116790", "97112300", "100109330", "104114240", "113118421", "101111210", "108116070", "110115580", "110115140", "104116980", "103111480", "99109141", "101111140", "113120751", "110118181", "111121930", "107113840", "112120270", "104119290", "106116640", "105116650", "113120280", "108113740", "110120700", "100109801", "104113000", "111121351", "98111620", "110117080", "98120010", "101111310", "109116040", "100120010", "112120990", "104116441", "110115250", "113117630", "105113440", "105121370", "106116820", "113119120"], "labels": [0, 2, 0, 3, 1, 0, 1, 3, 1, 0, 3, 3, 0, 1, 3, 2, 1, 1, 0, 1, 3, 0, 3, 1, 0, 0, 0, 3, 3, 2, 0, 2, 1, 2, 2, 1, 1, 3, 1, 1, 1, 0, 1, 1, 0, 0, 2, 1, 1, 2, 0, 1, 1, 2, 0, 3, 3, 3, 0, 0, 1, 2, 1, 1, 2, 1, 3, 2, 3, 1, 2, 1, 3, 1, 0, 1, 2, 2, 1, 2, 2, 3, 1, 3, 3, 3, 3, 1, 1, 1, 2, 0, 1, 2, 0, 3, 0, 3, 2, 3, 3, 2, 2, 0, 0, 3, 2, 1, 1, 0, 1, 0, 3, 2, 1, 1, 1, 3, 0, 1, 3, 1, 0, 3, 2, 0, 1, 0, 3, 1, 2, 3, 0, 0, 2, 1, 1, 0, 0, 2, 1, 3], "predicted_labels": [3, 3, 1, 1, 3, 0, 3, 3, 1, 1, 3, 1, 0, 3, 1, 1, 1, 3, 3, 1, 0, 3, 0, 3, 3, 3, 1, 1, 3, 1, 3, 1, 1, 0, 0, 1, 3, 1, 3, 1, 1, 3, 1, 3, 0, 3, 3, 1, 1, 1, 0, 1, 1, 1, 3, 3, 3, 0, 3, 3, 0, 3, 2, 1, 3, 0, 3, 3, 2, 1, 3, 1, 3, 3, 0, 3, 3, 0, 3, 1, 3, 1, 3, 3, 1, 3, 3, 1, 3, 3, 3, 3, 3, 3, 1, 0, 3, 1, 1, 1, 1, 1, 0, 3, 0, 3, 3, 1, 3, 3, 3, 0, 0, 0, 3, 3, 3, 1, 3, 3, 3, 3, 3, 0, 1, 1, 3, 1, 3, 3, 3, 1, 3, 1, 1, 3, 3, 3, 3, 3, 1, 3], "confidence_scores": [[0.24693642468642488, 0.25321771561771583, 0.21493063603063609, 0.2849152236652237], [0.23425363525363535, 0.2590090853590854, 0.2401096292596293, 0.2666276501276502], [0.22822295482295496, 0.317289580680757, 0.18927659562659563, 0.26521086886969253], [0.25532344877344887, 0.2930468253968255, 0.19410930735930748, 0.25752041847041857], [0.2820889832389832, 0.22377467532467535, 0.11926418581418582, 0.3748721556221556], [0.2869649406149405, 0.2857299811299814, 0.18094705294705307, 0.2463580253080254], [0.28055853035853046, 0.21612401487401486, 0.22260780885780893, 0.28070964590964587], [0.21882183927183943, 0.2650261682761684, 0.2394487623487623, 0.2767032301032301], [0.25164983904983923, 0.3159466977466979, 0.19885909090909104, 0.23354437229437242], [0.25869986124986144, 0.28247683982683974, 0.18221456876456882, 0.2766087301587301], [0.2756654179154179, 0.24195505050505062, 0.20007636807636814, 0.28230316350316365], [0.2390712121212122, 0.32383650793650803, 0.18236592296592302, 0.2547263569763571], [0.3024671717171715, 0.28227821067821085, 0.15056250416250425, 0.2646921134421136], [0.2525673493173495, 0.26965889665889675, 0.20704158064158054, 0.27073217338217354], [0.21044000999001, 0.294700396825397, 0.20997871850371852, 0.2848808746808746], [0.20336462426462437, 0.30224646464646454, 0.1924160173160174, 0.3019728937728939], [0.1892395881895882, 0.2809110722610723, 0.25857070152070155, 0.2712786380286381], [0.23713338328338332, 0.24090087690087694, 0.24626468531468534, 0.27570105450105453], [0.26824175269175277, 0.24948767343767353, 0.16704700299700306, 0.31522357087357084], [0.22253241480741479, 0.2869613813087498, 0.22670019702519703, 0.26380600685863853], [0.2833549930461695, 0.28039228581875625, 0.17051689029924325, 0.26573583083583097], [0.24618537573537572, 0.26435992340992354, 0.214302752802753, 0.2751519480519481], [0.2878529767618002, 0.2154616050616052, 0.2650415806415807, 0.23164383753501402], [0.23095376845376853, 0.2528846875346876, 0.21087872682872694, 0.3052828171828172], [0.2646162559662561, 0.2187900432900434, 0.17858301698301707, 0.33801068376068366], [0.22679603729603734, 0.23905320790320794, 0.15218345543345546, 0.38196729936729923], [0.26492672882672885, 0.32572575202575216, 0.1637420523920525, 0.2456054667554667], [0.2503222982899454, 0.3009849289599289, 0.22825538350538355, 0.22043738924474227], [0.27305901320901327, 0.23176726606726614, 0.1772564935064935, 0.3179172272172272], [0.21592354867354877, 0.27678032523032525, 0.24489374514374523, 0.2624023809523811], [0.2590658119658121, 0.2419965312465314, 0.1947066156066157, 0.3042310411810412], [0.22189396714396725, 0.31246143856143865, 0.1925540126540127, 0.2730905816405817], [0.21278122710622716, 0.31370782828282817, 0.21696390831390838, 0.25654703629703635], [0.3092845876345876, 0.25024372294372305, 0.18689131979131976, 0.25358036963036973], [0.2719652014652016, 0.2598693084693085, 0.23035579975579987, 0.23780969030969046], [0.20656522366522373, 0.30365875790875796, 0.204749222999223, 0.28502679542679527], [0.250682006882007, 0.27272161172161175, 0.1986369630369631, 0.27795941835941845], [0.244426265890972, 0.3465292508145451, 0.17360106005105996, 0.23544342324342324], [0.1888015595515597, 0.2388421023421024, 0.25583166278166275, 0.3165246753246752], [0.22411848151848174, 0.299988505938506, 0.21708500943500947, 0.2588080031080032], [0.24896315906315905, 0.2818614663114664, 0.1906850149850151, 0.27849035964035973], [0.2731384226884228, 0.2656821456321457, 0.14300414585414595, 0.31817528582528587], [0.17001000666000682, 0.3433436202686203, 0.22738563103563114, 0.2592607420357422], [0.2696669608169609, 0.254020695970696, 0.1615721167721168, 0.3147402264402263], [0.29233806193806194, 0.23391180486180493, 0.18636999666999668, 0.28738013653013655], [0.2287690254190255, 0.28768086635586637, 0.16141650016650017, 0.3221336080586078], [0.2407802813199873, 0.2782519253622195, 0.1805789099789099, 0.30038888333888336], [0.23793282273282293, 0.30682783327783336, 0.1817069042069044, 0.27353243978243974], [0.23925917138417147, 0.30476334221334234, 0.19216347818847826, 0.2638140082140084], [0.2636790131437191, 0.3335734455087397, 0.18815154290154296, 0.2145959984459985], [0.3063867687867686, 0.21112269952269958, 0.2079979686979687, 0.2744925629925629], [0.2184559163059163, 0.29208333333333353, 0.2200837662337663, 0.26937698412698413], [0.25020946275946276, 0.26480438172938187, 0.23828252580752585, 0.24670362970362988], [0.2043446719946721, 0.31122462537462536, 0.20420701520701534, 0.2802236874236876], [0.24260341325341334, 0.26254933677433684, 0.1738168775668776, 0.3210303724053725], [0.24377816072816083, 0.23590858585858593, 0.12628634143634151, 0.39402691197691203], [0.21531979327861686, 0.2589691919191921, 0.17609315129315142, 0.34961786350904], [0.263188888888889, 0.25972967032967054, 0.22397077922077935, 0.2531106615606617], [0.28276334776334777, 0.2123698190698192, 0.21524685314685318, 0.28961998001998], [0.279605710955711, 0.23435178710178717, 0.1682759240759241, 0.3177665778665779], [0.29722907092907097, 0.2672885947385946, 0.19803844488844502, 0.23744388944388956], [0.24469037074037084, 0.2406153873903874, 0.22280209790209785, 0.291892143967144], [0.22903588633588642, 0.2205430624930625, 0.28531621156621145, 0.26510483960483977], [0.2796548340548342, 0.29876931287666575, 0.1954053560818267, 0.2261704969866735], [0.250828730419907, 0.2270200746965453, 0.14048360691595993, 0.381667587967588], [0.2981911366411366, 0.26060805305805307, 0.17055086025086041, 0.2706499500499501], [0.25146610611610615, 0.26820759240759245, 0.1674740703740705, 0.31285223110223115], [0.23750495974613625, 0.23665174074291734, 0.25709903984903987, 0.2687442596619069], [0.23357281607281616, 0.25739332889332894, 0.26950284160284155, 0.2395310134310135], [0.1918709790209791, 0.3082974913974915, 0.21670334861217214, 0.2831281809693575], [0.25570196470196477, 0.2656802586302587, 0.17844492729492734, 0.3001728493728493], [0.2517229159729161, 0.27058376623376634, 0.25891583416583414, 0.21877748362748375], [0.24844314574314574, 0.2831897352647353, 0.18155214785214807, 0.2868149711399712], [0.24293728493728506, 0.2579608447108447, 0.17445574980575, 0.32464612054612046], [0.31457060717060714, 0.2504158841158841, 0.15447298812298826, 0.2805405205905208], [0.22435779775779788, 0.26209327164064017, 0.15465899100899103, 0.3588899395925709], [0.2609697691197691, 0.27053015873015873, 0.1832717032967034, 0.28522836885336894], [0.2707013375513376, 0.24822743367743375, 0.23379627039627052, 0.24727495837495853], [0.25705718725718735, 0.2594383838383839, 0.20876582861582868, 0.2747386002886005], [0.19282720057720085, 0.2912189699189699, 0.2459149794649795, 0.27003885003885003], [0.22874997224997237, 0.27069198579198595, 0.20420268065268077, 0.2963553613053615], [0.2392362193362195, 0.34096976911976895, 0.1528141913641915, 0.2669798201798202], [0.2594584276834277, 0.2534703851703852, 0.14531902541902547, 0.34175216172716183], [0.21227855869620596, 0.2785953951277482, 0.1823267676767677, 0.32679927849927853], [0.2671945609945612, 0.28426923076923083, 0.22400987900987912, 0.22452632922632923], [0.24376691919191948, 0.2123117965367966, 0.23366551226551227, 0.3102557720057721], [0.2512265234765235, 0.25372747530247547, 0.2286425324675325, 0.266403468753469], [0.2469492285492286, 0.2939941891441892, 0.16894718614718623, 0.29010939615939646], [0.24951072261072263, 0.2774034854034854, 0.17118503718503728, 0.3019007548007549], [0.24249583472083483, 0.26369034299034305, 0.14065801975801978, 0.3531558025308024], [0.24487665112665116, 0.23332897657897678, 0.25421257076257087, 0.26758180153180156], [0.2810070096570097, 0.25974708624708626, 0.17462738372738382, 0.28461852036852037], [0.19557471972471982, 0.24306014541014542, 0.21072824397824397, 0.3506368908868908], [0.2340582972582973, 0.2648208069708072, 0.214944227994228, 0.28617666777666784], [0.20665822510822524, 0.31636799621946676, 0.19119804607157542, 0.2857757326007329], [0.32116616912499263, 0.2284875676610972, 0.1763943556443558, 0.2739519075695547], [0.25882418790359973, 0.2365811149634679, 0.1886958293340646, 0.3158988677988678], [0.21255712065712082, 0.28684105339105354, 0.2513965978465979, 0.24920522810522827], [0.21402277722277718, 0.29437690642690645, 0.25294841269841273, 0.23865190365190367], [0.2064134460310932, 0.28209472357707666, 0.23257158952158954, 0.27892024087024087], [0.2198633977133978, 0.2813646631146631, 0.22734483294483301, 0.2714271062271063], [0.2307435064935066, 0.29190784525931596, 0.21209110856463806, 0.26525753968253984], [0.2822822824234589, 0.275733270324447, 0.18626789321789328, 0.2557165540342012], [0.2449301087801089, 0.25669799644799646, 0.1963076201576201, 0.30206427461427465], [0.29101748251748233, 0.26193229548229546, 0.18651083916083924, 0.2605393828393827], [0.31262312964812966, 0.22492516650016658, 0.14646281496281488, 0.3159888888888889], [0.24595647685647687, 0.24713296703296714, 0.2057496364746365, 0.3011609196359195], [0.24199634254634253, 0.26359172494172484, 0.23160139305139318, 0.2628105394605395], [0.25998917748917755, 0.22934285714285724, 0.23575488400488398, 0.27491308136308124], [0.2599131646131647, 0.25676786546786573, 0.1963227994227994, 0.2869961704961706], [0.2144643317466848, 0.23264864188099474, 0.26881334776334775, 0.284073678608973], [0.2942442903501727, 0.28041175083086867, 0.1795323870573871, 0.24581157176157187], [0.2950068764568765, 0.26401678876678886, 0.18524037629037626, 0.25573595848595865], [0.3056320457320458, 0.2475370906870908, 0.18249876789876796, 0.2643320956820958], [0.23423645243645244, 0.24545038850038856, 0.2294009768009767, 0.2909121822621823], [0.24429721389721404, 0.2507829448329447, 0.176431351981352, 0.32848848928848917], [0.2994857142857142, 0.2683623376623378, 0.11916839826839833, 0.31298354978354986], [0.24908174603174615, 0.27547400377400383, 0.20218441558441566, 0.27325983460983466], [0.21143328615828616, 0.24149542679542682, 0.25836544289044305, 0.2887058441558444], [0.23185116550116563, 0.2556258630258632, 0.1979351592851593, 0.3145878121878122], [0.2191898823398824, 0.29788490953490954, 0.17427894327894333, 0.30864626484626495], [0.2395748307248309, 0.27803020313020327, 0.20120839715839722, 0.28118656898656913], [0.30651931956931955, 0.2043087135087135, 0.170392784992785, 0.3187791819291819], [0.31027900432900435, 0.20419410589410594, 0.18181790709290724, 0.3037089826839826], [0.2548690087690088, 0.27604203019203016, 0.19751134421134425, 0.27157761682761683], [0.2652702797202797, 0.30255274170274177, 0.18864462759462766, 0.24353235098235107], [0.2747739316239317, 0.21004278499278495, 0.16772222222222236, 0.34746106116106107], [0.245413247863248, 0.2849556998557, 0.18551334221334234, 0.2841177100677101], [0.20395091575091592, 0.2683548007548008, 0.23301353646353656, 0.2946807470307471], [0.19220690779808428, 0.18257155426273083, 0.21984367299367316, 0.40537786494551187], [0.25022656232656243, 0.23791690531690535, 0.2371722222222224, 0.27468431013431005], [0.25741017038517056, 0.2830540737040738, 0.19087529415029417, 0.2686604617604617], [0.21697459762459778, 0.24795370740370748, 0.20288918303918313, 0.332182511932512], [0.2023037490287492, 0.3258815160329865, 0.21891699934052883, 0.25289773559773565], [0.2448642635142637, 0.30750335775335774, 0.15386032856032864, 0.2937720501720502], [0.25430188275776516, 0.2830706058647236, 0.14619045399045397, 0.3164370573870574], [0.23268908868908877, 0.2836778221778222, 0.17094554889554886, 0.31268754023754036], [0.24293861138861145, 0.2877048451548453, 0.17967960927960933, 0.28967693417693424], [0.23479509934509943, 0.2602058802308803, 0.1953186896436898, 0.3096803307803308], [0.21697628760128776, 0.2714408705673412, 0.21051346953699882, 0.3010693722943724], [0.2766036741036742, 0.2828795818560524, 0.17218288345641278, 0.2683338605838608], [0.2647226273726274, 0.23163085248085255, 0.18579376179376192, 0.3178527583527585]]}, "rewritten": {"ids": ["97107950", "97112170", "97112300", "97116410", "98108370", "98108410", "98108970", "98111620", "98111670", "98117740", "98120010", "99107560", "99107660", "99107950", "99108310", "99108460", "99108890", "99109141", "99110050", "99111440", "99112641", "99116500", "100108260", "100109330", "100109801", "100109890", "100111380", "100112060", "100115700", "100116790", "100120010", "101109120", "101109370", "101111140", "101111210", "101111310", "101112160", "101114020", "101119591", "102111990", "102112170", "103110050", "103110100", "103111480", "103113260", "103113610", "103117200", "104111620", "104111990", "104113000", "104113210", "104114240", "104116441", "104116980", "104117200", "104119290", "104119340", "105112240", "105113440", "105115680", "105115900", "105116441", "105116650", "105119950", "105121370", "106111321", "106114321", "106115240", "106115250", "106116120", "106116640", "106116820", "106117790", "106118161", "106121190", "107112840", "107113840", "107114200", "107115140", "107118520", "107120010", "107120880", "107121640", "108113480", "108113740", "108114200", "108114220", "108115070", "108115970", "108116070", "108117360", "108118291", "108118301", "108118520", "108121410", "109113881", "109113931", "109116040", "109117080", "109117110", "109117150", "109120150", "109121640", "110113591", "110114950", "110115140", "110115250", "110115580", "110117080", "110118181", "110118301", "110119300", "110120700", "110121140", "111115400", "111119340", "111119930", "111120640", "111121351", "111121930", "112116451", "112118530", "112118550", "112118860", "112119120", "112119580", "112119950", "112120270", "112120290", "112120990", "113117340", "113117630", "113118421", "113119120", "113119320", "113120280", "113120531", "113120591", "113120751", "113121190", "113122150", "113122510"], "labels": [2, 0, 2, 3, 1, 1, 3, 3, 1, 2, 2, 1, 3, 1, 2, 0, 0, 3, 3, 3, 1, 2, 3, 0, 0, 3, 3, 2, 1, 2, 0, 1, 1, 2, 2, 3, 3, 3, 0, 2, 3, 3, 1, 0, 3, 2, 0, 0, 2, 1, 3, 0, 1, 1, 3, 1, 1, 1, 0, 2, 3, 1, 1, 3, 2, 0, 2, 1, 2, 1, 3, 1, 1, 3, 2, 1, 3, 2, 0, 2, 1, 1, 1, 0, 3, 0, 3, 1, 2, 1, 1, 3, 1, 0, 0, 0, 1, 0, 1, 1, 2, 2, 0, 0, 0, 0, 1, 1, 1, 1, 1, 1, 2, 3, 0, 3, 1, 0, 0, 1, 0, 1, 3, 3, 1, 3, 0, 0, 1, 2, 2, 0, 3, 3, 1, 0, 0, 0, 1, 1, 2, 2], "predicted_labels": [1, 3, 1, 1, 1, 3, 1, 1, 3, 3, 1, 3, 1, 1, 1, 3, 1, 3, 3, 0, 0, 1, 1, 0, 3, 0, 1, 3, 1, 1, 1, 1, 3, 0, 3, 1, 3, 3, 0, 0, 0, 1, 1, 0, 1, 1, 3, 3, 1, 3, 3, 1, 3, 3, 3, 3, 3, 3, 3, 3, 3, 1, 3, 1, 1, 3, 3, 0, 3, 1, 3, 3, 1, 1, 3, 1, 0, 3, 3, 1, 3, 0, 0, 3, 3, 1, 1, 1, 3, 0, 3, 0, 0, 0, 1, 1, 3, 3, 3, 3, 1, 0, 1, 3, 0, 3, 3, 0, 3, 3, 1, 1, 1, 0, 0, 3, 1, 1, 1, 0, 0, 1, 3, 0, 3, 3, 0, 2, 1, 1, 1, 3, 3, 3, 3, 3, 1, 3, 3, 3, 1, 3], "confidence_scores": [[0.21058650238650256, 0.29513336663336676, 0.2246222444222444, 0.2696578865578867], [0.282159978909979, 0.2561236327398093, 0.14666374850639563, 0.3150526398438162], [0.2755418747918747, 0.28400767010767025, 0.18104004329004336, 0.2594104118104119], [0.25078892218892224, 0.2547995837495838, 0.24540125985125988, 0.2490102342102343], [0.1820409959321725, 0.28731667939903255, 0.27637863835510895, 0.2542636863136864], [0.25764179154179156, 0.2852450771450772, 0.16311392496392496, 0.29399920634920645], [0.19142366522366538, 0.3248605117105117, 0.18101059496059493, 0.302705228105228], [0.21426238206238224, 0.27241189921189923, 0.24474806859806866, 0.2685776501276502], [0.23708862248862256, 0.23771642801642814, 0.22981777111777124, 0.2953771783771782], [0.24190581444699105, 0.25067220002220014, 0.2291617957206194, 0.2782601898101898], [0.23661988566988582, 0.2801918137418137, 0.20918789543789545, 0.2740004051504052], [0.20932550227550237, 0.28188693528693526, 0.19786423576423573, 0.31092332667332656], [0.2448388242476478, 0.2730503385503386, 0.24241775446775463, 0.2396930827342591], [0.1521030525030526, 0.3569048673548673, 0.22250905205905205, 0.2684830280830281], [0.27687345987346, 0.2773776723276724, 0.18846246808746825, 0.25728639971139977], [0.26870620490620495, 0.2623241924741924, 0.13783355533355537, 0.3311360472860473], [0.22251972471972487, 0.29974643134643153, 0.2017178737928739, 0.27601597014097023], [0.25560276390276404, 0.2712155844155844, 0.20001438006438008, 0.2731672716172716], [0.21301127206127218, 0.23743686868686875, 0.24301096681096684, 0.3065408924408924], [0.27630261960261965, 0.2526288600288601, 0.2279924242424242, 0.24307609612609618], [0.36699573759573745, 0.24455458985458978, 0.1449809246309247, 0.24346874791874812], [0.22556447996448, 0.2884268120768121, 0.22203619713619724, 0.2639725108225109], [0.2526445898872369, 0.2881074397824398, 0.18986573426573428, 0.26938223606458894], [0.27323545343545375, 0.26958409923409915, 0.19594294594294598, 0.2612375013875015], [0.27644246864246874, 0.2756484570984571, 0.1520281107781108, 0.2958809634809635], [0.279150475341652, 0.2617658377570142, 0.18527816627816632, 0.2738055206231678], [0.2607628879290645, 0.2922971267294796, 0.1657875239139946, 0.28115246142746153], [0.2620797480297482, 0.25366435786435787, 0.18897009657009656, 0.2952857975357976], [0.2565332251082252, 0.2726975357975358, 0.22470705683205697, 0.24606218226218232], [0.26859769119769106, 0.28042491430138483, 0.20207344567197502, 0.24890394882894895], [0.1767782106782109, 0.32045617715617714, 0.24035821400821414, 0.26240739815739816], [0.2406502089413855, 0.321452032934386, 0.18480376878023944, 0.2530939893439894], [0.2509808991661934, 0.2528401265401267, 0.20210336101806695, 0.29407561327561327], [0.2987983349983351, 0.2603689865689866, 0.17410145965145973, 0.26673121878121897], [0.2808552669552669, 0.2552874680874682, 0.17438319458319465, 0.2894740703740703], [0.2282704295704297, 0.33687804417804423, 0.18483724053724052, 0.2500142857142858], [0.23048962508080167, 0.2579794796706563, 0.22335982350982359, 0.288171071738719], [0.2623880452880453, 0.23894379509379515, 0.2008660672660674, 0.29780209235209243], [0.31666895881895885, 0.22164760794760807, 0.1837659118659119, 0.2779175213675213], [0.3284032434885376, 0.24796101121101133, 0.18340548667019257, 0.24023025863025865], [0.2879292790542791, 0.22948560606060603, 0.1954518537018539, 0.2871332611832612], [0.25358732182849847, 0.2896112126435656, 0.2233687454702162, 0.23343272005772023], [0.26524366189366194, 0.27963093573093584, 0.22106971361971375, 0.23405568875568883], [0.3224845278904102, 0.24665260719672502, 0.1809791985791986, 0.24988366633366654], [0.24781853505971171, 0.3119770995344525, 0.15112586335233402, 0.28907850205350233], [0.24623231768231782, 0.271505527805528, 0.23788996558996564, 0.24437218892218904], [0.2600362137862139, 0.25948539238539237, 0.15621408591408598, 0.32426430791430805], [0.25466385183444, 0.24232539584598414, 0.19018144274026624, 0.3128293095793097], [0.23913953595424192, 0.32217840721370145, 0.18309502719502727, 0.2555870296370298], [0.2711234288587231, 0.19934415029415045, 0.1909664534811594, 0.33856596736596745], [0.24145535575535584, 0.23819618714618726, 0.21207029637029642, 0.3082781607281608], [0.2534447616109382, 0.3057086041409571, 0.17810883316030374, 0.2627378010878012], [0.24164749694749704, 0.30247233877233853, 0.1526528527028527, 0.30322731157731164], [0.20327894327894333, 0.2331252136752138, 0.22866336996336997, 0.33493247308247304], [0.23263213730713742, 0.26081359196359194, 0.17795739538239547, 0.3285968753468754], [0.1825737373737374, 0.24745666000666, 0.22872174492174502, 0.3412478576978579], [0.23219114219114215, 0.25093677988678004, 0.14759057054057065, 0.3692815073815072], [0.2623967449217451, 0.260526370851371, 0.19697797202797204, 0.2800989121989121], [0.2138183316683318, 0.2741925185925187, 0.20314812409812427, 0.3088410256410258], [0.22043731823731838, 0.2753944555444556, 0.19555549450549453, 0.30861273171273185], [0.23115307470307475, 0.24725528915528924, 0.20840278055278064, 0.3131888555888557], [0.20837059052059068, 0.3004323121323122, 0.19475920190920207, 0.29643789543789545], [0.263671550671551, 0.2535429736929738, 0.19884730824730834, 0.2839381673881674], [0.26543896985367577, 0.3068588434441375, 0.14817404817404828, 0.27952813852813846], [0.19547942057942075, 0.3044807248307248, 0.23330551115551112, 0.26673434343434355], [0.2764321273497745, 0.2436860294933824, 0.19594785769785777, 0.2839339854589855], [0.26041623376623385, 0.21608802308802316, 0.25028376623376636, 0.273211976911977], [0.29296341991342, 0.2652016428016427, 0.16793537018537033, 0.27389956709956714], [0.24136282606282614, 0.26107123432123436, 0.22774853479853482, 0.26981740481740485], [0.2575315018315019, 0.2926821289821289, 0.19225085470085473, 0.2575355144855144], [0.22153835608835612, 0.29409262404262404, 0.17674519369519373, 0.3076238261738264], [0.24096787656787672, 0.28143886701533766, 0.176065023538553, 0.3015282328782332], [0.24252142857142875, 0.2937743145743145, 0.2018018981018981, 0.2619023587523588], [0.24879428349428362, 0.29398801198801217, 0.2088176712176714, 0.2484000333000334], [0.2269676406926409, 0.2514048101021786, 0.2157724886224887, 0.305855060582692], [0.2574742507492508, 0.29119681429681427, 0.2214072233322234, 0.2299217116217116], [0.2975526657552975, 0.27590399045399044, 0.18501482990693538, 0.24152851388377716], [0.26164437229437215, 0.24773896103896112, 0.13013600288600288, 0.36048066378066346], [0.2737864052614052, 0.18564291541791553, 0.1618062271062272, 0.3787644522144522], [0.2061553252303253, 0.3280934426684426, 0.21113184593184595, 0.2546193861693863], [0.261336546786547, 0.22328076368076372, 0.19851277056277064, 0.31686991896991884], [0.30605753494871146, 0.24826631309866606, 0.17593729081376147, 0.26973886113886114], [0.2776624153624152, 0.2616226051726051, 0.2064163780663783, 0.25429860139860133], [0.24940853590853612, 0.24216067821067822, 0.2295408202908204, 0.2788899655899657], [0.2731944444444445, 0.19019985569985573, 0.17731315351315363, 0.35929254634254637], [0.28582495004995, 0.2873836940836942, 0.1406417471417472, 0.2861496087246088], [0.2655282384282385, 0.2853993620758327, 0.1971567595802891, 0.2519156399156399], [0.25704185814185837, 0.3319286741036742, 0.17436755466755477, 0.23666191308691326], [0.22921080357550963, 0.271451822687117, 0.18960489510489512, 0.30973247863247866], [0.29935694860694845, 0.28494331224331226, 0.16190326895326893, 0.2537964701964703], [0.20386363081363088, 0.2064358419358419, 0.250872782772783, 0.33882774447774444], [0.34020925855190565, 0.2468549300372831, 0.1512038267288268, 0.2617319846819848], [0.2950417970917972, 0.2654543234543235, 0.16135934065934074, 0.27814453879453904], [0.28434114219114237, 0.2293459928959929, 0.2280369685869686, 0.25827589632589626], [0.27299483294483295, 0.31854686424686435, 0.15676050061050073, 0.25169780219780213], [0.27495621045621044, 0.2765362581862583, 0.18502498612498616, 0.26348254523254533], [0.21026148573648576, 0.2781785946509633, 0.20180702630702635, 0.30975289330552486], [0.2354042735042736, 0.23877556887556906, 0.23076885336885344, 0.2950513042513044], [0.1947378177378178, 0.22498399378399375, 0.22069380064380067, 0.35958438783438773], [0.2981217615717616, 0.23969068154068154, 0.1593391441891443, 0.3028484126984129], [0.2542167665667666, 0.2980654345654346, 0.19075577755577766, 0.25696202131202156], [0.2788288045288045, 0.2510737651237653, 0.2043163170163171, 0.2657811133311133], [0.2513136784783845, 0.30017776145423203, 0.19263929403929414, 0.25586926602808974], [0.2502169870978696, 0.2723986222927399, 0.16264967532467536, 0.31473471528471536], [0.2674033633033633, 0.26478100233100244, 0.20337920412920416, 0.2644364302364303], [0.2570247974247975, 0.2425576756576759, 0.1836689310689311, 0.3167485958485958], [0.2447537851037853, 0.2628272727272729, 0.20759703629703632, 0.2848219058719059], [0.2637927072927074, 0.2476595127095129, 0.242936718836719, 0.24561106116106118], [0.2142965312465312, 0.19746542901542902, 0.23067982017982025, 0.3575582195582196], [0.27716527361527377, 0.2611529664779665, 0.14623861693861703, 0.31544314296814296], [0.2747811688311688, 0.30650694860694855, 0.17374463869463866, 0.24496724386724392], [0.2364698374724692, 0.3139404040404041, 0.1715899103820157, 0.2779998481051113], [0.24829300144300157, 0.2742906426906428, 0.2315560051060051, 0.2458603507603509], [0.27419835719835717, 0.2564048229548232, 0.2065686258186261, 0.2628281940281941], [0.27616095244624655, 0.25422823565323577, 0.23400084360084372, 0.23560996829967418], [0.25203114695761764, 0.2664474358974359, 0.16988574758574768, 0.3116356695591991], [0.2543337135087137, 0.2913294455544455, 0.18552050172050177, 0.2688163392163393], [0.2551048729048729, 0.29149830169830165, 0.18324679209679223, 0.27015003330003334], [0.26595704295704325, 0.2810115939615941, 0.17435473970473975, 0.2786766233766234], [0.3252952991452992, 0.2832988122988123, 0.12284144189144193, 0.26856444666444673], [0.31332902652902644, 0.24763282828282837, 0.16448294205794214, 0.27455520313020326], [0.20421764901764922, 0.3330777111777113, 0.2078840825840826, 0.25482055722055735], [0.24231861471861474, 0.24688113275613283, 0.15221673881673886, 0.3585835137085139], [0.30264676157176146, 0.27135545010545004, 0.19789512432012446, 0.22810266400266416], [0.20606854534354546, 0.2502349567099568, 0.22817185592185604, 0.3155246420246422], [0.23744304584304596, 0.26876793761793766, 0.18651457986457984, 0.30727443667443677], [0.324509618159618, 0.24450555555555564, 0.14840307470307476, 0.2825817515817516], [0.22821355033855042, 0.24980247530247535, 0.2636432817182818, 0.25834069264069265], [0.2516070318570319, 0.27216208791208807, 0.25315239205239215, 0.22307848817848835], [0.2494679931179933, 0.3498966810966812, 0.1616710955710957, 0.2389642302142303], [0.20777721722721734, 0.3046104284604284, 0.22932531357531372, 0.25828704073704084], [0.18161168276168288, 0.2817971399945084, 0.1924152791652793, 0.3441758980785297], [0.2660820734820736, 0.2531574647574649, 0.15892651237651234, 0.32183394938394927], [0.24294972804972798, 0.25919992229992245, 0.18186106116106132, 0.31598928848928837], [0.2773537518037519, 0.2388611832611833, 0.11526810411810419, 0.3685169608169608], [0.2534932289932291, 0.22024087579087592, 0.19728887223887231, 0.32897702297702325], [0.27245748695748695, 0.2804360306360308, 0.17585896880896879, 0.27124751359751365], [0.27896657231657246, 0.2576262987012986, 0.1427121933621934, 0.3206949356199357], [0.21775259185259196, 0.26645337995338003, 0.22659255385137744, 0.28920147434265103], [0.27967456660986073, 0.2458275113775115, 0.18563974130444716, 0.2888581807081806], [0.21135583860583868, 0.29662743922743917, 0.2202008047508048, 0.2718159174159175], [0.2480248917748919, 0.26922070707070733, 0.20049357864357875, 0.28226082251082274]]}}