{"test": {"ids": ["100109980", "105116090", "102113981", "104113210", "111116170", "108116501", "104111380", "112117431", "104112470", "98117740", "104118340", "105113170", "110115710", "109117150", "100117420", "112117660", "102110050", "113119450", "105118740", "109119591", "108120060", "112118530", "106115240", "109115220", "113120591", "105113620", "104111780", "107121700", "107113360", "109119010", "102110850", "109117730", "112120540", "101117580", "104111880", "112120630", "97116790", "98121790", "103112470", "108114360", "103113640", "101108290", "104116980", "97118210", "110118630", "110118930", "113118630", "107113550", "108116070", "106114280", "112118810", "97105960", "108118810", "105118230", "110116290", "105110251", "99109780", "100110050", "112117030", "99108520", "97114170", "105112100", "98113881", "105121190", "105115680", "97105451", "98108410", "100111270", "98108970", "97112170", "107120010", "107113130", "110117140", "112118620", "103111170", "113118820", "99107630", "104114320", "97108520", "101108621", "111116990", "98111670", "112118930", "98111620", "101114020", "110114720", "111119580", "110120540", "109118701", "98109570", "107115140", "105120621", "106114150", "112118890", "111120640", "101111990", "98119591", "100109890", "107116980", "99113260", "111120190", "113118511", "104114240", "100108080", "105112260", "108117451", "102110500", "101109120", "108115880", "110113931", "104114410", "106116820", "107120130", "109114720", "100109311", "110116501", "100107920", "108116481", "103111830", "111114941", "111115910", "109113881", "99107950", "99109370", "110118810", "104119340", "108121410", "107115250", "108121190", "104113550", "109121351", "101110200", "98108150", "107114280", "103110050", "110120190", "112117461", "109114220", "113121190", "105113210", "113122120", "107113170"], "labels": [1, 1, 1, 3, 0, 0, 3, 0, 1, 2, 2, 0, 2, 2, 2, 0, 3, 3, 1, 0, 1, 1, 1, 3, 0, 0, 3, 3, 0, 3, 3, 3, 3, 3, 3, 3, 2, 2, 1, 1, 1, 0, 1, 2, 1, 1, 3, 0, 1, 3, 3, 2, 1, 1, 2, 0, 2, 3, 2, 2, 2, 1, 3, 2, 2, 0, 1, 2, 3, 0, 1, 1, 3, 3, 2, 0, 2, 2, 2, 0, 0, 1, 1, 3, 3, 3, 3, 1, 3, 1, 0, 1, 1, 3, 0, 2, 1, 3, 3, 0, 3, 1, 0, 0, 3, 2, 3, 1, 3, 1, 1, 1, 2, 0, 1, 3, 0, 0, 3, 0, 2, 0, 1, 1, 1, 1, 0, 2, 1, 1, 0, 2, 0, 3, 3, 3, 0, 3, 1, 3, 1, 0], "predicted_labels": [0, 0, 3, 0, 1, 0, 0, 1, 0, 2, 1, 1, 1, 0, 1, 2, 1, 0, 0, 3, 1, 2, 0, 3, 0, 1, 0, 2, 0, 2, 1, 3, 0, 1, 1, 3, 2, 1, 1, 1, 1, 1, 1, 0, 1, 0, 0, 3, 3, 0, 3, 3, 2, 0, 1, 0, 1, 3, 2, 1, 0, 0, 3, 0, 2, 3, 1, 3, 3, 3, 1, 3, 3, 3, 1, 0, 1, 2, 3, 1, 1, 3, 0, 1, 1, 1, 1, 0, 3, 1, 3, 0, 0, 2, 1, 3, 1, 3, 0, 3, 2, 1, 1, 1, 1, 0, 0, 1, 3, 3, 3, 1, 3, 1, 0, 1, 1, 3, 0, 0, 3, 0, 2, 0, 1, 1, 1, 3, 2, 0, 0, 3, 1, 0, 1, 1, 1, 3, 0, 3, 1, 1], "confidence_scores": [[0.46651823747479226, 0.1686593079753123, 0.19169583713747085, 0.17312661741242466], [0.47454709050549676, 0.19973882935091797, 0.09934744360995983, 0.22636663653362535], [0.15445382903638674, 0.19397276668504296, 0.09811588635669816, 0.5534575179218721], [0.34555230310580803, 0.2103829640785906, 0.11523159610233029, 0.3288331367132709], [0.27749490046631836, 0.344001556643974, 0.13377967254805231, 0.24472387034165533], [0.39462759400062003, 0.18818471014218827, 0.13819156877667213, 0.2789961270805197], [0.46512341293093656, 0.21427979044402617, 0.12710994312705878, 0.1934868534979784], [0.26146924883491857, 0.3089906048959953, 0.12869765495742744, 0.30084249131165863], [0.33097499093973926, 0.1402566985415206, 0.24928606561673058, 0.2794822449020098], [0.20455915407872094, 0.20682893218833154, 0.4060481994103542, 0.18256371432259322], [0.21172798357186487, 0.2830165320761511, 0.2364104375295964, 0.2688450468223876], [0.2225525725818165, 0.34996882623038417, 0.26877418436916833, 0.15870441681863096], [0.12628378075348637, 0.6403443269869071, 0.05718542559057993, 0.1761864666690265], [0.3249208045323368, 0.24138876616904012, 0.11215980761247123, 0.32153062168615176], [0.27814840591676865, 0.31998849743717467, 0.1887819773584041, 0.21308111928765283], [0.1690992316830288, 0.2556524882935129, 0.33650786280933165, 0.23874041721412667], [0.18594509790642172, 0.42640702969971106, 0.2667254300718101, 0.1209224423220572], [0.3273184616279937, 0.21589127955273846, 0.13329315433000655, 0.32349710448926133], [0.31994899244357417, 0.24007307280783624, 0.14375168755830894, 0.2962262471902807], [0.2639380518470329, 0.2451000145935161, 0.20943069279849905, 0.28153124076095204], [0.18771645447367047, 0.34202041514258025, 0.25710386204354363, 0.2131592683402057], [0.21039208551726413, 0.19468313197191925, 0.34214140066575954, 0.25278338184505705], [0.337536529928762, 0.2306083602530229, 0.17658849541811364, 0.2552666144001016], [0.22256526104747482, 0.2996415319562193, 0.09744754603679665, 0.38034566095950934], [0.4238820004110693, 0.18573188469943502, 0.18166157747851847, 0.20872453741097724], [0.20727381991206675, 0.3967887169531909, 0.21136626734585054, 0.184571195788892], [0.3795715244958001, 0.18158409591827385, 0.1989952506257032, 0.23984912896022298], [0.11622110818919609, 0.20092201962014128, 0.5207504672740267, 0.16210640491663586], [0.36209899827047426, 0.25931653335401345, 0.13254071638227835, 0.24604375199323394], [0.14081562372749407, 0.3144137631609616, 0.32231746528289684, 0.2224531478286475], [0.2424930973067773, 0.5638290687598942, 0.07619580362615844, 0.11748203030717008], [0.23936536453934965, 0.14185996460001957, 0.1964770121426237, 0.422297658718007], [0.45867060912934987, 0.13819738069379797, 0.20971585306601348, 0.19341615711083882], [0.12172568375375055, 0.4398947218075891, 0.20436711151792436, 0.23401248292073606], [0.18988251795743105, 0.4543858073007016, 0.21689686016402077, 0.13883481457784663], [0.2592889246564508, 0.20473152449065865, 0.10257476934774314, 0.4334047815051474], [0.24529503440808292, 0.22677996499284162, 0.2697986484210088, 0.2581263521780666], [0.2748128145491518, 0.3024717919202249, 0.17261089914326957, 0.25010449438735377], [0.14334217304530247, 0.4039302304940114, 0.15255800062647093, 0.3001695958342151], [0.2213564679877741, 0.29163064891417756, 0.22201198326525254, 0.26500089983279584], [0.30248705978891544, 0.3737388958443894, 0.11071905598116501, 0.21305498838553016], [0.31356835605446715, 0.35334516305143426, 0.10673978071986817, 0.22634670017423045], [0.21589744119126505, 0.3487996450730023, 0.12139666834907087, 0.31390624538666173], [0.40085396506368803, 0.21022798188490532, 0.18131105195453037, 0.20760700109687621], [0.1632103994358187, 0.36536533445808217, 0.20417559216896897, 0.26724867393713014], [0.35485123083685177, 0.34056823529138563, 0.15010208483722057, 0.15447844903454214], [0.31377390740773764, 0.2957771485179396, 0.19906742940111602, 0.19138151467320652], [0.16160671977750846, 0.21740286702695127, 0.18281326278994, 0.43817715040560035], [0.1710583114652263, 0.16329432140761616, 0.28037541080374206, 0.38527195632341554], [0.3620309384224799, 0.26319185113430094, 0.12287389364574335, 0.2519033167974761], [0.20890955515712964, 0.12356049639870191, 0.12830443209450978, 0.5392255163496587], [0.2556750235274332, 0.19687265211536983, 0.15701674228978832, 0.39043558206740864], [0.16233084187433297, 0.1844290708606532, 0.38276227206747465, 0.2704778151975393], [0.32983171894703484, 0.21855787279828917, 0.24220156026839298, 0.20940884798628298], [0.2824971239810486, 0.3905713968289808, 0.12063045786647636, 0.20630102132349426], [0.34707785606678904, 0.27866878164739084, 0.15144303177448573, 0.2228103305113343], [0.17552780216872957, 0.2974097907087606, 0.24440360183680146, 0.28265880528570836], [0.2314467272047334, 0.22666727116370738, 0.24195094232529793, 0.29993505930626135], [0.1562738720198593, 0.16717891666050094, 0.5676159172697313, 0.10893129404990863], [0.26874276778955486, 0.3249118234896773, 0.11711357915760053, 0.28923182956316723], [0.3530340450524995, 0.28825008100075183, 0.14791258720412787, 0.2108032867426209], [0.3518495160757915, 0.2692595135567784, 0.16048457729901827, 0.21840639306841206], [0.25811970259369144, 0.20559972146258795, 0.17425769999603116, 0.3620228759476894], [0.3246344507420797, 0.296150904418685, 0.18765866439589926, 0.19155598044333613], [0.15243496772769066, 0.17933339012998797, 0.4595387830286777, 0.2086928591136438], [0.30002385094029094, 0.2225329525787083, 0.1450918648764495, 0.33235133160455127], [0.29866921470574076, 0.4081542981716173, 0.10478458007720118, 0.18839190704544062], [0.20723657203522128, 0.2385458365489949, 0.2710653780113564, 0.2831522134044274], [0.27807296191718156, 0.24920073762316103, 0.1376286127234258, 0.33509768773623166], [0.26230109635598287, 0.252257501231565, 0.19822202807140588, 0.28721937434104616], [0.17444784639445213, 0.3191375359146464, 0.21622835408163643, 0.2901862636092652], [0.21278767243995475, 0.263970692091501, 0.1991890670205624, 0.3240525684479819], [0.15792447707539417, 0.2528074848698983, 0.17141277501946567, 0.41785526303524195], [0.25143192824553917, 0.18706961165471095, 0.2770861706487805, 0.2844122894509694], [0.2738265801652191, 0.3744940104957839, 0.1608074603028531, 0.1908719490361439], [0.318123503909544, 0.24657889171813113, 0.19815594823367327, 0.23714165613865162], [0.25357213189452776, 0.2928617511633031, 0.17960021481809074, 0.2739659021240784], [0.1442789053121472, 0.13265859870721025, 0.5765286223551688, 0.14653387362547377], [0.31098778573532027, 0.20990322175298104, 0.15975274686228946, 0.31935624564940923], [0.18931111300725503, 0.4164798300272339, 0.07342846691004885, 0.32078059005546217], [0.23284552085335827, 0.3011216698551986, 0.1929710425319365, 0.27306176675950683], [0.26889301975686797, 0.2849477964023047, 0.1503581407969931, 0.29580104304383414], [0.3533468783101752, 0.3399852185324906, 0.11327653179787882, 0.19339137135945542], [0.2881118509126462, 0.37948162987463496, 0.15844069752291937, 0.1739658216897995], [0.21599584919713385, 0.43202819212525145, 0.14774663900221732, 0.20422931967539748], [0.13492758990609552, 0.4672324467765404, 0.11635088754372941, 0.28148907577363474], [0.2768541238937029, 0.2895648026699351, 0.16273975949503877, 0.2708413139413232], [0.2988221917910287, 0.24084879605864937, 0.20663001876391182, 0.2536989933864102], [0.1781509766402517, 0.2572103512580669, 0.09745607257501512, 0.46718259952666624], [0.18543008384216825, 0.36109039082197975, 0.12318165006229408, 0.33029787527355786], [0.24272372297251305, 0.26137872843962173, 0.12950175848106213, 0.36639579010680307], [0.4311588886907642, 0.2096236148320016, 0.09523911370295682, 0.26397838277427743], [0.3194427634395115, 0.2145924416230059, 0.15620842348214362, 0.309756371455339], [0.21762360136298226, 0.26101459450024517, 0.31891776982972964, 0.20244403430704302], [0.17315091513719988, 0.42116551376464534, 0.09811332864028284, 0.30757024245787185], [0.24978921659749692, 0.2348981244388798, 0.16805807277552812, 0.3472545861880951], [0.22984571966626144, 0.352787159853294, 0.20713560711645773, 0.2102315133639867], [0.20096310662677774, 0.19323488676040707, 0.11883953744651861, 0.48696246916629654], [0.5142575163138121, 0.17265358675036907, 0.17868760324503802, 0.1344012936907808], [0.2463392541116433, 0.269373785797369, 0.1686077489031641, 0.3156792111878237], [0.21479235238974442, 0.23420487447517135, 0.39248792380499004, 0.15851484933009424], [0.24416374723391485, 0.3972201793383639, 0.09332857270539471, 0.26528750072232654], [0.18568698124147576, 0.3700885989780977, 0.23282986514514611, 0.21139455463528045], [0.27307161383366557, 0.36266030777349006, 0.13103262441222283, 0.23323545398062168], [0.3213894225732918, 0.3395099196764457, 0.1301629386377555, 0.20893771911250686], [0.40560016120955367, 0.2089139797154835, 0.12380528117448109, 0.2616805779004817], [0.4187735907240776, 0.20517182220385746, 0.137532704985266, 0.23852188208679903], [0.28970267428249113, 0.38968121598927735, 0.11932701683893773, 0.20128909288929378], [0.20545895802483777, 0.2672597857301247, 0.19501991295652232, 0.33226134328851537], [0.24108634116378588, 0.27153272207613877, 0.16447452505081442, 0.3229064117092608], [0.19829502943042335, 0.23008778499239466, 0.26977321264419973, 0.30184397293298226], [0.20323608404176696, 0.35142203649132586, 0.15064412380802303, 0.29469775565888423], [0.28575824058650195, 0.28518631939628436, 0.10728656485840131, 0.3217688751588125], [0.19923903431856366, 0.40279546196386923, 0.17944851901399056, 0.21851698470357656], [0.3672027537317584, 0.27844089033012737, 0.15346777616649268, 0.20088857977162156], [0.23621380354041288, 0.4858077580473043, 0.07052141241499095, 0.207457025997292], [0.30631150491620945, 0.35763298635874524, 0.11858638353149657, 0.21746912519354875], [0.27594751442660337, 0.2569538622117924, 0.177749346124921, 0.2893492772366832], [0.4168081531419507, 0.24574383756821763, 0.12609789535407154, 0.21135011393576017], [0.33533578819985793, 0.26703779004221373, 0.12356561038550022, 0.27406081137242816], [0.19675959979127705, 0.244614415929369, 0.1446024946629106, 0.41402348961644353], [0.4402970807731872, 0.16798741308341314, 0.15346659118539732, 0.2382489149580024], [0.132137005115366, 0.14928029514785804, 0.47863077587683683, 0.23995192385993905], [0.33365545883245445, 0.27086060864626726, 0.17009405447866724, 0.2253898780426112], [0.2858893730544786, 0.44243038978791066, 0.12562008396022, 0.1460601531973908], [0.06753433739582788, 0.5856209275367178, 0.11531937741539601, 0.23152535765205842], [0.17944025378330877, 0.5497000153904056, 0.09834173941408421, 0.1725179914122015], [0.13855561659714694, 0.25844755173657835, 0.10330091608619206, 0.49969591558008264], [0.2050510066986652, 0.24933242767187153, 0.2909964061236845, 0.25462015950577876], [0.3558784913558121, 0.29430478926967524, 0.12998635663639735, 0.21983036273811532], [0.3826834287915806, 0.21883657174794313, 0.17265992419008305, 0.2258200752703933], [0.17757923167446404, 0.2806316634035027, 0.20149102465864752, 0.3402980802633857], [0.133289248420613, 0.3186285911371795, 0.2680993004309738, 0.279982860011234], [0.2851699249967335, 0.2542640308034016, 0.20653911414289527, 0.25402693005696947], [0.26109546516284476, 0.33116201813290247, 0.1608710646203449, 0.24687145208390784], [0.18343119187317436, 0.40615708457258487, 0.1626733302824794, 0.2477383932717615], [0.3029664541798799, 0.45713760263493325, 0.11482689359356335, 0.12506904959162352], [0.29596734064847147, 0.24640379748888333, 0.1551534320046422, 0.30247542985800285], [0.385724061935882, 0.20317144350224417, 0.08994590537403441, 0.3211585891878395], [0.1531414289154472, 0.1772909980168984, 0.12133664673374958, 0.5482309263339049], [0.24442797973532046, 0.36875293488870636, 0.12045195230577094, 0.2663671330702023], [0.2257305868597323, 0.37973087003366907, 0.12504139583634205, 0.2694971472702567]]}, "rewritten": {"ids": ["97105451", "97105960", "97108520", "97112170", "97114170", "97116790", "97118210", "98108150", "98108410", "98108970", "98109570", "98111620", "98111670", "98113881", "98117740", "98119591", "98121790", "99107630", "99107950", "99108520", "99109370", "99109780", "99113260", "100107920", "100108080", "100109311", "100109890", "100109980", "100110050", "100111270", "100117420", "101108290", "101108621", "101109120", "101110200", "101111990", "101114020", "101117580", "102110050", "102110500", "102110850", "102113981", "103110050", "103111170", "103111830", "103112470", "103113640", "104111380", "104111780", "104111880", "104112470", "104113210", "104113550", "104114240", "104114320", "104114410", "104116980", "104118340", "104119340", "105110251", "105112100", "105112260", "105113170", "105113210", "105113620", "105115680", "105116090", "105118230", "105118740", "105120621", "105121190", "106114150", "106114280", "106115240", "106116820", "107113130", "107113170", "107113360", "107113550", "107114280", "107115140", "107115250", "107116980", "107120010", "107120130", "107121700", "108114360", "108115880", "108116070", "108116481", "108116501", "108117451", "108118810", "108120060", "108121190", "108121410", "109113881", "109114220", "109114720", "109115220", "109117150", "109117730", "109118701", "109119010", "109119591", "109121351", "110113931", "110114720", "110115710", "110116290", "110116501", "110117140", "110118630", "110118810", "110118930", "110120190", "110120540", "111114941", "111115910", "111116170", "111116990", "111119580", "111120190", "111120640", "112117030", "112117431", "112117461", "112117660", "112118530", "112118620", "112118810", "112118890", "112118930", "112120540", "112120630", "113118511", "113118630", "113118820", "113119450", "113120591", "113121190", "113122120"], "labels": [0, 2, 2, 0, 2, 2, 2, 0, 1, 3, 1, 3, 1, 3, 2, 1, 2, 2, 1, 2, 1, 2, 0, 0, 0, 1, 3, 1, 3, 2, 2, 0, 0, 1, 2, 2, 3, 3, 3, 3, 3, 1, 3, 2, 3, 1, 1, 3, 3, 3, 1, 3, 1, 0, 2, 1, 1, 2, 1, 0, 1, 3, 0, 3, 0, 2, 1, 1, 1, 1, 2, 1, 3, 1, 1, 1, 0, 0, 0, 3, 0, 2, 3, 1, 2, 3, 1, 3, 1, 0, 0, 2, 1, 1, 1, 0, 0, 3, 0, 3, 2, 3, 3, 3, 0, 0, 1, 3, 2, 2, 3, 3, 1, 1, 1, 3, 1, 0, 2, 0, 0, 3, 3, 0, 2, 0, 0, 0, 1, 3, 3, 3, 1, 3, 3, 1, 3, 0, 3, 0, 1, 1], "predicted_labels": [0, 3, 3, 3, 0, 3, 0, 1, 0, 3, 1, 1, 1, 1, 2, 1, 1, 3, 3, 3, 1, 0, 1, 0, 3, 3, 1, 3, 3, 3, 1, 0, 1, 3, 1, 3, 0, 2, 1, 3, 1, 3, 1, 1, 0, 3, 1, 0, 1, 1, 3, 0, 0, 1, 2, 1, 1, 3, 1, 0, 0, 1, 2, 1, 1, 3, 0, 1, 0, 0, 3, 2, 0, 1, 1, 3, 1, 1, 2, 0, 3, 3, 0, 0, 0, 2, 1, 3, 0, 1, 1, 0, 1, 1, 1, 1, 3, 3, 1, 3, 0, 3, 3, 3, 3, 0, 1, 3, 1, 3, 0, 3, 1, 0, 2, 1, 1, 1, 3, 1, 3, 0, 2, 0, 1, 0, 3, 3, 0, 3, 0, 3, 1, 0, 0, 0, 3, 0, 1, 0, 3, 3], "confidence_scores": [[0.32001092522099117, 0.2192668131297398, 0.16119083572973847, 0.2995314259195305], [0.25850733060198344, 0.26890221131494274, 0.1380928554110677, 0.3344976026720061], [0.2507696771240575, 0.18337087965257923, 0.1572502258007703, 0.40860921742259315], [0.27383878843343384, 0.205410663897716, 0.08873047259817694, 0.4320200750706732], [0.3567163177268691, 0.2786590579718694, 0.12177081540531137, 0.24285380889595012], [0.16862102978892698, 0.11827635786525195, 0.3123849494382129, 0.4007176629076082], [0.48783879352352283, 0.18963408719904234, 0.13310056904064957, 0.18942655023678542], [0.1588946306312086, 0.3639544841324452, 0.2738410032656127, 0.20330988197073374], [0.3373991359581906, 0.2673532819999907, 0.14798421880714446, 0.24726336323467427], [0.18076925524456688, 0.2602818557763128, 0.2292290578934622, 0.3297198310856581], [0.29691400830979264, 0.34119733449797407, 0.12257124930051728, 0.23931740789171596], [0.2514306140444878, 0.3485210909683564, 0.23431095503513044, 0.16573733995202555], [0.23628373961369725, 0.3269719391872507, 0.15109843719221974, 0.2856458840068323], [0.2616368590641133, 0.36431079953196527, 0.13372579851351524, 0.24032654289040634], [0.13798349704688662, 0.23160024150045622, 0.40084170461325036, 0.22957455683940692], [0.24862713896497526, 0.35293157745139664, 0.2405475650322863, 0.15789371855134177], [0.19545630525308907, 0.413177738335197, 0.2073414440474384, 0.18402451236427558], [0.24049312779864998, 0.19808653635581802, 0.16127728546944808, 0.40014305037608405], [0.18158337478617984, 0.23975095983572564, 0.27264488152108546, 0.30602078385700937], [0.27799270599200004, 0.21343505519728057, 0.12992421659757128, 0.3786480222131482], [0.30411269592341383, 0.3227955129659, 0.15249696824833917, 0.22059482286234702], [0.41645266492989197, 0.21063900002330535, 0.15023770203465894, 0.2226706330121438], [0.23585177809978217, 0.3695751762291995, 0.1758689459545638, 0.21870409971645446], [0.4327511907764766, 0.2924466631474788, 0.09697145811858991, 0.17783068795745463], [0.24643222124414005, 0.2684596431516123, 0.16571977155351175, 0.3193883640507359], [0.22743274431778548, 0.2391438355056868, 0.16481257824189105, 0.3686108419346369], [0.2763944742703878, 0.3851893062243144, 0.11212729369685116, 0.22628892580844676], [0.15934772309240774, 0.24776261091424961, 0.15556821096357937, 0.4373214550297633], [0.2177024051274213, 0.24616523052038455, 0.20714810612482037, 0.3289842582273739], [0.2744483456295201, 0.194982819496659, 0.1727104000398204, 0.3578584348340007], [0.2725047051397847, 0.2812302826546696, 0.23435643018951946, 0.21190858201602633], [0.34389823013167875, 0.302465827017671, 0.11706417744471001, 0.23657176540594013], [0.16940630010749433, 0.5261342216673477, 0.08269885644701779, 0.2217606217781401], [0.22257275762949977, 0.2898830990538043, 0.09735713074161445, 0.3901870125750816], [0.10285070826268551, 0.5641280291085126, 0.17726216919061205, 0.1557590934381899], [0.22611576636857286, 0.27210345490354215, 0.19025588281482794, 0.31152489591305704], [0.37606741208403754, 0.23838289493903989, 0.1317305905384619, 0.2538191024384608], [0.19850586450443214, 0.21114547062536135, 0.3034273584873885, 0.286921306382818], [0.2273818336997304, 0.39487959081726304, 0.1516496194336359, 0.22608895604937077], [0.2902828324549691, 0.23529216056999483, 0.17383429371301334, 0.30059071326202275], [0.20175320359580387, 0.424846812359585, 0.11671594286628302, 0.2566840411783281], [0.20399303109924172, 0.2561871911732671, 0.1295853730643117, 0.41023440466317956], [0.21880377209067753, 0.3460514842401781, 0.248026947463036, 0.18711779620610827], [0.19566475786485266, 0.343931264523488, 0.1344461549197511, 0.3259578226919081], [0.30664167083271265, 0.23809331236393685, 0.1541701768764621, 0.3010948399268884], [0.2935871631913171, 0.18895940672799857, 0.20116964155888759, 0.31628378852179667], [0.2893918005714689, 0.32634740219420083, 0.1390223309787904, 0.2452384662555398], [0.3250385949454806, 0.27515997665540104, 0.15848939093267259, 0.24131203746644583], [0.24640862282103537, 0.2677644208962011, 0.22029963564175395, 0.2655273206410097], [0.18229240554467177, 0.4470417702037989, 0.1410785178153282, 0.22958730643620112], [0.312889503394566, 0.15552473582625967, 0.18444335985093516, 0.3471424009282393], [0.29982510349668545, 0.2556910421553727, 0.16731809856705487, 0.277165755780887], [0.4323792752031341, 0.20713625132393498, 0.11039352911759932, 0.25009094435533163], [0.24218122805126172, 0.33430916604390665, 0.18735714949269067, 0.23615245641214103], [0.103452520314854, 0.29846944922173924, 0.47076477221053975, 0.12731325825286696], [0.22498823189074574, 0.3016210168624764, 0.20842203233952683, 0.26496871890725104], [0.12943762707463677, 0.523014301427932, 0.10576119625784412, 0.24178687523958695], [0.18733123143544436, 0.23896779696166826, 0.2376471690494097, 0.33605380255347767], [0.1368785520080941, 0.40188808445177, 0.14819346730991437, 0.31303989623022155], [0.3953832059207897, 0.2531998649730256, 0.1356699031374415, 0.2157470259687433], [0.34897638281604815, 0.18978415528347714, 0.2422252207992443, 0.21901424110123052], [0.17510748212890842, 0.4524161020382971, 0.1349738002894897, 0.237502615543305], [0.1739586956687701, 0.29182405386940674, 0.3023945275366703, 0.231822722925153], [0.2500843900830477, 0.2884150889108432, 0.17442300736140834, 0.2870775136447007], [0.23730177472719913, 0.332814698170394, 0.21156315908055073, 0.21832036802185625], [0.2468548526424, 0.2717322861087641, 0.16878575675552998, 0.31262710449330605], [0.47454709050549676, 0.19973882935091797, 0.09934744360995983, 0.22636663653362535], [0.1676108869063202, 0.30396149428452945, 0.24712733801540795, 0.2813002807937423], [0.303899676314027, 0.2671490645107682, 0.17330711475940913, 0.2556441444157958], [0.46376997345383664, 0.15499990287423052, 0.07587680854047255, 0.3053533151314603], [0.3049181522297835, 0.2131721888774838, 0.12391638163721808, 0.3579932772555146], [0.12762565769449288, 0.1684833903341055, 0.3814159802203844, 0.32247497175101736], [0.39591952498035426, 0.22914698279961443, 0.12630842793958555, 0.24862506428044576], [0.25538406421271576, 0.3469083712014783, 0.1544823789888278, 0.24322518559697814], [0.24404413032829483, 0.3753282479271939, 0.19262931664747268, 0.18799830509703871], [0.2341832029661517, 0.27010980042580207, 0.21178621462647373, 0.28392078198157267], [0.3028058897701091, 0.3373269363322226, 0.11107822487130978, 0.24878894902635854], [0.2956164680637205, 0.3214552854518294, 0.10522523770644329, 0.27770300877800685], [0.1387976161552712, 0.24174460935243866, 0.37291983279938495, 0.2465379416929053], [0.3109496682611756, 0.263138935110093, 0.1655358038569384, 0.26037559277179306], [0.23819781107251123, 0.2700626542254313, 0.1445159063593241, 0.3472236283427334], [0.17850512509151267, 0.24303462560380568, 0.11364016071743695, 0.4648200885872449], [0.3000262343297214, 0.2458642861717416, 0.16842616101931385, 0.2856833184792231], [0.38189266057318694, 0.31118329392567695, 0.13231082633044366, 0.17461321917069253], [0.33904707196121664, 0.2456302971446965, 0.08955981938955801, 0.32576281150452874], [0.16086536769853127, 0.2211410300058762, 0.38406118825520125, 0.2339324140403914], [0.22720374330019302, 0.47565171676977147, 0.07712095527306119, 0.22002358465697436], [0.24185047107799124, 0.2692074034772544, 0.16547640851655873, 0.3234657169281956], [0.308174648600733, 0.2908235603926494, 0.21570327419198537, 0.1852985168146323], [0.2309726022571552, 0.3721015640439829, 0.11951424116591551, 0.27741159253294645], [0.27692542047015795, 0.36480749745819263, 0.15654166631891922, 0.20172541575273054], [0.5290810263924731, 0.15077366934027442, 0.08678660593607422, 0.23335869833117828], [0.15496007475657342, 0.4507231577365577, 0.09779121410666675, 0.29652555340020215], [0.14432041476303087, 0.4018220087461201, 0.263901161472112, 0.18995641501873708], [0.22355344944073183, 0.30464616350069007, 0.25075806687864055, 0.22104232017993763], [0.1640198157361372, 0.4943747543159838, 0.05896999210089501, 0.2826354378469839], [0.2899919433941489, 0.2408122932410426, 0.14973943583271296, 0.31945632753209574], [0.2875341073082747, 0.15390072968979482, 0.2199301731970114, 0.3386349898049191], [0.21694078160678323, 0.33101705979077795, 0.1995466595273635, 0.2524954990750754], [0.22386751084957135, 0.21982722730245519, 0.0792997230051906, 0.47700553884278285], [0.41375944555345634, 0.1991102106334152, 0.1357671749659468, 0.2513631688471817], [0.2588035401667207, 0.25396230586801466, 0.18306674348692367, 0.304167410478341], [0.29405855786376756, 0.25055267395694664, 0.14154896061282238, 0.3138398075664634], [0.12417429746054419, 0.2702192951792279, 0.1950986804191788, 0.4105077269410492], [0.24159616171006626, 0.2077807082361239, 0.1371500221742144, 0.41347310787959557], [0.35473698894830014, 0.2102004887007886, 0.19553282509077638, 0.23952969726013504], [0.2354311443681653, 0.31651883700248884, 0.13660421989666693, 0.311445798732679], [0.15303590571347897, 0.37437751124988217, 0.07352707062375897, 0.39905951241288], [0.12628378075348637, 0.6403443269869071, 0.05718542559057993, 0.1761864666690265], [0.3410420635769138, 0.19675647811220418, 0.10789883813553175, 0.3543026201753501], [0.3997231963406704, 0.33815639428534816, 0.0778727668454021, 0.18424764252857936], [0.25534992914790816, 0.24527847452117474, 0.11234376250982665, 0.3870278338210907], [0.17099872362543755, 0.302532952235547, 0.23964728340728306, 0.2868210407317324], [0.3591820767082077, 0.31600664578401283, 0.1223928972731201, 0.20241838023465938], [0.27238179707446514, 0.2014363748501174, 0.34707261674106643, 0.17910921133435104], [0.18584815547111236, 0.4013634534998856, 0.15353840836860413, 0.259249982660398], [0.24847423194187135, 0.40992869545424776, 0.12198934829988221, 0.21960772430399872], [0.2736912087598648, 0.39464156881535273, 0.1109985706622271, 0.2206686517625554], [0.18370043612961331, 0.28672264790792895, 0.13370518259082698, 0.3958717333716308], [0.3010914414023395, 0.34332011650237304, 0.1140961451444141, 0.2414922969508734], [0.21103373893592348, 0.2157878509845547, 0.15572313250903308, 0.4174552775704887], [0.3124935620312005, 0.30049862835613633, 0.14965686176049744, 0.23735094785216587], [0.12893463995799134, 0.2441036752024998, 0.4465946488578006, 0.18036703598170828], [0.3915214938821528, 0.3060610728234147, 0.12910097075415328, 0.1733164625402792], [0.15442419413727498, 0.3126699650710311, 0.26101570404306385, 0.2718901367486301], [0.38602524694332746, 0.17775492806073542, 0.12531017847972858, 0.31090964651620856], [0.22672957259435644, 0.23501075469640473, 0.09889359124800283, 0.439366081461236], [0.27639521576530435, 0.20225362729382265, 0.20528318919285599, 0.316067967748017], [0.2961987807223576, 0.25071146828017266, 0.1911933258510347, 0.2618964251464352], [0.21892651011840447, 0.26832482740728203, 0.12728219135122198, 0.38546647112309157], [0.3248318795298752, 0.17050556045756163, 0.23324922325111055, 0.2714133367614525], [0.24389679097962452, 0.21384645761376286, 0.1809043727551296, 0.3613523786514832], [0.20410201710514714, 0.34821890434039676, 0.12302580917644708, 0.32465326937800915], [0.4384789384312018, 0.1446025193424263, 0.2646648438296454, 0.15225369839672648], [0.35632265427181253, 0.2967414391620976, 0.10784328215127444, 0.23909262441481552], [0.3410570834918305, 0.22429056625935995, 0.13159245842630196, 0.3030598918225076], [0.3087370160981591, 0.26902018050170873, 0.10455823712470051, 0.3176845662754317], [0.3613692727303566, 0.25247838444913795, 0.10307792032417015, 0.2830744224963357], [0.2521233721747253, 0.32090096075322094, 0.19176785671958083, 0.2352078103524729], [0.33067827455494975, 0.24583416869670768, 0.21097645572765425, 0.2125111010206883], [0.23184037270216717, 0.2650099693852401, 0.10829299699040973, 0.394856660922183], [0.18735674322573184, 0.297253922226277, 0.10411896920598958, 0.41127036534200145]]}}