{"test": {"ids": ["113122170", "112118620", "112118890", "101111140", "100109330", "105114220", "99109860", "105119550", "97116401", "99109910", "110118450", "99108710", "112118530", "101108080", "112120990", "99117740", "111119250", "112116501", "105113330", "110118930", "113118421", "110118701", "112119320", "108114670", "106117790", "112117030", "111118910", "108114360", "101113210", "104114740", "99109780", "103111170", "97112300", "108116070", "107120130", "110115120", "99111930", "113118630", "111119430", "97113900", "106116640", "109115220", "112116610", "112116540", "101117580", "105112100", "113119120", "103113170", "111120280", "100120780", "105117351", "112116451", "107113170", "106113830", "97109080", "109118161", "111121410", "100113210", "109115070", "99112840", "104113380", "111120531", "110120560", "100111380", "113120640", "99108330", "99109740", "105120621", "108116501", "104111990", "102121700", "101111990", "109117730", "104111880", "113117550", "112121030", "108121351", "110114561", "100111390", "97107040", "106118520", "103111480", "106121220", "112117431", "111119930", "110118880", "112121010", "111121930", "107115250", "105118740", "107120010", "109116170", "104117630", "98119591", "98116940", "110115250", "103110220", "112117790", "113120070", "112116880", "113120280", "111115400", "104110960", "111120190", "100112060", "99108520", "110117080", "107114280", "110115710", "99107660", "110118111", "113121410", "105113440", "112121360", "111115910", "108113760", "102121440", "108118060", "97116500", "111120220", "102110240", "106118820", "107113360", "101109370", "113118690", "103111620", "113118870", "112119120", "97116410", "97105960", "101112690", "105113210", "111119150", "110120700", "109113931", "110113591", "112118421", "101109120", "105116501", "100113370", "98111620", "113122150"], "labels": [1, 3, 3, 2, 0, 3, 2, 1, 3, 2, 0, 2, 1, 0, 2, 2, 1, 3, 3, 1, 3, 3, 1, 3, 1, 2, 0, 1, 3, 2, 2, 2, 2, 1, 2, 0, 1, 3, 3, 2, 3, 3, 1, 1, 3, 1, 3, 3, 0, 1, 0, 0, 0, 1, 2, 0, 0, 0, 0, 2, 1, 0, 0, 3, 0, 1, 3, 1, 0, 2, 1, 2, 3, 3, 3, 0, 3, 0, 2, 2, 2, 0, 1, 0, 1, 0, 2, 1, 2, 1, 1, 0, 0, 1, 2, 1, 2, 3, 2, 0, 0, 0, 2, 3, 2, 2, 1, 3, 2, 3, 1, 0, 0, 3, 2, 1, 2, 1, 2, 3, 3, 3, 0, 1, 3, 0, 0, 1, 3, 2, 1, 3, 3, 2, 1, 0, 3, 1, 1, 3, 3, 2], "predicted_labels": [2, 1, 3, 0, 1, 3, 1, 1, 1, 2, 1, 1, 3, 3, 1, 0, 0, 3, 3, 1, 3, 1, 1, 1, 0, 1, 1, 0, 3, 1, 2, 0, 2, 3, 1, 0, 0, 1, 3, 1, 0, 3, 0, 1, 3, 3, 3, 0, 3, 1, 3, 0, 3, 0, 3, 1, 1, 3, 1, 2, 3, 0, 3, 3, 0, 3, 3, 3, 3, 1, 2, 3, 0, 3, 3, 3, 3, 1, 3, 2, 1, 0, 3, 0, 3, 3, 2, 2, 1, 1, 3, 3, 1, 0, 1, 1, 1, 0, 1, 1, 3, 1, 3, 3, 3, 2, 3, 2, 0, 3, 0, 3, 1, 0, 1, 1, 0, 3, 3, 0, 0, 1, 0, 1, 3, 3, 3, 0, 2, 0, 3, 0, 1, 3, 1, 0, 1, 3, 3, 1, 2, 1], "confidence_scores": [[0.012456194076229065, 0.30740691038493195, 0.5143387248957494, 0.1657981706430896], [0.2732363624742076, 0.37683563865488345, 0.15811738689743826, 0.1918106119734707], [0.14614314825592611, 0.26691914361511837, 0.1611827961755792, 0.42575491195337634], [0.4357783864835844, 0.22654268214540402, 0.09931455398003954, 0.23836437739097202], [0.24104647815497882, 0.6061663683854323, 0.027003263408196514, 0.12578389005139257], [0.18315280892978175, 0.12923437670963303, 0.08759675833693718, 0.600016056023648], [0.03959780616206439, 0.7224143172970201, 0.22568359863164636, 0.012304277909269067], [0.10827532877791143, 0.7130304065435641, 0.09211376935726288, 0.08658049532126157], [0.056070650646171866, 0.898365124037169, 0.03099074679721058, 0.014573478519448756], [0.21899185793023102, 0.254438648117194, 0.5101975022173741, 0.016371991735200802], [0.06377279110209003, 0.7952597957583014, 0.061999289077516034, 0.07896812406209272], [0.021412889301918106, 0.9626533975199079, 0.00473871596929776, 0.01119499720887623], [0.04554150684620448, 0.1981635354902015, 0.1761674479043645, 0.5801275097592296], [0.2383899695832153, 0.17957092820243237, 0.012621197396086537, 0.5694179048182658], [0.08580338165699582, 0.49616785915272876, 0.41460477529504536, 0.0034239838952300184], [0.7577579421954872, 0.1173351516214104, 0.07630681824721741, 0.04860008793588512], [0.53927193101184, 0.12771278440450698, 0.026245780992940292, 0.30676950359071287], [0.3518817236707695, 0.2451576048471488, 0.03874850992224151, 0.3642121615598403], [0.20758500862997817, 0.07745921362474249, 0.005044687765598493, 0.7099110899796808], [0.004411366062820504, 0.9311041412922251, 0.015476499376516873, 0.049007993268437494], [0.05228547757840691, 0.04267421684592967, 0.009532404604704869, 0.8955079009709584], [0.27443474191403544, 0.5231514048335392, 0.01635946497072427, 0.18605438828170107], [0.013434265658669103, 0.6414183537704113, 0.03775767903015268, 0.30738970154076684], [0.25560594428019207, 0.4478220312429548, 0.007878918695399797, 0.28869310578145335], [0.3299516906216266, 0.3244241133709306, 0.04265139720567184, 0.30297279880177097], [0.07804917033580355, 0.5633075972792542, 0.12115095400635008, 0.23749227837859221], [0.11641627835393578, 0.3240842355130897, 0.24933850956261536, 0.31016097657035924], [0.4253059109450868, 0.035809689042858334, 0.14494772776623177, 0.393936672245823], [0.2696206190823996, 0.15471060198590733, 0.1320283031363764, 0.4436404757953167], [0.05959375831902625, 0.48250127259835557, 0.2861331646112807, 0.17177180447133747], [0.12767587160696656, 0.258401407356383, 0.5278488228915303, 0.08607389814512015], [0.5786750623221806, 0.08071760780752317, 0.039522386688019905, 0.30108494318227635], [0.22888740169374083, 0.06807160074403126, 0.46214542783047524, 0.24089556973175283], [0.25687454877714055, 0.22984526781373982, 0.221990328720859, 0.2912898546882607], [0.04494490932829614, 0.6588292028496531, 0.047571139056630865, 0.2486547487654197], [0.487881080919699, 0.1243829016071642, 0.10366827941900748, 0.2840677380541292], [0.5262112189976282, 0.32843148029234925, 0.0933142366070825, 0.05204306410293997], [0.026203378832478887, 0.6265920387421348, 0.18737942599596158, 0.15982515642942466], [0.0354914167060761, 0.23835045055143234, 0.04192065736502569, 0.6842374753774658], [0.27368027703829845, 0.6068732489861245, 0.07854526147323755, 0.040901212502339385], [0.47782854346251896, 0.06419545875170558, 0.0861491417228855, 0.37182685606288984], [0.10987292607134765, 0.026030684011535802, 0.32996772787096945, 0.5341286620461472], [0.4748809040781631, 0.36933937212216505, 0.12406229471596046, 0.031717429083711585], [0.07161404656130639, 0.5744709822839115, 0.029259287124250098, 0.32465568403053213], [0.3707784379751029, 0.10664678007090124, 0.04635832529129202, 0.47621645666270374], [0.23323276843106236, 0.02487541872319467, 0.13123966703521217, 0.6106521458105308], [0.14834273238756018, 0.10872180484027534, 0.011896785223908576, 0.7310386775482558], [0.34651614112587015, 0.34055480721596776, 0.12561412645238967, 0.18731492520577242], [0.2624484894253973, 0.11622326134326127, 0.017048405043996618, 0.6042798441873448], [0.227318906783217, 0.5368597549277457, 0.0546020260213965, 0.18121931226764065], [0.14983813925934203, 0.16641842098539042, 0.019501087282725687, 0.6642423524725418], [0.6679094706726888, 0.22327303301196613, 0.013157908064761721, 0.09565958825058327], [0.18620499847979535, 0.06778542127692645, 0.08656515341804169, 0.6594444268252365], [0.7353368595079525, 0.131015379448806, 0.031396916443324825, 0.10225084459991671], [0.0557984090099063, 0.39722127710538147, 0.10258661402419718, 0.4443936998605149], [0.11752407459529057, 0.5420406177486525, 0.033901395523095, 0.3065339121329619], [0.2882071564310904, 0.3849246966797978, 0.010882369794599337, 0.3159857770945124], [0.0429651122961235, 0.013728960942566714, 0.009871600724391949, 0.9334343260369178], [0.27009141026725014, 0.5634252103799188, 0.018342328366013336, 0.14814105098681768], [0.0307635723153254, 0.16787097907109694, 0.48722372822459714, 0.31414172038898064], [0.14937788513413677, 0.06523184475012048, 0.040835505541693934, 0.7445547645740488], [0.6428119586236508, 0.21036490082009035, 0.004103150084688574, 0.14271999047157022], [0.07194437777090049, 0.09967369536154767, 0.07566765627881618, 0.7527142705887357], [0.2770292714263658, 0.17840245635286925, 0.05718033314687134, 0.4873879390738936], [0.5399216889461131, 0.33860251109028267, 0.01575406153495947, 0.10572173842864478], [0.05982900955329518, 0.006161158772400542, 0.07864422899016565, 0.8553656026841385], [0.1650891440683899, 0.1731630302467235, 0.19598922776255662, 0.46575859792233], [0.20279534499467278, 0.0432571902943616, 0.005177181207574051, 0.7487702835033916], [0.11122763082867695, 0.17061026749509497, 0.03098361473023474, 0.6871784869459933], [0.10401496384511327, 0.6690110219484723, 0.18420458446364948, 0.04276942974276494], [0.29092044841041687, 0.296011966256816, 0.37700153254423535, 0.03606605278853184], [0.19740219053999072, 0.17830086714842644, 0.28850768978672686, 0.33578925252485603], [0.3801084515843403, 0.20496727243136528, 0.22508932349372462, 0.18983495249056984], [0.0030707944175406825, 0.32742242581187314, 0.09892473564260075, 0.5705820441279854], [0.11510242524102292, 0.017794085022766196, 0.032194427352409606, 0.8349090623838014], [0.340820541129042, 0.04897060229047904, 0.15258841135521967, 0.45762044522525924], [0.3897790290809177, 0.09010221799194709, 0.05067308175837142, 0.4694456711687638], [0.3106712816330225, 0.31865507863643266, 0.1776146849266005, 0.1930589548039444], [0.17745880445453335, 0.2032925533680497, 0.26956548355824544, 0.34968315861917143], [0.04294161386049805, 0.2443178244812356, 0.6826332621594863, 0.030107299498779983], [0.013030733516774003, 0.7358266919734594, 0.2301374711855236, 0.021005103324242956], [0.5838189944575085, 0.2711332774763473, 0.028637924749641223, 0.11640980331650293], [0.0029419466604187036, 0.05274666948695946, 0.023241718089151483, 0.9210696657634703], [0.7257642853126547, 0.08888967459781275, 0.008174647496895355, 0.17717139259263726], [0.0832168410522358, 0.17740952110511596, 0.07410530631746717, 0.6652683315251811], [0.1613881694024181, 0.311993974717044, 0.0074900397257362476, 0.5191278161548017], [0.1805753199893799, 0.08489540400133433, 0.6242251679292188, 0.11030410808006696], [0.03218017065688936, 0.024522307758459875, 0.6070910907574556, 0.3362064308271951], [0.21241129179277599, 0.359546584566046, 0.15203705141388232, 0.27600507222729564], [0.0263658195536336, 0.6384077163996621, 0.1421657787172468, 0.19306068532945744], [0.004109430877576502, 0.009642384691666268, 0.05520570933848485, 0.9310424750922724], [0.27528531756352165, 0.23907982158703073, 0.048131883004648955, 0.4375029778447986], [0.042950819155835665, 0.6003967194411436, 0.18372483040065266, 0.1729276310023681], [0.5504544642540191, 0.3301611286861939, 0.07960906644869324, 0.039775340611093765], [0.03427531634644242, 0.8051994820578227, 0.03286214812908637, 0.12766305346664855], [0.026940214352445715, 0.5672653039693422, 0.03313337414650236, 0.3726611075317098], [0.0029614948849927937, 0.8663408403746248, 0.10861278537981695, 0.02208487936056559], [0.7180816170054459, 0.039057581250701294, 0.0016621180884447164, 0.24119868365540792], [0.04698441171335075, 0.5774776511075693, 0.03677898648404665, 0.3387589506950334], [0.05150908034103128, 0.9049880844011109, 0.029077357998355494, 0.014425477259502436], [0.39494719927431265, 0.001402636611711117, 0.003093683398700287, 0.6005564807152758], [0.15674183384277898, 0.7228286662846192, 0.041314165715352395, 0.07911533415724956], [0.2569925738893603, 0.15156142618710675, 0.2040060552628616, 0.38743994466067116], [0.03021488431483599, 0.059524266655733064, 0.049029402002028086, 0.8612314470274027], [0.2587749049366856, 0.18973866859384783, 0.2640279395216909, 0.28745848694777576], [0.07418260095391012, 0.20217479419299952, 0.5822356336833305, 0.1414069711697598], [0.01088417675585341, 0.11618391765410895, 0.1261883480808198, 0.7467435575092178], [0.06493259483888573, 0.3007140935224431, 0.35776007004454236, 0.2765932415941287], [0.42211214540255354, 0.28380575471248065, 0.03241158393521607, 0.26167051594974977], [0.3091863706891403, 0.2979260986462326, 0.016291165382423287, 0.3765963652822038], [0.7479564030801125, 0.10792351450427197, 0.06880369071916306, 0.07531639169645234], [0.14979821688152856, 0.031126051987943073, 0.031886137400293176, 0.7871895937302352], [0.04436109298385647, 0.8921073925123034, 0.04964118098048153, 0.013890333523358667], [0.411840745809247, 0.16655620731008583, 0.07270152050015762, 0.34890152638050953], [0.014138888691739475, 0.7995631261012197, 0.03555365729947413, 0.15074432790756648], [0.16969627528713369, 0.6235156984531498, 0.03731528127022918, 0.1694727449894874], [0.6053610450930604, 0.08570907520525925, 0.19608306968918646, 0.11284681001249378], [0.10495536046832085, 0.0735775239838016, 0.13334826701667604, 0.6881188485312015], [0.12016990705772762, 0.27289829808026816, 0.07410949280820611, 0.5328223020537981], [0.7584228335335481, 0.17747605106016942, 0.021893838753852663, 0.042207276652429834], [0.8565720304596199, 0.12314646496720848, 0.005609059500149213, 0.014672445073022237], [0.015426738308498436, 0.8856443799277172, 0.04358336205511922, 0.055345519708665296], [0.844567991666703, 0.04627136640833766, 0.009738802845726733, 0.09942183907923255], [0.15289200601821437, 0.7721703782487055, 0.06113293672366193, 0.013804679009418099], [0.06805914613088511, 0.4242471130578427, 0.03419004917112052, 0.4735036916401517], [0.017558108858590632, 0.0985736390577985, 0.01728009518889148, 0.8665881568947195], [0.03255716966073755, 0.470932385969101, 0.01116614749139385, 0.4853442968787676], [0.4727807255800516, 0.2838924913694194, 0.02205127281345755, 0.22127551023707143], [0.17227009151149944, 0.10312822473911938, 0.39451749350025744, 0.33008419024912367], [0.43851544491910077, 0.03148716866846706, 0.13672378287588682, 0.39327360353654545], [0.0669848131756854, 0.016572874488991845, 0.006181363562204479, 0.9102609487731184], [0.6065619191242618, 0.07204577661950293, 0.03546655782852124, 0.2859257464277141], [0.2657371456451217, 0.41912145751912067, 0.02585884387398641, 0.2892825529617712], [0.10579952940109638, 0.038191878601183685, 0.06981688031629456, 0.7861917116814254], [0.09256884380468623, 0.5394462076438146, 0.11333996335451395, 0.25464498519698525], [0.8056304345349888, 0.05735538462602562, 0.022605950593033435, 0.11440823024595212], [0.05593029557975297, 0.48097244024212954, 0.00426864504043211, 0.4588286191376853], [0.337650628625732, 0.08602213291125402, 0.027296367282833935, 0.54903087118018], [0.269939810734969, 0.3403445173204006, 0.019356600172157623, 0.37035907177247285], [0.15322525919133403, 0.4632097930622151, 0.11065053336735602, 0.2729144143790948], [0.0065132026768771455, 0.3043176874967288, 0.6784310981775433, 0.010738011648850755], [0.008978847489778523, 0.9596532114626621, 0.011493374725918559, 0.019874566321640523]]}, "rewritten": {"ids": ["97105960", "97107040", "97109080", "97112300", "97113900", "97116401", "97116410", "97116500", "98111620", "98116940", "98119591", "99107660", "99108330", "99108520", "99108710", "99109740", "99109780", "99109860", "99109910", "99111930", "99112840", "99117740", "100109330", "100111380", "100111390", "100112060", "100113210", "100113370", "100120780", "101108080", "101109120", "101109370", "101111140", "101111990", "101112690", "101113210", "101117580", "102110240", "102121440", "102121700", "103110220", "103111170", "103111480", "103111620", "103113170", "104110960", "104111880", "104111990", "104113380", "104114740", "104117630", "105112100", "105113210", "105113330", "105113440", "105114220", "105116501", "105117351", "105118740", "105119550", "105120621", "106113830", "106116640", "106117790", "106118520", "106118820", "106121220", "107113170", "107113360", "107114280", "107115250", "107120010", "107120130", "108113760", "108114360", "108114670", "108116070", "108116501", "108118060", "108121351", "109113931", "109115070", "109115220", "109116170", "109117730", "109118161", "110113591", "110114561", "110115120", "110115250", "110115710", "110117080", "110118111", "110118450", "110118701", "110118880", "110118930", "110120560", "110120700", "111115400", "111115910", "111118910", "111119150", "111119250", "111119430", "111119930", "111120190", "111120220", "111120280", "111120531", "111121410", "111121930", "112116451", "112116501", "112116540", "112116610", "112116880", "112117030", "112117431", "112117790", "112118421", "112118530", "112118620", "112118890", "112119120", "112119320", "112120990", "112121010", "112121030", "112121360", "113117550", "113118421", "113118630", "113118690", "113118870", "113119120", "113120070", "113120280", "113120640", "113121410", "113122150", "113122170"], "labels": [2, 2, 2, 2, 2, 3, 3, 2, 3, 2, 1, 3, 1, 2, 2, 3, 2, 2, 2, 1, 2, 2, 0, 3, 2, 2, 0, 3, 1, 0, 1, 1, 2, 2, 1, 3, 3, 3, 2, 1, 2, 2, 0, 0, 3, 2, 3, 2, 1, 2, 0, 1, 3, 3, 0, 3, 1, 0, 1, 1, 1, 1, 3, 1, 2, 3, 1, 0, 0, 3, 2, 1, 2, 1, 1, 3, 1, 0, 1, 3, 1, 0, 3, 0, 3, 0, 0, 0, 0, 1, 2, 1, 1, 0, 3, 0, 1, 0, 2, 0, 2, 0, 3, 1, 3, 1, 3, 3, 0, 0, 0, 1, 0, 3, 1, 1, 0, 2, 0, 3, 3, 1, 3, 3, 1, 1, 2, 2, 0, 3, 3, 3, 3, 3, 0, 3, 2, 0, 0, 0, 2, 1], "predicted_labels": [2, 0, 3, 1, 1, 0, 0, 1, 2, 0, 0, 3, 1, 0, 1, 0, 2, 0, 0, 0, 1, 0, 0, 1, 1, 0, 1, 0, 1, 3, 0, 1, 0, 0, 3, 3, 1, 0, 0, 1, 0, 0, 0, 2, 1, 1, 1, 0, 3, 1, 0, 0, 0, 3, 1, 0, 0, 0, 1, 1, 0, 0, 0, 1, 2, 1, 2, 3, 0, 0, 0, 3, 0, 0, 0, 0, 0, 1, 0, 0, 0, 1, 0, 3, 0, 0, 0, 1, 0, 1, 0, 0, 0, 3, 1, 0, 1, 0, 1, 0, 1, 3, 1, 0, 1, 3, 3, 0, 0, 1, 0, 0, 0, 0, 1, 0, 1, 0, 0, 3, 3, 1, 1, 1, 0, 1, 1, 3, 0, 3, 1, 3, 0, 0, 0, 0, 1, 0, 0, 3, 1, 1], "confidence_scores": [[0.14943771611539844, 0.06292482644344866, 0.47146217439159377, 0.3161752830495592], [0.9073415255546918, 0.02751416585885236, 0.06350197820969596, 0.0016423303767597014], [0.15326440865504443, 0.21393370813534526, 0.008681374151856075, 0.6241205090577543], [0.222008849264932, 0.6027574732490784, 0.11376635184862129, 0.061467325637368245], [0.14124197070782601, 0.8002345284670453, 0.05678490307111366, 0.0017385977540150437], [0.6331837839558667, 0.12682767455903876, 0.0361241002903993, 0.20386444119469518], [0.46760784515149645, 0.11659554485543154, 0.21052592157941483, 0.20527068841365717], [0.14417700962144464, 0.7613508058426937, 0.03511791994288336, 0.05935426459297833], [0.27574699661131225, 0.2368272610261662, 0.46157557099275703, 0.02585017136976446], [0.5035769938595682, 0.22171011216807932, 0.07753668903582725, 0.19717620493652518], [0.4213356499118381, 0.26828553178106923, 0.13601894613610765, 0.1743598721709851], [0.18354974323022974, 0.14637530047844105, 0.07965653022573668, 0.5904184260655926], [0.23820017732751364, 0.6005433515915201, 0.010325201207059414, 0.15093126987390698], [0.43222368599089034, 0.3236522174148969, 0.1439279992170952, 0.1001960973771175], [0.08967238772885501, 0.8781180345518483, 0.019541122157757284, 0.012668455561539345], [0.9450932312245194, 0.029012486493614396, 0.005304999470045515, 0.020589282811820795], [0.13035007748416075, 0.4128632179304787, 0.4505732376553736, 0.006213466929986879], [0.4027568618043464, 0.31973576873995013, 0.22084953304629387, 0.05665783640940974], [0.4826810442658072, 0.0721048741852737, 0.4120291237986256, 0.033184957750293564], [0.474198803981193, 0.41853655885725244, 0.059088188864939266, 0.048176448296615444], [0.07865087779639512, 0.5803149346606995, 0.15083152483665785, 0.19020266270624753], [0.48386701197422016, 0.08146692573095218, 0.11313630336753364, 0.3215297589272941], [0.7730940641353419, 0.13154482766195386, 0.027360330278136728, 0.0680007779245676], [0.19563525762108958, 0.4608029160407408, 0.27858540655601294, 0.06497641978215654], [0.10585580494158361, 0.6508027420297307, 0.057382554198219166, 0.18595889883046654], [0.7644827878164713, 0.10487495910903763, 0.07584132248452152, 0.05480093058996967], [0.24374551115471976, 0.6042336844015973, 0.04454584105749208, 0.10747496338619081], [0.5461804979677458, 0.04644255739721196, 0.349825698115739, 0.057551246519303254], [0.33904776631931316, 0.41740851301895693, 0.09667650217359156, 0.14686721848813827], [0.2191546820173969, 0.16940088523169822, 0.019071620493242895, 0.592372812257662], [0.4773126026065877, 0.2767808723445651, 0.07178556108468162, 0.17412096396416563], [0.01146397657139491, 0.8084300122257579, 0.1755199860032637, 0.004586025199583399], [0.6930175987454615, 0.06073330432065805, 0.040502159290300134, 0.20574693764358032], [0.5453229438327765, 0.1690658675380583, 0.22477190921597687, 0.06083927941318844], [0.15673252560848625, 0.16249807994709406, 0.05634095544492114, 0.6244284389994986], [0.28748608473410775, 0.09183241406472106, 0.1397267024088308, 0.48095479879234027], [0.3757125291963238, 0.3901936432454684, 0.013945004659798336, 0.22014882289840942], [0.974252833825224, 0.02339904224645372, 0.0005872360378335603, 0.0017608878904886406], [0.6526792877530239, 0.1281891174694063, 0.16336074509971776, 0.05577084967785209], [0.13771552685370195, 0.6879823967863905, 0.1353551378774938, 0.03894693848241383], [0.5096093797516186, 0.05355228785629905, 0.05359026908783087, 0.3832480633042515], [0.937647344165654, 0.03511105032671229, 0.021379183468092765, 0.005862422039540874], [0.7540688441083777, 0.15762546426788737, 0.026785906164656693, 0.06151978545907833], [0.2870935356988016, 0.11428157808209405, 0.48361065497871597, 0.11501423124038851], [0.03091678443732553, 0.9382268934706198, 0.02023336674742572, 0.010622955344629027], [0.19847970758316175, 0.5817795503698385, 0.0207644967708257, 0.1989762452761739], [0.04542820595252398, 0.8484035760985663, 0.02740182946884141, 0.07876638848006819], [0.6017621135402342, 0.3230335479697609, 0.029578214712834353, 0.04562612377717037], [0.07103352175038279, 0.16302245268314375, 0.1918827698200368, 0.5740612557464367], [0.2140865416757498, 0.6285289639107151, 0.05294748611879146, 0.10443700829474359], [0.7501396255491967, 0.15172199022176866, 0.021640455137778125, 0.07649792909125643], [0.47214251203862145, 0.02317259332080468, 0.29283828035274345, 0.21184661428783058], [0.8895805486697975, 0.07711072554342487, 0.009539725293964348, 0.023769000492813348], [0.08983322519194806, 0.33472094638789646, 0.16925934267329748, 0.4061864857468579], [0.16289485998554837, 0.4871150243818027, 0.1263375778655571, 0.2236525377670918], [0.42852500318665115, 0.3397159256735331, 0.009412124158772125, 0.22234694698104354], [0.5793788262146174, 0.05189133598478039, 0.01394454151318193, 0.3547852962874202], [0.8970764548640748, 0.058362990658971575, 0.0004582144995457418, 0.04410233997740771], [0.29081201219185215, 0.5605024264596083, 0.024055187494842117, 0.12463037385369727], [0.18773277597832244, 0.6858569599251818, 0.049372317919213676, 0.07703794617728207], [0.707826722945423, 0.03491249138561038, 0.010392618578984962, 0.24686816708998163], [0.6488822192882109, 0.15299417591239284, 0.005105047082543298, 0.19301855771685306], [0.8674729985757414, 0.06898766143281462, 0.009995085648883992, 0.05354425434255991], [0.300590493484607, 0.5646776689939794, 0.010226370930110865, 0.12450546659130275], [0.16203379872406443, 0.08869707970350489, 0.6528306649593606, 0.09643845661307025], [0.08618872656408574, 0.8704086732975503, 0.020757802614311722, 0.02264479752405227], [0.007676555674640432, 0.03385478661215939, 0.8632126554911612, 0.09525600222203887], [0.0388370572236119, 0.0021810063834410997, 0.06394239599408774, 0.8950395403988592], [0.8651718250424153, 0.0010109829063623549, 0.0015664909926760046, 0.1322507010585463], [0.337121090628493, 0.24133332531971113, 0.2142762509488496, 0.2072693331029463], [0.8069272199143005, 0.1596417383762558, 0.014311971768358835, 0.019119069941084896], [0.26325485949321775, 0.0447656762791716, 0.0026726908207140593, 0.6893067734068965], [0.881726505976563, 0.016893237657580867, 0.005847296580713837, 0.09553295978514231], [0.7319369465241543, 0.06209987353229867, 0.004948573460282605, 0.20101460648326433], [0.6470749650489636, 0.294171106553154, 0.02272241488590989, 0.03603151351197258], [0.4943212855474308, 0.4460528308676332, 0.027580294313177912, 0.03204558927175811], [0.637493967178634, 0.30507667883233225, 0.018651998036832287, 0.03877735595220129], [0.09236603649241458, 0.5346296513720095, 0.03071526245867033, 0.34228904967690554], [0.875642064075379, 0.0022384982977218288, 0.015022864939745076, 0.10709657268715411], [0.9714958805296743, 0.0025119809328762056, 0.006397368137237326, 0.019594770400212277], [0.9861728242283188, 0.003662974608821094, 0.003921627822577354, 0.006242573340282681], [0.06948193458345314, 0.821930776493427, 0.04486641864804499, 0.0637208702750747], [0.539556654422121, 0.18165187535633584, 0.05451848862539074, 0.2242729815961523], [0.037636351932177646, 0.15195748377912055, 0.042680772643264114, 0.7677253916454376], [0.4545060695684716, 0.328020900732822, 0.1828961081819262, 0.03457692151678033], [0.49497549043406724, 0.163506373410597, 0.06715867333818275, 0.2743594628171529], [0.8467379961145748, 0.0515503840605151, 0.048262784482377245, 0.05344883534253291], [0.10462660294951213, 0.7647828713331684, 0.07609991510031061, 0.05449061061700891], [0.7163924230433145, 0.08756668034358042, 0.15528347066809156, 0.04075742594501355], [0.3075349015369823, 0.44109386391432265, 0.06468444262299203, 0.18668679192570312], [0.4133394321512044, 0.21351450869213462, 0.01696231293807027, 0.3561837462185907], [0.5253559295405023, 0.06053147574077718, 0.19105003423184444, 0.22306256048687612], [0.5855949795963576, 0.06397067932220095, 0.2390260881152979, 0.1114082529661436], [0.05101500776181907, 0.2795235610937485, 0.05588799395216426, 0.6135734371922681], [0.2204165289487537, 0.6803507211329782, 0.001536959023205007, 0.09769579089506306], [0.5369221422285908, 0.36008076207180895, 0.004835371654927961, 0.09816172404467237], [0.005289088721395863, 0.9247648747342234, 0.023960964781511367, 0.045985071762869374], [0.4844967597919874, 0.031038442871782944, 0.18305790960273735, 0.30140688773349217], [0.037281265595027854, 0.8512018157959864, 0.023117524469566084, 0.08839939413941944], [0.6231686906167253, 0.3128581668769071, 0.018835734240062196, 0.045137408266305426], [0.07236173909583665, 0.456106230210026, 0.42440008810799396, 0.04713194258614325], [0.24398687997485785, 0.19675447249828437, 0.27645369409337506, 0.2828049534334827], [0.25313000248561995, 0.573515219258514, 0.0028807364619623864, 0.1704740417939036], [0.7445917463531987, 0.11550517913976383, 0.07701799458240273, 0.06288507992463474], [0.10247411245320953, 0.7620369046315226, 0.035813245713137584, 0.09967573720213027], [0.0728547754617328, 0.3439690587277018, 0.222790635400736, 0.3603855304098294], [0.060555893248675635, 0.43703609234049967, 0.05607481827512314, 0.4463331961357015], [0.8763778433135567, 0.11922974993308057, 0.002757759968919416, 0.0016346467844432452], [0.9372064025230581, 0.017936955239185714, 0.004304885733216851, 0.040551756504539335], [0.4169351433107126, 0.5238171233162983, 0.0046331179216494755, 0.054614615451339735], [0.896956680088819, 0.042238967616288134, 0.0041750035876501725, 0.05662934870724284], [0.4355486499043114, 0.10016416377156981, 0.19973253590660944, 0.26455465041750925], [0.8160187449867182, 0.15510499048438686, 0.006591514682985005, 0.022284749845909804], [0.813749857254362, 0.09886769633888325, 0.032086966799544085, 0.05529547960721065], [0.14596349117680044, 0.6869416555746695, 0.03355261098703385, 0.1335422422614963], [0.9048944958120726, 0.04075308663743721, 0.04865643831781756, 0.005695979232672535], [0.05911940165937605, 0.8686627948653689, 0.02806941835127652, 0.044148385123978506], [0.42523930703913976, 0.2161926805639286, 0.3425098491719856, 0.016058163224946145], [0.816382182544631, 0.15268935338532683, 0.02215916934653999, 0.008769294723502045], [0.18748567355578477, 0.023349405273806, 0.005491247119171802, 0.7836736740512373], [0.15350845570748683, 0.27918933904856524, 0.007021015708009067, 0.560281189535939], [0.03944057740187004, 0.9136557455329263, 0.011377399057613608, 0.0355262780075901], [0.3823128635829657, 0.5655076289346842, 0.014064796121227578, 0.03811471136112253], [0.10890784049838985, 0.7899782974726055, 0.06309024188478489, 0.0380236201442198], [0.39214748664111765, 0.3361172512433084, 0.008993466930839853, 0.2627417951847342], [0.3677362110232367, 0.36968768896558146, 0.09929386685756138, 0.16328223315362042], [0.21725935496063423, 0.6185796574363293, 0.15631472046221348, 0.007846267140823], [0.2645705565534445, 0.12365281953773664, 0.13515256014914095, 0.47662406375967786], [0.7205294196517263, 0.007830824103518064, 0.19168901459944443, 0.07995074164531124], [0.29402283486186026, 0.09788455731725589, 0.009627085125139647, 0.5984655226957443], [0.2982886365153647, 0.3380416157105381, 0.14098602583324868, 0.22268372194084862], [0.4155565838403913, 0.011325930776550292, 0.022887899023976314, 0.5502295863590821], [0.5418989486224368, 0.3140157979801208, 0.04868149401598627, 0.09540375938145623], [0.8110425039025977, 0.09968622697121436, 0.008507738901864756, 0.08076353022432306], [0.6531822285983518, 0.2419939260350777, 0.06607788990951274, 0.038745955457057835], [0.47699209817102883, 0.05974471145451055, 0.02449281767171506, 0.4387703727027456], [0.02290327489183014, 0.6336072383883722, 0.026976653560762107, 0.31651283315903556], [0.678311453425687, 0.0017968582393410575, 0.01684602924676713, 0.30304565908820497], [0.4251052833013766, 0.38642888862414676, 0.01841924597356421, 0.1700465821009125], [0.38483474050161326, 0.16508854774695192, 0.017826306998210407, 0.4322504047532244], [0.13582408401209706, 0.8309874542865556, 0.025039040254426517, 0.00814942144692079], [0.06246934793588848, 0.8522936086396935, 0.049214151930615985, 0.03602289149380204]]}}