{"test": {"ids": ["106119580", "97112170", "109115070", "107120010", "105114220", "109117080", "104110960", "105111990", "97105580", "101115190", "113122190", "103111620", "105112260", "99108460", "111116040", "99111930", "113118870", "99107640", "111119250", "109121410", "109117431", "98106680", "107114950", "98110710", "110121720", "107113170", "102109850", "108117720", "112116990", "99109840", "104114230", "99110050", "98109570", "113121980", "101108080", "111119340", "107121640", "111116090", "99108580", "104111531", "110114720", "101117580", "101109000", "105115570", "107112840", "107119950", "112116880", "103120340", "98120530", "104109311", "98108580", "109116930", "110115580", "104112470", "105119950", "108114360", "110117500", "106116370", "99108330", "105116090", "112116401", "100111080", "107113180", "105113170", "110113591", "105115900", "106114280", "113119930", "100107920", "109118231", "113119360", "113122160", "110118630", "105120280", "99112641", "97106000", "110120540", "109115220", "98111670", "101110150", "102107961", "103113260", "108117360", "108115570", "112116610", "109117110", "111116170", "102116500", "113121750", "99108520", "99107560", "103120730", "104111620", "99112300", "113121190", "108118520", "100111380", "106114321", "101111990", "105115380", "106116441", "107118120", "112117461", "101119030", "109121640", "111114171", "111116750", "113121680", "111120260", "110118181", "105118171", "104111380", "107115140", "98121790", "112116501", "112118581", "101119591", "107118490", "108121410", "108114670", "106118520", "102109840", "98116090", "104116441", "105115250", "98111620", "111115400", "100109360", "103111990", "111114121", "106120640", "110118111", "101112540", "112118471", "105118740", "98109090", "113118490", "99107660", "107114110", "103109791", "112117030", "97113260"], "labels": [3, 0, 0, 1, 3, 1, 2, 2, 1, 1, 1, 0, 3, 0, 0, 1, 0, 1, 1, 0, 1, 1, 3, 2, 3, 0, 1, 1, 0, 2, 2, 3, 1, 2, 0, 3, 1, 3, 0, 0, 3, 3, 1, 0, 1, 3, 0, 1, 1, 3, 0, 0, 1, 1, 3, 1, 1, 2, 1, 1, 0, 0, 3, 0, 0, 3, 3, 1, 0, 1, 0, 3, 1, 3, 1, 0, 1, 3, 1, 1, 3, 3, 1, 3, 1, 1, 0, 1, 0, 2, 1, 1, 0, 0, 1, 0, 3, 2, 2, 1, 0, 3, 0, 3, 0, 3, 3, 1, 3, 1, 3, 3, 0, 2, 3, 1, 0, 2, 0, 3, 2, 2, 0, 1, 2, 3, 0, 0, 2, 0, 3, 1, 2, 1, 1, 1, 1, 3, 1, 3, 2, 1], "predicted_labels": [2, 3, 1, 3, 0, 1, 0, 3, 0, 1, 2, 2, 3, 3, 0, 1, 3, 3, 2, 3, 3, 1, 3, 1, 2, 1, 2, 1, 0, 2, 2, 3, 3, 3, 0, 3, 2, 0, 2, 3, 2, 0, 3, 1, 0, 3, 1, 3, 3, 3, 1, 2, 2, 2, 1, 2, 1, 3, 3, 3, 0, 1, 2, 3, 3, 3, 3, 1, 3, 1, 3, 1, 3, 2, 0, 3, 1, 3, 3, 1, 1, 1, 2, 2, 1, 1, 3, 2, 3, 2, 3, 0, 3, 2, 1, 1, 1, 0, 3, 1, 1, 1, 3, 0, 1, 0, 3, 3, 0, 0, 1, 2, 3, 2, 3, 2, 0, 1, 1, 1, 3, 1, 1, 0, 0, 2, 0, 3, 1, 1, 1, 0, 2, 1, 1, 2, 0, 0, 3, 2, 3, 2], "confidence_scores": [[0.20673949115554227, 0.23276356602270365, 0.3121179181240413, 0.24837902469771259], [0.3869826378145489, 0.1425052525158316, 0.06964461311724386, 0.40086749655237564], [0.025048444918563863, 0.9318058722796393, 0.015379445635112962, 0.027766237166683937], [0.0212257448189614, 0.2913431646135398, 0.23964534220526734, 0.4477857483622314], [0.52644635398058, 0.3916577842638407, 0.01089486107356663, 0.0710010006820129], [0.010965164995531077, 0.9415166660935214, 0.012342686469781237, 0.03517548244116621], [0.6689535342638256, 0.09784601617373871, 0.14362310537945336, 0.08957734418298208], [0.30150786356551534, 0.1602219720077781, 0.004280629483824576, 0.5339895349428819], [0.4309069096381791, 0.18284368834592327, 0.2992706305085364, 0.08697877150736112], [0.02803303430783544, 0.48482608986503045, 0.35532863573055384, 0.1318122400965806], [0.12629377193172933, 0.07502392449597713, 0.5485354384645635, 0.2501468651077296], [0.2264919368413051, 0.33253855056910836, 0.3672449224555124, 0.07372459013407365], [0.15261667240202303, 0.2587933500481806, 0.029672219551984944, 0.5589177579978112], [0.03178864100632126, 0.07287785798985917, 0.002330957043628243, 0.8930025439601916], [0.6419303552794412, 0.10084746102006392, 0.08530761633511, 0.17191456736538474], [0.006557563573977094, 0.6074231470721254, 0.33327556305205247, 0.05274372630184474], [0.07486401672608069, 0.32530823870970205, 0.00522703465547774, 0.5946007099087396], [0.03384577159178494, 0.04449553047613476, 0.12014626215885503, 0.8015124357732255], [0.028279695746617633, 0.3026092266036985, 0.5307216250270103, 0.13838945262267408], [0.017193866617237385, 0.008936168716513995, 0.007059981524650103, 0.9668099831415982], [0.3086800760588875, 0.2828695374446167, 0.034306074068776754, 0.3741443124277195], [0.030829629192639683, 0.5052980941780917, 0.4528067885755705, 0.011065488053698202], [0.3068083485682099, 0.024026861543710584, 0.05886805663590061, 0.610296733252179], [0.021460829772178603, 0.5277495586985375, 0.1985519301421695, 0.25223768138711444], [0.10126395849641244, 0.17148915734985204, 0.5109573413896895, 0.21628954276404583], [0.3326642658640523, 0.39266391809246687, 0.03355126023964139, 0.24112055580383937], [0.13909898498682036, 0.044273422337535166, 0.7938313913071114, 0.02279620136853331], [0.22031680716470153, 0.3513048160714161, 0.06843145750348728, 0.35994691926039507], [0.8549504734431769, 0.01027619991795839, 0.006955362660864756, 0.12781796397799974], [0.025029956227814627, 0.19243413519371766, 0.5190223662798009, 0.2635135422986671], [0.0345532655216381, 0.4615166886728716, 0.4817007365665516, 0.022229309238938504], [0.0065861040887713945, 0.08334124804450578, 0.06687725638417905, 0.8431953914825437], [0.016871170806660018, 0.013188171309619932, 0.003850753562335085, 0.966089904321385], [0.05625677580307723, 0.18861022298800711, 0.05860234906049826, 0.6965306521484176], [0.6601824279622851, 0.19122706856638624, 0.01474295594322632, 0.1338475475281023], [0.09257247908704705, 0.19164610267264937, 0.00876288691282504, 0.7070185313274784], [0.16234357322557125, 0.03731861550754362, 0.6882438165725598, 0.11209399469432535], [0.8746596152429782, 0.035132991296808976, 0.010252530422068664, 0.07995486303814385], [0.08808163031114948, 0.3749194249980597, 0.4816862326800847, 0.0553127120107058], [0.20098526559210186, 0.146053951379507, 0.023472666285780534, 0.6294881167426107], [0.009279305594749437, 0.025998965694536583, 0.9623718948802512, 0.0023498338304627515], [0.4984311608456277, 0.29980201322740574, 0.00809700717777921, 0.1936698187491873], [0.0038905381322976206, 0.02812060069793827, 0.412558971051759, 0.5554298901180048], [0.2610400602818039, 0.29247879720718406, 0.22870317082191566, 0.2177779716890964], [0.5027624980585446, 0.09188533716512153, 0.37887682892068875, 0.026475335855645075], [0.03294441741037462, 0.06657996773355412, 0.03696804673085396, 0.8635075681252173], [0.08766433762691292, 0.7622138565355705, 0.07952506049791679, 0.07059674533959953], [0.15503800623555178, 0.10880959242236951, 0.15532106196193024, 0.5808313393801485], [0.09634863302575307, 0.06785627024855882, 0.011408837450178157, 0.8243862592755101], [0.18129879485031128, 0.11096318311459472, 0.0035396853746613127, 0.7041983366604325], [0.2532061238013316, 0.4793586864811146, 0.13629918313525363, 0.13113600658230004], [0.2809364267623272, 0.07611396767876111, 0.6049576798413923, 0.03799192571751963], [0.12098596371939772, 0.13175793969037863, 0.6980229659067884, 0.0492331306834353], [0.12131528479108186, 0.22562978014445034, 0.4101650174203995, 0.2428899176440683], [0.3385300567747894, 0.5769037468635536, 0.021478997101824094, 0.06308719925983265], [0.05777295034404321, 0.44566871214480797, 0.4339046744734832, 0.06265366303766577], [0.2822707727334634, 0.4954129165693463, 0.030221308136115087, 0.19209500256107542], [0.0358653219819075, 0.01366248097837419, 0.04488926449078625, 0.9055829325489317], [0.17056143797665224, 0.11411110385022435, 0.3407565064730305, 0.3745709517000929], [0.42473065012361744, 0.048510998515606904, 0.07006755776296819, 0.45669079359780723], [0.9427808996320046, 0.007885761575586554, 0.0018302465915887244, 0.047503092200820114], [0.07369565962981364, 0.42621747009563443, 0.3603968259514307, 0.1396900443231212], [0.16367640270295372, 0.11167927802992422, 0.6359314795792818, 0.08871283968783983], [0.044556993905527705, 0.08933218448260853, 0.009976177084353286, 0.8561346445275105], [0.3994643127153586, 0.2435761154188124, 0.005632320873428491, 0.35132725099240053], [0.05179813194335714, 0.03246111165386476, 0.05481708008440379, 0.8609236763183745], [0.0939119363793213, 0.07186478517094616, 0.008067643850894098, 0.8261556345988388], [0.25447212916902634, 0.6249601208208415, 0.011061557925303318, 0.10950619208482891], [0.1443079725377348, 0.040417759445200686, 0.010299350770932495, 0.8049749172461322], [0.1847340819032189, 0.5738002591068065, 0.029829117353609675, 0.21163654163636464], [0.3236396221066121, 0.06401281061863869, 0.04723790312522408, 0.5651096641495252], [0.0159493251281034, 0.4485146336917659, 0.39766948921963946, 0.13786655196049108], [0.19358987049879867, 0.1345821713715653, 0.10568923262197485, 0.5661387255076613], [0.03352987685297817, 0.146280593446482, 0.6318275133773096, 0.1883620163232305], [0.763287530882308, 0.09271136488230072, 0.08595280486603012, 0.05804829936936094], [0.012061634320611275, 0.03929831542734425, 0.10395595057901928, 0.8446840996730254], [0.09432292327329009, 0.6078761275265367, 0.17255612904539294, 0.1252448201547801], [0.01884661767397847, 0.009921253788324506, 0.002871351558094583, 0.9683607769796024], [0.16807681452986764, 0.08605051130163896, 0.3859494955704346, 0.3599231785980588], [0.07518326821400112, 0.43389002654339187, 0.022784120437763195, 0.46814258480484383], [0.2719344763758958, 0.43878938494851755, 0.17876151350604608, 0.11051462516954104], [0.04793475002161167, 0.7299295909517364, 0.04174850169200591, 0.18038715733464625], [0.00603014644069348, 0.04558886342806283, 0.7906362447835881, 0.1577447453476554], [0.30748517149445237, 0.1142420984149811, 0.3845309587781421, 0.1937417713124245], [0.4263771927684989, 0.368090379941231, 0.07929407985232204, 0.1262383474379485], [0.17723584666930572, 0.48216853399049925, 0.07194842786188282, 0.26864719147831195], [0.29551642219206853, 0.22454310198229516, 0.002404874536880176, 0.47753560128875633], [0.1423001526957407, 0.05369916023684184, 0.6676872911982136, 0.13631339586920385], [0.26636133211901275, 0.3057429041568102, 0.004879050325291589, 0.4230167133988856], [0.005209350288749334, 0.40536631220412367, 0.5688605820601116, 0.020563755447015445], [0.04848785844624515, 0.3516047463313063, 0.06670646765198704, 0.5332009275704614], [0.5919581497238677, 0.19792515973402058, 0.017432597156713116, 0.19268409338539852], [0.4049371069592517, 0.07867265961432031, 0.05384169117526723, 0.46254854225116065], [0.06084506108453969, 0.06594183847682174, 0.7569565427629011, 0.11625655767573742], [0.1466209807541442, 0.5699434507844615, 0.0077805043674748055, 0.27565506409391966], [0.050392340854282104, 0.633461774575364, 0.11491661264956227, 0.20122927192079162], [0.42802848699831053, 0.43988078757110627, 0.013527607673192747, 0.11856311775739055], [0.30649639787295024, 0.2562654944598036, 0.20450572864761798, 0.23273237901962862], [0.14617919116014966, 0.3328159274552884, 0.22005423581716219, 0.3009506455673998], [0.10205589680227523, 0.5772406542490682, 0.1628901916724246, 0.15781325727623183], [0.3545839786075134, 0.6034019213742372, 0.0021668352009112063, 0.03984726481733804], [0.03926914819927392, 0.5299885847732253, 0.06010696848120116, 0.37063529854629956], [0.18469190742394895, 0.05466479985447119, 0.0020622123426768165, 0.7585810803789028], [0.7310760217034091, 0.04102063685977887, 0.011965666129629285, 0.2159376753071829], [0.16024227884779768, 0.48928465118437053, 0.050590354006332126, 0.2998827159614996], [0.6400729870326827, 0.05755299797860927, 0.0009514679974904821, 0.3014225469912174], [0.17492338414267303, 0.017721552174879418, 0.006467810462301657, 0.800887253220146], [0.02188481716763562, 0.1536016900988456, 0.050292729581520014, 0.774220763151999], [0.8204810735851787, 0.09547920854738678, 0.003367085408813514, 0.0806726324586209], [0.4067805144748537, 0.2770774191408171, 0.02716365334520488, 0.2889784130391242], [0.18320978789758802, 0.4022322652757642, 0.004459108107371354, 0.41009883871927627], [0.31120431239060364, 0.15983755525410723, 0.4116199302994658, 0.11733820205582335], [0.01829783350590722, 0.0035447081479238213, 0.01121498631516582, 0.9669424720310033], [0.052005322306861126, 0.1505860894992345, 0.7371168144207164, 0.06029177377318823], [0.07548478715621565, 0.33452086545825244, 0.009959566789479242, 0.5800347805960525], [0.02477213436108577, 0.4446300636545876, 0.4726426417278317, 0.05795516025649492], [0.5695640609702213, 0.013737180596626408, 0.02388729935831847, 0.392811459074834], [0.1406621439747498, 0.6598491310438129, 0.11958017292576745, 0.07990855205566992], [0.3975084416340013, 0.39603251833684744, 0.01478017612843869, 0.19167886390071243], [0.12981123792520669, 0.46647045384983615, 0.2391317511609956, 0.1645865570639612], [0.14058753216748582, 0.3527425123364144, 0.009327324716732945, 0.497342630779367], [0.07287389167925921, 0.6107580417815163, 0.25216914693812553, 0.06419891960109927], [0.14149343344852813, 0.4270541177894424, 0.09649685901913277, 0.3349555897428967], [0.4412785475366931, 0.19848530465203726, 0.0013113729541769888, 0.3589247748570928], [0.5997221211176849, 0.1822623108486539, 0.10964548526529312, 0.10837008276836797], [0.015194684116023705, 0.09165439390398764, 0.8626255512359553, 0.03052537074403304], [0.7177647640613919, 0.2338798242481021, 0.032051727370431306, 0.016303684320074764], [0.06209019632508979, 0.06573833626458536, 0.5040945727707109, 0.368076894639614], [0.11851461337174422, 0.7555939513234008, 0.032545016484567, 0.09334641882028784], [0.04390852160150625, 0.9197255812049342, 0.002163501894355841, 0.034202395299203915], [0.05517604085359701, 0.6123796585456678, 0.13007481952043845, 0.2023694810802969], [0.8099407443901958, 0.08010033448599627, 0.020216163300276417, 0.08974275782353139], [0.2012583682965595, 0.18832603720073365, 0.5019499483930973, 0.10846564610960971], [0.23677533820823904, 0.6356952752166681, 0.052558031501421, 0.07497135507367174], [0.03262906805601466, 0.4001070036150523, 0.1822739833560062, 0.3849899449729269], [0.01783546766853834, 0.016678717930353772, 0.9199261414047205, 0.04555967299638752], [0.7113524610936897, 0.15843619822816862, 0.027645782731790945, 0.10256555794635065], [0.628793925712226, 0.03190906606357533, 0.20272872767276512, 0.13656828055143358], [0.012817848148198417, 0.011492286734359003, 0.012135099401994155, 0.9635547657154486], [0.20808554068884358, 0.03663372038024315, 0.6416472374629981, 0.11363350146791507], [0.0964967725418971, 0.16384835337002426, 0.026671771342283563, 0.7129831027457951], [0.05267580165276256, 0.06777384697184007, 0.5331582112717863, 0.34639214010361075]]}, "rewritten": {"ids": ["97105580", "97106000", "97112170", "97113260", "98106680", "98108580", "98109090", "98109570", "98110710", "98111620", "98111670", "98116090", "98120530", "98121790", "99107560", "99107640", "99107660", "99108330", "99108460", "99108520", "99108580", "99109840", "99110050", "99111930", "99112300", "99112641", "100107920", "100109360", "100111080", "100111380", "101108080", "101109000", "101110150", "101111990", "101112540", "101115190", "101117580", "101119030", "101119591", "102107961", "102109840", "102109850", "102116500", "103109791", "103111620", "103111990", "103113260", "103120340", "103120730", "104109311", "104110960", "104111380", "104111531", "104111620", "104112470", "104114230", "104116441", "105111990", "105112260", "105113170", "105114220", "105115250", "105115380", "105115570", "105115900", "105116090", "105118171", "105118740", "105119950", "105120280", "106114280", "106114321", "106116370", "106116441", "106118520", "106119580", "106120640", "107112840", "107113170", "107113180", "107114110", "107114950", "107115140", "107118120", "107118490", "107119950", "107120010", "107121640", "108114360", "108114670", "108115570", "108117360", "108117720", "108118520", "108121410", "109115070", "109115220", "109116930", "109117080", "109117110", "109117431", "109118231", "109121410", "109121640", "110113591", "110114720", "110115580", "110117500", "110118111", "110118181", "110118630", "110120540", "110121720", "111114121", "111114171", "111115400", "111116040", "111116090", "111116170", "111116750", "111119250", "111119340", "111120260", "112116401", "112116501", "112116610", "112116880", "112116990", "112117030", "112117461", "112118471", "112118581", "113118490", "113118870", "113119360", "113119930", "113121190", "113121680", "113121750", "113121980", "113122160", "113122190"], "labels": [1, 0, 0, 1, 1, 0, 1, 1, 2, 3, 1, 0, 1, 2, 1, 1, 3, 1, 0, 2, 0, 2, 3, 1, 0, 1, 0, 0, 0, 3, 0, 1, 1, 2, 2, 1, 3, 3, 0, 3, 2, 1, 1, 3, 0, 2, 3, 1, 1, 3, 2, 3, 0, 0, 1, 2, 1, 2, 3, 0, 3, 2, 1, 0, 3, 1, 3, 1, 3, 3, 3, 2, 2, 0, 2, 3, 3, 1, 0, 3, 1, 3, 0, 3, 2, 3, 1, 1, 1, 3, 3, 1, 1, 0, 0, 0, 3, 0, 1, 1, 1, 1, 0, 0, 0, 3, 1, 1, 1, 1, 1, 1, 3, 0, 3, 0, 0, 3, 0, 3, 1, 3, 3, 0, 3, 1, 0, 0, 2, 0, 1, 1, 1, 0, 0, 1, 1, 1, 0, 2, 3, 1], "predicted_labels": [0, 3, 3, 2, 1, 1, 2, 3, 1, 2, 2, 1, 3, 1, 1, 3, 0, 3, 3, 2, 1, 2, 3, 1, 2, 0, 3, 3, 1, 1, 0, 3, 1, 1, 0, 1, 0, 0, 0, 1, 1, 2, 2, 2, 2, 1, 1, 0, 0, 3, 0, 2, 3, 3, 1, 1, 0, 3, 3, 3, 0, 0, 1, 0, 3, 0, 3, 3, 1, 3, 3, 3, 3, 0, 1, 2, 1, 2, 0, 2, 3, 3, 3, 3, 1, 3, 2, 2, 2, 1, 0, 2, 3, 1, 0, 1, 3, 2, 1, 1, 3, 1, 3, 3, 0, 2, 2, 1, 0, 0, 3, 2, 2, 1, 0, 0, 0, 0, 1, 3, 2, 3, 0, 0, 3, 1, 1, 0, 3, 3, 1, 2, 1, 3, 3, 1, 1, 3, 3, 3, 1, 2], "confidence_scores": [[0.4028544364665615, 0.25374438357502205, 0.21735211186624465, 0.126049068092172], [0.01030051285163643, 0.06639304390463996, 0.05735027412472423, 0.865956169118999], [0.3013718572732794, 0.21695495258645506, 0.09217305399505735, 0.38950013614520795], [0.06487478508057773, 0.06654001799194181, 0.5968126028380484, 0.27177259408943205], [0.02626968689932636, 0.6402185352802815, 0.30463780577227073, 0.028873972048121456], [0.3801333062061029, 0.3692926766336381, 0.10355838298463443, 0.1470156341756249], [0.019687876273353312, 0.028257810940893465, 0.6551232600156099, 0.29693105277014337], [0.03601519596400408, 0.03486729588708488, 0.006869428814294701, 0.9222480793346166], [0.03588104731135374, 0.572845864764464, 0.11172176340117011, 0.2795513245230121], [0.009539228750742153, 0.31603933304523063, 0.667886464302744, 0.006534973901283317], [0.08325367715706179, 0.17372543148190023, 0.38295968139626907, 0.3600612099647684], [0.06761291233653491, 0.4285278074186447, 0.06283555118554936, 0.4410237290592712], [0.1325241249391657, 0.06634536619293879, 0.014755468241632298, 0.7863750406262632], [0.33793327825282704, 0.3997947287085024, 0.15390034316613757, 0.10837164987253288], [0.0995629121728268, 0.41440437779584693, 0.100823679757392, 0.3852090302739344], [0.11311316401171188, 0.06424615648959402, 0.048509954017696436, 0.7741307254809976], [0.6325359201099804, 0.03026043589223603, 0.13089169720466265, 0.206311946793121], [0.2755420261349143, 0.09244049734278016, 0.3184069397379497, 0.313610536784356], [0.04633051749253948, 0.06965531911380902, 0.003020788352452794, 0.8809933750411986], [0.0138383082864781, 0.2905124983346354, 0.6438589032507538, 0.051790290128132646], [0.06778635494386828, 0.46414643553557566, 0.41445177720001214, 0.05361543232054372], [0.011573345915985874, 0.14623106297071267, 0.6505762193681097, 0.1916193717451918], [0.053250042350912116, 0.17923479541197782, 0.11411847809244778, 0.6533966841446626], [0.008873085184012221, 0.5124735451327763, 0.4181727426440768, 0.06048062703913469], [0.0746245086931563, 0.13798647052267857, 0.6614188432207917, 0.12597017756337367], [0.7034454716829281, 0.21973519988405624, 0.04400858223720157, 0.03281074619581403], [0.1752678126615088, 0.08312620298620021, 0.014829564916886284, 0.7267764194354046], [0.04507533119735287, 0.0935412253619131, 0.3897021659479713, 0.47168127749276273], [0.091319096168983, 0.38342710265600183, 0.3379138072696544, 0.18733999390536063], [0.3565339309168935, 0.5148757347747812, 0.011766220787151917, 0.11682411352117343], [0.6807165141037447, 0.19045634338248085, 0.011714989605404551, 0.11711215290836989], [0.005159888748150968, 0.04652224102705398, 0.4200515498144397, 0.5282663204103554], [0.08551373088255705, 0.6509774007819199, 0.050447150661667, 0.21306171767385595], [0.19525871207973128, 0.4617496641908563, 0.13558547202590404, 0.20740615170350846], [0.4562616953507435, 0.14468820333576501, 0.2910783368813621, 0.10797176443212934], [0.05957313092608441, 0.45566050166794786, 0.37055574674742714, 0.11421062065854046], [0.6182648369770931, 0.2797627253782489, 0.004344671778164509, 0.09762776586649334], [0.7407923203142198, 0.15187228337431177, 0.050457271099603095, 0.05687812521186547], [0.6146890459342672, 0.0066242493935369596, 0.02088523421242983, 0.35780147045976596], [0.3579193688936791, 0.46224956884624374, 0.08080966754809622, 0.09902139471198125], [0.14165613861957416, 0.41442670900082806, 0.3130183082536336, 0.13089884412596423], [0.13860396013398582, 0.2714485190638543, 0.5554760928990323, 0.03447142790312712], [0.13148809004428633, 0.06170530089724984, 0.5934027455195158, 0.21340386353894783], [0.17251904733778478, 0.12493658467681117, 0.5436780188691428, 0.1588663491162617], [0.24868654495572934, 0.18459720025375687, 0.35561079571418325, 0.21110545907633027], [0.12794628487812723, 0.4169450259533649, 0.08355623365704719, 0.3715524555114607], [0.1164788952728147, 0.5896167294765761, 0.041186143885248175, 0.25271823136536126], [0.37303679613949775, 0.16311622839972356, 0.16633238094996888, 0.2975145945108098], [0.5047782316354766, 0.2438058582138708, 0.0178122378422117, 0.23360367230844112], [0.18720023691540005, 0.18971080177735677, 0.0035115303538764456, 0.6195774309533665], [0.567948818334363, 0.18285702195685147, 0.1476167130086349, 0.10157744670015097], [0.2707954637753062, 0.18606155229535098, 0.46571821309255756, 0.07742477083678527], [0.18834409915830158, 0.1676824241379467, 0.022635447220171228, 0.6213380294835807], [0.4370298973555914, 0.13524777183898049, 0.09542923942025747, 0.33229309138517055], [0.09421738604953697, 0.6066981772446092, 0.22396167503849462, 0.07512276166735919], [0.10758396195306605, 0.4353145030340872, 0.3654001390786329, 0.09170139593421392], [0.43855119242560375, 0.2111177469311732, 0.0007315514971188514, 0.3495995091461042], [0.2171905348861169, 0.17918569712076618, 0.003949726614811395, 0.5996740413783055], [0.10013494120963277, 0.12448507666740627, 0.13202407862364535, 0.6433559034993155], [0.06904673205461374, 0.07585338527476175, 0.011723567720615356, 0.8433763149500089], [0.5649066357298649, 0.33212395545964213, 0.017234939889865634, 0.08573446892062721], [0.6805026110820689, 0.1410899831197762, 0.12533867721855127, 0.05306872857960357], [0.20266150003255692, 0.5168306019217394, 0.09152985184627879, 0.18897804619942513], [0.35450756463848543, 0.263778192550994, 0.2807475631447126, 0.10096667966580779], [0.17319498592062205, 0.06857190462738233, 0.07021028508629017, 0.6880228243657057], [0.46861294457922836, 0.16220640781968784, 0.14969827414306675, 0.21948237345801747], [0.4319685749863735, 0.17050393149069118, 0.006858118282020725, 0.3906693752409144], [0.021713280379252523, 0.3471601618785119, 0.07552613631014943, 0.5556004214320862], [0.37152532803916033, 0.5263380603009068, 0.018185631205136936, 0.0839509804547958], [0.1507013960836507, 0.23245785750369696, 0.26910557247121203, 0.34773517394144027], [0.16631501771776214, 0.07732033321091303, 0.019366845304329302, 0.7369978037669955], [0.29559758828143534, 0.1723264483412501, 0.2492061631403925, 0.2828698002369218], [0.06143712482510995, 0.013223730462951102, 0.03641659273503406, 0.8889225519769051], [0.6366871343842766, 0.3360764025993434, 0.002932889807442599, 0.024303573208937734], [0.17337620766859604, 0.4273975794643678, 0.01828962304594352, 0.38093658982109235], [0.20855608083419303, 0.15241164462089354, 0.49672600424179314, 0.1423062703031204], [0.07723277796640597, 0.7353563005718987, 0.06112870978842311, 0.1262822116732725], [0.3460751787797555, 0.2432363064979608, 0.37703165038795844, 0.03365686433432563], [0.41103654617802865, 0.21562574311301633, 0.05422497340579885, 0.31911273730315615], [0.058943316035421606, 0.026295955401716812, 0.9095830332090388, 0.0051776953538228134], [0.03552697815608526, 0.032451248314616384, 0.016138167923825, 0.9158836056054732], [0.1109510254614575, 0.05241640427276748, 0.21104261237039096, 0.6255899578953842], [0.01861228073554306, 0.0024088323457843635, 0.003593787260344216, 0.9753850996583285], [0.0533666523627327, 0.2526208813106234, 0.17374985976192273, 0.5202626065647213], [0.08237085810857867, 0.7469254969700898, 0.13473199364321337, 0.03597165127811809], [0.04167107787272636, 0.0591227395014123, 0.03770223083974484, 0.8615039517861163], [0.02493209319152389, 0.1896785733768906, 0.6201578947322921, 0.1652314386992934], [0.09730001025998537, 0.14065982087327164, 0.6631713175066823, 0.09886885136006057], [0.03257034610967805, 0.391110987459232, 0.5424097674948593, 0.033908898936230676], [0.13484320288979776, 0.5083091898097588, 0.22534320423951168, 0.13150440306093183], [0.30637836082053155, 0.22575152554756855, 0.27653561473937, 0.19133449889253004], [0.0033873954316322656, 0.021220285084439357, 0.835974595763538, 0.13941772372039038], [0.2534272480798102, 0.18594463232206754, 0.09167018384120276, 0.4689579357569195], [0.1275293252983185, 0.41258016236981726, 0.2970748458623495, 0.1628156664695146], [0.4044668074905515, 0.29678847187705487, 0.008233233281931073, 0.29051148735046256], [0.03253827491136517, 0.9363600304985288, 0.014254145411563415, 0.01684754917854276], [0.01679167758096133, 0.026666317687080006, 0.0074934057584876606, 0.949048598973471], [0.13145513162916975, 0.11865044480668455, 0.7037029770335999, 0.04619144653054624], [0.019112439182136655, 0.8858452671852293, 0.00422670497578115, 0.09081558865685314], [0.053794888844838684, 0.7857765081212169, 0.04244600813804898, 0.11798259489589523], [0.24729183709218386, 0.14339714056950348, 0.016768459615970985, 0.5925425627223417], [0.32494053482433355, 0.37636362316576977, 0.07042413133560531, 0.22827171067429156], [0.022157460184620375, 0.009544891789412714, 0.01117303743051108, 0.9571246105954555], [0.25865551285250504, 0.2857838957702188, 0.03558568298904071, 0.41997490838823553], [0.5002835666224581, 0.19663337023631447, 0.008097712440055598, 0.2949853507011719], [0.013454607813026874, 0.07156047986423686, 0.9044733221571231, 0.010511590165613295], [0.09274319072386016, 0.17025106294581743, 0.6782276205080215, 0.05877812582230104], [0.18913989570510703, 0.6399635365373942, 0.08645389255370797, 0.08444267520379062], [0.7165190199069214, 0.07933408096759885, 0.036825191255826624, 0.1673217078696534], [0.6116739776916299, 0.15653214787587508, 0.0017694797542313423, 0.2300243946782634], [0.24901643059828577, 0.054687630823137594, 0.021112421616792897, 0.675183516961784], [0.15660236066679917, 0.3497332617408107, 0.4156751874201584, 0.07798919017223202], [0.12970525067977426, 0.17492352921095997, 0.47553582676124906, 0.21983539334801658], [0.02254427945372191, 0.9681309834321032, 0.0005759117288415217, 0.008748825385333222], [0.6892475770408278, 0.049519201699841774, 0.0009561455391121131, 0.26027707572021824], [0.6314786008710626, 0.27796892119461103, 0.06770497702070503, 0.022847500913621217], [0.41392305485722286, 0.147361265528755, 0.2072917410468267, 0.23142393856719531], [0.8164937793285326, 0.07791655139631319, 0.013542270469916278, 0.09204739880523763], [0.10664880778559394, 0.547062512641561, 0.001153948514854829, 0.3451347310579901], [0.3492429526108557, 0.03585582695375928, 0.007325904867024525, 0.6075753155683605], [0.021470499960603833, 0.2735823806166982, 0.5855719801545475, 0.1193751392681503], [0.1458662154826673, 0.2194596911546462, 0.00853230076598505, 0.6261417925967016], [0.798201974087946, 0.15248848993154362, 0.003246014489932614, 0.04606352149057758], [0.9317555569527162, 0.00884421646372766, 0.003938823433867996, 0.055461403149688115], [0.06625026554124441, 0.2726909857863526, 0.015719313040425554, 0.6453394356319776], [0.30376616971402703, 0.35392927372875765, 0.24962191976628506, 0.09268263679093006], [0.15152182318992272, 0.6581952894706603, 0.09116667598876652, 0.09911621135065053], [0.8768967733543174, 0.027070035317471205, 0.012208360180777, 0.08382483114743428], [0.11080134464182821, 0.16072210182470903, 0.03387533049072155, 0.6946012230427409], [0.22910923138004427, 0.17038871477273101, 0.007993332220450225, 0.5925087216267746], [0.18944712682473738, 0.6837005642203295, 0.041832776345254646, 0.08501953260967852], [0.05903008837377219, 0.3465659066771133, 0.45147775577704985, 0.1429262491720645], [0.2428637327234231, 0.6089583820169937, 0.059871878999413625, 0.08830600626016996], [0.11413569584642233, 0.2873971879265933, 0.01590235157906138, 0.5825647646479226], [0.41885846903074775, 0.10757924268196163, 0.12454151266543086, 0.34902077562185985], [0.26230161392318063, 0.5949922692908157, 0.012710440573987953, 0.12999567621201535], [0.19175285730006994, 0.6156549363734921, 0.010112329833118532, 0.18247987649331926], [0.03508732582625964, 0.3687836320533281, 0.09614492447641611, 0.49998411764399603], [0.4588797266964819, 0.1802208193365469, 0.0012779624047104315, 0.359621491562261], [0.05258679611359555, 0.1475823878091867, 0.11086903169611846, 0.6889617843810995], [0.012292095206065855, 0.5142762287597522, 0.3761525348145899, 0.09727914121959194], [0.1688759760059903, 0.06869400694692016, 0.4649551648613123, 0.2974748521857774]]}}