{"test": {"ids": ["103118110", "109119450", "100108490", "113121010", "112118581", "113122150", "107114321", "109119340", "112118701", "106116370", "111121930", "101111990", "111121220", "98108410", "106114321", "100109910", "108114180", "106116640", "99107660", "111120280", "112121351", "112119950", "103120730", "107113170", "109116441", "112117571", "110121170", "98112300", "99108890", "105110251", "99109780", "102109850", "102118380", "97112830", "111121351", "112116640", "111114321", "102110690", "99108330", "98108580", "113122170", "110119300", "111117120", "110115140", "108114270", "113118870", "109117080", "108116070", "110118181", "112116290", "105115680", "109118231", "101108121", "113119320", "100108990", "109113931", "103112641", "97106000", "108118520", "107113550", "99109740", "113118820", "111119610", "113121410", "99116500", "110115250", "113120780", "111116100", "108119510", "108118301", "104114740", "100120010", "112120630", "99108580", "112119450", "111115910", "108115070", "112120540", "113119700", "110120640", "105118740", "100112060", "110116290", "109115380", "104113210", "102110890", "109117271", "111119150", "98110810", "110117200", "104110960", "103113270", "108115970", "111119580", "105113210", "99119830", "111118810", "108120060", "112117030", "110118810", "99110050", "105121370", "100109330", "102110750", "109114220", "107116300", "97116790", "112118471", "108115570", "105119950", "97116401", "112117461", "111115770", "106117770", "109121351", "109116750", "107114621", "113119360", "113122650", "106115120", "99109141", "105120621", "108113620", "110115890", "98120530", "100120780", "113121220", "107118820", "104111380", "110115120", "104118340", "101116130", "111115400", "104111711", "104119340", "112120270", "103120340", "110117140", "100116500", "98109570", "99105921", "112118880"], "labels": [2, 3, 2, 2, 1, 2, 0, 3, 0, 2, 1, 2, 3, 1, 2, 2, 1, 3, 3, 0, 0, 0, 1, 0, 3, 3, 2, 2, 0, 0, 2, 1, 1, 2, 0, 0, 1, 0, 1, 0, 1, 1, 2, 0, 3, 0, 1, 1, 1, 0, 2, 1, 0, 1, 2, 1, 3, 0, 0, 0, 3, 0, 2, 0, 2, 1, 0, 3, 1, 1, 2, 0, 3, 0, 3, 2, 1, 3, 0, 0, 1, 2, 2, 3, 3, 0, 0, 3, 1, 3, 2, 2, 2, 3, 3, 1, 0, 1, 2, 1, 3, 2, 0, 1, 3, 0, 2, 1, 3, 3, 3, 0, 3, 0, 0, 0, 0, 0, 2, 1, 3, 1, 3, 2, 1, 1, 3, 3, 3, 0, 2, 2, 0, 1, 1, 0, 1, 3, 2, 1, 1, 1], "predicted_labels": [3, 3, 0, 1, 1, 3, 3, 0, 3, 3, 0, 3, 3, 1, 1, 2, 3, 3, 0, 3, 3, 0, 0, 3, 0, 3, 3, 0, 1, 3, 1, 2, 1, 3, 3, 3, 1, 3, 3, 1, 1, 0, 1, 3, 3, 1, 1, 1, 1, 0, 1, 1, 3, 0, 1, 0, 1, 3, 1, 2, 1, 0, 1, 3, 2, 3, 1, 1, 1, 3, 1, 1, 3, 1, 3, 1, 0, 3, 1, 1, 3, 1, 0, 1, 3, 2, 3, 3, 1, 3, 0, 3, 3, 0, 3, 1, 3, 2, 1, 1, 3, 3, 1, 1, 3, 1, 2, 1, 0, 0, 3, 3, 3, 3, 3, 1, 3, 3, 1, 0, 1, 3, 3, 1, 0, 3, 3, 3, 0, 3, 1, 3, 1, 2, 3, 1, 3, 3, 2, 3, 0, 1], "confidence_scores": [[0.1728598577660608, 0.27225294169856595, 0.2527796741715024, 0.3021075263638709], [0.13796689998659661, 0.31271193369545053, 0.23802057858043055, 0.31130058773752256], [0.2779538539033106, 0.2797314914151535, 0.1899077735217119, 0.25240688115982424], [0.24202803827645653, 0.30500159840756613, 0.12134183177510971, 0.3316285315408676], [0.11493490348772827, 0.3461798030655491, 0.26387320434292383, 0.2750120891037987], [0.2294670066099518, 0.30015780249865165, 0.13992742060038646, 0.33044777029100986], [0.2594609859413106, 0.2697278509751834, 0.15368465383647156, 0.31712650924703456], [0.26064989626101637, 0.2797289572286048, 0.16239230882753744, 0.2972288376828412], [0.20923542277201565, 0.30753854857520346, 0.14127602124985358, 0.34195000740292736], [0.2872715535678205, 0.23286124771099823, 0.15444738459211088, 0.32541981412907045], [0.3472517223506781, 0.2476180733775657, 0.06922018680092602, 0.33591001747083016], [0.19751890654263343, 0.27378519958288283, 0.23314849328688644, 0.29554740058759726], [0.3185895804137764, 0.25291967714832014, 0.064795717725917, 0.36369502471198667], [0.256806822289699, 0.294513801178365, 0.17250613954233412, 0.27617323698960156], [0.18497502189978632, 0.30947951338766777, 0.25195383727234083, 0.2535916274402052], [0.14459291789882742, 0.3125072292772353, 0.38364942012452624, 0.15925043269941108], [0.1772482794362633, 0.30190356638179877, 0.16780538576603984, 0.3530427684158979], [0.23654562092948095, 0.2641094486281778, 0.1391888555206419, 0.3601560749216995], [0.27475809768645515, 0.2433333022805853, 0.2016838772867544, 0.2802247227462051], [0.24605291215660507, 0.29543198244309904, 0.09592295562335725, 0.36259214977693843], [0.31054519779416323, 0.25429302682645805, 0.09375842221462481, 0.34140335316475395], [0.38339071168620226, 0.21272470231685048, 0.0722731697106377, 0.3316114162863096], [0.29914074627108744, 0.2629380145734813, 0.1381656797818367, 0.29975555937359466], [0.23129024394042644, 0.2873826980567796, 0.1575665564704607, 0.3237605015323334], [0.31465383916189765, 0.27011593812959334, 0.08965363941058713, 0.32557658329792183], [0.30706927363185865, 0.2729683132024309, 0.0681003033443888, 0.35186210982132166], [0.21601244503504005, 0.2838146666050009, 0.18254895374472782, 0.31762393461523125], [0.2926391244739381, 0.24182347040926364, 0.1984028993261567, 0.2671345057906416], [0.16424449154615678, 0.34931385154513683, 0.1782882084111733, 0.30815344849753346], [0.20003369304704294, 0.3050184283369253, 0.16714789074466038, 0.3277999878713716], [0.18293888603372016, 0.3281419617174248, 0.23530127174180668, 0.2536178805070481], [0.12477799837662198, 0.3330810609962925, 0.3437531881813862, 0.19838775244569914], [0.14609988807588709, 0.3374110836426639, 0.20066869587290978, 0.3158203324085392], [0.2739231904402931, 0.2553064721233361, 0.18337515487445685, 0.2873951825619142], [0.2479667378877486, 0.2807206453007598, 0.1563037921345919, 0.3150088246768994], [0.27978490793330124, 0.26143250262148854, 0.13697284324629988, 0.3218097461989101], [0.19745044781528168, 0.33400063481314546, 0.21800624975234675, 0.25054266761922594], [0.2900001676679527, 0.2825353425087782, 0.08329950826788773, 0.34416498155538133], [0.18382701244155195, 0.29125889700625346, 0.2313120455106528, 0.29360204504154186], [0.21441593479389862, 0.29259277519075044, 0.23719390652805544, 0.2557973834872958], [0.19011519502223007, 0.30195939366113456, 0.24496096527877778, 0.2629644460378576], [0.2733703221837384, 0.28440386750514113, 0.127035771551995, 0.31519003875912577], [0.20429078284446986, 0.3207414797536178, 0.1407144646814464, 0.334253272720466], [0.26134241778532097, 0.2837792287541892, 0.12553236786012784, 0.329345985600362], [0.2791280430348366, 0.2635978728427952, 0.10209691144542857, 0.35517717267693943], [0.2433170049130906, 0.3209929910235404, 0.08131743078963434, 0.35437257327373467], [0.15599837468191544, 0.3707598808575869, 0.16237760072237697, 0.31086414373812077], [0.24546891489287506, 0.29576018221400535, 0.247957458877842, 0.21081344401527738], [0.2368119723402139, 0.2879647065492352, 0.17745879582572432, 0.29776452528482644], [0.28215181793905564, 0.2701230335545299, 0.14454085779756837, 0.30318429070884634], [0.16513115217695168, 0.3360771242420629, 0.22745332349535158, 0.2713384000856338], [0.2500040490928791, 0.31227652883388685, 0.11861712100450955, 0.3191023010687244], [0.1886848186018175, 0.3089548670210442, 0.1768710370281088, 0.3254892773490295], [0.31097616879111917, 0.27705183754873736, 0.07226617602334776, 0.33970581763679586], [0.17270140694275354, 0.33246917265757486, 0.18155022507059346, 0.31327919532907783], [0.3166874843531589, 0.25612496005104524, 0.09579337026504847, 0.33139418533074744], [0.24351848350253089, 0.28792046216674283, 0.1879241781471905, 0.2806368761835359], [0.14097643395048512, 0.29528332825456594, 0.24121408614584722, 0.3225261516491018], [0.1865976726382618, 0.34584934638470893, 0.16890912258938184, 0.29864385838764745], [0.2110792610403403, 0.27592034127874626, 0.25179617470629556, 0.26120422297461765], [0.12269280605229421, 0.3538070212551241, 0.3192370519877689, 0.2042631207048128], [0.3211282393114783, 0.27188083353753245, 0.1112611944449044, 0.29572973270608477], [0.14860558907051674, 0.3245028840795264, 0.2797363416871574, 0.24715518516279947], [0.25670504875836275, 0.2794340955704158, 0.07520296885738623, 0.38865788681383484], [0.11321147194939778, 0.343775575886109, 0.3400437862306925, 0.20296916593380077], [0.23988201574865003, 0.2844871173901767, 0.15936235524906403, 0.3162685116121093], [0.24112358143844337, 0.3105585060263879, 0.12363897431206233, 0.32467893822310656], [0.26124206983530035, 0.296647945722383, 0.10987220305830112, 0.33223778138401566], [0.2349902090019445, 0.2951948284433095, 0.24154988084991108, 0.22826508170483503], [0.274868199782994, 0.2816755534346522, 0.1187966631433803, 0.32465958363897374], [0.22120997010025548, 0.28819721460244824, 0.20182436862076314, 0.28876844667653295], [0.12914952745071548, 0.34349457450073867, 0.33412472098713025, 0.1932311770614153], [0.26902297814038967, 0.2894038903128701, 0.12031392999827233, 0.32125920154846793], [0.20038554386369034, 0.3163799221835167, 0.26659861804360946, 0.21663591590918352], [0.2576187901051687, 0.2922645936849037, 0.0856618150105721, 0.36445480119935547], [0.23448316996859628, 0.3009325417390255, 0.17784431815805846, 0.2867399701343194], [0.3314972566525878, 0.2521668994900379, 0.16659117555884656, 0.24974466829852768], [0.22639941413259973, 0.32620879898927163, 0.0980484328508172, 0.3493433540273116], [0.20085986655365323, 0.31259500771442955, 0.24183313976209175, 0.24471198596982552], [0.2144886548378637, 0.29255238265325617, 0.24095605581581758, 0.2520029066930626], [0.20688640723274218, 0.286794650950214, 0.2206915851881263, 0.28562735662891786], [0.22562258836245888, 0.28946124902517617, 0.20257137059666652, 0.2823447920156984], [0.2887981241194984, 0.22718941663344772, 0.24390596475638524, 0.24010649449066876], [0.19025053310597204, 0.32187187640067166, 0.1753488965845028, 0.3125286939088534], [0.2794826367836874, 0.25799702693068816, 0.1263640865215915, 0.33615624976403286], [0.2045776280018866, 0.2610527773139835, 0.2841026814199521, 0.2502669132641776], [0.2487740799615119, 0.26341595852181116, 0.10631758583397824, 0.3814923756826987], [0.2716909093602921, 0.2901619715949663, 0.09987863926837841, 0.33826847977636293], [0.1839770132639184, 0.341587697237837, 0.2972078233109626, 0.17722746618728205], [0.27717302924765064, 0.26021277183122793, 0.15008827924627163, 0.3125259196748498], [0.3791652724364435, 0.23202467588620102, 0.12244272046580508, 0.26636733121155043], [0.20536049410978222, 0.2781799448355777, 0.22351454905492163, 0.29294501199971845], [0.28515491474786725, 0.254974486974752, 0.11193538542608272, 0.3479352128512981], [0.3826881338637906, 0.19980365010550688, 0.15317541666943443, 0.2643327993612683], [0.25786965800191447, 0.28833897558013993, 0.08459751864295421, 0.3691938477749913], [0.13430513286745097, 0.32368445752335445, 0.2583767600983828, 0.2836336495108115], [0.2953896442266185, 0.2856738347979967, 0.058192938035901455, 0.3607435829394832], [0.1924202053169426, 0.3268738713680804, 0.3179274500019085, 0.1627784733130687], [0.2693032499014993, 0.28281760468780076, 0.13772836678833084, 0.31015077862236906], [0.22821025838057318, 0.29207454691341833, 0.1810305585639328, 0.29868463614207585], [0.13830936097897648, 0.31302753540122974, 0.23388862464947868, 0.314774478970315], [0.18918948713725317, 0.2941330571070002, 0.17722358354097198, 0.3394538722147747], [0.22987682596932918, 0.3086708536168081, 0.1436277067272281, 0.31782461368663467], [0.1422124995449779, 0.35230762257467757, 0.32283396444280144, 0.18264591343754322], [0.2550357502309447, 0.276430454360561, 0.16830412828553282, 0.30022966712296134], [0.24035124688797155, 0.28722759477460186, 0.21641199924565782, 0.256009159091769], [0.1795333782620951, 0.28252772052777564, 0.3471229036866374, 0.19081599752349185], [0.25084972934997124, 0.291528271348347, 0.14767038511715494, 0.3099516141845268], [0.26802974468603996, 0.26234928696418186, 0.1937970296522803, 0.2758239386974977], [0.30231987780613145, 0.27138106261763356, 0.14540552928950698, 0.280893530286728], [0.16343948179213685, 0.3050402703275853, 0.25102242514292294, 0.2804978227373547], [0.304371033645036, 0.25356226608638904, 0.0721677513215637, 0.36989894894701125], [0.21335777372818016, 0.3092203758616597, 0.14208197950761828, 0.33533987090254197], [0.2763797374505378, 0.26768038992377385, 0.14199756542955275, 0.31394230719613564], [0.24113362476059988, 0.29769283195385554, 0.13554103606818776, 0.32563250721735665], [0.19638758274713183, 0.32480106846455975, 0.22687487602214987, 0.25193647276615894], [0.2142172953306571, 0.3121378622810869, 0.1362930852448176, 0.33735175714343796], [0.2858340159825124, 0.2640327954625185, 0.140019722207038, 0.3101134663479312], [0.2212230273123605, 0.31176655268628156, 0.13770909585015187, 0.3293013241512062], [0.3663857533531503, 0.254937401120208, 0.05947183450035777, 0.3192050110262837], [0.26236298324856183, 0.28182494622123055, 0.17426929592293233, 0.28154277460727506], [0.3322733276722714, 0.23658896864447748, 0.04694460146382204, 0.38419310221942904], [0.2509612426685321, 0.2747008582422078, 0.1361365732467083, 0.33820132584255186], [0.18335100909166768, 0.3311799105432566, 0.2259398419807103, 0.2595292383843655], [0.3129178672834145, 0.26043761076298977, 0.10346477136518119, 0.32317975058841464], [0.22129615248006887, 0.2679721615757843, 0.16616723388888985, 0.344564452055257], [0.2310645748672917, 0.2720883858164054, 0.14097837317599407, 0.35586866614030904], [0.25696414964044784, 0.2737485030200301, 0.1614997260742643, 0.30778762126525766], [0.2774076801468653, 0.2553289583369381, 0.20578654563673282, 0.261476815879464], [0.2349121839923786, 0.2979949923619018, 0.13062914973436365, 0.336463673911356], [0.18501058236611181, 0.31591097045951644, 0.22434127180539248, 0.27473717536897924], [0.17643924888810208, 0.2889066378841365, 0.22528225315445174, 0.30937186007330986], [0.24360962799585023, 0.310034104934234, 0.21695947514365585, 0.22939679192626], [0.14352493019916535, 0.3155715990527039, 0.33032837941876547, 0.2105750913293654], [0.27369946666572226, 0.2846558610973294, 0.08406477177212238, 0.35757990046482585], [0.15325975102126355, 0.33376443141379364, 0.2832786919789553, 0.22969712558598754], [0.18241226764830526, 0.2785489527701801, 0.2268175465956882, 0.31222123298582677], [0.1947102715594702, 0.30532061966381485, 0.18502381251292646, 0.3149452962637882], [0.1663267288311348, 0.30401244410952183, 0.2826709198826219, 0.24698990717672176], [0.27968929231284306, 0.25088403988158076, 0.09439164235954461, 0.3750350254460317], [0.336629569830114, 0.24894657008423385, 0.17687590064723285, 0.23754795943841925], [0.19853569009346356, 0.31035940954375085, 0.19199517711792696, 0.2991097232448588]]}, "rewritten": {"ids": ["97106000", "97112830", "97116401", "97116790", "98108410", "98108580", "98109570", "98110810", "98112300", "98120530", "99105921", "99107660", "99108330", "99108580", "99108890", "99109141", "99109740", "99109780", "99110050", "99116500", "99119830", "100108490", "100108990", "100109330", "100109910", "100112060", "100116500", "100120010", "100120780", "101108121", "101111990", "101116130", "102109850", "102110690", "102110750", "102110890", "102118380", "103112641", "103113270", "103118110", "103120340", "103120730", "104110960", "104111380", "104111711", "104113210", "104114740", "104118340", "104119340", "105110251", "105113210", "105115680", "105118740", "105119950", "105120621", "105121370", "106114321", "106115120", "106116370", "106116640", "106117770", "107113170", "107113550", "107114321", "107114621", "107116300", "107118820", "108113620", "108114180", "108114270", "108115070", "108115570", "108115970", "108116070", "108118301", "108118520", "108119510", "108120060", "109113931", "109114220", "109115380", "109116441", "109116750", "109117080", "109117271", "109118231", "109119340", "109119450", "109121351", "110115120", "110115140", "110115250", "110115890", "110116290", "110117140", "110117200", "110118181", "110118810", "110119300", "110120640", "110121170", "111114321", "111115400", "111115770", "111115910", "111116100", "111117120", "111118810", "111119150", "111119580", "111119610", "111120280", "111121220", "111121351", "111121930", "112116290", "112116640", "112117030", "112117461", "112117571", "112118471", "112118581", "112118701", "112118880", "112119450", "112119950", "112120270", "112120540", "112120630", "112121351", "113118820", "113118870", "113119320", "113119360", "113119700", "113120780", "113121010", "113121220", "113121410", "113122150", "113122170", "113122650"], "labels": [0, 2, 3, 2, 1, 0, 1, 1, 2, 1, 1, 3, 1, 0, 0, 3, 3, 2, 3, 2, 1, 2, 2, 0, 2, 2, 2, 0, 1, 0, 2, 2, 1, 0, 1, 0, 1, 3, 2, 2, 1, 1, 2, 3, 1, 3, 2, 2, 1, 0, 3, 2, 1, 3, 1, 2, 2, 1, 2, 3, 0, 0, 0, 0, 0, 0, 3, 3, 1, 3, 1, 3, 2, 1, 1, 0, 1, 1, 1, 3, 3, 3, 0, 1, 0, 1, 3, 3, 0, 0, 0, 1, 2, 2, 3, 3, 1, 1, 1, 0, 2, 1, 0, 3, 2, 3, 2, 0, 3, 3, 2, 0, 3, 0, 1, 0, 0, 2, 0, 3, 1, 1, 0, 1, 3, 0, 0, 3, 3, 0, 0, 0, 1, 0, 0, 0, 2, 3, 0, 2, 1, 2], "predicted_labels": [3, 3, 3, 2, 1, 1, 3, 1, 0, 0, 0, 0, 3, 1, 1, 1, 1, 1, 0, 1, 1, 1, 1, 1, 2, 1, 1, 1, 3, 3, 3, 3, 1, 0, 1, 3, 1, 1, 3, 3, 3, 0, 0, 0, 1, 3, 3, 1, 3, 1, 3, 1, 3, 0, 3, 3, 2, 0, 3, 3, 0, 3, 3, 3, 3, 3, 3, 3, 3, 3, 0, 1, 3, 1, 0, 1, 0, 2, 0, 3, 1, 0, 1, 1, 3, 1, 1, 3, 1, 3, 3, 3, 1, 2, 3, 3, 0, 1, 1, 1, 3, 1, 1, 3, 1, 1, 1, 3, 1, 0, 1, 3, 3, 3, 0, 0, 3, 0, 3, 3, 1, 1, 3, 1, 3, 0, 1, 1, 0, 3, 0, 3, 0, 3, 1, 1, 1, 3, 3, 3, 1, 1], "confidence_scores": [[0.2187935198487739, 0.27271202256999827, 0.19582649892934426, 0.31266795865188385], [0.2518329183535429, 0.265870153655884, 0.19297911739117046, 0.28931781059940276], [0.1927811018434663, 0.2880599702380386, 0.2145811943719085, 0.3045777335465867], [0.1993491561821045, 0.28176808746908516, 0.2978372663452302, 0.22104549000357998], [0.2574774188908286, 0.2990987400249498, 0.1499933933447211, 0.2934304477395004], [0.23886900226285984, 0.2857950459868087, 0.20690642479736823, 0.2684295269529634], [0.29938027553272634, 0.24730883361204378, 0.0985757836175518, 0.35473510723767787], [0.20444955794159503, 0.3358597945346599, 0.24415753505844554, 0.21553311246529974], [0.31751644192185263, 0.241785147916876, 0.171441114644963, 0.2692572955163084], [0.3331738347764308, 0.25010301518261197, 0.09416624544244939, 0.3225569045985077], [0.33962104273089844, 0.25478790503107657, 0.15442981993451207, 0.2511612323035129], [0.3236932884639932, 0.24778675002353803, 0.13482746268051485, 0.2936924988319537], [0.20464858585114168, 0.2844733622228575, 0.22880899105246866, 0.28206906087353234], [0.2246978008294958, 0.3092398637723932, 0.24714034104009538, 0.21892199435801576], [0.14191818143645166, 0.3533130079709169, 0.19609543944467145, 0.30867337114796], [0.25351381898957265, 0.29014151131142474, 0.17338169991487307, 0.28296296978412977], [0.156616584880038, 0.32248594281252685, 0.2811414985731368, 0.23975597373429836], [0.15599668074571293, 0.3415197823057638, 0.22457947607997372, 0.2779040608685494], [0.27264017124479517, 0.2771411314616576, 0.14984763830752784, 0.30037105898601923], [0.12956222185847704, 0.33695367388388536, 0.29646671705364097, 0.23701738720399668], [0.14464011380472275, 0.32680140592356083, 0.2493982052381064, 0.2791602750336102], [0.27555862215170424, 0.29055529301488087, 0.18146439118857638, 0.25242169364483835], [0.20067886653768688, 0.3194979467741431, 0.1674912538057332, 0.31233193288243666], [0.2484469938994562, 0.30072478850833856, 0.13478885208345603, 0.31603936550874917], [0.1764724436424706, 0.2986873844248291, 0.3270398832857931, 0.19780028864690727], [0.23769270588143604, 0.2875629291926816, 0.18791542619756543, 0.28682893872831655], [0.1560029615056689, 0.3147129223109632, 0.23601521974444692, 0.29326889643892085], [0.1360403094463272, 0.33919700998609875, 0.3077760342438791, 0.21698664632369466], [0.2093208965087237, 0.2792663994667724, 0.15675195626217356, 0.35466074776233], [0.22711721389365935, 0.29066600147988686, 0.16609057495849422, 0.3161262096679595], [0.22715094569008903, 0.27155707048753464, 0.18411971572850444, 0.317172268093872], [0.24016644751476937, 0.27232282667147645, 0.1650795958359336, 0.3224311299778206], [0.1479840291877463, 0.333108075590706, 0.27166953962178797, 0.24723835559975993], [0.3087666257821156, 0.2803137793775703, 0.07835040112413408, 0.3325691937161801], [0.17413753481799096, 0.33907798389459637, 0.29068609608054863, 0.19609838520686398], [0.2608911931267742, 0.24930404796292535, 0.2155727611310433, 0.27423199777925733], [0.17950953922892532, 0.3257231464101004, 0.17579033519164922, 0.318976979169325], [0.23404804738588164, 0.30212274088939306, 0.15075137970772914, 0.3130778320169964], [0.19913551808935975, 0.2899788764031663, 0.18863997475877536, 0.32224563074869866], [0.20698697135796, 0.2779301742111907, 0.17694829870126885, 0.33813455572958007], [0.21523783384122733, 0.29007801022368623, 0.16354923709453764, 0.3311349188405489], [0.2884036913973045, 0.2737458900298826, 0.1377855195107879, 0.30006489906202505], [0.3981042770109127, 0.22669097506703803, 0.11451627498567177, 0.26068847293637754], [0.27051205574304044, 0.26316974536562926, 0.21582199173908093, 0.25049620715224946], [0.2495949599285005, 0.29207589360751013, 0.2118608551767836, 0.24646829128720577], [0.26292505259346205, 0.2650322104888486, 0.17793467606710736, 0.294108060850582], [0.24279629111008694, 0.280556980420948, 0.18714797636159478, 0.2894987521073702], [0.21941056242360935, 0.30851713057177566, 0.17958751524415745, 0.2924847917604577], [0.29323103369731374, 0.27222031270321734, 0.08640491709185247, 0.34814373650761654], [0.23582862302168295, 0.3031413931664931, 0.15830095578799414, 0.3027290280238295], [0.26778337749247444, 0.2876542890831726, 0.08431965571807276, 0.36024267770628027], [0.19036989249912414, 0.32775821150745554, 0.2123915228265386, 0.2694803731668818], [0.276067126643711, 0.2598908910796373, 0.14985363235099705, 0.31418834992565475], [0.32876339561789314, 0.2559176767417435, 0.11537223988585373, 0.29994668775450967], [0.3310415543032155, 0.2443269298767222, 0.0486901000108147, 0.3759414158092475], [0.18806064188077984, 0.2928822014738037, 0.2051872878609708, 0.31386986878444567], [0.16254092015419502, 0.31810407331372714, 0.29787134106627206, 0.22148366546580628], [0.3488182167575318, 0.27262356328743637, 0.06226227984022714, 0.3162959401148046], [0.29206092363778235, 0.2315923755070598, 0.13553999379981121, 0.3408067070553465], [0.2582329063247459, 0.26880775001576035, 0.1265251181446201, 0.34643422551487385], [0.26903771166449386, 0.27841941949672566, 0.15081596462177585, 0.3017269042170045], [0.23210745845770006, 0.28200249044024134, 0.1655123580336814, 0.3203776930683773], [0.25274172258244165, 0.2647551955577273, 0.21278886359829666, 0.2697142182615343], [0.26795134416128696, 0.2672012934001522, 0.14777433066510662, 0.3170730317734546], [0.24062210813597576, 0.29767081811266893, 0.10024164111593212, 0.3614654326354234], [0.27600170741373325, 0.27400788667675585, 0.12561778257466633, 0.3243726233348445], [0.25837565867335, 0.28771408632378237, 0.10661781059807533, 0.34729244440479234], [0.22640803222865474, 0.27527212178412586, 0.19409255142581225, 0.3042272945614074], [0.22301732442897196, 0.28936541570186086, 0.13317478959213, 0.3544424702770371], [0.2915380911859161, 0.2632738733303373, 0.09068327584049157, 0.35450475964325506], [0.36727270929039935, 0.2179282085953176, 0.12539560582863254, 0.28940347628565033], [0.24733251893446984, 0.2795500500642205, 0.18682841969732444, 0.2862890113039851], [0.2946447081315806, 0.25479521891851536, 0.10080907548684231, 0.3497509974630618], [0.25225938364765055, 0.2869950855094925, 0.2255782839389051, 0.23516724690395166], [0.2919756544294878, 0.2740176364518297, 0.11143719677532093, 0.32256951234336145], [0.18652212096394788, 0.34982231625564164, 0.15910295406275618, 0.3045526087176544], [0.27078942100071024, 0.28185578029204494, 0.19257482446968052, 0.25477997423756416], [0.21725332533114963, 0.30902226647270276, 0.29010651855241987, 0.18361788964372766], [0.3041994083369125, 0.26518833743216513, 0.10519189475687447, 0.3254203594740478], [0.2814647932083793, 0.2704844991497262, 0.14051215536319775, 0.3075385522786966], [0.1972339796518774, 0.3086795937550381, 0.18522511986608606, 0.3088613067269982], [0.2958824131207768, 0.2813976690519517, 0.09545098331129054, 0.32726893451598105], [0.2215749195248382, 0.3059069416134342, 0.21263240889235635, 0.2598857299693712], [0.19111102644158115, 0.3625283486033219, 0.13272535927357385, 0.3136352656815229], [0.28353706619375296, 0.2475311852079703, 0.10317304083477973, 0.36575870776349734], [0.23328167263683136, 0.3119336634011475, 0.13962726187612717, 0.31515740208589405], [0.22222631007677265, 0.30787613049701357, 0.1520187073608441, 0.3178788520653698], [0.16781283192577337, 0.30095373689308225, 0.223971289017279, 0.30726214216386555], [0.26719785530494816, 0.2845533014377082, 0.13552869293469205, 0.3127201503226516], [0.24264659365378638, 0.29866289959189807, 0.12145819690504076, 0.33723230984927455], [0.2461930873869031, 0.29469264881618806, 0.1451440188722924, 0.3139702449246162], [0.26117215532651283, 0.28467078548535574, 0.13709990997775548, 0.317057149210376], [0.191751428232464, 0.32704284032464, 0.19980239477292638, 0.2814033366699696], [0.2610431302230936, 0.24394635224018663, 0.25754086672110527, 0.2374696508156144], [0.2189778130276487, 0.29091299533158194, 0.16785477053258593, 0.32225442110818353], [0.2737203407173642, 0.26607442953017624, 0.1537159677005953, 0.30648926205186466], [0.27294055042134735, 0.27861372810355034, 0.141907890310527, 0.30653783116457534], [0.21322894005940693, 0.3117682778045446, 0.17018137646845108, 0.3048214056675971], [0.26031417344698804, 0.29571510011372126, 0.13145118279347867, 0.31251954364581214], [0.18379950491690306, 0.3206459031607344, 0.26396334189922677, 0.23159125002313577], [0.26059721083634124, 0.26486476285705157, 0.15768822238686048, 0.31684980391974704], [0.2387718782404825, 0.3205534158230506, 0.19141984999416617, 0.2492548559423005], [0.24515659765893363, 0.30822794865291264, 0.2039745609296933, 0.24264089275846018], [0.24256630496881215, 0.2953088703436594, 0.1434177016078956, 0.31870712307963267], [0.24518031581165908, 0.30132517942135095, 0.16134308036753528, 0.2921514243994546], [0.2751515100315488, 0.2926865405424849, 0.10417733906755373, 0.32798461035841237], [0.21833938943084946, 0.3162219072808406, 0.13003542900823126, 0.33540327428007877], [0.2962164472121234, 0.28545512038466025, 0.06619042185857285, 0.3521380105446434], [0.26452249613483364, 0.29673421380714615, 0.101066736991342, 0.33767655306667804], [0.36661753291980276, 0.21640200090185727, 0.12723619813524506, 0.289744268043095], [0.16529117449218236, 0.32011155763005006, 0.2649661802346648, 0.24963108764310296], [0.2332361667654049, 0.30510802275682053, 0.09845890887934323, 0.36319690159843154], [0.31662463035084615, 0.25615439217964653, 0.062036311703680555, 0.3651846657658269], [0.25572522606217424, 0.28822636093624154, 0.13328050440849815, 0.32276790859308613], [0.3403921947916241, 0.24061373766432606, 0.08572891439876751, 0.33326515314528243], [0.2940831702945216, 0.26404180043047704, 0.13487364034831048, 0.3070013889266908], [0.28013772436421425, 0.26259280361701276, 0.13021546732962624, 0.3270540046891468], [0.3131316876340169, 0.25893398248740335, 0.10789845471030318, 0.3200358751682768], [0.32777508244254944, 0.24508302614775881, 0.07999648440195962, 0.3471454070077322], [0.32160641525588046, 0.26022714635151717, 0.0755065474074394, 0.3426598909851629], [0.22212926820805193, 0.29674812445513427, 0.20155101669468775, 0.2795715906421261], [0.15028750922385575, 0.3222978515960155, 0.22658944650222942, 0.30082519267789926], [0.2142989274385524, 0.3107808010593622, 0.14044293933523413, 0.3344773321668512], [0.20347696055395856, 0.312015372745523, 0.18674246598084313, 0.29776520071967544], [0.2471248885236901, 0.29439447657198714, 0.11248692462472831, 0.3459937102795943], [0.3810003520270296, 0.2159683285990112, 0.0742768380845685, 0.32875448128939083], [0.16639158171895616, 0.32820963991903523, 0.23913282415406548, 0.2662659542079432], [0.22814870015555053, 0.3277968434177328, 0.10358911210405398, 0.34046534432266257], [0.311262983672285, 0.2603721796003947, 0.1110333909266013, 0.3173314458007189], [0.2957934789462093, 0.2652584016196671, 0.10165156094472302, 0.33729655848940077], [0.3165598942255389, 0.2650400364037474, 0.12802924159829748, 0.29037082777241624], [0.2596336756181186, 0.3009596559806356, 0.09887031055179839, 0.3405363578494473], [0.31183884524497885, 0.27135816668519647, 0.08113782739090324, 0.3356651606789214], [0.27242200660905463, 0.2720892299144402, 0.16100874544644994, 0.29448001803005547], [0.2018860046006463, 0.33342120376327233, 0.13454230115687404, 0.33015049047920747], [0.2623983297522791, 0.3027111834091313, 0.14227616101319968, 0.29261432582539], [0.2587296809671187, 0.301302631446344, 0.10902356947264022, 0.3309441181138975], [0.25534499815545797, 0.26152152118104954, 0.13720665923167086, 0.3459268214318212], [0.2660572131098415, 0.27298052143969304, 0.08814834103177183, 0.37281392441869377], [0.24271676514931742, 0.29337041501767064, 0.1307917068806074, 0.3331211129524045], [0.1789610481500317, 0.31667389103161436, 0.2762211719399933, 0.22814388887836115], [0.2430528572485741, 0.30082844574269113, 0.14022975614399116, 0.31588894086474356]]}}