{"test": {"ids": ["99108520", "109119591", "100113370", "110116300", "100112060", "109120540", "98119591", "111116290", "112117571", "106116120", "105116090", "99108310", "113122510", "101110740", "105115900", "99109840", "113118421", "102109010", "109115070", "107114200", "113122320", "107115140", "109116810", "97116410", "97106770", "103120531", "97109570", "101108290", "110120560", "111119300", "111120531", "113121750", "111119150", "98107380", "108113740", "99119830", "106113190", "103111540", "109115211", "112117580", "107116340", "111119250", "102108621", "113118690", "110115580", "112121030", "113122650", "113119360", "97107040", "104118340", "97106820", "98107410", "99108710", "101112690", "98112580", "98106560", "107120880", "99111620", "110115980", "103113260", "110121450", "106111321", "111121190", "110120190", "98107210", "103111830", "106121220", "108118060", "105121370", "106114150", "99107560", "97111790", "98108370", "102110500", "97113900", "99108080", "98120530", "110118880", "109114720", "109121351", "111120280", "109113281", "110118161", "110118121", "113121950", "113119300", "110114321", "97107681", "107116501", "104112470", "113121810", "99108580", "104111531", "113121680", "109116750", "111120640", "105117431", "99112300", "110116501", "107120130", "104114740", "108114180", "110117870", "100110050", "109117431", "103109641", "113120591", "108115570", "112116540", "103110220", "99109161", "107118520", "98106880", "108116501", "102121700", "97116790", "104116800", "98116500", "112120630", "108117720", "103109021", "108118520", "112118890", "99111930", "112116290", "113122430", "106119990", "102110750", "110120540", "104116441", "108118810", "98113881", "111114321", "107119950", "101108370", "105115250", "112119950", "113122190", "111114171", "109121640", "112118581", "111120260"], "labels": [2, 0, 3, 3, 2, 1, 1, 2, 3, 1, 1, 2, 2, 3, 3, 2, 3, 1, 0, 2, 1, 0, 3, 3, 3, 3, 0, 0, 0, 1, 0, 0, 3, 1, 3, 1, 0, 1, 0, 0, 3, 1, 3, 3, 1, 0, 2, 0, 2, 2, 1, 3, 2, 1, 2, 1, 1, 3, 1, 3, 3, 0, 1, 3, 1, 3, 1, 1, 2, 1, 1, 2, 1, 3, 2, 3, 1, 0, 0, 0, 0, 0, 0, 3, 3, 1, 1, 3, 1, 1, 2, 0, 0, 1, 0, 0, 1, 0, 3, 2, 2, 1, 3, 3, 1, 1, 0, 3, 1, 2, 3, 2, 0, 0, 1, 2, 1, 2, 3, 1, 0, 0, 3, 1, 0, 2, 0, 1, 1, 1, 1, 3, 1, 3, 1, 2, 0, 1, 3, 0, 1, 3], "predicted_labels": [1, 3, 2, 1, 3, 0, 3, 2, 3, 1, 1, 2, 1, 2, 1, 2, 0, 2, 3, 2, 1, 3, 1, 2, 2, 0, 0, 0, 3, 1, 1, 1, 3, 0, 2, 0, 0, 3, 3, 3, 3, 0, 3, 1, 1, 3, 0, 2, 2, 3, 3, 3, 1, 0, 1, 2, 3, 0, 0, 0, 3, 3, 1, 1, 3, 0, 3, 0, 0, 1, 3, 3, 3, 2, 1, 1, 3, 1, 1, 3, 0, 1, 1, 1, 0, 3, 3, 1, 3, 1, 2, 0, 2, 1, 3, 1, 3, 1, 0, 0, 3, 3, 0, 1, 1, 3, 2, 3, 0, 3, 1, 0, 3, 0, 3, 0, 1, 0, 3, 0, 0, 1, 3, 3, 0, 3, 3, 1, 1, 0, 3, 1, 1, 1, 3, 1, 3, 3, 3, 1, 1, 1], "confidence_scores": [[0.2649012179861677, 0.37555496823277673, 0.2855491002980427, 0.07399471348301297], [0.24937674119344816, 0.20003427632488838, 0.14892712050755977, 0.40166186197410364], [0.1261779079774033, 0.18762632639844554, 0.40394868943369955, 0.2822470761904516], [0.18757279611119212, 0.4874507218842231, 0.1279729520576102, 0.19700352994697476], [0.19118498274809984, 0.24217388366493042, 0.18720441486990605, 0.3794367187170638], [0.3584852357916748, 0.2127555237312748, 0.1851206576078675, 0.2436385828691832], [0.199494144305963, 0.13322754081626095, 0.2538399230721702, 0.41343839180560576], [0.3045023811437938, 0.10299109206227824, 0.5084889163469648, 0.08401761044696324], [0.26689711740994, 0.21415006075589885, 0.11908846628258969, 0.39986435555157146], [0.2268590787417633, 0.33707068888135655, 0.2572012004258039, 0.17886903195107612], [0.16963326434282913, 0.34482837375203446, 0.16116856534615925, 0.3243697965589772], [0.14948621448586596, 0.1692864782846448, 0.5056287284024557, 0.17559857882703347], [0.25133874367125164, 0.38383112055456287, 0.1475025587365333, 0.2173275770376521], [0.2571477387864554, 0.2778219914966461, 0.2793477205593762, 0.18568254915752241], [0.12207272658015193, 0.38418384290644975, 0.11155404445226783, 0.38218938606113056], [0.21817973218479544, 0.15779703910133028, 0.47426703182497865, 0.14975619688889566], [0.5371322225807222, 0.16293269914226563, 0.15146266987488125, 0.14847240840213086], [0.22620401704539986, 0.21784487512960612, 0.2980507165599199, 0.25790039126507425], [0.2241655703580863, 0.24476337440839238, 0.17667943704083686, 0.3543916181926845], [0.2283503355703724, 0.2034506736388684, 0.3768556989032886, 0.1913432918874707], [0.11281475223899239, 0.5219385686846915, 0.20376702718370537, 0.1614796518926108], [0.1268092348151997, 0.10838762073722659, 0.0833381170167757, 0.6814650274307981], [0.284497588202624, 0.41871043729014285, 0.10902747478835705, 0.18776449971887607], [0.2598286372947014, 0.18046272076617312, 0.31177418908061794, 0.24793445285850765], [0.17048505078789827, 0.16677880243542278, 0.5214760242843969, 0.14126012249228206], [0.45694993357948177, 0.19178337884269886, 0.08661913007904572, 0.2646475574987738], [0.4999612140966087, 0.16157853033298736, 0.16212440555633154, 0.17633585001407256], [0.27851456279340964, 0.2636439744871668, 0.2257887084143705, 0.23205275430505307], [0.10438481076128558, 0.21193286546558235, 0.18414044320914905, 0.499541880563983], [0.24495431123007813, 0.3929987318631115, 0.14488497316978793, 0.21716198373702233], [0.2858407107430214, 0.3502078883687477, 0.11256285513130196, 0.2513885457569288], [0.28955459047806664, 0.37313482700231726, 0.13638658697101066, 0.20092399554860557], [0.1289753123385081, 0.1306864718062671, 0.31579207237595186, 0.4245461434792729], [0.4382055855470527, 0.21111357961491517, 0.21058813488445102, 0.14009269995358123], [0.16137559415196615, 0.2145251493647475, 0.38114604057901796, 0.2429532159042685], [0.37012297137907835, 0.22322041968032286, 0.06848321699083354, 0.3381733919497653], [0.3901733025020999, 0.12515903541477078, 0.21372091344106034, 0.2709467486420689], [0.2655548334266956, 0.24166587757984884, 0.14912832363758344, 0.3436509653558721], [0.14442064674776087, 0.24226826183639358, 0.19242716296405732, 0.42088392845178824], [0.19268928794908177, 0.32681093248439175, 0.09433610191858019, 0.38616367764794635], [0.22805938686063718, 0.18058995721939233, 0.16248951005943818, 0.42886114586053226], [0.3503932072796293, 0.21221736715324557, 0.20871735517937307, 0.2286720703877522], [0.3329541647906547, 0.24541704974734527, 0.08486336760440508, 0.33676541785759484], [0.14741745659181377, 0.3127612740343307, 0.27541928583283665, 0.2644019835410188], [0.20331312371920546, 0.3224831008706412, 0.19868458238996906, 0.2755191930201842], [0.1854301984603088, 0.2678319265967543, 0.07534342873773715, 0.4713944462051998], [0.3982606400523243, 0.263860160987444, 0.20180982159871827, 0.13606937736151356], [0.14693753928143352, 0.297309467005089, 0.3702166756342629, 0.1855363180792146], [0.16651596073936573, 0.18189893146082134, 0.4800076427416215, 0.17157746505819152], [0.2544974948972832, 0.22519713046061968, 0.14376227059102853, 0.37654310405106867], [0.12485097494776026, 0.14326120118856378, 0.044706063260841644, 0.6871817606028343], [0.27305127762651804, 0.13435398606761867, 0.08403009546348018, 0.5085646408423832], [0.0671209912112686, 0.4821078307571918, 0.2089197611694447, 0.24185141686209508], [0.2806156739815631, 0.2548961132549187, 0.2690017046074978, 0.19548650815602034], [0.08428805834837118, 0.6603240485647324, 0.0766503107253831, 0.17873758236151335], [0.027115066487426127, 0.06801946480952811, 0.7208697399259494, 0.18399572877709663], [0.0382328860833515, 0.1964826089108667, 0.03989950095792879, 0.7253850040478531], [0.3264874276410368, 0.32373040315527274, 0.17622266158808506, 0.1735595076156057], [0.5042355587808078, 0.059862415964724254, 0.37038306321108444, 0.06551896204338345], [0.31828313269350794, 0.19801770423613266, 0.20879444877146294, 0.2749047142988964], [0.26030556094844565, 0.22923521164899863, 0.13065300591737772, 0.3798062214851782], [0.2912153209139132, 0.2194034890126536, 0.10241220035793598, 0.38696898971549715], [0.36158146198904884, 0.4034349442854758, 0.08949090557193633, 0.14549268815353922], [0.28281946346017184, 0.3363783325065472, 0.07494240893519848, 0.3058597950980826], [0.17283429505137685, 0.27208398770560244, 0.19611942468341725, 0.35896229255960355], [0.3538742674146401, 0.28957962210708543, 0.15017457007173798, 0.20637154040653663], [0.12471652919733031, 0.2857414148387022, 0.202001332358563, 0.3875407236054045], [0.3826986583526297, 0.24846309807407116, 0.14035046951500962, 0.22848777405828968], [0.48631289259534, 0.22097188519165373, 0.09520827416115729, 0.19750694805184918], [0.14945087329653203, 0.36776713815264894, 0.16357544856101408, 0.31920653998980497], [0.11428133399955019, 0.13026006269993515, 0.03187309620606932, 0.7235855070944455], [0.23828305620648646, 0.1646745527516217, 0.0846021503681022, 0.5124402406737897], [0.1764136512120418, 0.17575525933646247, 0.09497753763546665, 0.5528535518160291], [0.18256664272379314, 0.06999307294839341, 0.486784656251401, 0.2606556280764127], [0.2078043984343527, 0.3738705758943718, 0.16682414704456416, 0.2515008786267114], [0.2138672701823446, 0.3506926716318527, 0.13588707991399837, 0.29955297827180427], [0.2292101525966078, 0.21570458207231363, 0.1570733973780402, 0.3980118679530384], [0.2894624528532757, 0.3873713538391147, 0.0984515011486364, 0.22471469215897313], [0.050748602641641806, 0.5795312463648322, 0.19986029470155064, 0.1698598562919753], [0.21986469942234865, 0.25011049396379786, 0.170991250336087, 0.3590335562777667], [0.3055631431502377, 0.2882681371678778, 0.16542417758513903, 0.24074454209674553], [0.16579057796377983, 0.3765463432516011, 0.14215271292222767, 0.3155103658623915], [0.20279032513575065, 0.38571603253692927, 0.06421989783008782, 0.34727374449723236], [0.2674256065407194, 0.38378777113831763, 0.13638632333938064, 0.2124002989815824], [0.387660588528135, 0.23333264405529805, 0.15490732747459238, 0.2240994399419747], [0.26849655782797205, 0.2795800103680174, 0.08813034526668667, 0.363793086537324], [0.1450909011455978, 0.21111916830079086, 0.1805354332704246, 0.4632544972831868], [0.29348782962120196, 0.3009411858336138, 0.17131649197354862, 0.23425449257163566], [0.2208449742384749, 0.22625872586006976, 0.2717515874020302, 0.28114471249942513], [0.19307309463975886, 0.4365103639408293, 0.11788542184567755, 0.25253111957373436], [0.1013355569037781, 0.17691905775851918, 0.418368211491435, 0.3033771738462678], [0.37640925828261007, 0.2593585932633555, 0.18910376783560426, 0.17512838061843028], [0.2040983278099806, 0.28693561830366454, 0.3085052985715197, 0.20046075531483518], [0.3117231981113553, 0.42674927048386935, 0.09476811833048922, 0.1667594130742862], [0.18843948588803602, 0.24686256511754237, 0.1793779699116065, 0.38531997908281523], [0.1981853036326083, 0.44219526791140323, 0.14041819181173626, 0.219201236644252], [0.20890288633051257, 0.1775432678085664, 0.13152351707371857, 0.4820303287872026], [0.19776973924858382, 0.45787950754533, 0.14035712956295401, 0.2039936236431322], [0.4307980964548837, 0.19829210952371704, 0.0921751866361497, 0.27873460738524974], [0.2804082807541238, 0.21907423570155682, 0.25117075969127656, 0.24934672385304307], [0.23102647912957475, 0.287962171782495, 0.1493864281870178, 0.3316249209009125], [0.12977126889120832, 0.3116687996510895, 0.13182000516161724, 0.42673992629608487], [0.3824826376966891, 0.17646844452729502, 0.29720463369887506, 0.1438442840771408], [0.18143836052721987, 0.3128006733017074, 0.2645874186142569, 0.24117354755681591], [0.1698469279182014, 0.3281031582440342, 0.22549368944546327, 0.2765562243923014], [0.13401158524459858, 0.2480475139133641, 0.053058073495365586, 0.5648828273466718], [0.2109737230868174, 0.2528494659506267, 0.31456794898992296, 0.221608861972633], [0.21545946745002637, 0.2755851407491889, 0.22811255045004264, 0.2808428413507421], [0.2989936640339382, 0.2661815379079612, 0.13965216791103174, 0.29517263014706907], [0.3046080904527249, 0.16601822037464298, 0.19364592793116592, 0.3357277612414661], [0.24134104847871793, 0.462216642210299, 0.1242864265931728, 0.17215588271781027], [0.45014220972253177, 0.17475368119372592, 0.15835371168368675, 0.21675039740005556], [0.13234122895131048, 0.17836267783790918, 0.10570627263631102, 0.5835898205744694], [0.352678328620018, 0.2919718559719501, 0.1093132863309021, 0.24603652907712986], [0.2517079827237085, 0.23433502503488207, 0.25138295745731576, 0.26257403478409364], [0.38796200192966174, 0.23811319768557293, 0.23100890761346823, 0.1429158927712972], [0.18620644280757223, 0.6085410617901961, 0.10217742391583566, 0.10307507148639598], [0.3908568510307642, 0.21567979654819497, 0.15823670310463972, 0.2352266493164011], [0.10149558479975132, 0.134866768397213, 0.05069566997478407, 0.7129419768282518], [0.41380051699088316, 0.22279380863704912, 0.14450714742104662, 0.21889852695102108], [0.47686206041118456, 0.23520556777524196, 0.1253016868361672, 0.1626306849774062], [0.2693666399181541, 0.4212955618158841, 0.09435322599628107, 0.2149845722696807], [0.19311635747844405, 0.2796736682760205, 0.11409246098448367, 0.41311751326105184], [0.23884686947936085, 0.23118536799212902, 0.1108488164553236, 0.41911894607318645], [0.41973580320966974, 0.17284317324006823, 0.2125196237177797, 0.19490139983248236], [0.20437316721043297, 0.2160691609718135, 0.10467210799840458, 0.4748855638193489], [0.13242275936311645, 0.13465965063389318, 0.27865930544019624, 0.4542582845627941], [0.09598463061343704, 0.4269611049419529, 0.12995741008714687, 0.3470968543574631], [0.22970544425611905, 0.2830433111891358, 0.23542772302636802, 0.2518235215283772], [0.34353042347690815, 0.28613411461641386, 0.11136054430521572, 0.2589749176014622], [0.25197445418250924, 0.22576943303841313, 0.12539260913943728, 0.39686350363964024], [0.13938989311678787, 0.37157303225954263, 0.25429876516625916, 0.23473830945741048], [0.28121965524627324, 0.4361871676427906, 0.08931719146595128, 0.1932759856449848], [0.3099434231323407, 0.3167839997187669, 0.17291409334440935, 0.20035848380448315], [0.27510219669190006, 0.1832543813939148, 0.09953858885011754, 0.44210483306406767], [0.16500267837613025, 0.5096008219602866, 0.11576920023215252, 0.2096272994314308], [0.23246048197048785, 0.09311638696564693, 0.06697661218852015, 0.6074465188753451], [0.22335472388832128, 0.21129633371394094, 0.28209562103181696, 0.283253321365921], [0.21519260105051033, 0.18244586063053378, 0.23593479266862555, 0.36642674565033045], [0.19633612498998976, 0.630044141330595, 0.06820991710749168, 0.1054098165719235], [0.10643298617905088, 0.5840009320555953, 0.07952953808626713, 0.2300365436790866], [0.15682597909768445, 0.3672166347804036, 0.29093132177986614, 0.185026064342046]]}, "rewritten": {"ids": ["97106770", "97106820", "97107040", "97107681", "97109570", "97111790", "97113900", "97116410", "97116790", "98106560", "98106880", "98107210", "98107380", "98107410", "98108370", "98112580", "98113881", "98116500", "98119591", "98120530", "99107560", "99108080", "99108310", "99108520", "99108580", "99108710", "99109161", "99109840", "99111620", "99111930", "99112300", "99119830", "100110050", "100112060", "100113370", "101108290", "101108370", "101110740", "101112690", "102108621", "102109010", "102110500", "102110750", "102121700", "103109021", "103109641", "103110220", "103111540", "103111830", "103113260", "103120531", "104111531", "104112470", "104114740", "104116441", "104116800", "104118340", "105115250", "105115900", "105116090", "105117431", "105121370", "106111321", "106113190", "106114150", "106116120", "106119990", "106121220", "107114200", "107115140", "107116340", "107116501", "107118520", "107119950", "107120130", "107120880", "108113740", "108114180", "108115570", "108116501", "108117720", "108118060", "108118520", "108118810", "109113281", "109114720", "109115070", "109115211", "109116750", "109116810", "109117431", "109119591", "109120540", "109121351", "109121640", "110114321", "110115580", "110115980", "110116300", "110116501", "110117870", "110118121", "110118161", "110118880", "110120190", "110120540", "110120560", "110121450", "111114171", "111114321", "111116290", "111119150", "111119250", "111119300", "111120260", "111120280", "111120531", "111120640", "111121190", "112116290", "112116540", "112117571", "112117580", "112118581", "112118890", "112119950", "112120630", "112121030", "113118421", "113118690", "113119300", "113119360", "113120591", "113121680", "113121750", "113121810", "113121950", "113122190", "113122320", "113122430", "113122510", "113122650"], "labels": [3, 1, 2, 3, 0, 2, 2, 3, 2, 1, 0, 1, 1, 3, 1, 2, 3, 2, 1, 1, 1, 3, 2, 2, 0, 2, 3, 2, 3, 1, 0, 1, 3, 2, 3, 0, 1, 3, 1, 3, 1, 3, 1, 1, 0, 1, 2, 1, 3, 3, 3, 0, 1, 2, 1, 1, 2, 2, 3, 1, 1, 2, 0, 0, 1, 1, 0, 1, 2, 0, 3, 1, 2, 3, 2, 1, 3, 1, 3, 0, 1, 1, 0, 1, 0, 0, 0, 0, 0, 3, 1, 0, 1, 0, 0, 1, 1, 1, 3, 3, 3, 3, 0, 0, 3, 1, 0, 3, 3, 1, 2, 3, 1, 1, 3, 0, 0, 0, 1, 0, 1, 3, 0, 1, 3, 0, 3, 0, 3, 3, 1, 0, 0, 1, 0, 2, 3, 1, 1, 2, 2, 2], "predicted_labels": [0, 3, 1, 1, 0, 3, 0, 2, 0, 2, 1, 3, 3, 0, 0, 2, 1, 0, 0, 0, 0, 1, 1, 2, 0, 1, 1, 1, 0, 3, 1, 1, 1, 2, 1, 1, 3, 0, 0, 0, 0, 0, 1, 2, 0, 3, 3, 0, 3, 0, 0, 1, 1, 2, 1, 1, 3, 1, 1, 3, 0, 0, 1, 0, 2, 2, 3, 3, 1, 1, 1, 3, 0, 0, 3, 1, 3, 3, 1, 1, 0, 0, 0, 3, 3, 1, 0, 2, 3, 1, 0, 2, 2, 0, 3, 1, 2, 1, 1, 3, 3, 1, 3, 0, 1, 1, 1, 3, 3, 3, 0, 2, 1, 0, 0, 0, 0, 3, 0, 0, 1, 1, 1, 3, 3, 3, 3, 1, 2, 1, 3, 0, 2, 1, 1, 2, 0, 1, 1, 3, 1, 3], "confidence_scores": [[0.3209458049470695, 0.26515913709085975, 0.19897091125733657, 0.21492414670473425], [0.13497183619684733, 0.167957556732424, 0.04432815043252219, 0.6527424566382065], [0.24730149647148608, 0.2856463380757964, 0.2280894172775136, 0.23896274817520385], [0.1810386351070802, 0.301464988487273, 0.23950879169672964, 0.27798758470891727], [0.3565363089287223, 0.11419212254494714, 0.2725830949440632, 0.2566884735822675], [0.23478418728891087, 0.1673543493715026, 0.08335988061130298, 0.5145015827282835], [0.3014399205207317, 0.2694939895900258, 0.20188102484548692, 0.2271850650437554], [0.1989551741121567, 0.13541963298084722, 0.5112660469697345, 0.15435914593726163], [0.43356770996501753, 0.2525427871816159, 0.11298567405301196, 0.20090382880035462], [0.12608040981888682, 0.1858354867056282, 0.47480214220540884, 0.21328196127007631], [0.19031420703546, 0.47030764468373965, 0.08931764952775481, 0.2500604987530456], [0.2176067638038771, 0.25963956226213114, 0.2262747961641549, 0.2964788777698369], [0.2143866686861967, 0.14492040684508392, 0.15619099561645927, 0.4845019288522603], [0.5201753543784944, 0.19705868929538264, 0.10257448365267162, 0.18019147267345148], [0.463375283800573, 0.1687946306586666, 0.06144097643418026, 0.30638910910658], [0.09892372401859593, 0.34943188293235106, 0.37669625133882473, 0.17494814171022824], [0.14981682113354491, 0.49785851190702385, 0.25081611944228566, 0.10150854751714548], [0.37711183723441916, 0.2266540934343665, 0.1648302066369947, 0.23140386269421978], [0.4781183388702937, 0.1503442442409539, 0.2695621438220558, 0.10197527306669675], [0.3313599512491492, 0.22360118961352118, 0.2745746572478035, 0.17046420188952632], [0.2943331209781671, 0.19358214388033973, 0.2834505498919915, 0.2286341852495016], [0.2758849968045836, 0.3484102073885665, 0.10611581096778484, 0.26958898483906496], [0.18420189275072937, 0.3007965707005132, 0.2246480107093506, 0.2903535258394069], [0.21193184472502968, 0.22447432285418278, 0.4383884884565532, 0.12520534396423438], [0.3526673160618907, 0.28722373691832237, 0.1963110729042838, 0.16379787411550317], [0.08044319197347323, 0.4746811373264746, 0.381329336905203, 0.0635463337948493], [0.3060589932245195, 0.3813538790018549, 0.12385148387830709, 0.18873564389531847], [0.295809352546832, 0.30245575969579375, 0.20414292962725608, 0.1975919581301181], [0.3452240519739549, 0.34230880598349267, 0.1289473143095815, 0.18351982773297099], [0.1750580886618111, 0.3247581392872532, 0.1286022552457206, 0.3715815168052151], [0.18248402571164662, 0.43569282722961483, 0.1558237059949296, 0.22599944106380904], [0.3055502545795922, 0.3835868468068357, 0.17186745732071865, 0.13899544129285352], [0.10453032438235241, 0.529510408865175, 0.21074546776015537, 0.1552137989923172], [0.1607718935479703, 0.15880862492778294, 0.4533850285867673, 0.22703445293747943], [0.16633168920949862, 0.4483623758493957, 0.1912050587989233, 0.1941008761421824], [0.20815014301759252, 0.3314437875752924, 0.2626938741890379, 0.19771219521807723], [0.22100244327328009, 0.3028303290042999, 0.08429897351873288, 0.3918682542036871], [0.46980003790459024, 0.24982031976949132, 0.14733474865410606, 0.13304489367181233], [0.3599239834847936, 0.337503634635649, 0.12190665735997204, 0.18066572451958554], [0.4601828612931497, 0.2387999542029901, 0.12115799508070478, 0.1798591894231554], [0.3393270574732596, 0.18856290905316603, 0.19539944957863245, 0.27671058389494196], [0.4326862231481177, 0.22971144230460747, 0.13967981750944355, 0.19792251703783137], [0.20874925749625609, 0.3415891302080083, 0.19220609879811798, 0.25745551349761764], [0.23147352667005616, 0.18892920948381367, 0.4463619401464065, 0.13323532369972368], [0.5333499299984387, 0.17616323655533941, 0.09511880134048409, 0.19536803210573772], [0.1424119586203256, 0.281569398612044, 0.11918979477707616, 0.45682884799055423], [0.19658331469860849, 0.23247633335485296, 0.11503693624347541, 0.4559034157030631], [0.6461102997544617, 0.1796250932580499, 0.05876953163048733, 0.11549507535700111], [0.13562487862448536, 0.17347511503035004, 0.15947837977655605, 0.5314216265686085], [0.3124848216406113, 0.19441032412325934, 0.204990743718513, 0.28811411051761615], [0.37986130661506223, 0.27318169130458436, 0.1250987593794714, 0.221858242700882], [0.18277385907372465, 0.5424840448915771, 0.09413145338637657, 0.18061064264832166], [0.23088428248630236, 0.49233180613089517, 0.1013414288178823, 0.1754424825649203], [0.15327501115481612, 0.14631757153106528, 0.5311210248372646, 0.16928639247685398], [0.2287769932421313, 0.3754794972526153, 0.2510020013313092, 0.14474150817394424], [0.13954184448329685, 0.6121228209004282, 0.07012310071606685, 0.17821223390020813], [0.08832797940796891, 0.18432247501455828, 0.24317747118702562, 0.4841720743904472], [0.18027161450564164, 0.4141345624831861, 0.1992917676497116, 0.20630205536146062], [0.1930608758812755, 0.6074737629066509, 0.13179590231011504, 0.06766945890195852], [0.2745282645049961, 0.24410750609033485, 0.18330887956359282, 0.29805534984107623], [0.3791390348579708, 0.27434534001194644, 0.16083416190159694, 0.18568146322848586], [0.3425652528816773, 0.23553068198383545, 0.17759666232869542, 0.24430740280579186], [0.2157721610225647, 0.3413131424525868, 0.10508884262451836, 0.3378258539003301], [0.4273991928247348, 0.16699428042816153, 0.15049710226972388, 0.25510942447737994], [0.27738624823050306, 0.2503130166030827, 0.2910330506155362, 0.1812676845508781], [0.28886649347646287, 0.1872655290326206, 0.32507839047567827, 0.19878958701523838], [0.2394157392876816, 0.3009037968814002, 0.15095024602913504, 0.3087302178017831], [0.1912503970655123, 0.2625827700627574, 0.15037477251787779, 0.39579206035385245], [0.11805717691138687, 0.40177999696266825, 0.25768763513866383, 0.22247519098728094], [0.26059758524781756, 0.2761787981210743, 0.19427365122852205, 0.26894996540258614], [0.11145112289533822, 0.3071296197115878, 0.2843749970951913, 0.2970442602978826], [0.2430288268805157, 0.21396372877417966, 0.24237517527854285, 0.3006322690667617], [0.5247492051083954, 0.16568492873624985, 0.11052866794064829, 0.19903719821470653], [0.5584388100925747, 0.19813712365482727, 0.1109446937787339, 0.1324793724738643], [0.29121621862070257, 0.20132643293405264, 0.12805560783549416, 0.37940174060975074], [0.07661079623246003, 0.4575581911923183, 0.09849189402435216, 0.3673391185508695], [0.2544885846054945, 0.1841155324342863, 0.27413078920147904, 0.28726509375874026], [0.21094400045775244, 0.27386322084795706, 0.16512831541278197, 0.3500644632815085], [0.20093261476947266, 0.4584929310291677, 0.16689498227214725, 0.1736794719292124], [0.26885280585863436, 0.42317479753128306, 0.04777283172214246, 0.26019956488794016], [0.3776510475316794, 0.2488171169380401, 0.14853378422529462, 0.2249980513049859], [0.3236988153067718, 0.23780630482710186, 0.27949142091156054, 0.15900345895456583], [0.3055338029528121, 0.2248266786479976, 0.2869219417397029, 0.18271757665948754], [0.2871532988779706, 0.22679286757668454, 0.04355134720144929, 0.4425024863438955], [0.20168857301109863, 0.24719912996550097, 0.23162041024933044, 0.31949188677406987], [0.050200170657403884, 0.6013825139237089, 0.05564933342758117, 0.29276798199130605], [0.42584135017760266, 0.23649109765917437, 0.14061506593909767, 0.1970524862241254], [0.23974495689879224, 0.22514922398218223, 0.30030617925613856, 0.23479963986288716], [0.18911043015618098, 0.32385627695299546, 0.09336668745147836, 0.3936666054393451], [0.21430338856770562, 0.4297861305669431, 0.10010829512266363, 0.25580218574268754], [0.34685398357445846, 0.18755356386440247, 0.20183004231736465, 0.2637624102437743], [0.29690093086584873, 0.210425240493005, 0.3439287850353069, 0.1487450436058393], [0.2573965534574625, 0.293815536126461, 0.36634123340250685, 0.08244667701356974], [0.4682153906226802, 0.18326842745927574, 0.10500177402874947, 0.24351440788929482], [0.14512297498979254, 0.39764611648693915, 0.03545279911465288, 0.4217781094086153], [0.17578283885825188, 0.601318618338235, 0.08698931289682386, 0.1359092299066892], [0.1485213233952257, 0.22502212982864978, 0.34807443118543785, 0.2783821155906868], [0.26262834734752827, 0.5308837974958871, 0.12089365037333721, 0.08559420478324747], [0.23592019494414757, 0.4301691877634367, 0.1314911379269792, 0.20241947936543664], [0.308068968133825, 0.193372614018522, 0.08391274293988936, 0.4146456749077635], [0.3429298828071072, 0.21188732523358966, 0.09681977817861905, 0.3483630137806841], [0.20387366675693777, 0.38011511640772583, 0.24261465171213506, 0.1733965651232014], [0.25517485827531494, 0.25687599290697205, 0.0752279927273566, 0.4127211560903565], [0.44925294004398403, 0.2634306025488086, 0.1586020495692508, 0.12871440783795648], [0.2693574132524098, 0.35896376092812043, 0.13627049311234812, 0.2354083327071216], [0.22557011460045673, 0.4323338345899359, 0.2055714733285783, 0.136524577481029], [0.17446223152292778, 0.3968209480134808, 0.2097168987436747, 0.21899992171991672], [0.26030556094844565, 0.22923521164899863, 0.13065300591737772, 0.3798062214851782], [0.21279471809849537, 0.31371537389098303, 0.13680707731681926, 0.3366828306937022], [0.23300544155965727, 0.23012667681008692, 0.1643094012415404, 0.37255848038871553], [0.49416575028143706, 0.24525709280086605, 0.12657306508626992, 0.13400409183142695], [0.2174989025449016, 0.2670178623480463, 0.274520639388954, 0.24096259571809803], [0.20908914307671367, 0.4669240375497499, 0.09877119088764488, 0.22521562848589158], [0.36814780321080937, 0.31315867363936334, 0.1437824847959941, 0.17491103835383326], [0.47272872596817, 0.2517035797976309, 0.09178851200009379, 0.18377918223410522], [0.357932252929283, 0.2485951061854708, 0.10486668758205785, 0.2886059533031885], [0.37691750154309644, 0.34605629835039003, 0.08542475564711934, 0.19160144445939406], [0.17390269175731832, 0.15286966518863257, 0.15277535492243977, 0.5204522881316094], [0.4584328670015365, 0.2075139499266095, 0.059453363313650594, 0.27459981975820336], [0.4426069711094928, 0.24382391580909793, 0.16564095392267317, 0.14792815915873608], [0.13569666677171413, 0.5055281665416834, 0.16516992989926607, 0.1936052367873364], [0.24415157757704165, 0.5592028122909958, 0.056610669143546025, 0.1400349409884167], [0.24482250201062816, 0.3770878422711926, 0.13534492242678944, 0.24274473329139], [0.1480405561554771, 0.2060640496179974, 0.15842029781680125, 0.48747509640972436], [0.11531017692603177, 0.349554636931019, 0.14537562223102143, 0.3897595639119279], [0.2511542574040622, 0.28432398216397886, 0.11538442876116223, 0.34913733167079675], [0.20835698069606748, 0.19556193725331744, 0.23674255321259194, 0.35933852883802325], [0.2494404446866046, 0.35904524495222895, 0.08901924520710015, 0.3024950651540663], [0.290992725115032, 0.19680034646860917, 0.3419400507944566, 0.17026687762190232], [0.16841333170972292, 0.5990269631054296, 0.05483638405376113, 0.1777233211310863], [0.16378421152676223, 0.30238967788417537, 0.14042475615327463, 0.3934013544357877], [0.529351089406174, 0.17055008908585406, 0.1179668664062151, 0.1821319551017569], [0.16887797523955225, 0.27498383710554386, 0.36897225256802835, 0.18716593508687576], [0.13816749095428346, 0.32372875570061405, 0.2968228823676962, 0.24128087097740636], [0.14078068535698912, 0.4421158321372876, 0.12550871144242529, 0.2915947710632978], [0.075820580427933, 0.18973902607668786, 0.6339728340129033, 0.10046755948247588], [0.3573756319324705, 0.23792032312739408, 0.15795304406194263, 0.24675100087819293], [0.2312765483835007, 0.3656036588905069, 0.12377955292994815, 0.2793402397960444], [0.21536266878339078, 0.4273374426349915, 0.10931298374809152, 0.24798690483352614], [0.14083192996412644, 0.22554569877638278, 0.11267414713739334, 0.5209482241220976], [0.2661467133905143, 0.35157911026491284, 0.19309804051765775, 0.18917613582691506], [0.1920433964678309, 0.1956566236283669, 0.14741125427829993, 0.46488872562550226]]}}