{"test": {"ids": ["101112540", "112120670", "97111790", "101117580", "97107681", "100109801", "103112641", "106113170", "110117870", "112116540", "103109021", "109117150", "113120591", "106119580", "111119300", "105112260", "107116340", "109120150", "113117340", "112118930", "99112531", "100108580", "109114270", "110117500", "105117200", "99111620", "110113591", "102109840", "106113360", "112120270", "105110091", "109116170", "110116170", "111119950", "102110500", "105116501", "113117401", "108118301", "111120640", "103110840", "104111830", "113119700", "109120540", "99109910", "102112170", "104114320", "100108990", "101119591", "110115710", "104111780", "104111380", "113118231", "109118701", "99112641", "112121030", "111114321", "111116100", "113118511", "110115890", "107116980", "107117010", "98119591", "111115910", "107112840", "99108310", "98109311", "111114121", "107121700", "99111000", "105119550", "101113210", "113120260", "98107380", "102109910", "104111990", "109120621", "102107961", "111118301", "109115220", "104116800", "113117550", "100111620", "104118340", "112117780", "112117571", "108113620", "99107560", "113122650", "107113180", "110117080", "112116610", "113119300", "106112770", "109114651", "107121540", "97106970", "105117351", "108118291", "98106680", "110116441", "112116501", "101108080", "112118530", "110120531", "111117200", "113118490", "98116940", "113121410", "99108010", "100116790", "103113210", "102116500", "112119320", "98112580", "101108121", "107118490", "108114220", "106116441", "101108950", "106119990", "102117351", "108115880", "99108330", "110115980", "110118930", "105117431", "105118171", "105115680", "97116401", "106116640", "112118890", "113118421", "111117571", "110121500", "108115250", "112117580", "113120540", "98107210", "113120830", "105113210", "113119360", "103111990"], "labels": [2, 2, 2, 3, 3, 0, 3, 0, 3, 1, 0, 2, 0, 3, 1, 3, 3, 2, 2, 1, 3, 0, 3, 1, 3, 3, 0, 2, 0, 0, 0, 0, 0, 0, 3, 1, 3, 1, 0, 1, 3, 0, 1, 2, 3, 2, 2, 0, 2, 3, 3, 3, 3, 1, 0, 1, 3, 1, 2, 3, 1, 1, 2, 1, 2, 1, 0, 3, 2, 1, 3, 3, 1, 2, 2, 1, 3, 3, 3, 1, 3, 3, 2, 0, 3, 3, 1, 2, 3, 1, 1, 1, 1, 3, 2, 2, 0, 3, 1, 3, 3, 0, 1, 0, 0, 1, 2, 0, 2, 2, 3, 1, 1, 2, 0, 2, 3, 0, 2, 0, 1, 3, 1, 1, 1, 1, 3, 2, 3, 3, 3, 3, 3, 3, 1, 0, 3, 1, 3, 3, 0, 2], "predicted_labels": [2, 2, 3, 3, 2, 1, 2, 1, 3, 1, 3, 1, 0, 1, 3, 3, 1, 2, 1, 3, 3, 2, 0, 1, 3, 1, 3, 1, 0, 1, 1, 1, 0, 3, 0, 1, 1, 3, 1, 0, 3, 1, 1, 2, 0, 0, 3, 0, 3, 1, 0, 1, 3, 0, 0, 1, 0, 0, 3, 0, 2, 2, 1, 2, 1, 2, 1, 1, 2, 0, 1, 1, 2, 0, 0, 0, 1, 3, 3, 3, 3, 2, 1, 0, 3, 0, 1, 3, 2, 3, 1, 3, 3, 0, 1, 2, 0, 0, 1, 2, 1, 0, 1, 1, 3, 0, 1, 3, 1, 1, 1, 2, 2, 1, 3, 1, 1, 1, 2, 3, 3, 3, 3, 0, 3, 1, 1, 1, 1, 3, 1, 0, 0, 0, 3, 3, 0, 1, 1, 3, 3, 1], "confidence_scores": [[0.13914157136978123, 0.3307120390309808, 0.4410243310952888, 0.08912205850394947], [0.07060407634378885, 0.2957352148922586, 0.5182824381764704, 0.11537827058748211], [0.06848042387321224, 0.04437315064202714, 0.10322171324980069, 0.7839247122349595], [0.1430102707595288, 0.08911644334037525, 0.005699375131819924, 0.7621739107682763], [0.009078132997307751, 0.014241240348010706, 0.8212424304258931, 0.15543819622878868], [0.12496196732545135, 0.4399604391489018, 0.015653568485570896, 0.4194240250400756], [0.067494654970892, 0.07490344694946346, 0.7291842298210481, 0.1284176682585964], [0.08194376757393816, 0.8146557168290123, 0.004785862391940082, 0.09861465320510887], [0.08551188195540181, 0.1415948355866086, 0.1615100617875398, 0.6113832206704497], [0.07235201832716176, 0.7959711340477943, 0.005945222154572706, 0.12573162547047126], [0.3367348901148632, 0.08014895878332226, 0.010885432606691543, 0.5722307184951231], [0.39141560005407966, 0.5222758171608636, 0.0496054270436937, 0.03670315574136295], [0.4859288426797267, 0.16760669430175437, 0.011872761929466081, 0.3345917010890529], [0.10162670263898255, 0.5157575750765357, 0.2145550215434631, 0.16806070074101828], [0.032215844427226095, 0.03201973495457598, 0.009860851484319165, 0.925903569133879], [0.1276295821827093, 0.13705372640321872, 0.24129414112527103, 0.49402255028880093], [0.16113307063697274, 0.6073956590283099, 0.08281228637575772, 0.14865898395895966], [0.11484745654436151, 0.017939271441090896, 0.8396523286542292, 0.02756094336031847], [0.06262500341581966, 0.5912752573098706, 0.30484439814683484, 0.04125534112747496], [0.08394289301112709, 0.12565838644902774, 0.002237006846776949, 0.7881617136930683], [0.2892158126520714, 0.17545635220084055, 0.05113546588859265, 0.48419236925849546], [0.08511294347680073, 0.06406371019711649, 0.8315607380076655, 0.01926260831841721], [0.2529105945141987, 0.16757493624177394, 0.23584659076039413, 0.3436678784836332], [0.12444554295298249, 0.6023017442789869, 0.03812628491810391, 0.2351264278499266], [0.1969657271730277, 0.23935087449230227, 0.13611095867569242, 0.4275724396589774], [0.03900851557638417, 0.45201264186766626, 0.1244486592156616, 0.3845301833402883], [0.3614361250577899, 0.2575589065164185, 0.0026770931019513763, 0.37832787532384055], [0.12447239062943506, 0.701728446483823, 0.12709096412980808, 0.046708198756933925], [0.5369900220896083, 0.3921751621510795, 0.007202896522635571, 0.06363191923667637], [0.012099116212575797, 0.41523493992509175, 0.5427373974960826, 0.02992854636625015], [0.12021428346479018, 0.5956278299562979, 0.08424149144913011, 0.19991639512978182], [0.08469601489234199, 0.4910302296460929, 0.0481548886883776, 0.3761188667731876], [0.568020899956757, 0.0464498617997402, 0.028630819469100482, 0.3568984187744026], [0.0921987178967341, 0.12565537802775492, 0.337050825706767, 0.44509507836874407], [0.48449684478078253, 0.03718829275920993, 0.03654158134946714, 0.4417732811105405], [0.42324768808889485, 0.48221701012413587, 0.002049734597518992, 0.09248556718945054], [0.1513584822550762, 0.38625091286959473, 0.27201673412842625, 0.1903738707469032], [0.2593340555720903, 0.2106554000256899, 0.005933956301068535, 0.5240765881011514], [0.2317078902974802, 0.6062209476572388, 0.02712479212432418, 0.1349463699209568], [0.2832442627451086, 0.2627284830728641, 0.2986247027102454, 0.1554025514717816], [0.03136090269247899, 0.08413724739115928, 0.040947156783794916, 0.8435546931325665], [0.0740010012431183, 0.7449228688707863, 0.12564047063703085, 0.0554356592490649], [0.2365349935843085, 0.5535302462953872, 0.0040446329840401534, 0.20589012713626395], [0.022884861471138718, 0.013630982920693993, 0.9569802588195504, 0.006503896788617003], [0.8244648675553595, 0.053352832057523156, 0.06675535018630721, 0.055426950200810114], [0.5061265310880445, 0.2464037101041218, 0.22302073511174664, 0.02444902369608738], [0.024585553734930047, 0.2634144806146022, 0.04370307764554048, 0.6682968880049276], [0.920081651709028, 0.018736716680941214, 0.013545075572684308, 0.04763655603734659], [0.14323177229267936, 0.16458774814023258, 0.14252661365209862, 0.5496538659149895], [0.05458994677071231, 0.8511043016153323, 0.015530169783186, 0.07877558183076935], [0.5439748350218876, 0.1552097866887027, 0.2387239678747919, 0.062091410414618006], [0.272796198767514, 0.4608756548861381, 0.04960986342071201, 0.216718282925636], [0.1191764262104123, 0.163572940946033, 0.018900219091724662, 0.69835041375183], [0.6052873432686128, 0.08404384742101863, 0.2359192759113048, 0.07474953339906393], [0.9782493767616965, 0.012740169665591302, 0.0012551189532886973, 0.00775533461942337], [0.06418149714975167, 0.8768222682136932, 0.046847505542066514, 0.01214872909448871], [0.3892684858471742, 0.21564774155313737, 0.003881797291197727, 0.3912019753084908], [0.499784380798691, 0.2458181523557853, 0.09781387843005303, 0.156583588415471], [0.026631978028591498, 0.2405185400231594, 0.2772858308651917, 0.4555636510830575], [0.7940570151162439, 0.1947548012554896, 0.004521877248051395, 0.006666306380214891], [0.019709801272482005, 0.10495368976540728, 0.7281295568020488, 0.14720695216006155], [0.21549242045033418, 0.1581618052013218, 0.4596896519141775, 0.16665612243416658], [0.2923863121263046, 0.36645958890600383, 0.23808475244293414, 0.10306934652475755], [0.3246629030816891, 0.14102890406807667, 0.4534392613490863, 0.08086893150114796], [0.25305892145894326, 0.321640305983997, 0.11908803885946015, 0.30621273369759944], [0.14955808388095587, 0.11925347188083388, 0.649776458541885, 0.08141198569632524], [0.11086198561554486, 0.8400694608779423, 0.007117064811831645, 0.04195148869468112], [0.08868368893627933, 0.8069636989175897, 0.02751650804864056, 0.07683610409749028], [0.012325872170652917, 0.32750897687626174, 0.6433381076870287, 0.016827043266056354], [0.40692899129051174, 0.31029112389841995, 0.005779767343940132, 0.277000117467128], [0.0700803044634435, 0.5349870568411618, 0.04935157948090107, 0.34558105921449345], [0.14587853539677934, 0.4691721359127501, 0.15233333716021474, 0.232615991530256], [0.040210837065381866, 0.09280449932707653, 0.5758378296914529, 0.2911468339160887], [0.5326850343685864, 0.1576027422061441, 0.2690461100809056, 0.04066611334436419], [0.6993078711381372, 0.21401796744081597, 0.016682090634796518, 0.06999207078625042], [0.4870014670401011, 0.1819940193556242, 0.07616598736605242, 0.25483852623822195], [0.36813406605766086, 0.5635101385019274, 0.024821174818780378, 0.0435346206216312], [0.16681875459751608, 0.27881294482200125, 0.1466885610416685, 0.407679739538814], [0.05144089052655467, 0.18541708905967955, 0.005521120595717661, 0.7576208998180483], [0.07079918703402784, 0.17510759911661344, 0.014653429727743349, 0.7394397841216154], [0.328729361739496, 0.17500671661063036, 0.09192379017350077, 0.4043401314763729], [0.1850271650819321, 0.22093673329448882, 0.5157754564325144, 0.078260645191065], [0.017769285238304205, 0.8938095132856272, 0.031114286657924043, 0.057306914818144504], [0.6380888677065104, 0.25149591421336853, 0.010650688549014254, 0.09976452953110702], [0.0858137932253806, 0.12948894368997832, 0.0021676932292183757, 0.7825295698554228], [0.41139165579459663, 0.1569729152926656, 0.0892040602106546, 0.34243136870208285], [0.0875567005483647, 0.68252572617768, 0.02872149883525405, 0.20119607443870158], [0.1984179653692045, 0.15012185203796408, 0.02798864499410612, 0.6234715375987252], [0.0947915218427569, 0.07220076800859714, 0.8111634265852177, 0.021844283563428577], [0.01281463765804243, 0.2470489916385609, 0.007257400015818432, 0.7328789706875781], [0.24452726769099808, 0.6337833269692036, 0.06962664987362936, 0.052062755466169224], [0.10749799256469623, 0.011881455992634212, 0.0009635392598923463, 0.8796570121827773], [0.013617081768719773, 0.0748026438117787, 0.45600124448202295, 0.4555790299374787], [0.9494632026733305, 0.014631454943511608, 0.02411006539224636, 0.01179527699091161], [0.1479378701337812, 0.6274633808588341, 0.12463962050859931, 0.09995912849878538], [0.08913765283628051, 0.13976147861324337, 0.5526858165225789, 0.2184150520278979], [0.8532570458993731, 0.016158943371094064, 0.029744351358001193, 0.1008396593715315], [0.8107908927885263, 0.04370034252717453, 0.00536609139141818, 0.14014267329288077], [0.0160999643239807, 0.5764077992920479, 0.37694682974209404, 0.030545406641877416], [0.28119154306586375, 0.09223656960537246, 0.5870926147700342, 0.03947927255872952], [0.11134964038067587, 0.5530372227953282, 0.068616348389298, 0.2669967884346979], [0.4636479933501877, 0.20406894951959315, 0.010547853517978894, 0.32173520361224], [0.029985854455545975, 0.8051969732970596, 0.13572734755752894, 0.029089824689865363], [0.18744001820009085, 0.40677253968092414, 0.0255892312035486, 0.3801982109154367], [0.11259785944458037, 0.11976364321116578, 0.005421638846543126, 0.7622168584977108], [0.6077612143661988, 0.2435247669729912, 0.03543121400434606, 0.1132828046564638], [0.10451953591542086, 0.8307875915996811, 0.014176783123885216, 0.05051608936101298], [0.016778388440501654, 0.023489419817521062, 0.0004787577628576471, 0.9592534339791194], [0.014843305457933748, 0.8170110116604143, 0.03788511243016938, 0.13026057045148254], [0.23870314567071438, 0.5025696360725072, 0.07293547076997647, 0.18579174748680197], [0.24969864471176062, 0.6436558492097028, 0.051759185201578205, 0.05488632087695832], [0.13233881893739546, 0.24221088508055008, 0.4977615507413838, 0.1276887452406711], [0.0025791521397671943, 0.26012544809007565, 0.7077798302434644, 0.02951556952669259], [0.13798690146934625, 0.2503542832121375, 0.18637641676772113, 0.42528239855079547], [0.12108500851853071, 0.0476047547875859, 0.10844767219018182, 0.722862564503702], [0.17683110785718625, 0.6156655025002666, 0.1428999348163346, 0.06460345482621252], [0.17161204587439935, 0.5614265221710539, 0.23552426413043454, 0.03143716782411199], [0.12999155155883196, 0.8433929147073389, 0.003277855053136777, 0.02333767868069236], [0.11373344358170355, 0.10796045663297293, 0.47670549139627966, 0.3016006083890441], [0.05164196903999928, 0.11580535150283947, 0.009195348354373781, 0.8233573311027875], [0.19601599093491542, 0.061137455549615555, 0.025925676950147726, 0.7169208765653212], [0.09503998269406269, 0.1396316960594657, 0.08860564380332685, 0.6767226774431451], [0.046688696036898965, 0.22218767597059647, 0.2855341402662429, 0.44558948772626156], [0.4020748747501953, 0.12071745471695931, 0.03870465066972037, 0.43850301986312473], [0.022481135664586694, 0.04990755732581502, 0.007223334541296083, 0.9203879724683022], [0.022713096272826687, 0.48149584579474003, 0.4049445987457366, 0.09084645918669657], [0.09781746241481198, 0.6142695169535584, 0.006740234184051519, 0.2811727864475782], [0.01662591074345212, 0.8973602595270016, 0.010176737355174617, 0.07583709237437174], [0.023532950920813055, 0.37423626204784544, 0.4220523464292606, 0.1801784406020808], [0.1311295913171289, 0.013765038767106903, 0.016999703348859956, 0.8381056665669041], [0.33374950053749525, 0.3729158209521429, 0.0017694756796771804, 0.29156520283068466], [0.8775738103792253, 0.05783874756533979, 0.0006623447620468121, 0.06392509729338812], [0.6118898365538437, 0.35063628924426465, 0.0017720427726507075, 0.035701831429240896], [0.5817885766007435, 0.31368593686157, 0.0028938067504052914, 0.10163167978728134], [0.2677839871867302, 0.11878993730937615, 0.25833510092551454, 0.35509097457837907], [0.08811572575749355, 0.055490282139608986, 0.028374840093134953, 0.8280191520097623], [0.9277431806485105, 0.039547350192730604, 0.0014185397825805279, 0.0312909293761782], [0.035515716970721464, 0.2571404573558413, 0.4293330948247327, 0.2780107308487048], [0.1680800905016796, 0.46307166935177846, 0.16277034939333318, 0.2060778907532086], [0.030569523659400452, 0.15457047940752452, 0.001102875821402786, 0.8137571211116723], [0.3416364323982751, 0.17135009562464878, 0.015586616738000752, 0.47142685523907507], [0.19166130262717557, 0.7385783048740913, 0.015406149867277305, 0.05435424263145603]]}, "rewritten": {"ids": ["97106970", "97107681", "97111790", "97116401", "98106680", "98107210", "98107380", "98109311", "98112580", "98116940", "98119591", "99107560", "99108010", "99108310", "99108330", "99109910", "99111000", "99111620", "99112531", "99112641", "100108580", "100108990", "100109801", "100111620", "100116790", "101108080", "101108121", "101108950", "101112540", "101113210", "101117580", "101119591", "102107961", "102109840", "102109910", "102110500", "102112170", "102116500", "102117351", "103109021", "103110840", "103111990", "103112641", "103113210", "104111380", "104111780", "104111830", "104111990", "104114320", "104116800", "104118340", "105110091", "105112260", "105113210", "105115680", "105116501", "105117200", "105117351", "105117431", "105118171", "105119550", "106112770", "106113170", "106113360", "106116441", "106116640", "106119580", "106119990", "107112840", "107113180", "107116340", "107116980", "107117010", "107118490", "107121540", "107121700", "108113620", "108114220", "108115250", "108115880", "108118291", "108118301", "109114270", "109114651", "109115220", "109116170", "109117150", "109118701", "109120150", "109120540", "109120621", "110113591", "110115710", "110115890", "110115980", "110116170", "110116441", "110117080", "110117500", "110117870", "110118930", "110120531", "110121500", "111114121", "111114321", "111115910", "111116100", "111117200", "111117571", "111118301", "111119300", "111119950", "111120640", "112116501", "112116540", "112116610", "112117571", "112117580", "112117780", "112118530", "112118890", "112118930", "112119320", "112120270", "112120670", "112121030", "113117340", "113117401", "113117550", "113118231", "113118421", "113118490", "113118511", "113119300", "113119360", "113119700", "113120260", "113120540", "113120591", "113120830", "113121410", "113122650"], "labels": [2, 3, 2, 3, 1, 1, 1, 1, 2, 2, 1, 1, 2, 2, 1, 2, 2, 3, 3, 1, 0, 2, 0, 3, 2, 0, 0, 2, 2, 3, 3, 0, 3, 2, 2, 3, 3, 1, 1, 0, 1, 2, 3, 3, 3, 3, 3, 2, 2, 1, 2, 0, 3, 3, 2, 1, 3, 0, 1, 3, 1, 1, 0, 0, 0, 3, 3, 0, 1, 3, 3, 3, 1, 2, 2, 3, 3, 3, 1, 3, 3, 1, 3, 3, 3, 0, 2, 3, 2, 1, 1, 0, 2, 2, 1, 0, 3, 1, 1, 3, 1, 0, 3, 0, 1, 2, 3, 0, 3, 3, 1, 0, 0, 3, 1, 1, 3, 0, 0, 1, 3, 1, 1, 0, 2, 0, 2, 3, 3, 3, 3, 1, 1, 1, 0, 0, 3, 3, 0, 3, 0, 2], "predicted_labels": [3, 2, 3, 1, 1, 3, 3, 2, 1, 1, 0, 1, 1, 1, 3, 2, 2, 3, 3, 0, 2, 3, 3, 2, 0, 0, 3, 3, 1, 1, 3, 0, 1, 1, 0, 3, 0, 1, 0, 3, 3, 1, 3, 1, 0, 1, 3, 1, 2, 1, 1, 1, 1, 3, 1, 1, 3, 0, 1, 1, 1, 2, 1, 1, 0, 3, 1, 1, 1, 2, 2, 0, 2, 1, 0, 1, 1, 0, 0, 3, 0, 0, 0, 0, 1, 1, 1, 3, 2, 3, 0, 3, 2, 1, 3, 1, 2, 3, 3, 1, 3, 3, 0, 1, 1, 1, 3, 3, 0, 1, 3, 3, 1, 1, 1, 0, 3, 3, 0, 1, 0, 0, 2, 2, 2, 0, 2, 1, 1, 1, 0, 3, 1, 3, 3, 1, 1, 0, 3, 1, 3, 1], "confidence_scores": [[0.042490895499789245, 0.32763057204725854, 0.17004551035510565, 0.45983302209784666], [0.012644370357978727, 0.044694819738178945, 0.6733996726697888, 0.26926113723405365], [0.07149799975571827, 0.08214212454573966, 0.024014132476479707, 0.8223457432220622], [0.08476500693341645, 0.3238238999273107, 0.15361136050212865, 0.4377997326371443], [0.013734011541163953, 0.7626807957968575, 0.19431127198216044, 0.029273920679817884], [0.04067744237145268, 0.21286921323072888, 0.2278627589664662, 0.5185905854313525], [0.044004731252213054, 0.27468918467763975, 0.2930773683577989, 0.38822871571234824], [0.18520994420176318, 0.1487722593171076, 0.4482113695645327, 0.21780642691659652], [0.07811659463044764, 0.28535900695545596, 0.27527279950637595, 0.36125159890772074], [0.14564522362936694, 0.7675990722188203, 0.005116440139890283, 0.08163926401192258], [0.38824804019475123, 0.12054457150072154, 0.36404554694551705, 0.12716184135901065], [0.12630542371192707, 0.6095505358950292, 0.015599308727338503, 0.24854473166570504], [0.0322352032301424, 0.6177393203184526, 0.01730436714178636, 0.3327211093096182], [0.3334986860982942, 0.41629237070448166, 0.06829704948314153, 0.18191189371408278], [0.03841246988127919, 0.2027099071395594, 0.37772696360598046, 0.38115065937318104], [0.12013202477808986, 0.07256718314295953, 0.803844113322961, 0.0034566787559895625], [0.07247791365685781, 0.13687397791806055, 0.7279287826355015, 0.06271932578957998], [0.04080813483941585, 0.33660548930288187, 0.06577757676002251, 0.5568087990976798], [0.27414377786360344, 0.21920221811032076, 0.0250246271383443, 0.4816293768877314], [0.789308640339589, 0.06825818437542462, 0.08357261987057538, 0.05886055541441084], [0.13173347679204667, 0.22677447790106894, 0.6254724339813508, 0.0160196113255334], [0.028647008401679684, 0.11660886807621622, 0.03206567139848526, 0.8226784521236189], [0.14025841259013086, 0.2785479590855407, 0.010745984025446385, 0.5704476442988823], [0.16603277732954003, 0.12839820184194312, 0.5658864119842312, 0.13968260884428593], [0.6184131606159521, 0.1337328986269172, 0.14374809670711589, 0.10410584405001463], [0.43892396327427224, 0.188850226464184, 0.011489816619225962, 0.36073599364231757], [0.0635302687337096, 0.1186928440725476, 0.10568118936369662, 0.7120956978300464], [0.1815684333422396, 0.02572955061595775, 0.21214891260662716, 0.5805531034351756], [0.35353107716006493, 0.49229474367283277, 0.04302665643184659, 0.111147522735256], [0.05812696079674348, 0.4540268054769134, 0.06719420083700878, 0.42065203288933445], [0.16575293024721421, 0.17464558692647206, 0.021822559388434786, 0.6377789234378789], [0.9396792746407328, 0.00644889202999052, 0.006007392314870908, 0.047864441014405845], [0.27728834641361644, 0.6041280517579165, 0.022778870854262438, 0.0958047309742048], [0.1169901255240711, 0.797099724605696, 0.044227498641604295, 0.04168265122862813], [0.7749111161500619, 0.10646431304484473, 0.07732130336329042, 0.041303267441802766], [0.333049680571049, 0.047424046723764, 0.017373868610809945, 0.602152404094377], [0.8350708692323456, 0.04384845952611994, 0.05449511503267516, 0.06658555620885924], [0.0527788752450504, 0.4828367360148767, 0.3843219369539878, 0.08006245178608505], [0.5363117739690325, 0.06970993103782078, 0.014864435873466038, 0.37911385911968076], [0.05369072401233412, 0.3885100783825669, 0.013251883456305702, 0.5445473141487933], [0.38349835718973385, 0.15708843650633625, 0.05372373512674705, 0.40568947117718296], [0.10689838863014751, 0.727295606095244, 0.004837141446838476, 0.16096886382777023], [0.10373061228790516, 0.0463857092403186, 0.3708194524598479, 0.4790642260119285], [0.15030347362032626, 0.7034591845522704, 0.07477393881407322, 0.07146340301332978], [0.4423480407340996, 0.1776577315526374, 0.3565918208841951, 0.023402406829067638], [0.05565495368923156, 0.8251154871764862, 0.005881660394233601, 0.11334789874004873], [0.038627510491408695, 0.023981396614690953, 0.09000690690782617, 0.8473841859860742], [0.36641270894931177, 0.5433059360685787, 0.041349271089884544, 0.04893208389222496], [0.1541229644562254, 0.2219822797911859, 0.5773006818866386, 0.046594073865950096], [0.25513834297174426, 0.3764470191675738, 0.20131757366429362, 0.1670970641963886], [0.09213815045283218, 0.7067858942792288, 0.019965931806172985, 0.18111002346176602], [0.18486000776758102, 0.5242574447753027, 0.048003236435356485, 0.2428793110217597], [0.02223605732585047, 0.35529139438077123, 0.4278221089934619, 0.1946504392999164], [0.10523817766980786, 0.2822643981303241, 0.0017022187424477748, 0.6107952054574204], [0.0320954851823579, 0.7929174411877578, 0.014262884100826954, 0.16072418952905743], [0.27793510235521224, 0.5455592174524695, 0.004211864780650101, 0.17229381541166827], [0.18398115864574244, 0.1861683877617528, 0.051754628791621834, 0.5780958248008833], [0.8865655067643701, 0.06365605458758532, 0.007827701608424508, 0.04195073703961999], [0.08051584604182573, 0.6796660097811009, 0.11123512913034977, 0.12858301504672334], [0.12590407434705086, 0.7726403504596072, 0.014014451690548999, 0.08744112350279296], [0.41511898425782007, 0.4221537259720147, 0.011400932381817898, 0.151326357388347], [0.04997954438919512, 0.25902969987527347, 0.4664720062579213, 0.22451874947760994], [0.07749046033142655, 0.8028877856781754, 0.0018272960949155443, 0.11779445789548236], [0.22178451938167676, 0.625643629491942, 0.09481994990346806, 0.057751901222913016], [0.5180627689436381, 0.3464862198167031, 0.01709704003819034, 0.11835397120146858], [0.13017872916150217, 0.04593842868343241, 0.021879441173510667, 0.8020034009815543], [0.055353815815071254, 0.5530738035934017, 0.2917965431109146, 0.0997758374806123], [0.05271996813540912, 0.5070286279965434, 0.04309412688839969, 0.3971572769796479], [0.06444849496134095, 0.5406065400840314, 0.18975167807406654, 0.20519328688056104], [0.015368300992956099, 0.012868576924392437, 0.9681406747812719, 0.003622447301379291], [0.035284974264132324, 0.32859281978189997, 0.45058722530770906, 0.18553498064625862], [0.7780250055229894, 0.2136363899089344, 0.002142021017429152, 0.00619658355064706], [0.00899755105604282, 0.04845220549806084, 0.7079633514870584, 0.23458689195883822], [0.213454501022158, 0.5392833888051013, 0.08091704618574229, 0.16634506398699844], [0.3656462883147022, 0.3030995182806999, 0.07056364342456528, 0.2606905499800325], [0.08863506020839736, 0.8063521514975109, 0.0190984085374606, 0.085914379756631], [0.22097392471863914, 0.2862354919693932, 0.18020883297838275, 0.3125817503335847], [0.674325795034801, 0.2567140008438847, 0.041975392383868326, 0.026984811737446206], [0.39725976185022144, 0.07466946157086708, 0.177033443761495, 0.35103733281741634], [0.055715593546043836, 0.032221300242112026, 0.030015316989357988, 0.8820477892224863], [0.8300812586371498, 0.11670926506364053, 0.0031067227504579975, 0.05010275354875143], [0.5527704945084613, 0.1411049664147236, 0.005912606585161882, 0.3002119324916536], [0.4765794821860005, 0.06616442016896991, 0.058135851679854425, 0.39912024596517526], [0.6597324969436092, 0.1973798514912969, 0.050498732736741964, 0.09238891882835203], [0.08233973192837817, 0.5247504054109273, 0.03724016529989495, 0.35566969736079956], [0.05421183248144807, 0.5988468345186638, 0.06574282225146764, 0.2811985107484206], [0.273837021737001, 0.6465650788863601, 0.03201305174869806, 0.047584847627941004], [0.18529388106560218, 0.05023416235652993, 0.017090371903982476, 0.7473815846738853], [0.19034435762777155, 0.03259192852167765, 0.6990768956215996, 0.07798681822895158], [0.3565163624302554, 0.19791074096615455, 0.005156676529109011, 0.4404162200744809], [0.4602181579229479, 0.16847917111009997, 0.29757553023993444, 0.07372714072701755], [0.26415577141783597, 0.19000845369674368, 0.011324923147908752, 0.5345108517375116], [0.06326314089381282, 0.09708677629417213, 0.4977663440957031, 0.34188373871631195], [0.08159872451981355, 0.4207502444972822, 0.07559030921572105, 0.42206072176718273], [0.2416316262054145, 0.11448616178544006, 0.04142897613134158, 0.6024532358778041], [0.08574277639634745, 0.7520671383742702, 0.014429666801999535, 0.14776041842738313], [0.036971254766806044, 0.10695143266067149, 0.790449203100522, 0.06562810947200073], [0.019645535333758138, 0.1525057347553757, 0.09989996239833904, 0.7279487675125271], [0.18434495044504595, 0.3179335710067364, 0.07362104774434107, 0.42410043080387644], [0.03508730439736355, 0.7113267194761967, 0.12026971413234779, 0.13331626199409216], [0.06677671958747125, 0.12275034972535799, 0.019457300408738585, 0.7910156302784324], [0.22443317985561126, 0.17595562759777833, 0.010352631114988114, 0.5892585614316224], [0.5738767442585798, 0.33958301775053634, 0.004969522013977353, 0.08157071597690685], [0.36007332295474226, 0.5675614200482666, 0.005272018774123922, 0.06709323822286713], [0.054116059900703346, 0.8404679253805688, 0.060412589677859375, 0.045003425040868406], [0.10095492121755793, 0.6429060620887019, 0.1955130811477066, 0.060625935546033696], [0.25519446401315954, 0.20279211820748635, 0.023896558658115415, 0.5181168591212387], [0.20180170374131176, 0.144894086870477, 0.05184370267675949, 0.6014605067114518], [0.48551844377329306, 0.4328523848726688, 0.007345058157324398, 0.07428411319671345], [0.18851775446079666, 0.3513844873031422, 0.1173524625872173, 0.3427452956488439], [0.07946759518649962, 0.03883191638747652, 0.014805304524502601, 0.866895183901521], [0.05731764930729527, 0.12285890632751117, 0.11493996926384589, 0.7048834751013477], [0.4094485018075863, 0.39592318722795994, 0.04033005793210891, 0.15429825303234476], [0.10040925476577926, 0.5032774648198084, 0.13178606904964976, 0.26452721136476254], [0.13802144426350124, 0.6972333044548924, 0.004620094747994423, 0.16012515653361187], [0.47025759497339553, 0.3017287008853298, 0.11234044609538132, 0.11567325804589335], [0.20833972468454354, 0.14373363822805124, 0.00430333802959563, 0.64362329905781], [0.20280082879060674, 0.26055991056391514, 0.0065024950657819975, 0.530136765579696], [0.7195698649194033, 0.1787620771528034, 0.01419533414015155, 0.08747272378764162], [0.0704313812495736, 0.8149368269725726, 0.03463502413820534, 0.07999676763964843], [0.4026871672562478, 0.281947955479871, 0.013599008263866171, 0.30176586900001473], [0.5502698331788723, 0.060690227391588664, 0.014562378225836649, 0.37447756120370224], [0.022608901773053046, 0.3589583015288966, 0.5756675372868264, 0.04276525941122405], [0.05284071241760735, 0.17654972842816594, 0.7324560885358244, 0.03815347061840246], [0.05954618802680417, 0.22702518550463263, 0.4716884501362539, 0.24174017633230904], [0.9539085286427779, 0.011612409841295215, 0.0047219242861130505, 0.02975713722981403], [0.019589061211188242, 0.2530508634666762, 0.6643210535295319, 0.0630390217926038], [0.17705314318442472, 0.32680024584121997, 0.2980224534438213, 0.1981241575305339], [0.19164126680703583, 0.26567482518403024, 0.2863214232378465, 0.2563624847710877], [0.2513786272879808, 0.4580793877256303, 0.16334377694073263, 0.1271982080456563], [0.7043153036159289, 0.14831070006184366, 0.0023465867254267216, 0.14502740959680038], [0.20512888423215542, 0.33237297370000646, 0.05344649976045418, 0.40905164230738383], [0.289952698840838, 0.31117423419227236, 0.18749806646593054, 0.21137500050095917], [0.08527248683842807, 0.014505587872920852, 0.0013772813676610712, 0.89884464392099], [0.2670757483322235, 0.07738709850833911, 0.024576197536380167, 0.6309609556230573], [0.12699524076137983, 0.7438514122796278, 0.06849114529267349, 0.060662201666319054], [0.09459454679523839, 0.4916839098715454, 0.1920114747335089, 0.22171006859970704], [0.4228016438126767, 0.34884552743399977, 0.03318544166524223, 0.19516738708808143], [0.38119724895496215, 0.09400766045241886, 0.007009926890116259, 0.517785163702503], [0.21670514394910814, 0.5246828423952, 0.08686110597027905, 0.17175090768541226], [0.05660899303663048, 0.11671147642880582, 0.005163386544767762, 0.8215161439897957], [0.19923039956074629, 0.5100693724038378, 0.08252651468795591, 0.2081737133474604]]}}