{"test": {"ids": ["100115700", "113122220", "111120260", "104111830", "98108580", "103109021", "113122430", "110117080", "98112300", "98108370", "110118740", "103110220", "98111860", "99109780", "112117660", "99108580", "98111620", "102110240", "98111231", "110115980", "109116170", "100109801", "110115140", "107119950", "107118520", "112117790", "100116500", "109121351", "99111340", "106114321", "109119450", "111115620", "99109910", "99105921", "105113170", "113121950", "113121980", "107113180", "110119030", "112119930", "106116640", "112120640", "97106820", "99109860", "107118490", "108117720", "104117200", "104111990", "111116090", "107116501", "99119830", "109116810", "112116880", "108119550", "102116340", "97112170", "101112201", "101108460", "105115680", "110115250", "98110230", "107114110", "97105960", "103112470", "111120640", "110118630", "113118630", "106114011", "98106560", "112118530", "109114030", "108118810", "110118880", "107114321", "98107340", "110115710", "107118820", "109119460", "102110690", "108121190", "111117571", "105115570", "110115890", "102116500", "106116850", "109120621", "105112130", "101117580", "106116441", "99110050", "112117030", "113117630", "106117770", "105118740", "108114360", "98109570", "103118110", "100111270", "113118870", "105117200", "106117790", "106118301", "112116800", "97116800", "106120640", "110121450", "112118880", "99107660", "110120560", "107121230", "102112301", "113118111", "107116300", "109117110", "108120060", "103120780", "98108150", "103113101", "104113000", "105117431", "105113260", "110118701", "113120280", "109117600", "112119980", "112118550", "98121790", "100108580", "97106591", "97107681", "98109311", "102109910", "108114670", "113121220", "106114880", "101112540", "109114270", "101108370", "104112201", "110116501", "102117351", "97107821"], "labels": [1, 1, 3, 3, 0, 0, 2, 1, 2, 1, 3, 2, 0, 2, 0, 0, 3, 3, 1, 1, 0, 0, 0, 3, 2, 3, 2, 0, 1, 2, 3, 1, 2, 1, 0, 3, 2, 3, 0, 1, 3, 0, 1, 2, 2, 1, 3, 2, 3, 1, 1, 3, 0, 1, 3, 0, 0, 0, 2, 1, 3, 1, 2, 1, 0, 1, 3, 1, 1, 1, 1, 1, 0, 0, 0, 2, 3, 1, 0, 1, 3, 0, 2, 1, 3, 1, 1, 3, 0, 3, 2, 0, 0, 1, 1, 1, 2, 2, 0, 3, 1, 1, 0, 0, 3, 3, 1, 3, 0, 0, 1, 1, 0, 1, 1, 1, 0, 3, 1, 1, 3, 3, 0, 1, 0, 3, 2, 0, 1, 3, 1, 2, 3, 3, 0, 2, 3, 1, 0, 3, 1, 2], "predicted_labels": [1, 1, 3, 1, 3, 3, 3, 1, 3, 3, 3, 3, 1, 3, 3, 0, 1, 3, 3, 3, 0, 1, 0, 3, 3, 3, 1, 0, 1, 0, 3, 1, 1, 1, 3, 3, 3, 3, 3, 3, 3, 3, 3, 0, 1, 3, 3, 1, 3, 3, 0, 3, 1, 3, 3, 3, 0, 1, 1, 1, 0, 3, 3, 3, 3, 3, 1, 3, 1, 1, 3, 3, 3, 0, 1, 3, 1, 1, 3, 3, 3, 1, 1, 0, 1, 0, 1, 3, 3, 3, 0, 3, 3, 1, 1, 3, 3, 1, 3, 1, 0, 3, 3, 3, 1, 0, 1, 3, 3, 3, 0, 3, 3, 1, 1, 3, 3, 3, 3, 1, 1, 3, 3, 1, 3, 1, 3, 0, 0, 3, 0, 3, 3, 3, 3, 1, 3, 0, 3, 3, 0, 0], "confidence_scores": [[0.21396169592510075, 0.306292889981974, 0.1762656836493607, 0.3034797304435649], [0.21021065985768775, 0.2908261869503215, 0.2150557883054539, 0.28390736488653723], [0.20503691866970034, 0.26531931480626786, 0.2299120985455991, 0.29973166797843326], [0.21707374243016916, 0.3043787249105507, 0.19346431840762215, 0.2850832142516584], [0.21672216661782392, 0.26715439519171996, 0.2142793792589344, 0.3018440589315222], [0.22839134916564763, 0.2558226265942449, 0.20409724460833908, 0.311688779631769], [0.2069315700257114, 0.28482219318828195, 0.21659555494730232, 0.2916506818387045], [0.2117862393488427, 0.30740536580748934, 0.18934605171762178, 0.2914623431260468], [0.29816749594587777, 0.24320517903641625, 0.15997662402159885, 0.2986507009961074], [0.17637577644512373, 0.3067253966518475, 0.18784802893396904, 0.3290507979690601], [0.26783666684705576, 0.25175867248252826, 0.20744374743302088, 0.27296091323739585], [0.22170947248748313, 0.256837786721064, 0.19477284044990426, 0.3266799003415495], [0.2096719495099326, 0.27134319691728465, 0.2525072788932171, 0.26647757467956606], [0.19008719774405466, 0.2593918523621786, 0.22597882425782886, 0.32454212563593804], [0.2792056769620154, 0.2536480802890159, 0.15671651878206963, 0.31042972396689983], [0.34458591249375853, 0.20590428794932472, 0.15707237726072423, 0.29243742229619313], [0.18645805920089586, 0.31716226829115524, 0.22784454352766545, 0.26853512898028364], [0.22879206517829828, 0.27215716608739765, 0.2156329351900168, 0.2834178335442873], [0.33265525952789915, 0.1943522396543657, 0.1380319147785473, 0.3349605860391879], [0.24842506054868607, 0.2749005704118138, 0.1860373120784718, 0.29063705696102876], [0.29424970679885876, 0.2556040076787882, 0.16357457231269415, 0.2865717132096592], [0.24165047578030488, 0.31467967525959556, 0.15618780949849861, 0.2874820394616014], [0.3165626501517505, 0.22802756667052207, 0.15740987574976123, 0.2979999074279667], [0.2583939434904296, 0.2745959035837106, 0.18895246182679618, 0.2780576910990643], [0.1808171115184985, 0.3001202964672561, 0.19899150170905666, 0.3200710903051889], [0.2959946115343763, 0.24256660763686153, 0.15015854436365852, 0.31128023646510394], [0.2368183644667258, 0.28047819031752674, 0.21269595324310772, 0.27000749197263973], [0.326421238433445, 0.21298255730173213, 0.16085836098934705, 0.29973784327547626], [0.22790529143866217, 0.29832548510653306, 0.19884044263768935, 0.27492878081711597], [0.33072871139302673, 0.2002570675910552, 0.15849038691235703, 0.3105238341035607], [0.21960800246040707, 0.26385057873135614, 0.2497981556179607, 0.26674326319027675], [0.2164984087268636, 0.2884636424805963, 0.21563049988397795, 0.27940744890856234], [0.22060235997973696, 0.3159812515909689, 0.18197114794394273, 0.2814452404853516], [0.22634537523750842, 0.29896574580339585, 0.193732358149304, 0.2809565208097922], [0.21073957153162068, 0.2496953640816527, 0.2314030897782466, 0.3081619746084803], [0.27361890237938025, 0.24875860246460643, 0.17279614808340965, 0.304826347072604], [0.2013204907933579, 0.28333522620016355, 0.20656226274446934, 0.30878202026200935], [0.2892247633818135, 0.25791767333843424, 0.14445091690937095, 0.3084066463703814], [0.23433645171832448, 0.2712108415813209, 0.1703227272972036, 0.32412997940315164], [0.17606631332716968, 0.26869110782198535, 0.2730384877791865, 0.2822040910716589], [0.20277335684768447, 0.2793045892001443, 0.22999829375524677, 0.287923760196925], [0.25927025744952215, 0.2724236670280669, 0.18693123672149778, 0.2813748388009135], [0.2560053111924547, 0.28025925825688014, 0.16322276800405355, 0.3005126625466116], [0.2730471166355716, 0.2674349603218926, 0.1965644242612449, 0.26295349878129126], [0.2058904151947925, 0.30387775426267966, 0.23138452291058417, 0.25884730763194386], [0.30303990502036304, 0.2177809328179856, 0.16248993234456616, 0.3166892298170857], [0.18892437706844165, 0.2501402724181346, 0.26124263278028353, 0.2996927177331408], [0.23934839647159936, 0.30726450915185444, 0.1721406820631301, 0.28124641231341657], [0.3033597536538856, 0.227710171671988, 0.15921918402455645, 0.3097108906495699], [0.28185566161294195, 0.2566849069880542, 0.15340916549512995, 0.30805026590387397], [0.3030363072709431, 0.24321549492084996, 0.15328859149757015, 0.3004596063106372], [0.24645562677004307, 0.26352389929498377, 0.17200637848981054, 0.3180140954451629], [0.17231787871304857, 0.31569236719227567, 0.23000729653738203, 0.28198245755729423], [0.21134927739204948, 0.2792931076481534, 0.21945058713811205, 0.2899070278216854], [0.21763129401989972, 0.2734877206687297, 0.23210240687465936, 0.27677857843671144], [0.2826282200119552, 0.22511313718940923, 0.16836373096931867, 0.323894911829317], [0.3306728299630014, 0.18730570704566799, 0.15378974134442394, 0.3282317216469068], [0.23276539395698292, 0.3023397866766848, 0.19643571572449953, 0.2684591036418333], [0.15629841093880167, 0.3070868865756438, 0.26766578127627727, 0.26894892120927755], [0.21899052107714223, 0.29054752414458457, 0.20922997753418526, 0.2812319772440882], [0.35548885590544976, 0.1896842344463294, 0.15081366492280804, 0.30401324472541297], [0.25424162075857915, 0.24129757557864315, 0.17537850248356696, 0.3290823011792111], [0.22897992728353792, 0.28841614856209946, 0.18799551965723638, 0.29460840449712644], [0.2053440805302755, 0.26680387865013117, 0.2238207451825783, 0.30403129563701575], [0.2217524663622307, 0.2745172555383653, 0.1958902935303607, 0.307839984569044], [0.27230011988593833, 0.2396428641152932, 0.15524388806013673, 0.3328131279386319], [0.16265169630610787, 0.335700237426335, 0.22539325862835824, 0.27625480763919935], [0.22306303580702827, 0.27127041559822096, 0.18443020715163264, 0.3212363414431184], [0.19549940325540932, 0.2895634585154462, 0.2298438564275228, 0.2850932818016219], [0.14410344356880309, 0.29805105243496827, 0.26554526176061155, 0.29230024223561746], [0.2772185555179435, 0.26106079319901915, 0.17961053911993868, 0.28211011216309884], [0.22600254074735437, 0.2724156985937681, 0.18223584530217402, 0.319345915356704], [0.3001140875415005, 0.2523805821812435, 0.1245996762899118, 0.3229056539873448], [0.3053582768523548, 0.24433963504461748, 0.14594952634022273, 0.30435256176280523], [0.21363758772725305, 0.2979340326255657, 0.2330043345737076, 0.25542404507347377], [0.2285959430233422, 0.25874919284027753, 0.18471592499739892, 0.327938939138982], [0.18641182782052398, 0.3094342834724169, 0.2338891323821745, 0.2702647563248847], [0.21960448649810296, 0.31682035373188766, 0.1838929564819892, 0.27968220328802057], [0.2776394704364765, 0.26845803782984745, 0.13684639925284706, 0.3170560924808295], [0.1889037253620593, 0.27557573446507, 0.21814027534781885, 0.31738026482505177], [0.2916495662375505, 0.22465371998808772, 0.15610834211624264, 0.3275883716581196], [0.18218350378994005, 0.3196656914600203, 0.23785344762740293, 0.2602973571226372], [0.1877679677105729, 0.34250361327341877, 0.1970413884377082, 0.2726870305783005], [0.28947656167417113, 0.27625787077798675, 0.17005669759829883, 0.2642088699495436], [0.22132477001440246, 0.2791190790593267, 0.26238902083916055, 0.2371671300871107], [0.33538963881998646, 0.2002269963686431, 0.14326986621724241, 0.3211134985941283], [0.22578222327189554, 0.30487687920551476, 0.1846385064944257, 0.28470239102816414], [0.2404208075481781, 0.2796701374802353, 0.18178610482366742, 0.2981229501479199], [0.2535588048169649, 0.24364966211011602, 0.15243301214963093, 0.35035852092328845], [0.2453685602102188, 0.26731422426833923, 0.2107811719269391, 0.27653604359450357], [0.28397242366426967, 0.26374837126208345, 0.16834035619590051, 0.28393884887774673], [0.1965988017328798, 0.2750405481620867, 0.20828851381653177, 0.32007213628850195], [0.2062671877653407, 0.26686049125814576, 0.2161890917014563, 0.3106832292750574], [0.19231036752802635, 0.31959170822959077, 0.21561842271184892, 0.27247950153053435], [0.22229303695675864, 0.2777374713097966, 0.24826105578877097, 0.25170843594467396], [0.27576393788566145, 0.26954347529775347, 0.14799185125670344, 0.30670073555988225], [0.22436533643882098, 0.24334158548904902, 0.23244195489798938, 0.29985112317414087], [0.1834267976223908, 0.2787266035581884, 0.2601461600202879, 0.27770043879913353], [0.17259182307675566, 0.28932692583073966, 0.19969854957160552, 0.3383827015208991], [0.2039416616006251, 0.31145628253556906, 0.22347736210897556, 0.26112469375483055], [0.31097770271828673, 0.23522578418069884, 0.17970998257511564, 0.2740865305258989], [0.26448025454139423, 0.244999333769694, 0.16580977635883987, 0.32471063533007194], [0.2066785017793173, 0.28595685927575554, 0.2134681263302347, 0.29389651261469246], [0.24082144379819923, 0.24346712815394037, 0.21213004096962448, 0.3035813870782359], [0.17989558796957808, 0.3054155827954443, 0.2759553280607863, 0.23873350117419154], [0.28822740754087256, 0.26041096901487143, 0.18067323895523021, 0.2706883844890264], [0.23903947933088227, 0.28053548705603404, 0.20699042153244604, 0.27343461208063785], [0.2936900343633945, 0.2378399264890934, 0.1628580195724567, 0.30561201957505535], [0.18248265060732277, 0.28852326265995937, 0.22774119912004118, 0.3012528876126771], [0.2181593004729987, 0.25633284102819776, 0.19721037080039175, 0.3282974876984126], [0.35678420279937817, 0.20071317877135977, 0.147944403045523, 0.2945582153837396], [0.332036161154757, 0.1981376581113065, 0.1212365747658057, 0.34858960596813116], [0.21564390696029295, 0.26030531064796275, 0.20265012585180334, 0.3214006565399412], [0.16520997790843042, 0.3215006618564124, 0.22901815593602456, 0.284271204299133], [0.2378303325402512, 0.28673996313915273, 0.20870848567482417, 0.26672121864577225], [0.25233271678822683, 0.27605136292047483, 0.18946839096384008, 0.2821475293274587], [0.24067811663277544, 0.2545429841063867, 0.22199853931955918, 0.28278035994127926], [0.25874820731232206, 0.25343099021183896, 0.1857402479435043, 0.3020805545323352], [0.2537956707763519, 0.2675349735672031, 0.13359660185783134, 0.3450727537986136], [0.2670217043670437, 0.30617657627287487, 0.16042153835209252, 0.2663801810079892], [0.2879182208006882, 0.2911335177161068, 0.16295345060136557, 0.2579948108818395], [0.3094159821040348, 0.22619557356542536, 0.1549247373317522, 0.3094637069987882], [0.23242065662231032, 0.23162396366805854, 0.22117372140992828, 0.31478165829970356], [0.2138019603030131, 0.2755373606343954, 0.23691074249386512, 0.2737499365687267], [0.24269900639603698, 0.2632944351795094, 0.19870554059691328, 0.29530101782754076], [0.23056489510602546, 0.2795761380337472, 0.23389099152825557, 0.2559679753319723], [0.24630128733829565, 0.2559725226809578, 0.1963059241334022, 0.30142026584734466], [0.29133721996333073, 0.2594057389258968, 0.1741718191561012, 0.2750852219546718], [0.33271760629240593, 0.26800898076575985, 0.1195478885925928, 0.27972552434924147], [0.28369040504650467, 0.2198150510527659, 0.17920048398905775, 0.31729405991167253], [0.3370566888166126, 0.21370511394758543, 0.130384351844338, 0.3188538453914646], [0.22995755568457305, 0.2243062527358016, 0.23678052605213362, 0.3089556655274922], [0.24398574442517046, 0.26302173957861325, 0.20682722556449412, 0.28616529043172284], [0.23531699303118, 0.25807441400217335, 0.1975272724369802, 0.3090813205296665], [0.23026240892611546, 0.2787258569836751, 0.20995968851744554, 0.2810520455727645], [0.19157200424815188, 0.34380471500203336, 0.21776411618492084, 0.2468591645648943], [0.26906423217129444, 0.21620733120876726, 0.17396318499937277, 0.3407652516205657], [0.3356449373680852, 0.25291761428495546, 0.11645782064423686, 0.2949796277027225], [0.3000900396787175, 0.21185810815205186, 0.13426838395707488, 0.3537834682121563], [0.24981548902800266, 0.254519825967137, 0.17995189044547744, 0.315712794559383], [0.3245596795149746, 0.24260105527060338, 0.1309225573700418, 0.3019167078443807], [0.32528303914093704, 0.25443418870682516, 0.16078019649538935, 0.2595025756568488]]}, "rewritten": {"ids": ["97105960", "97106591", "97106820", "97107681", "97107821", "97112170", "97116800", "98106560", "98107340", "98108150", "98108370", "98108580", "98109311", "98109570", "98110230", "98111231", "98111620", "98111860", "98112300", "98121790", "99105921", "99107660", "99108580", "99109780", "99109860", "99109910", "99110050", "99111340", "99119830", "100108580", "100109801", "100111270", "100115700", "100116500", "101108370", "101108460", "101112201", "101112540", "101117580", "102109910", "102110240", "102110690", "102112301", "102116340", "102116500", "102117351", "103109021", "103110220", "103112470", "103113101", "103118110", "103120780", "104111830", "104111990", "104112201", "104113000", "104117200", "105112130", "105113170", "105113260", "105115570", "105115680", "105117200", "105117431", "105118740", "106114011", "106114321", "106114880", "106116441", "106116640", "106116850", "106117770", "106117790", "106118301", "106120640", "107113180", "107114110", "107114321", "107116300", "107116501", "107118490", "107118520", "107118820", "107119950", "107121230", "108114360", "108114670", "108117720", "108118810", "108119550", "108120060", "108121190", "109114030", "109114270", "109116170", "109116810", "109117110", "109117600", "109119450", "109119460", "109120621", "109121351", "110115140", "110115250", "110115710", "110115890", "110115980", "110116501", "110117080", "110118630", "110118701", "110118740", "110118880", "110119030", "110120560", "110121450", "111115620", "111116090", "111117571", "111120260", "111120640", "112116800", "112116880", "112117030", "112117660", "112117790", "112118530", "112118550", "112118880", "112119930", "112119980", "112120640", "113117630", "113118111", "113118630", "113118870", "113120280", "113121220", "113121950", "113121980", "113122220", "113122430"], "labels": [2, 1, 1, 3, 2, 0, 0, 1, 0, 0, 1, 0, 1, 1, 3, 1, 3, 0, 2, 2, 1, 3, 0, 2, 2, 2, 3, 1, 1, 0, 0, 2, 1, 2, 1, 0, 0, 2, 3, 2, 3, 0, 1, 3, 1, 1, 0, 2, 1, 3, 2, 1, 3, 2, 0, 1, 3, 1, 0, 3, 0, 2, 3, 1, 1, 1, 2, 0, 0, 3, 3, 0, 1, 1, 3, 3, 1, 0, 0, 1, 2, 2, 3, 3, 0, 1, 3, 1, 1, 1, 1, 1, 1, 3, 0, 3, 1, 1, 3, 1, 1, 0, 0, 1, 2, 2, 1, 3, 1, 1, 3, 3, 0, 0, 0, 3, 1, 3, 3, 3, 0, 0, 0, 2, 0, 3, 1, 3, 1, 1, 0, 0, 0, 1, 3, 0, 0, 3, 3, 2, 1, 2], "predicted_labels": [3, 1, 3, 0, 0, 0, 0, 0, 3, 1, 3, 1, 1, 0, 3, 3, 1, 3, 0, 1, 3, 0, 0, 1, 1, 3, 1, 1, 3, 3, 3, 3, 1, 3, 0, 1, 1, 3, 3, 3, 0, 0, 3, 1, 3, 1, 3, 3, 3, 3, 3, 1, 1, 1, 3, 3, 1, 3, 3, 3, 1, 3, 1, 1, 3, 3, 0, 3, 1, 1, 1, 0, 3, 3, 3, 3, 0, 3, 1, 3, 1, 3, 1, 0, 3, 1, 0, 0, 3, 3, 1, 1, 0, 0, 3, 0, 1, 1, 1, 1, 3, 1, 1, 3, 1, 0, 0, 3, 3, 3, 3, 3, 3, 3, 3, 3, 1, 3, 3, 3, 3, 3, 3, 1, 1, 3, 3, 0, 3, 3, 3, 3, 3, 3, 3, 3, 3, 3, 3, 3, 3, 1], "confidence_scores": [[0.23578624103861123, 0.2856373312507809, 0.1867045159171422, 0.2918719117934659], [0.20171653978568008, 0.3143951163818282, 0.2197007027224954, 0.2641876411099965], [0.2322449205824966, 0.2947880996178128, 0.1704779194272604, 0.3024890603724303], [0.28268248383460554, 0.2290642553137924, 0.21033906699837396, 0.2779141938532285], [0.2844196650192565, 0.25919382812470654, 0.1775147342361374, 0.2788717726198994], [0.32365925465367795, 0.23103779417036943, 0.1760352555012655, 0.26926769567468706], [0.3277634743536697, 0.24401951333663885, 0.1609488228365986, 0.2672681894730931], [0.2841950969870829, 0.27996934032074977, 0.1535302308093415, 0.28230533188282636], [0.20169803905319358, 0.2929837776471327, 0.21042723298455693, 0.29489095031511675], [0.24292421428089483, 0.274437900573128, 0.21572530789853495, 0.2669125772474428], [0.2427650730136629, 0.26941793413321413, 0.19849754064602798, 0.28931945220709543], [0.21370776162329613, 0.2996573231136662, 0.21055088478547526, 0.2760840304775629], [0.2469469776342873, 0.2974320192695357, 0.1674192420463679, 0.28820176104980966], [0.2996102078240895, 0.25488865204386535, 0.1494842731274582, 0.2960168670045872], [0.26655476661588223, 0.27098904061817874, 0.1724768870412778, 0.2899793057246617], [0.28682211537550506, 0.2646615267761271, 0.14638229902669556, 0.3021340588216726], [0.20223927756880195, 0.32894332839634777, 0.19179032507885782, 0.2770270689559929], [0.24276887531215496, 0.2650452249553524, 0.17195532620187862, 0.32023057353061407], [0.30483398641420617, 0.24375750936825932, 0.1579867738022084, 0.2934217304153265], [0.26568476341094266, 0.2790733594169549, 0.1921042050727379, 0.26313767209936506], [0.2531393990661915, 0.27330045920451307, 0.16063837127741634, 0.3129217704518797], [0.3183622116170559, 0.23016749454456492, 0.1581410932428198, 0.29332920059555934], [0.2833651598136119, 0.2730475635530668, 0.20699805724082013, 0.23658921939250113], [0.25419515712751434, 0.2727151796485803, 0.20429169249936607, 0.2687979707245397], [0.25590983382341326, 0.2862190637565116, 0.17673377764927714, 0.2811373247707982], [0.25750860530165925, 0.2725501441995164, 0.18093017455912042, 0.2890110759397046], [0.22830834991001922, 0.3109734100961405, 0.18410831082052395, 0.2766099291733163], [0.1965000968708533, 0.3199638276077935, 0.22225158999517888, 0.26128448552617456], [0.2553703909366596, 0.258808576031989, 0.192849863409111, 0.2929711696222406], [0.24360644158993694, 0.25685763338665796, 0.18714181340742841, 0.3123941116159771], [0.25974820088902917, 0.26665159922323983, 0.14788117833823453, 0.3257190215494966], [0.22915287301064713, 0.28332356353363314, 0.18733220971869982, 0.3001913537370206], [0.26214665531776365, 0.2912451470275416, 0.17063166560683596, 0.2759765320478594], [0.23934543741343703, 0.26377672388314244, 0.22095736603308358, 0.27592047267033715], [0.28858453198808387, 0.2842770204729406, 0.14788642561817847, 0.27925202192079757], [0.269184606086277, 0.29910853214107247, 0.2015356401564922, 0.23017122161615883], [0.2496933012774223, 0.2899279182815858, 0.1817357093184944, 0.2786430711224979], [0.2663638968133278, 0.26604029343788566, 0.17609199136672093, 0.29150381838206607], [0.2636469527082114, 0.24934639590088925, 0.19024488725383681, 0.29676176413706323], [0.22722277146708697, 0.26007856239208244, 0.2047569820937686, 0.30794168404706224], [0.2754753467517736, 0.27100617710136377, 0.18779131607737964, 0.26572716006948344], [0.3162274897414205, 0.2561366164691089, 0.1392223038526459, 0.2884135899368249], [0.28869494850198973, 0.25423918926648975, 0.1625519559171288, 0.2945139063143922], [0.2470165425579874, 0.28598144330502256, 0.21280345805023865, 0.25419855608675174], [0.2127564499922309, 0.27626486523984944, 0.23244324275145098, 0.2785354420164688], [0.2642709172739861, 0.29390420613940416, 0.1747934670856278, 0.26703140950098236], [0.25903080937193584, 0.25303012538136754, 0.17490867275205263, 0.3130303924946444], [0.24245706264055064, 0.262844169856245, 0.1827220926022528, 0.31197667490095216], [0.25252577839872814, 0.26865312108387907, 0.17953909682178426, 0.2992820036956085], [0.24638812088577117, 0.2838663089724396, 0.17592540794718847, 0.29382016219460133], [0.24001715537834262, 0.25174990283577636, 0.24788177589491597, 0.2603511658909653], [0.25023235280973644, 0.29432767626873724, 0.1953243239984302, 0.2601156469230966], [0.24473801681096644, 0.306619475779737, 0.17417909623320377, 0.27446341117609285], [0.24042431680313728, 0.3091503083425793, 0.18732989823568116, 0.26309547661860266], [0.2610238953803807, 0.24972491581939912, 0.19721849226621893, 0.2920326965340019], [0.27166254789930266, 0.2709653512297756, 0.16129154279142355, 0.2960805580794983], [0.2603870445706704, 0.2804489827915222, 0.18683355970597826, 0.2723304129318295], [0.27889137365993066, 0.23470101452215267, 0.16900981448961735, 0.31739779732829954], [0.22625746810407257, 0.24712802231102982, 0.19355342460490232, 0.3330610849799955], [0.29089463692386935, 0.2605215344511634, 0.155482204262107, 0.2931016243628601], [0.24186830023769507, 0.2971912848538178, 0.16686688212676964, 0.29407353278171794], [0.23376126035357347, 0.27315803384646986, 0.18931010768004533, 0.30377059811991214], [0.2571633694002474, 0.2989665130114438, 0.20391613259414523, 0.2399539849941637], [0.25074835100096743, 0.30968465708769144, 0.16129415788025, 0.2782728340310918], [0.2633433539099257, 0.2817336082772753, 0.1695434187910883, 0.2853796190217112], [0.23248298461430622, 0.2982620518126977, 0.16935427045929002, 0.29990069311370626], [0.2786074691046352, 0.2651911810028468, 0.18092312536080116, 0.27527822453171696], [0.24238858643168756, 0.28240123309234655, 0.17733518199685208, 0.2978749984791146], [0.27650582385012207, 0.28658062916607074, 0.16433551372215652, 0.2725780332616512], [0.2349084400308156, 0.2811999010379249, 0.20990279216258956, 0.27398886676867035], [0.261422825786585, 0.28303189043110555, 0.18758518556736348, 0.2679600982149463], [0.2863195993438548, 0.2540780675154558, 0.1739200699209684, 0.28568226321972107], [0.21235436961513515, 0.2966870495087073, 0.19117537851604924, 0.299783202360109], [0.2948798796442222, 0.24976347952408648, 0.16019427703662906, 0.29516236379506255], [0.21495642472927695, 0.2716340251024879, 0.21685440920157364, 0.29655514096666125], [0.2702402529356622, 0.24800736864182102, 0.18504625063541771, 0.2967061277870993], [0.3188749384579881, 0.22520246646252606, 0.1623170987324361, 0.2936054963470501], [0.24743154880366056, 0.2603075939029736, 0.2031384556842363, 0.28912240160913016], [0.22484720684519305, 0.2847114547851397, 0.2220804886100973, 0.26836084975957036], [0.2671003750352671, 0.27159509242665875, 0.16007369941995073, 0.30123083311812376], [0.22373289475053482, 0.28996611183805904, 0.2275915998123937, 0.2587093935990129], [0.21714978837889326, 0.2583723618080706, 0.20490855455740037, 0.3195692952556359], [0.21182862558537968, 0.2951114330435676, 0.21107890389473377, 0.28198103747631953], [0.2888053511835673, 0.26038808853453815, 0.1772890965063043, 0.2735174637755908], [0.2506826980367919, 0.26627121416448885, 0.17538159013997084, 0.307664497658749], [0.262645667642486, 0.2685113792262907, 0.2087754675362646, 0.2600674855949591], [0.2987564731794622, 0.26496189717127383, 0.17439326220975593, 0.26188836743950844], [0.34057737892164713, 0.22633791159765948, 0.15377601882949826, 0.2793086906511956], [0.23574156764494097, 0.2830199512920352, 0.17762794929287248, 0.30361053177015157], [0.2467033806612279, 0.2815608398612226, 0.1836128035029952, 0.2881229759745546], [0.2761924187804879, 0.27801710109527483, 0.1790658240937793, 0.2667246560304585], [0.2668999438629199, 0.2812997185731279, 0.19042315857026404, 0.2613771789936886], [0.3210605010402396, 0.22237323274917592, 0.16596875743826942, 0.29059750877231544], [0.29341979925885114, 0.27902352925517676, 0.15996871050824368, 0.26758796097772874], [0.24024052842012178, 0.26005084984765325, 0.22782508912591223, 0.2718835326063133], [0.2995830157381316, 0.28062586625761854, 0.1495519243196421, 0.27023919368460797], [0.22336362852659628, 0.2873841774023428, 0.20462829951587266, 0.28462389455518866], [0.24491904154013805, 0.2799184639491486, 0.2119470784994643, 0.2632154160112492], [0.25886713247606963, 0.2756956519514019, 0.19410935717828853, 0.27132785839424084], [0.2655928189219254, 0.2845021958460524, 0.18325319119442543, 0.2666517940375969], [0.25003413851083556, 0.2642694363118619, 0.1674072540502936, 0.3182891711270093], [0.24974307793349795, 0.2989455134142815, 0.1967667334476887, 0.2545446752045324], [0.2469037441519299, 0.29066898526127755, 0.20442046041050724, 0.25800681017628585], [0.2552191588186877, 0.29055146483836336, 0.15181147078230614, 0.3024179055606432], [0.2293335078986967, 0.30001414495348816, 0.17379463597629935, 0.29685771117151627], [0.28719172851446, 0.2767479947809701, 0.1614330593123979, 0.27462721739217183], [0.291704168089, 0.2561518988321849, 0.1671927754210312, 0.2849511576577846], [0.2380013320259097, 0.29527931288738735, 0.16284331356426754, 0.3038760415224359], [0.2747566286680074, 0.2694323647305946, 0.1806185008008714, 0.2751925058005273], [0.272182785686825, 0.2625112065706253, 0.16702854376529236, 0.29827746397725763], [0.256435394967001, 0.25566007933042223, 0.16263652010979482, 0.32526800559278246], [0.24684748323646885, 0.2651074831788378, 0.19304996608426786, 0.29499506750042576], [0.28453111483507315, 0.24530749945400174, 0.15097715813759496, 0.3191842275733303], [0.23130681901216596, 0.27857517756487415, 0.17592618874920918, 0.314191814673751], [0.24110036795589412, 0.27335341378439365, 0.20742456124136263, 0.2781216570183498], [0.2576089092722188, 0.28524190837096863, 0.16781119628401503, 0.28933798607279787], [0.2790707601681519, 0.29084545980484244, 0.16955319717562772, 0.26053058285137815], [0.29200914907959125, 0.25043108180718004, 0.15997793875131355, 0.2975818303619152], [0.23016789850960043, 0.24891964406996916, 0.22031486560052238, 0.3005975918199083], [0.27742616286337324, 0.2319496310070325, 0.19121932749296028, 0.2994048786366343], [0.23460004985012245, 0.27202280921911626, 0.20080634302328737, 0.2925707979074745], [0.27942711475316084, 0.2895145417902747, 0.14003115643815492, 0.29102718701841007], [0.2552721445214494, 0.2607168822961567, 0.2126621167553353, 0.27134885642705925], [0.2796096108901018, 0.2815869839589372, 0.17577819910765402, 0.26302520604330715], [0.2695259360429324, 0.28487104644121464, 0.16551192778901863, 0.2800910897268342], [0.2789091257912559, 0.24845405455622882, 0.14993549322407856, 0.32270132642843685], [0.23094983023693152, 0.27409562797190246, 0.2110536467035151, 0.2839008950876516], [0.2883637994908374, 0.2527742393141761, 0.18749142966517973, 0.27137053152980706], [0.2382373349440247, 0.25137323738798695, 0.20460221262193565, 0.305787215046053], [0.23618220207323362, 0.2764077354992172, 0.19158361710811395, 0.2958264453194358], [0.25675358787881086, 0.2733314981418438, 0.18706979891461573, 0.28284511506472965], [0.2598047984187731, 0.2641013333709152, 0.18823414912775077, 0.2878597190825613], [0.2611112535404751, 0.24788145677041795, 0.18644164925157497, 0.3045656404375324], [0.257245128277027, 0.27446710094707055, 0.14981272416579147, 0.31847504661011106], [0.26689840468885945, 0.2763148704664297, 0.16962610444851697, 0.2871606203961938], [0.23381222763651854, 0.290536072896197, 0.1735898013748325, 0.30206189809245204], [0.21636693775161264, 0.25974673769906415, 0.18053952608820983, 0.3433467984611137], [0.2547190637281872, 0.2841522621284846, 0.1642102866577624, 0.29691838748556587], [0.29212035991453733, 0.24022347435732572, 0.17480675123958936, 0.2928494144885482], [0.2752054124567153, 0.2571796118239164, 0.1746760034253283, 0.2929389722940403], [0.19861159106858442, 0.29399730127375145, 0.19421888069218812, 0.31317222696547586], [0.26022507607486456, 0.28689522668510864, 0.1891270335363784, 0.2637526637036491]]}}