{"test": {"ids": ["97116410", "98108370", "110116501", "106114011", "97112830", "111117200", "99109161", "111120260", "100113210", "112121010", "105115720", "111118910", "112117571", "102109010", "109117730", "99119830", "112116290", "110118880", "99108080", "110120190", "108115500", "100108580", "109118161", "103111170", "104113380", "112116900", "98106560", "109118820", "104111711", "112118860", "112117210", "104111550", "110117870", "112119320", "107121540", "109117110", "101111140", "112116401", "103113640", "107114140", "112118550", "110118450", "108119550", "107118120", "98107380", "102121700", "99105921", "103111620", "102108621", "111114121", "98116940", "105110091", "111120320", "106120640", "104112201", "107114110", "104112470", "106114880", "100109801", "101109000", "108114220", "98108580", "98112580", "113118620", "109116040", "97113260", "109114651", "104111620", "97116790", "103120730", "108118060", "110120560", "99109910", "111116090", "111119150", "105115380", "111117571", "100111270", "112119930", "112118421", "107114621", "105116860", "99111620", "98108410", "112121030", "111116100", "101111210", "99111930", "107114490", "102113350", "109116170", "108113740", "111119430", "113122650", "98120530", "101112690", "106113260", "112121410", "107114321", "97107920", "100107920", "104113210", "102110500", "105113620", "111120280", "103113170", "108118291", "100108080", "105113330", "111116990", "100116500", "113121010", "109116441", "103111990", "110117080", "97114170", "105120280", "108114270", "105115900", "109113281", "107116501", "102113210", "107120010", "106113360", "105112130", "101111620", "109116930", "103118110", "111117480", "113121750", "108116120", "110114651", "99117630", "106113170", "103113610", "100116790", "98109570", "104110960", "103109021", "98111231", "101110740", "113118810"], "labels": [3, 1, 3, 1, 2, 0, 3, 3, 0, 2, 1, 0, 3, 1, 3, 1, 0, 0, 3, 3, 3, 0, 0, 2, 1, 3, 1, 3, 1, 3, 1, 1, 3, 1, 2, 1, 2, 0, 1, 2, 3, 0, 1, 3, 1, 1, 1, 0, 3, 0, 2, 0, 1, 3, 0, 1, 1, 0, 0, 1, 3, 0, 2, 3, 0, 1, 3, 0, 2, 1, 1, 0, 2, 3, 3, 1, 3, 2, 1, 3, 0, 2, 3, 1, 0, 3, 2, 1, 3, 3, 0, 3, 3, 2, 1, 1, 3, 0, 0, 0, 0, 3, 3, 0, 0, 3, 3, 0, 3, 0, 2, 2, 3, 2, 1, 2, 3, 3, 3, 0, 1, 3, 1, 0, 1, 3, 0, 2, 1, 0, 1, 3, 3, 0, 2, 2, 1, 2, 0, 1, 3, 3], "predicted_labels": [1, 3, 0, 1, 3, 1, 0, 1, 3, 3, 1, 1, 3, 1, 0, 1, 1, 3, 1, 1, 3, 2, 1, 3, 1, 1, 3, 1, 3, 1, 1, 1, 1, 3, 1, 1, 1, 0, 0, 1, 3, 1, 1, 1, 3, 3, 0, 1, 0, 1, 1, 1, 3, 1, 3, 3, 3, 1, 1, 3, 1, 0, 1, 3, 3, 3, 3, 0, 2, 1, 3, 1, 2, 3, 3, 1, 0, 1, 1, 3, 1, 1, 1, 1, 0, 0, 1, 1, 3, 1, 1, 0, 1, 3, 3, 1, 0, 1, 3, 3, 3, 3, 3, 1, 1, 1, 3, 1, 3, 3, 1, 1, 1, 1, 1, 1, 1, 3, 3, 1, 1, 3, 2, 1, 1, 1, 3, 3, 3, 1, 0, 3, 0, 1, 1, 0, 3, 0, 1, 0, 1, 3], "confidence_scores": [[0.21676785991786002, 0.30271769896769896, 0.24199776057276057, 0.23851668054168063], [0.19595683760683769, 0.25729186924186925, 0.25582493617493635, 0.29092635697635677], [0.2917361971361973, 0.25998720168720174, 0.1681880730380731, 0.28008852813852814], [0.25204315406815414, 0.30014801864801866, 0.19265227272727276, 0.2551565545565547], [0.23041843711843732, 0.2444593795093796, 0.2275460317460319, 0.2975761516261517], [0.27963943556443566, 0.3422062298812299, 0.17384565434565447, 0.2043086802086803], [0.3035388333888334, 0.26536633366633383, 0.19501006216006225, 0.23608477078477097], [0.25097886002886016, 0.3163939742404139, 0.2032810193934034, 0.2293461463373229], [0.26827065712065723, 0.25105086580086594, 0.1760838883338884, 0.3045945887445888], [0.23865472027972026, 0.2775897635044694, 0.1805828610931554, 0.30317265512265495], [0.2120893883893884, 0.35589718614718613, 0.16451787101787116, 0.26749555444555456], [0.23023222888222894, 0.31611094461094474, 0.18464028194028206, 0.26901654456654467], [0.27121120546120536, 0.27458345902463566, 0.17277105786370503, 0.2814342776504543], [0.22707900432900446, 0.3046783050283052, 0.2161588300588301, 0.25208386058386056], [0.31116164391164397, 0.2341053557553558, 0.19090931845931847, 0.26382368187368194], [0.19362782054546765, 0.3167442129765659, 0.25392594627594633, 0.23570202020202038], [0.264552813852814, 0.32139460539460535, 0.15612101787101795, 0.25793156288156294], [0.23247066267066274, 0.3092490342990342, 0.14843665223665223, 0.30984365079365084], [0.23345519480519483, 0.28054054834054837, 0.22025950160950175, 0.26574475524475527], [0.22357890442890455, 0.3341318958818957, 0.1690620768120768, 0.27322712287712303], [0.225252380952381, 0.27084165279165284, 0.2084942279942281, 0.2954117382617384], [0.26429595959595953, 0.22746534576534574, 0.2675933621933622, 0.2406453324453326], [0.2381813492063493, 0.33915368520368505, 0.17571404151404155, 0.24695092407592417], [0.25463072483072485, 0.2472751248751248, 0.21220044400044408, 0.28589370629370636], [0.2323494782994784, 0.2817944777444778, 0.21581143301143316, 0.27004461094461096], [0.2665978077478078, 0.304220820845821, 0.16479318181818187, 0.26438818958818966], [0.2641154623154623, 0.2514305971805974, 0.2021205849705852, 0.28233335553335553], [0.19503100233100237, 0.2990875402375402, 0.24124047619047626, 0.26464098124098134], [0.2119330114330114, 0.2559249472749474, 0.22190241425241425, 0.31023962703962726], [0.2460035880785882, 0.29180481348716636, 0.23487992122256834, 0.22731167721167728], [0.17524958374958374, 0.40499552465078775, 0.2010473047420417, 0.2187075868575868], [0.210761038961039, 0.34257949550449546, 0.18922239427239426, 0.2574370712620714], [0.21742186343068712, 0.2997793631205397, 0.24735503385503396, 0.23544373959373968], [0.17078710766357832, 0.27670430566165877, 0.2439188458600224, 0.3085897408147407], [0.21051963755199055, 0.3068047619047619, 0.22436405653170363, 0.2583115440115441], [0.23195084000966354, 0.31090624930624916, 0.2013607151018917, 0.2557821955821956], [0.2618487234987236, 0.2697911477411479, 0.2512507270507272, 0.21710940170940177], [0.2974343711843711, 0.23536655011655025, 0.17533326118326137, 0.29186581751581786], [0.29014660894660904, 0.2610666444666447, 0.1614221722721724, 0.28736457431457446], [0.23432590187590194, 0.32226746031746056, 0.18275196192696197, 0.260654675879676], [0.2269164835164837, 0.2593737928737929, 0.1574015724042041, 0.3563081512055196], [0.2077303751803752, 0.3356121933621933, 0.17806366411366412, 0.2785937673437676], [0.2508199705523235, 0.28362770007770016, 0.2364023515699986, 0.22914997779997795], [0.21064860694860704, 0.3052501443001443, 0.19035112665112672, 0.293750122100122], [0.24117531912531914, 0.2613910700410702, 0.21433153235653232, 0.28310207847707847], [0.2642418914418914, 0.2798689643689645, 0.16611423021423027, 0.28977491397491406], [0.29255323842823844, 0.25361632811632817, 0.223044327894328, 0.23078610556110554], [0.21698489288489278, 0.36073667998668013, 0.23373746808746826, 0.1885409590409592], [0.3193327894327894, 0.277696336996337, 0.15052450327450334, 0.2524463702963704], [0.2639960539460541, 0.34321619491619476, 0.16159905649905654, 0.23118869463869468], [0.19944661449661455, 0.35318914973914967, 0.2132802253302255, 0.23408401043401053], [0.186338888888889, 0.2811462093462093, 0.26196738816738807, 0.2705475135975137], [0.249028837828838, 0.27312410563292916, 0.19487205017205025, 0.28297500636618295], [0.20894282939282963, 0.32046484626484617, 0.24557306582306593, 0.22501925851925855], [0.27667755022755025, 0.2573985653235656, 0.18106074481074488, 0.2848631396381397], [0.1841244311244311, 0.2139699522699523, 0.1923941502941504, 0.40951146631146645], [0.21168080808080814, 0.2690911643911643, 0.2243473026973028, 0.2948807248307251], [0.2485061105561108, 0.2984246031746031, 0.22594906204906207, 0.22712022422022432], [0.2517410034410035, 0.3292922077922078, 0.20019175269175285, 0.21877503607503626], [0.20740523920523923, 0.29563003663003656, 0.19608507603507608, 0.30087964812964807], [0.20026875346875359, 0.3121649100899101, 0.26028888888888896, 0.22727744755244758], [0.28000649905649916, 0.2709149683649684, 0.22786474081474092, 0.22121379176379188], [0.20286330336330352, 0.33372374373992014, 0.21778642305407028, 0.24562652984270641], [0.2501178932178933, 0.2717104839604842, 0.1662323731823733, 0.3119392496392496], [0.21558510933510938, 0.24217574092574104, 0.24286808191808198, 0.29937106782106776], [0.22943914973914983, 0.23967150072150092, 0.23990170940170932, 0.29098764013764006], [0.2550117882117882, 0.24176761571761585, 0.18235469530469536, 0.3208659007659007], [0.30521710789210793, 0.2236965145965147, 0.18257108724608725, 0.2885152902652902], [0.25341606171606174, 0.233882178932179, 0.2566902708402711, 0.25601148851148864], [0.248958152958153, 0.2972805527805527, 0.20928707403707397, 0.2444742202242203], [0.2847049672549673, 0.24490643245643254, 0.1635100455100455, 0.30687855477855464], [0.214282175340999, 0.2873768101179866, 0.2162475191475193, 0.28209349539349565], [0.19100567765567764, 0.23663739593739608, 0.3345012848262849, 0.23785564158064162], [0.2840292513042514, 0.22571569737452102, 0.1735957792207793, 0.3166592721004485], [0.24890627705627727, 0.26750650183150193, 0.17109623432123444, 0.31249098679098664], [0.2570069042069041, 0.31149216339216357, 0.1915858308358309, 0.23991510156510149], [0.3062774614274615, 0.30083092103974457, 0.16520528360528378, 0.22768633392751045], [0.22713998778998787, 0.3250406537906537, 0.23270923520923537, 0.21511012321012318], [0.18481182151182154, 0.317834720834721, 0.19784203851703863, 0.29951141913641904], [0.26925446775446776, 0.2808934176934178, 0.1671947052947054, 0.28265740925740934], [0.22033254523254536, 0.31095047175047175, 0.20562809412809419, 0.2630888888888889], [0.23267239427239425, 0.3353902652902654, 0.16520365190365194, 0.26673368853368856], [0.16172869352869357, 0.3184106876783347, 0.24255160003395307, 0.2773090187590189], [0.2711931596181596, 0.31093946331446326, 0.18538024198024203, 0.23248713508713523], [0.29115569985569995, 0.27114740259740255, 0.15951590909090912, 0.27818098845598854], [0.30059676597911883, 0.28607501942501945, 0.17881442283206994, 0.2345137917637919], [0.2763696747696749, 0.2818629814629814, 0.17697559662559667, 0.2647917471417473], [0.17568608058608068, 0.3248697691197692, 0.2429670440670441, 0.2564771062271062], [0.19569741532976836, 0.29177522918258236, 0.20415293595293593, 0.3083744195347137], [0.21413732378732384, 0.3114669053169052, 0.26112976745476757, 0.21326600344100352], [0.22079437506937521, 0.29479645354645356, 0.19104096736596743, 0.29336820401820424], [0.3277923826173827, 0.23109602342102356, 0.19594673104673113, 0.24516486291486309], [0.2183223498723499, 0.3130302364302365, 0.201815367965368, 0.2668320457320457], [0.22288492063492069, 0.26361435786435794, 0.20569300144300143, 0.3078077200577203], [0.25877471139971153, 0.2525546370296371, 0.1743484810511126, 0.3143221705195389], [0.22813787878787897, 0.2869348948437185, 0.22631111111111116, 0.2586161152572919], [0.32428010323010337, 0.296838172938173, 0.15931381396381408, 0.21956790986790997], [0.24565828615828633, 0.3058820734820734, 0.1677277722277723, 0.28073186813186823], [0.20645165390165401, 0.2849747474747476, 0.1968657176157177, 0.31170788100788094], [0.2870410811410813, 0.18414533799533808, 0.18638586968586976, 0.3424277111777111], [0.29232929292929305, 0.24890832500832524, 0.1591551337551338, 0.29960724830724844], [0.2511812187812189, 0.2578804695304696, 0.18528744588744597, 0.3056508658008657], [0.26153777888777896, 0.24290457042957053, 0.17145604395604405, 0.32410160672660654], [0.24211324786324798, 0.32877382062382077, 0.22971228771228785, 0.19940064380064387], [0.24640758163405227, 0.3319048134871666, 0.1455964959876725, 0.2760911088911088], [0.19931663059163054, 0.319401406926407, 0.23853694083694085, 0.24274502164502176], [0.27186963591963587, 0.2699131202131203, 0.17630331890331896, 0.28191392496392503], [0.23603504273504278, 0.3129180375180375, 0.1646228271728272, 0.2864240925740926], [0.2991412420912424, 0.2096422055069115, 0.17598417366946792, 0.31523237873237886], [0.3028668109668113, 0.23102424242424252, 0.15670656565656577, 0.30940238095238093], [0.2145297702297703, 0.29819466644466663, 0.22298694083694096, 0.26428862248862267], [0.22414107559107563, 0.29657279942279957, 0.19972737262737267, 0.27955875235875244], [0.27280380175380176, 0.3094034909534909, 0.14196225996226, 0.2758304473304473], [0.24106820401820409, 0.293529786879787, 0.19403582528582528, 0.27136618381618394], [0.18163341658341653, 0.32447664002664, 0.18758716488190183, 0.3063027785080417], [0.20486789321789325, 0.2953571595071594, 0.2124443944943946, 0.2873305527805529], [0.19264175269175277, 0.30146154751681065, 0.26240732805206496, 0.24348937173937193], [0.20862711340946632, 0.25546511152246454, 0.1887193861693863, 0.34718838889868286], [0.22872937340437344, 0.2602396353646355, 0.24724093129093133, 0.26379005994005994], [0.2603631590631591, 0.3107997557997558, 0.14331017316017314, 0.2855269119769121], [0.2578450382950384, 0.28761370622841215, 0.17998847769877194, 0.2745527777777779], [0.2541727189477189, 0.24806334776334785, 0.19074003774003784, 0.30702389554889553], [0.21777625511743165, 0.25889583145612566, 0.26298938528791477, 0.2603385281385282], [0.26013203463203455, 0.3228393939393939, 0.18888376623376635, 0.22814480519480523], [0.20263807499689865, 0.34963668357786004, 0.18976955266955284, 0.2579556887556888], [0.2305919247419249, 0.27516862581862567, 0.23729131424131436, 0.25694813519813525], [0.25739795759795786, 0.2513101454101454, 0.2134152125652127, 0.2778766844266844], [0.24313484848484848, 0.25909271284271285, 0.2205302586302587, 0.2772421800421801], [0.220977861027861, 0.2987230998533631, 0.15679795409269098, 0.3235010850260852], [0.23462585584350285, 0.31093987842223136, 0.16925579975579993, 0.28517846597846624], [0.30821035076035075, 0.24301209346209357, 0.15836332001332004, 0.2904142357642358], [0.21721738816738817, 0.2971704906204905, 0.185727344877345, 0.2998847763347762], [0.28039812409812415, 0.27806131368631365, 0.1903142218892219, 0.2512263403263404], [0.23973922743922763, 0.33092027972027954, 0.16518960483960496, 0.2641508880008881], [0.21475016095016108, 0.2885000777000777, 0.28083341935841954, 0.21591634199134213], [0.27177678987678994, 0.2567118992118992, 0.21767331557331565, 0.2538379953379955], [0.2297728576978577, 0.279287173937174, 0.17410907148407143, 0.3168308968808967], [0.27375486457986453, 0.27143971028971037, 0.20614489954489965, 0.24866052558552565], [0.26765550560550555, 0.27690286380286394, 0.18708088023088032, 0.2683607503607505], [0.28576847596847604, 0.2522349428349428, 0.20474189144189148, 0.25725468975469], [0.26703256743256754, 0.28343981018981024, 0.21299407814407825, 0.23653354423354425], [0.2392643800643801, 0.2811232212232213, 0.18856565101565112, 0.29104674769674777]]}, "rewritten": {"ids": ["97107920", "97112830", "97113260", "97114170", "97116410", "97116790", "98106560", "98107380", "98108370", "98108410", "98108580", "98109570", "98111231", "98112580", "98116940", "98120530", "99105921", "99108080", "99109161", "99109910", "99111620", "99111930", "99117630", "99119830", "100107920", "100108080", "100108580", "100109801", "100111270", "100113210", "100116500", "100116790", "101109000", "101110740", "101111140", "101111210", "101111620", "101112690", "102108621", "102109010", "102110500", "102113210", "102113350", "102121700", "103109021", "103111170", "103111620", "103111990", "103113170", "103113610", "103113640", "103118110", "103120730", "104110960", "104111550", "104111620", "104111711", "104112201", "104112470", "104113210", "104113380", "105110091", "105112130", "105113330", "105113620", "105115380", "105115720", "105115900", "105116860", "105120280", "106113170", "106113260", "106113360", "106114011", "106114880", "106120640", "107114110", "107114140", "107114321", "107114490", "107114621", "107116501", "107118120", "107120010", "107121540", "108113740", "108114220", "108114270", "108115500", "108116120", "108118060", "108118291", "108119550", "109113281", "109114651", "109116040", "109116170", "109116441", "109116930", "109117110", "109117730", "109118161", "109118820", "110114651", "110116501", "110117080", "110117870", "110118450", "110118880", "110120190", "110120560", "111114121", "111116090", "111116100", "111116990", "111117200", "111117480", "111117571", "111118910", "111119150", "111119430", "111120260", "111120280", "111120320", "112116290", "112116401", "112116900", "112117210", "112117571", "112118421", "112118550", "112118860", "112119320", "112119930", "112121010", "112121030", "112121410", "113118620", "113118810", "113121010", "113121750", "113122650"], "labels": [0, 2, 1, 2, 3, 2, 1, 1, 1, 1, 0, 1, 1, 2, 2, 1, 1, 3, 3, 2, 3, 1, 3, 1, 0, 0, 0, 0, 2, 0, 2, 2, 1, 3, 2, 2, 3, 1, 3, 1, 3, 3, 3, 1, 0, 2, 0, 2, 3, 2, 1, 2, 1, 2, 1, 0, 1, 0, 1, 3, 1, 0, 1, 3, 0, 1, 1, 3, 2, 3, 0, 3, 0, 1, 0, 3, 1, 2, 0, 3, 0, 1, 3, 1, 2, 3, 3, 3, 3, 1, 1, 3, 1, 0, 3, 0, 0, 3, 0, 1, 3, 0, 3, 3, 3, 1, 3, 0, 0, 3, 0, 0, 3, 3, 0, 0, 1, 3, 0, 3, 3, 3, 0, 1, 0, 0, 3, 1, 3, 3, 3, 3, 1, 1, 2, 0, 0, 3, 3, 2, 0, 2], "predicted_labels": [3, 3, 3, 1, 1, 3, 3, 3, 1, 1, 0, 3, 0, 1, 1, 3, 0, 0, 0, 2, 1, 1, 1, 1, 3, 1, 2, 1, 1, 3, 3, 0, 3, 1, 0, 0, 1, 1, 3, 1, 0, 3, 1, 1, 1, 3, 1, 1, 1, 1, 0, 3, 1, 0, 1, 0, 1, 3, 3, 3, 1, 1, 1, 3, 1, 1, 1, 1, 1, 1, 1, 0, 1, 1, 0, 1, 3, 1, 3, 3, 1, 0, 3, 1, 1, 0, 1, 3, 3, 0, 3, 0, 1, 1, 3, 3, 1, 1, 0, 1, 0, 1, 1, 3, 1, 1, 1, 1, 3, 1, 1, 1, 3, 1, 3, 1, 3, 0, 1, 3, 1, 1, 1, 3, 1, 3, 1, 1, 0, 0, 0, 1, 1, 1, 1, 0, 3, 3, 3, 1, 1, 1], "confidence_scores": [[0.29413717948717943, 0.20864923964923984, 0.18536530691530698, 0.31184827394827397], [0.24114405039405057, 0.20477222222222227, 0.250783732933733, 0.3032999944499943], [0.24245487845487848, 0.2252953324453326, 0.23996905316905318, 0.29228073593073584], [0.20331365856365852, 0.32164433899433886, 0.19959971139971142, 0.2754422910422911], [0.22778692141192156, 0.2881457153957154, 0.2416027611277611, 0.24246460206460213], [0.24875959595959593, 0.22174865461336057, 0.24452472201001624, 0.2849670274170275], [0.2685129037629038, 0.20530718725718738, 0.20964322285901246, 0.3165366861208966], [0.24589262959262959, 0.2484026917526919, 0.2032800865800866, 0.30242459207459205], [0.22468907481407488, 0.27875339105339114, 0.24395497002997013, 0.25260256410256415], [0.2802984626484627, 0.3021898878898879, 0.17176388056388053, 0.2457477688977689], [0.26898502053502066, 0.2684159063159065, 0.2217616994116995, 0.2408373737373739], [0.2100934204684205, 0.2332705516705517, 0.18143411310911306, 0.3752019147519146], [0.28535144300144316, 0.2687387778887778, 0.19226384726384746, 0.25364593184593204], [0.21287290487290494, 0.31989660894660904, 0.21912627927627937, 0.2481042069042071], [0.20472437007437008, 0.34798984903984914, 0.20278073038073058, 0.2445050505050505], [0.2708480103230103, 0.24332345154845164, 0.17769812030075202, 0.3081304178277861], [0.29962753080253096, 0.24743664113664132, 0.21538965478965477, 0.23754617327117325], [0.2741236152736154, 0.27038267288267287, 0.20670406260406274, 0.24878964923964927], [0.3298745643245643, 0.2761493950493953, 0.18362823287823296, 0.2103478077478078], [0.19767012987012994, 0.2374069347319348, 0.3218175824175825, 0.2431053529803529], [0.18632778332778333, 0.31339352706117396, 0.24869921353156652, 0.2515794760794763], [0.21025930735930742, 0.3168869130869131, 0.23277383172383176, 0.2400799478299479], [0.2780637806637807, 0.29069087301587304, 0.2078678793428793, 0.22337746697746708], [0.1746368781545253, 0.31909181814917104, 0.27530985680985676, 0.2309614468864471], [0.2897904040404041, 0.25405492285492304, 0.16434032634032636, 0.29181434676434687], [0.23200800310800326, 0.3078680097680099, 0.17225784215784215, 0.287866144966145], [0.23891062826062834, 0.23218455988455994, 0.3136851925851926, 0.2152196192696194], [0.24245303030303042, 0.30050223665223674, 0.23863701298701315, 0.21840772005772016], [0.2413128427128428, 0.30601707736707745, 0.2281655400155401, 0.22450453990453997], [0.26552342102342114, 0.23005370185370203, 0.16733939948939952, 0.3370834776334776], [0.2223334776334778, 0.2578345321345321, 0.20614018759018765, 0.3136918026418025], [0.2828721076309312, 0.2705018148518149, 0.21042814211931862, 0.23619793539793557], [0.23620211455211457, 0.27710418470418474, 0.19189577089577098, 0.29479792984792974], [0.2522258796758797, 0.2835781274281275, 0.20927674547674557, 0.25491924741924754], [0.273039826839827, 0.2704042069042069, 0.2351570984570986, 0.2213988677988679], [0.2768888555888556, 0.24651463536463541, 0.20034505494505492, 0.27625145410145424], [0.23478917748917755, 0.2862893939393939, 0.22954401154401163, 0.24937741702741706], [0.2175340714840717, 0.2867397935397936, 0.23054997779997782, 0.2651761571761572], [0.18487519702519703, 0.29554980019980015, 0.19579136419136428, 0.3237836385836386], [0.2732870629370629, 0.29167195582195593, 0.18298311688311694, 0.2520578643578644], [0.29979138084138096, 0.23062751415251428, 0.17029920634920642, 0.2992818986568985], [0.26513833388833397, 0.2548718253968255, 0.1792090354090355, 0.3007808053058055], [0.22238410478410484, 0.2830632811632812, 0.2597476995226995, 0.23480491452991484], [0.23407218337218347, 0.30194352314352313, 0.2000349594849595, 0.2639493339993341], [0.2837822585910821, 0.3125732156732156, 0.1785583416583417, 0.22508618407736064], [0.2474555000555001, 0.25504045399045405, 0.2336403873903875, 0.2638636585636586], [0.24474975024975013, 0.331488566988567, 0.2265149628149628, 0.1972467199467201], [0.255973953823954, 0.30337056832056836, 0.13966857864357868, 0.3009868992118995], [0.20697979797979796, 0.29882774170274196, 0.23132997835497837, 0.2628624819624821], [0.2175583472083473, 0.3145004107004107, 0.24313363580863592, 0.2248076062826064], [0.29471322566322566, 0.25680241425241435, 0.15903556998557, 0.2894487900987902], [0.2420552974802975, 0.2754654373404373, 0.18040474525474537, 0.3020745199245199], [0.2550527694527694, 0.2814282634032635, 0.20574654789654775, 0.2577724192474193], [0.3083060606060605, 0.25791018981019, 0.18102678987678997, 0.2527569597069598], [0.24496883116883128, 0.33592147019647023, 0.17930274170274185, 0.239806956931957], [0.29409725829725825, 0.23113528138528147, 0.19065642135642138, 0.28411103896103895], [0.2457986291486294, 0.2662766594516596, 0.23539417804417817, 0.25253053335553344], [0.25061108891108896, 0.2616075147075149, 0.16825013875013883, 0.3195312576312577], [0.2089970529470531, 0.2691777333777335, 0.215727244977245, 0.30609796869796874], [0.23983802863802875, 0.27973362193362183, 0.1999613497613498, 0.2804669996669997], [0.25373433151815505, 0.2722973728885494, 0.2168265873015874, 0.25714170829170846], [0.23537982017982037, 0.2797890387390387, 0.2302749417249418, 0.25455619935619933], [0.2136094905094907, 0.3092294261294262, 0.19751031191031193, 0.27965077145077133], [0.2909397047397049, 0.22619328449328455, 0.1820394105894107, 0.3008276001776003], [0.1984999666999669, 0.3399832611832613, 0.2264625874125875, 0.23505418470418465], [0.23235945165945174, 0.2969785991785992, 0.18768323343323345, 0.2829787157287158], [0.21580775335775343, 0.32820530303030326, 0.1826435869685871, 0.2733433566433566], [0.18482801642801647, 0.3205755022755022, 0.2382590187590189, 0.2563374625374624], [0.22559519957167015, 0.35347321730557035, 0.17946363995481643, 0.24146794316794323], [0.2022433344433345, 0.32452688422688425, 0.2284140970140972, 0.2448156843156844], [0.2342163114663115, 0.347688578088578, 0.16813326118326122, 0.2499618492618494], [0.32579140859140865, 0.29115523920523934, 0.16072150072150085, 0.22233185148185156], [0.2825010509098744, 0.31266978021978026, 0.16742100677100683, 0.2374081620993386], [0.25083556998557005, 0.29727944277944296, 0.2223954267954269, 0.2294895604395605], [0.3001285714285714, 0.29379990009990015, 0.1844877955377955, 0.22158373293373296], [0.24578848373848394, 0.2860698856698856, 0.2189019758019759, 0.24923965478965474], [0.19278475413475424, 0.23933452103452107, 0.1851159673659675, 0.38276475746475763], [0.2125156954156954, 0.3337557165057164, 0.1829128288378289, 0.27081575924075935], [0.21964681984681989, 0.27367267177267196, 0.20139503274503281, 0.30528547563547576], [0.21028771783771794, 0.27206650849150843, 0.18013866688866695, 0.33750710678210677], [0.2612053835053835, 0.30496297591297605, 0.15733859473859477, 0.2764930458430459], [0.3039360916860917, 0.2523434065934068, 0.18434131701631715, 0.2593791847041848], [0.21148143947555714, 0.2847947996447996, 0.17368884971237916, 0.3300349111672642], [0.21817016594516606, 0.30864666216136794, 0.22203154019183435, 0.2511516317016318], [0.2277081973581975, 0.31773745698745726, 0.20675251970251998, 0.24780182595182607], [0.3312626484626485, 0.22376719391719405, 0.18388408258408265, 0.2610860750360752], [0.25390093795093815, 0.29836509879009876, 0.23672572982572984, 0.21100823343323344], [0.2219187355128532, 0.2643027250527251, 0.18548110190463146, 0.3282974375297905], [0.23027590742590745, 0.270635064935065, 0.22257522477522493, 0.27651380286380295], [0.33205113220113225, 0.21385471195471212, 0.1594341824841825, 0.29465997335997335], [0.28553609723609724, 0.2520471417471418, 0.16781080586080585, 0.2946059551559552], [0.2793476689976691, 0.2472636252636254, 0.20320852656115826, 0.27018017917754783], [0.24930734428969714, 0.2689969752469754, 0.23463346490111203, 0.24706221556221575], [0.25944886779886794, 0.31507523032523005, 0.13965320235320233, 0.2858226995226998], [0.27375298035298024, 0.24016886446886448, 0.19064582639582647, 0.2954323287823287], [0.22617852702852714, 0.21499741924741944, 0.22741953601953613, 0.3314045177045177], [0.21722818292818286, 0.3175989510489511, 0.17940897435897438, 0.2857638916638916], [0.26542026584526573, 0.29036185758685745, 0.15571055611055618, 0.2885073204573204], [0.28520961260961264, 0.23169588189588186, 0.20567953157953175, 0.27741497391497394], [0.24276225669755086, 0.308875021057374, 0.168611442968796, 0.2797512792762793], [0.331322005772006, 0.25096893106893114, 0.18140803640803646, 0.23630102675102685], [0.27779309024309046, 0.29282183372183374, 0.16594145854145873, 0.2634436174936175], [0.24929511044511052, 0.2866110167610166, 0.2137064102564104, 0.2503874625374626], [0.19674489954489965, 0.2971276834276835, 0.19343562548562562, 0.3126917915417914], [0.2782462204462205, 0.2949035908535909, 0.1587332611832612, 0.2681169275169277], [0.18212337662337677, 0.3350809579309579, 0.209731573981574, 0.2730640914640916], [0.21301515347397712, 0.3316364782276549, 0.21871912531912532, 0.23662924297924318], [0.20910685425685432, 0.33580894660894633, 0.17409064269064276, 0.2809935564435565], [0.22615014985014997, 0.2991809967809969, 0.15940151515151516, 0.31526733821733816], [0.22542673437673447, 0.3280954489954488, 0.18895869408369406, 0.2575191225441226], [0.24236023976023988, 0.306365850815851, 0.21803245088245085, 0.2332414585414585], [0.2594169413919414, 0.3583086968586968, 0.1587772505272506, 0.22349711122211124], [0.2643359668109668, 0.2249255708343945, 0.17943740981240988, 0.3313010525422291], [0.27986013039248336, 0.3035409756909757, 0.19144884396649112, 0.22515004995005014], [0.28534088134088154, 0.26676391663891674, 0.16229105339105349, 0.2856041486291485], [0.26176139416139416, 0.3273023643023643, 0.1515930735930737, 0.259343167943168], [0.20548676046176048, 0.2510083305583306, 0.18376447441447452, 0.35974043456543436], [0.31763540348540353, 0.2900930957930958, 0.15560187590187602, 0.23666962481962486], [0.2215209290709291, 0.2971198856698856, 0.20227907647907653, 0.2790801087801088], [0.2412350926850927, 0.2618924603174605, 0.16161709401709407, 0.33525535298035286], [0.19934281274281285, 0.3406801254301254, 0.20563906093906095, 0.2543380008880009], [0.27316840381840385, 0.2895662615162618, 0.2062148573648575, 0.23105047730047737], [0.21447350427350426, 0.31647991452991464, 0.16430699855699865, 0.3047395826395826], [0.2295648573648575, 0.2646536574536575, 0.19179966699966708, 0.3139818181818183], [0.2617280830280834, 0.34378304473304466, 0.1685676101676102, 0.22592126207126217], [0.28305991230991234, 0.24502675102675106, 0.16256349206349213, 0.30934984459984494], [0.2903744366744366, 0.3168699855699856, 0.1460078144078145, 0.24674776334776335], [0.206985631035631, 0.3345732489732489, 0.23120028305028315, 0.2272408369408369], [0.2996110722610721, 0.26400853590853607, 0.17604651965681384, 0.26033387217357823], [0.304193428793429, 0.2901359862359862, 0.14839776334776353, 0.2572728216228217], [0.28709875124875134, 0.26652703130203126, 0.16090755355755357, 0.285466663891664], [0.24432763902763915, 0.2844703962703963, 0.2134807692307693, 0.2577211954711956], [0.17104521067168132, 0.29186185921921226, 0.24809842738960391, 0.2889945027195028], [0.17760259740259748, 0.32062310793781384, 0.20691278117307535, 0.2948615134865135], [0.24260777833277836, 0.31292557997557996, 0.15829818237318247, 0.28616845931845936], [0.2880510580922348, 0.24431492429139492, 0.18942041847041843, 0.2782135991459523], [0.2487780247530248, 0.27277301032301027, 0.17448174603174613, 0.30396721889221895], [0.24501259018759022, 0.2864037518037518, 0.16816749639249653, 0.30041616161616164], [0.21007561327561336, 0.248226073926074, 0.21053246753246768, 0.3311658452658452], [0.2652893023643024, 0.2917126706626707, 0.16016879786879795, 0.2828292291042292], [0.25234156235920957, 0.3136997463320992, 0.14637382062382073, 0.28758487068487076], [0.21499963924963925, 0.29045728715728725, 0.2126857864357864, 0.2818572871572872]]}}