{"test": {"ids": ["99107640", "108117720", "107119130", "105118230", "98107410", "108116501", "112116990", "99120010", "112117790", "111119950", "97108520", "102117351", "107117630", "111116100", "110118111", "100111380", "113122220", "104111780", "110119300", "108113700", "98113881", "112116850", "102118380", "99108580", "113118630", "103109021", "111120320", "110114321", "108117360", "110114950", "99108710", "111116090", "106117770", "103113101", "108118291", "110116290", "101108370", "104113190", "105113170", "113120591", "111119610", "111114171", "98108410", "101119030", "99114890", "113118111", "113120280", "104111380", "105116441", "113120780", "109118231", "111116411", "98111860", "111116640", "109117730", "113122170", "110120640", "113118490", "99111620", "110114651", "99108520", "112120270", "111121410", "111121351", "101109370", "112116451", "113121010", "110115980", "112118471", "97113900", "105114220", "101116130", "109116750", "99107500", "110121720", "104111990", "107115250", "102109850", "99108310", "103110220", "105112100", "103113170", "108114040", "102112170", "110116170", "98108580", "110118161", "104113240", "97110950", "107121540", "111119580", "111119930", "106120290", "97118210", "105113480", "109116040", "102109910", "111117480", "101111210", "111116290", "110120540", "107114280", "108117610", "98108970", "108119510", "99111000", "97105451", "100117420", "104113170", "109115070", "113121190", "105116501", "97105960", "99109840", "110118630", "109119450", "112118511", "100109980", "104117630", "98110230", "100113210", "98108370", "113120640", "100111270", "106113260", "110120190", "101108080", "100110260", "97114170", "108118630", "112117780", "104117200", "109116441", "108120280", "111116750", "107120880", "101115190", "97107681", "102110690", "112118550", "112117461", "113122320"], "labels": [1, 1, 1, 1, 3, 0, 0, 2, 3, 0, 2, 1, 0, 3, 1, 3, 1, 3, 1, 0, 3, 0, 1, 0, 3, 0, 1, 1, 1, 0, 2, 3, 0, 3, 3, 2, 1, 3, 0, 0, 2, 3, 1, 3, 2, 1, 0, 3, 1, 0, 1, 0, 0, 0, 3, 1, 0, 1, 3, 3, 2, 0, 0, 0, 1, 0, 2, 1, 1, 2, 3, 2, 0, 0, 3, 2, 2, 1, 2, 2, 1, 3, 0, 3, 0, 0, 0, 2, 3, 2, 3, 1, 2, 2, 0, 0, 2, 1, 2, 2, 1, 3, 3, 3, 1, 2, 0, 2, 3, 0, 1, 1, 2, 2, 1, 3, 1, 1, 0, 3, 0, 1, 0, 2, 3, 3, 0, 3, 2, 1, 0, 3, 3, 3, 3, 1, 1, 3, 0, 3, 0, 1], "predicted_labels": [2, 3, 3, 1, 2, 2, 3, 1, 3, 3, 0, 0, 2, 0, 1, 3, 3, 1, 3, 1, 1, 3, 3, 1, 3, 0, 0, 1, 3, 3, 1, 3, 1, 0, 0, 2, 3, 1, 3, 3, 3, 3, 1, 3, 2, 3, 3, 3, 3, 1, 1, 3, 2, 1, 0, 3, 3, 3, 1, 0, 3, 1, 1, 3, 1, 0, 1, 1, 1, 1, 0, 3, 1, 2, 1, 0, 3, 1, 3, 2, 3, 1, 1, 0, 3, 1, 0, 1, 0, 1, 0, 3, 1, 0, 3, 3, 1, 1, 0, 1, 1, 1, 3, 1, 3, 3, 0, 1, 3, 1, 1, 1, 3, 2, 1, 3, 3, 1, 1, 0, 3, 1, 3, 1, 1, 0, 1, 3, 1, 3, 1, 3, 3, 3, 0, 3, 1, 1, 1, 3, 3, 3], "confidence_scores": [[0.14040900545673587, 0.17046539356428236, 0.5473407421933509, 0.1417848587856308], [0.08521623685831704, 0.09537126146203508, 0.29139208732756616, 0.5280204143520816], [0.29945078373438583, 0.15363594994776525, 0.1230487489992292, 0.4238645173186197], [0.17447702396573417, 0.4647028626928735, 0.053149997707558655, 0.3076701156338337], [0.2452985222242663, 0.19819193300037083, 0.3297293797579671, 0.22678016501739565], [0.13695077483403734, 0.23491563466308796, 0.33858191949710237, 0.28955167100577234], [0.2246848212420484, 0.12346143891481896, 0.07594586232777228, 0.5759078775153603], [0.132797053628949, 0.3833193577072992, 0.22427072224591654, 0.2596128664178354], [0.20629167780291074, 0.1878982682994098, 0.0788319657446583, 0.5269780881530212], [0.1794775299797396, 0.20353327571168725, 0.07303250735275332, 0.5439566869558198], [0.45852864607757565, 0.2560344462419753, 0.06346540939832274, 0.22197149828212617], [0.6090837235654598, 0.1226160051255394, 0.04107001635714461, 0.22723025495185623], [0.23769539643430496, 0.16108591145431073, 0.3247973639340318, 0.2764213281773525], [0.44816143397156083, 0.22328663435995155, 0.0774668620850429, 0.25108506958344456], [0.3238702926000918, 0.37434182442718084, 0.1102165137020765, 0.19157136927065102], [0.16192081675569875, 0.2217915089711837, 0.1433250275441762, 0.47296264672894134], [0.281023888844362, 0.1238717771794807, 0.2337152538768152, 0.36138908009934223], [0.1796307815763938, 0.388949669251839, 0.1733547832562905, 0.25806476591547667], [0.22782066675185977, 0.253145304643462, 0.18325351140713333, 0.3357805171975449], [0.3236696102395378, 0.34439194775798887, 0.17406386431702364, 0.15787457768544977], [0.20349826132595794, 0.3474234030817519, 0.304353018467182, 0.14472531712510814], [0.15279208955647278, 0.3105959016215152, 0.16582143850051267, 0.37079057032149937], [0.09275971335752572, 0.25790358660717555, 0.2739342386316828, 0.3754024614036159], [0.275791462431199, 0.3295512779194981, 0.1317002130498089, 0.2629570465994941], [0.21553372112949082, 0.16089348636053208, 0.08982354476212312, 0.533749247747854], [0.3248557564819775, 0.3195718363311916, 0.07617251862051494, 0.27939988856631587], [0.4692971668718722, 0.20553543031721785, 0.08213339900413119, 0.24303400380677875], [0.27582852170300987, 0.3146598525819545, 0.11244450677403968, 0.29706711894099597], [0.06514461309992269, 0.1095388592393834, 0.37069218200352333, 0.4546243456571707], [0.161072471941566, 0.13260637746016735, 0.06666830976662488, 0.6396528408316418], [0.24936568746771764, 0.4629112502708639, 0.13534999172143364, 0.15237307053998475], [0.35312652589912996, 0.19166457810548956, 0.07672074501860508, 0.37848815097677535], [0.1881817370634702, 0.4772315918037971, 0.08898158385070401, 0.24560508728202884], [0.47350920569230937, 0.1769097135901996, 0.10491959156012136, 0.24466148915736988], [0.47168124312428983, 0.07214068926155513, 0.10412877431377403, 0.35204929330038104], [0.1739750016859938, 0.15567159812625675, 0.34278919135528174, 0.32756420883246773], [0.292196554505338, 0.22957336599060382, 0.12711750680623288, 0.3511125726978252], [0.22323305470226615, 0.4469544500189465, 0.1527729212681832, 0.17703957401060394], [0.1036954874609951, 0.1659187141311197, 0.1060624141748723, 0.624323384233013], [0.2734479597255139, 0.20745421814488135, 0.07182286452577845, 0.44727495760382624], [0.21145734368619795, 0.16069170459463253, 0.18607318230461148, 0.441777769414558], [0.36715032717515067, 0.15163574221244655, 0.06476763651268473, 0.416446294099718], [0.14767062736295883, 0.5086639226450225, 0.09052810628234831, 0.25313734370967056], [0.22597064181371646, 0.2194947388949234, 0.11967477507688981, 0.4348598442144704], [0.12467528476535825, 0.2727367019559722, 0.3501193976820322, 0.25246861559663725], [0.18401351631827906, 0.3563714651459528, 0.06677815038054431, 0.39283686815522395], [0.09716203707109268, 0.10233283836488957, 0.06917948772455165, 0.7313256368394663], [0.20126063184822174, 0.21568824735191539, 0.28205536511274365, 0.3009957556871194], [0.13558996197544698, 0.3371667757089684, 0.12402873087230559, 0.40321453144327896], [0.171401845177414, 0.40714816132795645, 0.09880127669415348, 0.32264871680047613], [0.1374369505108717, 0.4906161389673533, 0.1461495689510395, 0.22579734157073558], [0.18902521317957977, 0.1835457225379467, 0.07877720305732536, 0.5486518612251483], [0.09528213457251324, 0.2512777379302494, 0.5061474379893315, 0.14729268950790594], [0.12901967602566045, 0.4373189125222625, 0.15233529935768364, 0.28132611209439345], [0.4030474943092958, 0.2279593378624007, 0.16530928537480655, 0.20368388245349694], [0.15151988166118893, 0.16224111830131469, 0.10554582839741054, 0.5806931716400857], [0.18311585648550427, 0.2360158424559884, 0.27865674905328297, 0.3022115520052244], [0.20770739194117063, 0.30383075181148433, 0.1490811057179283, 0.3393807505294167], [0.22925829841796652, 0.3843639865089377, 0.13673961081633015, 0.24963810425676583], [0.6130618173076293, 0.07367705106028616, 0.031146277827794437, 0.2821148538042902], [0.12152132798703431, 0.3101343905226596, 0.24816619048846036, 0.3201780910018458], [0.23110943489127694, 0.39517008663062686, 0.07974537063644642, 0.2939751078416497], [0.1951068370975088, 0.3547465748412398, 0.13479846500673806, 0.3153481230545133], [0.26425752190498064, 0.27127686516016386, 0.07272744438049818, 0.39173816855435734], [0.2098037867905597, 0.36717796384111795, 0.1379198395012048, 0.28509840986711765], [0.6036024944227405, 0.21817613872049224, 0.08779980527604682, 0.09042156158072026], [0.24476625231064095, 0.33716894204499454, 0.16256383831305773, 0.25550096733130667], [0.14310907709223936, 0.5575309015107777, 0.09187287420284723, 0.2074871471941358], [0.27033909099537234, 0.31641029509173985, 0.11978585410528715, 0.29346475980760056], [0.29410354819839, 0.35307069127829477, 0.15625055686494552, 0.1965752036583696], [0.3328342091666718, 0.2589341106674812, 0.1534127577567013, 0.2548189224091458], [0.1404795426826954, 0.26842044965968903, 0.17546661556951934, 0.41563339208809624], [0.11749543607388853, 0.48009456968702696, 0.2745011314217547, 0.12790886281732994], [0.08753786757106354, 0.3382528352628666, 0.352439633904211, 0.22176966326185893], [0.16339738230141482, 0.3241543618712751, 0.2189444300702664, 0.2935038257570436], [0.3656693707252095, 0.3233279993636113, 0.0960276932902952, 0.21497493662088385], [0.17250566626365338, 0.18738867108951418, 0.17680489840268296, 0.46330076424414934], [0.21754187968929398, 0.36726458507354, 0.1555890715817091, 0.25960446365545703], [0.2826109266766111, 0.28580514321368644, 0.0949248542985802, 0.3366590758111223], [0.11038118330947065, 0.3005586264924676, 0.394372957591925, 0.19468723260613666], [0.279110814772435, 0.23269270028186687, 0.20530893983227771, 0.2828875451134204], [0.155858937043358, 0.563225262140771, 0.10052911003454096, 0.18038669078133013], [0.11350942353357046, 0.32646214766764897, 0.23918206042741744, 0.32084636837136316], [0.3004764614992219, 0.24278227545010247, 0.28517255642954775, 0.17156870662112783], [0.09852004413811111, 0.14875000653181386, 0.2093297588356503, 0.5434001904944248], [0.25403029370978125, 0.3414949387141722, 0.2651668537948788, 0.1393079137811677], [0.49953656192323626, 0.19767962295176383, 0.14163702755114146, 0.1611467875738586], [0.30383548268716154, 0.42715716004109167, 0.09575976661675305, 0.17324759065499382], [0.4172439683132939, 0.3459722913020371, 0.07396821398894349, 0.16281552639572555], [0.2351257115058375, 0.3829122939990095, 0.20081806315338524, 0.18114393134176793], [0.42997944835552665, 0.10807973573556588, 0.21348330606311544, 0.24845750984579204], [0.26475302887691393, 0.20874403310944734, 0.24842675265409475, 0.27807618535954415], [0.14451114064555512, 0.3213333969235139, 0.21539037731860522, 0.31876508511232565], [0.3972745947855414, 0.08295382324465443, 0.3575600982363062, 0.16221148373349795], [0.14078664436192478, 0.2630669652969573, 0.08738317550356857, 0.5087632148375493], [0.21053194094280664, 0.16224007955460304, 0.2031853856802218, 0.42404259382236864], [0.23270382011304816, 0.2940566909202934, 0.25360604947926607, 0.2196334394873923], [0.14261346859958282, 0.36508095333455076, 0.13385610359238448, 0.35844947447348197], [0.3252364770880366, 0.26156409488380017, 0.1548659252326331, 0.25833350279553013], [0.2565773665313937, 0.4704864886761994, 0.10037268112057418, 0.17256346367183284], [0.09105523467722129, 0.5607776347864651, 0.18599060385312655, 0.16217652668318713], [0.24378959218615662, 0.4359055235046184, 0.1493721885379073, 0.17093269577131764], [0.1404141617748267, 0.27161834572814386, 0.06898120625839299, 0.5189862862386364], [0.21391181309086119, 0.33928432851056134, 0.15730072395643727, 0.2895031344421402], [0.2951352210839691, 0.21242694029222098, 0.1265798036047883, 0.3658580350190218], [0.1158406605315562, 0.1430120540973648, 0.21766713384496408, 0.5234801515261149], [0.4187068391547338, 0.31580214327553424, 0.07135987954971865, 0.19413113802001322], [0.10028483593521946, 0.3848097552782325, 0.20149676866887317, 0.31340864011767505], [0.2655324962532456, 0.3090753547345365, 0.08490079338476013, 0.34049135562745764], [0.2913963754500777, 0.3524698846834213, 0.16672726466538082, 0.18940647520112025], [0.3208364515763091, 0.3656471812379233, 0.10325261156763511, 0.21026375561813276], [0.30893506047164737, 0.39116170702026115, 0.04186548128997311, 0.2580377512181184], [0.25510891153177756, 0.1917737028809313, 0.18316596925317263, 0.36995141633411865], [0.11792122265920406, 0.16039941168455796, 0.38261407333509145, 0.3390652923211467], [0.23680101544163368, 0.3942907990631182, 0.05971048091096636, 0.3091977045842816], [0.11039071845877108, 0.2569891522900179, 0.13405165287035276, 0.4985684763808583], [0.14739911694300165, 0.3117494141608849, 0.13348127246540425, 0.40737019643070904], [0.1619395030955849, 0.5485258600759518, 0.1267094105257022, 0.16282522630276097], [0.23570246861824534, 0.33421529784582055, 0.18402548650729056, 0.24605674702864358], [0.5109361170095659, 0.16357612525406454, 0.10618584043223035, 0.2193019173041393], [0.15678945233998176, 0.37094487046221986, 0.0814281196065165, 0.3908375575912819], [0.10062526983775687, 0.3457769029575729, 0.31483237394556923, 0.2387654532591008], [0.24649238849813093, 0.30119945497992257, 0.07173405665380102, 0.3805740998681456], [0.11651288059207666, 0.5655661557070072, 0.16014217916296816, 0.15777878453794805], [0.2031418404216366, 0.43343924512375304, 0.19893867292916084, 0.16448024152544935], [0.47603836142032774, 0.17062184885129103, 0.06199778293671876, 0.29134200679166244], [0.22903464884816466, 0.5365931472708503, 0.044262538733709146, 0.190109665147276], [0.268185406018598, 0.2531908116973259, 0.07398035313102691, 0.4046434291530493], [0.15088951329809025, 0.5031026914233736, 0.11696298337783056, 0.22904481190070564], [0.21854035087033244, 0.1550546800959786, 0.12389758051562287, 0.5025073885180662], [0.29553184152783346, 0.402528567870797, 0.0886360370242953, 0.2133035535770741], [0.2177695306931108, 0.3224826398007869, 0.10747893385928649, 0.35226889564681574], [0.21234476313597012, 0.2855790496085329, 0.0937949596216393, 0.4082812276338576], [0.09729179398988909, 0.17347254014068442, 0.1974244554117535, 0.5318112104576731], [0.3260053084069302, 0.2597730472395258, 0.2074176065439528, 0.2068040378095911], [0.2642128934578498, 0.22057837207186476, 0.24682230275997005, 0.2683864317103153], [0.1012947233224967, 0.6479726776863861, 0.04755548550126169, 0.20317711348985565], [0.19122893073987124, 0.36969780236571587, 0.2054990184720559, 0.23357424842235702], [0.26024921221231817, 0.35186413885791135, 0.13965768836269082, 0.24822896056707985], [0.1171751240786906, 0.20237614556230923, 0.10809768341979831, 0.5723510469392018], [0.27246791292542355, 0.2158637204211061, 0.0619459413062327, 0.4497224253472377], [0.3002848213388755, 0.23512575073763214, 0.090300292781979, 0.3742891351415133]]}, "rewritten": {"ids": ["97105451", "97105960", "97107681", "97108520", "97110950", "97113900", "97114170", "97118210", "98107410", "98108370", "98108410", "98108580", "98108970", "98110230", "98111860", "98113881", "99107500", "99107640", "99108310", "99108520", "99108580", "99108710", "99109840", "99111000", "99111620", "99114890", "99120010", "100109980", "100110260", "100111270", "100111380", "100113210", "100117420", "101108080", "101108370", "101109370", "101111210", "101115190", "101116130", "101119030", "102109850", "102109910", "102110690", "102112170", "102117351", "102118380", "103109021", "103110220", "103113101", "103113170", "104111380", "104111780", "104111990", "104113170", "104113190", "104113240", "104117200", "104117630", "105112100", "105113170", "105113480", "105114220", "105116441", "105116501", "105118230", "106113260", "106117770", "106120290", "107114280", "107115250", "107117630", "107119130", "107120880", "107121540", "108113700", "108114040", "108116501", "108117360", "108117610", "108117720", "108118291", "108118630", "108119510", "108120280", "109115070", "109116040", "109116441", "109116750", "109117730", "109118231", "109119450", "110114321", "110114651", "110114950", "110115980", "110116170", "110116290", "110118111", "110118161", "110118630", "110119300", "110120190", "110120540", "110120640", "110121720", "111114171", "111116090", "111116100", "111116290", "111116411", "111116640", "111116750", "111117480", "111119580", "111119610", "111119930", "111119950", "111120320", "111121351", "111121410", "112116451", "112116850", "112116990", "112117461", "112117780", "112117790", "112118471", "112118511", "112118550", "112120270", "113118111", "113118490", "113118630", "113120280", "113120591", "113120640", "113120780", "113121010", "113121190", "113122170", "113122220", "113122320"], "labels": [0, 2, 3, 2, 3, 2, 2, 2, 3, 1, 1, 0, 3, 3, 0, 3, 0, 1, 2, 2, 0, 2, 2, 2, 3, 2, 2, 1, 3, 2, 3, 0, 2, 0, 1, 1, 2, 1, 2, 3, 1, 2, 0, 3, 1, 1, 0, 2, 3, 3, 3, 3, 2, 3, 3, 2, 3, 0, 1, 0, 0, 3, 1, 1, 1, 3, 0, 2, 3, 2, 0, 1, 1, 2, 0, 0, 0, 1, 3, 1, 3, 1, 1, 3, 0, 0, 3, 0, 3, 1, 3, 1, 3, 0, 1, 0, 2, 1, 0, 1, 1, 3, 1, 0, 3, 3, 3, 3, 2, 0, 0, 3, 1, 3, 2, 1, 0, 1, 0, 0, 0, 0, 0, 0, 0, 3, 1, 1, 3, 0, 1, 1, 3, 0, 0, 0, 0, 2, 1, 1, 1, 1], "predicted_labels": [0, 0, 2, 0, 0, 1, 1, 2, 0, 1, 1, 0, 1, 3, 1, 0, 1, 1, 0, 1, 1, 0, 3, 1, 1, 0, 1, 3, 3, 1, 0, 0, 1, 1, 1, 3, 0, 3, 3, 3, 1, 0, 0, 3, 0, 3, 0, 3, 3, 3, 2, 1, 0, 1, 0, 1, 1, 3, 3, 3, 1, 0, 1, 0, 0, 0, 1, 2, 1, 3, 3, 0, 0, 0, 0, 1, 3, 2, 0, 0, 1, 3, 0, 0, 1, 3, 3, 1, 0, 3, 3, 1, 3, 0, 3, 3, 2, 1, 0, 1, 3, 3, 1, 2, 1, 3, 3, 3, 0, 3, 2, 0, 3, 0, 3, 0, 3, 3, 1, 2, 0, 0, 0, 0, 0, 0, 1, 3, 3, 1, 0, 0, 0, 0, 3, 0, 3, 0, 0, 3, 1, 3], "confidence_scores": [[0.4267000296671938, 0.32416658925242914, 0.0672109897426964, 0.18192239133768082], [0.388046041971101, 0.13227299955024233, 0.1635813409652705, 0.31609961751338617], [0.20536807884143723, 0.21903406234282585, 0.4583147663199828, 0.11728309249575401], [0.6134665677724841, 0.15747240306616878, 0.059053673304664725, 0.17000735585668236], [0.4905626850709687, 0.2621020154108207, 0.08488857704187677, 0.1624467224763339], [0.25499782186752173, 0.3212113371017638, 0.12626082879730452, 0.2975300122334099], [0.20894393884968032, 0.44279381586644956, 0.1356706101450169, 0.21259163513885324], [0.29451183398908304, 0.2392633617031262, 0.300527340382913, 0.16569746392487783], [0.3760863117831506, 0.21339721229666278, 0.23960576136830838, 0.17091071455187834], [0.19737369755059894, 0.5407882253594664, 0.0992867865658756, 0.16255129052405926], [0.1663751616435764, 0.5093551768470397, 0.1075942670543996, 0.21667539445498435], [0.5392089744477361, 0.2021358856390378, 0.1462635027026826, 0.11239163721054347], [0.28430623333587396, 0.3285956847875739, 0.09571528947755607, 0.2913827923989962], [0.32990322042723924, 0.2297043148822282, 0.08344538016492259, 0.3569470845256099], [0.2768200470704215, 0.3112911016485221, 0.2467007190585865, 0.16518813222247], [0.676826128880572, 0.15324510135390063, 0.07199190310655294, 0.09793686665897443], [0.24208542221584073, 0.42540745767701005, 0.14664499208268464, 0.1858621280244647], [0.2458408044838863, 0.3402354260970482, 0.10095464988278204, 0.3129691195362837], [0.30104251825759504, 0.2180273238402567, 0.22103761343762235, 0.259892544464526], [0.10651157547518386, 0.4142934534044744, 0.3571733745874605, 0.12202159653288112], [0.22081100185716487, 0.38000168360415937, 0.19329658565600835, 0.20589072888266738], [0.4354331887891479, 0.3363532050242342, 0.07274361228148271, 0.15546999390513505], [0.15907667404188475, 0.10802540940671145, 0.2237449593239373, 0.5091529572274666], [0.2148126083440795, 0.29547685340808877, 0.22241859755456753, 0.267291940693264], [0.21784334863514754, 0.29066290456563143, 0.2054722387005874, 0.2860215080986335], [0.36309028611348326, 0.2596152557859126, 0.19001105317851943, 0.18728340492208495], [0.30881160976134825, 0.3799776536898807, 0.07919382604234504, 0.23201691050642606], [0.32855047777506785, 0.1954445280120183, 0.11684497824369687, 0.35916001596921715], [0.17283213083550297, 0.23639787316516098, 0.07410189123726185, 0.5166681047620743], [0.14162669799994046, 0.577166765673359, 0.06615464913841478, 0.21505188718828563], [0.34472669368095377, 0.2757056079249195, 0.09084928440075697, 0.2887184139933698], [0.4305341180077207, 0.20793267589886755, 0.0973408538518262, 0.26419235224158555], [0.18018999390644289, 0.44609329763512817, 0.17146614239087035, 0.20225056606755867], [0.280504928452697, 0.49365636005042557, 0.041347098005344106, 0.18449161349153345], [0.215819378498974, 0.3351773415110832, 0.27390263853969726, 0.17510064145024573], [0.20018352738432554, 0.26348623473260696, 0.25782188484811286, 0.2785083530349546], [0.6338628055152395, 0.17808649631912457, 0.05069305582447083, 0.13735764234116504], [0.2016617401908758, 0.3232636718732879, 0.11277802558774962, 0.36229656234808677], [0.18627280342632907, 0.21198464630043568, 0.29782200367363376, 0.30392054659960166], [0.22640218601255258, 0.29863536283029307, 0.09859020735391232, 0.37637224380324225], [0.15212231320548752, 0.565524201188818, 0.11928005134342977, 0.16307343426226484], [0.48573082767875253, 0.1628161154573026, 0.18778067493035383, 0.16367238193359124], [0.5012280276908987, 0.32750332591242337, 0.03976146495404779, 0.1315071814426302], [0.12234051915419587, 0.24090256751378275, 0.311191443443653, 0.3255654698883684], [0.48495354537595736, 0.12072263816886707, 0.07159069804807872, 0.32273311840709706], [0.1953204354383949, 0.3271895447043599, 0.13703930527121297, 0.3404507145860323], [0.5421981336912114, 0.2470081495326398, 0.09379367566284072, 0.11700004111330818], [0.15574296680319447, 0.1908262932497493, 0.27636433023787865, 0.37706640970917765], [0.2300990720868758, 0.2554222375544281, 0.20593389567327872, 0.30854479468541746], [0.23385368461476613, 0.25040547625430865, 0.11915314462736527, 0.39658769450356], [0.3592189836518241, 0.11148465758063317, 0.3946942545417018, 0.13460210422584112], [0.17284618626665754, 0.41392612620106456, 0.08057388734761864, 0.33265380018465945], [0.3059889797500302, 0.15235467090770355, 0.26030805258871675, 0.2813482967535496], [0.10923253475170235, 0.6054740583326333, 0.05787663723895818, 0.22741676967670627], [0.4421127688964221, 0.30055649688740826, 0.07992089432140322, 0.1774098398947665], [0.23965637513903698, 0.43997103686259775, 0.15279459604689558, 0.1675779919514697], [0.17670098261307654, 0.6029249071036926, 0.0736262384127101, 0.14674787187052082], [0.25120324918760245, 0.14079310356174676, 0.2214951073150213, 0.3865085399356295], [0.15677472109641213, 0.25117119648821234, 0.20386407910732723, 0.38819000330804837], [0.10376992742986926, 0.13494612163583275, 0.05568788148965874, 0.7055960694446392], [0.16754799260801015, 0.4335171732330275, 0.0852727917698951, 0.3136620423890672], [0.550518382515885, 0.1639007386145067, 0.07796552127455254, 0.20761535759505556], [0.1525585885727706, 0.4298163792722191, 0.14071154720444254, 0.2769134849505679], [0.5366556023986103, 0.24075289155966156, 0.03976087103654164, 0.18283063500518643], [0.4208476280832951, 0.1727434913887103, 0.20108370779310417, 0.20532517273489034], [0.43462320620930295, 0.39076975444723494, 0.07355907169277022, 0.10104796765069192], [0.1786055389606438, 0.42931456815237024, 0.07564307912835494, 0.31643681375863103], [0.13314538104963633, 0.23022060214832318, 0.46148194130584663, 0.17515207549619388], [0.22962366238564316, 0.42249498691280485, 0.0732258160357084, 0.2746555346658437], [0.22701032127140644, 0.2507693961403733, 0.14421296488115698, 0.3780073177070632], [0.16144410359690978, 0.23747735267263345, 0.14503429770073512, 0.4560442460297217], [0.411631876216992, 0.21204889778784544, 0.06028377481541398, 0.3160354511797485], [0.36870730191483436, 0.2662260029386601, 0.24026814905125085, 0.12479854609525458], [0.3197766926045209, 0.28288263036959294, 0.12762128035280015, 0.2697193966730861], [0.3671100261283982, 0.3657521169078202, 0.05927960815063362, 0.20785824881314804], [0.2587960399851529, 0.29806461255693667, 0.18631168951078048, 0.25682765794713014], [0.19899159404122602, 0.26898628366938476, 0.17116404479418612, 0.36085807749520304], [0.12347110964316658, 0.15042590064865502, 0.5352285082671366, 0.19087448144104174], [0.5350513469476772, 0.14593477415572367, 0.07529934144643749, 0.2437145374501616], [0.37586372626728415, 0.170609208788158, 0.2499981186883753, 0.2035289462561826], [0.3067271189172734, 0.3905093387590947, 0.08330629544529113, 0.21945724687834076], [0.1932067668318346, 0.23265544465853952, 0.11741264087989417, 0.45672514762973165], [0.7342039987703248, 0.08286728442648901, 0.12413148780063868, 0.05879722900254747], [0.35418615641519385, 0.29403196077771204, 0.0739309845893685, 0.2778508982177257], [0.23991036404606647, 0.4451415075231802, 0.1663919255119599, 0.1485562029187935], [0.21368765458512046, 0.09019195941736277, 0.29620834261766094, 0.3999120433798558], [0.3799220388893129, 0.14209998169732257, 0.053836417755047536, 0.4241415616583168], [0.07280362443376395, 0.5425319095818781, 0.29046054594596854, 0.09420392003838925], [0.3990511159420756, 0.3168120392198946, 0.14366640735739325, 0.1404704374806365], [0.3312712612482797, 0.1610561224145664, 0.10001273064997845, 0.4076598856871756], [0.2298297637139242, 0.25788799632483117, 0.1848996503394874, 0.32738258962175737], [0.2874133506674951, 0.3370423254902021, 0.15501989723027212, 0.22052442661203064], [0.2658163175837357, 0.15423848776360516, 0.07275073332290563, 0.5071944613297537], [0.3898277504617402, 0.13385991539203765, 0.10768801457305703, 0.3686243195731651], [0.2275898329879879, 0.3294964055220621, 0.10717897897861876, 0.33573478251133143], [0.18288048759016765, 0.1367743382070328, 0.1181787105419464, 0.5621664636608532], [0.18140974793161588, 0.19447581305359657, 0.38918694808725535, 0.23492749092753232], [0.2153980478918091, 0.31309319114314144, 0.2369106616011595, 0.23459809936388995], [0.6404247773924291, 0.1881233566726321, 0.10468725618325884, 0.06676460975168001], [0.13301247705086452, 0.5104202065143929, 0.05947962227053137, 0.2970876941642113], [0.2687084681078853, 0.20115438943470682, 0.15300131065140107, 0.37713583180600674], [0.27270191422858425, 0.15627608646267555, 0.07205948536084582, 0.49896251394789437], [0.1915431727135774, 0.37730960257817503, 0.19511355439204586, 0.23603367031620195], [0.20827382424144333, 0.18484684518044045, 0.3133618452239307, 0.29351748535418554], [0.2919040003061956, 0.42188956178682535, 0.06419329202847694, 0.22201314587850202], [0.2952177728246321, 0.17784655616287845, 0.12636103268400925, 0.4005746383284803], [0.17579740912455513, 0.10070437896465588, 0.05916376012710254, 0.6643344517836864], [0.3012073641943987, 0.16203155945783626, 0.20944086629660547, 0.3273202100511597], [0.4503887594321178, 0.2451782559047155, 0.06859074527002469, 0.23584223939314217], [0.2927100484692915, 0.11067578872835517, 0.041166271281098434, 0.555447891521255], [0.2395203241021104, 0.3022908690917653, 0.3319238006532628, 0.12626500615286157], [0.4485803866936867, 0.15779055231761205, 0.16376599237038178, 0.22986306861831945], [0.17795355158664086, 0.11943950085104692, 0.14913217869506032, 0.5534747688672521], [0.5901578694879137, 0.06799703634255631, 0.09104650924478469, 0.2507985849247452], [0.15862256508353836, 0.1984126407018978, 0.27999629740176446, 0.3629684968127996], [0.3839238669758823, 0.30240824965705687, 0.11570005965029749, 0.19796782371676344], [0.1854910682881177, 0.10968061870838346, 0.08735589128888083, 0.617472421714618], [0.20352467641650487, 0.2905657819333606, 0.18033040605833267, 0.3255791355918019], [0.3145307537861355, 0.3580894885901854, 0.05300743506573919, 0.2743723225579402], [0.18641319231216313, 0.11875455974426274, 0.40109492170234906, 0.293737326241225], [0.3503025781536302, 0.3389755576285241, 0.126557739839226, 0.1841641243786197], [0.34867832299890983, 0.22586755456339608, 0.1446337020950942, 0.2808204203426001], [0.39110658643588464, 0.22400294885124386, 0.08312292720525534, 0.30176753750761626], [0.7628335140411155, 0.04441982373782229, 0.09056356951100811, 0.10218309271005407], [0.41674985018060456, 0.24322382924016178, 0.22645462558662438, 0.11357169499260919], [0.49554080373744697, 0.11208518752732291, 0.08373362257843431, 0.30864038615679595], [0.2202333059836085, 0.5592578524263713, 0.06858322593935016, 0.1519256156506702], [0.2842852620411302, 0.16566126964399946, 0.10199882510991667, 0.44805464320495386], [0.1729999443248207, 0.11998004042655423, 0.1837219421212562, 0.523298073127369], [0.11539079260093336, 0.4679643916586353, 0.24399497678758425, 0.17264983895284686], [0.44284801903015353, 0.18294914262460923, 0.19044206387112125, 0.18376077447411607], [0.5756215355328886, 0.15873468852717787, 0.09975208946998644, 0.16589168646994706], [0.5564760011822606, 0.13265401562150297, 0.04028554547397888, 0.2705844377222576], [0.37398916863456716, 0.10939535922632039, 0.2842231811690823, 0.23239229097003009], [0.35218153424663984, 0.17137766523677803, 0.08525616333285868, 0.39118463718372354], [0.5208512728086538, 0.22489415498716359, 0.11988256175723133, 0.13437201044695132], [0.17570263472480285, 0.18066779467888333, 0.12829448633943982, 0.515335084256874], [0.5680518295744209, 0.1538035285751919, 0.07998833928364978, 0.1981563025667374], [0.5866625987994306, 0.11085340113443919, 0.0687823471263268, 0.2337016529398035], [0.24323002442444502, 0.28026211894153524, 0.11603322892880957, 0.3604746277052103], [0.17001299195732594, 0.28485368177973364, 0.2650570267922107, 0.2800762994707296], [0.29703673169891637, 0.21400199377330906, 0.0845578925561399, 0.4044033819716346]]}}