{"test": {"ids": ["113122190", "104113190", "111119930", "112119580", "110119030", "106113260", "98111860", "111117571", "111118301", "101114020", "104114230", "99109311", "108116501", "104111880", "97106820", "103109021", "113118620", "106121220", "104114740", "104112470", "113117340", "107116340", "99111930", "109117630", "105121190", "112118820", "108118060", "108118630", "104113380", "108120260", "105114220", "111116290", "111120260", "99111620", "104111380", "105115720", "109116810", "108114270", "107114490", "113118511", "97107260", "109121410", "98119591", "109118820", "98112170", "103109791", "105110091", "113122220", "113121950", "97110950", "108121351", "111120640", "105117200", "105121370", "105115250", "113121980", "110118630", "100111620", "112117471", "111118810", "111116750", "109115220", "111117120", "103110220", "101111310", "106120290", "107118520", "113118810", "110114321", "109115211", "109119450", "105115900", "102121700", "112121030", "108118301", "112117431", "105120621", "97118210", "108120621", "110115250", "111119340", "103111830", "99117740", "112117030", "110116300", "110121170", "98109570", "99107500", "113122320", "103111620", "99107630", "102112301", "100109980", "97107040", "97113260", "113122430", "109114270", "113121410", "106115120", "100111080", "106113190", "107121540", "99108890", "111116530", "110118161", "110118930", "113117401", "111120280", "98112580", "98108580", "110120540", "97106970", "97107681", "113118820", "109116170", "101115190", "103111540", "111114321", "110118450", "109113591", "97111790", "105112240", "98107340", "111118910", "109119010", "106119260", "100109910", "107113840", "102110500", "102107961", "113120260", "110118111", "99113260", "100109360", "99108000", "113119320", "104110960", "103112470", "103109641", "99108310", "112116610", "104119340"], "labels": [1, 3, 1, 3, 0, 3, 0, 3, 3, 3, 2, 1, 0, 3, 1, 0, 3, 1, 2, 1, 2, 3, 1, 0, 2, 0, 1, 1, 1, 1, 3, 2, 3, 3, 3, 1, 3, 3, 3, 1, 2, 0, 1, 3, 3, 3, 0, 1, 3, 3, 3, 0, 3, 2, 2, 2, 1, 3, 3, 0, 3, 3, 2, 2, 3, 2, 2, 3, 1, 0, 3, 3, 1, 0, 1, 0, 1, 2, 1, 1, 3, 3, 2, 2, 3, 2, 1, 0, 1, 0, 2, 1, 1, 2, 1, 2, 3, 0, 1, 0, 0, 2, 0, 3, 0, 1, 3, 0, 2, 0, 1, 2, 3, 0, 0, 1, 1, 1, 0, 3, 2, 1, 0, 0, 3, 1, 2, 3, 3, 3, 3, 1, 0, 0, 2, 1, 2, 1, 1, 2, 1, 1], "predicted_labels": [1, 3, 1, 3, 1, 3, 2, 0, 3, 2, 1, 2, 0, 2, 1, 3, 0, 0, 3, 0, 0, 1, 1, 2, 1, 1, 1, 3, 1, 0, 1, 0, 3, 3, 3, 1, 3, 1, 1, 3, 2, 0, 0, 0, 1, 3, 2, 2, 2, 3, 3, 1, 1, 3, 1, 3, 3, 2, 1, 1, 0, 3, 1, 1, 3, 0, 1, 3, 1, 1, 1, 2, 1, 0, 3, 1, 3, 0, 1, 3, 3, 3, 3, 1, 0, 3, 3, 1, 1, 1, 3, 3, 3, 3, 2, 3, 3, 3, 0, 0, 3, 0, 1, 1, 1, 3, 1, 0, 2, 3, 3, 3, 3, 1, 1, 1, 3, 1, 3, 1, 3, 1, 3, 1, 1, 2, 2, 1, 0, 3, 3, 0, 0, 0, 1, 1, 0, 3, 3, 1, 2, 3], "confidence_scores": [[0.18877594049541163, 0.35294806978641236, 0.24367166532165144, 0.21460432439652466], [0.25212187466160413, 0.254843494457873, 0.13975843871756, 0.35327619216296285], [0.21449638510980304, 0.30852125141772896, 0.20166766058665675, 0.2753147028858112], [0.2812105982196865, 0.22973432809720987, 0.12205956612667397, 0.36699550755642973], [0.18744399940230405, 0.42076531170528025, 0.15658762883359806, 0.2352030600588178], [0.18533800387177451, 0.32076236741103437, 0.14648187440669458, 0.34741775431049665], [0.09224428442498396, 0.25538506468307903, 0.5582787780556006, 0.09409187283633644], [0.333382413878814, 0.2089037448359827, 0.1795463758533949, 0.2781674654318085], [0.19026254638093523, 0.28228467846118427, 0.12800509875001603, 0.39944767640786466], [0.2559059454318587, 0.22323249307199397, 0.2715614169231431, 0.24930014457300428], [0.14922454740006186, 0.42115668246967963, 0.12366749213349786, 0.3059512779967607], [0.21712548632111034, 0.19118248450501213, 0.30148349855681833, 0.2902085306170591], [0.5177328549788129, 0.14117732445925893, 0.10822055773230332, 0.23286926282962475], [0.11232803163259936, 0.36899162499032184, 0.40867025142341207, 0.1100100919536668], [0.230825960177217, 0.4345791151412297, 0.15758392972955237, 0.17701099495200098], [0.3084252343342571, 0.1620246552314529, 0.11300985690027965, 0.41654025353401036], [0.4283122693593897, 0.28878338933928044, 0.11963984389806333, 0.16326449740326643], [0.43452317340719254, 0.2025980866513683, 0.16680986237304185, 0.19606887756839722], [0.15928117261244665, 0.2807319675125956, 0.1753393876016095, 0.38464747227334817], [0.352904456022484, 0.15106336872469686, 0.2705424606328854, 0.2254897146199337], [0.5028075217806816, 0.3786505127388657, 0.048177116900368924, 0.07036484858008389], [0.08398884630719593, 0.6451921635248263, 0.04754557907326276, 0.22327341109471505], [0.24896694073361555, 0.3254968950905439, 0.12767695155790762, 0.29785921261793297], [0.24398128856520102, 0.21158384331943556, 0.37922345464466717, 0.16521141347069626], [0.13941152593025943, 0.3595943120575493, 0.2144865212960458, 0.28650764071614554], [0.13332877657977882, 0.5368382105141539, 0.1741521159660201, 0.15568089694004714], [0.1930092932238778, 0.5263412002460606, 0.14778410825338176, 0.13286539827667987], [0.19765552277603146, 0.22712852327891833, 0.1774081643841535, 0.39780778956089685], [0.12670328908623207, 0.5175571072315448, 0.23856268661492808, 0.11717691706729504], [0.42816826883533476, 0.13727529124851462, 0.1164765819616607, 0.31807985795448984], [0.2331174088952342, 0.5381540014145142, 0.0834369693919861, 0.14529162029826545], [0.5327129261607293, 0.13843389891025765, 0.2045903304188376, 0.12426284451017543], [0.28750653055059455, 0.2673738255209627, 0.12514821643600263, 0.3199714274924401], [0.0897107257329837, 0.2592813707341012, 0.27274960917038604, 0.378258294362529], [0.1771778145550106, 0.32208016763344083, 0.12081786496437004, 0.3799241528471786], [0.16660219859480452, 0.5844191594690084, 0.08447910565119322, 0.16449953628499397], [0.2035433554711339, 0.3001517125253354, 0.17695608712688002, 0.31934884487665083], [0.22575535077901004, 0.5497980253714881, 0.09311468437238102, 0.13133193947712077], [0.16177166989095426, 0.3446507741247735, 0.2748219487997885, 0.21875560718448356], [0.26006890177657627, 0.20636617027881526, 0.24962532635836954, 0.2839396015862391], [0.1548662308385511, 0.27017253985660616, 0.29368592236239643, 0.28127530694244635], [0.3250557715004851, 0.26852076769207733, 0.207727547551937, 0.1986959132555005], [0.30281032570931277, 0.254005944841018, 0.28412835705822814, 0.15905537239144138], [0.3626319759989901, 0.21504245173460632, 0.17793688805933217, 0.24438868420707147], [0.3158009593418822, 0.3650144474114496, 0.13811679105717517, 0.1810678021894932], [0.35015505857798634, 0.20064512184191033, 0.09376327976930388, 0.35543653981079937], [0.11325669295638241, 0.3278690114465519, 0.3601209448301485, 0.19875335076691714], [0.1394629729103475, 0.21070279457747124, 0.46072090178939934, 0.18911333072278189], [0.23246439549380318, 0.24501052368152412, 0.36338304458689497, 0.15914203623777798], [0.17333903474845666, 0.1615683188139405, 0.0811227612243523, 0.5839698852132506], [0.23523765087617265, 0.277212151291044, 0.08375078737896138, 0.40379941045382217], [0.13470102562373215, 0.5617603100534433, 0.12729726878540146, 0.17624139553742307], [0.1622245785869629, 0.3865259539778488, 0.10268676559044457, 0.34856270184474375], [0.20544471470783823, 0.3582062767642478, 0.0686988871696074, 0.36765012135830677], [0.28389658672120616, 0.3241588750057427, 0.14996712913707524, 0.24197740913597593], [0.1603029659688032, 0.25938746198083634, 0.13141406446538256, 0.4488955075849778], [0.13613832137070986, 0.3050222105604719, 0.23779803002993571, 0.32104143803888263], [0.2578225119025755, 0.18581476145052722, 0.29249285727369956, 0.26386986937319773], [0.08210953597486989, 0.6340708303343711, 0.10627790841871514, 0.17754172527204393], [0.2257192277607823, 0.35974948236441395, 0.08940847183356412, 0.32512281804123966], [0.3843086948785993, 0.1520635852173681, 0.172095592460312, 0.2915321274437205], [0.19267364572599724, 0.14265301920113493, 0.14641618804935927, 0.5182571470235086], [0.18808762949949062, 0.4899537492916334, 0.10717670145833412, 0.21478191975054192], [0.09837233428609124, 0.4786693327924742, 0.2983381833799891, 0.12462014954144567], [0.19651571725970476, 0.28298896464436724, 0.16550547163140902, 0.354989846464519], [0.27835143085619896, 0.2697341318966782, 0.22026010564050694, 0.23165433160661605], [0.06926466266630524, 0.471324118245682, 0.37031255541412017, 0.0890986636738925], [0.16748331520513485, 0.16051932144998862, 0.11732261895226229, 0.5546747443926142], [0.16729819400449464, 0.3397569008001246, 0.215987315840652, 0.2769575893547287], [0.16160570333875926, 0.38727677468774296, 0.08477260870846053, 0.36634491326503726], [0.17459833979185554, 0.5110198599341225, 0.1172209371190612, 0.19716086315496095], [0.10013312152696477, 0.19823137191860443, 0.36423427706499933, 0.3374012294894316], [0.13811084732559004, 0.48676767420723815, 0.24726146554027886, 0.1278600129268928], [0.36776816461175293, 0.22385292170617485, 0.25807418151044115, 0.15030473217163115], [0.22932454536275684, 0.21229020143069055, 0.2279587437034953, 0.3304265095030575], [0.14223372790249555, 0.41137482098096356, 0.09970695694297309, 0.3466844941735678], [0.22809317225033496, 0.14600955690146594, 0.09988808301091323, 0.5260091878372858], [0.3352555156420575, 0.17627479142467614, 0.31616243149134865, 0.1723072614419178], [0.3549886100777853, 0.3763600967612871, 0.10185071430717313, 0.16680057885375468], [0.23517748815004783, 0.22273189754608985, 0.22084327818299027, 0.3212473361208719], [0.17619871146246405, 0.3387558039623665, 0.10803083561968368, 0.37701464895548575], [0.3789221712778397, 0.1780552867288174, 0.04793925172446912, 0.3950832902688738], [0.3077021291931603, 0.2424704212571842, 0.12045476373234029, 0.3293726858173153], [0.18098362530937415, 0.40155175369956214, 0.15580397191306838, 0.26166064907799536], [0.29783808247681903, 0.2922186639573091, 0.1324977097478928, 0.277445543817979], [0.31156536103106863, 0.16129735110182208, 0.18540411537955478, 0.34173317248755447], [0.23997604438101253, 0.22831179190055825, 0.1209105448450045, 0.41080161887342487], [0.08939054348030502, 0.5366834640562804, 0.12864939642952639, 0.2452765960338882], [0.2244164380163158, 0.43665097023596794, 0.10604753307570186, 0.23288505867201434], [0.12038771322901123, 0.49949328370595897, 0.21573525628755125, 0.16438374677747858], [0.36636807229598717, 0.14182148992574495, 0.10854964040689855, 0.3832607973713695], [0.22269673928662995, 0.23223757161916977, 0.2718209237742787, 0.27324476531992165], [0.27308475562254453, 0.13476641873804565, 0.267718500700399, 0.32443032493901075], [0.1272996756550612, 0.09738581471891611, 0.14812337977353465, 0.6271911298524881], [0.22386966421536864, 0.20244360771638473, 0.309337462168317, 0.2643492658999298], [0.11028115515488693, 0.3491811097362691, 0.0755157850307213, 0.4650219500781226], [0.18057235150886253, 0.2542744319028202, 0.2188448862284887, 0.3463083303598288], [0.1596072956971649, 0.2215701576726103, 0.14691603662744437, 0.4719065100027805], [0.500855170869066, 0.1481400426529615, 0.061178296317520475, 0.2898264901604521], [0.32697114834183705, 0.3035845664637675, 0.143744196600713, 0.22570008859368249], [0.27451609546422556, 0.3125339737524867, 0.0925840957614576, 0.32036583502183014], [0.320589442572516, 0.3204745905600596, 0.13703825510818796, 0.22189771175923648], [0.22423601442407534, 0.2813584443172675, 0.2292705034558212, 0.2651350378028361], [0.2074166375994626, 0.41167564663777906, 0.21993044589167943, 0.16097726987107908], [0.1245543366548299, 0.5836023432648566, 0.16254366956214958, 0.129299650518164], [0.1268133388139797, 0.360373031071488, 0.08779358775717262, 0.42502004235735974], [0.08187774888166477, 0.6660954343594654, 0.05405021215376211, 0.1979766046051077], [0.40905494781078544, 0.2920526053249544, 0.09123223573462144, 0.20766021112963862], [0.2543654806376068, 0.16616858836452508, 0.2937720762580594, 0.28569385473980874], [0.22414379666459372, 0.2540023875262332, 0.22276560029860046, 0.29908821551057274], [0.20161208049468152, 0.23411350183699053, 0.15493736634091632, 0.40933705132741177], [0.14503959966990712, 0.1946945389557282, 0.21206905469282428, 0.44819680668154044], [0.18727043038069835, 0.1631329363760635, 0.15587394048528558, 0.4937226927579528], [0.1516252706768567, 0.4493321819445517, 0.08935976989115132, 0.30968277748744033], [0.2233455199340138, 0.33661379170902705, 0.14996280869904874, 0.29007787965791026], [0.13345136870448077, 0.4611914557655482, 0.12022868455736639, 0.2851284909726047], [0.16722821360941514, 0.2726002052036418, 0.19602894811003835, 0.36414263307690464], [0.13833821219681264, 0.478533792875659, 0.17307511814110504, 0.2100528767864233], [0.22388255416619246, 0.20569766776557846, 0.2777680671162673, 0.2926517109519619], [0.22237140669227498, 0.5001175984500257, 0.09460537276678258, 0.18290562209091685], [0.21745657833241025, 0.21235024874165762, 0.12364854219600177, 0.44654463072993045], [0.21219951753496097, 0.36416118751173554, 0.15327529533128958, 0.27036399962201424], [0.1534747207244994, 0.18525717631916566, 0.30729080958583554, 0.3539772933704995], [0.24708056592165273, 0.3838538455976499, 0.1492154926101169, 0.21985009587058058], [0.10604228009716139, 0.49720811535926235, 0.07404968563562869, 0.3226999189079477], [0.25532226194395136, 0.2210317861598945, 0.29114491815110477, 0.2325010337450493], [0.19867513135800804, 0.2438898534978796, 0.3369533641581649, 0.22048165098594744], [0.20323266552383248, 0.32553092409604334, 0.21950914397781865, 0.25172726640230547], [0.40564967706004657, 0.15564715163291376, 0.14600808361522388, 0.2926950876918159], [0.18025094253748147, 0.1646695483961683, 0.3020621136938402, 0.3530173953725101], [0.2235881930903702, 0.30257509757717527, 0.16264900291131404, 0.31118770642114046], [0.31078907903177794, 0.2627137547971314, 0.17268666184227374, 0.2538105043288169], [0.44501623175977856, 0.2420250342625046, 0.1841510369308897, 0.12880769704682726], [0.4490766039306933, 0.1721377826067296, 0.11727986206209269, 0.26150575140048427], [0.14262084322252852, 0.42988735828414615, 0.11668551875980086, 0.3108062797335244], [0.15373232365100478, 0.4243210547844686, 0.17873555300972715, 0.24321106855479957], [0.3573657604057622, 0.30529996522552877, 0.14567268533326644, 0.19166158903544295], [0.1639917332500245, 0.22294184747321144, 0.2507201686386187, 0.36234625063814563], [0.09361811045880708, 0.2170762386126171, 0.13133219414581818, 0.5579734567827577], [0.1678604424886774, 0.44093948011154316, 0.1426165470658407, 0.2485835303339387], [0.32262522376350866, 0.145142960378823, 0.33914267716722796, 0.19308913869044014], [0.33658264056940945, 0.19751056216150772, 0.09652391724953795, 0.36938288001954483]]}, "rewritten": {"ids": ["97106820", "97106970", "97107040", "97107260", "97107681", "97110950", "97111790", "97113260", "97118210", "98107340", "98108580", "98109570", "98111860", "98112170", "98112580", "98119591", "99107500", "99107630", "99108000", "99108310", "99108890", "99109311", "99111620", "99111930", "99113260", "99117740", "100109360", "100109910", "100109980", "100111080", "100111620", "101111310", "101114020", "101115190", "102107961", "102110500", "102112301", "102121700", "103109021", "103109641", "103109791", "103110220", "103111540", "103111620", "103111830", "103112470", "104110960", "104111380", "104111880", "104112470", "104113190", "104113380", "104114230", "104114740", "104119340", "105110091", "105112240", "105114220", "105115250", "105115720", "105115900", "105117200", "105120621", "105121190", "105121370", "106113190", "106113260", "106115120", "106119260", "106120290", "106121220", "107113840", "107114490", "107116340", "107118520", "107121540", "108114270", "108116501", "108118060", "108118301", "108118630", "108120260", "108120621", "108121351", "109113591", "109114270", "109115211", "109115220", "109116170", "109116810", "109117630", "109118820", "109119010", "109119450", "109121410", "110114321", "110115250", "110116300", "110118111", "110118161", "110118450", "110118630", "110118930", "110119030", "110120540", "110121170", "111114321", "111116290", "111116530", "111116750", "111117120", "111117571", "111118301", "111118810", "111118910", "111119340", "111119930", "111120260", "111120280", "111120640", "112116610", "112117030", "112117431", "112117471", "112118820", "112119580", "112121030", "113117340", "113117401", "113118511", "113118620", "113118810", "113118820", "113119320", "113120260", "113121410", "113121950", "113121980", "113122190", "113122220", "113122320", "113122430"], "labels": [1, 2, 2, 2, 3, 3, 2, 1, 2, 0, 0, 1, 0, 3, 2, 1, 0, 2, 2, 2, 0, 1, 3, 1, 0, 2, 0, 2, 1, 0, 3, 3, 3, 1, 3, 3, 1, 1, 0, 1, 3, 2, 1, 0, 3, 1, 2, 3, 3, 1, 3, 1, 2, 2, 1, 0, 1, 3, 2, 1, 3, 3, 1, 2, 2, 0, 3, 1, 1, 2, 1, 3, 3, 3, 2, 2, 3, 0, 1, 1, 1, 1, 1, 3, 3, 3, 0, 3, 0, 3, 0, 3, 3, 3, 0, 1, 1, 3, 1, 0, 0, 1, 1, 0, 1, 2, 1, 2, 3, 3, 2, 3, 3, 0, 0, 3, 1, 3, 0, 0, 1, 2, 0, 3, 0, 3, 0, 2, 3, 1, 3, 3, 0, 1, 3, 0, 3, 2, 1, 1, 1, 2], "predicted_labels": [1, 3, 2, 2, 3, 3, 3, 2, 1, 3, 1, 3, 2, 0, 1, 0, 1, 0, 3, 1, 2, 1, 3, 1, 0, 0, 3, 0, 0, 2, 2, 3, 0, 1, 3, 0, 1, 3, 0, 3, 0, 3, 1, 1, 0, 1, 3, 1, 1, 0, 3, 1, 1, 3, 3, 2, 1, 1, 0, 1, 3, 3, 3, 1, 3, 1, 1, 3, 2, 1, 0, 0, 1, 3, 1, 3, 1, 0, 0, 0, 1, 3, 3, 1, 3, 0, 3, 3, 3, 3, 1, 1, 1, 1, 0, 0, 3, 1, 0, 1, 3, 3, 1, 1, 1, 3, 1, 0, 1, 0, 3, 1, 1, 3, 1, 3, 3, 3, 1, 1, 2, 2, 0, 1, 3, 3, 1, 1, 1, 1, 0, 3, 3, 1, 3, 3, 1, 3, 1, 2, 3, 1], "confidence_scores": [[0.2448750733299486, 0.4154392976892611, 0.1129947156534872, 0.22669091332730326], [0.19032017421065603, 0.24823065513293688, 0.25008707421480864, 0.3113620964415984], [0.17376272320591063, 0.2054529478534314, 0.3625328165962544, 0.25825151234440363], [0.14625865975408142, 0.2024313111304644, 0.33426825613047173, 0.31704177298498243], [0.13760619051413725, 0.20566624439348605, 0.25578423836911846, 0.4009433267232583], [0.12674940375048835, 0.21782740655476018, 0.0962700545790558, 0.5591531351156959], [0.23309508928622905, 0.1585769592770598, 0.08928010566405255, 0.5190478457726587], [0.18356596007891485, 0.1398810031475185, 0.4475035525270965, 0.2290494842464703], [0.13873615619792845, 0.38956266005435286, 0.2747144719797789, 0.19698671176793986], [0.1569876831190201, 0.14791544360621664, 0.30356232175722, 0.39153455151754335], [0.1920889427708547, 0.40382088833705115, 0.14871105723354106, 0.2553791116585531], [0.2536837479995609, 0.22204073948287018, 0.08819293386219372, 0.4360825786553751], [0.2365674371704364, 0.19129138765906212, 0.3648016232921814, 0.20733955187832012], [0.45968645496168664, 0.19224043939484095, 0.11254792290939318, 0.2355251827340793], [0.180243096499158, 0.3627473813053234, 0.19836663555127004, 0.2586428866442487], [0.2868217765703957, 0.2822191847722852, 0.1846992858966074, 0.24625975276071177], [0.08175868747401421, 0.5841235493007968, 0.09719936934831336, 0.23691839387687585], [0.3735123388991322, 0.22405789651450078, 0.10965467988846388, 0.29277508469790325], [0.11388893085574206, 0.3157227157080294, 0.10375241765994835, 0.46663593577628004], [0.20783064852972366, 0.3323278283454205, 0.14095718123171297, 0.31888434189314296], [0.13857679928794311, 0.2228240835828745, 0.3870501595782909, 0.2515489575508915], [0.30210478514223343, 0.348156704943583, 0.14916120231943217, 0.20057730759475137], [0.12388242797556664, 0.19586484452019529, 0.3085787254099351, 0.3716740020943031], [0.2233311698372978, 0.3472487414641726, 0.23619232233164777, 0.19322776636688194], [0.33897669440929096, 0.268217502181823, 0.18039976521357154, 0.21240603819531442], [0.36825292793672415, 0.21102347130920263, 0.13590326086542492, 0.28482033988864836], [0.322277322274664, 0.18620148084043334, 0.07773450505602333, 0.4137866918288794], [0.3425791195033629, 0.1823363445860112, 0.2740401765843337, 0.20104435932629228], [0.4068164493233958, 0.2313203910601545, 0.08683336449351658, 0.2750297951229333], [0.25971662379672505, 0.21536552072966594, 0.2756648431450821, 0.24925301232852706], [0.16721963163657375, 0.2128914178841886, 0.4637678418214137, 0.1561211086578239], [0.2951131105556351, 0.268175004167599, 0.12662833659942305, 0.31008354867734295], [0.29671975050421506, 0.2647185909388394, 0.2192760270694045, 0.21928563148754115], [0.15629181315261384, 0.39381439309705896, 0.11807338690439713, 0.33182040684593017], [0.08548105028872387, 0.14902187955274654, 0.10354205245004913, 0.6619550177084804], [0.4379214909568121, 0.2314858314963396, 0.09170819705689714, 0.23888448048995092], [0.14164049142428395, 0.38907421990549834, 0.2848342425098564, 0.18445104616036112], [0.21176630177892722, 0.26867972776959254, 0.2278280774759046, 0.2917258929755755], [0.4002443837892319, 0.19003502611868697, 0.10680519973053379, 0.30291539036154724], [0.0974297509329478, 0.2771637898993405, 0.100678689864423, 0.5247277693032887], [0.31111811222532204, 0.27600036442746, 0.1719226897706303, 0.24095883357658757], [0.21559605631098605, 0.2522138208088146, 0.20675107242840018, 0.3254390504517991], [0.2425183664837701, 0.3899677475357563, 0.16392027130559617, 0.20359361467487747], [0.1714770459501345, 0.47097235721226155, 0.1842843349427361, 0.17326626189486777], [0.4067941400191502, 0.15586075908515518, 0.10219608949301201, 0.33514901140268266], [0.229895060064434, 0.28493613890448194, 0.21477597319137665, 0.2703928278397074], [0.304622755587752, 0.22863878442426447, 0.11571041390619251, 0.35102804608179117], [0.2600556494584954, 0.2815785984837917, 0.2105886138137892, 0.24777713824392378], [0.16954212018154796, 0.350520352081801, 0.21761731437506918, 0.2623202133615818], [0.35421370296491234, 0.17104012022284426, 0.209087502028301, 0.2656586747839423], [0.23304579189307345, 0.2723111150112234, 0.12582556147763221, 0.3688175316180709], [0.17342504657734548, 0.4220740582348787, 0.13765899823840042, 0.26684189694937555], [0.26942059225316045, 0.3124896084452567, 0.1371905176017683, 0.2808992816998146], [0.13378883625161153, 0.2361286528293073, 0.16089934177446313, 0.4691831691446181], [0.3435569964815749, 0.2160411569482351, 0.06735318742080953, 0.37304865914938057], [0.1419159636833836, 0.2971441024963426, 0.3821540838579137, 0.17878584996236013], [0.19870011975835636, 0.4443818898593012, 0.11663546351050721, 0.2402825268718353], [0.2188396324675131, 0.5286874643133858, 0.10817874365819896, 0.1442941595609022], [0.4057804361160162, 0.22348185151479283, 0.14694416150460457, 0.22379355086458638], [0.20587101368968375, 0.5666600673604093, 0.07353143334049494, 0.15393748560941195], [0.19468093331042982, 0.28270064449981375, 0.20822158354492726, 0.31439683864482926], [0.09303368506647319, 0.3245237717434031, 0.1316121676739899, 0.4508303755161338], [0.24892291684751425, 0.25621567839583137, 0.10357989711516233, 0.3912815076414921], [0.11259922399850293, 0.4507293973662786, 0.22803804462328206, 0.20863333401193637], [0.18910338678601046, 0.289243036553911, 0.18585140645086604, 0.33580217020921244], [0.28872422548754545, 0.47811573182039785, 0.11992448631921053, 0.11323555637284606], [0.2697405764256434, 0.3438962842423124, 0.1123975622019956, 0.2739655771300485], [0.3551739416073655, 0.13046596000520203, 0.058168661328142066, 0.4561914370592905], [0.1371948849302197, 0.13434703839938553, 0.535896263682765, 0.1925618129876298], [0.20270853818508613, 0.2701172244922479, 0.26179647880412377, 0.2653777585185421], [0.309409725826379, 0.29634967493521464, 0.10086602767202796, 0.29337457156637853], [0.6437277804999388, 0.11897095368698615, 0.08203657026509735, 0.15526469554797773], [0.20085926847101465, 0.3516021606054931, 0.13925919173304968, 0.3082793791904427], [0.13749649894764357, 0.3168586196174691, 0.045792602291900235, 0.4998522791429872], [0.11883354878612817, 0.5733492944257671, 0.2078123141660365, 0.10000484262206819], [0.20966970267982307, 0.2646456453598902, 0.2045010128218229, 0.3211836391384639], [0.19066334019578818, 0.40655237677123857, 0.14196450718547887, 0.2608197758474943], [0.6328831790586019, 0.09451691954558439, 0.10728817004774951, 0.16531173134806434], [0.34328089433769343, 0.315699368707997, 0.10834164289830474, 0.2326780940560047], [0.36153910276844986, 0.1803582837712461, 0.27076695108770704, 0.18733566237259716], [0.22395986452296884, 0.3948145663652688, 0.10951020110611072, 0.2717153680056516], [0.24643156707444897, 0.17968324890831794, 0.21807145423553662, 0.3558137297816967], [0.22136389691215463, 0.34312794197473123, 0.08810540582085999, 0.3474027552922542], [0.22586236655207334, 0.5540616485412004, 0.0972376769197583, 0.12283830798696796], [0.31189590571659076, 0.2754753349536642, 0.06676984327994152, 0.34585891604980334], [0.3572670898431356, 0.174540035969576, 0.18930453958667004, 0.2788883346006187], [0.18537646088429652, 0.22375434742566827, 0.11928319648209142, 0.4715859952079438], [0.1953401344694913, 0.21701042158116904, 0.15764844602196051, 0.4300009979273791], [0.12594547264040326, 0.2659257340305014, 0.12025220450897314, 0.48787658882012225], [0.20125699693808197, 0.2986386788806355, 0.10615678130157838, 0.3939475428797042], [0.252292597990348, 0.35859214302773185, 0.2660832391193822, 0.1230320198625381], [0.2026616827302233, 0.330785088803212, 0.27655811908397404, 0.18999510938259057], [0.22684937945244416, 0.3597319064340801, 0.09844617794708996, 0.3149725361663858], [0.09816450158060772, 0.6790241951577882, 0.07303469257645082, 0.1497766106851531], [0.31538722783675927, 0.2468871941494411, 0.18506689142834026, 0.2526586865854595], [0.3178192138364252, 0.24164600988558818, 0.1775790097962978, 0.26295576648168906], [0.1710175154550369, 0.1838476689831763, 0.1351754416667043, 0.5099593738950825], [0.3131054466402613, 0.34705722156659186, 0.16656183481126963, 0.17327549698187708], [0.4940603620524845, 0.1841899102695485, 0.09459550997733913, 0.22715421770062788], [0.14136863386432208, 0.48078922574949534, 0.18291420471023315, 0.1949279356759496], [0.15761529323193693, 0.240030658526761, 0.25089496517812576, 0.3514590830631763], [0.21044303274535076, 0.2467045085403891, 0.2014880940572654, 0.3413643646569949], [0.15685074041162686, 0.372183421936693, 0.10331501464391736, 0.3676508230077628], [0.18809674792231074, 0.4828816994635516, 0.12056418220006233, 0.2084573704140755], [0.21432314532937197, 0.28574344503999805, 0.25223904812360826, 0.24769436150702176], [0.20521146917355657, 0.27727388967760735, 0.206846818617347, 0.3106678225314893], [0.17996725144718895, 0.431710889886603, 0.16320450647414153, 0.22511735219206663], [0.636191586838151, 0.1404500204103145, 0.06494099298220617, 0.15841739976932823], [0.14677620851830359, 0.5665379518416754, 0.07163873647579705, 0.21504710316422396], [0.5083285236868572, 0.11985785563220212, 0.17725338380540642, 0.1945602368755342], [0.2760894183724052, 0.2640043364868823, 0.133364945439717, 0.32654129970099555], [0.20536492946272616, 0.36088761119823926, 0.2072595569981528, 0.22648790234088187], [0.20073664860269833, 0.39678543419924706, 0.12022555093046924, 0.2822523662675853], [0.29174529074333105, 0.19746037781230585, 0.08349354584200887, 0.4273007856023543], [0.21704378770110544, 0.4596729404636121, 0.1251806236029732, 0.19810264823230925], [0.16355813222751692, 0.3154248127372207, 0.14929015737727874, 0.3717268976579837], [0.227407233580302, 0.2619786635470605, 0.1698211193688562, 0.3407929835037812], [0.29045515553887225, 0.1604683462656352, 0.09126600994269649, 0.457810488252796], [0.35995298521837493, 0.40310806025296264, 0.08178732165906516, 0.15515163286959746], [0.141989797091975, 0.5647412143834323, 0.10304790900516468, 0.1902210795194279], [0.31120574219694314, 0.13796017699587546, 0.3171294254695176, 0.23370465533766377], [0.16763522813934909, 0.2828981149106113, 0.298524590226484, 0.2509420667235557], [0.7624362180768118, 0.07318625738318656, 0.04827871751302553, 0.1160988070269761], [0.31244018350410724, 0.42577571715019186, 0.10240499261457604, 0.15937910673112476], [0.17428486789235928, 0.24043869574415894, 0.09871813004540432, 0.4865583063180774], [0.1712842017212206, 0.1234451292912782, 0.06567845749036626, 0.6395922114971351], [0.21520802667618846, 0.4174309761098494, 0.19713682310412856, 0.1702241741098335], [0.14976751781952208, 0.638544090610725, 0.08189765604364307, 0.12979073552610987], [0.09027204469700535, 0.5073176540844667, 0.06282072494284911, 0.3395895762756788], [0.17617695786503973, 0.395401924807992, 0.18496135105460432, 0.243459766272364], [0.3957524328568683, 0.2148550009287417, 0.14422055145448404, 0.2451720147599059], [0.1538038073677598, 0.17011445146495616, 0.24919104353325397, 0.4268906976340301], [0.2455953254769734, 0.24674994728428865, 0.10113542797267544, 0.4065192992660627], [0.29935380650240573, 0.40729402496231215, 0.14094465380281193, 0.15240751473247025], [0.24702771785774083, 0.22830912669450223, 0.26141167805376436, 0.2632514773939926], [0.21597121605633787, 0.23592000949488542, 0.13769043754295024, 0.41041833690582646], [0.1598688747037964, 0.34287363488080774, 0.32711341645592173, 0.1701440739594739], [0.2197622247223445, 0.2142690414256876, 0.1401737370957918, 0.42579499675617605], [0.1943093507984716, 0.2992632999263066, 0.2280387607100644, 0.2783885885651573], [0.2357616087308497, 0.16278341761776996, 0.44298471968546455, 0.15847025396591585], [0.2557331124023589, 0.22840818487382314, 0.0989774326428604, 0.41688127008095766], [0.19143528072326935, 0.5993067335455847, 0.09602908956396812, 0.11322889616717784]]}}