{"test": {"ids": ["113119950", "102114270", "103112470", "110121170", "113117401", "105113190", "112120540", "110116300", "97114170", "107112850", "103120531", "102110240", "101114020", "113121980", "108115570", "101112690", "110116501", "110118161", "109113881", "98107410", "100111270", "109118820", "113118870", "98106880", "107120130", "102107961", "99108520", "109119450", "103111620", "113118511", "99111440", "99107950", "101110150", "112116610", "104109311", "110118111", "111119930", "99108890", "102109010", "101108290", "107112840", "111114941", "100109980", "109121640", "97109570", "97112300", "99109370", "97112290", "103110840", "108114200", "112121410", "105110251", "110118740", "102113981", "102116500", "108118810", "99108080", "108114670", "109115211", "99117740", "106114011", "100108490", "106119990", "112118471", "111115770", "108120621", "104111780", "111121930", "110117870", "111120640", "107114780", "108113480", "108114040", "97109080", "105117200", "106114150", "108117360", "110120700", "105115380", "113120591", "109116441", "107121700", "109114220", "104111880", "106112770", "106114880", "97107920", "107113170", "97116500", "97107950", "98110810", "100108260", "103120340", "104114230", "111115910", "100109000", "109120150", "111117571", "112118161", "102110850", "104118070", "105116860", "98120010", "107117630", "108116120", "106113170", "109120621", "110116170", "101111140", "98121790", "99114890", "99109161", "110115980", "100110050", "110121140", "102112250", "99111340", "102110750", "99113260", "111115620", "111119430", "97111790", "97116790", "105120621", "107118490", "97113260", "107113200", "104114320", "97106970", "110118301", "110114720", "103120290", "99110050", "113120070", "99117630", "110117110", "102109840", "111117200", "106119580", "105116441", "107114280", "108115870"], "labels": [0, 3, 1, 2, 3, 3, 3, 3, 2, 1, 3, 3, 3, 2, 3, 1, 3, 0, 0, 3, 2, 3, 0, 0, 2, 3, 2, 3, 0, 1, 3, 1, 1, 1, 3, 1, 1, 0, 1, 0, 1, 0, 1, 0, 0, 2, 1, 1, 1, 0, 0, 0, 3, 1, 1, 1, 3, 3, 0, 2, 1, 2, 0, 1, 3, 1, 3, 1, 3, 0, 2, 0, 0, 2, 3, 1, 1, 2, 1, 0, 3, 3, 3, 3, 1, 0, 0, 0, 2, 2, 1, 3, 1, 2, 2, 1, 2, 3, 0, 3, 2, 2, 2, 0, 1, 0, 1, 0, 2, 2, 2, 3, 1, 3, 3, 0, 1, 1, 0, 1, 3, 2, 2, 1, 2, 1, 0, 2, 2, 1, 3, 2, 3, 2, 3, 0, 2, 0, 3, 1, 3, 3], "predicted_labels": [3, 3, 1, 3, 3, 3, 1, 1, 3, 1, 3, 1, 0, 1, 1, 3, 1, 0, 0, 3, 1, 0, 1, 0, 1, 3, 2, 1, 1, 1, 3, 1, 1, 1, 3, 0, 3, 1, 1, 3, 1, 1, 3, 1, 3, 3, 1, 1, 1, 1, 3, 0, 0, 0, 1, 1, 0, 0, 3, 1, 1, 1, 1, 1, 0, 3, 1, 3, 3, 3, 1, 1, 1, 3, 1, 0, 0, 3, 2, 3, 0, 1, 3, 1, 1, 1, 0, 3, 0, 3, 1, 0, 1, 1, 1, 3, 1, 1, 0, 1, 3, 1, 3, 0, 0, 1, 3, 3, 0, 0, 1, 1, 0, 1, 0, 3, 1, 1, 2, 3, 3, 1, 0, 0, 1, 3, 0, 1, 1, 3, 1, 1, 3, 1, 0, 1, 1, 0, 1, 1, 1, 3], "confidence_scores": [[0.43163467783962983, 0.04534774025011718, 0.006872198881103008, 0.5161453830291499], [0.022305536868002365, 0.3054087343927199, 0.3805676053784545, 0.29171812336082314], [0.265837803749388, 0.26187881350405323, 0.2696085862383038, 0.20267479650825485], [0.05170528512853706, 0.1798988321382545, 0.10644918543023407, 0.6619466973029744], [0.20257072069971194, 0.21530423921288416, 0.005113231783475076, 0.5770118083039287], [0.2152058967552054, 0.1428013034656898, 0.014763740363983044, 0.6272290594151215], [0.25177634989215436, 0.6481149646401, 0.04886647241435109, 0.05124221305339482], [0.23604615534284396, 0.47482431965303923, 0.08540006963079483, 0.20372945537332207], [0.01599532221566232, 0.07884269465473917, 0.4857296071016286, 0.4194323760279698], [0.12926382612273118, 0.6667608994469176, 0.14351366092152637, 0.06046161350882499], [0.16635909867196128, 0.27734574399354933, 0.08328880866877256, 0.47300634866571717], [0.3320886436050861, 0.42088644425418065, 0.15930537559002145, 0.08771953655071144], [0.48834234555350897, 0.23313004097997084, 0.044397987970866526, 0.2341296254956535], [0.20748905490553796, 0.5517983369969975, 0.00536531623081415, 0.2353472918666506], [0.052018876489836656, 0.6878882730777098, 0.08647180428606506, 0.17362104614638862], [0.31662064404479595, 0.17116348141956547, 0.07866334587971997, 0.4335525286559184], [0.06368071353409481, 0.7325391998587523, 0.0030071643687210126, 0.20077292223843204], [0.44507975957468254, 0.2888700264959443, 0.011631954644965437, 0.25441825928440753], [0.6759323182521294, 0.22285707749642703, 0.03627380009823978, 0.06493680415320349], [0.49671124519449916, 0.060159168575754304, 0.01675255643572362, 0.4263770297940229], [0.10961304899087626, 0.48073186623903613, 0.22123319782522832, 0.18842188694485915], [0.622079548708191, 0.18941126620354584, 0.014594583890667588, 0.17391460119759558], [0.1793088872301365, 0.4362179988127923, 0.04638252348894301, 0.33809059046812817], [0.25324298265370265, 0.18858091146493822, 0.4047540876363245, 0.15342201824503476], [0.0652453525667099, 0.6863528273604647, 0.04870097747723399, 0.19970084259559118], [0.37184899981912006, 0.1579402553694453, 0.02352723761881176, 0.4466835071926228], [0.17210466666066046, 0.0937651513180605, 0.6420205919281855, 0.09210959009309348], [0.12077323841278208, 0.5459824654949774, 0.0884472325808699, 0.24479706351137054], [0.17981711931455, 0.42041172037449875, 0.03700533224804809, 0.3627658280629033], [0.08461385612362587, 0.722665904510906, 0.0548465269322041, 0.13787371243326393], [0.3368501864390471, 0.1876051651335652, 0.04542084117420674, 0.430123807253181], [0.027709465208656775, 0.39363055388517504, 0.5302510251934023, 0.04840895571276581], [0.3264548680589847, 0.5322551269650542, 0.01289905817292564, 0.1283909468030356], [0.4780576389534983, 0.3875589107044147, 0.07393731584307224, 0.0604461344990148], [0.3273376025519389, 0.08604936257726484, 0.05667312900651412, 0.5299399058642824], [0.5583968707255947, 0.11537304367244804, 0.026313462834811438, 0.2999166227671459], [0.4024565338970856, 0.258204562235177, 0.07161266542600672, 0.26772623844173066], [0.0694770067117706, 0.6741049368515107, 0.1040095915853564, 0.15240846485136225], [0.12575225643505716, 0.21591110280469802, 0.49007021263697503, 0.16826642812327006], [0.14596727800884743, 0.3473531953271348, 0.06315184624646994, 0.44352768041754786], [0.019590558236112547, 0.853956915535547, 0.0786681075417234, 0.04778441868661704], [0.03217692102190764, 0.6012887826615511, 0.014488404799332753, 0.35204589151720866], [0.2727694514232147, 0.1811483344652049, 0.26450915132549396, 0.28157306278608635], [0.37667194312729346, 0.4446146228216231, 0.052682600139756224, 0.12603083391132733], [0.45123207455955194, 0.06289727994206815, 0.015881153180491915, 0.46998949231788817], [0.21733292135739635, 0.13293447735009092, 0.37637496152459815, 0.2733576397679148], [0.0447941664449867, 0.7844791068892203, 0.10267791957934864, 0.06804880708644437], [0.2291094290648702, 0.39995935380646175, 0.23852318944328696, 0.1324080276853809], [0.07098099289034358, 0.4687623341037214, 0.1442629090733839, 0.3159937639325507], [0.07284524985564673, 0.7683453742614824, 0.09705860142415518, 0.061750774458715504], [0.31841253929712854, 0.13171273570680425, 0.02585279037234177, 0.5240219346237254], [0.5533925732663842, 0.2893725309809542, 0.03199752936915357, 0.12523736638350785], [0.6666664102533615, 0.10188682431756704, 0.02511651270879274, 0.20633025272027872], [0.43984617667441606, 0.2808824466232229, 0.15598968762556384, 0.12328168907679721], [0.17471633288227592, 0.47740849643256555, 0.13259222349284233, 0.21528294719231622], [0.10085273098436671, 0.761407304876853, 0.024482617173233984, 0.11325734696554614], [0.5905373899552693, 0.2890417795594808, 0.034612228342563105, 0.08580860214268649], [0.36906180508533315, 0.26291845361473987, 0.05386685775302569, 0.3141528835469013], [0.07557589148584104, 0.10586456949000572, 0.06609195200141903, 0.7524675870227341], [0.3158505631941131, 0.3566032862988193, 0.06481712817426216, 0.26272902233280554], [0.12142000130970283, 0.3413394943093214, 0.3010679942953807, 0.2361725100855951], [0.09520688385405385, 0.3429078990564532, 0.47663489362291417, 0.08525032346657875], [0.4648452777937118, 0.3744046904192153, 0.09396076768008958, 0.06678926410698302], [0.26438730040541725, 0.3236417854311156, 0.26409992580697333, 0.14787098835649357], [0.678085849658965, 0.07298340176568993, 0.006736582375481922, 0.2421941661998631], [0.36134124043058374, 0.10543547597809795, 0.04207908666544395, 0.49114419692587413], [0.18792435780635294, 0.703370656201258, 0.011781477847733611, 0.09692350814465504], [0.26861951254389776, 0.16126408649573462, 0.404248338417914, 0.1658680625424539], [0.22731204831179871, 0.08004882945812283, 0.12339040215277439, 0.569248720077304], [0.12326349646634246, 0.28722596310973736, 0.14440330025249243, 0.44510724017142766], [0.01655713996018004, 0.8510911906897545, 0.09616741476704704, 0.0361842545830185], [0.09572587591991676, 0.37825510495448217, 0.19335425652487845, 0.33266476260072275], [0.07878928895193657, 0.24080773419809445, 0.5787553200625843, 0.10164765678738463], [0.06791621931205276, 0.19782284272734987, 0.5645947382596342, 0.16966619970096344], [0.05212120554744373, 0.4509160798159756, 0.3045097913425034, 0.19245292329407707], [0.46756015713726845, 0.29274671242713196, 0.05098908341482024, 0.18870404702077928], [0.36534054125339405, 0.16997605901069868, 0.24869710131812264, 0.21598629841778474], [0.22891439307566386, 0.29593143957363105, 0.027244142611535876, 0.44791002473916924], [0.028563266052312398, 0.182006143911466, 0.7254673922957333, 0.06396319774048814], [0.10244859013093854, 0.15554250460902772, 0.38564817317871986, 0.35636073208131375], [0.8007905622861995, 0.03178383538779768, 0.0002978926828134903, 0.1671277096431892], [0.08220765806265559, 0.5109036837044096, 0.18669002195355763, 0.22019863627937722], [0.47429113213984375, 0.08011962044108939, 0.009833303029903569, 0.43575594438916326], [0.08126620387126234, 0.35753156559069, 0.29691859262393244, 0.26428363791411535], [0.1304636479436914, 0.33956915194782145, 0.36236683065891445, 0.1676003694495726], [0.06304080358019311, 0.32071251692880215, 0.5731627663879466, 0.04308391310305797], [0.9050735659231597, 0.018694631518937473, 0.003303120173259949, 0.072928682384643], [0.275298991861604, 0.18790957615200718, 0.05775426616309183, 0.4790371658232971], [0.5319153631808338, 0.24729583959924717, 0.08589303597427063, 0.13489576124564856], [0.1288217255012718, 0.0676708732581635, 0.6292362270182967, 0.17427117422226798], [0.044119444836333864, 0.41048468099316954, 0.505032162110869, 0.040363712059627466], [0.455283397652284, 0.11432718371493862, 0.251014841618726, 0.17937457701405135], [0.14418542992850142, 0.2759518180356969, 0.5184331122435987, 0.061429639792203033], [0.20757488960502535, 0.4154040720936675, 0.2853593207343632, 0.09166171756694401], [0.08492683206655463, 0.7691839556064417, 0.032171706717063465, 0.11371750560993976], [0.1283589882038839, 0.12826641173489753, 0.10134628380438067, 0.6420283162568383], [0.20486086680428778, 0.2905856309176566, 0.3882258675718646, 0.11632763470619083], [0.40798288403096733, 0.3237722581989404, 0.03524878494651454, 0.23299607282357765], [0.5493965890490963, 0.39581577947032426, 0.013228861255540746, 0.04155877022503895], [0.0699887020335673, 0.6845333783570244, 0.06911328038613049, 0.1763646392232775], [0.03845648174806381, 0.25472519185793957, 0.354958781225136, 0.35185954516886053], [0.23215226767142727, 0.5705787661582767, 0.08470225593497986, 0.11256671023531607], [0.041430994141233246, 0.1371419760721078, 0.5083536036919566, 0.3130734260947023], [0.6365595872069936, 0.1505958718216921, 0.0751800740622773, 0.13766446690903703], [0.7832908672896546, 0.030561966478538514, 0.01548706936993246, 0.17066009686187442], [0.35689429931486705, 0.555795363482369, 0.010792454308388905, 0.07651788289437483], [0.06141669205730288, 0.0813184149882398, 0.01587693977372866, 0.841387953180729], [0.22804832012341014, 0.30570264013487175, 0.01228848100601935, 0.45396055873569874], [0.5069607910834532, 0.22888194658443606, 0.14627071562679855, 0.11788654670531226], [0.4340599244568363, 0.19237634135786522, 0.19443931706630188, 0.17912441711899646], [0.035635999665183556, 0.5229712032655992, 0.2994252896969037, 0.1419675073723134], [0.3786806017064264, 0.47553192757839957, 0.05397813592813404, 0.09180933478703995], [0.49066557795148114, 0.23898079836424105, 0.11560772134389279, 0.15474590234038485], [0.08684699011982903, 0.30199959941592514, 0.4604207483996746, 0.15073266206457125], [0.5325177726788101, 0.17740607626097527, 0.005222294262985265, 0.2848538567972295], [0.23113257133746418, 0.02585660721423428, 0.020202995124897545, 0.7228078263234038], [0.02732643275577122, 0.2080821590700678, 0.6800985973414024, 0.08449281083275832], [0.009921622796856402, 0.2310030997898178, 0.7321780723104548, 0.026897205102870792], [0.06816231080684941, 0.10361338101785178, 0.7172426701598201, 0.11098163801547889], [0.3187965416529263, 0.26652065906620437, 0.07529910376402019, 0.33938369551684905], [0.07648203059032, 0.3526628158124747, 0.04413886338079719, 0.5267162902164079], [0.12070455481808821, 0.46876002566090474, 0.1541307329654372, 0.25640468655556986], [0.46389969019814237, 0.17932529934645502, 0.2366892396301778, 0.12008577082522487], [0.8255280314893774, 0.09340524743519575, 0.000380159285146904, 0.08068656179027985], [0.13385079325098964, 0.6000098998781688, 0.17900127393046542, 0.08713803294037606], [0.14088749329172554, 0.27410366507162615, 0.31603817215328583, 0.26897066948336223], [0.5775824648572768, 0.2081032920845313, 0.002641179446075702, 0.21167306361211627], [0.299788707988822, 0.25671133369785487, 0.3667089508889668, 0.07679100742435647], [0.02238312200715849, 0.31963023607115365, 0.550444457568017, 0.1075421843536706], [0.4713475759035103, 0.11173087871940267, 0.013251686767180637, 0.4036698586099066], [0.046507767441393705, 0.5169618458251082, 0.3361364502879644, 0.10039393644553377], [0.06316165325501379, 0.31217295800117295, 0.499941279918391, 0.1247241088254229], [0.1710713367886781, 0.2171219660133586, 0.10970264205058397, 0.5021040551473794], [0.022204311657897432, 0.6149915143642377, 0.20337081911726432, 0.1594333548606006], [0.4454299257563235, 0.15561456562933024, 0.20837843920432403, 0.19057706941002206], [0.1639284698629651, 0.692079637533039, 0.02398488077751702, 0.12000701182647887], [0.19870673960356108, 0.3207860041636239, 0.2794221491859056, 0.2010851070469094], [0.5645954121335982, 0.22993934009547673, 0.013912005491081441, 0.19155324227984363], [0.035500830563648875, 0.5458934057984819, 0.3735852330183847, 0.04502053061948446], [0.31842870499722903, 0.4679986208743653, 0.03438757233934659, 0.17918510178905908], [0.16339178815159114, 0.5975777789316599, 0.10797441982030297, 0.1310560130964463], [0.37920861595055094, 0.17345958578710358, 0.02542057366273644, 0.421911224599609]]}, "rewritten": {"ids": ["97106970", "97107920", "97107950", "97109080", "97109570", "97111790", "97112290", "97112300", "97113260", "97114170", "97116500", "97116790", "98106880", "98107410", "98110810", "98120010", "98121790", "99107950", "99108080", "99108520", "99108890", "99109161", "99109370", "99110050", "99111340", "99111440", "99113260", "99114890", "99117630", "99117740", "100108260", "100108490", "100109000", "100109980", "100110050", "100111270", "101108290", "101110150", "101111140", "101112690", "101114020", "102107961", "102109010", "102109840", "102110240", "102110750", "102110850", "102112250", "102113981", "102114270", "102116500", "103110840", "103111620", "103112470", "103120290", "103120340", "103120531", "104109311", "104111780", "104111880", "104114230", "104114320", "104118070", "105110251", "105113190", "105115380", "105116441", "105116860", "105117200", "105120621", "106112770", "106113170", "106114011", "106114150", "106114880", "106119580", "106119990", "107112840", "107112850", "107113170", "107113200", "107114280", "107114780", "107117630", "107118490", "107120130", "107121700", "108113480", "108114040", "108114200", "108114670", "108115570", "108115870", "108116120", "108117360", "108118810", "108120621", "109113881", "109114220", "109115211", "109116441", "109118820", "109119450", "109120150", "109120621", "109121640", "110114720", "110115980", "110116170", "110116300", "110116501", "110117110", "110117870", "110118111", "110118161", "110118301", "110118740", "110120700", "110121140", "110121170", "111114941", "111115620", "111115770", "111115910", "111117200", "111117571", "111119430", "111119930", "111120640", "111121930", "112116610", "112118161", "112118471", "112120540", "112121410", "113117401", "113118511", "113118870", "113119950", "113120070", "113120591", "113121980"], "labels": [2, 0, 2, 2, 0, 2, 1, 2, 1, 2, 2, 2, 0, 3, 1, 2, 2, 1, 3, 2, 0, 3, 1, 3, 1, 3, 0, 2, 3, 2, 3, 2, 1, 1, 3, 2, 0, 1, 2, 1, 3, 3, 1, 2, 3, 1, 3, 0, 1, 3, 1, 1, 0, 1, 2, 1, 3, 3, 3, 3, 2, 2, 2, 0, 3, 1, 1, 2, 3, 1, 1, 0, 1, 1, 0, 3, 0, 1, 1, 0, 0, 3, 2, 0, 2, 2, 3, 0, 0, 0, 3, 3, 3, 1, 1, 1, 1, 0, 3, 0, 3, 3, 3, 2, 1, 0, 3, 1, 0, 3, 3, 0, 3, 1, 0, 1, 3, 2, 3, 2, 0, 1, 3, 2, 0, 3, 3, 1, 0, 1, 1, 0, 1, 3, 0, 3, 1, 0, 0, 2, 0, 2], "predicted_labels": [2, 3, 2, 3, 0, 3, 1, 0, 1, 1, 0, 1, 0, 0, 2, 3, 0, 2, 0, 2, 1, 0, 1, 1, 3, 1, 3, 1, 3, 0, 0, 0, 3, 3, 1, 1, 3, 1, 0, 1, 3, 1, 1, 3, 1, 1, 1, 3, 1, 3, 1, 3, 3, 1, 1, 1, 3, 0, 0, 1, 1, 0, 1, 0, 3, 2, 1, 1, 3, 0, 2, 1, 1, 0, 1, 2, 1, 1, 1, 3, 1, 1, 1, 0, 1, 3, 3, 1, 2, 1, 0, 1, 3, 0, 1, 3, 0, 1, 3, 0, 0, 0, 1, 0, 3, 1, 0, 0, 1, 1, 3, 1, 1, 1, 0, 0, 3, 1, 1, 2, 1, 3, 0, 1, 0, 1, 1, 1, 3, 0, 0, 0, 0, 0, 0, 3, 1, 1, 3, 3, 3, 1], "confidence_scores": [[0.014873579440442616, 0.132173525204917, 0.791973422532821, 0.06097947282181958], [0.5209212475815823, 0.022401440627378064, 0.0033975426823523664, 0.4532797691086873], [0.05585213810054887, 0.14923811772465226, 0.6690292636161305, 0.12588048055866818], [0.07996568122633418, 0.39088162138769716, 0.11462775331368225, 0.41452494407228635], [0.9051600120152258, 0.05272912553208123, 0.0018200635368040916, 0.04029079891588858], [0.0635694382805975, 0.11588057767944603, 0.09460981785707194, 0.7259401661828847], [0.2752374419842404, 0.2965209479998873, 0.37652367645855356, 0.05171793355731881], [0.7117253411315358, 0.04456351696487332, 0.11350072349172916, 0.13021041841186193], [0.21556631012805735, 0.386978760591835, 0.03599530272584861, 0.361459626554259], [0.05470235048360233, 0.32025861209302103, 0.4060278285999863, 0.21901120882339017], [0.5261894951545248, 0.15862226195706164, 0.2893367547437954, 0.02585148814461824], [0.2017136018935171, 0.4621250762939345, 0.152553960869865, 0.1836073609426835], [0.7916319650240543, 0.048885048523608754, 0.057341817077381264, 0.10214116937495558], [0.4905517234734889, 0.16190703812508897, 0.008899810760364862, 0.3386414276410573], [0.026656603515980683, 0.1555794682381447, 0.7834159285869408, 0.034347999658933585], [0.043158992088767265, 0.08899381188340777, 0.5783846536714796, 0.28946254235634533], [0.5707464398777894, 0.13204543672214597, 0.15069017200340798, 0.1465179513966566], [0.003721204643273981, 0.09965150871564779, 0.88168352207985, 0.014943764561228357], [0.6052979136269817, 0.22318281211097366, 0.04381667782636873, 0.12770259643567555], [0.03255307106571516, 0.07329186164198458, 0.8106300286491283, 0.08352503864317175], [0.06920061876617384, 0.5671129032393839, 0.08289233419719917, 0.28079414379724277], [0.46273545878506495, 0.3457329342518417, 0.014617540348502689, 0.17691406661459072], [0.23228358453800727, 0.5305247331683741, 0.12240870475831496, 0.11478297753530398], [0.18028326549365073, 0.5104128709626042, 0.11224496679225561, 0.1970588967514891], [0.1318594520831133, 0.1985798773271912, 0.32642471055597816, 0.3431359600337173], [0.23197935258608596, 0.29178931095539884, 0.28872281982299064, 0.18750851663552442], [0.2211236588015532, 0.14684552391545042, 0.4210318940538853, 0.210998923229111], [0.05579842732783895, 0.33156911662274374, 0.5417192888085426, 0.07091316724087433], [0.277343454425021, 0.1870158207949685, 0.2921085378560685, 0.24353218692394202], [0.4019529219247204, 0.2428350653154616, 0.039924972659124314, 0.31528704010069375], [0.36579417127415914, 0.21893628787191427, 0.2326252455529575, 0.18264429530096898], [0.33800312780909636, 0.15563201732051032, 0.328429669380722, 0.17793518548967122], [0.18964181254526322, 0.06363778597688641, 0.19693827568096375, 0.5497821257968865], [0.05547930279251287, 0.3720440026449611, 0.1026644070897355, 0.46981228747279075], [0.059809865057193476, 0.20241505359742737, 0.636480516890541, 0.10129456445483799], [0.1182357330748516, 0.26304461321715, 0.5169367124830999, 0.1017829412248982], [0.27008978520357185, 0.22580844811138795, 0.04635034579097887, 0.4577514208940613], [0.16509760909030688, 0.41402661911615074, 0.04354881709847778, 0.3773269546950648], [0.785297665988008, 0.1562427096155445, 0.018410605905735226, 0.04004901849071223], [0.06165879692804044, 0.41569978452986167, 0.16739176059956204, 0.35524965794253566], [0.15104252161152534, 0.19716747745600194, 0.01667773724799614, 0.6351122636844765], [0.47217127114601953, 0.3762596862938097, 0.051639426105805096, 0.09992961645436585], [0.020679470129074135, 0.5200450699558558, 0.1739441085295095, 0.28533135138556054], [0.2878377206397068, 0.23095519215464136, 0.184772110111238, 0.29643497709441397], [0.2447627592278484, 0.5767557084810405, 0.06462088231759701, 0.11386064997351406], [0.05006711427212236, 0.24576074814788146, 0.5261890202198343, 0.17798311736016173], [0.1372327412754261, 0.5907665591283929, 0.16900827667203047, 0.10299242292415074], [0.2925679937656826, 0.11160370004409183, 0.012056977787400672, 0.583771328402825], [0.20330397579710086, 0.2416370827633855, 0.3455476226674794, 0.2095113187720337], [0.05717617742856124, 0.1019225638104078, 0.6215774612925771, 0.21932379746845382], [0.17089815461149768, 0.26740686613102765, 0.37182792866011566, 0.189867050597359], [0.2733551082245788, 0.2836922726270865, 0.04430828750953466, 0.3986443316387999], [0.1472024379363615, 0.21999427984678468, 0.33896821470291383, 0.2938350675139399], [0.26362973751100893, 0.38827533955236904, 0.11250706042945445, 0.23558786250716718], [0.0620090204013646, 0.3412576638003481, 0.4825868313999728, 0.11414648439831465], [0.04726192468228761, 0.198719043642211, 0.618914520245348, 0.1351045114301536], [0.05901457989349716, 0.21308110820218976, 0.2543738707515935, 0.47353044115271925], [0.4238498832128266, 0.16525605087459225, 0.11318297042144931, 0.29771109549113217], [0.49315361013318226, 0.3510127255335899, 0.06383923417703682, 0.09199443015619131], [0.04148233493846365, 0.47788680419414775, 0.15876176765026398, 0.3218690932171247], [0.07353292974162144, 0.4718457931727746, 0.2724513988426539, 0.18216987824294983], [0.2606492852399358, 0.1478753984262606, 0.4492682005469717, 0.14220711578683182], [0.08297493689893905, 0.35676471373266666, 0.23030259191600203, 0.32995775745239236], [0.7830360276845917, 0.10503368111872431, 0.022507000835616305, 0.08942329036106762], [0.08766424126392638, 0.0553094904353707, 0.0117788596384493, 0.8452474086622533], [0.05954367683028517, 0.07144671053974645, 0.7357884497865999, 0.13322116284336843], [0.1311107208229093, 0.565880012704859, 0.05550803630536876, 0.24750123016686298], [0.24926878501271182, 0.6271721105928039, 0.037527822815027444, 0.08603128157945714], [0.11634158089134235, 0.34714259715577284, 0.11094808395375963, 0.42556773799912506], [0.8473408319862995, 0.01350439354764076, 0.0008333570872592779, 0.1383214173788001], [0.08472335820481168, 0.16107463684112988, 0.6818871835419017, 0.07231482141215681], [0.13006903972919687, 0.5136693874217361, 0.01228265756074832, 0.343978915288319], [0.2096849084932148, 0.406516812506405, 0.09114135214800712, 0.2926569268523734], [0.85263843857272, 0.06941020563981194, 0.020522036651556504, 0.05742931913591115], [0.07486069127309875, 0.38608369422041017, 0.4097248449049937, 0.12933076960149703], [0.023696513889953728, 0.02074190116224935, 0.9209819837912813, 0.034579601156515385], [0.4311036626283307, 0.3818903430750707, 0.14572855998459833, 0.04127743431199999], [0.04050036116046172, 0.746940116241202, 0.18493030774693353, 0.02762921485140279], [0.014418919536959425, 0.5783631007089077, 0.22022750326210028, 0.1869904764920326], [0.14782712001466597, 0.12585899899612332, 0.03859172527903543, 0.6877221557101753], [0.28094438713570513, 0.6129781274560998, 0.005909947550686864, 0.10016753785750812], [0.09709624493138296, 0.5710227528043229, 0.2125426942638731, 0.119338308000421], [0.03252995035441682, 0.6072330811784054, 0.34574994738390064, 0.014487021083277063], [0.8300041068296774, 0.03328912469762393, 0.05730103657350066, 0.07940573189919763], [0.1616827807360226, 0.5585016164047524, 0.20926308985717745, 0.07055251300204793], [0.2384360997101514, 0.23593949433901287, 0.05140009509234003, 0.47422431085849576], [0.05158065603206467, 0.13449338710861589, 0.10003920620823903, 0.7138867506510803], [0.0350608699648195, 0.2207715784281429, 0.5714008082080337, 0.17276674339900386], [0.03676032821135771, 0.10278935307091072, 0.7623680444548984, 0.09808227426283311], [0.16090622371811106, 0.3462155027919569, 0.15344359913762984, 0.3394346743523022], [0.30011599456047217, 0.1639826113545103, 0.34183326501075906, 0.194068129074259], [0.0404156365054851, 0.7629007639066522, 0.11697682719768318, 0.07970677239017931], [0.09981237550662532, 0.17458624880985957, 0.035939030317818844, 0.6896623453656964], [0.6795593095923282, 0.02145704966517593, 0.003501348813549456, 0.2954822919289465], [0.07687535537720734, 0.4180480131772446, 0.3611005888560441, 0.14397604258950408], [0.10773757946065161, 0.34377341260192157, 0.18489320520949745, 0.3635958027279294], [0.5724847487217845, 0.019140855863154047, 0.05627568180499505, 0.35209871361006645], [0.34460439608135685, 0.3981220235544885, 0.17270255368992846, 0.0845710266742266], [0.3980695040689428, 0.014619727478079665, 0.012531121604383272, 0.5747796468485945], [0.8387832356637416, 0.04467123068666278, 0.020837530121258305, 0.0957080035283372], [0.761208143375292, 0.07459691031939496, 0.0015209526510114875, 0.16267399365430152], [0.6681404717211734, 0.15449685935261806, 0.03878470635748421, 0.13857796256872434], [0.04774037304567487, 0.26357146554451943, 0.6439627441157226, 0.044725417294083004], [0.28499288186007304, 0.05514705934201702, 0.5415909640529467, 0.11826909474496322], [0.20570287058632697, 0.10083463667070253, 0.0547103004533583, 0.6387521922896121], [0.2394010067565091, 0.5019346480994554, 0.0203021875322903, 0.23836215761174478], [0.5963479515809885, 0.06041232096273483, 0.25780809318010617, 0.0854316342761706], [0.6741363050692706, 0.10387482109387204, 0.07229960585269342, 0.14968926798416374], [0.28661309726757844, 0.4575715857194407, 0.005069196620047868, 0.25074612039293315], [0.28722300727083494, 0.3306509331952127, 0.17960353819373734, 0.2025225213402154], [0.41581426202705596, 0.15734148241541793, 0.04138812413258891, 0.38545613142493707], [0.17222500624936557, 0.6627685254624017, 0.08461399217457506, 0.0803924761136574], [0.26367366258984337, 0.2757647407081018, 0.2227062137449932, 0.2378553829570616], [0.1794237489211656, 0.4239464401659754, 0.038019776985068365, 0.358610033927791], [0.40821138694431097, 0.25591685071959297, 0.04473911940675249, 0.2911326429293437], [0.5561113904186302, 0.20292134644844845, 0.07371274501497155, 0.16725451811794947], [0.2960333606555677, 0.185987370523409, 0.1854727169297167, 0.33250655189130696], [0.13709812150989353, 0.3756981480620534, 0.20229924075065034, 0.2849044896774026], [0.2432323607268686, 0.3768724473974997, 0.09944390479358765, 0.2804512870820441], [0.05331282255755584, 0.0911631662847523, 0.7280145872184898, 0.12750942393920217], [0.04777202813037204, 0.4604538170681443, 0.1122762377513353, 0.3794979170501485], [0.10316953567990897, 0.3532384881151818, 0.15831819281552703, 0.38527378338938223], [0.5911419913811305, 0.017471929773712466, 0.11736963768536988, 0.274016441159787], [0.15382336905082009, 0.5577314118306078, 0.09352149141178337, 0.19492372770678856], [0.5879783047064265, 0.19667057101545124, 0.15204321146251779, 0.06330791281560434], [0.04078371756604823, 0.45801502814538414, 0.23435726919198835, 0.2668439850965792], [0.030343840572897993, 0.707409273239791, 0.03266296668203318, 0.22958391950527815], [0.1637481640908769, 0.4657292742108364, 0.1405891989760117, 0.2299333627222746], [0.2228127475743963, 0.10206355537639301, 0.03145382142517528, 0.6436698756240357], [0.5088906937734947, 0.2625938039815705, 0.0765771450163912, 0.15193835722854368], [0.5096471466053502, 0.13268757020481275, 0.12529293173232228, 0.23237235145751475], [0.514722606023201, 0.22127749451027892, 0.056851322159866324, 0.20714857730665392], [0.3741625406149006, 0.13595619165888312, 0.4094749076663948, 0.08040636005982132], [0.6787376286870673, 0.17652023546271692, 0.030105354748914702, 0.11463678110130124], [0.7293143481912745, 0.11106852047417115, 0.08073584412081042, 0.07888128721374375], [0.13575722152401173, 0.07692319306100733, 0.0005111106310666644, 0.7868084747839141], [0.14877098798301852, 0.5207807611236794, 0.15998386286179916, 0.17046438803150302], [0.07826403107006287, 0.7419508837548519, 0.04766055246582262, 0.13212453270926255], [0.5016590687963723, 0.05894078694549187, 0.018526396030106536, 0.42087374822802937], [0.010711208293254537, 0.2567613190589487, 0.4878744083594257, 0.24465306428837083], [0.11993950925401588, 0.04074201093454852, 0.11028913773546344, 0.7290293420759723], [0.26341802860204927, 0.48802553550597605, 0.0038897953061740576, 0.24466664058580084]]}}