{"test": {"ids": ["111119610", "111121410", "98121790", "99109311", "109118820", "103117461", "108120280", "98108970", "109118161", "107113180", "102113350", "100109910", "98120010", "112121030", "113122160", "99110730", "97106770", "110115580", "103113610", "112117431", "106116370", "97107950", "103120730", "101121640", "103120290", "108114270", "103110100", "99117740", "108116070", "103111170", "112116540", "98111231", "104111380", "105115380", "108117360", "108115970", "106115120", "100108580", "98120530", "103113170", "97116800", "105118230", "105114220", "109116040", "102110890", "111120591", "111119300", "107121640", "99110050", "104113240", "108115570", "111116530", "107113550", "109119450", "108118291", "99108330", "108114670", "113118620", "111120531", "109115070", "109117630", "98116090", "108115500", "100109360", "110119300", "98111670", "99109910", "109117730", "112120630", "103118291", "113118870", "102113981", "105113210", "110115980", "113120601", "111119950", "99108310", "98119591", "110121170", "106114011", "113122430", "103113101", "111115400", "103109021", "107114200", "101108950", "106118820", "100109801", "99109141", "100111390", "107121700", "101110150", "112117580", "111117571", "109116170", "109118231", "107117630", "106115250", "99105921", "100109980", "111120280", "107117010", "109116930", "103113260", "104112470", "105110251", "110116170", "108113740", "101108500", "98112580", "106121220", "105118171", "98112170", "107113360", "113120531", "101108121", "101108080", "108114180", "109116750", "110120540", "97105580", "108115880", "109121410", "98108580", "111119340", "100111620", "107114140", "111118301", "105117351", "112118701", "104119290", "100116790", "100110260", "112116501", "113118421", "99111440", "111121351", "110121720", "106117790", "112118581", "109119010", "100120780"], "labels": [2, 0, 2, 1, 3, 0, 3, 3, 0, 3, 3, 2, 2, 0, 3, 3, 3, 1, 2, 0, 2, 2, 1, 2, 2, 3, 1, 2, 1, 2, 1, 1, 3, 1, 1, 2, 1, 0, 1, 3, 0, 1, 3, 0, 0, 1, 1, 1, 3, 2, 3, 3, 0, 3, 3, 1, 3, 3, 0, 0, 0, 0, 3, 0, 1, 1, 2, 3, 3, 0, 0, 1, 3, 1, 2, 0, 2, 1, 2, 1, 2, 3, 0, 0, 2, 2, 3, 0, 3, 2, 3, 1, 0, 3, 0, 1, 0, 2, 1, 1, 0, 1, 0, 3, 1, 0, 0, 3, 3, 2, 1, 3, 3, 0, 0, 0, 0, 1, 0, 1, 1, 3, 0, 0, 3, 3, 2, 3, 0, 0, 1, 2, 3, 3, 3, 3, 0, 3, 1, 1, 3, 1], "predicted_labels": [3, 1, 0, 1, 1, 3, 3, 1, 1, 1, 1, 1, 1, 3, 1, 2, 2, 1, 1, 1, 0, 2, 1, 3, 1, 1, 1, 0, 1, 0, 1, 0, 3, 1, 3, 1, 3, 0, 3, 1, 0, 1, 3, 3, 3, 0, 1, 1, 3, 1, 1, 1, 3, 3, 1, 3, 3, 1, 1, 1, 3, 3, 1, 0, 1, 3, 1, 1, 0, 0, 1, 1, 0, 1, 1, 0, 1, 1, 3, 1, 1, 1, 1, 3, 1, 3, 1, 3, 0, 3, 3, 1, 3, 3, 1, 1, 0, 1, 1, 3, 3, 1, 0, 1, 1, 0, 3, 3, 2, 1, 1, 3, 0, 0, 1, 0, 0, 1, 0, 1, 1, 3, 1, 1, 3, 3, 3, 1, 3, 3, 1, 1, 0, 3, 3, 3, 0, 0, 3, 1, 3, 1], "confidence_scores": [[0.24581597310523423, 0.280308334175386, 0.20846831710641225, 0.26540737561296784], [0.26893243006000533, 0.3093133872085416, 0.0921337475052735, 0.3296204352261794], [0.25541674743457116, 0.27565409815891506, 0.19424618399113458, 0.27468297041537926], [0.24120346091193706, 0.2855160949278395, 0.2076254648603283, 0.26565497929989507], [0.2633926274130117, 0.2963894574502023, 0.1132649331974254, 0.3269529819393605], [0.28137419264866514, 0.3252814033617496, 0.07932833784699701, 0.3140160661425882], [0.3016321277227599, 0.322532715541234, 0.08315857959584645, 0.29267657714015943], [0.171877961012478, 0.2839974777549038, 0.3593414248625009, 0.18478313637011734], [0.24796896443368846, 0.28921371088551584, 0.15038058871075308, 0.31243673597004284], [0.19583252214585872, 0.3091351354415651, 0.2086412777374127, 0.2863910646751632], [0.21895018005610106, 0.28738582017596137, 0.22080561239483304, 0.27285838737310464], [0.22448212765084838, 0.2797990795769439, 0.2359366699125581, 0.25978212285964947], [0.17862010674795126, 0.26773570777001865, 0.3710491667852103, 0.18259501869681966], [0.3015847426158052, 0.3210530410739232, 0.09322458907463507, 0.2841376272356368], [0.2391731118549157, 0.30740768256357404, 0.1550830936747237, 0.29833611190678644], [0.13143332584676987, 0.2579273567675573, 0.4914469777077152, 0.11919233967795735], [0.18563549948804578, 0.24347123405873528, 0.4051627331310117, 0.16573053332220727], [0.233134565478513, 0.2887726806002891, 0.20149626968723774, 0.2765964842339598], [0.17603360543924876, 0.2737067409928702, 0.3645636026715605, 0.18569605089632035], [0.2833313139360122, 0.32085193191797173, 0.06812313545217183, 0.3276936186938442], [0.29298133523446696, 0.2923527044534022, 0.11247338289748078, 0.3021925774146502], [0.13419727094148756, 0.25700634320120236, 0.4758910297953864, 0.1329053560619239], [0.1823825804697166, 0.28231880042154056, 0.3295808398797257, 0.20571777922901727], [0.22289830673515784, 0.2952001983507417, 0.20656234387163747, 0.2753391510424633], [0.1731232926732911, 0.2841595528753711, 0.34888935826921763, 0.19382779618212015], [0.2821220084517493, 0.32127323600481394, 0.05912174068570328, 0.33748301485773347], [0.22992855907285953, 0.27787525925016315, 0.2553870297994595, 0.23680915187751772], [0.2629775005541018, 0.2866307557227397, 0.09636634514967306, 0.35402539857348536], [0.2443692038800931, 0.2895371289403753, 0.17165567529755038, 0.2944379918819812], [0.2748848785745316, 0.3019975448767193, 0.0811619593892803, 0.34195561715946865], [0.24126188637723037, 0.29562930727505937, 0.17128263965664792, 0.2918261666910623], [0.26051732515869397, 0.2794565081936489, 0.17783370827777603, 0.28219245836988127], [0.2339748642466258, 0.2833340187218878, 0.21408886362137966, 0.26860225341010663], [0.15908051048536354, 0.2892425849669364, 0.3444551342469743, 0.20722177030072567], [0.24819960901330335, 0.30186422428402465, 0.1624786242586232, 0.2874575424440489], [0.2244970966935553, 0.28468834471563687, 0.23800038760927783, 0.2528141709815299], [0.28793101411506977, 0.325742183640318, 0.06410551625084542, 0.322221285993767], [0.24950448802591035, 0.2717659953854813, 0.21950310863074765, 0.25922640795786067], [0.2750519218115134, 0.3042526236349085, 0.11676383993880197, 0.303931614614776], [0.2530392965819978, 0.28430123514566885, 0.17354970433510414, 0.28910976393722904], [0.2711958938989881, 0.291484946625373, 0.10208842874979927, 0.3352307307258395], [0.18986612798007083, 0.2930730627509323, 0.2384841026253667, 0.2785767066436301], [0.25175818803087757, 0.2958626327101846, 0.16232238514029007, 0.29005679411864793], [0.2586547266584588, 0.3329311877261861, 0.11386441989011051, 0.29454966572524477], [0.28091954842445477, 0.3012096282542367, 0.1302716400485659, 0.28759918327274286], [0.29981029301111606, 0.328066630430176, 0.053075696993779585, 0.3190473795649282], [0.2201495846499788, 0.28439154386655324, 0.23840573143861538, 0.2570531400448527], [0.2092019162513865, 0.29595591189643194, 0.21901857969020477, 0.27582359216197705], [0.22229241825521387, 0.28792593546236017, 0.22561047345821267, 0.2641711728242133], [0.20029251261187536, 0.2944346836161666, 0.2763744617284421, 0.22889834204351586], [0.2004907718385152, 0.3130882937903853, 0.20265643440131725, 0.283764499969782], [0.2602717511498208, 0.32394932566621454, 0.09825872069630147, 0.3175202024876631], [0.25567021078405905, 0.3004480708593925, 0.15725118803552376, 0.28663053032102476], [0.218951438986333, 0.2923206007575962, 0.22968063837832375, 0.2590473218777469], [0.28329044801823366, 0.32776902862038343, 0.05683279578919037, 0.3321077275721926], [0.16760708356568277, 0.27719486349809463, 0.34385324015214097, 0.21134481278408185], [0.2652933085861394, 0.3086421183068883, 0.1225843595013303, 0.30348021360564226], [0.23560960632455166, 0.30117560131575677, 0.15939264067054468, 0.3038221516891469], [0.28535528725655074, 0.32391289444340415, 0.06015990327377871, 0.3305719150262665], [0.26248047336171765, 0.28464743484110294, 0.13645869929277812, 0.31641339250440104], [0.28476723947747484, 0.3138263530263597, 0.08397532039105592, 0.3174310871051096], [0.22905916511997068, 0.28510094701073774, 0.2216413581394599, 0.2641985297298317], [0.24147134430784722, 0.2865910256141133, 0.19941054137576048, 0.27252708870227876], [0.2545162926557494, 0.2859249986005451, 0.17391607203313064, 0.28564263671057477], [0.22754096231339357, 0.29752951274002803, 0.18806360443282288, 0.28686592051375576], [0.24278895004748616, 0.2795670838547525, 0.2131877117246381, 0.2644562543731234], [0.2262317515024486, 0.27453360692409934, 0.30132993752593396, 0.19790470404751775], [0.23377554854899685, 0.28040224303546407, 0.23376444951594877, 0.2520577588995903], [0.2936151192188148, 0.3312892195886725, 0.0489863571443656, 0.3261093040481472], [0.25869486662435376, 0.2806454094520567, 0.1633850997117194, 0.2972746242118706], [0.26680355416862916, 0.31569922525922883, 0.10996845383781784, 0.30752876673432417], [0.24659521463458642, 0.28959196794595676, 0.1789881491182399, 0.2848246683012168], [0.2814174222399824, 0.29634176937237067, 0.11744338516926917, 0.30479742321837777], [0.24000325210316556, 0.2813477919002351, 0.20031457561188687, 0.2783343803847125], [0.14663086436968567, 0.2850916874968279, 0.39066984254464, 0.17760760558884647], [0.2728317374939938, 0.29210433116141576, 0.12587414635427557, 0.3091897849903149], [0.21341289218388138, 0.2800250277842643, 0.2819243748211388, 0.22463770521071533], [0.21783497114213513, 0.2715547849738474, 0.31071040728084337, 0.19989983660317384], [0.24250946124140313, 0.31333235483581834, 0.16925350338315462, 0.2749046805396244], [0.20205253889581556, 0.29105430486715156, 0.23865033728286014, 0.2682428189541727], [0.2114939803564286, 0.292390828933285, 0.22140619248439053, 0.2747089982258956], [0.2262308858072109, 0.2807906182151967, 0.2376932602900633, 0.2552852356875292], [0.2322343823020549, 0.2810668350748286, 0.22208583274834834, 0.26461294987476813], [0.22390216035279406, 0.2774366701076189, 0.2522714967285876, 0.24638967281099944], [0.260410242868339, 0.2944187505656951, 0.0963859486529191, 0.3487850579130466], [0.21253099962615532, 0.29382576397277577, 0.22577257883107973, 0.26787065756998896], [0.23563022775075668, 0.30665889025376264, 0.1473694003881743, 0.31034148160730657], [0.2469969788235298, 0.32217397719918955, 0.14667800069506065, 0.2841510432822201], [0.2853981529353419, 0.3261447816795296, 0.05535176159457362, 0.33310530379055486], [0.24470228738018224, 0.27222087327098143, 0.23034829496490677, 0.25272854438392983], [0.22301424411880144, 0.32042016912494536, 0.16601228854644115, 0.2905532982098122], [0.2561659348955011, 0.2966226039765273, 0.11974406710463473, 0.3274673940233371], [0.25398475494499567, 0.31124618384523545, 0.14136762967140581, 0.2934014315383634], [0.27475305168832453, 0.3117597860294581, 0.09780965827134444, 0.3156775040108728], [0.267653027922534, 0.2993060461002444, 0.11169454657579472, 0.3213463794014269], [0.19287806134325322, 0.2888573542376369, 0.2785420784160901, 0.23972250600301984], [0.27863184035557187, 0.2865075161229308, 0.11918539476161485, 0.3156752487598827], [0.2445740186871841, 0.2819715147075065, 0.18901715356441356, 0.2844373130408959], [0.2322981515511619, 0.2841609206414545, 0.19746765318293275, 0.2860732746244506], [0.26396987831316326, 0.29338590680138993, 0.14941266644241424, 0.2932315484430325], [0.26863829076511775, 0.3039644948750547, 0.11826976387964586, 0.3091274504801816], [0.24569900306774523, 0.28997650472872566, 0.16473470686943917, 0.29958978533408975], [0.29180796312324014, 0.33193626733433806, 0.04779526820072264, 0.3284605013416992], [0.2543885680348622, 0.3001338216798272, 0.14185416493696834, 0.3036234453483423], [0.23780278378387398, 0.28811653698740824, 0.1762093804963618, 0.29787129873235607], [0.2677859351328105, 0.29752302620905363, 0.08809494019830949, 0.3465960984598263], [0.27824788246434184, 0.3098685649726659, 0.08992132518500397, 0.3219622273779882], [0.28699694762656164, 0.3068285333371655, 0.09488376490239314, 0.3112907541338799], [0.1546649592071685, 0.25846975705391667, 0.4314003416122447, 0.1554649421266705], [0.21368690121720677, 0.29165652922131013, 0.22714062865181753, 0.26751594090966546], [0.2112369117190518, 0.32629727375479045, 0.1676022148909527, 0.29486359963520536], [0.26569870844627896, 0.30724383725513077, 0.12289047228865144, 0.3041669820099387], [0.32407927555793425, 0.3139039951488381, 0.07134059672968289, 0.29067613256354463], [0.27813287422268873, 0.3081752198113279, 0.07071220932395031, 0.3429796966420331], [0.28232727392082524, 0.32209855529864656, 0.07100297743086091, 0.3245711933496672], [0.2880252489309162, 0.299592335472132, 0.10939465146363743, 0.30298776413331474], [0.27179938650241847, 0.2892055584271009, 0.13808263448891814, 0.30091242058156265], [0.25740340085093916, 0.2973108772743192, 0.12348905767254897, 0.3217966642021927], [0.250790914753184, 0.27714722438088824, 0.23754878020930228, 0.23451308065662543], [0.22668826916673865, 0.2876047932783914, 0.2043764228828083, 0.2813305146720617], [0.18233149472442847, 0.28839534965779046, 0.3327186572790102, 0.19655449833877056], [0.3034217851953848, 0.3357238349552489, 0.0664477063642894, 0.29440667348507704], [0.2142880130815407, 0.31891443358421745, 0.17094943962010054, 0.2958481137141415], [0.22005749565131666, 0.28046652964834173, 0.25063845821964065, 0.24883751648070096], [0.23141360524343724, 0.30785601348528246, 0.17470848953394397, 0.28602189173733644], [0.19332523991129835, 0.2653051688592716, 0.3477806850338253, 0.19358890619560482], [0.15992380319255284, 0.29610485820113774, 0.3129683787581851, 0.23100295984812408], [0.2339507579774618, 0.27764991176998444, 0.23235980251427674, 0.25603952773827704], [0.27342528982665715, 0.3213410048198919, 0.09724564365393985, 0.30798806169951104], [0.2973492780720751, 0.3602427202962407, 0.06377984041211911, 0.2786281612195649], [0.22862460237107105, 0.28636704231636384, 0.2104310411337691, 0.27457731417879633], [0.21707499668839114, 0.28716048773539543, 0.21289623228355647, 0.28286828329265684], [0.29774772272070776, 0.32281056951217113, 0.06398200251422935, 0.3154597052528916], [0.30172902591704404, 0.33632906913777455, 0.05415070176743826, 0.3077912031777431], [0.2771110865558712, 0.3392123520685367, 0.10562169677802057, 0.27805486459757095], [0.2843625858638868, 0.3253436106487068, 0.09165114914301432, 0.2986426543443923], [0.27440758615148264, 0.30147335601736985, 0.10316692690047961, 0.32095213093066777], [0.28258996123733865, 0.3100321497031692, 0.08234671567083013, 0.32503117338866194], [0.22713218917051672, 0.28309830031755473, 0.23073596271885038, 0.2590335477930784], [0.17319747557378426, 0.2986389733037518, 0.3018323081579968, 0.2263312429644675], [0.19053230033343907, 0.29754250010264055, 0.2653790299159709, 0.24654616964794998], [0.2618075719512304, 0.29470026243832176, 0.13536051906479296, 0.30813164654565484]]}, "rewritten": {"ids": ["97105580", "97106770", "97107950", "97116800", "98108580", "98108970", "98111231", "98111670", "98112170", "98112580", "98116090", "98119591", "98120010", "98120530", "98121790", "99105921", "99108310", "99108330", "99109141", "99109311", "99109910", "99110050", "99110730", "99111440", "99117740", "100108580", "100109360", "100109801", "100109910", "100109980", "100110260", "100111390", "100111620", "100116790", "100120780", "101108080", "101108121", "101108500", "101108950", "101110150", "101121640", "102110890", "102113350", "102113981", "103109021", "103110100", "103111170", "103113101", "103113170", "103113260", "103113610", "103117461", "103118291", "103120290", "103120730", "104111380", "104112470", "104113240", "104119290", "105110251", "105113210", "105114220", "105115380", "105117351", "105118171", "105118230", "106114011", "106115120", "106115250", "106116370", "106117790", "106118820", "106121220", "107113180", "107113360", "107113550", "107114140", "107114200", "107117010", "107117630", "107121640", "107121700", "108113740", "108114180", "108114270", "108114670", "108115500", "108115570", "108115880", "108115970", "108116070", "108117360", "108118291", "108120280", "109115070", "109116040", "109116170", "109116750", "109116930", "109117630", "109117730", "109118161", "109118231", "109118820", "109119010", "109119450", "109121410", "110115580", "110115980", "110116170", "110119300", "110120540", "110121170", "110121720", "111115400", "111116530", "111117571", "111118301", "111119300", "111119340", "111119610", "111119950", "111120280", "111120531", "111120591", "111121351", "111121410", "112116501", "112116540", "112117431", "112117580", "112118581", "112118701", "112120630", "112121030", "113118421", "113118620", "113118870", "113120531", "113120601", "113122160", "113122430"], "labels": [1, 3, 2, 0, 0, 3, 1, 1, 3, 2, 0, 1, 2, 1, 2, 1, 2, 1, 3, 1, 2, 3, 3, 3, 2, 0, 0, 0, 2, 1, 3, 2, 3, 2, 1, 0, 0, 3, 2, 1, 2, 0, 3, 1, 0, 1, 2, 3, 3, 3, 2, 0, 0, 2, 1, 3, 1, 2, 1, 0, 3, 3, 1, 0, 3, 1, 1, 1, 2, 2, 1, 3, 1, 3, 0, 0, 2, 2, 1, 0, 1, 3, 3, 1, 3, 3, 3, 3, 3, 2, 1, 1, 3, 3, 0, 0, 0, 0, 0, 0, 3, 0, 1, 3, 3, 3, 0, 1, 1, 0, 1, 1, 2, 3, 0, 3, 3, 3, 1, 3, 2, 0, 0, 0, 1, 0, 0, 3, 1, 0, 0, 1, 0, 3, 0, 3, 3, 0, 0, 2, 3, 2], "predicted_labels": [1, 1, 1, 1, 1, 1, 1, 3, 3, 1, 1, 1, 1, 1, 1, 1, 1, 1, 0, 1, 1, 1, 1, 3, 1, 1, 3, 3, 0, 1, 3, 1, 3, 1, 1, 3, 0, 2, 1, 1, 1, 3, 3, 1, 1, 1, 1, 1, 1, 1, 1, 1, 1, 1, 1, 1, 1, 1, 0, 1, 0, 1, 1, 1, 1, 1, 1, 1, 1, 0, 1, 1, 1, 1, 3, 0, 0, 1, 1, 0, 1, 1, 0, 1, 0, 1, 2, 1, 1, 1, 1, 2, 1, 0, 1, 1, 1, 1, 0, 3, 1, 1, 1, 1, 1, 3, 1, 1, 1, 1, 1, 1, 2, 1, 1, 1, 1, 1, 1, 3, 1, 0, 0, 1, 0, 1, 1, 0, 1, 1, 3, 1, 1, 3, 3, 3, 1, 1, 0, 1, 1, 1], "confidence_scores": [[0.15852305235758443, 0.2747127953383555, 0.4140905971695526, 0.15267355513450745], [0.1959107995299491, 0.2614670612891264, 0.36804151644252714, 0.17458062273839747], [0.1606647299958731, 0.2748229757171948, 0.42106470358105386, 0.14344759070587815], [0.2181879662589021, 0.2816377594573419, 0.2674385553134815, 0.23273571897027454], [0.20175591308099253, 0.26962231021162464, 0.3415168514477034, 0.18710492525967926], [0.16455773364140233, 0.2790348179276887, 0.41247773822428646, 0.14392971020662282], [0.20594102399647005, 0.2789719476233927, 0.29085762586719577, 0.22422940251294163], [0.2248037642669773, 0.272063155842695, 0.2813767589002539, 0.22175632099007392], [0.30178240413799007, 0.31007304974522526, 0.09328102390234741, 0.29486352221443735], [0.146387016575234, 0.28002061690909563, 0.43102541214858414, 0.14256695436708605], [0.1965333575076332, 0.2709836099388028, 0.33259842018998614, 0.19988461236357793], [0.17559870653471651, 0.2763986293012173, 0.361160933881197, 0.1868417302828692], [0.19257840760440467, 0.28166144503171187, 0.3224352681336493, 0.20332487923023443], [0.23596144893218382, 0.2816933081000956, 0.23406431420590795, 0.2482809287618129], [0.20719223272431983, 0.2738977921370467, 0.3410066546014295, 0.17790332053720426], [0.19964922343946565, 0.2835834810799732, 0.3020796308024449, 0.21468766467811617], [0.1967806618083016, 0.2879424092715356, 0.3161092143592367, 0.1991677145609263], [0.15756545990531257, 0.28081810949978125, 0.39484103297409806, 0.16677539762080812], [0.27184635263851525, 0.29837071754238303, 0.12161620262723617, 0.3081667271918655], [0.22690807303315008, 0.2867691885603913, 0.24250642088522273, 0.24381631752123595], [0.1935848232682624, 0.265394471859219, 0.37532149647595886, 0.16569920839655955], [0.16065781413334548, 0.28809425033721114, 0.3615801102765582, 0.18966782525288509], [0.14567027748982964, 0.28627249975657326, 0.3979513651785398, 0.17010585757505747], [0.21214754460224938, 0.28899755158602997, 0.24737830382902515, 0.2514765999826957], [0.23871156598074966, 0.2798449661235866, 0.20585387532673818, 0.2755895925689254], [0.2300483789409422, 0.27404128316930043, 0.28147827031136957, 0.21443206757838768], [0.22515733701187335, 0.27511216448308556, 0.25366381531003135, 0.24606668319501004], [0.22557244216283961, 0.30592478826910174, 0.19535241204700757, 0.27315035752105116], [0.22733959159941505, 0.25903553775550264, 0.3130231183635544, 0.2006017522815278], [0.253518376250521, 0.2848653424135398, 0.1796601987317037, 0.28195608260423527], [0.2656199231044319, 0.29663137281580687, 0.13537431862034321, 0.30237438545941814], [0.21245837955309235, 0.2808608192258147, 0.26128929889676283, 0.24539150232432996], [0.20901959918337143, 0.2781040380114028, 0.2728581336817599, 0.24001822912346585], [0.23595294358455676, 0.29339806756239795, 0.17663135342143635, 0.2940176354316089], [0.23904687299609692, 0.2751610670653804, 0.2519851776439767, 0.23380688229454633], [0.2351584799145244, 0.2840845680940184, 0.22563895222607555, 0.2551179997653814], [0.253092239162709, 0.2872937381029466, 0.16738466794936577, 0.2922293547849786], [0.15883859689567167, 0.2583150225204736, 0.44424119931100803, 0.13860518127284693], [0.1895706593721865, 0.28536096146602785, 0.29146018210832, 0.23360819705346583], [0.250451334284488, 0.284815148904505, 0.1728939846577684, 0.29183953215323843], [0.19144533921221266, 0.27712711969439846, 0.30716136173766545, 0.22426617935572318], [0.21964464158465344, 0.25998333245061683, 0.30120191895756687, 0.2191701070071628], [0.20708996100738786, 0.2682853848481994, 0.3209714704803835, 0.20365318366402924], [0.2171981750314322, 0.27695438407890893, 0.3005216055863108, 0.20532583530334872], [0.19464997557451855, 0.30673834769676617, 0.21875448531010588, 0.27985719141860954], [0.23362994280084534, 0.28249122061169, 0.21946515028419714, 0.2644136863032675], [0.23642623047602263, 0.28176993582917914, 0.2640164739282344, 0.21778735976656388], [0.1700750586526366, 0.283965375492141, 0.36332719181215034, 0.18263237404307162], [0.18132833790043282, 0.29274193462178405, 0.3496252523053775, 0.17630447517240538], [0.20940581365835528, 0.2867344751891769, 0.26869587686173335, 0.23516383429073448], [0.17560257945715416, 0.28584583055578733, 0.369490863628168, 0.16906072635889008], [0.2330796683668154, 0.27968266906544204, 0.24165943716136046, 0.24557822540638224], [0.22992622659236783, 0.2886813915080143, 0.20735816199295448, 0.2740342199066632], [0.15187579824532346, 0.28260990568013006, 0.41078158833180767, 0.15473270774273873], [0.15218865957129318, 0.27778873005531385, 0.42300944046434247, 0.1470131699090501], [0.23195782664585043, 0.29081486274614055, 0.19725506100581514, 0.2799722496021938], [0.2284930176748433, 0.2860157008588812, 0.2127153754071784, 0.272775906059097], [0.17525564968833138, 0.2920536629987838, 0.34266049735474835, 0.1900301899581363], [0.23882039158659407, 0.2713113614624755, 0.26811440528019476, 0.2217538416707358], [0.2318510425921442, 0.2791253138272886, 0.23778168274909764, 0.25124196083146916], [0.24967221566146253, 0.2755295083762085, 0.20531574453749407, 0.26948253142483486], [0.20371918256380928, 0.2836855718945233, 0.26352781675334397, 0.24906742878832344], [0.19029976308469995, 0.28828868976829414, 0.3251066294730557, 0.19630491767395022], [0.19354083664001356, 0.2827819867218577, 0.31512983278061374, 0.2085473438575151], [0.2541215076919071, 0.2872756396903963, 0.15420751993598147, 0.30439533268171504], [0.21250625826391106, 0.2897903280011519, 0.23186487184643298, 0.26583854188850403], [0.21376631457428488, 0.28056267725743045, 0.273370478392069, 0.23230052977621563], [0.24770702651799184, 0.2909278776354276, 0.1771581839256801, 0.28420691192090064], [0.24670404227041925, 0.2818115123892083, 0.20622913167027157, 0.26525531367010086], [0.24825131955691584, 0.27495607291309926, 0.20863990448973305, 0.26815270304025207], [0.1950207608679256, 0.2874357014204666, 0.29389669271737706, 0.2236468449942305], [0.19412751181538693, 0.2884410686342245, 0.29261945430758196, 0.22481196524280664], [0.13566066959783596, 0.2740761679195015, 0.4469106976150429, 0.14335246486761993], [0.17025069184343466, 0.2907474055662805, 0.34303816229538275, 0.1959637402949022], [0.2682822733347219, 0.29139554669210366, 0.14601265587073622, 0.2943095241024382], [0.2586468025080843, 0.2844981501891184, 0.1677332950447631, 0.2891217522580348], [0.25412766576108986, 0.28066254676655583, 0.0874715724738257, 0.37773821499852855], [0.2204423760523141, 0.2827358612100527, 0.2680741727277591, 0.22874759000987432], [0.23298595804420835, 0.2846710402095543, 0.21111097872154613, 0.27123202302469107], [0.25972813656974947, 0.2721610177809668, 0.21421521988192127, 0.2538956257673625], [0.1502542406750196, 0.2738133531373152, 0.4262519506331957, 0.14968045555446907], [0.15803730210009861, 0.275883833956426, 0.3879793086512196, 0.1780995552922555], [0.27099909025525837, 0.2811741654609129, 0.16663460682647524, 0.2811921374573535], [0.18101839945609105, 0.2866231806806672, 0.3485729575960266, 0.18378546226721512], [0.2702953944259787, 0.30485087812434886, 0.0674361004206894, 0.35741762702898316], [0.2420580414293773, 0.2813832565443973, 0.2573638871527827, 0.21919481487344286], [0.1678165903191042, 0.265958922937365, 0.4183452760349018, 0.14787921070862886], [0.12604723728745398, 0.2830971878390854, 0.45348429197100965, 0.13737128290245085], [0.22089453290565694, 0.2732376291176794, 0.3216159426513386, 0.18425189532532546], [0.20636092554660726, 0.27007617926837274, 0.3324237888612257, 0.19113910632379422], [0.23904389730838477, 0.28547874350244673, 0.18856671464451452, 0.28691064454465387], [0.17434446865907938, 0.26260756952023045, 0.3889596309564368, 0.1740883308642531], [0.24665140824952603, 0.2876112064117631, 0.1536353261088498, 0.31210205922986095], [0.2783962641388333, 0.2923202688237111, 0.1212175448413632, 0.30806592219609225], [0.20738336147460018, 0.2830935523135824, 0.3033573452348785, 0.2061657409769389], [0.17469882099457362, 0.27471919837942604, 0.37076199653115666, 0.1798199840948437], [0.22380742892644026, 0.28745980894462553, 0.21845800387681008, 0.27027475825212416], [0.23070828596050302, 0.2783682149932433, 0.2555376303959952, 0.2353858686502584], [0.2751071100280549, 0.3109975191749687, 0.05984434308284072, 0.35405102771413566], [0.20851898488203896, 0.2655838054003483, 0.32300965022540623, 0.20288755949220674], [0.18107898610404946, 0.2707042432300076, 0.37871435052794317, 0.16950242013799977], [0.2292879158194985, 0.2851660811254325, 0.22430851457764955, 0.26123748847741934], [0.21936238696704524, 0.2779927121599245, 0.24929083617680706, 0.2533540646962233], [0.20979085309315948, 0.2815077134456431, 0.2982853846258741, 0.21041604883532364], [0.18561207829228754, 0.2868226492924716, 0.3231441756702676, 0.2044210967449733], [0.1795333270003631, 0.26704407620383835, 0.3666659357243305, 0.18675666107146804], [0.19368319998976946, 0.2957628373190183, 0.25663052768197087, 0.25392343500924125], [0.20867752341594478, 0.28412397874538947, 0.3058349996159729, 0.20136349822269295], [0.1923854527479095, 0.26333382006598177, 0.3631868622048192, 0.1810938649812897], [0.24011402763830303, 0.28604276605720547, 0.18614172560705664, 0.2877014806974348], [0.2053919118741546, 0.2831029851065466, 0.30360130664589946, 0.20790379637339926], [0.17788816671095703, 0.2723594517693565, 0.3860471392104782, 0.1637052423092083], [0.1610007110057442, 0.26261985720340386, 0.4188339363049835, 0.15754549548586863], [0.20157468880612694, 0.28320347859418304, 0.27778142310184, 0.23744040949784995], [0.21725975819309795, 0.2781577849460351, 0.3055956837284456, 0.19898677313242127], [0.2037158619936923, 0.282351312127646, 0.3024580519477893, 0.21147477393087255], [0.17215512386574386, 0.28699959883895415, 0.37022351633950834, 0.17062176095579343], [0.21717482291623555, 0.28121041354232007, 0.28926649890782086, 0.2123482646336236], [0.2110246807969429, 0.2733159391397258, 0.3076795203703968, 0.20797985969293473], [0.1956656194778773, 0.26727966809167664, 0.33345072989945784, 0.20360398253098858], [0.1816888793823348, 0.2764273397664547, 0.3823050071635508, 0.1595787736876596], [0.263954936865021, 0.28257390268781646, 0.19761312214485174, 0.2558580383023104], [0.2598146715684054, 0.2871179456949032, 0.16288882334839894, 0.29017855938829235], [0.2588619647189863, 0.2939723139322669, 0.13147037471034845, 0.31569534663839843], [0.3030967861636903, 0.3313965134648197, 0.051583831838904505, 0.31392286853258566], [0.2308197773231733, 0.2824115667348515, 0.25928627979553814, 0.22748237614643707], [0.24091525861018695, 0.2890787891994336, 0.19355264901652464, 0.2764533031738548], [0.2428258674972331, 0.27710789942759606, 0.23554039062079196, 0.2445258424543789], [0.2095652213187741, 0.28824046927780994, 0.2636363656895625, 0.23855794371385358], [0.2180889571813759, 0.2799901000492032, 0.28449914929137077, 0.21742179347804994], [0.2034851882094991, 0.274600697545026, 0.3090756204326742, 0.2128384938128008], [0.19209384426832457, 0.2840257049764968, 0.3361204177455386, 0.1877600330096397], [0.1423709479677545, 0.2819512695248437, 0.4273846741020065, 0.14829310840539492], [0.2735361782761564, 0.3098981760760905, 0.1144798857357257, 0.3020857599120275], [0.2335691502935425, 0.26901238978992487, 0.2580936564694337, 0.23932480344709914], [0.23888431023498544, 0.28763511569359157, 0.205988676848317, 0.26749189722310557], [0.19231964640510973, 0.2842900419489139, 0.34636909969376933, 0.17702121195220666], [0.2222313616561275, 0.2776657076091048, 0.30648542999722406, 0.19361750073754366], [0.2500996116294113, 0.2763153151962851, 0.21624856253458916, 0.2573365106397144], [0.2012715716492339, 0.2831486277782274, 0.3066812579448048, 0.20889854262773375], [0.18650868081693714, 0.2923658913195907, 0.2888385854768751, 0.23228684238659705], [0.16439083254699158, 0.2868246919839386, 0.36750128913587177, 0.18128318633319793]]}}