{"test": {"ids": ["107116980", "112119320", "112121030", "108114670", "102112301", "101108080", "110120190", "98112170", "99108080", "107113360", "113119950", "102112170", "104111880", "112120290", "113120531", "112116290", "106117650", "109114720", "105119550", "102121700", "108117720", "99121440", "104111830", "102107961", "110118810", "107113550", "99109370", "113121010", "111120640", "100116500", "113122170", "112116810", "101112201", "105111990", "106116640", "108118810", "113118421", "97112290", "105116441", "108113700", "98109570", "110116300", "103118110", "109116750", "100108260", "106113170", "111119430", "105115380", "112116610", "102116340", "102110850", "101108121", "103113610", "105117431", "101112540", "99108890", "98108970", "104110960", "112118860", "98106111", "111117200", "113119120", "99108710", "101111210", "113118620", "112117571", "110121720", "104109311", "101110740", "109114270", "99107300", "111116990", "110121450", "99110730", "113118111", "112118930", "107117010", "98109311", "101114990", "99108580", "98107340", "110117080", "108120260", "109118161", "104116800", "98108580", "110117140", "113122150", "113121410", "103112470", "103109791", "100116790", "101108290", "107119390", "110116170", "103111110", "112117030", "112118550", "105110251", "109114220", "112120700", "104111380", "107118780", "103110100", "113118810", "107113260", "110117110", "98116500", "99111340", "109115211", "112116800", "106118820", "99108460", "111118820", "105120280", "103118291", "98110680", "105118171", "103111480", "99114890", "99107640", "104111550", "112118421", "111115910", "101108621", "107115140", "106121220", "107114621", "112121351", "107121700", "98112300", "106115250", "109113591", "107114950", "113120260", "104112201", "99107950", "112118530", "112117780", "111119610", "105110091", "107112840"], "labels": [3, 1, 0, 3, 1, 0, 3, 3, 3, 0, 0, 3, 3, 1, 0, 0, 1, 0, 1, 1, 1, 2, 3, 3, 1, 0, 1, 2, 0, 2, 1, 3, 0, 2, 3, 1, 3, 1, 1, 0, 1, 3, 2, 0, 3, 0, 3, 1, 1, 3, 3, 0, 2, 1, 2, 0, 3, 2, 3, 0, 0, 3, 2, 2, 3, 3, 3, 3, 3, 3, 3, 0, 3, 3, 1, 1, 1, 1, 3, 0, 0, 1, 1, 0, 1, 0, 3, 2, 0, 1, 3, 2, 0, 2, 0, 3, 2, 3, 0, 3, 2, 3, 1, 1, 3, 0, 0, 2, 1, 0, 0, 3, 0, 0, 3, 0, 2, 3, 0, 2, 1, 1, 3, 2, 0, 0, 1, 0, 0, 3, 2, 2, 3, 3, 3, 0, 1, 1, 0, 2, 0, 1], "predicted_labels": [0, 3, 0, 1, 2, 3, 0, 1, 1, 1, 3, 1, 1, 0, 0, 1, 1, 2, 1, 1, 3, 1, 1, 2, 1, 1, 3, 1, 1, 3, 1, 3, 3, 1, 3, 1, 1, 1, 1, 0, 3, 3, 1, 1, 3, 1, 1, 1, 1, 1, 2, 3, 1, 2, 1, 3, 1, 0, 3, 3, 3, 3, 1, 3, 0, 0, 1, 1, 1, 1, 1, 3, 0, 0, 3, 0, 3, 3, 1, 2, 3, 1, 0, 3, 3, 2, 3, 3, 3, 1, 1, 2, 3, 1, 3, 3, 3, 3, 1, 0, 3, 3, 0, 3, 3, 1, 1, 0, 2, 3, 3, 1, 3, 1, 1, 3, 0, 1, 1, 2, 3, 2, 3, 3, 1, 3, 1, 3, 1, 1, 1, 3, 1, 3, 0, 3, 1, 1, 1, 3, 1, 1], "confidence_scores": [[0.47111715496555734, 0.2654095565413387, 0.12397117202979147, 0.1395021164633126], [0.17547932229699142, 0.29074977900539517, 0.2126549611100817, 0.3211159375875319], [0.32034084561500153, 0.23068288889768498, 0.1734396322278046, 0.27553663325950895], [0.20911296740162091, 0.44743631744778506, 0.12623362958629153, 0.2172170855643026], [0.18173019687178446, 0.2340903144795974, 0.36807714105172257, 0.21610234759689576], [0.2682598779933603, 0.21647269658427454, 0.07620344026227165, 0.4390639851600935], [0.2937945826424885, 0.2198839848584939, 0.2264860204542213, 0.2598354120447962], [0.22560933827504154, 0.5318955441408755, 0.1310563638438968, 0.11143875374018604], [0.2868979350011934, 0.45982263607738944, 0.1270774056802153, 0.12620202324120183], [0.2826026365044248, 0.38088867403937793, 0.07897695149212174, 0.2575317379640756], [0.28190149453294117, 0.2514895304549748, 0.12410487721737466, 0.3425040977947093], [0.1781692605380288, 0.41040918566842294, 0.21374526081271625, 0.197676292980832], [0.11395439699621884, 0.41051659823456327, 0.23359274628720103, 0.24193625848201702], [0.4096458736299958, 0.1266762674397988, 0.2455705287439104, 0.21810733018629513], [0.34884618126386174, 0.27461060858388026, 0.08585077791976939, 0.2906924322324885], [0.2814010497528364, 0.44071433568516116, 0.12191940764557878, 0.1559652069164236], [0.2046039207512314, 0.29195320088016097, 0.2129726228979265, 0.2904702554706812], [0.10709353507715422, 0.22415011607053137, 0.3931416374765312, 0.27561471137578325], [0.32360613045346986, 0.3641914610340036, 0.1436550058531386, 0.16854740265938786], [0.25126508376597195, 0.45311167063346586, 0.16039122366963632, 0.13523202193092598], [0.2832945803741022, 0.26538840716266315, 0.13639753334816823, 0.3149194791150665], [0.11016396815207795, 0.4289001347089928, 0.14802745325554564, 0.3129084438833837], [0.13457227559634338, 0.3724613314355956, 0.22712282806509135, 0.2658435649029696], [0.20057313898013351, 0.28061087182885486, 0.33768679823158365, 0.1811291909594281], [0.23027813590042068, 0.32188959227586994, 0.15933600475728454, 0.2884962670664249], [0.11124483251468757, 0.3996024366206496, 0.2478709042379071, 0.24128182662675576], [0.24558359378668437, 0.2969627081015524, 0.12909391762498104, 0.32835978048678227], [0.1421437754961102, 0.43796015302550034, 0.1336476147094316, 0.2862484567689578], [0.279889538484927, 0.38739835243204807, 0.08903901932752442, 0.2436730897555005], [0.17561124782768636, 0.2820529810088997, 0.17413311005711782, 0.36820266110629607], [0.18588210922795584, 0.29370403280503604, 0.23517029355461147, 0.2852435644123966], [0.28849126887383114, 0.2744331469639014, 0.11515932004895583, 0.3219162641133117], [0.21136912915241837, 0.3025406836085314, 0.09020823813183121, 0.3958819491072191], [0.2793945014427263, 0.32218879695118235, 0.086165974480785, 0.3122507271253066], [0.24035348445739785, 0.22501276815347995, 0.17871388614218633, 0.355919861246936], [0.18408475354120393, 0.2955670039616021, 0.2792558138266273, 0.2410924286705667], [0.2567287919604261, 0.33083615981595516, 0.09699320646362476, 0.3154418417599939], [0.19516642779227, 0.41870474984969863, 0.09990275260848566, 0.28622606974954573], [0.11599794662302501, 0.37616066285266475, 0.2349148599580252, 0.2729265305662851], [0.35059934549450156, 0.21682579632897955, 0.18992726329238477, 0.24264759488413423], [0.22416929904001334, 0.2251045511964035, 0.1240540861574485, 0.4266720636061348], [0.22149293371855142, 0.2688632685787034, 0.1354053285881959, 0.3742384691145492], [0.16198742491121082, 0.32781414018180904, 0.20587857087885508, 0.30431986402812494], [0.17143010614097237, 0.5362167609178845, 0.17568797669616085, 0.11666515624498232], [0.23796079757099467, 0.19025709167317467, 0.2640789293390984, 0.30770318141673225], [0.15944410148191987, 0.48705365926955396, 0.08756362948904507, 0.2659386097594811], [0.16669854513855545, 0.43008138252351846, 0.2033129416060389, 0.1999071307318871], [0.17013053333003733, 0.3784333400340414, 0.23388642018433634, 0.21754970645158525], [0.2961976041445411, 0.353433121573086, 0.16668594138961249, 0.1836833328927605], [0.23655842110258749, 0.3966299388314615, 0.19866213659923826, 0.16814950346671265], [0.13641546267536803, 0.32571285691772345, 0.37437152192898254, 0.16350015847792598], [0.19916206760994543, 0.24874851059432485, 0.10261121595323254, 0.4494782058424973], [0.16016805045626775, 0.37156653136545614, 0.20537745559642742, 0.2628879625818487], [0.12720513924831314, 0.20448975744469966, 0.40737782982084747, 0.2609272734861398], [0.12460315537367171, 0.5043292297911902, 0.0796110733772712, 0.29145654145786704], [0.1671976150500465, 0.3171805103719239, 0.1286079315074351, 0.38701394307059456], [0.11294161437134599, 0.5161342148808287, 0.21084971162758703, 0.1600744591202383], [0.4353431134238021, 0.2633386999391813, 0.1056026608885468, 0.19571552574846962], [0.2941464510208481, 0.23149456572906657, 0.13245480284681294, 0.34190418040327236], [0.1125716561406079, 0.2730487255305373, 0.17851101815778617, 0.4358686001710686], [0.19421629485325007, 0.24272817065562186, 0.15878984475420752, 0.4042656897369207], [0.2627129092061481, 0.21098660854446113, 0.17543553488043812, 0.35086494736895263], [0.12630873777480714, 0.40270887089258867, 0.09758560892337069, 0.3733967824092335], [0.1889545776384625, 0.18304628963668054, 0.16167213240210593, 0.4663270003227511], [0.2960399927688886, 0.22297008481440528, 0.2712614404060584, 0.20972848201064773], [0.39367123919130476, 0.26482703300074634, 0.09838977138825057, 0.2431119564196982], [0.16384746586017043, 0.34680837162766537, 0.32108885978525414, 0.16825530272691], [0.21592815115510441, 0.4936034475239894, 0.10566082676795861, 0.1848075745529475], [0.3009840369085173, 0.4133862685004377, 0.09006032172161371, 0.19556937286943132], [0.1842331745330316, 0.35200877676886894, 0.2064033580448311, 0.25735469065326827], [0.33915559938552475, 0.37170327848297907, 0.10838560766031999, 0.18075551447117622], [0.20983428871580398, 0.24491183082507292, 0.16616859865111813, 0.379085281808005], [0.5155150113901922, 0.1837047228191117, 0.09552605348467011, 0.20525421230602597], [0.2862393305747432, 0.24402951872741305, 0.2515310560610294, 0.21820009463681445], [0.175763961200669, 0.28310325907258643, 0.10356878459996888, 0.4375639951267757], [0.3838698394667176, 0.15258058066075253, 0.12171323552276615, 0.34183634434976384], [0.18015388346414105, 0.1401568099460713, 0.3173023993915537, 0.36238690719823413], [0.19640322227893284, 0.21052808045162066, 0.28223649370444975, 0.3108322035649969], [0.15147568041616716, 0.4175881863834602, 0.1538796102245549, 0.2770565229758177], [0.13788863468331908, 0.16092709273982153, 0.43037094586929214, 0.27081332670756725], [0.2641291086012631, 0.2010613970917, 0.20241499773336724, 0.3323944965736697], [0.12139003908818455, 0.5153884412593809, 0.0818240965314313, 0.2813974231210033], [0.6895828854430629, 0.11652310560826828, 0.06281206910580117, 0.13108193984286748], [0.17655211889000894, 0.29014755223713706, 0.16422677838278915, 0.3690735504900649], [0.2450163732697934, 0.1795229739109637, 0.26149933410616555, 0.3139613187130775], [0.20351310280423365, 0.2198547470866772, 0.2896034335858227, 0.28702871652326645], [0.16641515962378703, 0.19545850945504542, 0.2913628966281338, 0.34676343429303375], [0.234951359605996, 0.3048404934664321, 0.14651049377275696, 0.313697653154815], [0.16641672627350348, 0.21060582372835862, 0.10157705713260572, 0.5214003928655322], [0.14881526981806759, 0.3229424189717385, 0.24477513905639106, 0.283467172153803], [0.2202966773289366, 0.4025558528831091, 0.12505465795826315, 0.2520928118296912], [0.21430646071245804, 0.32129143082648165, 0.3746610823181246, 0.08974102614293586], [0.27797528987826287, 0.1290731963168621, 0.08072177959680875, 0.5122297342080664], [0.21503721277049762, 0.3224791837246688, 0.24713086099200207, 0.2153527425128316], [0.2165583608704385, 0.22327271258440726, 0.1326394395148785, 0.42752948703027577], [0.1916459690615101, 0.24703637659377514, 0.19170907149555744, 0.3696085828491574], [0.2007268158494285, 0.15502194278459122, 0.15144829261897327, 0.4928029487470072], [0.18889925428284648, 0.3154832368950823, 0.08684996102412194, 0.4087675477979494], [0.2194264004345379, 0.3582812870537334, 0.21744820576455667, 0.20484410674717213], [0.35890939784655346, 0.29828372302000994, 0.1615944271012457, 0.18121245203219105], [0.125502729684453, 0.32155326707829274, 0.16084273437211632, 0.3921012688651378], [0.21604229425737187, 0.1674896675636557, 0.16528734601475265, 0.4511806921642198], [0.33883679270993544, 0.26691709913302397, 0.12151215835200786, 0.27273394980503257], [0.25946533276375155, 0.2871338331686775, 0.13584276255790736, 0.3175580715096636], [0.20407275831751331, 0.1260365563639359, 0.2029828565319115, 0.4669078287866393], [0.15942079772524823, 0.3681930941954813, 0.23114388214796042, 0.24124222593131017], [0.19189622232128645, 0.3742865633154552, 0.20582058461521663, 0.227996629748042], [0.31088778731714306, 0.28129824431121037, 0.1324390081130186, 0.27537496025862807], [0.099295756589973, 0.227813206178748, 0.3825028744524198, 0.29038816277885915], [0.25972882863641406, 0.22064837044795363, 0.1098914163804038, 0.40973138453522845], [0.21315369086702712, 0.20178814690663088, 0.21026698081930542, 0.37479118140703666], [0.2464937742239186, 0.3572952556964497, 0.16468554107557684, 0.23152542900405496], [0.10254595507332341, 0.3030399364790163, 0.0702464597542409, 0.5241676486934194], [0.2652397762910004, 0.3841450172764487, 0.11549397186677637, 0.2351212345657746], [0.12586083225096825, 0.46728956965804125, 0.1652780250296993, 0.2415715730612913], [0.2355534033465433, 0.26393271166734367, 0.21622927811440185, 0.2842846068717112], [0.37405918649977105, 0.28640687278208166, 0.18906144974802638, 0.15047249097012086], [0.26921035639459995, 0.3328376133784542, 0.10116590336573535, 0.29678612686121064], [0.09685485557547734, 0.5341951737630686, 0.19545183907466765, 0.1734981315867864], [0.19340343608036237, 0.26609537674886563, 0.4029704425075775, 0.13753074466319465], [0.165179566706574, 0.2989342101215192, 0.2347168698695228, 0.301169353302384], [0.27447526281583484, 0.22195783808915956, 0.3677338668033647, 0.13583303229164115], [0.15222504158311648, 0.28384588653879017, 0.06951558088332983, 0.49441349099476367], [0.2989892455825994, 0.185920364449082, 0.169863666350071, 0.3452267236182476], [0.2309676056425311, 0.3149129117762788, 0.16257312176324404, 0.2915463608179461], [0.30853926126929937, 0.16514245512487705, 0.14018606938900344, 0.38613221421682015], [0.21256938240342702, 0.345244632246426, 0.14155791400338458, 0.30062807134676234], [0.23118310196502362, 0.25792585023264797, 0.13722327460585884, 0.3736677731964697], [0.27454557715291106, 0.3345848617357751, 0.12130626316180665, 0.26956329794950723], [0.32042442433914947, 0.3350432805114722, 0.09892717603211207, 0.24560511911726624], [0.12353540514879169, 0.3484459616206641, 0.22466074485368404, 0.3033578883768601], [0.16913735792345697, 0.2617704320419034, 0.22028532523523142, 0.3488068847994083], [0.150621433317264, 0.40434537602261494, 0.11081034268044268, 0.3342228479796784], [0.23560688359950488, 0.3140325806791518, 0.08490612545644102, 0.3654544102649024], [0.4287574281839098, 0.22611648682105537, 0.15195660670147687, 0.19316947829355802], [0.18128310903693318, 0.23377544797282634, 0.26489287687369123, 0.3200485661165493], [0.23154433008955322, 0.2945134218474737, 0.2622843210260946, 0.2116579270368784], [0.16765115181014403, 0.46060247501296475, 0.20347803552378882, 0.16826833765310237], [0.2510874573547246, 0.43087942857318484, 0.08802754354526811, 0.23000557052682252], [0.20029696401194352, 0.24976201635062872, 0.21644504493721337, 0.3334959747002146], [0.1336941313074591, 0.4537169207337363, 0.21122780076023814, 0.20136114719856654], [0.09741274168980335, 0.4347318041044876, 0.31692977801176403, 0.15092567619394504]]}, "rewritten": {"ids": ["97112290", "98106111", "98107340", "98108580", "98108970", "98109311", "98109570", "98110680", "98112170", "98112300", "98116500", "99107300", "99107640", "99107950", "99108080", "99108460", "99108580", "99108710", "99108890", "99109370", "99110730", "99111340", "99114890", "99121440", "100108260", "100116500", "100116790", "101108080", "101108121", "101108290", "101108621", "101110740", "101111210", "101112201", "101112540", "101114990", "102107961", "102110850", "102112170", "102112301", "102116340", "102121700", "103109791", "103110100", "103111110", "103111480", "103112470", "103113610", "103118110", "103118291", "104109311", "104110960", "104111380", "104111550", "104111830", "104111880", "104112201", "104116800", "105110091", "105110251", "105111990", "105115380", "105116441", "105117431", "105118171", "105119550", "105120280", "106113170", "106115250", "106116640", "106117650", "106118820", "106121220", "107112840", "107113260", "107113360", "107113550", "107114621", "107114950", "107115140", "107116980", "107117010", "107118780", "107119390", "107121700", "108113700", "108114670", "108117720", "108118810", "108120260", "109113591", "109114220", "109114270", "109114720", "109115211", "109116750", "109118161", "110116170", "110116300", "110117080", "110117110", "110117140", "110118810", "110120190", "110121450", "110121720", "111115910", "111116990", "111117200", "111118820", "111119430", "111119610", "111120640", "112116290", "112116610", "112116800", "112116810", "112117030", "112117571", "112117780", "112118421", "112118530", "112118550", "112118860", "112118930", "112119320", "112120290", "112120700", "112121030", "112121351", "113118111", "113118421", "113118620", "113118810", "113119120", "113119950", "113120260", "113120531", "113121010", "113121410", "113122150", "113122170"], "labels": [1, 0, 0, 0, 3, 1, 1, 2, 3, 2, 2, 3, 1, 1, 3, 0, 0, 2, 0, 1, 3, 1, 2, 2, 3, 2, 2, 0, 0, 0, 0, 3, 2, 0, 2, 3, 3, 3, 3, 1, 3, 1, 3, 1, 3, 0, 1, 2, 2, 0, 3, 2, 3, 1, 3, 3, 0, 1, 0, 0, 2, 1, 1, 1, 3, 1, 3, 0, 2, 3, 1, 3, 1, 1, 0, 0, 0, 0, 3, 0, 3, 1, 1, 2, 3, 0, 3, 1, 1, 1, 3, 3, 3, 0, 0, 0, 0, 0, 3, 1, 0, 3, 1, 3, 3, 3, 2, 0, 0, 0, 3, 2, 0, 0, 1, 0, 3, 2, 3, 0, 3, 1, 3, 3, 1, 1, 1, 2, 0, 0, 1, 3, 3, 3, 3, 0, 3, 0, 2, 0, 2, 1], "predicted_labels": [3, 3, 3, 2, 0, 3, 3, 1, 3, 3, 0, 1, 3, 3, 0, 0, 0, 1, 3, 3, 1, 3, 1, 1, 3, 3, 0, 1, 1, 3, 3, 0, 1, 0, 1, 1, 1, 2, 0, 1, 3, 1, 1, 1, 3, 3, 3, 3, 1, 1, 1, 0, 1, 2, 1, 0, 3, 1, 1, 2, 3, 1, 1, 1, 3, 1, 3, 1, 1, 3, 1, 1, 1, 1, 1, 1, 1, 1, 3, 3, 1, 3, 3, 1, 3, 0, 1, 3, 1, 1, 1, 1, 1, 3, 1, 1, 3, 1, 3, 1, 1, 1, 1, 3, 0, 1, 3, 0, 1, 3, 1, 1, 1, 0, 0, 1, 0, 3, 0, 0, 1, 1, 0, 2, 3, 1, 2, 1, 0, 1, 3, 3, 1, 3, 3, 0, 0, 1, 1, 3, 0, 1], "confidence_scores": [[0.1848752694336202, 0.2935456989740584, 0.16954640550323372, 0.35203262608908775], [0.12322072895122782, 0.2734840240536566, 0.13531667052369503, 0.46797857647142055], [0.2567650594321816, 0.23639319998567732, 0.16876969215809243, 0.3380720484240487], [0.2390179622142578, 0.233753707786411, 0.27671860324877656, 0.2505097267505547], [0.3539059381082347, 0.2608689265790859, 0.20450118307445223, 0.18072395223822726], [0.19568707862645235, 0.21800254522555773, 0.1743165640991084, 0.4119938120488815], [0.27208480881214114, 0.31362674081710473, 0.07173393611300749, 0.34255451425774675], [0.23991329494889907, 0.3578153458845796, 0.2093494000662378, 0.19292195910028376], [0.18538341650826315, 0.20999511121978168, 0.12209292484256151, 0.4825285474293938], [0.12349369664948388, 0.2629062370452168, 0.1785775510994773, 0.43502251520582197], [0.3134995898015652, 0.30902748915196526, 0.08626579107604637, 0.2912071299704232], [0.2639777907447186, 0.3726591215360157, 0.101859010598979, 0.26150407712028667], [0.21376564707331613, 0.29164810675142483, 0.16074216029389124, 0.33384408588136794], [0.21355858233353142, 0.2231326149278548, 0.25752795361549385, 0.3057808491231199], [0.34981143371797285, 0.2321210121948529, 0.15734472551650852, 0.26072282857066575], [0.4275277643819725, 0.11111932470462905, 0.09875929082816583, 0.3625936200852327], [0.3744570977906474, 0.22973801308788494, 0.11819786876536559, 0.27760702035610213], [0.10011488473895151, 0.7730349813170503, 0.039188905506705604, 0.08766122843729253], [0.07960620908090475, 0.17792526942950676, 0.08716718472530274, 0.6553013367642857], [0.16499199128369973, 0.3348290091162596, 0.07915995131156159, 0.42101904828847914], [0.2324116150431542, 0.39252037253366096, 0.17639214240289183, 0.19867587002029316], [0.2255900817305308, 0.176253147753123, 0.23753928992024445, 0.36061748059610194], [0.18981150891318524, 0.34440209897022334, 0.28277495359505955, 0.18301143852153215], [0.12701815944180692, 0.4196744980608138, 0.10169358557725301, 0.35161375692012625], [0.26791534976608333, 0.21638549615274721, 0.12773769814185457, 0.38796145593931475], [0.1620035574194324, 0.32825290236258214, 0.1455955006708938, 0.3641480395470916], [0.4017605088635942, 0.2376409608950859, 0.19176176402910725, 0.1688367662122126], [0.19616663310130308, 0.45258977835102315, 0.06782895114193872, 0.2834146374057351], [0.18744964124771166, 0.3457670777375642, 0.1450743035245073, 0.32170897749021704], [0.23823349050545573, 0.18229876942933781, 0.16897093944097225, 0.41049680062423427], [0.2316181068120325, 0.3170492057630775, 0.11056751427130532, 0.3407651731535847], [0.3409646173953657, 0.2519998470235134, 0.17283360524624303, 0.2342019303348779], [0.19123244154178773, 0.5736419115545732, 0.08673673219426266, 0.14838891470937632], [0.43391277566526204, 0.278781088041261, 0.05377251979438381, 0.23353361649909318], [0.2625698673343095, 0.39150441340579, 0.08274048646995397, 0.26318523278994665], [0.16574986718228069, 0.4863567983165312, 0.11212688484228041, 0.23576644965890778], [0.24142676455802276, 0.3011346845813587, 0.2917865571668208, 0.16565199369379793], [0.17452205391477557, 0.3037178168493599, 0.33509690111308926, 0.18666322812277544], [0.2804950481448594, 0.2611030727227589, 0.26623643762516175, 0.19216544150722012], [0.14977509945382275, 0.3967279088390064, 0.1662334578311865, 0.2872635338759844], [0.28790085992210523, 0.19459089143238573, 0.11262452871259324, 0.4048837199329158], [0.15592799615956757, 0.5072696829438693, 0.14107450621019024, 0.19572781468637282], [0.2062150046663483, 0.3353546459104504, 0.13046687197645915, 0.32796347744674226], [0.24541814857667432, 0.43711898287569806, 0.08815104994258995, 0.22931181860503777], [0.27422243813449004, 0.1249568316575274, 0.10798933023950077, 0.49283139996848163], [0.180121540032393, 0.25725294248592667, 0.07072027852962186, 0.49190523895205857], [0.16041992616885978, 0.124276716262457, 0.20788242179256444, 0.5074209357761188], [0.20982459874735054, 0.2266887182768982, 0.2647378467059598, 0.29874883626979154], [0.1130873583619464, 0.49400596559457094, 0.09852837837582853, 0.2943782976676541], [0.1884971712107783, 0.6270651605348173, 0.09864567458841976, 0.08579199366598479], [0.2916588532590283, 0.46853682107895006, 0.05995872189683472, 0.17984560376518688], [0.43757108534335, 0.36125962329319106, 0.07618816874942398, 0.12498112261403507], [0.3207363827931975, 0.34809427356030437, 0.16054990441855294, 0.17061943922794506], [0.1277098731620657, 0.2789340612342191, 0.44689761717898846, 0.14645844842472674], [0.19803591584384736, 0.3361835233034514, 0.18408924418687914, 0.2816913166658221], [0.40252513121198036, 0.21202978487602006, 0.05568532245265247, 0.32975976145934704], [0.12544242261534255, 0.1865422939755137, 0.1569998551880036, 0.5310154282211402], [0.2670205507419507, 0.3413039404770738, 0.206219447706382, 0.18545606107459356], [0.18295139555076506, 0.45923290224246455, 0.13210331730844477, 0.2257123848983257], [0.19007959073989456, 0.19730961290462826, 0.4638295433197929, 0.14878125303568412], [0.18351435323614193, 0.31025530405610446, 0.04117249820792984, 0.4650578444998238], [0.25487409366474445, 0.303975292374287, 0.1770280724316303, 0.2641225415293383], [0.17135937679980312, 0.390671619507916, 0.19210013804459447, 0.24586886564768645], [0.24491710430680574, 0.4910342442434288, 0.10379563751499424, 0.16025301393477123], [0.1994724665165525, 0.2555526922883101, 0.26947023799600434, 0.275504603199133], [0.2914343471248114, 0.5476202363508067, 0.08236847073625628, 0.07857694578812568], [0.16213049617079703, 0.3256502439663577, 0.1160672278112473, 0.396152032051598], [0.2512964322118933, 0.37720034694320276, 0.09664854671367125, 0.2748546741312328], [0.17502239008841516, 0.5577643604409321, 0.1384610457340847, 0.12875220373656815], [0.29595510035859124, 0.20689536089785135, 0.16199863141381213, 0.3351509073297453], [0.196601142319557, 0.3135252997462348, 0.2239737970656975, 0.26589976086851086], [0.21266231957549908, 0.5619591538419311, 0.09355974635011316, 0.13181878023245666], [0.2736209608211076, 0.34849283238593176, 0.09620915996588042, 0.2816770468270804], [0.09479922237064083, 0.7667524007922268, 0.04877709871484663, 0.0896712781222858], [0.3026277786963982, 0.35579218048367217, 0.08905754394814168, 0.252522496871788], [0.2347257481691434, 0.3298518360823153, 0.1412378694477828, 0.2941845463007587], [0.23556318121556286, 0.27377490100710405, 0.24670868923856867, 0.2439532285387645], [0.2547841714452109, 0.41720523525836745, 0.11886225987204194, 0.2091483334243797], [0.12582373847950526, 0.27286618631512954, 0.0693773923208741, 0.531932682884491], [0.203994443928027, 0.18824868269253167, 0.08472880747049322, 0.5230280659089481], [0.2699045073147745, 0.32761332268170956, 0.18191105502399807, 0.22057111497951773], [0.22464877249677995, 0.2617177265335627, 0.11751074463006975, 0.3961227563395876], [0.22248294359473908, 0.31232198584214804, 0.14729669221749478, 0.3178983783456181], [0.11336824411607775, 0.6009771994114481, 0.17027395501885811, 0.1153806014536159], [0.2760805533286942, 0.16128401647754667, 0.10234256760112745, 0.4602928625926319], [0.3727340712171783, 0.33811546370231066, 0.09958434229711607, 0.1895661227833952], [0.12594873097721782, 0.6793724503442383, 0.10090002727420702, 0.09377879140433698], [0.2914100496916288, 0.2667296981093993, 0.1364089074059685, 0.3054513447930034], [0.15787192274960474, 0.3918948477643246, 0.198015139959898, 0.25221808952617264], [0.1922477483487593, 0.3130789777238849, 0.19733400542706442, 0.2973392685002916], [0.16489921797700674, 0.39519342987658346, 0.2751878023823277, 0.1647195497640821], [0.24977073345473125, 0.316975497198644, 0.19997367271160527, 0.23328009663501964], [0.1493427107586911, 0.38879155244915997, 0.21031325310006072, 0.25155248369208827], [0.208197466109916, 0.2895500160999295, 0.20085152421031993, 0.3014009935798346], [0.23714825016264843, 0.460172792270258, 0.11342052802846582, 0.1892584295386277], [0.1288351128836026, 0.6712565490628454, 0.11273588714461699, 0.08717245090893509], [0.11671959064215104, 0.33768955428872194, 0.11280810841970007, 0.43278274664942706], [0.2959820700217905, 0.31265618027091946, 0.21165620891430495, 0.1797055407929853], [0.2815368063423678, 0.2785581666940509, 0.10928192260862857, 0.3306231043549527], [0.16321134142268007, 0.3195267215270978, 0.24904097017709187, 0.26822096687313046], [0.095476207019819, 0.7346683398318703, 0.046129275923544044, 0.12372617722476677], [0.23764466236889734, 0.37373373430530754, 0.13123105916793332, 0.257390544157862], [0.24865105726307646, 0.3142781709400071, 0.149499234005148, 0.2875715377917684], [0.21588256890917634, 0.28112605449074496, 0.16097093743852223, 0.34202043916155644], [0.5134491192594178, 0.1769864101109922, 0.11605139220267059, 0.19351307842691925], [0.1560452637036938, 0.6185522716184273, 0.09987182517973656, 0.1255306394981425], [0.2010249632056257, 0.23574155104601655, 0.16834474245786918, 0.39488874329048856], [0.4541518644457079, 0.30554959848033464, 0.05323269539319496, 0.18706584168076265], [0.2773393282743877, 0.35154626522190185, 0.08544248698088726, 0.28567191952282317], [0.22389658712959473, 0.2927104048368635, 0.11383418306387455, 0.3695588249696672], [0.22550850790683077, 0.44309907704632867, 0.12554525367242655, 0.20584716137441395], [0.28432100656081505, 0.3395990336696453, 0.17595361532647014, 0.20012634444306948], [0.2515254503061136, 0.5049886719123488, 0.08523188510089619, 0.1582539926806414], [0.4364846498436669, 0.3490949949745241, 0.04821437265999139, 0.16620598252181765], [0.46783582007898233, 0.2815400042725467, 0.10671601174976417, 0.14390816389870667], [0.18665541762690754, 0.5468553381132871, 0.12783052214450097, 0.13865872211530425], [0.38811547282748665, 0.3138947083334293, 0.11389097089144906, 0.18409884794763512], [0.22439074757792954, 0.15408170599535004, 0.13754745583331096, 0.48398009059340946], [0.3552920129891631, 0.16056400294145928, 0.15492193875854768, 0.3292220453108301], [0.4385789699709377, 0.17608747268689234, 0.11885250176000063, 0.2664810555821693], [0.15153074603204278, 0.49656030071237356, 0.052905273678403406, 0.29900367957718027], [0.12984254105275136, 0.4240418580932688, 0.29205615643052607, 0.15405944442345368], [0.35810026005986695, 0.3008568661887128, 0.047676668053192865, 0.2933662056982274], [0.16968377964875794, 0.2772454063645494, 0.3262219943349319, 0.22684881965176087], [0.28517625334641766, 0.16679842468203335, 0.17036107029028047, 0.3776642516812687], [0.2558876845165179, 0.33079331418500735, 0.19204884818555287, 0.22127015311292209], [0.2603895358250083, 0.10998366477623905, 0.43366075252610176, 0.19596604687265098], [0.1982534146273186, 0.3331060235805293, 0.20814015690460025, 0.260500404887552], [0.36558962947896506, 0.17640504669873927, 0.11355709216220115, 0.34444823166009436], [0.26752235575850847, 0.344253526428557, 0.18864025828900507, 0.19958385952392954], [0.11351876797526007, 0.36467722463395924, 0.08677779431789082, 0.43502621307288997], [0.18808716464287736, 0.32403094743662814, 0.06673309442545612, 0.42114879349503836], [0.2748784665395006, 0.33253868731555897, 0.09876234951867405, 0.29382049662626647], [0.24181135452796843, 0.12151595491970932, 0.21755653675295297, 0.41911615379936934], [0.24027703180652105, 0.2553015398714435, 0.13231353350307423, 0.3721078948189613], [0.46611010086123683, 0.23679072456900735, 0.060317569478905576, 0.23678160509085036], [0.3909497986594476, 0.22458451239303454, 0.0964172677785355, 0.28804842116898244], [0.23965570972705946, 0.3536724981264498, 0.10964225095420202, 0.2970295411922888], [0.2313224203796891, 0.4585221412771528, 0.09710654387633039, 0.21304889446682782], [0.3810478262772604, 0.18050618330810483, 0.057381580056393364, 0.3810644103582415], [0.48515664423651944, 0.17526507703288335, 0.16658429540820968, 0.1729939833223875], [0.15038345104423842, 0.4067312072804619, 0.14275674210064215, 0.30012859957465743]]}}