{"test": {"ids": ["107112850", "108113620", "109113931", "112119320", "105120621", "111120280", "106118820", "111120320", "110114950", "108114360", "109120540", "102110850", "113118421", "112116810", "98107340", "112116900", "113120540", "101113210", "112119450", "101111210", "109114220", "109119450", "108115250", "108115870", "113120280", "97112300", "102110050", "113118111", "100108520", "112117431", "110121170", "105113330", "103113260", "108119550", "111120540", "113122160", "105115570", "99111340", "102107961", "107118820", "111116100", "109116810", "102113210", "106117770", "101108500", "107121540", "105119950", "108118520", "105114220", "97110950", "109118231", "107116340", "112121430", "97106770", "103111110", "97106000", "113121190", "99111620", "98116500", "107115250", "100109910", "102113981", "107116501", "99111440", "106114280", "111116040", "109114720", "102109910", "103113610", "101115190", "111121220", "112120290", "111120260", "109113281", "112120640", "109119460", "110114610", "98116940", "99109311", "98120010", "97107681", "102116340", "106119260", "97106600", "111119950", "97106970", "110118181", "97105760", "110115580", "107116300", "101112690", "100113210", "105110091", "103110220", "98107010", "107121640", "104111550", "113118870", "110120531", "99109910", "113118490", "102110240", "108116481", "102121700", "110118111", "110120190", "100109330", "100111380", "100109980", "100120780", "100107920", "113119930", "108113740", "110120560", "112117461", "111116990", "107114110", "111116010", "113119480", "111120591", "112118421", "103111540", "112116800", "110114920", "110118630", "104111830", "98120530", "97109080", "106116370", "112118511", "111114171", "109120560", "111117571", "100110050", "97112290", "106113360", "99109740", "98112170", "106113190", "101119591", "112119500", "101111310"], "labels": [1, 3, 1, 1, 1, 0, 3, 1, 0, 1, 1, 3, 3, 3, 0, 3, 3, 3, 3, 2, 3, 3, 1, 3, 0, 2, 3, 1, 2, 0, 2, 3, 3, 1, 1, 3, 0, 1, 3, 3, 3, 3, 3, 0, 3, 2, 3, 0, 3, 3, 1, 3, 2, 3, 3, 0, 1, 3, 2, 2, 2, 1, 1, 3, 3, 0, 0, 2, 2, 1, 3, 1, 3, 0, 0, 1, 1, 2, 1, 2, 3, 3, 1, 3, 0, 2, 1, 0, 1, 0, 1, 0, 0, 2, 3, 1, 1, 0, 0, 2, 1, 3, 0, 1, 1, 3, 0, 3, 1, 1, 0, 1, 3, 0, 0, 0, 1, 1, 3, 1, 3, 1, 0, 3, 1, 3, 1, 2, 2, 1, 3, 1, 3, 3, 1, 0, 3, 3, 0, 0, 2, 3], "predicted_labels": [1, 0, 1, 1, 0, 3, 1, 3, 3, 0, 1, 1, 3, 3, 1, 3, 1, 3, 0, 1, 3, 1, 3, 0, 3, 0, 2, 3, 2, 3, 3, 3, 1, 1, 0, 1, 1, 1, 3, 1, 3, 3, 1, 3, 2, 3, 0, 0, 0, 0, 1, 1, 2, 2, 0, 2, 3, 1, 0, 1, 3, 0, 3, 1, 0, 3, 3, 0, 1, 0, 3, 3, 0, 0, 0, 0, 1, 1, 1, 2, 0, 1, 0, 1, 0, 2, 1, 0, 1, 1, 3, 1, 0, 1, 1, 1, 2, 1, 0, 2, 3, 0, 1, 1, 0, 3, 0, 0, 3, 0, 0, 1, 3, 3, 3, 0, 0, 1, 3, 0, 3, 0, 1, 1, 3, 1, 0, 1, 0, 3, 3, 3, 3, 1, 1, 3, 1, 0, 3, 3, 2, 1], "confidence_scores": [[0.09220637928307016, 0.7499609927765581, 0.09181099119951411, 0.06602163674085763], [0.4698035167028913, 0.10284240104512886, 0.00793675015559764, 0.4194173320963822], [0.12682927423660847, 0.4289168079450021, 0.30280104845024175, 0.14145286936814788], [0.016467251090748633, 0.7661396095664185, 0.1034930476059699, 0.11390009173686304], [0.8158922267458028, 0.03176620508034506, 0.0007628756283587744, 0.1515786925454932], [0.0391270989229581, 0.12569154819835932, 0.0345521560268908, 0.8006291968517918], [0.09286087956213548, 0.4959402514839887, 0.1016020818142838, 0.30959678713959216], [0.25678047863502584, 0.2646372242357188, 0.11163388696852569, 0.36694841016072943], [0.3484537006351016, 0.20350751040054504, 0.05655017306537092, 0.3914886158989825], [0.26849595066526016, 0.17648882818984937, 0.28529909690445293, 0.26971612424043767], [0.14371622183130492, 0.5427253986249304, 0.044720228444454745, 0.2688381510993102], [0.028269039705572967, 0.7894260917763852, 0.12915800773947952, 0.05314686077856248], [0.013797856859702433, 0.061122723791954964, 0.014681536613176654, 0.910397882735166], [0.16815188255355865, 0.14677124876253386, 0.43381282919236563, 0.25126403949154197], [0.07089676182459712, 0.27749103290187876, 0.617722092708611, 0.03389011256491325], [0.3241294844118262, 0.1524700727813662, 0.08526554594493758, 0.43813489686187024], [0.15010306892117245, 0.527476142403719, 0.1803289607717306, 0.142091827903378], [0.3630081770951519, 0.044274680552682265, 0.17917065089027598, 0.4135464914618899], [0.49943106405293064, 0.24006198985333166, 0.007103825375900447, 0.25340312071783705], [0.0918327469123197, 0.33069553224686854, 0.2923092491965287, 0.2851624716442832], [0.23523546556724267, 0.09061927203744943, 0.030613780997021965, 0.6435314813982859], [0.11611168787065239, 0.24469582742726065, 0.3831333053302255, 0.2560591793718616], [0.0982522864839754, 0.0993317913106126, 0.1213511522495711, 0.6810647699558411], [0.4455038344711805, 0.12113284755849807, 0.064549752966319, 0.3688135650040024], [0.2604770054881199, 0.022847004279892523, 0.004465564156343465, 0.7122104260756439], [0.3139642015083309, 0.12187485225023191, 0.3424197752110853, 0.22174117103035204], [0.07574711983997107, 0.14274952366430543, 0.5774377503836178, 0.2040656061121057], [0.14328523095468046, 0.10234870852827692, 0.027738960573984225, 0.7266270999430586], [0.08488064250919178, 0.02892618095368839, 0.7589537921799674, 0.12723938435715235], [0.2898235726461213, 0.2746392869907364, 0.012475266215346736, 0.4230618741477954], [0.14703588375403723, 0.0707150264575775, 0.06189722797470384, 0.7203518618136813], [0.2099987790099669, 0.28083173871771117, 0.03333084014156501, 0.475838642130757], [0.16471990166617811, 0.5291478981125738, 0.1281493849090896, 0.17798281531215823], [0.04887533646559578, 0.48673463404106093, 0.24991957544408375, 0.21447045404925952], [0.5390166013701809, 0.3883874059075597, 0.039526860632191824, 0.033069132090067684], [0.07106368280643156, 0.3233773603400568, 0.4302349290231804, 0.17532402783033135], [0.02549227968713323, 0.47554399684293513, 0.3798962105301993, 0.11906751293973243], [0.024190287562475717, 0.25763388913991775, 0.6311876429334484, 0.0869881803641584], [0.25343352079830567, 0.03460763618701051, 0.021194743194259704, 0.6907640998204243], [0.05513592307882726, 0.6415585637457688, 0.09670001517897896, 0.20660549799642516], [0.4090105288988884, 0.12648602712174134, 0.0307593659275521, 0.43374407805181836], [0.2816877094461455, 0.16399961907108498, 0.008626909085866151, 0.5456857623969035], [0.17233787789701016, 0.4083681406599756, 0.082019590025621, 0.3372743914173931], [0.37286124226972855, 0.08103915499415525, 0.11778215412436864, 0.42831744861174753], [0.05560791848236597, 0.16650673376110126, 0.5918053492796562, 0.18607999847687642], [0.038244480026928686, 0.1180585063868858, 0.3214235220740577, 0.522273491512128], [0.7506552430253012, 0.08489099391282391, 0.06713190431763298, 0.09732185874424218], [0.6579085178974188, 0.25005801371879094, 0.03228589765449219, 0.059747570729297955], [0.36247212287663305, 0.159022801117794, 0.16678245019307786, 0.3117226258124951], [0.8926034441703691, 0.0373144875843293, 0.03553689594966801, 0.03454517229563373], [0.16214220372711594, 0.6003048099390365, 0.1567625057206699, 0.08079048061317766], [0.14524563695308815, 0.2647883539178235, 0.27560056726910076, 0.3143654418599875], [0.1282553161718901, 0.1409931480389064, 0.5199155668560007, 0.2108359689332028], [0.17351245501617243, 0.11618264208047728, 0.4732796474668829, 0.23702525543646735], [0.46429988418676427, 0.17871970145215071, 0.11794126277085618, 0.2390391515902287], [0.10102006577133787, 0.09298238932802992, 0.7087554768082281, 0.0972420680924041], [0.10794760708202865, 0.24451268900643486, 0.0768192526528271, 0.5707204512587094], [0.2146407992448059, 0.4332265726068245, 0.2727391368733714, 0.07939349127499819], [0.6126891201478728, 0.07583856178826635, 0.026489084921342686, 0.2849832331425185], [0.0582930337421984, 0.705296220177589, 0.05511335046902467, 0.18129739561118813], [0.22341130434449816, 0.07614514909667627, 0.17556449971123636, 0.5248790468475892], [0.48649159872831194, 0.1866916619555102, 0.14038635000372834, 0.1864303893124492], [0.09900579349884849, 0.14884828332528136, 0.008454644290607655, 0.7436912788852624], [0.32854836099265533, 0.2920826444872306, 0.05921552611837445, 0.32015346840173964], [0.28728929787278634, 0.21827909401687937, 0.21135136592412504, 0.2830802421862091], [0.15410108909391831, 0.0715907058998101, 0.02069585216686911, 0.7536123528394025], [0.02401205306413987, 0.17946087639135283, 0.43999781176432784, 0.35652925878017927], [0.7358991676151634, 0.06367056021072759, 0.02289082617802799, 0.17753944599608068], [0.06499921170557174, 0.23637117720917403, 0.5360881113123965, 0.16254149977285784], [0.50060514999257, 0.21491697691126668, 0.15691590318597357, 0.12756196991018975], [0.22526696281487119, 0.2635542440082659, 0.03479425817657832, 0.47638453500028455], [0.31234330215964495, 0.2868489788470643, 0.021240729871578823, 0.37956698912171216], [0.3423041811120839, 0.2944096298819858, 0.07670820239379626, 0.286577986612134], [0.7950520150266842, 0.0635882032013186, 0.05286514189008062, 0.08849463988191657], [0.8698555994247216, 0.025773249798240132, 0.0030921523856678925, 0.10127899839137025], [0.44254088719071466, 0.23759876871274963, 0.1144954219039905, 0.20536492219254512], [0.2581751015516854, 0.29948790978471185, 0.3242150617395875, 0.11812192692401523], [0.11112149555340736, 0.6715839304455354, 0.12755125921013236, 0.08974331479092502], [0.269792967418013, 0.514419463277799, 0.1277761426560119, 0.08801142664817597], [0.07244892545088821, 0.12254865222774278, 0.6728763984586221, 0.13212602386274716], [0.7489754696494849, 0.06147340446828041, 0.046810568249504705, 0.14274055763273039], [0.08321301099487398, 0.24645017408116132, 0.415597448337615, 0.25473936658635005], [0.4248331098967347, 0.0316571445771433, 0.2759568542231753, 0.2675528913029468], [0.38850470568765794, 0.44945329118189004, 0.025779971116088846, 0.1362620320143631], [0.5565681540095428, 0.19740920643507762, 0.11106469315649806, 0.1349579463988812], [0.030643415666657216, 0.1844351931491872, 0.5629139203039043, 0.22200747088025122], [0.22459980183323103, 0.4296194989094711, 0.27820587841401134, 0.06757482084328692], [0.6408751305565549, 0.09180070209701272, 0.014043417611138182, 0.25328074973529435], [0.27901481044301796, 0.2601237786360528, 0.21389581005786912, 0.24696560086306], [0.028925732661334313, 0.6892326948765023, 0.01962536592048123, 0.2622162065416822], [0.24060891505583717, 0.10321119406856515, 0.051336128653582155, 0.6048437622220156], [0.1509929661086078, 0.44657925912417307, 0.058227924582243164, 0.34419985018497573], [0.7185339323323929, 0.15088930515001084, 0.020132189451769075, 0.11044457306582722], [0.05829828392896443, 0.4762974393589393, 0.18276075963962052, 0.28264351707247554], [0.26682088014979216, 0.36789368266664835, 0.24678179693254207, 0.11850364025101712], [0.0702841704267769, 0.3352827105608334, 0.3236927533991881, 0.27074036561320164], [0.07951535083366623, 0.13785894547348293, 0.5734844122493838, 0.2091412914434672], [0.12876028742910614, 0.42036613640925263, 0.019363425075448665, 0.4315101510861925], [0.6926723162391732, 0.17402797824535451, 0.007161928040788067, 0.12613777747468424], [0.17759711420114938, 0.11855227410623585, 0.5644033998060128, 0.1394472118866018], [0.08288124121456188, 0.052713262743550045, 0.022666021025335326, 0.8417394750165528], [0.40344332133771194, 0.32900227557549777, 0.09931809560421319, 0.16823630748257687], [0.2568000080025954, 0.3524445015251569, 0.015046823103414502, 0.37570866736883335], [0.3474174318587938, 0.33000968440504386, 0.20276092683230873, 0.11981195690385334], [0.8157990253163581, 0.02952995653560938, 0.009672866824674829, 0.1449981513233576], [0.058052570749157484, 0.20943873585477235, 0.22269375096124683, 0.5098149424348228], [0.43523179816552826, 0.2548957252072222, 0.07617751681058824, 0.23369495981666139], [0.41365851761821176, 0.17615686055499474, 0.1343725810395096, 0.27581204078728394], [0.23816515318989362, 0.18032581987242047, 0.2151443570096728, 0.3663646699280134], [0.47898719279950724, 0.19729593329152456, 0.10974880351890184, 0.2139680703900664], [0.7351980562312876, 0.1409734791080572, 0.03842658175128949, 0.08540188290936572], [0.13180681669514105, 0.6640381571167561, 0.028360704394306754, 0.1757943217937964], [0.18655870057454393, 0.14670353281102916, 0.04244585437591471, 0.6242919122385119], [0.14668268218841046, 0.13554343039686131, 0.4456249647495295, 0.272148922665199], [0.24556180077011117, 0.11116215775204863, 0.03330770451046902, 0.6099683369673713], [0.5397928117736183, 0.08377306554301672, 0.03917923283378516, 0.3372548898495801], [0.7870666419100051, 0.10380848979351048, 0.007929489822970514, 0.10119537847351394], [0.08721646624740238, 0.3831008522417483, 0.44035866128497836, 0.08932402022587108], [0.3006904094938182, 0.06353057509782947, 0.06735620942562394, 0.5684228059827287], [0.8493654948907409, 0.007868347278508929, 0.0031879856380193313, 0.13957817219273064], [0.25800275235580933, 0.25152253037514144, 0.024051970506919755, 0.4664227467621298], [0.5551010458537419, 0.1547139822205993, 0.08511915580011661, 0.20506581612554176], [0.06916043064235831, 0.6383591371041574, 0.04750577674847262, 0.24497465550501157], [0.3359105265946197, 0.3789970343751018, 0.09942746877192886, 0.1856649702583496], [0.05536778540462451, 0.19056372764252852, 0.3916935491688303, 0.36237493778401697], [0.03805544555985086, 0.43086107308380894, 0.043725567698539435, 0.48735791365780046], [0.3758307402995988, 0.1338268890099777, 0.2374629766859958, 0.2528793940044277], [0.05508186008770514, 0.24644848127218247, 0.5832276180323556, 0.11524204060775683], [0.752996276654218, 0.03285564805481052, 0.08355955500492616, 0.13058852028604542], [0.1259550999382774, 0.2678943046807599, 0.24046302612776232, 0.36568756925320073], [0.10867826842600022, 0.07454434171311286, 0.010472794420533841, 0.8063045954403529], [0.2316122096522271, 0.11131114664110614, 0.16342984741833705, 0.4936467962883298], [0.1934072298381934, 0.20303851702236447, 0.023368997242935185, 0.580185255896507], [0.04834170907762152, 0.33609058563781385, 0.5183354854121532, 0.09723221987241132], [0.16835266425371972, 0.43921539280830313, 0.23762277224085676, 0.15480917069712033], [0.042604817461602586, 0.4073638821287751, 0.022388006398567476, 0.5276432940110549], [0.15894190854953227, 0.4700580700863943, 0.24315265578988368, 0.12784736557418958], [0.8408981639908858, 0.00559593809515899, 0.020406888328468178, 0.13309900958548698], [0.15017785128967906, 0.19655769393689404, 0.10158292293930056, 0.5516815318341266], [0.3494937458685623, 0.03941948912446626, 0.0212620508875092, 0.5898247141194621], [0.049868011537635995, 0.0818205002997683, 0.8196893777500376, 0.048622110412558], [0.30590567937041047, 0.33372024092094454, 0.2812937224211168, 0.07908035728752805]]}, "rewritten": {"ids": ["97105760", "97106000", "97106600", "97106770", "97106970", "97107681", "97109080", "97110950", "97112290", "97112300", "98107010", "98107340", "98112170", "98116500", "98116940", "98120010", "98120530", "99109311", "99109740", "99109910", "99111340", "99111440", "99111620", "100107920", "100108520", "100109330", "100109910", "100109980", "100110050", "100111380", "100113210", "100120780", "101108500", "101111210", "101111310", "101112690", "101113210", "101115190", "101119591", "102107961", "102109910", "102110050", "102110240", "102110850", "102113210", "102113981", "102116340", "102121700", "103110220", "103111110", "103111540", "103113260", "103113610", "104111550", "104111830", "105110091", "105113330", "105114220", "105115570", "105119950", "105120621", "106113190", "106113360", "106114280", "106116370", "106117770", "106118820", "106119260", "107112850", "107114110", "107115250", "107116300", "107116340", "107116501", "107118820", "107121540", "107121640", "108113620", "108113740", "108114360", "108115250", "108115870", "108116481", "108118520", "108119550", "109113281", "109113931", "109114220", "109114720", "109116810", "109118231", "109119450", "109119460", "109120540", "109120560", "110114610", "110114920", "110114950", "110115580", "110118111", "110118181", "110118630", "110120190", "110120531", "110120560", "110121170", "111114171", "111116010", "111116040", "111116100", "111116990", "111117571", "111119950", "111120260", "111120280", "111120320", "111120540", "111120591", "111121220", "112116800", "112116810", "112116900", "112117431", "112117461", "112118421", "112118511", "112119320", "112119450", "112119500", "112120290", "112120640", "112121430", "113118111", "113118421", "113118490", "113118870", "113119480", "113119930", "113120280", "113120540", "113121190", "113122160"], "labels": [0, 0, 3, 3, 2, 3, 2, 3, 1, 2, 3, 0, 3, 2, 2, 2, 1, 1, 3, 2, 1, 3, 3, 0, 2, 0, 2, 1, 3, 3, 0, 1, 3, 2, 3, 1, 3, 1, 0, 3, 2, 3, 3, 3, 3, 1, 3, 1, 2, 3, 1, 3, 2, 1, 3, 0, 3, 3, 0, 3, 1, 0, 0, 3, 2, 0, 3, 1, 1, 1, 2, 0, 3, 1, 3, 2, 1, 3, 3, 1, 1, 3, 0, 0, 1, 0, 1, 3, 0, 3, 1, 3, 1, 1, 1, 1, 3, 0, 1, 1, 1, 1, 3, 0, 0, 2, 3, 1, 0, 3, 0, 3, 0, 3, 0, 1, 1, 1, 3, 0, 3, 3, 0, 0, 3, 1, 1, 3, 2, 1, 0, 2, 1, 3, 1, 0, 3, 1, 0, 3, 1, 3], "predicted_labels": [3, 2, 2, 1, 2, 0, 2, 0, 1, 3, 2, 1, 0, 1, 1, 1, 3, 1, 1, 2, 1, 1, 2, 0, 3, 1, 0, 3, 1, 0, 3, 0, 1, 3, 2, 3, 0, 0, 3, 0, 0, 3, 1, 0, 1, 0, 2, 1, 2, 0, 0, 1, 2, 0, 1, 0, 1, 1, 2, 0, 3, 3, 1, 0, 3, 3, 1, 0, 1, 0, 1, 1, 1, 3, 3, 3, 1, 1, 3, 1, 3, 0, 1, 0, 1, 0, 1, 3, 2, 0, 0, 2, 1, 1, 1, 1, 1, 0, 3, 3, 0, 3, 3, 0, 1, 3, 0, 3, 3, 0, 0, 1, 3, 1, 3, 1, 1, 0, 1, 1, 3, 3, 1, 0, 3, 0, 1, 0, 1, 1, 0, 3, 0, 3, 3, 0, 2, 3, 3, 1, 1, 1], "confidence_scores": [[0.36185691746467147, 0.17725680367325372, 0.08827477174750623, 0.3726115071145688], [0.025167351427296324, 0.057946382519919244, 0.8989120015093225, 0.017974264543461873], [0.18001822330921508, 0.21305866238000043, 0.4902757279828095, 0.116647386327975], [0.04973414626329863, 0.43242457407610424, 0.36867431235518544, 0.14916696730541198], [0.03544859747317709, 0.20955728853782202, 0.6100208447328127, 0.14497326925618798], [0.6977094028715665, 0.02391641214910567, 0.19466706609203213, 0.08370711888729547], [0.02804540616386957, 0.11982664256432221, 0.647727533858912, 0.20440041741289644], [0.8428851234798859, 0.0162425110752294, 0.021891841912071854, 0.11898052353281276], [0.11726447569942923, 0.39664859280710685, 0.33335322807346796, 0.15273370341999584], [0.24092489250072138, 0.12871762110272922, 0.29329943057826136, 0.3370580558182881], [0.07077562721762878, 0.10098518773920497, 0.6993375936450316, 0.12890159139813506], [0.026043790578998947, 0.3826554722438004, 0.5718368654082967, 0.019463871768904285], [0.862843018410268, 0.006054023338295674, 0.0014210764444472486, 0.12968188180698909], [0.17190498099994136, 0.4131568182307858, 0.05098360153426302, 0.3639545992350099], [0.19419466501903154, 0.232026198644801, 0.355601978437805, 0.21817715789836228], [0.18263516667578947, 0.24031391538271102, 0.36670904294315443, 0.21034187499834495], [0.2545109889760539, 0.2492924239624484, 0.15948735303784226, 0.3367092340236556], [0.16496209282259566, 0.6372220203969418, 0.046058376249406445, 0.1517575105310564], [0.04779404850819746, 0.6660452804664133, 0.18288396567563805, 0.10327670534975146], [0.13193451569158088, 0.07896030470055461, 0.568667090301301, 0.22043808930656394], [0.0188241452147132, 0.4784236759361179, 0.25485515593635283, 0.24789702291281618], [0.2917341414084457, 0.31411889640559865, 0.15463765350330175, 0.23950930868265383], [0.10476743451047933, 0.05209276993466874, 0.7079474620530174, 0.13519233350183418], [0.6277725931293122, 0.25367258705424317, 0.02500627339917632, 0.0935485464172681], [0.08884856467281162, 0.09106114398952873, 0.3310848936867636, 0.48900539765089585], [0.08647137889503957, 0.604793687533289, 0.12654841012404508, 0.18218652344762648], [0.7957157901661162, 0.0030746722029994333, 0.1083884141464322, 0.09282112348445225], [0.1670139420085822, 0.16671358141577422, 0.35309704950314846, 0.31317542707249485], [0.10493889440200814, 0.5009830954576261, 0.25245361026398494, 0.1416243998763807], [0.2756384522649205, 0.2022506302740092, 0.3419480780204046, 0.18016283944066597], [0.2231964848432311, 0.2719847652078038, 0.06483652144991017, 0.43998222849905483], [0.48329058225069926, 0.26478077173217834, 0.08216897510443202, 0.1697596709126902], [0.0255276740739273, 0.4736796620625495, 0.19929493158638462, 0.3014977322771388], [0.055735467464670035, 0.046628524832793616, 0.30460860189522787, 0.5930274058073085], [0.18558797607783312, 0.11903162736166477, 0.6628997661827747, 0.03248063037772726], [0.042820527459905375, 0.2654751865482947, 0.11378759275287764, 0.5779166932389221], [0.710795198128034, 0.08922336648294266, 0.06970288182240796, 0.13027855356661538], [0.49855723043103733, 0.18714680588141444, 0.2594812752125841, 0.05481468847496417], [0.2742225437112953, 0.15330842578522313, 0.059744118421577376, 0.5127249120819044], [0.6264944311366255, 0.037780749339744436, 0.03524388162437758, 0.30048093789925273], [0.8880681164587472, 0.006958437783823181, 0.018249206459457424, 0.08672423929797192], [0.10916192236943044, 0.21432215515646208, 0.09142872252665295, 0.5850871999474546], [0.03608690908256646, 0.5303022535946914, 0.28124377850884097, 0.15236705881390145], [0.27188445823967633, 0.11876629782626154, 0.41654019353230093, 0.19280905040176144], [0.17177186749219853, 0.4461244579143132, 0.30002797548676763, 0.0820756991067207], [0.8608867711676829, 0.022663488410394703, 0.004336769468480055, 0.11211297095344219], [0.03680218749495669, 0.051713810142046984, 0.7960436546124303, 0.11544034775056619], [0.11693651723909966, 0.4248643485512139, 0.11229539816785716, 0.3459037360418292], [0.03627213939864163, 0.14615332547953236, 0.6398296569823577, 0.1777448781394683], [0.35196381395681514, 0.18647529186761058, 0.28334777304899816, 0.17821312112657572], [0.46958121513736756, 0.03227734955191189, 0.08244428483291115, 0.41569715047780953], [0.06991757938704918, 0.6147805014466944, 0.16331517084269387, 0.15198674832356251], [0.03466821571734406, 0.05366708463676192, 0.773856861876271, 0.13780783776962297], [0.6072626083936361, 0.15395579176975446, 0.18078504922675365, 0.057996550609856035], [0.1439237777699966, 0.4661489067205706, 0.21212120885119215, 0.1778061066582404], [0.672043849719946, 0.1277568243343454, 0.035533802546032243, 0.1646655233996763], [0.092745282060907, 0.4203732475601617, 0.05464619777416349, 0.43223527260476796], [0.2588539588276011, 0.32586833633784135, 0.2695399026741094, 0.14573780216044838], [0.015905662833791585, 0.12668159359807046, 0.7642460184376433, 0.09316672513049466], [0.4891401498957581, 0.04303997792690638, 0.1287817584653381, 0.33903811371199744], [0.4140157904637818, 0.025604955654574064, 0.0005582417599786521, 0.5598210121216652], [0.23992401540717376, 0.06120890257889551, 0.23791154140833942, 0.4609555406055914], [0.1695602912104669, 0.4202109881626074, 0.09706060080273285, 0.3131681198241927], [0.3294966218901303, 0.227880966374494, 0.20120634330378181, 0.24141606843159377], [0.1045439264954036, 0.1290611132410084, 0.3342664935063657, 0.4321284667572223], [0.14248090697941213, 0.06331250993439798, 0.36323251812019075, 0.43097406496599916], [0.22150574521056254, 0.46516904925195784, 0.14848959150886631, 0.16483561402861302], [0.32361113690406623, 0.11045780569613504, 0.3151981957830009, 0.25073286161679764], [0.08613068642436313, 0.7467899449041208, 0.10801307759508144, 0.05906629107643481], [0.4833336756812291, 0.12645835310258696, 0.02610298650966778, 0.36410498470651625], [0.013687533840813101, 0.6000824116131471, 0.2234576010178358, 0.1627724535282041], [0.18360398268063977, 0.5995641384410635, 0.016476866206657396, 0.20035501267163944], [0.0752672851921417, 0.48482715713477453, 0.14135594213874142, 0.2985496155343424], [0.07559306950018561, 0.35547761500651615, 0.12396496095255562, 0.44496435454074273], [0.04848718604564224, 0.3568788259902346, 0.1351319376180794, 0.45950205034604363], [0.09872460002204625, 0.08241791955288252, 0.4125582091710536, 0.40629927125401755], [0.07351136503545652, 0.23315438516592132, 0.3904461203045969, 0.3028881294940253], [0.28796680557801435, 0.46286578952245294, 0.01390394354662437, 0.2352634613529081], [0.029626930488510488, 0.07834901239788915, 0.05797743835269637, 0.8340466187609037], [0.07421782428300293, 0.4331023074274531, 0.3629735551832629, 0.1297063131062805], [0.10157458787076787, 0.31963769673358206, 0.18542155858177564, 0.3933661568138746], [0.3953521925706282, 0.12248416366906276, 0.1222642586653827, 0.3598993850949263], [0.21152414108721063, 0.3478435019190399, 0.08570270855401409, 0.35492964843973535], [0.5978067756687534, 0.2867295259818548, 0.056161871417521166, 0.059301826931870714], [0.14236074813827007, 0.42729278945635435, 0.16010228866873166, 0.270244173736644], [0.7849313232292208, 0.04106295582224877, 0.08597222729585026, 0.0880334936526804], [0.06798672397467054, 0.28067172734778684, 0.37772832540570866, 0.27361322327183407], [0.354543433468367, 0.22544486444261852, 0.04717521471222976, 0.37283648737678465], [0.026123469299321713, 0.16745405581136075, 0.5496623731560757, 0.2567601017332418], [0.5190546155785954, 0.1119279363811225, 0.016296044634126577, 0.35272140340615543], [0.7958017095104157, 0.014536257404118352, 0.006095998173644484, 0.18356603491182147], [0.13625184172138718, 0.0798283644239662, 0.5448768734378301, 0.2390429204168163], [0.0666770890316039, 0.6189087222669035, 0.19987579743919956, 0.11453839126229273], [0.03704865501177668, 0.8173584864046103, 0.03963329654883974, 0.10595956203477304], [0.2133941700674126, 0.23800806747427464, 0.22789370359233727, 0.3207040588659754], [0.26370909832487704, 0.5454223134313115, 0.12242494780095688, 0.06844364044285425], [0.1900400750567973, 0.6184326797698799, 0.05537699052624789, 0.13615025464707467], [0.5868320685774937, 0.1342236749834436, 0.019000405023588775, 0.2599438514154742], [0.25309328384997365, 0.14827092994824087, 0.13893210885784338, 0.45970367734394213], [0.3332099907037851, 0.07354084846945794, 0.028332925242482137, 0.5649162355842746], [0.2855926422871069, 0.21631950843039055, 0.3351492735263382, 0.16293857575616455], [0.07349254017112418, 0.25156254896433977, 0.2444194650342921, 0.4305254458302441], [0.03345257314459393, 0.0461604421782426, 0.09912674648281203, 0.8212602381943516], [0.9380938098733104, 0.00722091490567287, 0.000804975579301455, 0.05388029964171507], [0.0655180071711863, 0.3316498635395519, 0.33536623417628214, 0.26746589511297936], [0.06044223397740874, 0.03622069560506208, 0.3365605819938525, 0.5667764884236763], [0.5178234460320852, 0.3386007462371221, 0.021912419069786585, 0.12166338866100619], [0.15236001172798097, 0.2169744697746474, 0.34657151155807986, 0.28409400693929177], [0.19002712991430223, 0.14825605180174378, 0.21815977341378062, 0.4435570448701732], [0.40726131920287945, 0.2864440463486725, 0.04276292731703781, 0.2635317071314104], [0.6726995757253396, 0.07275835408526768, 0.05629406905800147, 0.19824800113139096], [0.3709710119892772, 0.3280698106817212, 0.012698927292625159, 0.28826025003637634], [0.2408170197214072, 0.12997226785527885, 0.2635134474241362, 0.36569726499917765], [0.019430841246457563, 0.31539182066083826, 0.5666756925850659, 0.0985016455076383], [0.029518773803655148, 0.06350569292545913, 0.022728219763276613, 0.884247313507609], [0.3717974713075306, 0.3783466144424216, 0.06620106144443608, 0.18365485280561192], [0.10984909270185399, 0.2874448089335783, 0.5458844334217091, 0.05682166494285884], [0.7595730980325893, 0.06833930757946101, 0.0011817857705222917, 0.17090580861742752], [0.17517293552055013, 0.4442919487296832, 0.032886624478147906, 0.3476484912716189], [0.10594351938694162, 0.6694787687343046, 0.13432745879035982, 0.0902502530883939], [0.060592182851623155, 0.15154915894421464, 0.46780490890108267, 0.32005374930307934], [0.1458504797265799, 0.05815880386873621, 0.051121054741017115, 0.7448696616636671], [0.31546010884300646, 0.3927216983451095, 0.022200514483206528, 0.2696176783286775], [0.8040472254593941, 0.016327301298853403, 0.007518294031094687, 0.17210717921065774], [0.23526527024320476, 0.23802891545650404, 0.06806727997067116, 0.45863853432962026], [0.4177009646874894, 0.2300137927178588, 0.19188940219323222, 0.1603958404014198], [0.0021498121605735636, 0.48394182185291146, 0.48347341365603475, 0.030434952330480308], [0.8858270326009337, 0.028132148310578028, 0.00998725108082122, 0.07605356800766742], [0.23096608636384544, 0.2143185488556389, 0.2910792837649201, 0.26363608101559544], [0.1340150562883726, 0.47272892215042145, 0.0860476924212366, 0.30720832913996915], [0.8278928779343178, 0.035600843315685735, 0.009964425494410506, 0.1265418532555859], [0.024665367541700647, 0.27602566436670595, 0.2111067523174327, 0.4882022157741608], [0.5812397406502265, 0.046818483612997064, 0.0049887676878336675, 0.36695300804894243], [0.4184716406330798, 0.02878199692640442, 0.0007922552344858385, 0.5519541072060297], [0.09184936603757472, 0.30683360520016867, 0.04050506221747374, 0.5608119665447826], [0.5575063289489319, 0.31054545877384965, 0.013379244239312789, 0.1185689680379056], [0.1033737789422255, 0.03952620633693073, 0.6683853673399339, 0.1887146473809101], [0.3066685812322612, 0.19374578365997192, 0.09902756262133114, 0.40055807248643605], [0.3085117210365579, 0.03907775929902576, 0.016034113709905082, 0.6363764059545111], [0.035722395839440875, 0.7455656816964292, 0.1281298305755167, 0.09058209188861314], [0.3936386828664391, 0.31420401057591213, 0.1586059155786827, 0.13355139097896637], [0.022381780761922092, 0.5489383664793829, 0.39593916664354073, 0.0327406861151544]]}}