{"test": {"ids": ["100113210", "102110240", "111119340", "112121030", "109117271", "102116340", "110121140", "106113260", "108113620", "99110730", "107114321", "102113350", "109114720", "101115190", "100120010", "110118181", "107114140", "97111790", "104116980", "106113170", "109121351", "100109801", "99119830", "109118161", "113120601", "97106770", "97107821", "111119150", "111119580", "106120290", "106117790", "112119950", "105112240", "110116290", "112117030", "105115250", "102114270", "113119450", "112121010", "98116090", "113120540", "103118291", "101108370", "105121190", "101109000", "109116040", "111117000", "104113550", "110116300", "109117600", "104119290", "108113740", "110115250", "105117200", "111116170", "106116441", "105112260", "110115580", "108121190", "102112250", "110115980", "98109570", "104111830", "113118111", "108115880", "106118820", "112118890", "109118701", "112119930", "107116340", "110113591", "99109141", "101108580", "98107410", "113118231", "112119500", "111121190", "110116170", "110115120", "107114200", "108118810", "113119950", "108118520", "102113981", "113121680", "99111440", "106115250", "107113180", "113122650", "107114280", "99109780", "112116800", "97113900", "112120540", "112119610", "99108890", "106117650", "106119260", "108114220", "111117200", "111116040", "97106970", "101111990", "99108710", "100109330", "108115970", "109121410", "97113260", "110118930", "104118070", "107114490", "99109311", "110121500", "104114230", "100113370", "108120060", "113122220", "108114670", "105115680", "108115500", "99107950", "108114180", "112116290", "104112470", "99105921", "106118520", "103110100", "109118820", "97105760", "106119580", "98110680", "107114621", "101119030", "111118810", "107115140", "101111620", "107115250", "105115900", "98112170", "102112170", "103110840", "105120280"], "labels": [0, 3, 3, 0, 0, 3, 3, 3, 3, 3, 0, 3, 0, 1, 0, 1, 2, 2, 1, 0, 0, 0, 1, 0, 2, 3, 2, 3, 3, 2, 1, 0, 1, 2, 2, 2, 3, 3, 2, 0, 3, 0, 1, 2, 1, 0, 0, 1, 3, 1, 1, 3, 1, 3, 0, 0, 3, 1, 1, 0, 1, 1, 3, 1, 3, 3, 3, 3, 1, 3, 0, 3, 0, 3, 3, 2, 1, 0, 0, 2, 1, 0, 0, 1, 1, 3, 2, 3, 2, 3, 2, 0, 2, 3, 0, 0, 1, 1, 3, 0, 0, 2, 2, 2, 0, 2, 0, 1, 1, 2, 3, 1, 3, 2, 3, 1, 1, 3, 2, 3, 1, 1, 0, 1, 1, 2, 1, 3, 0, 3, 2, 0, 3, 0, 0, 3, 2, 3, 3, 3, 1, 3], "predicted_labels": [3, 1, 1, 0, 3, 1, 1, 1, 1, 3, 3, 3, 1, 1, 1, 1, 1, 3, 1, 1, 1, 1, 1, 1, 1, 0, 0, 3, 0, 1, 1, 3, 1, 3, 3, 3, 1, 0, 1, 1, 0, 1, 0, 1, 3, 3, 3, 0, 1, 0, 3, 3, 3, 1, 1, 1, 3, 0, 1, 3, 1, 3, 3, 3, 1, 3, 1, 3, 1, 1, 1, 1, 0, 3, 1, 1, 3, 3, 1, 3, 1, 3, 3, 1, 1, 1, 1, 3, 1, 1, 1, 1, 1, 1, 1, 1, 1, 0, 3, 3, 0, 1, 3, 3, 1, 3, 1, 3, 1, 1, 3, 1, 0, 1, 3, 1, 3, 1, 1, 3, 1, 3, 3, 3, 0, 1, 1, 1, 1, 1, 1, 1, 1, 0, 3, 0, 1, 1, 1, 0, 1, 1], "confidence_scores": [[0.2931907106614911, 0.23653399292867658, 0.1612838389309077, 0.3089914574789248], [0.25394559330227573, 0.3307234369559284, 0.20075432343769892, 0.21457664630409734], [0.24816903090786177, 0.2891853644470981, 0.20331693227961575, 0.25932867236542473], [0.3346894548987887, 0.23373222950157246, 0.14382363911147555, 0.2877546764881633], [0.23531233745690608, 0.28366187415976374, 0.15764343679474987, 0.3233823515885801], [0.1790610151241152, 0.3204429871337316, 0.2397079657879456, 0.26078803195420763], [0.23951332599613898, 0.3015184451627954, 0.17670306301614772, 0.2822651658249181], [0.31188772840444545, 0.31411900551735444, 0.1667570353207449, 0.2072362307574559], [0.2621343007146419, 0.3314420367233886, 0.15234582681610315, 0.2540778357458667], [0.2228999983321961, 0.26784856855063083, 0.22263814749393557, 0.2866132856232379], [0.19704464589230042, 0.2745980886269779, 0.12852301224270762, 0.39983425323801425], [0.23612923661291416, 0.24692039388244158, 0.24720923808668352, 0.26974113141796136], [0.17676867478975428, 0.3104591959928872, 0.2095331187466274, 0.30323901047073154], [0.19390624618600003, 0.33015012704495983, 0.19970534039309895, 0.2762382863759411], [0.23075926309678632, 0.3113635926074618, 0.22027384039538772, 0.2376033039003645], [0.20847384436486607, 0.3142581494105172, 0.1839017238335491, 0.2933662823910683], [0.21950967339226, 0.3329284380655128, 0.22980245562805526, 0.2177594329141722], [0.23945979556510358, 0.2682803050573686, 0.21555823375391794, 0.2767016656236102], [0.2106998141012409, 0.30541137693288245, 0.22145947711076183, 0.2624293318551151], [0.2461676491661485, 0.35576632291050025, 0.1560813716200987, 0.24198465630325292], [0.2826834395048716, 0.28529953171127553, 0.14750552835565847, 0.2845115004281947], [0.2524998544744408, 0.3340549640446948, 0.1733997513022251, 0.24004543017863966], [0.18576049526983046, 0.33261171357955377, 0.24298649132889133, 0.23864129982172455], [0.28367577453930315, 0.28444334269485094, 0.1757778295045911, 0.25610305326125515], [0.2008316760729624, 0.31661867951909595, 0.17048768585250765, 0.31206195855543417], [0.2799632042617478, 0.2427037094582775, 0.25671452797085104, 0.22061855830912414], [0.2874700318891528, 0.254606401556962, 0.21024377060354196, 0.24767979595034378], [0.24106094919220575, 0.28018568534891575, 0.1705729085143446, 0.3081804569445344], [0.29023647465962443, 0.273380528435659, 0.184738974771433, 0.25164402213328396], [0.26426120830375094, 0.2886664188419653, 0.19475446731287951, 0.25231790554140465], [0.24449563257102683, 0.3134558109969929, 0.24057709423499657, 0.2014714621969844], [0.28596560337597976, 0.27089536516815726, 0.14233307840793397, 0.30080595304792923], [0.25747771951967324, 0.3184720767260969, 0.17492581406194613, 0.24912438969228376], [0.19338660142942402, 0.25402188167773365, 0.22995891736535662, 0.32263259952748624], [0.21784052672991408, 0.28402259413261305, 0.17723855476346745, 0.3208983243740058], [0.27050310128036786, 0.2697579798962148, 0.17693548177940877, 0.282803437044009], [0.27149841436912997, 0.31154571993387986, 0.158929288915382, 0.25802657678160823], [0.3343255415843663, 0.2629206761078338, 0.15383131299357286, 0.24892246931422715], [0.20739720635070116, 0.31334615521248466, 0.19769536311323468, 0.28156127532357983], [0.23227875676036053, 0.26769103839580355, 0.2622673007177167, 0.2377629041261196], [0.34965009514474615, 0.22974018239332167, 0.15902061299576092, 0.26158910946617153], [0.23640239863373683, 0.3055460517535863, 0.20800655756723613, 0.2500449920454413], [0.3399869651717499, 0.23792149534761814, 0.17393632730889846, 0.24815521217173372], [0.1998772579390321, 0.31747059084144486, 0.2136497258352627, 0.2690024253842603], [0.18835011139847735, 0.27204788150186876, 0.2190562585371184, 0.320545748562536], [0.21329027307791, 0.253275893140464, 0.2533495255031277, 0.28008430827849856], [0.2226668104868647, 0.2879208707954222, 0.19960444342550288, 0.2898078752922102], [0.29637797202967575, 0.2506932315871062, 0.2026955631150637, 0.25023323326815433], [0.25174602621139636, 0.29104595583713055, 0.18630379886105375, 0.27090421909041973], [0.3026940106852746, 0.26995369406520725, 0.17804802569783218, 0.24930426955168652], [0.20151246637153233, 0.29861602224284006, 0.19440577654218535, 0.3054657348434424], [0.2607844636563767, 0.2578026564011425, 0.18865777334940986, 0.29275510659307113], [0.20062764186291224, 0.3047658764013554, 0.18186022309560929, 0.3127462586401232], [0.2421207349767447, 0.2987301352660282, 0.19947388940507857, 0.2596752403521488], [0.21965179117341688, 0.3238948175209962, 0.15422049338911717, 0.30223289791646957], [0.22986672480054798, 0.35936682777417067, 0.15290535296717908, 0.25786109445810246], [0.2453564275167247, 0.28129155705582215, 0.1604943936247845, 0.31285762180266896], [0.28583010591559127, 0.28284130312263955, 0.19326691818587027, 0.23806167277589915], [0.24666929841797283, 0.3188139546474609, 0.1721201421870335, 0.26239660474753307], [0.26065342036710304, 0.25791673047334907, 0.20634488182563748, 0.2750849673339111], [0.2506077878035212, 0.32305967134169017, 0.15719319608241247, 0.26913934477237617], [0.2327772282108966, 0.23156758520920762, 0.1340326443417042, 0.4016225422381918], [0.20660180247707952, 0.2875463996863962, 0.1938522325815581, 0.3119995652549663], [0.2548228440316052, 0.2593368733807422, 0.16540809157653344, 0.3204321910111198], [0.24297397103855237, 0.3096428073673859, 0.19370525997826762, 0.2536779616157942], [0.2239062702665929, 0.2832186453479399, 0.16793786486922724, 0.32493721951624044], [0.234173598769349, 0.32369161812605124, 0.15375546843712026, 0.2883793146674796], [0.22267987369011086, 0.2798197041263841, 0.16676097118010708, 0.3307394510033984], [0.21274318363279973, 0.3265396105106566, 0.1778746743318787, 0.2828425315246653], [0.22818861157368095, 0.2865816407415497, 0.20886443190701043, 0.27636531577775925], [0.2795752819218943, 0.28699446221684277, 0.1571951159402469, 0.2762351399210162], [0.23616686571130585, 0.28265485801669754, 0.21177294512868183, 0.269405331143315], [0.26868423394722507, 0.2055517034173049, 0.25731937257271054, 0.26844469006275984], [0.26367816033622365, 0.25755485648066845, 0.20568392867303775, 0.2730830545100704], [0.2362268813431488, 0.34541510338084874, 0.17043317039943418, 0.2479248448765683], [0.16607555544266875, 0.3931701326573231, 0.1925438127998404, 0.24821049910016746], [0.2586125959878654, 0.24970356717198355, 0.19877858754100572, 0.29290524929914563], [0.2316440405821207, 0.2745312681871752, 0.1893560266197938, 0.3044686646109104], [0.24255635654099755, 0.3139599633259838, 0.17520438871384073, 0.2682792914191785], [0.2496490472223765, 0.26147233270948655, 0.15259659350156463, 0.3362820265665724], [0.2404547078827439, 0.30566675858690395, 0.16158988666409646, 0.29228864686625633], [0.2472433013438751, 0.2807024291441353, 0.19073293031657085, 0.28132133919541896], [0.23199833179313434, 0.2747624885717472, 0.2115729490276706, 0.28166623060744833], [0.2762737984124944, 0.3119987830064425, 0.19312464703667803, 0.21860277154438548], [0.20948697480269715, 0.3082487669802391, 0.18363798566212586, 0.29862627255493807], [0.23306261818821536, 0.28900823474870757, 0.21094915399463904, 0.2669799930684383], [0.20662741305647073, 0.33048714727356393, 0.18841647706446252, 0.27446896260550324], [0.20642037403058894, 0.2714284162800513, 0.24150120508232864, 0.2806500046070316], [0.230986074521301, 0.2770627570519286, 0.2203023881471202, 0.2716487802796503], [0.264463667959928, 0.32680886724383656, 0.16060842078282075, 0.24811904401341503], [0.21948521885341535, 0.3287248892398816, 0.2253947072790391, 0.22639518462766425], [0.218811860467202, 0.31240057545793576, 0.1916251581891753, 0.277162405885687], [0.23235316024104916, 0.276956620399729, 0.22760000831668967, 0.2630902110425327], [0.273271922851505, 0.31277959114133336, 0.1531734871555085, 0.2607749988516533], [0.22715801207703823, 0.32351048969546853, 0.17159540099340284, 0.27773609723409043], [0.23077786080816623, 0.31932783950153215, 0.20437111687154835, 0.24552318281875352], [0.2574633318956948, 0.30161344188055356, 0.18729827322628828, 0.2536249529974638], [0.29099336501004147, 0.2769055431004866, 0.20329214313410793, 0.22880894875536434], [0.22278110212176472, 0.26279335384490465, 0.23727164924256322, 0.2771538947907678], [0.23296576053614443, 0.275544776972392, 0.19800591327912406, 0.29348354921233993], [0.2991773769088077, 0.23888950212065846, 0.19312622838818452, 0.26880689258234947], [0.2096149117567103, 0.2809330070571049, 0.23338008568996052, 0.27607199549622446], [0.21380070345398552, 0.28716476847621564, 0.18886800583990568, 0.31016652222989377], [0.18215789424370474, 0.2870962886692256, 0.2351480681526582, 0.29559774893441143], [0.24650045770278217, 0.32959398956119, 0.1918251908504491, 0.23208036188557865], [0.21719953755385732, 0.2798016125206396, 0.19702696912201076, 0.3059718808034926], [0.23339493420669286, 0.3042472766439817, 0.19509186301416614, 0.26726592613515965], [0.21761205487912116, 0.23663579819155098, 0.2408726850530882, 0.3048794618762401], [0.21389229202556492, 0.3240891244633908, 0.1993503241248016, 0.26266825938624305], [0.20206495926020865, 0.3643844321075315, 0.22914034884057252, 0.2044102597916872], [0.19521231543521142, 0.2778464769765529, 0.14380177783736744, 0.3831394297508685], [0.18606379375141552, 0.29147665567567654, 0.2601526441745654, 0.26230690639834287], [0.3075889090251956, 0.27078352821332163, 0.1808423514032107, 0.24078521135827222], [0.212534430690142, 0.3115201945913376, 0.21051458436187656, 0.2654307903566441], [0.19973964884593973, 0.26269492411020684, 0.2567122599590767, 0.2808531670847771], [0.21999442483275927, 0.3179319332875681, 0.2639725875689288, 0.19810105431074415], [0.22022685462159516, 0.26143650350739905, 0.22178677333244354, 0.2965498685385627], [0.2671512319620724, 0.3419146698034994, 0.18321987717351376, 0.20771422106091478], [0.22838794711151772, 0.35716410692434, 0.19854230426258604, 0.21590564170155657], [0.2330683939931145, 0.28703714566834126, 0.179877304265629, 0.3000171560729154], [0.17816778689631235, 0.3195573018011513, 0.25990966990016134, 0.24236524140237517], [0.21264826142072626, 0.282902655718767, 0.15066079851716396, 0.353788284343343], [0.2602835455697526, 0.2663752698115546, 0.1930232897875193, 0.28031789483117375], [0.22930552964184858, 0.25323690808509486, 0.20170719839367374, 0.3157503638793834], [0.289751504412452, 0.24774254971855314, 0.18715931105552924, 0.27534663481346633], [0.2524977614231542, 0.33479864291343936, 0.17403609715174856, 0.23866749851165794], [0.236441571073811, 0.2626195997567471, 0.2405776097487327, 0.26036121942070967], [0.22190599068958203, 0.29383828603632767, 0.22477757650501964, 0.25947814676907094], [0.2689233973348782, 0.2828774683409273, 0.22456793585488158, 0.2236311984693136], [0.22990219576978307, 0.3072957486369176, 0.2070943686054947, 0.2557076869878048], [0.2397364426854164, 0.2725566696342925, 0.26144966576697415, 0.22625722191331718], [0.20229601118641755, 0.3134680604416192, 0.19140339523854022, 0.2928325331334234], [0.2808998480019206, 0.28308103693423114, 0.18101554428186545, 0.2550035707819831], [0.31424279636222274, 0.24450342423243437, 0.1595608850866887, 0.28169289431865435], [0.2628207301898876, 0.2349602022673076, 0.20058698565951988, 0.3016320818832849], [0.28673368625279927, 0.26574590401046305, 0.19743496092940627, 0.2500854488073321], [0.21181782723098103, 0.30011666342762683, 0.25706064241042653, 0.23100486693096595], [0.20698347964607589, 0.289508160152115, 0.2284597614885358, 0.2750485987132737], [0.24584857826120737, 0.31116581977305274, 0.1915725689608092, 0.2514130330049308], [0.2810489861432473, 0.24645027480319953, 0.21534510605258794, 0.25715563300096544], [0.25625752207257085, 0.2962308520678615, 0.19955376792762208, 0.2479578579319453], [0.1937421272953821, 0.2900553049872464, 0.254415841094646, 0.261786726622726]]}, "rewritten": {"ids": ["97105760", "97106770", "97106970", "97107821", "97111790", "97113260", "97113900", "98107410", "98109570", "98110680", "98112170", "98116090", "99105921", "99107950", "99108710", "99108890", "99109141", "99109311", "99109780", "99110730", "99111440", "99119830", "100109330", "100109801", "100113210", "100113370", "100120010", "101108370", "101108580", "101109000", "101111620", "101111990", "101115190", "101119030", "102110240", "102112170", "102112250", "102113350", "102113981", "102114270", "102116340", "103110100", "103110840", "103118291", "104111830", "104112470", "104113550", "104114230", "104116980", "104118070", "104119290", "105112240", "105112260", "105115250", "105115680", "105115900", "105117200", "105120280", "105121190", "106113170", "106113260", "106115250", "106116441", "106117650", "106117790", "106118520", "106118820", "106119260", "106119580", "106120290", "107113180", "107114140", "107114200", "107114280", "107114321", "107114490", "107114621", "107115140", "107115250", "107116340", "108113620", "108113740", "108114180", "108114220", "108114670", "108115500", "108115880", "108115970", "108118520", "108118810", "108120060", "108121190", "109114720", "109116040", "109117271", "109117600", "109118161", "109118701", "109118820", "109121351", "109121410", "110113591", "110115120", "110115250", "110115580", "110115980", "110116170", "110116290", "110116300", "110118181", "110118930", "110121140", "110121500", "111116040", "111116170", "111117000", "111117200", "111118810", "111119150", "111119340", "111119580", "111121190", "112116290", "112116800", "112117030", "112118890", "112119500", "112119610", "112119930", "112119950", "112120540", "112121010", "112121030", "113118111", "113118231", "113119450", "113119950", "113120540", "113120601", "113121680", "113122220", "113122650"], "labels": [0, 3, 2, 2, 2, 1, 2, 3, 1, 2, 3, 0, 1, 1, 2, 0, 3, 1, 2, 3, 3, 1, 0, 0, 0, 3, 0, 1, 0, 1, 3, 2, 1, 3, 3, 3, 0, 3, 1, 3, 3, 1, 1, 0, 3, 1, 1, 2, 1, 2, 1, 1, 3, 2, 2, 3, 3, 3, 2, 0, 3, 2, 0, 1, 1, 2, 3, 1, 3, 2, 3, 2, 2, 3, 0, 3, 0, 0, 2, 3, 3, 3, 1, 3, 3, 3, 3, 2, 0, 1, 1, 1, 0, 0, 0, 1, 0, 3, 3, 0, 0, 0, 0, 1, 1, 1, 0, 2, 3, 1, 1, 3, 3, 0, 0, 0, 0, 0, 3, 3, 3, 1, 0, 0, 2, 3, 2, 0, 1, 0, 3, 2, 0, 1, 3, 3, 0, 3, 2, 1, 1, 2], "predicted_labels": [3, 0, 1, 0, 3, 3, 3, 3, 3, 3, 1, 3, 3, 1, 1, 1, 0, 1, 1, 3, 0, 1, 3, 1, 3, 3, 1, 0, 3, 3, 0, 3, 1, 0, 1, 3, 0, 3, 3, 1, 1, 0, 0, 1, 3, 0, 0, 1, 1, 1, 3, 1, 1, 1, 1, 1, 1, 3, 1, 1, 0, 1, 1, 1, 0, 3, 3, 3, 0, 1, 2, 1, 3, 3, 3, 3, 3, 3, 0, 3, 1, 0, 3, 3, 1, 3, 3, 3, 0, 3, 1, 1, 3, 3, 3, 0, 1, 3, 3, 3, 3, 3, 1, 0, 0, 3, 3, 3, 3, 1, 1, 3, 0, 3, 3, 3, 3, 0, 3, 0, 1, 3, 1, 1, 3, 3, 1, 1, 1, 3, 3, 3, 0, 3, 0, 0, 3, 0, 1, 3, 3, 3], "confidence_scores": [[0.25405004140002374, 0.23443957964230056, 0.18151456208598862, 0.32999581687168716], [0.29864888212734364, 0.2582563925923646, 0.24653381220810522, 0.19656091307218665], [0.2465312481459931, 0.278021439473592, 0.20357727192599742, 0.271870040454418], [0.28745415508446304, 0.2551691990411997, 0.20183117507969292, 0.25554547079464474], [0.26743155474698804, 0.25442741185445195, 0.16140728824026526, 0.3167337451582952], [0.23817761789872802, 0.24537198417881562, 0.1962843786050111, 0.3201660193174453], [0.2715808821323629, 0.22774501531822022, 0.21341000602892363, 0.28726409652049334], [0.2829093579725335, 0.2556235417618611, 0.1704781822613368, 0.29098891800426857], [0.2722385497917853, 0.22028221564470912, 0.1691766537402473, 0.33830258082325854], [0.233033729026744, 0.2479530039901044, 0.2533681257708523, 0.26564514121229926], [0.23177100166984696, 0.2989215789860243, 0.18973585519481118, 0.2795715641493175], [0.22660927764604416, 0.24506101709017197, 0.22539309335158933, 0.3029366119121949], [0.2781939457709781, 0.27554045899590973, 0.15595547378457403, 0.2903101214485383], [0.18165200715493418, 0.29373729524943176, 0.28381411485319624, 0.2407965827424381], [0.23004275527763954, 0.30079410856268773, 0.2048644735371804, 0.2642986626224923], [0.24087626985482624, 0.3133300006232491, 0.16921728673045855, 0.27657644279146615], [0.2776252575900202, 0.24665622223532035, 0.21422440598757173, 0.2614941141870881], [0.22871422900073363, 0.2853086418891962, 0.23360238451419088, 0.25237474459587944], [0.2311131973940713, 0.30741005339366734, 0.22530120264039216, 0.23617554657186932], [0.21545125484360886, 0.23858439962659783, 0.2206506957429817, 0.3253136497868119], [0.27601080855776383, 0.26119471656517784, 0.1990868808562572, 0.26370759402080135], [0.2580841267260699, 0.2871793492187186, 0.20893711446210775, 0.24579940959310395], [0.2314946959333461, 0.2550308956494986, 0.2332137813838283, 0.2802606270333273], [0.2726385299840363, 0.2899763069837923, 0.1795779904436354, 0.25780717258853664], [0.2722470754099968, 0.23347635291598348, 0.1814823864997644, 0.31279418517425533], [0.20043762617881647, 0.2676874437455437, 0.26115156730848266, 0.2707233627671576], [0.24059504424715936, 0.30585468385281833, 0.20616102621057972, 0.24738924568944315], [0.3274384422252154, 0.23834452107856544, 0.15856315218466538, 0.27565388451155404], [0.26386394923035505, 0.19938376730611862, 0.25254366904846304, 0.2842086144150633], [0.22637018272503268, 0.2557478629778025, 0.22344130674830495, 0.29444064754886007], [0.29911663533767996, 0.2326389488754683, 0.2122176289341852, 0.2560267868526668], [0.22481145003274808, 0.25679482291664546, 0.21411089167342534, 0.3042828353771815], [0.21274290954255848, 0.29248394981098397, 0.20608264923704625, 0.2886904914094117], [0.29718663848793253, 0.2354286996795274, 0.19156097955856483, 0.2758236822739754], [0.25556554713912577, 0.29278332251343075, 0.21959499954212314, 0.23205613080532092], [0.2822664185418912, 0.19550356235350347, 0.22182606022378631, 0.3004039588808193], [0.2899171692633938, 0.2404950532670412, 0.21795910434922997, 0.2516286731203353], [0.2696896905048974, 0.22275929219445278, 0.21900305069890533, 0.28854796660174464], [0.2745843152412806, 0.2531231998603097, 0.16372202493809987, 0.30857045996031013], [0.2925602448279342, 0.30712600186385963, 0.15601037001347332, 0.24430338329473342], [0.21840072623871593, 0.3033563119516184, 0.20846572986856954, 0.26977723194109665], [0.29064881965582434, 0.24042988173019114, 0.21573937317370812, 0.25318192544027684], [0.2972940287406947, 0.24751694693432832, 0.19920463888719753, 0.2559843854377796], [0.24430001754438513, 0.2885984653322145, 0.18607061825397556, 0.2810308988694253], [0.26277893333395974, 0.24943087477617598, 0.18953485794655728, 0.2982553339433074], [0.2969815427827277, 0.2558858931325992, 0.17016145950470468, 0.2769711045799688], [0.28753829878212145, 0.2506067915631148, 0.19244133368138525, 0.2694135759733787], [0.2442519987665, 0.290338759631538, 0.20914400101990732, 0.25626524058205497], [0.2193332260926093, 0.3009054957756989, 0.19371585511704661, 0.28604542301464503], [0.23792861211594127, 0.27290457257978706, 0.2311450282626219, 0.2580217870416501], [0.1910430957897108, 0.280762673827929, 0.1733323654684792, 0.3548618649138815], [0.27744568950647347, 0.2906998615389687, 0.18448486915484638, 0.24736957979971158], [0.25829446595211875, 0.2901790461332154, 0.17554840685767428, 0.27597808105699184], [0.2717233544177382, 0.29652838361591743, 0.16995111334493665, 0.2617971486214085], [0.20283677988398738, 0.33396878345363573, 0.20506610094128894, 0.25812833572108823], [0.2309656171449095, 0.26732526375900145, 0.23442417319118045, 0.267284945904909], [0.22629859794973495, 0.30593311216724745, 0.18883293658288167, 0.27893535330013647], [0.2181513402403998, 0.2694918782635055, 0.21657082181586612, 0.2957859596802291], [0.23780032959746275, 0.29626853984325624, 0.2065404898711976, 0.2593906406880836], [0.2618535757518912, 0.29430246446752967, 0.19010248686652098, 0.2537414729140588], [0.312189613738253, 0.2756790775188852, 0.17514748775061306, 0.23698382099224907], [0.23121956174435193, 0.29086018423513244, 0.22331018810818123, 0.25461006591233454], [0.26456606238968583, 0.3139745698227297, 0.16991757661774426, 0.25154179116984066], [0.2552946715138182, 0.28544759302563383, 0.18286791992267476, 0.2763898155378733], [0.27201536272084964, 0.2564472083304, 0.25522476563592333, 0.21631266331282742], [0.27424789690960677, 0.27099672260176205, 0.18004118980991857, 0.2747141906787127], [0.2742478577101139, 0.2617424802430338, 0.17442149142292648, 0.28958817062392633], [0.26871821428407694, 0.265138764199141, 0.18759404350248784, 0.2785489780142944], [0.2908886599995052, 0.24434204804937576, 0.17706773727572017, 0.2877015546753988], [0.2599081275426587, 0.268802461641018, 0.2216091125672936, 0.24968029824902974], [0.2535510601826999, 0.2399566555545304, 0.26109613798134096, 0.24539614628142925], [0.22601151173434983, 0.3282119340080163, 0.2242495041682823, 0.2215270500893519], [0.24582254345862328, 0.2379806010697281, 0.18039860770070348, 0.3357982477709457], [0.26468507323865487, 0.25830428978310965, 0.1971815404000571, 0.27982909657817884], [0.26744714911806816, 0.22873846332581335, 0.1623798126293243, 0.34143457492679424], [0.21327364981686975, 0.26511823548028923, 0.157760096086246, 0.3638480186165954], [0.23542747371615455, 0.26241882166278413, 0.17008125886092904, 0.3320724457601327], [0.27039266059855543, 0.23630055987552329, 0.1911612647744088, 0.3021455147515127], [0.28645257255580703, 0.2553366517000637, 0.21916037158625284, 0.23905040415787696], [0.2327051723110125, 0.2780682213700258, 0.18497438355037502, 0.304252222768587], [0.24509340137436433, 0.294483670142273, 0.19307869746673006, 0.2673442310166328], [0.291868297296527, 0.24153302121311257, 0.1929164687015517, 0.27368221278880867], [0.21481359923611879, 0.2760962788257041, 0.16833446918073364, 0.3407556527574441], [0.26724376546874407, 0.23562842054488378, 0.22647434877663375, 0.2706534652097385], [0.2705532558506094, 0.2760354133194648, 0.21016910276912848, 0.2432422280607981], [0.2201337083537232, 0.2762244079720397, 0.20437849113629308, 0.29926339253794426], [0.23698502092911525, 0.277224102825112, 0.20260580645723664, 0.2831850697885361], [0.2608229301284327, 0.25623031430780446, 0.2086649215515057, 0.27428183401225775], [0.27020864008968604, 0.25948995940708475, 0.21027089537289148, 0.26003050513033815], [0.23289698292414265, 0.282168106211246, 0.1984488727106314, 0.2864860381539804], [0.2359766773265081, 0.29803339859857714, 0.2485093601452183, 0.2174805639296968], [0.2519648845204378, 0.2895343514330498, 0.1819662616789959, 0.27653450236751675], [0.19702538288821483, 0.2657125326210559, 0.2336872419199067, 0.30357484257082273], [0.22923183869072067, 0.25310053044409037, 0.25536475423397453, 0.26230287663121477], [0.2295637127872932, 0.2883577730172653, 0.18698922272114896, 0.2950892914742926], [0.2886777170257568, 0.2653026912644684, 0.19210958612735127, 0.2539100055824237], [0.26413221336093307, 0.2960851716444926, 0.15836831730013493, 0.2814142976944396], [0.2835291198243699, 0.23312166070880921, 0.16303226050811057, 0.32031695895871054], [0.26765096794566196, 0.26069382254294887, 0.18608281722593661, 0.28557239228545295], [0.2825313198802106, 0.26016284618959457, 0.16833857191340568, 0.2889672620167894], [0.2599609397804719, 0.25996366244444646, 0.19909918135173893, 0.28097621642334336], [0.2752953569751835, 0.23941335735850447, 0.1758435095236504, 0.30944777614266156], [0.24048970032367958, 0.2983308788107785, 0.17269373968807605, 0.28848568117746626], [0.2908092175222195, 0.2452749101629426, 0.19983490167370954, 0.2640809706411285], [0.3111235393383196, 0.21729371888093324, 0.19405761930191218, 0.27752512247883526], [0.23239815650866918, 0.27637106927063704, 0.19363701856813031, 0.2975937556525636], [0.24234641087610742, 0.253479276212389, 0.18307003978952252, 0.3211042731219812], [0.23728275889430175, 0.23995444735028348, 0.23395645732537065, 0.28880633643004444], [0.2731142275221919, 0.23738343140581197, 0.20566912628858505, 0.28383321478341134], [0.25415052720509046, 0.2970791238029033, 0.15975616911895885, 0.2890141798730472], [0.23442176261022257, 0.3035510769938233, 0.19867230553886508, 0.2633548548570895], [0.2442091775525051, 0.25930232177011675, 0.22924385632675087, 0.26724464435062745], [0.29161525192437204, 0.24603414335597593, 0.1862317937319915, 0.2761188109876608], [0.28398516845433336, 0.20964354192466159, 0.17753121328162103, 0.3288400763393845], [0.238121221032204, 0.2902308794662131, 0.16466866738958744, 0.30697923211199585], [0.24341299441985648, 0.25574717866346214, 0.23871151603598606, 0.2621283108806957], [0.27353948779559584, 0.24244390504442162, 0.1872876357832037, 0.296728971376779], [0.3491077972847958, 0.25683303317008005, 0.13565143036100752, 0.25840773918411714], [0.25544543887164867, 0.25252235487176095, 0.17931650107467845, 0.3127157051819121], [0.2869172250471952, 0.24026368994634517, 0.1931497201085448, 0.27966936489791516], [0.2737113605912842, 0.29031762045540177, 0.18972528355450258, 0.24624573539881187], [0.23978517820703868, 0.25634352636895585, 0.18213265636194675, 0.32173863906205896], [0.2552553602294101, 0.27608951296700357, 0.20937401888994864, 0.2592811079136381], [0.230772308622827, 0.29642472615010385, 0.19328215136650917, 0.2795208138605602], [0.2812041634244784, 0.24070521245493245, 0.1936014265896009, 0.2844891975309882], [0.2784602884971712, 0.2516386460023526, 0.17724178458174714, 0.2926592809187293], [0.22166599502448678, 0.3051102804231712, 0.18768402510556384, 0.28553969944677854], [0.27154160672143446, 0.29954075443604533, 0.17794160534575476, 0.25097603349676556], [0.2398073534368775, 0.3026469308660004, 0.18900332113547327, 0.26854239456164897], [0.3087644612527797, 0.23286996044107539, 0.14935152197143695, 0.30901405633470813], [0.27863110309773087, 0.2459285361322625, 0.17828417689633005, 0.29715618387367654], [0.2516683296646002, 0.26079869764767744, 0.18018041073626154, 0.30735256195146093], [0.3231678754839581, 0.2203141985592279, 0.1794018457345991, 0.2771160802222146], [0.28144649294183355, 0.24918956077019871, 0.16145188324858795, 0.3079120630393802], [0.28329691230865317, 0.2808614251337101, 0.19283490159844224, 0.24300676095919418], [0.34424426926211593, 0.22483210182057403, 0.17134366636098475, 0.25957996255632565], [0.2940450851123661, 0.22280487544647803, 0.1610509602138175, 0.3220990792273383], [0.37662828622282796, 0.21450719869944626, 0.16732083454587238, 0.24154368053185363], [0.24383982657906203, 0.2702102965201976, 0.21812266321164003, 0.26782721368910073], [0.23388196919745277, 0.2802995256775761, 0.1994664043498721, 0.28635210077509937], [0.21253526549362728, 0.25873741284963947, 0.2216567674788337, 0.3070705541778997], [0.23418601113360246, 0.27649765258476905, 0.20187788093616424, 0.2874384553454643]]}}