{"test": {"ids": ["105113440", "101110150", "103111480", "99112300", "110117080", "112116990", "108115500", "99107300", "113122320", "113119480", "110121170", "98119591", "111120280", "108117610", "110114321", "102110690", "97116500", "106113190", "98110680", "106118820", "105121370", "97112830", "101108950", "105112240", "112119930", "107113360", "101116130", "99114890", "99110050", "101109120", "112116640", "109116750", "102110750", "99109141", "107112840", "101109370", "103113101", "99119830", "107113550", "108114670", "103112641", "113121750", "108119510", "106113830", "107113260", "112116810", "104113210", "107118120", "109117630", "111117000", "102112250", "99111340", "106115250", "103113270", "98120530", "98107210", "108118291", "103111110", "112121030", "111116290", "111116750", "111115620", "112118880", "105114220", "100111620", "112118701", "113121810", "110120700", "110115580", "105116090", "98107010", "105113620", "107120130", "104113380", "110116170", "108117360", "109117271", "112119450", "105117200", "111117571", "104111990", "111115780", "108116501", "100108080", "107118820", "105117351", "98111231", "107121700", "105118171", "111119950", "97109080", "99109311", "112118421", "110120190", "100109330", "108121410", "111116170", "105113210", "97105960", "113117550", "108113760", "102113981", "103111830", "110118880", "105113480", "98110710", "101108290", "110118121", "100113370", "101108080", "109118161", "97112170", "100108990", "98107340", "97113900", "113121410", "110121450", "101111140", "111120531", "101119030", "101109000", "100113210", "106116370", "111118820", "113118490", "109121351", "113118820", "100108490", "109116040", "104109311", "102112301", "112118511", "113121220", "97114170", "98108150", "110118630", "111116640", "111120540", "109121410", "99116500", "112117210", "97107260"], "labels": [0, 1, 0, 0, 1, 0, 3, 3, 1, 3, 2, 1, 0, 3, 1, 0, 2, 0, 2, 3, 2, 2, 2, 1, 1, 0, 2, 2, 3, 1, 0, 0, 1, 3, 1, 1, 3, 1, 0, 3, 3, 0, 1, 1, 0, 3, 3, 3, 0, 0, 0, 1, 2, 2, 1, 1, 3, 3, 0, 2, 3, 1, 1, 3, 3, 0, 2, 2, 1, 1, 3, 0, 2, 1, 0, 1, 0, 3, 3, 3, 2, 1, 0, 0, 3, 0, 1, 3, 3, 0, 2, 1, 3, 3, 0, 0, 0, 3, 2, 3, 1, 1, 3, 0, 0, 2, 0, 3, 3, 0, 0, 0, 2, 0, 2, 0, 3, 2, 0, 3, 1, 0, 2, 0, 1, 0, 0, 2, 0, 3, 1, 1, 3, 2, 0, 1, 0, 1, 0, 2, 1, 2], "predicted_labels": [0, 1, 3, 0, 3, 0, 0, 1, 3, 3, 0, 1, 1, 3, 1, 1, 3, 3, 2, 0, 3, 0, 1, 1, 3, 3, 2, 1, 0, 1, 3, 1, 1, 1, 1, 3, 0, 1, 1, 2, 3, 3, 0, 2, 1, 1, 1, 3, 3, 2, 1, 2, 1, 1, 1, 3, 0, 1, 2, 2, 3, 3, 0, 0, 2, 3, 2, 2, 3, 0, 1, 3, 1, 1, 3, 3, 1, 0, 2, 0, 1, 1, 3, 3, 1, 1, 0, 2, 3, 1, 1, 1, 0, 1, 2, 1, 1, 3, 0, 2, 0, 1, 1, 0, 1, 1, 3, 1, 3, 1, 3, 0, 1, 3, 3, 3, 1, 3, 3, 1, 3, 0, 0, 0, 3, 3, 0, 1, 3, 0, 0, 2, 3, 3, 2, 3, 1, 0, 1, 2, 1, 2], "confidence_scores": [[0.4217774558680896, 0.28806371780463236, 0.13594448164670617, 0.15421434468057194], [0.13207068681238804, 0.43126982303276906, 0.10309065944224764, 0.33356883071259513], [0.19265972258848374, 0.27124101466638145, 0.12179090114578885, 0.41430836159934586], [0.43157321157377815, 0.1685743459004296, 0.2682107098585876, 0.13164173266720455], [0.1025165798747187, 0.16701405989682286, 0.08384301635462803, 0.6466263438738303], [0.406280170892523, 0.2049078539892346, 0.1874806709366288, 0.20133130418161366], [0.4132852129811813, 0.2323436827346423, 0.11719128608873061, 0.23717981819544587], [0.08835284041157952, 0.5980608129050032, 0.10381367210229922, 0.20977267458111815], [0.18510345507679582, 0.315430659523899, 0.14180153682061622, 0.3576643485786891], [0.31189785204985415, 0.16276232085548026, 0.15464960425738414, 0.3706902228372817], [0.3300843758750356, 0.21600423532168056, 0.2941487966642121, 0.159762592139072], [0.1815995799605165, 0.3002883411358733, 0.24544729796109185, 0.2726647809425184], [0.2598815003213497, 0.4088818257624339, 0.0993002403630439, 0.23193643355317248], [0.10141756956496882, 0.168704997062164, 0.1692309723096479, 0.5606464610632194], [0.2548802713467107, 0.44969470506401676, 0.16777439751167547, 0.12765062607759697], [0.3844143711665376, 0.45520321603460767, 0.03935984813476115, 0.12102256466409358], [0.18416813775790272, 0.081792124131504, 0.26653508104635193, 0.46750465706424155], [0.2373112527914736, 0.2762730779468198, 0.18606919576726896, 0.30034647349443766], [0.2352835837013061, 0.333689817666958, 0.34078230532043535, 0.09024429331130074], [0.5207867219092132, 0.10291354213883641, 0.13810570421137966, 0.23819403174057074], [0.03471937706384331, 0.07273970014337056, 0.11099607465011288, 0.7815448481426732], [0.48700429991620314, 0.1573375095618107, 0.13132973083065763, 0.22432845969132847], [0.13364419951061962, 0.35732244536658714, 0.18546315554912465, 0.3235701995736686], [0.3427904328324169, 0.3986859287450177, 0.05736467252320013, 0.20115896589936533], [0.16096073959668214, 0.26489140959231433, 0.24058993224764372, 0.33355791856335976], [0.14068231887712998, 0.22401971538105644, 0.2073991704769007, 0.42789879526491276], [0.23841358715880873, 0.27266774383108516, 0.30373040455817985, 0.18518826445192638], [0.09281958639494042, 0.5655848107411511, 0.19194765048010942, 0.14964795238379897], [0.5562517126391882, 0.19056098726278112, 0.118585239738659, 0.13460206035937186], [0.2275233561088613, 0.4427079933552176, 0.1644051406560032, 0.1653635098799179], [0.0731658350822388, 0.32647784562726595, 0.1668186772526251, 0.43353764203786993], [0.19865135523580763, 0.3813918593156075, 0.21723620790930878, 0.20272057753927616], [0.31090038966801453, 0.38827299127524784, 0.21789395415181276, 0.08293266490492501], [0.19883414392096244, 0.556809576961511, 0.09549879557043839, 0.14885748354708836], [0.2809475316485899, 0.504736097690447, 0.10886532848759942, 0.1054510421733637], [0.1278525687558132, 0.15563680251424272, 0.23453799241042944, 0.4819726363195147], [0.530121991868344, 0.13660714990196232, 0.15943963546414733, 0.17383122276554633], [0.17014668654722684, 0.35780392614367623, 0.1280656223171372, 0.3439837649919598], [0.1425836681335641, 0.380023356626679, 0.267664030543992, 0.20972894469576492], [0.12204998729447279, 0.34616498936918305, 0.4001260214971208, 0.1316590018392234], [0.14395397289681644, 0.1774332795357428, 0.23200451759336296, 0.44660822997407773], [0.20775956392197414, 0.3116411349204687, 0.1460563211588044, 0.3345429799987527], [0.5078868081695237, 0.19652353844132803, 0.1359165149127197, 0.15967313847642875], [0.12878135053292042, 0.14067546981651652, 0.48154873223296213, 0.24899444741760102], [0.09390538900117475, 0.36633126566906027, 0.27987821786474165, 0.2598851274650234], [0.22626476848263152, 0.2996404058368722, 0.285987014075838, 0.18810781160465825], [0.10461524211802316, 0.4344189378311393, 0.038583479102511066, 0.4223823409483264], [0.12207890187917687, 0.12762194497915522, 0.19828761273280732, 0.5520115404088606], [0.11309325111184917, 0.26886586521590333, 0.09375406220499508, 0.5242868214672525], [0.12577020112516576, 0.3320148257300719, 0.40261628823830997, 0.13959868490645222], [0.16086799318770953, 0.3338033415800217, 0.2679541993378107, 0.23737446589445826], [0.04610793924547386, 0.07168044889673755, 0.5175099039150519, 0.3647017079427367], [0.2713541786942593, 0.4792294505583193, 0.09695357045246115, 0.1524628002949603], [0.047492014280816196, 0.6635954706490436, 0.050655505730603075, 0.2382570093395371], [0.09832566683033464, 0.3982204048088749, 0.3037285517664989, 0.19972537659429165], [0.2481149781748669, 0.2126180487148578, 0.24685588445148304, 0.2924110886587924], [0.48282463527582203, 0.22587715360688573, 0.039938218067340006, 0.25135999304995216], [0.21487980284325964, 0.44239948396520007, 0.13736716479566766, 0.20535354839587253], [0.2095543700780805, 0.17528956644860802, 0.30778972757426076, 0.30736633589905077], [0.1468376191893991, 0.26378736977859907, 0.39695454036056277, 0.192420470671439], [0.30935472599014113, 0.12039421581242139, 0.1437625159753256, 0.4264885422221117], [0.27810895523721785, 0.18054672037166525, 0.2329344711332799, 0.30840985325783715], [0.33035475788150415, 0.29914047171848795, 0.1573353056906659, 0.2131694647093418], [0.39697817979251804, 0.28631005159056544, 0.1202233642523789, 0.19648840436453754], [0.24522015681142217, 0.23378965391160317, 0.2978619262576725, 0.2231282630193022], [0.2454190527148833, 0.2631403434311285, 0.15693478882449358, 0.33450581502949456], [0.1526848168028655, 0.2430415671703483, 0.33559334032638494, 0.2686802757004014], [0.06988771124675187, 0.1978244095503896, 0.6260828584486978, 0.10620502075416087], [0.12858188115223446, 0.16584046165829675, 0.3158177750247752, 0.38975988216469376], [0.5937276660442143, 0.159972584518497, 0.09863027312818169, 0.14766947630910696], [0.08691662044276424, 0.5970047644519768, 0.2018718616637973, 0.11420675344146174], [0.12664547148480884, 0.23794010338094812, 0.30043953969566983, 0.3349748854385732], [0.070505123118314, 0.5296280254562141, 0.13454453144406806, 0.26532231998140365], [0.13688637059395758, 0.34128879496300146, 0.3245392332948548, 0.1972856011481862], [0.16701080629861997, 0.33430061330146016, 0.1526098878790655, 0.34607869252085455], [0.1879638704179744, 0.09321452425967824, 0.09124355961888174, 0.6275780457034658], [0.09588173329039927, 0.5253568515959554, 0.10430078878448187, 0.27446062632916346], [0.594359745322767, 0.20366425467298058, 0.08240403507823825, 0.11957196492601407], [0.05717959956533378, 0.3292816098407061, 0.4819560730457152, 0.13158271754824494], [0.5422201901963916, 0.29201513470361445, 0.04039038487540487, 0.12537429022458912], [0.2067752651277765, 0.37270413538387837, 0.1862620676830792, 0.23425853180526598], [0.15826952480057052, 0.3608048596552915, 0.17988129106153022, 0.30104432448260793], [0.23455441439410687, 0.2053640124862477, 0.21866468217646476, 0.34141689094318056], [0.08984714085231223, 0.2691301838141754, 0.21224644452917002, 0.42877623080434224], [0.16406136661157547, 0.567884796911684, 0.07748382286217337, 0.19057001361456732], [0.1139288616423919, 0.6270232602035588, 0.09492651000295133, 0.1641213681510979], [0.36626690055093564, 0.2949898693665587, 0.06494982353193052, 0.2737934065505752], [0.2213992709203266, 0.24295170172317584, 0.2809374434246451, 0.25471158393185256], [0.24789600569152287, 0.25683805801606013, 0.22333059053267088, 0.2719353457597462], [0.06523874912168554, 0.7514005816825778, 0.07317761376323662, 0.11018305543250011], [0.21226286415498938, 0.48737176616928723, 0.09475935284449906, 0.20560601683122448], [0.1863292661073529, 0.4228090456292246, 0.17055194848496114, 0.22030973977846133], [0.7097748448677395, 0.12786500850160057, 0.058472907511239465, 0.10388723911942054], [0.2862180612877604, 0.3573177511294407, 0.1940363787744883, 0.16242780880831073], [0.28076930296374303, 0.160586460287227, 0.3633060197459347, 0.19533821700309542], [0.11375300347590556, 0.34984672064594063, 0.214278358961132, 0.3221219169170217], [0.1791418451645058, 0.49790662947991393, 0.15935695996432994, 0.16359456539125042], [0.1779070002450881, 0.2785285839265752, 0.18405932913131515, 0.3595050866970217], [0.678705364182987, 0.20300370604492032, 0.06299519867436965, 0.055295731097722955], [0.19270826137344252, 0.24614144569168006, 0.30354198142232186, 0.25760831151255553], [0.4364718775512803, 0.24149847511512218, 0.2043742289749357, 0.11765541835866175], [0.22652387458118886, 0.37745201667535805, 0.0606000097717391, 0.33542409897171416], [0.25679638222446405, 0.3626602299872742, 0.09682490429574099, 0.283718483492521], [0.7846860719423211, 0.1265932974525204, 0.02331173649429859, 0.06540889411085983], [0.21612336124789203, 0.4749757205658586, 0.1916490714831326, 0.1172518467031167], [0.12335996193709448, 0.6252919543718995, 0.10450352291623995, 0.1468445607747661], [0.11697995523934487, 0.2261767896844585, 0.12413581663134178, 0.5327074384448548], [0.1511321501795868, 0.5370770523771448, 0.11485386988147939, 0.19693692756178888], [0.16877371574867073, 0.16948481714739666, 0.3215618532411902, 0.3401796138627423], [0.07167414852139983, 0.49262749305570036, 0.2645697914143824, 0.1711285670085174], [0.18686997760984125, 0.3138830304185523, 0.08727916237295358, 0.4119678295986531], [0.5123240543198326, 0.21197989979176995, 0.06830567460988421, 0.20739037127851315], [0.22851486674431717, 0.2765154409479369, 0.22158618270283753, 0.27338350960490837], [0.3004649548326609, 0.11114889117173149, 0.10848320891435272, 0.479902945081255], [0.16675239953063026, 0.29546534967317223, 0.10097082744188723, 0.4368114233543102], [0.20882850601500544, 0.31883965854400326, 0.08047812678114599, 0.3918537086598453], [0.11826964485810455, 0.49439090249946055, 0.1635694443110565, 0.22377000833137847], [0.1391298099151248, 0.23959087727349873, 0.23420403567671558, 0.3870752771346611], [0.28395128739733266, 0.253317839292954, 0.1457206649560721, 0.31701020835364135], [0.12584353632500495, 0.4125389282493998, 0.15149436787528908, 0.31012316755030617], [0.1751195544753795, 0.29154881547034905, 0.18680380511410422, 0.3465278249401672], [0.4176284677524686, 0.14376471055106307, 0.049890660698453826, 0.38871616099801454], [0.3298657744660245, 0.2990137260564258, 0.11732804363377586, 0.2537924558437738], [0.3049054210805122, 0.2989126140431144, 0.1493346731171132, 0.24684729175926023], [0.22662576513048108, 0.2944160895975343, 0.15729109560069768, 0.32166704967128684], [0.1857599911772082, 0.3250336598134322, 0.1603705985460678, 0.3288357504632919], [0.32288965262486846, 0.30176028574395813, 0.1341378029560758, 0.24121225867509768], [0.16614901127939072, 0.37289639218526494, 0.19774480549290785, 0.26320979104243647], [0.10941248265725574, 0.16167479502694831, 0.18290212864150734, 0.5460105936742886], [0.550931749081149, 0.18988508954935818, 0.07449022058794566, 0.18469294078154722], [0.7050336977539368, 0.1596349259598713, 0.047342289706905155, 0.0879890865792868], [0.17138394858287187, 0.18321066722943793, 0.4006588221226191, 0.24474656206507098], [0.20834636859138062, 0.33267350134697793, 0.11404258274958248, 0.3449375473120589], [0.2612738857448623, 0.13105514861635145, 0.17517623829960421, 0.43249472733918204], [0.18946070123140077, 0.24579202154447669, 0.3948486747714506, 0.1698986024526721], [0.16077223500617124, 0.27339261736175935, 0.1985061021917014, 0.36732904544036815], [0.11885472657765221, 0.501404126929564, 0.11142272976806046, 0.26831841672472345], [0.3797317119454112, 0.1830789307646877, 0.2779373599990802, 0.15925199729082076], [0.12547695802048708, 0.4505860803711948, 0.13914620380224663, 0.2847907578060716], [0.05582474971602389, 0.31492300874436613, 0.4728824930176879, 0.15636974852192198], [0.1350449021512859, 0.35662888009554183, 0.2135406728576546, 0.2947855448955176], [0.13174827295605054, 0.2128461546344884, 0.34143789942020486, 0.3139676729892562]]}, "rewritten": {"ids": ["97105960", "97107260", "97109080", "97112170", "97112830", "97113900", "97114170", "97116500", "98107010", "98107210", "98107340", "98108150", "98110680", "98110710", "98111231", "98119591", "98120530", "99107300", "99109141", "99109311", "99110050", "99111340", "99112300", "99114890", "99116500", "99119830", "100108080", "100108490", "100108990", "100109330", "100111620", "100113210", "100113370", "101108080", "101108290", "101108950", "101109000", "101109120", "101109370", "101110150", "101111140", "101116130", "101119030", "102110690", "102110750", "102112250", "102112301", "102113981", "103111110", "103111480", "103111830", "103112641", "103113101", "103113270", "104109311", "104111990", "104113210", "104113380", "105112240", "105113210", "105113440", "105113480", "105113620", "105114220", "105116090", "105117200", "105117351", "105118171", "105121370", "106113190", "106113830", "106115250", "106116370", "106118820", "107112840", "107113260", "107113360", "107113550", "107118120", "107118820", "107120130", "107121700", "108113760", "108114670", "108115500", "108116501", "108117360", "108117610", "108118291", "108119510", "108121410", "109116040", "109116750", "109117271", "109117630", "109118161", "109121351", "109121410", "110114321", "110115580", "110116170", "110117080", "110118121", "110118630", "110118880", "110120190", "110120700", "110121170", "110121450", "111115620", "111115780", "111116170", "111116290", "111116640", "111116750", "111117000", "111117571", "111118820", "111119950", "111120280", "111120531", "111120540", "112116640", "112116810", "112116990", "112117210", "112118421", "112118511", "112118701", "112118880", "112119450", "112119930", "112121030", "113117550", "113118490", "113118820", "113119480", "113121220", "113121410", "113121750", "113121810", "113122320"], "labels": [2, 2, 2, 0, 2, 2, 2, 2, 3, 1, 0, 0, 2, 2, 1, 1, 1, 3, 3, 1, 3, 1, 0, 2, 2, 1, 0, 2, 2, 0, 3, 0, 3, 0, 0, 2, 1, 1, 1, 1, 2, 2, 3, 0, 1, 0, 1, 1, 3, 0, 3, 3, 3, 2, 3, 2, 3, 1, 1, 3, 0, 0, 0, 3, 1, 3, 0, 3, 2, 0, 1, 2, 2, 3, 1, 0, 0, 0, 3, 3, 2, 3, 1, 3, 3, 0, 1, 3, 3, 1, 0, 0, 0, 0, 0, 0, 0, 0, 1, 1, 0, 1, 3, 1, 0, 3, 2, 2, 3, 1, 1, 0, 2, 0, 3, 0, 3, 0, 0, 0, 0, 1, 0, 3, 0, 1, 3, 1, 0, 1, 3, 1, 0, 3, 1, 0, 3, 3, 0, 0, 2, 1], "predicted_labels": [3, 2, 1, 0, 1, 2, 3, 1, 1, 3, 2, 1, 2, 3, 3, 1, 1, 1, 1, 1, 0, 3, 2, 1, 1, 1, 1, 3, 0, 3, 3, 3, 1, 3, 3, 1, 3, 1, 3, 2, 2, 3, 1, 3, 1, 1, 3, 3, 1, 3, 3, 1, 0, 3, 0, 1, 3, 1, 1, 3, 3, 1, 1, 1, 3, 3, 1, 3, 3, 1, 2, 0, 3, 1, 2, 1, 3, 1, 3, 1, 2, 0, 1, 2, 0, 1, 3, 3, 0, 1, 1, 3, 1, 3, 1, 1, 3, 3, 3, 3, 3, 3, 1, 1, 1, 1, 1, 3, 1, 1, 0, 1, 2, 1, 3, 0, 1, 1, 1, 1, 2, 1, 1, 3, 1, 3, 0, 3, 0, 0, 3, 1, 3, 1, 1, 0, 3, 3, 3, 3, 3, 1], "confidence_scores": [[0.162020266749728, 0.2205229361906044, 0.13716537742762827, 0.4802914196320394], [0.09507808724611277, 0.1261935386523547, 0.4837195223349513, 0.29500885176658126], [0.2817918408186213, 0.36579525728095597, 0.18130917619029083, 0.17110372571013202], [0.40628570752012544, 0.16557196540325558, 0.16085326163153096, 0.26728906544508796], [0.2550955349570443, 0.3109908261345222, 0.16509896604985919, 0.2688146728585743], [0.15854126604232188, 0.1726447060985864, 0.4104260488483999, 0.25838797901069177], [0.18406606304563447, 0.12095455523465158, 0.10229202910985691, 0.5926873526098573], [0.21058051371592318, 0.3700801360695764, 0.1692224633322811, 0.25011688688221945], [0.23871739829172606, 0.2978613601006461, 0.2708861869415566, 0.1925350546660712], [0.2665759856751665, 0.14441119027233515, 0.1875722923987223, 0.4014405316537761], [0.22838946965192028, 0.22233514807916124, 0.2946108058476588, 0.25466457642125967], [0.13318340153549116, 0.3768525992999649, 0.26385504342615895, 0.22610895573838502], [0.2229202278943313, 0.2973518963825009, 0.36674514181169565, 0.11298273391147208], [0.1276680176046825, 0.17359989421598385, 0.21489802820200746, 0.48383405997732626], [0.09627000711407022, 0.33213971245792867, 0.12747669247676457, 0.4441135879512365], [0.1732227142158209, 0.5683756536269323, 0.16638030991164857, 0.09202132224559828], [0.08346636554068199, 0.46677679554473667, 0.19784888421365407, 0.25190795470092725], [0.1506381810867712, 0.5230126607061415, 0.14861678385883484, 0.17773237434825248], [0.18560408227955233, 0.3965153480935871, 0.13863129212293385, 0.27924927750392664], [0.09925273426945219, 0.5173108909000244, 0.1624990678300625, 0.2209373070004609], [0.35144061675322413, 0.2694095439559321, 0.16028630592659196, 0.2188635333642518], [0.1864571104739995, 0.11556300372954151, 0.2367999528831676, 0.4611799329132913], [0.15505555729882955, 0.24323422553563054, 0.42074106365312364, 0.18096915351241624], [0.14623808588259823, 0.53906266919144, 0.12263933350233944, 0.1920599114236224], [0.17837871043089035, 0.39854464080441576, 0.2033951455405139, 0.2196815032241799], [0.2521067312651425, 0.3532266411612146, 0.10738521191155398, 0.2872814156620889], [0.08109777016362359, 0.6899062869903545, 0.0714673936017563, 0.15752854924426568], [0.2365282193668447, 0.2204261328655982, 0.14745819718428158, 0.3955874505832756], [0.4228706920261107, 0.18150409040161852, 0.16584360958898897, 0.2297816079832819], [0.13817488089030375, 0.2576411041818702, 0.19705534774453062, 0.40712866718329555], [0.14688401869495357, 0.17163261015584017, 0.1554151699554317, 0.5260682011937745], [0.16715855613139363, 0.22070290419715854, 0.14773233611591247, 0.4644062035555353], [0.2415851960748848, 0.35365248015122575, 0.16803604148061826, 0.23672628229327153], [0.11276885851969543, 0.26912708318914996, 0.25445730539743294, 0.36364675289372167], [0.18630705973882983, 0.19107094480895231, 0.11140269344072351, 0.5112193020114945], [0.08872714872057567, 0.6570468489287288, 0.12105852414156451, 0.133167478209131], [0.30311603966058176, 0.15860065710541243, 0.18975237178735763, 0.34853093144664843], [0.20163270009746084, 0.329745044084399, 0.24896802032717918, 0.21965423549096116], [0.13365314121465824, 0.2737426955850942, 0.1708777353456265, 0.4217264278546211], [0.16561781500640393, 0.2842352228463611, 0.3085531493163619, 0.24159381283087308], [0.08557292561086102, 0.1323314653985479, 0.4087315342688732, 0.3733640747217179], [0.20542506499565838, 0.26831024847186996, 0.1969223907637993, 0.32934229576867236], [0.1510717614451688, 0.5240959474092418, 0.14184194239869333, 0.18299034874689613], [0.16259278253661982, 0.2597782943158081, 0.09245556742695041, 0.4851733557206218], [0.2967314939071391, 0.48232273233472195, 0.08505593252611843, 0.13588984123202053], [0.1234999580221351, 0.3554852626910987, 0.19831052361955387, 0.32270425566721245], [0.3127623698748946, 0.20803490487619472, 0.16234226896048634, 0.3168604562884244], [0.19028081614458334, 0.2963360992763059, 0.14643498589492318, 0.3669480986841876], [0.08253649431978678, 0.7018099919086329, 0.057781288945024725, 0.15787222482655555], [0.16109537384779885, 0.31927663344980284, 0.1352096256223462, 0.3844183670800521], [0.2574907345078695, 0.177017872108106, 0.09990179218096051, 0.4655896012030638], [0.2114413497578712, 0.2812043780183897, 0.2566149818240246, 0.2507392903997145], [0.508333405248096, 0.22409758147710418, 0.11496417767696487, 0.15260483559783491], [0.19002575528039636, 0.2768130580428484, 0.15006783302019353, 0.3830933536565618], [0.4690884732714548, 0.19333271822439982, 0.10851971198375214, 0.22905909652039325], [0.1232200790882249, 0.5593028184109299, 0.1214267473603568, 0.19605035514048855], [0.11682972080200825, 0.23689513493751718, 0.15104142086684655, 0.4952337233936281], [0.10583185989628653, 0.32225185249593774, 0.31545695264013396, 0.25645933496764184], [0.10437880425826437, 0.4353907624837747, 0.1046763774198576, 0.3555540558381034], [0.06317485692637426, 0.3430076801293829, 0.21750768316418018, 0.37630977978006286], [0.10061202172659406, 0.35168236053383284, 0.1462420654339926, 0.40146355230558045], [0.14669105031072127, 0.5095317903279535, 0.15358607955063308, 0.19019107981069222], [0.07467076046628617, 0.4763512784772149, 0.22459405231251506, 0.22438390874398398], [0.11069217427559737, 0.6409323589357488, 0.060679306207877426, 0.18769616058077646], [0.15993995960885124, 0.23905159011315297, 0.09209839062064287, 0.508910059657353], [0.05931985094400577, 0.2873647557434619, 0.14922744895943463, 0.5040879443530978], [0.19398922215448502, 0.3865379461605269, 0.18609438916534007, 0.23337844251964798], [0.19977435219174128, 0.20042070502711715, 0.20524281579998047, 0.3945621269811612], [0.05218885071816694, 0.16362897332372078, 0.17836218835679418, 0.6058199876013182], [0.2813680072759337, 0.5581548410473921, 0.04089030779486336, 0.11958684388181097], [0.17427392295475186, 0.12162312738077875, 0.49823409193600043, 0.20586885772846902], [0.3499635878263018, 0.3071737037336186, 0.16919816834280108, 0.17366454009727847], [0.18354063516824964, 0.14620180867272264, 0.13136023038585753, 0.5388973257731702], [0.10259288197279166, 0.5461913351108322, 0.1533698964262671, 0.19784588649010895], [0.09588482353447822, 0.07327748615871048, 0.6383092403802781, 0.19252844992653326], [0.1523099850983075, 0.37310703714254223, 0.17563667242123784, 0.2989463053379124], [0.10910884690589844, 0.26948953155186156, 0.1258208180141415, 0.4955808035280986], [0.2863746288020052, 0.37115898368436256, 0.1295359980382798, 0.2129303894753524], [0.15565177934751318, 0.18947522535800576, 0.26495890367013436, 0.3899140916243467], [0.0781402705415695, 0.5013977409079288, 0.12570011512031487, 0.2947618734301869], [0.061236475410409545, 0.22289923813777657, 0.6240921105294555, 0.09177217592235831], [0.49014869410498507, 0.1883893561090587, 0.2104286671076175, 0.11103328267833877], [0.20153609118359705, 0.3866366302314996, 0.19059844296857853, 0.22122883561632478], [0.12105127113841911, 0.3100488303516319, 0.45699978488494436, 0.11190011362500472], [0.4480792296317477, 0.20228003916383727, 0.1399476200005062, 0.2096931112039089], [0.17795364616381684, 0.39315509268630794, 0.18287445698818683, 0.2460168041616885], [0.10467550212854033, 0.13795950094667425, 0.175407325782166, 0.5819576711426193], [0.08430010062614245, 0.1282052828836875, 0.0942813080533832, 0.6932133084367869], [0.6815520950618591, 0.055108907097842386, 0.04491518005490439, 0.21842381778539421], [0.11818041216476541, 0.3835050209390313, 0.17567854963064491, 0.3226360172655583], [0.09378118826073963, 0.5039227415521123, 0.1520642602206021, 0.250231809966546], [0.1237926174181306, 0.27835752570085154, 0.14121282901656085, 0.4566370278644571], [0.22482249141078867, 0.3982837480419558, 0.17959183571203652, 0.19730192483521902], [0.16613237703560305, 0.13438664444559967, 0.12866470804792007, 0.5708162704708771], [0.2903879255017969, 0.34066999625617184, 0.07599769583015412, 0.2929443824118771], [0.11559537451776553, 0.5010043848384894, 0.20058291473507106, 0.1828173259086739], [0.23989157818363477, 0.27778161812997476, 0.1818948579406631, 0.30043194574572757], [0.11969561137766423, 0.1603992628440593, 0.1359609503584709, 0.5839441754198055], [0.24172100293948273, 0.27861650797989823, 0.19159870044776597, 0.28806378863285315], [0.15769773658483735, 0.27396940480540327, 0.11760780994299683, 0.4507250486667628], [0.052778169488353205, 0.38630892365399255, 0.13961164732116468, 0.4213012595364894], [0.06749872467131908, 0.12802505695332714, 0.046242551955895876, 0.758233666419458], [0.06157586193317201, 0.5116858988040942, 0.06583991404193532, 0.36089832522079857], [0.13814649742704158, 0.4343976502412387, 0.14208949149018, 0.28536636084153966], [0.2610236690561609, 0.4200027145549035, 0.11837935590620645, 0.20059426048272924], [0.18353514456149328, 0.40752512704983745, 0.13551931108207516, 0.27342041730659433], [0.22397277942170876, 0.31698891069899315, 0.14891965942895083, 0.3101186504503473], [0.18666491412833408, 0.2697399568405542, 0.186689108062295, 0.3569060209688168], [0.14109942699490982, 0.49590339746374096, 0.17460481501637615, 0.18839236052497324], [0.2516766934301447, 0.3147493422390853, 0.13758511891877928, 0.2959888454119908], [0.33532650713373724, 0.21781321991668376, 0.26012349216098307, 0.18673678078859596], [0.22140546642551368, 0.5015238774407293, 0.09082169976194153, 0.18624895637181538], [0.1306178271454683, 0.2388836060262034, 0.38875902008449087, 0.24173954674383757], [0.17777936046163814, 0.3731958513906935, 0.08983785937977332, 0.3591869287678951], [0.22564825534518115, 0.2437535573631619, 0.12042162665396167, 0.4101765606376955], [0.3567464044041518, 0.24991622384787937, 0.14388619437356592, 0.24945117737440306], [0.25985774986398025, 0.3142012332269034, 0.17266807173543297, 0.2532729451736833], [0.22075228798290028, 0.33080834883086635, 0.2164047839331657, 0.23203457925306767], [0.11243374555115312, 0.43815231338709376, 0.14087320145929216, 0.30854073960246103], [0.2055656882805884, 0.35859915939235765, 0.1423023147207099, 0.2935328376063442], [0.21093684445802902, 0.25889699778232483, 0.30600601831007507, 0.2241601394495711], [0.18529402921679047, 0.40180467026422556, 0.2304661873052713, 0.18243511321371275], [0.10276781404828265, 0.5745219568379268, 0.11644506128280817, 0.20626516783098234], [0.08556617482961128, 0.20042209210633172, 0.3309821251527719, 0.3830296079112852], [0.1890193902882491, 0.4200817539742789, 0.11034101322445129, 0.2805578425130207], [0.10287197124237822, 0.20984501436830968, 0.22281288877012587, 0.46447012561918616], [0.5218280258126629, 0.1256949115446818, 0.17490584994700256, 0.17757121269565285], [0.17296188717486718, 0.29536060351134164, 0.18090859094730521, 0.35076891836648605], [0.29285926293333225, 0.21655420140377804, 0.21890314589412935, 0.27168338976876033], [0.27997188006404683, 0.27032463670710066, 0.19382727996595986, 0.25587620326289273], [0.14761711797894692, 0.22754852895343872, 0.15329204454850906, 0.47154230851910534], [0.11282371080448932, 0.49058548771758287, 0.16579441395704608, 0.23079638752088172], [0.12355923063642904, 0.2353066510722059, 0.21005135974108385, 0.43108275855028105], [0.13209679208250824, 0.4158916459005058, 0.10596951594040077, 0.34604204607658523], [0.28721611661340923, 0.2877521257287124, 0.26225331725391793, 0.16277844040396022], [0.33791416686210735, 0.31976103835019126, 0.0802933097530005, 0.262031485034701], [0.1632969200239477, 0.1724807346723187, 0.19811042472864407, 0.4661119205750895], [0.1315086723074019, 0.20489335112415089, 0.32147454195221337, 0.34212343461623385], [0.23637561524026895, 0.13440624145371052, 0.07573841969238598, 0.5534797236136345], [0.22273563974714758, 0.1635962816104339, 0.20450701984851097, 0.4091610587939077], [0.19758818448623572, 0.1500319963122779, 0.23333374557688277, 0.4190460736246037], [0.13710602630755966, 0.4748757018443164, 0.07615232168685131, 0.3118659501612725]]}}