{"test": {"ids": ["110114610", "113119700", "110120531", "98117740", "99108520", "107114621", "102110690", "109121410", "111117200", "108118520", "106114280", "103109021", "113122170", "103109641", "97112300", "97107821", "105112240", "99112300", "98107010", "112117461", "101108080", "98120010", "112116880", "103113270", "111119930", "109119010", "110115980", "97110950", "106118820", "106117650", "110117870", "98106560", "108121160", "112119980", "113121750", "107113550", "98107410", "97107260", "108119330", "111119150", "98108580", "112120540", "99113260", "111120531", "104111380", "99107630", "101114990", "98119591", "113122320", "112116610", "108117720", "99121440", "110118450", "111117571", "101119591", "112120270", "97106770", "110117200", "97108520", "107113130", "108114200", "112119500", "99111000", "101108370", "113120751", "113118111", "110114651", "108117451", "99111930", "97116410", "108119510", "98116500", "100116500", "113121980", "107113170", "104118340", "111116750", "102114270", "113120591", "99108890", "113122150", "111116110", "111116990", "109115220", "103111620", "111118910", "112118890", "103111110", "107116980", "104114320", "113120640", "113122230", "108116481", "112117580", "110119030", "101112160", "100112060", "112116850", "105113170", "97111790", "100111080", "112117030", "107118820", "110119300", "101115190", "112118930", "99111340", "104111830", "108121410", "103110840", "105116980", "105115570", "108115250", "108117360", "107112850", "99112641", "102112030", "113120531", "105111990", "101108500", "109118161", "97107920", "109113931", "100111270", "97107040", "104114740", "102112170", "100109360", "97106600", "112116401", "101112690", "108115500", "100115700", "109118231", "101114020", "107119950", "103120730", "105113620", "112118810", "111116530", "111121351", "103110100"], "labels": [1, 0, 0, 2, 2, 0, 0, 0, 0, 0, 3, 0, 1, 1, 2, 2, 1, 0, 3, 0, 0, 2, 0, 2, 1, 3, 1, 3, 3, 1, 3, 1, 2, 0, 0, 0, 3, 2, 0, 3, 0, 3, 0, 0, 3, 2, 3, 1, 1, 1, 1, 2, 0, 3, 0, 0, 3, 3, 2, 1, 0, 2, 2, 1, 1, 1, 3, 2, 1, 3, 1, 2, 2, 2, 0, 2, 3, 3, 0, 0, 2, 3, 0, 3, 0, 0, 3, 3, 3, 2, 0, 1, 0, 0, 0, 3, 2, 0, 0, 2, 0, 2, 3, 1, 1, 1, 1, 3, 0, 1, 0, 0, 1, 1, 1, 1, 2, 0, 2, 3, 0, 0, 1, 2, 2, 2, 3, 0, 3, 0, 1, 3, 1, 1, 3, 3, 1, 0, 3, 3, 0, 1], "predicted_labels": [1, 1, 3, 1, 3, 3, 1, 2, 0, 2, 3, 1, 1, 3, 3, 3, 3, 3, 1, 1, 3, 1, 3, 1, 0, 1, 1, 3, 0, 3, 0, 1, 3, 3, 1, 2, 3, 2, 3, 3, 1, 1, 0, 1, 0, 1, 1, 1, 1, 3, 3, 3, 0, 3, 3, 0, 1, 1, 3, 3, 3, 3, 3, 3, 3, 3, 3, 0, 2, 2, 2, 3, 1, 1, 1, 3, 0, 3, 1, 1, 3, 0, 3, 0, 1, 3, 3, 3, 0, 2, 3, 1, 3, 1, 3, 3, 3, 3, 3, 0, 3, 3, 3, 1, 2, 3, 2, 3, 3, 3, 1, 2, 1, 3, 1, 3, 1, 1, 1, 0, 3, 0, 1, 2, 1, 1, 1, 0, 1, 3, 3, 1, 1, 3, 3, 1, 3, 3, 1, 1, 0, 1], "confidence_scores": [[0.2873235320120054, 0.3137203164019287, 0.2105181522361649, 0.18843799934990105], [0.1578258515938305, 0.5728687267691557, 0.09896237416569686, 0.17034304747131696], [0.22611759981962637, 0.314128128636796, 0.09475691909904262, 0.36499735244453496], [0.1731597087355936, 0.4017946284292248, 0.20770474943083572, 0.21734091340434586], [0.11684688511012396, 0.19474242819018941, 0.22494381881897207, 0.4634668678807146], [0.14524331889423372, 0.19016485777631342, 0.04634194456672003, 0.618249878762733], [0.2813049260557977, 0.3771265280722168, 0.08558216862407306, 0.25598637724791246], [0.12007270258103721, 0.29371459720538207, 0.31614199275375576, 0.2700707074598251], [0.5253952457260253, 0.12832871244618205, 0.11959168390239333, 0.2266843579253994], [0.2781756765077842, 0.1488714182792321, 0.3385852620487506, 0.23436764316423322], [0.33180120521252593, 0.16293541450014773, 0.15069561874540643, 0.3545677615419198], [0.10687757279059497, 0.533819159451009, 0.05297085990209211, 0.3063324078563039], [0.26335289618165747, 0.33842062489523617, 0.19007975516684344, 0.20814672375626295], [0.2207434706598543, 0.3252866224956249, 0.08192564607780746, 0.3720442607667133], [0.12822194237015547, 0.1480049153315472, 0.17926088364894474, 0.5445122586493527], [0.22753442011327074, 0.3273862885200527, 0.07684207336130583, 0.3682372180053708], [0.12684174865666623, 0.24813367148044238, 0.25767433719194816, 0.3673502426709433], [0.1489880834964585, 0.2283766592054838, 0.22680458639199527, 0.39583067090606244], [0.17349920485337333, 0.4368314845766692, 0.1982470320218177, 0.19142227854813992], [0.3579078038712846, 0.35920864925430956, 0.0458210596102478, 0.23706248726415804], [0.19662852431341105, 0.21923589276605648, 0.073797738903267, 0.5103378440172655], [0.13690152326941035, 0.5243900877495999, 0.0989735463692463, 0.23973484261174346], [0.22862869317114867, 0.17858959068197566, 0.15764127315311907, 0.4351404429937566], [0.201778823993566, 0.3689047524350174, 0.060707775898058085, 0.36860864767335844], [0.45056378585061857, 0.2178371746444406, 0.21710962132503023, 0.1144894181799105], [0.20889191832104018, 0.3533522154162471, 0.12928698088719168, 0.30846888537552103], [0.23768096300409008, 0.3390607531092244, 0.13077489637698916, 0.2924833875096962], [0.19890120413780676, 0.323235867354264, 0.13289140334047228, 0.3449715251674569], [0.4862475430494274, 0.21671126785824815, 0.12090893225275447, 0.1761322568395701], [0.16225766578563977, 0.2365341523696048, 0.1533822415789783, 0.44782594026577704], [0.414553923388853, 0.23135109588760092, 0.19371639823897238, 0.16037858248457368], [0.10344938888510843, 0.4095551020162355, 0.2442928829640343, 0.24270262613462174], [0.27483902018029077, 0.28931898424018576, 0.09063635248454045, 0.34520564309498314], [0.14836587835813728, 0.27071155576230144, 0.20960857525871449, 0.37131399062084686], [0.1609946493036549, 0.5524925631296839, 0.17346482872606434, 0.11304795884059694], [0.2020352253118228, 0.16555345558443282, 0.38273993145272844, 0.24967138765101607], [0.11272355311183202, 0.17714822044270753, 0.07652035345034533, 0.6336078729951152], [0.16660971797638838, 0.23548778572048887, 0.35741496026050906, 0.24048753604261383], [0.2162559330541246, 0.15339789392875278, 0.10127379821569499, 0.5290723748014274], [0.2410717109535033, 0.2420708243209349, 0.1936069022617673, 0.3232505624637944], [0.11699894046966047, 0.3956820707832953, 0.17118787900258745, 0.31613110974445685], [0.19597937219369826, 0.392661247122755, 0.13614208957151466, 0.2752172911120321], [0.5358565113315645, 0.19082730377597118, 0.09487899389903431, 0.17843719099343006], [0.3129554185416028, 0.36151028018383957, 0.1042158815273521, 0.22131841974720548], [0.318842242353572, 0.2187862689977414, 0.18727845566836548, 0.27509303298032123], [0.2335333156097157, 0.4252676067100387, 0.12836377327008755, 0.21283530441015802], [0.09683387911983928, 0.5766260918116753, 0.14892675291704668, 0.1776132761514387], [0.37244756207960206, 0.39154620330152834, 0.04223759709598914, 0.19376863752288048], [0.1361845229274466, 0.4055166679158708, 0.1870479525003827, 0.27125085665629994], [0.2274167103752393, 0.30815920198499835, 0.14367808428134132, 0.320746003358421], [0.1228161511359177, 0.2040601035673472, 0.14051680007075068, 0.5326069452259845], [0.17912162909334717, 0.20313438350393942, 0.3049621441825181, 0.3127818432201953], [0.5025893014099343, 0.24607683118732332, 0.07440731955542154, 0.17692654784732098], [0.2725707508783503, 0.280989941471372, 0.07947718656309168, 0.3669621210871861], [0.2550115848342519, 0.2750769969529212, 0.13891039021190102, 0.33100102800092573], [0.45464693047696314, 0.22121789045393464, 0.05324685068292993, 0.27088832838617244], [0.11798821077393136, 0.33250947350313187, 0.2909945439254732, 0.25850777179746365], [0.1223554879506647, 0.32628671599573456, 0.2545144726952794, 0.29684332335832136], [0.19293327010372963, 0.28448630091714167, 0.21918335347229725, 0.3033970755068317], [0.22566544407431524, 0.18614530302512938, 0.16241948407007936, 0.42576976883047624], [0.14148360256717374, 0.2563262008450617, 0.2776080366564895, 0.3245821599312752], [0.15187716375808852, 0.31788426212962895, 0.1163608771801468, 0.4138776969321358], [0.2254353061741952, 0.25143608080290764, 0.19211347569954385, 0.33101513732335347], [0.16178603531626626, 0.23754527901384256, 0.07473521657958404, 0.5259334690903071], [0.2247400310187808, 0.30497276364946446, 0.08221403252098802, 0.3880731728107667], [0.2296055419452092, 0.23482435397479465, 0.05032559861319793, 0.4852445054667981], [0.10305637179313423, 0.14103096432441392, 0.06002708210564557, 0.6958855817768062], [0.5530177850023661, 0.08112607684528553, 0.03638859637425662, 0.32946754177809173], [0.11927275090141594, 0.2168590213784021, 0.49453428963955925, 0.16933393808062266], [0.08346243137156403, 0.16141361305426097, 0.5369276607780937, 0.21819629479608124], [0.17849628066582118, 0.26324600796782804, 0.2928337785866501, 0.2654239327797007], [0.17849616978058686, 0.18455326938431066, 0.18031648792719118, 0.45663407290791136], [0.10601724024267671, 0.5194859724551136, 0.18932891629145662, 0.185167871010753], [0.2221530397775992, 0.3290550535250241, 0.158773114700275, 0.2900187919971018], [0.20520909774124035, 0.3462365203910854, 0.14879966995075639, 0.29975471191691794], [0.08486008649644076, 0.18607344420939073, 0.13658200847118088, 0.5924844608229877], [0.370731797215416, 0.17690056794076023, 0.1470056225598895, 0.30536201228393445], [0.13114683868449023, 0.36808529862682066, 0.06868741492530854, 0.4320804477633806], [0.19631744770186615, 0.4093110656468561, 0.1555262795501014, 0.23884520710117635], [0.18182099744002495, 0.5082557336597583, 0.15120439202293154, 0.1587188768772852], [0.17361337274960773, 0.17715279076990184, 0.22850994805512137, 0.4207238884253691], [0.45055669218302913, 0.2177666850263635, 0.1738342065091225, 0.1578424162814848], [0.1620016019790471, 0.13699318725480097, 0.12486373889174475, 0.5761414718744073], [0.5543879135452309, 0.20373612917682105, 0.0906861766236024, 0.15118978065434582], [0.10555444612914347, 0.41623811687151563, 0.2987855026781763, 0.17942193432116454], [0.12519693341295446, 0.23175919085397542, 0.12910503926251138, 0.5139388364705588], [0.14884149337829242, 0.3261431556027741, 0.16844139835581579, 0.35657395266311764], [0.17787290608794026, 0.22369212945652983, 0.1479405683314785, 0.45049439612405145], [0.3311793522686009, 0.23465068162086977, 0.17257051528360565, 0.2615994508269237], [0.06418304452382513, 0.26091277744354024, 0.5035662708058771, 0.17133790722675749], [0.2737376842049508, 0.2948412158366717, 0.128029742143613, 0.30339135781476445], [0.17987012025655855, 0.3765760970401195, 0.207000842344608, 0.2365529403587141], [0.11711520913165774, 0.13189672250490278, 0.03014965926462182, 0.7208384090988177], [0.23309327520475695, 0.3484093625701329, 0.10684924535840815, 0.31164811686670196], [0.25433863485532465, 0.25535801750080916, 0.10866081599824287, 0.38164253164562323], [0.22299278334761824, 0.2898410239434302, 0.15666532627950266, 0.3305008664294491], [0.1595038515267338, 0.17173385040070382, 0.13932241212116134, 0.529439885951401], [0.32318664276104897, 0.2403393520580417, 0.10503636952961734, 0.33143763565129186], [0.17848266127621254, 0.32412133637404045, 0.15717779845181332, 0.3402182038979337], [0.36057069931892627, 0.27418096687206495, 0.13167539736522543, 0.2335729364437835], [0.20832182910570338, 0.2891753354511562, 0.2059112863510465, 0.29659154909209395], [0.16341610788395455, 0.26751313311710245, 0.2668716503341913, 0.3021991086647518], [0.20865310445915816, 0.23215485786955115, 0.21984101717933743, 0.33935102049195337], [0.25844490083987576, 0.4156285968750254, 0.12402556390756708, 0.20190093837753187], [0.15801235509019276, 0.26698666524460274, 0.3280871433590551, 0.2469138363061496], [0.20106706021235135, 0.2777826549376428, 0.18058091526401557, 0.34056936958599027], [0.22567074057055575, 0.11007567236262181, 0.5619200601164285, 0.10233352695039409], [0.13385500195827552, 0.3234263906208782, 0.11080998664779172, 0.4319086207730546], [0.12034257434563189, 0.3514348264253703, 0.08042636025378942, 0.4477962389752086], [0.1865814099984995, 0.29396498560559103, 0.13548126250940368, 0.38397234188650586], [0.22761049355149504, 0.31108781364524996, 0.16309826230835453, 0.29820343049490033], [0.08625750025603182, 0.23410085115446902, 0.5163447373556631, 0.1632969112338361], [0.24807112471583606, 0.3887706709383222, 0.12854211025483833, 0.23461609409100337], [0.16850346897661492, 0.2883405630957921, 0.22213495801524127, 0.3210210099123516], [0.16493820133221596, 0.5561945935084212, 0.1319066074230338, 0.14696059773632913], [0.2005941116537802, 0.2780466880733326, 0.10191245935014083, 0.4194467409227466], [0.1253079090369818, 0.3124337265288244, 0.27816777964598216, 0.2840905847882116], [0.20035203609874533, 0.41375968615446246, 0.08136967347987263, 0.30451860426691946], [0.04697902630915213, 0.6944764887730412, 0.1090042290863082, 0.14954025583149835], [0.30512822717718235, 0.26839962453373606, 0.1519981293945316, 0.27447401889455003], [0.19640190720607953, 0.21590163521982886, 0.10346972774924117, 0.4842267298248505], [0.3010909106679246, 0.2655489091063197, 0.18692846429830198, 0.24643171592745386], [0.19332367598445077, 0.2877235083121317, 0.23304514920016633, 0.2859076665032513], [0.1842329384253662, 0.2624224898203022, 0.2859787366206045, 0.26736583513372725], [0.2302416613547321, 0.38015613695371503, 0.21447717591446386, 0.17512502577708908], [0.07057163126270927, 0.40843222861751866, 0.26261347675456276, 0.25838266336520926], [0.12257277161016317, 0.42040230985838956, 0.16480460724149604, 0.29222031128995124], [0.3525448853768581, 0.24415741001644312, 0.11334457571315228, 0.28995312889354646], [0.18117470273922964, 0.4021713964023643, 0.14058247018351175, 0.2760714306748943], [0.3151445386444536, 0.27701439886613494, 0.08117415393105365, 0.32666690855835767], [0.08074941482717105, 0.2082905940229856, 0.1744244523579702, 0.5365355387918731], [0.16955318480538165, 0.4267357206737253, 0.2010762494140119, 0.20263484510688112], [0.20851096235823463, 0.3617202842355378, 0.1347121468837681, 0.29505660652245963], [0.1722772898345661, 0.3426975197216267, 0.07923081340645638, 0.4057943770373508], [0.1741850759727047, 0.3040644137757913, 0.14140026843060702, 0.380350241820897], [0.26000681089669614, 0.45586000238862495, 0.11953967039723165, 0.16459351631744742], [0.2149310962718626, 0.14600268312426645, 0.12067796251767933, 0.5183882580861917], [0.17675569830761012, 0.13851664855778348, 0.2724000486299531, 0.41232760450465333], [0.2072635143554842, 0.44186550259461305, 0.1607147305797612, 0.19015625247014173], [0.12591792032409976, 0.40811026069100687, 0.16253812204956136, 0.30343369693533206], [0.5630094933191756, 0.17455685109182847, 0.06565765597443611, 0.19677599961455997], [0.11453386766817705, 0.32169246453064204, 0.2885084316550141, 0.2752652361461668]]}, "rewritten": {"ids": ["97106600", "97106770", "97107040", "97107260", "97107821", "97107920", "97108520", "97110950", "97111790", "97112300", "97116410", "98106560", "98107010", "98107410", "98108580", "98116500", "98117740", "98119591", "98120010", "99107630", "99108520", "99108890", "99111000", "99111340", "99111930", "99112300", "99112641", "99113260", "99121440", "100109360", "100111080", "100111270", "100112060", "100115700", "100116500", "101108080", "101108370", "101108500", "101112160", "101112690", "101114020", "101114990", "101115190", "101119591", "102110690", "102112030", "102112170", "102114270", "103109021", "103109641", "103110100", "103110840", "103111110", "103111620", "103113270", "103120730", "104111380", "104111830", "104114320", "104114740", "104118340", "105111990", "105112240", "105113170", "105113620", "105115570", "105116980", "106114280", "106117650", "106118820", "107112850", "107113130", "107113170", "107113550", "107114621", "107116980", "107118820", "107119950", "108114200", "108115250", "108115500", "108116481", "108117360", "108117451", "108117720", "108118520", "108119330", "108119510", "108121160", "108121410", "109113931", "109115220", "109118161", "109118231", "109119010", "109121410", "110114610", "110114651", "110115980", "110117200", "110117870", "110118450", "110119030", "110119300", "110120531", "111116110", "111116530", "111116750", "111116990", "111117200", "111117571", "111118910", "111119150", "111119930", "111120531", "111121351", "112116401", "112116610", "112116850", "112116880", "112117030", "112117461", "112117580", "112118810", "112118890", "112118930", "112119500", "112119980", "112120270", "112120540", "113118111", "113119700", "113120531", "113120591", "113120640", "113120751", "113121750", "113121980", "113122150", "113122170", "113122230", "113122320"], "labels": [3, 3, 2, 2, 2, 0, 2, 3, 2, 2, 3, 1, 3, 3, 0, 2, 2, 1, 2, 2, 2, 0, 2, 1, 1, 0, 1, 0, 2, 0, 0, 2, 2, 1, 2, 0, 1, 3, 3, 1, 3, 3, 1, 0, 0, 2, 3, 3, 0, 1, 1, 1, 3, 0, 2, 1, 3, 3, 2, 2, 2, 2, 1, 0, 0, 0, 0, 3, 1, 3, 1, 1, 0, 0, 0, 3, 3, 3, 0, 1, 3, 0, 1, 2, 1, 0, 0, 1, 2, 0, 1, 3, 0, 1, 3, 0, 1, 3, 1, 3, 3, 0, 0, 1, 0, 3, 3, 3, 0, 0, 3, 0, 3, 1, 0, 0, 0, 1, 0, 0, 2, 0, 0, 3, 3, 1, 2, 0, 0, 3, 1, 0, 0, 0, 0, 1, 0, 2, 2, 1, 1, 1], "predicted_labels": [1, 3, 1, 2, 3, 1, 1, 1, 3, 0, 2, 1, 0, 3, 2, 3, 1, 0, 3, 0, 1, 1, 1, 2, 3, 2, 0, 0, 1, 1, 3, 1, 3, 1, 1, 3, 3, 3, 0, 3, 3, 1, 3, 1, 3, 3, 3, 3, 1, 1, 1, 3, 2, 3, 3, 1, 3, 3, 1, 2, 2, 1, 1, 3, 3, 3, 1, 3, 1, 0, 1, 3, 3, 2, 3, 1, 1, 1, 1, 1, 3, 3, 1, 3, 3, 0, 3, 2, 1, 1, 1, 1, 3, 1, 1, 1, 0, 3, 1, 1, 2, 3, 3, 0, 0, 3, 3, 3, 3, 0, 3, 3, 1, 3, 1, 0, 3, 3, 3, 1, 2, 3, 0, 3, 1, 2, 1, 3, 1, 1, 0, 1, 3, 0, 0, 3, 1, 3, 3, 3, 1, 1], "confidence_scores": [[0.18743119951187567, 0.4306465921697584, 0.1522463637212534, 0.22967584459711246], [0.20065165259004333, 0.18889309544568444, 0.2696438198765901, 0.3408114320876822], [0.19560746058199754, 0.30980475049110245, 0.2732404669196785, 0.22134732200722151], [0.13417002513523454, 0.2599669524663095, 0.33225752372928496, 0.27360549866917083], [0.21458881726128817, 0.30274251790457557, 0.14125981722263464, 0.34140884761150164], [0.30868660526803743, 0.3211855084471318, 0.1357984230512315, 0.23432946323359916], [0.21358668599463929, 0.35805604983063466, 0.20687944255667082, 0.22147782161805535], [0.21094257559684498, 0.3541863479340029, 0.09851601204122423, 0.336355064427928], [0.24542281642621347, 0.29398564628902124, 0.15172455673671448, 0.3088669805480507], [0.37163651632038924, 0.19007764970215033, 0.20272779451096215, 0.23555803946649836], [0.1210651623138269, 0.21034113211463712, 0.421945917455129, 0.2466477881164069], [0.1844855075316582, 0.43960053803000165, 0.1791235320273478, 0.19679042241099234], [0.3246704598533846, 0.2396891111500844, 0.1372224485119126, 0.29841798048461854], [0.19667401309274354, 0.14831110434075837, 0.08304720953548556, 0.5719676730310125], [0.29205045143620895, 0.15595593085885504, 0.3666105234634083, 0.1853830942415278], [0.14164303741524198, 0.2924315860952566, 0.11688913937641118, 0.4490362371130903], [0.13479504680273577, 0.3704122433119873, 0.18170487746021702, 0.3130878324250601], [0.574825201268721, 0.20606711355692195, 0.07320625836508272, 0.1459014268092743], [0.17518522538810993, 0.19736910515365105, 0.2750962577790792, 0.35234941167915984], [0.2961287429650887, 0.1699069307657299, 0.2886979779248992, 0.24526634834428218], [0.2613767789233091, 0.2812967478432328, 0.2070773012558666, 0.2502491719775916], [0.23124657550275485, 0.3710600495276069, 0.1868687987994977, 0.21082457617014055], [0.16781609689643828, 0.3464605747975679, 0.2337410671656213, 0.25198226114037225], [0.16124994574686832, 0.22737358227154167, 0.4144272231845051, 0.19694924879708492], [0.24246821315464437, 0.21501627064395296, 0.22334021084075073, 0.31917530536065214], [0.3274783155983925, 0.13655424970890587, 0.3593739213034087, 0.17659351338929294], [0.3383047045765946, 0.2317255845497415, 0.1249263473626275, 0.3050433635110365], [0.4066387077114385, 0.1635169528466484, 0.17379258543594014, 0.25605175400597285], [0.1000318446471971, 0.5245888813080682, 0.14707049054998583, 0.22830878349474884], [0.19635306850336234, 0.32978679785062065, 0.20040457540823492, 0.2734555582377821], [0.23304149553272896, 0.2464829518832329, 0.25509155512127496, 0.26538399746276325], [0.14087574271994863, 0.39659680239976336, 0.20918456049866652, 0.25334289438162155], [0.17317004057994723, 0.20559910028128928, 0.26343933608060005, 0.3577915230581636], [0.14391980867287996, 0.47014219802043383, 0.14000086516899665, 0.24593712813768964], [0.08350739925309938, 0.5290300785322299, 0.20439719948326693, 0.18306532273140375], [0.37169783893912256, 0.12712590291061276, 0.07005846433047823, 0.43111779381978643], [0.2038194978969506, 0.2577404112698024, 0.104786711001281, 0.4336533798319658], [0.25716663467511425, 0.2008737226623873, 0.2668059990199253, 0.27515364364257316], [0.5603693836981839, 0.12177499641670775, 0.12367901840988994, 0.19417660147521848], [0.1228607004233546, 0.2709822270423604, 0.21861127594023752, 0.3875457965940475], [0.1621602173423436, 0.3022165702668598, 0.11086453667212336, 0.42475867571867315], [0.14869400006397804, 0.44112116112863514, 0.2040935545936752, 0.20609128421371165], [0.17670355413304903, 0.21793192925855456, 0.28274444204071847, 0.322620074567678], [0.23422626960013743, 0.34015689716866127, 0.09836139488398374, 0.3272554383472175], [0.16911905510702963, 0.2799500370105297, 0.13437620366366937, 0.41655470421877133], [0.26833292591188157, 0.16192099388680606, 0.28315064299673237, 0.28659543720458014], [0.18536925632147078, 0.2964572962825652, 0.15392627712392845, 0.3642471702720357], [0.2388469728411985, 0.2420720233888868, 0.1392599918613717, 0.3798210119085431], [0.24302752893555638, 0.41757631750790314, 0.06435584287124257, 0.27504031068529805], [0.28560162207255263, 0.32312698976581183, 0.09690200721453895, 0.2943693809470965], [0.15374202843485268, 0.4631884910494755, 0.10366770846738282, 0.2794017720482889], [0.13451991000539404, 0.26344530973287794, 0.12102067272954815, 0.48101410753217994], [0.12885392431978374, 0.21223570244649748, 0.3902647720569891, 0.26864560117672953], [0.13438987170496328, 0.336287783269313, 0.15799163795397403, 0.3713307070717499], [0.27241416674122715, 0.2037794784152848, 0.14498351796217862, 0.3788228368813094], [0.08156413321640554, 0.47571623730222257, 0.15560424780527993, 0.28711538167609196], [0.24514659482153583, 0.26033078264552806, 0.157659012442439, 0.3368636100904972], [0.18765067793347515, 0.2638289547212001, 0.083787142058471, 0.46473322528685374], [0.1281163510635914, 0.3759496379143935, 0.26184384636116353, 0.23409016466085153], [0.1182263880274183, 0.3149854411468182, 0.3248799079582182, 0.24190826286754516], [0.09212454783806893, 0.20019049434243275, 0.3630632407931233, 0.34462171702637495], [0.04961870185235249, 0.6195924279040099, 0.19192700612638058, 0.138861864117257], [0.16516130777640553, 0.31532798884785085, 0.21407130697803953, 0.3054393963977041], [0.23184985585076545, 0.22969362026859239, 0.10507629638948676, 0.43338022749115546], [0.10016764667668977, 0.13990136948884335, 0.3772889618200392, 0.38264202201442793], [0.10867329709754364, 0.18682113449627688, 0.14278818499934487, 0.5617173834068346], [0.12856100370285956, 0.42918932188428566, 0.08612834089435877, 0.35612133351849606], [0.2289560538133835, 0.2873581550229164, 0.19179846843135653, 0.29188732273234347], [0.1631953988041885, 0.3915114429333332, 0.23984839071782196, 0.20544476754465626], [0.4751226251149837, 0.24487411946773519, 0.08201877661984494, 0.19798447879743622], [0.20175632283461514, 0.5322287760030175, 0.12371223909613147, 0.14230266206623582], [0.21108369530993257, 0.16037398250459006, 0.24907273598541518, 0.3794695862000623], [0.16278748026447754, 0.3464228448433342, 0.12238218767373864, 0.3684074872184498], [0.1472548247467531, 0.17291100687039906, 0.3683654421440338, 0.31146872623881416], [0.4066973354703123, 0.1323951812551772, 0.04649717159097046, 0.41441031168354014], [0.1510102037504182, 0.4034536526594437, 0.14500407643992919, 0.30053206715020897], [0.180737759677686, 0.3110318323486314, 0.2465712025818023, 0.26165920539188037], [0.20914400509962824, 0.49560970133649157, 0.14071054623263965, 0.15453574733124056], [0.20425604998549177, 0.37489665797903776, 0.15750105794043615, 0.2633462340950344], [0.2921108908095784, 0.2942692358898917, 0.14603834966496998, 0.26758152363555987], [0.1880099158098404, 0.2696258452367575, 0.21382342109572255, 0.3285408178576795], [0.21251569704517673, 0.10868772267538508, 0.034964334833264894, 0.6438322454461733], [0.14644053912143137, 0.32483664316432687, 0.23758613072664211, 0.29113668698759965], [0.1104456972805475, 0.23121286879128264, 0.086924703443529, 0.5714167304846409], [0.19631553879904678, 0.22768239543659305, 0.08504194068312175, 0.4909601250812383], [0.32244616820643657, 0.1564992840223193, 0.31496056695349506, 0.20609398081774916], [0.20444578676177977, 0.26162917436783695, 0.14760406360181724, 0.38632097526856607], [0.17390503542777017, 0.25241958520202334, 0.31793427865269586, 0.2557411007175107], [0.2405717590396468, 0.3887116422699663, 0.09330231027042027, 0.27741428841996657], [0.12189529450734109, 0.535685846063247, 0.10667798942377404, 0.23574087000563784], [0.20276069856031279, 0.33366992751317487, 0.14679108087077364, 0.31677829305573874], [0.24505027540793348, 0.5242952369970242, 0.09093630951402058, 0.13971817808102185], [0.23100241410052003, 0.17451907916837578, 0.07680735307352214, 0.5176711536575821], [0.24164495134139924, 0.39133428430797207, 0.10208844501076346, 0.2649323193398652], [0.09535283979874547, 0.3428131111627232, 0.31685651782654195, 0.24497753121198945], [0.29616941978557493, 0.36860525894487256, 0.11521668926809743, 0.2200086320014552], [0.3522257279045193, 0.34570991770091203, 0.1360665002736983, 0.16599785412087048], [0.19730399325728157, 0.2520849864995046, 0.08200973867863266, 0.4686012815645812], [0.1868428987630983, 0.4786004157590145, 0.13185080566153387, 0.20270587981635318], [0.23371816538690007, 0.37182147891192935, 0.1985300889086375, 0.19593026679253323], [0.1740996615317421, 0.30151575863439994, 0.31016239695854214, 0.21422218287531572], [0.24374154309507765, 0.21033771591900613, 0.17297219322825352, 0.3729485477576628], [0.14854662867237353, 0.27173432503567974, 0.16977010988106014, 0.40994893641088653], [0.5708219240712534, 0.1607747502712916, 0.09362283618957377, 0.17478048946788122], [0.4446700133110687, 0.14538708952691962, 0.07378237905892732, 0.3361605181030844], [0.26938292051514034, 0.238256954841402, 0.17489244768300222, 0.3174676769604553], [0.16559144711518303, 0.23948150735181933, 0.2417044851699892, 0.3532225603630085], [0.2212537173441386, 0.15244209963688368, 0.10659906104890064, 0.519705121970077], [0.1477942714487131, 0.19956739196573456, 0.08631781004357043, 0.5663205265419818], [0.47530390973587333, 0.16461339846486586, 0.13161353944420803, 0.22846915235505272], [0.19456577562565525, 0.19019663217951027, 0.08987599536316446, 0.5253615968316698], [0.19873222958519843, 0.2730968411417807, 0.13663305382718627, 0.3915378754458348], [0.22528931122416487, 0.3078195492249795, 0.21264309299426035, 0.25424804655659533], [0.1577496082870392, 0.2940893988152043, 0.1616343670475287, 0.38652662585022785], [0.25648424690821464, 0.2890487308127013, 0.18016204419313356, 0.2743049780859504], [0.6510153907268404, 0.18219099262033564, 0.05430955259814462, 0.11248406405467933], [0.349108786999864, 0.19985151741156854, 0.04749867113696841, 0.4035410244515991], [0.21401284012178207, 0.1892348232027485, 0.2932227146507469, 0.3035296220247227], [0.1873337619349188, 0.2881617289513814, 0.14258793396666664, 0.3819165751470332], [0.16012483613814305, 0.4651745749057463, 0.15190380927576572, 0.2227967796803449], [0.11070185900909907, 0.2471705836852693, 0.33384953759237734, 0.30827801971325436], [0.20732857992542378, 0.31040940437387954, 0.08461060025242387, 0.3976514154482729], [0.42144152917259975, 0.2395732219504792, 0.10471683165531002, 0.23426841722161096], [0.21212190113222568, 0.24771800967562152, 0.18030358801785334, 0.3598565011742995], [0.17943863560764936, 0.3168717687112785, 0.20534336445352447, 0.29834623122754783], [0.2096489188932586, 0.16222907737336364, 0.3340096198760932, 0.29411238385728455], [0.21906272641912442, 0.289806973749977, 0.22792812796054895, 0.2632021718703498], [0.09780423841889484, 0.29530806588519476, 0.2966154683807162, 0.31027222731519416], [0.2704797681605426, 0.30148056626094466, 0.17192754175657787, 0.25611212382193504], [0.1959250294956027, 0.3460400409109036, 0.12174633471131473, 0.336288594882179], [0.328353317928655, 0.2856246617630046, 0.0960922369019671, 0.2899297834063733], [0.0775004905524476, 0.6693570500694846, 0.06471689672775228, 0.1884255626503155], [0.24193988728313356, 0.24302246485233006, 0.09084304530992764, 0.4241946025546088], [0.35508147106359383, 0.3159026544914563, 0.08466348769243368, 0.24435238675251633], [0.3643304152375549, 0.27517978478801935, 0.13973371939533236, 0.22075608057909352], [0.21658363476934978, 0.2163436643276729, 0.10307661196683925, 0.46399608893613803], [0.08511781401673438, 0.6209608914934286, 0.1546369119636473, 0.13928438252618985], [0.24510806643463626, 0.261608422049513, 0.1354476437066331, 0.3578358678092177], [0.21102619949508603, 0.22649470063220117, 0.16983585207203136, 0.39264324780068166], [0.1952614837009948, 0.29424700205845844, 0.20980407386106517, 0.30068744037948164], [0.2207322803628623, 0.349783561531781, 0.23693666038804082, 0.19254749771731577], [0.23017960336696985, 0.3240947589665602, 0.16675982857344235, 0.2789658090930277]]}}