{"test": {"ids": ["107118120", "103113170", "100108080", "110117140", "112117461", "104111711", "98108580", "107113200", "105113190", "104118340", "98117740", "102110890", "106119990", "111121351", "112117780", "110119891", "109118161", "112119120", "98107380", "113119300", "97107681", "111115770", "112120700", "97105760", "103120780", "111116040", "110118701", "113117401", "106116370", "97116500", "110118450", "105112130", "99112840", "102109840", "109121640", "101119030", "113122650", "103111930", "102121440", "109114720", "99112531", "107119390", "109117271", "110121140", "99111340", "111118910", "109118820", "111119250", "97112300", "107114621", "100120010", "113122510", "109119591", "98107410", "103111170", "97105451", "105114220", "112121030", "99111440", "101109120", "99111000", "105111990", "105116650", "107120010", "110118111", "108115870", "101112201", "109121351", "102116500", "99109840", "103110100", "107116300", "109114651", "113120830", "99109910", "110117500", "102110240", "107113260", "113120591", "110113591", "107113840", "106113260", "100109801", "103110760", "99112641", "109116040", "111119610", "109117630", "111116290", "111121190", "102114270", "98111231", "112116880", "113119480", "113117550", "98111860", "98111670", "113119700", "104117200", "103112470", "108114200", "97107950", "113118620", "100108490", "105113260", "98113881", "102109010", "105113330", "99110730", "101119591", "106114150", "109113881", "107113170", "111120220", "105115720", "108119510", "110115980", "109119010", "107114280", "97113260", "108113740", "113122430", "104114320", "97112170", "111119290", "104111380", "112116540", "109116750", "101111310", "99117740", "110118121", "113118810", "109117150", "108117360", "110113931", "105119950", "110120640", "107118520", "110118930", "103111830", "112120540", "108120060"], "labels": [3, 3, 0, 3, 0, 1, 0, 0, 3, 2, 2, 0, 0, 0, 0, 3, 0, 1, 1, 1, 3, 3, 2, 0, 1, 0, 3, 3, 2, 2, 0, 1, 2, 2, 0, 3, 2, 3, 2, 0, 3, 2, 0, 3, 1, 0, 3, 1, 2, 0, 0, 2, 0, 3, 2, 0, 3, 0, 3, 1, 2, 2, 1, 1, 1, 3, 0, 0, 1, 2, 1, 0, 3, 3, 2, 1, 3, 0, 0, 0, 3, 3, 0, 1, 1, 0, 2, 0, 2, 1, 3, 1, 0, 3, 3, 0, 1, 0, 3, 1, 0, 2, 3, 2, 3, 3, 1, 3, 3, 0, 1, 0, 0, 3, 1, 1, 1, 3, 3, 1, 3, 2, 2, 0, 3, 3, 1, 0, 3, 2, 3, 3, 2, 1, 1, 3, 0, 2, 1, 3, 3, 1], "predicted_labels": [3, 1, 1, 1, 0, 3, 2, 0, 3, 1, 1, 0, 3, 1, 1, 1, 1, 0, 3, 3, 2, 3, 2, 2, 0, 0, 0, 0, 1, 0, 2, 1, 3, 2, 2, 0, 3, 0, 3, 2, 0, 3, 3, 3, 2, 3, 3, 1, 0, 3, 2, 0, 1, 0, 0, 0, 0, 0, 0, 3, 3, 0, 3, 1, 1, 3, 1, 1, 2, 2, 0, 1, 0, 2, 2, 1, 2, 1, 0, 0, 1, 1, 3, 0, 0, 3, 2, 1, 2, 3, 1, 0, 3, 0, 3, 2, 3, 2, 3, 0, 0, 3, 1, 1, 1, 1, 1, 0, 3, 3, 1, 1, 1, 1, 1, 2, 3, 3, 1, 3, 0, 3, 0, 0, 3, 2, 1, 1, 0, 2, 1, 3, 3, 2, 1, 0, 3, 1, 1, 0, 0, 1], "confidence_scores": [[1.5496095250242862e-06, 0.007096825972106952, 6.493882648840864e-05, 0.9928366855918797], [0.03434108094222764, 0.6943402514451532, 0.006876491381794886, 0.26444217623082417], [0.0009339776520102729, 0.9990042574140647, 1.0719454475531981e-05, 5.104547944958108e-05], [0.0010364598375726783, 0.9664710472762555, 0.011834433630032618, 0.020658059256138995], [0.9744047986712134, 0.004432803889505498, 3.324455368307153e-05, 0.02112915288559799], [0.00014846881718910647, 0.004693140319608556, 0.08421731668026844, 0.9109410741829339], [0.17037312872420127, 0.26852919420967497, 0.5610577897960317, 3.988727009203133e-05], [0.6701277017712273, 3.562655587968493e-05, 0.0013325366140488077, 0.3285041350588442], [0.22864586216202276, 0.0001339104607205725, 0.00011323203532861767, 0.771106995341928], [0.002513102072684495, 0.9970146121788896, 7.627386587601824e-05, 0.00039601188254978606], [0.0005265777099227728, 0.9747689066480619, 0.0033701364112413163, 0.021334379230774112], [0.949051971999601, 5.83598446392126e-06, 0.05038414038992986, 0.0005580516260053789], [0.010249391780832897, 0.009715646401408136, 0.17610841918080025, 0.8039265426369587], [0.011118720104517027, 0.9671635498609861, 0.00039855812746962077, 0.02131917190702723], [0.30772980555971613, 0.4989596763089235, 0.00012536704945160233, 0.19318515108190867], [0.006101053698497115, 0.7720548425727575, 0.02275080146322382, 0.19909330226552174], [0.008206492700159601, 0.9803322660816063, 1.638340347534505e-05, 0.011444857814758886], [0.9898690040644714, 2.953876455947027e-06, 0.0029831154866274616, 0.007144926572445185], [0.008146234531100397, 0.01178891280704159, 0.09004314065203699, 0.890021712009821], [0.00011527268447038904, 0.0005097958830693111, 2.4964131050402896e-07, 0.9993746817911497], [1.403617318820208e-05, 7.544332732396759e-05, 0.991283053361563, 0.008627467137924925], [0.021776711545025505, 0.0014145802496510998, 1.3699045469471018e-05, 0.9767950091598538], [0.27223107606116737, 0.18886000778936288, 0.4821823167098537, 0.05672659943961609], [0.3966140525974107, 0.00015977788267038936, 0.49583297076414584, 0.10739319875577308], [0.9672723118297762, 0.01740329768119554, 0.01044292388545871, 0.004881466603569451], [0.5479598146418297, 0.3990233581178818, 0.005479153611362935, 0.047537673628925546], [0.5383144495279859, 0.1694976149913993, 0.22641071852857883, 0.06577721695203596], [0.8941274639012441, 0.04184434802088803, 0.0263339723816332, 0.03769421569623456], [0.04642574445449192, 0.5837345956062787, 0.3251096262478211, 0.04473003369140842], [0.8809749858928806, 0.004296002077052216, 0.11461168258636846, 0.00011732944369878307], [7.908283724535277e-06, 0.004138214880790898, 0.9958247128539983, 2.9163981486309972e-05], [0.02761729609314619, 0.8965768404320379, 0.00018330170573059638, 0.07562256176908537], [0.0043211650943801175, 0.2935286326698541, 0.014802029810936248, 0.6873481724248295], [0.020233493566739872, 0.32340987346636996, 0.6561626398095309, 0.00019399315735925662], [0.004539925170707665, 0.009741765442481452, 0.9502681375771468, 0.035450171809664026], [0.9827800309119857, 0.0022072583321933576, 8.302491219939597e-06, 0.015004408264601022], [0.0033480406750369712, 0.00656213686295309, 0.0009945487963039796, 0.989095273665706], [0.5463240490763708, 0.3957328227065906, 0.0043378732963789135, 0.05360525492065976], [0.001307510098309036, 0.09718643838786051, 0.3760490140018128, 0.5254570375120177], [0.000745960820823582, 0.0025815495039538954, 0.8120428561583504, 0.18462963351687206], [0.704169227451981, 0.02141822478031281, 0.0002269387238581576, 0.2741856090438482], [0.04107740461083787, 0.00585613829646032, 0.06147319458264205, 0.8915932625100598], [0.33987243023609204, 0.014897442022982132, 0.016590423516028165, 0.6286397042248977], [0.00016374254070774643, 0.012640433324301018, 0.0017396713300225043, 0.9854561528049688], [0.00010067690133521992, 0.20543194854140565, 0.7942366517552052, 0.00023072280205395124], [0.004585266634561953, 0.00031961339039125763, 3.352499481331814e-05, 0.9950615949802335], [0.0014137739566463527, 0.007884918023528975, 0.024688101703125326, 0.9660132063166993], [0.00016362277053933951, 0.5795222669400528, 0.0099724999883397, 0.41034161030106825], [0.9775523206323028, 0.0073026764884689946, 0.011701503876811428, 0.0034434990024168367], [0.0012202928538018727, 0.007213746487944224, 0.0002093529942695022, 0.9913566076639845], [0.00018668732572511756, 0.09726256890959988, 0.9016050889694092, 0.0009456547952659529], [0.9764788909188018, 0.011287217513470964, 0.011059211670799589, 0.0011746798969275243], [0.007114277231747817, 0.9871023090380671, 0.00043065226019063153, 0.005352761469994569], [0.8333145497320299, 0.005607228909618432, 0.07553054749147316, 0.08554767386687862], [0.9180565241035316, 0.03385892503416529, 0.031871545790451275, 0.016213005071851968], [0.9999986908596313, 6.726362026421565e-07, 7.571907342970708e-09, 6.289322587054182e-07], [0.8816477190994954, 0.11465280341974646, 6.281824360143394e-05, 0.003636659237156505], [0.9498257824394816, 0.022972438513777973, 0.0011085377682200402, 0.02609324127852062], [0.9337669330027393, 0.0632544772730302, 0.0006538375357073754, 0.002324752188523151], [0.005900970382109445, 0.07830697033871586, 0.31394357476268164, 0.6018484845164931], [1.7635396027963291e-06, 0.08386617429641986, 0.024034883927137464, 0.8920971782368399], [0.9903158804055884, 0.0020741963216648392, 0.00039416526164854694, 0.0072157580110981554], [0.18598541888036968, 0.26881855728483195, 0.12299310293928492, 0.4222029208955135], [0.016261177268050094, 0.7736508529787756, 0.0007090482913637208, 0.20937892146181059], [0.009392034298663001, 0.9901277471279645, 3.406293164643204e-05, 0.0004461556417259945], [6.677375787861621e-05, 2.187575072700802e-05, 0.07654810302977082, 0.9233632474616236], [0.0005369468153146942, 0.5728735517018586, 0.11134463215092226, 0.31524486933190443], [0.05531930685352547, 0.7172907652815677, 0.006163998586364086, 0.2212259292785428], [0.16041169985966894, 0.06976760448528338, 0.7697354823373203, 8.521331772740503e-05], [0.0013982692398951918, 0.10127430632455083, 0.8750500782330312, 0.02227734620252286], [0.503708429425058, 0.003369676575804372, 0.008986352425288528, 0.48393554157384916], [0.016195996669727084, 0.9140992534419963, 0.0015324144064740777, 0.06817233548180253], [0.7827785301376973, 0.16057025427605037, 0.0032371526431441444, 0.05341406294310813], [0.01036294110710776, 0.033464308748442126, 0.9095488036373318, 0.046623946507118326], [0.00021264783493573023, 5.8677115014399054e-05, 0.9997107221165576, 1.7952933492415532e-05], [0.03263116684740941, 0.9258902456648567, 0.0018362338457474931, 0.03964235364198646], [0.01434785872874707, 0.22759603656935354, 0.6666749046211591, 0.09138120008074029], [0.0002046550161655685, 0.5492222574446018, 0.16833222154320981, 0.2822408659960228], [0.6724552671512837, 0.027270491923647562, 4.938690882228564e-06, 0.30026930223418663], [0.8101178186182011, 0.000989290133554313, 8.260002359554382e-09, 0.18889288298824236], [1.225765036090852e-05, 0.9999688275095542, 1.6326256241370976e-05, 2.58858384334745e-06], [0.006015933706048372, 0.9891210992005764, 0.004581404471376332, 0.00028156262199896065], [0.0002705114343158357, 0.002192401482737989, 0.0008697542402737928, 0.9966673328426724], [0.9839279191587742, 0.011019159678542249, 0.00028476304109922596, 0.004768158121584181], [0.9991049812402012, 0.0004461465176253132, 1.6692867715994423e-06, 0.0004472029554017463], [0.014651101236587234, 0.0009275091798978214, 0.017583336466152844, 0.9668380531173623], [0.00023190099358450197, 0.00711487668012198, 0.9881561156551795, 0.0044971066711142135], [0.08021415495580497, 0.9136991658008903, 0.004498603178316243, 0.001588076064988449], [0.001711679866111458, 0.005323092243258018, 0.9390579223123882, 0.05390730557824232], [0.06386292222071034, 0.000952763734263769, 0.0019443256969853978, 0.9332399883480405], [0.07096060431961229, 0.9289854556159798, 2.651181601982774e-05, 2.742824838807031e-05], [0.6442438791115176, 0.014999852446715435, 0.0001878741395257619, 0.34056839430224123], [0.02991978059634153, 0.09572348287766483, 0.0010619116970374213, 0.8732948248289563], [0.9885910992016721, 0.00032815027321575106, 2.4130104030523725e-07, 0.011080509224071753], [0.0002463159591210808, 0.036417541659085895, 0.0683380151793739, 0.8949981272024191], [0.0005630607997346984, 0.09524361461887348, 0.8869992125577371, 0.01719411202365483], [0.0014378024835627942, 2.4902258537196002e-05, 0.024106978456065586, 0.9744303168018345], [0.0002241633347198017, 0.3433151477657348, 0.5756856517965352, 0.08077503710301011], [0.00029338917404260256, 0.02414204731817424, 0.0495222310404626, 0.9260423324673206], [0.690017069007043, 0.30928413547868916, 0.0006286811060408688, 7.011440822699461e-05], [0.9979802745137166, 0.002009037255027572, 1.0402898682809772e-05, 2.853325730294049e-07], [0.01616527997647108, 0.03117846405311234, 0.0009450844238609651, 0.9517111715465557], [0.0005251205234846841, 0.9994067469108532, 2.129735144752217e-07, 6.791959214787998e-05], [0.038653794585559224, 0.9181070932807374, 0.004781288534496086, 0.03845782359920723], [0.2474907001348916, 0.5227511475963255, 0.11402213353918185, 0.11573601872960107], [0.12020715307742838, 0.872250681015051, 0.005968271667559861, 0.001573894239960694], [0.0842393418758277, 0.83107343177525, 0.03010385770711301, 0.05458336864180952], [0.99483318555849, 0.000245633917152, 0.0016078891340884052, 0.0033132913902695045], [0.00061231323400875, 0.0001993494043354701, 0.001175164444932218, 0.9980131729167234], [0.11359912537507767, 0.05317654383480243, 0.031011260809043716, 0.8022130699810761], [0.01476720530582575, 0.5616153639527061, 0.07537416666744669, 0.34824326407402156], [0.001844370047236877, 0.99056934133942, 0.006592870249885049, 0.0009934183634581818], [0.0763877976870211, 0.8167086967589428, 0.0001233437825706994, 0.1067801617714654], [0.3002882175081982, 0.699631255805945, 4.612218651583953e-06, 7.591446720522037e-05], [0.0027850359402042764, 0.905808668329448, 0.0062132606276704356, 0.08519303510267719], [0.0005767154611425691, 0.035681423207472286, 0.962977956534071, 0.0007639047973141525], [0.01005650056438527, 0.00019348160873049468, 9.088456248177545e-05, 0.9896591332644025], [0.029893994270766396, 0.003835716545605902, 0.03420797338885662, 0.9320623157947711], [0.003596009530791597, 0.9944847595740612, 0.0019075942488970498, 1.1636646250066686e-05], [1.3493927152695393e-06, 0.0025832491043516577, 3.096088065839054e-06, 0.9974123054148673], [0.9971324067267587, 0.0013279663943655175, 0.0014276185605508627, 0.00011200831832513447], [4.8121229738106335e-05, 0.016773532770529405, 0.002396889701755377, 0.9807814562979771], [0.9641332032422247, 0.03201988717107384, 0.0030510906799335546, 0.0007958189067678188], [0.9751502849556479, 1.861852599671489e-05, 0.02386446200148775, 0.0009666345168675878], [0.0008878708273863225, 0.08629237729145893, 0.010012037623897933, 0.9028077142572568], [0.03907932561306117, 0.17433589485605244, 0.7159604204895776, 0.07062435904130861], [0.2585205854653825, 0.7179388128535845, 1.1999710989107093e-05, 0.023528601970043805], [0.001483130033765433, 0.9568122990021831, 0.006381218433838841, 0.03532335253021245], [0.9734770154981637, 0.018906799923268425, 0.007494691388861237, 0.00012149318970667905], [0.37382597692883573, 0.13520443451962808, 0.4853525012431326, 0.005617087308403576], [0.0006692904321084058, 0.6316412335351064, 0.0006799670492334456, 0.367009508983552], [8.27383741123485e-05, 4.120824853800656e-06, 4.190075846835703e-06, 0.9999089507251869], [0.20400742943152103, 0.005670961155631457, 0.00045389234352282055, 0.7898677170693247], [2.4642844641024388e-05, 0.010528992918228152, 0.8373562096888402, 0.15209015454829067], [0.006897284018430584, 0.8897027271487268, 0.0001069959220038242, 0.10329299291083885], [0.5265357618351264, 0.4665983542194519, 0.006816441268148939, 4.9442677272835096e-05], [0.2595174152333789, 0.011447026736224927, 0.3498275205172935, 0.3792080375131027], [1.81855867652261e-05, 0.9413776664432891, 0.013288490812998443, 0.045315657156947145], [4.3400453556923374e-05, 0.8049630443611899, 0.012908368527125853, 0.18208518665812737], [0.908919399611914, 0.0436759374203302, 0.03265327866304592, 0.014751384304709797], [0.7695148618648453, 0.22570391120546618, 0.0003494135388928767, 0.0044318133907956065], [0.02829314970852926, 0.7940906018461062, 0.1771724138166429, 0.00044383462872167514]]}, "rewritten": {"ids": ["97105451", "97105760", "97107681", "97107950", "97112170", "97112300", "97113260", "97116500", "98107380", "98107410", "98108580", "98111231", "98111670", "98111860", "98113881", "98117740", "99109840", "99109910", "99110730", "99111000", "99111340", "99111440", "99112531", "99112641", "99112840", "99117740", "100108080", "100108490", "100109801", "100120010", "101109120", "101111310", "101112201", "101119030", "101119591", "102109010", "102109840", "102110240", "102110890", "102114270", "102116500", "102121440", "103110100", "103110760", "103111170", "103111830", "103111930", "103112470", "103113170", "103120780", "104111380", "104111711", "104114320", "104117200", "104118340", "105111990", "105112130", "105113190", "105113260", "105113330", "105114220", "105115720", "105116650", "105119950", "106113260", "106114150", "106116370", "106119990", "107113170", "107113200", "107113260", "107113840", "107114280", "107114621", "107116300", "107118120", "107118520", "107119390", "107120010", "108113740", "108114200", "108115870", "108117360", "108119510", "108120060", "109113881", "109114651", "109114720", "109116040", "109116750", "109117150", "109117271", "109117630", "109118161", "109118820", "109119010", "109119591", "109121351", "109121640", "110113591", "110113931", "110115980", "110117140", "110117500", "110118111", "110118121", "110118450", "110118701", "110118930", "110119891", "110120640", "110121140", "111115770", "111116040", "111116290", "111118910", "111119250", "111119290", "111119610", "111120220", "111121190", "111121351", "112116540", "112116880", "112117461", "112117780", "112119120", "112120540", "112120700", "112121030", "113117401", "113117550", "113118620", "113118810", "113119300", "113119480", "113119700", "113120591", "113120830", "113122430", "113122510", "113122650"], "labels": [0, 0, 3, 2, 0, 2, 1, 2, 1, 3, 0, 1, 1, 0, 3, 2, 2, 2, 3, 2, 1, 3, 3, 1, 2, 2, 0, 2, 0, 0, 1, 3, 0, 3, 0, 1, 2, 3, 0, 3, 1, 2, 1, 1, 2, 3, 3, 1, 3, 1, 3, 1, 2, 3, 2, 2, 1, 3, 3, 3, 3, 1, 1, 3, 3, 1, 2, 0, 0, 0, 0, 3, 3, 0, 0, 3, 2, 2, 1, 3, 0, 3, 1, 1, 1, 0, 3, 0, 0, 0, 2, 0, 0, 0, 3, 3, 0, 0, 0, 0, 1, 1, 3, 1, 1, 3, 0, 3, 1, 3, 0, 3, 3, 0, 2, 0, 1, 3, 2, 3, 1, 0, 1, 0, 0, 0, 1, 3, 2, 0, 3, 3, 3, 3, 1, 3, 0, 0, 3, 2, 2, 2], "predicted_labels": [0, 3, 2, 1, 0, 0, 3, 0, 3, 0, 0, 0, 3, 0, 0, 1, 2, 0, 3, 3, 1, 0, 0, 0, 3, 1, 0, 0, 3, 1, 3, 2, 3, 0, 0, 1, 2, 0, 0, 0, 2, 2, 0, 0, 0, 0, 0, 0, 3, 0, 2, 3, 0, 0, 0, 0, 0, 0, 3, 0, 0, 0, 3, 0, 1, 0, 3, 3, 0, 0, 0, 1, 1, 3, 3, 3, 2, 3, 1, 0, 0, 3, 2, 2, 2, 0, 0, 2, 2, 1, 0, 0, 1, 0, 3, 3, 3, 3, 2, 0, 3, 3, 1, 1, 0, 3, 2, 0, 1, 1, 2, 2, 3, 3, 3, 3, 3, 2, 2, 0, 0, 1, 0, 0, 0, 0, 0, 0, 0, 0, 0, 3, 1, 3, 3, 0, 2, 3, 2, 2, 0, 3], "confidence_scores": [[0.9999970610331452, 2.864479557040576e-06, 2.1098000656264764e-08, 5.338929696440113e-08], [0.0036413318333142195, 1.1983939429026706e-05, 0.0017415347827149678, 0.9946051494445417], [1.907080413460439e-06, 1.6807539952228404e-08, 0.9999786582105676, 1.941790147893773e-05], [0.0012445817961019548, 0.9613219271901711, 0.0002821898525754001, 0.037151301161151715], [0.9999219032448827, 1.5571711066809577e-08, 7.751037476285158e-05, 5.708086433615084e-07], [0.8234120503314547, 0.0012803766080849315, 0.03352532486515265, 0.14178224819530774], [2.898272592057427e-07, 0.0008654406496521158, 4.274103471874402e-07, 0.9991338421127415], [0.9992846658130663, 3.981889939306912e-06, 0.00071088597178839, 4.663252059018558e-07], [1.4868534794508729e-05, 0.0001046563843735356, 0.00038262965968449534, 0.9994978454211475], [0.9268615218064796, 0.00012609052168681954, 0.07176514931872259, 0.001247238353110909], [0.9921362066623935, 0.000608828800142817, 0.007242208440806261, 1.2756096657356482e-05], [0.884387979495152, 0.017587955021280775, 9.029037117979573e-06, 0.09801503644644925], [0.057733307917028916, 0.0010020839169847062, 0.11779819373177242, 0.823466414434214], [0.9844974636941939, 0.0019648714938566986, 0.012991360398695076, 0.0005463044132542927], [0.9895441996226352, 0.0005937679409655158, 0.009745949367542452, 0.00011608306885680411], [0.04091642640636086, 0.5794630936576793, 0.019290418012898176, 0.36033006192306155], [0.021869647360231073, 0.002049536451070919, 0.9419431688839461, 0.03413764730475178], [0.8412445179057453, 0.00019436248374989995, 0.15854595779384437, 1.5161816660336928e-05], [0.0015078646434857014, 0.0005158116861806424, 0.00561575992356233, 0.9923605637467714], [1.0973810082176642e-05, 4.481823167614292e-06, 0.0005308991887543322, 0.9994536451779958], [0.17812522787332166, 0.5228265631198236, 0.2990097453057504, 3.846370110429234e-05], [0.993842404844916, 0.005922646824773502, 0.00015908999272450311, 7.585833758580732e-05], [0.9999706345333754, 1.1977555093570397e-06, 5.102475950390925e-07, 2.7657463520233704e-05], [0.9992627946833597, 0.0005108757604006735, 5.271676950736508e-06, 0.00022105787928895098], [0.01832624137988267, 0.16521938610299738, 0.020066996257824217, 0.7963873762592957], [0.0004949586370189026, 0.9974603858316403, 0.001958955681986332, 8.569984935418794e-05], [0.9916113873519199, 0.008349228515874949, 2.4835781567111745e-05, 1.4548350638230392e-05], [0.978149928609971, 0.008056064714290148, 0.0020904302498544886, 0.01170357642588461], [0.0002491402504686982, 7.891086797981251e-05, 0.0005998420382249001, 0.9990721068433267], [0.00043628158896637654, 0.931066379886701, 0.06848432432877417, 1.3014195558358746e-05], [0.06602044388528386, 0.12136644609450999, 0.3951070693856338, 0.41750604063457236], [0.07772727500257819, 0.25078249767220234, 0.6714204714798565, 6.97558453630885e-05], [0.001280135576816056, 0.05000277862960478, 0.007106167660477452, 0.9416109181331017], [0.9914224360919883, 0.0008957587190691422, 3.858490014133301e-05, 0.007643220288801233], [0.8194071035137527, 0.11711544267049875, 0.021755827207747963, 0.04172162660800078], [0.03179593227129909, 0.9634710832057991, 0.0039589954591064055, 0.000773989063795356], [0.052377520296962965, 0.001769261726213825, 0.9457491771716376, 0.0001040408051856915], [0.7634233444707024, 0.002087555173160809, 0.14727846281271073, 0.08721063754342606], [0.9996363161799318, 1.5516444487829261e-07, 0.0003466224566071022, 1.6906199016503175e-05], [0.9813785564006257, 0.018615237464285624, 4.222334768551264e-06, 1.983800320107027e-06], [0.3948181158145995, 0.0001508573839728978, 0.5761996820690045, 0.028831344732422985], [0.007683997507993603, 0.11687433296935956, 0.7749515720677236, 0.10049009745492307], [0.8457931384768173, 0.00041204020627537305, 3.1752947147947234e-05, 0.15376306836975945], [0.9975061246259602, 0.0011639830494686951, 2.220084369384626e-05, 0.001307691480877305], [0.5944669125461494, 0.008195279391745969, 0.38715580300083935, 0.010182005061265476], [0.9304307580830853, 0.011523861101306467, 0.0578746948688642, 0.00017068594674408006], [0.6089034832294217, 0.3425933580658071, 0.016847318271279537, 0.0316558404334918], [0.9999818829432381, 1.717428231528483e-06, 8.721134283034802e-06, 7.678494247289393e-06], [0.07909519952727212, 0.05040925522681563, 0.004891375303000085, 0.8656041699429121], [0.9983946546867649, 1.4616910058132718e-05, 3.189254322306248e-05, 0.0015588358599539027], [0.09456466280107301, 0.014769796613307363, 0.8877738171948131, 0.002891723390806521], [0.00010556688593012757, 0.00021574049927897948, 0.0040571057588749074, 0.9956215868559161], [0.553830932308199, 0.3915181054368748, 0.029497257469988623, 0.02515370478493764], [0.4744113717198204, 0.0006644505835003686, 0.15010736829351282, 0.37481680940316636], [0.9044773291798154, 0.09362213967998188, 0.0001317244973390998, 0.0017688066428635362], [0.9995256969596232, 7.790662065887691e-05, 4.946899010860005e-07, 0.0003959017298169056], [0.99183372263348, 0.006913352423092377, 0.0009749149039084003, 0.00027801003951924923], [0.984251280888244, 2.4183186000077013e-05, 9.421793813198565e-05, 0.015630317987623918], [0.001065423906090989, 0.006676340513038316, 7.861604816481077e-07, 0.9922574494203891], [0.9656959969750979, 3.5560725098716e-08, 0.034157522253659346, 0.00014644521051762589], [0.9704880773088621, 0.02308007001297305, 5.7960892537365536e-05, 0.006373891785627297], [0.6624719948423989, 0.14058112998420094, 0.10445910892828125, 0.09248776624511891], [0.2509433724131852, 0.0015749767734201984, 0.0036655527865328283, 0.7438160980268619], [0.7743733530681567, 0.22494649280557324, 0.0006486763338572929, 3.1477792412752837e-05], [0.4078683452017321, 0.566128878043521, 0.02286949724968601, 0.003133279505061021], [0.8117319467590665, 0.00010244338977264411, 0.048747740385989106, 0.13941786946517173], [0.15807276206367385, 0.31817652009282527, 0.16618212859211717, 0.3575685892513837], [0.04355108647063917, 0.0012753203485057, 0.05635231587688507, 0.8988212773039701], [0.9313367910415972, 0.01534435704610795, 0.000703498277417837, 0.05261535363487705], [0.9115834906771546, 0.0001776055538891483, 0.016796717193591833, 0.07144218657536441], [0.36334931515890206, 0.05243506745619868, 0.3627076267720293, 0.22150799061287002], [0.0048463366733667084, 0.9944371148965695, 0.000315053595581134, 0.0004014948344826504], [0.23022304674055685, 0.7020073871838798, 0.06774629021177722, 2.32758637860475e-05], [0.00015334476300718416, 0.0008227353514028092, 9.588093464456977e-08, 0.9990238240046555], [0.31913996889573365, 0.00504395893728385, 0.0067691830990134995, 0.669046889067969], [6.52957178968606e-07, 4.826238265713219e-09, 2.418346898701662e-06, 0.9999969238696842], [0.0003265565913475861, 0.11128760432072039, 0.877995015178088, 0.01039082390984415], [0.009251763072956751, 1.0558440301698831e-08, 0.0022801550783943638, 0.9884680712902085], [0.005579755441213103, 0.4606077669180614, 0.29077439237073077, 0.24303808526999482], [0.9999451416918058, 4.6257250786514694e-07, 4.5828545522973605e-05, 8.56719016361724e-06], [0.999888427628728, 7.876898553871553e-05, 3.278977198173327e-05, 1.3613751591384332e-08], [0.0003255176088515807, 0.0002239882916525464, 0.2907783745252113, 0.7086721195742847], [0.0014552236439299392, 1.9471812295128963e-07, 0.9563444169493236, 0.042200164688623344], [0.0023171839042226534, 1.0341767196483728e-05, 0.9976700621111086, 2.412217472066552e-06], [0.3320210860741828, 0.0014623932992639985, 0.666454177090111, 6.234353644210264e-05], [0.34156562703826787, 0.3321910434992767, 0.009934371726808907, 0.3163089577356464], [0.9861508761956926, 0.008262199791783257, 5.686977802363172e-06, 0.005581237034721624], [0.012325558448677137, 6.9532079466021434e-06, 0.9748098915678358, 0.012857596775540332], [0.1601733003993344, 7.222655373301834e-07, 0.43250999374034993, 0.4073159835947784], [0.0027425789707715307, 0.8658457933346777, 0.010247106547530714, 0.12116452114701992], [0.5374311853546027, 0.002596011378046437, 0.00024116338184892484, 0.4597316398855021], [0.8984938120728698, 0.0009180795736830055, 0.005476578648116569, 0.09511152970533063], [0.008718388480838635, 0.8443094052473816, 0.00539349249219268, 0.14157871377958708], [0.9395006088400818, 0.003137289386549387, 0.0028461974668808525, 0.05451590430648787], [0.023566067339590085, 0.001982620137122046, 0.07149953146620762, 0.9029517810570803], [0.2707383626539371, 0.00663990730237374, 0.33471395682886834, 0.3879077732148209], [0.06574988255296779, 0.031525636032234454, 0.003257249196340677, 0.8994672322184571], [0.3826299597365018, 0.009388865904283323, 0.00022277682286973911, 0.6077583975363451], [0.008857877496313985, 1.945498661161507e-06, 0.9876684866830425, 0.003471690321982367], [0.9966545998658377, 7.261589035566192e-07, 2.1776314327202022e-11, 0.003344673953482452], [0.041322084859123746, 0.016161519343240893, 0.00013537865814466931, 0.9423810171394906], [0.0011833944401884995, 0.0001901186155563645, 0.0005530201635650916, 0.9980734667806901], [0.32619173066443635, 0.34774019399415285, 0.11039129933326933, 0.2156767760081415], [0.11691159052772565, 0.8539749210919955, 0.0273514836461644, 0.0017620047341145506], [0.8558332157989232, 0.028545625970061644, 8.727188709386453e-06, 0.11561243104230584], [0.07005697166872964, 0.0592680061777241, 0.0075402384226935645, 0.8631347837308527], [1.736587087200886e-05, 0.00011951492876494658, 0.9998548189567779, 8.300243585196666e-06], [0.8785766328053414, 0.00012342311625793026, 0.04111971267221554, 0.08018023140618519], [0.04499567736620726, 0.8513885940339155, 0.07039716630570399, 0.03321856229417301], [0.004228563772540681, 0.7982707974448402, 0.006204769945752871, 0.19129586883686625], [0.04750470832975372, 0.0016425064149144714, 0.9446421701877166, 0.006210615067615165], [0.20917931772504045, 0.0468785273307968, 0.6415734353932743, 0.10236871955088853], [0.25808599941232907, 6.599791929402698e-06, 4.505450530612267e-06, 0.7419028953452109], [0.06544215062616408, 0.09807242909058518, 0.0032218422603689572, 0.8332635780228818], [0.017813986849885978, 0.003748555713964853, 0.07271263731284971, 0.9057248201232994], [0.017420874653000334, 2.7537598453558493e-06, 1.9478951469668623e-06, 0.9825744236920072], [4.681439384794499e-05, 0.03499736186625965, 0.1540123281302624, 0.81094349560963], [0.013023163093588305, 0.003704466440696178, 0.6023116182263988, 0.38096075223931664], [2.513244330098361e-06, 4.33334369449007e-07, 0.9999765483998502, 2.050502145030741e-05], [0.547885970490511, 0.45191544045120324, 1.1176662958927474e-05, 0.00018741239532677604], [0.6060647002320856, 1.769749475049489e-06, 2.476592834348283e-05, 0.39390876409009595], [0.00663049717873038, 0.9843977003848261, 0.0003644540141298805, 0.00860734842231373], [0.9871365523718605, 0.006131648661418798, 3.333546173516828e-05, 0.0066984635049854], [0.8626449030843837, 0.004833978511143071, 0.008811313172922594, 0.12370980523155052], [0.9936852569571215, 2.2952695748866695e-08, 1.382741474788032e-06, 0.006313337348707813], [0.9632543395950612, 0.03440719359586183, 7.845834734305932e-05, 0.00226000846173391], [0.9995434629822166, 3.320300937175918e-08, 0.0004414810499448707, 1.5022764829174758e-05], [0.9609972061046167, 0.0037117067941720336, 7.13047800296735e-05, 0.03521978232118153], [0.9943953565620091, 2.3072973719302297e-05, 0.005246728131106741, 0.0003348423331648118], [0.9501374496343371, 0.004495461961256107, 0.0034621037848542816, 0.04190498461955263], [0.999515276361373, 9.2745966448016e-06, 8.966205858969417e-05, 0.0003857869833925007], [0.00014090706754089175, 0.003035886143097696, 0.15894173639339226, 0.8378814703959692], [0.0040895790123670435, 0.995900472897621, 4.5862400115283665e-08, 9.902227611801827e-06], [1.0537038130275673e-05, 4.965090453236691e-09, 0.00010000497809612452, 0.9998894530186831], [0.0002186045689661594, 2.4910067080626874e-06, 1.9499891971023375e-07, 0.999778709425406], [0.8896853396361263, 8.924483485889775e-05, 4.2758025567655845e-07, 0.11022498794875918], [0.0033158101801164393, 0.0007801505285359769, 0.991425420632352, 0.00447861865899567], [0.08296613056261094, 0.007060254580494297, 1.3550081164727485e-06, 0.9099722598487782], [0.012551566094173964, 0.16164230587213568, 0.8225287867018365, 0.003277341331853814], [0.01076583590188988, 0.00772164439549936, 0.9814906889860825, 2.1830716528370484e-05], [0.9754525437124723, 0.0017922404549361277, 0.01875604078787778, 0.003999175044713835], [0.00011334612898616399, 0.0041776881418946555, 0.009006654760496821, 0.9867023109686224]]}}