{"test": {"ids": ["110118181", "103113270", "103111170", "112120290", "112120630", "110117140", "107119950", "99110730", "109113881", "113122510", "108114200", "105113210", "113122190", "112119580", "108118630", "109119010", "111120540", "103110100", "112120670", "113119480", "99108710", "106119580", "103111110", "104114320", "103113210", "110118930", "106116120", "105113480", "110114321", "109121640", "107117010", "98112170", "105115680", "99108580", "105113170", "102118380", "111115780", "102116340", "108119550", "112116900", "107116980", "112116451", "100108490", "106112770", "106117770", "97106970", "103112641", "113117550", "97112290", "101111990", "103120290", "101121640", "103118291", "111115910", "102113210", "101117580", "113117630", "109113591", "110121720", "108121160", "98109570", "100109311", "108120700", "111119950", "104114230", "102117351", "107114140", "101108950", "109118820", "109116170", "98110710", "99109860", "106116441", "113118111", "112118820", "109114651", "108120260", "103113101", "98107010", "108113740", "97116401", "103111480", "108117720", "105112100", "113121220", "112118701", "107116501", "98107380", "104112201", "100108260", "111118820", "112117431", "107113360", "112116290", "108120621", "113121410", "113121980", "111117571", "109115070", "101114990", "108115070", "112117461", "104111830", "108120060", "98109090", "111116640", "103111540", "112119950", "109116441", "99109161", "100109910", "107113840", "102110050", "101110150", "105112130", "106111321", "112119610", "113119950", "111119610", "106119990", "105118740", "110121140", "103109641", "107114621", "97107821", "113121810", "113119450", "103113170", "111116290", "102112030", "97105960", "112121410", "99114890", "106115250", "98120530", "106114280", "111120531", "107113180", "99107950", "111116411", "98116500", "106116850"], "labels": [1, 2, 2, 1, 3, 3, 3, 3, 0, 2, 0, 3, 1, 3, 1, 3, 1, 1, 2, 3, 2, 3, 3, 2, 3, 1, 1, 0, 1, 0, 1, 3, 2, 0, 0, 1, 1, 3, 1, 3, 3, 0, 2, 1, 0, 2, 3, 3, 1, 2, 2, 2, 0, 2, 3, 3, 0, 3, 3, 2, 1, 1, 2, 0, 2, 1, 2, 2, 3, 0, 2, 2, 0, 1, 0, 3, 1, 3, 3, 3, 3, 0, 1, 1, 3, 0, 1, 1, 0, 3, 0, 0, 0, 0, 1, 0, 2, 3, 0, 3, 1, 0, 3, 1, 1, 0, 1, 0, 3, 3, 2, 3, 3, 1, 1, 0, 0, 0, 2, 0, 1, 3, 1, 0, 2, 2, 3, 3, 2, 2, 2, 0, 2, 2, 1, 3, 0, 3, 1, 0, 2, 3], "predicted_labels": [3, 1, 0, 0, 1, 1, 3, 3, 3, 1, 3, 3, 0, 3, 1, 1, 2, 3, 1, 3, 1, 0, 1, 1, 0, 1, 1, 3, 1, 1, 2, 0, 1, 2, 3, 3, 0, 1, 1, 1, 0, 0, 3, 3, 1, 0, 2, 3, 3, 3, 2, 3, 1, 0, 0, 3, 3, 1, 1, 0, 3, 0, 1, 3, 1, 0, 2, 1, 1, 1, 1, 1, 1, 3, 3, 0, 0, 1, 3, 1, 3, 0, 3, 3, 3, 3, 3, 3, 1, 1, 1, 3, 0, 1, 0, 1, 3, 1, 1, 1, 1, 3, 1, 1, 1, 1, 3, 1, 3, 1, 3, 3, 3, 1, 2, 3, 3, 3, 1, 0, 2, 1, 3, 1, 0, 1, 0, 1, 0, 1, 3, 1, 1, 0, 3, 3, 0, 3, 1, 0, 2, 0], "confidence_scores": [[0.17861268130821006, 0.2150241587407644, 0.07573075002356196, 0.5306324099274636], [0.22851853988070098, 0.3099429438311693, 0.16641531740495547, 0.29512319888317434], [0.42456652451933985, 0.304038702386608, 0.15026477498349083, 0.12112999811056144], [0.44810353261042407, 0.18493997568499632, 0.19780715616491246, 0.16914933553966713], [0.15949580036557973, 0.30360317450802177, 0.2757847516890956, 0.2611162734373028], [0.2081010072283089, 0.4034524784407546, 0.09569967763638852, 0.29274683669454793], [0.2624990263925303, 0.22658958554746778, 0.10716811078391147, 0.40374327727609044], [0.17217964819869197, 0.2489137771956352, 0.11729207617568108, 0.4616144984299919], [0.24991375202655453, 0.30639228598906165, 0.11759807610545585, 0.32609588587892796], [0.270835741300451, 0.42711851377646065, 0.1475982011079975, 0.15444754381509077], [0.21857798691308647, 0.21611247260419697, 0.24302608659266986, 0.32228345389004665], [0.19312927674947333, 0.17947970466885585, 0.18160919543797566, 0.4457818231436951], [0.30993117734323483, 0.2380038175519835, 0.19745371436257989, 0.25461129074220185], [0.3206218255990131, 0.23302068852951463, 0.12396062019167567, 0.32239686567979675], [0.23937329198786894, 0.4603294189047004, 0.08736294494212082, 0.21293434416530968], [0.20188934258580596, 0.41582122260989873, 0.08958931596275672, 0.2927001188415385], [0.12788257120290525, 0.3431857801568915, 0.3855526929280206, 0.14337895571218268], [0.14083459143489266, 0.1649347855138066, 0.07836031816705857, 0.6158703048842423], [0.11101311532743793, 0.35176196221692124, 0.2747118087164866, 0.26251311373915437], [0.20591633520496358, 0.1472382182621043, 0.1146324166982017, 0.5322130298347304], [0.1806762060894446, 0.575412704529221, 0.08204876840179007, 0.16186232097954445], [0.3014137973731173, 0.23379265116132156, 0.1816712108546655, 0.28312234061089586], [0.1080233093116563, 0.4573702803145645, 0.07635295963387807, 0.358253450739901], [0.16942415245717413, 0.4750096691365414, 0.13707948657048208, 0.21848669183580227], [0.47548904795495106, 0.27277058145698757, 0.10938447972173743, 0.14235589086632394], [0.15738797445490996, 0.5153114892281686, 0.08430103354881796, 0.24299950276810361], [0.28764802666312006, 0.3434185293225999, 0.1377275606809317, 0.2312058833333483], [0.1945158741825278, 0.284048670384776, 0.16029389057339152, 0.36114156485930476], [0.21545919050387466, 0.38968226665057576, 0.11477317047948674, 0.28008537236606307], [0.15576763744376487, 0.46741357429448055, 0.1268611967062236, 0.24995759155553116], [0.15066476080663796, 0.1994029217978149, 0.3861427929566739, 0.26378952443887316], [0.358707591740852, 0.35798837867913474, 0.10942470633576074, 0.17387932324425262], [0.381960515566072, 0.4101141115956137, 0.06243733570875551, 0.14548803712955885], [0.24451435095867388, 0.26224819619190876, 0.28821462230880573, 0.2050228305406118], [0.19454230944545817, 0.12765158188422032, 0.07990795762962996, 0.5978981510406916], [0.17506066036038698, 0.2858253388729608, 0.11512914970528512, 0.42398485106136696], [0.3749439666287061, 0.2799808941782767, 0.08401387046344072, 0.26106126872957647], [0.12111542087481525, 0.3489231591084679, 0.19282920596933606, 0.33713221404738086], [0.15000314292771907, 0.33066113112127427, 0.2922996194342205, 0.22703610651678635], [0.30190114453643474, 0.32060238902586025, 0.13779184461855232, 0.23970462181915256], [0.4459519999286982, 0.27166727458027506, 0.1009401986569404, 0.1814405268340863], [0.5569792898551466, 0.22857932532702638, 0.06983078588389331, 0.14461059893393388], [0.20547797386531327, 0.33076916641713644, 0.11706029409355688, 0.3466925656239934], [0.11266199362690983, 0.1792303703357039, 0.13651814713009802, 0.5715894889072883], [0.20849892527530517, 0.4418554492981736, 0.17696337771493958, 0.1726822477115817], [0.3043154759369765, 0.2653194576354606, 0.26964750995577214, 0.16071755647179078], [0.09736823270514336, 0.1425872122059739, 0.5589972045794669, 0.20104735050941594], [0.29574685029541997, 0.2804016008691057, 0.07215838273236974, 0.35169316610310464], [0.15491721570214537, 0.18975771125223492, 0.08633105862659901, 0.5689940144190209], [0.12403294817393805, 0.2854256743754135, 0.09477896486560682, 0.49576241258504145], [0.21222109007460113, 0.2286587482729164, 0.312993186274449, 0.24612697537803355], [0.13063734538513463, 0.20423242940180777, 0.10155322172211777, 0.5635770034909398], [0.17703769177592352, 0.5231645353603847, 0.13476583224159386, 0.16503194062209806], [0.39300655952297686, 0.1525185951349443, 0.0844365613924059, 0.3700382839496729], [0.6291911951929745, 0.08678547905830383, 0.054376775112210105, 0.22964655063651143], [0.17844525477315012, 0.18401285999571868, 0.22257889250530544, 0.4149629927258259], [0.210622970644162, 0.2922864962882808, 0.12289763600721879, 0.37419289706033854], [0.10209294720465202, 0.6230864930429839, 0.08017486837770907, 0.19464569137465487], [0.12843280062956383, 0.5350295974462356, 0.10250490959060303, 0.2340326923335975], [0.5164966626982018, 0.2240158651924675, 0.05513288507754356, 0.20435458703178713], [0.16526823447384545, 0.33661158292412996, 0.13726839055122686, 0.36085179205079787], [0.3294574051517665, 0.291110745195222, 0.0822749602578781, 0.29715688939513357], [0.21269625986470808, 0.33330194250495226, 0.20681649788217538, 0.24718529974816422], [0.2373814517660656, 0.18760095439729885, 0.2582508133392066, 0.316766780497429], [0.12672290543187767, 0.3874914375698313, 0.2974676654506067, 0.1883179915476841], [0.4515162747663291, 0.2075840831382914, 0.11170096850414536, 0.2291986735912341], [0.22347276707614028, 0.25709805894538545, 0.3293065968740303, 0.19012257710444402], [0.1608990872104519, 0.4205313762434434, 0.09935550398140258, 0.31921403256470215], [0.12954724052521308, 0.4126495378284401, 0.31415657767365457, 0.14364664397269222], [0.16562477671451337, 0.3696623964134679, 0.1455912011402694, 0.3191216257317495], [0.2779652841603681, 0.29961376019336294, 0.19510153523204807, 0.22731942041422115], [0.2066749506134427, 0.4496824523610006, 0.14982430832685473, 0.19381828869870202], [0.2511468632523988, 0.48482859407347906, 0.06531796962689525, 0.19870657304722697], [0.15849013877857568, 0.3457358663629971, 0.059744709481920386, 0.43602928537650687], [0.2802514798625314, 0.25400599259801687, 0.138324870223724, 0.32741765731572775], [0.5215980318618981, 0.17402876772855874, 0.07244311073288907, 0.23193008967665407], [0.6047116665506456, 0.23083560567374037, 0.05706611416480842, 0.10738661361080566], [0.1893645481341332, 0.3570727321007501, 0.27559266621574774, 0.1779700535493692], [0.23014775574432517, 0.22793727293437652, 0.1661230009580456, 0.3757919703632526], [0.21231822354002663, 0.35180228920418793, 0.12503794427902473, 0.3108415429767608], [0.1511530362454522, 0.18636077916903365, 0.33095471524395376, 0.3315314693415604], [0.37096812385685085, 0.27163518905109924, 0.1733302638346932, 0.18406642325735678], [0.2197858046045844, 0.24664491838139613, 0.25423923216382543, 0.27933004485019425], [0.19496362419497815, 0.32926256961767536, 0.10689117032338911, 0.3688826358639573], [0.1716677309947233, 0.1590038073425106, 0.06921845938295129, 0.6001100022798148], [0.2087560403216502, 0.24984620996424062, 0.13481430110568138, 0.406583448608428], [0.17364090834842158, 0.24711604550122904, 0.13047251441234586, 0.44877053173800346], [0.31575265796145824, 0.1877313553602537, 0.17501654661526334, 0.3214994400630246], [0.22630247166062709, 0.42991513151611227, 0.0651016901367308, 0.2786807066865299], [0.2701404548778941, 0.36852259729989945, 0.18692086270294286, 0.17441608511926376], [0.2893326109190882, 0.3540111878739287, 0.09135847898830757, 0.26529772221867537], [0.31843460004189694, 0.12988128040003788, 0.0886602731305912, 0.4630238464274739], [0.4078885374832723, 0.2480322368979031, 0.08780495789522987, 0.2562742677235947], [0.20375412049796232, 0.5699473974540786, 0.11350068458346535, 0.11279779746449353], [0.353782608877289, 0.3000786395900854, 0.07630080758203055, 0.2698379439505952], [0.17763518757983987, 0.4092503822456545, 0.08723460553370382, 0.32587982464080195], [0.27025856693087946, 0.25755443197181976, 0.10268079585628913, 0.3695062052410117], [0.09349823246248809, 0.6870837748032297, 0.03890963686627333, 0.18050835586800876], [0.1867609408805763, 0.5267480328730391, 0.14178554502661656, 0.14470548121976803], [0.1705617247353764, 0.49191070785991425, 0.08533741124963254, 0.25219015615507684], [0.2081807894162337, 0.398860131068572, 0.1284829432459372, 0.2644761362692571], [0.34261062512138346, 0.11808942103279763, 0.09089355484319488, 0.448406399002624], [0.24252697500113052, 0.3229185408219727, 0.18935623503314714, 0.24519824914374957], [0.2570325848259411, 0.3302414120077635, 0.1948562939726187, 0.2178697091936767], [0.23934929906712557, 0.3008592735415859, 0.17082454979631845, 0.28896687759496986], [0.27476501207560217, 0.3553819407183529, 0.20386329584416982, 0.16598975136187538], [0.2848593528452832, 0.26985357833529905, 0.10785685964583425, 0.3374302091735835], [0.248847638557356, 0.3354906456382868, 0.08552964286434683, 0.33013207294001057], [0.23965206562190444, 0.33356068911874814, 0.06421463581631925, 0.3625726094430283], [0.30991287035908055, 0.3641392449231878, 0.06055511256118657, 0.2653927721565453], [0.26060540873978905, 0.23362761970893126, 0.2097383116706265, 0.2960286598806533], [0.19852701722335847, 0.2919533173407638, 0.10114735867239125, 0.4083723067634865], [0.24545340037380037, 0.31483075838088637, 0.11141402985947149, 0.3283018113858418], [0.2772457285390985, 0.35778145481301393, 0.11225834912902036, 0.25271446751886717], [0.15976176970081257, 0.19145160076974502, 0.3443031460602408, 0.3044834834692015], [0.12090883625546164, 0.31617742354519424, 0.07481338784458155, 0.48810035235476257], [0.15953136263187945, 0.23970669476525214, 0.21118875231539247, 0.3895731902874759], [0.2615343663774245, 0.20266234398110067, 0.24734220406489316, 0.28846108557658157], [0.16623907818979994, 0.39400713786936103, 0.3108213351517125, 0.12893244878912663], [0.31265430398326033, 0.30603536453012764, 0.07544964810476183, 0.30586068338185], [0.17255955252829022, 0.2589979568638862, 0.4478828096738908, 0.12055968093393286], [0.18065868915288869, 0.4576525973919256, 0.09481041244185105, 0.26687830101333476], [0.20848109523008057, 0.23629940649608125, 0.109670660568788, 0.4455488377050501], [0.332371693617917, 0.40563724984914873, 0.05599218832678864, 0.20599886820614569], [0.45933154575696344, 0.22297258415724827, 0.17531415174510015, 0.14238171834068802], [0.12499318668479718, 0.3633579254519893, 0.2599241507245115, 0.2517247371387019], [0.3898666041208976, 0.3086382226113723, 0.0901559321276361, 0.211339241140094], [0.29962533876837055, 0.37442582877532027, 0.16696848464893388, 0.15898034780737533], [0.27601133201755723, 0.25357353208973316, 0.20198439547193947, 0.26843074042077014], [0.20920430305694693, 0.34031645528908916, 0.15899182565627157, 0.29148741599769235], [0.15127618600647683, 0.21893784796255755, 0.1492975813170998, 0.4804883847138659], [0.22987687556887706, 0.5355157372094963, 0.09673219016630122, 0.13787519705532542], [0.21057599006561717, 0.40502716475798795, 0.18320755010000558, 0.20118929507638925], [0.4608297619653864, 0.1910444908559658, 0.15979911797587912, 0.1883266292027687], [0.17828957427194286, 0.24329316541727666, 0.14596509007599565, 0.4324521702347848], [0.13331203178679066, 0.2189828814164608, 0.08136007039628652, 0.5663450164004621], [0.4386002555952759, 0.23954327641809323, 0.10091765409062084, 0.22093881389601006], [0.21027963213450698, 0.1975923576268824, 0.2758339545832557, 0.31629405565535484], [0.10195454377540795, 0.5696792822885118, 0.16065990712662728, 0.16770626680945294], [0.4240595718515398, 0.19324346612507246, 0.11803385940907414, 0.2646631026143135], [0.13467651707821793, 0.2114928657703681, 0.3985903403957432, 0.25524027675567074], [0.3951846108569985, 0.18328202837611945, 0.1441818077978515, 0.2773515529690305]]}, "rewritten": {"ids": ["97105960", "97106970", "97107821", "97112290", "97116401", "98107010", "98107380", "98109090", "98109570", "98110710", "98112170", "98116500", "98120530", "99107950", "99108580", "99108710", "99109161", "99109860", "99110730", "99114890", "100108260", "100108490", "100109311", "100109910", "101108950", "101110150", "101111990", "101114990", "101117580", "101121640", "102110050", "102112030", "102113210", "102116340", "102117351", "102118380", "103109641", "103110100", "103111110", "103111170", "103111480", "103111540", "103112641", "103113101", "103113170", "103113210", "103113270", "103118291", "103120290", "104111830", "104112201", "104114230", "104114320", "105112100", "105112130", "105113170", "105113210", "105113480", "105115680", "105118740", "106111321", "106112770", "106114280", "106115250", "106116120", "106116441", "106116850", "106117770", "106119580", "106119990", "107113180", "107113360", "107113840", "107114140", "107114621", "107116501", "107116980", "107117010", "107119950", "108113740", "108114200", "108115070", "108117720", "108118630", "108119550", "108120060", "108120260", "108120621", "108120700", "108121160", "109113591", "109113881", "109114651", "109115070", "109116170", "109116441", "109118820", "109119010", "109121640", "110114321", "110117140", "110118181", "110118930", "110121140", "110121720", "111115780", "111115910", "111116290", "111116411", "111116640", "111117571", "111118820", "111119610", "111119950", "111120531", "111120540", "112116290", "112116451", "112116900", "112117431", "112117461", "112118701", "112118820", "112119580", "112119610", "112119950", "112120290", "112120630", "112120670", "112121410", "113117550", "113117630", "113118111", "113119450", "113119480", "113119950", "113121220", "113121410", "113121810", "113121980", "113122190", "113122510"], "labels": [2, 2, 2, 1, 3, 3, 1, 1, 1, 2, 3, 2, 1, 1, 0, 2, 3, 2, 3, 2, 3, 2, 1, 2, 2, 1, 2, 3, 3, 2, 3, 2, 3, 3, 1, 1, 1, 1, 3, 2, 0, 1, 3, 3, 3, 3, 2, 0, 2, 3, 0, 2, 2, 1, 1, 0, 3, 0, 2, 1, 0, 1, 3, 2, 1, 0, 3, 0, 3, 0, 3, 0, 3, 2, 0, 1, 3, 1, 3, 3, 0, 1, 1, 1, 1, 1, 1, 1, 2, 2, 3, 0, 3, 0, 0, 3, 3, 3, 0, 1, 3, 1, 1, 3, 3, 1, 2, 2, 0, 0, 3, 0, 2, 0, 0, 1, 0, 0, 3, 0, 0, 0, 0, 3, 0, 0, 1, 3, 2, 0, 3, 0, 1, 3, 3, 0, 3, 0, 2, 2, 1, 2], "predicted_labels": [1, 1, 1, 3, 0, 1, 1, 1, 3, 1, 0, 1, 0, 1, 1, 1, 1, 1, 1, 1, 1, 1, 3, 0, 3, 0, 3, 1, 0, 3, 3, 1, 0, 0, 3, 1, 3, 3, 1, 3, 0, 2, 3, 0, 2, 1, 3, 1, 1, 1, 3, 1, 3, 0, 2, 3, 3, 1, 1, 1, 3, 0, 3, 2, 1, 0, 0, 1, 3, 3, 0, 1, 1, 1, 3, 3, 0, 3, 0, 0, 3, 1, 3, 1, 2, 2, 1, 3, 1, 0, 1, 1, 1, 1, 1, 0, 2, 3, 1, 3, 3, 1, 2, 1, 0, 1, 1, 0, 3, 1, 1, 1, 3, 0, 3, 2, 1, 3, 3, 1, 0, 0, 1, 1, 1, 0, 0, 1, 1, 0, 3, 1, 3, 1, 3, 3, 3, 1, 3, 1, 3, 1], "confidence_scores": [[0.14601552777746074, 0.29605630143098605, 0.27199472615654585, 0.2859334446350075], [0.1662398300102469, 0.5377645778945735, 0.10291872160272307, 0.19307687049245653], [0.2567830167399018, 0.3951041620278555, 0.13048401474030066, 0.21762880649194208], [0.25011003767764967, 0.26760952712210706, 0.11349990257077976, 0.3687805326294637], [0.27551056401364343, 0.182488120732175, 0.27227595023430357, 0.269725365019878], [0.3133649445868091, 0.3498811812438054, 0.08271384089879874, 0.2540400332705867], [0.23623188266445985, 0.2935362422887089, 0.17700954506948235, 0.29322232997734893], [0.20544635329139788, 0.38997444348605037, 0.09737157929831314, 0.3072076239242385], [0.30398328672701846, 0.27190401792244023, 0.07281310843601986, 0.35129958691452157], [0.23243817433966713, 0.3627150832494513, 0.14377558795558792, 0.2610711544552937], [0.3597455733258068, 0.20370760512835462, 0.14085592860085616, 0.29569089294498246], [0.15269733138476138, 0.3803411608093237, 0.321248299424911, 0.14571320838100393], [0.3164895872828045, 0.26013651535180093, 0.11663716642908352, 0.3067367309363112], [0.10198242182626369, 0.4036613984463563, 0.2861910872969626, 0.20816509243041756], [0.1547763133917234, 0.365724620011908, 0.24885058235030294, 0.23064848424606588], [0.07508764161646138, 0.7841349326812003, 0.058329730635522194, 0.08244769506681625], [0.13637727190650936, 0.6892097962524504, 0.041211475800208376, 0.13320145604083192], [0.1708359497561344, 0.4792511554446021, 0.14671473501637142, 0.20319815978289213], [0.09102923311199576, 0.5278717602787808, 0.0863361536901355, 0.29476285291908794], [0.19059158533626533, 0.45530134285732693, 0.17184004974203076, 0.18226702206437717], [0.1580044594866963, 0.3470812120421734, 0.333624705470183, 0.1612896230009472], [0.26205434287232693, 0.3403669117867853, 0.1149367012174396, 0.28264204412344807], [0.2265840321334586, 0.21111122518379416, 0.11279543705444686, 0.4495093056283003], [0.280602871759027, 0.24670083743051896, 0.21270648452526, 0.259989806285194], [0.21590300252489564, 0.3151145833093589, 0.06948230721031184, 0.3995001069554337], [0.3755639258511049, 0.26741677517010254, 0.22702526636650752, 0.12999403261228512], [0.2551653272251441, 0.21071962552646495, 0.07412478947673766, 0.4599902577716534], [0.14828332756721357, 0.608947770144095, 0.10121896350146724, 0.14154993878722436], [0.40011706041631445, 0.19499516801148792, 0.2165495542123125, 0.18833821735988526], [0.11515949558453095, 0.2316975434097062, 0.10245326544871587, 0.5506896955570469], [0.22835751811339292, 0.2461663993169513, 0.17739398788050295, 0.3480820946891527], [0.09886567587350495, 0.6639743708191916, 0.10102497531237922, 0.13613497799492438], [0.2981205876072445, 0.2847411603903939, 0.14754179551750757, 0.26959645648485414], [0.3801865503565838, 0.1821679592265238, 0.20573484493135147, 0.231910645485541], [0.22922269480933885, 0.1880690797772054, 0.10032627604155327, 0.48238194937190265], [0.15216716304894085, 0.5248296914741888, 0.09608626048259496, 0.22691688499427534], [0.18958103339120766, 0.22071767360809458, 0.20164805558116336, 0.38805323741953435], [0.09177418175342254, 0.19108462726623446, 0.11715900010066267, 0.5999821908796804], [0.19285113305865595, 0.5326519527780604, 0.09310558432860037, 0.1813913298346832], [0.2381820573782501, 0.23882994751174455, 0.20368953091161957, 0.3192984641983857], [0.608363229944982, 0.13917457421350754, 0.08977517887625273, 0.16268701696525772], [0.1668887980772961, 0.2662363505281537, 0.2973728650928482, 0.2695019863017018], [0.1276533245863319, 0.2917183680055353, 0.27957941632419087, 0.30104889108394195], [0.4126385391225017, 0.2719249258321783, 0.21871622831424828, 0.09672030673107193], [0.1252574436479995, 0.19961841369983524, 0.41957417605133884, 0.2555499666008264], [0.2575675311897937, 0.3562678386258277, 0.16762692532174697, 0.2185377048626316], [0.1916304300008648, 0.30194443967064954, 0.12218166588867158, 0.3842434644398142], [0.1757320122605192, 0.44922161348387024, 0.11074141213507342, 0.26430496212053717], [0.13813929943637865, 0.3462365614224196, 0.21639583129583395, 0.2992283078453676], [0.1709063771517738, 0.3552483751479167, 0.1564742849411087, 0.3173709627592011], [0.36159980682901327, 0.17862738936368458, 0.07384717127216771, 0.38592563253513446], [0.1335819700765458, 0.4590589556997717, 0.16924421719214727, 0.23811485703153532], [0.2161316515544399, 0.19802619304459473, 0.1133053546974101, 0.47253680070355514], [0.3662049236832383, 0.3098354795409382, 0.12565574116269682, 0.1983038556131269], [0.29458869262710574, 0.19706821133620372, 0.3783881663438077, 0.12995492969288294], [0.3327655032011882, 0.15308989246991295, 0.08946427445992979, 0.4246803298689691], [0.18459471565819538, 0.2607452525320805, 0.13200136657249445, 0.4226586652372296], [0.14379969889131286, 0.46371159197986805, 0.10381685323985032, 0.2886718558889687], [0.1184979137821494, 0.4868713519188155, 0.13961467357680818, 0.2550160607222269], [0.14078638300396087, 0.5962477045444858, 0.12796582313713228, 0.13500008931442092], [0.27035157609001254, 0.23021299626386768, 0.11848057787951917, 0.3809548497666007], [0.3085298480726644, 0.16968346642828327, 0.2792852065570765, 0.24250147894197585], [0.21616484231279437, 0.3261145214192721, 0.1027743656347341, 0.3549462706331994], [0.15298333569210673, 0.15680011127548898, 0.5444354838811234, 0.1457810691512809], [0.28283668816959423, 0.35704679249496707, 0.15171606918467598, 0.20840045015076278], [0.4697965733244713, 0.21850842689594732, 0.10176525004004146, 0.20992974973954], [0.31724153985403175, 0.25148413087188864, 0.23684716080907087, 0.19442716846500868], [0.22079816702163152, 0.30016129971802835, 0.21107989548462822, 0.2679606377757119], [0.1328922663308705, 0.2758463800059927, 0.2423539297535396, 0.3489074239095971], [0.19104738817445957, 0.3216646372438994, 0.098502491362082, 0.38878548321955897], [0.29959276454911954, 0.23474676722066834, 0.24596039181488433, 0.21970007641532782], [0.17550794026068886, 0.46142284748996437, 0.053605616598591053, 0.30946359565075565], [0.25893884074660334, 0.47077005135619093, 0.08454234044723064, 0.1857487674499751], [0.1654179120332948, 0.3257485076135393, 0.2363125763390585, 0.27252100401410734], [0.12867057254725617, 0.31143772244021684, 0.07270045755038705, 0.4871912474621398], [0.18932860136213825, 0.3117081166998891, 0.13360551074160013, 0.36535777119637275], [0.3463744596384378, 0.2968039359353182, 0.1651437486260919, 0.19167785580015184], [0.16763003018281855, 0.12903662265699756, 0.19794336330671689, 0.505389983853467], [0.31194948020730634, 0.26596365130621613, 0.14488372516353823, 0.2772031433229394], [0.4642540855290567, 0.20381086143258056, 0.10529178291921654, 0.22664327011914617], [0.22758212386715712, 0.13383434032136426, 0.053706588299641325, 0.5848769475118373], [0.32841409479777955, 0.3653389266467514, 0.09718552398911767, 0.20906145456635145], [0.21523738784835517, 0.24014193623178678, 0.14424207106014852, 0.40037860485970944], [0.2812603420195509, 0.38796033646479594, 0.15657769602169755, 0.17420162549395554], [0.22202127319069592, 0.25065467497839833, 0.35407823148833056, 0.17324582034257527], [0.23177995033437612, 0.26276611389777227, 0.35141183948578303, 0.15404209628206864], [0.21913411265388127, 0.3403305917458485, 0.19042231014260627, 0.2501129854576639], [0.3769405965331268, 0.1776344219740366, 0.05899138006725115, 0.38643360142558547], [0.24699374598509333, 0.2713195268766691, 0.24330122448397504, 0.23838550265426264], [0.37879792004097534, 0.32524942100733495, 0.15077108981783813, 0.1451815691338516], [0.05635434956899769, 0.8109258115008601, 0.03168990911979587, 0.10102992981034621], [0.292032313810143, 0.39021697627853236, 0.13339357772606855, 0.18435713218525615], [0.1706937479092055, 0.331443933906326, 0.203255953775554, 0.2946063644089145], [0.11255090292917182, 0.5136359701425944, 0.2518454260232673, 0.1219677009049664], [0.14645505541485268, 0.3789026854165032, 0.19767091733207165, 0.27697134183657257], [0.43155019488097895, 0.2397395040006549, 0.04669140433155047, 0.28201889678681547], [0.10046495270154532, 0.2661477858096995, 0.4031990541193473, 0.23018820736940804], [0.1803130546481153, 0.28695744698439973, 0.1389231662274791, 0.3938063321400059], [0.23346350355052625, 0.35380176238132377, 0.17135092044448175, 0.24138381362366826], [0.26005955773548917, 0.23415142651715373, 0.23247630126245755, 0.2733127144848996], [0.28506774261713486, 0.14401467666500017, 0.10583595044302574, 0.465081630274839], [0.22074765184130643, 0.4541943383000532, 0.048610466206344995, 0.27644754365229524], [0.08423696614251903, 0.304826092628304, 0.3464303304286246, 0.2645066108005524], [0.25911884777871946, 0.4654407135131242, 0.13431761899420314, 0.14112281971395324], [0.41114050356219434, 0.1840576958282392, 0.25509074626365363, 0.149711054345913], [0.31602166320416586, 0.3893389553773376, 0.06156211082461487, 0.23307727059388172], [0.15581387767689447, 0.3471192511447742, 0.3070099878557, 0.1900568833226314], [0.4607102698836991, 0.16402492749995037, 0.2075626967821868, 0.1677021058341636], [0.18738277798004022, 0.17343004869524548, 0.209039537369111, 0.4301476359556033], [0.21621138873820703, 0.3404168188344931, 0.21185720700985922, 0.23151458541744074], [0.1327552239698682, 0.3960336030693534, 0.09158300903594596, 0.37962816392483245], [0.11926521098118677, 0.6285241144783925, 0.09905391877628224, 0.15315675576413845], [0.13152700557250502, 0.3536200534692551, 0.12670193958185583, 0.3881510013763842], [0.40152533320961065, 0.21880622469395333, 0.14054348537396266, 0.2391249567224734], [0.1424302723311969, 0.3243203825708877, 0.10796942173319067, 0.4252799233647247], [0.17940081371132174, 0.168189207864974, 0.47175679685420285, 0.18065318156950147], [0.08044506161828703, 0.6685956639276666, 0.06630890785982282, 0.1846503665942237], [0.3501227189733188, 0.1603758104001581, 0.124000312331059, 0.3655011582954641], [0.2457129388832691, 0.2724681530216046, 0.19044923346050824, 0.29136967463461816], [0.2679236275381974, 0.4034033523648154, 0.1362933855445553, 0.192379634552432], [0.3764386617095136, 0.21966021694249546, 0.08696692746952782, 0.316934193878463], [0.4326523339483416, 0.16959836511917026, 0.05027308540297293, 0.34747621552951524], [0.19138087762242778, 0.3760826577526899, 0.17782185294392341, 0.25471461168095905], [0.1910508262950672, 0.3226655779450905, 0.20225217213395694, 0.2840314236258854], [0.2386412763053399, 0.4244521036663652, 0.15570699508184957, 0.18119962494644548], [0.3988583526249391, 0.23728337244766506, 0.12015084411160853, 0.2437074308157873], [0.28630902274321096, 0.25961479913390195, 0.22016379559415944, 0.23391238252872756], [0.18478247589239225, 0.3999289347861359, 0.13325870975091034, 0.28202987957056164], [0.233927470306473, 0.33182238738717307, 0.11788930749116987, 0.3163608348151842], [0.3355291147911605, 0.21730779485959348, 0.18722025385354082, 0.2599428364957053], [0.23564133577129912, 0.14787331597134737, 0.15426552755607628, 0.4622198207012771], [0.16592856626777128, 0.35535455578166786, 0.3497484904930925, 0.12896838745746825], [0.16654550944392416, 0.2650400633418411, 0.06372166554803736, 0.5046927616661974], [0.20852775317609, 0.41525046131591664, 0.13126504178026116, 0.2449567437277322], [0.2540322167843213, 0.20280143638817777, 0.19080259011029088, 0.35236375671721], [0.20388297178240325, 0.22136771676906236, 0.27376045481172623, 0.30098885663680824], [0.0887771859322868, 0.3610492410799336, 0.10162269942951527, 0.4485508735582644], [0.13408577624240794, 0.38272434117103027, 0.11430162247571467, 0.36888826011084713], [0.137851458762372, 0.313041435928148, 0.18597642669430375, 0.3631306786151764], [0.12337722446666027, 0.35735192482564493, 0.21154681046326967, 0.30772404024442535], [0.08765483466489862, 0.19723287868363268, 0.2646010512566893, 0.4505112353947795], [0.18336558217647875, 0.3108188801080584, 0.21068129479234318, 0.2951342429231199]]}}