{"test": {"ids": ["111117200", "108115570", "97118210", "111119930", "103113101", "101109120", "104112201", "110118301", "110118121", "104111550", "110117080", "103120340", "108116120", "100116500", "103110840", "100109980", "110121450", "107119130", "113122160", "111117571", "112121360", "110116441", "100109910", "99112840", "106116640", "108118060", "104113380", "111116640", "101111210", "104116800", "113119320", "110118701", "102116500", "102116340", "105111990", "110120700", "113120531", "106115240", "106115120", "111120320", "113122180", "99120010", "100117420", "111116090", "111116290", "101110740", "97116790", "109119450", "113122430", "107120130", "99109780", "108116501", "111121190", "99111930", "101111140", "102109910", "98109570", "97107681", "108119330", "112118421", "111115910", "103118291", "103110220", "101108121", "107114280", "106116120", "112116810", "108115070", "99111440", "103111540", "104119340", "110120560", "104111780", "102117351", "102109840", "97105960", "105118740", "110118810", "112121010", "112117790", "100113210", "105115680", "105110091", "112120290", "109116810", "108117610", "110118450", "104119290", "105115900", "97106600", "107116980", "109116930", "107116501", "98116090", "107114321", "111118810", "109117600", "111121410", "100111620", "105113260", "111114121", "99107500", "104114230", "100109360", "98108370", "107112840", "113119700", "102109010", "97113260", "100116790", "110116501", "108115970", "111120190", "106116370", "113117340", "111115780", "105118230", "110118181", "102107961", "112119120", "113118421", "106114150", "112118161", "110114610", "99108310", "113121010", "99107630", "107113200", "113121680", "112118581", "97106820", "98108520", "101108370", "110118630", "111116170", "105119950", "112118880", "100120780", "113117630", "111115770", "99109740", "102111990"], "labels": [0, 3, 2, 1, 3, 1, 0, 1, 3, 1, 1, 1, 1, 2, 1, 1, 3, 1, 3, 3, 3, 3, 2, 2, 3, 1, 1, 0, 2, 1, 1, 3, 1, 3, 2, 2, 0, 1, 1, 1, 2, 2, 2, 3, 2, 3, 2, 3, 2, 2, 2, 0, 1, 1, 2, 2, 1, 3, 0, 3, 2, 0, 2, 0, 3, 1, 3, 1, 3, 1, 1, 0, 3, 1, 2, 2, 1, 1, 2, 3, 0, 2, 0, 1, 3, 3, 0, 1, 3, 3, 3, 0, 1, 0, 0, 0, 1, 0, 3, 3, 0, 0, 2, 0, 1, 1, 0, 1, 1, 2, 3, 2, 3, 2, 2, 1, 1, 1, 3, 1, 3, 1, 0, 1, 2, 2, 2, 0, 1, 1, 1, 2, 1, 1, 0, 3, 1, 1, 0, 3, 3, 2], "predicted_labels": [3, 3, 2, 3, 1, 3, 0, 1, 3, 1, 1, 3, 0, 3, 0, 0, 0, 3, 1, 0, 0, 1, 2, 3, 3, 1, 0, 0, 3, 3, 0, 0, 2, 3, 3, 0, 1, 0, 0, 3, 3, 0, 2, 0, 1, 1, 2, 3, 1, 1, 1, 3, 3, 1, 3, 3, 3, 2, 0, 0, 1, 1, 3, 3, 1, 3, 1, 0, 3, 3, 3, 1, 1, 3, 1, 2, 3, 3, 1, 0, 3, 1, 3, 2, 0, 3, 1, 1, 3, 2, 0, 2, 0, 3, 3, 3, 0, 0, 0, 3, 1, 2, 2, 3, 2, 1, 1, 1, 2, 0, 3, 3, 1, 0, 1, 0, 1, 1, 2, 3, 0, 3, 3, 1, 3, 1, 3, 0, 1, 2, 0, 0, 0, 3, 3, 1, 3, 3, 1, 3, 1, 0], "confidence_scores": [[0.12196351145826527, 0.15417228546633274, 0.0038689555189400752, 0.7199952475564618], [0.34276943482473443, 0.14693798000619568, 0.22546668763078712, 0.28482589753828264], [0.24468156145404316, 0.06887126610949862, 0.5279655909435357, 0.15848158149292246], [0.3561593500444196, 0.11605548768319217, 0.04110578951879345, 0.4866793727535948], [0.20568365976526126, 0.4986234234368923, 0.06062983512190513, 0.2350630816759416], [0.1810392050977993, 0.2354067509754034, 0.2583347061261948, 0.3252193378006026], [0.692928144650158, 0.16049331082575521, 0.03934548281190188, 0.1072330617121847], [0.08666203430797438, 0.8399872787800666, 0.030821125434033984, 0.04252956147792473], [0.20617295219295098, 0.2502092776831064, 0.00799200489343142, 0.5356257652305113], [0.15015729864301927, 0.3106028665713462, 0.3713439624239299, 0.16789587236170453], [0.05638823521281493, 0.6691896159818818, 0.0693428701849316, 0.2050792786203718], [0.2645073346272876, 0.14974068319305128, 0.04323108987351532, 0.5425208923061459], [0.6724930288782567, 0.01013266678712389, 0.016603782997403272, 0.30077052133721616], [0.15839333715555848, 0.22510470374073058, 0.15932570185488726, 0.4571762572488235], [0.23972162795595925, 0.2327798297345831, 0.28127354219841133, 0.24622500011104623], [0.8393383911483957, 0.07032976026457563, 0.02484734948608806, 0.06548449910094059], [0.6932600713075713, 0.0926986928285801, 0.02177738306263309, 0.19226385280121522], [0.24641422138010374, 0.3340858116944307, 0.01662672082300993, 0.4028732461024557], [0.04992861457008467, 0.6193496529723802, 0.18730251261461148, 0.14341921984292366], [0.6186986060870587, 0.3052740231199274, 0.011785935919809355, 0.06424143487320441], [0.7932927394943593, 0.11749889084239168, 0.02220288504861065, 0.06700548461463846], [0.1579349349278407, 0.4363572752871469, 0.376239858818058, 0.029467930966954537], [0.1217823466133104, 0.04053565746960167, 0.8173948208527141, 0.02028717506437372], [0.10628491794187002, 0.12917404040030117, 0.044855803522587785, 0.7196852381352414], [0.20400291608543258, 0.014539911230290175, 0.03675248939759631, 0.7447046832866807], [0.4714815844031851, 0.3491359916849597, 0.039762552659845775, 0.13961987125200942], [0.2606796058972764, 0.2831119820585656, 0.28990040454978355, 0.16630800749437472], [0.5725608325391218, 0.24872194327945632, 0.07346038968735473, 0.10525683449406685], [0.1878159551434099, 0.1611720663813315, 0.06768895591876421, 0.5833230225564944], [0.1779999420746547, 0.10758462429345204, 0.17401336921395866, 0.5404020644179349], [0.568067896594043, 0.14205686742129983, 0.012457159649052855, 0.2774180763356043], [0.19405858437240095, 0.22448662804545697, 0.4193620366587356, 0.16209275092340664], [0.12286964892577003, 0.16027128943959987, 0.6234237461054409, 0.09343531552918888], [0.03846390840707449, 0.25477389281978985, 0.29784265826907713, 0.40891954050405843], [0.4083082014690584, 0.17137805631779848, 0.00759316138243881, 0.4127205808307047], [0.4358880488885041, 0.26121134820982683, 0.1531805095352254, 0.14972009336644368], [0.2022008974510636, 0.4496496488123169, 0.09687602852803352, 0.2512734252085859], [0.7775662821455135, 0.04066009345720786, 0.03202175112390729, 0.14975187327337122], [0.88373514941166, 0.09064499811711754, 0.00446192209935075, 0.021157930371871463], [0.21330041131635638, 0.13585032392242888, 0.05325293670061161, 0.597596328060603], [0.13775835245982088, 0.2046561840131993, 0.015353170097798578, 0.6422322934291814], [0.34984661108428083, 0.16208544835498562, 0.2737084573292456, 0.2143594832314882], [0.021873973241495388, 0.0426008278490262, 0.7635540937347464, 0.17197110517473196], [0.6872920084250725, 0.10858748589951858, 0.08084888226671774, 0.12327162340869097], [0.32722137334445306, 0.3457261180977994, 0.14948273700142228, 0.17756977155632547], [0.056527936006087895, 0.5040462563196632, 0.0943461475984429, 0.34507966007580554], [0.23531283971769387, 0.11512260184673433, 0.5924491807705846, 0.05711537766498718], [0.03956120280743971, 0.0671746366704813, 0.19971861045704908, 0.6935455500650296], [0.09098362476691106, 0.44736227272054385, 0.060166275137097956, 0.40148782737544747], [0.24203974076490772, 0.2859179820302534, 0.3964140240827228, 0.07562825312211632], [0.08088536073713654, 0.5812033252342109, 0.19686513010305057, 0.14104618392560223], [0.3896278247749825, 0.23734529957894443, 0.019841354720182183, 0.3531855209258908], [0.1327084927722199, 0.2491410063835159, 0.04303514006878384, 0.5751153607754805], [0.02825299295071434, 0.8218061876384364, 0.04478943149269073, 0.10515138791815874], [0.20849629928772268, 0.04980478065151145, 0.05616028051396843, 0.6855386395467977], [0.48497677041879333, 0.035111737782101186, 0.051823138971047115, 0.42808835282805846], [0.050804710510493595, 0.00926928927980543, 0.014137316676731144, 0.9257886835329698], [0.031362746269328896, 0.036897373546483134, 0.7594169308460466, 0.17232294933814118], [0.6520579407759292, 0.14698155528396942, 0.10524968828765285, 0.09571081565244839], [0.5345854378550663, 0.2633150594359122, 0.013773182816148255, 0.18832631989287296], [0.1707292313706118, 0.5960281000084856, 0.16616881515916487, 0.06707385346173739], [0.15925964371376486, 0.28644435212674757, 0.38713655661143564, 0.16715944754805206], [0.0568742944185498, 0.2072438551093357, 0.26300606841201857, 0.47287578206009634], [0.20743312596872943, 0.059307736299267166, 0.02769991782921506, 0.705559219902788], [0.26409449823377285, 0.647923972251915, 0.0463242968416822, 0.04165723267263022], [0.11469804863776642, 0.1395116720774778, 0.16664815670214295, 0.5791421225826129], [0.14974005595428821, 0.5332591545448931, 0.17363530995897966, 0.14336547954183884], [0.7130331822365039, 0.15270042500379946, 0.09107190680769321, 0.04319448595200356], [0.2415773485745904, 0.08884645075134122, 0.27517506837842526, 0.39440113229564294], [0.14040555506905036, 0.11184817570047163, 0.17504121231202036, 0.5727050569184579], [0.32933148071722906, 0.27602141398858604, 0.026481692643265397, 0.36816541265091934], [0.3756941429633719, 0.26587490069744146, 0.16051341198012356, 0.1979175443590632], [0.11396044508539643, 0.7679419762803084, 0.031952102664744166, 0.08614547596955112], [0.21096883468247166, 0.04820594570712615, 0.004647555704805864, 0.7361776639055964], [0.13246782066482488, 0.6037462829713721, 0.23880217636673565, 0.024983719997067177], [0.042627554615372945, 0.06338941707467576, 0.49817086277849526, 0.3958121655314562], [0.27466031050915696, 0.28774758979571924, 0.09944183928394831, 0.3381502604111755], [0.3196598463778782, 0.16962474501072022, 0.14541229726378876, 0.3653031113476128], [0.364449740464476, 0.3964081819707612, 0.07498416961818977, 0.16415790794657306], [0.614544292187235, 0.06736403031377716, 0.04702908378884949, 0.2710625937101382], [0.2232987188606424, 0.018238747298478162, 0.005364611637901952, 0.7530979222029778], [0.03271957096745221, 0.7553524453307143, 0.09352859587420674, 0.11839938782762688], [0.11788691593948737, 0.2418711624688011, 0.2527027278149511, 0.3875391937767605], [0.2555536319370637, 0.1052035370374656, 0.5984091070937939, 0.04083372393167687], [0.3288814792700264, 0.31200682385799866, 0.0205295133972342, 0.33858218347474056], [0.34878560717234836, 0.043054433946560604, 0.003762958076008885, 0.6043970008050821], [0.07210528961633172, 0.5559114166149838, 0.3111207295935726, 0.06086256417511178], [0.060925462704583516, 0.37480786757275025, 0.36891206765538515, 0.1953546020672812], [0.1443492663013215, 0.07766887896619198, 0.19483251452951242, 0.5831493402029743], [0.16487838525505577, 0.08147738263309885, 0.563386401315565, 0.19025783079628017], [0.9053917912883506, 0.056093646055360206, 0.028183997247673058, 0.010330565408616335], [0.274391564541859, 0.05984203970433882, 0.6124307428493755, 0.05333565290442674], [0.3883587530421889, 0.2665839925766655, 0.14142744280052977, 0.2036298115806156], [0.2371774852846765, 0.27178157687491317, 0.1773348164519363, 0.31370612138847404], [0.11841007884797528, 0.15695617513428248, 0.08219437752212749, 0.6424393684956147], [0.3722090366728933, 0.14890144366880698, 0.0016760622564123823, 0.47721345740188753], [0.6530395768892544, 0.10216658102680354, 0.0276727999038492, 0.2171210421800929], [0.6296679632041039, 0.2940831050568979, 0.012653086980208252, 0.06359584475878984], [0.3316529042232856, 0.10197984350405155, 0.3883695642321644, 0.1779976880404984], [0.25186805288986175, 0.055131144823238526, 0.027347389363665695, 0.665653412923234], [0.07757911354780991, 0.8817994285047653, 0.008736527921650993, 0.03188493002577415], [0.11802300275247007, 0.1631233851713285, 0.477853291744894, 0.2410003203313071], [0.05906056085373772, 0.13661293075963127, 0.7063103211563597, 0.09801618723027149], [0.13078957006161282, 0.0385719042938639, 0.11317886164251845, 0.7174596640020052], [0.02720832592845175, 0.1115106950473827, 0.7564230417864405, 0.10485793723772512], [0.3938490354774564, 0.47571420559414296, 0.08020062931550918, 0.050236129612891596], [0.13957842182966448, 0.4256482790800601, 0.3547770603984747, 0.07999623869180092], [0.15015815766369822, 0.5121554376416488, 0.06941244333079737, 0.26827396136385545], [0.09220569295116639, 0.0658721389589872, 0.5258413658246482, 0.31608080226519825], [0.2951164318470291, 0.24905022879783253, 0.2979675467434815, 0.15786579261165706], [0.17002878264433796, 0.10216853951525523, 0.007965081540353396, 0.7198375963000532], [0.28290975965234383, 0.10898968851776981, 0.025172121031388016, 0.5829284307984981], [0.2850050400383806, 0.374145481807208, 0.15081637352586022, 0.19003310462855086], [0.5944886251515382, 0.025460625804716867, 0.05743982660525303, 0.3226109224384917], [0.16871588603185322, 0.3841473803810738, 0.328755906951473, 0.11838082663559979], [0.5498053363708444, 0.14258995586289935, 0.03257524729782174, 0.2750294604684348], [0.05343792823655238, 0.6640737587036448, 0.03802999695815228, 0.24445831610165056], [0.31778849960386046, 0.4927582393085504, 0.0728974530312987, 0.11655580805629027], [0.26033810274500474, 0.2341063976762353, 0.3858302621385647, 0.11972523744019528], [0.26802385004570994, 0.019963689045110915, 0.3036796019866366, 0.4083328589225425], [0.8651017367031375, 0.032362831745119926, 0.0018790552654533227, 0.1006563762862892], [0.3415845866246802, 0.061262358322550746, 0.18835414179933951, 0.40879891325342965], [0.3718590552050604, 0.13806889096303415, 0.046758183524139865, 0.4433138703077654], [0.13444492485734405, 0.44855081561650206, 0.37429439702595746, 0.042709862500196615], [0.31972578302382293, 0.0989241903943938, 0.047823776115841515, 0.5335262504659415], [0.1699689507828015, 0.35579676833497326, 0.12083999667411977, 0.3533942842081054], [0.24349367068866706, 0.011936512111274089, 0.04551441362450078, 0.699055403575558], [0.8219969796027569, 0.007150907583867156, 0.0238476632335406, 0.14700444957983547], [0.056333201386476926, 0.41695651221118124, 0.07215722284871691, 0.4545530635536251], [0.030847272819164603, 0.15588673772950312, 0.7744841349813338, 0.038781854469998205], [0.6480247160078286, 0.015375004398514119, 0.1702897015509016, 0.16631057804275595], [0.505281488943692, 0.15017778339108442, 0.039004658669601774, 0.30553606899562186], [0.9846318504114444, 0.005307339952767124, 0.0045552922964257735, 0.005505517339362731], [0.1397470656141743, 0.23665667457588957, 0.13284137216002218, 0.4907548876499142], [0.2696977361706183, 0.08587925327412106, 0.005188292171617477, 0.6392347183836432], [0.41243149412749314, 0.4358935295043591, 0.055374154646606104, 0.09630082172154188], [0.3187619011903323, 0.20797911613442358, 0.1697085138338003, 0.30355046884144377], [0.17334839287469564, 0.06933455888296931, 0.13345123665127656, 0.6238658115910583], [0.15968964893268697, 0.40695327062743714, 0.11420161032116649, 0.31915547011870965], [0.28946710146542937, 0.08103369651039452, 0.09631754052368276, 0.5331816615004935], [0.04076397217223477, 0.6348465735087275, 0.30905638515117967, 0.015333069167858092], [0.8129395152113664, 0.02706114368867577, 0.04599266462220289, 0.11400667647775485]]}, "rewritten": {"ids": ["97105960", "97106600", "97106820", "97107681", "97113260", "97116790", "97118210", "98108370", "98108520", "98109570", "98116090", "99107500", "99107630", "99108310", "99109740", "99109780", "99111440", "99111930", "99112840", "99120010", "100109360", "100109910", "100109980", "100111620", "100113210", "100116500", "100116790", "100117420", "100120780", "101108121", "101108370", "101109120", "101110740", "101111140", "101111210", "102107961", "102109010", "102109840", "102109910", "102111990", "102116340", "102116500", "102117351", "103110220", "103110840", "103111540", "103113101", "103118291", "103120340", "104111550", "104111780", "104112201", "104113380", "104114230", "104116800", "104119290", "104119340", "105110091", "105111990", "105113260", "105115680", "105115900", "105118230", "105118740", "105119950", "106114150", "106115120", "106115240", "106116120", "106116370", "106116640", "107112840", "107113200", "107114280", "107114321", "107116501", "107116980", "107119130", "107120130", "108115070", "108115570", "108115970", "108116120", "108116501", "108117610", "108118060", "108119330", "109116810", "109116930", "109117600", "109119450", "110114610", "110116441", "110116501", "110117080", "110118121", "110118181", "110118301", "110118450", "110118630", "110118701", "110118810", "110120560", "110120700", "110121450", "111114121", "111115770", "111115780", "111115910", "111116090", "111116170", "111116290", "111116640", "111117200", "111117571", "111118810", "111119930", "111120190", "111120320", "111121190", "111121410", "112116810", "112117790", "112118161", "112118421", "112118581", "112118880", "112119120", "112120290", "112121010", "112121360", "113117340", "113117630", "113118421", "113119320", "113119700", "113120531", "113121010", "113121680", "113122160", "113122180", "113122430"], "labels": [2, 3, 1, 3, 1, 2, 2, 1, 2, 1, 0, 0, 2, 2, 3, 2, 3, 1, 2, 2, 0, 2, 1, 3, 0, 2, 2, 2, 1, 0, 1, 1, 3, 2, 2, 3, 1, 2, 2, 2, 3, 1, 1, 2, 1, 1, 3, 0, 1, 1, 3, 0, 1, 2, 1, 1, 1, 0, 2, 3, 2, 3, 1, 1, 3, 1, 1, 1, 1, 2, 3, 1, 0, 3, 0, 1, 3, 1, 2, 1, 3, 2, 1, 0, 3, 1, 0, 3, 0, 1, 3, 1, 3, 3, 1, 3, 1, 1, 0, 1, 3, 1, 0, 2, 3, 0, 3, 1, 2, 3, 0, 2, 0, 0, 3, 0, 1, 3, 1, 1, 0, 3, 3, 0, 3, 1, 1, 1, 1, 2, 3, 2, 0, 3, 1, 0, 0, 2, 1, 3, 2, 2], "predicted_labels": [2, 0, 2, 2, 2, 2, 3, 2, 0, 3, 3, 2, 3, 3, 1, 1, 0, 1, 3, 0, 3, 2, 0, 2, 3, 3, 0, 2, 3, 3, 0, 3, 1, 3, 3, 2, 1, 1, 3, 0, 1, 2, 3, 3, 2, 1, 1, 1, 3, 1, 1, 0, 1, 2, 3, 1, 3, 3, 3, 3, 1, 3, 1, 3, 1, 0, 0, 0, 3, 3, 3, 1, 0, 1, 3, 0, 0, 1, 0, 0, 3, 3, 0, 0, 3, 0, 0, 1, 2, 0, 3, 1, 2, 3, 1, 3, 1, 1, 1, 3, 1, 3, 1, 1, 0, 1, 3, 0, 1, 0, 3, 0, 0, 3, 0, 3, 3, 3, 3, 3, 1, 1, 3, 3, 0, 2, 1, 0, 2, 0, 0, 1, 3, 0, 3, 1, 1, 1, 3, 1, 3, 1], "confidence_scores": [[0.06243878318011506, 0.05898008157870746, 0.48654569720431684, 0.39203543803686086], [0.40933352331839185, 0.12233735748101528, 0.23977522492739445, 0.22855389427319864], [0.36459060540889826, 0.02961220926212217, 0.5363572546314094, 0.06943993069757032], [0.034903691458103146, 0.08771675830792064, 0.6382113436481007, 0.23916820658587568], [0.12157695826053933, 0.0528581824584816, 0.5969276538055703, 0.22863720547540897], [0.33588493871877173, 0.11308798469337919, 0.48880347074381364, 0.06222360584403542], [0.4250488159954345, 0.06575641574178921, 0.19185025371262374, 0.31734451455015283], [0.015152180396829348, 0.053074979465801975, 0.905844549610522, 0.025928290526846864], [0.4457519561464579, 0.22862953079319828, 0.06521938644797251, 0.2603991266123715], [0.11581564903559458, 0.018557567704449607, 0.02099891224245995, 0.8446278710174959], [0.31551113756051796, 0.17656642827959654, 0.10026697106952519, 0.4076554630903604], [0.0819491669590214, 0.23061985198123255, 0.3991302425370251, 0.28830073852272087], [0.14167234016786398, 0.016975860590491127, 0.06430221277573922, 0.7770495864659054], [0.24131172593179392, 0.16885455135963895, 0.07686121774932785, 0.5129725049592394], [0.06793006038122665, 0.6031561980828005, 0.3007647123177157, 0.028149029218257245], [0.06027958124856877, 0.5324099725472953, 0.21073605077513663, 0.19657439542899935], [0.5510429986583795, 0.030439434018254646, 0.22955395434828854, 0.18896361297507747], [0.03867339575671264, 0.7896549090577231, 0.058107905868325066, 0.11356378931723907], [0.12852992842563304, 0.1031490927127193, 0.055783141675107055, 0.7125378371865405], [0.41329487781052665, 0.1918863050658559, 0.2465428369425958, 0.14827598018102134], [0.20949243356858804, 0.0527502658063617, 0.09380613038052875, 0.6439511702445216], [0.14314278215316903, 0.032310728091488536, 0.7935119346808092, 0.031034555074533298], [0.8946452883120966, 0.04587344199565905, 0.01573465743893257, 0.043746612253311834], [0.2782092873864393, 0.0784463499838378, 0.3930558845673408, 0.25028847806238225], [0.18529196644963825, 0.0203189982415804, 0.0061231399353245085, 0.788265895373457], [0.20208343015113944, 0.1073396510979162, 0.19727284084408242, 0.49330407790686204], [0.423248839879019, 0.281266388808691, 0.17846641313945819, 0.11701835817283202], [0.023733938767619492, 0.03581907190287862, 0.8275191302577146, 0.11292785907178718], [0.09979972758010132, 0.08036465431182285, 0.15851463592977755, 0.6613209821782979], [0.25656325517096745, 0.035450346291762094, 0.012659543038000466, 0.6953268554992695], [0.9802082083847214, 0.008052011285818653, 0.0014903711713629235, 0.010249409158097024], [0.184017201363248, 0.24544426176910641, 0.2597534059329011, 0.31078513093474447], [0.057764583446510795, 0.533509215610641, 0.11689813721948698, 0.2918280637233611], [0.29977418824842067, 0.06265820413413997, 0.055442914939141406, 0.582124692678298], [0.21557287329514727, 0.19841941108824038, 0.0568887733699004, 0.5291189422467121], [0.1712417137236246, 0.17785306066227863, 0.5257252812196848, 0.12517994439441224], [0.16760242163795344, 0.5012078770476072, 0.053002085301335836, 0.27818761601310366], [0.13628366863246913, 0.696713455897777, 0.12658772620386857, 0.04041514926588539], [0.5040395435941462, 0.049734040050291195, 0.07507675389798896, 0.37114966245757364], [0.810344377667486, 0.03943609576293669, 0.04187778648888633, 0.10834174008069096], [0.04530835446116846, 0.3979078099940811, 0.26977949653755523, 0.28700433900719496], [0.11857774517562922, 0.11932715394330413, 0.6628604258455049, 0.0992346750355618], [0.2042254205014282, 0.03206069501697684, 0.003024368113970002, 0.7606895163676249], [0.13013552524260316, 0.2373315072965893, 0.13002755337474195, 0.502505414086066], [0.17344155215057247, 0.24772961131175222, 0.4888855945718655, 0.08994324196581013], [0.1370239556032814, 0.33130706481432937, 0.28956470143406066, 0.2421042781483284], [0.31860263944546435, 0.37063956577714535, 0.04608943568140388, 0.26466835909598646], [0.18523358745179666, 0.34104033516183224, 0.30455456430351235, 0.16917151308285894], [0.3142815295375466, 0.23001746304246004, 0.05083669515500681, 0.4048643122649864], [0.28429583303388933, 0.2621106032861581, 0.32685215834500475, 0.12674140533494815], [0.14231288175642834, 0.7414860480590344, 0.021549456149551272, 0.09465161403498587], [0.6985383578539766, 0.12642434061920219, 0.044910515559479336, 0.13012678596734234], [0.2914348726481661, 0.25457803175345983, 0.17396603234072083, 0.28002106325765347], [0.07315689777699191, 0.07891393944716955, 0.7504221713829631, 0.09750699139287515], [0.18396592649861776, 0.0961525462906228, 0.23756713181776165, 0.48231439539299786], [0.05890026551994604, 0.4957037968055592, 0.20860531830218362, 0.2367906193723111], [0.3319851103613319, 0.287131100364381, 0.019101807366143933, 0.36178198190814315], [0.10833420213438831, 0.1884490119281338, 0.2573281283553326, 0.4458886575821452], [0.40480553001289343, 0.21228084337106962, 0.0068496627312997806, 0.3760639638847374], [0.154156379617513, 0.03355622555767661, 0.02706645523342589, 0.7852209395913846], [0.04062596565111845, 0.7169337862742485, 0.06680335550839558, 0.17563689256623777], [0.3868325803698197, 0.06530195383118136, 0.17453614985485708, 0.3733293159441417], [0.042094224208832166, 0.8019009995641231, 0.03662568162564078, 0.11937909460140389], [0.11859887020913723, 0.26211283519410544, 0.10420487342971055, 0.5150834211670468], [0.4208749350890136, 0.37111633849187853, 0.05732197014894726, 0.15068675627016037], [0.4719701266200181, 0.04737940496101793, 0.25557775099063196, 0.2250727174283322], [0.9059812035231802, 0.07555268715678556, 0.002511960888093916, 0.015954148431940228], [0.7483365923252011, 0.05561669961046061, 0.027403356266736296, 0.1686433517976023], [0.08500820588179608, 0.06183039264228865, 0.08327831871770724, 0.7698830827582082], [0.45463167135340654, 0.016510524132256368, 0.04162249589607933, 0.48723530861825787], [0.2207133219139045, 0.017064964284890766, 0.04155182274307947, 0.7206698910581253], [0.3241999256368792, 0.5726617823849821, 0.057735493920047516, 0.04540279805809109], [0.8606867257055191, 0.010779372085317613, 0.04183397560339297, 0.08669992660577024], [0.3313902166809552, 0.5707032946479598, 0.04502940840817647, 0.05287708026290835], [0.14564797111445604, 0.18259948018729197, 0.15253468562359412, 0.5192178630746577], [0.5450592835789496, 0.1159117663636727, 0.06245906569767954, 0.27656988435969776], [0.8393326969652657, 0.09028875183808528, 0.054968260131695604, 0.015410291064953481], [0.2662409082037626, 0.34477351391372163, 0.014538786250785026, 0.3744467916317308], [0.3957562728196366, 0.3182008256749902, 0.17981727113498658, 0.10622563037038679], [0.8106444566520339, 0.09719571535001696, 0.03883504499602363, 0.05332478300192532], [0.310366660278561, 0.1736340291398854, 0.23404359969427277, 0.28195571088728083], [0.26949683534556823, 0.09465296147963662, 0.018187484538570785, 0.6176627186362244], [0.7208237325559915, 0.0074656563975289345, 0.016960188611867395, 0.2547504224346123], [0.4248637160638429, 0.2204734937351935, 0.021829004500015087, 0.33283378570094857], [0.4234566633453347, 0.024265657898477067, 0.004563198018111851, 0.5477144807380764], [0.5173165641397627, 0.35543300398056543, 0.02115144557343144, 0.10609898630624055], [0.6356399879242899, 0.05514300592585259, 0.06745953904641014, 0.2417574671034476], [0.22900469793401992, 0.4859102307479717, 0.022818765362874645, 0.26226630595513367], [0.2785129697702438, 0.06422077846471497, 0.5948287234649984, 0.06243752830004282], [0.6567390417342465, 0.09255526651173979, 0.03683646876707606, 0.2138692229869378], [0.023189735535047842, 0.048081170432092445, 0.09369080879033936, 0.8350382852425202], [0.12744562868361825, 0.44003771872277375, 0.38770363631142096, 0.044813016282187354], [0.21100245089073008, 0.2421155831278782, 0.4769073570595274, 0.06997460892186437], [0.11668284294995354, 0.13762197320270336, 0.00760654787886809, 0.738088635968475], [0.0525119709878868, 0.6866070733979854, 0.10422422629842389, 0.15665672931570407], [0.16009869905109406, 0.21641873670709955, 0.0075573342653576965, 0.6159252299764489], [0.3140488159350985, 0.41412097529029335, 0.02693722913762551, 0.24489297963698273], [0.0835809085755181, 0.8788485030667978, 0.015991992213719625, 0.021578596143964734], [0.0663050883139148, 0.4635239201683591, 0.3736483354749215, 0.09652265604280437], [0.0765280180688217, 0.2181490138870984, 0.1251061418924096, 0.5802168261516701], [0.07330450684298302, 0.4318923844217014, 0.4251751085557579, 0.06962800017955775], [0.2253929000638649, 0.15372133070919547, 0.1517634549716604, 0.46912231425527917], [0.32156677129303074, 0.29934996358375227, 0.16031449355189306, 0.2187687715713241], [0.4192948559339832, 0.3849262196704437, 0.13879207673541324, 0.05698684766015974], [0.6485361376201246, 0.087214419801409, 0.016986748787825454, 0.24726269379064092], [0.034884118011193455, 0.9398342542357129, 0.004183996052736161, 0.021097631700357874], [0.33054817802816805, 0.13828420223194715, 0.17797883217375743, 0.35318878756612715], [0.5460670348272159, 0.11951675518077143, 0.03766824620535188, 0.2967479637866608], [0.1613503463907069, 0.5591852526206004, 0.19146687766141915, 0.08799752332727369], [0.6234798514623313, 0.16370545775964224, 0.09653061955355524, 0.11628407122447132], [0.16337878953469967, 0.08054691344263055, 0.005732952346384255, 0.7503413446762858], [0.48639342730973284, 0.2569410068547434, 0.09334577345240484, 0.16331979238311886], [0.543240791737568, 0.25050077671136856, 0.0726752120833459, 0.1335832194677174], [0.08561819539672247, 0.10246248912234258, 0.00563393895846444, 0.8062853765224706], [0.5476740463365061, 0.2827898806258013, 0.014306245625283988, 0.15522982741240907], [0.3593797806529671, 0.24547108743713256, 0.001806086884115959, 0.39334304502578427], [0.2995019828961016, 0.07091699650776516, 0.029458592463016568, 0.6001224281331166], [0.46586497423360035, 0.12458171945684608, 0.026165411978525652, 0.383387894331028], [0.18008420715485265, 0.10248934059039891, 0.08066161856279436, 0.636764833691954], [0.1263492423953065, 0.12664158550813642, 0.020949727924948987, 0.7260594441716081], [0.20278558261668922, 0.6893417388392397, 0.03666015792274381, 0.07121252062132705], [0.13854921651886332, 0.5390548100984105, 0.20445074548895237, 0.11794522789377393], [0.3294157423772027, 0.13775813408567217, 0.12175973764399989, 0.4110663858931255], [0.38453319071049746, 0.1591594886419112, 0.047155767042707, 0.40915155360488425], [0.5552947064398795, 0.17526521202234788, 0.014255023071751163, 0.25518505846602113], [0.08822444746707744, 0.1036898915193381, 0.6704474857060023, 0.13763817530758216], [0.26282595568478095, 0.2858410319035347, 0.13232699020971025, 0.3190060222019742], [0.414581122080707, 0.05045157305196267, 0.21067746588249944, 0.3242898389848309], [0.3060120495602112, 0.11754368072447867, 0.5202658808975761, 0.05617838881773408], [0.46623988154462925, 0.35597506738813317, 0.0712707975358097, 0.10651425353142797], [0.7912395912890067, 0.12965923333895318, 0.018405884199685897, 0.06069529117235424], [0.1640664580788508, 0.3437798999530106, 0.34002816971964905, 0.1521254722484898], [0.14253808330205503, 0.3467347164198152, 0.10961362424974452, 0.4011135760283855], [0.8335220572581526, 0.03651814838363453, 0.0018723877536513166, 0.12808740660456175], [0.2362394710003183, 0.16014013452218775, 0.016165949908791208, 0.5874544445687029], [0.15063087923876303, 0.4472409267973512, 0.31796469826427354, 0.08416349569961208], [0.1737389277510726, 0.51295531353407, 0.07629117583018569, 0.23701458288467162], [0.13605871123757715, 0.332015282333508, 0.14072528346213348, 0.3912007229667811], [0.07494426589222726, 0.36268613840540953, 0.05982266157415051, 0.502546934128213], [0.08083794673529865, 0.5312644091260634, 0.2753138286239139, 0.11258381551472403], [0.19589328621993188, 0.23945499894930927, 0.020989350428966026, 0.5436623644017926], [0.028525704257223606, 0.7326407182328776, 0.08535785848448514, 0.15347571902541385]]}}