{"test": {"ids": ["105117200", "107114200", "106111321", "109113881", "104119290", "111120280", "103111830", "106118520", "97106770", "104112470", "108113700", "102117351", "110119891", "108116070", "110118181", "108116120", "109117730", "103110100", "110117200", "103117200", "107114280", "109116750", "110114920", "113118820", "107113360", "104111550", "100109000", "105115250", "107117010", "98111860", "108118810", "112116610", "99107500", "105113210", "101108121", "99113260", "111120320", "108121160", "100120010", "105115680", "113122190", "102116340", "104113000", "113119480", "111117000", "105118171", "113121220", "103111480", "105121370", "104117630", "97107260", "107117630", "113118630", "98106680", "112120640", "111119290", "105113170", "112121010", "112121030", "98111670", "110118450", "104118070", "112116800", "113122120", "103113610", "98108970", "99108010", "100113370", "111119610", "100107920", "102114270", "101108080", "97105760", "113121410", "98121790", "112119930", "111119430", "112118530", "100111390", "113122220", "113122320", "109117080", "100109360", "109119591", "107118120", "100109801", "108114270", "98110810", "105118740", "98120530", "105119950", "108121351", "106113190", "103111540", "98108150", "109113591", "110120531", "112118161", "106114321", "110114610", "111114121", "107115250", "111118820", "106118820", "112117461", "112119320", "98110710", "107121540", "103113270", "103113101", "104111711", "111116411", "100110260", "103111170", "98108410", "110116501", "104111780", "109116810", "99109141", "108118291", "113121810", "97106970", "101119030", "108118520", "110118121", "102113981", "111114171", "112116850", "107118520", "104112201", "100116790", "110120640", "112121360", "111120260", "97111790", "103109021", "100111620", "112117431", "106113360", "101112160", "111120531", "97107950"], "labels": [3, 2, 0, 0, 1, 0, 3, 2, 3, 1, 0, 1, 3, 1, 1, 1, 3, 1, 3, 0, 3, 0, 3, 0, 0, 1, 1, 2, 1, 0, 1, 1, 0, 3, 0, 0, 1, 2, 0, 2, 1, 3, 1, 3, 0, 3, 3, 0, 2, 0, 2, 0, 3, 1, 0, 3, 0, 2, 0, 1, 0, 2, 0, 1, 2, 3, 2, 3, 2, 0, 3, 0, 0, 0, 2, 1, 3, 1, 2, 1, 1, 1, 0, 0, 3, 0, 3, 1, 1, 1, 3, 3, 0, 1, 0, 3, 0, 0, 2, 1, 0, 2, 0, 3, 0, 1, 2, 2, 2, 3, 1, 0, 3, 2, 1, 3, 3, 3, 3, 3, 2, 2, 3, 0, 3, 1, 3, 0, 2, 0, 2, 0, 3, 3, 2, 0, 3, 0, 0, 3, 0, 2], "predicted_labels": [1, 3, 3, 1, 1, 2, 0, 1, 1, 1, 3, 1, 3, 0, 3, 3, 1, 3, 1, 1, 1, 3, 0, 1, 0, 3, 1, 1, 1, 3, 1, 0, 1, 3, 0, 1, 1, 3, 1, 2, 3, 3, 1, 3, 0, 3, 3, 3, 3, 3, 2, 3, 1, 1, 3, 3, 0, 0, 0, 0, 1, 1, 1, 1, 2, 0, 1, 2, 3, 0, 1, 0, 1, 0, 1, 2, 0, 0, 3, 0, 0, 1, 0, 3, 1, 1, 1, 0, 3, 3, 1, 0, 3, 2, 3, 1, 3, 1, 3, 3, 1, 2, 1, 2, 3, 1, 2, 2, 3, 3, 0, 0, 1, 0, 1, 1, 1, 1, 3, 0, 1, 3, 3, 3, 1, 1, 3, 1, 1, 0, 3, 1, 1, 1, 3, 0, 1, 3, 0, 1, 1, 0], "confidence_scores": [[0.13234564169954202, 0.5089722022884686, 0.09892577218410624, 0.25975638382788313], [0.10155682091760523, 0.30275233416204234, 0.13449837787210664, 0.4611924670482459], [0.20791460847385915, 0.3297892998467413, 0.12488205365254122, 0.3374140380268582], [0.24118377263541615, 0.37726688864419666, 0.14559481132032975, 0.2359545274000575], [0.12864980635579976, 0.4545069699254135, 0.08951842387902874, 0.32732479983975815], [0.14652826521942316, 0.3354866189003584, 0.34245632726357256, 0.17552878861664592], [0.3307326353867141, 0.21060327156425482, 0.1849312392113393, 0.27373285383769164], [0.20067724779383106, 0.34920822837089527, 0.3263040928367047, 0.12381043099856902], [0.16197346825963432, 0.3796525352552581, 0.19244499271904966, 0.265929003766058], [0.1777728709597229, 0.39799529452542415, 0.1835402457844882, 0.24069158873036484], [0.14065823982787148, 0.2944391119385848, 0.22604218350616304, 0.3388604647273807], [0.25152885597297925, 0.4011286345948953, 0.08405198264973322, 0.2632905267823924], [0.2095233304084313, 0.34071915219985466, 0.09538861576472919, 0.3543689016269849], [0.31129782612710916, 0.2982572565744427, 0.13727436912548135, 0.253170548172967], [0.20061555058838956, 0.27640736558242085, 0.206081173078102, 0.31689591075108775], [0.20701789807274443, 0.2040719484184101, 0.20887633028376676, 0.38003382322507884], [0.18154111870430306, 0.3873515079028748, 0.15220435691088882, 0.27890301648193344], [0.1967303443238597, 0.16397425085547956, 0.3167596852487651, 0.32253571957189553], [0.23370556226446204, 0.3109156124194975, 0.21558139759243972, 0.23979742772360066], [0.18889211122631788, 0.42401101081227677, 0.13308154032315112, 0.25401533763825407], [0.14734586544324388, 0.5346482169201872, 0.08837305755930852, 0.22963286007726047], [0.21602235831878444, 0.21073440309231103, 0.13373178904455266, 0.43951144954435195], [0.29768223039551356, 0.21428682919852757, 0.2514516378604146, 0.23657930254554432], [0.11844584971511238, 0.36863493283617504, 0.17801020007552332, 0.33490901737318934], [0.6443919853419173, 0.15159111443059795, 0.0783631010082096, 0.12565379921927516], [0.15515890926565287, 0.2779306966524427, 0.11865891431513655, 0.44825147976676777], [0.2637292051041182, 0.3366068520918494, 0.07310067231126148, 0.326563270492771], [0.23029655510113134, 0.4480578168752315, 0.13609602157046413, 0.18554960645317292], [0.2158664308166687, 0.33633019665650576, 0.20494923653676123, 0.24285413599006433], [0.2068740677341286, 0.31850456917736303, 0.10300357951417384, 0.37161778357433456], [0.16002370693908, 0.5327403931168639, 0.07439223433006749, 0.23284366561398848], [0.35665945893723905, 0.24906028632483862, 0.16233604200596755, 0.23194421273195498], [0.23180127603195677, 0.3761787854182742, 0.11087075043104289, 0.28114918811872625], [0.22289358682398816, 0.1783849764534471, 0.19623211784111846, 0.40248931888144623], [0.4414751850443689, 0.18913645584885797, 0.1887345778585777, 0.18065378124819542], [0.1524958742339678, 0.3805507786265683, 0.23067006179584237, 0.23628328534362159], [0.15442809046078196, 0.3397680146592087, 0.2044259059603567, 0.3013779889196526], [0.21294211064271848, 0.3090656452202341, 0.11014758704945282, 0.36784465708759456], [0.13127082332700712, 0.33748308528993204, 0.20709784661599367, 0.3241482447670672], [0.11917156724664606, 0.33694320867000926, 0.35238630903907037, 0.1914989150442746], [0.2106614697918063, 0.13947435693529409, 0.17082746587224662, 0.4790367074006531], [0.1555775925239564, 0.25883284174670823, 0.1250547674344222, 0.4605347982949132], [0.2004666470677455, 0.5183368163325299, 0.08996136855978842, 0.1912351680399362], [0.16218971174763663, 0.2617105584940005, 0.25801030007546255, 0.31808942968290027], [0.35652185303876693, 0.33492130420413974, 0.19426073305550737, 0.11429610970158598], [0.1625646416567582, 0.22970832052152224, 0.17328121029597854, 0.43444582752574096], [0.2555702397894062, 0.23793175239162512, 0.15568678802086386, 0.35081121979810476], [0.2793701457574712, 0.2606198673338744, 0.11450970155324311, 0.3455002853554114], [0.25978844892549413, 0.29360688101085625, 0.14095396470737873, 0.305650705356271], [0.15408001667160595, 0.335845800133737, 0.1519607102684091, 0.35811347292624807], [0.07580501161741719, 0.3224359899216143, 0.46012658786014604, 0.14163241060082257], [0.23406537847642991, 0.20121577331717141, 0.24322843919160692, 0.3214904090147918], [0.24716474220565154, 0.38047924217474927, 0.10331907390839945, 0.2690369417111998], [0.1237324174113497, 0.4933605114615953, 0.07759938315247136, 0.3053076879745837], [0.2208794167593728, 0.3222769516287047, 0.08218654657053158, 0.37465708504139095], [0.17854324917442393, 0.21216842781575526, 0.13303534125391275, 0.47625298175590813], [0.5356471740839295, 0.21834127760410482, 0.09157758213925361, 0.15443396617271202], [0.4282045054051969, 0.2878289685040252, 0.09378514338460847, 0.19018138270616958], [0.4270690654735963, 0.09416853586146817, 0.06474340026130171, 0.4140189984036337], [0.37617140160625795, 0.22751926272092587, 0.19824592339435892, 0.19806341227845725], [0.2256410778132608, 0.3729947220031686, 0.2031914673922462, 0.19817273279132444], [0.11289792987176087, 0.4736848825457552, 0.12342543304111758, 0.2899917545413663], [0.12431439249082293, 0.5178362391495406, 0.20074946283187495, 0.15709990552776157], [0.2007647363261461, 0.4344031153690757, 0.17236498904460584, 0.19246715926017222], [0.3230847068520629, 0.16535785411750792, 0.362686472991469, 0.14887096603896033], [0.47519524521669354, 0.19807344250389985, 0.15562704819398754, 0.17110426408541907], [0.1671234878868389, 0.48919613830707104, 0.12272394236986636, 0.22095643143622373], [0.16028062415473895, 0.22873452072632666, 0.3699838162114324, 0.24100103890750207], [0.3802088927496829, 0.16230854490948726, 0.06309495691411038, 0.39438760542671947], [0.4314351222453465, 0.2189205757151912, 0.14174664029940062, 0.20789766174006166], [0.2092279632442321, 0.4230148055022008, 0.1328463802137249, 0.2349108510398421], [0.3667123090342409, 0.2534485872728014, 0.14349628885239635, 0.23634281484056135], [0.3048584968031521, 0.34294647910617704, 0.10990048976036038, 0.2422945343303106], [0.3919463360817565, 0.34000731047381555, 0.10248120626602598, 0.16556514717840193], [0.20634059055493276, 0.3984328447655708, 0.16649209023129422, 0.22873447444820214], [0.21421286573356438, 0.2776633437519489, 0.34634296996139924, 0.16178082055308746], [0.3314975775303114, 0.24633204110607443, 0.11941196045511789, 0.30275842090849625], [0.4092642406191962, 0.14054670765978902, 0.1577370463535705, 0.2924520053674443], [0.21355180604458207, 0.2842772134078756, 0.19885516398235734, 0.30331581656518514], [0.6046299099886165, 0.1017976630000297, 0.09196407761820621, 0.20160834939314767], [0.33907694577740155, 0.2156535321094061, 0.2101321575596289, 0.23513736455356338], [0.23083597936335634, 0.4108382610442871, 0.07953299616960326, 0.27879276342275333], [0.3380418939053395, 0.16657665718133896, 0.1974553737097784, 0.2979260752035431], [0.14414342711931244, 0.23269185904698003, 0.10887774038905187, 0.5142869734446557], [0.131396765143703, 0.613906931865803, 0.06742523515442769, 0.18727106783606623], [0.21951712927358544, 0.4157013148352646, 0.10677248153305346, 0.2580090743580966], [0.23277139654889714, 0.3754116815345307, 0.11082136497061384, 0.28099555694595846], [0.3643457092836777, 0.3237068990611422, 0.09209327242797978, 0.21985411922720047], [0.1210982093931574, 0.2811888530144184, 0.24773808404491537, 0.3499748535475087], [0.16536727723221284, 0.2756039663089528, 0.1737261527387605, 0.3853026037200741], [0.17721110755739092, 0.3273332319664525, 0.23003645350087712, 0.26541920697527943], [0.5357279523781285, 0.17928038306716296, 0.13773163660678064, 0.14726002794792784], [0.20908877787168662, 0.1756082620021042, 0.2877132536425833, 0.32758970648362584], [0.16279292165074336, 0.27875386948762887, 0.3856946711719574, 0.1727585376896702], [0.16644884138117141, 0.2573955575750254, 0.2764916199220309, 0.2996639811217722], [0.14434330758287645, 0.43470731749408925, 0.10478017117126157, 0.3161692037517727], [0.22368399363134236, 0.2696322557263371, 0.11349021914118419, 0.3931935315011363], [0.18156673742508542, 0.3228199580667326, 0.1783975111725503, 0.3172157933356318], [0.20898409760929162, 0.21441920605569043, 0.06876475564174249, 0.5078319406932756], [0.21445710522786904, 0.23175557229263855, 0.11788432144983338, 0.4359030010296591], [0.26669349442983925, 0.3222217271845932, 0.11054530309121655, 0.3005394752943511], [0.14003288014095513, 0.2744946757909545, 0.3413179339975557, 0.24415451007053462], [0.2163769416368869, 0.31767164726576713, 0.21066775799882878, 0.25528365309851725], [0.238504052819464, 0.17438286569107045, 0.3197778817999393, 0.26733519968952635], [0.24955169587985992, 0.2571133622059319, 0.12729225563112453, 0.366042686283084], [0.16957488235930368, 0.46410989782258366, 0.1277809557447315, 0.2385342640733811], [0.12530033439493535, 0.2711084226742939, 0.3207694802273202, 0.28282176270345055], [0.1297819749423922, 0.23100375807651505, 0.42257144237096655, 0.2166428246101262], [0.10486480668759667, 0.31655171383095154, 0.23102012156371537, 0.34756335791773646], [0.22713796990576976, 0.3151785503559352, 0.08739284004368718, 0.37029063969460796], [0.5663919725694037, 0.19046226107390485, 0.09757800273471293, 0.14556776362197868], [0.4165210081507784, 0.1347938083441979, 0.126667955540799, 0.3220172279642249], [0.29760960851349777, 0.3219601044484332, 0.11729188570143446, 0.2631384013366345], [0.41106327149413907, 0.2365754932345689, 0.10274156756856677, 0.24961966770272526], [0.14241641614284692, 0.35820367828269184, 0.16074369061525437, 0.3386362149592068], [0.1604779924711651, 0.5364071573878509, 0.07899951736611543, 0.22411533277486848], [0.18979881326950251, 0.343824970405655, 0.15672428365951208, 0.30965193266533036], [0.17259162253025628, 0.5597810387567629, 0.06105476948856367, 0.20657256922441727], [0.22655782335283958, 0.3053600387570932, 0.12688677308305027, 0.3411953648070169], [0.4117556703397935, 0.19675103419110437, 0.11587402399529985, 0.27561927147380233], [0.13013833354799978, 0.43935839709186564, 0.14049043481410003, 0.2900128345460346], [0.12882179977285146, 0.24408124353703145, 0.13711927521893907, 0.48997768147117804], [0.12236093331436265, 0.3764250997714919, 0.0811771695930371, 0.4200367973211084], [0.09772282448519516, 0.32488416887559024, 0.06084906617656208, 0.5165439404626524], [0.20788892331633027, 0.38276272854796023, 0.13334810285655146, 0.276000245279158], [0.3083675721327048, 0.39441363427024867, 0.1206770895047537, 0.17654170409229294], [0.19581145474730818, 0.20814130352348773, 0.18659207128709035, 0.4094551704421138], [0.23084975699666815, 0.31318417000676607, 0.15653831624370748, 0.2994277567528583], [0.2605982291545311, 0.3831161804526634, 0.13822529251182675, 0.21806029788097872], [0.35962529813381855, 0.20154325922009989, 0.14847062255832388, 0.290360820087758], [0.15526458786392577, 0.28263217163182164, 0.1678951583266159, 0.3942080821776367], [0.14985373961531492, 0.3544579649195459, 0.20782652211111657, 0.28786177335402274], [0.18797291644720765, 0.458606306584823, 0.06856460538021565, 0.2848561715877539], [0.22756769056099013, 0.4704458682844501, 0.11174234905522175, 0.19024409209933815], [0.20563820217107645, 0.24165590926152197, 0.12633056800716436, 0.4263753205602372], [0.3813957386787854, 0.3462859661509468, 0.1354645000401072, 0.1368537951301606], [0.258596522762446, 0.40137903260002994, 0.17429523089292595, 0.16572921374459815], [0.2292629246925174, 0.24354016705502288, 0.13767913323458122, 0.38951777501787854], [0.5268522346727439, 0.1923787975802745, 0.06475049231823951, 0.21601847542874214], [0.19035114287987498, 0.4545163971464716, 0.12228886658787415, 0.23284359338577928], [0.23371875825145627, 0.3861881221044478, 0.13729826525112457, 0.24279485439297155], [0.3510768514105919, 0.2214985250076676, 0.20832747782366576, 0.21909714575807457]]}, "rewritten": {"ids": ["97105760", "97106770", "97106970", "97107260", "97107950", "97111790", "98106680", "98108150", "98108410", "98108970", "98110710", "98110810", "98111670", "98111860", "98120530", "98121790", "99107500", "99108010", "99109141", "99113260", "100107920", "100109000", "100109360", "100109801", "100110260", "100111390", "100111620", "100113370", "100116790", "100120010", "101108080", "101108121", "101112160", "101119030", "102113981", "102114270", "102116340", "102117351", "103109021", "103110100", "103111170", "103111480", "103111540", "103111830", "103113101", "103113270", "103113610", "103117200", "104111550", "104111711", "104111780", "104112201", "104112470", "104113000", "104117630", "104118070", "104119290", "105113170", "105113210", "105115250", "105115680", "105117200", "105118171", "105118740", "105119950", "105121370", "106111321", "106113190", "106113360", "106114321", "106118520", "106118820", "107113360", "107114200", "107114280", "107115250", "107117010", "107117630", "107118120", "107118520", "107121540", "108113700", "108114270", "108116070", "108116120", "108118291", "108118520", "108118810", "108121160", "108121351", "109113591", "109113881", "109116750", "109116810", "109117080", "109117730", "109119591", "110114610", "110114920", "110116501", "110117200", "110118121", "110118181", "110118450", "110119891", "110120531", "110120640", "111114121", "111114171", "111116411", "111117000", "111118820", "111119290", "111119430", "111119610", "111120260", "111120280", "111120320", "111120531", "112116610", "112116800", "112116850", "112117431", "112117461", "112118161", "112118530", "112119320", "112119930", "112120640", "112121010", "112121030", "112121360", "113118630", "113118820", "113119480", "113121220", "113121410", "113121810", "113122120", "113122190", "113122220", "113122320"], "labels": [0, 3, 2, 2, 2, 2, 1, 0, 1, 3, 2, 1, 1, 0, 1, 2, 0, 2, 3, 0, 0, 1, 0, 0, 3, 2, 3, 3, 2, 0, 0, 0, 3, 3, 1, 3, 3, 1, 0, 1, 2, 0, 1, 3, 3, 2, 2, 0, 1, 1, 3, 0, 1, 1, 0, 2, 1, 0, 3, 2, 2, 3, 3, 1, 3, 2, 0, 0, 0, 2, 2, 3, 0, 2, 3, 2, 1, 0, 3, 2, 2, 0, 3, 1, 1, 3, 0, 1, 2, 3, 3, 0, 0, 3, 1, 3, 0, 1, 3, 3, 3, 3, 1, 0, 3, 0, 0, 0, 3, 0, 0, 0, 3, 3, 2, 3, 0, 1, 0, 1, 0, 0, 0, 0, 0, 1, 1, 1, 0, 2, 0, 3, 3, 0, 3, 3, 0, 2, 1, 1, 1, 1], "predicted_labels": [1, 2, 1, 1, 1, 3, 1, 3, 3, 1, 1, 1, 1, 3, 3, 1, 0, 1, 3, 3, 0, 2, 1, 1, 1, 3, 1, 3, 1, 2, 0, 1, 1, 3, 1, 1, 3, 1, 1, 0, 3, 0, 0, 0, 3, 2, 2, 1, 2, 0, 1, 3, 1, 1, 3, 3, 1, 3, 3, 1, 1, 0, 0, 1, 0, 1, 1, 3, 1, 3, 1, 3, 2, 3, 1, 3, 1, 3, 1, 0, 2, 3, 3, 3, 0, 0, 1, 0, 3, 1, 1, 1, 0, 1, 3, 3, 3, 0, 1, 3, 3, 1, 2, 2, 1, 3, 3, 1, 3, 0, 1, 1, 3, 1, 0, 1, 2, 1, 1, 0, 1, 0, 3, 0, 1, 3, 1, 2, 1, 1, 3, 1, 3, 3, 3, 0, 3, 0, 1, 3, 0, 2], "confidence_scores": [[0.14475600429832866, 0.5150149355445404, 0.133154404479356, 0.20707465567777508], [0.18598133246703477, 0.23012753859017168, 0.38846723723119736, 0.19542389171159613], [0.24435417834822643, 0.35974817072838206, 0.10947190069346838, 0.28642575022992317], [0.1376749045590403, 0.3880545709857173, 0.21812624032237632, 0.2561442841328661], [0.10377393099783913, 0.37902036379955256, 0.37536639533539434, 0.14183930986721405], [0.20568761973407865, 0.2503291714777965, 0.11750542463384764, 0.4264777841542772], [0.37023916376099886, 0.40668608012681023, 0.08325861959293646, 0.13981613651925448], [0.17111189487206407, 0.21160399388969295, 0.28855627455203137, 0.3287278366862115], [0.12040588570723403, 0.3443309667031587, 0.1099302039253307, 0.4253329436642765], [0.12118441818496671, 0.5169782888786536, 0.2268385568751107, 0.13499873606126916], [0.12737292998226574, 0.373676724553494, 0.20597811131650146, 0.2929722341477389], [0.283926329254417, 0.3763607673863562, 0.0799836688357044, 0.2597292345235224], [0.20297288213738351, 0.4163383100777302, 0.20190487118648626, 0.17878393659840017], [0.21172470104586408, 0.2028341102596005, 0.20163635145117242, 0.38380483724336295], [0.13576108410432922, 0.32498402524003966, 0.15114503088209477, 0.38810985977353635], [0.13603397755146016, 0.4103172216957135, 0.25729170062695517, 0.19635710012587115], [0.36469698451493926, 0.35451521234854366, 0.07679103102381707, 0.20399677211270006], [0.1663514420018346, 0.38546564571760417, 0.24948734756076743, 0.1986955647197939], [0.24391459684202452, 0.19128249687858495, 0.06183957041655886, 0.5029633358628318], [0.24714245004683036, 0.2765830066054171, 0.16468336852771673, 0.31159117482003584], [0.4273430946844645, 0.2201623069947215, 0.140402217629895, 0.21209238069091882], [0.17851091129346577, 0.2543231686794185, 0.3422671347342369, 0.224898785292879], [0.3027243297888867, 0.3954345865764128, 0.10890572190422823, 0.19293536173047224], [0.20926433320360635, 0.39628551424998876, 0.10178555189040286, 0.2926646006560021], [0.30764977560599965, 0.31991526313392793, 0.0901974138367854, 0.2822375474232872], [0.23158857647863593, 0.2902993237424628, 0.17702029761299923, 0.3010918021659021], [0.22841215040643265, 0.4203827616406345, 0.14860792286067206, 0.20259716509226094], [0.24998756637805955, 0.1383045936069265, 0.23605831575753203, 0.3756495242574819], [0.13970274164867386, 0.37627069174152294, 0.2746362596255321, 0.20939030698427114], [0.09649759118831008, 0.307553063639289, 0.40043405871053217, 0.19551528646186875], [0.34930628652788637, 0.2745146560940848, 0.1243193797492798, 0.251859677628749], [0.2697626839471795, 0.2736977842014024, 0.19345320583199682, 0.2630863260194212], [0.1326233286627438, 0.4866083585232125, 0.09817630363462083, 0.2825920091794229], [0.13799677505147656, 0.3717177360901299, 0.08747462105911288, 0.4028108677992807], [0.3011407478619874, 0.37526619799800204, 0.1682633515453691, 0.15532970259464152], [0.17937209226396608, 0.4266958195634337, 0.06146187889539329, 0.332470209277207], [0.08597478692447169, 0.3651174416055373, 0.12834673239410813, 0.420561039075883], [0.3223973056950031, 0.38286291020143226, 0.0802246060493201, 0.21451517805424455], [0.18624300665331447, 0.4644861144177901, 0.07022867340167897, 0.27904220552721665], [0.31811279026220846, 0.29121142904073033, 0.09407844260845502, 0.29659733808860617], [0.26006176283762633, 0.23669981743988522, 0.14206746857437264, 0.36117095114811587], [0.49120378500563944, 0.2147389380440144, 0.14336982482310764, 0.15068745212723858], [0.38860056153923195, 0.20999547190056253, 0.13546751228648687, 0.26593645427371876], [0.418785430427133, 0.16849244556095144, 0.22109397783850712, 0.19162814617340837], [0.1350954941601469, 0.2778886297812147, 0.11972883304675104, 0.4672870430118875], [0.20073348483503012, 0.1772124799203233, 0.3883042835147091, 0.2337497517299376], [0.1825026768351297, 0.08335433428316076, 0.5962178779658627, 0.13792511091584686], [0.2769193883858303, 0.3923606558196976, 0.12145321583884662, 0.20926673995562553], [0.10923907797312013, 0.26031002114051865, 0.321761456669456, 0.3086894442169054], [0.5371067459823246, 0.1337135005879093, 0.09681602833374421, 0.23236372509602196], [0.20263630764024224, 0.34830445680048766, 0.15090496588422592, 0.29815426967504427], [0.20056016592625336, 0.09234777947420696, 0.12091682589876264, 0.586175228700777], [0.20402892995989685, 0.3705798720061692, 0.16182776068758467, 0.2635634373463493], [0.2008464252869168, 0.512547246333536, 0.09428847847373753, 0.19231784990580955], [0.16012746765402994, 0.3249506081648897, 0.1470309445561762, 0.3678909796249042], [0.13420380195807471, 0.19172966552914578, 0.3308614823455591, 0.34320505016722036], [0.1290299085352242, 0.6362709738128852, 0.06322851876223487, 0.17147059888965582], [0.22625519396781876, 0.24206312212720252, 0.10305481691385598, 0.4286268669911226], [0.14419913588765032, 0.2329924557084057, 0.17002864945207807, 0.45277975895186573], [0.15841715931824768, 0.5430912786205094, 0.11459208614053974, 0.1838994759207031], [0.16238439670688448, 0.33646019145239237, 0.3292992529706296, 0.17185615887009348], [0.3825126558651941, 0.34150893057104587, 0.09920027370569355, 0.17677813985806673], [0.3119184011460045, 0.28789924409785556, 0.2380613499600474, 0.16212100479609243], [0.14139629939464163, 0.3729013155474114, 0.17126717353255555, 0.3144352115253915], [0.3223707628800011, 0.2759764748474058, 0.23245536587462692, 0.16919739639796622], [0.16548307497909343, 0.30774201274273855, 0.23135431338702478, 0.2954205988911432], [0.22310654076231315, 0.39625423078176963, 0.0821319805118645, 0.29850724794405264], [0.1828504809370588, 0.2524369456974698, 0.18507243330047238, 0.37964014006499924], [0.24333468411873152, 0.38407325282044696, 0.11220612144397218, 0.26038594161684947], [0.17930001951504793, 0.1839631257592734, 0.05744527936501979, 0.5792915753606588], [0.1394736145559364, 0.3487421969821727, 0.2956128857175755, 0.2161713027443154], [0.22345787816118948, 0.24399832227419513, 0.06837973413993415, 0.4641640654246814], [0.10863116903070187, 0.12153579295802776, 0.6660483156323989, 0.10378472237887156], [0.10956190484739821, 0.27715660946404763, 0.12638373218846652, 0.4868977535000875], [0.14960054928635846, 0.49165582465369706, 0.13100533664189384, 0.22773828941805085], [0.08046823773835071, 0.22135039325917635, 0.3191889669020003, 0.37899240210047275], [0.22365673617261086, 0.3911503054250816, 0.16293309464500932, 0.22225986375729817], [0.26539524871768544, 0.1563246062428471, 0.17622116713276254, 0.40205897790670486], [0.17282575803800665, 0.4225106640128315, 0.07793503633146077, 0.3267285416177012], [0.37029366082713017, 0.260313061864979, 0.09791259791979103, 0.2714806793881], [0.1702349361684718, 0.1963618875020843, 0.3572124021635312, 0.27619077416591276], [0.17812934624985832, 0.1623036041388568, 0.24954403568330247, 0.41002301392798246], [0.19356543378898874, 0.31664028075706346, 0.09513408254827212, 0.3946602029056756], [0.22608224719803865, 0.239020300091452, 0.2220924673513426, 0.3128049853591666], [0.39720903615553055, 0.21239891694444324, 0.1322225655031116, 0.2581694813969146], [0.48735181409187, 0.21155817386695253, 0.06702189070914986, 0.23406812133202765], [0.14905581197849765, 0.39724848788500766, 0.08302510398821182, 0.3706705961482829], [0.49736581721967615, 0.25182464877645, 0.06723071598975058, 0.18357881801412326], [0.25783581976201414, 0.2766575538468522, 0.09278295970510358, 0.37272366668603013], [0.3164916791825458, 0.33111912073485317, 0.1122952186009198, 0.2400939814816813], [0.14376358400525877, 0.5117030698339455, 0.11415730386355018, 0.23037604229724565], [0.22198971079802016, 0.3321219310423569, 0.22845418460680797, 0.21743417355281505], [0.3288394199144523, 0.2649170956818101, 0.13564838927072487, 0.27059509513301266], [0.1800712310652934, 0.5313563184239231, 0.07017287077112502, 0.21839957973965848], [0.1897600142929117, 0.3157595693874591, 0.06225649124130652, 0.4322239250783228], [0.21989607291124535, 0.21944668890642066, 0.14609153046735252, 0.4145657077149816], [0.11825169862028573, 0.33770109878749166, 0.06554035305448973, 0.47850684953773304], [0.3256446217843181, 0.27814113657725253, 0.1956336376605752, 0.2005806039778544], [0.18550522479870404, 0.2759922303963995, 0.27391320538854147, 0.264589339416355], [0.3432732650868215, 0.16671550894745815, 0.0970487387497602, 0.3929624872159601], [0.24287552647258498, 0.2633507461782091, 0.18703694922507957, 0.3067367781241265], [0.14508362324864024, 0.5592442762954739, 0.09010725764360886, 0.20556484281227694], [0.25084336526625556, 0.26922384800497384, 0.3240653050665435, 0.15586748166222708], [0.1414056944365817, 0.314359860192232, 0.3294247950706879, 0.21480965030049848], [0.268454232095663, 0.3527706255822736, 0.06439425674825343, 0.3143808855738101], [0.2545012191697235, 0.1781588591451809, 0.1526385336266868, 0.4147013880584089], [0.1354605854812641, 0.16767162490338938, 0.12507534993834463, 0.5717924396770019], [0.24140779366122062, 0.33133169847506205, 0.11367068059526127, 0.3135898272684561], [0.27181660727329765, 0.24905384853826315, 0.10758413848480705, 0.3715454057036323], [0.4158095603198305, 0.13456357082749393, 0.1264515975649547, 0.323175271287721], [0.15275951276559993, 0.5377716805509705, 0.14094758384368983, 0.16852122283973964], [0.1766137242428228, 0.3849126865666475, 0.22004676535119136, 0.21842682383933845], [0.2301130133028259, 0.278155631727441, 0.1714607715120091, 0.32027058345772397], [0.17211729479017934, 0.3728661728568201, 0.14356360929116269, 0.3114529230618379], [0.5232516299836212, 0.15746504481201756, 0.06725455764674827, 0.25202876755761294], [0.2377113079461594, 0.39489504267695014, 0.11715942538974403, 0.2502342239871465], [0.21176837119534261, 0.2871993470389103, 0.3192984139157821, 0.18173386784996481], [0.12536576579588374, 0.3706604610664556, 0.13331384568947643, 0.3706599274481843], [0.23040230812289544, 0.35575114289461884, 0.16165511061796634, 0.2521914383645194], [0.48272231067119714, 0.20563852638857322, 0.10625099131670686, 0.2053881716235228], [0.12610032361600682, 0.4517501786311684, 0.11805117606582934, 0.3040983216869954], [0.3683835362790704, 0.2584571392961478, 0.1313964121468675, 0.24176291227791435], [0.14026247249544935, 0.3632906674742862, 0.1055239988564835, 0.390922861173781], [0.5314630557551387, 0.2178799459025134, 0.053021537301701165, 0.19763546104064664], [0.13129805594375618, 0.65792958291724, 0.10235634494350056, 0.10841601619550317], [0.2539199202005847, 0.22617097496298832, 0.1523598279700841, 0.3675492768663431], [0.12505752186660102, 0.6056249765692413, 0.0942354754716726, 0.17508202609248516], [0.17657855286169294, 0.16546970559490723, 0.4429529153681593, 0.21499882617524058], [0.18550842792652608, 0.3813191203495251, 0.14943942083810804, 0.28373303088584084], [0.3172866388017927, 0.3769566006650464, 0.10098176718987281, 0.20477499334328814], [0.32166508404063443, 0.12004989444218564, 0.07673841745502512, 0.4815466040621549], [0.2159365012543299, 0.4570893836196721, 0.07187797664708269, 0.25509613847891544], [0.27866902525928405, 0.22665559719209266, 0.08711613008087585, 0.40755924746774747], [0.1540208824561405, 0.3406430829806375, 0.110212102081494, 0.39512393248172806], [0.2084085132239174, 0.21157330858795115, 0.2527565165007504, 0.327261661687381], [0.36353448772200475, 0.1765092091449226, 0.12931504604321545, 0.33064125708985714], [0.2198471537854274, 0.2636837857294583, 0.12678169943083037, 0.3896873610542841], [0.3650710135931794, 0.2643393961452171, 0.17483458216599318, 0.19575500809561028], [0.2207326544173606, 0.42270889396158134, 0.13010960818658232, 0.2264488434344757], [0.30008579951080017, 0.1064577123033486, 0.17100454132936038, 0.4224519468564908], [0.5583017704856934, 0.11031983811720379, 0.08679641235545164, 0.2445819790416513], [0.1795476052522135, 0.13384855714742513, 0.5916848257453201, 0.09491901185504108]]}}