{"test": {"ids": ["113122180", "106116850", "107120010", "105118740", "106114880", "109114270", "108114200", "102110890", "98116090", "107121540", "105117351", "112117580", "106116820", "107114280", "99108310", "111115400", "112116900", "107118120", "110118701", "100111080", "99109740", "107117010", "97107040", "107113260", "99109860", "111115770", "97116790", "112117660", "113120540", "113122650", "103113101", "102110750", "113119950", "97107920", "108121410", "105116980", "109118701", "109117600", "109119591", "112117471", "112120630", "112121360", "99108710", "103111930", "107113130", "111117000", "108117451", "105117431", "106114011", "105115570", "106117770", "108119510", "107120260", "103113210", "98107010", "105112240", "98109090", "99109910", "109120540", "107115250", "110118301", "110114720", "110121720", "112116610", "101110200", "99108000", "112120290", "99109840", "97107821", "109117080", "103109021", "98107410", "100108260", "99108330", "110116441", "100111390", "99117740", "113121750", "110116501", "99120010", "100108520", "113122430", "105118230", "106119260", "105113440", "108115880", "103112641", "101108290", "103113640", "111119950", "108115870", "97113900", "98106680", "113122510", "103111990", "105116860", "113122170", "101108580", "109119450", "102109010", "107119130", "103110220", "109116810", "108113700", "107120130", "99105921", "113122230", "102121700", "110118450", "113119450", "110115580", "107116501", "106114280", "113119360", "112121010", "108114670", "106116640", "109115211", "105112260", "111116411", "100109980", "104114240", "100111380", "104117630", "110118111", "108119330", "99108890", "101121640", "108121351", "108114180", "110114920", "106115250", "100109360", "113122160", "108118301", "99112641", "103111830", "105115720", "110120540", "111116640", "113117401", "102109840"], "labels": [2, 3, 1, 1, 0, 3, 0, 0, 0, 2, 0, 0, 1, 3, 2, 0, 3, 3, 3, 0, 3, 1, 2, 0, 2, 3, 2, 0, 3, 2, 3, 1, 0, 0, 0, 0, 3, 1, 0, 3, 3, 3, 2, 3, 1, 0, 2, 1, 1, 0, 0, 1, 1, 3, 3, 1, 1, 2, 1, 2, 1, 3, 3, 1, 2, 2, 1, 2, 2, 1, 0, 3, 3, 1, 3, 2, 2, 0, 3, 2, 2, 2, 1, 1, 0, 3, 3, 0, 1, 0, 3, 2, 1, 2, 2, 2, 1, 0, 3, 1, 1, 2, 3, 0, 2, 1, 1, 1, 0, 3, 1, 1, 3, 0, 2, 3, 3, 0, 3, 0, 1, 0, 3, 0, 1, 0, 0, 2, 3, 1, 3, 2, 0, 3, 1, 1, 3, 1, 1, 0, 3, 2], "predicted_labels": [0, 1, 2, 0, 1, 1, 0, 3, 3, 1, 3, 3, 1, 1, 0, 1, 0, 3, 0, 1, 2, 2, 3, 1, 1, 0, 1, 3, 3, 1, 3, 1, 0, 3, 1, 3, 0, 1, 1, 0, 1, 1, 1, 1, 1, 1, 3, 1, 0, 2, 0, 1, 1, 1, 3, 1, 3, 1, 1, 1, 3, 1, 3, 1, 3, 3, 1, 1, 0, 1, 1, 1, 1, 3, 1, 3, 0, 1, 3, 3, 2, 3, 1, 3, 3, 2, 0, 3, 0, 3, 1, 2, 1, 1, 1, 0, 1, 3, 1, 3, 0, 1, 1, 0, 1, 2, 1, 0, 1, 3, 3, 0, 3, 3, 0, 1, 3, 0, 1, 3, 3, 1, 3, 3, 0, 1, 0, 1, 3, 3, 1, 2, 3, 1, 1, 0, 3, 1, 1, 3, 1, 1], "confidence_scores": [[0.4534862927048459, 0.22940724376137006, 0.09225173942566686, 0.2248547241081172], [0.16515448127360394, 0.402453588881348, 0.16708060729589533, 0.2653113225491528], [0.12679384714257555, 0.17683829615624103, 0.4136003789236739, 0.28276747777750955], [0.3233698543626736, 0.28210847649953436, 0.13557101435095237, 0.2589506547868397], [0.19492097650039752, 0.4167195642931876, 0.16404958924640708, 0.22430986996000793], [0.22283573225484501, 0.2980275986771617, 0.18341040792544352, 0.2957262611425498], [0.30020043535403385, 0.21472957624682804, 0.2569849652818574, 0.22808502311728096], [0.14089281494250885, 0.17137046412038967, 0.16841089551783622, 0.5193258254192653], [0.20242107833633236, 0.2269065475235056, 0.21318928779606452, 0.3574830863440976], [0.22019338421870152, 0.3413562773360379, 0.17428596326348936, 0.2641643751817713], [0.2741771017731748, 0.26020093761257407, 0.1432494941858122, 0.32237246642843903], [0.18549250597711447, 0.27376905468829144, 0.1727147132749568, 0.3680237260596373], [0.26697413307726825, 0.3152133738132543, 0.15733147821719423, 0.2604810148922831], [0.2612591824129967, 0.38776951089072825, 0.19914864054312967, 0.15182266615314535], [0.3608262309675449, 0.3289348198389837, 0.11622494753039866, 0.19401400166307275], [0.23009656808768608, 0.2976677428615923, 0.2133220103380626, 0.25891367871265913], [0.49783905777061843, 0.1793292252133529, 0.16497973209047698, 0.15785198492555164], [0.22905209310733274, 0.26830861372571946, 0.14347619892670524, 0.3591630942402428], [0.297785424429841, 0.29140334586592104, 0.17696435357057272, 0.23384687613366537], [0.16061618466862404, 0.3434975100273145, 0.30233630744822076, 0.19354999785584046], [0.28083087384180844, 0.21696883910232317, 0.29828542923148227, 0.203914857824386], [0.15846711225475543, 0.2772784617159296, 0.31373710858503007, 0.2505173174442849], [0.21349886298497028, 0.2533320747995491, 0.24084588585891434, 0.2923231763565662], [0.24291150032641246, 0.355832722144449, 0.13533887675852668, 0.265916900770612], [0.29365164490076456, 0.32477165688613185, 0.13357847266430914, 0.2479982255487943], [0.4772616685709633, 0.19617588184442847, 0.16139179150691957, 0.16517065807768883], [0.1880231668501008, 0.33937524703904137, 0.2810307899993537, 0.1915707961115042], [0.22481669816345412, 0.23872732122346374, 0.18141299636357566, 0.3550429842495065], [0.24424401533167228, 0.23400179521468012, 0.07661100116741819, 0.4451431882862293], [0.21225979314376464, 0.3147977514344986, 0.16605485831524022, 0.30688759710649655], [0.2679608598726888, 0.2074334502941468, 0.21126618211458914, 0.3133395077185753], [0.16673007564386774, 0.3735053794909272, 0.18226273543616656, 0.2775018094290384], [0.3940253891648326, 0.23976367469940213, 0.13509907073332794, 0.23111186540243722], [0.20996450722267976, 0.17128416727430587, 0.10629486115803863, 0.5124564643449757], [0.28108097631358847, 0.32066088856217095, 0.16651011731850165, 0.23174801780573892], [0.248451684316368, 0.28284876839893186, 0.15351266212122236, 0.3151868851634778], [0.4568016141525396, 0.3149518363622635, 0.06727526125488865, 0.16097128823030843], [0.22133973662593223, 0.41426398531719927, 0.07206142324012356, 0.29233485481674487], [0.28459483077677883, 0.31417545732189955, 0.14053211637238325, 0.26069759552893845], [0.37155686573028995, 0.28504528467611656, 0.09200404308047845, 0.2513938065131152], [0.2538576965651892, 0.293321398416454, 0.16728870302001247, 0.28553220199834417], [0.24897378172991821, 0.3134078806126869, 0.16139926984914568, 0.27621906780824923], [0.22289317234325584, 0.3395128654717331, 0.16608629493451024, 0.27150766725050096], [0.23562069146900028, 0.37652443748499487, 0.1523248446308702, 0.23553002641513474], [0.21915822808115124, 0.32833384931459214, 0.23385654414628965, 0.21865137845796692], [0.15287418530657754, 0.33585061352851, 0.20924402699731923, 0.30203117416759345], [0.2941597959583644, 0.2042557274205814, 0.1215717543141089, 0.38001272230694544], [0.12863747208484824, 0.5167218350887327, 0.10702217024413115, 0.2476185225822877], [0.3824840492893885, 0.27376458074132776, 0.12797968987473243, 0.21577168009455125], [0.17974909570072975, 0.23324731703862106, 0.2983494068386762, 0.28865418042197294], [0.27865119756163026, 0.2703407532739395, 0.24951411915856805, 0.20149393000586224], [0.2985874747233448, 0.3031652532999044, 0.1470972710585921, 0.2511500009181586], [0.20314229272990364, 0.4283510039722624, 0.1372290267410793, 0.23127767655675457], [0.2137142952303682, 0.2726837319976257, 0.2689239410240189, 0.24467803174798727], [0.18103214314677615, 0.20386116321593928, 0.17906388000121154, 0.436042813636073], [0.20773330698211243, 0.34570097820315016, 0.20517295062844304, 0.24139276418629455], [0.23491180552044824, 0.2276631301229442, 0.262438331771613, 0.27498673258499456], [0.1972192463043432, 0.30572580186589027, 0.2352664818971823, 0.26178846993258426], [0.31186773023039094, 0.3585747116806948, 0.13457321556910004, 0.19498434251981425], [0.25025962956089226, 0.38138954356380983, 0.17116908775413228, 0.19718173912116563], [0.19796250077598368, 0.28957570822192275, 0.2217843373530968, 0.2906774536489969], [0.23570138832507465, 0.38516339525450477, 0.15877659896477458, 0.22035861745564603], [0.20953415185343244, 0.30921491914912264, 0.13987398022502615, 0.3413769487724187], [0.16466303140344257, 0.3612961817157105, 0.14556168561984104, 0.3284791012610061], [0.18028070783279443, 0.30429933075329085, 0.1868991284512645, 0.32852083296265044], [0.2269345863768525, 0.2554272012628527, 0.18057039142441822, 0.3370678209358767], [0.26108231934999704, 0.29165284870292635, 0.1929296058263424, 0.2543352261207341], [0.1740041670048938, 0.3894469237699167, 0.16261114715910818, 0.2739377620660814], [0.29995355901874016, 0.21689342280866727, 0.2818166811276762, 0.20133633704491638], [0.20344441422587017, 0.29826827145678425, 0.21522165497059748, 0.2830656593467481], [0.23639025924140367, 0.30181469832454794, 0.1850946822045357, 0.2767003602295128], [0.1918288766183295, 0.36663384831642337, 0.23169935201319608, 0.20983792305205126], [0.22210228907198326, 0.2796756127609957, 0.2494558899384405, 0.24876620822858075], [0.1756881531610717, 0.17176207661280748, 0.2191538621015577, 0.4333959081245631], [0.26446546594474296, 0.34768966450599403, 0.11723996088171164, 0.2706049086675512], [0.21847652094812808, 0.2243553573334867, 0.18427199129131547, 0.3728961304270698], [0.3449738399925254, 0.28678029955471884, 0.15878454066142544, 0.20946131979133029], [0.22107304636610317, 0.41392226671599563, 0.15569604440969567, 0.20930864250820558], [0.2545022354597901, 0.21811057639155262, 0.1762491986044831, 0.35113798954417413], [0.18711240312491673, 0.24388551031126313, 0.2583431977472986, 0.31065888881652176], [0.2654209878434517, 0.24099768593439772, 0.27085505704410223, 0.22272626917804839], [0.1907621393732288, 0.2907594765350944, 0.17984869718377178, 0.33862968690790507], [0.16571329339299662, 0.28977037418284946, 0.28057262540011885, 0.26394370702403513], [0.18230479546537012, 0.2182615484569005, 0.27433024835456077, 0.3251034077231688], [0.23191833475336227, 0.25729477786574245, 0.21485346842965586, 0.2959334189512395], [0.23444315934787555, 0.23102046286301162, 0.34165272974643573, 0.19288364804267716], [0.34753536341599395, 0.23564524991813587, 0.2243481302876684, 0.19247125637820178], [0.2577751509327322, 0.241441710755279, 0.11202725746047408, 0.3887558808515148], [0.4603412671754772, 0.16038227957565482, 0.11501585759822537, 0.26426059565064264], [0.17722215780694103, 0.23800489153148702, 0.13464285720633593, 0.4501300934552362], [0.2960791772527485, 0.31891984790629097, 0.1924891315472569, 0.1925118432937038], [0.19506875900878434, 0.22947349251046537, 0.3095636012672673, 0.26589414721348303], [0.21878173304148857, 0.47624241917392574, 0.16441624914085884, 0.14055959864372694], [0.1491643691104308, 0.5574586152560378, 0.10839568495558664, 0.18498133067794476], [0.2648199030802427, 0.2672984056088047, 0.21971321982120184, 0.24816847148975063], [0.5062831586274351, 0.20370957507337212, 0.13648526285759807, 0.15352200344159475], [0.23497797275116278, 0.3615910481146337, 0.14437504303728646, 0.2590559360969172], [0.13981066536803305, 0.17278150320937988, 0.27749258120575926, 0.40991525021682784], [0.21174661698076294, 0.2812824665852902, 0.23604887085706336, 0.2709220455768834], [0.18612073076466953, 0.20303269422100353, 0.19589434450132887, 0.4149522305129981], [0.3656069860032172, 0.23941626245610437, 0.23355799180075296, 0.16141875973992548], [0.1919032374522931, 0.3910012687576059, 0.21248684027283563, 0.2046086535172654], [0.23499025766894138, 0.4474954907749503, 0.11709969468155185, 0.20041455687455648], [0.3473949897941374, 0.22914450852362464, 0.12682505912206546, 0.29663544256017255], [0.23119298777209893, 0.3110716193275913, 0.23274432198691322, 0.2249910709133965], [0.1883329018401117, 0.2801853936748587, 0.28084909755036563, 0.25063260693466405], [0.17416701249431168, 0.48403967077340065, 0.14928972418325953, 0.19250359254902824], [0.3543551281037372, 0.2036853134331956, 0.2154182811097885, 0.2265412773532788], [0.24311384574894554, 0.35105791024000854, 0.15663271416176375, 0.2491955298492823], [0.24484370779989495, 0.29124100533453373, 0.16160623047581257, 0.30230905638975875], [0.21659800487606037, 0.277602523571133, 0.21044454001501442, 0.2953549315377923], [0.3355930285033232, 0.25814930566592403, 0.11575064833257602, 0.290507017498177], [0.23021611901883288, 0.2110352031834552, 0.17655933604934557, 0.38218934174836644], [0.24268034320092446, 0.22543476358807674, 0.17161240278393333, 0.36027249042706544], [0.2911735657673983, 0.2873859193235275, 0.15800738867808625, 0.2634331262309879], [0.1640463732435238, 0.40707878212778253, 0.1679859118082047, 0.26088893282048903], [0.1802742530850298, 0.27681174940790093, 0.16717196580430682, 0.3757420317027625], [0.35045464982202634, 0.2549824462431003, 0.12403929420055373, 0.2705236097343195], [0.12467595332715493, 0.36848800353917344, 0.17808955344919727, 0.3287464896844744], [0.29993956209188477, 0.2539572248727116, 0.07828220949428141, 0.36782100354112224], [0.23925190252880957, 0.29643166272218846, 0.16399187985777688, 0.300324554891225], [0.19273549114169494, 0.36688405529656737, 0.17237229011771946, 0.2680081634440184], [0.18265614074392286, 0.29298911746786627, 0.12089743893843866, 0.40345730284977227], [0.15839355860618828, 0.1760533020022925, 0.3308873380086039, 0.33466580138291535], [0.3565434558691842, 0.23991033590728866, 0.1443027189509493, 0.25924348927257784], [0.16473273315882325, 0.4819272157626554, 0.18180448525839066, 0.17153556582013066], [0.2909637808708946, 0.2310031448189248, 0.25773893632652056, 0.2202941379836602], [0.19710578190371764, 0.3329081773511396, 0.2044485163405447, 0.2655375244045983], [0.2091095889228244, 0.283987844566215, 0.21220543284543272, 0.2946971336655278], [0.1481848458698445, 0.2919445939500188, 0.20514988230945302, 0.3547206778706837], [0.1761124988085531, 0.5111312882538507, 0.1033696893869932, 0.20938652355060308], [0.16301526347127923, 0.1759381638725712, 0.43553064075845427, 0.2255159318976953], [0.2302944352107706, 0.2686907680142692, 0.19947469243336027, 0.3015401043415999], [0.3177375413494139, 0.33633597902339346, 0.10712015407057737, 0.2388063255566154], [0.25322139893789797, 0.3191509617067449, 0.15831706869999101, 0.269310570655366], [0.3754836380252556, 0.2179868769301159, 0.20808721768929228, 0.1984422673553362], [0.2707332156259026, 0.21384577191642448, 0.18143269242899726, 0.33398832002867573], [0.19757241925090743, 0.4582244453492994, 0.12408260362023153, 0.22012053177956167], [0.181423480500284, 0.415600847382721, 0.14375876264393217, 0.25921690947306286], [0.2525329469788277, 0.22485986679845268, 0.18351965590246358, 0.33908753032025607], [0.27627939069002116, 0.4481326346412472, 0.09797889048389426, 0.17760908418483737], [0.2538346717230808, 0.3292543203980011, 0.1752707814339984, 0.24164022644491964]]}, "rewritten": {"ids": ["97107040", "97107821", "97107920", "97113900", "97116790", "98106680", "98107010", "98107410", "98109090", "98116090", "99105921", "99108000", "99108310", "99108330", "99108710", "99108890", "99109740", "99109840", "99109860", "99109910", "99112641", "99117740", "99120010", "100108260", "100108520", "100109360", "100109980", "100111080", "100111380", "100111390", "101108290", "101108580", "101110200", "101121640", "102109010", "102109840", "102110750", "102110890", "102121700", "103109021", "103110220", "103111830", "103111930", "103111990", "103112641", "103113101", "103113210", "103113640", "104114240", "104117630", "105112240", "105112260", "105113440", "105115570", "105115720", "105116860", "105116980", "105117351", "105117431", "105118230", "105118740", "106114011", "106114280", "106114880", "106115250", "106116640", "106116820", "106116850", "106117770", "106119260", "107113130", "107113260", "107114280", "107115250", "107116501", "107117010", "107118120", "107119130", "107120010", "107120130", "107120260", "107121540", "108113700", "108114180", "108114200", "108114670", "108115870", "108115880", "108117451", "108118301", "108119330", "108119510", "108121351", "108121410", "109114270", "109115211", "109116810", "109117080", "109117600", "109118701", "109119450", "109119591", "109120540", "110114720", "110114920", "110115580", "110116441", "110116501", "110118111", "110118301", "110118450", "110118701", "110120540", "110121720", "111115400", "111115770", "111116411", "111116640", "111117000", "111119950", "112116610", "112116900", "112117471", "112117580", "112117660", "112120290", "112120630", "112121010", "112121360", "113117401", "113119360", "113119450", "113119950", "113120540", "113121750", "113122160", "113122170", "113122180", "113122230", "113122430", "113122510", "113122650"], "labels": [2, 2, 0, 2, 2, 1, 3, 3, 1, 0, 1, 2, 2, 1, 2, 0, 3, 2, 2, 2, 1, 2, 2, 3, 2, 0, 1, 0, 3, 2, 0, 0, 2, 2, 1, 2, 1, 0, 1, 0, 2, 3, 3, 2, 3, 3, 3, 1, 0, 0, 1, 3, 0, 0, 1, 2, 0, 0, 1, 1, 1, 1, 3, 0, 2, 3, 1, 3, 0, 1, 1, 0, 3, 2, 1, 1, 3, 1, 1, 2, 1, 2, 0, 1, 0, 3, 3, 3, 2, 1, 0, 1, 3, 0, 3, 0, 3, 1, 1, 3, 3, 0, 1, 3, 3, 1, 3, 3, 1, 1, 0, 3, 1, 3, 0, 3, 0, 0, 0, 0, 1, 3, 3, 0, 0, 1, 3, 2, 3, 3, 0, 3, 0, 3, 0, 3, 1, 2, 1, 2, 2, 2], "predicted_labels": [3, 0, 3, 0, 2, 1, 1, 3, 3, 1, 1, 1, 0, 1, 1, 0, 2, 2, 1, 0, 3, 0, 1, 1, 0, 1, 2, 3, 1, 3, 3, 3, 1, 3, 3, 0, 1, 1, 1, 3, 3, 3, 1, 1, 1, 1, 1, 0, 1, 0, 1, 1, 1, 1, 1, 0, 0, 0, 1, 1, 1, 0, 0, 1, 1, 3, 0, 1, 1, 1, 2, 3, 1, 1, 1, 1, 3, 0, 2, 0, 2, 0, 0, 1, 0, 1, 1, 2, 3, 1, 1, 3, 1, 1, 0, 1, 1, 1, 0, 0, 3, 0, 0, 1, 1, 0, 1, 3, 0, 1, 1, 1, 1, 1, 3, 0, 0, 1, 1, 3, 1, 0, 0, 3, 3, 1, 0, 1, 0, 1, 0, 0, 0, 0, 1, 3, 1, 0, 1, 1, 1, 1], "confidence_scores": [[0.21673587685969573, 0.28167785957411523, 0.19933844925017657, 0.30224781431601255], [0.491578930166626, 0.17236910380264017, 0.16226642829869253, 0.17378553773204125], [0.28205383443339854, 0.17250437680271719, 0.16582041752417967, 0.3796213712397046], [0.28768461587387556, 0.2647730412139664, 0.2079443215453192, 0.23959802136683886], [0.250585462178706, 0.17120621320596868, 0.35038208609335975, 0.22782623852196554], [0.23051475432878263, 0.492909481268468, 0.13139585279630212, 0.14517991160644741], [0.20464923570145294, 0.3364469366801609, 0.2134227629995322, 0.245481064618854], [0.26050967929195196, 0.1873098321476756, 0.2593672563613674, 0.2928132321990052], [0.2682669715271596, 0.24800297478600886, 0.1483078030054145, 0.3354222506814172], [0.25531906579829006, 0.34535450325457684, 0.18609873947000394, 0.21322769147712922], [0.24378831744734003, 0.30431380117936613, 0.162545777727723, 0.2893521036455708], [0.21983933063112837, 0.34733839164420394, 0.25552217266309607, 0.17730010506157182], [0.37547320699395215, 0.1749546900313821, 0.18947449760930654, 0.26009760536535925], [0.14692778401274884, 0.5490852321015203, 0.14371438251548982, 0.16027260137024113], [0.22942289007993785, 0.29012858158605664, 0.1988296974501998, 0.2816188308838057], [0.4014524284286474, 0.2528206699699133, 0.16619429983884706, 0.17953260176259223], [0.2217985300786298, 0.23675021508918206, 0.37932947438861314, 0.16212178044357514], [0.14512141221272823, 0.2515607369946654, 0.3258437672612835, 0.2774740835313231], [0.3143252912292153, 0.3339929830175362, 0.15935347787998042, 0.19232824787326794], [0.30858843856565815, 0.30164741272901013, 0.20726216109409662, 0.18250198761123504], [0.2532397341347873, 0.28080400580775244, 0.1454996561518023, 0.320456603905658], [0.4266427600067924, 0.24781364128295605, 0.1297497962295698, 0.19579380248068182], [0.21400954266532596, 0.3271882161880519, 0.1962524632146621, 0.26254977793196005], [0.2799138002804039, 0.3018817950657814, 0.1978035439661848, 0.22040086068763], [0.2964985171191909, 0.26569842762458773, 0.19492821874214228, 0.24287483651407926], [0.2010734015103236, 0.3974106367957077, 0.14601373800318643, 0.25550222369078246], [0.20927159116011798, 0.22788947945428717, 0.34226497975569276, 0.22057394962990212], [0.2242174933812432, 0.23411407752383526, 0.2100467303731971, 0.33162169872172437], [0.27155887992117705, 0.2932351594832322, 0.2027967121076182, 0.23240924848797265], [0.2291186598996714, 0.2178442772685415, 0.2659439855632134, 0.2870930772685736], [0.2627148558193357, 0.25196485881448716, 0.10398562975309954, 0.3813346556130776], [0.1395793685040751, 0.19781993136602818, 0.2243471896069071, 0.4382535105229896], [0.2134380403267527, 0.4383919348533554, 0.11638995384233351, 0.2317800709775584], [0.24276198654814068, 0.23290082624020952, 0.17367488504805348, 0.3506623021635964], [0.24729731987820505, 0.2226214717978908, 0.22764428028067454, 0.30243692804322975], [0.3388458728832999, 0.2851767197988352, 0.15628193627652331, 0.21969547104134146], [0.2558684621510455, 0.35618150772572066, 0.15449900286951299, 0.2334510272537211], [0.22446201356757486, 0.3127892593058593, 0.16092546441780914, 0.3018232627087568], [0.25989819227880945, 0.28782067695825625, 0.23444844925967392, 0.21783268150326038], [0.2483728850409211, 0.3088205194393296, 0.12564521315334234, 0.317161382366407], [0.15731054724214988, 0.235518779704922, 0.15805727331125485, 0.4491133997416733], [0.250225144881736, 0.2433214551935607, 0.11799508523904474, 0.3884583146856586], [0.16240354208985563, 0.4838144767829531, 0.09920478483489567, 0.25457719629229575], [0.22100268454635102, 0.45184841179714025, 0.1040699847405288, 0.22307891891597995], [0.1673062739588871, 0.4998227294259038, 0.13828065680266216, 0.1945903398125471], [0.17444829810760687, 0.39611922305317443, 0.156555572040047, 0.2728769067991715], [0.21781061174406396, 0.3229494998017768, 0.18653753598314096, 0.27270235247101815], [0.4594644605868446, 0.16911371150734478, 0.14121714455516532, 0.23020468335064534], [0.2216794202269322, 0.45256070418322336, 0.11564998284944078, 0.21010989274040362], [0.341664977236127, 0.19069562473036036, 0.26325836153345544, 0.20438103650005726], [0.3333163309102934, 0.33843706235467436, 0.08452776670927759, 0.24371884002575475], [0.22068079117147849, 0.42853172170983883, 0.09822349406426736, 0.25256399305441546], [0.23447679478099506, 0.3432542535895988, 0.18682701359227952, 0.23544193803712662], [0.16329587687699154, 0.4542235163197554, 0.17194668779151168, 0.2105339190117414], [0.21541678686183388, 0.31691434579570965, 0.2574678128877806, 0.21020105445467605], [0.4352217119360349, 0.3311137482386886, 0.07999640555567877, 0.15366813426959758], [0.3377690609808182, 0.3134454689664124, 0.08995038277082637, 0.2588350872819432], [0.44730249250738346, 0.20972944591866483, 0.12953306048642454, 0.21343500108752722], [0.21409233749424553, 0.3435543316422125, 0.15993813708583904, 0.28241519377770286], [0.1997149331175225, 0.38757553810928846, 0.21169569920963466, 0.2010138295635542], [0.24857663185601697, 0.3901226997785946, 0.13489506992741854, 0.22640559843796992], [0.6354554301907251, 0.1630731159857899, 0.06960315032443047, 0.13186830349905448], [0.32616072468617185, 0.21120470652872464, 0.2420205760606301, 0.22061399272447352], [0.2745480121811424, 0.3216377829700891, 0.2522989702228376, 0.1515152346259312], [0.1782209209021378, 0.4010805760702289, 0.21269735486224223, 0.20800114816539117], [0.21968508075383472, 0.23335897183516932, 0.2170579339144512, 0.3298980134965447], [0.3469927003257538, 0.24465608169663758, 0.18550258276663506, 0.2228486352109736], [0.19678379111498162, 0.4697892320858944, 0.12689936222655163, 0.2065276145725724], [0.25149671968833476, 0.2818593094235718, 0.24454165976799258, 0.22210231112010095], [0.25162955123686603, 0.29516555372381875, 0.1619793614384948, 0.2912255336008205], [0.2158046342007388, 0.18710021216478492, 0.42074310314543023, 0.17635205048904604], [0.2455760038496783, 0.23992554663150456, 0.2441882855369764, 0.270310163981841], [0.31999793234528245, 0.3665994935008365, 0.13063861733258073, 0.18276395682130053], [0.20490204770083148, 0.4002380479021331, 0.18022856720648855, 0.2146313371905469], [0.26777682302875316, 0.3949764473345235, 0.09608810094368615, 0.24115862869303717], [0.1763598699418865, 0.44311373932075265, 0.14392404945218457, 0.23660234128517627], [0.24457958520161613, 0.21878576056000418, 0.14134956501363274, 0.3952850892247471], [0.41877392358252125, 0.2596717317847088, 0.15934790693640077, 0.16220643769636925], [0.13976632811660522, 0.2897387072960108, 0.3564644897170959, 0.21403047487028806], [0.33487067713707663, 0.2353609163838169, 0.205716120351091, 0.22405228612801553], [0.2238222433775288, 0.2068949466915768, 0.4228798049224711, 0.14640300500842324], [0.3069892071922916, 0.2810054243391638, 0.2274617158166465, 0.1845436526518981], [0.3136603468608443, 0.2629560169709135, 0.16930520276740646, 0.25407843340083586], [0.11895621413874104, 0.37685444200751217, 0.2477222387413357, 0.25646710511241144], [0.5322373680358293, 0.1601003322412284, 0.17203576264956594, 0.1356265370733763], [0.1983904011464425, 0.44919149412705933, 0.17157751498923027, 0.18084058973726785], [0.2789647836817489, 0.4249852109115902, 0.17525192338915485, 0.12079808201750618], [0.20261102903109232, 0.18629700227131038, 0.4713414732344833, 0.139750495463114], [0.2196433713790034, 0.2634691763996712, 0.12970377956695137, 0.3871836726543741], [0.1962337307326252, 0.3883540637667083, 0.16095957758902998, 0.2544526279116366], [0.12947117782734546, 0.3907079422887893, 0.2436780101339435, 0.2361428697499218], [0.29950170476704097, 0.19257114208622583, 0.17039913570337936, 0.3375280174433539], [0.29249730584722394, 0.398111416810901, 0.11889222228279131, 0.19049905505908385], [0.2900519979594067, 0.317065655240468, 0.12227292515907542, 0.27060942164105], [0.282533909534112, 0.22558772018134618, 0.23100210233227245, 0.2608762679522692], [0.1823689233931706, 0.3862911420367176, 0.1830515917459653, 0.24828834282414644], [0.31935085707821004, 0.33157360077702, 0.10779770783316255, 0.24127783431160738], [0.14286971097168452, 0.4724593289377698, 0.19226888802870926, 0.19240207206183632], [0.4404150247489061, 0.2563389619782288, 0.10406251981046674, 0.1991834934623983], [0.4271263601938052, 0.20491790044090624, 0.09354306657892647, 0.27441267278636206], [0.15042715008548607, 0.3009330335952902, 0.22578733050332375, 0.3228524858159001], [0.3463882976680906, 0.23007028551920064, 0.1643421270861153, 0.2591992897265934], [0.3497626282978081, 0.25630778064801485, 0.14465622456372265, 0.24927336649045442], [0.26424504491253054, 0.32990489251370014, 0.17503308795262085, 0.2308169746211485], [0.17299670615139268, 0.4227193396849109, 0.09858854400093807, 0.30569541016275836], [0.3097399599907365, 0.2630109908695501, 0.14368097345088235, 0.2835680756888311], [0.28234922580082034, 0.34678435476406466, 0.17410144786566417, 0.19676497156945086], [0.21604012750792365, 0.2649118752113366, 0.184599162303749, 0.3344488349769908], [0.4413796263580646, 0.25164870925231764, 0.09052446528210563, 0.216447199107512], [0.19446674009576304, 0.3876585204693192, 0.07978858638209996, 0.3380861530528178], [0.23761456070220915, 0.36430046915201236, 0.15452629428476672, 0.24355867586101188], [0.26304317573060987, 0.3178670739276463, 0.15339264822418397, 0.26569710211755976], [0.2866407352383234, 0.3240480298527118, 0.16738860462143715, 0.22192263028752768], [0.21375455049603434, 0.3671302467168701, 0.16179340812336687, 0.2573217946637288], [0.2745796205085637, 0.2657994496605226, 0.12671198913343082, 0.3329089406974829], [0.5314769228559666, 0.17463870100500023, 0.11637033665107445, 0.17751403948795877], [0.4709539198359189, 0.18392466818019731, 0.09060631730245261, 0.25451509468143124], [0.3415968077968286, 0.35491397925682144, 0.1367415583321266, 0.1667476546142235], [0.1883296213626077, 0.2858690437865391, 0.28535294300255215, 0.24044839184830114], [0.26873454850648976, 0.1856592258690168, 0.20083683123833426, 0.3447693943861592], [0.21184562633133325, 0.3312205747022999, 0.1468507584020239, 0.3100830405643431], [0.5065780126260642, 0.18820849933452777, 0.1676342160217504, 0.13757927201765782], [0.29215521935788685, 0.2545079381840098, 0.17231566604990492, 0.28102117640819846], [0.2744255567394176, 0.29103964036759966, 0.1109031367734466, 0.3236316661195362], [0.21892633810404732, 0.2004338825932909, 0.2502556107794787, 0.3303841685231832], [0.2679614348049052, 0.32117532083784833, 0.1561743179642303, 0.254688926393016], [0.5828245935311375, 0.18814491465803754, 0.0625309372857517, 0.16649955452507328], [0.22607401183398487, 0.3796882878563902, 0.1922546108263986, 0.20198308948322638], [0.3764650585716661, 0.2521720216686118, 0.18750065993274945, 0.18386225982697268], [0.22224871341114996, 0.46430225951587795, 0.08487577797353332, 0.2285732490994388], [0.3327594642256346, 0.2778717337907895, 0.15702765657879192, 0.23234114540478398], [0.3433720004013595, 0.2766979262634328, 0.12060033167214873, 0.259329741663059], [0.36614254064696283, 0.182134652897953, 0.11205143451413185, 0.3396713719409523], [0.3430605825286052, 0.23127751387057344, 0.0965584756594725, 0.32910342794134884], [0.26417574952827955, 0.2912471077098954, 0.2088342886793343, 0.23574285408249065], [0.19217894909577077, 0.25137859816372715, 0.14940864061997924, 0.4070338121205228], [0.17461991231580118, 0.4572222079032943, 0.09147823562657377, 0.2766796441543308], [0.3954155121450257, 0.22021696522209863, 0.08956166774542876, 0.2948058548874471], [0.2413481187372649, 0.2676296112466987, 0.23453673725876265, 0.2564855327572738], [0.2563537073290986, 0.39831468400819187, 0.126294340609019, 0.21903726805369045], [0.17135031662628455, 0.5064152078945875, 0.09810358432662275, 0.22413089115250534], [0.16547909920592055, 0.34059536676877467, 0.27340495673320386, 0.2205205772921008]]}}