{"test": {"ids": ["108118810", "107120130", "109119460", "111116640", "111119580", "109116810", "110119891", "109120540", "104114320", "108120621", "109116441", "106117790", "104110960", "98107340", "106115120", "104113000", "103110100", "113122650", "104113190", "110118701", "101112540", "105113440", "106116441", "107121640", "110114920", "98111231", "112118620", "105116090", "102116340", "112118860", "104118070", "105117200", "101112201", "113119120", "110115120", "111117120", "110115890", "102110050", "99109910", "104113550", "98106680", "103120730", "98116090", "104113210", "99110730", "101113210", "108118520", "100116790", "110120540", "108117451", "104109311", "113119450", "109113281", "111116290", "98106111", "112117210", "106116640", "111115400", "97107040", "99111930", "110115580", "112117780", "111117000", "105112130", "109116750", "104113240", "104111780", "105119950", "99111620", "99112840", "99107300", "103111990", "103118291", "108119550", "100108580", "101117580", "111116530", "107118120", "105117431", "113122160", "106119260", "108116501", "107116340", "110120560", "112116800", "99109740", "109121640", "112118550", "112120640", "98120530", "102112250", "113118111", "110116290", "112117431", "113122320", "110114651", "110115980", "112117571", "99105921", "97112290", "109119450", "107117010", "100120010", "112118161", "107117630", "99117740", "102109850", "108114670", "97107920", "108115570", "111115770", "105113260", "107118520", "108115070", "100109360", "111117571", "99108310", "108120280", "111119950", "110116170", "111115910", "110121170", "107114110", "98112170", "103110050", "100111620", "112118930", "109116040", "106113190", "97116410", "107120010", "100117420", "99114890", "97106770", "112116290", "108121190", "108121160", "110121140", "113117630", "110114720", "98116500", "111120260"], "labels": [1, 2, 1, 0, 3, 3, 3, 1, 2, 1, 3, 1, 2, 0, 1, 1, 1, 2, 3, 3, 2, 0, 0, 1, 3, 1, 3, 1, 3, 3, 2, 3, 0, 3, 0, 2, 2, 3, 2, 1, 1, 1, 0, 3, 3, 3, 0, 2, 1, 2, 3, 3, 0, 2, 0, 1, 3, 0, 2, 1, 1, 0, 0, 1, 0, 2, 3, 3, 3, 2, 3, 2, 0, 1, 0, 3, 3, 3, 1, 3, 1, 0, 3, 0, 0, 3, 0, 3, 0, 1, 0, 1, 2, 0, 1, 3, 1, 3, 1, 1, 3, 1, 0, 0, 0, 2, 1, 3, 0, 3, 3, 3, 2, 1, 0, 3, 2, 3, 0, 0, 2, 2, 1, 3, 3, 3, 1, 0, 0, 3, 1, 2, 2, 3, 0, 1, 2, 3, 0, 3, 2, 3], "predicted_labels": [1, 1, 3, 3, 1, 3, 0, 1, 2, 3, 0, 3, 3, 2, 3, 3, 2, 2, 1, 0, 1, 1, 1, 1, 0, 2, 3, 1, 3, 2, 2, 1, 0, 1, 3, 1, 1, 2, 2, 0, 2, 1, 1, 0, 2, 1, 0, 1, 2, 0, 0, 0, 1, 2, 2, 3, 3, 3, 2, 1, 1, 3, 3, 1, 2, 1, 1, 2, 1, 3, 3, 3, 0, 1, 0, 3, 1, 0, 2, 3, 3, 3, 3, 3, 1, 3, 0, 0, 0, 3, 3, 0, 2, 0, 1, 3, 2, 3, 1, 3, 0, 3, 3, 0, 0, 0, 2, 3, 0, 3, 0, 1, 0, 0, 3, 1, 2, 3, 0, 1, 1, 3, 3, 0, 1, 2, 3, 3, 3, 2, 3, 1, 1, 2, 1, 3, 3, 0, 0, 1, 3, 3], "confidence_scores": [[0.05777910465870065, 0.9123872428905874, 0.0014784135467368156, 0.028355238903975174], [0.006621173395241531, 0.9711717521990582, 0.020853641385290392, 0.0013534330204101656], [0.002085789104883689, 0.0019477624128887555, 0.0006768369959195427, 0.995289611486308], [0.13371488647092322, 0.13467631377467282, 0.07727974721921417, 0.6543290525351898], [0.09139849904775452, 0.8421619950399392, 0.0006795535622017067, 0.0657599523501047], [0.13283179106137466, 0.176237797872226, 0.00039871031522484415, 0.6905317007511744], [0.6777712857963425, 0.313491092964843, 0.0016286206385532495, 0.007109000600261299], [0.2628627787003644, 0.6715781566779088, 0.025879422051542443, 0.03967964257018443], [0.3257447077877331, 0.2858883362235084, 0.38354730261402503, 0.0048196533747334545], [0.40232088463606164, 0.07154310040165121, 0.003494310881078415, 0.5226417040812087], [0.8910938750871903, 0.0009542180478983423, 5.437488245057703e-06, 0.1079464693766661], [0.1401274768970966, 0.021533947894689678, 0.03624992028468037, 0.8020886549235334], [0.09397837731904089, 0.03608153993193736, 0.03074552070691959, 0.8391945620421021], [0.005355245546203781, 0.008081340703177587, 0.9848472339817611, 0.0017161797688575568], [0.14039300798657597, 0.0839040508416343, 0.0014486914929687216, 0.7742542496788211], [0.22958507625445215, 0.003011187657629411, 0.003391891731403779, 0.7640118443565147], [0.008308309549925192, 0.09923172111628174, 0.6511869038221044, 0.24127306551168867], [0.00534602623772273, 0.014464125335456164, 0.9329511922934522, 0.047238656133368834], [0.0035417918856674798, 0.9481071532101958, 0.0024652797174964988, 0.045885775186640415], [0.6667878637642065, 0.23663227012499433, 0.007271056341634386, 0.08930880976916486], [0.004868465362739978, 0.8740274400853493, 0.01686680896734925, 0.10423728558456151], [0.02448019683761828, 0.6177974984843789, 0.3200346857448694, 0.03768761893313342], [0.018606733414470136, 0.6154868863624203, 0.00090241221251877, 0.3650039680105907], [0.020188288803373183, 0.6576497215284682, 0.15296267874870773, 0.16919931091945095], [0.6974932974301794, 0.2580758290435211, 0.03455493990852789, 0.00987593361777162], [0.3305976648673471, 0.24106257069010686, 0.39697632271719074, 0.03136344172535525], [0.2219767307927811, 0.12297118008853793, 0.042490054917711524, 0.6125620342009693], [0.04147104822510352, 0.8717983457391333, 0.0008150332690696673, 0.08591557276669363], [0.0014076098462152567, 0.001473273058737603, 0.03580658551392064, 0.9613125315811266], [0.09814482216877662, 0.09777557343061305, 0.4823626551014124, 0.3217169492991979], [0.015239139892342246, 0.002317523625923597, 0.8785024753791368, 0.10394086110259733], [0.08302983502508993, 0.5849033502781799, 0.19746122353149662, 0.13460559116523363], [0.9896224893707714, 0.006462851371398323, 0.0008311638044823539, 0.0030834954533478028], [0.1463122347918419, 0.3968962809246991, 0.08448774267607143, 0.3723037416073876], [0.03378101668624697, 0.011265888621381868, 0.022667567241519904, 0.9322855274508511], [0.23620185824659437, 0.7355492334294366, 0.02185820396947235, 0.00639070435449669], [0.014759997985073901, 0.9804840874929487, 0.003975041960383553, 0.0007808725615939045], [0.011280039788652356, 0.32982701010610116, 0.390924603570448, 0.26796834653479845], [0.03568793495242428, 0.05178232171646611, 0.9106672869940519, 0.001862456337057757], [0.7265147342754228, 0.08931256280673393, 0.004586050851278083, 0.1795866520665652], [0.06941472499471078, 0.06556092027088337, 0.857973234534309, 0.007051120200096827], [0.22781751484025656, 0.4170427781938083, 0.026371832333890465, 0.3287678746320447], [0.0746089868261086, 0.5433618421154124, 0.13498341682648615, 0.24704575423199296], [0.9431537714319083, 0.012505578670572995, 0.03381214561524755, 0.010528504282271181], [0.0028290363180814787, 0.00032672766362215865, 0.9909880251963528, 0.005856210821943581], [0.041401104969864495, 0.7643603491939921, 0.12665329603170877, 0.06758524980443455], [0.902299157135774, 0.0719304343915851, 0.010852514284229793, 0.01491789418841101], [0.004132148616765389, 0.9210678048728996, 0.06659391982031385, 0.008206126690021088], [0.02718805959414078, 0.42509162294128633, 0.4665258096456667, 0.08119450781890622], [0.7173039671822495, 0.01689368371752686, 0.04947588840188593, 0.21632646069833786], [0.7255247654476785, 0.0008015908870483587, 0.03601107060407537, 0.23766257306119776], [0.49613793477211576, 0.4060961662370613, 0.014562114343395955, 0.0832037846474269], [0.4625368362732475, 0.5186305606044619, 0.01298446398950205, 0.005848139132788458], [0.006952292706782402, 0.2759059746609049, 0.5322032014900553, 0.18493853114225736], [0.48234710598022623, 0.014158324518093545, 0.5005650205255666, 0.0029295489761136857], [0.008395982611649963, 0.09307511494205385, 0.3808650380428922, 0.517663864403404], [0.08844923424050741, 0.034643630164271536, 0.2851492669538972, 0.5917578686413238], [0.08635954747734449, 0.057657453006876275, 0.0438814054295246, 0.8121015940862547], [0.00284798081915113, 0.05661877397541509, 0.8176028186911147, 0.12293042651431901], [0.18578455070908675, 0.8106568892257721, 0.0034686641935638644, 8.989587157718346e-05], [0.4280984187431719, 0.43121601513463725, 0.043471420201058056, 0.09721414592113288], [0.001299119047919595, 0.04538887041149187, 0.00024744220732635, 0.9530645683332621], [0.004194787064312483, 0.004858352457660363, 0.005272348847069523, 0.9856745116309575], [0.007920498750630844, 0.668785426548468, 0.2411546304448102, 0.08213944425609089], [0.11813395009222537, 0.08466614868573165, 0.7758287270377755, 0.021371174184267247], [0.000843064896305689, 0.9986024997772026, 0.0005351677848172906, 1.9267541674290387e-05], [0.025729472650628405, 0.9470432949014873, 0.0019682549548872717, 0.025258977492996933], [0.2572940803316207, 0.0038577263091855306, 0.736983936454714, 0.0018642569044799255], [0.026854193464757977, 0.9653030693400363, 0.005089121705673588, 0.002753615489532226], [0.00996378103079865, 0.2964108901519121, 0.12243278075041182, 0.5711925480668774], [0.4760899535959511, 0.023731373471687224, 0.0011329784399171793, 0.49904569449244457], [0.25520282538020034, 0.08986742106352202, 0.2774027712744347, 0.3775269822818429], [0.41608663944763025, 0.3992054085414088, 0.17979648292979175, 0.004911469081169255], [0.005386210482947271, 0.9512347835379628, 0.04007369187630446, 0.0033053141027854457], [0.44233648220900956, 0.019785486015455725, 0.19623918271460258, 0.34163884906093206], [0.023764062260182746, 0.0018202794323045222, 0.001243310373373077, 0.9731723479341396], [0.008218885808610646, 0.858287610930024, 0.0007316178491592895, 0.1327618854122061], [0.7772984625755989, 0.07713112983214655, 0.006810170843897311, 0.13876023674835736], [0.01928511692221895, 0.15711284108662105, 0.7989610774644099, 0.024640964526749996], [0.23418728197420843, 0.015427635952587346, 0.005410270698215687, 0.7449748113749886], [0.0019654369872016846, 0.003276893707806858, 0.06342621273924576, 0.9313314565657457], [0.0034890440950772444, 0.028680763787840912, 0.001736041927415358, 0.9660941501896665], [0.002654296259409668, 0.058660797125944575, 0.04053237085399644, 0.8981525357606492], [0.010561210298911052, 0.08931413080176727, 0.21961153571635142, 0.6805131231829702], [0.04785571586466894, 0.7626360170891564, 0.006969668635523215, 0.18253859841065143], [0.10657669047272997, 0.12102059893431864, 0.3722017694392265, 0.40020094115372495], [0.555041430460154, 0.3790280584789978, 0.039741683117584956, 0.026188827943263247], [0.842241811877123, 0.03750217400007961, 0.04018124209291957, 0.08007477202987771], [0.9380679605535719, 0.006302308928935821, 0.0016691916935454177, 0.05396053882394678], [0.06847135811629348, 0.3923027142423749, 0.03462339802502514, 0.5046025296163066], [0.35604068610235673, 0.00044520220313063553, 0.015598416813227422, 0.6279156948812852], [0.6937057792837792, 0.0027735258632470526, 0.001110584162045747, 0.30241011069092794], [0.24210679486015715, 0.0022217359377745575, 0.41875940297277864, 0.3369120662292896], [0.8803004569549672, 0.10726965072013335, 0.00029931062253603716, 0.012130581702363499], [0.008286862506197978, 0.47031196226488614, 0.19739721520101183, 0.32400396002790405], [0.08435479464786849, 0.0021094217976528966, 0.005091517139397747, 0.9084442664150809], [0.11330931533067998, 0.2900019102885119, 0.5518467490170723, 0.044842025363735764], [0.07537783916394775, 0.1411799308409994, 0.1635328421862755, 0.6199093878087774], [0.010481205083178381, 0.9476289095852026, 0.03623623059098745, 0.0056536547406314], [0.016692496584660047, 0.03690400009777342, 0.3952867765398219, 0.5511167267777446], [0.5060985621602121, 0.017211520419897552, 0.14520038011247233, 0.3314895373074181], [0.043813376144495035, 0.2547687451205007, 0.18238085911670945, 0.5190370196182948], [0.010293315060921003, 0.004671782387377559, 0.261514563292106, 0.7235203392595955], [0.7725085944796706, 0.20842632855850302, 0.01631809883773183, 0.002746978124094743], [0.6910885074242, 0.007243690477910289, 0.2665134432004661, 0.03515435889742347], [0.9529938850820091, 0.003666748873922001, 0.04093411838384567, 0.0024052476602233496], [0.0019000486469948343, 0.002672612464340963, 0.9300704564493043, 0.06535688243935987], [0.12186212751896489, 0.12501880940711757, 0.0031657207465874094, 0.7499533423273301], [0.8235682762096368, 0.0003970801843077145, 0.0047395467939639465, 0.17129509681209162], [0.00163128084043299, 0.4192067015202065, 0.05678646782226168, 0.5223755498170989], [0.40801920253957663, 0.23053276681983556, 0.011742053706596743, 0.3497059769339911], [0.010326535125073751, 0.8856238747191499, 0.07894992568391004, 0.025099664471866245], [0.8707129958908798, 0.08026789986456917, 0.0331776688774526, 0.01584143536709834], [0.6604329411488193, 0.2944259139389229, 0.039795815381307366, 0.005345329530950442], [0.43993839182169775, 0.007208971908984302, 0.006838133407619841, 0.5460145028616981], [0.013044655077648565, 0.9327092818937508, 0.003396535245432436, 0.05084952778316814], [0.14508504910936032, 0.23940147179075572, 0.5923885619857849, 0.023124917114099027], [0.008783853209406244, 0.00024519786590732816, 0.004263475370799067, 0.9867074735538873], [0.5205428568456726, 0.018286875720256657, 0.08114783748703079, 0.3800224299470399], [0.20631820073219992, 0.6279757666964084, 0.09459827402087743, 0.07110775855051421], [5.373776416499426e-05, 0.9956156925647441, 0.0003801985595342946, 0.003950371111556481], [0.18502143533282853, 0.0082727855186621, 0.021794178417730646, 0.7849116007307787], [0.29717725489408986, 0.031154765709920474, 0.09695189611871541, 0.5747160832772743], [0.7596606144402693, 0.00023836292338683972, 0.07971729660929514, 0.1603837260270487], [0.004687952578268172, 0.7987832826917047, 0.0003526651916415126, 0.19617609953838566], [0.007979185586857356, 0.12882737971739008, 0.6433685199730038, 0.21982491472274876], [0.29731014116964005, 0.05453579868985554, 0.024886057669816768, 0.6232680024706877], [0.036190572367635634, 0.15300284222289717, 0.0017854064761299777, 0.8090211789333372], [0.05838242123816969, 0.16117174088678252, 0.2849619869757526, 0.49548385089929514], [0.15898795465030538, 0.009705678545221136, 0.4601521521995698, 0.37115421460490367], [0.0010391281929199008, 0.0003056556661099529, 0.006816127679609327, 0.9918390884613608], [0.06431619754582264, 0.8730621924285484, 0.01822665551951374, 0.044394954506115115], [9.585190229191358e-05, 0.9879257662028289, 0.005440479190001766, 0.0065379027048774975], [0.019928330787516428, 0.00524399320502178, 0.9650582302389427, 0.009769445768519222], [0.18342099369784742, 0.7454092513333461, 0.01960773319008513, 0.05156202177872138], [0.004996598396771912, 0.28671549795282303, 0.24484661808740943, 0.4634412855629956], [0.0021268051769106353, 0.008149824651039092, 0.0022797646761978825, 0.9874436054958524], [0.7372822736986092, 0.004129777556623916, 0.026073361194499982, 0.23251458755026688], [0.6962082061402401, 0.027323394550508417, 0.013909842520658695, 0.26255855678859275], [0.052188869518813026, 0.5585318732961014, 0.08567600282585361, 0.30360325435923197], [0.1597697427482116, 0.029003922060954996, 0.015124759622796028, 0.7961015755680374], [0.3927715203374671, 0.024877272561133708, 0.011378992667279856, 0.5709722144341193]]}, "rewritten": {"ids": ["97106770", "97107040", "97107920", "97112290", "97116410", "98106111", "98106680", "98107340", "98111231", "98112170", "98116090", "98116500", "98120530", "99105921", "99107300", "99108310", "99109740", "99109910", "99110730", "99111620", "99111930", "99112840", "99114890", "99117740", "100108580", "100109360", "100111620", "100116790", "100117420", "100120010", "101112201", "101112540", "101113210", "101117580", "102109850", "102110050", "102112250", "102116340", "103110050", "103110100", "103111990", "103118291", "103120730", "104109311", "104110960", "104111780", "104113000", "104113190", "104113210", "104113240", "104113550", "104114320", "104118070", "105112130", "105113260", "105113440", "105116090", "105117200", "105117431", "105119950", "106113190", "106115120", "106116441", "106116640", "106117790", "106119260", "107114110", "107116340", "107117010", "107117630", "107118120", "107118520", "107120010", "107120130", "107121640", "108114670", "108115070", "108115570", "108116501", "108117451", "108118520", "108118810", "108119550", "108120280", "108120621", "108121160", "108121190", "109113281", "109116040", "109116441", "109116750", "109116810", "109119450", "109119460", "109120540", "109121640", "110114651", "110114720", "110114920", "110115120", "110115580", "110115890", "110115980", "110116170", "110116290", "110118701", "110119891", "110120540", "110120560", "110121140", "110121170", "111115400", "111115770", "111115910", "111116290", "111116530", "111116640", "111117000", "111117120", "111117571", "111119580", "111119950", "111120260", "112116290", "112116800", "112117210", "112117431", "112117571", "112117780", "112118161", "112118550", "112118620", "112118860", "112118930", "112120640", "113117630", "113118111", "113119120", "113119450", "113122160", "113122320", "113122650"], "labels": [3, 2, 0, 1, 3, 0, 1, 0, 1, 3, 0, 2, 1, 1, 3, 2, 3, 2, 3, 3, 1, 2, 2, 2, 0, 0, 3, 2, 2, 0, 0, 2, 3, 3, 1, 3, 0, 3, 3, 1, 2, 0, 1, 3, 2, 3, 1, 3, 3, 2, 1, 2, 2, 1, 3, 0, 1, 3, 1, 3, 0, 1, 0, 3, 1, 1, 1, 3, 1, 0, 3, 2, 1, 2, 1, 3, 1, 3, 0, 2, 0, 1, 1, 3, 1, 2, 1, 0, 0, 3, 0, 3, 3, 1, 1, 0, 3, 3, 3, 0, 1, 2, 1, 0, 2, 3, 3, 1, 0, 3, 2, 0, 3, 2, 2, 3, 0, 0, 2, 3, 3, 0, 3, 0, 0, 1, 0, 3, 0, 0, 3, 3, 3, 1, 0, 0, 1, 3, 3, 3, 1, 2], "predicted_labels": [2, 2, 0, 0, 0, 0, 2, 2, 1, 0, 1, 3, 0, 1, 3, 2, 1, 2, 2, 1, 1, 3, 1, 0, 0, 0, 3, 1, 1, 2, 0, 1, 0, 3, 2, 3, 0, 3, 1, 2, 3, 0, 3, 0, 3, 1, 0, 1, 0, 1, 0, 0, 0, 1, 1, 1, 3, 3, 2, 0, 2, 0, 0, 3, 1, 3, 0, 3, 1, 0, 0, 0, 3, 1, 2, 0, 1, 3, 3, 0, 0, 1, 1, 0, 0, 3, 2, 0, 3, 0, 1, 3, 2, 3, 1, 0, 3, 0, 3, 3, 2, 1, 0, 1, 3, 1, 3, 1, 1, 0, 3, 3, 3, 3, 1, 0, 1, 3, 1, 1, 0, 3, 3, 0, 1, 3, 0, 2, 1, 0, 0, 1, 2, 0, 0, 0, 1, 1, 1, 3, 3, 1], "confidence_scores": [[0.2205422726571221, 0.05486941697044786, 0.7186616958277382, 0.00592661454469186], [0.0006006993317247024, 0.4183664775503236, 0.5014942688360988, 0.07953855428185282], [0.9808520443990767, 0.00015395181947884832, 0.0015341133607556876, 0.017459890420688545], [0.4849280788905503, 0.0729381382590461, 0.41273812886021677, 0.02939565399018689], [0.812797902630245, 0.0031910344680876135, 0.1472881113286406, 0.0367229515730268], [0.9951193187085344, 0.00033200028022920084, 4.7952167689510584e-05, 0.0045007288435467965], [0.0041880380455239005, 0.013751312893797765, 0.9187991285860045, 0.06326152047467379], [0.04140714867430535, 0.019567289405341744, 0.9376600523684812, 0.001365509551871748], [0.3088387371517911, 0.545662969180842, 0.12439440807854338, 0.021103885588823496], [0.9323938436477153, 0.0012342607298829907, 0.0118995768561915, 0.05447231876621034], [0.0003134909677105711, 0.9779501070525675, 0.021366691531477924, 0.0003697104482440431], [0.20273495977344885, 0.17653946138109639, 0.13694256031725208, 0.48378301852820255], [0.5408239166918793, 0.3655405166661485, 0.011220158245253195, 0.08241540839671893], [0.00418024961021758, 0.9789328771134163, 0.01492421325325661, 0.0019626600231094967], [0.26370444102511287, 0.14513527566485757, 0.0029828270013630594, 0.5881774563086666], [0.28165862043790507, 0.12705187768752316, 0.572739169389913, 0.01855033248465876], [0.05508335933130405, 0.836161798744131, 0.07700345786892586, 0.03175138405563917], [0.06574204062401731, 0.008322070914362803, 0.9040110901574844, 0.021924798304135518], [0.011901060882017294, 0.023326295960461534, 0.8774029173455871, 0.08736972581193422], [0.42861555742952245, 0.5523690211971624, 0.008800092963716505, 0.010215328409598733], [0.2583379441748064, 0.6943432010611118, 0.011170658357873781, 0.03614819640620808], [0.019402662222844876, 0.40975824976883507, 0.0279113810804189, 0.5429277069279012], [0.0027801914627676783, 0.8426280768685597, 0.08212871112217358, 0.07246302054649904], [0.9442190161677825, 0.03796377908560841, 0.013810111087964837, 0.004007093658644419], [0.5281793155406769, 0.03084741863263296, 0.04400233190446185, 0.3969709339222282], [0.9362331098196823, 0.0202031816621369, 0.028408009160907223, 0.015155699357273521], [0.008750978360993292, 0.1491806169632843, 0.09778698668168166, 0.7442814179940407], [0.2797983976584069, 0.6866633205055874, 0.018843910083528155, 0.014694371752477493], [0.04347705208960778, 0.888686019489545, 0.004407203921698642, 0.06342972449914873], [0.059932768318554486, 0.13237646710867176, 0.6623965430330777, 0.14529422153969612], [0.9284645977550844, 0.05627917932032744, 0.005271661637620908, 0.009984561286967158], [0.28173119923421325, 0.5214124607289757, 0.15044864328466617, 0.04640769675214494], [0.5978268451568892, 0.18619978905592255, 0.09559592049889282, 0.12037744528829546], [0.02169258753466808, 0.0002779970152041879, 0.0025684121338849174, 0.9754610033162427], [0.010685558517808568, 0.00744074184549648, 0.9739764268474178, 0.00789727278927724], [0.0009630042235338538, 0.1810508073409395, 0.03984442354752992, 0.7781417648879968], [0.9584031793515894, 0.001019204007660732, 0.0011097299825148987, 0.03946788665823477], [0.027435061241073404, 0.3822551805204023, 0.009157490865354922, 0.5811522673731694], [0.006428364620059839, 0.8560519568092527, 0.0008508130793958563, 0.13666886549129162], [0.013436221247186984, 0.24295688575863392, 0.5423764130883497, 0.20123047990582932], [0.1134224765658766, 0.04973744855238166, 0.10216688724922675, 0.7346731876325151], [0.7169533310158546, 0.1480789049114698, 0.07133519648578503, 0.0636325675868906], [0.43789123725062046, 0.0755798212278716, 0.019362044242034446, 0.4671668972794735], [0.8362375284086798, 0.0724009675941249, 0.010636887584958694, 0.08072461641223654], [0.009856442904496108, 0.02373183473782089, 0.36824168169989163, 0.5981700406577913], [0.0009491878423139303, 0.9979411394520088, 0.0002889680076780702, 0.0008207046979990815], [0.5186042594531288, 0.06975309256357724, 0.011963934141643517, 0.3996787138416504], [0.00430878735462776, 0.9838301275918679, 0.004447590704932627, 0.007413494348571597], [0.7895695906347254, 0.05197684066264708, 0.15568427849012906, 0.0027692902124983455], [0.007363265449232314, 0.9661139955526348, 0.02308433701665883, 0.003438401981473953], [0.8104088487840408, 0.007356236028597601, 0.00018574028801299637, 0.1820491748993485], [0.963818227865556, 0.03343177120130339, 0.0016571847228088743, 0.0010928162103316286], [0.9155066130791266, 0.00019706212718838728, 0.026540639018541846, 0.057755685775143145], [0.009044543110714454, 0.6479067786700634, 0.29446843629205555, 0.048580241927166576], [0.0012783972696247912, 0.5073410118604993, 0.12023270796029967, 0.37114788290957634], [0.006168742670823441, 0.9808052016400555, 0.0025973072005437098, 0.010428748488577359], [0.026829644998802582, 0.42707906906842935, 0.001301383710645257, 0.5447899022221228], [0.027931075658883784, 0.05340534296064194, 0.14571941256971163, 0.7729441688107627], [0.04785405946801238, 0.04667849808791333, 0.8485625030948348, 0.0569049393492395], [0.8865786727471139, 0.008524888526724584, 0.10202524806350828, 0.0028711906626531216], [0.264119417808841, 0.2258925247541534, 0.30216317747134647, 0.20782487996565904], [0.7962029094752631, 0.05187299227326438, 0.0006915146719457245, 0.15123258357952685], [0.5984016618893133, 0.32599053865610333, 0.006412366713310916, 0.06919543274127231], [0.0008450967839835523, 0.4858181733071706, 0.02029390386914935, 0.4930428260396966], [0.051553681556405585, 0.6183004076771454, 0.047765473527223774, 0.2823804372392253], [0.07062773706207873, 0.001973649437185291, 0.3439443308188721, 0.5834542826818638], [0.9719379707645107, 0.007332904982599865, 0.016701801633082554, 0.004027322619807007], [0.00998206185812829, 0.07292064865379867, 0.07060432863291508, 0.8464929608551579], [0.2645077729276273, 0.5207761344052837, 0.005992817987746128, 0.20872327467934285], [0.692373435125341, 0.008872651936526348, 0.20198649212014302, 0.09676742081798954], [0.40611846653855876, 0.31402191477391156, 0.04361797882965453, 0.23624163985787514], [0.43425796382460113, 0.3630307539536157, 0.043132324522716925, 0.1595789576990662], [0.028328289701449585, 0.07213862531043536, 0.011962144458537315, 0.8875709405295777], [0.04020127960491794, 0.7048582525703424, 0.20534125965293457, 0.04959920817180515], [0.00012510730770111397, 0.077545091706571, 0.9209172665733303, 0.0014125344123976501], [0.33323350335013574, 0.297365793782598, 0.12566534699777426, 0.24373535586949194], [0.1561925014451888, 0.6481677295367623, 0.17151548277079573, 0.024124286247253133], [0.031200203260545546, 0.12311587140861453, 0.024540432580824445, 0.8211434927500155], [0.015320976090411186, 0.2710836310338982, 0.0881590817298656, 0.625436311145825], [0.8221270321431808, 0.00873750844544397, 0.10502860309388497, 0.06410685631749023], [0.9761489460158483, 0.017346193928825155, 0.0046396400009999705, 0.0018652200543266286], [0.0011366378301592066, 0.9962519751586918, 1.9830725868148165e-05, 0.00259155628528079], [0.025087629370042858, 0.6654128933822289, 0.24524280171855173, 0.06425667552917656], [0.5511572238988988, 0.00042675242028755684, 0.003862591196320698, 0.444553432484493], [0.7754404975778866, 0.018372698053330697, 0.014341912489797458, 0.1918448918789851], [0.003442868509362748, 0.04791671530494705, 0.005665338383578752, 0.9429750778021115], [0.07615845826672, 0.3407540549251528, 0.5553947519429959, 0.027692734865131245], [0.8327881380096677, 0.05357017175863806, 0.005873978683311312, 0.10776771154838288], [0.12299422855679287, 0.2975933932878483, 0.10233001624888996, 0.47708236190646897], [0.9989208428339107, 4.137683609414541e-05, 1.0022173762259075e-06, 0.001036778112619034], [0.004574840008219198, 0.9298450242514932, 0.06524177425729738, 0.000338361482990186], [0.18726169325895534, 0.25102903344820154, 0.0003680624843703575, 0.5613412108084728], [0.07364894864820114, 0.10722115999211056, 0.4376137546257074, 0.3815161367339809], [0.02339387290601979, 0.05384728900171322, 0.005418608064720356, 0.9173402300275467], [0.13227067967596406, 0.8462058578474968, 0.0006963501728872894, 0.020827112303651918], [0.9366855133564067, 0.05277646651648889, 0.005933221583755007, 0.004604798543349457], [0.12913096991155873, 0.0013878430214181736, 0.011340027982901898, 0.8581411590841211], [0.7470149267484277, 0.00505304538210573, 0.24661109078827914, 0.0013209370811873068], [0.12295988060920748, 0.21455554801235163, 0.0006481077084631545, 0.6618364636699776], [0.1445865065485853, 0.06211060238654443, 0.08138989858768184, 0.7119129924771884], [0.25299296650608444, 0.1257508118308341, 0.5268463296172315, 0.09440989204584989], [0.16237379656177972, 0.4319728208070812, 0.0013225104880514656, 0.40433087214308755], [0.6706839398940532, 0.142391700864761, 0.13724245605210633, 0.049681903189079606], [0.003743226924278328, 0.9312068862900029, 0.005094678074145552, 0.05995520871157299], [0.07183159729769288, 0.022671262078348565, 0.22231715445908717, 0.6831799861648714], [0.0031266697390819496, 0.9606482499273608, 0.007865288665454988, 0.028359791668102412], [0.02639861018481399, 0.003903265690835005, 0.0005703917581160517, 0.9691277323662348], [0.051168116869988296, 0.809277754020621, 0.05317988677808634, 0.08637424233130452], [0.002405547263486417, 0.9755975366906104, 0.021696217627851313, 0.00030069841805179074], [0.449803201239457, 0.003977515573495822, 0.22423407946530396, 0.3219852037217433], [0.3080780517083808, 0.0083408921595851, 0.13125061061604104, 0.552330445515993], [0.33932268011305583, 0.21500921609258822, 0.018281570540573982, 0.42738653325378206], [0.37966569251348425, 0.0304464114122776, 0.058368188934242955, 0.5315197071399952], [0.011779850468208753, 0.3767407149168441, 0.1854702600571358, 0.4260091745578114], [0.010933108385490966, 0.7499700084226422, 0.09327685168052836, 0.14582003151133852], [0.45336501691133274, 0.37689294854228333, 0.023046321741112537, 0.1466957128052715], [0.18123450859790008, 0.4626314904995549, 0.03001949940152195, 0.32611450150102306], [0.0029141790812059706, 0.28246899402271125, 0.037624132992375596, 0.6769926939037072], [0.007875875379114241, 0.5665954392664244, 0.049057797683898, 0.37647088767056325], [0.02511810156813386, 0.9644734040708065, 0.009744186896700558, 0.0006643074643591467], [0.7614487260407433, 0.15915024817161563, 0.004899492015122323, 0.07450153377251877], [0.11722168066023311, 0.000558626232728288, 0.0941512427437645, 0.788068450363274], [0.3546906773066308, 0.014548112388660933, 0.025859950747714754, 0.6049012595569935], [0.3298795433227685, 0.32041846663710755, 0.20425870577179506, 0.1454432842683288], [0.03137356164545376, 0.9217933248737045, 0.040445975567097864, 0.006387137913743714], [0.0002324368237114631, 0.003756952364060061, 0.10157144831265237, 0.894439162499576], [0.753216839512293, 0.2442846118793439, 0.0008818099675855, 0.0016167386407777693], [0.0004767229484268647, 0.2840209536039307, 0.6422176319242382, 0.07328469152340426], [0.013652271291094887, 0.8116255115873611, 0.001881915639109457, 0.17284030148243468], [0.5325161094685474, 0.42233752178798617, 0.0026580661850736536, 0.04248830255839278], [0.6729944623096218, 0.13495244118928418, 0.03000708772228762, 0.16204600877880637], [0.012364337716716304, 0.8742747920130284, 0.003186172717439973, 0.11017469755281521], [0.027869733713239645, 0.1776963942191725, 0.5715219688179555, 0.22291190324963242], [0.6151795265109198, 0.1412148362080064, 0.18041011809048083, 0.06319551919059287], [0.8342304260531261, 0.0206596723190244, 0.009916732592019972, 0.1351931690358297], [0.9394029849996952, 0.01768683493967395, 0.0024714106667911963, 0.04043876939383975], [0.3190696023515638, 0.37910673355335944, 0.0036863980019335965, 0.2981372660931433], [0.059730532382512955, 0.5095202852148711, 0.004492946995227508, 0.42625623540738844], [0.00042217718791117374, 0.9990639743487668, 4.450567591528768e-05, 0.00046934278740677474], [0.0987635309665303, 0.011336145454520363, 0.3442106558712084, 0.5456896677077409], [0.00377854423679453, 0.012551629852555177, 0.004989713213206294, 0.978680112697444], [0.00016600427102538568, 0.5932419935281117, 0.37926673580202674, 0.02732526639883612]]}}