{"test": {"ids": ["111118301", "107119950", "109119010", "110118161", "100116500", "104111620", "110118111", "110119300", "98110710", "112118581", "105112240", "107119390", "99109780", "109117600", "111118820", "110120190", "110120640", "112118471", "97113260", "110114950", "112121351", "110117200", "102118380", "102111990", "105117431", "109118820", "111116010", "107115250", "107120010", "107113170", "113118421", "104119340", "103110050", "106121220", "110116290", "113120260", "108116120", "105119950", "104111531", "98106111", "107114110", "112117780", "111116750", "99113260", "113118810", "110118301", "110114610", "97106600", "111120591", "110115710", "110117140", "105113440", "106118161", "100110260", "111115620", "110120540", "109114720", "97111790", "112116810", "99107500", "112121430", "97116790", "98111620", "108121160", "110114321", "112117660", "113122430", "98111670", "100111080", "112121030", "104114240", "107114950", "112118550", "103118110", "109116930", "103120780", "105116090", "112116640", "112117210", "97107260", "106117790", "108117360", "102109840", "110115140", "110115120", "101108370", "107118120", "100109000", "113120531", "109117630", "106111321", "107112840", "107114621", "99109161", "104114740", "103109791", "97107040", "97107920", "107113260", "97108520", "103111830", "99112531", "107114780", "97112300", "110115980", "108119510", "109113931", "107115140", "98107410", "99120010", "113121810", "112117580", "113122190", "98108410", "99111620", "106118520", "112116900", "105115380", "98121790", "98111860", "112118820", "99108000", "110114920", "107113180", "100120010", "110116501", "107120260", "111115910", "106114280", "104116980", "109119591", "99108580", "98117740", "108120060", "102110240", "99108330", "110118880", "106116820", "113121190", "112118860", "108115970", "102121440"], "labels": [3, 3, 3, 0, 2, 0, 1, 1, 2, 1, 1, 2, 2, 1, 0, 3, 0, 1, 1, 0, 0, 3, 1, 2, 1, 3, 1, 2, 1, 0, 3, 1, 3, 1, 2, 3, 1, 3, 0, 0, 1, 0, 3, 0, 3, 1, 1, 3, 1, 2, 3, 0, 3, 3, 1, 1, 0, 2, 3, 0, 2, 2, 3, 2, 1, 0, 2, 1, 0, 0, 0, 3, 3, 2, 0, 1, 1, 0, 1, 2, 1, 1, 2, 0, 0, 1, 3, 1, 0, 0, 0, 1, 0, 3, 2, 3, 2, 0, 0, 2, 3, 3, 2, 2, 1, 1, 1, 0, 3, 2, 2, 0, 1, 1, 3, 2, 3, 1, 2, 0, 0, 2, 3, 3, 0, 3, 1, 2, 3, 1, 0, 0, 2, 1, 3, 1, 0, 1, 1, 3, 2, 2], "predicted_labels": [0, 3, 3, 3, 2, 3, 0, 1, 1, 1, 1, 2, 1, 0, 0, 3, 1, 1, 3, 0, 0, 0, 1, 0, 1, 3, 1, 2, 3, 1, 0, 3, 1, 0, 2, 2, 0, 0, 3, 1, 3, 0, 0, 1, 3, 1, 1, 2, 3, 0, 3, 1, 3, 0, 1, 1, 2, 3, 1, 3, 3, 1, 1, 1, 1, 3, 3, 2, 1, 0, 0, 3, 3, 3, 2, 1, 0, 3, 2, 2, 1, 2, 1, 3, 3, 0, 1, 3, 1, 1, 3, 0, 3, 0, 1, 2, 3, 0, 3, 1, 3, 0, 1, 1, 3, 1, 3, 3, 0, 1, 2, 3, 3, 1, 1, 3, 0, 1, 2, 2, 0, 1, 1, 2, 1, 3, 1, 1, 3, 2, 0, 2, 3, 1, 3, 2, 3, 0, 3, 0, 3, 1], "confidence_scores": [[0.46312447136563334, 0.256486762126071, 0.013233903483003368, 0.2671548630252922], [0.14165044251546963, 0.18108482811564725, 0.04613752952490373, 0.6311271998439794], [0.04700603181187921, 0.1883298462577124, 0.2502488802323017, 0.5144152416981067], [0.3864448337249639, 0.14668959914291402, 0.02129280299929689, 0.4455727641328252], [0.09083927616777354, 0.3034045563453868, 0.4301629392688905, 0.1755932282179491], [0.483139312914617, 0.16005423304915495, 0.04006129907567473, 0.3167451549605533], [0.6972243347197334, 0.10813241588751313, 0.006931355189524628, 0.18771189420322867], [0.344926829589081, 0.44125108977428373, 0.05292413220418466, 0.1608979484324506], [0.04182315774805348, 0.7042463403885162, 0.07377907304676141, 0.18015142881666904], [0.07213047879564648, 0.4880970567862092, 0.30164926967459327, 0.13812319474355078], [0.3327260635677723, 0.3028031412570583, 0.09617981611197236, 0.268290979063197], [0.11114361716048568, 0.1583607515813818, 0.4688539693093332, 0.2616416619487994], [0.0490975083071534, 0.6990593979438435, 0.19719366317990036, 0.054649430569102986], [0.4436847101369256, 0.3465457722395957, 0.09305252672278314, 0.11671699090069579], [0.8953691162134881, 0.009837279781751328, 0.0030633608667545095, 0.09173024313800594], [0.256420608825561, 0.23838351521359497, 0.012179174079612309, 0.49301670188123176], [0.19810765977541883, 0.3201563079069394, 0.2569761685342869, 0.22475986378335525], [0.3759737395269792, 0.45058492335967737, 0.05174927723711548, 0.12169205987622787], [0.1323543899868162, 0.08583229187894938, 0.22757862979808752, 0.5542346883361468], [0.6358661608325104, 0.01852319391209586, 0.016118524303008298, 0.3294921209523854], [0.5823357827774153, 0.04932428601589553, 0.011623214623792759, 0.3567167165828963], [0.4844794493245897, 0.23890134982901345, 0.04200203854157972, 0.23461716230481708], [0.03189895382550862, 0.4357311929769207, 0.4118673884115312, 0.12050246478603953], [0.7641502667390832, 0.058042986910082986, 0.08320049493296283, 0.09460625141787075], [0.042969424069300446, 0.4404402627986516, 0.4147679398635246, 0.10182237326852303], [0.07139170971025467, 0.09606483198226605, 0.2057414477108228, 0.6268020105966564], [0.03711714151562747, 0.7295463434460229, 0.08262991173720949, 0.1507066033011403], [0.08323427266031325, 0.10138329403442911, 0.7696632029625328, 0.045719230342724876], [0.044011963630855265, 0.24599165544423182, 0.37548284230905116, 0.33451353861586186], [0.1216738096938163, 0.5515973141226527, 0.03261675655970962, 0.29411211962382167], [0.9114526933383313, 0.013602368960965016, 0.0005596330285931628, 0.07438530467211008], [0.110405681555979, 0.10284055186597335, 0.01549877718116815, 0.7712549893968794], [0.03400908266673199, 0.656029529954005, 0.03942726439521586, 0.27053412298404705], [0.45536502520937616, 0.12120789382248133, 0.155472030127129, 0.26795505084101356], [0.35550484071052874, 0.025421735290370225, 0.45868408541945355, 0.16038933857964727], [0.2636621450230284, 0.21746075845886903, 0.3690557785102656, 0.14982131800783696], [0.8872520687434882, 0.024609345069835514, 0.006776390935261634, 0.08136219525141469], [0.5418172255749137, 0.3674249528992645, 0.021511851016111378, 0.06924597050971008], [0.2102510425462104, 0.2475285432178602, 0.0225361304819074, 0.5196842837540222], [0.06475795891258534, 0.3862308549230816, 0.4460416931582756, 0.10296949300605715], [0.006447070467580055, 0.011581574355208422, 0.02985710840956578, 0.9521142467676459], [0.7182292463683353, 0.1162213315769136, 0.010003296399587974, 0.15554612565516304], [0.6130585274042768, 0.010147283544533198, 0.013958421729551005, 0.3628357673216393], [0.15460741789802598, 0.34334141215418523, 0.45482786832553646, 0.047223301622252495], [0.20776626443543736, 0.2306133356409604, 0.021983939748104864, 0.5396364601754975], [0.1751880477247958, 0.7007042046305398, 0.009880550294092148, 0.11422719735057198], [0.294596842187296, 0.38659284943009403, 0.2858263289934242, 0.032983979389185694], [0.05855766127116899, 0.23778099291859972, 0.5602999426467001, 0.1433614031635314], [0.5536422384989282, 0.03902809790490432, 0.010245285236613751, 0.3970843783595535], [0.3639696200768471, 0.16757718778636072, 0.24077362638662378, 0.22767956575016854], [0.06710323382883712, 0.2624211679364172, 0.16418526967900987, 0.506290328555736], [0.16966508781558362, 0.5174129218747411, 0.05812987331699734, 0.25479211699267823], [0.2110558273600513, 0.30868584368595287, 0.07358142373625078, 0.406676905217745], [0.7396352659370833, 0.056214095944659356, 0.04020503666743252, 0.163945601450825], [0.18810584138844633, 0.5685238355033455, 0.11383776929495093, 0.12953255381325707], [0.010486455135441606, 0.7753918966469115, 0.15881585610606214, 0.05530579211158492], [0.01222204917570962, 0.21407353445107136, 0.6567562964003675, 0.11694811997285164], [0.27042742464294456, 0.036432456393272805, 0.13083771889368664, 0.5623024000700956], [0.26748817607975595, 0.3140811161814756, 0.21682992800150466, 0.20160077973726387], [0.13195633779304333, 0.2226264803467282, 0.27308685086245754, 0.37233033099777074], [0.2752406092186977, 0.33366925739168124, 0.008157195367974327, 0.3829329380216467], [0.25427229549581254, 0.5891293376850737, 0.060924661166268775, 0.09567370565284498], [0.05036892888431185, 0.3850865877712399, 0.47859803669041845, 0.08594644665402977], [0.28422791252243734, 0.5662405050432637, 0.022196484503493253, 0.1273350979308061], [0.18342044204345886, 0.6082315408114564, 0.13186960837043238, 0.07647840877465222], [0.14937198108509744, 0.06607861014262163, 0.05397553560113738, 0.7305738731711435], [0.023221140700998018, 0.48210643284689497, 0.04726186792928135, 0.4474105585228255], [0.07492194427535734, 0.04601324081256607, 0.6939982172247349, 0.18506659768734185], [0.07447249246796567, 0.7997595095895981, 0.0572846083462616, 0.06848338959617484], [0.9312190556627568, 0.018972209889983844, 0.007090590664414831, 0.042718143782844595], [0.465381790603068, 0.25423204954334755, 0.14719900399488978, 0.13318715585869456], [0.1385811066751844, 0.0564618750902609, 0.10727314220827101, 0.6976838760262835], [0.1712344396904944, 0.11596135201057468, 0.033715236669278066, 0.6790889716296529], [0.2350164808811114, 0.125119771532808, 0.10579341088375373, 0.5340703367023268], [0.043645495720791946, 0.05570400104580497, 0.8220656660995382, 0.07858483713386501], [0.04397969978355242, 0.47148968653282747, 0.11426041250316546, 0.3702702011804548], [0.4700519318201028, 0.23556632406641342, 0.08360900084494627, 0.21077274326853743], [0.11980446521879945, 0.3738558480357204, 0.02768815632387557, 0.4786515304216045], [0.03290579226574169, 0.2610620525071643, 0.6547230836976109, 0.05130907152948303], [0.0036177709809866307, 0.012082766788655202, 0.9561701819397322, 0.02812928029062596], [0.204820571836021, 0.344409197901949, 0.2595934096905758, 0.1911768205714542], [0.0013079509807849177, 0.04933043227917711, 0.5476578847115504, 0.4017037320284876], [0.02242987521480903, 0.44214463234278895, 0.45426992411429074, 0.08115556832811156], [0.3398725022574494, 0.15870096214967602, 0.047542687601560406, 0.4538838479913143], [0.23462070855161907, 0.18604500736549057, 0.04373694727449466, 0.5355973368083955], [0.9212251653681035, 0.02062148599905548, 0.011993792157729263, 0.04615955647511166], [0.061256926321608986, 0.6083331086221687, 0.046407612768568335, 0.284002352287654], [0.1854996583927159, 0.20360800141388335, 0.1610427576287462, 0.4498495825646546], [0.22617463283862924, 0.49039548275842826, 0.07575525781738424, 0.20767462658555855], [0.49130937186277823, 0.4306862162851605, 0.01696692635615958, 0.06103748549590167], [0.37250927618932855, 0.20562784437161533, 0.1243356721083257, 0.2975272073307306], [0.4078970292733626, 0.28921158089554777, 0.2530146313764115, 0.04987675845467816], [0.11579778895274735, 0.2792442934520229, 0.038022507382125745, 0.5669354102131038], [0.8178320084471279, 0.08680729947470642, 0.08250457055133824, 0.012856121526827434], [0.08718289126346322, 0.4790449051342984, 0.10921631492980739, 0.3245558886724308], [0.1847987996696044, 0.028823713666575095, 0.5979907883486607, 0.18838669831515986], [0.09148444480290474, 0.27031190326188814, 0.08318792055005424, 0.5550157313851531], [0.6812731695088108, 0.05180983454112109, 0.033871356475509144, 0.23304563947455906], [0.07470221638892802, 0.2421278832062132, 0.17543087685154088, 0.5077390235533171], [0.3983639593665453, 0.38600424846598935, 0.12599798779866622, 0.08963380436879888], [0.4406515843701138, 0.014929467782025762, 0.015831966224681086, 0.5285869816231795], [0.5247123840492515, 0.22185545298818954, 0.0630150855167493, 0.19041707744580977], [0.14211208345318996, 0.6073700549842765, 0.02007192365008038, 0.23044593791245277], [0.2978391643280933, 0.3202094244839884, 0.22328513207370493, 0.15866627911421335], [0.2214991287178152, 0.12431061610435208, 0.013129683100928394, 0.6410605720769043], [0.09887540568554284, 0.3630818070868191, 0.44872630850784745, 0.08931647871979048], [0.35412548077148515, 0.23003751581356843, 0.011278849273265045, 0.4045581541416814], [0.021989719102559528, 0.006654482373022623, 0.0284287438593892, 0.9429270546650288], [0.5670614278161681, 0.08377179196651058, 0.0457992172580211, 0.30336756295930034], [0.08220720366859449, 0.5056522372095881, 0.25280132699322444, 0.15933923212859297], [0.012870871888373046, 0.07435816621870692, 0.907186689957357, 0.005584271935563091], [0.2309480245268379, 0.13547779032099397, 0.04888442284494818, 0.5846897623072195], [0.24639015307926423, 0.07920773584892744, 0.3410566442547231, 0.3333454668170852], [0.3673302907171807, 0.5429882632938485, 0.028389681084569386, 0.06129176490440111], [0.03515122397798753, 0.6134011045708243, 0.10872087716419654, 0.24272679428699176], [0.3611479035881405, 0.17402573605112487, 0.015412857296049343, 0.4494135030646855], [0.5120066704119418, 0.22120435515951586, 0.008341520067781695, 0.25844745436076116], [0.147572431931855, 0.338103140266114, 0.1621610670039458, 0.3521633607980854], [0.27756583392262807, 0.07914256382822486, 0.44718743997691207, 0.19610416227223476], [0.008357420267435767, 0.2920571560609757, 0.6646087890000077, 0.03497663467158081], [0.6530648152638036, 0.05920434439404137, 0.014192372882946731, 0.27353846745920857], [0.008169193558109173, 0.44049448627860305, 0.34178032345461584, 0.20955599670867212], [0.09522383645242025, 0.7406735393740869, 0.028334382946384854, 0.135768241227108], [0.12569886780206369, 0.19298540192102215, 0.6216928039616259, 0.05962292631528843], [0.009379468058515923, 0.45415627795052976, 0.4779463879145844, 0.05851786607636995], [0.210323141419388, 0.0605496736948115, 0.004456404615849637, 0.724670780269951], [0.1285527449225441, 0.8311998050838755, 0.03451408576135554, 0.005733364232224972], [0.1646209862223406, 0.46448202368596203, 0.05247923434893216, 0.3184177557427652], [0.04890470419669567, 0.16446900990730018, 0.03301722370871082, 0.7536090621872934], [0.0028581304438141794, 0.07675534818942656, 0.8642295489003133, 0.05615697246644596], [0.4676181250994728, 0.3604297579231417, 0.09262057206877435, 0.07933154490861119], [0.04279111543476828, 0.24232352841937885, 0.6841050816592793, 0.03078027448657345], [0.05967678668672062, 0.3504394842771131, 0.21544526177346482, 0.37443846726270136], [0.17002805685012504, 0.5173861556914654, 0.2954975224399092, 0.017088265018500283], [0.4019777506450175, 0.2237153073523896, 0.09654184557744747, 0.2777650964251453], [0.14391461651354237, 0.12546370307240737, 0.5659635351081509, 0.16465814530589934], [0.09750522168036173, 0.14864151660991676, 0.01102707387477173, 0.7428261878349501], [0.5959682068398633, 0.10092602869687142, 0.06411551421898105, 0.23899025024428444], [0.3612769976989228, 0.1481501494285353, 0.03272277853868899, 0.4578500743338525], [0.4449980619998751, 0.2708315291734349, 0.1134648362525991, 0.17070557257409036], [0.1514951614487826, 0.08128755128032354, 0.017119550087126706, 0.7500977371837676], [0.07277486731844447, 0.5168558487245725, 0.19766066731336082, 0.21270861664362226]]}, "rewritten": {"ids": ["97106600", "97107040", "97107260", "97107920", "97108520", "97111790", "97112300", "97113260", "97116790", "98106111", "98107410", "98108410", "98110710", "98111620", "98111670", "98111860", "98117740", "98121790", "99107500", "99108000", "99108330", "99108580", "99109161", "99109780", "99111620", "99112531", "99113260", "99120010", "100109000", "100110260", "100111080", "100116500", "100120010", "101108370", "102109840", "102110240", "102111990", "102118380", "102121440", "103109791", "103110050", "103111830", "103118110", "103120780", "104111531", "104111620", "104114240", "104114740", "104116980", "104119340", "105112240", "105113440", "105115380", "105116090", "105117431", "105119950", "106111321", "106114280", "106116820", "106117790", "106118161", "106118520", "106121220", "107112840", "107113170", "107113180", "107113260", "107114110", "107114621", "107114780", "107114950", "107115140", "107115250", "107118120", "107119390", "107119950", "107120010", "107120260", "108115970", "108116120", "108117360", "108119510", "108120060", "108121160", "109113931", "109114720", "109116930", "109117600", "109117630", "109118820", "109119010", "109119591", "110114321", "110114610", "110114920", "110114950", "110115120", "110115140", "110115710", "110115980", "110116290", "110116501", "110117140", "110117200", "110118111", "110118161", "110118301", "110118880", "110119300", "110120190", "110120540", "110120640", "111115620", "111115910", "111116010", "111116750", "111118301", "111118820", "111120591", "112116640", "112116810", "112116900", "112117210", "112117580", "112117660", "112117780", "112118471", "112118550", "112118581", "112118820", "112118860", "112121030", "112121351", "112121430", "113118421", "113118810", "113120260", "113120531", "113121190", "113121810", "113122190", "113122430"], "labels": [3, 2, 2, 0, 2, 2, 2, 1, 2, 0, 3, 1, 2, 3, 1, 0, 2, 2, 0, 2, 1, 0, 3, 2, 3, 3, 0, 2, 1, 3, 0, 2, 0, 1, 2, 3, 2, 1, 2, 3, 3, 3, 2, 1, 0, 0, 0, 2, 1, 1, 1, 0, 1, 1, 1, 3, 0, 3, 1, 1, 3, 2, 1, 1, 0, 3, 0, 1, 0, 2, 3, 0, 2, 3, 2, 3, 1, 1, 2, 1, 1, 1, 1, 2, 1, 0, 0, 1, 0, 3, 3, 0, 1, 1, 3, 0, 0, 0, 2, 1, 2, 3, 3, 3, 1, 0, 1, 0, 1, 3, 1, 0, 1, 2, 1, 3, 3, 0, 1, 0, 3, 3, 1, 0, 0, 0, 1, 3, 1, 0, 3, 0, 0, 2, 3, 3, 3, 0, 1, 2, 1, 2], "predicted_labels": [2, 1, 2, 0, 0, 3, 1, 3, 1, 1, 0, 1, 1, 2, 2, 1, 3, 0, 1, 2, 2, 2, 0, 1, 1, 0, 2, 1, 3, 0, 1, 1, 1, 0, 1, 0, 0, 1, 1, 2, 1, 3, 3, 3, 3, 3, 3, 3, 2, 3, 1, 1, 3, 3, 1, 0, 0, 3, 0, 3, 3, 3, 3, 1, 1, 2, 3, 3, 3, 1, 3, 3, 2, 3, 3, 3, 2, 2, 3, 0, 2, 2, 1, 1, 3, 2, 2, 0, 1, 3, 1, 0, 0, 1, 3, 3, 3, 3, 3, 3, 2, 3, 3, 0, 0, 1, 1, 3, 1, 3, 1, 2, 3, 1, 1, 3, 0, 0, 3, 3, 1, 1, 2, 3, 3, 0, 1, 3, 0, 3, 0, 0, 3, 3, 0, 3, 1, 3, 0, 2, 3, 3], "confidence_scores": [[0.10717271152296423, 0.30012005688843735, 0.45217170857062694, 0.14053552301797104], [0.07993511302106007, 0.5163157788575162, 0.020874544430931716, 0.38287456369049166], [0.0031146630760611506, 0.008388104436325091, 0.9771284900757595, 0.011368742411854106], [0.6448376170688516, 0.06938747886985058, 0.046230631737292534, 0.23954427232400566], [0.5024034514301094, 0.2033676752333986, 0.0651015063872867, 0.2291273669492052], [0.2921162885864147, 0.044008833960547354, 0.1292851189802328, 0.5345897584728053], [0.12583523198682237, 0.4316025470291017, 0.1463096382166697, 0.29625258276740635], [0.16581633361577275, 0.04882287988508266, 0.2580585152523444, 0.5273022712468004], [0.37670567096457036, 0.5362548092950882, 0.024152492817296728, 0.06288702692304467], [0.15436761216418576, 0.49091003252772386, 0.20031534528023143, 0.15440701002785884], [0.6749969056851631, 0.07785962173582497, 0.034151158998518165, 0.21299231358049384], [0.17424985599274967, 0.7007795295036092, 0.015434833975720572, 0.10953578052792055], [0.07040025905874776, 0.7193147886170265, 0.06819135977902167, 0.1420935925452043], [0.014525891316759482, 0.16850490645818414, 0.7907370969353995, 0.02623210528965709], [0.10042072027383965, 0.05635658758025403, 0.6870848170571144, 0.15613787508879196], [0.010263374179526158, 0.4240461025068618, 0.5369701862313929, 0.028720337082219233], [0.07182354151350263, 0.29497353420749767, 0.2990992186376921, 0.33410370564130776], [0.5591033407218874, 0.07358568382977033, 0.13820944825992382, 0.22910152718841856], [0.3051543885725262, 0.39997241114191134, 0.10833105992126653, 0.18654214036429614], [0.00399395035912813, 0.2796935069700995, 0.43921697193473097, 0.2770955707360415], [0.2552331263706985, 0.1349751984326341, 0.4768378629161459, 0.1329538122805217], [0.061219368035957844, 0.27680774040466877, 0.627558229722445, 0.03441466183692865], [0.7213176975057863, 0.19804201759554477, 0.06325708797438254, 0.017383196924286356], [0.049768894853001046, 0.6071740825066396, 0.2724360693453652, 0.0706209532949943], [0.029465852403686897, 0.6354249421672864, 0.1118755141246155, 0.22323369130441123], [0.5414219294039767, 0.25577542644018514, 0.09366474153235975, 0.10913790262347879], [0.15429203060293906, 0.2992471738858083, 0.5033327957042394, 0.043127999807013685], [0.2811368532719493, 0.4210284362931272, 0.10075056924990262, 0.19708414118502113], [0.17944975760234239, 0.27448107376398584, 0.09645707431720611, 0.44961209431646554], [0.7816908803640427, 0.05439943674723953, 0.024558392366416788, 0.13935129052230108], [0.057843607295482685, 0.7019439577456119, 0.11714732872857271, 0.12306510623033291], [0.06891367651591548, 0.37008153692947, 0.276960874278975, 0.2840439122756398], [0.04742145076215297, 0.5028451049845828, 0.24585100572625312, 0.20388243852701116], [0.94834355715211, 0.012967685451447376, 0.0033732504868289317, 0.03531550690961362], [0.06488831970856271, 0.2686466084788686, 0.39366823309690896, 0.2727968387156599], [0.5488291246140838, 0.11857281882825432, 0.08052304759742933, 0.2520750089602324], [0.8336278270120481, 0.04135199350460614, 0.06304391967217265, 0.061976259811172926], [0.03060399600266044, 0.5395799969314349, 0.33190685361171673, 0.09790915345418777], [0.05065170937213868, 0.5857934791144686, 0.11991308098476038, 0.24364173052863258], [0.2236664860990941, 0.03187755300735622, 0.45296732869439144, 0.2914886321991584], [0.018250402282166647, 0.6752116293446742, 0.0869505214533796, 0.21958744691977963], [0.38653691367891696, 0.024614048435993942, 0.01889248177920195, 0.5699565561058874], [0.15661932361659464, 0.27513020219962786, 0.059060341307723564, 0.5091901328760539], [0.10731664906544171, 0.4217164575319661, 0.02634486239476141, 0.4446220310078314], [0.19983655622182997, 0.2950295331279807, 0.03212254170125792, 0.47301136894893103], [0.3065805725504569, 0.2141602163181314, 0.08806269381349204, 0.3911965173179193], [0.3932758739583137, 0.29038226105321857, 0.04792269570559444, 0.2684191692828732], [0.19293320237774333, 0.23974947551493725, 0.2963865570178694, 0.2709307650894501], [0.01409907010440856, 0.1390528776400273, 0.7288819273765244, 0.11796612487903956], [0.15590265967282127, 0.0756160740286902, 0.01180474070478499, 0.7566765255937034], [0.21077066720307544, 0.31671663170344366, 0.1540559833495002, 0.3184567177439807], [0.11305718804099521, 0.5983485458594355, 0.03764046284664695, 0.2509538032529221], [0.2539169927807047, 0.17235626816718738, 0.06361914256361804, 0.5101075964884899], [0.48953057742928285, 0.1036078867407216, 0.09130666586649375, 0.31555486996350174], [0.05836314559760438, 0.5218372480897693, 0.2743252293724973, 0.1454743769401289], [0.7055201112916868, 0.12418147926894106, 0.008928900398030112, 0.16136950904134173], [0.8247074017909649, 0.031311787487219155, 0.07505927956509831, 0.06892153115671772], [0.04985220188320151, 0.22641032446455106, 0.04520416598604727, 0.6785333076662002], [0.557299889552641, 0.11868457435477738, 0.04167837908663088, 0.2823371570059506], [0.1872478143505604, 0.23117769082699516, 0.2578831489118725, 0.32369134591057214], [0.26802702456891864, 0.19926929721244763, 0.09054313308742934, 0.44216054513120456], [0.41809608524800385, 0.16460962854587513, 0.02593538779144506, 0.39135889841467614], [0.24220811882583185, 0.08661856074389453, 0.13125984769104007, 0.5399134727392338], [0.39758186840798393, 0.3529847071590425, 0.20776213447025874, 0.041671289962714825], [0.12637517991702774, 0.4856611159673273, 0.021564468298744116, 0.36639923581690076], [0.041288917092567844, 0.145476907163931, 0.7866013086614584, 0.026632867082042905], [0.13491461209708003, 0.11282889314400747, 0.09728718742440165, 0.654969307334511], [0.006395953771262611, 0.007589577390972722, 0.026714822092676307, 0.9592996467450885], [0.1905262892135268, 0.23408437450835134, 0.018826717268231985, 0.5565626190098897], [0.10003855074600333, 0.6531433965277909, 0.021050645649820895, 0.22576740707638493], [0.04703957500226444, 0.07611337865461137, 0.13562455940524978, 0.7412224869378737], [0.021485796240173542, 0.004437021665400034, 0.013792067764590158, 0.9602851143298362], [0.11230624205572244, 0.11191356998455008, 0.7256226763172906, 0.050157511642437064], [0.22154355380296115, 0.21994860754652043, 0.02346093528896661, 0.535046903361552], [0.0767288225935836, 0.18067581315721576, 0.400176275330447, 0.3424190889187534], [0.10912076234130955, 0.1774771660951721, 0.038305296608584234, 0.6750967749549343], [0.06202429682288421, 0.26198673661577904, 0.4114272543022529, 0.2645617122590838], [0.04859115491268336, 0.3394294507282143, 0.5755942835357719, 0.03638511082333061], [0.3166604193315392, 0.10830630522636144, 0.016756254477723366, 0.558277020964376], [0.7778857470451419, 0.05241360872413697, 0.026126605729133768, 0.14357403850158748], [0.002825919234156423, 0.03200409891324867, 0.7219884153690892, 0.24318156648350536], [0.11886322614370444, 0.2062012003803034, 0.5198726841009058, 0.15506288937508625], [0.2543293814082525, 0.3869659487744947, 0.33715928722540744, 0.021545382591845644], [0.22145104116769185, 0.5550680923273459, 0.02382567213477538, 0.19965519437018703], [0.3418023178670007, 0.22595860479400437, 0.014679899319346533, 0.41755917801964815], [0.005696871585652687, 0.13259038834409098, 0.7523033957895515, 0.10940934428070481], [0.18322304382493512, 0.12520866146037754, 0.6212209076365539, 0.07034738707813354], [0.43704416773266574, 0.29644527709966734, 0.10150244580355318, 0.16500810936411367], [0.5039704765941997, 0.43030151605165023, 0.013545960022779142, 0.052182047331371044], [0.04050750476380618, 0.06577780099800348, 0.2024711555007847, 0.6912435387374056], [0.029104118697732304, 0.3283962189600358, 0.43289032966088054, 0.20960933268135123], [0.3994544635089059, 0.34609494515839695, 0.1631269857701462, 0.09132360556255091], [0.7250150271966799, 0.1883107131056873, 0.026901661046315153, 0.05977259865131741], [0.23573488195113457, 0.38662528278430874, 0.3469792332639758, 0.030660602000581225], [0.12175349195818314, 0.3029039277162265, 0.0691705445687937, 0.5061720357567966], [0.3855342761419989, 0.030409431238483667, 0.04645744147838398, 0.5375988511411331], [0.18884334745140094, 0.16276343029622856, 0.01804869328072808, 0.6303445289716427], [0.21199326739548527, 0.07719919089839994, 0.021370610739716283, 0.6894369309663987], [0.20496543503866343, 0.20523546897899442, 0.2725365334859872, 0.31726256249635487], [0.0982928140278241, 0.0724941275648907, 0.01639982738278583, 0.8128132310244995], [0.16125894364570859, 0.033769222951444716, 0.5853454754352472, 0.21962635796759955], [0.2062165839087448, 0.0892945462441133, 0.007007052225091921, 0.6974818176220499], [0.03138520101696329, 0.12826041785159367, 0.07628519052914115, 0.7640691906023016], [0.4792290154053971, 0.22245704685663947, 0.07983513969927103, 0.2184787980386924], [0.5882335262374848, 0.2257638382691639, 0.02911846201443867, 0.15688417347891237], [0.3642907957682136, 0.4483444547297154, 0.02507959199397383, 0.162285157508097], [0.17866077509850803, 0.7281354190875289, 0.007429640943980726, 0.08577416486998225], [0.14248385676124597, 0.07135594607984354, 0.008999968648570283, 0.7771602285103397], [0.11689685190555141, 0.7693864754828551, 0.045632116948520075, 0.06808455566307345], [0.20169757499573124, 0.2715922731574911, 0.013177591308455486, 0.5135325605383222], [0.013672981696765073, 0.5233781488071604, 0.4051809897083101, 0.05776787978776464], [0.06772275137617688, 0.24000333263081333, 0.48098027629627227, 0.21129363969673745], [0.23418894176295182, 0.24398477459465961, 0.11441237966375108, 0.40741390397863764], [0.1952833788233018, 0.4931543545112665, 0.06618355687980651, 0.24537870978562493], [0.0632393353742983, 0.5939369779338914, 0.09466107711864416, 0.24816260957316585], [0.4978377268756301, 0.013535929969856591, 0.008917925072206906, 0.47970841808230613], [0.40000112628680806, 0.3126660157386342, 0.024454159507240714, 0.26287869846731715], [0.8372538979928646, 0.014270022380556092, 0.008212517540346308, 0.14026356208623278], [0.5273188857345856, 0.05132818902354196, 0.013616357558085157, 0.40773656768378724], [0.05744150808119566, 0.3893035748838805, 0.10225592909772487, 0.4509989879371989], [0.12500843345443166, 0.3662446965257124, 0.3630729060092348, 0.14567396401062066], [0.4136492519435972, 0.49183907370722063, 0.005148231144113211, 0.0893634432050693], [0.03671434084365521, 0.24546214803505848, 0.6618938189828435, 0.055929692138442635], [0.16561206787946683, 0.2458530649387514, 0.05436578316908033, 0.5341690840127012], [0.1453449678566257, 0.07438199851318456, 0.08413086708675135, 0.6961421665434383], [0.7832944730308948, 0.07794929543212983, 0.016119899274207528, 0.1226363322627678], [0.1778994407773606, 0.6271714081097827, 0.08473264006610154, 0.1101965110467545], [0.1868549776038541, 0.060766787650704285, 0.03870200187507137, 0.7136762328703701], [0.35657839945091985, 0.3063785986174034, 0.06432731532118402, 0.27271568661049256], [0.32778080549385735, 0.10154807537238104, 0.015511991805562906, 0.5551591273281985], [0.35304718060143764, 0.2780381217072604, 0.1787185620215037, 0.19019613566979818], [0.9181414146282197, 0.017915169057213052, 0.008609767144994151, 0.05533364916957311], [0.5366070641770211, 0.08488351078128399, 0.01660300766476732, 0.36190641737692764], [0.27676823125549677, 0.3259421948689904, 0.013992806199966377, 0.38329676767554677], [0.7921911365760138, 0.028096989489612135, 0.0015622395941026874, 0.1781496343402715], [0.1453722582180654, 0.24144782720830446, 0.022784156676882092, 0.5903957578967479], [0.14977952114576357, 0.30444873862253957, 0.3526121058082239, 0.193159634423473], [0.25370559682359906, 0.2919478799282177, 0.054580672582357374, 0.3997658506658261], [0.5787865494437875, 0.189077653110324, 0.0193271745956455, 0.212808622850243], [0.041776305277047204, 0.1379219880944335, 0.805956523910496, 0.014345182718023496], [0.20330347306930316, 0.0639600296573362, 0.42357122034690114, 0.3091652769264596], [0.008543227271149357, 0.44938771207152395, 0.06266375309262348, 0.4794053075647033]]}}