{"test": {"ids": ["105111990", "110114950", "109113591", "103120290", "107114280", "113118421", "109116040", "111116040", "103113260", "111119610", "104112470", "98109090", "112119610", "111116090", "101112201", "112117210", "100109330", "103113101", "103120340", "111119290", "111114121", "102111990", "98121790", "97107920", "98112170", "101111990", "112116451", "100111620", "97106820", "107113170", "104119340", "105115900", "113122170", "110120540", "102121440", "112118620", "104113210", "109121640", "97113900", "113118511", "110116170", "108119510", "113121680", "104116800", "104111380", "112117790", "112118530", "112117580", "107120880", "99108330", "112116850", "109115211", "107118490", "112120630", "101108370", "98106560", "100116500", "101108080", "111116530", "110118181", "105113620", "103110840", "103118291", "100110050", "111117120", "105116860", "108120700", "101114020", "103111540", "106116640", "110117500", "102109910", "99109311", "112118161", "107112840", "101108580", "105115720", "97105580", "103113640", "103113270", "98111231", "111121930", "100108260", "108116481", "111120190", "110120700", "101112160", "107113360", "110114920", "101112690", "103118110", "113120280", "113118690", "112119930", "109113881", "110119300", "99108890", "97118210", "107114780", "109118161", "111116170", "102112170", "112120540", "97107681", "105112240", "104111990", "106121220", "104116441", "111115770", "110115890", "111116100", "112116501", "108120060", "111116290", "97109570", "98107010", "113121980", "110115580", "108118301", "111117571", "98106111", "99107560", "106118520", "112121030", "108113740", "111119580", "101116130", "112116990", "111119150", "99109141", "106115240", "105113260", "101111310", "101109000", "108120260", "112118810", "102112030", "106115250", "107115140", "113119300", "98106880", "108121410"], "labels": [2, 0, 3, 2, 3, 3, 0, 0, 3, 2, 1, 1, 0, 3, 0, 1, 0, 3, 1, 3, 0, 2, 2, 0, 3, 2, 0, 3, 1, 0, 1, 3, 1, 1, 2, 3, 3, 0, 2, 1, 0, 1, 1, 1, 3, 3, 1, 0, 1, 1, 0, 0, 2, 3, 1, 1, 2, 0, 3, 1, 0, 1, 0, 3, 2, 2, 2, 3, 1, 3, 1, 2, 1, 0, 1, 0, 1, 1, 1, 2, 1, 1, 3, 0, 3, 2, 3, 0, 3, 1, 2, 0, 3, 1, 0, 1, 0, 2, 2, 0, 0, 3, 3, 3, 1, 2, 1, 1, 3, 2, 3, 3, 1, 2, 0, 3, 2, 1, 1, 3, 0, 1, 2, 0, 3, 3, 2, 0, 3, 3, 1, 3, 3, 1, 1, 3, 2, 2, 0, 1, 0, 0], "predicted_labels": [1, 3, 0, 3, 1, 3, 3, 3, 1, 1, 3, 3, 3, 3, 1, 3, 1, 3, 1, 3, 1, 1, 1, 0, 0, 1, 0, 3, 3, 0, 1, 3, 3, 1, 3, 1, 0, 0, 3, 0, 1, 3, 3, 3, 1, 3, 3, 3, 3, 3, 3, 3, 1, 3, 0, 3, 3, 0, 3, 1, 1, 1, 3, 3, 1, 1, 1, 3, 3, 0, 3, 3, 1, 1, 1, 0, 1, 1, 0, 3, 0, 0, 1, 3, 3, 3, 1, 3, 1, 3, 1, 3, 3, 2, 0, 3, 1, 0, 1, 1, 1, 3, 1, 0, 3, 1, 3, 3, 1, 1, 1, 0, 1, 1, 3, 1, 1, 3, 1, 1, 1, 3, 1, 3, 1, 1, 3, 3, 3, 0, 1, 3, 3, 3, 3, 3, 3, 3, 3, 3, 3, 3], "confidence_scores": [[0.18301651856915022, 0.31291144411144417, 0.19213581243318092, 0.3119362248862249], [0.22952250527250542, 0.2941388666888668, 0.17879874014874028, 0.29753988788988806], [0.28480743145743154, 0.27792924102041766, 0.1688007218271925, 0.2684626056949589], [0.2160965756465758, 0.2786262570762572, 0.20248933843933845, 0.3027878288378289], [0.22109315129315138, 0.3399754967254966, 0.1658736097236097, 0.27305774225774226], [0.2408452380952382, 0.25354516594516613, 0.1793226551226552, 0.32628694083694076], [0.23645621045621057, 0.22917237762237772, 0.23098634698634699, 0.30338506493506484], [0.2585547563547567, 0.22121571761571773, 0.17719261294261285, 0.34303691308691314], [0.2326820429570431, 0.2740875208125209, 0.23622933732933749, 0.2570010989010991], [0.21288481240981255, 0.3020205655455654, 0.1889203296703297, 0.29617429237429227], [0.2493417637917639, 0.2826266677766676, 0.18331075591075602, 0.28472081252081255], [0.22834042069042085, 0.25892773337773345, 0.20187688422688424, 0.31085496170496185], [0.17852061827061824, 0.2877414862914862, 0.20436585081585085, 0.3293720446220446], [0.27743326118326134, 0.26048328893328904, 0.14782836885336892, 0.3142550810300812], [0.26244444444444437, 0.31414615384615385, 0.16954407814407818, 0.2538653235653237], [0.25718163862281523, 0.2644608313255374, 0.19844771796830635, 0.2799098120833417], [0.2685695951107718, 0.3270792632204396, 0.16141796536796543, 0.2429331763008233], [0.27076780441780446, 0.2669222555222555, 0.1813689976689978, 0.2809409423909424], [0.21561187701187698, 0.28572605450105465, 0.21743940226440225, 0.2812226662226662], [0.25126777111777115, 0.2687973993326935, 0.16694174208144796, 0.31299308746808746], [0.2907027361527363, 0.3145411976911976, 0.1264448773448774, 0.26831118881118887], [0.2868310273060273, 0.2960740481740482, 0.1507347957597958, 0.2663601287601289], [0.252849311799312, 0.3165171328671327, 0.1767069541569542, 0.2539266011766014], [0.3076292207792209, 0.24816528749028766, 0.1509952464202465, 0.29321024531024537], [0.3023409312909313, 0.22072660117660123, 0.1768199300699301, 0.30011253746253747], [0.212130044955045, 0.27531711621711613, 0.23746310356310366, 0.2750897352647353], [0.29958757353757365, 0.2535072150072151, 0.1591973415473416, 0.28770786990786995], [0.23336273171273186, 0.24488401320901323, 0.22767729492729502, 0.2940759601509601], [0.22792392884892895, 0.2616059385059385, 0.20931955544455547, 0.30115057720057725], [0.2837340270840273, 0.2750742646242647, 0.16101270951270957, 0.28017899877899893], [0.2090303954215721, 0.3193523670773671, 0.190505152363976, 0.2811120851370851], [0.22172636807636814, 0.2538773860126801, 0.20046135498488446, 0.32393489092606753], [0.21875172409290067, 0.23904882111352715, 0.23485925087983936, 0.3073402039137331], [0.21791814574314583, 0.28051363081363084, 0.22257471694971706, 0.27899350649350657], [0.26348735708735727, 0.24016793761793762, 0.18571132756132763, 0.31063337773337774], [0.2520996697746698, 0.27862636807636815, 0.1985603757353758, 0.2707135864135864], [0.28386079476079484, 0.282492773892774, 0.18458208180708183, 0.2490643495393497], [0.2859234451822687, 0.2766439318851084, 0.16130425130425136, 0.27612837162837167], [0.25741249795955695, 0.2572455005778536, 0.2080676963559317, 0.27727430510665824], [0.305044266844267, 0.3024859473859474, 0.14825270285270295, 0.2442170829170829], [0.27526295730413397, 0.28574398934398937, 0.1713812706900943, 0.26761178266178265], [0.2614096625596626, 0.2659626540126539, 0.16191372516372515, 0.31071395826395837], [0.22598285048285063, 0.25696452436452427, 0.19838672438672444, 0.3186659007659006], [0.24149153624153633, 0.23040283050283067, 0.2306791319791321, 0.29742650127650133], [0.26805882450882457, 0.27397878461407893, 0.20691784653255246, 0.25104454434454443], [0.28773088023088045, 0.19413576423576437, 0.1568778554778555, 0.36125550005550006], [0.23063016623898988, 0.24840249358484665, 0.21510353927118642, 0.3058638009049774], [0.2491312132312134, 0.27034286824286813, 0.1703108724608725, 0.31021504606504613], [0.1893057775557776, 0.2851767288267288, 0.22874503274503283, 0.296772460872461], [0.21942466977466982, 0.24991454656454667, 0.2218858835608836, 0.30877490009989994], [0.2514980741480742, 0.27890547785547776, 0.1509703241203241, 0.318626123876124], [0.23264337884337874, 0.24864557109557117, 0.1723814685314686, 0.34632958152958165], [0.22883821733821746, 0.29338892773892794, 0.21305143190143194, 0.26472142302142304], [0.25270528915528917, 0.2666714951714951, 0.15142639305139313, 0.3291968226218227], [0.30737429237429253, 0.24650947385947386, 0.14039809634809639, 0.30571813741813736], [0.2339159812409814, 0.24938579198579205, 0.23630645743145742, 0.2803917693417694], [0.21973513708513706, 0.27046580364080364, 0.22206143578643572, 0.28773762348762355], [0.2941090243090244, 0.2770671717171719, 0.1531349872349873, 0.2756888167388168], [0.2582876623376623, 0.25759032634032636, 0.2012049783549784, 0.282917032967033], [0.2769620823620824, 0.2829313575313577, 0.16790138750138758, 0.27220517260517274], [0.21813217893217893, 0.3222393828393829, 0.2258455932955934, 0.23378284493284499], [0.25187788877788886, 0.2875271284271283, 0.19384739704739706, 0.2667475857475858], [0.2792818181818183, 0.25229180819180824, 0.1661755855255855, 0.30225078810078815], [0.240069524919525, 0.2428310689310691, 0.2203659562659563, 0.2967334498834498], [0.26699070096570093, 0.2815544594294595, 0.1806886280386282, 0.2707662115662117], [0.22789657172892466, 0.28527567661097075, 0.2019997557997558, 0.2848279958603488], [0.26624239649239645, 0.3757029082029082, 0.10149064269064274, 0.25656405261405274], [0.24485646020646026, 0.2627474247974248, 0.1911891053391054, 0.30120700965700964], [0.24515393495393506, 0.24113506216006217, 0.21013639971139983, 0.30357460317460305], [0.27831486291486307, 0.2704398268398268, 0.18150620490620495, 0.26973910533910556], [0.24766596707386196, 0.28582726892990046, 0.17838058462005832, 0.2881261793761794], [0.22446219140336773, 0.2925697524697525, 0.17861262430380082, 0.3043554318230787], [0.23654018204018212, 0.2954335081585081, 0.21541212953712957, 0.25261418026418053], [0.2893541236541239, 0.28960969030969047, 0.15353105228105235, 0.26750513375513385], [0.23378916916416922, 0.3006398240648239, 0.20251044233544238, 0.26306056443556464], [0.2968608669108668, 0.2548908036408038, 0.18146986346986346, 0.26677846597846594], [0.23127452269952278, 0.29939356754356755, 0.18888820623820624, 0.2804437035187036], [0.2138159396159397, 0.33116240426240423, 0.17338674103674115, 0.2816349150849151], [0.3457789627039625, 0.26516544566544564, 0.1028467393717394, 0.28620885225885234], [0.19549420024420028, 0.26116854256854266, 0.2560124098124098, 0.28732484737484754], [0.34065674880674884, 0.2315605783105784, 0.16958976023976036, 0.2581929126429125], [0.2728421134421135, 0.2719125596625597, 0.18583375235875244, 0.26941157453657455], [0.2409642024642026, 0.27597301587301587, 0.23440834720834725, 0.24865443445443447], [0.28255147075147086, 0.24576440226440244, 0.16669477744477754, 0.3049893495393496], [0.2150121267621269, 0.26763208458208465, 0.2112188755688756, 0.3061369130869131], [0.24232052669552676, 0.25091272061272074, 0.1711271284271285, 0.33563962426462435], [0.25354433066933085, 0.2874103035853037, 0.18760340215340218, 0.27144196359196365], [0.30108537018537007, 0.2538034798534799, 0.1356011488511489, 0.3095100011100011], [0.20177534687534696, 0.3034061327561327, 0.22842777222777236, 0.2663907481407483], [0.22758234543234554, 0.2701367465867466, 0.188981845931846, 0.31329906204906194], [0.26484120128237776, 0.28671888079241026, 0.18456659174159176, 0.2638733261836203], [0.3017464313464314, 0.21478256743256746, 0.1589307858807861, 0.32454021534021543], [0.22039594849594854, 0.28516163836163844, 0.17501257076257082, 0.31942984237984245], [0.22369605672105675, 0.24032097069597072, 0.27001519591519607, 0.2659677766677767], [0.33538204295704294, 0.3012338827838827, 0.14216403873903877, 0.22122003552003572], [0.25614047423165076, 0.24810831717302326, 0.1650614653320536, 0.3306897432632727], [0.22534571539571546, 0.2841493006993007, 0.21403777888777892, 0.27646720501720495], [0.2674564629814632, 0.2326117216117218, 0.23500876345876331, 0.2649230519480521], [0.22682864357864368, 0.3799162781662782, 0.18085345487845486, 0.21240162337662344], [0.2558627983127985, 0.28795940725940716, 0.1962280885780887, 0.2599497058497059], [0.2628786380286383, 0.29014542679542676, 0.1651007326007327, 0.28187520257520265], [0.24529062326562343, 0.2834472804972804, 0.17806370100487745, 0.2931983952322187], [0.24669821289821298, 0.3307932400932401, 0.1712107614607614, 0.25129778554778565], [0.3178373494926126, 0.29794786529260225, 0.1653344821844823, 0.21888030303030323], [0.23611973026973035, 0.25690906870906877, 0.23687901265401265, 0.27009218836718857], [0.23298564213564216, 0.28632250053867697, 0.21650145557057338, 0.26419040175510783], [0.23944529522764832, 0.2710912832265775, 0.20696252636252638, 0.2825008951832481], [0.2496325507825508, 0.26830673770673785, 0.1834196692196692, 0.2986410422910423], [0.27478176545676547, 0.30306357531357514, 0.15845311077811086, 0.2637015484515485], [0.23653141858141874, 0.32887306582306597, 0.17536241536241542, 0.2592331002331003], [0.24907057305439662, 0.2942660375572139, 0.16859931457431465, 0.28806407481407476], [0.302955052463876, 0.26687866806396227, 0.15789840714840717, 0.2722678723237546], [0.2535688311688312, 0.2574343822843823, 0.2316468753468754, 0.2573499111999112], [0.2530207939119704, 0.2978731823731822, 0.18738413612531266, 0.2617218875895346], [0.254107264957265, 0.27878768453768454, 0.17019033744033743, 0.2969147130647131], [0.27101444111444123, 0.32243531468531467, 0.17173045010545018, 0.2348197940947942], [0.2844515873015872, 0.33113032523032504, 0.1348643578643579, 0.24955372960372954], [0.23540946275946303, 0.2560132312132313, 0.2183655788655789, 0.2902117271617271], [0.2682654567654569, 0.3327467754467751, 0.13449103119103126, 0.26449673659673667], [0.2748766803372066, 0.30469184558131934, 0.1485377899877901, 0.27189368409368414], [0.2576697691197692, 0.2770303474303474, 0.20528576423576428, 0.26001411921411927], [0.23345103230103242, 0.27992612779377485, 0.1888969546793076, 0.29772588522588544], [0.24303315850815863, 0.3032369241869244, 0.2087232323232324, 0.24500668498168512], [0.2816058960647199, 0.2356722943722945, 0.1778130480630482, 0.304908761499938], [0.26726403196047166, 0.28426308895782587, 0.17841704765822414, 0.2700558314234786], [0.2879280663780664, 0.3094165945165946, 0.124383116883117, 0.2782722222222223], [0.2085489621489623, 0.25112056832056845, 0.24815370740370754, 0.2921767621267622], [0.2522299145299145, 0.248103712953713, 0.18996529581529595, 0.30970107670107694], [0.2372250840662605, 0.2784427516927518, 0.1879035151123386, 0.29642864912864925], [0.2930281302031302, 0.25066968668586326, 0.20712921278068339, 0.24917297033032326], [0.26457904872904875, 0.3423516816516818, 0.129482350982351, 0.2635869186369187], [0.28230509490509487, 0.2651183006535948, 0.16228330558330575, 0.29029329885800487], [0.2168131572246124, 0.26282748166865827, 0.22001362938746852, 0.300345731719261], [0.2264118936618937, 0.2650419691419691, 0.19665117660117673, 0.3118949605949608], [0.2605391774891776, 0.28714333999334013, 0.14263408258408264, 0.30968339993340005], [0.28708758463758455, 0.22170878565878588, 0.173814307914308, 0.3173893217893218], [0.21979550286315003, 0.26799158064158063, 0.2288770135093665, 0.2833359029859031], [0.22862026029526036, 0.27404077311577324, 0.21721151071151085, 0.2801274558774559], [0.25275897990897994, 0.233631512931513, 0.1783320790320791, 0.3352774281274283], [0.22519470529470534, 0.2748362692862694, 0.18613089133089136, 0.31383813408813427], [0.2467392690642691, 0.2463884892884893, 0.21903711843711834, 0.2878351232101233], [0.2520172704746235, 0.26033569371804677, 0.1703442612942613, 0.31730277451306865]]}, "rewritten": {"ids": ["97105580", "97106820", "97107681", "97107920", "97109570", "97113900", "97118210", "98106111", "98106560", "98106880", "98107010", "98109090", "98111231", "98112170", "98121790", "99107560", "99108330", "99108890", "99109141", "99109311", "100108260", "100109330", "100110050", "100111620", "100116500", "101108080", "101108370", "101108580", "101109000", "101111310", "101111990", "101112160", "101112201", "101112690", "101114020", "101116130", "102109910", "102111990", "102112030", "102112170", "102121440", "103110840", "103111540", "103113101", "103113260", "103113270", "103113640", "103118110", "103118291", "103120290", "103120340", "104111380", "104111990", "104112470", "104113210", "104116441", "104116800", "104119340", "105111990", "105112240", "105113260", "105113620", "105115720", "105115900", "105116860", "106115240", "106115250", "106116640", "106118520", "106121220", "107112840", "107113170", "107113360", "107114280", "107114780", "107115140", "107118490", "107120880", "108113740", "108116481", "108118301", "108119510", "108120060", "108120260", "108120700", "108121410", "109113591", "109113881", "109115211", "109116040", "109118161", "109121640", "110114920", "110114950", "110115580", "110115890", "110116170", "110117500", "110118181", "110119300", "110120540", "110120700", "111114121", "111115770", "111116040", "111116090", "111116100", "111116170", "111116290", "111116530", "111117120", "111117571", "111119150", "111119290", "111119580", "111119610", "111120190", "111121930", "112116451", "112116501", "112116850", "112116990", "112117210", "112117580", "112117790", "112118161", "112118530", "112118620", "112118810", "112119610", "112119930", "112120540", "112120630", "112121030", "113118421", "113118511", "113118690", "113119300", "113120280", "113121680", "113121980", "113122170"], "labels": [1, 1, 3, 0, 0, 2, 2, 0, 1, 0, 3, 1, 1, 3, 2, 1, 1, 0, 3, 1, 3, 0, 3, 3, 2, 0, 1, 0, 1, 3, 2, 3, 0, 1, 3, 2, 2, 2, 2, 3, 2, 1, 1, 3, 3, 2, 1, 2, 0, 2, 1, 3, 2, 1, 3, 1, 1, 1, 2, 1, 3, 0, 1, 3, 2, 1, 2, 3, 2, 1, 1, 0, 0, 3, 2, 0, 2, 1, 3, 0, 1, 1, 1, 1, 2, 0, 3, 0, 0, 0, 0, 0, 3, 0, 1, 2, 0, 1, 1, 1, 1, 2, 0, 3, 0, 3, 3, 0, 2, 3, 2, 3, 3, 3, 3, 2, 3, 1, 0, 3, 0, 0, 1, 0, 3, 0, 1, 3, 3, 0, 1, 3, 3, 0, 3, 1, 3, 1, 0, 1, 2, 1], "predicted_labels": [1, 3, 1, 3, 3, 3, 0, 1, 3, 1, 1, 3, 0, 0, 3, 1, 1, 1, 0, 1, 1, 3, 3, 1, 3, 0, 0, 3, 3, 1, 3, 3, 1, 3, 3, 3, 1, 1, 3, 3, 3, 1, 3, 1, 1, 3, 0, 3, 0, 3, 3, 0, 1, 3, 1, 3, 3, 1, 1, 3, 1, 1, 1, 3, 1, 1, 3, 3, 1, 3, 1, 3, 1, 1, 1, 3, 1, 3, 1, 0, 3, 3, 1, 3, 1, 3, 1, 0, 3, 3, 0, 0, 1, 3, 1, 1, 1, 3, 1, 3, 1, 3, 1, 1, 3, 0, 1, 1, 1, 3, 1, 3, 3, 3, 1, 1, 3, 1, 1, 1, 3, 3, 3, 1, 3, 1, 3, 1, 3, 1, 3, 1, 3, 3, 3, 1, 3, 1, 3, 1, 0, 1], "confidence_scores": [[0.20751923631923636, 0.3481306804306805, 0.1577010267510268, 0.2866490564990566], [0.2379814019314021, 0.2488132034632035, 0.20270188700188704, 0.31050350760350764], [0.3127361950914582, 0.31807376716850405, 0.14970381840381847, 0.2194862193362194], [0.28323500551735864, 0.2710798779651721, 0.1474783993783995, 0.29820671713907], [0.2356818181818183, 0.24215765345765344, 0.21559284326784328, 0.3065676850926852], [0.2659450521700525, 0.2694606504606506, 0.18927066822066824, 0.2753236291486293], [0.2659735125985127, 0.24429697524697544, 0.23256091131091122, 0.257168600843601], [0.2267599705849707, 0.3062438210911894, 0.18928119103119118, 0.2777150172926489], [0.2426526612276613, 0.24332821622821632, 0.23275640748140752, 0.2812627150627152], [0.2535083979745745, 0.29167773860126806, 0.18065334110334105, 0.2741605223208166], [0.27171517926517935, 0.3011979076479076, 0.17183671883671894, 0.2552501942501942], [0.23792844377844388, 0.24468386613386625, 0.19831425796425808, 0.31907343212343237], [0.2962921467421467, 0.26235284160284167, 0.19744935064935076, 0.24390566100566097], [0.3342128094128093, 0.20662490842490855, 0.18187198357198364, 0.27729029859029863], [0.23821788766788776, 0.2786625041625041, 0.1959936008436009, 0.28712600732600757], [0.21364010434010444, 0.3096510933510935, 0.18681114441114444, 0.28989765789765803], [0.21660882450882463, 0.3272941078529313, 0.20303181263181264, 0.2530652550064314], [0.19696201576201589, 0.29769284326784334, 0.24331680264180258, 0.2620283383283382], [0.3202068209568207, 0.2555299866799868, 0.16636002886002896, 0.25790316350316356], [0.2567388111888113, 0.29510364357864366, 0.18192707015207013, 0.26623047508047487], [0.23358478188478196, 0.2907121101121101, 0.2250777056277056, 0.2506254023754025], [0.26284250553368205, 0.27591144215261865, 0.17132806637806644, 0.2899179859356332], [0.21974874569874578, 0.27218373521902933, 0.22574789426260014, 0.2823196248196248], [0.218219660894661, 0.2842380452880453, 0.2283624958374959, 0.26917979797979813], [0.21540988455988455, 0.2726769175269174, 0.2367265512265512, 0.27518664668664666], [0.3117130869130871, 0.25423078033078056, 0.16285954045954054, 0.2711965922965923], [0.308338502347326, 0.2572970518044047, 0.16744890583272937, 0.26691554001553996], [0.28248267010767014, 0.23646134421134424, 0.1726589715839716, 0.3083970140970141], [0.22586901986901997, 0.2729008158508159, 0.1932003441003441, 0.3080298201798202], [0.22005028500910867, 0.2879885170385171, 0.23217419247419252, 0.25978700547818206], [0.22493898323898318, 0.24497796092796092, 0.2118961815961816, 0.3181868742368742], [0.23457101787101808, 0.29045730935730935, 0.18105172605172612, 0.2939199467199466], [0.25908754023754027, 0.31222779997780026, 0.1480073315573316, 0.28067732822732844], [0.22809643689643702, 0.24269831279831292, 0.20971559551559568, 0.3194896547896546], [0.23105444555444565, 0.27825618825618825, 0.18281483516483524, 0.30787453102453094], [0.22528665223665237, 0.2691637085137086, 0.23411782106782106, 0.27143181818181816], [0.22722356532356533, 0.297856277056277, 0.18846731601731612, 0.2864528416028416], [0.27404915084915094, 0.3059308913308914, 0.1667794316794317, 0.25324052614052633], [0.2017940432116903, 0.2762148740148741, 0.2445991497065027, 0.277391933066933], [0.2533187534687536, 0.2801427794427793, 0.16761102590220237, 0.29892744118626474], [0.26688947718947736, 0.266767637917638, 0.18270274725274735, 0.28364013764013785], [0.23783825063825073, 0.2867876068376068, 0.20586790986790984, 0.26950623265623264], [0.23130625485625497, 0.26133751248751247, 0.19873144078144087, 0.3086247918747917], [0.24924001554001557, 0.30361546231546244, 0.19283685758685776, 0.25430766455766457], [0.21481826857353184, 0.288650174094911, 0.2211290598290599, 0.27540249750249757], [0.21772772227772233, 0.23572784437784444, 0.23588061938061955, 0.3106638139638141], [0.3323418387168388, 0.2488744311244311, 0.11189182206682209, 0.306891908091908], [0.24175847649082952, 0.2664782880518175, 0.21874047978165634, 0.2730227556756968], [0.2916612831612831, 0.2708424741924743, 0.17502678987678993, 0.26246945276945277], [0.2289795704295705, 0.27246882006882017, 0.19492137862137857, 0.3036302308802308], [0.22995523365523368, 0.26455289710289714, 0.2087378343878344, 0.2967540348540349], [0.28589462204462207, 0.26407645361174786, 0.178085995050701, 0.2719429292929293], [0.2092856865356866, 0.31488388000887996, 0.22918804528804534, 0.24664238816738823], [0.2444148629148629, 0.2845161727161728, 0.16723736263736266, 0.30383160173160156], [0.25270217560217567, 0.2863549783549782, 0.2181387251637253, 0.242804120879121], [0.2259358363858364, 0.2605475413475413, 0.18336855921855916, 0.3301480630480632], [0.22624301809301828, 0.266779304029304, 0.18291486291486297, 0.32406281496281497], [0.20823207348207357, 0.30922990506225806, 0.1869465465906643, 0.29559147486500426], [0.21593710733710753, 0.32567165612165605, 0.17804875957375962, 0.28034247696747705], [0.21765360195360203, 0.26647297702297706, 0.23277842712842717, 0.28309499389499415], [0.24581964342846704, 0.3197498204409968, 0.16131405261405268, 0.27311648351648354], [0.23023499833499841, 0.32011010101010096, 0.19902142302142314, 0.2506334776334777], [0.22631285936285933, 0.3053090279002044, 0.19388994926641984, 0.2744881634705166], [0.2316845265845266, 0.278056641397818, 0.17956438006438008, 0.31069445195327544], [0.2299773393273394, 0.29027262737262743, 0.20809249084249076, 0.2716575424575424], [0.2774523365523365, 0.29726952687835045, 0.1647226495726496, 0.2605554869966636], [0.21884748029748038, 0.2597604617604619, 0.2177520202020202, 0.3036400377400376], [0.2499922244422246, 0.2823587246087245, 0.16606608946608956, 0.3015829614829615], [0.21778602231102234, 0.3463090576090578, 0.18264137806637812, 0.253263542013542], [0.24740207570207576, 0.2773972915972917, 0.19031777111777118, 0.2848828615828615], [0.2557325480075482, 0.3039722971472971, 0.17366608946608963, 0.26662906537906556], [0.27347797202797214, 0.2777275113775114, 0.1444906926406927, 0.3043038239538241], [0.30965918525918545, 0.3511158730158731, 0.0978612129700365, 0.24136372875490536], [0.2174223720723721, 0.3310340548340548, 0.18019725829725836, 0.2713463147963149], [0.21787243867243877, 0.3398082972582972, 0.17813658841158841, 0.2641826756576757], [0.27320992895992907, 0.22709357864357865, 0.15525461205461208, 0.34444188034188045], [0.21325505605505624, 0.292062642912643, 0.21739810744810742, 0.27728419358419343], [0.1989087135087136, 0.2746281884781886, 0.2234710289710291, 0.3029920690420692], [0.2565896528308293, 0.2834197469197469, 0.1959351073762838, 0.26405549287314006], [0.2928178876678878, 0.2695253108003108, 0.15959554057054062, 0.278061260961261], [0.2480078588078588, 0.29890496170496156, 0.15124518814518817, 0.30184199134199136], [0.24805122655122663, 0.27298250442368094, 0.17883155178155183, 0.30013471724354096], [0.25959327894327905, 0.3081146187146184, 0.19218842823842838, 0.24010367410367423], [0.2425706120676711, 0.28902887276122585, 0.16431361710185238, 0.30408689806925104], [0.2635256132756133, 0.3924795093795094, 0.0889200077700078, 0.2550748695748697], [0.2623296053619583, 0.26609501772737076, 0.1495186924186924, 0.3220566844919786], [0.2721997759550393, 0.3366003794451162, 0.12017277167277168, 0.27102707292707306], [0.3510997946497946, 0.282341341991342, 0.1585362914862916, 0.2080225718725719], [0.23858179598179607, 0.2866767676767678, 0.15292344877344877, 0.32181798756798746], [0.22760349095349103, 0.27587936507936517, 0.1928817182817183, 0.3036354256854256], [0.33749812409812413, 0.3288081529581531, 0.11802936507936511, 0.21566435786435798], [0.2880208458208458, 0.28438411033411026, 0.16520690420690423, 0.26238813963813973], [0.24726195471195472, 0.28256526806526805, 0.2215408369408371, 0.24863194028194047], [0.2425293095793098, 0.28856831501831515, 0.16927207237207245, 0.29963030303030325], [0.2495008507832039, 0.28601907765437173, 0.18488287268287273, 0.2795971988795519], [0.23736352536352553, 0.3162523365523366, 0.16872150627150634, 0.2776626318126319], [0.24072294372294376, 0.3228041403041401, 0.15945606060606066, 0.2770168553668554], [0.2681269727348676, 0.263155790408422, 0.16677346396293768, 0.30194377289377305], [0.2872262182262182, 0.3101411477411479, 0.1570206571206572, 0.24561197691197706], [0.271419578460755, 0.24798217109687712, 0.16095759142817967, 0.3196406590141883], [0.2428752913752914, 0.3159211982461983, 0.21212121489621502, 0.22908229548229558], [0.21936108336108343, 0.29483665778665774, 0.15851035631035632, 0.3272919025419027], [0.29456767121767125, 0.3312833888333887, 0.12079249639249644, 0.2533564435564436], [0.30269266762649116, 0.33581945831945825, 0.13224224386724384, 0.22924563018680663], [0.22663374958374982, 0.26968687978687994, 0.17330967365967365, 0.3303696969696969], [0.31487246087246085, 0.2668668109668109, 0.1522357725607726, 0.2660249555999556], [0.24981929459429458, 0.3205756105006104, 0.1739228715728717, 0.2556822233322235], [0.25315904095904107, 0.3025946219243435, 0.1701928737928739, 0.2740534633237421], [0.23534575783693434, 0.3042419857919857, 0.18665981600099263, 0.27375244037008756], [0.27264518618636263, 0.26637343767343774, 0.17507219643102, 0.28590917970917973], [0.2292801809301809, 0.31839086469086464, 0.2043998778998781, 0.24792907647907664], [0.2404331682936948, 0.2860108543503279, 0.17858850038850038, 0.29496747696747694], [0.25229884086501725, 0.2677841991341994, 0.18730993091875447, 0.2926070290820292], [0.24098865023865018, 0.27647986686516113, 0.16813633082603677, 0.3143951520701521], [0.2865313908313907, 0.3154574980574981, 0.1201168831168832, 0.277894227994228], [0.24151217116217116, 0.2886916805416806, 0.18799894549894555, 0.28179720279720283], [0.2584512487512489, 0.25453886668886666, 0.18873196248196247, 0.298277922077922], [0.25320778110778125, 0.28675543345543336, 0.17757224719724726, 0.28246453823953815], [0.2740065989565988, 0.30876933066933065, 0.1253219225219225, 0.291902147852148], [0.27126876652759, 0.2977741226094168, 0.16302223887223885, 0.26793487199075444], [0.24839770229770233, 0.28617213897213867, 0.1600031468531469, 0.30542701187701193], [0.24065800114917765, 0.24538525330878264, 0.2073071817071817, 0.3066495638348582], [0.23178794538794548, 0.282427910977911, 0.1822688367188368, 0.30351530691530704], [0.30062459002985326, 0.33231195398169083, 0.1423869047619048, 0.22467655122655134], [0.24983157398157416, 0.26611926961926957, 0.18419084804084815, 0.2998583083583085], [0.29858213453213456, 0.31681286295403954, 0.12548578284460646, 0.25911921966921964], [0.2272686111274348, 0.2727313147636678, 0.19700429962194674, 0.30299577448695103], [0.26205072150072156, 0.2889814851814852, 0.17901695526695535, 0.2699508380508382], [0.24547276971394627, 0.27326822393293, 0.1592932613138496, 0.32196574503927444], [0.19604804990331318, 0.3224316093263463, 0.22221413586413594, 0.259306204906205], [0.23065851370851376, 0.24217558830058833, 0.25952073482073507, 0.26764516317016324], [0.21532764457764472, 0.3257547896547896, 0.18408192363192366, 0.27483564213564204], [0.24926598956598964, 0.2690205627705629, 0.1625643939393939, 0.31914905372405383], [0.2650062568150806, 0.24138438783438804, 0.17202758352758366, 0.3215817718229484], [0.2573428495481129, 0.27114062253535964, 0.17186643356643364, 0.2996500943500945], [0.279238455988456, 0.3279392793481028, 0.1650009379509381, 0.22782132671250324], [0.22850094905094914, 0.28808838383838375, 0.17412711732711733, 0.30928354978354994], [0.2418509823509826, 0.317487656787657, 0.1594750499500501, 0.2811863109113108], [0.30607781662781675, 0.2055930291930292, 0.14840033855033866, 0.33992881562881566], [0.22366895604395604, 0.30696055333555333, 0.19410259740259742, 0.27526789321789347], [0.3296470418470415, 0.2938952570305511, 0.10738306138306142, 0.26907463973934576], [0.2155098207348208, 0.3243247419247419, 0.18370006937506955, 0.27646536796536797]]}}