{"test": {"ids": ["102112250", "111119930", "105112260", "113118620", "107121640", "97116500", "101114020", "112118860", "98107340", "113122510", "109120150", "107118780", "111121410", "105120621", "108115870", "112118421", "103113270", "100109330", "98113881", "101119591", "107120260", "108117360", "102110850", "113117340", "101112201", "110118450", "106113830", "112118550", "98109311", "103117461", "99117740", "110113931", "98109090", "105116501", "107114280", "98110710", "112117780", "104117200", "101108370", "102113350", "98111670", "102108621", "98108150", "113119320", "106118820", "105113620", "107121230", "108121160", "102107961", "108120280", "99109311", "103110100", "103118291", "112117030", "112118930", "113118690", "104109311", "98106111", "108119550", "110115890", "101108460", "99109840", "112116540", "104116980", "108117720", "112119450", "112119950", "107120010", "112116640", "110117110", "101115190", "112120290", "111116170", "113118810", "104113210", "107116501", "104114230", "101112690", "102111990", "99109860", "107119390", "108114670", "110120190", "105119950", "111116411", "98112170", "102117351", "107116340", "110120560", "113117630", "110118111", "103113610", "113119450", "106114280", "111116090", "97107040", "108121410", "113118490", "105112130", "97105760", "108118301", "109116810", "107114110", "109118701", "111115620", "110114321", "103110050", "113120280", "109117600", "112118701", "105112240", "106116640", "98116940", "102109850", "106117770", "107120880", "103110840", "101109120", "97112830", "106116441", "105118171", "98107380", "103117200", "112118511", "106118301", "104112470", "108121351", "111115780", "107113260", "107114950", "98106880", "109117271", "109115070", "101119030", "108113700", "104112201", "110118880", "111120591", "111117200", "113120780", "102110240", "102110890"], "labels": [0, 1, 3, 3, 1, 2, 3, 3, 0, 2, 2, 1, 0, 1, 3, 3, 2, 0, 3, 0, 1, 1, 3, 2, 0, 0, 1, 3, 1, 0, 2, 1, 1, 1, 3, 2, 0, 3, 1, 3, 1, 3, 0, 1, 3, 0, 0, 2, 3, 3, 1, 1, 0, 2, 1, 3, 3, 0, 1, 2, 0, 2, 1, 1, 1, 3, 0, 1, 0, 0, 1, 1, 0, 3, 3, 1, 2, 1, 2, 2, 2, 3, 3, 3, 0, 3, 1, 3, 0, 0, 1, 2, 3, 3, 3, 2, 0, 1, 1, 0, 1, 3, 1, 3, 1, 1, 3, 0, 1, 0, 1, 3, 2, 1, 0, 1, 1, 1, 2, 0, 3, 1, 0, 1, 1, 1, 3, 1, 0, 3, 0, 0, 0, 3, 0, 0, 0, 1, 0, 0, 3, 0], "predicted_labels": [3, 0, 3, 1, 0, 2, 3, 1, 2, 1, 2, 3, 3, 3, 3, 3, 3, 1, 1, 0, 1, 2, 2, 1, 1, 2, 3, 3, 2, 3, 2, 1, 2, 0, 1, 3, 0, 3, 0, 3, 2, 0, 1, 0, 3, 1, 1, 1, 1, 3, 1, 0, 1, 3, 3, 0, 0, 2, 3, 1, 1, 2, 3, 2, 3, 3, 0, 3, 1, 2, 1, 2, 3, 3, 3, 3, 2, 1, 2, 1, 2, 1, 0, 1, 0, 3, 0, 1, 0, 1, 0, 3, 0, 3, 0, 2, 1, 0, 1, 2, 1, 3, 3, 3, 0, 3, 1, 0, 0, 3, 1, 3, 1, 2, 3, 3, 0, 3, 3, 1, 3, 3, 3, 3, 0, 3, 1, 0, 2, 0, 2, 3, 1, 0, 0, 0, 3, 3, 3, 3, 1, 0], "confidence_scores": [[0.2256424655035826, 0.05176712391024806, 0.31682780294269125, 0.40576260764347805], [0.4425096560027228, 0.24104792055032875, 0.052273019380092926, 0.2641694040668556], [0.11196227240388144, 0.43799362157155525, 0.03194401984103063, 0.41810008618353295], [0.0995818060908674, 0.8678483881265718, 0.008807242802759803, 0.02376256297980107], [0.3922913037592451, 0.03528986677779167, 0.35952573482181166, 0.2128930946411516], [0.06507916737534872, 0.22930640433468158, 0.6299697944357241, 0.07564463385424555], [0.12715301048755676, 0.09344970244766042, 0.26604039130947904, 0.5133568957553037], [0.2215700724428819, 0.4532093983924288, 0.14842441663001746, 0.17679611253467176], [0.0795019860126729, 0.0711789216701849, 0.6972184431313748, 0.15210064918576752], [0.062460922380723094, 0.5569676568553918, 0.31746186829277806, 0.06310955247110686], [0.032978175289596234, 0.09597981931152051, 0.8348332092309212, 0.036208796167961826], [0.41019650333998336, 0.09124486229311377, 0.009342666280985712, 0.4892159680859169], [0.4404391649298032, 0.19163460601713167, 0.019138771957435838, 0.34878745709562925], [0.043307275645797325, 0.008356369965665734, 0.000985360464755617, 0.9473509939237814], [0.3309161433463785, 0.12973242333373453, 0.0607265598746728, 0.4786248734452141], [0.4189865835876981, 0.10466030136530757, 0.01774597917347984, 0.4586071358735147], [0.09774740103750104, 0.07879943668336446, 0.4277257474441712, 0.3957274148349628], [0.2995037986630173, 0.5756699087151437, 0.062317035997272494, 0.06250925662456618], [0.05736447473405213, 0.49730788904641604, 0.3511783412433163, 0.09414929497621559], [0.757091903550576, 0.009885036422626286, 0.03855585975191116, 0.19446720027488645], [0.2749833171847598, 0.6638981959120005, 0.04426401193257185, 0.016854474970667818], [0.00601577033064227, 0.09424933026622528, 0.6314014338225249, 0.26833346558060805], [0.013421815861666927, 0.20903277333344755, 0.7415889987014386, 0.03595641210344663], [0.10534902093954494, 0.47076700625407164, 0.29938616257608686, 0.12449781023029635], [0.0970527116180974, 0.6614991054176189, 0.03268926949944231, 0.20875891346484138], [0.026184470101007752, 0.3034465049380622, 0.5592840224241066, 0.11108500253682366], [0.12302798464635578, 0.23973670445814702, 0.08977129669288712, 0.5474640142026098], [0.2046822891937183, 0.14910754365654014, 0.013371660009220809, 0.6328385071405208], [0.3634889170542022, 0.0670538134790474, 0.4592693616737044, 0.11018790779304599], [0.2116022838559936, 0.27266198905501127, 0.09656695029743728, 0.41916877679155773], [0.0817591747905275, 0.07604754990370817, 0.7342464440978309, 0.1079468312079332], [0.08185017830698835, 0.7932165557298253, 0.015175389830345167, 0.10975787613284099], [0.029719830514885012, 0.09152748108317767, 0.8083384255940617, 0.07041426280787537], [0.8843428219835964, 0.059398790263897355, 0.0015102634924334343, 0.054748124260072736], [0.16879783788781255, 0.6523926920406291, 0.08490544684106942, 0.09390402323048865], [0.023531008402276943, 0.30274781928297223, 0.1016757079772846, 0.5720454643374664], [0.7208500587653559, 0.11986320865965382, 0.027480776923538702, 0.13180595565145192], [0.06354122610392057, 0.1567789649924353, 0.048604343286380795, 0.7310754656172634], [0.9690725400826662, 0.011264790681360767, 0.005328589079063644, 0.014334080156909377], [0.3367830809871088, 0.11547109040624647, 0.254508522992586, 0.2932373056140588], [0.08552631241179637, 0.14850631463552966, 0.4920026165429329, 0.2739647564097409], [0.7503980647129607, 0.004964494970584575, 0.006811153054716315, 0.2378262872617384], [0.043138745108433976, 0.7740796573177541, 0.07687252182953198, 0.10590907574427984], [0.7857239230106562, 0.10908665484722174, 0.004787401146632613, 0.10040202099548935], [0.0368383634352669, 0.23887258084583726, 0.01430429178241941, 0.709984763936476], [0.029580273483219385, 0.6850729791533965, 0.15724314756802854, 0.12810359979535574], [0.025050003605357783, 0.5570109413166251, 0.01785730419600157, 0.40008175088201603], [0.4101262977423823, 0.42140194360435496, 0.05752510223517242, 0.11094665641809025], [0.14920348908728834, 0.4939394736821509, 0.22687331492167917, 0.1299837223088813], [0.163271192706919, 0.04943479447326966, 0.09471222115870108, 0.6925817916611101], [0.09670924458446202, 0.270813744950818, 0.359697865073175, 0.272779145391545], [0.6656047886356659, 0.10342841604790885, 0.06069076916993381, 0.17027602614649215], [0.0869524249375141, 0.345590044223624, 0.31044518856326503, 0.25701234227559683], [0.17248144134465224, 0.15987913673709359, 0.05486224598077888, 0.6127771759374752], [0.35691145312504435, 0.18187660639380282, 0.011100665707842154, 0.4501112747733108], [0.46897692669303964, 0.3575514232196663, 0.0743801582375498, 0.0990914918497442], [0.5820540353268622, 0.015884522650706806, 0.004106289930568643, 0.39795515209186244], [0.11360934125700861, 0.22031111815631946, 0.5299490518804046, 0.1361304887062674], [0.3390088112221346, 0.09485863618515149, 0.04647442133609643, 0.5196581312566176], [0.012905402933120301, 0.3966828350755523, 0.32092494723519266, 0.2694868147561346], [0.24649417714421756, 0.4699700021836116, 0.19049535074059024, 0.09304046993158051], [0.021116987801020413, 0.12842183833677284, 0.6268482102632219, 0.2236129635989849], [0.11454691711832506, 0.25053266066842955, 0.021075348607929117, 0.6138450736053163], [0.004203173658427858, 0.22509505248275974, 0.6251836770181033, 0.1455180968407093], [0.09847607780062445, 0.07599421182422364, 0.07028276502402683, 0.7552469453511247], [0.17176046793392605, 0.03483681296119448, 0.002119583222556443, 0.7912831358823227], [0.7091210845285872, 0.10005005174959256, 0.004726962042341578, 0.18610190167947877], [0.0891919062563527, 0.22580725473295313, 0.2074455145605318, 0.4775553244501623], [0.3826340951757696, 0.36108986751453687, 0.05792317764330342, 0.1983528596663899], [0.04086546585014204, 0.39779125479506994, 0.5325998996715979, 0.02874337968319017], [0.005122745653937522, 0.5751786901539857, 0.3633496498215689, 0.05634891437050782], [0.217705322733766, 0.05229385831896008, 0.6955449223345487, 0.034455896612725634], [0.21877115302345257, 0.41321937885776716, 0.009015615457509726, 0.3589938526612704], [0.2340360164582965, 0.22168486228846063, 0.01778551405673212, 0.5264936071965108], [0.3485893938733721, 0.17133080313307747, 0.07809059602647624, 0.4019892069670741], [0.23951373323472913, 0.2522251683184077, 0.1044181776510704, 0.4038429207957926], [0.0071550332196291516, 0.315978019741311, 0.6215603902646533, 0.055306556774406476], [0.07701303486964622, 0.40663499772247114, 0.4441856186138553, 0.0721663487940276], [0.32153902726703604, 0.16742161916809398, 0.3600012239510292, 0.151038129613841], [0.02024367607945931, 0.477294638055197, 0.28269939057312043, 0.21976229529222352], [0.08346928199623199, 0.05072704391960732, 0.5786257040098215, 0.28717797007433926], [0.16085412399702229, 0.36382952843781813, 0.18433855534896737, 0.2909777922161922], [0.42656234739570015, 0.19362730149522753, 0.013026501292310843, 0.36678384981676143], [0.04173269577452994, 0.8431215194229099, 0.04824382502860695, 0.06690195977395351], [0.7881557961369026, 0.004680273574776508, 0.003299597439456032, 0.2038643328488645], [0.17895340499360918, 0.28720408100352285, 0.08621744585788745, 0.44762506814498065], [0.6915563139982193, 0.05919201554750223, 0.007416805652000281, 0.24183486480227803], [0.20365223479533037, 0.4948120881210813, 0.10345740327263159, 0.19807827381095694], [0.39244785162306917, 0.2048796543427952, 0.2341839620118999, 0.16848853202223588], [0.045694864971806304, 0.7345188252360244, 0.09483936075083814, 0.12494694904133084], [0.5446555575601559, 0.24980311310634543, 0.041986978993476136, 0.1635543503400224], [0.29825964954400075, 0.17564096374335741, 0.1948886755161784, 0.33121071119646356], [0.9171911704304929, 0.01993739259249928, 0.002751624786743158, 0.060119812190264556], [0.2347683746304623, 0.047749649664220684, 0.033385256441220174, 0.6840967192640969], [0.629469936306954, 0.05804894881537781, 0.018520401204698642, 0.29396071367296966], [0.048615264617302624, 0.14673772347476774, 0.7208825449039536, 0.08376446700397609], [0.2552148071560954, 0.6023594650698867, 0.03448603760602437, 0.1079396901679938], [0.7296475684039303, 0.10047565062816419, 0.03290549500999574, 0.1369712859579098], [0.020547002217541868, 0.7156291363922859, 0.07094604032722324, 0.19287782106294882], [0.01686991476944871, 0.16604806119230442, 0.5899223176972559, 0.2271597063409911], [0.20359826258719987, 0.40086597220768155, 0.023003313033157217, 0.3725324521719617], [0.20900185169028074, 0.2592085966786743, 0.046066410970983594, 0.48572314066006145], [0.007469538338857454, 0.011802018353275068, 0.03682869923109172, 0.9438997440767761], [0.11618737342592891, 0.21621803671357537, 0.03799206083852329, 0.6296025290219727], [0.3281749907676483, 0.23417547374310463, 0.1598283234739538, 0.2778212120152935], [0.3007371125583123, 0.2343028098645963, 0.12469378552257689, 0.34026629205451453], [0.022527102470841144, 0.7635363689802538, 0.054850967461963954, 0.15908556108694122], [0.6660506357772061, 0.005519721218713355, 0.011767736732709436, 0.316661906271371], [0.6754490272734153, 0.11965949846508953, 0.09770128632684641, 0.1071901879346488], [0.126594597170972, 0.1722773581580027, 0.02709691018291698, 0.6740311344881084], [0.19620965128911477, 0.6069676563869555, 0.09277772539764516, 0.10404496692628493], [0.1441482702573857, 0.06554577744368117, 0.04578310300861776, 0.7445228492903156], [0.0922243496186334, 0.586308190944749, 0.19867795164880794, 0.12278950778781006], [0.03974401223493742, 0.2773876020716168, 0.6429963364381212, 0.03987204925532476], [0.3181885766054224, 0.11809668213612848, 0.13223937676741948, 0.43147536449102986], [0.22605440047325479, 0.12504171999086774, 0.0632152950517775, 0.5856885844840997], [0.40122701167221425, 0.23019282896615537, 0.22130038321191933, 0.14727977614971088], [0.04548639600688407, 0.3077083620296351, 0.21301164187554292, 0.4337936000879377], [0.2009179105000318, 0.07980658204948139, 0.22845676316795774, 0.490818744282529], [0.11544209185782885, 0.8530919947553709, 0.008098519162342072, 0.02336739422445827], [0.08577524610373122, 0.3358662538459337, 0.007793382525928201, 0.5705651175244068], [0.1071432069460646, 0.170217774083197, 0.2379727569022363, 0.48466626206850216], [0.5187699433819284, 0.03858808253111867, 0.004105617333131651, 0.4385363567538214], [0.0642418863164126, 0.06819221079830001, 0.19037555026181036, 0.677190352623477], [0.7738571336837871, 0.08414674127448712, 0.003966788404474071, 0.13802933663725145], [0.0256957045914857, 0.16244581217560403, 0.31965567756913305, 0.4922028056637771], [0.1006173843598846, 0.4825430448022589, 0.032310295235298374, 0.38452927560255823], [0.671932288109583, 0.11093271188630276, 0.05372335271098945, 0.16341164729312457], [0.082370676939608, 0.21181141592422925, 0.3973262760789395, 0.30849163105722294], [0.5188367099817106, 0.021438799168304417, 0.11035029326304951, 0.34937419758693505], [0.060224447759876315, 0.13616106809355982, 0.6468752324218726, 0.15673925172469136], [0.04545685331237546, 0.07955444033364942, 0.011612262110247618, 0.8633764442437277], [0.018426849223665706, 0.8951936008521667, 0.04362461886401183, 0.04275493106015568], [0.7912208061455519, 0.030170369728313537, 0.007402268746643669, 0.17120655537949103], [0.8173025844535203, 0.14551994477537047, 0.02040011768092949, 0.016777353090179487], [0.6229823460778452, 0.08626194881954295, 0.08452023838969709, 0.20623546671291496], [0.29601306118151216, 0.08504236897593168, 0.018695896101763858, 0.6002486737407924], [0.1473983784246803, 0.20070903238213803, 0.02064833843454116, 0.6312442507586407], [0.16375649118431276, 0.21647556143060612, 0.03830750448848303, 0.5814604428965979], [0.2748026120345133, 0.31498008804766114, 0.0393897283529862, 0.37082757156483953], [0.0770388834464184, 0.5088736094473058, 0.27096949213966326, 0.14311801496661275], [0.5148926977221356, 0.02044135845310928, 0.24581377434681925, 0.21885216947793582]]}, "rewritten": {"ids": ["97105760", "97107040", "97112830", "97116500", "98106111", "98106880", "98107340", "98107380", "98108150", "98109090", "98109311", "98110710", "98111670", "98112170", "98113881", "98116940", "99109311", "99109840", "99109860", "99117740", "100109330", "101108370", "101108460", "101109120", "101112201", "101112690", "101114020", "101115190", "101119030", "101119591", "102107961", "102108621", "102109850", "102110240", "102110850", "102110890", "102111990", "102112250", "102113350", "102117351", "103110050", "103110100", "103110840", "103113270", "103113610", "103117200", "103117461", "103118291", "104109311", "104112201", "104112470", "104113210", "104114230", "104116980", "104117200", "105112130", "105112240", "105112260", "105113620", "105116501", "105118171", "105119950", "105120621", "106113830", "106114280", "106116441", "106116640", "106117770", "106118301", "106118820", "107113260", "107114110", "107114280", "107114950", "107116340", "107116501", "107118780", "107119390", "107120010", "107120260", "107120880", "107121230", "107121640", "108113700", "108114670", "108115870", "108117360", "108117720", "108118301", "108119550", "108120280", "108121160", "108121351", "108121410", "109115070", "109116810", "109117271", "109117600", "109118701", "109120150", "110113931", "110114321", "110115890", "110117110", "110118111", "110118450", "110118880", "110120190", "110120560", "111115620", "111115780", "111116090", "111116170", "111116411", "111117200", "111119930", "111120591", "111121410", "112116540", "112116640", "112117030", "112117780", "112118421", "112118511", "112118550", "112118701", "112118860", "112118930", "112119450", "112119950", "112120290", "113117340", "113117630", "113118490", "113118620", "113118690", "113118810", "113119320", "113119450", "113120280", "113120780", "113122510"], "labels": [0, 2, 2, 2, 0, 0, 0, 1, 0, 1, 1, 2, 1, 3, 3, 2, 1, 2, 2, 2, 0, 1, 0, 1, 0, 1, 3, 1, 3, 0, 3, 3, 1, 3, 3, 0, 2, 0, 3, 1, 3, 1, 1, 2, 2, 0, 0, 0, 3, 0, 1, 3, 2, 1, 3, 1, 1, 3, 0, 1, 3, 3, 1, 1, 3, 0, 3, 0, 1, 3, 0, 1, 3, 3, 3, 1, 1, 2, 1, 1, 1, 0, 1, 0, 3, 3, 1, 1, 1, 1, 3, 2, 3, 0, 0, 3, 0, 1, 3, 2, 1, 1, 2, 0, 1, 0, 0, 3, 0, 1, 1, 3, 0, 0, 0, 1, 1, 0, 1, 0, 2, 0, 3, 1, 3, 0, 3, 1, 3, 0, 1, 2, 0, 1, 3, 3, 3, 1, 3, 0, 0, 2], "predicted_labels": [3, 2, 3, 2, 1, 2, 2, 3, 1, 2, 0, 1, 2, 3, 2, 3, 1, 2, 1, 2, 1, 0, 1, 3, 1, 1, 3, 1, 0, 0, 1, 0, 2, 1, 2, 0, 0, 3, 3, 0, 1, 0, 0, 2, 3, 3, 3, 1, 3, 0, 1, 3, 2, 2, 3, 1, 1, 3, 1, 0, 3, 1, 3, 3, 3, 1, 3, 2, 0, 3, 3, 3, 1, 3, 1, 3, 3, 2, 3, 1, 3, 3, 2, 0, 1, 3, 2, 3, 0, 3, 3, 1, 1, 1, 1, 3, 3, 0, 3, 2, 1, 0, 3, 2, 0, 2, 3, 0, 3, 3, 0, 0, 1, 0, 3, 3, 3, 1, 3, 1, 3, 0, 3, 3, 3, 3, 1, 3, 3, 0, 2, 1, 1, 1, 1, 0, 1, 3, 0, 0, 3, 2], "confidence_scores": [[0.07363563879348063, 0.18464866983387299, 0.26427256990741566, 0.4774431214652307], [0.0353890006799475, 0.20001421381812728, 0.5868258259230037, 0.17777095957892164], [0.12121463180177286, 0.11093983978633346, 0.3645119809974711, 0.4033335474144228], [0.25735220428052935, 0.11684516057289353, 0.5566728817744602, 0.06912975337211692], [0.15026567646711458, 0.3462036158851607, 0.2885936311309172, 0.21493707651680743], [0.08523723438980219, 0.21070896349502133, 0.4794391126660336, 0.22461468944914284], [0.14158899383694995, 0.08901224414533787, 0.5919844388049251, 0.1774143232127872], [0.08771819781776094, 0.15356823340631032, 0.36447538797759704, 0.3942381807983316], [0.027138891932380255, 0.8566487211382405, 0.055908853558702724, 0.060303533370676204], [0.031226573208570276, 0.15796807217330266, 0.5037258691663706, 0.30707948545175645], [0.5993154223685332, 0.07980624608545109, 0.11754173739319236, 0.20333659415282382], [0.053256727103492246, 0.4490227375699631, 0.1078439991690421, 0.38987653615750273], [0.03150138197367474, 0.2579703312061485, 0.45459030963575764, 0.25593797718441896], [0.19752730594047235, 0.32743810450700644, 0.05041022186135521, 0.424624367691166], [0.18141708252668803, 0.27052927642250857, 0.416424123098831, 0.13162951795197247], [0.09683661696841325, 0.2707960403330579, 0.12692851424730758, 0.5054388284512213], [0.1418776056465593, 0.51757140825614, 0.10844109153376313, 0.2321098945635376], [0.005849659851122457, 0.05517185965725162, 0.7786383076144981, 0.16034017287712768], [0.03813096411442918, 0.4258800366656388, 0.3562357826072426, 0.17975321661268953], [0.1912500620867622, 0.2004028389616114, 0.41400728929408215, 0.19433980965754377], [0.31046319602532035, 0.5410446648000994, 0.056611192242014115, 0.09188094693256589], [0.9208023655632542, 0.01687448155487306, 0.004606147812771427, 0.057717005069101365], [0.14867024612533344, 0.4998295217166291, 0.22305819219058257, 0.12844203996745485], [0.0667574057337912, 0.21829855967450457, 0.16398619276562418, 0.5509578418260803], [0.14250379745569391, 0.5455871390893131, 0.027330587007948992, 0.2845784764470442], [0.06834529229059143, 0.5479376364182492, 0.21357453741646487, 0.17014253387469436], [0.21851536693233148, 0.028077162074119078, 0.13843831718361532, 0.6149691538099344], [0.007566913054456747, 0.5281415697682499, 0.41875022591113586, 0.04554129126615746], [0.8750140792733655, 0.047676717255349985, 0.02273496532555074, 0.054574238145733846], [0.790714797164507, 0.006465724264760031, 0.022453558107378344, 0.18036592046335465], [0.3286595227959949, 0.3577409890539352, 0.11333893840283064, 0.20026054974723903], [0.7212662890321206, 0.00517421156720692, 0.004305782445290484, 0.269253716955382], [0.0875396987984692, 0.37090487261202065, 0.501892732653577, 0.03966269593593307], [0.21673615275752753, 0.41254581559342574, 0.16666275251517035, 0.20405527913387655], [0.025047546058610703, 0.21223935812445985, 0.6868351491304108, 0.07587794668651858], [0.570628081574709, 0.03921226944472414, 0.0658914209334099, 0.3242682280471568], [0.39285381722626433, 0.16425117658113292, 0.27380010707429786, 0.16909489911830478], [0.3023059131818141, 0.09188614916597307, 0.19914826576727124, 0.40665967188494156], [0.25010700863896557, 0.0775314665774801, 0.2426615818771578, 0.4296999429063962], [0.7610889699872042, 0.05466199506817458, 0.005493783929811857, 0.17875525101480938], [0.06726927464358601, 0.5703229176572401, 0.08782025722295252, 0.27458755047622097], [0.7267843665912213, 0.13408117276590983, 0.03211887379565773, 0.10701558684721148], [0.413548311834676, 0.22457998661264617, 0.28070001675597633, 0.08117168479670146], [0.07689239186453087, 0.053139244086333436, 0.5353238159453972, 0.3346445481037386], [0.147504687986911, 0.12828513279344864, 0.38774720318758027, 0.33646297603205993], [0.44174359492858023, 0.03081113305356219, 0.002795201910437745, 0.5246500701074199], [0.21780567606890125, 0.13258720788902315, 0.03883982742219057, 0.6107672886198849], [0.09123278916091414, 0.49116183227426197, 0.16306445657465723, 0.2545409219901667], [0.4941250790489796, 0.029916041357260774, 0.004816585110202141, 0.4711422944835573], [0.6848868041384815, 0.041842319212489314, 0.015166135409388645, 0.25810474123964056], [0.06581269077544953, 0.23515911544753615, 0.4444310993826525, 0.2545970943943621], [0.16765430307509618, 0.3305534674131478, 0.14698583513906663, 0.3548063943726898], [0.0382062143257081, 0.2744362384890992, 0.5174304044509386, 0.1699271427342546], [0.006446841211833567, 0.15346554513011315, 0.6828269430592839, 0.15726067059876916], [0.02075988907755222, 0.040140491573865525, 0.025563931184705013, 0.9135356881638772], [0.014351641374627754, 0.656277560422189, 0.25570488073413933, 0.0736659174690441], [0.1560090883772099, 0.5553330080599691, 0.1327501758189779, 0.15590772774384315], [0.10915148126585138, 0.19211093619277672, 0.07040885586637803, 0.6283287266749941], [0.02196177178876205, 0.7869339333460387, 0.09342115024881437, 0.09768314461638489], [0.8344604189705382, 0.06954145952258634, 0.002322144628088048, 0.09367597687878765], [0.2632193475885444, 0.10979997975945818, 0.01477948468349895, 0.6122011879684987], [0.02763978435904899, 0.8898767644406348, 0.030919260093480932, 0.051564191106835335], [0.1037592799927968, 0.019581785110922748, 0.0011870358707468485, 0.8754718990255335], [0.06734211777337704, 0.22713404533558726, 0.17090349741846608, 0.5346203394725696], [0.28475342833252215, 0.06754976928746396, 0.06879921109975827, 0.5788975912802556], [0.3604553831224403, 0.6040422750555973, 0.01511258481871509, 0.02038975700324742], [0.15658435630476822, 0.10743072051060404, 0.04246427417949554, 0.6935206490051322], [0.3071284774599331, 0.06786343476634331, 0.36729394305501906, 0.25771414471870435], [0.6599331411631583, 0.12722010419787103, 0.006749377085453691, 0.20609737755351717], [0.06095563515419221, 0.1975795407519434, 0.013736912639336227, 0.7277279114545281], [0.1373660028217733, 0.08421082210859192, 0.3003880335746627, 0.47803514149497184], [0.02358646813518834, 0.030587017301723213, 0.03749828027008234, 0.9083282342930062], [0.15107648040909963, 0.6936231676594395, 0.07867478265984049, 0.07662556927162036], [0.21068858751877786, 0.061022677481476606, 0.33403450134862, 0.3942542336511254], [0.16598558234734584, 0.40216433181088773, 0.20151391525351503, 0.2303361705882512], [0.38901058351650614, 0.08997150602911061, 0.025705395267669046, 0.4953125151867142], [0.5422084860203519, 0.020392883287224328, 0.004954289448600468, 0.4324443412438234], [0.09611343556811108, 0.0243806467228083, 0.6445135247915044, 0.23499239291757648], [0.141805903923247, 0.1135151060437358, 0.45476088152306665, 0.2899181085099504], [0.26662648556126056, 0.6036451671311273, 0.10594568028253591, 0.023782667025076042], [0.4467233890329454, 0.1224885292968132, 0.023007404612047068, 0.40778067705819443], [0.00925341204992194, 0.42017738287365936, 0.027939466583587726, 0.5426297384928309], [0.21406278489649672, 0.18887567306313915, 0.35540140144060023, 0.24166014059976376], [0.8935741209600575, 0.08475388095898528, 0.011860657485231577, 0.009811340595725535], [0.17888258092744241, 0.4452096751274691, 0.17147006949540156, 0.20443767444968677], [0.24386962477580898, 0.09062081231428909, 0.04989412597108229, 0.6156154369388198], [0.0047366717081308045, 0.046896480304305925, 0.6552871277878173, 0.2930797201997461], [0.13561395671889462, 0.056417964574142755, 0.04634880315328371, 0.7616192755536789], [0.5267006081706571, 0.22056168636589435, 0.013480668263467697, 0.2392570371999805], [0.3457044689598115, 0.09938577689278329, 0.06053443714462265, 0.4943753170027824], [0.2725811572679881, 0.08531327961528726, 0.08223755763621068, 0.559868005480514], [0.3620111019933444, 0.4308428379614807, 0.03655311724217374, 0.17059294280300139], [0.18532792338451795, 0.48361444278808124, 0.02233448431191689, 0.3087231495154835], [0.32284550294496145, 0.43982348633586327, 0.024632145181188544, 0.21269886553798692], [0.01810727554884109, 0.8924693476499631, 0.05937100626797049, 0.03005237053322515], [0.15756339576741699, 0.37935404675279666, 0.03249315611640389, 0.4305894013633824], [0.05270227654202323, 0.07650853341351149, 0.007087758154911045, 0.8637014318895541], [0.6710700787245549, 0.09295310259451384, 0.08789545273538187, 0.14808136594554963], [0.20322605104112715, 0.26069960368547324, 0.0506824310933076, 0.48539191418009214], [0.05101441124042901, 0.0692500951974844, 0.8421828349495343, 0.03755265861255223], [0.041198928443258946, 0.8913022211060132, 0.011625216877711161, 0.05587363357301661], [0.5635501656001138, 0.05447810842627497, 0.015165986503543982, 0.366805739470067], [0.014211266125096322, 0.2624291342843974, 0.2759738760885981, 0.44738572350190803], [0.06225841193928958, 0.3071572115283047, 0.5966160012462867, 0.0339683752861193], [0.5140574265488387, 0.1686470357452152, 0.04916127557521767, 0.2681342621307284], [0.017216393430789102, 0.2729931468170399, 0.5440897212165619, 0.16570073853560938], [0.3802712052776876, 0.13318286563515053, 0.0186228131734234, 0.46792311591373864], [0.5398763167565331, 0.12238772793813943, 0.007605777359721461, 0.33013017794560623], [0.2423687132550285, 0.24179469154470476, 0.21848332996932984, 0.29735326523093697], [0.3333981478083388, 0.10203605523655185, 0.03262676984807534, 0.5319390271070343], [0.6760572743711806, 0.11103472490644807, 0.05872392235560179, 0.15418407836676978], [0.664679400560233, 0.09194068019620366, 0.024742420342674664, 0.21863749890088852], [0.06825787590145312, 0.6760224019328104, 0.004991809819974795, 0.2507279123457619], [0.7271108691843454, 0.011004066607367715, 0.004423250512286944, 0.2574618136960003], [0.13728312107549548, 0.17878411212394524, 0.055677197841940695, 0.6282555689586186], [0.2856991135618382, 0.2046569541783789, 0.06717040808844486, 0.4424735241713382], [0.26816227475959475, 0.23680185732639933, 0.01993531771049132, 0.4751005502035144], [0.03932941636005664, 0.6312479890844299, 0.12452554245342361, 0.2048970521020896], [0.14172534060947858, 0.3481222400808017, 0.01441690280655071, 0.49573551650316894], [0.28419418272668684, 0.45493098573569835, 0.057540567229715504, 0.20333426430789917], [0.17386189411989914, 0.20241226453739355, 0.09585414861155331, 0.5278716927311542], [0.6168193088007111, 0.1786043185775771, 0.04929728755774202, 0.1552790850639694], [0.24787825476662517, 0.08087642603923323, 0.025145131869632225, 0.6461001873245095], [0.034663148838599465, 0.013000882180296791, 0.024120065647548643, 0.9282159033335549], [0.3464213104225925, 0.17277056025587975, 0.017494040754432894, 0.46331408856709455], [0.07452191451912817, 0.24536901438196587, 0.07369736566782718, 0.6064117054310786], [0.25529208684875915, 0.3236453098296275, 0.24524306340803403, 0.17581953991357901], [0.3881180973455468, 0.18648888159591456, 0.02981766055255476, 0.3955753605059839], [0.35228442048936665, 0.03247608420120148, 0.0026902604452189475, 0.6125492348642129], [0.6358172727951539, 0.16657933167452368, 0.010633062468900072, 0.18697033306142213], [0.08912331938162386, 0.0697339636856229, 0.8148219769303172, 0.026320740002436494], [0.07931379060853117, 0.41910112176781705, 0.36581940801382395, 0.13576567960982755], [0.0663694155806168, 0.6698773684847512, 0.0982426183119534, 0.16551059762267867], [0.29215096179133937, 0.41912798552832925, 0.1051407079165803, 0.1835803447637511], [0.16811136303804927, 0.8012322012663461, 0.009465079936685631, 0.021191355758919152], [0.5003309290621343, 0.2025705814512867, 0.1110002395088644, 0.18609824997771462], [0.1553848160571981, 0.4005786187864245, 0.057735013965808296, 0.3863015511905692], [0.4569466479142353, 0.14745588574601712, 0.013966512272880396, 0.3816309540668671], [0.8131956134696146, 0.01666339188500831, 0.006069520599454371, 0.16407147404592276], [0.6394759847140462, 0.00920754652631562, 0.041494204183559896, 0.30982226457607825], [0.2954572340622817, 0.19548206555665637, 0.03127443529341599, 0.4777862650876459], [0.02227538398055971, 0.361568362627497, 0.5887658757648698, 0.027390377627073494]]}}