{"test": {"ids": ["98117740", "101112540", "112120270", "97116500", "99112531", "109114270", "101108580", "106115240", "108120260", "98116940", "112118810", "110117080", "111116010", "99108520", "108116070", "100110260", "102113210", "100109330", "103110220", "98108410", "99116500", "112119980", "98113881", "103111540", "97113900", "107112850", "112116880", "110116501", "98121790", "113118690", "105116441", "101121640", "100108580", "98112580", "113117630", "111121190", "112118860", "106120290", "99109910", "108114040", "101109370", "112117461", "110114720", "109115220", "100111270", "97116410", "111116530", "112119610", "102110050", "105115680", "106111321", "112117431", "100115700", "113119120", "102109850", "110120540", "100113210", "98108150", "110118810", "103112641", "108115070", "107118820", "100111390", "111119950", "110118121", "103113260", "111119250", "105116501", "107114780", "112120640", "113119480", "100117420", "105118740", "113118810", "102112170", "108114220", "107121540", "110121720", "99108710", "110114950", "99108310", "110118450", "113120070", "103117200", "110118161", "97110950", "101108121", "109117110", "103109791", "98111620", "109116441", "104116441", "105115570", "110114610", "102114270", "113122650", "102121440", "97106770", "105119950", "113119360", "106114880", "101115190", "110119030", "111121930", "108121351", "100116790", "111116990", "110116170", "99108330", "104113170", "101112201", "110115890", "105116980", "100120010", "110118880", "109120560", "110117140", "97109080", "105110091", "104116800", "107119130", "97106820", "110115140", "103120290", "111118910", "113120780", "110116300", "108118520", "109119460", "108119330", "107116980", "106118820", "100111380", "111115400", "107113840", "107118120", "98111231", "109114651", "106118161", "111120220", "98106880", "108118630"], "labels": [2, 2, 0, 2, 3, 3, 0, 1, 1, 2, 3, 1, 1, 2, 1, 3, 3, 0, 2, 1, 2, 0, 3, 1, 2, 1, 0, 3, 2, 3, 1, 2, 0, 2, 0, 1, 3, 2, 2, 0, 1, 0, 3, 3, 2, 3, 3, 0, 3, 2, 0, 0, 1, 3, 1, 1, 0, 0, 1, 3, 1, 3, 2, 0, 3, 3, 1, 1, 2, 0, 3, 2, 1, 3, 3, 3, 2, 3, 2, 0, 2, 0, 2, 0, 0, 3, 0, 1, 3, 3, 3, 1, 0, 1, 3, 2, 2, 3, 3, 0, 0, 1, 0, 1, 3, 2, 0, 0, 1, 3, 0, 2, 0, 0, 0, 1, 3, 2, 0, 1, 1, 1, 0, 2, 0, 0, 3, 0, 1, 0, 3, 3, 3, 0, 3, 3, 1, 3, 3, 3, 0, 1], "predicted_labels": [1, 3, 1, 1, 0, 1, 2, 0, 1, 2, 3, 3, 2, 1, 2, 0, 1, 0, 1, 1, 2, 3, 1, 3, 0, 3, 3, 3, 2, 1, 1, 1, 2, 1, 0, 3, 1, 2, 2, 3, 1, 0, 2, 3, 2, 2, 1, 3, 1, 1, 0, 0, 3, 3, 2, 1, 3, 3, 1, 1, 0, 0, 2, 3, 1, 1, 3, 0, 1, 2, 0, 2, 2, 3, 0, 1, 3, 1, 1, 3, 3, 2, 2, 0, 3, 1, 3, 0, 2, 2, 0, 3, 3, 2, 1, 3, 3, 2, 1, 3, 2, 1, 3, 0, 3, 1, 2, 0, 1, 1, 3, 2, 1, 1, 1, 3, 1, 1, 3, 3, 0, 3, 3, 2, 3, 3, 1, 2, 0, 0, 1, 3, 0, 2, 1, 1, 0, 0, 1, 0, 2, 3], "confidence_scores": [[7.610707602792549e-06, 0.9952193447835372, 0.003980581446587194, 0.0007924630622728406], [0.0004996244994130787, 0.003936913306601389, 0.014907240269497567, 0.980656221924488], [9.242391899498504e-09, 0.9622175816385071, 0.03686754121720798, 0.000914867901893058], [0.18475321244801363, 0.8020589399877466, 0.013150426650357877, 3.742091388193029e-05], [0.995252809996224, 1.1696478496657938e-06, 4.760849437257861e-08, 0.004745972747431982], [0.29004319133354844, 0.6526285509002161, 0.05732602549388239, 2.232272353002136e-06], [0.20081705939098504, 1.3152615034360675e-05, 0.7970630270734221, 0.0021067609205585366], [0.989404022431057, 3.908561570558049e-05, 0.010510359799206975, 4.653215403055672e-05], [0.0010861132609772568, 0.9235257812329664, 0.004736025802249907, 0.07065207970380646], [3.7033763610391474e-05, 0.07106215943466365, 0.8810552117715131, 0.04784559503021292], [0.13941209812024943, 0.005718456440862016, 1.208195220021896e-05, 0.8548573634866884], [2.496048204478661e-08, 0.03420629425216099, 0.011558793874033151, 0.9542348869133238], [1.6582754272080285e-09, 0.003094431712353446, 0.9961513845133512, 0.0007541821160198622], [0.0001276095712476724, 0.9950156648455307, 0.004856620969252478, 1.0461396916460806e-07], [0.0013206366184120078, 0.4158037744834889, 0.5828734283500037, 2.160548095444505e-06], [0.9992056687478734, 1.3203738060986593e-05, 0.0007041562260871862, 7.697128797864205e-05], [0.27818208391375376, 0.7079643622215731, 0.001755624555815228, 0.012097929308857969], [0.9998365603768425, 0.00010453066683715154, 1.2556091868337885e-08, 5.88964002285172e-05], [0.0009419879731047068, 0.9725800004316207, 0.022785005336760287, 0.0036930062585144555], [0.019294693899578573, 0.9806488013358494, 5.630788516771133e-05, 1.9687940415197617e-07], [2.0441312317239413e-08, 0.28661662372572927, 0.711843880726652, 0.0015394751063064075], [0.00038285260668989725, 9.225802672851182e-05, 7.890959986011236e-07, 0.999524100270583], [0.0008765027679081701, 0.9988492498840522, 1.6856101298803034e-05, 0.0002573912467407948], [7.531324189701873e-07, 0.0016478776532401949, 3.0209113589875612e-05, 0.9983211601007509], [0.517263869779228, 0.018249240149348353, 0.4500683776469408, 0.014418512424482811], [0.009416874848478508, 0.02711349685410058, 0.04506603897189049, 0.9184035893255305], [0.013446143066449263, 0.23082912912417905, 0.01917501101875038, 0.7365497167906213], [0.00047325864550173843, 1.9124413141455422e-05, 6.603703700831872e-11, 0.9995076168753197], [1.0604373932838567e-06, 0.0015046675912255487, 0.9984835191237, 1.0752847681204787e-05], [0.0005545545151009125, 0.9992435038780255, 3.141951102760102e-07, 0.0002016274117632357], [6.015301459448701e-05, 0.9942288569230805, 7.389895360893709e-07, 0.005710251072788571], [6.446436730093773e-07, 0.9998091302747353, 5.148032870427038e-05, 0.00013874475288750015], [0.0066312864803997765, 0.003021241943324287, 0.9903473091655168, 1.6241075905585696e-07], [0.020592916168133656, 0.94418830196452, 0.0051764727365582065, 0.03004230913078819], [0.7038165021435884, 0.0038057386897216387, 0.25053367129845705, 0.04184408786823288], [0.003202489361542605, 0.00304945470013291, 0.19674309957334304, 0.7970049563649814], [0.16062350968921152, 0.8369576664246935, 2.4569134877097204e-05, 0.0023942547512177666], [1.225309374942341e-07, 0.0010919151991116162, 0.9989062293805451, 1.7328894056518945e-06], [1.2779407298654582e-05, 5.120514133028564e-07, 0.9997586069692731, 0.00022810157201488818], [0.023114134618433556, 0.0742178138097969, 0.23624851933459734, 0.6664195322371722], [0.002110892974841108, 0.9855509686086131, 0.012281667303083908, 5.647111346187179e-05], [0.7125843378569343, 0.016917477796447568, 0.0007642446834822902, 0.26973393966313597], [0.0017659879441018172, 0.005816849622542144, 0.9918976416802424, 0.000519520753113536], [0.002007083290393955, 0.49086199965102734, 0.001352705846279062, 0.5057782112122996], [1.2308125499748556e-09, 0.016573706321396417, 0.9810305228207772, 0.0023957696270139207], [0.00014111327830198134, 0.15278647224977993, 0.735969625677512, 0.11110278879440612], [0.43999561702870377, 0.5599185913792706, 8.578577854527204e-05, 5.813480310497159e-09], [1.6685943003557464e-05, 3.588161284852034e-05, 0.052659357701388576, 0.9472880747427592], [1.0033977180824036e-05, 0.9962663654494186, 0.0036836762645263113, 3.992430887410756e-05], [3.972775280921711e-07, 0.9797560384266765, 0.008639489141524029, 0.011604075154271502], [0.9932051972708552, 0.00501272131934583, 6.996786316475978e-05, 0.0017121135466341452], [0.3942340247401912, 0.20652642819709194, 0.005596657048812656, 0.3936428900139042], [0.00190117236445623, 0.0005156209451860885, 0.0004736460918333671, 0.9971095605985243], [0.46891544674789104, 0.009060676988906873, 0.0013564693361952363, 0.5206674069270069], [0.0010378417297454206, 0.00250860687285348, 0.9964229644008022, 3.0586996598811256e-05], [0.03604070225843407, 0.9116982211042283, 0.05224818396546895, 1.2892671868870277e-05], [0.4552702046588841, 0.0072942067513640544, 1.3530089107574172e-06, 0.5374342355808411], [0.006626811908846618, 0.10952957759518649, 6.091701890489459e-07, 0.8838430013257778], [0.0761181367980769, 0.9216691904196604, 0.002206277860697084, 6.394921565795045e-06], [0.00013733347282708134, 0.9895995612074355, 0.010263102213988065, 3.1057493702146735e-09], [0.9999624519895326, 2.7049834785432327e-05, 9.983249412862502e-06, 5.149262690198939e-07], [0.5175992921893272, 0.009052512892775703, 0.00016756597473430702, 0.47318062894316276], [0.00052208444310623, 0.13707462044384564, 0.8475954752467267, 0.014807819866321374], [0.18246932968524376, 0.010713653215726192, 0.027363427589903004, 0.779453589509127], [1.1624497715209018e-07, 0.6944980131219054, 1.483105301367827e-07, 0.30550172232258743], [1.1333189725481881e-09, 0.9999999835195674, 2.34544252543994e-09, 1.3001671069079164e-08], [4.5300123263655335e-06, 0.25697937310470925, 0.01939334599519196, 0.7236227508877725], [0.9999295077316311, 3.8995737546485015e-05, 4.673516749799701e-10, 3.149606347092032e-05], [0.006934404075357103, 0.9925451443242326, 0.0004976820061034683, 2.2769594306828053e-05], [0.0016140397949314404, 0.005535431289335615, 0.9898064531144044, 0.0030440758013285706], [0.9903326767410916, 1.2377583738026483e-07, 1.5998998509240587e-12, 0.009667199481471149], [3.834483338334517e-12, 9.628645351741631e-11, 0.9999991961154803, 8.037843988700514e-07], [0.00011178046165085611, 0.0001181597756345284, 0.5472052418896859, 0.45256481787302866], [0.006654334739506017, 2.005054673002629e-05, 6.984374850752872e-05, 0.9932557709652564], [0.7403626951079108, 0.01855766206115091, 0.01578317953448343, 0.2252964632964549], [1.5891039755141987e-07, 0.9992090142406729, 0.0007826335804048913, 8.193268524772118e-06], [0.0011326551610227546, 0.29577334497245517, 0.0020135368056089413, 0.7010804630609131], [1.4197997470800887e-05, 0.9996647084194173, 0.0003209232770624976, 1.7030604935759212e-07], [7.518392667973867e-06, 0.9999756801320264, 1.520927742853419e-06, 1.5280547562506973e-05], [0.24410511671315743, 1.648225460619506e-05, 9.713170188999154e-05, 0.7557812693303465], [0.0004934187787807209, 0.0024252775508032147, 0.0006090998759620232, 0.996472203794454], [2.8355389259663367e-05, 0.005201981411395797, 0.9945151401693122, 0.0002545230300322293], [1.5955569462215758e-05, 0.001340283774057605, 0.9982258183942637, 0.0004179422622165657], [0.6722456853795142, 0.003176673134786437, 0.000668245009541444, 0.3239093964761579], [0.008151013622846941, 9.425414869301242e-05, 0.0003786336736410677, 0.991376098554819], [0.25450508370924674, 0.3945055562786027, 0.21075892451050168, 0.14023043550164893], [1.7018050678612066e-05, 4.583251850186333e-05, 0.0005426860955670071, 0.9993944633352525], [0.9894331134592486, 0.0021838393054898915, 2.394649545908568e-05, 0.008359100739802568], [3.1534999249199173e-07, 1.6111238768365394e-07, 0.987313984560528, 0.012685538977091784], [0.0011783888560466431, 0.0004980213394181751, 0.9210320567025826, 0.0772915331019527], [0.9840103724609252, 0.015989613795242753, 3.436935649596799e-09, 1.0306896354901947e-08], [0.12553274014234528, 0.0008814023147266703, 1.2183528545498115e-05, 0.8735736740143826], [0.02353219670025028, 0.03609367011073448, 0.05583557829040817, 0.884538554898607], [1.0080305292212008e-06, 0.3143077318029837, 0.685533052729967, 0.00015820743652007695], [0.002247269455824411, 0.9977522662612384, 4.494385664706152e-07, 1.4844370694859939e-08], [0.02627743535360397, 0.15004555304413877, 7.66623394210942e-05, 0.8236003492628361], [4.156489415777793e-05, 0.2451444801464451, 0.0008993098961275143, 0.7539146450632696], [0.4309612391067646, 0.009458981090335689, 0.5478228848817382, 0.011756894921161625], [0.09768990892941508, 0.9000469272992466, 0.002072056115653434, 0.00019110765568488002], [0.2611582322776582, 0.00016364665401418237, 1.6465102325797615e-06, 0.738676474558095], [6.822707305817046e-07, 0.0006588001014735001, 0.9993322065518455, 8.311075950401373e-06], [4.011793436086192e-05, 0.9938290078225059, 0.006079019275594309, 5.185496753885407e-05], [0.0028025171707059464, 9.434196157283684e-05, 1.5913867022462922e-07, 0.9971029817290511], [0.9947242975604937, 0.00023052366434768142, 0.0005135973240349999, 0.004531581451123763], [0.00016869517093087724, 3.039348237575545e-07, 2.432065060204403e-07, 0.9998307576877393], [0.00015508857129497699, 0.9986064817455154, 0.0012381804302704334, 2.492529192349814e-07], [0.04625642220800505, 0.0664177587673989, 0.8322222988719173, 0.05510352015267891], [0.9969823424908243, 5.719014370850518e-06, 0.003009609893676415, 2.3286011284939247e-06], [0.003138802042968786, 0.9963303621526824, 0.000275013844029049, 0.000255821960319672], [0.32923555948289684, 0.3686706758748259, 0.2615560651017551, 0.04053769954052198], [0.008052986598992291, 0.004195253387111121, 6.446303127422824e-05, 0.9876872969826225], [1.8820177284560026e-09, 0.00025691686095902, 0.9992861514960929, 0.00045692976093046996], [0.1235688104116649, 0.8745364380749145, 0.0018204045017286763, 7.434701169185591e-05], [3.7504912801374625e-06, 0.8586467006422864, 0.14134484271638234, 4.706150051047476e-06], [0.25013349920183553, 0.5343742091144166, 0.0020974312531953413, 0.21339486043055236], [6.399421902549703e-09, 0.0003544354915321289, 0.03142423027835594, 0.96822132783069], [0.010737135050790133, 0.8106771323761585, 2.506435614691492e-05, 0.1785606682169044], [2.6135257879920296e-09, 0.9999858480405782, 5.282618844362123e-07, 1.362108401173691e-05], [0.3993052884545452, 0.0021334813805726632, 0.0028667261708788484, 0.5956945039940034], [0.04456599684141536, 0.29074158427196867, 0.003992063187308807, 0.6607003556993072], [0.3775669148571917, 0.351612496295775, 0.0003545826261758279, 0.2704660062208575], [2.990442820025744e-05, 2.283036140844697e-09, 0.0012537230436614033, 0.9987163702451023], [0.0015696242193940606, 6.470791924018326e-05, 0.0024628170274097637, 0.9959028508339559], [0.00018669045967733357, 0.009049292945060647, 0.9907627608033327, 1.2557919294818058e-06], [0.0066980937399812035, 0.10397715182696746, 0.002790814824551426, 0.8865339396084999], [0.05603328108603458, 0.002973715322766116, 3.9897554956436193e-05, 0.9409531060362429], [0.0012323699357363058, 0.5462886386488356, 0.00015260058035375715, 0.4523263908350744], [2.7104774279670394e-07, 0.18521386485600708, 0.8147780868081305, 7.777288119630969e-06], [0.5806595277044232, 0.008412706393330173, 0.02319713937655768, 0.387730626525689], [0.6979880678059581, 0.04454465586549995, 0.03511719506542964, 0.22235008126311215], [0.0025083988879194253, 0.9974706205976012, 2.0976655351324552e-05, 3.859128022127893e-09], [0.00024600553415880127, 0.09261062030692105, 6.069081544000769e-08, 0.9071433134681047], [0.999964112204101, 3.588476363094634e-05, 2.4402379363462628e-09, 5.920302048107026e-10], [0.35507192961290773, 0.00896930102769548, 0.6356722288989569, 0.00028654046043983465], [2.076052143712678e-05, 0.9999750124494077, 3.735164534396737e-06, 4.918646205522096e-07], [6.308760825428876e-05, 0.8429875792141653, 0.00023960342614697084, 0.1567097297514333], [0.6823163889530943, 0.10630830124896477, 3.4308537068329714e-05, 0.21134100126087238], [0.9200530541800648, 0.07993614304863975, 1.0105918145423634e-05, 6.968531500393193e-07], [0.13009150364443858, 0.7052438407497835, 0.10702181412592338, 0.05764284147985445], [0.9995364234212375, 0.00044889070765072656, 4.4074566454862644e-10, 1.4685430366143673e-05], [0.012884085747270636, 1.54171910707582e-05, 0.9126636627694399, 0.07443683429221858], [2.6712746583707102e-06, 0.004054064807085691, 0.0019564014225310366, 0.993986862495725]]}, "rewritten": {"ids": ["97106770", "97106820", "97109080", "97110950", "97113900", "97116410", "97116500", "98106880", "98108150", "98108410", "98111231", "98111620", "98112580", "98113881", "98116940", "98117740", "98121790", "99108310", "99108330", "99108520", "99108710", "99109910", "99112531", "99116500", "100108580", "100109330", "100110260", "100111270", "100111380", "100111390", "100113210", "100115700", "100116790", "100117420", "100120010", "101108121", "101108580", "101109370", "101112201", "101112540", "101115190", "101121640", "102109850", "102110050", "102112170", "102113210", "102114270", "102121440", "103109791", "103110220", "103111540", "103112641", "103113260", "103117200", "103120290", "104113170", "104116441", "104116800", "105110091", "105115570", "105115680", "105116441", "105116501", "105116980", "105118740", "105119950", "106111321", "106114880", "106115240", "106118161", "106118820", "106120290", "107112850", "107113840", "107114780", "107116980", "107118120", "107118820", "107119130", "107121540", "108114040", "108114220", "108115070", "108116070", "108118520", "108118630", "108119330", "108120260", "108121351", "109114270", "109114651", "109115220", "109116441", "109117110", "109119460", "109120560", "110114610", "110114720", "110114950", "110115140", "110115890", "110116170", "110116300", "110116501", "110117080", "110117140", "110118121", "110118161", "110118450", "110118810", "110118880", "110119030", "110120540", "110121720", "111115400", "111116010", "111116530", "111116990", "111118910", "111119250", "111119950", "111120220", "111121190", "111121930", "112116880", "112117431", "112117461", "112118810", "112118860", "112119610", "112119980", "112120270", "112120640", "113117630", "113118690", "113118810", "113119120", "113119360", "113119480", "113120070", "113120780", "113122650"], "labels": [3, 1, 2, 3, 2, 3, 2, 0, 0, 1, 1, 3, 2, 3, 2, 2, 2, 2, 1, 2, 2, 2, 3, 2, 0, 0, 3, 2, 3, 2, 0, 1, 2, 2, 0, 0, 0, 1, 0, 2, 1, 2, 1, 3, 3, 3, 3, 2, 3, 2, 1, 3, 3, 0, 2, 3, 1, 1, 0, 0, 2, 1, 1, 0, 1, 3, 0, 0, 1, 3, 3, 2, 1, 3, 2, 3, 3, 3, 1, 2, 0, 3, 1, 1, 0, 1, 0, 1, 3, 3, 3, 3, 3, 1, 1, 1, 1, 3, 0, 0, 2, 0, 3, 3, 1, 3, 3, 0, 0, 1, 0, 0, 1, 3, 0, 1, 3, 0, 0, 1, 0, 3, 1, 1, 0, 0, 0, 3, 3, 0, 0, 0, 0, 0, 3, 3, 3, 0, 3, 2, 0, 2], "predicted_labels": [2, 3, 1, 3, 3, 2, 0, 0, 3, 1, 3, 2, 1, 1, 2, 1, 1, 3, 0, 1, 1, 2, 0, 1, 2, 0, 0, 2, 0, 3, 0, 3, 1, 2, 1, 3, 2, 1, 1, 1, 1, 1, 2, 1, 0, 1, 1, 3, 2, 1, 3, 1, 1, 3, 2, 0, 0, 3, 3, 2, 1, 1, 0, 0, 3, 0, 0, 2, 0, 0, 3, 2, 1, 1, 1, 1, 1, 1, 0, 3, 1, 1, 0, 2, 1, 3, 0, 3, 3, 2, 0, 1, 0, 0, 3, 2, 2, 2, 3, 3, 2, 0, 1, 3, 2, 3, 3, 3, 3, 2, 1, 3, 1, 1, 2, 2, 0, 2, 3, 3, 3, 0, 3, 0, 2, 0, 0, 3, 0, 3, 3, 2, 2, 2, 1, 3, 3, 3, 0, 2, 0, 3], "confidence_scores": [[0.4128725791275337, 0.001126143486558509, 0.5674400889382099, 0.018561188447697823], [4.8875871791065304e-05, 6.80142988851228e-10, 0.00011463931154898401, 0.999836484136517], [3.713325776581568e-10, 0.999999055637587, 6.68425695389019e-08, 8.771485108053999e-07], [0.04094487285035569, 0.07855812781597259, 0.018355409041341548, 0.8621415902923301], [0.016483459420572683, 0.03857537729929394, 0.3915157617834127, 0.5534254014967207], [4.843590221629551e-05, 0.10853798002802825, 0.541345391605004, 0.35006819246475157], [0.6917196942665942, 0.30798128108613354, 0.000298979509612164, 4.513766007297732e-08], [0.7374278545919473, 0.004612642881837166, 0.24190254338491915, 0.016056959141296324], [0.00013894083842164344, 0.1318771703211976, 1.9265472417588067e-06, 0.867981962293139], [0.0017808046428791997, 0.9982186253431904, 5.551663222857448e-07, 1.484760800495015e-08], [0.15201310786742397, 0.01818755075578306, 5.9961926383806965e-06, 0.8297933451841546], [0.00063293335189352, 6.0461292542812324e-05, 0.8304380790961821, 0.16886852625938162], [0.18993404512507836, 0.7014732150021126, 0.1026958962182327, 0.005896843654576323], [0.00014119364707154713, 0.9998574024331015, 1.0879387510903414e-06, 3.159810760637871e-07], [0.0011788407377581942, 0.4618916988663092, 0.5358163343735372, 0.0011131260223954617], [0.00629261037568061, 0.961720974045986, 0.018236570513803212, 0.01374984506453012], [3.400167073853064e-09, 0.7780380556380988, 0.22173272540295, 0.00022921555878413177], [0.0003916310984290609, 5.442365477899802e-06, 0.000163887875795349, 0.9994390386602977], [0.6338294361533764, 0.1781958809483633, 0.1806586755201646, 0.007316007378095769], [5.2279573212113204e-05, 0.8777706696595373, 0.12217676519142226, 2.85575828285565e-07], [6.3249750826039815e-06, 0.9998106938233399, 3.7325796527502615e-06, 0.00017924862192472536], [3.7821439952324676e-05, 9.424302775039942e-06, 0.999944944829855, 7.809427417492515e-06], [0.615392363941954, 0.0001640946374398162, 1.1306209653236555e-06, 0.3844424107996411], [1.941768411194117e-08, 0.8642851921459814, 0.06991554298884715, 0.06579924544748728], [0.0007070138957414485, 0.14231159333094745, 0.8569802004877449, 1.1922855660938669e-06], [0.9928695719094563, 0.0063887232288131705, 1.6122061346989326e-06, 0.0007400926555957951], [0.9872398279703579, 1.8625764276973115e-05, 0.010679700290850884, 0.002061845974514412], [7.095821764507792e-08, 0.049895063946424116, 0.9218453251274862, 0.028259539967872106], [0.9999920396725348, 7.96014650810435e-06, 1.1329838852200754e-10, 6.765873331124762e-11], [4.411612710841964e-08, 3.7156812874535195e-05, 0.022924898208252074, 0.9770379008627463], [0.9640744817467858, 1.0830085886719653e-05, 1.660920433191628e-06, 0.035913027246894436], [9.704108512596786e-05, 0.00665724556751242, 0.00047681118328800207, 0.9927689021640737], [0.0012703921526691425, 0.9604740532379324, 0.038253439704089835, 2.114905308576441e-06], [1.301685625632665e-09, 6.833452130928857e-09, 0.9999613052841825, 3.868658067981802e-05], [8.302334174755174e-06, 0.9406040060650876, 0.059383209103471335, 4.482497266341447e-06], [7.304850695735656e-05, 7.022029042234009e-06, 0.0012176374390426928, 0.9987022920249579], [0.18838445166652962, 1.6910839567007887e-06, 0.8097179608146208, 0.0018958964348929348], [0.003233656153660126, 0.9896375803868448, 0.00691510021770452, 0.00021366324179071663], [0.0018057535195447254, 0.9926232865346378, 1.0848534146833628e-08, 0.00557094909728347], [0.0007758087933748566, 0.5462978215573322, 0.03195901009174892, 0.42096735955754394], [0.0001628515831691182, 0.9896856392375251, 0.01013378427041762, 1.772490888847419e-05], [1.1062214983244796e-07, 0.9999896314728455, 9.300181152559678e-06, 9.577238521793074e-07], [0.003405040896361405, 0.24022974467741717, 0.7561686457848524, 0.00019656864136892617], [5.436442135074744e-06, 0.9860787327704769, 0.012775587680815341, 0.0011402431065726723], [0.9057255520060363, 0.07244563264331381, 0.002922107036880233, 0.018906708313769637], [0.3393118607753665, 0.6472876620253502, 0.0010529947072680066, 0.012347482492015388], [0.0026799870098042342, 0.9973189136180854, 8.223752069577272e-07, 2.76996903419791e-07], [0.00016075467914276483, 0.029039064031641817, 0.014478378347290965, 0.9563218029419246], [8.430800739928892e-08, 4.017806101373198e-07, 0.9843914187871043, 0.015608095124278206], [0.003652862605253644, 0.6750481915031747, 0.10374393443101801, 0.2175550114605535], [0.001367054346195455, 0.0015858393952625806, 0.0005379994792614406, 0.9965091067792806], [0.00021168703258773745, 0.9944554603208946, 0.005332781208336736, 7.143818107557666e-08], [6.5937519083898734e-09, 0.99999969653372, 2.889379537916154e-07, 7.934574036910908e-09], [0.054946268561364385, 3.743582160032823e-05, 3.317539848590184e-07, 0.9450159638630504], [0.0005103077349030331, 0.010914519020204988, 0.9885681671224863, 7.006122405697385e-06], [0.7644825503030477, 0.039568481053335186, 0.19552081129159887, 0.00042815735201810594], [0.7645618439842122, 0.008973133038660564, 2.52979353113076e-06, 0.2264624931835961], [0.18098729995513754, 0.21971248734480203, 0.01950431135658254, 0.5797959013434778], [0.08092944972233883, 0.0004386014589123272, 0.011887464614651374, 0.9067444842040975], [0.004176420457536628, 0.11303370094503044, 0.8519201377754697, 0.030869740821963268], [4.893155147049052e-06, 0.9150182223895605, 0.06804208701988179, 0.016934797435410827], [0.005427544618867485, 0.8914685824481101, 1.9887610268554308e-08, 0.10310385304541195], [0.9996006047979773, 8.468315330537389e-05, 2.0538094155159485e-09, 0.00031470999490800324], [0.5052174965647778, 0.493987828457583, 0.00024083672887456777, 0.0005538382487647186], [0.00021110373712494943, 2.8035641614532478e-05, 0.05135725437320009, 0.9484036062480605], [0.6186054139530069, 0.37974265920469935, 0.0016411836743759594, 1.0743167917672046e-05], [0.9996317527332448, 0.00021345655620579068, 0.00013855898811378518, 1.623172243543545e-05], [3.0558353834080142e-06, 0.0013147637359097269, 0.9986448764759882, 3.730395271871905e-05], [0.9854007988100963, 4.016759111460112e-06, 0.014593143770829813, 2.0406599623584224e-06], [0.5992354920836507, 0.026536886932134757, 0.1028345842989702, 0.27139303668524445], [0.00701136223402678, 0.26124727629597366, 5.073604242314824e-06, 0.7317362878657572], [2.8684037536003312e-08, 0.0045916302909392425, 0.9954065643535467, 1.7766714765129402e-06], [0.0017960717022641915, 0.6589975254352692, 0.023421411195089153, 0.31578499166737733], [0.00017820469940316568, 0.999799318132478, 2.172715509527316e-05, 7.500130234861737e-07], [0.007231222843459984, 0.9909121982139165, 0.0016502133486708593, 0.0002063655939525947], [0.06905050658038257, 0.9309444843667523, 4.649845650644373e-06, 3.5920721440598575e-07], [1.420407296583409e-05, 0.6431695585351479, 0.0006103870793346746, 0.3562058503125516], [0.07266616943584944, 0.5137712040772205, 0.0003837529666090689, 0.413178873520321], [0.9860244354689386, 0.009205931063464574, 0.0001693665360191455, 0.0046002669315776045], [0.004292797676536428, 0.1614271558552832, 0.022640690515637153, 0.8116393559525432], [0.09824483119762867, 0.7346648445058589, 0.16606532003175534, 0.0010250042647570873], [2.5804188731897723e-06, 0.9988963261703058, 0.00110106610947807, 2.7301342887225644e-08], [0.9999993523588386, 3.542575437112876e-08, 2.63861428915404e-07, 3.4835397795073465e-07], [0.0011956688045528237, 0.43933227557024, 0.55945187335886, 2.0182266347008784e-05], [2.541593421667825e-07, 0.7239186911147928, 0.27474953912730105, 0.0013315155985638989], [0.00022132960121035478, 0.04532512194664135, 0.05095056884456342, 0.9035029796075849], [0.926758449735064, 0.0008987961569096083, 0.004747102550603244, 0.067595651557423], [2.4979872670791892e-06, 0.017246243257752446, 0.0005793363331503655, 0.98217192242183], [0.006021054572448655, 3.697529144659614e-05, 5.13035108736252e-07, 0.993941457100996], [0.030029761128228458, 0.000695627918191782, 0.9689754935515245, 0.00029911740205528046], [0.746805932076725, 0.25319050586266584, 2.7672791589398904e-06, 7.947814503382815e-07], [0.01249421648978656, 0.8615311368962435, 0.009380319718927126, 0.11659432689504283], [0.8671168448139102, 0.13288298673565443, 4.5131494975073446e-08, 1.233189405629062e-07], [0.5450923033618004, 0.37426281374893355, 3.314650140267579e-05, 0.08061173638786324], [0.23806922918873544, 0.03642132990832169, 0.011873190190680838, 0.713636250712262], [2.508682382053843e-07, 0.00019761450798679278, 0.9904735887789021, 0.009328545844872973], [3.5131429307670772e-06, 0.012538117075473143, 0.985541602295385, 0.0019167674862110866], [0.0013933001535038692, 0.008979114731438894, 0.9884409253105982, 0.0011866598044591255], [0.262308842914211, 1.969053686595992e-05, 0.00014421421760589677, 0.737527252331317], [0.0008533163188573528, 0.007170346867635235, 0.01624329531664977, 0.9757330414968577], [1.5478079297275892e-07, 0.000939595199951441, 0.9496528842820567, 0.049407365737198644], [0.8756083639256909, 0.09838985204263213, 0.017356815731991725, 0.008644968299685253], [0.0004696470636017441, 0.8646551038123015, 0.00020640342271135515, 0.13466884570138551], [2.6656482883963166e-05, 1.3583684911767282e-05, 3.499649925374824e-10, 0.9999597594822394], [1.4473241041452142e-08, 0.339673001975247, 0.44045232292395464, 0.2198746606275573], [0.00018332409836475567, 0.0030340789004934593, 8.156550000972932e-07, 0.9967817813461417], [4.243275898204038e-08, 0.03835969871697614, 7.47942671416132e-07, 0.9616395109075935], [0.1424994744308265, 0.0001657072758582151, 0.0011601542998614426, 0.8561746639934538], [6.728704467122564e-05, 7.047412937678365e-06, 0.06330157474742577, 0.9366240907949653], [0.001958385990554832, 0.2461825310835694, 0.37889164465134334, 0.3729674382745323], [0.0021536072084430142, 0.9953924439839401, 0.0002917865124815149, 0.002162162295135485], [0.004430817999155649, 5.087256849598152e-05, 2.361026207003927e-07, 0.9955180733297276], [0.026292624110667087, 0.7108548497995597, 0.2628321456154691, 2.0380474304155387e-05], [1.0991809251830346e-05, 0.999642284187474, 0.0003465099969326625, 2.1400634141154113e-07], [0.10631994164178797, 0.028074421998547795, 0.8640147095416855, 0.0015909268179789629], [9.60699211023345e-09, 0.118375834390424, 0.8792935975639151, 0.002330558438668551], [0.9910087720398462, 0.008987706397024982, 3.5171455802857694e-06, 4.417548671041764e-09], [0.06747396506601586, 0.15184161485400136, 0.7784075726901083, 0.002276847389874458], [0.00027414227869461784, 0.011339838312009869, 0.00047296834608373577, 0.9879130510632118], [3.6998072245338405e-06, 0.2594901904972333, 0.01480792554768515, 0.7256981841478569], [0.00512261923261792, 0.001504597381932891, 0.008284821090216634, 0.9850879622952324], [0.9305908003327341, 0.048166093547549346, 1.3216794941312905e-08, 0.021243092902921288], [0.005051269682918185, 0.0002672599010050508, 0.0012426994857897662, 0.993438770930287], [0.514273973496279, 0.00010657583576533637, 0.019047187775848913, 0.4665722628921068], [0.023396536443492513, 0.1230784858429739, 0.6303441654621763, 0.2231808122513573], [0.5521675802236641, 0.0005154583553260916, 8.253488066798696e-05, 0.4472344265403419], [0.8493082051332365, 0.00029201631944591924, 3.448078243003316e-06, 0.15039633046907477], [0.006178146350031038, 0.11482147189845879, 5.844790739277294e-07, 0.8789997972724362], [0.5339714750404506, 0.04055559978679006, 1.1250915100951076e-05, 0.42546167425765835], [0.00012008615099213468, 0.019654545555101422, 0.34740960539226773, 0.6328157629016387], [0.0002983389327359288, 2.3133938653057157e-05, 1.4942618907206405e-06, 0.9996770328667203], [1.8716066998120955e-08, 0.008750438755362702, 0.9714105099580088, 0.019839032570561445], [6.005562362457212e-05, 0.0003420238163398263, 0.9988456727456273, 0.0007522478144081523], [0.007513059007317233, 0.008891169026591251, 0.9779417578100703, 0.005654014156021077], [9.720592062696923e-06, 0.9998816346398004, 7.112946091670093e-08, 0.00010857363867591335], [0.00034627767088690265, 1.9269099025848282e-06, 4.854674077865869e-05, 0.9996032486784318], [0.002014677399581842, 0.0024150212413137366, 0.00030735641078351794, 0.9952629449483209], [0.44491385129743083, 0.003573714800696189, 0.00010784042377060659, 0.5514045934781024], [0.9776111933513187, 1.6821447900889623e-05, 7.547992300413746e-12, 0.022371985193232368], [0.0027441141571872035, 0.015153497705469983, 0.9820638891604057, 3.8498976937267746e-05], [0.5205666780135773, 0.018712370870704056, 0.05198356299986199, 0.40873738811585664], [0.009117628072344574, 0.0012496405102547395, 2.86046240611902e-05, 0.9896041267933396]]}}