{"test": {"ids": ["100109980", "99110050", "102113350", "108114220", "111120540", "104109311", "113121950", "99109740", "111119930", "107115140", "108114040", "97111790", "104114230", "111117200", "111120591", "110116170", "106114280", "111117571", "101108580", "102109010", "110115120", "103113640", "110115710", "101119030", "113120531", "112121360", "111116010", "106113190", "105115380", "97110950", "110118111", "111116530", "108117720", "110113591", "99107660", "113119950", "101108500", "108113620", "106117650", "102108621", "98112580", "100113370", "107113170", "106111321", "107113200", "97107920", "100111380", "102109850", "110120560", "105116441", "109113881", "113122160", "113122150", "110116300", "106116640", "104116441", "112118550", "101114990", "111119430", "101112160", "113119700", "106114321", "102110500", "105112260", "108119550", "109113931", "98107380", "102109910", "100109311", "103111110", "104113380", "98120530", "112118471", "108114670", "109115070", "107120010", "104117630", "101108370", "102113210", "97116500", "106114880", "103111540", "101108621", "107117630", "111116990", "108121160", "107114200", "112121010", "107113260", "110116441", "108116501", "107119950", "104111711", "113121220", "105113170", "101115190", "99117740", "101111140", "99112840", "110114720", "110118301", "108116070", "110120190", "108115970", "98113881", "108120621", "113122190", "100113210", "111115400", "107121230", "112119450", "99111930", "102110750", "103111620", "112116990", "101109120", "111116640", "112120990", "112118701", "99109910", "105116980", "102111990", "99111620", "100107920", "111116110", "97107681", "102114270", "106119260", "101110150", "104110960", "103120290", "108120280", "99108310", "113122320", "101116130", "100111390", "107112850", "101119591", "112119950", "100109360", "110114950", "111116040"], "labels": [1, 3, 3, 3, 1, 3, 3, 3, 1, 0, 0, 2, 2, 0, 1, 0, 3, 3, 0, 1, 0, 1, 2, 3, 0, 3, 1, 0, 1, 3, 1, 3, 1, 0, 3, 0, 3, 3, 1, 3, 2, 3, 0, 0, 0, 0, 3, 1, 0, 1, 0, 3, 2, 3, 3, 1, 3, 3, 3, 3, 0, 2, 3, 3, 1, 1, 1, 2, 1, 3, 1, 1, 1, 3, 0, 1, 0, 1, 3, 2, 0, 1, 0, 0, 0, 2, 2, 2, 0, 3, 0, 3, 1, 3, 0, 1, 2, 2, 2, 3, 1, 1, 3, 2, 3, 1, 1, 0, 0, 0, 3, 1, 1, 0, 0, 1, 0, 2, 0, 2, 0, 2, 3, 0, 3, 3, 3, 1, 1, 2, 2, 3, 2, 1, 2, 2, 1, 0, 0, 0, 0, 0], "predicted_labels": [1, 2, 1, 1, 1, 0, 2, 1, 0, 3, 3, 3, 1, 3, 3, 0, 3, 0, 0, 1, 3, 0, 1, 0, 1, 0, 1, 3, 1, 3, 1, 1, 1, 0, 0, 0, 1, 0, 1, 0, 1, 2, 1, 3, 0, 3, 0, 2, 0, 1, 1, 1, 3, 1, 3, 3, 3, 1, 3, 2, 1, 0, 3, 1, 0, 3, 3, 3, 3, 3, 2, 3, 3, 1, 1, 2, 3, 0, 3, 2, 2, 3, 3, 2, 0, 1, 3, 1, 3, 0, 3, 3, 2, 3, 3, 1, 2, 0, 1, 2, 1, 1, 1, 3, 1, 0, 2, 3, 0, 1, 3, 1, 2, 1, 3, 2, 0, 1, 3, 2, 3, 0, 3, 3, 3, 2, 1, 0, 3, 0, 2, 3, 1, 1, 3, 1, 1, 0, 3, 3, 3, 0], "confidence_scores": [[0.2255122457062018, 0.295249333743226, 0.22835090839446393, 0.25088751215610805], [0.13668743884848858, 0.2966601350753319, 0.34112126900965195, 0.2255311570665279], [0.23232165354058412, 0.27853284017361235, 0.24188413491652644, 0.2472613713692772], [0.19322496295710542, 0.33326951930674875, 0.30227248479259977, 0.17123303294354655], [0.21334633423292515, 0.3043928005110755, 0.24447458059423885, 0.23778628466176072], [0.3003379195011227, 0.28161800682265814, 0.0646163444187325, 0.35342772925748667], [0.20728497557608572, 0.27539495984389883, 0.2739762029817317, 0.2433438615982839], [0.16185273018119575, 0.34341953671345393, 0.3325658166462197, 0.16216191645913106], [0.2866504088049419, 0.28923488310879214, 0.10609589820735855, 0.3180188098789073], [0.25715944461743845, 0.2655875583885647, 0.1421146779993767, 0.33513831899462054], [0.21067219762171968, 0.2900138437222278, 0.18859144194038416, 0.3107225167156683], [0.2442991488289987, 0.2501389913476031, 0.18651410392470025, 0.3190477558986981], [0.17549083163461748, 0.3203770329934168, 0.28827057173916726, 0.21586156363279818], [0.26886709051304586, 0.31594118322091963, 0.09688838731904562, 0.31830333894698887], [0.28425131948520993, 0.28773384868873464, 0.09116545545638903, 0.3368493763696665], [0.2637228512284041, 0.26403985239967703, 0.15943093498834304, 0.3128063613835755], [0.26329910033649306, 0.28399285070174635, 0.13027388235609816, 0.32243416660566254], [0.2844854381708825, 0.2958065736966003, 0.08989099199647614, 0.3298169961360414], [0.25985366996862685, 0.22762212099704618, 0.2554003029536629, 0.2571239060806642], [0.20502533791078578, 0.3175676744813477, 0.22438478078669866, 0.25302220682116766], [0.25191744184398474, 0.3171972529763, 0.12015380425269176, 0.31073150092702356], [0.29907244771048774, 0.2582120109408547, 0.1127317090421837, 0.3299838323064741], [0.20835083989029118, 0.2903259800280619, 0.2558546892951474, 0.24546849078649946], [0.2950525047765763, 0.28731744283932653, 0.08018591763838477, 0.3374441347457128], [0.24362514053877904, 0.3109157387107965, 0.16493792273267135, 0.28052119801775344], [0.2801459168641196, 0.3175601905983835, 0.09046806863262669, 0.3118258239048701], [0.19605290558856642, 0.34015561872360217, 0.22848458419948156, 0.23530689148834946], [0.2730848182083271, 0.2833483815303748, 0.11579123463395224, 0.32777556562734605], [0.22443855020086917, 0.3011274128394729, 0.20274821018500205, 0.27168582677465575], [0.2575533227569028, 0.28464185945439163, 0.17607317616884663, 0.28173164161985875], [0.2673518409647134, 0.3016100204191815, 0.1317653118638521, 0.2992728267522531], [0.20111441952727324, 0.3486398464188453, 0.24359570087287954, 0.20665003318100209], [0.25853226774820426, 0.30110840459779253, 0.14484002712767063, 0.29551930052633263], [0.2926410141553925, 0.2868687301400718, 0.0792718781866984, 0.3412183775178371], [0.2425079469760167, 0.24263784102750605, 0.23878451772622247, 0.2760696942702547], [0.28637379572598404, 0.29020533630456863, 0.09961471606865775, 0.3238061519007894], [0.22589347981948849, 0.3024800455957681, 0.20292494854034265, 0.26870152604440106], [0.26423620079601734, 0.2871786164830485, 0.14694991701119406, 0.3016352657097404], [0.24019712406594326, 0.29467231904089586, 0.17911271173386858, 0.2860178451592924], [0.29883555800400363, 0.262990897543915, 0.09489025004659608, 0.3432832944054849], [0.20739804496238856, 0.3121515333697682, 0.24247266337592446, 0.23797775829191872], [0.19072344083878132, 0.28319258110856577, 0.29194031640085627, 0.2341436616517966], [0.26219930877913816, 0.3072403226419343, 0.13023456685519938, 0.30032580172372825], [0.28326854710545335, 0.28207422645957386, 0.12751451202170772, 0.3071427144132653], [0.30053810544462795, 0.26226324370910414, 0.09017513261876287, 0.3470235182275048], [0.29589825110881823, 0.2505543550807523, 0.12748462761878362, 0.3260627661916458], [0.28627561161229337, 0.28958427561544486, 0.08897257577396826, 0.3351675369982933], [0.19890753121357993, 0.30910106288655914, 0.32657694363172424, 0.16541446226813647], [0.26164922584485056, 0.295879625077933, 0.19322553929128616, 0.24924560978593036], [0.21751162012669703, 0.33700363937033645, 0.21378700671704254, 0.23169773378592412], [0.24375390900540406, 0.3137301039779044, 0.16624876159887633, 0.2762672254178151], [0.16272616384985872, 0.3578553889787166, 0.2681957599258491, 0.2112226872455754], [0.24147060470785334, 0.2884157230027664, 0.18468560751031576, 0.2854280647790645], [0.2365503076279624, 0.30500463961119323, 0.19137422740276797, 0.267070825358076], [0.27576485952598334, 0.25302168287046206, 0.13764092965060065, 0.3335725279529538], [0.292991307279364, 0.2982800164824061, 0.06613770047836733, 0.3425909757598625], [0.2678944015096754, 0.30159628641016695, 0.11420189061455754, 0.3163074214656], [0.18916452392817448, 0.33454609643470495, 0.2127708793818201, 0.2635185002553002], [0.17892056354564206, 0.30612478917429864, 0.24372009784543422, 0.2712345494346248], [0.1338508427095526, 0.2660167841030446, 0.40851484519089504, 0.19161752799650766], [0.2158890592549246, 0.31714464396860687, 0.2366089083230386, 0.23035738845342993], [0.24435277320585186, 0.27667489530589123, 0.19694344659639812, 0.28202888489185884], [0.2642408154638147, 0.2580269839099008, 0.1636865535426911, 0.3140456470835933], [0.22157444744215643, 0.31572962379922986, 0.1702267652216842, 0.2924691635369294], [0.26400016887395084, 0.2914312529170352, 0.13336643148250904, 0.3112021467265052], [0.2837436141685041, 0.29386319174450515, 0.08870213439450783, 0.33369105969248314], [0.22406402498179578, 0.2734057980482931, 0.2315362880500716, 0.2709938889198397], [0.2229528417222535, 0.2562904095369345, 0.2155958375554596, 0.30516091118535266], [0.2780742428870207, 0.2745247852793032, 0.11684839899845917, 0.33055257283521705], [0.25717161130629945, 0.30409701107352444, 0.11899870066033938, 0.319732676959837], [0.18530734112571381, 0.301540918507793, 0.29559544079196237, 0.21755629957453088], [0.2888209146107473, 0.28347055204503396, 0.09374682882262651, 0.333961704521592], [0.24303599123457892, 0.2755367864813773, 0.18684332822220182, 0.2945838940618419], [0.23541073897706707, 0.3094343308996524, 0.20650715853136173, 0.24864777159191898], [0.22329395662315712, 0.35651392634815476, 0.1607590939555296, 0.2594330230731581], [0.17741388680628306, 0.29683102488503665, 0.28727698291312764, 0.23847810539555264], [0.26861666660748634, 0.2695428862975199, 0.14895149887701895, 0.31288894821797497], [0.3046036257382141, 0.2487269864964566, 0.09947676467898228, 0.34719262308634735], [0.2490568415535205, 0.28253094172816456, 0.15749697200041338, 0.31091524471790155], [0.22908913087562818, 0.2726951449808174, 0.28869134162141896, 0.2095243825221356], [0.20064615138954398, 0.29177815128512835, 0.30337026975772896, 0.20420542756759885], [0.2190598314048, 0.2856510264440241, 0.2081396431970546, 0.28714949895412095], [0.22577539562946541, 0.28125172954154615, 0.19671707835786997, 0.29625579647111866], [0.18749808088331876, 0.25826385211748887, 0.3191793007242687, 0.23505876627492378], [0.28180841247556854, 0.2777237827629398, 0.12272922391444495, 0.31773858084704665], [0.2622944777874665, 0.30965387718779136, 0.1420772043308902, 0.28597444069385136], [0.2759896208032303, 0.3066352303779559, 0.09245619247550833, 0.3249189563433055], [0.25784790123688134, 0.29499958768313544, 0.15463560868226245, 0.2925169023977208], [0.20094103078240552, 0.2930183014540576, 0.22395998401964642, 0.28208068374389067], [0.23694274834633336, 0.28827991122411484, 0.2366205278505423, 0.2381568125790096], [0.27359588939898294, 0.2863352487199084, 0.11354206346443507, 0.3265267984166738], [0.2600932809364577, 0.284284872168695, 0.1435826136183846, 0.31203923327646277], [0.1733468203867974, 0.2615424993049577, 0.3775363630932538, 0.18757431721499143], [0.27554246640805563, 0.2726370041959808, 0.1171827873222068, 0.3346377420737566], [0.2457427296549334, 0.289396247199031, 0.1390203665427667, 0.32584065660326855], [0.16355168382504642, 0.33243187147136877, 0.31863925775540514, 0.18537718694817928], [0.21546396690585626, 0.2808124260055679, 0.2645977005392231, 0.2391259065493527], [0.24080645437043777, 0.27071786652336627, 0.21339882543284672, 0.27507685367334933], [0.22735677934921317, 0.3053986707957819, 0.20960410243142563, 0.25764044742357883], [0.17243483184388597, 0.30145341827108024, 0.36187246907209686, 0.16423928081293676], [0.23195032617257397, 0.32081273730102666, 0.1623146132624094, 0.2849223232639901], [0.20931770033409763, 0.309661869652954, 0.27448084126636396, 0.20653958874658446], [0.27906443107362794, 0.32476102181928296, 0.061273490339744587, 0.33490105676734466], [0.27650016028230906, 0.2851888774870775, 0.10733340260485454, 0.33097755962575914], [0.20042392763048736, 0.33063103886772005, 0.29113685564257297, 0.17780817785921982], [0.27412391075188675, 0.2984359214012507, 0.1225677320272434, 0.3048724358196192], [0.20145773283517154, 0.2751851802355572, 0.29234584899346305, 0.23101123793580802], [0.29780814886689233, 0.27955833708173644, 0.07994715853893887, 0.34268635551243215], [0.2775112148879695, 0.2803526611749268, 0.14591301310343197, 0.2962231108336718], [0.24091923992612246, 0.3349778069829998, 0.11046034643934169, 0.3136426066515358], [0.2999412918796265, 0.27602419554485286, 0.0667960448121544, 0.3572384677633663], [0.14350203581078175, 0.36305130864298696, 0.3036290214487823, 0.18981763409744873], [0.14682821898733495, 0.3320184850695469, 0.35394623740532216, 0.16720705853779605], [0.22298094587816508, 0.31130770614725994, 0.2775532762109534, 0.18815807176362156], [0.3019093650592906, 0.24638442797599458, 0.11239377304250232, 0.33931243392221244], [0.20225427106407126, 0.2646026380255349, 0.28580443986341275, 0.24733865104698086], [0.23458645313439874, 0.2859204573244163, 0.26151610922676444, 0.21797698031442064], [0.26203915358608654, 0.3299024001692205, 0.12186691306182199, 0.28619153318287144], [0.24807996711111388, 0.3077949132195777, 0.12602303357441444, 0.31810208609489393], [0.13743690808116238, 0.25252393680632085, 0.4750916694563764, 0.13494748565614004], [0.29237820703285095, 0.2569508558296023, 0.12745211571350124, 0.32321882142404545], [0.2642654462743065, 0.26917795941424744, 0.18401645092954125, 0.2825401433819048], [0.22578587330398203, 0.2877632351284813, 0.21869190650518022, 0.2677589850623566], [0.2837664327136455, 0.27047786015352326, 0.11166927039048788, 0.33408643674234323], [0.26624174696190095, 0.2696094655212839, 0.1555892395037719, 0.3085595480130433], [0.20286770706093799, 0.2527206531730556, 0.29841392456701094, 0.24599771519899566], [0.2568935617161155, 0.3204038597009778, 0.11845228023150697, 0.30425029835139994], [0.253310622819994, 0.2688690745867546, 0.20215990156977467, 0.2756604010234769], [0.26802242709360163, 0.27319860198947526, 0.14019749178678256, 0.3185814791301405], [0.2884968326837258, 0.26913299182785455, 0.17200587195718975, 0.27036430353123], [0.13471240392211214, 0.2677903869218884, 0.4552852260211168, 0.14221198313488242], [0.24171725816321257, 0.28561085293504207, 0.16375286912008966, 0.3089190197816555], [0.2576156722577636, 0.29361550310038526, 0.15353572771131418, 0.29523309693053656], [0.2598595051057771, 0.32076237807457003, 0.11810725264516489, 0.30127086417448795], [0.21965486910938248, 0.25742712714035354, 0.22164198757401438, 0.30127601617624944], [0.24185012392625965, 0.29480138214394397, 0.19811961094180236, 0.2652288829879937], [0.21831242179070148, 0.31983770829201935, 0.19901963738364148, 0.26283023253363824], [0.29146898529913334, 0.26098206712604427, 0.11986989665185901, 0.3276790509229631], [0.2878029098844403, 0.27197713035225135, 0.10031546050694883, 0.33990449925635957], [0.22596471623377842, 0.26097192422621823, 0.24096325295463222, 0.2721001065853712], [0.2982454296329398, 0.2727631297924289, 0.09519972816699097, 0.33379171240764044], [0.28247599431517967, 0.2754379988693365, 0.12396446917878749, 0.31812153763669615]]}, "rewritten": {"ids": ["97107681", "97107920", "97110950", "97111790", "97116500", "98107380", "98112580", "98113881", "98120530", "99107660", "99108310", "99109740", "99109910", "99110050", "99111620", "99111930", "99112840", "99117740", "100107920", "100109311", "100109360", "100109980", "100111380", "100111390", "100113210", "100113370", "101108370", "101108500", "101108580", "101108621", "101109120", "101110150", "101111140", "101112160", "101114990", "101115190", "101116130", "101119030", "101119591", "102108621", "102109010", "102109850", "102109910", "102110500", "102110750", "102111990", "102113210", "102113350", "102114270", "103111110", "103111540", "103111620", "103113640", "103120290", "104109311", "104110960", "104111711", "104113380", "104114230", "104116441", "104117630", "105112260", "105113170", "105115380", "105116441", "105116980", "106111321", "106113190", "106114280", "106114321", "106114880", "106116640", "106117650", "106119260", "107112850", "107113170", "107113200", "107113260", "107114200", "107115140", "107117630", "107119950", "107120010", "107121230", "108113620", "108114040", "108114220", "108114670", "108115970", "108116070", "108116501", "108117720", "108119550", "108120280", "108120621", "108121160", "109113881", "109113931", "109115070", "110113591", "110114720", "110114950", "110115120", "110115710", "110116170", "110116300", "110116441", "110118111", "110118301", "110120190", "110120560", "111115400", "111116010", "111116040", "111116110", "111116530", "111116640", "111116990", "111117200", "111117571", "111119430", "111119930", "111120540", "111120591", "112116990", "112118471", "112118550", "112118701", "112119450", "112119950", "112120990", "112121010", "112121360", "113119700", "113119950", "113120531", "113121220", "113121950", "113122150", "113122160", "113122190", "113122320"], "labels": [3, 0, 3, 2, 2, 1, 2, 3, 1, 3, 2, 3, 2, 3, 3, 1, 2, 2, 0, 1, 0, 1, 3, 2, 0, 3, 1, 3, 0, 0, 1, 1, 2, 3, 3, 1, 2, 3, 0, 3, 1, 1, 2, 3, 1, 2, 3, 3, 3, 3, 1, 0, 1, 2, 3, 2, 1, 1, 2, 1, 0, 3, 0, 1, 1, 0, 0, 0, 3, 2, 0, 3, 1, 1, 1, 0, 0, 0, 2, 0, 0, 3, 1, 0, 3, 0, 3, 3, 2, 1, 0, 1, 1, 3, 1, 2, 0, 1, 0, 0, 3, 0, 0, 2, 0, 3, 3, 1, 1, 3, 0, 0, 1, 0, 3, 3, 0, 0, 0, 3, 3, 1, 1, 1, 0, 1, 3, 0, 3, 0, 2, 2, 3, 0, 0, 0, 3, 3, 2, 3, 1, 1], "predicted_labels": [2, 0, 3, 3, 0, 3, 1, 0, 0, 0, 3, 1, 0, 3, 3, 1, 1, 1, 3, 3, 3, 0, 0, 3, 3, 1, 0, 1, 0, 3, 0, 3, 0, 2, 1, 1, 3, 0, 0, 0, 1, 1, 3, 3, 1, 0, 3, 0, 0, 3, 3, 0, 0, 2, 0, 0, 0, 0, 1, 0, 3, 1, 3, 3, 0, 0, 0, 3, 0, 0, 1, 3, 3, 0, 1, 0, 0, 3, 3, 3, 3, 3, 3, 3, 1, 3, 0, 0, 3, 0, 0, 0, 0, 3, 0, 0, 0, 0, 1, 0, 0, 0, 3, 3, 0, 3, 0, 0, 1, 0, 0, 0, 1, 3, 3, 1, 0, 0, 3, 0, 3, 0, 0, 3, 3, 3, 3, 3, 3, 3, 1, 0, 0, 0, 0, 0, 3, 3, 0, 1, 2, 0], "confidence_scores": [[0.22329519741816262, 0.2550593704851524, 0.26862865936677716, 0.2530167727299075], [0.30350541936141523, 0.26335321931390443, 0.09222480547508957, 0.340916555849591], [0.27825000713741355, 0.27751957176147546, 0.13198512229260068, 0.3122452988085103], [0.2912214335528339, 0.2584229011259089, 0.11115638208393522, 0.33919928323732185], [0.2731865834024456, 0.27587060636701666, 0.16918488855232125, 0.28175792167821645], [0.27774113799809913, 0.27993417776200574, 0.12858535910777685, 0.3137393251321183], [0.2343750408102668, 0.3051469506214115, 0.1835525097928038, 0.276925498775518], [0.260460776041938, 0.2857882724447372, 0.17295217053820416, 0.28079878097512084], [0.2966086898713603, 0.2822862566690975, 0.08011080639061274, 0.3409942470689298], [0.272225457423953, 0.2496726989764419, 0.16921448826619193, 0.3088873553334134], [0.2647446256774759, 0.2920144767274242, 0.13991164418292248, 0.3033292534121773], [0.19347102009984268, 0.32186445438674, 0.26311460657590235, 0.22154991893751494], [0.2591348328364451, 0.26652153379946253, 0.23361629231863532, 0.24072734104545698], [0.2397221539561922, 0.28191351512107776, 0.1876680003906527, 0.29069633053207744], [0.2690943193657535, 0.2811396556323979, 0.13892206198766352, 0.3108439630141848], [0.19365106431277074, 0.3231961198832854, 0.26199337013934904, 0.22115944566459467], [0.2364449895189317, 0.2995790182853471, 0.1924806672983201, 0.27149532489740125], [0.22897593485630832, 0.3046886981851976, 0.19249095220142076, 0.2738444147570735], [0.28601482624949076, 0.2798585251161475, 0.10220796106007982, 0.33191868757428195], [0.27646681802693096, 0.26476016806498404, 0.14352574691995862, 0.31524726698812633], [0.27245975885149887, 0.2592419171110067, 0.1530201487125083, 0.31527817532498587], [0.2727184279180394, 0.26981824810886196, 0.14382759903925937, 0.31363572493383945], [0.2889098375075156, 0.292228271937188, 0.08061774447846737, 0.338244146076829], [0.25700699893813855, 0.2906971631833226, 0.14809859366994388, 0.3041972442085948], [0.3045354268022248, 0.26611497089235475, 0.07596272068204526, 0.3533868816233752], [0.20745907443023498, 0.2859123938779859, 0.25196001828238623, 0.254668513409393], [0.30980076014862956, 0.24749052991400855, 0.07658702684645298, 0.3661216830909087], [0.2519844049318915, 0.29295689871049063, 0.17210028460705637, 0.28295841175056136], [0.28636326250030053, 0.23143054851001485, 0.17398612447606232, 0.3082200645136222], [0.25169959388079877, 0.2839191003797701, 0.155274373542701, 0.3091069321967301], [0.24214049533270066, 0.26432765008951903, 0.23441824467197456, 0.2591136099058058], [0.289910685771949, 0.2613352898706775, 0.11532625210354287, 0.3334277722538304], [0.2752512963359017, 0.2849820767629926, 0.1350668483477639, 0.304699778553342], [0.18700734982312248, 0.2668587981503797, 0.3146535057945895, 0.23148034623190808], [0.1911964860235302, 0.32898086499406987, 0.24225773717772345, 0.23756491180467637], [0.2195625045450374, 0.31106427753767923, 0.2422274291484255, 0.22714578876885796], [0.280846866208811, 0.2574480080974695, 0.13250289276579993, 0.3292022329279198], [0.283004112508713, 0.29252201248429754, 0.09542115006897925, 0.32905272493801], [0.2938414476608971, 0.27069499116253487, 0.1061117065988029, 0.3293518545777651], [0.30075722099618263, 0.2732453385820525, 0.0778989781872535, 0.3480984622345114], [0.2390093942601371, 0.3123822490653503, 0.1762049046576132, 0.27240345201689925], [0.2397803720098231, 0.3126183496159384, 0.23064822970268797, 0.2169530486715508], [0.2824645410923936, 0.24675881290750754, 0.12488194616608783, 0.3458946998340109], [0.2726680106528693, 0.2736084744955509, 0.13651193113652368, 0.3172115837150561], [0.20699855401884443, 0.3175914380886975, 0.24831637826073352, 0.22709362963172466], [0.2887740411625482, 0.2829211717294643, 0.10353331401456028, 0.32477147309342724], [0.2563201563799136, 0.2818803400285417, 0.1497564661478002, 0.3120430374437442], [0.27334037729690147, 0.2664026318233063, 0.16631737826690116, 0.2939396126128911], [0.2835733292094387, 0.2997975890888787, 0.08838019546720464, 0.32824888623447773], [0.27626807948038135, 0.27552494128876487, 0.11259873214222003, 0.33560824708863346], [0.2728135119885669, 0.2839337508426969, 0.13260684849521237, 0.3106458886735237], [0.26247454097902534, 0.28852373163090594, 0.1740116527809356, 0.274990074609133], [0.30207942612342253, 0.269733430640124, 0.0878636597695989, 0.34032348346685454], [0.1526095686899262, 0.29102295528691835, 0.4051297233784817, 0.15123775264467343], [0.295053845562125, 0.27645650351511164, 0.08349540145244011, 0.344994249470323], [0.28643492370973656, 0.27061803013185687, 0.15463371993627248, 0.28831332622213396], [0.2655770721593056, 0.2539014222199415, 0.18607551859382546, 0.2944459870269273], [0.2571058649892342, 0.2824181650364612, 0.16943059391341797, 0.29104537606088643], [0.2333523865640401, 0.29334241741096756, 0.20988615695668586, 0.2634190390683068], [0.29441032440394427, 0.28449661751027283, 0.07919651719767898, 0.34189654088810373], [0.26944458801037446, 0.27743936352981385, 0.1386107210146802, 0.3145053274451316], [0.2393127090982033, 0.3030726366004352, 0.17770689423556868, 0.27990776006579304], [0.28370077432213386, 0.27655770646944017, 0.09918715704218214, 0.3405543621662439], [0.2662033947086086, 0.27863496802487775, 0.15166858372921393, 0.3034930535372996], [0.26970198923454763, 0.2857479586749593, 0.14546334238509928, 0.2990867097053938], [0.2940574149049183, 0.25975393552972365, 0.12092706009137844, 0.3252615894739793], [0.2877781723341653, 0.28290173971177096, 0.10638159363487057, 0.32293849431919325], [0.27466924400393805, 0.278510919452941, 0.1268791471883441, 0.3199406893547769], [0.2577391718384129, 0.2694239736676646, 0.16713845578913458, 0.3056983987047878], [0.2616978304383871, 0.2660334254956532, 0.1628674900401253, 0.3094012540258341], [0.25157858603577604, 0.28716953457832195, 0.17554359234730718, 0.2857082870385948], [0.2809633505403237, 0.2578156823413265, 0.13809912503664698, 0.32312184208170297], [0.25512220698402305, 0.2927641895129016, 0.14721964409271135, 0.30489395941036396], [0.2709473268424539, 0.2781769271962041, 0.14710987204779283, 0.3037658739135494], [0.24015534987152745, 0.3125419274148485, 0.17296189860026237, 0.2743408241133616], [0.27405234365775993, 0.2926488955392747, 0.1202502467277098, 0.3130485140752557], [0.2997622302980918, 0.26342440260085465, 0.09670019375305873, 0.3401131733479951], [0.2764838948467661, 0.2685901589110607, 0.13269261448964015, 0.32223333175253316], [0.2848886026626563, 0.28646508347004035, 0.09719810676970078, 0.33144820709760253], [0.2814764238752526, 0.27361418877328475, 0.1068762635089161, 0.33803312384254636], [0.23316491773658946, 0.25743884055153204, 0.24002704915512638, 0.26936919255675196], [0.271477455491389, 0.2776620490657994, 0.12947283659950545, 0.321387658843306], [0.18542902248299334, 0.2869393996759946, 0.25528747758546544, 0.2723441002555469], [0.2608948431758582, 0.29964367772649325, 0.11962865228678796, 0.31983282681086067], [0.2586247547550002, 0.2890756659674001, 0.1653917515967638, 0.2869078276808356], [0.26386565445262333, 0.2860135159495966, 0.12998258102784854, 0.3201382485699315], [0.2798942482734445, 0.2719227673743118, 0.1734808401620255, 0.27470214419021843], [0.254828702604117, 0.2970321423662135, 0.17474255180506262, 0.27339660322460696], [0.27659655893757557, 0.2810650394037522, 0.11102911978160528, 0.3313092818770669], [0.2820176938987548, 0.2887345378358439, 0.1099268761017453, 0.3193208921636557], [0.28850319255641055, 0.27365607990264545, 0.09918778252767242, 0.33865294501327164], [0.27714647717784, 0.28696804614255406, 0.13153014151099596, 0.3043553351686104], [0.2695736065427708, 0.28420296929425204, 0.1439668765906822, 0.30225654757229475], [0.27682847431897073, 0.2737326246052893, 0.12329086227104427, 0.3261480388046957], [0.29731046003466005, 0.2797957411305103, 0.07939512690099663, 0.3434986719338331], [0.27907030534621813, 0.304045383447396, 0.10562107409821296, 0.3112632371081728], [0.2764986386643592, 0.28699900007651713, 0.11111449098708076, 0.3253878702720429], [0.2809929693915254, 0.28007511393466594, 0.11751110004721889, 0.32142081662658967], [0.2305079716280009, 0.3325286834148136, 0.1777820962494655, 0.2591812487077202], [0.2943571382353046, 0.277545492405779, 0.08681716240253533, 0.34128020695638095], [0.25362194341919814, 0.2808003170267462, 0.20269573173473307, 0.26288200781932275], [0.29450946259107347, 0.2760885225773145, 0.10017685858480595, 0.32922515624680604], [0.26385949096886036, 0.3070791440853399, 0.1151112117599398, 0.31395015318585995], [0.23222784116445896, 0.262195938490174, 0.20686972487132474, 0.29870649547404243], [0.2550960965860427, 0.2746360006007383, 0.15844053697178195, 0.311827365841437], [0.2621099760512543, 0.2891099027086233, 0.14829763487728986, 0.30048248636283253], [0.25793730781486146, 0.2862028067399136, 0.2002668031683474, 0.25559308227687766], [0.2938113993612697, 0.28503602887453094, 0.0844520554939651, 0.3367005162702344], [0.2428501682852737, 0.307225797217683, 0.1632127042130272, 0.28671133028401624], [0.29101268174554407, 0.2917800237227369, 0.0717612103663808, 0.3454460841653381], [0.28025273106930776, 0.28428796271731915, 0.12266201701609002, 0.31279728919728306], [0.27666620858900903, 0.27404635964348534, 0.16396341071905007, 0.2853240210484555], [0.2395989585493907, 0.31714194370313614, 0.16929592772997681, 0.2739631700174963], [0.2738792948888552, 0.26731737686801205, 0.13809466347578533, 0.3207086647673473], [0.2806641153626381, 0.262925214580166, 0.1302046357944693, 0.32620603426272676], [0.25482482039771526, 0.3189765747845719, 0.15018943768614373, 0.2760091671315693], [0.2569256239767908, 0.27743364791472624, 0.1910953903464042, 0.27454533776207884], [0.31081089545920404, 0.257466334752893, 0.0659649662390191, 0.3657578035488837], [0.2785976553665618, 0.2949741677403287, 0.09798483932772113, 0.3284433375653886], [0.29857539050887894, 0.27225647754265353, 0.08031363012816167, 0.34885450182030575], [0.22519456352614786, 0.28124038122864403, 0.2108700964273287, 0.2826949588178794], [0.2974938069089073, 0.2819720687241041, 0.08252552443787549, 0.3380085999291134], [0.2669003742774444, 0.27412383049538985, 0.16981251796453903, 0.2891632772626266], [0.29367824674344545, 0.27259204854509284, 0.08660614117108939, 0.34712356354037244], [0.3039329263686751, 0.2454803970371338, 0.10194892927410326, 0.3486377473200878], [0.26252372263413126, 0.26969479217434855, 0.16817376217539887, 0.2996077230161214], [0.2814594656580742, 0.2936228344296166, 0.10098106103552527, 0.3239366388767839], [0.2711128526176178, 0.2870392316625511, 0.11124909544295072, 0.33059882027688037], [0.31461478219203043, 0.2659947449842038, 0.04932104510536122, 0.37006942771840456], [0.3007256687332626, 0.2607934095752392, 0.08660091663997606, 0.35188000505152195], [0.2608426969590061, 0.3280309492174125, 0.11160068615919652, 0.2995256676643849], [0.2838563518659593, 0.2853122267680347, 0.10959929226398048, 0.3212321291020257], [0.2784187220614017, 0.3135972838930027, 0.10780514626300115, 0.3001788477825947], [0.2569215110192521, 0.2899925600970492, 0.1654812860681196, 0.28760464281557885], [0.30418706175364435, 0.27429073309878343, 0.06996453608430016, 0.35155766906327224], [0.28711468351971386, 0.29012845846360463, 0.09331404925675686, 0.3294428087599248], [0.2829715634590937, 0.2702169034201466, 0.11175340242000603, 0.3350581307007536], [0.23186546520828547, 0.24901705810136018, 0.2403432955650966, 0.27877418112525776], [0.2500953480626612, 0.2884174044669683, 0.176748596858992, 0.28473865061137843], [0.2173925294794762, 0.302166132479391, 0.19843049793848438, 0.28201084010264854], [0.19377396974186145, 0.28204716043084294, 0.3008295831862881, 0.22334928664100745], [0.289535519481381, 0.29041932698275097, 0.08887028511993139, 0.3311748684159364]]}}