{"test": {"ids": ["110114610", "106116120", "106118301", "110120540", "107114280", "106113170", "111120591", "112119930", "110121140", "113119340", "97107920", "109118231", "99112840", "107114780", "107113360", "109119010", "113121190", "106113830", "109115220", "105115250", "112118161", "97110950", "113117340", "104114320", "104114740", "104116441", "105115680", "100120010", "99111440", "112119500", "101114990", "109121640", "112118581", "108114270", "108114040", "112121010", "102110850", "105118740", "110120531", "103110220", "111119340", "108116070", "107113180", "110116290", "100115700", "107119130", "111117480", "107115250", "113122510", "113118231", "98110710", "105113620", "101119030", "109114720", "100120780", "105115380", "97106820", "105113440", "106115120", "110120700", "98109311", "100107920", "107116340", "99109780", "97116500", "99109141", "108121190", "110121170", "102113981", "99112300", "113117550", "113119930", "112116810", "111115910", "103111620", "103111830", "112120270", "112119950", "103112470", "112118620", "111114321", "110115710", "110118181", "102109840", "107118820", "112118930", "111115780", "97106770", "105121370", "113122320", "111121351", "97105760", "105115570", "111114941", "98108520", "103113101", "98121790", "108118301", "106117770", "112119980", "113118111", "112120630", "112121351", "103110760", "106116370", "99108000", "99117740", "112117790", "110115250", "108115500", "104117200", "112118421", "112118471", "97113900", "100116500", "110118121", "106116441", "111116100", "105117431", "111115770", "98108970", "99108080", "101108290", "99108460", "112120540", "99110730", "111116290", "111121410", "107114950", "113121950", "106114321", "97108520", "113122190", "107119390", "113121220", "112116610", "108117360", "99120010", "110118161", "107114200", "107116980", "110115890"], "labels": [1, 1, 1, 1, 3, 0, 1, 1, 3, 0, 0, 1, 2, 2, 0, 3, 1, 1, 3, 2, 0, 3, 2, 2, 2, 1, 2, 0, 3, 2, 3, 0, 1, 3, 0, 2, 3, 1, 0, 2, 3, 1, 3, 2, 1, 1, 1, 2, 2, 3, 2, 0, 3, 0, 1, 1, 1, 0, 1, 2, 1, 0, 3, 2, 2, 3, 1, 2, 1, 0, 3, 1, 3, 2, 0, 3, 0, 0, 1, 3, 1, 2, 1, 2, 3, 1, 1, 3, 2, 1, 0, 0, 0, 0, 2, 3, 2, 1, 0, 0, 1, 3, 0, 1, 2, 2, 2, 3, 1, 3, 3, 3, 1, 2, 2, 3, 0, 3, 1, 3, 3, 3, 0, 0, 3, 3, 2, 0, 3, 3, 2, 2, 1, 2, 3, 1, 1, 2, 0, 2, 3, 2], "predicted_labels": [1, 2, 0, 2, 3, 0, 0, 2, 0, 3, 0, 1, 3, 1, 0, 1, 3, 0, 3, 1, 1, 0, 3, 0, 3, 3, 1, 0, 3, 3, 0, 1, 1, 1, 3, 1, 1, 1, 0, 1, 3, 3, 3, 0, 0, 1, 0, 3, 3, 1, 3, 3, 2, 1, 1, 3, 3, 1, 1, 0, 0, 0, 0, 2, 0, 0, 1, 3, 3, 1, 3, 3, 0, 2, 1, 3, 3, 3, 0, 3, 1, 1, 0, 1, 1, 3, 1, 2, 1, 1, 0, 0, 1, 3, 0, 0, 2, 3, 3, 1, 1, 3, 3, 3, 3, 1, 1, 3, 3, 1, 2, 1, 0, 3, 1, 1, 1, 0, 1, 0, 1, 1, 0, 1, 1, 2, 0, 1, 0, 0, 3, 2, 1, 3, 1, 0, 0, 3, 3, 1, 1, 2], "confidence_scores": [[0.26802027830152997, 0.30744194296111144, 0.14655406877659974, 0.2779837099607591], [0.23097672579141681, 0.22680675269688563, 0.353477059210034, 0.1887394623016638], [0.41126808489552413, 0.25032811067383887, 0.10194803552989148, 0.2364557689007457], [0.1714122964953995, 0.3089196632464477, 0.3347317862899023, 0.18493625396825056], [0.13715707278291314, 0.2522034857150592, 0.22623614642269735, 0.38440329507933035], [0.2864858413241315, 0.2747463214361353, 0.19197056778761903, 0.24679726945211405], [0.39470696524548815, 0.14331529335266607, 0.1633144821372963, 0.2986632592645494], [0.1755463584864552, 0.17569458385749778, 0.43256469038960754, 0.2161943672664396], [0.41250402938762276, 0.23118835991624645, 0.07512963435501697, 0.2811779763411139], [0.1612657599905909, 0.2496037843094039, 0.0934750142272936, 0.49565544147271146], [0.4076183513200267, 0.1867880632118652, 0.08149550865325088, 0.3240980768148572], [0.250627039565167, 0.2883148536363154, 0.20437279266110916, 0.25668531413740825], [0.23081686908691257, 0.2127985202600939, 0.20323616072794737, 0.3531484499250462], [0.16052748701029312, 0.4524932302750124, 0.18762610715274958, 0.19935317556194496], [0.6187413465374597, 0.22139039960409906, 0.0426496217938932, 0.1172186320645481], [0.2692414456367513, 0.3230675693560936, 0.11141939661987504, 0.29627158838728], [0.16672497883820636, 0.19395161296870075, 0.2316989243505648, 0.40762448384252803], [0.5367639645650595, 0.1413205643920114, 0.1255940791532037, 0.19632139188972536], [0.27460906570358856, 0.2180113689991885, 0.13170905040868436, 0.3756705148885386], [0.21981452646461305, 0.3833005547960001, 0.1268263360212487, 0.2700585827181382], [0.2914063930195603, 0.29931862865630726, 0.14580257151229445, 0.26347240681183814], [0.3318158376438123, 0.2590361768661309, 0.16413254698504512, 0.24501543850501167], [0.08677977180933337, 0.16002874456095015, 0.04355964018488748, 0.709631843444829], [0.29640699899557915, 0.29071080194327015, 0.16125448464111652, 0.2516277144200341], [0.28358113817514885, 0.23482824423157714, 0.12991062534006176, 0.3516799922532123], [0.20272978340351716, 0.31355157089088304, 0.09628920808248846, 0.3874294376231113], [0.15256623212330037, 0.42748123570752156, 0.15109665888530913, 0.2688558732838689], [0.37638676435434393, 0.24058246964777538, 0.16124065253845202, 0.2217901134594288], [0.1468858218988774, 0.2811151283761641, 0.13740106185447357, 0.43459798787048504], [0.21185899526578317, 0.2647788646483982, 0.1414053065949454, 0.3819568334908732], [0.4525876487258138, 0.2507008712777043, 0.14859924476154762, 0.14811223523493441], [0.2928236060857198, 0.42365461474466065, 0.08330856429404272, 0.20021321487557675], [0.2304541723670477, 0.4910135158872387, 0.08147860134992838, 0.19705371039578523], [0.276039792196424, 0.32695485194914714, 0.1207284025821058, 0.2762769532723232], [0.1979155900857557, 0.24283860565809148, 0.2010744265140895, 0.3581713777420635], [0.2253588116874175, 0.4033438796508726, 0.1773596409135492, 0.19393766774816065], [0.1657267388455617, 0.4872059456223219, 0.07864103501882125, 0.2684262805132951], [0.14753314548766447, 0.443967106509591, 0.2563499871367622, 0.15214976086598253], [0.357946256629005, 0.21429710345065855, 0.10512909102288544, 0.32262754889745104], [0.13173273358111828, 0.48412430331788875, 0.15073078252821895, 0.23341218057277402], [0.1241107763615915, 0.3125746296505698, 0.22332521639409134, 0.3399893775937474], [0.22349561298685, 0.19369435263398702, 0.227302165731378, 0.35550786864778505], [0.19122425384094122, 0.3128288739829145, 0.17325575363601903, 0.3226911185401254], [0.44014681173395853, 0.1867286508736112, 0.0856771174320395, 0.2874474199603909], [0.37072219230447917, 0.3180054009595411, 0.10350644429958715, 0.20776596243639273], [0.07173216443421492, 0.7680628290765776, 0.05444739747524426, 0.1057576090139631], [0.32367275098312287, 0.31775244466643404, 0.13188321974240957, 0.22669158460803343], [0.12463058724080654, 0.11876225105169616, 0.1594712418105228, 0.5971359198969747], [0.22531999297074135, 0.20339836863531993, 0.16541116654662802, 0.4058704718473107], [0.2906704598765157, 0.325877345657119, 0.13355329910395666, 0.24989889536240878], [0.0931342898709901, 0.32204586461574436, 0.14065435212357214, 0.44416549338969347], [0.2156436798850578, 0.27634426098028464, 0.1640713421477389, 0.34394071698691875], [0.1684785474924273, 0.261217035175456, 0.4069102263320398, 0.1633941910000768], [0.1303883346466881, 0.4460686090241961, 0.11403379016559925, 0.30950926616351654], [0.16765781031190408, 0.42611833721034886, 0.18129248050339192, 0.22493137197435512], [0.12552600352970958, 0.1524360687959521, 0.10660896836096144, 0.6154289593133768], [0.14887813773792485, 0.27478793623387116, 0.07789968481043012, 0.4984342412177739], [0.23166852005469682, 0.3442648511937948, 0.08703486025269519, 0.33703176849881317], [0.20740456759048576, 0.3556974872338143, 0.15633366954833208, 0.280564275627368], [0.36622023420502076, 0.24327080763558062, 0.0943291816886767, 0.2961797764707219], [0.31286239302031027, 0.2977538369909555, 0.09982007341526886, 0.2895636965734653], [0.32534363817667816, 0.2597261439610737, 0.13524810917996383, 0.27968210868228455], [0.37540493634328687, 0.2517891672212854, 0.09792002580780479, 0.27488587062762304], [0.17050278980609498, 0.24087440762571405, 0.3947288919393003, 0.1938939106288906], [0.3027116165065828, 0.26529758158119704, 0.15948516245480276, 0.27250563945741735], [0.38053756112148346, 0.19944048362903666, 0.17265779651471172, 0.24736415873476825], [0.25649253080864665, 0.3673753083818044, 0.1403185680213278, 0.2358135927882213], [0.2450750987690293, 0.2796920453560914, 0.1517186765129389, 0.3235141793619406], [0.24109106325509372, 0.1647529960895649, 0.15994771902644705, 0.4342082216288942], [0.2269453439876235, 0.3154009223239307, 0.14751964687453434, 0.31013408681391125], [0.2568788288451764, 0.24512274733715864, 0.22087465210810203, 0.27712377170956315], [0.28474931480655635, 0.2862343000362267, 0.09556725486983957, 0.33344913028737744], [0.31508567857096, 0.249002099700658, 0.16100321030412157, 0.27490901142426033], [0.25022245541488103, 0.23759120714841367, 0.25783543959195143, 0.25435089784475384], [0.2418957938393178, 0.36973698240520725, 0.13733383378748723, 0.2510333899679878], [0.24087422644932477, 0.16852151895481307, 0.08376747896762296, 0.5068367756282394], [0.34620765676752446, 0.15402521973945751, 0.0544293890474704, 0.4453377344455477], [0.30168294145282304, 0.18802810737188216, 0.08494460006476137, 0.42534435111053337], [0.427914482867618, 0.220346845205451, 0.17616925672876482, 0.17556941519816624], [0.2301543593656323, 0.2996144245784821, 0.13114880732617146, 0.3390824087297142], [0.2205218075225422, 0.34974873709178067, 0.1238849753276416, 0.3058444800580357], [0.16709449046403074, 0.36368936283756836, 0.13454210305985034, 0.3346740436385504], [0.383455757542394, 0.298166858087814, 0.08325032312599683, 0.2351270612437951], [0.1376317949156796, 0.5254934918999163, 0.09852302772359132, 0.23835168546081273], [0.2186115307874083, 0.4473493143738236, 0.09388003377910252, 0.2401591210596656], [0.31689453826480746, 0.2559933278443427, 0.10925881946613117, 0.3178533144247188], [0.29190138150026207, 0.3247594724361115, 0.08867031364753315, 0.2946688324160931], [0.14710710631360424, 0.20245216636911184, 0.5157769299987774, 0.13466379731850653], [0.21045215373547155, 0.2892565820712217, 0.2739312385203058, 0.2263600256730011], [0.2519711736825449, 0.49452179741505525, 0.09106427537203912, 0.1624427535303608], [0.29672447996947626, 0.2425398306398972, 0.20790884382894068, 0.2528268455616859], [0.35957082479331187, 0.24307480577130325, 0.12022794253593604, 0.27712642689944894], [0.1467305558854406, 0.5648821659966673, 0.09341822062988704, 0.19496905748800503], [0.19948575239131694, 0.3033422661280955, 0.13718998403213326, 0.3599819974484544], [0.31758290153284174, 0.22145801667242315, 0.2207505227529497, 0.24020855904178537], [0.34573207870525446, 0.3274829328315031, 0.13894728395607556, 0.187837704507167], [0.19417996896502712, 0.2701216113207128, 0.28584732607535607, 0.24985109363890398], [0.32039916503112154, 0.2655480684342866, 0.08812644275923218, 0.3259263237753598], [0.13099730641964483, 0.2664292581887808, 0.12377030967436146, 0.4788031257172128], [0.24123380378257284, 0.32852748739176846, 0.1388019414061741, 0.2914367674194846], [0.2535857829392214, 0.28870413807321416, 0.19592030792403997, 0.26178977106352463], [0.3486887120744349, 0.12655333883521425, 0.08339108719681537, 0.44136686189353547], [0.25017600341010887, 0.20437433262035154, 0.23618022270123626, 0.3092694412683034], [0.3712731161568214, 0.14430251576227768, 0.07857825889707268, 0.4058461091838284], [0.29427257182874134, 0.2852398983744399, 0.12045274713173547, 0.3000347826650832], [0.18025459410983646, 0.34195939530710295, 0.18028589864571679, 0.297500111937344], [0.28085294046966175, 0.3714759140495129, 0.11790617720849181, 0.2297649682723335], [0.3262391565711495, 0.23322660033542422, 0.10472242978932128, 0.335811813304105], [0.2949909904646464, 0.29464873947004705, 0.09156530868180623, 0.3187949613835004], [0.2414441438012167, 0.44350999700529453, 0.0818722926546597, 0.2331735665388291], [0.21851102391823304, 0.259074552343494, 0.28332734207549903, 0.23908708166277398], [0.19315846468573483, 0.5343018796741489, 0.06996640955114329, 0.20257324608897284], [0.3646136998837336, 0.2678013746048876, 0.0988107537236087, 0.26877417178777024], [0.23881518052168305, 0.2644035040846997, 0.16385341506130255, 0.3329279003323149], [0.23958030136805666, 0.4197744372510138, 0.15243003150548365, 0.18821522987544598], [0.24004491323676022, 0.43847514295931095, 0.14181461378193874, 0.17966533002199014], [0.23627507902397563, 0.41384516418441736, 0.08719206687732725, 0.2626876899142797], [0.3188436418732898, 0.28327129378513627, 0.09566839326781411, 0.3022166710737598], [0.21123261459307846, 0.4272859895369342, 0.07903963459258832, 0.28244176127739906], [0.4454728457836777, 0.21483345115525745, 0.10271105024076269, 0.23698265282030204], [0.13075959678441773, 0.4741008990979137, 0.17789668300268943, 0.21724282111497906], [0.139159602058618, 0.5110306343505852, 0.21693178772325364, 0.1328779758675433], [0.40521635284849544, 0.17984791918649026, 0.11576571116937241, 0.2991700167956419], [0.19039208434596214, 0.3117268755222103, 0.30816708061687664, 0.18971395951495099], [0.2507037519467973, 0.30055315818993783, 0.20432944809200926, 0.2444136417712556], [0.17113640542528608, 0.21438686101912077, 0.37787338563376416, 0.23660334792182905], [0.4345214527020055, 0.25588267697606115, 0.13546461935653503, 0.17413125096539858], [0.1740275481173497, 0.5058056517445224, 0.05542069360317059, 0.26474610653495734], [0.28767883093561214, 0.2790046438136389, 0.23225534182708787, 0.2010611834236611], [0.4556821277205698, 0.21086018595703412, 0.10760390031026323, 0.2258537860121328], [0.3402437539204995, 0.22583688878593458, 0.07406445738278651, 0.3598548999107794], [0.27988058682180234, 0.20520248711436573, 0.3067046460166316, 0.2082122800472004], [0.25557305854704315, 0.3443745674384452, 0.09817832054493508, 0.3018740534695763], [0.15601090441725132, 0.325033642095466, 0.11108413820666364, 0.40787131528061904], [0.2791022232013188, 0.35820174538133603, 0.11027252831365289, 0.2524235031036924], [0.38353470420999236, 0.2506312019921372, 0.08650909578803395, 0.2793249980098367], [0.3668120062226079, 0.1565384010455557, 0.132971233059973, 0.3436783596718635], [0.2641296642252161, 0.246391380955579, 0.1747608970566723, 0.31471805776253253], [0.20087434149293856, 0.32607414568234105, 0.07770580422198049, 0.39534570860274004], [0.1771763276804761, 0.4141854994333048, 0.1692799965625221, 0.23935817632369707], [0.2366000695382212, 0.4423212865730352, 0.10270963357956303, 0.21836901030918052], [0.1294768234567788, 0.3127580292088263, 0.4186657578084945, 0.13909938952590062]]}, "rewritten": {"ids": ["97105760", "97106770", "97106820", "97107920", "97108520", "97110950", "97113900", "97116500", "98108520", "98108970", "98109311", "98110710", "98121790", "99108000", "99108080", "99108460", "99109141", "99109780", "99110730", "99111440", "99112300", "99112840", "99117740", "99120010", "100107920", "100115700", "100116500", "100120010", "100120780", "101108290", "101114990", "101119030", "102109840", "102110850", "102113981", "103110220", "103110760", "103111620", "103111830", "103112470", "103113101", "104114320", "104114740", "104116441", "104117200", "105113440", "105113620", "105115250", "105115380", "105115570", "105115680", "105117431", "105118740", "105121370", "106113170", "106113830", "106114321", "106115120", "106116120", "106116370", "106116441", "106117770", "106118301", "107113180", "107113360", "107114200", "107114280", "107114780", "107114950", "107115250", "107116340", "107116980", "107118820", "107119130", "107119390", "108114040", "108114270", "108115500", "108116070", "108117360", "108118301", "108121190", "109114720", "109115220", "109118231", "109119010", "109121640", "110114610", "110115250", "110115710", "110115890", "110116290", "110118121", "110118161", "110118181", "110120531", "110120540", "110120700", "110121140", "110121170", "111114321", "111114941", "111115770", "111115780", "111115910", "111116100", "111116290", "111117480", "111119340", "111120591", "111121351", "111121410", "112116610", "112116810", "112117790", "112118161", "112118421", "112118471", "112118581", "112118620", "112118930", "112119500", "112119930", "112119950", "112119980", "112120270", "112120540", "112120630", "112121010", "112121351", "113117340", "113117550", "113118111", "113118231", "113119340", "113119930", "113121190", "113121220", "113121950", "113122190", "113122320", "113122510"], "labels": [0, 3, 1, 0, 2, 3, 2, 2, 2, 3, 1, 2, 2, 2, 3, 0, 3, 2, 3, 3, 0, 2, 2, 2, 0, 1, 2, 0, 1, 0, 3, 3, 2, 3, 1, 2, 1, 0, 3, 1, 3, 2, 2, 1, 3, 0, 0, 2, 1, 0, 2, 1, 1, 2, 0, 1, 2, 1, 1, 2, 0, 0, 1, 3, 0, 2, 3, 2, 3, 2, 3, 3, 3, 1, 2, 0, 3, 3, 1, 1, 1, 1, 0, 3, 1, 3, 0, 1, 1, 2, 2, 2, 3, 0, 1, 0, 1, 2, 3, 2, 1, 0, 3, 1, 2, 3, 2, 1, 3, 1, 0, 0, 1, 3, 3, 0, 3, 1, 1, 3, 1, 2, 1, 0, 0, 0, 3, 3, 2, 0, 2, 3, 1, 3, 0, 1, 1, 3, 3, 1, 1, 2], "predicted_labels": [1, 2, 3, 3, 0, 1, 3, 3, 0, 1, 0, 3, 2, 1, 1, 1, 0, 2, 2, 3, 0, 1, 1, 2, 0, 1, 0, 2, 1, 3, 1, 2, 1, 3, 0, 1, 3, 1, 3, 0, 1, 1, 3, 3, 1, 0, 3, 1, 0, 1, 3, 1, 3, 1, 0, 0, 3, 1, 0, 3, 0, 3, 0, 1, 3, 1, 1, 1, 0, 2, 0, 1, 0, 1, 1, 3, 3, 0, 2, 0, 3, 1, 1, 1, 1, 0, 0, 1, 1, 3, 2, 0, 0, 0, 0, 3, 0, 3, 0, 3, 3, 3, 3, 1, 0, 1, 0, 3, 1, 0, 0, 3, 0, 0, 1, 0, 3, 1, 1, 1, 3, 3, 1, 3, 3, 3, 0, 3, 1, 1, 3, 0, 3, 0, 3, 0, 3, 0, 0, 0, 1, 3], "confidence_scores": [[0.3648560996449889, 0.38134507567372167, 0.0770151724030305, 0.17678365227825896], [0.12659421873550206, 0.1794287548918667, 0.5975149526675683, 0.09646207370506318], [0.14674535477294262, 0.3382476064558887, 0.0757010426351525, 0.43930599613601623], [0.3201228231938762, 0.2446546942975372, 0.08744881295011692, 0.3477736695584697], [0.31812564965379414, 0.19847690640179344, 0.22724403504136967, 0.25615340890304283], [0.2986943409877998, 0.30520822066957665, 0.23854662456420436, 0.1575508137784192], [0.24775043462920132, 0.2772407909127694, 0.19576221629336835, 0.27924655816466093], [0.26624392399836205, 0.19116118714922303, 0.20946755302788078, 0.3331273358245343], [0.4888203200764118, 0.24555828632643206, 0.10532993506283196, 0.16029145853432425], [0.17204602424092513, 0.6418680255486041, 0.07578230564844081, 0.11030364456203008], [0.3573425077817172, 0.23773879045126894, 0.0999177510785372, 0.3050009506884767], [0.09347384543529624, 0.29379831923406013, 0.14680793846594825, 0.46591989686469526], [0.1546067360370688, 0.2646811389199973, 0.3226713485977858, 0.25804077644514833], [0.173830374265877, 0.3388426551793287, 0.21550086971389112, 0.2718261008409032], [0.1754401360285127, 0.3620437609429993, 0.26564903622825353, 0.1968670668002346], [0.22176199082804285, 0.4238333786491212, 0.10044222602728714, 0.25396240449554874], [0.3616567061631651, 0.23149290844789663, 0.18148608354731632, 0.22536430184162207], [0.15921870298363147, 0.17647836377559192, 0.5801014119421952, 0.08420152129858141], [0.15469482686773586, 0.22452066200714738, 0.37299721643741385, 0.247787294687703], [0.16532897895514106, 0.29840706389558225, 0.11660494426415009, 0.41965901288512675], [0.3361009114634965, 0.33250736531640535, 0.1427036020795759, 0.1886881211405224], [0.25428389009496477, 0.3467138637921764, 0.21853391646609122, 0.18046832964676768], [0.22235819076453625, 0.3329977869746239, 0.15006102577024977, 0.2945829964905899], [0.25454008389151145, 0.10379335247734098, 0.45189152906808366, 0.189775034563064], [0.395497924898577, 0.23271846508382318, 0.12118430549127847, 0.25059930452632134], [0.19822506690849304, 0.5488088835774961, 0.09529438739284857, 0.1576716621211622], [0.35985479963677053, 0.29504614147477604, 0.13995047451442633, 0.2051485843740273], [0.22239021359313538, 0.2059252580940878, 0.524671048364342, 0.047013479948434786], [0.19891574355096905, 0.39621001764664115, 0.16697924043710624, 0.2378949983652835], [0.32276717453801895, 0.23502412104525364, 0.1022560694722631, 0.3399526349444643], [0.10663932048059989, 0.5369840053915802, 0.22830550047399528, 0.12807117365382467], [0.1604881527495753, 0.2488283527249313, 0.38761178518514916, 0.20307170934034433], [0.22104993611422485, 0.38539243531352974, 0.1585276188324016, 0.2350300097398437], [0.3248682033621704, 0.15534135133718924, 0.11589252582508602, 0.4038979194755543], [0.3364724424813629, 0.2299332138318367, 0.13307285944863415, 0.30052148423816627], [0.23687205664249175, 0.2752631270551681, 0.24700456083280523, 0.24086025546953496], [0.2459145864854473, 0.16280934057872026, 0.08338525168770138, 0.5078908212481311], [0.236783188266692, 0.3596933107321234, 0.15930927456782148, 0.2442142264333633], [0.2823980227436936, 0.18012351505557564, 0.11854667108787847, 0.41893179111285234], [0.4128175921703498, 0.1389700620459807, 0.2574745684997071, 0.19073777728396243], [0.23142615437217268, 0.44212794953877693, 0.1038869106453683, 0.2225589854436822], [0.20008139488985205, 0.3469030901409963, 0.25244328915321756, 0.20057222581593395], [0.27354199191217726, 0.2496780704755094, 0.12392574221251176, 0.3528541953998016], [0.20146137879079237, 0.3356010150523499, 0.08224706740284242, 0.38069053875401526], [0.2516530854567632, 0.32710254736282063, 0.1372015708070991, 0.2840427963733171], [0.3469910239792391, 0.21902332669525387, 0.15010524535248565, 0.28388040397302133], [0.1841909206121236, 0.2477383337544029, 0.19228819601937833, 0.3757825496140953], [0.22738274072838932, 0.43875069133942135, 0.12348383713466372, 0.21038273079752567], [0.3722468788146364, 0.13790468140273193, 0.18489217264547894, 0.3049562671371528], [0.14597035583568785, 0.5535182515980362, 0.11448535384818093, 0.18602603871809506], [0.21967334398471539, 0.24866534084881317, 0.2354324368393782, 0.29622887832709327], [0.2580940192689382, 0.30423321465086367, 0.15991629502566235, 0.2777564710545357], [0.24002208429131577, 0.2706078301904115, 0.18362232576658946, 0.3057477597516833], [0.1470883971391641, 0.5045241864379548, 0.10910335470450602, 0.23928406171837496], [0.2729538422427969, 0.261768832035298, 0.2082571479071612, 0.25702017781474407], [0.4508716433004956, 0.16541317510363196, 0.19226249811406615, 0.19145268348180616], [0.2636991638262852, 0.2232329431694842, 0.0769277090384045, 0.436140183965826], [0.20176842253663974, 0.3460315350485341, 0.15208535790982378, 0.30011468450500217], [0.26084935751289395, 0.241757584390477, 0.2511832620209442, 0.24620979607568502], [0.2833190780143355, 0.22413068544835985, 0.19831642398817148, 0.29423381254913317], [0.3308397842420353, 0.2792262791542141, 0.10080652790259315, 0.28912740870115744], [0.12220078272439212, 0.1715918374680747, 0.1782616788418982, 0.527945700965635], [0.4933042249463185, 0.19130248023246474, 0.09558310019569306, 0.2198101946255237], [0.1976747235680535, 0.40353206463505725, 0.12733169543038667, 0.2714615163665026], [0.3001223854602524, 0.2100620776563421, 0.1748951109470227, 0.31492042593638275], [0.14379213788261275, 0.40863882818362457, 0.24027497004628723, 0.20729406388747554], [0.15925197533639907, 0.35792211781212835, 0.24261253665456475, 0.24021337019690792], [0.17021765892395727, 0.4806640654306478, 0.1411293972302943, 0.20798887841510055], [0.33587323233548444, 0.20958890146471007, 0.23889261470873543, 0.2156452514910701], [0.11537340506915426, 0.1322828884587092, 0.478124196734914, 0.27421950973722264], [0.3263221073196514, 0.17656713972726132, 0.2640030377688976, 0.23310771518418982], [0.19141700498626843, 0.35821951613621206, 0.20572844111747762, 0.244635037760042], [0.2941189360693541, 0.28120359374565773, 0.16928940732302875, 0.2553880628619595], [0.16821762602894647, 0.5731512803948865, 0.09427146101720667, 0.16435963255896036], [0.18051100667119896, 0.3523127284610589, 0.1950491850162896, 0.27212707985145274], [0.17034035097967581, 0.32147597605739126, 0.1551909501706933, 0.3529927227922397], [0.2539795626903733, 0.282116868054606, 0.11108016944996017, 0.3528233998050606], [0.3320975029817221, 0.22583965208589618, 0.13375906588758762, 0.30830377904479417], [0.13441522923158003, 0.22582229580758148, 0.46556586455802834, 0.17419661040281012], [0.34944132287479635, 0.18516665533081875, 0.1412209484689817, 0.3241710733254033], [0.18918107124124245, 0.30053383413387563, 0.11496096099095726, 0.39532413363392466], [0.19949897847240608, 0.43315399039183294, 0.17333874089765786, 0.1940082902381032], [0.21547111086640924, 0.3403865968369691, 0.19454974342786763, 0.24959254886875415], [0.2630966290747902, 0.32172129073182076, 0.25790253953823256, 0.15727954065515648], [0.20841107418989502, 0.4489467156369164, 0.15188268971761296, 0.19075952045557568], [0.4615738743166197, 0.18474209390619614, 0.17872853751155382, 0.17495549426563028], [0.4670608210740748, 0.19989984377927486, 0.169565470774715, 0.16347386437193523], [0.20783119332244876, 0.3412734803507975, 0.1841214794884684, 0.26677384683828537], [0.2889921324116602, 0.3092223227324806, 0.15501265392851493, 0.24677289092734436], [0.17427432951719957, 0.30464742443236464, 0.14032320717143398, 0.38075503887900186], [0.12002855167669796, 0.36940116584334715, 0.3775693201533435, 0.1330009623266114], [0.39655246807982114, 0.295310980474252, 0.10355071902429568, 0.20458583242163128], [0.32604793606856025, 0.25892861542495815, 0.16207004782952975, 0.25295340067695177], [0.39465989904576376, 0.3127268634943703, 0.10402480796560244, 0.18858842949426358], [0.4443053933732415, 0.2359009787374176, 0.10712490675731834, 0.2126687211320225], [0.23240121839144584, 0.2521446234654682, 0.11507341181330637, 0.4003807463297797], [0.39685968302665237, 0.31645735038539025, 0.13871590141616477, 0.1479670651717927], [0.2648247630672169, 0.22639478538229826, 0.24276864771555942, 0.2660118038349254], [0.4194578871240407, 0.24972210545671789, 0.0646653426567204, 0.26615466476252114], [0.2635351011860136, 0.10268492317980182, 0.12495789573869076, 0.5088220798954939], [0.30187949410544196, 0.250929967363598, 0.11535329976554007, 0.3318372387654199], [0.23684433439729566, 0.2774844400845655, 0.10087982550734896, 0.38479140001078976], [0.2819037827321141, 0.27685070111068616, 0.15424915847307874, 0.286996357684121], [0.2926059623841615, 0.3580456063457853, 0.13046903568307774, 0.21887939558697553], [0.3184987125732229, 0.2706751367240113, 0.11084832381844618, 0.2999778268843198], [0.264488834192342, 0.3676321031327562, 0.12952003348491253, 0.23835902918998922], [0.34139112050536474, 0.2836886006358178, 0.2587713461410255, 0.11614893271779214], [0.2447428595421722, 0.2150488248731294, 0.22979973541337725, 0.31040858017132106], [0.08453811670431577, 0.49688356829516406, 0.14099609578588532, 0.27758221921463494], [0.3985542477177956, 0.17698828752501924, 0.08049622452155523, 0.34396124023563], [0.3378027682621214, 0.1968521235408846, 0.20845496414643694, 0.2568901440505571], [0.2482830036646941, 0.30094504382374354, 0.07802837225555041, 0.37274358025601206], [0.38159284931100984, 0.18608929592888163, 0.09557665343269463, 0.3367412013274139], [0.5645779375028098, 0.11799002593071954, 0.09671210373761603, 0.22071993282885452], [0.24280727880843175, 0.3304141221373081, 0.14789674877458267, 0.27888185027967743], [0.42381255512105637, 0.2377741605020251, 0.09762995952204795, 0.24078332485487047], [0.25631951889441346, 0.19404849373578315, 0.13297248145194202, 0.4166595059178615], [0.18969479772060077, 0.45261119714286696, 0.10915081360076678, 0.24854319153576543], [0.12706811290687253, 0.5911449921012907, 0.13274265537848387, 0.14904423961335292], [0.19735074618570816, 0.40475885746992357, 0.1598161737859877, 0.23807422255838065], [0.2725313531879813, 0.17208124547316964, 0.1006004170624129, 0.4547869842764363], [0.19905324190115029, 0.20801505517456256, 0.18138080494446426, 0.41155089797982286], [0.21231878622921072, 0.28209590508823, 0.24567650352330772, 0.2599088051592516], [0.1979511211033683, 0.12361444233604087, 0.30363228911557244, 0.37480214744501844], [0.19153046349679168, 0.33397585724418877, 0.11313038198487815, 0.36136329727414157], [0.16490006541207808, 0.2712566725948948, 0.07177716309518468, 0.49206609889784264], [0.408636083627477, 0.24119036458305407, 0.12532880691933854, 0.22484474487013048], [0.37717628876999804, 0.1078549689165629, 0.11014058864952697, 0.40482815366391206], [0.16176206702399565, 0.4542203091376302, 0.16665620176243115, 0.21736142207594294], [0.1569737658480569, 0.4062643396600348, 0.1853212363769404, 0.2514406581149682], [0.05513763100597225, 0.11913194714143478, 0.04007561578240503, 0.785654806070188], [0.2805981175881463, 0.2409973170991973, 0.22007676152580988, 0.25832780378684667], [0.3221785861155142, 0.24228911718492924, 0.10576403706013636, 0.32976825963942014], [0.33934069791750743, 0.21271187191831495, 0.1484560976975162, 0.2994913324666614], [0.281181243556227, 0.23139095181566127, 0.17617474091459026, 0.31125306371352157], [0.35976768019638156, 0.3411137263867695, 0.09153325120357489, 0.20758534221327402], [0.2681870608316145, 0.3062192169806097, 0.09223969961952364, 0.3333540225682521], [0.3290626518188466, 0.2952768454727117, 0.11960721553648233, 0.25605328717195946], [0.3555055407508804, 0.1916220287567867, 0.12479678192326056, 0.32807564856907256], [0.3179338714804871, 0.28238510300978814, 0.16110016090364992, 0.23858086460607492], [0.2289145012307499, 0.3129350412307578, 0.16446020152158822, 0.293690256016904], [0.22973607475265329, 0.28361792384337986, 0.16034152050763223, 0.32630448089633474]]}}