{"test": {"ids": ["104117630", "105116090", "109117080", "103110220", "111115770", "105113260", "103113260", "98108150", "113121980", "113117340", "111116411", "105113330", "105117200", "103109791", "103113270", "106114011", "108119330", "110121500", "108115500", "112120290", "97118210", "111119290", "101112160", "97112300", "104114240", "113117401", "112116451", "103110760", "110117200", "110121140", "106119580", "105121370", "108115570", "105116441", "105115900", "107112850", "111119610", "98108520", "109121410", "111120190", "108114670", "113122190", "111118820", "112116810", "111119300", "112121030", "103111480", "106115250", "111120320", "105116501", "112117580", "112120640", "109116040", "99111000", "104111531", "103111620", "108117360", "110116300", "99108580", "112119610", "101108500", "104116800", "111119150", "99105921", "97105760", "104112201", "111114321", "112116850", "105118230", "103110840", "110118450", "112120700", "111115780", "111116110", "112116501", "108115250", "102109910", "108118301", "106116120", "113117630", "113121750", "100109801", "111117200", "105113480", "113119700", "97107920", "112118511", "108117451", "99112531", "97110950", "98119591", "112120670", "108115870", "111120260", "110121450", "101110150", "111119580", "113122180", "111116090", "109120540", "101108580", "108114220", "111118810", "104113550", "98108410", "112121360", "99108080", "111119930", "111117571", "112116290", "102113981", "104109311", "104113190", "98111860", "107113550", "110114561", "112117210", "100111270", "110117870", "103113170", "110118161", "109117150", "111114941", "107117630", "111114121", "111116990", "98112580", "102118380", "98110710", "112118880", "104116441", "98107380", "109116750", "111117120", "104113210", "98112300", "109117110", "111118301", "108116070", "99107950", "101119030", "113120531"], "labels": [0, 1, 1, 2, 3, 3, 3, 0, 2, 2, 0, 3, 3, 3, 2, 1, 0, 3, 3, 1, 2, 3, 3, 2, 0, 3, 0, 1, 3, 3, 3, 2, 3, 1, 3, 1, 2, 2, 0, 3, 3, 1, 0, 3, 1, 0, 0, 2, 1, 1, 0, 0, 0, 2, 0, 0, 1, 3, 0, 0, 3, 1, 3, 1, 0, 0, 1, 0, 1, 1, 0, 2, 1, 3, 3, 1, 2, 1, 1, 0, 0, 0, 0, 0, 0, 0, 1, 2, 3, 3, 1, 2, 3, 3, 3, 1, 3, 2, 3, 1, 0, 3, 0, 1, 1, 3, 3, 1, 3, 0, 1, 3, 3, 0, 0, 0, 1, 2, 3, 3, 0, 2, 0, 0, 0, 0, 2, 1, 2, 1, 1, 1, 0, 2, 3, 2, 1, 3, 1, 1, 3, 0], "predicted_labels": [1, 3, 1, 1, 0, 1, 1, 2, 1, 1, 0, 3, 1, 0, 3, 1, 3, 3, 1, 3, 0, 3, 1, 3, 1, 1, 0, 3, 3, 0, 1, 1, 1, 1, 1, 1, 3, 1, 3, 3, 1, 1, 1, 1, 1, 3, 0, 1, 1, 3, 1, 0, 1, 3, 1, 1, 1, 3, 0, 1, 3, 3, 0, 1, 3, 0, 3, 3, 1, 1, 1, 1, 1, 3, 1, 3, 3, 3, 0, 0, 1, 3, 0, 1, 3, 0, 3, 3, 3, 3, 2, 3, 3, 3, 3, 1, 0, 1, 3, 1, 0, 3, 3, 3, 3, 1, 0, 0, 3, 1, 3, 3, 1, 1, 3, 3, 3, 2, 3, 1, 1, 1, 1, 0, 1, 3, 1, 1, 2, 1, 3, 0, 1, 1, 3, 3, 1, 1, 1, 2, 3, 1], "confidence_scores": [[0.24788694275449327, 0.29724449790729185, 0.13927395526580744, 0.31559460407240747], [0.28095392816508113, 0.311161803100624, 0.132660407823552, 0.2752238609107427], [0.23880643826560555, 0.2818149053652868, 0.15046495325164072, 0.32891370311746687], [0.1548245035144765, 0.2808316949756279, 0.329871130642538, 0.23447267086735818], [0.2842073207550907, 0.3058077400897577, 0.0768082587348042, 0.3331766804203478], [0.22167689174241095, 0.27589063865651664, 0.2509952706042052, 0.25143719899686745], [0.18631328118582655, 0.29663409636681926, 0.23947057338344344, 0.27758204906391076], [0.1853914902517335, 0.264330153921638, 0.338963689489065, 0.21131466633756335], [0.28843471105054996, 0.31480878105044835, 0.0391831777956368, 0.35757333010336473], [0.2547757016773809, 0.3041025976040197, 0.12170519177690617, 0.3194165089416931], [0.291799319966263, 0.3088010070944316, 0.08962311763777513, 0.30977655530153037], [0.27835732051391304, 0.3121881946384658, 0.10770370761854868, 0.30175077722907234], [0.27220884752350316, 0.29582382459265794, 0.09965425714704697, 0.33231307073679195], [0.22701423677282653, 0.2600979701787542, 0.3062665689147687, 0.20662122413365075], [0.17820797105180744, 0.27079629981971876, 0.33240179511190704, 0.2185939340165667], [0.23253997926491277, 0.2733118950205163, 0.20831690328164387, 0.2858312224329273], [0.2517668964280736, 0.3029700766446188, 0.14196648363920578, 0.30329654328810185], [0.22793468815435933, 0.2977251887059585, 0.19219227331084845, 0.28214784982883384], [0.22200898453585802, 0.26608970162443973, 0.2913636783544485, 0.22053763548525374], [0.23387249599019722, 0.32305288907429625, 0.13852024893672682, 0.30455436599877966], [0.24944160943533525, 0.265620110002493, 0.2674296085480355, 0.21750867201413612], [0.26484072399755687, 0.3025372350281102, 0.15274209458947538, 0.2798799463848576], [0.17756689796379588, 0.2788544007440053, 0.3040149751089401, 0.23956372618325894], [0.28507159483458117, 0.31760605076293624, 0.09984536999110753, 0.2974769844113751], [0.1866542353986876, 0.2772915191789197, 0.28896501767797456, 0.24708922774441783], [0.27354380672660544, 0.29734655279549105, 0.07683160379818096, 0.3522780366797226], [0.2741693894684615, 0.2980825911756675, 0.11905825667734313, 0.30868976267852827], [0.27800989820147987, 0.3269743164917284, 0.09102164476231302, 0.3039941405444788], [0.27978025794525274, 0.32179396753544093, 0.07891290086940797, 0.31951287364989817], [0.2778944194454434, 0.2835345269420311, 0.1746755822333313, 0.2638954713791941], [0.17233983942144, 0.2692349610508772, 0.3639918096772025, 0.19443338985048036], [0.26143887837758284, 0.2658144995242895, 0.16716988399024935, 0.3055767381078787], [0.2189309603124219, 0.290197904537117, 0.18719340930818232, 0.3036777258422786], [0.2630206025144572, 0.2871291889039873, 0.10963418350707714, 0.34021602507447846], [0.2592792305268909, 0.29662173675094644, 0.14699375727559857, 0.2971052754465642], [0.18381904656743023, 0.285429325284035, 0.276869277619058, 0.2538823505294768], [0.2252448462053054, 0.2835231159531036, 0.24225794407466222, 0.24897409376692903], [0.21339040788726527, 0.27302096815688864, 0.26787732977734724, 0.245711294178499], [0.25417696554744706, 0.3150825359362574, 0.13900626635099192, 0.29173423216530353], [0.1628325835219537, 0.2715340079669861, 0.3354499509804286, 0.23018345753063124], [0.2467301761425671, 0.28417618540089584, 0.19240910771583972, 0.2766845307406973], [0.219599181263915, 0.28476299564338553, 0.2100390617063152, 0.28559876138638446], [0.24361121065417488, 0.2885963320348824, 0.14166815410596933, 0.32612430320497354], [0.2369560676250772, 0.2692780122122201, 0.27317521785373455, 0.220590702308968], [0.21205453376495326, 0.2822354568785213, 0.1969925194714227, 0.30871748988510284], [0.2647098350854072, 0.2990027814515604, 0.15298563898566567, 0.2833017444773666], [0.28744594307536203, 0.3092680664880995, 0.0520342230347541, 0.3512517674017843], [0.19339251408569474, 0.27815377954524584, 0.29117074207922544, 0.23728296428983434], [0.21061917514186096, 0.28103431847630095, 0.2588731901340587, 0.24947331624777916], [0.24171579029395612, 0.28864410271829477, 0.1930622275899043, 0.2765778793978446], [0.27024368216816447, 0.28672256687923275, 0.12791453598191235, 0.3151192149706905], [0.286954002961127, 0.2944346601065273, 0.10013770923957215, 0.31847362769277376], [0.23038804761740297, 0.2880085317436792, 0.19004317901355233, 0.291560241625366], [0.1872906770046047, 0.29276978611257626, 0.2459526497768065, 0.2739868871060128], [0.2573898822795792, 0.2895979997752226, 0.1576008027179141, 0.295411315227284], [0.23852361081798212, 0.28397113672502755, 0.19505848844473347, 0.28244676401225666], [0.22350431807230495, 0.272213035644595, 0.292759053499387, 0.2115235927837133], [0.25566876531387234, 0.3059892200321709, 0.14797720199672454, 0.29036481265723246], [0.265980220094414, 0.2808241533393134, 0.16308066161008591, 0.29011496495618644], [0.16572353923840907, 0.2909653960643015, 0.25680503547537414, 0.28650602922191526], [0.1545921081467535, 0.2672960469148001, 0.3582143626192934, 0.21989748231915318], [0.23082872735659102, 0.3272663505908207, 0.1585509573836907, 0.2833539646688977], [0.28396322670587104, 0.2915149495345385, 0.1218349101722144, 0.30268691358737587], [0.21472746265947448, 0.28219891260339247, 0.20027489453424926, 0.3027987302028837], [0.28525593222735424, 0.32802023323261825, 0.0870484267093487, 0.2996754078306788], [0.30283842889697943, 0.32807566377263203, 0.0611235191292236, 0.30796238820116495], [0.2467420509058172, 0.2996131881414206, 0.16023953493258514, 0.2934052260201769], [0.26355433991763044, 0.30292478905221554, 0.15389913676862427, 0.2796217342615299], [0.2111045725215367, 0.27064718281170497, 0.24702619949444074, 0.27122204517231746], [0.23723409988479013, 0.3091861380205598, 0.14700974918375934, 0.3065700129108908], [0.22028550879194847, 0.26919038019418656, 0.2578232996446536, 0.2527008113692113], [0.18737964264608276, 0.2939704903256261, 0.23180866406130135, 0.28684120296698973], [0.213222342402909, 0.27879188610975447, 0.242875602083634, 0.26511016940370263], [0.20398107655442904, 0.2867294802051399, 0.2552394752779638, 0.25404996796246726], [0.2683224376741192, 0.2910844459079513, 0.14320065667885234, 0.297392459739077], [0.28226388244804246, 0.3141541121338115, 0.12540336562183887, 0.27817863979630747], [0.2495590788700951, 0.288825970684007, 0.18184021128604316, 0.27977473915985507], [0.26976764720935686, 0.3086851094559932, 0.1122335149589235, 0.3093137283757267], [0.26148363399544106, 0.27130499249629175, 0.2365720004614553, 0.23063937304681187], [0.2578257971924196, 0.276656413555392, 0.18939635408505023, 0.27612143516713844], [0.28310530026265, 0.2965810019844862, 0.04268396885531265, 0.3776297288975506], [0.2568931062607754, 0.32024752983862, 0.14588442100499144, 0.2769749428956131], [0.2825929887120949, 0.2932903182625927, 0.1101828934463175, 0.3139337995789952], [0.17541144571997241, 0.2906957708221341, 0.2605615873103293, 0.27333119614756424], [0.2816935268171772, 0.32723667688829794, 0.06961845095303856, 0.3214513453414865], [0.31188944448688716, 0.3466634863360454, 0.053219480740441145, 0.28822758843662627], [0.2278714898333245, 0.30053887068105944, 0.18745643997019157, 0.2841331995154245], [0.2410065063921642, 0.30375400512431516, 0.1603797708112052, 0.2948597176723155], [0.2536469264324957, 0.3024144199921923, 0.17689049214520344, 0.26704816143010807], [0.2863371831705611, 0.2877359422260375, 0.16948470282435535, 0.25644217177904644], [0.20081624866019096, 0.26280487873752634, 0.33159974822007365, 0.20477912438220905], [0.2120945124580763, 0.28276471962523525, 0.24562486438576983, 0.25951590353091863], [0.2827504472408024, 0.31171960473967625, 0.10306533949316586, 0.30246460852635576], [0.2692888272795376, 0.3011722137840817, 0.12864864589365788, 0.30089031304272285], [0.28390156641975683, 0.33340905098043844, 0.07686527756625791, 0.3058241050335467], [0.26198299640411316, 0.30081728835979293, 0.09205796483953788, 0.3451417503965558], [0.2965735766291173, 0.33066616105308166, 0.05811491129408468, 0.31464535102371616], [0.22349495125889507, 0.2781657265227344, 0.23738458529048773, 0.2609547369278827], [0.2951304777428171, 0.35262354032489246, 0.047333688380135006, 0.30491229355215516], [0.24165762009817995, 0.293364984171459, 0.13561230102432548, 0.32936509470603526], [0.29805294850705927, 0.2992412954147192, 0.13109085028075973, 0.2716149057974616], [0.2773702719473018, 0.3057986528088153, 0.12256124764826579, 0.29426982759561704], [0.25472065392751064, 0.2878120303967485, 0.19151796388010597, 0.2659493517956351], [0.29039884171013053, 0.31371360140347004, 0.09982836187532834, 0.2960591950110709], [0.2643770423334662, 0.29780426717929576, 0.14228463967248484, 0.2955340508147535], [0.25920119204891473, 0.29226450695498923, 0.14594939646875255, 0.3025849045273433], [0.2900195477414589, 0.28989176911727454, 0.13712815258197258, 0.2829605305592937], [0.2817936813121556, 0.3082155016398358, 0.09153805610851347, 0.318452760939495], [0.22049164911301125, 0.32093288438553, 0.16730578317189637, 0.2912696833295622], [0.26045692911243645, 0.29536774472273963, 0.1325467028243506, 0.31162862334047325], [0.21471751228517041, 0.28219649817515685, 0.2459323757792745, 0.2571536137603981], [0.2698767696086276, 0.3085407614521717, 0.11391323360021219, 0.3076692353389884], [0.2283015663495289, 0.2771108666050715, 0.22322629888994616, 0.27136126815545347], [0.15505241569954364, 0.270374642070265, 0.3721838241402621, 0.20238911808992893], [0.1943902221489503, 0.2935678932502751, 0.2442878448837634, 0.26775403971701117], [0.2128933432583342, 0.28209044440569014, 0.2557937177654821, 0.24922249457049364], [0.2030349796861535, 0.29379642897811986, 0.23229574670469524, 0.27087284463103156], [0.11547848774055243, 0.27023263684743826, 0.4299489525790535, 0.18433992283295572], [0.2589737563962496, 0.2875541529403899, 0.183389822794201, 0.2700822678691597], [0.17543101846474235, 0.26957646309037386, 0.3400961828801888, 0.21489633556469487], [0.2710579585592359, 0.2935025179566464, 0.10663954412889286, 0.32879997935522465], [0.21382370996301833, 0.26978679135979744, 0.262206554974181, 0.2541829437030033], [0.2726477844842127, 0.29251860274095437, 0.0904129684054601, 0.34442064436937253], [0.2787199986285636, 0.29336508805551276, 0.1520843993238332, 0.27583051399209], [0.2843378099771668, 0.31018142260098913, 0.05599823538823583, 0.34948253203360813], [0.24608265900508097, 0.30559725532765414, 0.1614071084023129, 0.286912977264952], [0.17231431006669362, 0.28743156965257965, 0.2899668077198738, 0.25028731256085296], [0.17636721295940389, 0.28004408331396824, 0.29991683546687864, 0.24367186825974932], [0.13195135301531755, 0.272512693390886, 0.3931308252262936, 0.20240512836750305], [0.2689429445243515, 0.30359978376860397, 0.11971730056190388, 0.3077399711451405], [0.20419968306383277, 0.30275235990093474, 0.20777150611858305, 0.28527645091664944], [0.2594448931747982, 0.24455127242521446, 0.2911720601263206, 0.2048317742736666], [0.26863912374313376, 0.2844193331732321, 0.1447385307148053, 0.30220301236882885], [0.24697275970954216, 0.28954152491177515, 0.16350810295564192, 0.29997761242304083], [0.23548743162743968, 0.2801660989637073, 0.2225610594569073, 0.2617854099519459], [0.27877952420893176, 0.3284791910624673, 0.08389557053166212, 0.30884571419693874], [0.22305218902311516, 0.3017048041727907, 0.17370913094170184, 0.30153387586239233], [0.24126054947331604, 0.2803406823255156, 0.20642382198050305, 0.2719749462206652], [0.27107527545742227, 0.3012707186842003, 0.09295172632303696, 0.3347022795353407], [0.11603672574822593, 0.2579031346605435, 0.469429008646772, 0.15663113094445888], [0.2231262887659067, 0.2849692909327399, 0.24050845977527624, 0.25139596052607716], [0.2807754666860935, 0.30031812506691946, 0.08742201622498832, 0.331484392021999]]}, "rewritten": {"ids": ["97105760", "97107920", "97110950", "97112300", "97118210", "98107380", "98108150", "98108410", "98108520", "98110710", "98111860", "98112300", "98112580", "98119591", "99105921", "99107950", "99108080", "99108580", "99111000", "99112531", "100109801", "100111270", "101108500", "101108580", "101110150", "101112160", "101119030", "102109910", "102113981", "102118380", "103109791", "103110220", "103110760", "103110840", "103111480", "103111620", "103113170", "103113260", "103113270", "104109311", "104111531", "104112201", "104113190", "104113210", "104113550", "104114240", "104116441", "104116800", "104117630", "105113260", "105113330", "105113480", "105115900", "105116090", "105116441", "105116501", "105117200", "105118230", "105121370", "106114011", "106115250", "106116120", "106119580", "107112850", "107113550", "107117630", "108114220", "108114670", "108115250", "108115500", "108115570", "108115870", "108116070", "108117360", "108117451", "108118301", "108119330", "109116040", "109116750", "109117080", "109117110", "109117150", "109120540", "109121410", "110114561", "110116300", "110117200", "110117870", "110118161", "110118450", "110121140", "110121450", "110121500", "111114121", "111114321", "111114941", "111115770", "111115780", "111116090", "111116110", "111116411", "111116990", "111117120", "111117200", "111117571", "111118301", "111118810", "111118820", "111119150", "111119290", "111119300", "111119580", "111119610", "111119930", "111120190", "111120260", "111120320", "112116290", "112116451", "112116501", "112116810", "112116850", "112117210", "112117580", "112118511", "112118880", "112119610", "112120290", "112120640", "112120670", "112120700", "112121030", "112121360", "113117340", "113117401", "113117630", "113119700", "113120531", "113121750", "113121980", "113122180", "113122190"], "labels": [0, 0, 3, 2, 2, 1, 0, 1, 2, 2, 0, 2, 2, 1, 1, 1, 3, 0, 2, 3, 0, 2, 3, 0, 1, 3, 3, 2, 1, 1, 3, 2, 1, 1, 0, 0, 3, 3, 2, 3, 0, 0, 3, 3, 1, 0, 1, 1, 0, 3, 3, 0, 3, 1, 1, 1, 3, 1, 2, 1, 2, 1, 3, 1, 0, 0, 3, 3, 1, 3, 3, 3, 1, 1, 2, 1, 0, 0, 0, 1, 1, 2, 1, 0, 0, 3, 3, 3, 0, 0, 3, 3, 3, 0, 1, 0, 3, 1, 3, 3, 0, 0, 2, 0, 3, 3, 0, 0, 3, 3, 1, 3, 2, 1, 3, 3, 1, 0, 0, 3, 3, 0, 1, 0, 1, 1, 0, 1, 0, 2, 2, 0, 3, 2, 3, 0, 0, 0, 0, 2, 2, 1], "predicted_labels": [3, 0, 0, 3, 0, 0, 2, 3, 1, 2, 2, 0, 2, 2, 1, 2, 0, 0, 3, 3, 3, 2, 2, 0, 1, 1, 3, 3, 3, 1, 0, 2, 3, 3, 0, 3, 1, 1, 3, 3, 1, 3, 1, 3, 0, 3, 1, 3, 3, 3, 3, 3, 3, 3, 1, 3, 3, 1, 1, 1, 1, 0, 1, 1, 3, 0, 0, 1, 3, 0, 1, 3, 3, 1, 3, 3, 3, 1, 1, 1, 1, 1, 1, 3, 0, 3, 1, 0, 1, 1, 0, 3, 3, 1, 3, 1, 0, 1, 3, 3, 0, 3, 1, 0, 3, 1, 3, 1, 0, 3, 1, 0, 3, 3, 3, 3, 3, 1, 3, 3, 1, 3, 3, 0, 3, 1, 3, 3, 0, 3, 3, 3, 3, 1, 1, 0, 1, 3, 1, 1, 3, 1], "confidence_scores": [[0.2982982209140712, 0.3392251703333305, 0.0566102717380042, 0.305866337014594], [0.31645881897785855, 0.34828163026737935, 0.05160342986000615, 0.28365612089475584], [0.28314847837621565, 0.2678932811513709, 0.21138233682423974, 0.23757590364817352], [0.28294804871672846, 0.31502341973541587, 0.10716369267343466, 0.2948648388744212], [0.23134802236193305, 0.2580715561843523, 0.31386245943187313, 0.19671796202184152], [0.23244537133913626, 0.23295843556018525, 0.35942284817393083, 0.17517334492674766], [0.16667410602968005, 0.25290824951401253, 0.3998839580550155, 0.1805336864012917], [0.18519615819542873, 0.2748152768438161, 0.2978537882229264, 0.24213477673782882], [0.2374582262548016, 0.2655713631016843, 0.2605394100896953, 0.23643100055381897], [0.11191102217070008, 0.26960635217641127, 0.43101006710625483, 0.1874725585466337], [0.1138265870044669, 0.25117689983197483, 0.4858380975712923, 0.14915841559226622], [0.29366141144111635, 0.32199863659348116, 0.07953152846133382, 0.30480842350406856], [0.15141355661166006, 0.27033879236129305, 0.3660526118750947, 0.21219503915195218], [0.21424362586472265, 0.264905060496088, 0.3076994879228347, 0.2131518257163543], [0.21647607046444237, 0.28001750898033784, 0.20501425817845378, 0.2984921623767659], [0.11624831117323577, 0.2593680277196502, 0.47750486269767617, 0.14687879840943818], [0.2955698279566817, 0.28765258299900376, 0.1453585667365093, 0.27141902230780507], [0.25991980400692705, 0.27268995565792314, 0.1972717887372543, 0.27011845159789555], [0.18238731716084863, 0.30558595596293553, 0.2346548244300779, 0.27737190244613785], [0.25149609524618866, 0.2986478927590485, 0.1822239676008799, 0.2676320443938829], [0.2671106305889924, 0.3214915672957142, 0.13549228202038588, 0.2759055200949075], [0.10130703104582627, 0.2658285680522598, 0.4619556838374218, 0.170908717064492], [0.15266276919351146, 0.2616169708790158, 0.3756708247891845, 0.21004943513828805], [0.2905730180864979, 0.2903854360659839, 0.14817656996036016, 0.2708649758871579], [0.2609431241417729, 0.290238934724941, 0.09554672411709153, 0.3532712170161946], [0.21487667005439065, 0.2767311678329065, 0.2544643786527244, 0.25392778345997835], [0.21610703167658657, 0.29168407467970703, 0.23300172141330963, 0.2592071722303966], [0.16367287189713378, 0.2645607693342066, 0.34695318829679256, 0.22481317047186716], [0.22592863833762108, 0.286586384509792, 0.22031845119696625, 0.2671665259556205], [0.14525700323760823, 0.2743150978571471, 0.36647265419013725, 0.21395524471510732], [0.21668674617320052, 0.2545882805184636, 0.33687588339845337, 0.19184908990988267], [0.1384000058199396, 0.27348719926556186, 0.38006279786095404, 0.20804999705354502], [0.2503184027691034, 0.30385172364887975, 0.16780122473666773, 0.27802864884534917], [0.21335930915060494, 0.29740082939884427, 0.20605150422635313, 0.28318835722419783], [0.28939930954731885, 0.3214978771881564, 0.04395141886061385, 0.3451513944039109], [0.20722600035875519, 0.2788654969110611, 0.2590789438666606, 0.25482955886352304], [0.1834418611771708, 0.2656043124278952, 0.34883004618910196, 0.20212378020583224], [0.22526109047574253, 0.2869044111434577, 0.2163311733890667, 0.27150332499173324], [0.15005966041402344, 0.2774960051020919, 0.35015390604236163, 0.22229042844152289], [0.2733628493435471, 0.2938700704262797, 0.16426288069023887, 0.2685041995399344], [0.25463791054066015, 0.29050604721436313, 0.16203724518861742, 0.2928187970563591], [0.28880569130617023, 0.32209472455289095, 0.08255561961164128, 0.30654396452929766], [0.19778618111947643, 0.2910781879943784, 0.23467324384782273, 0.2764623870383224], [0.25904656304838186, 0.282968320553875, 0.18824745581686064, 0.26973766058088267], [0.30804504769578445, 0.3404407258045419, 0.047512115008461295, 0.3040021114912123], [0.1925659284334648, 0.27718495703250773, 0.2833544750807783, 0.24689463945324883], [0.22388343490287255, 0.3067406511254029, 0.16145748876715516, 0.30791842520456914], [0.22699503962180143, 0.3073423926204395, 0.1856647866958989, 0.2799977810618601], [0.18658834575454572, 0.29681073851288037, 0.2326574393374566, 0.28394347639511747], [0.23922755813521723, 0.27688886417547426, 0.22818846544933583, 0.2556951122399727], [0.2821523625213436, 0.3179692309950896, 0.10981452048921159, 0.29006388599435523], [0.1782564845789069, 0.27819092746257734, 0.3079480657159523, 0.23560452224256373], [0.25149536680394713, 0.3258663318145219, 0.12584275463960015, 0.2967955467419306], [0.27906903756546814, 0.3116756278221441, 0.13578348525698747, 0.27347184935540003], [0.22182401200402257, 0.28319715404030676, 0.21225602944125502, 0.28272280451441595], [0.21602853243352954, 0.2764071192791225, 0.2583347886210563, 0.24922955966629173], [0.22603687261696098, 0.303739654525382, 0.19030857764111572, 0.2799148952165411], [0.21283574334910269, 0.270225655425036, 0.2363817744321271, 0.28055682679373406], [0.1790722184164634, 0.2842724228313931, 0.26447260370655934, 0.27218275504558387], [0.2003345641965093, 0.27178345482872746, 0.29290274904821717, 0.23497923192654604], [0.15469185869809682, 0.27535026663961104, 0.35484574518605183, 0.21511212947624028], [0.24733079003186165, 0.26505764756087435, 0.27135009012296685, 0.21626147228429698], [0.1385766368290529, 0.27175943202652886, 0.38948562228696215, 0.20017830885745574], [0.1777236704364456, 0.27942956215541137, 0.3051918282067324, 0.23765493920141026], [0.19398089645679173, 0.2909729019564049, 0.25674981886083176, 0.2582963827259713], [0.2746268342966026, 0.2896282043948919, 0.16241895055151484, 0.27332601075699026], [0.27414477778488633, 0.2984049407255213, 0.13415177127403338, 0.293298510215559], [0.2564259707094921, 0.29138981934055386, 0.16000857638477703, 0.2921756335651772], [0.2840379732593378, 0.31184862132274815, 0.13438225944086507, 0.2697311459770488], [0.2763897241049042, 0.27243044601050836, 0.20393501003175268, 0.24724481985283486], [0.22874982547603936, 0.29592580738580604, 0.17647977249478422, 0.2988445946433703], [0.28282698716349836, 0.31344437759247357, 0.10762663453122955, 0.2961020007127984], [0.2513422933480922, 0.2853244187310795, 0.18572154306360175, 0.27761174485722656], [0.2008880842541147, 0.27404207072191433, 0.3113766301228481, 0.2136932149011231], [0.2776501549394977, 0.32769672074694917, 0.100219232657612, 0.2944338916559405], [0.24808436676438886, 0.3075999763532812, 0.14829096583861348, 0.29602469104371654], [0.25452369764527655, 0.3011411862061599, 0.1652500297143553, 0.2790850864342084], [0.2276658242067969, 0.28386698187064485, 0.2128333044854662, 0.275633889437092], [0.23871478537622826, 0.2707387721224716, 0.2519397632917982, 0.23860667920950204], [0.21293608474050646, 0.2893686426545765, 0.17601831838402862, 0.32167695422088866], [0.24229514092431562, 0.29233759953998856, 0.18329637260530682, 0.2820708869303889], [0.22119552713970458, 0.26783770451845607, 0.25932638794987606, 0.2516403803919632], [0.22714599375872238, 0.28277847685876506, 0.18200100747558487, 0.3080745219069278], [0.2331133742196, 0.3145324669216916, 0.15533158930178664, 0.2970225695569219], [0.2546051256489821, 0.2845501629536764, 0.19365976668130538, 0.2671849447160358], [0.23327938639917892, 0.2972004582088129, 0.18128514692143632, 0.2882350084705718], [0.2776571227566771, 0.2945107023842064, 0.10386052247736702, 0.3239716523817492], [0.251318291475908, 0.2797699998143687, 0.21140997109403462, 0.25750173761568884], [0.26927188940622854, 0.29849367320073444, 0.11986346355215455, 0.31237097384088225], [0.21661231503828532, 0.2711330476403149, 0.2681409807627836, 0.24411365655861617], [0.2831343139207147, 0.2800854189688976, 0.1825823324267191, 0.254197934683669], [0.28076599836285443, 0.33170252322849, 0.07657670570272988, 0.31095477270592553], [0.2671119621973127, 0.296008368434106, 0.15356553527177547, 0.2833141340968061], [0.2810007358542107, 0.30363648820642364, 0.0644728506777713, 0.35088992526159457], [0.24997375585506443, 0.3032591771614585, 0.1475575672403738, 0.29920949974310346], [0.25683725011483555, 0.28835478259442127, 0.12068683940076987, 0.3341211278899735], [0.28172651413886945, 0.3017107297051614, 0.08390249062231726, 0.33266026553365197], [0.21034838590286634, 0.2766732936540953, 0.26436097307448253, 0.24861734736855587], [0.29435144054385926, 0.34550029270270943, 0.08160176798939081, 0.2785464987640401], [0.21786186905488727, 0.2943608868031782, 0.21648799471751373, 0.27128924942442106], [0.29215302613862076, 0.31215854067040505, 0.08724339630218993, 0.3084450368887843], [0.29936277265019684, 0.31320473594463166, 0.11271860450736713, 0.27471388689780424], [0.26648594252853147, 0.29719005059600156, 0.13127674646921839, 0.30504726040624836], [0.2873584854351629, 0.29746429324848755, 0.12775045970233917, 0.28742676161401065], [0.25924338916406053, 0.3126599960381337, 0.1331588290844003, 0.2949377857134055], [0.22006465289479715, 0.28233881204515016, 0.22579636075043333, 0.2718001743096194], [0.2648121585697539, 0.28798117468694845, 0.18574538562239654, 0.2614612811209007], [0.2743108900981787, 0.2921882268501928, 0.09077564107006768, 0.3427252419815609], [0.2783531656863992, 0.2918646198232888, 0.13535694084826222, 0.2944252736420496], [0.2547994273483102, 0.29300861176162374, 0.1811446162260895, 0.27104734466397695], [0.18546417799298212, 0.29044591213812626, 0.2424307767379615, 0.2816591331309303], [0.29201924284757774, 0.32984290505459246, 0.053141055203759495, 0.3249967968940703], [0.21802377731213243, 0.2781496070691527, 0.2686031154555206, 0.2352235001631945], [0.26568268190445593, 0.29602539165570774, 0.14297459419259395, 0.2953173322472425], [0.1446879661819212, 0.27197435825677563, 0.35839899269007996, 0.22493868287122326], [0.28071523942731225, 0.3168102820362355, 0.0931387919837909, 0.3093356865526613], [0.17897196857212502, 0.29518662412821306, 0.26026558558401147, 0.2655758217156506], [0.2488480635456907, 0.29516657915978034, 0.14327236479503597, 0.3127129924994926], [0.2896367115081394, 0.3284359356173406, 0.08034852198160164, 0.30157883089291865], [0.2532886158997391, 0.29319715364082366, 0.16598274933099513, 0.28753148112844207], [0.20561690300072683, 0.2671516121916894, 0.30860205156691484, 0.2186294332406691], [0.2529704497597522, 0.309783646515423, 0.16004763477526662, 0.2771982689495579], [0.19707559491828003, 0.30703966467668053, 0.2137980609643726, 0.2820866794406668], [0.2587138615727659, 0.29043907012970716, 0.1581724034178254, 0.29267466487970156], [0.20493132769210548, 0.3114611509965869, 0.1920098440469492, 0.29159767726435815], [0.2636351607576646, 0.29382716561800565, 0.15487827419384925, 0.28765939943048013], [0.1318030016466901, 0.2902130371882776, 0.32950006284831906, 0.24848389831671322], [0.22514833546117616, 0.32098238665092793, 0.1499955973085491, 0.3038736805793469], [0.2850535467548087, 0.29625774967677737, 0.0919611711921236, 0.3267275323762903], [0.20702909859570715, 0.28751967339499723, 0.2408685731683261, 0.26458265484096966], [0.16799638979820983, 0.3030621607771543, 0.24511875627438487, 0.2838226931502508], [0.2628689932964661, 0.2961052956868091, 0.16126346536908906, 0.27976224564763547], [0.23269190849805263, 0.2853742720903233, 0.20430491736084355, 0.2776289020507806], [0.2511032997552531, 0.3083804727608192, 0.12289162419016492, 0.31762460329376263], [0.28132443498106235, 0.3113057078759949, 0.05623371017978027, 0.35113614696316237], [0.2661899405791601, 0.2700013951378431, 0.21990609552854606, 0.2439025687544506], [0.2562549060208867, 0.2941760122549381, 0.15256814400395888, 0.29700093772021646], [0.2564128691896227, 0.2987096733633673, 0.15536701112168885, 0.2895104463253211], [0.27924680267146057, 0.3001847228094963, 0.07715597093184491, 0.34341250358719844], [0.28545806542001123, 0.3157393971096158, 0.05208699240389738, 0.34671554506647584], [0.20452514357226315, 0.28079646778795675, 0.26301889695360275, 0.25165949168617735], [0.1926893732272155, 0.2765247023766241, 0.2863655473505617, 0.24442037704559902]]}}