{"test": {"ids": ["107120130", "102112170", "110116441", "112117471", "108113620", "102121700", "110118630", "110116501", "104113240", "98111670", "110121720", "110118181", "107113360", "103111540", "110120190", "113117550", "113121680", "102109850", "107118780", "108120700", "110118740", "108114220", "111115910", "100107920", "107115140", "112119120", "98116500", "110118450", "112116501", "111116110", "98107410", "105116441", "103117461", "109117730", "102121440", "110115250", "102116340", "106114280", "98108580", "109115380", "109116170", "112120290", "110117870", "104112201", "112119980", "111119340", "113118820", "112120990", "113119120", "106114150", "102113210", "111118810", "101110150", "109120540", "100120010", "105116650", "111119950", "111120531", "110119030", "98116940", "99109910", "108116120", "100111390", "100111620", "99108580", "113122150", "112117461", "102109910", "97113260", "102114270", "107118820", "111120220", "101113210", "112118421", "106119990", "109121351", "102110890", "107120260", "108114670", "108118630", "113120070", "112118820", "108117720", "105113190", "99107300", "99109141", "112117780", "103112470", "105115380", "111117571", "112119450", "107119390", "110120540", "108115880", "112121410", "109118161", "97105451", "101108290", "99111000", "105115680", "104113380", "99111340", "113122430", "103111830", "100109000", "97106770", "98109311", "110121450", "113121220", "98107010", "107121640", "110118121", "103110220", "108117451", "104111550", "112119950", "99121440", "111121410", "107115250", "111120280", "105118171", "106115240", "97116401", "109117600", "108114360", "103117200", "103111930", "107114140", "112120270", "113121190", "109116930", "110114321", "105111990", "98120530", "101108370", "106112770", "102117351", "105115570", "97106970", "108120280", "104114410", "106118520"], "labels": [2, 3, 3, 3, 3, 1, 1, 3, 2, 1, 3, 1, 0, 1, 3, 3, 1, 1, 1, 2, 3, 3, 2, 0, 0, 1, 2, 0, 3, 3, 3, 1, 0, 3, 2, 1, 3, 3, 0, 3, 0, 1, 3, 0, 0, 3, 0, 2, 3, 1, 3, 0, 1, 1, 0, 1, 0, 0, 0, 2, 2, 1, 2, 3, 0, 2, 0, 2, 1, 3, 3, 3, 3, 3, 0, 0, 0, 1, 3, 1, 2, 0, 1, 3, 3, 3, 0, 1, 1, 3, 3, 2, 1, 3, 0, 0, 0, 0, 2, 2, 1, 1, 2, 3, 1, 3, 1, 3, 3, 3, 1, 3, 2, 2, 1, 0, 2, 0, 2, 0, 3, 1, 3, 1, 1, 0, 3, 2, 0, 1, 0, 1, 2, 1, 1, 1, 1, 0, 2, 3, 1, 2], "predicted_labels": [1, 3, 3, 3, 0, 1, 3, 1, 1, 0, 1, 1, 0, 1, 3, 3, 1, 2, 3, 1, 3, 0, 1, 3, 3, 3, 3, 1, 1, 3, 0, 1, 3, 3, 0, 3, 3, 3, 3, 1, 1, 1, 3, 0, 1, 3, 1, 1, 3, 3, 1, 0, 1, 1, 3, 1, 0, 0, 3, 1, 2, 0, 0, 3, 0, 1, 3, 0, 1, 3, 3, 1, 1, 1, 1, 1, 0, 3, 3, 3, 1, 1, 3, 3, 0, 0, 3, 1, 3, 3, 0, 3, 1, 3, 0, 1, 1, 3, 3, 1, 3, 1, 1, 3, 3, 3, 1, 3, 3, 1, 3, 3, 1, 3, 3, 0, 1, 1, 3, 1, 3, 0, 1, 1, 3, 1, 3, 3, 0, 3, 0, 1, 3, 1, 3, 1, 0, 1, 3, 3, 3, 1], "confidence_scores": [[0.09847421058338741, 0.5909815022182515, 0.08777066543643096, 0.22277362176193047], [0.2543531358050485, 0.12716418319696282, 0.14400779688751164, 0.47447488411047706], [0.11168840620042116, 0.2733072043949727, 0.05283917153585477, 0.5621652178687511], [0.31972066359076423, 0.27282883431593696, 0.06832026967382983, 0.3391302324194689], [0.471973431189117, 0.20141926735287227, 0.012731553342977727, 0.3138757481150331], [0.17584078843690593, 0.38751536115274254, 0.2167483634307621, 0.2198954869795892], [0.06551481055650062, 0.12600529904742977, 0.39679255870852714, 0.4116873316875422], [0.08085043726132919, 0.7285662583738667, 0.010914681285229643, 0.1796686230795746], [0.07281576613286211, 0.748076024599109, 0.09061403911528758, 0.08849417015274093], [0.39255648612274874, 0.17229545822236775, 0.19196265313936783, 0.24318540251551585], [0.3808422657799334, 0.33297057231986704, 0.07553377921953383, 0.2106533826806656], [0.3277077176018794, 0.5256258809478911, 0.06963903257119511, 0.07702736887903433], [0.5949934469743522, 0.19358085430232097, 0.04097422703920275, 0.1704514716841241], [0.31788630785020744, 0.3119334234149075, 0.062185760402603124, 0.3079945083322819], [0.06540230916344157, 0.3029352408872394, 0.2139580312013319, 0.41770441874798775], [0.18420949124561986, 0.12280103715602768, 0.04345016002097493, 0.6495393115773775], [0.1652250004868329, 0.35891938994193706, 0.24035646818969356, 0.23549914138153644], [0.09466970422173698, 0.06926203312457795, 0.6481949233244542, 0.18787333932923103], [0.18214535274554916, 0.3522436311845128, 0.043459596898572254, 0.42215141917136567], [0.2704127954831096, 0.3595691500266654, 0.1326513957362383, 0.23736665875398674], [0.29444078167207743, 0.20717914517817912, 0.06351043970629915, 0.43486963344344426], [0.39909364238647377, 0.21373808860353363, 0.036988641474111364, 0.35017962753588167], [0.035632374619594946, 0.8457830482517426, 0.021018520065427267, 0.09756605706323514], [0.24881399658739758, 0.22716798388603543, 0.14910641591168808, 0.37491160361487885], [0.31586565365787933, 0.009923700647930639, 0.04824366689189621, 0.6259669788022937], [0.32892063485167367, 0.13191127489872595, 0.16254017817603741, 0.3766279120735633], [0.38965909149824823, 0.1412024751130151, 0.10054288772019992, 0.36859554566853664], [0.07458035439651009, 0.8046598528531181, 0.07910092217712557, 0.04165887057324632], [0.4098670585461584, 0.3571464435734529, 0.018320696806685487, 0.21466580107370314], [0.222027751829106, 0.15545555418681695, 0.11644557924424964, 0.5060711147398274], [0.6785902371538837, 0.06506073960921453, 0.051087133649216486, 0.2052618895876854], [0.38189084046754684, 0.3617049509759346, 0.03426124773984751, 0.22214296081667106], [0.2652304305065977, 0.19379458331675653, 0.02507377550796118, 0.5159012106686848], [0.24026117979284092, 0.1359652306268198, 0.2729670797881915, 0.35080650979214734], [0.44561468599004983, 0.2068192785823253, 0.23030750163800898, 0.11725853378961577], [0.14124496989186267, 0.22492006151424795, 0.0347933178189021, 0.5990416507749874], [0.1021038246044412, 0.1756499282914478, 0.15529931474838016, 0.5669469323557307], [0.26572985610797856, 0.21348174029972386, 0.1622575841183113, 0.35853081947398663], [0.20110658345187435, 0.08254429035914355, 0.42456503716264693, 0.29178408902633535], [0.09293216014123408, 0.3836641397818092, 0.2639152385041832, 0.2594884615727739], [0.3560933672011752, 0.3645997399041286, 0.028358757098955332, 0.2509481357957408], [0.40780067805940284, 0.36441778694607363, 0.025853054095392982, 0.2019284808991301], [0.33412219020246575, 0.0928142348936373, 0.19042495799985484, 0.3826386169040417], [0.4237891331875412, 0.1768639625318153, 0.02883315685434993, 0.3705137474262932], [0.16041333970061747, 0.7490854829824544, 0.0265491300669795, 0.0639520472499486], [0.0430492048000254, 0.2236510649467713, 0.23165841321920236, 0.5016413170340007], [0.3466523833680617, 0.44366084260206273, 0.007864805398387466, 0.20182196863148813], [0.050278319713153045, 0.277695822468513, 0.5850091443706044, 0.08701671344772959], [0.25967642522798556, 0.1867108044941937, 0.05422634886468759, 0.4993864214131329], [0.3503215293086613, 0.0696951164359485, 0.15712748650271754, 0.42285586775267264], [0.11593500258050628, 0.49030994551995133, 0.24254460281674098, 0.15121044908280126], [0.37421409931312516, 0.23510872790238385, 0.1375722914154371, 0.2531048813690538], [0.1179690710055015, 0.461532424937385, 0.026295187437071613, 0.3942033166200417], [0.05636044201514645, 0.7389941593811085, 0.03845066492706308, 0.16619473367668222], [0.10650890033329663, 0.12825923560867958, 0.44615123231546777, 0.3190806317425561], [0.057662730128187366, 0.317519545933565, 0.40765622407942065, 0.21716149985882693], [0.43239464945382355, 0.1899333362635725, 0.17447739975646662, 0.20319461452613716], [0.5874186931068752, 0.17423022782049327, 0.014178866034623617, 0.22417221303800794], [0.16037832175454883, 0.31937157535767374, 0.0886615056326819, 0.4315885972550958], [0.12568674541643698, 0.5468906037069482, 0.1303443479749964, 0.1970783029016181], [0.04071349713578417, 0.0876908569710866, 0.823677785448042, 0.04791786044508728], [0.7362054201297865, 0.05403263175715232, 0.03299708945035167, 0.17676485866270952], [0.40942700874912313, 0.20648964014372956, 0.15909482533307673, 0.22498852577407044], [0.08883241525562918, 0.05934615742969042, 0.6112637133930159, 0.24055771392166422], [0.45307148504246963, 0.23123157131597458, 0.1774575550801224, 0.13823938856143345], [0.04263804218213848, 0.776936130905599, 0.06541190192397987, 0.11501392498828272], [0.29331774959770607, 0.11685902167773819, 0.04398332952105242, 0.5458398992035032], [0.5432160108074896, 0.13597595890642564, 0.1332786177399062, 0.18752941254617858], [0.10661604991908219, 0.1992340617163384, 0.52634914303238, 0.16780074533219883], [0.056508750225058406, 0.3661890889224792, 0.19659641080044662, 0.38070575005201557], [0.1360448308814248, 0.35776910838789494, 0.09006195746437985, 0.4161241032663], [0.5110760550051231, 0.36008154164589384, 0.04220027919829921, 0.08664212415068391], [0.16727888098524643, 0.4309589275055232, 0.13567292667798933, 0.266089264831241], [0.18133844611941455, 0.4075723354523076, 0.011023587967156984, 0.40006563046112065], [0.30825109393441186, 0.2440381072197297, 0.18399336613494718, 0.2637174327109114], [0.35803323287673167, 0.3174576892424052, 0.19656335530665997, 0.12794572257420328], [0.5029352354562833, 0.028688248256051187, 0.04177562210526534, 0.4266008941824001], [0.33744959233365596, 0.19904879407670825, 0.05269289361637408, 0.41080871997326157], [0.325519707049977, 0.188255146924206, 0.07205167627598408, 0.41417346974983255], [0.12653038039378073, 0.13434836819665164, 0.17823264863575172, 0.5608886027738158], [0.14283406629128925, 0.5809440400540345, 0.1086482840271974, 0.16757360962747891], [0.2848619694800266, 0.5049044098984166, 0.033098765026765134, 0.1771348555947918], [0.14804765049365637, 0.13053786134547005, 0.03667536165343809, 0.6847391265074357], [0.4040087931023427, 0.05812132011551483, 0.040486098220644376, 0.49738378856149773], [0.628497963865634, 0.08874846297540254, 0.03164595171891227, 0.2511076214400513], [0.7971009392499675, 0.08555281137830367, 0.006813862511162906, 0.11053238686056568], [0.21703647522659486, 0.2639610595474097, 0.03701879794713117, 0.48198366727886427], [0.26694754038032664, 0.3533359498389884, 0.19100122070872266, 0.1887152890719621], [0.051233805638794976, 0.2907945360902832, 0.3722714571520019, 0.2857002011189196], [0.2145310451577209, 0.29164690997684967, 0.027661262230424834, 0.46616078263500454], [0.5707307828919779, 0.22168619420673727, 0.013994258771592353, 0.19358876412969256], [0.08974987843918321, 0.2572584585150836, 0.1954944407935553, 0.45749722225217787], [0.06869140985783552, 0.5761005656565505, 0.17472278564526794, 0.18048523884034584], [0.2572315915486681, 0.12396330590138231, 0.017695976671713125, 0.6011091258782368], [0.4318509655126599, 0.12312550925725464, 0.06555055169859236, 0.37947297353149306], [0.15788082517601243, 0.7324284065864594, 0.03012490523834868, 0.0795658629991796], [0.18313472341209147, 0.5352775055328016, 0.07887198712287553, 0.20271578393223147], [0.18491759428739496, 0.2626029849994347, 0.06255532591188233, 0.48992409480128796], [0.04801251013061659, 0.15973018229054878, 0.2930491239858158, 0.49920818359301916], [0.0734528253648394, 0.5175700701143793, 0.18352298448961943, 0.22545412003116166], [0.11403233081801929, 0.08282737981727667, 0.07210641712136406, 0.7310338722433403], [0.0653921685602773, 0.2646740782767374, 0.4599628723582904, 0.20997088080469506], [0.04857424655761955, 0.7245070055791804, 0.06665765728887281, 0.16026109057432686], [0.15959381762635097, 0.12799037742850608, 0.5326709369035231, 0.17974486804161963], [0.13239819163932337, 0.08523359527610472, 0.04020050231566779, 0.7421677107689044], [0.2003398195174236, 0.03814567259305136, 0.5414481545134873, 0.22006635337603764], [0.31020894380224323, 0.46632353593137704, 0.10021965466095224, 0.12324786560542733], [0.2787068519331593, 0.2476876431218986, 0.010055008050601201, 0.46355049689434064], [0.1838529833172, 0.12703582952408715, 0.07430424843754692, 0.614806938721166], [0.14465102399222385, 0.33565335763126, 0.39275816388814416, 0.12693745448837193], [0.1753175757439497, 0.22309589225458118, 0.26204533194047785, 0.33954120006099103], [0.12923684490729184, 0.26207757948967786, 0.07605083445324765, 0.5326347411497822], [0.08083693718414008, 0.4872142280258888, 0.19278168936388934, 0.2391671454260817], [0.4431402944924893, 0.03724678851194942, 0.03395572095402877, 0.48565719604153246], [0.04038262509341808, 0.11250753074631156, 0.46940318849779034, 0.3777066556624799], [0.6887177872480705, 0.042303566178014465, 0.034535925115506634, 0.23444272145840842], [0.125338606458468, 0.5365952381612744, 0.2229919270682729, 0.11507422831198473], [0.40119074350255757, 0.35927906000099147, 0.024878508702058943, 0.21465168779439173], [0.227549602442114, 0.32244019309033384, 0.07138869337128807, 0.3786215110962638], [0.3065960149587481, 0.30732787355611485, 0.021359661928078144, 0.36471644955705856], [0.32076111154664166, 0.2746802772953959, 0.02214240236448609, 0.38241620879347615], [0.5842102975871178, 0.2787705403805063, 0.04506375253818395, 0.09195540949419201], [0.2138607921989538, 0.44854393509068896, 0.22313206864340548, 0.11446320406695185], [0.2347846844156049, 0.2787263522051152, 0.307127351246459, 0.1793616121328207], [0.11078385972658811, 0.2224820850767193, 0.21404679675162544, 0.45268725844506724], [0.22809454990175038, 0.6850625127484711, 0.034112841887669144, 0.05273009546210959], [0.22719462918676742, 0.17119463854459352, 0.24262585848697787, 0.35898487378166133], [0.06377949938829869, 0.13676727719472082, 0.18859927176018, 0.6108539516568003], [0.44028015584111313, 0.2234660123218641, 0.05607190180064086, 0.2801819300363819], [0.13985243697730834, 0.2107455344180905, 0.16348192672951653, 0.48592010187508433], [0.785905990308528, 0.06948315924757976, 0.003954029858165327, 0.14065682058572726], [0.31895251775858835, 0.2656062046127658, 0.11751743892054865, 0.29792383870809735], [0.17356951130820428, 0.2973167815845789, 0.09583008072208342, 0.4332836263851335], [0.18452057760361062, 0.397537741966623, 0.16671914063176474, 0.2512225397980017], [0.28465351111658294, 0.04395215447374509, 0.008746336132954871, 0.6626479982767172], [0.08310284478172092, 0.3912161681206608, 0.22858970128219508, 0.2970912858154235], [0.3437584288144736, 0.30264464661842, 0.024781510446577018, 0.3288154141205293], [0.08940315928246435, 0.28431081140215914, 0.3989234251634843, 0.22736260415189236], [0.03465965320680592, 0.1669597586570794, 0.588003800703686, 0.21037678743242863], [0.3709533106242793, 0.07439812662607231, 0.07723892749007945, 0.47740963525956925], [0.11704281779434379, 0.20674114313570108, 0.28189134249108266, 0.39432469657887254], [0.11898557255155619, 0.540113488701639, 0.25547061808091776, 0.08543032066588753]]}, "rewritten": {"ids": ["97105451", "97106770", "97106970", "97113260", "97116401", "98107010", "98107410", "98108580", "98109311", "98111670", "98116500", "98116940", "98120530", "99107300", "99108580", "99109141", "99109910", "99111000", "99111340", "99121440", "100107920", "100109000", "100111390", "100111620", "100120010", "101108290", "101108370", "101110150", "101113210", "102109850", "102109910", "102110890", "102112170", "102113210", "102114270", "102116340", "102117351", "102121440", "102121700", "103110220", "103111540", "103111830", "103111930", "103112470", "103117200", "103117461", "104111550", "104112201", "104113240", "104113380", "104114410", "105111990", "105113190", "105115380", "105115570", "105115680", "105116441", "105116650", "105118171", "106112770", "106114150", "106114280", "106115240", "106118520", "106119990", "107113360", "107114140", "107115140", "107115250", "107118780", "107118820", "107119390", "107120130", "107120260", "107121640", "108113620", "108114220", "108114360", "108114670", "108115880", "108116120", "108117451", "108117720", "108118630", "108120280", "108120700", "109115380", "109116170", "109116930", "109117600", "109117730", "109118161", "109120540", "109121351", "110114321", "110115250", "110116441", "110116501", "110117870", "110118121", "110118181", "110118450", "110118630", "110118740", "110119030", "110120190", "110120540", "110121450", "110121720", "111115910", "111116110", "111117571", "111118810", "111119340", "111119950", "111120220", "111120280", "111120531", "111121410", "112116501", "112117461", "112117471", "112117780", "112118421", "112118820", "112119120", "112119450", "112119950", "112119980", "112120270", "112120290", "112120990", "112121410", "113117550", "113118820", "113119120", "113120070", "113121190", "113121220", "113121680", "113122150", "113122430"], "labels": [0, 3, 2, 1, 3, 3, 3, 0, 1, 1, 2, 2, 1, 3, 0, 3, 2, 2, 1, 2, 0, 1, 2, 3, 0, 0, 1, 1, 3, 1, 2, 0, 3, 3, 3, 3, 1, 2, 1, 2, 1, 3, 3, 1, 0, 0, 1, 0, 2, 1, 1, 2, 3, 1, 0, 2, 1, 1, 3, 1, 1, 3, 1, 2, 0, 0, 2, 0, 2, 1, 3, 2, 2, 1, 1, 3, 3, 1, 3, 3, 1, 2, 1, 1, 3, 2, 3, 0, 0, 1, 3, 0, 1, 0, 1, 1, 3, 3, 3, 3, 1, 0, 1, 3, 0, 3, 1, 3, 3, 2, 3, 3, 0, 3, 0, 3, 0, 0, 0, 3, 0, 3, 0, 3, 0, 1, 3, 0, 0, 0, 1, 2, 0, 3, 0, 3, 2, 1, 3, 1, 2, 2], "predicted_labels": [1, 0, 2, 1, 1, 1, 0, 0, 1, 3, 3, 1, 3, 0, 1, 0, 2, 3, 3, 1, 1, 3, 0, 3, 3, 3, 3, 3, 1, 3, 0, 0, 3, 1, 1, 1, 1, 0, 1, 1, 3, 2, 3, 1, 1, 3, 3, 0, 1, 1, 3, 1, 3, 1, 3, 1, 1, 1, 0, 1, 3, 3, 1, 3, 1, 1, 3, 3, 3, 3, 1, 3, 1, 0, 3, 0, 3, 1, 3, 3, 0, 3, 3, 3, 3, 0, 3, 3, 0, 1, 0, 1, 1, 0, 1, 3, 3, 3, 3, 1, 1, 1, 3, 1, 1, 1, 1, 3, 1, 1, 3, 3, 0, 3, 0, 1, 1, 0, 3, 0, 3, 1, 3, 3, 1, 3, 0, 0, 1, 1, 1, 1, 3, 3, 0, 3, 1, 3, 1, 1, 1, 1], "confidence_scores": [[0.13149804493623707, 0.6396373006281061, 0.06992267749863876, 0.1589419769370184], [0.3134109479280941, 0.06853639867761925, 0.39712440873647215, 0.2209282446578144], [0.030903884827345685, 0.21660585018244477, 0.6016551399416729, 0.15083512504853666], [0.19817749303693916, 0.39656043758749204, 0.19661886135498388, 0.2086432080205849], [0.11289388282254263, 0.4266129754807471, 0.37508271609758925, 0.08541042559912097], [0.2326166323526498, 0.3234301250523672, 0.2780327057898927, 0.16592053680509022], [0.47133105153501426, 0.19892529901253145, 0.24538805855448495, 0.08435559089796957], [0.3029609469419502, 0.07920686964028122, 0.3424266356921917, 0.2754055477255766], [0.41088383825116875, 0.3941705473121333, 0.06789109574153077, 0.12705451869516726], [0.36471964085358693, 0.11360095101069027, 0.07167030051398136, 0.4500091076217414], [0.23509589126116137, 0.1854093712135279, 0.12224718848545536, 0.45724754903985526], [0.08216124959084212, 0.6160270922120936, 0.128534080576917, 0.173277577620147], [0.20335716575262952, 0.20410478252286665, 0.12940759578192285, 0.4631304559425808], [0.6677886970342318, 0.041317044169468284, 0.019237578693653466, 0.27165668010264654], [0.4028400595314834, 0.29914779331579805, 0.16798716792538693, 0.1300249792273316], [0.7601979220339591, 0.09226694867079177, 0.009380896668669297, 0.13815423262657972], [0.0484223421642429, 0.06577727707438487, 0.8536064652322952, 0.032193915529077126], [0.08935252877432107, 0.11054446853971417, 0.40910854457814705, 0.3909944581078178], [0.129081958964185, 0.2584111146108418, 0.3168233392792493, 0.29568358714572385], [0.18985856491057976, 0.4510198105769151, 0.21309910187615208, 0.14602252263635326], [0.26422408036015615, 0.2890948827065649, 0.09460064359642449, 0.352080393336854], [0.23820978871033716, 0.09437818986910347, 0.04891857173265679, 0.6184934496879025], [0.4110085958601999, 0.2636243890658787, 0.1558514931862283, 0.16951552188769298], [0.16666518948762668, 0.10017576293959625, 0.4759128334865573, 0.2572462140862196], [0.15410383950639825, 0.15571042539499666, 0.48069348179729227, 0.2094922533013131], [0.1808261156371938, 0.28523170249060614, 0.0664361148534545, 0.46750606701874564], [0.3949788071837542, 0.04171538843779944, 0.008541088592400827, 0.5547647157860455], [0.1255570159601307, 0.3595852618562885, 0.042579913100028295, 0.4722778090835526], [0.13425023232522743, 0.5270953675996354, 0.19632275772905056, 0.14233164234608658], [0.1433949953439114, 0.05821399414375469, 0.5691440886558423, 0.2292469218564914], [0.6509228654091221, 0.10425992976307696, 0.05164824374646098, 0.19316896108133985], [0.5459470636442467, 0.05799846866388565, 0.06925287470783865, 0.32680159298402883], [0.24893117627969305, 0.11112009111499675, 0.14518858392861836, 0.494760148676692], [0.161909243402517, 0.45743542772224344, 0.30710763585753825, 0.07354769301770114], [0.06256248183609775, 0.40578139602753144, 0.17706926134987888, 0.3545868607864921], [0.09905992325402621, 0.36783701222732834, 0.30903120769528614, 0.2240718568233597], [0.38071319271598886, 0.34511042303279893, 0.02444702300982885, 0.24972936124138342], [0.44002107505522337, 0.23344779494844337, 0.1258332687074587, 0.20069786128887454], [0.20707503681751344, 0.41177069819098916, 0.10443415806716351, 0.2767201069243339], [0.15761791740165618, 0.29057801646351117, 0.29167087428731026, 0.2601331918475223], [0.2643388222318726, 0.17820018836306262, 0.0639397777813295, 0.4935212116237353], [0.2153239948924657, 0.13521797838772856, 0.5279493929354623, 0.12150863378434373], [0.18710405676978129, 0.14006404056972702, 0.40210294015186654, 0.27072896250862544], [0.1317083440823567, 0.40020163223536975, 0.16526470295006393, 0.3028253207322095], [0.10946581993336733, 0.7300378985076823, 0.0751172574686026, 0.08537902409034825], [0.36438485190953296, 0.23040069137529431, 0.05368853194654117, 0.35152592476863154], [0.05310795467255285, 0.10865918800427424, 0.5190060519164558, 0.3192268054067172], [0.5952863260810239, 0.04461990917049048, 0.01442576184704633, 0.34566800290143934], [0.16684042805476043, 0.6894634185773503, 0.05570124807473928, 0.08799490529314988], [0.2899501956782435, 0.29925708865669126, 0.09374162544495472, 0.31705109022011063], [0.17367952121528693, 0.20194809071857472, 0.22513146276152282, 0.3992409253046155], [0.16239165271524814, 0.4825831008813307, 0.09625283957445867, 0.2587724068289624], [0.3643325136613497, 0.1325410183176249, 0.02678851187958938, 0.4763379561414362], [0.05847648464742929, 0.2922159246482481, 0.4679016726317431, 0.1814059180725797], [0.08950568534635585, 0.24529818853279622, 0.3918519939001812, 0.2733441322206665], [0.09483000198167327, 0.3594086816594069, 0.33668073409177446, 0.20908058226714554], [0.4409180647572995, 0.4292222189174811, 0.026216424425840296, 0.1036432918993794], [0.14841232471146584, 0.4997691970233434, 0.12782975958388915, 0.22398871868130166], [0.559069123516574, 0.3153763666180849, 0.017819472270533213, 0.10773503759480782], [0.12131344159270985, 0.3055970983130196, 0.40539056131051493, 0.1676988987837558], [0.20040734085902506, 0.14044773761305052, 0.22779771404019475, 0.4313472074877295], [0.2458556236849025, 0.14179456300572826, 0.08146398578623056, 0.5308858275231385], [0.22319355832675764, 0.31284506304333964, 0.19221041090227511, 0.2717509677276276], [0.15705319143546928, 0.1400996555995917, 0.48549432863413033, 0.21735282433080877], [0.287856365673002, 0.3153103674037661, 0.17191334095597016, 0.22491992596726199], [0.212406567538845, 0.33386528592053893, 0.24206563973845838, 0.21166250680215765], [0.07604383739089812, 0.24844728085198303, 0.30237617403972017, 0.3731327077173987], [0.39087634122249804, 0.009780982785969713, 0.061995382445475325, 0.5373472935460569], [0.1086602147509109, 0.3039001381320236, 0.20973247173470452, 0.37770717538236087], [0.15996180415842515, 0.3278778999175387, 0.027811806650413, 0.4843484892736233], [0.08631229867863689, 0.5245725552122275, 0.031791597430988625, 0.3573235486781472], [0.15272933358383836, 0.2835938066574063, 0.170237899591802, 0.39343896016695307], [0.12388899943255031, 0.48046032803190386, 0.13938395306441875, 0.256266719471127], [0.6619436766713974, 0.09083156421453703, 0.04358830335236149, 0.20363645576170372], [0.2795666760601543, 0.1382688210976898, 0.2650839686349515, 0.3170805342072046], [0.5222256384664256, 0.12558997104764114, 0.009684293563713395, 0.34250009692222005], [0.3134066058295958, 0.1546087960818231, 0.03453065396988076, 0.49745394411870014], [0.13225913388600966, 0.3906533280428123, 0.12264500610862301, 0.35444253196255504], [0.3925670616725096, 0.16106435061130447, 0.07818431005372278, 0.36818427766246364], [0.23163084080011073, 0.32015574297124605, 0.07298092403826105, 0.3752324921903823], [0.8034496374515318, 0.0388220343207076, 0.043318130170558404, 0.11441019805720214], [0.2818138425951775, 0.08779917149317357, 0.10133602221989951, 0.5290509636917491], [0.23414915630750022, 0.09695338743045899, 0.04918626090686412, 0.6197111953551768], [0.2699823532616749, 0.1741226617999257, 0.06013014928462835, 0.4957648356537708], [0.35252460434921534, 0.08468019440353965, 0.06802775683915405, 0.49476744440809123], [0.5032553285797975, 0.26290093984233787, 0.08569271423980693, 0.14815101733805766], [0.11124430021176387, 0.28542081935387964, 0.28773499528877644, 0.31559988514558013], [0.40777120878771606, 0.19672802740747924, 0.016449308819655777, 0.37905145498514903], [0.8291019351282557, 0.07058142949800503, 0.005260752278162704, 0.09505588309557618], [0.2180326453589785, 0.3203119980826881, 0.26601784154420804, 0.19563751501412557], [0.3409469317622934, 0.1707401761818033, 0.242484296932189, 0.2458285951237144], [0.515864589735254, 0.43436555505893953, 0.023880946337853603, 0.025888908867952944], [0.047652944844187105, 0.589242553816611, 0.05255135905200805, 0.3105531422871939], [0.5551473582057834, 0.2563168639099336, 0.03646570531904888, 0.15207007256523433], [0.24659107632252308, 0.5580473898868351, 0.06895234081576324, 0.12640919297487868], [0.1603444411314164, 0.12291530944332, 0.11647842739705867, 0.6002618220282051], [0.0532546631820871, 0.3205075460484721, 0.06614815882780545, 0.5600896319416353], [0.08931176714729118, 0.37749302739192253, 0.04746933922058896, 0.48572586624019737], [0.33563226252050743, 0.08750626413901288, 0.21252119375839562, 0.3643402795820838], [0.2573173785092558, 0.3887146266981151, 0.08183624218973472, 0.2721317526028946], [0.12513956013923155, 0.7020921233654669, 0.05561025152015433, 0.11715806497514787], [0.07269160673719556, 0.7335675442609193, 0.14970455755908438, 0.04403629144280052], [0.11929433922726708, 0.17124910505663116, 0.18850386836143138, 0.5209526873546703], [0.3302154284401253, 0.35304720557621416, 0.050840216223004296, 0.2658971497606564], [0.09839073480297926, 0.5300526312364128, 0.09209332064435642, 0.2794633133162515], [0.0702564897463417, 0.3711497271570078, 0.24614540524088346, 0.3124483778557675], [0.1416071452343003, 0.45278521736663996, 0.19411211301694495, 0.21149552438211483], [0.3520772582054046, 0.19076753749526335, 0.01060462542171926, 0.4465505788776127], [0.33752760741223287, 0.4690973552573007, 0.02861046362438002, 0.16476457370608635], [0.04021231408234421, 0.8400041314049725, 0.014277644666623181, 0.10550590984605988], [0.2652128453545363, 0.19048296816952637, 0.19769490027027403, 0.346609286205663], [0.09302900790049971, 0.2710125239994496, 0.05483258636950961, 0.5811258817305414], [0.406885524241918, 0.20139499988827236, 0.18478125283482658, 0.20693822303498274], [0.05247979494506508, 0.286210125999021, 0.2251224549221023, 0.43618762413381207], [0.6389735047152171, 0.14509588575809404, 0.11871533360446537, 0.09721527592222347], [0.44026696480414973, 0.3916679807474117, 0.13141976529418328, 0.0366452891542556], [0.2214976546462829, 0.37260972829757066, 0.021084400953366417, 0.38480821610278], [0.5191826865332757, 0.18878859324809083, 0.012228686438088531, 0.2798000337805449], [0.30329992065601924, 0.2744125575501591, 0.06435761970559771, 0.35792990208822384], [0.5573183285954346, 0.30969455366102094, 0.017679502945870756, 0.11530761479767365], [0.3066816398031577, 0.12943622874382965, 0.032282084187778046, 0.5316000472652348], [0.4108081277477199, 0.30250765970938004, 0.026092736928886653, 0.26059147561401325], [0.171497613884252, 0.3314365763248922, 0.06964246295147213, 0.4274233468393838], [0.23056707220942607, 0.2218065920992018, 0.038641681041671545, 0.5089846546497004], [0.2891486636089171, 0.5175833094815934, 0.020113567053489396, 0.173154459856], [0.21182153075968252, 0.15723720690322762, 0.0963496028584281, 0.5345916594786617], [0.6450013576103752, 0.11949160807169139, 0.010700826913939015, 0.22480620740399426], [0.725052464844378, 0.054030666339521416, 0.040280017720274765, 0.1806368510958255], [0.16135958487641971, 0.7470622079750546, 0.0239060637066183, 0.06767214344190695], [0.18678047187308275, 0.4803532364911045, 0.0613990128807047, 0.2714672787551081], [0.41892355812582693, 0.2880339421054986, 0.030754948122274563, 0.2622875516464002], [0.08634376299506923, 0.542656790312887, 0.31054736681505635, 0.06045207987698773], [0.36469503895267325, 0.14540551298442, 0.08728008385189794, 0.4026193642110088], [0.12049149968842328, 0.09928239367690103, 0.05449174601723984, 0.7257343606174359], [0.48193764563939473, 0.2856408148923388, 0.013639438515392621, 0.21878210095287387], [0.1984480203464494, 0.336438308250679, 0.05201309369693762, 0.41310057770593406], [0.2044264298279329, 0.4164899285049631, 0.11418179793277175, 0.26490184373433207], [0.18140515697579013, 0.145482385281872, 0.09896662150822659, 0.5741458362341111], [0.17257078049384827, 0.3634337374521525, 0.10563957307879802, 0.35835590897520064], [0.12326907747981833, 0.4357484656144858, 0.19964816955492318, 0.24133428735077248], [0.029778471448157706, 0.7864131133065607, 0.05735725714044107, 0.1264511581048405], [0.04090167038096928, 0.801647040732545, 0.0407172655028641, 0.11673402338362157]]}}