{"test": {"ids": ["108115970", "106115120", "99109370", "107121230", "102109850", "98120010", "111120540", "110119030", "102110690", "109113591", "105112100", "110120700", "97112170", "107113840", "107116340", "105113260", "113119930", "107118520", "112116900", "104113170", "113121220", "109113931", "108117610", "105116441", "101108080", "105116650", "112117571", "100108580", "108113740", "112116850", "100120780", "107113180", "112121360", "111119430", "110119891", "112119580", "113119480", "108120700", "113122190", "111115620", "103117200", "110114950", "110113591", "98113881", "107113130", "98108580", "110115890", "110118810", "104111880", "105115900", "99112641", "107118120", "103109641", "113119700", "112120670", "110114321", "103113210", "99111000", "104113380", "101108460", "105117431", "108119550", "111118810", "102110240", "108116501", "97109570", "109117150", "110118930", "99109840", "101111140", "100109801", "98111231", "109114220", "105113620", "107115250", "97106770", "100111390", "99108010", "113121410", "98106880", "105115570", "105119550", "103120531", "100109000", "101108121", "97109080", "111116411", "97107950", "112117471", "108121410", "106114280", "106119260", "113122180", "109116441", "103111930", "104116800", "104113550", "110120540", "111120260", "108118301", "104109311", "100109890", "106113830", "104113240", "111116640", "101115190", "99109311", "97116800", "110117110", "97116500", "104114320", "111117000", "99109910", "99110050", "106117650", "104113210", "106118161", "100108520", "110115580", "97107821", "107121540", "108114180", "105115380", "111114171", "106114321", "98112580", "113120591", "112118701", "105113440", "99107630", "113120280", "112118530", "106116370", "106111321", "105110251", "107121640", "99108520", "112120540", "106116640", "112120270", "105116501", "99111340"], "labels": [2, 1, 1, 0, 1, 2, 1, 0, 0, 3, 1, 2, 0, 3, 3, 3, 1, 2, 3, 3, 3, 1, 3, 1, 0, 1, 3, 0, 3, 0, 1, 3, 3, 3, 3, 3, 3, 2, 1, 1, 0, 0, 0, 3, 1, 0, 2, 1, 3, 3, 1, 3, 1, 0, 2, 1, 3, 2, 1, 0, 1, 1, 0, 3, 0, 0, 2, 1, 2, 2, 0, 1, 3, 0, 2, 3, 2, 2, 0, 0, 0, 1, 3, 1, 0, 2, 0, 2, 3, 0, 3, 1, 2, 3, 3, 1, 1, 1, 3, 1, 3, 3, 1, 2, 0, 1, 1, 0, 0, 2, 2, 0, 2, 3, 1, 3, 3, 2, 1, 2, 2, 1, 1, 3, 2, 2, 0, 0, 0, 2, 0, 1, 2, 0, 0, 1, 2, 3, 3, 0, 1, 1], "predicted_labels": [3, 0, 1, 1, 1, 1, 1, 3, 1, 1, 3, 1, 3, 0, 1, 0, 1, 1, 1, 1, 3, 1, 3, 1, 1, 1, 1, 2, 3, 3, 1, 1, 0, 1, 3, 3, 3, 3, 3, 3, 3, 0, 1, 3, 1, 1, 1, 1, 3, 1, 0, 1, 3, 1, 3, 1, 1, 1, 1, 3, 1, 3, 3, 1, 3, 3, 1, 1, 1, 0, 0, 3, 1, 1, 1, 0, 3, 1, 3, 3, 1, 1, 1, 1, 3, 1, 3, 3, 1, 1, 3, 0, 3, 0, 1, 3, 0, 1, 0, 0, 3, 0, 3, 1, 3, 1, 1, 0, 1, 3, 0, 3, 2, 3, 3, 3, 1, 3, 3, 0, 3, 3, 1, 3, 3, 1, 1, 3, 3, 3, 3, 1, 0, 3, 3, 3, 1, 1, 3, 1, 1, 1], "confidence_scores": [[0.2740092241092241, 0.24982513042513058, 0.1628279387279388, 0.3133377067377068], [0.31374292929292924, 0.2526733266733266, 0.14656113608613616, 0.28702260794760787], [0.2507406815406818, 0.2924044733044735, 0.1779322954822955, 0.27892254967254965], [0.17949467754467763, 0.3309731213231213, 0.21026650016650025, 0.2792657009657011], [0.22151891817333, 0.3158601176601178, 0.22345476925035762, 0.23916619491619495], [0.2033002719502722, 0.33265036075036064, 0.20837672882672886, 0.2556726384726386], [0.19383399933399942, 0.2946937451437453, 0.23104356199356202, 0.28042869352869354], [0.22867263569763582, 0.2784019036519038, 0.16800703463203462, 0.3249184260184261], [0.26828888888888897, 0.2907500943500944, 0.15897437007437012, 0.2819866466866468], [0.22395779220779238, 0.31573693528693525, 0.16570433177933183, 0.2946009407259405], [0.2434937895437896, 0.25110305805305827, 0.20367826062826075, 0.3017248917748917], [0.24740533910533918, 0.2893279220779221, 0.2371376956376957, 0.22612904317904328], [0.25906152736152743, 0.2726910772234302, 0.17010273713214885, 0.2981446582828937], [0.284393650793651, 0.2842319264069265, 0.17940817793317806, 0.25196624486624497], [0.21188049728049735, 0.323219042069042, 0.1669192557442557, 0.297981204906205], [0.28423686868686865, 0.2787442501942501, 0.15421712556449407, 0.2828017555543873], [0.26473930513930516, 0.3119905427905428, 0.14601385281385293, 0.27725629925629924], [0.18641885336885347, 0.3469669275169275, 0.18620341325341327, 0.2804108058608059], [0.27571204906204916, 0.3110920246420245, 0.17232738372738388, 0.24086854256854262], [0.19975194805194824, 0.3356123598623597, 0.20317397602397622, 0.2614617160617162], [0.23366731601731616, 0.2910532467532466, 0.16206776279276283, 0.31321167443667436], [0.22009971694971697, 0.3056633477633478, 0.1704697191697192, 0.3037672161172163], [0.20849841269841277, 0.2553852813852816, 0.13783694083694087, 0.39827936507936507], [0.20990236707736729, 0.35449106726606733, 0.20331062826062835, 0.23229593739593754], [0.26626470751470777, 0.307191233766234, 0.1732688644688645, 0.2532751942501944], [0.2514535252329373, 0.286946941946942, 0.19916450118508944, 0.2624350316350319], [0.2591783716283716, 0.30113768453768447, 0.17531615606615605, 0.2643677877677878], [0.2494880758130759, 0.2438498842660608, 0.25706374377256747, 0.24959829614829623], [0.30682310467310475, 0.20586916971916983, 0.15970856088356097, 0.3275991647241647], [0.20108273948273955, 0.2594955805632278, 0.25537774056009355, 0.28404393939393946], [0.24222570207570213, 0.29503427128427134, 0.18769472194472203, 0.2750453046953048], [0.2608336552336555, 0.29808803973803977, 0.21577844932844945, 0.2252998556998559], [0.3129532079032081, 0.2651189976689977, 0.17000788100788097, 0.25191991341991343], [0.20432644022644025, 0.3169483127983127, 0.2038844821844823, 0.27484076479076486], [0.23680326895326914, 0.24000036075036096, 0.17336080586080593, 0.34983556443556457], [0.20083847818847828, 0.2707479076479078, 0.18184290154290156, 0.34657071262071276], [0.236358152958153, 0.2645696969696971, 0.17952431457431475, 0.3195478354978355], [0.24772788045288052, 0.25474101454101467, 0.1753308302808304, 0.32220027472527446], [0.25069999444999436, 0.2636933344433345, 0.18978234543234554, 0.2958243256743259], [0.24927679542679565, 0.27665615495615503, 0.15752014652014665, 0.3165469030969031], [0.2960403096903097, 0.2794351315351316, 0.12448230103230108, 0.30004225774225773], [0.3421564380064379, 0.20001814296814308, 0.14195171495171505, 0.315873704073704], [0.24985764235764252, 0.3350949106449105, 0.14861315351315357, 0.26643429348429354], [0.24416608946608948, 0.27114376538494195, 0.20707643663526026, 0.2776137085137086], [0.22751500166500183, 0.3065037886949652, 0.22650571291453664, 0.23947549672549673], [0.2633417027417029, 0.29855292844410497, 0.1880067035905272, 0.2500986652236652], [0.20612857420357433, 0.31569191919191925, 0.1815610056610058, 0.296618500943501], [0.24423323343323355, 0.2816106393606393, 0.19572630702630708, 0.27842982017981993], [0.19932193917193922, 0.26023813963813974, 0.24425284160284172, 0.2961870795870796], [0.23341724386724388, 0.27456658341658363, 0.22780508380508385, 0.264211088911089], [0.2826928016428015, 0.2568436702186703, 0.20614051226551225, 0.25432301587301587], [0.25124938949938974, 0.31836359751359766, 0.1741495171495172, 0.25623749583749594], [0.22018412143412158, 0.27029420024420026, 0.20017049062049064, 0.30935118770118764], [0.21043665223665223, 0.3814350482850482, 0.20302471972471986, 0.2051035797535799], [0.21624345099345096, 0.2827926628926629, 0.2003777777777779, 0.3005861083361082], [0.2862472968208262, 0.3011674186924187, 0.17630296876326296, 0.2362823157234924], [0.23857854367854378, 0.28562797757797764, 0.23063893328893345, 0.24515454545454557], [0.2094492007992009, 0.2995412642912644, 0.24894009324009317, 0.24206944166944178], [0.21731190476190496, 0.32303876678876675, 0.2401151737151739, 0.21953415473415477], [0.2885849789099789, 0.25061777666777674, 0.1623718004218004, 0.29842544400044396], [0.2536173520923521, 0.32715362970362966, 0.16300336885336883, 0.2562256493506494], [0.24448670218670235, 0.24283270618270625, 0.19247804417804434, 0.3202025474525473], [0.26735061605061605, 0.2517804750804752, 0.14101685536685543, 0.33985205350205355], [0.24999966144966168, 0.29273023088023087, 0.19524377844377844, 0.26202632922632935], [0.2865582806082806, 0.23731212676212676, 0.1631646686646687, 0.312964923964924], [0.26532109002109, 0.24547888222888223, 0.1830539238539239, 0.30614610389610386], [0.26289998334998355, 0.3117036102786102, 0.20070199800199814, 0.22469440836940846], [0.19713110778110787, 0.3420569930069929, 0.16251249306249316, 0.29829940614940625], [0.21719165279165298, 0.27650606060606064, 0.2592299200799201, 0.24707236652236653], [0.3142108669108669, 0.22459393939393943, 0.1847664724164725, 0.2764287212787212], [0.2779926295926297, 0.2735914585414586, 0.22101310356310366, 0.2274028083028083], [0.2517023171273173, 0.2452626623376624, 0.1964323882000353, 0.3066026323349853], [0.24215326895326908, 0.3107590298590299, 0.19084381729381739, 0.2562438838938841], [0.2298920912420914, 0.31858543841779136, 0.24075055059319764, 0.21077191974691992], [0.19850312465312478, 0.3145777999778002, 0.22758600288600303, 0.25933307248307264], [0.2864442557442557, 0.26225000000000004, 0.20235817515817522, 0.2489475690975692], [0.19861290931290937, 0.28752445887445893, 0.1848632145632145, 0.3289994172494172], [0.19173913863913883, 0.36136817071817057, 0.25580666555666565, 0.19108602508602518], [0.2793230713730715, 0.24902520257520264, 0.13776892551892556, 0.33388280053280056], [0.19965220335220343, 0.2684810919472686, 0.2137305408643645, 0.31813616383616383], [0.23469377289377305, 0.3071733932733934, 0.2021442335442338, 0.25598860028860043], [0.2888738428238429, 0.2889761055937528, 0.15689185977421272, 0.26525819180819177], [0.2506547452547455, 0.2848060772560772, 0.18858748473748482, 0.27595169275169273], [0.2453318265068266, 0.30480613830613845, 0.2151608585858587, 0.2347011766011766], [0.24151884781884797, 0.2678492296918767, 0.16227467140702434, 0.3283572510822509], [0.22791315628815645, 0.3061108891108892, 0.1702309385059386, 0.29574501609501613], [0.3156069930069932, 0.19876751581751584, 0.12396017316017316, 0.36166531801531804], [0.2334136641136644, 0.2786013375513374, 0.19628216228216228, 0.2917028360528362], [0.26786199356199375, 0.3037165057165058, 0.16141051171051174, 0.26701098901098913], [0.24784571343689005, 0.34819144385026735, 0.19560918525918528, 0.20835365745365758], [0.21495355755355763, 0.2650579476079478, 0.17670654900654909, 0.3432819458319455], [0.2953878510378511, 0.22554775779775807, 0.22361843711843726, 0.25544595404595416], [0.244703973803974, 0.2745091852591852, 0.18813753468753472, 0.2926493062493064], [0.3273937673437672, 0.2768792374292375, 0.16799424464424464, 0.22773275058275066], [0.2581113442113443, 0.29298645243645244, 0.19603285048285057, 0.25286935286935297], [0.2168775335775337, 0.2629354851031323, 0.19471216169451466, 0.3254748196248196], [0.3322063492063491, 0.22331956931956942, 0.16482308802308807, 0.2796509934509933], [0.235007475857476, 0.3156350926850926, 0.20241719391719404, 0.24694023754023764], [0.28480444000444005, 0.283806105006105, 0.17025504495504507, 0.26113441003441007], [0.2963331890331891, 0.2797950577200577, 0.15551706349206357, 0.2683546897546898], [0.27421904761904775, 0.25592568542568545, 0.16803841158841168, 0.3018168553668555], [0.28481834831834846, 0.23599588548706202, 0.21247054807937157, 0.2667152181152183], [0.20145452880452885, 0.254598867798868, 0.182137864912865, 0.3618087384837386], [0.2007014097014097, 0.35708166833166843, 0.21757869189633894, 0.2246382300705832], [0.23412294372294384, 0.2575387445887447, 0.18863931068931075, 0.3196990009990011], [0.190102771411595, 0.3583521347933112, 0.20984222999223012, 0.24170286380286385], [0.2550247585747586, 0.2896336163836166, 0.20266711621711628, 0.252674508824509], [0.27600238095238117, 0.2568924242424243, 0.2061599844599845, 0.26094521034521045], [0.20213092463092475, 0.32328324061559355, 0.2506365978792451, 0.22394923687423715], [0.21682831057831067, 0.25490559799677454, 0.23482324538206906, 0.29344284604284626], [0.2666287351537353, 0.2651277944277945, 0.2194422383172384, 0.24880123210123217], [0.22500043845043852, 0.2886246475746476, 0.17822256077256082, 0.3081523532023533], [0.16392735875235878, 0.2887541070041069, 0.3204523754023753, 0.22686615884115904], [0.18980430680430688, 0.29593961038961025, 0.2116156565656567, 0.30264042624042636], [0.2623575591075591, 0.2680154123654124, 0.18543311133311147, 0.28419391719391723], [0.24711493506493515, 0.23879369519369525, 0.16235486213133277, 0.3517365076100371], [0.23780623543123555, 0.3201186813186815, 0.20481610334110348, 0.23725897990897996], [0.2844241147741148, 0.19779701964701973, 0.21001267898767906, 0.30776618659118643], [0.2510126817626819, 0.2348790209790211, 0.22884543789543793, 0.28526285936285933], [0.2808525807525806, 0.27377680097680107, 0.17181797646797645, 0.27355264180264194], [0.2322541569541571, 0.26783950216450214, 0.21466153013653022, 0.28524481074481084], [0.19651352536352545, 0.252780774780775, 0.17401367243867244, 0.3766920274170273], [0.19878655788655797, 0.316315367965368, 0.20644254634254627, 0.2784555278055279], [0.1986059052059053, 0.27739227994228005, 0.15829172494172494, 0.36571008991009], [0.2791414640914642, 0.24393512321012326, 0.19042544677544682, 0.2864979659229658], [0.20183298923298942, 0.2771375291375293, 0.24840637695637696, 0.2726231046731047], [0.2463699134199134, 0.30252843822843833, 0.15086421193185917, 0.3002374364197895], [0.23930578310578313, 0.2682452269952271, 0.20107701742701758, 0.2913719724719726], [0.23150086580086593, 0.24707604617604623, 0.23924588744588754, 0.28217720057720086], [0.26729004329004324, 0.18349158064158072, 0.18784942834942836, 0.3613689477189478], [0.3196082917082917, 0.20183807858807862, 0.1567580808080809, 0.3217955488955489], [0.18745900210900213, 0.3591355977355977, 0.22367161727161738, 0.2297337828837829], [0.35022025197025186, 0.1797682983682984, 0.15922520257520256, 0.3107862470862471], [0.27036769896769913, 0.2696868326118327, 0.16748151570651573, 0.29246395271395265], [0.24380326340326353, 0.25215716505716523, 0.19180374070374084, 0.312235830835831], [0.27704032634032644, 0.21165057720057734, 0.20933037518037526, 0.3019787212787213], [0.23653626096126096, 0.33753437950937965, 0.19802365689865695, 0.2279057026307028], [0.282100823359647, 0.29507543926661584, 0.15298066378066383, 0.2698430735930735], [0.2607987012987014, 0.26956327006327013, 0.14810652680652686, 0.32153150183150164], [0.16456039516039517, 0.3091312465312466, 0.28816544011544, 0.2381429181929183], [0.2905112276612277, 0.3032848873348871, 0.11754917304917314, 0.2886547119547121], [0.21487271062271074, 0.29439254079254074, 0.21278142968142963, 0.277953318903319]]}, "rewritten": {"ids": ["97106770", "97107821", "97107950", "97109080", "97109570", "97112170", "97116500", "97116800", "98106880", "98108580", "98111231", "98112580", "98113881", "98120010", "99107630", "99108010", "99108520", "99109311", "99109370", "99109840", "99109910", "99110050", "99111000", "99111340", "99112641", "100108520", "100108580", "100109000", "100109801", "100109890", "100111390", "100120780", "101108080", "101108121", "101108460", "101111140", "101115190", "102109850", "102110240", "102110690", "103109641", "103111930", "103113210", "103117200", "103120531", "104109311", "104111880", "104113170", "104113210", "104113240", "104113380", "104113550", "104114320", "104116800", "105110251", "105112100", "105113260", "105113440", "105113620", "105115380", "105115570", "105115900", "105116441", "105116501", "105116650", "105117431", "105119550", "106111321", "106113830", "106114280", "106114321", "106115120", "106116370", "106116640", "106117650", "106118161", "106119260", "107113130", "107113180", "107113840", "107115250", "107116340", "107118120", "107118520", "107121230", "107121540", "107121640", "108113740", "108114180", "108115970", "108116501", "108117610", "108118301", "108119550", "108120700", "108121410", "109113591", "109113931", "109114220", "109116441", "109117150", "110113591", "110114321", "110114950", "110115580", "110115890", "110117110", "110118810", "110118930", "110119030", "110119891", "110120540", "110120700", "111114171", "111115620", "111116411", "111116640", "111117000", "111118810", "111119430", "111120260", "111120540", "112116850", "112116900", "112117471", "112117571", "112118530", "112118701", "112119580", "112120270", "112120540", "112120670", "112121360", "113119480", "113119700", "113119930", "113120280", "113120591", "113121220", "113121410", "113122180", "113122190"], "labels": [3, 2, 2, 2, 0, 0, 2, 0, 0, 0, 1, 2, 3, 2, 2, 2, 2, 1, 1, 2, 2, 3, 2, 1, 1, 2, 0, 1, 0, 3, 2, 1, 0, 0, 0, 2, 1, 1, 3, 0, 1, 3, 3, 0, 3, 3, 3, 3, 3, 2, 1, 1, 2, 1, 0, 1, 3, 0, 0, 1, 0, 3, 1, 1, 1, 1, 1, 0, 1, 3, 2, 1, 2, 3, 1, 3, 1, 1, 3, 3, 2, 3, 3, 2, 0, 2, 1, 3, 1, 2, 0, 3, 1, 1, 2, 0, 3, 1, 3, 3, 2, 0, 1, 0, 1, 2, 0, 1, 1, 0, 3, 1, 2, 3, 1, 0, 0, 0, 0, 3, 3, 1, 0, 3, 3, 3, 1, 0, 3, 0, 3, 2, 3, 3, 0, 1, 0, 0, 3, 0, 2, 1], "predicted_labels": [0, 3, 1, 1, 3, 0, 1, 0, 1, 1, 3, 1, 0, 3, 3, 1, 1, 1, 1, 1, 1, 1, 1, 1, 3, 3, 2, 1, 3, 0, 3, 3, 1, 3, 0, 0, 1, 1, 1, 1, 3, 1, 3, 1, 1, 3, 3, 1, 3, 1, 1, 0, 1, 3, 3, 3, 3, 3, 1, 1, 1, 3, 1, 1, 1, 1, 0, 0, 3, 3, 3, 0, 0, 0, 1, 1, 0, 1, 1, 0, 1, 1, 1, 1, 3, 3, 3, 0, 3, 3, 3, 3, 1, 3, 3, 0, 1, 1, 3, 0, 1, 1, 1, 0, 3, 1, 1, 1, 1, 3, 3, 1, 1, 3, 3, 3, 3, 1, 3, 1, 1, 1, 1, 0, 1, 1, 1, 3, 3, 1, 1, 3, 0, 3, 1, 1, 0, 3, 3, 3, 3, 1], "confidence_scores": [[0.30205848318348333, 0.24836933621933627, 0.21527478354978363, 0.23429739704739722], [0.2712497446997447, 0.27099487179487186, 0.15636035631035633, 0.3013950271950272], [0.2530566433566435, 0.27939688644688637, 0.20383064713064725, 0.26371582306582325], [0.22244973914973928, 0.3129686507936506, 0.1990273920523921, 0.2655542180042181], [0.28146535409035406, 0.2556132756132756, 0.1584539460539461, 0.30446742424242434], [0.2990172993672994, 0.2810189901601668, 0.15381877207759564, 0.2661449383949385], [0.2163063436563436, 0.2801166833166834, 0.22960481740481745, 0.27397215562215566], [0.2925075036075037, 0.25975822510822516, 0.18352521645021655, 0.2642090548340549], [0.18960422910422917, 0.3116961324623089, 0.23458570791953162, 0.2641139305139307], [0.2632154012654014, 0.29199488093605763, 0.20583964842347208, 0.23895006937506952], [0.276332326007326, 0.2509075547002018, 0.18404483686248396, 0.2887152824299883], [0.18857938172938177, 0.3075499167499169, 0.2289866522366522, 0.27488404928404936], [0.2949556998557, 0.26673267843267845, 0.2154926184926186, 0.22281900321900336], [0.23475517815517838, 0.2539006715506716, 0.20810651570651575, 0.3032376345876344], [0.25954206349206355, 0.23064166552401855, 0.18368791600556306, 0.3261283549783551], [0.20289790209790223, 0.3465949772449772, 0.2634182817182819, 0.18708883893883907], [0.25428749583749594, 0.28394758852258856, 0.22960005550005574, 0.2321648601398602], [0.2482513653013654, 0.2961521894771897, 0.18953273670773688, 0.26606370851370864], [0.24960326895326918, 0.27748917748917756, 0.2099819402819402, 0.2629256132756134], [0.16592195582195587, 0.3027333333333334, 0.23500459540459545, 0.29634011544011557], [0.18960980685980688, 0.30673238705738715, 0.2809945665445666, 0.22266323953823974], [0.20949291819291826, 0.28927501387501386, 0.21277514707514708, 0.288456920856921], [0.21920796980796983, 0.2956204406704407, 0.2359768564768565, 0.24919473304473322], [0.21072939380880576, 0.30138186258186267, 0.20792505729564562, 0.2799636863136864], [0.2539108613608615, 0.2521927600177601, 0.2018148407148407, 0.2920815379065379], [0.2711075924075927, 0.22871904761904774, 0.18770178155178166, 0.3124715784215782], [0.25708433200786146, 0.23650216254333908, 0.262511226355344, 0.24390227909345577], [0.2681468586968589, 0.27800750360750365, 0.19306518481518486, 0.26078045288045304], [0.27109683927183936, 0.24288743201243213, 0.21048218448218461, 0.27553354423354426], [0.27971625596625593, 0.24855600869718508, 0.2102805491893727, 0.2614471861471863], [0.21232067932067938, 0.2823038739038739, 0.17149658397158404, 0.3338788628038629], [0.23106247641247651, 0.27645695415695404, 0.1827251082251083, 0.3097554612054614], [0.27266430236430245, 0.2894103035853038, 0.18414387279387281, 0.25378152125652126], [0.2719800366300367, 0.24989905649905647, 0.15557878787878793, 0.3225421189921189], [0.2935424741924744, 0.2687478715728717, 0.1687846320346321, 0.2689250222000223], [0.31317680652680635, 0.24871630036630044, 0.20168402153402154, 0.23642287157287162], [0.20644904180786544, 0.3401143059554825, 0.1965782606282607, 0.2568583916083917], [0.2128239510489512, 0.3452561716061716, 0.216578441003441, 0.2253414363414364], [0.2583362082362084, 0.2800721778221781, 0.20142606837606847, 0.2601655455655456], [0.27945516705516726, 0.29119956154956156, 0.1591866022866024, 0.2701586691086692], [0.23418992118992135, 0.25296327006327013, 0.19560931845931853, 0.31723749028749026], [0.2308991286491287, 0.26947761127761144, 0.23298477078477087, 0.26663848928848927], [0.2551258463758465, 0.2700090298590299, 0.19575456765456772, 0.2791105561105562], [0.28227642912642925, 0.2941099067599068, 0.1307981962481963, 0.2928154678654677], [0.2591456349206351, 0.2948109446109446, 0.15725803085803092, 0.28878538961038946], [0.2956929459429459, 0.24217115384615398, 0.1501756798756799, 0.3119602203352204], [0.2159626318126319, 0.24370018870018872, 0.20991789321789328, 0.33041928626928646], [0.24252774088656442, 0.3085889257801022, 0.1929158785658787, 0.25596745476745475], [0.27614529359529366, 0.21950942945942953, 0.15664225774225785, 0.34770301920301916], [0.182060101010101, 0.40564920634920626, 0.21712294372294383, 0.19516774891774902], [0.22109073704073717, 0.27256279831279834, 0.2545111971361973, 0.2518352675102676], [0.33267510822510804, 0.2201954267954268, 0.17093427128427138, 0.27619519369519385], [0.27444456099456105, 0.2881229131979131, 0.1664427905427907, 0.27098973526473547], [0.25521443001443017, 0.25753032523032526, 0.20709214119214125, 0.28016310356310364], [0.2646450688200689, 0.2519988400488402, 0.17869208569208572, 0.30466400543900557], [0.24163135753135767, 0.25493602508602503, 0.1971463702963704, 0.3062862470862471], [0.2437687534687535, 0.2740669608169609, 0.2004674103674105, 0.2816968753468753], [0.24909734154734156, 0.2555019758019758, 0.2035049006549007, 0.29189578199578214], [0.22252126762126784, 0.34485947385947374, 0.19566934176934178, 0.23694991674991692], [0.22276173271173272, 0.2992307581307581, 0.1959551282051283, 0.2820523809523811], [0.23453026418026435, 0.3219503996003996, 0.16536219336219346, 0.2781571428571429], [0.2643842712842713, 0.2588315018315019, 0.20639815184815188, 0.270386075036075], [0.2296853091353092, 0.3342500055500056, 0.20979840714840728, 0.22626627816627826], [0.27067057387057397, 0.3091542513042512, 0.12776880341880348, 0.29240637140637155], [0.2304798600092719, 0.3044150016650017, 0.21112576214635057, 0.2539793761793764], [0.2361995171495172, 0.2964243506493507, 0.1976566211566212, 0.2697195110445112], [0.2912283383283383, 0.29056825951825965, 0.16352782217782216, 0.25467557997558005], [0.2976190198690199, 0.2720056277056277, 0.1574901071151072, 0.2728852453102453], [0.2103724220224221, 0.2204046176046177, 0.2009121295371295, 0.36831083083583077], [0.2209872108283874, 0.26058691504573867, 0.18497651792651798, 0.33344935619935606], [0.2617442307692308, 0.2604618992118993, 0.17511716616716624, 0.30267670385170387], [0.3157624819624822, 0.2517531246531247, 0.15091732989233006, 0.28156706349206323], [0.3425954101454101, 0.1796531246531248, 0.14109778554778551, 0.3366536796536797], [0.28711926406926397, 0.2648322732822733, 0.16180497835497845, 0.28624348429348434], [0.27233958263958263, 0.27362984237984234, 0.19174339549339556, 0.26228717948717956], [0.2506583777333779, 0.30358334998335007, 0.20727240259740276, 0.23848586968586977], [0.2931451215451217, 0.2153212953712956, 0.2148105727605728, 0.27672301032301033], [0.2324088467088468, 0.30729266844266845, 0.21629610389610404, 0.244002380952381], [0.2605799311799314, 0.27213643578643587, 0.22246349206349222, 0.2448201409701411], [0.317622943722944, 0.2771490259740261, 0.17366966089466104, 0.23155836940836938], [0.2103007992007993, 0.29826762681762686, 0.19884181929181946, 0.2925897546897549], [0.21472821622821633, 0.3513507936507937, 0.16268174603174607, 0.27123924408924416], [0.2693009435009436, 0.30651349598114325, 0.16211038014273313, 0.2620751803751804], [0.21025550560550568, 0.35290269175269173, 0.1851798923298924, 0.2516619103119104], [0.1945487734487735, 0.28728304473304483, 0.2139685425685425, 0.30419963924963916], [0.25560159089276746, 0.2573680069930071, 0.2144133025471261, 0.2726170995670997], [0.2586310245310247, 0.24481565656565651, 0.23599748584748598, 0.2605558330558332], [0.3233402874902874, 0.20942120657120666, 0.1486602952602953, 0.3185782106782106], [0.20206745476745483, 0.2674264790764791, 0.1894258214008214, 0.34108024475524484], [0.29139276377217554, 0.2523137667887669, 0.16405730005288835, 0.2922361693861693], [0.28874682539682556, 0.23431982739482757, 0.17797123987123986, 0.29896210733710726], [0.23429098124098138, 0.22829552669552686, 0.1555896825396826, 0.3818238095238093], [0.26463080808080813, 0.288669721944722, 0.17165327172827174, 0.27504619824619836], [0.24306606171606182, 0.27076084471084483, 0.19424913974913985, 0.29192395382395386], [0.27181566293183945, 0.2342559682147919, 0.16752773337773352, 0.32640063547563525], [0.30581029526029535, 0.29608178488178494, 0.1793549617049618, 0.21875295815295845], [0.21298864468864478, 0.311992057942058, 0.18642095127095132, 0.28859834609834606], [0.20808773807891465, 0.31905192226074575, 0.17958570318570324, 0.2932746364746365], [0.26781965811965813, 0.2498684648684649, 0.19615430680430687, 0.2861575702075703], [0.3168808338720102, 0.2802975211063447, 0.16810805305805304, 0.23471359196359212], [0.23350674880674885, 0.3210856560106561, 0.20872258852258857, 0.23668500666000675], [0.26209326784326786, 0.3234320068820068, 0.14322312132312132, 0.271251603951604], [0.3014573149073149, 0.3090326340326338, 0.17786483516483528, 0.21164521589521604], [0.350413825063825, 0.2309714951714952, 0.12950793650793652, 0.28910674325674324], [0.2735432345432347, 0.230018192918193, 0.21719375069375074, 0.27924482184482186], [0.18660137640137642, 0.3157534021534022, 0.19299002664002676, 0.304655194805195], [0.2414566156066157, 0.29507626262626246, 0.22797362914862923, 0.23549349261849284], [0.2640282162282164, 0.2814630092130091, 0.1795642857142858, 0.2749444888444889], [0.2193405316905318, 0.37560122655122635, 0.14551576201576208, 0.25954247974247974], [0.21527437007437025, 0.2963311854811856, 0.18910836940836942, 0.29928607503607524], [0.22064506604506615, 0.27094469419469436, 0.17122982017982027, 0.3371804195804197], [0.20498684093684105, 0.3301051642801643, 0.1992077061827062, 0.2657002886002886], [0.24136912809412825, 0.28057715062715066, 0.23242784715284726, 0.2456258741258741], [0.1899692141192143, 0.2825776556776558, 0.17096455211455214, 0.3564885780885781], [0.26895240870240883, 0.2642204129204131, 0.15281773781773786, 0.31400944055944036], [0.2781078421578423, 0.22171352813852818, 0.1343997113997114, 0.3657789183039184], [0.24328913504795865, 0.2670815442727208, 0.17371168276168286, 0.31591763791763794], [0.21748528138528148, 0.36359737484737487, 0.1642111222111223, 0.2547062215562215], [0.2758199522699524, 0.2605418209241741, 0.13670928907693616, 0.3269289377289377], [0.21097940392940404, 0.3032855921855922, 0.1968330669330671, 0.28890193695193694], [0.28557218337218343, 0.3257145798645799, 0.16413237697974545, 0.2245808597834914], [0.22559913419913424, 0.3270721611721611, 0.1765998334998335, 0.2707288711288713], [0.21736079476079495, 0.3000505328005328, 0.21060547785547795, 0.2719831945831947], [0.31213086913086907, 0.25922186147186144, 0.1705793761793762, 0.25806789321789325], [0.24632252747252756, 0.3311595848595849, 0.1705226273726274, 0.2519952602952605], [0.25664854034854034, 0.2923269674769674, 0.17280238650238655, 0.2782221056721058], [0.19394676989677004, 0.3450240703740705, 0.22892922077922087, 0.23209993894993897], [0.2322592241092243, 0.2960204240204241, 0.15926454101454102, 0.31245581085581087], [0.21326907814407822, 0.2978345820845822, 0.16290761738261736, 0.3259887223887224], [0.1574202797202798, 0.3039081696081696, 0.2865253135753136, 0.2521462370962373], [0.2574655178155179, 0.2914088467088467, 0.1610652236652238, 0.2900604118104118], [0.20679315406815413, 0.2752687645687646, 0.19828214563214575, 0.3196559357309358], [0.33914916749916774, 0.25419973359973375, 0.16912555777555777, 0.23752554112554114], [0.2210240981240982, 0.28265971805971807, 0.1840208735708737, 0.3122953102453102], [0.22260398212898216, 0.3620657065157065, 0.19671654456654455, 0.2186137667887669], [0.259217476967477, 0.31594072039072046, 0.15027761682761692, 0.2745641858141858], [0.3255482683982684, 0.19035533910533922, 0.16988910533910542, 0.31420728715728713], [0.2717612831612832, 0.2608389332889334, 0.1428030303030304, 0.3245967532467533], [0.23459352314352325, 0.28575239760239757, 0.18555840548340563, 0.29409567377067375], [0.2919824009324012, 0.2494997335997336, 0.1620891053391054, 0.2964287601287602], [0.254677566877567, 0.2698814962814964, 0.17895813075813077, 0.2964828060828063], [0.24460306637806645, 0.2722953102453103, 0.22090584415584422, 0.26219577922077947]]}}