{"test": {"ids": ["110114651", "109114651", "98121790", "105113260", "105113170", "98108410", "108114220", "101116130", "101109120", "105115680", "106121190", "107119950", "100112060", "104114240", "102110690", "101108460", "107115140", "99111440", "100113210", "102109850", "101109000", "110114920", "113122650", "103110840", "100111390", "108113700", "104116441", "99108330", "108115070", "102121440", "110118810", "98110710", "107112850", "110117110", "102108621", "108118630", "103111990", "110117140", "102109840", "103113210", "100107920", "111120280", "106116120", "107113170", "112116451", "105117200", "101111310", "112118581", "113120260", "102112170", "111119930", "110115710", "112119450", "111114941", "97112170", "105116860", "104116980", "100109910", "99108890", "111115780", "112116290", "107114950", "98120010", "97107950", "108118301", "105120280", "105115250", "99117740", "112120540", "110114321", "109118161", "113122170", "99119830", "113121750", "111116411", "111114321", "109116930", "97109080", "106116441", "112117210", "103113101", "104119290", "109113281", "99109840", "112118880", "113119450", "104118340", "105117431", "109118231", "109120621", "112117580", "113118490", "99108010", "105112130", "112121410", "97106820", "98113881", "105113620", "103120730", "110115120", "99111930", "105116501", "107114140", "101121640", "100109311", "110115250", "103109641", "108117610", "98107210", "97105451", "109115070", "101117580", "108113740", "112116990", "112116900", "97116790", "104112201", "104111990", "102109010", "109121410", "113118870", "112118930", "106113360", "111119430", "104111711", "104111880", "101111990", "110120640", "103118291", "110113931", "105113190", "108117720", "108120621", "97106770", "111120220", "111120320", "111115620", "103111480", "97106600", "107114780", "108120060", "111116090"], "labels": [3, 3, 2, 3, 0, 1, 3, 2, 1, 2, 2, 3, 2, 0, 0, 0, 0, 3, 0, 1, 1, 3, 2, 1, 2, 0, 1, 1, 1, 2, 1, 2, 1, 0, 3, 1, 2, 3, 2, 3, 0, 0, 1, 0, 0, 3, 3, 1, 3, 3, 1, 2, 3, 0, 0, 2, 1, 2, 0, 1, 0, 3, 2, 2, 1, 3, 2, 2, 3, 1, 0, 1, 1, 0, 0, 1, 0, 2, 0, 1, 3, 1, 0, 2, 1, 3, 2, 1, 1, 1, 0, 1, 2, 1, 0, 1, 3, 0, 1, 0, 1, 1, 2, 2, 1, 1, 1, 3, 1, 0, 0, 3, 3, 0, 3, 2, 0, 2, 1, 0, 0, 1, 0, 3, 1, 3, 2, 0, 0, 1, 3, 1, 1, 3, 3, 1, 1, 0, 3, 2, 1, 3], "predicted_labels": [3, 0, 1, 1, 3, 1, 1, 3, 1, 1, 1, 3, 3, 1, 3, 0, 3, 3, 3, 1, 3, 3, 3, 1, 1, 0, 3, 3, 1, 3, 3, 1, 3, 1, 3, 1, 1, 3, 1, 3, 1, 3, 3, 3, 1, 3, 0, 2, 3, 0, 3, 1, 3, 3, 3, 1, 3, 2, 1, 0, 3, 3, 3, 3, 3, 3, 1, 3, 1, 3, 3, 1, 1, 3, 0, 3, 3, 3, 1, 2, 1, 3, 3, 1, 3, 3, 3, 1, 3, 1, 3, 3, 1, 1, 3, 3, 3, 3, 1, 1, 1, 3, 1, 3, 1, 3, 3, 3, 3, 3, 1, 0, 3, 0, 1, 3, 3, 3, 1, 1, 3, 3, 3, 3, 3, 3, 3, 1, 3, 3, 0, 3, 3, 1, 1, 1, 3, 0, 0, 3, 1, 3], "confidence_scores": [[0.23829009879009888, 0.26183630258630264, 0.18280366855366853, 0.31706993006992995], [0.3061323953823954, 0.24637579087579084, 0.15013562826062826, 0.2973561854811856], [0.25273084758378883, 0.33189141414141415, 0.19562160551866434, 0.21975613275613276], [0.2359234515484516, 0.31450929625929636, 0.1713766095016095, 0.27819064269064275], [0.2958009559884561, 0.2351428224553225, 0.14766107503607498, 0.32139514652014656], [0.2448469030969031, 0.3005645188145189, 0.207342907092907, 0.24724567099567105], [0.18176190476190474, 0.3296471861471861, 0.24263221500721507, 0.24595869408369403], [0.2801814019314019, 0.208567821067821, 0.18957346819846815, 0.32167730880230877], [0.22027465589965586, 0.3248990731490733, 0.1398961593961594, 0.31493011155511175], [0.18540963203463204, 0.3677734030675207, 0.1989475108225108, 0.24786945407533648], [0.18119153069153068, 0.3091738122988123, 0.21355074092574092, 0.2960839160839162], [0.19614107216313098, 0.28560119047619054, 0.18665540015540014, 0.3316023372052783], [0.23497227772227774, 0.26256703019203026, 0.22471959984459983, 0.2777410922410922], [0.23524608724608725, 0.3170880092130093, 0.18240553890553887, 0.2652603646353647], [0.2934496753246753, 0.2363544372294372, 0.1759666305916306, 0.2942292568542569], [0.2853472222222222, 0.24106381812631825, 0.22812186424686418, 0.24546709540459546], [0.30078511766011773, 0.23228248140748142, 0.1571354478854478, 0.3097969530469531], [0.25390764790764797, 0.2396385281385281, 0.2040936563436564, 0.3023601676101676], [0.25792808580308585, 0.23024476911976913, 0.16248015873015878, 0.34934698634698635], [0.22537373737373737, 0.3436207264957265, 0.20840632978132978, 0.2225992063492064], [0.21659554334554332, 0.26448003385503394, 0.19227591852591847, 0.3266485042735043], [0.24894787157287163, 0.253370781995782, 0.17689743589743587, 0.3207839105339106], [0.18038696026196027, 0.29876064213564224, 0.2188342907092907, 0.30201810689310693], [0.25175475912975914, 0.2703221500721502, 0.22580488955488956, 0.2521182012432013], [0.27076345876345875, 0.29218055555555555, 0.14907774170274168, 0.28797824397824406], [0.3043674430145018, 0.257551948051948, 0.2054687950937951, 0.23261181383975504], [0.2378050144300145, 0.2853517732267732, 0.12562401487401487, 0.3512191974691975], [0.24012785825285823, 0.20661416361416354, 0.2695319264069265, 0.28372605172605164], [0.2382750137933962, 0.3126365231990233, 0.19923294352706114, 0.24985551948051957], [0.22272582972582985, 0.2795791153291154, 0.16984025206819325, 0.3278548028768619], [0.25045418470418473, 0.2548083305583306, 0.17336505161505159, 0.32137243312243313], [0.22808477633477633, 0.3193241341991342, 0.17559600122100122, 0.2769950882450882], [0.20792956349206354, 0.28329410173160174, 0.20240331890331886, 0.3063730158730159], [0.21495807868601993, 0.2922430555555556, 0.23632954545454546, 0.25646932030387914], [0.3054363087892501, 0.2021162913883502, 0.1862605311355311, 0.3061868686868687], [0.21475149850149852, 0.32177386502386507, 0.1784796176046176, 0.2849950188700188], [0.2592845487845489, 0.2932119873590462, 0.17073048683342795, 0.276772977022977], [0.24297329059829065, 0.22301785714285718, 0.20947847985347987, 0.3245303724053724], [0.2292164502164502, 0.29342014235764247, 0.20728529803529797, 0.27007810939060944], [0.2537920274170276, 0.2583028360528361, 0.2071188811188811, 0.2807862554112554], [0.2238961038961039, 0.31091396103896096, 0.15972745310245304, 0.305462481962482], [0.24103373015873023, 0.2600078393828394, 0.13344165556665555, 0.3655167748917749], [0.19838059163059163, 0.2863139221889222, 0.17653973803973802, 0.3387657481407482], [0.2104020752639174, 0.31020682095682095, 0.16564040126540125, 0.3137507025138604], [0.2559092345562935, 0.31593629573041343, 0.13410461760461762, 0.2940498521086757], [0.21871672077922077, 0.293747655122655, 0.18065151515151517, 0.30688410894660895], [0.29593735431235446, 0.25899944499944494, 0.18534890109890118, 0.2597142995892996], [0.19660478206434084, 0.2107429653679654, 0.30712726162726167, 0.2855249909404321], [0.23959397546897557, 0.2625919913419913, 0.1844902597402598, 0.3133237734487735], [0.31973917748917763, 0.22563324175824173, 0.1810934343434343, 0.2735341464091465], [0.27723931623931625, 0.2455353951603952, 0.18894062881562884, 0.28828465978465995], [0.1850440115440116, 0.31624621212121223, 0.21330988455988456, 0.2853998917748918], [0.22612590187590192, 0.2126017316017316, 0.20079473304473308, 0.3604776334776335], [0.2401762820512821, 0.2765909784659785, 0.17086152736152738, 0.3123712121212122], [0.23416232378732393, 0.3059404900654901, 0.1534646742146742, 0.3064325119325119], [0.2349031385281386, 0.31166298489092603, 0.14578961887785413, 0.3076442577030813], [0.19779399766899763, 0.2864115051615052, 0.21480975968475968, 0.30098473748473764], [0.24829797979797977, 0.22421302308802307, 0.2802718253968254, 0.24721717171717172], [0.212844696969697, 0.35555194805194806, 0.14262301587301582, 0.28898033910533916], [0.2795872877122878, 0.2544749694749695, 0.2066927516927517, 0.2592449911199911], [0.20166672216672218, 0.2616870490620491, 0.18516439116439115, 0.3514818376068379], [0.286305735930736, 0.19035490897990898, 0.19451011488511485, 0.32882924020424015], [0.21628564491064495, 0.2716654317904319, 0.22805934343434336, 0.28398957986457984], [0.25923710317460325, 0.22331417887667887, 0.21703205128205125, 0.30041666666666667], [0.24674989797783922, 0.25583982683982687, 0.1643493867243867, 0.33306088845794735], [0.21553395909645912, 0.2693996628371628, 0.23456730769230763, 0.2804990703740704], [0.25990602453102457, 0.2783454184704185, 0.19047763347763344, 0.2712709235209236], [0.23010930735930749, 0.2590496031746031, 0.21411237373737368, 0.29672871572871573], [0.20699218836718838, 0.33087824675324673, 0.16651827339327338, 0.2956112914862915], [0.24437033309827427, 0.2632960699431289, 0.19467137029637027, 0.29766222666222686], [0.2487409257409257, 0.2931433080808081, 0.1455386557886558, 0.3125771103896104], [0.1955826159134983, 0.3463348873348875, 0.22220438874850643, 0.2358781080031081], [0.17859859584859586, 0.322123778998779, 0.21843295593295595, 0.28084466921966916], [0.28296485458985454, 0.2745517676767678, 0.14776646964146964, 0.2947169080919081], [0.3036470057720058, 0.24606558719058713, 0.17449682262182256, 0.27579058441558435], [0.25487334887334884, 0.2630288184038185, 0.2181114857364857, 0.263986346986347], [0.2573127705627705, 0.2353326257076257, 0.19319172494172498, 0.3141628787878788], [0.16868553668553665, 0.29718265068265065, 0.2167028665778665, 0.31742894605394617], [0.295040528915529, 0.30132557720057723, 0.16067519980019973, 0.24295869408369405], [0.20904978354978362, 0.2590844155844156, 0.27580086580086577, 0.25606493506493505], [0.2260701104451104, 0.2785410076035076, 0.23952322677322677, 0.2558656551781551], [0.1923753885003885, 0.28397881285381293, 0.20600001387501388, 0.31764578477078476], [0.31326868964368976, 0.23596148989898993, 0.1367008477633477, 0.3140689726939727], [0.22657774170274178, 0.29977777777777775, 0.19557557720057728, 0.2780689033189033], [0.21182160894660895, 0.2490273199023199, 0.23870577543371652, 0.30044529571735457], [0.26025546675546685, 0.27569098956598964, 0.1756938061938062, 0.2883597374847375], [0.2087086940836941, 0.27508091908091914, 0.21222997835497828, 0.3039804084804085], [0.19198575036075036, 0.3433740981240981, 0.20458062770562777, 0.26005952380952374], [0.261652222777223, 0.2521268315018315, 0.2035215340215341, 0.28269941169941165], [0.25781024531024543, 0.29492020479520475, 0.20160563048063043, 0.2456639194139194], [0.1847776529026529, 0.2417276334776335, 0.22735124597624595, 0.34614346764346765], [0.24092460317460318, 0.24963492063492068, 0.1689502164502164, 0.3404902597402598], [0.21174064130314135, 0.36461630730380756, 0.15447312409812405, 0.2691699272949273], [0.2068588951897776, 0.27533813408813407, 0.2554424701115878, 0.2623605006105006], [0.27608952158952155, 0.2558233433233433, 0.19070546120546122, 0.2773816738816738], [0.2500222832722833, 0.2475966533466534, 0.2151555944055944, 0.2872254689754691], [0.24036267898767905, 0.26992189754689755, 0.17289754689754688, 0.3168178765678766], [0.22732016594516605, 0.25261544011544007, 0.18324044011544013, 0.3368239538239539], [0.19333374958374958, 0.3265555445371622, 0.1554716464091464, 0.324639059469942], [0.244607017982018, 0.30435533910533913, 0.1509857503607503, 0.30005189255189263], [0.19077801365301364, 0.35586573149073153, 0.17911303484097604, 0.2742432200152789], [0.24698728172412385, 0.2847848401598402, 0.1364674075924076, 0.33176047052362845], [0.24780573593073593, 0.3112446442446442, 0.17229119491619496, 0.26865842490842495], [0.22354759129759125, 0.24620297757797766, 0.19420773670773672, 0.33604169441669446], [0.2119029581529582, 0.3189064546564546, 0.16820009157509153, 0.3009904956154957], [0.2630536130536132, 0.25523827561327556, 0.167876221001221, 0.31383189033189035], [0.26690157065157066, 0.20672105672105673, 0.2195690698190699, 0.3068083028083029], [0.22020880508380525, 0.2250501443001443, 0.14931920856920855, 0.40542184204684195], [0.22701855497443735, 0.27465878565878576, 0.1945744631185808, 0.30374819624819627], [0.26856421356421356, 0.2291863206238206, 0.1547791534445946, 0.3474703123673713], [0.23413492063492064, 0.33292009379509396, 0.16328391053391056, 0.26966107503607506], [0.32737191974691976, 0.241166847041847, 0.19316325341325347, 0.23829797979797993], [0.28942721657427545, 0.2381048902078314, 0.13280014430014428, 0.33966774891774887], [0.33818932456432466, 0.21865573315573322, 0.17533381895881894, 0.2678211233211233], [0.278163655788656, 0.31181529581529577, 0.14645881895881893, 0.2635622294372294], [0.2725417082917083, 0.2236848568098568, 0.21269047619047618, 0.29108295870795875], [0.25581937996643883, 0.21886832122126237, 0.15256733544233542, 0.3727449633699632], [0.24865638528138528, 0.29180627705627715, 0.16420075757575756, 0.29533658008658015], [0.21448703094291335, 0.30938647463647484, 0.19753306007717775, 0.2785934343434343], [0.2168484987234988, 0.3086127206127206, 0.20011933899433906, 0.2744194416694417], [0.2383422272172272, 0.24199621212121214, 0.22462548562548565, 0.2950360750360751], [0.23605260017760027, 0.22867370129870124, 0.16811183261183257, 0.3671618659118659], [0.2613849810320399, 0.2812143779423191, 0.17209539072039068, 0.2853052503052504], [0.21957209457209464, 0.2832344877344878, 0.1541867438117438, 0.3430066738816739], [0.2515959595959597, 0.2140284021534022, 0.24882170607170617, 0.2855539321789322], [0.20353449328449333, 0.23957274669774672, 0.22769444444444445, 0.32919831557331564], [0.21760676823176822, 0.2602946497946499, 0.17072929847929846, 0.35136928349428354], [0.21670757020757023, 0.29096968309468313, 0.22162391774891774, 0.270698828948829], [0.22667821067821073, 0.2969227994227994, 0.1537104978354978, 0.32268849206349204], [0.23478986291486303, 0.3049860050080639, 0.1301393557422969, 0.3300847763347764], [0.30629653679653684, 0.25264159451659457, 0.1355545149295149, 0.3055073537573537], [0.19745413614163618, 0.2610465576090576, 0.16635311910311912, 0.37514618714618714], [0.26418931068931073, 0.2624778089557502, 0.16662253596077126, 0.30671034439416794], [0.2896074481074481, 0.30199801587301595, 0.18387121212121213, 0.2245233238983239], [0.26022474747474755, 0.32048896528308296, 0.15569498556998554, 0.2635913016721841], [0.21372101509601513, 0.3278214285714286, 0.16551520701520697, 0.29294234931734936], [0.2489217032967033, 0.2661031052281053, 0.18648024198024193, 0.29849494949494954], [0.28036286630036644, 0.26864157370407366, 0.21897115384615382, 0.23202440614940614], [0.2834366883116884, 0.2692041847041848, 0.1904047619047619, 0.2569543650793651], [0.211445942945943, 0.29160046897546904, 0.18955526418026417, 0.30739832389832406], [0.23231074399456747, 0.276314001358119, 0.25140848122465764, 0.23996677342265568], [0.29974242424242414, 0.2345970467441056, 0.1639152187681599, 0.30174531024531026]]}, "rewritten": {"ids": ["97105451", "97106600", "97106770", "97106820", "97107950", "97109080", "97112170", "97116790", "98107210", "98108410", "98110710", "98113881", "98120010", "98121790", "99108010", "99108330", "99108890", "99109840", "99111440", "99111930", "99117740", "99119830", "100107920", "100109311", "100109910", "100111390", "100112060", "100113210", "101108460", "101109000", "101109120", "101111310", "101111990", "101116130", "101117580", "101121640", "102108621", "102109010", "102109840", "102109850", "102110690", "102112170", "102121440", "103109641", "103110840", "103111480", "103111990", "103113101", "103113210", "103118291", "103120730", "104111711", "104111880", "104111990", "104112201", "104114240", "104116441", "104116980", "104118340", "104119290", "105112130", "105113170", "105113190", "105113260", "105113620", "105115250", "105115680", "105116501", "105116860", "105117200", "105117431", "105120280", "106113360", "106116120", "106116441", "106121190", "107112850", "107113170", "107114140", "107114780", "107114950", "107115140", "107119950", "108113700", "108113740", "108114220", "108115070", "108117610", "108117720", "108118301", "108118630", "108120060", "108120621", "109113281", "109114651", "109115070", "109116930", "109118161", "109118231", "109120621", "109121410", "110113931", "110114321", "110114651", "110114920", "110115120", "110115250", "110115710", "110117110", "110117140", "110118810", "110120640", "111114321", "111114941", "111115620", "111115780", "111116090", "111116411", "111119430", "111119930", "111120220", "111120280", "111120320", "112116290", "112116451", "112116900", "112116990", "112117210", "112117580", "112118581", "112118880", "112118930", "112119450", "112120540", "112121410", "113118490", "113118870", "113119450", "113120260", "113121750", "113122170", "113122650"], "labels": [0, 3, 3, 1, 2, 2, 0, 2, 1, 1, 2, 3, 2, 2, 2, 1, 0, 2, 3, 1, 2, 1, 0, 1, 2, 2, 2, 0, 0, 1, 1, 3, 2, 2, 3, 2, 3, 1, 2, 1, 0, 3, 2, 1, 1, 0, 2, 3, 3, 0, 1, 1, 3, 2, 0, 0, 1, 1, 2, 1, 1, 0, 3, 3, 0, 2, 2, 1, 2, 3, 1, 3, 0, 1, 0, 2, 1, 0, 2, 2, 3, 0, 3, 0, 3, 3, 1, 3, 1, 1, 1, 1, 1, 0, 3, 0, 0, 0, 1, 1, 0, 1, 1, 3, 3, 0, 1, 2, 0, 3, 1, 0, 1, 0, 1, 1, 3, 0, 3, 1, 3, 0, 1, 0, 0, 3, 0, 1, 0, 1, 1, 1, 3, 3, 0, 1, 0, 3, 3, 0, 1, 2], "predicted_labels": [3, 2, 0, 1, 3, 3, 3, 3, 3, 1, 1, 3, 1, 3, 1, 0, 1, 3, 3, 1, 3, 1, 3, 1, 1, 3, 3, 3, 0, 3, 1, 0, 3, 3, 3, 3, 3, 3, 1, 1, 3, 0, 3, 3, 3, 0, 1, 1, 1, 3, 1, 3, 3, 3, 3, 1, 3, 1, 1, 3, 3, 3, 3, 3, 3, 1, 1, 3, 3, 3, 1, 1, 3, 3, 3, 1, 1, 3, 3, 3, 3, 3, 3, 1, 3, 1, 1, 3, 3, 3, 3, 1, 3, 3, 3, 1, 3, 1, 3, 1, 1, 3, 1, 3, 3, 3, 3, 1, 1, 3, 3, 3, 1, 0, 3, 1, 3, 0, 3, 0, 1, 3, 1, 3, 3, 1, 0, 2, 3, 1, 3, 3, 3, 1, 1, 3, 3, 3, 3, 3, 1, 3], "confidence_scores": [[0.22965422077922082, 0.22203706709956708, 0.17173342139886258, 0.37657529072234963], [0.2133179181929182, 0.24912722000222007, 0.2732750860250859, 0.26427977577977574], [0.2977666361416363, 0.28128040015540023, 0.19435604673104673, 0.22659691697191697], [0.23911143921438038, 0.26872240259740254, 0.22686612488818375, 0.2653000333000333], [0.2517665112665113, 0.2577843267843268, 0.21835656010656013, 0.27209260184260187], [0.2198288100788101, 0.31341190753690756, 0.1505266816516816, 0.31623260073260073], [0.2825722055722057, 0.2524012515262516, 0.16192063492063494, 0.303105907980908], [0.2324088342213342, 0.24108719752469757, 0.24204076479076472, 0.28446320346320353], [0.24542480253664462, 0.2559054834054834, 0.21881385281385285, 0.2798558612440192], [0.2753587662337663, 0.3085339105339104, 0.15407792207792204, 0.26202940115440115], [0.18048322510822515, 0.28707593795093794, 0.24679292929292931, 0.2856479076479077], [0.23762697025197035, 0.2693820762570763, 0.20219418081918086, 0.29079677267177273], [0.24875553613053608, 0.2736501276501277, 0.22814736652236658, 0.24944696969696967], [0.23698015873015874, 0.2768413461538461, 0.20625079087579093, 0.2799277042402043], [0.18955666963755197, 0.34709469696969714, 0.20978470630676518, 0.25356392708598596], [0.2647760364635366, 0.2464167637917638, 0.23093367743367751, 0.25787352231102234], [0.1839172771672772, 0.3758905122655122, 0.1476987734487734, 0.29249343711843706], [0.24738539238539242, 0.2537055583305584, 0.21029215229215248, 0.288616896991897], [0.2438771645021645, 0.262574494949495, 0.19495505883005884, 0.2985932817182817], [0.15929635642135642, 0.3605075618825621, 0.21520086367880487, 0.26499521801727693], [0.25142950105450124, 0.258093704906205, 0.1750434704184704, 0.3154333236208237], [0.15715705128205124, 0.303111242923743, 0.2614172077922077, 0.2783144980019982], [0.2786102092352093, 0.26375234487734484, 0.15895057720057715, 0.29868686868686883], [0.19473111610611618, 0.3014326506826507, 0.2141352952602953, 0.28970093795093793], [0.24079166666666665, 0.2715873015873016, 0.2557065989565989, 0.23191443278943272], [0.27307568330362453, 0.2633217893217893, 0.16009639461845343, 0.30350613275613275], [0.235310390997891, 0.2615937742812743, 0.22949141136641135, 0.2736044233544235], [0.31253353590853594, 0.18766594516594512, 0.1713269230769231, 0.3284735958485958], [0.2775057165057165, 0.2722865259740261, 0.20399264134558254, 0.24621511617467498], [0.24657191419691418, 0.2622144660894661, 0.1917693556443556, 0.29944426406926417], [0.2325515179265179, 0.3482893911643912, 0.20873575036075034, 0.21042334054834047], [0.33388041125541135, 0.2738614400305577, 0.15499837662337662, 0.2372597720906544], [0.1891121794871795, 0.2828695144724557, 0.18862553296376827, 0.3393927730765968], [0.2000491681521094, 0.2463146575646576, 0.2061307630278218, 0.34750541125541123], [0.2797441724941725, 0.22065860528360529, 0.2121724386724387, 0.2874247835497837], [0.2175478965478965, 0.25200931013431016, 0.20564237151737155, 0.32480042180042173], [0.2934563304342717, 0.22292365069570952, 0.18669920357420353, 0.29692081529581515], [0.23856983702571946, 0.2563836788211788, 0.20969134623546387, 0.29535513791763796], [0.2535154845154846, 0.31181861194361193, 0.1710162892662893, 0.2636496142746142], [0.24347083472083475, 0.33966515429015426, 0.22120004995004994, 0.19566396103896103], [0.2980737734487735, 0.22134830447330445, 0.1733823953823954, 0.30719552669552663], [0.3277866161616163, 0.17785196747696752, 0.19433827283827282, 0.3000231435231435], [0.23516679154179154, 0.23039765789765784, 0.19045214507714509, 0.34398340548340556], [0.22010063547563546, 0.26861437173937186, 0.21581944444444448, 0.2954655483405485], [0.2619037906537907, 0.2670916583416584, 0.19594348706848705, 0.27506106393606394], [0.3023886738261738, 0.2594403998778999, 0.17463941124235233, 0.26353151505357386], [0.2404127400377401, 0.3033840742590743, 0.16479445554445554, 0.29140873015873014], [0.22796398046398048, 0.28712500693750687, 0.21863100788100787, 0.26628000471750474], [0.24391369047619052, 0.32362568681318676, 0.1706630036630037, 0.261797619047619], [0.2256197642227054, 0.2621150099900101, 0.20990945655651533, 0.3023557692307694], [0.2375146658896659, 0.3186882978132979, 0.17500559163059162, 0.26879144466644467], [0.209117118992119, 0.2596761155511155, 0.19728409090909085, 0.33392267454767455], [0.22278957643663522, 0.25876291274085395, 0.19899399211899207, 0.3194535187035188], [0.2803683261183261, 0.28499522005772004, 0.14019823232323228, 0.29443822150072146], [0.30428178765678776, 0.21206493016787142, 0.1537037733508322, 0.32994950882450885], [0.22080483405483398, 0.2948598068598071, 0.23296739371739367, 0.2513679653679654], [0.21883910533910533, 0.2581013708513709, 0.1978887085137085, 0.3251708152958153], [0.2164714313464314, 0.31299956987456995, 0.19120222832722836, 0.27932677045177057], [0.16486489898989898, 0.34017460317460324, 0.1978293650793651, 0.29713113275613273], [0.1981765873015873, 0.2788318625818626, 0.21550696525696528, 0.3074845848595849], [0.20216206424294664, 0.2587828837828838, 0.2500215021906198, 0.2890335497835499], [0.2789474761349763, 0.27146370990120994, 0.1273026556776557, 0.3222861582861583], [0.28749554612054623, 0.22047498334998344, 0.16530848318348318, 0.3267209873459873], [0.24945361093155213, 0.2725223803973804, 0.18905790043290047, 0.28896610823816704], [0.2669190462315462, 0.23006105699855697, 0.22294642857142857, 0.28007346819846807], [0.254594135031635, 0.2802704032079032, 0.20611448273948277, 0.25902097902097904], [0.17804020979020982, 0.3600952478893656, 0.23644144744144743, 0.22542309487897724], [0.254040140629924, 0.21632801920301922, 0.15869932844932844, 0.37093251171772834], [0.24809884559884568, 0.28652218614718616, 0.16314772727272725, 0.30223124098124104], [0.25571026196026203, 0.27149397824397814, 0.17560726773226773, 0.29718849206349207], [0.22044948107448112, 0.2953232878232878, 0.2333085713306302, 0.250918659771601], [0.23799175824175825, 0.29573946886446895, 0.1912727411477411, 0.2749960317460317], [0.21500961538461547, 0.3001065462315463, 0.16880416805416812, 0.3160796703296704], [0.19633709346209344, 0.2515480907980908, 0.17580014430014437, 0.37631467143967146], [0.24372915972915968, 0.3014025280275281, 0.15210167610167605, 0.3027666361416364], [0.2146623099123099, 0.3031415112665113, 0.22075645188145188, 0.26143972693972695], [0.1980472236097236, 0.32360193278943283, 0.19247084859584862, 0.28587999500499506], [0.23334482205960533, 0.2636008297258297, 0.1860187084157672, 0.3170356397987976], [0.23460517260517266, 0.2745865662115662, 0.17792088467088468, 0.3128873765123766], [0.25352566877566884, 0.2738977272727274, 0.19792178654678655, 0.2746548174048175], [0.2718452380952381, 0.22654182826976949, 0.18895951842275363, 0.3126534152122388], [0.27879707792207803, 0.2119624909404322, 0.20790154861478385, 0.3013388825227061], [0.183609015984016, 0.3109229312354313, 0.17191362803862797, 0.3335544247419248], [0.31359096459096464, 0.3268645382395382, 0.19233502608502603, 0.16720947108447104], [0.29773717050922927, 0.19699991185285307, 0.16766742979242977, 0.3375954878454878], [0.22306222943722942, 0.3126786775316187, 0.20788102665308547, 0.25637806637806637], [0.23934662274000515, 0.32946029664779664, 0.17249069965981725, 0.25870238095238096], [0.20789736652236662, 0.2442738095238096, 0.16778300865800863, 0.3800458152958154], [0.22804602342102348, 0.2459940337440338, 0.1786316738816739, 0.34732826895326896], [0.2471413953693366, 0.2576404012654014, 0.1667190309690309, 0.3284991723962314], [0.17222642635142635, 0.3338033563658564, 0.15068028499278496, 0.3432899322899323], [0.2477961760461761, 0.2868901515151515, 0.19517460317460308, 0.27013906926406916], [0.2446622682872683, 0.2349751776001777, 0.2160723304473304, 0.30429022366522374], [0.2815305944055946, 0.24837292568542574, 0.12163825757575752, 0.34845822233322216], [0.32690055777555777, 0.20449547674547675, 0.1372340714840715, 0.33136989399489414], [0.22632990620490617, 0.35240187590187605, 0.170478354978355, 0.250789862914863], [0.19898058885558886, 0.2678188478188479, 0.22440925740925735, 0.30879130591630594], [0.23819871794871794, 0.3148736471861472, 0.18562271062271066, 0.2613049242424242], [0.25417368742368757, 0.27268404512154504, 0.16550667388167387, 0.30763559357309356], [0.2799366883116884, 0.2803881673881674, 0.2043238289488289, 0.23535131535131534], [0.23858573371073366, 0.28999585137085143, 0.18984150571650574, 0.28157690920190936], [0.21917063492063493, 0.24482828282828287, 0.17600703463203465, 0.3599940476190477], [0.2708238240517652, 0.27703661616161623, 0.1867464667685256, 0.26539309301809305], [0.2763292589763179, 0.26798910321704444, 0.12337391774891775, 0.3323077200577201], [0.25568470418470424, 0.2738125208125208, 0.18962344599844602, 0.280879329004329], [0.23482467532467538, 0.28785490897990906, 0.18364130314130314, 0.2936791125541126], [0.25900777898572025, 0.21416984404484407, 0.20392529692529696, 0.32289708004413903], [0.1902832306582307, 0.3315233377733379, 0.19200474525474534, 0.28618868631368644], [0.18137678497972623, 0.30653181540681546, 0.23179917304917297, 0.28029222656428543], [0.24475276112776106, 0.22470869408369407, 0.21515012275306386, 0.31538842203548084], [0.2647689393939395, 0.23375576506826512, 0.18745987345987353, 0.31401542207792216], [0.232251332001332, 0.2638102314352314, 0.20539901764901766, 0.29853941891441893], [0.24129184704184706, 0.28773069985569993, 0.24134307359307372, 0.2296343795093795], [0.28214810189810197, 0.27887716450216454, 0.164607905982906, 0.2743668276168276], [0.26523537573537576, 0.2573451687201687, 0.17538085525585526, 0.3020386002886004], [0.2639722083472084, 0.28582868520368515, 0.18852626540126544, 0.261672841047841], [0.29236718836718834, 0.23932881007881007, 0.15745454545454549, 0.3108494560994562], [0.29827110389610395, 0.23088546176046187, 0.1850513375513375, 0.28579209679209683], [0.23570436507936512, 0.28284758297258306, 0.16460225885225882, 0.31684579309579314], [0.2858816322566323, 0.27545500333000333, 0.19973806748806752, 0.23892529692529701], [0.27202267177267175, 0.3225283425724602, 0.14632074869574865, 0.25912823695911946], [0.22690530303030307, 0.2202224025974026, 0.181873556998557, 0.3709987373737374], [0.2323658563658564, 0.32087590187590187, 0.14551583832833828, 0.30124240342990344], [0.2092790959040959, 0.2487718253968254, 0.20541781829281822, 0.33653126040626047], [0.25430214741398965, 0.29297943722943726, 0.13760858585858585, 0.3151098294979875], [0.26415488677988685, 0.31047931235431236, 0.1239185259185259, 0.30144727494727486], [0.314333152958153, 0.23105176767676774, 0.21353174603174613, 0.24108333333333334], [0.2529030830280832, 0.2284100482850484, 0.26119222444222445, 0.2574946442446442], [0.2573337495837496, 0.20148509823509828, 0.21863196525696518, 0.322549186924187], [0.1771655656435068, 0.28228787878787875, 0.2611616904337492, 0.27938486513486516], [0.1897074314574315, 0.27169606088356085, 0.24715732878232885, 0.2914391788766789], [0.2027418831168831, 0.24059101519395637, 0.1732403764536117, 0.38342672523554877], [0.21724044011544016, 0.18584974747474742, 0.16949507437007433, 0.42741473803973806], [0.23994019869019875, 0.32187518037518037, 0.16557142857142854, 0.27261319236319237], [0.28859830937036823, 0.29556771006771004, 0.14559926184926186, 0.27023471871265986], [0.2959441808191809, 0.2369547674547675, 0.15719989732489734, 0.3099011544011544], [0.259187284937285, 0.2736459235209235, 0.15431740481740477, 0.31284938672438684], [0.2639411789191202, 0.26985082972582974, 0.17619211833917714, 0.29001587301587306], [0.2542120310245311, 0.23989817821067824, 0.1747408008658009, 0.33114898989898994], [0.2582938311688312, 0.2638326118326118, 0.14690577478077477, 0.3309677822177822], [0.22866892829392824, 0.32712709512709504, 0.1882566045066045, 0.2559473720723721], [0.22818903318903325, 0.26723106060606067, 0.1694064962814963, 0.3351734099234099]]}}