{"test": {"ids": ["106116120", "109117271", "110120700", "103112470", "101114020", "105113210", "107114110", "112119580", "107113840", "104113000", "108117610", "101111620", "103111830", "108115500", "113119360", "106119260", "112120630", "98120010", "108119510", "105115570", "102111990", "102116340", "106111321", "101119030", "99110050", "110118121", "108113760", "111119290", "104111711", "97106000", "104111880", "106116850", "110118810", "112119980", "111116290", "105115680", "112116501", "99107500", "100109330", "109117630", "99109141", "113121950", "101109120", "105121370", "110114720", "112118890", "111116640", "113122120", "113118231", "104111990", "112119120", "108116070", "111114121", "104112201", "102109850", "109115211", "111120260", "110118930", "108121410", "109118161", "98109090", "110121500", "111116530", "105115380", "108120260", "102112170", "110114610", "110114920", "105118740", "98108970", "99108460", "106121220", "106117770", "108117451", "104114240", "104119340", "98108580", "100108520", "108114220", "110114950", "108121160", "101114990", "111116040", "111120531", "102109840", "109116441", "106113360", "112117790", "113122510", "105115720", "113122430", "106118301", "106120640", "99107950", "109118701", "108115970", "102116500", "98110710", "106120290", "98107010", "100113370", "112121010", "103110220", "107118520", "104110960", "111120320", "101108121", "113117630", "103110100", "112116850", "111119580", "111120280", "106121190", "110121720", "110117080", "100111080", "113119480", "107121700", "105113260", "109114720", "99107660", "109116930", "104114410", "112117471", "101110150", "108113740", "109114220", "102121440", "105111990", "97116401", "110114651", "113122650", "105113330", "108115070", "104111531", "111116100", "106116441", "111119610", "109113591", "106118520", "111116170", "108119330"], "labels": [1, 0, 2, 1, 3, 3, 1, 3, 3, 1, 3, 3, 3, 3, 0, 1, 3, 2, 1, 0, 2, 3, 0, 3, 3, 3, 1, 3, 1, 0, 3, 3, 1, 0, 2, 2, 3, 0, 0, 0, 3, 3, 1, 2, 3, 3, 0, 1, 3, 2, 1, 1, 0, 0, 1, 0, 3, 1, 0, 0, 1, 3, 3, 1, 1, 3, 1, 3, 1, 3, 0, 1, 0, 2, 0, 1, 0, 2, 3, 0, 2, 3, 0, 0, 2, 3, 0, 3, 2, 1, 2, 1, 3, 1, 3, 2, 1, 2, 2, 3, 3, 2, 2, 2, 2, 1, 0, 0, 1, 0, 3, 0, 2, 3, 1, 0, 3, 3, 3, 0, 3, 0, 1, 3, 1, 3, 3, 2, 2, 3, 3, 2, 3, 1, 0, 3, 0, 2, 3, 2, 0, 0], "predicted_labels": [1, 1, 1, 0, 1, 0, 1, 0, 1, 3, 3, 0, 2, 1, 3, 0, 0, 3, 1, 1, 2, 3, 1, 1, 3, 1, 1, 3, 1, 2, 1, 2, 0, 1, 3, 1, 3, 1, 1, 1, 0, 3, 0, 1, 1, 2, 1, 1, 1, 1, 3, 3, 1, 3, 2, 3, 0, 1, 1, 1, 0, 0, 1, 2, 3, 2, 2, 1, 2, 1, 3, 3, 1, 0, 0, 3, 3, 2, 0, 0, 3, 3, 3, 0, 2, 0, 3, 3, 3, 1, 1, 0, 1, 1, 1, 1, 2, 2, 1, 2, 3, 1, 1, 0, 3, 0, 0, 0, 1, 1, 0, 3, 2, 1, 3, 1, 3, 1, 3, 3, 0, 0, 3, 0, 1, 1, 0, 2, 1, 1, 3, 1, 1, 1, 3, 1, 1, 3, 3, 2, 1, 0], "confidence_scores": [[0.04230435830862242, 0.9130813596757515, 0.026922281169588978, 0.017692000846036927], [0.018964318956392848, 0.5547721386928999, 0.01022401312030081, 0.4160395292304064], [0.11485709761323203, 0.619751459196875, 0.06367262854125005, 0.20171881464864283], [0.430764389051431, 0.19671734841595134, 0.17240422252208315, 0.20011404001053454], [0.020482171373282555, 0.5136703674875817, 0.007500762871839066, 0.4583466982672967], [0.49351091424695226, 0.03456106640771548, 0.006308134501230905, 0.4656198848441014], [0.06270645949370351, 0.7251644222132064, 0.057530453931445145, 0.15459866436164493], [0.9926105707022105, 0.003152520884273194, 0.001292242537300642, 0.002944665876215662], [0.037486449573924364, 0.4468440009736639, 0.25564620451629766, 0.26002334493611406], [0.029964597940734528, 0.014420762337476186, 0.0005627930916223633, 0.955051846630167], [0.0090537231947771, 0.3387991344103314, 0.009471473394200845, 0.6426756690006907], [0.9157806809197249, 0.03463427983207414, 0.0372751423322764, 0.012309896915924639], [0.11043584594437916, 0.17109986053638734, 0.46834064765025785, 0.2501236458689757], [0.31352734460473786, 0.588713043303827, 0.054084185947582575, 0.04367542614385264], [0.011678138458683212, 0.06516050285029314, 0.17341380316749366, 0.74974755552353], [0.5416006715282955, 0.02897481879348804, 0.17146017788955828, 0.2579643317886581], [0.6616929671701535, 0.12854649391816086, 0.005795000004140517, 0.20396553890754504], [0.0035144066104037227, 0.0015584158903178716, 0.3330185738618108, 0.6619086036374676], [0.020448005440366512, 0.49049321691946884, 0.012692240835010572, 0.4763665368051541], [0.0008070637819388212, 0.9132755308689554, 0.058774180192737016, 0.027143225156368675], [0.08908480179115384, 0.019249401598030447, 0.8769660251893847, 0.01469977142143101], [0.01574776898583632, 0.005149032877610806, 0.02067318331636311, 0.9584300148201899], [0.05913345503946795, 0.8329180730032966, 0.027764090800907908, 0.0801843811563277], [0.20570643089695273, 0.5807177485411986, 0.17280844864729555, 0.0407673719145531], [0.007169601140409384, 0.03047110126709604, 0.0033638403400511685, 0.9589954572524434], [0.008070816715759306, 0.672981823951289, 0.002266540718090922, 0.31668081861486086], [0.0041696336315999085, 0.8875389658300359, 0.10619619161202827, 0.0020952089263358616], [0.0067173811271849845, 0.06002698145920557, 0.005846900050830132, 0.9274087373627794], [0.05712718212976831, 0.8514992026366917, 0.03807668985065591, 0.053296925382884275], [0.002677230925673233, 0.0003666427477949894, 0.9939626788123803, 0.002993447514151474], [0.0001374612991228316, 0.803254051857777, 0.04277609372179241, 0.15383239312130778], [0.0016975753832066756, 0.05338115123012161, 0.9448458660906247, 7.540729604695724e-05], [0.8990230476628986, 0.0586823739882037, 0.005413588592058328, 0.036880989756839275], [0.12528760118668306, 0.8310190185105754, 0.04006446563109523, 0.0036289146716466246], [0.07017376706300865, 0.21359561854085946, 0.2660897937463481, 0.45014082064978383], [0.0034191598654557047, 0.9327331074824549, 0.04371737219527271, 0.020130360456816654], [0.08976750116695709, 0.008078557649365681, 0.001985010785189176, 0.900168930398488], [0.008917167683688505, 0.9634420193550401, 0.01495279317622712, 0.012688019785044422], [0.05093674958870533, 0.7408510352473857, 0.06296614834973166, 0.14524606681417737], [0.17463099415310196, 0.7637167801652959, 0.002245938802804201, 0.05940628687879813], [0.5636583340513546, 0.31640744713949553, 0.001967409389538947, 0.11796680941961095], [0.010587301798335422, 0.42950037523722434, 0.002679487530049806, 0.5572328354343904], [0.49974403778180393, 0.019550907852718395, 0.18942011571322553, 0.29128493865225213], [8.900397445723017e-06, 0.993896801121913, 0.003410711005278875, 0.002683587475362346], [0.005338461610538478, 0.8555656809284099, 0.13517294333724245, 0.003922914123809182], [0.006684274270174623, 0.033013652551733844, 0.506135336738379, 0.4541667364397125], [0.37240086753102314, 0.4666396377363895, 0.10811664381901079, 0.05284285091357663], [0.0047124850411174, 0.9726296911295794, 0.002576253187310708, 0.020081570641992372], [0.00106026534421687, 0.7773031301542535, 0.0650716529580148, 0.15656495154351482], [0.008690545562026471, 0.8990934928661112, 0.06229035509963406, 0.029925606472228267], [0.0061035482030821, 0.01513778750086233, 0.0017867959804162663, 0.9769718683156392], [0.08770538859071252, 0.1357556978989707, 0.1297844442793788, 0.646754469230938], [0.23830246797450438, 0.4592417742310189, 0.009334760416281054, 0.2931209973781957], [0.05229554347172252, 0.11249416138244003, 0.009935139785406721, 0.8252751553604307], [0.024046989520924482, 0.006754086589952706, 0.5431486031333123, 0.42605032075581045], [0.04994100604895586, 0.3742347138868295, 0.02885196365083726, 0.5469723164133774], [0.5206851134119381, 0.37714968024494866, 0.012551513054320505, 0.08961369328879276], [0.0009085951121546431, 0.9895750958480889, 0.004659937672508727, 0.004856371367247921], [0.0763722466308697, 0.5409168558435958, 0.002452636483755044, 0.3802582610417794], [0.13057604248498111, 0.8491785505026219, 0.017096364475476855, 0.003149042536920068], [0.47546951108426766, 0.294618345369536, 0.15166189403574065, 0.07825024951045567], [0.7912258944824074, 0.10842495936383961, 0.04730155121566547, 0.053047594938087576], [0.05978568350006391, 0.7549371179606346, 0.002462953500340685, 0.1828142450389609], [0.11837995727147961, 0.12484030551262659, 0.5683255845831985, 0.18845415263269522], [0.027772267332335655, 0.04526219343384573, 0.02207238709043631, 0.9048931521433823], [0.3236227077140378, 0.1910499064894506, 0.3689292734461831, 0.11639811235032856], [0.13654307178382669, 0.3780225789407437, 0.4838479762455094, 0.001586373029920057], [0.03591747730164487, 0.9496882103335251, 0.012178143526579905, 0.0022161688382502146], [0.005938950952070376, 0.08194558042422292, 0.7538626731234642, 0.1582527955002426], [0.0028639158696842065, 0.9214031848891863, 0.07562499114966933, 0.00010790809146022904], [0.06183297072629169, 0.009601344096612986, 0.04432253108761784, 0.8842431540894775], [0.0001177434393754431, 0.005971754070877158, 0.008613062398789029, 0.9852974400909584], [0.2211357860516644, 0.4196242528282387, 0.34183165358955353, 0.017408307530543395], [0.8400247373898094, 0.011104965706162675, 0.005417377663107693, 0.14345291924092007], [0.7261173620629279, 0.0006155822525578667, 0.01730440469138543, 0.2559626509931289], [0.002269991215307195, 0.4663078588313823, 0.018847370464571193, 0.5125747794887393], [0.0019554999197925024, 0.4507551498937075, 0.05126145411221778, 0.49602789607428216], [0.006609929867970849, 0.00013609085608269747, 0.980159183109759, 0.013094796166187528], [0.7558526605486505, 0.17920100353098675, 0.009535121009843222, 0.05541121491051959], [0.807972047829565, 0.12605501146494807, 0.0014187385347441028, 0.06455420217074273], [0.008873175604510756, 0.4279957645509475, 0.008178565820849137, 0.5549524940236926], [0.047332982164807476, 0.14167627929661952, 0.10869845756671515, 0.7022922809718578], [0.02746575164069264, 0.028283497184036548, 0.0018633562890762166, 0.9423873948861946], [0.6657214504370315, 0.12510360863650824, 0.0011202425773951042, 0.20805469834906526], [0.1075380505340626, 0.28986834746220097, 0.379250346664554, 0.22334325533918242], [0.45303854591374054, 0.1835602236330635, 5.3254127061472206e-05, 0.3633479763261345], [0.006350489174896159, 0.06181997054289519, 0.0001938958234476576, 0.9316356444587611], [0.42823522097883626, 0.008355883123289082, 0.00018354235193646386, 0.5632253535459382], [0.0008910600609087602, 0.035763816261867136, 0.1357676109240598, 0.8275775127531643], [0.007427177051228685, 0.9563955845786453, 0.03441700225112581, 0.001760236119000247], [0.0005334803899885332, 0.9919318564734233, 0.004026796151079769, 0.003507866985508429], [0.7456479472185031, 0.20526590112224252, 0.01307793892427631, 0.03600821273497808], [0.005305970044597862, 0.9022737880835248, 0.07131803678606956, 0.021102205085807797], [0.00528026400414766, 0.9029695137994959, 0.0838668162950627, 0.007883405901293754], [0.0030880338280136433, 0.9503180639490021, 0.04081424521224589, 0.0057796570107384315], [0.002826474656061716, 0.9800017310580867, 0.001985940791162653, 0.015185853494688916], [0.35347249636664824, 0.07838366895864514, 0.4400807386871774, 0.12806309598752932], [0.00014168310830452405, 0.17191951872715705, 0.7881689370983491, 0.03976986106618935], [0.050758725780988875, 0.9213517193731444, 0.01787453762149408, 0.010015017224372544], [0.3380480228178295, 0.11702344548005003, 0.34451110953443853, 0.20041742216768194], [0.014663269845747055, 0.4091399200003722, 0.046069355206689325, 0.5301274549471914], [0.0206954861395541, 0.377576041631903, 0.2479764865837615, 0.35375198564478133], [0.02325125002305185, 0.8778804900551783, 0.05168703210204704, 0.047181227819722636], [0.7034887652540401, 0.10206333232202536, 0.03953243256255699, 0.15491546986137747], [0.04407273950005496, 0.15601381643971787, 0.2673983672395519, 0.5325150768206752], [0.6926947865696567, 0.0828921244160253, 0.03941248055481391, 0.18500060845950406], [0.9902553695806366, 0.004250119955884583, 0.001892497043627115, 0.003602013419851751], [0.84623034120617, 0.0021461728640814167, 0.012816219947009818, 0.1388072659827387], [0.012651246103615081, 0.6379542524801581, 0.31703782074355213, 0.032356680672674755], [0.030530024688630277, 0.7170311928671214, 0.004118809587635601, 0.24831997285661273], [0.6699363294478252, 0.2092565594166071, 0.02604282425150001, 0.0947642868840675], [0.006212872237240494, 0.30272275242795843, 0.015503907635172334, 0.6755604676996287], [0.0005309161065113659, 0.4427187874941144, 0.5294981738135308, 0.027252122585843367], [0.2319746295647017, 0.7107014325431642, 0.030119777505660524, 0.027204160386473535], [0.0014313598456663467, 0.051784112945091644, 0.012196921156348848, 0.9345876060528931], [0.00704615914297047, 0.6628165994131816, 0.328617247215357, 0.001519994228490896], [0.20725310578727885, 0.018121228202801994, 0.008081839739478543, 0.7665438262704407], [0.013078867436859237, 0.6879770765167739, 0.014768182155290762, 0.2841758738910761], [0.03974636981492106, 0.23768637736111972, 0.03968301468610234, 0.6828842381378568], [0.0294611221798813, 0.07233712925697695, 0.27610830958622085, 0.6220934389769209], [0.8754619867440406, 0.017189748530369198, 0.00012331122502418494, 0.10722495350056595], [0.8986668039519908, 0.09559424146463935, 0.001244202074222429, 0.004494752509147462], [0.014410022065098045, 0.15049781041673604, 0.13498007946266188, 0.7001120880555041], [0.8292358871410349, 0.08328596669384766, 0.07874297570699051, 0.00873517045812683], [0.004500861686842313, 0.9912896543986947, 0.0014532138676251968, 0.002756270046837881], [0.14166996288405675, 0.5962938527210705, 0.015723039761653675, 0.24631314463321904], [0.6471327861636658, 0.0341876848177865, 0.00035706557652010314, 0.3183224634420277], [0.4026777229685661, 0.12689727146283117, 0.4467734343852028, 0.02365157118340005], [0.0322001582394161, 0.7930236211727159, 0.014986180235129414, 0.1597900403527386], [0.006613493253361435, 0.9827425239594468, 0.005115248204853635, 0.0055287345823380185], [0.1374440734439527, 0.002439902794165757, 0.0020049419158601634, 0.8581110818460214], [0.0082095574235484, 0.5067091737675622, 0.4839487263002361, 0.0011325425086532968], [0.08910415412726737, 0.7273376945376163, 0.005729864683761647, 0.17782828665135458], [0.042849761912563705, 0.9529553210252787, 0.002717904919896583, 0.0014770121422610018], [0.08293666358530699, 0.2808244585531027, 0.14398967778164923, 0.49224920007994116], [0.053016452428676815, 0.70619806566338, 0.010625172585294385, 0.23016030932264894], [0.00949092706850519, 0.8563245724947756, 0.0024516575263534767, 0.1317328429103658], [0.2945928057460338, 0.0948487842298739, 0.1548814202022758, 0.4556769898218166], [0.21905494933675873, 0.28443892059157355, 0.0012590965915380947, 0.49524703348012955], [0.005625062136282822, 0.11906124431065632, 0.8749037600451722, 0.0004099335078886975], [0.05518916571805664, 0.919310663459174, 0.014188618712804177, 0.011311552109965099], [0.5834452711643955, 0.02975545692414921, 0.033792611238817785, 0.3530066606726376]]}, "rewritten": {"ids": ["97106000", "97116401", "98107010", "98108580", "98108970", "98109090", "98110710", "98120010", "99107500", "99107660", "99107950", "99108460", "99109141", "99110050", "100108520", "100109330", "100111080", "100113370", "101108121", "101109120", "101110150", "101111620", "101114020", "101114990", "101119030", "102109840", "102109850", "102111990", "102112170", "102116340", "102116500", "102121440", "103110100", "103110220", "103111830", "103112470", "104110960", "104111531", "104111711", "104111880", "104111990", "104112201", "104113000", "104114240", "104114410", "104119340", "105111990", "105113210", "105113260", "105113330", "105115380", "105115570", "105115680", "105115720", "105118740", "105121370", "106111321", "106113360", "106116120", "106116441", "106116850", "106117770", "106118301", "106118520", "106119260", "106120290", "106120640", "106121190", "106121220", "107113840", "107114110", "107118520", "107121700", "108113740", "108113760", "108114220", "108115070", "108115500", "108115970", "108116070", "108117451", "108117610", "108119330", "108119510", "108120260", "108121160", "108121410", "109113591", "109114220", "109114720", "109115211", "109116441", "109116930", "109117271", "109117630", "109118161", "109118701", "110114610", "110114651", "110114720", "110114920", "110114950", "110117080", "110118121", "110118810", "110118930", "110120700", "110121500", "110121720", "111114121", "111116040", "111116100", "111116170", "111116290", "111116530", "111116640", "111119290", "111119580", "111119610", "111120260", "111120280", "111120320", "111120531", "112116501", "112116850", "112117471", "112117790", "112118890", "112119120", "112119580", "112119980", "112120630", "112121010", "113117630", "113118231", "113119360", "113119480", "113121950", "113122120", "113122430", "113122510", "113122650"], "labels": [0, 3, 3, 0, 3, 1, 2, 2, 0, 3, 1, 0, 3, 3, 2, 0, 0, 3, 0, 1, 1, 3, 3, 3, 3, 2, 1, 2, 3, 3, 1, 2, 1, 2, 3, 1, 2, 0, 1, 3, 2, 0, 1, 0, 1, 1, 2, 3, 3, 3, 1, 0, 2, 1, 1, 2, 0, 0, 1, 0, 3, 0, 1, 2, 1, 2, 3, 2, 1, 3, 1, 2, 3, 3, 1, 3, 1, 3, 2, 1, 2, 3, 0, 1, 1, 2, 0, 3, 3, 0, 0, 3, 0, 0, 0, 0, 3, 1, 3, 3, 3, 0, 1, 3, 1, 1, 2, 3, 3, 0, 0, 3, 0, 2, 3, 0, 3, 3, 2, 3, 0, 1, 0, 3, 0, 3, 3, 3, 1, 3, 0, 3, 2, 0, 3, 0, 3, 3, 1, 2, 2, 2], "predicted_labels": [2, 3, 2, 3, 1, 1, 3, 1, 3, 1, 2, 1, 1, 1, 2, 1, 3, 0, 1, 2, 1, 3, 3, 1, 0, 3, 0, 3, 3, 2, 2, 0, 1, 3, 3, 1, 2, 0, 0, 1, 1, 3, 3, 0, 1, 0, 1, 1, 1, 1, 3, 2, 1, 2, 3, 3, 3, 3, 1, 1, 2, 3, 0, 2, 3, 1, 1, 1, 3, 1, 0, 1, 0, 3, 3, 0, 1, 1, 1, 3, 1, 3, 0, 0, 3, 2, 3, 1, 0, 2, 1, 1, 0, 3, 0, 1, 1, 1, 0, 2, 1, 0, 3, 1, 3, 3, 0, 3, 1, 3, 3, 1, 0, 0, 0, 1, 2, 3, 0, 1, 3, 3, 1, 1, 0, 1, 0, 3, 3, 0, 1, 0, 0, 3, 3, 1, 2, 3, 1, 1, 3, 1], "confidence_scores": [[0.009460054542348075, 0.016462499815716288, 0.9723535281215812, 0.001723917520354488], [0.028015247629611967, 0.1776201194413163, 0.028812766471770265, 0.7655518664573014], [0.003715090978445868, 9.533476469858957e-05, 0.909711902959002, 0.08647767129785353], [0.0009785371431763807, 0.2594817520748438, 0.08370365312346088, 0.6558360576585189], [0.09199386573184841, 0.46305981532258506, 0.38760948514352994, 0.05733683380203665], [0.003421213356344982, 0.8920751058571521, 0.016665619000739616, 0.08783806178576323], [0.005191600631573648, 0.07832542319088502, 0.08525774081248651, 0.8312252353650548], [0.05926034709186973, 0.4825802313122862, 0.04893155902422176, 0.40922786257162247], [0.04636318876417232, 0.08106420383822635, 0.027760013273832002, 0.8448125941237693], [0.21385620312342168, 0.44486394910673693, 0.0011932998950938485, 0.3400865478747474], [0.00022534437503880875, 0.005148600474062202, 0.9685479951075125, 0.026078060043386517], [0.0002276250756765249, 0.7088768556954375, 0.12569194637759537, 0.16520357285129075], [0.03934476460372042, 0.9589423155890741, 0.001008499363518411, 0.0007044204436871951], [0.004015880058788611, 0.9514518242931175, 0.03899799813984395, 0.0055342975082499045], [0.02665013283740021, 0.07345389341176714, 0.7454171194656102, 0.1544788542852225], [0.0018702586186111474, 0.9969340613065747, 0.0010925491697630395, 0.00010313090505102621], [0.07919179590576077, 0.2856255504211544, 0.15233096509582988, 0.4828516885772549], [0.5264155547833949, 0.3418535741635006, 0.0041254453740249405, 0.1276054256790796], [0.049610910870948606, 0.939257422928941, 0.00018647181456997455, 0.01094519438554028], [0.08068846943951374, 0.01752792631798188, 0.4665175016527918, 0.4352661025897126], [0.013318861212877552, 0.9472339816376764, 0.00217531100456989, 0.037271846144876136], [0.20953202395793094, 0.005042352118463439, 0.10213129023132513, 0.6832943336922804], [0.07217110918313781, 0.2250516608697133, 0.025595821622723305, 0.6771814083244256], [0.002581668073298788, 0.6156486655649781, 0.1400049211259204, 0.24176474523580274], [0.49271252564630197, 0.33199425910017727, 0.1146804290686748, 0.060612786184846064], [0.1654897895505329, 0.0028324112640787783, 0.3909202676099868, 0.44075753157540143], [0.6153752927887519, 0.010042472720823535, 0.05337118401367243, 0.32121105047675214], [0.07227091504764101, 0.0026472885328404855, 0.05011049951861541, 0.874971296900903], [0.24622840642261112, 0.05532247652982076, 0.030985722132494817, 0.6674633949150733], [0.008179691904279394, 0.0007089092916066795, 0.627825665188388, 0.36328573361572586], [0.17733200108518754, 0.029863798627683513, 0.7884992671792902, 0.004304933107838792], [0.43823032314136107, 0.39417259518089415, 0.14675583248592233, 0.02084124919182239], [0.04058257722657605, 0.5799459600893592, 0.28730405147154353, 0.09216741121252114], [0.03201738528749907, 0.06843754939836227, 0.04173320602526928, 0.8578118592888694], [0.009817522072905283, 0.2791275974323157, 0.012666036156892305, 0.6983888443378867], [0.11179682415173121, 0.5289075538213182, 0.025098821464287026, 0.33419680056266365], [0.020484155487736057, 0.15890166685826534, 0.768658920351573, 0.05195525730242564], [0.5644135538484835, 0.3110258333592732, 0.09801265673678673, 0.026547956055456588], [0.6605725406776749, 0.023574786158227074, 0.09986591765884897, 0.2159867555052491], [0.07088391610662872, 0.9133157194049693, 0.0019393375790824983, 0.01386102690931941], [0.003253624994120163, 0.9705779509144042, 0.0009291164293257517, 0.025239307662149876], [0.029296865465673148, 0.06485060406553031, 0.00040856194478971396, 0.9054439685240068], [0.036746509849616166, 0.054874108911811034, 0.0034215808858768628, 0.9049578003526959], [0.8092749421892198, 0.07979398853054302, 0.05856027898361449, 0.052370790296622526], [0.15480048852886558, 0.832899921491849, 0.0024857421443987885, 0.009813847834886641], [0.5761384847040896, 0.02316898151104799, 0.25476714406901635, 0.14592538971584623], [0.0019500740308130784, 0.5567478751871848, 0.011787886610314473, 0.42951416417168753], [0.2315911923863121, 0.7087089700507033, 0.05867539439206611, 0.001024443170918518], [0.017535928408808743, 0.9655091323063971, 0.0084879666377575, 0.008466972647036594], [0.0020742088189848835, 0.9928630961841347, 0.004188900548554397, 0.0008737944483258965], [0.00682434196615955, 0.0033894813984659935, 0.009063883127412237, 0.9807222935079621], [0.003082020454351005, 0.039749286262746084, 0.856260874285522, 0.1009078189973811], [0.003665345936936596, 0.4997368697310038, 0.38141619453263764, 0.11518158979942208], [0.001198820041507307, 0.41146393441323703, 0.5590206067200851, 0.028316638825170652], [0.001157886314758711, 0.008542444906134148, 0.14952762264168212, 0.840772046137425], [0.00855356701510066, 0.23145673569357825, 0.28194660631251395, 0.4780430909788072], [0.018167586908037544, 0.0239232328103676, 0.3158768392806517, 0.6420323410009432], [0.11279454675465789, 0.29900991287908274, 0.06980260494034425, 0.5183929354259151], [0.35837550987706507, 0.5010795003392319, 0.035551996854347075, 0.10499299292935606], [0.16152374042757855, 0.7551860993472761, 0.018525194220473835, 0.06476496600467162], [0.07373769587238534, 0.016800183376864206, 0.9090907559426172, 0.0003713648081332078], [0.18820024524039594, 0.07488224996711115, 0.1296867625918157, 0.6072307422006772], [0.5582953833196072, 0.3028999863805831, 0.03999002152253361, 0.09881460877727614], [0.008197852968510893, 0.08072799168029349, 0.639284546992991, 0.27178960835820454], [0.04554770786940223, 0.09908635054959115, 0.23504262596762043, 0.6203233156133862], [0.005050834840126975, 0.9424581178605608, 0.006747428844842424, 0.04574361845446999], [6.639494247705959e-05, 0.9868525711620303, 0.013052099624512805, 2.8934270980009425e-05], [0.03547201508948568, 0.8800000254366036, 0.054076085707164157, 0.030451873766746573], [0.0011179940961635378, 0.00048062841541755147, 0.03278695496968372, 0.9656144225187352], [0.1600716644363031, 0.5419190188168296, 0.1751401416296261, 0.12286917511724127], [0.5257097832428592, 0.3535887268494808, 0.024571937813791012, 0.09612955209386881], [6.822591833626052e-05, 0.9989453219457319, 0.0008005160392576962, 0.00018593609667404045], [0.44533694882122143, 0.08285461389916984, 0.058182407710885106, 0.41362602956872374], [0.0003768429083253351, 0.005151081348365507, 0.0007946592432811138, 0.9936774165000279], [0.004965549049853862, 0.1492623404304667, 0.341856545465861, 0.5039155650538184], [0.9935311293397567, 0.0003491590252895953, 0.0018600888724514034, 0.0042596227625022656], [0.31614662850714187, 0.6796582087107806, 0.0036637988109010393, 0.0005313639711766169], [0.10552250450303069, 0.6663446836246257, 0.052804752049048276, 0.1753280598232954], [0.013628256597913006, 0.8782811629863978, 0.04734489923499301, 0.06074568118069621], [0.47140465975051893, 0.011468949427541812, 0.017871390339327393, 0.499255000482612], [0.21109984329834777, 0.43819445619352143, 0.28999072547618204, 0.060714975031948816], [0.0065078344282276, 0.06594646838024561, 0.020671322886912303, 0.9068743743046146], [0.9693844229531553, 0.028690571372377665, 0.00030958353567049125, 0.0016154221387962736], [0.9305000409660088, 0.047890451150497955, 0.002811408421553012, 0.018798099461940127], [0.1540766179962098, 0.0021746587587032247, 0.0011444450255241614, 0.8426042782195627], [0.031109757880212474, 0.05884598535158354, 0.4748419186182334, 0.4352023381499705], [0.19626403404609521, 0.324774645927363, 0.023885010512415237, 0.4550763095141265], [0.12467533657987187, 0.867787653315589, 0.00036411980765336014, 0.007172890296885707], [0.9931082973384573, 0.0035720655150416718, 3.972258298687784e-05, 0.0032799145635141248], [0.09167460911744547, 0.020901056213252736, 0.8178015337110544, 0.06962280095824751], [0.20049249178524445, 0.6757099806515876, 0.11406896586306416, 0.009728561700103734], [0.19497230539851435, 0.5642056484093719, 3.556050080554319e-05, 0.24078648569130817], [0.7735211606917177, 0.21300191594408413, 0.0030247252393393663, 0.010452198124858907], [0.233170858824013, 0.0016417712471936236, 0.000524547686867211, 0.7646628222419262], [0.44371137754934487, 0.319261782899082, 0.09711382283832776, 0.13991301671324527], [0.32267670592764386, 0.6610798940747709, 0.006973206228122064, 0.00927019376946329], [0.007031039903357425, 0.9924060386449434, 0.0003925289182593159, 0.0001703925334398977], [0.16853266530429442, 0.7281917409386659, 0.10246975018048826, 0.0008058435765513621], [0.48483823196292386, 0.08102671151705232, 0.1680074060835066, 0.2661276504365173], [0.22747644360015545, 0.05862186760200773, 0.5203017863952553, 0.19359990240258151], [0.0011786911271774124, 0.9916556298539079, 0.0031656094022777127, 0.004000069616636936], [0.8656458363136352, 0.08284594307302365, 0.00021891568406267318, 0.05128930492927833], [0.31932002243995705, 0.07294073538222529, 0.05593611206284915, 0.5518031301149685], [0.09276867266257421, 0.5842889156418134, 0.027206741084826555, 0.29573567061078576], [0.07726923701391636, 0.00957121161788765, 0.0001646245678515909, 0.9129949268003444], [0.1794076753900641, 0.2613670928421347, 0.11691488938868887, 0.44231034237911226], [0.9128417549655764, 0.033139301906771085, 0.01762264726673253, 0.03639629586092003], [0.40299690751816886, 0.013952372910581405, 0.04830510116357511, 0.5347456184076746], [0.027879209368037738, 0.48989334205999474, 0.15825695025566489, 0.32397049831630254], [0.07273260199210838, 0.10779452276574618, 0.004180143664406389, 0.8152927315777391], [0.12870003199276506, 0.012490200484698436, 0.3277479291517657, 0.5310618383707708], [0.0060617746771726945, 0.9797951670686144, 0.0003706710358789188, 0.013772387218334167], [0.7656563120761265, 0.13077052058320837, 0.07740135290828913, 0.02617181443237586], [0.7830583897158387, 0.014298731995154872, 0.06835925733064173, 0.13428362095836474], [0.722994692859976, 0.08120372403395436, 0.017726608474327644, 0.17807497463174196], [0.00684037756573633, 0.7754236408810482, 0.13666603166254132, 0.08106994989067413], [0.17520412416640116, 0.12817003476557268, 0.6510133708637906, 0.045612470204235527], [0.15195140878667113, 0.09000863611320871, 0.09634397744234774, 0.6616959776577723], [0.7068595974466637, 0.015332239839042715, 0.001029239989788435, 0.27677892272450505], [0.004127693765859446, 0.6483487776938612, 0.3332553317142788, 0.014268196826000692], [0.001984966474119178, 0.007773267579200901, 0.001970858890341197, 0.9882709070563387], [0.03235464906752238, 0.26042913588386474, 0.0022118383822944997, 0.7050043766663183], [0.00017834568665110373, 0.9958495689834889, 1.5488697375662815e-06, 0.003970536460122415], [0.1988346470180919, 0.48767150138966503, 0.00027301683957767296, 0.3132208347526654], [0.5809048114457225, 0.04615158046974409, 0.005522806668634977, 0.3674208014158985], [0.06065963778801352, 0.7301268593669283, 0.14530985056426735, 0.06390365228079066], [0.8669923265422356, 0.015489136622519937, 0.009322954746397124, 0.10819558208884744], [0.3193536669863695, 0.12185289050578302, 0.08216196119668263, 0.47663148131116495], [0.14507649610600576, 0.0058129985010619955, 0.04252053224565234, 0.8065899731472799], [0.5797089218314517, 0.2705396957856679, 0.0467087703502772, 0.10304261203260316], [0.005547924534992267, 0.961498067053394, 0.02810287067936404, 0.00485113773224966], [0.7604422597192044, 0.03019064196746537, 9.74537070309828e-05, 0.20926964460629927], [0.6009323748115184, 0.11488227481457194, 0.21389445492690123, 0.07029089544700838], [0.02082062403351372, 0.06974243724352758, 0.009892780516947577, 0.8995441582060111], [0.019431718754715166, 0.05873508922658831, 0.021846450959524193, 0.8999867410591724], [0.006129355347798003, 0.6959229501531554, 0.02534711266875155, 0.27260058183029495], [0.13885184440508813, 0.061960004201927855, 0.5747589894074715, 0.22442916198551258], [0.17960945648003046, 0.05606066542782339, 0.016914878848021075, 0.747414999244125], [0.0035862748906265326, 0.9295301684250237, 0.0004371907033218514, 0.06644636598102817], [0.006919040567939925, 0.8034398108828812, 0.0345084567868208, 0.15513269176235828], [0.0001664473945493847, 0.03865764280626914, 0.01965311364896869, 0.9415227961502127], [0.09749690695952946, 0.8069361084528113, 0.0684681034788721, 0.027098881108787134]]}}