{"test": {"ids": ["109120621", "108116070", "106116820", "111116750", "108115870", "106120640", "107113180", "112121360", "113122510", "98120530", "112118530", "113118690", "100109980", "111119250", "110116290", "100108260", "113120540", "97113260", "99108460", "112118860", "102118380", "107119950", "112118511", "102121440", "110114720", "110114610", "99108330", "113121680", "106120290", "99110050", "108115880", "104113000", "106113190", "108120700", "104111620", "110115980", "107120260", "104111711", "106117650", "110117200", "105115680", "100109910", "98107410", "111116170", "105118740", "107119390", "107114110", "101112540", "103113640", "103112470", "110116300", "113122150", "97105580", "108117360", "113120280", "112116640", "100109890", "109117630", "103110220", "113121220", "109118701", "112118620", "99109311", "97112830", "106116120", "111115400", "102109010", "102109910", "103110760", "109119010", "100117420", "100109330", "98110710", "98112580", "109117110", "109118820", "100120780", "113119340", "100111380", "104114230", "113120601", "104113240", "111119290", "113118231", "112120270", "104117200", "103118291", "109116170", "98116940", "99107660", "105120280", "102110050", "98107210", "104118070", "111115910", "109120540", "106114280", "102112250", "99107640", "108120280", "107118120", "105114220", "106119580", "108114180", "110120540", "110118161", "106119990", "106113170", "110118450", "112116540", "109116930", "111116010", "99109780", "112117461", "99109860", "109117080", "113119950", "101108370", "112118880", "109117431", "106119260", "109114030", "108118630", "103111540", "97106820", "103109641", "103120290", "100111390", "99117740", "110113931", "104114410", "101108121", "100120010", "110119891", "106114880", "106114011", "113121980", "107113130", "112118421", "105115570", "99109740", "109119591"], "labels": [1, 1, 1, 3, 3, 3, 3, 3, 2, 1, 1, 3, 1, 1, 2, 3, 3, 1, 0, 3, 1, 3, 1, 2, 3, 1, 1, 1, 2, 3, 3, 1, 0, 2, 0, 1, 1, 1, 1, 3, 2, 2, 3, 0, 1, 2, 1, 2, 1, 1, 3, 2, 1, 1, 0, 0, 3, 0, 2, 3, 3, 3, 1, 2, 1, 0, 1, 2, 1, 3, 2, 0, 2, 2, 1, 3, 1, 0, 3, 2, 2, 2, 3, 3, 0, 3, 0, 0, 2, 3, 3, 3, 1, 2, 2, 1, 3, 0, 1, 3, 3, 3, 3, 1, 1, 0, 0, 0, 0, 1, 0, 1, 2, 0, 2, 1, 0, 1, 1, 1, 1, 1, 1, 1, 1, 1, 2, 2, 2, 1, 1, 0, 0, 3, 0, 1, 2, 1, 3, 0, 3, 0], "predicted_labels": [3, 1, 3, 0, 3, 1, 3, 1, 1, 3, 1, 3, 0, 0, 3, 1, 1, 1, 3, 1, 1, 3, 3, 3, 2, 1, 3, 1, 3, 1, 3, 3, 3, 3, 3, 0, 0, 3, 1, 3, 1, 2, 0, 0, 3, 1, 0, 3, 0, 1, 3, 3, 1, 0, 0, 3, 3, 3, 3, 1, 3, 1, 1, 3, 0, 3, 3, 3, 3, 3, 3, 0, 2, 3, 3, 3, 3, 3, 0, 3, 3, 1, 3, 3, 0, 1, 0, 1, 1, 0, 1, 1, 3, 3, 1, 1, 3, 0, 3, 3, 1, 0, 1, 1, 1, 1, 0, 3, 1, 1, 0, 0, 3, 3, 2, 1, 3, 0, 3, 3, 0, 3, 3, 3, 0, 1, 3, 3, 0, 3, 3, 0, 3, 3, 1, 1, 0, 3, 3, 3, 3, 1], "confidence_scores": [[0.2830265423946216, 0.2546408932786409, 0.1489085876920696, 0.31342397663466753], [0.2884665591444485, 0.2810663766778858, 0.10819916053856278, 0.3222679036391028], [0.23573213695076264, 0.2657116864522475, 0.2156677910790185, 0.2828883855179714], [0.33067721655485005, 0.2396788563225219, 0.09776070932491594, 0.3318832177977121], [0.3020959717390268, 0.25420434093358724, 0.1137874910592415, 0.32991219626814466], [0.2352060997144386, 0.27670351446113095, 0.1963710935511525, 0.29171929227327775], [0.21112183487744868, 0.2871952812045554, 0.20988465996193353, 0.2917982239560621], [0.26895705200190984, 0.2677842354427029, 0.16952213407794303, 0.2937365784774442], [0.16084472757101165, 0.2909539697391894, 0.3279915850338303, 0.22020971765596836], [0.2752572002960738, 0.2559152304910736, 0.16530331723122588, 0.3035242519816268], [0.1792925459542107, 0.2908946743040058, 0.26837095773680625, 0.2614418220049772], [0.2996877886703599, 0.2602824267903198, 0.11282479271088709, 0.32720499182843327], [0.24031273369493705, 0.24737470871344533, 0.2757334013822437, 0.23657915620937403], [0.32774643193101893, 0.22085670946868632, 0.127104018398095, 0.3242928402021998], [0.25998178457993143, 0.2521846063223062, 0.2086341985850248, 0.2791994105127378], [0.25180852064314735, 0.27504817384574104, 0.24753011691756463, 0.22561318859354693], [0.26827059075902143, 0.29884393526925623, 0.11532887632292678, 0.3175565976487956], [0.22555903684796771, 0.27300973104545606, 0.26008292359668417, 0.24134830850989208], [0.26601345842432084, 0.2688931392000161, 0.15145674259767153, 0.3136366597779915], [0.25334918881649615, 0.2656411211434817, 0.21690055142623127, 0.2641091386137908], [0.21094336153237372, 0.2821759215780108, 0.24094885187503431, 0.2659318650145814], [0.31506727679740854, 0.2578766979265772, 0.09251653630012235, 0.3345394889758917], [0.23862433808936664, 0.2792163966322307, 0.18644286627954035, 0.2957163989988624], [0.2702743878409155, 0.2427695925475703, 0.19952630077103337, 0.287429718840481], [0.19232047755462134, 0.26531814520721403, 0.3293976084071554, 0.21296376883100934], [0.25404748017720225, 0.26671961651462256, 0.22964833702633908, 0.2495845662818361], [0.20375100966491766, 0.2844927382188407, 0.22534495747354277, 0.2864112946426991], [0.2384461802989134, 0.2780481183214935, 0.193678191106735, 0.28982751027285825], [0.2463838692610249, 0.274428906722984, 0.18205029755369403, 0.297136926462297], [0.27314275973764174, 0.2705909903095216, 0.171728388220113, 0.28453786173272394], [0.2727853437481544, 0.2523467067115825, 0.1763675292121465, 0.2985004203281164], [0.24678032264997546, 0.2779049101201633, 0.16338862867490844, 0.31192613855495277], [0.2640574467907166, 0.2749434938259392, 0.15871847018386326, 0.302280589199481], [0.26782341343010385, 0.27125794900435485, 0.158639353793245, 0.3022792837722963], [0.33310658936125853, 0.24913628437135737, 0.06962656207272368, 0.3481305641946607], [0.28825232140962653, 0.24018292382116266, 0.17808320062226238, 0.29348155414694826], [0.32081690934599627, 0.2414182008698673, 0.12206565709473577, 0.3156992326894009], [0.2816625979513317, 0.27636268870808095, 0.11928446674278274, 0.32269024659780476], [0.18685353296492646, 0.2843679865698582, 0.27971122195516906, 0.24906725851004635], [0.2807360439308241, 0.28103577453419143, 0.11049156328764498, 0.32773661824733924], [0.19589194096251597, 0.28027625298113973, 0.28350191657394036, 0.24032988948240383], [0.19851958717031587, 0.26699238464846986, 0.3257900418962192, 0.2086979862849952], [0.3101397013240249, 0.2439728475873556, 0.1483504937357655, 0.29753695735285407], [0.284161166870543, 0.25986288232496857, 0.15233952565500158, 0.30363642514948697], [0.2347585276457389, 0.26558467612057335, 0.23017393917247084, 0.2694828570612169], [0.21757409235817946, 0.2722341140376595, 0.26667498436814885, 0.24351680923601232], [0.3239825677282015, 0.25958397493909363, 0.07429771663777698, 0.3421357406949279], [0.23375857437343564, 0.2519744823264018, 0.2576152764532776, 0.25665166684688506], [0.3330318342542425, 0.24569104238606332, 0.08648479071611828, 0.3347923326435762], [0.2547421212131406, 0.2612248538427763, 0.22116779537238687, 0.2628652295716964], [0.2893129922745553, 0.2509424043417512, 0.13956507295272236, 0.3201795304309708], [0.23758768716738382, 0.29153617052036057, 0.15271566123450273, 0.31816048107775285], [0.23068373236083534, 0.29417534045601523, 0.2129509298715295, 0.26218999731162007], [0.2672108214036384, 0.2675158358068764, 0.23219662787911088, 0.23307671491037427], [0.3517667170274425, 0.2354739301776852, 0.05734741317895018, 0.35541193961592205], [0.22322914423763002, 0.2531308752585592, 0.24569717913899092, 0.27794280136481986], [0.2665388739033418, 0.24194449161033013, 0.1988308197068194, 0.29268581477950856], [0.2721283446732809, 0.25377065314541175, 0.18597949209597295, 0.28812151008533426], [0.18839175138918965, 0.2724960296921808, 0.3000897872905775, 0.23902243162805223], [0.23823752318864938, 0.28220230881260683, 0.18580723477368855, 0.2937529332250551], [0.22280999249932892, 0.2688541230339291, 0.22869403569871088, 0.2796418487680312], [0.27677412793033895, 0.27512734637603514, 0.1538716080639842, 0.2942269176296415], [0.2724158747557454, 0.27210510023048706, 0.17321882466733043, 0.28226020034643684], [0.2637342354041617, 0.25357394822072654, 0.20540345361569978, 0.2772883627594119], [0.2989805689269273, 0.23335180664775468, 0.18722559302952912, 0.28044203139578866], [0.28879599372335873, 0.2382390243286082, 0.16395342943640057, 0.30901155251163265], [0.2596639096976624, 0.24732992037527377, 0.21335796104795293, 0.2796482088791109], [0.2968011953624186, 0.24523351052374584, 0.14874879895385165, 0.30921649515998384], [0.2947142176870542, 0.24406608783636766, 0.13919594468470087, 0.32202374979187726], [0.2176548078130551, 0.26508173487303943, 0.2481953748775275, 0.2690680824363777], [0.2438137545593742, 0.2771885896023746, 0.17568580117006452, 0.3033118546681868], [0.29290114146143986, 0.26719564296611015, 0.1224470549632298, 0.31745616060921994], [0.17912679648064295, 0.2777534110838657, 0.3443596978157783, 0.19876009461971314], [0.209749862485945, 0.27565626457953324, 0.26792628448430555, 0.2466675884502164], [0.22337067301069882, 0.2806021985624526, 0.20235056798911832, 0.29367656043773044], [0.2611614497600343, 0.27846518612095067, 0.1515631916943126, 0.3088101724247025], [0.30603969006857445, 0.2650504791185627, 0.09531372407168702, 0.33359610674117596], [0.28158435658448916, 0.2522129960337401, 0.15761378666340695, 0.3085888607183638], [0.2412174172635923, 0.25947485160095757, 0.24422523915896405, 0.25508249197648586], [0.23031544408051471, 0.2701800447907255, 0.22175868327297601, 0.2777458278557838], [0.2470380875951425, 0.273584063526758, 0.18216738625835177, 0.297210462619748], [0.2590129540911033, 0.2639844602425333, 0.21492087561337256, 0.26208171005299064], [0.25384881553879957, 0.24829621363382517, 0.2221147708807396, 0.27574019994663557], [0.20187728984929817, 0.2741195978251547, 0.25836488581610556, 0.2656382265094416], [0.2875528505257917, 0.26708991822347466, 0.14255836677747388, 0.30279886447325954], [0.26512984373300225, 0.2816128278978707, 0.15910896621463844, 0.2941483621544889], [0.2900615303750324, 0.2596946453853809, 0.1381736229855703, 0.3120702012540163], [0.29464524020494076, 0.29128345162172015, 0.08339900365184437, 0.33067230452149476], [0.2118055083222692, 0.2940851027668914, 0.20069575413530216, 0.2934136347755372], [0.3578758030403374, 0.2306903630085829, 0.05542501758295755, 0.35600881636812204], [0.2724618895950147, 0.26645149181329214, 0.16158220897523937, 0.2995044096164537], [0.26323789913001877, 0.2715210075375909, 0.18386555058451856, 0.28137554274787213], [0.23580167583231532, 0.26749115328752976, 0.22942041480306, 0.26728675607709484], [0.21036476231485393, 0.2680660486175491, 0.2536199334586103, 0.2679492556089867], [0.2683817020175002, 0.28998521851921344, 0.12219610246687347, 0.319436976996413], [0.2617467002486998, 0.29749586317595555, 0.1220497461610344, 0.31870769041431024], [0.27006489775016185, 0.2620680300995558, 0.166255063080413, 0.3016120090698691], [0.3384039806150437, 0.20807699840846267, 0.11730919754205471, 0.33620982343443917], [0.25495788686665605, 0.26376499843108403, 0.20099381153207002, 0.2802833031701898], [0.30053317841008054, 0.25588440677261076, 0.1091531419958524, 0.3344292728214563], [0.292025822911754, 0.2762196052972507, 0.11654369406838738, 0.3152108777226081], [0.31985274250001156, 0.2382739606013807, 0.11996494458170015, 0.32190835231690756], [0.21338579821877698, 0.28365465323152467, 0.3151250693941848, 0.18783447915551368], [0.2734889010235541, 0.2712883085498482, 0.18011242072817032, 0.2751103696984272], [0.22963478220350655, 0.2750426047869414, 0.2210410209848287, 0.27428159202472313], [0.28348481232411593, 0.28570665308396237, 0.12191609095271236, 0.3088924436392091], [0.27422881391518367, 0.24057086154168944, 0.209941342228106, 0.27525898231502083], [0.29129455095112167, 0.26968997360470826, 0.11397175772942023, 0.32504371771475], [0.25124521803921573, 0.27494418774791807, 0.2019938946672891, 0.2718166995455771], [0.2276424699432567, 0.29547573895768875, 0.19790079336114563, 0.27898099773790874], [0.31883796457756264, 0.2766868251944951, 0.06063380444543817, 0.34384140578250416], [0.23476989537730045, 0.25996600212651877, 0.2879991068492147, 0.21726499564696589], [0.20147041116525397, 0.2729610143791741, 0.28633869124989264, 0.2392298832056792], [0.3122624749626919, 0.26206840637197965, 0.08952787725736253, 0.3361412414079661], [0.19014248017534674, 0.2711842646819257, 0.32410077870555887, 0.21457247643716904], [0.22843606122427615, 0.29920797841783964, 0.2028423327541894, 0.26951362760369507], [0.31363786260119836, 0.2649585063186103, 0.08129899614303346, 0.34010463493715803], [0.3301663801401516, 0.2635786956105979, 0.06012974763892781, 0.3461251766103228], [0.27907616217486, 0.27156647478072937, 0.13366137840447762, 0.31569598463993326], [0.2671273747402461, 0.2602277953038712, 0.18717898335358785, 0.2854658466022947], [0.27763172921008566, 0.21450765466733898, 0.23088998237518107, 0.2769706337473945], [0.23560593928939244, 0.28271129763884517, 0.18132002641447098, 0.3003627366572914], [0.2733713001699971, 0.2548998360435288, 0.16758430635492627, 0.30414455743154806], [0.24178033951838618, 0.27344510655784826, 0.19855209829341233, 0.28622245563035337], [0.2750485595698506, 0.24254991724939182, 0.22302101077319877, 0.25938051240755866], [0.2423025038907557, 0.283575435928667, 0.20732481392453878, 0.26679724625603857], [0.20953275426136372, 0.2736016782851425, 0.26144954637447, 0.25541602107902367], [0.28603292736282143, 0.26708016740918644, 0.13482604399479384, 0.31206086123319854], [0.3066606736173835, 0.27316543045797376, 0.09210634198276466, 0.32806755394187803], [0.26522433076442586, 0.24991554906114305, 0.162586034037659, 0.3222740861367719], [0.25251655582116944, 0.25042664372963486, 0.2332795179101297, 0.2637772825390659], [0.3069190527218819, 0.25610940441004215, 0.12233627087578039, 0.31463527199229563], [0.22908751669495092, 0.2612692603376873, 0.22490760320398315, 0.2847356197633787], [0.24774948020403528, 0.2672902918067659, 0.20041582243322836, 0.28454440555597066], [0.2546816336866755, 0.2728453190803139, 0.19783374456976485, 0.27463930266324577], [0.23612233600518734, 0.28410024257344424, 0.21314675428783827, 0.2666306671335303], [0.32700856108003795, 0.2761455755366641, 0.048376856270675075, 0.34846900711262246], [0.19738705191005876, 0.2534495896528039, 0.2915818417403295, 0.2575815166968079], [0.31082116571655016, 0.2507769964184826, 0.11090792134801344, 0.32749391651695386], [0.16550328266308667, 0.27478597891313256, 0.3098478888006468, 0.24986284962313426], [0.2537417350363587, 0.26021831921655736, 0.2184399811780714, 0.2675999645690127], [0.2411764950108022, 0.28677884615926275, 0.25084825085441087, 0.22119640797552428]]}, "rewritten": {"ids": ["97105580", "97106820", "97112830", "97113260", "98107210", "98107410", "98110710", "98112580", "98116940", "98120530", "99107640", "99107660", "99108330", "99108460", "99109311", "99109740", "99109780", "99109860", "99110050", "99117740", "100108260", "100109330", "100109890", "100109910", "100109980", "100111380", "100111390", "100117420", "100120010", "100120780", "101108121", "101108370", "101112540", "102109010", "102109910", "102110050", "102112250", "102118380", "102121440", "103109641", "103110220", "103110760", "103111540", "103112470", "103113640", "103118291", "103120290", "104111620", "104111711", "104113000", "104113240", "104114230", "104114410", "104117200", "104118070", "105114220", "105115570", "105115680", "105118740", "105120280", "106113170", "106113190", "106114011", "106114280", "106114880", "106116120", "106116820", "106117650", "106119260", "106119580", "106119990", "106120290", "106120640", "107113130", "107113180", "107114110", "107118120", "107119390", "107119950", "107120260", "108114180", "108115870", "108115880", "108116070", "108117360", "108118630", "108120280", "108120700", "109114030", "109116170", "109116930", "109117080", "109117110", "109117431", "109117630", "109118701", "109118820", "109119010", "109119591", "109120540", "109120621", "110113931", "110114610", "110114720", "110115980", "110116290", "110116300", "110117200", "110118161", "110118450", "110119891", "110120540", "111115400", "111115910", "111116010", "111116170", "111116750", "111119250", "111119290", "112116540", "112116640", "112117461", "112118421", "112118511", "112118530", "112118620", "112118860", "112118880", "112120270", "112121360", "113118231", "113118690", "113119340", "113119950", "113120280", "113120540", "113120601", "113121220", "113121680", "113121980", "113122150", "113122510"], "labels": [1, 1, 2, 1, 1, 3, 2, 2, 2, 1, 1, 3, 1, 0, 1, 3, 2, 2, 3, 2, 3, 0, 3, 2, 1, 3, 2, 2, 0, 1, 0, 1, 2, 1, 2, 3, 0, 1, 2, 1, 2, 1, 1, 1, 1, 0, 2, 0, 1, 1, 2, 2, 1, 3, 2, 3, 0, 2, 1, 3, 0, 0, 1, 3, 0, 1, 1, 1, 1, 3, 0, 2, 3, 1, 3, 1, 3, 2, 3, 1, 1, 3, 3, 1, 1, 1, 3, 2, 1, 0, 0, 1, 1, 1, 0, 3, 3, 3, 0, 1, 1, 1, 1, 3, 1, 2, 3, 3, 0, 0, 3, 1, 0, 2, 1, 0, 3, 1, 3, 1, 0, 0, 3, 1, 1, 3, 3, 1, 0, 3, 3, 3, 0, 0, 0, 3, 2, 3, 1, 2, 2, 2], "predicted_labels": [1, 3, 3, 1, 3, 3, 2, 3, 3, 1, 3, 0, 3, 3, 1, 3, 3, 2, 3, 0, 1, 0, 3, 2, 3, 3, 3, 3, 3, 3, 0, 3, 3, 0, 3, 0, 0, 3, 0, 1, 3, 3, 3, 0, 0, 3, 1, 0, 3, 3, 3, 2, 3, 3, 3, 0, 3, 3, 3, 1, 3, 3, 1, 3, 3, 0, 3, 3, 3, 2, 3, 3, 1, 3, 1, 3, 0, 1, 3, 3, 3, 3, 3, 3, 0, 3, 3, 3, 3, 1, 0, 1, 3, 0, 3, 3, 3, 3, 1, 1, 3, 3, 0, 3, 0, 3, 3, 3, 3, 1, 3, 1, 3, 1, 3, 3, 0, 3, 3, 3, 3, 3, 3, 3, 1, 3, 1, 3, 0, 3, 3, 3, 3, 3, 0, 3, 3, 3, 1, 3, 3, 1], "confidence_scores": [[0.22580687424821683, 0.29184720209728476, 0.22313354162434326, 0.2592123820301553], [0.249520733369466, 0.25145557798773477, 0.24302105323369486, 0.2560026354091045], [0.2710364022004393, 0.25145983141055395, 0.19045859674261606, 0.28704516964639126], [0.21269129414191065, 0.27257607560814595, 0.3173155241942433, 0.1974171060557004], [0.20165350340356222, 0.26789743694714346, 0.25350028569139343, 0.2769487739579005], [0.3422256330845571, 0.2229687880891631, 0.09397099242878737, 0.3408345863974924], [0.16153832887551645, 0.28321282839752, 0.3585668354678717, 0.19668200725909193], [0.22850593141829642, 0.2503287486405399, 0.27322646408105355, 0.24793885586011036], [0.21600174877368955, 0.282166066952329, 0.21037538899881075, 0.29145679527517077], [0.2604772944402733, 0.27334571874631775, 0.18531420474853477, 0.28086278206487425], [0.24675897047015208, 0.25748066133702563, 0.2203734295924417, 0.2753869386003802], [0.3608994154039707, 0.21439787503315505, 0.07169398360192489, 0.3530087259609494], [0.2090643019892266, 0.2648374250012141, 0.23725796461804147, 0.2888403083915179], [0.2815631804381918, 0.2537930588594239, 0.1506907350999774, 0.313953025602407], [0.23627300895703704, 0.2717411001552763, 0.22939315338311128, 0.2625927375045753], [0.2196217149875686, 0.2649690113797259, 0.2582475009471328, 0.2571617726855729], [0.2068215764912919, 0.2671931444456243, 0.2681493815161846, 0.2578358975468994], [0.17674726568682167, 0.272745541154788, 0.3586326580343921, 0.19187453512399819], [0.2697318658206459, 0.2504772577283121, 0.2070003393344469, 0.272790537116595], [0.31652187234693446, 0.2441738812344294, 0.1172268441083078, 0.3220774023103284], [0.23923607705744343, 0.28194963039566356, 0.26578744088168804, 0.213026851665205], [0.28891087273068555, 0.25886095063722564, 0.1691558759574331, 0.283072300674656], [0.28167768956303224, 0.259363232395571, 0.14031184036452538, 0.3186472376768713], [0.1717733516511574, 0.2679495739286926, 0.36149149641338374, 0.19878557800676633], [0.23019179302353318, 0.24171262681247266, 0.2750590659490154, 0.2530365142149787], [0.2445293683023428, 0.24601984477777025, 0.23318325590344735, 0.2762675310164393], [0.28226705052655954, 0.26182987978424477, 0.1439986183673442, 0.3119044513218513], [0.221062582784313, 0.2695101559803314, 0.2270041029123246, 0.2824231583230311], [0.24442821740278875, 0.25738243005075057, 0.17991569661300078, 0.31827365593345963], [0.3064993719928382, 0.2657173348481635, 0.0952144023317807, 0.33256889082721797], [0.3071365647132166, 0.23679381801988023, 0.1364172296414672, 0.31965238762543574], [0.3207029272965521, 0.2700772272743399, 0.06719220195128918, 0.34202764347781894], [0.21785853380733752, 0.2679720588830952, 0.23818580587003738, 0.2759836014395299], [0.25209665445612167, 0.24778587522231008, 0.24323059518353513, 0.2568868751380334], [0.24532128582413665, 0.2494541142397697, 0.2336430534854528, 0.27158154645064064], [0.23248850629559387, 0.24055751370030914, 0.28659799900444527, 0.2403559809996517], [0.33203890755258864, 0.2055976408298868, 0.13110008109938479, 0.3312633705181395], [0.195503275448521, 0.28238904442956425, 0.252008484668738, 0.27009919545317657], [0.23818382506361194, 0.23694830119144156, 0.29011077285803644, 0.23475710088691026], [0.2325793443268494, 0.27134499824750935, 0.2452759071178355, 0.25079975030780566], [0.1795548295597721, 0.2748284097872295, 0.29972793140223575, 0.24588882925076283], [0.28186619096609966, 0.2344999869291123, 0.16799758617967214, 0.3156362359251159], [0.23287354489271725, 0.26872124375545, 0.22902234733518625, 0.2693828640166466], [0.26991856310324636, 0.24697670786432413, 0.24731090894613733, 0.23579382008629218], [0.3450871553944324, 0.24046983903239916, 0.06547713725778388, 0.34896586831538456], [0.2683521950666515, 0.263270856816534, 0.16845144015745658, 0.2999255079593581], [0.21557239779949108, 0.28244477043750027, 0.23470240733536196, 0.26728042442764655], [0.32540824078129377, 0.2760423827407928, 0.05146650149133223, 0.3470828749865811], [0.22474590623856633, 0.27218032589292324, 0.2220254673852764, 0.281048300483234], [0.2594951932989675, 0.28436179799711436, 0.13374465176095696, 0.32239835694296093], [0.20874749404792473, 0.2602819858350781, 0.3050958250125276, 0.22587469510446964], [0.2052730870805634, 0.2565433788965479, 0.320295877143818, 0.21788765687907088], [0.22767308778748285, 0.2618936058717339, 0.27355594636626307, 0.23687735997452047], [0.24017229166870668, 0.277869843044676, 0.15864019865494283, 0.32331766663167455], [0.16735276252477935, 0.2845414028037475, 0.2780029122683372, 0.27010292240313594], [0.29908494116903944, 0.24244987493351344, 0.14777266491737243, 0.3106925189800748], [0.16486359624764274, 0.27384385690710156, 0.3333009558306609, 0.2279915910145948], [0.1944963540526171, 0.28110601680117553, 0.2639572816760738, 0.26044034747013334], [0.19843708664803877, 0.26540892854127907, 0.252792901179684, 0.28336108363099793], [0.2630171843138511, 0.28454519624647023, 0.14102017852370408, 0.3114174409159747], [0.2821665117879174, 0.2767778861308569, 0.12021866680118706, 0.3208369352800386], [0.2541200263163969, 0.2659056936810834, 0.18942717588740274, 0.290547104115117], [0.22236732453017732, 0.2749869339283462, 0.2721109636794003, 0.23053477786207602], [0.2667393419735474, 0.25216022742575306, 0.188006426934291, 0.29309400366640853], [0.23171797777106753, 0.26320857761213656, 0.24575448384704435, 0.2593189607697517], [0.2995597930086246, 0.22638365986356904, 0.20943645561170995, 0.26462009151609656], [0.20816214390134782, 0.2652938822082818, 0.2708063027823605, 0.25573767110801005], [0.2429856794224329, 0.25972458866012005, 0.2065059569750983, 0.2907837749423487], [0.2606548402555013, 0.21297970001805522, 0.2424516192375305, 0.28391384048891294], [0.1763421586076711, 0.2788358957543237, 0.3485387202013134, 0.19628322543669197], [0.2798926299079264, 0.24129777572446084, 0.18377176645805846, 0.29503782790955446], [0.233255356847275, 0.2750555432324943, 0.20332494918706837, 0.2883641507331623], [0.18664479350727564, 0.29357724467272495, 0.24679334839070244, 0.2729846134292971], [0.17210547382346472, 0.26851556083928185, 0.312809970618934, 0.24656899471831925], [0.22428128958840662, 0.2837499008271375, 0.20404191068536057, 0.28792689889909523], [0.3162290518749712, 0.2571334621605087, 0.08821422377881467, 0.3384232621857055], [0.29371993082043146, 0.27063749696813516, 0.12076651400927789, 0.3148760582021553], [0.18759715651229272, 0.28785952724903136, 0.2916220086662884, 0.23292130757238788], [0.3106088694780578, 0.2544489368250711, 0.10493878867819988, 0.3300034050186712], [0.28621340896782976, 0.24426331740412116, 0.17433062043552477, 0.2951926531925244], [0.2385267490056879, 0.2728681718221908, 0.19538996584553844, 0.2932151133265828], [0.3012946487309044, 0.2492756847251884, 0.12008334471872151, 0.3293463218251858], [0.30374195333804394, 0.2470408152435713, 0.1187990811989558, 0.33041815021942905], [0.2599661683319564, 0.2566917962621702, 0.19568386619941888, 0.2876581692064543], [0.2553707273496648, 0.26128444994216704, 0.24037306875546607, 0.2429717539527022], [0.22274889999173064, 0.25586964632791176, 0.2362400676035025, 0.28514138607685513], [0.2968804192589787, 0.2522488204943494, 0.12040964717286337, 0.3304611130738086], [0.25020746812555217, 0.2680632911239251, 0.19549377805101392, 0.28623546269950884], [0.3211521880126869, 0.23908869299324112, 0.10235853441835244, 0.3374005845757194], [0.28403293522225803, 0.2846512431219504, 0.12357149446204418, 0.3077443271937472], [0.3237062091054307, 0.2694033025775801, 0.0626561529733087, 0.34423433534368025], [0.17808879818683276, 0.3139264159264433, 0.2551151323904479, 0.2528696534962762], [0.23050576692788055, 0.26742542477378983, 0.22146549823330908, 0.28060331006502043], [0.30670576515490533, 0.2563840572558858, 0.1163219954196353, 0.3205881821695736], [0.28549453357782045, 0.2464462862187114, 0.1668635106854744, 0.30119566951799365], [0.22943071846291915, 0.26912644075658054, 0.21232075786407945, 0.28912208291642116], [0.266732808429613, 0.26817444621746855, 0.15666310184803442, 0.30842964350488383], [0.17998064847890985, 0.28112694452955717, 0.2841004796386332, 0.2547919273528995], [0.24475310888974106, 0.28098664339283963, 0.24184118154005732, 0.23241906617736216], [0.2547508927207904, 0.28833573041311666, 0.15631924637593664, 0.30059413049015626], [0.292153317167936, 0.27640146715125763, 0.09388094829598831, 0.3375642673848181], [0.25315155938622774, 0.2548734973536838, 0.18345879451362923, 0.30851614874645916], [0.22906120691668727, 0.2579151427293783, 0.29581662411708987, 0.21720702623684446], [0.18694769153423382, 0.27273565915130443, 0.28300892460268373, 0.2573077247117782], [0.2911555080488392, 0.23770759621197993, 0.18020722826131028, 0.29092966747787047], [0.2518154539135115, 0.24084950357233964, 0.2565535630583572, 0.2507814794557914], [0.2611042646297732, 0.26117617518740244, 0.16931637148489262, 0.30840318869793143], [0.2812598752566851, 0.26974192126906404, 0.13285323080254421, 0.31614497267170677], [0.28915988040511614, 0.2808894961975259, 0.10070419461085463, 0.32924642878650323], [0.2529761279269571, 0.2670043693447925, 0.2153088933521062, 0.2647106093761441], [0.2569863333763331, 0.2589489275581149, 0.20403697162399873, 0.280027767441553], [0.17728633723861525, 0.28434938783926406, 0.3017952104818928, 0.236569064440228], [0.27488431254406565, 0.24023505470662668, 0.1875172843334703, 0.29736334841583706], [0.26743947134098683, 0.28447696446481996, 0.13288288209326524, 0.3152006821009278], [0.22221749943486424, 0.2542603771570818, 0.27709281395042296, 0.24642930945763142], [0.31313664430892907, 0.2461473556627226, 0.10999231298751513, 0.330723687040833], [0.3244588127371613, 0.23360238945304132, 0.11830007165484832, 0.323638726154949], [0.3266769928631336, 0.22427381616374178, 0.12125665784851739, 0.32779253312460715], [0.24940690286972308, 0.2479217889705127, 0.24391173969010554, 0.25875956846965886], [0.23657191325461585, 0.2797250202826246, 0.1839223004259576, 0.2997807660368021], [0.22243335676149903, 0.25365151430624633, 0.24341268518750603, 0.2805024437447487], [0.29011897409638787, 0.2635251436447049, 0.11325775502418667, 0.3330981272347207], [0.2972062666833404, 0.26125509578806, 0.11164460919123605, 0.3298940283373636], [0.21360662582428305, 0.28451130232708344, 0.20850772486465444, 0.2933743469839788], [0.17431121720362644, 0.29032040602350573, 0.27718721549414876, 0.2581811612787193], [0.232187411951569, 0.27358973068879644, 0.20226265378660954, 0.291960203573025], [0.2126251411134057, 0.28175480484637844, 0.2681589171789635, 0.23746113686125256], [0.26509120920961426, 0.26820071280615976, 0.15957272481283535, 0.3071353531713906], [0.2768014446086064, 0.25713926257655706, 0.18979420031621327, 0.2762650924986233], [0.2409065137793317, 0.2575612497003252, 0.2310347610259235, 0.2704974754944197], [0.1893297553314513, 0.28755380689986965, 0.2530142753308252, 0.2701021624378538], [0.2612794731057932, 0.2710305154103007, 0.1541733949219366, 0.3135166165619698], [0.2910151053920505, 0.25058864722996893, 0.13700129610529432, 0.3213949512726863], [0.31590272348407933, 0.24868817868307358, 0.09556352196860608, 0.3398455758642409], [0.35326965577225383, 0.23368731189241257, 0.05672921533319182, 0.35631381700214154], [0.27955323881507704, 0.2653963951144837, 0.15382282214284973, 0.3012275439275896], [0.16893459759113627, 0.27347060065195666, 0.3311814297805739, 0.22641337197633313], [0.2511964885941177, 0.25286786986108284, 0.19279852258555838, 0.3031371189592411], [0.20876128993798782, 0.283334463089425, 0.23739370753841268, 0.2705105394341744], [0.32120928075575894, 0.2775598029432937, 0.05572274638200467, 0.34550816991894273], [0.24770006323236143, 0.28006923408899553, 0.15268957964001834, 0.3195411230386247], [0.16795851447883617, 0.29242907566404636, 0.30374981054992484, 0.2358625993071928]]}}