{"test": {"ids": ["109120621", "112119120", "99108010", "111119930", "108121190", "97116401", "102110050", "105116501", "112121430", "104119290", "102112250", "113119480", "110118880", "100109890", "103113170", "100117420", "102110690", "112117461", "112117780", "110116501", "110119891", "111119340", "104113190", "108120700", "113118490", "100109000", "103113210", "108114180", "112120540", "107118490", "105112260", "101116130", "110118161", "107117010", "105112100", "113120601", "113119930", "101112540", "97106600", "105115900", "99108580", "113119120", "102109010", "98106560", "108113620", "99109780", "102112030", "103112641", "110121140", "109120540", "99109161", "105118740", "108115250", "97107950", "98111620", "101115190", "113120751", "103120290", "110116300", "112118530", "104114740", "113117550", "100109360", "111116100", "109113591", "113120780", "100120780", "107120010", "102110890", "97105451", "106116441", "99111440", "113118690", "109117600", "104114320", "97109080", "111118820", "98116090", "105113170", "102109840", "111120531", "110117500", "101111620", "99107950", "98109090", "103118291", "113118820", "113122220", "107114490", "104112201", "107119950", "110115140", "105121370", "98112300", "105116090", "98116500", "102108621", "112120700", "112118421", "103113610", "108118630", "112120990", "98110230", "98113881", "111119290", "111115620", "99111000", "99108520", "107120130", "107121230", "99107500", "102118380", "106114150", "111121930", "107113180", "103111540", "99121440", "113120070", "112120640", "110118181", "102113350", "109121640", "99114890", "110119300", "110114651", "112116810", "105121190", "101117580", "100120010", "105113260", "100116790", "97113260", "97116800", "113120280", "107114110", "103111480", "107114140", "105110251", "107119130", "99116500", "107113130", "97112830"], "labels": [1, 1, 2, 1, 1, 3, 3, 1, 2, 1, 0, 3, 0, 3, 3, 2, 0, 0, 0, 3, 3, 3, 3, 2, 1, 1, 3, 1, 3, 2, 3, 2, 0, 1, 1, 2, 1, 2, 3, 3, 0, 3, 1, 1, 3, 2, 2, 3, 3, 1, 3, 1, 1, 2, 3, 1, 1, 2, 3, 1, 2, 3, 0, 3, 3, 0, 1, 1, 0, 0, 0, 3, 3, 1, 2, 2, 0, 0, 0, 2, 0, 1, 3, 1, 1, 0, 0, 1, 3, 0, 3, 0, 2, 2, 1, 2, 3, 2, 3, 2, 1, 2, 3, 3, 3, 1, 2, 2, 2, 0, 0, 1, 1, 1, 3, 1, 2, 2, 0, 1, 3, 0, 2, 1, 3, 3, 2, 3, 0, 3, 2, 1, 0, 0, 1, 0, 2, 0, 1, 2, 1, 2], "predicted_labels": [3, 3, 1, 1, 1, 1, 1, 3, 0, 1, 0, 0, 3, 1, 1, 1, 3, 3, 0, 3, 3, 3, 0, 3, 0, 3, 1, 3, 1, 3, 3, 3, 3, 1, 3, 1, 1, 3, 1, 1, 1, 3, 1, 3, 3, 1, 1, 1, 0, 1, 0, 3, 3, 3, 3, 3, 1, 1, 3, 1, 1, 3, 3, 1, 1, 3, 3, 3, 3, 0, 1, 3, 1, 3, 1, 3, 0, 1, 3, 1, 1, 1, 3, 1, 1, 1, 0, 1, 3, 0, 1, 3, 3, 3, 3, 3, 0, 1, 0, 1, 3, 3, 1, 1, 3, 1, 1, 1, 1, 3, 1, 1, 1, 0, 0, 3, 1, 1, 1, 1, 1, 3, 2, 0, 3, 1, 1, 3, 3, 0, 0, 3, 0, 3, 3, 3, 1, 3, 3, 1, 1, 3], "confidence_scores": [[0.2891739649239651, 0.27547139527139536, 0.14538629148629156, 0.2899683483183483], [0.2779589771339773, 0.26105518974489567, 0.17761101676101676, 0.28337481636011036], [0.2264126595626595, 0.34519993339993343, 0.19664361194361196, 0.23174379509379522], [0.26508941613941617, 0.2869293650793652, 0.18512296592296595, 0.26285825285825287], [0.27574222444222446, 0.3020283438783439, 0.12938450993451, 0.2928449217449219], [0.2652017260517261, 0.27341188256188265, 0.1884568431568432, 0.2729295482295483], [0.22084756632256636, 0.33128467365967373, 0.17944932012432016, 0.26841843989344], [0.30671056443556444, 0.24941007326007336, 0.13266168553668556, 0.3112176767676767], [0.2868116605616606, 0.28246989121989124, 0.1582950715950717, 0.2724233766233766], [0.15417908202908215, 0.36168801198801204, 0.22906088356088367, 0.25507202242202254], [0.28496370851370845, 0.26649481906981914, 0.18881316738816745, 0.2597283050283052], [0.2970801254301257, 0.2456354423354425, 0.18585523365523374, 0.27142919857919856], [0.2570231462981463, 0.27565509294626955, 0.1495604256854257, 0.3177613350701586], [0.24623645798645802, 0.3168876234876234, 0.19738504436739734, 0.2394908741585212], [0.23749272949272954, 0.34463999333999323, 0.19287023532023542, 0.22499704184704178], [0.21579008769008778, 0.28808551171051155, 0.23280047452547464, 0.2633239260739262], [0.26323104673104675, 0.27765815295815316, 0.17024719887955195, 0.2888636014312487], [0.2918972222222225, 0.21573225108225116, 0.13777878787878792, 0.35459173881673883], [0.30609317904317906, 0.29942812383694734, 0.15588027332144982, 0.23859842379842403], [0.28155454545454556, 0.2789784992784992, 0.1391334054834055, 0.3003335497835498], [0.2295757104007105, 0.28039981178951773, 0.18425913530913535, 0.30576534250063675], [0.27523272005772015, 0.2753598290598291, 0.1565196470196471, 0.2928878038628039], [0.2896864357864359, 0.24435353535353538, 0.17922626262626276, 0.2867337662337664], [0.2314997280497281, 0.26518987123987114, 0.1753847152847153, 0.32792568542568534], [0.29338013653013656, 0.2578401875901877, 0.16618140748140747, 0.2825982683982683], [0.2678180957930959, 0.21618798423798438, 0.24462965367965375, 0.27136426628926635], [0.2577085858585859, 0.3106544380456144, 0.17603938838938846, 0.25559758770641133], [0.206488942430119, 0.25407147852147866, 0.18387356532356544, 0.35556601372483726], [0.28330776445776445, 0.30248890553890556, 0.15022898212898217, 0.26397434787434787], [0.2757467421467423, 0.2652897657897658, 0.16992503607503615, 0.28903845598845584], [0.24422796647796668, 0.2752109529359529, 0.1748068764568766, 0.3057542041292042], [0.2538705405705407, 0.2281195027195028, 0.24583301698301707, 0.2721769397269398], [0.28279278254425316, 0.2551761044511046, 0.14978256743256746, 0.3122485455720753], [0.23003361719979382, 0.2850448301698302, 0.21302446997447014, 0.27189708265590634], [0.251931834831835, 0.265285405444229, 0.17908167388167395, 0.3037010858422623], [0.25290675990676, 0.3245645243645242, 0.14905180375180385, 0.27347691197691215], [0.27079103674103683, 0.301055144855145, 0.17919230214230222, 0.24896151626151647], [0.2620972804972807, 0.25771469086469084, 0.215350654900655, 0.26483737373737387], [0.2565419469419471, 0.2589025807525808, 0.22757145077145083, 0.2569840215340216], [0.21946168831168839, 0.2984199356199356, 0.1935674381174382, 0.28855093795093806], [0.20835052725052727, 0.33569963924963925, 0.1857221556221557, 0.270227677877678], [0.25608386335886346, 0.20446021478521487, 0.20652877122877134, 0.33292715062715056], [0.2485402319902322, 0.31729027084027106, 0.1733639416139417, 0.2608055555555556], [0.29136830391830393, 0.23009477189477198, 0.1795286859339491, 0.2990082382529751], [0.2427979353979356, 0.24247216998687593, 0.18196590631590642, 0.3327639882992822], [0.25673646353646346, 0.33093353150117866, 0.18995020698256, 0.22237979797979804], [0.24739814629814638, 0.29482862415362415, 0.20548063048063067, 0.2522925990675992], [0.24547022977022975, 0.28127350982350985, 0.20783465423465436, 0.2654216061716063], [0.29871134976134983, 0.2652383061383061, 0.1591826617826619, 0.27686768231768233], [0.2735145243645244, 0.35002921522921515, 0.13477546897546905, 0.2416807914307916], [0.3161492451992454, 0.26467092907092893, 0.18254192474192482, 0.2366379009879011], [0.2438096736596739, 0.25648520923520923, 0.21272953990454005, 0.28697557720057715], [0.22955801698301692, 0.2738144660894662, 0.20226467421467437, 0.2943628427128429], [0.2269810106560107, 0.2312970723720724, 0.25468966033966045, 0.2870322566322565], [0.2287389277389278, 0.27598862803862795, 0.21409201354201368, 0.28118043068043064], [0.20845050505050502, 0.2847913175060234, 0.2122652014652016, 0.29449297597827023], [0.24269640359640365, 0.30221176878676903, 0.1845294067044068, 0.2705624209124208], [0.23912869352869362, 0.26445261960261984, 0.24905144300144305, 0.24736724386724385], [0.2368301309801311, 0.29066692196692206, 0.17140249750249759, 0.30110044955044957], [0.19584797979797983, 0.3918804473304472, 0.19978239538239545, 0.21248917748917764], [0.23840721500721512, 0.2956886446886448, 0.2186479353979355, 0.247256204906205], [0.24271935841935857, 0.25835863025863026, 0.17303874458874463, 0.3258832667332669], [0.2610463702963704, 0.22961269286269284, 0.23862188367188386, 0.27071905316905315], [0.25850811688311687, 0.3299261072261072, 0.14882642912642918, 0.2627393467643468], [0.2681865079365081, 0.3049601287601287, 0.16291805971805973, 0.2639353035853036], [0.24282408424908428, 0.2910230158730159, 0.15203989898989914, 0.3141130008880008], [0.2655601315351316, 0.2640119019869022, 0.1776759795759797, 0.2927519869019869], [0.2176298590298591, 0.27787848621966277, 0.21889056499056506, 0.28560108975991316], [0.24447193362193378, 0.23889174518292178, 0.22762229437229436, 0.28901402682285043], [0.3016706832383303, 0.29883428793428807, 0.15008983957219257, 0.24940518925518945], [0.26214831279831297, 0.3372596958596958, 0.14175590912355626, 0.2588360822184353], [0.23747049062049072, 0.23999639249639257, 0.18284408369408378, 0.3396890331890333], [0.2611243145743147, 0.29519437229437223, 0.16331616161616164, 0.2803651515151517], [0.26903220668220684, 0.2605001748251749, 0.17338986846486856, 0.29707775002775005], [0.253223953823954, 0.28579882894882924, 0.21765445387945384, 0.24332276334776343], [0.24243822566322576, 0.27997098734598747, 0.15037435619935624, 0.3272164307914308], [0.29318065823065825, 0.2559445165945167, 0.15987071817071824, 0.29100410700410695], [0.22882813852813863, 0.3138119047619048, 0.18730453990454, 0.27005541680541695], [0.21826551226551227, 0.27145081030081025, 0.17774499944499952, 0.33253867798867803], [0.2199672161172161, 0.3158255688755688, 0.18622672327672335, 0.2779804917304918], [0.22179717504717508, 0.337707906799083, 0.19666379731379746, 0.24383112083994443], [0.24674074814074812, 0.3106990897990897, 0.16962723942723956, 0.2729329226329227], [0.26042858807858815, 0.28433286713286726, 0.15937784992785, 0.29586069486069483], [0.20599776334776349, 0.31800170385170395, 0.2105200133200133, 0.26548051948051954], [0.21119452214452206, 0.313169291819292, 0.21023934398934407, 0.26539684204684216], [0.23328787878787888, 0.2839129703629704, 0.22230919080919093, 0.26048996003996017], [0.32447410644910646, 0.23481830391830405, 0.17283404095904104, 0.2678735486735486], [0.23526293706293708, 0.3069743478743479, 0.1560016983016983, 0.3017610167610168], [0.2271311244311246, 0.2538720723720725, 0.17296475746475753, 0.3460320457320458], [0.31760002220002226, 0.23265137085137094, 0.16315064935064943, 0.28659795759795753], [0.26919802974802975, 0.2837782106782107, 0.17643384948384946, 0.2705899100899102], [0.21878368102485762, 0.24866867021867034, 0.22238743119625481, 0.3101602175602176], [0.2097679875679876, 0.2737457375957376, 0.15375942945942955, 0.3627268453768453], [0.21695068265068276, 0.24942997917115572, 0.23188046593928954, 0.3017388722388723], [0.26028196248196256, 0.261494825109531, 0.20020341880341877, 0.27801979360508766], [0.2692079825403354, 0.27470424575424585, 0.1769869003545474, 0.2791008713508715], [0.29635137085137103, 0.2231476551226553, 0.20663654401154402, 0.27386443001443006], [0.21690459817959828, 0.32412743367743346, 0.1945220779220781, 0.26444589022089054], [0.3095854589854592, 0.25299303751803764, 0.12928907203907208, 0.3081324314574315], [0.23088048063048078, 0.3164312798312799, 0.2165408313908315, 0.23614740814740823], [0.200004915346092, 0.29329361945244287, 0.16034968364968372, 0.34635178155178153], [0.21539632034632042, 0.28956594516594525, 0.17244152236652244, 0.32259621212121214], [0.2485240248313778, 0.3013606920856922, 0.15902867965367967, 0.2910866034292506], [0.2573536796536797, 0.2988529581529584, 0.19421428571428592, 0.2495790764790765], [0.17388130758130765, 0.30923908313908305, 0.1684441780441781, 0.3484354312354314], [0.23200468975468985, 0.28959927849927836, 0.19628248973248977, 0.28211354201354216], [0.20037352924852936, 0.3579021062271062, 0.1877562104562104, 0.2539681540681541], [0.23031192141192147, 0.29955109890109893, 0.2543288711288711, 0.21580810855810856], [0.26130533910533915, 0.3046961982461982, 0.20025432900432913, 0.2337441336441337], [0.22171755466755472, 0.2618122599622601, 0.19100029415029413, 0.32546989121989134], [0.20422483072483083, 0.3224627566877565, 0.22167621267621263, 0.2516361999112], [0.20232383727383735, 0.33108728771228785, 0.21221971639471657, 0.25436915861915876], [0.27649823868941525, 0.2972257575757573, 0.17415508021390377, 0.25212092352092375], [0.30198059163059154, 0.260209090909091, 0.1402577200577201, 0.2975525974025973], [0.2962055666555666, 0.25675336885336886, 0.18526767121767126, 0.2617733932733934], [0.24212246642246651, 0.2511658674658676, 0.20671015651015656, 0.3000015096015096], [0.2423727994227995, 0.3268690975690975, 0.19066079476079478, 0.2400973082473084], [0.2369562770562771, 0.288626479076479, 0.1951909812409814, 0.2792262626262628], [0.24489036519036525, 0.29005447330447337, 0.21367092352092348, 0.2513842379842382], [0.2933873848373848, 0.30621444943944953, 0.14353711843711847, 0.2568610472860473], [0.2551090714840716, 0.3176962878624644, 0.18331599511599514, 0.24387864553746916], [0.2629846597846597, 0.27537431457431466, 0.17141291486291496, 0.2902281107781109], [0.20693237318237326, 0.26423330558330566, 0.2680039016539016, 0.26083041958041986], [0.3038782772782773, 0.2499272727272728, 0.1588370129870131, 0.2873574370074369], [0.253716244866245, 0.2807803640803641, 0.14271750471750475, 0.3227858863358863], [0.22737565571683238, 0.2916025252525252, 0.1961427425515661, 0.2848790764790765], [0.22177503607503615, 0.32391388888888883, 0.21610072150072165, 0.23821035353535366], [0.2760835775335776, 0.272437556887557, 0.1726958874458875, 0.2787829781329781], [0.2385044222117753, 0.26874311244311233, 0.2131193861693863, 0.2796330791757264], [0.29822476967476974, 0.2830509823509823, 0.1571351370851372, 0.2615891108891111], [0.27486929181929165, 0.26759679764679783, 0.18965909090909103, 0.26787481962481985], [0.24862727272727278, 0.2586073371073372, 0.19628631368631377, 0.2964790764790764], [0.29461549561549544, 0.24713303363303368, 0.2062980369303899, 0.2519534338210811], [0.314682572982573, 0.1882442890442892, 0.16597717837717854, 0.3310959595959596], [0.21558968808968826, 0.24344306053423703, 0.20048204214086576, 0.34048520923520914], [0.23079994449994456, 0.26583265068265083, 0.19372137307137308, 0.3096460317460317], [0.27707203352203347, 0.3216537684537685, 0.17729906759906766, 0.22397513042513065], [0.26490326062826064, 0.2561537157287157, 0.17527911255411266, 0.3036639110889111], [0.2484112054612055, 0.23055967643467656, 0.18642374292374303, 0.33460537518037525], [0.21342339882339892, 0.36867842990342975, 0.18660678765678781, 0.23129138361638377], [0.273549755799756, 0.275244474969475, 0.21944305139305137, 0.23176271783771782], [0.2669661338661338, 0.23491168831168838, 0.20016253191253194, 0.2979596459096459]]}, "rewritten": {"ids": ["97105451", "97106600", "97107950", "97109080", "97112830", "97113260", "97116401", "97116800", "98106560", "98109090", "98110230", "98111620", "98112300", "98113881", "98116090", "98116500", "99107500", "99107950", "99108010", "99108520", "99108580", "99109161", "99109780", "99111000", "99111440", "99114890", "99116500", "99121440", "100109000", "100109360", "100109890", "100116790", "100117420", "100120010", "100120780", "101111620", "101112540", "101115190", "101116130", "101117580", "102108621", "102109010", "102109840", "102110050", "102110690", "102110890", "102112030", "102112250", "102113350", "102118380", "103111480", "103111540", "103112641", "103113170", "103113210", "103113610", "103118291", "103120290", "104112201", "104113190", "104114320", "104114740", "104119290", "105110251", "105112100", "105112260", "105113170", "105113260", "105115900", "105116090", "105116501", "105118740", "105121190", "105121370", "106114150", "106116441", "107113130", "107113180", "107114110", "107114140", "107114490", "107117010", "107118490", "107119130", "107119950", "107120010", "107120130", "107121230", "108113620", "108114180", "108115250", "108118630", "108120700", "108121190", "109113591", "109117600", "109120540", "109120621", "109121640", "110114651", "110115140", "110116300", "110116501", "110117500", "110118161", "110118181", "110118880", "110119300", "110119891", "110121140", "111115620", "111116100", "111118820", "111119290", "111119340", "111119930", "111120531", "111121930", "112116810", "112117461", "112117780", "112118421", "112118530", "112119120", "112120540", "112120640", "112120700", "112120990", "112121430", "113117550", "113118490", "113118690", "113118820", "113119120", "113119480", "113119930", "113120070", "113120280", "113120601", "113120751", "113120780", "113122220"], "labels": [0, 3, 2, 2, 2, 1, 3, 0, 1, 1, 3, 3, 2, 3, 0, 2, 0, 1, 2, 2, 0, 3, 2, 2, 3, 2, 2, 2, 1, 0, 3, 2, 2, 0, 1, 3, 2, 1, 2, 3, 3, 1, 2, 3, 0, 0, 2, 0, 3, 1, 0, 1, 3, 3, 3, 2, 0, 2, 0, 3, 2, 2, 1, 0, 1, 3, 0, 3, 3, 1, 1, 1, 2, 2, 1, 0, 1, 3, 1, 2, 3, 1, 2, 1, 3, 1, 2, 0, 3, 1, 1, 1, 2, 1, 3, 1, 1, 1, 0, 3, 0, 3, 3, 1, 0, 1, 0, 1, 3, 3, 1, 3, 0, 3, 3, 1, 0, 1, 3, 0, 0, 3, 1, 1, 3, 0, 2, 2, 2, 3, 1, 3, 0, 3, 3, 1, 2, 0, 2, 1, 0, 1], "predicted_labels": [0, 3, 1, 3, 0, 3, 0, 0, 3, 3, 1, 1, 3, 3, 1, 3, 1, 1, 1, 1, 1, 0, 1, 1, 3, 1, 1, 1, 3, 3, 1, 1, 3, 3, 3, 3, 0, 1, 3, 0, 3, 1, 1, 3, 3, 3, 1, 0, 1, 1, 1, 1, 1, 1, 0, 1, 1, 1, 0, 0, 1, 1, 1, 3, 3, 3, 3, 3, 3, 0, 3, 3, 1, 3, 1, 1, 0, 0, 3, 1, 3, 3, 1, 3, 3, 1, 1, 3, 3, 3, 3, 3, 3, 1, 1, 3, 1, 3, 3, 3, 3, 1, 3, 1, 1, 1, 1, 0, 3, 0, 3, 1, 0, 3, 1, 1, 1, 0, 3, 3, 1, 0, 1, 3, 1, 3, 1, 1, 3, 3, 1, 1, 1, 3, 3, 3, 1, 3, 1, 3, 3, 1], "confidence_scores": [[0.3218397102897104, 0.2693051670551672, 0.13132272727272726, 0.2775323953823955], [0.26700697080697083, 0.2513938727938729, 0.18860834165834175, 0.29299081474081473], [0.21802056277056303, 0.29163994338994337, 0.2190161172161173, 0.27132337662337674], [0.24672133144633152, 0.27823643301143314, 0.1723285325785326, 0.3027137029637031], [0.3009655122655124, 0.23073075813075816, 0.1939987734487736, 0.2743049561549563], [0.24943587523587524, 0.23771351148851153, 0.20783795093795107, 0.3050126623376623], [0.29264251304251315, 0.263875432900433, 0.17269654789654781, 0.2707855061605064], [0.28984043179043184, 0.26297597402597417, 0.19283267638793966, 0.2543509177956547], [0.2426292429792431, 0.23832577977577993, 0.20589066284592616, 0.3131543143990513], [0.214251837051837, 0.26703368853368864, 0.1989645521145521, 0.31974992229992244], [0.24353263403263403, 0.32801431901431904, 0.16996783771783772, 0.25848520923520923], [0.22106722166722167, 0.2665554556554558, 0.2475000277500278, 0.26487729492729495], [0.21363681318681338, 0.26506345125462777, 0.21605952576834933, 0.30524020979020994], [0.24283411588411602, 0.2905926157176157, 0.16790258630258642, 0.2986706820956821], [0.24271816516816544, 0.31239242424242436, 0.1498243069795702, 0.29506510360984045], [0.27613218448218463, 0.2631493950493952, 0.1675436729936731, 0.29317474747474764], [0.2183801309801311, 0.35497931512931497, 0.19693635253635255, 0.22970420135420155], [0.2083607614607616, 0.29355927405927396, 0.23346100566100564, 0.26461895881895897], [0.24787562992562998, 0.32562584637584646, 0.19950566655566657, 0.2269928571428572], [0.2402063103563104, 0.2949450105450106, 0.22964557664557672, 0.23520310245310247], [0.22840368520368529, 0.313613492063492, 0.23026176601176598, 0.22772105672105683], [0.34980518729636384, 0.2170182484182485, 0.18377572851984636, 0.24940083576554178], [0.23741954711954721, 0.3155108819285289, 0.20088653176888474, 0.24618303918303944], [0.20793347763347758, 0.35383424353424364, 0.21341374181374176, 0.2248185370185371], [0.2484999500499501, 0.2580698856698858, 0.1854770174270174, 0.30795314685314684], [0.20450816405816405, 0.2784403596403597, 0.2401183594183594, 0.27693311688311695], [0.23633431046078104, 0.2886979037302568, 0.19198951963069613, 0.28297826617826616], [0.2550049062049063, 0.34248567543567554, 0.1680311910311911, 0.23447822732822746], [0.25557367632367645, 0.2693512765012766, 0.19695569985569988, 0.2781193473193474], [0.23281731601731617, 0.2769709401709402, 0.21289581529581528, 0.2773159285159285], [0.2690779850868087, 0.2745607115107115, 0.19426502386502392, 0.2620962795374562], [0.2676119269619269, 0.3100277278277277, 0.15727094572094577, 0.2650893994893996], [0.2172929070929071, 0.26969487456987457, 0.22603607226107228, 0.28697614607614613], [0.23576097236097254, 0.2629136752136753, 0.22322617937617945, 0.2780991730491732], [0.26827544122544134, 0.26628571428571435, 0.1737189921189922, 0.29171985236985226], [0.2670688367188368, 0.24563739038739055, 0.16609195249195255, 0.3212018204018203], [0.2832706127206127, 0.23070572483072482, 0.20417388722388732, 0.2818497752247751], [0.19126317571317578, 0.3110815494962555, 0.20351787101787108, 0.2941374037726978], [0.24066993561993574, 0.2609703241203242, 0.21768823953823965, 0.2806715007215009], [0.29830266955266965, 0.2652087967587968, 0.15627816627816635, 0.2802103674103673], [0.29762578532578543, 0.2358059246309248, 0.16573279220779227, 0.30083549783549784], [0.26515907455117993, 0.2997449439449438, 0.16805089910089913, 0.2670450824029772], [0.2416549506049507, 0.29386660006660004, 0.19375349095349106, 0.27072495837495847], [0.2272997335997336, 0.28514268509268514, 0.1952446553446555, 0.29231292596292613], [0.2746659451659451, 0.2718124542124541, 0.1550865706189237, 0.29843503000267724], [0.26156151626151625, 0.24178837828837832, 0.21079176934176933, 0.2858583361083362], [0.2411457264957266, 0.2917647630147631, 0.22172672327672327, 0.2453627872127874], [0.2893146464646465, 0.26042495559995577, 0.19073288655788662, 0.2595275113775114], [0.24138499278499279, 0.3090633180544946, 0.19926580086580095, 0.2502858882947119], [0.20884669382904683, 0.3312723665223666, 0.21281986346986365, 0.24706107617872328], [0.24695748140748144, 0.295073520923521, 0.18749920634920642, 0.2704697913197914], [0.25648814518814517, 0.2739614468864469, 0.19944816294816306, 0.27010224497724494], [0.2534360528360529, 0.29466940836940847, 0.2051767177267179, 0.2467178210678212], [0.2506628205128206, 0.28848174880674876, 0.2179994782994784, 0.24285595238095237], [0.3202947385947386, 0.26414530469530473, 0.1664126595626597, 0.24914729714729722], [0.22228533133533154, 0.33361881843646557, 0.21318733651968957, 0.2309085137085138], [0.23028136308136327, 0.2943724164724164, 0.20749875124875128, 0.26784746919746927], [0.2194023587523588, 0.2844961982461982, 0.23446688311688327, 0.26163455988455997], [0.33792333222333243, 0.2592314574314575, 0.12116262071262078, 0.28168258963258974], [0.304156327006327, 0.27870834720834725, 0.17151048951048958, 0.24562483627483644], [0.23097866577866602, 0.2797033910533912, 0.24399582084582105, 0.2453221223221225], [0.23122888222888238, 0.3119223137973138, 0.1970045815295816, 0.2598442224442225], [0.17195690975690983, 0.31306988926106577, 0.2252909923409924, 0.2896822086410322], [0.25357342657342663, 0.2768335775335775, 0.16291235986235986, 0.3066806360306361], [0.2954429292929292, 0.22346554197436558, 0.16906688311688317, 0.312024645615822], [0.2615480916142683, 0.2605943159781396, 0.19437445887445895, 0.2834831335331336], [0.2430464812964815, 0.2399142496392497, 0.18355804473304474, 0.33348122433122435], [0.23548298923298933, 0.28392931512931513, 0.1875832611832612, 0.2930044344544344], [0.2631392310304076, 0.25209298479298486, 0.19400856006738354, 0.29075922410922417], [0.31663061383061386, 0.2367374713521774, 0.1739664502164502, 0.27266546460075874], [0.29098945580563224, 0.2581062901151137, 0.12123669108669116, 0.3296675629925631], [0.22146617630735277, 0.27658614718614716, 0.185829247223365, 0.31611842928313516], [0.22743360250860267, 0.28114103119103134, 0.22560434565434576, 0.26582102064602064], [0.21197130647130652, 0.2598686091686092, 0.18084291819291826, 0.3473171661671658], [0.2818185841935842, 0.29252067932067927, 0.1633000582750584, 0.2623606782106783], [0.2883725940725942, 0.3151691502941502, 0.16116041572806278, 0.235297839905193], [0.2976506493506495, 0.2773566877566878, 0.1735133699633701, 0.251479292929293], [0.30217808857808853, 0.26379344544344546, 0.20997156177156193, 0.22405690420690416], [0.24587924297924307, 0.23058006993006994, 0.19208693528693535, 0.33145375180375175], [0.2895049228549229, 0.3175282717282718, 0.16569552669552678, 0.22727127872127884], [0.20781438283938294, 0.23701587579087594, 0.17773810078810084, 0.3774316405816405], [0.2088031746031747, 0.2847459235209235, 0.21453915528915532, 0.2919117465867467], [0.25335523724641373, 0.27539286824286835, 0.19866598956598963, 0.27258590494472856], [0.24499993339993342, 0.2497072233322234, 0.16435477137241847, 0.34093807189542485], [0.26826269841269845, 0.2562849428349429, 0.20319966699966704, 0.27225269175269184], [0.24394383394383398, 0.2805652902652906, 0.2112436174936175, 0.26424725829725837], [0.2880425185925186, 0.32090028860028835, 0.15158256188256192, 0.2394746309246311], [0.1920195582195583, 0.2741620684870686, 0.1913258408258409, 0.3424925324675324], [0.23645339937839946, 0.27978880286380287, 0.17948296148296158, 0.3042748362748364], [0.21475186480186487, 0.2724878232878233, 0.17799286546786547, 0.3347674464424465], [0.2417159090909092, 0.2540923881673882, 0.2023008658008658, 0.3018908369408371], [0.2089499167499168, 0.26672753912753916, 0.15548653568653567, 0.3688360084360082], [0.2772919469419471, 0.243631168831169, 0.15130598845598844, 0.32777089577089574], [0.26748300588300583, 0.29888734598734595, 0.15466935286935288, 0.2789602952602952], [0.2542389646301412, 0.3603605858194093, 0.1492827783327784, 0.2361176712176713], [0.2877741258741261, 0.23851500999001005, 0.16697815240315253, 0.30673271173271177], [0.24907235542235573, 0.33458817848817846, 0.15480874680874682, 0.2615307192807194], [0.270157994782995, 0.27463716561216567, 0.1790927822177823, 0.27611205738705746], [0.2517367965367965, 0.24816210178710182, 0.17507061549561567, 0.3250304861804862], [0.25086234876234886, 0.2824355644355645, 0.1384394660894661, 0.32826262071262075], [0.2742503532415298, 0.2483274003774005, 0.18132144718027085, 0.29610079920079924], [0.2319322788322789, 0.30136628926628933, 0.17207604062604068, 0.2946253912753913], [0.24351449106449113, 0.2774896048396049, 0.13464362859362866, 0.34435227550227515], [0.27286172716172724, 0.294539343989344, 0.19294864579864593, 0.23965028305028305], [0.28524349294496365, 0.2905004634254634, 0.14666991341991348, 0.2775861302096597], [0.27110221445221433, 0.34540286935286935, 0.1352444610944611, 0.24825045510045524], [0.24027643467643472, 0.3047065379065378, 0.16258948273948284, 0.2924275446775448], [0.33269524723642385, 0.23900147826030183, 0.17612306582306592, 0.25218020868020874], [0.20872306582306605, 0.268903318903319, 0.19468840603840604, 0.32768520923520933], [0.30685210181974903, 0.25889999444999456, 0.19673659281894587, 0.23751131091131097], [0.2382057220557221, 0.288725208125208, 0.16396976356976362, 0.30909930624930637], [0.2739111946532999, 0.32798428793428785, 0.1531514152514152, 0.24495310216099694], [0.31639551559551565, 0.26832493062493074, 0.14501226551226554, 0.27026728826728846], [0.19074175987411282, 0.24738299674182038, 0.1916103230103231, 0.37026492037374387], [0.24694962537462545, 0.2905548923298925, 0.18448976856476854, 0.27800571373071387], [0.24104518814518827, 0.2796005272505272, 0.20274759684759697, 0.2766066877566878], [0.20921406371406384, 0.3337834054834054, 0.2033625707625709, 0.25363996003996003], [0.30652575757575756, 0.2830344155844156, 0.1506618326118327, 0.2597779942279943], [0.2541873515373517, 0.2652941669441669, 0.18624556554556562, 0.29427291597291594], [0.3086370257193786, 0.24065425685425693, 0.13873844488844492, 0.31197027253791965], [0.2757146020646022, 0.2972670543508781, 0.16218843460461108, 0.2648299089799091], [0.30166839826839825, 0.2467486430236432, 0.15119576926341646, 0.30038718944454235], [0.1915484792984793, 0.4310412698412699, 0.1729322605499077, 0.2044779903103434], [0.2570650219061984, 0.26061183897801543, 0.21126630591630602, 0.2710568331994803], [0.28140834165834167, 0.2934779276279275, 0.16092953157953158, 0.26418419913419916], [0.2432452563776094, 0.255035902985903, 0.23156991341991354, 0.27014892721657435], [0.22147763347763355, 0.3273618251030016, 0.17969080919080926, 0.27146973222855586], [0.22667003552003556, 0.31864403374403377, 0.17089337884337893, 0.28379255189255204], [0.2864848901098901, 0.26562570762570775, 0.15554363691863696, 0.29234576534576545], [0.2548146856411563, 0.2635310245310246, 0.1770212121212122, 0.304633077706607], [0.2880598917422448, 0.29243222888222914, 0.1634454656454657, 0.25606241373006083], [0.28070025530025533, 0.29586215451215436, 0.14357186147186154, 0.27986572871572885], [0.2813691142191145, 0.2900787101787102, 0.1590253080253081, 0.26952686757686756], [0.2558250527250528, 0.21085096015096025, 0.2029183816183817, 0.3304056055056054], [0.28929084804084815, 0.24858886113886125, 0.16560429570429577, 0.2965159951159951], [0.2518314851814854, 0.28516125818625837, 0.16557140359640368, 0.29743585303585307], [0.22564288766788776, 0.34255569985569984, 0.19636022866022879, 0.23544118381618395], [0.2982596348096349, 0.20857089381207047, 0.15854174159174175, 0.33462772978655353], [0.29114424741924744, 0.304933694083694, 0.14622852147852153, 0.2576935370185371], [0.24975092685092687, 0.2748172244422245, 0.17745738983238984, 0.2979744588744587], [0.2633028360528362, 0.25761847041847036, 0.1642214285714287, 0.31485726495726507], [0.24785588855588866, 0.311104884004884, 0.16052624042624045, 0.2805129870129871]]}}