{"test": {"ids": ["112119930", "104111550", "106117790", "107116980", "103110050", "103111170", "98108580", "112118890", "97116500", "112120670", "111119950", "105116650", "97106770", "113120260", "107118780", "101115190", "111120540", "108120700", "110118810", "97116800", "105110091", "104119290", "107119390", "101116130", "110116170", "109120621", "111115780", "111117000", "113119320", "100115700", "107120880", "100117420", "111117480", "112118471", "112118701", "97107040", "111118820", "101108290", "110121720", "108117451", "110120560", "111114121", "108114270", "110116501", "109117630", "101110150", "112119610", "111118910", "111119150", "110120540", "112118860", "107113180", "98112170", "97106600", "98121790", "109119450", "106120640", "102109010", "97106970", "105115570", "108114040", "105113170", "98120530", "109116170", "111116110", "102112250", "107121540", "111116640", "105113190", "101109370", "112121351", "99109910", "111119610", "110121450", "110114610", "113120830", "109115070", "111116411", "108113760", "110114321", "104114410", "102110050", "99108000", "103111110", "111121220", "105115900", "102114270", "104111830", "106115250", "110119030", "106114880", "105113210", "99116500", "108116070", "100113370", "113122430", "97118210", "110119891", "112121360", "111116530", "98110680", "104111990", "103120730", "107118520", "113117630", "103117461", "113121410", "101112201", "113122220", "113122150", "107117630", "105113620", "107121700", "98116500", "109114720", "101110200", "98109230", "105113440", "98111231", "110117110", "113119450", "102117351", "103111830", "106114280", "105118171", "111119250", "104114740", "111119300", "112120270", "100111620", "112116501", "102109850", "97107950", "106116850", "106114011", "99108080", "98107340", "112119320", "112119580", "112117461", "101108080", "97106591"], "labels": [1, 1, 1, 3, 3, 2, 0, 3, 2, 2, 0, 1, 3, 3, 1, 1, 1, 2, 1, 0, 0, 1, 2, 2, 0, 1, 1, 0, 1, 1, 1, 2, 1, 1, 0, 2, 0, 0, 3, 2, 0, 0, 3, 3, 0, 1, 0, 0, 3, 1, 3, 3, 3, 3, 2, 3, 3, 1, 2, 0, 0, 0, 1, 0, 3, 0, 2, 0, 3, 1, 0, 2, 2, 3, 1, 3, 0, 0, 1, 1, 1, 3, 2, 3, 3, 3, 3, 3, 2, 0, 0, 3, 2, 1, 3, 2, 2, 3, 3, 3, 2, 2, 1, 2, 0, 0, 0, 0, 1, 2, 0, 0, 3, 2, 0, 2, 1, 0, 1, 0, 3, 1, 3, 3, 3, 1, 2, 1, 0, 3, 3, 1, 2, 3, 1, 3, 0, 1, 3, 0, 0, 1], "predicted_labels": [3, 1, 1, 0, 1, 0, 3, 1, 1, 3, 3, 1, 3, 3, 1, 1, 1, 1, 0, 0, 0, 1, 1, 1, 0, 3, 1, 1, 1, 3, 3, 3, 1, 1, 3, 2, 3, 3, 1, 3, 3, 1, 1, 1, 3, 1, 1, 1, 1, 1, 2, 1, 3, 3, 0, 1, 1, 3, 1, 1, 1, 3, 3, 3, 3, 3, 1, 3, 3, 1, 1, 1, 3, 3, 1, 3, 1, 3, 1, 1, 1, 3, 1, 3, 1, 3, 3, 1, 1, 3, 1, 0, 1, 1, 3, 1, 0, 1, 1, 1, 1, 1, 1, 1, 3, 3, 3, 0, 1, 1, 0, 1, 1, 3, 3, 1, 2, 1, 0, 1, 3, 1, 3, 3, 3, 3, 1, 1, 3, 3, 3, 2, 3, 1, 1, 0, 1, 1, 0, 3, 0, 1], "confidence_scores": [[0.1670757735000013, 0.3010457733704438, 0.2446799945185565, 0.2871984586109982], [0.10062540596704009, 0.2760196924770166, 0.4281359095357531, 0.19521899202019], [0.18012942142475524, 0.29369881368264555, 0.2543832555463267, 0.2717885093462724], [0.34866237543899364, 0.304090859672534, 0.022938133369118874, 0.3243086315193532], [0.24346288573342165, 0.3045889893467259, 0.1610805426032787, 0.29086758231657434], [0.3304716678338788, 0.296602537009771, 0.05365995744424461, 0.3192658377121055], [0.2881058342433958, 0.26556872232438855, 0.16167353328548828, 0.28465191014672764], [0.1246696283140211, 0.31160419536415834, 0.2916462996565175, 0.272079876665303], [0.2482514363593391, 0.30222432921412945, 0.1471026337267058, 0.30242160069982554], [0.14062392354339512, 0.33352298016837, 0.20805403221786894, 0.31779906407036596], [0.2939843019358161, 0.27339150845888405, 0.13168130800486877, 0.30094288160043114], [0.10556261109758211, 0.28941732579677276, 0.4545456890732921, 0.150474374032353], [0.22748392007841975, 0.20536571227633543, 0.3629296696665446, 0.20422069797870018], [0.19611264242383225, 0.2831399564371733, 0.2548061203949518, 0.2659412807440426], [0.2516312009167161, 0.3060682703330155, 0.13121013852329352, 0.3110903902269751], [0.21042423179310102, 0.277589057579716, 0.2588000533198166, 0.25318665730736617], [0.2923802778029188, 0.2961949977622313, 0.13216658959477096, 0.27925813484007944], [0.19624249585176815, 0.2811297143685011, 0.2834007079915972, 0.23922708178813337], [0.3741602318450352, 0.2639822606032865, 0.0659647641261563, 0.2958927434255222], [0.4199521921395222, 0.22517029946523917, 0.08758998526289406, 0.2672875231323447], [0.31305586221761694, 0.2669834604406928, 0.16175948651246774, 0.25820119082922255], [0.19553639173052426, 0.30060413428741156, 0.22335798285805256, 0.28050149112401146], [0.17198961358539802, 0.3370210671533004, 0.17370662537239007, 0.31728269388891184], [0.15577194863470556, 0.30470334584483777, 0.2809294404041388, 0.258595265116318], [0.30432011154308486, 0.29437963805870004, 0.09046078667294785, 0.3108394637252672], [0.23310880540267623, 0.32374857361342546, 0.12054341260910438, 0.322599208374794], [0.16027288469681594, 0.29144275656081986, 0.28998174036090185, 0.2583026183814621], [0.1904360555351965, 0.3084349415267236, 0.2262493914257648, 0.27487961151231494], [0.19884956167775772, 0.3244950864070812, 0.15683987886023162, 0.31981547305492947], [0.23653861455592695, 0.28170932878832716, 0.1887822047152801, 0.29296985194046565], [0.1488198415280698, 0.3245418305559565, 0.22265147923064985, 0.30398684868532405], [0.25692587330378575, 0.29079211280776196, 0.15874372719680302, 0.29353828669164916], [0.19166540650199398, 0.3260885316541903, 0.17281725979387208, 0.30942880204994383], [0.19852947307152477, 0.3123256680066667, 0.22593631975449005, 0.26320853916731884], [0.25808612241359113, 0.34809864999994283, 0.061748147089821216, 0.3320670804966447], [0.10599729141210464, 0.25899878299607115, 0.444598943423347, 0.1904049821684769], [0.3441092396595754, 0.27790853859694925, 0.06263358711611927, 0.31534863462735596], [0.2407546136202478, 0.2945826191418372, 0.16520835477428392, 0.299454412463631], [0.2806058207313987, 0.30330431535265795, 0.1048954654064006, 0.31119439850954267], [0.2936359887345151, 0.3035462286222861, 0.0840564763151898, 0.3187613063280089], [0.21222250129089276, 0.25316672319838895, 0.2795529287698786, 0.2550578467408396], [0.28882780628222127, 0.32360293426867776, 0.05358916429508447, 0.33398009515401644], [0.26814831476040785, 0.3172575257692645, 0.09032713912259677, 0.3242670203477305], [0.2550560179769787, 0.33758539184677056, 0.06767754298185764, 0.3396810471943932], [0.3014553394448237, 0.2955322642470693, 0.08753162746239516, 0.31548076884571186], [0.2710910202103723, 0.3178123884360473, 0.09278312132349081, 0.31831347003008953], [0.08850033646160076, 0.3294433601018738, 0.36522580474378413, 0.21683049869274124], [0.22014586398138314, 0.3178541039216344, 0.14342158987125656, 0.318578442225726], [0.2573004322963402, 0.30546699629312374, 0.13015284823662457, 0.3070797231739114], [0.1495501042132694, 0.339980521714998, 0.21232733163677564, 0.29814204243495723], [0.12938402486933764, 0.2580948319170593, 0.41542935251590096, 0.19709179069770183], [0.14538001318668592, 0.3483732276330281, 0.17712162032539316, 0.32912513885489303], [0.3472136700091811, 0.26408518700866346, 0.07073982524060779, 0.3179613177415478], [0.25759399954159234, 0.30873614947386774, 0.12036087635826878, 0.31330897462627105], [0.2988140644185811, 0.26806648788306475, 0.14895839445597306, 0.28416105324238095], [0.13756842007004477, 0.30998006182484716, 0.2776487038404946, 0.27480281426461345], [0.12696970812078584, 0.3273957658350333, 0.2827687102161742, 0.2628658158280065], [0.2039480981330211, 0.2575125522281822, 0.3012638194939359, 0.23727553014486086], [0.09034076986520356, 0.3041416001959816, 0.39305623785920624, 0.21246139207960854], [0.13518261079773836, 0.29273145854424387, 0.33638664403640384, 0.23569928662161418], [0.11685777484168511, 0.30483301909443755, 0.34416991943863806, 0.23413928662523922], [0.15319181510450378, 0.3185159020203198, 0.2147002364588004, 0.31359204641637606], [0.2173485177099286, 0.27258968232875763, 0.21737136290124934, 0.29269043706006437], [0.30950291833590116, 0.290009495716903, 0.08556940989696056, 0.31491817605023514], [0.24260652672995875, 0.30058518715718635, 0.14765307663854405, 0.309155209474311], [0.3639978168368416, 0.22965331601015448, 0.10436877014296274, 0.3019800970100416], [0.12339098189898724, 0.2919426548131567, 0.36481736445865537, 0.21984899882920061], [0.22935483150190047, 0.2929824846959175, 0.17837690704707834, 0.29928577675510365], [0.33902678868988445, 0.2856065805637857, 0.057318235362408945, 0.31804839538392116], [0.2039264646608578, 0.27484642476582316, 0.34043991132453333, 0.18078719924878603], [0.1981728217215786, 0.3122877190981997, 0.20944736574458817, 0.2800920934356337], [0.20179458121693694, 0.2591522656665051, 0.33251834182871787, 0.2065348112878399], [0.17915424089410814, 0.2774138950780456, 0.28741108817877703, 0.25602077584906924], [0.2982226456778467, 0.32355349218086044, 0.0461280723135828, 0.3320957898277102], [0.2462771947127542, 0.2565457964333738, 0.28617087081826786, 0.2110061380356042], [0.24536400143512538, 0.27135227884694935, 0.21418503282350795, 0.26909868689441735], [0.2663565230940499, 0.3135941615419001, 0.10677036159788862, 0.31327895376616155], [0.31678843050733174, 0.2635868539049976, 0.11334643262803107, 0.3062782829596397], [0.21591280969226112, 0.31209005826565545, 0.16916753959749253, 0.3028295924445907], [0.22018840712009516, 0.2928057192144118, 0.19453589220263603, 0.292469981462857], [0.14344502988260302, 0.2896026744142947, 0.3396436660807352, 0.227308629622367], [0.16640630726998157, 0.27461765165077984, 0.30999400865726434, 0.24898203242197423], [0.16225790790333405, 0.3069364093371551, 0.3245843849547044, 0.20622129780480697], [0.2643252210958627, 0.2818690316484603, 0.15780567890849703, 0.29600006834718], [0.2051494514888974, 0.3313266564963714, 0.13138356045803642, 0.3321403315566948], [0.23889937379471313, 0.3057079268509158, 0.14783283218713417, 0.30755986716723704], [0.13719642592781686, 0.28915130989390964, 0.33172101135153875, 0.24193125282673456], [0.15306152243266213, 0.3694463956762006, 0.1262985228228455, 0.3511935590682919], [0.17809580294004013, 0.32333099551737343, 0.20664944620075593, 0.2919237553418305], [0.22186950872848674, 0.3267672724008417, 0.12815367740016467, 0.32320954147050684], [0.13966316493156922, 0.3037179896378121, 0.3510066335362549, 0.20561221189436388], [0.32833462306133865, 0.25810360522918574, 0.11372011508041054, 0.29984165662906453], [0.14533530773756947, 0.28423343404933943, 0.3455413011303937, 0.22488995708269768], [0.17302921198302498, 0.2986700185447163, 0.26150618793208263, 0.26679458154017605], [0.2739538148022905, 0.30172227058759776, 0.11066028296058221, 0.31366363164952943], [0.14500567683949953, 0.3254884479477052, 0.23827964959111703, 0.29122622562167827], [0.2331376543841119, 0.22598101679400157, 0.3524760379543963, 0.18840529086749033], [0.2541322907533951, 0.3193997213796705, 0.11115007240216111, 0.3153179154647735], [0.28127362830313646, 0.2844796803726001, 0.14754598494996493, 0.28670070637429906], [0.20366965829256328, 0.33190127313750173, 0.1501604744668636, 0.31426859410307134], [0.21127378923654544, 0.28699532405448763, 0.2888961310860601, 0.21283475562290682], [0.16445590894994716, 0.28285705724277366, 0.35328035497015375, 0.19940667883712532], [0.14365442437255635, 0.2890837517519557, 0.34001888801432434, 0.22724293586116362], [0.2562053393646525, 0.3287468252850418, 0.08424650127552712, 0.3308013340747787], [0.21400214953009963, 0.2666851376169396, 0.24297770736466848, 0.27633500548829243], [0.27684600724825437, 0.32566391236534575, 0.06710258383537403, 0.33038749655102595], [0.27935483344151507, 0.32139300973304213, 0.0741591416410453, 0.3250930151843974], [0.38821537772055315, 0.25645017587611124, 0.06598819477088368, 0.2893462516324521], [0.2311846569294444, 0.3169801012648985, 0.14846470692805022, 0.30337053487760685], [0.2079821689256324, 0.3332565415514942, 0.1439553640314212, 0.3148059254914522], [0.34260278530564503, 0.22584475821786004, 0.19439861467496397, 0.23715384180153087], [0.14909659622164878, 0.3077357377656, 0.28406136920714387, 0.25910629680560776], [0.1547737914789841, 0.33067084635201727, 0.1985438722393631, 0.3160114899296357], [0.2571012420459004, 0.24025947615266421, 0.24309461003575467, 0.25954467176568075], [0.0998088512054798, 0.309780247914753, 0.2974820660932298, 0.2929288347865378], [0.1954464342308873, 0.3354274298641893, 0.1428475225527545, 0.3262786133521691], [0.11816416488959419, 0.18998363433799326, 0.531790010631532, 0.16006219014088063], [0.15316138895135367, 0.310966719533172, 0.2879901133170362, 0.24788177819843785], [0.33806965977721676, 0.24297733149088588, 0.17869657215847157, 0.24025643657342563], [0.22896172279716195, 0.30173484575920795, 0.17121723590828494, 0.2980861955353454], [0.2537238613830063, 0.2948979153854323, 0.14716633457425687, 0.3042118886573041], [0.27090442808788895, 0.3164162976346888, 0.09742847212725249, 0.3152508021501698], [0.25608214041216304, 0.2572905631953109, 0.20564770747670774, 0.28097958891581815], [0.25598086094203204, 0.2855233418243773, 0.16472607319577448, 0.2937697240378163], [0.2967610417322786, 0.30512433483961326, 0.08089523176211462, 0.3172193916659937], [0.24108117420654301, 0.29608701229024836, 0.15481067060061304, 0.3080211429025957], [0.2258600899088981, 0.30296943740590654, 0.18109228398690555, 0.29007818869828955], [0.15170479912685708, 0.32475082563410435, 0.26663058868165784, 0.2569137865573806], [0.3228616040238003, 0.2863706587552683, 0.07990941957015524, 0.3108583176507762], [0.18148553444678264, 0.23721621080356445, 0.36121661318204024, 0.22008164156761278], [0.28135207872263557, 0.3342181681147564, 0.04856871731354989, 0.33586103584905824], [0.15760899889367697, 0.23457080328178945, 0.41637518451092376, 0.19144501331360966], [0.1291658618340406, 0.2570645103572889, 0.40205564007166306, 0.21171398773700761], [0.13255656471904326, 0.275643699847766, 0.4137711294293233, 0.17802860600386777], [0.16859509254634364, 0.31222403486951045, 0.2528442323391623, 0.26633664024498366], [0.32966048911704454, 0.2909273158489318, 0.06397059271210279, 0.3154416023219209], [0.16884002891199873, 0.2754542140609426, 0.32270733221859604, 0.2329984248084629], [0.10725904763229872, 0.3433999648832628, 0.23160840520754808, 0.3177325822768908], [0.35760479367359593, 0.2504566304595064, 0.09367139378127262, 0.29826718208562525], [0.2694605009132348, 0.31006501781661094, 0.10277622710962027, 0.3176982541605339], [0.31177944045574185, 0.28771101385548714, 0.09533075539688136, 0.30517879029188943], [0.16028005318866545, 0.2758492240797103, 0.38974056619903397, 0.1741301565325898]]}, "rewritten": {"ids": ["97106591", "97106600", "97106770", "97106970", "97107040", "97107950", "97116500", "97116800", "97118210", "98107340", "98108580", "98109230", "98110680", "98111231", "98112170", "98116500", "98120530", "98121790", "99108000", "99108080", "99109910", "99116500", "100111620", "100113370", "100115700", "100117420", "101108080", "101108290", "101109370", "101110150", "101110200", "101112201", "101115190", "101116130", "102109010", "102109850", "102110050", "102112250", "102114270", "102117351", "103110050", "103111110", "103111170", "103111830", "103117461", "103120730", "104111550", "104111830", "104111990", "104114410", "104114740", "104119290", "105110091", "105113170", "105113190", "105113210", "105113440", "105113620", "105115570", "105115900", "105116650", "105118171", "106114011", "106114280", "106114880", "106115250", "106116850", "106117790", "106120640", "107113180", "107116980", "107117630", "107118520", "107118780", "107119390", "107120880", "107121540", "107121700", "108113760", "108114040", "108114270", "108116070", "108117451", "108120700", "109114720", "109115070", "109116170", "109117630", "109119450", "109120621", "110114321", "110114610", "110116170", "110116501", "110117110", "110118810", "110119030", "110119891", "110120540", "110120560", "110121450", "110121720", "111114121", "111115780", "111116110", "111116411", "111116530", "111116640", "111117000", "111117480", "111118820", "111118910", "111119150", "111119250", "111119300", "111119610", "111119950", "111120540", "111121220", "112116501", "112117461", "112118471", "112118701", "112118860", "112118890", "112119320", "112119580", "112119610", "112119930", "112120270", "112120670", "112121351", "112121360", "113117630", "113119320", "113119450", "113120260", "113120830", "113121410", "113122150", "113122220", "113122430"], "labels": [1, 3, 3, 2, 2, 2, 2, 0, 2, 0, 0, 1, 2, 1, 3, 2, 1, 2, 2, 3, 2, 2, 3, 3, 1, 2, 0, 0, 1, 1, 2, 0, 1, 2, 1, 1, 3, 0, 3, 1, 3, 3, 2, 3, 0, 1, 1, 3, 2, 1, 2, 1, 0, 0, 3, 3, 0, 0, 0, 3, 1, 3, 1, 3, 0, 2, 3, 1, 3, 3, 3, 0, 2, 1, 2, 1, 2, 3, 1, 0, 3, 1, 2, 2, 0, 0, 0, 0, 3, 1, 1, 1, 0, 3, 0, 1, 0, 3, 1, 0, 3, 3, 0, 1, 3, 0, 3, 0, 0, 1, 0, 0, 3, 1, 1, 2, 0, 1, 3, 3, 0, 1, 0, 3, 3, 1, 3, 0, 1, 0, 2, 0, 3, 0, 1, 3, 3, 3, 0, 2, 1, 2], "predicted_labels": [1, 0, 0, 1, 3, 3, 1, 0, 3, 1, 0, 3, 1, 0, 3, 1, 3, 1, 1, 3, 0, 1, 3, 0, 3, 3, 0, 0, 1, 0, 3, 0, 0, 0, 3, 0, 1, 3, 1, 1, 1, 3, 0, 3, 1, 3, 0, 1, 1, 1, 0, 0, 3, 3, 0, 0, 1, 0, 3, 3, 1, 1, 1, 0, 1, 1, 1, 1, 1, 1, 0, 0, 1, 0, 1, 3, 3, 1, 1, 3, 0, 1, 0, 3, 3, 1, 0, 0, 3, 3, 0, 0, 1, 1, 1, 0, 1, 1, 1, 3, 0, 1, 3, 1, 3, 0, 1, 3, 1, 1, 0, 0, 0, 3, 1, 0, 3, 0, 1, 0, 0, 1, 1, 1, 3, 1, 0, 1, 3, 1, 1, 3, 3, 1, 1, 1, 3, 0, 0, 1, 1, 1], "confidence_scores": [[0.17948966563540972, 0.29626463645274337, 0.27908440672529333, 0.2451612911865539], [0.28752016150806625, 0.265875320985091, 0.2171338122959414, 0.22947070521090152], [0.2912016372156637, 0.22002558950569148, 0.29847726585742373, 0.1902955074212209], [0.14572131570191077, 0.28815793768627423, 0.33818247394205025, 0.22793827266976494], [0.2088388349202382, 0.27252626726787293, 0.26177906270879336, 0.25685583510309556], [0.1808344937311489, 0.2790916728724902, 0.2939169721296013, 0.2461568612667596], [0.27428373131969735, 0.2801188681436287, 0.16226818399649198, 0.2833292165401817], [0.2615649217965592, 0.2653323548556503, 0.22851552454476876, 0.24458719880302168], [0.2700320827616905, 0.25043374439196325, 0.1985938150645858, 0.2809403577817605], [0.20120583865266678, 0.2911793558410974, 0.2641375943816327, 0.24347721112460333], [0.29550807385728, 0.24754010219068423, 0.19198246478130487, 0.26496935917073083], [0.17960467004809907, 0.22701564350897693, 0.38990707627168825, 0.20347261017123588], [0.29161849815390894, 0.28020378285485437, 0.21080780080231806, 0.2173699181889188], [0.2976978213657129, 0.26884694794840147, 0.14975666457370027, 0.28369856611218575], [0.3682408697894845, 0.27937581062426803, 0.035984492868850214, 0.3163988267173972], [0.22948009519490029, 0.2942711447881258, 0.18395459276520787, 0.29229416725176577], [0.2070927685491354, 0.2820048273965997, 0.24061894406842457, 0.27028345998584], [0.23986124671847298, 0.2670334156581463, 0.27709626714993435, 0.21600907047344645], [0.16988148270470466, 0.28852571154089374, 0.3293437847308705, 0.21224902102353113], [0.3097284298231414, 0.26700848401619454, 0.12800319836906038, 0.2952598877916035], [0.242309129133825, 0.26107166740631493, 0.2507792259233927, 0.24583997753646716], [0.13909796599457613, 0.2578516206741777, 0.4228956087529287, 0.1801548045783175], [0.20719236402505106, 0.2825777145847625, 0.22695254660553826, 0.2832773747846485], [0.3343515195872516, 0.26427784348646094, 0.10817832677325154, 0.293192310153036], [0.2680956634513046, 0.28173506068804594, 0.15995712436304999, 0.2902121514975994], [0.25931109583253886, 0.2809753809750698, 0.17338333518185384, 0.2863301880105377], [0.2978316184433746, 0.2815658451110711, 0.12837582184576227, 0.29222671459979194], [0.3552810649759365, 0.2618352489423419, 0.07785347481321882, 0.3050302112685028], [0.274376503176518, 0.2734912925854129, 0.21455679179111534, 0.23757541244695393], [0.3495334337177687, 0.27668638411879243, 0.0677230566027653, 0.30605712556067366], [0.23008764956763172, 0.306520049376017, 0.14544631054146526, 0.31794599051488615], [0.27871433268505164, 0.2738543325835906, 0.17001910996218, 0.27741222476917754], [0.2761211085148519, 0.2649923842429884, 0.21766782096402448, 0.2412186862781353], [0.2538221729680374, 0.25542660492281233, 0.2353425023300178, 0.2554087197791324], [0.26648801874059475, 0.28571374932184973, 0.14477388746511724, 0.3030243444724381], [0.3566250028313418, 0.2557618103651113, 0.10628793559520092, 0.28132525120834606], [0.22542744389545846, 0.3052290954607333, 0.1798356556377874, 0.2895078050060209], [0.36929490804303555, 0.24861974196920766, 0.07257191661476961, 0.3095134333729871], [0.19872822253418815, 0.2824484554013876, 0.30779372978773606, 0.21102959227668816], [0.30913970603943675, 0.3117090319235209, 0.053391810203032755, 0.3257594518340096], [0.2461607119230858, 0.2745071639906597, 0.24036165868416723, 0.23897046540208733], [0.2715622769295283, 0.26974915693042895, 0.18666269303154198, 0.2720258731085008], [0.3062335684721451, 0.27717464403529135, 0.11982046221043786, 0.2967713252821256], [0.25573970515821043, 0.2928416917952611, 0.1432196864220018, 0.3081989166245269], [0.26051246792776167, 0.2846145353750483, 0.18101240958286113, 0.2738605871143288], [0.17470350959553962, 0.2769857147727504, 0.3081541625430066, 0.2401566130887033], [0.3073338192369194, 0.2565155361991299, 0.21804298263008548, 0.21810766193386533], [0.21068349718110893, 0.2944711891777714, 0.21657801238989388, 0.27826730125122595], [0.15308857957036817, 0.2771598260246731, 0.34791986923608115, 0.22183172516887756], [0.27324964067621643, 0.2819302996464793, 0.17912274112564555, 0.2656973185516589], [0.28988120330702116, 0.2761465203804125, 0.16701126279900957, 0.266961013513557], [0.338582275320797, 0.27760995429350904, 0.07939897457748617, 0.30440879580820795], [0.24583525603976847, 0.26126760761227924, 0.23592829565852136, 0.25696884068943115], [0.25581592537621795, 0.2695933951759286, 0.1820022498091254, 0.29258842963872805], [0.31722342602847814, 0.29383953558059744, 0.07352950631293734, 0.3154075320779868], [0.34149510744472494, 0.2517987800180532, 0.1352163927187796, 0.27148971981844267], [0.15501054675238155, 0.30675752290936015, 0.24969694695875622, 0.288534983379502], [0.33100434156197156, 0.28848014828138807, 0.07172718291845934, 0.3087883272381812], [0.14316212561229277, 0.2926292975264955, 0.31010646780093826, 0.25410210906027364], [0.27283630533015635, 0.2505423754672961, 0.2093874502819535, 0.2672338689205939], [0.20034839677599417, 0.30864586949096734, 0.21174294442342245, 0.27926278930961596], [0.28485585588212364, 0.30410960028326206, 0.10154772417443991, 0.3094868196601742], [0.2253598715080653, 0.3087035589439626, 0.16542769977192753, 0.3005088697760442], [0.2823667565535874, 0.2824717756263053, 0.14550960354612655, 0.28965186427398076], [0.16280003844380045, 0.29394488858843976, 0.28830022654825804, 0.2549548464195018], [0.2510573582623727, 0.2929805385527149, 0.21057056476685537, 0.24539153841805708], [0.15769280673916142, 0.26533498151554835, 0.38820804576125884, 0.18876416598403137], [0.20195340720150728, 0.2792190004406761, 0.30386286630525405, 0.21496472605256256], [0.12991293439232227, 0.2915856184544033, 0.39734221080433413, 0.18115923634894013], [0.1676768962589085, 0.2953953558642564, 0.27363815617847065, 0.26328959169836424], [0.31880865210221565, 0.29022062887353167, 0.090268953094772, 0.30070176592948056], [0.3758089784086547, 0.24543158034396878, 0.08320525280111778, 0.2955541884462588], [0.24559462351083597, 0.31375747975519874, 0.16697650275523546, 0.2736713939787298], [0.3605746054221003, 0.276366588741375, 0.05012017862932961, 0.312938627207195], [0.25095002903601177, 0.29841893223212784, 0.17552992625670324, 0.27510111247515706], [0.25981164910485427, 0.27050997684888706, 0.19671595545377246, 0.2729624185924865], [0.24344419871290376, 0.2820413488937161, 0.18023425811013363, 0.2942801942832466], [0.2060442938231995, 0.28224565647140165, 0.2455471010484845, 0.2661629486569139], [0.2119238419982659, 0.2896615753470319, 0.21950509891738287, 0.27890948373731894], [0.23240410753197405, 0.262185863952908, 0.26202554638147374, 0.24338448213364405], [0.3574038758006451, 0.2880278611042527, 0.03989413004981444, 0.3146741330452877], [0.177425730443309, 0.297734140173487, 0.2566730344909238, 0.2681670948922805], [0.2897556156121694, 0.2584298264223006, 0.17228202359408323, 0.27953253437144676], [0.16317639024930006, 0.27283907877899416, 0.34479393707809997, 0.21919059389360576], [0.1357434076794172, 0.2617793195113517, 0.36986041249214363, 0.23261686031708734], [0.28179901178552197, 0.2839078720591952, 0.16596677840858803, 0.26832633774669457], [0.2698849553395896, 0.27224451184444187, 0.19302799921325384, 0.2648425336027143], [0.33762712021629954, 0.2755099919334248, 0.09801195281920035, 0.2888509350310754], [0.26183836383492853, 0.28012787486500296, 0.16855838752366686, 0.2894753737764016], [0.3025349889963468, 0.2811721650838734, 0.10528449652889854, 0.31100834939088096], [0.31078576994317186, 0.2864098678778902, 0.09612120886924046, 0.30668315330969764], [0.30735742530009325, 0.28729225347837994, 0.10400191557056138, 0.30134840565096543], [0.29331144146042504, 0.30050142956466563, 0.09367090114317424, 0.31251622783173516], [0.26517287046300725, 0.3033544004111397, 0.1190503706047376, 0.31242235852111544], [0.2545562815221199, 0.2862147559392961, 0.18559922998208062, 0.2736297325565035], [0.31660279381408224, 0.29381346109114015, 0.07854849567718535, 0.3110352494175922], [0.20599118984633635, 0.2984015418584864, 0.2106474568625119, 0.28495981143266524], [0.20006747578423392, 0.29807884506273985, 0.21404159415096238, 0.28781208500206384], [0.1849297698614831, 0.2617201851976245, 0.354070706622561, 0.19927933831833144], [0.2215434244715195, 0.26565561005318056, 0.2629181219821334, 0.24988284349316675], [0.3103229750201338, 0.31127811307500913, 0.052075814846114815, 0.3263230970587421], [0.2709974654185067, 0.2978877228525063, 0.140990924038072, 0.290123887690915], [0.2443417861853769, 0.2863175880915207, 0.1778715084698796, 0.2914691172532231], [0.23748376403563146, 0.27813366601608847, 0.22186281752572257, 0.26251975242255765], [0.20440019138151405, 0.28319948240117593, 0.24915773663891966, 0.26324258957839036], [0.33968104157579126, 0.2543004834787352, 0.11092728153667863, 0.29509119340879486], [0.24098753474766943, 0.2791288959732234, 0.21795549472850656, 0.26192807455060063], [0.24013594160805832, 0.27004490955447474, 0.20958050578670426, 0.2802386430507627], [0.15756394858526906, 0.2976760493704461, 0.2845039671150113, 0.2602560349292736], [0.21408795718715382, 0.3012751906237034, 0.21423773099933172, 0.270399121189811], [0.32518563389827104, 0.30173784425880734, 0.04989397129602181, 0.3231825505468999], [0.34163782635164636, 0.30402844520868094, 0.02905053327217943, 0.325283195167493], [0.3258761851679524, 0.2787557438918545, 0.09383632139916603, 0.3015317495410272], [0.24911046363364922, 0.2663440541502083, 0.2160039279464379, 0.2685415542697046], [0.23599009385612973, 0.298656320247799, 0.168117809650716, 0.2972357762453552], [0.33818118212691334, 0.27549816655918835, 0.07901760847195673, 0.3073030428419416], [0.3166842053231125, 0.28442258024796013, 0.08795103180110833, 0.3109421826278193], [0.20934311687664933, 0.2449879193403954, 0.37028673002961854, 0.17538223375333714], [0.2752076357551196, 0.3187864371860664, 0.07853936883553263, 0.3274665582232817], [0.3182901614787288, 0.3117149500395735, 0.042538551748421215, 0.3274563367332767], [0.3513580762450641, 0.2522335974982417, 0.10868203791004795, 0.2877262883466465], [0.19421919173006402, 0.29554278166757386, 0.2724135831898261, 0.23782444341253575], [0.21138106589217587, 0.3191325904350566, 0.16605338752868737, 0.3034329561440802], [0.17816420728223487, 0.2811809662223852, 0.32554186447954403, 0.21511296201583557], [0.2441349624491236, 0.2865217814780778, 0.18314445413874833, 0.2861988019340502], [0.15046677399495714, 0.30827670914758054, 0.29706231832613317, 0.24419419853132873], [0.31760222460681414, 0.2803775316498531, 0.0985938141936649, 0.30342642954966786], [0.2409946859023189, 0.30170324554005085, 0.17606602552600042, 0.2812360430316298], [0.19940400149841847, 0.2817800871320976, 0.2628464447994751, 0.25596946657000874], [0.21459690486788505, 0.28259399781293815, 0.24886129346930982, 0.253947803849867], [0.22493583876332093, 0.3018742152112838, 0.18187166799539178, 0.29131827803000343], [0.1829960027661436, 0.2915498088282463, 0.24632988227073074, 0.2791243061348791], [0.30504454154511823, 0.2978336574073754, 0.080138666583001, 0.3169831344645056], [0.1707151771629626, 0.2916865712180358, 0.27678996158401414, 0.26080829003498746], [0.18399586953482341, 0.3146660075685982, 0.20152989342242703, 0.2998082294741512], [0.23855968802283486, 0.30754299808410784, 0.14538777995498972, 0.30850953393806746], [0.31262267499517044, 0.28157569196093674, 0.09665340771093958, 0.3091482253329532], [0.36538491560384556, 0.2270576204918769, 0.1625141470169688, 0.24504331688730885], [0.31089920992080333, 0.2849620687029849, 0.1046031888025842, 0.2995355325736276], [0.22130263116908444, 0.3063520532396982, 0.19660548417932688, 0.2757398314118903], [0.2607538848495593, 0.297286760417135, 0.1377484662046576, 0.30421088852864814], [0.22379037196763943, 0.3070703388389294, 0.16215573159965055, 0.30698355759378054]]}}