{"test": {"ids": ["109118161", "107121640", "106114280", "105118171", "99111440", "104112470", "101114990", "111121351", "111118301", "106116120", "110117200", "109117431", "106116370", "104114240", "108118810", "106120290", "109114220", "100108260", "98121790", "112118511", "99107640", "99117630", "107115250", "108115570", "97110950", "111120260", "101117580", "113119950", "103112641", "97116410", "112120990", "110120700", "102110050", "110118880", "100108490", "99107560", "113118421", "98106111", "105115250", "111117000", "105117200", "110115890", "110121720", "98112170", "103113640", "97114170", "106118301", "98111620", "105116090", "104113000", "100109311", "110114561", "107114780", "111114321", "109113591", "98106880", "108116501", "103111540", "108121410", "111119430", "98112580", "110118121", "108118301", "105113210", "110116441", "102110240", "111120640", "110118301", "110115710", "112119610", "99107660", "109117110", "110117870", "107114140", "108121160", "97107950", "113118490", "112116290", "108114360", "105114220", "103120290", "100110050", "100113370", "103113210", "106114321", "109117150", "110121170", "99121440", "107118490", "98107340", "102116500", "106113170", "113122230", "112121030", "109113881", "107113840", "105115680", "98110710", "108114270", "111119250", "101108080", "100107920", "113119120", "113121410", "105120280", "97107040", "112117461", "112116610", "111115770", "110120531", "110119300", "111121190", "101119591", "108118630", "106115240", "109119591", "111118910", "113119300", "109120560", "113119360", "113117550", "97116790", "111115620", "108113740", "105113440", "109118820", "105112130", "99109910", "110119891", "113120531", "113122650", "104116980", "101110740", "108115250", "112116501", "108119330", "104111620", "99110730", "111115780", "112116810", "112118161", "113119700"], "labels": [0, 1, 3, 3, 3, 1, 3, 0, 3, 1, 3, 1, 2, 0, 1, 2, 3, 3, 2, 1, 1, 3, 2, 3, 3, 3, 3, 0, 3, 3, 2, 2, 3, 0, 2, 1, 3, 0, 2, 0, 3, 2, 3, 3, 1, 2, 1, 3, 1, 1, 1, 0, 2, 1, 3, 0, 0, 1, 0, 3, 2, 3, 1, 3, 3, 3, 0, 1, 2, 0, 3, 1, 3, 2, 2, 2, 1, 0, 1, 3, 2, 3, 3, 3, 2, 2, 2, 2, 2, 0, 1, 0, 1, 0, 0, 3, 2, 2, 3, 1, 0, 0, 3, 0, 3, 2, 0, 1, 3, 0, 1, 1, 0, 1, 1, 0, 0, 1, 1, 0, 3, 2, 1, 3, 0, 3, 1, 2, 3, 0, 2, 1, 3, 1, 3, 0, 0, 3, 1, 3, 0, 0], "predicted_labels": [0, 0, 1, 1, 0, 2, 1, 1, 0, 1, 0, 1, 0, 1, 3, 2, 0, 0, 2, 1, 3, 1, 0, 0, 3, 1, 0, 0, 0, 1, 1, 0, 1, 0, 0, 1, 0, 1, 0, 1, 3, 3, 1, 3, 0, 1, 3, 2, 3, 3, 3, 0, 1, 1, 1, 1, 3, 3, 1, 3, 1, 3, 3, 3, 1, 1, 3, 1, 3, 1, 2, 2, 1, 0, 1, 3, 0, 0, 1, 0, 2, 3, 1, 1, 3, 1, 3, 1, 1, 3, 3, 1, 1, 0, 3, 1, 1, 1, 3, 1, 1, 3, 3, 3, 2, 1, 3, 1, 3, 3, 1, 3, 0, 1, 0, 1, 3, 3, 2, 0, 3, 0, 1, 0, 1, 1, 1, 1, 1, 3, 2, 2, 2, 3, 3, 0, 0, 3, 1, 2, 1, 1], "confidence_scores": [[0.29112878544628273, 0.29067314596798643, 0.10443812573070047, 0.31375994285503034], [0.28575176423131576, 0.2314589101309865, 0.17360013477055933, 0.3091891908671385], [0.2325939057917075, 0.318819373178837, 0.17191310324278233, 0.2766736177866734], [0.24743893113324245, 0.3422517555136288, 0.13590218068416493, 0.2744071326689641], [0.29870606999910704, 0.25695230557832077, 0.15648418809264905, 0.2878574363299226], [0.19030269813405215, 0.25956029948838233, 0.2986001625941359, 0.25153683978342967], [0.11064211055379865, 0.40801963683666337, 0.30488560483962446, 0.17645264776991387], [0.26653143736553364, 0.3523571981084983, 0.09212796439179388, 0.28898340013417434], [0.2973679264043855, 0.2912895361714986, 0.07873804138127072, 0.3326044960428452], [0.25470272781602493, 0.3521795449393576, 0.1307204434960539, 0.26239728374856375], [0.31266344987273953, 0.2534790307067537, 0.09187978581679863, 0.3419777336037085], [0.2851916599845492, 0.3119670405674442, 0.09471833882217806, 0.3081229606258285], [0.29143661321962644, 0.23327596650155533, 0.14378251159006025, 0.3315049086887578], [0.25060030991958876, 0.33196118440270844, 0.17813242273936575, 0.23930608293833705], [0.29459016401789945, 0.26872833289844117, 0.12032041949955156, 0.3163610835841078], [0.16806688558862723, 0.31003770607862235, 0.3347946720215687, 0.18710073631118146], [0.2866646126280362, 0.287464918855971, 0.13677063357215768, 0.28909983494383534], [0.27908617204846387, 0.30956850859745777, 0.10802050511718027, 0.30332481423689767], [0.2182652293405113, 0.3028421736266597, 0.2721711892516274, 0.2067214077812014], [0.2539704397233603, 0.32000769865776435, 0.14286714613651966, 0.2831547154823557], [0.30507478376717245, 0.22216602207603012, 0.11855072572655544, 0.3542084684302418], [0.24591667943429238, 0.2767027369536028, 0.2086681576156534, 0.2687124259964516], [0.25166118014239086, 0.27371221578381855, 0.22607916557749194, 0.24854743849629882], [0.29584783270671194, 0.23530908439703668, 0.16607122756809642, 0.302771855328155], [0.28256368178338587, 0.31778344941160774, 0.10034005050521966, 0.29931281829978695], [0.26108370778512713, 0.3261577028587381, 0.13888430834266255, 0.2738742810134721], [0.2980463065349157, 0.2922681315031498, 0.09664043287959033, 0.31304512908234405], [0.3018303741572085, 0.2857160779632054, 0.06191091415105677, 0.35054263372852906], [0.24770158015975555, 0.2579469150022705, 0.20884069777328645, 0.2855108070646872], [0.27164403960696937, 0.31127545630271547, 0.12946344525016834, 0.2876170588401467], [0.20913042528437806, 0.3950639600836366, 0.19145069501502707, 0.20435491961695834], [0.2674500719188784, 0.31620776614488716, 0.19451140619373283, 0.22183075574250163], [0.19030180244152842, 0.32367540253774346, 0.23378905378118414, 0.25223374123954384], [0.28256883800789595, 0.30295413964047796, 0.0950671830280822, 0.3194098393235437], [0.2694241154662384, 0.22724974313712104, 0.1923830989513633, 0.3109430424452773], [0.27359159176128217, 0.3181712361382143, 0.09985927134984543, 0.30837790075065796], [0.32938301033881484, 0.22945751610394152, 0.06808224890152204, 0.37307722465572135], [0.2195878272996659, 0.3081944378450954, 0.22439796255480507, 0.2478197723004336], [0.2517364828288278, 0.2640091114297922, 0.2332544704366661, 0.2509999353047141], [0.2176028784547129, 0.32301984642030457, 0.2234764500569615, 0.2359008250680212], [0.23574999632648644, 0.21094099064017746, 0.27675276896987366, 0.2765562440634625], [0.2734711712106846, 0.26587850436058574, 0.1626118786442757, 0.2980384457844538], [0.21936257085836705, 0.28960575698706914, 0.25010877006281085, 0.24092290209175318], [0.31434585002436255, 0.2385904829031566, 0.10865564462036228, 0.3384080224521187], [0.31079810141308495, 0.2558252273761696, 0.07104570255762824, 0.3623309686531172], [0.20736261613328405, 0.3331610652605162, 0.20756101408118924, 0.2519153045250106], [0.3141089098626853, 0.2315817185303051, 0.11920809230313185, 0.33510127930387784], [0.16319601353779886, 0.252840529738284, 0.373712291124957, 0.2102511655989602], [0.30543192451352863, 0.22301608583055826, 0.1609879925897377, 0.3105639970661751], [0.3258958567681266, 0.21394035109481202, 0.09225273661846564, 0.3679110555185957], [0.30002453282256836, 0.2730891240696615, 0.11641406038350559, 0.3104722827242645], [0.3031138584563443, 0.2303563732177481, 0.12817351556301337, 0.338356252762894], [0.22606353721138167, 0.3421982980074754, 0.2082931227421879, 0.22344504203895516], [0.21793452063679086, 0.420886323916494, 0.13385547306196818, 0.2273236823847474], [0.2887562988548065, 0.31734852177088985, 0.07645717469656696, 0.31743800467773675], [0.21196035996220458, 0.28082467525904725, 0.2777086505046903, 0.22950631427405793], [0.29600702011452124, 0.2466097986636957, 0.12829986787272774, 0.3290833133490551], [0.2571999923560494, 0.27761306047717044, 0.16685413744694624, 0.29833280971983395], [0.2583812905771156, 0.3537473930836295, 0.10189931495648877, 0.285972001382766], [0.2034389139878915, 0.29294204050787265, 0.24640211448870175, 0.25721693101553433], [0.22162078536451563, 0.3169952093203607, 0.2123821440505153, 0.24900186126460822], [0.28980537689087515, 0.31518904909892653, 0.08028598732331654, 0.3147195866868817], [0.26378823745736973, 0.2951913132846542, 0.1433077171282224, 0.2977127321297536], [0.31815978379982424, 0.28422499091126624, 0.0743249455440224, 0.32329027974488694], [0.22619988683399028, 0.3679804427674551, 0.20099241512210284, 0.20482725527645176], [0.26373378896851263, 0.30542475632863, 0.16551318229989223, 0.26532827240296536], [0.24730667816808005, 0.25379574063703486, 0.21247649300246838, 0.2864210881924165], [0.22743037462890348, 0.32018635744767326, 0.20042520462727964, 0.25195806329614373], [0.2557752231615151, 0.26270552384019225, 0.18274459783809108, 0.29877465516020185], [0.222122218634722, 0.29520076173206095, 0.2363231830468214, 0.2463538365863958], [0.23423268999050598, 0.24582387717959103, 0.28968645037525814, 0.23025698245464452], [0.16203603617575904, 0.2946876874300712, 0.3214042938567644, 0.22187198253740495], [0.2297133778315267, 0.2686816638304761, 0.2623110176917408, 0.2392939406462562], [0.2750088596416213, 0.2922838540111348, 0.1693829197075178, 0.2633243666397259], [0.2536535662248488, 0.3845693784612742, 0.10166006841328461, 0.26011698690059243], [0.25739010071513746, 0.27551364785210547, 0.1948766666933231, 0.27221958473943386], [0.2440772146306581, 0.22324260051843697, 0.22872847424845275, 0.30395171060245213], [0.30355993130981956, 0.22999735125802423, 0.14495418874498972, 0.3214885286871663], [0.19153004977171112, 0.3440100791418898, 0.274530043548057, 0.1899298275383422], [0.2747014442234253, 0.3185016548958935, 0.12805312310716846, 0.27874377777351306], [0.20142326393743767, 0.30150370630559553, 0.32091974447421473, 0.17615328528275234], [0.25193722883702463, 0.25187247131116547, 0.19135225987284624, 0.3048380399789632], [0.22377416775647882, 0.30414727173588724, 0.2230850473992556, 0.24899351310837822], [0.2054662751549443, 0.38727964740299825, 0.20922740587254138, 0.19802667156951623], [0.22740494416802895, 0.2687863226424619, 0.2283350068426107, 0.2754737263468987], [0.19453336754787387, 0.3766584591194281, 0.23109915254231303, 0.1977090207903851], [0.25437154160091174, 0.18609245505714048, 0.26092186617104457, 0.2986141371709029], [0.19167600119602676, 0.3414150639583552, 0.26618077781399446, 0.20072815703162358], [0.2394577417383451, 0.30302051164520427, 0.209029507297985, 0.2484922393184658], [0.2250189170743644, 0.15771445669754994, 0.3040924217008129, 0.31317420452727257], [0.2584975685936663, 0.2569937562396036, 0.17646378763421575, 0.30804488753251436], [0.2539806947697038, 0.38633194524505327, 0.09486760141566976, 0.2648197585695729], [0.20555499424578816, 0.34851036344880304, 0.2527676134799429, 0.19316702882546588], [0.2997627553226271, 0.18105266805246337, 0.1483511903704724, 0.3708333862544374], [0.28622021079414656, 0.2964116574773582, 0.10811098287809781, 0.3092571488503977], [0.26304679238165846, 0.34240439736915784, 0.139027530355803, 0.2555212798933809], [0.12415377012565594, 0.3700213182461303, 0.35149409604816084, 0.15433081558005288], [0.21895591273579096, 0.3172579189124164, 0.22253103418943507, 0.24125513416235725], [0.3332637619065115, 0.25051844337722984, 0.076947704414635, 0.3392700903016238], [0.17595544776904692, 0.3209973533391861, 0.2867808688702441, 0.21626633002152312], [0.2597188774915587, 0.32038866069181654, 0.14047870725502407, 0.2794137545616006], [0.3183750327626805, 0.2665155291456613, 0.08818263637877902, 0.3269268017128789], [0.2648825302675291, 0.21877885804474737, 0.19841683795427392, 0.3179217737334497], [0.32484449591258246, 0.2460988006849089, 0.09202474624146781, 0.3370319571610408], [0.12494002610914731, 0.3165762618489347, 0.36932594303009414, 0.18915776901182402], [0.2171647396527008, 0.335838392308967, 0.22194588618465322, 0.22505098185367944], [0.36690647702529067, 0.21015000080298646, 0.06964596598755671, 0.35329755618416664], [0.2557632331377742, 0.35147683252487977, 0.15313582012696894, 0.23962411421037727], [0.31498760176079255, 0.2945192790073627, 0.06597727761933642, 0.32451584161250824], [0.3128863690821249, 0.26541410323955533, 0.08333936666242442, 0.3383601610158954], [0.24965701562955137, 0.28602693891750364, 0.2278258799976316, 0.2364901654553135], [0.2808938106322015, 0.23871373187988743, 0.172094677070329, 0.30829778041758216], [0.29213931380777836, 0.24103971321335516, 0.08936919746464685, 0.3774517755142195], [0.2265058682041445, 0.28711997024523067, 0.23082153050193974, 0.25555263104868486], [0.2935109916564643, 0.31840663360847704, 0.0812940727179333, 0.30678830201712537], [0.25320480706444726, 0.3106103002193077, 0.16923121966755683, 0.26695367304868817], [0.2915748024197839, 0.27830097432523293, 0.12071011723912699, 0.30941410601585645], [0.3609273968887454, 0.20448890174925313, 0.08040890526161037, 0.35417479610039104], [0.16952373507629082, 0.2654286322342989, 0.3155474551825013, 0.24950017750690934], [0.2791302252684303, 0.20394210682164837, 0.19068016221542003, 0.3262475056945013], [0.24338559514238822, 0.2734005160662139, 0.1960259734015038, 0.2871879153898945], [0.2862122001040142, 0.28439186362916247, 0.12219614870778715, 0.307199787559036], [0.2522670694149269, 0.32572057404478755, 0.14573482790714598, 0.27627752863313965], [0.33760017385022084, 0.22771791355176474, 0.06555487276314202, 0.36912703983487216], [0.2500484588174462, 0.3345378071045075, 0.14135115872426474, 0.2740625753537814], [0.23809442238224646, 0.29858943563707946, 0.2161338914055004, 0.24718225057517357], [0.15797482314746408, 0.3333921602484704, 0.2817529418352311, 0.22688007476883432], [0.1934808591583616, 0.3100833129553884, 0.30592124645601376, 0.19051458143023642], [0.2437481424476722, 0.3195335562588618, 0.1419314586369579, 0.29478684265650784], [0.3018398299260886, 0.2550040530305201, 0.10768008714545761, 0.3354760298979336], [0.19649636721775438, 0.22906126469964413, 0.32038976919026824, 0.2540525988923333], [0.15097299516045973, 0.2652164940646198, 0.3927057823679278, 0.19110472840699275], [0.15164354676461178, 0.32228352743401956, 0.30387778178774827, 0.2221951440136204], [0.25934358719055434, 0.24778092200067475, 0.2020548630129734, 0.2908206277957977], [0.23822894898907684, 0.28868149075809585, 0.17849886704736126, 0.2945906932054661], [0.2752495843142939, 0.3354761167748187, 0.11278255842728031, 0.27649174048360703], [0.3032033607387789, 0.2167524990211408, 0.12357128742674095, 0.35647285281333946], [0.16570355914470752, 0.26696948875994714, 0.30416489796692486, 0.26316205412842064], [0.2630731681281904, 0.35995930488153965, 0.12196397545375882, 0.25500355153651116], [0.20635443284399366, 0.2617244594016569, 0.3295373627043993, 0.2023837450499499], [0.29058741956119605, 0.33836908442405944, 0.08399810505090816, 0.28704539096383624], [0.22718848727416796, 0.35781323433282775, 0.17262681250771636, 0.24237146588528763]]}, "rewritten": {"ids": ["97107040", "97107950", "97110950", "97114170", "97116410", "97116790", "98106111", "98106880", "98107340", "98110710", "98111620", "98112170", "98112580", "98121790", "99107560", "99107640", "99107660", "99109910", "99110730", "99111440", "99117630", "99121440", "100107920", "100108260", "100108490", "100109311", "100110050", "100113370", "101108080", "101110740", "101114990", "101117580", "101119591", "102110050", "102110240", "102116500", "103111540", "103112641", "103113210", "103113640", "103120290", "104111620", "104112470", "104113000", "104114240", "104116980", "105112130", "105113210", "105113440", "105114220", "105115250", "105115680", "105116090", "105117200", "105118171", "105120280", "106113170", "106114280", "106114321", "106115240", "106116120", "106116370", "106118301", "106120290", "107113840", "107114140", "107114780", "107115250", "107118490", "107121640", "108113740", "108114270", "108114360", "108115250", "108115570", "108116501", "108118301", "108118630", "108118810", "108119330", "108121160", "108121410", "109113591", "109113881", "109114220", "109117110", "109117150", "109117431", "109118161", "109118820", "109119591", "109120560", "110114561", "110115710", "110115890", "110116441", "110117200", "110117870", "110118121", "110118301", "110118880", "110119300", "110119891", "110120531", "110120700", "110121170", "110121720", "111114321", "111115620", "111115770", "111115780", "111117000", "111118301", "111118910", "111119250", "111119430", "111120260", "111120640", "111121190", "111121351", "112116290", "112116501", "112116610", "112116810", "112117461", "112118161", "112118511", "112119610", "112120990", "112121030", "113117550", "113118421", "113118490", "113119120", "113119300", "113119360", "113119700", "113119950", "113120531", "113121410", "113122230", "113122650"], "labels": [2, 2, 3, 2, 3, 2, 0, 0, 0, 2, 3, 3, 2, 2, 1, 1, 3, 2, 3, 3, 3, 2, 0, 3, 2, 1, 3, 3, 0, 3, 3, 3, 0, 3, 3, 1, 1, 3, 3, 1, 2, 0, 1, 1, 0, 1, 1, 3, 0, 3, 2, 2, 1, 3, 3, 3, 0, 3, 2, 1, 1, 2, 1, 2, 3, 2, 2, 2, 2, 1, 3, 3, 1, 1, 3, 0, 1, 1, 1, 0, 2, 0, 3, 0, 3, 1, 2, 1, 0, 3, 0, 1, 0, 2, 2, 3, 3, 3, 3, 1, 0, 1, 3, 0, 2, 2, 3, 1, 1, 3, 1, 0, 3, 0, 1, 3, 3, 0, 1, 0, 0, 3, 1, 3, 0, 0, 1, 0, 2, 0, 3, 3, 1, 3, 1, 0, 0, 0, 0, 0, 1, 2], "predicted_labels": [1, 3, 1, 1, 1, 1, 1, 1, 3, 1, 1, 3, 1, 1, 1, 3, 0, 2, 3, 3, 0, 1, 3, 0, 3, 3, 3, 1, 1, 1, 1, 3, 0, 1, 1, 3, 3, 1, 1, 0, 2, 0, 3, 3, 1, 2, 1, 3, 1, 0, 0, 1, 3, 3, 1, 2, 1, 3, 1, 0, 1, 0, 3, 1, 1, 0, 1, 0, 1, 0, 0, 3, 1, 3, 0, 3, 3, 3, 3, 0, 1, 1, 1, 1, 0, 3, 1, 1, 1, 1, 0, 2, 0, 0, 1, 1, 3, 2, 3, 1, 1, 0, 1, 3, 0, 1, 2, 1, 1, 3, 1, 1, 1, 3, 1, 1, 0, 0, 3, 1, 0, 3, 0, 0, 3, 1, 3, 3, 1, 0, 3, 0, 0, 2, 3, 0, 1, 0, 3, 3, 1, 3], "confidence_scores": [[0.21812138769567713, 0.31250182051215675, 0.2202370133870059, 0.24913977840516013], [0.26279809680672944, 0.2626915903453091, 0.18050321537791103, 0.29400709747005027], [0.28312163018700437, 0.31470459196776673, 0.1063701338612306, 0.29580364398399805], [0.2062606107627215, 0.32829488079190294, 0.21333829979543278, 0.25210620864994265], [0.2351166928761216, 0.3184653037299144, 0.1953921141595028, 0.25102588923446095], [0.24146483017227546, 0.29334849569853283, 0.21531329262506188, 0.24987338150413008], [0.18582075131398212, 0.3209202586724035, 0.27847488957353134, 0.21478410044008292], [0.23656899456290728, 0.2690461461334165, 0.24081318623183195, 0.2535716730718442], [0.24428107462653398, 0.15448414630301516, 0.28525974814054655, 0.3159750309299046], [0.21658019035408968, 0.3477139128107844, 0.20136684772692548, 0.23433904910820028], [0.1997481894789899, 0.28429424800864617, 0.298728400310192, 0.21722916220217164], [0.28212409581631354, 0.25737118883705773, 0.14942071106872631, 0.31108400427790245], [0.23747403610339896, 0.3040783118554522, 0.20134193926125338, 0.2571057127798956], [0.22071647458949578, 0.32165254385656306, 0.2766804577677001, 0.18095052378624119], [0.24239393021796207, 0.31848170796382136, 0.16381579210658953, 0.275308569711627], [0.23021308025107604, 0.2620623889209681, 0.22273472555952967, 0.2849898052684261], [0.2540271988965752, 0.24817720945647262, 0.2751795723284876, 0.2226160193184647], [0.1592590254864301, 0.2663289376530095, 0.37431590067895376, 0.20009613618160663], [0.23644308781111753, 0.28665555877811794, 0.18913701899210594, 0.28776433441865873], [0.28387395081766953, 0.2532481314902312, 0.1777433335415743, 0.28513458415052495], [0.2635809780182055, 0.2861875121029377, 0.18565185547431293, 0.26457965440454384], [0.17814100814554248, 0.36352182459551663, 0.2686718318141221, 0.18966533544481912], [0.319389593669927, 0.2552961608074783, 0.1023577664881133, 0.32295647903448155], [0.2797260168098363, 0.2831904371066571, 0.163529269623558, 0.2735542764599488], [0.2616623196391862, 0.24346326524611195, 0.20451813765812915, 0.2903562774565722], [0.3123355288300297, 0.2897988390244747, 0.08020464151333077, 0.31766099063216485], [0.214701819959411, 0.30852480288786965, 0.20021238652860088, 0.27656099062411843], [0.2005927790366129, 0.3155850576409583, 0.24880496939194424, 0.2350171939304846], [0.2701472038283635, 0.30739998695729337, 0.1293756873072004, 0.2930771219071427], [0.1866792868512785, 0.34930000393817434, 0.22176696562755768, 0.2422537435829897], [0.16477461414061811, 0.35093703094918255, 0.24717083565906653, 0.2371175192511329], [0.31484305805257234, 0.2640688844301074, 0.08500731045942303, 0.3360807470578971], [0.30074987047794843, 0.18654843614941302, 0.11458500201667202, 0.39811669135596667], [0.20896677725955257, 0.32528425504268665, 0.22354027978315763, 0.2422086879146032], [0.2743542809744444, 0.2860081913036222, 0.16312583994853913, 0.27651168777339447], [0.24126125726190517, 0.2728550566285826, 0.21971484570585773, 0.2661688404036547], [0.24316124917368465, 0.294209582640035, 0.17863020501168955, 0.28399896317459083], [0.21263052822680062, 0.2959441546706299, 0.23461871987176433, 0.256806597230805], [0.22151130372661026, 0.33085665231014144, 0.2403008441688976, 0.20733119979435077], [0.31074934885283734, 0.23554237323613678, 0.09873703422533962, 0.35497124368568617], [0.22440582224966238, 0.2708521079379868, 0.3040606931655027, 0.20068137664684824], [0.3046287187755727, 0.20437709097578174, 0.12359703389164513, 0.3673971563570001], [0.19727191972015556, 0.21319524536363652, 0.31845286043203447, 0.2710799744841735], [0.3360743668096387, 0.19666080836945954, 0.09929308937592463, 0.3679717354449773], [0.24290748201735737, 0.32170910037039435, 0.19973282911618423, 0.23565058849606355], [0.16138346038733276, 0.26460169200919653, 0.3738924116919478, 0.20012243591152312], [0.21832056484672685, 0.3362814729733406, 0.19464176381966594, 0.25075619836026647], [0.2870837018200068, 0.2981944721147486, 0.10544062487426385, 0.3092812011909805], [0.21863159428168064, 0.3441204503697762, 0.21652410608848008, 0.22072384926006314], [0.2755123323987432, 0.3342049089222331, 0.11333387189892538, 0.27694888678009827], [0.270107862620992, 0.3028520454629869, 0.17142184431485866, 0.25561824760116203], [0.18298946948073128, 0.36432077616289643, 0.24571828885337238, 0.2069714655030001], [0.3074742549511586, 0.23350710947205022, 0.1604195493674487, 0.2985990862093422], [0.25330383521873506, 0.25111003947188665, 0.22638192400117826, 0.26920420130820033], [0.2721425144626479, 0.3189996758799659, 0.11321497604865484, 0.29564283360873117], [0.1226801015242792, 0.3311815567590745, 0.3709935230745325, 0.17514481864211393], [0.24922816732666975, 0.3822430119824356, 0.11075613147182303, 0.25777268921907154], [0.2624532530328045, 0.30293544721584614, 0.1390075117256461, 0.2956037880257031], [0.22754589215477025, 0.2786346830015429, 0.24302400319009027, 0.2507954216535966], [0.28348905628529364, 0.32507283642029666, 0.10065975320336897, 0.29077835409104047], [0.24685035143238876, 0.3588941676167701, 0.14893753334903354, 0.24531794760180758], [0.29301707046416864, 0.23108226611152213, 0.16536598222400373, 0.3105346812003055], [0.3062956762329947, 0.2660350963430377, 0.11136017635810973, 0.3163090510658579], [0.19046402720373423, 0.2867669490137411, 0.30526241020675243, 0.21750661357577225], [0.27525826975304984, 0.3142173909204119, 0.14446326187327407, 0.26606107745326424], [0.2672657282862376, 0.30384971706697694, 0.1678167917771546, 0.261067762869631], [0.25021676582570435, 0.33292696408229877, 0.1817799979788445, 0.23507627211315252], [0.2553826850117385, 0.2887167799887406, 0.23004090198010593, 0.2258596330194152], [0.22570306415537672, 0.32814606903267635, 0.20592484568191902, 0.2402260211300282], [0.2541529043169648, 0.25909859241789074, 0.24822588753620836, 0.23852261572893607], [0.3428476615945934, 0.22187242868884927, 0.06371625116138906, 0.37156365855516804], [0.33920521574552204, 0.25810410074374573, 0.06906935360293427, 0.33362132990779814], [0.22193628853253314, 0.31381708091429206, 0.22280555042652542, 0.2414410801266491], [0.28353205482003724, 0.2634625366326415, 0.15878432648412416, 0.29422108206319725], [0.2969004420588386, 0.22469821237669163, 0.16725237888321903, 0.31114896668125064], [0.2724540232615137, 0.2687977498366387, 0.1522533617954167, 0.30649486510643115], [0.26040894469841797, 0.298981157060475, 0.1426159384983458, 0.2979939597427612], [0.29507520514180513, 0.2860781081279186, 0.10992305254321792, 0.30892363418705854], [0.3130212030814675, 0.27234272528694486, 0.09267811966355412, 0.3219579519680334], [0.2684867000158448, 0.36144437934201623, 0.13310197558265885, 0.23696694505948024], [0.27631452487325187, 0.34082798330207514, 0.09899757243721005, 0.283859919387463], [0.27496315998899434, 0.31095572294060037, 0.11562367251917018, 0.2984574445512349], [0.2747586151710459, 0.3281578633181451, 0.10219356444332035, 0.29488995706748844], [0.2614490949910093, 0.33765778511180605, 0.11840314942210338, 0.2824899704750813], [0.2925789561067837, 0.29126515591061536, 0.11207897269582953, 0.3040769152867715], [0.26125997507495236, 0.24129011600658118, 0.19548681615486108, 0.30196309276360545], [0.2127517465763113, 0.3398449619180487, 0.24536862154493633, 0.20203466996070357], [0.2575376991538469, 0.34410290501832497, 0.11739349554763771, 0.2809659002801902], [0.2691807865363232, 0.3343733828922733, 0.11650271218716624, 0.27994311838423724], [0.24632090499723114, 0.29665228909851765, 0.2083882732343426, 0.24863853266990885], [0.27003235619047683, 0.32413435302339866, 0.13971817224401703, 0.26611511854210734], [0.13648058719106043, 0.2928827637105102, 0.3776409944655372, 0.1929956546328919], [0.27446886269621323, 0.298288613235271, 0.15041658477704484, 0.27682593929147115], [0.27006921846024845, 0.3005257274331621, 0.16009272499486524, 0.2693123291117243], [0.26821197522114465, 0.2955587784666787, 0.16447476868894476, 0.27175447762323157], [0.24029332510914503, 0.3471842442135627, 0.19465222343139452, 0.2178702072458977], [0.32082866015432226, 0.24975874889187985, 0.0861836243734523, 0.3432289665803456], [0.23918186548603268, 0.24486058075235315, 0.2734937946900238, 0.2424637590715904], [0.3009613082759096, 0.2875861068010999, 0.0861348097190866, 0.32531777520390365], [0.2378930344454395, 0.32285203001125845, 0.18028685176613882, 0.2589680837771633], [0.2753983274712463, 0.3158767639268262, 0.10989579751475965, 0.2988291110871675], [0.2641641383690559, 0.2628477810518023, 0.21665590547415314, 0.25633217510498857], [0.23114669346901262, 0.3150068794726193, 0.17227779393024747, 0.28156863312812025], [0.28901164260082407, 0.2839201671247348, 0.10395448945916896, 0.32311370081527196], [0.2957270305009012, 0.26547830957003427, 0.14926928590494767, 0.2895253740241171], [0.27139192141353985, 0.3159434042542021, 0.14531614303990556, 0.2673485312923524], [0.20469255080201457, 0.27369032685985967, 0.27635203406567643, 0.24526508827244908], [0.20181149980589466, 0.3965576510671245, 0.2078227578233257, 0.19380809130365528], [0.25592268888519354, 0.29838949591405, 0.17657028481483344, 0.2691175303859231], [0.3083102436946653, 0.3115848278330018, 0.07463317285501499, 0.30547175561731826], [0.26659736173533005, 0.3458498944043048, 0.11719699029972584, 0.270355753560639], [0.25831672166225694, 0.34838139391397877, 0.11701046409501309, 0.2762914203287514], [0.2723025725825523, 0.3241875076562309, 0.11180518741468796, 0.2917047323465284], [0.2898910492450883, 0.2658258506092099, 0.14543340094834398, 0.29884969919735777], [0.18032999476895606, 0.3467049667381334, 0.26873972110105204, 0.204225317391859], [0.2411643039707445, 0.329035915451683, 0.16753195230057982, 0.26226782827699285], [0.2907738575310605, 0.29403972285866, 0.09019069942800208, 0.32499572018227735], [0.26863396124296185, 0.29142090349240457, 0.14706345757741035, 0.2928816776872233], [0.2858564387315515, 0.22974450160613216, 0.17831635320608644, 0.30608270645623004], [0.2830297946958775, 0.3268899078612245, 0.09118163298921564, 0.29889866445368224], [0.3108181855828696, 0.24119487726997058, 0.11642570142622985, 0.33156123572093], [0.2638554105632346, 0.27162048520873866, 0.16557845857592315, 0.2989456456521034], [0.2625204104804232, 0.339773788971374, 0.152336281681783, 0.24536951886641994], [0.25309501414989, 0.2448624203316793, 0.24299978573984807, 0.2590427797785827], [0.34856887992270813, 0.22841026408424384, 0.08833830060684698, 0.33468255538620106], [0.2882125534827079, 0.3051093595171206, 0.11635120228362197, 0.2903268847165497], [0.26692031622210377, 0.2733151353250098, 0.15967106625215424, 0.30009348220073195], [0.2555705333137756, 0.29861042619077866, 0.1673225880955404, 0.2784964523999054], [0.2734164117341381, 0.34570802135239925, 0.10998395612624723, 0.27089161078721535], [0.29320412213084046, 0.20006198777800485, 0.10084181706795114, 0.40589207302320357], [0.29158245718852427, 0.2529146179867955, 0.14315933697202993, 0.31234358785265026], [0.32173748688484316, 0.204848867833322, 0.08937174862917313, 0.3840418966526618], [0.25832197528275896, 0.23458453282952207, 0.22019076823887584, 0.28690272364884306], [0.2260986202092558, 0.22355573320609745, 0.27625256154362304, 0.27409308504102353], [0.3572501208263028, 0.21282244497854566, 0.0837464015614846, 0.3461810326336669], [0.2934657350406254, 0.222057908200215, 0.14319663023476614, 0.34127972652439376], [0.22354268808668828, 0.3652798466035702, 0.17890438728241406, 0.2322730780273273], [0.2877577419087612, 0.2862832627554218, 0.11217573843916999, 0.3137832568966468], [0.24106796935950658, 0.266877692136713, 0.2073452128038067, 0.284709125699974], [0.3732389901292901, 0.2076860222683411, 0.062858696876908, 0.35621629072546074], [0.2071207582645062, 0.3380075072334784, 0.24383691940022525, 0.21103481510179015], [0.23091455834472005, 0.25902479624294744, 0.22268788053972202, 0.28737276487261076]]}}