{"test": {"ids": ["99109311", "108119510", "113122510", "109118231", "107114321", "105115380", "99112531", "111121930", "107118820", "106119990", "110119891", "98116090", "107113840", "112117571", "111117200", "102107961", "110118111", "113118511", "97109080", "108113480", "97107821", "108118291", "104113000", "102110690", "102109840", "112117431", "101113210", "104114230", "113120070", "113119320", "112119120", "113120531", "108114670", "99114890", "99112840", "112119980", "112119930", "99109370", "111119250", "107116501", "105114220", "102110050", "107113550", "110114561", "111119950", "98121790", "113122190", "113118820", "107118520", "109119591", "103120290", "99108000", "105117200", "113120260", "105116501", "108114200", "113119930", "100109890", "101111140", "113122430", "105113260", "109115380", "99108580", "103109021", "103110760", "112116640", "101112160", "98109090", "109117150", "108115570", "107113130", "107115140", "101112690", "107114140", "112117660", "105112130", "101115190", "107114200", "110117200", "104110960", "97112170", "104114410", "112118550", "101108370", "108121190", "99117630", "106115250", "112121430", "104111380", "97109570", "111118910", "101117580", "105113480", "109121410", "108115500", "108118810", "111116110", "100120780", "113121010", "104114240", "107119950", "99111620", "111115770", "105113210", "113119300", "103109791", "107114621", "111116640", "110120700", "98106560", "108115070", "109117271", "112121030", "99107640", "104116441", "107116300", "105115680", "109116441", "109114270", "111117120", "105121190", "106116640", "99111930", "99107560", "106119580", "102111990", "101111310", "106114011", "103111930", "104119290", "109120150", "98113881", "97116790", "110117110", "97105580", "112120630", "112116810", "103109641", "113117401", "103111110", "109117600", "104114740"], "labels": [1, 1, 2, 1, 0, 1, 3, 1, 3, 0, 3, 0, 3, 3, 0, 3, 1, 1, 2, 0, 2, 3, 1, 0, 2, 0, 3, 2, 2, 1, 1, 0, 3, 2, 2, 0, 1, 1, 1, 1, 3, 3, 0, 0, 0, 2, 1, 0, 2, 0, 2, 2, 3, 3, 1, 0, 1, 3, 2, 2, 3, 3, 0, 0, 1, 0, 3, 1, 2, 3, 1, 0, 1, 2, 0, 1, 1, 2, 3, 2, 0, 1, 3, 1, 1, 3, 2, 2, 3, 0, 0, 3, 0, 0, 3, 1, 3, 1, 2, 0, 3, 3, 3, 3, 1, 3, 0, 0, 2, 1, 1, 0, 0, 1, 1, 0, 2, 3, 3, 2, 2, 3, 1, 1, 3, 2, 3, 1, 3, 1, 2, 3, 2, 0, 1, 3, 3, 1, 3, 3, 1, 2], "predicted_labels": [2, 1, 3, 1, 1, 1, 0, 3, 0, 3, 0, 1, 3, 1, 3, 2, 3, 3, 3, 3, 1, 1, 1, 0, 1, 0, 0, 3, 1, 3, 0, 3, 0, 2, 0, 3, 0, 0, 2, 0, 1, 1, 1, 1, 1, 1, 3, 1, 1, 1, 3, 3, 3, 3, 3, 3, 3, 0, 0, 1, 1, 3, 0, 0, 3, 3, 3, 1, 3, 3, 1, 0, 1, 0, 0, 0, 0, 0, 0, 0, 3, 3, 3, 0, 1, 0, 1, 1, 1, 1, 0, 1, 1, 1, 0, 3, 3, 0, 1, 1, 1, 1, 1, 3, 3, 0, 0, 3, 1, 0, 1, 3, 3, 1, 1, 1, 1, 0, 0, 1, 3, 3, 0, 1, 1, 3, 1, 3, 1, 3, 1, 0, 1, 0, 1, 0, 0, 0, 1, 3, 1, 1], "confidence_scores": [[0.27269819456245276, 0.15919027578545664, 0.37902991224462235, 0.18908161740746826], [0.217672832069876, 0.6222030212480515, 0.06061166452830269, 0.0995124821537699], [0.21946238002527618, 0.273393754026309, 0.13387966434408577, 0.37326420160432905], [0.2936770527391952, 0.37609004063528917, 0.13278673318751485, 0.1974461734380008], [0.2715880632215009, 0.485820544640268, 0.12600402718646037, 0.11658736495177062], [0.216719195880327, 0.32944787018345656, 0.15618532866814827, 0.29764760526806805], [0.5672158613537494, 0.163279731156968, 0.08815090508968511, 0.1813535023995975], [0.23888678081629316, 0.3039733994883391, 0.10904868326665593, 0.3480911364287119], [0.2902786211176215, 0.2088023214849642, 0.23064036636944293, 0.2702786910279713], [0.2501864540937065, 0.28041939356031853, 0.15330196059846563, 0.31609219174750935], [0.45844154062489945, 0.14273478916008583, 0.08110730835807049, 0.31771636185694435], [0.13278002479834417, 0.6595423248194895, 0.07538240863502053, 0.13229524174714596], [0.29369588199259017, 0.22774642060823347, 0.16514832229864707, 0.3134093751005293], [0.15860000925201742, 0.4208442759968804, 0.19740959033623098, 0.22314612441487106], [0.2656680379187517, 0.2602366665313973, 0.16600636762171808, 0.308088927928133], [0.2161922578004456, 0.26598280327110785, 0.29963071299700306, 0.2181942259314435], [0.1891924656190164, 0.23168121586203738, 0.11329117792886609, 0.46583514059008024], [0.24248981533853356, 0.28992671527069086, 0.1664756100711128, 0.3011078593196628], [0.27702670491673254, 0.24024265324993008, 0.17328647144145404, 0.3094441703918833], [0.12092801812627968, 0.17660537308891422, 0.13246335962295633, 0.5700032491618496], [0.2504336078822224, 0.4982076117586912, 0.1157160500256899, 0.1356427303333965], [0.23011092893866858, 0.414385784980434, 0.11968045484146385, 0.2358228312394337], [0.3100536023439377, 0.31330250976338264, 0.09876463470026386, 0.27787925319241596], [0.5723553673647587, 0.1601695361581703, 0.10949680601613744, 0.15797829046093356], [0.1817943763751809, 0.334751382261, 0.27744600456859875, 0.2060082367952205], [0.39412526644196016, 0.2377964204786843, 0.14196209665667542, 0.22611621642268018], [0.35479606144325554, 0.32504521791577357, 0.10179523155206913, 0.21836348908890196], [0.21100316785759465, 0.2708424590060411, 0.18839643175348356, 0.32975794138288084], [0.1437223312857885, 0.3921202835140749, 0.21983756331873305, 0.24431982188140347], [0.1595167325971047, 0.21872561855933748, 0.09783424934870756, 0.5239233994948503], [0.3570733958322517, 0.3050128353827602, 0.12788728866407148, 0.21002648012091685], [0.2305322856726645, 0.20650636223559204, 0.11692835062608478, 0.4460330014656586], [0.34293524643867723, 0.21684082360055784, 0.22482859845511047, 0.21539533150565449], [0.2734494201334687, 0.2225432840903762, 0.2837625244852785, 0.22024477129087683], [0.3167406782598831, 0.2615510847455757, 0.17395559870909696, 0.24775263828544425], [0.29900961224476325, 0.21884591790015193, 0.15004483585153924, 0.33209963400354575], [0.34037819321592294, 0.24264233155472706, 0.18168547371804447, 0.23529400151130553], [0.3905006040208952, 0.20416054614928247, 0.1662926302082872, 0.23904621962153516], [0.15991819294169038, 0.20619357120743242, 0.3984320296128388, 0.23545620623803842], [0.3303767828562816, 0.24116602941139467, 0.20194968424007514, 0.22650750349224869], [0.30091409646724704, 0.3823170127003081, 0.10321226423772654, 0.21355662659471847], [0.2293148640821288, 0.3253829018849893, 0.22127764376296075, 0.2240245902699212], [0.26445352105757464, 0.3102755383428734, 0.1731884684640277, 0.2520824721355244], [0.2670260394678434, 0.29157913139807806, 0.1737076672477742, 0.26768716188630437], [0.22445574959788442, 0.44596236427763347, 0.10492530544414756, 0.22465658068033467], [0.3195272778601322, 0.35337845610329593, 0.14887039394284624, 0.17822387209372562], [0.1326380401905287, 0.31920258658561845, 0.17513155299661728, 0.37302782022723574], [0.22821781710796768, 0.3465197278027266, 0.17296349718681828, 0.2522989579024874], [0.07311478124565421, 0.6946848721021661, 0.12079483665296294, 0.11140550999921654], [0.13517168724369985, 0.37263854393329937, 0.18195284768248113, 0.31023692114051976], [0.22134904848878356, 0.21107610650774108, 0.2568670548842045, 0.3107077901192708], [0.15944448005355422, 0.21243373232010715, 0.23488311871773804, 0.39323866890860065], [0.1463267726032243, 0.31784514638322386, 0.15925728067277387, 0.376570800340778], [0.2912555651556634, 0.24707085090649283, 0.08370081730146714, 0.3779727666363766], [0.212475848461024, 0.264685940071826, 0.15718815847225445, 0.3656500529948957], [0.2329792054018125, 0.254757219519475, 0.12641702673219454, 0.38584654834651794], [0.17482516251588984, 0.2637298370610842, 0.14717889004752505, 0.41426611037550093], [0.4922666893120802, 0.21350312857291093, 0.08392231816657728, 0.21030786394843184], [0.3791998837983617, 0.19314844117024352, 0.09332603003004541, 0.33432564500134937], [0.25620144339503254, 0.35299420426024497, 0.17905308931224811, 0.2117512630324745], [0.14957265475900128, 0.7096840928407309, 0.0548785137205456, 0.08586473867972251], [0.1559806558810353, 0.21787681524460661, 0.11064850906408036, 0.5154940198102778], [0.2970746772870271, 0.24848823890453065, 0.17657914498428084, 0.2778579388241616], [0.3317049912877239, 0.2531683808077521, 0.13397848819066094, 0.28114813971386304], [0.2864887032794401, 0.2033304216841001, 0.09931055771324732, 0.41087031732321244], [0.18038028391186944, 0.2192965641009507, 0.13924158943647086, 0.46108156255070903], [0.18991564452006976, 0.26384339992680167, 0.23271062703953566, 0.3135303285135928], [0.2537521282668204, 0.36253622635178306, 0.14114353673805216, 0.2425681086433446], [0.2499982006411004, 0.2306343461085513, 0.15615281515954846, 0.36321463809080023], [0.12310353684018702, 0.35437194806444305, 0.16059893644475054, 0.36192557865061936], [0.17727345200084665, 0.38907046276124185, 0.21300007413133348, 0.22065601110657793], [0.31733508172490027, 0.23161409969940266, 0.172700063675759, 0.27835075489993816], [0.21610307696438286, 0.44951264917710154, 0.10228219458282777, 0.23210207927568785], [0.3602494582859292, 0.2462596471187133, 0.135890296242328, 0.2576005983530296], [0.3890807278786345, 0.25866944859789154, 0.09102943663411592, 0.261220386889358], [0.39458420976609154, 0.23128892188147568, 0.14290902716478074, 0.231217841187652], [0.4063494533578755, 0.22873123695049347, 0.1327103897897961, 0.23220891990183487], [0.37351003981820924, 0.21577010166172014, 0.18730867297435708, 0.22341118554571354], [0.5907163142689512, 0.1858578501169878, 0.08097674370401575, 0.1424490919100451], [0.3172347754413929, 0.24106004751118512, 0.14837507715347167, 0.29333009989395037], [0.16682848668893113, 0.2689544016741113, 0.1866561721534741, 0.37756093948348346], [0.19093477489025498, 0.3085394526149789, 0.08612705025449723, 0.414398722240269], [0.2599674963912876, 0.2846654957889741, 0.14253300248504025, 0.312834005334698], [0.5074136748603173, 0.1893805130708194, 0.12714276925801776, 0.17606304281084553], [0.1841888805969831, 0.35882017361848234, 0.15366548978822603, 0.30332545599630867], [0.38363417429007335, 0.2956300684997459, 0.14533733615466918, 0.17539842105551165], [0.1536093708105965, 0.5313569662141111, 0.16803181317352175, 0.14700184980177067], [0.14761769248335507, 0.3596647976484234, 0.23450557664584445, 0.25821193322237707], [0.22540759904962573, 0.43699924401029433, 0.19992278375871655, 0.13767037318136321], [0.16763565612135328, 0.6324803236749611, 0.10484682373513779, 0.095037196468548], [0.25385528531619816, 0.2456834197590919, 0.24828908384724402, 0.2521722110774659], [0.1898340137893946, 0.4023125249814127, 0.18847308789521078, 0.21938037333398205], [0.21310843995214285, 0.3758785219291716, 0.14131227673470195, 0.2697007613839837], [0.2790310677435781, 0.3410190520185163, 0.15383406579471798, 0.22611581444318762], [0.3423174656718613, 0.2935660823175024, 0.17859731882032454, 0.1855191331903118], [0.10515770295698919, 0.2578364989610477, 0.15393104883485664, 0.4830747492471067], [0.16742035084472193, 0.13413643175979234, 0.14053575952285663, 0.5579074578726293], [0.2922702215449963, 0.26509569559742646, 0.16775256236058148, 0.27488152049699566], [0.21142251894317568, 0.3867173492626454, 0.12051432986072064, 0.2813458019334584], [0.27013909998020064, 0.33931462896740494, 0.13594666392288504, 0.2545996071295092], [0.12802605175972967, 0.5536435196660148, 0.11171413685526638, 0.20661629171898935], [0.24023411881077003, 0.2915386232253068, 0.22565962088595604, 0.2425676370779671], [0.3501301227164598, 0.35121309459777045, 0.0940867802899684, 0.20457000239580134], [0.2754860601975095, 0.26716701990258035, 0.13732745018965306, 0.32001946971025713], [0.12229189514170688, 0.21084627923662716, 0.12117478285423498, 0.545687042767431], [0.27020883134944584, 0.2143973881901076, 0.26250464893315784, 0.2528891315272887], [0.37361986949872816, 0.2643083855889116, 0.11162037804869879, 0.2504513668636615], [0.15448816887796804, 0.2804531732650499, 0.1507938054113869, 0.4142648524455953], [0.2001841699860741, 0.38416013190634424, 0.19584047526525633, 0.21981522284232533], [0.2637935954307544, 0.2565103424565343, 0.24530735041475996, 0.23438871169795136], [0.17147078263075835, 0.34837756764707856, 0.15718205696793355, 0.32296959275422943], [0.20489517863978843, 0.2518087867803974, 0.10945315458250622, 0.4338428799973078], [0.3252074380225573, 0.19789723376382193, 0.12010829991320708, 0.35678702830041376], [0.3052701514826124, 0.32378540142867607, 0.15316492600568168, 0.21777952108302978], [0.2766218736670575, 0.3824556977996434, 0.12096737140727211, 0.21995505712602728], [0.2624706127309852, 0.31858488414200387, 0.10549853729022154, 0.3134459658367895], [0.07959176481470151, 0.6355390983176071, 0.12236361920933862, 0.1625055176583527], [0.4029130458038294, 0.18001994416628186, 0.09622047716566419, 0.3208465328642245], [0.33941750779985685, 0.20062473690086957, 0.2592590130719624, 0.20069874222731116], [0.1054548989888857, 0.6749741147019125, 0.08473118506039337, 0.13483980124880854], [0.28954502790340986, 0.2574835160186651, 0.14745244411406708, 0.30551901196385794], [0.30174498260920046, 0.27122937227770305, 0.08427535058041556, 0.342750294532681], [0.29862253730729343, 0.25326328474036747, 0.17186473899461324, 0.276249438957726], [0.218274789936213, 0.30374174221842615, 0.17903842707839937, 0.2989450407669616], [0.15763018533412174, 0.41026982455293803, 0.14843380024820177, 0.28366618986473835], [0.25668721518517834, 0.2820061432808335, 0.1365629032892932, 0.32474373824469493], [0.15840708753840155, 0.30905255749707805, 0.27981713144630815, 0.25272322351821236], [0.24928165466458918, 0.16585260308501923, 0.11358045272092357, 0.4712852895294681], [0.1463116345324214, 0.3873416935530405, 0.13429970154352108, 0.332046970371017], [0.18706425357419884, 0.30048322379545483, 0.1910605696712919, 0.3213919529590545], [0.27204184646446894, 0.28970687615209023, 0.1628416948836439, 0.275409582499797], [0.421322198263793, 0.17599272819869, 0.1198259990938607, 0.2828590744436563], [0.26446183549644714, 0.29998402553425363, 0.19753116149025965, 0.2380229774790396], [0.5047953790677079, 0.19286193559887918, 0.096065083904398, 0.20627760142901502], [0.09368838046887687, 0.6989295647020016, 0.08323959788693282, 0.12414245694218845], [0.35576555628565604, 0.1839651283302949, 0.12072895969471736, 0.33954035568933183], [0.35829440805235824, 0.20036182978459177, 0.13541617458409008, 0.30592758757895994], [0.4436384335208898, 0.2788207993214696, 0.07444627296548088, 0.2030944941921597], [0.09581105881300286, 0.626850601709686, 0.07670468751888782, 0.20063365195842325], [0.1351680586923614, 0.20273770070034736, 0.3087454975605254, 0.353348743046766], [0.2188032604906789, 0.35283229526102594, 0.24024421413239913, 0.18812023011589604], [0.1080807420694684, 0.5971206478484132, 0.11418964872073493, 0.1806089613613834]]}, "rewritten": {"ids": ["97105580", "97107821", "97109080", "97109570", "97112170", "97116790", "98106560", "98109090", "98113881", "98116090", "98121790", "99107560", "99107640", "99108000", "99108580", "99109311", "99109370", "99111620", "99111930", "99112531", "99112840", "99114890", "99117630", "100109890", "100120780", "101108370", "101111140", "101111310", "101112160", "101112690", "101113210", "101115190", "101117580", "102107961", "102109840", "102110050", "102110690", "102111990", "103109021", "103109641", "103109791", "103110760", "103111110", "103111930", "103120290", "104110960", "104111380", "104113000", "104114230", "104114240", "104114410", "104114740", "104116441", "104119290", "105112130", "105113210", "105113260", "105113480", "105114220", "105115380", "105115680", "105116501", "105117200", "105121190", "106114011", "106115250", "106116640", "106119580", "106119990", "107113130", "107113550", "107113840", "107114140", "107114200", "107114321", "107114621", "107115140", "107116300", "107116501", "107118520", "107118820", "107119950", "108113480", "108114200", "108114670", "108115070", "108115500", "108115570", "108118291", "108118810", "108119510", "108121190", "109114270", "109115380", "109116441", "109117150", "109117271", "109117600", "109118231", "109119591", "109120150", "109121410", "110114561", "110117110", "110117200", "110118111", "110119891", "110120700", "111115770", "111116110", "111116640", "111117120", "111117200", "111118910", "111119250", "111119950", "111121930", "112116640", "112116810", "112117431", "112117571", "112117660", "112118550", "112119120", "112119930", "112119980", "112120630", "112121030", "112121430", "113117401", "113118511", "113118820", "113119300", "113119320", "113119930", "113120070", "113120260", "113120531", "113121010", "113122190", "113122430", "113122510"], "labels": [1, 2, 2, 0, 0, 2, 1, 1, 3, 0, 2, 1, 1, 2, 0, 1, 1, 3, 1, 3, 2, 2, 3, 3, 1, 1, 2, 3, 3, 1, 3, 1, 3, 3, 2, 3, 0, 2, 0, 1, 3, 1, 3, 3, 2, 2, 3, 1, 2, 0, 1, 2, 1, 1, 1, 3, 3, 0, 3, 1, 2, 1, 3, 2, 1, 2, 3, 3, 0, 1, 0, 3, 2, 2, 0, 0, 0, 0, 1, 2, 3, 3, 0, 0, 3, 1, 3, 3, 3, 1, 1, 1, 3, 3, 3, 2, 0, 1, 1, 0, 2, 0, 0, 0, 3, 1, 3, 2, 3, 3, 0, 2, 0, 0, 1, 0, 1, 0, 3, 0, 3, 0, 3, 1, 1, 0, 3, 0, 2, 3, 1, 0, 1, 1, 1, 2, 3, 0, 2, 1, 2, 2], "predicted_labels": [3, 0, 3, 0, 3, 1, 0, 0, 0, 0, 0, 1, 0, 0, 0, 0, 0, 0, 3, 3, 1, 0, 3, 0, 0, 0, 3, 0, 0, 0, 3, 0, 0, 0, 0, 3, 0, 0, 0, 1, 0, 0, 0, 0, 3, 0, 3, 1, 3, 0, 0, 0, 0, 1, 0, 0, 0, 3, 0, 0, 1, 0, 3, 0, 0, 0, 0, 1, 0, 0, 0, 1, 1, 0, 0, 0, 0, 0, 0, 0, 3, 3, 3, 3, 0, 3, 0, 1, 1, 0, 1, 3, 0, 0, 3, 0, 0, 0, 0, 3, 0, 3, 1, 0, 0, 3, 0, 3, 0, 3, 0, 0, 0, 0, 0, 1, 0, 0, 3, 0, 1, 0, 0, 3, 0, 0, 0, 0, 0, 3, 0, 3, 3, 3, 3, 0, 0, 3, 3, 1, 1, 0], "confidence_scores": [[0.3267262045672858, 0.191052538906026, 0.08054660826013094, 0.4016746482665573], [0.3152723871089054, 0.22461785441413384, 0.17755699623959306, 0.2825527622373677], [0.252228704949367, 0.26676776793275386, 0.156185864778477, 0.3248176623394023], [0.3155839246457227, 0.25147136893665134, 0.16740076261960424, 0.26554394379802176], [0.2957682368107369, 0.25594108129151266, 0.14131353670825203, 0.3069771451894984], [0.14594572951263549, 0.6575363523665158, 0.06529439120883435, 0.13122352691201444], [0.37728803062277233, 0.2265703427158709, 0.14443141233504683, 0.25171021432631], [0.5079279908043914, 0.1799924231523662, 0.13541308138657981, 0.17666650465666267], [0.3425405342286179, 0.17549076819496198, 0.25621694064894346, 0.22575175692747657], [0.3035656642328369, 0.2813238449354552, 0.14295029316652955, 0.27216019766517857], [0.3158554780253809, 0.268962824421656, 0.16451895104144854, 0.2506627465115145], [0.2510574767427684, 0.3462523622134389, 0.13345526904521102, 0.2692348919985814], [0.3369733628981842, 0.28102098783340407, 0.1316904872044753, 0.2503151620639363], [0.3970446044868112, 0.20576989793820002, 0.16016594892434696, 0.23701954865064181], [0.2638921614240546, 0.25460177595795574, 0.23066577412565473, 0.2508402884923349], [0.4182775773567321, 0.20739303424677444, 0.09846790860239296, 0.27586147979410075], [0.3540769777223912, 0.24605314867052602, 0.17545824424655287, 0.2244116293605302], [0.35062010327326626, 0.260729393236241, 0.15792452898851142, 0.23072597450198148], [0.2744175318885664, 0.24087838450493174, 0.17783289179361406, 0.3068711918128879], [0.30424059311140644, 0.26502827430122544, 0.10744026329277855, 0.32329086929458956], [0.3191596663715292, 0.3826909243181898, 0.11104437377480436, 0.18710503553547667], [0.3104069094013688, 0.20949496922531763, 0.17868872238355427, 0.30140939898975927], [0.19349536426023664, 0.16748664161304128, 0.09689485183765588, 0.5421231422890662], [0.4447002617937485, 0.25436212354222487, 0.1041950283278944, 0.1967425863361322], [0.3482783375659818, 0.19782427612962117, 0.13739768291608687, 0.31649970338831], [0.5045627926412645, 0.20552665600841316, 0.11086260180791571, 0.1790479495424067], [0.28144790988470214, 0.21616591717657868, 0.11148219316980718, 0.390903979768912], [0.3031819282123449, 0.2525942882457171, 0.15212962281974676, 0.29209416072219113], [0.40162253536344267, 0.2018294144543032, 0.17184919871731447, 0.2246988514649398], [0.36654118295899185, 0.18549986274519253, 0.15156795539311105, 0.29639099890270465], [0.2680766456505028, 0.23620424112487334, 0.15960223600266474, 0.33611687722195904], [0.43838779807233336, 0.2036086736489157, 0.13380279744482657, 0.2242007308339244], [0.35879774893032024, 0.23280043958443092, 0.14659097652556347, 0.2618108349596855], [0.4478813629033625, 0.22257777342572985, 0.10097661079565122, 0.2285642528752565], [0.45988012403269873, 0.23448866076872896, 0.10749285296453248, 0.1981383622340398], [0.2755279779584813, 0.25385467120580185, 0.1851451422382399, 0.28547220859747685], [0.4263021612696643, 0.2196485734153555, 0.13649828923375548, 0.2175509760812247], [0.4225269087798369, 0.3088524662834342, 0.09122758585557793, 0.17739303908115098], [0.42087057301407926, 0.2248461546755272, 0.11793144274769342, 0.23635182956270012], [0.2814025017679401, 0.32999685298583803, 0.13176795033728175, 0.25683269490894006], [0.3966911508718264, 0.13855982961360316, 0.07811797046883107, 0.3866310490457393], [0.4557063920962625, 0.16479564706756275, 0.1425041853454354, 0.23699377549073933], [0.5051174765712748, 0.15809116367324016, 0.09747891143563842, 0.23931244831984663], [0.3876434334930651, 0.2720037781133484, 0.10151307190745314, 0.23883971648613328], [0.18195678050430117, 0.24134389540866336, 0.19578813776992232, 0.3809111863171131], [0.30878864778404713, 0.2830778764068276, 0.13836165954452234, 0.2697718162646029], [0.20955109275989908, 0.2807688653455429, 0.10022457111707733, 0.40945547077748057], [0.26353837560326254, 0.46569314451320654, 0.11372636633825556, 0.15704211354527525], [0.201376745419363, 0.27684388110412655, 0.15660439830871614, 0.3651749751677944], [0.5290312926438119, 0.16865498325974732, 0.1526414104390126, 0.1496723136574281], [0.39099645198465527, 0.29430985507720425, 0.1078636676695654, 0.20683002526857516], [0.40862310825756165, 0.18643027930649864, 0.11973360039919957, 0.2852130120367402], [0.39104814452592646, 0.21326787026420896, 0.1554612576188537, 0.24022272759101093], [0.2636667278108025, 0.3552440935225933, 0.18399829271104987, 0.19709088595555435], [0.4231591654669523, 0.23062811541642778, 0.13105162226527242, 0.21516109685134752], [0.36232951922305084, 0.22343631779889497, 0.13730430325053863, 0.27692985972751555], [0.41930630057354046, 0.28303148710867965, 0.10051806242782924, 0.19714414988995077], [0.3070162071100837, 0.17593844639024758, 0.17298859482912335, 0.3440567516705453], [0.5688593990445827, 0.1715990892561404, 0.0890536597060642, 0.1704878519932126], [0.3738702590318479, 0.2596133710357796, 0.12106388207873597, 0.24545248785363658], [0.2903462845941673, 0.4034667972200909, 0.11794665023383291, 0.18824026795190882], [0.37813507015898945, 0.2506597337040612, 0.14196296731450214, 0.22924222882244732], [0.29247083156628356, 0.25221768312046067, 0.1508944658949518, 0.3044170194183039], [0.37577729282959976, 0.20410466114755746, 0.12467553956118907, 0.2954425064616538], [0.39504856683845607, 0.23279513423338538, 0.12107795833247448, 0.25107834059568407], [0.37599106501939045, 0.2934139777838289, 0.09156006482710355, 0.23903489236967712], [0.4715754977379779, 0.22021000116937925, 0.09855850578647013, 0.20965599530617274], [0.2141052373073111, 0.5162811254525044, 0.07802832633927917, 0.1915853109009052], [0.36020342931492855, 0.2629215821215672, 0.13873459987515444, 0.23814038868834997], [0.32662904406954885, 0.26991425041814965, 0.13883392676822465, 0.2646227787440769], [0.4125274951732952, 0.1783561886010678, 0.14705728407136165, 0.26205903215427534], [0.299672845157788, 0.3032403031909976, 0.14745047400488626, 0.24963637764632832], [0.24264901798072824, 0.3101548306486111, 0.1605860804884291, 0.2866100708822316], [0.3480090175086873, 0.1963608474187509, 0.12268909022947297, 0.33294104484308884], [0.3556042933443606, 0.23884530906815027, 0.12225533055873539, 0.2832950670287538], [0.36651719532274557, 0.26910978764779664, 0.12941514274825094, 0.2349578742812069], [0.3469021619354055, 0.22927410776920404, 0.14325377011329624, 0.2805699601820942], [0.40605666673689617, 0.22088726995645955, 0.15069600569777727, 0.22236005760886707], [0.36137739133862207, 0.22690977069428395, 0.12565858166797317, 0.28605425629912085], [0.3892787400002593, 0.1577707172818648, 0.1118533063946893, 0.34109723632318656], [0.2657312486959749, 0.2860379432724626, 0.1557929253343209, 0.2924378826972414], [0.25641687993806184, 0.26014361177825374, 0.1363575634296756, 0.3470819448540089], [0.31852727223673816, 0.16927566516976678, 0.16082858621512422, 0.3513684763783707], [0.25540109233968245, 0.1686314128471724, 0.11313900080013845, 0.4628284940130068], [0.39888046515326553, 0.20443528843422326, 0.13900347347135042, 0.25768077294116065], [0.28104851730953045, 0.269944200483078, 0.13284952016569396, 0.3161577620416976], [0.3644702741372564, 0.24812753797772155, 0.17178885588844367, 0.21561333199657864], [0.20616098811543737, 0.44678083559356835, 0.11562407453130345, 0.23143410175969092], [0.27642076417389305, 0.35508751370954833, 0.18640731248417405, 0.18208440963238476], [0.455989394989028, 0.17011901979099187, 0.15165465408566187, 0.22223693113431833], [0.25150308902247587, 0.33374454564107375, 0.10866343963953426, 0.3060889256969161], [0.29731634360947395, 0.23840266562976775, 0.12375631836518632, 0.3405246723955718], [0.4285817444591614, 0.18466753697989952, 0.12600973843316302, 0.26074098012777625], [0.56197454903859, 0.16460075567805887, 0.08359231883461736, 0.18983237644873371], [0.26879744420316987, 0.24342941845953295, 0.12767833440421902, 0.3600948029330781], [0.3297669380010495, 0.2742693419259796, 0.15842483608870472, 0.23753888398426637], [0.3539629881896281, 0.19920924025968478, 0.11667869393981409, 0.33014907761087303], [0.35046103171306586, 0.3020885114853777, 0.12559142372160645, 0.2218590330799501], [0.44302900037520665, 0.21291996953706346, 0.19721133119327136, 0.1468396988944583], [0.3417473289934007, 0.18701277815363354, 0.12289669406732649, 0.3483431987856394], [0.37555769478938716, 0.23779581094258095, 0.1984288004524479, 0.18821769381558395], [0.2498821985233548, 0.2936278572691588, 0.14629194308631094, 0.3101980011211755], [0.22825057279566097, 0.3416990601706932, 0.13789277694463828, 0.2921575900890076], [0.3835869318259973, 0.24549733963197684, 0.11650155222863501, 0.2544141763133909], [0.48154487203672985, 0.12676223442616355, 0.08023887630280245, 0.31145401723430405], [0.2029539186106553, 0.1753534525415382, 0.22035661605915405, 0.4013360127886525], [0.3786153740362843, 0.16229708195718068, 0.09079203543561354, 0.3682955085709215], [0.1998903923939356, 0.16393652866805578, 0.12420545129800356, 0.5119676276400053], [0.39687700477920085, 0.20695873591540118, 0.1393340220423826, 0.25683023726301524], [0.2749399172882974, 0.13572417664499567, 0.07067348508742463, 0.5186624209792824], [0.43521436177392303, 0.16993728880124537, 0.12290751234413413, 0.27194083708069744], [0.3357704087832061, 0.2666336800740036, 0.1717005393334676, 0.22589537180932262], [0.37419111321236775, 0.22232073834433322, 0.13579880776970346, 0.2676893406735956], [0.44324306184348033, 0.2064496679365381, 0.12310279615605363, 0.22720447406392794], [0.5788301392494989, 0.1859221899914466, 0.08447871068861192, 0.15076896007044274], [0.22295883179816578, 0.39513927359129036, 0.12199033833403738, 0.25991155627650653], [0.32144202408881856, 0.2876423765655491, 0.12715208573282993, 0.26376351361280254], [0.35814154551492566, 0.23822050495785405, 0.14870551143046482, 0.2549324380967555], [0.27058192364764516, 0.2310290922690122, 0.13084501044434596, 0.36754397363899677], [0.3375079616472561, 0.22865676348033737, 0.1357107047645797, 0.298124570107827], [0.24062837796474265, 0.2638268556939015, 0.23197067125817877, 0.263574095083177], [0.35913410353741054, 0.18454066990683896, 0.12272946874105789, 0.33359575781469286], [0.5454899228123621, 0.15874577651883245, 0.10161497625520637, 0.194149324413599], [0.254197409072065, 0.26288966981983614, 0.16256814159039845, 0.32034477951770046], [0.3764601931416014, 0.17005705779459235, 0.20364487506719928, 0.24983787399660717], [0.37360127660779663, 0.25579323913417323, 0.11395980884590708, 0.256645675412123], [0.45817606518422777, 0.178925299857636, 0.0934374105793104, 0.2694612243788258], [0.4086483034588851, 0.20211820124577562, 0.11447111657349981, 0.27476237872183956], [0.44192703080681045, 0.2172505766040152, 0.09240318683478675, 0.24841920575438764], [0.296420914223935, 0.18960184969858715, 0.1973006461490276, 0.3166765899284503], [0.33704870689594735, 0.26780150719404683, 0.15593235105895867, 0.23921743485104727], [0.18774435559817426, 0.1956667323547655, 0.09988332866856485, 0.5167055833784954], [0.2741701952520825, 0.19189926972573473, 0.10688632020080913, 0.4270442148213736], [0.31083707475983907, 0.22733036607606444, 0.14105193065022723, 0.3207806285138694], [0.1936048027124926, 0.2798071421817048, 0.10253839893033014, 0.4240496561754725], [0.35693875460722707, 0.23921200808159473, 0.12783443246553788, 0.27601480484564067], [0.4109314583409732, 0.23463042274223167, 0.08773481006426848, 0.2667033088525266], [0.29588500454213157, 0.25615351996275915, 0.11616924299842543, 0.33179223249668394], [0.23255593632594015, 0.2465886109564684, 0.10805369678982041, 0.41280175592777113], [0.2852085985288587, 0.35237200225460746, 0.12731173460851072, 0.23510766460802296], [0.26191858268196483, 0.34150503536027915, 0.13414569941238413, 0.2624306825453719], [0.41580291126019825, 0.327423592576852, 0.08527367631537444, 0.17149981984757534]]}}