{"test": {"ids": ["113120640", "102121440", "113118870", "106120640", "111121220", "100109360", "110115140", "100108990", "106117790", "111118810", "106115240", "101112690", "108113700", "109116170", "99117630", "99116500", "108120700", "111119150", "97108520", "104109311", "100111270", "97106770", "110120540", "111118910", "103111110", "97116500", "97107950", "111115620", "107113840", "105119950", "108120060", "103113170", "106114011", "113118630", "103113610", "99108890", "98107340", "105117431", "110115710", "98111620", "100110260", "98121790", "106119580", "100120780", "104113000", "99107660", "111120531", "107117010", "110116501", "108114360", "108118630", "108117451", "97116800", "99109161", "105115900", "101112201", "113118111", "113117401", "111116100", "97107920", "108113480", "100113370", "104116441", "111120220", "111119610", "112118860", "111116290", "105113330", "104111380", "109114220", "105120280", "108121190", "108114220", "99108710", "102116500", "108121160", "104119290", "113117630", "110121170", "103111170", "109113931", "111115400", "112120700", "97107260", "110121140", "110118930", "106121220", "105116650", "103120290", "105121190", "97114170", "105115570", "108118060", "107114140", "110119300", "107119130", "109118231", "113122510", "107118490", "99107500", "108117720", "112119580", "101111310", "110118111", "106120290", "109114720", "100108580", "98120010", "97106000", "106116441", "101108950", "99108310", "104110960", "102110500", "112119610", "113119480", "103120531", "101108121", "113118511", "107120880", "111119290", "111114941", "108114040", "110120531", "108118520", "112117461", "113118620", "113119340", "112118530", "101108370", "109120540", "108116120", "98108970", "113122150", "97109570", "100110050", "103112641", "100108260", "110120560", "97110950", "98106680", "108113620"], "labels": [0, 2, 0, 3, 3, 0, 0, 2, 1, 0, 1, 1, 0, 0, 3, 2, 2, 3, 2, 3, 2, 3, 1, 0, 3, 2, 2, 1, 3, 3, 1, 3, 1, 3, 2, 0, 0, 1, 2, 3, 3, 2, 3, 1, 1, 3, 0, 1, 3, 1, 1, 2, 0, 3, 3, 0, 1, 3, 3, 0, 0, 3, 1, 3, 2, 3, 2, 3, 3, 3, 3, 1, 3, 2, 1, 2, 1, 0, 2, 2, 1, 0, 2, 2, 3, 1, 1, 1, 2, 2, 2, 0, 1, 2, 1, 1, 1, 2, 2, 0, 1, 3, 3, 1, 2, 0, 0, 2, 0, 0, 2, 2, 2, 3, 0, 3, 3, 0, 1, 1, 3, 0, 0, 0, 0, 0, 3, 0, 1, 1, 1, 1, 3, 2, 0, 3, 3, 3, 0, 3, 1, 3], "predicted_labels": [2, 3, 1, 3, 1, 3, 3, 3, 1, 0, 0, 3, 1, 2, 0, 1, 1, 1, 2, 2, 1, 0, 0, 3, 3, 0, 1, 3, 1, 3, 1, 1, 1, 3, 2, 1, 2, 3, 0, 2, 0, 1, 1, 3, 1, 0, 1, 1, 1, 2, 3, 3, 3, 1, 1, 0, 1, 0, 1, 0, 3, 3, 1, 3, 3, 3, 2, 0, 1, 0, 1, 1, 1, 1, 2, 1, 1, 0, 3, 0, 1, 3, 2, 1, 0, 3, 3, 3, 1, 2, 2, 1, 3, 1, 3, 3, 1, 2, 3, 0, 0, 3, 1, 0, 3, 1, 1, 1, 2, 1, 0, 2, 1, 0, 1, 3, 0, 0, 0, 3, 1, 1, 3, 0, 0, 3, 1, 1, 2, 1, 1, 1, 3, 3, 1, 1, 0, 2, 2, 0, 3, 3], "confidence_scores": [[0.20597497185313024, 0.2606410747410415, 0.2675652126317608, 0.26581874077406736], [0.24671124016734494, 0.199068318249687, 0.16188422705036695, 0.39233621453260126], [0.08665478839459509, 0.5818131331998492, 0.16295150502664138, 0.16858057337891438], [0.11495316080787171, 0.20402440861463605, 0.08104165235896134, 0.5999807782185309], [0.23923434856637696, 0.35099190783938544, 0.10819586523700117, 0.3015778783572365], [0.2203863317084469, 0.2667678030744988, 0.10707412129101775, 0.4057717439260366], [0.3021899965258515, 0.2698560635148674, 0.09093176672610892, 0.3370221732331722], [0.17016621071304497, 0.2610509591796522, 0.15941351072155474, 0.4093693193857481], [0.20005555417210202, 0.31695815364787683, 0.21581865636859832, 0.26716763581142283], [0.5103747549147534, 0.18338851193910383, 0.10151173243060116, 0.2047250007155417], [0.3306391812071349, 0.19843642579835, 0.2299395515576748, 0.24098484143684035], [0.22773151597236063, 0.21582127846914445, 0.19856005940615376, 0.35788714615234124], [0.18105993544324603, 0.4340989676327278, 0.15262394265348236, 0.2322171542705439], [0.23817923429208268, 0.20130662211382974, 0.33839866364720417, 0.22211547994688335], [0.3725068427346208, 0.25120751254781043, 0.16538606086859733, 0.21089958384897126], [0.11093047918476232, 0.4235518405143948, 0.23985936359924256, 0.2256583167016003], [0.24834020392243986, 0.3905950975314088, 0.13794871812176357, 0.22311598042438785], [0.2982823850412879, 0.3152904866251357, 0.19378799029797972, 0.19263913803559682], [0.22587903758208389, 0.23459964662940555, 0.2748200152424665, 0.2647013005460441], [0.3376326177056207, 0.1522168170311205, 0.36882907286921546, 0.14132149239404365], [0.12785118623496328, 0.36137556340876104, 0.1508681250631178, 0.35990512529315805], [0.3509269092068457, 0.25160795165948446, 0.18848910053644033, 0.20897603859722935], [0.2998585741264149, 0.26259422806569666, 0.19279049896112238, 0.24475669884676618], [0.18082991451154098, 0.241448112216594, 0.11324316064565564, 0.4644788126262094], [0.0861369063266025, 0.1824096220448055, 0.13990450220440973, 0.5915489694241823], [0.4283110419322391, 0.23401429921325956, 0.16424156568190346, 0.17343309317259778], [0.15136310411760945, 0.5323694556111339, 0.05913938720025892, 0.2571280530709977], [0.15090502846278414, 0.20690479932786404, 0.17578422442673494, 0.46640594778261685], [0.18604997524487124, 0.42848265605389857, 0.14358274546468897, 0.24188462323654128], [0.24038404698604535, 0.23711689358488816, 0.20206851322249678, 0.3204305462065696], [0.13961467515669426, 0.5345384119726135, 0.1387363625574647, 0.18711055031322757], [0.27260651965634713, 0.3016802631267193, 0.16480134583685824, 0.2609118713800753], [0.1876436350647472, 0.3829318159145255, 0.28323054099434736, 0.1461940080263799], [0.17168227773315553, 0.26445638107387914, 0.11194659797262438, 0.4519147432203408], [0.17733516835918098, 0.18848976347873225, 0.5036869565003355, 0.13048811166175137], [0.2504453335972201, 0.3510123927548059, 0.08940392834788549, 0.3091383453000886], [0.20843790848307692, 0.17464693585913632, 0.48505070176930865, 0.13186445388847828], [0.23784568865211628, 0.211982181428936, 0.18453816944686563, 0.3656339604720822], [0.3503212935203178, 0.23476434362455129, 0.2161323490800469, 0.19878201377508412], [0.07471881795011705, 0.1156142182104527, 0.6839872771958962, 0.1256796866435341], [0.4655007477666707, 0.28619648000923253, 0.09150407927267175, 0.15679869295142504], [0.19314151409997662, 0.29636786722378866, 0.23542179136770297, 0.2750688273085319], [0.11695719224128998, 0.4111062412962931, 0.21345004744989562, 0.2584865190125214], [0.22124385806202412, 0.17709148108397102, 0.10893044672676036, 0.49273421412724444], [0.178165687711886, 0.3851635430482426, 0.14234735163786677, 0.2943234176020046], [0.5091565480549625, 0.1773066514467881, 0.08981199212005236, 0.2237248083781971], [0.1827720305088572, 0.41431317022370245, 0.055621263239215256, 0.34729353602822505], [0.15752576475445135, 0.515041213523537, 0.1506792915433004, 0.17675373017871107], [0.26248998719444866, 0.39429653040798224, 0.08861183159158989, 0.2546016508059792], [0.15003702972083424, 0.21859959146421334, 0.4844902477995648, 0.14687313101538757], [0.14954271102199337, 0.21617986949529222, 0.24425501723984108, 0.3900224022428733], [0.30188992087706745, 0.2826218944495585, 0.09545527982571012, 0.320032904847664], [0.3040675643023651, 0.2129876296445364, 0.11380849858110974, 0.36913630747198894], [0.23605712813186028, 0.46216744059628406, 0.10844047209506251, 0.1933349591767932], [0.17684146678969562, 0.3678290600995948, 0.25900560852143706, 0.1963238645892724], [0.3691241601007875, 0.26975850989701844, 0.10879896218274392, 0.2523183678194502], [0.23783441756224288, 0.33413376261539113, 0.12828306273674353, 0.2997487570856225], [0.3408577830129502, 0.3314548354331317, 0.10552075573829003, 0.22216662581562802], [0.29080007782626743, 0.3439816660864419, 0.09156880082226898, 0.2736494552650217], [0.5031145811428763, 0.15840642637463567, 0.20857585376571697, 0.12990313871677112], [0.1892982557151823, 0.25177268778385814, 0.10649603479789156, 0.452433021703068], [0.22815580049966291, 0.27198564249926466, 0.13493788802334633, 0.3649206689777261], [0.2790968879086068, 0.4290916408204121, 0.1022390289082494, 0.18957244236273157], [0.3022051004602231, 0.20422158523042777, 0.08811441172011532, 0.40545890258923367], [0.1617891519508985, 0.1485149674520677, 0.10559000426131668, 0.5841058763357172], [0.22348750322020383, 0.2748202236778504, 0.16896166549344846, 0.3327306076084972], [0.14458267486842447, 0.2136599828916101, 0.36722178468284467, 0.2745355575571209], [0.3067603923969886, 0.2868328725529357, 0.12907961161584178, 0.27732712343423394], [0.19560237851955356, 0.4494423759361229, 0.09350750026009762, 0.2614477452842261], [0.34379273797063503, 0.1457231217225386, 0.20281260759171302, 0.3076715327151133], [0.22853277091511937, 0.37311104838813874, 0.10600950404604996, 0.29234667665069186], [0.13256809711548, 0.3721701829852616, 0.3339334321400121, 0.16132828775924615], [0.34567056783235556, 0.3827286068001676, 0.14310872613427214, 0.1284920992332048], [0.19856020129895646, 0.3382516450033092, 0.15342931803992954, 0.30975883565780493], [0.2450249170179274, 0.20466160113825657, 0.27570410247897764, 0.27460937936483837], [0.18254095106750687, 0.3101115344941532, 0.22109869715756533, 0.28624881728077456], [0.238013099554179, 0.3407612022951643, 0.12269180637074534, 0.2985338917799114], [0.3854913436628025, 0.3016532289966524, 0.0987843809130071, 0.2140710464275379], [0.3275127559282165, 0.20298180315883654, 0.05565580907764779, 0.4138496318352992], [0.321877688388191, 0.22170061570039343, 0.23633238042798965, 0.22008931548342608], [0.18755984296423228, 0.4090562587408893, 0.09158613036725609, 0.31179776792762237], [0.20387585317856705, 0.23236966398458123, 0.18737455171216882, 0.37637993112468304], [0.07616332978851753, 0.19468098564698036, 0.49691275083112124, 0.23224293373338092], [0.24171453308009785, 0.27333377295670225, 0.2578603094895585, 0.22709138447364155], [0.40777820777699253, 0.3683104815625611, 0.10050325313972143, 0.12340805752072502], [0.22114222628210314, 0.2780814617115316, 0.12745962920502077, 0.3733166828013446], [0.17758229054911528, 0.16728549756606814, 0.08674458167377493, 0.5683876302110417], [0.186948984798635, 0.3234162784853704, 0.1176151969672012, 0.3720195397487936], [0.1267018605735993, 0.32571894482479713, 0.2608560401294982, 0.2867231544721055], [0.13738489708971235, 0.18466649350636943, 0.5353267809227057, 0.14262182848121246], [0.24176734931740676, 0.22619812815584195, 0.3666799985170112, 0.16535452400974016], [0.2089225366436672, 0.5215838761673068, 0.06186145651671904, 0.20763213067230699], [0.17380661150361604, 0.28752763144342064, 0.22663746224348283, 0.31202829480948047], [0.1390236558313157, 0.3376610821466909, 0.27468221672241244, 0.24863304529958088], [0.15086446976561288, 0.12303851883134774, 0.1458330054924002, 0.5802640059106392], [0.10075281689277318, 0.3263599189076455, 0.11017996507400837, 0.462707299125573], [0.31756733319575403, 0.3819526779299825, 0.1173590712139589, 0.1831209176603046], [0.18501028085090246, 0.2816154094709208, 0.3256754247056387, 0.20769888497253805], [0.12398695883321233, 0.2831572432549613, 0.2598570925783402, 0.33299870533348613], [0.30694488175389284, 0.2865534877752906, 0.19043805714029494, 0.21606357333052176], [0.3224890575256637, 0.26481948700706043, 0.10724223922298425, 0.3054492162442917], [0.246086301380323, 0.2345370999948545, 0.13863296787563426, 0.3807436307491884], [0.1593685022769945, 0.5245948578881505, 0.13579857952960095, 0.18023806030525405], [0.3580609169320096, 0.2962450112184661, 0.12165866103246324, 0.22403541081706127], [0.16669668146568606, 0.22085457050751237, 0.11968633648329836, 0.4927624115435034], [0.131842327617775, 0.5384973855373615, 0.1094155658928055, 0.22024472095205785], [0.22827720399282847, 0.35035375195292007, 0.24637529447032244, 0.17499374958392894], [0.1728647881537023, 0.37125200554774324, 0.264197470885067, 0.1916857354134873], [0.11499004078148128, 0.1504362510498306, 0.5813676070575843, 0.15320610111110375], [0.1873969986068538, 0.5354981529045074, 0.0731068523080927, 0.20399799618054598], [0.3395356503343637, 0.27911310589104493, 0.10424882457375015, 0.2771024192008414], [0.18331415975583423, 0.27795998408825634, 0.3438091175154857, 0.19491673864042375], [0.2689020642981551, 0.3608207092606094, 0.18730288625044159, 0.18297434019079398], [0.3896143881551208, 0.20744494200942687, 0.1215846518723183, 0.28135601796313403], [0.18639850160232246, 0.421729520282533, 0.15271848523262932, 0.23915349288251528], [0.23088988622904602, 0.2644775475661298, 0.1722447438604129, 0.3323878223444112], [0.4332511481249314, 0.17240486714197473, 0.08399161537184334, 0.31035236936125044], [0.40347850929284207, 0.18247802342126507, 0.18421858841843938, 0.22982487886745354], [0.38666905902925536, 0.3062136607765208, 0.08678986656128329, 0.22032741363294064], [0.13548582193936481, 0.32086034060018204, 0.1589690581877955, 0.38468477927265765], [0.23641054666012476, 0.30765302457229904, 0.1846289173845824, 0.2713075113829938], [0.27851440214686146, 0.37274007078604915, 0.11617775578373975, 0.23256777128334968], [0.24294778738581732, 0.31267705075696584, 0.12580025640193562, 0.3185749054552812], [0.39103496780067165, 0.2379934291614091, 0.10219802298178775, 0.26877358005613156], [0.3877635731075246, 0.2235096996037185, 0.1326167442296179, 0.2561099830591391], [0.2512288385533582, 0.22161654995960647, 0.08157416958733128, 0.4455804418997041], [0.21720441264001686, 0.3635187024926343, 0.23154846177662203, 0.18772842309072696], [0.2720310568402914, 0.3701363526141849, 0.1166473958174121, 0.24118519472811162], [0.20140588405703944, 0.18705795882136353, 0.4640266443553564, 0.14750951276624058], [0.3383332011425156, 0.3824433423819507, 0.0844322469483512, 0.19479120952718265], [0.22044830395751192, 0.3692813869685622, 0.1727614935235212, 0.23750881555040476], [0.29178763392792134, 0.3072264624628879, 0.14267454343410477, 0.258311360175086], [0.21546908437594367, 0.2697161672452271, 0.21679599335992478, 0.2980187550189044], [0.17291939953791152, 0.35776539385543765, 0.10298183886257034, 0.36633336774408043], [0.2790601745183959, 0.3177251583865974, 0.10556440627069152, 0.2976502608243153], [0.1613481100282896, 0.39570567661224787, 0.28003366035687083, 0.16291255300259178], [0.3204197805863665, 0.28262190142614496, 0.13002171429962175, 0.26693660368786687], [0.17547700865620008, 0.286470071087007, 0.3494517774117535, 0.1886011428450394], [0.10084831009618175, 0.10117744864647145, 0.641127592265003, 0.15684664899234368], [0.37890833674904495, 0.26914192867007597, 0.2120954287837986, 0.13985430579708055], [0.2627465784253641, 0.30549363365697585, 0.08659456168875054, 0.3451652262289095], [0.23499062825281486, 0.25118537539907143, 0.13169458385595753, 0.3821294124921562]]}, "rewritten": {"ids": ["97106000", "97106770", "97107260", "97107920", "97107950", "97108520", "97109570", "97110950", "97114170", "97116500", "97116800", "98106680", "98107340", "98108970", "98111620", "98120010", "98121790", "99107500", "99107660", "99108310", "99108710", "99108890", "99109161", "99116500", "99117630", "100108260", "100108580", "100108990", "100109360", "100110050", "100110260", "100111270", "100113370", "100120780", "101108121", "101108370", "101108950", "101111310", "101112201", "101112690", "102110500", "102116500", "102121440", "103111110", "103111170", "103112641", "103113170", "103113610", "103120290", "103120531", "104109311", "104110960", "104111380", "104113000", "104116441", "104119290", "105113330", "105115570", "105115900", "105116650", "105117431", "105119950", "105120280", "105121190", "106114011", "106115240", "106116441", "106117790", "106119580", "106120290", "106120640", "106121220", "107113840", "107114140", "107117010", "107118490", "107119130", "107120880", "108113480", "108113620", "108113700", "108114040", "108114220", "108114360", "108116120", "108117451", "108117720", "108118060", "108118520", "108118630", "108120060", "108120700", "108121160", "108121190", "109113931", "109114220", "109114720", "109116170", "109118231", "109120540", "110115140", "110115710", "110116501", "110118111", "110118930", "110119300", "110120531", "110120540", "110120560", "110121140", "110121170", "111114941", "111115400", "111115620", "111116100", "111116290", "111118810", "111118910", "111119150", "111119290", "111119610", "111120220", "111120531", "111121220", "112117461", "112118530", "112118860", "112119580", "112119610", "112120700", "113117401", "113117630", "113118111", "113118511", "113118620", "113118630", "113118870", "113119340", "113119480", "113120640", "113122150", "113122510"], "labels": [0, 3, 2, 0, 2, 2, 0, 3, 2, 2, 0, 1, 0, 3, 3, 2, 2, 0, 3, 2, 2, 0, 3, 2, 3, 3, 0, 2, 0, 3, 3, 2, 3, 1, 0, 1, 2, 3, 0, 1, 3, 1, 2, 3, 2, 3, 3, 2, 2, 3, 3, 2, 3, 1, 1, 1, 3, 0, 3, 1, 1, 3, 3, 2, 1, 1, 0, 1, 3, 2, 3, 1, 3, 2, 1, 2, 1, 1, 0, 3, 0, 0, 3, 1, 1, 2, 1, 1, 0, 1, 1, 2, 2, 1, 1, 3, 0, 0, 1, 1, 0, 2, 3, 1, 1, 1, 0, 1, 0, 3, 2, 0, 0, 1, 3, 2, 0, 0, 3, 3, 2, 3, 0, 3, 0, 1, 3, 3, 0, 2, 3, 0, 1, 1, 3, 3, 0, 0, 3, 0, 2, 2], "predicted_labels": [2, 0, 1, 0, 1, 3, 3, 0, 1, 1, 0, 1, 1, 2, 2, 3, 2, 3, 0, 1, 3, 1, 1, 1, 1, 1, 2, 3, 3, 1, 0, 2, 3, 3, 0, 0, 1, 3, 1, 3, 3, 2, 3, 0, 0, 0, 1, 2, 2, 3, 3, 1, 1, 1, 3, 1, 1, 0, 3, 2, 1, 3, 2, 2, 1, 0, 1, 1, 1, 1, 1, 3, 1, 1, 2, 1, 3, 3, 1, 1, 1, 2, 0, 2, 0, 1, 3, 3, 3, 2, 1, 0, 1, 2, 0, 2, 2, 0, 1, 1, 3, 0, 3, 1, 3, 1, 0, 0, 2, 1, 3, 0, 1, 3, 1, 1, 2, 3, 1, 3, 3, 1, 1, 3, 3, 2, 1, 0, 3, 2, 0, 1, 0, 1, 1, 3, 1, 1, 3, 3, 3, 1], "confidence_scores": [[0.20071239343179856, 0.2123673178498736, 0.42350485098047946, 0.16341543773784842], [0.28176308543065665, 0.22951085414240757, 0.2139287613881225, 0.27479729903881334], [0.14876048479769274, 0.32113728934623437, 0.2862882286670692, 0.24381399718900365], [0.2955650503179899, 0.2942357795568491, 0.12348102034974948, 0.28671814977541155], [0.27101411028769, 0.31749367556440933, 0.14403309420539773, 0.26745911994250304], [0.1822025855331273, 0.22227253653792028, 0.19959260141724042, 0.39593227651171214], [0.2079862621808545, 0.29070726736864094, 0.16999219259265613, 0.33131427785784834], [0.4413385344881935, 0.2109504016141244, 0.1697630914043264, 0.17794797249335564], [0.24124527694253153, 0.27379547765635115, 0.26685643154482175, 0.2181028138562956], [0.1733415204467993, 0.41789561305320305, 0.18534977300447394, 0.22341309349552377], [0.32829948969186734, 0.2771730532292916, 0.12095571282389528, 0.2735717442549458], [0.1772481496973956, 0.4726484352681258, 0.14560647821592712, 0.20449693681855138], [0.12200349217918897, 0.4815938442767769, 0.16523638078449335, 0.23116628275954076], [0.19551251067386125, 0.26836307341357596, 0.3677808497721696, 0.16834356614039325], [0.04249619219867187, 0.2834526413268362, 0.6141299589030264, 0.059921207571465684], [0.22509129978512044, 0.22948223676479068, 0.17833217783100203, 0.36709428561908697], [0.1141290499433914, 0.15036894827276415, 0.662874330339474, 0.07262767144437055], [0.2433552904649594, 0.2239754160204898, 0.18648332530176764, 0.3461859682127832], [0.3790206725730005, 0.19673018593858707, 0.23089749518070962, 0.19335164630770307], [0.15425745422705409, 0.3705159084208613, 0.22050681555964377, 0.2547198217924409], [0.18152487426275504, 0.2318689942237396, 0.20906390496258773, 0.3775422265509177], [0.18403028904088087, 0.3517304832410706, 0.14246854440825127, 0.3217706833097973], [0.19940820546427263, 0.39579720831468834, 0.1536862226000034, 0.25110836362103567], [0.15718709451544474, 0.49205495325310306, 0.0911965741746947, 0.2595613780567575], [0.2514462978849339, 0.25836693715877757, 0.2559742038050126, 0.23421256115127612], [0.2307700676364619, 0.4058805562663311, 0.11100727275163784, 0.2523421033455693], [0.1003932661159445, 0.22427328112219289, 0.5882111204517378, 0.08712233231012466], [0.09642589494554935, 0.3551272862072898, 0.18328570270402, 0.36516111614314095], [0.182817796377769, 0.3192950313955116, 0.11363916433565092, 0.38424800789106855], [0.12179300146840646, 0.34254394954514655, 0.2829172304613173, 0.25274581852512956], [0.5891598682790156, 0.19395534471921536, 0.09542831039154565, 0.1214564766102234], [0.15172128955104283, 0.2625040801810137, 0.4335959072758448, 0.1521787229920986], [0.14311713135564444, 0.3023774541728066, 0.18778449802444958, 0.36672091644709953], [0.21820694942880803, 0.14400618994082054, 0.08163765522633262, 0.5561492054040389], [0.32656448737460264, 0.3088526023939111, 0.1120693206523843, 0.2525135895791019], [0.3857040694611306, 0.320867033341452, 0.09343415675622545, 0.1999947404411921], [0.11037169095481614, 0.6232688057045537, 0.1765779706190813, 0.08978153272154883], [0.27095574510897097, 0.291752638140436, 0.1282389154919444, 0.3090527012586487], [0.18043513593134541, 0.6475210144073436, 0.04921692890958908, 0.1228269207517219], [0.15950628983125317, 0.3006597304437507, 0.10296319810050297, 0.43687078162449333], [0.31951765847650676, 0.17705405206567507, 0.15158169682046907, 0.35184659263734913], [0.2499608394280256, 0.15934479686403108, 0.4405739599454876, 0.15012040376245567], [0.2246881422248869, 0.18608695450974058, 0.17815342499462689, 0.4110714782707456], [0.34221491932380943, 0.22604514694348643, 0.16447014425823633, 0.2672697894744677], [0.5322196768466413, 0.19818147702471206, 0.07179806417173833, 0.19780078195690828], [0.33282788088489323, 0.31954289723367557, 0.0801372176757916, 0.2674920042056398], [0.16699727117215588, 0.37888026177793893, 0.21568606435509982, 0.2384364026948054], [0.17196433615835793, 0.24769097293970554, 0.40437270395087943, 0.1759719869510572], [0.08357031931716276, 0.3068551422700155, 0.4269143227635205, 0.1826602156493012], [0.28766520980518834, 0.18504447878635663, 0.0873939996950466, 0.43989631171340826], [0.1439549824708964, 0.2152237999972931, 0.0920111176253804, 0.5488100999064301], [0.15704583401650996, 0.48871964756949093, 0.18207830754269297, 0.1721562108713063], [0.18855232431772095, 0.5389671898804819, 0.10642461653341088, 0.16605586926838636], [0.2027240602722128, 0.4307784014984673, 0.10960530717760328, 0.25689223105171666], [0.3075734904584672, 0.24974982934360002, 0.11469926691065932, 0.3279774132872735], [0.13280809928528864, 0.5215996632253262, 0.08557159555553473, 0.2600206419338504], [0.2701676957377912, 0.3782426643104372, 0.11592634752968309, 0.23566329242208867], [0.38100028368958855, 0.29620343773090335, 0.11139562912106735, 0.21140064945844084], [0.20653775870293614, 0.28213354609066316, 0.16223691103212767, 0.3490917841742731], [0.2698613880771737, 0.18481549250138662, 0.29104816460340227, 0.25427495481803736], [0.11581126677709995, 0.39547639898671294, 0.34425837665795267, 0.14445395757823445], [0.18391830768677359, 0.23891150693938115, 0.08670679095363187, 0.49046339442021347], [0.24125119348381782, 0.2302150916772188, 0.2692091059327076, 0.2593246089062559], [0.06242512861228333, 0.08648873830688067, 0.741646065733649, 0.10944006734718704], [0.25322130269150894, 0.37318146298767163, 0.22584664917705077, 0.14775058514376876], [0.3143837573412036, 0.3028215634576018, 0.11179319789360724, 0.27100148130758733], [0.3423188559908727, 0.3875779246368085, 0.10487919005049125, 0.16522402932182753], [0.2864176944942037, 0.4177945971319073, 0.15567609873486762, 0.1401116096390215], [0.21336758895155494, 0.3576293486101409, 0.13788402981774994, 0.2911190326205543], [0.24756770865941077, 0.37780733589149595, 0.16468947187529306, 0.20993548357380032], [0.1262195287856653, 0.5618245364942178, 0.08564361174423844, 0.22631232297587844], [0.18361781968131258, 0.30018607956024523, 0.0868568950428513, 0.4293392057155909], [0.13182735208069007, 0.5240461402122348, 0.11799045092703536, 0.2261360567800397], [0.12767441920355024, 0.3506036700502163, 0.25400853295967746, 0.26771337778655596], [0.0683665909492569, 0.15225284170643208, 0.5794140339404624, 0.19996653340384862], [0.09085080189080352, 0.42469968505334615, 0.06064590876734554, 0.4238036042885047], [0.21459287066906677, 0.2536247122069102, 0.18855769604026265, 0.3432247210837605], [0.20683265008865714, 0.2831944530436343, 0.13715757599788259, 0.3728153208698259], [0.13474972878757344, 0.5490284749703532, 0.14344355288992391, 0.17277824335214942], [0.1802188819730088, 0.3621967076383487, 0.15933316216522964, 0.298251248223413], [0.16238257130101164, 0.4806575793533601, 0.11502100060166259, 0.2419388487439657], [0.18224108050996196, 0.2189731189746562, 0.3643350948103537, 0.23445070570502824], [0.4846097618793766, 0.1770672038155961, 0.13155234638864377, 0.20677068791638345], [0.1267836384497467, 0.23805153288584646, 0.3290951476101082, 0.30606968105429844], [0.3722180268498467, 0.2841737179695042, 0.14712024890809833, 0.19648800627255078], [0.3076398171011061, 0.3121096354700004, 0.10954995946902273, 0.2707005879598708], [0.2901020926604798, 0.23953209226472633, 0.14263316688075464, 0.32773264819403924], [0.23689549977752591, 0.23440053831023033, 0.19420063176335806, 0.33450333014888567], [0.2862799951409327, 0.29515265271016944, 0.11192321408165397, 0.3066441380672437], [0.07536630405133876, 0.18669046319452512, 0.38470008101187025, 0.35324315174226584], [0.1564407909284211, 0.4548369729005132, 0.2345660112839596, 0.15415622488710617], [0.3529463859186294, 0.3265930849650776, 0.09598556869434254, 0.2244749604219507], [0.1547698805112653, 0.4077493769373594, 0.15240562671400146, 0.28507511583737377], [0.10374637818881062, 0.24443870517079755, 0.3447300254621647, 0.3070848911782274], [0.3039070425803294, 0.2796436137403184, 0.11510694131154214, 0.3013424023678102], [0.19315350199011794, 0.25417715167071786, 0.2909892708458885, 0.26168007549327565], [0.13467474096134865, 0.12310321301345874, 0.5691066882764105, 0.17311535774878217], [0.308049949857215, 0.2978058649044923, 0.1585131002222203, 0.2356310850160724], [0.20632708863545943, 0.46113522601759127, 0.09960296492159915, 0.23293472042535016], [0.2083319645221863, 0.3861213057075086, 0.13370673385302084, 0.27183999591728425], [0.23777635418663737, 0.25354302780407223, 0.07200151975413019, 0.4366790982551604], [0.41702001155304586, 0.13789366784463752, 0.08125532936546714, 0.3638309912368494], [0.22783696733616077, 0.20787434838010105, 0.08013442833420718, 0.484154255949531], [0.30218978827678095, 0.3547387848050127, 0.08357541890011608, 0.2594960080180902], [0.1393404368766195, 0.1853252686421425, 0.17918467666601276, 0.4961496178152252], [0.09745439315195155, 0.39794200990451517, 0.12946365596505136, 0.3751399409784819], [0.5153995560361898, 0.22578376653901075, 0.08992710781536903, 0.16888956960943055], [0.33457779459792475, 0.2976187571370792, 0.12198738897565299, 0.24581605928934291], [0.2444221285186214, 0.14997883488744543, 0.3921600655851345, 0.2134389710087989], [0.27198729411355627, 0.3272995481369911, 0.22567856254726795, 0.17503459520218476], [0.18382174883270141, 0.17013028916376807, 0.17063278417867925, 0.4754151778248513], [0.32008759963468914, 0.2738822041415557, 0.11723045208307423, 0.28879974414068105], [0.2324220091371117, 0.35896440599142904, 0.19760034459936, 0.2110132402720991], [0.09453578203442231, 0.17186125456782012, 0.2007572600817825, 0.5328457033159751], [0.15068452400259294, 0.5944686563754555, 0.06554695013083, 0.1892998694911215], [0.18288843219758896, 0.3230372199116977, 0.18994366156535686, 0.3041306863253565], [0.26837225780980334, 0.21434995887134717, 0.3388831905951097, 0.17839459272373967], [0.22660771799671964, 0.29431296057331247, 0.12703801843015322, 0.3520413029998146], [0.13770282111891674, 0.400660537957922, 0.2591980444487899, 0.2024385964743713], [0.19352818455939563, 0.2843817231928495, 0.12469053663469538, 0.39739955561305956], [0.15752502500055768, 0.3614354870446727, 0.0737204231421186, 0.4073190648126512], [0.32037149792911535, 0.35402719821970674, 0.10786523293904654, 0.21773607091213149], [0.14361229372645187, 0.411551793511727, 0.09904468975729444, 0.3457912230045267], [0.27208508656425456, 0.2946782715466368, 0.09138659224689129, 0.3418500496422174], [0.26340281002934113, 0.25027977836211834, 0.14109758349576795, 0.34521982811277263], [0.10930780642570456, 0.2313437847129902, 0.5512352777428299, 0.10811313111847537], [0.28598068600039617, 0.3613975207441421, 0.0955793525519781, 0.2570424407034836], [0.2979242307011886, 0.25666868576853247, 0.1604705650466568, 0.28493651848362217], [0.20526686473836134, 0.2849153989620629, 0.12034277618522206, 0.38947496011435356], [0.07983267057603768, 0.1901389271645223, 0.554687693654126, 0.17534070860531412], [0.44744531381877445, 0.2784150465306836, 0.09600165098712796, 0.17813798866341396], [0.2701623771371718, 0.4405337426803658, 0.11736711364017782, 0.17193676654228454], [0.35187218817190913, 0.3003363683317985, 0.09780805468040854, 0.24998338881588397], [0.3353135303478587, 0.36946361868694655, 0.13927471248615209, 0.15594813847904268], [0.1957596603590193, 0.42519761557127467, 0.09371118343675201, 0.2853315406329541], [0.23924816511977964, 0.29631509613683465, 0.13716092034340188, 0.3272758183999837], [0.21694166300377643, 0.2816639837813849, 0.2811805028066665, 0.2202138504081723], [0.2997865007866526, 0.3289112732348682, 0.10873158315968856, 0.2625706428187907], [0.11578478097629795, 0.21319469325091922, 0.1951240531147851, 0.47589647265799767], [0.2658491558454914, 0.26741190299385414, 0.1437156987146402, 0.32302324244601405], [0.13959445661648862, 0.21709104321310752, 0.12840354402899307, 0.5149109561414108], [0.20896711255629855, 0.3511185777588792, 0.21057934207913256, 0.22933496760568972]]}}