{"test": {"ids": ["112118860", "107119950", "108118520", "112116540", "109113591", "101108621", "107112840", "111115770", "108117720", "106116441", "111119300", "99111440", "104111990", "113117630", "97107681", "106121190", "109115070", "101112690", "112119610", "111115400", "112116451", "98108410", "109116441", "105116441", "110114561", "112119120", "110118161", "108114040", "112121360", "109118701", "99108000", "108115970", "108114180", "112120670", "112116401", "101111990", "113118231", "108113480", "108118301", "109117150", "98112580", "108113620", "107113260", "98110230", "100120010", "97116410", "99111340", "97107821", "113118511", "112121410", "107119390", "111116290", "112116290", "108114670", "101110740", "108118291", "99121440", "101114990", "103111830", "110116441", "97116800", "104118070", "102109910", "101108950", "111120190", "111118810", "106114280", "110118930", "108121160", "111119250", "108113740", "99108890", "103118291", "97106820", "113120280", "97109080", "110116290", "104112470", "100109980", "108121410", "113118630", "107118120", "107113550", "109120560", "107116980", "97108520", "99107630", "111114171", "102110240", "109121640", "98106111", "98116500", "104114410", "101109120", "104111620", "111119290", "113121680", "113122320", "105115900", "108120060", "110120700", "112120990", "97106600", "105114220", "109118231", "97112170", "113120780", "107116300", "109121351", "105110091", "97113260", "110121720", "101108460", "103111990", "106120640", "101111210", "111117200", "113118421", "112117790", "104110960", "108120280", "97111790", "108119550", "99112840", "112120290", "100109910", "102113981", "99109740", "110118740", "113122510", "113122190", "113118690", "110120540", "110115250", "105119550", "104113170", "109115211", "108115070", "113120640", "97105451", "112116640", "107118520"], "labels": [3, 3, 0, 1, 3, 0, 1, 3, 1, 0, 1, 3, 2, 0, 3, 2, 0, 1, 0, 0, 0, 1, 3, 1, 0, 1, 0, 0, 3, 3, 2, 2, 1, 2, 0, 2, 3, 0, 1, 2, 2, 3, 0, 3, 0, 3, 1, 2, 1, 0, 2, 2, 0, 3, 3, 3, 2, 3, 3, 3, 0, 2, 2, 2, 3, 0, 3, 1, 2, 1, 3, 0, 0, 1, 0, 2, 2, 1, 1, 0, 3, 3, 0, 1, 3, 2, 2, 3, 3, 0, 0, 2, 1, 1, 0, 3, 1, 1, 3, 1, 2, 2, 3, 3, 1, 0, 0, 0, 0, 0, 1, 3, 0, 2, 3, 2, 0, 3, 3, 2, 3, 2, 1, 2, 1, 2, 1, 3, 3, 2, 1, 3, 1, 1, 1, 3, 0, 1, 0, 0, 0, 2], "predicted_labels": [3, 3, 0, 3, 1, 1, 1, 0, 3, 1, 1, 0, 1, 3, 2, 1, 1, 3, 1, 3, 0, 1, 3, 1, 1, 0, 3, 1, 0, 1, 1, 1, 1, 1, 3, 3, 1, 0, 3, 1, 2, 0, 3, 1, 2, 3, 2, 0, 1, 0, 1, 1, 1, 1, 2, 1, 2, 1, 1, 1, 0, 3, 3, 1, 3, 2, 1, 1, 1, 0, 0, 1, 1, 0, 0, 1, 0, 1, 3, 0, 1, 1, 3, 3, 1, 1, 1, 0, 0, 0, 2, 3, 1, 3, 0, 3, 0, 1, 3, 0, 3, 1, 0, 3, 1, 3, 1, 1, 3, 0, 3, 1, 3, 1, 1, 1, 0, 3, 0, 3, 3, 1, 1, 3, 1, 2, 3, 1, 0, 2, 3, 2, 1, 1, 2, 1, 1, 1, 0, 3, 1, 0], "confidence_scores": [[0.05683511579909433, 0.11216805150888794, 0.39169318454791135, 0.43930364814410644], [0.012260417610306013, 0.32819281992168053, 0.0005221862653200861, 0.6590245762026934], [0.877068399924276, 0.10711403828807015, 0.0009210442109701035, 0.014896517576683845], [0.004272730816944781, 0.04231645866411979, 0.0021411150812721768, 0.9512696954376633], [0.003890073407447488, 0.7922081317903497, 6.597883682938369e-05, 0.2038358159653735], [0.2652494858711674, 0.6952944933533411, 0.014029388128866534, 0.02542663264662488], [0.0013672422843243304, 0.909498451693537, 0.0066618439340574934, 0.0824724620880811], [0.7575401185166704, 0.03145836195982976, 0.004507210223413578, 0.20649430930008628], [0.08748560320178066, 0.1508157900080281, 0.07721812854395159, 0.6844804782462396], [0.00027441323534436746, 0.9881139222732263, 0.0016999427896922292, 0.00991172170173725], [0.04695458558579572, 0.8133392314055751, 0.13349177733239184, 0.006214405676237553], [0.6139385253940988, 0.06717856976253743, 0.0008499060356213882, 0.31803299880774244], [0.024156396484725548, 0.9040403034654353, 0.06363854006241325, 0.008164759987425675], [0.2761003506410011, 0.0018229454988093698, 0.03845884238664816, 0.6836178614735413], [0.3744485259035843, 0.1845650843616956, 0.4307842804104558, 0.010202109324264401], [0.00010063501676522285, 0.9693085193141611, 0.0034943615278821265, 0.027096484141191566], [0.04646471603180289, 0.9413898750419252, 3.2444412043671484e-05, 0.012112964514228431], [0.06356374343574726, 5.625499453040892e-05, 0.00024460086088369705, 0.9361354007088386], [3.0592713128704154e-05, 0.826831406316588, 0.12981263802799184, 0.043325362942291626], [0.09213583240034842, 0.19268976090947926, 0.06339041020930053, 0.6517839964808719], [0.7585403893767277, 0.007230544668239972, 0.0006639122205391486, 0.23356515373449313], [4.569463221878665e-05, 0.9144910442061218, 0.07449574760586222, 0.010967513555797193], [0.1555954258256513, 0.004330667881046623, 4.421710448618364e-06, 0.8400694845828535], [0.03883044702864368, 0.9554076409281301, 0.0022865725989586277, 0.00347533944426748], [0.07155173729778047, 0.9191656554552421, 0.0066588002828590455, 0.0026238069641182932], [0.6221281829551255, 0.041279592564138844, 0.010226295058980883, 0.3263659294217548], [0.09915968125963662, 0.02379476030982332, 0.013950613178083377, 0.8630949452524566], [0.00017679746879105577, 0.9497439115862724, 0.04595939001121074, 0.004119900933725808], [0.5469203640223527, 0.28441896089107327, 0.01757815002658972, 0.1510825250599843], [0.3466310877513573, 0.5749015584226572, 0.033462589171608804, 0.04500476465437664], [0.0005646825521733976, 0.991168303887386, 0.008073233785567282, 0.00019377977487325154], [0.0006838768433237846, 0.9988070876360647, 0.0003168366798969909, 0.00019219884071440153], [0.008718238275860893, 0.9827373514334441, 0.0002125180188639155, 0.008331892271831046], [0.07790189303477844, 0.4698461700025084, 0.12724751338437468, 0.32500442357833864], [0.04453774588176651, 0.0008709739909981539, 7.80737210378559e-05, 0.9545132064061975], [0.029862925327906114, 0.0009742807465709538, 0.3186272538895791, 0.6505355400359438], [0.0031501984448319992, 0.9778272221804675, 0.008160290298273788, 0.01086228907642663], [0.6124250594867147, 0.3051339476203699, 0.0190486255444827, 0.06339236734843266], [0.0010058653304436422, 0.03246366279637462, 0.006350137573861876, 0.9601803342993198], [0.007702978597097455, 0.9693691989021741, 0.0014643082358458941, 0.021463514264882556], [0.03820626264762819, 0.157950057966168, 0.4222703805971083, 0.38157329878909557], [0.5835933818324278, 0.2618048319723221, 0.004830412116401783, 0.14977137407884822], [0.08307614508914297, 0.30058294741515745, 0.06794236673513468, 0.5483985407605648], [0.002346575545738407, 0.8503096681496034, 0.13093208656650235, 0.016411669738155835], [0.0026768273014689883, 0.014425731030225524, 0.9725673814970834, 0.010330060171221978], [0.359435120036374, 0.020805734167088388, 0.04112363134109791, 0.5786355144554397], [0.0008127019036565277, 0.21509268189750372, 0.7705073111009033, 0.01358730509793653], [0.658875292783232, 0.08564097897235343, 0.16655974588968966, 0.08892398235472486], [0.13889751384630875, 0.8608512525921819, 3.401775319111532e-05, 0.00021721580831832594], [0.8148966501479801, 0.053194041531863065, 0.024080924674209074, 0.1078283836459479], [0.01315649694010699, 0.4453561146736443, 0.3085840348386927, 0.232903353547556], [0.02383276735675191, 0.5190267864286653, 0.07506194314013613, 0.38207850307444674], [0.02128268823848507, 0.9292080108349696, 0.019215471637897056, 0.030293829288648273], [0.0021369395601203225, 0.5012601116481503, 1.1864823800769507e-05, 0.49659108396792867], [0.24126335107158117, 0.24005526334809316, 0.4578124186795162, 0.060868966900809514], [0.07924972226110655, 0.9176637254920338, 1.917947215659365e-05, 0.0030673727747032], [0.010602543801075922, 0.2873386726708619, 0.6915602068696264, 0.01049857665843578], [0.010480208464581744, 0.9292409074444918, 0.032782461626880116, 0.02749642246404617], [0.021360820979070824, 0.768579746284657, 0.04482129148246012, 0.16523814125381217], [0.012929833413904586, 0.863690968459233, 0.03761788318745046, 0.0857613149394119], [0.9881864580092393, 0.0033374842019477787, 0.007332245950487357, 0.0011438118383255806], [3.463577410818982e-05, 7.556731598986774e-06, 0.0010130866225169335, 0.998944720871776], [0.02985051997748388, 0.2558550163242052, 0.005820858202669356, 0.7084736054956415], [0.011565887858321584, 0.645379023219173, 0.13877302713211645, 0.20428206179038905], [0.0012182449811140089, 0.009066592061808142, 0.03910376254304606, 0.9506114004140318], [0.20811421706025807, 0.19887959220866505, 0.5143255806643582, 0.07868061006671868], [0.0193611891635198, 0.6355148992396547, 0.09149009819524791, 0.2536338134015776], [0.0006480973866152923, 0.775577824606652, 0.21128883083738825, 0.01248524716934442], [0.0012054106491586225, 0.7044866513708506, 0.003038533614935815, 0.29126940436505505], [0.4624629500879489, 0.01905524264968318, 0.14564679126509703, 0.3728350159972709], [0.8126718935214965, 0.010734956131259207, 0.0018589982661695857, 0.1747341520810747], [0.011234263461946108, 0.7579826080308192, 0.17416775656278258, 0.056615371944452285], [0.043043425877087135, 0.9562080210771319, 0.0005661112153720142, 0.00018244183040898022], [0.6057535370365077, 0.026518604121402316, 0.028700084003928275, 0.3390277748381616], [0.9860479541196104, 6.62731062194075e-07, 1.4340966024839734e-06, 0.01394994905272477], [0.0010925789543400142, 0.6448968870386858, 0.004910647925323747, 0.3490998860816505], [0.7439812459069924, 0.01580757477231553, 0.16086988492102247, 0.07934129439966954], [0.0021985593117554107, 0.9611227663158479, 0.022275480076613535, 0.01440319429578317], [0.3742350645519817, 0.07046762615485197, 0.14411235656800744, 0.41118495272515876], [0.661619507842771, 0.07557482806956287, 0.001144568143817378, 0.2616610959438488], [4.051117489120731e-05, 0.9339695545347855, 0.04714689501430439, 0.018843039276018943], [0.31835692694659884, 0.4191664742603242, 7.970720099997669e-05, 0.262396891592077], [0.012807622429832277, 0.03246358949661619, 0.19226195448847394, 0.7624668335850775], [0.006843960374145038, 0.012042251295641461, 0.0018694641394840518, 0.9792443241907295], [0.17210051183424202, 0.8025720920212579, 6.435025021167575e-05, 0.025263045894288436], [0.008179452929061793, 0.9690474001249729, 0.0019014421875317561, 0.020871704758433363], [0.0064700702482335, 0.5614045987638512, 0.000126048722138372, 0.43199928226577694], [0.7733071934486546, 0.11323307836346386, 0.021356619522050996, 0.09210310866583044], [0.388450951239394, 0.2750355054342942, 0.2667614173798163, 0.06975212594649557], [0.7738356400462506, 0.054584253835012045, 0.04040201494057525, 0.1311780911781621], [0.2826830341181703, 0.282022691444031, 0.28446156775096954, 0.15083270668682913], [0.05497396711645943, 0.007868839919737958, 0.005718530712573716, 0.9314386622512288], [0.013603787108093181, 0.6116914630850862, 0.18689452919342142, 0.18781022061339928], [0.15826994212171355, 0.00026249985747608804, 0.01150103675522887, 0.8299665212655815], [0.5384489469517714, 0.2930406730018653, 0.0629482797026922, 0.10556210034367111], [0.16095950046946686, 0.024718407875770232, 0.02531783121789462, 0.7890042604368683], [0.5494660482785915, 0.0339127191237905, 0.4113906380809806, 0.005230594516637481], [0.005570557650452182, 0.533205127423247, 0.18007164471222442, 0.2811526702140764], [0.21753967030826596, 0.06054094896907334, 0.003138297620773032, 0.7187810831018877], [0.8701027626257758, 0.051484004951228755, 0.05822293241649596, 0.02019030000649942], [0.02473053509077367, 0.00393401869857166, 0.0006713556261508134, 0.9706640905845039], [0.035405872115982985, 0.9616450650660007, 0.0009898318491006254, 0.0019592309689156397], [0.6694996356197502, 0.011551790178637689, 6.988382559730345e-05, 0.31887869037601474], [0.3544938055039679, 0.23679611878541193, 0.0008881702578852531, 0.4078219054527348], [0.0003287679111020977, 0.9912883737174476, 0.008229746858795819, 0.00015311151265459257], [0.18775309076169588, 0.018799642410319232, 0.007208801673232405, 0.7862384651547524], [0.09401438473402571, 0.7859862653770543, 0.0024834285187510436, 0.11751592137016893], [0.27929919393066743, 0.5701184743443931, 0.009943128739960493, 0.14063920298497898], [0.38937855598859056, 0.0023267906108052723, 0.03551566472746448, 0.5727789886731397], [0.6954349849383309, 0.2005816197638861, 0.018149067979016227, 0.08583432731876676], [0.005477631618985492, 0.2540018188019989, 0.2847536493130565, 0.455766900265959], [0.06393751202561838, 0.6535252674974746, 0.009737297817036139, 0.27279992265987074], [0.23658255245086268, 8.510586159892692e-05, 0.06044490971016403, 0.7028874319773744], [0.020369058364462574, 0.9042834924361324, 0.04054917676112101, 0.034798272438283935], [0.056593005714799936, 0.6308946618153345, 0.31220843812584725, 0.00030389434401833197], [0.048070526909793666, 0.9346100524903669, 0.0014816515858500374, 0.015837769013989467], [0.9854039712234045, 0.0014564175052050308, 0.0018426821418619141, 0.011296929129528689], [0.0035430049172031713, 0.0006433042800914115, 0.002851057188447489, 0.9929626336142579], [0.9694563057660383, 0.0002401826141680788, 1.539905693425333e-05, 0.030288112562859355], [0.002061731849405086, 0.22157407359013662, 0.015695932637895458, 0.7606682619225628], [0.0001659634077703826, 0.0005102088388099875, 1.3904825477768374e-05, 0.999309922927942], [0.0016374531472647615, 0.8748220768757871, 0.10683800456657708, 0.016702465410371112], [0.024968923315998773, 0.7544061232057817, 0.0839363538309666, 0.13668859964725277], [0.009471396982634578, 0.09163614771341808, 0.026934728081186157, 0.8719577272227612], [0.03662370403655719, 0.8080089534177196, 0.0026943276867084126, 0.1526730148590148], [0.009507905411051445, 0.0011199604452019627, 0.6950823454272389, 0.29428978871650774], [0.35545806258134877, 0.07063673252266281, 0.009391727500319455, 0.564513477395669], [0.1338569841489931, 0.6109563513112437, 0.021761107528681333, 0.23342555701108192], [0.9139103991979383, 0.0007532862666367516, 9.286025345469502e-05, 0.08524345428197043], [0.05125641102912394, 0.04643486986900752, 0.5370601189935332, 0.36524860010833543], [0.0006800725334308713, 0.01666418939918567, 0.4490532203498949, 0.5336025177174886], [0.007278214901531846, 0.10635107156358391, 0.7502151594952466, 0.13615555403963764], [0.0016170422006430412, 0.8019071013017417, 0.03232869565042269, 0.16414716084719252], [0.05691376916102351, 0.9291794590384577, 0.004702498839346261, 0.009204272961172566], [0.021723069891137963, 0.29026806084474327, 0.6035587899555825, 0.0844500793085362], [0.32342484760277834, 0.6703924058734876, 0.0005426863045961903, 0.0056400602191379575], [0.0004306498136306105, 0.9910589773966207, 0.0001988253997358339, 0.008311547390012837], [0.0009521452455121413, 0.9985602374691457, 0.0002287656491711115, 0.00025885163617113345], [0.45832199954259806, 0.41068535898295033, 0.0032380786251549544, 0.12775456284929662], [0.07233064042120062, 0.27262126688702276, 2.804930509730151e-05, 0.6550200433866794], [0.046448546100089215, 0.9363994811010393, 0.0022837803137151806, 0.014868192485156091], [0.9812835050093999, 0.01337401610979858, 0.001206187233518545, 0.004136291647282945]]}, "rewritten": {"ids": ["97105451", "97106600", "97106820", "97107681", "97107821", "97108520", "97109080", "97111790", "97112170", "97113260", "97116410", "97116800", "98106111", "98108410", "98110230", "98112580", "98116500", "99107630", "99108000", "99108890", "99109740", "99111340", "99111440", "99112840", "99121440", "100109910", "100109980", "100120010", "101108460", "101108621", "101108950", "101109120", "101110740", "101111210", "101111990", "101112690", "101114990", "102109910", "102110240", "102113981", "103111830", "103111990", "103118291", "104110960", "104111620", "104111990", "104112470", "104113170", "104114410", "104118070", "105110091", "105114220", "105115900", "105116441", "105119550", "106114280", "106116441", "106120640", "106121190", "107112840", "107113260", "107113550", "107116300", "107116980", "107118120", "107118520", "107119390", "107119950", "108113480", "108113620", "108113740", "108114040", "108114180", "108114670", "108115070", "108115970", "108117720", "108118291", "108118301", "108118520", "108119550", "108120060", "108120280", "108121160", "108121410", "109113591", "109115070", "109115211", "109116441", "109117150", "109118231", "109118701", "109120560", "109121351", "109121640", "110114561", "110115250", "110116290", "110116441", "110118161", "110118740", "110118930", "110120540", "110120700", "110121720", "111114171", "111115400", "111115770", "111116290", "111117200", "111118810", "111119250", "111119290", "111119300", "111120190", "112116290", "112116401", "112116451", "112116540", "112116640", "112117790", "112118860", "112119120", "112119610", "112120290", "112120670", "112120990", "112121360", "112121410", "113117630", "113118231", "113118421", "113118511", "113118630", "113118690", "113120280", "113120640", "113120780", "113121680", "113122190", "113122320", "113122510"], "labels": [0, 3, 1, 3, 2, 2, 2, 2, 0, 1, 3, 0, 0, 1, 3, 2, 2, 2, 2, 0, 3, 1, 3, 2, 2, 2, 1, 0, 0, 0, 2, 1, 3, 2, 2, 1, 3, 2, 3, 1, 3, 2, 0, 2, 0, 2, 1, 3, 1, 2, 0, 3, 3, 1, 1, 3, 0, 3, 2, 1, 0, 0, 0, 3, 3, 2, 2, 3, 0, 3, 3, 0, 1, 3, 1, 2, 1, 3, 1, 0, 1, 1, 3, 2, 0, 3, 0, 0, 3, 2, 1, 3, 1, 0, 0, 0, 1, 2, 3, 0, 3, 1, 1, 2, 3, 3, 0, 3, 2, 0, 0, 1, 3, 1, 3, 0, 0, 0, 1, 0, 3, 3, 1, 0, 1, 2, 2, 3, 0, 0, 3, 3, 1, 3, 3, 0, 0, 0, 1, 1, 1, 2], "predicted_labels": [0, 2, 3, 0, 1, 3, 3, 2, 1, 3, 0, 0, 1, 1, 1, 2, 3, 1, 0, 3, 3, 2, 3, 1, 3, 2, 2, 2, 3, 3, 3, 3, 2, 1, 3, 3, 3, 1, 1, 2, 2, 3, 1, 1, 0, 1, 3, 1, 1, 3, 3, 1, 0, 3, 0, 3, 3, 0, 1, 1, 1, 3, 0, 0, 3, 1, 2, 1, 0, 0, 3, 3, 1, 3, 1, 1, 3, 1, 3, 0, 3, 1, 3, 3, 0, 0, 1, 0, 1, 1, 1, 1, 3, 3, 0, 1, 0, 3, 0, 3, 0, 3, 2, 1, 1, 1, 1, 1, 3, 0, 2, 3, 1, 0, 3, 2, 0, 0, 1, 0, 3, 0, 1, 3, 1, 1, 1, 3, 1, 3, 1, 3, 2, 3, 3, 0, 0, 3, 3, 2, 3, 2], "confidence_scores": [[0.9354698293022888, 0.0010787888187017232, 3.6324759675033606e-05, 0.06341505711933422], [0.26143518418874967, 0.0002332351099014522, 0.7069528898796992, 0.031378690821649756], [0.00035605045761764984, 0.00013977283952723923, 0.0002347957096446492, 0.9992693809932104], [0.978153309835506, 0.007710632224034312, 0.011314949248647756, 0.002821108691811993], [0.057645631604093556, 0.724095409325136, 0.005152166225699288, 0.21310679284507122], [0.02505711057388546, 0.03920866351234479, 0.002626980072517, 0.9331072458412528], [0.013408534903390305, 0.07269098732813278, 0.01518825191218947, 0.8987122258562874], [0.00437136423165563, 0.10593415764271079, 0.8689444655763358, 0.020750012549297855], [0.2038310173239209, 0.7752830536287089, 0.014697713910280675, 0.0061882151370893975], [0.0013041716286087716, 0.002106074994542054, 0.07426258152937729, 0.9223271718474718], [0.5173455272840868, 0.028454075964903236, 0.4490040430326612, 0.005196353718348747], [0.649089161714993, 0.2740451898447131, 0.0010411370799874272, 0.07582451136030648], [0.021464922951040768, 0.48174697802217287, 0.07284327901178704, 0.4239448200149992], [0.00524847888454175, 0.9756573179940807, 0.0061939058208031125, 0.012900297300574395], [1.9559372419996335e-05, 0.999314596307125, 5.154781694790225e-07, 0.0006653288422852996], [0.0003855324542227453, 0.34277681509363384, 0.656704332800975, 0.00013331965116843126], [0.008531742327028746, 0.0008228159669293312, 0.0038802719199299888, 0.9867651697861118], [0.23490270989113168, 0.7456086779081764, 0.006110721472179193, 0.013377890728512634], [0.925370730861046, 0.0008392900489880367, 0.017211415945761126, 0.05657856314420467], [3.1414244710736295e-05, 0.2191597135679601, 0.0003605224048748047, 0.7804483497824544], [0.2816940707811675, 0.11560162916637676, 0.0023949839966169737, 0.6003093160558388], [4.820790221624722e-07, 0.003443164237277893, 0.996474178411274, 8.217527242607107e-05], [0.09614731865491975, 0.036118575203924905, 0.0006063276282688372, 0.8671277785128865], [0.008809736850165025, 0.48033103360740836, 0.05206444612394237, 0.4587947834184843], [0.13195531109488312, 0.3907573848830685, 0.021649428252983403, 0.45563787576906495], [0.03837113557889946, 8.734009298910195e-05, 0.960461921318112, 0.001079603009999378], [0.23205683825848006, 0.008578168740712634, 0.5262900100216322, 0.23307498297917506], [0.002437416603974736, 0.00016570424879110629, 0.9967929428948881, 0.0006039362523461011], [0.06995993341547309, 0.004207842992736184, 0.02208633343663608, 0.9037458901551547], [0.18151639883607829, 0.08130916844583513, 0.00019467465314240768, 0.7369797580649441], [1.4417126976430573e-05, 0.0029491727980919574, 0.007673204734542389, 0.9893632053403891], [0.41199528138842306, 0.12634166844933412, 0.009754193606939193, 0.4519088565553035], [0.007127022866909424, 0.14454785345242763, 0.8482677394481912, 5.738423247172372e-05], [0.17213048969193354, 0.7872581331560143, 0.02142392146421382, 0.019187455687838504], [0.023274695250558135, 0.029510838895263136, 0.3118573159038879, 0.6353571499502908], [0.0012188182735093293, 0.004833098517430773, 0.018494011478116603, 0.9754540717309432], [0.004105498900674279, 0.08221282958006414, 0.014153891469582921, 0.8995277800496786], [0.06970263052718455, 0.9026128983043081, 0.020581532192152148, 0.0071029389763551795], [0.1284990366917086, 0.8649637214902693, 0.0015704570920546496, 0.004966784725967414], [0.21947717262671718, 0.29160099715049703, 0.33903863046507765, 0.14988319975770822], [0.008422156279133454, 0.07509214862211709, 0.6901763840518724, 0.22630931104687702], [0.14220915136300244, 0.2146205681824975, 0.010131936086703756, 0.6330383443677963], [0.08226416920029556, 0.8898246597589328, 0.00035345945703277494, 0.027557711583739028], [0.0061221010627458385, 0.5101495613975039, 0.43858471947408123, 0.045143618065668925], [0.5449486019429214, 0.25076335478114903, 9.013950931780839e-05, 0.20419790376661173], [0.001819018483789259, 0.9477475330969326, 0.0021797843669164804, 0.048253664052361665], [0.007348000462306728, 0.030605989225760834, 0.002390947624972316, 0.9596550626869602], [0.10821486361261501, 0.8883134438002128, 0.0005496695993717604, 0.002922022987800468], [0.035684040970126105, 0.6683108611407371, 0.0010883164420245287, 0.2949167814471122], [0.021447682488899063, 0.004059577613294311, 0.0020466236212876646, 0.972446116276519], [0.005511031708303331, 0.021293029695533757, 0.052121738087300334, 0.9210742005088626], [0.0067646273855889545, 0.7324986246751343, 0.004388640470600902, 0.2563481074686759], [0.9038821765367513, 0.054162838462320353, 4.4700120745174115e-05, 0.041910284880183266], [0.00453543980119341, 0.20791018490875673, 0.00201844017353011, 0.7855359351165198], [0.7523072184313178, 0.16765493573412882, 0.06719097004756158, 0.012846875786991783], [0.005323765752542286, 0.16798401899340043, 0.31509732138321656, 0.5115948938708407], [2.409549842344296e-05, 6.621999241738144e-05, 2.034784104250455e-06, 0.999907649725055], [0.5835684900715989, 0.40752265863924886, 0.007069704104712408, 0.0018391471844397362], [5.631634884398795e-07, 0.9946093819040321, 0.004916130570088713, 0.00047392436239088886], [0.05114209095840094, 0.5994705192277324, 0.11918411139497406, 0.23020327841889252], [9.675427663695282e-05, 0.9212493325855227, 0.0009592001049369693, 0.07769471303290337], [0.05753495227349606, 0.047106486883239866, 0.004329157019325552, 0.8910294038239385], [0.7147279143374116, 0.16927751606382727, 0.019757304811612742, 0.09623726478714839], [0.5434978311494554, 0.05035637152333773, 1.1962518661447244e-05, 0.4061338348085454], [0.009853222282673744, 0.48582794671236806, 9.523750089011572e-05, 0.5042235935040681], [0.03532257808222862, 0.8314150392293376, 0.0023130943000226486, 0.13094928838841122], [0.0005495752307043277, 0.2679456819864938, 0.7293482510688534, 0.002156491713948466], [0.03896923469846164, 0.9071888730282383, 0.0013349102902998947, 0.05250698198300027], [0.8843278115821862, 0.019985340690901583, 0.06090392543304194, 0.03478292229387021], [0.35800869652188266, 0.12794869426002858, 0.19513271190239972, 0.318909897315689], [0.22696993929379106, 0.000758531137683353, 0.0013707591327812762, 0.7709007704357442], [0.0012195920380935609, 0.015853296311125954, 0.04908190397531268, 0.9338452076754677], [0.00013227351026686408, 0.9995273707445301, 0.00032525914860214914, 1.5096596600840534e-05], [0.0031327102568259263, 0.15493334451785087, 0.006993364941758252, 0.834940580283565], [0.0001569846511451458, 0.9272157384118629, 0.07097829411965842, 0.0016489828173335032], [0.015499222988160604, 0.6318347344756269, 0.020044843038801795, 0.3326211994974106], [0.043945310741749975, 0.13315876129545626, 0.05176956124480161, 0.7711263667179922], [0.41217784628995585, 0.5025810705416044, 0.00023985029402041406, 0.08500123287441935], [0.3452068515335717, 0.020827823725835005, 0.010269937330046707, 0.6236953874105465], [0.5282339900879693, 0.05978200084227444, 0.35809207523206504, 0.05389193383769128], [0.0005416231626493307, 0.13264494373690805, 0.00039053394896407164, 0.8664228991514786], [0.17782554638896023, 0.8095908399891304, 0.012164136992922615, 0.00041947662898664863], [0.005789805525560266, 0.00028650962661676597, 0.0002370333296200804, 0.993686651518203], [0.08774359837238331, 0.029779206730193217, 0.0006276384592374113, 0.881849556438186], [0.6478262327846244, 0.15699479472912237, 0.010145891063352905, 0.1850330814229003], [0.9238659033609963, 0.07321448337995198, 0.0027851104638656975, 0.0001345027951861649], [9.831455618132952e-06, 0.9993862916795979, 2.1832632607468627e-05, 0.0005820442321765189], [0.9504443532367836, 0.0002498732841177805, 0.0033708112472203783, 0.045934962231878276], [0.07065837209267511, 0.9123370866860862, 0.00018220397632993877, 0.01682233724490876], [0.006227511299190373, 0.9569404944569287, 0.019971607731524576, 0.016860386512356378], [0.0007762443803176984, 0.9727027405282362, 0.023856318191339057, 0.0026646969001069983], [0.0008871172856822394, 0.6730427937743374, 0.023946994397744385, 0.30212309454223596], [0.00015621270213328421, 0.000676336840391663, 0.02789089477389622, 0.9712765556835788], [0.1683581968880652, 0.002852521760695296, 0.02472210448641384, 0.8040671768648257], [0.6386839056003931, 0.30411336649835535, 0.005854341660970845, 0.05134838624028077], [0.0004227625032652379, 0.9993900877571724, 0.00015204944773808564, 3.5100291824369675e-05], [0.557155998513156, 0.19805697122407837, 0.09934965652465562, 0.14543737373810997], [0.016892867597464563, 0.005809773045868591, 0.37203131337086426, 0.6052660459858025], [0.6066289934711273, 0.13126651381037924, 0.01418763765191324, 0.24791685506658026], [0.34406364819970753, 0.0464588930009201, 0.19413926473515195, 0.4153381940642204], [0.963853370785446, 0.014905548842905403, 0.00017335648389026485, 0.021067723887758443], [0.0001969889369312544, 0.1706887135610904, 0.19289348864610092, 0.6362208088558774], [0.04499681057123464, 0.0014389485103925858, 0.9229552034476808, 0.030609037470692005], [0.019575107686018663, 0.9643975746447304, 0.0002521627262863638, 0.015775154942964456], [0.013974774515733484, 0.8090023289920363, 0.007853114158369865, 0.16916978233386026], [0.24662168274555962, 0.4081638766970292, 0.10137229905419672, 0.24384214150321443], [0.02674286750246214, 0.4454710671899081, 0.09417558097942881, 0.43361048432820093], [0.028313864275780632, 0.9100620840476142, 0.03449319921799186, 0.027130852458613207], [0.001109951344124504, 0.21612785885939112, 0.01978021788733585, 0.7629819719091486], [0.5183469595305069, 0.045585108258661605, 0.3653795421600503, 0.07068839005078119], [0.039765931567740415, 0.10670927387923217, 0.81607652043827, 0.03744827411475744], [0.0021938673337697713, 0.01743819466432972, 0.08756814060812637, 0.8927997973937742], [0.10413361661722455, 0.6449231282716871, 0.23770442670525083, 0.013238828405837635], [0.3742231248849012, 0.25180978314420555, 0.15416573877041823, 0.2198013532004749], [0.0018948728960587902, 0.001945307134028287, 2.203764993292948e-05, 0.99613778231998], [0.00534985440215603, 0.11808228638831, 0.6721735804824898, 0.20439427872704416], [0.5701467187232409, 0.422674095637422, 0.0006646419452001829, 0.006514543694137126], [0.9458042929971147, 0.04444773836465769, 0.0017345890397085495, 0.008013379598518944], [1.5927844283712687e-05, 0.9760091739901025, 4.385850803801561e-05, 0.023931039657575714], [0.8470001375847942, 0.055930059142058675, 0.09403744042294833, 0.0030323628501988165], [0.001599201990702049, 7.008520649386943e-05, 6.638557376947954e-06, 0.9983240742454271], [0.6782161624072802, 0.002318827545105747, 0.030603310405256653, 0.2888616996423575], [0.03344676111842856, 0.8220010987304177, 0.02095080169577193, 0.12360133845538182], [0.00044516811630290786, 0.038133247354024125, 0.4671887525400665, 0.49423283198960655], [0.07263045963227964, 0.693335082984036, 0.20886873369073797, 0.025165723692946455], [0.00038147336442092346, 0.8536283261789971, 0.1440740889647952, 0.0019161114917867507], [1.2734069982525953e-05, 0.999236648522443, 0.00034225569449102303, 0.0004083617130834467], [0.00039084170677820764, 0.0747883692182895, 0.0037687840826109184, 0.9210520049923213], [0.21548028600287492, 0.6124277778713296, 0.005963077050406798, 0.16612885907538869], [0.33953971655949067, 0.05265603886987113, 0.00533375440737114, 0.602470490163267], [0.002414614157257471, 0.5523983452254612, 0.003193135391524334, 0.441993905225757], [0.06566166684283235, 0.001364198145133436, 0.02683650519611521, 0.9061376298159189], [0.12616580825268062, 0.3338163544811257, 0.4834558630514636, 0.05656197421473008], [0.033219335206657874, 0.21178428690696668, 0.06282033800276404, 0.6921760398836114], [0.004534024934038218, 0.00235355118015472, 0.000680550599874359, 0.9924318732859326], [0.9966838264549542, 3.4533370081007207e-06, 1.559558870541633e-05, 0.003297124619332321], [0.4389839392602808, 0.2970701198525729, 0.017035217552525274, 0.24691072333462105], [4.8582829231817574e-05, 0.003259549397039885, 1.2527958049017235e-05, 0.9966793398156791], [0.0006696741923740273, 0.0015777570393764656, 0.0006133046931006517, 0.9971392640751489], [0.0006846534387132464, 0.28466532724791266, 0.5153667991031942, 0.19928322021017994], [0.00011807822193964696, 0.015255161535550555, 0.00012331666384756497, 0.9845034435786622], [0.004730411885407564, 0.005344019627026381, 0.9253714585630309, 0.06455410992453499]]}}