{"test": {"ids": ["101112690", "102110890", "109116040", "111119250", "111120531", "108114270", "99105921", "111120320", "111120591", "99107630", "107112840", "107120260", "111121410", "99121440", "98108970", "113121410", "99109370", "103110100", "110115250", "111118910", "110117500", "110121500", "113118421", "104117630", "105115380", "99108080", "102121440", "101114990", "101108370", "106116441", "102110050", "106118820", "105113210", "107120010", "105116860", "109116750", "107113840", "103109791", "109118820", "108118060", "113118490", "109117080", "112119610", "106114880", "104111880", "110118701", "109119010", "105115250", "105112130", "111115400", "97107920", "97112290", "99107640", "102121700", "99108000", "106112770", "107119950", "112117780", "98116500", "108114220", "97109080", "113122510", "100108490", "112118581", "112116850", "113119360", "104113210", "112116810", "112118930", "113122320", "97111790", "109117600", "97106970", "103117461", "111120260", "97116500", "97105580", "106113170", "108113620", "113119700", "106121220", "106116820", "101109370", "111121351", "99107500", "100113370", "103111830", "100117420", "110118121", "110120540", "101119030", "112120630", "105112100", "100112060", "105116650", "97106000", "103120730", "108114200", "99109780", "111116010", "109121640", "103118291", "103112470", "98117740", "103109641", "108113760", "105112240", "105116090", "104113000", "111119580", "101113210", "109118231", "108120621", "113118690", "98109090", "112120540", "112116610", "104111830", "97116401", "103109021", "97108520", "102116500", "103111110", "107117010", "98109230", "101112201", "109113931", "97107821", "97116410", "110117110", "99109161", "111119950", "99109141", "99108310", "103111620", "112116540", "97107681", "104112470", "100109360", "100109980", "110114720", "110116170"], "labels": [1, 0, 0, 1, 0, 3, 1, 1, 1, 2, 1, 1, 0, 2, 3, 0, 1, 1, 1, 0, 1, 3, 3, 0, 1, 3, 2, 3, 1, 0, 3, 3, 3, 1, 2, 0, 3, 3, 3, 1, 1, 1, 0, 0, 3, 3, 3, 2, 1, 0, 0, 1, 1, 1, 2, 1, 3, 0, 2, 3, 2, 2, 2, 1, 0, 0, 3, 3, 1, 1, 2, 1, 2, 0, 3, 2, 1, 0, 3, 0, 1, 1, 1, 0, 0, 3, 3, 2, 3, 1, 3, 3, 1, 2, 1, 0, 1, 0, 2, 1, 0, 0, 1, 2, 1, 1, 1, 1, 1, 3, 3, 1, 1, 3, 1, 3, 1, 3, 3, 0, 2, 1, 3, 1, 1, 0, 1, 2, 3, 0, 3, 0, 3, 2, 0, 1, 3, 1, 0, 1, 3, 0], "predicted_labels": [0, 0, 3, 0, 3, 1, 1, 0, 0, 3, 1, 3, 0, 2, 2, 3, 1, 1, 1, 3, 1, 0, 3, 1, 2, 0, 0, 1, 3, 3, 0, 1, 3, 3, 1, 1, 1, 3, 0, 3, 3, 1, 1, 1, 3, 0, 2, 2, 1, 1, 0, 2, 1, 2, 0, 0, 3, 3, 0, 0, 2, 3, 1, 1, 3, 3, 0, 2, 3, 1, 1, 3, 3, 1, 3, 3, 1, 0, 0, 1, 3, 0, 1, 0, 3, 3, 3, 2, 1, 1, 3, 3, 3, 3, 2, 2, 0, 1, 2, 1, 1, 0, 2, 0, 1, 1, 3, 0, 1, 3, 2, 1, 0, 3, 0, 1, 0, 1, 1, 0, 1, 1, 0, 2, 3, 0, 1, 0, 0, 1, 0, 0, 0, 1, 1, 1, 3, 2, 3, 0, 2, 3], "confidence_scores": [[0.46614525239846405, 0.004003297682115061, 0.07258829040005638, 0.45726315951936464], [0.985907104597485, 3.878511893701332e-05, 0.00012047416138681426, 0.01393363612219117], [0.008720916637685774, 0.37704375386654876, 0.0006089442331906174, 0.6136263852625748], [0.9094558514549611, 0.009960396750788008, 0.026973996406189825, 0.053609755388061], [0.4540691736621313, 0.04903153697305208, 0.00019720392105176745, 0.49670208544376493], [0.0026102783864931705, 0.946749575191206, 0.008941784600568657, 0.04169836182173241], [0.00042796686164980376, 0.997499363036017, 0.0009719642622016666, 0.0011007058401313371], [0.5683340573040757, 0.2092358585338067, 0.10888166412598486, 0.11354842003613264], [0.9930800990362891, 0.0010068325314569083, 0.00020529921433332278, 0.005707769217920574], [0.0003910690529096606, 0.00014886695750652957, 0.0011272851748198203, 0.9983327788147639], [0.00018542907612721746, 0.9914690877493714, 0.007909017014405807, 0.0004364661600955575], [0.05504284825842798, 0.22258385068672662, 0.27729522700259385, 0.44507807405225164], [0.8449052581970401, 0.15247846515702712, 0.0007338586821415007, 0.0018824179637911722], [0.02707411574055808, 0.010187323258844002, 0.9614429333961712, 0.0012956276044268221], [0.07895403038245942, 0.1020994587737939, 0.8169767010529095, 0.001969809790837174], [0.01960038809079571, 0.0021404673814229423, 0.00014423176792798727, 0.9781149127598534], [0.0001516774557528798, 0.9716560636720406, 0.026602260329964426, 0.0015899985422422453], [0.000710924374577774, 0.7853946130907903, 0.20752748718755845, 0.006366975347073462], [0.0017957368339144096, 0.9944215285475377, 0.0016516172383366856, 0.0021311173802110975], [0.06885003791902836, 0.04603697651305132, 0.1345824381630078, 0.7505305474049125], [0.06306749032122097, 0.9241006437200618, 0.00019072033676611133, 0.012641145621951112], [0.9881207079655366, 0.0038261633943260376, 0.005166475864859629, 0.002886652775277589], [0.0001455788222533786, 0.00326552790982108, 0.00015639869470631873, 0.9964324945732193], [0.0034891571749473176, 0.571473477194325, 0.08701862002027796, 0.33801874561044964], [0.023425882612892943, 0.07840730999269828, 0.894790584752519, 0.003376222641889694], [0.9252064898833653, 0.06813862870866268, 0.0002966943342223745, 0.006358187073749671], [0.841318321880329, 0.02808050122404501, 0.12605223606069973, 0.004548940834926314], [0.00981017287073921, 0.691936315600369, 0.18549392117504074, 0.11275959035385105], [0.3145762503349626, 0.25961512985849167, 0.0013623879853263015, 0.42444623182121943], [0.003923621959543558, 0.3774546294953954, 0.016069803689334514, 0.6025519448557265], [0.4752732410287613, 0.065717450764621, 0.02206137479940876, 0.436947933407209], [0.000881895587261084, 0.8631806659555579, 0.0100081760235884, 0.12592926243359276], [0.37539484799445566, 0.009147420378467417, 0.002787670664531214, 0.6126700609625456], [0.019933837673403235, 0.005381499597394193, 0.015009052350972335, 0.9596756103782302], [0.03993648347027682, 0.5576913377998342, 0.40107120694442727, 0.0013009717854618407], [0.3923220334837604, 0.5940792305921145, 0.004519697128794918, 0.009079038795330145], [0.060883119621747625, 0.894774930519007, 0.024277279970681808, 0.020064669888563487], [0.10784806817218143, 0.0022028130828038585, 0.2059155429574207, 0.684033575787594], [0.984973410672059, 0.009959673404617323, 0.00369990829506033, 0.0013670076282633519], [0.03191739778480061, 0.0036927591802702435, 0.0864810159239745, 0.8779088271109545], [1.453444284971722e-05, 1.3252304090995912e-05, 3.578896654870192e-06, 0.9999686343564044], [3.925885810671569e-06, 0.9999795224724448, 1.3939117817938719e-05, 2.6125239263604876e-06], [5.6828545447504816e-05, 0.5608863813165217, 0.41837579681041315, 0.02068099332761776], [0.025051726923016254, 0.7680263524490747, 0.20455076079725507, 0.0023711598306539925], [0.0021907134744339773, 0.024459999198149028, 0.18184462601231327, 0.7915046613151038], [0.9964414395669801, 0.000988588940341195, 0.0003355274894743899, 0.002234444003204395], [0.03664296260054337, 0.04388160258767048, 0.8572251871964406, 0.062250247615345665], [0.1452327929531695, 0.00031664782212081796, 0.803636124591586, 0.05081443463312363], [1.7500849038106356e-05, 0.8382562403949196, 0.13328861787104224, 0.028437640884999997], [0.1035623560725011, 0.8129170468619502, 0.0041050046429420275, 0.07941559242260661], [0.9980165530183872, 8.995724732401388e-05, 1.5018144425692928e-05, 0.0018784715898633709], [0.21315877632433222, 0.15009075011047487, 0.38077003702486034, 0.25598043654033253], [0.0033799090451352245, 0.983647099535152, 0.0028952837056655393, 0.010077707714047247], [0.13264022300396353, 0.20060583133981777, 0.5996965688361671, 0.06705737682005156], [0.50334100954339, 0.47677461309808344, 0.01794849977664725, 0.001935877581879287], [0.77928283410814, 0.11669348627004894, 0.10223145086773729, 0.0017922287540737953], [0.007242443728194923, 0.07295981309985096, 0.0001765238863058512, 0.9196212192856482], [0.04004042892689706, 0.11232747414455477, 1.369423640858194e-05, 0.8476184026921395], [0.6329754180046058, 0.0027049605933165115, 0.004664574846807315, 0.3596550465552704], [0.8188901660829048, 0.03652352697212185, 0.022607672919429726, 0.12197863402554367], [0.10028739443332886, 0.01764691702090849, 0.83632089141574, 0.045744797130022725], [0.00013569215543476453, 0.04934716396076211, 0.2141595269007676, 0.7363576169830356], [0.018988495647044558, 0.5945957928975428, 0.31196294834296345, 0.07445276311244914], [0.04371030507598991, 0.681477406507445, 0.26841403632245275, 0.006398252094112309], [0.12413650439066859, 0.07796003041095555, 0.008736900950620725, 0.7891665642477551], [0.002158181290490162, 0.006955037078353225, 0.0068178229803817015, 0.984068958650775], [0.9475725783893376, 0.006538152307410221, 0.0020504293242254064, 0.04383883997902673], [0.23074565330980024, 0.02601804470700348, 0.7390935793353415, 0.004142722647854878], [0.13099328066224716, 0.00940980390452628, 0.0039621826310671715, 0.8556347328021594], [0.0019014454685585761, 0.7042592068758503, 0.05486945140851696, 0.23896989624707424], [0.007636965178052817, 0.9847107060923265, 0.0019279102321827198, 0.005724418497438106], [0.001371383688369576, 0.03358963453622514, 0.22872698301424996, 0.7363119987611553], [0.00011832517338542761, 0.20907269364729697, 0.2688641831384485, 0.521944798040869], [0.12161236110646552, 0.7320610591503549, 0.0007678187029655963, 0.14555876104021404], [0.2285384827610905, 0.006281882688302321, 0.0034368063220203116, 0.761742828228587], [0.21091091696877512, 0.054419941203434886, 0.008367301587847698, 0.7263018402399424], [4.127919694469191e-06, 0.9880908487313997, 0.011684781957974354, 0.00022024139093132147], [0.9877948974438286, 0.007085857184120627, 0.00015674419601380678, 0.004962501176036722], [0.7067448971624305, 0.10931102909184019, 0.0013784799450906932, 0.18256559380063875], [0.015877239903242406, 0.8975360196140147, 0.0028346780772109214, 0.08375206240553189], [3.684401560204289e-07, 0.0022644524138457274, 3.3205035992958803e-06, 0.997731858642399], [0.5672756633729216, 0.18778291578199494, 0.0324049321901829, 0.21253648865490057], [0.39029750064608026, 0.5272506203881603, 0.08118308806790661, 0.0012687908978528822], [0.9198404896373173, 0.07634263339126093, 1.892842878953462e-05, 0.0037979485426322497], [0.0074648755929475515, 0.43945670941329606, 0.009412790582451959, 0.5436656244113045], [0.011041264704864459, 0.008083763024011491, 0.22421925031966608, 0.756655721951458], [0.000180934345497619, 0.0018972909153876602, 0.0025301533271319594, 0.9953916214119828], [0.04184945626121248, 0.021907690946024176, 0.6683709047068723, 0.26787194808589104], [0.0013704976815314563, 0.8510017795743845, 0.00016661431058416005, 0.14746110843350008], [0.008237558396576042, 0.8517364721401699, 0.0144428604163207, 0.12558310904693334], [0.11816887431032136, 0.017011386102974434, 0.00953407108961216, 0.8552856684970921], [0.3756931050240703, 0.05590981144256624, 0.00807027503092944, 0.560326808502434], [0.327938793002959, 0.01693662217402365, 0.009418444029137357, 0.64570614079388], [0.03178174174086538, 0.02048097630501087, 0.4577309382718618, 0.49000634368226215], [0.03661439340003123, 0.0025800331334849846, 0.9484817720681548, 0.012323801398329006], [0.047958951533885685, 0.0009887884618301446, 0.9458956024441048, 0.005156657560179414], [0.956054319731228, 0.022189628780278838, 0.01399468035358559, 0.007761371134907636], [0.0022207774335680957, 0.5718104526442456, 0.4239423257249289, 0.0020264441972576096], [0.005719326421027715, 0.008156056470680175, 0.9815440524136236, 0.004580564694668433], [0.00031139655119337905, 0.6897319883161448, 0.2819728092914105, 0.02798380584125139], [0.2616123658033953, 0.7085763258512728, 0.014353224648308285, 0.01545808369702361], [0.7844955775642519, 0.05027066644963129, 0.15812255258971689, 0.00711120339639995], [0.14209245824897423, 0.0965060737421856, 0.5107488365469369, 0.2506526314619032], [0.4598185225686668, 0.13199125654120947, 0.005084241067466339, 0.40310597982265733], [0.004689709274734495, 0.6319670469019971, 0.32300923173488033, 0.04033401208838816], [0.03136328760450876, 0.8970511939935129, 0.07144113345299359, 0.00014438494898488628], [0.00810868438640196, 0.2350642902849006, 0.1005844883902666, 0.6562425369384308], [0.7273138103730409, 0.22444567719238867, 0.0007690356434919117, 0.04747147679107851], [0.017783639927965618, 0.5323400295018862, 0.053523019525816465, 0.3963533110443317], [0.32487274860283427, 0.14154092912922867, 0.1365593756320356, 0.39702694663590143], [0.07681699155896081, 0.01007762463696985, 0.8421476078773364, 0.07095777592673294], [0.40720965902044526, 0.5163829316967844, 0.07545527168603056, 0.0009521375967397378], [0.5557100756648642, 0.15208083674017225, 0.03475810872997258, 0.2574509788649909], [0.006339509876554927, 0.1463924918089572, 0.00453013743795823, 0.8427378608765297], [0.4375841291087296, 0.3723545703746589, 0.020885756179999656, 0.16917554433661178], [0.024968113228458818, 0.9567112901508259, 0.017503334140343017, 0.0008172624803720448], [0.5727970779426537, 0.20084557958454483, 0.21608451690173797, 0.01027282557106356], [2.7054732938799207e-05, 0.5658737651888853, 0.002502333879572693, 0.43159684619860317], [0.10062340970990281, 0.8926789804787013, 0.006184143055969985, 0.000513466755426033], [0.9496319643488169, 0.00035638645155948456, 0.010606132334188976, 0.039405516865434705], [0.007973114805783034, 0.9819564336077818, 0.0013450116633468246, 0.008725439923088331], [0.17952937193772117, 0.6585549587614371, 0.034230213536865894, 0.12768545576397577], [0.9680414938112618, 8.686166374646763e-05, 0.0002919985950394785, 0.031579645929952306], [0.34408221334363714, 0.11434692824754392, 0.5404707221219935, 0.0011001362868253252], [0.005943079998276629, 0.012786287538658302, 0.48461415566203553, 0.49665647680102953], [0.9410167413147082, 0.050831961379454754, 0.0002185671830016865, 0.007932730122835286], [0.217346672929107, 0.7202993857800261, 0.06049076421970947, 0.0018631770711575828], [0.9915473556435548, 3.215661360928833e-05, 0.005904541165645508, 0.0025159465771902936], [0.4980253305893394, 0.04679856811346664, 0.3751603277194837, 0.08001577357771043], [0.024046518098847128, 0.9654834530773024, 0.0023549080061951097, 0.008115120817655436], [0.4866320323801845, 0.22645127379944835, 0.28622296940531217, 0.0006937244150547748], [0.9405496769768091, 9.891648202681718e-05, 0.0021399868127460852, 0.05721141972841777], [0.8795279168065884, 0.006454055764099913, 4.835981976347611e-05, 0.11396966760954833], [0.014751006110704979, 0.969328917846771, 0.014679710784373723, 0.0012403652581502837], [0.18058574496488547, 0.4807685608436903, 0.0015333614327524023, 0.33711233275867175], [0.0002741511502493362, 0.9214810416347492, 0.009725684735421061, 0.06851912247958039], [0.2652920124906871, 0.3224720731206419, 0.0032241124782090374, 0.409011801910462], [0.004846689899731194, 0.4186151853086384, 0.49562482028167426, 0.08091330450995607], [0.31876993174623314, 0.02657732360728682, 0.0071153212164208985, 0.6475374234300592], [0.9599053163289724, 0.0016483328499978247, 0.021472730933501136, 0.01697361988752866], [0.0006724669581576839, 0.03159768094489827, 0.9524397248075845, 0.01529012728935957], [0.0951843967489315, 0.12850419498270174, 0.009196021716299517, 0.7671153865520672]]}, "rewritten": {"ids": ["97105580", "97106000", "97106970", "97107681", "97107821", "97107920", "97108520", "97109080", "97111790", "97112290", "97116401", "97116410", "97116500", "98108970", "98109090", "98109230", "98116500", "98117740", "99105921", "99107500", "99107630", "99107640", "99108000", "99108080", "99108310", "99109141", "99109161", "99109370", "99109780", "99121440", "100108490", "100109360", "100109980", "100112060", "100113370", "100117420", "101108370", "101109370", "101112201", "101112690", "101113210", "101114990", "101119030", "102110050", "102110890", "102116500", "102121440", "102121700", "103109021", "103109641", "103109791", "103110100", "103111110", "103111620", "103111830", "103112470", "103117461", "103118291", "103120730", "104111830", "104111880", "104112470", "104113000", "104113210", "104117630", "105112100", "105112130", "105112240", "105113210", "105115250", "105115380", "105116090", "105116650", "105116860", "106112770", "106113170", "106114880", "106116441", "106116820", "106118820", "106121220", "107112840", "107113840", "107117010", "107119950", "107120010", "107120260", "108113620", "108113760", "108114200", "108114220", "108114270", "108118060", "108120621", "109113931", "109116040", "109116750", "109117080", "109117600", "109118231", "109118820", "109119010", "109121640", "110114720", "110115250", "110116170", "110117110", "110117500", "110118121", "110118701", "110120540", "110121500", "111115400", "111116010", "111118910", "111119250", "111119580", "111119950", "111120260", "111120320", "111120531", "111120591", "111121351", "111121410", "112116540", "112116610", "112116810", "112116850", "112117780", "112118581", "112118930", "112119610", "112120540", "112120630", "113118421", "113118490", "113118690", "113119360", "113119700", "113121410", "113122320", "113122510"], "labels": [1, 0, 2, 3, 2, 0, 2, 2, 2, 1, 3, 3, 2, 3, 1, 1, 2, 2, 1, 0, 2, 1, 2, 3, 2, 3, 3, 1, 2, 2, 2, 0, 1, 2, 3, 2, 1, 1, 0, 1, 3, 3, 3, 3, 0, 1, 2, 1, 0, 1, 3, 1, 3, 0, 3, 1, 0, 0, 1, 3, 3, 1, 1, 3, 0, 1, 1, 1, 3, 2, 1, 1, 1, 2, 1, 0, 0, 0, 1, 3, 1, 1, 3, 1, 3, 1, 1, 3, 1, 0, 3, 3, 1, 1, 1, 0, 0, 1, 1, 1, 3, 3, 0, 3, 1, 0, 0, 1, 3, 3, 1, 3, 0, 1, 0, 1, 3, 0, 3, 1, 0, 1, 0, 0, 1, 1, 3, 0, 0, 1, 1, 0, 3, 3, 3, 1, 3, 0, 0, 0, 1, 2], "predicted_labels": [1, 0, 2, 3, 0, 3, 1, 3, 3, 0, 2, 0, 0, 2, 1, 2, 1, 1, 1, 3, 3, 0, 1, 0, 1, 0, 0, 1, 1, 1, 2, 3, 3, 1, 3, 3, 0, 1, 0, 3, 2, 2, 1, 3, 0, 0, 0, 2, 0, 1, 0, 2, 1, 3, 3, 3, 1, 1, 2, 3, 3, 1, 3, 0, 1, 0, 2, 3, 0, 2, 2, 3, 3, 1, 2, 3, 1, 3, 0, 2, 1, 1, 0, 0, 3, 2, 3, 0, 2, 2, 0, 3, 0, 0, 0, 3, 1, 1, 3, 0, 0, 2, 1, 0, 2, 3, 1, 1, 3, 0, 0, 1, 3, 0, 3, 0, 0, 0, 3, 0, 0, 0, 0, 0, 1, 1, 3, 3, 1, 2, 3, 1, 0, 3, 1, 3, 3, 3, 1, 3, 3, 2], "confidence_scores": [[0.002783361861751474, 0.9569153219280535, 0.029303663395872027, 0.010997652814323048], [0.8423044742933035, 0.01429245311623286, 0.14315433480634368, 0.00024873778411995995], [5.300316800320803e-05, 0.000514289916781997, 0.9512315426121308, 0.0482011643030839], [0.06754612313944997, 0.007209818242381716, 0.001134298651898987, 0.9241097599662693], [0.9393817828818298, 0.006623319980552614, 0.02657191692689565, 0.027422980210721693], [0.4847198725085028, 0.0030734675842722646, 4.502098383505712e-05, 0.5121616389233898], [4.9339397117225723e-05, 0.9960396423382848, 5.4677039018660094e-05, 0.003856341225579303], [0.056334442828419116, 0.07069141101738154, 0.073043658217338, 0.7999304879368614], [0.0011552982714487822, 0.0016796306657606524, 0.004460735112319815, 0.9927043359504707], [0.7172083096112555, 0.036282941088033295, 0.2463187923320283, 0.0001899569686829544], [0.00893991727888422, 0.04090384560095984, 0.6459669578920069, 0.30418927922814915], [0.6557631497083424, 0.04024775317105311, 0.28083477404938134, 0.023154323071223268], [0.8988139154916714, 0.09046848245659578, 0.010712525164951888, 5.076886780835596e-06], [0.012001527801984185, 0.0030267637989167214, 0.6991476098397426, 0.28582409855935653], [0.005404291961540424, 0.7731701637070532, 0.18401760508451542, 0.03740793924689102], [0.0009189265600907376, 0.0017620070317453476, 0.9972144987859022, 0.00010456762226163656], [0.39613531068740293, 0.45307406286949564, 0.034754950950476524, 0.1160356754926249], [0.03915395950224186, 0.9558387314977578, 3.34154499482431e-05, 0.004973893550052276], [0.0043158243731186915, 0.9955228311068668, 7.6105539023031974e-06, 0.00015373396611210143], [0.003994657824724216, 0.12234307441370391, 0.012640088498595829, 0.8610221792629761], [0.012410326501552073, 0.00013894626976770162, 0.00449976615000342, 0.9829509610786767], [0.928052273812698, 0.01104723143082574, 1.5634219464377687e-05, 0.06088486053701187], [0.006183195193945892, 0.9710713851928849, 0.019799724153216954, 0.0029456954599521453], [0.8857950359939829, 0.0022919523727601664, 0.0006473263087825787, 0.1112656853244744], [0.33434860558676194, 0.6185680474119536, 0.036352215672808844, 0.010731131328475637], [0.682414112394012, 0.0002345705543016018, 0.00011278749186452966, 0.3172385295598219], [0.8234096112469491, 0.15709950462660185, 0.015787428421815377, 0.0037034557046336665], [0.04115529223252746, 0.6121824832727185, 0.3422950364067417, 0.004367188088012216], [0.0009032458929612739, 0.9779850112467676, 0.02110059640635703, 1.1146453914185345e-05], [0.1758926522770516, 0.8115228798462809, 0.0037554738486813254, 0.008828994027986306], [0.15268872924474575, 0.13604898881785316, 0.7008642009931301, 0.010398080944270914], [0.06447925883023511, 0.40229005277638846, 0.03990505985823927, 0.49332562853513723], [0.00975696522486299, 0.1570003198577584, 0.01345598455097065, 0.819786730366408], [0.12255724062495792, 0.39681977247635136, 0.10242456501578497, 0.3781984218829058], [0.06319494004528746, 0.0012845528979161314, 0.10683124857092031, 0.8286892584858762], [0.12937636234712507, 0.068156179362622, 0.14694086970823603, 0.655526588582017], [0.9339942988087566, 0.001220928181530594, 8.180426931945544e-05, 0.06470296874039318], [0.007672561335918165, 0.8830893436485958, 0.10254859158106815, 0.006689503434417911], [0.9889136687517914, 0.004658774073459155, 0.001248073155934891, 0.005179484018814362], [0.0071034756298999965, 0.46675525991160816, 0.04761083348725144, 0.4785304309712404], [0.07076204090092236, 0.016265195154575238, 0.8422906766602459, 0.07068208728425658], [0.01982307555893101, 0.24326722621945554, 0.37906539725429333, 0.3578443009673202], [0.013921432312243682, 0.9024186079848251, 0.00011228056044215944, 0.08354767914248902], [0.0026843741129972403, 0.12618817866293267, 0.2028345899559689, 0.6682928572681013], [0.7627284132330527, 0.2071190820806452, 0.01767556904016056, 0.012476935646141364], [0.3869312320080171, 0.3044204117251616, 0.17682226653861025, 0.13182608972821108], [0.7768078452790037, 0.09070762672615831, 0.1291033657930818, 0.0033811622017562385], [0.43335733674546967, 0.0007093052191721584, 0.5640901395767386, 0.0018432184586195971], [0.9999198440122641, 4.148422568625566e-06, 6.323703567456307e-05, 1.2770529492681007e-05], [0.21426301458210467, 0.637890975321941, 0.09620987914808797, 0.051636130947866316], [0.9434305896812512, 0.0010854667839141651, 0.055474560892383, 9.382642451535965e-06], [0.02220432967506338, 0.4163277391588094, 0.5088740888175974, 0.05259384234852989], [0.19041365905691005, 0.8092824101061086, 7.65915535367211e-06, 0.0002962716816276941], [0.01402216040504796, 0.003286184335061895, 0.0071512089610068046, 0.9755404462988833], [0.10825967813845869, 0.03394390498848393, 0.011570472411582346, 0.846225944461475], [0.0439500043267662, 0.07295321384712485, 0.09009859637875679, 0.7929981854473521], [0.06106428701593882, 0.9356350363108832, 0.001398915352032754, 0.0019017613211451412], [0.03591897436608804, 0.521556530215546, 0.006153087790025903, 0.43637140762834], [0.27960350922814375, 0.10862762004365058, 0.3499552839088931, 0.2618135868193126], [5.9698386014101444e-05, 0.09969214855439419, 3.082807934021216e-05, 0.9002173249802515], [0.0009393242259640896, 0.014795611703116336, 0.0003089459539311412, 0.9839561181169884], [0.0044421289529794905, 0.6251051136537477, 0.31351284862488804, 0.05693990876838487], [0.00023271369135985528, 0.00018175086756530903, 0.003634016651193254, 0.9959515187898815], [0.9519572717367132, 0.013508619735642304, 0.014506637344389926, 0.020027471183254583], [0.20802913469681983, 0.7038193522253856, 0.0442634571355687, 0.04388805594222592], [0.9973509125131815, 3.3143182054021903e-06, 0.00013137234446804005, 0.002514400824144928], [0.29483722499173826, 0.21825371189714565, 0.48682628521666027, 8.277789445582815e-05], [0.07492542893153936, 0.06997351641902812, 0.027740354251488027, 0.8273607003979444], [0.6920315218055731, 0.05406604531713802, 0.2522971257532251, 0.0016053071240636652], [0.0006264579716348155, 0.0002182608127150862, 0.9968091924381628, 0.0023460887774873263], [0.0010175568884423756, 0.0008366207989630163, 0.7467228291271462, 0.25142299318544836], [0.0003610157337121616, 9.83079817972514e-05, 3.590020213594572e-05, 0.9995047760823546], [0.10247816203990308, 0.06303671900287862, 0.23135852229309245, 0.6031265966641258], [0.1526718357126284, 0.473199990603173, 0.3627268171330127, 0.011401356551185928], [0.04122087978666094, 0.03279022740409608, 0.9250286373724455, 0.0009602554367974706], [0.2968644092972973, 0.0047802621137123255, 0.00013059004130992904, 0.6982247385476805], [0.00955422672235152, 0.8253247044169502, 0.1408649995540928, 0.024256069306605486], [0.06651024491987345, 0.0002897107829280402, 0.0038840947421214427, 0.9293159495550771], [0.9986581358964329, 5.032610235881145e-06, 0.0011457512888140133, 0.0001910802045173184], [0.00439909218505661, 0.09826764503152564, 0.5897624782485574, 0.30757078453486036], [8.168462221812288e-06, 0.8014059680504021, 0.0010731129115789258, 0.19751275057579698], [0.00014055037106506848, 0.9869752934140074, 0.012870682556622137, 1.3473658305490706e-05], [0.7325972767834197, 0.2358292230172578, 0.03142575601602919, 0.00014774418329348393], [0.5020030383866991, 0.24877834491393977, 0.10444023490537892, 0.14477838179398225], [0.004456117158900456, 0.006016969645820089, 0.010910074048308733, 0.9786168391469706], [0.007413937692574202, 0.036395341130528606, 0.7833054755104031, 0.1728852456664942], [0.059471933088231795, 0.005822121219590035, 0.10845804857665302, 0.8262478971155252], [0.3689316849188637, 0.2770240313273279, 0.002351799835830367, 0.35169248391797797], [0.24934908307396803, 0.1687803991126763, 0.5259642092740838, 0.05590630853927174], [0.01322768152500473, 0.22279484046827386, 0.7435719026216493, 0.020405575385072244], [0.4814025239973327, 0.3888270346784933, 0.12970647713868824, 6.396418548581239e-05], [0.08931256998693639, 0.02179907503095203, 0.0009421580891469819, 0.8879461968929646], [0.644293256352295, 0.0008178052912180968, 0.039275924453948036, 0.3156130139025389], [0.975868548186887, 0.007403477406659918, 0.014021895271842945, 0.0027060791346102675], [0.5877098311398018, 0.15244195565974974, 0.2529967019636777, 0.0068515112367708315], [0.14687247775358697, 0.22853121805845733, 0.006310740274652909, 0.6182855639133027], [0.0014644109582312417, 0.96327996695837, 0.03525230679761963, 3.3152857791942556e-06], [6.472889764180327e-06, 0.9999154575619345, 7.76918661720631e-05, 3.7768212919201996e-07], [0.0009734544500875341, 0.0005121138762223178, 0.4767466101406571, 0.521767821533033], [0.6716840405644963, 0.0019527167269047544, 0.16257919879726074, 0.1637840439113383], [0.9515643311688394, 0.007723989703864882, 0.005378800318193299, 0.035332878809102616], [5.649682351957812e-05, 0.028016606369714675, 0.8987180194328973, 0.0732088773738684], [0.014306207144442312, 0.9769860180039162, 0.0001917452913437396, 0.008516029560297764], [0.5835086017579149, 0.0005644255830004699, 0.40291121928200624, 0.013015753377078491], [0.04957390975353014, 0.046845117596440146, 0.8717836626432977, 0.03179731000673209], [0.29569125459044454, 0.20200512876818694, 0.00330514096732799, 0.4989984756740405], [0.001979242572740319, 0.9932571784943001, 0.004641440862414473, 0.0001221380705451106], [0.19395926328553464, 0.7999690207240465, 0.00016159959153710016, 0.005910116398881715], [0.10574402895850377, 0.20610259916143595, 0.00014470848722078895, 0.6880086633928395], [0.8650505937228777, 0.13142729838192435, 0.002444918045894337, 0.001077189849303537], [0.6823263064110254, 0.04755188662326348, 0.0006896827887660594, 0.26943212417694495], [0.003068990802868637, 0.9634953466305949, 0.0007349905438517856, 0.03270067202268469], [0.3162851988095339, 0.0025746229641628736, 0.308940343556577, 0.37219983466972617], [0.4475246717588865, 0.11281783702216736, 0.39378446203333245, 0.045873029185613756], [0.3122430597713109, 0.22154795350418963, 0.0699060948583183, 0.39630289186618123], [0.5188282140696706, 0.013747982150578162, 0.4522894743296542, 0.015134329450097043], [0.8739845569895407, 0.00017252057825882858, 0.10354070374120503, 0.022302218690995544], [0.8325659184552908, 0.03200124064622196, 0.019064495384465526, 0.11636834551402178], [0.06826456192682097, 0.003443099846982852, 0.14211919398889056, 0.7861731442373056], [0.7828710414290817, 0.00023472251976236114, 0.028089344364164683, 0.18880489168699124], [0.9846356513872053, 8.321172436704566e-05, 0.0036192281296328556, 0.01166190875879492], [0.9964476937364473, 0.0006645617627274839, 8.040208205616404e-05, 0.0028073424187690034], [0.9996849979100724, 0.00031403659438982746, 3.530175342248752e-07, 6.124780036571452e-07], [0.6805428398035708, 0.018674925883327982, 0.00015459057874649918, 0.3006276437343547], [0.006430269345711204, 0.5404881702427492, 0.01595202333094857, 0.437129537080591], [0.24706129683679956, 0.6391585933911307, 0.08722721731041123, 0.026552892461658463], [0.0781193901589086, 0.0005552351820909243, 0.07591090071670796, 0.8454144739422925], [0.21826613624034416, 0.01464604385012671, 0.0030215483373258315, 0.7640662715722033], [0.010518267584973116, 0.9775803493754562, 7.987499944174521e-05, 0.011821508040128942], [0.0932054067497553, 0.003302869302217395, 0.9034755070677669, 1.621688026031196e-05], [0.0032363906566367563, 0.00019009798466228782, 0.43872554935253516, 0.5578479620061658], [0.004767239783865083, 0.6430582913298238, 0.13940828547528777, 0.21276618341102332], [0.9451149504764583, 0.050526833757869725, 0.00253690708744317, 0.0018213086782288427], [0.2718458408400827, 0.021986467313432814, 0.024864772953192744, 0.6813029188932919], [0.014244909384994004, 0.7317400393336352, 0.000868467544532005, 0.25314658373683896], [0.03518390798513777, 0.018159390387287647, 2.790637871398495e-05, 0.9466287952488606], [0.0001558282083537435, 1.6137802019748433e-05, 0.0026459026199498674, 0.9971821313696767], [0.14397540938881098, 1.767675277117807e-06, 9.067851781763744e-05, 0.8559321444180942], [0.010451651345432626, 0.9648561748190665, 0.000622636094912119, 0.02406953774058879], [0.050049498787459325, 0.0001292236107846153, 1.266609930816587e-06, 0.9498200109918253], [0.08164464304066697, 0.2739463345775119, 5.0231945887807974e-05, 0.6443587904359332], [0.003063020633100317, 0.0021200272023942173, 0.9083638228058665, 0.08645312935863879]]}}