{"test": {"ids": ["103111480", "102118380", "105115680", "102112030", "99114890", "111115780", "110121140", "98117740", "97110950", "111121930", "105116090", "102110050", "111115910", "106116850", "113121950", "100109360", "103113101", "111121190", "108114220", "106113360", "103113640", "111116411", "103113610", "102114270", "111116290", "110117870", "107115250", "99111340", "113120591", "105112130", "109117600", "105113210", "98111231", "106113830", "100109311", "98112170", "97106000", "113120260", "110115890", "110114651", "98113881", "97105580", "107116340", "99112641", "105118171", "98110810", "107121700", "104113190", "112116290", "102107961", "97107950", "113119930", "99120010", "109119460", "104117200", "97114170", "108119510", "105117200", "107120010", "97109570", "98107380", "99105921", "105110251", "104111880", "107113130", "101108290", "110121500", "101111990", "113118810", "110118630", "113121680", "108117360", "108120260", "109113281", "111119340", "103120780", "99108310", "112119610", "105116980", "110116300", "112120270", "102112170", "112120990", "106117790", "98110230", "110121170", "112116990", "113122510", "104114410", "113118511", "112116401", "111118301", "110120540", "107113260", "106120290", "102110890", "100111390", "99109370", "112117461", "103111830", "100109000", "111119950", "104114230", "103113270", "108121351", "99108460", "111117480", "109117630", "98106111", "99109780", "101113210", "111120260", "98121790", "99108080", "110115250", "113122230", "113121410", "107118520", "110117200", "111118820", "97112170", "111116010", "110115710", "100115700", "109118161", "113117630", "110118161", "102112301", "110118810", "102110850", "100109910", "109117080", "100110260", "110118930", "103120730", "112118890", "105114220", "107113550", "113118231", "100111620", "107112840", "99108330"], "labels": [0, 1, 2, 2, 2, 1, 3, 2, 3, 1, 1, 3, 2, 3, 3, 0, 3, 1, 3, 0, 1, 0, 2, 3, 2, 3, 2, 1, 0, 1, 1, 3, 1, 1, 1, 3, 0, 3, 2, 3, 3, 1, 3, 1, 3, 1, 3, 3, 0, 3, 2, 1, 2, 1, 3, 2, 1, 3, 1, 0, 1, 1, 0, 3, 1, 0, 3, 2, 3, 1, 1, 1, 1, 0, 3, 1, 2, 0, 0, 3, 0, 3, 2, 1, 3, 2, 0, 2, 1, 1, 0, 3, 1, 0, 2, 0, 2, 1, 0, 3, 1, 0, 2, 2, 3, 0, 1, 0, 0, 2, 3, 3, 2, 3, 1, 1, 0, 2, 3, 0, 0, 1, 2, 1, 0, 0, 0, 1, 1, 3, 2, 1, 3, 1, 1, 3, 3, 0, 3, 3, 1, 1], "predicted_labels": [0, 2, 1, 1, 1, 1, 0, 1, 0, 3, 3, 1, 1, 2, 1, 3, 1, 0, 0, 3, 3, 3, 1, 1, 3, 3, 3, 2, 3, 1, 1, 0, 0, 0, 0, 0, 2, 0, 0, 3, 1, 1, 3, 1, 3, 1, 3, 1, 1, 3, 2, 1, 1, 3, 1, 3, 3, 1, 3, 0, 0, 1, 0, 3, 3, 3, 0, 1, 1, 1, 1, 0, 1, 0, 3, 3, 2, 1, 3, 1, 0, 0, 1, 3, 3, 3, 3, 3, 1, 1, 3, 1, 1, 3, 1, 0, 1, 1, 3, 3, 3, 3, 1, 3, 3, 1, 1, 0, 2, 2, 1, 3, 1, 0, 1, 1, 3, 1, 0, 0, 0, 1, 1, 3, 1, 3, 0, 3, 0, 1, 2, 1, 0, 1, 1, 1, 0, 3, 1, 2, 1, 3], "confidence_scores": [[0.7576767733049496, 0.12409587564573843, 0.002648274839884818, 0.11557907620942678], [0.06089305567673806, 0.11264823860259651, 0.7552517368037946, 0.07120696891687094], [0.031422552257265174, 0.5143423091762357, 0.2724209866320812, 0.18181415193441808], [0.1528384237389944, 0.30468711080887084, 0.3805544237397667, 0.1619200417123678], [0.02371841877971688, 0.564021939508305, 0.11550205685003352, 0.2967575848619451], [0.14832812393600342, 0.43241173473072875, 0.08600356662862724, 0.33325657470464054], [0.9088730522967781, 0.009804447696515221, 0.004423276509475255, 0.0768992234972312], [0.19140487227449313, 0.34471089356282275, 0.23690277869906173, 0.22698145546362236], [0.7919813526138508, 0.0060074452377805775, 0.1557378926166576, 0.04627330953171107], [0.20170383272365772, 0.08315904723146597, 0.535594401228542, 0.17954271881633452], [0.21644978847512852, 0.09338628151268369, 0.0029507741964314937, 0.6872131558157563], [0.0525871906333796, 0.42624421086870223, 0.4008655413357985, 0.12030305716211984], [0.10354160256291939, 0.8096878105884641, 0.021021484797671644, 0.06574910205094486], [0.03079495050354214, 0.11449604963113065, 0.8220570481033616, 0.03265195176196566], [0.2898068874718233, 0.4567945169548012, 0.014953558369230858, 0.23844503720414484], [0.4658882005397875, 0.035763914187866466, 0.0897296534345006, 0.4086182318378454], [0.09907886140195818, 0.38999999132508484, 0.30158273324904883, 0.2093384140239084], [0.8752902138879918, 0.025677772059630566, 0.014036050540118111, 0.08499596351225942], [0.5658225060934045, 0.13437625832921976, 0.01839447622705067, 0.28140675935032494], [0.26944862088580906, 0.10917772080306315, 0.023279626892988955, 0.5980940314181388], [0.5587898221312447, 0.06469539536429059, 0.006402230370238357, 0.37011255213422645], [0.4499178056843773, 0.013713883829984258, 0.022481163315821416, 0.5138871471698171], [0.12041138450362907, 0.33710467539569744, 0.5001765884638906, 0.04230735163678279], [0.05679626495038628, 0.4156953836652596, 0.33697816442704853, 0.19053018695730595], [0.1381916818474636, 0.21706941371192248, 0.43869691539305217, 0.20604198904756224], [0.20462224186433364, 0.05857838166314728, 0.23335415505869608, 0.5034452214138231], [0.2597786902730892, 0.2121577766029218, 0.14109833298049984, 0.38696520014348895], [0.013889422542668938, 0.08032022209114716, 0.8254090790538562, 0.08038127631232778], [0.17293953596140338, 0.199902592157197, 0.32285061050399155, 0.30430726137740827], [0.030199037851908174, 0.420467446446525, 0.24894955952136408, 0.3003839561802027], [0.16999572173160526, 0.36675149491390363, 0.3047674451317003, 0.1584853382227908], [0.5206753125030121, 0.1141159229092891, 0.038489415748565486, 0.32671934883913323], [0.6716511127061424, 0.18796376208033774, 0.08784264543701382, 0.052542479776506286], [0.4725671531088951, 0.27673163054051625, 0.0034308659232102023, 0.24727035042737833], [0.646985476795945, 0.1265846195352313, 0.025807032260620446, 0.2006228714082029], [0.8486818272797243, 0.010623125539989241, 0.03356856116765081, 0.1071264860126357], [0.06498642662910635, 0.02435587302918975, 0.8506467116317423, 0.06001098870996124], [0.4149750674721516, 0.20787015671960338, 0.20589736401916156, 0.1712574117890835], [0.5449589642226734, 0.3870971187806804, 0.034696214254791226, 0.03324770274185505], [0.21242519629369458, 0.018980138410205714, 0.02131699427100282, 0.7472776710250969], [0.09875879422176469, 0.4698023953229518, 0.30413570796264333, 0.1273031024926403], [0.016961291967895566, 0.7592555819558223, 0.17672406779869365, 0.04705905827758885], [0.08042218657974397, 0.3194166067399904, 0.14817437114671525, 0.4519868355335506], [0.32523240570194656, 0.24373747591388167, 0.24079908136160322, 0.19023103702256838], [0.199913880472998, 0.34066808467099824, 0.04940096443024832, 0.4100170704257553], [0.05025806577179557, 0.17355304193611829, 0.757834031482414, 0.018354860809672385], [0.07334337198584795, 0.38443272260616357, 0.14943433258151068, 0.39278957282647775], [0.07041406399129967, 0.6104123668893282, 0.06125977809079661, 0.25791379102857565], [0.07292706338265215, 0.3946711367658088, 0.20542719228431938, 0.3269746075672194], [0.4234588811585408, 0.04318693172895929, 0.03572482069496811, 0.4976293664175317], [0.023358951674158968, 0.012669247969728544, 0.93591373504391, 0.02805806531220259], [0.19154302839742052, 0.751856816686488, 0.009603234582462242, 0.04699692033362918], [0.15019989869952732, 0.4957663855614897, 0.23061862995718987, 0.12341508578179265], [0.427447728872487, 0.09080409532315732, 0.028696091148647313, 0.4530520846557085], [0.07531391066149974, 0.8017238173676711, 0.03629304700338108, 0.08666922496744804], [0.020719957273790363, 0.12926694615045464, 0.5754717013673437, 0.2745413952084116], [0.12841409414283397, 0.11810035807434137, 0.06976973326401946, 0.6837158145188049], [0.12741009497898806, 0.601888066396043, 0.1716860972969019, 0.09901574132806712], [0.04891130278558135, 0.037915083304657475, 0.1684967423974854, 0.7446768715122752], [0.7679015612168757, 0.031233027832831373, 0.17393862121749676, 0.026926789732796573], [0.6101931361600189, 0.014566611548091527, 0.3322520863179192, 0.04298816597397026], [0.14221102039175376, 0.6639873507313171, 0.12133697186410612, 0.07246465701282309], [0.6623529736233964, 0.22478154120911212, 0.02618980924543377, 0.08667567592205783], [0.030704808672911435, 0.25595735267400677, 0.30976266974388506, 0.4035751689091968], [0.16834714666352746, 0.2117520208239593, 0.44337882030217746, 0.1765220122103359], [0.18798734605502707, 0.3474507593787653, 0.05433782562291716, 0.41022406894329055], [0.7893092575600796, 0.08260132251597524, 0.013129851635815933, 0.11495956828812907], [0.1847214725644172, 0.3085867058295671, 0.3410201837542658, 0.16567163785174974], [0.27970899930456894, 0.5569127246031685, 0.08912536725947134, 0.07425290883279131], [0.057530877435062217, 0.4367091367959328, 0.17090508303707203, 0.33485490273193264], [0.17789740720115957, 0.4040111603705092, 0.1852685006249751, 0.23282293180335592], [0.3625869237623663, 0.1610010579549864, 0.3111067417314534, 0.16530527655119392], [0.22544749011786633, 0.46082039295575766, 0.011883990666621476, 0.30184812625975466], [0.5790645710793355, 0.23840114371832322, 0.12200833512301575, 0.06052595007932557], [0.06520497925850517, 0.25466934441004363, 0.11659988774273902, 0.5635257885887124], [0.37728438866628156, 0.2613179980611654, 0.07836111017234562, 0.2830365031002074], [0.27404594857809494, 0.1400603314372567, 0.5285241394262264, 0.05736958055842171], [0.013586914565938597, 0.737310772788574, 0.11776428045643655, 0.13133803218905088], [0.23924388227543628, 0.08441844394721597, 0.001000238416141033, 0.6753374353612068], [0.24083495500576757, 0.5119541066597162, 0.02446927891560445, 0.22274165941891153], [0.6092358862354642, 0.13561954204344917, 0.020643793087186557, 0.2345007786339], [0.5395193486276921, 0.03698339929501561, 0.1612491679347979, 0.26224808414249445], [0.100664681008922, 0.4847233556540759, 0.37098954755164987, 0.043622415785352434], [0.24681070330467553, 0.2911924205316954, 0.1480069317055798, 0.3139899444580492], [0.1667706946969688, 0.24009032791265744, 0.2631006248541466, 0.33003835253622693], [0.21171421531826434, 0.09910897396408654, 0.09704479906536372, 0.5921320116522852], [0.15083023795319256, 0.03674752497515087, 0.3000284609917738, 0.5123937760798827], [0.01878282212437675, 0.18051136670195644, 0.4371524222315072, 0.36355338894216005], [0.0904497048722833, 0.3543343730488903, 0.3774128399587931, 0.17780308212003357], [0.10166748905798866, 0.8271291357906392, 0.027167807944416072, 0.04403556720695598], [0.5821463379670015, 0.012306550211000019, 0.002802872894670627, 0.4027442389273277], [0.32515705086708085, 0.3055039798047407, 0.1307251046679316, 0.23861386466024653], [0.08217404656918567, 0.6425034422658165, 0.23270139034278692, 0.04262112082221103], [0.22659803687756452, 0.2620527992624681, 0.23841219632794347, 0.27293696753202384], [0.1150130958684431, 0.5391465787413807, 0.05959416461644406, 0.2862461607737321], [0.5799893501414054, 0.03521113064897544, 0.03728365964979013, 0.34751585955982905], [0.258531033590565, 0.2755756149312941, 0.1925579430860078, 0.27333540839213305], [0.055886820518658925, 0.5219197867907389, 0.3809198501050974, 0.04127354258550494], [0.10914682403198928, 0.07380084191763142, 0.018533340399077426, 0.7985189936513016], [0.19114981071784456, 0.06254299439588919, 0.2638180825824996, 0.48248911230376695], [0.05535721289937982, 0.050583991886285616, 0.133054321411775, 0.7610044738025594], [0.21390374587168565, 0.05219391587115176, 0.03456961982528185, 0.6993327184318807], [0.11227372620616602, 0.5873708771484095, 0.2154357591289156, 0.08491963751650872], [0.05962804830565526, 0.0771304028571902, 0.6628797996797899, 0.20036174915736463], [0.2774503847705217, 0.18466915654980046, 0.041205530206144446, 0.49667492847353334], [0.09005128077309954, 0.4462153957223054, 0.06845283543691949, 0.39528048806767596], [0.21661023478038893, 0.6256837528678202, 0.07249594858501775, 0.08521006376677316], [0.66400218275884, 0.1111022270542946, 0.010705880930846177, 0.2141897092560191], [0.2708276876839565, 0.06281528427357481, 0.5775897142076386, 0.08876731383483003], [0.05461331120390101, 0.152506796389633, 0.7667674404412952, 0.02611245196517057], [0.254858554379666, 0.31590805671149974, 0.21116794122525614, 0.21806544768357766], [0.4611073757991226, 0.13587759392683546, 0.04238381805035959, 0.3606312122236821], [0.28819013274638267, 0.1765569144683118, 0.393744718837533, 0.14150823394777243], [0.8571898244461453, 0.04383122949568085, 0.008519017252150296, 0.09045992880602387], [0.19854798391302647, 0.4761241991656692, 0.05535882982071949, 0.269968987100585], [0.07693700369697046, 0.35831347679056774, 0.4520805467701205, 0.11266897274234157], [0.5248332202272276, 0.026477530328455533, 0.0018053306327499557, 0.44688391881156697], [0.22948297476767607, 0.6493498732161443, 0.06521443612789905, 0.05595271588828069], [0.7032897660401077, 0.17606058321184062, 0.004795010433460935, 0.11585464031459079], [0.9331673805406239, 0.016217177482963644, 0.0015907241476580528, 0.04902471782875458], [0.448545105786472, 0.16384919273244639, 0.12235632259857646, 0.26524937888250516], [0.04602229660727273, 0.7870186622546489, 0.11012757181629211, 0.056831469321786315], [0.39561599072355275, 0.31994546441076044, 0.09170502062920945, 0.19273352423647716], [0.3572360551457896, 0.19719643141740947, 0.15593224831071342, 0.2896352651260878], [0.5057655980675936, 0.3771937889045056, 0.03805122924434037, 0.0789893837835602], [0.33843284324261264, 0.16327171241651023, 0.11434089277128152, 0.38395455156959585], [0.5794919029164696, 0.3222170554828613, 0.01374033393842201, 0.08455070766224713], [0.0724415808330362, 0.1701767499342647, 0.12111672669966801, 0.6362649425330312], [0.7024555702702292, 0.20651895528731196, 0.011441890006632637, 0.07958358443582626], [0.05988698020746976, 0.7891794924951145, 0.044034588743938625, 0.10689893855347683], [0.13672429911462744, 0.02367651151078501, 0.7841268114469092, 0.055472377927678264], [0.00827192696269508, 0.9619532543235312, 0.013167774528110776, 0.016607044185663302], [0.5298012027552764, 0.0806357740062007, 0.08541327200968955, 0.30414975122883325], [0.0326549577449128, 0.7019681341093066, 0.10210955833867989, 0.16326734980710073], [0.09166034948374253, 0.4571943484496041, 0.18573093419760486, 0.2654143678690486], [0.08920968091312928, 0.5828892017464901, 0.15496761099707965, 0.1729335063433013], [0.7554960347371632, 0.0659001915705488, 0.08524984610742994, 0.09335392758485823], [0.23978249475759303, 0.10449794957660616, 0.17417157014108353, 0.4815479855247172], [0.08684391281177746, 0.4576054879684685, 0.15613384453402263, 0.29941675468573137], [0.04853619158030281, 0.04982549569934376, 0.7652030286552645, 0.13643528406508873], [0.019386589641187127, 0.6454866493606588, 0.19067849071097284, 0.14444827028718105], [0.0820018900858879, 0.04461807933429412, 0.4742143634018517, 0.3991656671779662]]}, "rewritten": {"ids": ["97105580", "97106000", "97107950", "97109570", "97110950", "97112170", "97114170", "98106111", "98107380", "98110230", "98110810", "98111231", "98112170", "98113881", "98117740", "98121790", "99105921", "99108080", "99108310", "99108330", "99108460", "99109370", "99109780", "99111340", "99112641", "99114890", "99120010", "100109000", "100109311", "100109360", "100109910", "100110260", "100111390", "100111620", "100115700", "101108290", "101111990", "101113210", "102107961", "102110050", "102110850", "102110890", "102112030", "102112170", "102112301", "102114270", "102118380", "103111480", "103111830", "103113101", "103113270", "103113610", "103113640", "103120730", "103120780", "104111880", "104113190", "104114230", "104114410", "104117200", "105110251", "105112130", "105113210", "105114220", "105115680", "105116090", "105116980", "105117200", "105118171", "106113360", "106113830", "106116850", "106117790", "106120290", "107112840", "107113130", "107113260", "107113550", "107115250", "107116340", "107118520", "107120010", "107121700", "108114220", "108117360", "108119510", "108120260", "108121351", "109113281", "109117080", "109117600", "109117630", "109118161", "109119460", "110114651", "110115250", "110115710", "110115890", "110116300", "110117200", "110117870", "110118161", "110118630", "110118810", "110118930", "110120540", "110121140", "110121170", "110121500", "111115780", "111115910", "111116010", "111116290", "111116411", "111117480", "111118301", "111118820", "111119340", "111119950", "111120260", "111121190", "111121930", "112116290", "112116401", "112116990", "112117461", "112118890", "112119610", "112120270", "112120990", "113117630", "113118231", "113118511", "113118810", "113119930", "113120260", "113120591", "113121410", "113121680", "113121950", "113122230", "113122510"], "labels": [1, 0, 2, 0, 3, 0, 2, 0, 1, 3, 1, 1, 3, 3, 2, 2, 1, 3, 2, 1, 0, 1, 2, 1, 1, 2, 2, 1, 1, 0, 2, 3, 2, 3, 1, 0, 2, 3, 3, 3, 3, 0, 2, 3, 1, 3, 1, 0, 3, 3, 2, 2, 1, 1, 1, 3, 3, 2, 1, 3, 0, 1, 3, 3, 2, 1, 0, 3, 3, 0, 1, 3, 1, 2, 1, 1, 0, 0, 2, 3, 2, 1, 3, 3, 1, 1, 1, 3, 0, 1, 1, 0, 0, 1, 3, 1, 2, 2, 3, 3, 3, 0, 1, 1, 1, 1, 3, 2, 3, 1, 2, 1, 2, 0, 1, 3, 0, 3, 0, 3, 1, 1, 0, 0, 0, 0, 3, 0, 0, 2, 0, 3, 1, 3, 1, 3, 0, 0, 1, 3, 1, 2], "predicted_labels": [1, 0, 2, 0, 0, 0, 3, 0, 0, 1, 1, 1, 0, 1, 1, 3, 1, 3, 0, 3, 1, 1, 1, 1, 1, 1, 3, 3, 3, 0, 2, 3, 3, 3, 3, 0, 1, 3, 0, 1, 1, 3, 2, 0, 1, 1, 1, 1, 0, 3, 3, 1, 0, 3, 3, 3, 1, 1, 1, 1, 0, 2, 3, 0, 1, 3, 3, 3, 1, 3, 1, 2, 1, 3, 1, 1, 3, 0, 3, 3, 1, 3, 3, 0, 2, 3, 1, 3, 0, 1, 3, 0, 0, 3, 3, 1, 1, 0, 3, 1, 1, 1, 3, 0, 1, 1, 0, 3, 1, 1, 1, 1, 3, 0, 1, 1, 0, 1, 3, 3, 0, 0, 3, 3, 0, 3, 1, 1, 3, 1, 0, 1, 1, 1, 1, 3, 3, 3, 1, 1, 1, 1], "confidence_scores": [[0.03133309376063782, 0.7391520145429512, 0.1288169464559547, 0.10069794524045624], [0.30670439740859273, 0.1440392849193465, 0.4384791455596302, 0.11077717211243049], [0.024052724550809663, 0.033686592907855216, 0.8456202597606559, 0.09664042278067884], [0.7364830921439083, 0.07719024853323254, 0.13617780758829798, 0.050148851734560726], [0.7956149601568231, 0.02041793390113694, 0.10341289978647472, 0.08055420615556531], [0.5560935069160402, 0.22500662625643533, 0.12740225705746905, 0.09149760977005528], [0.04252369556957498, 0.09423457987500762, 0.22043679158758372, 0.6428049329678339], [0.6341474801683635, 0.06889028029994877, 0.03817487782742839, 0.2587873617042594], [0.433114375834119, 0.01231797517034163, 0.3506420950759262, 0.2039255539196131], [0.1092546012583155, 0.45541315988042014, 0.07158384294469512, 0.36374839591656943], [0.01670738653400202, 0.4981820356892729, 0.468538466494183, 0.016572111282541963], [0.4032248541810985, 0.4015881676199429, 0.07398200112306869, 0.12120497707589041], [0.7603541486230125, 0.031160285250952817, 0.03159987538493997, 0.17688569074109442], [0.17235715325863762, 0.3330014910314375, 0.23367084806371402, 0.26097050764621105], [0.1847935332008896, 0.36499894082364054, 0.3009841044099288, 0.1492234215655411], [0.33735231811879063, 0.23651402466356036, 0.1449076868806983, 0.2812259703369507], [0.10940402077485686, 0.5729555760634378, 0.18345777957504864, 0.13418262358665664], [0.3528188316733726, 0.13194975365499426, 0.10653756242997973, 0.40869385224165333], [0.3997844519674112, 0.10659406029994813, 0.43291571151845204, 0.060705776214188746], [0.05945527203236514, 0.14252258642809126, 0.5735482648730146, 0.22447387666652907], [0.018757978430019574, 0.5322207389781453, 0.03893072879961411, 0.41009055379222104], [0.016128823763211803, 0.9279286634206777, 0.046561453408414714, 0.009381059407695751], [0.017500779112327166, 0.4020180099106122, 0.5483679226957947, 0.032113288281266104], [0.02801806281883652, 0.6974101008488576, 0.22179746113849086, 0.05277437519381487], [0.12947866876681707, 0.606374064746884, 0.041889295816593064, 0.22225797066970565], [0.052584915956013834, 0.27370282825414455, 0.4911800182164272, 0.18253223757341425], [0.3627022924516429, 0.2036165141037071, 0.15713147314717252, 0.27654972029747743], [0.07899520125096245, 0.12137908312804725, 0.1960677557673183, 0.6035579598536719], [0.4264581288184794, 0.10550153130290668, 0.09787311961969192, 0.3701672202589217], [0.6671670381565126, 0.02884175594440869, 0.20389791934060492, 0.1000932865584737], [0.04982918326112212, 0.002864396800244302, 0.9342145435275983, 0.01309187641103543], [0.2953224345056539, 0.14870787085799356, 0.042494199383451614, 0.5134754952529007], [0.19886980757988723, 0.3188723888459697, 0.06770797385019058, 0.41454982972395243], [0.12905404921826777, 0.11284262779944355, 0.569523787295766, 0.1885795356865226], [0.21602158410523584, 0.1925304090883798, 0.23031458826130496, 0.36113341854507935], [0.5311244175509674, 0.2770037055880861, 0.008683897864345268, 0.18318797899660114], [0.10371340440843543, 0.3187747144283524, 0.5279175272117479, 0.04959435395146436], [0.513364899863702, 0.0319997528342246, 0.07092641355206554, 0.38370893375000775], [0.8832831185212662, 0.012326492613006538, 0.05021971914371328, 0.054170669722014196], [0.05083477767213652, 0.32663479909621834, 0.29348694638126793, 0.3290434768503772], [0.06453269473995954, 0.5508872501868525, 0.23054540373542304, 0.15403465133776498], [0.3859542424103746, 0.0243728515269288, 0.05414253514493112, 0.5355303709177655], [0.08628705460952252, 0.08980186968806111, 0.7543977700523049, 0.06951330565011156], [0.6767978016754645, 0.04163854783126032, 0.03360225658813756, 0.24796139390513747], [0.27117167058387626, 0.4144192405933379, 0.05029729061075447, 0.26411179821203146], [0.11784840634439814, 0.3541473320058585, 0.30583871448598804, 0.22216554716375553], [0.016349563159982625, 0.6076563789290267, 0.16587710952061985, 0.2101169483903707], [0.5438157082891157, 0.39304676166940483, 0.004457248562656022, 0.058680281478823114], [0.6476301450420002, 0.012726414353075453, 0.030952300500829696, 0.30869114010409465], [0.13802643466111572, 0.1936600144243823, 0.28110938437532373, 0.3872041665391783], [0.07779519835931674, 0.1431638632057175, 0.2683313461851077, 0.5107095922498581], [0.40163903098310444, 0.3106209180183985, 0.2633535498520336, 0.02438650114646344], [0.8817198843811359, 0.028762938910272106, 0.018314497897090137, 0.07120267881150168], [0.22539051768959217, 0.1926595035493062, 0.10801838761488884, 0.4739315911462131], [0.21261000180785916, 0.16143966141247812, 0.08302242795676588, 0.5429279088228965], [0.04032560574880326, 0.1311182734543244, 0.05596720422902608, 0.7725889165678465], [0.04456706052812795, 0.8551390610807061, 0.07236024573672256, 0.02793363265444333], [0.1086885621666427, 0.3773017786090467, 0.18593072368602875, 0.3280789355382817], [0.0659357751373036, 0.4107475486360094, 0.216827605028935, 0.306489071197752], [0.19544537233438525, 0.6006585949503804, 0.01733162403124779, 0.18656440868398647], [0.6390773199818738, 0.3033013296046432, 0.007838952846486266, 0.04978239756699677], [0.04940520970747166, 0.1333638960109981, 0.7141290378308675, 0.1031018564506627], [0.4079464460401578, 0.1912125531030872, 0.06604955288470252, 0.33479144797205274], [0.4533106530244244, 0.25801836527753813, 0.16935728522359622, 0.11931369647444129], [0.027405958594055483, 0.41838596111612314, 0.5088799111088472, 0.04532816918097451], [0.05833557763694426, 0.13303194557957426, 0.009792276973410122, 0.7988401998100713], [0.1601166362004686, 0.03031081339431168, 0.0011306031417150366, 0.8084419472635046], [0.18638396158554205, 0.1866195762171129, 0.10608082014909821, 0.520915642048247], [0.2937852538526553, 0.6056632968400127, 0.01450754056815917, 0.08604390873917275], [0.045695988162148135, 0.04679529333418215, 0.030056001304407044, 0.8774527171992625], [0.44517941131634514, 0.42176432644551354, 0.003309283642848441, 0.1297469785952929], [0.061602499197956156, 0.12483383053452289, 0.7672378647257379, 0.04632580554178316], [0.1640132348701925, 0.4052926209362241, 0.1164647453441441, 0.31422939884943935], [0.1385418675615893, 0.20115083977454126, 0.05466531032807221, 0.6056419823357974], [0.037554405725930495, 0.4304093114332936, 0.4319500415785325, 0.10008624126224393], [0.06623762834149434, 0.17022772106948683, 0.6993294598847617, 0.0642051907042571], [0.1417416897404627, 0.04519415771830088, 0.3009869940334792, 0.5120771585077576], [0.6708367387421535, 0.030112578782666287, 0.03696312862289171, 0.2620875538522883], [0.25059099335866847, 0.23618159533817154, 0.022129602064407162, 0.4910978092387527], [0.06246560105765353, 0.26281406942651386, 0.15638824191465114, 0.5183320876011814], [0.251866279324205, 0.5630932002009916, 0.07114031981600703, 0.1139002006587964], [0.18911377604824375, 0.1250896138357612, 0.15417357020098793, 0.5316230399150073], [0.09062547564083655, 0.14866848017254658, 0.10233901312812674, 0.6583670310584898], [0.8033801962802396, 0.08102817751721034, 0.019345686793248214, 0.09624593940930193], [0.04755696232916932, 0.09727706593550965, 0.7376633093975955, 0.11750266233772515], [0.353797996064126, 0.06631981591333193, 0.006923484084451279, 0.5729587039380911], [0.13781391646673177, 0.71774529892364, 0.00526278800085778, 0.13917799660877037], [0.38861374988073305, 0.09682034878357763, 0.021547635422641535, 0.49301826591304765], [0.7046040555557951, 0.07579145770364407, 0.03163285447379008, 0.18797163226677083], [0.022786139438960785, 0.8603319230983557, 0.07523194057906664, 0.04164999688361682], [0.1837688529788287, 0.09790649039365733, 0.28169045299661777, 0.43663420363089644], [0.8188460235810079, 0.08916931617530009, 0.0285208819615035, 0.06346377828218835], [0.7435847845178528, 0.20798478727533715, 0.011078105334490072, 0.03735232287231999], [0.3064782207985305, 0.28512375233439957, 0.07807843410817336, 0.3303195927588961], [0.2798931821000658, 0.04591149539566256, 0.046588602174460876, 0.627606720329811], [0.050115719040260166, 0.19245204766831137, 0.5312201081917266, 0.2262121250997018], [0.3744243238148619, 0.42864963484089474, 0.14818569276189883, 0.04874034858234464], [0.5934994616912761, 0.10192914003776168, 0.013047819901336568, 0.2915235783696256], [0.276380440649091, 0.20770055372397528, 0.06010353812233603, 0.4558154675045977], [0.16718261514917604, 0.7813642898819018, 0.03280350933165336, 0.018649585637268675], [0.3955032103849155, 0.31644245397601606, 0.12879139189939104, 0.15926294373967745], [0.14505568814821682, 0.7050531092374553, 0.020380619779528, 0.1295105828347997], [0.36044765553170893, 0.25484787981577944, 0.06824962197205171, 0.3164548426804603], [0.792198368270612, 0.12899818272251692, 0.005660135345794761, 0.07314331366107629], [0.12394971846537951, 0.46488826360616503, 0.18533291761199877, 0.22582910031645648], [0.2172392683934385, 0.6445816156632063, 0.07838913176550116, 0.0597899841778542], [0.8678185188756953, 0.011451063972632134, 0.043039163034231546, 0.07769125411744081], [0.10517270178432095, 0.049765144758192284, 0.2778013121077205, 0.5672608413497658], [0.061687110003995314, 0.5891332342165088, 0.00919041881253736, 0.33998923696695826], [0.10767161446333647, 0.7277613323021968, 0.07113870190910758, 0.09342835132535883], [0.2633002845378511, 0.3374246739783578, 0.22216281509974994, 0.17711222638404128], [0.49755454836878776, 0.4351841529773286, 0.034683460253013866, 0.032577838400869835], [0.08509651073608769, 0.1748180467292268, 0.20923176757950687, 0.5308536749551789], [0.8045232586502963, 0.03021768318470506, 0.007553707512686897, 0.15770535065231187], [0.02955158430882497, 0.6921742749027381, 0.09837162656452865, 0.17990251422390827], [0.15578620556304182, 0.519629491982089, 0.19569316938403278, 0.12889113307083608], [0.8338079617711857, 0.03529657042535949, 0.006547323387266217, 0.12434814441618862], [0.12936102119653628, 0.3045671122869981, 0.3157356695100123, 0.25033619700645304], [0.28704928508544963, 0.012877732646659753, 0.07116953387231584, 0.6289034483955744], [0.2823528153104509, 0.21791910100801817, 0.07340819285434311, 0.4263198908271878], [0.7739904472301018, 0.034100641625515904, 0.03859217405697027, 0.1533167370874119], [0.7384348511389495, 0.0938140124120062, 0.05672508784922155, 0.11102604859982265], [0.055268996161900216, 0.16389213255428683, 0.46029655477978254, 0.3205423165040304], [0.33677344765476136, 0.010460455040036273, 0.000812458486156479, 0.6519536388190458], [0.5798666752107166, 0.030595271358293343, 0.1640313176530338, 0.22550673577795619], [0.28867494422960127, 0.007934765088992046, 0.0008185874437618789, 0.7025717032376447], [0.13620480316518388, 0.550870173827444, 0.14914994055461056, 0.1637750824527615], [0.04401225543752679, 0.5641097411480992, 0.3406194855138224, 0.05125851790055164], [0.31197663691957905, 0.1511893045580301, 0.14113216404841952, 0.3957018944739715], [0.22351612176349975, 0.4287984705023899, 0.13506412059531064, 0.21262128713879924], [0.57541416702571, 0.22236081185393022, 0.10696650198565025, 0.09525851913470962], [0.21379746167173028, 0.4297062127756762, 0.3206169525462501, 0.03587937300634354], [0.36310780404223586, 0.4040249166755618, 0.02776245268113324, 0.20510482660106905], [0.2162704199155171, 0.5411047907815861, 0.22538345539123544, 0.01724133391166145], [0.18657251788181062, 0.7504921299722095, 0.018980093471084116, 0.04395525867489594], [0.1953532636296262, 0.2464790906967845, 0.06181413260963993, 0.4963535130639493], [0.31678080041681034, 0.08019058417143683, 0.11328840897239643, 0.48974020643935634], [0.5511402880483448, 0.04749434203943186, 0.0009997353312954536, 0.4003656345809277], [0.3681419705737275, 0.31488826997430275, 0.20345394928401198, 0.11351581016795788], [0.3429507601615274, 0.4849992857257199, 0.04299775993587748, 0.12905219417687527], [0.049007582022881004, 0.6901186511239473, 0.203220025709433, 0.057653741143739], [0.0046926339688134495, 0.2573549205251467, 0.6117766131294166, 0.12617583237662316]]}}