{"test": {"ids": ["109115380", "101119591", "107118490", "109121640", "112118620", "99108000", "109121351", "99108520", "102110750", "107119950", "111114941", "111116040", "98116940", "100108990", "110118161", "110118630", "98106880", "108121160", "111115620", "107113360", "112117660", "112118890", "112118471", "108113760", "112119610", "99108010", "99107560", "110114920", "104117630", "99117740", "109116441", "108114200", "112117780", "97107681", "108116501", "102110890", "108119330", "112121360", "113117550", "107120010", "108120260", "101108950", "100115700", "101121640", "113117630", "108121190", "102114270", "98109230", "99109141", "108120280", "103110100", "107113840", "99107500", "110114561", "108117360", "110118450", "113120591", "109117150", "98112300", "113118231", "98108970", "106113830", "112118860", "113118810", "102112301", "113120531", "112119500", "104117200", "101111990", "107117630", "98108520", "113122650", "112121351", "104114410", "97106591", "107120880", "110117080", "97113260", "100108580", "113122430", "111120320", "105112260", "112119950", "110120190", "113119340", "102109840", "103109021", "105113480", "112116880", "108118291", "107120260", "104111380", "113122510", "100111390", "113119450", "113120260", "113122230", "113122320", "98108150", "103113170", "105114220", "108116481", "103113640", "108118630", "113119700", "103112470", "113119120", "98107410", "98110810", "112119120", "104114230", "111121930", "113120780", "106116820", "97105451", "113120540", "110116170", "108113700", "100113210", "110118880", "98117740", "111115770", "99121440", "99109740", "107115250", "107115140", "104113170", "101108370", "98107380", "102111990", "99109780", "98107010", "97105580", "107120130", "110118181", "97116500", "99112641", "104112470", "102110690", "103109791", "110118740", "110118701"], "labels": [3, 0, 2, 0, 3, 2, 0, 2, 1, 3, 0, 0, 2, 2, 0, 1, 0, 2, 1, 0, 0, 3, 1, 1, 0, 2, 1, 3, 0, 2, 3, 0, 0, 3, 0, 0, 0, 3, 3, 1, 1, 2, 1, 2, 0, 1, 3, 1, 3, 3, 1, 3, 0, 0, 1, 0, 0, 2, 2, 3, 3, 1, 3, 3, 1, 0, 2, 3, 2, 0, 2, 2, 0, 1, 1, 1, 1, 1, 0, 2, 1, 3, 0, 3, 0, 2, 0, 0, 0, 3, 1, 3, 2, 2, 3, 3, 1, 1, 0, 3, 3, 0, 1, 1, 0, 1, 3, 3, 1, 1, 2, 1, 0, 1, 0, 3, 0, 0, 0, 0, 2, 3, 2, 3, 2, 0, 3, 1, 1, 2, 2, 3, 1, 2, 1, 2, 1, 1, 0, 3, 3, 3], "predicted_labels": [3, 0, 3, 1, 0, 1, 1, 0, 1, 1, 3, 1, 3, 3, 0, 2, 3, 1, 3, 3, 2, 3, 3, 3, 1, 1, 1, 3, 0, 1, 1, 3, 0, 3, 3, 0, 2, 1, 1, 3, 1, 3, 0, 3, 3, 3, 1, 1, 0, 3, 3, 0, 1, 2, 3, 1, 0, 0, 0, 0, 1, 2, 2, 3, 3, 1, 1, 3, 1, 3, 3, 1, 3, 3, 0, 1, 3, 3, 3, 1, 3, 3, 3, 1, 1, 3, 0, 0, 1, 3, 2, 0, 3, 3, 0, 3, 1, 1, 0, 3, 3, 0, 0, 3, 1, 0, 3, 2, 1, 1, 1, 0, 1, 0, 0, 3, 1, 1, 0, 3, 3, 0, 1, 0, 1, 3, 2, 0, 0, 3, 3, 1, 0, 3, 1, 2, 2, 1, 1, 2, 0, 3], "confidence_scores": [[0.10242288693187851, 0.3049848411375168, 0.19935303442994878, 0.39323923750065587], [0.3220541697601887, 0.21579344276241583, 0.2615689371520723, 0.20058345032532313], [0.20391533858822666, 0.22784739816998328, 0.15274015763005025, 0.41549710561173964], [0.17723390783138077, 0.5195756235435207, 0.06990830259974247, 0.23328216602535606], [0.45565430885660135, 0.23940256312075311, 0.11424923627924022, 0.1906938917434053], [0.09657240605506139, 0.5048575394048064, 0.2481562724600344, 0.15041378208009798], [0.16862825287701458, 0.38988218311040546, 0.16062416958216644, 0.2808653944304136], [0.30485261297083543, 0.2186855764597448, 0.2459441263842029, 0.23051768418521687], [0.09949262466027896, 0.4615992228214806, 0.16980192052740925, 0.2691062319908313], [0.18254821126662776, 0.4916703953737755, 0.15620654591916072, 0.16957484744043605], [0.12200706592812448, 0.2487599540389674, 0.09954431452759349, 0.5296886655053147], [0.22580992963520488, 0.33002898871717135, 0.16376713532635417, 0.28039394632126974], [0.1397748183026001, 0.20962434988092285, 0.08740010948993679, 0.5632007223265403], [0.2322301348148741, 0.28668009062507915, 0.15271609143939052, 0.32837368312065623], [0.4125751028288611, 0.09797695191591875, 0.08349957359984699, 0.4059483716553731], [0.08940234990328326, 0.28082342466874055, 0.3833739880500158, 0.24640023737796035], [0.10755772092180774, 0.21872384556644334, 0.17553347968969185, 0.4981849538220571], [0.15116084142374972, 0.5073539187864, 0.1341104271399078, 0.20737481264994254], [0.14308639790566463, 0.21919778440219717, 0.12457504938705563, 0.5131407683050826], [0.15670753437465584, 0.16193318742144827, 0.1254456839318373, 0.5559135942720588], [0.12265864560909526, 0.15694305656623822, 0.43058517500132854, 0.28981312282333793], [0.24264288421768476, 0.23465880337140724, 0.18691148905903052, 0.33578682335187754], [0.08045478068461054, 0.35332898084827136, 0.07548435127118651, 0.4907318871959315], [0.1858388764488388, 0.12318629053937336, 0.20450757553240437, 0.48646725747938335], [0.16802956004122588, 0.4040596759776352, 0.24120151451258612, 0.1867092494685529], [0.19386619629217902, 0.2848578164983072, 0.2594817957802168, 0.2617941914292969], [0.14406672349978908, 0.37331257110982985, 0.19333218565524846, 0.2892885197351326], [0.17518386762705707, 0.324770930246057, 0.13674516978079782, 0.3633000323460881], [0.30363630259235364, 0.2950481651434192, 0.1114129741378786, 0.2899025581263486], [0.28604147714472444, 0.3691849171081909, 0.13280592888904882, 0.21196767685803586], [0.14140043344456202, 0.5371514412326582, 0.08950840220360935, 0.23193972311917024], [0.19839978229329452, 0.22969580185597505, 0.26247022950102683, 0.30943418634970354], [0.44438338795544785, 0.18947890827747368, 0.1432566634896019, 0.2228810402774767], [0.20816988757909802, 0.22251483249200954, 0.13422041703412385, 0.43509486289476845], [0.27479600696995266, 0.22443322587887157, 0.08536299126618457, 0.41540777588499117], [0.4088476500131778, 0.15303660256386978, 0.19431116295269685, 0.24380458447025552], [0.2715842251564139, 0.1933186453256539, 0.28860519659581496, 0.24649193292211735], [0.2133993051801534, 0.4215140446110001, 0.0904311340045039, 0.27465551620434264], [0.12092951756005221, 0.34206885478885674, 0.23393264822272364, 0.30306897942836736], [0.11558724783900882, 0.31864220888172945, 0.18858819675348634, 0.3771823465257755], [0.15420552508597965, 0.3863766173832326, 0.08299383356375833, 0.3764240239670294], [0.1502909498422353, 0.3490862962050012, 0.12244073464377805, 0.37818201930898543], [0.3153457612001657, 0.22306347997476578, 0.20717267376901347, 0.254418085056055], [0.08195209750207451, 0.17236825780710952, 0.044371715365873005, 0.701307929324943], [0.1031602659551621, 0.2825242243678706, 0.16442435430181856, 0.4498911553751487], [0.1670509436679547, 0.20134718571301424, 0.1035507274484313, 0.5280511431705998], [0.1865693589685724, 0.42906454767022917, 0.1935374551181601, 0.1908286382430384], [0.2572258943971281, 0.3000141060287804, 0.14431672358455325, 0.2984432759895381], [0.4107275006396176, 0.3376454719493659, 0.07283328852221664, 0.17879373888879985], [0.12045683868960651, 0.09397653159680096, 0.07604416624169023, 0.7095224634719025], [0.21355111270915436, 0.32121590745577255, 0.10080379149984463, 0.3644291883352285], [0.6050781509245217, 0.12990116362671927, 0.06639724088678048, 0.19862344456197872], [0.20492284796839338, 0.3497246133190098, 0.1150631025433255, 0.3302894361692712], [0.24006972437766436, 0.2888200908209315, 0.29149195650394183, 0.17961822829746238], [0.1358848093667549, 0.2900964990593185, 0.22019548295588, 0.3538232086180466], [0.18886553262627756, 0.3914525350384576, 0.16664474397793516, 0.2530371883573296], [0.5993279571425733, 0.10275841196690365, 0.07524829602321434, 0.22266533486730886], [0.47552836965527007, 0.14311628895772963, 0.16020913939251988, 0.22114620199448037], [0.42133347362711154, 0.2263884475718371, 0.07831753772700246, 0.2739605410740489], [0.3424141200951536, 0.2914338700027122, 0.13522148100189244, 0.2309305289002419], [0.07969152881012985, 0.5359679853473285, 0.036849177933147195, 0.3474913079093944], [0.27985008394400257, 0.21907281706657988, 0.28704150717785043, 0.21403559181156687], [0.1379510335777001, 0.18511510881259483, 0.3766674056322277, 0.3002664519774774], [0.15757572259061703, 0.3229520708694401, 0.07152656910286506, 0.4479456374370777], [0.37536048434474645, 0.12869217186743528, 0.1113322351208625, 0.3846151086669558], [0.2881737431729838, 0.3835608920467007, 0.10202972814236348, 0.22623563663795204], [0.15267409983854413, 0.473252540400931, 0.16258680719358692, 0.21148655256693782], [0.1728272281016275, 0.2828979501735734, 0.17147771444534918, 0.3727971072794499], [0.1244690905163245, 0.4677925048049992, 0.05310414029927429, 0.35463426437940215], [0.17102794983176417, 0.3120967662722619, 0.1070169956763973, 0.40985828821957665], [0.3182866758199385, 0.17171612665703864, 0.13297360601673505, 0.3770235915062879], [0.15351814116594883, 0.32731018949263785, 0.24794722471055297, 0.27122444463086043], [0.1652805846996278, 0.2992363008794122, 0.06336204178242275, 0.47212107263853736], [0.24164622649117173, 0.2426816663183059, 0.05791153720485972, 0.4577605699856628], [0.5279982058701181, 0.24585659307998756, 0.07913030880020151, 0.14701489224969286], [0.1629518297262376, 0.5218347108979303, 0.14226624822471293, 0.17294721115111908], [0.12402031633207987, 0.22853086406536452, 0.1743197222946993, 0.4731290973078564], [0.1551900744724206, 0.19398243750887628, 0.27334729216853154, 0.3774801958501716], [0.38743627776688766, 0.06828947643854608, 0.13947279697633905, 0.40480144881822727], [0.05907479580138886, 0.5161603057796179, 0.17836630274360818, 0.24639859567538525], [0.2864877151566162, 0.17013786887877858, 0.20472348901221243, 0.3386509269523927], [0.17765182170014887, 0.3039532186443184, 0.1897723207619491, 0.32862263889358373], [0.14325429640535964, 0.2639464835361622, 0.09776447634248071, 0.49503474371599754], [0.10260768413650037, 0.512339700161989, 0.07682356749624915, 0.30822904820526137], [0.23132048493356125, 0.32495137209156266, 0.13224941643458735, 0.31147872654028885], [0.14282801776053738, 0.21350613061077303, 0.26747670072051927, 0.3761891509081703], [0.4858563023299567, 0.20292911109648165, 0.07084286887198837, 0.2403717177015732], [0.30063219861805307, 0.28054272212416104, 0.14684400610402473, 0.2719810731537613], [0.2054137100613126, 0.29959286568703425, 0.20652428925076335, 0.28846913500088983], [0.2601930518575491, 0.21166357616780299, 0.13196692722426806, 0.39617644475037994], [0.16055712047363596, 0.18113748744337071, 0.4311451254652954, 0.22716026661769806], [0.40069170174354485, 0.10142630342007666, 0.17985063219140238, 0.31803136264497617], [0.13037369556857015, 0.2877268228796466, 0.24308845313587563, 0.33881102841590754], [0.1716190659800574, 0.2948970323382678, 0.18950242770979836, 0.3439814739718764], [0.4693219954627193, 0.16972387831740204, 0.08901471984278504, 0.27193940637709374], [0.14618515097708903, 0.17943941655111764, 0.12091506598453101, 0.5534603664872624], [0.17478319366378134, 0.5145080386511098, 0.10442999918143812, 0.20627876850367083], [0.2460632839277153, 0.29270316826121723, 0.19785410863828784, 0.2633794391727796], [0.46484647035610566, 0.2613387297338017, 0.08713660436390173, 0.18667819554619097], [0.160539449053528, 0.24307902495351458, 0.25184974198494087, 0.34453178400801654], [0.16395783645090276, 0.3091609701220046, 0.07551542032365988, 0.4513657731034329], [0.3454425421739738, 0.24170735255955758, 0.08318245324692564, 0.3296676520195428], [0.5636791203045609, 0.13643737442461326, 0.08695321380067526, 0.21293029147015038], [0.18805566552273972, 0.2849596880703542, 0.10369409304508002, 0.42329055336182597], [0.2631468255806971, 0.37343422090672157, 0.06877091341215746, 0.29464804010042384], [0.584974792086709, 0.0990744221581067, 0.10406409063115245, 0.21188669512403177], [0.19007400199124486, 0.2821544506617589, 0.14017791812671945, 0.3875936292202767], [0.2942102513408751, 0.12039216596881869, 0.45935254178104185, 0.1260450409092644], [0.22672686210983073, 0.4108040558112382, 0.1283340400004918, 0.23413504207843927], [0.23125177085098858, 0.33476932187999203, 0.14411392251212554, 0.28986498475689393], [0.1740371006327435, 0.335120514636312, 0.29271211550166837, 0.19813026922927607], [0.49094496972463003, 0.1728965546712155, 0.08121201255717633, 0.25494646304697827], [0.08977689706496063, 0.49519523516951064, 0.17383733723860303, 0.24119053052692563], [0.46437495761111497, 0.2132208297135429, 0.11078509266915584, 0.21161912000618616], [0.6543194580213997, 0.21891145784171379, 0.04743976937156467, 0.07932931476532197], [0.33412563872146256, 0.17675684328250393, 0.12595877070062986, 0.36315874729540365], [0.2814568390647453, 0.3149370176514164, 0.222644091051933, 0.1809620522319055], [0.23956848602189323, 0.35297285044057475, 0.19634341053885954, 0.21111525299867276], [0.4827784585918594, 0.12876612988671338, 0.08065876775793183, 0.30779664376349536], [0.12319740649769378, 0.13926287813253438, 0.09861593312129135, 0.6389237822484805], [0.20172964586967299, 0.30624518013507385, 0.1253172496201785, 0.36670792437507466], [0.3944891396320913, 0.20416294429600662, 0.14921260878439552, 0.25213530728750666], [0.1810199343972991, 0.4019860175009965, 0.1734553577775611, 0.2435386903241435], [0.27610550872707973, 0.23200140201416614, 0.2397068483510668, 0.2521862409076873], [0.18996890992307178, 0.4137415560583424, 0.16900964598757942, 0.22727988803100632], [0.2541820243206924, 0.19263974985462104, 0.15235027694671413, 0.40082794887797235], [0.16578001794209435, 0.16816094949640906, 0.3758420745253313, 0.29021695803616543], [0.3734669603000947, 0.25361897117144794, 0.051533065774334696, 0.32138100275412274], [0.38461964726806447, 0.23450791048732647, 0.1636127751488533, 0.21725966709575578], [0.21596596673869378, 0.1761194668312615, 0.11042706679356573, 0.49748749963647904], [0.2245412791007458, 0.2369722863491028, 0.16459410587777862, 0.3738923286723728], [0.15552939845536543, 0.5463204337287346, 0.06373865350486997, 0.2344115143110299], [0.49675968666934944, 0.2798731860919975, 0.07731706082963635, 0.14605006640901672], [0.19736925617543818, 0.23225549652651653, 0.2756020631231063, 0.294773184174939], [0.09945861139045899, 0.4294137755590431, 0.2920457862675271, 0.17908182678297102], [0.34748498792660903, 0.13063804226068196, 0.3555640276892151, 0.16631294212349407], [0.2386742003354075, 0.1842361862147854, 0.33749936839746997, 0.23959024505233711], [0.19309772312786191, 0.4399811935524677, 0.10431053995056044, 0.26261054336911005], [0.3020104640918816, 0.412066206215912, 0.08360248427606258, 0.20232084541614379], [0.1665255886246859, 0.21353840210950123, 0.4188417651249843, 0.2010942441408286], [0.2727630740829891, 0.2242548993656154, 0.24398281973176794, 0.25899920681962774], [0.287941258011758, 0.15560329311845347, 0.1146813359272041, 0.44177411294258423]]}, "rewritten": {"ids": ["97105451", "97105580", "97106591", "97107681", "97113260", "97116500", "98106880", "98107010", "98107380", "98107410", "98108150", "98108520", "98108970", "98109230", "98110810", "98112300", "98116940", "98117740", "99107500", "99107560", "99108000", "99108010", "99108520", "99109141", "99109740", "99109780", "99112641", "99117740", "99121440", "100108580", "100108990", "100111390", "100113210", "100115700", "101108370", "101108950", "101111990", "101119591", "101121640", "102109840", "102110690", "102110750", "102110890", "102111990", "102112301", "102114270", "103109021", "103109791", "103110100", "103112470", "103113170", "103113640", "104111380", "104112470", "104113170", "104114230", "104114410", "104117200", "104117630", "105112260", "105113480", "105114220", "106113830", "106116820", "107113360", "107113840", "107115140", "107115250", "107117630", "107118490", "107119950", "107120010", "107120130", "107120260", "107120880", "108113700", "108113760", "108114200", "108116481", "108116501", "108117360", "108118291", "108118630", "108119330", "108120260", "108120280", "108121160", "108121190", "109115380", "109116441", "109117150", "109121351", "109121640", "110114561", "110114920", "110116170", "110117080", "110118161", "110118181", "110118450", "110118630", "110118701", "110118740", "110118880", "110120190", "111114941", "111115620", "111115770", "111116040", "111120320", "111121930", "112116880", "112117660", "112117780", "112118471", "112118620", "112118860", "112118890", "112119120", "112119500", "112119610", "112119950", "112121351", "112121360", "113117550", "113117630", "113118231", "113118810", "113119120", "113119340", "113119450", "113119700", "113120260", "113120531", "113120540", "113120591", "113120780", "113122230", "113122320", "113122430", "113122510", "113122650"], "labels": [0, 1, 1, 3, 1, 2, 0, 3, 1, 3, 0, 2, 3, 1, 1, 2, 2, 2, 0, 1, 2, 2, 2, 3, 3, 2, 1, 2, 2, 0, 2, 2, 0, 1, 1, 2, 2, 0, 2, 2, 0, 1, 0, 2, 1, 3, 0, 3, 1, 1, 3, 1, 3, 1, 3, 2, 1, 3, 0, 3, 0, 3, 1, 1, 0, 3, 0, 2, 0, 2, 3, 1, 2, 1, 1, 0, 1, 0, 0, 0, 1, 3, 1, 0, 1, 3, 2, 1, 3, 3, 2, 0, 0, 0, 3, 0, 1, 0, 1, 0, 1, 3, 3, 0, 3, 0, 1, 3, 0, 1, 1, 0, 0, 0, 1, 3, 3, 3, 1, 2, 0, 0, 0, 3, 3, 0, 3, 3, 3, 0, 3, 0, 3, 0, 3, 0, 0, 1, 1, 2, 2, 2], "predicted_labels": [0, 1, 1, 3, 3, 2, 1, 3, 0, 0, 1, 3, 3, 3, 1, 3, 3, 0, 3, 1, 1, 1, 0, 1, 1, 1, 2, 1, 1, 3, 1, 3, 3, 3, 0, 3, 1, 0, 3, 3, 0, 1, 3, 3, 3, 3, 3, 0, 3, 1, 1, 0, 0, 1, 2, 2, 3, 1, 3, 1, 3, 3, 3, 0, 3, 0, 3, 3, 3, 3, 0, 1, 2, 1, 3, 1, 3, 3, 3, 3, 3, 3, 3, 1, 3, 3, 1, 1, 2, 3, 3, 3, 1, 1, 1, 1, 3, 3, 1, 1, 2, 3, 3, 3, 1, 3, 3, 3, 0, 2, 3, 3, 3, 0, 0, 0, 2, 1, 2, 1, 3, 3, 3, 1, 1, 3, 2, 3, 3, 0, 0, 1, 3, 3, 0, 0, 2, 3, 3, 1, 2, 1], "confidence_scores": [[0.8009027763495573, 0.13110219030139109, 0.02822925394642728, 0.03976577940262418], [0.256979124575872, 0.36748690624056085, 0.09751925116984744, 0.27801471801371974], [0.3110312820347624, 0.3381182329134374, 0.10319374317167913, 0.24765674188012096], [0.29405967131182137, 0.24267149049190714, 0.06408769342874876, 0.39918114476752276], [0.15518783043517345, 0.2856693372793197, 0.19159371018284813, 0.3675491221026587], [0.2782818932892137, 0.19651399714112014, 0.37292408932048443, 0.15228002024918183], [0.1458442168499766, 0.3131290995901957, 0.2509727269055332, 0.2900539566542945], [0.22212558195029286, 0.22489154330598846, 0.14166676155910055, 0.4113161131846182], [0.35807082371571913, 0.24188927526502457, 0.22568372935202838, 0.17435617166722808], [0.4695809349922632, 0.08115546016458991, 0.3065865844095944, 0.14267702043355243], [0.3139051927078971, 0.35195992895186634, 0.23035174059103183, 0.1037831377492048], [0.23707016735968475, 0.2445614272791755, 0.15506669811467197, 0.3633017072464679], [0.09612015332825118, 0.27369030232759356, 0.1810320664911154, 0.44915747785303983], [0.12440035235546057, 0.09387504241850264, 0.0944736532226454, 0.6872509520033914], [0.17713854985964042, 0.464302419747301, 0.13228659265085152, 0.2262724377422071], [0.23841123303838446, 0.13112484229620086, 0.07838641325668473, 0.55207751140873], [0.12740291002186405, 0.28766390564523114, 0.17805952093177765, 0.40687366340112724], [0.32925261192447525, 0.25712835535176737, 0.09704423143236085, 0.31657480129139676], [0.08983807566661013, 0.24062912091146732, 0.22508447996284686, 0.44444832345907576], [0.10495637610886106, 0.5121862364526945, 0.07090098142428244, 0.31195640601416214], [0.2118034586056637, 0.40207103136952294, 0.08920672709296412, 0.29691878293184915], [0.14093944390950974, 0.4010553793506408, 0.17054482065989882, 0.2874603560799508], [0.40570503316348605, 0.16144126392326716, 0.12977015300102535, 0.3030835499122215], [0.201871528215108, 0.46805991975437866, 0.09237826508420252, 0.23769028694631095], [0.1498852322605726, 0.47591324241945454, 0.1758522430891549, 0.1983492822308181], [0.27354419764112037, 0.34878794330364615, 0.1775118782173348, 0.20015598083789862], [0.23719267149428858, 0.1285360701717019, 0.4642993962776595, 0.16997186205635], [0.3225633656737187, 0.3621436365476582, 0.10981736605887013, 0.205475631719753], [0.25404535385966903, 0.34677405957352697, 0.21974037296139345, 0.1794402136054103], [0.16380036348784194, 0.10661262954129044, 0.24545412875498296, 0.48413287821588474], [0.22093724636408785, 0.32972232515756206, 0.12825809589165937, 0.3210823325866906], [0.12402126021138775, 0.2455774162651394, 0.22876177152342916, 0.40163955200004364], [0.30004102810329303, 0.09012868067728139, 0.04713909060513471, 0.562691200614291], [0.3381259966560951, 0.17941100243542085, 0.09730645992566506, 0.38515654098281915], [0.40540636431808247, 0.3432189789397138, 0.04976246276370097, 0.20161219397850277], [0.1593969528840025, 0.2019751371882988, 0.07359652037139564, 0.565031389556303], [0.10119769975651297, 0.48779233471302047, 0.0587028243016243, 0.3523071412288425], [0.35676081000746246, 0.21680716499910638, 0.08730634570485796, 0.33912567928857335], [0.12912793099502468, 0.22679071144510918, 0.043470546986143395, 0.6006108105737227], [0.1332865293003947, 0.12607819048135444, 0.11979160279514714, 0.6208436774231038], [0.39414062822375956, 0.2393886664526732, 0.17011087384064422, 0.19635983148292305], [0.04673071769757674, 0.6621076925636024, 0.16086893958402948, 0.13029265015479147], [0.19616714577201488, 0.21904227043092223, 0.14074703210207123, 0.4440435516949916], [0.14466241668508606, 0.20252689733146395, 0.11031775872638278, 0.5424929272570672], [0.15824083800450744, 0.22580370690506615, 0.18166100115546902, 0.4342944539349574], [0.1588037587267681, 0.2669970856422669, 0.2666987088873322, 0.30750044674363286], [0.3330039293258347, 0.24188731202960903, 0.08067313642062571, 0.3444356222239304], [0.46039702584942604, 0.16301438148682887, 0.12090289333789689, 0.2556856993258483], [0.2460970719920016, 0.3054927574847191, 0.14156197361718897, 0.3068481969060904], [0.3070099612902228, 0.3111111342344525, 0.11920728470518026, 0.2626716197701446], [0.17914210492450452, 0.3242122823323779, 0.20345165505343962, 0.2931939576896779], [0.3886959953931307, 0.09383151675989172, 0.25274958974395195, 0.2647228981030257], [0.38298354990531075, 0.14836545299947748, 0.24810480314058836, 0.22054619395462358], [0.21079515723622277, 0.4058700625695539, 0.09363942370318425, 0.28969535649103906], [0.15593537282497694, 0.2526018333747871, 0.3314187936736437, 0.26004400012659223], [0.18752121951705467, 0.18092156425483902, 0.40541206911568844, 0.22614514711241784], [0.14888793802996103, 0.2641394892434374, 0.06989844741762226, 0.5170741253089793], [0.1461377977642128, 0.39053019086829094, 0.1627561172002152, 0.3005758941672812], [0.15081521209177534, 0.14390419179171782, 0.06771317871560649, 0.6375674174009003], [0.22786094596250686, 0.35531947814574, 0.1459954678982575, 0.2708241079934956], [0.14968236958643688, 0.2549232895637403, 0.1009707480058109, 0.49442359284401194], [0.1324071034148998, 0.242668347725886, 0.05117293657577389, 0.5737516122834402], [0.21102791674144902, 0.19639698869099526, 0.2961998906266112, 0.2963752039409445], [0.4007285017464071, 0.23439248876095495, 0.17499800571773066, 0.18988100377490727], [0.16950072448409473, 0.27967308882411357, 0.08069599832832162, 0.4701301883634701], [0.3040089768916632, 0.2732687063419647, 0.12760099982100254, 0.29512131694536964], [0.23106823323832798, 0.15880151229077216, 0.13053578997939758, 0.4795944644915022], [0.09968377042637333, 0.3225491056613311, 0.20515299075617055, 0.372614133156125], [0.1297461465708216, 0.18367839101418967, 0.15765714019004395, 0.5289183222249448], [0.28411646429366816, 0.165572465493833, 0.23011460799113975, 0.32019646222135906], [0.6405366715109126, 0.14575652213590845, 0.13066511813436668, 0.08304168821881233], [0.1170182656067519, 0.37209427105861415, 0.23102678263923895, 0.2798606806953951], [0.09565061305530058, 0.22238982964454582, 0.4412981293351857, 0.24066142796496792], [0.28232810598733366, 0.3754254531557582, 0.17356755139010083, 0.16867888946680734], [0.07945874010534054, 0.17553662401641146, 0.04590856172372636, 0.6990960741545217], [0.2826031635302231, 0.36213405259813175, 0.17294673084914164, 0.18231605302250356], [0.10637232111023846, 0.15770690418792313, 0.11229247857980902, 0.6236282961220294], [0.3448769156721348, 0.10005698743223883, 0.18818613858551003, 0.3668799583101165], [0.3495987554417717, 0.14225421086098944, 0.0935164310420915, 0.4146306026551473], [0.2893696106164936, 0.17876176660410947, 0.08971262905225237, 0.4421559937271446], [0.06747635544909485, 0.1614398697147239, 0.21204816992859207, 0.5590356049075892], [0.3431507254910098, 0.06946993753022798, 0.03985022183966443, 0.5475291151390979], [0.07539617485044232, 0.364972455807889, 0.10749969213474148, 0.45213167720692715], [0.21201686794376812, 0.32545738999477275, 0.24547259092764612, 0.21705315113381304], [0.19399183327889627, 0.33989500242526616, 0.11643525085226747, 0.34967791344357024], [0.14498879515231902, 0.1490846560102303, 0.1046973985197005, 0.6012291503177501], [0.10704039282468589, 0.593823144533635, 0.1251662682431792, 0.17397019439849987], [0.22269396801733707, 0.3996545688317173, 0.1332935729374293, 0.2443578902135164], [0.0799606144640221, 0.09102291203508445, 0.4349672332637478, 0.39404924023714566], [0.10207695349804187, 0.374564666652814, 0.05642551699355182, 0.4669328628555924], [0.13622983382204942, 0.23472785027755264, 0.09061104369938269, 0.5384312722010152], [0.15008815064820288, 0.2200827027146109, 0.2698138799658286, 0.3600152666713577], [0.09608902180406498, 0.5103634572856017, 0.16001585372795726, 0.23353166718237614], [0.28467478286807313, 0.39441731314422046, 0.16082276336244516, 0.1600851406252613], [0.10562322046135207, 0.5427426480065553, 0.15678094507861556, 0.19485318645347707], [0.20714766293580586, 0.46286574177659306, 0.07536958703520764, 0.2546170082523934], [0.14301621315499918, 0.2416105385954448, 0.1944802522989743, 0.42089299595058166], [0.17419603787822646, 0.09358856837346846, 0.032309423958335595, 0.6999059697899693], [0.15191544349614616, 0.4829620885718363, 0.07698051259655524, 0.2881419553354623], [0.2346979439941943, 0.43190250974595124, 0.11127520303244634, 0.22212434322740807], [0.1488315462737506, 0.2148483870113964, 0.3398380718537589, 0.29648199486109406], [0.17407386852342768, 0.23925786026075563, 0.12153298912956834, 0.4651352820862483], [0.17965932240559274, 0.17441980861973608, 0.2497470292917194, 0.39617383968295194], [0.14958758196282426, 0.27512982563241106, 0.17635346200445995, 0.39892913040030464], [0.1080350939286649, 0.636839563122048, 0.060960262883383264, 0.19416508006590374], [0.10813640676511901, 0.18361073525894991, 0.10217982472513092, 0.6060730332508001], [0.13554973830268807, 0.08905855174734495, 0.07717787298354464, 0.6982138369664223], [0.18021656605519681, 0.28973810511405895, 0.04928192161224544, 0.4807634072184987], [0.30725291078556966, 0.26147616224496434, 0.13546756124512424, 0.29580336572434174], [0.16164153148610563, 0.2765990178491409, 0.29433695237779367, 0.2674224982869597], [0.24574137313728497, 0.23740902742397232, 0.13571621314320736, 0.3811333862955354], [0.1412809786163299, 0.30025626886729767, 0.21508768703706735, 0.3433750654793052], [0.2115547391346962, 0.13578876937969878, 0.2911409314535246, 0.36151556003208046], [0.44504272064635086, 0.21398898929316354, 0.05986903989667047, 0.28109925016381526], [0.43935253734642127, 0.1752481217106653, 0.08326631298356595, 0.3021330279593476], [0.5072832855622483, 0.2090669452071429, 0.09658390474322484, 0.18706586448738383], [0.13982003569195972, 0.182831080869761, 0.46476277250732656, 0.2125861109309528], [0.2568604811911141, 0.49169202900071657, 0.07668736724456733, 0.17476012256360218], [0.22393439775835305, 0.12035488804544951, 0.37943928108724595, 0.2762714331089516], [0.19945453140006675, 0.3992999279790182, 0.11494794373511537, 0.2862975968857996], [0.1998565369579519, 0.29187610576835976, 0.11796955062960315, 0.3902978066440852], [0.13771325674954008, 0.26882230141184604, 0.1315163358047502, 0.46194810603386355], [0.09345583284288844, 0.1578775842243625, 0.07251520255085138, 0.6761513803818977], [0.21370190648325413, 0.43654341858916823, 0.1109095209427615, 0.238845153984816], [0.20314217502772927, 0.3614281366113922, 0.11515593903779424, 0.32027374932308444], [0.09509448345053038, 0.20554847944036303, 0.2223728626132357, 0.4769841744958711], [0.18803771759023583, 0.23890425374792193, 0.28909519071222506, 0.28396283794961713], [0.1452700305204091, 0.2570945195931741, 0.19323426923470172, 0.4044011806517152], [0.15932834558084447, 0.25099926118291493, 0.18908181805224225, 0.4005905751839983], [0.5794153529971469, 0.21729304980512174, 0.04862331304834611, 0.1546682841493853], [0.5091041660847281, 0.1930412642141428, 0.08273849864960765, 0.2151160710515215], [0.22503603073479037, 0.5553760938198418, 0.09947836075037242, 0.12010951469499538], [0.16575853914401795, 0.16684932573864314, 0.20226315910815187, 0.46512897600918707], [0.03476260681894577, 0.17565861471056857, 0.06689730003279293, 0.7226814784376927], [0.3313362896509449, 0.30085081695873994, 0.2214965735439202, 0.14631631984639487], [0.4765188804866319, 0.2829951172883309, 0.06755877729732776, 0.17292722492770948], [0.0804194320069588, 0.3382403980485044, 0.46989542366072923, 0.11144474628380746], [0.07913946798124778, 0.33860608999312203, 0.06357716403226929, 0.5186772779933608], [0.20296296372791453, 0.19535191989244374, 0.18523877100136857, 0.41644634537827313], [0.07853395152978059, 0.4382972203089274, 0.1215850023948964, 0.3615838257663956], [0.10651277233158586, 0.20079130412504914, 0.4191360724502573, 0.2735598510931079], [0.11322591942348792, 0.4419219921748292, 0.11488693810985456, 0.32996515029182827]]}}