{"test": {"ids": ["110120190", "113121010", "103120730", "111115780", "107121640", "97106591", "113118231", "98119591", "106117650", "108114180", "107114110", "110117200", "104114410", "111119430", "113122190", "112120670", "99107950", "105113190", "105118740", "109118701", "97109570", "101109000", "98110710", "105110091", "102107961", "102110500", "103111480", "105120621", "101121640", "102112301", "107121700", "111120320", "104111531", "106121220", "98110810", "110120560", "104114230", "108118630", "104111711", "113122650", "103111830", "105115720", "101112201", "110118450", "106119580", "109118231", "107118490", "102109010", "107114280", "113121810", "109118161", "109115070", "112120290", "111121410", "98120010", "106121190", "100110050", "112118620", "97107681", "99105921", "109117150", "110119030", "112118421", "107113130", "112117030", "108116070", "97107040", "98111860", "110118181", "109114220", "112116880", "108117610", "106115240", "112116401", "108115570", "98107340", "110119300", "107113550", "113118421", "100108990", "108121160", "112118511", "113120830", "104111880", "111121190", "113121950", "110114321", "98112170", "103118291", "103112470", "109113931", "108120280", "101112540", "105115900", "109119010", "110115140", "106117790", "108115500", "99109840", "112120540", "99111340", "107116980", "108115070", "112119950", "110115710", "106116370", "106113360", "99109740", "110114651", "102109840", "102112030", "107119130", "105116441", "98116940", "111119610", "104117200", "112119120", "104111620", "105113480", "97112830", "111116010", "112118161", "102112170", "103110840", "111117200", "113118690", "101108080", "105117200", "108117720", "107113180", "113117340", "102109850", "102113350", "107121230", "108121410", "99108580", "102112250", "105116501", "103110100", "112117571", "100116790", "97105580"], "labels": [3, 2, 1, 1, 1, 1, 3, 1, 1, 1, 1, 3, 1, 3, 1, 2, 1, 3, 1, 3, 0, 1, 2, 0, 3, 3, 0, 1, 2, 1, 3, 1, 0, 1, 1, 0, 2, 1, 1, 2, 3, 1, 0, 0, 3, 1, 2, 1, 3, 2, 0, 0, 1, 0, 2, 2, 3, 3, 3, 1, 2, 0, 3, 1, 2, 1, 2, 0, 1, 3, 0, 3, 1, 0, 3, 0, 1, 0, 3, 2, 2, 1, 3, 3, 1, 3, 1, 3, 0, 1, 1, 3, 2, 3, 3, 0, 1, 3, 2, 3, 1, 3, 1, 0, 2, 2, 0, 3, 3, 2, 2, 1, 1, 2, 2, 3, 1, 0, 0, 2, 1, 0, 3, 1, 0, 3, 0, 3, 1, 3, 2, 1, 3, 0, 0, 0, 0, 1, 1, 3, 2, 1], "predicted_labels": [3, 3, 1, 0, 1, 2, 1, 3, 1, 3, 3, 0, 3, 1, 2, 1, 2, 0, 2, 3, 1, 3, 1, 3, 1, 2, 0, 3, 3, 2, 1, 1, 3, 0, 2, 0, 2, 3, 2, 1, 0, 1, 3, 2, 2, 1, 0, 1, 1, 2, 3, 1, 1, 1, 2, 1, 3, 0, 3, 2, 0, 3, 3, 2, 3, 2, 2, 2, 0, 1, 0, 3, 0, 0, 2, 3, 3, 0, 0, 1, 1, 1, 3, 3, 3, 3, 1, 3, 1, 0, 0, 3, 2, 3, 3, 1, 2, 1, 3, 1, 2, 1, 0, 3, 0, 2, 0, 2, 3, 2, 1, 1, 1, 2, 1, 1, 3, 3, 2, 2, 1, 3, 2, 3, 3, 1, 3, 0, 2, 0, 2, 2, 2, 1, 0, 1, 2, 0, 0, 0, 1, 3], "confidence_scores": [[3.255542748615727e-05, 0.18204521256534956, 2.258311648580651e-08, 0.8179222094240478], [0.007269780628661253, 0.23419271887953275, 0.0015086788270294955, 0.7570288216647765], [0.09361481849611782, 0.9063223740291925, 3.324001391864711e-06, 5.948347329774496e-05], [0.5475964142193422, 0.1640083352420396, 0.006283848978204748, 0.28211140156041337], [0.01368623777815864, 0.8195610530139814, 0.15927909166751805, 0.007473617540341814], [0.0006416167389277664, 1.3098450284590487e-05, 0.9919608322505152, 0.00738445256027248], [0.023852297000193975, 0.9751172885316108, 1.7169180225825738e-06, 0.0010286975501723418], [0.0032238755854399367, 0.020449741486276426, 0.025132597215322437, 0.9511937857129613], [3.4848302435282286e-06, 0.898992059178725, 0.1009593700777217, 4.5085913309888735e-05], [9.268637324656976e-09, 5.528514874626401e-08, 3.043105274302424e-07, 0.9999996311356865], [5.320064310109611e-07, 1.0192903460215843e-05, 0.005542380834164527, 0.9944468942559441], [0.9989406171135107, 0.0010571249694088227, 2.2562965407327373e-06, 1.6205398036943048e-09], [1.468248621432117e-06, 2.0014670848761326e-06, 5.4989894755468625e-06, 0.9999910312948183], [1.1991204379560033e-07, 0.9788582903048011, 0.0007413445531131317, 0.020400245230041955], [0.10283427024118968, 0.0040290356324133155, 0.8858211393085668, 0.007315554817830232], [0.006454036929118483, 0.9689309637930931, 0.02461494778429186, 5.149349655145177e-08], [4.049707269556103e-11, 1.068799963040215e-05, 0.5954736302742799, 0.40451568168559254], [0.4277133516158604, 0.0007524276106598469, 0.3368819708857677, 0.23465224988771208], [0.31125847847415883, 0.00026809098633655547, 0.6316399917141935, 0.05683343882531101], [2.2252117017013937e-07, 8.473514734530831e-08, 1.1923494557470408e-07, 0.9999995735087368], [0.027957621415482987, 0.7977398956742268, 0.12059879977282884, 0.053703683137461336], [0.0007292198449178678, 0.038978465597760116, 0.08079590902387879, 0.8794964055334431], [0.0014379984915306435, 0.8290190076963141, 3.1638020453710785e-05, 0.16951135579170162], [0.005960336821902772, 0.04670248616396077, 8.419543753030564e-07, 0.9473363350597611], [0.02009135006512505, 0.9437116108865433, 0.012049833106429018, 0.024147205941902387], [0.0060682924320604095, 3.838873910787365e-05, 0.7649479787413112, 0.22894534008752052], [0.7065582208821702, 0.0728168965779576, 0.21163368602744534, 0.008991196512426783], [0.12798511652337233, 0.06474798175072705, 8.234631660960023e-06, 0.8072586670942397], [1.894458584504207e-09, 0.011822043177014734, 0.006039629938848093, 0.9821383249896787], [0.3961017206319292, 0.000167029020538932, 0.44008754018243906, 0.16364371016509285], [1.2859937422001721e-06, 0.9956045727785963, 1.6019371525345377e-06, 0.004392539290508996], [0.00039659045977785364, 0.999565132638064, 2.7726058031276723e-06, 3.550429635493605e-05], [1.79556706495785e-05, 6.170079650897084e-08, 0.000225886116575806, 0.9997560965119782], [0.9970682419141436, 0.002870583922158906, 8.67183265074679e-06, 5.250233104695171e-05], [0.005988909802306866, 0.0796789949106821, 0.9143318489869202, 2.463000908645136e-07], [0.9566272855819523, 6.268363628179075e-06, 0.00025236094327407157, 0.04311408511114538], [2.755761441040131e-06, 0.018273586768523864, 0.9788526956545716, 0.002870961815463535], [1.8861307064177571e-06, 0.10177381423473698, 6.135555980071536e-05, 0.8981629440747559], [0.001597224332171781, 2.0491261721591936e-05, 0.9664789236536909, 0.03190336075241561], [0.0019357769903192703, 0.9875613110809988, 1.326411174764291e-05, 0.010489647816934409], [0.9849423524835593, 0.013631266856813306, 0.00018321337276439544, 0.0012431672868632076], [0.0004430937586119952, 0.9859028197705048, 0.008372678288893627, 0.0052814081819896885], [0.16520326131608976, 0.08666150784954776, 0.26268489216531704, 0.4854503386690454], [5.540167926698921e-06, 0.001234698106102218, 0.9987344649792659, 2.5296746705077148e-05], [0.019815056850551554, 0.0011159061034364199, 0.9697420215171627, 0.009327015528849281], [0.0009787108601335278, 0.9990173814918619, 7.6423828074599e-07, 3.1434097237822168e-06], [0.4263548590531634, 0.294872906680271, 0.27876967966250243, 2.5546040630784353e-06], [0.002642989046872891, 0.989244841421465, 0.0002526729912833323, 0.007859496540378905], [1.6051878977908897e-05, 0.9992908050927749, 0.0006723223579042399, 2.0820670343079254e-05], [5.8712981113232045e-06, 0.0026592499385892695, 0.9973348758325215, 2.9307777683241406e-09], [0.008920212418303647, 0.008828696152309667, 0.004964333801113459, 0.9772867576282733], [0.023201790409929146, 0.9745273770680974, 0.00199842502966682, 0.00027240749230673163], [0.004223367021318644, 0.9945268997539827, 0.00124772586058782, 2.007364110962974e-06], [0.30194687198975195, 0.40457053116719893, 0.0012376805134264568, 0.2922449163296227], [0.01708217002605117, 0.0021445936370000523, 0.8282923409775067, 0.1524808953594419], [0.002029480741305646, 0.996300131916951, 0.0014424855044085816, 0.00022790183733463132], [0.02975304365739099, 0.01836892585407438, 0.00013786894290037939, 0.9517401615456342], [0.7745189620328433, 0.003012240440961212, 0.04967282119729187, 0.17279597632890376], [8.26633797931158e-09, 2.895075521451217e-07, 0.22992730652820387, 0.7700723956979061], [0.05715216609398796, 6.139606404873143e-06, 0.94284102239424, 6.719053673246957e-07], [0.623844061493425, 0.006326827081819337, 0.24850835872350052, 0.12132075270125509], [1.6460045745010483e-05, 5.5400667060772365e-06, 1.4578005883777115e-05, 0.9999634218816651], [0.0013577826587762086, 0.4738159155044184, 0.0013139989190428481, 0.5235123029177626], [2.2918975491537187e-05, 0.0004953950051791322, 0.9993501180518363, 0.0001315679674931467], [0.328934091401943, 0.15207697141537085, 0.002866015226687414, 0.5161229219559987], [3.47436224891848e-05, 9.28812931223949e-05, 0.999872372942185, 2.142203431317133e-09], [0.00038229934787253005, 8.719493667733211e-08, 0.993765416746296, 0.005852196710894679], [0.0015736934256960634, 0.0030398449257977443, 0.9937819285845773, 0.0016045330639290975], [0.9954335257824595, 0.0034390406100109714, 0.0007533978458305533, 0.00037403576169909523], [0.005488365455386388, 0.9610314809010968, 0.017752849799825384, 0.015727303843691375], [0.9385398158628839, 0.008371850295779942, 0.0001737386373792952, 0.0529145952039567], [0.4547136903466706, 0.01835016376527065, 3.6630795071788265e-06, 0.5269324828085515], [0.9945718096962323, 0.005427531798655026, 4.809606926528684e-07, 1.7754442008104002e-07], [0.9999965940850504, 9.190872702375153e-07, 5.260268568939151e-07, 1.960800822527404e-06], [0.0002674802102420131, 0.0014052415052996997, 0.9974530298302285, 0.0008742484542298103], [2.9974989317239715e-07, 1.184091675272165e-06, 0.06735403665922557, 0.932644479499206], [0.0039016198500368723, 0.021763869249921006, 0.001584162159842015, 0.9727503487402], [0.8931849685061207, 0.02437817758918248, 0.08026552234986148, 0.0021713315548352557], [0.629893938428947, 6.7584935488274145e-06, 3.734963767272749e-09, 0.37009929934254027], [0.00044045556923294146, 0.8507915066451588, 0.00025508032316128677, 0.14851295746244694], [0.0009527898845649298, 0.9990462382684148, 4.7607150904307864e-07, 4.957755111458376e-07], [1.2526079591406914e-06, 0.9999835874170616, 6.938614542027772e-06, 8.221360437204334e-06], [0.009262071267513928, 0.017481877601114238, 0.11442336653139046, 0.8588326845999814], [4.6937166779147636e-05, 0.07052416958604377, 0.0005761939461511868, 0.928852699301026], [0.12093928488864636, 0.0732855664918855, 0.3325497729049328, 0.4732253757145354], [0.1988863392172881, 0.0007838711879312756, 0.15447089060267696, 0.6458588989921037], [0.010497834023463541, 0.980873066172221, 0.001291724276660631, 0.007337375527654928], [0.008428126737470273, 2.2901880665821287e-06, 0.04106255226795638, 0.9505070308065067], [0.00015341271427814668, 0.39855001585994615, 0.21330121895877124, 0.3879953524670045], [0.6087100535099734, 0.3894358733298954, 0.0018540496771562167, 2.348297497830266e-08], [0.9999945156627292, 1.3318955070485538e-06, 2.605597048628651e-09, 4.149836166836846e-06], [0.22290846575053963, 0.1203884083226331, 0.15160390456365735, 0.5050992213631699], [3.6603886886510734e-07, 0.2660818263519025, 0.44231233171001544, 0.2916054758992131], [3.484566617010756e-05, 9.642071647322819e-05, 0.32735599545562577, 0.672512738161731], [0.007993992253817358, 0.25087649044084576, 0.012830691239951928, 0.7282988260653849], [6.056758346696256e-05, 0.5271066616070104, 0.002526376487017049, 0.47030639432250565], [0.002481266818033049, 9.945663886077886e-05, 0.9969339026607514, 0.0004853738823547663], [0.06283412686709249, 0.8641714675513622, 0.0720309192104782, 0.0009634863710670061], [5.2990691410584e-05, 0.0001992245196756073, 0.08781160744821671, 0.911936177340697], [7.834999396827786e-05, 0.9996838727940063, 6.25024457054614e-07, 0.00023715218756854283], [6.183419664878521e-08, 1.592343849861636e-07, 0.9992002551357112, 0.0007995237957070887], [0.1014267478109753, 0.8979604521290587, 0.0003355269966907036, 0.0002772730632751976], [0.9689567345112327, 0.001931167502426686, 0.02902747466800139, 8.462331833932348e-05], [0.35793068062273575, 0.0007888834269119225, 0.000370109607091289, 0.640910326343261], [0.7044500472818146, 0.017713081158591083, 0.014402933706311943, 0.2634339378532823], [0.10867521402718215, 0.09070535264211586, 0.7877394613629092, 0.012879971967792815], [0.9639414944990332, 0.03581661033388413, 3.368115764840324e-06, 0.0002385270513179041], [0.00046621451010219535, 0.00015500362003771458, 0.748603975297245, 0.250774806572615], [0.0002629578826682768, 0.0032273488063739382, 0.00014157375490579793, 0.9963681195560521], [0.0007408577444983115, 0.00021073722098473465, 0.9982733217457065, 0.0007750832888106116], [0.05351862225499075, 0.8349735327755039, 0.10820807706770776, 0.0032997679017976633], [0.00011382720558293417, 0.9445426622675421, 0.0010711277230201419, 0.054272382803854685], [5.565606718985683e-06, 0.994960707324305, 3.6598624376468466e-07, 0.005033361082732041], [0.034804235905851195, 0.007381672600898647, 0.8498670943246145, 0.10794699716863562], [0.0007981832006828955, 0.9675974519007684, 0.02318696941224826, 0.008417395486300437], [6.423172219625798e-06, 0.9011653914259444, 0.012167500503346638, 0.08666068489848926], [0.2768288577250143, 4.085167301789627e-05, 0.0005328191525528368, 0.722597471449415], [0.3743418411481289, 0.005975787441255726, 0.0005054843491170775, 0.6191768870614982], [6.859090416813655e-05, 0.015070116656624341, 0.9111306165397411, 0.0737306758994664], [0.01503450186390169, 0.0032644123924985063, 0.9525403663844404, 0.029160719359159357], [1.7118457905596577e-06, 0.9998360590553459, 0.00013529240393939874, 2.693669492437036e-05], [0.007410189430444184, 0.033451242890518706, 1.8768044562704882e-08, 0.9591385489109925], [0.3560548570471408, 0.0993562018865088, 0.5049985316396656, 0.03959040942668489], [0.2228248446803015, 0.001008743731966324, 0.0687324576598831, 0.707433953927849], [4.3948929112263105e-06, 0.3110211033745177, 1.0161025111934638e-07, 0.6889744001223199], [0.00011265031943414724, 0.9998855317561232, 1.131201348713931e-06, 6.867230941391983e-07], [0.018089542601006172, 2.246847159060781e-05, 0.0007339692129594588, 0.9811540197144438], [0.8855618586389041, 0.11153741926046953, 4.010447056970579e-06, 0.0028967116535692054], [0.019999002609276246, 0.0023955845396874884, 0.6859807333024419, 0.2916246795485942], [0.8449247982258963, 0.07023703060664584, 0.08293177006611711, 0.0019064011013408251], [0.21049586081388766, 0.23238183580417918, 0.39225155570512515, 0.16487074767680804], [0.01471288041132032, 0.017878322841974492, 0.9670118605751762, 0.0003969361715289104], [0.009796745511645152, 0.16727503323287105, 0.6310199806211318, 0.1919082406343519], [2.3000037072753285e-06, 0.9999975034554085, 3.947451999921548e-09, 1.9259343227809078e-07], [0.9890853623225436, 0.010206029777822376, 0.0006856025282648155, 2.3005371369224534e-05], [0.009138702349058676, 0.8195307616477848, 0.1702822053610664, 0.0010483306420900895], [0.022943106132401452, 0.4237004920179286, 0.5199013240053615, 0.03345507784430841], [0.9489990588879764, 0.004604443955703278, 9.844157212434969e-09, 0.04639648731216315], [0.9523633948077843, 2.8623841308513253e-05, 0.00020247368218860056, 0.04740550766871844], [0.8690337525224583, 0.033521204664371106, 9.364290699758103e-06, 0.09743567852247077], [0.003400271919001114, 0.9885718078526887, 0.0003088363914345875, 0.007719083836875523], [0.0018860655248856871, 4.950472292723048e-12, 0.12025544061131051, 0.8778584938588533]]}, "rewritten": {"ids": ["97105580", "97106591", "97107040", "97107681", "97109570", "97112830", "98107340", "98110710", "98110810", "98111860", "98112170", "98116940", "98119591", "98120010", "99105921", "99107950", "99108580", "99109740", "99109840", "99111340", "100108990", "100110050", "100116790", "101108080", "101109000", "101112201", "101112540", "101121640", "102107961", "102109010", "102109840", "102109850", "102110500", "102112030", "102112170", "102112250", "102112301", "102113350", "103110100", "103110840", "103111480", "103111830", "103112470", "103118291", "103120730", "104111531", "104111620", "104111711", "104111880", "104114230", "104114410", "104117200", "105110091", "105113190", "105113480", "105115720", "105115900", "105116441", "105116501", "105117200", "105118740", "105120621", "106113360", "106115240", "106116370", "106117650", "106117790", "106119580", "106121190", "106121220", "107113130", "107113180", "107113550", "107114110", "107114280", "107116980", "107118490", "107119130", "107121230", "107121640", "107121700", "108114180", "108115070", "108115500", "108115570", "108116070", "108117610", "108117720", "108118630", "108120280", "108121160", "108121410", "109113931", "109114220", "109115070", "109117150", "109118161", "109118231", "109118701", "109119010", "110114321", "110114651", "110115140", "110115710", "110117200", "110118181", "110118450", "110119030", "110119300", "110120190", "110120560", "111115780", "111116010", "111117200", "111119430", "111119610", "111120320", "111121190", "111121410", "112116401", "112116880", "112117030", "112117571", "112118161", "112118421", "112118511", "112118620", "112119120", "112119950", "112120290", "112120540", "112120670", "113117340", "113118231", "113118421", "113118690", "113120830", "113121010", "113121810", "113121950", "113122190", "113122650"], "labels": [1, 1, 2, 3, 0, 2, 0, 2, 1, 0, 3, 2, 1, 2, 1, 1, 0, 3, 2, 1, 2, 3, 2, 0, 1, 0, 2, 2, 3, 1, 2, 1, 3, 2, 3, 0, 1, 3, 1, 1, 0, 3, 1, 0, 1, 0, 0, 1, 3, 2, 1, 3, 0, 3, 0, 1, 3, 1, 1, 3, 1, 1, 0, 1, 2, 1, 1, 3, 2, 1, 1, 3, 0, 1, 3, 3, 2, 1, 0, 1, 3, 1, 1, 3, 3, 1, 3, 1, 1, 3, 2, 0, 1, 3, 0, 2, 0, 1, 3, 3, 1, 3, 0, 2, 3, 1, 0, 0, 1, 3, 0, 1, 1, 0, 3, 2, 1, 1, 0, 0, 0, 2, 3, 0, 3, 1, 3, 1, 0, 1, 3, 2, 2, 3, 3, 3, 3, 2, 2, 3, 1, 2], "predicted_labels": [2, 3, 2, 3, 1, 2, 3, 0, 1, 2, 3, 3, 3, 2, 2, 2, 2, 2, 2, 2, 3, 3, 3, 3, 3, 3, 3, 2, 3, 1, 2, 2, 3, 1, 2, 3, 0, 2, 3, 3, 2, 3, 1, 2, 1, 3, 3, 2, 3, 2, 3, 3, 3, 2, 2, 2, 2, 1, 0, 0, 2, 3, 1, 0, 2, 1, 2, 2, 1, 0, 2, 2, 2, 3, 1, 1, 1, 3, 1, 0, 1, 3, 2, 1, 3, 2, 0, 3, 3, 3, 1, 0, 0, 1, 2, 3, 3, 3, 3, 1, 0, 3, 3, 2, 0, 1, 2, 2, 2, 3, 3, 1, 1, 1, 2, 2, 3, 2, 3, 0, 0, 0, 0, 3, 3, 1, 3, 3, 3, 2, 1, 2, 2, 0, 3, 1, 0, 3, 2, 3, 2, 1], "confidence_scores": [[0.10777641764229991, 1.2653656085104576e-06, 0.8735079112862606, 0.018714405705830793], [0.0007995021455055822, 2.350414175766688e-09, 0.035404238770933065, 0.9637962567331473], [4.061427471191961e-06, 1.9723411726127798e-08, 0.9939364440753709, 0.006059474773746113], [1.2613174437526983e-09, 4.165981266153666e-08, 0.0011947367934719106, 0.9988052202853981], [5.073763107944083e-07, 0.9728142686292852, 0.0009619737063509508, 0.0262232502880531], [5.083222818131801e-05, 8.92278668537009e-08, 0.9997513161312539, 0.0001977624126980217], [9.622515819588862e-08, 8.581126946914243e-08, 0.06421471604284358, 0.9357851019207287], [0.7223974682933196, 0.0009004463605061676, 0.049452271344513736, 0.22724981400166058], [0.041401994897835616, 0.6907102635077864, 0.2678839945649358, 3.7470294421655426e-06], [0.429539245981252, 0.00010334306855170223, 0.570335201592272, 2.22093579242612e-05], [6.687127113903646e-06, 1.4832133845162342e-11, 7.42878526102109e-05, 0.9999190250054437], [0.12834671220823543, 0.0050942235055257135, 0.26721571759325957, 0.5993433466929793], [0.0009492427968467988, 0.0013420340506012894, 0.4677510302076114, 0.5299576929449404], [0.0961700289687754, 0.27253683286796393, 0.39685741800237356, 0.23443572016088698], [0.47236175203818154, 0.00030672788266382855, 0.5273178983278167, 1.36217513378723e-05], [6.69418974396633e-10, 3.6327044927719377e-06, 0.926943811580568, 0.07305255504552005], [0.0001262127430898267, 0.34675593201944976, 0.6530891280985528, 2.8727138907590147e-05], [0.001412849816226016, 1.2011753699486711e-06, 0.7506220886983967, 0.2479638603100074], [2.996584496418046e-07, 2.1441943702112275e-10, 0.9999727581370329, 2.694199009796587e-05], [4.924963189925628e-06, 6.429225502976711e-09, 0.9998148255928064, 0.0001802430147779734], [1.324944034399447e-05, 0.000349417573159361, 4.451283579955219e-05, 0.9995928201506971], [0.06516339812483496, 0.24203216637821473, 0.1101359074693534, 0.5826685280275969], [0.2785785296430986, 0.0012958062841171782, 0.031486692717011135, 0.6886389713557731], [8.644501939531394e-05, 3.6076963567865774e-05, 9.990072746908848e-05, 0.9997775772895678], [3.171861128721443e-05, 4.3225535449839775e-05, 0.0019291263552727311, 0.9979959294979903], [0.024363152168661504, 0.039938662278341475, 0.208639083518466, 0.727059102034531], [3.065044024656352e-05, 0.17600748751945133, 0.0011188917225486723, 0.8228429703177534], [1.040201227942674e-08, 0.02168415445982446, 0.6604060496682388, 0.31790978546992454], [0.002905592230369803, 0.026318917708257224, 0.021049248844488375, 0.9497262412168845], [9.817414783767618e-05, 0.9956215498983683, 0.00017590856304133609, 0.004104367390752578], [0.08379304132383646, 0.0008940831064878862, 0.9128007447942923, 0.0025121307753833517], [0.0025454099622984673, 0.21349872836479242, 0.7534283181457337, 0.030527543527175294], [1.6737325403812436e-06, 4.6814028372169e-09, 0.0012237717842281859, 0.9987745498018286], [0.0002610601306546942, 0.7828752672762859, 0.20670335052901553, 0.010160322064043843], [0.465814342313003, 0.04334666809694165, 0.4815087159980701, 0.009330273591985102], [0.053336833200976125, 0.0036850826005765964, 0.04092511216599143, 0.9020529720324559], [0.7741801794738212, 0.00018172875791391905, 0.2252425219021484, 0.0003955698661165729], [0.22621470179028383, 7.450355536855318e-07, 0.764936479199673, 0.008848073974489449], [0.06484100804599065, 3.941773992934232e-05, 0.005790728037615393, 0.9293288461764646], [0.11695877042268385, 0.00036513263959673555, 0.01718533317454559, 0.8654907637631738], [0.34863590200760014, 0.01404331968790833, 0.637171440729314, 0.00014933757517752446], [0.045290238167731346, 0.005877533585746304, 0.08464384403495642, 0.8641883842115659], [0.0158149398692961, 0.9151831194914876, 0.068970029186256, 3.1911452960273436e-05], [0.28238300580289805, 0.23437600872177705, 0.46710069084658945, 0.016140294628735417], [0.0010052011116829145, 0.9868675955983779, 9.47486625612575e-08, 0.012127108541276577], [1.1386996736736814e-07, 9.199406005498149e-08, 0.000236020316638339, 0.9997637738193341], [0.011119406316338313, 0.020551943846419514, 0.008611864111589597, 0.9597167857256527], [0.005037554941009923, 4.234140555076631e-05, 0.7580089705237927, 0.23691113312964662], [0.023882204769321833, 0.0651948614813312, 0.25245893554965, 0.6584639981996969], [5.444487709981889e-05, 0.0005924188027809873, 0.9987799887999549, 0.0005731475201642751], [4.2516726228573933e-08, 8.190458324588256e-11, 3.720205561590019e-08, 0.9999999201993136], [0.11502528074807403, 0.1192851154664242, 0.35071278775271364, 0.4149768160327882], [0.08811379068354844, 0.002222607978950554, 0.0016865431467604094, 0.9079770581907406], [0.03343431757077708, 0.0005108734119936113, 0.87605778263016, 0.08999702638706923], [0.0010078648525991742, 3.892034682778404e-05, 0.9764697771141198, 0.022483437686453202], [4.4792466752115454e-05, 0.010619975292000369, 0.9875422552685956, 0.0017929769726517677], [0.0017376807472007875, 0.00022302253641796882, 0.9696130209251322, 0.028426275791248932], [0.0003030821549264753, 0.9967677753344775, 2.4230499167403967e-06, 0.0029267194606790756], [0.8823656940590434, 0.0014832579145845838, 1.5836986538570344e-06, 0.1161494643277181], [0.8048027171707978, 0.02330708345642307, 8.412473818022789e-05, 0.17180607463459885], [0.007589261852020974, 2.9059739767381376e-05, 0.6248653251472811, 0.3675163532609304], [0.25854618865549944, 0.002903086229573299, 2.430583456446942e-07, 0.7385504820565816], [0.16368281136521137, 0.4838724050808033, 0.3124649631432575, 0.03997982041072768], [0.9882517107421673, 0.011709310801485703, 3.2995434971910336e-05, 5.983021375187367e-06], [0.015894866617613856, 0.05850094294043243, 0.7205110132737793, 0.20509317716817446], [7.139461161031555e-05, 0.9270177567610198, 0.07289588232198668, 1.4966305383237372e-05], [3.194317318868326e-05, 2.7539199445734777e-06, 0.9955168972466424, 0.004448405660224298], [4.649967421084303e-05, 3.3724243011613224e-05, 0.9998039585741805, 0.00011581750859708679], [0.0021934010327144524, 0.5252075546265277, 0.468853575204694, 0.0037454691360639188], [0.9990081961351864, 0.0006680764459492893, 1.1979328283655183e-06, 0.00032252948603611945], [1.524719458051055e-07, 3.842295089947961e-05, 0.9968963118113363, 0.0030651127658183246], [0.02240845991648507, 2.5115642979800827e-05, 0.9774745315968206, 9.189284371445364e-05], [0.02312464998554717, 0.0037709046553324643, 0.9730249344641583, 7.951089496202482e-05], [4.016245081012609e-08, 6.04462523562034e-08, 0.0004155909415896283, 0.9995843084497071], [1.1220090747390762e-08, 0.9997522121672525, 0.0002463626097227167, 1.414002933957366e-06], [0.015613490153494971, 0.9831155789201447, 0.0012378663600677842, 3.3064566292601164e-05], [0.004484966868641851, 0.6887506765318888, 0.2721077199519728, 0.0346566366474965], [2.975041092013918e-08, 0.0006241831771166867, 9.814693013420866e-10, 0.9993757860910031], [8.438159649189947e-09, 0.9999989865380624, 4.955548826612766e-10, 1.0045282230352364e-06], [0.8479012002274556, 0.09117808661584896, 0.053352637882544664, 0.00756807527415086], [3.000478710796721e-07, 0.9989046379047155, 3.3941356183179143e-07, 0.0010947226338517825], [5.553502274121789e-08, 2.4964665885839792e-12, 3.5080644044052986e-08, 0.9999999093818368], [0.09761976667071064, 0.00012670223145317476, 0.8129777673736261, 0.08927576372421021], [0.0009013981099706206, 0.9813378100475842, 0.01771498122734774, 4.581061509743835e-05], [0.0003962186235312828, 0.0025878230439478987, 0.07546906775300131, 0.9215468905795194], [0.2360516895270839, 1.418516800869427e-08, 0.7637555859667268, 0.00019271032102144246], [0.9021081559631492, 0.0031820770784623253, 0.00025799712992028085, 0.09445176982846812], [1.2694090270477374e-06, 2.2163868961222444e-05, 3.652869828609535e-05, 0.9999400380237256], [0.001628104922998367, 0.009958083763841705, 0.006170565833809898, 0.9822432454793502], [0.0003728668373681503, 0.0008544138743060067, 0.00015185962876883332, 0.998620859659557], [0.1774442794515906, 0.8204294686364235, 0.0020831777199939857, 4.307419199200276e-05], [0.905119878994135, 0.09363787982799239, 0.0012288490682451816, 1.3392109627417475e-05], [0.9250073179571073, 0.0017245828465865716, 0.07326760654808762, 4.926482184774353e-07], [0.025742066554576715, 0.5243839241128367, 0.4497694828568349, 0.00010452647575165676], [0.0006188125498970202, 9.900417441110241e-05, 0.9988192144013046, 0.00046296887438742983], [0.01189674048571337, 0.1306382885787847, 0.07325279059230368, 0.7842121803431983], [0.000979405202797536, 0.0018423175149344523, 0.001542602153891341, 0.9956356751283767], [0.20766762206404665, 0.01528123500621354, 0.002460572360767386, 0.7745905705689724], [8.911948275081215e-11, 8.275840030105815e-10, 9.7900405627556e-07, 0.9999990200792402], [1.4572225499749668e-05, 0.709329746148259, 0.2252095800755706, 0.06544610155067049], [0.9900635239153983, 7.192359257938359e-05, 0.009223440977312739, 0.0006411115147094617], [3.0026708780035077e-05, 8.8502545652144e-05, 2.9797623915134176e-05, 0.9998516731216526], [0.0001706216862462891, 0.03316892301920087, 0.14251662099895154, 0.8241438342956013], [0.021061779782443547, 1.169726422364001e-06, 0.9730584798130584, 0.005878570678075721], [0.9999781420942115, 2.0646087318357662e-05, 1.2039475101736953e-06, 7.870959876336077e-09], [0.005377493075891402, 0.9943809131183976, 8.39764457326284e-06, 0.00023319616113780077], [0.004617574894749037, 0.00018553392955347273, 0.991578741167626, 0.0036181500080715114], [0.005517661418821949, 9.879590849119065e-08, 0.9372670607883439, 0.0572151789969259], [0.00013553599290788376, 0.025329855747714413, 0.5994333155807764, 0.3751012926786013], [4.561775166830132e-06, 0.004505649786392594, 8.535514141036999e-08, 0.9954897030832992], [0.0790629319280158, 2.3828992353187406e-06, 0.0031414720173624203, 0.9177932131553864], [0.362814176836736, 0.44592392355216315, 0.03985682662367482, 0.15140507298742592], [3.5684302647694366e-10, 0.9999649619515961, 3.2876728885937916e-05, 2.1609626750496767e-06], [1.3674622120317155e-05, 0.8797604839466865, 0.0014781459072138656, 0.11874769552397932], [1.3867391014639652e-07, 0.31129059252657676, 0.40655670515378317, 0.28215256364573005], [1.68356047055647e-09, 0.006550199048567653, 0.9934495452911679, 2.5397670401988046e-07], [0.12254240964391112, 0.003918794289841795, 0.04402323861534427, 0.8295155574509029], [0.011150031731763325, 0.0008352568870643403, 0.8770905008284817, 0.11092421055269072], [0.00012248877595434187, 2.6497583389007823e-11, 0.002752603525328555, 0.9971249076722195], [0.9941807029616091, 3.9207327709968304e-07, 0.0021149325637665655, 0.0037039724013471866], [0.9706785755256846, 0.0001187109931129967, 4.4332868947603124e-05, 0.029158380612254942], [0.47372130060206163, 0.02166462472475553, 0.3602446251465608, 0.14436944952662212], [0.9994545298742397, 5.6104636786955436e-08, 9.448411893197569e-07, 0.0005444691799341761], [0.24979663809593158, 6.15273989828895e-05, 1.7422963475994458e-07, 0.7501416602754508], [3.286973606128185e-06, 0.0023937139455112574, 0.0028339787486620703, 0.9947690203322206], [9.111860625857643e-06, 0.9994996554051088, 0.0004881788773541772, 3.0538569110564443e-06], [1.5526828370583804e-05, 8.910847383420462e-08, 2.6804222760518567e-06, 0.9999817036408796], [0.002628605254072532, 0.00024294450230627102, 2.7994050061752375e-05, 0.9971004561935594], [0.02927102607087288, 4.392523513700552e-06, 1.1557169663973283e-05, 0.9707130242359494], [7.243803786110733e-05, 0.0026960773622269544, 0.997207038918326, 2.4445681585853116e-05], [3.0928125113352424e-05, 0.9892139471533608, 2.160572100041399e-06, 0.010752964149425942], [5.945637229284873e-05, 0.041476014629947114, 0.9584643132685541, 2.1572920607758977e-07], [0.00013394626076356335, 0.0003241255913468377, 0.968644040347601, 0.030897887800288546], [0.9814827241610745, 0.0014264039875411503, 0.017057961711944732, 3.2910139439537175e-05], [0.0034082061100153506, 0.00015450073964010398, 4.316892057971291e-09, 0.9964372888334524], [0.0004528704777865932, 0.8664510518117892, 0.13308698049857584, 9.097211848311178e-06], [0.4617022173598932, 0.2327148068369408, 0.15712236669686924, 0.14846060910629674], [0.0017581345833141975, 0.02493344199395409, 0.07828584376479328, 0.8950225796579384], [5.203030003931206e-06, 0.09265998562224544, 0.9073341012055491, 7.101422016801027e-07], [0.0010463364386045922, 1.6871923365565973e-06, 0.06429226467420897, 0.93465971169485], [0.17724820834854607, 0.0011683724217293823, 0.5975739943295703, 0.22400942490015427], [2.056333504002286e-05, 0.9956651467083006, 0.003948184811148485, 0.00036610514551076227]]}}