{"test": {"ids": ["101108580", "112119930", "109120560", "110119891", "111116411", "110121170", "105116441", "107115140", "112117571", "99105921", "101113210", "98116500", "112116540", "97109080", "97108520", "98109311", "110121140", "99111620", "100108520", "104113210", "112118620", "109114270", "112120990", "113119480", "108117360", "103120290", "107114780", "98107380", "109119340", "110120640", "98107410", "107112850", "98106111", "112118421", "104116441", "105113170", "105118740", "110120190", "108118630", "98106560", "100109801", "112118890", "110120540", "110117140", "110120560", "106116640", "104117630", "113119300", "108121351", "111121190", "112119120", "113118111", "101111990", "108116481", "106121190", "106119260", "97106820", "105115250", "112118550", "105116860", "108118291", "107113200", "111116040", "111120280", "107119130", "100109910", "99109740", "108116120", "102110850", "98110680", "112117780", "102110050", "106118520", "108121190", "112116290", "101110740", "103109021", "107120010", "97113900", "109118820", "103120531", "112116640", "109116040", "112121351", "108120260", "109117600", "101108080", "111121410", "109116170", "108118520", "113122230", "105113260", "101108621", "110117080", "106116820", "99110730", "104113190", "99114890", "104111830", "113118620", "104114230", "110120700", "105112100", "99112300", "105120621", "111115770", "100115700", "106114150", "104111531", "101114020", "103110050", "112116810", "105112130", "102110500", "110118930", "107114490", "113119360", "106115250", "104112470", "113118231", "104111550", "104118340", "98109570", "103111830", "111121351", "100112060", "111121930", "112120630", "103113101", "112117660", "109119450", "100109890", "100109360", "113120531", "104111880", "110114651", "109115380", "100108490", "111116100", "107120260", "113122430", "102112030"], "labels": [0, 1, 1, 3, 0, 2, 1, 0, 3, 1, 3, 2, 1, 2, 2, 1, 3, 3, 2, 3, 3, 3, 2, 3, 1, 2, 2, 1, 3, 0, 3, 1, 0, 3, 1, 0, 1, 3, 1, 1, 0, 3, 1, 3, 0, 3, 0, 1, 3, 1, 1, 1, 2, 0, 2, 1, 1, 2, 3, 2, 3, 0, 0, 0, 1, 2, 3, 1, 3, 2, 0, 3, 2, 1, 0, 3, 0, 1, 2, 3, 3, 0, 0, 0, 1, 1, 0, 0, 0, 0, 1, 3, 0, 1, 1, 3, 3, 2, 3, 3, 2, 2, 1, 0, 1, 3, 1, 1, 0, 3, 3, 3, 1, 3, 1, 3, 0, 2, 1, 3, 1, 2, 1, 3, 0, 2, 1, 3, 3, 0, 3, 3, 0, 0, 3, 3, 3, 2, 3, 1, 2, 2], "predicted_labels": [3, 2, 3, 1, 3, 3, 1, 1, 3, 2, 0, 3, 3, 0, 0, 3, 0, 3, 0, 0, 0, 3, 3, 0, 1, 1, 0, 0, 1, 2, 0, 0, 0, 3, 3, 0, 0, 1, 3, 1, 1, 3, 1, 0, 0, 0, 1, 3, 0, 1, 0, 1, 3, 1, 3, 3, 3, 3, 0, 3, 1, 1, 3, 1, 1, 3, 0, 0, 1, 0, 3, 1, 3, 1, 1, 1, 0, 3, 0, 1, 0, 1, 1, 1, 1, 3, 1, 1, 3, 0, 3, 0, 1, 1, 1, 3, 1, 3, 3, 3, 3, 3, 0, 3, 1, 1, 1, 0, 3, 3, 3, 0, 1, 0, 1, 3, 3, 0, 0, 0, 3, 3, 1, 2, 1, 3, 0, 0, 1, 0, 3, 3, 1, 1, 3, 3, 3, 0, 3, 3, 1, 3], "confidence_scores": [[0.2377698998594961, 0.23726911970159736, 0.16719695178801844, 0.35776402865088813], [0.2780756974810877, 0.123423675007249, 0.3395594981414419, 0.2589411293702215], [0.2563777050891551, 0.27458796428294424, 0.18168921323896983, 0.28734511738893087], [0.24961167697451164, 0.3768260359154597, 0.14205252908309718, 0.23150975802693155], [0.28435043106403823, 0.20036359822198235, 0.17501153060845104, 0.34027444010552854], [0.21688081054088265, 0.16177516042817278, 0.19887101763841122, 0.42247301139253346], [0.2502299318454565, 0.3611776077411574, 0.155444679277747, 0.23314778113563933], [0.14266491828834543, 0.3928039016475845, 0.12949618600768978, 0.3350349940563802], [0.2169014120855242, 0.21032163810283103, 0.15659221581966767, 0.4161847339919771], [0.15632828109284466, 0.25021689794062296, 0.42125584429785107, 0.17219897666868114], [0.3704688468800625, 0.24217961725105477, 0.15502449954990274, 0.23232703631898008], [0.2676710635072536, 0.25276296665477743, 0.17159195432207677, 0.3079740155158923], [0.1885482817507778, 0.25797301770025255, 0.2205761869818282, 0.3329025135671414], [0.335891926058841, 0.18986860153689475, 0.18775720943584018, 0.28648226296842394], [0.29588854976195694, 0.24547969155571378, 0.20774968735158053, 0.25088207133074886], [0.2781808642431276, 0.2489285117780985, 0.15831108459037788, 0.31457953938839617], [0.3621574294138136, 0.21586333875700384, 0.1531025337437492, 0.2688766980854333], [0.23069252196786993, 0.29040152473904723, 0.17330309656150752, 0.30560285673157545], [0.4314971383659419, 0.24042178731102168, 0.1582284260201988, 0.16985264830283772], [0.31212277295125296, 0.22469059657889479, 0.25376472794687066, 0.20942190252298162], [0.2981666715977617, 0.25402370245288647, 0.17645360368605584, 0.271356022263296], [0.2961545561414227, 0.19423583714201367, 0.12606783496372476, 0.3835417717528389], [0.28183760073867625, 0.23777807633756007, 0.16534509421325325, 0.31503922871051065], [0.30627190437959995, 0.2710839015338868, 0.14830364653242553, 0.27434054755408777], [0.26590044275306624, 0.296994079204017, 0.15381014869064757, 0.28329532935226925], [0.27460215329695636, 0.30404969465629905, 0.1504723120073361, 0.2708758400394083], [0.31432788255209343, 0.26210655968766156, 0.16718813215686001, 0.25637742560338483], [0.31700838908937035, 0.199881703341881, 0.2973664896704021, 0.18574341789834659], [0.2425070618506396, 0.27837346083872705, 0.2142091748442706, 0.2649103024663628], [0.2114191376499688, 0.19727540083991027, 0.39214331539965147, 0.1991621461104696], [0.316194195446015, 0.17233502504405282, 0.30973906081810854, 0.2017317186918236], [0.299400074814696, 0.2008756628987812, 0.2055105857181421, 0.2942136765683806], [0.3361758998909794, 0.18272265523714656, 0.19928127298907375, 0.28182017188280023], [0.19633223281192255, 0.2699250954757414, 0.256039182016613, 0.27770348969572306], [0.19591490822401067, 0.31747450502324065, 0.15645043533068576, 0.330160151422063], [0.2740328803088441, 0.21274376529086597, 0.24906310851349048, 0.26416024588679954], [0.40956108106772104, 0.25245514725187296, 0.13912046888304494, 0.198863302797361], [0.23379101882173423, 0.2621292955755044, 0.25637230577069553, 0.24770737983206595], [0.2490518051512376, 0.256945608793272, 0.1918438243676394, 0.3021587616878513], [0.1889131264021695, 0.37096051890610426, 0.11927911481827201, 0.3208472398734543], [0.2003385321802206, 0.3592706580945651, 0.19455182152818826, 0.2458389881970261], [0.23657172448896405, 0.20793687150078055, 0.2575776046590193, 0.2979137993512362], [0.32953913885073427, 0.38870883121792094, 0.1412359927823416, 0.1405160371490033], [0.2976304375751569, 0.259902468974086, 0.20857277222788428, 0.23389432122287307], [0.3040538753457654, 0.26501793262695017, 0.16151627405359154, 0.2694119179736929], [0.4913952013976186, 0.19419475152078475, 0.14304172702475498, 0.17136832005684177], [0.23792966958562795, 0.3392956107346279, 0.17736389442527264, 0.24541082525447144], [0.2534035551498815, 0.1530510126889334, 0.18933474196351271, 0.4042106901976724], [0.32127224880906935, 0.25554066511428913, 0.17609020267397008, 0.2470968834026715], [0.24955356299779127, 0.3186905921701667, 0.22016092220586034, 0.2115949226261817], [0.30655664891876133, 0.2841506597634493, 0.2084327589755433, 0.20085993234224628], [0.2620316648010027, 0.28569527767827696, 0.16723222052761982, 0.28504083699310057], [0.24140186652467635, 0.25906889213136297, 0.2203577497210169, 0.2791714916229438], [0.26231528601995374, 0.37023357183685646, 0.14928207785766123, 0.21816906428552854], [0.1979407428558045, 0.26903024162027056, 0.23783209713145056, 0.2951969183924744], [0.21390756457624704, 0.2479124816288195, 0.16433454023645944, 0.373845413558474], [0.21137210803872597, 0.1803789533919957, 0.12129829121155239, 0.486950647357726], [0.183441401119129, 0.3142456033695844, 0.18596750233616344, 0.31634549317512334], [0.4357177941314595, 0.19750081714169548, 0.16173392409719747, 0.20504746462964746], [0.1465819497861532, 0.277987207563661, 0.13502109748728117, 0.4404097451629046], [0.26794624756955027, 0.30872430136066, 0.1641013241836071, 0.25922812688618263], [0.23850155407510173, 0.4875121594524321, 0.1223425917160314, 0.15164369475643477], [0.2010555052441287, 0.17760912947482116, 0.12204585509463896, 0.49928951018641127], [0.2524705223979748, 0.2922852216248046, 0.21927915711581278, 0.235965098861408], [0.27218711950012586, 0.3102517553947551, 0.1708596534625553, 0.2467014716425639], [0.28617984893741105, 0.24466544619590289, 0.13992334643966414, 0.32923135842702206], [0.3433469292376748, 0.1934414501740501, 0.17426262640646537, 0.28894899418180964], [0.28382655264867507, 0.23348800287628244, 0.23849479852341401, 0.2441906459516287], [0.21485386830362452, 0.4500539580290451, 0.12512626535968174, 0.2099659083076487], [0.2769063701900345, 0.2576758089507191, 0.21926194155224996, 0.2461558793069964], [0.21072265803829157, 0.20044890865874804, 0.19571781299960114, 0.3931106203033592], [0.2508175208821645, 0.319708780744832, 0.1784064879528387, 0.2510672104201647], [0.1269554020188072, 0.29522356675916456, 0.23633061877502307, 0.3414904124470052], [0.21922514547415356, 0.3159813442702911, 0.18243824704914094, 0.2823552632064144], [0.306823397609, 0.40652318890997563, 0.10078076227357746, 0.1858726512074469], [0.15693989187347368, 0.44821639124028767, 0.1981820494614465, 0.19666166742479213], [0.2815568208369769, 0.24872266882636862, 0.19715785997245952, 0.2725626503641951], [0.21991887653907433, 0.2765757456824525, 0.1723618825202345, 0.3311434952582387], [0.3811005991142049, 0.2521809830294507, 0.18981976137464013, 0.1768986564817045], [0.28691726219722563, 0.4012853114894969, 0.15422906157804964, 0.15756836473522776], [0.29722762954082377, 0.25436948028207934, 0.17385729520842025, 0.27454559496867664], [0.2113113101739266, 0.367655913359783, 0.22171581339987373, 0.19931696306641664], [0.16766292078290437, 0.4362222664320889, 0.1837113917541204, 0.21240342103088625], [0.17310782590430285, 0.5375136237349422, 0.18478777765280546, 0.10459077270794967], [0.24215609594313897, 0.3307150994570825, 0.13650551982953507, 0.29062328477024335], [0.2787791952031472, 0.2212496593126261, 0.21154107291148572, 0.288430072572741], [0.23188751552911632, 0.38692199062380506, 0.14907213365281755, 0.23211836019426105], [0.1566110543162175, 0.41337218310963547, 0.138968578031212, 0.291048184542935], [0.24090958146429103, 0.28140998388302874, 0.12497666399433324, 0.352703770658347], [0.30743109381233974, 0.26073627818989625, 0.19103066953003606, 0.24080195846772826], [0.24228417741858718, 0.22080891483908302, 0.13234034044881346, 0.4045665672935163], [0.42496675266059114, 0.1663189980107333, 0.14509819893322043, 0.263616050395455], [0.1777805979500871, 0.4026132219533723, 0.13764777812889112, 0.2819584019676495], [0.1948065906564202, 0.4191630594391972, 0.20268919127869442, 0.18334115862568837], [0.1952947065237369, 0.3421321599032185, 0.12273233046946037, 0.3398408031035841], [0.09616199890608, 0.1689488278408749, 0.25462302264000214, 0.48026615061304295], [0.2284349029612282, 0.285476516323462, 0.2328120370180814, 0.2532765436972285], [0.28549382153720765, 0.23001638903709312, 0.18821089724902954, 0.2962788921766697], [0.20168469615359855, 0.21513941951741156, 0.24096254414229618, 0.3422133401866938], [0.3171543170780971, 0.18484225045864722, 0.10999423876747866, 0.388009193695777], [0.23192777962883615, 0.24992610957933206, 0.1360101155261049, 0.38213599526572684], [0.26733072868567975, 0.2586037395174607, 0.19432013817089547, 0.27974539362596423], [0.2970682642525785, 0.2624252230468947, 0.18862416874948165, 0.2518823439510451], [0.2420487487817126, 0.23903219693328276, 0.14954664544801455, 0.3693724088369903], [0.2778052007748799, 0.28695835053218993, 0.18828155406241912, 0.24695489463051098], [0.3050726543881708, 0.3952805047555588, 0.12334026806075857, 0.17630657279551182], [0.280317120312989, 0.31236802131775676, 0.177692097182772, 0.22962276118648217], [0.32452948210011656, 0.2341658687275772, 0.13482199999067793, 0.3064826491816285], [0.27149599230714405, 0.26838609959121507, 0.1615927039531045, 0.29852520414853634], [0.25460085051268977, 0.28546152856583296, 0.1590600545805064, 0.3008775663409709], [0.2685392137061928, 0.24985063310430045, 0.16681854021299988, 0.3147916129765069], [0.2818048113192421, 0.20184355162707152, 0.2586808027480613, 0.2576708343056251], [0.3004763437339606, 0.30105308106816564, 0.15119188137834744, 0.2472786938195263], [0.47008696837148184, 0.1856445188564567, 0.10660596060457284, 0.2376625521674887], [0.2748683880198155, 0.27981716256692374, 0.180105791845779, 0.2652086575674818], [0.198144904735139, 0.2771113024830394, 0.2224525705515825, 0.30229122223023913], [0.31230491905872315, 0.15706779639698723, 0.10396734781293794, 0.4266599367313516], [0.5156220387390119, 0.1810247881592331, 0.1129627748838247, 0.1903903982179304], [0.2663069523484039, 0.23830321149017308, 0.23703381751482924, 0.25835601864659374], [0.33033334718903506, 0.28009601548362173, 0.14411246238858882, 0.24545817493875446], [0.14754549999597358, 0.3074321953340543, 0.22913220491270453, 0.31589009975726756], [0.19734500607483324, 0.25295114894101556, 0.20137367094454925, 0.3483301740396019], [0.27493365653648083, 0.3765692672032608, 0.1446003477077451, 0.20389672855251326], [0.16108325878434926, 0.18385289845240327, 0.38536446153554244, 0.2696993812277052], [0.2701231992153117, 0.37196625029985914, 0.15760160033835852, 0.20030895014647068], [0.18908961307042102, 0.221761643375027, 0.16024898999128318, 0.42889975356326887], [0.344379307889825, 0.3311473275891568, 0.1298596140565475, 0.19461375046447085], [0.4264866982286196, 0.23178284739245728, 0.13746443597037766, 0.20426601840854547], [0.22740521757014298, 0.41899965133710726, 0.160779653571516, 0.19281547752123374], [0.39042509847540763, 0.20783156020269003, 0.21728044187329415, 0.1844628994486081], [0.26986503255306415, 0.28450728266858455, 0.14410524987156262, 0.30152243490678876], [0.16578936487411694, 0.193306627424897, 0.13162016100745752, 0.5092838466935286], [0.28153391664535793, 0.3234159922058782, 0.15941416994208915, 0.23563592120667484], [0.25353268424600917, 0.2667809264636045, 0.24067640164583576, 0.23900998764455048], [0.1309942323641112, 0.2810495710885976, 0.2547626505600166, 0.33319354598727446], [0.192047387784151, 0.144641945412537, 0.32287338416128314, 0.3404372826420288], [0.2780837860427596, 0.26766150508099196, 0.1637849951205689, 0.29046971375567954], [0.26213712633398006, 0.25689231091065634, 0.2229928959248645, 0.25797766683049916], [0.2709863691080622, 0.21053774172241985, 0.13279176391823894, 0.385684125251279], [0.19451404751014068, 0.26248405628372945, 0.2242999954916035, 0.31870190071452653], [0.2809327840094452, 0.29119686995297245, 0.1793494894901721, 0.24852085654741013], [0.17054539287502107, 0.19603811298350146, 0.12874897736553387, 0.5046675167759436]]}, "rewritten": {"ids": ["97106820", "97108520", "97109080", "97113900", "98106111", "98106560", "98107380", "98107410", "98109311", "98109570", "98110680", "98116500", "99105921", "99109740", "99110730", "99111620", "99112300", "99114890", "100108490", "100108520", "100109360", "100109801", "100109890", "100109910", "100112060", "100115700", "101108080", "101108580", "101108621", "101110740", "101111990", "101113210", "101114020", "102110050", "102110500", "102110850", "102112030", "103109021", "103110050", "103111830", "103113101", "103120290", "103120531", "104111531", "104111550", "104111830", "104111880", "104112470", "104113190", "104113210", "104114230", "104116441", "104117630", "104118340", "105112100", "105112130", "105113170", "105113260", "105115250", "105116441", "105116860", "105118740", "105120621", "106114150", "106115250", "106116640", "106116820", "106118520", "106119260", "106121190", "107112850", "107113200", "107114490", "107114780", "107115140", "107119130", "107120010", "107120260", "108116120", "108116481", "108117360", "108118291", "108118520", "108118630", "108120260", "108121190", "108121351", "109114270", "109115380", "109116040", "109116170", "109117600", "109118820", "109119340", "109119450", "109120560", "110114651", "110117080", "110117140", "110118930", "110119891", "110120190", "110120540", "110120560", "110120640", "110120700", "110121140", "110121170", "111115770", "111116040", "111116100", "111116411", "111120280", "111121190", "111121351", "111121410", "111121930", "112116290", "112116540", "112116640", "112116810", "112117571", "112117660", "112117780", "112118421", "112118550", "112118620", "112118890", "112119120", "112119930", "112120630", "112120990", "112121351", "113118111", "113118231", "113118620", "113119300", "113119360", "113119480", "113120531", "113122230", "113122430"], "labels": [1, 2, 2, 2, 0, 1, 1, 3, 1, 1, 2, 2, 1, 3, 3, 3, 0, 2, 2, 2, 0, 0, 3, 2, 2, 1, 0, 0, 0, 3, 2, 3, 3, 3, 3, 3, 2, 0, 3, 3, 3, 2, 3, 0, 1, 3, 3, 1, 3, 3, 2, 1, 0, 2, 1, 1, 0, 3, 2, 1, 2, 1, 1, 1, 2, 3, 1, 2, 1, 2, 1, 0, 3, 2, 0, 1, 1, 1, 1, 0, 1, 3, 0, 1, 1, 1, 3, 3, 3, 0, 0, 1, 3, 3, 3, 1, 3, 1, 3, 1, 3, 3, 1, 0, 0, 2, 3, 2, 3, 0, 3, 0, 0, 1, 0, 0, 1, 0, 1, 0, 3, 3, 0, 0, 3, 3, 3, 3, 1, 1, 3, 2, 0, 1, 3, 3, 1, 0, 3, 0, 1, 2], "predicted_labels": [3, 1, 0, 0, 0, 1, 2, 0, 3, 1, 0, 3, 2, 3, 3, 1, 2, 1, 3, 0, 3, 1, 3, 3, 1, 0, 1, 3, 3, 1, 2, 2, 3, 2, 0, 3, 3, 1, 3, 2, 0, 1, 0, 3, 3, 3, 1, 3, 1, 0, 3, 1, 1, 3, 1, 1, 3, 0, 1, 1, 3, 0, 3, 0, 1, 0, 1, 1, 3, 2, 1, 1, 3, 2, 1, 1, 1, 0, 2, 1, 0, 1, 3, 1, 1, 1, 2, 0, 1, 2, 1, 0, 2, 1, 1, 0, 3, 1, 1, 0, 1, 0, 1, 3, 2, 1, 3, 3, 1, 3, 3, 3, 2, 1, 1, 1, 1, 1, 3, 2, 0, 3, 3, 3, 1, 3, 3, 1, 0, 0, 3, 0, 1, 3, 1, 3, 3, 3, 3, 3, 0, 1], "confidence_scores": [[0.1670388372963537, 0.26839090194371046, 0.13445112957791158, 0.4301191311820242], [0.25310203455564834, 0.2675324883611943, 0.26476182736966636, 0.21460364971349094], [0.3510390770792308, 0.21529687863616648, 0.19622417927301758, 0.23743986501158507], [0.30552460669556536, 0.24921715416203294, 0.24490263310712665, 0.20035560603527525], [0.32129264740997465, 0.26744409383145484, 0.19270120568169863, 0.21856205307687193], [0.18095034800188606, 0.3553243560646982, 0.1142514432256804, 0.34947385270773534], [0.25922179099447684, 0.21679330733968089, 0.32252609273282, 0.20145880893302223], [0.3229499233628552, 0.29018804447719904, 0.1466671338682839, 0.2401948982916619], [0.2814274149091134, 0.23224735682581496, 0.1680743421221616, 0.3182508861429102], [0.2699658950451722, 0.34232457196784644, 0.15030932838782451, 0.23740020459915684], [0.288567262308989, 0.2727529159149303, 0.18215799404010682, 0.256521827735974], [0.25590111678983185, 0.21401614905888694, 0.25464582949409875, 0.2754369046571826], [0.18108933733241375, 0.2696708216722755, 0.34251561540298875, 0.2067242255923219], [0.15349415696726115, 0.3267651316796259, 0.15312175364561872, 0.3666189577074943], [0.09447591980404894, 0.1485042205908616, 0.19687079025705684, 0.5601490693480328], [0.2527571650662628, 0.2966588086344048, 0.17714071865459366, 0.2734433076447389], [0.14644012206223103, 0.3221943665595299, 0.3511327418906117, 0.18023276948762754], [0.12304937490972706, 0.3898787780135445, 0.2529573766912689, 0.2341144703854598], [0.2554471453864182, 0.279806409006934, 0.17397465353695243, 0.29077179206969545], [0.2776587478660319, 0.2667607529880378, 0.18653446734145884, 0.26904603180447156], [0.18536933942295292, 0.1948254425331973, 0.1905089664941914, 0.42929625154965845], [0.2122658103838937, 0.3394991614250183, 0.1708330614421476, 0.2774019667489402], [0.21513941916283433, 0.20016711653269437, 0.17226019436745, 0.4124332699370214], [0.1650772952942592, 0.2615764197420415, 0.14938758258763582, 0.42395870237606353], [0.1806157569273926, 0.32554132001088404, 0.18273475999734579, 0.31110816306437755], [0.3458970889036156, 0.2476072122586172, 0.17541000026434989, 0.23108569857341718], [0.22344334018271464, 0.4092472037789112, 0.14364367739050288, 0.2236657786478713], [0.2581892380440033, 0.2576454516039542, 0.17862307841279682, 0.30554223193924585], [0.17888984235906605, 0.20894800315180131, 0.22275678101510096, 0.3894053734740318], [0.22350807566502565, 0.2943351532153457, 0.27508483278869067, 0.207071938330938], [0.19811504364129787, 0.24328542305596432, 0.28507327550208217, 0.27352625780065576], [0.20773094279740228, 0.20978444693633436, 0.3538931915086889, 0.22859141875757436], [0.22886397014988877, 0.2566050294846763, 0.1429811232376001, 0.3715498771278348], [0.2557507705446914, 0.25818200739628305, 0.2692177254823357, 0.21684949657669], [0.37221427173775024, 0.23334012263970974, 0.16429747329033612, 0.23014813233220396], [0.1755814790927216, 0.20648936611589913, 0.1272058886181607, 0.4907232661732185], [0.25606610422058623, 0.2296027478747256, 0.15079271341320896, 0.36353843449147943], [0.2659012254763894, 0.2905031153775156, 0.2367391907391138, 0.2068564684069811], [0.1834211878003785, 0.243125891544776, 0.28655391989729856, 0.286899000757547], [0.16478314371997177, 0.18807577409130036, 0.37124703687686117, 0.27589404531186673], [0.29638025617569663, 0.21945248903704373, 0.22219081532766288, 0.2619764394595968], [0.2157779477851188, 0.34057841374740794, 0.16278188240197, 0.28086175606550323], [0.29968142703806916, 0.25646945730997556, 0.16703697737822112, 0.27681213827373424], [0.28187424942323663, 0.2645626752606284, 0.15929065672755652, 0.29427241858857867], [0.14711879831025312, 0.30654310121734213, 0.21770950398581984, 0.328628596486585], [0.25526103400104483, 0.24104412101953512, 0.16711353785511696, 0.336581307124303], [0.25532998983406724, 0.3209502379106065, 0.19440851466090261, 0.22931125759442378], [0.27508728781420455, 0.24616024308852183, 0.19347187896360626, 0.28528059013366724], [0.2703991735372863, 0.3245119736713234, 0.1832371487745136, 0.221851704016877], [0.2599138034981699, 0.2300118213894767, 0.2593134365767948, 0.25076093853555875], [0.23165010492003593, 0.26363377467982424, 0.17168989245059538, 0.33302622794954456], [0.17848251817731828, 0.3422839129219099, 0.17845086807518679, 0.3007827008255848], [0.21148444924375512, 0.3323308026992739, 0.1493688903533466, 0.30681585770362446], [0.21680815594732528, 0.29339278288021947, 0.1791594386384735, 0.3106396225339817], [0.24128946390311543, 0.32411990505399707, 0.18259232498796027, 0.2519983060549273], [0.2596800796751251, 0.29115642124873337, 0.20603306407572367, 0.24313043500041787], [0.24113138324296063, 0.29024800894078856, 0.15736795658295533, 0.31125265123329554], [0.36423737187748867, 0.2603024859269719, 0.11904847020993543, 0.256411671985604], [0.24348699688731146, 0.32942422967050417, 0.1596692497087982, 0.2674195237333861], [0.16972909428625504, 0.4223022934350012, 0.09739803981683615, 0.31057057246190756], [0.14987631469193893, 0.2478456705087283, 0.27111014189764676, 0.33116787290168603], [0.33591908595225356, 0.27912326247264696, 0.18833087313438732, 0.19662677844071222], [0.28009514014252523, 0.24743144412005436, 0.18983355287902282, 0.28263986285839776], [0.2793786345973096, 0.21330894913143644, 0.2568018020204799, 0.2505106142507742], [0.22425919522241927, 0.3604498273841043, 0.15221179202828988, 0.26307918536518654], [0.3328156349161359, 0.28271000567491306, 0.16961934228188738, 0.21485501712706373], [0.24017477767321768, 0.2725417719012517, 0.2267258595560047, 0.26055759086952607], [0.21747344827997736, 0.3119922684434925, 0.24400179959528973, 0.22653248368124052], [0.15903542447083138, 0.2547907378516741, 0.16889395195540527, 0.4172798857220891], [0.22492219822841233, 0.23459352150992482, 0.2953303761992414, 0.2451539040624216], [0.20478700260607402, 0.38910955751476384, 0.12675274402682676, 0.27935069585233546], [0.1954533445951198, 0.3778857364144191, 0.23509439391718762, 0.19156652507327365], [0.23624156514115038, 0.2521477365971418, 0.13857991295655925, 0.37303078530514866], [0.21806906684467967, 0.25172346966308784, 0.28533649833747393, 0.2448709651547586], [0.15800193635209234, 0.33904334406645115, 0.18891600939469583, 0.3140387101867606], [0.31013551155040914, 0.3192534633478714, 0.14675391527736673, 0.22385710982435272], [0.1569491004574331, 0.36828051133884754, 0.22102569206684547, 0.25374469613687395], [0.31284307129882444, 0.279788521175142, 0.16360417392043375, 0.24376423360559984], [0.23766900705383823, 0.2237860671386928, 0.2703187659390406, 0.2682261598684281], [0.3165680987918369, 0.3410416600602762, 0.1375115913914428, 0.20487864975644401], [0.41541064874239475, 0.16170120712957653, 0.26864534961438885, 0.15424279451363987], [0.2752076668626184, 0.2950381994751531, 0.19093498114045263, 0.23881915252177577], [0.23749478306590915, 0.2390656495864574, 0.18500938803814856, 0.3384301793094849], [0.23384391503489332, 0.339009049489338, 0.15806845828443516, 0.2690785771913336], [0.24202916455870274, 0.3274506229672208, 0.13788705742899632, 0.29263315504508014], [0.13208529477418354, 0.40938037899354873, 0.18286812801605326, 0.2756661982162144], [0.33744295966916654, 0.17909861811748562, 0.3460472001272105, 0.1374112220861374], [0.37443702794990935, 0.200978788916873, 0.14254556604705082, 0.2820386170861668], [0.28800564386338134, 0.31592930289089544, 0.200031588173134, 0.19603346507258929], [0.16171311233626393, 0.27019878331011776, 0.32181828250846833, 0.24626982184514992], [0.20937912118816604, 0.375459684273856, 0.10861960706216617, 0.3065415874758117], [0.3184943819606767, 0.2527691259401039, 0.17311516937914814, 0.25562132272007143], [0.1312323289778078, 0.26525747631664304, 0.3969736348899623, 0.20653655981558688], [0.23310775530751135, 0.28182764154473744, 0.21686717678370887, 0.2681974263640422], [0.2103067933698075, 0.38404286161330103, 0.14757912561470093, 0.25807121940219047], [0.3366190756451331, 0.22823657144189158, 0.20375022262224118, 0.23139413029073413], [0.21230385237037963, 0.16355079760536373, 0.2277669221968616, 0.39637842782739513], [0.2112193985174389, 0.45447830587839955, 0.13551431251837465, 0.19878798308578677], [0.2773806505137105, 0.298693844558822, 0.1469828427015641, 0.2769426622259035], [0.3620157219132097, 0.2454564236782663, 0.13126040825498567, 0.2612674461535384], [0.271653576377318, 0.3657571515510042, 0.13787987945638183, 0.2247093926152961], [0.2590437614142376, 0.24753919529334423, 0.2555268002604505, 0.23789024303196768], [0.2534172207619267, 0.2955972938445153, 0.19472652782370747, 0.2562589575698505], [0.28883094196419634, 0.22733275625969349, 0.16998139234349807, 0.31385490943261224], [0.23607897239601972, 0.16857397495126225, 0.4265325260426573, 0.16881452661006088], [0.229577561914561, 0.30195543001903236, 0.18710998846510574, 0.281357019601301], [0.29453217398454223, 0.22781640325679334, 0.16672996353762964, 0.3109214592210348], [0.23402207573613454, 0.27918681136225826, 0.18948296657058866, 0.29730814633101876], [0.21978263777383733, 0.4280482931894054, 0.14063845860957813, 0.211530610427179], [0.15212271940486943, 0.1343827105556481, 0.08799342035084363, 0.6255011496886388], [0.2634653513243469, 0.23244865814091323, 0.12910623087372725, 0.3749797596610127], [0.28435043106403823, 0.20036359822198235, 0.17501153060845104, 0.34027444010552854], [0.24952059743452223, 0.22059415530557708, 0.3115385216603604, 0.21834672559954027], [0.27309602438440006, 0.3930772776972807, 0.14767441863513753, 0.18615227928318168], [0.21991811918668322, 0.5751232477438258, 0.08231597871572244, 0.1226426543537687], [0.21357852881433573, 0.31973840821243543, 0.1535111795859509, 0.3131718833872781], [0.27650961580431116, 0.2865620738993845, 0.21989672193508164, 0.2170315883612229], [0.31039595295264605, 0.3996129311874158, 0.10195422183892654, 0.18803689402101167], [0.27021324554930853, 0.21754804613692894, 0.19030105691622382, 0.32193765139753877], [0.20213914843685787, 0.2290546769031367, 0.3781407476646196, 0.19066542699538577], [0.3877499622259184, 0.20383074067908843, 0.19110781241986274, 0.21731148467513045], [0.20611268221702464, 0.24633097018105948, 0.15942169614320822, 0.3881346514587078], [0.2986636864508191, 0.20470006210450467, 0.11973998646393413, 0.37689626498074225], [0.22982817148799387, 0.19559677479305343, 0.19098020163055265, 0.3835948520884002], [0.16885523704536248, 0.3678887696859307, 0.21432108108821346, 0.24893491218049343], [0.23526514427655235, 0.26852063340718507, 0.20817805070353856, 0.288036171612724], [0.25624209502156997, 0.2549666003374337, 0.20555962573044645, 0.2832316789105499], [0.25184312209823584, 0.31479817414875516, 0.19805220325284825, 0.23530650050016091], [0.48869140164379526, 0.2118506622273832, 0.13024602523706194, 0.1692119108917598], [0.3698119072212826, 0.1317947375679569, 0.2802092469578539, 0.2181841082529067], [0.24766779993041385, 0.15507700523219078, 0.12338915192723177, 0.47386604291016354], [0.3129866237992057, 0.2128492733702303, 0.2730689257733942, 0.20109517705716987], [0.23397254042377857, 0.3153399217389997, 0.29449951811354413, 0.15618801972367743], [0.17237292405349292, 0.2855824896904678, 0.11000608244752969, 0.43203850380850967], [0.2150224573860014, 0.34508268162289646, 0.19192305341328325, 0.24797180757781873], [0.2521066481901631, 0.28091430351877966, 0.15848257763543136, 0.30849647065562613], [0.26323067946826995, 0.2200040704695048, 0.21704071398118496, 0.29972453608104027], [0.26231331759739973, 0.28166855339996805, 0.14840852575375693, 0.3076096032488752], [0.24944782351218234, 0.24820614863111967, 0.16799839715121673, 0.33434763070548135], [0.2444605591103507, 0.29069737990418787, 0.137395033050428, 0.32744702793503344], [0.39696840618303814, 0.17569994980354456, 0.17423544829971835, 0.253096195713699], [0.2134632556831752, 0.42271691130879624, 0.14647978195196457, 0.21734005105606405]]}}