{"test": {"ids": ["113120640", "103111170", "102110500", "111120640", "109117110", "97118210", "113117401", "99111930", "97113260", "106118161", "112121360", "107113260", "98106880", "106116820", "100109000", "101111620", "106116850", "101114020", "101121640", "103110760", "110118810", "113117340", "105115680", "109116040", "106114150", "110115250", "112118930", "103113610", "99109780", "110114561", "101108460", "106114880", "110114651", "103120531", "110119891", "97105760", "98116940", "97116410", "107114490", "101112540", "112116610", "100116500", "98119591", "99108890", "102112030", "107113130", "100109330", "113121190", "106113830", "98108410", "105110091", "110116441", "110117200", "101112160", "101108121", "102121700", "110120640", "102112301", "106113260", "111114171", "109114651", "108118810", "109118161", "110118181", "100120780", "97105960", "101119591", "111119300", "112116850", "104114320", "100109910", "97106591", "112116880", "101114990", "106116370", "106111321", "108119510", "104111990", "104111780", "100109360", "105119550", "98106560", "97107040", "112120540", "112118161", "112116501", "97108520", "97106600", "100110050", "112119580", "107114200", "102110240", "110115140", "107113170", "103111620", "99117740", "99113260", "108113480", "101109120", "110114950", "107118490", "102112170", "103111990", "110121720", "112118880", "103117461", "109117630", "105113440", "105113210", "113118490", "98107210", "113121750", "109114030", "103120340", "97112300", "100116790", "106116441", "112117431", "103109021", "103113101", "100108580", "112119120", "98109311", "112118530", "108115070", "109116170", "108121410", "98107380", "98110230", "105113620", "98107340", "111116010", "110120540", "105115250", "101116130", "106119580", "112117780", "111118810", "103111930", "97106770", "97116800", "110116290"], "labels": [0, 2, 3, 0, 1, 2, 3, 1, 1, 3, 3, 0, 0, 1, 1, 3, 3, 3, 2, 1, 1, 2, 2, 0, 1, 1, 1, 2, 2, 0, 0, 0, 3, 3, 3, 0, 2, 3, 3, 2, 1, 2, 1, 0, 2, 1, 0, 1, 1, 1, 0, 3, 3, 3, 0, 1, 0, 1, 3, 3, 3, 1, 0, 1, 1, 2, 0, 1, 0, 2, 2, 1, 0, 3, 2, 0, 1, 2, 3, 0, 1, 1, 2, 3, 0, 3, 2, 3, 3, 3, 2, 3, 0, 0, 0, 2, 0, 0, 1, 0, 2, 3, 2, 3, 1, 0, 0, 0, 3, 1, 1, 0, 1, 1, 2, 2, 0, 0, 0, 3, 0, 1, 1, 1, 1, 0, 0, 1, 3, 0, 0, 1, 1, 2, 2, 3, 0, 0, 3, 3, 0, 2], "predicted_labels": [0, 0, 3, 3, 3, 3, 3, 1, 1, 0, 3, 3, 1, 3, 1, 1, 3, 0, 1, 3, 3, 3, 1, 1, 1, 3, 3, 2, 1, 1, 3, 1, 3, 3, 1, 0, 3, 0, 3, 1, 0, 0, 0, 1, 1, 1, 1, 1, 0, 1, 1, 3, 0, 1, 3, 1, 3, 3, 1, 3, 3, 3, 1, 1, 3, 3, 0, 1, 3, 3, 1, 1, 1, 1, 0, 1, 3, 1, 0, 3, 1, 3, 1, 0, 1, 0, 0, 3, 1, 0, 1, 3, 3, 3, 3, 0, 3, 3, 3, 3, 1, 3, 3, 3, 3, 1, 3, 1, 3, 3, 1, 3, 1, 3, 0, 1, 3, 1, 3, 0, 1, 3, 1, 3, 1, 3, 3, 2, 1, 1, 2, 2, 1, 1, 1, 1, 3, 0, 1, 1, 0, 3], "confidence_scores": [[0.3430468451537745, 0.269783830331446, 0.0592063639161173, 0.3279629605986624], [0.2875279559867072, 0.268099701506151, 0.13717815812533615, 0.30719418438180585], [0.28337483799147495, 0.2764556223736808, 0.13361768924991782, 0.30655185038492655], [0.20466816701708604, 0.3040420811751529, 0.17946886321209335, 0.3118208885956675], [0.22497576225915472, 0.3118962780308016, 0.13777869665903172, 0.32534926305101197], [0.19696063813571246, 0.2834979740009618, 0.26066712966384453, 0.2588742581994813], [0.2612470415593528, 0.2821317968304124, 0.14337505297875464, 0.31324610863148], [0.20124655060366403, 0.28159456521972714, 0.270090087982927, 0.24706879619368158], [0.2056025098191797, 0.2869052393150021, 0.2342515288670971, 0.273240721998721], [0.30002958734466073, 0.2706163619965506, 0.11323847314199405, 0.3161155775167947], [0.23430314562323754, 0.2784034601696761, 0.2119849110476707, 0.2753084831594154], [0.20698746214943894, 0.3071191285340042, 0.16405118674084235, 0.3218422225757144], [0.23490926347552324, 0.27549932759143897, 0.243494833508639, 0.24609657542439886], [0.26761082511237416, 0.2621525821688107, 0.1985745387468732, 0.27166205397194193], [0.19245773485521972, 0.3059657566791331, 0.18970125097245402, 0.31187525749319306], [0.23146792585670026, 0.274068359883287, 0.25119266357100123, 0.24327105068901161], [0.18015154717828077, 0.2948254143931802, 0.2532999143211932, 0.2717231241073459], [0.28759820917152196, 0.2749863702084449, 0.11871537771427448, 0.3187000429057585], [0.24511557002958065, 0.2921595325900697, 0.13604186411713348, 0.32668303326321607], [0.19065233204487136, 0.2978799046768623, 0.22492536049088496, 0.2865424027873816], [0.2845109504066177, 0.27240506513289686, 0.13179945923221362, 0.31128452522827177], [0.17849946339259712, 0.2986756586975574, 0.25707262636703865, 0.2657522515428069], [0.14051353462194363, 0.3198208265717247, 0.23026610958669386, 0.30939952921963754], [0.23287446709896914, 0.30016617084651537, 0.13590138586172198, 0.33105797619279337], [0.1660583072926451, 0.29810727518903163, 0.29458174844196483, 0.24125266907635867], [0.21022645911855226, 0.3150913489737849, 0.14061771933336945, 0.3340644725742935], [0.21533482755511463, 0.30068803187244636, 0.1732126655631824, 0.3107644750092564], [0.18394701859058502, 0.285401761629644, 0.3034553440634489, 0.22719587571632222], [0.17728354859182882, 0.28860825401545703, 0.2962910505484984, 0.23781714684421595], [0.2632244977245379, 0.27307519079030307, 0.17112322733719773, 0.2925770841479614], [0.2808530561097145, 0.2918521049762591, 0.11113822783222835, 0.31615661108179816], [0.18721110159940793, 0.29531142921677656, 0.23192407007969773, 0.2855533991041176], [0.28935250470003493, 0.27862930712083817, 0.11646502225913002, 0.3155531659199966], [0.24854921636232546, 0.2867490881067862, 0.1614455170457066, 0.3032561784851819], [0.19637231647991016, 0.3117209492088404, 0.16470161669741926, 0.3272051176138301], [0.2890148245082581, 0.26284626970918396, 0.156107851496102, 0.29203105428645626], [0.15861042776815704, 0.3041231221513722, 0.26188052846837734, 0.27538592161209335], [0.2697633367214177, 0.26319723236944126, 0.21181073569606368, 0.25522869521307756], [0.2285291258599242, 0.3007774857764658, 0.15807895853541437, 0.3126144298281957], [0.16384168884518377, 0.30522405767171995, 0.24095072334525494, 0.2899835301378414], [0.3016309554491283, 0.25696516895052457, 0.1570374186624191, 0.28436645693792806], [0.2614833951933567, 0.2646116956337831, 0.21215065994995222, 0.26175424922290785], [0.277310457682439, 0.267179746379385, 0.1687897315229717, 0.28672006441520415], [0.22760523906110847, 0.2816267197354693, 0.20784421607179424, 0.2829238251316282], [0.19540168519582468, 0.28610148273373803, 0.2866479362403036, 0.23184889583013366], [0.16605051410422797, 0.29876023870360985, 0.2931981469443284, 0.24199110024783382], [0.26938645185942817, 0.26676437274157927, 0.1760436201648314, 0.287805555234161], [0.1873065776069797, 0.29405520313212113, 0.24596794996828963, 0.27267026929260935], [0.29414049261257535, 0.2673067536141208, 0.12833122881087156, 0.31022152496243216], [0.21531869184016175, 0.2871982734892996, 0.20042039168574705, 0.2970626429847912], [0.19388534441626093, 0.29502198063893464, 0.22415145032845457, 0.2869412246163496], [0.20336086539388598, 0.30479582627652557, 0.17369123833411587, 0.31815206999547246], [0.2966454183779777, 0.271986516973056, 0.10926634241241734, 0.322101722236549], [0.16294154356663632, 0.31126499350022513, 0.21879709586383014, 0.3069963670693084], [0.28587445824499774, 0.28289023939069124, 0.11259467092789639, 0.31864063143641463], [0.22860382197712614, 0.2913704919983272, 0.16238497523463, 0.31764071078991657], [0.2270189604947349, 0.31058899634208975, 0.16211354176690598, 0.30027850139626944], [0.17890729404180228, 0.29462438952693776, 0.26190146111015666, 0.26456685532110336], [0.2114237906218827, 0.29285944906267447, 0.18624864063438992, 0.30946811968105314], [0.20765842343177782, 0.3129722595398809, 0.15451819587911653, 0.32485112114922454], [0.29526252552749443, 0.2850167212739772, 0.09120060842810489, 0.3285201447704235], [0.2625074941167265, 0.2801310488630603, 0.1519496012132408, 0.3054118558069725], [0.23610376082808732, 0.28959476458480765, 0.16102393108724808, 0.3132775434998567], [0.14214828118422174, 0.3045217157487174, 0.318139841494284, 0.23519016157277667], [0.2640790543607884, 0.29447705441138255, 0.12041855978588763, 0.32102533144194156], [0.25709035713929196, 0.28537522896142375, 0.14813942193113774, 0.3093949919681468], [0.33891662914116455, 0.2600997761543781, 0.07291281766795195, 0.3280707770365056], [0.17640924993990506, 0.2915311036749774, 0.29963392176145426, 0.23242572462366345], [0.24079353364226866, 0.32680796796485406, 0.11226667571648151, 0.3201318226763957], [0.2484544761673262, 0.2825830045468766, 0.1658524964044897, 0.30311002288130745], [0.20813617592718042, 0.2827435925884592, 0.2552186783918513, 0.2539015530925091], [0.20649328655668173, 0.283446650317451, 0.23795650278747602, 0.2721035603383912], [0.20491742093200735, 0.3007604986149545, 0.180455806093892, 0.3138662743591462], [0.13380139759153112, 0.3157107681899867, 0.26860053439161924, 0.2818872998268632], [0.33541200752209555, 0.25165010002866117, 0.11257498726246848, 0.3003629051867749], [0.15650346804089207, 0.30504985302529786, 0.22556910955048418, 0.3128775693833258], [0.20712884512025811, 0.32070568496567475, 0.14318090791724508, 0.32898456199682186], [0.20281001554995273, 0.2819548108286388, 0.2560458072425621, 0.2591893663788462], [0.31222182811027904, 0.26321679287045685, 0.1141641539556313, 0.3103972250636331], [0.2583098576451225, 0.2878212752377738, 0.1438774024341744, 0.3099914646829292], [0.21377870797670379, 0.29156929002932314, 0.188987793089133, 0.30566420890484], [0.1329218209810532, 0.32291918472784187, 0.2555576922075195, 0.2886013020835855], [0.21041096688145647, 0.278082125204417, 0.26839798267740644, 0.24310892523672023], [0.2910455858275039, 0.2711695569512312, 0.1259694263175625, 0.3118154309037023], [0.2625320813631083, 0.27824169564684414, 0.1499947494997186, 0.3092314734903289], [0.31882763292804583, 0.2636805850045098, 0.08671879225987861, 0.3307729898075657], [0.26013350208397046, 0.26904981548349943, 0.19578905381839437, 0.27502762861413577], [0.24394080519881614, 0.28739208658156506, 0.1628866790993883, 0.3057804291202306], [0.15750542029108053, 0.30445341909340456, 0.27203960566551433, 0.26600155495000044], [0.3258113605430271, 0.26875039043389864, 0.08588938784020338, 0.31954886118287107], [0.21784350083876683, 0.28232175811391913, 0.19552001659130444, 0.3043147244560095], [0.3032421102909922, 0.27357378626424217, 0.1074885729721238, 0.3156955304726419], [0.24952139827809458, 0.27983661435691626, 0.1798333817559211, 0.2908086056090681], [0.27919197185978384, 0.2692414574476599, 0.15499494693456434, 0.29657162375799195], [0.21061427932695556, 0.28234391471067394, 0.27078287168812465, 0.2362589342742457], [0.3333921219190022, 0.2304439880312624, 0.17158350853913673, 0.2645803815105986], [0.22668134915742638, 0.27224247699158793, 0.2559631526271423, 0.24511302122384337], [0.17812774258387135, 0.3069034724592943, 0.21183492355284458, 0.30313386140398985], [0.2645273217781231, 0.2775981096437645, 0.15079119229280472, 0.3070833762853075], [0.2064528154414461, 0.32044841343961444, 0.1547255149874171, 0.3183732561315223], [0.20453106160877713, 0.2846096893213569, 0.27894861363443824, 0.23191063543542775], [0.32996275818858894, 0.26694329866418764, 0.09425963745912115, 0.30883430568810205], [0.24049758589296968, 0.29437773421586483, 0.15876675999322795, 0.3063579198979376], [0.1902796749195978, 0.3053707978885755, 0.1934629998452508, 0.3108865273465759], [0.2285260208956755, 0.2851816433207037, 0.1914171728300074, 0.29487516295361327], [0.2242305047823413, 0.2817124761763739, 0.2041344898849944, 0.28992252915629024], [0.22068055256424204, 0.28734562217914905, 0.19560471495463744, 0.2963691103019715], [0.2642441472196429, 0.27081506952262663, 0.17984651549981479, 0.2850942677579158], [0.3040368347749282, 0.2781705517282347, 0.10057006903545171, 0.3172225444613856], [0.21939483443931626, 0.3350878488883471, 0.1268436846881251, 0.3186736319842115], [0.18595372884791675, 0.28853247569998686, 0.2937059890937574, 0.23180780635833945], [0.27475456644778484, 0.2964277538626699, 0.0993785212482909, 0.3294391584412546], [0.2314979101671737, 0.2775624254546892, 0.20245058574680996, 0.2884890786313271], [0.1635747635425108, 0.3042241847026012, 0.25710616100532996, 0.2750948907495581], [0.2576574302867087, 0.263461944321979, 0.2229897314962226, 0.2558908938950896], [0.1501849401420945, 0.3108320100475535, 0.2350637242386836, 0.3039193255716684], [0.2200913224490559, 0.3046466283566518, 0.149625699072564, 0.32563635012172837], [0.18039051945928783, 0.3077132225922069, 0.17957142621812688, 0.3323248317303785], [0.20131364860915893, 0.30419560309118937, 0.18428371772196725, 0.31020703057768434], [0.26352520409963043, 0.2650244653301184, 0.20166789100597934, 0.2697824395642717], [0.2568324043049939, 0.2791328862762455, 0.1629036971713803, 0.3011310122473801], [0.23527713251567334, 0.3058354924080989, 0.13365530907990014, 0.3252320659963276], [0.24167720094425182, 0.27363122737207124, 0.23950476582030852, 0.24518680586336855], [0.2057570357971402, 0.29086740444345155, 0.2197976974379644, 0.28357786232144394], [0.21863202385204344, 0.28647456226779716, 0.1947797632020783, 0.3001136506780811], [0.2179359017024575, 0.3120014907594928, 0.1417547404230684, 0.3283078671149816], [0.2793909449941107, 0.29650523033540116, 0.0834134144908005, 0.34069041017968754], [0.24148251511903138, 0.24547210557233923, 0.30915568395329024, 0.20388969535533885], [0.2611273286350433, 0.29079305648037207, 0.11795845684405815, 0.33012115804052644], [0.14307456247827224, 0.3047721385700997, 0.31473199250142603, 0.2374213064502019], [0.18706197374843297, 0.28298188951654535, 0.3040037332720137, 0.2259524034630081], [0.19362395553204045, 0.28135973149414834, 0.3086700444936225, 0.21634626848018892], [0.21414648292821395, 0.29262455091988027, 0.18972698568801102, 0.3035019804638948], [0.20125779675641317, 0.29055440756268563, 0.22481146852729256, 0.2833763271536086], [0.17483702754755986, 0.2952622310492632, 0.26786491572517274, 0.2620358256780042], [0.14544545758298158, 0.30671654825265615, 0.26191213978764016, 0.2859258543767222], [0.268137030718034, 0.2904487290814872, 0.11152332117606065, 0.32989091902441814], [0.3278452282431541, 0.25735959286880467, 0.0982532077571853, 0.3165419711308559], [0.22597893317783985, 0.2859895345144286, 0.1910670104392307, 0.2969645218685009], [0.2165114357257385, 0.27361779471097397, 0.2715295893382497, 0.2383411802250381], [0.30722842903445424, 0.26481595072436337, 0.12350489134534434, 0.3044507288958381], [0.2408163425475944, 0.2787160335728554, 0.1917861416704576, 0.2886814822090928]]}, "rewritten": {"ids": ["97105760", "97105960", "97106591", "97106600", "97106770", "97107040", "97108520", "97112300", "97113260", "97116410", "97116800", "97118210", "98106560", "98106880", "98107210", "98107340", "98107380", "98108410", "98109311", "98110230", "98116940", "98119591", "99108890", "99109780", "99111930", "99113260", "99117740", "100108580", "100109000", "100109330", "100109360", "100109910", "100110050", "100116500", "100116790", "100120780", "101108121", "101108460", "101109120", "101111620", "101112160", "101112540", "101114020", "101114990", "101116130", "101119591", "101121640", "102110240", "102110500", "102112030", "102112170", "102112301", "102121700", "103109021", "103110760", "103111170", "103111620", "103111930", "103111990", "103113101", "103113610", "103117461", "103120340", "103120531", "104111780", "104111990", "104114320", "105110091", "105113210", "105113440", "105113620", "105115250", "105115680", "105119550", "106111321", "106113260", "106113830", "106114150", "106114880", "106116370", "106116441", "106116820", "106116850", "106118161", "106119580", "107113130", "107113170", "107113260", "107114200", "107114490", "107118490", "108113480", "108115070", "108118810", "108119510", "108121410", "109114030", "109114651", "109116040", "109116170", "109117110", "109117630", "109118161", "110114561", "110114651", "110114950", "110115140", "110115250", "110116290", "110116441", "110117200", "110118181", "110118810", "110119891", "110120540", "110120640", "110121720", "111114171", "111116010", "111118810", "111119300", "111120640", "112116501", "112116610", "112116850", "112116880", "112117431", "112117780", "112118161", "112118530", "112118880", "112118930", "112119120", "112119580", "112120540", "112121360", "113117340", "113117401", "113118490", "113120640", "113121190", "113121750"], "labels": [0, 2, 1, 3, 3, 2, 2, 2, 1, 3, 0, 2, 1, 0, 1, 0, 1, 1, 1, 3, 2, 1, 0, 2, 1, 0, 2, 0, 1, 0, 0, 2, 3, 2, 2, 1, 0, 0, 1, 3, 3, 2, 3, 3, 2, 0, 2, 3, 3, 2, 3, 1, 1, 0, 1, 2, 0, 3, 2, 3, 2, 0, 1, 3, 3, 2, 2, 0, 3, 0, 0, 2, 2, 1, 0, 3, 1, 1, 0, 2, 0, 1, 3, 3, 3, 1, 0, 0, 2, 3, 2, 0, 1, 1, 1, 0, 1, 3, 0, 0, 1, 0, 0, 0, 3, 0, 0, 1, 2, 3, 3, 1, 1, 3, 1, 0, 3, 3, 1, 0, 1, 0, 3, 1, 0, 0, 0, 0, 0, 1, 1, 1, 1, 3, 3, 3, 2, 3, 1, 0, 1, 0], "predicted_labels": [0, 3, 1, 3, 0, 1, 1, 3, 1, 0, 0, 2, 3, 1, 1, 3, 3, 1, 1, 1, 1, 1, 1, 1, 1, 2, 0, 1, 1, 0, 0, 3, 3, 0, 1, 3, 3, 3, 3, 1, 1, 1, 3, 3, 3, 3, 1, 3, 0, 2, 3, 3, 1, 3, 3, 0, 3, 3, 3, 3, 2, 1, 1, 3, 0, 3, 1, 3, 3, 1, 1, 1, 1, 1, 3, 1, 0, 0, 1, 3, 1, 3, 1, 0, 1, 3, 3, 3, 1, 3, 1, 3, 1, 3, 3, 3, 0, 3, 1, 3, 1, 3, 1, 1, 3, 3, 3, 3, 3, 1, 3, 1, 3, 1, 1, 3, 1, 3, 2, 3, 3, 3, 3, 0, 3, 1, 1, 3, 1, 3, 3, 3, 3, 0, 1, 3, 1, 3, 3, 0, 3, 3], "confidence_scores": [[0.31303668201018053, 0.26122164591601416, 0.11300686940026776, 0.3127348026735373], [0.24435113925475507, 0.2764836840760193, 0.19341247684134108, 0.2857526998278847], [0.1588916583686347, 0.2990545967653801, 0.3122241581851393, 0.22982958668084613], [0.2297687249063426, 0.2864613332897978, 0.1876560725625149, 0.2961138692413447], [0.25549751747472366, 0.26254551386808467, 0.2525969829313467, 0.2293599857258447], [0.1815562839406935, 0.2864254002498935, 0.30654117944273085, 0.22547713636668196], [0.21088978033655, 0.28039293453766295, 0.2611994425078812, 0.2475178426179058], [0.23016795049233613, 0.26921024596586307, 0.2548038739910427, 0.24581792955075807], [0.17533749885990144, 0.3008354269390169, 0.2487831791229681, 0.2750438950781137], [0.25787601005833594, 0.26583471238990547, 0.2147219733777805, 0.26156730417397805], [0.30903542515646587, 0.25848810264240424, 0.1375661637388292, 0.2949103084623005], [0.20488857205547106, 0.2737363959605902, 0.30364543996688614, 0.21772959201705275], [0.11988965636068584, 0.3269091907835481, 0.26274086099771266, 0.2904602918580535], [0.18448074421556498, 0.2912032941106849, 0.2903264716877986, 0.2339894899859513], [0.15967884478706207, 0.3009143447380054, 0.29431407016297556, 0.24509274031195707], [0.19130913394508015, 0.2909056866026551, 0.2517576926730443, 0.2660274867792205], [0.24913762006558043, 0.2509700282403321, 0.26864375780213784, 0.2312485938919496], [0.21613340835572814, 0.2848460849052313, 0.2167209647393455, 0.2822995419996949], [0.2183044161044349, 0.2826261954403453, 0.24680143669895982, 0.25226795175626004], [0.25565111661841095, 0.27441605502833677, 0.17993016249982774, 0.2900026658534248], [0.1779003762386448, 0.2937875060153911, 0.25905870672398806, 0.26925341102197614], [0.24724790276603986, 0.2805140706224592, 0.17713173610375732, 0.29510629050774384], [0.23453735458030414, 0.2776637292266021, 0.2194866436868302, 0.2683122725062635], [0.21564364304661687, 0.28028313707050173, 0.24113467241044817, 0.26293854747243306], [0.22072525423161102, 0.275351494690034, 0.25685853025483185, 0.24706472082352296], [0.18947099562884942, 0.27536703438654736, 0.33111802042072597, 0.20404394956387728], [0.32713375361930447, 0.23462831034348933, 0.17409083381043655, 0.2641471022267695], [0.24470155837676527, 0.2789574549340642, 0.1860327591185781, 0.29030822757059255], [0.227949490666438, 0.3056794497303274, 0.13348950297732376, 0.33288155662591107], [0.3084282174126253, 0.260686402647799, 0.12737824789660357, 0.30350713204297214], [0.2950117066672952, 0.26805965261587045, 0.13101292324522093, 0.3059157174716132], [0.1668549633415246, 0.299112207178803, 0.27512570090129734, 0.2589071285783753], [0.15799771069430607, 0.30077875963952394, 0.29650804881957504, 0.24471548084659472], [0.24486559295800892, 0.2686503099899761, 0.23965226755085572, 0.24683182950115928], [0.19696000123479065, 0.2934191470157821, 0.2172477683052639, 0.2923730834441635], [0.2541589130351028, 0.3001604375058604, 0.12321659005007167, 0.3224640594089651], [0.28875401228970093, 0.2744812643939636, 0.13116782129000173, 0.3055969020263338], [0.2929728513832203, 0.28832950827405274, 0.09628963051376627, 0.32240800982896084], [0.26397871565326486, 0.27264464279199946, 0.16732849850093842, 0.2960481430537973], [0.253957024016714, 0.27272541504803177, 0.19208424431369162, 0.28123331662156265], [0.1956519458370097, 0.29523182489779204, 0.21831333034065578, 0.29080289892454275], [0.14780571919498162, 0.3150975134496945, 0.22776831614108956, 0.30932845121423447], [0.26781417925449935, 0.2881975094822873, 0.12848973679013584, 0.31549857447307755], [0.19374306274161304, 0.2992863784405962, 0.21523944209340795, 0.2917311167243829], [0.21169409687676524, 0.29193050409095145, 0.20111683916163559, 0.29525855987064786], [0.26522292480849863, 0.288239094636292, 0.12608371558107934, 0.3204542649741301], [0.21732150758203517, 0.2884070672891602, 0.1889785949610199, 0.3052928301677848], [0.25516117967307794, 0.2827516076159076, 0.16136429722467002, 0.3007229154863448], [0.3328577364242265, 0.25583451077349556, 0.10822771830390161, 0.30308003449837656], [0.1722277000693927, 0.2923236943700954, 0.3201225747653937, 0.2153260307951185], [0.3108779062178052, 0.2707630685485006, 0.11075438591371323, 0.307604639319981], [0.18528873925821038, 0.2990632953737393, 0.23178746182806106, 0.28386050353998904], [0.19195517331059322, 0.2889396231384944, 0.25654787404581375, 0.26255732950509864], [0.2053595320233943, 0.29187662605364295, 0.21119738640912836, 0.2915664555138344], [0.26589241559037896, 0.2777371915599581, 0.1569651093180269, 0.29940528353163587], [0.3108630955436833, 0.2592188710698588, 0.12578104058817086, 0.3041369927982868], [0.20144105756436634, 0.2891172316649501, 0.2487718431964173, 0.26066986757426636], [0.2102798697090017, 0.29547600005993413, 0.19878008383859258, 0.2954640463924717], [0.2617262249168198, 0.28580141721178265, 0.14269410390879694, 0.30977825396260067], [0.2312145171360219, 0.2720260388710897, 0.24484312802594832, 0.25191631596694], [0.17209949913627615, 0.2917485277141866, 0.30744620073489176, 0.22870577241464504], [0.25452332532114413, 0.2882772917512825, 0.12514282531553847, 0.332056557612035], [0.16754049314461741, 0.300911370171369, 0.26074947864822157, 0.2707986580357919], [0.261756383589961, 0.28640820513730963, 0.14254466535508112, 0.309290745917648], [0.3235730732975896, 0.254447642345141, 0.11787690061407546, 0.304102383743194], [0.22878007926164207, 0.2781032650742115, 0.2163858196755043, 0.27673083598864234], [0.23109703611402552, 0.27558036313841744, 0.23840081834200366, 0.2549217824055533], [0.24299542066131855, 0.2958459980515256, 0.1424969869306929, 0.31866159435646296], [0.30316166299014863, 0.2772547686105454, 0.10259709629040216, 0.31698647210890357], [0.18364731809310128, 0.29522503350666146, 0.2527923847148825, 0.2683352636853544], [0.1749162928199185, 0.3015848109285282, 0.2289796623177973, 0.29451923393375595], [0.18171276185674248, 0.2979664403035962, 0.2275577832504142, 0.2927630145892472], [0.14369363071597469, 0.3119063768576936, 0.23922776890585684, 0.3051722235204751], [0.2156058839638904, 0.2905257478450573, 0.19807066873590526, 0.2957976994551471], [0.15010532628967407, 0.31813402231177357, 0.23349811306448234, 0.2982625383340704], [0.19048121069079177, 0.29656902560658016, 0.21442994866838092, 0.2985198150342472], [0.34464732505201023, 0.2417822967037432, 0.10572943885679671, 0.30784093938744994], [0.27814034876717725, 0.2617584310060966, 0.1839131918997035, 0.27618802832702294], [0.16768270092248083, 0.29826164502603797, 0.25489533549027044, 0.2791603185612107], [0.3032637276407227, 0.261790000424886, 0.13367373650407136, 0.30127253543031984], [0.23379437283435978, 0.31304619181318993, 0.10668189098787989, 0.34647754436457034], [0.25504735342440676, 0.27368581940862624, 0.18878636798474832, 0.2824804591822184], [0.14436649393888923, 0.3040828640267549, 0.3288168525741344, 0.22273378946022163], [0.2976346544379854, 0.27218355984003906, 0.1178994653928874, 0.3122823203290883], [0.1272312129782266, 0.3158056778272628, 0.2860787552229056, 0.27088435397160493], [0.16006255426140284, 0.30253578899604955, 0.2907937021045377, 0.24660795463801025], [0.2790201767553314, 0.27484812883848286, 0.14401484109715768, 0.30211685330902815], [0.21406735656479198, 0.29963701499123213, 0.173617494247253, 0.31267813419672286], [0.2081689329135044, 0.28890651694757663, 0.19064464527393374, 0.31227990486498525], [0.23318809421185255, 0.29559974401978173, 0.1634472020033206, 0.30776495976504503], [0.2482403796504777, 0.27038090459847913, 0.2371980205599613, 0.24418069519108182], [0.17464962325085176, 0.32530585394432365, 0.17196725031276205, 0.3280772724920628], [0.2157428517743503, 0.28790976491273845, 0.20067242222629422, 0.295674961086617], [0.18806243569990558, 0.31309095967860984, 0.17398621459166655, 0.32486039002981804], [0.21998613855442886, 0.31859370946446286, 0.13712743763356702, 0.3242927143475416], [0.2640442947246505, 0.30423978397541873, 0.09117006668053126, 0.3405458546193993], [0.3085243531855311, 0.24827356031626502, 0.16897049887320814, 0.2742315876249956], [0.2578936784008412, 0.2894981124108904, 0.13633554881574678, 0.31627266037252166], [0.2148293802610471, 0.3017818993897892, 0.16037178850381154, 0.32301693184535246], [0.2848044818425455, 0.279844591239516, 0.11421741186055372, 0.32113351505738463], [0.20604180717839354, 0.3062509746321078, 0.1627696007747041, 0.3249376174147946], [0.29450858909643707, 0.29006240540608474, 0.08683785908785026, 0.3285911464096279], [0.2712006103957155, 0.28540121913609284, 0.11797002413547313, 0.3254281463327186], [0.2607605581329112, 0.2708936273247098, 0.1828120054949695, 0.2855338090474094], [0.29578097329511377, 0.27734759529843245, 0.11663026979807584, 0.3102411616083781], [0.23367745550809713, 0.3155143490802288, 0.13925077948734263, 0.31155741592433145], [0.24282422583087906, 0.2851065191748575, 0.17594829133586795, 0.2961209636583956], [0.17681101161696172, 0.3084343533574249, 0.20813758151360714, 0.30661705351200613], [0.2784655759674951, 0.2780757994400984, 0.14345083918125776, 0.300007785411149], [0.1567494274517212, 0.31558762085652725, 0.20671579555600827, 0.3209471561357432], [0.27972448150836937, 0.2773410898328799, 0.12690580351993042, 0.31602862513882013], [0.20122837928233267, 0.28303193260914655, 0.30124467066065436, 0.21449501744786612], [0.29185357154198166, 0.2770429419783873, 0.10881854059876664, 0.32228494588086454], [0.1981066515534046, 0.2986165793188987, 0.1864548733008471, 0.3168218958268494], [0.18436716529261207, 0.30375113560777034, 0.20788881690279828, 0.30399288219681947], [0.2475452312904245, 0.30465584124027273, 0.14439121009910635, 0.3034077173701961], [0.2481770976101609, 0.2887490377901983, 0.14741579086025697, 0.3156580737393839], [0.21939922344521767, 0.30828308885412575, 0.156960348281344, 0.3153573394193124], [0.1660838944596482, 0.28951293079241414, 0.33158336585903825, 0.2128198088888994], [0.30741471373971946, 0.2637031588696254, 0.1286221699063324, 0.3002599574843227], [0.1841672619641772, 0.29353670621516664, 0.25341172088518726, 0.26888431093546905], [0.2178714647371985, 0.2805816143301527, 0.22268403365521752, 0.27886288727743114], [0.2914464458911014, 0.2856458005440052, 0.09504135336745029, 0.3278664001974433], [0.2976653159309051, 0.25782885205445594, 0.17338372965824944, 0.2711221023563895], [0.2517107222808365, 0.310331248889072, 0.12515403366941932, 0.31280399516067176], [0.17167713196971496, 0.3079166675568151, 0.20658114350441845, 0.31382505696905144], [0.25262158960103376, 0.29219471168352457, 0.12038739640926241, 0.3347963023061792], [0.2676626349527008, 0.29950962773751916, 0.10854438293208453, 0.3242833543776954], [0.26991070424363034, 0.2747197773125942, 0.16736607290731279, 0.2880034455364626], [0.19689123477447484, 0.2958097265755789, 0.2161469441335916, 0.2911520945163544], [0.271307415534309, 0.2916181313807214, 0.12106751641822024, 0.31600693666674956], [0.2524260325182105, 0.2920748602799786, 0.14578935930533668, 0.3097097478964742], [0.2464082504469515, 0.29836864491591397, 0.12874884873838008, 0.3264742558987545], [0.32645748875574626, 0.2728071554333265, 0.08001125786541081, 0.3207240979455162], [0.24126867604348554, 0.28373115724325154, 0.17952622409847682, 0.295473942614786], [0.2003143264368555, 0.28537544138971643, 0.26059907310799857, 0.2537111590654293], [0.2266037007164117, 0.2998730195142836, 0.14889614089007203, 0.32462713887923306], [0.3150278379682093, 0.2671371133408319, 0.09958270217282461, 0.3182523465181343], [0.23222599469505983, 0.33431775505140865, 0.11566244836039007, 0.31779380189314144], [0.35006260361377856, 0.2611346504108409, 0.0585639618033631, 0.33023878417201746], [0.1950667218083224, 0.32743084012114143, 0.1408655755297195, 0.33663686254081665], [0.3203983125632184, 0.2799819174293947, 0.07551259799326908, 0.324107172014118]]}}