{"test": {"ids": ["97107950", "110114920", "108114360", "102111990", "98106111", "101108370", "106116820", "113122170", "106114321", "109120150", "112118620", "106119260", "98107410", "108121351", "112120540", "110117200", "113118620", "112117790", "112116451", "110118930", "98110810", "103110100", "97110950", "101112540", "101108950", "104113380", "111115780", "112117580", "101112201", "105112240", "112118550", "113122150", "109114220", "98106680", "113122320", "104116980", "99109161", "99110050", "97105451", "108119550", "99107300", "103118110", "97112170", "104111880", "105115900", "113122230", "99116500", "110120540", "100109980", "111114321", "102109840", "111119930", "112121360", "104114740", "110121170", "106111321", "110115140", "104116800", "105114220", "106115250", "99110730", "100117420", "103109641", "112120270", "99117740", "108113480", "107117630", "102110750", "107113130", "107116980", "99105921", "100110050", "97113260", "101111990", "103120531", "105110091", "110118450", "110117870", "104113550", "113119360", "105113330", "110116290", "100111380", "107113200", "100111080", "111115620", "106119580", "102114270", "109116810", "99108080", "110114561", "99107640", "112116990", "107116300", "111114941", "100109360", "113119700", "106113190", "101111140", "107121640", "100111620", "111116100", "101112160", "98110680", "101113210", "98120010", "113120601", "98109230", "104118340", "101111310", "112118530", "102112250", "108120621", "110117500", "100108080", "113117401", "97106820", "108118060", "97105760", "109117271", "99111930", "110114610", "108115880", "98117740", "103118291", "112117210", "98111670", "106118301", "112118930", "108116120", "108115970", "99108580", "100108260", "112120670", "102121440", "111121410", "102110500", "113120591", "108114670", "105116090", "113120751", "103120730"], "labels": [2, 3, 1, 2, 0, 1, 1, 1, 2, 2, 3, 1, 3, 3, 3, 3, 3, 3, 0, 1, 1, 1, 3, 2, 2, 1, 1, 0, 0, 1, 3, 2, 3, 1, 1, 1, 3, 3, 0, 1, 3, 2, 0, 3, 3, 1, 2, 1, 1, 1, 2, 1, 3, 2, 2, 0, 0, 1, 3, 2, 3, 2, 1, 0, 2, 0, 0, 1, 1, 3, 1, 3, 1, 2, 3, 0, 0, 3, 1, 0, 3, 2, 3, 0, 0, 1, 3, 3, 3, 3, 0, 1, 0, 0, 0, 0, 0, 0, 2, 1, 3, 3, 3, 2, 3, 2, 2, 1, 2, 3, 1, 0, 1, 1, 0, 3, 1, 1, 0, 0, 1, 1, 3, 2, 0, 1, 1, 1, 1, 1, 2, 0, 3, 2, 2, 0, 3, 0, 3, 1, 1, 1], "predicted_labels": [2, 1, 3, 0, 2, 0, 1, 2, 0, 1, 3, 3, 0, 0, 1, 0, 3, 3, 0, 1, 1, 0, 0, 3, 3, 3, 3, 3, 0, 1, 3, 1, 3, 1, 3, 3, 0, 3, 1, 3, 0, 2, 3, 3, 3, 1, 1, 1, 0, 1, 1, 3, 3, 1, 3, 3, 3, 3, 3, 1, 2, 3, 1, 0, 0, 3, 0, 2, 3, 0, 1, 1, 3, 3, 3, 0, 1, 3, 0, 3, 3, 0, 3, 3, 1, 3, 1, 3, 3, 0, 0, 0, 3, 3, 1, 3, 1, 3, 0, 3, 3, 1, 1, 1, 0, 3, 1, 2, 3, 0, 1, 3, 3, 1, 1, 3, 3, 3, 0, 3, 1, 1, 3, 1, 0, 3, 0, 0, 3, 0, 1, 0, 3, 3, 0, 1, 0, 3, 3, 1, 0, 1], "confidence_scores": [[0.16008708886216788, 0.2058672835303526, 0.4429410687319355, 0.19110455887554376], [0.18606307078169781, 0.3077121977701113, 0.2945648978308767, 0.21165983361731391], [0.19982880127934283, 0.2749572710114514, 0.2470250296258808, 0.2781888980833251], [0.28978194971942434, 0.2526696767483319, 0.21973516935989457, 0.23781320417234936], [0.16972934344534418, 0.25168986511918107, 0.41147961876276146, 0.16710117267271324], [0.36404138476070336, 0.26674910737716223, 0.045782718592240736, 0.3234267892698933], [0.2604837687032181, 0.27111883383646185, 0.19745075587870822, 0.2709466415816115], [0.09294228783161355, 0.28152215607563896, 0.4726560101637651, 0.1528795459289822], [0.354854841074841, 0.27128400497246286, 0.09395224693716339, 0.2799089070155329], [0.23649632106360946, 0.2631834163010184, 0.31500812721605803, 0.18531213541931424], [0.28987541112846055, 0.28161857614839064, 0.1149236086458964, 0.31358240407725263], [0.2612233982916398, 0.16671018729443673, 0.21283558358369126, 0.3592308308302325], [0.3513637420544015, 0.2132174806042017, 0.11139389441242899, 0.3240248829289679], [0.2993761913012129, 0.2898966077865256, 0.13180618967966984, 0.27892101123259144], [0.24376280627650768, 0.4181218476126361, 0.1365437845536718, 0.2015715615571848], [0.30930835110519167, 0.27797671934055856, 0.1362743658627468, 0.27644056369150316], [0.22457541833072187, 0.28087538615038743, 0.20151636989246927, 0.2930328256264215], [0.3053564894687107, 0.22319324380007186, 0.09816981814223753, 0.3732804485889801], [0.36369264753801217, 0.2501812422791593, 0.11346552533880905, 0.2726605848440194], [0.11303667995827002, 0.365551101147946, 0.28835831139696794, 0.23305390749681582], [0.13332200408948153, 0.2916806328372059, 0.42773733562822486, 0.14726002744508768], [0.2681342815207685, 0.2692496127142484, 0.27720797536657127, 0.18540813039841184], [0.3975516962922418, 0.14574754567148854, 0.16019504267661197, 0.2965057153596578], [0.18904036412355002, 0.2853055404515344, 0.1942945768575566, 0.33135951856735896], [0.17059568048291257, 0.2830372009318343, 0.21838951163047562, 0.32797760695477723], [0.22995674773572033, 0.24695753895224534, 0.14947296411965655, 0.37361274919237747], [0.18068207714306206, 0.25459962810350323, 0.2586342389446274, 0.3060840558088072], [0.24987609278924297, 0.3004132384150861, 0.11348445649217834, 0.33622621230349237], [0.4505107496351737, 0.24048463396084485, 0.07545494572857066, 0.2335496706754108], [0.1650058099520614, 0.3166630929630822, 0.21983959059039548, 0.2984915064944608], [0.30775640913977603, 0.2635045154745456, 0.09943083855912008, 0.32930823682655835], [0.2169815486081794, 0.36038963849908223, 0.1330644972103309, 0.289564315682408], [0.27697547975339354, 0.23529476999356233, 0.09809154394673716, 0.3896382063063068], [0.1654482110413905, 0.2873936414532526, 0.3672700145614531, 0.17988813294390393], [0.1501417922373833, 0.28230179879806155, 0.28485028230663884, 0.28270612665791667], [0.11031658932604418, 0.3237202597489682, 0.19404886031997062, 0.3719142906050168], [0.35078920575381767, 0.2549853029520953, 0.17079230601517975, 0.22343318527890743], [0.2434773976647949, 0.26565977455854645, 0.2127225884212533, 0.27814023935540555], [0.21887641238335112, 0.3063016106704917, 0.2345685373466637, 0.24025343959949327], [0.16927048478997297, 0.2879408224116096, 0.24070327002373035, 0.3020854227746874], [0.37303042965164795, 0.20438285040160356, 0.07704778009114573, 0.3455389398556027], [0.19410096053443635, 0.25138434103609414, 0.3655598178463915, 0.18895488058307813], [0.29706770877420063, 0.25456525105584804, 0.13456552894758797, 0.3138015112223631], [0.11818479378907268, 0.28269132744837755, 0.2426366660572141, 0.3564872127053356], [0.23421296922358803, 0.2933543183206226, 0.15513607747381228, 0.31729663498197697], [0.16406038058638384, 0.2887255921572427, 0.3404459166152264, 0.2067681106411472], [0.14901878088642526, 0.2895919170406567, 0.3442480156691655, 0.21714128640375271], [0.17343530523765083, 0.39931685740519707, 0.21356723447458387, 0.21368060288256827], [0.2996585152085853, 0.2447331821383037, 0.18331684660380135, 0.27229145604930965], [0.22282777819813746, 0.3219914043563305, 0.15198289678664026, 0.3031979206588918], [0.2169657690957549, 0.31563409483978827, 0.23487256022279893, 0.232527575841658], [0.26219556505167957, 0.2584445090040048, 0.16163819012933847, 0.3177217358149771], [0.28084028374641684, 0.2713016577513118, 0.15818264878177685, 0.2896754097204943], [0.2484347063902102, 0.28873393600522446, 0.21439710584696456, 0.248434251757601], [0.20280192746716783, 0.2528777550427553, 0.14202096966611422, 0.4022993478239627], [0.20196379630538186, 0.3065965333508418, 0.15854307397458642, 0.33289659636919], [0.31504416428697707, 0.21049865870875842, 0.1371770320820929, 0.33728014492217173], [0.22805524476295724, 0.28435305672987116, 0.12571267844462938, 0.3618790200625421], [0.2903625439046971, 0.21105926960023222, 0.15000377532572923, 0.34857441116934107], [0.23462523422550094, 0.3105487697683112, 0.14381000593181983, 0.31101599007436803], [0.10399508802155877, 0.20821411006796384, 0.5826304585246295, 0.10516034338584797], [0.2188636849669262, 0.2545072925791237, 0.18498469534591727, 0.3416443271080332], [0.16783402114540702, 0.2797372700416763, 0.3169105549702975, 0.23551815384261932], [0.33672130180761684, 0.2589606701091156, 0.10393519530888246, 0.3003828327743851], [0.4807649133761118, 0.22558441531457377, 0.06495151936241356, 0.22869915194690107], [0.19178863448672484, 0.2825155069344587, 0.23832231646925078, 0.28737354210956556], [0.4632074294021605, 0.16070458587313952, 0.11658910098379831, 0.25949888374090185], [0.09664360292160337, 0.3015849889172725, 0.4824933862983619, 0.11927802186276203], [0.18495069833874528, 0.27531797644000544, 0.28092840591133506, 0.2588029193099142], [0.3742686972051802, 0.32320653104336833, 0.03334452868186561, 0.26918024306958577], [0.1994957764140938, 0.34298178729229295, 0.23112433892707634, 0.22639809736653674], [0.14549666666065905, 0.2916920356685081, 0.3823454855984016, 0.18046581207243123], [0.20824630188923104, 0.24368929372756554, 0.32923838144220285, 0.21882602294100043], [0.1483597296268953, 0.24107496103951717, 0.3693962104662394, 0.24116909886734847], [0.23412601284963694, 0.28584584085734926, 0.1249906271772286, 0.3550375191157855], [0.3484767323095195, 0.285365312383017, 0.07265878690589794, 0.2934991684015659], [0.1911389026703485, 0.3367759536358719, 0.24177668991080342, 0.23030845378297607], [0.29258356927737333, 0.1870950983329282, 0.1596712166547363, 0.3606501157349622], [0.52115125680785, 0.19526186100241388, 0.02033019035470845, 0.2632566918350277], [0.21539537379287804, 0.21893838522450332, 0.16230936856237982, 0.40335687242023804], [0.3447731359096682, 0.21989578471075774, 0.0474511376355701, 0.3878799417440042], [0.34547483858984973, 0.2133368691354594, 0.13643339825128556, 0.3047548940234054], [0.2321535019225044, 0.2506782864133603, 0.28140375172040305, 0.23576445994373255], [0.3357512418018296, 0.2295206732552155, 0.037897333235365385, 0.39683075170758964], [0.2627683213905583, 0.30343924697098823, 0.2166182276753376, 0.21717420396311632], [0.29256228992189975, 0.2224630563836878, 0.1489202318799124, 0.33605442181449985], [0.14311733426949008, 0.3264514949440165, 0.3696072736783391, 0.16082389710815473], [0.15322873689841826, 0.3037778520620233, 0.27370607763952376, 0.269287333400035], [0.30600296837335866, 0.2910153068134739, 0.07597752821220913, 0.32700419660095853], [0.3435913693335971, 0.25782962129586645, 0.13834398266614947, 0.26023502670438725], [0.3458701016080079, 0.2402676036390133, 0.1336287977354418, 0.2802334970175371], [0.3083730749572515, 0.2762685078854355, 0.23671789300342827, 0.17864052415388473], [0.23038441619779176, 0.20944635380175475, 0.26269201271313, 0.29747721728732385], [0.2915661328897872, 0.2924249926678954, 0.1041416356421636, 0.31186723880015377], [0.23655835477686507, 0.33553933813905895, 0.10427941389405683, 0.3236228931900191], [0.29011437965561776, 0.2044863747364959, 0.19649522409583603, 0.30890402151205], [0.19651485952010644, 0.32260865852590204, 0.1842338584388571, 0.29664262351513454], [0.20484112597852652, 0.257491372514715, 0.1785320871553265, 0.3591354143514319], [0.3030160458356181, 0.2433159039901344, 0.17643378664984902, 0.2772342635243983], [0.1804049955256829, 0.27821222169950327, 0.2839826129538159, 0.2574001698209977], [0.19010033083708883, 0.22567517029603038, 0.335340755416257, 0.24888374345062378], [0.3070801982822422, 0.31510063360083485, 0.10068118484358107, 0.27713798327334227], [0.2484099699377268, 0.3445675528211721, 0.19398156433878005, 0.2130409129023212], [0.2480234048817348, 0.2715900902093399, 0.28001616105440685, 0.20037034385451857], [0.3543523264674224, 0.24616035864858027, 0.08839098481209283, 0.31109633007190474], [0.173732789952701, 0.22633270608102948, 0.31707538735301805, 0.28285911661325125], [0.1394020706836192, 0.31637065480148097, 0.36246522366937006, 0.1817620508455293], [0.15716117933544524, 0.20832742549865424, 0.4821423463223957, 0.1523690488435047], [0.22078786959321905, 0.2744877860706559, 0.10853374771528401, 0.3961905966208413], [0.28721819277439503, 0.29156135156543495, 0.25771685969388025, 0.16350359596628988], [0.15687055417230164, 0.3770578242674872, 0.28893723119143255, 0.17713439036877882], [0.33037239255880735, 0.1638476973634569, 0.13312737619201914, 0.37265253388571673], [0.279695810935812, 0.27412961948742104, 0.11572030609456671, 0.33045426348219986], [0.26880092222652613, 0.30920703324926974, 0.10633036431495387, 0.31566168020925045], [0.1827328759969727, 0.27817499938190515, 0.35976678547019103, 0.17932533915093085], [0.2822854769212776, 0.30743432338870025, 0.05048741593744273, 0.3597927837525793], [0.24305374207650082, 0.25610040669559353, 0.20145068984740316, 0.2993951613805024], [0.26200957301343425, 0.2593999183090424, 0.09828747139071901, 0.3803030372868042], [0.34269787662200923, 0.2534548755918382, 0.08675333765798478, 0.3170939101281679], [0.19571561288429926, 0.2823882173290732, 0.12009378842185582, 0.4018023813647716], [0.2825185668271955, 0.3034957278564998, 0.19824769395437708, 0.21573801136192794], [0.2397634964381727, 0.2855023812379405, 0.2391766227746338, 0.23555749954925315], [0.3099456087301431, 0.2919391726954521, 0.07342843992862266, 0.3246867786457819], [0.20668688295219895, 0.2968715937649456, 0.2251089644879316, 0.271332558794924], [0.34557711684163767, 0.25765420009206835, 0.11528295140766304, 0.2814857316586308], [0.1413983806776658, 0.2954806413065626, 0.2642504390567916, 0.29887053895898], [0.30898220503236923, 0.2494190870980466, 0.17910575666569867, 0.2624929512038854], [0.4451698496234932, 0.2410214493958398, 0.03058464650140519, 0.28322405447926197], [0.262713248321563, 0.24848888629759358, 0.1138995285931684, 0.3748983367876752], [0.48284317945098104, 0.20457019865094556, 0.04872819345216918, 0.2638584284459043], [0.21738893440982637, 0.2997355078336113, 0.226050669751164, 0.2568248880053984], [0.3049614978760066, 0.2713713271830726, 0.2193574011888219, 0.20430977375209883], [0.21843256558095542, 0.26662709432742415, 0.2640459072791368, 0.25089443281248347], [0.1955628649046742, 0.304494325296101, 0.1882078788797709, 0.3117349309194542], [0.312929233980742, 0.23463413159055635, 0.17231098864208044, 0.2801256457866213], [0.27871041477356967, 0.33290604911644417, 0.09395402918801427, 0.2944295069219721], [0.41138400737732667, 0.15220053221126065, 0.11266459788076967, 0.32375086253064317], [0.2055595542533902, 0.27915451247281237, 0.18344567501927567, 0.3318402582545218], [0.2649691756294849, 0.2981409297616116, 0.101858685305487, 0.3350312093034167], [0.30768033228116987, 0.32667054299203147, 0.07247463905996554, 0.29317448566683324], [0.3205384869053816, 0.2593024565058686, 0.10126563433719511, 0.3188934222515547], [0.13550812421579417, 0.32233767538766916, 0.3472084379990744, 0.19494576239746209]]}, "rewritten": {"ids": ["97105451", "97105760", "97106820", "97107950", "97110950", "97112170", "97113260", "98106111", "98106680", "98107410", "98109230", "98110680", "98110810", "98111670", "98117740", "98120010", "99105921", "99107300", "99107640", "99108080", "99108580", "99109161", "99110050", "99110730", "99111930", "99116500", "99117740", "100108080", "100108260", "100109360", "100109980", "100110050", "100111080", "100111380", "100111620", "100117420", "101108370", "101108950", "101111140", "101111310", "101111990", "101112160", "101112201", "101112540", "101113210", "102109840", "102110500", "102110750", "102111990", "102112250", "102114270", "102121440", "103109641", "103110100", "103118110", "103118291", "103120531", "103120730", "104111880", "104113380", "104113550", "104114740", "104116800", "104116980", "104118340", "105110091", "105112240", "105113330", "105114220", "105115900", "105116090", "106111321", "106113190", "106114321", "106115250", "106116820", "106118301", "106119260", "106119580", "107113130", "107113200", "107116300", "107116980", "107117630", "107121640", "108113480", "108114360", "108114670", "108115880", "108115970", "108116120", "108118060", "108119550", "108120621", "108121351", "109114220", "109116810", "109117271", "109120150", "110114561", "110114610", "110114920", "110115140", "110116290", "110117200", "110117500", "110117870", "110118450", "110118930", "110120540", "110121170", "111114321", "111114941", "111115620", "111115780", "111116100", "111119930", "111121410", "112116451", "112116990", "112117210", "112117580", "112117790", "112118530", "112118550", "112118620", "112118930", "112120270", "112120540", "112120670", "112121360", "113117401", "113118620", "113119360", "113119700", "113120591", "113120601", "113120751", "113122150", "113122170", "113122230", "113122320"], "labels": [0, 0, 1, 2, 3, 0, 1, 0, 1, 3, 1, 2, 1, 1, 2, 2, 1, 3, 1, 3, 0, 3, 3, 3, 1, 2, 2, 0, 3, 0, 1, 3, 0, 3, 3, 2, 1, 2, 2, 3, 2, 3, 0, 2, 3, 2, 3, 1, 2, 0, 3, 2, 1, 1, 2, 0, 3, 1, 3, 1, 1, 2, 1, 1, 2, 0, 1, 3, 3, 3, 1, 0, 0, 2, 2, 1, 1, 1, 3, 1, 0, 0, 3, 0, 1, 0, 1, 3, 3, 2, 1, 1, 1, 1, 3, 3, 3, 0, 2, 0, 1, 3, 0, 2, 3, 1, 3, 0, 1, 1, 2, 1, 0, 1, 1, 3, 1, 0, 0, 0, 1, 0, 3, 1, 3, 3, 1, 0, 3, 2, 3, 3, 3, 0, 0, 0, 2, 1, 2, 1, 1, 1], "predicted_labels": [1, 0, 3, 2, 0, 1, 1, 3, 1, 3, 2, 0, 2, 3, 3, 3, 1, 0, 3, 0, 1, 0, 1, 3, 1, 1, 3, 1, 1, 3, 0, 1, 1, 1, 3, 3, 1, 3, 0, 1, 3, 1, 0, 2, 3, 1, 3, 2, 3, 3, 1, 3, 2, 1, 1, 3, 3, 1, 1, 3, 0, 3, 1, 1, 3, 3, 1, 3, 3, 0, 1, 3, 3, 0, 3, 0, 0, 0, 1, 2, 3, 1, 0, 0, 2, 3, 1, 1, 1, 3, 0, 0, 3, 3, 0, 3, 1, 3, 2, 1, 3, 1, 0, 0, 0, 1, 3, 3, 1, 1, 3, 3, 1, 3, 3, 1, 3, 1, 0, 3, 1, 3, 3, 1, 3, 3, 3, 3, 1, 1, 3, 3, 1, 3, 1, 3, 1, 1, 1, 1, 1, 1], "confidence_scores": [[0.24745184638206666, 0.32293872142093544, 0.16459904646543552, 0.2650103857315624], [0.3332191125552057, 0.2882428662091059, 0.12336477629232448, 0.2551732449433637], [0.1769760103011475, 0.27687651270241553, 0.30501944687958094, 0.241128030116856], [0.13635570944161218, 0.27498684263306633, 0.4239267235037321, 0.16473072442158906], [0.45434580426809157, 0.16868896980619777, 0.1049038623753551, 0.2720613635503556], [0.26056453410980646, 0.27629286068228137, 0.1785629103366747, 0.2845796948712374], [0.22672653042298244, 0.285743468208916, 0.24179168093223055, 0.24573832043587096], [0.17741979028550872, 0.2601297521193208, 0.32609506656190473, 0.23635539103326555], [0.14431348951343043, 0.2781990307031541, 0.3920916464463039, 0.18539583333711152], [0.2662796739005426, 0.25547106198913366, 0.19052285472535696, 0.287726409384967], [0.12604990599547589, 0.19940032190128923, 0.5459598121633494, 0.12858995993988523], [0.2658195052296014, 0.25845255376713033, 0.21973442880566768, 0.2559935121976004], [0.13554138757806777, 0.2629702713318368, 0.4679082810577477, 0.1335800600323479], [0.2469744160347532, 0.24431519836481533, 0.2496029108504184, 0.2591074747500132], [0.23327343310454995, 0.26668881687841683, 0.2271260880932476, 0.27291166192378585], [0.18019173216411624, 0.2771023179543945, 0.26666809465553887, 0.27603785522595037], [0.18605141854325016, 0.33403787542278907, 0.29320858194981064, 0.18670212408415032], [0.3893743948305722, 0.2534353199427914, 0.08784657881431866, 0.2693437064123176], [0.25326061127360766, 0.26686383348440756, 0.17952559362690976, 0.30034996161507516], [0.2930495758677328, 0.26532998355979104, 0.21063417011379165, 0.23098627045868458], [0.21424017380941524, 0.3151297445035827, 0.2966237427715256, 0.17400633891547673], [0.32118007437780066, 0.23934102252207334, 0.20239875110177521, 0.23708015199835053], [0.14194664951334468, 0.2930394056195928, 0.32486808661392663, 0.240145858253136], [0.1380503451150986, 0.2701450372746321, 0.35075396094702554, 0.24105065666324396], [0.2385629174976269, 0.30986372135032286, 0.2134465769607023, 0.23812678419134792], [0.12135200635283516, 0.2925937594959399, 0.3878268467630046, 0.1982273873882201], [0.27876335475735087, 0.2683312556888724, 0.15398639288467586, 0.29891899666910093], [0.17670183403901038, 0.3200583956164973, 0.31307649192599324, 0.190163278418499], [0.20787900433416961, 0.3148947480006215, 0.2771945713264045, 0.20003167633880414], [0.23473331569383601, 0.19353138317543664, 0.25583336922135697, 0.3159019319093703], [0.3044593326648431, 0.27486149846319785, 0.18509374989547656, 0.23558541897648252], [0.10741736499302017, 0.2937633868307902, 0.39300945949092164, 0.20580978868526778], [0.2140068385615348, 0.26662301312474945, 0.3347389243697183, 0.1846312239439975], [0.20995168650819035, 0.25171064350495553, 0.3454736812966167, 0.19286398869023738], [0.23301784920605503, 0.2506516900874739, 0.22924359975661757, 0.2870868609498535], [0.23851079971767178, 0.2644736863838017, 0.2524110690394766, 0.24460444485905025], [0.27244442481992476, 0.2982987335972353, 0.2248900187764331, 0.2043668228064067], [0.16320717037191143, 0.27723982661473257, 0.25118258781681857, 0.3083704151965375], [0.3452022791254999, 0.23883888285444738, 0.13591491517956977, 0.2800439228404832], [0.21285655336521705, 0.32637200787783854, 0.27473543870552475, 0.1860360000514194], [0.15361430925813832, 0.24688790953793913, 0.38678430814210535, 0.2127134730618171], [0.15164510900672262, 0.3539042232771822, 0.27001479888020474, 0.22443586883589028], [0.4039744523145692, 0.28821494688256855, 0.10939780502041917, 0.19841279578244314], [0.16010012625558348, 0.23645402047869746, 0.4311306333338739, 0.17231521993184484], [0.2862702516467697, 0.24423135458166825, 0.14913837509362712, 0.32036001867793473], [0.16677788788960277, 0.2911451215644323, 0.30373893410831637, 0.2383380564376487], [0.2620796069519349, 0.22676518900008621, 0.26291559820304816, 0.24823960584493074], [0.1228282717144049, 0.2881362779846392, 0.4483905025774711, 0.14064494772348526], [0.2378265334915151, 0.2432931029080374, 0.28239595885969565, 0.236484404740752], [0.2810282904758573, 0.21726884427011342, 0.15715596781634034, 0.34454689743768935], [0.1535722240621675, 0.31514066951356445, 0.3127216711916246, 0.2185654352326436], [0.2014288022851867, 0.2588645861917458, 0.2525344286148495, 0.2871721829082182], [0.11538181310618573, 0.26281817579975814, 0.4438998134587321, 0.17790019763532436], [0.26333526343045427, 0.286980148128995, 0.18533343613040773, 0.2643511523101427], [0.15833187901761342, 0.2983959920299214, 0.37690127200352286, 0.16637085694894221], [0.25832255763228107, 0.27586367087134817, 0.1779384495767467, 0.28787532191962373], [0.30878573928763986, 0.23726801026667438, 0.12252658810553926, 0.3314196623401463], [0.11925508426569112, 0.27822168413422754, 0.4232075692921812, 0.17931566230789978], [0.15310956633408535, 0.2972931580070754, 0.3132034573848507, 0.23639381827398845], [0.14429256120245704, 0.24530740521448247, 0.3714101767688377, 0.23898985681422255], [0.44509989780602327, 0.208041607681196, 0.06640416524561393, 0.28045432926716685], [0.23821348869570222, 0.2832834807593431, 0.1907474378125364, 0.28775559273241835], [0.14956098995218275, 0.2951019448884584, 0.30131105990351975, 0.2540260052558388], [0.12700730297476834, 0.31145806513547586, 0.33601373309808774, 0.22552089879166795], [0.18186826579438203, 0.270027413883031, 0.23046670907935682, 0.3176376112432304], [0.1081438445114387, 0.2829292134519369, 0.39452602693324496, 0.21440091510337952], [0.14350927005190578, 0.3340984595020667, 0.2922403509279629, 0.23015191951806457], [0.2170920704109652, 0.2434414586301819, 0.23711012504095635, 0.30235634591789595], [0.20785985972768414, 0.2645912762623337, 0.2528913729180439, 0.2746574910919384], [0.2852379750275782, 0.23089042144466967, 0.23807338243509457, 0.24579822109265761], [0.14377919639392742, 0.32544346752520187, 0.29891747612691383, 0.23185985995395705], [0.21104562571414465, 0.2859452378786121, 0.18370437002822945, 0.3193047663790139], [0.19337593302509168, 0.2536640830976661, 0.2606656583938258, 0.29229432548341666], [0.2607568498810484, 0.2572662097146999, 0.2505416331670172, 0.2314353072372344], [0.26968639823948853, 0.2417714817196585, 0.16888213304108796, 0.31965998699976467], [0.34329116405275983, 0.22973634222549058, 0.13910148820739532, 0.28787100551435457], [0.33011693169934686, 0.21739819117217846, 0.12198195059693163, 0.33050292653154295], [0.362036616259366, 0.16591664986829582, 0.15267687644540642, 0.3193698574269317], [0.1859095864128711, 0.29492747578409806, 0.29692752957552515, 0.22223540822750595], [0.1726570768139125, 0.25824823948437564, 0.3838202849082442, 0.18527439879346733], [0.23863123070354814, 0.2826556748133973, 0.15876484988720213, 0.31994824459585225], [0.2926101271363956, 0.32236522632916326, 0.14626393046014063, 0.23876071607429997], [0.31712916567223226, 0.30208169794156675, 0.07595074276188715, 0.304838393624314], [0.3709615464097417, 0.20366290705751616, 0.21155423096298157, 0.21382131556976064], [0.12680101345762818, 0.2609410992343717, 0.43485607911489566, 0.17740180819310433], [0.2208742312592944, 0.27284993058933793, 0.2160228933121475, 0.2902529448392202], [0.15708573233914339, 0.29589839088900977, 0.3595265638929617, 0.1874893128788851], [0.2655601757343538, 0.2717982191358398, 0.23536002627559052, 0.22728157885421602], [0.22063230062963, 0.29344105328510695, 0.3090892600275877, 0.17683738605767563], [0.21731822511448318, 0.25013147570978655, 0.29176653088432725, 0.2407837682914026], [0.3927460694576563, 0.20644813173870943, 0.07717298521626433, 0.3236328135873697], [0.3283654103741619, 0.20411935775758686, 0.15165526922964742, 0.315859962638604], [0.14106468823398932, 0.28499764617758644, 0.3037828994573473, 0.27015476613107714], [0.2351915381438817, 0.23945604703415088, 0.21106338799042368, 0.31428902683154364], [0.30443384334674584, 0.2618242787348406, 0.20587747426194744, 0.22786440365646615], [0.2176895675003067, 0.22098546699235785, 0.2986196903235612, 0.26270527518377423], [0.2685196217922721, 0.324187193155938, 0.11668120989820638, 0.2906119751535835], [0.17393009532158574, 0.26870267735345726, 0.3163207335009441, 0.24104649382401286], [0.19561071164066587, 0.20594562738367453, 0.40787622239417143, 0.19056743858148834], [0.25077462704403847, 0.28063529886328625, 0.1994630802623113, 0.26912699383036387], [0.2199276233433809, 0.29078345720728027, 0.181399406033741, 0.30788951341559767], [0.16708532182684116, 0.34144422095896754, 0.3087364502294658, 0.18273400698472533], [0.3506890410040921, 0.19267852472735328, 0.2498890070913141, 0.20674342717724037], [0.27450074474001224, 0.24219300425261928, 0.24226810928102965, 0.24103814172633897], [0.3335811923598486, 0.2537781162867886, 0.16501436173173037, 0.247626329621632], [0.18884596638593557, 0.3010244994448683, 0.27639509222034164, 0.23373444194885443], [0.26758015767818205, 0.2270183259820103, 0.1976405676873425, 0.30776094865246484], [0.16638331096853334, 0.27026772178983627, 0.3227858544477912, 0.24056311279383932], [0.11238228190845329, 0.32320019152662127, 0.3701615621157567, 0.19425596444916854], [0.16790790212909654, 0.28107697982687957, 0.3578365707564736, 0.19317854728755005], [0.1371133644066526, 0.23201325066476775, 0.4137585830013365, 0.21711480192724303], [0.1422705310674296, 0.3056377628056703, 0.2613371259370853, 0.29075458018981476], [0.1880820066664769, 0.3538989089173217, 0.25900121996528824, 0.19901786445091316], [0.18255364683141787, 0.2555390097121729, 0.3431204452562942, 0.2187868982001155], [0.1791583026122714, 0.25795622031535975, 0.3143930658964454, 0.2484924111759234], [0.24984995490817571, 0.304991175164233, 0.1800201105492115, 0.2651387593783797], [0.20667664734780622, 0.25721574750918824, 0.26479975114539395, 0.2713078539976116], [0.24550100960258078, 0.29359833282868286, 0.1977245939405383, 0.26317606362819784], [0.3285833066832203, 0.3026706342043394, 0.12807086341837776, 0.2406751956940625], [0.2307780200204271, 0.22966376995020069, 0.23581197019863698, 0.3037462398307352], [0.17029788240106436, 0.29995746850367716, 0.28205242222784066, 0.24769222686741785], [0.19565619588207864, 0.2477867246675017, 0.29042358470923996, 0.2661334947411796], [0.2292700909546255, 0.23408662315926063, 0.19428922217145372, 0.34235406371466004], [0.12987669406471433, 0.31244176471038704, 0.365738965426102, 0.19194257579879656], [0.2839764375822279, 0.25413870735440536, 0.126257988737308, 0.3356268663260585], [0.16723737771226466, 0.28204806685794415, 0.30848924324108135, 0.24222531218870993], [0.15383710126673017, 0.2457896018687554, 0.3739554772349979, 0.22641781962951638], [0.19288526591143085, 0.2576165054445467, 0.3394638091810206, 0.21003441946300191], [0.2355788712866952, 0.3170472689597331, 0.1312228917229587, 0.31615096803061304], [0.14990196151024882, 0.30605069673292223, 0.36226935187691933, 0.18177798987990937], [0.22537986963374096, 0.26760068207683424, 0.2308444658254328, 0.2761749824639921], [0.26377401508225695, 0.2833003448416509, 0.10463453127155017, 0.34829110880454206], [0.1708378169550074, 0.31423986595230097, 0.32034752681226825, 0.19457479028042343], [0.17403496685537045, 0.2569935967550331, 0.23830423876467838, 0.33066719762491803], [0.17632786939884484, 0.34228189186117647, 0.3241019848717981, 0.15728825386818096], [0.16880877490408439, 0.25916445652073583, 0.36503804249040145, 0.2069887260847784], [0.20681092042777263, 0.32888518823967555, 0.2680209929624197, 0.19628289837013202], [0.15823753725030637, 0.29273911250596474, 0.32545192503032044, 0.2235714252134082], [0.21981452393062295, 0.32762801553404003, 0.24028934459835183, 0.21226811593698533], [0.12599644967849846, 0.3119534058502107, 0.3821918027083598, 0.17985834176293114], [0.1737841693048756, 0.28892542673193106, 0.30765740924008284, 0.22963299472311025], [0.18608220400605774, 0.31577459978093264, 0.2171351896542617, 0.28100800655874786]]}}