{"test": {"ids": ["105118230", "101115190", "111121190", "98112580", "112117580", "110118181", "112117210", "103111990", "98107010", "105113620", "101108500", "106119580", "106121220", "109118231", "105115720", "110118301", "110115140", "105116980", "113121980", "100109360", "104113170", "97109080", "98119591", "110118121", "102112301", "111116290", "110119030", "112117030", "105112260", "104111531", "110120540", "107112850", "111114121", "104118070", "111119290", "113119300", "110113931", "112116900", "106114321", "104117200", "100111390", "104114410", "110116290", "99108520", "107113170", "106118301", "113118870", "112119320", "112118421", "100107920", "105112130", "98116940", "101119591", "109113591", "101111310", "109117080", "110114561", "112118620", "104113000", "105113440", "104113190", "106119990", "111117120", "106116820", "113120280", "110120700", "112118530", "112118810", "99112531", "103110100", "111116040", "99112840", "109117600", "108113760", "97116500", "97114170", "113118231", "113121410", "110116441", "109114270", "113122190", "103111540", "111118820", "107113550", "102110500", "111116640", "102109910", "107120880", "106113260", "103120780", "104112201", "106118520", "113119480", "106116850", "109120150", "111120591", "112117780", "98112300", "109119460", "108121410", "97106770", "113117340", "112120700", "112118860", "101110200", "101117580", "102109010", "108116070", "110115120", "101109000", "113118630", "98107410", "105118740", "110114950", "109119340", "105116090", "105115380", "108120260", "97109570", "108117610", "109115211", "113122180", "98110810", "107121640", "98106880", "98108150", "101111140", "104113240", "98108580", "112118550", "107113260", "100108260", "111115780", "112119500", "111116110", "109114030", "105120621", "107117630", "102110890", "108115070", "99109910", "110115890"], "labels": [1, 1, 1, 2, 0, 1, 1, 2, 3, 0, 3, 3, 1, 1, 1, 1, 0, 0, 2, 0, 3, 2, 1, 3, 1, 2, 0, 2, 3, 0, 1, 1, 0, 2, 3, 1, 1, 3, 2, 3, 2, 1, 2, 2, 0, 1, 0, 1, 3, 0, 1, 2, 0, 3, 3, 1, 0, 3, 1, 0, 3, 0, 2, 1, 0, 2, 1, 3, 3, 1, 0, 2, 1, 1, 2, 2, 3, 0, 3, 3, 1, 1, 0, 0, 3, 0, 2, 1, 3, 1, 0, 2, 3, 3, 2, 1, 0, 2, 1, 0, 3, 2, 2, 3, 2, 3, 1, 1, 0, 1, 3, 3, 1, 0, 3, 1, 1, 1, 0, 3, 0, 2, 1, 1, 0, 0, 2, 2, 0, 3, 0, 3, 1, 2, 3, 1, 1, 0, 0, 1, 2, 2], "predicted_labels": [1, 2, 3, 1, 3, 0, 1, 1, 3, 1, 1, 2, 3, 1, 1, 1, 3, 1, 3, 3, 1, 1, 1, 3, 1, 0, 3, 3, 1, 3, 1, 1, 1, 0, 3, 3, 1, 0, 3, 3, 1, 3, 2, 1, 3, 0, 3, 1, 0, 3, 3, 3, 0, 1, 0, 1, 0, 3, 0, 1, 0, 3, 1, 0, 0, 0, 1, 3, 3, 3, 3, 3, 0, 0, 2, 3, 0, 3, 0, 3, 2, 3, 0, 1, 3, 1, 0, 3, 1, 1, 0, 3, 3, 3, 2, 3, 0, 3, 3, 1, 0, 2, 3, 3, 1, 0, 1, 1, 1, 1, 0, 0, 3, 0, 0, 0, 1, 1, 3, 3, 3, 3, 1, 2, 1, 1, 3, 1, 1, 0, 0, 0, 0, 1, 3, 1, 3, 2, 0, 0, 2, 3], "confidence_scores": [[0.2289253205396389, 0.27659289609037524, 0.19627344038232158, 0.2982083429876639], [0.15459850248125256, 0.2939826347930697, 0.2896480431821973, 0.26177081954348075], [0.28782165026704876, 0.272437555357696, 0.10420079192922817, 0.33554000244602705], [0.1869540953147842, 0.2922376670751891, 0.21214245073593424, 0.3086657868740925], [0.25763165208240096, 0.27758435279594235, 0.14488474687189118, 0.3198992482497654], [0.29309720416432733, 0.2796268539759288, 0.08840438916708489, 0.33887155269265923], [0.23102769516378496, 0.2914363495812591, 0.26439523766359796, 0.2131407175913581], [0.22063786855788023, 0.2770590133379702, 0.22039479545872548, 0.2819083226454238], [0.2632369535876417, 0.2737327245153429, 0.14699442617228806, 0.3160358957247275], [0.2217763068073465, 0.2806367819287287, 0.21514604756718228, 0.2824408636967423], [0.23948755697289223, 0.2750466195269628, 0.18924085239992033, 0.2962249711002248], [0.2083478910831231, 0.28272072922980657, 0.28299822295423316, 0.225933156732837], [0.2617428521584521, 0.2717946111376702, 0.14568178891890274, 0.3207807477849749], [0.25987035140243264, 0.2741091955067132, 0.15892103974666472, 0.3070994133441896], [0.22567031743680524, 0.28604797324793224, 0.17708058699603094, 0.31120112231923147], [0.22798619220390579, 0.29009716188000473, 0.16042560624545157, 0.32149103967063813], [0.25481036444696153, 0.2747657435167066, 0.15575298626453143, 0.3146709057718005], [0.2747812723571307, 0.27912383022575077, 0.12990656299555275, 0.31618833442156596], [0.24123635111037317, 0.2846388984715438, 0.13782027121859894, 0.3363044791994841], [0.2645726928774203, 0.2679618635577909, 0.14946864382869882, 0.3179967997360898], [0.25241093364420447, 0.27451671299742, 0.18173109663808665, 0.2913412567202891], [0.2155639171007458, 0.2779809580627198, 0.24127156197538716, 0.26518356286114764], [0.24825788340607607, 0.27711614004172674, 0.22903439823741856, 0.2455915783147787], [0.27094153900764084, 0.2878611622459091, 0.09671572799171094, 0.34448157075473923], [0.26499442105301135, 0.28236134976208555, 0.17543753652880784, 0.27720669265609543], [0.27270892255652884, 0.2690873101028672, 0.1625891387728923, 0.2956146285677116], [0.2504894182606785, 0.27467613246849626, 0.16069097976068034, 0.3141434695101448], [0.2747562379179916, 0.2676084141343748, 0.13397333205157969, 0.32366201589605387], [0.2442537046332418, 0.2742919487379989, 0.18034994446847902, 0.30110440216027995], [0.2686759248553652, 0.2741208714720522, 0.14528153252141557, 0.31192167115116687], [0.2254191007809167, 0.28538316744366315, 0.21280018591078145, 0.2763975458646385], [0.26057906501519723, 0.27714347497094244, 0.17496012497678048, 0.28731733503708023], [0.271030529009598, 0.28680639663169205, 0.11142180932811589, 0.33074126503059414], [0.2553252838548094, 0.2659404668566801, 0.20667899065243214, 0.27205525863607827], [0.22779993039993784, 0.28812926536607697, 0.14609049104086685, 0.33798031319311855], [0.29200546685268974, 0.2711104084039249, 0.09061994507906591, 0.3462641796643194], [0.2671248992229438, 0.29396100097026356, 0.10755811923945166, 0.33135598056734106], [0.2835482434595569, 0.27680847898615546, 0.12209122964835914, 0.3175520479059284], [0.23541138426824354, 0.27520052872075673, 0.21644819250817213, 0.27293989450282746], [0.23835732112458172, 0.2679302770183354, 0.21632385089586734, 0.27738855096121556], [0.26112355738119714, 0.27599202580493193, 0.14879253383921875, 0.314091882974652], [0.26641986067102014, 0.2746445495009994, 0.14382465246242326, 0.3151109373655571], [0.222434447504699, 0.27055354709420026, 0.2928206022535017, 0.21419140314759894], [0.19604038737428633, 0.28975531666668186, 0.28018682855730287, 0.23401746740172874], [0.2705781757205061, 0.28040940745482484, 0.11822319269151121, 0.33078922413315803], [0.305413035062828, 0.266829705939197, 0.09413435077664468, 0.33362290822133034], [0.2617476677599493, 0.2751002109333253, 0.1499494158735185, 0.3132027054332066], [0.15086371451556202, 0.2991379541710718, 0.29220816979034725, 0.25779016152301903], [0.2873019408482029, 0.27444978055195485, 0.1196598712172499, 0.3185884073825922], [0.2773471436594776, 0.27228857214338426, 0.11393819529589563, 0.3364260889012427], [0.24261086419706943, 0.2836222628459283, 0.14713764925727296, 0.32662922369972947], [0.2776519608228872, 0.2769476386423666, 0.12080409784582401, 0.3245963026889222], [0.3065194101928116, 0.2581196174501566, 0.13371131356997956, 0.3016496587870525], [0.27574408077076773, 0.2840012269662114, 0.11771435387577359, 0.3225403383872475], [0.2637590528554276, 0.2763848078685021, 0.2130035883155497, 0.2468525509605206], [0.23067342469609414, 0.29432662814604077, 0.1497338350893201, 0.3252661120685449], [0.2761110178035272, 0.26836417847757454, 0.1600129918835977, 0.2955118118353005], [0.2809998894890288, 0.2702971314943736, 0.1305302511410614, 0.3181727278755362], [0.30145610927998706, 0.2607615836598697, 0.1278585733844976, 0.30992373367564596], [0.24728806895131536, 0.27543848270462407, 0.19332396531504248, 0.28394948302901785], [0.28627179162739397, 0.2644877986553673, 0.15785974502031105, 0.291380664696928], [0.25767966843634604, 0.2801039780007765, 0.12489093975181878, 0.33732541381105885], [0.24267709576793522, 0.2844818380797963, 0.14922054001288831, 0.32362052613938014], [0.2755581390686702, 0.26935639114976984, 0.14537157337525414, 0.3097138964063059], [0.3011240583091303, 0.26119837632337517, 0.117799354648885, 0.31987821071860967], [0.27519812527880644, 0.27472626206413275, 0.15646803388935643, 0.29360757876770466], [0.20041382086536344, 0.29593378195125564, 0.29449068768008624, 0.20916170950329444], [0.27704691039086826, 0.28702240772079174, 0.09538252086728159, 0.34054816102105845], [0.2711592954869183, 0.27991998883783886, 0.10784008337534907, 0.3410806322998937], [0.25180231041746043, 0.26641024289029874, 0.18776694524536433, 0.2940205014468763], [0.26547009258471893, 0.27549284140128033, 0.14115396929961582, 0.31788309671438464], [0.21459836304932423, 0.27591739112016334, 0.21729006440886647, 0.29219418142164605], [0.2859366040170334, 0.26559768130130246, 0.14597665063187285, 0.30248906404979103], [0.2818371409811301, 0.26565778194933304, 0.16245341656658013, 0.29005166050295694], [0.21215969533405593, 0.2849104669176562, 0.29984229877084795, 0.20308753897744036], [0.21919431155942498, 0.28660669242091114, 0.16866886909509476, 0.32553012692456934], [0.2770754861047716, 0.2715285757611778, 0.13497090012230883, 0.3164250380117417], [0.28113643449890374, 0.27720981063197225, 0.10219795938205609, 0.33945579548706795], [0.27282544492925637, 0.2659582885698096, 0.1776374408048146, 0.28357882569611964], [0.20698225125742747, 0.2755913448970295, 0.2123865271485888, 0.3050398766969543], [0.22541904507509428, 0.2692044602268463, 0.23272706742263394, 0.27264942727542574], [0.22884806031528818, 0.2796790704549786, 0.18426000120156855, 0.3072128680281649], [0.2902199463004946, 0.2677728095960422, 0.11516556467559659, 0.3268416794278668], [0.2549242819331396, 0.2753906454155145, 0.20211368863483042, 0.26757138401651576], [0.26155015487745786, 0.268275264460251, 0.1462571914117612, 0.3239173892505298], [0.2563010455447303, 0.2766545975237214, 0.2232746069843312, 0.24376974994721684], [0.2684868971716209, 0.2622304012417293, 0.2099247549957616, 0.2593579465908885], [0.25757375778990493, 0.268998309316065, 0.18210298695887858, 0.2913249459351512], [0.23377427737177184, 0.2836761989951182, 0.19963057782513013, 0.2829189458079798], [0.2089795946018288, 0.2874247650479673, 0.19611951612838363, 0.3074761242218205], [0.26053033677342446, 0.2710380492944906, 0.17614761094619288, 0.292284002985892], [0.2906650575561205, 0.27646162886052555, 0.09323357494219653, 0.3396397386411574], [0.27458996662067464, 0.2743518588135214, 0.12618525747409948, 0.3248729170917045], [0.2709008048481531, 0.27108262694518875, 0.1542069584997266, 0.3038096097069313], [0.22128214149255934, 0.2795700443506688, 0.28892355990650814, 0.2102242542502636], [0.2910325331644113, 0.27363636332406865, 0.09396955907571788, 0.34136154443580197], [0.27510979271285935, 0.27239509443881393, 0.16218900631141708, 0.29030610653690925], [0.2672746122893704, 0.2686395217033846, 0.14701959534361791, 0.317066270663627], [0.27429956045338516, 0.26983933654448466, 0.13494626004070306, 0.32091484296142686], [0.28539710962218473, 0.28208158559563234, 0.09753653370362436, 0.33498477107855856], [0.28271554913079017, 0.2720271474678413, 0.20749565857905072, 0.23776164482231796], [0.21554270771983908, 0.28175538282464163, 0.26578873877687853, 0.23691317067864087], [0.2366724944097693, 0.2743124822664352, 0.18022102676517615, 0.3087939965586193], [0.24022646565923086, 0.2705399058354319, 0.20597665572106047, 0.28325697278427675], [0.22518024634487904, 0.28545470277611024, 0.20015481588908624, 0.2892102349899245], [0.28271272617713294, 0.2753068191935603, 0.1183081830380462, 0.32367227159126066], [0.2547111100870538, 0.2764549985848446, 0.19595156721576662, 0.2728823241123347], [0.22229077719105428, 0.27929865271386317, 0.24436566670469265, 0.25404490339039], [0.2336270308122946, 0.27537324763433374, 0.20300832789144177, 0.2879913936619299], [0.17304030580006666, 0.28721930013519714, 0.28437194821725076, 0.2553684458474852], [0.27018964523244876, 0.273492775396194, 0.14545506445840467, 0.3108625149129525], [0.2842339825104522, 0.260066361400236, 0.17008286921741844, 0.28561678687189324], [0.24449670010761831, 0.28166418529811865, 0.14838264273572482, 0.32545647185853804], [0.30367928746649026, 0.2669309363356924, 0.11145639967181441, 0.31793337652600295], [0.27577927396338753, 0.27529419725487464, 0.1458802905504677, 0.3030462382312697], [0.30233103046162096, 0.2675781158933386, 0.09739362714447547, 0.332697226500565], [0.24051961921312046, 0.2810580181213262, 0.18111685505389546, 0.2973055076116577], [0.2818688618604733, 0.28276960237925564, 0.14637907009114012, 0.2889824656691307], [0.24631393255956552, 0.2704146087850047, 0.18037556057488918, 0.3028958980805407], [0.3119905533384571, 0.27175598592317796, 0.06405222425214577, 0.35220123648621937], [0.28198541404524835, 0.28593028223219424, 0.0809344858468843, 0.35114981787567306], [0.27322885086121135, 0.27230956203495194, 0.13045397044384996, 0.324007616659987], [0.19140349261118825, 0.2976212536672871, 0.28333648528341876, 0.22763876843810596], [0.22888040209213442, 0.2733855018633032, 0.25481642271955346, 0.24291767332500888], [0.2002956737040805, 0.28308794494784234, 0.2641961271902104, 0.25242025415786656], [0.25091715412115023, 0.2787047460389802, 0.15328286716702044, 0.3170952326728492], [0.26075470953158036, 0.2652804883789967, 0.18635043210281796, 0.2876143699866047], [0.2207488421981963, 0.2948068479992933, 0.28970489483407313, 0.19473941496843722], [0.2572928338930483, 0.27341650041197113, 0.1948895054260606, 0.2744011602689197], [0.3068553911192836, 0.2641781536803236, 0.10804333563683056, 0.32092311956356234], [0.268874466018288, 0.26884901057069494, 0.1506068663281936, 0.31166965708282346], [0.2677731395064625, 0.2695446603322692, 0.18015318788646148, 0.2825290122748069], [0.2721802986365655, 0.2751217329224239, 0.15597311842357287, 0.29672485001743776], [0.20549733211818214, 0.2881451715038829, 0.29316052151467337, 0.21319697486326147], [0.21663719888744284, 0.2743132900849083, 0.20686049602562256, 0.3021890150020261], [0.24140327801647737, 0.28209177799731877, 0.16755146697860218, 0.30895347700760145], [0.29807841226983317, 0.27927004011132994, 0.07419940791309602, 0.34845213970574085], [0.23389232182317, 0.2708530375013476, 0.24724785203248267, 0.24800678864299955], [0.2846476548411774, 0.2580740543894795, 0.16647721429437112, 0.2908010764749721], [0.28593170152658665, 0.271765356202452, 0.16975163187765813, 0.2725513103933031], [0.1504698768351959, 0.305318714528139, 0.37218773674328454, 0.17202367189338075], [0.21204236293630468, 0.2846419835358486, 0.17938082110806222, 0.3239348324197847]]}, "rewritten": {"ids": ["97106770", "97109080", "97109570", "97114170", "97116500", "98106880", "98107010", "98107410", "98108150", "98108580", "98110810", "98112300", "98112580", "98116940", "98119591", "99108520", "99109910", "99112531", "99112840", "100107920", "100108260", "100109360", "100111390", "101108500", "101109000", "101110200", "101111140", "101111310", "101115190", "101117580", "101119591", "102109010", "102109910", "102110500", "102110890", "102112301", "103110100", "103111540", "103111990", "103120780", "104111531", "104112201", "104113000", "104113170", "104113190", "104113240", "104114410", "104117200", "104118070", "105112130", "105112260", "105113440", "105113620", "105115380", "105115720", "105116090", "105116980", "105118230", "105118740", "105120621", "106113260", "106114321", "106116820", "106116850", "106118301", "106118520", "106119580", "106119990", "106121220", "107112850", "107113170", "107113260", "107113550", "107117630", "107120880", "107121640", "108113760", "108115070", "108116070", "108117610", "108120260", "108121410", "109113591", "109114030", "109114270", "109115211", "109117080", "109117600", "109118231", "109119340", "109119460", "109120150", "110113931", "110114561", "110114950", "110115120", "110115140", "110115890", "110116290", "110116441", "110118121", "110118181", "110118301", "110119030", "110120540", "110120700", "111114121", "111115780", "111116040", "111116110", "111116290", "111116640", "111117120", "111118820", "111119290", "111120591", "111121190", "112116900", "112117030", "112117210", "112117580", "112117780", "112118421", "112118530", "112118550", "112118620", "112118810", "112118860", "112119320", "112119500", "112120700", "113117340", "113118231", "113118630", "113118870", "113119300", "113119480", "113120280", "113121410", "113121980", "113122180", "113122190"], "labels": [3, 2, 0, 2, 2, 0, 3, 3, 0, 0, 1, 2, 2, 2, 1, 2, 2, 3, 2, 0, 3, 0, 2, 3, 1, 2, 2, 3, 1, 3, 0, 1, 2, 3, 0, 1, 1, 1, 2, 1, 0, 0, 1, 3, 3, 2, 1, 3, 2, 1, 3, 0, 0, 1, 1, 1, 0, 1, 1, 1, 3, 2, 1, 3, 1, 2, 3, 0, 1, 1, 0, 0, 0, 0, 1, 1, 1, 1, 1, 3, 1, 0, 3, 1, 3, 0, 1, 1, 1, 3, 1, 2, 1, 0, 0, 0, 0, 2, 2, 3, 3, 1, 1, 0, 1, 2, 0, 1, 0, 3, 2, 0, 2, 0, 3, 1, 1, 3, 2, 1, 0, 0, 3, 1, 3, 3, 3, 3, 1, 2, 2, 2, 3, 3, 0, 1, 3, 0, 0, 2, 2, 1], "predicted_labels": [0, 3, 3, 3, 2, 2, 3, 3, 1, 1, 1, 3, 3, 1, 2, 1, 2, 3, 3, 3, 1, 3, 1, 1, 1, 1, 3, 0, 2, 3, 0, 1, 0, 3, 3, 1, 3, 3, 1, 3, 0, 1, 0, 1, 0, 1, 3, 3, 2, 3, 1, 2, 1, 1, 3, 3, 1, 3, 3, 3, 1, 3, 0, 3, 0, 3, 2, 3, 3, 1, 1, 1, 0, 2, 3, 2, 0, 0, 1, 3, 1, 1, 1, 1, 3, 3, 1, 0, 1, 1, 3, 2, 1, 0, 0, 1, 3, 1, 2, 0, 3, 0, 1, 3, 1, 0, 1, 1, 3, 3, 0, 1, 1, 0, 3, 3, 3, 0, 3, 1, 3, 0, 1, 1, 0, 3, 1, 3, 2, 1, 3, 2, 0, 3, 3, 3, 0, 0, 3, 3, 3, 2], "confidence_scores": [[0.25728320086031836, 0.27372781219164627, 0.23869480288390596, 0.2302941840641294], [0.2369653598265528, 0.2758297259150279, 0.1876194309439626, 0.2995854833144568], [0.21988833231767269, 0.2727782097297767, 0.22463831198227763, 0.28269514597027295], [0.20362008958150785, 0.28616866468986124, 0.19709484692483986, 0.313116398803791], [0.21826433135076442, 0.2796316221117954, 0.28551708908545403, 0.21658695745198603], [0.18173537538148604, 0.2863008996875085, 0.2914807091124153, 0.24048301581859022], [0.26203877993830743, 0.2721113285658539, 0.15211859935121597, 0.31373129214462275], [0.24798865897736244, 0.265998194715959, 0.21544765275920966, 0.2705654935474689], [0.25800460548009335, 0.2772957102748757, 0.14541620683278156, 0.31928347741224916], [0.2372579400698451, 0.27518116036957757, 0.21126626479637162, 0.27629463476420574], [0.20853039456388153, 0.29082148840030303, 0.26744892884956617, 0.23319918818624913], [0.243983614308534, 0.2716415136477825, 0.17139556277916065, 0.3129793092645229], [0.21153394515983248, 0.28192324379390604, 0.19821933645965728, 0.30832347458660425], [0.2308975965214778, 0.2774606945177701, 0.21959134536964922, 0.2720503635911027], [0.23595053338647973, 0.27763276694256017, 0.24073823007135245, 0.24567846959960754], [0.18337456442896616, 0.2935777496528601, 0.29966538074961374, 0.22338230516856009], [0.15109040917855612, 0.29722211941835075, 0.36311350225621647, 0.18857396914687619], [0.23524970972707782, 0.27555547256749086, 0.1783111587953935, 0.31088365891003794], [0.21662088022947468, 0.2760527067272747, 0.21481119993497935, 0.2925152131082711], [0.2746232437669433, 0.27030522845551486, 0.12287427174412323, 0.3321972560334189], [0.24632993893498684, 0.27556094587978314, 0.2311547085665024, 0.24695440661872772], [0.23961751822185523, 0.2701912828051573, 0.1752827089252415, 0.31490849004774607], [0.24129831320225528, 0.27696060380476184, 0.18556517552928056, 0.2961759074637026], [0.23242327759843165, 0.27645826127915424, 0.201266157838974, 0.28985230328343997], [0.15916040257166356, 0.2913419530494444, 0.28995947118555576, 0.2595381731933361], [0.2010501377699054, 0.28844451224401524, 0.223541686289573, 0.2869636636965062], [0.253746438565128, 0.26546652338200133, 0.1954429764484568, 0.28534406160441395], [0.26030902905637593, 0.2721466161784602, 0.20065282202036505, 0.2668915327447989], [0.15512010452533886, 0.2954380294766732, 0.2930146939968556, 0.2564271720011321], [0.2651320810572951, 0.2755131896606361, 0.13799606678986953, 0.3213586624921992], [0.29404458566975616, 0.26021994426936773, 0.15568304968489907, 0.2900524203759771], [0.2503077515396308, 0.27581842261982525, 0.20208308635197583, 0.27179073948856813], [0.25670363818977765, 0.2624922709243656, 0.22108826522698163, 0.25971582565887497], [0.2523729463490547, 0.26747062288446743, 0.16733169669319345, 0.31282473407328454], [0.20422603734689584, 0.2718496442549129, 0.25096167705221933, 0.272962641345972], [0.26525679120853457, 0.27664047325885627, 0.17948469910146697, 0.27861803643114214], [0.25080853862557256, 0.2665690938439981, 0.195269463700819, 0.2873529038296101], [0.21292532218228813, 0.2777637830480701, 0.22382014090780333, 0.2854907538618387], [0.2271320863847195, 0.2774425941443382, 0.22230571160111787, 0.2731196078698243], [0.21358867958185612, 0.2854582625542529, 0.18485367334228744, 0.31609938452160335], [0.2706019680165551, 0.27204238098677463, 0.14912738182901572, 0.30822826916765456], [0.2551322851522654, 0.27247195276273656, 0.18051155987688233, 0.2918842022081158], [0.2955568824711876, 0.2611986327018573, 0.13573708934461917, 0.3075073954823361], [0.2084478480146945, 0.28249240853864066, 0.24051361098923454, 0.2685461324574306], [0.2646457774872378, 0.2694168750446391, 0.17060546683181366, 0.29533188063630966], [0.21652047774775163, 0.289019143483852, 0.2858555804158676, 0.20860479835252888], [0.25859910787071944, 0.27302580756564054, 0.16087578748412448, 0.30749929707951557], [0.2466615355277252, 0.2706898038321283, 0.18206370728443164, 0.30058495335571483], [0.2057823767586167, 0.2802854386368479, 0.29037138709092625, 0.2235607975136094], [0.23452566681335685, 0.28401623284354405, 0.15065624709273365, 0.33080185325036565], [0.24262893934351773, 0.27442678687155664, 0.17935359707568527, 0.3035906767092403], [0.21776299366068652, 0.2798035680403768, 0.26033064340016726, 0.24210279489876932], [0.22244541895050232, 0.27843662374345945, 0.2170044904567772, 0.2821134668492611], [0.22505406751443138, 0.2826526229863251, 0.21966628798471605, 0.27262702151452756], [0.21783050152837458, 0.28794666178932654, 0.17293798425806298, 0.3212848524242358], [0.26723224478536406, 0.26817503963574846, 0.1628106004085812, 0.3017821151703065], [0.269214538000317, 0.27757890322996703, 0.14540502812145734, 0.3078015306482585], [0.23178885409012956, 0.2759501796886056, 0.18314701304691633, 0.30911395317434837], [0.23186347018806472, 0.27953872522586193, 0.17536364619337622, 0.313234158392697], [0.28556393980086137, 0.2771792291526792, 0.09605218530342761, 0.34120464574303183], [0.21865644738397072, 0.28207640356253405, 0.23880652576089612, 0.2604606232925991], [0.23467341699670813, 0.274398389605435, 0.2192455795817667, 0.2716826138160897], [0.268514099801739, 0.2713180454616784, 0.1577162192463832, 0.3024516354901994], [0.24271039591258384, 0.2693566884921229, 0.2007006432394642, 0.2872322723558291], [0.3050921976620074, 0.2672271120772747, 0.09477275490583988, 0.33290793535487817], [0.28139633362734934, 0.27439156193680153, 0.11245087786539154, 0.3317612265704575], [0.21381275509591574, 0.28055854870320335, 0.2664744412111392, 0.23915425498974152], [0.23654680556812396, 0.28067962558266735, 0.15311834051675335, 0.32965522833245536], [0.24024074612304164, 0.27212413862638146, 0.1855675608815444, 0.3020675543690326], [0.2662903246829636, 0.27627114210986725, 0.16629285185428483, 0.29114568135288416], [0.25130803364401283, 0.2792570177876228, 0.15528397258613993, 0.3141509759822242], [0.23096826030142464, 0.2750934723622988, 0.21363504533073732, 0.2803032220055393], [0.23920317122421048, 0.275846965757641, 0.22994542347510605, 0.2550044395430426], [0.2232747690180219, 0.2733768640223012, 0.270069184922342, 0.23327918203733453], [0.22939311402350285, 0.2689789288045076, 0.22399388153739522, 0.27763407563459447], [0.21478371562378037, 0.2738309705361017, 0.2782789488462341, 0.23310636499388382], [0.2721928952105763, 0.2673562092613054, 0.17646307934202757, 0.2839878161860908], [0.26678172814962836, 0.2755540378717571, 0.22307258909112285, 0.23459164488749157], [0.22052389791685395, 0.28151367209584255, 0.26242865999871207, 0.2355337699885912], [0.2970851260072727, 0.2735495262080969, 0.08478709361236238, 0.344578254172268], [0.28047407023784526, 0.28151325353793405, 0.17197337937085178, 0.2660392968533688], [0.26559348479003353, 0.27874729870481013, 0.13915445428695766, 0.31650476221819857], [0.2683998023956452, 0.2799494712211826, 0.13743120602036926, 0.3142195203628032], [0.24088202882389614, 0.27514535488585035, 0.17766515291219187, 0.30630746337806164], [0.19960155590970988, 0.27673333668774647, 0.24202625400917951, 0.2816388533933642], [0.2535582314034706, 0.2842900283639137, 0.11698633618703418, 0.3451654040455814], [0.21522424127103296, 0.2914735200247022, 0.19553718420971175, 0.29776505449455337], [0.2823148703548894, 0.2648039810206931, 0.15012661156237408, 0.30275453706204314], [0.24133452232722608, 0.2781564116705248, 0.1797101777774613, 0.30079888822478795], [0.24877069185197037, 0.2746896221668397, 0.20999912067909937, 0.26654056530209064], [0.272376406629438, 0.2688129123273099, 0.1464906221107332, 0.3123200589325191], [0.2135598087193256, 0.2781817541811018, 0.28148725202797537, 0.22677118507159735], [0.2625458045832276, 0.28778772699498034, 0.1312158568016798, 0.31845061162011223], [0.2505398676641045, 0.27047180971851126, 0.1948429581066052, 0.2841453645107792], [0.304251185955607, 0.2656782090002488, 0.11394205956454098, 0.31612854547960334], [0.22844349601702302, 0.27647114245825183, 0.2233438787860345, 0.2717414827386908], [0.2442332045606015, 0.2738694844597311, 0.1806409022422876, 0.3012564087373795], [0.18874156965350863, 0.28499314825633526, 0.24761952958954075, 0.2786457525006154], [0.23313493804311533, 0.26749632437773546, 0.26391471837107106, 0.23545401920807824], [0.2579957471878065, 0.271685078344457, 0.21741308142515725, 0.2529060930425791], [0.26173371477426133, 0.2865377326999117, 0.1115086251526138, 0.3402199273732134], [0.27892168537414463, 0.27518052256699926, 0.1238479384322151, 0.3220498536266409], [0.20280031408870267, 0.291169472861098, 0.1905154233478667, 0.3155147897023325], [0.2397706856677505, 0.27550593456370875, 0.17507616793812736, 0.3096472118304134], [0.2182523943097591, 0.28566588581373886, 0.2205752283477993, 0.2755064915287027], [0.2705223380209292, 0.27168030862585707, 0.16525862106176623, 0.2925387322914474], [0.26789465698541975, 0.27926305223962183, 0.13814056499175842, 0.3147017257832], [0.2686415666420414, 0.27506870300902136, 0.16319009171570498, 0.29309963863323246], [0.2612999471695138, 0.27340273117454367, 0.15565622656238998, 0.30964109509355264], [0.21723122723669974, 0.27540417798237654, 0.21413330673201617, 0.2932312880489075], [0.2583824561158349, 0.2704003024480038, 0.17959153794062585, 0.2916257034955356], [0.2524223296311937, 0.28005995203048656, 0.24126431235261978, 0.22625340598569998], [0.24122811211261316, 0.2830763543353633, 0.15983090446464304, 0.3158646290873804], [0.290662833387907, 0.26851844813492165, 0.11487614619176631, 0.32594257228540524], [0.17187301299392618, 0.2916621302737732, 0.2341597273407993, 0.30230512939150095], [0.2882272051062706, 0.2741711896468782, 0.09635609372942665, 0.3412455115174245], [0.2784286555879935, 0.2710070178636334, 0.12683014411881693, 0.3237341824295564], [0.285467602760475, 0.27499005349624617, 0.12320866441291094, 0.31633367933036804], [0.26089791123182493, 0.2688813213502148, 0.15992554958395602, 0.31029521783400443], [0.19683339119165305, 0.291825049920803, 0.30118226223255723, 0.21015929665498675], [0.2518856246424094, 0.27110544349021537, 0.16278838959239278, 0.3142205422749824], [0.2773578979452295, 0.2717882792102312, 0.1582545612492661, 0.2925992615952731], [0.2707349919478672, 0.276716860109973, 0.1538553205619314, 0.2986928273802283], [0.2048738222042003, 0.29298889483131013, 0.27509154129135654, 0.22704574167313318], [0.28425084147359614, 0.2691877649375931, 0.11961582997204968, 0.3269455636167607], [0.284398597342058, 0.2726008863828428, 0.11666327774839934, 0.3263372385266997], [0.261562223834476, 0.28256038869295635, 0.13254259535968313, 0.3233347921128846], [0.22994622951024726, 0.2727166715157434, 0.20938742170660024, 0.28794967726740883], [0.142445565074373, 0.2992770328692768, 0.31459579961752754, 0.2436816024388227], [0.2193284305639971, 0.2839507404509979, 0.2576873134230714, 0.23903351556193358], [0.2014739451388808, 0.28109333542922926, 0.20952745130854564, 0.30790526812334434], [0.20413140615026848, 0.2853524852416051, 0.28714224968237273, 0.2233738589257535], [0.26884929472899444, 0.27377713843954576, 0.14386413331810377, 0.3135094335133562], [0.2360945696304337, 0.27225823101043195, 0.1941416267036688, 0.29750557265546573], [0.26340535254369274, 0.27722383435859266, 0.1440502774265706, 0.3153205356711439], [0.28010071714549745, 0.2729557241628324, 0.10558696913298529, 0.34135658955868486], [0.27445208521481196, 0.2707797894256806, 0.13904578643327503, 0.3157223389262325], [0.2945354310993344, 0.2609536603917124, 0.13492819964095862, 0.3095827088679948], [0.2775290976531586, 0.2803467835523727, 0.09971576035309469, 0.34240835844137396], [0.2323226235436671, 0.2847768533967611, 0.1474931323928006, 0.3354073906667713], [0.2676204077149363, 0.27332747398613233, 0.1362531449374895, 0.3227989733614417], [0.2089731291466077, 0.27076139171119395, 0.25203714328198334, 0.2682283358602149]]}}