{"test": {"ids": ["105117351", "99108890", "99111340", "101112201", "102109840", "98116500", "111117200", "110121720", "112116290", "110118161", "110120700", "97116790", "98107380", "113122650", "100116500", "111114321", "103112470", "103110840", "99109910", "112116640", "112116990", "97106820", "111116170", "102110750", "101108621", "109120621", "112118471", "105119550", "111115620", "97116500", "98111620", "112119610", "113117550", "110118111", "109119591", "104113210", "97106600", "101112160", "98108970", "104113190", "111121220", "111115780", "107114280", "113118231", "109118701", "112118530", "111116290", "110121450", "106114150", "111116411", "109113591", "113122120", "110118450", "110118810", "97112300", "100120010", "106114011", "110118630", "103110760", "99109311", "100113210", "112117660", "100111080", "105113210", "112117780", "104109311", "104111780", "113120830", "113119950", "108113480", "108116481", "110115580", "109115070", "106116370", "101114990", "106118520", "113122150", "110121170", "109119010", "103111480", "104111531", "108117610", "111117000", "112119580", "108117360", "100116790", "102109910", "97107821", "108114670", "111114171", "97105960", "108114040", "113121190", "104114240", "105112130", "106118161", "113119300", "111116750", "111116530", "105112260", "109116930", "98110710", "110117140", "105115380", "108120700", "104111711", "99109161", "100109000", "97106770", "110118930", "109115380", "103111170", "102116500", "109117080", "113118490", "99110050", "111116100", "99114890", "109114720", "98106111", "108114180", "113117401", "113122190", "103111110", "99107950", "112119500", "107117630", "97106591", "111121410", "111117571", "98111670", "101111310", "98112170", "105117200", "107120010", "99120010", "101108580", "112118421", "100109980", "97105580", "104111830", "110120560"], "labels": [0, 0, 1, 0, 2, 2, 0, 3, 0, 0, 2, 2, 1, 2, 2, 1, 1, 1, 2, 0, 0, 1, 0, 1, 0, 1, 1, 1, 1, 2, 3, 0, 3, 1, 0, 3, 3, 3, 3, 3, 3, 1, 3, 3, 3, 1, 2, 3, 1, 0, 3, 1, 0, 1, 2, 0, 1, 1, 1, 1, 0, 0, 0, 3, 0, 3, 3, 3, 0, 0, 0, 1, 0, 2, 3, 2, 2, 2, 3, 0, 0, 3, 0, 3, 1, 2, 2, 2, 3, 3, 2, 0, 1, 0, 1, 3, 1, 3, 3, 3, 0, 2, 3, 1, 2, 1, 3, 1, 3, 1, 3, 2, 1, 1, 1, 3, 3, 2, 0, 0, 1, 3, 1, 3, 1, 2, 0, 1, 0, 3, 1, 3, 3, 3, 1, 2, 0, 3, 1, 1, 3, 0], "predicted_labels": [1, 1, 1, 0, 1, 0, 3, 3, 0, 1, 3, 3, 0, 1, 2, 1, 3, 1, 1, 1, 3, 1, 0, 1, 0, 1, 1, 1, 1, 3, 1, 1, 1, 0, 3, 3, 1, 1, 1, 3, 3, 3, 1, 3, 1, 1, 3, 1, 0, 0, 3, 1, 3, 3, 3, 3, 1, 1, 3, 0, 1, 3, 3, 3, 3, 3, 0, 3, 3, 3, 1, 3, 3, 3, 1, 3, 3, 1, 3, 0, 0, 1, 2, 3, 3, 1, 3, 0, 1, 1, 3, 1, 1, 1, 1, 0, 1, 3, 3, 3, 0, 1, 3, 3, 0, 0, 1, 3, 3, 1, 1, 0, 3, 1, 3, 3, 3, 1, 3, 3, 1, 1, 1, 1, 1, 1, 0, 1, 1, 1, 3, 3, 3, 0, 1, 3, 0, 3, 3, 1, 3, 0], "confidence_scores": [[0.28080934343434344, 0.2876231962481962, 0.1479319985569986, 0.2836354617604618], [0.26486814574314577, 0.31832323232323245, 0.16238057775557774, 0.25442804417804415], [0.22891641691641695, 0.26798473544429424, 0.2391630750785162, 0.26393577256077255], [0.3448434343434345, 0.24848268398268403, 0.1537032828282828, 0.2529705988455989], [0.21195712620712623, 0.3110894105894106, 0.20522456709956705, 0.2717288961038962], [0.3181136363636365, 0.1837962315462315, 0.18091229603729603, 0.31717783605283606], [0.24687416749916757, 0.25770460095460096, 0.16867334054834054, 0.3267478909978909], [0.2764517635142637, 0.2671189227439228, 0.16541491841491837, 0.2910143953268954], [0.42799143217893215, 0.23282016594516602, 0.13827417027417024, 0.2009142316017316], [0.2856654595404596, 0.30753989066489074, 0.12552265789765785, 0.2812719918969919], [0.2197760711510712, 0.2659631202131202, 0.18955176767676776, 0.32470904095904096], [0.21931718281718277, 0.2356528055278056, 0.23622807747807748, 0.30880193417693425], [0.382027201964702, 0.19406616994116996, 0.1548069708069708, 0.26909965728715735], [0.21483180014430023, 0.29139780154486045, 0.20905212842712842, 0.2847182698837111], [0.18891973304473308, 0.2484164862914864, 0.2956767676767678, 0.26698701298701294], [0.26858261183261173, 0.31884668109668113, 0.1428203463203463, 0.26975036075036074], [0.19459576534576528, 0.2739259698634699, 0.24192422161172167, 0.28955404317904315], [0.2037545093795094, 0.30371302308802306, 0.19850721500721502, 0.2940252525252525], [0.22516834554334564, 0.2949115884115885, 0.19316303141303137, 0.28675703463203456], [0.24142290756629003, 0.301469897341221, 0.1836417577520519, 0.2734654373404373], [0.22314619408369402, 0.2841917388167388, 0.16026533189033182, 0.3323967352092352], [0.258029095904096, 0.2988639416139416, 0.16354725829725825, 0.2795597041847041], [0.316910062160062, 0.2701416361416362, 0.15141000666000662, 0.26153829503829507], [0.18992009379509386, 0.29910106560106575, 0.22798587523587524, 0.28299296536796553], [0.3044362304362303, 0.292086274836275, 0.14447641247641244, 0.2590010822510823], [0.2698660644910644, 0.28536825674325683, 0.16028324453324452, 0.28448243423243424], [0.26193818681318687, 0.28636281773781774, 0.17593073593073594, 0.2757682595182596], [0.2827453102453103, 0.29308614996115007, 0.1335127095127095, 0.2906558302808303], [0.2820361305361305, 0.31279791042291033, 0.1826401515151515, 0.22252580752580756], [0.26804643967143976, 0.2613632478632478, 0.19560775335775332, 0.27498255910755903], [0.18990663503163507, 0.2893074148074149, 0.24227801365301363, 0.27850793650793654], [0.1939920634920635, 0.31871281088192843, 0.1870239156268568, 0.3002712099991512], [0.21300878288378286, 0.29773786425992305, 0.20483782394076516, 0.28441552891552896], [0.3381248751248752, 0.2937162143412144, 0.14121969696969697, 0.2269392135642136], [0.27720682095682103, 0.2753139499389499, 0.16033852952602953, 0.2871406995781996], [0.2493821456321456, 0.22968316405816402, 0.2290674603174602, 0.29186722999222997], [0.2554386030636031, 0.27693888056388066, 0.19318019480519483, 0.27444232156732157], [0.2415781024531025, 0.3025682650682651, 0.16123074148074157, 0.294622890997891], [0.15847305472305467, 0.32574639249639253, 0.23648581973581964, 0.2792947330447331], [0.20194630369630373, 0.2366713286713286, 0.2027102480852481, 0.35867211954711964], [0.24193797868797864, 0.2752612387612388, 0.1896494061494062, 0.2931513764013765], [0.20340891053391058, 0.27311706349206366, 0.22334848484848493, 0.3001255411255413], [0.21473593073593075, 0.32898747086247093, 0.18728098290598286, 0.26899561549561546], [0.2619850704850706, 0.2732793040293041, 0.1708990176490176, 0.2938366078366079], [0.26195535714285717, 0.30130019980019984, 0.15617875180375176, 0.2805656912531913], [0.25392229992229987, 0.34712475514681396, 0.16186439948939946, 0.23708854544148672], [0.22089430014430017, 0.2349047619047621, 0.21761688311688307, 0.32658405483405484], [0.23343759018759008, 0.29293367743367743, 0.184900752025752, 0.2887279803529804], [0.3147155483405484, 0.2447759046509048, 0.2009116855366856, 0.23959686147186152], [0.3527313519813521, 0.20022233322233324, 0.165400197025197, 0.2816461177711178], [0.22144276556776565, 0.26563386613386625, 0.1887879897879898, 0.3241353785103785], [0.2356462634587635, 0.3236059912309912, 0.18327398989898996, 0.2574737554112554], [0.21926236263736268, 0.27378533966033974, 0.17973763736263734, 0.3272146603396604], [0.26796210733710735, 0.29210612998113006, 0.10543412837162836, 0.33449763431013435], [0.2544605255855257, 0.2560625485625486, 0.17475567488067484, 0.31472125097125114], [0.25791414141414143, 0.2291239177489178, 0.18966720779220775, 0.32329473304473294], [0.24609722222222227, 0.30670541958041964, 0.2006824703074703, 0.24651488788988804], [0.21997744820538945, 0.3083336516424752, 0.21623826745150276, 0.25545063270063273], [0.2432356462981464, 0.26005670718170715, 0.22384013209013218, 0.27286751443001456], [0.27277355977355994, 0.26607972582972594, 0.19406116106116106, 0.2670855533355533], [0.21292975080475082, 0.3047990897990898, 0.2087592546342546, 0.2735119047619049], [0.2696800421800422, 0.24427700567406452, 0.15491480741480737, 0.3311281447310861], [0.2718174603174605, 0.24589917027417027, 0.1976046176046176, 0.28467875180375185], [0.250017551892552, 0.23846241258741274, 0.22298450160950153, 0.28853553391053394], [0.2940165112665112, 0.22611910311910322, 0.17033308358308352, 0.30953130203130214], [0.25784776334776344, 0.24274492174492174, 0.15913840326340323, 0.3402689116439117], [0.3796626984126985, 0.24621013708513712, 0.1624464285714286, 0.211680735930736], [0.2042165612165612, 0.285871794871795, 0.18904124347874351, 0.3208704004329006], [0.23494891913641916, 0.2689117687867689, 0.15176086413586412, 0.3443784479409481], [0.2145425685425686, 0.27512518037518036, 0.2343778860028858, 0.27595436507936516], [0.26961724386724395, 0.3440995670995672, 0.12550126262626266, 0.26078192640692655], [0.26377404539904536, 0.2600986235986236, 0.1888460012210013, 0.2872813297813297], [0.2571540404040405, 0.25127224164724177, 0.18517310467310463, 0.3064006132756135], [0.30978263403263406, 0.2018186396936397, 0.15689133089133087, 0.3315073953823955], [0.21067156454656458, 0.31208429070929083, 0.21482076257076257, 0.2624233821733821], [0.18873899711399705, 0.22835575535575536, 0.2796678182928182, 0.30323742923742925], [0.24052602258852254, 0.2650177322677325, 0.19698047785547787, 0.29747576728826736], [0.2465352147852149, 0.3134743361213949, 0.1668812943592355, 0.27310915473415476], [0.16317345154845153, 0.296167748917749, 0.23848465423465423, 0.3021741452991453], [0.3048162115662116, 0.2613135475635476, 0.14148777611277608, 0.2923824647574648], [0.3473336247086249, 0.26137574925074925, 0.14313983238983236, 0.2481507936507936], [0.19875066600066604, 0.30164964202464206, 0.19826467976467985, 0.30133501221001224], [0.18201904549698675, 0.2389896533205357, 0.3139516186427951, 0.26503968253968263], [0.2157036435786436, 0.19225901875901877, 0.25485028860028863, 0.33718704906204905], [0.22451676101676102, 0.2578485542235543, 0.22351971639471638, 0.29411496836496837], [0.20759276834276835, 0.305207930957931, 0.2349142662892663, 0.2522850344100345], [0.26172680097680096, 0.24909025696525702, 0.18786663336663342, 0.3013163086913088], [0.3190920745920746, 0.2585708735708736, 0.1823511211011211, 0.23998593073593072], [0.22796454240204247, 0.308357683982684, 0.19099181374181362, 0.27268595987345995], [0.27681114718614735, 0.2896594655344656, 0.16851935564435563, 0.26501003163503173], [0.21659824203574207, 0.23250906038406038, 0.22323176129426134, 0.3276609362859365], [0.2444018759018759, 0.27656579531579534, 0.22474700299700298, 0.2542853257853258], [0.2426944444444445, 0.29367063492063494, 0.21079166666666668, 0.25284325396825413], [0.22531759906759904, 0.2824411213786215, 0.23447220834720833, 0.25776907120657133], [0.16945256132756137, 0.30744397759103637, 0.24760135207929324, 0.2755021090021092], [0.3160599539349539, 0.2954233960483962, 0.14484686147186143, 0.2436697885447886], [0.22800739538239537, 0.3217252886002886, 0.15886381673881672, 0.2914034992784993], [0.2863878066378068, 0.26136399711399716, 0.1480598845598845, 0.3041883116883117], [0.20749615662115659, 0.2636384032634033, 0.23204175685425682, 0.2968236832611833], [0.19582900432900438, 0.3000557636807638, 0.18459637584637587, 0.31951885614385617], [0.32774603174603173, 0.27808537296037295, 0.13024999999999998, 0.26391859529359535], [0.21000365606615604, 0.31942857142857145, 0.20829740398490407, 0.26227036852036856], [0.26454814629814627, 0.23194137806637816, 0.18126282051282053, 0.32224765512265513], [0.23424476911976908, 0.22127505827505828, 0.26975957375957377, 0.2747205988455989], [0.43462133699633704, 0.2578894300144301, 0.12362806637806634, 0.18386116661116664], [0.2771574675324676, 0.2664548507048507, 0.1949098262848263, 0.2614778554778555], [0.2606908924408924, 0.33190164002663997, 0.1631154401154401, 0.24429202741702746], [0.1916511544011544, 0.27244212731712736, 0.2602272380397379, 0.27567948024198013], [0.23649218836718852, 0.2448412004662005, 0.25849200799200794, 0.2601746031746031], [0.22249103674103676, 0.28181818181818175, 0.22710467310467317, 0.2685861083361085], [0.18218829781329793, 0.3136578144078144, 0.2162426462426463, 0.28791124153624165], [0.3547844377844378, 0.25682783882783883, 0.13934450271950274, 0.24904322066822068], [0.17854527417027416, 0.2890343267843269, 0.22171844821844813, 0.3107019508269509], [0.2259460678210679, 0.3445753274503275, 0.19589232989232985, 0.2335862748362749], [0.230969807969808, 0.28541064491064483, 0.14936598124098124, 0.33425356587856586], [0.23489965589965586, 0.2629039155289157, 0.19719204406704408, 0.30500438450438466], [0.2431435647685648, 0.2667651515151517, 0.16492236929736925, 0.32516891441891455], [0.16695869408369413, 0.30084289321789326, 0.2617919768140357, 0.270406435884377], [0.197119227994228, 0.28005874680874676, 0.19198989898989896, 0.33083212620712615], [0.26164814352314364, 0.2594244227994228, 0.17967202242202238, 0.29925541125541116], [0.18283970890220888, 0.31884346209346204, 0.20788253413253407, 0.29043429487179484], [0.27450420412920423, 0.29658109945609945, 0.18825937950937946, 0.2406553169053169], [0.24766788766788772, 0.303097132034632, 0.2086288780663781, 0.24060610223110224], [0.19279527417027414, 0.31207113719613727, 0.2143315573315573, 0.2808020313020313], [0.17114894827394825, 0.3774545454545455, 0.23550815850815848, 0.21588834776334778], [0.1917633477633477, 0.33400523088023076, 0.2367108585858586, 0.23752056277056272], [0.2985390512265512, 0.23225519619269616, 0.18179273504273502, 0.28741301753801757], [0.23220067432567432, 0.2956520285270285, 0.2712311854811855, 0.2009161116661117], [0.2422480991230992, 0.2944869436119435, 0.1763877095127095, 0.2868772477522479], [0.2601041319791321, 0.30122760572760576, 0.15877072927072924, 0.27989753302253306], [0.20763720307470318, 0.2555154498279499, 0.22526336163836166, 0.3115839854589854], [0.21319264069264077, 0.23293879731379735, 0.2515643592518593, 0.3023042027417027], [0.3215376984126984, 0.20276388888888897, 0.13900360750360752, 0.3366948051948053], [0.27065687784437786, 0.2688148518148518, 0.21476807914307916, 0.24576019119769124], [0.17306096681096683, 0.3290845543345544, 0.22819971694971705, 0.26965476190476195], [0.2870227272727273, 0.24787987012987014, 0.17047710622710624, 0.29462029637029646], [0.35915465090465076, 0.1822262182262182, 0.14935464535464527, 0.30926448551448554], [0.25214852508602503, 0.2607184412809413, 0.17972827172827174, 0.30740476190476196], [0.23206601731601734, 0.2588416305916306, 0.23413005050505042, 0.2749623015873016], [0.2743545621045621, 0.3158164890664891, 0.20823225385725397, 0.201596694971695], [0.23455212842712847, 0.27324810606060607, 0.21082574370074383, 0.2813740218115219], [0.3139883172383172, 0.2307304570429572, 0.20303699772449776, 0.25224422799422797]]}, "rewritten": {"ids": ["97105580", "97105960", "97106591", "97106600", "97106770", "97106820", "97107821", "97112300", "97116500", "97116790", "98106111", "98107380", "98108970", "98110710", "98111620", "98111670", "98112170", "98116500", "99107950", "99108890", "99109161", "99109311", "99109910", "99110050", "99111340", "99114890", "99120010", "100109000", "100109980", "100111080", "100113210", "100116500", "100116790", "100120010", "101108580", "101108621", "101111310", "101112160", "101112201", "101114990", "102109840", "102109910", "102110750", "102116500", "103110760", "103110840", "103111110", "103111170", "103111480", "103112470", "104109311", "104111531", "104111711", "104111780", "104111830", "104113190", "104113210", "104114240", "105112130", "105112260", "105113210", "105115380", "105117200", "105117351", "105119550", "106114011", "106114150", "106116370", "106118161", "106118520", "107114280", "107117630", "107120010", "108113480", "108114040", "108114180", "108114670", "108116481", "108117360", "108117610", "108120700", "109113591", "109114720", "109115070", "109115380", "109116930", "109117080", "109118701", "109119010", "109119591", "109120621", "110115580", "110117140", "110118111", "110118161", "110118450", "110118630", "110118810", "110118930", "110120560", "110120700", "110121170", "110121450", "110121720", "111114171", "111114321", "111115620", "111115780", "111116100", "111116170", "111116290", "111116411", "111116530", "111116750", "111117000", "111117200", "111117571", "111121220", "111121410", "112116290", "112116640", "112116990", "112117660", "112117780", "112118421", "112118471", "112118530", "112119500", "112119580", "112119610", "113117401", "113117550", "113118231", "113118490", "113119300", "113119950", "113120830", "113121190", "113122120", "113122150", "113122190", "113122650"], "labels": [1, 2, 1, 3, 3, 1, 2, 2, 2, 2, 0, 1, 3, 2, 3, 1, 3, 2, 1, 0, 3, 1, 2, 3, 1, 2, 2, 1, 1, 0, 0, 2, 2, 0, 0, 0, 3, 3, 0, 3, 2, 2, 1, 1, 1, 1, 3, 2, 0, 1, 3, 0, 1, 3, 3, 3, 3, 0, 1, 3, 3, 1, 3, 0, 1, 1, 1, 2, 3, 2, 3, 0, 1, 0, 0, 1, 3, 0, 1, 3, 2, 3, 0, 0, 3, 0, 1, 3, 3, 0, 1, 1, 3, 1, 0, 0, 1, 1, 1, 0, 2, 2, 3, 3, 3, 1, 1, 1, 3, 0, 2, 0, 3, 3, 0, 0, 3, 3, 0, 0, 0, 0, 0, 0, 3, 1, 1, 2, 3, 0, 3, 3, 3, 1, 1, 0, 3, 1, 1, 2, 1, 2], "predicted_labels": [1, 0, 1, 1, 1, 1, 1, 0, 3, 2, 3, 0, 1, 1, 1, 3, 3, 3, 1, 3, 0, 1, 1, 0, 1, 1, 1, 1, 3, 3, 3, 1, 1, 3, 3, 0, 1, 1, 3, 1, 0, 3, 1, 1, 3, 1, 1, 0, 1, 0, 3, 0, 0, 0, 1, 1, 1, 1, 1, 3, 3, 1, 1, 0, 1, 1, 1, 3, 1, 3, 1, 0, 1, 3, 3, 1, 3, 1, 1, 1, 0, 1, 1, 0, 1, 0, 1, 1, 3, 0, 0, 1, 3, 0, 0, 1, 1, 3, 1, 0, 3, 0, 1, 1, 0, 0, 1, 3, 1, 1, 3, 0, 3, 3, 0, 3, 0, 1, 1, 0, 2, 3, 3, 3, 1, 0, 1, 0, 0, 2, 0, 3, 1, 3, 1, 3, 3, 1, 1, 3, 3, 3], "confidence_scores": [[0.3017250527250528, 0.30282911532911533, 0.20189477189477195, 0.19355106005106004], [0.30191640304140316, 0.21544834332334337, 0.19794944638694636, 0.2846858072483072], [0.2820903818403818, 0.29301319513819507, 0.1940152902652902, 0.23088113275613276], [0.25385019841269846, 0.28491233766233776, 0.20397339466089462, 0.2572640692640693], [0.2591975108225109, 0.28716504329004333, 0.2130225468975469, 0.24061489898989896], [0.27260776723276725, 0.31601777389277386, 0.16153932178932182, 0.24983513708513713], [0.2700618964368966, 0.288933947996448, 0.18484543928293928, 0.2561587162837164], [0.3238465423465425, 0.2242673437673438, 0.2011997308247307, 0.2506863830613831], [0.24309199134199136, 0.2589078282828283, 0.228367784992785, 0.2696323953823953], [0.22141946248196248, 0.2642239912864913, 0.2692690642690643, 0.24508748196248198], [0.2608543123543124, 0.2565197718947719, 0.18554118104118103, 0.2970847347097348], [0.379568722943723, 0.2289272116772118, 0.15414783827283826, 0.23735622710622714], [0.15927639027639023, 0.343193833943834, 0.26562869769119773, 0.23190107808857807], [0.2057220279720279, 0.32627687590187593, 0.2565184676434678, 0.21148262848262842], [0.18269769119769122, 0.31861278998779013, 0.2669394633144633, 0.2317500555000556], [0.2546052281052282, 0.22254677267177275, 0.23938637751137753, 0.28346162171162154], [0.28572119547119557, 0.19870514208014212, 0.20207324619824618, 0.31350041625041636], [0.2957547452547453, 0.21343344155844154, 0.18848679098679097, 0.3023250222000223], [0.12742747530247525, 0.33264896214896206, 0.3012805250305249, 0.23864303751803753], [0.2569785353535353, 0.2865498390498391, 0.1558983793983794, 0.3005732461982462], [0.3014310273060273, 0.2645748556998557, 0.18532041569541569, 0.2486737012987014], [0.2899860417360417, 0.29666239316239307, 0.1703169191919192, 0.243034645909646], [0.24023106060606061, 0.2937176573426573, 0.18183609446109447, 0.28421518759018755], [0.32946481296481295, 0.22703592241092246, 0.1939323454323454, 0.24956691919191923], [0.22532700632700628, 0.31861598817848824, 0.21418117299367304, 0.24187583250083253], [0.22920289432789442, 0.2786658668129256, 0.23229375689669823, 0.2598374819624821], [0.24508654539904545, 0.2582022699522699, 0.2445797258297259, 0.25213145881895893], [0.22732771395271395, 0.28535490897990895, 0.20436740342990348, 0.28294997363747365], [0.20681204906204909, 0.2641405865376454, 0.2612359307359308, 0.2678114336643749], [0.22514663114663114, 0.2551936396936398, 0.2329134684759684, 0.2867462606837607], [0.24213544788544783, 0.2730676406926407, 0.20326931401931392, 0.28152759740259753], [0.2550223665223666, 0.2618603896103897, 0.2406565656565657, 0.24246067821067818], [0.1812462121212121, 0.29214076201576206, 0.2819090354090354, 0.24470399045399052], [0.2759563492063492, 0.18709000721500715, 0.24020093795093797, 0.29675270562770567], [0.2560150821400821, 0.21572068209568207, 0.19824565712065706, 0.3300185786435788], [0.33312103174603175, 0.24322276334776352, 0.16937049062049062, 0.25428571428571434], [0.21821794871794883, 0.28205763680763685, 0.2331547480297481, 0.26656966644466645], [0.20934927572427575, 0.30889929025223134, 0.19006121248033012, 0.2916902215431627], [0.25718986568986574, 0.2759291680541682, 0.1731461732711732, 0.29373479298479305], [0.24821690809190805, 0.293599247974248, 0.21835371572871576, 0.2398301282051283], [0.29768387168387167, 0.25479754967254975, 0.2017703823953823, 0.2457481962481963], [0.28310805860805854, 0.23486123598623596, 0.18581540681540687, 0.29621529859029866], [0.20337688006438012, 0.33878432678432696, 0.23385010128760136, 0.22398869186369189], [0.2186255966255967, 0.29485730935730947, 0.20400717338217333, 0.2825099206349207], [0.2592641594516596, 0.2204607337107337, 0.21934396159396166, 0.3009311452436453], [0.2622521506271507, 0.3181447233322234, 0.1714152861027861, 0.2481878399378401], [0.2404389776889777, 0.28580447330447334, 0.23371933621933613, 0.24003721278721277], [0.3151927516927516, 0.24984397546897558, 0.16102874902874906, 0.2739345238095239], [0.27006565656565656, 0.2875227272727274, 0.18063204850704845, 0.2617795676545677], [0.28414380064380057, 0.2488601467976469, 0.19177946359196363, 0.275216588966589], [0.24225023587523595, 0.21871939171939175, 0.22480526418026414, 0.31422510822510824], [0.31262834387834393, 0.2743662587412588, 0.14673214285714287, 0.2662732545232547], [0.28834722222222214, 0.24778794816294816, 0.1839920634920635, 0.2798727661227662], [0.29972630147630147, 0.22280266955266959, 0.24985955710955707, 0.22761147186147196], [0.23292146048396054, 0.2975239343989346, 0.1861389305139304, 0.2834156746031747], [0.24000468975468972, 0.2970438311688312, 0.19222168109668109, 0.27072979797979807], [0.25224909812409807, 0.31393145743145756, 0.18793253968253965, 0.24588690476190472], [0.24158276445776436, 0.27731734237984235, 0.20669660894660896, 0.2744032842157842], [0.2312561327561328, 0.28795225607725633, 0.25009067321567324, 0.23070093795093805], [0.19331709956709958, 0.321736138861139, 0.15944828782328782, 0.3254984737484738], [0.25762289099789093, 0.2459326506826506, 0.2149843212343212, 0.28146013708513723], [0.2492336413586414, 0.27190934065934086, 0.2564713758463759, 0.22238564213564227], [0.20589849733599727, 0.27694578338328346, 0.25530941280941283, 0.2618463064713065], [0.31592879342879354, 0.25611757686757686, 0.20117483904983896, 0.2267787906537907], [0.22875865800865808, 0.3127925685425686, 0.18849080086580083, 0.2699579725829727], [0.246547619047619, 0.33683802308802313, 0.20461141636141633, 0.21200294150294152], [0.22861144411144413, 0.2720190503940504, 0.24795909645909645, 0.2514104090354091], [0.2648653291153292, 0.24202881840381843, 0.18783176545676544, 0.3052740870240871], [0.30124537962037967, 0.3070123210123211, 0.13672150072150072, 0.25502079864579874], [0.21879852092352084, 0.2650032467532467, 0.2509794372294373, 0.26521879509379515], [0.22489718614718623, 0.3276917804417805, 0.1739236596736596, 0.2734873737373738], [0.304035964035964, 0.24169684482184484, 0.17565223665223662, 0.27861495448995444], [0.2468969641469641, 0.27073119935619944, 0.22516207403707406, 0.25720976245976257], [0.2403041125541125, 0.2656807914307915, 0.19654233266733268, 0.29747276334776346], [0.272389985014985, 0.20766182428682428, 0.22055025530025532, 0.2993979353979355], [0.23182471694971704, 0.3084663392163393, 0.25876438838938826, 0.20094455544455553], [0.23228035159285165, 0.23965515040515048, 0.22033848096348088, 0.30772601703851715], [0.28276845376845383, 0.28589772727272733, 0.14822985347985346, 0.28310396547896555], [0.21726141913641916, 0.2865342157842159, 0.22538320707070714, 0.2708211580086581], [0.23420464257964266, 0.3500554861804864, 0.1762929431679431, 0.2394469280719282], [0.48992408979908975, 0.23851759351759358, 0.11116107503607499, 0.16039724164724162], [0.22288558663558666, 0.3090707625707626, 0.1807368881118881, 0.2873067626817628], [0.2316378066378067, 0.31466616716616713, 0.20884686147186154, 0.24484916472416465], [0.2679448370257194, 0.2577256624094861, 0.2371595871448814, 0.23716991341991342], [0.22399977106227098, 0.3388627344877345, 0.20317406204906213, 0.23396343240093237], [0.3477164502164502, 0.2211966089466089, 0.1263145743145743, 0.30477236652236656], [0.2229567099567099, 0.3022578671328671, 0.1969900932400932, 0.2777953296703298], [0.23074522005772002, 0.2980850122100123, 0.23215705128205127, 0.23901271645021652], [0.26298140748140747, 0.25248572261072266, 0.20096453546453558, 0.2835683344433345], [0.35376151626151625, 0.2413696997446998, 0.1535464119214119, 0.25132237207237207], [0.31778038628038635, 0.28359367021867027, 0.12182382894882895, 0.27680211455211456], [0.2570575813075813, 0.27265294427794423, 0.20763078588078593, 0.26265868853368857], [0.27235732323232315, 0.2521265540015541, 0.17695455932955936, 0.2985615634365634], [0.31845764652014663, 0.2496519036519037, 0.1264409618159618, 0.305449488011988], [0.3039384920634921, 0.2781602286602286, 0.14278950216450215, 0.2751117771117772], [0.2337550921300922, 0.30136910311910325, 0.17305157342657346, 0.2918242313242314], [0.269309953934954, 0.32816437728937714, 0.18492124542124544, 0.21760442335442334], [0.26039563908313906, 0.2798153166278167, 0.13026292457542454, 0.32952611971361967], [0.2691091963591964, 0.2720401542901543, 0.20307292707292718, 0.2557777222777224], [0.2948661477411477, 0.27133949383949396, 0.18506798756798756, 0.24872637085137092], [0.24564953102453102, 0.27326830808080804, 0.19284213702963704, 0.28824002386502384], [0.29336727161727166, 0.26288863913863914, 0.1832128427128427, 0.2605312465312465], [0.23852525252525247, 0.29232220557220556, 0.18540291652791654, 0.28374962537462545], [0.30494534632034637, 0.3092619602619603, 0.17638892357642355, 0.20940376984126982], [0.32900937950937953, 0.22581690531690538, 0.18485310522810525, 0.26032060994561], [0.2961549422799423, 0.25103932178932176, 0.186294733044733, 0.266511002886003], [0.27098596542346537, 0.2759639665889666, 0.1944700715950716, 0.2585799963924964], [0.2154449161949162, 0.257636655011655, 0.24361489898989902, 0.28330352980352985], [0.2515069583194583, 0.2844817682317683, 0.18888636363636357, 0.2751249098124099], [0.3023521062271061, 0.32335321622821633, 0.1588488039738039, 0.21544587357087358], [0.24846241952491954, 0.20921293983793987, 0.24431049506049513, 0.29801414557664563], [0.3392892177267178, 0.2506773851148852, 0.15938469169719166, 0.25064870546120543], [0.27085890498390497, 0.2782206543456544, 0.15483818958818957, 0.2960822510822511], [0.24891004828504829, 0.28766684704184703, 0.17261691780441774, 0.2908061868686869], [0.29713454600954603, 0.2933379398379399, 0.19787684537684538, 0.2116506687756688], [0.20558268120768122, 0.29004063991564005, 0.17521199633699638, 0.3291646825396828], [0.3237539890664893, 0.23516611166611173, 0.13802135364635362, 0.3030585456210457], [0.2655951132201133, 0.2993907530378118, 0.16343152190946306, 0.2715826118326119], [0.23677214452214443, 0.30045598845598837, 0.1660435259185259, 0.2967283411033412], [0.40973294760794765, 0.2515003885003885, 0.11624163336663336, 0.2225250305250305], [0.2264707098457098, 0.27607152569652577, 0.27919549894549894, 0.21826226551226555], [0.2581376262626263, 0.28752146464646466, 0.1445906385281385, 0.30975027056277055], [0.25968671606171617, 0.25972841047841055, 0.19804630092130093, 0.28253857253857256], [0.2583246614496615, 0.2583385087135088, 0.2069878038628039, 0.27634902597402594], [0.2587359168609169, 0.3049005439005439, 0.14572294372294373, 0.2906405955155955], [0.3040673493173494, 0.27460889110889103, 0.18778353590853583, 0.23354022366522367], [0.24683789821289814, 0.3332025058275058, 0.16483946608946606, 0.25512012987013], [0.25493831168831177, 0.25159565434565434, 0.2460877872127873, 0.2473782467532467], [0.28943688256188255, 0.20331859806859817, 0.22422545510045513, 0.28301906426906437], [0.18322189615939624, 0.2651066968162556, 0.2922889055389057, 0.2593825014854428], [0.32799206349206356, 0.26050324675324676, 0.19199951437451432, 0.2195051753801754], [0.2536139416139416, 0.26689435564435565, 0.1879361471861471, 0.2915555555555556], [0.2535373376623376, 0.3007248029748031, 0.19232967032967035, 0.25340818903318907], [0.22299181374181376, 0.2659963231213231, 0.21686363636363631, 0.29414822677322683], [0.2485914502164503, 0.29828787878787894, 0.20835209235209223, 0.2447685786435786], [0.26224419330669335, 0.26070510045510054, 0.17855146242646242, 0.298499243811744], [0.24586841630591647, 0.2643146575646575, 0.18978654678654686, 0.3000303793428795], [0.22740090465090465, 0.33062694250194263, 0.1822011877011877, 0.2597709651459652], [0.27246719252969265, 0.30084812409812406, 0.21337319624819626, 0.21331148712398723], [0.26902451021201024, 0.2742961760461761, 0.17896127483627478, 0.277718038905539], [0.22327732683982687, 0.23830350205350204, 0.24667236235986237, 0.29174680874680875], [0.24330683205683207, 0.24324296536796536, 0.25654291541791546, 0.2569072871572871]]}}