{"test": {"ids": ["98110810", "107113200", "106115120", "111116290", "98112580", "102121700", "99107560", "105113190", "111121930", "101108500", "101114990", "97116401", "111117480", "112118701", "111117000", "109116750", "112121430", "108113740", "107113130", "99109910", "103109791", "107113550", "98111620", "105115900", "112116451", "98120530", "110118181", "106118520", "101114020", "99109840", "104111990", "107113840", "109114270", "113122160", "102109850", "105111990", "99110050", "113122150", "103110760", "102114270", "113119360", "104117630", "103113270", "100110050", "109120621", "111119950", "103111110", "102109010", "109117630", "105115380", "103118110", "101112201", "109115211", "101108460", "113120280", "109116810", "110117080", "113121980", "113121410", "113117401", "99112641", "101108080", "102112170", "104113550", "108114180", "113122430", "112116290", "103120730", "102113210", "99108330", "105113330", "113122180", "100111380", "111120320", "111116100", "108113480", "107112850", "110114920", "105115570", "113118870", "112118550", "106121220", "99111000", "97113900", "113119320", "110118450", "110115890", "112118581", "107115140", "100107920", "107116340", "111119300", "109113281", "110121450", "113119450", "108116070", "111120540", "106113190", "106116370", "98111231", "98109570", "101112540", "99111440", "106119260", "110115710", "111115400", "103113260", "110118930", "107118820", "105112240", "108114040", "105113260", "98107210", "107118120", "97111790", "98107380", "108118301", "100116500", "99108890", "112116800", "107114280", "108117360", "112120990", "110113591", "111116750", "100108260", "110117200", "107113170", "106114011", "103120780", "111115910", "100111620", "113121680", "99108580", "100108580", "99119830", "107114780", "99116500", "103113170", "106113170", "103109641", "104119340"], "labels": [1, 0, 1, 2, 2, 1, 1, 3, 1, 3, 3, 3, 1, 0, 0, 0, 2, 3, 1, 2, 3, 0, 3, 3, 0, 1, 1, 2, 3, 2, 2, 3, 3, 3, 1, 2, 3, 2, 1, 3, 0, 0, 2, 3, 1, 0, 3, 1, 0, 1, 2, 0, 0, 0, 0, 3, 1, 2, 0, 3, 1, 0, 3, 1, 1, 2, 0, 1, 3, 1, 3, 2, 3, 1, 3, 0, 1, 3, 0, 0, 3, 1, 2, 2, 1, 0, 2, 1, 0, 0, 3, 1, 0, 3, 3, 1, 1, 0, 2, 1, 1, 2, 3, 1, 2, 0, 3, 1, 3, 1, 0, 3, 1, 3, 2, 1, 1, 2, 0, 0, 3, 1, 2, 0, 3, 3, 3, 0, 1, 1, 2, 3, 1, 0, 0, 1, 2, 2, 3, 0, 1, 1], "predicted_labels": [1, 0, 1, 1, 1, 1, 0, 3, 0, 1, 1, 3, 0, 3, 3, 1, 0, 0, 2, 2, 2, 2, 2, 0, 0, 3, 0, 3, 3, 1, 0, 1, 0, 1, 2, 0, 3, 0, 0, 1, 3, 0, 2, 1, 1, 0, 0, 1, 1, 3, 2, 2, 3, 3, 0, 3, 3, 3, 3, 2, 0, 0, 2, 0, 3, 1, 1, 0, 3, 1, 0, 3, 0, 0, 0, 3, 1, 1, 3, 0, 0, 0, 2, 0, 0, 2, 1, 2, 3, 0, 1, 3, 3, 3, 0, 2, 0, 0, 2, 1, 3, 1, 0, 0, 0, 1, 1, 1, 0, 3, 3, 1, 3, 1, 3, 3, 3, 1, 1, 3, 1, 1, 1, 0, 3, 1, 0, 1, 1, 1, 3, 0, 3, 0, 1, 2, 0, 2, 1, 1, 3, 3], "confidence_scores": [[5.873425082010712e-08, 0.9996197021359556, 0.0003802374523379693, 1.6774554462836137e-09], [0.9946477737611031, 1.5958018902648017e-06, 1.4033529399701838e-06, 0.0053492270840667135], [0.022044384688473976, 0.9747140364027334, 8.464382399792679e-09, 0.0032415704444101984], [0.15904897297043918, 0.6526800328052897, 0.18510717634291496, 0.003163817881356099], [3.0198467535529356e-05, 0.7513550545432435, 0.010612850297674961, 0.23800189669154612], [0.00045063710798777144, 0.9985872615229253, 0.0009610981612485768, 1.0032078382266883e-06], [0.7879806458152346, 0.19560678552132038, 9.021967471070782e-07, 0.016411666466697852], [0.04112998548875167, 0.0008216397861702858, 0.0029977402054430892, 0.955050634519635], [0.9822308332735809, 0.015948035143247125, 0.001162964316444444, 0.0006581672667274485], [1.7505801223474504e-07, 0.999980392298059, 1.916519700698074e-05, 2.6744692164002993e-07], [7.743413042767292e-09, 0.9871908488565293, 0.012806228215975704, 2.9151840819357535e-06], [7.425585024250132e-08, 0.031667883500172196, 0.1758571511258646, 0.7924748911181129], [0.9544041152554943, 7.565792863906876e-07, 0.042875617334642804, 0.0027195108305763677], [1.3640281625983643e-08, 8.909624020122226e-09, 1.0509306023656876e-08, 0.9999999669407884], [0.15609361478849879, 8.161767064029154e-05, 0.008872847868585313, 0.8349519196722757], [0.005778059709252809, 0.7182063570985336, 3.809501934824293e-05, 0.27597748817286544], [0.5157475353830525, 0.4460179409964543, 0.007984599356878683, 0.030249924263614482], [0.9999540752537411, 2.8368045249969973e-05, 7.693778557926872e-08, 1.7479763223339068e-05], [1.9549813833450846e-09, 1.4571541542531327e-07, 0.9994165087240815, 0.0005833436055215858], [1.1649715383319074e-09, 1.2089238721785917e-11, 0.9999999506423582, 4.818058097912353e-08], [0.011970417276782573, 7.457411278218091e-08, 0.9699679660561893, 0.01806154209291553], [0.0114351863183014, 1.424361338257853e-05, 0.9882799079011108, 0.0002706621672052882], [0.004643337298946618, 0.031757319809117765, 0.8541676603663291, 0.10943168252560669], [0.5378349815205516, 0.0003542742098036177, 0.018414110792588832, 0.443396633477056], [0.7204371184624647, 0.2669249776103211, 0.00012495812117668708, 0.012512945806037512], [0.004671418870017292, 0.2181791101461682, 6.12456901415841e-09, 0.7771494648592455], [0.974112127649663, 0.02533893782683276, 7.094165370948864e-06, 0.0005418403581335109], [0.3088497613115228, 0.047258178541713255, 1.7303073005498722e-07, 0.643891887116034], [0.01459960721657417, 0.003580725114343685, 0.0027302503130699146, 0.9790894173560123], [9.278053614901842e-07, 0.726389232864996, 0.22335689808668505, 0.050252941242957413], [0.9999728545260107, 2.9930552031396356e-07, 1.6845309163811023e-05, 1.0000859304894936e-05], [2.714257335228232e-06, 0.9958240424361086, 1.0673263649956068e-07, 0.004173136573919679], [0.8348651959005186, 0.027755804879538545, 0.13493260540085786, 0.00244639381908508], [0.0005422464175335264, 0.6751220959574054, 0.3179260501419799, 0.006409607483081247], [3.710677928052429e-05, 0.00025142805706383087, 0.9997114495795928, 1.558406287351783e-08], [0.9435165389133946, 0.055890704382553384, 1.4593080809478759e-05, 0.000578163623242722], [3.2911229572303865e-06, 0.1771967471391012, 0.0076667844335199685, 0.8151331773044217], [0.7793266391259794, 0.21804794365266914, 0.002047078309640573, 0.0005783389117108895], [0.5808385591730123, 0.41745348390400294, 0.0010263287654052615, 0.0006816281575794399], [3.195255472601469e-05, 0.99996417117531, 2.154427527821513e-07, 3.660827211270011e-06], [0.347799048717682, 4.917049171612922e-05, 0.005924603443144906, 0.6462271773474569], [0.9999975804202859, 6.290705268907342e-07, 5.793885440073532e-08, 1.732570333186598e-06], [0.0010201444104099599, 0.0024152711972701825, 0.7410946253737666, 0.2554699590185532], [0.0015710967467638596, 0.8938780912621812, 0.0006849771579278842, 0.10386583483312697], [0.0027019620850147383, 0.9956483591158826, 1.1474102762950024e-05, 0.0016382046963396672], [0.6928312440099943, 0.0001581459910744856, 0.003230098428396956, 0.3037805115705341], [0.9347889104584174, 0.0005463978324378189, 1.1620879888533718e-05, 0.06465307082925631], [0.14650150087171837, 0.8513799294814851, 0.0002760919745105895, 0.0018424776722859733], [0.21553992064421165, 0.7844446291947091, 1.528148930331308e-05, 1.68671775971969e-07], [0.11991456326814579, 0.2422565267647243, 0.03577258677531349, 0.6020563231918165], [0.0004422502887843295, 0.017525237936815423, 0.869238477346539, 0.11279403442786136], [7.581248354378956e-06, 0.0037708012517233646, 0.9953435707410745, 0.0008780467588476758], [3.5909235909330114e-05, 2.2982656129000683e-07, 3.0006997908918663e-07, 0.9999635608675503], [0.04884002944920125, 0.017986205222063272, 0.00012629116212236187, 0.9330474741666132], [0.8480216547715604, 0.0025662446790228805, 2.0507286064880692e-05, 0.14939159326335186], [0.0019057375942639313, 0.34023395664066247, 1.8034182671382968e-05, 0.6578422715824023], [5.213827539727484e-06, 0.016344996959753638, 0.00022544622838409714, 0.9834243429843225], [4.441874409946439e-06, 0.44681188202626915, 0.00012363711730975797, 0.5530600389820113], [1.0661217102191645e-07, 6.62044606238019e-08, 4.918751183044782e-06, 0.9999949084321853], [0.032756774397555095, 0.0001665505459514051, 0.9338463833237788, 0.033230291732714856], [0.9995871707734623, 2.2999353603497889e-07, 4.97785609223904e-06, 0.00040762137690930584], [0.8605021624284288, 0.05163080914456136, 0.06899341427489164, 0.018873614152118082], [0.0293397053132516, 0.2817012715922387, 0.6671439852993788, 0.021815037795130915], [0.6279824460973439, 6.217202501376536e-07, 0.36444828135234636, 0.007568650830059546], [1.544598082984737e-08, 0.00045979382702028516, 0.0004607309901362415, 0.9990794597368626], [5.368180303799385e-07, 0.9480347987786452, 0.009125329825476522, 0.042839334577848096], [0.014972148143322667, 0.9844187181078468, 9.114510542257316e-06, 0.0006000192382883963], [0.9758182936062731, 0.010796969697291433, 3.6626962883868516e-06, 0.013381074000147021], [0.0026756166957810114, 0.1784387917999895, 0.06118861891463461, 0.757696972589595], [0.43727965484412923, 0.4998960940885216, 0.059552963360441316, 0.0032712877069079817], [0.8341241934334112, 5.160040959377994e-05, 2.3409127853114946e-07, 0.16582397206571642], [5.5889937952305396e-09, 0.00014687134053171692, 1.3285060201813503e-08, 0.9998531097854142], [0.7087004320254975, 0.29129949820593076, 1.9560267078526143e-09, 6.781254512153281e-08], [0.5608030497274371, 0.4300679365835356, 4.1828961412570696e-05, 0.009087184727614793], [0.7178582694427881, 0.01123478351091982, 3.277669096737398e-08, 0.27090691426960106], [0.1539159336970294, 2.782070314563584e-07, 3.918597493725931e-06, 0.8460798694984454], [0.007613144793558855, 0.9261340311078828, 0.06430897004918164, 0.0019438540493766665], [0.001034545534585262, 0.9980968324175161, 0.0008684090953815489, 2.129525169695989e-07], [0.060176258740561955, 0.024007505239474616, 0.3347950169745336, 0.5810212190454298], [0.7025007818659352, 0.16273621158313242, 1.3328441691557995e-05, 0.13474967810924082], [0.9920673376111542, 3.1701321781490464e-05, 0.0033445954397751713, 0.004556365627289359], [0.9878521039676088, 6.28313384894894e-05, 0.012081659825325464, 3.4048685759852923e-06], [6.109619640202007e-09, 0.008210557746108543, 0.9917539724630375, 3.546368123437455e-05], [0.9852233999116952, 0.005679539032800236, 0.008380041638952779, 0.0007170194165518454], [0.9994557896828397, 0.00034982012943293424, 0.0001813768262303002, 1.3013361496881007e-05], [4.4240504613342006e-07, 0.0003517478226078017, 0.9990652464309355, 0.0005825633414105784], [7.056431516300788e-06, 0.7760863607210431, 0.21753977595450003, 0.006366806892940524], [6.625519294053308e-08, 0.0011779322803012137, 0.9985198737081449, 0.0003021277563610288], [0.016279783663545273, 0.00011348950697090308, 0.0016620765503197335, 0.981944650279164], [0.9176955247157553, 0.001393707475543529, 0.058582349487966805, 0.022328418320734362], [0.0013830097304109125, 0.9986154899951738, 1.0286909672851631e-06, 4.715834481435994e-07], [1.9623089017477066e-09, 0.00022817629932125248, 2.711327386807331e-08, 0.9997717946250959], [0.0002761981280552396, 1.983150513334967e-06, 4.418897887691411e-09, 0.9997218143025335], [0.12475943667825555, 0.0001785083570064683, 2.5269408844292754e-06, 0.8750595280238535], [0.9664060986156888, 0.023262428280455903, 7.028615176476872e-06, 0.010324444488678877], [0.01888184363530771, 0.004158194316469087, 0.9769597678834497, 1.9416477344076965e-07], [0.6943832595806, 0.27335117572281914, 0.032265291319909704, 2.7337667107788015e-07], [0.9999918268984178, 1.6186935068205945e-06, 2.8935055083387805e-08, 6.525473020465993e-06], [0.009336709305397144, 0.018075181029563955, 0.8099625333369469, 0.16262557632809196], [0.20042334218235325, 0.7697818720371781, 0.022540032130126977, 0.007254753650341642], [5.8381975535138095e-06, 0.00013106005081967183, 1.0582503667064416e-06, 0.9998620435012601], [0.002993745218657043, 0.6180179355542149, 0.3725173773820686, 0.006470941845059558], [0.9999558275392444, 3.7020117096044995e-07, 3.4259593070798305e-06, 4.037630027757514e-05], [0.9991234821992494, 9.674520639035025e-05, 0.0004992920319860584, 0.0002804805623740919], [0.9999227979528882, 5.6620458357716206e-05, 1.8286821985954384e-05, 2.2947667680615282e-06], [0.2670969757984154, 0.6088090136171174, 0.12308773611112511, 0.0010062744733422074], [1.4942303601502988e-05, 0.9826656379070945, 0.015853877765852585, 0.0014655420234515285], [0.36815145822575934, 0.5813204548150449, 6.065038712648281e-05, 0.050467436572069355], [0.9660271042422037, 0.02858160031059745, 1.235497564494044e-07, 0.005391171897442434], [0.18404596422902275, 0.0003991761116671826, 0.0005774135164855564, 0.8149774461428245], [0.04284415534117635, 0.36069849007309257, 0.11111726319649384, 0.4853400913892373], [1.7491309821257897e-07, 0.9967110202793621, 5.2763817831273545e-06, 0.0032835284257566647], [8.019930359259576e-07, 0.0058397109780777105, 0.001737719820572032, 0.9924217672083144], [1.0826829185144853e-05, 0.6464682447668046, 0.00010172913605042056, 0.35341919926795967], [0.000497581125936119, 1.3446776106571577e-07, 0.06064060952691546, 0.9388616748793873], [0.013139865967627432, 0.00012584953809430404, 0.005789001175991491, 0.9809452833182868], [0.0028753009134141246, 0.00012183632433682647, 0.007084832692498287, 0.9899180300697508], [0.053956590948199844, 0.9228275462603985, 0.022535621512407466, 0.000680241278994264], [1.1582689401618616e-08, 0.9996150082248616, 1.0503365833474372e-07, 0.0003848751587907994], [4.894264303434412e-06, 0.002836953519876223, 0.0006224146833199446, 0.9965357375325005], [4.665498357374869e-06, 0.9999369663367778, 6.963138572997983e-08, 5.8298533479138764e-05], [0.014309583860112373, 0.4369891892691712, 0.17362447512897344, 0.37507675174174304], [0.00042742019116367595, 0.9995643500268309, 2.0189014771842644e-06, 6.210880528344382e-06], [0.9995502182628832, 4.544783943336747e-06, 1.4055768456643132e-12, 0.0004452369517679355], [0.4239469097051135, 4.7938050332792105e-06, 0.0017697637922409314, 0.5742785326976123], [0.08564547854919512, 0.364395173711766, 0.3295292024228544, 0.22043014531618454], [0.9995724510954127, 9.265016592098476e-08, 2.0184476465182104e-06, 0.0004254378067748718], [0.018927669011040076, 0.9808604931788611, 3.238491752143374e-05, 0.00017945289257756994], [1.90876343229428e-05, 0.9999799854744439, 9.265475585232245e-07, 3.4367432691807927e-10], [0.01981910594253872, 0.9782093884812763, 0.0010910013720371566, 0.0008805042041478004], [0.028760943956370556, 0.4208032854232465, 0.0027617920167561255, 0.5476739786036268], [0.804150236882449, 0.0064222410576986935, 0.18939026576492887, 3.725629492337743e-05], [0.00192481645810553, 0.10220881866477348, 0.0004908824751148674, 0.8953754824020062], [0.7420510529024081, 0.08982622571323409, 0.1675911259782475, 0.0005315954061102606], [2.5062044556308413e-05, 0.5016451440952605, 0.4981494604844362, 0.00018033337574691586], [3.6657512730731505e-08, 0.10470977492038473, 0.8627423596431691, 0.03254782877893333], [0.8602125216818425, 0.04713906919842117, 0.0018473777741209853, 0.0908010313456153], [1.209316795022306e-09, 0.002262472126801157, 0.9966344586388234, 0.0011030680250586075], [0.07927273115933098, 0.8767938750422734, 0.017461999102302526, 0.026471394696093102], [3.483577731901563e-05, 0.9999519692975127, 2.961322637176322e-10, 1.3194629035924873e-05], [0.0008799281085197487, 0.22327525753358005, 0.07309524629391938, 0.7027495680639808], [0.024587776531075533, 0.0011734420327359583, 0.0004643162330809889, 0.9737744652031076]]}, "rewritten": {"ids": ["97111790", "97113900", "97116401", "98107210", "98107380", "98109570", "98110810", "98111231", "98111620", "98112580", "98120530", "99107560", "99108330", "99108580", "99108890", "99109840", "99109910", "99110050", "99111000", "99111440", "99112641", "99116500", "99119830", "100107920", "100108260", "100108580", "100110050", "100111380", "100111620", "100116500", "101108080", "101108460", "101108500", "101112201", "101112540", "101114020", "101114990", "102109010", "102109850", "102112170", "102113210", "102114270", "102121700", "103109641", "103109791", "103110760", "103111110", "103113170", "103113260", "103113270", "103118110", "103120730", "103120780", "104111990", "104113550", "104117630", "104119340", "105111990", "105112240", "105113190", "105113260", "105113330", "105115380", "105115570", "105115900", "106113170", "106113190", "106114011", "106115120", "106116370", "106118520", "106119260", "106121220", "107112850", "107113130", "107113170", "107113200", "107113550", "107113840", "107114280", "107114780", "107115140", "107116340", "107118120", "107118820", "108113480", "108113740", "108114040", "108114180", "108116070", "108117360", "108118301", "109113281", "109114270", "109115211", "109116750", "109116810", "109117630", "109120621", "110113591", "110114920", "110115710", "110115890", "110117080", "110117200", "110118181", "110118450", "110118930", "110121450", "111115400", "111115910", "111116100", "111116290", "111116750", "111117000", "111117480", "111119300", "111119950", "111120320", "111120540", "111121930", "112116290", "112116451", "112116800", "112118550", "112118581", "112118701", "112120990", "112121430", "113117401", "113118870", "113119320", "113119360", "113119450", "113120280", "113121410", "113121680", "113121980", "113122150", "113122160", "113122180", "113122430"], "labels": [2, 2, 3, 1, 1, 1, 1, 1, 3, 2, 1, 1, 1, 0, 0, 2, 2, 3, 2, 3, 1, 2, 1, 0, 3, 0, 3, 3, 3, 2, 0, 0, 3, 0, 2, 3, 3, 1, 1, 3, 3, 3, 1, 1, 3, 1, 3, 3, 3, 2, 2, 1, 1, 2, 1, 0, 1, 2, 1, 3, 3, 3, 1, 0, 3, 0, 0, 1, 1, 2, 2, 1, 1, 1, 1, 0, 0, 0, 3, 3, 2, 0, 3, 3, 3, 0, 3, 0, 1, 1, 1, 1, 0, 3, 0, 0, 3, 0, 1, 0, 3, 2, 2, 1, 3, 1, 0, 1, 3, 0, 2, 3, 2, 3, 0, 1, 1, 0, 1, 1, 1, 0, 0, 0, 3, 1, 0, 2, 2, 3, 0, 1, 0, 3, 0, 0, 1, 2, 2, 3, 2, 2], "predicted_labels": [3, 0, 2, 3, 3, 3, 1, 3, 2, 2, 1, 0, 0, 2, 1, 3, 2, 3, 2, 0, 0, 2, 2, 3, 3, 2, 3, 0, 0, 1, 1, 3, 1, 2, 1, 3, 1, 1, 2, 1, 3, 1, 1, 3, 3, 1, 3, 1, 1, 2, 3, 0, 1, 0, 2, 0, 3, 0, 3, 3, 3, 3, 0, 3, 3, 1, 0, 1, 1, 2, 3, 0, 0, 1, 2, 1, 0, 2, 1, 1, 3, 3, 1, 1, 0, 3, 0, 1, 3, 2, 3, 0, 3, 0, 3, 1, 3, 1, 1, 0, 3, 0, 3, 2, 0, 0, 2, 1, 3, 1, 1, 0, 2, 3, 3, 0, 3, 3, 0, 1, 0, 1, 1, 3, 0, 3, 3, 1, 0, 2, 1, 0, 3, 1, 3, 3, 3, 1, 3, 2, 3, 1], "confidence_scores": [[0.0021531053437156113, 3.502736346049155e-06, 0.007481019424658843, 0.9903623724952796], [0.9896903639938447, 0.0003299271658567946, 0.009454598867557654, 0.0005251099727408768], [1.2658593842494595e-06, 0.1277181121109056, 0.633051898417812, 0.2392287236118983], [2.0003691289333144e-06, 0.00431474738400938, 0.0015669367402900477, 0.9941163155065718], [0.0025829078299692367, 0.0007864281078421996, 0.02642968799979847, 0.9702009760623902], [0.0015988753733001996, 0.00019033437298809002, 1.1154125508801808e-05, 0.998199636128203], [7.788251013262434e-09, 0.999997348479899, 2.6435906751742014e-06, 1.4117502349844704e-10], [0.18145021158666313, 0.39938891225564516, 0.01005554545785176, 0.40910533069983995], [0.0001323515530779338, 0.11423171209004178, 0.8845184329018166, 0.0011175034550636098], [2.9511074930665055e-08, 0.4830794948952597, 0.5109914816941701, 0.00592899389949534], [0.004513623546890885, 0.9953758263629855, 5.990795390028385e-08, 0.0001104901821696451], [0.8613114527912276, 0.020831619073635475, 3.961237558119042e-06, 0.11785296689757893], [0.7843291945192298, 0.08267110673817817, 0.13298934629939343, 1.0352443198521557e-05], [0.08031318026275058, 0.4018304328775858, 0.5177803277334959, 7.605912616773945e-05], [1.3851825765625725e-07, 0.9995084386250618, 2.05845058287482e-07, 0.0004912170116223004], [0.0004517667287763686, 0.033260293798540105, 0.20044051099968982, 0.7658474284729937], [1.373519528464166e-06, 2.0453977681878896e-07, 0.9999981548942907, 2.670464040659769e-07], [0.0006530803917609548, 0.009708259907183697, 0.014403661189629944, 0.9752349985114253], [1.08471420142339e-09, 0.0038390214882405376, 0.9825422527749627, 0.01361872465208278], [0.9996855844526532, 1.751282958993769e-07, 0.00031319963404813936, 1.0407850025593681e-06], [0.9990721586653366, 3.193667902713631e-05, 0.0008665913062555457, 2.9313349380453552e-05], [1.65039302039861e-07, 0.14372130273941686, 0.8497408435417808, 0.0065376886795002875], [1.441152280808378e-08, 0.0800002467285129, 0.78018269586404, 0.1398170429959244], [0.20512607603617375, 0.02662378670271103, 0.012727394902443361, 0.7555227423586719], [0.0003994544875552739, 0.37525407281588635, 0.031604803697148465, 0.5927416689994098], [9.623981986954072e-07, 0.37790547726678153, 0.6190638333684382, 0.003029726966581693], [0.01808318602793651, 0.07355309568034657, 0.00017098741867089667, 0.9081927308730461], [0.8000383245042494, 0.19996128386602424, 1.5337101613408616e-10, 3.914763553123681e-07], [0.8726359824660869, 0.0015431635674438338, 0.1257936346772732, 2.7219289196288358e-05], [0.00016487188144315913, 0.9977744593617955, 0.000499523187202574, 0.0015611455695587744], [0.07090579737656695, 0.8886645525658748, 0.013052331307664799, 0.02737731874989319], [0.00223861765569738, 0.00021213527210452835, 2.734976694157286e-06, 0.9975465120955039], [0.0001755658321999169, 0.9973629797042948, 0.0024326904565090094, 2.8764006996502384e-05], [1.2685613143648443e-05, 0.0007974116644854733, 0.9937309722969349, 0.005458930425436056], [4.4010913535193104e-05, 0.9980008153842749, 0.0019030211518225595, 5.2152550367387086e-05], [0.021066797695034806, 2.2353544532700937e-05, 0.03599874804956428, 0.9429121007108683], [2.4382320996738196e-10, 0.967133605990552, 0.03286468236579519, 1.7113998296450121e-06], [0.00671061718471613, 0.9914822916808923, 0.0009365675274996436, 0.000870523606891896], [4.067772502382361e-06, 0.0025551181360719518, 0.9974408135104905, 5.809352137046749e-10], [0.0878043027703735, 0.35626767283075067, 0.2221795702788081, 0.33374845412006776], [7.662390211073118e-05, 0.16672589002124302, 0.032227880405410914, 0.8009696056712353], [0.0018145291835504169, 0.9980475934489758, 5.440217568394553e-07, 0.0001373333457169324], [0.0004807908601089695, 0.999513117667016, 6.069966766665137e-06, 2.1506108459184477e-08], [2.992712555162593e-05, 0.0870926150879456, 3.54557341042293e-05, 0.9128420020523985], [0.1197537368524393, 3.0993185359509943e-07, 0.29611434485415267, 0.5841316083615544], [0.4218834860100198, 0.5748563271703975, 0.000608147121052856, 0.002652039698529971], [2.759152518001889e-05, 0.07661098314012736, 0.0006992958409112872, 0.9226621294937813], [0.36199833708986323, 0.4246589508798966, 0.056407652962679265, 0.1569350590675611], [1.8936006654715002e-06, 0.9106180844863996, 0.08739737947633226, 0.001982642436602691], [3.6252788177450624e-05, 0.00025152015723164305, 0.8998394307690106, 0.09987279628558034], [1.520468943586056e-06, 0.44581470035861714, 0.0012853201516400468, 0.5528984590207993], [0.9716715474597982, 0.020129385828595987, 8.618613320208156e-06, 0.008190448098285735], [4.559681855017916e-06, 0.9999052146457297, 2.3798927418977426e-08, 9.02018734880349e-05], [0.9999833647097707, 5.279894603993027e-07, 1.1415702785219419e-05, 4.69159798389439e-06], [0.0782994009933374, 5.997445645671955e-07, 0.898912928435161, 0.02278707082693694], [0.9996455702909174, 8.243672651677077e-07, 2.9194937883825523e-06, 0.0003506858480291344], [0.3817749385041884, 0.0010252435604348488, 8.616117096336458e-05, 0.6171136567644133], [0.954099334647604, 0.04553494999417801, 2.4081436760622466e-05, 0.0003416339214573602], [0.22330235109770044, 0.058758321346722917, 0.02944747330809186, 0.6884918542474848], [0.04920843699141299, 0.01826048463725928, 0.0093001036143223, 0.9232309747570054], [8.599767488482764e-06, 0.00263461289361149, 1.685505242121177e-05, 0.9973399322864789], [0.02281418761440602, 3.3512104015077686e-05, 5.449282459067252e-08, 0.9771522457887543], [0.8716922480765813, 0.021070232833755177, 0.009647400696972975, 0.09759011839269059], [0.037654062505062036, 0.00019492564041554854, 0.3310054181051652, 0.6311455937493573], [0.05472447430683997, 3.4418404683967063e-06, 2.3398001507053006e-05, 0.9452486858511846], [0.00025352581871440296, 0.9997324614330811, 1.1241544110031698e-11, 1.4012736963028696e-05], [0.9992240073105064, 4.290876945576611e-05, 2.0906642743722337e-06, 0.0007309932557632409], [0.00015338644476931086, 0.9998465713478695, 4.218972933565693e-08, 1.7631859795757247e-11], [0.02288447807484861, 0.9747554123965452, 1.0489684804291258e-08, 0.0023600990389213926], [0.045392435629506504, 0.0013807357782836456, 0.6014869308831444, 0.3517398977090654], [0.46576820813145126, 0.018830081982745446, 1.0337184104747008e-05, 0.5153913727016984], [0.9976897860114571, 0.0015120017352874264, 0.0005985518988295624, 0.00019966035442598349], [0.9458819453989944, 7.620338056494564e-06, 0.03379960773215486, 0.02031082653079425], [0.00011211344904365575, 0.9871529894003623, 0.012730201143262405, 4.6960073316101534e-06], [1.3515229230582926e-07, 1.3358540106564546e-06, 0.9988785912834155, 0.0011199377102814744], [0.006248406930042127, 0.9927395205027263, 3.6291334395030177e-06, 0.0010084434337922102], [0.9485954673461101, 2.3084885994899643e-06, 4.164161062178059e-07, 0.051401807749184195], [2.0647505839558168e-05, 5.272551909071726e-07, 0.9999787985542321, 2.668473756316844e-08], [2.9717059422138873e-06, 0.9953194004486056, 1.2249979921209373e-06, 0.0046764028474601685], [5.663859669290092e-07, 0.9999981675319165, 7.604377151106147e-11, 1.266006072847443e-06], [0.1680149250333074, 0.2372811023828711, 0.002917128732012421, 0.5917868438518091], [0.0023869901793574125, 2.782585608904431e-09, 0.00023034062872980847, 0.9973826664093273], [9.126973415792054e-07, 0.9963008083374709, 0.0011664678782333578, 0.0025318110869543926], [0.0025311101302294393, 0.6369446009839534, 1.067049233116553e-05, 0.3605136183934861], [0.9145095725487515, 0.06410421351579614, 5.013264725172618e-07, 0.021385712608979895], [0.06959231110444339, 1.093433007048742e-05, 4.297505413815671e-05, 0.9303537795113479], [0.9999657220631655, 1.2167697260252158e-07, 8.400146433619335e-08, 3.4072258397383956e-05], [0.0030662809168535213, 0.9960258278575514, 0.0009037563244119045, 4.134901182996729e-06], [1.2151831322916394e-10, 1.28073678705491e-07, 2.8360544169854907e-06, 0.999997035750386], [0.1135423137542458, 7.71303548795552e-05, 0.8863805399722391, 1.591863543665461e-08], [0.0012872959861317773, 0.054559676097725426, 0.00953014876537675, 0.9346228791507659], [0.7983060424002351, 2.8148696455813287e-05, 0.0350308258535251, 0.16663498304978405], [8.467694685580438e-06, 3.6031514943039705e-07, 1.2446182467690156e-09, 0.9999911707455468], [0.5224105347239708, 0.0060972507234130875, 0.15364279079926252, 0.31784942375335357], [0.1588893258101019, 0.07201264988180424, 3.7728924677032845e-06, 0.7690942514156262], [0.02924631973869628, 0.9600580867624974, 0.00010717969754143828, 0.010588413801265004], [0.04448400269900721, 0.4158098442732752, 0.0009440714843250476, 0.5387620815433926], [0.11157196967854179, 0.888418504825523, 9.357484966938368e-06, 1.6801096837454272e-07], [0.020945878912992412, 0.9767056272402425, 5.885364667040253e-07, 0.0023479053102982614], [0.9996818733240278, 8.856003495585682e-07, 5.974849302270993e-13, 0.0003172410750250931], [0.08676640972130376, 0.02344375987647426, 0.41730852810687497, 0.472481302295347], [0.9876066957562596, 0.012338220516312627, 4.5987184145337025e-05, 9.096543282432148e-06], [1.786533745237505e-05, 0.0492987116463526, 8.069940023193883e-06, 0.9506753530761719], [9.10742806491176e-05, 0.0002293039299965848, 0.9032013336951515, 0.0964782880942028], [0.999957568821418, 1.0051121742939347e-07, 1.0470430435241562e-05, 3.186023692948621e-05], [0.880496352647053, 0.11799681789501686, 4.210123991683837e-06, 0.0015026193339385413], [2.9779914675726364e-06, 0.00024101580372456154, 0.9971392599659037, 0.002616746238904197], [0.009876516947218968, 0.9333853367922011, 1.4117745967379236e-06, 0.0567367344859833], [0.024663907443742486, 0.0004627176481813699, 7.030161011321716e-07, 0.974872671891975], [0.1886574766676577, 0.7296373793234429, 0.08168904162717117, 1.6102381728294434e-05], [0.03258014326971813, 0.8839870104542717, 0.006234485051103161, 0.07719836122490709], [0.8061333247092762, 0.009045273621048653, 3.157655097279778e-08, 0.18482137009312422], [0.15623399238364707, 0.3991711976914846, 0.41091580416515394, 0.03367900575971441], [0.02806449770890714, 1.4839866818769963e-06, 8.249331802515203e-06, 0.9719257689726085], [0.002472553029712545, 0.00013441769797210463, 0.08226946556412716, 0.9151235637081883], [0.9831088981727858, 0.0004437228507751675, 0.012509766662969405, 0.003937612313469518], [2.1099089414861938e-09, 0.00021234897524115742, 5.5555032845938e-07, 0.9997870933645214], [0.03386594547148348, 2.338071946032877e-05, 0.003982792524117789, 0.9621278812849384], [0.9510642900642647, 0.04867514175687746, 0.0002452505264163059, 1.531765244137111e-05], [0.44375727454248926, 0.547213991104941, 0.009027956084555488, 7.782680143302283e-07], [0.8888488944070032, 0.008083197244435536, 0.08536629518637184, 0.0177016131621895], [0.42529497768349234, 0.5508902145240013, 0.012866417339037619, 0.010948390453468716], [0.217670563339415, 0.759491113584404, 5.751316304644835e-06, 0.022832571759876356], [1.0292950471162737e-06, 0.009674492257427123, 7.284997710911778e-06, 0.990317193449815], [0.9793214546513928, 6.10988255840427e-06, 0.00011616497955397651, 0.020556270486494978], [3.625344956116657e-05, 0.004128589124856183, 0.471137006041786, 0.5246981513837967], [6.253322548633015e-06, 2.630695103125004e-05, 0.015742993718607903, 0.9842244460078122], [1.9258277218871713e-05, 0.9999791310536066, 9.869383024616162e-08, 1.511975344307528e-06], [0.880652004265274, 0.10392066676684639, 0.004812009275572603, 0.010615319692306991], [0.4265596443751686, 0.0009257773282706265, 0.5694707158154738, 0.0030438624810869125], [0.20957025135673113, 0.7824656194179757, 0.001795434947929455, 0.006168694277363614], [0.9997124429020168, 4.551364603009172e-05, 2.6381937785143614e-05, 0.00021566151416819494], [0.0008927057843058777, 8.752221986558375e-05, 8.600715052171695e-05, 0.9989337648453067], [0.3007983331338149, 0.5602633082327864, 0.0005296435505582273, 0.13840871508284056], [0.027032433052657068, 5.180468661716578e-05, 1.0045226186273424e-05, 0.9729057170345395], [0.00014857948979648194, 4.4991080121134245e-05, 0.003448411257347512, 0.996358018172735], [5.972560068114899e-06, 0.000536540302181942, 2.238573053281208e-06, 0.9994552485646968], [2.3226768860280254e-06, 0.994904442475902, 1.2788239234629501e-05, 0.005080446607977457], [0.0025888077854451805, 0.00044895316103594666, 0.011675824594453477, 0.9852864144590653], [0.23365800890686222, 0.09666193539761898, 0.46235946548794005, 0.20732059020757876], [1.010310963811229e-08, 0.0004606799043911404, 2.0985542176373e-08, 0.9995392890069571], [6.852628826167856e-08, 0.988314700557139, 0.010880675161508738, 0.0008045557550640215]]}}