{"test": {"ids": ["108116481", "101116130", "107118520", "111119610", "110120640", "105114220", "106117650", "108113480", "112118890", "101112690", "106121190", "110118701", "111118301", "112121410", "113120640", "110120560", "113120540", "113122430", "101111990", "113118690", "112120640", "109117271", "104112470", "98106880", "110117200", "108115070", "101108080", "99109840", "103113101", "105121370", "103113610", "110118301", "97109570", "97106600", "112116990", "112120670", "103111990", "108120060", "111120220", "98109090", "105117200", "105116441", "108114040", "98108370", "107119950", "100108080", "105116980", "103117200", "101109000", "98107210", "104117200", "111118820", "104114410", "110119300", "103120290", "109119340", "98110810", "113119120", "98112300", "109119591", "104119340", "107117010", "109118231", "100111390", "106115240", "113122160", "110121140", "109116040", "100108520", "99114890", "110117110", "108118291", "101108370", "109113881", "104114240", "110115890", "103113270", "97116800", "110121720", "99120010", "101108290", "111119300", "98111860", "110120190", "98112580", "106116441", "113120601", "109113281", "103110220", "109118701", "111120640", "107118820", "103109641", "111115770", "111114171", "109116170", "105110091", "108114360", "107112850", "107121640", "104114740", "107113550", "99111000", "107114780", "111119950", "109119010", "111117200", "113119300", "109119460", "107121700", "99107630", "99107950", "112120990", "105113190", "106118161", "111116040", "107120880", "111114941", "112118581", "105120621", "97111790", "109115380", "110119891", "104111711", "98106680", "112116401", "108119330", "110118880", "102113210", "97114170", "108120621", "108120700", "103117461", "108114270", "98111670", "100111620", "108118301", "110115250", "112116501", "112119450", "113122510", "97107260"], "labels": [0, 2, 2, 2, 0, 3, 1, 0, 3, 1, 2, 3, 3, 0, 0, 0, 3, 2, 2, 3, 0, 0, 1, 0, 3, 1, 0, 2, 3, 2, 2, 1, 0, 3, 0, 2, 2, 1, 3, 1, 3, 1, 0, 1, 3, 0, 0, 0, 1, 1, 3, 0, 1, 1, 2, 3, 1, 3, 2, 0, 1, 1, 1, 2, 1, 3, 3, 0, 2, 2, 0, 3, 1, 0, 0, 2, 2, 0, 3, 2, 0, 1, 0, 3, 2, 0, 2, 0, 2, 3, 0, 3, 1, 3, 3, 0, 0, 1, 1, 1, 2, 0, 2, 2, 0, 3, 0, 1, 1, 3, 2, 1, 2, 3, 3, 0, 1, 0, 1, 1, 2, 3, 3, 1, 1, 0, 0, 0, 3, 2, 1, 2, 0, 3, 1, 3, 1, 1, 3, 3, 2, 2], "predicted_labels": [0, 3, 1, 1, 1, 1, 1, 2, 1, 3, 1, 0, 3, 3, 1, 0, 0, 1, 3, 1, 2, 0, 3, 2, 2, 1, 3, 2, 1, 3, 2, 3, 0, 1, 0, 0, 1, 1, 0, 1, 3, 1, 1, 1, 0, 1, 3, 3, 3, 1, 3, 1, 1, 3, 2, 1, 1, 3, 2, 1, 1, 3, 2, 3, 1, 1, 1, 3, 3, 1, 2, 0, 0, 3, 3, 1, 3, 0, 1, 3, 3, 3, 2, 3, 3, 1, 1, 0, 3, 1, 1, 1, 3, 3, 3, 1, 1, 0, 3, 3, 1, 1, 1, 2, 3, 1, 3, 0, 3, 1, 3, 2, 1, 0, 1, 2, 3, 0, 1, 3, 2, 3, 3, 1, 1, 0, 1, 1, 0, 3, 3, 3, 0, 0, 3, 1, 0, 3, 3, 1, 3, 3], "confidence_scores": [[0.39140199942280063, 0.32573082741000453, 0.051808811626636, 0.231058361540559], [0.19761655342864962, 0.1841279768761966, 0.1512313940626238, 0.46702407563253], [0.13205171803812382, 0.4646572199328991, 0.11167075470334052, 0.2916203073256367], [0.13480615563373424, 0.35254352307576214, 0.19434129383431384, 0.31830902745618983], [0.21147112673567833, 0.3326879723297228, 0.12634181359683613, 0.32949908733776256], [0.13472696584596805, 0.5379803161298284, 0.12366467754278654, 0.20362804048141686], [0.2255556720586055, 0.4752024773306729, 0.10478856358842534, 0.19445328702229622], [0.07032361625316144, 0.2111140590368559, 0.5201957463649414, 0.19836657834504118], [0.1824146522353542, 0.3933945081067375, 0.0792479411081244, 0.3449428985497839], [0.12238361337811261, 0.1756248271535539, 0.14783674055513227, 0.5541548189132013], [0.1005334134781713, 0.3491149415360387, 0.28807411840907643, 0.26227752657671344], [0.577494403018876, 0.15008112473969307, 0.10721125000450211, 0.16521322223692883], [0.1280661412302005, 0.21695165524199353, 0.11257575132145048, 0.5424064522063555], [0.24558373187479338, 0.29819375468059833, 0.1100012247481201, 0.3462212886964881], [0.19392017015663585, 0.36597213793478944, 0.10591986389482169, 0.3341878280137532], [0.31524753088333246, 0.30523964995379665, 0.09926610042251431, 0.2802467187403567], [0.495203557285893, 0.2228733724624746, 0.06189020477631056, 0.22003286547532191], [0.07552264580954517, 0.5121850346601954, 0.18774210360501775, 0.2245502159252416], [0.10790993269473222, 0.13950608350068797, 0.24761268408567527, 0.5049712997189046], [0.19844640947970793, 0.3763504527418975, 0.2324711191964437, 0.192732018581951], [0.14790153028452427, 0.10723367146964921, 0.5279245564731568, 0.21694024177266963], [0.6237381373304044, 0.0802405519754566, 0.036150113160229855, 0.2598711975339092], [0.14737231388640645, 0.12025170401734242, 0.15943393349928597, 0.5729420485969651], [0.14412783031486662, 0.1800333806369715, 0.4383186704551133, 0.23752011859304867], [0.11906669901059645, 0.2967401502938616, 0.33694462335350683, 0.24724852734203512], [0.25566351592426234, 0.35769921652767994, 0.23947552932283236, 0.14716173822522544], [0.1185949808905344, 0.2573416367635609, 0.18760617665066032, 0.4364572056952445], [0.08725458312118424, 0.15728340996094906, 0.5335132090739948, 0.22194879784387184], [0.1491397462115048, 0.46986836664843806, 0.15359690582567562, 0.2273949813143815], [0.28131068177138, 0.28151346579449127, 0.1485544092849655, 0.28862144314916305], [0.2879587815434125, 0.10138234540397338, 0.4197099264163002, 0.19094894663631387], [0.23643418650238263, 0.23969951312537172, 0.16638162551279406, 0.3574846748594518], [0.31627051505982934, 0.23672028018133767, 0.14193370042205136, 0.30507550433678166], [0.18800874754601454, 0.3941264778474692, 0.2776641508032992, 0.14020062380321732], [0.4225646838661558, 0.08392358516205133, 0.12728411073965426, 0.36622762023213873], [0.4131203276046999, 0.21111488875282053, 0.1451158786492644, 0.23064890499321508], [0.26901661425900864, 0.34929497986936336, 0.21168995094677676, 0.16999845492485113], [0.1799795255190038, 0.4868144568185341, 0.18155804552393073, 0.15164797213853154], [0.4738557790557374, 0.27406615613565244, 0.06404068927637054, 0.1880373755322398], [0.16727056201849086, 0.3901860362584934, 0.1799335221256539, 0.26260987959736176], [0.12847209363393192, 0.2836157135998234, 0.20968974158538847, 0.37822245118085634], [0.2290903007567441, 0.3877619138933205, 0.1378524317914346, 0.2452953535585008], [0.21555152313162015, 0.3649344506211618, 0.1324917241926092, 0.28702230205460905], [0.12616230599909115, 0.4333655892689909, 0.20591418164185046, 0.2345579230900675], [0.4708713306872334, 0.28944846445645767, 0.059573057241755704, 0.1801071476145531], [0.2624865039077431, 0.35185580414513573, 0.12857110883486852, 0.25708658311225274], [0.12616528667371632, 0.22825303109719364, 0.22365780506680677, 0.42192387716228325], [0.25619783893498416, 0.20788274114503102, 0.09484192970161111, 0.4410774902183737], [0.21472496604452318, 0.20519941990371585, 0.1455583874325939, 0.43451722661916703], [0.051204522349608074, 0.6936666713507685, 0.1142949906261898, 0.14083381567343367], [0.2724369305475574, 0.2949944120897349, 0.12299075033435179, 0.3095779070283558], [0.1910079821223948, 0.47690045273124565, 0.06124373871421918, 0.27084782643214045], [0.22156338220092797, 0.32945477049346195, 0.13338048633649802, 0.31560136096911223], [0.15288644540529017, 0.2767772401214493, 0.1696709000499549, 0.4006654144233057], [0.10604986139702048, 0.17174862191907095, 0.5964169569123893, 0.12578455977151934], [0.31455141138935705, 0.3410222380502136, 0.105974318500001, 0.23845203206042828], [0.09187520067122264, 0.5138336472302281, 0.16017240612148176, 0.23411874597706753], [0.3141510748020612, 0.27021304362641446, 0.09569596143909392, 0.3199399201324305], [0.12678538760839456, 0.13044553922225613, 0.4885192412548074, 0.254249831914542], [0.10794812266567531, 0.389538103531101, 0.19682003531440104, 0.30569373848882253], [0.3492052973470864, 0.39857297011042103, 0.06689337988549215, 0.18532835265700048], [0.16218859526040497, 0.2109398132714874, 0.0944189720790184, 0.5324526193890892], [0.17569143516271812, 0.1615502748245698, 0.5140686032770352, 0.14868968673567687], [0.12408383474561512, 0.16193012039079427, 0.315036224317765, 0.3989498205458256], [0.062080266100294206, 0.6611022486856765, 0.14907841080947068, 0.1277390744045587], [0.20207239806361163, 0.41015854006241426, 0.15442240581570482, 0.23334665605826918], [0.33837093379303335, 0.3817149946823867, 0.10520736714363997, 0.1747067043809401], [0.2157621380230706, 0.23991674890100123, 0.16117206914994134, 0.38314904392598675], [0.09427132503452687, 0.2232534958696014, 0.12380243954782612, 0.5586727395480456], [0.2031707371537532, 0.37846951545618396, 0.1495845390738795, 0.2687752083161833], [0.14933790074377104, 0.2799893109722651, 0.3183526298181294, 0.25232015846583467], [0.3846676526437395, 0.22177617762501295, 0.1411215193914602, 0.25243465033978735], [0.34665065802600953, 0.19284301398650752, 0.3355488036905408, 0.12495752429694226], [0.12571403129020106, 0.3651666789755194, 0.07464539152960685, 0.43447389820467275], [0.1035968575778322, 0.2333712479323641, 0.07869203399686753, 0.5843398604929361], [0.1862459879880581, 0.39011641886913534, 0.06644564540107213, 0.35719194774173435], [0.15823487203909498, 0.14728067007327583, 0.16042986018905042, 0.5340545976985785], [0.3536764935551926, 0.1801725562139137, 0.18744983411191904, 0.27870111611897475], [0.13048736408768807, 0.46215992366586134, 0.21672824881122155, 0.190624463435229], [0.20624245884870607, 0.3510828456285699, 0.09153943147340633, 0.35113526404931783], [0.21588430091969366, 0.18014512138763988, 0.05776988804903828, 0.5462006896436282], [0.2550013283130056, 0.2442321409931493, 0.06912136902207154, 0.4316451616717737], [0.12367674298337987, 0.24478609081925487, 0.4594658273061972, 0.17207133889116813], [0.15536456926646544, 0.37892014762708004, 0.08182968907698848, 0.38388559402946615], [0.15081958610126234, 0.31762632226657483, 0.20994672531888442, 0.3216073663132784], [0.25058646754546754, 0.4135202380007255, 0.14439454039290922, 0.1914987540608978], [0.14868930273493236, 0.6123099641674624, 0.032705811357165854, 0.20629492174043942], [0.5715723039603406, 0.11108961568158487, 0.045222863778910896, 0.27211521657916365], [0.20769402798817244, 0.23084137380082498, 0.15004643171904197, 0.4114181664919605], [0.18989342928783978, 0.4199875461177987, 0.09294296794832593, 0.29717605664603575], [0.10499061676958064, 0.630879815228603, 0.15558324153934375, 0.10854632646247264], [0.22830655765945043, 0.38577413298768654, 0.0662910368148809, 0.3196282725379823], [0.14276803007447533, 0.20210398230948654, 0.2475384619785504, 0.4075895256374876], [0.13656314390667978, 0.25769713739586275, 0.2060530711611087, 0.39968664753634886], [0.175299512942459, 0.15575666413522346, 0.08231054670147507, 0.5866332762208425], [0.1852437314883878, 0.5120737256499043, 0.1303227856014517, 0.17235975726025635], [0.09784271773028332, 0.5829448477683437, 0.11202076097155278, 0.20719167352982024], [0.36996800249804995, 0.267780166517356, 0.13099524569308954, 0.2312565852915045], [0.24313098087462062, 0.30406383161141165, 0.08788031109731839, 0.36492487641664945], [0.27282647082958483, 0.16361460184183546, 0.23168474730885183, 0.3318741800197279], [0.18120894729854137, 0.4127185445423757, 0.09984287909899009, 0.306229629060093], [0.2765838654563522, 0.2825848948657352, 0.17818272801356336, 0.26264851166434927], [0.08319708442922409, 0.4462255625850204, 0.2624441927903996, 0.20813316019535597], [0.2397005429204598, 0.34189117242553324, 0.3509209976041789, 0.06748728704982794], [0.21408680144012174, 0.12297230277722755, 0.049052267707833816, 0.6138886280748169], [0.21739810374681354, 0.37325105073759063, 0.08140120786263735, 0.3279496376529585], [0.2970440745677612, 0.25445831266775715, 0.06699711620593614, 0.3815004965585455], [0.37186507788699585, 0.23777134178440615, 0.1538570913085216, 0.23650648902007634], [0.17019064871230596, 0.2610095371762008, 0.13153229102952885, 0.4372675230819644], [0.17168832665770886, 0.5466080300379518, 0.07675958439055301, 0.2049440589137864], [0.18786847965051012, 0.10476799644251106, 0.06957652788259072, 0.6377869960243882], [0.16508499496995369, 0.25382592746643434, 0.3386802291233691, 0.24240884844024274], [0.09732743101062236, 0.6914210746867798, 0.04953936917261942, 0.16171212512997843], [0.42509319720533084, 0.18184387119801643, 0.07510936908087497, 0.3179535625157779], [0.20107170588683818, 0.3448758119867331, 0.27724158159110956, 0.1768109005353192], [0.1604441011199206, 0.32831607294448384, 0.37628569924906113, 0.13495412668653434], [0.27548616927962244, 0.27241690310583566, 0.12047757770244123, 0.3316193499121007], [0.38334591047774114, 0.1409303075639945, 0.13243427008630437, 0.34328951187196], [0.16630948129574658, 0.3681220309998129, 0.2218224263540364, 0.24374606135040422], [0.22854147985358622, 0.17057524553233816, 0.06409451039108434, 0.5367887642229914], [0.204113790703499, 0.17330386780282184, 0.375245727245681, 0.24733661424799805], [0.13552151980912158, 0.16147634480496137, 0.06763580409690587, 0.6353663312890112], [0.2512751976136637, 0.2826979780133723, 0.1350745443032936, 0.3309522800696705], [0.23425047237793134, 0.3143990483383632, 0.18066725157954425, 0.27068322770416126], [0.10676744912546203, 0.45037134547655405, 0.27772128422958203, 0.16513992116840187], [0.5727817863161837, 0.15635919016857006, 0.04827968870851315, 0.222579334806733], [0.1507453857753987, 0.6137401283731363, 0.06257015828555934, 0.17294432756590564], [0.15255918273473731, 0.6002274535932409, 0.09904586449388054, 0.14816749917814134], [0.3056639436258092, 0.27488573567430735, 0.14584068962599214, 0.27360963107389136], [0.11306636155950565, 0.31127158226141566, 0.10793151206885909, 0.4677305441102196], [0.3432917243595231, 0.12299223167521975, 0.058312519059898545, 0.4754035249053585], [0.17441830450642293, 0.2942363554166439, 0.1600410511116881, 0.37130428896524503], [0.5385345113624059, 0.17858610163997757, 0.08486630458383289, 0.19801308241378346], [0.5797818679501064, 0.18066490217334627, 0.03887372350687918, 0.2006795063696682], [0.2101993980919791, 0.18890196383676433, 0.23053234611577925, 0.37036629195547727], [0.17871705353768988, 0.37708029649413644, 0.1509699011253644, 0.29323274884280925], [0.36516150514249857, 0.30823934913981393, 0.0711043431816981, 0.25549480253598933], [0.14972635021805802, 0.3225340361944694, 0.19827879628811157, 0.3294608172993611], [0.17316242870998297, 0.33448351336547566, 0.05062729395808257, 0.44172676396645877], [0.35737964901634645, 0.4270944613844129, 0.08295625359840852, 0.13256963600083213], [0.09796442563111937, 0.2759051254667148, 0.1551106641072302, 0.47101978479493545], [0.15076196372556638, 0.2102257553474756, 0.30010955877366824, 0.3389027221532898]]}, "rewritten": {"ids": ["97106600", "97107260", "97109570", "97111790", "97114170", "97116800", "98106680", "98106880", "98107210", "98108370", "98109090", "98110810", "98111670", "98111860", "98112300", "98112580", "99107630", "99107950", "99109840", "99111000", "99114890", "99120010", "100108080", "100108520", "100111390", "100111620", "101108080", "101108290", "101108370", "101109000", "101111990", "101112690", "101116130", "102113210", "103109641", "103110220", "103111990", "103113101", "103113270", "103113610", "103117200", "103117461", "103120290", "104111711", "104112470", "104114240", "104114410", "104114740", "104117200", "104119340", "105110091", "105113190", "105114220", "105116441", "105116980", "105117200", "105120621", "105121370", "106115240", "106116441", "106117650", "106118161", "106121190", "107112850", "107113550", "107114780", "107117010", "107118520", "107118820", "107119950", "107120880", "107121640", "107121700", "108113480", "108114040", "108114270", "108114360", "108115070", "108116481", "108118291", "108118301", "108119330", "108120060", "108120621", "108120700", "109113281", "109113881", "109115380", "109116040", "109116170", "109117271", "109118231", "109118701", "109119010", "109119340", "109119460", "109119591", "110115250", "110115890", "110117110", "110117200", "110118301", "110118701", "110118880", "110119300", "110119891", "110120190", "110120560", "110120640", "110121140", "110121720", "111114171", "111114941", "111115770", "111116040", "111117200", "111118301", "111118820", "111119300", "111119610", "111119950", "111120220", "111120640", "112116401", "112116501", "112116990", "112118581", "112118890", "112119450", "112120640", "112120670", "112120990", "112121410", "113118690", "113119120", "113119300", "113120540", "113120601", "113120640", "113122160", "113122430", "113122510"], "labels": [3, 2, 0, 2, 2, 0, 1, 0, 1, 1, 1, 1, 1, 0, 2, 2, 2, 1, 2, 2, 2, 2, 0, 2, 2, 3, 0, 0, 1, 1, 2, 1, 2, 3, 1, 2, 2, 3, 2, 2, 0, 0, 2, 1, 1, 0, 1, 2, 3, 1, 0, 3, 3, 1, 0, 3, 1, 2, 1, 0, 1, 3, 2, 1, 0, 2, 1, 2, 3, 3, 1, 1, 3, 0, 0, 3, 1, 1, 0, 3, 1, 0, 1, 1, 2, 0, 0, 3, 0, 0, 0, 1, 3, 3, 3, 1, 0, 1, 2, 0, 3, 1, 3, 0, 1, 3, 3, 0, 0, 3, 3, 3, 0, 3, 0, 0, 3, 0, 1, 2, 0, 3, 0, 0, 3, 0, 1, 3, 3, 0, 2, 2, 0, 3, 3, 1, 3, 2, 0, 3, 2, 2], "predicted_labels": [0, 2, 0, 3, 3, 3, 3, 2, 1, 2, 1, 0, 0, 0, 2, 3, 0, 1, 2, 0, 3, 0, 1, 3, 3, 0, 1, 0, 0, 0, 3, 3, 3, 3, 2, 3, 1, 1, 3, 2, 3, 3, 2, 3, 0, 3, 1, 2, 1, 0, 1, 3, 0, 3, 1, 1, 3, 0, 3, 1, 1, 2, 0, 1, 3, 1, 1, 1, 1, 0, 2, 0, 1, 3, 1, 0, 3, 3, 3, 0, 0, 1, 3, 0, 3, 3, 3, 1, 2, 2, 0, 2, 3, 3, 0, 3, 1, 3, 0, 1, 0, 0, 3, 1, 0, 3, 3, 3, 2, 1, 1, 0, 3, 0, 0, 3, 0, 1, 3, 1, 3, 1, 2, 0, 1, 0, 1, 0, 0, 0, 0, 0, 0, 2, 0, 0, 0, 0, 3, 1, 1, 3], "confidence_scores": [[0.3725240161850747, 0.2470895046386717, 0.12642075768022262, 0.25396572149603097], [0.127424906149789, 0.30510208531228633, 0.46035677840059513, 0.10711623013732963], [0.37592083725477327, 0.285396082266536, 0.06027084304756803, 0.27841223743112276], [0.21317016325784874, 0.19944266758880902, 0.2294174645579111, 0.35796970459543104], [0.14900177278125562, 0.20765470256238597, 0.2854045682933133, 0.3579389563630452], [0.2543011784611924, 0.30588672399832467, 0.08873335940432574, 0.3510787381361573], [0.24203711109076242, 0.2585491604452237, 0.17480647592857249, 0.32460725253544154], [0.07152256604654708, 0.08430400089031671, 0.5606766632994611, 0.28349676976367516], [0.19980883798880836, 0.3615515284925, 0.19518827646367384, 0.24345135705501808], [0.151434578845076, 0.2863861014459446, 0.31256008002505015, 0.24961923968392913], [0.1556928894684063, 0.6394898508189572, 0.07279580755100683, 0.13202145216162964], [0.44112865010089675, 0.18144640345258203, 0.17568922764722947, 0.20173571879929175], [0.5413320708772991, 0.11826044740059, 0.12129639682208156, 0.21911108490002917], [0.42931664079487153, 0.24728210675398496, 0.15578497763849658, 0.16761627481264704], [0.28445090448923593, 0.12878921169940227, 0.3433384760319271, 0.24342140777943475], [0.1416293123092848, 0.20339320428589971, 0.2949943076725053, 0.35998317573231026], [0.45284849344488415, 0.10634919099998387, 0.08357218360488403, 0.35723013195024805], [0.08851742582485768, 0.41010301906949653, 0.21013638262333753, 0.29124317248230835], [0.09689601498741623, 0.16407194810838155, 0.5670908931836564, 0.17194114372054592], [0.40530781143414363, 0.15312033561961771, 0.11667717284508941, 0.32489468010114925], [0.2024368691804854, 0.2587602929496618, 0.24989716953910937, 0.2889056683307436], [0.36417406495137405, 0.2075049860797274, 0.11213075729788125, 0.3161901916710175], [0.22318179670160906, 0.32078172021846724, 0.16034099225068008, 0.29569549082924373], [0.08518046717627152, 0.18981152057075096, 0.11678649514375478, 0.6082215171092228], [0.158755710479465, 0.1435806138592336, 0.341410185766034, 0.3562534898952675], [0.3377647233769835, 0.22228722857155842, 0.17381944881216427, 0.266128599239294], [0.11865142912995, 0.41723520935711644, 0.11153156229347876, 0.352581799219455], [0.3534709216613259, 0.28407532766585497, 0.09309623976422512, 0.2693575109085941], [0.39815116567391123, 0.2495999958970692, 0.20599650806176914, 0.1462523303672504], [0.4212234331008863, 0.1380099557075049, 0.12038848204993208, 0.32037812914167674], [0.33923026318217936, 0.1434053579071364, 0.11037430885291691, 0.4069900700577674], [0.15009374678373158, 0.15553759311312929, 0.18489117470847535, 0.5094774853946639], [0.27159266506442103, 0.24657621476360525, 0.17378065931311645, 0.30805046085885734], [0.2873910725255814, 0.26063379545801596, 0.10663982406357322, 0.34533530795282935], [0.16856822499552648, 0.1924369874556762, 0.4392567175693006, 0.1997380699794967], [0.09636357946532462, 0.32037586694844467, 0.12945340146999607, 0.45380715211623474], [0.24136000687174472, 0.40048816383533087, 0.09772257355154945, 0.260429255741375], [0.11017800319509641, 0.419704142057962, 0.21636109477722532, 0.2537567599697163], [0.3017044814338169, 0.17147641756108334, 0.11090747152626017, 0.41591162947883953], [0.04925936930157914, 0.08654682334378529, 0.698333450205946, 0.16586035714868957], [0.19791587172955338, 0.2241601999630643, 0.1624941876116862, 0.41542974069569616], [0.3676476278059173, 0.1479306141731218, 0.07059422404728065, 0.4138275339736803], [0.16751556705565185, 0.1246226041261851, 0.633512314222926, 0.07434951459523714], [0.22995270357289557, 0.2091943641142771, 0.11478571542907658, 0.44606721688375073], [0.328987091753763, 0.2768345659325923, 0.09658987073441558, 0.29758847157922913], [0.3081569130503254, 0.13355402268484629, 0.06825906696242243, 0.49002999730240593], [0.31139148425550967, 0.4058596426402984, 0.05289454038183462, 0.22985433272235745], [0.11048325065203529, 0.17164446122179874, 0.4242518363275152, 0.29362045179865076], [0.31816996848211065, 0.37019048352624834, 0.09497169702599394, 0.21666785096564706], [0.43665984068483105, 0.15254490853725003, 0.1458400014471936, 0.2649552493307254], [0.2906765145609235, 0.38340371758388575, 0.11720833735089424, 0.2087114305042966], [0.16661768754206646, 0.30269385759380485, 0.10427223030117516, 0.4264162245629535], [0.38281811237278934, 0.18370732861526762, 0.13277054895647825, 0.3007040100554649], [0.22661016077632679, 0.27302665670014437, 0.20905122426051806, 0.291311958263011], [0.26948961826697626, 0.42500507255870307, 0.08534656822599121, 0.2201587409483294], [0.2594093789392911, 0.39648622744349304, 0.18968764548173447, 0.1544167481354813], [0.1979631241519264, 0.13073558359269702, 0.061318333557129505, 0.609982958698247], [0.5992781229805779, 0.16686458047571612, 0.12137022432525432, 0.11248707221845182], [0.08111375332440535, 0.10860903270482794, 0.30235587809781317, 0.5079213358729535], [0.186001417189964, 0.38667189123705004, 0.09553648889995879, 0.3317902026730272], [0.18334833184302793, 0.5569638649177696, 0.10100487912449861, 0.1586829241147038], [0.11660180484596831, 0.2540458561363301, 0.37299664948212286, 0.25635568953557875], [0.44530094778304585, 0.28418481634294845, 0.08990695370516748, 0.18060728216883823], [0.06391420968070154, 0.7209099369947084, 0.06791226681389484, 0.1472635865106954], [0.14803423354316028, 0.31463677180829897, 0.0826191577731388, 0.45470983687540195], [0.170991661723717, 0.3514389318028739, 0.3355312543868186, 0.14203815208659046], [0.21088037843191357, 0.5528375797868204, 0.05590928591689113, 0.18037275586437485], [0.20202015944963803, 0.5661704052025843, 0.049364414343485534, 0.18244502100429213], [0.2427070003642876, 0.3523920659877305, 0.06893536626165785, 0.33596556738632416], [0.4727381515776977, 0.1634961113585433, 0.1494620284342927, 0.21430370862946624], [0.10244386713530873, 0.21786788707902222, 0.44759337454419124, 0.23209487124147787], [0.414087601491364, 0.21565973886262574, 0.08913715261199194, 0.28111550703401844], [0.2931779214716117, 0.43188967810811163, 0.07125272328684529, 0.20367967713343138], [0.22032856251916055, 0.28929515175831555, 0.17106355099081186, 0.3193127347317122], [0.15164247445907061, 0.41979645778886654, 0.10656281118944264, 0.32199825656262016], [0.4461943764016969, 0.2031565680176922, 0.07161496106657265, 0.27903409451403816], [0.18258323869674808, 0.22234624443178239, 0.28825158370233694, 0.3068189331691326], [0.16535680403706096, 0.27836442542994955, 0.13670291625504916, 0.4195758542779403], [0.2986634827384124, 0.1373459987578987, 0.04761933476566574, 0.5163711837380232], [0.34605315073147364, 0.2514579373512583, 0.09315052149582811, 0.30933839042144], [0.507626406924696, 0.22304409340337508, 0.03660795486333025, 0.23272154480859877], [0.11140541442355684, 0.6821092059982191, 0.07799071521239531, 0.1284946643658288], [0.2378403410453591, 0.3191712214249271, 0.12356521824207914, 0.3194232192876346], [0.5309788883759295, 0.2329691640963675, 0.041416410114331594, 0.19463553741337153], [0.13148276601464684, 0.2245231937429727, 0.11801455875867836, 0.5259794814837021], [0.1278279028280132, 0.17883065412302174, 0.0681344388678247, 0.6252070041811404], [0.20795736930522052, 0.2321056867275107, 0.1585592797990605, 0.40137766416820825], [0.2723325053341771, 0.44836826947603214, 0.16834596176735164, 0.11095326342243922], [0.12057535304381635, 0.0779558777648841, 0.45667470215859834, 0.3447940670327013], [0.15417785217776112, 0.2525840639166019, 0.3159171703620304, 0.2773209135436067], [0.5735299911252841, 0.08557553607173538, 0.06824109843267344, 0.2726533743703071], [0.2600046165114114, 0.2100544621403093, 0.39472320134190153, 0.13521772000637786], [0.13780456406032113, 0.30067201016873946, 0.12405522798070485, 0.43746819779023455], [0.22595374202161253, 0.15884670890750022, 0.1450435943305206, 0.4701559547403666], [0.6896626135203947, 0.09803859897934156, 0.06369497799100647, 0.1486038095092572], [0.06954394651561699, 0.06777819431696566, 0.2508109631402572, 0.6118668960271602], [0.14156190613420241, 0.5052661480293411, 0.1544321011349473, 0.19873984470150927], [0.13068125604964612, 0.28942597473033765, 0.10905456729913188, 0.4708382019208843], [0.5533460210616455, 0.1885036910765235, 0.124236610770192, 0.13391367709163898], [0.1693351051579444, 0.5273415188953192, 0.1584791626111176, 0.14484421333561864], [0.5111509195843612, 0.2621367662225129, 0.10952482773226305, 0.11718748646086277], [0.3990726853325095, 0.310303069774854, 0.12042358592352963, 0.17020065896910697], [0.29122264499765554, 0.14427707712552731, 0.23809497185930142, 0.3264053060175158], [0.32390899866594447, 0.3716627892140102, 0.14332447932896422, 0.16110373279108134], [0.29361433990904473, 0.2345664734817765, 0.20746718361580355, 0.2643520029933752], [0.3263509500174, 0.14451757946054122, 0.17027997650167584, 0.3588514940203829], [0.2641261664604109, 0.13393470087742265, 0.2086682672079076, 0.39327086545425877], [0.23780490467743048, 0.24887962530554109, 0.13350990657726106, 0.37980556343976746], [0.1799931104498586, 0.2141855678079091, 0.4570213483901459, 0.14879997335208653], [0.2947135067783576, 0.4619269147433584, 0.08877587617670772, 0.15458370230157611], [0.32887571413425953, 0.35620058460389753, 0.08172301086990912, 0.23320069039193392], [0.39596507812226894, 0.1443540573325318, 0.15749842223475508, 0.30218244231044417], [0.3536457306796583, 0.17157612563374422, 0.10551505156715578, 0.3692630921194417], [0.29299729244719747, 0.2740877775876328, 0.1838839957706998, 0.24903093419446998], [0.3593314310488019, 0.20778045982000878, 0.16220357417762418, 0.2706845349535653], [0.21652443407384891, 0.14856632860605504, 0.18605977167934631, 0.4488494656407496], [0.28346777215389063, 0.24284313511223668, 0.231580189022489, 0.2421089037113838], [0.19861280277056512, 0.6599254367903584, 0.06564902692483625, 0.07581273351424028], [0.10027847147416138, 0.17099539808205866, 0.07427914714192323, 0.6544469833018567], [0.271647423689411, 0.29025910143148376, 0.16006018126889135, 0.278033293610214], [0.30066010094552326, 0.1391217674012171, 0.19061259495278043, 0.3696055367004792], [0.1460531407268292, 0.507898297243246, 0.08683430957557836, 0.25921425245434637], [0.15887024536755606, 0.31673096433161413, 0.3340767365073187, 0.19032205379351114], [0.6072912722851804, 0.15141674639829006, 0.06195189650781819, 0.1793400848087113], [0.2797750946825252, 0.3253814060571717, 0.1118322993574639, 0.28301119990283935], [0.3759687019018718, 0.10123845937691944, 0.21513890600309252, 0.3076539327181164], [0.1188189403767698, 0.567715282496244, 0.1321209674614603, 0.1813448096655259], [0.42507776868174246, 0.24683432637478112, 0.1157516552250305, 0.21233624971844584], [0.3406123559140512, 0.2784220450744865, 0.059920308958461635, 0.3210452900530008], [0.3446449879065937, 0.25132706914493874, 0.21801742099235127, 0.18601052195611625], [0.4656391511393216, 0.21834045359545262, 0.17585333469599745, 0.14016706056922829], [0.6047139937814411, 0.09775251079291375, 0.13529839741047275, 0.16223509801517247], [0.48099110355684027, 0.11112652943064766, 0.07727398444061336, 0.33060838257189873], [0.08544577417089937, 0.15746933429752064, 0.6144241261619106, 0.14266076536966946], [0.3495617072057124, 0.10529059386316314, 0.2571599736799395, 0.28798772525118504], [0.5900068076803849, 0.0949552631623567, 0.19157351587773402, 0.12346441327952429], [0.35431056931703764, 0.25041019798682557, 0.15216431288532756, 0.2431149198108092], [0.45873443365687433, 0.19870431074184636, 0.07694734150411897, 0.2656139140971604], [0.23582467130277593, 0.185554448149502, 0.16680505802716294, 0.41181582252055915], [0.21124211099481568, 0.4756708639659959, 0.149005667134077, 0.16408135790511144], [0.1429829774660932, 0.4422530518958013, 0.24178295690882434, 0.17298101372928115], [0.0613381485807439, 0.3325221990759214, 0.1720642734186684, 0.4340753789246663]]}}