{"test": {"ids": ["98108410", "98120530", "101110200", "97116500", "112117431", "110117870", "107120130", "111117000", "97106600", "112121351", "101108290", "107114321", "99108890", "97107260", "104114740", "97109080", "108115870", "99111340", "98113881", "107114950", "112121360", "109117600", "109116930", "112118161", "105115720", "98112170", "104118340", "103110100", "102118380", "100120010", "98111620", "112117790", "101109120", "107121640", "113119340", "112116501", "111120531", "110118630", "105113330", "104111380", "108120060", "110115140", "103110840", "105116980", "113120640", "110115980", "104111990", "108120621", "97105580", "108116501", "97116790", "107114140", "109115380", "102108621", "98111670", "104111711", "110115890", "106119580", "97107681", "113120591", "99109141", "109119450", "111116110", "99116500", "107113260", "107115250", "111118810", "111115780", "98108520", "105119950", "103113101", "103120730", "99109840", "112119450", "112118550", "106118520", "98109090", "104113550", "110114950", "111116990", "99114890", "113122170", "109117150", "97106591", "107114200", "99107560", "107114621", "103111830", "105120621", "104113190", "110117500", "102109910", "112117660", "110115710", "108120700", "107114490", "106113260", "111117571", "101108621", "108114360", "101111990", "106118161", "100108990", "108113480", "97106770", "108114670", "109121351", "99109311", "109114270", "108115070", "98117740", "106116120", "102116500", "103111170", "99108310", "105115250", "107114780", "110120560", "101108460", "98108970", "105111990", "110121500", "106114280", "107112850", "108117610", "110116170", "104111550", "110115250", "105112240", "113118620", "109115070", "106115240", "98108370", "104111531", "111121190", "103113170", "110118121", "103118291", "102109850", "105118171", "112116900", "112120640"], "labels": [1, 1, 2, 2, 0, 3, 2, 0, 3, 0, 0, 0, 0, 2, 2, 2, 3, 1, 3, 3, 3, 1, 0, 0, 1, 3, 2, 1, 1, 0, 3, 3, 1, 1, 0, 3, 0, 1, 3, 3, 1, 0, 1, 0, 0, 1, 2, 1, 1, 0, 2, 2, 3, 3, 1, 1, 2, 3, 3, 0, 3, 3, 3, 2, 0, 2, 0, 1, 2, 3, 3, 1, 2, 3, 3, 2, 1, 1, 0, 0, 2, 1, 2, 1, 2, 1, 0, 3, 1, 3, 1, 2, 0, 2, 2, 3, 3, 3, 0, 1, 2, 3, 2, 0, 3, 3, 0, 1, 3, 1, 2, 1, 1, 2, 2, 2, 2, 0, 0, 3, 2, 3, 3, 1, 3, 0, 1, 1, 1, 3, 0, 1, 1, 0, 1, 3, 3, 0, 1, 3, 3, 0], "predicted_labels": [1, 1, 1, 0, 1, 3, 3, 3, 1, 1, 3, 1, 1, 1, 1, 1, 3, 1, 1, 3, 1, 3, 0, 0, 1, 0, 1, 1, 1, 3, 1, 3, 1, 3, 3, 1, 1, 3, 3, 1, 1, 3, 1, 1, 0, 3, 1, 1, 1, 3, 1, 1, 1, 0, 0, 0, 1, 1, 0, 3, 1, 3, 3, 1, 1, 3, 3, 1, 1, 3, 1, 3, 2, 3, 1, 1, 3, 0, 3, 3, 1, 3, 1, 1, 1, 1, 0, 0, 1, 1, 1, 1, 0, 1, 0, 3, 1, 3, 1, 3, 1, 0, 1, 3, 0, 1, 0, 1, 1, 1, 1, 3, 1, 0, 3, 3, 1, 3, 3, 1, 1, 0, 3, 1, 3, 3, 1, 1, 1, 1, 1, 1, 3, 1, 3, 3, 3, 3, 2, 1, 3, 3], "confidence_scores": [[0.22195715232479948, 0.32495288600288574, 0.21240207178442494, 0.24068788988788994], [0.26638130480630495, 0.2747025474525475, 0.20277103174603184, 0.256145115995116], [0.21859141969141976, 0.32394976134976144, 0.17495039405039414, 0.282508424908425], [0.3044652236652237, 0.2682542929292929, 0.19333674936174955, 0.23394373404373428], [0.2758036385183445, 0.32855254973784376, 0.11145286102786107, 0.2841909507159507], [0.19935382672882682, 0.26040950993451006, 0.21155529470529488, 0.3286813686313686], [0.2630227494727495, 0.28569668664668685, 0.15894369373316752, 0.2923368701473965], [0.19264276393541113, 0.2736555999555999, 0.19983127036362333, 0.3338703657453656], [0.2792094516594518, 0.28460152461917154, 0.18683760683760683, 0.24935141688377], [0.22929959484959492, 0.301406177156177, 0.2000809163059164, 0.2692133116883117], [0.2734444000444, 0.2738646242646243, 0.15998876123876132, 0.2927022144522144], [0.3010394752306518, 0.32194278531925613, 0.10971612831612833, 0.2673016111339642], [0.18992076257076268, 0.3276070929070928, 0.20046061438561447, 0.2820115301365302], [0.24847857746828336, 0.3186193218546161, 0.18827026584526585, 0.2446318348318349], [0.22391011488511495, 0.3083484848484849, 0.20638598901098915, 0.2613554112554112], [0.2201392254804021, 0.2942146670323142, 0.22370139860139862, 0.2619447088858855], [0.27792240341358, 0.23811730491730515, 0.17882821426939088, 0.30513207739972437], [0.19970836940836945, 0.28838145743145754, 0.2545408591408593, 0.2573693140193142], [0.2731053965642202, 0.289466584722467, 0.2001726740579682, 0.23725534465534467], [0.2330571206571207, 0.2607378232878235, 0.17256342546342546, 0.3336416305916308], [0.2730949550449551, 0.29321112776112784, 0.1550024531024532, 0.2786914640914643], [0.24356550394050408, 0.24909351204351196, 0.19976788211788218, 0.3075731018981019], [0.30635852480852477, 0.2711581474081475, 0.11980826950826953, 0.30267505827505836], [0.3175493284493283, 0.31294660894660903, 0.1365819125319126, 0.23292215007215017], [0.22435015425750726, 0.3092904856581326, 0.17249740537240546, 0.29386195471195475], [0.305315626040626, 0.23739713619713634, 0.15830358807858813, 0.2989836496836497], [0.2159434398934401, 0.34511141636141623, 0.17407525807525814, 0.2648698856698857], [0.24267852996676523, 0.27638544037661694, 0.2335692470927766, 0.24736678256384145], [0.20597217782217792, 0.3193984606896371, 0.2192542957042958, 0.25537506578388947], [0.2294020701520703, 0.24900358983122137, 0.20023798628272324, 0.32135635373398536], [0.19145117105117124, 0.325624925074925, 0.23009768401533112, 0.2528262198585728], [0.25014441669441684, 0.2541927655677657, 0.180008152958153, 0.3156546647796648], [0.2884592518592518, 0.2938778277278278, 0.15969750249750253, 0.25796541791541794], [0.23291605061605072, 0.2809907249613132, 0.20380321622821634, 0.28229000819442024], [0.27168412143412163, 0.2562011452599689, 0.18859409838527486, 0.28352063492063523], [0.268895426795427, 0.3307618975795446, 0.13993816738816747, 0.2604045082368613], [0.2508324619824621, 0.3511982878232876, 0.14929153346653357, 0.24867771672771674], [0.21766350871350884, 0.29674592711210357, 0.1772147494662202, 0.3083758147081676], [0.27252923481747027, 0.27896192777810414, 0.16030933200786154, 0.2881995053965642], [0.26360086580086606, 0.2997061688311689, 0.15382766955266958, 0.28286529581529596], [0.19929558497058517, 0.31418831250448886, 0.22389066489066514, 0.2626254376342611], [0.26114819069819073, 0.2429380230880232, 0.2096363081363082, 0.2862774780774782], [0.22847063687946054, 0.32025961620079263, 0.19573162597636284, 0.2555381209433844], [0.25131785240902893, 0.31948665223665207, 0.1371734468146234, 0.2920220485396956], [0.2911164807414806, 0.2749018204018203, 0.14789571817071825, 0.2860859806859807], [0.22250045395780696, 0.26945301757066453, 0.18998943278943278, 0.31805709568209567], [0.23120886058386078, 0.3176341472253238, 0.213314054744705, 0.2378429374461108], [0.2844959096459098, 0.3072792707292709, 0.15592421467421472, 0.2523006049506052], [0.23311005742623386, 0.33039656928039274, 0.17777621545121544, 0.2587171578421581], [0.26147380397380415, 0.25727351537351556, 0.14561097236097237, 0.3356417082917083], [0.24116543456543468, 0.28166495171495176, 0.2282043678543679, 0.2489652458652461], [0.22340175380175392, 0.29136676297558645, 0.2096303224553226, 0.2756011607673372], [0.22474524364524376, 0.32865009435009435, 0.17341977642240802, 0.2731848855822541], [0.3245625874125873, 0.23399811577311594, 0.16167436452436457, 0.2797649322899324], [0.298104600954601, 0.24349825256442917, 0.20798924768042418, 0.250407898800546], [0.28712154789654815, 0.28311883394383375, 0.16189547674547683, 0.2678641414141414], [0.23207934647052292, 0.3086365412365413, 0.17623037713920078, 0.2830537351537352], [0.21390464812964824, 0.3120649252708078, 0.23392786804698595, 0.24010255855255855], [0.3293256188256189, 0.2731457042957044, 0.15564589854589872, 0.24188277833277855], [0.22129971139971152, 0.25922802752802776, 0.22323174530148218, 0.29624051577077887], [0.27896000943500954, 0.29588234265734276, 0.1542843767343768, 0.2708732711732714], [0.19146111666111681, 0.28668067488067506, 0.2024680180930182, 0.3193901903651901], [0.26775980130980137, 0.2622829134917371, 0.19639442203823013, 0.2735628631602317], [0.2121381174381175, 0.3063664280164281, 0.2244580586080586, 0.2570373959373961], [0.2191300588300589, 0.3102724886224887, 0.1921904512154513, 0.27840700133200147], [0.24155495060495064, 0.2760922771672773, 0.16219411421911428, 0.320158658008658], [0.24419957819957827, 0.26485326340326343, 0.2074704868231185, 0.28347667157404016], [0.24940246323724588, 0.2753627039627039, 0.22805774780774793, 0.24717708499230254], [0.2795333333333333, 0.3088231546231546, 0.16248540348540363, 0.2491581085581087], [0.25757670940170935, 0.25557161727161737, 0.21505868020868035, 0.27179299311799326], [0.2810775002775003, 0.31009445554445575, 0.18526158286158292, 0.22356646131646138], [0.2267589335501101, 0.26430443445443486, 0.18255223028605394, 0.3263844017094016], [0.2029161838161839, 0.2314298423798424, 0.2983164613164613, 0.2673375124875127], [0.2618684129595895, 0.29123990290754986, 0.15212983682983697, 0.2947618473030238], [0.25428112443112455, 0.29368045843045854, 0.18045191475191494, 0.27158650238650234], [0.22446229326229336, 0.31187234958024423, 0.18963312550023084, 0.27403223165723156], [0.25344602064602084, 0.28374518814518823, 0.17512372072372082, 0.2876850704850706], [0.34044996669996674, 0.22407628482628486, 0.16127923187923202, 0.2741945165945167], [0.24624009797392163, 0.2577002477914243, 0.21682150627150643, 0.27923814796314805], [0.2643426367749899, 0.24210614222378937, 0.17813619158619165, 0.31541502941502947], [0.1610656363244598, 0.3245292152292151, 0.1987329539741306, 0.3156721944721946], [0.222059412809413, 0.2797836163836165, 0.2031042457542458, 0.295052725052725], [0.1946264735264737, 0.29629168054168054, 0.2414742257742259, 0.2676076201576202], [0.24455078059195734, 0.3000954600954601, 0.19199509379509389, 0.2633586655174892], [0.20599899544899558, 0.3573821622821621, 0.17884556277056277, 0.25777327949827955], [0.220102935952936, 0.3624034687534686, 0.15875750360750362, 0.2587360916860918], [0.33546860084360086, 0.2716897463647464, 0.11755446220446217, 0.27528719058719064], [0.2989961094461094, 0.2325290911702677, 0.2086264477352714, 0.2598483516483517], [0.2916777294600825, 0.2957943762120232, 0.12707216117216116, 0.2854557331557332], [0.2180114219114219, 0.3231542901542899, 0.19292704240204264, 0.26590724553224565], [0.23680289155289155, 0.31076996336996343, 0.14603297813297816, 0.3063941669441669], [0.2657666167166167, 0.28295442335442317, 0.1898082972582974, 0.26147066267066277], [0.30468561438561453, 0.24073927183927188, 0.16293130203130216, 0.2916438117438117], [0.22923438554909153, 0.3169535709388649, 0.15500530580530592, 0.2988067377067379], [0.31688388833388825, 0.2822932123432123, 0.11192048507048512, 0.2889024142524143], [0.25232368938251304, 0.27257851396969035, 0.17118110778110773, 0.30391668886668877], [0.22903265623265637, 0.3157226273726274, 0.21057770007770013, 0.24466701631701643], [0.2640636530136532, 0.28534992229992234, 0.13819375624375624, 0.3123926684426686], [0.27489929792429796, 0.28883155455655457, 0.1663309607059608, 0.269938186813187], [0.2369321333894864, 0.2931539055715527, 0.17575502830502834, 0.29415893273393284], [0.20661920024420027, 0.2869771943742532, 0.23634498997734307, 0.2700586154042037], [0.30420725467343107, 0.25723526473526487, 0.16255727605727624, 0.2760002045340282], [0.19426665834165843, 0.2920150516150517, 0.23838832556332576, 0.2753299644799645], [0.19963813245577963, 0.2859048396048396, 0.213409519891873, 0.30104750804750796], [0.26063502608502626, 0.2600712620712622, 0.23023476245976252, 0.24905894938394943], [0.256601454101454, 0.29642117131234774, 0.1757741067755776, 0.2712032678106207], [0.3100575424575424, 0.29025681263181247, 0.14481558441558437, 0.25487006049506056], [0.25836701354201363, 0.3339496364746366, 0.18549546287046292, 0.22218788711288726], [0.27797079032079053, 0.3039796647796647, 0.13687422022422033, 0.28117532467532474], [0.19823619158619174, 0.35823793428793443, 0.20048438783438782, 0.2430414862914864], [0.19465761738261741, 0.3387368131868131, 0.19763689366189374, 0.2689686757686758], [0.23146483712366073, 0.2564432123432124, 0.22778616187733833, 0.28430578865578865], [0.21644083694083716, 0.30461319791319785, 0.21469696414696435, 0.26424900099900117], [0.31792297865533165, 0.3006663653340123, 0.1400370934620935, 0.2413735625485626], [0.24332783882783893, 0.27426812566518444, 0.2035110128433659, 0.27889302266361116], [0.2121905233655234, 0.27359650708768357, 0.2198315215829923, 0.29438144796380084], [0.19630512265512265, 0.36016047563547554, 0.16220385725385736, 0.2813305444555445], [0.23285836940836943, 0.27060800310800304, 0.2131123820623821, 0.2834212454212456], [0.24298974358974373, 0.267126418026418, 0.18770316905316914, 0.3021806693306693], [0.19283054445554465, 0.31476149961149963, 0.24162446719946717, 0.25078348873348866], [0.2220410026248262, 0.33059417249417244, 0.17482650486768136, 0.2725383200133202], [0.2986324481074482, 0.2837054695304697, 0.1533731324231325, 0.26428894993895014], [0.2295647298779654, 0.2723994311244311, 0.19994292537527844, 0.2980929136223255], [0.2466614635364637, 0.3011222333222334, 0.1733758338153076, 0.27884046932599554], [0.22061686091686103, 0.28817733932733935, 0.16101002331002334, 0.3301957764457764], [0.24477167277167294, 0.28121180763680786, 0.12693608540582235, 0.3470804341856974], [0.21547689532689548, 0.3136477545330486, 0.18971998328468928, 0.2811553668553669], [0.25328266178266196, 0.2969308164058164, 0.16256338661338665, 0.2872231351981353], [0.19856002331002334, 0.2938204850704852, 0.2339540888935627, 0.2736654027259291], [0.23596450216450218, 0.32113372738372714, 0.17674498001997996, 0.26615679043179047], [0.29164748780631145, 0.2997395243645244, 0.14563207152324803, 0.2629809163059164], [0.2614843434343437, 0.341732745032745, 0.16128671051171056, 0.23549620102120108], [0.2422981629481631, 0.2645076479076481, 0.19648616938616953, 0.2967080197580198], [0.30631729936729957, 0.3153253135753134, 0.13652845487845497, 0.24182893217893237], [0.23995921709009957, 0.28147338445867837, 0.1743752553002553, 0.30419214315096665], [0.21654506131123794, 0.29169964398346754, 0.1905120407370407, 0.301243253968254], [0.24771738816738825, 0.28729944499944515, 0.17612380397380414, 0.28885936285936276], [0.2544427428780371, 0.27491686891539835, 0.1522288941450707, 0.31841149406149405], [0.2373697968697971, 0.25465891330891344, 0.2558559856809857, 0.25211530414030414], [0.238140775890776, 0.3279446182472497, 0.15984371666345354, 0.2740708891985211], [0.24618827283827296, 0.2875628815628817, 0.17562910977910992, 0.2906197358197358], [0.2907999417249418, 0.23587622655122661, 0.17775339660339667, 0.29557043512043524]]}, "rewritten": {"ids": ["97105580", "97106591", "97106600", "97106770", "97107260", "97107681", "97109080", "97116500", "97116790", "98108370", "98108410", "98108520", "98108970", "98109090", "98111620", "98111670", "98112170", "98113881", "98117740", "98120530", "99107560", "99108310", "99108890", "99109141", "99109311", "99109840", "99111340", "99114890", "99116500", "100108990", "100120010", "101108290", "101108460", "101108621", "101109120", "101110200", "101111990", "102108621", "102109850", "102109910", "102116500", "102118380", "103110100", "103110840", "103111170", "103111830", "103113101", "103113170", "103118291", "103120730", "104111380", "104111531", "104111550", "104111711", "104111990", "104113190", "104113550", "104114740", "104118340", "105111990", "105112240", "105113330", "105115250", "105115720", "105116980", "105118171", "105119950", "105120621", "106113260", "106114280", "106115240", "106116120", "106118161", "106118520", "106119580", "107112850", "107113260", "107114140", "107114200", "107114321", "107114490", "107114621", "107114780", "107114950", "107115250", "107120130", "107121640", "108113480", "108114360", "108114670", "108115070", "108115870", "108116501", "108117610", "108120060", "108120621", "108120700", "109114270", "109115070", "109115380", "109116930", "109117150", "109117600", "109119450", "109121351", "110114950", "110115140", "110115250", "110115710", "110115890", "110115980", "110116170", "110117500", "110117870", "110118121", "110118630", "110120560", "110121500", "111115780", "111116110", "111116990", "111117000", "111117571", "111118810", "111120531", "111121190", "112116501", "112116900", "112117431", "112117660", "112117790", "112118161", "112118550", "112119450", "112120640", "112121351", "112121360", "113118620", "113119340", "113120591", "113120640", "113122170"], "labels": [1, 1, 3, 3, 2, 3, 2, 2, 2, 1, 1, 2, 3, 1, 3, 1, 3, 3, 2, 1, 1, 2, 0, 3, 1, 2, 1, 2, 2, 2, 0, 0, 0, 0, 1, 2, 2, 3, 1, 2, 1, 1, 1, 1, 2, 3, 3, 3, 0, 1, 3, 0, 1, 1, 2, 3, 1, 2, 2, 2, 1, 3, 2, 1, 0, 3, 3, 1, 3, 3, 1, 1, 3, 2, 3, 1, 0, 2, 2, 0, 3, 0, 2, 3, 2, 2, 1, 0, 1, 3, 1, 3, 0, 3, 1, 1, 2, 3, 0, 3, 0, 2, 1, 3, 0, 0, 0, 1, 2, 2, 1, 0, 1, 3, 3, 1, 0, 3, 1, 3, 0, 0, 3, 0, 0, 1, 3, 3, 0, 0, 3, 0, 3, 3, 0, 0, 3, 3, 0, 0, 0, 1], "predicted_labels": [1, 1, 0, 1, 1, 3, 0, 1, 0, 3, 1, 1, 1, 1, 1, 3, 3, 0, 1, 1, 1, 1, 1, 0, 0, 3, 1, 3, 3, 1, 3, 0, 3, 0, 3, 1, 1, 0, 2, 3, 3, 1, 0, 1, 1, 0, 1, 1, 3, 3, 0, 1, 1, 1, 1, 1, 0, 1, 1, 1, 1, 3, 3, 1, 1, 0, 3, 0, 1, 3, 1, 3, 0, 1, 3, 1, 3, 1, 1, 0, 3, 0, 1, 3, 1, 3, 1, 3, 1, 1, 1, 3, 1, 3, 1, 0, 0, 3, 1, 1, 0, 3, 3, 1, 3, 3, 0, 3, 1, 1, 3, 3, 3, 3, 1, 3, 3, 3, 3, 3, 3, 3, 0, 1, 1, 3, 1, 3, 3, 1, 3, 0, 1, 3, 3, 1, 3, 1, 3, 0, 3, 3], "confidence_scores": [[0.18124957264957267, 0.36355271395271366, 0.1887904539904541, 0.26640725940725946], [0.28555037021801744, 0.30095881895881915, 0.16382808857808875, 0.24966272224507538], [0.31870326177090874, 0.25331801450183805, 0.16817700910200914, 0.2598017146252441], [0.2492399109060874, 0.26843840277369707, 0.21992070429570434, 0.2624009820245116], [0.23000192617839688, 0.3054792322057029, 0.2094024031524034, 0.2551164384634975], [0.2972805916305917, 0.27297187926452643, 0.12653827561327569, 0.3032092534916065], [0.2792384892884895, 0.26231513209013213, 0.230661557886558, 0.2277848207348209], [0.2763866106116107, 0.281600889796478, 0.19270470640470658, 0.2493077931872051], [0.2646494691582928, 0.26182412032412045, 0.21413040652158313, 0.25939600399600415], [0.24816185954568315, 0.26035338436073735, 0.1980809971074679, 0.2934037589861121], [0.253360694860695, 0.28701493506493503, 0.2096938727938729, 0.24993049728049752], [0.274327399355031, 0.3090846903096904, 0.1601616404063773, 0.2564262699289016], [0.2000297480297481, 0.30849821012321005, 0.22939934232434236, 0.2620726995226997], [0.247451221001221, 0.2930047543959308, 0.19234963174080827, 0.26719439286203994], [0.19237887667887668, 0.3399893495393498, 0.22959770784770797, 0.23803406593406617], [0.25023924131424136, 0.2469925804587571, 0.22603288737406382, 0.27673529085293813], [0.26490227550227563, 0.24965924630924638, 0.19147027417027412, 0.29396820401820406], [0.2897522429325062, 0.2880362054612054, 0.15002424797424807, 0.2721873036320405], [0.24073706293706304, 0.3225126512376511, 0.19523151015651025, 0.24151877566877578], [0.2416647065494891, 0.2874339715839716, 0.1999301420801421, 0.2709711797863973], [0.24644355264618434, 0.33498754578754575, 0.18735349299822984, 0.23121540856804026], [0.24480552780552786, 0.28454886029003695, 0.236802510561334, 0.2338431013431014], [0.21856069208569212, 0.3288105884311769, 0.18745449272949288, 0.26517422675363866], [0.3561343018093017, 0.25819588189588205, 0.14706310356310362, 0.2386067127317129], [0.29280047730047726, 0.2802228826728828, 0.15628325563325574, 0.27069338439338453], [0.22118103913630244, 0.2355805916305918, 0.25550473970473986, 0.2877336295283665], [0.26756599593217245, 0.32766555307437656, 0.16364536852036865, 0.2411230824730827], [0.23229287554550718, 0.26262196333078686, 0.18134293688767383, 0.32374222423603244], [0.1976692993281229, 0.28313159063159066, 0.21811139775257435, 0.30108771228771253], [0.20731374458874471, 0.32500028027528033, 0.22823072760572757, 0.23945524753024777], [0.23479018759018772, 0.2488827228327229, 0.23700333000333026, 0.27932375957375966], [0.3113726110490818, 0.2916970803706098, 0.13858572538572547, 0.2583445831945831], [0.25485407370407365, 0.2505334720834721, 0.19466086691086695, 0.29995158730158733], [0.3170203443615209, 0.26320495533877897, 0.14022288544788555, 0.27955181485181496], [0.2586731249143015, 0.25152082917082913, 0.1869962537462538, 0.3028097921686157], [0.20747875457875473, 0.3175395271395272, 0.21292524697524698, 0.2620564713064716], [0.18927603507603508, 0.30704314982403214, 0.26465533877886843, 0.23902547632106455], [0.3419285880785881, 0.2742013506101743, 0.13547695441813096, 0.24839310689310706], [0.21096428571428585, 0.25685274170274175, 0.2713926906426906, 0.26079028194028203], [0.25722170607170614, 0.24987602397602407, 0.19622980352980354, 0.29667246642246636], [0.2264971861471864, 0.27448357198357193, 0.1898595487845488, 0.30915969308469293], [0.20236376401376419, 0.31551113331113334, 0.198920634920635, 0.2832044677544678], [0.2923622433122432, 0.27110555278055265, 0.1901171883671883, 0.24641501554001546], [0.24216558441558456, 0.3315810706837024, 0.17087992562992568, 0.2553734192707877], [0.2601100510600513, 0.29318532578532575, 0.1797083083583085, 0.2669963147963147], [0.35437366522366504, 0.22857377981495633, 0.1524273745861982, 0.2646251803751804], [0.26857137111254764, 0.308873325650957, 0.17627184327540368, 0.24628345996109174], [0.2160615975527742, 0.32379326229326244, 0.19376206571206578, 0.2663830744418981], [0.30007535438417804, 0.25179230214230225, 0.13486738620856273, 0.3132649572649574], [0.23275832859950507, 0.26512340992341005, 0.1723724068415245, 0.32974585463556033], [0.2983068736818737, 0.2664757298257299, 0.1780584221334222, 0.25715897435897445], [0.30780068820068834, 0.31472746697746695, 0.13123238983238986, 0.24623945498945504], [0.2261200965700968, 0.3028761147349383, 0.18248784352902006, 0.28851594516594514], [0.2697832750582752, 0.2870554945054943, 0.17266644466644476, 0.2704947857697857], [0.24607890442890448, 0.3248358954770718, 0.1894538577521551, 0.2396313423418688], [0.26601322011322015, 0.3502181374181375, 0.1376571706071707, 0.24611147186147198], [0.3127383838383839, 0.21468938838938847, 0.16223019203019212, 0.3103420357420358], [0.23929590409590423, 0.3146032523032522, 0.16288107725607728, 0.2832197663447665], [0.22819958374958385, 0.29450636585636597, 0.18679669219669248, 0.2904973581973581], [0.21853240011622363, 0.33419267954267945, 0.15877421271538925, 0.2885007076257076], [0.17905500414618067, 0.3164836219336221, 0.20434013013130647, 0.30012124378889077], [0.2884958576511208, 0.26914890664890667, 0.1434419635919636, 0.29891327210800905], [0.2373483072483073, 0.2752911949161949, 0.19695748695748702, 0.2904030108780108], [0.23553181263181275, 0.31092640692640683, 0.15181077110024488, 0.3017310093415357], [0.237758732933733, 0.31646137751137754, 0.14807724220224233, 0.2977026473526474], [0.31138189033189034, 0.29463909260673976, 0.13051493506493514, 0.263464081996435], [0.25081149406149406, 0.2291090076590078, 0.20851008991009004, 0.31156940836940866], [0.31580675631558003, 0.2468070005158242, 0.12765243253478548, 0.3097338106338108], [0.23145366300366313, 0.3413840215340216, 0.16588281718281733, 0.26127949827949837], [0.23216638361638375, 0.24340301365301376, 0.19167410922410935, 0.33275649350649356], [0.26081391549626864, 0.335071732189379, 0.15279011544011548, 0.251324236874237], [0.23265694779077148, 0.24105553890553902, 0.21924823868941512, 0.30703927461427444], [0.3120881313131314, 0.2877457689369455, 0.14658262015762022, 0.25358347959230315], [0.2679351370851372, 0.29957673992674, 0.14135334665334667, 0.2911347763347763], [0.20037921522921526, 0.2722437769746593, 0.24091636288548055, 0.286460644910645], [0.2116114496614497, 0.3232566175654411, 0.18236204009269033, 0.2827698926804191], [0.24750000914118556, 0.24882427017427042, 0.2027778202189968, 0.3008979004655474], [0.21172702852702857, 0.296071744595274, 0.2345896792749736, 0.2576115476027244], [0.20038288770053483, 0.3170211974300206, 0.18308743837861494, 0.2995084764908295], [0.328237506937507, 0.2752031674208146, 0.11800092130092134, 0.27855840434075746], [0.20902412309912324, 0.2891084720834723, 0.18350137085137092, 0.318366033966034], [0.3168621913174546, 0.2546740342990344, 0.1511077866577867, 0.27735598772572456], [0.2000215007215008, 0.34471608362397804, 0.21131937185621402, 0.24394304379830692], [0.2540497335997337, 0.25376698856698865, 0.1671585248085249, 0.3250247530247532], [0.23990853786736155, 0.2827002775002777, 0.20921908451026108, 0.26817210012210024], [0.26505537518037525, 0.26098059718059724, 0.1662039029683767, 0.3077601246706508], [0.21817742812742827, 0.2803680892636776, 0.23330334665334676, 0.26815113595554774], [0.20782545787545792, 0.2920418460624343, 0.20119028749028767, 0.2989424085718206], [0.26421658896658906, 0.27306361057243417, 0.19165383032000688, 0.2710659701409701], [0.252257559107559, 0.28967024642024636, 0.1755059163059165, 0.2825662781662783], [0.20734000444000464, 0.3573219682278505, 0.18919567523979283, 0.24614235209235222], [0.27637031106148735, 0.22289730824730863, 0.20102784519402175, 0.29970453549718257], [0.28392997280497273, 0.28967486402486414, 0.16995934898434906, 0.25643581418581424], [0.23653784940549652, 0.2927496114996115, 0.14178256628991925, 0.3289299728049727], [0.21990198135198138, 0.2981530433618668, 0.21673712757830405, 0.26520784770784794], [0.2982715887054122, 0.2764055833055834, 0.16204616021233673, 0.2632766677766678], [0.3015983627483627, 0.2969473304473304, 0.13512493617493623, 0.26632937062937084], [0.27061027387645054, 0.2728027456203927, 0.15940110445110442, 0.29718587605205243], [0.22834160839160844, 0.31785386835386836, 0.19162089299589308, 0.2621836302586305], [0.2514859307359308, 0.288968831168831, 0.1834264790764792, 0.27611875901875904], [0.3226738483738481, 0.282357930957931, 0.10407617937617938, 0.2908920412920416], [0.24339410034410042, 0.26688621933621925, 0.20807810522810535, 0.28164157509157517], [0.21060129870129876, 0.23852274947274943, 0.20602973137973138, 0.34484622044622015], [0.21358331178625306, 0.29469691974691964, 0.21435347658877082, 0.2773662918780567], [0.2789267288267289, 0.27819708624708617, 0.15425762015762023, 0.2886185647685649], [0.2590396499699133, 0.24112609057609063, 0.2140766511266512, 0.28575760832734515], [0.2812083527583529, 0.23087771672771684, 0.21482288267288277, 0.27309104784104776], [0.2327635478900186, 0.290377849601379, 0.18281343101343117, 0.2940451714951716], [0.21317096237096245, 0.30371114996114984, 0.18326088911088914, 0.29985699855699877], [0.2495323676323677, 0.29225541876424205, 0.17739755603873258, 0.28081465756465773], [0.23354799089799078, 0.25628749028749037, 0.18959170274170278, 0.3205728160728159], [0.27514075369075386, 0.28272757797757797, 0.11935049015312182, 0.32278117817854657], [0.22003009768009782, 0.2686784160284159, 0.20207008547008562, 0.309221400821401], [0.20230490620490624, 0.2737336108336109, 0.23362183372183373, 0.2903396492396495], [0.284130478181949, 0.29770568287921223, 0.1680707459207461, 0.2500930930180933], [0.24545352817117538, 0.2645483960483961, 0.1747279403602934, 0.3152701354201354], [0.2660649259237494, 0.2473110361860364, 0.20910333636951287, 0.27752070152070163], [0.2553929110105581, 0.2896215697700991, 0.14639106808224456, 0.30859445113709827], [0.22581900599400612, 0.25170567961450324, 0.24489323813441474, 0.2775820762570763], [0.25114292096792107, 0.2716926620764855, 0.1889039635201401, 0.2882604534354535], [0.2614828060828062, 0.24142692307692343, 0.19085424852924854, 0.30623602231102226], [0.20736988566988576, 0.2784022366522367, 0.19038352203352218, 0.3238443556443559], [0.30105876509111795, 0.2740282113311526, 0.15668020313020317, 0.2682328204475263], [0.2778042180042179, 0.29640624375624386, 0.15933631368631374, 0.2664532245532247], [0.29301388056388056, 0.29712251082251084, 0.12894499389499398, 0.2809186147186149], [0.2712693447075802, 0.2518335858585859, 0.18435442221177517, 0.29254264722205897], [0.2550040959040959, 0.3271679570429568, 0.12285937950937954, 0.2949685675435675], [0.2195468642468643, 0.2898067266067266, 0.1878003052503054, 0.302846103896104], [0.27730115995115995, 0.299107065157065, 0.11211941391941398, 0.31147236097236103], [0.2824464053919936, 0.298230946830947, 0.14086880896880905, 0.2784538388082508], [0.2800188597350362, 0.25359471361971364, 0.1645275058275059, 0.30185892081774446], [0.3185336663336663, 0.304386752136752, 0.1362783383283384, 0.24080124320124324], [0.2512597838436075, 0.28164879009879024, 0.20042811436929078, 0.26666331168831175], [0.27625901239283607, 0.2596548931460696, 0.157134756909757, 0.30695133755133747], [0.283909002109002, 0.24128267843267853, 0.16005086580086592, 0.3147574536574539], [0.29329804998922626, 0.29490381007881017, 0.17464879956644674, 0.23714934036551694], [0.2648030525030525, 0.28464150849150843, 0.14060404040404048, 0.30995139860139853], [0.26505692085692095, 0.3052578754578754, 0.1784673437673439, 0.25121785991786005], [0.2735177877677877, 0.2664579662167897, 0.15757356336474004, 0.30245068265068287], [0.290565909090909, 0.2604119935619936, 0.16421026196026198, 0.28481183538683547], [0.29057156650538984, 0.24242253857253868, 0.16315709094826744, 0.3038488039738039], [0.23508487900987907, 0.2680310189810188, 0.200014973914974, 0.29686912809412813]]}}