{"test": {"ids": ["107118820", "111120540", "112118581", "98106111", "98108410", "113121680", "98112170", "113118820", "99108890", "100107920", "109115211", "108114180", "105115570", "112116990", "102117351", "111120640", "99107950", "109116441", "107113170", "112119450", "112118511", "108113760", "105121190", "103111170", "110116441", "102113350", "111119290", "108115070", "113119930", "112117431", "105113210", "109116170", "111119610", "107113840", "113120540", "99108330", "108119550", "111120260", "102112170", "107113130", "103111830", "104119340", "108117720", "111118301", "97107821", "99114890", "113119340", "101111210", "110120700", "104114320", "110121720", "104113240", "105112260", "112116900", "110117110", "104114740", "100108490", "101108950", "99110050", "103117461", "113119120", "111117571", "104113380", "105113330", "108121351", "110118630", "107114780", "112120670", "112121010", "113121950", "113119480", "109118161", "97107681", "113122160", "104117630", "108120260", "105118171", "112117461", "107114490", "111120190", "107117010", "100108260", "101111310", "105113480", "103117200", "112117780", "99109740", "107116300", "103111990", "112117580", "110118701", "108119330", "101108621", "109113591", "113120260", "112119120", "99108710", "101110740", "108117360", "110118301", "100120010", "113117340", "107121640", "110114610", "100109910", "110118121", "103112470", "101112690", "109119450", "108118060", "106116441", "109117730", "113122170", "112118810", "111121410", "98109230", "111119340", "111121190", "111120531", "100111390", "110113591", "108114040", "101111620", "113118630", "113117550", "113117630", "113121810", "113119300", "97106820", "103113101", "112116401", "99117740", "107116980", "108121160", "112116540", "98110810", "112116640", "110119030", "112118471", "99112531", "98109090", "106118520"], "labels": [3, 1, 1, 0, 1, 1, 3, 0, 0, 0, 0, 1, 0, 0, 1, 0, 1, 3, 0, 3, 1, 1, 2, 2, 3, 3, 3, 1, 1, 0, 3, 0, 2, 3, 3, 1, 1, 3, 3, 1, 3, 1, 1, 3, 2, 2, 0, 2, 2, 2, 3, 2, 3, 3, 0, 2, 2, 2, 3, 0, 3, 3, 1, 3, 3, 1, 2, 2, 2, 3, 3, 0, 3, 3, 0, 1, 3, 0, 3, 3, 1, 3, 3, 0, 0, 0, 3, 0, 2, 0, 3, 0, 0, 3, 3, 1, 2, 3, 1, 1, 0, 2, 1, 1, 2, 3, 1, 1, 3, 1, 0, 3, 1, 3, 0, 1, 3, 1, 0, 2, 0, 0, 3, 3, 3, 0, 2, 1, 1, 3, 0, 2, 3, 2, 1, 1, 0, 0, 1, 3, 1, 2], "predicted_labels": [3, 0, 3, 1, 3, 1, 0, 0, 1, 0, 3, 1, 1, 1, 1, 1, 1, 0, 1, 1, 3, 1, 1, 1, 3, 3, 3, 3, 1, 0, 3, 1, 3, 0, 3, 3, 2, 3, 3, 0, 1, 1, 3, 1, 1, 3, 0, 1, 3, 1, 1, 1, 1, 1, 1, 1, 1, 1, 3, 1, 3, 3, 3, 3, 1, 1, 1, 3, 1, 0, 3, 1, 1, 3, 1, 1, 1, 0, 1, 3, 1, 1, 1, 1, 1, 1, 3, 1, 1, 3, 1, 3, 1, 1, 1, 3, 3, 3, 1, 1, 2, 1, 3, 1, 3, 1, 1, 0, 3, 1, 0, 1, 1, 1, 3, 2, 1, 1, 1, 1, 1, 1, 3, 1, 3, 1, 0, 1, 1, 0, 0, 0, 1, 0, 1, 1, 3, 3, 1, 1, 1, 1], "confidence_scores": [[0.2081608569742456, 0.2795860431490132, 0.19776747114152882, 0.3144856287352125], [0.2921930285305539, 0.2697256104340249, 0.19504625388203284, 0.24303510715338836], [0.22112123977516707, 0.28480331254130514, 0.18677530699001788, 0.30730014069351], [0.24483149615001767, 0.2923267782416328, 0.19005680196796984, 0.2727849236403795], [0.2476652915781524, 0.2442964941029842, 0.2354322506385726, 0.27260596368029105], [0.2609335517456853, 0.318312929056377, 0.19946114593960643, 0.22129237325833176], [0.30476859928484035, 0.25941960118376, 0.13782610685538713, 0.2979856926760126], [0.27131637840512207, 0.26067261759213084, 0.2122503255138443, 0.25576067848890266], [0.21820019371538402, 0.30638906046464953, 0.19033062055014396, 0.28508012526982257], [0.2884999935895422, 0.2744118911486315, 0.17185967007677008, 0.26522844518505617], [0.23399573109902458, 0.2725119049358936, 0.19808779711728758, 0.29540456684779426], [0.2628540952232429, 0.3039565349477425, 0.18223753484699579, 0.2509518349820189], [0.24764035830646627, 0.30826077309320876, 0.15749490083687925, 0.2866039677634453], [0.2398117565984677, 0.29194372698165816, 0.22136927220775335, 0.24687524421212093], [0.2787748755223328, 0.32182115909975345, 0.17769772187198155, 0.22170624350593243], [0.24940643008426555, 0.3044723339508309, 0.20226270986640416, 0.24385852609849967], [0.2057941688078806, 0.27060053495484193, 0.25895120790572806, 0.2646540883315495], [0.303258704040019, 0.24776405540872887, 0.153123059917069, 0.295854180634183], [0.22904246390274896, 0.30731838813052453, 0.15919781571294456, 0.30444133225378184], [0.26620221389233395, 0.2950006313764165, 0.17219420282665496, 0.26660295190459476], [0.22747687558861188, 0.29140384224515775, 0.18018049177075862, 0.3009387903954717], [0.2405913098352642, 0.2892697513533781, 0.19989597207838058, 0.27024296673297715], [0.18538248301392343, 0.34774930420672495, 0.19127928458794316, 0.2755889281914088], [0.27217377639655355, 0.29962964288308075, 0.15304596703477924, 0.2751506136855864], [0.217697346028521, 0.29351216608490205, 0.17122019369873973, 0.31757029418783744], [0.2448115635160434, 0.2692544433941008, 0.1711568642044873, 0.31477712888536863], [0.23878518795619086, 0.24758070265572873, 0.21969540660468098, 0.2939387027833998], [0.23879496926241223, 0.2807318304070476, 0.19056560706700054, 0.28990759326353976], [0.24979100643543603, 0.29999273246929836, 0.21407342531690454, 0.23614283577836126], [0.2696281116216327, 0.26515898689820944, 0.19581632587507003, 0.2693965756050876], [0.2508390664254793, 0.24750549040925368, 0.19676337256219945, 0.30489207060306767], [0.2677570582604832, 0.3369306681547028, 0.1626281434827678, 0.23268413010204608], [0.24063179878584853, 0.2790960229617285, 0.1834618059828662, 0.29681037226955703], [0.30978857632315215, 0.2808439992163516, 0.19693971810566294, 0.2124277063548333], [0.23764410649092033, 0.255493295925249, 0.16976387776619983, 0.33709871981763084], [0.23267663190097118, 0.2726693630640163, 0.20232016206777723, 0.29233384296723514], [0.2576848563788781, 0.23065103988158697, 0.2583285766022664, 0.25333552713726887], [0.2573834695393531, 0.260522764529375, 0.20593133113016399, 0.2761624348011079], [0.2546949169171932, 0.26627264334657363, 0.1888345476001076, 0.2901978921361257], [0.25833788892022014, 0.25780244027704086, 0.2266520920726554, 0.2572075787300837], [0.27145141282117513, 0.28845460124596384, 0.16930232086824185, 0.2707916650646192], [0.2056768048110567, 0.30302369532315926, 0.19302653206815332, 0.2982729677976307], [0.2534705979113848, 0.2933048631792904, 0.1557186352915863, 0.2975059036177384], [0.27023219493540185, 0.2845657340935321, 0.18281269127484204, 0.2623893796962241], [0.2585319025373327, 0.2743868044469508, 0.22683752326045148, 0.24024376975526532], [0.21975143156851412, 0.2522837082607204, 0.2295897601929346, 0.2983750999778311], [0.3079085083464086, 0.2720602879909184, 0.19545621815675066, 0.22457498550592236], [0.23713075365865394, 0.2958574424421382, 0.1915183695179486, 0.2754934343812592], [0.2201154721095332, 0.2157210902773767, 0.22500548283130895, 0.3391579547817812], [0.22019243225397758, 0.2895750930902841, 0.21801780164460138, 0.2722146730111371], [0.2501019597803279, 0.3187697999250153, 0.1640978313655268, 0.2670304089291299], [0.2359418077355901, 0.3061594746870696, 0.21379017513988996, 0.24410854243745062], [0.24676299516910835, 0.346833974638308, 0.16448149524061112, 0.24192153495197263], [0.2788647861745548, 0.3153440715313319, 0.16226814435043266, 0.2435229979436807], [0.2226245901997116, 0.3393951909229444, 0.2057772677992934, 0.23220295107805047], [0.22331200343850455, 0.3260217514190222, 0.18034142667410902, 0.2703248184683643], [0.24400540144630173, 0.27707424421525256, 0.24791180838116417, 0.23100854595728165], [0.1980344159478015, 0.3320694667229123, 0.191891130855726, 0.2780049864735605], [0.26584888894924324, 0.2873784623535746, 0.15655578739758536, 0.2902168612995967], [0.28850934725143035, 0.3056683964467389, 0.18126622468838033, 0.2245560316134506], [0.23198755616115704, 0.28576683280918425, 0.15296070435527676, 0.329284906674382], [0.2336054590804136, 0.2643511667426229, 0.20780499798299107, 0.29423837619397264], [0.20146464305649533, 0.2802790856273282, 0.18082845209604426, 0.3374278192201325], [0.26713396198264416, 0.239560137690016, 0.20831306145217393, 0.2849928388751661], [0.27704751496776325, 0.2879265956955785, 0.15776944225626904, 0.27725644708038927], [0.22066501977833755, 0.3207076841475536, 0.18184441877790397, 0.276782877296205], [0.24490081398461283, 0.33181576796155576, 0.17277861834954714, 0.2505047997042844], [0.22037645657775878, 0.2695957674629015, 0.1949670143440622, 0.31506076161527735], [0.2534633092027635, 0.284081072221844, 0.19233919065880795, 0.27011642791658474], [0.31287891535970014, 0.2967513023914599, 0.15596675098386797, 0.23440303126497192], [0.22003990323390077, 0.2700830188405495, 0.21026766560030516, 0.29960941232524485], [0.2896886434035641, 0.307558692021248, 0.16029744928687986, 0.24245521528830805], [0.28419504533822104, 0.297728129318171, 0.17508009265646343, 0.24299673268714472], [0.22573337252248216, 0.293329886650318, 0.18448229317138576, 0.29645444765581425], [0.2302664856741668, 0.33794958671361897, 0.17273905615563648, 0.25904487145657773], [0.272390114051749, 0.3021051321844134, 0.15708869531541628, 0.26841605844842165], [0.2863038369684238, 0.2999705199489622, 0.14061776256171363, 0.2731078805209005], [0.29949957599792104, 0.2969297208947463, 0.16511730172398567, 0.23845340138334695], [0.24266760949637142, 0.2972732761634492, 0.1682727988493979, 0.29178631549078143], [0.2486029399176125, 0.2413481156870688, 0.22603850622463914, 0.2840104381706796], [0.23874341446727704, 0.25953607745937335, 0.24831156211860775, 0.25340894595474184], [0.24741780218239617, 0.28043732145948913, 0.20592717758510612, 0.2662176987730088], [0.23316470031343908, 0.2932384216133783, 0.23864103419395366, 0.2349558438792292], [0.2361128653000155, 0.2827792373979536, 0.21080687565873238, 0.27030102164329856], [0.267001342510417, 0.3102910392145817, 0.1882258899873709, 0.2344817282876304], [0.2583946216690263, 0.29228930831238736, 0.18014533794600707, 0.2691707320725792], [0.23506714639452853, 0.24917070860405116, 0.24453419251552824, 0.27122795248589215], [0.20832081310898964, 0.31779290383395503, 0.19974535688875864, 0.2741409261682966], [0.2628655155005669, 0.28685988197122536, 0.17024445112747993, 0.28003015140072796], [0.29038516387803437, 0.27636636355927957, 0.14171140879117014, 0.29153706377151606], [0.24615451666996274, 0.2737448233506586, 0.21893665286681885, 0.2611640071125601], [0.2764231244756492, 0.2625215608038189, 0.18349767313770118, 0.2775576415828309], [0.2616735861659101, 0.292222937305063, 0.20226080424115195, 0.24384267228787496], [0.2568265547795021, 0.3375961150140023, 0.16709944466198226, 0.2384778855445133], [0.2623748560661577, 0.31641511559620455, 0.14976780275768406, 0.2714422255799537], [0.27812067699226295, 0.27329989313907516, 0.16497181857302565, 0.2836076112956366], [0.23024600221685937, 0.24551902462878755, 0.2570982585967572, 0.26713671455759613], [0.19662854323832504, 0.26693516806717055, 0.1976897368256651, 0.3387465518688395], [0.2456220851576436, 0.27585505533018545, 0.2055228762051206, 0.2729999833070505], [0.2548977530979514, 0.2851876942036981, 0.2214999268186277, 0.23841462587972287], [0.2571355542865567, 0.25985932172602144, 0.26104123479596897, 0.22196388919145293], [0.24146868794283335, 0.3378081296450624, 0.19593577281199867, 0.22478740960010565], [0.2728173862890244, 0.249523813737948, 0.20237376211081368, 0.2752850378622141], [0.2096922575936974, 0.28218171985532625, 0.2535391445686615, 0.25458687798231483], [0.27579024597811846, 0.24443782516492063, 0.1927290097974457, 0.28704291905951557], [0.2625475157838847, 0.29863517559894664, 0.1822011839667516, 0.25661612465041694], [0.28251050926251975, 0.2849108101397831, 0.18866946098310153, 0.24390921961459544], [0.2733179486875886, 0.23843695792858607, 0.21913982739373458, 0.26910526599009116], [0.2358092400618514, 0.26085775571354686, 0.2014336071706905, 0.30189939705391144], [0.2357864236011551, 0.29341380525531774, 0.21806320993923983, 0.2527365612042873], [0.29527739347387055, 0.2891787510527323, 0.15342683638013896, 0.26211701909325824], [0.23067263198636734, 0.27186176802385265, 0.23975484904095462, 0.2577107509488254], [0.1858106677614237, 0.3692788052361719, 0.21405007392150824, 0.23086045308089667], [0.27202082341192335, 0.2789470267033155, 0.18117588900291481, 0.2678562608818464], [0.2287932748936946, 0.2815899297978449, 0.1654401782848103, 0.32417661702365047], [0.25246091535876247, 0.22154295179794498, 0.2737869498889662, 0.25220918295432665], [0.1926122910644133, 0.29921429918803705, 0.228849324415345, 0.2793240853322046], [0.27572117993058365, 0.2960589891067752, 0.20198423892296094, 0.22623559203968024], [0.24935004155357, 0.3517420603140489, 0.1691220239045241, 0.22978587422785707], [0.2676658907638375, 0.2851625849809371, 0.17808382000135223, 0.2690877042538733], [0.24068644269710046, 0.2996484444238128, 0.1738693350315612, 0.28579577784752574], [0.2373290978756304, 0.278345546729859, 0.2520540481613517, 0.23227130723315897], [0.24444064884305333, 0.2534681447898734, 0.22069693259437856, 0.28139427377269477], [0.22371782524990813, 0.3091377020764305, 0.22108484836162248, 0.2460596243120388], [0.221231918486836, 0.2862278862350627, 0.18238298160270439, 0.31015721367539717], [0.24773352686981367, 0.27327559599848894, 0.22395741411830708, 0.2550334630133904], [0.2845077288638886, 0.26576544864205465, 0.18580439342131924, 0.26392242907273766], [0.2338533490742937, 0.30072904718399046, 0.1836384619216204, 0.2817791418200954], [0.2265476970757966, 0.30080345376618306, 0.17734422824638446, 0.29530462091163623], [0.27680834552703276, 0.27379236964188663, 0.20942883903670112, 0.23997044579437954], [0.3392804562895019, 0.2468272911664713, 0.17417701670875257, 0.23971523583527435], [0.3019490248566878, 0.2481906833476993, 0.17820714316953906, 0.27165314862607404], [0.2646034163020125, 0.30897314059984526, 0.1478831030919337, 0.27854034000620814], [0.26537946901472415, 0.26080399046371844, 0.21688442400587984, 0.25693211651567754], [0.213798380192588, 0.3245051862647633, 0.22488600767357106, 0.23681042586907783], [0.2555763760740153, 0.27841816807064285, 0.19738038283380496, 0.26862507302153693], [0.22291113060075904, 0.29843839665684446, 0.15559253815114982, 0.3230579345912467], [0.18370500901160708, 0.2812864574481572, 0.21978089015514599, 0.31522764338508974], [0.2669243745873007, 0.29805149312933255, 0.1869127482319548, 0.24811138405141198], [0.262920150228233, 0.2895797522411493, 0.19115013473406411, 0.2563499627965536], [0.2698958470258279, 0.28714653938796725, 0.183856907121192, 0.259100706465013], [0.2246925353795243, 0.29445067664812835, 0.2248697982794118, 0.2559869896929355]]}, "rewritten": {"ids": ["97106820", "97107681", "97107821", "98106111", "98108410", "98109090", "98109230", "98110810", "98112170", "99107950", "99108330", "99108710", "99108890", "99109740", "99110050", "99112531", "99114890", "99117740", "100107920", "100108260", "100108490", "100109910", "100111390", "100120010", "101108621", "101108950", "101110740", "101111210", "101111310", "101111620", "101112690", "102112170", "102113350", "102117351", "103111170", "103111830", "103111990", "103112470", "103113101", "103117200", "103117461", "104113240", "104113380", "104114320", "104114740", "104117630", "104119340", "105112260", "105113210", "105113330", "105113480", "105115570", "105118171", "105121190", "106116441", "106118520", "107113130", "107113170", "107113840", "107114490", "107114780", "107116300", "107116980", "107117010", "107118820", "107121640", "108113760", "108114040", "108114180", "108115070", "108117360", "108117720", "108118060", "108119330", "108119550", "108120260", "108121160", "108121351", "109113591", "109115211", "109116170", "109116441", "109117730", "109118161", "109119450", "110113591", "110114610", "110116441", "110117110", "110118121", "110118301", "110118630", "110118701", "110119030", "110120700", "110121720", "111117571", "111118301", "111119290", "111119340", "111119610", "111120190", "111120260", "111120531", "111120540", "111120640", "111121190", "111121410", "112116401", "112116540", "112116640", "112116900", "112116990", "112117431", "112117461", "112117580", "112117780", "112118471", "112118511", "112118581", "112118810", "112119120", "112119450", "112120670", "112121010", "113117340", "113117550", "113117630", "113118630", "113118820", "113119120", "113119300", "113119340", "113119480", "113119930", "113120260", "113120540", "113121680", "113121810", "113121950", "113122160", "113122170"], "labels": [1, 3, 2, 0, 1, 1, 1, 1, 3, 1, 1, 2, 0, 3, 3, 3, 2, 2, 0, 3, 2, 2, 2, 0, 0, 2, 3, 2, 3, 3, 1, 3, 3, 1, 2, 3, 2, 1, 3, 0, 0, 2, 1, 2, 2, 0, 1, 3, 3, 3, 0, 0, 3, 2, 0, 2, 1, 0, 3, 3, 2, 0, 3, 1, 3, 1, 1, 0, 1, 1, 1, 1, 1, 0, 1, 1, 2, 3, 3, 0, 0, 3, 3, 0, 3, 0, 1, 3, 0, 3, 1, 1, 3, 0, 2, 3, 3, 3, 3, 3, 2, 3, 3, 0, 1, 0, 1, 0, 0, 1, 0, 3, 0, 0, 0, 0, 0, 1, 1, 1, 3, 1, 3, 2, 2, 2, 3, 0, 3, 0, 3, 1, 0, 3, 1, 3, 3, 1, 2, 3, 3, 1], "predicted_labels": [1, 0, 0, 1, 1, 1, 0, 1, 0, 1, 3, 0, 1, 3, 1, 1, 1, 0, 0, 3, 1, 3, 0, 1, 0, 1, 3, 1, 3, 0, 0, 0, 1, 1, 1, 1, 0, 1, 1, 1, 3, 1, 3, 1, 1, 1, 1, 1, 0, 3, 1, 1, 1, 1, 1, 1, 1, 1, 1, 1, 1, 1, 3, 3, 3, 3, 1, 1, 3, 3, 1, 0, 1, 3, 0, 0, 3, 0, 1, 3, 0, 3, 3, 0, 3, 3, 1, 1, 1, 1, 1, 1, 1, 3, 3, 1, 1, 0, 3, 3, 3, 3, 3, 1, 0, 1, 3, 1, 0, 1, 3, 1, 0, 1, 0, 1, 1, 1, 1, 3, 0, 1, 1, 3, 1, 1, 3, 3, 1, 1, 3, 1, 1, 1, 0, 0, 3, 1, 3, 1, 1, 1], "confidence_scores": [[0.2670010379507753, 0.3004853102162356, 0.184480099871188, 0.24803355196180113], [0.3115923828694017, 0.27917748357776206, 0.18426756440642278, 0.2249625691464136], [0.31316964094906935, 0.23817737007277656, 0.1921444012879701, 0.2565085876901841], [0.27956105286400046, 0.28470802487159497, 0.20107546157699344, 0.23465546068741122], [0.23195396709582652, 0.2819654296144004, 0.22375955859494387, 0.2623210446948294], [0.265880089320945, 0.28535116332781135, 0.18757215292089008, 0.2611965944303537], [0.2811746592391813, 0.24155501907979343, 0.25016814764607515, 0.22710217403495037], [0.2144137232225718, 0.27405291370853196, 0.2707627268141986, 0.24077063625469783], [0.31913613198084556, 0.2565774546558784, 0.15634614809427416, 0.2679402652690023], [0.2274648982405894, 0.3060316514752499, 0.21984699844085331, 0.24665645184330742], [0.2534802824729158, 0.27126812477749296, 0.20009130251217044, 0.27516029023742095], [0.25484100008031296, 0.24103483595174002, 0.2516856681446359, 0.25243849582331135], [0.22584769729362567, 0.3088478960493234, 0.2042536667193396, 0.26105073993771155], [0.2438382016808317, 0.24887574005824614, 0.21678759164561334, 0.2904984666153091], [0.2710958839357923, 0.2727883541562457, 0.19053656966180807, 0.26557919224615417], [0.2560883483190883, 0.31961369589791394, 0.17095367696782116, 0.2533442788151765], [0.20351750167739777, 0.30737430950730565, 0.1916801915042633, 0.2974279973110332], [0.30086923134059246, 0.2825607702618102, 0.1927745786988372, 0.2237954196987603], [0.2963519049996928, 0.27703119200416937, 0.17751268664972047, 0.24910421634641738], [0.2340739551165477, 0.28021108079203033, 0.1920449861060904, 0.2936699779853317], [0.26451983212824814, 0.2902330729298233, 0.21108415465313168, 0.23416294028879697], [0.2674578329318848, 0.2614644177893851, 0.1718928649625775, 0.2991848843161529], [0.27401477304679733, 0.2576318192814858, 0.20437209201107412, 0.26398131566064276], [0.2727129963238729, 0.2745384747586422, 0.19876130299331313, 0.2539872259241717], [0.28588169831265736, 0.2564778363671228, 0.19161399788486783, 0.2660264674353519], [0.20805639886411317, 0.3339399190033656, 0.17848848166552814, 0.27951520046699313], [0.18850449136841296, 0.29528470880803226, 0.20118589671589965, 0.31502490310765535], [0.1914104837271007, 0.31874253034178723, 0.18547170012507816, 0.30437528580603407], [0.20625769853829945, 0.2915644299296937, 0.2084196136961456, 0.29375825783586135], [0.2945654526451664, 0.2600337478151173, 0.18621685059090193, 0.25918394894881447], [0.2977954012933573, 0.2482755420931292, 0.19783148788285287, 0.25609756873066064], [0.2907898727955905, 0.23423709713612262, 0.19051936287535462, 0.2844536671929323], [0.22387949359640957, 0.29350799787972326, 0.20663466312674447, 0.27597784539712267], [0.2668314003673203, 0.3289108437743831, 0.17108387304808265, 0.23317388281021437], [0.26138032601655503, 0.30230880880784555, 0.17350365568613169, 0.26280720948946784], [0.25677710540212334, 0.28987415886085416, 0.16863633755195864, 0.2847123981850639], [0.2950019246515441, 0.2561817602024456, 0.17773089758325836, 0.27108541756275206], [0.27518072248677006, 0.3081931628687856, 0.21050882028284965, 0.20611729436159457], [0.2552691212176395, 0.28598329357908786, 0.19788369255962018, 0.2608638926436526], [0.2917365026000282, 0.3249175355649967, 0.1477677240477049, 0.23557823778727024], [0.2656237580474096, 0.29089649383433014, 0.15034582876018324, 0.2931339193580769], [0.22811010097596587, 0.3157771238622783, 0.23795767890711833, 0.2181550962546375], [0.22407424208573215, 0.2794590794464949, 0.1735097573421248, 0.3229569211256482], [0.19853838349508598, 0.29975540905553105, 0.21629150604136754, 0.2854147014080155], [0.20798327735027822, 0.3471399256868736, 0.1798754319147778, 0.2650013650480705], [0.234303104397339, 0.3215234169924009, 0.18494062929921815, 0.259232849311042], [0.20981723357392512, 0.31799220790053767, 0.20571614387661846, 0.26647441464891886], [0.2277465631339685, 0.32128169266375295, 0.2047253589653759, 0.2462463852369026], [0.29561015782250893, 0.2324077565145102, 0.1862899915530214, 0.2856920941099596], [0.25359276041533696, 0.2720049541775904, 0.17482645288519894, 0.29957583252187386], [0.2594102750248997, 0.2887217356689665, 0.20280548150347058, 0.24906250780266348], [0.22922703730061966, 0.31390614594101246, 0.1616629359560765, 0.295203880802291], [0.2586900163053927, 0.29407740179902503, 0.1687806986303582, 0.2784518832652243], [0.18990033005748852, 0.32021614820931465, 0.1951804603893399, 0.29470306134385704], [0.2467636516161735, 0.3236705012002621, 0.1583150199569445, 0.27125082722662003], [0.27504752207304983, 0.33969837640760586, 0.1643133390291387, 0.22094076249020544], [0.23325065939335135, 0.30144116611360827, 0.1952259425855721, 0.2700822319074685], [0.254309311570287, 0.2941156131201138, 0.15803840991997709, 0.2935366653896221], [0.24377061960461802, 0.3363930580772098, 0.18219110373121392, 0.23764521858695825], [0.23671440422930176, 0.3064500819400103, 0.17954475851126556, 0.27729075531942265], [0.2195729331732066, 0.3307821201373284, 0.19116031641954517, 0.25848463026992013], [0.2769169818782959, 0.28407084344341366, 0.16387419863242605, 0.2751379760458644], [0.26273043188378503, 0.2955081990357054, 0.1396129410228353, 0.30214842805767433], [0.23894912206915164, 0.2669451324198619, 0.19161193373385313, 0.3024938117771333], [0.23855088118214224, 0.2708279950159853, 0.18121219882960762, 0.3094089249722649], [0.22853148252829328, 0.2484193388458072, 0.20665180203327535, 0.31639737659262424], [0.20701381093157795, 0.3416242950610405, 0.18561677596298956, 0.26574511804439216], [0.22072830299742086, 0.2991679697580164, 0.2302490969049622, 0.24985463033960087], [0.21460478785910894, 0.3034113020615166, 0.17115501817755138, 0.31082889190182295], [0.24434022606852554, 0.28739488266949426, 0.1726599357281532, 0.2956049555338272], [0.26823000614469295, 0.2774886797612863, 0.19796316415139223, 0.25631814994262875], [0.2811509607651191, 0.27158055000368697, 0.17220986444848738, 0.27505862478270665], [0.2361746852229874, 0.32096233368436444, 0.16246127500343044, 0.28040170608921783], [0.2571862755691478, 0.24801662499637153, 0.19386907884511703, 0.30092802058936396], [0.2856910906987639, 0.2366606952924908, 0.24835030577093714, 0.22929790823780827], [0.2927462574278603, 0.27481318188639703, 0.16855065114025006, 0.2638899095454931], [0.2399346276251574, 0.2655386724898063, 0.2007821416754027, 0.29374455820963363], [0.29580015785716063, 0.2845366601196979, 0.17273376712063093, 0.24692941490251047], [0.22854474419565146, 0.31329126496641946, 0.1756223143660251, 0.28254167647190376], [0.2509294930374663, 0.2764524141560644, 0.16855578138555888, 0.3040623114209106], [0.30252036602612425, 0.25341469878861184, 0.17763145110169046, 0.26643348408357337], [0.2899929949245108, 0.24500953456547114, 0.16130524906310315, 0.30369222144691504], [0.22454271343193075, 0.27080701941349716, 0.21347128869548931, 0.2911789784590828], [0.28056568371036356, 0.24636708762757276, 0.20164196359511663, 0.2714252650669471], [0.18939474234637832, 0.30760191497284306, 0.1897022708626314, 0.31330107181814737], [0.2596800884117817, 0.24801758737113538, 0.17716150839453396, 0.3151408158225489], [0.2733011127639613, 0.27848559348348334, 0.2004162167334864, 0.24779707701906914], [0.23008888707670885, 0.28855547250900865, 0.20135655652664325, 0.2799990838876395], [0.2750680823178888, 0.30625565903290947, 0.20364331259308302, 0.21503294605611883], [0.24955498175183366, 0.28951611789777965, 0.18008406380535444, 0.28084483654503234], [0.2655897013877655, 0.29025410430606263, 0.20677671765579222, 0.23737947665037992], [0.22423949294895767, 0.31541178611388093, 0.17747214153938706, 0.2828765793977742], [0.2832782230511226, 0.3086097487939077, 0.17145086794514244, 0.2366611602098274], [0.1934412279823634, 0.26685693191542176, 0.2289402830349438, 0.3107615570672708], [0.24544520972034106, 0.23317992268636073, 0.18150476174282712, 0.339870105850471], [0.24065201504019063, 0.30655980357256274, 0.15614723825304178, 0.29664094313420514], [0.2253149897654602, 0.3326810708744158, 0.1716597317025709, 0.2703442076575531], [0.2748838256365707, 0.27132264949947743, 0.18904088770914998, 0.2647526371548019], [0.25363867911131344, 0.25201651166610706, 0.2246728007297933, 0.2696720084927865], [0.23581703198600948, 0.2658671065566901, 0.19071029679370874, 0.3076055646635917], [0.25291697796802093, 0.27117553833477603, 0.17073427506171956, 0.3051732086354835], [0.26177132833654293, 0.24687646736810653, 0.216648666152671, 0.27470353814267967], [0.249763691106819, 0.24439596202948707, 0.17940472297151192, 0.32643562389218195], [0.23726643376063095, 0.3530403423093052, 0.1800073272140408, 0.22968589671602324], [0.2931425702826187, 0.28614783419319173, 0.18960176222580716, 0.2311078332983824], [0.2349824391565515, 0.29896728867417854, 0.23629895697899872, 0.2297513151902713], [0.2156625114485002, 0.30310082720306236, 0.1590807561988944, 0.3221559051495431], [0.25254138640494506, 0.2830965161350135, 0.1879673633847547, 0.2763947340752869], [0.3047755352577758, 0.28489013147696635, 0.15915759613331967, 0.2511767371319385], [0.24854269916995236, 0.29849748745201043, 0.1798500772170154, 0.2731097361610222], [0.2443303936641402, 0.27580477643255913, 0.16649447239226453, 0.3133703575110363], [0.23876694479152008, 0.32095789156797516, 0.17837104755504454, 0.2619041160854604], [0.2757791126966943, 0.23892075539058144, 0.26839236861473054, 0.21690776329799377], [0.23682836459301215, 0.2977941679071385, 0.18279268779623015, 0.2825847797036191], [0.272316464171783, 0.2597012532470367, 0.1976939067761347, 0.2702883758050458], [0.22451813043489222, 0.3073548707071292, 0.17978284137596778, 0.2883441574820108], [0.2676616329431502, 0.27767877251487705, 0.18612694782783387, 0.26853264671413885], [0.2522459652706423, 0.31643579967579777, 0.17747999885713725, 0.2538382361964229], [0.22562113319882882, 0.3124144125686546, 0.2088859318524631, 0.2530785223800535], [0.27151246350945285, 0.24145428490735021, 0.19486734965123753, 0.2921659019319595], [0.2988963821445754, 0.2801298087076303, 0.19310129885663613, 0.22787251029115818], [0.28719420909092325, 0.30589325434850534, 0.16051964093477533, 0.24639289562579642], [0.21930245005716004, 0.34664515427436776, 0.15098405939840803, 0.2830683362700641], [0.1987448726551633, 0.269892884021639, 0.19219100142025053, 0.3391712419029471], [0.2476509987578833, 0.2856760362373176, 0.19122217063459973, 0.27545079437019954], [0.23964217303863208, 0.33027691568594486, 0.18606724370090702, 0.24401366757451626], [0.21522833134217972, 0.2825096445365814, 0.195099435567698, 0.3071625885535411], [0.2676697184764927, 0.21998633837162263, 0.19868207098274449, 0.3136618721691403], [0.20823621087891236, 0.33393040854243344, 0.1942618661410339, 0.26357151443762045], [0.263035327332949, 0.32656806722507986, 0.17155940320258187, 0.2388372022393895], [0.20823236451430283, 0.3097784839960983, 0.15488488737696315, 0.3271042641126358], [0.22476666879965174, 0.3180710454476798, 0.17237895141419116, 0.28478333433847747], [0.27349621589959816, 0.2953780198861458, 0.1682693745992671, 0.26285638961498903], [0.24945153946466672, 0.2823520921565058, 0.19533911867594447, 0.2728572497028831], [0.29738658066488105, 0.2851822078239574, 0.18026099826593459, 0.23717021324522708], [0.27570924885587184, 0.27523728027689415, 0.18114127753696457, 0.2679121933302695], [0.21696971091941633, 0.2904875350579799, 0.17740443244129586, 0.31513832158130795], [0.21886476969388663, 0.2963046655561719, 0.20190273077635482, 0.2829278339735866], [0.23871284560777958, 0.26000867312157805, 0.2063754700806747, 0.2949030111899679], [0.28092443630493946, 0.3259170747186213, 0.1590634850672521, 0.2340950039091872], [0.2421390301689041, 0.3014753245657096, 0.17998655301884903, 0.2763990922465376], [0.2512135500042629, 0.28983420864867093, 0.21597791179375667, 0.24297432955330955]]}}