{"test": {"ids": ["105116650", "111116750", "107120880", "101112201", "97107260", "97107920", "113120260", "103110050", "102112170", "113119300", "99107640", "98113881", "112120290", "98106680", "103111990", "101117580", "110116290", "109113281", "106114880", "102117351", "110120531", "108113760", "108120260", "99107950", "103120290", "112119610", "110114720", "99112840", "101112540", "107118120", "112121430", "101119591", "113119480", "98107010", "113117401", "113122170", "108116120", "97111790", "99109860", "111119430", "110117110", "103113170", "109113931", "97116401", "112118471", "113118620", "106114321", "107118820", "111120640", "105117351", "111121190", "110121500", "101109120", "110118181", "97106591", "97107821", "113118231", "101111310", "107112840", "99105921", "105113330", "105116860", "108117451", "109114030", "102110050", "106116820", "109115070", "97113260", "99108710", "113118511", "100108990", "98110680", "99108460", "106116850", "100111620", "107120010", "110115250", "103117461", "108115070", "112118701", "113118111", "107114621", "99108000", "104113000", "100120010", "107115140", "108115870", "109115380", "98111670", "109116810", "111115910", "110120540", "100108080", "113120070", "106118161", "98108970", "108118301", "102109010", "113121750", "101121640", "102121440", "111114121", "112121360", "103109641", "108114200", "99108310", "100120780", "113117340", "100115700", "110117500", "105113620", "97106770", "112120540", "113119320", "111121930", "108118630", "106118301", "113122180", "105110091", "100109980", "111118301", "111121410", "97113900", "102109850", "99108580", "101108370", "104118340", "106112770", "113118421", "113117550", "100113370", "108115570", "110119030", "107113260", "111119340", "103110840", "108119550", "111118810", "100112060", "112120270", "97105580", "108114670"], "labels": [1, 3, 1, 0, 2, 0, 3, 3, 3, 1, 1, 3, 1, 1, 2, 3, 2, 0, 0, 1, 0, 1, 1, 1, 2, 0, 3, 2, 2, 3, 2, 0, 3, 3, 3, 1, 1, 2, 2, 3, 0, 3, 1, 3, 1, 3, 2, 3, 0, 0, 1, 3, 1, 1, 1, 2, 3, 3, 1, 1, 3, 2, 2, 1, 3, 1, 0, 1, 2, 1, 2, 2, 0, 3, 3, 1, 1, 0, 1, 0, 1, 0, 2, 1, 0, 0, 3, 3, 1, 3, 2, 1, 0, 2, 3, 3, 1, 1, 0, 2, 2, 0, 3, 1, 0, 2, 1, 2, 1, 1, 0, 3, 3, 1, 1, 1, 1, 2, 0, 1, 3, 0, 2, 1, 0, 1, 2, 1, 3, 3, 3, 3, 0, 0, 3, 1, 1, 0, 2, 0, 1, 3], "predicted_labels": [2, 0, 3, 0, 2, 0, 0, 3, 0, 0, 1, 1, 1, 2, 2, 3, 0, 0, 1, 0, 0, 1, 3, 1, 1, 1, 1, 2, 1, 3, 2, 3, 0, 2, 1, 2, 0, 2, 2, 3, 1, 0, 2, 1, 1, 1, 1, 3, 3, 3, 0, 0, 3, 1, 2, 0, 1, 0, 1, 1, 3, 0, 0, 0, 2, 0, 1, 2, 1, 0, 1, 1, 3, 2, 2, 3, 1, 1, 1, 3, 3, 3, 1, 3, 3, 3, 3, 1, 0, 3, 1, 1, 2, 1, 0, 2, 3, 1, 0, 3, 2, 1, 1, 3, 1, 1, 3, 3, 1, 0, 1, 2, 1, 1, 2, 3, 0, 3, 0, 3, 0, 1, 0, 2, 0, 3, 3, 2, 3, 3, 3, 1, 3, 1, 3, 1, 1, 0, 3, 0, 1, 3], "confidence_scores": [[0.0006345508945275708, 0.01189459636355742, 0.9867166767056411, 0.0007541760362740217], [0.9400354915444613, 0.0023049698632742048, 0.02533917498672792, 0.03232036360553642], [0.00035683542448529393, 0.026063714896985855, 0.04740021397458726, 0.9261792357039416], [0.8556929501331232, 0.0045056814949267394, 0.00048689683683633976, 0.13931447153511364], [0.21884414853442447, 0.22521371863574005, 0.548127227415393, 0.007814905414442555], [0.920547764176554, 0.0005462106497370861, 0.000167946474057396, 0.07873807869965149], [0.8540936010095025, 0.02404820295902917, 0.04621966176464558, 0.07563853426682289], [0.16028377170308164, 0.22879340908398832, 0.01916050827800105, 0.5917623109349289], [0.8507649182418443, 0.022909085303971247, 0.0868994359131519, 0.039426560541032406], [0.41931039638739287, 0.32116527605780876, 0.03002255112963897, 0.2295017764251595], [0.3114659484901949, 0.6112106984866192, 0.06098598305171413, 0.016337369971471713], [0.07995043436817216, 0.7633757350453051, 0.1298794337690089, 0.02679439681751388], [0.11266525291626382, 0.8702205546151497, 0.00022444436738542302, 0.01688974810120107], [0.19002548328144292, 0.18340829241114046, 0.5663238174869417, 0.06024240682047491], [0.017705882796218677, 0.07229355449889077, 0.4959547554050999, 0.4140458072997907], [0.010114563200995104, 0.0001486920326874257, 0.0003226643098307993, 0.9894140804564867], [0.7019268803644355, 0.013313357491889258, 0.16777600788769853, 0.11698375425597674], [0.977277748045703, 0.00208689718501475, 0.017956291375707544, 0.0026790633935746436], [0.01165378804016041, 0.9269601797199724, 0.06088797285049817, 0.0004980593893691311], [0.45363344574252273, 0.2059653116324343, 0.004668675323145924, 0.33573256730189704], [0.9849734848711049, 0.007353376629773713, 0.0012055058491891575, 0.006467632649932073], [0.18517964865832606, 0.3329868743393187, 0.16494406042643125, 0.316889416575924], [0.04135894948895945, 0.3200643013160987, 0.09417462396228182, 0.54440212523266], [0.003027107082238771, 0.9544051205088907, 0.042467492770217496, 0.00010027963865302419], [0.08908345111432557, 0.5005307763948065, 0.3831911075582142, 0.027194664932653705], [5.633546221637868e-05, 0.9744534293149543, 0.015409880069633283, 0.010080355153195901], [0.06289503268828252, 0.4144508715019562, 0.23234565906126597, 0.2903084367484953], [0.018835651500689315, 0.04616373567859838, 0.9174121394350103, 0.017588473385702005], [0.04621799152171553, 0.5173826828028855, 0.00977334235831178, 0.4266259833170873], [0.476201464639173, 0.03968618215124061, 0.0025959524196880173, 0.4815164007898983], [0.003054723525663559, 0.0014500732581328069, 0.9601630794542803, 0.03533212376192332], [0.01464411773775915, 0.004438071728236838, 0.006124880742318159, 0.974792929791686], [0.8905207173048268, 0.0135090043273647, 0.006844065159936711, 0.08912621320787172], [0.04512103559886196, 0.4019736974239206, 0.5406260230591886, 0.01227924391802886], [0.009546170088700822, 0.7102751631339858, 0.00044811201878793233, 0.27973055475852554], [0.002337179645043049, 0.07838513711429636, 0.8040719285103342, 0.11520575473032653], [0.817972737428052, 0.005067205354389309, 0.1584626462614102, 0.018497410956148336], [0.042800972911183045, 0.2144013865261546, 0.5853420373821465, 0.15745560318051585], [0.005795835090844179, 0.3008637900612746, 0.6859736436042058, 0.007366731243675523], [0.0011198815815425377, 0.011402908351627961, 0.002046798151767467, 0.9854304119150621], [0.025326279681138226, 0.9513588035410293, 0.014151975312185016, 0.00916294146564742], [0.6000474301200217, 0.24887203789650142, 0.14566371439569048, 0.00541681758778647], [0.08293873667927731, 0.006290284015977594, 0.8006324074130784, 0.11013857189166669], [0.0779573106958651, 0.7943293529733101, 0.041019116674906604, 0.08669421965591814], [0.019499296501433137, 0.9537053824537385, 0.025813977831007206, 0.0009813432138212784], [0.2372320285464446, 0.6748803077200318, 0.01494317389476012, 0.0729444898387636], [0.048423286351240796, 0.944521460933361, 0.0034628187406509224, 0.003592433974747284], [0.03458208014791712, 0.10370535540047111, 0.2832852005545867, 0.5784273638970251], [0.05436471709751589, 0.23120061022471863, 0.2674297400709507, 0.4470049326068148], [0.01838327560475002, 0.2706284434881254, 0.0027827559116250407, 0.7082055249954995], [0.9929993151046739, 0.0034445128766903777, 0.0003062483408153706, 0.003249923677820407], [0.944572469342317, 0.0016056337482123087, 0.0016877428550231782, 0.05213415405444777], [0.014214229411090363, 0.001435105283051127, 0.0013620443832113329, 0.9829886209226473], [0.10579938466791182, 0.8285054971891151, 0.06556671620385222, 0.00012840193912077146], [0.10959530156315977, 0.047349345381387666, 0.8402570704659629, 0.0027982825894897717], [0.8266273866082853, 0.003202114726829651, 0.015232225431343347, 0.1549382732335417], [0.01805292867019579, 0.5397681435664581, 0.41034370014411625, 0.03183522761922992], [0.6598434402490388, 0.016125350342439126, 0.3227993818289806, 0.0012318275795414537], [8.636592948636473e-06, 0.998956954173847, 0.0010173676636281992, 1.7041569576101648e-05], [0.06322622968086403, 0.8518507017394041, 0.03942612219071515, 0.04549694638901657], [0.1747178846066504, 0.20065895929525776, 0.00029651533340925644, 0.6243266407646826], [0.4960599180410187, 0.17253105871432053, 0.32990139229377474, 0.0015076309508860479], [0.6921752653103317, 0.00300289924638506, 0.015832428136800896, 0.2889894073064824], [0.6954428201086847, 0.16443581552727718, 0.033837205451230735, 0.10628415891280737], [0.39654582341360056, 0.10356930944251586, 0.45436160847205276, 0.04552325867183093], [0.7650333645791961, 0.12454443902132728, 0.09523438751665728, 0.015187808882819337], [0.014176624378898136, 0.9841089873441448, 0.00020178288888681166, 0.0015126053880703308], [0.06958979376560587, 0.08327233854562457, 0.5293262550287962, 0.31781161265997343], [0.009401475420076796, 0.9903978900852828, 0.00019592320388838274, 4.711290751913659e-06], [0.6802421790737779, 0.2880034165140738, 0.022760248539378837, 0.008994155872769456], [0.13103169141036183, 0.7755730181539913, 0.05665859757851396, 0.03673669285713304], [0.0158468543205241, 0.6452004016460514, 0.3378399449102803, 0.0011127991231442275], [0.016652483041231462, 0.005315129940971184, 0.03103401093990928, 0.946998376077888], [0.003914116482562996, 0.0029666157040049326, 0.9920484191508425, 0.0010708486625896543], [0.019192481218502117, 0.01973102684642984, 0.8153014890740071, 0.14577500286106074], [0.028041083984425414, 8.008339676602143e-05, 0.004560208959351954, 0.9673186236594566], [0.00941113200251696, 0.713284025408327, 0.01544060765443561, 0.26186423493472033], [0.023373982484472595, 0.5875655164307307, 0.01652535511278257, 0.37253514597201426], [0.007820833867004773, 0.9851951096669169, 0.0020481867385056945, 0.004935869727572685], [0.009781389023409337, 0.04674917087523289, 0.0019061174332887496, 0.9415633226680691], [0.05604571871062604, 0.002221053973048702, 0.00110718805870452, 0.9406260392576208], [0.3667864648278041, 0.0004584614012591027, 7.262462525806977e-05, 0.6326824491456788], [0.010953719282056108, 0.7568718037780501, 0.2280724953433986, 0.004101981596495309], [0.4464225578822724, 0.00014280481657789505, 4.143743706590796e-05, 0.5533931998640838], [0.028442644021401575, 0.001236073469606626, 0.20268294053597163, 0.76763834197302], [0.040505518521102395, 0.000434911448144882, 0.0018273372316114345, 0.9572322327991414], [0.16701907279949313, 0.00434699880020822, 0.0023654301797879193, 0.8262684982205107], [0.0003431666354329637, 0.9861706012289662, 0.0018493799991802136, 0.01163685213642062], [0.9218560052679651, 0.037362067127440814, 0.010619252258976416, 0.030162675345617677], [0.05142158095309455, 0.23730855387813898, 0.0004769926430017773, 0.7107928725257647], [0.013728253786430273, 0.9837550955118838, 0.0007836546994199852, 0.0017329960022660223], [0.0007192990899365326, 0.8937135628782057, 0.09500682070738811, 0.010560317324469501], [0.0014688625215441543, 0.0010331627698310733, 0.995371050384062, 0.0021269243245628277], [0.002845468435920957, 0.8122550228844975, 0.051797977935416156, 0.1331015307441652], [0.9779333217731895, 0.011816674229413134, 0.0001528916571015958, 0.010097112340295769], [0.00013209206872330487, 0.4038457013758283, 0.5924022138942832, 0.0036199926611652795], [8.595511308225885e-06, 0.03868640577063041, 0.0008817238374749528, 0.9604232748805863], [0.16046603009940888, 0.7232513939419487, 0.10162629617288749, 0.014656279785754987], [0.6594704987957364, 0.30983237516723355, 0.0009916941417796763, 0.02970543189525052], [0.00014072749049112265, 0.2142877463634821, 0.00021808583415156826, 0.7853534403118752], [0.15551114159034785, 0.032001582307231914, 0.7812880576967357, 0.03119921840568446], [0.1541517473243869, 0.7631466496643061, 0.0024391532821358033, 0.08026244972917118], [0.12163853979546078, 0.4310811562037484, 0.1958895286535386, 0.25139077534725224], [0.01555360506432473, 0.24791879174942222, 0.17446577796834506, 0.562061825217908], [0.11291002504634272, 0.4040928281209346, 0.3066481814537415, 0.176348965378981], [0.2834883500364536, 0.6868185349148529, 0.02965578608805543, 3.7328960638138805e-05], [0.2792493868743387, 0.3055279856711188, 0.006989777269636478, 0.408232850184906], [0.0021273321518036213, 0.07326350802449744, 0.00062316297749366, 0.9239859968462052], [0.27950851154775286, 0.49420749175540724, 0.12870928906106188, 0.09757470763577795], [0.8218010934831173, 0.17352525392861862, 0.00022526320562588732, 0.004448389382638216], [0.007531508112261884, 0.5191458982159053, 0.46666610571491474, 0.006656487956918042], [0.2772440032582051, 0.031637960887441134, 0.6514591990970077, 0.03965883675734609], [7.188897156154099e-05, 0.9998827560841363, 4.1305970722225006e-05, 4.048973579758671e-06], [0.23476063395523533, 0.7008390049454236, 0.01110974097853833, 0.0532906201208027], [0.00015906021567991304, 0.003358208199582392, 0.9941875654294287, 0.0022951661553088755], [0.0010224575794312567, 0.0068090744019016465, 0.014233030723902227, 0.9779354372947648], [0.6114401035096447, 0.035227072553359454, 0.006898172266372066, 0.3464346516706238], [0.004507722611217517, 0.000932403368785712, 0.06283906095277293, 0.9317208130672239], [0.8198083154059463, 0.05170154829785761, 0.0007665369887520766, 0.12772359930744384], [0.10392242661845227, 0.09632810811482787, 0.03038860116818927, 0.7693608640985307], [0.5896592182619413, 0.032975534242820306, 0.07352604172313075, 0.3038392057721076], [0.20826027017344517, 0.788218085526667, 0.0004173010342190956, 0.003104343265668765], [0.7306047685586506, 0.2111130387072512, 0.05346248758823336, 0.004819705145864833], [0.05302656231245309, 0.0015930488122882626, 0.7680238506931225, 0.1773565381821361], [0.9411314293764185, 0.05655703741822968, 0.001367890684970708, 0.0009436425203809561], [0.005400859849815728, 0.02142915467366627, 0.00022341499802382527, 0.9729465704784942], [0.10897752645854797, 0.09530861484278734, 0.2302794927230708, 0.5654343659755939], [0.28403468360466083, 0.0625330781743821, 0.5862697465473876, 0.06716249167356947], [0.02100024641232134, 0.0012772200474225164, 0.0007190518006780309, 0.9770034817395782], [0.000860063885409832, 0.0002788507789614147, 0.0007520226472689109, 0.9981090626883599], [0.04994982695671196, 0.13483557461806966, 0.07178608142062547, 0.7434285170045929], [0.0013424026977364634, 0.9590841557948871, 0.012128093855101182, 0.027445347652275225], [0.0032730541875106304, 0.019099746907263793, 0.00045615397552213794, 0.9771710449297035], [0.0077729867856035475, 0.8192033778724914, 0.08414536025724077, 0.08887827508466419], [0.0005466891547823014, 0.0019208199642273942, 0.02444595059227981, 0.9730865402887104], [0.03753714650515034, 0.7219252583392136, 0.05944516166758309, 0.18109243348805287], [0.0034103009776588204, 0.5007593781475401, 0.4943819391273667, 0.0014483817474342966], [0.8786669461476388, 0.0019420131001512575, 0.03605993948640571, 0.08333110126580427], [0.21755219260969544, 0.004764594015012433, 0.33771095181762883, 0.4399722615576632], [0.9669049787447688, 0.008378253069597939, 0.0005495123562147258, 0.024167255829418283], [8.919121689252998e-05, 0.9909475085740339, 0.004520899997122122, 0.004442400211951583], [0.022968590236036833, 0.410376697950745, 0.0028231509890116655, 0.5638315608242065]]}, "rewritten": {"ids": ["97105580", "97106591", "97106770", "97107260", "97107821", "97107920", "97111790", "97113260", "97113900", "97116401", "98106680", "98107010", "98108970", "98110680", "98111670", "98113881", "99105921", "99107640", "99107950", "99108000", "99108310", "99108460", "99108580", "99108710", "99109860", "99112840", "100108080", "100108990", "100109980", "100111620", "100112060", "100113370", "100115700", "100120010", "100120780", "101108370", "101109120", "101111310", "101112201", "101112540", "101117580", "101119591", "101121640", "102109010", "102109850", "102110050", "102112170", "102117351", "102121440", "103109641", "103110050", "103110840", "103111990", "103113170", "103117461", "103120290", "104113000", "104118340", "105110091", "105113330", "105113620", "105116650", "105116860", "105117351", "106112770", "106114321", "106114880", "106116820", "106116850", "106118161", "106118301", "107112840", "107113260", "107114621", "107115140", "107118120", "107118820", "107120010", "107120880", "108113760", "108114200", "108114670", "108115070", "108115570", "108115870", "108116120", "108117451", "108118301", "108118630", "108119550", "108120260", "109113281", "109113931", "109114030", "109115070", "109115380", "109116810", "110114720", "110115250", "110116290", "110117110", "110117500", "110118181", "110119030", "110120531", "110120540", "110121500", "111114121", "111115910", "111116750", "111118301", "111118810", "111119340", "111119430", "111120640", "111121190", "111121410", "111121930", "112118471", "112118701", "112119610", "112120270", "112120290", "112120540", "112121360", "112121430", "113117340", "113117401", "113117550", "113118111", "113118231", "113118421", "113118511", "113118620", "113119300", "113119320", "113119480", "113120070", "113120260", "113121750", "113122170", "113122180"], "labels": [1, 1, 3, 2, 2, 0, 2, 1, 2, 3, 1, 3, 3, 2, 1, 3, 1, 1, 1, 2, 2, 0, 0, 2, 2, 2, 0, 2, 1, 3, 2, 3, 1, 0, 1, 1, 1, 3, 0, 2, 3, 0, 2, 1, 1, 3, 3, 1, 2, 1, 3, 1, 2, 3, 0, 2, 1, 2, 0, 3, 0, 1, 2, 0, 1, 2, 0, 1, 3, 3, 1, 1, 0, 0, 0, 3, 3, 1, 1, 1, 0, 3, 1, 3, 3, 1, 2, 1, 1, 1, 1, 0, 1, 1, 0, 3, 3, 3, 1, 2, 0, 1, 1, 0, 0, 1, 3, 0, 2, 3, 3, 0, 3, 3, 0, 1, 0, 1, 1, 0, 0, 0, 1, 3, 3, 2, 2, 3, 3, 1, 3, 3, 1, 3, 1, 1, 3, 2, 3, 0, 1, 2], "predicted_labels": [1, 1, 0, 2, 0, 0, 2, 1, 1, 1, 2, 0, 1, 1, 0, 2, 1, 1, 2, 2, 0, 3, 0, 1, 1, 2, 2, 1, 1, 2, 3, 3, 0, 2, 3, 3, 3, 0, 3, 3, 3, 3, 1, 1, 2, 0, 0, 0, 0, 3, 1, 1, 2, 0, 3, 1, 3, 3, 0, 1, 2, 1, 2, 3, 2, 1, 1, 0, 2, 0, 0, 1, 3, 3, 3, 0, 1, 3, 2, 2, 1, 1, 1, 1, 3, 0, 3, 3, 3, 2, 3, 0, 2, 1, 1, 3, 3, 2, 3, 3, 1, 0, 1, 3, 0, 1, 3, 1, 1, 0, 0, 0, 3, 3, 1, 0, 1, 2, 1, 3, 1, 0, 1, 1, 3, 2, 3, 1, 3, 3, 2, 3, 0, 1, 3, 0, 0, 1, 0, 1, 2, 3], "confidence_scores": [[0.005385037905426557, 0.9454762348497697, 0.015652437876057596, 0.03348628936874609], [0.006055511145998671, 0.9918595212995732, 0.0005094816762554887, 0.0015754858781725487], [0.6528894296014685, 0.0013409070284527082, 0.3171826681774051, 0.028586995192673652], [0.060654712487987615, 0.08565264171091312, 0.8461395534225408, 0.007553092378558543], [0.5047110153711029, 0.02124913365624801, 0.15073681537784062, 0.3233030355948085], [0.9624949157657593, 0.002015158138069408, 0.00010975449484100494, 0.035380171601330355], [0.055902978604033496, 0.27542311315630214, 0.38415184439215766, 0.2845220638475067], [0.07836697536474913, 0.6454862575665297, 0.02220699538836343, 0.25393977168035764], [0.10405016166085228, 0.8906887159153094, 0.0018636567804752736, 0.003397465643363044], [0.016425657172488818, 0.9571150686165443, 0.010756932008761842, 0.015702342202205084], [0.020982557864567583, 0.1999719836547849, 0.7701948428789688, 0.008850615601678795], [0.7052036407875337, 0.10511723052602888, 0.1502420015604784, 0.03943712712595895], [0.0013369188680936108, 0.781509022443244, 0.1793807748170628, 0.037773283871599575], [0.026294379150680783, 0.8012185482061271, 0.17198486540445695, 0.0005022072387350338], [0.4841357602448796, 0.033177807973870696, 0.0009465456189268414, 0.48173988616232294], [0.24972880189268687, 0.35695793701084116, 0.3830962035120208, 0.010217057584451362], [0.07099203492516604, 0.4626524571928685, 0.3987150744243804, 0.06764043345758498], [0.20374055886270917, 0.58308633146283, 0.12206918653537567, 0.09110392313908526], [0.003168845718310438, 0.4582421668691434, 0.5379976895416847, 0.0005912978708615084], [0.002357493366913912, 0.1399235683229302, 0.8575057361643407, 0.00021320214581514285], [0.9948302654029865, 0.005019724749456853, 8.580564815929431e-05, 6.420419939735152e-05], [0.003697867576222192, 0.12365518253194856, 0.012702067965783702, 0.8599448819260456], [0.9540906101481212, 0.04373158635135831, 0.001376819661683216, 0.0008009838388375515], [0.01937722136040941, 0.9636734012936814, 0.016717932348945943, 0.00023144499696321815], [0.012179560717981461, 0.7165013109706618, 0.25584315556897397, 0.015475972742382675], [0.13467485026132775, 0.030392674123568587, 0.7896533645085101, 0.04527911110659352], [0.06006825572624297, 0.35778642158848206, 0.5770050888408014, 0.005140233844473514], [0.3886869078947845, 0.5241856954148073, 0.07075145673293844, 0.016375939957469724], [0.20989340453879274, 0.5879573195466307, 0.024893781665480924, 0.17725549424909573], [0.16822918991512903, 0.01489748731561038, 0.7877004577484283, 0.02917286502083229], [0.17736533085021827, 0.016455990081676725, 0.2757892272882418, 0.5303894517798632], [0.06655769790158454, 0.06544144951963549, 0.03760546692018735, 0.8303953856585926], [0.8223415063168005, 0.13333232199492226, 0.025858262523306627, 0.018467909164970615], [0.24025716996946722, 0.000643310733137869, 0.5363164015603584, 0.22278311773703635], [0.30832329265975617, 0.14854806133871928, 0.001105137031031487, 0.542023508970493], [0.03932789041816314, 0.028122023156235357, 0.00019352749124814978, 0.9323565589343533], [0.02610087858583155, 0.002942895944162909, 0.0030827009740720924, 0.9678735244959334], [0.5019537700897604, 0.013048206739236989, 0.47114609058323936, 0.013851932587763387], [0.23834309073916612, 0.027241521861825397, 0.0014972099733461853, 0.7329181774256623], [0.09837000908960755, 0.3025143700802657, 0.04359873180677913, 0.5555168890233476], [0.002588027941548466, 0.005511442726117797, 0.00018078120058170508, 0.9917197481317521], [0.05377492543296503, 0.0028673930484501816, 0.01351816625349267, 0.929839515265092], [0.0004277835712569267, 0.6329812242707984, 0.0001513536678589026, 0.366439638490086], [0.04258505706657184, 0.9196311814473651, 0.03227042151474, 0.005513339971323021], [0.08103341162045385, 0.00039168516001730975, 0.5492938031870046, 0.3692811000325243], [0.5382102764748187, 0.3116596768716444, 0.1465131515309656, 0.003616895122571191], [0.705860058017426, 0.027273432850516737, 0.19587624829867553, 0.07099026083338165], [0.4618830580815987, 0.3492901846818295, 0.007121806129658829, 0.181704951106913], [0.6644281443402793, 0.01514688569367343, 0.29088784880156654, 0.02953712116448074], [0.002957892661493372, 0.3157271706200576, 0.06349352531653464, 0.6178214114019144], [0.2067150621042866, 0.771667530727062, 0.001284016399919502, 0.020333390768731946], [0.007213439395579093, 0.7790908149761191, 0.05492476192945478, 0.15877098369884698], [0.0020126201769077186, 0.38185350215193353, 0.5326743987431002, 0.08345947892805852], [0.3753824007952984, 0.31618419634590383, 0.2911962820655552, 0.017237120793242598], [0.03965455291357712, 0.3316767322399033, 0.022412805400609272, 0.6062559094459103], [0.1056896802916398, 0.5329812825468548, 0.35725706435749455, 0.004071972804010809], [0.24394586979129015, 8.148782346928508e-05, 7.675447560120557e-05, 0.7558958879096394], [0.022268716991728527, 0.004941731640383717, 0.031034174653558674, 0.941755376714329], [0.9848767256144733, 0.004996534726280965, 0.0007372236450174414, 0.009389516014228246], [0.05791889439044317, 0.6136465525394594, 0.0020752059890575456, 0.3263593470810398], [0.043800453609919125, 0.1637173665413262, 0.7849457821533791, 0.007536397695375446], [0.040150903106498194, 0.5919990199458142, 0.24226704055168147, 0.12558303639600618], [0.22695002832748185, 0.03490291309507856, 0.7365695975892226, 0.0015774609882170142], [0.004813317801161207, 0.11000780701277178, 0.004473372433963119, 0.8807055027521039], [0.1511259715633792, 0.010734256867932142, 0.8280953124768828, 0.010044459091805883], [0.028613244732036452, 0.9673632004910404, 0.0027914828403741918, 0.001232071936549045], [0.0058138889024174, 0.8765406207549434, 0.11715186515340774, 0.0004936251892316365], [0.6359345316321257, 0.17218894284537237, 0.050909635030185196, 0.14096689049231675], [0.001043607154257334, 0.0029914032227771263, 0.9738355634215872, 0.022129426201378373], [0.9968284332144478, 0.00017151010014431785, 2.2967831226725924e-05, 0.002977088854180987], [0.7063938688054895, 0.05011086059427734, 0.012238834750207843, 0.2312564358500253], [0.007338249151963002, 0.9758000634587013, 0.016234130557482115, 0.0006275568318535233], [0.010199000526850563, 0.31138382916131135, 0.031548998648498874, 0.6468681716633391], [0.056152564281225316, 0.0008353726545573318, 5.468040840128553e-05, 0.9429573826558161], [0.00554616342352198, 6.283878804647194e-06, 0.0015835723580139432, 0.9928639803396595], [0.5859134536962867, 0.05646890047911335, 0.007418545080107039, 0.35019910074449295], [0.009331690493758333, 0.7203091616306699, 0.0008138764026104224, 0.2695452714729613], [0.010811420887820106, 0.002925029933775591, 0.03424459450811027, 0.952018954670294], [9.222650425442322e-05, 0.007878284674846426, 0.535363621864174, 0.4566658669567252], [0.18856574605508708, 0.0035297049608278945, 0.48793480387105914, 0.31996974511302584], [0.01821190073509383, 0.8596954149078642, 0.051580052532244826, 0.07051263182479718], [0.03664072756380737, 0.600596766813208, 0.008873701624250553, 0.3538888039987341], [0.02465946929635175, 0.9156259059926786, 0.00470442359416193, 0.05501020111680772], [0.0005663503259261315, 0.9518230224809755, 0.013104206316487173, 0.0345064208766113], [0.16624928488530133, 0.007345673333345911, 0.008436528319833951, 0.8179685134615189], [0.8089161270579212, 0.0007991381896003176, 0.18230438638534524, 0.007980348367133272], [0.12316165048306862, 0.008256383400097517, 0.015191144663661844, 0.8533908214531721], [0.00013202774325315304, 0.013343989355232502, 0.0027892280190016166, 0.9837347548825127], [0.2249150673602502, 0.0745449225445884, 0.012487440214503745, 0.6880525698806575], [0.00963667358082463, 0.4181021455117284, 0.5701346074290757, 0.0021265734783711275], [0.2255205914639528, 0.27673061848558833, 0.044856324200856376, 0.4528924658496024], [0.9420296408203077, 0.0010033146866371893, 0.023014884137324047, 0.03395216035573108], [0.04101169136974437, 0.002734479887508261, 0.8076727083549395, 0.14858112038780769], [0.002496519211269099, 0.7029236602076742, 0.23583917757655554, 0.058740643004501165], [0.038697472143333765, 0.9559233068983354, 0.0013102502684567245, 0.004068970689874163], [0.009590129023129255, 0.038672803190842125, 0.010652772187145637, 0.941084295598883], [0.019200372420397373, 0.06773498298874535, 0.0006047613886070965, 0.9124598832022501], [0.01024005892805698, 0.11403213655185217, 0.8667402967502083, 0.008987507769882686], [0.2748390318002352, 0.0016811720763541265, 0.31531381447968126, 0.40816598164372947], [0.3434593280841157, 0.1477009970262987, 0.12991021836099978, 0.37892945652858573], [0.001891888216306085, 0.9978630308390393, 0.00013625862314539035, 0.0001088223215090156], [0.5762555816129813, 0.4071406474632852, 0.0003154070566324615, 0.0162883638671011], [0.0076607175227764775, 0.9795800048287903, 0.009984293151125796, 0.0027749844973074178], [0.009261296161992871, 0.16522454542812148, 0.0015420300693291733, 0.8239721283405564], [0.9946965228182104, 0.0024181717003320113, 0.0007337900520925811, 0.002151515429364891], [0.002118266245671953, 0.9393006275394469, 0.018502629787365693, 0.04007847642751556], [0.16533517443083134, 0.1661135909426804, 0.029852078511555843, 0.6386991561149323], [0.25267782545590906, 0.6368372933816115, 0.00275191751720632, 0.10773296364527309], [0.0218906748977981, 0.9756613100617465, 0.0003603438941480936, 0.00208767114630743], [0.9810491104769108, 0.002661531652028688, 0.010909554536482974, 0.005379803334577664], [0.8616480827408669, 0.013189908572515152, 0.05684561788182166, 0.06831639080479615], [0.9934038244247064, 0.00030880779465695723, 0.003687492930510036, 0.002599874850126581], [0.0013426302772690823, 0.019296145165020824, 0.07483992999746238, 0.9045212945602478], [0.00017730227533789306, 0.011322130309529681, 0.0009835467703095398, 0.9875170206448228], [0.004782366725483963, 0.45470211358039964, 0.2634002637831227, 0.2771152559109938], [0.9720655945871343, 0.016035029039251702, 0.0009505274152297093, 0.01094884895838433], [0.10200214078775827, 0.5508440846174074, 0.006816552811773819, 0.3403372217830606], [0.005497963584790088, 0.009631922975293429, 0.9672582263930433, 0.017611887046873196], [0.03482925182376183, 0.9297602178660693, 0.035287711284393015, 0.0001228190257759199], [0.008593382300313921, 0.0234095722507511, 0.0011607346210565862, 0.9668363108278784], [0.0003416490533790335, 0.9479542064428056, 0.04746226256347985, 0.004241881940335547], [0.5367599489429641, 0.2426258775587773, 0.002506340571532822, 0.21810783292672584], [0.01072668896473237, 0.9844404487951512, 7.301918742881974e-05, 0.0047598430526875814], [0.003375096107177818, 0.9958304561268059, 0.0004176532388255942, 0.00037679452719076783], [0.14581091374915753, 0.3190128444213412, 0.0870908250524169, 0.4480854167770844], [0.0005250549747417563, 0.24899359386938963, 0.6627478559622765, 0.08773349519359219], [0.00038869301692972397, 0.16998422434063715, 0.0009550747729689285, 0.8286720078694642], [0.004484477022531104, 0.8825090583182531, 0.0004822292878364074, 0.11252423537137934], [0.0002925559642592487, 3.6899324129253006e-05, 0.0002168035365801, 0.9994537411750314], [0.02101296296454382, 0.015223209278984996, 0.00033571701581379024, 0.9634281107406574], [0.025870904906823373, 0.19619411375184995, 0.7454584523149856, 0.03247652902634092], [0.1844181872578504, 0.0028488767053607535, 0.015493392502690195, 0.7972395435340986], [0.9575638993221016, 0.01664297773185508, 0.008587275199066461, 0.01720584774697686], [0.37886395051603616, 0.3887191591743045, 0.12344547511772441, 0.10897141519193498], [0.03329025742447427, 0.0013404644649157652, 0.006291130221537139, 0.9590781478890728], [0.3800931828539372, 0.21685424041909682, 0.05705554170086116, 0.3459970350261048], [0.7241792586584471, 0.040969259736498474, 0.004991958352068611, 0.2298595232529857], [0.010635710583535166, 0.5279322619590741, 0.21415237716124041, 0.2472796502961505], [0.6467376469651868, 0.09366486811812876, 0.012162336212781493, 0.24743514870390296], [0.31167694731850737, 0.6606064209986954, 0.0002336812767847857, 0.0274829504060125], [7.296557698049796e-05, 0.0860719131102453, 0.7085456202931356, 0.20530950101963855], [0.00292993718166621, 0.008193770318553782, 0.01697536841514298, 0.971900924084637]]}}