{"test": {"ids": ["104119340", "106113360", "108115880", "105121370", "102118380", "100113210", "106117650", "105118230", "109116170", "107118520", "100107920", "109120150", "97106591", "110118630", "108119550", "98109570", "104116441", "98108410", "105121190", "113120591", "97113900", "111119430", "107120130", "99107660", "106114321", "108116070", "113117550", "105115720", "98108370", "105115250", "100112060", "98112580", "97107681", "105116501", "112118530", "109114220", "105120621", "113121950", "107116300", "106118161", "106116370", "103113270", "108117720", "104119290", "111117120", "113119300", "113119450", "100108080", "105115570", "97107821", "108118301", "105112100", "101108950", "112117660", "98106880", "100115700", "111121410", "109119460", "106120640", "100109330", "103118291", "99110730", "112117580", "113121410", "113119950", "99120010", "110118181", "112118161", "107114140", "97105580", "103120340", "103118110", "105112240", "110114610", "105120280", "105112130", "102114270", "113121750", "108121410", "109113281", "105119950", "113122120", "97105960", "103109791", "99108000", "101108621", "109116750", "104113240", "111116411", "97107920", "110120531", "111115910", "99112840", "111115780", "111116010", "112116850", "112117790", "101121640", "99116500", "111120591", "100116790", "108115070", "108114180", "112118810", "106121220", "97107260", "97116401", "106120290", "105115380", "113120260", "107116980", "101112540", "108121160", "109118161", "98106111", "100113370", "99107500", "99108710", "105113330", "98110230", "108117451", "113121190", "112117431", "100116500", "113117401", "101108460", "105115680", "97106820", "108116120", "101108121", "111114321", "113122220", "111118910", "112119320", "109120560", "102107961", "111119150", "99109311", "101108370", "97106970", "104113550", "98116090"], "labels": [1, 0, 3, 2, 1, 0, 1, 1, 0, 2, 0, 2, 1, 1, 1, 1, 1, 1, 2, 0, 2, 3, 2, 3, 2, 1, 3, 1, 1, 2, 2, 2, 3, 1, 1, 3, 1, 3, 0, 3, 2, 2, 1, 1, 2, 1, 3, 0, 0, 2, 1, 1, 2, 0, 0, 1, 0, 1, 3, 0, 0, 3, 0, 0, 0, 2, 1, 0, 2, 1, 1, 2, 1, 1, 3, 1, 3, 0, 0, 0, 3, 1, 2, 3, 2, 0, 0, 2, 0, 0, 0, 2, 2, 1, 1, 0, 3, 2, 2, 1, 2, 1, 1, 3, 1, 2, 3, 2, 1, 3, 3, 2, 2, 0, 0, 3, 0, 2, 3, 3, 2, 1, 0, 2, 3, 0, 2, 1, 1, 0, 1, 1, 0, 1, 1, 3, 3, 1, 1, 2, 1, 0], "predicted_labels": [3, 0, 1, 1, 1, 3, 3, 3, 3, 3, 1, 1, 1, 3, 3, 3, 3, 1, 3, 3, 3, 0, 3, 0, 3, 3, 1, 3, 0, 3, 2, 3, 3, 3, 3, 3, 0, 0, 3, 3, 3, 3, 3, 3, 1, 3, 0, 2, 1, 3, 1, 3, 3, 3, 3, 3, 1, 0, 1, 3, 0, 2, 3, 0, 3, 3, 1, 0, 1, 1, 3, 1, 3, 3, 3, 3, 2, 3, 3, 0, 3, 0, 3, 0, 1, 0, 0, 1, 1, 0, 3, 0, 1, 1, 0, 3, 0, 1, 2, 3, 3, 3, 3, 1, 3, 1, 1, 0, 1, 3, 0, 3, 1, 1, 1, 2, 1, 3, 1, 1, 3, 3, 1, 1, 0, 3, 3, 3, 0, 3, 3, 3, 3, 3, 2, 3, 0, 1, 1, 0, 3, 3], "confidence_scores": [[0.23006874270096728, 0.2364201697637759, 0.12093065683520596, 0.41258043070005085], [0.5035370940105491, 0.15938776322778012, 0.11061203256406484, 0.22646311019760587], [0.13150088460863493, 0.460527565312241, 0.07828374752360599, 0.329687802555518], [0.12768825706847997, 0.5113364798589513, 0.13117024910293598, 0.22980501396963285], [0.15520047983562682, 0.3415336301570662, 0.17589623103788726, 0.3273696589694196], [0.18695107726696372, 0.19835366715262523, 0.12307475563435241, 0.4916204999460588], [0.1303828726215626, 0.19884950613947958, 0.12029736090585383, 0.5504702603331041], [0.1447911922319555, 0.294665089288898, 0.14733910284209492, 0.4132046156370515], [0.3273330841308358, 0.1814286401638287, 0.13865395427456434, 0.3525843214307713], [0.19749085757092774, 0.28523356574396563, 0.20795562908568116, 0.3093199475994256], [0.17978104611175968, 0.3922175757916933, 0.1501462206565931, 0.2778551574399538], [0.2032989208802733, 0.40260882887671806, 0.09700308989806443, 0.2970891603449441], [0.25243892238264254, 0.2914651547454048, 0.17721031026452236, 0.2788856126074305], [0.2269793805738473, 0.24006819541462404, 0.2162638829657914, 0.3166885410457372], [0.15858441161885103, 0.14263940772344635, 0.1787699639676338, 0.5200062166900689], [0.3539357697476182, 0.19568682470207058, 0.09481116136573371, 0.3555662441845775], [0.3187687978232596, 0.22509059119666003, 0.09648397166907154, 0.3596566393110089], [0.2872764311191374, 0.3651882320038419, 0.1467490638117913, 0.20078627306522928], [0.13230298191863712, 0.27831691731170927, 0.16266744357408336, 0.4267126571955703], [0.2806068000721025, 0.26631632050844284, 0.1444369491351459, 0.30863993028430886], [0.22657198926074243, 0.2873647039881272, 0.13987212776624666, 0.34619117898488366], [0.424062974953214, 0.2481150529875285, 0.07048844792217838, 0.2573335241370791], [0.17196309317892233, 0.18482745967155245, 0.18034368175250995, 0.4628657653970153], [0.33940241042941416, 0.17178006770676663, 0.20876474608590678, 0.28005277577791243], [0.1970505423371243, 0.306267715159526, 0.07382406799090248, 0.42285767451244716], [0.20636321803270677, 0.3107591088258188, 0.12067580689938694, 0.3622018662420875], [0.14103721737623778, 0.3460958219418173, 0.17157824994566892, 0.3412887107362758], [0.1366675219588255, 0.3616637733933886, 0.12356434438332692, 0.3781043602644589], [0.28134392108874773, 0.2633936783812915, 0.187757406795842, 0.26750499373411873], [0.17030554448592794, 0.1742589133305087, 0.2383742551565871, 0.4170612870269763], [0.18245801067859221, 0.1934371925865452, 0.34403155123441187, 0.2800732455004508], [0.22974790140174361, 0.19196754088496842, 0.14522045709888065, 0.4330641006144075], [0.2544195794972616, 0.2794026731202002, 0.12056671708623135, 0.34561103029630674], [0.31532668076164133, 0.26891061798081684, 0.07051552173451209, 0.34524717952302975], [0.18750698528158394, 0.26016580903634207, 0.11614559691725249, 0.43618160876482154], [0.24929804708160347, 0.20878377135207374, 0.11393400477533164, 0.42798417679099127], [0.4580256246623014, 0.1982448907176145, 0.07129613578343899, 0.27243334883664505], [0.32664021099408297, 0.14865411850322957, 0.2686383221512582, 0.25606734835142914], [0.12273121887843719, 0.1721433984909188, 0.18594287783088784, 0.5191825047997563], [0.25351315576496813, 0.24609054988842524, 0.0872314699306493, 0.4131648244159572], [0.3344717832493454, 0.20409212166498242, 0.12230620227237035, 0.3391298928133018], [0.2121885085212928, 0.22468631986344734, 0.18446744135556925, 0.3786577302596905], [0.1909531789490028, 0.2903233198793758, 0.1258470644471552, 0.39287643672446615], [0.1882643912885974, 0.2502116647026604, 0.19652929869390495, 0.36499464531483744], [0.11316704666672521, 0.5501485891981653, 0.2361551431234649, 0.1005292210116446], [0.15879267350424936, 0.33100589868146274, 0.11137661629143263, 0.39882481152285526], [0.3208479117215104, 0.20330208156845245, 0.2032668610586037, 0.27258314565143354], [0.21285727027081824, 0.25903628232048104, 0.36193203166981897, 0.16617441573888167], [0.21589342283799803, 0.4156313527698121, 0.16293808058358694, 0.20553714380860297], [0.1551099203037089, 0.27030976962672915, 0.263984678745431, 0.3105956313241308], [0.2657911754026941, 0.34444468990637245, 0.08406643682455878, 0.3056976978663748], [0.17178691687090575, 0.2570386048057155, 0.08628408296386218, 0.4848903953595167], [0.13955501036649928, 0.3384789350534737, 0.11044061588362165, 0.41152543869640545], [0.2788046358817196, 0.2172801791066358, 0.13873569960018836, 0.3651794854114563], [0.1256785961391746, 0.20533510677375408, 0.13083886862250063, 0.5381474284645705], [0.2347065618042211, 0.2445942826607969, 0.1498226327240431, 0.37087652281093897], [0.16464358752691466, 0.49466997645685257, 0.05300721438803218, 0.28767922162820064], [0.4104838987832861, 0.2973858098382872, 0.0886469610734918, 0.20348333030493504], [0.29906219084145974, 0.3168341460808615, 0.11361764798261918, 0.2704860150950595], [0.2675793479736529, 0.2358306812539242, 0.1432594459115132, 0.35333052486090977], [0.5573997650547504, 0.19673328925108188, 0.04915752031439061, 0.19670942537977726], [0.07350906507365208, 0.14817198399826711, 0.5999686459283989, 0.17835030499968174], [0.21674611433401889, 0.137039811097059, 0.1043250913910994, 0.5418889831778227], [0.46368423438972434, 0.20426725174463609, 0.09805203650700621, 0.23399647735863335], [0.2894475013466981, 0.13283220350367111, 0.07460252052040628, 0.5031177746292245], [0.3283895805516793, 0.13436664995552206, 0.12093236764924548, 0.41631140184355325], [0.2050287548790483, 0.5062618839591669, 0.07772412671127951, 0.21098523445050524], [0.5372367653514684, 0.21521459652699756, 0.0623983715014802, 0.1851502666200538], [0.22075626649082222, 0.2697999681628219, 0.2459064618026771, 0.26353730354367877], [0.1395777443465115, 0.4706893343700632, 0.16583308382927162, 0.2238998374541538], [0.2141624977457821, 0.2171178433271813, 0.20787588279373645, 0.36084377613330043], [0.09088411243184921, 0.6808465228349281, 0.13067271012459625, 0.09759665460862631], [0.1554914469188929, 0.20211464570982018, 0.10423920994137863, 0.5381546974299082], [0.26155354061165403, 0.2508898089317075, 0.14580897921395494, 0.34174767124268346], [0.23441757887570652, 0.2019532849653653, 0.1753708618042139, 0.3882582743547143], [0.2629869205837041, 0.2625824121805931, 0.07490891052960959, 0.39952175670609325], [0.27088011312745963, 0.19660971604974595, 0.34965189228779364, 0.18285827853500078], [0.2594306104374462, 0.25755828874652936, 0.15168150303546488, 0.33132959778055965], [0.09791073608248069, 0.08976549834192366, 0.05442881104950394, 0.7578949545260918], [0.39434448316658377, 0.18388865489957598, 0.1013699908873109, 0.32039687104652936], [0.10221164663836298, 0.12692678345487476, 0.15036036268523012, 0.6205012072215321], [0.28654479158760143, 0.27489168149873805, 0.18275021519942655, 0.25581331171423394], [0.20250737147969738, 0.2478839977893389, 0.17400500566636193, 0.3756036250646018], [0.46637126193049827, 0.21340789205355157, 0.0662806090103552, 0.25394023700559487], [0.13612417206153168, 0.43276743232576526, 0.08592316919541601, 0.345185226417287], [0.43939252045981486, 0.20776742482675026, 0.10898082367761851, 0.24385923103581642], [0.5524971770325005, 0.16169253878668916, 0.07850043391246395, 0.20730985026834645], [0.16351732742586741, 0.2946663687926547, 0.26978354631794715, 0.2720327574635309], [0.23237459138740724, 0.36672243068080673, 0.08350581164254364, 0.31739716628924225], [0.47631060796380975, 0.15618718811204196, 0.10173214556479465, 0.2657700583593535], [0.29230736550505965, 0.26223397885648425, 0.09892374347222066, 0.34653491216623555], [0.4514326854121166, 0.1979119331622912, 0.09645165052606823, 0.2542037308995238], [0.20343210993525562, 0.3480145907809859, 0.16543044913596086, 0.28312285014779776], [0.23615519720349828, 0.4336748922192535, 0.10503563832031945, 0.22513427225692886], [0.3875228277540773, 0.2774694673345375, 0.08766145361700978, 0.2473462512943755], [0.20179750180528294, 0.18933032511007522, 0.1563394543555297, 0.4525327187291121], [0.44665885610865413, 0.1507575236794913, 0.09718330625255824, 0.30540031395929623], [0.1789912405521856, 0.4400881988257307, 0.23919988402308373, 0.1417206765990001], [0.11417829290097577, 0.16080467862526412, 0.44322043658819854, 0.28179659188556155], [0.18994729475530653, 0.28085473220036505, 0.16549990374567888, 0.36369806929864956], [0.17133907502521292, 0.228269562785093, 0.2249271669951716, 0.3754641951945227], [0.18880843135395045, 0.31688933105565903, 0.09091335360925729, 0.4033888839811334], [0.2040278435783227, 0.3079203545272614, 0.08737316110314354, 0.40067864079127247], [0.26794031751343944, 0.31249726335359757, 0.1290127563373604, 0.2905496627956025], [0.1970845275397655, 0.2662396868059159, 0.14820790779901347, 0.3884678778553053], [0.19853777681465307, 0.3324760286944995, 0.18687599002878996, 0.2821102044620577], [0.25963099568012915, 0.3470545022761332, 0.08540440940622183, 0.30791009263751573], [0.3579350375737021, 0.15489464767023908, 0.24656975814851284, 0.24060055660754612], [0.16602910183760775, 0.32362451991464836, 0.24555934120783124, 0.2647870370399128], [0.21059111464023242, 0.22205828923938903, 0.23698645516882572, 0.3303641409515528], [0.39236106709393936, 0.24268878199689203, 0.10139181281653116, 0.2635583380926376], [0.26950611366848864, 0.24993439294790298, 0.12386419040300312, 0.3566953029806054], [0.2410994201241997, 0.35484848269011443, 0.08813251159120905, 0.3159195855944769], [0.3099999846683667, 0.365168043427984, 0.13065519274380258, 0.19417677915984682], [0.3052394684415726, 0.3468614034454978, 0.11892014514020251, 0.22897898297272695], [0.1165366243585845, 0.17025049913713874, 0.3944263811263195, 0.31878649537795717], [0.1419760716190142, 0.5675985988104606, 0.1256645681771019, 0.16476076139342336], [0.12265839780674918, 0.27108175272775004, 0.16152060258140113, 0.4447392468840997], [0.2576267542676724, 0.26435382805714996, 0.25600628916917034, 0.22201312850600724], [0.12967665289006436, 0.6303180684168502, 0.07744927995553642, 0.16255599873754897], [0.2505801400444025, 0.1873267679188924, 0.07662427590868506, 0.4854688161280202], [0.22295100055276465, 0.25739743516404795, 0.1080014404983786, 0.41165012378480875], [0.20353107334956033, 0.3842571653063188, 0.045937999104312566, 0.3662737622398084], [0.20431019496956046, 0.4198241053451307, 0.12537344511456527, 0.2504922545707436], [0.41167867443577605, 0.2041962484617877, 0.10738746316431486, 0.2767376139381214], [0.22921972317584363, 0.25086481604735816, 0.1630817460490696, 0.35683371472772885], [0.140888432771254, 0.2873544876469688, 0.15085780851832276, 0.4208992710634543], [0.23179380722419887, 0.2506755737247878, 0.11302932135222349, 0.4045012976987897], [0.3569058266391432, 0.2128939919020075, 0.13485988179000397, 0.29534029966884545], [0.2732124179786757, 0.20985676888537247, 0.11020299539926803, 0.4067278177366839], [0.2580560820484451, 0.2652490987417368, 0.07491215401581468, 0.40178266519400335], [0.15342189388518637, 0.28107070419212193, 0.13136883826141954, 0.4341385636612721], [0.34992478931066456, 0.16940440311192145, 0.0846940455638076, 0.3959767620136064], [0.15470346861187076, 0.24380671798406287, 0.2955607641583168, 0.3059290492457495], [0.13051110434216084, 0.2576171211659892, 0.4039083258702133, 0.20796344862163674], [0.24586483753347335, 0.3310439623943389, 0.0852271803127977, 0.33786401975939], [0.3043444820403536, 0.23972367131060457, 0.1649555696743044, 0.29097627697473744], [0.2753752080688486, 0.3183310966348609, 0.15048480866723968, 0.2558088866290507], [0.20736792617300884, 0.35982978260989956, 0.09038957755563612, 0.34241271366145565], [0.34391851102247534, 0.1899786471624796, 0.19306500309803845, 0.27303783871700665], [0.137256504903531, 0.11065058983504222, 0.06431888788397022, 0.6877740173774565], [0.31313830186540725, 0.23472556622333507, 0.10056262290574268, 0.35157350900551504]]}, "rewritten": {"ids": ["97105580", "97105960", "97106591", "97106820", "97106970", "97107260", "97107681", "97107821", "97107920", "97113900", "97116401", "98106111", "98106880", "98108370", "98108410", "98109570", "98110230", "98112580", "98116090", "99107500", "99107660", "99108000", "99108710", "99109311", "99110730", "99112840", "99116500", "99120010", "100107920", "100108080", "100109330", "100112060", "100113210", "100113370", "100115700", "100116500", "100116790", "101108121", "101108370", "101108460", "101108621", "101108950", "101112540", "101121640", "102107961", "102114270", "102118380", "103109791", "103113270", "103118110", "103118291", "103120340", "104113240", "104113550", "104116441", "104119290", "104119340", "105112100", "105112130", "105112240", "105113330", "105115250", "105115380", "105115570", "105115680", "105115720", "105116501", "105118230", "105119950", "105120280", "105120621", "105121190", "105121370", "106113360", "106114321", "106116370", "106117650", "106118161", "106120290", "106120640", "106121220", "107114140", "107116300", "107116980", "107118520", "107120130", "108114180", "108115070", "108115880", "108116070", "108116120", "108117451", "108117720", "108118301", "108119550", "108121160", "108121410", "109113281", "109114220", "109116170", "109116750", "109118161", "109119460", "109120150", "109120560", "110114610", "110118181", "110118630", "110120531", "111114321", "111115780", "111115910", "111116010", "111116411", "111117120", "111118910", "111119150", "111119430", "111120591", "111121410", "112116850", "112117431", "112117580", "112117660", "112117790", "112118161", "112118530", "112118810", "112119320", "113117401", "113117550", "113119300", "113119450", "113119950", "113120260", "113120591", "113121190", "113121410", "113121750", "113121950", "113122120", "113122220"], "labels": [1, 2, 1, 1, 2, 2, 3, 2, 0, 2, 3, 0, 0, 1, 1, 1, 3, 2, 0, 0, 3, 2, 2, 1, 3, 2, 2, 2, 0, 0, 0, 2, 0, 3, 1, 2, 2, 0, 1, 0, 0, 2, 2, 2, 3, 3, 1, 3, 2, 2, 0, 1, 2, 1, 1, 1, 1, 1, 1, 1, 3, 2, 1, 0, 2, 1, 1, 1, 3, 3, 1, 2, 2, 0, 2, 2, 1, 3, 2, 3, 1, 2, 0, 3, 2, 2, 1, 1, 3, 1, 1, 2, 1, 1, 1, 2, 0, 0, 3, 0, 0, 0, 1, 2, 1, 1, 1, 1, 0, 1, 1, 2, 1, 0, 2, 0, 3, 3, 1, 0, 0, 0, 0, 0, 3, 0, 1, 3, 1, 3, 3, 1, 3, 0, 3, 0, 1, 0, 0, 3, 1, 1], "predicted_labels": [3, 3, 3, 2, 3, 3, 1, 0, 0, 3, 3, 1, 0, 0, 1, 3, 3, 0, 1, 1, 3, 1, 1, 1, 2, 1, 3, 0, 1, 1, 0, 2, 3, 2, 1, 2, 0, 3, 1, 3, 0, 3, 3, 1, 3, 1, 1, 1, 1, 1, 3, 3, 1, 3, 1, 3, 1, 3, 2, 1, 2, 3, 3, 3, 3, 1, 0, 0, 3, 1, 3, 0, 1, 0, 0, 0, 3, 0, 1, 1, 3, 0, 0, 0, 3, 3, 3, 3, 3, 1, 3, 0, 3, 1, 1, 0, 3, 0, 3, 3, 0, 3, 1, 1, 1, 3, 1, 3, 0, 1, 1, 1, 0, 3, 2, 3, 1, 3, 3, 1, 3, 3, 0, 3, 1, 3, 1, 3, 3, 1, 1, 3, 1, 3, 3, 3, 1, 1, 1, 2, 3, 3], "confidence_scores": [[0.07956570889731697, 0.12246275332822679, 0.07016110934933349, 0.7278104284251229], [0.21959285697009873, 0.30914136063364517, 0.12040061040413923, 0.35086517199211703], [0.21233928968085808, 0.3215862499622167, 0.06109836800459391, 0.40497609235233123], [0.21514599886860383, 0.30158596801025883, 0.32216482363386584, 0.1611032094872714], [0.19115458637686727, 0.2634413985255566, 0.2129936767662557, 0.3324103383313205], [0.20597648703122712, 0.18138920203844988, 0.26101098690648183, 0.35162332402384155], [0.15382332882173638, 0.5136727384586264, 0.07379708689274149, 0.25870684582689574], [0.2789591096032704, 0.24864404272606397, 0.2316353290027005, 0.2407615186679652], [0.3741215929511078, 0.2842433733655871, 0.10189943405334442, 0.2397355996299606], [0.19936331995010145, 0.28578097570017247, 0.15403748325464678, 0.36081822109507933], [0.16158635974396351, 0.16890648756682697, 0.10223321053769667, 0.5672739421515129], [0.2773845546106792, 0.3691759261709942, 0.06651771761559858, 0.2869218016027281], [0.3535979537498885, 0.30762232268507095, 0.09998746567565901, 0.23879225788938174], [0.32537098531882197, 0.17028540932729508, 0.24235352160036402, 0.26199008375351907], [0.261658290890201, 0.3259092333366684, 0.10989048480992732, 0.3025419909632035], [0.27087754792030344, 0.23404845099976276, 0.12788430171005405, 0.3671896993698798], [0.29919763823824064, 0.19099405726675622, 0.20455041789555745, 0.3052578865994457], [0.5195280253802415, 0.17782780348526298, 0.09992792972262118, 0.20271624141187453], [0.11629488455199834, 0.4410870161838309, 0.34579428344793955, 0.09682381581623123], [0.20766168355436476, 0.40745595892767494, 0.13803664254429124, 0.2468457149736692], [0.22907258164382574, 0.1990878078166665, 0.15538929037182658, 0.4164503201676812], [0.09592415249181664, 0.4682774050682017, 0.16471591530970303, 0.2710825271302786], [0.20769230362844263, 0.39339570677498364, 0.12044068881293658, 0.2784713007836371], [0.13433313945299866, 0.6293368950605509, 0.08899211109111556, 0.14733785439533484], [0.13409321772065985, 0.16223583781627435, 0.5051419875975037, 0.19852895686556193], [0.19016231005477102, 0.35668175076329167, 0.20066956817435808, 0.25248637100757915], [0.2538935121846409, 0.16455296714241105, 0.20256082573566644, 0.37899269493728166], [0.4174206943906454, 0.20976474723747907, 0.1426316980896736, 0.23018286028220195], [0.19215462860730856, 0.4814958032540617, 0.10256680874472147, 0.2237827593939083], [0.22795381365726458, 0.3766103855860016, 0.09990731719917154, 0.2955284835575622], [0.336482131030085, 0.2439184988834851, 0.15282207816048762, 0.26677729192594235], [0.17057623138987218, 0.19496317549326242, 0.44917980948263225, 0.1852807836342331], [0.25893664082886747, 0.29714908621432545, 0.1397269817442604, 0.30418729121254673], [0.14148053938962193, 0.1490742411004379, 0.4978367708707813, 0.21160844863915884], [0.26678577206004006, 0.3290483695248269, 0.14998363558147365, 0.25418222283365954], [0.11107630021118596, 0.26556383995518773, 0.4284346878888059, 0.19492517194482037], [0.39690012848915707, 0.18160049892042388, 0.13837276041171892, 0.28312661217870017], [0.28930293925486233, 0.2822808345942113, 0.08095535846619135, 0.3474608676847351], [0.31789504961744597, 0.37304507722428787, 0.13136594694800222, 0.17769392621026422], [0.21214081480627628, 0.24271797647985432, 0.20054392645123184, 0.3445972822626376], [0.4300507989850427, 0.18183783403058149, 0.06857138122949906, 0.31953998575487674], [0.1745141846690954, 0.22215219716063758, 0.16017926942760038, 0.44315434874266674], [0.26397267428827703, 0.13211459593422134, 0.10267964169065136, 0.5012330880868503], [0.1689837062125371, 0.4836257210146776, 0.17590743577973167, 0.17148313699305356], [0.3053235538842936, 0.2667375027550816, 0.08980138232163361, 0.3381375610389912], [0.26900199685337933, 0.3526661267446659, 0.1603398445449153, 0.21799203185703958], [0.15395524339979672, 0.4346551859561949, 0.10097816109653245, 0.31041140954747576], [0.2550634115754586, 0.304051178568792, 0.1804857999678572, 0.26039960988789224], [0.26521562396457327, 0.3732845137990529, 0.15341740288069602, 0.20808245935567765], [0.2458439986398556, 0.3754664449726634, 0.13109548729439097, 0.2475940690930902], [0.13464401013257304, 0.13732006868699276, 0.18239847543888346, 0.5456374457415507], [0.19444546919879774, 0.2055855838307325, 0.2963043346843449, 0.30366461228612485], [0.10379580018072297, 0.379812455566445, 0.1574365588049639, 0.35895518544786836], [0.32209701286532255, 0.14497899832738195, 0.13325966060204017, 0.3996643282052553], [0.26305242435594284, 0.31714715675105887, 0.10510025350504505, 0.31470016538795326], [0.1459203857374048, 0.32690626023738595, 0.1766880316896523, 0.35048532233555696], [0.20940759167778888, 0.33133520713024966, 0.13518758021495908, 0.32406962097700237], [0.26329071414577343, 0.2381878104042958, 0.14256997416121858, 0.35595150128871234], [0.257743739326707, 0.19456089724670203, 0.3023723944880864, 0.24532296893850467], [0.206173096726138, 0.30334612237256975, 0.22416376000418917, 0.2663170208971032], [0.23981290441352368, 0.2264342768971701, 0.2669977482378369, 0.2667550704514694], [0.20960509747445596, 0.24444132809691446, 0.20363565167676348, 0.3423179227518661], [0.10972359444587036, 0.16604116610543843, 0.14458554548083816, 0.579649693967853], [0.13765676435581486, 0.17484808686211106, 0.1408524732216471, 0.546642675560427], [0.12083861004024844, 0.34594378873728576, 0.10739674496359101, 0.4258208562588747], [0.28828603050280127, 0.3199108093620367, 0.20071185268227495, 0.19109130745288716], [0.4219469249043633, 0.21548112724028493, 0.04236905591885157, 0.3202028919365002], [0.3050180333810106, 0.22638146792002417, 0.23162149379949326, 0.23697900489947193], [0.23705537361145473, 0.12509865781447968, 0.07970451484206896, 0.5581414537319966], [0.2292105754043264, 0.34709297577749004, 0.15490335359467552, 0.26879309522350825], [0.2736554747434339, 0.1866013787307433, 0.06605369911381585, 0.4736894474120071], [0.43358203060501116, 0.13504873268964998, 0.26197431948611705, 0.16939491721922176], [0.1517173198550021, 0.3418011878706326, 0.20809303634339804, 0.29838845593096747], [0.38896601542932996, 0.25268723221394496, 0.13098468325649917, 0.22736206910022594], [0.5756711031448384, 0.14609981563163066, 0.09618911286919272, 0.18203996835433825], [0.38248914444956444, 0.22327703035933516, 0.1748280980785154, 0.21940572711258496], [0.15153888394087575, 0.22020784381147185, 0.2106905630792278, 0.4175627091684246], [0.3826542387468553, 0.23420869957609536, 0.11588469475133426, 0.26725236692571525], [0.19864152130918794, 0.36113975460651365, 0.13779809693442055, 0.3024206271498781], [0.1753111170198302, 0.34914181694188207, 0.12681363860802375, 0.348733427430264], [0.2616191943785041, 0.2028825523563937, 0.1470323024763721, 0.3884659507887299], [0.29370537158219934, 0.22865583068645867, 0.21843185701859724, 0.2592069407127449], [0.36121936964158025, 0.21655293518476765, 0.1408105824524299, 0.2814171127212224], [0.3436637264759098, 0.23258756033651878, 0.14814119276191023, 0.2756075204256613], [0.3218148551956962, 0.22467859525958295, 0.1032709125415569, 0.3502356370031639], [0.26791224487728055, 0.22469003201864202, 0.18779658588816428, 0.3196011372159133], [0.12054969135507627, 0.19203958931213358, 0.32161308360082935, 0.3657976357319609], [0.20765148112110335, 0.3292202487516339, 0.10974848568127833, 0.3533797844459845], [0.18585341455872947, 0.2135465393027586, 0.20346850861165947, 0.39713153752685243], [0.18745776338995118, 0.38291640262571947, 0.07126412259708727, 0.358361711387242], [0.23445494177171422, 0.24134402789745768, 0.15519112951174047, 0.3690099008190878], [0.26896588392248805, 0.23959853026737618, 0.24024862874206465, 0.2511869570680713], [0.25502800752580845, 0.30529816559608186, 0.11951170433756064, 0.32016212254054915], [0.3105285481013623, 0.4101543508558121, 0.06855485245453445, 0.21076224858829112], [0.20805663533806415, 0.3396256043733582, 0.21324112434442247, 0.23907663594415499], [0.323277630036774, 0.30550166104704873, 0.1067410710639252, 0.26447963785225215], [0.3009311892086156, 0.14256366260210854, 0.16575216098776555, 0.3907529872015102], [0.4109106264126724, 0.2604625506316885, 0.10899375019077756, 0.21963307276486146], [0.23508097108360057, 0.20846338315778473, 0.25415850329049383, 0.302297142468121], [0.22205984188960548, 0.16145279053460926, 0.1491893482446388, 0.46729801933114634], [0.3676678655185666, 0.31479143265483994, 0.09417411847896849, 0.22336658334762505], [0.2682045406082157, 0.25965920465963666, 0.09588727557018711, 0.3762489791619605], [0.3590681441840304, 0.3603658348866806, 0.11534646154651552, 0.1652195593827737], [0.2599213586947698, 0.38372162527349724, 0.08566639599401706, 0.270690620037716], [0.2658456491319296, 0.4007324440613554, 0.0841039454303093, 0.24931796137640583], [0.28034407867826144, 0.28352775993056706, 0.11136811531001316, 0.32476004608115844], [0.2497641940857424, 0.45417017101028545, 0.0669776676755987, 0.22908796722837343], [0.20800613904615695, 0.15721679543839492, 0.12266936718821847, 0.5121076983272297], [0.32280164597896155, 0.22916155122266302, 0.13919099386373504, 0.3088458089346405], [0.17812543915381074, 0.3947884727586826, 0.05988649654602285, 0.36719959154148385], [0.2050561807526686, 0.33571056817707046, 0.20495055549867894, 0.254282695571582], [0.2720525104759644, 0.28257373640514044, 0.1635115383993962, 0.2818622147194989], [0.44939015310565583, 0.2111609914114167, 0.08110966143097591, 0.2583391940519516], [0.25822492433357624, 0.3019231126388507, 0.068107854256845, 0.3717441087707283], [0.1183535347830708, 0.31128920519977954, 0.332949473938259, 0.23740778607889051], [0.36567843997020666, 0.15061184452483076, 0.0940071100244836, 0.38970260548047897], [0.23413191508483888, 0.35892189099652433, 0.13922517471718485, 0.267721019201452], [0.21197900977938072, 0.2578904428441057, 0.10194550333196604, 0.42818504404454755], [0.24536529007608732, 0.3059853394770701, 0.09853425968009943, 0.3501151107667432], [0.33002000687280064, 0.423657413885476, 0.06860411786282831, 0.17771846137889502], [0.12589109267250062, 0.23943707230787448, 0.1708901221517118, 0.46378171286791325], [0.27765205907900087, 0.2479635272769629, 0.16555889370896562, 0.3088255199350708], [0.3465461171835068, 0.27248610564967135, 0.10501077968654123, 0.2759569974802806], [0.2725855591759895, 0.2516366826871641, 0.1358916757912102, 0.3398860823456362], [0.22694253559009503, 0.35426007438376517, 0.12743260522250197, 0.2913647848036379], [0.3665130224313273, 0.17456013252425812, 0.06594340069811243, 0.3929834443463021], [0.1827211041645199, 0.3078525312807162, 0.20965724776117323, 0.29976911679359075], [0.15117937417487146, 0.28128099383283195, 0.21379694296068724, 0.3537426890316093], [0.12071137186229414, 0.13604768399924916, 0.32799931671148275, 0.41524162742697407], [0.30371368174034413, 0.3622225425656407, 0.07129714441389041, 0.2627666312801247], [0.2336699528335949, 0.32953304861960914, 0.16084235191802743, 0.2759546466287684], [0.19398744440026383, 0.2419064857031956, 0.12626435538457528, 0.43784171451196513], [0.2635442983608839, 0.35611937993819215, 0.15631793033351052, 0.22401839136741356], [0.3144043701689399, 0.22449380042425557, 0.09645766816770686, 0.36464416123909765], [0.3050852526924507, 0.16183129002332047, 0.0807413677898599, 0.45234208949436894], [0.2948112998701687, 0.2224297347263057, 0.09993657142899608, 0.3828223939745295], [0.23364238614868454, 0.3108854660483207, 0.1613758663290085, 0.2940962814739861], [0.16050287736359517, 0.4610671465834669, 0.12519915176168114, 0.25323082429125665], [0.15900111770880848, 0.31350413183112097, 0.29930600651833267, 0.22818874394173796], [0.2641138456187818, 0.10105986818969358, 0.501204165256721, 0.13362212093480366], [0.1950281856049962, 0.30693311293206205, 0.15169896338169706, 0.3463397380812447], [0.16889987475862175, 0.2008415579373824, 0.22213806706929567, 0.4081205002347001]]}}