{"test": {"ids": ["97112300", "101108580", "110118810", "107113200", "102113981", "109117630", "109118701", "102110500", "111116750", "101108290", "108116120", "112119500", "106118301", "99114890", "103112470", "103120531", "98109570", "107114321", "97116500", "104111880", "102110240", "97106970", "105121370", "105116650", "113121980", "106116850", "107118120", "98121790", "113121950", "113121190", "111119930", "102112170", "113118111", "108119510", "104113190", "106118520", "113122430", "108114360", "112121351", "99109311", "108120621", "111117200", "111116010", "104111830", "103111110", "102109910", "107115250", "105111990", "101109370", "113120531", "110118111", "99109860", "99109161", "98108970", "113119300", "105115380", "101115190", "105113620", "112121030", "106115240", "97106770", "107117630", "111118810", "107114950", "102112250", "113121750", "105116441", "104114230", "112121410", "102118380", "102110890", "104110960", "103120290", "98116500", "97118210", "98117740", "113121220", "108114270", "104117200", "98113881", "109114220", "108114180", "97110950", "110121500", "105113440", "113122320", "107118490", "109115380", "110118121", "103120780", "99108890", "109121351", "98120530", "99112840", "109113881", "112121430", "101110150", "99117740", "109119450", "102112030", "99107300", "113120260", "112118930", "112116880", "106116120", "107113170", "107116980", "100108260", "97114170", "106117650", "101111310", "109114651", "110114720", "109118231", "99107630", "97105451", "108121410", "99117630", "104114320", "102109010", "100107920", "107121230", "113119950", "102112301", "109118820", "112119580", "111118820", "107121700", "111116530", "105112130", "101112160", "110121450", "101119030", "104113000", "110120190", "100109801", "105113210", "113117340", "105117200", "103111620", "108119550", "107113180"], "labels": [2, 0, 1, 0, 1, 0, 3, 3, 3, 0, 1, 2, 1, 2, 1, 3, 1, 0, 2, 3, 3, 2, 2, 1, 2, 3, 3, 2, 3, 1, 1, 3, 1, 1, 3, 2, 2, 1, 0, 1, 1, 0, 1, 3, 3, 2, 2, 2, 1, 0, 1, 2, 3, 3, 1, 1, 1, 0, 0, 1, 3, 0, 0, 3, 0, 0, 1, 2, 0, 1, 0, 2, 2, 2, 2, 2, 3, 3, 3, 3, 3, 1, 3, 3, 0, 1, 2, 3, 3, 1, 0, 0, 1, 2, 0, 2, 1, 2, 3, 2, 3, 3, 1, 0, 1, 0, 3, 3, 2, 1, 3, 3, 3, 1, 2, 0, 0, 3, 2, 1, 0, 0, 0, 1, 3, 3, 0, 3, 3, 1, 3, 3, 3, 1, 3, 0, 3, 2, 3, 0, 1, 3], "predicted_labels": [2, 0, 3, 0, 1, 0, 3, 3, 3, 3, 0, 1, 0, 1, 1, 0, 3, 1, 0, 2, 2, 3, 0, 2, 3, 0, 3, 2, 2, 1, 0, 1, 3, 1, 0, 3, 3, 2, 3, 2, 0, 1, 1, 0, 3, 3, 1, 0, 1, 0, 0, 2, 0, 2, 3, 1, 2, 0, 0, 0, 2, 2, 3, 3, 1, 0, 1, 2, 1, 1, 2, 0, 2, 0, 2, 3, 3, 3, 3, 1, 1, 3, 1, 1, 2, 1, 1, 3, 1, 0, 1, 1, 3, 1, 1, 1, 3, 1, 2, 1, 0, 1, 3, 3, 1, 1, 0, 0, 1, 1, 0, 3, 2, 1, 0, 0, 1, 1, 0, 1, 0, 1, 1, 3, 3, 0, 3, 2, 1, 0, 2, 0, 0, 3, 3, 1, 3, 1, 0, 0, 3, 2], "confidence_scores": [[0.008329427435453575, 0.05238469158741923, 0.8304364383469637, 0.10884944263016354], [0.9254477352732171, 1.748716235013698e-05, 0.07452853315160685, 6.2444128258277385e-06], [0.14043116076862577, 0.008477866863423758, 0.163257654039996, 0.6878333183279545], [0.9497844675062269, 1.7145311654981578e-06, 7.257635905303456e-07, 0.05021309219901704], [0.000309659844815339, 0.9993612155786431, 9.847164495939641e-05, 0.00023065293158218309], [0.6161058133997237, 0.3838927984398286, 1.304506723276192e-06, 8.365372446758029e-08], [1.006100945020429e-09, 2.5928107650230862e-05, 3.8076263961894137e-06, 0.9999702632598526], [0.1626392604046059, 0.006562207408930072, 0.23680566843760528, 0.5939928637488586], [3.915707246814447e-05, 2.8211242066385467e-08, 0.00023420634012552213, 0.9997266083761642], [0.005670300459304301, 0.00039639852551115836, 0.00022642649583952737, 0.993706874519345], [0.7638961027455762, 0.0006709947625548256, 0.002225566894729916, 0.2332073355971389], [6.230912663527156e-07, 0.9923695586495719, 0.00762954317375578, 2.750854059799863e-07], [0.9754374795784221, 0.024562512522427384, 1.8943218418849247e-11, 7.880207275412013e-09], [3.5510881901200746e-10, 0.9097345802872814, 0.0902577648196282, 7.654537981590737e-06], [0.11090541268512134, 0.8832390967988042, 0.005850746732439807, 4.74378363470846e-06], [0.8582385791101668, 0.14158316343003605, 0.0001781301732726299, 1.2728652437658906e-07], [0.009414057133419928, 0.014808073242188418, 8.788468085855998e-05, 0.975689984943533], [0.12708307353409515, 0.8705888267901343, 0.0006782722485317486, 0.0016498274272387485], [0.8553198649643748, 0.005379692450190693, 0.08503522428729973, 0.054265218298134604], [0.00036152379113103106, 0.00010513270477397145, 0.9854638905764, 0.014069452927694924], [0.0037990621444965503, 5.053830107558284e-07, 0.7005551158911901, 0.29564531658130266], [0.054776061091009236, 0.1001317125768449, 0.029683840084330327, 0.8154083862478155], [0.7481858660430616, 0.13725514565977218, 0.11437687141874973, 0.00018211687841637245], [0.32083299282142397, 0.09879587697735956, 0.39978191076026187, 0.1805892194409546], [2.3490838099192868e-08, 0.052546503206665054, 0.004351486970543418, 0.9431019863319534], [0.9930938099876504, 1.5112073380735114e-06, 0.0067113753224066555, 0.00019330348260500593], [8.003782584488527e-05, 0.00010188676006204979, 0.0003570013442689877, 0.9994610740698241], [0.00945422972507706, 0.20154420262571468, 0.7649691528958625, 0.02403241475334589], [9.894754571637267e-06, 0.0055051673350778405, 0.9926099343104007, 0.0018750035999499646], [0.006191674975029262, 0.989940114865336, 0.0004150416295980234, 0.0034531685300367566], [0.9880411132456185, 0.0007888893725048115, 4.6195890905968057e-07, 0.011169535422967447], [0.0011765617558423523, 0.9979778277135131, 0.000292054856259842, 0.0005535556743846927], [0.1058769502051987, 0.008903635036833456, 1.9678048043308966e-05, 0.8851997367099245], [1.8692641560313677e-05, 0.9812063318751387, 0.018774542849962446, 4.326333383453269e-07], [0.9879950288938759, 0.0017255648036904327, 0.008672959676915394, 0.001606446625518105], [0.010712000206183039, 0.025822576659768424, 7.160593054056631e-06, 0.9634582625409944], [5.150972385683051e-07, 0.03028477217547371, 5.924990775331519e-05, 0.9696554628195344], [2.0061816206596453e-07, 0.31932395001162783, 0.6806612412532116, 1.4608116998371274e-05], [0.26747478668406344, 0.004137835117994188, 3.0842479817860447e-09, 0.7283873751136944], [0.0006186265677765706, 0.12532793410508825, 0.8731297765893669, 0.0009236627377683183], [0.9996893377194405, 0.00019854385450352737, 6.821212769596482e-05, 4.3906298359997335e-05], [1.293912398045996e-06, 0.999909234343624, 3.629914184642088e-09, 8.946811406394467e-05], [9.561625777076503e-06, 0.9987639241498368, 0.0011662013535442455, 6.031287084178686e-05], [0.8154257306130399, 0.04043049131334293, 0.0007966142998672396, 0.1433471637737497], [0.2349249961671925, 0.0024741529769031346, 7.686868567728422e-06, 0.7625931639873367], [0.37878665570916276, 0.05349775233541019, 0.020620228251295118, 0.547095363704132], [0.12950944452234772, 0.6458747801658905, 0.2172417437359426, 0.007374031575819123], [0.9999839295958488, 5.837380958245095e-07, 4.324765410916653e-07, 1.5054189514345072e-05], [0.030446646565721727, 0.5005561577967298, 0.46899186236922097, 5.333268327508244e-06], [0.997930448221602, 0.001134635340923488, 0.0008506923807060329, 8.422405676853232e-05], [0.9135802876296877, 0.08640187559945076, 5.772437554683371e-06, 1.2064333306952183e-05], [0.0013432605192779659, 0.00904020060419496, 0.8702621456751017, 0.11935439320142545], [0.9963820354057873, 1.5644071776347185e-07, 0.0036178081286206564, 2.4874167596000645e-11], [0.019682350054356285, 0.34057640027190594, 0.6390431454597546, 0.0006981042139832797], [0.0015811192989226238, 8.901588299566578e-08, 4.717510664816361e-09, 0.9984187869676836], [2.2355608763537594e-05, 0.8700211790820725, 0.011644881437726351, 0.11831158387143763], [0.00014482518383880638, 0.1009736838329506, 0.8988810735654177, 4.1741779294269544e-07], [0.9817048965226612, 0.0014464043841893551, 0.01681096418340476, 3.773490974473042e-05], [0.9999772322283865, 1.3379417733372063e-05, 3.807232894108062e-06, 5.581120985929897e-06], [0.9999880283866386, 9.370950073882275e-08, 9.113329864940361e-06, 2.7645739957471012e-06], [0.002802066629391048, 0.00024323827255383226, 0.9912723042047343, 0.005682390893320905], [0.0012208533470850194, 0.021544523256954343, 0.9621310707394128, 0.015103552656547723], [0.0007678870608613415, 5.228247176586861e-07, 6.18654444954908e-10, 0.9992315894957664], [0.051758498381273346, 0.03850675403508235, 0.035516464477888525, 0.8742182831057559], [0.0037427655836604658, 0.9740242366227304, 0.02193259132142878, 0.0003004064721801572], [0.9688178077978601, 0.0015354261364506538, 4.530373638979896e-06, 0.02964223569205006], [0.02045309338160826, 0.6827229612239926, 0.001977864087395746, 0.2948460813070034], [0.0007500055940542941, 0.0599406442832729, 0.8828321945821446, 0.05647715554052827], [8.187446979948071e-05, 0.999862915062241, 1.2445855505012856e-07, 5.5086009404597897e-05], [8.087540914712963e-06, 0.9858678513367864, 0.012345000564550701, 0.001779060557748044], [0.00033579167152830014, 6.365637936018805e-07, 0.9977695509681674, 0.0018940207965107612], [0.9921083360117267, 0.0003077597809937277, 8.498855624096757e-05, 0.00749891565103875], [4.9998854555918925e-05, 0.0004211076668201052, 0.9981201427509384, 0.0014087507276854803], [0.8768470925841243, 0.03690531841508782, 0.04078629607301347, 0.045461292927774496], [6.976655543542256e-08, 0.0007785384988130614, 0.9992146490206388, 6.7427139927607e-06], [7.93801997075341e-05, 0.06128530631477478, 0.0005075747454070742, 0.9381277387401107], [4.386864100002148e-10, 5.7643356790422476e-11, 2.1666616233617483e-09, 0.9999999973370086], [0.19797719861336655, 0.019229016432016133, 0.0031450722792580195, 0.7796487126753593], [0.00015756570953849954, 0.24423982367482372, 0.0008850060210125892, 0.7547176045946252], [0.0038888728051357803, 0.9936922184692267, 0.0024188547252150324, 5.4000422510089146e-08], [0.10746087055595704, 0.7628740808212308, 0.0007060676044155854, 0.12895898101839662], [2.0198032024654997e-09, 1.5044904024163845e-07, 3.4233943802667816e-06, 0.9999964241367763], [0.00027761880221937923, 0.9693730354170097, 0.030208694742756285, 0.00014065103801454688], [5.1596425011846184e-05, 0.9996728354108338, 2.697324207504923e-07, 0.0002752984317336672], [0.06078163470587259, 0.02091387062782461, 0.9169558835459518, 0.0013486111203510297], [0.026627281810577944, 0.9726895942679459, 3.859595831702091e-05, 0.0006445279631591163], [0.00011190511824203356, 0.9998297262702927, 5.7839803342243164e-05, 5.288081231777231e-07], [1.1282435109634178e-05, 9.443463470575918e-05, 0.14146068173716647, 0.858433601193018], [0.002092736731636391, 0.5508223689401835, 0.0011060391216533307, 0.44597885520652664], [0.9667376917003397, 0.0024409441051768794, 0.030523260106302044, 0.00029810408818128887], [9.632850147602518e-09, 0.9887566783299977, 4.3508127648225993e-07, 0.011242876955875758], [7.564163202891907e-06, 0.9280257667894944, 8.172496778184254e-09, 0.07196666087480595], [0.0009114297507249202, 3.5385378014270193e-06, 1.6098280941129738e-08, 0.9990850156131927], [0.44204119403316455, 0.5052847353896142, 0.03961748383140809, 0.01305658674581308], [4.645004942901614e-05, 0.9999472268005284, 6.321050335928591e-06, 2.0997066270178915e-09], [0.006148574892365029, 0.9427931685623365, 0.0064841509907522426, 0.04457410555454633], [0.0001777608876773861, 0.14921808323912805, 4.85593802504014e-05, 0.8505555964929442], [3.746210607184685e-05, 0.9331018181491241, 0.06664524741969277, 0.00021547232511124823], [2.8077381796537682e-05, 1.4312138320474082e-05, 0.9166408782708336, 0.0833167322090494], [8.04483247980683e-06, 0.9783006303915958, 0.00040434985219538764, 0.02128697492372898], [0.5921312343608273, 0.40783099640707937, 2.7040393253217974e-08, 3.774219170032645e-05], [0.0011593864875508975, 0.9691728483079487, 0.028975022975192864, 0.0006927422293077501], [0.00013052300099603988, 0.0001215626662146193, 4.04009963434638e-06, 0.9997438742331549], [0.10384799432597444, 0.1767346119209325, 0.24192040819004346, 0.4774969855630495], [2.3180895592050077e-05, 0.7843696372571277, 0.0002538518308311592, 0.2153533300164492], [0.47592060490784194, 0.5232206480338938, 0.00010952805883203035, 0.0007492189994322662], [0.8252531610695087, 0.1736610514851842, 2.9059683991008607e-07, 0.0010854968484672258], [0.9188203259627148, 0.00017541785260288297, 9.334224050638427e-07, 0.08100332276227729], [1.2254396548356734e-09, 0.9999656969355816, 3.284839751821382e-05, 1.4534414605845457e-06], [0.002044921740429468, 0.8691129622375425, 0.004640829898400389, 0.12420128612362764], [0.9917555006113903, 0.007597221625794261, 0.0006465561124551471, 7.216503601696174e-07], [0.08576218498250227, 0.10259312641115735, 7.290559443108635e-05, 0.8115717830119094], [0.0005810467294771874, 0.0003824572344184042, 0.9981676409666119, 0.0008688550694924146], [0.0073641810620397475, 0.9909586920502197, 9.954481289212002e-09, 0.0016771169332592906], [0.9127202348642529, 0.014802126729641436, 0.004909876561777177, 0.06756776184432839], [0.9999695898075255, 3.040920810716579e-05, 3.236834906307796e-10, 6.606838800792642e-10], [0.20852627907175833, 0.7914722031336071, 9.59411500475132e-07, 5.583831340825633e-07], [0.010504684034309967, 0.9852290728839213, 1.3891982406605834e-05, 0.004252351099362136], [0.9958705263803951, 0.00010544313589253629, 0.003889800524763683, 0.00013422995894875548], [3.1852773694940665e-06, 0.9890716913754798, 0.01072814735892734, 0.00019697598822311535], [0.35516820017896217, 0.05920943894698489, 0.2331890689456698, 0.35243329192838313], [1.4927032927771584e-06, 0.9786389222580373, 2.5286363815802995e-07, 0.02135933217503174], [0.21274021213154626, 0.7783577610822753, 1.888083808939407e-05, 0.008883145948089042], [0.0470903985726379, 9.940417599551996e-07, 0.002965621158310286, 0.949942986227292], [3.0219670314392166e-06, 0.40938063163526983, 0.00019894907911250222, 0.5904173973185863], [0.7670087475353576, 0.0870119140725331, 0.001570514213128551, 0.1444088241789808], [0.07686335468848617, 3.7124442604604758e-06, 3.6473289675711775e-09, 0.9231329292199244], [8.35320405490341e-06, 0.3911423290805107, 0.5718623093471413, 0.03698700836829301], [0.036085863764983885, 0.9597171624506986, 0.004195885163616394, 1.0886207009538768e-06], [0.9628705849227857, 0.002291162629530151, 0.0009741979849654623, 0.03386405446271875], [1.047837140084007e-06, 6.546051295911653e-06, 0.9999662424689902, 2.6163642573652558e-05], [0.8649371292814279, 0.007843498075132717, 2.07777244145823e-05, 0.12719859491902485], [0.999439593607618, 0.00015765605023173177, 1.1760358121686051e-08, 0.0004027385817920848], [0.2656668062900996, 1.616873089137168e-10, 0.2164849413948421, 0.5178482521533709], [5.1115800892467834e-09, 5.001922612546724e-05, 1.3444564340382057e-14, 0.999949975662281], [4.3876566217185747e-07, 0.9939365221260498, 0.0051627981813607065, 0.0009002409269273092], [2.4634131982071832e-06, 9.002670916448184e-06, 5.780464158821823e-09, 0.9999885281354213], [0.0009539976106052378, 0.9979716001497441, 0.0008086886652820612, 0.00026571357436861793], [0.8969965779961181, 0.00025364848588791994, 0.010330356824397927, 0.09241941669359614], [0.5722789871495318, 0.007141503770213835, 0.38019731628282466, 0.04038219279742956], [3.800044471927472e-06, 0.006104089520674061, 8.544305597891045e-09, 0.9938921018905484], [0.021119390938241254, 0.27819476193807957, 0.700669259735653, 1.6587388026163943e-05]]}, "rewritten": {"ids": ["97105451", "97106770", "97106970", "97110950", "97112300", "97114170", "97116500", "97118210", "98108970", "98109570", "98113881", "98116500", "98117740", "98120530", "98121790", "99107300", "99107630", "99108890", "99109161", "99109311", "99109860", "99112840", "99114890", "99117630", "99117740", "100107920", "100108260", "100109801", "101108290", "101108580", "101109370", "101110150", "101111310", "101112160", "101115190", "101119030", "102109010", "102109910", "102110240", "102110500", "102110890", "102112030", "102112170", "102112250", "102112301", "102113981", "102118380", "103111110", "103111620", "103112470", "103120290", "103120531", "103120780", "104110960", "104111830", "104111880", "104113000", "104113190", "104114230", "104114320", "104117200", "105111990", "105112130", "105113210", "105113440", "105113620", "105115380", "105116441", "105116650", "105117200", "105121370", "106115240", "106116120", "106116850", "106117650", "106118301", "106118520", "107113170", "107113180", "107113200", "107114321", "107114950", "107115250", "107116980", "107117630", "107118120", "107118490", "107121230", "107121700", "108114180", "108114270", "108114360", "108116120", "108119510", "108119550", "108120621", "108121410", "109113881", "109114220", "109114651", "109115380", "109117630", "109118231", "109118701", "109118820", "109119450", "109121351", "110114720", "110118111", "110118121", "110118810", "110120190", "110121450", "110121500", "111116010", "111116530", "111116750", "111117200", "111118810", "111118820", "111119930", "112116880", "112118930", "112119500", "112119580", "112121030", "112121351", "112121410", "112121430", "113117340", "113118111", "113119300", "113119950", "113120260", "113120531", "113121190", "113121220", "113121750", "113121950", "113121980", "113122320", "113122430"], "labels": [0, 3, 2, 3, 2, 2, 2, 2, 3, 1, 3, 2, 2, 1, 2, 3, 2, 0, 3, 1, 2, 2, 2, 3, 2, 0, 3, 0, 0, 0, 1, 1, 3, 3, 1, 3, 1, 2, 3, 3, 0, 2, 3, 0, 1, 1, 1, 3, 0, 1, 2, 3, 1, 2, 3, 3, 1, 3, 2, 2, 3, 2, 1, 3, 0, 0, 1, 1, 1, 3, 2, 1, 1, 3, 1, 1, 2, 0, 3, 0, 0, 3, 2, 3, 0, 3, 2, 0, 3, 1, 3, 1, 1, 1, 1, 1, 0, 0, 3, 3, 3, 0, 1, 3, 3, 3, 0, 3, 1, 3, 1, 3, 3, 3, 1, 3, 3, 0, 0, 0, 1, 0, 1, 2, 3, 0, 0, 0, 2, 2, 1, 1, 0, 3, 0, 1, 3, 0, 3, 2, 1, 2], "predicted_labels": [0, 2, 1, 1, 3, 1, 0, 2, 1, 3, 1, 0, 1, 3, 2, 0, 0, 1, 0, 2, 1, 1, 1, 1, 1, 3, 3, 1, 3, 0, 1, 3, 0, 2, 2, 0, 1, 3, 3, 3, 0, 1, 1, 1, 3, 1, 1, 3, 0, 0, 1, 0, 0, 0, 0, 2, 3, 0, 3, 1, 3, 0, 1, 3, 0, 0, 1, 1, 2, 0, 0, 0, 1, 0, 1, 1, 3, 1, 2, 0, 0, 1, 2, 0, 2, 3, 1, 1, 1, 3, 0, 2, 3, 1, 3, 0, 1, 1, 1, 3, 2, 1, 0, 3, 3, 2, 3, 0, 0, 1, 3, 3, 3, 3, 1, 0, 3, 1, 3, 3, 0, 2, 1, 1, 1, 0, 3, 0, 1, 1, 3, 3, 1, 1, 0, 1, 3, 0, 2, 1, 1, 3], "confidence_scores": [[0.9999291958117212, 7.079513482845044e-05, 8.102882720364765e-09, 9.505676358965884e-10], [0.014831847641931373, 0.0019240601798603087, 0.9575385116448566, 0.025705580533351664], [0.0006440360173935858, 0.5463019905463541, 0.1332281463515819, 0.31982582708467044], [0.015821079849190768, 0.977345694462129, 0.004693404802666276, 0.002139820886014016], [0.0014963541016546709, 0.0057669515987805765, 0.004326579523465924, 0.9884101147760987], [1.032631717840217e-10, 0.9999956987341945, 2.9074332407199473e-06, 1.3937293017115729e-06], [0.9859143707963361, 0.012018290223754486, 0.0001797894014501066, 0.0018875495784593747], [2.808009105417185e-06, 0.1364720821847672, 0.8634818945400949, 4.321526603246754e-05], [0.00030401169002095414, 0.8744125825201209, 0.12527474670996108, 8.659079897066215e-06], [0.05482850473909663, 7.143953431648397e-06, 5.656759500861004e-06, 0.9451586945479709], [2.7067126200838583e-06, 0.9999970741189578, 1.3204330852527448e-07, 8.712511349702103e-08], [0.7207443166808594, 0.27887743066904525, 0.0001547516874645841, 0.00022350096263083758], [1.3498281541363274e-06, 0.9283701245507274, 0.0023912961692599734, 0.06923722945185841], [0.007898744923207236, 0.1420966804519288, 7.308944979409305e-05, 0.8499314851750699], [0.057388740861029214, 0.30511668884533066, 0.4506167982153399, 0.18687777207830011], [0.6136009411821962, 0.3863336415056825, 7.248933195182044e-09, 6.541006318812445e-05], [0.9504576711959488, 0.028115716599745825, 0.000812806662638756, 0.020613805541666492], [1.0058855781163529e-06, 0.9585592425944147, 1.1401890291757117e-06, 0.041438611330978106], [0.6756528659056737, 0.32328215983937725, 0.0010649738298288604, 4.251202368150492e-10], [0.03881702816715032, 0.002780379614108429, 0.9578474072806791, 0.000555184938062165], [0.0015143981368514535, 0.9141956288065168, 0.07546242475501554, 0.008827548301616146], [0.04806008549590467, 0.9209602257403753, 0.028450617102082815, 0.0025290716616373755], [9.347218593844357e-11, 0.6624510340127934, 0.33754204290556905, 6.922988165479563e-06], [0.02143087443625281, 0.9526937180805377, 4.532000810085381e-05, 0.025830087475108465], [1.2799400192173273e-07, 0.9828336520120685, 0.01716433561171811, 1.884382211583678e-06], [0.017750322446948318, 0.023129299980609055, 0.0008514275456690709, 0.9582689500267735], [0.01241745231322981, 3.272820751668227e-05, 1.7334921502440478e-07, 0.9875496461300386], [5.5297827302473424e-05, 0.9791625907424765, 0.019129620735307943, 0.0016524906949131257], [5.486197995574575e-05, 3.364979124834247e-05, 6.2786259745357e-06, 0.9999052096028214], [0.9989746106493329, 8.398038253953743e-05, 0.0009360642875092828, 5.344680618123657e-06], [0.040506289090349805, 0.8677901051535623, 0.08983287489854036, 0.00187073085754756], [0.003941323786861197, 0.17507346475143185, 2.7919471084062003e-06, 0.8209824195145985], [0.7764278802616364, 0.002416626712869355, 0.22115538550218422, 1.0752330989823482e-07], [1.0439651028043485e-06, 2.6498638874098684e-06, 0.9999899548125726, 6.35135843707873e-06], [0.0005039384831691428, 0.27191662455741256, 0.7275777938653705, 1.6430940478331982e-06], [0.9367960318557293, 0.0017881664356928476, 0.00011761524924115306, 0.06129818645933647], [1.3226182232403968e-06, 0.9992355689006955, 0.0007619961214558392, 1.1123596255673009e-06], [0.03900722513745679, 0.22954735833601375, 0.016027941720711616, 0.7154174748058177], [0.007618783922964163, 6.240555329908787e-09, 0.11437860871665198, 0.8780026011198286], [0.030715435461229512, 0.0006273215453898774, 0.0006558132122023846, 0.9680014297811781], [0.9731296484476913, 8.201009754400175e-05, 0.02075468852866768, 0.006033652926096909], [2.380694961017505e-05, 0.9765980210475803, 0.0017854843832975766, 0.021592687619512028], [0.00010847330910500178, 0.9989565149391739, 6.468982298265017e-05, 0.0008703219287384165], [0.00020070972299822212, 0.9972783175580647, 0.0015271370113389448, 0.000993835707598126], [0.017287294277841793, 2.1503716399250088e-07, 0.0005086511042018291, 0.9822038395807923], [2.0411630177616282e-05, 0.9999454697238305, 6.890566011920471e-06, 2.72280799799915e-05], [1.4585722432456005e-07, 0.9999491781506309, 4.949007041549803e-05, 1.185921729189996e-06], [1.6960162320004233e-05, 0.00011632665815202046, 0.0003497402870552429, 0.9995169728924728], [0.6224390882269765, 0.012050698983661005, 0.35226131101665814, 0.013248901772704455], [0.8024309596888106, 0.19243412325518525, 0.005126282580502725, 8.634475501323733e-06], [2.6813782118205655e-07, 0.9981683648876901, 0.0017078284469695501, 0.00012353852751898132], [0.6824851809611607, 0.29949363583985605, 0.018000689555531368, 2.049364345182454e-05], [0.8644517207012836, 0.0036522715296381874, 4.204169373276614e-05, 0.1318539660753453], [0.9990341153158838, 0.00024254528429957844, 0.00019233519936691078, 0.0005310042004497259], [0.9305144921656369, 0.002621406428990552, 0.004173713610986089, 0.06269038779438665], [0.01646375959147769, 9.03889843319199e-06, 0.980172052187617, 0.003355149322472044], [0.031220768517713725, 9.059403960106456e-10, 0.31377195145291964, 0.6550072791234262], [0.998454699817068, 0.000526582486576534, 0.0010176710023381014, 1.0466940171215838e-06], [0.0001731652818364986, 0.028792947681690495, 0.34245025669954515, 0.6285836303369278], [0.048989131093965965, 0.8936518585287578, 0.0003195467818914681, 0.05703946359538466], [0.00012391840408517378, 0.05011865057309695, 0.0033152784897128675, 0.9464421525331052], [0.9994650044711159, 8.179699107454507e-07, 6.105471216974462e-06, 0.0005280720877562405], [0.0007757739143319695, 0.9970498055392095, 1.953145623544501e-05, 0.002154889090222995], [1.2788982018693976e-05, 1.5191002722936205e-05, 9.397481330414083e-08, 0.9999719260404449], [0.5560509535299325, 0.057725460374439846, 0.3789639668643595, 0.00725961923126807], [0.8569472534437236, 0.03694982600801151, 0.10608016632457157, 2.275422369326651e-05], [0.0005259033085979178, 0.8783993074886196, 0.00033386701260069, 0.12074092219018175], [0.00046014443823473746, 0.9962744105433579, 0.0001712330890687301, 0.003094211929338566], [0.23239823472781262, 0.1936272099193518, 0.5156188307521803, 0.058355724600655245], [0.9461884990418581, 0.0008813500934333876, 0.004517675529812449, 0.04841247533489603], [0.8794881165559291, 0.07273119641645119, 0.047717534181440736, 6.315284617912785e-05], [0.9999235491668501, 6.0648458372669966e-05, 3.727073783466518e-06, 1.2075300993619608e-05], [9.184111520165197e-06, 0.9168647884171868, 6.363945620598756e-05, 0.0830623880150872], [0.9707300160115022, 4.36574056634582e-06, 0.028543480186961134, 0.000722138060970397], [0.0024662623648456007, 0.9222881867431311, 0.0002737975847149954, 0.07497175330730829], [0.25820835422451544, 0.7417882830149428, 1.7668809145577547e-08, 3.3450917325701472e-06], [0.03243029650218662, 0.3978419414044583, 0.0007947983228012335, 0.5689329637705538], [0.48581753368362113, 0.5071662742996564, 8.52024811751967e-06, 0.007007671768604926], [0.004934732340075611, 0.2748451867760948, 0.7194335894489952, 0.0007864914348344532], [0.979111094706478, 1.2738941537737617e-06, 2.285589621443165e-07, 0.020887402840406175], [0.8112375682333212, 0.07770905291034592, 0.00024049810969859134, 0.11081288074663437], [0.014764048370828833, 0.5024624455893477, 0.04194522959895536, 0.4408282764408681], [0.27949169143282876, 0.1825432016677288, 0.5275409960192997, 0.010424110880142732], [0.5472815027709319, 0.4525649182223177, 1.443497459712903e-08, 0.00015356457177581427], [0.00012199342231650647, 0.006751285655159858, 0.9841459614322934, 0.008980759490230368], [0.012814852618005308, 7.760313735674338e-05, 2.0495257241095652e-05, 0.9870870489873969], [0.00016155571197874172, 0.9997000714091556, 6.112829308536114e-05, 7.724458578026439e-05], [7.4124926229206e-08, 0.999588576608809, 6.405963934130773e-07, 0.0004107086698713782], [1.1579074509412314e-06, 0.5858312445608637, 0.19625154428830707, 0.21791605324337826], [2.3022161986488744e-11, 5.7767619751078685e-09, 1.5042898900445549e-06, 0.9999984899103258], [0.8765473715488075, 0.017405679058157802, 0.00017633207909522575, 0.10587061731393979], [5.00699698275267e-08, 0.3028005551992916, 0.6971992869293829, 1.0780135555714273e-07], [0.0037239869133855034, 0.002021746779327308, 0.0019419595699222963, 0.9923123067373649], [6.763537471372477e-05, 0.972598115007936, 0.027332025846188285, 2.223771162083992e-06], [1.5409495650892987e-06, 0.0027008882794280625, 1.790106899879511e-08, 0.9972975528699378], [0.9996179937048101, 0.00030454406488281214, 4.191042152179602e-05, 3.5551808785124626e-05], [0.15796683721285454, 0.8419098675501699, 0.00011296046832860519, 1.0334768647078046e-05], [0.0003336830225266618, 0.9995673412385008, 4.320943073852061e-05, 5.576630823373716e-05], [0.16369148312582935, 0.8356273081009864, 0.00047702695659294735, 0.00020418181659148066], [0.17193119682754415, 0.07001788843425814, 4.47311762807361e-06, 0.7580464416205696], [2.0712591402646623e-05, 0.006349882172337192, 0.9886628630491042, 0.004966542187155917], [0.24872566499614981, 0.7512681664866331, 6.149308573963949e-06, 1.9208643249212527e-08], [0.7690821859472696, 0.21897450736992355, 4.940247563538145e-10, 0.01194330618878198], [2.7296767656628336e-08, 0.00024823765451298087, 1.1565330996352311e-05, 0.9997401697177232], [6.2443962679794656e-09, 0.0009058516930465448, 1.989854683671792e-06, 0.9990921522078736], [0.00016397590793159638, 4.376684428902376e-05, 0.999440454737248, 0.0003518025105314964], [3.914805309018473e-06, 0.019725031666556776, 7.2397275183440525e-12, 0.9802710535208945], [0.5737369130509261, 0.026282013904812208, 0.3990203930251101, 0.0009606800191514995], [0.9732109751345257, 0.025976810878033923, 6.754696427883851e-06, 0.000805459291012548], [0.03001629803083408, 0.7209327304115002, 0.04013939380730751, 0.2089115777503583], [0.025575702402090245, 2.135546644893996e-05, 0.0014775989269213254, 0.9729253432045396], [6.466355361147705e-08, 0.00020536583802711712, 7.00466796009803e-14, 0.9997945694983492], [0.2983811543890593, 0.21357933788121175, 4.559040328423759e-05, 0.4879939173264449], [4.7572288300120505e-06, 0.007326678045155146, 1.1944209921416979e-06, 0.9926673703050227], [3.6888375408440026e-06, 0.9993424277310351, 0.0006394826331381631, 1.4400798285854259e-05], [0.9987124182988635, 0.0012735559546989115, 1.386129716283709e-05, 1.6444927469729643e-07], [6.095940176423069e-05, 6.583233350857508e-08, 2.9615696113971672e-05, 0.9999093590697883], [1.7312619652783522e-08, 0.999998701520097, 6.275620252853435e-10, 1.280539721280122e-06], [0.0009020104720186251, 2.2665330893417976e-05, 1.6210707483567285e-09, 0.9990753225760172], [0.13874859670427955, 4.2338833995868866e-05, 4.373193299417567e-08, 0.8612090207297914], [0.9959563109337022, 0.00035723178876770405, 7.139894110987541e-09, 0.0036864501376358844], [0.05316570936638961, 0.08707823233533396, 0.7743758285683028, 0.08538022972997363], [0.015368786904481568, 0.5266245646612813, 0.07180317778585812, 0.3862034706483791], [1.7513773026780346e-07, 0.9753395209733342, 0.024660251893302634, 5.199563287598298e-08], [0.12863772744753954, 0.7999617733097306, 0.0011077971895061974, 0.07029270205322374], [0.9999380576450304, 9.976135038281952e-06, 7.150782203742553e-07, 5.125114171087642e-05], [0.0520708020702851, 0.3909598820599444, 3.798722853667268e-08, 0.556969277882542], [0.6959264234967025, 0.3025448942444135, 8.801437262611396e-06, 0.0015198808216213494], [0.023567813613618274, 0.8382188871051804, 0.029311109652458728, 0.10890218962874242], [2.758405755507967e-05, 0.9956211195921828, 0.00035724252380545443, 0.003994053826456657], [0.000829287454312723, 5.10596564521343e-05, 8.640974230932719e-07, 0.999118788791812], [0.00014864724455048283, 3.343850386092114e-09, 1.371453209304772e-11, 0.9998513493978847], [0.043819303782842094, 0.8146871624688738, 5.468515653024085e-06, 0.1414880652326311], [4.680242251496319e-08, 0.9993022514841737, 0.0004523977156732339, 0.0002453039977303919], [0.9332593786386146, 0.0009337373253115705, 0.06252805930379085, 0.003278824732283123], [0.20425416316976155, 0.7800739263708358, 0.0030516146706758025, 0.01262029578872668], [8.140314829754945e-07, 0.0016504012134572505, 6.748722653853759e-05, 0.9982812975285212], [0.9436425328266497, 0.0004147467135557537, 1.7521525840793156e-06, 0.05594096830721033], [2.3828931551910283e-06, 0.0002530944053652793, 0.9633516608456921, 0.03639286185578756], [2.2140361668457296e-09, 0.9941884783692018, 0.00013012685810235807, 0.00568139255865956], [0.4143120748367405, 0.5823520196446664, 1.55213199668196e-05, 0.00332038419862636], [1.5085716229794777e-07, 0.35514067471202654, 0.002268439956107327, 0.6425907344747037]]}}