{"test": {"ids": ["110117110", "111115780", "113118231", "105115380", "111118810", "103112641", "99109860", "98110230", "111120220", "110118880", "110121500", "107114621", "111115770", "107115250", "111120531", "108119550", "105117351", "100109801", "112119580", "97105451", "106113170", "104114740", "103111480", "98110710", "112121351", "106116441", "106118820", "97116401", "98106111", "106117770", "97107821", "97107920", "103117461", "108119510", "108118060", "112117210", "107114950", "113118620", "101108121", "97107950", "100109330", "113120640", "110114720", "111115910", "108121190", "110113591", "113119930", "113120830", "109121351", "104111620", "113121810", "113119320", "102110850", "107118820", "98107010", "97112300", "102109910", "103120730", "108113760", "97110950", "104113380", "111116040", "108115870", "112119320", "104111531", "104117200", "106113260", "106119990", "110121720", "110118450", "99111620", "98109311", "101119030", "105118171", "108115250", "106116370", "97106000", "103111540", "112120290", "111117480", "109116750", "100108080", "107114780", "111117000", "99112300", "97106591", "107114321", "105113480", "98111620", "112119930", "113120751", "98108970", "106113190", "112121010", "112120630", "112117431", "111119340", "101112201", "110117200", "103110220", "109119591", "103113101", "102113210", "103113640", "112116501", "106114321", "98109230", "113118870", "109119340", "101112690", "112118530", "112117780", "102112250", "97113260", "102118380", "111119930", "112116290", "105115250", "111121410", "112121410", "113120540", "109116040", "100110050", "107118520", "104111990", "112117030", "106115250", "109120621", "109118161", "107113840", "105114220", "98113881", "109117271", "108113480", "107113130", "105121190", "105117200", "112116880", "111115620", "100111080", "101110200", "104111380"], "labels": [0, 1, 3, 1, 0, 3, 2, 3, 3, 0, 3, 0, 3, 2, 0, 1, 0, 0, 3, 0, 0, 2, 0, 2, 0, 0, 3, 3, 0, 0, 2, 0, 0, 1, 1, 1, 3, 3, 0, 2, 0, 0, 3, 2, 1, 0, 1, 3, 0, 0, 2, 1, 3, 3, 3, 2, 2, 1, 1, 3, 1, 0, 3, 1, 0, 3, 3, 0, 3, 0, 3, 1, 3, 3, 1, 2, 0, 1, 1, 1, 0, 0, 2, 0, 0, 1, 0, 0, 3, 1, 1, 3, 0, 2, 3, 0, 3, 0, 3, 2, 0, 3, 3, 1, 3, 2, 1, 0, 3, 1, 1, 0, 0, 1, 1, 1, 0, 2, 0, 0, 3, 0, 3, 2, 2, 2, 2, 1, 0, 3, 3, 3, 0, 0, 1, 2, 3, 0, 1, 0, 2, 3], "predicted_labels": [1, 1, 1, 1, 3, 2, 1, 2, 1, 3, 3, 3, 0, 3, 1, 1, 3, 0, 3, 0, 1, 1, 0, 3, 1, 1, 1, 1, 3, 1, 0, 3, 1, 3, 3, 1, 1, 1, 3, 3, 1, 1, 1, 3, 1, 0, 0, 1, 1, 0, 1, 0, 2, 3, 3, 3, 0, 1, 3, 3, 1, 2, 3, 3, 3, 1, 1, 3, 2, 1, 1, 3, 3, 3, 2, 3, 1, 1, 0, 1, 1, 1, 1, 1, 3, 1, 3, 1, 1, 3, 3, 1, 1, 0, 2, 1, 1, 3, 0, 1, 1, 1, 3, 0, 3, 0, 2, 3, 3, 0, 1, 0, 2, 3, 3, 1, 1, 1, 1, 3, 1, 1, 0, 3, 0, 3, 1, 3, 3, 1, 1, 2, 1, 2, 1, 2, 1, 3, 1, 1, 2, 3], "confidence_scores": [[0.1876547061129193, 0.41620218250226454, 0.22182121854356593, 0.17432189284125038], [0.16515183005822445, 0.5810216665839126, 0.0967905216859643, 0.15703598167189858], [0.19125490406938725, 0.3908217772501487, 0.13570191972337747, 0.2822213989570866], [0.159767330271346, 0.3833261803311504, 0.13074673724092095, 0.3261597521565828], [0.17650870312421313, 0.3401847548448532, 0.11443413287425445, 0.3688724091566793], [0.28153603677603045, 0.23775808135488874, 0.3024348401489863, 0.17827104172009461], [0.16224737939498937, 0.4004667987919098, 0.1909792101031308, 0.24630661170997015], [0.2130811438773886, 0.2513016709462813, 0.27798121397378905, 0.25763597120254106], [0.30636732979830983, 0.32128109165659013, 0.13340393980026632, 0.23894763874483368], [0.24248559740739878, 0.23543434527515528, 0.21714212601351163, 0.30493793130393443], [0.21294849637483676, 0.27825788088180514, 0.1320916222403399, 0.3767020005030181], [0.1952598646771923, 0.2566241800392668, 0.2307259355591853, 0.3173900197243555], [0.3786740041173227, 0.18845934286824295, 0.15415626289514509, 0.2787103901192893], [0.17878192500398432, 0.259851320079164, 0.2651823845582611, 0.29618437035859063], [0.1625409555833347, 0.37356908130736693, 0.15608085314820275, 0.30780910996109573], [0.23022021842530185, 0.3478262622393091, 0.20343767194741938, 0.21851584738796978], [0.1992357335254109, 0.3278519446303954, 0.09313162393742079, 0.37978069790677305], [0.2846632985307912, 0.24494950163695364, 0.21755541568346776, 0.2528317841487876], [0.2030905547162301, 0.2500438627809726, 0.15925938331121361, 0.3876061991915838], [0.40321749104040633, 0.1651357204583487, 0.09121666552056094, 0.340430122980684], [0.256757990201084, 0.3375859892559686, 0.12474093119404488, 0.2809150893489026], [0.17193341627417075, 0.32891940567416295, 0.19250100475009282, 0.30664617330157357], [0.5505741985234628, 0.15294985754468435, 0.13392447126124743, 0.16255147267060557], [0.203939495316735, 0.28655504586313746, 0.15236593871494816, 0.35713952010517935], [0.1792529472426463, 0.3340140068627219, 0.19882266899822107, 0.28791037689641075], [0.2724514897108853, 0.38050350078756706, 0.11322654292352828, 0.2338184665780195], [0.2897849408642833, 0.3541560767966949, 0.13153855444117704, 0.22452042789784477], [0.14650015790910373, 0.3582558177817193, 0.2076845443685848, 0.28755947994059233], [0.15521885239336056, 0.3191600257160459, 0.1818669822356998, 0.34375413965489376], [0.26021261097607595, 0.31805181251412884, 0.1993014832218976, 0.22243409328789782], [0.33651152691088315, 0.27585834360928424, 0.20212177311637455, 0.1855083563634582], [0.1850391772421773, 0.2141992835043407, 0.17978711354693985, 0.4209744257065422], [0.24504517737105042, 0.3034947226625376, 0.19027282887892025, 0.26118727108749185], [0.23449945921680496, 0.27887963825591056, 0.18255293642024698, 0.30406796610703757], [0.20580834933360004, 0.2620667318593484, 0.12214421902653697, 0.40998069978051477], [0.16461211480035653, 0.35147787889652893, 0.26528130115355103, 0.21862870514956345], [0.22443013960450328, 0.3087752405423703, 0.21316603332516176, 0.2536285865279647], [0.1641955481297291, 0.36503687823972886, 0.16853068285992698, 0.3022368907706151], [0.18714618357986343, 0.2428584831876037, 0.16678395427708273, 0.4032113789554501], [0.2514906300579975, 0.2374184784817133, 0.1709481680582692, 0.34014272340202006], [0.1564851425995965, 0.32402579294781425, 0.2061132895841394, 0.3133757748684499], [0.22951122990967693, 0.2827798799959222, 0.20723373516057267, 0.28047515493382846], [0.17540359349911364, 0.3996722340696515, 0.25055613864232223, 0.17436803378891275], [0.17920317550632597, 0.2801565007511326, 0.1680186770956497, 0.3726216466468918], [0.21826255361756142, 0.32012428126977466, 0.18978828332230238, 0.27182488179036146], [0.3439162586384896, 0.3057757695045214, 0.12956400408349183, 0.2207439677734971], [0.3310912423649284, 0.30856355144923037, 0.12419505673006487, 0.23615014945577648], [0.1589174501281005, 0.42411020680060824, 0.1565759934895727, 0.2603963495817186], [0.28100230465967896, 0.336834902573495, 0.14157976478851658, 0.24058302797830944], [0.3171146785866604, 0.18859555061192212, 0.2647178494041187, 0.22957192139729884], [0.2559952160821178, 0.2876601965090201, 0.2376538607913055, 0.21869072661755648], [0.4017484672590692, 0.21439296338993855, 0.10769978770417962, 0.2761587816468126], [0.13073723670424275, 0.2805644470969518, 0.3535976142950555, 0.2351007019037502], [0.27607266297488464, 0.22726139839128173, 0.1895917929941727, 0.3070741456396609], [0.2296054959031372, 0.2733461894296683, 0.13239402563403813, 0.36465428903315644], [0.2181232312573433, 0.21212481443539805, 0.19085599794698896, 0.37889595636026974], [0.29379929133653143, 0.24741808504732027, 0.22265033019827596, 0.23613229341787223], [0.20607743088177177, 0.3032229860091857, 0.20578378405894673, 0.28491579905009595], [0.2697546988276766, 0.2115053294621172, 0.13029061919384272, 0.3884493525163636], [0.13768956730670368, 0.2800253223989436, 0.14024209769756654, 0.44204301259678624], [0.17509622461540417, 0.3900180009451225, 0.1577771447957853, 0.2771086296436881], [0.2504667925039315, 0.14954860742772377, 0.3783449177162393, 0.22163968235210552], [0.2796306536809522, 0.2644235971947404, 0.15666145665052045, 0.2992842924737871], [0.20536551667961753, 0.2685226756513894, 0.17111254820354727, 0.3549992594654458], [0.21238453543563562, 0.2177385186618856, 0.2016790618147254, 0.3681978840877535], [0.17428955422705938, 0.3567046343866963, 0.23834209862648395, 0.23066371275976058], [0.2305189895620947, 0.33314224404448733, 0.19397612007552517, 0.2423626463178927], [0.2222004016166941, 0.2357992649394523, 0.1781369881865007, 0.36386334525735275], [0.16669441984476918, 0.23207554436029962, 0.34700350428284416, 0.254226531512087], [0.2078184577268878, 0.32083837800652176, 0.2057980872080929, 0.2655450770584977], [0.13686754168324275, 0.3089567520593223, 0.2682925367839187, 0.2858831694735163], [0.24576973180326295, 0.18609442493841669, 0.27714949571553105, 0.2909863475427895], [0.17067957557965743, 0.3025923873297857, 0.20834867017303144, 0.31837936691752555], [0.17262273424200567, 0.2725319548834284, 0.1183488638358246, 0.4364964470387413], [0.159174398289299, 0.2191603760018236, 0.41205524772618396, 0.20960997798269354], [0.2640526065098355, 0.23606271755428446, 0.16170842310472858, 0.3381762528311515], [0.15377475142809466, 0.3278520554990704, 0.2117320147559468, 0.3066411783168881], [0.16991233563189248, 0.293315468404364, 0.26674112359348845, 0.2700310723702549], [0.4013642210051261, 0.2836281689581809, 0.13824790804416953, 0.17675970199252358], [0.3080211111691126, 0.33069294248661424, 0.11887201991754742, 0.2424139264267258], [0.13759033479668833, 0.4084994567432886, 0.29846162209425897, 0.15544858636576384], [0.26252966651680437, 0.4396942170047151, 0.11658427216101752, 0.18119184431746313], [0.19493323337133772, 0.33432358146023455, 0.2258009964690914, 0.2449421886993363], [0.16697897236953543, 0.3674759104415049, 0.13990126469261466, 0.32564385249634487], [0.20497424043223575, 0.24840867549528411, 0.18379740603785671, 0.36281967803462345], [0.26471586499371047, 0.3208675791172827, 0.2374118259678831, 0.17700472992112376], [0.20476162412266533, 0.2789393173585823, 0.15954904351057425, 0.35675001500817827], [0.16474944038968412, 0.3898382918106312, 0.19206923304936413, 0.25334303475032055], [0.21812771232794267, 0.3128238608804294, 0.16631061523731627, 0.3027378115543116], [0.3154223345184793, 0.23212619335361878, 0.12821887454942354, 0.32423259757847833], [0.1951304371520932, 0.2617173000553128, 0.22387395496202545, 0.3192783078305686], [0.24426338438294307, 0.33532686580896637, 0.19560093715857071, 0.22480881264951974], [0.19061168529930955, 0.33217349157830156, 0.16979068729666802, 0.3074241358257209], [0.31418356062447705, 0.2470358635886645, 0.21429774424419787, 0.2244828315426606], [0.20906413167352203, 0.1829011358301225, 0.3805874710911862, 0.2274472614051693], [0.23180245990567871, 0.2965253789152209, 0.18230273233438063, 0.2893694288447199], [0.2835316248488171, 0.30443959454282443, 0.12402850207911778, 0.28800027852924076], [0.3048025764129541, 0.25221424037585494, 0.13283263455459265, 0.31015054865659825], [0.3379991770936132, 0.18192439073412975, 0.17606670265086785, 0.30400972952138916], [0.22699444946712696, 0.31431809232524305, 0.1648082833677094, 0.29387917483992065], [0.2924763672956142, 0.31171764424238163, 0.1633668228684395, 0.23243916559356478], [0.2141433227819399, 0.32755075366939784, 0.1638558331479161, 0.29445009040074605], [0.2610458730884812, 0.2416128247908708, 0.21500891832040564, 0.28233238380024256], [0.48161373585094225, 0.1205178273943517, 0.2180619293803238, 0.17980650737438225], [0.18608956862175396, 0.14143121486679397, 0.1570096907076681, 0.5154695258037839], [0.30435414421604995, 0.23612529741850335, 0.2679088273050159, 0.19161173106043075], [0.19594900279217853, 0.2511115209337225, 0.32431498909680273, 0.2286244871772964], [0.18678369788766253, 0.3022733867559059, 0.10761288360970153, 0.40333003174672993], [0.26473921172857656, 0.2843860912829151, 0.15909107030552158, 0.2917836266829868], [0.3786077162348213, 0.1518667534053535, 0.2490538329502386, 0.22047169740958672], [0.1466516037987661, 0.414357588598663, 0.21698395951543384, 0.22200684808713694], [0.39941114096448904, 0.2480202107738833, 0.10055722693428396, 0.2520114213273436], [0.11830156840250156, 0.23363701625828742, 0.4649597412839036, 0.18310167405530756], [0.19818341068704592, 0.23987343820797288, 0.2714795960749687, 0.29046355503001264], [0.27793583783200804, 0.2903248401795071, 0.13142180297341371, 0.3003175190150712], [0.23268266126569032, 0.29235986428928734, 0.2694098385251651, 0.20554763591985717], [0.20891731585845938, 0.36714703032480756, 0.11050852343132878, 0.31342713038540443], [0.2559951893121179, 0.3807802751621724, 0.18089930169273502, 0.18232523383297475], [0.1820620416670637, 0.409677353883462, 0.1325856631486685, 0.27567494130080583], [0.1961308493138874, 0.2653536651238818, 0.19063624477141375, 0.34787924079081717], [0.22060266328683636, 0.31493669530025975, 0.15803902376447584, 0.30642161764842807], [0.16566628217862445, 0.3217664489191649, 0.20989605279932375, 0.30267121610288683], [0.28795205494929843, 0.18656960706132564, 0.25927291836182537, 0.2662054196275508], [0.20427731874352295, 0.2516473847074565, 0.17726949602361325, 0.36680580052540745], [0.3364404317610676, 0.3110552400173712, 0.14777748329014362, 0.20472684493141782], [0.17693253245882726, 0.3351257188661071, 0.11801517220833693, 0.3699265764667288], [0.17943330145665967, 0.30684047113606555, 0.24558251927534905, 0.2681437081319258], [0.2671560698460411, 0.26539548483542613, 0.11561322115895672, 0.35183522415957597], [0.2003213417001488, 0.18596252972754806, 0.14219746622788548, 0.47151866234441764], [0.21010235232695806, 0.3317708264684399, 0.18051130570514812, 0.27761551549945407], [0.20004895062578593, 0.4324602015943297, 0.13444785924670574, 0.23304298853317879], [0.13482331006790826, 0.2402227199335268, 0.40692604172582686, 0.21802792827273798], [0.2176230067510981, 0.3190745904369378, 0.15528473182267954, 0.30801767098928456], [0.1576673220040281, 0.19052541733192913, 0.4896202893889951, 0.16218697127504766], [0.21201677434519547, 0.307008854099521, 0.2987299933068001, 0.1822443782484834], [0.2342413371970109, 0.23684602300773214, 0.30702704074599385, 0.2218855990492631], [0.1965423264451092, 0.2883306269513693, 0.2595120689450409, 0.2556149776584806], [0.1461368320987375, 0.2519125776997445, 0.1577038514724725, 0.44424673872904547], [0.22799468296700767, 0.322012037575411, 0.19210238806694266, 0.2578908913906386], [0.1920722405724249, 0.30013164969160055, 0.2358661425280439, 0.27192996720793067], [0.16089430141679495, 0.2980309088223833, 0.31622032125799227, 0.2248544685028294], [0.2067599922778489, 0.20847907035136862, 0.09589240647008371, 0.488868530900699]]}, "rewritten": {"ids": ["97105451", "97106000", "97106591", "97107821", "97107920", "97107950", "97110950", "97112300", "97113260", "97116401", "98106111", "98107010", "98108970", "98109230", "98109311", "98110230", "98110710", "98111620", "98113881", "99109860", "99111620", "99112300", "100108080", "100109330", "100109801", "100110050", "100111080", "101108121", "101110200", "101112201", "101112690", "101119030", "102109910", "102110850", "102112250", "102113210", "102118380", "103110220", "103111480", "103111540", "103112641", "103113101", "103113640", "103117461", "103120730", "104111380", "104111531", "104111620", "104111990", "104113380", "104114740", "104117200", "105113480", "105114220", "105115250", "105115380", "105117200", "105117351", "105118171", "105121190", "106113170", "106113190", "106113260", "106114321", "106115250", "106116370", "106116441", "106117770", "106118820", "106119990", "107113130", "107113840", "107114321", "107114621", "107114780", "107114950", "107115250", "107118520", "107118820", "108113480", "108113760", "108115250", "108115870", "108118060", "108119510", "108119550", "108121190", "109116040", "109116750", "109117271", "109118161", "109119340", "109119591", "109120621", "109121351", "110113591", "110114720", "110117110", "110117200", "110118450", "110118880", "110121500", "110121720", "111115620", "111115770", "111115780", "111115910", "111116040", "111117000", "111117480", "111118810", "111119340", "111119930", "111120220", "111120531", "111121410", "112116290", "112116501", "112116880", "112117030", "112117210", "112117431", "112117780", "112118530", "112119320", "112119580", "112119930", "112120290", "112120630", "112121010", "112121351", "112121410", "113118231", "113118620", "113118870", "113119320", "113119930", "113120540", "113120640", "113120751", "113120830", "113121810"], "labels": [0, 0, 1, 2, 0, 2, 3, 2, 1, 3, 0, 3, 3, 1, 1, 3, 2, 3, 3, 2, 3, 0, 0, 0, 0, 3, 0, 0, 2, 0, 1, 3, 2, 3, 0, 3, 1, 2, 0, 1, 3, 3, 1, 0, 1, 3, 0, 0, 2, 1, 2, 3, 0, 3, 2, 1, 3, 0, 3, 2, 0, 0, 3, 2, 2, 2, 0, 0, 3, 0, 1, 3, 0, 0, 2, 3, 2, 2, 3, 0, 1, 1, 3, 1, 1, 1, 1, 0, 0, 0, 0, 3, 0, 1, 0, 0, 3, 0, 3, 0, 0, 3, 3, 1, 3, 1, 2, 0, 0, 1, 0, 3, 1, 3, 0, 0, 0, 3, 0, 2, 1, 0, 0, 1, 1, 3, 1, 1, 3, 2, 0, 0, 3, 3, 0, 1, 1, 3, 0, 1, 3, 2], "predicted_labels": [0, 1, 0, 1, 3, 2, 3, 0, 3, 3, 1, 3, 1, 1, 1, 0, 0, 1, 1, 1, 2, 3, 1, 1, 1, 0, 1, 3, 1, 0, 1, 3, 3, 2, 2, 3, 3, 3, 0, 2, 1, 1, 0, 3, 1, 3, 3, 3, 0, 1, 2, 1, 3, 1, 0, 3, 3, 0, 3, 1, 0, 0, 1, 0, 1, 0, 1, 0, 1, 3, 1, 3, 1, 2, 1, 1, 0, 1, 1, 2, 0, 2, 3, 3, 2, 1, 1, 2, 1, 3, 3, 3, 1, 3, 1, 1, 1, 0, 0, 1, 3, 1, 2, 1, 0, 1, 1, 3, 2, 3, 3, 0, 0, 0, 1, 1, 0, 3, 3, 1, 1, 1, 0, 1, 3, 3, 1, 0, 2, 0, 3, 3, 2, 3, 3, 0, 0, 0, 0, 3, 1, 0], "confidence_scores": [[0.5389870371515841, 0.16059211337564927, 0.09384198748651225, 0.20657886198625422], [0.1652821287983517, 0.32305860253134955, 0.21384122962043672, 0.2978180390498618], [0.38463048528330973, 0.26247950327074826, 0.16836072927925455, 0.18452928216668746], [0.2889660952054059, 0.3042054703473034, 0.16154864961578994, 0.24527978483150076], [0.31317884547964964, 0.18472432879743375, 0.1723604182626503, 0.3297364074602664], [0.2211614304602088, 0.21382953578161573, 0.34990317740736127, 0.2151058563508143], [0.16376588908129486, 0.15778839403592954, 0.1688912122659549, 0.5095545046168206], [0.30873160488556844, 0.21716569410976783, 0.18258207199138504, 0.29152062901327874], [0.21943949869906942, 0.15699181607853974, 0.2387513191155521, 0.3848173661068389], [0.16122470017320265, 0.30566084362374174, 0.22318943163703528, 0.30992502456602034], [0.25039809438069305, 0.2924656495365288, 0.21211910512755866, 0.24501715095521956], [0.18066350912379114, 0.2135920899931833, 0.10652108919074627, 0.49922331169227924], [0.19754703461502218, 0.3737260341994239, 0.17533918616787758, 0.25338774501767664], [0.21523850432660777, 0.30131079939926664, 0.20817197035531887, 0.27527872591880675], [0.22197353193240946, 0.2712721881702036, 0.24697666764822324, 0.2597776122491638], [0.2673005370771339, 0.22182210557775417, 0.2607576551713162, 0.25011970217379575], [0.3112689817341613, 0.22292109124615067, 0.1708123546389711, 0.29499757238071705], [0.23353211973333815, 0.28315850851572866, 0.22283329047325479, 0.2604760812776784], [0.1082175916434522, 0.3674320556809717, 0.29097386233991845, 0.23337649033565766], [0.18041276814667406, 0.3972896251775761, 0.14299773688217485, 0.2792998697935751], [0.10703998715300264, 0.32194067547110256, 0.38383232397449574, 0.1871870134013991], [0.1655860181056726, 0.2977335204945592, 0.225120105018782, 0.3115603563809862], [0.2907620165626329, 0.46865204408838645, 0.0892104977687941, 0.1513754415801867], [0.1819207447715744, 0.34021099306539476, 0.24326488501405122, 0.23460337714897958], [0.26457644222189114, 0.3543187756973397, 0.1590629430297113, 0.22204183905105812], [0.2773887153227631, 0.242624663186412, 0.23209595711135547, 0.24789066437946963], [0.23731441316842272, 0.28299463866852825, 0.20945741930928297, 0.2702335288537662], [0.2932800233905335, 0.20038768748345143, 0.14819482690162494, 0.35813746222439014], [0.14767041268057202, 0.43109815642130467, 0.18742184437910214, 0.23380958651902126], [0.3100916455531066, 0.30862836267976057, 0.1727846742449666, 0.20849531752216624], [0.12265572863631682, 0.3386127147333353, 0.2657139024248509, 0.27301765420549695], [0.2358610876381894, 0.2500897672860644, 0.16288818973377153, 0.35116095534197456], [0.29976252268808307, 0.16899542508883514, 0.1522588656290172, 0.3789831865940646], [0.15859380594800623, 0.2403863481944729, 0.3470847284105669, 0.2539351174469537], [0.12302490728922177, 0.23911732165038344, 0.3662838442039796, 0.2715739268564154], [0.21694134658355363, 0.23767026839257158, 0.19705557872683246, 0.3483328062970424], [0.2890478239396886, 0.24217312171580652, 0.11348673605256927, 0.35529231829193564], [0.15066707226358117, 0.3008198184905582, 0.1528537397663114, 0.39565936947954916], [0.5342220365804528, 0.1386011699469549, 0.1090345259497949, 0.21814226752279745], [0.21000447320273383, 0.2027565203859173, 0.32246188146050153, 0.2647771249508473], [0.19755081068077734, 0.30937443478722604, 0.24664456229380705, 0.24643019223818957], [0.21729544358329966, 0.34235161456115626, 0.15895564422042527, 0.2813972976351188], [0.3388954746695793, 0.1741791902652738, 0.21348310214243743, 0.2734422329227095], [0.2007264257460665, 0.22796419977645133, 0.2380915850720331, 0.333217789405449], [0.19769898191311136, 0.4211554126746883, 0.13303306772326182, 0.2481125376889386], [0.24355061407551032, 0.30371778851889825, 0.14821050867904736, 0.3045210887265441], [0.1593015322283023, 0.30630118448803073, 0.16692989206159484, 0.36746739122207217], [0.31742753267882756, 0.17592086859367165, 0.16029330894362223, 0.3463582897838788], [0.47189968693258794, 0.16860175904974586, 0.1691588221260186, 0.19033973189164774], [0.1838853062522606, 0.31713383290996133, 0.22790567579566312, 0.27107518504211475], [0.26545027847925545, 0.1894665767699532, 0.28264442256400313, 0.26243872218678815], [0.1014756869870178, 0.538946005802312, 0.1807605625388364, 0.17881774467183398], [0.2077641556658299, 0.27116017802925735, 0.23445029149902813, 0.2866253748058847], [0.21469774501068842, 0.3974430298877179, 0.14785780968289655, 0.24000141541869704], [0.344525031894159, 0.30695053049620963, 0.0944634569859471, 0.254060980623684], [0.18574124298729386, 0.2602163389182628, 0.18508773324967695, 0.3689546848447664], [0.2571359116273614, 0.19016504760715536, 0.24557342463094858, 0.3071256161345348], [0.3620578308975137, 0.2345306239827801, 0.10008619200847721, 0.303325353111229], [0.2126528566725519, 0.267393440356602, 0.13740289159454142, 0.38255081137630487], [0.23629176643458125, 0.34927646542755764, 0.2436671838711764, 0.1707645842666845], [0.3395490897321906, 0.2712509737122285, 0.14130194687652664, 0.24789798967905438], [0.3137906806159896, 0.2568213191170537, 0.14981339112438666, 0.27957460914257004], [0.25754678468068937, 0.28606957292428054, 0.17125320646213962, 0.2851304359328904], [0.30628657150788746, 0.25006451849232425, 0.22712432111253397, 0.21652458888725432], [0.22640475953030384, 0.3208998094973412, 0.23413167809381633, 0.21856375287853877], [0.33881971476327655, 0.22841493202128707, 0.15092250784285252, 0.281842845372584], [0.2905265816113017, 0.30570735663760723, 0.1114036779081725, 0.29236238384291846], [0.33834936152759043, 0.3359788663771428, 0.15439178673155035, 0.17127998536371655], [0.23986494748543208, 0.3199832588402776, 0.16798046773376243, 0.27217132594052784], [0.2556795461300776, 0.22675059782326282, 0.10063024731866702, 0.4169396087279927], [0.17684485762798516, 0.511478771976178, 0.1330161051428869, 0.17866026525295006], [0.2539300699346719, 0.2634469213220683, 0.15803316378469875, 0.324589844958561], [0.2719180898762396, 0.3505149524025017, 0.09277229673332762, 0.2847946609879311], [0.28130334473660107, 0.13287156574709716, 0.3390123414069038, 0.24681274810939793], [0.23261467844935893, 0.4384084642985587, 0.13169504015403732, 0.1972818170980453], [0.24868730985337503, 0.3182539178481137, 0.17474535039140035, 0.25831342190711104], [0.33360527657076644, 0.2529143970364517, 0.21384362223021333, 0.19963670416256854], [0.1960078625814993, 0.5283002088989318, 0.09155282716801282, 0.18413910135155598], [0.25086202797722373, 0.3452517705212353, 0.1455060009632849, 0.25838020053825606], [0.17991111313094127, 0.23500632618128128, 0.38765186824470416, 0.1974306924430732], [0.357360873550577, 0.13958377350477152, 0.1682018293814494, 0.3348535235632022], [0.1270576646070681, 0.18138299306821026, 0.4882973939987199, 0.20326194832600178], [0.23214163849007613, 0.24690701401819284, 0.19328444558584362, 0.32766690190588754], [0.19211960032975092, 0.3044339321995135, 0.13279551237765871, 0.37065095509307716], [0.19293082596910832, 0.2277847749884152, 0.30306781846887604, 0.2762165805736004], [0.2271542104553458, 0.32733394420989914, 0.23783452729023696, 0.20767731804451814], [0.2064954027658114, 0.36997354362986373, 0.13323272917544832, 0.2902983244288766], [0.21212760018473065, 0.21231992877154154, 0.28864904081731585, 0.28690343022641196], [0.18510372023179472, 0.48265822466790836, 0.18622826421404573, 0.1460097908862512], [0.24294915116127366, 0.22602802739075334, 0.1588866035031855, 0.3721362179447876], [0.28759375385398295, 0.22652215691052782, 0.16087208702386105, 0.3250120022116282], [0.23514992948152985, 0.24181543248973733, 0.2385945972535768, 0.2844400407751562], [0.23352343133887418, 0.3067332716200389, 0.186150432009627, 0.27359286503145996], [0.26279151303240084, 0.21121205274845686, 0.1590944720697276, 0.36690196214941473], [0.23616369445434102, 0.32621092358236436, 0.20905520917356812, 0.22857017278972655], [0.3286380829464391, 0.39133732180158937, 0.12479220349619054, 0.15523239175578105], [0.2189271157173185, 0.37757991008967867, 0.22374045336693696, 0.17975252082606608], [0.3771374935396181, 0.3282468068174731, 0.1126725275993136, 0.18194317204359553], [0.45878248408399963, 0.17478380925561054, 0.17015428688728942, 0.19627941977310046], [0.19091347694428806, 0.3404708406441059, 0.2575964245041032, 0.21101925790750276], [0.3003771328212356, 0.18681085222607993, 0.12530399633587447, 0.38750801861681], [0.14408055170992962, 0.5267241585189492, 0.07842529451752797, 0.2507699952535931], [0.17735908250770394, 0.2561103415239895, 0.2974177309674494, 0.2691128450008573], [0.23839802137679336, 0.30951130531396065, 0.15006408925899903, 0.3020265840502471], [0.3756697626863344, 0.24479010483497515, 0.1518496396283881, 0.22769049285030235], [0.15846589042230474, 0.5598924597796382, 0.10480798216979012, 0.176833667628267], [0.18356437048985713, 0.3261793043817635, 0.20903680694416202, 0.2812195181842174], [0.1987724712703707, 0.20680562702136085, 0.27134594621537855, 0.3230759554928899], [0.1577245450772205, 0.29379171877265503, 0.294467880867319, 0.2540158552828054], [0.12097582026418048, 0.32634552260806693, 0.16578674125908582, 0.38689191586866695], [0.22180253632028954, 0.28477611698978367, 0.10018451424468316, 0.39323683244524366], [0.3381437737910754, 0.28076651466619085, 0.10761869497300712, 0.2734710165697268], [0.3087713963009177, 0.17071586533262503, 0.28579052664859855, 0.23472221171785876], [0.34910571266173557, 0.29000165627381386, 0.13702890561410244, 0.22386372545034802], [0.1662960911087869, 0.4374303516053148, 0.197424669865562, 0.1988488874203364], [0.20663069093781133, 0.38254633016722156, 0.12600948314848281, 0.2848134957464844], [0.3239343347711256, 0.20196764134878203, 0.21836409061620543, 0.2557339332638871], [0.24661175152385506, 0.24046758719031733, 0.17187185899969706, 0.3410488022861305], [0.20527624513668336, 0.21849157267220537, 0.20025277451983123, 0.3759794076712802], [0.20323077533937958, 0.37904997226897275, 0.1078680678041826, 0.30985118458746513], [0.18455107387270706, 0.3393155297172111, 0.2587487413117219, 0.21738465509836014], [0.24541769430177837, 0.33158515683719336, 0.11278886144957527, 0.3102082874114531], [0.2959262801990691, 0.20303698127212136, 0.2529728677031403, 0.2480638708256693], [0.1525259742035339, 0.3932759761950177, 0.1755207589234763, 0.27867729067797214], [0.1453108494352229, 0.2877870483272445, 0.13979942123600303, 0.4271026810015297], [0.3181761223100705, 0.1882587910500262, 0.15484488413751812, 0.33872020250238516], [0.2966988643535335, 0.3241840601025786, 0.11377124759145961, 0.26534582795242817], [0.4478579902680944, 0.22351701165538107, 0.15922004633531447, 0.16940495174121012], [0.21234507754567533, 0.21999988774427492, 0.3321512582477785, 0.2355037764622711], [0.31411933895211325, 0.29798813037817345, 0.13453719759558402, 0.2533553330741293], [0.21967646408642194, 0.3102854756621176, 0.15524268565738486, 0.3147953745940756], [0.1599372177864236, 0.29820606616142686, 0.1272640953374927, 0.41459262071465697], [0.21144196332851037, 0.19501689783074075, 0.37206713096626837, 0.22147400787448063], [0.14369992737230686, 0.3057841252671697, 0.1959075372190113, 0.35460841014151234], [0.15743539641188972, 0.3326348471805682, 0.12101410241934638, 0.3889156539881958], [0.3595008912262435, 0.20329822790581106, 0.08562129276271536, 0.35157958810523005], [0.38161182502826696, 0.2687293844383583, 0.10033855304103077, 0.24932023749234408], [0.3432172770227533, 0.23609141094841987, 0.15179612211756321, 0.2688951899112635], [0.2632319296347445, 0.25683952492277, 0.21820236484629923, 0.26172618059618624], [0.142825447536755, 0.12630690621198165, 0.1391998245709285, 0.5916678216803348], [0.17205647546740865, 0.42293056513559174, 0.21749879110128592, 0.18751416829571374], [0.31186912200203476, 0.27430111552764863, 0.17133629345883153, 0.2424934690114853]]}}