{"test": {"ids": ["97106600", "113117550", "112118860", "104112470", "112118890", "112116540", "98119591", "99108890", "105113440", "106119990", "112118820", "98106880", "106116820", "112118421", "99112641", "97113260", "112117030", "106113830", "110118450", "106119260", "105121190", "101111310", "110113591", "101109370", "113122430", "109121410", "102109910", "97116500", "109116750", "112118161", "101117580", "107115140", "112117461", "98113881", "112118880", "112116900", "105115570", "111114171", "97109570", "110114920", "101109000", "109119010", "111114121", "107116340", "98120530", "105113260", "104111620", "100109330", "108114670", "108113480", "107114110", "109117271", "113122150", "108119550", "102117351", "112119950", "105113190", "107114280", "104111990", "101108080", "108120260", "101108370", "99110050", "108113740", "113122230", "100116500", "97106820", "99108710", "101108500", "101110150", "111117571", "109120540", "113122320", "107117010", "105117200", "110120190", "105112240", "99119830", "113118630", "108118810", "97112290", "112121360", "111120591", "97107040", "106116441", "98107340", "108120700", "99108310", "108121351", "101108580", "112117210", "98106560", "98110710", "108116070", "107118820", "111119250", "112116880", "108114200", "105111990", "113119340", "108115880", "102109850", "109117110", "102107961", "108114180", "97106000", "111116990", "105113620", "111116110", "108118301", "112120640", "105115380", "99107640", "103112470", "112118511", "111119950", "106121220", "101109120", "100116790", "104114740", "109118161", "108118060", "112119580", "112119980", "113120531", "99105921", "97105451", "112117471", "109120621", "104119290", "97107681", "98106680", "105115720", "98109230", "113118511", "107117630", "100111380", "106117650", "113121010", "113117630", "103117200", "106120290"], "labels": [3, 3, 3, 1, 3, 1, 1, 0, 0, 0, 0, 0, 1, 3, 1, 1, 2, 1, 0, 1, 2, 3, 0, 1, 2, 0, 2, 2, 0, 0, 3, 0, 0, 3, 1, 3, 0, 3, 0, 3, 1, 3, 0, 3, 1, 3, 0, 0, 3, 0, 1, 0, 2, 1, 1, 0, 3, 3, 2, 0, 1, 1, 3, 3, 1, 2, 1, 2, 3, 1, 3, 1, 1, 1, 3, 3, 1, 1, 3, 1, 1, 3, 1, 2, 0, 0, 2, 2, 3, 0, 1, 1, 2, 1, 3, 1, 0, 0, 2, 0, 3, 1, 1, 3, 1, 0, 0, 0, 3, 1, 0, 1, 1, 1, 1, 0, 1, 1, 2, 2, 0, 1, 3, 0, 0, 1, 0, 3, 1, 1, 3, 1, 1, 1, 1, 0, 3, 1, 2, 0, 0, 2], "predicted_labels": [2, 0, 3, 3, 3, 1, 1, 3, 3, 0, 3, 3, 3, 0, 0, 3, 3, 0, 2, 2, 2, 1, 0, 3, 3, 1, 2, 2, 1, 0, 3, 3, 3, 2, 1, 0, 2, 3, 3, 1, 3, 3, 0, 1, 0, 3, 1, 0, 1, 2, 2, 3, 2, 0, 3, 3, 0, 1, 0, 1, 0, 0, 2, 3, 1, 2, 0, 3, 0, 3, 1, 3, 3, 3, 3, 1, 3, 1, 3, 3, 3, 0, 0, 3, 3, 2, 0, 3, 3, 2, 1, 2, 3, 0, 3, 1, 1, 0, 0, 3, 3, 2, 3, 2, 3, 1, 3, 1, 3, 3, 0, 1, 2, 0, 3, 0, 3, 0, 3, 0, 3, 3, 3, 3, 1, 0, 0, 2, 3, 1, 3, 2, 1, 2, 3, 3, 0, 0, 1, 1, 3, 3], "confidence_scores": [[0.11113586875722652, 0.22949560177655023, 0.4268071040423845, 0.2325614254238388], [0.5264960157004207, 0.1113218369401357, 0.13030168930344013, 0.23188045805600327], [0.11133592028360222, 0.17725623671325236, 0.29205417294420966, 0.4193536700589358], [0.14534642674421464, 0.12148558196647738, 0.2755102198465905, 0.45765777144271746], [0.26960465211510004, 0.1745395092941735, 0.13903373499122468, 0.4168221035995018], [0.20611392160819023, 0.5111334688739426, 0.11631464973039268, 0.16643795978747458], [0.201642240554808, 0.3144782125383595, 0.20637093120113584, 0.2775086157056968], [0.20746059690664626, 0.2819431077626041, 0.12555349558552084, 0.3850427997452287], [0.25482391858238457, 0.24698138746905415, 0.19871683853189925, 0.29947785541666205], [0.3218374804763069, 0.27416509561345603, 0.14861488755284105, 0.25538253635739616], [0.1801078787744065, 0.29143740883786856, 0.14627895220825315, 0.38217576017947186], [0.1480187383675086, 0.16203809441313646, 0.22970313300735085, 0.4602400342120039], [0.21733152938323888, 0.3315358301140634, 0.09050683681136468, 0.36062580369133307], [0.4605349688418248, 0.18949251062186365, 0.07919856740063155, 0.2707739531356799], [0.5316610134531887, 0.14290213383617612, 0.09855171973764541, 0.2268851329729897], [0.1887777421175831, 0.22514289381263536, 0.23119197603614472, 0.35488738803363684], [0.21854711744718694, 0.1997443372374409, 0.10967541233033605, 0.47203313298503613], [0.31005120820912135, 0.20974418543320986, 0.17642869038920908, 0.3037759159684597], [0.21797032104056166, 0.26435089430796194, 0.265821154394416, 0.2518576302570604], [0.17855160931397673, 0.27421472156260623, 0.2747680009249084, 0.2724656681985086], [0.16511412618092852, 0.32380904907693164, 0.344682594835712, 0.16639422990642766], [0.1516302997194013, 0.3766083868561336, 0.15333548535397917, 0.3184258280704861], [0.4108473845557948, 0.14217978623586605, 0.17003816726403867, 0.2769346619443004], [0.23114087398459798, 0.2625470806729824, 0.23036879513986475, 0.275943250202555], [0.17193916382673585, 0.2581067584573536, 0.1900977227270046, 0.379856354988906], [0.1862791525022516, 0.3672183631952428, 0.26253621903536284, 0.18396626526714285], [0.2521647283063855, 0.16101714397645042, 0.3556883397115915, 0.23112978800557268], [0.17449493328193677, 0.23114362932855173, 0.3267842387036715, 0.26757719868583985], [0.1172476874272219, 0.5239649860509631, 0.24293567797587998, 0.11585164854593509], [0.31630679688007174, 0.3028245923993997, 0.09360667345439681, 0.2872619372661317], [0.24152632452159567, 0.19144666529508073, 0.2125800225537839, 0.35444698762953986], [0.14725989034521814, 0.21727788226152242, 0.08653313251344087, 0.5489290948798187], [0.213311387694863, 0.3363698831504485, 0.11301438788192719, 0.3373043412727613], [0.12885428734800275, 0.24098636735214513, 0.44568725679109716, 0.18447208850875507], [0.20458970770672727, 0.2938553519770342, 0.2181347081114327, 0.2834202322048057], [0.3417948953426336, 0.13313903127725207, 0.2513657013978141, 0.2737003719823003], [0.16212088416299747, 0.31696431361616295, 0.3419791560040716, 0.17893564621676794], [0.2991916524057987, 0.15072433557234788, 0.07200178790393423, 0.47808222411791923], [0.19184061677976877, 0.16557815464130718, 0.13670104092070853, 0.5058801876582156], [0.1884848366248555, 0.3618584161252038, 0.09117817205315538, 0.3584785751967854], [0.2179420910964813, 0.31432253873358434, 0.10836878661098809, 0.3593665835589466], [0.25278356050672973, 0.25191722083582535, 0.222587520038419, 0.27271169861902594], [0.33594863382862133, 0.2686895677913492, 0.09480864331410631, 0.3005531550659233], [0.27916049449471625, 0.2947425699596694, 0.13531685645115535, 0.290780079094459], [0.3876615651405379, 0.29384143897819, 0.1162042623598068, 0.20229273352146523], [0.19894344024905042, 0.309645272735029, 0.15667711923792066, 0.33473416777799986], [0.22006468254122485, 0.3374878140818737, 0.1777843769820923, 0.2646631263948093], [0.30901263092518655, 0.23622102194673353, 0.19020723740689693, 0.26455910972118296], [0.11431861368153456, 0.5332527410187374, 0.2531437970926555, 0.09928484820707263], [0.14348932188765118, 0.2619591480799933, 0.3938391782298246, 0.20071235180253094], [0.1593063511871417, 0.1396059324565809, 0.36501401272574696, 0.3360737036305305], [0.18483517992229628, 0.0995617102697221, 0.28484249149617547, 0.43076061831180634], [0.27683715026615574, 0.14952044337359616, 0.3495994428857834, 0.22404296347446478], [0.27937544162427436, 0.2324810089968889, 0.22488530967279624, 0.26325823970604056], [0.23426530253451233, 0.21217068136367434, 0.1641431066077249, 0.38942090949408853], [0.14289940027356293, 0.17819372903595646, 0.11273861837517996, 0.5661682523153007], [0.33070052972352826, 0.26589039519336843, 0.1240631690842369, 0.2793459059988665], [0.1946413256073757, 0.3140363232064639, 0.20821402513101187, 0.2831083260551487], [0.2982385012512896, 0.23678331339249664, 0.19158376794194754, 0.27339441741426623], [0.210045415782212, 0.44047914222038886, 0.09185227874815408, 0.2576231632492451], [0.48536892326293724, 0.13888578404039456, 0.13353644808827977, 0.24220884460838857], [0.30237010117712315, 0.22477526379211024, 0.23399515126396186, 0.23885948376680483], [0.1409952819547189, 0.31543528542832, 0.3465048079637462, 0.19706462465321495], [0.2721022328771723, 0.141616006930619, 0.18359149746027792, 0.4026902627319308], [0.2407551958318348, 0.4665926073419468, 0.10157556450191996, 0.19107663232429858], [0.20990567496916995, 0.21555467716191556, 0.2920609136772818, 0.2824787341916327], [0.4213743861401858, 0.1490941321203668, 0.2394022683646145, 0.19012921337483293], [0.16348649815010838, 0.14268140571744634, 0.1075814294933284, 0.5862506666391168], [0.375812528994467, 0.21812839506488915, 0.12908726982408728, 0.2769718061165567], [0.20037034985698332, 0.32909147860988797, 0.12915573572884415, 0.34138243580428473], [0.2942051062557376, 0.29520624532066486, 0.11676719917195603, 0.29382144925164133], [0.14576769404777953, 0.20546957782294992, 0.2662594527671364, 0.3825032753621341], [0.24464664715568926, 0.22846327250745427, 0.15859874402573007, 0.3682913363111265], [0.2696605989438878, 0.19086093389180012, 0.21649410005866224, 0.32298436710565004], [0.3017154332753115, 0.22349518649633232, 0.17152072366441537, 0.3032686565639408], [0.34317795258095674, 0.391800771787991, 0.0752647641784064, 0.18975651145264594], [0.1288956550073664, 0.22045097658448154, 0.22994821416061714, 0.42070515424753485], [0.12303661051684409, 0.36893605631183807, 0.2183162885548797, 0.2897110446164384], [0.20290815803481776, 0.181700122699141, 0.11718905505325364, 0.49820266421278775], [0.19594990290141917, 0.2658609643905835, 0.17053786638116816, 0.3676512663268291], [0.12027487070202986, 0.1445605638723445, 0.3094579490537805, 0.42570661637184515], [0.4661700655883995, 0.16388115197667028, 0.2486788447720285, 0.12126993766290174], [0.3963923489511459, 0.20575191784618033, 0.14156578999740327, 0.25628994320527043], [0.14523386416263703, 0.23722418478909993, 0.17477460608346224, 0.4427673449648007], [0.16992052984174072, 0.2236854939360313, 0.1596425912203865, 0.4467513850018414], [0.15656156466993612, 0.23516342187687841, 0.34879898786045366, 0.2594760255927316], [0.4571747542053858, 0.1971803687772709, 0.07420835665143044, 0.2714365203659129], [0.2760194127433657, 0.19703408159501723, 0.24308983642468182, 0.28385666923693526], [0.20856329386298583, 0.22225232495298566, 0.16975997785620212, 0.3994244033278265], [0.2466563156050541, 0.11544487449499909, 0.35760739527138236, 0.2802914146285648], [0.2495309332848947, 0.31546284303877714, 0.2756210840429295, 0.15938513963339876], [0.24953795423679723, 0.2400276906443868, 0.3030716189722958, 0.20736273614652034], [0.1430173576716005, 0.27199988817441106, 0.2720066177572808, 0.3129761363967076], [0.2763509255037915, 0.2674384174981791, 0.261341421452414, 0.19486923554561553], [0.27707716614933103, 0.28986772355374724, 0.11319951555508496, 0.3198555947418369], [0.11968917471358141, 0.39711881298995266, 0.1502446447487483, 0.3329473675477177], [0.17350173989214238, 0.3682893411989564, 0.1942226032823837, 0.26398631562651764], [0.40325566713046607, 0.20730861276976462, 0.16599345822999306, 0.22344226186977628], [0.42158749530891926, 0.18806630662368212, 0.16665727456449095, 0.22368892350290767], [0.2464863225250212, 0.20985716415427766, 0.23153514671550512, 0.312121366605196], [0.2061576021519452, 0.19387904875841883, 0.24430585156723436, 0.3556574975224017], [0.1711251499221319, 0.21841085942735863, 0.4399640556311963, 0.17049993501931335], [0.21920361593265913, 0.23861683978755893, 0.18788635222895708, 0.35429319205082505], [0.19458054627928878, 0.20190577562424236, 0.4162444110605754, 0.18726926703589353], [0.13483335715065048, 0.34888044118485423, 0.12979706435361507, 0.38648913731088014], [0.16239301719657057, 0.4103189972318774, 0.19856405524383022, 0.22872393032772187], [0.22655830442475466, 0.1646352422742801, 0.24364726191421515, 0.36515919138675007], [0.16951871361690243, 0.41794937155528966, 0.21431359802338884, 0.19821831680441898], [0.10237359680607289, 0.17340195473653855, 0.09054992356232199, 0.6336745248950666], [0.21654016603212967, 0.328340883863325, 0.12044063873427338, 0.33467831137027193], [0.43580072702466616, 0.2402370386018235, 0.16725712575011567, 0.15670510862339454], [0.2259179096630097, 0.3134625697965672, 0.18169090712432934, 0.2789286134160939], [0.08118788401727806, 0.20380772856399337, 0.49716088848448425, 0.21784349893424462], [0.30244083572324565, 0.22680711068228715, 0.2451328235269255, 0.22561923006754173], [0.1947780304480523, 0.17139952415169246, 0.25916266012424044, 0.3746597852760148], [0.31519321469292694, 0.2204201070954279, 0.21326341639590862, 0.25112326181573663], [0.26768518345193903, 0.28258937806140055, 0.13891817355799888, 0.3108072649286615], [0.3495455626761488, 0.2520141863747961, 0.1036817555022844, 0.2947584954467705], [0.18464038215933096, 0.23668405711240623, 0.20076856336092389, 0.377906997367339], [0.3010541176702437, 0.18977968681312474, 0.21240736825516784, 0.29675882726146374], [0.18063081961629834, 0.11856087683006558, 0.12265451447724983, 0.5781537890763863], [0.24693745955709728, 0.18754062172484984, 0.21203648486378518, 0.35348543385426767], [0.19381929864830175, 0.2166348339032183, 0.12237699405071246, 0.4671688733977677], [0.32910244973179714, 0.19150646936947607, 0.09122610523183011, 0.38816497566689684], [0.30102529491850016, 0.47556883502421643, 0.0897242222056019, 0.1336816478516815], [0.3174749144313079, 0.2378547604630172, 0.22348269536791093, 0.221187629737764], [0.41460006407864086, 0.24189177144872442, 0.1092642831117403, 0.2342438813608944], [0.20995770071181005, 0.28068343149210856, 0.3010697245797737, 0.2082891432163079], [0.284048427912175, 0.17976730735582339, 0.10090926157966108, 0.43527500315234063], [0.09794285862099579, 0.40438971322270306, 0.188463612768311, 0.3092038153879902], [0.1308645404247101, 0.2048352915500297, 0.28522736923626585, 0.3790727987889942], [0.10422995248347465, 0.3545899149781262, 0.41298650240796286, 0.12819363013043636], [0.18716172665669858, 0.3585465409686181, 0.1495748285445395, 0.304716903830144], [0.20618605023070696, 0.2846907291063383, 0.30423149880584505, 0.20489172185710974], [0.21589042286904067, 0.2541915722166607, 0.21538405712547623, 0.31453394778882254], [0.2533212943312478, 0.2723847957922685, 0.12485576363268862, 0.34943814624379504], [0.2987997470076691, 0.2602228246475375, 0.14312438581276063, 0.29785304253203276], [0.32947649943017604, 0.29763697544495327, 0.19444662412438413, 0.17843990100048654], [0.19783196512985354, 0.39225470798205525, 0.15325359445297396, 0.25665973243511736], [0.11517422597088585, 0.497389248142172, 0.10742982924775156, 0.2800066966391907], [0.22253048199423395, 0.18697430115219363, 0.08723598788099349, 0.5032592289725788], [0.27260637332573306, 0.22596912908142833, 0.14767375452430395, 0.35375074306853477]]}, "rewritten": {"ids": ["97105451", "97106000", "97106600", "97106820", "97107040", "97107681", "97109570", "97112290", "97113260", "97116500", "98106560", "98106680", "98106880", "98107340", "98109230", "98110710", "98113881", "98119591", "98120530", "99105921", "99107640", "99108310", "99108710", "99108890", "99110050", "99112641", "99119830", "100109330", "100111380", "100116500", "100116790", "101108080", "101108370", "101108500", "101108580", "101109000", "101109120", "101109370", "101110150", "101111310", "101117580", "102107961", "102109850", "102109910", "102117351", "103112470", "103117200", "104111620", "104111990", "104112470", "104114740", "104119290", "105111990", "105112240", "105113190", "105113260", "105113440", "105113620", "105115380", "105115570", "105115720", "105117200", "105121190", "106113830", "106116441", "106116820", "106117650", "106119260", "106119990", "106120290", "106121220", "107114110", "107114280", "107115140", "107116340", "107117010", "107117630", "107118820", "108113480", "108113740", "108114180", "108114200", "108114670", "108115880", "108116070", "108118060", "108118301", "108118810", "108119550", "108120260", "108120700", "108121351", "109116750", "109117110", "109117271", "109118161", "109119010", "109120540", "109120621", "109121410", "110113591", "110114920", "110118450", "110120190", "111114121", "111114171", "111116110", "111116990", "111117571", "111119250", "111119950", "111120591", "112116540", "112116880", "112116900", "112117030", "112117210", "112117461", "112117471", "112118161", "112118421", "112118511", "112118820", "112118860", "112118880", "112118890", "112119580", "112119950", "112119980", "112120640", "112121360", "113117550", "113117630", "113118511", "113118630", "113119340", "113120531", "113121010", "113122150", "113122230", "113122320", "113122430"], "labels": [0, 0, 3, 1, 2, 3, 0, 1, 1, 2, 1, 1, 0, 0, 1, 2, 3, 1, 1, 1, 1, 2, 2, 0, 3, 1, 1, 0, 3, 2, 2, 0, 1, 3, 0, 1, 1, 1, 1, 3, 3, 3, 1, 2, 1, 1, 0, 0, 2, 1, 2, 1, 2, 1, 3, 3, 0, 0, 1, 0, 1, 3, 2, 1, 0, 1, 1, 1, 0, 2, 1, 1, 3, 0, 3, 1, 0, 3, 0, 3, 1, 0, 3, 3, 1, 1, 1, 1, 1, 1, 2, 3, 0, 1, 0, 0, 3, 1, 1, 0, 0, 3, 0, 3, 0, 3, 3, 0, 3, 1, 0, 1, 1, 0, 3, 2, 1, 0, 3, 0, 3, 1, 0, 3, 1, 3, 3, 0, 0, 0, 3, 3, 0, 1, 3, 0, 0, 2, 2, 1, 1, 2], "predicted_labels": [0, 0, 1, 0, 2, 2, 3, 2, 3, 2, 2, 1, 2, 3, 1, 1, 2, 1, 3, 0, 2, 1, 2, 1, 2, 0, 1, 0, 0, 2, 3, 1, 0, 0, 2, 0, 0, 3, 1, 3, 0, 3, 2, 2, 0, 0, 3, 3, 1, 3, 3, 2, 3, 3, 0, 0, 1, 1, 3, 2, 3, 3, 2, 3, 0, 1, 1, 1, 0, 3, 1, 3, 1, 3, 3, 1, 3, 1, 2, 3, 3, 0, 2, 3, 0, 0, 0, 3, 3, 0, 3, 3, 1, 3, 3, 1, 2, 3, 3, 1, 1, 1, 3, 1, 1, 0, 3, 2, 1, 2, 0, 3, 1, 1, 2, 3, 1, 0, 1, 0, 0, 3, 3, 1, 1, 3, 3, 3, 3, 0, 0, 0, 1, 3, 3, 0, 0, 0, 2, 3, 1, 1], "confidence_scores": [[0.3970716052339805, 0.2751179326160507, 0.11072978240490862, 0.21708067974506015], [0.40419393811953275, 0.17475644634219806, 0.1669241910323744, 0.2541254245058948], [0.1885715989933373, 0.39645107739717705, 0.26151793956812863, 0.153459384041357], [0.3487163212541396, 0.13912810563149913, 0.21743317762020656, 0.2947223954941549], [0.07062731758431615, 0.10989533923516583, 0.4866353030569317, 0.33284204012358654], [0.1655393367335847, 0.20916860188772718, 0.32062750870819506, 0.30466455267049297], [0.2011014063819971, 0.1516524151517504, 0.11531885898483725, 0.5319273194814154], [0.19836782017937515, 0.20349415865324016, 0.32334854802976326, 0.2747894731376214], [0.21519968853171623, 0.2076974154031895, 0.19402199842352347, 0.38308089764157094], [0.18482917999071904, 0.22184549548143476, 0.3194777627509739, 0.2738475617768724], [0.289892674403191, 0.2011904885705231, 0.3346783365016828, 0.1742385005246031], [0.16458429053819906, 0.3160477874686662, 0.3136748541601867, 0.20569306783294808], [0.1764658463487664, 0.21116173210888292, 0.39500326698159194, 0.2173691545607587], [0.16240603129921327, 0.22146489706876785, 0.2808466045837565, 0.3352824670482624], [0.17306880140143763, 0.3479171741879749, 0.27007000868385295, 0.20894401572673452], [0.23917483769824696, 0.3312066987337722, 0.13553271653978327, 0.2940857470281975], [0.33122416688400125, 0.15451251784178105, 0.3783145881944398, 0.13594872707977798], [0.22572624381308193, 0.27692219699021176, 0.22294152581472257, 0.2744100333819838], [0.2734047141445807, 0.26857499590312583, 0.08574731011477739, 0.3722729798375161], [0.35361787537395506, 0.18651997043646276, 0.2079784702889539, 0.25188368390062843], [0.11824314990259586, 0.19685916855811794, 0.48793883048121206, 0.19695885105807398], [0.3159813274511611, 0.38982250105535937, 0.12608259367371322, 0.1681135778197664], [0.14147472150362875, 0.13000149293739005, 0.3768839855359968, 0.35163980002298456], [0.1535196575473107, 0.37129535341724695, 0.12446603747207628, 0.350718951563366], [0.21249170399392805, 0.2291792590772006, 0.40382326660857265, 0.15450577032029877], [0.4135076340100306, 0.15383596385649864, 0.15476690024074324, 0.27788950189272743], [0.08900039159184801, 0.4875466348825005, 0.21531585081710936, 0.2081371227085422], [0.3794254095361218, 0.2729002461189135, 0.1997092136333411, 0.14796513071162362], [0.4565073198571899, 0.22987155852975882, 0.12608104174936027, 0.18754007986369095], [0.13762851879569518, 0.15664153177429627, 0.41835512385778456, 0.2873748255722239], [0.12254495140285872, 0.14223138769931545, 0.187238655471955, 0.5479850054258709], [0.19207164057874734, 0.5100920776741337, 0.07519435814680189, 0.222641923600317], [0.34014339911557856, 0.24224748147335795, 0.23538690187490607, 0.1822222175361576], [0.4378579992553172, 0.1825217004461267, 0.13155764597367242, 0.24806265432488364], [0.13710152999752348, 0.10582850649370776, 0.6088005156104596, 0.1482694478983093], [0.3755026971497067, 0.20220110563574092, 0.1660369692771957, 0.2562592279373568], [0.3370723413779414, 0.20253618884431082, 0.14595682111335906, 0.3144346486643887], [0.23090714993323683, 0.2849407468931156, 0.1968911549540797, 0.2872609482195677], [0.2068264113579845, 0.3692438140655025, 0.15027183584030027, 0.273657938736213], [0.24781046164534065, 0.26642119080468274, 0.1506449030999986, 0.3351234444499782], [0.32356203566815034, 0.13662266240835594, 0.2633978445368943, 0.2764174573865995], [0.259169983138951, 0.1775382376883873, 0.17909188370768087, 0.38419989546498107], [0.16950520025317056, 0.23950568552667176, 0.4800378467133051, 0.11095126750685262], [0.2538912166647257, 0.23821882424447094, 0.2868546502377811, 0.22103530885302228], [0.30824703527107117, 0.2947789119544353, 0.16265307948281083, 0.23432097329168283], [0.3147372041905866, 0.3011046535408707, 0.17313246652568193, 0.21102567574286077], [0.1476722922838896, 0.2171051287272227, 0.10789933458136787, 0.5273232444075197], [0.2528628498330668, 0.2455847317087113, 0.13397545242646008, 0.3675769660317618], [0.17784698835138987, 0.3401071787024759, 0.17340796962447433, 0.30863786332165977], [0.11582711458679587, 0.16357461258003347, 0.3498842574916117, 0.370714015341559], [0.15223887521083238, 0.17391768587824594, 0.27526227248787816, 0.3985811664230434], [0.14343678695075646, 0.29689072332228816, 0.30351829927486496, 0.25615419045209054], [0.2860028970207277, 0.15725364631735023, 0.09025166359043371, 0.46649179307148836], [0.14592139014380132, 0.21288999620885973, 0.10061519718276965, 0.5405734164645694], [0.33132264255666766, 0.2220008574919999, 0.21414148480685843, 0.23253501514447403], [0.4464839879274168, 0.16879641259037031, 0.12986586936995204, 0.25485373011226087], [0.2451191736382162, 0.2868986109271963, 0.20601575851261206, 0.2619664569219754], [0.14402632812667773, 0.38973831046022067, 0.3288959803320808, 0.13733938108102087], [0.17589223885968053, 0.14746928932822384, 0.33779297899462934, 0.3388454928174662], [0.14957344814992135, 0.325855491950487, 0.35842617568135354, 0.1661448842182381], [0.18672605294060596, 0.26181658051284196, 0.2487338303272315, 0.3027235362193206], [0.3038640096115902, 0.17337034667820758, 0.18168264993697955, 0.3410829937732227], [0.10925773609602447, 0.31080326585523654, 0.39686488817091625, 0.18307410987782277], [0.2874974544240123, 0.21401982324974578, 0.18074214260209787, 0.31774057972414405], [0.4006375996473271, 0.17466709263282648, 0.22706026406580257, 0.19763504365404386], [0.19647456655298132, 0.33119005595832757, 0.16259179693801584, 0.30974358055067536], [0.28386891403856923, 0.3891925843254992, 0.14037744074234043, 0.18656106089359112], [0.22410576361277088, 0.33821448211149735, 0.27131939973674907, 0.16636035453898296], [0.3925349050916291, 0.2534323786015895, 0.12577854881266276, 0.22825416749411861], [0.19823605372753758, 0.25874527186317764, 0.18772583784669628, 0.3552928365625888], [0.29050088234471544, 0.3192561250703359, 0.13539536736703975, 0.25484762521790894], [0.18010444312450494, 0.19136970261691624, 0.3076554548276673, 0.3208703994309115], [0.2349095067215965, 0.31320731984163686, 0.14637876392639596, 0.30550440951037067], [0.15192567946897106, 0.2223750318088689, 0.13913020449256164, 0.4865690842295985], [0.1821808549754963, 0.22877356509813357, 0.1001005955531408, 0.48894498437322936], [0.23887279274870618, 0.29952009729278567, 0.2128832113556103, 0.2487238986028977], [0.21333128728410722, 0.2390020786216729, 0.15097194262479469, 0.39669469146942526], [0.2739806252916637, 0.4421523969103241, 0.06053352873065746, 0.2233334490673549], [0.18775990110937532, 0.27591510949585146, 0.2862053017872866, 0.25011968760748665], [0.2306483248355949, 0.13756906342273842, 0.13094707311335488, 0.5008355386283119], [0.1393214569725566, 0.21958023013942607, 0.11291720963652067, 0.5281811032514967], [0.4154232634001974, 0.20328079036022378, 0.19219216166377845, 0.18910378457580057], [0.19934169840738689, 0.2534197574525451, 0.3941066927504993, 0.1531318513895687], [0.09234623574057776, 0.3004119592167707, 0.29767114618246654, 0.30957065886018476], [0.4110315016213804, 0.11286793261367155, 0.3466925510895825, 0.12940801467536547], [0.3442628626464748, 0.16455476726260918, 0.21766522397988788, 0.2735171461110282], [0.30737933113512966, 0.22677158285737875, 0.17745699990922867, 0.28839208609826295], [0.1997776134970416, 0.1963554268860661, 0.125370561213484, 0.47849639840340835], [0.27437769144598095, 0.20797644110178487, 0.24004875727461142, 0.27759711017762284], [0.4893318056401423, 0.18973646373583888, 0.1469590837169888, 0.1739726469070301], [0.34281359092878066, 0.1993314539495334, 0.09265699251546362, 0.3651979626062224], [0.2011715939389462, 0.2848664127891893, 0.18519478242336584, 0.3287672108484988], [0.37201020924777534, 0.40385040147675455, 0.1264080201003886, 0.0977313691750816], [0.21078706397766733, 0.24201821563651832, 0.204312894360555, 0.34288182602525935], [0.2395163247850855, 0.1420092199398198, 0.1634189260375394, 0.4550555292375552], [0.15801423243206758, 0.3338563962041402, 0.17764448336511895, 0.33048488799867326], [0.1942128336248019, 0.22755776927370805, 0.36251195737916814, 0.215717439722322], [0.28022732550567925, 0.24582521045702246, 0.11746528312344179, 0.3564821809138568], [0.24323158550074528, 0.2338065966557467, 0.1781608519225785, 0.3448009659209296], [0.18809505437147764, 0.3985592238146499, 0.28880130158603845, 0.124544420227834], [0.3197295154197602, 0.3493469908914752, 0.0820998109122373, 0.24882368277652742], [0.1867209395805482, 0.4547966813814292, 0.07255982467218275, 0.2859225543658398], [0.15814543649934962, 0.17777635061841418, 0.30687172513230004, 0.3572064877499362], [0.3200244456125389, 0.40938736960326083, 0.08868243664409699, 0.18190574814010327], [0.23149294980659824, 0.37884566466045105, 0.08844535752649628, 0.3012160280064546], [0.4147299365168267, 0.16168233032542587, 0.10630522224138443, 0.31728251091636306], [0.14350942632712563, 0.20635332959771796, 0.151377222765631, 0.49876002130952546], [0.23737438701428162, 0.15720106437068035, 0.38136952593918644, 0.22405502267585164], [0.2720673835645213, 0.44391507793073903, 0.11033783239380515, 0.17367970611093436], [0.07869640906383908, 0.30966557450167576, 0.30977168213428197, 0.3018663343002032], [0.3317791066454198, 0.2588175114763622, 0.10201582083925372, 0.30738756103896425], [0.25484693967512306, 0.20268296994324755, 0.15384753852940078, 0.38862255185222877], [0.2299665750289295, 0.38769299230656135, 0.11452494678151584, 0.2678154858829934], [0.13998255490474515, 0.35177529122723633, 0.23344469482872357, 0.2747974590392951], [0.275355422834181, 0.1289710159515546, 0.38362424726171557, 0.21204931395254883], [0.3215915311657782, 0.16111809122171286, 0.04471688180024365, 0.4725734958122653], [0.24276840020634685, 0.33437168260940203, 0.20159410715072748, 0.22126581003352355], [0.392037600874905, 0.22401889093023244, 0.10940497416183594, 0.2745385340330265], [0.21967045328958046, 0.33645640338383914, 0.26666235851686276, 0.17721078480971758], [0.34295991682892113, 0.2486258716085374, 0.1529826220732697, 0.2554315894892717], [0.4605902490024884, 0.17389393907960052, 0.0549222255942231, 0.31059358632368794], [0.20118188126279574, 0.26127022718829457, 0.26766474016707364, 0.269883151381836], [0.24386099090624633, 0.2656040824191424, 0.15311257588072805, 0.33742235079388316], [0.21758490642196449, 0.3222967889994119, 0.25163465907856214, 0.2084836455000614], [0.1776460822248791, 0.4045474762594834, 0.18908971074633954, 0.2287167307692981], [0.2746903893227548, 0.15274365976942555, 0.18353840992182613, 0.3890275409859936], [0.2162383154974066, 0.15622553982527954, 0.15841254753790102, 0.46912359713941293], [0.1492361117099617, 0.238227626137181, 0.100659457484264, 0.5118768046685933], [0.29895936391523487, 0.23102872179540906, 0.1334926258468889, 0.33651928844246737], [0.32978521350342205, 0.2957697155313776, 0.15347791417542472, 0.2209671567897754], [0.5824934382461762, 0.12464584002631693, 0.18621275938214177, 0.10664796234536518], [0.3695389174557105, 0.16393272282792765, 0.18720993437018268, 0.2793184253461793], [0.09997056070485986, 0.41443868689752544, 0.21696813073897883, 0.268622621658636], [0.22642915047131043, 0.2195222360434703, 0.27223565737955147, 0.2818129561056678], [0.3171337872583771, 0.2647302808632469, 0.10073439797978234, 0.31740153389859366], [0.4312288182139347, 0.1913646708405355, 0.07208953210886453, 0.30531697883666536], [0.3862641745792726, 0.25477637672236236, 0.13324292435194396, 0.2257165243464211], [0.41395884411057665, 0.2559399233874794, 0.11353015270158347, 0.21657107980036042], [0.26329218934349624, 0.12073723911324656, 0.3153301547445178, 0.30064041679873926], [0.33932436175817593, 0.20801599158626524, 0.10333528204931978, 0.34932436460623884], [0.2686433983293572, 0.3265397069869523, 0.13289029677052977, 0.2719265979131607], [0.19793881647616937, 0.37602362302353476, 0.17094944944453858, 0.25508811105575735]]}}