{"test": {"ids": ["113119700", "110118880", "109119591", "112118530", "111119610", "113121750", "107113170", "101113210", "108121160", "105113190", "97106820", "112116800", "98119591", "99112641", "105120280", "101110150", "107114140", "113118690", "108113620", "112116451", "102113210", "110114321", "108114270", "113120830", "111116040", "105113480", "113122430", "112119930", "107114321", "97112300", "97110950", "110118450", "104111830", "109119340", "112116401", "111116110", "98116940", "110115980", "100111270", "113119360", "104113170", "106117770", "107120260", "98121790", "111119580", "103110840", "101109370", "106111321", "107118520", "108115870", "113119450", "104113240", "108121410", "105118740", "113119930", "100120780", "113118870", "104111990", "100109360", "106117650", "107114490", "110113591", "111116010", "98107340", "97108520", "113121410", "108115500", "102110240", "108116070", "112118471", "111118810", "107117010", "109115211", "101119030", "100109330", "99112300", "111119430", "98111231", "105113210", "113118111", "98110710", "110116441", "100110260", "98111620", "108118520", "105113260", "108114040", "97113260", "107114950", "110115250", "109117080", "101108460", "98111670", "99108890", "112120630", "104116800", "104111550", "106112770", "107112850", "101108621", "112116850", "101121640", "106113260", "112121010", "113121810", "108113740", "97106600", "105115570", "105115380", "100109890", "111117120", "99111000", "110117500", "113120540", "111119930", "112118930", "113121010", "102110690", "107113180", "104112201", "98108520", "107114200", "97107950", "111121190", "106115120", "106114150", "112118820", "107115140", "106114011", "99109910", "101111140", "112119450", "101110740", "112120290", "105110251", "99111620", "108120621", "108118810", "104113000", "104112470", "110118630", "108115880"], "labels": [0, 0, 0, 1, 2, 0, 0, 3, 2, 3, 1, 0, 1, 1, 3, 1, 2, 3, 3, 0, 3, 1, 3, 3, 0, 0, 2, 1, 0, 2, 3, 0, 3, 3, 0, 3, 2, 1, 2, 0, 3, 0, 1, 2, 3, 1, 1, 0, 2, 3, 3, 2, 0, 1, 1, 1, 0, 2, 0, 1, 3, 0, 1, 0, 2, 0, 3, 3, 1, 1, 0, 1, 0, 3, 0, 0, 3, 1, 3, 1, 2, 3, 3, 3, 0, 3, 0, 1, 3, 1, 1, 0, 1, 0, 3, 1, 1, 1, 1, 0, 0, 2, 3, 2, 2, 3, 3, 0, 1, 3, 2, 2, 1, 3, 1, 1, 2, 0, 3, 0, 2, 2, 2, 1, 1, 1, 0, 0, 1, 2, 2, 3, 3, 1, 0, 3, 1, 1, 1, 1, 1, 3], "predicted_labels": [1, 1, 0, 2, 0, 1, 3, 1, 0, 0, 1, 1, 1, 0, 3, 0, 1, 3, 1, 0, 1, 1, 1, 2, 3, 3, 3, 2, 1, 3, 0, 1, 1, 3, 0, 2, 1, 3, 2, 3, 1, 2, 3, 1, 3, 3, 1, 1, 1, 0, 1, 1, 3, 3, 3, 1, 3, 1, 3, 2, 2, 3, 3, 1, 1, 3, 3, 1, 3, 0, 1, 3, 0, 3, 3, 0, 1, 0, 3, 3, 1, 1, 0, 1, 0, 1, 2, 3, 2, 3, 1, 1, 0, 1, 0, 1, 1, 2, 1, 1, 3, 3, 1, 3, 1, 3, 3, 2, 3, 3, 3, 3, 1, 1, 3, 1, 3, 1, 3, 3, 1, 3, 1, 3, 0, 3, 3, 3, 3, 1, 0, 0, 2, 1, 0, 2, 0, 3, 3, 3, 3, 3], "confidence_scores": [[0.27060488693119855, 0.3000623492296023, 0.11840054657186347, 0.31093221726733566], [0.26339463724047874, 0.34921369796242124, 0.0576137621482032, 0.32977790264889656], [0.32355912750277116, 0.2635784473777845, 0.10885959920700122, 0.30400282591244315], [0.1245983791702659, 0.2810559387620626, 0.35744930184474716, 0.23689638022292422], [0.33783456681933277, 0.21417132259218216, 0.16454271722701622, 0.2834513933614692], [0.20282525180200128, 0.3872249931927891, 0.08667305111225329, 0.3232767038929563], [0.20150384744006225, 0.26851234940925, 0.2588384510108536, 0.27114535213983426], [0.3000611484086833, 0.29991611882016184, 0.09289328875640417, 0.3071294440147507], [0.26464086648964663, 0.1749127417327526, 0.2930948650483687, 0.26735152672923246], [0.26584352465333067, 0.1976235635789231, 0.28286591019947027, 0.25366700156827576], [0.18668136794297938, 0.33996863310079933, 0.17732948498346335, 0.296020513972758], [0.1666177789597365, 0.2936818156634016, 0.28640873151161383, 0.2532916738652479], [0.17606137462642002, 0.3095157754912471, 0.2363930271387535, 0.27802982274357946], [0.32744319359852986, 0.2771604548917865, 0.09286838687333455, 0.30252796463634896], [0.3019942893723313, 0.24524488306358175, 0.14536732698514881, 0.3073935005789383], [0.33802841361220315, 0.25943525407263257, 0.08686391463147301, 0.31567241768369125], [0.12615031967935267, 0.3153007493130122, 0.31286504555985184, 0.24568388544778347], [0.26523104810771714, 0.28214763902702567, 0.14853265428715892, 0.3040886585780982], [0.2713149218356482, 0.3106333989986521, 0.1004076738764265, 0.31764400528927317], [0.3739041198328332, 0.2395533471595844, 0.08161924625934482, 0.30492328674823754], [0.19692803315268181, 0.2944631914256188, 0.25091382998752154, 0.25769494543417787], [0.24938500358523222, 0.3326612472869985, 0.09240834956752453, 0.32554539956024486], [0.21998848778190858, 0.3605426427459087, 0.11914166931744709, 0.30032720015473546], [0.19848306194135287, 0.24907485948612404, 0.29651254204769356, 0.25592953652482947], [0.21843223258769123, 0.2978402946937736, 0.18354018356392493, 0.3001872891546103], [0.31041523375158103, 0.22685345179596245, 0.13367840245011614, 0.32905291200234055], [0.17982589927444792, 0.26729515645815305, 0.28627674223320376, 0.26660220203419516], [0.1326614466443164, 0.26760054800072497, 0.38340515100951633, 0.21633285434544236], [0.22423218056737285, 0.331908951498266, 0.12227362845176434, 0.32158523948259693], [0.278574335531036, 0.27743282044266915, 0.1413661317013523, 0.3026267123249425], [0.4142965470473655, 0.17322752878955167, 0.12427756384953617, 0.2881983603135466], [0.20602385299599657, 0.32205485005368906, 0.18215437482336577, 0.28976692212694843], [0.18423320381994537, 0.33393009326662965, 0.17636923134896407, 0.3054674715644609], [0.20719859805104926, 0.29886476265457756, 0.17759848950195428, 0.3163381497924189], [0.4286699915905658, 0.16651099724474655, 0.11343501350493108, 0.2913839976597563], [0.15368776144488186, 0.24036254131659768, 0.3542489843923149, 0.2517007128462055], [0.24859349485648735, 0.28385738776288166, 0.1769718599672469, 0.29057725741338397], [0.28289202053356394, 0.26164082572472336, 0.14728675704341024, 0.3081803966983023], [0.10085466158367938, 0.29291174493919064, 0.34946069821895687, 0.25677289525817326], [0.24784025512743021, 0.28575861172156025, 0.17894953780889788, 0.2874515953421116], [0.21503113636165744, 0.25957332278355655, 0.2650131174493436, 0.2603824234054428], [0.2388381653516359, 0.2026257457860359, 0.3171930852221536, 0.2413430036401745], [0.21002444914180798, 0.312712172953234, 0.12335556734474092, 0.3539078105602167], [0.2607466718237219, 0.27995341740293456, 0.1804094138366472, 0.2788904969366964], [0.28159730322907595, 0.20781386624747997, 0.242447089233637, 0.268141741289807], [0.2941032878316998, 0.2718949101075332, 0.12991521589126948, 0.30408658616949763], [0.18732581984236468, 0.29508756695696786, 0.25589166627064003, 0.2616949469300277], [0.1586098294318693, 0.3236010811360209, 0.23713337169259754, 0.28065571773951237], [0.16414595045692199, 0.3603776548608615, 0.16573049647650365, 0.3097458982057129], [0.3272361311474349, 0.2512124487802219, 0.13431341314172726, 0.2872380069306161], [0.22622520011396438, 0.31770156955081713, 0.1601342216559006, 0.29593900867931794], [0.14329870812177156, 0.31783687804373717, 0.24625329946788, 0.29261111436661147], [0.2136719270739131, 0.31241336659968033, 0.15010342933825077, 0.32381127698815537], [0.15851905301031716, 0.30922092253950184, 0.23907272912752955, 0.2931872953226515], [0.2619333386194921, 0.25997033098083705, 0.17584115160021735, 0.3022551787994532], [0.23257281308148184, 0.32524535765566387, 0.11746168011369634, 0.3247201491491581], [0.25627563754716715, 0.29484876652162184, 0.12594210096087186, 0.32293349497033946], [0.25375087807338, 0.2713898501932424, 0.19850240056961652, 0.2763568711637609], [0.2598646502680436, 0.25505653056966016, 0.1983615292748573, 0.2867172898874388], [0.13969646519317072, 0.28826852907556266, 0.3494540300142682, 0.22258097571699845], [0.127062475009073, 0.29437210796505286, 0.34535591376060015, 0.2332095032652741], [0.3100423295012215, 0.23790203948105532, 0.125812648288245, 0.32624298272947777], [0.2197589546635327, 0.2622990041952428, 0.21421329639913064, 0.3037287447420939], [0.19559734510463878, 0.28251802730531284, 0.2658778133932768, 0.25600681419677174], [0.25882906264371014, 0.32927547136592095, 0.1332929540813947, 0.27860251190897406], [0.3835150838211482, 0.20643953477692487, 0.0508391928833886, 0.3592061885185381], [0.17550088189986013, 0.27389435277452967, 0.27685087437702505, 0.273753890948585], [0.2080056664279956, 0.29686242168733956, 0.21314139814578084, 0.2819905137388842], [0.25646786181700165, 0.2675309832094772, 0.1987500142762041, 0.27725114069731716], [0.3316599088167468, 0.25731861814311635, 0.13870391892638367, 0.2723175541137533], [0.21748591586938767, 0.28228437689248453, 0.22959408914463858, 0.2706356180934892], [0.15027693363979694, 0.3486848549629167, 0.15623715334213026, 0.34480105805515643], [0.3580246163658637, 0.24190306984717042, 0.1050489877136805, 0.2950233260732852], [0.2362725716476014, 0.2828286080944521, 0.17843631754974926, 0.30246250270819725], [0.24369448760165957, 0.27209189672344863, 0.17968147411978888, 0.3045321415551026], [0.33606248666535016, 0.2200689469418459, 0.1774316797266697, 0.2664368866661341], [0.21110163757640424, 0.3427693777852704, 0.146802474025616, 0.29932651061270926], [0.27304160788766524, 0.25729847682774326, 0.19931754081562073, 0.27034237446897064], [0.2569565587001275, 0.30836339995581846, 0.11961696145074745, 0.3150630798933064], [0.38332053488739487, 0.20876623008812523, 0.06792198111234585, 0.3399912539121341], [0.10790438591537654, 0.30803681919515263, 0.3205774873748724, 0.26348130751459864], [0.253963482783236, 0.340123375027176, 0.09288339423775584, 0.3130297479518321], [0.37796985604784283, 0.2076898811134715, 0.1428005567812993, 0.2715397060573862], [0.1008978952567016, 0.3913067874277837, 0.19940033730414194, 0.3083949800113729], [0.32698594148873167, 0.27142045350940874, 0.13570088357690527, 0.26589272142495457], [0.235834898258605, 0.3301824329598605, 0.14546874818393749, 0.2885139205975971], [0.15453404998716966, 0.2643579663356817, 0.35410044792803835, 0.22700753574911028], [0.2361463173801889, 0.23701635112150077, 0.25326170820610006, 0.2735756232922103], [0.1978486083303312, 0.21678989462203072, 0.36223980184094495, 0.22312169520669262], [0.1918333395270123, 0.3289958265218775, 0.15865872407400355, 0.32051210987710654], [0.19372552952679775, 0.29642373076505085, 0.23716950954994778, 0.27268123015820356], [0.22159987153999022, 0.32320697532295917, 0.15328230609690346, 0.30191084704014703], [0.2927971524062699, 0.2317434586789759, 0.21233540869471207, 0.26312398022004185], [0.11889703046410872, 0.33629426130396134, 0.2519539219815685, 0.2928547862503613], [0.4405641837094876, 0.16987985910963432, 0.07188944012711221, 0.31766651705376586], [0.14864460147301756, 0.35293531090909147, 0.1923814490318551, 0.3060386385860358], [0.23807773464570112, 0.27256829743056776, 0.2211624990781297, 0.2681914688456014], [0.16157996057625768, 0.23749923807581377, 0.3674627796851622, 0.23345802166276616], [0.17402186567489825, 0.32343165234523874, 0.24762431564369056, 0.25492216633617254], [0.1695106952384974, 0.34778636008373814, 0.18838066703072737, 0.294322277647037], [0.3874803586306469, 0.16694513234857436, 0.10558266369961364, 0.3399918453211651], [0.16693038608517233, 0.3034874273453915, 0.21277177803008682, 0.31681040853934894], [0.19910173214053806, 0.3254511208454016, 0.18701954589741965, 0.2884276011166404], [0.22868171162830622, 0.2823698678058111, 0.1785045049783131, 0.3104439155875699], [0.12067875437357857, 0.34061174125171306, 0.3022562214769027, 0.2364532828978057], [0.20374063685131788, 0.28632541981608345, 0.20939209649212498, 0.3005418468404736], [0.20359746230424633, 0.23087241608827722, 0.2843278278168716, 0.2812022937906047], [0.09442586236015385, 0.27309538821148, 0.39247703493257413, 0.24000171449579222], [0.16958797308359502, 0.28663361860255465, 0.2455175906757366, 0.29826081763811385], [0.3399563343032488, 0.24131147761586208, 0.10560347427010544, 0.31312871381078367], [0.1562522875761345, 0.29448646855353044, 0.25421288759820976, 0.29504835627212544], [0.15456976422784194, 0.3178849829983979, 0.20451148702185018, 0.32303376575190995], [0.2071653380236016, 0.3207809551086842, 0.17021048098489291, 0.3018432258828214], [0.1778764260677529, 0.3519443657118418, 0.17572704513187332, 0.29445216308853245], [0.2570740065524965, 0.2629537640478773, 0.18580652651832394, 0.29416570288130217], [0.17992885649374954, 0.33313058152869307, 0.19517219229372704, 0.2917683696838306], [0.22620480011528316, 0.299010091585488, 0.16589591745414792, 0.30888919084508093], [0.2609259005224186, 0.31739478453826425, 0.12493828096300816, 0.29674103397630897], [0.22110419926153888, 0.29140264354350776, 0.17908780793863838, 0.30840534925631496], [0.2891640812535612, 0.27779543370663345, 0.09180945341283679, 0.3412310316269686], [0.2070046365211885, 0.33905275485975556, 0.175968958638197, 0.2779736499808589], [0.1956154988037758, 0.30894515848500087, 0.18593580220552047, 0.3095035405057027], [0.1351294841657096, 0.30443908752789467, 0.2797990667871417, 0.28063236151925397], [0.2490983025025081, 0.2360214500559026, 0.24783498720521652, 0.26704526023637265], [0.43970091280363505, 0.19504962304889, 0.044278572078095456, 0.3209708920693796], [0.29727720103429867, 0.2825750540926322, 0.09047844960083373, 0.32966929527223554], [0.20912401727122779, 0.31785586587998543, 0.14802587945171244, 0.3249942373970743], [0.3878345842673609, 0.15879505050818327, 0.1175384900829725, 0.3358318751414832], [0.2354174658484331, 0.27311971554224135, 0.1862339014307047, 0.3052289171786209], [0.1462955429095766, 0.29915043513351425, 0.2923154605072523, 0.26223856144965685], [0.36322207241537846, 0.2455238071413845, 0.07113962572667473, 0.3201144947165626], [0.4027971679688862, 0.18750315610248378, 0.13345864141321942, 0.27624103451541066], [0.07615162522093774, 0.2850330131997402, 0.4383137325971776, 0.20050162898214496], [0.1753300323685754, 0.34957881672166463, 0.18226140961907447, 0.2928297412906852], [0.32457257819079355, 0.29052386101588396, 0.09642804589545992, 0.28847551489786233], [0.19135824942571156, 0.2291784505006854, 0.33276296728936294, 0.2467003327842401], [0.30234691919706863, 0.24390834675254258, 0.1783594167716185, 0.2753853172787699], [0.22554253876145292, 0.31163702163685, 0.13379490067859343, 0.32902553892310393], [0.21408130872283257, 0.324162006729126, 0.12429767053864531, 0.33745901400939593], [0.22724015951132537, 0.25749356182621563, 0.20978976759088577, 0.3054765110715731], [0.23890912292817526, 0.30699264576723856, 0.13724313506361957, 0.3168550962409666], [0.29224023546794337, 0.24361824022458622, 0.15946128858512604, 0.3046802357223444]]}, "rewritten": {"ids": ["97106600", "97106820", "97107950", "97108520", "97110950", "97112300", "97113260", "98107340", "98108520", "98110710", "98111231", "98111620", "98111670", "98116940", "98119591", "98121790", "99108890", "99109910", "99111000", "99111620", "99112300", "99112641", "100109330", "100109360", "100109890", "100110260", "100111270", "100120780", "101108460", "101108621", "101109370", "101110150", "101110740", "101111140", "101113210", "101119030", "101121640", "102110240", "102110690", "102113210", "103110840", "104111550", "104111830", "104111990", "104112201", "104112470", "104113000", "104113170", "104113240", "104116800", "105110251", "105113190", "105113210", "105113260", "105113480", "105115380", "105115570", "105118740", "105120280", "106111321", "106112770", "106113260", "106114011", "106114150", "106115120", "106117650", "106117770", "107112850", "107113170", "107113180", "107114140", "107114200", "107114321", "107114490", "107114950", "107115140", "107117010", "107118520", "107120260", "108113620", "108113740", "108114040", "108114270", "108115500", "108115870", "108115880", "108116070", "108118520", "108118810", "108120621", "108121160", "108121410", "109115211", "109117080", "109119340", "109119591", "110113591", "110114321", "110115250", "110115980", "110116441", "110117500", "110118450", "110118630", "110118880", "111116010", "111116040", "111116110", "111117120", "111118810", "111119430", "111119580", "111119610", "111119930", "111121190", "112116401", "112116451", "112116800", "112116850", "112118471", "112118530", "112118820", "112118930", "112119450", "112119930", "112120290", "112120630", "112121010", "113118111", "113118690", "113118870", "113119360", "113119450", "113119700", "113119930", "113120540", "113120830", "113121010", "113121410", "113121750", "113121810", "113122430"], "labels": [3, 1, 2, 2, 3, 2, 1, 0, 2, 2, 1, 3, 1, 2, 1, 2, 0, 2, 2, 3, 0, 1, 0, 0, 3, 3, 2, 1, 0, 0, 1, 1, 3, 2, 3, 3, 2, 3, 0, 3, 1, 1, 3, 2, 0, 1, 1, 3, 2, 1, 0, 3, 3, 3, 0, 1, 0, 1, 3, 0, 1, 3, 1, 1, 1, 1, 0, 1, 0, 3, 2, 2, 0, 3, 3, 0, 1, 2, 1, 3, 3, 0, 3, 3, 3, 3, 1, 0, 1, 1, 2, 0, 0, 1, 3, 0, 0, 1, 1, 1, 3, 1, 0, 1, 0, 1, 0, 3, 2, 0, 3, 3, 2, 1, 1, 0, 0, 0, 0, 1, 1, 0, 1, 3, 1, 1, 3, 2, 1, 3, 0, 0, 3, 0, 1, 3, 3, 2, 0, 0, 2, 2], "predicted_labels": [3, 1, 3, 1, 0, 3, 3, 1, 0, 1, 0, 1, 0, 1, 1, 1, 1, 3, 3, 1, 0, 3, 0, 3, 0, 0, 3, 0, 1, 1, 1, 0, 3, 3, 3, 1, 3, 1, 1, 3, 1, 3, 3, 1, 3, 3, 3, 1, 1, 3, 1, 3, 3, 1, 3, 3, 3, 1, 1, 3, 3, 1, 3, 1, 3, 1, 0, 1, 3, 3, 1, 3, 3, 3, 0, 3, 3, 3, 3, 3, 1, 0, 3, 3, 0, 3, 3, 0, 3, 3, 3, 1, 3, 3, 3, 0, 1, 3, 3, 3, 3, 3, 3, 3, 0, 3, 3, 3, 3, 0, 3, 3, 3, 3, 1, 0, 3, 3, 3, 0, 3, 3, 3, 3, 3, 1, 0, 1, 3, 3, 3, 3, 3, 3, 3, 1, 3, 3, 3, 3, 1, 1], "confidence_scores": [[0.26879138084499343, 0.29436989362912047, 0.11398971184950324, 0.32284901367638286], [0.2513020213980664, 0.30505516575831243, 0.13930476510629222, 0.30433804773732936], [0.22205864831344083, 0.282293141773237, 0.2017537404941946, 0.29389446941912784], [0.27628684118703156, 0.34603828950062976, 0.0915371221611678, 0.28613774715117074], [0.45255255308271625, 0.18381999842682914, 0.1214923727378707, 0.2421350757525838], [0.26625845274834276, 0.2904658167591645, 0.11785772160101658, 0.325418008891476], [0.17654031406748588, 0.28999343334367317, 0.22549777632613396, 0.3079684762627072], [0.21431787880568148, 0.31177907421764056, 0.19531769006505997, 0.27858535691161807], [0.30014849895828105, 0.2710154102591163, 0.14450518574287716, 0.28433090503972597], [0.12650245411603245, 0.3317225386493412, 0.2570885630660982, 0.28468644416852806], [0.31564590887652394, 0.27729426022987497, 0.10789525943229744, 0.2991645714613037], [0.1626413328504925, 0.37254079662269673, 0.13130274010359363, 0.333515130423217], [0.34750317397749103, 0.22437413273998108, 0.1308201848140833, 0.2973025084684444], [0.18965154653259897, 0.3594278273442251, 0.1338110871187248, 0.3171095390044512], [0.1978570995778355, 0.3415577488052244, 0.15098554702990255, 0.3095996045870378], [0.26525331654950224, 0.2884274709590252, 0.1581327526393011, 0.28818645985217145], [0.18337973334858096, 0.3241225307807213, 0.18885202618592656, 0.30364570968477106], [0.1976151254848812, 0.28377049118345715, 0.22476972590276623, 0.2938446574288955], [0.15215545052611545, 0.35038879500966863, 0.16434742915184114, 0.33310832531237483], [0.19032172854471463, 0.3223239890205256, 0.21338425275697429, 0.2739700296777853], [0.3538361606573352, 0.22520550948264192, 0.12867759484751062, 0.2922807350125121], [0.25018754747614796, 0.3063089668010242, 0.12073412075624826, 0.32276936496657965], [0.35257503888609604, 0.24512092843684316, 0.10379479368940292, 0.29850923898765824], [0.29555892024832275, 0.2377200065079147, 0.15555833234323632, 0.3111627409005262], [0.33354344157468263, 0.26400366231508937, 0.09384019964927062, 0.3086126964609574], [0.3917290465813187, 0.1898145526382353, 0.12665262027134702, 0.29180378050909933], [0.15857638141656274, 0.33601836794782874, 0.1690869739077503, 0.3363182767278582], [0.30678212208109007, 0.2755129715623965, 0.11427626704527882, 0.3034286393112348], [0.24429608427859578, 0.3192587641009047, 0.1261823068890321, 0.3102628447314673], [0.2137643863867055, 0.33966770180533007, 0.12459516844838893, 0.32197274335957526], [0.1719446512737899, 0.30903818933602484, 0.2397207336265965, 0.2792964257635887], [0.3325236610464717, 0.26156139443603454, 0.09279449810222246, 0.3131204464152716], [0.17566771601109923, 0.31878125423989734, 0.19704558262734648, 0.3085054471216567], [0.27037345454025796, 0.28991448103657524, 0.1274214299198534, 0.3122906345033137], [0.2787381627777143, 0.2823727333181177, 0.1265316383908699, 0.31235746551329807], [0.22724708525119736, 0.34154974165231433, 0.13361586104693654, 0.2975873120495518], [0.18875696972814668, 0.31660564328091045, 0.18103495149212262, 0.3136024354988204], [0.2590000149160783, 0.3255192805346316, 0.10075573929579722, 0.3147249652534924], [0.26653085936590554, 0.3292424422900995, 0.08381502516138009, 0.320411673182615], [0.26576010842503045, 0.3132739481188185, 0.09092312793666134, 0.33004281551948966], [0.1858132859459892, 0.3458170158700341, 0.14600024808922324, 0.3223694500947537], [0.24438236794631288, 0.304687918661431, 0.14595526165864914, 0.30497445173360704], [0.17987913459735247, 0.35254450847095664, 0.11890016608997359, 0.34867619084171697], [0.2031112416416425, 0.33170466975855367, 0.16034625643710068, 0.3048378321627031], [0.27564191847961844, 0.2937912507486325, 0.09333347558429464, 0.3372333551874544], [0.27047161564376027, 0.2815709069721813, 0.14534783065668347, 0.30260964672737506], [0.28905390386516117, 0.25424710943429557, 0.11054716699889883, 0.3461518197016442], [0.2725465986290418, 0.30263389544864217, 0.10945596886826688, 0.31536353705404935], [0.1477785784686741, 0.3733819914865363, 0.16237678684504422, 0.3164626431997453], [0.2119825013966323, 0.341420117102475, 0.09349875283720532, 0.35309862866368724], [0.2591421976868213, 0.31685858346416523, 0.1279385327225755, 0.29606068612643793], [0.30266819232329284, 0.23538344600892344, 0.17326275980146247, 0.2886856018663217], [0.3288360195161042, 0.25180567691643413, 0.08053234890911969, 0.33882595465834187], [0.29012103556955676, 0.3005367276445511, 0.11684484569087232, 0.2924973910950198], [0.2575358359112764, 0.267753409263235, 0.13166534595634297, 0.34304540886914564], [0.1587780033573607, 0.3470094690885438, 0.17275252471086505, 0.3214600028432306], [0.16389005254328656, 0.3234872604901942, 0.20561420856160134, 0.30700847840491813], [0.28621665796915335, 0.2894933410245129, 0.12123592213785926, 0.30305407886847446], [0.24251532681705695, 0.3263852091640419, 0.15026183978512297, 0.28083762423377817], [0.2205846351430677, 0.3269000392474537, 0.08688200268021401, 0.3656333229292648], [0.24505944715678143, 0.27440920275858605, 0.20139165518848087, 0.27913969489615154], [0.1906722470909779, 0.34500220329512965, 0.1596734749746355, 0.3046520746392569], [0.19644981526021213, 0.34340244480415105, 0.12334021046700865, 0.336807529468628], [0.24529227620884395, 0.30288620974626, 0.14970337642748163, 0.3021181376174143], [0.26796597030505986, 0.29451004500691347, 0.11982878117550866, 0.3176952035125178], [0.20109836287600116, 0.2942689334413214, 0.25921938883823437, 0.24541331484444337], [0.29449196264459343, 0.2603895722494226, 0.16564640699703967, 0.2794720581089444], [0.22825632727148873, 0.33246726864980364, 0.1343690696309155, 0.30490733444779217], [0.24393902389913585, 0.2882316738747924, 0.16504890908659356, 0.3027803931394777], [0.2184276541987994, 0.3129731193172785, 0.14543478822675565, 0.32316443825716623], [0.17745016696696003, 0.31698865023671363, 0.21613717565415935, 0.2894240071421672], [0.20504408729693946, 0.35063590817333906, 0.10291193586532213, 0.3414080686643994], [0.3039141888576439, 0.28202388137580064, 0.08044277648262288, 0.3336191532839327], [0.1844320202514399, 0.31576554922877115, 0.18106587893729667, 0.3187365515824923], [0.28966536205879795, 0.2352535115306348, 0.233167528056647, 0.24191359835392032], [0.3533533599230003, 0.2075050155188787, 0.09999323240565201, 0.3391483921524686], [0.16173198950174508, 0.3262006219941911, 0.2009363683713363, 0.3111310201327275], [0.22858671313330955, 0.28764824712187104, 0.17426364340578768, 0.30950139633903195], [0.23342069892831233, 0.3135546396254765, 0.10489406635325747, 0.34813059509295374], [0.2644887727609653, 0.28752831668590856, 0.10190537775960759, 0.3460775327935185], [0.23561139872709053, 0.3166971880001004, 0.1485121100537829, 0.2991793032190263], [0.36765612989051544, 0.22374159719954653, 0.10930168691249045, 0.2993005859974476], [0.2833975714017657, 0.3159581088206507, 0.07283023201417843, 0.3278140877634049], [0.2289506234407838, 0.2641421012072949, 0.20547977035294, 0.3014275049989817], [0.3151806572458223, 0.25801559153719245, 0.12453440333776705, 0.30226934787921844], [0.3105668420179617, 0.24987396126672756, 0.09692032661314563, 0.342638870102165], [0.24231512193319052, 0.2928289895819158, 0.15307681652002536, 0.31177907196486826], [0.29799899243261563, 0.26102266515937356, 0.17320328338840527, 0.2677750590196057], [0.19207355315987112, 0.3278899749822993, 0.14142557999822902, 0.3386108918596004], [0.2902811052800234, 0.27848076102692637, 0.11814064968171693, 0.3130974840113329], [0.2598726589679332, 0.28178729534595653, 0.11864134866763873, 0.33969869701847144], [0.1779496968689952, 0.37586351687018393, 0.10399519097732404, 0.342191595283497], [0.2293180778748498, 0.329151722628074, 0.0915739345665539, 0.349956264930522], [0.14176935059708357, 0.3464879426216824, 0.1896569175741498, 0.32208578920708436], [0.23649674718096567, 0.32466661848875955, 0.0798141919395059, 0.35902244239076886], [0.31713345891577266, 0.27797175420202075, 0.10725938090350132, 0.2976354059787053], [0.26784287245428046, 0.30190517637231434, 0.11671772095755652, 0.3135342302158488], [0.23463184650335545, 0.3394374797861868, 0.06759682545157988, 0.3583338482588776], [0.2117024867104398, 0.34458797592226353, 0.09161199458264624, 0.3520975427846503], [0.3060526705594643, 0.26107818643718933, 0.11734818124697104, 0.31552096175637534], [0.22716954852280555, 0.33705317069986995, 0.10504612344390203, 0.3307311573334227], [0.2755141091649096, 0.3138005172872035, 0.07011827941592716, 0.34056709413195985], [0.25104816128417573, 0.2743889929098338, 0.18902682200583085, 0.28553602380015947], [0.21294410934589938, 0.32732421484621066, 0.1317356680701959, 0.3279960077376939], [0.3416732704619059, 0.28194767636808715, 0.04705842358397434, 0.3293206295860327], [0.24846296793419945, 0.29754604860047296, 0.11601689955386978, 0.33797408391145767], [0.2518621173927103, 0.308077057281427, 0.11649476440137263, 0.32356606092449014], [0.2714033011863502, 0.2748873435849068, 0.13152477868692986, 0.3221845765418133], [0.21596826388300808, 0.30080486878312684, 0.1746906362827615, 0.30853623105110317], [0.3550974051177705, 0.23261081221218974, 0.11800537256903632, 0.29428641010100354], [0.18925406679055198, 0.3481140011551692, 0.11986665887952708, 0.34276527317475153], [0.29499338914003687, 0.2371542737219226, 0.15572743543099332, 0.3121249017070472], [0.2166303287370259, 0.29581305622644594, 0.15334559247989613, 0.334211022556632], [0.24856405477541743, 0.2831223284150808, 0.167694303389287, 0.30061931342021475], [0.23023096474715254, 0.3097345812847982, 0.1657022064890144, 0.29433224747903497], [0.3865083970929578, 0.1925986162208702, 0.12136793932171289, 0.2995250473644592], [0.3253361377408973, 0.2671202006096892, 0.09232824167258523, 0.3152154199768282], [0.21821046731922417, 0.33609085449448456, 0.12002929523379578, 0.32566938295249515], [0.2853826893768893, 0.26096638405738865, 0.12396430744602094, 0.3296866191197013], [0.28764834636196107, 0.25517772773726277, 0.18415084361431455, 0.27302308228646144], [0.15930925827191827, 0.33884105647960655, 0.17689979012661455, 0.32494989512186084], [0.3109322132474172, 0.28668678371285616, 0.08202617430916595, 0.3203548287305604], [0.2001954778359966, 0.3509249344888671, 0.11289511933219942, 0.3359844683429368], [0.3196837113043052, 0.23032485556439575, 0.1484780379880291, 0.30151339514326997], [0.23940515666282536, 0.2692300353258785, 0.2053415410465942, 0.2860232669647019], [0.23144139436014122, 0.3346160466751299, 0.11371469424354161, 0.3202278647211875], [0.3945406386159961, 0.21385975680868743, 0.06699010948903723, 0.3246094950862791], [0.18861116896759111, 0.3591931844762063, 0.1240484995698131, 0.32814714698638925], [0.26092627949540054, 0.3038307916991412, 0.07435210861965014, 0.3608908201858083], [0.206336443073157, 0.3185931037474098, 0.1720423836320666, 0.30302806954736633], [0.24883830693855785, 0.31251437810961613, 0.09873613580412342, 0.33991117914770236], [0.27941615590798025, 0.29988875303262924, 0.06251546376710847, 0.358179627292282], [0.2829850579116443, 0.29174051301863274, 0.10515635922097365, 0.32011806984874913], [0.28237005835734846, 0.315641821681925, 0.06997322264343867, 0.3320148973172876], [0.2710117879548275, 0.2999920598132534, 0.1064374640091125, 0.3225586882228067], [0.2239095057752138, 0.32782315757890956, 0.14205817006715135, 0.3062091665787255], [0.23442592826527772, 0.31406803042123926, 0.1345478609666981, 0.3169581803467851], [0.21871706456707113, 0.3154473399218878, 0.12726491158514838, 0.3385706839258926], [0.3321043543479333, 0.27664910045582264, 0.03948309624376532, 0.3517634489524788], [0.31957600267141306, 0.2924352469830861, 0.04982549857815754, 0.33816325176734313], [0.24472615227317382, 0.3100474708459747, 0.1742075556693076, 0.2710188212115441], [0.1987618789059256, 0.32570630909221376, 0.1848305934808591, 0.2907012185210017]]}}