{"test": {"ids": ["113117630", "99111000", "97107260", "97107040", "109117600", "109119450", "104119340", "111116990", "107115140", "105112100", "100120780", "112118471", "112118890", "101112690", "111116411", "102110240", "110114561", "111119610", "110118740", "112120290", "106116640", "108117610", "113121010", "99109161", "110121720", "110114321", "112117571", "99112840", "113120531", "98117740", "112119580", "110115580", "106111321", "109116040", "102118380", "110118111", "104114740", "100109000", "100115700", "101112540", "97111790", "101114990", "100109890", "108121410", "100111270", "107116501", "102109010", "108120621", "110118301", "111119430", "105112130", "101110200", "104111880", "106120290", "111119300", "108115970", "107113200", "103113270", "107119950", "103113210", "102110890", "106120640", "105110251", "107114490", "101112160", "112117461", "100111390", "100107920", "108116501", "99108080", "100109360", "107119390", "99116500", "104113000", "103120340", "110114920", "99111930", "112119320", "108116120", "111115910", "105115250", "99107300", "113118820", "112119500", "111117480", "112120270", "112120670", "99110730", "110118450", "112121351", "111114171", "103117200", "105117431", "113119480", "97109080", "100109980", "107113550", "98112300", "101110740", "110117500", "109120540", "99107660", "113120070", "105113480", "112116900", "109114651", "101112201", "113118630", "105116650", "112119950", "101108580", "106114280", "112121010", "109121410", "99107560", "110118630", "99107630", "104113170", "107121640", "112117580", "110116300", "111121220", "113118810", "107117010", "105114220", "105121370", "111116640", "106112770", "101109000", "107112850", "111117000", "109115070", "108119510", "99121440", "111118820", "111119250", "106119580", "106113830", "99108580", "113122120", "101111990", "98108370"], "labels": [0, 2, 2, 2, 1, 3, 1, 0, 0, 1, 1, 1, 3, 1, 0, 3, 0, 2, 3, 1, 3, 3, 2, 3, 3, 1, 3, 2, 0, 2, 3, 1, 0, 0, 1, 1, 2, 1, 1, 2, 2, 3, 3, 0, 2, 1, 1, 1, 1, 3, 1, 2, 3, 2, 1, 2, 0, 2, 3, 3, 0, 3, 0, 3, 3, 0, 2, 0, 0, 3, 0, 2, 2, 1, 1, 3, 1, 1, 1, 2, 2, 3, 0, 2, 1, 0, 2, 3, 0, 0, 3, 0, 1, 3, 2, 1, 0, 2, 3, 1, 1, 3, 2, 0, 3, 3, 0, 3, 1, 0, 0, 3, 2, 0, 1, 1, 2, 3, 1, 0, 3, 3, 3, 1, 3, 2, 0, 1, 1, 1, 0, 0, 1, 2, 0, 1, 3, 1, 0, 1, 2, 1], "predicted_labels": [1, 2, 2, 3, 1, 3, 3, 3, 3, 3, 3, 0, 0, 1, 3, 2, 1, 2, 3, 1, 3, 3, 1, 0, 1, 0, 3, 3, 0, 2, 3, 2, 0, 3, 2, 1, 3, 3, 3, 2, 3, 2, 2, 1, 2, 0, 3, 0, 1, 2, 1, 1, 3, 2, 3, 3, 3, 2, 1, 2, 2, 1, 3, 2, 2, 0, 1, 3, 0, 0, 3, 0, 2, 0, 3, 1, 1, 1, 0, 2, 3, 1, 2, 1, 0, 1, 2, 3, 2, 0, 0, 0, 2, 0, 1, 0, 3, 3, 2, 1, 1, 0, 2, 2, 0, 1, 3, 3, 2, 0, 3, 0, 0, 3, 0, 3, 2, 2, 0, 3, 2, 0, 3, 2, 0, 2, 1, 2, 3, 3, 3, 1, 2, 1, 3, 3, 1, 3, 1, 1, 2, 3], "confidence_scores": [[0.004678698532110618, 0.9862064013310597, 0.0064923186746246725, 0.00262258146220479], [6.175226205617681e-05, 0.1408392077422738, 0.679215569079954, 0.17988347091571621], [1.9032147109853664e-06, 0.00011961096021541437, 0.9989709108787349, 0.0009075749463388698], [0.00017611080168947218, 8.479078625652331e-05, 0.1683773755245244, 0.8313617228875296], [0.18959226182515565, 0.7063278986895873, 0.012973473248720918, 0.09110636623653602], [2.1970551852757716e-05, 6.989839711863304e-05, 0.00046767868305878647, 0.9994404523679699], [0.0391100506688064, 0.00017979318277594827, 0.030868429225210027, 0.9298417269232077], [0.08001161702727601, 0.023744283462906794, 0.10933576006178483, 0.7869083394480325], [8.169282095852505e-06, 1.3313882080890621e-07, 0.00015660965576254262, 0.9998350879233209], [1.4134108309934803e-05, 0.006011353733248407, 0.0011390833322973048, 0.9928354288261443], [0.003944451562744788, 0.0002654638408529124, 0.026964545581312015, 0.9688255390150903], [0.46257731436006505, 0.38754697413468026, 0.14942352686621327, 0.000452184639041466], [0.9842560511229868, 0.005683279237411937, 6.794292418564262e-07, 0.010059990210359585], [2.530194813606355e-06, 0.9436266274628246, 0.056131026836655294, 0.00023981550570663064], [0.003607651528998435, 0.00010427041903275445, 3.1589585691729013e-09, 0.9962880748930103], [0.003119927970068805, 0.0005568368725476033, 0.9797930838222616, 0.016530151335121958], [0.0019067732009670805, 0.9892253848517514, 0.008866096028748343, 1.7459185331018075e-06], [0.0022434246095124457, 0.002708364392372311, 0.9950151315075737, 3.307949054164775e-05], [0.00045833769059129624, 6.861994722930785e-05, 0.0012774707633389797, 0.9981955715988405], [0.005620536991919684, 0.6737473888186549, 0.3139587478455525, 0.006673326343872822], [0.00015219716864914515, 3.777138689066637e-09, 0.0006061779480306291, 0.9992416211061814], [0.3597727378794725, 0.004359129674642985, 0.00035607291485282216, 0.6355120595310317], [0.011028210384330326, 0.9481452178240423, 0.018023348142892682, 0.022803223648734727], [0.9999973064401875, 4.398812782089e-08, 2.511811509524682e-06, 1.3776017522795357e-07], [0.4310390580714463, 0.4747716684518491, 0.08773911477815931, 0.006450158698545156], [0.6242372333354499, 0.37499718402161497, 3.1697519638299856e-05, 0.0007338851232969328], [0.1770815564513544, 0.0027179855660108758, 7.299205342081093e-05, 0.8201274659292139], [0.0018281658796147021, 0.49070373359418135, 0.00022203194048765577, 0.5072460685857163], [0.9302491581356568, 0.0010883745182978684, 0.026958848658876475, 0.04170361868716894], [0.00012710600725580906, 0.24618048040317864, 0.5398508445167572, 0.21384156907280838], [0.003914776299101532, 0.018461733996198906, 0.0075535774361116205, 0.9700699122685879], [0.036115842935993854, 0.09560951057592536, 0.5802789124945398, 0.2879957339935411], [0.7999004684552397, 0.18925287935332202, 0.0003219960704032736, 0.010524656121035153], [0.22099606411976616, 0.01337241182406262, 0.02686111030207891, 0.7387704137540924], [4.479723616131309e-05, 0.014260084777110377, 0.6339003924982461, 0.3517947254884821], [0.12539319918566968, 0.8745870924557995, 1.9477988765793065e-05, 2.3036976530504167e-07], [0.02010458102016032, 5.342296878909159e-05, 0.0077269609295150905, 0.9721150350815355], [0.37240326973965876, 0.22151760379919103, 0.0003451657466145786, 0.4057339607145356], [0.00014966367482365862, 0.0038436497689058498, 0.007573785017396441, 0.9884329015388742], [0.00623157021745029, 0.169130517389779, 0.5890322949124533, 0.2356056174803173], [0.0017641043918334813, 7.070843045297056e-05, 0.005368668711596923, 0.9927965184661166], [2.6335956437044504e-05, 0.3787935392120684, 0.5848167658238261, 0.03636335900766847], [0.3703406201168753, 0.07660385106705127, 0.5479592510978456, 0.005096277718227842], [0.22098097093544766, 0.7513200433110457, 0.0012958609515505144, 0.02640312480195609], [7.232273933652335e-07, 0.0007358039353799882, 0.9992148275661639, 4.8645271062828324e-05], [0.902931579520477, 0.015047523219766492, 0.00013201969214266971, 0.08188887756761372], [0.031163485275642534, 0.06890203506180308, 0.42082998609720074, 0.4791044935653535], [0.7926565651542397, 0.09437277743444028, 0.08983409930161176, 0.023136558109708272], [0.00018097648120352007, 0.9998148947276204, 1.2850868630747914e-06, 2.8437043130925793e-06], [4.561386874393288e-07, 2.7916492561298903e-05, 0.9981641580620667, 0.0018074693066843827], [6.104801378824213e-05, 0.9994942899980217, 0.0001071929942492286, 0.0003374689939406984], [3.9907811060917225e-06, 0.999992228293342, 3.649465238100587e-06, 1.314603139980121e-07], [0.0004650303774418459, 0.003609838995111081, 0.012532055610973945, 0.9833930750164731], [9.506906907551552e-05, 0.0021645972708642216, 0.9974342955387171, 0.00030603812134326997], [3.090542746599799e-06, 0.003263560436881432, 0.0012741619984666778, 0.9954591870219052], [1.3770066970671017e-06, 2.109021652342289e-06, 6.30213165025388e-07, 0.9999958837584857], [0.006331747247727933, 2.4659752589109514e-07, 0.0002807941809956968, 0.9933872119737506], [5.815160355137118e-06, 0.00029848612092670424, 0.9914374004753568, 0.008258298243361512], [0.07799244490092269, 0.8919231850073227, 0.029435390170505133, 0.0006489799212496224], [0.008476491541969321, 0.025221027618691817, 0.9557495310111115, 0.010552949828227425], [0.10514158693229056, 0.00022364242984645612, 0.6041371093455913, 0.2904976612922716], [0.0020765069474458844, 0.975993847442544, 0.02192140729510631, 8.23831490354274e-06], [3.981240331158405e-05, 0.00441928944711691, 3.501680293516507e-05, 0.9955058813466362], [0.00024512712575238657, 0.01721382255995855, 0.9468841021253449, 0.035656948188944104], [0.0020956570868737377, 0.00010050146271241745, 0.9967325657214097, 0.0010712757290042105], [0.9977982161204513, 0.0005619656585470443, 4.54570708970531e-05, 0.0015943611501046979], [0.0069472896296305245, 0.9925269891816327, 0.00019664597042854287, 0.0003290752183084371], [0.16248608755568272, 0.00016510578338899901, 0.009141101512130632, 0.8282077051487976], [0.6143640815632955, 0.03219317126226785, 0.29979798532326934, 0.05364476185116722], [0.7901778507077196, 0.01848004967552143, 0.00028102153448548674, 0.1910610780822734], [0.0015687213162765327, 0.00028671907242811, 0.0010862405536629712, 0.9970583190576324], [0.5797167993735691, 0.029599483839971786, 0.3545423802803537, 0.036141336506105515], [8.940226447208103e-08, 0.05563559351751517, 0.9090266625313687, 0.03533765454885181], [0.5906018093136679, 0.0003030867237260965, 0.3804819849935624, 0.028613118969043574], [0.0012141821480277932, 0.00040643451691032293, 0.06864492052941684, 0.9297344628056451], [0.18173585029088987, 0.8099127360173342, 0.004465075233446746, 0.0038863384583292747], [0.00029441722014627935, 0.9807326347936588, 0.017828340332618573, 0.0011446076535765114], [8.318605937596813e-06, 0.6930518936794952, 0.28863350037209057, 0.01830628734247655], [0.9789815343943922, 0.0022424721903469614, 0.00967807938444043, 0.009097914030820416], [0.022844587817368693, 0.06621657592232877, 0.8258734985929136, 0.08506533766738898], [0.08854891242894622, 0.07891347330810172, 0.009113291557282445, 0.8234243227056697], [0.1211402295017688, 0.8788561844085747, 1.3448008561713713e-07, 3.451609570906801e-06], [0.22401109008737, 0.08013779345919465, 0.6934801292456385, 0.002370987207796778], [3.5629125696178957e-06, 0.9932648023603338, 0.006639920284368246, 9.171444272844563e-05], [0.5400248011725067, 0.006039031220272228, 0.4480651233121471, 0.005871044295073954], [0.0011943844147212094, 0.5559296190401236, 0.31883966993406726, 0.12403632661108786], [0.005336418553572881, 0.12531773677104951, 0.8693415482936377, 4.296381739870778e-06], [0.1892538852114486, 1.813998548668909e-05, 0.1699740764986528, 0.6407538983044119], [0.001545602323000754, 0.03328519358891021, 0.9646535300264963, 0.0005156740615925883], [0.9774545913281166, 7.486599747815588e-05, 7.462285675213815e-07, 0.02246979644583788], [0.9935433706829828, 4.936474166822675e-07, 9.32818382713235e-10, 0.006456134736782316], [0.9452074977942081, 0.002736435259396637, 0.0004264399625330675, 0.051629626983862205], [0.00028893774008284507, 0.3682239453896639, 0.5786243449605111, 0.052862771909742104], [0.9999774696720457, 6.619551419839407e-06, 5.059416869677762e-07, 1.5404834847479867e-05], [1.8800983312806781e-06, 0.9991427690654527, 6.617730297449124e-06, 0.0008487331059186079], [0.8504959979264348, 0.0008389149715233993, 0.0007141802694304694, 0.14795090683261125], [0.12377835305137365, 0.0014938085379742952, 0.18646869962686644, 0.6882591387837856], [0.000122453066738842, 0.00023677164919241352, 0.36632469251608774, 0.633316082767981], [4.842617159801178e-05, 0.012070457261618569, 0.9876460638950334, 0.0002350526717500455], [0.022499741493511034, 0.9774036657848072, 2.3400804914246176e-05, 7.319191676747637e-05], [0.0029516477665462973, 0.9028239272346599, 0.07202066243221741, 0.022203762566576364], [0.993598744904633, 5.5822976185991974e-05, 0.0025819368763883932, 0.0037634952427928925], [0.0005794396607414117, 0.0014550642892102092, 0.997163793934063, 0.000801702115985354], [0.0013387585422238767, 0.10719444163012042, 0.8783511814852402, 0.013115618342415505], [0.9449545044363264, 0.00044892739764379523, 2.3893579769573136e-06, 0.05459417880805276], [0.11084219404873914, 0.8724181986660544, 0.00023899003272354405, 0.01650061725248299], [0.026068525916942434, 0.07305845820785692, 0.0012402415604479532, 0.8996327743147526], [0.0215281809028729, 0.0021860693574576764, 0.0036290249259351794, 0.9726567248137343], [2.4602949530924312e-05, 0.0032389945128375067, 0.9961243988703827, 0.000612003667248829], [0.9983937960740457, 0.0014142300674868664, 5.2700559178614186e-05, 0.00013927329928887405], [0.15516071208095852, 0.00011345522205704679, 0.12573203596285742, 0.718993796734127], [0.9317225887154206, 0.0488419053125401, 0.0012254657005295222, 0.018210040271509697], [0.6192340533366493, 0.2886371513408585, 0.0006496567273168151, 0.09147913859517552], [0.013926571476613931, 5.18734693772972e-05, 3.374072551735068e-05, 0.9859878143284915], [0.9926346291803567, 0.0018810509540185798, 0.00036127795155745736, 0.005123041914067198], [6.317658768097624e-05, 0.059050992634409626, 0.0006651872026303396, 0.940220643575279], [0.034194681629166564, 0.003168153224201442, 0.49570244063059204, 0.46693472451603996], [0.0003110813871152464, 0.4140729160860653, 0.4153723921143246, 0.17024361041249492], [0.804450559905176, 0.004542855239459424, 0.17881380694298252, 0.012192777912381962], [0.0005174271057160601, 6.409141412461671e-07, 0.001539001042510619, 0.9979429309376321], [0.0868957087718446, 0.33257618664199357, 0.538845712737041, 0.041682391849120946], [0.9767779481608887, 0.023154667314100354, 3.796802500867463e-05, 2.9416500002132977e-05], [0.0004894148232038353, 1.299362366080861e-05, 6.287907602717043e-05, 0.9994347124771082], [1.0574965868762472e-05, 0.0004282058565457862, 0.9980285681978578, 0.0015326509797274853], [0.9964786771943644, 0.0017372600137715137, 6.377498519854211e-07, 0.0017834250420120914], [0.000994389040146102, 0.2368544398009218, 0.7607274585932942, 0.0014237125656378167], [0.2375996740591547, 0.6640705286166301, 0.09829987335625973, 2.992396795559474e-05], [9.543993987363172e-08, 0.1160767024830216, 0.7481693564371519, 0.13575384563988677], [0.003079932035718526, 0.04078381857601819, 0.2673828280214607, 0.6887534213668026], [0.0006876418621398622, 0.04570642603420214, 0.004388447949520903, 0.949217484154137], [0.0005213874117948781, 5.786940561755752e-06, 0.0003258627842275782, 0.9991469628634158], [0.00014648138963130396, 0.9901038244829794, 0.00023962591244421912, 0.009510068214945055], [2.464504039464349e-05, 1.119045142216531e-05, 0.9997295050902145, 0.00023465941796881114], [5.954856585798797e-07, 0.999627079941759, 0.0003286871902635095, 4.363738231890048e-05], [0.23900599870090258, 0.00011919532053911028, 7.505071835284544e-05, 0.7607997552602055], [1.802614645728672e-06, 0.03828387971576458, 0.02209358398076424, 0.9396207336888255], [0.009811734946526764, 0.837528067797695, 0.1321691467528738, 0.020491050502904416], [0.14107424768622243, 0.00292358551244641, 0.0004325502267085957, 0.8555696165746226], [0.12913136143788367, 0.4335717132703124, 0.3611058534081513, 0.07619107188365264], [0.015614379241412244, 0.9811705193817992, 0.003080939752108952, 0.00013416162467960732], [0.04775333203671242, 1.7975288861447003e-05, 0.9339652101979261, 0.018263482476499896], [0.00016333697317824083, 0.008447017747554126, 0.26433956496600586, 0.7270500803132618]]}, "rewritten": {"ids": ["97107040", "97107260", "97109080", "97111790", "98108370", "98112300", "98117740", "99107300", "99107560", "99107630", "99107660", "99108080", "99108580", "99109161", "99110730", "99111000", "99111930", "99112840", "99116500", "99121440", "100107920", "100109000", "100109360", "100109890", "100109980", "100111270", "100111390", "100115700", "100120780", "101108580", "101109000", "101110200", "101110740", "101111990", "101112160", "101112201", "101112540", "101112690", "101114990", "102109010", "102110240", "102110890", "102118380", "103113210", "103113270", "103117200", "103120340", "104111880", "104113000", "104113170", "104114740", "104119340", "105110251", "105112100", "105112130", "105113480", "105114220", "105115250", "105116650", "105117431", "105121370", "106111321", "106112770", "106113830", "106114280", "106116640", "106119580", "106120290", "106120640", "107112850", "107113200", "107113550", "107114490", "107115140", "107116501", "107117010", "107119390", "107119950", "107121640", "108115970", "108116120", "108116501", "108117610", "108119510", "108120621", "108121410", "109114651", "109115070", "109116040", "109117600", "109119450", "109120540", "109121410", "110114321", "110114561", "110114920", "110115580", "110116300", "110117500", "110118111", "110118301", "110118450", "110118630", "110118740", "110121720", "111114171", "111115910", "111116411", "111116640", "111116990", "111117000", "111117480", "111118820", "111119250", "111119300", "111119430", "111119610", "111121220", "112116900", "112117461", "112117571", "112117580", "112118471", "112118890", "112119320", "112119500", "112119580", "112119950", "112120270", "112120290", "112120670", "112121010", "112121351", "113117630", "113118630", "113118810", "113118820", "113119480", "113120070", "113120531", "113121010", "113122120"], "labels": [2, 2, 2, 2, 1, 2, 2, 3, 1, 2, 3, 3, 0, 3, 3, 2, 1, 2, 2, 2, 0, 1, 0, 3, 1, 2, 2, 1, 1, 0, 1, 2, 3, 2, 3, 0, 2, 1, 3, 1, 3, 0, 1, 3, 2, 0, 1, 3, 1, 3, 2, 1, 0, 1, 1, 0, 3, 2, 1, 1, 2, 0, 1, 1, 3, 3, 3, 2, 3, 1, 0, 0, 3, 0, 1, 1, 2, 3, 1, 2, 1, 0, 3, 1, 1, 0, 3, 0, 0, 1, 3, 1, 0, 1, 0, 3, 1, 3, 1, 1, 1, 0, 1, 3, 3, 3, 2, 0, 0, 0, 0, 1, 0, 1, 1, 3, 2, 3, 3, 0, 3, 0, 1, 3, 1, 2, 3, 0, 0, 1, 2, 2, 0, 0, 3, 3, 0, 3, 2, 0, 2, 1], "predicted_labels": [3, 2, 1, 3, 2, 3, 2, 1, 0, 3, 0, 0, 2, 0, 3, 2, 1, 3, 2, 1, 3, 0, 3, 2, 3, 2, 3, 3, 3, 3, 3, 1, 2, 2, 2, 1, 1, 1, 1, 0, 2, 3, 2, 2, 2, 0, 3, 3, 0, 2, 3, 3, 1, 3, 1, 1, 0, 0, 2, 2, 2, 0, 2, 3, 0, 3, 1, 2, 1, 3, 3, 3, 2, 3, 0, 3, 2, 1, 0, 3, 0, 0, 3, 2, 0, 1, 1, 1, 3, 1, 3, 3, 3, 0, 1, 1, 0, 1, 1, 1, 1, 2, 1, 3, 0, 0, 2, 3, 1, 2, 3, 0, 3, 3, 3, 2, 2, 0, 0, 0, 3, 3, 1, 3, 1, 1, 3, 0, 3, 2, 2, 0, 0, 1, 1, 3, 2, 0, 2, 3, 1, 1], "confidence_scores": [[2.909654757755941e-05, 7.928927691907864e-06, 0.01772480762295592, 0.9822381669017747], [4.8027875189286105e-06, 1.0911945960089077e-05, 0.9996995931221574, 0.00028469214436367674], [4.959011976864253e-07, 0.9998692908334746, 2.9387861999416797e-06, 0.00012727447912775215], [0.008581439672425414, 8.177985382907414e-05, 0.0012514467098323763, 0.9900853337639132], [8.444768572962402e-05, 0.00746665457925476, 0.96757074857461, 0.02487814916040571], [0.005525421325024727, 0.00031044245914861346, 0.06965226053936356, 0.9245118756764631], [0.006953532169057146, 0.20819765155830713, 0.5193866285438823, 0.2654621877287534], [0.41761501999257833, 0.5823799804484764, 3.217986710282858e-06, 1.7815722348712383e-06], [0.986817506772559, 0.008879013730800805, 0.0002727022914272916, 0.004030777205213023], [0.19920282328778677, 0.0020102596276949545, 0.35401242881500045, 0.4447744882695179], [0.9945578836723472, 0.005186146753055784, 4.545640096253495e-06, 0.00025142393450076374], [0.9848061709204992, 0.013692594039884062, 5.06425933957742e-05, 0.001450592446220912], [0.22531747929129237, 0.15224975197882976, 0.6149164514490062, 0.007516317280871778], [0.9998724598475368, 6.812208857032672e-06, 0.00011826439360677386, 2.463549999475989e-06], [0.011913222275179203, 1.9606099427935887e-06, 0.45338866827956714, 0.5346961488353109], [0.00013104045308480033, 0.1439673829252303, 0.8034720865274457, 0.0524294900942392], [0.08945654989528602, 0.8333904540724635, 0.058650012559592915, 0.018502983472657428], [0.001968304121555229, 0.44951644285740827, 0.0001594612418576315, 0.5483557917791789], [1.1141061215478433e-06, 0.0762592097669582, 0.7501651812899994, 0.1735744948369208], [3.364892814914629e-06, 0.9924600819155148, 0.007511886269913635, 2.4666921756927283e-05], [0.05537711800535577, 0.00022885373449340108, 0.00018954922152671598, 0.9442044790386243], [0.7252074656308329, 0.07532226043818377, 7.717502643852581e-05, 0.1993930989045449], [7.834246704009712e-05, 0.0009224551438191203, 0.000828515559199134, 0.9981706868299417], [0.2971242858791204, 0.03886290833790207, 0.5917935777562173, 0.07221922802676023], [0.010291226417017048, 0.05961804440017042, 0.006495400274250077, 0.9235953289085623], [2.696384401783651e-05, 0.008492524690381167, 0.9900154476146766, 0.0014650638509242939], [0.0005554663082263198, 0.05521187859492753, 0.0027257826652370885, 0.9415068724316091], [5.3670840827961384e-06, 0.0016725348042187051, 0.0012138376453440557, 0.9971082604663546], [0.0013920244505251362, 2.6530829714065837e-05, 0.014142701754323262, 0.9844387429654375], [0.14487378306316714, 5.346384665302942e-05, 0.17621849346569582, 0.6788542596244839], [0.015752545538444435, 0.003924591164465333, 0.25628387695982674, 0.7240389863372636], [4.1429085702658945e-08, 0.9999989212646542, 1.0240690409772666e-06, 1.3237219264259695e-08], [2.3884159616861023e-06, 0.0006152866881305171, 0.9993664102351434, 1.591466076452397e-05], [0.18935681959074177, 7.762143268404744e-05, 0.629399485975689, 0.18116607300088522], [0.0040962659574450225, 0.0001415485235324799, 0.9951896144410182, 0.0005725710780043847], [0.00755388900597279, 0.9038808241735646, 2.3029489405266675e-05, 0.08854225733105744], [0.0005893606200020398, 0.884686905744553, 0.08158194888909519, 0.03314178474634986], [2.530885418864564e-06, 0.9771340874750671, 0.022344761292507852, 0.0005186203470061806], [1.5049430532310196e-05, 0.7577199596226681, 0.1631428660718114, 0.07912212487498824], [0.7167649673761751, 0.18742649087867227, 0.07589772638173573, 0.0199108153634169], [0.05649274513633386, 9.225454115603597e-05, 0.9395356581733331, 0.003879342149177132], [0.15191846890466099, 5.865356626673848e-05, 0.02955304516479567, 0.8184698323642766], [2.5019046347986632e-05, 0.16779239451414524, 0.4533362631634651, 0.3788463232760418], [0.0012496620906218227, 0.003206828205485837, 0.9720173462599069, 0.023526163443985563], [1.162207657840242e-05, 0.00019299661371329301, 0.8844725241321774, 0.11532285717753099], [0.787344283229367, 0.005068604448896723, 1.6448376807821005e-05, 0.20757066394492843], [0.00040531076951395037, 0.0002050462188290423, 0.0017447413198006917, 0.9976449016918564], [0.002877651419185225, 0.012109360299596042, 0.00633926139615893, 0.9786737268850598], [0.6765703911872022, 0.0003140343831623095, 0.28952009028989256, 0.03359548413974286], [0.000580301651942354, 0.08500911376083652, 0.8844898105944162, 0.029920773992804753], [0.0008413763576458931, 6.118662958618006e-07, 0.0021521237019290398, 0.9970058880741293], [0.04566654177718338, 0.00045054945794333875, 0.02731603202996796, 0.9265668767349052], [0.002080508810688773, 0.7322724742232273, 0.00042765985678827606, 0.2652193571092955], [0.0002240174800485677, 0.06359987276511798, 0.0021629248339714007, 0.9340131849208622], [0.02106930961406349, 0.9773611661643435, 3.7960114255052125e-05, 0.0015315641073379376], [0.008958071358061587, 0.4689291495153706, 0.43470172259123, 0.08741105653533777], [0.9825801392395156, 0.015998826186444496, 8.122981469602387e-06, 0.001412911592570365], [0.5692429103441149, 0.08422951201259717, 0.05734272049519262, 0.28918485714809533], [8.296545120345261e-05, 0.0094420689306044, 0.9865030188004271, 0.003971946817765051], [0.0008917464499351531, 0.13315264532721505, 0.8500429208529887, 0.01591268736986115], [0.0005642298200154156, 0.007906958083405575, 0.9915078410804405, 2.097101613864116e-05], [0.995225843280969, 0.004626000960147816, 0.00010163935920072218, 4.651639968232979e-05], [8.895066224077865e-08, 0.17473651702010345, 0.8218566613899325, 0.0034067326393018888], [0.25661726878908675, 0.04012279327453489, 0.017608942576765412, 0.6856509953596129], [0.9982475715652013, 0.0015559340572920688, 4.711193622988144e-05, 0.00014938244127671885], [0.0013528963609538594, 3.336710734181035e-08, 0.00017752744520518115, 0.9984695428267336], [0.003364810260094662, 0.7741286428276218, 0.17989707964246324, 0.04260946726982027], [4.555128290157575e-05, 0.004782426055084545, 0.995015859679657, 0.0001561629823569996], [0.008476052286563479, 0.9906144617253652, 0.0009084826607819548, 1.0033272892863645e-06], [5.000253643110545e-05, 0.09362075810489426, 0.0005907581367984168, 0.9057384812218762], [0.0007518449024813518, 5.048854574230503e-07, 0.0019530668138692012, 0.997294583398192], [0.29513969195091255, 0.0013308296571755741, 0.30705801362303875, 0.396471464768873], [0.0011460171148083573, 0.05055697399453573, 0.8941351029128617, 0.054161905977794196], [0.00011814949320012222, 1.1710245340702615e-06, 0.0004640442769315257, 0.9994166352053342], [0.8984787297263945, 0.014195186585529554, 0.0001546937545476152, 0.0871713899335282], [1.9952195162363363e-05, 0.03448660760506627, 0.4695787815404667, 0.4959146586593046], [0.07182202785393609, 0.0011811834041389213, 0.7588470990566951, 0.1681496896852298], [0.0008139802115127766, 0.9930626317798361, 0.005826228459780421, 0.00029715954887082256], [0.9940087201151782, 0.0003284987182470865, 0.0034397359279063973, 0.0022230452386683107], [3.426277771180562e-07, 1.6322642137612292e-07, 1.2559268933621648e-08, 0.9999994815865326], [0.9979140927041462, 3.3141604378867983e-05, 0.0013647378741168201, 0.0006880278173582234], [0.7917759666903809, 0.01191591290254326, 0.05080626096503982, 0.14550185944203597], [0.2573551453829963, 0.00957889269465306, 0.0005814545311492274, 0.7324845073912014], [3.566650233581153e-05, 5.738785449146198e-05, 0.9998030066208983, 0.00010393902227434061], [0.9880892537402484, 0.005444288761973482, 0.006059965428179548, 0.00040649206959846436], [0.39864583959803607, 0.4344923197674136, 0.00224349913019285, 0.1646183415043575], [0.09696531865698717, 0.8745961033457126, 2.4533765614643793e-05, 0.02841404423168573], [0.0006660315233396687, 0.8606148323686464, 0.021820213884978207, 0.11689892222303565], [0.048795353942004877, 0.00404252571548175, 6.248753841199007e-05, 0.9470996328041014], [0.2524848093103123, 0.4005471175097198, 0.014789235319222728, 0.33217883786074526], [4.770501382167131e-05, 0.00036828251637402643, 0.012235742777675359, 0.987348269692129], [0.08441333326481236, 0.2475022082019604, 0.014026843841920704, 0.6540576146913065], [0.009155128911333799, 1.7782786789096818e-06, 0.00013003077272455215, 0.9907130620372626], [0.543783682821491, 0.45621362193131537, 4.86575875560787e-08, 2.646589606037458e-06], [0.025472645864195037, 0.7887434882089098, 0.18577335037668716, 1.0515550207971593e-05], [0.11465936667876372, 0.8675238000634118, 0.002338003325575534, 0.0154788299322489], [0.40765607543422766, 0.037438027408704215, 0.1760898777054604, 0.3788160194516077], [0.0046210128330915964, 0.8304899606598528, 0.15015417762578462, 0.014734848881270813], [0.09221302717899936, 0.9074549981128148, 0.00011915566003798025, 0.0002128190481479008], [0.006348471298203734, 0.9936479313167967, 2.365012713344602e-07, 3.360883728234052e-06], [0.00023829505977536673, 0.9997374667067775, 3.82449647303574e-06, 2.0413736974059347e-05], [0.006964397764265745, 0.012505279950316034, 0.9708872737030873, 0.009643048582330917], [0.00013217256217078218, 0.7422173919038528, 0.00019092716812217782, 0.25745950836585435], [0.003150058789079906, 0.0003097581961403313, 0.005958908764341123, 0.9905812742504387], [0.58977313006667, 0.4045894680095877, 0.004263672784194399, 0.0013737291395479062], [0.999956947620941, 9.58799534459631e-09, 5.186234154406971e-10, 4.304227244028212e-05], [0.0359035679618415, 0.3052739965755025, 0.5955256496102227, 0.06329678585243322], [0.014057957986696186, 0.002735984179283971, 2.7053482293318013e-08, 0.9832060307805376], [0.009918231885621343, 0.7498654355570108, 0.24021201021884103, 4.322338526823241e-06], [0.051741141819676095, 0.03145572393911813, 0.8576545803588348, 0.05914855388237089], [0.003798315774027091, 0.0006202436324621436, 0.0007007091646654922, 0.9948807314288454], [0.9390517985387645, 0.0590753758497223, 0.0017377033657296325, 0.00013512224578341104], [0.45632991163318876, 4.5820393848460394e-05, 2.8201662646075526e-05, 0.5435960663103167], [2.822958487579193e-06, 0.05124407158907123, 0.08754291341571108, 0.8612101920367301], [1.706272120816028e-07, 0.004454997022476144, 0.0032590533280056075, 0.9922857790223062], [0.0017826513266898229, 0.18204093406333152, 0.8157099297338213, 0.00046648487615748925], [0.0008762914950603783, 0.001635863055765974, 0.9974735796302278, 1.426581894590994e-05], [0.980654305309071, 0.018411744519773697, 1.2336476600249489e-05, 0.0009216136945549803], [0.6363505479857068, 0.20300132985623282, 0.00013496326588032398, 0.16051315889217999], [0.99946450472035, 5.6971272907568614e-05, 3.666203673646448e-07, 0.0004781573863750448], [0.13503003077330583, 0.15817753324641862, 0.018245173347095717, 0.6885472626331798], [0.0871807596410223, 0.0058124492924456, 0.01895112912446648, 0.8880556619420656], [0.00542564754554454, 0.9914213581194471, 0.0031194603833859806, 3.353395162227398e-05], [0.4146582376583066, 4.50615072597628e-06, 5.808627704502097e-07, 0.585336675328197], [9.305828945977712e-06, 0.8038030661451839, 0.19042536366079943, 0.0057622643650704795], [1.1301501725362994e-06, 0.9990647615085503, 0.0008823366844348831, 5.1771656842409656e-05], [0.00011378792428711264, 0.0006285425821476069, 0.0013767690969562322, 0.997880900396609], [0.99621676094384, 0.0012901033236057322, 0.0013395471034018881, 0.0011535886291525123], [0.001011912723416882, 0.011809373811165352, 0.4749744578682309, 0.5122042555971869], [0.0031817154703178883, 0.3698959921055315, 0.6258020328732286, 0.0011202595509220343], [0.0018645851767822375, 0.1807397017410977, 0.8173894218469507, 6.2912351693487396e-06], [0.40290699768435584, 0.21403299034822615, 0.0008157976853361727, 0.3822442142820819], [0.9960533314120198, 0.0014264559918977372, 6.372403366927879e-07, 0.0025195753557455806], [0.0015308703764785258, 0.9976795194607423, 0.0007290294784002227, 6.058068437899204e-05], [0.0005774309192243825, 0.9326368015735094, 0.0007594284265811048, 0.06602633908068516], [0.0005669706253275652, 4.483066327170133e-05, 0.00032127813904654997, 0.9990669205723542], [0.0045870443719661196, 0.04257994294908564, 0.9292886451056872, 0.023544367573261116], [0.9999513033129095, 4.507756702532985e-05, 4.7549757567323945e-07, 3.143622489446855e-06], [0.004980271778823948, 0.01411072434684824, 0.9806711501686396, 0.00023785370568811228], [0.2852299565984842, 0.004087339135171413, 0.0008420042323448289, 0.7098407000339996], [0.000934231665478264, 0.5711852707358978, 0.039998191062601024, 0.3878823065360229], [0.009011591740052312, 0.9742739821343567, 0.014034926083989176, 0.0026795000416019042]]}}