{"test": {"ids": ["103113260", "104113190", "108121190", "98108520", "105115680", "107120130", "108120700", "110120531", "108114200", "111117000", "103111110", "102109850", "102109010", "97106591", "98110810", "111120220", "97118210", "104111880", "107119130", "105112240", "107114200", "105121190", "108119550", "110113591", "103120531", "109116040", "113122230", "100109360", "110119030", "110115580", "100120010", "112120700", "98110230", "111120540", "113121950", "111115780", "104114740", "97107821", "111120591", "107114321", "105112130", "109116750", "97112830", "105119950", "101111140", "99111930", "113118820", "112119930", "108115070", "99112531", "113120751", "107112850", "107117630", "109116930", "103118110", "102110050", "101112540", "112121410", "104112470", "97113900", "111119150", "97105960", "113118511", "108120060", "112117571", "113121810", "106119580", "107121700", "113117340", "110116290", "103110760", "104111830", "113120601", "111115770", "104114240", "105113440", "110118701", "100112060", "113122650", "107114140", "102108621", "112116610", "107116501", "109117730", "112120640", "110116501", "113118421", "101117580", "113119450", "106116820", "111116990", "109114720", "101112690", "101111990", "100111390", "110119891", "109118820", "101110150", "112116990", "111119430", "109118161", "113119930", "110121170", "101111620", "109117150", "101108950", "106114150", "111117480", "108118520", "108118630", "97112290", "102117351", "97106600", "111115400", "112120630", "101116130", "105118740", "98116500", "97107260", "106117650", "98106680", "104116980", "113119480", "109114270", "105113480", "99108890", "111119290", "111116100", "99111000", "103112470", "106121190", "110115710", "105117351", "113118870", "97112170", "106116850", "99109780", "100111620", "113120540", "110115120", "97112300", "97105451"], "labels": [3, 3, 1, 2, 2, 2, 2, 0, 0, 0, 3, 1, 1, 1, 1, 3, 2, 3, 1, 1, 2, 2, 1, 0, 3, 0, 1, 0, 0, 1, 0, 2, 3, 1, 3, 1, 2, 2, 1, 0, 1, 0, 2, 3, 2, 1, 0, 1, 1, 3, 1, 1, 0, 0, 2, 3, 2, 0, 1, 2, 3, 2, 1, 1, 3, 2, 3, 3, 2, 2, 1, 3, 2, 3, 0, 0, 3, 2, 2, 2, 3, 1, 1, 3, 0, 3, 3, 3, 3, 1, 0, 0, 1, 2, 2, 3, 3, 1, 0, 3, 0, 1, 2, 3, 2, 2, 1, 1, 0, 1, 1, 1, 3, 0, 3, 2, 1, 2, 2, 1, 1, 1, 3, 3, 0, 0, 3, 3, 2, 1, 2, 2, 0, 0, 0, 3, 2, 3, 3, 0, 2, 0], "predicted_labels": [1, 3, 1, 0, 3, 1, 0, 3, 0, 1, 3, 1, 3, 1, 1, 0, 0, 3, 3, 1, 3, 1, 1, 3, 0, 3, 1, 0, 0, 0, 1, 1, 1, 1, 3, 1, 3, 0, 0, 3, 1, 1, 0, 1, 3, 1, 0, 1, 1, 0, 0, 0, 1, 3, 3, 3, 3, 3, 1, 1, 1, 3, 3, 0, 0, 1, 3, 1, 1, 3, 1, 3, 1, 3, 1, 3, 3, 0, 1, 1, 3, 1, 3, 0, 3, 3, 0, 3, 3, 0, 3, 3, 2, 3, 3, 3, 1, 3, 3, 1, 3, 0, 1, 0, 3, 1, 0, 1, 1, 3, 3, 0, 1, 1, 1, 0, 1, 3, 3, 3, 1, 1, 0, 1, 1, 1, 3, 0, 1, 3, 1, 3, 3, 3, 0, 3, 1, 0, 0, 3, 0, 0], "confidence_scores": [[0.24469751082251093, 0.3132255383505383, 0.18005826118326118, 0.2620186896436896], [0.22877132589632584, 0.27438690476190486, 0.1524374098124098, 0.34440435952935966], [0.23771393557422968, 0.3160066738816738, 0.14886345598845593, 0.29741593455564047], [0.3129456515706515, 0.3116866328116329, 0.12452178377178379, 0.25084593184593185], [0.22352462121212124, 0.297433621933622, 0.15709974747474748, 0.3219420093795094], [0.16812853812853812, 0.34018793706293715, 0.2436084193584194, 0.24807510545010544], [0.2893039876789878, 0.2723565254190255, 0.16156037018537017, 0.27677911671661676], [0.24901803751803747, 0.30467649017649023, 0.1240777833277833, 0.322227688977689], [0.2820042735042737, 0.2700207798737211, 0.1919630418601007, 0.25601190476190483], [0.20743669892199296, 0.32533531746031746, 0.17905411255411255, 0.28817387106357706], [0.21159577922077918, 0.2514935064935066, 0.20127633477633478, 0.33563437950937947], [0.21175287212787203, 0.35703063603063595, 0.21322803585303585, 0.21798845598845593], [0.2733708513708514, 0.2511152597402598, 0.14184976134976135, 0.33366412753912766], [0.23865186202686214, 0.27807756132756145, 0.2321078782328782, 0.25116269841269856], [0.23023484848484851, 0.34974549062049093, 0.18753914141414138, 0.2324805194805196], [0.3217508186258186, 0.31073069985569995, 0.11957532745032744, 0.24794315406815406], [0.28275224775224783, 0.27373602786102785, 0.20028030303030303, 0.24323142135642137], [0.25731093906093916, 0.25376605339105346, 0.1845690510469922, 0.3043539565010154], [0.25849819624819625, 0.2570999278499279, 0.16534271284271285, 0.31905916305916315], [0.23308392995893004, 0.31072137584637594, 0.20658881396381393, 0.24960588023088018], [0.2049146825396825, 0.312221792096792, 0.11459541847041843, 0.36826810689310696], [0.18659060384060389, 0.36001092839908627, 0.20421502620186835, 0.24918344155844166], [0.25220066045066053, 0.3086018287268288, 0.18451226551226546, 0.2546852453102452], [0.30892177267177273, 0.21004931179931188, 0.17055735930735927, 0.31047155622155626], [0.29722325591075605, 0.27894420856920865, 0.15232937895437895, 0.2715031565656566], [0.20760723998224007, 0.2564417526917526, 0.19459856809856801, 0.3413524392274392], [0.24720707070707065, 0.34718591131091125, 0.14160858585858577, 0.26399843212343216], [0.31571886446886455, 0.25407233044733046, 0.1707572705072705, 0.25945153457653464], [0.33039321789321796, 0.27563283938283933, 0.19001495726495726, 0.2039589854589855], [0.30899531024531035, 0.23907810245310246, 0.20927759740259738, 0.24264898989898995], [0.22583028083028084, 0.32753904428904435, 0.16969576257076263, 0.2769349123099124], [0.21370526695526715, 0.3447606421356422, 0.19298701298701296, 0.24854707792207786], [0.26622576035076034, 0.3012567571317571, 0.18143516206016205, 0.2510823204573205], [0.21320418470418478, 0.3761373348873348, 0.17169305694305692, 0.2389654234654234], [0.2669872835497837, 0.26405357142857144, 0.1777639790764791, 0.291195165945166], [0.25407509157509156, 0.28945525308025316, 0.19371260683760688, 0.2627570485070485], [0.21409884559884568, 0.2975527597402598, 0.16094038600288596, 0.3274080086580088], [0.2919963231213232, 0.2625913392163392, 0.18566514939309056, 0.2597471882692472], [0.308845598845599, 0.2319218975468975, 0.15583513708513708, 0.3033973665223665], [0.19770462870462868, 0.25996203796203793, 0.14807377344877348, 0.39425955988455996], [0.23781827200577216, 0.27709072871572876, 0.21673228854478854, 0.26835871073371065], [0.21742501942501946, 0.33260023310023323, 0.20113329725829726, 0.2488414502164502], [0.29202609890109893, 0.2844691558441559, 0.15806834831834832, 0.26543639693639703], [0.27862277306027305, 0.29513247169497175, 0.16178895410145408, 0.2644558011433012], [0.28603885697635706, 0.2108996510025922, 0.21479094312550195, 0.288270548895549], [0.17709668109668106, 0.37687139249639245, 0.18074512987012983, 0.26528679653679654], [0.31624440836940837, 0.22607622932622942, 0.17747066822066823, 0.28020869408369414], [0.21348250360750362, 0.366665098790099, 0.18872938172938172, 0.2311230158730158], [0.2917806637806637, 0.3196289821289821, 0.16288605838605835, 0.22570429570429568], [0.31073719336219335, 0.2883629148629149, 0.16121049783549782, 0.23968939393939398], [0.2798269230769232, 0.2727019508269508, 0.17053994616494614, 0.27693117993118], [0.28914908008658013, 0.27042553973803973, 0.23299581668331665, 0.20742956349206346], [0.24628535353535363, 0.3128454184704186, 0.1763174603174603, 0.2645517676767678], [0.2159515623265624, 0.2430887396916809, 0.25018445933151817, 0.29077523865023874], [0.2645309343434345, 0.2692413974913975, 0.16608360389610388, 0.3001440642690643], [0.19389655483405485, 0.29745603884419675, 0.19682337618521825, 0.31182403013653026], [0.22221450771450782, 0.29450620213120215, 0.18061785436785432, 0.30266143578643584], [0.19635382672882673, 0.3127607878232879, 0.15003896103896097, 0.3408464244089246], [0.27870393495393503, 0.2955794205794206, 0.13711778499278496, 0.28859885947385944], [0.23699598318348322, 0.34144173881673884, 0.20055366161616164, 0.22100861638361646], [0.2769193584193584, 0.31896317571317584, 0.12203714341214342, 0.2820803224553225], [0.25873815073815076, 0.22663845876345878, 0.19175751332001328, 0.32286587717837717], [0.26972047397047416, 0.2661695110445111, 0.1464571123321123, 0.3176529026529027], [0.2761242299367299, 0.2605438103563104, 0.2375643176268177, 0.22576764208014205], [0.34006260120598364, 0.2728686125965538, 0.15614570845820844, 0.2309230777392542], [0.21916605616605622, 0.3157430347430348, 0.22580248917748919, 0.2392884199134199], [0.23437956487956493, 0.28254868742368755, 0.1647391913641913, 0.31833255633255636], [0.2526433358308358, 0.2720330988455989, 0.20670707070707056, 0.2686164946164946], [0.17046871184371182, 0.37669733044733045, 0.21776237651237648, 0.2350715811965812], [0.23983248695748696, 0.24657720057720053, 0.20535228660228658, 0.30823802586302596], [0.26621403596403587, 0.29335334110334105, 0.16510951548451547, 0.2753231074481075], [0.1848724608724609, 0.3025529560308972, 0.20615088179794064, 0.30642370129870145], [0.23723334304584312, 0.3486364052614054, 0.1687569444444444, 0.2453733072483074], [0.21858909146409145, 0.26489183039183045, 0.2265065073815074, 0.2900125707625708], [0.2635251276501277, 0.328409090909091, 0.16221775446775447, 0.24584802697302702], [0.20268163780663792, 0.2689373543123543, 0.25720405982905986, 0.2711769480519481], [0.2112234105763518, 0.29126042707292704, 0.17529955257161137, 0.3222166097791099], [0.3331109760337702, 0.2609967532467532, 0.17649934787434782, 0.2293929228451288], [0.24306962481962494, 0.32586249861249866, 0.14717561605061602, 0.28389226051726046], [0.20527135364635365, 0.31242918192918195, 0.19876971639471638, 0.2835297480297482], [0.30518921356421363, 0.20021199633699635, 0.15283225108225107, 0.341766539016539], [0.2933053335553336, 0.3203448218448219, 0.20818052780552773, 0.17816931679431675], [0.2695689033189034, 0.284101911976912, 0.11483441558441561, 0.3314947691197691], [0.32333585858585856, 0.22925889388389387, 0.17143836718836727, 0.27596688034188044], [0.21715656565656566, 0.28423594461094465, 0.1996246253746254, 0.29898286435786436], [0.2838163225663226, 0.23152007714507714, 0.1941419552669553, 0.29052164502164507], [0.3271017316017317, 0.2831761710511711, 0.12683116883116882, 0.2628909285159286], [0.25089377289377296, 0.22194286269286273, 0.1973633588633589, 0.3298000055500056], [0.26574639249639254, 0.2617527056277056, 0.17682882395382396, 0.29567207792207795], [0.32703547841047836, 0.25219937007437015, 0.15245514208014202, 0.26831000943500943], [0.32616192141192135, 0.2274747474747475, 0.11568120278414395, 0.3306821283291872], [0.1710232683982684, 0.2941013708513709, 0.15032251082251075, 0.3845528499278498], [0.20046513209013214, 0.2646634011413424, 0.28052704036159914, 0.2543444264069264], [0.25169615107115106, 0.2433190143190144, 0.17575306637806634, 0.32923176823176825], [0.23415420690420696, 0.2373773171273172, 0.22437702575202578, 0.30409145021645034], [0.1872451437451438, 0.3113122294372294, 0.17432077644577648, 0.32712185037185043], [0.21562409118659115, 0.30649440836940833, 0.22828867660117658, 0.24959282384282389], [0.26811147186147183, 0.2676629848909261, 0.19395606272812155, 0.27026948051948074], [0.26589855977355986, 0.253602258852259, 0.17836886724386722, 0.3021303141303142], [0.22341437728937735, 0.29253587588881713, 0.20010163937369818, 0.2839481074481075], [0.29418729881229877, 0.25691199078699084, 0.1510367132867133, 0.2978639971139972], [0.3324469696969699, 0.25135840548340554, 0.1494501748251748, 0.26674444999445], [0.18855860805860802, 0.33779004329004325, 0.16460991785991788, 0.30904143079143087], [0.2883414502164502, 0.2504599567099568, 0.18685245310245302, 0.2743461399711401], [0.24437947673241797, 0.26018242868242875, 0.1827392378862967, 0.31269885669885683], [0.2234830308580308, 0.2861948745698746, 0.2234427655677656, 0.26687932900432904], [0.3300548756798758, 0.2512782911532912, 0.20826434676434682, 0.2104024864024864], [0.2821252705627707, 0.3075829725829727, 0.17200414862914862, 0.2382876082251083], [0.2527513042513043, 0.3619621212121211, 0.18144191919191915, 0.2038446553446553], [0.2615654761904763, 0.27416987873237875, 0.1324631618381618, 0.3318014832389833], [0.2463901515151516, 0.2817337662337663, 0.17702417027417028, 0.29485191197691196], [0.30871870490620495, 0.2679938672438673, 0.1459917929292929, 0.277295634920635], [0.2215448995448995, 0.3104267676767677, 0.23243886668886674, 0.23558946608946624], [0.22273545898545907, 0.29278142690642694, 0.2265173576423577, 0.2579657564657565], [0.24091423160173167, 0.316690712065712, 0.16671004689754693, 0.2756850094350094], [0.29853066378066384, 0.23211803474303477, 0.17634763847263846, 0.29300366300366304], [0.28316529304029314, 0.32294144744144754, 0.1595589826839827, 0.23433427683427685], [0.25165355477855483, 0.2933003246753246, 0.143905858030858, 0.3111402625152625], [0.12234029859029859, 0.313232697857698, 0.2193739316239316, 0.3450530719280721], [0.2520919950147891, 0.28481365856365853, 0.17588879870129873, 0.28720554772025375], [0.25784867909867915, 0.3024050116550116, 0.20196975246975246, 0.2377765567765568], [0.22217632367632378, 0.3282263153513154, 0.17937241924741926, 0.2702249417249417], [0.2893388694638696, 0.2323098845598846, 0.20834920634920637, 0.27000203962703967], [0.2526543317793318, 0.28891192141192146, 0.18047138972138968, 0.27796235708735706], [0.2465607448107448, 0.3050742403021816, 0.17612397814603692, 0.27224103674103683], [0.2748391330891331, 0.2986347957597959, 0.1574605533355533, 0.26906551781551785], [0.18403198190698203, 0.3085688478188478, 0.18789395326895328, 0.319505217005217], [0.2990710539460541, 0.2940834165834166, 0.15810798923298916, 0.24873754023754033], [0.17498665223665227, 0.35613329725829734, 0.20391341991341988, 0.26496663059163056], [0.2587904358713182, 0.28708946608946606, 0.15521933132227242, 0.29890076671694316], [0.2462338772338773, 0.3853582202111616, 0.14326372728578604, 0.2251441752691753], [0.27665064102564113, 0.25800570263070266, 0.1605161643911644, 0.3048274919524919], [0.27538562826062823, 0.23495600233100228, 0.1738542082917083, 0.3158041611166611], [0.2631611582861584, 0.26827973415473405, 0.181626998001998, 0.2869321095571095], [0.32789484126984125, 0.2466669719169719, 0.14226376401376398, 0.28317442279942273], [0.2198985042735043, 0.2712642496392498, 0.20985961260961272, 0.2989776334776335], [0.2401660145410146, 0.2945062576312576, 0.20601899489399486, 0.259308732933733], [0.2653732517482518, 0.24046696359196357, 0.23519286269286271, 0.2589669219669221], [0.3228553946053946, 0.25495503108003104, 0.1489751498501498, 0.27321442446442457], [0.22177518315018319, 0.27409415584415586, 0.14528663003663003, 0.358844030969031], [0.31701776001776005, 0.2445896464646465, 0.15987494449994447, 0.27851764901764897], [0.38366576479076486, 0.26132797757797765, 0.12380753968253969, 0.23119871794871805]]}, "rewritten": {"ids": ["97105451", "97105960", "97106591", "97106600", "97107260", "97107821", "97112170", "97112290", "97112300", "97112830", "97113900", "97118210", "98106680", "98108520", "98110230", "98110810", "98116500", "99108890", "99109780", "99111000", "99111930", "99112531", "100109360", "100111390", "100111620", "100112060", "100120010", "101108950", "101110150", "101111140", "101111620", "101111990", "101112540", "101112690", "101116130", "101117580", "102108621", "102109010", "102109850", "102110050", "102117351", "103110760", "103111110", "103112470", "103113260", "103118110", "103120531", "104111830", "104111880", "104112470", "104113190", "104114240", "104114740", "104116980", "105112130", "105112240", "105113440", "105113480", "105115680", "105117351", "105118740", "105119950", "105121190", "106114150", "106116820", "106116850", "106117650", "106119580", "106121190", "107112850", "107114140", "107114200", "107114321", "107116501", "107117630", "107119130", "107120130", "107121700", "108114200", "108115070", "108118520", "108118630", "108119550", "108120060", "108120700", "108121190", "109114270", "109114720", "109116040", "109116750", "109116930", "109117150", "109117730", "109118161", "109118820", "110113591", "110115120", "110115580", "110115710", "110116290", "110116501", "110118701", "110119030", "110119891", "110120531", "110121170", "111115400", "111115770", "111115780", "111116100", "111116990", "111117000", "111117480", "111119150", "111119290", "111119430", "111120220", "111120540", "111120591", "112116610", "112116990", "112117571", "112119930", "112120630", "112120640", "112120700", "112121410", "113117340", "113118421", "113118511", "113118820", "113118870", "113119450", "113119480", "113119930", "113120540", "113120601", "113120751", "113121810", "113121950", "113122230", "113122650"], "labels": [0, 2, 1, 3, 2, 2, 0, 1, 2, 2, 2, 2, 1, 2, 3, 1, 2, 0, 2, 2, 1, 3, 0, 2, 3, 2, 0, 2, 1, 2, 3, 2, 2, 1, 2, 3, 3, 1, 1, 3, 1, 1, 3, 1, 3, 2, 3, 3, 3, 1, 3, 0, 2, 1, 1, 1, 0, 0, 2, 0, 1, 3, 2, 1, 1, 3, 1, 3, 2, 1, 2, 2, 0, 1, 0, 1, 2, 3, 0, 1, 0, 1, 1, 1, 2, 1, 3, 0, 0, 0, 0, 2, 3, 0, 3, 0, 0, 1, 2, 2, 3, 3, 0, 3, 0, 2, 0, 3, 1, 3, 0, 0, 1, 3, 3, 3, 3, 1, 1, 1, 0, 3, 1, 3, 0, 2, 0, 2, 3, 1, 0, 0, 3, 3, 1, 3, 2, 1, 2, 3, 1, 2], "predicted_labels": [0, 3, 3, 1, 3, 0, 0, 0, 3, 0, 0, 0, 1, 0, 3, 1, 0, 1, 3, 3, 1, 3, 3, 3, 0, 0, 1, 3, 0, 0, 0, 0, 3, 1, 3, 3, 3, 0, 1, 1, 0, 0, 0, 0, 1, 3, 3, 3, 3, 3, 0, 1, 1, 3, 1, 1, 1, 3, 1, 3, 0, 0, 1, 0, 0, 0, 3, 1, 3, 0, 1, 3, 3, 3, 1, 0, 1, 3, 0, 0, 1, 3, 1, 1, 3, 3, 3, 1, 3, 1, 1, 3, 0, 0, 1, 0, 3, 0, 3, 1, 3, 3, 1, 1, 0, 3, 1, 1, 1, 0, 0, 3, 3, 3, 3, 0, 0, 1, 0, 1, 0, 0, 1, 0, 3, 3, 3, 1, 3, 3, 0, 1, 0, 1, 0, 0, 1, 0, 1, 3, 1, 1], "confidence_scores": [[0.42475002081252083, 0.22670482295482294, 0.11531385281385281, 0.2332313034188034], [0.268384004884005, 0.22008763458763458, 0.20810285547785548, 0.3034255050505051], [0.25078563103563106, 0.2699759823509824, 0.20496457708957705, 0.27427380952380953], [0.28991572316572317, 0.32729329004329005, 0.1516708707958708, 0.23112011599511603], [0.21901627539127538, 0.24551183538683538, 0.20218009768009768, 0.3332917915417917], [0.2989426545676546, 0.2560779220779221, 0.20158561781355902, 0.24339380554086443], [0.30405772005772, 0.26834824897324905, 0.16892538017538009, 0.2586686507936508], [0.306034194971695, 0.2853535631035632, 0.1396644882894883, 0.2689477536352536], [0.28407238594738604, 0.23922438672438676, 0.1642836746586746, 0.3124195526695527], [0.2965141663891665, 0.27858771783771785, 0.15785321622821621, 0.26704489954489957], [0.3132377136752137, 0.2755105311355312, 0.1614421550671551, 0.24980960012210024], [0.2801110694860695, 0.27766379453879464, 0.19178106615606608, 0.2504440698190698], [0.2731803302906244, 0.30380880230880225, 0.17674693362193364, 0.24626393377863967], [0.3198884587634588, 0.24795702908202913, 0.12964159451659454, 0.3025129176379176], [0.27480160117660124, 0.2717384282384283, 0.12732237207237204, 0.32613759851259855], [0.2685535714285714, 0.31572799422799425, 0.19311195748695753, 0.22260647685647683], [0.30388286713286716, 0.2546825951825952, 0.14360751748251746, 0.2978270202020202], [0.23885777784307202, 0.2968038628038629, 0.1869696137196137, 0.27736874563345154], [0.2607008130758132, 0.2577137723387724, 0.1940994283494283, 0.2874859862359863], [0.2629307359307359, 0.2450748556998558, 0.21434018759018766, 0.2776542207792208], [0.2205778943278944, 0.2836816794316795, 0.22258255633255633, 0.27315786990786994], [0.2809356407481408, 0.2704359668109669, 0.15172492784992783, 0.2969034645909646], [0.2801856060606061, 0.22259734709734716, 0.14606569819069815, 0.35115134865134867], [0.2990081862581862, 0.23848683261183262, 0.143971015096015, 0.3185339660339661], [0.2919423460526402, 0.22942604617604612, 0.19680051892551895, 0.2818310888457948], [0.2982690018315018, 0.26499078699078693, 0.17705375180375177, 0.25968645937395946], [0.2512645826395827, 0.28105543068043065, 0.19257622932622934, 0.27510375735375747], [0.288482115107115, 0.2308053058053058, 0.17481732156732158, 0.30589525752025754], [0.3070595238095239, 0.2544336031615444, 0.17830779432985314, 0.26019907869907877], [0.3180796911421913, 0.2346670918950331, 0.14583169404125285, 0.30142152292152313], [0.3031135808635809, 0.2536159812409813, 0.18468686868686873, 0.2585835692085694], [0.31917933455433467, 0.22999771062271065, 0.15208241758241756, 0.2987405372405374], [0.23958832833832833, 0.25416149128649135, 0.2217902236652237, 0.2844599567099568], [0.25501253607503616, 0.2872106782106782, 0.22048778998778995, 0.23728899572649584], [0.269345147907648, 0.25739382839382846, 0.1715073606948607, 0.3017536630036631], [0.2760015262515263, 0.24212960650460652, 0.15158639971139964, 0.3302824675324676], [0.26958387445887444, 0.24208856421356423, 0.186734126984127, 0.30159343434343433], [0.31169282106782104, 0.21528187090687095, 0.18945725108225106, 0.28356805694305703], [0.26475829725829725, 0.27899103674103687, 0.1947567987567987, 0.26149386724386725], [0.251269320956821, 0.2831151487401488, 0.18827371933621934, 0.277341810966811], [0.32176121101121113, 0.2769539627039627, 0.12053973803973804, 0.2807450882450883], [0.30234473859473865, 0.278549963924964, 0.12464006826506824, 0.2944652292152293], [0.3182273837273838, 0.2658790098790099, 0.17361345598845596, 0.2422801504051505], [0.29604852092352096, 0.23479886779886786, 0.18018820068820068, 0.28896441058941064], [0.25146313408813403, 0.29650843600843596, 0.1666882978132978, 0.28534013209013215], [0.24791720779220783, 0.26289760239760246, 0.18010660173160167, 0.309078588078588], [0.2874577575202577, 0.2678820485070485, 0.15717844655344657, 0.2874817474192474], [0.23785344516594523, 0.2802005078255078, 0.18975521006771012, 0.29219083694083703], [0.26681980519480525, 0.293149531024531, 0.1355809884559884, 0.3044496753246754], [0.2748786630036631, 0.2388950216450216, 0.15987480574980573, 0.32635150960150966], [0.31647720335220336, 0.2598604451104451, 0.11256700244200242, 0.31109534909534914], [0.19791527916527918, 0.3667396631146631, 0.18513802863802867, 0.2502070290820291], [0.2559384712509713, 0.32449940337440336, 0.1678314255189255, 0.2517306998556999], [0.22800216450216448, 0.2770922965922966, 0.16301100288600293, 0.3318945360195362], [0.2267861166611167, 0.3347393023643023, 0.18983046120546118, 0.24864411976911976], [0.28179172216672216, 0.309086704961705, 0.15984149184149182, 0.24928008103008106], [0.2493770673770674, 0.2987005772005772, 0.18425961538461544, 0.2676627400377401], [0.2689977938727939, 0.24713293650793655, 0.17680469530469525, 0.30706457431457446], [0.242105124042624, 0.3128612914862916, 0.18292639305139302, 0.26210719141969147], [0.266389097014097, 0.25275392662892665, 0.1962508047508048, 0.28460617160617163], [0.32519065656565666, 0.21879383116883122, 0.16712463924963925, 0.2888908730158731], [0.28625577200577207, 0.2517139527139527, 0.20794538794538792, 0.2540848873348875], [0.29341683316683315, 0.29602390175184284, 0.18278714830920717, 0.22777211677211676], [0.3051900460650461, 0.26147330447330464, 0.20507407869907876, 0.22826257076257084], [0.3281441752691754, 0.22347877122877133, 0.14626900876900875, 0.30210804473304465], [0.30575992063492075, 0.2443702547452548, 0.17869215506715508, 0.2711776695526696], [0.25808125575405, 0.25605864968364966, 0.19548781080031083, 0.2903722837619897], [0.28911850649350657, 0.29563252025752035, 0.1595544733044733, 0.25569449994450016], [0.23101930014430014, 0.2761937368187368, 0.21596170496170505, 0.27682525807525815], [0.28567370129870123, 0.26328878066378075, 0.20175636863136862, 0.2492811494061494], [0.25919465256965263, 0.28938822288822286, 0.2257098318348318, 0.22570729270729273], [0.24414855977355976, 0.27924747474747474, 0.16043333055833053, 0.3161706349206349], [0.2787360278610279, 0.2461115273615274, 0.1540743561993562, 0.3210780885780888], [0.26248051948051965, 0.26252831890331896, 0.15297402597402596, 0.3220171356421357], [0.2659404941463765, 0.3233524253524253, 0.16274022709316824, 0.24796685340802999], [0.3472246780996782, 0.2043525918525919, 0.17639249639249638, 0.27203023365523377], [0.2333612221112221, 0.2908603202353203, 0.2276187146187145, 0.24815974303474314], [0.25238046675546666, 0.23092736430236432, 0.20523527861027865, 0.31145689033189045], [0.2962628621378623, 0.24630086090380218, 0.21032601222307104, 0.24711026473526476], [0.316227022977023, 0.2675751332001333, 0.19958254245754248, 0.21661530136530133], [0.2306062271062271, 0.2976427045177045, 0.23904075091575092, 0.23271031746031753], [0.236263764013764, 0.27486820124320127, 0.2036569541569542, 0.2852110805860807], [0.2662896131646132, 0.2845749944499945, 0.17439922577422579, 0.2747361666111667], [0.2576388888888889, 0.29090692640692645, 0.17007169913419917, 0.2813824855699855], [0.2795554653679655, 0.26390593434343446, 0.1617068348318348, 0.2948317654567655], [0.23755772005772005, 0.2757068903318905, 0.17686821511821513, 0.3098671744921745], [0.28669366744366753, 0.22472254828504837, 0.14668668831168827, 0.34189709595959605], [0.22044751082251074, 0.30898160173160166, 0.17814033189033193, 0.2924305555555555], [0.24390497002997003, 0.28034644522144514, 0.1769757464757465, 0.2987728382728383], [0.21992669830169828, 0.28950972638472633, 0.2149060245310246, 0.27565755078255083], [0.2764238020965962, 0.2839481768231769, 0.15799963924963922, 0.2816283818305877], [0.23052609890109896, 0.2842288406038406, 0.1704794927294927, 0.31476556776556786], [0.3422653735153736, 0.2252282856032856, 0.139868006993007, 0.292638333888334], [0.34807506382506403, 0.2846408175158176, 0.16252895715395713, 0.2047551615051615], [0.2611575577200578, 0.26626958662252787, 0.2166060446906035, 0.255966810966811], [0.319915084915085, 0.22116047841047845, 0.1743164335664336, 0.2846080031080032], [0.25972046009546007, 0.229703934953935, 0.18741712454212459, 0.32315848040848044], [0.32065800865800875, 0.2374233405483406, 0.19322408147408146, 0.24869456931956943], [0.20222261766011762, 0.2504837315462315, 0.1846131507381508, 0.3626805000555002], [0.26245659895659884, 0.2977667402042402, 0.17160912698412695, 0.26816753385503395], [0.2675030663780664, 0.2572338772338772, 0.1727230130980132, 0.30254004329004336], [0.23589577089577085, 0.2713048340548341, 0.1683350538350538, 0.32446434121434126], [0.25377624458874465, 0.3221776505658086, 0.15683548213482423, 0.2672106227106228], [0.21263067488067489, 0.34592361804861815, 0.14053506216006217, 0.30091064491064495], [0.3226004689754691, 0.29073280885780883, 0.11101989676989675, 0.2756468253968254], [0.20406779331779334, 0.26776488788988784, 0.22380602730602736, 0.30436129148629154], [0.27350400987901, 0.29205849705849707, 0.2015337717837718, 0.2329037212787214], [0.2609221542346543, 0.2809901348651348, 0.19862759462759455, 0.25946011627261634], [0.2623305375180375, 0.31305158730158733, 0.17318322649572654, 0.2514346486846487], [0.2992361666111667, 0.20990087690087697, 0.2007469197469197, 0.2901160367410368], [0.3398351370851372, 0.22535780885780884, 0.15230488955488952, 0.28250216450216453], [0.25292592130092123, 0.24861118048618042, 0.24063257575757574, 0.2578303224553225], [0.24995607170607176, 0.2511255966255967, 0.1557011183261183, 0.3432172133422134], [0.2647795190920192, 0.2578783993783994, 0.15109956709956707, 0.3262425144300145], [0.23291101953601967, 0.27746547896547896, 0.20969613719613722, 0.2799273643023643], [0.2907834942834943, 0.26124729437229427, 0.20699500499500498, 0.24097420634920635], [0.3273297258297258, 0.2717198218448219, 0.12499759962259956, 0.27595285270285275], [0.2874315496594909, 0.30776054501054506, 0.1748528187498776, 0.22995508658008665], [0.3359308954933956, 0.1897157287157287, 0.17890490759240762, 0.29544846819846826], [0.2597578393828395, 0.30639402264402277, 0.19224229936729942, 0.24160583860583862], [0.28850788100788105, 0.26357391913641914, 0.17544227994227993, 0.27247591991341996], [0.3318458694083695, 0.271685064935065, 0.1290844155844156, 0.2673846500721501], [0.192275974025974, 0.33405086580086585, 0.23032647907647913, 0.243346681096681], [0.29624188311688326, 0.24549512987012986, 0.16707557720057717, 0.29118740981240987], [0.26904599240628646, 0.22638166000666002, 0.21432281607281606, 0.29024953151423744], [0.23571321407350823, 0.2544661588411589, 0.1907249833499834, 0.3190956437353497], [0.2603409923409925, 0.2593961940836941, 0.19584785557579668, 0.28441495799951694], [0.2764479270729272, 0.29888788988788995, 0.18098916361416356, 0.2436750194250196], [0.29568204018204025, 0.23518896381396387, 0.1346994116994117, 0.3344295843045844], [0.28798090798090803, 0.24545480907980907, 0.1613409923409923, 0.3052232905982907], [0.2928773171273172, 0.24274804362304375, 0.1895942252192252, 0.2747804140304141], [0.22016476578976582, 0.33323284537100323, 0.19816216239900453, 0.2484402264402265], [0.2891103341103342, 0.24112810800310808, 0.18324429736929737, 0.28651726051726056], [0.26633667027417035, 0.281114898989899, 0.17635055916305917, 0.2761978715728716], [0.29133995171495175, 0.25885533910533914, 0.16212097624597624, 0.28768373293373295], [0.3383045981795982, 0.27988937451437446, 0.11154226329226324, 0.2702637640137641], [0.26010155122655126, 0.3036374458874459, 0.18439231601731598, 0.251868686868687], [0.29181540681540685, 0.23136113886113885, 0.20799340936840938, 0.26883004495504503], [0.2056626984126984, 0.31705050505050514, 0.26625613275613286, 0.21103066378066387], [0.2506760878010878, 0.2874392274392274, 0.16002199189699184, 0.3018626928626929], [0.256339590964591, 0.33020845820845823, 0.14881499056499053, 0.2646369602619604], [0.25063634282384284, 0.36667808580308575, 0.1516131507381507, 0.23107242063492073]]}}