{"test": {"ids": ["105118171", "107116980", "113118620", "101109000", "112121410", "112118701", "110121170", "101111620", "109117730", "99108080", "113120601", "98107340", "106116120", "97105760", "110117500", "106113190", "113120070", "108113480", "99113260", "98109230", "113120591", "105113190", "110114950", "103111540", "103110100", "106113830", "109118161", "113119120", "113122180", "107115250", "102111990", "102112170", "99108580", "98116500", "105113620", "101119030", "98110230", "104111550", "98108580", "103110050", "98106880", "100108260", "107118120", "97109080", "106116640", "102113981", "97106591", "100111390", "106114321", "112116810", "99108330", "108118810", "103111830", "111118301", "106118820", "109119340", "113119950", "97116790", "105111990", "112117660", "103113260", "102116500", "104113240", "107118520", "107115140", "110119300", "101108370", "112119580", "102110890", "112118530", "104111531", "113120260", "102110850", "111120540", "113118690", "108117451", "100109311", "108116501", "99109860", "101108460", "98117740", "112116800", "101109370", "104109311", "98112170", "99109740", "105115680", "113118490", "100113370", "100109801", "111120280", "99110050", "109113931", "109119591", "109113591", "110114920", "110121500", "110118740", "113118231", "103120730", "108116070", "113119930", "111115400", "100108520", "99109141", "104112470", "112117780", "99111000", "104111711", "106121190", "107120260", "111114121", "103118110", "111116110", "111116090", "103120531", "100109890", "108118301", "109115380", "112121360", "97113900", "111120640", "113120751", "105117351", "109114270", "111115780", "113120640", "100111620", "105121370", "97107950", "104113000", "108114270", "112121430", "101114990", "98108150", "102110500", "105113440", "109117080", "106113360", "109120621", "106119260", "112117571"], "labels": [3, 3, 3, 1, 0, 0, 2, 3, 3, 3, 2, 0, 1, 0, 1, 0, 2, 0, 0, 1, 0, 3, 0, 1, 1, 1, 0, 3, 2, 2, 2, 3, 0, 2, 0, 3, 3, 1, 0, 3, 0, 3, 3, 2, 3, 1, 1, 2, 2, 3, 1, 1, 3, 3, 3, 3, 0, 2, 2, 0, 3, 1, 2, 2, 0, 1, 1, 3, 0, 1, 0, 3, 3, 1, 3, 2, 1, 0, 2, 0, 2, 0, 1, 3, 3, 3, 2, 1, 3, 0, 0, 3, 1, 0, 3, 3, 3, 3, 3, 1, 1, 1, 0, 2, 3, 1, 0, 2, 1, 2, 1, 0, 2, 3, 3, 3, 3, 1, 3, 3, 2, 0, 1, 0, 3, 1, 0, 3, 2, 2, 1, 3, 2, 3, 0, 3, 0, 1, 0, 1, 1, 3], "predicted_labels": [0, 0, 1, 3, 3, 3, 3, 1, 3, 3, 1, 3, 1, 0, 1, 3, 1, 3, 3, 3, 1, 0, 1, 3, 3, 0, 1, 3, 3, 3, 1, 1, 1, 0, 1, 1, 1, 1, 3, 1, 3, 1, 1, 1, 1, 1, 1, 3, 0, 3, 3, 1, 0, 0, 1, 3, 3, 3, 1, 0, 3, 1, 1, 1, 3, 3, 1, 3, 3, 1, 1, 1, 1, 3, 1, 3, 0, 1, 1, 3, 3, 3, 1, 0, 0, 1, 1, 1, 1, 1, 0, 3, 1, 1, 1, 1, 3, 3, 1, 1, 3, 3, 3, 2, 3, 3, 3, 1, 3, 1, 3, 0, 1, 3, 0, 1, 0, 1, 1, 1, 3, 1, 1, 1, 1, 1, 0, 3, 1, 3, 1, 1, 1, 1, 1, 0, 1, 1, 3, 3, 3, 3], "confidence_scores": [[0.2901544067044068, 0.2714672161172162, 0.16046121101121116, 0.2779171661671662], [0.316988861138861, 0.28475180930180943, 0.1412950826950827, 0.256964246864247], [0.24117744869509597, 0.3151245715069245, 0.165545112403936, 0.27815286739404393], [0.22354124764124778, 0.2762280941280942, 0.19332779997780009, 0.3069028582528583], [0.24434309024309037, 0.27228708513708527, 0.18594070929070936, 0.29742911532911526], [0.2762497835497837, 0.2783308802308802, 0.1375888888888889, 0.3078304473304475], [0.2341726773226774, 0.28403398268398244, 0.17707833277833285, 0.3047150072150072], [0.2643174880674881, 0.28240901875901875, 0.1961399433899433, 0.2571335497835498], [0.21099473304473307, 0.27744354893472545, 0.20786341991341994, 0.3036982981071217], [0.24267026029526031, 0.22960400987901006, 0.25697781662781666, 0.2707479131979131], [0.21488660147042496, 0.29615038621509227, 0.21987164175693585, 0.2690913705575473], [0.20394293761793764, 0.2476967199467201, 0.26916334776334777, 0.27919699467199477], [0.23223919413919422, 0.27010340215340245, 0.22868769008769022, 0.2689697136197137], [0.3265226495726495, 0.3042753857253856, 0.15096800976800986, 0.21823395493395495], [0.21776238010355672, 0.3109477486565722, 0.18043526669409019, 0.29085460454578105], [0.24595060495060497, 0.2566127927627928, 0.22264315129315138, 0.2747934509934511], [0.19707656232656237, 0.36993489843489846, 0.16021695526695537, 0.2727715839715841], [0.1911917360417362, 0.2718675468322528, 0.2517433830875007, 0.2851973340385107], [0.23288276723276727, 0.24965212010212032, 0.22472069597069602, 0.2927444166944166], [0.20005645465645472, 0.2639018481518483, 0.26392631812631834, 0.2721153790653793], [0.21686184926184948, 0.30434129759129763, 0.19299507159507154, 0.28580178155178165], [0.29304964349376134, 0.2786185941509471, 0.15958816902052203, 0.2687435933347699], [0.23320760073260072, 0.3078171828171828, 0.1737206135367902, 0.2852546029134265], [0.24402968142968137, 0.2551559884559887, 0.19101549202431561, 0.30979883809001474], [0.23390339105339097, 0.28079471916971926, 0.19658023088023102, 0.2887216588966589], [0.3186720418470417, 0.2606284493284494, 0.12712660117660124, 0.29357290764790794], [0.26130684870684895, 0.3206845598845598, 0.18011226551226558, 0.237896325896326], [0.2711399073149072, 0.28171275472893126, 0.1644943500943502, 0.28265298786181153], [0.1944640331890333, 0.2741407925407929, 0.23267119743002107, 0.29872397684015334], [0.2292217116217118, 0.2839328726828726, 0.17890883560883572, 0.30793658008658026], [0.28923939393939385, 0.3210971417471417, 0.1746394383394383, 0.21502402597402612], [0.2502843212343213, 0.2865902763902764, 0.21559957264957277, 0.2475258297258298], [0.27343745861981167, 0.291709151959152, 0.17281336114865525, 0.2620400282723814], [0.32982487512487507, 0.20025220335220353, 0.18888786213786224, 0.28103505938505935], [0.2288603008103008, 0.2921714230214231, 0.21761105006105008, 0.2613572261072261], [0.24087763984381627, 0.272836496836497, 0.22670568712333436, 0.2595801761963528], [0.28556731601731605, 0.2976290875790877, 0.17489933954933976, 0.24190425685425676], [0.1722928979517216, 0.3279538184038184, 0.2242952380952382, 0.27545804554922204], [0.21253094128094135, 0.2529581696081698, 0.22454992784992803, 0.30996096126096095], [0.22888037518037513, 0.31406145798645807, 0.19115941558441563, 0.2658987512487513], [0.18361654456654478, 0.2868676406926405, 0.23732671772671782, 0.29218909701409734], [0.25254682539682544, 0.2792863303363305, 0.20692429792429798, 0.2612425463425464], [0.25805200355200364, 0.28757718947718947, 0.18925692640692637, 0.2651138805638806], [0.22213712317094667, 0.26183517038517057, 0.25502726521844177, 0.2610004412254414], [0.2348737734487735, 0.31695711233211227, 0.18398570873570894, 0.2641834054834055], [0.2573749222999223, 0.3208116161616161, 0.16089715170450478, 0.2609163098339568], [0.24974612413730068, 0.2901624728212964, 0.17933412698412707, 0.28075727605727613], [0.2601043531631766, 0.26618087468087487, 0.19434032634032636, 0.2793744458156224], [0.3038793872793874, 0.30171403237285604, 0.15683401043401055, 0.23757256991374645], [0.22896920301920304, 0.27397440614940616, 0.20672103729603733, 0.29033535353535367], [0.216771373071373, 0.2722526001776002, 0.21055496447996458, 0.30042106227106213], [0.19479489954489965, 0.33793126122243755, 0.16612416309181016, 0.3011496761408527], [0.27343008103008104, 0.24206671335200755, 0.21167255685490977, 0.2728306487630016], [0.3237805139305137, 0.2523462592962594, 0.15675040515040517, 0.26712282162282175], [0.22580924630924645, 0.313916810966811, 0.20227923187923194, 0.25799471084471093], [0.21577387612387622, 0.3007456931956933, 0.156035064935065, 0.32744536574536565], [0.29147975912975926, 0.23661193806193825, 0.15934297369297365, 0.3125653291153291], [0.22733334443334455, 0.27143983826630885, 0.2238036848772143, 0.2774231324231325], [0.20262435064935075, 0.3074870082531845, 0.20845048872695937, 0.28143815237050535], [0.2993512681762683, 0.26551785159285163, 0.16245425685425693, 0.27267662337662346], [0.24938378843378842, 0.2748311410811412, 0.19046076146076146, 0.28532430902430905], [0.2253209235209235, 0.2858484126984129, 0.22850061327561338, 0.26033005050505065], [0.19560895770895784, 0.30235517815517826, 0.22078192918192927, 0.2812539349539351], [0.28693300980065706, 0.3135313000724764, 0.16755917415917423, 0.23197651596769256], [0.2578976301476302, 0.2596457595036544, 0.19863905568116097, 0.2838175546675547], [0.24221542901542917, 0.25814261294261315, 0.18356349483849482, 0.3160784632034631], [0.2683951437451439, 0.3057146187146188, 0.15711740089975382, 0.26877283664048385], [0.24639822399822398, 0.2614776865291571, 0.1935881618381619, 0.29853592763445713], [0.22882535242535254, 0.274624462139168, 0.20906278231572356, 0.2874874031197563], [0.22428651071151082, 0.3161881118881119, 0.191657597957598, 0.26786777944277945], [0.31826478521478524, 0.33000348540348545, 0.1271332001332002, 0.22459852924852944], [0.23989148351648357, 0.27210698745698736, 0.22997388999889004, 0.2580276390276391], [0.20035463980463986, 0.3236175935175935, 0.18060849705849716, 0.2954192696192696], [0.25008865774748135, 0.2709133505383505, 0.19327904595404594, 0.28571894576012213], [0.21316232656232664, 0.3113567821067821, 0.21421554279054295, 0.26126534854034866], [0.2877943159781396, 0.2622761571761573, 0.1389602480852481, 0.3109692787604554], [0.34365001665001643, 0.3088754578754579, 0.1286823731823732, 0.2187921522921524], [0.28094990009990023, 0.28476300921300923, 0.16636606726606737, 0.2679210234210235], [0.2615877788877789, 0.31059776334776334, 0.18251811521811537, 0.24529634254634275], [0.25676298064680425, 0.2708266436178201, 0.19901571288188954, 0.27339466285348624], [0.17961398046398044, 0.2775163067324834, 0.23463491230991243, 0.30823480049362406], [0.20276234598734608, 0.28530727883227897, 0.1977473526473527, 0.3141830225330225], [0.2498034429622667, 0.30210996225996223, 0.21930440115440114, 0.22878219362337032], [0.29472929766312134, 0.24589657923775587, 0.17343721278721277, 0.28593691031191043], [0.3327265789765791, 0.22075735930735954, 0.18777263292263302, 0.2587434287934288], [0.19666095016095014, 0.30250355200355195, 0.22855577200577218, 0.2722797258297259], [0.16271356421356425, 0.32168761793761796, 0.23171678321678335, 0.28388203463203476], [0.23426905871905873, 0.2967308635808636, 0.17598560883560885, 0.29301446886446886], [0.2318648185148185, 0.27145923520923526, 0.23428260628260628, 0.2623933399933401], [0.2613758574758576, 0.3031301753801754, 0.17022084027084042, 0.26527312687312693], [0.3030528693528695, 0.2678634468472704, 0.16891919469419472, 0.2601644891056657], [0.24305784934020236, 0.2720389332889333, 0.1809128538128538, 0.3039903635580108], [0.22897196137196146, 0.3036883058118352, 0.19528979582509012, 0.27204993699111335], [0.23355626873126875, 0.3108881063381066, 0.18453175158175156, 0.27102387334887346], [0.27256061993562014, 0.31155930213577265, 0.16079507404360344, 0.25508500388500405], [0.2722405483405485, 0.31199441669441685, 0.19248189033189034, 0.22328314463314472], [0.26385835830835846, 0.28312395937395957, 0.16735946830946835, 0.28565821400821406], [0.2698403374403374, 0.2673671162171163, 0.1826150571650572, 0.2801774891774892], [0.2168424242424242, 0.32652652902652896, 0.13637339882339888, 0.3202576479076478], [0.24813095238095237, 0.2832730935730936, 0.19296994116994132, 0.2756260128760129], [0.23785604395604398, 0.2821169941169943, 0.17732212232212233, 0.3027048396048398], [0.22510399306575785, 0.2631014854426619, 0.18722208118678701, 0.3245724403047934], [0.2167276334776336, 0.2623829725829729, 0.2353104395604396, 0.28557895437895453], [0.23356721611721615, 0.25895905760905774, 0.2729651320901323, 0.23450859418359435], [0.28318833029715385, 0.2596935825612296, 0.15251422270539922, 0.3046038644362172], [0.24525622988123008, 0.27101391108891126, 0.1673953962703963, 0.3163344627594626], [0.29418159618159617, 0.2268913253413254, 0.1703588744588745, 0.308568204018204], [0.18478951048951048, 0.3072754689754689, 0.22798054723054734, 0.2799544733044733], [0.27306829281829276, 0.25512888777888787, 0.1700528471528472, 0.3017499722499724], [0.17604738039738047, 0.35430478410478405, 0.20928769841269834, 0.2603601370851372], [0.23213376623376625, 0.2579264901764904, 0.20069799644799644, 0.3092417471417471], [0.32403990453990456, 0.3169512931512932, 0.11942320653203012, 0.23958559577677227], [0.2529750768839005, 0.27043869267986925, 0.231105094905095, 0.24548113553113557], [0.22268582724465089, 0.2689373642697172, 0.19193710374592735, 0.31643970473970473], [0.29702907647907645, 0.2882608447108446, 0.13646979686979702, 0.2782402819402821], [0.2903252414252413, 0.29515817515817533, 0.16751691641691638, 0.24699966699966702], [0.3163796037296037, 0.2694443362193363, 0.16793682428682435, 0.2462392357642359], [0.28363063048063025, 0.30989809634809645, 0.1437807747807749, 0.26269049839049835], [0.2005235486735487, 0.3014340215340217, 0.20575580530580534, 0.2922866244866247], [0.25508754023754027, 0.3208753801753803, 0.14974867909867914, 0.27428840048840053], [0.25833461815961833, 0.2521121156621158, 0.2121547563547563, 0.2773985098235098], [0.27189903576815344, 0.3120711450314393, 0.1698879169849758, 0.24614190221543172], [0.2577439477189477, 0.30816114996114996, 0.1394435536685537, 0.2946513486513485], [0.2546932622932624, 0.33602485292485285, 0.12186367521367529, 0.2874182095682095], [0.24655414030414036, 0.31910984015984023, 0.13451688311688317, 0.2998191364191365], [0.23339776498011797, 0.2844213123477831, 0.23216886414239363, 0.2500120585297057], [0.29831480741480754, 0.27116245976245984, 0.16781679431679436, 0.2627059385059384], [0.25255515595515604, 0.2410317737817738, 0.23663816738816754, 0.2697749028749029], [0.19054293484293494, 0.3827046639634873, 0.19765045510045526, 0.22910194609312262], [0.21163983434865793, 0.25968658922776583, 0.252778726828727, 0.2758948495948497], [0.21305874403374395, 0.30024232434232434, 0.19651237928737939, 0.2901865523365524], [0.2304803391053391, 0.35782700632700626, 0.1606889055389056, 0.25100374902874906], [0.2358600788100789, 0.3031509962259962, 0.20085079920079932, 0.2601381257631258], [0.17003429625929642, 0.3357225024975026, 0.22855028860028867, 0.2656929126429128], [0.21716391941391955, 0.3083678432678432, 0.2365434232434233, 0.23792481407481428], [0.3329749139749141, 0.24075480075480088, 0.17927014097014105, 0.2470001443001443], [0.22275442335442347, 0.3231988344988343, 0.17960434010434015, 0.27444240204240206], [0.22928373848373856, 0.3595320845820846, 0.16439232989232985, 0.24679184704184715], [0.26046984126984135, 0.2775619103119103, 0.17414412809412816, 0.28782412032412014], [0.2510967393717395, 0.2790352175602176, 0.14905589965589977, 0.3208121434121435], [0.24838234543234544, 0.23063556998557003, 0.20292297147297156, 0.31805911310911306], [0.21900157620157626, 0.30981802086802096, 0.1592378121878123, 0.3119425907425908]]}, "rewritten": {"ids": ["97105760", "97106591", "97107950", "97109080", "97113900", "97116790", "98106880", "98107340", "98108150", "98108580", "98109230", "98110230", "98112170", "98116500", "98117740", "99108080", "99108330", "99108580", "99109141", "99109740", "99109860", "99110050", "99111000", "99113260", "100108260", "100108520", "100109311", "100109801", "100109890", "100111390", "100111620", "100113370", "101108370", "101108460", "101109000", "101109370", "101111620", "101114990", "101119030", "102110500", "102110850", "102110890", "102111990", "102112170", "102113981", "102116500", "103110050", "103110100", "103111540", "103111830", "103113260", "103118110", "103120531", "103120730", "104109311", "104111531", "104111550", "104111711", "104112470", "104113000", "104113240", "105111990", "105113190", "105113440", "105113620", "105115680", "105117351", "105118171", "105121370", "106113190", "106113360", "106113830", "106114321", "106116120", "106116640", "106118820", "106119260", "106121190", "107115140", "107115250", "107116980", "107118120", "107118520", "107120260", "108113480", "108114270", "108116070", "108116501", "108117451", "108118301", "108118810", "109113591", "109113931", "109114270", "109115380", "109117080", "109117730", "109118161", "109119340", "109119591", "109120621", "110114920", "110114950", "110117500", "110118740", "110119300", "110121170", "110121500", "111114121", "111115400", "111115780", "111116090", "111116110", "111118301", "111120280", "111120540", "111120640", "112116800", "112116810", "112117571", "112117660", "112117780", "112118530", "112118701", "112119580", "112121360", "112121410", "112121430", "113118231", "113118490", "113118620", "113118690", "113119120", "113119930", "113119950", "113120070", "113120260", "113120591", "113120601", "113120640", "113120751", "113122180"], "labels": [0, 1, 2, 2, 2, 2, 0, 0, 0, 0, 1, 3, 3, 2, 2, 3, 1, 0, 3, 3, 2, 3, 2, 0, 3, 2, 1, 0, 3, 2, 3, 3, 1, 0, 1, 1, 3, 3, 3, 3, 3, 0, 2, 3, 1, 1, 3, 1, 1, 3, 3, 2, 3, 1, 3, 0, 1, 1, 1, 1, 2, 2, 3, 0, 0, 2, 0, 3, 2, 0, 0, 1, 2, 1, 3, 3, 1, 2, 0, 2, 3, 3, 2, 1, 0, 3, 1, 0, 2, 1, 1, 3, 1, 3, 3, 1, 3, 0, 3, 0, 1, 3, 0, 1, 3, 1, 2, 3, 0, 0, 1, 3, 3, 3, 0, 1, 0, 0, 3, 3, 0, 0, 1, 0, 3, 3, 0, 2, 3, 1, 3, 3, 3, 1, 0, 2, 3, 0, 2, 0, 1, 2], "predicted_labels": [1, 0, 3, 2, 0, 1, 1, 3, 1, 3, 1, 1, 0, 0, 3, 0, 1, 1, 0, 1, 1, 1, 1, 3, 1, 0, 0, 1, 1, 1, 1, 3, 1, 1, 1, 1, 0, 1, 1, 0, 1, 1, 1, 1, 1, 1, 1, 1, 3, 0, 1, 1, 0, 1, 3, 0, 1, 0, 1, 1, 1, 1, 0, 1, 1, 1, 1, 0, 1, 1, 1, 0, 0, 1, 1, 1, 3, 1, 0, 1, 0, 1, 1, 3, 1, 1, 1, 1, 3, 1, 3, 1, 1, 1, 1, 1, 3, 0, 1, 1, 0, 1, 1, 1, 0, 3, 3, 1, 0, 3, 1, 0, 3, 0, 0, 1, 1, 3, 1, 3, 1, 3, 1, 3, 3, 1, 3, 1, 3, 1, 1, 1, 3, 1, 0, 1, 1, 1, 1, 0, 0, 3], "confidence_scores": [[0.24674555999555997, 0.2933329614829616, 0.17205738705738724, 0.28786409146409137], [0.363967649017649, 0.3083465645465645, 0.11350432900432901, 0.21418145743145747], [0.21047343408225774, 0.2730789191200957, 0.24052416472416488, 0.2759234820734821], [0.20119909453291807, 0.2580608252858255, 0.2771739962651726, 0.2635660839160841], [0.29425107392607386, 0.26752123709623726, 0.18723827283827288, 0.2509894161394162], [0.2190534188034189, 0.3098677766677768, 0.19486647241647248, 0.27621233211233204], [0.21740218947718976, 0.2938122100122098, 0.2304496114996116, 0.2583359890109892], [0.20972619880119886, 0.2609125374625377, 0.2602294871794872, 0.26913177655677656], [0.21977208624708636, 0.31264607337107325, 0.21409739982239984, 0.2534844405594407], [0.2359025502275503, 0.25343262848262865, 0.2546964285714287, 0.2559683927183927], [0.2029307525807527, 0.29968305387423033, 0.2586887021475259, 0.23869749139749147], [0.27246090576090565, 0.3150566350316349, 0.16202980907980918, 0.2504526501276502], [0.35637424046541705, 0.2223500499500501, 0.16790634920634923, 0.2533693603781839], [0.2800103848765614, 0.27029368964368977, 0.17995585803085803, 0.269740067448891], [0.19551028693528702, 0.2670081038242804, 0.23405180375180384, 0.303429805488629], [0.26524238816738815, 0.2614740786990788, 0.2556699522699523, 0.21761358086358085], [0.21233915528915534, 0.31624785769785757, 0.19572492507492514, 0.2756880619380619], [0.2669510949834479, 0.30344549894549894, 0.15426656350185763, 0.27533684256919566], [0.37246778776778755, 0.26528490953490963, 0.1251189255189256, 0.2371283771783772], [0.20262318123053422, 0.3514527333777334, 0.22092158952158958, 0.2250024958701431], [0.2288672882672883, 0.31212077922077913, 0.17353066933066946, 0.2854812631812631], [0.30291913086913086, 0.30856101121101137, 0.14535387945387956, 0.24316597846597862], [0.22525622710622717, 0.2821603618603619, 0.2432966755466757, 0.2492867354867356], [0.2491712232212233, 0.25461364191364205, 0.20604351759351763, 0.2901716172716173], [0.2629787656787657, 0.29504424464424467, 0.19840851925851938, 0.24356847041847046], [0.2696233266733266, 0.26640394605394624, 0.22181137473637483, 0.2421613525363525], [0.3022316516816516, 0.2983900932400932, 0.1414752747252748, 0.2579029803529804], [0.2717908480408481, 0.2827944888444888, 0.16788613608613626, 0.2775285270285271], [0.25779764320646686, 0.2644502442002442, 0.21876393051393062, 0.2589881820793587], [0.2510574952824952, 0.2848692862692863, 0.19364739427239439, 0.27042582417582417], [0.2587294613882848, 0.282322743922744, 0.22741208791208786, 0.23153570677688343], [0.24234918414918424, 0.24635225885225895, 0.2333138139638141, 0.27798474303474313], [0.2563631590631591, 0.3040295315795315, 0.15107777777777787, 0.28852953157953176], [0.28651243952126304, 0.2920386002886005, 0.16828607503607518, 0.25316288515406177], [0.2327574869574869, 0.28552318792318804, 0.19794024031524046, 0.28377908480408487], [0.2679399766899767, 0.33141938061938064, 0.20672725052725047, 0.1939133921633923], [0.27172064797947154, 0.25751968391086044, 0.22239853120735475, 0.2483611369023135], [0.18693810356310364, 0.3653841020091022, 0.22605958485958494, 0.22161820956820957], [0.24727704321821975, 0.26790306915306944, 0.22400829007593728, 0.26081159755277417], [0.29787001887001885, 0.24300961260961276, 0.20324062604062612, 0.2558797424797425], [0.19991577866577867, 0.3113337329337329, 0.20276031746031753, 0.285990170940171], [0.251733388833389, 0.31430612720612744, 0.1630358363858365, 0.2709246475746477], [0.29020089550971895, 0.29841191390309046, 0.17888787323787322, 0.23249931734931742], [0.2637652014652016, 0.2825586025086026, 0.2031368742368744, 0.25053932178932176], [0.2783562576312576, 0.2973514818514818, 0.16236890250272612, 0.2619233580145344], [0.2404783549783549, 0.2695516095016096, 0.2268010822510824, 0.26316895326895334], [0.26391280386280386, 0.3394807442557445, 0.16166089743589754, 0.23494555444555443], [0.2545974247974248, 0.321006970806971, 0.19078305583305594, 0.2336125485625487], [0.23056175491175496, 0.24582012987013002, 0.20266707932590303, 0.32095103589221236], [0.28350290069407735, 0.25891182151182157, 0.1847589632589632, 0.2728263145351379], [0.21388143686378977, 0.30232801087801103, 0.2539771529124471, 0.22981339934575232], [0.22439999444999453, 0.29229881784881795, 0.2324933066933068, 0.2508078810078811], [0.305924814074814, 0.2826518981018982, 0.1721040959040959, 0.23931919191919196], [0.23917357087357088, 0.3008609279609279, 0.18845780885780894, 0.27150769230769245], [0.25387080892963254, 0.29383989703107355, 0.14625322455322462, 0.30603606948606965], [0.3344012931512932, 0.31991567876567895, 0.1186889721389722, 0.22699405594405617], [0.18914856809856817, 0.3087718836718837, 0.22865354367854393, 0.27342600455100474], [0.3119411949161948, 0.2731847410759178, 0.12594134313399025, 0.2889327208738974], [0.2769955635867402, 0.2776608447108448, 0.1845488622488623, 0.26079472945355303], [0.2231130730380731, 0.29970877455877454, 0.196873656898657, 0.2803044955044956], [0.23617395659895662, 0.3084884199134199, 0.20825316905316907, 0.24708445443445456], [0.2149561216561218, 0.33421156980274624, 0.19370314522079235, 0.2571291633203399], [0.3329235950324184, 0.24486807636807642, 0.15928837273837276, 0.2629199558611325], [0.21845593850593853, 0.325677528027528, 0.17744134754134763, 0.27842518592518606], [0.25496270396270426, 0.28430949605949596, 0.20245859140859152, 0.2582692085692086], [0.16294617604617612, 0.3408631618381618, 0.24190628815628815, 0.2542843739593741], [0.2603741147741147, 0.31042062937062925, 0.12120216450216457, 0.3080030913530914], [0.3429876401376401, 0.2906935175935176, 0.12528963536463542, 0.24102920690420698], [0.21757460317460328, 0.3372535298035298, 0.18716717171717173, 0.25800469530469533], [0.2366584082584083, 0.28473960483960503, 0.2015896991896993, 0.27701228771228775], [0.25784083694083704, 0.2925662337662336, 0.1983025252525254, 0.2512904040404042], [0.32116994671994675, 0.23253340548340554, 0.14199374514374516, 0.3043029026529026], [0.3237516816516817, 0.30711613582495945, 0.15925870240870257, 0.2098734801146567], [0.25106379731379735, 0.2871959540459541, 0.20371339216339224, 0.2580268564768565], [0.24629304584304598, 0.32145120990121, 0.19135372025635197, 0.2409020239993925], [0.19887395382395393, 0.31542233877233883, 0.20529756354756365, 0.2804061438561439], [0.2520034632034633, 0.22036731601731602, 0.2295336940836941, 0.2980955266955268], [0.21491211566211565, 0.2923373681873684, 0.2063594128094129, 0.2863911033411033], [0.2827865578865579, 0.2514970804049752, 0.18931624515835047, 0.27640011655011654], [0.20699336219336217, 0.29432510822510843, 0.222185114885115, 0.2764964146964146], [0.30881388888888883, 0.29556147463647453, 0.16482173937173944, 0.23080289710289714], [0.22543986846486858, 0.3324571928071927, 0.15978549228549235, 0.28231744644244644], [0.24656282606282623, 0.33196097513597517, 0.16496175491175508, 0.2565144438894441], [0.2673685314685315, 0.26634534909534924, 0.18236288156288163, 0.28392323787323803], [0.19302932622932625, 0.29770708229678833, 0.25543479722891493, 0.2538287942449708], [0.23373601121101134, 0.3502525474525477, 0.15174722499722504, 0.2642642163392164], [0.22618547286047277, 0.3110902403152405, 0.19116651959151965, 0.2715577672327672], [0.2993486644074879, 0.30568539597657235, 0.14160577200577204, 0.2533601676101677], [0.3073233322233322, 0.2533057886557889, 0.13099266844266852, 0.3083782106782108], [0.2744272449772449, 0.2942155400155402, 0.1551642413142413, 0.2761929736929736], [0.26318890276390283, 0.25955595238095236, 0.1878499500499501, 0.28940519480519494], [0.2784101398601399, 0.38091728271728276, 0.11501610611610612, 0.22565647130647143], [0.22613393273393265, 0.35362948717948745, 0.16253810633810645, 0.25769847374847393], [0.2885889740977976, 0.30602567987568, 0.1404712343212344, 0.2649141117052882], [0.2637271728271729, 0.29440238650238654, 0.17301767121767128, 0.2688527694527695], [0.22832673992674002, 0.35574446664446663, 0.153550926850927, 0.26237786657786666], [0.25585555555555556, 0.2745068764568765, 0.19067461982461975, 0.27896294816294814], [0.44315021090021095, 0.2372605469693705, 0.11943667998667995, 0.20015256214373864], [0.1950597624597625, 0.3421198912198913, 0.18976507936507941, 0.27305526695526705], [0.2461787026698792, 0.30106270592152945, 0.1867804861804863, 0.26597810522810533], [0.31484816294816304, 0.28518997113997113, 0.15336949161949165, 0.24659237429237443], [0.2797201465201464, 0.3163162337662339, 0.17113120768120765, 0.2328324120324122], [0.24281181318681322, 0.3152351037851039, 0.17398547841047848, 0.26796760461760455], [0.20982198161315815, 0.3204535428623665, 0.17853743119625473, 0.2911870443282208], [0.2839762737262738, 0.25090547785547807, 0.19215714840714834, 0.2729611000111002], [0.25043655233655243, 0.26559613164613166, 0.18051318958818965, 0.3034541264291264], [0.23898277833277853, 0.26853441558441576, 0.1744757853257854, 0.3180070207570208], [0.2466793456543457, 0.32590892995892984, 0.1870856282606283, 0.24032609612609615], [0.33535830280830287, 0.3109574980574981, 0.10571527002409363, 0.24796892911010557], [0.22571625596625602, 0.26500272897037624, 0.22612762400997707, 0.28315339105339127], [0.22694958374958382, 0.28806235186382245, 0.22542476657329613, 0.2595632978132979], [0.30718046038928387, 0.25364814074814096, 0.1570444666444667, 0.2821269322181087], [0.2171517260517262, 0.2950217596129362, 0.1882753932342168, 0.29955112110112114], [0.29331946941946946, 0.28364412809412826, 0.16097006327006333, 0.2620663392163394], [0.31239481074481085, 0.25056187701187704, 0.15523042513042515, 0.2818128871128873], [0.27715357975357985, 0.3014415279165279, 0.17340231435231443, 0.2480025779775781], [0.21759016539016537, 0.3120706401441694, 0.1961798446651389, 0.2741593498005262], [0.24469769119769133, 0.2864986604898372, 0.17706091131091134, 0.29174273700156034], [0.24352510267510274, 0.29648724331224335, 0.19214464146964141, 0.2678430125430126], [0.2281629981129981, 0.28648371628371655, 0.15792817737817752, 0.32742510822510806], [0.26473704073704063, 0.3122980241980242, 0.1429351592851594, 0.28002977577977595], [0.2643401487401488, 0.2509410644910646, 0.1933455266955268, 0.2913732600732602], [0.22327112887112888, 0.30163334998334995, 0.18604363414363428, 0.2890518870018872], [0.2781153624153625, 0.2909845182595183, 0.13011025363525364, 0.3007898656898657], [0.23994402541902546, 0.27397635175282237, 0.18686665719901033, 0.29921296562914224], [0.23822693417693422, 0.31064877344877356, 0.17703910533910538, 0.27408518703518703], [0.2463705072705074, 0.2690644522144524, 0.1847311854811855, 0.299833855033855], [0.2087469252969254, 0.3070531440781441, 0.24602640137640144, 0.2381735292485293], [0.24466962481962498, 0.29995278055278063, 0.1481626262626262, 0.3072149683649683], [0.2599207181707181, 0.28015706515706534, 0.1889170718170719, 0.27100514485514493], [0.21688261297526001, 0.29169481156098803, 0.20230453990454006, 0.28911803555921217], [0.245765714840715, 0.3200092319445259, 0.18571031909267208, 0.24851473412208716], [0.2529119685869686, 0.26434881588999243, 0.16735871187635903, 0.3153805036466802], [0.2788960911637383, 0.2867269511534216, 0.17041480349715635, 0.26396215418568375], [0.29087845765345777, 0.2633810384060385, 0.16245129592629592, 0.2832892080142081], [0.23775894105894105, 0.37163191253191263, 0.1422856643356644, 0.2483234820734821], [0.24477004857887216, 0.3184187035187036, 0.1591436563436564, 0.27766759155876813], [0.2534271284271288, 0.3069700968965675, 0.17043703518703532, 0.2691657394892689], [0.2399533732607263, 0.3268381396381394, 0.18402084255613668, 0.24918764454499764], [0.3002745754245754, 0.2603011988011989, 0.1812073426573427, 0.2582168831168829], [0.35847771117771093, 0.3299861360861361, 0.12968046953046952, 0.18185568320568332], [0.218092390942391, 0.28051310911310917, 0.20972724138606494, 0.291667258558435]]}}