{"test": {"ids": ["111116170", "108113760", "110118701", "102110750", "102112301", "99117740", "112119320", "98112580", "112117431", "104117630", "111117200", "101108460", "110120640", "112116800", "101109000", "112118620", "109118820", "107116501", "109120150", "101117580", "98120530", "112121010", "110117500", "108115870", "103120531", "113118820", "104114230", "112120630", "111119430", "98107210", "111119250", "98121790", "113119300", "106113170", "100109980", "106118301", "100109000", "100110050", "113119480", "113122320", "101114990", "106116370", "100108490", "112120270", "105113260", "105110251", "102112250", "99112531", "101111140", "110114651", "108114200", "109121410", "107115250", "107118120", "112117790", "98110680", "110114720", "100116790", "112121430", "110118930", "100111620", "110115890", "103113210", "111119950", "99108010", "104111531", "108119510", "108118291", "101119591", "109113881", "113118111", "113118231", "99108310", "108116481", "105115720", "103109021", "110118880", "107113260", "104111550", "103111110", "98110710", "103120340", "112116451", "109119460", "111118820", "101114020", "97112300", "107120130", "101110200", "113122120", "111116750", "105121190", "102116500", "112116501", "113119320", "106111321", "105113440", "105111990", "109113591", "105114220", "106115240", "101108370", "107119130", "109121640", "111117120", "108118301", "113118870", "110121720", "107121540", "104114740", "111120280", "104113190", "111119610", "110116290", "107115140", "111121190", "99111000", "104110960", "98112170", "109115380", "103120780", "112118581", "104112470", "103111930", "108120260", "103113610", "99107640", "109117080", "108119550", "100112060", "104113210", "107119390", "113118810", "109114270", "113119340", "113121010", "105115680", "100113370", "107113840", "108121351", "99110730", "98112300"], "labels": [0, 1, 3, 1, 1, 2, 1, 2, 0, 0, 0, 0, 0, 0, 1, 3, 3, 1, 2, 3, 1, 2, 1, 3, 3, 0, 2, 3, 3, 1, 1, 2, 1, 0, 1, 1, 1, 3, 3, 1, 3, 2, 2, 0, 3, 0, 0, 3, 2, 3, 0, 0, 2, 3, 3, 2, 3, 2, 2, 1, 3, 2, 3, 0, 2, 0, 1, 3, 0, 0, 1, 3, 2, 0, 1, 0, 0, 0, 1, 3, 2, 1, 0, 1, 0, 3, 2, 2, 2, 1, 3, 2, 1, 3, 1, 0, 0, 2, 3, 3, 1, 1, 1, 0, 2, 1, 0, 3, 2, 2, 0, 3, 2, 2, 0, 1, 2, 2, 3, 3, 1, 1, 1, 3, 1, 2, 1, 1, 1, 2, 3, 2, 3, 3, 0, 2, 2, 3, 3, 3, 3, 2], "predicted_labels": [3, 1, 3, 1, 1, 0, 1, 3, 0, 1, 3, 3, 3, 1, 3, 3, 1, 1, 3, 1, 3, 1, 3, 3, 3, 3, 1, 0, 3, 1, 3, 3, 3, 1, 3, 0, 3, 1, 1, 3, 1, 3, 1, 3, 1, 1, 3, 0, 0, 0, 1, 3, 1, 1, 3, 1, 1, 1, 1, 1, 3, 1, 1, 3, 1, 1, 1, 3, 0, 1, 1, 1, 3, 0, 1, 3, 3, 1, 1, 3, 1, 3, 0, 1, 3, 3, 3, 0, 1, 1, 0, 1, 3, 3, 1, 1, 1, 1, 1, 3, 3, 0, 1, 0, 1, 0, 1, 3, 1, 1, 0, 1, 3, 3, 3, 3, 1, 3, 3, 1, 1, 1, 1, 1, 3, 3, 1, 1, 1, 3, 3, 1, 1, 3, 3, 1, 1, 3, 1, 3, 1, 0], "confidence_scores": [[0.26067553835053825, 0.2849217116217117, 0.1380070235320236, 0.31639572649572645], [0.24199666836431544, 0.3110533189033189, 0.18469311603429261, 0.26225689669807334], [0.28213314659197014, 0.27850185484450196, 0.1530095282168812, 0.2863554703466469], [0.18311708846708846, 0.32690172050172056, 0.23620911310911327, 0.253772077922078], [0.2274009157509159, 0.31926974691974674, 0.15313813963813974, 0.30019119769119784], [0.33581634754134754, 0.2812306415806416, 0.1324216061716062, 0.25053140470640484], [0.18525980685980697, 0.3370694250194249, 0.1845262404262405, 0.29314452769452776], [0.2300693445443447, 0.2539187035187037, 0.22781777111777113, 0.2881941808191808], [0.30297602952602937, 0.2932107087357091, 0.11890200632700637, 0.28491125541125545], [0.22573134643134635, 0.3319919635919636, 0.19615218670218681, 0.2461245032745033], [0.27940184260184264, 0.2314690004440006, 0.12416352813852817, 0.3649656288156289], [0.23005884670884677, 0.22515752580752593, 0.19227568542568554, 0.3525079420579419], [0.25409222444222446, 0.2916119214119213, 0.1595480186480188, 0.2947478354978355], [0.21903038073038092, 0.3197535262123498, 0.15704752273869935, 0.3041685703185705], [0.2637226689976691, 0.26925765900765913, 0.1583326498664734, 0.3086870221281986], [0.2656291042291043, 0.2374239704739706, 0.14426310356310365, 0.352683821733822], [0.28835782273282273, 0.29387778887778904, 0.1395001145912911, 0.2782642737980975], [0.30768294287411946, 0.31291584689819996, 0.1068119772384478, 0.27258923298923293], [0.2527987401487402, 0.27827572150072166, 0.1775359113109114, 0.291389627039627], [0.22855270562770574, 0.31363797640268226, 0.1660110092521858, 0.29179830871742635], [0.2034177738927739, 0.2784552891552891, 0.18371363081363104, 0.33441330613830605], [0.20820336330336334, 0.3254875901875904, 0.16975442890442888, 0.2965546176046175], [0.1991007215007217, 0.30840360750360757, 0.161492934842935, 0.331002736152736], [0.23511822066822072, 0.29549730824730835, 0.1428095016095018, 0.3265749694749694], [0.2840036297036298, 0.2734143634143634, 0.14326960816960818, 0.2993123987123988], [0.2735481296481295, 0.2948591131091131, 0.11989824064824073, 0.3116945165945168], [0.24653564213564225, 0.2856361305361305, 0.19757438672438699, 0.2702538406038407], [0.31488807303807287, 0.22290525585525583, 0.1503901154401155, 0.3118165556665554], [0.25930604454025524, 0.2829691548217864, 0.14998633004422482, 0.3077384705937337], [0.22768201243201244, 0.28445777000777, 0.20358263403263413, 0.2842775835275836], [0.2475019119769122, 0.2592290903540904, 0.2010774411862649, 0.29219155648273293], [0.2640552836052836, 0.2719416444666446, 0.16447011599511627, 0.2995329559329559], [0.2658982295482296, 0.28914280719280727, 0.1403672827172828, 0.3045916805416805], [0.2944488295330401, 0.30176013606276764, 0.13040025500814978, 0.2733907793960426], [0.24680162337662342, 0.2606272799096329, 0.19787738209502923, 0.29469371461871463], [0.350045395454219, 0.24231753801753814, 0.1312398823398824, 0.2763971841883607], [0.23857013346131, 0.27854961900844255, 0.19729132534132532, 0.28558892218892207], [0.22459629259629274, 0.30751481851481854, 0.21365881895881914, 0.25423006993006986], [0.28477552170052167, 0.2947789607451371, 0.13942499085881446, 0.28102052669552685], [0.24579305139305144, 0.29410354367854363, 0.1651797480297481, 0.29492365689865696], [0.2165953102453103, 0.3108392995892996, 0.18677255522255531, 0.28579283494283475], [0.2598918109668109, 0.2590876845376847, 0.15423018648018658, 0.3267903180153179], [0.21942997557997565, 0.2978085747585748, 0.21657534687534696, 0.26618610278610294], [0.28546406093906096, 0.24586470310735012, 0.1758590953164484, 0.29281214063714056], [0.24911424686424694, 0.3081193437281674, 0.1576658488570254, 0.2851005605505605], [0.27147597402597407, 0.29603928016428016, 0.14151815406815418, 0.2909665917415919], [0.28825370462870437, 0.20723147963147992, 0.16956602564102577, 0.3349487900987899], [0.28457596292596293, 0.2807857697857699, 0.18490359640359655, 0.24973467088467097], [0.29553562271062284, 0.25739316239316257, 0.1727777222777223, 0.2742934926184927], [0.29656216006215996, 0.25587452547452566, 0.155686754911755, 0.2918765595515595], [0.24910360195360204, 0.325674037074037, 0.1792241480741481, 0.24599821289821291], [0.2305161116661118, 0.28644701964701974, 0.1656121711621712, 0.3174246975246975], [0.20246169941169948, 0.323106238206238, 0.17673400488400504, 0.2976980574980576], [0.25301474636474647, 0.3546258297258296, 0.12319468309468312, 0.26916474081474084], [0.2791517887341416, 0.2599395759469292, 0.14182874935521994, 0.31907988596370945], [0.2720488677988679, 0.27236343656343653, 0.18835941280941287, 0.26722828282828276], [0.22901762740183804, 0.29929821187584366, 0.17272379535669022, 0.2989603653656285], [0.2132477835889601, 0.30705965896848253, 0.18700062160062156, 0.29269193584193587], [0.2584193248272197, 0.2984312437562438, 0.19472952077162603, 0.2484199106449108], [0.1898607756622464, 0.32232595345830645, 0.19952468087468103, 0.28828859000476664], [0.27489925074925053, 0.2380921594745125, 0.1953307009983481, 0.29167788877788875], [0.196406943383414, 0.32796646294881565, 0.18203001443001451, 0.2935965792377556], [0.21961766917293246, 0.2985378947677709, 0.1843597171834014, 0.2974847188758953], [0.2749972416472418, 0.2397905705405705, 0.13926273171273185, 0.3459494560994559], [0.26974905649905656, 0.34477936507936513, 0.14762864357864366, 0.23784293484293498], [0.2806061161061161, 0.32547394827394827, 0.12886727161727166, 0.2650526640026641], [0.26286305916305924, 0.30315391830391836, 0.1452615440115441, 0.28872147852147845], [0.3044084915084913, 0.26923246198246203, 0.11803220668220674, 0.30832683982683984], [0.33268824231324234, 0.2425896531573003, 0.12451052444287743, 0.30021158008657994], [0.3112359390609391, 0.3143357697857698, 0.12556649184149188, 0.24886179931179936], [0.27121676101676095, 0.3107813020313021, 0.12690669885669892, 0.291095238095238], [0.24660404040404052, 0.3095992757242757, 0.15294632312132322, 0.29085036075036064], [0.24969877899877907, 0.2708482350982352, 0.1938627650127652, 0.285590220890221], [0.3195115448277211, 0.26680294182941255, 0.1163473598297128, 0.2973381535131534], [0.2106006069094306, 0.30888732933732943, 0.18998350619968274, 0.2905285575535577], [0.2535459373959375, 0.29235345210345204, 0.159298040848041, 0.29480256965256946], [0.2688695637695638, 0.27027467809967826, 0.13634252136752145, 0.32451323676323673], [0.21817402597402602, 0.3048569708069708, 0.2175362470862471, 0.2594327561327563], [0.21555722284251708, 0.2992145509719039, 0.20933200018935313, 0.27589622599622615], [0.22513204543994017, 0.2613388389388391, 0.23664792181502722, 0.2768811938061939], [0.21409464424464442, 0.27870865800865813, 0.2655261516261518, 0.24167054612054625], [0.1982595931845932, 0.26035435871318247, 0.263863140454317, 0.2775229076479077], [0.31127859917859924, 0.2689274558774559, 0.1417519036519037, 0.27804204129204135], [0.22069551179814348, 0.31726774161511, 0.18376726606726612, 0.2782694805194806], [0.2937023226773226, 0.2542834404157934, 0.14706797483562192, 0.3049462620712621], [0.2573756493506494, 0.2730171717171718, 0.18179191919191923, 0.28781525974025973], [0.26934988622488637, 0.2546821539571542, 0.15614448051948057, 0.3198234792984793], [0.29283460983460996, 0.27823164613164614, 0.158917698967699, 0.27001604506604515], [0.18049479997127046, 0.34295332886068186, 0.19948344155844178, 0.27706842960960615], [0.22896949357831717, 0.323627101493278, 0.1743373265623265, 0.2730660783660785], [0.3248320742982507, 0.24992728937728959, 0.14464413364413367, 0.28059650268032643], [0.2187243720331956, 0.3013589077589078, 0.20485603840603855, 0.27506068180185833], [0.24786856280973932, 0.27588528138528146, 0.18638756798756811, 0.28985858781741153], [0.27164040681540685, 0.27860725108225126, 0.1408740925740926, 0.30887824952824966], [0.25748480408480423, 0.33589980019979987, 0.13058345902463556, 0.27603193669076015], [0.23390384615384624, 0.31173327228327213, 0.18966520701520712, 0.2646976745476746], [0.2255706959706961, 0.2987533577533579, 0.18127359862359868, 0.2944023476523477], [0.20218297258297266, 0.3124420274170273, 0.1971584831834833, 0.2882165168165168], [0.2843476634476636, 0.3174230796980797, 0.13941906981906993, 0.25881018703518716], [0.2603542291042291, 0.2659501776001774, 0.19867331475713831, 0.275022278538455], [0.24036540681540688, 0.297882378732379, 0.15628432123432134, 0.30546789321789314], [0.3058564657564657, 0.30119242864978163, 0.14119910204174912, 0.2517520035520037], [0.21844135586635605, 0.3116715673215671, 0.19216532552414914, 0.2777217512879278], [0.30303145743145726, 0.283632128982129, 0.15560726495726504, 0.25772914862914875], [0.22680836581718938, 0.34769129481629496, 0.1857006612668378, 0.23979967809967814], [0.30768600370218, 0.2785570504658741, 0.11944820179820187, 0.294308744033744], [0.2624010635563268, 0.2903112555573083, 0.16431869431737867, 0.2829689865689865], [0.28925485625485625, 0.23898554778554779, 0.17370722055722057, 0.2980523754023754], [0.21682200577200594, 0.3046817349317349, 0.22634116994116996, 0.25215508935508957], [0.22869207459207463, 0.3368472305472306, 0.17079276279276276, 0.2636679320679321], [0.3037784881784881, 0.24243286713286727, 0.18087211122211136, 0.2729165334665333], [0.2194276057276057, 0.3298913194648489, 0.17087582091111522, 0.2798052538964305], [0.24141340048840068, 0.2784842712842712, 0.1930309523809525, 0.28707137584637593], [0.2515431457431458, 0.2642933621933623, 0.1609906704406705, 0.3231728216228217], [0.2274271034521035, 0.2805422383172382, 0.17998972416472417, 0.3120409340659339], [0.2571242313242313, 0.28742995892995904, 0.16506025641025654, 0.2903855533355534], [0.22459059633177297, 0.30987095518860225, 0.18256413390531046, 0.28297431457431466], [0.2030657425907425, 0.28681860916860935, 0.21292693417693448, 0.29718871406371417], [0.31568249528249526, 0.19228686868686876, 0.16732548562548558, 0.3247051504051503], [0.22425239792886859, 0.3016749342161107, 0.1863217393717396, 0.2877509284832814], [0.23633568653568654, 0.296635434010434, 0.1931203851703854, 0.27390849428349423], [0.24019974469974484, 0.365771991896992, 0.12923458485958492, 0.2647936785436784], [0.2813800144300145, 0.3197002331002331, 0.14020376208758561, 0.2587159903821671], [0.2340381535131536, 0.30271941946941966, 0.19127031857031856, 0.2719721084471086], [0.220966366966367, 0.29697995337995325, 0.16987151459651476, 0.312182165057165], [0.2555935397935399, 0.2486434398934401, 0.22333830058830065, 0.27242471972472], [0.28255331335331324, 0.2955743312243313, 0.16812425352425373, 0.25374810189810193], [0.203968364968365, 0.3324152541902543, 0.17706885614385617, 0.2865475246975247], [0.20225003052503057, 0.30676645021645027, 0.1902025197025199, 0.30078099955599946], [0.25969121989122007, 0.25092439227439234, 0.18587554112554117, 0.30350884670884654], [0.2952214737876503, 0.241980077438901, 0.14626255966255972, 0.31653588911088903], [0.20978813408813415, 0.3209286896110425, 0.18550613667378385, 0.28377703962703965], [0.2259073842823844, 0.32087356891474555, 0.16255562999092416, 0.2906634168119463], [0.21369745254745265, 0.2835272949272949, 0.17014509657009663, 0.33263015595515605], [0.27445134669252325, 0.24793608450373153, 0.16261888275123568, 0.31499368605250955], [0.2137885725385726, 0.323757301032301, 0.15779702797202808, 0.3046570984570984], [0.2098881923631925, 0.2912092657342659, 0.22365426240426264, 0.2752482794982796], [0.23583074931604353, 0.26134489840225145, 0.1859251154074684, 0.31689923687423693], [0.22459585969585968, 0.3359267343767343, 0.15531365856365864, 0.2841637473637474], [0.27411294261294267, 0.2866564407814406, 0.14697799145299156, 0.2922526251526252], [0.18052797202797208, 0.31328947718947703, 0.24091179931179946, 0.2652707514707515], [0.3380616577866577, 0.2147340215340216, 0.16395609390609403, 0.28324822677322703]]}, "rewritten": {"ids": ["97112300", "98107210", "98110680", "98110710", "98112170", "98112300", "98112580", "98120530", "98121790", "99107640", "99108010", "99108310", "99110730", "99111000", "99112531", "99117740", "100108490", "100109000", "100109980", "100110050", "100111620", "100112060", "100113370", "100116790", "101108370", "101108460", "101109000", "101110200", "101111140", "101114020", "101114990", "101117580", "101119591", "102110750", "102112250", "102112301", "102116500", "103109021", "103111110", "103111930", "103113210", "103113610", "103120340", "103120531", "103120780", "104110960", "104111531", "104111550", "104112470", "104113190", "104113210", "104114230", "104114740", "104117630", "105110251", "105111990", "105113260", "105113440", "105114220", "105115680", "105115720", "105121190", "106111321", "106113170", "106115240", "106116370", "106118301", "107113260", "107113840", "107115140", "107115250", "107116501", "107118120", "107119130", "107119390", "107120130", "107121540", "108113760", "108114200", "108115870", "108116481", "108118291", "108118301", "108119510", "108119550", "108120260", "108121351", "109113591", "109113881", "109114270", "109115380", "109117080", "109118820", "109119460", "109120150", "109121410", "109121640", "110114651", "110114720", "110115890", "110116290", "110117500", "110118701", "110118880", "110118930", "110120640", "110121720", "111116170", "111116750", "111117120", "111117200", "111118820", "111119250", "111119430", "111119610", "111119950", "111120280", "111121190", "112116451", "112116501", "112116800", "112117431", "112117790", "112118581", "112118620", "112119320", "112120270", "112120630", "112121010", "112121430", "113118111", "113118231", "113118810", "113118820", "113118870", "113119300", "113119320", "113119340", "113119480", "113121010", "113122120", "113122320"], "labels": [2, 1, 2, 2, 3, 2, 2, 1, 2, 1, 2, 2, 3, 2, 3, 2, 2, 1, 1, 3, 3, 2, 3, 2, 1, 0, 1, 2, 2, 3, 3, 3, 0, 1, 0, 1, 1, 0, 3, 3, 3, 2, 1, 3, 1, 2, 0, 1, 1, 3, 3, 2, 2, 0, 0, 2, 3, 0, 3, 2, 1, 2, 0, 0, 1, 2, 1, 0, 3, 0, 2, 1, 3, 1, 2, 2, 2, 1, 0, 3, 0, 3, 1, 1, 1, 1, 3, 3, 0, 3, 3, 1, 3, 1, 2, 0, 0, 3, 3, 2, 2, 1, 3, 0, 1, 0, 3, 0, 3, 2, 0, 0, 1, 3, 2, 0, 0, 1, 0, 3, 0, 0, 3, 1, 3, 1, 0, 3, 2, 2, 1, 3, 3, 0, 0, 1, 1, 0, 3, 2, 1, 1], "predicted_labels": [3, 1, 0, 3, 0, 0, 1, 1, 3, 1, 1, 1, 1, 1, 0, 0, 1, 3, 3, 1, 3, 3, 3, 0, 0, 3, 3, 1, 3, 3, 3, 3, 0, 1, 3, 3, 3, 0, 1, 1, 3, 1, 1, 3, 1, 1, 1, 1, 1, 1, 3, 1, 1, 1, 1, 1, 3, 1, 0, 1, 1, 3, 3, 3, 1, 3, 0, 1, 1, 3, 1, 0, 1, 1, 1, 3, 3, 3, 1, 1, 0, 0, 0, 3, 3, 3, 1, 0, 0, 3, 3, 1, 1, 1, 3, 3, 0, 3, 0, 3, 3, 3, 0, 3, 1, 1, 0, 3, 3, 1, 3, 3, 0, 3, 3, 3, 0, 0, 0, 1, 1, 1, 3, 1, 3, 1, 3, 0, 1, 1, 1, 1, 1, 3, 0, 1, 1, 0, 1, 1, 3, 1], "confidence_scores": [[0.25137405845788213, 0.2690226198637962, 0.15976323676323684, 0.31984008491508487], [0.21603876678876693, 0.3207174325674328, 0.19292064797947173, 0.27032315266432916], [0.27878138528138546, 0.256426862026862, 0.21932344877344886, 0.24546830391830401], [0.21899160284160293, 0.25152714393449715, 0.2437577450327452, 0.2857235081911554], [0.31507102342102355, 0.2139316239316239, 0.17453643578643588, 0.29646091686091675], [0.33957449494949515, 0.23306956931956951, 0.1261955322455323, 0.3011604034854034], [0.20874877344877374, 0.303006648906649, 0.20273744311244307, 0.28550713453213444], [0.22689985569985582, 0.3050007242757242, 0.17322819680319693, 0.2948712232212232], [0.25098658008658015, 0.2609396325896327, 0.187681945831946, 0.3003918414918416], [0.2613558885558886, 0.29505631590631587, 0.18028574758574778, 0.26330204795204804], [0.2693595776772247, 0.3527713627875391, 0.1532930375180376, 0.2245760220171985], [0.23747324342324336, 0.3257079079417315, 0.18935739064856727, 0.2474614579864581], [0.21470625544046595, 0.28215766631029804, 0.24164243505032984, 0.26149364319890633], [0.21755920468420473, 0.3064653643741882, 0.1704741702741704, 0.3055012606674372], [0.3409828810078808, 0.318057881007881, 0.1362463924963925, 0.20471284548784546], [0.31940349095349074, 0.2999764291264292, 0.11039365079365082, 0.2702264291264293], [0.2516618631368632, 0.2949117743367745, 0.20112033162915524, 0.2523060308972074], [0.23673895271395276, 0.29208331113331115, 0.15669888444888455, 0.31447885170385165], [0.2572334276834277, 0.26105194805194815, 0.21722583527583525, 0.26448878898878897], [0.21802362359862365, 0.3136595293595294, 0.21970337995338, 0.24861346708846713], [0.2700108696858698, 0.2593255244755246, 0.1920530691530692, 0.27861053668553665], [0.25945427072927085, 0.25982097624597644, 0.20096739094239105, 0.27975736208236196], [0.2521360634463577, 0.27190071562424517, 0.16865794091529396, 0.3073052800141035], [0.2931152819402818, 0.2590994033744035, 0.1887296037296039, 0.25905571095571117], [0.3386827616827618, 0.26326508769008794, 0.1235493811743812, 0.27450276945276947], [0.2330223590135356, 0.26777364302364304, 0.18281248196248207, 0.3163915160003393], [0.2216048257298258, 0.2934055722055723, 0.14014948580830933, 0.3448401162562928], [0.2033490453990454, 0.3156433246492073, 0.22624166258578035, 0.2547659673659674], [0.2710166305916308, 0.27978836163836174, 0.1602191863691864, 0.2889758214008212], [0.26826443001443023, 0.26872489177489184, 0.15458759573759587, 0.3084230824730825], [0.21329307081807092, 0.2671797147297148, 0.226903712953713, 0.29262350149850136], [0.21470471750471765, 0.2799489376636435, 0.1864646778058545, 0.3188816670257847], [0.3060400488400489, 0.2946891802641805, 0.13560919080919087, 0.26366158008658], [0.21821747974247982, 0.31146905594405616, 0.23177393994894002, 0.23853952436452447], [0.33544593739593714, 0.19975535379653037, 0.11938877233877235, 0.34540993646875995], [0.25033128538128546, 0.3046012210012211, 0.13502130647130645, 0.3100461871461871], [0.2629169191919193, 0.2720208902208905, 0.16721501831501828, 0.2978471722721723], [0.2956826784326785, 0.28370386280386295, 0.1342575924075924, 0.2863558663558663], [0.2607830447330448, 0.285936940836941, 0.18094769119769114, 0.2723323232323232], [0.2256025363525364, 0.28362246283128634, 0.20888371628371635, 0.2818912845324612], [0.2400796592296594, 0.29563504191886547, 0.15448230935730936, 0.30980298949416607], [0.2373710281548517, 0.2877021090021091, 0.24720104699222345, 0.227725815850816], [0.19049793539793544, 0.27569983349983357, 0.26548729048729053, 0.26831494061494066], [0.3125399711399711, 0.25389776334776354, 0.11532655122655133, 0.3182357142857142], [0.21334967532467553, 0.3038159396159399, 0.20865082695082696, 0.27418355810855816], [0.2210893106893106, 0.31203804528804546, 0.19427164502164518, 0.2726009990009992], [0.2650872904872906, 0.31700172605172605, 0.1394970418470419, 0.2784139416139417], [0.20002472527472545, 0.31786541236541255, 0.18143812021312025, 0.3006717421467422], [0.25237803781186147, 0.30499826489300175, 0.17573751607869265, 0.2668861812164446], [0.2849849836438072, 0.29945767761650094, 0.12868499996735291, 0.286872338772339], [0.28890287490287503, 0.23469196914196944, 0.183291108891109, 0.2931140470640471], [0.23446195193695188, 0.3057064352314352, 0.19087783882783885, 0.2689537740037741], [0.2561880175380175, 0.29552622932622935, 0.17578044178044197, 0.2725053113553116], [0.25795023383049703, 0.3018531608742134, 0.1506409692646536, 0.28955563603063633], [0.28414042069042084, 0.33245659895659896, 0.1426099622599624, 0.2407930180930182], [0.20311366688866692, 0.32942072845455195, 0.19563157398157402, 0.27183403067520717], [0.2509089152677388, 0.29034841824841834, 0.15692777026894686, 0.3018148962148962], [0.27714346127728473, 0.2805830078418313, 0.16920335661070962, 0.2730701742701742], [0.31045053557553554, 0.24076447441447457, 0.1926064657564659, 0.25617852425352444], [0.1717520368520369, 0.306830058830059, 0.2589364191364193, 0.26248148518148523], [0.21082377981495642, 0.3104639749139749, 0.17731026751026752, 0.3014019777608015], [0.2492898157398159, 0.2781489232989234, 0.18936176046176056, 0.2831995004995006], [0.2849058025308025, 0.25617432763315134, 0.15331949798567443, 0.30560037185037164], [0.2574026362526362, 0.2966760572760575, 0.14126724386724393, 0.3046540626040626], [0.1987935730935732, 0.3400062659562659, 0.18115187590187587, 0.28004828504828505], [0.2631994477744478, 0.2702082861582861, 0.17445550838050833, 0.2921367576867576], [0.31585649628149637, 0.26863732933732937, 0.12508256188256187, 0.29042361249861265], [0.19842646438528783, 0.3414823454323455, 0.17680052529170187, 0.283290664890665], [0.21001759351759364, 0.33178933288933277, 0.1453115384615385, 0.31288153513153527], [0.24872774754485275, 0.25848792873792875, 0.1507947827026775, 0.34198954101454093], [0.22530331335331347, 0.3105111666111666, 0.16332446719946728, 0.3008610528360529], [0.31734691142191135, 0.26347710067710073, 0.10667485847485851, 0.3125011294261294], [0.23411452436452454, 0.3329283438783439, 0.15840836940836944, 0.27454876234876235], [0.22971003441003449, 0.29034692807192797, 0.20896278443778452, 0.2709802530802531], [0.20987293817293823, 0.30934246113363784, 0.19433414363414367, 0.2864504570592805], [0.2664038739038738, 0.26938888333888333, 0.16903055833055838, 0.29517668442668443], [0.25177116217116235, 0.2773773318185083, 0.1584198190698191, 0.3124316869405104], [0.2252936547113018, 0.27833020313020307, 0.21624678458796118, 0.28012935757053414], [0.24525513016395378, 0.2859223586870646, 0.1885920638185346, 0.28023044733044705], [0.23639956709956725, 0.300661213786214, 0.18306315073815077, 0.2798760683760685], [0.3347187950937948, 0.2544477744477746, 0.11551344211344214, 0.29531998834498835], [0.3676353416191651, 0.25047247752247764, 0.10620787627405276, 0.2756843045843047], [0.3008747533168586, 0.2879807026307027, 0.1362337029327742, 0.27491084111966474], [0.3015284215784217, 0.2551680763680765, 0.13222434232434244, 0.31107915972915945], [0.2083725449387215, 0.296148484848485, 0.1925011155511156, 0.3029778546616782], [0.26328094128094137, 0.2907015076426841, 0.14596339216339224, 0.3000541589129824], [0.278291878383055, 0.29074739345621703, 0.15723643578643579, 0.2737242923742925], [0.32625482295482305, 0.2810225385725386, 0.13160806415806425, 0.2611145743145745], [0.3260165279165279, 0.3183372405372406, 0.13267507492507497, 0.22297115662115669], [0.2748043983793985, 0.2374809385059385, 0.15703738206238207, 0.33067728105228095], [0.24142312360841767, 0.2734266083589614, 0.1754114734938266, 0.3097387945387944], [0.23429983349983355, 0.3334223748473749, 0.15020078532578535, 0.28207700632700644], [0.23198334165834178, 0.3127178127428126, 0.16537657897657915, 0.28992226662226683], [0.2064245512657279, 0.3512511710511711, 0.19095724275724285, 0.2513670349258585], [0.26443482073482083, 0.26371702741702757, 0.1772053058053059, 0.29464284604284613], [0.2596906815406816, 0.2741435730935732, 0.16828493728493743, 0.297880808080808], [0.31804091268208917, 0.2380354051177581, 0.1538438564703271, 0.2900798257298257], [0.26881711621711646, 0.2504214840714841, 0.147150172050172, 0.3336112276612278], [0.3023405128497233, 0.26265726948490115, 0.18844217420006898, 0.24656004346530674], [0.23578941613941623, 0.28831294261294266, 0.1610827505827506, 0.3148148906648907], [0.2663664113664115, 0.2643320770732537, 0.16847258166669934, 0.3008289298936358], [0.24101768027294357, 0.2768522784233312, 0.1624435611172454, 0.31968648018648027], [0.3012075951825952, 0.26942640692640685, 0.13338212898212903, 0.2959838689088689], [0.25169362304362314, 0.2673477133977136, 0.11084682539682543, 0.370111838161838], [0.23884431124431144, 0.335751282051282, 0.1541454295704296, 0.27125897713397723], [0.24501383061383072, 0.32044170274170275, 0.1536520979020979, 0.2808923687423688], [0.28986485736485756, 0.2815465589965591, 0.17147027417027422, 0.25711830946830966], [0.2732142884892886, 0.254224447774448, 0.18016482406482417, 0.2923964396714397], [0.2774809551559553, 0.25213986568986585, 0.14547226107226116, 0.32490691808191796], [0.24844460261960266, 0.3319716561216563, 0.1699564657564659, 0.24962727550227554], [0.2970567266067266, 0.22809983627483632, 0.13639903984903992, 0.33844439726939723], [0.27859286824286833, 0.26724313464313465, 0.13866926961926965, 0.3154947274947275], [0.2657820346320347, 0.2654196830946831, 0.2059768537018537, 0.2628214285714287], [0.25059736155657214, 0.31488685933949084, 0.11906301447090924, 0.31545276463302796], [0.2756109446109446, 0.2697994644244645, 0.17687818292818305, 0.27771140803640804], [0.29156984681984693, 0.24303354700854696, 0.13448790098790106, 0.33090870518370497], [0.2954854451104451, 0.2252122433122435, 0.1910678821178822, 0.28823442945942923], [0.2910254023754023, 0.25732203907203927, 0.1803830835830837, 0.27126947496947496], [0.3201707625707626, 0.3077584193584193, 0.10455449550449551, 0.2675163225663225], [0.29609595959595963, 0.3203819125319125, 0.13449454434454441, 0.24902758352758353], [0.2442437506937508, 0.3118200688200688, 0.15702768897768904, 0.28690849150849157], [0.2755604062604065, 0.32171758796758787, 0.11459983349983355, 0.28812217227217213], [0.26623119658119665, 0.2555152902652905, 0.15178067488067498, 0.32647283827283813], [0.2631219696969699, 0.3171152347652346, 0.172163813963814, 0.2475989815739818], [0.24743263207380864, 0.2806822233322235, 0.1643955655455656, 0.3074895790484027], [0.20738431372549027, 0.305343106893107, 0.2045282051282052, 0.282744374253198], [0.2606760461760462, 0.2790815814904051, 0.17441090967855685, 0.28583146265499204], [0.31776844821844813, 0.25522233322233345, 0.11546438561438564, 0.31154483294483293], [0.21692368187368202, 0.32448744033744054, 0.16470749250749253, 0.2938813852813855], [0.2591423187923189, 0.29537466977467, 0.19209407814407825, 0.2533889332889333], [0.2883846653346655, 0.3190577145077146, 0.12579956154956162, 0.2667580586080587], [0.26861169941169927, 0.28697725052725054, 0.16793379953379964, 0.2764772505272507], [0.22539610667110674, 0.34995499859617524, 0.19124951388480818, 0.23339938084791045], [0.2712847485847487, 0.26651526969762285, 0.1378829063093769, 0.3243170754082517], [0.2878135011187646, 0.25875517275122556, 0.1706694713181556, 0.2827618548118549], [0.2697549034299035, 0.3092892995892997, 0.1451935647685648, 0.2757622322122322], [0.27095651190914355, 0.3051156770130452, 0.13115579779697437, 0.29277201328083674], [0.28347911532911535, 0.2699091519591518, 0.167904551004551, 0.27870718170718173], [0.2610824203574204, 0.3291269092019092, 0.16369156121656134, 0.24609910922410932], [0.23637930125430137, 0.32598996003995995, 0.1530304084804085, 0.28460033022533027], [0.26239789654789675, 0.28512540955776267, 0.16309944891709607, 0.289377244977245], [0.2847776112776113, 0.2932401515151516, 0.16233526751026753, 0.2596469696969698]]}}