{"test": {"ids": ["97116800", "112118701", "103110050", "107116300", "106115250", "99111440", "99105921", "102121700", "109118231", "106113260", "107119390", "110114651", "113121410", "111120260", "97106820", "109114220", "110113931", "98106111", "107116340", "112116540", "112118880", "110113591", "111120190", "108118520", "98107380", "101114020", "98119591", "106119990", "110116170", "106118820", "111114121", "102112250", "99108000", "98110710", "97116500", "108121190", "104111550", "111120591", "106116120", "109118161", "110121140", "107114621", "105112130", "97105760", "99107630", "111115910", "98107410", "111120540", "108120060", "109115220", "109113281", "112118890", "98106880", "103111990", "110120640", "100115700", "101108580", "98116500", "113121750", "112121410", "108114040", "101108121", "109116040", "113122230", "100112060", "101111620", "98108580", "105118740", "113120280", "106113190", "112117210", "112116640", "108115250", "112120630", "100109910", "99108710", "108118291", "103110220", "100109360", "112116810", "108116501", "109113931", "104111380", "98120010", "98108520", "105113330", "100116790", "108114360", "106116820", "104116980", "108117360", "107114200", "109117431", "113118111", "97107920", "112120990", "101112540", "98107010", "104112470", "106116370", "111116750", "110120700", "101114990", "107113550", "108121410", "108114220", "104111531", "109113881", "107113840", "112116501", "112116880", "99109860", "106117650", "103110760", "110120540", "98112580", "102109010", "111116010", "111116290", "112117780", "112118810", "110115140", "108114200", "109116930", "97106970", "107114140", "104114740", "103110100", "112121430", "113118511", "99121440", "111116990", "101108370", "112118550", "103118291", "102113210", "106113360", "113119450", "107118520", "102118380", "109117110", "111120280"], "labels": [0, 0, 3, 0, 2, 3, 1, 1, 1, 3, 2, 3, 0, 3, 1, 3, 1, 0, 3, 1, 1, 0, 3, 0, 1, 3, 1, 0, 0, 3, 0, 0, 2, 2, 2, 1, 1, 1, 1, 0, 3, 0, 1, 0, 2, 2, 3, 1, 1, 3, 0, 3, 0, 2, 0, 1, 0, 2, 0, 0, 0, 0, 0, 1, 2, 3, 0, 1, 0, 0, 1, 0, 1, 3, 2, 2, 3, 2, 0, 3, 0, 1, 3, 2, 2, 3, 2, 1, 1, 1, 1, 2, 1, 1, 0, 2, 2, 3, 1, 2, 3, 2, 3, 0, 0, 3, 0, 0, 3, 3, 0, 2, 1, 1, 1, 2, 1, 1, 2, 0, 3, 0, 0, 0, 2, 2, 2, 1, 2, 1, 2, 0, 1, 3, 0, 3, 0, 3, 2, 1, 1, 0], "predicted_labels": [1, 0, 0, 3, 2, 3, 3, 3, 0, 1, 3, 3, 1, 0, 3, 3, 3, 3, 3, 1, 3, 3, 2, 1, 0, 3, 3, 1, 1, 3, 1, 3, 1, 2, 0, 1, 0, 0, 1, 3, 0, 1, 0, 0, 0, 1, 3, 0, 3, 3, 0, 1, 0, 3, 3, 0, 3, 0, 1, 3, 3, 0, 3, 0, 1, 1, 1, 2, 3, 2, 3, 3, 0, 3, 3, 1, 0, 2, 3, 3, 3, 0, 3, 1, 2, 1, 0, 3, 1, 1, 3, 3, 3, 3, 0, 2, 3, 2, 3, 3, 3, 3, 1, 3, 1, 0, 3, 0, 3, 3, 2, 1, 3, 2, 1, 3, 3, 1, 2, 3, 3, 3, 3, 1, 1, 1, 2, 1, 2, 1, 2, 3, 3, 2, 3, 3, 3, 3, 3, 1, 1, 0], "confidence_scores": [[0.25751406767280993, 0.2938844845606901, 0.18439352281316684, 0.2642079249533333], [0.3556678992692908, 0.3162540011804258, 0.0707446072903028, 0.25733349225998076], [0.40340826291112636, 0.27175011786878817, 0.11415208743271844, 0.21068953178736693], [0.09770796513432586, 0.19111107397247656, 0.19508257673263457, 0.516098384160563], [0.1505479089832758, 0.19228058256739647, 0.4973808912855679, 0.15979061716375992], [0.19789829865953382, 0.1891060318767521, 0.22400322440426526, 0.3889924450594488], [0.18437203031901514, 0.14442132340265812, 0.08876519105700437, 0.5824414552213224], [0.14527298866304328, 0.25014357693522116, 0.2381846454250851, 0.36639878897665046], [0.29310339661984514, 0.2838387200678711, 0.19059719403944328, 0.23246068927284055], [0.15559209161031737, 0.4673206258307766, 0.15317995729579, 0.22390732526311605], [0.08345967540594021, 0.37093110469959223, 0.11806736001824097, 0.4275418598762266], [0.1789562570556384, 0.20504566170940441, 0.08302262021960284, 0.5329754610153543], [0.29420778854788926, 0.4076561249015328, 0.09036663973253319, 0.20776944681804485], [0.3800632260854164, 0.3644587957607653, 0.08200013775469386, 0.17347784039912453], [0.2588758605115699, 0.21428702752373646, 0.14232837198533008, 0.3845087399793635], [0.15516086239474522, 0.11743847963345329, 0.230451626048887, 0.4969490319229145], [0.27231736660959865, 0.24763116207129016, 0.13790787892824907, 0.34214359239086206], [0.19950046068333588, 0.21753368030965314, 0.19682124839280032, 0.38614461061421074], [0.2766331204774973, 0.19236254538416594, 0.23068769887409873, 0.30031663526423796], [0.20327250765850785, 0.36762680417516924, 0.18260523519029098, 0.24649545297603223], [0.19137014275614567, 0.30502442941442565, 0.1773108952599001, 0.3262945325695286], [0.23255135495852797, 0.25047251221733885, 0.09716528264676191, 0.4198108501773712], [0.1628216720355756, 0.15128302067148056, 0.3848529958692618, 0.30104231142368215], [0.16043013933498879, 0.3301852941126709, 0.18227548241190225, 0.32710908414043804], [0.4552509780206849, 0.16145890081886694, 0.14983263014494713, 0.23345749101550117], [0.32267503882462, 0.18079690137609528, 0.13094256064513457, 0.36558549915415], [0.1909583897309793, 0.2746040118088715, 0.21553593940294558, 0.31890165905720375], [0.22182564193981147, 0.29260653466312675, 0.19424481014176428, 0.29132301325529736], [0.13844651541977052, 0.6083413748083887, 0.13567330411082645, 0.11753880566101439], [0.09614145192515919, 0.09721279906779556, 0.08652849208964436, 0.7201172569174009], [0.3418963636843567, 0.36294236070262853, 0.07719962919168753, 0.2179616464213272], [0.2731138181809141, 0.2462718515058272, 0.0973725772029404, 0.38324175311031844], [0.09659620327316588, 0.42239629783605837, 0.07484474531175894, 0.40616275357901666], [0.08457844145747466, 0.24821244403615125, 0.3346777679206988, 0.33253134658567535], [0.3998236920699966, 0.17627320290879844, 0.20268638562306354, 0.22121671939814136], [0.20310714713866718, 0.6328604147420603, 0.05638863482143772, 0.1076438032978347], [0.47764124010061004, 0.23448017682490788, 0.11828471443216879, 0.16959386864231343], [0.3254805354251957, 0.26284473065259656, 0.17283429563867828, 0.2388404382835294], [0.1974714493921052, 0.30145325400121625, 0.22674931529390976, 0.2743259813127688], [0.15875785135398193, 0.255679249051864, 0.07611519559279073, 0.5094477040013634], [0.39699472931740715, 0.25228021239371906, 0.11459310279843321, 0.2361319554904406], [0.2896741791910291, 0.31583313728977075, 0.09507833452041119, 0.2994143489987891], [0.32757426435904463, 0.28558126144978907, 0.21109131561231864, 0.17575315857884766], [0.32261224913158804, 0.2643875535432424, 0.13166265019739093, 0.2813375471277786], [0.38972099486874806, 0.14010799233069968, 0.10284056759365885, 0.3673304452068936], [0.1808945770994118, 0.3736733666488448, 0.1745594429011152, 0.2708726133506282], [0.24114897315135628, 0.22220389607456476, 0.17670402646171393, 0.35994310431236504], [0.32851704408258514, 0.3046005749356838, 0.1263937795313775, 0.2404886014503536], [0.16968934174779557, 0.28303093505602667, 0.16329906410850398, 0.3839806590876738], [0.19554627097697266, 0.2638078297381456, 0.15053657833351405, 0.3901093209513677], [0.5463590889103991, 0.14232655885907333, 0.04580113112713298, 0.26551322110339454], [0.23955703127342548, 0.2819234702352882, 0.20830554123039338, 0.2702139572608929], [0.3484378091359431, 0.1918232813669536, 0.13662373800028157, 0.32311517149682156], [0.19804272982561993, 0.261562806423612, 0.1830598256176561, 0.357334638133112], [0.2946243548311526, 0.28468431672169825, 0.09337427673456408, 0.3273170517125851], [0.5905307334906148, 0.13717348674823268, 0.05147210320794327, 0.22082367655320928], [0.25895481730120024, 0.14794292538582113, 0.21406539714963008, 0.37903686016334853], [0.4299944121676801, 0.1760064690412525, 0.09858395287729911, 0.29541516591376815], [0.16473862602757325, 0.4924126640219785, 0.21366561840054898, 0.12918309154989932], [0.16349956153926473, 0.2815507808981697, 0.16892983973724549, 0.38601981782532013], [0.12591619061338932, 0.24437884093694728, 0.15147516974629488, 0.4782297987033685], [0.38692447148281045, 0.22101857766225375, 0.16576281361847545, 0.22629413723646033], [0.14362056597825298, 0.2628672806483374, 0.0948380354615027, 0.4986741179119071], [0.3269313439503466, 0.29199979784953917, 0.16079050085314392, 0.2202783573469702], [0.15575432536757458, 0.3343906884388071, 0.2748176524451382, 0.23503733374847996], [0.19044574146787538, 0.5263458821924344, 0.09346712460462066, 0.18974125173506953], [0.09428141030040128, 0.5936291751867934, 0.05778543544317967, 0.2543039790696257], [0.16324896148539222, 0.22230943582861526, 0.3103666126884982, 0.30407498999749416], [0.2700008130766327, 0.28553265536249733, 0.12191875966892934, 0.3225477718919406], [0.20554854272199363, 0.18939347347356508, 0.33045929220727477, 0.2745986915971664], [0.16038125935743847, 0.23684804453466662, 0.12853848365927012, 0.47423221244862485], [0.21666235455645647, 0.2660234877817266, 0.18831941213058886, 0.32899474553122815], [0.3955958005479551, 0.17169709081310885, 0.11627161748895154, 0.31643549114998454], [0.27975063557098584, 0.23598531003309034, 0.11264619287754536, 0.37161786151837845], [0.06831807505189763, 0.1808282821279442, 0.276815978678659, 0.4740376641414994], [0.21461121987660828, 0.28176507714217003, 0.26514973347030646, 0.23847396951091526], [0.5136899982219993, 0.18120896311562437, 0.05107656999101838, 0.2540244686713581], [0.08415309312539593, 0.21468522165851514, 0.49456316872336314, 0.2065985164927258], [0.2329290975284392, 0.12534557641706343, 0.10727517043985403, 0.5344501556146434], [0.2111941520263215, 0.1817089611151251, 0.15424345821132776, 0.4528534286472258], [0.22685983159124798, 0.26130176960866663, 0.10061930923065451, 0.4112190895694308], [0.416902203538864, 0.174478053566122, 0.2373369889157324, 0.1712827539792816], [0.21119992325115047, 0.27251707941457903, 0.1419638075722465, 0.37431918976202405], [0.15962960937585466, 0.4768987972336073, 0.12833128753708506, 0.23514030585345314], [0.24150013980981777, 0.24937609685518822, 0.27716137513824507, 0.2319623881967491], [0.15466414564834094, 0.47460487438629934, 0.1551596143507908, 0.2155713656145689], [0.45357329067044105, 0.18492629813934872, 0.12242046699328951, 0.2390799441969208], [0.1852243765182483, 0.2464067211280529, 0.25843598513309296, 0.3099329172206062], [0.1657722305538941, 0.3748669868328266, 0.10134795915665792, 0.35801282345662144], [0.2261430111488515, 0.33997299785107854, 0.23463607670397754, 0.19924791429609243], [0.1351131843821456, 0.2247723497752728, 0.2651157274110317, 0.3749987384315499], [0.17430689610023284, 0.32353385490881653, 0.08477922813209551, 0.41738002085885517], [0.2629047275591251, 0.24212919240608538, 0.09532590462378848, 0.39964017541100116], [0.17449260081416018, 0.3357934921073653, 0.09402015740844342, 0.3956937496700311], [0.4103240330196009, 0.2090410480733466, 0.12484790868056482, 0.25578701022648764], [0.1101118240162099, 0.1747876460411284, 0.6060771351155071, 0.10902339482715441], [0.15348123587421847, 0.2775939931720626, 0.08100592782646056, 0.48791884312725853], [0.23439870506588964, 0.2978254815546018, 0.3373829106578199, 0.1303929027216887], [0.13884141543444042, 0.2228573842624067, 0.20438566279448686, 0.433915537508666], [0.18508539926286588, 0.2743395075802854, 0.07339181875000607, 0.46718327440684265], [0.2747915914394986, 0.1394278698462365, 0.08732803080463715, 0.4984525079096278], [0.19682951027557424, 0.2881678895846151, 0.11730327177411135, 0.3976993283656994], [0.11919376580252884, 0.7268691075324232, 0.06311197512609458, 0.09082515153895351], [0.14591787151960697, 0.34398398932100077, 0.15707651783705073, 0.35302162132234166], [0.1364721744756019, 0.6263295763232068, 0.08603637968487057, 0.15116186951632057], [0.39489704102817524, 0.2084150524474047, 0.19108944146010187, 0.20559846506431811], [0.24119825927163255, 0.2534272793200239, 0.08802850502778986, 0.41734595638055383], [0.3648987906500196, 0.22946114105852053, 0.08848987424541767, 0.3171501940460424], [0.12769743988489887, 0.2613564931838708, 0.23605429484507326, 0.3748917720861573], [0.30713069067038645, 0.24008955732673842, 0.10231377420150403, 0.3504659778013712], [0.13830685283146074, 0.25921279327409413, 0.4591698044844393, 0.14331054941000584], [0.20813584933472618, 0.4151670004589614, 0.09373519306374385, 0.28296195714256855], [0.19942197584086893, 0.19980807321351718, 0.28514514867459034, 0.31562480227102363], [0.24063066896346655, 0.20437227160466406, 0.2834959733802799, 0.27150108605158957], [0.09161699897654446, 0.37523816162852763, 0.2275853278328032, 0.3055595115621249], [0.19068336046254514, 0.2857268204642743, 0.19331825640418066, 0.3302715626690001], [0.17253813803341436, 0.24420858486727975, 0.13982609586675745, 0.4434271812325486], [0.21211386504975513, 0.4680101307191049, 0.0920682837144357, 0.22780772051670425], [0.22957509036618817, 0.2088673911730293, 0.3868412878988344, 0.17471623056194835], [0.15859070656652052, 0.31795608962400224, 0.08090861084399027, 0.44254459296548704], [0.26636837280649606, 0.25776650148256913, 0.11931497701147667, 0.3565501486994582], [0.12676368222845258, 0.12057383127503629, 0.085195864703577, 0.6674666217929339], [0.16544775398034006, 0.23991101668335632, 0.129209454422126, 0.46543177491417753], [0.2056086219793379, 0.36430907237044297, 0.07799287669680095, 0.35208942895341827], [0.16288028127694215, 0.40225677646178504, 0.1545980150324525, 0.2802649272288204], [0.20353870788284764, 0.29171748578358814, 0.27002485832711276, 0.23471894800645143], [0.14826572151429201, 0.28614436139129923, 0.4295340191871834, 0.1360558979072253], [0.21397900701100075, 0.4908733526245537, 0.14804537675088084, 0.14710226361356474], [0.13079883864023856, 0.1545530581116399, 0.48215282073175364, 0.23249528251636792], [0.2122331445104258, 0.4965823162754753, 0.08903106622033989, 0.20215347299375888], [0.12188988539172552, 0.10495493221949699, 0.6594117617148403, 0.11374342067393721], [0.27615614442620046, 0.209500776890534, 0.21843276286733113, 0.29591031581593447], [0.13640951351955838, 0.1189824818844051, 0.10579486087217442, 0.638813143723862], [0.2501918573556618, 0.18857228660863298, 0.33657399694464096, 0.22466185909106423], [0.2690437597827372, 0.1944509982575766, 0.2603658323322732, 0.2761394096274129], [0.22620778840008798, 0.12816124104082752, 0.2889545908093303, 0.3566763797497542], [0.10036631079358885, 0.25420603893213206, 0.08702534442791239, 0.5584023058463669], [0.1606395773497187, 0.3602764421355131, 0.10690125373564174, 0.37218272677912656], [0.2563709325964298, 0.30073412029891516, 0.10878297525040204, 0.3341119718542531], [0.12735036137146577, 0.3392641405835181, 0.23560048160956626, 0.2977850164354498], [0.29153145117115153, 0.3183714255267778, 0.1274016180088864, 0.2626955052931842], [0.4214724169427649, 0.23742778638942144, 0.11888432755666048, 0.2222154691111533]]}, "rewritten": {"ids": ["97105760", "97106820", "97106970", "97107920", "97116500", "97116800", "98106111", "98106880", "98107010", "98107380", "98107410", "98108520", "98108580", "98110710", "98112580", "98116500", "98119591", "98120010", "99105921", "99107630", "99108000", "99108710", "99109860", "99111440", "99121440", "100109360", "100109910", "100112060", "100115700", "100116790", "101108121", "101108370", "101108580", "101111620", "101112540", "101114020", "101114990", "102109010", "102112250", "102113210", "102118380", "102121700", "103110050", "103110100", "103110220", "103110760", "103111990", "103118291", "104111380", "104111531", "104111550", "104112470", "104114740", "104116980", "105112130", "105113330", "105118740", "106113190", "106113260", "106113360", "106115250", "106116120", "106116370", "106116820", "106117650", "106118820", "106119990", "107113550", "107113840", "107114140", "107114200", "107114621", "107116300", "107116340", "107118520", "107119390", "108114040", "108114200", "108114220", "108114360", "108115250", "108116501", "108117360", "108118291", "108118520", "108120060", "108121190", "108121410", "109113281", "109113881", "109113931", "109114220", "109115220", "109116040", "109116930", "109117110", "109117431", "109118161", "109118231", "110113591", "110113931", "110114651", "110115140", "110116170", "110120540", "110120640", "110120700", "110121140", "111114121", "111115910", "111116010", "111116290", "111116750", "111116990", "111120190", "111120260", "111120280", "111120540", "111120591", "112116501", "112116540", "112116640", "112116810", "112116880", "112117210", "112117780", "112118550", "112118701", "112118810", "112118880", "112118890", "112120630", "112120990", "112121410", "112121430", "113118111", "113118511", "113119450", "113120280", "113121410", "113121750", "113122230"], "labels": [0, 1, 2, 0, 2, 0, 0, 0, 3, 1, 3, 2, 0, 2, 2, 2, 1, 2, 1, 2, 2, 2, 2, 3, 2, 0, 2, 2, 1, 2, 0, 1, 0, 3, 2, 3, 3, 1, 0, 3, 1, 1, 3, 1, 2, 1, 2, 0, 3, 0, 1, 1, 2, 1, 1, 3, 1, 0, 3, 0, 2, 1, 2, 1, 1, 3, 0, 0, 3, 2, 2, 0, 0, 3, 2, 2, 0, 0, 3, 1, 1, 0, 1, 3, 0, 1, 1, 0, 0, 0, 1, 3, 3, 0, 0, 1, 1, 0, 1, 0, 1, 3, 0, 0, 1, 0, 2, 3, 0, 2, 1, 2, 3, 0, 3, 3, 0, 1, 1, 3, 1, 0, 3, 0, 1, 0, 3, 0, 3, 1, 3, 3, 2, 0, 2, 1, 1, 3, 0, 0, 0, 1], "predicted_labels": [0, 3, 2, 0, 0, 2, 3, 1, 1, 0, 3, 1, 1, 2, 3, 3, 3, 1, 3, 0, 1, 2, 1, 3, 2, 0, 2, 1, 0, 1, 3, 3, 3, 1, 3, 3, 1, 3, 3, 3, 1, 3, 1, 1, 3, 3, 1, 2, 3, 3, 1, 1, 2, 2, 1, 1, 1, 1, 1, 0, 3, 2, 3, 1, 1, 3, 3, 3, 3, 1, 3, 0, 3, 2, 0, 3, 3, 3, 0, 2, 3, 1, 3, 0, 3, 3, 1, 1, 0, 0, 0, 3, 3, 3, 1, 3, 3, 1, 0, 3, 1, 3, 3, 1, 3, 3, 3, 0, 1, 1, 3, 2, 0, 1, 2, 1, 0, 0, 0, 0, 1, 1, 3, 1, 2, 3, 2, 0, 3, 3, 1, 0, 3, 3, 2, 3, 1, 3, 3, 3, 1, 1], "confidence_scores": [[0.31267216372133627, 0.24662435291988621, 0.12926528932794712, 0.3114381940308304], [0.20000668522972073, 0.1697570764683034, 0.11118060868108368, 0.5190556296208924], [0.09190731553795438, 0.20391156597234222, 0.4308012435646821, 0.2733798749250214], [0.4173162004582403, 0.18816210548252849, 0.10820977407658838, 0.2863119199826429], [0.4717623589193089, 0.14163482505066682, 0.19067398565486862, 0.19592883037515588], [0.21505213057579994, 0.18369751678059834, 0.3629281254392353, 0.23832222720436666], [0.18227779549200668, 0.1470204540442381, 0.0759954881204944, 0.5947062623432607], [0.20512275862805815, 0.3775031219415925, 0.16848457367038236, 0.24888954575996697], [0.19283232138809034, 0.3594320956901624, 0.2844553301174003, 0.16328025280434702], [0.46630698468089626, 0.1316780814067453, 0.10530697980279942, 0.29670795410955914], [0.21417741319192982, 0.28928576950683066, 0.17983698109358165, 0.31669983620765774], [0.1720257996810789, 0.5367415041392122, 0.13974867854339285, 0.1514840176363161], [0.09040385630782964, 0.6790256577949743, 0.07639409919667821, 0.15417638670051786], [0.1174306278309124, 0.16312295739551438, 0.4251469314206945, 0.2942994833528787], [0.08349923619765798, 0.20817118685692657, 0.18804080983315594, 0.5202887671122596], [0.1590776609756705, 0.14510045910977115, 0.3114793982367327, 0.38434248167782564], [0.18880893843045046, 0.2662641349126976, 0.1838268412283843, 0.3611000854284678], [0.09742671920352125, 0.5170923626397539, 0.11526447892508712, 0.2702164392316378], [0.24590195795763314, 0.2558542056127611, 0.15751029610779138, 0.3407335403218143], [0.5135376119482986, 0.1273891851488229, 0.14776993735900423, 0.21130326554387419], [0.10384667669687012, 0.6297193930749581, 0.1115344258776377, 0.15489950435053415], [0.1945404488653434, 0.21334043745425402, 0.3231127179465901, 0.26900639573381246], [0.18926538617933544, 0.4338325474623554, 0.08053247181509313, 0.29636959454321593], [0.13367562498919275, 0.13901916052075414, 0.13323723508186325, 0.5940679794081898], [0.090961511956568, 0.12969726405445173, 0.6533191505764472, 0.12602207341253308], [0.37830337999375385, 0.24480425920721682, 0.12780424918877026, 0.24908811161025926], [0.07180084171944484, 0.07809350039752454, 0.47802315617968794, 0.3720825017033427], [0.157776907859737, 0.32145061151487564, 0.22100236422493832, 0.2997701164004491], [0.4739692943507969, 0.24381462014521998, 0.15438497820257222, 0.12783110730141092], [0.33381808471675983, 0.40205280474884836, 0.0913375781230182, 0.17279153241137354], [0.2705265820127064, 0.30382731273224906, 0.11714195114197644, 0.3085041541130681], [0.1609279611333388, 0.19784051932478341, 0.09945725376887735, 0.5417742657730005], [0.19554094726432628, 0.10483144956075953, 0.13805816302154483, 0.5615694401533695], [0.25255912759893456, 0.3006201039496169, 0.26229817969749875, 0.18452258875395008], [0.17124359461492558, 0.2720856618717822, 0.08982806320415433, 0.46684268030913784], [0.2920862599816298, 0.1749951234959998, 0.11128390879938733, 0.42163470772298317], [0.07300245959595819, 0.6481540850777978, 0.14005987925197216, 0.13878357607427194], [0.26802774766635057, 0.22457220267350594, 0.15184495161526787, 0.3555550980448757], [0.3109884430601122, 0.2763972797370542, 0.09828237210287209, 0.3143319050999616], [0.2814603805349145, 0.12431202835313579, 0.21073896987171187, 0.38348862124023786], [0.13307722581857154, 0.420697643844548, 0.22494588644951866, 0.22127924388736187], [0.1759603168425082, 0.24693076692473273, 0.2628957776863393, 0.3142131385464199], [0.22349497725928646, 0.348792958417191, 0.17673278341936477, 0.25097928090415766], [0.2495460755377726, 0.5859217322733447, 0.0455547510458237, 0.11897744114305907], [0.09667699022732101, 0.21616165677827467, 0.290920164373269, 0.3962411886211352], [0.10282480511116159, 0.18463599515188905, 0.33016843604535034, 0.3823707636915991], [0.15644872119303035, 0.3493430746201203, 0.22265139208254947, 0.27155681210429994], [0.21815352720015657, 0.2985635382487508, 0.3170911862851568, 0.16619174826593597], [0.2096336935935919, 0.23393075633546898, 0.1887565517363298, 0.36767899833460943], [0.23057423266082763, 0.2569755291656494, 0.08926099716602204, 0.42318924100750094], [0.3074206754197963, 0.3548833230335164, 0.15696464091800708, 0.18073136062868042], [0.21134509510809762, 0.3096645412472148, 0.21052323698844735, 0.2684671266562403], [0.31018031072688795, 0.22556916665945384, 0.33682210359878534, 0.12742841901487303], [0.1392210133636918, 0.296120615770835, 0.36265895729478614, 0.20199941357068707], [0.1936353726950762, 0.5491709871491173, 0.09374157435152047, 0.16345206580428626], [0.07094289083898143, 0.694324579716121, 0.03780498823582248, 0.19692754120907488], [0.19663910484121028, 0.3902101676906233, 0.20141559662674932, 0.21173513084141707], [0.2922770484899114, 0.29602630008612707, 0.19327213762987774, 0.21842451379408373], [0.10289064434675618, 0.6084063208013927, 0.16280405167427825, 0.1258989831775728], [0.2957511716536618, 0.15826610311675623, 0.27926961432684566, 0.2667131109027363], [0.08444964715151283, 0.1051258872682928, 0.3486477160785931, 0.46177674950160114], [0.22489504799065832, 0.28784098721239654, 0.3084790074427892, 0.1787849573541561], [0.24457073693367135, 0.23276072446621937, 0.08934420389135583, 0.43332433470875337], [0.1304611611100293, 0.3962201298530498, 0.1569032450765464, 0.3164154639603745], [0.14529144353454607, 0.48575455792096806, 0.2009194352827009, 0.1680345632617852], [0.3301549348449351, 0.10940117676642307, 0.11020056906091859, 0.4502433193277233], [0.23074648634407513, 0.29369255698905994, 0.1451413255329397, 0.33041963113392514], [0.2209716910654813, 0.2617983244537836, 0.221941291972292, 0.2952886925084429], [0.2594603664572075, 0.3154015111910467, 0.08472552748917686, 0.340412594862569], [0.2063246996080128, 0.3930208049887536, 0.1883668836028913, 0.21228761180034236], [0.11577451387477439, 0.34275466944950433, 0.14415030935743858, 0.39732050731828283], [0.3481326532641073, 0.3125581501858503, 0.09485078846805338, 0.24445840808198913], [0.1374704148119781, 0.24690316079428162, 0.23809428995127832, 0.377532134442462], [0.24434072326872627, 0.23390370755320306, 0.33052924020721863, 0.19122632897085218], [0.31067797428511984, 0.2953288055775165, 0.10325153084767782, 0.29074168928968586], [0.06925332246653151, 0.2899215380026325, 0.22071352584859014, 0.420111613682246], [0.28478581754139987, 0.3006336928387416, 0.08974569799703927, 0.32483479162281914], [0.13165986875228622, 0.20568364247801285, 0.1708972584490252, 0.4917592303206758], [0.3938082384912516, 0.22520632638219706, 0.16788214984189148, 0.21310328528465997], [0.19100621298849205, 0.28749680163391794, 0.30500379288965873, 0.21649319248793128], [0.22592048512660573, 0.24215912615123308, 0.12714828068488238, 0.4047721080372788], [0.19299540709662028, 0.40787213733683203, 0.09281873872446507, 0.30631371684208264], [0.07592213817215901, 0.2208107770933885, 0.2338065952831195, 0.469460489451333], [0.4865958326084219, 0.2610638839772377, 0.04506197703368886, 0.2072783063806516], [0.16896282817690528, 0.3011197221910118, 0.18145261760587802, 0.34846483202620504], [0.1966671961523464, 0.3056894534982685, 0.17065972084999623, 0.3269836294993888], [0.1623285426790625, 0.5164638185229014, 0.1111362373338494, 0.2100714014641868], [0.19501192942003748, 0.560515481986985, 0.08930427069149655, 0.1551683179014811], [0.5389234459365628, 0.15040718060002725, 0.05194025369021366, 0.2587291197731961], [0.4019043263874743, 0.2587500656411441, 0.12486448521881152, 0.21448112275257014], [0.31486758476524623, 0.2555765592482763, 0.25362083405163255, 0.175935021934845], [0.14167801495579863, 0.16614433942823695, 0.05441944452140668, 0.6377582010945578], [0.18517613064533472, 0.28162348615293226, 0.17243296005552156, 0.36076742314621174], [0.12455226387694958, 0.3167055413537206, 0.07554591816907529, 0.4831962766002546], [0.17589656463448014, 0.3903573226021804, 0.09506352121287175, 0.33868259155046776], [0.26752221404755816, 0.23816825164621241, 0.12202974014651498, 0.3722797941597145], [0.23696843727951752, 0.24337461317089792, 0.08301112711458081, 0.4366458224350038], [0.24872276723788841, 0.42803184230679614, 0.11641759489311443, 0.20682779556220102], [0.3068610480802527, 0.30139133827046005, 0.1995434218729176, 0.19220419177636971], [0.18632957477034032, 0.2503201795992867, 0.08614936506968233, 0.4772008805606907], [0.2069860743934967, 0.3638998134600212, 0.11096589169356713, 0.318148220452915], [0.1658055294127441, 0.2579493237650514, 0.1016918281513223, 0.47455331867088224], [0.12676368222845258, 0.12057383127503629, 0.085195864703577, 0.6674666217929339], [0.11839281714761823, 0.5958981527257811, 0.17667002579225155, 0.1090390043343491], [0.1991173135260912, 0.18208292623663633, 0.1741018268033189, 0.4446979334339536], [0.3104419266762196, 0.255404094955873, 0.10173964393604767, 0.3324143344318598], [0.23275473283457213, 0.16195289325531523, 0.19810525900228926, 0.40718711490782344], [0.3525598936655823, 0.2376554740974787, 0.13591779702615348, 0.27386683521078564], [0.2661988648785118, 0.40468932485813525, 0.08607941425299755, 0.24303239601035545], [0.1808945770994118, 0.3736733666488448, 0.1745594429011152, 0.2708726133506282], [0.23585211212716478, 0.12868761161062894, 0.1676654002240848, 0.4677948760381216], [0.155224211486917, 0.1733109703347919, 0.33816572780854254, 0.33329909036974853], [0.49287218851601716, 0.1255452106683401, 0.06283992891475598, 0.3187426719008869], [0.206632306342388, 0.35699444622339743, 0.22885408200900764, 0.2075191654252071], [0.1622799971116769, 0.22191182490304676, 0.3157673737264087, 0.3000408042588676], [0.3029066891861122, 0.4264575166509361, 0.10098834439740001, 0.1696474497655515], [0.439381431221034, 0.2581334202321901, 0.1237253192219971, 0.17875982932477877], [0.4542333038451572, 0.3140768495570676, 0.10376607704381667, 0.1279237695539586], [0.36249111166742387, 0.28524971656954445, 0.13743390775145517, 0.21482526401157648], [0.3579335646642957, 0.23179497210486738, 0.08831433864571525, 0.32195712458512193], [0.14774177542892125, 0.37480688078206836, 0.2901104478783246, 0.18734089591068587], [0.19267342904584497, 0.3340495612205213, 0.1425142019379151, 0.33076280779571876], [0.2667300173391921, 0.17932560010978207, 0.17861101581603867, 0.37533336673498724], [0.21305087800531425, 0.30482911898778337, 0.23626287091669607, 0.24585713209020643], [0.1264591981327489, 0.17067227277002897, 0.4428116161815466, 0.26005691291567556], [0.14396284596225253, 0.25133634722623577, 0.13096189344282563, 0.4737389133686862], [0.25658394618925023, 0.2050755473007354, 0.3017662419908732, 0.23657426451914115], [0.3193774348476437, 0.28756624764650096, 0.08924874459849998, 0.30380757290735544], [0.1660431099200054, 0.33315087213021427, 0.13684017143940308, 0.3639658465103774], [0.26200607988364594, 0.28708137815050255, 0.1535954493981545, 0.29731709256769695], [0.2134745213276831, 0.29643223258206347, 0.26721991008624174, 0.22287333600401152], [0.4171853554122603, 0.18997523768820182, 0.11648975205135545, 0.27634965484818236], [0.22193991935818344, 0.2411277689786542, 0.26107099426158686, 0.2758613174015755], [0.17201037417203457, 0.2685796482721788, 0.17028758657313156, 0.38912239098265494], [0.11841093466851854, 0.20100744839233226, 0.557258373126207, 0.1233232438129424], [0.23159514062603428, 0.2561380856179906, 0.09752204322314217, 0.41474473053283295], [0.16108474000055553, 0.6413221504630411, 0.07771426067820801, 0.11987884885819541], [0.1436244441292755, 0.21457195581498603, 0.09213852174921107, 0.5496650783065273], [0.18787656350730567, 0.2140072119809994, 0.09034022660597578, 0.5077759979057191], [0.23426483516966268, 0.2892566879395417, 0.1223882258199661, 0.35409025107082964], [0.14264415700061633, 0.5868321208830388, 0.10129562939622937, 0.16922809272011544], [0.2524009245659994, 0.38667647457588883, 0.19575324743456787, 0.1651693534235439]]}}