{"test": {"ids": ["113118820", "101113210", "99109740", "98106560", "110114321", "100116790", "97111790", "105113170", "113118421", "108121351", "110117110", "113122510", "101114020", "101111620", "108120060", "111115400", "111114171", "102107961", "109115220", "102110050", "113121810", "110119300", "101110740", "113120280", "109118161", "113121980", "98107380", "109117730", "113117401", "99111440", "97114170", "111120260", "107120880", "97107260", "104113380", "105113260", "99111620", "100109360", "98109311", "110114610", "106115120", "105121190", "105116441", "113122160", "103117461", "107118780", "109118820", "99108890", "111116530", "105117351", "113122170", "107114110", "97116790", "107114200", "103120531", "101114990", "107114780", "110118301", "102112030", "103111990", "109115380", "112121351", "108118810", "113122180", "103118110", "108118520", "99119830", "98106680", "111119300", "98107210", "112119930", "110114651", "110113931", "100108580", "111116110", "107116340", "97105580", "106116820", "113118630", "107118120", "106112770", "109113281", "98108150", "97107040", "100108080", "111114941", "104114410", "110121720", "105120621", "110118630", "110114950", "111116640", "111116010", "109120560", "113118690", "103109791", "100111380", "112116640", "112120990", "109119340", "99120010", "98112300", "98120010", "102112301", "106116370", "113120531", "100109980", "113117340", "99108580", "113121220", "104113170", "113119480", "100107920", "104114320", "103110100", "109121351", "111121190", "106118820", "104118070", "100113210", "98116940", "102109910", "112118810", "113120591", "105118230", "97116410", "98106111", "102113210", "106111321", "103113170", "104111711", "112120700", "111116090", "112118820", "103113260", "112117780", "111119610", "108117451", "108115250", "111120540", "113121750", "111115780"], "labels": [0, 3, 3, 1, 1, 2, 2, 0, 3, 3, 0, 2, 3, 3, 1, 0, 3, 3, 3, 3, 2, 1, 3, 0, 0, 2, 1, 3, 3, 3, 2, 3, 1, 2, 1, 3, 3, 0, 1, 1, 1, 2, 1, 3, 0, 1, 3, 0, 3, 0, 1, 1, 2, 2, 3, 3, 2, 1, 2, 2, 3, 0, 1, 2, 2, 0, 1, 1, 1, 1, 1, 3, 1, 0, 3, 3, 1, 1, 3, 3, 1, 0, 0, 2, 0, 0, 1, 3, 1, 1, 0, 0, 1, 1, 3, 3, 3, 0, 2, 3, 2, 2, 2, 1, 2, 0, 1, 2, 0, 3, 3, 3, 0, 2, 1, 0, 1, 3, 2, 0, 2, 2, 3, 0, 1, 3, 0, 3, 0, 3, 1, 2, 3, 0, 3, 0, 2, 2, 1, 1, 0, 1], "predicted_labels": [3, 1, 1, 3, 1, 0, 3, 3, 3, 3, 1, 1, 3, 1, 1, 3, 3, 1, 3, 1, 1, 1, 1, 3, 0, 3, 3, 3, 1, 3, 3, 1, 3, 3, 1, 1, 1, 3, 3, 1, 0, 1, 1, 1, 1, 3, 3, 1, 1, 3, 1, 3, 0, 3, 1, 1, 1, 1, 1, 1, 1, 1, 3, 3, 3, 1, 1, 1, 3, 1, 1, 3, 1, 1, 3, 1, 0, 1, 1, 1, 3, 3, 1, 1, 1, 1, 3, 1, 3, 1, 3, 3, 1, 1, 1, 1, 0, 3, 1, 3, 3, 3, 0, 1, 0, 1, 0, 1, 1, 3, 1, 1, 3, 1, 3, 1, 1, 3, 1, 3, 1, 3, 1, 1, 1, 1, 1, 3, 1, 1, 3, 1, 3, 1, 1, 3, 1, 0, 1, 1, 3, 1], "confidence_scores": [[0.24936403873903873, 0.27667306582306583, 0.17708055278055282, 0.2968823426573427], [0.23446656676656688, 0.36705997890997877, 0.16511731046731046, 0.2333561438561439], [0.1847323232323232, 0.3181679376179376, 0.27203302808302804, 0.22506671106671114], [0.2655506771006771, 0.25235223665223666, 0.16722518037518047, 0.31487190587190583], [0.20319505494505488, 0.35391419691419695, 0.20301002886002892, 0.23988071928071936], [0.33131978576978566, 0.25220436785436784, 0.20099945054945068, 0.215476395826396], [0.2567949217449219, 0.233290664890665, 0.20348424908424906, 0.30643016428016434], [0.2523761072261072, 0.2854166833166833, 0.17544222999223005, 0.28676497946497953], [0.31150244579981423, 0.2462789080200846, 0.13026603592485944, 0.311952610255242], [0.2335719041192726, 0.28226921032184193, 0.18580442890442903, 0.2983544566544567], [0.2282566794316795, 0.30187186979686986, 0.23902108447108442, 0.2308503663003665], [0.21313726828726828, 0.3083886224886225, 0.21708225108225102, 0.2613918581418581], [0.22774581529581533, 0.28864555640438005, 0.18821926406926415, 0.29538936423054063], [0.25538622488622503, 0.2702709790209791, 0.2311465260229967, 0.24319627006979952], [0.2673171495171495, 0.2807917693417694, 0.2285249139749141, 0.2233661671661673], [0.2764028047116282, 0.2727108891108892, 0.16550786435786438, 0.2853784418196184], [0.26543672438672444, 0.2853083028083028, 0.16096371961371964, 0.2882912531912533], [0.23870446024563666, 0.26549975775858137, 0.23962996447996462, 0.2561658175158176], [0.2084642857142857, 0.21318650793650804, 0.15913852813852827, 0.4192106782106782], [0.24120664335664335, 0.28193200688200687, 0.21255380175380179, 0.26430754800754813], [0.210207647907648, 0.33700988455988473, 0.2395361471861473, 0.21324632034632057], [0.2744260683760684, 0.30589788544788554, 0.14095678765678765, 0.27871925851925866], [0.23470139305139318, 0.2897069985569986, 0.24210108225108237, 0.2334905261405263], [0.3017983627483628, 0.23717617937617957, 0.12987935952935953, 0.3311460983460984], [0.277791663891664, 0.27439739982239975, 0.19098090520590535, 0.25683003108003105], [0.18042967587967587, 0.26309088689088694, 0.19661144411144424, 0.3598679931179931], [0.26002981462981467, 0.264439726939727, 0.2018482406482408, 0.27368221778221774], [0.2837142801642802, 0.2365085303585303, 0.17755401820401814, 0.3022231712731713], [0.2610738039738042, 0.29456171051171043, 0.166105205905206, 0.27825927960927965], [0.22131193806193805, 0.2631864413364413, 0.22398429348429358, 0.2915173271173272], [0.20915409590409603, 0.2894287709023004, 0.20220807754337178, 0.2992090556502324], [0.2826582695082696, 0.28416969696969696, 0.18725577200577198, 0.24591626151626148], [0.26272722832722845, 0.2588124098124099, 0.19266131646131657, 0.28579904539904544], [0.21974973359973357, 0.25240682095682093, 0.20814063159063162, 0.3197028138528138], [0.23786069486069492, 0.29390350760350764, 0.2350424575424575, 0.23319333999334008], [0.238264640914641, 0.32399708069708066, 0.18179946719946727, 0.2559388111888112], [0.17873152958152969, 0.3325484848484848, 0.27206832611832615, 0.21665165945165946], [0.23817999777999802, 0.26819619824619834, 0.19635019425019437, 0.2972736097236098], [0.22349392274392282, 0.23931467976467982, 0.24548272283272285, 0.2917086746586748], [0.2223611888111889, 0.26698215118215135, 0.25031524586524595, 0.2603414141414144], [0.34174125319125326, 0.26987374325021385, 0.14540516150516158, 0.24297984205337164], [0.22086202131202143, 0.3276302419802419, 0.25070192585192586, 0.20080581085581112], [0.2369679542679543, 0.34651212121212116, 0.18870584415584424, 0.22781408036408052], [0.21782537462537474, 0.3488982683982682, 0.21956618381618398, 0.21371017316017327], [0.2141781979458451, 0.3175057720057719, 0.19873507766743068, 0.2695809523809524], [0.2647241702741704, 0.2530967532467533, 0.13165274170274183, 0.35052633477633477], [0.22299546009545998, 0.26078529526029537, 0.24080008880008894, 0.27541915584415605], [0.24133961593961603, 0.31767847707847713, 0.18328136308136317, 0.25770054390054403], [0.2390653679653681, 0.3325875901875903, 0.19239721389721393, 0.235949827949828], [0.29473222888222883, 0.24353751803751805, 0.15549574314574313, 0.30623450993451], [0.20377598512598513, 0.3125890720390721, 0.19490557775557782, 0.2887293650793651], [0.1911901986901988, 0.23310930180930173, 0.18267927072927082, 0.3930212287712286], [0.26786970251970255, 0.26347150072150083, 0.2037374403374404, 0.26492135642135656], [0.22194854426619143, 0.30888130203130226, 0.14658955097190396, 0.3225806027306028], [0.24618583083583098, 0.32503114663114685, 0.1765637973137975, 0.2522192252192255], [0.22918294875059592, 0.31000454545454553, 0.2029838011661542, 0.25782870462870455], [0.26683913668031306, 0.3269809765398, 0.14106249861249864, 0.2651173881673882], [0.2794887112887112, 0.305443894993895, 0.1589060606060606, 0.2561613331113333], [0.22254513264513273, 0.30351844266844286, 0.20322313242313245, 0.2707132922632924], [0.26638663313810396, 0.31789139471639494, 0.16819493447728756, 0.24752703766821413], [0.2648029526029526, 0.3070777111777114, 0.1687769064269064, 0.25934242979242983], [0.21825780330780328, 0.2951728410478409, 0.2002141192141193, 0.2863552364302366], [0.2134874902874904, 0.2819574980574981, 0.1603683927183928, 0.34418661893661884], [0.22691948986685828, 0.26870232545232564, 0.17448957708957707, 0.3298886075912389], [0.2630435286935288, 0.21403373293373298, 0.21594402819402816, 0.3069787101787101], [0.26491366411366407, 0.2716350704850707, 0.19486749916749926, 0.26858376623376623], [0.20639599289599297, 0.32916533744033744, 0.21522783327783337, 0.2492108363858364], [0.21993989898989905, 0.308185147368971, 0.2487116419528185, 0.22316331168831183], [0.23376949716949738, 0.2948163614163614, 0.16901272061272066, 0.30240142080142096], [0.23834008214008218, 0.26951305916305923, 0.23470669330669336, 0.25744016539016534], [0.2192380048056519, 0.3175595587419118, 0.2001031524031525, 0.26309928404928423], [0.23267308802308795, 0.2944777056277057, 0.1524556277056278, 0.32039357864357876], [0.2294952602952603, 0.3593453102453102, 0.15139659784659787, 0.25976283161283154], [0.2575807636807637, 0.25840952658452665, 0.25674720557220576, 0.2272625041625043], [0.26281351981351997, 0.2326243034743035, 0.18263818403818408, 0.3219239926739926], [0.265438023088023, 0.29185778110778116, 0.1933835497835498, 0.24932064602064616], [0.30765481185481186, 0.26755244755244756, 0.1961463702963704, 0.2286463702963704], [0.2877662337662339, 0.3180880230880231, 0.1750725108225109, 0.21907323232323248], [0.25747667332667323, 0.301642340992341, 0.15928363303363305, 0.28159735264735275], [0.20363589188589198, 0.3364645299145301, 0.15124557109557113, 0.3086540071040072], [0.22935604673104684, 0.2723721583971586, 0.2221218947718949, 0.2761499000999002], [0.20452209457209466, 0.30228807303807304, 0.14863769008769018, 0.34455214230214243], [0.22875303862803864, 0.33186763514263473, 0.23524055389055396, 0.2041387723387725], [0.21825798645798647, 0.2973956487956489, 0.19282616827616833, 0.2915201964701964], [0.2516140692640694, 0.30773001443001435, 0.19614033189033195, 0.24451558441558444], [0.2647397713397713, 0.3101262126762125, 0.1514166333666334, 0.27371738261738254], [0.29703584471084465, 0.2562236430236432, 0.14445202852702854, 0.30228848373848377], [0.2426108724608726, 0.3051694444444444, 0.19667729492729505, 0.2555423881673882], [0.2553385003885005, 0.25362024642024655, 0.12696591741591748, 0.3640753357753356], [0.21338761238761242, 0.29089891774891774, 0.20960768675768685, 0.28610578310578316], [0.2997913419913421, 0.21509642024642026, 0.1404592574092574, 0.3446529803529802], [0.28040938505938523, 0.25223229548229553, 0.17210983460983464, 0.295248484848485], [0.24106450216450218, 0.2909252913752914, 0.2038094960594962, 0.2642007104007104], [0.2206849983349983, 0.29074829059829055, 0.23382424242424243, 0.25474246864246886], [0.26948184593184615, 0.3189647685647686, 0.166030957930958, 0.24552242757242765], [0.24633535908535922, 0.2901443722943723, 0.1920063214563216, 0.27151394716394717], [0.28684696969696966, 0.27307886002886, 0.16479480519480527, 0.275279365079365], [0.2366822899322899, 0.26339411699411697, 0.18653303918303923, 0.3133905538905539], [0.2401272033522033, 0.3106167027417028, 0.1392458374958375, 0.3100102564102565], [0.2455355933282404, 0.2582000333000334, 0.1991242274065804, 0.297140145965146], [0.25649855699855717, 0.23378290043290054, 0.22669018759018758, 0.2830283549783551], [0.23885838328338335, 0.2384266095016096, 0.22848448773448768, 0.2942305194805195], [0.27610632145632136, 0.26366228771228784, 0.22631479631479642, 0.23391659451659455], [0.25721813186813186, 0.2776919635919636, 0.1997087357087358, 0.26538116883116886], [0.30470438275175116, 0.23051766742029903, 0.16512036852036852, 0.2996575813075813], [0.2528126984126984, 0.3299721500721501, 0.16677327672327683, 0.2504418747918748], [0.2883031635031637, 0.2705570290820291, 0.19942404539904549, 0.24171576201576206], [0.26048973248973256, 0.2909856421356422, 0.20095786990786998, 0.24756675546675552], [0.2360177267177268, 0.3248000499500501, 0.22845290820290834, 0.21072931512931511], [0.24183364413364425, 0.27995479797979805, 0.16570380175380178, 0.3125077561327562], [0.22834235209235207, 0.29618794342912014, 0.22301362167244523, 0.25245608280608295], [0.2622662642912644, 0.2879720557220558, 0.16728199023199034, 0.2824796897546898], [0.26163311688311686, 0.276588777888778, 0.17657044067044075, 0.28520766455766455], [0.243055377955378, 0.2758431845931846, 0.24065654345654355, 0.24044489399489402], [0.22497840215340215, 0.2393905205905208, 0.20608775946275942, 0.32954331779331797], [0.2403287046287047, 0.31277994227994255, 0.1579862415362416, 0.2889051115551115], [0.26703237595737594, 0.27047842990342996, 0.20454657009657015, 0.2579426240426241], [0.22827207792207801, 0.30490613275613276, 0.15177099946836792, 0.3150507898534215], [0.26310038409303105, 0.27380217005217006, 0.2253720323793855, 0.2377254134754135], [0.25279311799311804, 0.2195295204795205, 0.14876072261072268, 0.378916638916639], [0.2238403374403375, 0.3182558774558776, 0.23327941502941507, 0.22462437007437022], [0.2841362193362194, 0.23410941558441561, 0.1936064213564215, 0.2881479437229436], [0.2360231490731491, 0.3315561965811965, 0.15927771950271963, 0.27314293484293484], [0.28386542901542905, 0.2934822039072039, 0.16199031524031535, 0.26066205183705193], [0.21209480519480528, 0.33389000999000995, 0.16811569541569552, 0.28589948939948945], [0.2063281163281163, 0.27280290820290815, 0.2677696248196249, 0.25309935064935074], [0.23398152958152965, 0.27394614829614816, 0.233718661893662, 0.25835366022866013], [0.2728147130647131, 0.24941414892297245, 0.15513829307946955, 0.32263284493284483], [0.27138387445887463, 0.2850944777444777, 0.19583106893106897, 0.24769057886557896], [0.24039482739482745, 0.3186945831945834, 0.22685723165723173, 0.2140533577533578], [0.24545619380619385, 0.2526713564213564, 0.1944358252858253, 0.3074366244866244], [0.2218896103896103, 0.32679025974025977, 0.20584824619824624, 0.24547188367188372], [0.2788539016539018, 0.2824877788877788, 0.15558333888333897, 0.2830749805749806], [0.2588409756909757, 0.3285774392274392, 0.15117268842268844, 0.26140889665889677], [0.24102296592296596, 0.28498328893328906, 0.19654078699078706, 0.2774529581529581], [0.287968475968476, 0.24125000000000008, 0.17772412032412035, 0.2930574037074039], [0.2295844821844822, 0.3340508749420513, 0.18924782635664988, 0.24711681651681652], [0.3077075591075592, 0.254490392940393, 0.13536849261849263, 0.3024335553335555], [0.23192864357864357, 0.29848646908646925, 0.20725920190920197, 0.2623256854256856], [0.21634272116772119, 0.3121188034188034, 0.2311078255078256, 0.24043064990564994], [0.2527048201798202, 0.29067110112110095, 0.13850948043184888, 0.31811459826722993], [0.2533479076479077, 0.2880888167388167, 0.1736724941724943, 0.2848907814407815]]}, "rewritten": {"ids": ["97105580", "97107040", "97107260", "97111790", "97114170", "97116410", "97116790", "98106111", "98106560", "98106680", "98107210", "98107380", "98108150", "98109311", "98112300", "98116940", "98120010", "99108580", "99108890", "99109740", "99111440", "99111620", "99119830", "99120010", "100107920", "100108080", "100108580", "100109360", "100109980", "100111380", "100113210", "100116790", "101110740", "101111620", "101113210", "101114020", "101114990", "102107961", "102109910", "102110050", "102112030", "102112301", "102113210", "103109791", "103110100", "103111990", "103113170", "103113260", "103117461", "103118110", "103120531", "104111711", "104113170", "104113380", "104114320", "104114410", "104118070", "105113170", "105113260", "105116441", "105117351", "105118230", "105120621", "105121190", "106111321", "106112770", "106115120", "106116370", "106116820", "106118820", "107114110", "107114200", "107114780", "107116340", "107118120", "107118780", "107120880", "108115250", "108117451", "108118520", "108118810", "108120060", "108121351", "109113281", "109115220", "109115380", "109117730", "109118161", "109118820", "109119340", "109120560", "109121351", "110113931", "110114321", "110114610", "110114651", "110114950", "110117110", "110118301", "110118630", "110119300", "110121720", "111114171", "111114941", "111115400", "111115780", "111116010", "111116090", "111116110", "111116530", "111116640", "111119300", "111119610", "111120260", "111120540", "111121190", "112116640", "112117780", "112118810", "112118820", "112119930", "112120700", "112120990", "112121351", "113117340", "113117401", "113118421", "113118630", "113118690", "113118820", "113119480", "113120280", "113120531", "113120591", "113121220", "113121750", "113121810", "113121980", "113122160", "113122170", "113122180", "113122510"], "labels": [1, 2, 2, 2, 2, 3, 2, 0, 1, 1, 1, 1, 0, 1, 2, 2, 2, 0, 0, 3, 3, 3, 1, 2, 0, 0, 0, 0, 1, 3, 0, 2, 3, 3, 3, 3, 3, 3, 2, 3, 2, 1, 3, 3, 1, 2, 3, 3, 0, 2, 3, 1, 3, 1, 2, 1, 2, 0, 3, 1, 0, 1, 1, 2, 0, 1, 1, 2, 1, 3, 1, 2, 2, 3, 3, 1, 1, 1, 2, 0, 1, 1, 3, 0, 3, 3, 3, 0, 3, 3, 1, 0, 1, 1, 1, 3, 0, 0, 1, 1, 1, 3, 3, 0, 0, 1, 1, 3, 3, 3, 0, 1, 2, 3, 1, 1, 0, 0, 3, 0, 1, 2, 2, 0, 2, 3, 3, 3, 3, 0, 3, 0, 0, 0, 3, 0, 2, 2, 3, 1, 2, 2], "predicted_labels": [0, 1, 3, 3, 3, 1, 0, 3, 3, 1, 0, 3, 1, 2, 3, 1, 1, 1, 1, 1, 3, 1, 1, 3, 3, 1, 1, 3, 1, 0, 3, 1, 0, 0, 1, 3, 1, 1, 0, 3, 1, 1, 3, 1, 3, 0, 1, 1, 3, 3, 1, 0, 1, 1, 1, 0, 1, 1, 3, 1, 3, 1, 3, 1, 0, 3, 0, 3, 0, 3, 3, 3, 1, 1, 3, 3, 3, 1, 0, 1, 3, 1, 3, 3, 3, 1, 0, 1, 3, 1, 1, 1, 1, 1, 1, 3, 0, 1, 1, 1, 1, 1, 1, 1, 1, 1, 1, 0, 3, 1, 3, 3, 1, 1, 1, 1, 3, 0, 1, 1, 1, 1, 1, 1, 1, 3, 0, 3, 1, 3, 1, 0, 1, 0, 3, 1, 1, 3, 1, 1, 3, 1], "confidence_scores": [[0.2922705849705851, 0.27508768649651, 0.19215909450027105, 0.24048263403263412], [0.2504555611055611, 0.28852359307359304, 0.1826669386169387, 0.2783539072039073], [0.20738533133533138, 0.26086572871572866, 0.232096225996226, 0.2996527139527139], [0.27039158064158075, 0.25503214008214026, 0.18081129981129987, 0.2937649794649794], [0.22630422714540374, 0.2661960147695443, 0.19541368304897722, 0.3120860750360753], [0.23021683871683882, 0.28264124209124203, 0.24958737373737389, 0.23755454545454555], [0.2820774003774004, 0.25714138084138094, 0.1805689310689311, 0.2802122877122877], [0.2118782828282829, 0.27426762126762133, 0.2331196248196249, 0.280734471084471], [0.24030324120324123, 0.2620442335442335, 0.18833083028083042, 0.3093216949716948], [0.20708491230991236, 0.3158972943722943, 0.23633265623265629, 0.24068513708513709], [0.2716194527694528, 0.2585355144855146, 0.21835548895548895, 0.2514895437895439], [0.2727547230547231, 0.2446858308358309, 0.18572536907536918, 0.2968340770340771], [0.20958295870795876, 0.34410732045732034, 0.22430150127650134, 0.2220082195582197], [0.2282886335886336, 0.2570829004329005, 0.2575894605394605, 0.25703900543900565], [0.26162721445221443, 0.24726680541680562, 0.2072920551670551, 0.2838139249639249], [0.20139285159285164, 0.34194519369519377, 0.20268292263292276, 0.2539790320790323], [0.2591746475746475, 0.28707253302253305, 0.20427144522144525, 0.24948137418137428], [0.2623572649572651, 0.29765347985347984, 0.23200172605172617, 0.20798752913752916], [0.21542122681240328, 0.36536179572061916, 0.19067791097791115, 0.22853906648906652], [0.19902705072705068, 0.29238474858474867, 0.2520453546453546, 0.2565428460428461], [0.23087848540348546, 0.2473751387501387, 0.21738003108003107, 0.30436634476634483], [0.1824282828282829, 0.32022324619824627, 0.23266903374403378, 0.2646794372294373], [0.17823653568653577, 0.3279043734043736, 0.2432918248418249, 0.2505672660672662], [0.25548193473193487, 0.2560046398046398, 0.22237987567987574, 0.26613354978354975], [0.24847936507936513, 0.2558930347430349, 0.19154114774114778, 0.30408645243645244], [0.21959401154401154, 0.3414711399711399, 0.1761761183261184, 0.26275873015873025], [0.23539949494949505, 0.2710961926961928, 0.2520425463425465, 0.24146176601176597], [0.25499539349539363, 0.24766856476856478, 0.18034371739371752, 0.31699232434232444], [0.2331757825507826, 0.3219309959648194, 0.21250975690975696, 0.232383464574641], [0.3015781385281385, 0.2674328282828282, 0.16275533910533915, 0.2682336940836942], [0.2594304695304697, 0.2076219336219335, 0.1450353646353646, 0.3879122322122321], [0.25939002109002113, 0.30052925962925964, 0.1794253912753914, 0.26065532800532815], [0.2671078865578867, 0.2637647546897545, 0.2270794372294372, 0.24204792152292157], [0.2711605882679413, 0.263178687978688, 0.20333877380789153, 0.2623219499454793], [0.2318457264957265, 0.3371540348540351, 0.21414675324675325, 0.21685348540348542], [0.2496283011106542, 0.24364931457431457, 0.20333646190410903, 0.3033859224109225], [0.1927833444333446, 0.37325990398490383, 0.19898144355644365, 0.23497530802530803], [0.2406240620490621, 0.27481597569097577, 0.2213267676767678, 0.26323319458319466], [0.2993330336330337, 0.23761758519258527, 0.17968518148518162, 0.2833641996891998], [0.23434462759462768, 0.2631406648906649, 0.20891963036963046, 0.2935950771450773], [0.2386806138306139, 0.3045206071706072, 0.20050427350427355, 0.25629450549450555], [0.22819160284160286, 0.2896100288600289, 0.2013691197691198, 0.2808292485292486], [0.2747502941502942, 0.24150480630480636, 0.16130346320346323, 0.3224414363414364], [0.22285548144665793, 0.2782196022931317, 0.23923581092110516, 0.2596891053391054], [0.22223512321012331, 0.27271898656898663, 0.19704115606615602, 0.30800473415473417], [0.2894247125423595, 0.2843007231330762, 0.14965386660123503, 0.27662069772332926], [0.22805159840159842, 0.3295544899544899, 0.19865649350649353, 0.24373741813741812], [0.27153779912897563, 0.29659202431555387, 0.16351339444868865, 0.26835678210678215], [0.2051457070707071, 0.29553593073593065, 0.17966287878787884, 0.3196554834054835], [0.2663521284271283, 0.21934769119769126, 0.18654819624819624, 0.3277519841269842], [0.21109191364191374, 0.34147183372183365, 0.17528562548562546, 0.27215062715062727], [0.28195418470418493, 0.24272380952380954, 0.21283044733044737, 0.26249155844155847], [0.24101611166611164, 0.2895820143908381, 0.22929874928992594, 0.2401031246531248], [0.2188041958041959, 0.3189228882228883, 0.20720256410256413, 0.25507035187035204], [0.23938176268176284, 0.26792604062604064, 0.2507632534132534, 0.24192894327894332], [0.3039460594960594, 0.262945584970585, 0.14676702186702192, 0.2863413336663338], [0.24782238317238317, 0.2999094960594962, 0.20439241869241875, 0.24787570207570206], [0.2524223165723166, 0.3066410367410369, 0.18125028860028866, 0.2596863580863582], [0.24111548451548473, 0.28176188256188267, 0.1678312742812743, 0.30929135864135865], [0.23844011544011565, 0.3030330502830503, 0.19420454545454557, 0.264322288822289], [0.2932668018256254, 0.2338816738816739, 0.14732580197580195, 0.32552572231689897], [0.19803330558330573, 0.32770582750582755, 0.18354910644910644, 0.29071176046176056], [0.2548531690531691, 0.25484467199467215, 0.13234227994227998, 0.35795987900987886], [0.19708490398490405, 0.3327804861804861, 0.22798126873126878, 0.24215334110334127], [0.30145939615939626, 0.29591235431235435, 0.16739230214230214, 0.23523594738594744], [0.20928376068376076, 0.27559748584748595, 0.22055008325008316, 0.29456867021867034], [0.3356543290043291, 0.30192767787767794, 0.14288631368631374, 0.21953167943167956], [0.2591122655122655, 0.2311327061827062, 0.17355225885225878, 0.33620276945276933], [0.31613746253746255, 0.2917406204906206, 0.1714291319791321, 0.22069278499278505], [0.2691629287379288, 0.2662573898323899, 0.1421696230669915, 0.32241005836269], [0.21721572871572886, 0.2310803085803086, 0.16301553446553452, 0.38868842823842825], [0.23077483349983358, 0.28607490842490846, 0.15186541236541254, 0.3312848457098458], [0.24879704184704193, 0.3265511655011656, 0.14661500546237397, 0.27803678718941893], [0.23888725163725166, 0.31083000333000327, 0.1908209956709957, 0.25946174936174937], [0.2339013672601908, 0.30968941058941074, 0.13444564324564331, 0.32196357890475547], [0.2478409590409591, 0.2704060106560107, 0.16318961038961038, 0.3185634199134198], [0.233748671916319, 0.28217697857697877, 0.17703900707136008, 0.30703534243534236], [0.23499456099456106, 0.27044109224109214, 0.23753230658230667, 0.25703204018204034], [0.32540303030303036, 0.23891878121878124, 0.13680031080031085, 0.2988778776778776], [0.2627974525474525, 0.31651320346320366, 0.18277967587967597, 0.2379096681096682], [0.22736288711288719, 0.2862365245865246, 0.14648043623043625, 0.3399201520701521], [0.24315463980463997, 0.288434126984127, 0.21112244422244442, 0.25728878898878904], [0.23312053502053512, 0.2871941780441781, 0.16225989010989011, 0.3174253968253968], [0.21602163392163404, 0.31061129981129987, 0.13255205350205357, 0.34081501276501286], [0.23517298812298815, 0.22503524808524808, 0.14769104784104786, 0.392100715950716], [0.26519235764235766, 0.29806391941391946, 0.183616847041847, 0.2531268759018759], [0.3061996281496281, 0.24433679653679663, 0.16387488067488065, 0.28558869463869474], [0.27713982128982123, 0.29666640026640045, 0.16561816516816522, 0.2605756132756133], [0.2640343783667314, 0.2449894522144522, 0.22091379568144287, 0.27006237373737374], [0.2591674836601307, 0.2803503607503608, 0.19370506323741624, 0.2667770923520924], [0.19295612720612723, 0.3135752969252969, 0.211054206904207, 0.282414368964369], [0.2765248307248308, 0.29077590187590185, 0.15945981240981247, 0.27323945498945496], [0.2251533577533578, 0.3479715895215894, 0.1629611777111777, 0.2639138750138749], [0.25820279165279164, 0.32731017316017336, 0.17316225441225447, 0.24132478077478092], [0.22786309246309258, 0.28388181263181267, 0.2497925907425908, 0.23846250416250436], [0.2151720418470418, 0.32022642831025194, 0.14296617630735278, 0.32163535353535344], [0.338268659118659, 0.21996643911643915, 0.1511969086469087, 0.29056799311799303], [0.21459065934065938, 0.29672651237651265, 0.20374518259518268, 0.2849376456876457], [0.2601120879120879, 0.3323247474747475, 0.15065662670662672, 0.256906537906538], [0.21930521978021988, 0.3182287878787879, 0.1881953241203242, 0.2742706682206683], [0.2553614940614942, 0.30896346986347, 0.1611630591630591, 0.27451197691197693], [0.22411520146520153, 0.32333587246087236, 0.194844574869575, 0.2577043512043512], [0.2762261682761683, 0.2880495615495616, 0.1508383616383616, 0.2848859085359085], [0.27898646908646885, 0.2888972638472639, 0.14407683982683986, 0.28803942723942727], [0.2492786768786769, 0.2899194805194805, 0.18981471861471869, 0.2709871239871241], [0.25771452436452436, 0.297889898989899, 0.1720449772449774, 0.2723505994005995], [0.2202086802086803, 0.2882143245643246, 0.22569915639915644, 0.26587783882783883], [0.3074965534465535, 0.27144566544566534, 0.16808019758019757, 0.25297758352758354], [0.2706656565656568, 0.23870078255078264, 0.17774431679431685, 0.31288924408924407], [0.24885065130947495, 0.33059781329781335, 0.19925086580086587, 0.22130066959184605], [0.27247085137085153, 0.2604817682317683, 0.18995741480741485, 0.27708996558996574], [0.2327632478632481, 0.29111519983284695, 0.17197441447441464, 0.3041471378294909], [0.23033025863025872, 0.35304319569319587, 0.20086089466089477, 0.21576565101565104], [0.2860588911088912, 0.29462376512376526, 0.16133064158064156, 0.2579867021867022], [0.2457359473859475, 0.31573556443556466, 0.20947185592185597, 0.2290566322566323], [0.24492980352980354, 0.31495638805638815, 0.19996120546120535, 0.240152602952603], [0.21573470973470985, 0.2767641525141525, 0.17861338106338118, 0.32888775668775644], [0.3052157786657787, 0.24236196303696309, 0.18775894660894665, 0.26466331168831186], [0.22080056055056066, 0.3571207292707292, 0.1643820901320902, 0.2576966200466201], [0.258767021867022, 0.3111559385059384, 0.16056958596958606, 0.2695074536574537], [0.20682796647796656, 0.3356551948051946, 0.17667942612942628, 0.28083741258741257], [0.23150824730824743, 0.2963273115773116, 0.23037150072150075, 0.24179294039294033], [0.2026391663891664, 0.3549622655122656, 0.16867318237318232, 0.27372538572538574], [0.23516252081252093, 0.3086612470862471, 0.1848629481629483, 0.2713132839382841], [0.24580647130647146, 0.32074466089466086, 0.1808221223221224, 0.2526267454767456], [0.2575513597513598, 0.2809708624708627, 0.16646528471528474, 0.29501249306249305], [0.32897696849933694, 0.2792277972027972, 0.10848879176379174, 0.2833064425340741], [0.27672388167388173, 0.2662692363192365, 0.14247609612609613, 0.31453078588078576], [0.27060614940614947, 0.287258757908758, 0.1780331168831169, 0.2641019758019758], [0.27025253635253627, 0.2446706571206572, 0.17767846597846598, 0.3073983405483405], [0.2570399850149851, 0.31202948717948725, 0.1566907647907648, 0.27423976301476305], [0.3589766011766009, 0.22368156288156307, 0.14177351537351543, 0.2755683205683207], [0.24523951603951613, 0.3450912587412589, 0.13929518814518815, 0.270374037074037], [0.28398077478077477, 0.2742281635031634, 0.1716537018537019, 0.27013735986236], [0.25150203130203147, 0.27138770673770696, 0.1822578088578089, 0.294852453102453], [0.26197425352425363, 0.30397877122877126, 0.13254300524037366, 0.3015039700066015], [0.20744126984126982, 0.3265906204906205, 0.2621044011544011, 0.2038637085137086], [0.20898422133422143, 0.2996858141858144, 0.18891053391053408, 0.3024194305694305], [0.2310157731157731, 0.30723231768231757, 0.20285825840825847, 0.2588936507936508], [0.20036082251082263, 0.31447186147186146, 0.17846137196137202, 0.3067059440559439], [0.2471790986790988, 0.2714806082806084, 0.17978615828615835, 0.3015541347541347], [0.23969857919857926, 0.29110800865800873, 0.22289738039738033, 0.24629603174603185]]}}