{"test": {"ids": ["112118880", "101111620", "105113330", "101115190", "106121220", "109119460", "113118810", "107121540", "100109910", "113122430", "109116930", "108120700", "99119830", "107120260", "108121351", "108118810", "98117740", "102110850", "103113270", "106113190", "100115700", "104111880", "111114121", "99109740", "98109311", "101108370", "108119510", "113118690", "113119450", "113118111", "104111990", "111116640", "105112260", "111116110", "110117870", "104113210", "111116170", "112117210", "113122320", "103112470", "98106680", "104114410", "101112160", "112117660", "107114110", "107113180", "111121351", "109120150", "112118421", "107121230", "112118530", "99109910", "104113190", "106111321", "111116100", "110118181", "102108621", "107113840", "105117351", "109114720", "105120280", "111117480", "109119450", "111121190", "109118701", "97116500", "98109090", "97116790", "110116300", "108113620", "104116980", "113121980", "99105921", "113122510", "113118870", "112117780", "108113760", "106117650", "101113210", "102114270", "106117790", "97113260", "110120190", "104114740", "112119580", "110120531", "110115580", "106114321", "99111340", "107117010", "97105960", "112118511", "107117630", "113119950", "104111830", "97106600", "105120621", "98108970", "109117080", "112120540", "110116170", "110115890", "100109801", "104118340", "111119950", "108114220", "107120130", "97107681", "109117600", "107113130", "111119580", "100110260", "111120220", "99108890", "110115980", "113122180", "109121640", "113119300", "104111711", "108114270", "112118161", "111120591", "103120730", "102110690", "111115770", "105115570", "104116800", "109116810", "111120320", "110117080", "101108621", "100116790", "108121160", "99113260", "113117630", "110118161", "100108490", "111120260", "109118820", "98106111", "113120070", "110114321"], "labels": [1, 3, 3, 1, 1, 1, 3, 2, 2, 2, 0, 2, 1, 1, 3, 1, 2, 3, 2, 0, 1, 3, 0, 3, 1, 1, 1, 3, 3, 1, 2, 0, 3, 3, 3, 3, 0, 1, 1, 1, 1, 1, 3, 0, 1, 3, 0, 2, 3, 0, 1, 2, 3, 0, 3, 1, 3, 3, 0, 0, 3, 1, 3, 1, 3, 2, 1, 2, 3, 3, 1, 2, 1, 2, 0, 0, 1, 1, 3, 3, 1, 1, 3, 2, 3, 0, 1, 2, 1, 1, 2, 1, 0, 0, 3, 3, 1, 3, 1, 3, 0, 2, 0, 2, 0, 3, 2, 3, 1, 1, 3, 3, 3, 0, 1, 2, 0, 1, 1, 3, 0, 1, 1, 0, 3, 0, 1, 3, 1, 1, 0, 2, 2, 0, 0, 0, 2, 3, 3, 0, 2, 1], "predicted_labels": [1, 3, 3, 3, 1, 1, 3, 1, 1, 0, 0, 0, 0, 1, 1, 1, 3, 1, 3, 3, 1, 3, 0, 1, 1, 0, 3, 3, 3, 1, 1, 3, 1, 0, 3, 0, 3, 1, 1, 3, 0, 3, 3, 1, 0, 1, 0, 3, 3, 1, 1, 0, 1, 3, 3, 1, 0, 3, 3, 3, 1, 3, 3, 0, 1, 3, 0, 3, 1, 0, 1, 0, 1, 3, 3, 3, 0, 3, 0, 1, 1, 3, 3, 1, 0, 0, 3, 0, 1, 1, 1, 1, 0, 3, 3, 1, 3, 1, 1, 0, 3, 1, 3, 1, 3, 0, 0, 0, 0, 0, 0, 0, 0, 1, 1, 0, 3, 1, 3, 1, 0, 0, 3, 0, 0, 3, 3, 0, 3, 1, 1, 3, 3, 3, 3, 3, 1, 0, 0, 1, 1, 3], "confidence_scores": [[0.23971081779208725, 0.32857251036764284, 0.16873047140915823, 0.26298620043111204], [0.2359073974918133, 0.2727967928324737, 0.21111862660264602, 0.28017718307306677], [0.26896242377189344, 0.25629664045557676, 0.194334780512568, 0.28040615525996215], [0.21762508152281287, 0.26220555923247535, 0.20040952410995505, 0.3197598351347568], [0.2116707293764582, 0.2969126114347385, 0.20180920272579417, 0.28960745646300906], [0.23620511178458237, 0.3156317222494946, 0.17664387865866515, 0.27151928730725766], [0.27270484541819173, 0.2584121165640518, 0.17685259265121644, 0.2920304453665397], [0.1795594039457905, 0.3101611517199329, 0.23057987224500404, 0.27969957208927243], [0.21527027876486407, 0.2688969634390186, 0.24997919936656857, 0.26585355842954905], [0.2831769415441466, 0.2685689037863076, 0.2084657188620393, 0.2397884358075065], [0.32300735585605883, 0.2635583939386507, 0.16927339443658657, 0.24416085576870386], [0.35812998006181446, 0.2939317592404802, 0.1527562145632254, 0.19518204613448012], [0.2855108718588281, 0.24096017597043748, 0.23496022470063785, 0.23856872747009664], [0.21917336435588733, 0.2887276228772749, 0.20505463748225847, 0.28704437528457943], [0.24819529246685682, 0.29600466928590985, 0.17021827082224716, 0.2855817674249861], [0.24388195031377372, 0.3192534152695387, 0.1499045124044967, 0.28696012201219095], [0.19112857409865738, 0.2887587324723414, 0.194579713236344, 0.32553298019265725], [0.20368511459184635, 0.3087404444630239, 0.2149582838515406, 0.27261615709358933], [0.16303158174145854, 0.2806388596812625, 0.18576161664640767, 0.3705679419308713], [0.22959277820698046, 0.2602769178354301, 0.23653080424260903, 0.27359949971498054], [0.24873127870072279, 0.2854930037282295, 0.21331048439975803, 0.25246523317128977], [0.22814413452606339, 0.2702964438180419, 0.17945631319491567, 0.32210310846097895], [0.33499761425584135, 0.27613003821721566, 0.13393659952072176, 0.25493574800622115], [0.21644536621069624, 0.29841091485858656, 0.24094172737640068, 0.2442019915543168], [0.27650347494060934, 0.2930645287059044, 0.16363457322986666, 0.26679742312361954], [0.32490742011770957, 0.24570718604118758, 0.15568551916742146, 0.27369987467368156], [0.2535153140039872, 0.28557911176900236, 0.154153585519114, 0.3067519887078964], [0.22543877856716546, 0.304003284360898, 0.15605477960691885, 0.3145031574650178], [0.2416089499208622, 0.26417807524938064, 0.18104673147124342, 0.31316624335851395], [0.23259416624852935, 0.3098755380002899, 0.15585287654175006, 0.30167741920943053], [0.22498403576672282, 0.286949865039217, 0.2421671090539842, 0.24589899014007613], [0.2465506893451198, 0.2375953109869283, 0.19819017162960129, 0.3176638280383504], [0.20097604156897605, 0.3473644759920756, 0.15309127114405613, 0.29856821129489236], [0.296588875497274, 0.21175233384565548, 0.2176598279660929, 0.2739989626909778], [0.23251226330492603, 0.21883197480243546, 0.24087290993560193, 0.30778285195703686], [0.3097027764977716, 0.2583751601569538, 0.17830137702525742, 0.2536206863200171], [0.2733733930681305, 0.25767145481024833, 0.1762487655796043, 0.2927063865420169], [0.21979552753114073, 0.29438458717128024, 0.22312598853352042, 0.2626938967640589], [0.22797166772526936, 0.2925150789572756, 0.2112892738829875, 0.26822397943446746], [0.2629080279493848, 0.21036725275754514, 0.24229700512226743, 0.2844277141708026], [0.2666611873628913, 0.25755267067522775, 0.2532249359944736, 0.22256120596740747], [0.2014880189664337, 0.25207721419154167, 0.2621784260084108, 0.28425634083361406], [0.27425103152884794, 0.26581927403214267, 0.17610570255593225, 0.2838239918830771], [0.2284944395957402, 0.2871583270042513, 0.204719063650442, 0.2796281697495664], [0.35682291118260223, 0.20436825656530302, 0.20926896491628283, 0.22953986733581208], [0.24393168314339098, 0.2984901686150307, 0.1826018339623192, 0.2749763142792591], [0.3067829421209685, 0.27282228875202263, 0.16686103410878986, 0.2535337350182191], [0.2459346863247958, 0.25341353640486614, 0.20792129621076236, 0.29273048105957566], [0.28267780901533596, 0.27836637441153367, 0.12310139741413931, 0.31585441915899076], [0.26873017398712035, 0.28940153754305803, 0.19916772000818636, 0.24270056846163537], [0.24382520708737965, 0.3036872802694638, 0.20396911181724525, 0.24851840082591134], [0.27984036331196793, 0.2596444977982592, 0.19678529768046069, 0.2637298412093122], [0.21098455443396155, 0.28070573424002804, 0.2306328293118861, 0.27767688201412444], [0.21210878942315575, 0.27580472624591024, 0.18778887123453866, 0.3242976130963956], [0.22954531931498465, 0.27043440981830374, 0.17716778972460648, 0.3228524811421048], [0.25247739317112045, 0.3547491134422913, 0.14136050052993215, 0.25141299285665647], [0.3069703120507548, 0.2652209202391019, 0.14437068877438494, 0.28343807893575845], [0.25430113343970945, 0.2594704968147505, 0.21736306227939445, 0.26886530746614584], [0.22877377022091147, 0.3058344760938266, 0.11601671449506801, 0.34937503919019397], [0.19234310561062887, 0.26433087295553565, 0.20002875749001212, 0.3432972639438234], [0.2817241856673548, 0.290890485517445, 0.237320988681514, 0.19006434013368614], [0.24955241586900034, 0.26289563680967915, 0.20723580314436735, 0.2803161441769531], [0.19470000659834047, 0.2871184103746652, 0.19376748991118475, 0.3244140931158098], [0.2934637216938925, 0.25082613478854165, 0.18662968713322717, 0.26908045638433875], [0.240100217136966, 0.2962172795794287, 0.18531031332873085, 0.2783721899548741], [0.26264253722025616, 0.2619610463684815, 0.1952802399345823, 0.2801161764766803], [0.37208712735455857, 0.20488314146186049, 0.17027686268873204, 0.252752868494849], [0.2339662475147275, 0.26270517801605636, 0.23602793454041426, 0.2673006399288018], [0.24426991732388792, 0.27015997662564684, 0.2182629888725027, 0.2673071171779625], [0.3081208654740573, 0.2909119115371144, 0.14257184907486953, 0.2583953739139585], [0.18424498538473272, 0.32749337765939723, 0.17634629055454276, 0.31191534640132706], [0.3224939020691794, 0.29083662640248975, 0.13130871017820017, 0.2553607613501306], [0.2462075848583855, 0.28653556475640984, 0.18706465302827177, 0.280192197356933], [0.21492491609815473, 0.29740407803534596, 0.1675925800825649, 0.32007842578393436], [0.23217672388700678, 0.26280519346384246, 0.21398241223662645, 0.2910356704125243], [0.2620747913720977, 0.22930136038589513, 0.16120792190354002, 0.3474159263384671], [0.2862723055160091, 0.2720203198302285, 0.17301487871014395, 0.2686924959436182], [0.2729268730230393, 0.2221980624533314, 0.2113848457301793, 0.29349021879345005], [0.3692778629509724, 0.21861974494303202, 0.18768199164021904, 0.22442040046577666], [0.24818055729909885, 0.3012625822994724, 0.2249154528788546, 0.22564140752257436], [0.2242431498130359, 0.2829741947829292, 0.24335878091180954, 0.24942387449222544], [0.21614459829190616, 0.24164508890790393, 0.2266726167945733, 0.3155376960056168], [0.17543017773084352, 0.3009113619225284, 0.1643286077260548, 0.3593298526205735], [0.25541863777027535, 0.28449399767973416, 0.19433154745101142, 0.26575581709897894], [0.30464472610487286, 0.2147154566398643, 0.20332328688577764, 0.27731653036948495], [0.2950184058813602, 0.2594374955906485, 0.15909286720971777, 0.2864512313182736], [0.2561836377236234, 0.24144709636962564, 0.20955016868471255, 0.2928190972220382], [0.3044997750178961, 0.27206700284221474, 0.18493991359151343, 0.2384933085483759], [0.21229162282149805, 0.31824914804045845, 0.23877776792854052, 0.23068146120950334], [0.2575922965676473, 0.3021965419074716, 0.21105484244499378, 0.22915631907988743], [0.2365159776237074, 0.2877579742653496, 0.20049148980361087, 0.2752345583073322], [0.28034814262644725, 0.3004665332633365, 0.15971493553463664, 0.25947038857557964], [0.3740807224368925, 0.2271004976823278, 0.13114589597003515, 0.26767288391074456], [0.268353372658684, 0.24228773971629983, 0.18946161872559908, 0.29989726889941726], [0.2318385047937287, 0.2698453457336424, 0.19387734882422053, 0.30443880064840856], [0.27201155681379724, 0.28971959996497143, 0.17162187492677852, 0.2666469682944529], [0.27036610800974714, 0.2834688269828207, 0.14919959754615578, 0.2969654674612765], [0.193080982866399, 0.29619677738744754, 0.26652217268353434, 0.24420006706261926], [0.2529897180115534, 0.3224678845573129, 0.18728298100707466, 0.237259416424059], [0.31123152328230125, 0.30445389232921743, 0.15457585080752945, 0.22973873358095187], [0.2798714762510044, 0.2610484000228187, 0.15085807072374835, 0.3082220530024287], [0.261739027663271, 0.29766748947995286, 0.16064267534347626, 0.2799508075132998], [0.23142377497996713, 0.245617454455435, 0.1767092196266457, 0.34624955093795207], [0.2698279374209092, 0.34010667613129236, 0.1597128412883553, 0.23035254515944315], [0.2877319828479635, 0.21873654564378012, 0.1938375768446825, 0.2996938946635741], [0.2853280413365244, 0.2779330619937623, 0.16738833689681035, 0.2693505597729032], [0.3084863028699178, 0.22954378571658077, 0.18001993651062004, 0.2819499749028815], [0.34204699827119656, 0.2947232998406976, 0.17462706158105618, 0.18860264030704982], [0.3050483994599638, 0.23013622900113487, 0.16981209930242805, 0.2950032722364734], [0.27218175516625104, 0.25498373162536564, 0.22837269785129657, 0.24446181535708686], [0.2918241697194493, 0.2591855736295324, 0.16078822264283799, 0.28820203400818034], [0.347281990123916, 0.21966869233334257, 0.18446965022719655, 0.24857966731554487], [0.3027276660992761, 0.26575152097911536, 0.15920959524749834, 0.2723112176741102], [0.2576536930792809, 0.2719487321251498, 0.22719570231650807, 0.2432018724790612], [0.25883427478387006, 0.33580066134183334, 0.16105965969997374, 0.24430540417432262], [0.28590595842029126, 0.2489784101023777, 0.18513759879930325, 0.2799780326780278], [0.275105759482728, 0.19741979259034317, 0.1973414417216486, 0.3301330062052803], [0.21910606906735106, 0.32199481613130876, 0.16330662952451366, 0.2955924852768266], [0.25672580961409897, 0.2433382458058736, 0.18886965670777772, 0.31106628787224955], [0.27921501544286464, 0.31284786290237837, 0.157216168203332, 0.2507209534514248], [0.3152697022087806, 0.24508926191899544, 0.15267196150660053, 0.2869690743656235], [0.3073012278498585, 0.2267397163854999, 0.16428650762177224, 0.3016725481428694], [0.2738152352615823, 0.23421936370329197, 0.18945614642384992, 0.3025092546112756], [0.3586341990782996, 0.22471286640365598, 0.15237664840187717, 0.26427628611616727], [0.3325287491187702, 0.25829533262233145, 0.1392781856074432, 0.26989773265145517], [0.19276889713383086, 0.2799520595878362, 0.19217103378098419, 0.33510800949734865], [0.23017331702212018, 0.27429689641954885, 0.16845639207351468, 0.3270733944848165], [0.31713558323333435, 0.24172164060726495, 0.1856582898309901, 0.25548448632841053], [0.2278061163623455, 0.24329244955087248, 0.20120574374370842, 0.32769569034307366], [0.2638482774533405, 0.2940579431676269, 0.15591230473277026, 0.2861814746462624], [0.24385830571599654, 0.29284915460709404, 0.18679497263381356, 0.27649756704309586], [0.20741670701388149, 0.27298811481132473, 0.1986914204978361, 0.3209037576769576], [0.2520459744812133, 0.27678196586329934, 0.1775623037125635, 0.2936097559429236], [0.25725124477015154, 0.26774938388355257, 0.19389070729112468, 0.28110866405517126], [0.25366320228587996, 0.2579934972854499, 0.18416423453134567, 0.3041790658973244], [0.2607275962498735, 0.2813200001101619, 0.16238504963482114, 0.29556735400514367], [0.23996427130198555, 0.27462148748792353, 0.2185778042190586, 0.26683643699103243], [0.28348993059850847, 0.27428501107143577, 0.16037201797182127, 0.28185304035823455], [0.3287379735720512, 0.26675401557093265, 0.16687819839089457, 0.2376298124661216], [0.2519094103896406, 0.27370055641587443, 0.2555424729749754, 0.2188475602195097], [0.20268983917226827, 0.33895116729680935, 0.2144213670874455, 0.24393762644347688], [0.2293487997854087, 0.2833251713084731, 0.19308452022022102, 0.29424150868589705]]}, "rewritten": {"ids": ["97105960", "97106600", "97107681", "97113260", "97116500", "97116790", "98106111", "98106680", "98108970", "98109090", "98109311", "98117740", "99105921", "99108890", "99109740", "99109910", "99111340", "99113260", "99119830", "100108490", "100109801", "100109910", "100110260", "100115700", "100116790", "101108370", "101108621", "101111620", "101112160", "101113210", "101115190", "102108621", "102110690", "102110850", "102114270", "103112470", "103113270", "103120730", "104111711", "104111830", "104111880", "104111990", "104113190", "104113210", "104114410", "104114740", "104116800", "104116980", "104118340", "105112260", "105113330", "105115570", "105117351", "105120280", "105120621", "106111321", "106113190", "106114321", "106117650", "106117790", "106121220", "107113130", "107113180", "107113840", "107114110", "107117010", "107117630", "107120130", "107120260", "107121230", "107121540", "108113620", "108113760", "108114220", "108114270", "108118810", "108119510", "108120700", "108121160", "108121351", "109114720", "109116810", "109116930", "109117080", "109117600", "109118701", "109118820", "109119450", "109119460", "109120150", "109121640", "110114321", "110115580", "110115890", "110115980", "110116170", "110116300", "110117080", "110117870", "110118161", "110118181", "110120190", "110120531", "111114121", "111115770", "111116100", "111116110", "111116170", "111116640", "111117480", "111119580", "111119950", "111120220", "111120260", "111120320", "111120591", "111121190", "111121351", "112117210", "112117660", "112117780", "112118161", "112118421", "112118511", "112118530", "112118880", "112119580", "112120540", "113117630", "113118111", "113118690", "113118810", "113118870", "113119300", "113119450", "113119950", "113120070", "113121980", "113122180", "113122320", "113122430", "113122510"], "labels": [2, 3, 3, 1, 2, 2, 0, 1, 3, 1, 1, 2, 1, 0, 3, 2, 1, 0, 1, 2, 0, 2, 3, 1, 2, 1, 0, 3, 3, 3, 1, 3, 0, 3, 3, 1, 2, 1, 1, 3, 3, 2, 3, 3, 1, 2, 1, 1, 2, 3, 3, 0, 0, 3, 1, 0, 0, 2, 1, 1, 1, 1, 3, 3, 1, 1, 0, 2, 1, 0, 2, 3, 1, 3, 3, 1, 1, 2, 2, 3, 0, 3, 0, 1, 1, 3, 3, 3, 1, 2, 0, 1, 1, 2, 1, 0, 3, 1, 3, 0, 1, 3, 0, 0, 3, 3, 3, 0, 0, 1, 3, 0, 3, 3, 1, 1, 1, 0, 1, 0, 0, 0, 3, 1, 1, 1, 3, 3, 0, 1, 3, 3, 0, 1, 3, 0, 2, 2, 2, 1, 2, 2], "predicted_labels": [0, 1, 0, 3, 0, 0, 0, 0, 1, 0, 0, 1, 0, 0, 1, 0, 1, 3, 0, 1, 3, 0, 0, 1, 1, 0, 1, 3, 3, 0, 3, 0, 0, 1, 1, 0, 3, 0, 3, 1, 3, 3, 0, 0, 0, 1, 3, 1, 1, 1, 0, 1, 3, 1, 0, 1, 0, 1, 3, 1, 3, 0, 1, 0, 0, 1, 0, 0, 3, 0, 3, 3, 0, 1, 1, 3, 1, 0, 3, 1, 1, 0, 0, 1, 0, 1, 0, 1, 0, 3, 3, 1, 1, 1, 0, 0, 3, 3, 0, 1, 0, 3, 0, 0, 3, 3, 0, 0, 1, 0, 0, 0, 0, 0, 0, 0, 0, 0, 1, 3, 3, 0, 3, 0, 1, 0, 0, 0, 0, 3, 3, 0, 3, 3, 3, 0, 0, 0, 0, 3, 0, 1], "confidence_scores": [[0.2969695372731103, 0.2542983344853988, 0.18990488608060044, 0.25882724216089054], [0.23523285889222287, 0.2986642580506528, 0.20076130532007586, 0.2653415777370487], [0.3593963900471415, 0.25681883007866235, 0.16557087340863683, 0.21821390646555944], [0.25361679455150904, 0.26148635838694406, 0.2180207305701368, 0.2668761164914105], [0.28049472835046946, 0.2511444750314403, 0.2310479111598593, 0.2373128854582311], [0.2816845256229759, 0.26776843194947164, 0.22499960980483708, 0.22554743262271532], [0.2781328967487373, 0.26074031921566804, 0.21528059507834496, 0.24584618895724966], [0.26024566416357187, 0.24260650520001945, 0.24610711352836753, 0.2510407171080413], [0.25124693984648544, 0.2720124302944677, 0.23516472977260844, 0.24157590008643853], [0.3292223981597074, 0.2292805261917067, 0.17072759338208932, 0.27076948226649655], [0.29407228326854273, 0.2539794690575468, 0.2172288382666624, 0.23471940940724806], [0.2571876669379905, 0.31918946871753284, 0.17077415884108016, 0.25284870550339655], [0.3077470400583455, 0.29339466427569405, 0.17124702500666422, 0.2276112706592963], [0.2783336013907702, 0.2740247697082556, 0.18767070044421108, 0.259970928456763], [0.2413408322660375, 0.3127795093856013, 0.19264097943148062, 0.2532386789168806], [0.2815960163966511, 0.2379249024764695, 0.2357144916077139, 0.24476458951916563], [0.2506754504800782, 0.26897053162593365, 0.22411090482340726, 0.25624311307058084], [0.2895958414717602, 0.22980130443809155, 0.18845860906065526, 0.29214424502949304], [0.26913733997275485, 0.26608529570006584, 0.22432856502129653, 0.24044879930588298], [0.26702807825641206, 0.2920275213748846, 0.20480369805452697, 0.23614070231417641], [0.28303037257218855, 0.2516865615062699, 0.17771639363923866, 0.28756667228230315], [0.26782350416430317, 0.2293357531650201, 0.24786123858481332, 0.25497950408586323], [0.37816852570536774, 0.21342084149143659, 0.18089462603804093, 0.22751600676515502], [0.2377348837326264, 0.28408137716663334, 0.20519121987932432, 0.27299251922141615], [0.22208877449084544, 0.2798449126991807, 0.24035936973825603, 0.25770694307171793], [0.30692327677982073, 0.2543069606334688, 0.17717979706138487, 0.26158996552532576], [0.2541404664494882, 0.2709205237884989, 0.2277059267221785, 0.24723308303983466], [0.2555711601776282, 0.26661048142079624, 0.21039425950632037, 0.2674240988952553], [0.21963567779028817, 0.2774885771149094, 0.20898460741681654, 0.29389113767798586], [0.2902591465595814, 0.2415677816373536, 0.20970602988155268, 0.2584670419215125], [0.18976394738706645, 0.2471969339851045, 0.22033266205229818, 0.3427064565755309], [0.33862200510282364, 0.2692642038201383, 0.14195578967074696, 0.2501580014062912], [0.3108424154360226, 0.25671594694308464, 0.1740018793438974, 0.2584397582769951], [0.22617571666179156, 0.28850099859889977, 0.21452196414019434, 0.2708013205991145], [0.20798349396813454, 0.2961669661858329, 0.2457636316796307, 0.25008590816640197], [0.30835928299875554, 0.23823371547017935, 0.2318501327856481, 0.22155686874541694], [0.17549048525783587, 0.2962747984656784, 0.21004995431136936, 0.3181847619651166], [0.32079239843423707, 0.26857696284797844, 0.15585515484812834, 0.2547754838696559], [0.2620746034009641, 0.23893628060563657, 0.23396404659852943, 0.2650250693948701], [0.216389949372672, 0.32603892632422415, 0.18404741475334657, 0.2735237095497572], [0.2306758983027561, 0.2488546314225982, 0.18710083368472272, 0.33336863658992316], [0.21996138618413016, 0.26919526609589206, 0.23293535357188588, 0.2779079941480921], [0.2702178054809244, 0.25907298913602633, 0.21384896174915194, 0.25686024363389737], [0.32337694014585566, 0.24314020884253298, 0.19285140043050716, 0.2406314505811041], [0.2725318810666651, 0.23824046699095835, 0.22641532349559024, 0.2628123284467863], [0.24502886946979952, 0.2874488871849417, 0.23119039098816718, 0.2363318523570916], [0.28238329769837917, 0.2686434092205354, 0.1592099705090094, 0.28976332257207615], [0.18223758247044383, 0.3253530062317955, 0.20700503864775427, 0.28540437265000645], [0.2008705464746622, 0.35421370092885013, 0.185075933873237, 0.25983981872325085], [0.218665585464096, 0.339414660855804, 0.1534348074661522, 0.28848494621394805], [0.2713511747197319, 0.22594010621323835, 0.23203704558489358, 0.2706716734821363], [0.2522472583289505, 0.29621340662329987, 0.1891561018643694, 0.2623832331833803], [0.263940149198444, 0.2941237400659347, 0.13870567710769097, 0.3032304336279302], [0.2550292410036489, 0.30764202244246985, 0.24760764452418058, 0.1897210920297008], [0.315113695327493, 0.22149836593449976, 0.1623572487598447, 0.3010306899781627], [0.26901047040485, 0.28519251224368003, 0.16425307717490928, 0.2815439401765606], [0.318269270130356, 0.2140643033370786, 0.20662443417266943, 0.26104199235989595], [0.26556780409962855, 0.2879713217189521, 0.17991790247709305, 0.2665429717043267], [0.21782280083376349, 0.2702263172142058, 0.23024034418245407, 0.2817105377695766], [0.2817420008403533, 0.2892373570560859, 0.20130167117183506, 0.22771897093172577], [0.22464491368463144, 0.2391719457470856, 0.23558703219663507, 0.30059610837164785], [0.31642997002758494, 0.26954202696583296, 0.19270971932689032, 0.22131828367969178], [0.2749708315256319, 0.2783014472430302, 0.17446362770694, 0.2722640935243981], [0.287448105193278, 0.2667472831792283, 0.20620539387431083, 0.23959921775318285], [0.3086167825655474, 0.21841143599343119, 0.1945354881836315, 0.27843629325739017], [0.2356755706157879, 0.3052526494341702, 0.19591833740089548, 0.26315344254914663], [0.3257270562965538, 0.23071419090226766, 0.14636916200225422, 0.2971895907989244], [0.2875341350501366, 0.2297967766499368, 0.214960630063493, 0.2677084582364337], [0.24251625118601144, 0.2846772081051608, 0.18462980121860773, 0.2881767394902204], [0.29946649049516116, 0.26442528920173536, 0.19717989321907084, 0.2389283270840326], [0.23020806082306822, 0.268590606277286, 0.19809847339857942, 0.3031028595010664], [0.23776484378109392, 0.2903131624354087, 0.154776608739109, 0.3171453850443884], [0.28406352247057354, 0.2764772256808486, 0.2252545294559041, 0.21420472239267385], [0.27268417585419075, 0.2753373951130691, 0.20112461262498374, 0.25085381640775667], [0.24205314218851545, 0.31680332896567237, 0.1665417136861839, 0.2746018151596284], [0.2497889993092064, 0.2573065110293178, 0.183449770886949, 0.3094547187745268], [0.23773595535595576, 0.28789248751844343, 0.20586923541041738, 0.2685023217151834], [0.4009590262493753, 0.2560580274747212, 0.1616989861146658, 0.18128396016123782], [0.22248282024608362, 0.2900026239675924, 0.19192370950105095, 0.2955908462852731], [0.22403058777349172, 0.321928426084383, 0.1982032168707193, 0.255837769271406], [0.2305859847254514, 0.3436866114526437, 0.16250866532974395, 0.26321873849216076], [0.3167737315333457, 0.24837735272163639, 0.17420592818170547, 0.26064298756331244], [0.32811145362542427, 0.2465469562495055, 0.14997637113421247, 0.27536521899085775], [0.25122642647109045, 0.3077009850493618, 0.2094027938224002, 0.2316697946571478], [0.31552505804781783, 0.23930114300641026, 0.15987732948587308, 0.2852964694598989], [0.21753102899229002, 0.3577036637095977, 0.17463499176757888, 0.2501303155305336], [0.3070005448928673, 0.2851155738242576, 0.17287725066246856, 0.2350066306204066], [0.2364982653307602, 0.2880457023661878, 0.20271761322953055, 0.2727384190735216], [0.30852995742713374, 0.2886775901002619, 0.1690243921498862, 0.23376806032271819], [0.23474916830093545, 0.21544521604313044, 0.2685946955222467, 0.28121092013368737], [0.3138124762698563, 0.19446849234199656, 0.17748572432266171, 0.3142333070654856], [0.3008395478335497, 0.30268194271406124, 0.16199515590140628, 0.23448335355098263], [0.28186665119806, 0.2957425567915577, 0.1703606776624028, 0.25203011434797956], [0.2977910653508934, 0.3015962317590172, 0.16810775444616177, 0.2325049484439276], [0.2989080658823005, 0.2825483928884176, 0.19467359166890474, 0.22386994956037726], [0.2874180365585259, 0.26616691274370785, 0.1598239500678526, 0.28659110062991366], [0.22971535885670114, 0.2631028931594024, 0.22835082819001623, 0.27883091979388025], [0.2478485144703714, 0.2648603025556049, 0.2044333103107254, 0.2828578726632983], [0.29443856414097147, 0.2411808906232777, 0.2117214467913414, 0.25265909844440954], [0.2634646031891836, 0.3079453773259031, 0.1936015514517593, 0.23498846803315412], [0.30276712267571254, 0.2729451970331047, 0.15531988458860252, 0.2689677957025804], [0.23717580368971933, 0.27318066334242574, 0.21521426133215205, 0.274429271635703], [0.3747714610502013, 0.2335467415034429, 0.16252275885593193, 0.2291590385904238], [0.30118053755127594, 0.2703077899210546, 0.13956057250226872, 0.28895110002540075], [0.28152972053806985, 0.24884166007223726, 0.17288400111260205, 0.29674461827709075], [0.23921001788388746, 0.2749039672410797, 0.1752479187240205, 0.3106380961510123], [0.293578281217558, 0.23760660800177416, 0.20923257953846655, 0.2595825312422012], [0.3364037435052795, 0.23140568844309864, 0.1486357346870771, 0.2835548333645447], [0.2552951755184639, 0.2604100845589452, 0.24254382605545252, 0.24175091386713823], [0.280193807450123, 0.24155697335428034, 0.21965732393337106, 0.2585918952622258], [0.3061615190560107, 0.24185897884693563, 0.1656720087493947, 0.28630749334765904], [0.33419295051587944, 0.1819915800236771, 0.21796236345247125, 0.26585310600797224], [0.317318366264498, 0.2626253910306716, 0.1812484185200431, 0.23880782418478713], [0.33151374324187377, 0.24556748275956788, 0.20729020541743265, 0.21562856858112567], [0.27899811162125515, 0.26536264421096545, 0.23405347510774593, 0.2215857690600334], [0.3614144680282168, 0.21673860702040698, 0.15655046219873942, 0.26529646275263696], [0.3156072718719151, 0.20916095534842705, 0.18868828024403875, 0.28654349253561934], [0.3132577870965289, 0.2619702846527247, 0.17188370291588095, 0.2528882253348656], [0.22788297167915592, 0.32089479190672515, 0.2104076034597936, 0.24081463295432556], [0.24059836366434115, 0.2648075742219811, 0.22795764935093019, 0.2666364127627476], [0.2714107593111702, 0.23738739511915763, 0.20140305739776984, 0.28979878817190213], [0.3310794888061228, 0.255376119806755, 0.18369036642443948, 0.22985402496268262], [0.25856049784459423, 0.2824886338970002, 0.16389754769386855, 0.29505332056453704], [0.27172826179489634, 0.27076832703142545, 0.19423085312836186, 0.2632725580453164], [0.23807643809395254, 0.28312580499752266, 0.22748322863245207, 0.2513145282760728], [0.3008315416790233, 0.2735828692379938, 0.1631920385046552, 0.2623935505783276], [0.37504123104091336, 0.19468155182141128, 0.18552203191208477, 0.24475518522559056], [0.2813022113380183, 0.27158159715318086, 0.18699484680372577, 0.26012134470507486], [0.28404370813775387, 0.2770161192854153, 0.1784271604101532, 0.2605130121666777], [0.22651081971409595, 0.30714972559760506, 0.15433314601073117, 0.31200630867756785], [0.2360781981563671, 0.25955810963528925, 0.20615082451972497, 0.2982128676886188], [0.29225833654750566, 0.27599597385650243, 0.18908461293362017, 0.24266107666237158], [0.280060946397742, 0.26448458377379197, 0.1603441235391253, 0.29511034628934085], [0.20806562355787972, 0.28997950053029, 0.20108666995147345, 0.3008682059603567], [0.2802002037882141, 0.2599278680862414, 0.1678760009614269, 0.2919959271641177], [0.30096674691133796, 0.22252729463319237, 0.18279472349269188, 0.2937112349627781], [0.2678838844932743, 0.2586704372823304, 0.20922920788292174, 0.2642164703414735], [0.3258030610614636, 0.2802438956832725, 0.13678631096839283, 0.25716673228687115], [0.31414502953743595, 0.24948300845490134, 0.15401843352556854, 0.2823535284820941], [0.22715431928424606, 0.2699493483979435, 0.21927253762234059, 0.2836237946954698], [0.26520634487794303, 0.26511683069458536, 0.24255153675626326, 0.22712528767120818], [0.25678706039316956, 0.27612468352667174, 0.2212924577945381, 0.24579579828562068]]}}