{"test": {"ids": ["113119320", "112116810", "104113210", "102113210", "104112470", "106114321", "113119340", "99109141", "105112260", "110114920", "113118870", "106118161", "98119591", "107114780", "98110710", "103113170", "111115620", "107114140", "104111531", "109116441", "112116850", "99107500", "111120531", "112118421", "99107660", "112120540", "106120640", "113119120", "99107640", "101112201", "102110750", "112121430", "112121360", "101108121", "98108520", "112120270", "98106680", "110120540", "111114321", "106120290", "107117630", "102121440", "104111711", "98107410", "105111990", "103120780", "105115900", "104119340", "113119480", "99108310", "107120010", "98108970", "112117660", "100109801", "100107920", "102110890", "104117200", "100115700", "98106880", "112118810", "110119891", "99110050", "105118740", "109116170", "112116290", "108118630", "98120530", "110117200", "101116130", "105115680", "113118231", "111118301", "108119550", "112117431", "101108370", "111115400", "111118910", "105119950", "109117730", "107118820", "112119980", "110114720", "103111830", "108118291", "97109570", "104109311", "111117120", "98116090", "109116810", "111116530", "111116100", "98110680", "109121640", "99114890", "99108000", "97107681", "111115910", "112119950", "112116501", "111119930", "105115570", "103113610", "107113360", "112118930", "104117630", "113121750", "99110730", "105115250", "107117010", "104114740", "113121980", "111117200", "98120010", "99111620", "109114720", "108116120", "113121950", "103110100", "102112250", "109113881", "103112641", "100109311", "108114270", "108115500", "99119830", "101110740", "112116540", "110118111", "107114200", "105115720", "102109850", "103113101", "110118161", "111118810", "104114410", "113120751", "110116300", "101111140", "113122230", "105113190", "109115070", "107116300"], "labels": [1, 3, 3, 3, 1, 2, 0, 3, 3, 3, 0, 3, 1, 2, 2, 3, 1, 2, 0, 3, 0, 0, 0, 3, 3, 3, 3, 3, 1, 0, 1, 2, 3, 0, 2, 0, 1, 1, 1, 2, 0, 2, 1, 3, 2, 1, 3, 1, 3, 2, 1, 3, 0, 0, 0, 0, 3, 1, 0, 3, 3, 3, 1, 0, 0, 1, 1, 3, 2, 2, 3, 3, 1, 0, 1, 0, 0, 3, 3, 3, 0, 3, 3, 3, 0, 3, 2, 0, 3, 3, 3, 2, 0, 2, 2, 3, 2, 0, 3, 1, 0, 2, 0, 1, 0, 0, 3, 2, 1, 2, 2, 0, 2, 3, 0, 1, 3, 1, 0, 0, 3, 1, 3, 3, 1, 3, 1, 1, 2, 1, 1, 3, 0, 0, 1, 1, 3, 2, 1, 3, 0, 0], "predicted_labels": [3, 1, 3, 3, 1, 1, 1, 0, 1, 1, 1, 0, 0, 1, 1, 1, 1, 1, 3, 1, 1, 1, 1, 0, 1, 1, 1, 3, 0, 1, 1, 1, 0, 1, 1, 1, 1, 1, 1, 1, 1, 1, 3, 0, 1, 3, 1, 1, 3, 1, 1, 1, 3, 1, 1, 0, 3, 1, 1, 1, 1, 3, 1, 3, 1, 3, 1, 1, 1, 1, 3, 1, 1, 1, 0, 1, 1, 1, 1, 1, 1, 1, 0, 0, 0, 0, 1, 1, 1, 1, 1, 1, 1, 1, 1, 3, 1, 3, 1, 1, 1, 1, 3, 3, 1, 1, 1, 1, 1, 1, 1, 1, 0, 1, 3, 0, 1, 3, 0, 1, 3, 1, 3, 1, 1, 1, 1, 1, 1, 1, 1, 1, 1, 1, 1, 1, 1, 1, 1, 3, 1, 1], "confidence_scores": [[0.25268408009348386, 0.24916371378578023, 0.15929545123982544, 0.33885675488091077], [0.19530577870719068, 0.2997328562438976, 0.2383293371197917, 0.26663202792912044], [0.2658591140514611, 0.25973800749429243, 0.17284422040194178, 0.3015586580523049], [0.24089050535713408, 0.2838533339527647, 0.17446787553366477, 0.30078828515643674], [0.20171448122138858, 0.3165083561327209, 0.20817621740657372, 0.273600945239317], [0.22828850963994624, 0.29055037991956123, 0.20176693944349391, 0.27939417099699887], [0.2243096674358651, 0.32032149385201525, 0.1551397708370326, 0.3002290678750872], [0.29706122862940887, 0.28323729594296926, 0.1957843857002111, 0.2239170897274114], [0.2232358134599158, 0.3484190292721871, 0.17779706284659244, 0.2505480944213049], [0.23258576641882905, 0.30544786196229823, 0.19318988958669853, 0.2687764820321744], [0.23719208943794992, 0.34169422424973056, 0.16214052711050478, 0.25897315920181496], [0.3023080921713298, 0.24549179332221252, 0.20809981249355802, 0.2441003020129001], [0.3059526988079248, 0.2655492773311344, 0.21625869598085062, 0.21223932788009062], [0.21541557177147608, 0.3335044491324158, 0.1985146434768327, 0.25256533561927547], [0.2500269130370805, 0.3086730249189728, 0.20164231973638747, 0.2396577423075593], [0.20633993031545128, 0.2949315800367259, 0.22665431202512354, 0.27207417762269953], [0.254628609763096, 0.35396099860510766, 0.18368334645744627, 0.20772704517435048], [0.2122173815948515, 0.33990132656701666, 0.2225074677936884, 0.22537382404444375], [0.2375812712558328, 0.27659207912814004, 0.1919105563962793, 0.2939160932197481], [0.23902163662952391, 0.34092456510301494, 0.15788317972759952, 0.26217061853986184], [0.22423767246376358, 0.28930939992383464, 0.20175520214995454, 0.2846977254624475], [0.2138423921037824, 0.31805522755818877, 0.20274274581339544, 0.26535963452463357], [0.23784434107039562, 0.3477845362964719, 0.15505650927444714, 0.2593146133586859], [0.30102007087109195, 0.2768561359910917, 0.15166733830606574, 0.27045645483175096], [0.2349742155617201, 0.28393021952659026, 0.22271146603532158, 0.2583840988763684], [0.23157886857594706, 0.3060621003664203, 0.1865759153345669, 0.27578311572306635], [0.21872676513385006, 0.3397114818062802, 0.1664535278943912, 0.275108225165479], [0.25770802165424483, 0.2315404219860337, 0.20016043665033373, 0.3105911197093879], [0.2584386669941722, 0.25127745184603023, 0.2361412066970216, 0.2541426744627763], [0.23162684721614193, 0.30939262896706277, 0.197382198138575, 0.2615983256782206], [0.19477948081634278, 0.35240483142654805, 0.2504006312920904, 0.20241505646501903], [0.25301799239098943, 0.30390240237906846, 0.1944459343978504, 0.2486336708320924], [0.31456529740865574, 0.27356259675551897, 0.1865606545222708, 0.2253114513135549], [0.2622494155186389, 0.29853945167399176, 0.16231330588041915, 0.2768978269269505], [0.27610290948767763, 0.28654389761616283, 0.163082128593614, 0.2742710643025459], [0.20521292541637173, 0.32442233151737726, 0.21460568434939586, 0.2557590587168556], [0.22825556027928798, 0.3500341081723232, 0.22103415173998983, 0.20067617980839922], [0.2029441990061788, 0.31702288272664436, 0.249837673955183, 0.23019524431199437], [0.2434892295953766, 0.3460199636091712, 0.16825047565036255, 0.24224033114508994], [0.2105808527776171, 0.311426841108757, 0.20459995535420222, 0.27339235075942436], [0.21506776228882837, 0.276911423303904, 0.26579427046982196, 0.24222654393744594], [0.2530765481856933, 0.28482571044951543, 0.2054955909187347, 0.25660215044605694], [0.2543108771387221, 0.28359556427138083, 0.1728175882823757, 0.2892759703075218], [0.29544599401496596, 0.2484722185494746, 0.18129522912495435, 0.2747865583106054], [0.24845786033872352, 0.3500065037864226, 0.15067935467426957, 0.25085628120058456], [0.21935087733367667, 0.28733534423517343, 0.15614727602604547, 0.3371665024051048], [0.250779236731399, 0.30728872519136197, 0.19849199874524337, 0.24344003933199584], [0.216054993679545, 0.3312575256387034, 0.1658019359185066, 0.2868855447632452], [0.23867008989911617, 0.27540470053818394, 0.17029149601947666, 0.3156337135432235], [0.24552650059967032, 0.292282762496186, 0.19199287720293456, 0.2701978597012095], [0.21639557339226742, 0.280347621475511, 0.2669517758469204, 0.23630502928530134], [0.2292081251293342, 0.33426245895993645, 0.20524088127994247, 0.2312885346307871], [0.24435819899175512, 0.27262093565985857, 0.17918062071191768, 0.30384024463646897], [0.24819125943727488, 0.3250167699525605, 0.18115881735837683, 0.24563315325178836], [0.2184740415228629, 0.31577057576080597, 0.1743788607536736, 0.29137652196265756], [0.29953037095161045, 0.2396576020816945, 0.2068508074771317, 0.25396121948956374], [0.19879156936285167, 0.2761457163277262, 0.1985665023204173, 0.32649621198900497], [0.25057439796748043, 0.2868298800712538, 0.19826694177251084, 0.26432878018875505], [0.22635782226002135, 0.29367788172289455, 0.23600802280793892, 0.24395627320914554], [0.19353550382894172, 0.37005086423055256, 0.1507241954416393, 0.2856894364988663], [0.2349197224713013, 0.30470704188315917, 0.1919884944063196, 0.26838474123922035], [0.21164966000686602, 0.2760746779099322, 0.23212389723829102, 0.28015176484491117], [0.24436125859557628, 0.31156247727908726, 0.21754732577421962, 0.22652893835111698], [0.23895644962770166, 0.2892259480311951, 0.1805497936743109, 0.29126780866679264], [0.27109242726232574, 0.28145189123338527, 0.21743999410177883, 0.23001568740251052], [0.18888324480742405, 0.2815164396902804, 0.2239152748373979, 0.305685040664898], [0.2820347057620232, 0.3017593352791376, 0.15109832255311406, 0.2651076364057255], [0.25001684358914084, 0.2762121715449416, 0.20918930464284585, 0.2645816802230721], [0.24176033814125747, 0.2765274319044066, 0.24545248794982705, 0.23625974200450975], [0.2022460264567323, 0.3540235435584857, 0.20828917723530901, 0.2354412527494735], [0.22886485405479012, 0.24667377555927933, 0.23585594414589214, 0.2886054262400389], [0.25566736429241516, 0.33740527231118433, 0.16253991861790304, 0.24438744477849803], [0.26616380618428737, 0.29128605061255125, 0.1768717503712755, 0.26567839283188605], [0.25816475583373544, 0.2988991646690584, 0.17173598837846948, 0.27120009111873733], [0.3519598257733618, 0.2711340541700403, 0.16756904052420324, 0.209337079532395], [0.24220979602846351, 0.2906605923447476, 0.1871834075936858, 0.2799462040331035], [0.2562681523556247, 0.326377645520454, 0.17240839273391104, 0.24494580939001084], [0.26297259894460645, 0.30250886031078084, 0.18067616247382529, 0.25384237827078754], [0.26388821433430565, 0.3206972218845688, 0.16601358993884227, 0.24940097384228366], [0.21589764533155018, 0.3305030144802735, 0.1789002975818704, 0.2746990426063061], [0.24509379503368803, 0.30591047777916086, 0.15601770701163845, 0.29297802017551305], [0.16618442159303295, 0.30235778667983304, 0.2481624384902808, 0.28329535323685356], [0.30370517272871383, 0.2435984059943323, 0.18127288066405123, 0.27142354061290314], [0.3096649868855862, 0.2856390554869489, 0.1726308007746899, 0.23206515685277512], [0.27243925180267836, 0.26127522336096587, 0.19760671854317782, 0.2686788062931783], [0.2948267541052806, 0.2652640438421766, 0.14618774949788568, 0.29372145255465726], [0.22750539712623588, 0.3593878112202714, 0.16132877084722305, 0.25177802080626993], [0.2545858135390724, 0.2659298886762638, 0.22939750981959484, 0.25008678796506933], [0.21671626770290672, 0.308048450324883, 0.22760319684942837, 0.24763208512278237], [0.21260898424608726, 0.34984790677535776, 0.17781316509209444, 0.2597299438864607], [0.24693366480818973, 0.33508955596226714, 0.15687425592872536, 0.26110252330081823], [0.22632340877687976, 0.3362309695491876, 0.22725007491091406, 0.2101955467630189], [0.23084931594890443, 0.3017205222888414, 0.2079792300029951, 0.25945093175925915], [0.17066232734687178, 0.3142312864475102, 0.22804772572356957, 0.28705866048204876], [0.22914164546640214, 0.3125384158007738, 0.20753469137075106, 0.25078524736207325], [0.18683804923248384, 0.23793944940459535, 0.261806186817463, 0.31341631454545843], [0.2238014640646541, 0.35456978444992704, 0.21071893710838485, 0.2109098143770345], [0.2650097914569269, 0.27220088070480547, 0.17221575282761784, 0.2905735750106499], [0.2356185332676298, 0.3066787665761154, 0.15419360903966514, 0.30350909111659014], [0.26479670098531066, 0.311551217782978, 0.17140301188400398, 0.2522490693477079], [0.22612725774204373, 0.2701388407778817, 0.24552912338837418, 0.25820477809170067], [0.23611675469362894, 0.2917461778995404, 0.24990886170918228, 0.22222820569764898], [0.2307389929312568, 0.2628173681149066, 0.20663558613725516, 0.2998080528165818], [0.21874895060072796, 0.295139241207716, 0.17078007262260678, 0.3153317355689491], [0.23383927274476782, 0.327994613861658, 0.19393446645321888, 0.24423164694035576], [0.23200419318091708, 0.3184546297109379, 0.16804098755875854, 0.2815001895493866], [0.19110445354560404, 0.2967082437427816, 0.22253741250749734, 0.2896498902041176], [0.2526841589357465, 0.28358924761057736, 0.20560362171498225, 0.25812297173869425], [0.1780433237506737, 0.3411318649085952, 0.1960826508203116, 0.28474216052041956], [0.21313013319864446, 0.34795719662748886, 0.21515643253874267, 0.22375623763512448], [0.21209798721579348, 0.3071216050427992, 0.2030232466701465, 0.2777571610712615], [0.23853594603199835, 0.2981782849617636, 0.1701156370731645, 0.29317013193307384], [0.27774907070838356, 0.25109386179494936, 0.21011190022282997, 0.2610451672738377], [0.23216364811318835, 0.3016170100464258, 0.18469146451468652, 0.28152787732569984], [0.22489434653764973, 0.25152693933932685, 0.22919272239673594, 0.29438599172628793], [0.27634688014459674, 0.2530857341968801, 0.22316124695735046, 0.247406138701173], [0.22844277514577183, 0.2776641128211197, 0.2279075862098704, 0.26598552582323837], [0.24267439696985704, 0.27669202797794346, 0.20261913941179094, 0.278014435640409], [0.3087208320967936, 0.23375061003570966, 0.18997156993007086, 0.267556987937426], [0.267091929806137, 0.28994289379091104, 0.1538653550009628, 0.2890998214019897], [0.2223664601517768, 0.26613942540361396, 0.2171278899285289, 0.29436622451608074], [0.2702096872287625, 0.31779599442489886, 0.17111954137751662, 0.24087477696882215], [0.21893815123115615, 0.2830366563245584, 0.17548335496784473, 0.3225418374764413], [0.1974504923114405, 0.3192667181336964, 0.23812043883910605, 0.24516235071575718], [0.22085372386993743, 0.29469564420345834, 0.22058067304332546, 0.2638699588832792], [0.1777299840718121, 0.3351848680004584, 0.26354135615091584, 0.2235437917768138], [0.24885850117270095, 0.3024165804635564, 0.199399289977075, 0.24932562838666836], [0.2639963725660462, 0.3069374327090596, 0.1509925160873126, 0.2780736786375818], [0.19651029006719414, 0.3539627200570279, 0.1583138771631473, 0.291213112712631], [0.18732749806191074, 0.3701031188080863, 0.18433566304743013, 0.2582337200825729], [0.2036674751483295, 0.3673229238282607, 0.2150889742718496, 0.21392062675156054], [0.2136849008855095, 0.3273082107439138, 0.20659494710722837, 0.2524119412633485], [0.27636722039553985, 0.29007562747787013, 0.1531005310733059, 0.28045662105328406], [0.23445923113853626, 0.3567991035615012, 0.15766615854161445, 0.2510755067583484], [0.292440896438122, 0.3011246835757794, 0.13836822814495583, 0.26806619184114333], [0.2220136154250381, 0.3523036169930572, 0.19819588783955808, 0.22748687974234694], [0.2728404201152623, 0.3135512223691535, 0.15939643304391773, 0.254211924471667], [0.2871342364901086, 0.2909301684437868, 0.18555362684610863, 0.23638196821999632], [0.19371609896157133, 0.3994417221897887, 0.1867600405869751, 0.22008213826166534], [0.27462279385349303, 0.27253623663050686, 0.17714427111131234, 0.2756966984046883], [0.1966233022949242, 0.3543826987324648, 0.19445323126618977, 0.25454076770642164], [0.23997129549086246, 0.313336728615801, 0.1866718112338693, 0.26002016465946726]]}, "rewritten": {"ids": ["97107681", "97109570", "98106680", "98106880", "98107410", "98108520", "98108970", "98110680", "98110710", "98116090", "98119591", "98120010", "98120530", "99107500", "99107640", "99107660", "99108000", "99108310", "99109141", "99110050", "99110730", "99111620", "99114890", "99119830", "100107920", "100109311", "100109801", "100115700", "101108121", "101108370", "101110740", "101111140", "101112201", "101116130", "102109850", "102110750", "102110890", "102112250", "102113210", "102121440", "103110100", "103111830", "103112641", "103113101", "103113170", "103113610", "103120780", "104109311", "104111531", "104111711", "104112470", "104113210", "104114410", "104114740", "104117200", "104117630", "104119340", "105111990", "105112260", "105113190", "105115250", "105115570", "105115680", "105115720", "105115900", "105118740", "105119950", "106114321", "106118161", "106120290", "106120640", "107113360", "107114140", "107114200", "107114780", "107116300", "107117010", "107117630", "107118820", "107120010", "108114270", "108115500", "108116120", "108118291", "108118630", "108119550", "109113881", "109114720", "109115070", "109116170", "109116441", "109116810", "109117730", "109121640", "110114720", "110114920", "110116300", "110117200", "110118111", "110118161", "110119891", "110120540", "111114321", "111115400", "111115620", "111115910", "111116100", "111116530", "111117120", "111117200", "111118301", "111118810", "111118910", "111119930", "111120531", "112116290", "112116501", "112116540", "112116810", "112116850", "112117431", "112117660", "112118421", "112118810", "112118930", "112119950", "112119980", "112120270", "112120540", "112121360", "112121430", "113118231", "113118870", "113119120", "113119320", "113119340", "113119480", "113120751", "113121750", "113121950", "113121980", "113122230"], "labels": [3, 0, 1, 0, 3, 2, 3, 2, 2, 0, 1, 2, 1, 0, 1, 3, 2, 2, 3, 3, 3, 3, 2, 1, 0, 1, 0, 1, 0, 1, 3, 2, 0, 2, 1, 1, 0, 0, 3, 2, 1, 3, 3, 3, 3, 2, 1, 3, 0, 1, 1, 3, 1, 2, 3, 0, 1, 2, 3, 3, 2, 0, 2, 1, 3, 1, 3, 2, 3, 2, 3, 0, 2, 2, 2, 0, 1, 0, 3, 1, 3, 3, 1, 3, 1, 1, 0, 0, 0, 0, 3, 3, 3, 0, 3, 3, 3, 3, 1, 0, 3, 1, 1, 0, 1, 2, 3, 3, 2, 0, 3, 0, 0, 1, 0, 0, 3, 1, 3, 0, 0, 0, 3, 3, 1, 0, 0, 0, 3, 3, 2, 3, 0, 3, 1, 0, 3, 1, 0, 3, 2, 1], "predicted_labels": [3, 1, 1, 1, 3, 1, 1, 1, 1, 1, 1, 1, 1, 1, 1, 1, 1, 1, 1, 1, 3, 1, 1, 1, 1, 1, 1, 1, 1, 0, 1, 1, 1, 1, 1, 1, 3, 1, 3, 1, 1, 0, 3, 1, 1, 1, 1, 1, 1, 1, 1, 1, 1, 1, 1, 1, 1, 1, 1, 0, 1, 1, 1, 1, 1, 1, 1, 1, 1, 1, 1, 1, 1, 1, 1, 3, 3, 3, 1, 1, 3, 1, 1, 3, 3, 3, 1, 1, 1, 1, 1, 1, 1, 1, 1, 1, 1, 1, 1, 1, 1, 1, 1, 1, 1, 1, 1, 1, 1, 3, 1, 1, 1, 1, 1, 1, 1, 1, 1, 3, 1, 1, 0, 1, 3, 3, 1, 1, 1, 1, 1, 1, 1, 3, 1, 1, 1, 3, 3, 1, 1, 1], "confidence_scores": [[0.1896718001919634, 0.2603865191966627, 0.25896943054141275, 0.2909722500699619], [0.24198438256351484, 0.2977887121366037, 0.1858902785769942, 0.2743366267228874], [0.21869742201663248, 0.33753042546714906, 0.2422096019326543, 0.20156255058356415], [0.2401749174056909, 0.30491779797890245, 0.22254362877539957, 0.23236365584000718], [0.2697484415186283, 0.257832074703449, 0.17283262516582415, 0.299586858612099], [0.27026583244551977, 0.29927568808487287, 0.18227083034293165, 0.2481876491266758], [0.22865482842930673, 0.31439113964732174, 0.18372280652914313, 0.2732312253942288], [0.24015704936159873, 0.3256803258751127, 0.23154405714227294, 0.20261856762101582], [0.19802887858814247, 0.29864299215654333, 0.22733866163409738, 0.27598946762121696], [0.2642081395880423, 0.2794934721080075, 0.2250077275787931, 0.23129066072515733], [0.25137607759789166, 0.2994266701029875, 0.22964869015406103, 0.2195485621450601], [0.2384046225806097, 0.28006631156811557, 0.2393081084672525, 0.2422209573840224], [0.24789459901233707, 0.3141683116697008, 0.16392375220204225, 0.2740133371159201], [0.18965318158974007, 0.33306725134866233, 0.21566897296111123, 0.2616105941004863], [0.24621946275598672, 0.28692840684675874, 0.18358198788745445, 0.2832701425098005], [0.22193691708720173, 0.3218295914612986, 0.21365713340261916, 0.24257635804888086], [0.1874225665574842, 0.3176337498053276, 0.23147987285310073, 0.26346381078408787], [0.2545509163076117, 0.3131503519045251, 0.19749407928887308, 0.23480465249899052], [0.23468158098414238, 0.32125444096546507, 0.21679263828550985, 0.22727133976488306], [0.19066109503422365, 0.29780571681359735, 0.23795150140295476, 0.27358168674922445], [0.24767411775505824, 0.2653422137624188, 0.19549674695131028, 0.2914869215312123], [0.22741224782708838, 0.3077795428188039, 0.21949364748902714, 0.24531456186508108], [0.16880744815059284, 0.33019597760175146, 0.23917335435651665, 0.26182321989113927], [0.1720922912125033, 0.32300357053320916, 0.23964663368832842, 0.26525750456595953], [0.2099386232323513, 0.3343320300568715, 0.16906320184775692, 0.2866661448630204], [0.24147405104561803, 0.2950982892761762, 0.19397403719113707, 0.26945362248706917], [0.24365368826356176, 0.34062751389909773, 0.19455190244937287, 0.22116689538796827], [0.2524847459682739, 0.2777478086835846, 0.23372876450928357, 0.23603868083885812], [0.27271962083769785, 0.2804863188834359, 0.1904352093118105, 0.2563588509670561], [0.30019618704537704, 0.2607334454057208, 0.18807360318070002, 0.25099676436820223], [0.17460781131665423, 0.31025812236932243, 0.2673148915428683, 0.24781917477115553], [0.24819802824279105, 0.28434721577264194, 0.2235841634360951, 0.24387059254847213], [0.25916236695308886, 0.3027821721057242, 0.19999197409530753, 0.23806348684587975], [0.2291881447785833, 0.2857975587014654, 0.24505617619411652, 0.23995812032583513], [0.20626735622296494, 0.2980622220538159, 0.2596138777498942, 0.23605654397332526], [0.20445612736466312, 0.38597106525485336, 0.22145070502951084, 0.18812210235097285], [0.2163609667154889, 0.2653443542856154, 0.22399407721718997, 0.2943006017817062], [0.23284734460772888, 0.273459442281576, 0.23132049395573073, 0.26237271915496485], [0.22692720481839396, 0.28425226140305926, 0.19513599926511982, 0.2936845345134269], [0.24314125068281653, 0.2793488683964299, 0.23551693509316807, 0.24199294582758582], [0.23576931591261735, 0.2747150223946834, 0.2174424232114383, 0.2720732384812613], [0.30135613326149485, 0.25758037230309516, 0.19006238848205495, 0.25100110595335534], [0.24511459488241247, 0.26168686790057216, 0.211315747762769, 0.2818827894542468], [0.23769802324836045, 0.3035982893151741, 0.2036713704122714, 0.25503231702419427], [0.21307990246082495, 0.31029716650938266, 0.23264913940156254, 0.2439737916282301], [0.24103301037687422, 0.3007770259299709, 0.23466621724957207, 0.2235237464435832], [0.19610567820046484, 0.3121703939497613, 0.20353942534861108, 0.2881845025011632], [0.26356598600079956, 0.3076120443139099, 0.14305513429870634, 0.2857668353865844], [0.21233161378411597, 0.3187495354085362, 0.19270172795065615, 0.27621712285669203], [0.21198835934574098, 0.28636968777748345, 0.24577379796891094, 0.25586815490786513], [0.19243479909855296, 0.31920419022682633, 0.22047806528650868, 0.2678829453881122], [0.2662753536176925, 0.27771097041630893, 0.1834617843620583, 0.27255189160394044], [0.2782816471151038, 0.3252309914055787, 0.14531736422406732, 0.25116999725525013], [0.18811389810849452, 0.31377885319211424, 0.24193541732034032, 0.25617183137905136], [0.19324573721376942, 0.31203604100593924, 0.19070766244501852, 0.3040105593352732], [0.22367149442445355, 0.2979461634480492, 0.2166897959626175, 0.2616925461648802], [0.21871564346621716, 0.304696329793883, 0.20088109741675167, 0.2757069293231489], [0.24277658974872368, 0.31963115576616236, 0.16667455961948247, 0.2709176948656315], [0.21493286463926947, 0.3137164677721735, 0.19482819780520483, 0.2765224697833523], [0.29311139985140205, 0.26131341514189116, 0.18877930143438343, 0.25679588357232364], [0.22161888634537413, 0.33524987937521256, 0.19676636295856836, 0.2463648713208455], [0.22747519605244407, 0.30141548572324073, 0.22155528801297233, 0.24955403021134304], [0.21537942494136467, 0.35499426071647916, 0.1990785950143254, 0.23054771932783094], [0.23282313730318116, 0.32708770374607155, 0.2123712924527219, 0.2277178664980258], [0.220225444899778, 0.32297790516058317, 0.21029877725435314, 0.24649787268528597], [0.23112204544325804, 0.27363309115695006, 0.23254024155388736, 0.262704621845905], [0.2195360076893977, 0.3112425038447378, 0.20136693053386626, 0.2678545579319988], [0.23260762287209338, 0.27869540731605547, 0.21102974458031973, 0.2776672252315319], [0.24967905728818005, 0.2966619780338522, 0.22167578776775812, 0.23198317691021017], [0.2140404914792187, 0.3156349176413811, 0.21773829723745192, 0.2525862936419488], [0.20435913859269356, 0.3414495236744947, 0.19930646679579225, 0.2548848709370197], [0.23919531269299507, 0.324419599846948, 0.17830003696024768, 0.2580850504998095], [0.22832945878621336, 0.3059012182510768, 0.23804672347219977, 0.2277225994905103], [0.21884121276771626, 0.3374603474035713, 0.15748142302230136, 0.28621701680641126], [0.24066216652732092, 0.28532950840633975, 0.2016390987593954, 0.2723692263069443], [0.23491384613931335, 0.25471237751588577, 0.2193722639725701, 0.29100151237223115], [0.17605310039718317, 0.2854185124162361, 0.2321402708755377, 0.30638811631104323], [0.22405487808926705, 0.2603932537945724, 0.2527801117527248, 0.26277175636343597], [0.22870520722846358, 0.28665681756173417, 0.22087645257054478, 0.2637615226392578], [0.22931658227460988, 0.27126308055566123, 0.24873398361307872, 0.25068635355665064], [0.20594091270161496, 0.2999164101223262, 0.16469958110212385, 0.32944309607393535], [0.20438562472436192, 0.31698871470141465, 0.2523382483208666, 0.22628741225335774], [0.24305271456900296, 0.267987737703888, 0.23074407347926643, 0.25821547424784264], [0.2710298245582671, 0.26743042233829434, 0.1872889106791647, 0.2742508424242742], [0.18619583391652197, 0.312854752140885, 0.18367314570643925, 0.3172762682361541], [0.2529397883756609, 0.25378073375541693, 0.20021645270318564, 0.293063025165737], [0.2725384336269843, 0.3378520647101582, 0.1671188223010594, 0.2224906793617982], [0.19175539053602977, 0.3306895891731282, 0.22678730658568214, 0.25076771370516043], [0.21146635430706506, 0.37857219983705737, 0.18592109271145107, 0.22404035314442666], [0.23057537305027997, 0.3070631472548664, 0.195118451957417, 0.2672430277374368], [0.22246556597187042, 0.33829979004921357, 0.16827890768807868, 0.2709557362908376], [0.23541562055230536, 0.3106520562477299, 0.19667677888113413, 0.2572555443188311], [0.24594233033911264, 0.30443693634092, 0.19157429183768052, 0.2580464414822872], [0.2490702674184641, 0.3334644472938292, 0.18976505705431485, 0.22770022823339242], [0.1738707215791802, 0.3114182576853702, 0.278428641290663, 0.236282379444787], [0.22721752725459307, 0.3237571747914815, 0.1759397700206449, 0.27308552793328117], [0.2419464023013744, 0.3226072602568431, 0.19118530859432273, 0.2442610288474599], [0.22354996317377432, 0.2745497341345813, 0.2294836099011756, 0.2724166927904692], [0.21724461596804748, 0.29924506378151905, 0.21825175469444144, 0.26525856555599253], [0.23908432847364516, 0.3278854535055597, 0.15710415156404206, 0.2759260664567527], [0.2327235987534131, 0.3323600509719956, 0.1674473009997191, 0.2674690492748721], [0.2148712873570891, 0.36340674239916676, 0.2117385967203826, 0.20998337352336174], [0.22524638442716227, 0.3674605729031596, 0.2021498018373365, 0.20514324083234184], [0.2556607261622046, 0.2916376187294577, 0.19084653590771047, 0.2618551192006276], [0.26695939161647886, 0.31624049748278166, 0.1933184202177378, 0.22348169068300214], [0.21588976529517293, 0.34783544441621367, 0.2126490693634702, 0.2236257209251437], [0.22178605557563946, 0.3407678415490823, 0.18690900428787394, 0.2505370985874047], [0.21717233827081484, 0.30187869386074917, 0.2341054318290219, 0.24684353603941422], [0.22050632603230003, 0.3776005437900287, 0.16852979540633176, 0.23336333477133978], [0.22710246134806963, 0.28527625324355055, 0.19942532126511744, 0.28819596414326254], [0.23808059713140717, 0.33965012708848913, 0.18388034513950477, 0.23838893064059957], [0.23935126530097556, 0.31630134931400866, 0.17093209290364134, 0.27341529248137453], [0.22639753645457308, 0.2953977563004289, 0.18768965022202258, 0.29051505702297603], [0.28263166163824, 0.29898949334861824, 0.20089720390090648, 0.21748164111223547], [0.24525821732915126, 0.3749245547257368, 0.18272818408120672, 0.19708904386390555], [0.24756508791320608, 0.2788275617296269, 0.22235857744800192, 0.25124877290916553], [0.24304657745454414, 0.29737073254286084, 0.19676694280382578, 0.2628157471987696], [0.22943878983919638, 0.30027980281779093, 0.22248282473754444, 0.24779858260546897], [0.24261965080566572, 0.30769034497710324, 0.21603441187962422, 0.23365559233760733], [0.19043502229149892, 0.2423061759325776, 0.2624032621355073, 0.3048555396404164], [0.258086907298848, 0.27526808575710654, 0.19834156981304477, 0.268303437131001], [0.21753673981369015, 0.30153709128905204, 0.18731234125201318, 0.29361382764524524], [0.28866547656815206, 0.27865658403404553, 0.1819757285658523, 0.25070221083195043], [0.23685867086288367, 0.325847285368398, 0.1709283770541757, 0.26636566671454237], [0.22298905753284878, 0.2787115169529846, 0.1825135357379823, 0.31578588977618455], [0.24695021220920432, 0.26351779472146314, 0.1910152454974067, 0.2985167475719259], [0.24340004437741006, 0.2930484389357827, 0.1785984851665533, 0.2849530315202539], [0.20306151897690805, 0.31789280471294296, 0.24335619933213687, 0.23568947697801246], [0.2195404241668966, 0.35725033449797367, 0.1755814011396503, 0.24762784019547973], [0.2664802537976016, 0.30440114402215196, 0.18657452540879177, 0.24254407677145515], [0.26515478926515634, 0.31204050169424047, 0.16335272710820503, 0.25945198193239877], [0.259384262889068, 0.27324237075417357, 0.2156439636948882, 0.2517294026618706], [0.2231004537948269, 0.3621961242283436, 0.17234740197908333, 0.24235601999774634], [0.2364604870349079, 0.2726051980996018, 0.2178734896746176, 0.273060825190873], [0.242343561672514, 0.30530739378672395, 0.15324904110641618, 0.29910000343434606], [0.2229506400347698, 0.3207688791158884, 0.16485780423798074, 0.2914226766113612], [0.22081131229748827, 0.30614022814740505, 0.19395448864218523, 0.27909397091292154], [0.206509976045689, 0.2693560910321228, 0.25182081837636766, 0.2723131145458211], [0.23538967382729065, 0.29495686830019496, 0.17396235736098964, 0.29569110051152486], [0.2440513629998628, 0.29027285709997863, 0.20009628814754832, 0.2655794917526107], [0.18045269519799276, 0.32582465825064977, 0.21273553737196213, 0.28098710917939573], [0.2034042906424115, 0.39407308976458794, 0.1858211451254196, 0.216701474467581]]}}