{"test": {"ids": ["106115240", "109113281", "103113170", "109120540", "100109330", "99121440", "105113440", "99112641", "113118111", "113120830", "98106560", "108114670", "113117630", "113120601", "113119340", "107113170", "113121220", "109115070", "113122430", "105120621", "102109010", "110114920", "105112240", "99108520", "98108150", "110117140", "105115250", "98121790", "113120780", "111120220", "100120010", "104111780", "110118111", "103111170", "99111000", "108115250", "111117571", "112117030", "98109311", "98107210", "105113620", "108117720", "100107920", "112118620", "110118630", "113122170", "97116401", "100108520", "112116810", "112118880", "112116451", "104113190", "101108080", "109114030", "110120640", "106113170", "112118930", "104118340", "107118520", "100109980", "113122150", "111119300", "112120670", "110114720", "108120621", "101108121", "104111830", "108115880", "102109850", "103109641", "98112170", "111116010", "108114040", "103117200", "112118530", "110121450", "101111310", "105115680", "110118880", "113122160", "105115570", "106115250", "105113330", "101108621", "111116411", "111119150", "105116441", "102109910", "97116800", "109116750", "97105960", "98107380", "113120640", "109117431", "97106820", "109121640", "106119260", "107115250", "99116500", "100116500", "107113550", "112120290", "100109890", "103111930", "108114360", "110118930", "108118810", "103111990", "110115120", "97114170", "111115910", "108116120", "112117780", "113119320", "100115700", "100112060", "98112580", "111114171", "101112201", "113117340", "106116820", "105116090", "100111620", "98107410", "104118070", "97105451", "108118291", "100108990", "109121351", "106114280", "107113260", "108113760", "108115070", "100117420", "108113480", "108121160", "107119390", "111116990", "103109021", "113120260", "109118231", "113120540"], "labels": [1, 0, 3, 1, 0, 2, 0, 1, 1, 3, 1, 3, 0, 2, 0, 0, 3, 0, 2, 1, 1, 3, 1, 2, 0, 3, 2, 2, 0, 3, 0, 3, 1, 2, 2, 1, 3, 2, 1, 1, 0, 1, 0, 3, 1, 1, 3, 2, 3, 1, 0, 3, 0, 1, 0, 0, 1, 2, 2, 1, 2, 1, 2, 3, 1, 0, 3, 3, 1, 1, 3, 1, 0, 0, 1, 3, 3, 2, 0, 3, 0, 2, 3, 0, 0, 3, 1, 2, 0, 0, 2, 1, 0, 1, 1, 0, 1, 2, 2, 2, 0, 1, 3, 3, 1, 1, 1, 2, 0, 2, 2, 1, 0, 1, 1, 2, 2, 3, 0, 2, 1, 1, 3, 3, 2, 0, 3, 2, 0, 3, 0, 1, 1, 2, 0, 2, 2, 0, 0, 3, 1, 3], "predicted_labels": [0, 1, 0, 1, 0, 1, 1, 0, 3, 3, 3, 3, 3, 1, 0, 3, 3, 1, 1, 0, 1, 1, 3, 1, 1, 3, 1, 0, 3, 0, 3, 0, 0, 0, 1, 3, 3, 3, 0, 1, 1, 3, 0, 0, 1, 2, 3, 3, 3, 3, 0, 1, 3, 0, 3, 0, 3, 0, 0, 3, 1, 1, 1, 1, 3, 0, 3, 3, 3, 3, 0, 1, 1, 0, 1, 3, 0, 1, 3, 1, 1, 1, 3, 1, 3, 1, 0, 3, 0, 1, 1, 3, 0, 0, 0, 3, 3, 1, 1, 3, 3, 1, 3, 3, 3, 1, 1, 1, 3, 3, 1, 0, 3, 1, 3, 3, 1, 3, 0, 3, 1, 0, 3, 0, 3, 1, 0, 1, 0, 1, 3, 0, 1, 3, 1, 3, 1, 0, 1, 1, 1, 1], "confidence_scores": [[0.816781287913659, 0.12260678418473875, 0.025005918825302207, 0.0356060090762997], [0.268846410274744, 0.3986275789416663, 0.05856105282872865, 0.2739649579548611], [0.32701335696331674, 0.21816377174954413, 0.3665289654530583, 0.08829390583408066], [0.06108744833707812, 0.7401541396701607, 0.059246274637206005, 0.13951213735555487], [0.8741356630273076, 0.04798459386935222, 0.017769570070242005, 0.06011017303309815], [0.05987104520087228, 0.4571565036498705, 0.42147772033706543, 0.06149473081219165], [0.09198905758461341, 0.594936930509378, 0.1199211964494857, 0.19315281545652263], [0.6991998216760612, 0.20153883684738352, 0.054554868622029164, 0.04470647285452598], [0.34311274798552194, 0.12193863233902646, 0.03089049821143645, 0.5040581214640153], [0.08867746751120067, 0.1917301083382584, 0.45351138613536, 0.2660810380151807], [0.06139808523458274, 0.11812273075633993, 0.6777049923970929, 0.1427741916119841], [0.13202385017156157, 0.4475804207621214, 0.019044287317758146, 0.401351441748559], [0.21705838806604394, 0.1712391347550935, 0.3511830402147384, 0.260519436964124], [0.0473933619993303, 0.5314020918210984, 0.1997372559786899, 0.22146729020088143], [0.6597030207660541, 0.08503974079755977, 0.013026187564966851, 0.24223105087141927], [0.2894166377225273, 0.01821584599063608, 0.11949615205772754, 0.5728713642291089], [0.33591145806174166, 0.03692224743809836, 0.15772200683547852, 0.46944428766468194], [0.38230807860120863, 0.5397810066212795, 0.011142774123339654, 0.06676814065417233], [0.010192043925564487, 0.7387209330042941, 0.16168095913179162, 0.08940606393834975], [0.7957860176887583, 0.0222402845918681, 0.0005217357067138104, 0.1814519620126595], [0.1545792127332831, 0.2016749505051754, 0.5358576486277448, 0.10788818813379687], [0.26623205851891774, 0.43153388032913825, 0.12588995925082033, 0.17634410190112332], [0.16878006063082907, 0.3964892358380922, 0.09429092944659355, 0.34043977408448517], [0.04943275315697953, 0.23461790167780877, 0.6039595578750935, 0.11198978729011791], [0.06244964297341455, 0.37435324742153697, 0.4166388742577825, 0.14655823534726592], [0.3939515032513565, 0.20780708341976692, 0.025077045594576176, 0.37316436773430034], [0.11406046474353544, 0.5246696395712722, 0.07660599657703313, 0.28466389910815953], [0.19092578638792065, 0.1609850511140396, 0.5092461197183031, 0.13884304277973675], [0.2820846996574692, 0.19107788097918468, 0.025922059916379633, 0.5009153594469665], [0.49070042966728616, 0.3740250387241942, 0.05439690074602195, 0.08087763086249784], [0.06670481466881356, 0.09105522436180094, 0.6239420348643638, 0.21829792610502188], [0.6055738019539334, 0.3073347281365618, 0.005140072141861444, 0.08195139776764336], [0.8074317296198052, 0.023583277261563288, 0.10200160692872143, 0.06698338618990973], [0.8774492470731642, 0.03467706930310065, 0.0053417858318312575, 0.08253189779190402], [0.030650354378242723, 0.32023651975867357, 0.39708776086623265, 0.2520253649968514], [0.15014195626396262, 0.059660013484997776, 0.04228364503281299, 0.7479143852182263], [0.17874986846322044, 0.4142677425986984, 0.022192488686753463, 0.38478990025132787], [0.08022587111488226, 0.3777694088462172, 0.1725566955238055, 0.36944802451509523], [0.5238017203873243, 0.22242115894156017, 0.10754190883904623, 0.1462352118320692], [0.051785443615376084, 0.25843709475444704, 0.5111095425392616, 0.17866791909091517], [0.06695649342016805, 0.5797270844306519, 0.1636062617560005, 0.18971016039317912], [0.10939694061117347, 0.11087021020052092, 0.045716770665989594, 0.7340160785223161], [0.6343483489312466, 0.049803435312382696, 0.034470165430432444, 0.28137805032593866], [0.5970419489605611, 0.1757305780802322, 0.04473562541319724, 0.18249184754600953], [0.01644733456221001, 0.19238176079859412, 0.6570273877014161, 0.13414351693777965], [0.014255579923273042, 0.11280104746813864, 0.8214418629659375, 0.05150150964265073], [0.22639781789395394, 0.18622966309841535, 0.35915993738360136, 0.22821258162402933], [0.01740131131429108, 0.016585114804110495, 0.7275729849687174, 0.23844058891288122], [0.14873990512533294, 0.2541175004726075, 0.26654310968994593, 0.3305994847121136], [0.46747265890601886, 0.1162743437644202, 0.02151432813650677, 0.39473866919305434], [0.8345212390663331, 0.1024338246746238, 0.009545022306627203, 0.05349991395241583], [0.08175419565449323, 0.46291908334856935, 0.042460802175694055, 0.41286591882124346], [0.34467880843185184, 0.21837594069647706, 0.08979665402981106, 0.3471485968418601], [0.531838203974144, 0.1517700064884621, 0.117395227874015, 0.19899656166337912], [0.4507766596316953, 0.0622248987197215, 0.05720329761695847, 0.4297951440316248], [0.5899855904846357, 0.26972836319604654, 0.005353202033374793, 0.1349328442859428], [0.25024594782172616, 0.2608557637899477, 0.09150911220788456, 0.39738917618044184], [0.545420286157229, 0.1469342987806697, 0.17112035747073853, 0.13652505759136283], [0.5331813807552668, 0.3750277602011872, 0.027690470782796784, 0.06410038826074875], [0.1947380096739495, 0.08954793867080714, 0.22007828006817812, 0.49563577158706507], [0.02026652930699126, 0.668363120033476, 0.13605558102075932, 0.17531476963877346], [0.05876425430983689, 0.48777114272471134, 0.33203615796509484, 0.12142844500035722], [0.15912478337355873, 0.4701252257637452, 0.09576651547916579, 0.27498347538352996], [0.04508696748514069, 0.4559967535323435, 0.33378602655457357, 0.16513025242794227], [0.32064785163399095, 0.10647202006791631, 0.03180653405187907, 0.5410735942462138], [0.7461445072340881, 0.039937633055468484, 0.035712767099038784, 0.17820509261140477], [0.01960808386692847, 0.36916242156915635, 0.01656544098867638, 0.594664053575239], [0.41871113422443657, 0.0702798939787194, 0.006948531730911686, 0.5040604400659322], [0.0745806003537294, 0.06608855829177415, 0.6889856517095442, 0.17034518964495238], [0.025583545583167725, 0.2813160624771695, 0.2410685600297101, 0.4520318319099525], [0.9082845054502091, 0.008546521285368805, 0.021626734802408856, 0.061542238462013184], [0.030791053961702317, 0.3425505678911955, 0.49563353523020415, 0.131024842916898], [0.02662241127510697, 0.2528415224455248, 0.5827840737181804, 0.13775199256118814], [0.5731637999763877, 0.3547638092568516, 0.037510320721097355, 0.034562070045663355], [0.04858213780668248, 0.5627511013049797, 0.2943528025824029, 0.09431395830593498], [0.23137448407329542, 0.22051729066127074, 0.0010195311848471959, 0.5470886940805869], [0.6371381709240429, 0.18936471192949786, 0.09748327492170276, 0.07601384222475671], [0.03507540154661954, 0.710249609796841, 0.10746647239262061, 0.14720851626391881], [0.40528099519405025, 0.05955570365111037, 0.00098486895146134, 0.5341784322033779], [0.1478114083140849, 0.5402764745935879, 0.04310816800144074, 0.26880394909088673], [0.07599045750134342, 0.37692132349970153, 0.3432437593413199, 0.203844459657635], [0.22261348972120013, 0.5760970433955088, 0.0377670047421635, 0.16352246214112787], [0.24913573653698506, 0.14421884076098587, 0.0032028429201803542, 0.6034425797818488], [0.3915210343730393, 0.48525055084700586, 0.030576588901844115, 0.09265182587811072], [0.4716074939689958, 0.014493466547460632, 0.012026100151876563, 0.5018729393316665], [0.24207918607042356, 0.4551791266830655, 0.09882024932776459, 0.20392143791874623], [0.5196418273147688, 0.33873444915512824, 0.024515815833558424, 0.11710790769654489], [0.2963349701586759, 0.1370661576727056, 0.25782879640311035, 0.308770075765508], [0.9674266503445899, 0.015884104838417925, 0.006842510613883512, 0.009846734203108444], [0.3757624774085262, 0.42265134915459535, 0.056690624299591354, 0.1448955491372868], [0.22618036584691187, 0.3468681570675365, 0.1957208978982855, 0.23123057918726606], [0.19774238778474773, 0.0063950958060579296, 0.462946675061172, 0.3329158413480222], [0.8341120821958549, 0.10875183066928315, 0.011199588021197996, 0.04593649911366379], [0.7065201182626226, 0.052513393558918375, 0.011750085660200516, 0.22921640251825837], [0.49659974248296374, 0.2578025067927224, 0.05363711749323521, 0.1919606332310788], [0.46950770203139425, 0.26134616982409536, 0.04511199311093774, 0.22403413503357267], [0.18652199142202494, 0.010940519901107984, 0.3737001034159759, 0.42883738526089116], [0.10228567345578869, 0.47158537342927914, 0.07139463834101925, 0.3547343147739131], [0.01202246945720634, 0.5900845077297072, 0.3197817171836152, 0.0781113056294712], [0.2501948259544662, 0.031823594888866234, 0.4963402854830618, 0.22164129367360585], [0.09802571654935066, 0.12094870503869533, 0.2039556027613817, 0.5770699756505719], [0.4712158963256234, 0.34083693832750933, 0.02501377862900209, 0.16293338671786523], [0.2643211688191351, 0.07304910658388279, 0.1332767273241889, 0.5293529972727932], [0.4053508133453575, 0.13852914657217852, 0.1002313236306261, 0.3558887164518379], [0.1734346546510409, 0.286138915621536, 0.19433246830190984, 0.3460939614255131], [0.022625745934458718, 0.7576973319852711, 0.09816968881470338, 0.12150723326556653], [0.05019222671232147, 0.5581779743811326, 0.02444733568555192, 0.3671824632209943], [0.18484162881720073, 0.38655835436270203, 0.19494477474188746, 0.2336552420782101], [0.201241589978543, 0.3855392516451712, 0.05864324510106296, 0.35457591327522303], [0.01768617421870947, 0.12004567204668322, 0.5238347214615827, 0.33843343227302475], [0.03200921104161912, 0.6564159421459828, 0.12464169181799063, 0.18693315499440746], [0.7968943109400759, 0.045448484644024054, 0.02038652553274815, 0.1372706788831518], [0.16023275254036728, 0.1741496293929483, 0.027665253350949506, 0.6379523647157346], [0.1598365741403797, 0.6958086056266372, 0.01469945937565384, 0.12965536085732965], [0.33720712389545104, 0.13162735289084795, 0.17138901868797612, 0.3597765045257252], [0.12952575973128205, 0.24980403103647772, 0.21573454489612914, 0.40493566433611095], [0.05492099193515722, 0.5812165894002203, 0.09934018972423053, 0.26452222894039235], [0.5369726233928004, 0.07268795737511559, 0.012912005221798476, 0.3774274140102858], [0.6456362070414239, 0.32162171785864996, 0.005294185618693442, 0.027447889481233098], [0.2578790373128024, 0.34503203035525026, 0.05580044061937328, 0.3412884917125742], [0.17362208177130414, 0.30490074430939157, 0.2635988204318473, 0.2578783534874568], [0.5338486148631798, 0.20921869130445275, 0.005220178888568219, 0.25171251494379937], [0.11245012796073309, 0.2723172801460738, 0.20401408081867844, 0.41121851107451424], [0.8913031025079832, 0.03708259937818904, 0.010021568643281685, 0.061592729470546295], [0.010051436299110029, 0.19128071779595782, 0.46733243365002675, 0.3313354122549055], [0.1139239481856766, 0.7747726733152623, 0.005591672001165497, 0.10571170649789584], [0.5343204950743096, 0.3550528651971078, 0.0023234509156270238, 0.10830318881295563], [0.1405303749139835, 0.5731827375109647, 0.1980990409268471, 0.08818784664820468], [0.5952978280589988, 0.09997200524579328, 0.11018370808787328, 0.19454645860733474], [0.09703722001336391, 0.5003242147981826, 0.1018116561053336, 0.30082690908311965], [0.11924602168929714, 0.3416738407209202, 0.12230439330551846, 0.4167757442842639], [0.686948132068768, 0.14653208926049277, 0.09313319153463871, 0.07338658713610045], [0.03623810585122099, 0.932182300267377, 0.01641216707106741, 0.015167426810334608], [0.18439669128214878, 0.26601132638549924, 0.126516907353955, 0.4230750749783969], [0.0765355588595, 0.5123766339571706, 0.05130651841432731, 0.35978128876900206], [0.04062879740425292, 0.24959936799221252, 0.03333610473891634, 0.6764357298646183], [0.09669752354387051, 0.5154438426734342, 0.05601972988438376, 0.3318389038983115], [0.7302180205998238, 0.056857629033550544, 0.014879869921945545, 0.19804448044467987], [0.3963350213075952, 0.30380972255675104, 0.10093952959950843, 0.19891572653614537], [0.3150573381991507, 0.2913886992085104, 0.12244977571523796, 0.2711041868771009], [0.06014081668401695, 0.6052094701979553, 0.23729676096636132, 0.09735295215166632], [0.14324616171045707, 0.6333318305249818, 0.03808166593619459, 0.1853403418283665]]}, "rewritten": {"ids": ["97105451", "97105960", "97106820", "97114170", "97116401", "97116800", "98106560", "98107210", "98107380", "98107410", "98108150", "98109311", "98112170", "98112580", "98121790", "99108520", "99111000", "99112641", "99116500", "99121440", "100107920", "100108520", "100108990", "100109330", "100109890", "100109980", "100111620", "100112060", "100115700", "100116500", "100117420", "100120010", "101108080", "101108121", "101108621", "101111310", "101112201", "102109010", "102109850", "102109910", "103109021", "103109641", "103111170", "103111930", "103111990", "103113170", "103117200", "104111780", "104111830", "104113190", "104118070", "104118340", "105112240", "105113330", "105113440", "105113620", "105115250", "105115570", "105115680", "105116090", "105116441", "105120621", "106113170", "106114280", "106115240", "106115250", "106116820", "106119260", "107113170", "107113260", "107113550", "107115250", "107118520", "107119390", "108113480", "108113760", "108114040", "108114360", "108114670", "108115070", "108115250", "108115880", "108116120", "108117720", "108118291", "108118810", "108120621", "108121160", "109113281", "109114030", "109115070", "109116750", "109117431", "109118231", "109120540", "109121351", "109121640", "110114720", "110114920", "110115120", "110117140", "110118111", "110118630", "110118880", "110118930", "110120640", "110121450", "111114171", "111115910", "111116010", "111116411", "111116990", "111117571", "111119150", "111119300", "111120220", "112116451", "112116810", "112117030", "112117780", "112118530", "112118620", "112118880", "112118930", "112120290", "112120670", "113117340", "113117630", "113118111", "113119320", "113119340", "113120260", "113120540", "113120601", "113120640", "113120780", "113120830", "113121220", "113122150", "113122160", "113122170", "113122430"], "labels": [0, 2, 1, 2, 3, 0, 1, 1, 1, 3, 0, 1, 3, 2, 2, 2, 2, 1, 2, 2, 0, 2, 2, 0, 3, 1, 3, 2, 1, 2, 2, 0, 0, 0, 0, 3, 0, 1, 1, 2, 0, 1, 2, 3, 2, 3, 0, 3, 3, 3, 2, 2, 1, 3, 0, 0, 2, 0, 2, 1, 1, 1, 0, 3, 1, 2, 1, 1, 0, 0, 0, 2, 2, 2, 0, 1, 0, 1, 3, 1, 1, 3, 1, 1, 3, 1, 1, 2, 0, 1, 0, 0, 1, 1, 1, 0, 0, 3, 3, 0, 3, 1, 1, 0, 1, 0, 3, 3, 2, 1, 0, 0, 3, 3, 1, 3, 0, 3, 2, 0, 1, 3, 1, 1, 1, 2, 2, 0, 1, 1, 0, 3, 3, 2, 0, 0, 3, 3, 2, 3, 1, 2], "predicted_labels": [0, 3, 3, 3, 3, 0, 1, 1, 0, 0, 3, 1, 0, 1, 3, 1, 1, 1, 1, 1, 0, 0, 1, 0, 0, 3, 3, 3, 3, 0, 3, 2, 3, 3, 3, 1, 1, 1, 1, 0, 3, 1, 0, 0, 3, 1, 1, 1, 3, 0, 1, 1, 1, 3, 3, 1, 1, 3, 1, 1, 1, 0, 3, 1, 0, 3, 3, 0, 3, 3, 3, 3, 1, 1, 3, 0, 2, 1, 1, 1, 3, 1, 0, 3, 1, 1, 3, 3, 3, 1, 1, 1, 3, 3, 1, 3, 0, 1, 1, 3, 3, 3, 3, 0, 1, 3, 3, 1, 1, 2, 3, 3, 1, 1, 1, 0, 0, 3, 3, 1, 1, 1, 0, 1, 1, 1, 1, 3, 3, 1, 3, 3, 1, 3, 3, 3, 3, 2, 1, 3, 1, 1], "confidence_scores": [[0.7670311080169356, 0.10326420512663152, 0.004613019989889414, 0.12509166686654322], [0.1312760347510444, 0.15778531966494155, 0.3946229569481777, 0.3163156886358366], [0.19886624392990826, 0.29822600564256924, 0.05366041540878065, 0.4492473350187419], [0.1038535362231865, 0.23681318567222062, 0.1994965997753285, 0.4598366783292645], [0.15396124322385107, 0.10004086562529987, 0.0883102524847176, 0.6576876386661314], [0.4743904008969715, 0.3108978500451739, 0.02354379260261197, 0.1911679564552427], [0.14473813745231992, 0.48506919700061313, 0.1760931229992852, 0.1940995425477816], [0.026213795190964968, 0.4968621738877896, 0.42085650139525005, 0.056067529525995315], [0.6285788647621542, 0.026527576390516592, 0.15936141441950163, 0.18553214442782795], [0.6165498071248828, 0.0972594039740504, 0.18051046620380032, 0.10568032269726628], [0.061412740880521184, 0.09972890251430616, 0.6204371583594956, 0.2184211982456768], [0.10446120169171218, 0.7435556642365783, 0.02961722350511847, 0.12236591056659069], [0.8416743775117141, 0.0032520254471201486, 0.012841512824852958, 0.14223208421631287], [0.028190674184238432, 0.763269225157485, 0.1218796872907257, 0.08666041336755093], [0.31557507674231877, 0.24805404779391688, 0.1779590509223673, 0.25841182454139733], [0.10985913113282793, 0.2669346491227304, 0.42832051598589166, 0.19488570375854986], [0.03054476826827433, 0.6978179129972014, 0.20249512807477893, 0.06914219065974529], [0.1825575664401989, 0.5981776937273091, 0.18225543713950648, 0.03700930269298543], [0.020464793251089627, 0.5059124288787488, 0.43230225807255596, 0.04132051979760588], [0.19733738376910498, 0.5124620629100657, 0.1331475815836352, 0.15705297173719382], [0.6158483665276466, 0.11668138059909904, 0.10402396866209294, 0.16344628421116147], [0.22788545353989453, 0.07084008570180561, 0.6156075891021463, 0.08566687165615336], [0.0883361154574595, 0.5001041931345199, 0.132111685492662, 0.27944800591535907], [0.9486156095377999, 0.013029545521140634, 0.010837800494047095, 0.027517044447012255], [0.5614826219891267, 0.22451210783867992, 0.023442349375975512, 0.1905629207962178], [0.0898599050581844, 0.05172571931643664, 0.5616816002541628, 0.29673277537121595], [0.2621373307280534, 0.0872289723129438, 0.02965196193864552, 0.6209817350203574], [0.13777592889291315, 0.2991307352397529, 0.06199981854646553, 0.5010935173208685], [0.21357139556005314, 0.10653591660261053, 0.3784873212647017, 0.3014053665726347], [0.5987770289248331, 0.024906318488215087, 0.2877418584390243, 0.08857479414792738], [0.12818450457388755, 0.20635202288878982, 0.1407343655273811, 0.5247291070099417], [0.025628691639238088, 0.08329654975416106, 0.8199488182956257, 0.0711259403109752], [0.15131268276912946, 0.2990446573977111, 0.08516462771415262, 0.4644780321190068], [0.6039777895743556, 0.05772876734657905, 0.01424391936753995, 0.32404952371152557], [0.09384624297452707, 0.40473227606925366, 0.03986988816818645, 0.4615515927880326], [0.08247036535773532, 0.7731644734552194, 0.11001609811162817, 0.03434906307541698], [0.4528489170951052, 0.49663316902596644, 0.012304881812946611, 0.038213032065981166], [0.04682056629510494, 0.29539750544285726, 0.6311527180785987, 0.026629210183438785], [0.3733759623223734, 0.353045769958749, 0.16297703064569793, 0.1106012370731797], [0.5831819277449379, 0.01766533777384025, 0.3482830781336308, 0.05086965634759086], [0.059948110845732226, 0.43379837758146844, 0.07320866314700297, 0.43304484842579655], [0.024449525007261934, 0.6996176533234474, 0.07577157613942881, 0.2001612455298618], [0.8164276905002211, 0.13403313802684555, 0.03413413452675648, 0.015405036946176861], [0.6609432223837937, 0.10138909938374857, 0.03795135086102407, 0.19971632737143394], [0.3665944761926154, 0.05731483023592315, 0.01554556220887912, 0.5605451313625821], [0.01782060209886935, 0.6586295253200961, 0.2719062961886696, 0.05164357639236483], [0.18006338055050392, 0.7203983413204367, 0.014779487121859782, 0.08475879100719952], [0.15313381880418886, 0.48674312533221614, 0.0114427514249746, 0.3486803044386203], [0.09216502746156645, 0.32228211642946697, 0.2490004212240255, 0.33655243488494113], [0.6044732821785253, 0.24833029639870743, 0.008571975252276036, 0.13862444617049144], [0.06397952960395471, 0.5110443030000823, 0.23904926159921752, 0.18592690579674523], [0.07920857862468197, 0.45280109185302414, 0.0684447356768496, 0.39954559384544425], [0.008552253177144585, 0.7391506408747716, 0.11706306582915477, 0.13523404011892917], [0.14462349296986093, 0.3373143160047006, 0.152031335739227, 0.3660308552862117], [0.11174641000829975, 0.20711330901615324, 0.15089015970583608, 0.5302501212697109], [0.09590393218783679, 0.644267916020308, 0.11213727443190541, 0.14769087735994949], [0.03485633155852679, 0.5405927288478689, 0.16591442662114067, 0.2586365129724636], [0.026278014605299705, 0.17175637093347748, 0.224547897514094, 0.5774177169471291], [0.012079323415512594, 0.882467415003943, 0.05076243898404775, 0.05469082259649671], [0.23154379067186712, 0.6042014279804698, 0.03203917272342141, 0.13221560862424164], [0.1651275158895723, 0.5607936317746938, 0.04225249418005644, 0.23182635815567773], [0.7640138056306819, 0.04277708893830443, 0.009569285193631845, 0.18363982023738212], [0.34779386453667466, 0.1412086415757574, 0.005893888526130294, 0.5051036053614376], [0.03464413650189621, 0.5902081938738176, 0.13999813041035247, 0.2351495392139339], [0.7360711345192072, 0.19168640222962452, 0.01020682567344878, 0.06203563757771946], [0.4933527384417776, 0.13514164964255573, 0.029140270943783703, 0.3423653409718831], [0.5646605779593451, 0.07192970233166186, 0.013659629171752537, 0.3497500905372406], [0.8944957948635676, 0.00492489398449027, 0.04496834725447862, 0.05561096389746354], [0.10205185624754168, 0.04317512737300884, 0.12871475309667388, 0.7260582632827752], [0.07476852561539094, 0.4637419014484722, 0.021138359627376077, 0.44035121330876065], [0.18919048996525925, 0.11425585607428748, 0.17383710340677053, 0.5227165505536828], [0.25429631012973647, 0.16853405665536997, 0.023213251632600542, 0.5539563815822932], [0.14689843795578447, 0.6563992277611351, 0.06809633675029772, 0.1286059975327826], [0.012125844898446507, 0.7638156946644156, 0.18831046529564915, 0.035747995141488825], [0.13093213571244094, 0.19890999417682953, 0.18333908930393544, 0.4868187808067942], [0.6201951616867971, 0.06794038875851739, 0.0960508075684375, 0.2158136419862478], [0.05013641643086276, 0.05712957684890704, 0.7697747289252586, 0.1229592777949718], [0.04389699527682067, 0.8286319646401306, 0.06905822786402951, 0.05841281221901971], [0.05521675134077195, 0.5462318719752155, 0.08948094897075444, 0.30907042771325827], [0.006439195316138448, 0.9136168209327349, 0.06151894944705355, 0.01842503430407323], [0.1432301056107691, 0.25464974476889646, 0.2427030578557505, 0.359417091764584], [0.1373358996153848, 0.2607582675899001, 0.41731990929438023, 0.18458592350033443], [0.8431680653296918, 0.010592238198748022, 0.012104254430959758, 0.13413544204060032], [0.13464420123009754, 0.08003271109298271, 0.04505731009976189, 0.740265777577158], [0.4872213369208108, 0.3738123036543265, 0.012439607959847743, 0.1265267514650149], [0.2860363437038972, 0.52980944448585, 0.035203492303299146, 0.14895071950695343], [0.27238831837501126, 0.050461981043332146, 0.13308405217523778, 0.544065648406419], [0.3113110221144346, 0.13728985947558062, 0.0036263174372064793, 0.5477728009727786], [0.2909970031744162, 0.12837833631365947, 0.37314368192484354, 0.20748097858708078], [0.23375389011208725, 0.17102159725139568, 0.5695779412704014, 0.025646571366115718], [0.0799584785239032, 0.7601497233401031, 0.10438555674277612, 0.05550624139321748], [0.1907527564881015, 0.6847600616610605, 0.05862851635860224, 0.06585866549223537], [0.5596779434740279, 0.08657531066983389, 0.014894672182603342, 0.33885207367353487], [0.2281754624636471, 0.08138200811535824, 0.07272404391242894, 0.6177184855085658], [0.06051337081064275, 0.7010745962708815, 0.005493505700926963, 0.23291852721754855], [0.5049618950818461, 0.10991825589278773, 0.1006706060321709, 0.2844492429931953], [0.5933617035857255, 0.3260289521748602, 0.030891987549535527, 0.049717356689878825], [0.4001233057785069, 0.3053934621447428, 0.12207878948471587, 0.17240444259203425], [0.02899688066045832, 0.8141790423171315, 0.05891268088263712, 0.09791139613977319], [0.22632373788277985, 0.2791053532362935, 0.10368444939878182, 0.39088645948214507], [0.21848151727697676, 0.0870714721841894, 0.03152775139383793, 0.6629192591449958], [0.12909752449768808, 0.049403616288106425, 0.7053309127556566, 0.11616794645854857], [0.14049165372268996, 0.16553724955288773, 0.39818251602248805, 0.29578858070193376], [0.5783041890106816, 0.18641986693740065, 0.004522037603016044, 0.23075390644890187], [0.017377158347957666, 0.6133238367625132, 0.25419407888535495, 0.11510492600417425], [0.5332794030562251, 0.050133739650299824, 0.015005318300143731, 0.40158153899333116], [0.17728108256698696, 0.35676993404277896, 0.00549110682803972, 0.4604578765621945], [0.41069160924651654, 0.3219370197810858, 0.07684784715276215, 0.1905235238196351], [0.015199694360362481, 0.19170319879464748, 0.7783439757140773, 0.014753131130912566], [0.04499191939144787, 0.03453386903301158, 0.8495991323557195, 0.07087507921982128], [0.2818626819888439, 0.008854205879449255, 0.0030645352417993993, 0.7062185768899072], [0.34581344880587017, 0.026228991370077167, 0.0037978531189316396, 0.6241597067051212], [0.1059570733519339, 0.7535536160848211, 0.0651979016152792, 0.07529140894796624], [0.04903049454189298, 0.6532435140886212, 0.10717435128820073, 0.1905516400812854], [0.1601757789663282, 0.3018328700973036, 0.2976455495986199, 0.24034580133774872], [0.7419806685991452, 0.1175450666359579, 0.12424152337220198, 0.016232741392694754], [0.9153267193872435, 0.0346160543569898, 0.009873093626452459, 0.04018413262931416], [0.10201145173079579, 0.2708809727066102, 0.2667995548324844, 0.3603080207301096], [0.09602666930196647, 0.23850772782655047, 0.4026164034154647, 0.262849199456018], [0.21735213650241875, 0.5631480897775893, 0.053296218593898284, 0.16620355512609356], [0.008736144698601967, 0.738192059089753, 0.14370696505554373, 0.10936483115610089], [0.09254209248618628, 0.4450028815423402, 0.15436836406674348, 0.3080866619047303], [0.7730612947720922, 0.10053290897867477, 0.04040050790294958, 0.0860052883462835], [0.15569312644673647, 0.22038688756111963, 0.4461984249784704, 0.17772156101367337], [0.07920745805833312, 0.3922759209685837, 0.47321345399983117, 0.05530316697325209], [0.05943675125289144, 0.47878188662999727, 0.3563923828941611, 0.10538897922295017], [0.014182032548650692, 0.883623953861362, 0.06132963122935291, 0.04086438236063434], [0.3554783896383977, 0.1798937309658331, 0.07656620901200939, 0.38806167038375955], [0.15430612364037385, 0.34232753247302167, 0.026315680679459018, 0.4770506632071456], [0.03964035910008022, 0.5136321744917139, 0.008592425376780873, 0.43813504103142487], [0.3139418414980579, 0.09048730527901326, 0.05727371030602017, 0.5382971429169084], [0.2456556958042175, 0.34661873266055027, 0.08504606992598883, 0.3226795016092433], [0.13520440389241778, 0.5169819441580696, 0.16943937284654273, 0.17837427910296988], [0.46686851612048363, 0.23348343283128598, 0.03011278222288396, 0.26953526882534634], [0.458867915283713, 0.16955398324107543, 0.04981790755459029, 0.32176019392062133], [0.040341949608436865, 0.12385501661905739, 0.02771958681992853, 0.8080834469525773], [0.0856466050696726, 0.15518263198242527, 0.6038375328752756, 0.15533323007262603], [0.16398345677195483, 0.07221557399365147, 0.6617780960641995, 0.1020228731701941], [0.0778888591575899, 0.1989820236889386, 0.6490961770467056, 0.07403294010676569], [0.03836606081960055, 0.40078596885237566, 0.155631917297994, 0.40521605303002994], [0.02370773015265973, 0.3287943201700463, 0.49702744017560774, 0.15047050950168653], [0.001474308696791119, 0.7177277210026112, 0.1954233760653515, 0.08537459423524613]]}}