{"test": {"ids": ["109116040", "100112060", "108120700", "104118340", "107121540", "107119950", "108119330", "111116290", "105117200", "103113270", "108121190", "113121410", "113122430", "109116170", "101108290", "105110251", "112120290", "112116610", "108114360", "112120540", "106114880", "102116340", "105121190", "105113480", "113120601", "99109141", "111114321", "104111550", "113119300", "108120280", "109117431", "105115900", "108118630", "110120540", "97105760", "112117660", "110117110", "99108310", "111119580", "109113881", "101112160", "113118630", "111116640", "97113900", "97111790", "110120560", "98112580", "104111830", "103113640", "101111310", "111119930", "108113700", "112117030", "113118820", "101108621", "112117790", "111117480", "113121190", "113118511", "109115380", "112121430", "99119830", "99112840", "104116800", "109117110", "109113281", "112119950", "104111780", "100111390", "109116810", "100108580", "105120621", "112119120", "109118231", "111116750", "98116940", "104114740", "113120540", "111118301", "104113240", "99109311", "113119700", "105116441", "97109570", "97112170", "105113260", "112119500", "105115720", "105119550", "113122190", "109113591", "112118880", "100120780", "97105451", "103110100", "97106770", "97110950", "100111380", "106116441", "99121440", "104113170", "98111860", "113118620", "113119340", "112121030", "105120280", "101113210", "112119580", "110120531", "102110850", "111120280", "98116090", "98109090", "97112290", "99109780", "107114110", "105112240", "101111990", "113121680", "107121230", "101114020", "109119450", "104111380", "100117420", "106116120", "110117870", "98119591", "107113840", "111120591", "104117630", "107114490", "97112300", "112116451", "98111231", "110118121", "97107040", "104114320", "110114720", "110118810", "108119550", "98108580", "103111480"], "labels": [0, 2, 2, 2, 2, 3, 0, 2, 3, 2, 1, 0, 2, 0, 0, 0, 1, 1, 1, 3, 0, 3, 2, 0, 2, 3, 1, 1, 1, 3, 1, 3, 1, 1, 0, 0, 0, 2, 3, 0, 3, 3, 0, 2, 2, 0, 2, 3, 1, 3, 1, 0, 2, 0, 0, 3, 1, 1, 1, 3, 2, 1, 2, 1, 1, 0, 0, 3, 2, 3, 0, 1, 1, 1, 3, 2, 2, 3, 3, 2, 1, 0, 1, 0, 0, 3, 2, 1, 1, 1, 3, 1, 1, 0, 1, 3, 3, 3, 0, 2, 3, 0, 3, 0, 0, 3, 3, 3, 0, 3, 0, 0, 1, 1, 2, 1, 1, 2, 1, 0, 3, 3, 3, 2, 1, 3, 1, 3, 1, 0, 3, 2, 0, 1, 3, 2, 2, 3, 1, 1, 0, 0], "predicted_labels": [3, 2, 3, 1, 1, 3, 1, 0, 1, 3, 2, 3, 1, 0, 3, 3, 0, 1, 1, 0, 1, 1, 1, 1, 0, 3, 3, 3, 3, 3, 3, 3, 3, 3, 1, 1, 1, 3, 3, 3, 3, 1, 3, 3, 1, 3, 1, 1, 3, 1, 2, 3, 1, 0, 2, 0, 3, 3, 0, 2, 1, 3, 0, 1, 1, 0, 0, 3, 1, 0, 1, 3, 3, 1, 1, 1, 3, 3, 3, 1, 3, 1, 0, 2, 1, 1, 3, 3, 1, 3, 0, 3, 1, 1, 1, 0, 3, 1, 1, 1, 1, 1, 3, 0, 0, 3, 1, 2, 3, 3, 1, 1, 1, 1, 3, 0, 1, 1, 1, 1, 1, 1, 1, 0, 2, 3, 0, 3, 3, 2, 3, 0, 1, 3, 1, 1, 3, 0, 1, 3, 3, 3], "confidence_scores": [[0.18166706798801563, 0.30341570995965006, 0.14629485415687243, 0.3686223678954619], [0.1947213576949874, 0.2654975976584647, 0.3030391285296, 0.2367419161169478], [0.2802849506091135, 0.2511666053277576, 0.16508769071771603, 0.30346075334541284], [0.24412234077689, 0.29722589453567383, 0.17833654309751976, 0.2803152215899165], [0.261719411254827, 0.34657124617211166, 0.15904217230144696, 0.23266717027161446], [0.24316539708184154, 0.30401434570521213, 0.14004967647492597, 0.3127705807380205], [0.24431293694394132, 0.3111912440699467, 0.19919670278512996, 0.24529911620098221], [0.3460338962996896, 0.27256774386931215, 0.13058735816879197, 0.2508110016622062], [0.237193274436372, 0.3324642496369809, 0.17252832569075446, 0.2578141502358926], [0.18906388808666616, 0.33251727056747626, 0.13168923960404727, 0.3467296017418104], [0.2345968409067001, 0.2713040543795737, 0.30786382658227646, 0.18623527813144986], [0.22337541637843164, 0.29482020095064937, 0.16260815368355908, 0.3191962289873599], [0.16202472443459995, 0.40068572678563996, 0.18157259347477572, 0.2557169553049844], [0.3285503047670505, 0.2384879748116378, 0.1562445724795931, 0.27671714794171853], [0.23198173053744903, 0.30125240450658336, 0.11016679116301847, 0.35659907379294936], [0.14978634987362305, 0.3326726442274478, 0.16787722917535788, 0.3496637767235712], [0.29294450391293914, 0.2867045978378323, 0.205612577107388, 0.21473832114184038], [0.22509596608943386, 0.31860928980989756, 0.16704624763546852, 0.28924849646519996], [0.2043264898877578, 0.31372800953535157, 0.2921873207923941, 0.18975817978449652], [0.4661927147422498, 0.19218035984591914, 0.14513475348329946, 0.1964921719285316], [0.27283440604637876, 0.31454438468928025, 0.11706031483101517, 0.2955608944333259], [0.2842329580375084, 0.2842781199995227, 0.20174727467733058, 0.22974164728563848], [0.21204584700136303, 0.40011398233864487, 0.15411230337333265, 0.23372786728665956], [0.22258944000334382, 0.3177160600458852, 0.17290057548421375, 0.2867939244665571], [0.4564582863537408, 0.17659499593464892, 0.12353178893816716, 0.24341492877344323], [0.22692464612934385, 0.23336373178180878, 0.1216316588825562, 0.41807996320629126], [0.17239333337368246, 0.2861237798654144, 0.09850996125332138, 0.4429729255075817], [0.28091019821061286, 0.2680437683937697, 0.16734121537483757, 0.28370481802077996], [0.16645517195365467, 0.2987892488335728, 0.10631123124914589, 0.42844434796362657], [0.27365691772833695, 0.2461949151947812, 0.16249759678692474, 0.31765057028995713], [0.2395288658122759, 0.2926106675175002, 0.13002874505153916, 0.3378317216186848], [0.2681496256371479, 0.14569575939495413, 0.10102763930464886, 0.48512697566324925], [0.31286433045151874, 0.23750773226707275, 0.12737613315934623, 0.32225180412206206], [0.2370145131797012, 0.2603329554859754, 0.1346164694895321, 0.36803606184479143], [0.18371189828794257, 0.43760365283644465, 0.1583481064901365, 0.22033634238547628], [0.19832587812714858, 0.35194224116416406, 0.13626334822956843, 0.313468532479119], [0.24109562565540138, 0.2986674962168079, 0.21297630421287722, 0.24726057391491355], [0.22923227417441164, 0.2960645866925978, 0.15746978870761127, 0.31723335042537937], [0.27041667536571373, 0.2595528093545456, 0.14855784210610667, 0.32147267317363404], [0.28138254706955396, 0.26816085303063386, 0.1333904967582728, 0.3170661031415395], [0.18315909472352115, 0.2859703727603926, 0.13819152958992126, 0.392679002926165], [0.23306126633227245, 0.30938149049525293, 0.18402588154297841, 0.27353136162949604], [0.220910794542202, 0.21588089114837447, 0.2542560627494316, 0.30895225155999206], [0.20085020095180536, 0.25496027166741936, 0.2691002821258018, 0.2750892452549734], [0.2546450521280214, 0.3223730443402029, 0.1500273857548717, 0.2729545177769039], [0.15274121372345548, 0.1208437779383914, 0.15167830933332008, 0.5747366990048332], [0.19471339232073018, 0.3891495098362415, 0.17204729959524961, 0.2440897982477786], [0.1934031860527322, 0.3444948222886194, 0.1648269812031853, 0.2972750104554631], [0.2579288703749487, 0.2965405722774992, 0.1011448219096642, 0.3443857354378879], [0.2191253989700765, 0.3108021650520164, 0.22577029179987265, 0.24430214417803456], [0.17401622851182022, 0.19730150053152093, 0.36610188279470146, 0.2625803881619574], [0.23138006255386895, 0.25603938452260777, 0.20659367892864333, 0.30598687399487984], [0.20151011271433936, 0.3839630072960272, 0.15529403628107982, 0.25923284370855365], [0.3361357516148503, 0.2781916539863318, 0.13498710014932971, 0.25068549424948827], [0.19985165425165352, 0.2625081674674046, 0.2957195887692009, 0.24192058951174095], [0.3039182258279742, 0.2558719858720115, 0.13952384756270153, 0.300685940737313], [0.15761560595654506, 0.3086356240312663, 0.21351430546401018, 0.32023446454817844], [0.23386506016362937, 0.22324219158977063, 0.22959109302067976, 0.3133016552259204], [0.32822138985294963, 0.28411329354499626, 0.12253245366811893, 0.26513286293393545], [0.20697261481272392, 0.25077233512981023, 0.28027608659562336, 0.26197896346184246], [0.18576124908105232, 0.3791864293882319, 0.16859659683596442, 0.2664557246947513], [0.19103417279230994, 0.27374735971463526, 0.15726737415448114, 0.3779510933385737], [0.2996246756075095, 0.22601039075314322, 0.18042447759424537, 0.29394045604510183], [0.28543844216425185, 0.4813170930277912, 0.09395863778005632, 0.13928582702790057], [0.22582643149643705, 0.33889183765318287, 0.18681347412040825, 0.24846825672997186], [0.49153905969957173, 0.19095636010176487, 0.09076473546999551, 0.22673984472866804], [0.30059051285973404, 0.24329922990327343, 0.16229297724550135, 0.2938172799914912], [0.16765699410784515, 0.28648200240735106, 0.2069067489553061, 0.3389542545294977], [0.2625970460426155, 0.32045657380522, 0.15581768772128196, 0.2611286924308824], [0.31984631934894286, 0.26292321545395164, 0.16910822946535478, 0.24812223573175082], [0.2590317986159653, 0.27455417786454916, 0.2551090520586599, 0.21130497146082558], [0.2897213136113066, 0.22868182439688575, 0.138330487035989, 0.34326637495581863], [0.25441845081118586, 0.21471590311635252, 0.1171368979304419, 0.41372874814201965], [0.25648666991190927, 0.3225159139256077, 0.12582793573422282, 0.29516948042826036], [0.30660526141821676, 0.31235393219389657, 0.13322167018199285, 0.24781913620589377], [0.20673644318942574, 0.41020578372801075, 0.13239343837051792, 0.25066433471204563], [0.22282815205164216, 0.2748770865965104, 0.20698893529602772, 0.2953058260558197], [0.2562103017937584, 0.21464749096655752, 0.2212502869540336, 0.3078919202856504], [0.3211165570921059, 0.20281158907517108, 0.12212289867320733, 0.35394895515951585], [0.20552400826824394, 0.35351293699931063, 0.14727105651546527, 0.29369199821698017], [0.27863338622183176, 0.2655998495336497, 0.12714869096576745, 0.32861807327875114], [0.2637623755027802, 0.4058922112055869, 0.12524053272664906, 0.2051048805649838], [0.39058547288995554, 0.28551393111133594, 0.13517272658654428, 0.18872786941216416], [0.2268318090808105, 0.2575427162205641, 0.2585322342942346, 0.25709324040439074], [0.25020646037023736, 0.321230979629964, 0.14997969671364692, 0.2785828632861518], [0.305749468800121, 0.3112043078031029, 0.15029563540421473, 0.23275058799256135], [0.2528890394242082, 0.23896329179464235, 0.19728127703313245, 0.31086639174801695], [0.2129254314353809, 0.3001460412544216, 0.12439358737680642, 0.36253493993339114], [0.18281302221845813, 0.4484703749304174, 0.15815278852055062, 0.2105638143305738], [0.18318723664924302, 0.3192270981096011, 0.17692816672501543, 0.3206574985161405], [0.32144080975593825, 0.2597491762707781, 0.20965500493949984, 0.2091550090337837], [0.15550509477602784, 0.1459770456298451, 0.17069785729738526, 0.5278200022967416], [0.22193398560151772, 0.2873219509243761, 0.23009734491560657, 0.2606467185584997], [0.19730070989420764, 0.3202344064919195, 0.28915675522982315, 0.19330812838404982], [0.22557202442696886, 0.33453639157775145, 0.20477116324719224, 0.23512042074808756], [0.3542689832313273, 0.25301988009834814, 0.19391517107970388, 0.1987959655906207], [0.2800505601897137, 0.25144388757283986, 0.1481795332676044, 0.3203260189698421], [0.2441996395196018, 0.33410994917097875, 0.15204912729178202, 0.26964128401763743], [0.18768174769719867, 0.47090034470859377, 0.11294955020914048, 0.22846835738506716], [0.22464149216185725, 0.2965437012161218, 0.29197708135391726, 0.18683772526810385], [0.21896927414759357, 0.42323283795557914, 0.1359935670692358, 0.22180432082759163], [0.23836658670196717, 0.3096360028039207, 0.20940560256551516, 0.24259180792859703], [0.29810809618329903, 0.24532599206266742, 0.12854851262313124, 0.3280173991309022], [0.3410020482860654, 0.23032126182114965, 0.14018883115107245, 0.2884878587417124], [0.31265383986436096, 0.2553751796330363, 0.21989890384599392, 0.2120720766566088], [0.22543724034903928, 0.24346697359751113, 0.1374253862187905, 0.3936703998346592], [0.2977868820413339, 0.3020766426108788, 0.15028679403177278, 0.24984968131601457], [0.2649919156090415, 0.2429929785596695, 0.28821119193477046, 0.20380391389651872], [0.203892793435107, 0.2883497701775294, 0.20414410182125436, 0.30361333456610934], [0.2044207518618174, 0.27122794303535586, 0.22230011886797268, 0.30205118623485405], [0.27427519283208324, 0.31918750366153315, 0.11956483407409015, 0.28697246943229354], [0.24716154425433629, 0.30597764830513385, 0.2481919214623736, 0.1986688859781565], [0.23977135358938872, 0.3919328865098585, 0.13441576132155006, 0.2338799985792027], [0.17903686528358204, 0.4169881012735901, 0.13556182549708795, 0.2684132079457401], [0.2229688804629439, 0.2903165868312874, 0.16087335957833637, 0.32584117312743227], [0.3599210961066827, 0.26967641328441966, 0.12950224125931292, 0.2409002493495845], [0.2557060914730443, 0.32113917200918457, 0.2112884184649064, 0.21186631805286468], [0.14559980591321836, 0.3913895201378573, 0.2446165777191882, 0.21839409622973613], [0.17441837967930082, 0.41857526269870854, 0.16949463303693132, 0.23751172458505931], [0.22235783523591449, 0.36301796473838516, 0.169709106461498, 0.24491509356420244], [0.1706375242087878, 0.3325512866966134, 0.2835458841535615, 0.21326530494103735], [0.18126857148933065, 0.3263676601064946, 0.2577929528512594, 0.2345708155529155], [0.262668323760164, 0.31345489003862853, 0.15860191736117474, 0.2652748688400328], [0.3543538640608609, 0.218558340673157, 0.19457049792131415, 0.23251729734466797], [0.1449724605479229, 0.2838542856910011, 0.3243584498662545, 0.2468148038948216], [0.26542173907686206, 0.20439517553551237, 0.24669532498033017, 0.2834877604072957], [0.4434202774245292, 0.21015084419985755, 0.12929846429993064, 0.21713041407568273], [0.18148697813888504, 0.23955693291700017, 0.13047315491170053, 0.44848293403241424], [0.265516015302565, 0.2274107296861277, 0.16232648656893764, 0.3447467684423697], [0.18099152724872722, 0.23747926401322422, 0.4056441059327163, 0.17588510280533232], [0.14004049280712008, 0.249917604119214, 0.15372881944893294, 0.4563130836247332], [0.34130250381968086, 0.25514059921323573, 0.12716455116107, 0.2763923458060134], [0.23037124963641062, 0.35776532482059825, 0.11912871614042413, 0.29273470940256713], [0.22040986801489182, 0.20568470146451184, 0.18203365703768695, 0.3918717734829094], [0.19188120795105318, 0.31802759989387264, 0.24339677257610706, 0.2466944195789673], [0.1886856799892067, 0.36338216132438367, 0.2451448110464041, 0.20278734764000553], [0.2313288095347105, 0.2099951645186417, 0.1993693534604561, 0.3593066724861918], [0.26367919448979193, 0.2366305524986261, 0.25163916027481265, 0.24805109273676929], [0.2611319570998193, 0.29446927232486575, 0.183432283911157, 0.260966486664158], [0.22008493138955904, 0.25686643809843684, 0.19501875921761488, 0.3280298712943893], [0.22122511293744276, 0.2676627654772582, 0.14382236744713933, 0.3672897541381597], [0.15862452183356113, 0.29144597112198783, 0.11743156072551972, 0.4324979463189312]]}, "rewritten": {"ids": ["97105451", "97105760", "97106770", "97107040", "97109570", "97110950", "97111790", "97112170", "97112290", "97112300", "97113900", "98108580", "98109090", "98111231", "98111860", "98112580", "98116090", "98116940", "98119591", "99108310", "99109141", "99109311", "99109780", "99112840", "99119830", "99121440", "100108580", "100111380", "100111390", "100112060", "100117420", "100120780", "101108290", "101108621", "101111310", "101111990", "101112160", "101113210", "101114020", "102110850", "102116340", "103110100", "103111480", "103113270", "103113640", "104111380", "104111550", "104111780", "104111830", "104113170", "104113240", "104114320", "104114740", "104116800", "104117630", "104118340", "105110251", "105112240", "105113260", "105113480", "105115720", "105115900", "105116441", "105117200", "105119550", "105120280", "105120621", "105121190", "106114880", "106116120", "106116441", "107113840", "107114110", "107114490", "107119950", "107121230", "107121540", "108113700", "108114360", "108118630", "108119330", "108119550", "108120280", "108120700", "108121190", "109113281", "109113591", "109113881", "109115380", "109116040", "109116170", "109116810", "109117110", "109117431", "109118231", "109119450", "110114720", "110117110", "110117870", "110118121", "110118810", "110120531", "110120540", "110120560", "111114321", "111116290", "111116640", "111116750", "111117480", "111118301", "111119580", "111119930", "111120280", "111120591", "112116451", "112116610", "112117030", "112117660", "112117790", "112118880", "112119120", "112119500", "112119580", "112119950", "112120290", "112120540", "112121030", "112121430", "113118511", "113118620", "113118630", "113118820", "113119300", "113119340", "113119700", "113120540", "113120601", "113121190", "113121410", "113121680", "113122190", "113122430"], "labels": [0, 0, 3, 2, 0, 3, 2, 0, 1, 2, 2, 0, 1, 1, 0, 2, 0, 2, 1, 2, 3, 1, 2, 2, 1, 2, 0, 3, 2, 2, 2, 1, 0, 0, 3, 2, 3, 3, 3, 3, 3, 1, 0, 2, 1, 3, 1, 3, 3, 3, 2, 2, 2, 1, 0, 2, 0, 1, 3, 0, 1, 3, 1, 3, 1, 3, 1, 2, 0, 1, 0, 3, 1, 3, 3, 0, 2, 0, 1, 1, 0, 1, 3, 2, 1, 0, 3, 0, 3, 0, 0, 3, 1, 1, 1, 3, 3, 0, 3, 3, 1, 0, 1, 0, 1, 2, 0, 3, 1, 3, 3, 1, 0, 1, 0, 1, 2, 0, 3, 1, 1, 2, 3, 0, 1, 3, 0, 2, 1, 3, 3, 0, 1, 0, 0, 3, 2, 1, 0, 1, 1, 2], "predicted_labels": [1, 1, 1, 3, 3, 3, 3, 1, 1, 3, 1, 1, 1, 3, 1, 3, 0, 1, 2, 3, 1, 1, 1, 0, 1, 2, 1, 3, 3, 3, 1, 0, 1, 3, 3, 1, 1, 3, 1, 1, 3, 1, 3, 3, 1, 1, 1, 3, 3, 3, 1, 2, 3, 3, 3, 1, 1, 3, 1, 1, 3, 3, 3, 1, 1, 1, 3, 3, 1, 1, 3, 3, 0, 1, 3, 3, 2, 1, 1, 1, 1, 3, 1, 1, 2, 1, 3, 0, 1, 1, 3, 1, 1, 1, 3, 3, 1, 2, 3, 1, 3, 1, 3, 1, 3, 3, 3, 3, 1, 1, 1, 3, 1, 3, 3, 1, 2, 0, 3, 1, 3, 3, 1, 3, 3, 3, 3, 1, 1, 3, 2, 3, 3, 3, 1, 3, 3, 1, 1, 1, 1, 3], "confidence_scores": [[0.21050381463805629, 0.35707109233475365, 0.13886957719214846, 0.29355551583504164], [0.287242568741794, 0.2955634106906813, 0.15586138235297045, 0.26133263821455427], [0.16978846746951548, 0.3559971818137136, 0.20640741656133088, 0.26780693415544016], [0.17269202160237665, 0.2733567632967304, 0.24247793449783564, 0.31147328060305735], [0.23377514017745646, 0.2275434635285663, 0.1988828024969835, 0.33979859379699373], [0.2802924738558352, 0.2623135427060027, 0.1737936653903353, 0.28360031804782676], [0.21565268440387042, 0.21241402220648534, 0.11480800922418764, 0.4571252841654566], [0.18906491080501223, 0.33436815187909447, 0.17805768286329002, 0.29850925445260346], [0.14641438545253624, 0.3682683530848362, 0.22408659425443125, 0.2612306672081963], [0.20166817834640646, 0.3245461866165852, 0.11288142751883924, 0.3609042075181691], [0.20555620927666876, 0.424190029709984, 0.10888163333788471, 0.26137212767546253], [0.19956852721390597, 0.3879907391654996, 0.15962164966756032, 0.25281908395303415], [0.24333286065783052, 0.33007874668860687, 0.2001686563855998, 0.22641973626796283], [0.14520241094801328, 0.16585546709541665, 0.13333466398662122, 0.5556074579699488], [0.1548529150236088, 0.3950878126646031, 0.1469442639764649, 0.30311500833532334], [0.20636635619940794, 0.2322285189646757, 0.1474120735069979, 0.4139930513289186], [0.2928244101340071, 0.27849483362200145, 0.18466217383832875, 0.24401858240566288], [0.27230182743595943, 0.36529932561086825, 0.1301996848565555, 0.23219916209661684], [0.1992183731854479, 0.25454856894938843, 0.3211804847933267, 0.22505257307183707], [0.18966463276378362, 0.22393970721435064, 0.11899167296123878, 0.467403987060627], [0.28018393326373486, 0.3134910732558266, 0.1658216394434471, 0.24050335403699147], [0.17894740464240214, 0.46105542561282303, 0.13674350755061654, 0.22325366219415832], [0.24000701092852436, 0.34393578797869717, 0.14172280948440327, 0.2743343916083751], [0.33715219119667883, 0.28592906072125485, 0.1373915735944585, 0.23952717448760802], [0.24637555463395974, 0.303343459645195, 0.15457093394507634, 0.29571005177576903], [0.19248902574884932, 0.22461698602293406, 0.35474744333320296, 0.2281465448950138], [0.21946941534805484, 0.33513494773166813, 0.1890047693240465, 0.2563908675962305], [0.2735869941733124, 0.2213769829087635, 0.23137524001092066, 0.2736607829070035], [0.17465676417414824, 0.2633484269859463, 0.11997945686274698, 0.44201535197715836], [0.19192497805629488, 0.2755385434016294, 0.2064551372342844, 0.3260813413077913], [0.1958256131781049, 0.35711702620235336, 0.13379566661809916, 0.31326169400144266], [0.2887050922698577, 0.2699171504726415, 0.20563458060369977, 0.2357431766538011], [0.1793633197104015, 0.40393474650846306, 0.1372302368871222, 0.27947169689401336], [0.2576510490257736, 0.29044857438866356, 0.12851174666390736, 0.32338862992165557], [0.2521014968351134, 0.24337678565615486, 0.172139319439215, 0.33238239806951664], [0.14404740424813162, 0.33568694114599495, 0.2837204447647198, 0.23654520984115363], [0.2221631383245566, 0.361787321895981, 0.169269195940208, 0.24678034383925454], [0.25322121080863236, 0.26340049277056116, 0.17534130729751804, 0.3080369891232885], [0.2113328885418065, 0.30573031492685937, 0.21521428519055172, 0.2677225113407824], [0.19521555736089352, 0.3785520827763596, 0.15788666597410841, 0.2683456938886385], [0.20887870737988737, 0.261066980708631, 0.1874621366393014, 0.3425921752721801], [0.19035673128334132, 0.35076294788540024, 0.2505852858914419, 0.20829503493981652], [0.19578488375329672, 0.27017844345914677, 0.1252338285906974, 0.408802844196859], [0.132349401255197, 0.301878276169112, 0.22425076795314075, 0.34152155462255035], [0.2527026381017751, 0.2927399366957585, 0.16543588496256748, 0.289121540239899], [0.17372547383236395, 0.35192864144577096, 0.19137762805996134, 0.28296825666190395], [0.1821131358458293, 0.31184618061696895, 0.2239629292751983, 0.2820777542620035], [0.23017177773146463, 0.2503989570998923, 0.2339214091681932, 0.28550785600045], [0.20330954309494287, 0.3071000363479585, 0.15670658799326753, 0.33288383256383103], [0.2492837146702774, 0.28054124121612656, 0.14155264738094483, 0.3286223967326512], [0.1985075900442208, 0.31668008846389534, 0.2000732597968222, 0.2847390616950617], [0.15021722855555308, 0.2835006790869913, 0.340424311340508, 0.22585778101694765], [0.17570148085864798, 0.32060439126781426, 0.1721899406795278, 0.33150418719401], [0.25018743393032494, 0.2938292090273904, 0.14524024306145017, 0.3107431139808345], [0.19544748500744433, 0.2300438184773917, 0.25657314935844394, 0.31793554715672023], [0.18997300822648636, 0.34765831072413644, 0.20155976201763834, 0.26080891903173903], [0.1517901835711876, 0.48343487091826887, 0.14120434911549828, 0.22357059639504545], [0.26441804775417793, 0.22517246494240212, 0.22566913240836536, 0.2847403548950547], [0.1750508791138003, 0.3900231467151874, 0.20225093352023088, 0.23267504065078146], [0.19021612594601423, 0.3358819763079882, 0.17025958624925022, 0.30364231149674736], [0.16765274138817032, 0.29192168123561424, 0.16645429615750362, 0.3739712812187119], [0.21225196053278647, 0.1780420322627129, 0.21089449337095487, 0.3988115138335459], [0.20381733541723507, 0.31813782513088007, 0.14287830050104944, 0.3351665389508355], [0.23325768315345016, 0.3913306337854413, 0.16128914080109086, 0.21412254226001773], [0.13359398168182335, 0.586455751556698, 0.12017919665780806, 0.15977107010367045], [0.1999430052937365, 0.3740735141406511, 0.17556613075689928, 0.25041734980871316], [0.2641661593095556, 0.2547264989946823, 0.12222974269105732, 0.3588775990047048], [0.2217490201163761, 0.2846906223662662, 0.15173075160302013, 0.3418296059143377], [0.19294968049033834, 0.39646760084925053, 0.20553510860416577, 0.20504761005624533], [0.17596796368575618, 0.32328752835722485, 0.25547879970730536, 0.24526570824971364], [0.1803026121824514, 0.3541171866036908, 0.09685882470185965, 0.36872137651199827], [0.13144407960860535, 0.25689927626473885, 0.18831393509593247, 0.42334270903072324], [0.3123056085500092, 0.2775207051113929, 0.17588310562027545, 0.23429058071832248], [0.20625392870771364, 0.3199899995435968, 0.16181837761332765, 0.31193769413536193], [0.24267252332684608, 0.20821162524853418, 0.19547707235967834, 0.3536387790649414], [0.19165307722095526, 0.28655808053257803, 0.17154577966905118, 0.35024306257741544], [0.17871489630515938, 0.22836590999834394, 0.3402554841918412, 0.2526637095046555], [0.19694315639499685, 0.34948198095443256, 0.18570340499155996, 0.2678714576590106], [0.2066911157362508, 0.3968209510563838, 0.18810023323620922, 0.2083876999711562], [0.18602581040347804, 0.3849827120937942, 0.15412453887917738, 0.27486693862355027], [0.21184069780755915, 0.33276111993798996, 0.22138283544025025, 0.2340153468142008], [0.14936276923080377, 0.30856862284926106, 0.1826006021277569, 0.35946800579217847], [0.21055018196110029, 0.3172941365417825, 0.21086277021166608, 0.26129291128545107], [0.2433918885718283, 0.2952648820337461, 0.21023520235920898, 0.2511080270352168], [0.18952150490825012, 0.2825572134625473, 0.2886893895575819, 0.23923189207162068], [0.25404065431533107, 0.3589722808887453, 0.1358900224019541, 0.2510970423939696], [0.2195981779953638, 0.3101473925841562, 0.14558838361364282, 0.3246660458068373], [0.3057427807501859, 0.2691633974169458, 0.15547890941229336, 0.2696149124205751], [0.1543460870210321, 0.34899771142755187, 0.239557248949787, 0.257098952601629], [0.18013323772670942, 0.34531556100275745, 0.21934269018899757, 0.2552085110815357], [0.28894164258061117, 0.209432909747831, 0.18828811942036558, 0.3133373282511922], [0.2718608558644587, 0.29930756348456367, 0.18824968644278875, 0.240581894208189], [0.1372854037155195, 0.47622629546569095, 0.15845733831010075, 0.22803096250868884], [0.2772648695232291, 0.3838302186455278, 0.12334422649017242, 0.21556068534107078], [0.14617025253816063, 0.359647857489749, 0.13235516390347873, 0.36182672606861177], [0.2866612249645914, 0.2546656553071806, 0.16478831580969425, 0.29388480391853355], [0.19422149956139578, 0.3338623120306889, 0.16028683975174374, 0.31162934865617165], [0.23709055285910385, 0.2582710521631737, 0.26413728341494275, 0.2405011115627797], [0.14007148223802637, 0.2534897344326668, 0.3019984255972134, 0.30444035773209344], [0.20079631785537194, 0.3784073767442541, 0.14444953260073282, 0.27634677279964115], [0.21079636239915853, 0.23198573497111893, 0.15798731542754643, 0.39923058720217613], [0.1868094527375677, 0.41522807278805257, 0.13791232817067306, 0.2600501463037067], [0.21950259560551397, 0.2803921923411578, 0.18525093822721664, 0.31485427382611164], [0.16232829548854236, 0.32430213259086926, 0.2965105809230305, 0.21685899099755782], [0.2170245870257093, 0.26359445745699417, 0.13608292426397164, 0.383298031253325], [0.2997008463532068, 0.13847514370617903, 0.19071463643335387, 0.37110937350726036], [0.2049480509033414, 0.2220636445467352, 0.2581457438004374, 0.31484256074948613], [0.28092831556183656, 0.23859118196517265, 0.19483783316396616, 0.2856426693090246], [0.1718743704712175, 0.2978430894217217, 0.27796671599227757, 0.2523158241147832], [0.28156343533250494, 0.29364320919442555, 0.14582162643181637, 0.2789717290412531], [0.28292405716836205, 0.290999910667838, 0.16107837021909308, 0.2649976619447069], [0.1979996988074872, 0.25984921705967823, 0.23391146893724174, 0.308239615195593], [0.2568037993343452, 0.3622358392504389, 0.1328034002663854, 0.24815696114883065], [0.2935063615615255, 0.17554275659149668, 0.17818286280051718, 0.35276801904646077], [0.24193062910863425, 0.25116689359048383, 0.14415328271775368, 0.36274919458312843], [0.2448406479920973, 0.29184824030729867, 0.18197689195000746, 0.28133421975059647], [0.16362076243738022, 0.29388169481615833, 0.30780010694629006, 0.2346974358001713], [0.34764944417975485, 0.2942268898741648, 0.14137317522091192, 0.21675049072516847], [0.26209806481056774, 0.26690366090868595, 0.1448219662299683, 0.3261763080507782], [0.2539083011052779, 0.32895803512558947, 0.15747495580235754, 0.2596587079667752], [0.287529359529613, 0.24106179946126666, 0.15092436677269747, 0.32048447423642284], [0.14459132212328757, 0.24627213325176012, 0.21184637817276564, 0.3972901664521868], [0.2620413873611865, 0.2777472456439723, 0.19207734623481953, 0.2681340207600217], [0.23777545623816884, 0.2983271870975382, 0.140951318497445, 0.322946038166848], [0.18285426029799987, 0.2523575906736903, 0.13968823145756798, 0.42509991757074195], [0.10858355565038716, 0.26474687203844605, 0.26369712278526447, 0.36297244952590246], [0.20516903456240754, 0.2372496542914987, 0.220153607879244, 0.33742770326684984], [0.1845449595899517, 0.33230688294577365, 0.161336021122654, 0.32181213634162076], [0.24648863843171998, 0.3399649151235146, 0.14857557482133574, 0.2649708716234296], [0.18513149727526834, 0.3062887008840795, 0.14400432648336134, 0.36457547535729096], [0.20931503943878135, 0.2262778956881934, 0.29685794880497, 0.2675491160680552], [0.15558288044588217, 0.2972975233332854, 0.12455477478232657, 0.4225648214385058], [0.2742696403916051, 0.2164296458629522, 0.1614703378252234, 0.34783037592021915], [0.22072728363365504, 0.24655374133469, 0.1274309610678205, 0.4052880139638346], [0.20164132951933797, 0.3091850485271011, 0.24802165845298693, 0.2411519635005743], [0.2151986762401783, 0.2727225844146488, 0.18120370944543626, 0.33087502989973666], [0.17587785059546693, 0.24122981724340878, 0.2561313204937844, 0.3267610116673399], [0.17611613420910072, 0.4393530604152059, 0.14243941226015133, 0.24209139311554204], [0.19676589395037156, 0.3492433025839035, 0.13977585922665567, 0.3142149442390694], [0.1845751248607628, 0.37992497144448345, 0.18333297816783733, 0.25216692552691644], [0.17497671530595946, 0.3713050631428449, 0.21733688443922533, 0.23638133711197032], [0.20613304653659373, 0.2968907154930202, 0.1586265576128271, 0.3383496803575589]]}}