{"test": {"ids": ["109116441", "98110810", "100109980", "113120260", "98110230", "110114950", "111120190", "107121230", "100109311", "100110260", "107121540", "111121220", "110116300", "102110750", "113119950", "103120780", "101111620", "113121410", "111119580", "111117480", "105116860", "110114321", "109121351", "103112470", "101117580", "102114270", "100112060", "102112301", "97105580", "112120700", "112118421", "99107300", "111114941", "105119550", "102111990", "100109360", "97106970", "107114280", "110117140", "113122220", "113120070", "111121351", "109119460", "112117471", "107116501", "113120531", "112117571", "103120340", "111115770", "110113931", "98110710", "97116500", "111119930", "104118340", "101111140", "113119930", "99107500", "99109370", "105116441", "111120220", "101121640", "110115710", "99112840", "110118161", "107117010", "100113210", "111119250", "108119330", "99107560", "108115970", "109117600", "102112030", "99109740", "109115070", "112116800", "100109000", "99111620", "111115400", "113122180", "111119290", "110121500", "107113130", "105112260", "113119300", "98119591", "111117000", "109120150", "104111531", "107113360", "111116040", "113122320", "110114720", "104111711", "97105760", "98116090", "110118301", "108114270", "108117451", "107118520", "111115620", "107117630", "98116500", "100108990", "107112850", "103118291", "108116070", "108120621", "112120540", "112119610", "101112160", "102108621", "105118171", "101116130", "107113200", "111120531", "100111080", "111116110", "108120260", "105120280", "112116900", "108118301", "105116090", "101108290", "102116340", "101108080", "97113260", "112118581", "108115070", "99117740", "107114490", "103110840", "97106820", "109117150", "104117200", "98106560", "110115890", "100111390", "109119591", "109114651", "113120540", "110116441", "110116501"], "labels": [3, 1, 1, 3, 3, 0, 3, 0, 1, 3, 2, 3, 3, 1, 0, 1, 3, 0, 3, 1, 2, 1, 0, 1, 3, 3, 2, 1, 1, 2, 3, 3, 0, 1, 2, 0, 2, 3, 3, 1, 2, 0, 1, 3, 1, 0, 3, 1, 3, 1, 2, 2, 1, 2, 2, 1, 0, 1, 1, 3, 2, 2, 2, 0, 1, 0, 1, 0, 1, 2, 1, 2, 3, 0, 0, 1, 3, 0, 2, 3, 3, 1, 3, 1, 1, 0, 2, 0, 0, 0, 1, 3, 1, 0, 0, 1, 3, 2, 2, 1, 0, 2, 2, 1, 0, 1, 1, 3, 0, 3, 3, 3, 2, 0, 0, 0, 3, 1, 3, 3, 1, 1, 0, 3, 0, 1, 1, 1, 2, 3, 1, 1, 2, 3, 1, 2, 2, 0, 3, 3, 3, 3], "predicted_labels": [3, 1, 2, 1, 3, 3, 3, 1, 3, 3, 1, 3, 1, 3, 1, 1, 0, 3, 0, 1, 0, 0, 1, 1, 0, 1, 1, 2, 1, 1, 3, 0, 3, 1, 0, 3, 0, 3, 3, 1, 1, 1, 1, 1, 0, 1, 0, 3, 1, 1, 1, 2, 1, 1, 0, 0, 1, 3, 0, 3, 1, 0, 1, 3, 3, 0, 1, 3, 1, 3, 0, 1, 1, 3, 3, 2, 2, 3, 1, 3, 0, 1, 1, 1, 2, 1, 2, 3, 1, 1, 3, 1, 3, 0, 1, 1, 1, 0, 1, 3, 3, 1, 3, 1, 0, 2, 0, 1, 1, 3, 1, 0, 3, 3, 3, 2, 3, 3, 3, 0, 0, 3, 3, 3, 1, 0, 2, 1, 3, 3, 3, 2, 1, 1, 1, 3, 3, 1, 0, 3, 3, 3], "confidence_scores": [[0.2944784277666634, 0.26396265083931414, 0.11906915162249257, 0.32248976977153004], [0.1226501744859248, 0.45632128898436036, 0.24263781470801674, 0.1783907218216982], [0.2236999619600512, 0.13391710561690615, 0.35284711204633545, 0.28953582037670705], [0.2097083035164992, 0.3579450021079614, 0.16285783042566052, 0.2694888639498789], [0.31995477394027017, 0.2623204878493443, 0.09167295946076282, 0.3260517787496229], [0.35384027110627925, 0.1332070064661495, 0.1500025556129082, 0.36295016681466313], [0.2332669183327484, 0.28690211607722604, 0.14507198183247352, 0.334758983757552], [0.13177311334957897, 0.3481157270998047, 0.1972190762307313, 0.32289208331988506], [0.1911516725313572, 0.23768156075596517, 0.24053031337713324, 0.3306364533355444], [0.36449910179755995, 0.17904519954641146, 0.0765541795101847, 0.3799015191458439], [0.14174333191438068, 0.35302355154393994, 0.19452478362612882, 0.31070833291555067], [0.11385036442539977, 0.11770462324061425, 0.12378037188593856, 0.6446646404480474], [0.23636997756512734, 0.3700911649031318, 0.18521286756197675, 0.20832598996976412], [0.239090426621682, 0.2513642215977538, 0.24609085043667808, 0.26345450134388604], [0.33540484231087775, 0.40245351065183205, 0.0723779897897559, 0.18976365724753433], [0.046735703166815544, 0.7912248708719554, 0.05274636916821228, 0.10929305679301671], [0.31622572232578366, 0.242785320558066, 0.17358361488772617, 0.26740534222842416], [0.24200244768013618, 0.2838888940854952, 0.10198602990587552, 0.37212262832849335], [0.40915359998824863, 0.15111909171726653, 0.13041392772017027, 0.30931338057431457], [0.23647088053163573, 0.3820792886409097, 0.08684447695154575, 0.2946053538759088], [0.32488925845133154, 0.2808113953507234, 0.12231232557668346, 0.2719870206212617], [0.44866982911524134, 0.21372488940458198, 0.10608642728503431, 0.23151885419514248], [0.15573403218223228, 0.4485853730650052, 0.10173268060819339, 0.29394791414456917], [0.20552851813781103, 0.3246798901807765, 0.26476818836143345, 0.2050234033199789], [0.48768016191035535, 0.1541865418689602, 0.1621692399423704, 0.19596405627831412], [0.25939314655835044, 0.39327481366495326, 0.13648677811085402, 0.21084526166584208], [0.2695922500898805, 0.30453946129336, 0.18505757893061517, 0.24081070968614438], [0.2422882404358774, 0.22557326377613868, 0.35838389839328316, 0.1737545973947008], [0.20369314108853492, 0.41111776635880254, 0.1774165396355835, 0.20777255291707905], [0.13999679010295504, 0.38433863689179815, 0.22811411204166404, 0.2475504609635828], [0.14757969540904298, 0.2038163308438451, 0.10072618001056971, 0.5478777937365423], [0.26832115279344826, 0.2588055338633517, 0.20560875534117204, 0.2672645580020279], [0.18058547847269207, 0.3187782609639104, 0.07417012560171767, 0.4264661349616798], [0.27021683624644405, 0.4741472579739165, 0.11335502833339993, 0.14228087744623946], [0.34675677118059944, 0.21706865396543215, 0.18599061624012833, 0.2501839586138399], [0.2751022126599224, 0.25356960737780715, 0.1602398909049137, 0.31108828905735686], [0.2979999683804351, 0.20477652832693782, 0.24544857699431355, 0.2517749262983136], [0.23667458759319493, 0.19915262223334282, 0.25574945700075413, 0.30842333317270815], [0.17395903550037503, 0.2541509824762195, 0.13354525363279482, 0.43834472839061067], [0.1964901450517106, 0.36805789930226546, 0.08389389181629309, 0.3515580638297309], [0.08110112804618377, 0.7112321155375483, 0.07444168669369208, 0.13322506972257583], [0.2204888870382329, 0.4583286362609725, 0.1121755096876329, 0.20900696701316174], [0.1381133930150001, 0.4385014805716021, 0.2374671976151437, 0.1859179287982542], [0.2118201686578247, 0.3954003770179916, 0.11301387261177849, 0.2797655817124054], [0.34666168053422475, 0.20685126832427503, 0.10201587488493553, 0.3444711762565647], [0.2212798672762358, 0.3448726998013882, 0.15134532890986122, 0.28250210401251474], [0.499083152895504, 0.21446211158575923, 0.10427376585524244, 0.18218096966349442], [0.24836568594289798, 0.20737689412210694, 0.24744808222838424, 0.29680933770661094], [0.1355101865688641, 0.4026579245565719, 0.19847215382733105, 0.2633597350472331], [0.10247650808021586, 0.57894387723631, 0.09050524282172726, 0.2280743718617468], [0.19908369046010996, 0.40188886575952504, 0.18817971117658364, 0.21084773260378137], [0.20298482848157065, 0.23714235556129135, 0.28399525630092975, 0.2758775596562083], [0.30303261606694915, 0.45470877547967503, 0.06026726916596672, 0.18199133928740927], [0.12869600216076615, 0.42221134207441174, 0.17529384943267493, 0.2737988063321472], [0.33943633175329924, 0.22751876150445444, 0.28716542735852346, 0.14587947938372278], [0.44514889006777514, 0.21477163458870407, 0.13790076315763997, 0.2021787121858809], [0.15318095774705096, 0.42711758200742816, 0.18951768303229563, 0.23018377721322522], [0.16562755727140366, 0.29511430607978717, 0.10122206708645784, 0.43803606956235136], [0.3311473975779858, 0.3103331618676139, 0.0919146494528246, 0.266604791101576], [0.24443420272327412, 0.2913837842010899, 0.11474675276338255, 0.3494352603122536], [0.1796169450903184, 0.382921059282582, 0.1280231340793144, 0.3094388615477852], [0.34686836809024457, 0.13814477891847754, 0.20293125574961224, 0.31205559724166565], [0.25235328204137547, 0.40003122156576015, 0.11424244698656935, 0.23337304940629514], [0.25142841165102714, 0.10480449919490503, 0.23984008455559983, 0.4039270045984681], [0.14713577737518554, 0.24403273766427477, 0.28499057186371085, 0.32384091309682894], [0.4780217360560667, 0.22979035731293426, 0.09621473018689945, 0.1959731764440998], [0.07624306189052739, 0.5535006701791391, 0.21180854344484626, 0.15844772448548747], [0.287194735026834, 0.21281771088166007, 0.1346323604527442, 0.3653551936387617], [0.23592682552203284, 0.34507446732096336, 0.1740738523462955, 0.24492485481070814], [0.0887270799702843, 0.2099928037953371, 0.27978011652223217, 0.4214999997121465], [0.4008497922796427, 0.22180827105672388, 0.15135069574075935, 0.2259912409228741], [0.21667538713854725, 0.30442460349431805, 0.20883224823528412, 0.2700677611318507], [0.12002152758650751, 0.3704128348147287, 0.22408214445258148, 0.2854834931461823], [0.2937752501501298, 0.16474766792033196, 0.10519232330514147, 0.4362847586243968], [0.14228406134410687, 0.21414324778864566, 0.12495351293801885, 0.5186191779292286], [0.21896744118863237, 0.2425898181990958, 0.29967194637374966, 0.23877079423852227], [0.1964267364843137, 0.23638834748682566, 0.2973351318404659, 0.2698497841883946], [0.3127652177726852, 0.2225006545391317, 0.14667148386360082, 0.31806264382458227], [0.17589960591397816, 0.35073812448496416, 0.1586650516467145, 0.31469721795434313], [0.06492280900691631, 0.11337527662981421, 0.11087158394496326, 0.7108303304183063], [0.29403702652424785, 0.250838388052301, 0.162700434093921, 0.2924241513295302], [0.23498086809866725, 0.3770958439764959, 0.14461161387196209, 0.24331167405287465], [0.1415718630973001, 0.5185782809083889, 0.10924699381563599, 0.23060286217867507], [0.150075688481795, 0.5353511082701581, 0.0912945537964261, 0.22327864945162088], [0.15445383141788274, 0.2053432725371106, 0.3484379254819964, 0.2917649705630104], [0.1456641153409495, 0.40764489112304875, 0.2095168378123798, 0.23717415572362202], [0.24673525764523416, 0.18544077594210018, 0.35857302323675433, 0.20925094317591145], [0.23584009601421557, 0.24480834839085377, 0.12177729415462048, 0.3975742614403104], [0.13035833788847226, 0.6525013969550569, 0.05509556102911806, 0.16204470412735267], [0.2296028091200307, 0.3491279290275096, 0.16869025959115297, 0.2525790022613066], [0.28808131968507034, 0.20693167380601596, 0.06908087671211466, 0.4359061297967991], [0.23906021433525348, 0.3773847991979284, 0.1333938344605564, 0.2501611520062619], [0.1743693509459214, 0.16873622838138538, 0.25205264024056534, 0.4048417804321279], [0.32297814036998723, 0.2242312376292808, 0.2027371682310591, 0.2500534537696729], [0.27186006490105336, 0.3135861452006381, 0.12499032347924824, 0.2895634664190605], [0.2091532392286115, 0.4855144693036275, 0.14787774169586546, 0.1574545497718956], [0.3150393484805715, 0.4155188843078239, 0.13082742158368788, 0.13861434562791658], [0.3658124440704657, 0.3069035123309039, 0.06292485147491884, 0.2643591921237115], [0.12384320588592283, 0.5993954727543948, 0.06932700068331904, 0.20743432067636342], [0.21507315663586776, 0.29375624334487516, 0.1760036705664806, 0.3151669294527765], [0.22036668006959698, 0.18827602427845921, 0.26445884344900933, 0.32689845220293456], [0.1053605449354342, 0.4722943870331123, 0.18089938749934925, 0.24144568053210425], [0.3242911070266752, 0.1750995799466941, 0.11289821451917427, 0.3877110985074566], [0.24531504121077088, 0.3444499952594511, 0.13848021220871748, 0.2717547513210608], [0.3868316106871804, 0.3110086970254302, 0.11983464639919633, 0.18232504588819312], [0.16319335754683062, 0.2476108393013477, 0.34979750407556104, 0.23939829907626067], [0.43977128265728277, 0.2169451474536825, 0.09760330544896785, 0.24568026444006685], [0.24378860132728294, 0.3813293426959636, 0.11791391798235518, 0.2569681379943982], [0.15210094742975777, 0.3797994096689492, 0.27924761725621877, 0.18885202564507417], [0.13740105362699442, 0.11513768950472904, 0.15765928832072668, 0.5898019685475498], [0.2151589425707249, 0.45958470701689447, 0.07598322382966469, 0.249273126582716], [0.5522045657560831, 0.1843866697647244, 0.08061880672554117, 0.18278995775365145], [0.11503192352893654, 0.3718291018683393, 0.10677082278010083, 0.4063681518226233], [0.23234392113084695, 0.23458431528467957, 0.16560318224293272, 0.36746858134154087], [0.2865212636005306, 0.22803227756752437, 0.18745080190664493, 0.29799565692529995], [0.2213962378181858, 0.1431705029473906, 0.42057950638223596, 0.21485375285218758], [0.1968597366005705, 0.3149513655799417, 0.13613127002569955, 0.3520576277937884], [0.25078992159126423, 0.22938575599067135, 0.1938235491159741, 0.32600077330209026], [0.13096254758608403, 0.24867438029039737, 0.10097072386272539, 0.5193923482607934], [0.429441481176058, 0.29404293937391707, 0.09153723639437195, 0.18497834305565308], [0.32719111838106335, 0.2896518830856282, 0.09976794118844885, 0.2833890573448597], [0.20115433497115795, 0.21378498238654492, 0.09638872183737508, 0.4886719608049222], [0.3184111968638056, 0.23571433038699366, 0.12670959840922758, 0.3191648743399732], [0.14158012761534644, 0.14653809327440437, 0.17750631509659764, 0.5343754640136515], [0.1986010239039323, 0.3930212426663476, 0.21323122354656637, 0.1951465098831537], [0.2937764324539499, 0.23760803678566525, 0.2720283439631424, 0.19658718679724255], [0.13793752768951273, 0.17150761375036638, 0.41268318657712477, 0.27787167198299606], [0.2849698210046057, 0.3960964711230962, 0.12700525096654935, 0.19192845690574872], [0.19259312464125872, 0.2465578797918735, 0.21776435213731885, 0.343084643429549], [0.20855564682568478, 0.24549263899182375, 0.1119044203833864, 0.4340472937991051], [0.05817686723062301, 0.32654351576086066, 0.2298690143863941, 0.3854106026221222], [0.20901553432547063, 0.20771079900488176, 0.3078834921001774, 0.2753901745694703], [0.27700811373447126, 0.36375965832048146, 0.20917055181418087, 0.15006167613086654], [0.2808005029754357, 0.33246944963942177, 0.1903723949998556, 0.19635765238528702], [0.1170739408423537, 0.4580995128260454, 0.07713336689249657, 0.34769317943910444], [0.18564552127638584, 0.2351609101671544, 0.1994087044760299, 0.3797848640804298], [0.13180651856634343, 0.23693375388684562, 0.19366974181892266, 0.4375899857278883], [0.16216437213543392, 0.3749746736061007, 0.23050268050791792, 0.23235827375054754], [0.47584217719862704, 0.12713962638151793, 0.10582400531861155, 0.29119419110124356], [0.25812570957201236, 0.16667584954021464, 0.04527291717963666, 0.5299255237081363], [0.23682676093033198, 0.27330664166400426, 0.11198303491197324, 0.37788356249369065], [0.21652287267036796, 0.1570502668710871, 0.06144480474382009, 0.5649820557147249]]}, "rewritten": {"ids": ["97105580", "97105760", "97106820", "97106970", "97113260", "97116500", "98106560", "98110230", "98110710", "98110810", "98116090", "98116500", "98119591", "99107300", "99107500", "99107560", "99109370", "99109740", "99111620", "99112840", "99117740", "100108990", "100109000", "100109311", "100109360", "100109980", "100110260", "100111080", "100111390", "100112060", "100113210", "101108080", "101108290", "101111140", "101111620", "101112160", "101116130", "101117580", "101121640", "102108621", "102110750", "102111990", "102112030", "102112301", "102114270", "102116340", "103110840", "103112470", "103118291", "103120340", "103120780", "104111531", "104111711", "104117200", "104118340", "105112260", "105116090", "105116441", "105116860", "105118171", "105119550", "105120280", "107112850", "107113130", "107113200", "107113360", "107114280", "107114490", "107116501", "107117010", "107117630", "107118520", "107121230", "107121540", "108114270", "108115070", "108115970", "108116070", "108117451", "108118301", "108119330", "108120260", "108120621", "109114651", "109115070", "109116441", "109117150", "109117600", "109119460", "109119591", "109120150", "109121351", "110113931", "110114321", "110114720", "110114950", "110115710", "110115890", "110116300", "110116441", "110116501", "110117140", "110118161", "110118301", "110121500", "111114941", "111115400", "111115620", "111115770", "111116040", "111116110", "111117000", "111117480", "111119250", "111119290", "111119580", "111119930", "111120190", "111120220", "111120531", "111121220", "111121351", "112116800", "112116900", "112117471", "112117571", "112118421", "112118581", "112119610", "112120540", "112120700", "113119300", "113119930", "113119950", "113120070", "113120260", "113120531", "113120540", "113121410", "113122180", "113122220", "113122320"], "labels": [1, 0, 1, 2, 1, 2, 1, 3, 2, 1, 0, 2, 1, 3, 0, 1, 1, 3, 3, 2, 2, 2, 1, 1, 0, 1, 3, 0, 2, 2, 0, 0, 0, 2, 3, 3, 2, 3, 2, 3, 1, 2, 2, 1, 3, 3, 1, 1, 0, 1, 1, 0, 1, 3, 2, 3, 1, 1, 2, 3, 1, 3, 1, 1, 0, 0, 3, 3, 1, 1, 0, 2, 0, 2, 3, 1, 2, 1, 2, 1, 0, 1, 1, 3, 0, 3, 2, 1, 1, 0, 2, 0, 1, 1, 3, 0, 2, 2, 3, 3, 3, 3, 0, 1, 3, 0, 0, 1, 3, 0, 3, 0, 1, 1, 3, 3, 1, 3, 3, 0, 3, 0, 0, 3, 3, 3, 3, 1, 0, 3, 2, 1, 1, 0, 2, 3, 0, 3, 0, 2, 1, 1], "predicted_labels": [1, 0, 3, 3, 0, 1, 3, 3, 1, 1, 1, 1, 3, 0, 3, 1, 3, 3, 2, 1, 1, 2, 3, 3, 3, 3, 3, 3, 3, 3, 0, 0, 3, 2, 3, 3, 3, 0, 3, 1, 2, 0, 3, 0, 1, 3, 3, 1, 1, 2, 1, 3, 3, 2, 1, 1, 3, 1, 3, 0, 0, 1, 1, 3, 3, 1, 2, 3, 3, 3, 3, 1, 3, 1, 0, 2, 3, 3, 0, 0, 1, 3, 1, 0, 3, 1, 1, 0, 1, 1, 3, 1, 1, 1, 1, 3, 3, 3, 3, 3, 3, 3, 3, 1, 3, 3, 0, 1, 3, 3, 3, 1, 1, 1, 3, 0, 1, 3, 0, 0, 3, 0, 3, 0, 1, 1, 3, 3, 1, 3, 3, 1, 0, 1, 1, 3, 3, 3, 3, 2, 1, 1], "confidence_scores": [[0.22331681464514055, 0.33230205034380267, 0.21534525735866708, 0.22903587765238997], [0.39341977256300525, 0.19987900726748878, 0.16771681892671172, 0.23898440124279427], [0.1011774960034038, 0.0800953104600466, 0.31182660758312625, 0.5069005859534235], [0.18636475100938943, 0.18346537781481773, 0.15015785274126214, 0.4800120184345307], [0.47238011742378516, 0.17252923183006227, 0.10987837241225691, 0.2452122783338956], [0.24053451471076406, 0.31195524895928545, 0.1706837732795049, 0.27682646305044584], [0.20834025114917432, 0.2735529779008118, 0.125987799238772, 0.39211897171124194], [0.2849194667886219, 0.1940558503531371, 0.07013516223031163, 0.4508895206279294], [0.16597625466019117, 0.4603624828631341, 0.19309615842467995, 0.18056510405199472], [0.15171889820220083, 0.521982234082636, 0.19887930370938198, 0.1274195640057812], [0.1809694253154815, 0.41477720463454315, 0.10570125450067207, 0.2985521155493033], [0.24405449896613804, 0.37431465144631915, 0.1268432796383429, 0.25478756994920004], [0.2376329505147246, 0.26389368659616785, 0.22200454661039656, 0.276468816278711], [0.42797205296939755, 0.2155194940687714, 0.11482370753521604, 0.241684745426615], [0.27131652865665457, 0.288070205483973, 0.1398287488473832, 0.3007845170119893], [0.120914252817167, 0.3421939924779229, 0.20910959169424523, 0.32778216301066493], [0.20542893195039627, 0.2170407412419747, 0.12560425482373647, 0.4519260719838927], [0.1861260977899204, 0.2405882378788658, 0.14538534422979518, 0.42790032010141865], [0.18944410365065043, 0.1741958889519006, 0.383426003274949, 0.2529340041225001], [0.15730449307084557, 0.4183402603149398, 0.1004760235708522, 0.3238792230433625], [0.18474494409859765, 0.3784830749187824, 0.19507060880157268, 0.24170137218104745], [0.16286580884932322, 0.2131139273669587, 0.3889111019271374, 0.23510916185658073], [0.2578035877768985, 0.1882138423192119, 0.2148075567289981, 0.3391750131748914], [0.28433040598674425, 0.2218241432022182, 0.1345966771031906, 0.35924877370784697], [0.23639496494578466, 0.23048710630476613, 0.16195396330840428, 0.37116396544104496], [0.1855691141765039, 0.25859372858211094, 0.2648588023940231, 0.2909783548473622], [0.14631021735266692, 0.09582073115521808, 0.11720957320885306, 0.640659478283262], [0.1944756474059466, 0.09678206165011188, 0.35213561549637934, 0.35660667544756214], [0.1418929466866236, 0.24006847998820044, 0.16554957735993242, 0.45248899596524356], [0.1869461885322624, 0.2799487384778364, 0.22754735407998766, 0.3055577189099136], [0.3926936463434126, 0.17436862308026788, 0.1185254131736434, 0.3144123174026762], [0.33272104419040605, 0.18626316301936524, 0.33189291683815925, 0.14912287595206952], [0.19163255516740121, 0.16457948014858886, 0.10445950947599404, 0.5393284552080158], [0.20821604426920626, 0.2738588720724849, 0.35777864584809216, 0.16014643781021673], [0.19376400556068768, 0.20879989679877953, 0.18394588891010413, 0.41349020873042863], [0.29199850008997075, 0.2225121675026926, 0.13797227124096773, 0.34751706116636893], [0.12276775241869804, 0.20004764316364892, 0.09319101832624878, 0.5839935860914042], [0.3494074904971948, 0.2417576875931088, 0.16542138246804672, 0.24341343944164984], [0.1283353869379807, 0.1972806922518042, 0.19188847202281206, 0.48249544878740325], [0.26077243695717406, 0.37754706610219546, 0.08928517667101629, 0.2723953202696144], [0.16622051077615957, 0.2884190938141442, 0.31413091991107706, 0.23122947549861922], [0.3106646652158307, 0.25744792091461033, 0.14887519816160433, 0.28301221570795476], [0.18336186927315828, 0.25470058122128636, 0.18428767223083453, 0.377649877274721], [0.37987261861227234, 0.2790718969309162, 0.1890790091967348, 0.15197647526007677], [0.21634990190995376, 0.4359397985843299, 0.13824434288898432, 0.20946595661673204], [0.11302041963752008, 0.24290244476191575, 0.3145215017450251, 0.329555633855539], [0.20511028863987996, 0.20739413186418745, 0.22612667540220455, 0.3613689040937281], [0.17607020365216158, 0.4800227984298519, 0.13840975067351394, 0.20549724724447258], [0.2870220803402945, 0.36925355534262894, 0.11427427771974592, 0.2294500865973308], [0.10672074953349672, 0.3299060809284339, 0.3396544066589831, 0.22371876287908615], [0.10228332908502119, 0.45839947937003445, 0.1246824548360989, 0.3146347367088457], [0.1918692673075933, 0.31150585398229325, 0.11154817517062557, 0.3850767035394881], [0.12496286804200067, 0.12024454770409804, 0.2184810974037527, 0.5363114868501485], [0.16412112192213962, 0.27857346875962363, 0.3054566435409817, 0.2518487657772551], [0.09792402970109879, 0.5575453335171819, 0.12293523586392482, 0.22159540091779453], [0.19534249128792147, 0.43234644632772984, 0.09922916208969067, 0.273081900294658], [0.14274956272617595, 0.175458478752136, 0.24557693638516173, 0.4362150221365262], [0.18852606703206645, 0.35560794542972407, 0.1186572165189727, 0.337208771019237], [0.27517457162790787, 0.2401946283765243, 0.11375534141193176, 0.370875458583636], [0.3824177174421441, 0.185181997182159, 0.2041313398592174, 0.22826894551647955], [0.3798102004546165, 0.29054923223355705, 0.16102087641485352, 0.168619690896973], [0.1508355500711688, 0.3379820912957087, 0.19659881784124258, 0.3145835407918798], [0.17744817720075587, 0.5006683506502898, 0.13571506539316588, 0.18616840675578836], [0.17753366586954525, 0.13798655100530968, 0.2319811536770756, 0.4524986294480694], [0.1809828539951119, 0.2872212554146614, 0.2417363635757173, 0.2900595270145094], [0.08250606363292325, 0.7190540975508083, 0.06133266754311132, 0.13710717127315716], [0.1978443031828962, 0.19584094031298707, 0.35130158388093496, 0.25501317262318174], [0.23701228741834154, 0.23874638050892202, 0.11637683826198235, 0.40786449381075407], [0.09109861451501408, 0.13882097983290437, 0.0632631137570958, 0.7068172918949859], [0.11075741725361042, 0.23085942189075798, 0.2735724110138959, 0.3848107498417357], [0.24208486447117167, 0.12398327006292967, 0.15050207814318334, 0.4834297873227154], [0.0774187346073367, 0.5384389961763337, 0.07690108384916537, 0.3072411853671641], [0.09736586983086915, 0.28111907911013245, 0.2521290519602616, 0.36938599909873676], [0.12366372367894109, 0.4219510260980524, 0.16009427365651357, 0.294290976566493], [0.36931673154957506, 0.26997064558758394, 0.08189824406998215, 0.278814378792859], [0.21094151732594424, 0.2743917275665603, 0.2895276695582771, 0.22513908554921835], [0.08013871464975354, 0.053081557261795816, 0.1145755829053455, 0.7522041451831051], [0.17808049113457838, 0.11890900672751797, 0.17784056122642097, 0.5251699409114826], [0.36890895937982393, 0.2362583147153494, 0.14696100842625354, 0.2478717174785732], [0.3597890728641359, 0.27318742187229406, 0.13331941619692805, 0.23370408906664183], [0.20941262797657542, 0.2803455106117251, 0.239791147708259, 0.2704507137034405], [0.20609051161722997, 0.23616537683198444, 0.21145433664704547, 0.3462897749037402], [0.26883937345949555, 0.35129711561219473, 0.11739381295009185, 0.2624696979782177], [0.40353760011300427, 0.1293124710358466, 0.11369629275932716, 0.3534536360918219], [0.1671453186138501, 0.31244138718793474, 0.17459397578431163, 0.3458193184139036], [0.16613891747860732, 0.3370551198522878, 0.1732650412654965, 0.3235409214036086], [0.16484351090597404, 0.38901053856720647, 0.16541474133421025, 0.2807312091926092], [0.4347718418636546, 0.2201186789676901, 0.11160015460253354, 0.23350932456612192], [0.21892557857474607, 0.39936473219154306, 0.1634515830183464, 0.21825810621536446], [0.2164797737221737, 0.4967989100087958, 0.11465616028965404, 0.17206515597937655], [0.2064021562646108, 0.16604819700305365, 0.2906768704511405, 0.33687277628119494], [0.10507944922028765, 0.4713656718060218, 0.08737731296659974, 0.3361775660070907], [0.1416496106554769, 0.3920835495018995, 0.14308783916763895, 0.32317900067498456], [0.25495956686727334, 0.3220409581587421, 0.17368780347327328, 0.24931167150071135], [0.18206779000716597, 0.4048260277084357, 0.18409544363409489, 0.22901073865030358], [0.23436547071734526, 0.21485140846483017, 0.12695886732830278, 0.4238242534895218], [0.18461263111039836, 0.19808077613728625, 0.2575585216111183, 0.3597480711411972], [0.11658626678476, 0.19993863286125257, 0.13396166388485184, 0.5495134364691356], [0.21452294862832944, 0.3285773083352379, 0.11445674426580368, 0.34244299877062884], [0.17698908935469487, 0.25530032930369273, 0.24763449688847838, 0.3200760844531342], [0.23700154638417786, 0.11553185683467014, 0.04919963278060481, 0.5982669640005472], [0.1984030490146897, 0.29252683959689896, 0.16430784510179255, 0.34476226628661877], [0.30201772126997406, 0.12345168507571623, 0.2341591245454297, 0.34037146910888], [0.1822848183701058, 0.3725862407801731, 0.18108749363799706, 0.26404144721172396], [0.1994428816135532, 0.20173513225446993, 0.1061731610527594, 0.4926488250792176], [0.142634626685952, 0.2510794344429833, 0.09703561836885025, 0.5092503205022144], [0.5346813317639777, 0.20143956491535864, 0.1264454301517777, 0.13743367316888594], [0.22677755310685532, 0.28084487059481983, 0.2124144572829182, 0.27996311901540677], [0.1307623497759214, 0.2573615373496919, 0.22433801437529904, 0.3875380984990876], [0.18175460190196197, 0.2124551240011341, 0.1968486112317127, 0.40894166286519124], [0.17253799974775574, 0.2109856477530247, 0.1724272549972663, 0.4440490975019533], [0.18232719662702015, 0.5189834537227983, 0.10877377836252967, 0.1899155712876519], [0.16691915147015385, 0.4941075533150054, 0.07479479222689558, 0.26417850298794515], [0.1326015121819961, 0.44201484433662724, 0.18327052663127835, 0.24211311685009837], [0.09806336195383297, 0.2389153363678065, 0.15793583323138896, 0.5050854684469717], [0.5201324091131897, 0.1343419597756441, 0.07872008608701574, 0.2668055450241504], [0.25116813622520434, 0.33346287843695643, 0.12854726919711348, 0.2868217161407259], [0.201880697487872, 0.2845202575739338, 0.15564272912154087, 0.35795631581665344], [0.2973710457856775, 0.2641848459028127, 0.14211348725407535, 0.29633062105743435], [0.3039340059854988, 0.2672151863148386, 0.20262363200474723, 0.22622717569491543], [0.09975254717984809, 0.060025981617567246, 0.061567587317037924, 0.7786538838855466], [0.4906460102811215, 0.29794573709569394, 0.08478774587409445, 0.12662050674909026], [0.10880895993585449, 0.2871801359098704, 0.1420178397617623, 0.46199306439251275], [0.5212583143430689, 0.14299977037987885, 0.07752441553034346, 0.2582174997467088], [0.2844637519478201, 0.3875134969227348, 0.11761537495579256, 0.21040737617365257], [0.281009897664436, 0.36165403608729024, 0.19035087890896352, 0.16698518733931056], [0.23333206931435246, 0.18574734317812971, 0.14275339818256885, 0.438167189324949], [0.1279221367785636, 0.1521347589758743, 0.20349021830853478, 0.5164528859370273], [0.14397700039214947, 0.41519016385363083, 0.17557561331803406, 0.26525722243618577], [0.21875446359097345, 0.31912747361291466, 0.12996209341513185, 0.33215596938098013], [0.17764193082869725, 0.26634401847711225, 0.23650931225226451, 0.31950473844192595], [0.31617551546193945, 0.37251541360717827, 0.07884128298928138, 0.2324677879416009], [0.33292582189896913, 0.2773877309568794, 0.12706444618461515, 0.26262200095953614], [0.25309953405284047, 0.38690161929474093, 0.08781124941861147, 0.2721875972338072], [0.11236412078738457, 0.4905553655379611, 0.17130359093793945, 0.22577692273671493], [0.20165586893795145, 0.16727469765253364, 0.29296585825984084, 0.3381035751496742], [0.14454747324122366, 0.35505933088403474, 0.11427197981020452, 0.3861212160645371], [0.2711087697072628, 0.18901629297851263, 0.04546466479627452, 0.49441027251795017], [0.26478161928482535, 0.2436077664756665, 0.1477422093799418, 0.3438684048595663], [0.10873698075270045, 0.30027765557905434, 0.3627998170791894, 0.22818554658905588], [0.21450447735425035, 0.41305339478947034, 0.09733579054627581, 0.2751063373100036], [0.22500091569843375, 0.35483249460397853, 0.11182824075100606, 0.30833834894658174]]}}