{"test": {"ids": ["107113170", "108118301", "107114780", "99117630", "113117401", "111116530", "113122170", "102114270", "105112130", "109117271", "111120260", "105118230", "110121170", "97106000", "105115250", "111120591", "108113760", "102116340", "104118340", "97114170", "104114230", "97107260", "111115910", "104113550", "101114020", "113121980", "101112201", "109120560", "99108460", "110116300", "110116441", "113119120", "110115580", "112116990", "105118740", "99109311", "111116411", "107121540", "99113260", "103110100", "105113170", "103113260", "109118820", "107114200", "105110091", "99108010", "100111390", "111116640", "109117080", "113121220", "103113101", "110115140", "112118930", "101116130", "103118291", "110114720", "113119360", "110114321", "108114040", "108115970", "97116790", "98108410", "105112240", "112120540", "113119300", "102113981", "97106820", "111119340", "108116481", "102112250", "108117610", "100111380", "98108370", "99121440", "97109080", "105113190", "103120340", "106121190", "107118120", "100115700", "104113210", "106114280", "110117110", "104114410", "111119430", "97113900", "113118820", "107114621", "108120621", "113120640", "113118630", "100111620", "112117030", "104117630", "101108080", "99120010", "102113350", "113121810", "109120621", "110121450", "107113200", "99111930", "98116500", "97112290", "99110050", "100113370", "112119950", "113119480", "99111620", "106114880", "109114270", "113119930", "104113170", "110114950", "107113260", "105121190", "106119260", "104111990", "98107410", "102118380", "113122160", "110115710", "113121680", "110121500", "103117461", "105119950", "113122120", "111120540", "110116170", "112118550", "110114920", "109117431", "105115570", "100109890", "110120531", "97118210", "107114110", "105120621", "104112201", "99112300", "112117660", "113121950"], "labels": [0, 1, 2, 3, 3, 3, 1, 3, 1, 0, 3, 1, 2, 0, 2, 1, 1, 3, 2, 2, 2, 2, 2, 1, 3, 2, 0, 1, 0, 3, 3, 3, 1, 0, 1, 1, 0, 2, 0, 1, 0, 3, 3, 2, 0, 2, 2, 0, 1, 3, 3, 0, 1, 2, 0, 3, 0, 1, 0, 2, 2, 1, 1, 3, 1, 1, 1, 3, 0, 0, 3, 3, 1, 2, 2, 3, 1, 2, 3, 1, 3, 3, 0, 1, 3, 2, 0, 0, 1, 0, 3, 3, 2, 0, 0, 2, 3, 2, 1, 3, 0, 1, 2, 1, 3, 3, 0, 3, 3, 0, 3, 1, 3, 0, 0, 2, 1, 2, 3, 1, 3, 2, 1, 3, 0, 3, 1, 1, 0, 3, 3, 1, 0, 3, 0, 2, 1, 1, 0, 0, 0, 3], "predicted_labels": [1, 3, 0, 0, 3, 1, 1, 1, 1, 3, 0, 1, 3, 3, 1, 3, 1, 3, 1, 3, 1, 2, 1, 0, 3, 1, 1, 2, 3, 1, 1, 3, 0, 3, 1, 3, 0, 1, 2, 3, 3, 1, 2, 1, 1, 1, 1, 1, 1, 3, 1, 0, 0, 3, 1, 2, 3, 1, 1, 3, 0, 0, 1, 1, 3, 1, 0, 3, 3, 3, 3, 0, 2, 1, 1, 0, 3, 1, 1, 3, 3, 3, 1, 0, 1, 0, 0, 3, 0, 1, 3, 2, 1, 0, 0, 2, 3, 2, 1, 0, 0, 1, 3, 3, 3, 3, 0, 0, 3, 1, 1, 1, 1, 3, 1, 1, 0, 0, 0, 1, 1, 1, 3, 1, 3, 1, 1, 1, 3, 3, 1, 1, 3, 1, 3, 2, 3, 3, 0, 2, 3, 1], "confidence_scores": [[0.30014943015049045, 0.5265499080557416, 0.04075892053692391, 0.13254174125684395], [0.2439921418508997, 0.2462214254861467, 0.027818510271283018, 0.48196792239167047], [0.3735928007692358, 0.4184991815297747, 0.07861625002835158, 0.1292917676726377], [0.5412877081931333, 0.2439234993493123, 0.08328104364140129, 0.13150774881615315], [0.22048370226709438, 0.3609048539341043, 0.09738737728446113, 0.3212240665143401], [0.026022641817973962, 0.9433610104955711, 0.021352479956773092, 0.00926386772968153], [0.06490789335111995, 0.5369591024796052, 0.0758070230714072, 0.3223259810978678], [0.23017955973817703, 0.5921714536090529, 0.05737482771128885, 0.12027415894148132], [0.11712655010868149, 0.604832731980274, 0.042689300943382795, 0.23535141696766193], [0.029428523927412898, 0.023951677334913497, 0.0034837697370362288, 0.9431360290006378], [0.533712085989803, 0.35076388824112287, 0.00713052370630897, 0.10839350206276535], [0.07659691669156243, 0.562249857303945, 0.04699588402494074, 0.3141573419795519], [0.07908030400603303, 0.2471400144368214, 0.07451176264627468, 0.5992679189108714], [0.025572184576945243, 0.10997350523277584, 0.13947000716299576, 0.724984303027283], [0.147921412227237, 0.5717234397701764, 0.06821952548133138, 0.21213562252125542], [0.33455925560847855, 0.06218126580748111, 0.01568495649687018, 0.5875745220871704], [0.21273212221678234, 0.4684026017747692, 0.11158835412626279, 0.2072769218821857], [0.008509428032556395, 0.3737386472027792, 0.12825860978342948, 0.489493314981235], [0.0423122299191526, 0.657775747753264, 0.08876676709116213, 0.21114525523642153], [0.03313931077058637, 0.19789219867190996, 0.12843545381003685, 0.6405330367474668], [0.056640986655921655, 0.360202004663058, 0.3516666677313259, 0.231490340949694], [0.004155594059391133, 0.015927277446522087, 0.6598326709454717, 0.3200844575486151], [0.17020084855301826, 0.5210557296395442, 0.19146631031320044, 0.11727711149423727], [0.5623149362640499, 0.027202490306463087, 0.2984094250396532, 0.11207314838983393], [0.15367901615165694, 0.1107776930373209, 0.0969389088961189, 0.6386043819149031], [0.056877863961783286, 0.3826791934190111, 0.10606324897612794, 0.45437969364307773], [0.18366295340593294, 0.3870464632377999, 0.07020251936556507, 0.3590880639907021], [0.005546752830967979, 0.3433872351388362, 0.5902829072317027, 0.060783104798493054], [0.04408933193513501, 0.11781480159183919, 0.009603100041497005, 0.8284927664315286], [0.3196042661912788, 0.3331335171225029, 0.2019169988698911, 0.14534521781632703], [0.11059459451680033, 0.3908250085557788, 0.3565068846198115, 0.14207351230760976], [0.19080466103736735, 0.06779237932763948, 0.06791178101638631, 0.6734911786186069], [0.39031994257697344, 0.09538283821493637, 0.4577612408273825, 0.056535978380707674], [0.37831358674686516, 0.03996632893242355, 0.05396987690603554, 0.5277502074146757], [0.055680466005391865, 0.5407087967893154, 0.15737014971677274, 0.2462405874885202], [0.056535010923537216, 0.2265070392862579, 0.29204619609304183, 0.424911753697163], [0.6408512909867541, 0.02748090276158098, 0.010323457253448132, 0.32134434899821673], [0.10926429563145207, 0.5456643090701258, 0.15371036643203503, 0.19136102886638712], [0.2018557360777891, 0.3097983622547302, 0.4119298610269623, 0.07641604064051859], [0.4092743588200456, 0.07086713988600404, 0.14376501619893278, 0.37609348509501767], [0.06315062898799287, 0.11089234551372665, 0.021312495055445833, 0.8046445304428348], [0.20060378126373543, 0.5735384150511144, 0.1541286838510366, 0.07172911983411383], [0.1671883954995088, 0.1357686465619195, 0.4572836465294253, 0.2397593114091465], [0.2847346980592321, 0.44290464205980823, 0.013438840545666528, 0.25892181933529307], [0.09823935693713202, 0.3285003362771625, 0.2780211667144146, 0.29523914007129065], [0.023800294498437777, 0.7130278694609546, 0.1657603780857852, 0.09741145795482278], [0.14130962415178727, 0.5203814262075162, 0.048729644550315206, 0.2895793050903812], [0.13701390587496703, 0.4810696775073164, 0.3099806967023092, 0.07193571991540743], [0.006216743445404616, 0.9711837007216972, 0.006640132018707375, 0.015959423814190833], [0.051493315269269306, 0.08233441578046133, 0.07737692028356276, 0.7887953486667063], [0.2680402291998987, 0.4502463533266071, 0.06573014873844457, 0.21598326873504917], [0.39202709440685435, 0.19211811909980475, 0.1469121333193532, 0.26894265317398786], [0.5720505288347303, 0.18860947779296394, 0.015472417156621673, 0.2238675762156841], [0.034573263988504216, 0.08901571023229965, 0.34476317710240134, 0.5316478486767946], [0.16739410360449314, 0.4528589879499726, 0.13004696099231042, 0.24969994745322371], [0.03790652468453241, 0.11112451751124681, 0.8279883105534158, 0.022980647250804998], [0.25287746704348957, 0.21631427090912062, 0.07798102532767419, 0.4528272367197157], [0.13664782115951718, 0.5715632876291197, 0.23081675946099847, 0.06097213175036455], [0.0765992701974713, 0.4215541112726552, 0.12083262160663133, 0.3810139969232423], [0.27475371765722684, 0.16824211005189033, 0.06913413401864721, 0.48787003827223563], [0.2844500524934099, 0.14204570287588741, 0.4072531355525737, 0.1662511090781292], [0.4969130031207023, 0.4032700002193574, 0.03279489784451822, 0.06702209881542244], [0.3416634678397112, 0.44439537847825444, 0.1007384663608217, 0.11320268732121253], [0.3280938567058478, 0.44476138845371854, 0.02886749505834914, 0.19827725978208482], [0.24361497161847817, 0.024266877277515798, 0.008394894267518396, 0.7237232568364876], [0.15569990150489435, 0.738570237147355, 0.06511754931292862, 0.04061231203482206], [0.5195763719520532, 0.04917783300567313, 0.06439433641078912, 0.366851458631484], [0.3445970417622203, 0.28354399647721196, 0.030466778184178932, 0.34139218357638884], [0.45558928321713293, 0.08538669486201036, 0.013417892344096093, 0.44560612957676066], [0.18556044024558155, 0.04309985615661026, 0.46857018775121073, 0.30276951584659756], [0.12327992615827991, 0.05732751127385351, 0.002791531422910139, 0.8166010311449561], [0.6404797408862077, 0.2407444845848711, 0.014865693189127182, 0.10391008133979397], [0.013705437351467387, 0.18098852572795476, 0.6614659236239124, 0.14384011329666535], [0.029598077698333905, 0.5844983762738111, 0.32000111228665584, 0.06590243374119945], [0.05105980329511193, 0.6616585266694146, 0.06277686405825494, 0.2245048059772185], [0.5110407298797279, 0.05783641262876606, 0.08268209226386289, 0.3484407652276431], [0.11962800870192006, 0.21886914414679626, 0.1684593778372784, 0.4930434693140056], [0.01979564046296784, 0.4830084657266038, 0.349529486096069, 0.1476664077143593], [0.0767345556616124, 0.6903035289947002, 0.09140551998719185, 0.1415563953564956], [0.3443972281217136, 0.18872951887969125, 0.13581462040443779, 0.33105863259415735], [0.2792273051106352, 0.20926328078277778, 0.06976888517501614, 0.4417405289315711], [0.10375118777247833, 0.07921415255708708, 0.019220186718277937, 0.7978144729521565], [0.059147310807590184, 0.524523781973967, 0.36310164655722493, 0.0532272606612179], [0.6288587416880795, 0.1654060461213896, 0.021828288270571476, 0.1839069239199589], [0.03691403001576604, 0.41384182880817094, 0.24141131965811083, 0.30783282151795194], [0.28282179518233835, 0.17432261768412477, 0.48272957048683035, 0.0601260166467068], [0.5707778835786269, 0.18568889454991327, 0.07990235000383229, 0.16363087186762754], [0.08369691752968592, 0.20686411321459597, 0.028945607948488463, 0.6804933613072295], [0.3819154892842075, 0.3392979569510643, 0.09848798533083515, 0.18029856843389303], [0.31364645614006453, 0.4301768944575166, 0.037281531792035534, 0.21889511761038338], [0.25433471976475136, 0.06575580702008142, 0.08844275861000865, 0.5914667146051584], [0.15108624199185705, 0.29661661863618893, 0.5059704790024739, 0.04632666036948006], [0.17035225409560456, 0.46613816267411495, 0.09290247155226836, 0.270607111678012], [0.6845917530573268, 0.09892838083292971, 0.03787402358016417, 0.17860584252957926], [0.6335183012509571, 0.19641620576989813, 0.012559541946292878, 0.1575059510328518], [0.08521963572542675, 0.1910469462755799, 0.6223775121635957, 0.10135590583539716], [0.13498273130489435, 0.2248754203879875, 0.20909517229847482, 0.431046676008643], [0.009093907684816362, 0.257852851071238, 0.724364922094303, 0.0086883191496424], [0.3298399164849519, 0.4213718506773616, 0.07781881967800032, 0.17096941315968622], [0.5608235981983989, 0.17028723013394584, 0.035014544745574305, 0.23387462692208089], [0.786880721260792, 0.022793945863704677, 0.026087016598182355, 0.16423831627732094], [0.008608927491789048, 0.7266909694899846, 0.20115232799059005, 0.06354777502763626], [0.17009122666385995, 0.08433765072832314, 0.07283783534970004, 0.6727332872581169], [0.17675942360097452, 0.19951948385270793, 0.0753109922644935, 0.5484101002818241], [0.012975728340039726, 0.22549528943324126, 0.11154687726920384, 0.6499821049575153], [0.06318168375060705, 0.09877325539516153, 0.3723615860372405, 0.46568347481699074], [0.7113730148911066, 0.13672757195278912, 0.012516941792828983, 0.13938247136327553], [0.5574152188643704, 0.21474267029684566, 0.02192874085356282, 0.20591336998522147], [0.041256498586968414, 0.3866155920972786, 0.1162776017004145, 0.4558503076153383], [0.0646287543246301, 0.4440472969728014, 0.4653480352134242, 0.02597591348914437], [0.18258072712464962, 0.33135561644595024, 0.20201473729794808, 0.28404891913145214], [0.3632349984862083, 0.4996331844017186, 0.032379626218978816, 0.10475219089309439], [0.04136800185128265, 0.6250175189476604, 0.11440064859510726, 0.21921383060594982], [0.3433403786416302, 0.13808374378168806, 0.016052592780305, 0.5025232847963765], [0.08917796795703166, 0.5327929115686871, 0.12986281674064354, 0.2481663037336377], [0.019045945045359097, 0.5079445387319356, 0.23003163251532188, 0.24297788370738344], [0.5016855350864027, 0.06407185143101257, 0.37291113542972415, 0.0613314780528604], [0.7732211118761698, 0.15704636296269384, 0.024980017555781102, 0.04475250760535534], [0.5315313775009303, 0.03945611101687065, 0.09620204968079407, 0.3328104618014051], [0.03800980040797328, 0.3816317521632793, 0.3578763832330432, 0.2224820641957041], [0.026572803415188983, 0.6936353449670013, 0.20256525962140268, 0.07722659199640709], [0.17083505155923587, 0.3911372104738389, 0.10985649587615233, 0.3281712420907731], [0.06743172675090801, 0.4015556015406269, 0.053411284663396875, 0.47760138704506805], [0.40301490452125416, 0.4431952814021532, 0.012718653291173202, 0.14107116078541915], [0.18916654364823154, 0.23034465290488795, 0.10564988973999088, 0.47483891370688963], [0.3010419616250347, 0.46614990420782754, 0.055509430790949846, 0.17729870337618753], [0.23017997357785544, 0.567785057121716, 0.17058987054200056, 0.0314450987584283], [0.10774297675304667, 0.5536353519222508, 0.2905817324839627, 0.04803993884074018], [0.37936763544924706, 0.15506313646788591, 0.07299590247878136, 0.3925733256040856], [0.22933301591679625, 0.16715702775264493, 0.018341283904960804, 0.5851686724255983], [0.09990817494882183, 0.7381192351510194, 0.029999653580143018, 0.13197293632001608], [0.23163999265132076, 0.541120028923012, 0.05684975384801668, 0.17039022457765035], [0.25469588959313655, 0.23669189862547252, 0.12973526205464353, 0.37887694972674724], [0.17395602035498, 0.3624034478670837, 0.3866504665368329, 0.07699006524110356], [0.2493303130153938, 0.33600882317556324, 0.025485962077386494, 0.3891749017316566], [0.19498704784688445, 0.11946317068446807, 0.47020886648259846, 0.2153409149860489], [0.019647723467691464, 0.03378561285413065, 0.044774708580758986, 0.9017919550974195], [0.05235310432734971, 0.029934931985336977, 0.0027036755494471636, 0.9150082881378659], [0.7029227697013314, 0.1331421282757439, 0.032602675198284935, 0.1313324268246397], [0.06259811092856403, 0.11298901060428349, 0.7010504003442316, 0.12336247812292075], [0.19551578277748963, 0.11165864665200592, 0.024484969859588836, 0.6683406007109155], [0.1711049227633083, 0.3685958353005251, 0.24443386132740516, 0.21586538060876156]]}, "rewritten": {"ids": ["97106000", "97106820", "97107260", "97109080", "97112290", "97113900", "97114170", "97116790", "97118210", "98107410", "98108370", "98108410", "98116500", "99108010", "99108460", "99109311", "99110050", "99111620", "99111930", "99112300", "99113260", "99117630", "99120010", "99121440", "100109890", "100111380", "100111390", "100111620", "100113370", "100115700", "101108080", "101112201", "101114020", "101116130", "102112250", "102113350", "102113981", "102114270", "102116340", "102118380", "103110100", "103113101", "103113260", "103117461", "103118291", "103120340", "104111990", "104112201", "104113170", "104113210", "104113550", "104114230", "104114410", "104117630", "104118340", "105110091", "105112130", "105112240", "105113170", "105113190", "105115250", "105115570", "105118230", "105118740", "105119950", "105120621", "105121190", "106114280", "106114880", "106119260", "106121190", "107113170", "107113200", "107113260", "107114110", "107114200", "107114621", "107114780", "107118120", "107121540", "108113760", "108114040", "108115970", "108116481", "108117610", "108118301", "108120621", "109114270", "109117080", "109117271", "109117431", "109118820", "109120560", "109120621", "110114321", "110114720", "110114920", "110114950", "110115140", "110115580", "110115710", "110116170", "110116300", "110116441", "110117110", "110120531", "110121170", "110121450", "110121500", "111115910", "111116411", "111116530", "111116640", "111119340", "111119430", "111120260", "111120540", "111120591", "112116990", "112117030", "112117660", "112118550", "112118930", "112119950", "112120540", "113117401", "113118630", "113118820", "113119120", "113119300", "113119360", "113119480", "113119930", "113120640", "113121220", "113121680", "113121810", "113121950", "113121980", "113122120", "113122160", "113122170"], "labels": [0, 1, 2, 2, 1, 2, 2, 2, 2, 3, 1, 1, 2, 2, 0, 1, 3, 3, 1, 0, 0, 3, 2, 2, 3, 3, 2, 3, 3, 1, 0, 0, 3, 2, 0, 3, 1, 3, 3, 1, 1, 3, 3, 0, 0, 1, 2, 0, 3, 3, 1, 2, 1, 0, 2, 0, 1, 1, 0, 3, 2, 0, 1, 1, 3, 1, 2, 3, 0, 1, 2, 0, 0, 0, 1, 2, 0, 2, 3, 2, 1, 0, 2, 0, 3, 1, 1, 3, 1, 0, 1, 3, 1, 1, 1, 3, 3, 0, 0, 1, 2, 0, 3, 3, 0, 0, 2, 3, 3, 2, 0, 3, 0, 3, 3, 3, 1, 1, 0, 2, 0, 3, 1, 0, 3, 3, 3, 0, 3, 1, 0, 3, 1, 0, 3, 1, 2, 3, 2, 1, 3, 1], "predicted_labels": [3, 0, 2, 1, 3, 0, 3, 0, 3, 0, 2, 1, 3, 1, 3, 3, 3, 3, 1, 2, 1, 0, 2, 1, 2, 0, 3, 2, 2, 3, 0, 1, 3, 3, 3, 3, 1, 1, 1, 1, 3, 1, 1, 3, 1, 3, 0, 0, 1, 1, 0, 3, 0, 0, 1, 2, 3, 1, 3, 3, 1, 1, 1, 1, 0, 3, 1, 3, 1, 0, 1, 1, 0, 1, 3, 1, 3, 0, 1, 1, 1, 1, 3, 3, 3, 3, 0, 3, 1, 3, 1, 0, 1, 3, 1, 2, 1, 3, 3, 0, 1, 3, 1, 1, 2, 3, 3, 3, 0, 1, 0, 1, 2, 0, 1, 1, 1, 3, 3, 1, 3, 0, 0, 0, 1, 3, 3, 0, 3, 3, 3, 0, 1, 1, 3, 3, 2, 1, 1, 1, 1, 1], "confidence_scores": [[0.09210826551624328, 0.1578677301598554, 0.10639372213960181, 0.6436302821842997], [0.6107429002478904, 0.041236848916992, 0.030282786257115425, 0.31773746457800206], [0.006052624371663686, 0.012394272608592967, 0.7434132115836, 0.23813989143614336], [0.03142450904585324, 0.6727117973964344, 0.08236831244221968, 0.21349538111549243], [0.34214069903050986, 0.22887435634467485, 0.039996137366425565, 0.3889888072583899], [0.34891942549095945, 0.23931614919950983, 0.31077213106643514, 0.1009922942430954], [0.03802211596857146, 0.18545128664949923, 0.10656061703151676, 0.6699659803504122], [0.2677697835403109, 0.14131021899126198, 0.3848165284711527, 0.20610346899727433], [0.20957929777070328, 0.11238929758734624, 0.3579945858212336, 0.3200368188207168], [0.5006056448235651, 0.0633913569554262, 0.13330336402479206, 0.3026996341962167], [0.02902923974105366, 0.14181562469491862, 0.7390381698367648, 0.09011696572726294], [0.39315928475735723, 0.4766748424617302, 0.03046930519157486, 0.09969656758933793], [0.21647893045730557, 0.18537123495756136, 0.06467937164936165, 0.5334704629357714], [0.07177147463533509, 0.6393233928310295, 0.08185117132401243, 0.2070539612096227], [0.07988111702530029, 0.12592429668112326, 0.010505080371107985, 0.7836895059224686], [0.12076436718163203, 0.15928800459975775, 0.32279433335947044, 0.3971532948591395], [0.12484658661002458, 0.3381960586567004, 0.07269242028731639, 0.4642649344459586], [0.033588936629679524, 0.3690218782421601, 0.09276930087672046, 0.50461988425144], [0.03725725392211704, 0.5320547010788037, 0.30667235997191206, 0.12401568502716721], [0.05696436441269087, 0.1731154324488439, 0.6924789125969252, 0.07744129054153982], [0.22555240118649986, 0.39388110288632955, 0.30664059581036046, 0.07392590011681009], [0.5533828910733211, 0.23620973481435642, 0.05902685139406088, 0.15138052271826175], [0.06570257589408789, 0.21417881706316785, 0.6342508039861733, 0.0858678030565712], [0.059002732216457146, 0.48436480141245325, 0.3957477896583169, 0.06088467671277264], [0.14143884679235616, 0.2574638855559659, 0.5181379171361673, 0.08295935051551094], [0.5928094609975344, 0.2811871312878806, 0.011865310850330808, 0.11413809686425422], [0.10468011290634345, 0.27418863043071623, 0.02917704112166816, 0.5919542155412724], [0.04870859788235774, 0.10941075672826173, 0.47170183620698464, 0.3701788091823959], [0.05676773745363415, 0.1327365581475595, 0.46075049337446233, 0.349745211024344], [0.36748952738478824, 0.21801747571970725, 0.06755324148472905, 0.3469397554107757], [0.5983147370571984, 0.23651155323070475, 0.015185070735192405, 0.14998863897690443], [0.12251686579722305, 0.516880765737234, 0.02840896887590692, 0.332193399589636], [0.17818952841519198, 0.0745582622417436, 0.07975219381036237, 0.6675000155327022], [0.061445744106102804, 0.06282528685731767, 0.2045207423156741, 0.6712082267209055], [0.1685578530685084, 0.042599502980601646, 0.4300056695698491, 0.35883697438104095], [0.17071143384383955, 0.20458745791010458, 0.19237630145595624, 0.4323248067900997], [0.10187090594127947, 0.8069754994283582, 0.04945618944035507, 0.0416974051900073], [0.21008861942562868, 0.6447325635859832, 0.044642617006086384, 0.10053619998230193], [0.018794557523000972, 0.5444341598236587, 0.050051968103735064, 0.3867193145496053], [0.05458318580988268, 0.3881215213201494, 0.33876300902130263, 0.21853228384866522], [0.40290019283522677, 0.08171910676743674, 0.13875732940520927, 0.37662337099212717], [0.2947771869691815, 0.3744885666434391, 0.06779976450585927, 0.2629344818815201], [0.35507467604829396, 0.3977926710611722, 0.1632787668614769, 0.08385388602905666], [0.1755494778521396, 0.25226191519244756, 0.07078397423156844, 0.5014046327238445], [0.2505724501992746, 0.5649683959182167, 0.048279823872932476, 0.13617933000957605], [0.08094583218046901, 0.2347202130807949, 0.18615858740170874, 0.49817536733702733], [0.3439063200408364, 0.20247174583579897, 0.26963918077090954, 0.18398275335245456], [0.7177961149498013, 0.10805796194347822, 0.04763968681639794, 0.12650623629032232], [0.0729899990996648, 0.3993612822875257, 0.26280073860487274, 0.2648479800079369], [0.2344296532232695, 0.4891975534379566, 0.10701568011121626, 0.16935711322755756], [0.5024889479399716, 0.020024594220317115, 0.35621934316778625, 0.12126711467192508], [0.09890968448060544, 0.2119142108358129, 0.3226883092759552, 0.3664877954076262], [0.5700712836816046, 0.16904430247918056, 0.041187152645726956, 0.21969726119348795], [0.6237001539260174, 0.07311210489513699, 0.05451554383315634, 0.24867219734568935], [0.05277185140449254, 0.6253092037038859, 0.07607967313764435, 0.24583927175397696], [0.10743205460325224, 0.24981822967730635, 0.40035595359073073, 0.24239376212871078], [0.1530652331076657, 0.278410640643336, 0.10226203042424419, 0.46626209582475414], [0.1574709164908111, 0.6874636591206071, 0.06332464092599022, 0.09174078346259151], [0.04065943265036835, 0.11171091257984214, 0.02262750375757127, 0.8250021510122179], [0.447784956110704, 0.06610493263733627, 0.08070922667472229, 0.40540088457723744], [0.1852339135672075, 0.5577451461056205, 0.0956517349287784, 0.16136920539839367], [0.2189604146332548, 0.3877089680572726, 0.13007403590412747, 0.2632565814053454], [0.06245302243572468, 0.6071519691706074, 0.0627167486284117, 0.2676782597652563], [0.11492448498335603, 0.47020459287243754, 0.0737868075133147, 0.3410841146308915], [0.4051362814737069, 0.3238000110913786, 0.04795852127194384, 0.2231051861629703], [0.07367292482675282, 0.04773151332181686, 0.004781575653727883, 0.8738139861977023], [0.018444128690447432, 0.44496925194171816, 0.25345458919451486, 0.2831320301733196], [0.13572902477546925, 0.19225064904709277, 0.024207522441444133, 0.6478128037359938], [0.09318907969782356, 0.5862419125075097, 0.2748681088108572, 0.04570089898380959], [0.481239871460017, 0.074871180609548, 0.3714061470704874, 0.07248280085994759], [0.006743129828142535, 0.5129330587545068, 0.37375169430284644, 0.1065721171145043], [0.29001808489202063, 0.4381098644847366, 0.10254753263119298, 0.16932451799204956], [0.8029031143979458, 0.034711460411460796, 0.03701002660087563, 0.1253753985897179], [0.1369990570949507, 0.564459855526687, 0.08104799461407805, 0.21749309276428438], [0.025930926781912216, 0.057372232896473405, 0.05057730393689541, 0.8661195363847188], [0.21786333410493203, 0.40129618840916864, 0.01950340446981546, 0.3613370730160838], [0.11824930780931758, 0.12109186794332058, 0.01662988635926886, 0.7440289378880927], [0.3599669401956801, 0.3968626491758312, 0.07327388480318955, 0.1698965258252988], [0.10544712242559595, 0.5000891969989713, 0.1430721814387337, 0.25139149913669895], [0.13689733769376822, 0.5245731199125904, 0.19682429499355314, 0.14170524740008814], [0.20842867914610855, 0.48201183763232885, 0.1235003586914545, 0.1860591245301079], [0.23435852058684128, 0.6021469206657649, 0.09967043363549842, 0.06382412511189532], [0.3321478877050355, 0.15032496304040324, 0.03636719354051016, 0.48115995571405107], [0.37050046267297515, 0.09989648063124243, 0.01803761988078802, 0.5115654368149946], [0.12637948268483168, 0.059024377542524493, 0.004231820192977557, 0.8103643195796661], [0.36114829529011494, 0.21994620339076787, 0.0264486212514595, 0.39245688006765767], [0.4205975183698802, 0.3520041063010703, 0.09168837097604687, 0.13571000435300284], [0.33096749402641296, 0.09236181198087881, 0.17788738486115888, 0.39878330913154963], [0.015255767976617186, 0.9555429282689897, 0.004074526402287879, 0.02512677735210534], [0.08640060938340516, 0.03485872155326553, 0.005323365518429753, 0.8734173035448998], [0.29080837351610894, 0.3948967737895267, 0.045137884709138515, 0.26915696798522554], [0.29246905957962277, 0.23320250341768411, 0.23981908692067036, 0.23450935008202278], [0.030316758583338793, 0.4455453363500478, 0.3561812433636158, 0.16795666170299778], [0.45857104500859525, 0.15729604754299548, 0.02364038527776401, 0.36049252217064515], [0.2608334108421632, 0.6440593333762856, 0.045844516574410375, 0.04926273920714061], [0.01605664686261157, 0.0625683544878499, 0.9038260227661737, 0.017548975883364785], [0.06729882285587364, 0.8033970359208557, 0.02202181986086217, 0.1072823213624083], [0.42222079018459213, 0.16360468087494368, 0.02035874002028923, 0.39381578892017505], [0.2964599568018651, 0.2538904558684992, 0.1695638563122301, 0.2800857310174057], [0.2309585912851408, 0.2021502860403702, 0.3210799715982801, 0.24581115107620893], [0.14547230728863805, 0.4202106341978915, 0.1242855484124359, 0.31003151010103425], [0.1653595071961893, 0.35988543358227315, 0.04029911478444981, 0.43445594443708757], [0.32846057977346005, 0.3590998205750361, 0.16276245512559323, 0.14967714452591066], [0.12425710779877136, 0.3783293502739932, 0.35423759758289697, 0.14317594434433858], [0.06624158699812001, 0.26670275708685853, 0.5165753762748626, 0.1504802796401588], [0.27704198119526485, 0.34461082588346964, 0.022466599720888922, 0.3558805932003767], [0.1594558679336845, 0.19525643110250313, 0.12604773188533955, 0.519239969078473], [0.393451581474874, 0.20127932097695636, 0.04074356402596483, 0.3645255335222049], [0.41849822129857894, 0.38489736671593405, 0.01592169894774501, 0.18068271303774233], [0.18384429240427488, 0.5398987562329858, 0.16464895897942586, 0.11160799238331393], [0.6784033533075493, 0.0520090473821244, 0.01968826570403481, 0.24989933360629143], [0.14523228530637922, 0.7443887809161682, 0.04780019541451983, 0.06257873836293228], [0.07679474298099986, 0.3163778886111629, 0.5433754362162941, 0.06345193219154323], [0.45694123787495, 0.263636909605636, 0.03579837888757206, 0.24362347363184197], [0.03302396976230434, 0.7305674033745007, 0.11660073968586376, 0.11980788717733103], [0.4512635212754066, 0.4495382568306185, 0.008178499050880927, 0.09101972284309393], [0.15174221591933487, 0.5206452084121331, 0.2601439858149509, 0.06746858985358123], [0.3241326883226483, 0.06976691913013323, 0.015427903633763711, 0.5906724889134549], [0.37898738642866964, 0.13490369222329474, 0.04883469353980884, 0.43727422780822667], [0.22831409698957322, 0.34971391448885264, 0.07018274402048255, 0.3517892445010916], [0.3116421015791241, 0.13344600472484153, 0.04532800763031745, 0.5095838860657169], [0.38247297100484223, 0.31450857326119663, 0.05351164569570772, 0.24950681003825334], [0.5625143810381704, 0.16089894774314484, 0.038930497367003936, 0.2376561738516806], [0.6956280068365431, 0.16466761661574705, 0.015981340925186865, 0.12372303562252283], [0.3960131969806296, 0.3747250411800569, 0.03204413744513415, 0.1972176243941792], [0.1923075123801528, 0.28706565709455967, 0.0595230429348856, 0.46110378759040205], [0.25016041713336623, 0.12608080270815258, 0.1506529665796978, 0.47310581357878334], [0.48901507226606666, 0.1478423298447814, 0.14017425006184311, 0.22296834782730876], [0.10113129126196194, 0.047061384727041806, 0.06666162492698546, 0.7851456990840102], [0.22438916387575095, 0.10798972484733467, 0.06179288330624999, 0.6058282279706645], [0.21531708057649862, 0.23435018799200064, 0.11529014822266546, 0.43504258320883504], [0.5224914832355722, 0.2865720431616695, 0.02199341898040382, 0.1689430546223545], [0.3854160738189481, 0.4060212675705849, 0.03114141573393109, 0.17742124287653593], [0.3014390400026443, 0.48985107944294054, 0.059311333918026315, 0.14939854663638885], [0.06384689871212038, 0.06721699781380906, 0.08338042111464214, 0.7855556823594285], [0.07840261449850024, 0.3076860724186576, 0.08574230423779594, 0.528169008845046], [0.017068143339769207, 0.3211101207664586, 0.649888558806507, 0.011933177087265245], [0.14987625020264797, 0.41288341501604253, 0.24403914195088777, 0.1932011928304216], [0.07002289234641715, 0.4404040767509351, 0.09447409203470933, 0.3950989388679383], [0.2458970295374698, 0.5360869357806042, 0.16494172371526764, 0.05307431096665825], [0.04370257754000862, 0.7134084068594634, 0.1306474626140432, 0.11224155298648446], [0.042679254255519265, 0.5960928580637175, 0.19213347638239806, 0.16909441129836536]]}}