{"test": {"ids": ["105115380", "106115240", "104110960", "103117200", "108118810", "107121540", "111119340", "102110050", "109113931", "97109080", "108117360", "111119580", "105117200", "106114280", "104114320", "112118161", "109115211", "108114200", "106119990", "112118860", "99108520", "102108621", "111118301", "101115190", "113119120", "99107630", "110117110", "99113260", "112116401", "112119610", "101108290", "105115900", "99112641", "108116501", "110117140", "108118520", "109113591", "110120531", "111117571", "113118231", "113118511", "102116340", "100115700", "110113931", "110115980", "111120220", "108118291", "111116040", "100108520", "108114670", "100113370", "104113240", "105118740", "98106111", "97113900", "98120010", "104114230", "111116411", "111120320", "112116880", "110117080", "103113260", "111115770", "107118520", "112118701", "104113000", "103113170", "107117010", "102110850", "111115780", "109113881", "110118930", "108120280", "103120340", "110118301", "108120621", "109118701", "99105921", "105113330", "113119360", "103111110", "112118421", "113119950", "111121351", "99109910", "102112030", "112116610", "111115400", "111117000", "109116810", "113117340", "99111340", "110118111", "100111620", "102110750", "104116441", "100116500", "111121930", "112121030", "110116501", "104114240", "103111990", "113118620", "109115070", "110116170", "97107920", "107119950", "107120130", "105117431", "110117870", "101108121", "105119550", "107113180", "111116290", "113117630", "110115580", "106118520", "113122180", "106121220", "99111930", "99112840", "111116090", "103110840", "113118870", "110121170", "99119830", "111119290", "99108710", "100120010", "97106600", "113119700", "97106000", "99112300", "111116990", "106118820", "106119580", "102121440", "112119980", "98110710", "97112830", "112118620", "98119591"], "labels": [1, 1, 2, 0, 1, 2, 3, 3, 1, 2, 1, 3, 3, 3, 2, 0, 0, 0, 0, 3, 2, 3, 3, 1, 3, 2, 0, 0, 0, 0, 0, 3, 1, 0, 3, 0, 3, 0, 3, 3, 1, 3, 1, 1, 1, 3, 3, 0, 2, 3, 3, 2, 1, 0, 2, 2, 2, 0, 1, 0, 1, 3, 3, 2, 0, 1, 3, 1, 3, 1, 0, 1, 3, 1, 1, 1, 3, 1, 3, 0, 3, 3, 0, 0, 2, 2, 1, 0, 0, 3, 2, 1, 1, 3, 1, 1, 2, 1, 0, 3, 0, 2, 3, 0, 0, 0, 3, 2, 1, 3, 0, 1, 3, 2, 0, 1, 2, 2, 1, 1, 2, 3, 1, 0, 2, 1, 3, 2, 0, 3, 0, 0, 0, 0, 3, 3, 2, 0, 2, 2, 3, 1], "predicted_labels": [1, 0, 0, 0, 3, 2, 3, 1, 0, 1, 3, 0, 1, 3, 1, 0, 3, 0, 3, 1, 2, 0, 0, 1, 3, 3, 1, 0, 0, 1, 3, 3, 0, 3, 1, 1, 1, 3, 0, 1, 3, 3, 0, 1, 3, 0, 3, 0, 3, 1, 3, 1, 1, 2, 0, 1, 2, 0, 1, 1, 1, 1, 3, 1, 3, 3, 1, 2, 2, 1, 0, 3, 3, 3, 1, 0, 3, 0, 0, 3, 3, 0, 0, 1, 2, 1, 1, 0, 3, 3, 1, 1, 0, 2, 1, 3, 3, 0, 0, 3, 0, 1, 1, 1, 0, 0, 3, 1, 1, 2, 3, 0, 1, 1, 1, 0, 3, 3, 3, 1, 3, 0, 1, 1, 1, 1, 3, 1, 1, 2, 1, 3, 2, 0, 3, 0, 1, 3, 1, 0, 0, 1], "confidence_scores": [[0.18381319709469288, 0.31855668328892434, 0.2606905397544836, 0.23693957986189904], [0.28388191207908164, 0.2735164249692507, 0.13545902729143708, 0.3071426356602305], [0.29725019939671227, 0.26537525802103273, 0.13959946383272626, 0.29777507874952874], [0.31186728713109657, 0.2651684967977925, 0.09051501334267592, 0.33244920272843476], [0.2741909415622767, 0.3308880871853213, 0.08765164342262444, 0.3072693278297774], [0.17754947046821554, 0.2909262020218916, 0.28513460882293745, 0.24638971868695544], [0.2753099962369088, 0.3168554508554529, 0.1034490273346999, 0.3043855255729383], [0.19318082244005105, 0.32605712531913256, 0.19428899890545154, 0.28647305333536516], [0.28332371661167244, 0.28931279706920104, 0.10577116141729503, 0.32159232490183143], [0.22853226715393715, 0.32187509182439084, 0.1568816836537707, 0.2927109573679016], [0.11949011835440121, 0.3333077527382914, 0.2896163803834356, 0.2575857485238718], [0.3025067782600702, 0.24362080316716375, 0.13565431534643885, 0.3182181032263268], [0.221372527896563, 0.29358320553325024, 0.21385478062590557, 0.27118948594428105], [0.26154451508844295, 0.3102568294760716, 0.12171931032259724, 0.3064793451128882], [0.23274672647194103, 0.28422154413331097, 0.22501312803788964, 0.25801860135685856], [0.27763230513548, 0.28485023007470966, 0.12213100700479071, 0.3153864577850196], [0.2502844680304372, 0.3167407233374586, 0.1289397061912956, 0.3040351024408085], [0.2966547929917807, 0.2737663639427281, 0.11263648090187865, 0.31694236216361277], [0.2656384517083273, 0.30302550472956835, 0.12557762737227382, 0.30575841618983074], [0.19606304907016056, 0.31078550019309736, 0.21616611808488817, 0.27698533265185366], [0.12156788076059494, 0.32575005348066655, 0.36687013942788416, 0.1858119263308543], [0.3184019789661247, 0.25745385027779577, 0.09234410496518507, 0.3318000657908946], [0.2836082726828009, 0.2735330797011198, 0.1354915585983488, 0.3073670890177303], [0.1313790891824847, 0.35361906168786567, 0.26086152783955685, 0.2541403212900928], [0.2829977976727714, 0.2801928432524838, 0.1353941916216058, 0.30141516745313884], [0.3027738203720457, 0.2537759727934687, 0.14396218914633202, 0.2994880176881534], [0.13851920822670194, 0.3371898563328002, 0.29055564053774885, 0.23373529490274894], [0.2562229196167224, 0.29666312325416344, 0.16770047016055228, 0.2794134869685617], [0.3230771369318958, 0.25318417122969256, 0.07854212285620307, 0.3451965689822087], [0.19719599528266715, 0.30222945502655696, 0.23157255349281292, 0.2690019961979629], [0.32049402045881653, 0.2592976856167937, 0.10048940788358764, 0.3197188860408019], [0.22292539962708946, 0.2972510639296823, 0.19578191139477424, 0.2840416250484538], [0.25459805801497487, 0.2686741215514868, 0.1947815778516688, 0.28194624258186957], [0.2762253206921296, 0.2838580413780632, 0.13441996716014018, 0.30549667076966686], [0.2052067897013123, 0.3077963264845972, 0.21249375873334492, 0.27450312508074537], [0.21708425293311037, 0.32272460206243403, 0.19085652553397214, 0.2693346194704837], [0.2377643355194167, 0.3090615294426238, 0.16080768941823537, 0.292366445619724], [0.2876827723139567, 0.2940418420156917, 0.10371467454058819, 0.3145607111297632], [0.3043364772657921, 0.27499945370323586, 0.08209946401322185, 0.33856460501775015], [0.26087523532911167, 0.3079491442829763, 0.12130817673067877, 0.30986744365723295], [0.20309208234014905, 0.2892910253044206, 0.23938000439611884, 0.2682368879593114], [0.15059877479217568, 0.3166189728972779, 0.27204444283950996, 0.2607378094710363], [0.29911200497577106, 0.2804074331014332, 0.10982736311365046, 0.3106531988091454], [0.2610713119130211, 0.3318153023872569, 0.09501629642254635, 0.3120970892771756], [0.28010286624673236, 0.2987189673408511, 0.10591655251311338, 0.31526161389930313], [0.2720689455204826, 0.2977419277854287, 0.10828886553621578, 0.3219002611578731], [0.3334994096573329, 0.2431867232856414, 0.10058662541908199, 0.3227272416379435], [0.29533305321537884, 0.25901558258895674, 0.15281396891971924, 0.2928373952759448], [0.2735156114969431, 0.26869945399270173, 0.1616091854542946, 0.2961757490560606], [0.21900647449526384, 0.31803318126480556, 0.17599644360281827, 0.28696390063711225], [0.18379871516741303, 0.31180238021506546, 0.22642864653673078, 0.2779702580807909], [0.12427362003713902, 0.3736270179521134, 0.2740077062989747, 0.22809165571177256], [0.17738916701537283, 0.31936257560670583, 0.23601567926173597, 0.2672325781161854], [0.17207496311295412, 0.2929567290198107, 0.29350443366576, 0.2414638742014752], [0.24218027406392165, 0.27619529307983176, 0.26808671389140876, 0.21353771896483772], [0.24249267786920564, 0.2903670636809353, 0.20735836231092217, 0.2597818961389366], [0.170722085356651, 0.2928761492941861, 0.3026396153416076, 0.23376215000755537], [0.34299240020924615, 0.23264743964977397, 0.07028687084863648, 0.3540732892923434], [0.243761279276102, 0.3209469900936646, 0.1292923161558299, 0.3059994144744036], [0.20869478689417337, 0.3296959137923649, 0.17505292886508927, 0.28655637044837245], [0.19177712696639274, 0.3347578076292734, 0.18885373977269065, 0.2846113256316432], [0.23747349405201168, 0.3306400940752308, 0.14556656502516288, 0.2863198468475944], [0.2768702367471875, 0.28092735058211965, 0.14571639577758425, 0.2964860168931086], [0.18073165822752832, 0.35058823975283465, 0.19819098399877685, 0.2704891180208603], [0.24047973829236166, 0.3088059773822917, 0.14581642728940303, 0.3048978570359434], [0.32694598055180357, 0.23041315846298427, 0.12110982302851699, 0.3215310379566951], [0.20205066135322722, 0.31378716510266885, 0.25061940766683716, 0.23354276587726697], [0.15554570649991087, 0.2803757982033877, 0.34580472023289116, 0.21827377506381024], [0.1100718231513522, 0.3185661354212203, 0.40752630230993286, 0.16383573911749447], [0.25456550281168394, 0.3037590105582584, 0.14463926913110647, 0.2970362174989513], [0.23657816501586326, 0.2891070245953351, 0.1844795707783608, 0.2898352396104411], [0.2109168919076085, 0.32145462196171004, 0.1858814246406112, 0.2817470614900701], [0.30012850847355893, 0.25991993773814936, 0.1326954056845955, 0.307256148103696], [0.21556310433375508, 0.29021506866690916, 0.22110729896915882, 0.2731145280301771], [0.2396972259238226, 0.3370005629160794, 0.11833768979171073, 0.30496452136838725], [0.28966016940689165, 0.28646922180659057, 0.09687319015187074, 0.32699741863464715], [0.25238253317353443, 0.30825050032169465, 0.13290762600417705, 0.30645934050059404], [0.2702018408973414, 0.27906225196785533, 0.1595081316744267, 0.29122777546037637], [0.3319434466853455, 0.22952509199982107, 0.11272759709393339, 0.32580386422089985], [0.27644079012638934, 0.297845349822661, 0.11348429845225692, 0.3122295615986927], [0.22997328862391156, 0.3240862468491969, 0.15027609194092037, 0.29566437258597084], [0.28768406451576894, 0.29182601430851307, 0.09561546728103372, 0.3248744538946845], [0.3072221233741947, 0.28044408856359404, 0.07680280220659853, 0.33553098585561286], [0.26091773203424196, 0.28844447686872293, 0.1538890846935278, 0.2967487064035075], [0.11948045206608374, 0.26922945792232905, 0.4528483124516258, 0.1584417775599612], [0.2270704881034423, 0.31719612052768115, 0.18189261792641506, 0.27384077344246166], [0.2504686236153142, 0.29457403927427733, 0.19487372579317447, 0.260083611317234], [0.28662061851294823, 0.28340031059377496, 0.12360621005739325, 0.30637286083588366], [0.26380786334376055, 0.28991372976132745, 0.15373937275297136, 0.29253903414194055], [0.2702161421857797, 0.30016726784929393, 0.11302816625297994, 0.3165884237119461], [0.15609535018594736, 0.32613523600595373, 0.2697138240544693, 0.24805558975362954], [0.1540208532429369, 0.34107233403014625, 0.21823130929159656, 0.2866755034353202], [0.29061624398397023, 0.2929611549149753, 0.09666695586901625, 0.3197556452320384], [0.21712127994914535, 0.2773929325049097, 0.2630527455759625, 0.24243304196998258], [0.13406600440043745, 0.3575339043912672, 0.3108646668359985, 0.19753542437229663], [0.27955844220263093, 0.3214048221669711, 0.07747992801655973, 0.3215568076138385], [0.22040466840506387, 0.3010937720613308, 0.2058382341020147, 0.2726633254315906], [0.3232920554760418, 0.24708033999691667, 0.08093440033232499, 0.3486932041947165], [0.3095069845866695, 0.26543856539623084, 0.09516170616487808, 0.3298927438522214], [0.31232130586753337, 0.2774342738820372, 0.08406532216124386, 0.32617909808918566], [0.27305421798868595, 0.265729908434629, 0.17721056173717395, 0.2840053118395111], [0.24444210384808332, 0.31010549305621227, 0.17001180718754266, 0.2754405959081617], [0.25386125955567307, 0.3303587638104081, 0.10199003190956735, 0.31378994472435123], [0.19349322440487457, 0.3561571777580114, 0.16987163135772318, 0.28047796647939083], [0.2777246243593245, 0.26641642743926486, 0.18763830065946083, 0.2682206475419499], [0.3363809328351034, 0.24143203189041573, 0.07884921711799077, 0.34333781815649], [0.2618500302382994, 0.29802813291191543, 0.1403202995610352, 0.2998015372887498], [0.18556420529458179, 0.33825025280595516, 0.28514184778763935, 0.19104369411182368], [0.20814137038220423, 0.30501173827854244, 0.2214545122107125, 0.26539237912854063], [0.17672654610068714, 0.2933621963533445, 0.2687110615608633, 0.2612001959851052], [0.25590357865000213, 0.2990720246113062, 0.14556258451047882, 0.2994618122282127], [0.29653734699889855, 0.294195165479694, 0.07846200377755405, 0.33080548374385327], [0.1915734123087115, 0.3177766077736147, 0.25094602195187066, 0.2397039579658031], [0.2132500960772431, 0.2939471929616317, 0.22488050272897633, 0.267922208232149], [0.23360187656578024, 0.3068703400752613, 0.1708553838628203, 0.28867239949613827], [0.24349137100360763, 0.2673597361515503, 0.24369404908096062, 0.24545484376388155], [0.27783767764143813, 0.2978751472846561, 0.11147525763937054, 0.31281191743453546], [0.2761637242765094, 0.29419348098728954, 0.1266492115943118, 0.30299358314188934], [0.2667380512673026, 0.2884556500387604, 0.13575855816391116, 0.309047740530026], [0.12596532803449373, 0.36105697329297276, 0.24307228050865864, 0.26990541816387487], [0.21535631744923278, 0.3166547199659922, 0.17330418474948223, 0.2946847778352928], [0.3074190899277328, 0.2720325631480777, 0.0887389729281803, 0.33180937399600907], [0.22918101016764636, 0.2767721770368032, 0.2343484834451467, 0.2596983293504038], [0.2649522276096675, 0.31823225040922765, 0.11687234952278905, 0.2999431724583155], [0.18123855813263542, 0.2983490820328662, 0.2818054828289243, 0.23860687700557376], [0.15438828955297706, 0.3289219012965759, 0.2568191985947942, 0.25987061055565286], [0.1799769162724552, 0.3280636742685306, 0.2131152025394245, 0.27884420691959005], [0.18421551197296904, 0.3603247052291249, 0.16732873859905897, 0.2881310441988469], [0.166683349784512, 0.3331148625763561, 0.2613921534776684, 0.23880963416146347], [0.17017066333763922, 0.2867253929943806, 0.3111991997602316, 0.2319047439077481], [0.20182151005617055, 0.34459755820478455, 0.1738518758175384, 0.27972905592150665], [0.19514114846452177, 0.3178747355958495, 0.191803880193726, 0.29518023574590274], [0.15059425781786914, 0.3019481498696086, 0.2920223847535672, 0.2554352075589551], [0.2737661048590516, 0.2929096936152215, 0.12164513444562548, 0.31167906708010146], [0.2616579352305717, 0.3191819412930326, 0.10897919372040306, 0.3101809297559923], [0.26935791597947223, 0.27793269737710735, 0.1671619594324631, 0.28554742721095727], [0.18549348138325258, 0.32774920043669026, 0.21943705258030916, 0.26732026559974825], [0.3063893850572534, 0.27709460376987144, 0.09887797434141662, 0.3176380368314585], [0.20956836470136828, 0.3024919362341751, 0.21782934483505503, 0.27011035422940194], [0.2750809691812867, 0.27587342932449155, 0.1607728111429823, 0.2882727903512394], [0.3068991008704619, 0.275529098093174, 0.08135229908830202, 0.33621950194806194], [0.2631896434787807, 0.2985739405210813, 0.1374076580737967, 0.30082875792634095]]}, "rewritten": {"ids": ["97106000", "97106600", "97107920", "97109080", "97112830", "97113900", "98106111", "98110710", "98119591", "98120010", "99105921", "99107630", "99108520", "99108710", "99109910", "99111340", "99111930", "99112300", "99112641", "99112840", "99113260", "99119830", "100108520", "100111620", "100113370", "100115700", "100116500", "100120010", "101108121", "101108290", "101115190", "102108621", "102110050", "102110750", "102110850", "102112030", "102116340", "102121440", "103110840", "103111110", "103111990", "103113170", "103113260", "103117200", "103120340", "104110960", "104113000", "104113240", "104114230", "104114240", "104114320", "104116441", "105113330", "105115380", "105115900", "105117200", "105117431", "105118740", "105119550", "106114280", "106115240", "106118520", "106118820", "106119580", "106119990", "106121220", "107113180", "107117010", "107118520", "107119950", "107120130", "107121540", "108114200", "108114670", "108116501", "108117360", "108118291", "108118520", "108118810", "108120280", "108120621", "109113591", "109113881", "109113931", "109115070", "109115211", "109116810", "109118701", "110113931", "110115580", "110115980", "110116170", "110116501", "110117080", "110117110", "110117140", "110117870", "110118111", "110118301", "110118930", "110120531", "110121170", "111115400", "111115770", "111115780", "111116040", "111116090", "111116290", "111116411", "111116990", "111117000", "111117571", "111118301", "111119290", "111119340", "111119580", "111120220", "111120320", "111121351", "111121930", "112116401", "112116610", "112116880", "112118161", "112118421", "112118620", "112118701", "112118860", "112119610", "112119980", "112121030", "113117340", "113117630", "113118231", "113118511", "113118620", "113118870", "113119120", "113119360", "113119700", "113119950", "113122180"], "labels": [0, 3, 0, 2, 2, 2, 0, 2, 1, 2, 1, 2, 2, 2, 2, 1, 1, 0, 1, 2, 0, 1, 2, 3, 3, 1, 2, 0, 0, 0, 1, 3, 3, 1, 3, 2, 3, 2, 1, 3, 2, 3, 3, 0, 1, 2, 1, 2, 2, 0, 2, 1, 3, 1, 3, 3, 1, 1, 1, 3, 1, 2, 3, 3, 0, 1, 3, 1, 2, 3, 2, 2, 0, 3, 0, 1, 3, 0, 1, 3, 1, 3, 0, 1, 0, 0, 3, 3, 1, 1, 1, 0, 3, 1, 0, 3, 3, 1, 1, 1, 0, 2, 0, 3, 1, 0, 3, 2, 0, 0, 0, 3, 3, 3, 3, 3, 3, 1, 0, 1, 0, 1, 0, 0, 3, 3, 0, 3, 0, 0, 0, 2, 0, 3, 1, 3, 0, 3, 0, 0, 0, 2], "predicted_labels": [3, 0, 0, 1, 0, 0, 0, 1, 0, 0, 0, 3, 1, 1, 2, 1, 1, 2, 0, 1, 1, 1, 3, 3, 1, 0, 1, 1, 3, 3, 1, 3, 1, 1, 2, 1, 1, 1, 1, 3, 1, 1, 1, 3, 3, 0, 3, 1, 3, 0, 1, 3, 0, 1, 1, 0, 1, 3, 1, 3, 0, 0, 3, 0, 3, 1, 1, 2, 1, 3, 1, 3, 0, 1, 0, 3, 3, 1, 3, 3, 0, 0, 1, 0, 1, 3, 3, 3, 1, 3, 3, 1, 3, 1, 1, 3, 1, 0, 1, 1, 3, 0, 0, 0, 3, 0, 0, 0, 0, 0, 1, 0, 3, 3, 3, 0, 0, 1, 1, 0, 0, 1, 1, 0, 0, 0, 3, 1, 1, 3, 0, 1, 1, 1, 2, 1, 3, 3, 3, 1, 0, 3], "confidence_scores": [[0.25850434087961033, 0.2974386070773166, 0.14761880797003268, 0.2964382440730404], [0.24144497249210195, 0.2745660733379499, 0.2199855025776563, 0.2640034515922915], [0.3283247765162135, 0.24816959092862223, 0.07660237134994452, 0.3469032612052195], [0.20921355826924884, 0.3273152179224991, 0.1798113630535894, 0.28365986075466276], [0.26633705399168456, 0.2772250994313815, 0.16968609970999504, 0.2867517468669389], [0.25568873751967147, 0.2808607437836933, 0.21668378471922037, 0.246766733977415], [0.23499915743235802, 0.2844785067335976, 0.19292031606963495, 0.2876020197644095], [0.2616922987053759, 0.2875150935516764, 0.1597250784479491, 0.2910675292949989], [0.28639179291785793, 0.28211853393282016, 0.11972410176406123, 0.3117655713852607], [0.26748779918097265, 0.28149778283823285, 0.16525400178029667, 0.28576041620049797], [0.2701012461853903, 0.2880672212004768, 0.1447402057742996, 0.29709132683983325], [0.30220338197458574, 0.26666081661355323, 0.12640438157407086, 0.30473141983778995], [0.14180404136510047, 0.32197798422515234, 0.3397587082308086, 0.1964592661789386], [0.19021263503337166, 0.34608368285223917, 0.18074882637337686, 0.28295485574101276], [0.12082929665483473, 0.29537078634985175, 0.42724701238643853, 0.15655290460887505], [0.13727287215995868, 0.3403782635356843, 0.25446193034749665, 0.26788693395686064], [0.18587592664961908, 0.3247023803056405, 0.2083296615424309, 0.28109203150230927], [0.1714591609822349, 0.2954324172721575, 0.27492273404011125, 0.2581856877054964], [0.26852006013237634, 0.26417085726072803, 0.17291065726178387, 0.29439842534511174], [0.21532699394652877, 0.3153570737563125, 0.1774273681775687, 0.29188856411959013], [0.25832804358909384, 0.30279985045196905, 0.15454417122758043, 0.2843279347313567], [0.16456008691246715, 0.33068146231347406, 0.2450231059019006, 0.25973534487215816], [0.2679060967416791, 0.27267267724265354, 0.16033593489078649, 0.29908529112488097], [0.24794690824157378, 0.2719565751674611, 0.19426769502155394, 0.285828821569411], [0.18794438319684367, 0.3108372554390151, 0.2259975576454864, 0.27522080371865476], [0.29954276858659107, 0.2873811085375091, 0.09639353072462085, 0.3166825921512791], [0.18414183735823844, 0.3196938988055733, 0.22174289642202188, 0.27442136741416634], [0.17658030402755895, 0.3308049250727305, 0.23994324205726886, 0.25267152884244176], [0.2700873088362937, 0.2889603309703047, 0.13421384107629664, 0.3067385191171051], [0.31655149217027984, 0.2648833082999221, 0.09712748552749013, 0.32143771400230753], [0.15780820755109293, 0.343506716522251, 0.23928785869512562, 0.25939721723153053], [0.22778620820142548, 0.3114786847628464, 0.15905307490511952, 0.3016820321306086], [0.23136733387705719, 0.30648915118655784, 0.16503587010343598, 0.297107644832949], [0.16422266629003585, 0.3460245063124798, 0.2718240869206051, 0.21792874047687963], [0.15523585299841583, 0.3062238937332314, 0.34899341588398664, 0.18954683738436598], [0.2231306596776073, 0.32082041166183833, 0.17756134206832438, 0.2784875865922297], [0.19060913318584885, 0.32479074451193274, 0.21999096210879124, 0.2646091601934274], [0.20441933076218355, 0.31247132096489955, 0.21354672341212916, 0.2695626248607876], [0.23168036993394786, 0.2934370843042374, 0.19928541662407084, 0.27559712913774415], [0.27584859398811895, 0.30205242615392675, 0.11171455766909874, 0.3103844221888559], [0.2512073903208308, 0.31096056664262833, 0.13639947905009867, 0.30143256398644225], [0.20925034497506514, 0.31437422382113805, 0.23747437199833962, 0.23890105920545743], [0.2631899310399204, 0.3124674548531352, 0.12537955842426282, 0.2989630556826816], [0.29941733537412224, 0.282713133033093, 0.09162907895417406, 0.32624045263861084], [0.24741693197117898, 0.2890486030217261, 0.18144380909414853, 0.28209065591294646], [0.2956789215915229, 0.2696264464725832, 0.13101540772616868, 0.3036792242097253], [0.3200104071875351, 0.23169773667966356, 0.13317472273688755, 0.3151171333959139], [0.15198976440393275, 0.36056407962097253, 0.24305731297390493, 0.24438884300118943], [0.21939706456632455, 0.27782341389207665, 0.23687675490973112, 0.2659027666318675], [0.27328910186712796, 0.27422392686863983, 0.1670892725961615, 0.28539769866807085], [0.2098724408390586, 0.2960144395957351, 0.24699348914235808, 0.24711963042284832], [0.2795469344686103, 0.32093184593832336, 0.07965397953804487, 0.3198672400550217], [0.3344832982364388, 0.23696291773650424, 0.09960727507286633, 0.3289465089541904], [0.20272544274822069, 0.3091231076795074, 0.25590172322999377, 0.23224972634227803], [0.17601904548710878, 0.33711605519850135, 0.2548428071803329, 0.23202209213405722], [0.27518708810399045, 0.2715436972710605, 0.1509672638888981, 0.30230195073605076], [0.20508795399830793, 0.3098811874038527, 0.22468156438150433, 0.26034929421633496], [0.23857753700266826, 0.298561226155974, 0.1721985231117311, 0.29066271372962643], [0.2746047478062875, 0.3060627680711674, 0.09713059721417236, 0.32220188690837265], [0.2851323932071231, 0.2901814296915417, 0.10217572289342633, 0.3225104542079092], [0.29635712952149923, 0.26719315891230655, 0.1112708463645669, 0.3251788652016275], [0.2840414273146316, 0.27630870922774264, 0.1293470085048568, 0.3103028549527686], [0.2720667189388452, 0.3102587757272351, 0.10265269836484155, 0.31502180696907844], [0.2683281682816394, 0.27993682461582103, 0.16920302917193955, 0.2825319779306], [0.2710077328533649, 0.30400631438677966, 0.11592804280137607, 0.3090579099584793], [0.2415900554936116, 0.2968735313898676, 0.16481780116494898, 0.2967186119515716], [0.1877303909093103, 0.31911274690635977, 0.24053587367730803, 0.25262098850702186], [0.1849911789928126, 0.28567757967961965, 0.2805573494820627, 0.2487738918455049], [0.20888408494312988, 0.33699616049880093, 0.17522620779410295, 0.2788935467639662], [0.25043809399203004, 0.30670713340034933, 0.14498117453285456, 0.297873598074766], [0.19693362951779958, 0.3335589357847529, 0.25464166820450457, 0.21486576649294287], [0.203772603995956, 0.28869715123482564, 0.24113339799215092, 0.26639684677706754], [0.29659291263491605, 0.2745020164249739, 0.10803801907513735, 0.3208670518649727], [0.214797036564493, 0.3172766319242493, 0.1815047806778534, 0.2864215508334044], [0.2802484984876215, 0.28123860865249034, 0.12957203161302808, 0.30894086124686015], [0.1327361158354469, 0.3291920293369962, 0.2758765887665818, 0.2621952660609751], [0.3329679561353683, 0.2405269359085388, 0.09855296693454076, 0.3279521410215519], [0.2165097384436312, 0.3269893037727883, 0.18003658623504365, 0.27646437154853654], [0.28099409313122164, 0.3171151857129488, 0.08915547415779135, 0.31273524699803806], [0.2998228065578403, 0.26017358353301917, 0.13250183839041987, 0.3075017715187204], [0.29051243419620515, 0.2875943754220888, 0.09052637745117777, 0.3313668129305282], [0.28779892008990365, 0.2835012214324916, 0.11282511228493122, 0.3158747461926734], [0.23334465485572334, 0.2955432506504384, 0.180997222504925, 0.2901148719889133], [0.27480369737836846, 0.28982773260437744, 0.12059074459528099, 0.3147778254219729], [0.2086516159870694, 0.33838166761187277, 0.1673415910659439, 0.2856251253351141], [0.2391155979332126, 0.3159676656910642, 0.14454340370539237, 0.3003733326703307], [0.2693585321396396, 0.2998082890459396, 0.11330263786984213, 0.3175305409445787], [0.26986390319571646, 0.29182477208574537, 0.12825663466697898, 0.3100546900515591], [0.24617749850754808, 0.3424628320310068, 0.1001083364565877, 0.3112513330048573], [0.26515882231149723, 0.27996889712611034, 0.1720244108932728, 0.2828478696691194], [0.2782357702510972, 0.29654165622086326, 0.11153226267850488, 0.31369031084953425], [0.24779600090959766, 0.2957501646884959, 0.1678071516509236, 0.28864668275098226], [0.2974002189253591, 0.2858761430787217, 0.09344967536819536, 0.3232739626277237], [0.18114668402946377, 0.3142725569638919, 0.23912258472580641, 0.2654581742808378], [0.16182178268330694, 0.3115120784041277, 0.2820830847827211, 0.2445830541298442], [0.22390402308131177, 0.30064231460079877, 0.19200286151495796, 0.28345080080293167], [0.17935021720279043, 0.30909299303062737, 0.2454957486435285, 0.26606104112305357], [0.3079505376013459, 0.28456090221506924, 0.07745954311166002, 0.3300290170719248], [0.24582088396480214, 0.3349168789345393, 0.1101471784042491, 0.3091150586964097], [0.22442274303826304, 0.3201324083947774, 0.16917878222496036, 0.2862660663419993], [0.29271494064444903, 0.29344499877290475, 0.09603263132026602, 0.31780742926238004], [0.234677056713326, 0.28401945954087, 0.23239080291326958, 0.24891268083253412], [0.28172571987412737, 0.28789548847867424, 0.12775282763509946, 0.30262596401209935], [0.2830682788526415, 0.2735461483493485, 0.14598367233167947, 0.29740190046633047], [0.25482327287434053, 0.3002990811430959, 0.14926225925326547, 0.295615386729298], [0.28167379853447727, 0.2644950099573792, 0.1725686823744029, 0.28126250913374035], [0.31018888943894796, 0.27526849991642915, 0.07975485061438091, 0.3347877600302419], [0.26447194723975403, 0.29099964854589633, 0.14509641249556915, 0.2994319917187804], [0.3312865649632168, 0.24278769136438796, 0.08086044759193611, 0.345065296080459], [0.2791858929271222, 0.2967559539403048, 0.10340094412105903, 0.320657209011514], [0.24978512662158184, 0.30412691864459385, 0.1559985339373786, 0.29008942079644584], [0.29962003624531947, 0.2703727656668939, 0.10293040335547936, 0.327076794732307], [0.272208018024401, 0.281626474113663, 0.14601685313017682, 0.3001486547317594], [0.1983091533472665, 0.32338725031211024, 0.19936784321569403, 0.2789357531249292], [0.2841186899533929, 0.2988244731095856, 0.11141480106108552, 0.30564203587593575], [0.29872466454764773, 0.2605529993531257, 0.11851708031959685, 0.32220525577962966], [0.2737624624197949, 0.2979118860220434, 0.1029435289186696, 0.3253821226394922], [0.22870917266482943, 0.31829634987302224, 0.15296869696834198, 0.3000257804938065], [0.2601109631368028, 0.29831187914811175, 0.1416523262055054, 0.2999248315095798], [0.31749134978333327, 0.24375863303290854, 0.09961517848150755, 0.33913483870225075], [0.32221477269007254, 0.26058520202772284, 0.07461705507053983, 0.34258297021166506], [0.24552631739689992, 0.29418988565613563, 0.19600507313635263, 0.26427872381061157], [0.2059437521185449, 0.32148748338823163, 0.19820002108950008, 0.2743687434037235], [0.29559390244697065, 0.2609508973936701, 0.12343480247786602, 0.32002039768149315], [0.3171277274288226, 0.2639715389430908, 0.07872205887211559, 0.34017867475597113], [0.3011998558270717, 0.2721721110397899, 0.0967633611965558, 0.3298646719365827], [0.2412099130510038, 0.30838092048654336, 0.14564629151744055, 0.3047628749450123], [0.22808720832296095, 0.2990231929291252, 0.18706456253845946, 0.28582503620945443], [0.20534081499981016, 0.29736265104463916, 0.22906998969297906, 0.2682265442625718], [0.30729452180711986, 0.26899433723471916, 0.10302736297785062, 0.3206837779803104], [0.28928411896292483, 0.27477382280445717, 0.1258415539980407, 0.3101005042345772], [0.1797137700605529, 0.31965536244218884, 0.23978848499695588, 0.26084238250030206], [0.2342560128216721, 0.29948848104528947, 0.17691932470186195, 0.28933618143117645], [0.23872302964944125, 0.31753390170628176, 0.14879700438154722, 0.29494606426273], [0.20710504594870746, 0.2786314927605148, 0.2595060496673757, 0.2547574116234023], [0.2551861956003387, 0.3220700879560891, 0.10917213382048943, 0.3135715826230828], [0.26874410455572645, 0.2983873016262829, 0.1364092554301873, 0.2964593383878029], [0.26171832784955706, 0.28899844277051784, 0.1519351833293479, 0.297348046050577], [0.26922657509210957, 0.29782200062519815, 0.12554942729785099, 0.3074019969848414], [0.2254442231934714, 0.35296300508190903, 0.1109189461347263, 0.31067382558989287], [0.30724603687554086, 0.2829278343690274, 0.07364675450440382, 0.3361793742510278], [0.2654286447672057, 0.29423476360434186, 0.139325820141489, 0.3010107714869636]]}}