{"test": {"ids": ["110119891", "104116441", "113122150", "108115250", "108116120", "110120560", "112120270", "111115400", "110117500", "106113170", "98108410", "110116170", "110115890", "100109000", "101108460", "103109021", "111120190", "112120540", "113122170", "98111860", "110116441", "109121410", "109115070", "113120640", "108115070", "112118620", "99109161", "107118780", "111120220", "104111620", "100112060", "109116930", "98106560", "108118810", "108115500", "99109740", "110115140", "102111990", "103118110", "109117271", "103113210", "109120540", "97105960", "110118450", "109114720", "110118740", "110114610", "103120531", "103118291", "97113260", "100109311", "101111140", "99108890", "109113281", "102112170", "111116090", "106121220", "105116090", "112116401", "98121790", "107113200", "100109360", "113120540", "98110710", "99120010", "105110091", "99107950", "111120540", "97105580", "110115710", "112118581", "104114230", "111119430", "108121351", "97105760", "112120990", "107114621", "108114200", "102121440", "110118121", "112118820", "103120780", "104111780", "99113260", "109114651", "106121190", "105118230", "105115250", "101111310", "98116090", "110118301", "112116900", "104114410", "104117200", "97106770", "98113881", "111115910", "97116401", "111117480", "112120670", "111121410", "111114171", "113122320", "106118161", "106113260", "111117571", "113120780", "109118820", "100110050", "104110960", "98111620", "100111390", "112117210", "113119450", "107113260", "110118880", "108118301", "108119330", "107113130", "101111620", "108116070", "101108290", "109113591", "104114320", "101112160", "100111620", "111116100", "100109330", "98108970", "110116290", "108114180", "105113210", "105112260", "98107210", "101108500", "113119320", "107114780", "110121500", "102113210", "109117730", "111118810", "107114110"], "labels": [3, 1, 2, 1, 1, 0, 0, 0, 1, 0, 1, 0, 2, 1, 0, 0, 3, 3, 1, 0, 3, 0, 0, 0, 1, 3, 3, 1, 3, 0, 2, 0, 1, 1, 3, 3, 0, 2, 2, 0, 3, 1, 2, 0, 0, 3, 1, 3, 0, 1, 1, 2, 0, 0, 3, 3, 1, 1, 0, 2, 0, 0, 3, 2, 2, 0, 1, 1, 1, 2, 1, 2, 3, 3, 0, 2, 0, 0, 2, 3, 0, 1, 3, 0, 3, 2, 1, 2, 3, 0, 1, 3, 1, 3, 3, 3, 2, 3, 1, 2, 0, 3, 1, 3, 3, 3, 0, 3, 3, 2, 3, 2, 1, 3, 0, 0, 1, 0, 1, 3, 1, 0, 3, 2, 3, 3, 3, 0, 3, 2, 1, 3, 3, 1, 3, 1, 2, 3, 3, 3, 0, 1], "predicted_labels": [1, 1, 1, 1, 0, 1, 1, 1, 1, 3, 3, 1, 1, 3, 1, 1, 1, 3, 1, 1, 1, 1, 1, 1, 1, 1, 1, 1, 1, 3, 1, 0, 1, 3, 3, 1, 1, 3, 1, 0, 1, 3, 1, 1, 1, 0, 1, 0, 0, 1, 3, 0, 3, 0, 3, 3, 1, 1, 0, 3, 1, 3, 1, 3, 1, 1, 1, 3, 1, 3, 1, 1, 1, 1, 0, 1, 3, 1, 1, 1, 1, 1, 1, 1, 0, 1, 1, 1, 1, 1, 1, 1, 1, 3, 1, 0, 1, 1, 1, 1, 3, 1, 3, 0, 1, 1, 1, 1, 1, 1, 1, 3, 1, 3, 3, 3, 1, 1, 1, 3, 1, 0, 0, 3, 1, 3, 1, 0, 1, 3, 1, 3, 1, 1, 1, 1, 1, 1, 1, 1, 1, 1], "confidence_scores": [[0.2589075331696799, 0.28656821434684876, 0.16873213950665422, 0.28579211297681745], [0.2970953800994006, 0.31592924095371794, 0.1445489499193565, 0.24242642902752512], [0.20849710602692573, 0.315929687510647, 0.24094571823838035, 0.23462748822404708], [0.2596063420204623, 0.3015860796539801, 0.17769246334218675, 0.26111511498337114], [0.31464717928967845, 0.2525492881513732, 0.15284932753046968, 0.2799542050284787], [0.18548694194586132, 0.31844717791515886, 0.1969116556648612, 0.2991542244741189], [0.20904100650369578, 0.3468116839756097, 0.18895074764634182, 0.25519656187435263], [0.21595188184728478, 0.31319067272635115, 0.170918831247305, 0.2999386141790589], [0.22145933818620228, 0.2961865925995757, 0.19203575821785113, 0.2903183109963711], [0.2707641466289942, 0.28422824787404743, 0.15771437363402038, 0.28729323186293815], [0.23899503813909567, 0.26887829849896705, 0.19839774964156182, 0.29372891372037574], [0.24685027206129356, 0.28129960989694, 0.20259436068543146, 0.269255757356335], [0.21144087142197868, 0.3379520687688802, 0.1884877980537582, 0.2621192617553831], [0.22700508682780232, 0.24672873163729517, 0.18885142483270112, 0.33741475670220156], [0.22689101826422078, 0.27838541914203374, 0.22250242078498672, 0.2722211418087593], [0.2103827178486956, 0.3666109187809212, 0.18630163298899635, 0.23670473038138687], [0.22849423073800035, 0.2941455476807125, 0.18996237522486972, 0.28739784635641774], [0.2310895311919104, 0.24831448461627786, 0.2531310290840731, 0.2674649551077388], [0.1910502315722256, 0.32084364154417033, 0.19986676982239487, 0.2882393570612097], [0.20555504029156438, 0.28689112467291783, 0.23531352063453898, 0.272240314400979], [0.2715414594611457, 0.2878135380923958, 0.1833401077874745, 0.257304894658984], [0.21816329014285737, 0.3298308170309273, 0.1943134873904559, 0.2576924054357599], [0.2546080617012754, 0.2847672251748366, 0.2045626960716457, 0.2560620170522425], [0.26014485724659747, 0.2973275363665888, 0.1703301076099735, 0.2721974987768403], [0.20899215254870626, 0.32382685203187606, 0.23430389824355863, 0.2328770971758592], [0.23392831919322848, 0.2763111551837505, 0.2354969364421941, 0.254263589180827], [0.24373353951780263, 0.32962570673279934, 0.17338928436353743, 0.2532514693858608], [0.2141927875956844, 0.30828464198711225, 0.21687422062525857, 0.26064834979194507], [0.2272989787660538, 0.30955748882294254, 0.18521470486215783, 0.277928827548846], [0.2708993871024203, 0.2457062295582941, 0.2049990581871352, 0.27839532515215065], [0.267238957209527, 0.3014101039604522, 0.16873572105487067, 0.26261521777515034], [0.34049072855658785, 0.26497336923998116, 0.1315521696235276, 0.2629837325799038], [0.17556352117438756, 0.3122093017013542, 0.26249117387884274, 0.24973600324541573], [0.19703601568073423, 0.31102722884053235, 0.1792339508913463, 0.312702804587387], [0.22019412208302128, 0.2729644218622837, 0.21984432278301497, 0.28699713327168025], [0.17512658700996975, 0.3124155163347753, 0.2459987697233375, 0.2664591269319173], [0.26239538303294835, 0.2865222689502641, 0.17477962550532336, 0.2763027225114644], [0.284713383790107, 0.2352743486323271, 0.17952600340676036, 0.30048626417080543], [0.2274107850842015, 0.29829511684726784, 0.19504492046039804, 0.2792491776081328], [0.3097317844820874, 0.22313038016880946, 0.17184418657560857, 0.29529364877349434], [0.25657454833398063, 0.2913639595067735, 0.18224179710829871, 0.26981969505094716], [0.2436098713204279, 0.27174802199534254, 0.18817230733749568, 0.29646979934673406], [0.24742162024445044, 0.3591990492821733, 0.183521358428487, 0.20985797204488965], [0.24265458466984108, 0.29285856538952243, 0.1950436653228256, 0.269443184617811], [0.23183964187679712, 0.2735439144472262, 0.23348769598238783, 0.26112874769358896], [0.2825821729074741, 0.27173559923234836, 0.18649773324847238, 0.25918449461170523], [0.1842931210505707, 0.3842147042665879, 0.21985117408701738, 0.21164100059582402], [0.32334822645520334, 0.25992063160827616, 0.16211394687214448, 0.2546171950643763], [0.32445292589047403, 0.26199611204511825, 0.14404598976806895, 0.2695049722963385], [0.24466509928841063, 0.3444673932301213, 0.19445195916585334, 0.2164155483156152], [0.2656730307683813, 0.26720439651560285, 0.1783565754974368, 0.2887659972185792], [0.2964710460256262, 0.2777233274915233, 0.16498722316394784, 0.26081840331890255], [0.2104951168743695, 0.27786068840793327, 0.2287186148140821, 0.28292557990361533], [0.32215602287231787, 0.26723232774970773, 0.16726776714748862, 0.24334388223048597], [0.29200637130949203, 0.22153033913363068, 0.1868348661003093, 0.29962842345656815], [0.2726096607312526, 0.2856215963862628, 0.14731645577596333, 0.2944522871065215], [0.24162823240736025, 0.29558658100352225, 0.18051658752303504, 0.2822685990660829], [0.24605414249731894, 0.32937697631075563, 0.19768076982557162, 0.22688811136635373], [0.28818418317444655, 0.26058200859554803, 0.16869706858220151, 0.28253673964780374], [0.24908728617427706, 0.23986799856447846, 0.2109162662096319, 0.30012844905161273], [0.23913892777572415, 0.3130968403260233, 0.15465081849861836, 0.2931134133996343], [0.228332220363371, 0.25926975220639975, 0.20038323411502632, 0.3120147933152031], [0.22661076864367047, 0.2970854436059205, 0.19970985074867298, 0.2765939370017361], [0.1896305298709833, 0.23998131688154228, 0.2472090746108896, 0.32317907863658496], [0.21666129249704447, 0.296030637297149, 0.21543011451151745, 0.2718779556942895], [0.2501792026718716, 0.2887790420207471, 0.17938768146859918, 0.28165407383878205], [0.1609307087452745, 0.2883918896377976, 0.27543684398290974, 0.27524055763401817], [0.22415384694360824, 0.26004954604933195, 0.2367986681175677, 0.27899793888949215], [0.21872587844841881, 0.3084394954953644, 0.19282820253025268, 0.2800064235259643], [0.2634109306496755, 0.23402704396071955, 0.18989848110026242, 0.3126635442893427], [0.21130776719389904, 0.3131499473867064, 0.1950842583676911, 0.28045802705170325], [0.1698599100046347, 0.3519764564558544, 0.2193819386368065, 0.25878169490270453], [0.21536171887034025, 0.3496672322316401, 0.147404263571664, 0.28756678532635593], [0.21623335459812337, 0.35756947901836583, 0.12470727363649012, 0.30148989274702115], [0.30369757602315234, 0.24428428563781526, 0.19017698024542593, 0.26184115809360653], [0.18440409231965352, 0.34738728877185515, 0.21302361039829915, 0.2551850085101926], [0.30397598657606184, 0.20486119425309673, 0.12589651614580308, 0.3652663030250385], [0.26127693784550887, 0.27401999851062436, 0.21801351698201027, 0.24668954666185658], [0.22167898922517118, 0.32276463011371215, 0.20369966071474865, 0.25185671994636805], [0.262458433556359, 0.298463308328392, 0.19084921617079195, 0.24822904194445727], [0.21396082030703967, 0.32142644681290305, 0.16215884510515383, 0.3024538877749038], [0.2658023399613798, 0.31846348873369806, 0.17242578535959782, 0.24330838594532422], [0.2379366129317042, 0.30161663385609544, 0.18098221119972652, 0.2794645420124738], [0.25863530688427316, 0.29604481377679287, 0.1793400550422991, 0.26597982429663525], [0.36624767813761644, 0.2767212254579139, 0.12364545354996213, 0.2333856428545077], [0.2408814231031302, 0.2880008842633748, 0.18658358720276944, 0.28453410543072566], [0.2098839523435045, 0.30721652797674237, 0.18569712641855957, 0.29720239326119385], [0.1811226180433983, 0.32160941371251084, 0.2493663602132857, 0.2479016080308052], [0.1877178118841215, 0.31523829565321904, 0.2758908431773516, 0.22115304928530802], [0.24821449677453336, 0.32019305586629637, 0.21478942353918776, 0.2168030238199826], [0.2697595366141816, 0.2699093620288047, 0.1977443633759111, 0.2625867379811027], [0.2688569913066392, 0.3226698622441299, 0.17495200523396925, 0.2335211412152615], [0.23975887641727325, 0.3275848922696268, 0.16914915806173444, 0.2635070732513655], [0.16868232932558336, 0.27687368661550754, 0.2048756967495878, 0.34956828730932155], [0.20985495749811495, 0.30263856132941763, 0.23591072418653333, 0.2515957569859343], [0.3291806997661906, 0.27578293318607805, 0.11381111367302943, 0.2812252533747019], [0.20731616214071302, 0.2984913843818556, 0.2108107199707446, 0.28338173350668666], [0.24296452686498887, 0.304345637287497, 0.20321888081909806, 0.2494709550284161], [0.28617086842915784, 0.30963020958850895, 0.14937482816240732, 0.2548240938199259], [0.21430056155421665, 0.3241133608489203, 0.19146277961567673, 0.2701232979811863], [0.25660495784901743, 0.26101778613613397, 0.19054239864788802, 0.29183485736696047], [0.25904024346819454, 0.2844112801585292, 0.18880285349257062, 0.26774562288070586], [0.21069441974431302, 0.2974125800745617, 0.16519949447372936, 0.32669350570739586], [0.3094429104815326, 0.2630995617406645, 0.17038171361093138, 0.25707581416687136], [0.21265688800051413, 0.30675370159541204, 0.20911150516716032, 0.2714779052369135], [0.2766663412687566, 0.30726868076952946, 0.18956394022105713, 0.22650103774065708], [0.23486972214406354, 0.29301011194721727, 0.19256637501994667, 0.2795537908887726], [0.20577661696315266, 0.3237647780551396, 0.18347780440732048, 0.28698080057438735], [0.20897886476200886, 0.30394404158867483, 0.23580969232694765, 0.2512674013223685], [0.1812852750019614, 0.3595174389618431, 0.19819701606291662, 0.26100026997327924], [0.20659442958135535, 0.3379993112654216, 0.20507301944017226, 0.250333239713051], [0.23699612278505122, 0.2481909046822116, 0.24097682660022143, 0.27383614593251576], [0.15300610868553077, 0.35730235069794586, 0.27415822771307163, 0.21553331290345196], [0.23266486956353258, 0.3016551971616508, 0.15968171191848035, 0.30599822135633636], [0.21954420505128058, 0.2727745901899184, 0.18258542569733077, 0.32509577906147014], [0.25295522007209237, 0.2795476109015528, 0.14219600288042808, 0.325301166145927], [0.2565221120649543, 0.29898120180589094, 0.19680584335787413, 0.2476908427712808], [0.27402457756631093, 0.3101111568373791, 0.15677822669591954, 0.2590860389003907], [0.19125352431219617, 0.315158043183255, 0.2226272345694958, 0.2709611979350531], [0.23112027933181647, 0.2573730503554104, 0.2034427063652433, 0.30806396394753], [0.21965279388889855, 0.33737147069750734, 0.19092029498438065, 0.25205544042921363], [0.3070217211851565, 0.26739880915289427, 0.19278533881914534, 0.2327941308428038], [0.31345055053775467, 0.2710459478984161, 0.1440651304437378, 0.2714383711200917], [0.2892950594164298, 0.22918055102623708, 0.19081921332646343, 0.29070517623087005], [0.24711668507014697, 0.3006542305546862, 0.19004829258327924, 0.2621807917918876], [0.19305236293034675, 0.2610782604035235, 0.23660232534797587, 0.3092670513181539], [0.18587700422123077, 0.3555153770186038, 0.18529896063669432, 0.2733086581234711], [0.29788010772711765, 0.24252785100686253, 0.18744514802521672, 0.2721468932408032], [0.22135551592942204, 0.31431149574701994, 0.21555794100523362, 0.2487750473183247], [0.22717445409282633, 0.24194158342093652, 0.2391851875727172, 0.29169877491352], [0.20529751970036905, 0.3025536456563697, 0.23374403743331432, 0.2584047972099472], [0.2698102816881822, 0.2611089912256972, 0.18940809071999123, 0.2796726363661296], [0.1907063828472567, 0.35240805332547837, 0.20955445700800385, 0.24733110681926096], [0.1926711567494419, 0.3104441060085055, 0.22372368342955767, 0.2731610538124949], [0.20553508190772965, 0.30306959068361267, 0.24349278670256871, 0.24790254070608903], [0.23462395754759963, 0.3067770590233412, 0.16097966238659078, 0.2976193210424686], [0.2114274199704975, 0.3158857483653215, 0.2095995742245697, 0.2630872574396114], [0.2020000153847613, 0.3456757544175853, 0.1952357322446805, 0.257088497952973], [0.23380156659166754, 0.2795195164374437, 0.23028049717222512, 0.25639841979866385], [0.2070751386024774, 0.27891829762188064, 0.26508341956257697, 0.24892314421306502], [0.24043955215710333, 0.28805475390603325, 0.18463191372835566, 0.28687378020850784], [0.25638493071776486, 0.3260735288171761, 0.16673190832509685, 0.25080963213996266]]}, "rewritten": {"ids": ["97105580", "97105760", "97105960", "97106770", "97113260", "97116401", "98106560", "98107210", "98108410", "98108970", "98110710", "98111620", "98111860", "98113881", "98116090", "98121790", "99107950", "99108890", "99109161", "99109740", "99113260", "99120010", "100109000", "100109311", "100109330", "100109360", "100110050", "100111390", "100111620", "100112060", "101108290", "101108460", "101108500", "101111140", "101111310", "101111620", "101112160", "102111990", "102112170", "102113210", "102121440", "103109021", "103113210", "103118110", "103118291", "103120531", "103120780", "104110960", "104111620", "104111780", "104114230", "104114320", "104114410", "104116441", "104117200", "105110091", "105112260", "105113210", "105115250", "105116090", "105118230", "106113170", "106113260", "106118161", "106121190", "106121220", "107113130", "107113200", "107113260", "107114110", "107114621", "107114780", "107118780", "108114180", "108114200", "108115070", "108115250", "108115500", "108116070", "108116120", "108118301", "108118810", "108119330", "108121351", "109113281", "109113591", "109114651", "109114720", "109115070", "109116930", "109117271", "109117730", "109118820", "109120540", "109121410", "110114610", "110115140", "110115710", "110115890", "110116170", "110116290", "110116441", "110117500", "110118121", "110118301", "110118450", "110118740", "110118880", "110119891", "110120560", "110121500", "111114171", "111115400", "111115910", "111116090", "111116100", "111117480", "111117571", "111118810", "111119430", "111120190", "111120220", "111120540", "111121410", "112116401", "112116900", "112117210", "112118581", "112118620", "112118820", "112120270", "112120540", "112120670", "112120990", "113119320", "113119450", "113120540", "113120640", "113120780", "113122150", "113122170", "113122320"], "labels": [1, 0, 2, 3, 1, 3, 1, 1, 1, 3, 2, 3, 0, 3, 0, 2, 1, 0, 3, 3, 0, 2, 1, 1, 0, 0, 3, 2, 3, 2, 0, 0, 3, 2, 3, 3, 3, 2, 3, 3, 2, 0, 3, 2, 0, 3, 1, 2, 0, 3, 2, 2, 1, 1, 3, 0, 3, 3, 2, 1, 1, 0, 3, 3, 2, 1, 1, 0, 0, 1, 0, 2, 1, 1, 0, 1, 1, 3, 1, 1, 1, 1, 0, 3, 0, 3, 3, 0, 0, 0, 0, 3, 3, 1, 0, 1, 0, 2, 2, 0, 2, 3, 1, 3, 1, 0, 3, 0, 3, 0, 3, 3, 0, 2, 3, 3, 1, 3, 0, 3, 3, 3, 1, 0, 0, 3, 1, 1, 3, 0, 0, 3, 2, 2, 1, 3, 3, 0, 0, 2, 1, 1], "predicted_labels": [1, 3, 1, 1, 1, 1, 1, 1, 1, 1, 1, 1, 1, 1, 1, 1, 1, 3, 1, 1, 2, 1, 3, 3, 0, 3, 1, 1, 1, 1, 3, 1, 1, 3, 1, 1, 1, 0, 3, 1, 1, 1, 1, 1, 1, 1, 1, 1, 0, 1, 1, 0, 1, 1, 1, 1, 1, 3, 1, 1, 1, 1, 1, 1, 1, 3, 1, 1, 1, 1, 0, 1, 1, 1, 1, 1, 3, 1, 1, 0, 3, 3, 3, 1, 1, 3, 0, 1, 1, 1, 3, 1, 1, 1, 1, 1, 3, 1, 1, 1, 1, 1, 1, 1, 3, 3, 3, 0, 1, 1, 1, 1, 1, 1, 1, 1, 1, 1, 1, 1, 1, 1, 1, 1, 3, 1, 1, 1, 1, 3, 1, 1, 1, 1, 1, 3, 1, 1, 1, 1, 1, 1], "confidence_scores": [[0.2269610381273529, 0.2732503184482763, 0.23182363239856196, 0.2679650110258088], [0.25630341211040497, 0.2731973353727606, 0.18649585582977615, 0.2840033966870584], [0.2276210724389767, 0.31926739819554695, 0.22692948135986551, 0.22618204800561106], [0.26244664727787287, 0.30257811765131687, 0.2106312376450623, 0.2243439974257483], [0.18335256210398043, 0.3296309041672742, 0.21841348999747925, 0.26860304373126626], [0.2857733249166476, 0.3067084857866896, 0.15103441426872732, 0.2564837750279355], [0.22436324177066974, 0.32537008972620635, 0.18655378655550958, 0.26371288194761444], [0.21352250360463265, 0.32555369231668346, 0.22637086727233285, 0.2345529368063513], [0.21920823565631134, 0.3051466171636922, 0.21349983158330096, 0.26214531559669557], [0.2553992945172708, 0.29859505046952334, 0.2002608052785429, 0.245744849734663], [0.18045067737072398, 0.2943987280815097, 0.2657873663010523, 0.2593632282467143], [0.2150079493192495, 0.31731960214415184, 0.21193285171105902, 0.2557395968255397], [0.2009485572900282, 0.3510049814423421, 0.21562146771741172, 0.2324249935502181], [0.21906818336739117, 0.34139066929293754, 0.21596401725203482, 0.22357713008763663], [0.2438687320953516, 0.2951920009484572, 0.2038079026189941, 0.25713136433719713], [0.25761657235211843, 0.2891479500932036, 0.18191899269124975, 0.2713164848634284], [0.20262121157288365, 0.32711793661079547, 0.24028638927448948, 0.22997446254183157], [0.26021675634276936, 0.2624131893628834, 0.20202251871455867, 0.27534753557978875], [0.21945630828939464, 0.30077509177149503, 0.2218520125014959, 0.25791658743761503], [0.22253572488901507, 0.33208570869811743, 0.21140692433391536, 0.23397164207895244], [0.19648503873142203, 0.2916098624838177, 0.2950282356781026, 0.216876863106658], [0.2474884378574271, 0.33117967542209464, 0.19870988790816885, 0.22262199881230962], [0.23263534540602332, 0.2779920281731854, 0.1983501602466368, 0.2910224661741546], [0.24282844544757823, 0.27136547525724436, 0.2098754789137595, 0.27593060038141826], [0.3002772720250657, 0.27183977214977784, 0.1897504955180783, 0.23813246030707827], [0.213075257161246, 0.277042961917371, 0.1963245880499309, 0.3135571928714524], [0.20871665989820726, 0.28984995858651447, 0.23046353226038263, 0.2709698492548959], [0.21720656769634217, 0.2929066965709161, 0.22744955772111886, 0.2624371780116231], [0.23578957688717503, 0.2791685734876051, 0.2559562448398511, 0.2290856047853691], [0.2651905975275078, 0.3010212192624747, 0.16004551537922831, 0.2737426678307892], [0.2199733307304509, 0.2742796267691892, 0.2300520768434115, 0.2756949656569486], [0.21979943756559575, 0.2946737711158553, 0.21338819970715406, 0.2721385916113952], [0.23493417127206817, 0.31039838545231924, 0.22675005740425846, 0.22791738587135427], [0.23349750583659717, 0.25343667104302997, 0.22641972401955673, 0.28664609910081634], [0.2293820182441608, 0.2858893748680589, 0.22206564758310957, 0.26266295930467076], [0.2329010621604586, 0.2887364227708438, 0.2166565738290025, 0.2617059412396952], [0.18912609244163683, 0.3389312485067444, 0.2321581354702335, 0.23978452358138533], [0.30132086371969025, 0.24895560524040572, 0.17453146660541013, 0.27519206443449407], [0.24444113165237358, 0.2786315897927845, 0.17665966281312112, 0.3002676157417208], [0.23354847624988484, 0.29198353974714847, 0.21996441609244224, 0.25450356791052486], [0.24453094433084244, 0.2950530004694221, 0.18850386365363572, 0.27191219154609997], [0.2329453765821501, 0.3471224782854289, 0.19071014619172083, 0.2292219989407005], [0.2645200204308527, 0.2853356640922365, 0.18456932849554966, 0.26557498698136117], [0.2588083268234186, 0.2602615739040656, 0.2295970565251308, 0.25133304274738516], [0.2638318009291832, 0.28234566627729657, 0.18512190865921624, 0.2687006241343044], [0.287845020736497, 0.2880313073204704, 0.19445572710373146, 0.22966794483930106], [0.2596094920374991, 0.313685193488843, 0.16021299494048102, 0.26649231953317687], [0.22342732473214144, 0.3251842677449799, 0.18617743318726285, 0.265210974335616], [0.3411258934600612, 0.2785144811412187, 0.12822007714624012, 0.25213954825248], [0.22747291109573242, 0.3142637422893475, 0.18618848060956744, 0.27207486600535286], [0.19868480614656098, 0.34691029336212387, 0.2099395405444613, 0.24446535994685392], [0.27169901097219296, 0.2663298048941795, 0.20240425003378198, 0.25956693409984566], [0.2094600871028273, 0.313902249669052, 0.22403539040839707, 0.25260227281972386], [0.2590410948580254, 0.340626139465073, 0.2017257047455179, 0.1986070609313839], [0.20564718821451952, 0.3018610225524341, 0.23149489809306864, 0.260996891139978], [0.29028744305522514, 0.31231357344874744, 0.1674030403850908, 0.22999594311093696], [0.2107029267870497, 0.33698285637370956, 0.20250256948234832, 0.24981164735689243], [0.24751255228315933, 0.2747803089132715, 0.17837158639895484, 0.29933555240461446], [0.2150135841994738, 0.3319777115471232, 0.19804564682375908, 0.25496305742964415], [0.2577307855676932, 0.29726514971073176, 0.15677074069952238, 0.28823332402205265], [0.2535812014323871, 0.31996069833829366, 0.16858253926184197, 0.2578755609674774], [0.23958773689925963, 0.3196581402964613, 0.14640569862361105, 0.29434842418066837], [0.18465118435747713, 0.3740096548792613, 0.2516040323855179, 0.189735128377744], [0.2381764196505858, 0.29690341194545555, 0.19495615217826873, 0.2699640162256899], [0.2476004737786004, 0.3301136557634758, 0.14033106428099995, 0.28195480617692376], [0.24121744656762492, 0.2749258482903226, 0.19255981553572912, 0.2912968896063236], [0.24597137121638252, 0.2957390208679343, 0.21649858177754017, 0.24179102613814307], [0.2859319811914295, 0.29465719232587234, 0.14747308697879094, 0.2719377395039073], [0.20953838655861431, 0.3172156131390943, 0.22960787859503967, 0.24363812170725208], [0.28256058116364646, 0.3019112085457944, 0.16227121000636646, 0.2532570002841928], [0.29148937545524645, 0.2879355629119683, 0.13289138007851473, 0.2876836815542707], [0.19815549412122807, 0.3551447598014051, 0.17427428365207068, 0.27242546242529636], [0.228871597679336, 0.3028437620977736, 0.21509902178681276, 0.25318561843607784], [0.25599051037314086, 0.3105466530738331, 0.1573726928378325, 0.27609014371519375], [0.2210595443145597, 0.3095496650929681, 0.19290271780975954, 0.27648807278271276], [0.22367987514694157, 0.31395492901702343, 0.20254273829736147, 0.2598224575386738], [0.25817774673703914, 0.2878758893249833, 0.16196312434149973, 0.2919832395964779], [0.24081289812888224, 0.3163867351368519, 0.19734966387214656, 0.24545070286211967], [0.21815694217613785, 0.3489313960523085, 0.1769548539885518, 0.255956807783002], [0.2800485742810462, 0.26152208561409507, 0.22339394420623188, 0.23503539589862718], [0.283807982355297, 0.26103656505767225, 0.15733383807629003, 0.2978216145107408], [0.20826262764137962, 0.2844182365183674, 0.18894390731226593, 0.3183752285279871], [0.23009089749169395, 0.28070548617912444, 0.18650451103826066, 0.3026991052909214], [0.25863006559596796, 0.31531962111747325, 0.1702034202084508, 0.25584689307810804], [0.2624265537702763, 0.3082886312260944, 0.17375883290573504, 0.25552598209789446], [0.2354405391279416, 0.27228139523852535, 0.18234907545662035, 0.30992899017691256], [0.2791055868163416, 0.252984194370659, 0.19178938568861004, 0.27612083312438934], [0.25572321700569045, 0.3156137926487179, 0.17474451057648266, 0.25391847976910925], [0.24462063901037573, 0.2951343046329727, 0.20276163997148702, 0.2574834163851648], [0.25982284944111045, 0.30399789856670617, 0.19014797850719262, 0.24603127348499101], [0.2617968032464425, 0.29265777040814794, 0.15028238913975256, 0.29526303720565716], [0.22472325885040384, 0.2935208673979141, 0.2079410651108233, 0.273814808640859], [0.23305434948905748, 0.3168195767333767, 0.20081229763858605, 0.2493137761389798], [0.19481778075208012, 0.3265843141885692, 0.2291995008467505, 0.24939840421260018], [0.27629245317651513, 0.27750470315216674, 0.17345458744988407, 0.2727482562214341], [0.21244479700856508, 0.3383044719424293, 0.20516279311425542, 0.24408793793475048], [0.2614511671966231, 0.2807457594542149, 0.17393078799863915, 0.2838722853505229], [0.24568070658521932, 0.3319499118774474, 0.20517123547077243, 0.21719814606656093], [0.2744765663926858, 0.3028343352215811, 0.17767772911992805, 0.245011369265805], [0.26909666325156556, 0.308666866576242, 0.19378416342944035, 0.2284523067427522], [0.21773101094331454, 0.28542434787924353, 0.21425721472008308, 0.28258742645735907], [0.27404104407429464, 0.32350045079124584, 0.16608202459984422, 0.23637648053461535], [0.27297531558173266, 0.2979506706306699, 0.16379534476022706, 0.26527866902737063], [0.2258757533258539, 0.3058281255192079, 0.192527426588749, 0.27576869456618924], [0.20678957928921238, 0.2609553471154588, 0.2115383862221557, 0.32071668737317344], [0.21454982217590512, 0.27441856697624917, 0.21074004582085024, 0.30029156502699583], [0.23110217398366223, 0.2613872771895439, 0.21914666867473145, 0.28836388015206244], [0.29857017192232754, 0.2955757129942283, 0.14628370311381877, 0.25957041196962577], [0.24608528367247304, 0.3193062540481552, 0.16171794585900032, 0.27289051642037176], [0.21299381456889585, 0.3114605146873474, 0.2151811153431886, 0.26036455540056863], [0.2655180921537599, 0.2797269575217944, 0.18800936354287712, 0.2667455867815687], [0.28440442596563753, 0.3353378130334113, 0.14534919424022552, 0.23490856676072583], [0.18711272081471994, 0.3233144620947931, 0.20935330862706203, 0.2802195084634251], [0.22252505097229391, 0.29927034567601046, 0.18720279135900594, 0.29100181199268976], [0.2582705754378994, 0.2885346042316359, 0.1810208954673923, 0.2721739248630726], [0.2382022385828372, 0.31868043223563736, 0.1858890850906982, 0.25722824409082734], [0.27332576586813007, 0.3491154382397748, 0.15030677873876605, 0.22725201715332943], [0.18939942023054837, 0.3303086849977502, 0.20366323540270576, 0.27662865936899583], [0.2472340055564323, 0.3012017855547502, 0.1829115273585419, 0.2686526815302757], [0.22947295284243613, 0.3490596836382066, 0.16796829200560548, 0.25349907151375206], [0.23905474098984317, 0.3079899782142298, 0.20117399177835327, 0.25178128901757413], [0.28090605358298876, 0.30076838409717893, 0.16194265450778186, 0.25638290781205053], [0.2485509411199584, 0.3086190177519889, 0.21200155027924264, 0.23082849084881002], [0.2131849334308959, 0.32963021793376845, 0.1910042752127335, 0.2661805734226022], [0.24290824881747572, 0.2496433196610539, 0.19708980288972885, 0.31035862863174146], [0.22817612986507688, 0.29976250581517244, 0.18438655208552976, 0.2876748122342212], [0.16176125226830382, 0.32026747255546906, 0.25170638783075067, 0.26626488734547654], [0.22333014814838603, 0.3236680830865688, 0.1891880923876648, 0.2638136763773806], [0.24951875226410036, 0.30884506447256294, 0.1646474032825197, 0.2769887799808172], [0.25983263502708737, 0.2935438254080893, 0.1430492522226013, 0.3035742873422221], [0.2707275601384639, 0.2925402512615315, 0.17214846985896362, 0.26458371874104114], [0.20358982786198918, 0.3255077805165114, 0.23173662720891547, 0.2391657644125839], [0.2554583431108712, 0.35133320184278705, 0.15567145418827036, 0.2375370008580716], [0.23230876417011218, 0.3265306738069435, 0.18730434578196398, 0.25385621624098037], [0.2555066921486433, 0.3419232293180353, 0.15738531214044568, 0.24518476639287584], [0.24835225589222124, 0.28044058408413586, 0.18051532321993502, 0.29069183680370797], [0.18418681126978106, 0.3348704730926198, 0.19213885608917264, 0.28880385954842647], [0.27825319080910205, 0.2921573879961156, 0.14168055580746378, 0.2879088653873184], [0.22683554728456087, 0.35382705236575035, 0.16978440385095384, 0.2495529964987351], [0.1979015212661718, 0.2894259942661696, 0.24226101981993767, 0.27041146464772114], [0.19806829320893596, 0.3217711677483949, 0.18880566978886784, 0.2913548692538013], [0.21712578017622053, 0.31185510194005345, 0.23219535554860518, 0.2388237623351211]]}}