{"test": {"ids": ["111120260", "113122180", "111120640", "106111321", "101108080", "98110710", "101121640", "98109311", "97113900", "99112300", "102109010", "105113480", "102113210", "98109230", "98110230", "98106560", "101114990", "101113210", "108114220", "109117630", "98112580", "107114110", "98112170", "108116120", "105112260", "112119580", "105112130", "105110091", "107114200", "110120540", "99110730", "108118060", "97105451", "110117870", "107116980", "105111990", "104110960", "104119340", "100113210", "110116300", "104111880", "98116500", "110117140", "98107410", "108117451", "106113170", "110114651", "103111110", "105116650", "105116860", "109115211", "110121140", "108119510", "111115770", "99111340", "106114280", "102111990", "98112300", "112116800", "110118181", "101112540", "105115680", "112118511", "107121540", "112120700", "112118810", "99109141", "111119250", "104117200", "107115250", "113122190", "101111140", "113122510", "113120070", "102113981", "101111990", "112121430", "110115980", "103117200", "103111930", "106119260", "113122160", "112117580", "111118810", "105120280", "111116640", "102110750", "110119030", "104111780", "109118701", "107121700", "111121220", "111115780", "100109980", "98117740", "110114321", "98111231", "112116900", "97109570", "108115500", "99108710", "111120280", "108121190", "97109080", "98121790", "112117790", "109117431", "97116401", "99108890", "107117010", "109113931", "107120010", "98106880", "105112100", "106115250", "107114140", "104117630", "108116481", "104116441", "103111480", "99109860", "104111531", "113122170", "100113370", "102109910", "103120290", "111119300", "106121190", "99117630", "103111540", "111116411", "107113550", "111114321", "100108990", "113121220", "101114020", "110118630", "100108080", "110116290", "111118910", "101115190", "102114270"], "labels": [3, 2, 0, 0, 0, 2, 2, 1, 2, 0, 1, 0, 3, 1, 3, 1, 3, 3, 3, 0, 2, 1, 3, 1, 3, 3, 1, 0, 2, 1, 3, 1, 0, 3, 3, 2, 2, 1, 0, 3, 3, 2, 3, 3, 2, 0, 3, 3, 1, 2, 0, 3, 1, 3, 1, 3, 2, 2, 0, 1, 2, 2, 1, 2, 2, 3, 3, 1, 3, 2, 1, 2, 2, 2, 1, 2, 2, 1, 0, 3, 1, 3, 0, 0, 3, 0, 1, 0, 3, 3, 3, 3, 1, 1, 2, 1, 1, 3, 0, 3, 2, 0, 1, 2, 2, 3, 1, 3, 0, 1, 1, 1, 0, 1, 2, 2, 0, 0, 1, 0, 2, 0, 1, 3, 2, 2, 1, 2, 3, 1, 0, 0, 1, 2, 3, 3, 1, 0, 2, 0, 1, 3], "predicted_labels": [0, 1, 1, 1, 3, 1, 3, 3, 3, 3, 1, 1, 1, 3, 0, 0, 1, 3, 1, 0, 1, 3, 0, 0, 3, 1, 1, 1, 1, 1, 2, 3, 1, 1, 0, 1, 0, 1, 1, 0, 3, 1, 3, 1, 3, 1, 3, 1, 1, 3, 1, 1, 0, 0, 1, 1, 1, 0, 1, 1, 1, 1, 1, 3, 1, 3, 1, 3, 1, 3, 1, 3, 0, 0, 1, 1, 3, 3, 0, 1, 0, 1, 1, 3, 1, 1, 1, 3, 1, 1, 3, 3, 0, 1, 3, 1, 3, 3, 3, 2, 1, 0, 1, 3, 1, 3, 1, 3, 1, 1, 0, 1, 2, 3, 3, 0, 2, 3, 0, 3, 1, 0, 1, 1, 3, 1, 3, 2, 3, 1, 0, 2, 1, 1, 3, 3, 0, 1, 0, 3, 1, 1], "confidence_scores": [[0.4299620077870571, 0.3615778255322798, 0.037647448546168756, 0.1708127181344944], [0.14187865584659964, 0.4256622401168546, 0.08996858861447589, 0.3424905154220698], [0.15391688216188223, 0.6422467541329514, 0.04675330576040311, 0.15708305794476315], [0.3504677755669812, 0.3710241639406435, 0.09529431686186386, 0.18321374363051138], [0.16913763337334847, 0.24180526994811696, 0.11822501428773839, 0.4708320823907962], [0.24003890184168497, 0.3221749829227888, 0.11760787969900811, 0.32017823553651814], [0.1392613084076562, 0.313412932009527, 0.22533951823429546, 0.32198624134852116], [0.2795951452603614, 0.18907342009641184, 0.22241722370258937, 0.3089142109406375], [0.27320563378658547, 0.27427458175949293, 0.11979574183176049, 0.33272404262216104], [0.2482389151117353, 0.2012681115761024, 0.18841447152498902, 0.36207850178717343], [0.15138140184083032, 0.5175359175376775, 0.08664689615705486, 0.24443578446443737], [0.07550706100278691, 0.693300471440138, 0.03494620787554386, 0.19624625968153117], [0.2824897868900955, 0.4165660571325096, 0.10486363332377065, 0.1960805226536242], [0.08099142940896271, 0.2885902851550228, 0.2438163509684426, 0.38660193446757185], [0.39260356782344724, 0.19797942184487957, 0.04790251419875259, 0.3615144961329207], [0.29645450711647137, 0.2951600650992147, 0.11689508988172327, 0.29149033790259055], [0.20597989791591867, 0.425259526874557, 0.06516523566549463, 0.30359533954402973], [0.2643009760559103, 0.26521599680617314, 0.10712702678949748, 0.363356000348419], [0.19188142155753696, 0.575416849526704, 0.048999316873438954, 0.18370241204232002], [0.5378594232765062, 0.19992663604937289, 0.07658288749509891, 0.18563105317902212], [0.22717294567850668, 0.2903660219575153, 0.19479513995137065, 0.28766589241260737], [0.08652445242869251, 0.14207198492534892, 0.12405163597892403, 0.6473519266670346], [0.32213113029154117, 0.31141490858847365, 0.07815332543021698, 0.28830063568976805], [0.3708209361092915, 0.24599191894644948, 0.07711251432476472, 0.3060746306194945], [0.08874670805996383, 0.18395684643449317, 0.029495262833565246, 0.6978011826719778], [0.21012369919951676, 0.5336272127538675, 0.056140674717264076, 0.20010841332935186], [0.13521627950582576, 0.4218753400409686, 0.13664434965618358, 0.306264030797022], [0.18570931556116646, 0.3322737871172864, 0.15722711647883125, 0.3247897808427157], [0.16212593872856446, 0.41998938155079946, 0.08891247107581933, 0.32897220864481663], [0.2748051622375748, 0.28815435700997755, 0.19699020997491365, 0.24005027077753396], [0.17498104646707716, 0.25720696889319755, 0.2956902392641178, 0.27212174537560746], [0.350592696448267, 0.1841767039053978, 0.07096863220458566, 0.39426196744174935], [0.29816970084740024, 0.3953211525497457, 0.028937462011234028, 0.27757168459161996], [0.14808541085133473, 0.3772167142705476, 0.29754460729304993, 0.17715326758506772], [0.4292219914866433, 0.23580261089477372, 0.22883279868543419, 0.10614259893314887], [0.17226256425871797, 0.3894792455929959, 0.06626034897203992, 0.3719978411762463], [0.39227762551660517, 0.3227077606334657, 0.05574603916933669, 0.2292685746805926], [0.2589442503074489, 0.4466104638284775, 0.07681458882819073, 0.21763069703588278], [0.2272768978330902, 0.44983841355800547, 0.0800494801992055, 0.24283520840969888], [0.3289281647051198, 0.3168207730961765, 0.24184008235596835, 0.11241097984273547], [0.17326955248978915, 0.3519454273004737, 0.1112770516597786, 0.3635079685499588], [0.18144516247373915, 0.4224273056796512, 0.14487313965730753, 0.2512543921893021], [0.15757419445680132, 0.24608486392849968, 0.12035321664072962, 0.4759877249739695], [0.2607586739922701, 0.3138085294368526, 0.23226584164803793, 0.1931669549228394], [0.4030656204104549, 0.14029136637693448, 0.03398745301613926, 0.4226555601964713], [0.0354012314693643, 0.7912252466222268, 0.01804858679426309, 0.1553249351141459], [0.279917733055984, 0.1630518606248502, 0.258349369256222, 0.298681037062944], [0.14630268497038856, 0.5007432791038308, 0.08197643141468475, 0.2709776045110959], [0.1499184162778984, 0.6518965434188565, 0.12033961554316835, 0.07784542476007679], [0.05532451813174536, 0.22607513987154831, 0.06608296111024645, 0.6525173808864599], [0.23123464066037275, 0.3692752109955776, 0.11701803369575256, 0.2824721146482971], [0.2517826955856292, 0.3545126476216076, 0.18027728252932798, 0.2134273742634354], [0.44127510038172446, 0.19889774792281448, 0.044113801501814015, 0.31571335019364694], [0.4097240491800106, 0.23681824393159717, 0.11614033169904417, 0.23731737518934828], [0.1431909520124747, 0.3591222998283936, 0.33339782519051014, 0.16428892296862146], [0.2063900253309604, 0.3384042211324987, 0.19936758972375251, 0.25583816381278834], [0.3150692405852253, 0.3691024641487351, 0.08664747170699999, 0.22918082355903965], [0.60636132098025, 0.15560960163890228, 0.038808166505162715, 0.199220910875685], [0.1612029589442196, 0.5577445290947881, 0.06356315602294682, 0.21748935593804553], [0.14681021809404943, 0.5607272552832617, 0.17265003985081348, 0.11981248677187535], [0.156183758738942, 0.32644205037593993, 0.29352209040906785, 0.2238521004760504], [0.08638895527084028, 0.509173903229704, 0.09257347924426819, 0.3118636622551874], [0.20958414234499445, 0.34148671000654085, 0.17473265969074533, 0.2741964879577195], [0.22148320926681433, 0.31802310397869743, 0.05575154802571098, 0.4047421387287772], [0.2130372904126492, 0.2758828114205022, 0.25619687788911427, 0.25488302027773435], [0.15533727892558177, 0.24518854168029544, 0.15777759647157302, 0.44169658292254976], [0.2644517685129205, 0.3438675653371495, 0.15043933994722247, 0.24124132620270744], [0.2388564677291301, 0.20527734843346565, 0.1908581520592992, 0.36500803177810504], [0.2375762104837746, 0.45910088065774185, 0.06227356596082767, 0.24104934289765584], [0.26705644925709504, 0.3048197844574955, 0.07046987604527104, 0.35765389024013855], [0.2733667663729425, 0.32521468429922956, 0.17955599121316163, 0.22186255811466657], [0.12315770320206923, 0.2226631298803536, 0.12915288671150543, 0.5250262802060717], [0.30513665674945, 0.19559172103769107, 0.2753205415313832, 0.22395108068147582], [0.450341444961899, 0.31340797136044596, 0.08309119591576808, 0.1531593877618872], [0.2913893519717777, 0.31760107561528833, 0.1287101443201669, 0.26229942809276713], [0.16975213846970258, 0.49908612927121354, 0.0923870661000734, 0.23877466615901066], [0.2654151651107798, 0.31744574885451476, 0.09648130373565236, 0.32065778229905306], [0.23007712351423024, 0.2948176119199121, 0.1603008455996074, 0.31480441896625017], [0.3699554894412964, 0.26224673820587097, 0.09126900843923677, 0.2765287639135959], [0.16779969999222097, 0.6120261530985094, 0.0671653858791718, 0.15300876103009792], [0.37715949746999533, 0.13738693234518226, 0.226543640510616, 0.2589099296742065], [0.19516549827875912, 0.33387212291033025, 0.1678406024405868, 0.30312177637032367], [0.1657459426000743, 0.48657388478549596, 0.10967690879625322, 0.23800326381817674], [0.13607109956360616, 0.30743874905027696, 0.045069657959655465, 0.5114204934264615], [0.09314315053151596, 0.3553131171625943, 0.2025776486028711, 0.34896608370301874], [0.3354513126566659, 0.4675510360612455, 0.06295503135313231, 0.13404261992895633], [0.17416159069045317, 0.35122853523776887, 0.18363552592857016, 0.290974348143208], [0.24087148092691338, 0.30538690042902034, 0.0909140105796277, 0.36282760806443864], [0.14800644889941647, 0.41198741727305, 0.03300500168352587, 0.4070011321440077], [0.21743175743722934, 0.39757542297035514, 0.1864442119476595, 0.19854860764475596], [0.14964101135003574, 0.16428055399740554, 0.24666123638316428, 0.43941719826939435], [0.1821807879353362, 0.23826456301193222, 0.042882450137836245, 0.5366721989148955], [0.40685378706404923, 0.1520132204026729, 0.2072913614909369, 0.2338416310423409], [0.2254982525333817, 0.3494531329712628, 0.2783619008084629, 0.14668671368689262], [0.17416624182225424, 0.1602283417066635, 0.055244552462853334, 0.610360864008229], [0.29258840769930067, 0.3028066298439492, 0.1257957567822293, 0.27880920567452083], [0.21751631810289226, 0.27747949541284694, 0.18658296468581437, 0.31842122179844645], [0.318586967207488, 0.20480015960916853, 0.07189811812855047, 0.40471475505479304], [0.15700280120730947, 0.1352018577743578, 0.18450964175286255, 0.5232856992654701], [0.17975864875010122, 0.27645403257832435, 0.2845359477935909, 0.25925137087798367], [0.1159189822509648, 0.6745844892236772, 0.03389423494115299, 0.17560229358420498], [0.6219398784263289, 0.15982382596912798, 0.04670782527337581, 0.17152847033116717], [0.1259800771796539, 0.5049987880413109, 0.0668160967912091, 0.30220503798782616], [0.1386505059605856, 0.29364795439197544, 0.2140840393027046, 0.35361750034473444], [0.1511083031429469, 0.6166246895594943, 0.05579734588951127, 0.17646966140804748], [0.15479791180108643, 0.17432607999012548, 0.19462450293956648, 0.4762515052692217], [0.1253379285212614, 0.5321206927399831, 0.05687719779534891, 0.2856641809434067], [0.16917099022454354, 0.1929095637149754, 0.22659898857691288, 0.4113204574835682], [0.18106415739998247, 0.4768418471958064, 0.12210310715558755, 0.21999088824862342], [0.21638306777185026, 0.40909396391644764, 0.17769872375347, 0.19682424455823203], [0.3854574877493199, 0.2795708535030379, 0.04493328607910603, 0.29003837266853627], [0.2884203553221346, 0.3014730547799997, 0.2842950392029161, 0.12581155069494962], [0.23711328454599093, 0.28242015347493044, 0.2913802078595387, 0.18908635411954], [0.20335433475224385, 0.27690057714792154, 0.06072473314063422, 0.45902035495920046], [0.25739751961350227, 0.12663825824590427, 0.28843183439467884, 0.32753238774591464], [0.341726171412688, 0.20124775119444108, 0.20754431362147893, 0.24948176377139192], [0.20478345411692597, 0.16548033953704896, 0.47133130094077147, 0.1584049054052535], [0.11546802291369755, 0.3198269003625357, 0.038375171120655215, 0.5263299056031115], [0.38284604564279595, 0.21072381647929986, 0.1365093548940125, 0.2699207829838917], [0.17793080289580604, 0.26936415956090615, 0.22661746163442661, 0.32608757590886117], [0.2830546401818972, 0.31884669061141835, 0.1888552379481406, 0.20924343125854403], [0.5161969272708571, 0.1816618015340028, 0.04320418711206418, 0.25893708408307603], [0.10728674529856157, 0.3381654680958276, 0.23502056515975958, 0.3195272214458511], [0.13069949055429556, 0.5807943146782714, 0.07379709667096311, 0.21470909809647007], [0.311167578662647, 0.2031688622815873, 0.1530957956199372, 0.33256776343582867], [0.22259304335007796, 0.3121501123260612, 0.298055317696421, 0.16720152662743984], [0.14410775439266052, 0.2891470045263463, 0.08716601769765499, 0.47957922338333825], [0.14456423427059942, 0.24522384419113324, 0.35480718549165774, 0.2554047360466095], [0.2702774844990067, 0.14545090518308218, 0.0371073986173068, 0.5471642117006043], [0.27848295777177556, 0.34850205458694816, 0.14675858894339724, 0.22625639869787903], [0.5929132236020042, 0.18558316324878732, 0.0637973968121958, 0.1577062163370128], [0.2694983830547154, 0.13368895702134267, 0.44354197114203586, 0.15327068878190608], [0.20431250075886176, 0.635958217245242, 0.04792526405393317, 0.11180401794196294], [0.2159584654752735, 0.46029870420858976, 0.08046808171542265, 0.24327474860071413], [0.26490862622367334, 0.23596576579097778, 0.06779926267761838, 0.43132634530773056], [0.11307816515709636, 0.2587075575919083, 0.22421778427919625, 0.40399649297179907], [0.5697323384711203, 0.08906280012979707, 0.16528746580406956, 0.17591739559501315], [0.16523913534212237, 0.6090570285081126, 0.05236917597159429, 0.17333466017817084], [0.4582915872587585, 0.21070853351634572, 0.1437604104896316, 0.18723946873526418], [0.30352909025537583, 0.19347837557924394, 0.19072115806698003, 0.3122713760984004], [0.15962084816775252, 0.38936300466770857, 0.1913526591101223, 0.25966348805441664], [0.2285978641198471, 0.33204519693668083, 0.15706564848576882, 0.28229129045770346]]}, "rewritten": {"ids": ["97105451", "97109080", "97109570", "97113900", "97116401", "98106560", "98106880", "98107410", "98109230", "98109311", "98110230", "98110710", "98111231", "98112170", "98112300", "98112580", "98116500", "98117740", "98121790", "99108710", "99108890", "99109141", "99109860", "99110730", "99111340", "99112300", "99117630", "100108080", "100108990", "100109980", "100113210", "100113370", "101108080", "101111140", "101111990", "101112540", "101113210", "101114020", "101114990", "101115190", "101121640", "102109010", "102109910", "102110750", "102111990", "102113210", "102113981", "102114270", "103111110", "103111480", "103111540", "103111930", "103117200", "103120290", "104110960", "104111531", "104111780", "104111880", "104116441", "104117200", "104117630", "104119340", "105110091", "105111990", "105112100", "105112130", "105112260", "105113480", "105115680", "105116650", "105116860", "105120280", "106111321", "106113170", "106114280", "106115250", "106119260", "106121190", "107113550", "107114110", "107114140", "107114200", "107115250", "107116980", "107117010", "107120010", "107121540", "107121700", "108114220", "108115500", "108116120", "108116481", "108117451", "108118060", "108119510", "108121190", "109113931", "109115211", "109117431", "109117630", "109118701", "110114321", "110114651", "110115980", "110116290", "110116300", "110117140", "110117870", "110118181", "110118630", "110119030", "110120540", "110121140", "111114321", "111115770", "111115780", "111116411", "111116640", "111118810", "111118910", "111119250", "111119300", "111120260", "111120280", "111120640", "111121220", "112116800", "112116900", "112117580", "112117790", "112118511", "112118810", "112119580", "112120700", "112121430", "113120070", "113121220", "113122160", "113122170", "113122180", "113122190", "113122510"], "labels": [0, 2, 0, 2, 3, 1, 0, 3, 1, 1, 3, 2, 1, 3, 2, 2, 2, 2, 2, 2, 0, 3, 2, 3, 1, 0, 3, 0, 2, 1, 0, 3, 0, 2, 2, 2, 3, 3, 3, 1, 2, 1, 2, 1, 2, 3, 1, 3, 3, 0, 1, 3, 0, 2, 2, 0, 3, 3, 1, 3, 0, 1, 0, 2, 1, 1, 3, 0, 2, 1, 2, 3, 0, 0, 3, 2, 1, 2, 0, 1, 2, 2, 2, 3, 1, 1, 2, 3, 3, 3, 1, 0, 2, 1, 1, 1, 1, 0, 1, 0, 3, 1, 3, 1, 2, 3, 3, 3, 1, 1, 0, 1, 3, 1, 3, 1, 0, 0, 0, 0, 1, 1, 3, 0, 0, 3, 0, 3, 0, 3, 1, 3, 3, 2, 2, 2, 3, 3, 1, 2, 1, 2], "predicted_labels": [0, 1, 0, 1, 3, 3, 2, 3, 3, 0, 0, 3, 1, 1, 3, 0, 1, 3, 2, 1, 1, 1, 1, 1, 2, 3, 3, 3, 0, 2, 3, 1, 3, 3, 1, 2, 3, 1, 3, 1, 1, 1, 0, 3, 1, 1, 0, 3, 1, 1, 1, 1, 1, 0, 1, 0, 1, 3, 0, 3, 0, 1, 3, 1, 1, 1, 3, 1, 1, 2, 1, 1, 3, 1, 3, 1, 0, 1, 3, 3, 2, 1, 0, 0, 0, 0, 1, 3, 1, 1, 0, 1, 0, 3, 1, 0, 0, 3, 1, 0, 1, 1, 3, 3, 0, 0, 3, 2, 1, 0, 3, 3, 0, 1, 1, 0, 0, 1, 1, 1, 3, 3, 0, 0, 1, 3, 1, 0, 1, 3, 3, 3, 1, 1, 0, 3, 3, 2, 3, 3, 3, 2], "confidence_scores": [[0.4462358364291672, 0.30124140954787465, 0.04886389822169452, 0.20365885580126358], [0.10799533018598612, 0.4356857747515641, 0.10916335492326175, 0.34715554013918803], [0.32341802954911175, 0.20350923502546986, 0.2004710606504542, 0.2726016747749641], [0.1705532836916325, 0.5243450189448117, 0.10154193437396859, 0.20355976298958725], [0.19515861181148172, 0.16101577677489243, 0.25649481197124707, 0.3873307994423788], [0.29226937953379467, 0.1727717629297207, 0.057061549213911496, 0.47789730832257304], [0.13926721641069842, 0.28315863017180576, 0.3135013962284906, 0.26407275718900514], [0.24336709044781396, 0.1763683790103626, 0.23851466468530447, 0.3417498658565188], [0.15959620032448757, 0.12992728765225256, 0.325281954478979, 0.3851945575442809], [0.28414464738674233, 0.2234759091044238, 0.28177417424276296, 0.21060526926607098], [0.326947833638617, 0.30032815473921914, 0.04831909485530778, 0.32440491676685596], [0.24818672298278766, 0.19532192681132277, 0.1535915728979317, 0.40289977730795795], [0.2781154552975769, 0.27891919445744695, 0.271354273692998, 0.1716110765519782], [0.19944516349593214, 0.47147378593090467, 0.10660017284832048, 0.22248087772484273], [0.18620044398427715, 0.3358403164106325, 0.08645169443611395, 0.3915075451689765], [0.3068392151127735, 0.1306729215548765, 0.29740479392920655, 0.26508306940314347], [0.25411826719422703, 0.36012705404398243, 0.1077807630493629, 0.2779739157124279], [0.19596674650584509, 0.3123416463343612, 0.08388782689427111, 0.4078037802655225], [0.11442937246484461, 0.26313771755519666, 0.3407960084867519, 0.2816369014932069], [0.08599495292009071, 0.6692122819334663, 0.08889832310392341, 0.1558944420425196], [0.1946530378634923, 0.5343389261465888, 0.08356267542230511, 0.1874453605676138], [0.24689735346397026, 0.4215175670291011, 0.08359964456377542, 0.24798543494315334], [0.23129918727755286, 0.3652447235448215, 0.09456671886670702, 0.30888937031091873], [0.09205360270739045, 0.5142444800734476, 0.06030867365197663, 0.33339324356718536], [0.1523065731966749, 0.22107594187143736, 0.3420459491194814, 0.28457153581240635], [0.2813356370978421, 0.24144533385163452, 0.14004863955795677, 0.3371703894925668], [0.287316524322504, 0.23853015746385967, 0.059169621030579725, 0.4149836971830567], [0.3355261445341147, 0.25060854226532264, 0.07652080939774225, 0.33734450380282033], [0.3272144035006032, 0.22377675792896992, 0.13558797751953505, 0.31342086105089173], [0.168194885002009, 0.32571416512872736, 0.34731546346348563, 0.15877548640577793], [0.09309547089993338, 0.21702763424609714, 0.11801386549937344, 0.5718630293545961], [0.10756913861590502, 0.5380448155840729, 0.0955728618036386, 0.2588131839963834], [0.1937583976848703, 0.24742776950865772, 0.1574949535832418, 0.4013188792232302], [0.13687475820011472, 0.20708108781480192, 0.1038209203045667, 0.5522232336805167], [0.1527936806262135, 0.4928402161776475, 0.11883569802851288, 0.23553040516762602], [0.11307804390865994, 0.24322592928493447, 0.3886136126171667, 0.255082414189239], [0.3614855507757054, 0.19500136277864058, 0.07555259700636144, 0.36796048943929277], [0.12105165917276957, 0.3856471966474628, 0.2061354888375538, 0.2871656553422139], [0.14913493505584022, 0.3750020093803523, 0.05970125337661397, 0.4161618021871935], [0.1666988492789657, 0.45506812971166843, 0.15048937093064685, 0.22774365007871922], [0.11973807095272132, 0.39628405181973864, 0.18229436049455947, 0.30168351673298055], [0.18167922831446828, 0.5054288754899873, 0.1857671246937422, 0.1271247715018023], [0.28648773544199085, 0.17776683179702496, 0.2763161776359255, 0.25942925512505866], [0.17734982205289634, 0.20108618618038013, 0.17243237389335908, 0.44913161787336436], [0.33527367870542807, 0.47582496442599787, 0.04262864662685876, 0.14627271024171526], [0.18669208220029979, 0.4773471963402118, 0.08833942684330254, 0.24762129461618607], [0.318587546384969, 0.26780380170780393, 0.2105938535017545, 0.20301479840547254], [0.18490833695679829, 0.3108151515537639, 0.10870853244639905, 0.3955679790430389], [0.11823576898359148, 0.6078767444428251, 0.07026075714957915, 0.20362672942400428], [0.2740306612311568, 0.3690764873667416, 0.056602166827496685, 0.3002906845746051], [0.2534131426053513, 0.39574010328607306, 0.08418159908574337, 0.2666651550228323], [0.1483436442835608, 0.612931039894565, 0.11999218964354491, 0.11873312617832944], [0.2231800947625344, 0.3815078886618507, 0.0995476471670445, 0.2957643694085705], [0.33036919324277875, 0.16083174703941547, 0.23802455015011137, 0.2707745095676944], [0.25094546121642514, 0.3528667597362552, 0.08568434043233308, 0.3105034386149866], [0.36262121754578897, 0.22906989565194083, 0.054167305158749096, 0.35414158164352116], [0.1310803426757122, 0.5991043932655339, 0.03577212506065363, 0.23404313899810045], [0.16444801221664873, 0.2349157364289813, 0.14292776403873808, 0.45770848731563196], [0.40786535397808, 0.20791133159316288, 0.11438642047903931, 0.26983689394971794], [0.283614689621576, 0.31182095184578573, 0.07215639677939167, 0.3324079617532469], [0.2878417372943398, 0.2320704894764536, 0.27154789542701324, 0.2085398778021933], [0.09432259531451914, 0.6727411901929126, 0.0667797670900621, 0.16615644740250626], [0.16209661408010054, 0.28945854054262704, 0.2237336444134526, 0.3247112009638199], [0.10390526455213486, 0.4339258450966702, 0.10441170165991967, 0.3577571886912754], [0.1301228099900433, 0.5049888199330382, 0.06220331094695743, 0.30268505912996113], [0.10473948584059997, 0.6510479906012012, 0.05862006254586981, 0.18559246101232904], [0.19986717884426292, 0.16244452769275247, 0.06875749293686932, 0.5689308005261153], [0.16762690692097723, 0.3753854824849406, 0.12441750348016063, 0.33257010711392165], [0.1469032445478706, 0.5953516948557162, 0.09451406561897639, 0.16323099497743693], [0.26907981620030014, 0.27804196964416295, 0.33017646511441967, 0.12270174904111723], [0.09168458013485668, 0.3992105379432168, 0.12460191926681363, 0.3845029626551129], [0.21400756940454263, 0.33401419936863863, 0.16407186345742641, 0.28790636776939244], [0.2078433856464294, 0.26673453634136046, 0.07253211188777778, 0.4528899661244324], [0.05054826756843399, 0.7126885814415271, 0.041875222744731974, 0.19488792824530696], [0.13804840626684237, 0.3240452500441047, 0.21347388951471344, 0.3244324541743394], [0.2096806531020935, 0.35455033284498516, 0.14362353893503846, 0.29214547511788297], [0.5496471151659097, 0.13933467779482692, 0.08360626600700583, 0.22741194103225765], [0.1668216278215986, 0.4344098548829107, 0.212571143668593, 0.1861973736268977], [0.2512568196199253, 0.19468631830488115, 0.2286998790698918, 0.32535698300530186], [0.0684066624862122, 0.17089828811750116, 0.1243764102116969, 0.6363186391845899], [0.20342269320822243, 0.19908633512622137, 0.4351938702649046, 0.1622971014006516], [0.16527130225252373, 0.443308612129264, 0.07785642784379931, 0.3135636577744129], [0.3143414031402791, 0.2646203115165916, 0.12050041972385961, 0.3005378656192697], [0.44006328391211735, 0.1808863125784572, 0.23582274719210164, 0.14322765631732384], [0.318432529978653, 0.31234394970442186, 0.12145919517895085, 0.24776432513797453], [0.28649758389314756, 0.27441486801883624, 0.17242508225092984, 0.2666624658370864], [0.1324982386369308, 0.5588322761139332, 0.07291931800264795, 0.23575016724648815], [0.13160959659822138, 0.2039493064735167, 0.24893442964165777, 0.4155066672866042], [0.20318064234418828, 0.4651502376843897, 0.09387463762053604, 0.23779448235088604], [0.1308017627297426, 0.49147171388704536, 0.1955618606629165, 0.1821646627202957], [0.3928680470171416, 0.2750654010015414, 0.1570943045693263, 0.17497224741199066], [0.2081316162976675, 0.4662718835497226, 0.0628302323519555, 0.2627662678006545], [0.3914612004448903, 0.16840812970345898, 0.06904017212940808, 0.3710904977222426], [0.2869102721929471, 0.2677937512900285, 0.09457192098233404, 0.3507240555346902], [0.36163863448760547, 0.45362272276438503, 0.04847404368477639, 0.13626459906323302], [0.3537050328270205, 0.3256347682825763, 0.06256241053627119, 0.2580977883541321], [0.38779803201976554, 0.3348595235428448, 0.050262314374425236, 0.22708013006296446], [0.18253429056261186, 0.23407677776417402, 0.09619228820335, 0.48719664346986424], [0.1440555301157992, 0.5939503385971129, 0.03951281423911772, 0.22248131704797028], [0.42050307513178153, 0.22170343162823783, 0.15894543302948383, 0.19884806021049678], [0.22303600290164938, 0.39448940437367885, 0.22219414688918662, 0.16028044583548517], [0.1815295310156101, 0.2911874743742758, 0.2660941214371645, 0.2611888731729497], [0.32689619727394925, 0.13282430203123324, 0.13681207197954634, 0.4034674287152711], [0.27816767425403194, 0.19827971860533952, 0.1402020282358991, 0.3833505789047294], [0.4798800489344939, 0.188321851205811, 0.11489329474358591, 0.2169048051161093], [0.3265550071112063, 0.25066422513174036, 0.17810823762347844, 0.24467253013357487], [0.12538753335822328, 0.23927872182898094, 0.21817021174845233, 0.41716353306434356], [0.1400476395750285, 0.28480200511029297, 0.4043112971149607, 0.17083905819971795], [0.12765156755352866, 0.673530657620352, 0.04911684809695275, 0.14970092672916657], [0.37947319321039985, 0.2389994545140764, 0.16236919247726658, 0.2191581597982572], [0.26838899217002254, 0.29778244890946837, 0.11022018356779986, 0.32360837535270925], [0.2195237249504552, 0.20083843267674004, 0.16699760191681925, 0.4126402404559855], [0.3383223240652259, 0.2897646067483958, 0.17684797050743595, 0.1950650986789422], [0.2084595422987974, 0.4981669216917486, 0.07163990664068519, 0.22173362936876892], [0.27255032732047463, 0.3448462562895096, 0.13865238011270775, 0.24395103627730805], [0.32922017741231174, 0.2159672708435717, 0.2097966696409745, 0.24501588210314212], [0.4445218782060484, 0.27838394975047787, 0.0910492566659517, 0.18604491537752196], [0.3072408516086715, 0.42462449460154034, 0.09004718977183315, 0.17808746401795497], [0.19913382707542815, 0.3483580491235274, 0.128872347943831, 0.3236357758572134], [0.1360849939288943, 0.40075029093456266, 0.10898876917323137, 0.35417594596331164], [0.26454540884438665, 0.14885587893193666, 0.2122496826444626, 0.3743490295792142], [0.08708033833349138, 0.20062571066807425, 0.03726215397439588, 0.6750317970240385], [0.4828033939774113, 0.3008340157989599, 0.0369657363740488, 0.17939685384957993], [0.3387902477165555, 0.30635511771103763, 0.08842014488212958, 0.26643448969027733], [0.2685868966001167, 0.49808987191434806, 0.08589366668053175, 0.1474295648050036], [0.14857476632518793, 0.3434532454282284, 0.10845989635284245, 0.3995120918937411], [0.14471201765539066, 0.42062045517465124, 0.0781848225827143, 0.3564827045872439], [0.5550868359706554, 0.15818099871396957, 0.046283782639154995, 0.24044838267622004], [0.25204758557034757, 0.4678051439703285, 0.08912678592609531, 0.19102048453322865], [0.2127501271026362, 0.27172091875167964, 0.2105242573578174, 0.30500469678786685], [0.16820393428890995, 0.33726041969304793, 0.1391719837958701, 0.3553636622221721], [0.18002951021625296, 0.21622280207074904, 0.1518376945720046, 0.45190999314099345], [0.26608389208898936, 0.4775193852912893, 0.053241603260947894, 0.2031551193587734], [0.1552300344061409, 0.3917305979961933, 0.1228927280412886, 0.3301466395563773], [0.4851685060374412, 0.20402393846816633, 0.08836144706100135, 0.22244610843339127], [0.22632897288924966, 0.264161954039148, 0.10627963204446479, 0.4032294410271375], [0.09920850940718312, 0.20096132931104893, 0.07981484464095466, 0.6200153166408134], [0.12245337230958854, 0.19759674741529662, 0.42128859035451854, 0.25866128992059617], [0.07610386955258783, 0.1591752998705905, 0.12554925302501174, 0.6391715775518099], [0.07629188327487546, 0.2607941306358761, 0.0494430850780463, 0.6134709010112022], [0.287983870315021, 0.257050227466024, 0.14886069222505854, 0.30610520999389645], [0.2563526499875692, 0.15625150959745138, 0.3225420005336776, 0.26485383988130173]]}}