{"test": {"ids": ["105110091", "106114011", "111114171", "110115140", "97110950", "113118231", "112121360", "99117630", "105113330", "108116070", "100120780", "102117351", "97107040", "104114410", "100108080", "110121720", "103111110", "106116441", "106114150", "101119591", "113119360", "102109850", "111118910", "113122320", "98116940", "111116170", "100116790", "107119130", "112118890", "111115400", "98108410", "97116500", "110120640", "105110251", "108117720", "97107260", "103111540", "107116300", "105116501", "97105580", "106118520", "101110150", "102110240", "109115380", "109120150", "104111550", "98107210", "105121370", "109115220", "112118880", "111116110", "105112100", "100116500", "99111930", "104116800", "105112130", "105116650", "108118630", "98106111", "113118421", "111119250", "97108520", "104114320", "103120780", "108114180", "112117431", "106117650", "110115580", "106115120", "98110710", "104111880", "110118301", "103113610", "110116501", "107115250", "110118111", "103110220", "111116640", "113122430", "104113190", "112119980", "101112690", "110115890", "103109791", "109117110", "107113840", "99109161", "110120531", "109119460", "103112641", "108115870", "106115250", "111116411", "108115250", "107114621", "103120340", "105113260", "105116860", "112118471", "111116750", "109121351", "101110740", "113121410", "101111620", "99112840", "113121010", "105115380", "97118210", "113119450", "97106770", "106115240", "99113260", "101119030", "100108520", "97116790", "106116820", "104117200", "107114950", "101108580", "108118810", "108114270", "113122220", "112116401", "112116850", "106114280", "98109090", "109116930", "107121640", "105111990", "110120540", "108118301", "109117630", "107118780", "99107950", "111120540", "104111711", "99108310", "105120621", "97116800", "106119580", "107118820", "110121170"], "labels": [0, 1, 3, 0, 3, 3, 3, 3, 3, 1, 1, 1, 2, 1, 0, 3, 3, 0, 1, 0, 0, 1, 0, 1, 2, 0, 2, 1, 3, 0, 1, 2, 0, 0, 1, 2, 1, 0, 1, 1, 2, 1, 3, 3, 2, 1, 1, 2, 3, 1, 3, 1, 2, 1, 1, 1, 1, 1, 0, 3, 1, 2, 2, 1, 1, 0, 1, 1, 1, 2, 3, 1, 2, 3, 2, 1, 2, 0, 2, 3, 0, 1, 2, 3, 1, 3, 3, 0, 1, 3, 3, 2, 0, 1, 0, 1, 3, 2, 1, 3, 0, 3, 0, 3, 2, 2, 1, 2, 3, 3, 1, 0, 3, 2, 2, 1, 3, 3, 0, 1, 3, 1, 0, 0, 3, 1, 0, 1, 2, 1, 1, 0, 1, 1, 1, 1, 2, 1, 0, 3, 3, 2], "predicted_labels": [0, 0, 0, 1, 0, 1, 1, 3, 1, 3, 1, 0, 2, 0, 3, 3, 3, 1, 1, 1, 3, 0, 3, 3, 1, 1, 2, 1, 0, 0, 0, 2, 1, 0, 0, 2, 1, 3, 3, 1, 1, 3, 0, 3, 3, 3, 0, 1, 1, 3, 3, 3, 3, 0, 1, 0, 0, 3, 2, 0, 1, 1, 2, 0, 0, 1, 3, 3, 3, 2, 0, 0, 2, 3, 3, 0, 0, 0, 1, 0, 1, 2, 1, 0, 1, 0, 3, 0, 1, 0, 1, 0, 0, 3, 1, 3, 1, 1, 0, 3, 3, 1, 1, 1, 0, 1, 2, 3, 3, 0, 1, 0, 3, 2, 0, 3, 3, 3, 0, 3, 0, 0, 3, 3, 0, 1, 3, 0, 2, 2, 3, 1, 3, 0, 0, 0, 1, 3, 1, 2, 1, 3], "confidence_scores": [[0.346740077045204, 0.2571461716423563, 0.14275879148579945, 0.25335495982664036], [0.4661552308042635, 0.103561507304515, 0.268297051168904, 0.1619862107223174], [0.2989685675979897, 0.20316652822822395, 0.22635632013963505, 0.27150858403415135], [0.2591962421757943, 0.3793134155940805, 0.19102182749386953, 0.17046851473625577], [0.3195912206278381, 0.19489086024497834, 0.1886726747898614, 0.2968452443373221], [0.2320417504809671, 0.30489681785918193, 0.18179072065234705, 0.281270711007504], [0.24387665318648738, 0.30975968227331685, 0.1551986717516863, 0.2911649927885096], [0.2504839597904618, 0.26759911632085587, 0.21002906348412606, 0.27188786040455626], [0.22629604433664596, 0.42955421704244595, 0.099225725318758, 0.24492401330215008], [0.2625189400513461, 0.22461591747827112, 0.20293078415922222, 0.30993435831116056], [0.2070002647684218, 0.28098547650579747, 0.2715025230000422, 0.24051173572573856], [0.4956001813287897, 0.16374120383823135, 0.10578032145450206, 0.23487829337847682], [0.18188935731670328, 0.22483576428306437, 0.40340125627909673, 0.18987362212113573], [0.2809850879007753, 0.23366208868733826, 0.21466307435033888, 0.2706897490615476], [0.17523663063632783, 0.1353997082689466, 0.15664930051996714, 0.5327143605747583], [0.25773499539849515, 0.22889481730098019, 0.16078728134801118, 0.3525829059525135], [0.1399871890133839, 0.346430624198061, 0.10615986895548996, 0.4074223178330653], [0.23152491501899233, 0.4396380371603775, 0.11711454831014553, 0.21172249951048472], [0.22786682357935903, 0.3057467876406762, 0.19491879482368665, 0.2714675939562781], [0.21674437420529638, 0.3190612589722575, 0.20621675417891733, 0.2579776126435289], [0.20531813232296378, 0.27660067222543744, 0.1599075026967429, 0.35817369275485617], [0.2734651846440136, 0.25820879331654156, 0.24582959337398935, 0.22249642866545555], [0.22527513985748046, 0.12106576825089102, 0.11126938681335163, 0.542389705078277], [0.2838873027247209, 0.24056855307746502, 0.12746674675071293, 0.34807739744710114], [0.2623239792385424, 0.3382665495327564, 0.1521898721753924, 0.24721959905330868], [0.21753672206601873, 0.354522724263066, 0.1549221745695802, 0.27301837910133503], [0.2167977578013445, 0.20394685037617558, 0.32126004148030274, 0.25799535034217724], [0.16291121292448651, 0.46738253102783345, 0.18984075013418475, 0.17986550591349532], [0.31075368864322955, 0.2505351935080266, 0.16755516787574976, 0.2711559499729942], [0.3070982030611562, 0.20773333293201085, 0.17954491991101704, 0.30562354409581605], [0.27377333387686814, 0.27343179396242606, 0.19710017271716138, 0.2556946994435444], [0.22771340705786136, 0.23879949278039034, 0.34198757915748473, 0.19149952100426362], [0.2805614702398892, 0.3215588502133215, 0.15797663204346687, 0.23990304750332267], [0.3859380578636033, 0.2992423630708078, 0.11316507336271034, 0.20165450570287863], [0.3993339705694698, 0.16652668206416302, 0.14162717445129264, 0.2925121729150744], [0.22510172419101587, 0.16600891895531208, 0.3302121185320045, 0.27867723832166746], [0.1927214353517606, 0.4156951528334928, 0.1771823766960506, 0.21440103511869593], [0.15039994022267592, 0.2293057504910752, 0.17487927667228903, 0.44541503261395987], [0.2278281153896428, 0.1694353722113394, 0.1736714706818424, 0.42906504171717536], [0.25484981515081734, 0.3867519648458469, 0.15606373598644974, 0.20233448401688614], [0.13659803523821223, 0.40133701063405375, 0.22029850270917242, 0.24176645141856162], [0.19014024505823793, 0.29538026506893095, 0.13056313209294063, 0.3839163577798905], [0.3171710083249473, 0.2117255097564337, 0.1854793787313972, 0.28562410318722176], [0.21860066374668358, 0.14560321659735218, 0.251718718337793, 0.38407740131817125], [0.15991176305883026, 0.3031329999368524, 0.17119518504959688, 0.36576005195472056], [0.1394708423407881, 0.32048587087916275, 0.14135144663694954, 0.3986918401430995], [0.27849928723164563, 0.18739748192759684, 0.27698776585989726, 0.2571154649808603], [0.09616450288871689, 0.5002854626902333, 0.13585065065796437, 0.2676993837630854], [0.27352269473210844, 0.38533677418486395, 0.12199000100957767, 0.2191505300734499], [0.21152936722470092, 0.14593319942187005, 0.18263709194749847, 0.4599003414059306], [0.20369658073997407, 0.2928162649238147, 0.17026586691349327, 0.3332212874227181], [0.16337255106831816, 0.20138819967070976, 0.15132496831957268, 0.48391428094139943], [0.17899049492686578, 0.3103375090381187, 0.16693706232240094, 0.3437349337126146], [0.2752361544405803, 0.2490766150154809, 0.23324595222477099, 0.24244127831916798], [0.17567626792748148, 0.4106703457507376, 0.14024908739106504, 0.27340429893071594], [0.3766680966542908, 0.26138642557264913, 0.17086624878993548, 0.19107922898312468], [0.3031500525986297, 0.27952639511589505, 0.2143368137077126, 0.20298673857776267], [0.18759955727834188, 0.19665288606614634, 0.289296509148673, 0.3264510475068387], [0.2353614682588485, 0.21320035979172666, 0.37175961581412964, 0.17967855613529546], [0.335684810246902, 0.28655109853409005, 0.13586379047863242, 0.24190030074037552], [0.27641382544629967, 0.3184474163358784, 0.21531222140711356, 0.1898265368107084], [0.17217627898357457, 0.35387894408645076, 0.2826683053942354, 0.19127647153573943], [0.17682707918543342, 0.21158335854476282, 0.3648573341910424, 0.24673222807876152], [0.32297744708381637, 0.2517920253337919, 0.1550853803264381, 0.2701451472559536], [0.35117076477016, 0.3205970959779893, 0.11616613742531773, 0.21206600182653315], [0.27517698887792924, 0.36846263476872887, 0.1239074753467872, 0.23245290100655477], [0.20237151499779285, 0.2489168051647929, 0.16704195290533805, 0.38166972693207624], [0.1334928788687328, 0.1303036443178599, 0.2935940687320153, 0.442609408081392], [0.2429053632575312, 0.23714369545650557, 0.20735668102793392, 0.3125942602580293], [0.12207730402227188, 0.21206812918094306, 0.3709297996951731, 0.29492476710161203], [0.2835605579837268, 0.22844392645722744, 0.20664127188325482, 0.281354243675791], [0.3652232032616921, 0.22415021062732413, 0.07559636498076293, 0.3350302211302211], [0.15998138927070427, 0.07278831855760418, 0.6397754487661059, 0.1274548434055856], [0.2745583681850402, 0.20408480984043254, 0.13888258752680638, 0.38247423444772094], [0.2245104824950169, 0.29363229576420674, 0.15412078608691804, 0.3277364356538583], [0.335798543271816, 0.22205072272757817, 0.1348809375929953, 0.30726979640761054], [0.3024086111333626, 0.271095029481391, 0.2836531576846296, 0.14284320170061682], [0.3163728893897658, 0.22822237703279288, 0.1810542388558847, 0.27435049472155665], [0.26511792794906464, 0.332417242334317, 0.12240718235437394, 0.2800576473622445], [0.3326372341799018, 0.3006145597094266, 0.18693589031652932, 0.17981231579414217], [0.22984295547009753, 0.42021963314130684, 0.1247858522867086, 0.22515155910188708], [0.23174243302037198, 0.18568719591971347, 0.38268426239889547, 0.19988610866101914], [0.19665059202540472, 0.474449183272607, 0.13152489319864602, 0.1973753315033422], [0.3539168967140147, 0.28714367782366645, 0.11596716400583298, 0.242972261456486], [0.25155973038915597, 0.29185716919098154, 0.16762553425269916, 0.2889575661671633], [0.3537747915444167, 0.17297505265237406, 0.13374985418676838, 0.3395003016164409], [0.2465355945087386, 0.1892353845529442, 0.26843780584827626, 0.295791215090041], [0.3604660717960594, 0.223120445480112, 0.1513864150829854, 0.2650270676408433], [0.30690334987234125, 0.3350931560399666, 0.12203076991708975, 0.23597272417060255], [0.4384948072432267, 0.1688580335827375, 0.17528250225508757, 0.21736465691894824], [0.19949463340082657, 0.5112730220068238, 0.11253064834970963, 0.17670169624263984], [0.3997757773056273, 0.24153901056507343, 0.1519693548672874, 0.20671585726201197], [0.36856071659005024, 0.1309332371919808, 0.20162056507579038, 0.29888548114217856], [0.2907874249869141, 0.2403644818571719, 0.12694542577872434, 0.34190266737718966], [0.27081281889291275, 0.3742531513267039, 0.11447432912511085, 0.2404597006552727], [0.2162433717618795, 0.16576429774632528, 0.252872215625181, 0.36512011486661444], [0.31105524624017145, 0.3878870508244272, 0.10986706685194154, 0.19119063608345974], [0.2604932314929627, 0.3154944209880507, 0.15880702414712583, 0.26520532337186087], [0.3316307349975532, 0.2781460658808914, 0.14572537988486603, 0.24449781923668962], [0.2640873149213833, 0.1947999115440072, 0.1498545806113007, 0.3912581929233087], [0.2538763786678598, 0.24122796301170035, 0.1795531473090493, 0.3253425110113907], [0.24022491204532315, 0.29786791552269126, 0.24086654926487644, 0.22104062316710918], [0.28130669066961156, 0.36144301792694083, 0.11404407830951992, 0.24320621309392795], [0.24658505253291507, 0.3728854139494543, 0.1086128983896326, 0.27191663512799813], [0.3188917893407313, 0.11143839693286753, 0.25923371811902113, 0.31043609560738017], [0.24971448313318273, 0.3910849705042902, 0.12505618974560095, 0.23414435661692606], [0.1714257192518244, 0.22447459043768925, 0.44938065665250004, 0.15471903365798637], [0.14699732412423464, 0.17702567217482273, 0.0896500505291803, 0.5863269531717622], [0.2823958983818995, 0.24277853722027612, 0.1639088802451053, 0.31091668415271917], [0.3523589948685855, 0.27796981231463497, 0.16476626935588976, 0.20490492346088987], [0.2113071460707253, 0.3539122646100185, 0.18932952934753863, 0.24545105997171765], [0.3088688741214411, 0.2389035091555684, 0.16941464730036682, 0.2828129694226238], [0.24722989055174532, 0.24987550777196893, 0.2423609769851401, 0.2605336246911459], [0.2494894605214271, 0.26621297719291065, 0.29767234022649974, 0.18662522205916252], [0.3994832125635757, 0.17178341359127658, 0.18059699527756062, 0.24813637856758716], [0.26607408999717375, 0.16877956285117285, 0.16078981508687282, 0.4043565320647806], [0.2895238125699848, 0.2018941621772188, 0.18304969030998247, 0.3255323349428139], [0.2031595499636949, 0.2438631191491025, 0.23404334317982864, 0.3189339877073739], [0.3680523646702596, 0.21751039451453041, 0.161904465289026, 0.25253277552618403], [0.3233178710946872, 0.1926027530087942, 0.10483408472377434, 0.37924529117274436], [0.32750890513095393, 0.18902773273507867, 0.19573706545853856, 0.2877262966754289], [0.33720867278092803, 0.25079178524284584, 0.14939120402558917, 0.26260833795063704], [0.3003359025407354, 0.20499844939076833, 0.1294681338147153, 0.3651975142537809], [0.224927577764828, 0.2198757585893495, 0.15669631497699482, 0.3985003486688278], [0.415511190785842, 0.21973668666822024, 0.15479454372351173, 0.209957578822426], [0.2307444780615962, 0.3689480982276082, 0.1535720693790212, 0.2467353543317745], [0.2560771682779843, 0.18249195193027726, 0.24097434662246345, 0.320456533169275], [0.29906752121555313, 0.2699336241621781, 0.1436060163174987, 0.28739283830477], [0.13078553104047463, 0.23465794212161067, 0.44425241306590024, 0.19030411377201445], [0.26828717610098235, 0.2036684045530967, 0.27754161759314405, 0.25050280175277695], [0.29606913096910925, 0.24959605860139267, 0.1340718213579314, 0.3202629890715668], [0.30424787726037605, 0.3264547659165163, 0.17766481097753065, 0.191632545845577], [0.23442798345769578, 0.2708529732947061, 0.14424944088871347, 0.35046960235888475], [0.327496467418834, 0.21409063279229443, 0.28377578047524177, 0.17463711931363013], [0.29207135382019883, 0.2867396665869854, 0.1371235072907319, 0.2840654723020838], [0.5431073010324481, 0.1639044639131185, 0.09898228136494636, 0.194005953689487], [0.24380871219976316, 0.322150095723041, 0.1335358670811087, 0.30050532499608706], [0.2977697089500406, 0.19546176868992152, 0.12863842345476523, 0.37813009890527255], [0.2588706431727318, 0.37503759190046293, 0.1341798331671092, 0.23191193175969613], [0.15719112362848917, 0.27182027485470284, 0.33374073261482223, 0.23724786890198588], [0.21526902820381685, 0.3281144076056461, 0.2229456293222354, 0.2336709348683017], [0.1962412650785092, 0.25501423052267036, 0.12697240317603978, 0.4217721012227808]]}, "rewritten": {"ids": ["97105580", "97106770", "97107040", "97107260", "97108520", "97110950", "97116500", "97116790", "97116800", "97118210", "98106111", "98107210", "98108410", "98109090", "98110710", "98116940", "99107950", "99108310", "99109161", "99111930", "99112840", "99113260", "99117630", "100108080", "100108520", "100116500", "100116790", "100120780", "101108580", "101110150", "101110740", "101111620", "101112690", "101119030", "101119591", "102109850", "102110240", "102117351", "103109791", "103110220", "103111110", "103111540", "103112641", "103113610", "103120340", "103120780", "104111550", "104111711", "104111880", "104113190", "104114320", "104114410", "104116800", "104117200", "105110091", "105110251", "105111990", "105112100", "105112130", "105113260", "105113330", "105115380", "105116501", "105116650", "105116860", "105120621", "105121370", "106114011", "106114150", "106114280", "106115120", "106115240", "106115250", "106116441", "106116820", "106117650", "106118520", "106119580", "107113840", "107114621", "107114950", "107115250", "107116300", "107118780", "107118820", "107119130", "107121640", "108114180", "108114270", "108115250", "108115870", "108116070", "108117720", "108118301", "108118630", "108118810", "109115220", "109115380", "109116930", "109117110", "109117630", "109119460", "109120150", "109121351", "110115140", "110115580", "110115890", "110116501", "110118111", "110118301", "110120531", "110120540", "110120640", "110121170", "110121720", "111114171", "111115400", "111116110", "111116170", "111116411", "111116640", "111116750", "111118910", "111119250", "111120540", "112116401", "112116850", "112117431", "112118471", "112118880", "112118890", "112119980", "112121360", "113118231", "113118421", "113119360", "113119450", "113121010", "113121410", "113122220", "113122320", "113122430"], "labels": [1, 3, 2, 2, 2, 3, 2, 2, 0, 2, 0, 1, 1, 1, 2, 2, 1, 2, 3, 1, 2, 0, 3, 0, 2, 2, 2, 1, 0, 1, 3, 3, 1, 3, 0, 1, 3, 1, 3, 2, 3, 1, 3, 2, 1, 1, 1, 1, 3, 3, 2, 1, 1, 3, 0, 0, 2, 1, 1, 3, 3, 1, 1, 1, 2, 1, 2, 1, 1, 3, 1, 1, 2, 0, 1, 1, 2, 3, 3, 0, 3, 2, 0, 1, 3, 1, 1, 1, 3, 1, 3, 1, 1, 1, 1, 1, 3, 3, 0, 1, 0, 1, 2, 0, 0, 1, 2, 3, 1, 1, 0, 1, 0, 2, 3, 3, 0, 3, 0, 0, 0, 3, 0, 1, 1, 0, 0, 0, 1, 1, 3, 0, 3, 3, 3, 0, 3, 2, 0, 1, 1, 2], "predicted_labels": [3, 3, 0, 1, 3, 3, 3, 3, 0, 0, 1, 2, 3, 2, 3, 3, 3, 1, 0, 3, 0, 1, 0, 3, 3, 3, 3, 0, 0, 3, 3, 3, 2, 0, 1, 1, 0, 0, 1, 0, 2, 0, 0, 0, 2, 1, 1, 1, 0, 3, 3, 0, 1, 3, 0, 0, 3, 0, 1, 1, 2, 0, 0, 0, 0, 3, 3, 0, 3, 0, 3, 1, 0, 0, 0, 3, 3, 3, 0, 3, 2, 3, 3, 0, 0, 3, 0, 0, 3, 1, 0, 0, 0, 0, 3, 0, 0, 3, 3, 3, 0, 1, 3, 3, 0, 3, 3, 3, 3, 3, 0, 1, 3, 3, 3, 1, 3, 2, 3, 0, 3, 3, 3, 1, 3, 3, 3, 1, 1, 2, 0, 1, 3, 0, 0, 0, 0, 3, 0, 3, 3, 3], "confidence_scores": [[0.23896625738518462, 0.2527843363511837, 0.16920103322662391, 0.33904837303700763], [0.26719606918452304, 0.22907059151469988, 0.19660001728369017, 0.30713332201708693], [0.35210800231060846, 0.30352930084181634, 0.1351587327000812, 0.20920396414749384], [0.24260488963423674, 0.2821023547936196, 0.23014606855411285, 0.24514668701803088], [0.16574944606856587, 0.21008667105512696, 0.18023917826742353, 0.4439247046088838], [0.28301102126505473, 0.19116778184635283, 0.234071096267969, 0.29175010062062356], [0.30491341484002116, 0.17534668036635648, 0.20948689581093813, 0.3102530089826843], [0.25786307661367175, 0.15235352068341063, 0.2719304334979994, 0.3178529692049182], [0.39066542250226616, 0.15894709981895214, 0.18773105518989974, 0.26265642248888194], [0.3312929314846198, 0.21302385172088922, 0.1536175902698041, 0.3020656265246867], [0.23688654784947183, 0.3987693250928594, 0.1730905774374681, 0.19125354962020058], [0.25450453045704174, 0.13120073662937695, 0.46429980067638443, 0.1499949322371967], [0.21975592333374977, 0.2943993810692017, 0.18317843566994346, 0.30266625992710516], [0.25388935336700985, 0.2103093279356487, 0.3161847048305398, 0.21961661386680179], [0.20146860314943513, 0.16873349234765622, 0.1632880154027859, 0.46650988910012287], [0.2738656349011971, 0.2547412201654163, 0.1572955752727122, 0.3140975696606745], [0.13606378125581975, 0.2804058982944201, 0.2341323728592214, 0.3493979475905387], [0.20482166572181384, 0.3337711189762635, 0.1842949509057654, 0.2771122643961572], [0.3793622440410275, 0.2099144579359655, 0.19977302887219966, 0.21095026915080736], [0.2946670968150414, 0.1899759123623927, 0.19166903052562753, 0.32368796029693847], [0.3423017523104156, 0.2559972247172001, 0.19952195669103936, 0.20217906628134508], [0.253453447052133, 0.31935632224909116, 0.12820687556121116, 0.29898335513756474], [0.3063445492906143, 0.26241032814758014, 0.18598933409109547, 0.24525578847071003], [0.3045201924272735, 0.17819036350616263, 0.1434298453560489, 0.37385959871051483], [0.2344988558287049, 0.21655084728604113, 0.21114781198144486, 0.33780248490380926], [0.23581958973027178, 0.2908797076184523, 0.16948697647482103, 0.3038137261764549], [0.26605681442913476, 0.25723377604028824, 0.2036291063423703, 0.27308030318820664], [0.31994315571168985, 0.23026332219591897, 0.22094409860905662, 0.22884942348333462], [0.3062486702538971, 0.21572716509687873, 0.21275917175901266, 0.26526499289021155], [0.19104850665477643, 0.27118871240061854, 0.1326418741977808, 0.4051209067468241], [0.2932488047130435, 0.19055297046285008, 0.15123506468722098, 0.3649631601368855], [0.15733072425728917, 0.3038835764086346, 0.10424574703586996, 0.43453995229820624], [0.18599537642457045, 0.2668281042594861, 0.306225769180415, 0.24095075013552864], [0.3471131113518853, 0.26262440386512587, 0.15085191108843454, 0.2394105736945543], [0.27768939055137837, 0.31410636601564984, 0.14524675611723326, 0.26295748731573854], [0.2506888713171471, 0.27334561345242414, 0.2052330083641404, 0.2707325068662883], [0.31572181924841924, 0.2485103598454676, 0.14897925799649414, 0.286788562909619], [0.5349460371849132, 0.1667938943652285, 0.1055230363719946, 0.19273703207786344], [0.28270942549357125, 0.31350471121922424, 0.1399609618592384, 0.26382490142796605], [0.38611353588090436, 0.227606340067258, 0.17884154655918008, 0.20743857749265765], [0.16098685401335078, 0.28349818075643446, 0.3671866605804709, 0.188328304649744], [0.3846254953771572, 0.17191746691743903, 0.16043372889050062, 0.28302330881490323], [0.2913106662096364, 0.25021998834360737, 0.2041702694168786, 0.2542990760298778], [0.30501597066125485, 0.16734212933282186, 0.3027616625183448, 0.22488023748757843], [0.26827148336898315, 0.2510151319533578, 0.2702278744327756, 0.21048551024488338], [0.24939267992735256, 0.37866471437789645, 0.1480982348262889, 0.2238443708684621], [0.2799875966620901, 0.3299968053494439, 0.12668754899247567, 0.2633280489959905], [0.28360126473861713, 0.3184034996565166, 0.16136580316961213, 0.23662943243525408], [0.35664899583898363, 0.21180781529563286, 0.20456747464974792, 0.22697571421563584], [0.23304324929098102, 0.17042498343109166, 0.17191913701694872, 0.4246126302609786], [0.21646740076047702, 0.24209779295321568, 0.2007526445409662, 0.340682161745341], [0.3810806406000965, 0.18393708574257567, 0.24762947667360974, 0.18735279698371815], [0.23540521383386842, 0.28341929839747626, 0.25715296593178594, 0.2240225218368695], [0.2567884121360685, 0.23241613442246456, 0.22044290967808855, 0.29035254376337827], [0.40552661391246503, 0.20851014269417575, 0.1385246005173328, 0.24743864287602646], [0.4460464175952375, 0.29175090079057026, 0.09233161329167333, 0.16987106832251891], [0.17235668377950178, 0.20482987763532537, 0.23938317533605288, 0.38343026324912005], [0.42860211420936417, 0.21631122763909166, 0.12346328046314277, 0.23162337768840147], [0.24068491537053505, 0.31365891040557886, 0.17929673438345584, 0.26635943984043037], [0.1931482348921498, 0.5435339262481153, 0.09609439759632672, 0.1672234412634082], [0.18754625131847913, 0.29341050785778156, 0.3063857710337489, 0.21265746978999037], [0.3384472252006594, 0.18689666425882145, 0.26583500372427377, 0.2088211068162454], [0.36272319316989704, 0.3053015172660013, 0.14776152804013937, 0.1842137615239624], [0.36071190877135056, 0.3021361327774289, 0.14736460850327932, 0.18978734994794141], [0.3271073696787293, 0.2666082618988948, 0.14771393715464406, 0.258570431267732], [0.25538613144040984, 0.19266301858986432, 0.14065549843594766, 0.41129535153377816], [0.1091998050849724, 0.25170525206102473, 0.24586134767174442, 0.3932335951822586], [0.3939555498092315, 0.2001312065316311, 0.15125482080999533, 0.25465842284914203], [0.2727115259421172, 0.226169347855626, 0.12673927672388574, 0.3743798494783711], [0.42317456926676755, 0.28360983502266834, 0.12237743550702253, 0.17083816020354162], [0.2939110853540156, 0.2370454594858179, 0.1650415042874382, 0.3040019508727284], [0.28370310110829533, 0.3389847710724853, 0.1328660609479324, 0.244446066871287], [0.3005972716718099, 0.24358857655902272, 0.19312137841570604, 0.2626927733534615], [0.30696673344256514, 0.2772901728232843, 0.1095680046781769, 0.30617508905597357], [0.4336885397731735, 0.2842945308372408, 0.10199477466654946, 0.18002215472303632], [0.1900778045928553, 0.2431763055879807, 0.1480672880666581, 0.41867860175250593], [0.24709329446718295, 0.21389726034492795, 0.1768589219977753, 0.3621505231901138], [0.24734673111554947, 0.24154073635379525, 0.22026422663352532, 0.29084830589713], [0.34579653271373606, 0.20336236582574918, 0.15415261902830923, 0.29668848243220547], [0.27210784603423416, 0.2787536052390107, 0.13734239212563637, 0.31179615660111887], [0.2052691180751582, 0.25089003022425377, 0.30674470784001207, 0.23709614386057618], [0.18767865595508257, 0.26903820069960266, 0.2325929921691873, 0.3106901511761275], [0.1660235555221033, 0.19599610976103912, 0.14451436662998934, 0.4934659680868684], [0.39593614928883064, 0.20959281958917306, 0.10951049735298238, 0.28496053376901403], [0.3295085014308063, 0.20584377382677677, 0.20326592295556276, 0.2613818017868541], [0.2206266378059231, 0.24037855205785894, 0.11498040784017803, 0.4240144022960399], [0.33877539399073675, 0.302330391715416, 0.13674240059750795, 0.22215181369633932], [0.4185501287046318, 0.20106174042684472, 0.15610649803573978, 0.22428163283278368], [0.28914074366302484, 0.23772989054545107, 0.1638245223884439, 0.3093048434030801], [0.19001405634837978, 0.35128531817527164, 0.19566793777986846, 0.26303268769647997], [0.42567912676423836, 0.19761571899446598, 0.16605990796177844, 0.21064524627951722], [0.33402692792682037, 0.25872858544694916, 0.19217539287363314, 0.21506909375259736], [0.3467492563558479, 0.24258376809191715, 0.14371213214232623, 0.2669548434099087], [0.3744418328326596, 0.22970515441376604, 0.12213000266530231, 0.2737230100882722], [0.16208311777165987, 0.28993777878267285, 0.18596493218496746, 0.3620141712607], [0.3469669278211537, 0.24174653163399287, 0.14047250658160176, 0.27081403396325177], [0.2907802585543032, 0.2662623710958759, 0.24418388657663972, 0.19877348377318121], [0.25272489737638365, 0.1683323249872587, 0.2695778469308682, 0.3093649307054896], [0.25661016267461817, 0.2926702434614716, 0.14203504178490742, 0.3086845520790029], [0.275546058682989, 0.2685644815725412, 0.16737087767718167, 0.2885185820672882], [0.30725944309195125, 0.24996715997808797, 0.14085370663537816, 0.3019196902945827], [0.2680907901304906, 0.4195892075211433, 0.11888414436213356, 0.19343585798623272], [0.2907281606455366, 0.13354032504131086, 0.2096129752389518, 0.36611853907420083], [0.322540886444334, 0.17238090310760326, 0.09851930161678288, 0.40655890883128], [0.33176259489414156, 0.21072556658495806, 0.1804664770094222, 0.2770453615114782], [0.20877930857605825, 0.2226036668031535, 0.2309979050318481, 0.3376191195889403], [0.2907743185587371, 0.14173813615573636, 0.18660476196768327, 0.38088278331784337], [0.26258454652775143, 0.21753388357801623, 0.1662315857525062, 0.35364998414172627], [0.3083515263447523, 0.19809383160497138, 0.13727977942255104, 0.35627486262772534], [0.27079758141180066, 0.1662504191198649, 0.07802932354750877, 0.4849226759208257], [0.41018134189896266, 0.2283614762941099, 0.12041523691978782, 0.24104194488713965], [0.21277796734301926, 0.3634842796830599, 0.14036282804479844, 0.2833749249291226], [0.28855041514966356, 0.23609689570520329, 0.18666902136669444, 0.28868366777843874], [0.23806472214238364, 0.15412082620534356, 0.10090154983570558, 0.5069129018165672], [0.18655702905187607, 0.22278812378935983, 0.11785436292473775, 0.47280048423402615], [0.2847959023523608, 0.30832826370199434, 0.1398706493687611, 0.26700518457688377], [0.18702741296070238, 0.3300810183691544, 0.14950968825756428, 0.3333818804125789], [0.16061586062229796, 0.19663542144042787, 0.32143462375636395, 0.3213140941809101], [0.2521318140533827, 0.24314820735381482, 0.1454409733937434, 0.35927900519905903], [0.38904204266511666, 0.18386804416006855, 0.16302540601073423, 0.26406450716408064], [0.2487185643377175, 0.24342825503583823, 0.19254719084973246, 0.3153059897767119], [0.18517503623458764, 0.18447711136116707, 0.10702969745904438, 0.5233181549452008], [0.26218955477432515, 0.14234458367332764, 0.1678315978053519, 0.42763426374699526], [0.18064024285706376, 0.33680310535293656, 0.18603467399171517, 0.2965219777982846], [0.1935145060722672, 0.2274099623493526, 0.14124433287644306, 0.4378311987019371], [0.3486548003045822, 0.1698824226733847, 0.10443441680793587, 0.37702836021409725], [0.2591599642547954, 0.20957204532521703, 0.1674607778637923, 0.3638072125561955], [0.2766971465658203, 0.3157628855530807, 0.1399644670471164, 0.2675755008339827], [0.22905707477482753, 0.34284115686034494, 0.16503164966899758, 0.26307011869582986], [0.24517742807216858, 0.24875657164357207, 0.2953346586975558, 0.21073134158670345], [0.36262666069763116, 0.14903320193854208, 0.16292221801414433, 0.32541791934968267], [0.2833740443873127, 0.32214963587585244, 0.10317533579782903, 0.29130098393900594], [0.3292545460287173, 0.12975427047161725, 0.0909274421844839, 0.45006374131518145], [0.3736077909456827, 0.28880169277736395, 0.13234087540749923, 0.2052496408694541], [0.46057361864592566, 0.15949267469588815, 0.1353762522476558, 0.24455745441053048], [0.3250013647294186, 0.2842873442583217, 0.1326338535203728, 0.2580774374918871], [0.34912645238533935, 0.2527608219581643, 0.13763908978899922, 0.2604736358674971], [0.15377815572295034, 0.18737154174319937, 0.12205915309164636, 0.5367911494422041], [0.3312337640022491, 0.28450153041912163, 0.14087916973240006, 0.2433855358462292], [0.29648013375614246, 0.279448907610174, 0.12244308418042409, 0.3016278744532596], [0.2979095390496696, 0.21119978719183607, 0.17763882333400896, 0.31325185042448533], [0.2928388018563872, 0.23887561295734905, 0.16492933114418928, 0.30335625404207467]]}}