{"test": {"ids": ["109116930", "97116790", "113122180", "105113440", "112120670", "105121370", "102109010", "112117030", "99109161", "113120780", "97112300", "113120070", "110117140", "107113260", "107113130", "102112250", "112120640", "111120280", "113118810", "108114200", "110118161", "112119120", "113122430", "112120700", "104113000", "103109021", "106114011", "113118870", "108120060", "100111620", "100113370", "100115700", "102110690", "111116530", "102114270", "99107630", "112117210", "100108490", "103112641", "106116370", "111119340", "102116500", "108114180", "105111990", "108115570", "98107380", "111119150", "112121430", "105115680", "100120780", "104111990", "108114040", "107114321", "99113260", "98106680", "110119300", "108114670", "101108121", "104116980", "111116411", "113119340", "103112470", "98116090", "108121351", "98109570", "112121030", "110116441", "108118060", "102110500", "98106880", "109116170", "98108370", "101110200", "108113740", "107117630", "99112840", "108117610", "107118520", "110120190", "97110950", "111115910", "109114651", "105115900", "111116090", "105115380", "110120640", "99108460", "104111380", "110118301", "104111780", "108118630", "101112160", "108118520", "106117770", "112118511", "110117870", "107114140", "106113190", "102110850", "97113900", "108113480", "98111231", "97109570", "97114170", "98119591", "107120260", "100111080", "102108621", "106116850", "98109090", "112118550", "109118820", "112116800", "112119980", "107116980", "99109780", "111116640", "102110050", "101109000", "112117780", "111121351", "112121410", "107119950", "113118511", "98112580", "111116290", "106120640", "103109641", "108116481", "104117200", "106118301", "98111670", "110114720", "110115980", "108116120", "101121640", "107114490", "98108580", "112116810", "108116070", "99112300", "100109360"], "labels": [0, 2, 2, 0, 2, 2, 1, 2, 3, 0, 2, 2, 3, 0, 1, 0, 0, 0, 3, 0, 0, 1, 2, 2, 1, 0, 1, 0, 1, 3, 3, 1, 0, 3, 3, 2, 1, 2, 3, 2, 3, 1, 1, 2, 3, 1, 3, 2, 2, 1, 2, 0, 0, 0, 1, 1, 3, 0, 1, 0, 0, 1, 0, 3, 1, 0, 3, 1, 3, 0, 0, 1, 2, 3, 0, 2, 3, 2, 3, 3, 2, 3, 3, 3, 1, 0, 0, 3, 1, 3, 1, 3, 0, 0, 1, 3, 2, 0, 3, 2, 0, 1, 0, 2, 1, 1, 0, 3, 3, 1, 3, 3, 0, 0, 3, 2, 0, 3, 1, 0, 0, 0, 3, 1, 2, 2, 3, 1, 0, 3, 1, 1, 3, 1, 1, 2, 3, 0, 3, 1, 0, 0], "predicted_labels": [0, 2, 3, 1, 1, 1, 3, 3, 1, 3, 3, 1, 3, 3, 1, 3, 0, 0, 1, 3, 1, 3, 1, 1, 1, 3, 1, 1, 1, 3, 1, 1, 3, 3, 1, 3, 3, 1, 1, 3, 1, 3, 1, 1, 3, 3, 1, 1, 1, 3, 3, 1, 0, 2, 1, 1, 3, 0, 1, 0, 1, 3, 1, 1, 3, 3, 3, 3, 3, 0, 0, 3, 3, 0, 3, 1, 3, 1, 3, 0, 1, 0, 3, 3, 1, 3, 3, 3, 3, 1, 3, 1, 0, 3, 3, 1, 1, 3, 1, 1, 1, 0, 0, 3, 1, 3, 1, 0, 2, 1, 3, 1, 3, 1, 1, 1, 3, 1, 3, 3, 0, 0, 3, 3, 3, 1, 1, 1, 3, 1, 3, 1, 1, 1, 0, 3, 1, 3, 3, 3, 3, 3], "confidence_scores": [[0.3974563657126657, 0.2872003031209361, 0.07426034011599361, 0.24108299105040484], [0.12122638426164682, 0.2504416864601929, 0.4816507615326656, 0.14668116774549456], [0.18112557591627126, 0.28051494432996565, 0.267566148317527, 0.2707933314362362], [0.24659706213934682, 0.39538386851770446, 0.10374613252642349, 0.2542729368165254], [0.19182059430187326, 0.33630753420999426, 0.2732024008208216, 0.19866947066731103], [0.15455912113893705, 0.39567441510155454, 0.22793219975268045, 0.22183426400682812], [0.16145084349635683, 0.29628368160922475, 0.19377834167687444, 0.3484871332175442], [0.1800675225734818, 0.282982656927393, 0.24548897913086687, 0.2914608413682582], [0.3047727377108427, 0.3677377360853006, 0.21613663687675552, 0.11135288932710116], [0.14701104444764906, 0.23535259395351066, 0.2566766589929995, 0.3609597026058406], [0.23412285019735463, 0.270019140329492, 0.12503922220445982, 0.37081878726869383], [0.14203431073723355, 0.4422699037139602, 0.23614289900305288, 0.17955288654575347], [0.2887496742433121, 0.23749840301361436, 0.12950243488361715, 0.34424948785945647], [0.19122245610881122, 0.23311903108687035, 0.22580871060002658, 0.34984980220429196], [0.14827181814693383, 0.3187246749009021, 0.38507001577603345, 0.1479334911761309], [0.3072163409295916, 0.15058924228933965, 0.04260299525287515, 0.4995914215281934], [0.35612084972416047, 0.256076877678234, 0.08424368627247297, 0.3035585863251325], [0.33673312623977625, 0.2832595148693569, 0.09080920561816112, 0.2891981532727057], [0.17876098410112196, 0.45423507538481345, 0.2159302723998533, 0.1510736681142117], [0.23666423800847472, 0.2907935900701335, 0.16034009651729797, 0.31220207540409395], [0.2692540995826454, 0.30221918077057564, 0.12717888314707843, 0.30134783649970015], [0.24292382498720202, 0.24292007642992325, 0.141440569362257, 0.3727155292206178], [0.10375893981075006, 0.3950685542410429, 0.2769112898657972, 0.22426121608241004], [0.127850252351936, 0.35421924068305477, 0.28014648462298397, 0.23778402234202525], [0.1848423697590756, 0.36761098531807723, 0.14325757557292151, 0.3042890693499257], [0.28806020738426785, 0.2505040943957792, 0.11406729889394378, 0.34736839932600916], [0.23467351562135627, 0.3190080450314231, 0.16991051486427763, 0.2764079244829431], [0.22755890201384266, 0.3307929792924486, 0.11186882068514672, 0.3297792980085621], [0.1814156692874894, 0.3658866488778044, 0.18138170440413143, 0.2713159774305747], [0.23750533321927342, 0.2618889131392199, 0.2025118639824016, 0.29809388965910516], [0.21894151057727484, 0.25995362633582825, 0.29640597185100287, 0.22469889123589395], [0.1665418348368156, 0.36092692348804367, 0.20494758420350126, 0.26758365747163937], [0.2459949061473425, 0.2973781409300575, 0.10912931694593456, 0.3474976359766657], [0.24649638616721403, 0.2374912643599819, 0.17290547566941353, 0.3431068738033909], [0.15625133296268717, 0.34418823481121985, 0.17086337294877957, 0.32869705927731363], [0.15050936877651036, 0.17443965645402423, 0.2501356495327576, 0.42491532523670783], [0.134103732764243, 0.3000596805197395, 0.21329534117065158, 0.3525412455453659], [0.199115351389402, 0.31688973872417475, 0.2680786185797368, 0.21591629130668638], [0.19672606358772546, 0.3428712470604698, 0.26395986886895945, 0.19644282048284492], [0.2829875037752304, 0.1969427694769308, 0.15002361868445854, 0.37004610806338023], [0.2045048782681322, 0.27778448939965433, 0.30694523206722835, 0.21076540026498522], [0.20841921174743716, 0.26388903005258807, 0.22771703955819975, 0.299974718641775], [0.23151396846020258, 0.2964418013383, 0.17364494284258283, 0.29839928735891413], [0.15819082236657273, 0.2967904277188823, 0.2487843309705122, 0.2962344189440328], [0.1753785129210751, 0.27336660473604574, 0.18742101653609314, 0.3638338658067864], [0.214902444610935, 0.09747910144449123, 0.38457944362980206, 0.3030390103147717], [0.20315431176776014, 0.3375798935419905, 0.16484017005922078, 0.29442562463102845], [0.11959943473878554, 0.32343877840150953, 0.36933333331427287, 0.18762845354543217], [0.12831051845809038, 0.32436115064162463, 0.28108205188848734, 0.26624627901179765], [0.28032117345475305, 0.28319525666312, 0.1213465660354541, 0.3151370038466731], [0.17882533173022488, 0.29612598641775506, 0.20011591114557778, 0.32493277070644233], [0.12527836800614522, 0.38219085212870085, 0.3126989637619086, 0.17983181610324575], [0.3322195337006211, 0.2529313480413819, 0.09761951645744363, 0.31722960180055304], [0.10181525530733009, 0.17827672754926285, 0.5922054244816131, 0.12770259266179432], [0.21113674677255687, 0.2951735422812926, 0.20839093282426238, 0.2852987781218882], [0.25128120883133753, 0.36413745483133736, 0.11442688577024489, 0.27015445056708026], [0.20500434176107885, 0.29299075227886184, 0.17713332259930628, 0.32487158336075317], [0.35658519387339965, 0.22290421369466631, 0.13971047704217734, 0.2808001153897565], [0.11274480938738296, 0.29586247056215687, 0.3702310515416742, 0.2211616685087864], [0.3670499544864946, 0.15587841266693184, 0.10465734411796855, 0.37241428872860516], [0.31001333722610874, 0.3333895712891798, 0.1133744296731461, 0.2432226618115651], [0.26003829255104915, 0.2613599723141279, 0.17450792930603387, 0.3040938058287887], [0.1824203547277078, 0.3517308958904628, 0.26945048813922157, 0.1963982612426078], [0.2759046354415493, 0.34442358767613895, 0.12559612676290607, 0.2540756501194055], [0.2641943954529665, 0.2004289935223663, 0.11808279712775872, 0.4172938138969087], [0.3115528640903721, 0.1775388354838402, 0.09790215001260799, 0.4130061504131796], [0.2488416781820059, 0.24243920466884378, 0.1352312878793155, 0.373487829269835], [0.22739338046713398, 0.2268751512741329, 0.16626148017799158, 0.3794699880807413], [0.2574512196363827, 0.18451166090691712, 0.22632538857777337, 0.3317117308789269], [0.27546945005597784, 0.24355065423881844, 0.2512647679165893, 0.2297151277886141], [0.29655660492149405, 0.2973811447456084, 0.11508087205341559, 0.2909813782794819], [0.15608722646813195, 0.24135047363513135, 0.30482906989959047, 0.29773322999714624], [0.1805294917752117, 0.2856605159747217, 0.13045045206536193, 0.4033595401847044], [0.32524036186501715, 0.15606013969804403, 0.1793103175913824, 0.3393891808455562], [0.2312473981444158, 0.1814485207418278, 0.33285867624344434, 0.2544454048703119], [0.1857666714263001, 0.32458856916312256, 0.2581650569708625, 0.23147970243971489], [0.210555623176279, 0.26592166840246034, 0.16013629014921024, 0.36338641827205004], [0.19519704436452945, 0.39732834069809275, 0.19843612492393098, 0.20903849001344643], [0.24973051239551677, 0.23810403974288746, 0.20854820614390485, 0.3036172417176908], [0.3272699433191754, 0.22265039452987562, 0.13584424286942273, 0.3142354192815264], [0.15786966738707073, 0.35919417185112645, 0.20117615308824255, 0.28176000767356024], [0.30698224525378837, 0.2704720236543589, 0.09596703955730876, 0.32657869153454394], [0.2705193984495037, 0.22496355868665274, 0.15817878963806808, 0.3463382532257756], [0.24168150230558655, 0.20626327302536784, 0.14346586356689545, 0.4085893611021499], [0.14805558021595636, 0.29377039815256584, 0.36293774603221096, 0.19523627559926662], [0.1944086753002332, 0.32175810189472803, 0.12019091286520822, 0.3636423099398303], [0.19232637590984816, 0.3032014579459862, 0.18060106226058417, 0.3238711038835814], [0.1798162269618219, 0.29302514690008014, 0.23344132395019795, 0.2937173021879], [0.23765303563368154, 0.31577923239859274, 0.11230415655766775, 0.33426357541005797], [0.2820436882051727, 0.40826083992235257, 0.07793683118225035, 0.23175864069022428], [0.23852389710304273, 0.2833669064239507, 0.16015903193738046, 0.31795016453562586], [0.2100401180139998, 0.39017189240805406, 0.11574508860777798, 0.284042900970168], [0.39437864216965607, 0.26665361187622955, 0.14792506758776325, 0.19104267836635133], [0.23032610167180695, 0.20218046484787228, 0.1817399352015774, 0.38575349827874383], [0.18352515551239654, 0.24331526086849614, 0.31549108597389985, 0.2576684976452074], [0.23065129910690912, 0.35490733882335035, 0.14027178677578123, 0.27416957529395924], [0.10921432639635563, 0.31861593495588464, 0.35070591665636713, 0.22146382199139275], [0.2703416100965738, 0.2484198610911743, 0.14661803868868245, 0.3346204901235694], [0.14746880219509012, 0.34896389103522235, 0.19680444009013784, 0.3067628666795498], [0.2013756098768924, 0.31682272565985153, 0.21520276785821382, 0.26659889660504243], [0.1864818349542254, 0.3201124021443017, 0.2765060054105444, 0.21689975749092869], [0.32388288410866806, 0.280433469376609, 0.14614908760306666, 0.24953455891165607], [0.27761007387804376, 0.19276298373848377, 0.257951901834749, 0.27167504054872377], [0.21655793519077568, 0.2634925853082319, 0.23517967740079582, 0.2847698021001964], [0.2178790801719937, 0.2948830844404137, 0.22133919301343347, 0.2658986423741591], [0.29643216124360566, 0.21838901567823785, 0.12251085431083755, 0.3626679687673186], [0.3298647570047809, 0.379877452424324, 0.10108823501116036, 0.18916955555973491], [0.3225330244156167, 0.2959409523429455, 0.14087352043092288, 0.2406525028105149], [0.20482688685624786, 0.20552078455011366, 0.36033161076071685, 0.2293207178329217], [0.2164253912170661, 0.2924981171329241, 0.26929378162154044, 0.22178271002846947], [0.25678101150070193, 0.2676764478961236, 0.15612671430413996, 0.31941582629903453], [0.2340642777447679, 0.35019502973827715, 0.14100721999159976, 0.2747334725253551], [0.19685143947728406, 0.2845640838538043, 0.15534289164435117, 0.3632415850245605], [0.11643162459412681, 0.5769377936947381, 0.18983255510322838, 0.11679802660790645], [0.36071678925524203, 0.4125142409320292, 0.022220091515059125, 0.20454887829766993], [0.16598594842269845, 0.3552571752695417, 0.18305262452278032, 0.2957042517849796], [0.17097134057041516, 0.28817781058932007, 0.21943715998990912, 0.3214136888503561], [0.17050186830324335, 0.35077446411533864, 0.23489163503929456, 0.2438320325421237], [0.21692391287711763, 0.31077715919880194, 0.15346433879369845, 0.31883458913038215], [0.22564925009951717, 0.2892562612326688, 0.13478671169903733, 0.35030777696877646], [0.3503952483328831, 0.2946070365871732, 0.11148432791423239, 0.24351338716571097], [0.32032939383385906, 0.3068693761438902, 0.05747433266279477, 0.31532689735945607], [0.25991155172259583, 0.2640962419522193, 0.13217802334376821, 0.34381418298141686], [0.25384167460746665, 0.3093898673251766, 0.1179503672417283, 0.3188180908256284], [0.14668811124291967, 0.2741635801800102, 0.255980405120185, 0.3231679034568851], [0.20617469830739035, 0.3306201531427785, 0.2092553087069818, 0.25394983984284925], [0.13533825293473678, 0.3080875021563926, 0.26073169839969607, 0.2958425465091744], [0.19584176352728985, 0.3508534567461397, 0.1807511242038451, 0.2725536555227255], [0.3301566418672065, 0.20585461799515137, 0.06982892567745959, 0.3941598144601828], [0.21807686656808226, 0.36768270208234977, 0.16304924868620493, 0.2511911826633629], [0.27238778232654326, 0.29626472524475417, 0.11638686612575426, 0.3149606263029483], [0.2437550746195746, 0.27407119939158675, 0.24156202443622962, 0.240611701552609], [0.22569847537077042, 0.26333893144975656, 0.2858396730713322, 0.22512292010814078], [0.22266148894962692, 0.3988055008536964, 0.126976571306722, 0.25155643888995427], [0.3758970837158494, 0.2758506238900891, 0.11311132415956732, 0.23514096823449407], [0.19630114595619758, 0.3161640373494404, 0.142748822842644, 0.3447859938517179], [0.17439916936974664, 0.34073265338777176, 0.16725868557545245, 0.317609491667029], [0.30684132107119144, 0.20091745679807138, 0.15782278809427952, 0.33441843403645793], [0.17141952476669345, 0.25011916912594395, 0.3221947999065329, 0.2562665062008299], [0.17681758075012394, 0.23442433904549675, 0.2793126876199831, 0.3094453925843963], [0.24953914850515746, 0.18716400940952924, 0.1400232150489553, 0.423273627036358], [0.2615190696878989, 0.21401810203728366, 0.16513508478256186, 0.3593277434922556]]}, "rewritten": {"ids": ["97109570", "97110950", "97112300", "97113900", "97114170", "97116790", "98106680", "98106880", "98107380", "98108370", "98108580", "98109090", "98109570", "98111231", "98111670", "98112580", "98116090", "98119591", "99107630", "99108460", "99109161", "99109780", "99112300", "99112840", "99113260", "100108490", "100109360", "100111080", "100111620", "100113370", "100115700", "100120780", "101108121", "101109000", "101110200", "101112160", "101121640", "102108621", "102109010", "102110050", "102110500", "102110690", "102110850", "102112250", "102114270", "102116500", "103109021", "103109641", "103112470", "103112641", "104111380", "104111780", "104111990", "104113000", "104116980", "104117200", "105111990", "105113440", "105115380", "105115680", "105115900", "105121370", "106113190", "106114011", "106116370", "106116850", "106117770", "106118301", "106120640", "107113130", "107113260", "107114140", "107114321", "107114490", "107116980", "107117630", "107118520", "107119950", "107120260", "108113480", "108113740", "108114040", "108114180", "108114200", "108114670", "108115570", "108116070", "108116120", "108116481", "108117610", "108118060", "108118520", "108118630", "108120060", "108121351", "109114651", "109116170", "109116930", "109118820", "110114720", "110115980", "110116441", "110117140", "110117870", "110118161", "110118301", "110119300", "110120190", "110120640", "111115910", "111116090", "111116290", "111116411", "111116530", "111116640", "111119150", "111119340", "111120280", "111121351", "112116800", "112116810", "112117030", "112117210", "112117780", "112118511", "112118550", "112119120", "112119980", "112120640", "112120670", "112120700", "112121030", "112121410", "112121430", "113118511", "113118810", "113118870", "113119340", "113120070", "113120780", "113122180", "113122430"], "labels": [0, 3, 2, 2, 2, 2, 1, 0, 1, 1, 0, 1, 1, 1, 1, 2, 0, 1, 2, 0, 3, 2, 0, 2, 0, 2, 0, 0, 3, 3, 1, 1, 0, 1, 2, 3, 2, 3, 1, 3, 3, 0, 3, 0, 3, 1, 0, 1, 1, 3, 3, 3, 2, 1, 1, 3, 2, 0, 1, 2, 3, 2, 0, 1, 2, 3, 0, 1, 3, 1, 0, 2, 0, 3, 3, 0, 2, 3, 1, 0, 3, 0, 1, 0, 3, 3, 1, 1, 0, 3, 1, 0, 1, 1, 3, 3, 0, 0, 3, 3, 1, 3, 3, 3, 0, 1, 1, 3, 0, 2, 3, 2, 0, 3, 0, 3, 3, 0, 0, 0, 3, 2, 1, 0, 1, 3, 1, 0, 0, 2, 2, 0, 0, 2, 1, 3, 0, 0, 2, 0, 2, 2], "predicted_labels": [2, 0, 1, 1, 2, 2, 1, 2, 2, 1, 1, 1, 2, 1, 1, 3, 1, 1, 3, 1, 1, 1, 3, 1, 2, 2, 3, 1, 2, 1, 3, 1, 0, 2, 1, 1, 1, 1, 1, 1, 3, 1, 1, 3, 1, 1, 3, 1, 1, 1, 2, 1, 2, 1, 1, 1, 1, 1, 2, 1, 1, 1, 3, 1, 2, 2, 3, 0, 1, 1, 2, 1, 1, 2, 1, 2, 1, 1, 2, 1, 3, 1, 1, 1, 1, 1, 2, 0, 3, 1, 2, 1, 1, 1, 1, 1, 1, 0, 1, 1, 1, 1, 3, 1, 1, 3, 1, 1, 1, 1, 3, 1, 3, 1, 1, 1, 1, 1, 0, 1, 2, 1, 1, 3, 2, 1, 3, 1, 1, 1, 2, 3, 3, 1, 1, 1, 1, 1, 1, 1, 1, 1], "confidence_scores": [[0.2216274579871705, 0.21411674958388693, 0.38416710350895494, 0.18008868891998772], [0.308400815569188, 0.17739644801299717, 0.26769384080060554, 0.24650889561720948], [0.18539867353167447, 0.2884627649108045, 0.28824286381218406, 0.2378956977453372], [0.15206013365356646, 0.2921684380139401, 0.3233340134697789, 0.23243741486271466], [0.08749151168533745, 0.2437115854150453, 0.525778402238968, 0.14301850066064906], [0.09546731106923063, 0.28941114786755934, 0.5126556293891383, 0.10246591167407189], [0.1750321906142462, 0.3258726726987468, 0.31622852057434797, 0.18286661611265892], [0.1515910426763563, 0.25838807984452944, 0.44301995372198305, 0.14700092375713092], [0.15433073927906774, 0.12342059300155109, 0.5324224196939316, 0.18982624802544976], [0.17565935923057113, 0.29106227861153255, 0.3617656870168229, 0.1715126751410734], [0.17222628137815962, 0.28062723549235113, 0.3383407055772511, 0.20880577755223811], [0.19720877533742306, 0.30485556589191803, 0.2892823628689043, 0.20865329590175447], [0.13243201422235704, 0.2583068479958721, 0.4156902858238724, 0.19357085195789842], [0.28088268177443826, 0.2888523437781151, 0.19291436112515406, 0.23735061332229218], [0.21838377138287643, 0.30527762468699565, 0.25373371536937184, 0.22260488856075591], [0.13019686031386365, 0.2789990012801396, 0.3325042132159512, 0.25829992519004574], [0.16275028916754555, 0.3253169134632672, 0.2977204965322313, 0.21421230083695628], [0.16394195153382554, 0.27788444497000964, 0.3687571781060147, 0.18941642539015022], [0.15389968297131842, 0.19586508056437546, 0.3130906581922299, 0.33714457827207633], [0.14232731027032633, 0.31534047397320136, 0.29040631757346486, 0.2519258981830076], [0.17499269484249758, 0.38493219203278506, 0.3419226670604225, 0.09815244606429484], [0.18659728663848074, 0.3624437285543988, 0.2784895730826954, 0.17246941172442476], [0.21851186778657253, 0.27131492633829335, 0.24239856158240747, 0.2677746442927267], [0.16598121660194956, 0.3327565581122428, 0.29962874511108184, 0.20163348017472613], [0.08487350835800708, 0.19129008766257474, 0.6321505072876717, 0.09168589669174639], [0.1369947054918386, 0.24040973754689948, 0.45690655548638415, 0.1656890014748777], [0.2688476725949119, 0.20763263372491655, 0.2037748819200276, 0.3197448117601439], [0.19337565278827745, 0.310719928190763, 0.3389688974036298, 0.15693552161732952], [0.11397092731575408, 0.25104249518942434, 0.43153838435886605, 0.20344819313595536], [0.20266267119276507, 0.2770392506122391, 0.28142056661045983, 0.23887751158453577], [0.19358502537955422, 0.2372143152756877, 0.31830367091812944, 0.25089698842662844], [0.20787953832968084, 0.39601187953198436, 0.18239365440072358, 0.21371492773761114], [0.3497554098750581, 0.21637317909951195, 0.16952414248945935, 0.2643472685359705], [0.14074756138451192, 0.2779374156081527, 0.42811106001646815, 0.15320396299086736], [0.14737563951584168, 0.43750464938012024, 0.1996982842779093, 0.21542142682612864], [0.12629824590222394, 0.33909195066257886, 0.37700572178925135, 0.15760408164594616], [0.17895924581844963, 0.35487291621719924, 0.22913330487498648, 0.23703453308936498], [0.24699404454448518, 0.292269288542745, 0.1935596472568138, 0.267177019655956], [0.166627355583175, 0.3350996924426918, 0.25750831663219237, 0.24076463534194098], [0.13560189799656916, 0.3381335558109537, 0.31937340627034316, 0.20689113992213407], [0.22942498481253754, 0.2135096604889321, 0.21649695732888605, 0.34056839736964395], [0.209817785019871, 0.3363825872172331, 0.1807671133325536, 0.27303251443034265], [0.13326204904144592, 0.36093821265161885, 0.3554709482019742, 0.15032879010496095], [0.2632935851140396, 0.20008712387707506, 0.16405365748278952, 0.37256563352609584], [0.10994811911120803, 0.41540445747511806, 0.3075282448668003, 0.16711917854687328], [0.16452697701064975, 0.2914694031631086, 0.2973502140060403, 0.24665340582020123], [0.1986632155637773, 0.26835274448112684, 0.23002735227850893, 0.3029566876765872], [0.09825026962380315, 0.2843845873648653, 0.42670240976563245, 0.19066273324569907], [0.23697378439175504, 0.29432859065816785, 0.2820827541684869, 0.18661487078158995], [0.22927741487711045, 0.29241119002924454, 0.279567071445595, 0.19874432364805014], [0.0943821661152842, 0.2873069619419275, 0.44428299408866495, 0.17402787785412313], [0.2328720262039899, 0.4193132975726852, 0.13589796551448577, 0.21191671070883927], [0.15223175715309933, 0.26672338661021905, 0.4168380479728395, 0.16420680826384157], [0.16045585970137496, 0.3324072153508711, 0.26242601185680764, 0.2447109130909464], [0.08898300342066966, 0.3209604302627738, 0.45194629212099446, 0.1381102741955619], [0.14266558164033666, 0.36143963971225623, 0.34099237457941434, 0.1549024040679928], [0.15462486528775932, 0.3397287947502843, 0.2548854461337957, 0.25076089382816064], [0.15531637287960698, 0.3400545691565992, 0.3102844818252097, 0.19434457613858408], [0.12471441740266231, 0.26482882829408716, 0.44365527426802653, 0.16680148003522396], [0.11170068837284146, 0.2881204385072876, 0.35626803880619673, 0.24391083431367447], [0.18131337831501323, 0.2614737184302163, 0.33429060801357136, 0.222922295241199], [0.10952877684539988, 0.4415477805459305, 0.3283807780639905, 0.12054266454467895], [0.16412811239900824, 0.2916283057883665, 0.27031557192324374, 0.2739280098893816], [0.13689103230334196, 0.2694902460412636, 0.34881417016907046, 0.24480455148632363], [0.20752388996007837, 0.21865408708486883, 0.3508868011787087, 0.22293522177634426], [0.09775939107414429, 0.2657529198289129, 0.4858731996319955, 0.15061448946494718], [0.18957532957598192, 0.26609962970699763, 0.2953369499412454, 0.24898809077577527], [0.26921034793199755, 0.25002047456166515, 0.25746050621136646, 0.22330867129497095], [0.10720445929556734, 0.3142399181742682, 0.3742204893646088, 0.2043351331655556], [0.1326971136152731, 0.2867391685851952, 0.4218108552004361, 0.15875286259909577], [0.09764587338203445, 0.22565454795822962, 0.487042576539521, 0.18965700212021502], [0.10108684472520847, 0.34536972168391433, 0.39322178378171707, 0.16032164980916014], [0.25889891889613587, 0.31790528079785313, 0.16036357301780974, 0.26283222728820144], [0.0950030447137927, 0.2808708075807534, 0.4838479748796914, 0.1402781728257628], [0.28908474283446606, 0.4442050142887941, 0.06331321219133618, 0.20339703068540374], [0.11411700295594185, 0.17935215877963906, 0.5455033162768427, 0.16102752198757586], [0.16485936432864876, 0.3356145921813945, 0.34218383704508354, 0.15734220644487304], [0.27475359520608184, 0.30368759271489826, 0.1559098054305157, 0.26564900664850455], [0.17141812940479992, 0.23862789392633946, 0.36646159433272496, 0.22349238233613564], [0.11506770629089179, 0.3823466007248727, 0.3082595975014944, 0.1943260954827411], [0.2248726450941267, 0.21893191159222503, 0.31716019748092433, 0.23903524583272392], [0.09268375343404807, 0.405076623558005, 0.3605898106439251, 0.14164981236402213], [0.1401240634542417, 0.33900113093205686, 0.3123880450960117, 0.2084867605176899], [0.14451240797683496, 0.3655690386320764, 0.33289842970137706, 0.15702012368971144], [0.17538189083357847, 0.3639314216491048, 0.2427681061142544, 0.21791858140306242], [0.10986150847120532, 0.32362563076751666, 0.3887797355157764, 0.1777331252455018], [0.11084995980059416, 0.25880985731707634, 0.4996026958780686, 0.13073748700426086], [0.3307002233751729, 0.2501997123210096, 0.2573339357696867, 0.16176612853413086], [0.30315362588202843, 0.25090339866704436, 0.08986108587319326, 0.3560818895777336], [0.1708162210615352, 0.3061644155557674, 0.2928256179144209, 0.23019374546827626], [0.13609186391395833, 0.2661704475123398, 0.4278927394758421, 0.16984494909785988], [0.2521891859398927, 0.3241744095053421, 0.2856571323978011, 0.1379792721569638], [0.10199304183178176, 0.311462178985288, 0.35887190426130633, 0.22767287492162433], [0.18379119852343945, 0.292821737024105, 0.312759871979102, 0.21062719247335346], [0.23847651852963578, 0.35423485966571455, 0.172473161882539, 0.2348154599221108], [0.20713654961944555, 0.31828932344322586, 0.2605029932929597, 0.21407113364436894], [0.23271007512609304, 0.3135364242976296, 0.24228170639615884, 0.21147179418011863], [0.3159578388598454, 0.280037160019379, 0.14359583950676047, 0.26040916161401506], [0.18687109106538607, 0.3177208533680802, 0.3156768667716594, 0.1797311887948744], [0.100134974847397, 0.29745166984735644, 0.3975236441912315, 0.20488971111401502], [0.21210465636402603, 0.3784942280518507, 0.22297125364331588, 0.1864298619408073], [0.12321466807137313, 0.28863594731240994, 0.34642999565443877, 0.24171938896177844], [0.21550075205451139, 0.2500837758827459, 0.26679173638786136, 0.26762373567488107], [0.13009507807894535, 0.3579661270977158, 0.29178383308560935, 0.22015496173772933], [0.2563515933611965, 0.3231469602142516, 0.1773951685335543, 0.24310627789099756], [0.19472737658248787, 0.25533253984795157, 0.3065077205470689, 0.24343236302249172], [0.19955179555825148, 0.3791791344886028, 0.20379809639083762, 0.21747097356230818], [0.12793945745525798, 0.3083177487872553, 0.32887111842659045, 0.2348716753308963], [0.2009738157105748, 0.38479996696599506, 0.1365292291352575, 0.2776969881881728], [0.12965703150586746, 0.4252306950067009, 0.2559557010826989, 0.1891565724047328], [0.20877990764946944, 0.2667462365018985, 0.2521708963220843, 0.2723029595265479], [0.14240414711397728, 0.32751735479638483, 0.3481677455360033, 0.18191075255363423], [0.2050665166690328, 0.1881340356865415, 0.3197489212179577, 0.28705052642646794], [0.13831559455613554, 0.3365044901035672, 0.28554452931510554, 0.2396353860251915], [0.12244974126055665, 0.28770232808918694, 0.40114826363442774, 0.18869966701582888], [0.15432807822101882, 0.3161003768262549, 0.26896107868881414, 0.2606104662639122], [0.13741863523552078, 0.3075089964521972, 0.33926166584581563, 0.21581070246646597], [0.25634225194611593, 0.35812775245987605, 0.1662869485726443, 0.21924304702136385], [0.3235108308868282, 0.33657871549518287, 0.11342164227352874, 0.22648881134446], [0.1360674281048632, 0.38912913910917774, 0.2396644829067265, 0.23513894987923278], [0.16869605896297823, 0.24843585456995038, 0.4163553966801954, 0.16651268978687622], [0.14775897266689939, 0.291638767417491, 0.39502351833640004, 0.1655787415792093], [0.12032997386483676, 0.294243319662385, 0.3784672752243803, 0.20695943124839825], [0.19470385871479937, 0.23356362602156644, 0.30926883978526015, 0.262463675478374], [0.1043367798062726, 0.2745059159831429, 0.4550855897203288, 0.1660717144902558], [0.2381418847723743, 0.2757046843461766, 0.3353111444599603, 0.15084228642148878], [0.13429874776501943, 0.27282319596594723, 0.31848654345545835, 0.2743915128135748], [0.15837120611963876, 0.47751532708610644, 0.19813184282522156, 0.16598162396903338], [0.2558435289629101, 0.2972795007981747, 0.2181452228292382, 0.22873174740967692], [0.1523900438893332, 0.3263685476612766, 0.36602411757652137, 0.15521729087286873], [0.10671317523084518, 0.273143505233725, 0.4757406309049183, 0.14440268863051134], [0.2257617556726467, 0.23184570143653685, 0.23984523007277037, 0.302547312818046], [0.2323639402883134, 0.25625597893035207, 0.2323753317641074, 0.27900474901722727], [0.1309434871426192, 0.3577671839108969, 0.35111161241441713, 0.1601777165320668], [0.16648844319518652, 0.3857140512906592, 0.28208081019806, 0.16571669531609404], [0.13538036086013355, 0.38275724285407087, 0.3328071651943642, 0.14905523109143132], [0.1759754496746369, 0.31903926784043646, 0.24151718168175784, 0.263468100803169], [0.2506942065837661, 0.31006511544808224, 0.20593686514760387, 0.23330381282054816], [0.12288514113440557, 0.3825318907972834, 0.3069471936507814, 0.18763577441753004], [0.1334900299530927, 0.339216994118293, 0.28609410694026244, 0.2411988689883517], [0.13003601311361906, 0.3348316536417444, 0.31616976337794395, 0.2189625698666927], [0.10349795188734132, 0.3789318010026608, 0.32299284317973964, 0.19457740393025816]]}}