{"test": {"ids": ["101110740", "97105580", "106120640", "107113550", "113121190", "100111080", "108121351", "106119580", "103112641", "97107681", "106118301", "101108950", "108118301", "99111930", "110114610", "112118511", "102110050", "113118231", "107116300", "113119450", "97116790", "103120780", "113118620", "101112160", "113117630", "99120010", "103110840", "99111340", "97106970", "99119830", "112119320", "109117110", "101109120", "98110710", "113122170", "106118820", "107117010", "111116170", "107119950", "107114200", "109117431", "113119950", "102118380", "113120591", "103110760", "99112531", "99109780", "112118880", "107114490", "107113360", "106118520", "107117630", "108115250", "98110680", "103109791", "109117080", "112117210", "97118210", "107116501", "105118740", "107113180", "113120540", "104114410", "105121190", "113119120", "100109360", "106121220", "98107410", "104113240", "101108370", "103117461", "107119390", "107114110", "112116800", "99107630", "105117351", "109117150", "109116930", "102110240", "97107821", "105118171", "110115250", "106113260", "99108890", "112118550", "111120280", "111121220", "111116100", "113122120", "112118530", "104113170", "102110890", "110119030", "109120621", "98108520", "100108080", "99117630", "102111990", "112119120", "109119450", "97107950", "112118701", "107120260", "106116370", "102109910", "99109740", "108121410", "103120290", "103111110", "98109230", "100117420", "110118701", "105118230", "107114280", "98107340", "110118810", "110120531", "111114171", "97116800", "102110750", "113120780", "98112300", "111117480", "112119580", "105113170", "100112060", "101111210", "110114321", "99108460", "112117660", "100116790", "101119591", "109121351", "109115211", "107120130", "102116500", "97113900", "101109370", "107112850", "111120591", "104112470", "107118490"], "labels": [3, 1, 3, 0, 1, 0, 3, 3, 3, 3, 1, 2, 1, 1, 1, 1, 3, 3, 0, 3, 2, 1, 3, 3, 0, 2, 1, 1, 2, 1, 1, 1, 1, 2, 1, 3, 1, 0, 3, 2, 1, 0, 1, 0, 1, 3, 2, 1, 3, 0, 2, 0, 1, 2, 3, 1, 1, 2, 1, 1, 3, 3, 1, 2, 3, 0, 1, 3, 2, 1, 0, 2, 1, 0, 2, 0, 2, 0, 3, 2, 3, 1, 3, 0, 3, 0, 3, 3, 1, 1, 3, 0, 0, 1, 2, 0, 3, 2, 1, 3, 2, 0, 1, 2, 2, 3, 0, 2, 3, 1, 2, 3, 1, 3, 0, 1, 0, 3, 0, 1, 0, 2, 1, 3, 0, 2, 2, 1, 0, 0, 2, 0, 0, 0, 2, 1, 2, 1, 1, 1, 1, 2], "predicted_labels": [1, 0, 1, 2, 0, 1, 1, 3, 2, 2, 0, 2, 3, 1, 1, 3, 1, 1, 1, 0, 2, 1, 1, 3, 1, 2, 2, 1, 3, 1, 2, 3, 3, 1, 1, 3, 2, 3, 3, 0, 1, 0, 1, 0, 1, 0, 1, 2, 3, 3, 1, 0, 2, 2, 2, 1, 2, 3, 3, 3, 2, 0, 3, 2, 3, 3, 0, 3, 1, 0, 3, 0, 3, 1, 3, 0, 0, 2, 1, 0, 3, 3, 1, 1, 3, 3, 3, 0, 0, 1, 1, 2, 3, 0, 1, 1, 0, 0, 2, 3, 3, 3, 1, 0, 3, 1, 0, 2, 3, 0, 2, 2, 3, 1, 2, 3, 0, 3, 0, 2, 3, 3, 3, 3, 3, 0, 3, 1, 3, 3, 1, 0, 3, 3, 2, 0, 0, 1, 1, 3, 3, 1], "confidence_scores": [[0.0243626834653029, 0.6371047718090971, 0.14913651426433433, 0.18939603046126566], [0.6586237088997952, 0.09690662431782641, 0.15952446032348966, 0.084945206458889], [0.10364048352863489, 0.5662167698455898, 0.2082245476491163, 0.12191819897665913], [0.3247536578837614, 0.06801436906459622, 0.45554755605149927, 0.15168441700014276], [0.3785371942432319, 0.3547354487313367, 0.018270473573891777, 0.24845688345154002], [0.19540280637039362, 0.6701337464091387, 0.07652780225373156, 0.05793564496673645], [0.0852745459676085, 0.49590030603406743, 0.07036815388713623, 0.348456994111188], [0.21909223872910594, 0.35949846172449085, 0.0937122213838035, 0.32769707816259963], [0.21894495040406536, 0.1069313072290082, 0.48488332023815317, 0.1892404221287734], [0.010987843527013735, 0.007435680743617718, 0.9533333868368035, 0.02824308889256516], [0.5436599618420662, 0.06963715659681943, 0.010985406190349467, 0.3757174753707647], [0.08026274543394546, 0.04986569091875647, 0.7693459232715858, 0.10052564037571247], [0.2389092321780651, 0.2426103281341693, 0.03265195843850695, 0.48582848124925887], [0.010555121167843707, 0.6331963950098468, 0.2870333666922136, 0.06921511713009566], [0.33845879901987314, 0.3424576823691896, 0.21797814151673303, 0.10110537709420428], [0.2660023059966449, 0.12132893220143277, 0.3121961012332566, 0.300472660568666], [0.037751671241002246, 0.7403747821633969, 0.07578271909004239, 0.1460908275055586], [0.29926373358148484, 0.4376378063620681, 0.07788515955433882, 0.1852133005021082], [0.33858925780753696, 0.5169844463848171, 0.046869897363107815, 0.09755639844453849], [0.9127946798283496, 0.020325896811387224, 0.014280821970925657, 0.05259860138933722], [0.21231223379298947, 0.23550571496923658, 0.5289069601919211, 0.02327509104585263], [0.10145650277925256, 0.6955332770430178, 0.06093579890293712, 0.14207442127479206], [0.1567913480293373, 0.7329274731588517, 0.007709664646314419, 0.10257151416549647], [0.03249127779555415, 0.08991575172714697, 0.24432574701317086, 0.633267223464128], [0.1054697975716025, 0.568908080193198, 0.11958079651926144, 0.20604132571593803], [0.1612958957311387, 0.231116846759956, 0.5120808292973424, 0.09550642821156317], [0.21228678842104906, 0.17960904738849268, 0.4399939329313952, 0.16811023125906302], [0.012912345912704015, 0.533268174121094, 0.34812357086266205, 0.10569590910353993], [0.15152899689715818, 0.16152449397240323, 0.2835928007056282, 0.4033537084248104], [0.018776452016611427, 0.35931309596706895, 0.3975141861882566, 0.22439626582806296], [0.004971564503996635, 0.018376579574507303, 0.9646772537698105, 0.011974602151685653], [0.30370751648411387, 0.3094295665210243, 0.05094775992644863, 0.33591515706841324], [0.20361206363987816, 0.20613393090132429, 0.13693573923796162, 0.45331826622083604], [0.07608654674810864, 0.6151741480352081, 0.1746731894873139, 0.13406611572936974], [0.04175057402490391, 0.36464899145788376, 0.38486853088711936, 0.2087319036300928], [0.03231481024636649, 0.13997479284922817, 0.003997568019914996, 0.8237128288844906], [0.0376594987842134, 0.031233848991292647, 0.7792925577070875, 0.1518140945174062], [0.15648079329931244, 0.4451889828420817, 0.005064310839761914, 0.39326591301884367], [0.10976859655660595, 0.18996560577285276, 0.02255583155393079, 0.6777099661166105], [0.4010366386718613, 0.3216046123173621, 0.01203645429135629, 0.2653222947194204], [0.0653374299587188, 0.5629721009289758, 0.03049502874784637, 0.34119544036445915], [0.7153980714969322, 0.10435347197010487, 0.007590382238877037, 0.17265807429408586], [0.05908487544602129, 0.2949895415300393, 0.45808702515537325, 0.18783855786856646], [0.8594855129761041, 0.05305098923849482, 0.009566193863955982, 0.07789730392144492], [0.2838018157087658, 0.4596176961250953, 0.034003126755720155, 0.22257736141041887], [0.4403013639349531, 0.20153248378827224, 0.04301236534645423, 0.31515378693032053], [0.16590014223985114, 0.4633326675784115, 0.2891215929453248, 0.08164559723641246], [0.3284573567561739, 0.0887187266082627, 0.3837755529160385, 0.1990483637195251], [0.10314209188135175, 0.3729204689713543, 0.04704703308252109, 0.47689040606477306], [0.3600556118050192, 0.2956542819905515, 0.042110003705052974, 0.3021801024993762], [0.18167694519996197, 0.6014611776054775, 0.0208711275075841, 0.19599074968697652], [0.5305113117988746, 0.17154245592347947, 0.10059278178764405, 0.1973534504900018], [0.20540789584763502, 0.17172108557444926, 0.36738194196743684, 0.25548907661047904], [0.07820915326664898, 0.05204057305230036, 0.8476352080755706, 0.022115065605479968], [0.1685463124576956, 0.02641841739144849, 0.7417941479394903, 0.06324112221136544], [0.009173076547119931, 0.8990900913663689, 0.04567851591822703, 0.046058316168284257], [0.13103565528529948, 0.09957081540659568, 0.6717973063205653, 0.09759622298753953], [0.24402547469070515, 0.07203764705110048, 0.32167069646113977, 0.36226618179705455], [0.3489041460217488, 0.1842344299626809, 0.05236347772419384, 0.4144979462913768], [0.08044490132806195, 0.32609462593131006, 0.12275315401441414, 0.47070731872621363], [0.12101102923881024, 0.1886459334014228, 0.6016033309725559, 0.08873970638721095], [0.940994241532484, 0.027323204121273453, 0.004163670289177465, 0.027518884057065034], [0.2586096203675583, 0.11333169038742898, 0.05375566773662315, 0.5743030215083895], [0.02465888299084778, 0.1553668621176804, 0.7256715213264849, 0.09430273356498702], [0.32395764184778014, 0.0097440940390783, 0.13932002673523894, 0.5269782373779027], [0.34869823243334, 0.05884025356292317, 0.09109637570627802, 0.5013651382974588], [0.8024706582783251, 0.07636090741795634, 0.03249486770061264, 0.08867356660310591], [0.33210815955005607, 0.12825811034039739, 0.2184158948290039, 0.3212178352805427], [0.07651884962807819, 0.8032367644277804, 0.10097170386227608, 0.019272682081865486], [0.9552754013841739, 0.02406323853278513, 0.006627093980249477, 0.014034266102791763], [0.3932578469553467, 0.1394849027743533, 0.14175188530885283, 0.3255053649614468], [0.34316476638812177, 0.05720936066296298, 0.3188851493478112, 0.2807407236011044], [0.011742571933099997, 0.026042091008787533, 0.09386457819570751, 0.8683507588624049], [0.1471780717844184, 0.5492137792653443, 0.07928608515852735, 0.22432206379170966], [0.22985568721301877, 0.03346876645963246, 0.09495564086805817, 0.6417199054592907], [0.6920219785766286, 0.048391416728886506, 0.01447105005122159, 0.2451155546432633], [0.5127356461331015, 0.10964794727502443, 0.06568621670479904, 0.31193018988707505], [0.169889510997349, 0.0407497466893561, 0.7184931011367695, 0.07086764117652547], [0.22580410189055705, 0.35317496841768137, 0.2151614206444506, 0.205859509047311], [0.45196137048307267, 0.29457089502464956, 0.08338430754858393, 0.1700834269436937], [0.06388604588920042, 0.4570446163326058, 0.019537938656827483, 0.45953139912136615], [0.16945135780263826, 0.2021367791605151, 0.07029294135124434, 0.5581189216856023], [0.3564538192549446, 0.4620136153821185, 0.10154262515779407, 0.07998994020514306], [0.01410004159778651, 0.9358574189506229, 0.016841477235730515, 0.033201062215860076], [0.23060026814600368, 0.30349570048397906, 0.011165881381794977, 0.4547381499882222], [0.1801288480890256, 0.31746486793117235, 0.00604035787351805, 0.4963659261062844], [0.10610741654519892, 0.19917639094321152, 0.009967674995987032, 0.6847485175156024], [0.6962882704840815, 0.24542075472523445, 0.008561392863903295, 0.04972958192678066], [0.4496900201911813, 0.34216421472337455, 0.16637344886941977, 0.04177231621602439], [0.1028858319505837, 0.4962102940335132, 0.3828173397188911, 0.018086534297011722], [0.02137644165843741, 0.7449226008909293, 0.10949706884954669, 0.12420388860108664], [0.38602917560522676, 0.011398718450927625, 0.4248816779442777, 0.17769042799956777], [0.22849111682168927, 0.3844423673774249, 0.05344686612885446, 0.33361964967203156], [0.5806645579253538, 0.24364442469717806, 0.04359026862221368, 0.13210074875525446], [0.2844295045343967, 0.43020938492863253, 0.026650774380408825, 0.25871033615656175], [0.05007723692123868, 0.7939588469911214, 0.03263361129401231, 0.12333030479362715], [0.5131339168110137, 0.218181217719431, 0.11286991993390648, 0.15581494553564887], [0.8307643940836612, 0.030795412005179768, 0.05637190066107101, 0.08206829325008817], [0.38159967086677044, 0.017417206595796486, 0.46770163797044423, 0.13328148456698888], [0.004655948795193429, 0.04013457295378182, 0.33072811947883995, 0.6244813587721848], [0.1271420668012405, 0.3778377697277832, 0.12978842714846667, 0.3652317363225092], [0.09624991550295248, 0.18247142006906605, 0.03101796275161032, 0.690260701676371], [0.44946170755582265, 0.4951368816146447, 0.03980243105520106, 0.015598979774331572], [0.5592174523170746, 0.049740109068303236, 0.03703383901019613, 0.35400859960442566], [0.295880009033587, 0.06914252294264099, 0.08363081627659631, 0.5513466517471758], [0.018024107665468497, 0.6612796288919435, 0.29134017078549806, 0.02935609265708992], [0.613152007790374, 0.24575895991473673, 0.029452807877247925, 0.11163622441764136], [0.05979638679419463, 0.033864744722508854, 0.8785190653284302, 0.02781980315486644], [0.04844501024654088, 0.2221619676119487, 0.03276343219945088, 0.6966295899420599], [0.41921739367277766, 0.1087347241500941, 0.3366188232020718, 0.13542905897505592], [0.017023849352427435, 0.007950658929729, 0.8880350820593554, 0.08699040965848816], [0.24492982959329965, 0.17434389521408034, 0.366252636208918, 0.21447363898370203], [0.09269890027483954, 0.26204705353166474, 0.11679547043669161, 0.5284585757568038], [0.19921431302385256, 0.7032667467436262, 0.0444669967750927, 0.05305194345742855], [0.0861302015748033, 0.043638638440143894, 0.7641481482175952, 0.10608301176745762], [0.1651327798818237, 0.08906853604012793, 0.09252956519182147, 0.6532691188862269], [0.5216299964328556, 0.0963932693856429, 0.03616013547802888, 0.3458165987034723], [0.21325340596374592, 0.048972270514633556, 0.008739078637499967, 0.729035244884121], [0.8011364909023856, 0.06472789088606433, 0.07974383282345589, 0.054391785388094215], [0.11984166127251114, 0.14007680499650707, 0.719823205854249, 0.02025832787673309], [0.2648595830731434, 0.32675336759981016, 0.04764798981457839, 0.36073905951246804], [0.25235763350768153, 0.021338721154355506, 0.27088688969468977, 0.4554167556432733], [0.20365359537865438, 0.18465854820357044, 0.03833046973427359, 0.5733573866835016], [0.04264506358513584, 0.10480986373096195, 0.050986305318699354, 0.8015587673652028], [0.05273184488062276, 0.0580753242651371, 0.008945456629452883, 0.8802473742247873], [0.5021777732678535, 0.12474800719216053, 0.2189711528248, 0.15410306671518587], [0.12169532659169142, 0.22043253101829333, 0.14005309447818762, 0.5178190479118278], [0.20308721783234845, 0.4695900214383203, 0.22027928233698027, 0.10704347839235086], [0.049158988499300046, 0.09024168043747845, 0.003685429461504578, 0.8569139016017169], [0.29438785771170944, 0.2722276399568711, 0.028414910927625485, 0.4049695914037939], [0.25460105741462913, 0.481653482561394, 0.1703165187189729, 0.09342894130500365], [0.7870142879168988, 0.03637974955384513, 0.010965313133798187, 0.1656406493954582], [0.26693996562000016, 0.28676599395998537, 0.020693652957097956, 0.42560038746291623], [0.034414050589615074, 0.06497070060275167, 0.02107680517629257, 0.8795384436313405], [0.11291243989129542, 0.060532898353973845, 0.819362067011506, 0.0071925947432248255], [0.35074621863187216, 0.23013947245451272, 0.26365698434304197, 0.1554573245705726], [0.3920658196594028, 0.19781097215535984, 0.3795502741759954, 0.03057293400924171], [0.0617525091479031, 0.6221771280326173, 0.1688682878919591, 0.1472020749275207], [0.11043558717354932, 0.8002951689019798, 0.04006459408411994, 0.04920464984035093], [0.2329005452486966, 0.07720810417477662, 0.01078391155315439, 0.6791074390233723], [0.06706056290539888, 0.03893352079255871, 0.4217155112215123, 0.4722904050805304], [0.19556306134661694, 0.5983410798554724, 0.13517114732163474, 0.07092471147627587]]}, "rewritten": {"ids": ["97105580", "97106970", "97107681", "97107821", "97107950", "97113900", "97116790", "97116800", "97118210", "98107340", "98107410", "98108520", "98109230", "98110680", "98110710", "98112300", "99107630", "99108460", "99108890", "99109740", "99109780", "99111340", "99111930", "99112531", "99117630", "99119830", "99120010", "100108080", "100109360", "100111080", "100112060", "100116790", "100117420", "101108370", "101108950", "101109120", "101109370", "101110740", "101111210", "101112160", "101119591", "102109910", "102110050", "102110240", "102110750", "102110890", "102111990", "102116500", "102118380", "103109791", "103110760", "103110840", "103111110", "103112641", "103117461", "103120290", "103120780", "104112470", "104113170", "104113240", "104114410", "105113170", "105117351", "105118171", "105118230", "105118740", "105121190", "106113260", "106116370", "106118301", "106118520", "106118820", "106119580", "106120640", "106121220", "107112850", "107113180", "107113360", "107113550", "107114110", "107114200", "107114280", "107114490", "107116300", "107116501", "107117010", "107117630", "107118490", "107119390", "107119950", "107120130", "107120260", "108115250", "108118301", "108121351", "108121410", "109115211", "109116930", "109117080", "109117110", "109117150", "109117431", "109119450", "109120621", "109121351", "110114321", "110114610", "110115250", "110118701", "110118810", "110119030", "110120531", "111114171", "111116100", "111116170", "111117480", "111120280", "111120591", "111121220", "112116800", "112117210", "112117660", "112118511", "112118530", "112118550", "112118701", "112118880", "112119120", "112119320", "112119580", "113117630", "113118231", "113118620", "113119120", "113119450", "113119950", "113120540", "113120591", "113120780", "113121190", "113122120", "113122170"], "labels": [1, 2, 3, 2, 2, 2, 2, 0, 2, 0, 3, 2, 1, 2, 2, 2, 2, 0, 0, 3, 2, 1, 1, 3, 3, 1, 2, 0, 0, 0, 2, 2, 2, 1, 2, 1, 1, 3, 2, 3, 0, 2, 3, 3, 1, 0, 2, 1, 1, 3, 1, 1, 3, 3, 0, 2, 1, 1, 3, 2, 1, 0, 0, 3, 1, 1, 2, 3, 2, 1, 2, 3, 3, 3, 1, 1, 3, 0, 0, 1, 2, 3, 3, 0, 1, 1, 0, 2, 2, 3, 2, 1, 1, 1, 3, 0, 0, 0, 1, 1, 2, 1, 3, 1, 0, 1, 1, 1, 3, 1, 0, 0, 3, 3, 0, 1, 0, 1, 3, 0, 1, 0, 1, 1, 3, 0, 1, 1, 1, 3, 0, 3, 3, 3, 3, 0, 3, 0, 0, 1, 1, 1], "predicted_labels": [0, 3, 2, 0, 3, 0, 1, 0, 3, 2, 0, 3, 2, 2, 1, 3, 3, 3, 1, 1, 1, 1, 1, 3, 0, 1, 0, 1, 0, 1, 0, 1, 2, 0, 2, 3, 3, 1, 3, 3, 0, 0, 1, 0, 2, 0, 0, 0, 1, 2, 0, 3, 3, 3, 3, 2, 1, 3, 1, 1, 3, 3, 0, 3, 3, 3, 2, 1, 0, 3, 1, 3, 1, 1, 0, 1, 2, 3, 2, 3, 1, 1, 3, 1, 3, 2, 0, 1, 3, 3, 2, 1, 3, 3, 3, 0, 3, 2, 1, 0, 3, 3, 3, 0, 3, 0, 1, 3, 3, 3, 3, 0, 3, 0, 1, 3, 3, 3, 3, 1, 2, 0, 3, 1, 3, 3, 2, 2, 2, 3, 1, 1, 1, 3, 0, 0, 0, 0, 3, 0, 0, 1], "confidence_scores": [[0.6267603535094878, 0.18011022582853825, 0.10752158613430736, 0.08560783452766657], [0.16104885969225616, 0.1728968185622358, 0.23386188928467813, 0.4321924324608299], [0.010105188628971029, 0.02240157323208868, 0.9052601798346287, 0.062233058304311875], [0.572507213261842, 0.2333159870527277, 0.06582993677769695, 0.12834686290773317], [0.1360811674940816, 0.37663885534839453, 0.1796191212227341, 0.3076608559347896], [0.5111593549780035, 0.19195179616978714, 0.25557109360957253, 0.04131775524263663], [0.2826670546705848, 0.45825596915556044, 0.23114223049794624, 0.027934745675908576], [0.7698936835485166, 0.12583605059532346, 0.028648924772733352, 0.07562134108342666], [0.23990535025652185, 0.2983486189206266, 0.14563980241362082, 0.3161062284092308], [0.039352284336652714, 0.02205277837858979, 0.8553511344931874, 0.08324380279157023], [0.4637334919304157, 0.12764496068750705, 0.1776653751322177, 0.23095617224985956], [0.24207302462374297, 0.4269350413396692, 0.05065213743017517, 0.2803397966064125], [0.3119655608627982, 0.13237004504656813, 0.4891689349812678, 0.06649545910936565], [0.07696467944878116, 0.05777163555025387, 0.8506956352797761, 0.014568049721189018], [0.09471626654001519, 0.6868325663859256, 0.14739360922464456, 0.07105755784941453], [0.38884145646912494, 0.026270283516031407, 0.19193302994307612, 0.3929552300717676], [0.25214162518075733, 0.044190080720129234, 0.0873086047186531, 0.6163596893804604], [0.0872261148814078, 0.118604985221591, 0.032124714056077835, 0.7620441858409231], [0.015941566966912374, 0.928387580896444, 0.021642175028115926, 0.03402867710852755], [0.025753372711679788, 0.4051327056313997, 0.4960055094089201, 0.07310841224800056], [0.10130290903183593, 0.3869150554370636, 0.360461537160435, 0.15132049837066525], [0.014369598279677551, 0.5936835364256426, 0.34063812832640555, 0.05130873696827415], [0.019613952971894243, 0.4242657782057266, 0.4873198970691562, 0.06880037175322307], [0.3324415197214806, 0.2729076063551688, 0.03605564373203956, 0.3585952301913108], [0.49903412515985734, 0.23370305719807694, 0.10858262706423201, 0.15868019057783372], [0.022078906367136424, 0.3507956639704787, 0.45561863226940097, 0.1715067973929841], [0.31897457790702005, 0.2246549753955674, 0.2500127592088201, 0.2063576874885923], [0.07366022126007997, 0.6534147737425917, 0.014659418705166847, 0.25826558629216134], [0.5256440916568158, 0.05421458865954807, 0.08995119336163677, 0.33019012632199946], [0.14043838666343256, 0.622222965547815, 0.1440801044492008, 0.09325854333955186], [0.45072703207046383, 0.18780921798395597, 0.19233029570586316, 0.169133454239717], [0.19231108568518587, 0.528153161090429, 0.20408469748367264, 0.07545105574071234], [0.05815762333319223, 0.037024004836130636, 0.7739925290988791, 0.13082584273179837], [0.9578046492760204, 0.0262752538159826, 0.002472398491847618, 0.013447698416149135], [0.16424685359101682, 0.05679524060136598, 0.5407557477579873, 0.23820215804963], [0.31057859509852864, 0.3042720605302017, 0.0833648298661258, 0.3017845145051438], [0.08100913217042467, 0.44809363530730717, 0.09167602399866553, 0.3792212085236026], [0.06832493746863477, 0.6840812904599021, 0.09357149916016547, 0.15402227291129722], [0.07129262352614764, 0.3539291261066684, 0.04699332192029116, 0.5277849284468927], [0.029226926071912237, 0.09478991147154903, 0.3254153530352946, 0.5505678094212442], [0.8607753754788076, 0.018589358012521873, 0.006009433007143676, 0.1146258335015267], [0.4597527173121153, 0.1240548166815351, 0.07518842214801963, 0.34100404385833], [0.02754612404286079, 0.6517789706734034, 0.1432670642680461, 0.17740784101568974], [0.35156527556524536, 0.2565180656617675, 0.15697357293428732, 0.2349430858386999], [0.12039573512299459, 0.1831890358718445, 0.6746620106791712, 0.021753218325989563], [0.7831517480001896, 0.016414423006770984, 0.13697362405091432, 0.0634602049421252], [0.8873713346752847, 0.01928228997028976, 0.04226937053512774, 0.05107700481929772], [0.38304045216415233, 0.2198814557972586, 0.25093396778109717, 0.14614412425749174], [0.09090066826661004, 0.3384103494531172, 0.4472670879712673, 0.12342189430900523], [0.11247239722347437, 0.023165838166837226, 0.753494578763427, 0.11086718584626142], [0.4351722334738313, 0.36462702172624445, 0.020336983701381064, 0.17986376109854332], [0.13610409741940463, 0.21353243095959504, 0.34254178172668964, 0.3078216898943103], [0.03892740084531558, 0.13894055065214603, 0.06813956902499459, 0.7539924794775433], [0.22781212473178084, 0.08607850578310217, 0.33125216408437674, 0.35485720540074056], [0.26277851938802804, 0.1977847188636634, 0.14128958474999118, 0.39814717699831736], [0.10655799067934832, 0.146100802013448, 0.6517953336977905, 0.09554587360941284], [0.06991869833753356, 0.7520804054010795, 0.019225976729900947, 0.158774919531486], [0.07048343530202687, 0.07358951882913516, 0.2702860891779133, 0.5856409566909248], [0.055948461170202066, 0.7061265440957407, 0.08422682277809525, 0.1536981719559619], [0.0684595460217525, 0.6429690323499166, 0.2635405346060104, 0.025030887022320637], [0.2997625973472798, 0.1397400242322447, 0.0717123470105542, 0.48878503140992136], [0.05148713037732749, 0.05701273029971337, 0.015041899791396597, 0.8764582395315627], [0.6957954685931166, 0.05848998513956426, 0.012239922400283673, 0.23347462386703535], [0.07157777086022306, 0.5061055944866316, 0.04145990208093812, 0.38085673257220753], [0.1286336979130313, 0.30475571621801745, 0.16339354129939215, 0.4032170445695592], [0.09112136876003149, 0.3238145033989256, 0.19627636796193834, 0.3887877598791044], [0.02899600852034023, 0.1401921953906528, 0.6695177828683277, 0.16129401322067935], [0.42579909663986604, 0.5019778374825353, 0.025223291021565977, 0.04699977485603278], [0.614228974055193, 0.040043550136901945, 0.02958761554188856, 0.3161398602660164], [0.3833139493166451, 0.0698048157232612, 0.024005694051082938, 0.5228755409090109], [0.20523944203930106, 0.5803838809564243, 0.031224302029803724, 0.18315237497447082], [0.043198242988411094, 0.17183206414552593, 0.007354746380376868, 0.7776149464856862], [0.14679848953285804, 0.5429359337049554, 0.10797112455684038, 0.20229445220534617], [0.15665326802748503, 0.7053266527669196, 0.06797392422096879, 0.07004615498462627], [0.6306259553142803, 0.08786950380762613, 0.03946910976061075, 0.24203543111748288], [0.09544419431076533, 0.8341075869033797, 0.04393480081388075, 0.02651341797197426], [0.06467153284372605, 0.19934806961904672, 0.6647859815632323, 0.07119441597399505], [0.32442543588663925, 0.3073473493011848, 0.051068547839342046, 0.31715866697283385], [0.35802086655176685, 0.06793609194298442, 0.4989508127573892, 0.07509222874785954], [0.0090732129391215, 0.022731858096504437, 0.05152870860835091, 0.916666220356023], [0.14975156079811722, 0.5150948135612621, 0.010272174644168764, 0.3248814509964519], [0.132359936425241, 0.8332779274931548, 0.005824422141502443, 0.02853771394010196], [0.09553995479761243, 0.25684948657939494, 0.0353903087680096, 0.6122202498549835], [0.30719660251011, 0.5491774716177059, 0.05402512882378659, 0.08960079704839741], [0.4226367597105494, 0.12388472814328415, 0.053282852948177015, 0.40019565919798955], [0.015357996354198846, 0.024905911135319266, 0.88765080319871, 0.07208528931177172], [0.5183626835227473, 0.14189851846872684, 0.09622205224337155, 0.24351674576515453], [0.2316952005060653, 0.5602980025928234, 0.090418940161061, 0.11758785674005076], [0.1400634234563153, 0.06649205827408754, 0.4087529676856822, 0.38469155058391485], [0.08491453521419634, 0.23306093762633429, 0.017536120711295396, 0.6644884064481743], [0.18973208720438822, 0.12835240870619027, 0.6504615860856134, 0.03145391800380832], [0.287263155454833, 0.28256751448232675, 0.3402189879748345, 0.08995034208800605], [0.16834623282713057, 0.20456641365980302, 0.3432413021354291, 0.2838460513776372], [0.3693780805134964, 0.17510705661533088, 0.029454581888915053, 0.42606028098225773], [0.12295948385280603, 0.4425486297744192, 0.04746405657257508, 0.3870278298001998], [0.6652345380014335, 0.16682987884144096, 0.042965369719290485, 0.12497021343783518], [0.07506100987156775, 0.25871566597921386, 0.013647152626105752, 0.6525761715231128], [0.2653057040976154, 0.12963662754336122, 0.5410236166529256, 0.06403405170609784], [0.006473864067379468, 0.919313796055885, 0.012924622122386781, 0.0612877177543487], [0.7178464037216294, 0.04265719604825098, 0.03947509974532559, 0.20002130048479425], [0.3419211819578017, 0.24200823574314023, 0.13083291253407586, 0.28523766976498194], [0.07782024570213827, 0.2723712737434822, 0.029116805978422356, 0.6206916745759574], [0.010208880464945346, 0.06318429109577064, 0.3472322316733313, 0.5793745967659527], [0.7655308517322096, 0.09443891006871331, 0.01308809664435333, 0.12694214155472364], [0.18694555701763493, 0.2632357378338922, 0.009865985700683188, 0.53995271944779], [0.6740594999928625, 0.20776825732294518, 0.043454483466767634, 0.0747177592174247], [0.3237305315230424, 0.373620812964993, 0.24425676336330282, 0.05839189214866161], [0.17252350179681777, 0.06288439121790276, 0.08806322369718773, 0.6765288832880917], [0.3881755320571429, 0.18612991456627773, 0.12426794822960466, 0.3014266051469744], [0.08268423186599153, 0.046066602494411316, 0.042074290454552715, 0.8291748751850444], [0.36977448930878215, 0.30232118156996646, 0.022166798336139413, 0.30573753078511196], [0.706502178664056, 0.056483938334195405, 0.015378247237645767, 0.22163563576410308], [0.23073875772642427, 0.06946071351875298, 0.006327951501352657, 0.6934725772534703], [0.8124739933685063, 0.13774518613463613, 0.010695544228470895, 0.03908527626838698], [0.12382501436378368, 0.5118635872658218, 0.005806626312787675, 0.35850477205760667], [0.11360343302767976, 0.22316391609186945, 0.03020452492344318, 0.6330281259570075], [0.26663555110186, 0.30196339846950315, 0.011331194978889587, 0.420069855449747], [0.2256105731432713, 0.09096780260925187, 0.013564188062377046, 0.6698574361850997], [0.09137198422076107, 0.17087353223269686, 0.006500397910628749, 0.7312540856359133], [0.11443447972882716, 0.6890525928224055, 0.0403062843720269, 0.15620664307674048], [0.12280861793050181, 0.13706385972847612, 0.6070126146436778, 0.13311490769734444], [0.28911360645163037, 0.3237900532937113, 0.06405986446981012, 0.323036475784848], [0.3924958346350491, 0.09172686604294271, 0.16361088456690007, 0.35216641475510824], [0.09590837844087162, 0.38552391386991264, 0.4994303381850259, 0.01913736950418986], [0.2716312901721326, 0.1419853559505735, 0.015538714414858894, 0.570844639462435], [0.2023657049895677, 0.14258254116844235, 0.04496927554192561, 0.6100824783000645], [0.22597285488399688, 0.11212471091381086, 0.48680221522434763, 0.17510021897784453], [0.3973135057757721, 0.0370658796070019, 0.43169942695486874, 0.13392118766235736], [0.04713134327062574, 0.08549851074588946, 0.7677984288804764, 0.0995717171030083], [0.040879872275100156, 0.17930310388494256, 0.038169145503522676, 0.7416478783364346], [0.062348541853159835, 0.5946363881796921, 0.12599119575455786, 0.21702387421259006], [0.35342578991631035, 0.4626245929330812, 0.07167172313373762, 0.11227789401687112], [0.20118392111485967, 0.6254336235525643, 0.015645943491388935, 0.15773651184118662], [0.26049393503294727, 0.011507218084432967, 0.13724128593686333, 0.5907575609457563], [0.8208837384151642, 0.05978999471236934, 0.051368314616754285, 0.067957952255712], [0.6153367339440692, 0.2144597774777664, 0.011733269038170131, 0.15847021953999413], [0.9033216633375079, 0.05238964745957244, 0.00985545147801583, 0.03443323772490422], [0.6466183360685539, 0.0593533234185765, 0.01519647643503015, 0.27883186407783944], [0.2354307272326654, 0.3688161737040201, 0.04603363667723064, 0.34971946238608415], [0.6954972915317416, 0.23476208726245887, 0.004219268813481681, 0.06552135239231813], [0.5262249987842541, 0.19911297991672414, 0.21908329503708251, 0.055578726261939305], [0.020214303901930526, 0.4616982991779232, 0.371375053241247, 0.1467123436788995]]}}