{"test": {"ids": ["100113210", "113121680", "107113550", "106117650", "103113610", "101108370", "109114270", "108115250", "108115870", "105117200", "110120531", "99121440", "105112260", "98121790", "99107300", "98113881", "113120280", "109115211", "99111930", "101121640", "106121220", "112118530", "110120560", "104111990", "112117780", "98106880", "113120260", "113117401", "99109740", "102112250", "112117030", "113122430", "112117210", "106113830", "101110200", "107112840", "109120150", "113119700", "113122170", "111117480", "111115780", "100107920", "101108460", "110115250", "98109311", "111116100", "100109330", "111116530", "105113190", "100109980", "110115140", "107113840", "111115910", "107114621", "108113760", "103109021", "107116300", "106115250", "101111210", "109115380", "109118820", "97116410", "98117740", "103120780", "108121351", "109120540", "113119120", "107114321", "101111140", "111116170", "101109000", "111114171", "103110220", "111117000", "105116860", "97105760", "108114360", "103111990", "112119320", "103113210", "111120320", "110118450", "105113330", "113121810", "106119990", "110118301", "104113550", "113122190", "111120280", "99108580", "101119591", "103110840", "112119950", "110121500", "112116880", "112119450", "111116990", "112118701", "111116090", "113121980", "99108460", "99111340", "110117080", "100111080", "99109840", "103111620", "104111550", "103110760", "98111620", "113118820", "111120640", "99108000", "112118810", "104116441", "107114200", "104114320", "100116500", "111119430", "110117200", "103120531", "109119340", "101108500", "110115710", "103111170", "108114180", "113119450", "110118630", "113118630", "104111780", "113120531", "97112300", "103113640", "104119290", "109117080", "109113931", "108119510", "99108010", "109113591", "99108710", "107118520", "102110240", "109116040"], "labels": [0, 1, 0, 1, 2, 1, 3, 1, 3, 3, 0, 2, 3, 2, 3, 3, 0, 0, 1, 2, 1, 1, 0, 2, 0, 0, 3, 3, 3, 0, 2, 2, 1, 1, 2, 1, 2, 0, 1, 1, 1, 0, 0, 1, 1, 3, 0, 3, 3, 1, 0, 3, 2, 0, 1, 0, 0, 2, 2, 3, 3, 3, 2, 1, 3, 1, 3, 0, 2, 0, 1, 3, 2, 0, 2, 0, 1, 2, 1, 3, 1, 0, 3, 2, 0, 1, 1, 1, 0, 0, 0, 1, 0, 3, 0, 3, 0, 0, 3, 2, 0, 1, 1, 0, 2, 0, 1, 1, 3, 0, 0, 2, 3, 1, 2, 2, 2, 3, 3, 3, 3, 3, 2, 2, 1, 3, 1, 3, 3, 0, 2, 1, 1, 1, 1, 1, 2, 3, 2, 2, 3, 0], "predicted_labels": [3, 1, 1, 3, 1, 0, 1, 3, 3, 3, 3, 1, 3, 1, 1, 1, 0, 3, 1, 3, 3, 1, 1, 1, 0, 3, 3, 3, 1, 3, 3, 1, 1, 3, 1, 3, 1, 1, 3, 3, 1, 3, 1, 3, 3, 0, 1, 1, 0, 1, 1, 1, 1, 3, 3, 3, 3, 1, 3, 3, 1, 1, 3, 1, 3, 3, 3, 3, 0, 3, 1, 3, 3, 1, 1, 1, 3, 1, 1, 1, 3, 3, 3, 1, 1, 1, 0, 3, 3, 1, 3, 1, 3, 0, 1, 3, 0, 1, 0, 3, 3, 1, 3, 1, 3, 1, 1, 1, 1, 1, 1, 1, 3, 1, 3, 1, 3, 3, 3, 3, 1, 1, 3, 1, 3, 3, 1, 3, 1, 1, 3, 0, 3, 1, 1, 1, 1, 1, 0, 1, 1, 3], "confidence_scores": [[0.27542193362193357, 0.2302872904872906, 0.13351087801087808, 0.3607798978798977], [0.2120151293151294, 0.3094233266733269, 0.18437056277056282, 0.29419098124098125], [0.2280959151959152, 0.2684609168609169, 0.2612765956265958, 0.24216657231657246], [0.23866373626373633, 0.27682440892440874, 0.1905533752195517, 0.29395847959230315], [0.2360877261627262, 0.3434645243645242, 0.20063671328671343, 0.2198110361860363], [0.3430964274287804, 0.23674605557840847, 0.15657688455335525, 0.26358063243945606], [0.2317070540570541, 0.28555158730158736, 0.2213656787656788, 0.26137567987567983], [0.20578880008880024, 0.2587815961815964, 0.2394616661116663, 0.29596793761793755], [0.2622208569208571, 0.24390714285714302, 0.1701060106560108, 0.32376598956598934], [0.23555962370962372, 0.28124579864579874, 0.19383795648795657, 0.28935662115662114], [0.2539293281881518, 0.2997038739038741, 0.13464712509712512, 0.3117196728108491], [0.18738101065601068, 0.3860601426351426, 0.19432798867798878, 0.23223085803085813], [0.22530256965256976, 0.2450354256854257, 0.18701796536796533, 0.34264403929403925], [0.24833325563325573, 0.3177021312021312, 0.22049279413397063, 0.21347181903064263], [0.27942091797091806, 0.3087190281940282, 0.14325329947829957, 0.26860675435675424], [0.24390167610167612, 0.28496386946386953, 0.24560904095904124, 0.22552541347541352], [0.3053198512272042, 0.2373803307803309, 0.18344609834609843, 0.27385371964636673], [0.21251551226551235, 0.28263289488289495, 0.18292333026450688, 0.3219282625870861], [0.21669888444888455, 0.35724835164835156, 0.17698753468753484, 0.24906522921522922], [0.18856467421467427, 0.29069338994339006, 0.19139785769785772, 0.32934407814407796], [0.23251943807826164, 0.26687132671250324, 0.14158125763125765, 0.3590279775779775], [0.2017627317127316, 0.3539389998889999, 0.19907019647019653, 0.245228071928072], [0.26416044511044523, 0.3004442446442447, 0.1982656010656011, 0.23712970917970932], [0.2477180042180043, 0.31010951548451543, 0.1726252303252304, 0.26954724997225016], [0.3066840021090022, 0.28562647907647915, 0.15713801198801203, 0.25055150682650695], [0.19323489288489304, 0.2682200466200468, 0.2496900321900322, 0.2888550283050283], [0.19223493728493743, 0.2824526917526919, 0.22114856809856817, 0.30416380286380273], [0.2703646147969678, 0.27856369463869474, 0.15863368020868027, 0.29243801035565736], [0.14776063576945941, 0.37511609583227223, 0.20569823232323264, 0.27142503607503626], [0.2588528138528139, 0.23787835497835505, 0.22652095127095137, 0.2767478798978798], [0.18133250246485552, 0.28569639804639807, 0.18326065601065608, 0.3497104434780906], [0.20530395715395722, 0.33732851592851587, 0.16392090132090142, 0.29344662559662554], [0.1876826839826841, 0.3224039682539682, 0.2677694083694084, 0.22214393939393945], [0.2563069283657519, 0.24502538376656036, 0.20585545010545023, 0.2928122377622377], [0.20748494283494276, 0.35894962814962816, 0.17687051282051297, 0.25669491619491625], [0.19525365745365758, 0.26250995670995686, 0.24708213453213462, 0.2951542513042511], [0.2525159729159729, 0.2619935786435787, 0.22437971832089482, 0.2611107301195538], [0.23552991452991467, 0.3441387168387168, 0.1989744699744699, 0.22135689865689867], [0.2024950105450106, 0.2806058108558109, 0.22955286935286942, 0.2873463092463092], [0.2378958727546963, 0.26125264816882493, 0.16171808191808204, 0.3391333971583971], [0.29133384115884126, 0.299411211011211, 0.15550488400488405, 0.2537500638250637], [0.2842302641802642, 0.2528709124209126, 0.16432681207681213, 0.29857201132201133], [0.26038957153957154, 0.29126091963591966, 0.22016407481407493, 0.2281854340104341], [0.2246324381500853, 0.26445821564056865, 0.1989784992784994, 0.3119308469308467], [0.24891953046953047, 0.24812748917748936, 0.22955029610911964, 0.2734026842438606], [0.3158228715728716, 0.2879838383838382, 0.14907582972582978, 0.24711746031746049], [0.21525142080142087, 0.34324489676989667, 0.18980461205461216, 0.2516990703740704], [0.20304466089466083, 0.34698093018093035, 0.17187877122877132, 0.27809563769563767], [0.344673570873571, 0.2287073426573427, 0.15903797313797322, 0.26758111333111345], [0.26556934176934194, 0.299009618159618, 0.19920011100011112, 0.23622092907092912], [0.24912076257076277, 0.28216894771894774, 0.21120522255522264, 0.2575050671550672], [0.23280233100233105, 0.30996779331779334, 0.2121061327561328, 0.2451237429237431], [0.23294389499389503, 0.30647162282162277, 0.20929689199689216, 0.2512875901875902], [0.21380925185925204, 0.2811503108003108, 0.20467475857475864, 0.30036567876567866], [0.257845476745477, 0.275813542013542, 0.17862463647463653, 0.2877163447663449], [0.2712561688311689, 0.2776055916305918, 0.16685996503496506, 0.2842782745032746], [0.22802780552780552, 0.25591409701409706, 0.19054447219447226, 0.3255136252636252], [0.23484173881673892, 0.29989907592407594, 0.21735298035298048, 0.24790620490620494], [0.22413220668220665, 0.23336483793983792, 0.1866049533799535, 0.355898001998002], [0.21400468420468424, 0.2274824120324122, 0.2595921966921968, 0.29892070707070706], [0.20363448773448786, 0.3204817682317682, 0.21562997835497844, 0.2602537656787657], [0.22585002220002226, 0.2999146964146963, 0.21596466033966044, 0.25827062104562104], [0.20928582251082267, 0.2770006132756134, 0.23019213564213575, 0.28352142857142854], [0.21318089688089686, 0.3204323232323232, 0.16578713508713508, 0.30059964479964474], [0.23048339993340008, 0.2924194250194252, 0.17313902763902767, 0.30395814740814747], [0.2540157314907316, 0.2699254356754357, 0.17896715784215797, 0.29709167499167494], [0.23778905538905556, 0.245776911976912, 0.16357934842934846, 0.3528546842046842], [0.21254647574647575, 0.24472737540237538, 0.13835268065268072, 0.4043734681984683], [0.29077734487734497, 0.2657999944499944, 0.1954355144855146, 0.2479871461871463], [0.25844174518292173, 0.2948334942834943, 0.13478100788100794, 0.3119437526525762], [0.19356984681984693, 0.32054191364191364, 0.19909169164169185, 0.2867965478965479], [0.27123075062192725, 0.2326035020535022, 0.16975058275058277, 0.3264151645739881], [0.1958584479847639, 0.267123421023421, 0.23510980598349013, 0.30190832500832515], [0.21593005050505074, 0.29479966699966714, 0.2194715090465091, 0.26979877344877345], [0.27935826118326135, 0.28683521756021735, 0.1888436424686425, 0.24496287878787884], [0.20439392470274834, 0.3287353460265224, 0.2055999555999556, 0.2612707736707737], [0.2636567155067156, 0.26113416583416615, 0.18927252192252209, 0.28593659673659677], [0.2261329614829615, 0.3275610112110112, 0.16956527639027646, 0.276740750915751], [0.20460518370518369, 0.2931637029637029, 0.21370414585414607, 0.2885269674769674], [0.24506140248640257, 0.3537050865800864, 0.1580473914973915, 0.24318611943611962], [0.2535335811247576, 0.2747577533577533, 0.17618142968142977, 0.29552723583605933], [0.19875163170163182, 0.294194733044733, 0.19653386613386636, 0.3105197691197689], [0.2744629148629149, 0.23528206238206242, 0.1510042513042513, 0.3392507714507717], [0.1822943053678349, 0.2938576185252658, 0.28265285825285835, 0.24119521785404138], [0.25345929462694167, 0.29375450301332656, 0.1604930735930736, 0.29229312876665814], [0.2384218281718283, 0.2890203185703187, 0.18869857364857376, 0.28385927960927965], [0.2987418747918748, 0.2476891608391609, 0.16073726828726828, 0.2928316960816962], [0.2528417471417473, 0.25145906315906325, 0.1961439255189257, 0.2995552641802641], [0.24595380730380736, 0.26504120221883387, 0.1347429154179155, 0.35426207505944335], [0.2133468642468643, 0.3369267565767566, 0.18731288711288716, 0.262413492063492], [0.2503320235320237, 0.2552718614718615, 0.19019666836431542, 0.3041994466317996], [0.23344264069264073, 0.280309102009102, 0.2100770951270952, 0.2761711621711622], [0.2994750305250306, 0.22823862248862262, 0.1568562437562438, 0.3154301032301031], [0.3194243614228908, 0.2950105061605064, 0.15066948051948056, 0.23489565189712258], [0.24631324508824512, 0.3023000444000444, 0.19823233433233448, 0.2531543761793761], [0.23262202242202243, 0.2623257853257854, 0.13534332889332898, 0.36970886335886355], [0.3152620268620269, 0.2393874347874349, 0.1862043845043846, 0.25914615384615386], [0.2424582029082031, 0.3068853618603619, 0.19589072871572882, 0.2547657065157065], [0.3181433510933512, 0.23690254190254206, 0.16890808635808643, 0.27604602064602063], [0.18296206734442036, 0.2914630730380731, 0.17699164724164732, 0.34858321237585954], [0.24258741258741262, 0.27619305139305134, 0.16095138750138765, 0.3202681485181486], [0.1828170718170719, 0.3451374569874569, 0.2400759462759463, 0.23196952491952497], [0.22524044844044855, 0.2475695415695416, 0.23652239427239444, 0.2906676157176158], [0.2427905511155512, 0.309619005994006, 0.20248159618159622, 0.24510884670884683], [0.180903318903319, 0.25783289488289496, 0.2239526251526251, 0.337311161061161], [0.2622276390276391, 0.3137998778998781, 0.19149775779775788, 0.2324747252747252], [0.23303707403707402, 0.28506547064047055, 0.22430421522921526, 0.2575932400932403], [0.24971264013764033, 0.29316000943500936, 0.18558588356088362, 0.27154146686646696], [0.19656194916194927, 0.3070904761904762, 0.24770356310356315, 0.24864401154401167], [0.24791832611832626, 0.33167348484848475, 0.1520535714285715, 0.26835461760461765], [0.22612026111143768, 0.30891909479409485, 0.19208621378621385, 0.2728744303082538], [0.2037465942554179, 0.33938932538050204, 0.19195463980463992, 0.26490944055944055], [0.25557309879662826, 0.281767526917527, 0.157708374958375, 0.30495099932747], [0.26913614718614726, 0.29223376623376623, 0.1640192363192365, 0.27461085026085036], [0.19130526695526706, 0.2885820623820624, 0.1457264291264292, 0.3743862415362415], [0.2165231601731603, 0.3167094461094463, 0.22848639693639705, 0.238280996780997], [0.21892265512265527, 0.2684854645354646, 0.20800569430569432, 0.304586186036186], [0.21308314463314465, 0.30033089133089136, 0.18047036852036863, 0.30611559551559553], [0.26717043512043526, 0.24863309190809196, 0.19661524031524039, 0.2875812326562326], [0.2688963203463206, 0.2715869047619046, 0.167567834942835, 0.29194893994894], [0.2397915084915084, 0.31152096237096244, 0.19064855144855147, 0.2580389776889778], [0.22574589299589298, 0.32661457431457436, 0.20252305472305487, 0.24511647796647817], [0.1804408963585434, 0.31186478129713413, 0.17375870240870245, 0.33393561993561977], [0.24494265004001858, 0.2976335626361943, 0.18881691086691085, 0.2686068764568764], [0.20821793206793204, 0.2672778166278168, 0.1510014263514264, 0.3735028249528249], [0.28181890886890887, 0.266928354978355, 0.1600341269841271, 0.2912186091686093], [0.20466416361416376, 0.2914833388833388, 0.2501842934842937, 0.25366820401820406], [0.2662256743256744, 0.2680838272838273, 0.18819118104118107, 0.2774993173493174], [0.2756780330780331, 0.28598569208569197, 0.1700090354090355, 0.26832723942723946], [0.208394438894439, 0.3270071650571651, 0.17793808413808423, 0.2866603119103121], [0.28382536630036614, 0.2486180430680431, 0.1830221944721945, 0.2845343961593962], [0.35919314574314576, 0.22093340548340565, 0.14393896103896103, 0.2759344877344879], [0.21023564213564225, 0.29394855699855715, 0.19738943833943845, 0.2984263625263626], [0.19406598205715855, 0.2909118104118106, 0.23223152599034963, 0.28279068154068154], [0.24006965811965816, 0.29558907758907754, 0.17701552891552888, 0.2873257353757353], [0.24204439449439458, 0.30152064047064053, 0.21799040959040955, 0.23844455544455556], [0.20672145077145085, 0.3487494394494393, 0.2266389332889333, 0.21789017649017664], [0.2041606782106782, 0.3347725135975136, 0.1644883782883784, 0.29657842990343], [0.29297838827838835, 0.27427046287046286, 0.17522020202020205, 0.2575309468309469], [0.19979523809523816, 0.3434909090909092, 0.1689366966366968, 0.28777715617715616], [0.2541060142471908, 0.31195582195582194, 0.18282077089577095, 0.2511173929012165], [0.21238066378066392, 0.2750826562326562, 0.2147223221223221, 0.297814357864358]]}, "rewritten": {"ids": ["97105760", "97112300", "97116410", "98106880", "98109311", "98111620", "98113881", "98117740", "98121790", "99107300", "99108000", "99108010", "99108460", "99108580", "99108710", "99109740", "99109840", "99111340", "99111930", "99121440", "100107920", "100109330", "100109980", "100111080", "100113210", "100116500", "101108370", "101108460", "101108500", "101109000", "101110200", "101111140", "101111210", "101119591", "101121640", "102110240", "102112250", "103109021", "103110220", "103110760", "103110840", "103111170", "103111620", "103111990", "103113210", "103113610", "103113640", "103120531", "103120780", "104111550", "104111780", "104111990", "104113550", "104114320", "104116441", "104119290", "105112260", "105113190", "105113330", "105116860", "105117200", "106113830", "106115250", "106117650", "106119990", "106121220", "107112840", "107113550", "107113840", "107114200", "107114321", "107114621", "107116300", "107118520", "108113760", "108114180", "108114360", "108115250", "108115870", "108119510", "108121351", "109113591", "109113931", "109114270", "109115211", "109115380", "109116040", "109117080", "109118820", "109119340", "109120150", "109120540", "110115140", "110115250", "110115710", "110117080", "110117200", "110118301", "110118450", "110118630", "110120531", "110120560", "110121500", "111114171", "111115780", "111115910", "111116090", "111116100", "111116170", "111116530", "111116990", "111117000", "111117480", "111119430", "111120280", "111120320", "111120640", "112116880", "112117030", "112117210", "112117780", "112118530", "112118701", "112118810", "112119320", "112119450", "112119950", "113117401", "113118630", "113118820", "113119120", "113119450", "113119700", "113120260", "113120280", "113120531", "113121680", "113121810", "113121980", "113122170", "113122190", "113122430"], "labels": [0, 2, 3, 0, 1, 3, 3, 2, 2, 3, 2, 2, 0, 0, 2, 3, 2, 1, 1, 2, 0, 0, 1, 0, 0, 2, 1, 0, 3, 1, 2, 2, 2, 0, 2, 3, 0, 0, 2, 1, 1, 2, 0, 2, 3, 2, 1, 3, 1, 1, 3, 2, 1, 2, 1, 1, 3, 3, 3, 2, 3, 1, 2, 1, 0, 1, 1, 0, 3, 2, 0, 0, 0, 2, 1, 1, 1, 1, 3, 1, 3, 3, 1, 3, 0, 3, 0, 1, 3, 3, 2, 1, 0, 1, 2, 1, 3, 1, 0, 1, 0, 0, 3, 3, 1, 2, 3, 3, 0, 3, 0, 0, 1, 3, 0, 1, 0, 0, 2, 1, 0, 1, 0, 3, 1, 3, 0, 3, 3, 0, 3, 3, 0, 3, 0, 0, 1, 2, 2, 1, 1, 2], "predicted_labels": [1, 3, 3, 1, 0, 1, 1, 3, 0, 3, 1, 1, 3, 1, 1, 1, 3, 1, 1, 1, 3, 3, 3, 1, 3, 3, 1, 1, 1, 3, 1, 0, 3, 3, 3, 1, 3, 3, 3, 1, 1, 1, 1, 3, 3, 1, 0, 3, 1, 1, 3, 1, 3, 1, 1, 3, 3, 0, 3, 1, 3, 3, 1, 1, 3, 3, 1, 3, 1, 3, 3, 1, 3, 1, 0, 3, 1, 3, 3, 0, 3, 1, 3, 3, 3, 2, 3, 1, 3, 3, 3, 3, 0, 3, 3, 3, 3, 0, 1, 3, 3, 1, 3, 3, 1, 1, 0, 0, 3, 3, 0, 1, 3, 3, 3, 3, 1, 1, 3, 1, 3, 1, 1, 1, 3, 3, 3, 0, 3, 1, 3, 0, 1, 3, 3, 3, 3, 1, 3, 3, 3, 1], "confidence_scores": [[0.2365370426958663, 0.293714135864136, 0.19752789155289163, 0.27222092988710644], [0.27371689144189165, 0.23435068542568552, 0.18921818181818176, 0.3027142413142414], [0.23412335687188632, 0.2586890498390499, 0.24315840548340553, 0.2640291878056583], [0.23481467976467987, 0.28964675324675315, 0.21694063714063733, 0.25859792984792984], [0.2635666852755089, 0.25560254745254757, 0.23471139971139976, 0.2461193675605441], [0.21748853368853377, 0.3001940836940837, 0.2265651293151295, 0.2557522533022533], [0.22257427180662498, 0.3190344655344655, 0.20578261020025737, 0.2526086524586527], [0.21042057942057943, 0.2640762987012988, 0.22705487012987027, 0.2984482517482518], [0.3207869832781597, 0.2427759146082676, 0.18380569463216537, 0.2526314074814076], [0.28340273615273653, 0.2492860250860252, 0.1667194472194473, 0.30059179154179166], [0.22025863972628684, 0.3239850277173807, 0.1996665834165835, 0.2560897491397493], [0.24541676101676102, 0.3089546647796647, 0.19296428016428016, 0.2526642940392941], [0.23235321345321347, 0.2727419524919525, 0.15796204351204354, 0.3369427905427905], [0.23573472083472077, 0.29294964479964486, 0.2296584526584527, 0.24165718170718178], [0.21737325452325462, 0.33468939393939373, 0.16602099567099565, 0.28191635586635583], [0.18456868686868694, 0.35680035520035525, 0.1871677655677656, 0.2714631923631924], [0.18616457431457442, 0.2825507298257298, 0.2198009074259075, 0.31148378843378843], [0.17981967836085497, 0.3459068598068597, 0.22370889208830388, 0.2505645697439816], [0.21901518481518484, 0.3259673826173827, 0.16509595959595968, 0.2899214729714731], [0.21456652236652246, 0.3219828227328228, 0.20728783993784008, 0.256162814962815], [0.281807215007215, 0.25283312243312245, 0.1631016816516818, 0.30225798090798106], [0.23900544063779364, 0.2630782217782218, 0.17867694364459077, 0.3192393939393938], [0.27392703407703406, 0.2335924686424688, 0.21458886113886116, 0.27789163614163614], [0.2495485050896816, 0.3128651626151627, 0.20854288032229212, 0.22904345197286372], [0.28111088356088376, 0.22414594849594857, 0.1392540293040294, 0.35548913863913845], [0.15598670218670224, 0.3042178377178377, 0.20529250749250766, 0.3345029526029529], [0.2696042770954536, 0.2966109557109558, 0.1719815981404217, 0.26180316905316914], [0.23128896103896113, 0.29071152458652466, 0.19659914252414257, 0.2814003718503719], [0.2651428682428682, 0.273554834054834, 0.2039768564768565, 0.2573254412254415], [0.22392324897324908, 0.28382486402486407, 0.18438246753246756, 0.3078694194694193], [0.22768879453879468, 0.3484302114552113, 0.1634528443778445, 0.26042814962814964], [0.29548899156399167, 0.2356156315906317, 0.20020651015651025, 0.2686888666888667], [0.2652312631812633, 0.24633504273504297, 0.19002295482295495, 0.29841073926073935], [0.28854584859584853, 0.20471543456543462, 0.1755192807192808, 0.33121943611943605], [0.21074327535209908, 0.30103139997257655, 0.17963730713730724, 0.3085880175380175], [0.2484269952269953, 0.28103166000665997, 0.21180993450993454, 0.25873141025641033], [0.28316969974469985, 0.19433906371406384, 0.2216877289377291, 0.3008035076035076], [0.23683044455544464, 0.29154400321900337, 0.16602663447663452, 0.3055989177489175], [0.21254846907478492, 0.2945161394161394, 0.16812694995063418, 0.3248084415584413], [0.2623507464757465, 0.30024463036963045, 0.1652181013431014, 0.27218652181152175], [0.26920966255966267, 0.2868424908424908, 0.1613154068154069, 0.28263243978243985], [0.2592403402153403, 0.29984178044178045, 0.1830151154401155, 0.2579027639027639], [0.2819424908424909, 0.30328586136086155, 0.17222679820179843, 0.2425448495948496], [0.2453773448773449, 0.28564523809523806, 0.13618629148629158, 0.3327911255411254], [0.24553272005772014, 0.2961005050505052, 0.15597954545454543, 0.30238722943722934], [0.23424811022311043, 0.3127713092463093, 0.1902139971139972, 0.2627665834165835], [0.40433493728493725, 0.22890458985459003, 0.1426365895542367, 0.22412388330623648], [0.27299324009324005, 0.23592353757353754, 0.16451290931290938, 0.326570313020313], [0.22323550616050625, 0.3310691475191474, 0.16127431457431468, 0.2844210317460317], [0.2336200446612212, 0.2756866656219598, 0.2167733988233989, 0.2739198908934205], [0.24440783660783671, 0.2810167166167167, 0.19244186924186935, 0.2821335775335775], [0.2597991064491065, 0.30030992340992346, 0.17042086247086252, 0.2694701076701078], [0.3068641469641469, 0.21703771783771797, 0.16737408702408707, 0.308724048174048], [0.22569681152181154, 0.29099643689643695, 0.22765682650682653, 0.2556499250749252], [0.25182832167832175, 0.27293298923298936, 0.20326560106560124, 0.2719730880230881], [0.2131910034410035, 0.2618352921931869, 0.2458430648299071, 0.2791306395359029], [0.2066028055278056, 0.2802514374514373, 0.19933974081474076, 0.31380601620601606], [0.33225911702676414, 0.20762641965877265, 0.1710244477744479, 0.2890900155400156], [0.2825967310467311, 0.17986283716283724, 0.18832552447552453, 0.34921490731490723], [0.25304172494172505, 0.2896160117660118, 0.18546717726717732, 0.27187508602508614], [0.23300526140526143, 0.27393407703407696, 0.19713978243978247, 0.2959208791208793], [0.25144522536287245, 0.2596197691197691, 0.18488800088800098, 0.30404700462935763], [0.2455166389166388, 0.28229682343799983, 0.22702222777222783, 0.24516430987313353], [0.2406652252975783, 0.2927978243978243, 0.18871155347920054, 0.27782539682539686], [0.22502505076622736, 0.28680745920745926, 0.17075329866212227, 0.31741419136419147], [0.24309112554112552, 0.2663707070707072, 0.1440381673881674, 0.3464999999999999], [0.22112626262626264, 0.31118650793650793, 0.20817593795093806, 0.2595112914862915], [0.21661806494159447, 0.26600892995893, 0.2457786435786436, 0.2715943615208323], [0.25665019588254906, 0.3250573815073815, 0.1893064585741056, 0.2289859640359641], [0.22078271173271188, 0.28078524531024535, 0.1297517538017538, 0.36868028915528905], [0.2147881507381508, 0.2329961205461207, 0.17355814740814746, 0.37865758130758126], [0.23588316683316685, 0.2974027195027195, 0.1715720890220891, 0.2951420246420249], [0.22937047397047408, 0.250723470973471, 0.17355560550560553, 0.3463504495504495], [0.20861985041102699, 0.3471314241314242, 0.16698405581346767, 0.2772646696440813], [0.27283610556110544, 0.2663421744921745, 0.19756044788544788, 0.26326127206127214], [0.19035733155733175, 0.26463967143967154, 0.17981001776001782, 0.36519297924297917], [0.2247797258297258, 0.3106109335109334, 0.18327188367188377, 0.28133745698745705], [0.1852684981684983, 0.2729656177156177, 0.21391041181041193, 0.3278554723054722], [0.2574239260739263, 0.26595183427683444, 0.16615829725829737, 0.3104659423909425], [0.2866900377400378, 0.2508600122100122, 0.2091865745365747, 0.2532633755133756], [0.2389750915750915, 0.2803979020979021, 0.17620858585858595, 0.3044184204684204], [0.21463751803751813, 0.33349072871572866, 0.1695113275613276, 0.2823604256854258], [0.25188769292283253, 0.2652805230716995, 0.20782627839996268, 0.27500550560550563], [0.25207476967476977, 0.26471201576201586, 0.1839598568098569, 0.2992533577533577], [0.1968537795537796, 0.2815470196470196, 0.19966856476856482, 0.32193063603063615], [0.19835379620379623, 0.2507476800976803, 0.29546287046287056, 0.2554356532356534], [0.1929130591630592, 0.25306238206238213, 0.2431793484293485, 0.31084521034521034], [0.21588734598734613, 0.2945176961926962, 0.2316833840995606, 0.25791157372039747], [0.23228985818103487, 0.27219004002533426, 0.20216007881007883, 0.29336002298355246], [0.24834534354534366, 0.26849293565911214, 0.1656015012765013, 0.31756021951904284], [0.2513661596573361, 0.22987871572871582, 0.16308293014175376, 0.3556721944721945], [0.30513964923964915, 0.23735960705960715, 0.14491006297623946, 0.3125906807245041], [0.29655699855699846, 0.23579516594516606, 0.19580649350649365, 0.2718413419913419], [0.1993060503823663, 0.23953069708069719, 0.20456432923801351, 0.35659892329892307], [0.18743124098124106, 0.2367919469419471, 0.20464266844266854, 0.37113414363414365], [0.24425994005994014, 0.23806124153624159, 0.22537729606994328, 0.2923015223338753], [0.2414531968031968, 0.23155156787656797, 0.2010769092019093, 0.3259183261183259], [0.29298261183261187, 0.284725568875569, 0.17108358585858602, 0.25120823343323356], [0.20669790764790785, 0.33908658008657994, 0.18451308136308148, 0.2697024309024309], [0.20623412698412721, 0.26282694805194806, 0.251779797979798, 0.2791591269841271], [0.24208145547263202, 0.2710350926850927, 0.11227198357198362, 0.37461146827029135], [0.2737914471149765, 0.27876030081030073, 0.18828185703185704, 0.25916639504286565], [0.25731517371517393, 0.29080851925851936, 0.15289971139971142, 0.29897659562659545], [0.2562404650904653, 0.24430329115329116, 0.1721302031302032, 0.3273260406260406], [0.2688411505161506, 0.33550807525807524, 0.14413525363525367, 0.2515155205905205], [0.2352386446886448, 0.2832492285492285, 0.22511082251082262, 0.2564013042513044], [0.29217037129537166, 0.2551007187257188, 0.19568919968919976, 0.2570397102897104], [0.30285358530358514, 0.27268328893328897, 0.18224570984570984, 0.24221741591741594], [0.2506874494786261, 0.27728714341214344, 0.1500699300699302, 0.32195547703930083], [0.22844967532467533, 0.28963838106338125, 0.16224904817404823, 0.31966289543789556], [0.3417912809412808, 0.21742949827949834, 0.14620644355644358, 0.29457277722277714], [0.21281838161838182, 0.3142185703185703, 0.21059867077367092, 0.2623643772893773], [0.21020796621678986, 0.27455610859728524, 0.16991123321123316, 0.3453246919746919], [0.20415505050505062, 0.2665745587745587, 0.1747068467480233, 0.35456354397236756], [0.2333301642801644, 0.281075405150405, 0.14608380230880239, 0.33951062826062806], [0.2421194286106051, 0.2194678677531619, 0.22989733044733054, 0.30851537318890254], [0.22024905454023108, 0.30008297535797557, 0.18433202908202925, 0.29533594101976474], [0.26920864968364966, 0.2938303030303031, 0.1779635864135866, 0.25899746087246095], [0.20243048063048072, 0.21808204018204028, 0.20947200577200584, 0.3700154734154735], [0.23867498057498063, 0.3098755411255412, 0.24314525474525478, 0.20830422355422362], [0.2705006021756024, 0.2787894105894104, 0.16629561549561556, 0.28441437173937184], [0.227842720351544, 0.3465524011935777, 0.19346216561216575, 0.23214271284271293], [0.23256255411255425, 0.35187159507159504, 0.15615088800088806, 0.25941496281496296], [0.22088898323898348, 0.3507165723165723, 0.17554357864357867, 0.25285086580086596], [0.23539847929847937, 0.27362012987012974, 0.20340105450105478, 0.2875803363303363], [0.23897757242757248, 0.25420899100899125, 0.1877288544788545, 0.3190845820845821], [0.3219416305916306, 0.20458571428571437, 0.14010981240981246, 0.3333628427128427], [0.29730365745365744, 0.27144789377289386, 0.16494659507159506, 0.26630185370185366], [0.2641414141414142, 0.27085854700854717, 0.19247434787434783, 0.2725256909756909], [0.2682028138528141, 0.32754191919191905, 0.14778340548340563, 0.2564718614718616], [0.20556092600210255, 0.27541353809589103, 0.1937114555379262, 0.3253140803640802], [0.31202133977133967, 0.2686355073031544, 0.15330505050505053, 0.2660381024204555], [0.23378625818625837, 0.3178764985014984, 0.2074245587745589, 0.24091268453768463], [0.2499669219669222, 0.25493075258075265, 0.21078556998557008, 0.28431675546675533], [0.26959996114996126, 0.22912650127650144, 0.17549436674436678, 0.32577917082917063], [0.24652601842601857, 0.28784948384948417, 0.17410614385614395, 0.291518353868354], [0.23450587190587202, 0.2792972083472084, 0.17922007992008004, 0.30697683982683976], [0.18735790320790327, 0.2946131424131425, 0.28426169941169965, 0.23376725496725503], [0.22157657897657912, 0.2872264180264181, 0.1635291486291487, 0.32766785436785445], [0.18958802308802314, 0.26529764124764127, 0.20999553224553225, 0.33511880341880335], [0.2205763791763793, 0.29565298590298605, 0.17904811854811872, 0.30472251637251635], [0.19033189588189603, 0.34413975468975455, 0.16067544122544145, 0.3048529082029083]]}}