{"test": {"ids": ["108115880", "105115720", "101112540", "103111990", "98108370", "99107560", "112121410", "105111990", "99109141", "103117461", "97110950", "104113170", "104111711", "106121190", "102118380", "98107010", "109117080", "113121810", "102110690", "101121640", "98120530", "111116750", "104116441", "106114321", "110120700", "104114230", "104112470", "112117580", "107114490", "105110091", "104109311", "103120340", "107116501", "112120290", "99108310", "98110680", "111120220", "113121950", "112117431", "109116441", "109117600", "113119360", "109119591", "110118301", "106113190", "98109090", "107118490", "110117080", "99105921", "99110050", "113122320", "107119390", "111121351", "98107210", "107114140", "106118820", "104119290", "98111670", "110114950", "106118161", "110118181", "98117740", "106112770", "109120560", "101109120", "113118111", "107121640", "100109890", "101119591", "106116441", "99108010", "98112170", "113120751", "97107040", "101108370", "103113170", "111118810", "113120640", "108114670", "108114220", "110118630", "106114011", "109116040", "113119300", "109119450", "108116070", "105115570", "99120010", "98112300", "112119930", "113122650", "97116410", "111119150", "109114030", "110121720", "100111380", "97116500", "101109370", "109113881", "107112850", "105121370", "108120260", "107114200", "112118530", "102110500", "110118810", "101112201", "113117340", "107118820", "106119260", "97106600", "100109360", "101114990", "105113440", "105117351", "106115120", "113122180", "113120830", "110116300", "111118820", "105113620", "99112641", "106116120", "106119990", "104111880", "111121410", "112117780", "103120290", "108117360", "102110750", "100120010", "104118070", "113119120", "113118231", "112121430", "102116340", "105117200", "107116300", "107113840", "108115500", "101108290", "99108520"], "labels": [3, 1, 2, 2, 1, 1, 0, 2, 3, 0, 3, 3, 1, 2, 1, 3, 1, 2, 0, 2, 1, 3, 1, 2, 2, 2, 1, 0, 3, 0, 3, 1, 1, 1, 2, 2, 3, 3, 0, 3, 1, 0, 0, 1, 0, 1, 2, 1, 1, 3, 1, 2, 0, 1, 2, 3, 1, 1, 0, 3, 1, 2, 1, 1, 1, 1, 1, 3, 0, 0, 2, 3, 1, 2, 1, 3, 0, 0, 3, 3, 1, 1, 0, 1, 3, 1, 0, 2, 2, 1, 2, 3, 3, 1, 3, 3, 2, 1, 0, 1, 2, 1, 2, 1, 3, 1, 0, 2, 3, 1, 3, 0, 3, 0, 0, 1, 2, 3, 3, 0, 0, 1, 1, 0, 3, 0, 0, 2, 1, 1, 0, 2, 3, 3, 2, 3, 3, 0, 3, 3, 0, 2], "predicted_labels": [3, 1, 3, 3, 3, 1, 3, 1, 3, 0, 0, 3, 0, 1, 1, 0, 1, 1, 3, 1, 3, 0, 1, 1, 1, 1, 3, 3, 1, 3, 3, 3, 1, 3, 3, 1, 0, 0, 1, 0, 3, 3, 3, 3, 1, 0, 3, 3, 1, 3, 3, 3, 0, 1, 3, 1, 3, 1, 3, 1, 1, 3, 1, 3, 3, 3, 3, 0, 0, 3, 1, 0, 1, 1, 0, 1, 3, 1, 3, 3, 1, 0, 3, 3, 1, 1, 1, 0, 0, 3, 0, 1, 1, 3, 3, 0, 3, 3, 0, 1, 1, 3, 1, 3, 0, 3, 0, 1, 1, 3, 3, 3, 1, 1, 3, 3, 1, 1, 1, 0, 1, 3, 3, 1, 3, 3, 3, 1, 1, 1, 3, 1, 3, 3, 1, 1, 1, 1, 1, 1, 3, 1], "confidence_scores": [[0.24996311320258702, 0.272828367538894, 0.1651141450053216, 0.31209437425319775], [0.25116827616827636, 0.29153270618270644, 0.18596405261405266, 0.271334965034965], [0.2213475302475303, 0.2824252247752248, 0.19646616161616168, 0.29976108336108326], [0.24427876649494315, 0.2699661338661339, 0.17753386613386626, 0.30822123350505715], [0.2584753052503053, 0.24836511266511282, 0.17932922632922638, 0.3138303557553558], [0.192411038961039, 0.3373881915470149, 0.2076379489791254, 0.26256282051282065], [0.2534461760461761, 0.25858578643578656, 0.16066075036075048, 0.3273072871572871], [0.18748258408258406, 0.3281925352425352, 0.22883521478521496, 0.255489665889666], [0.2751133369898076, 0.2635269036519038, 0.17856557772293066, 0.28279418163535835], [0.3061802974802977, 0.2711450438450438, 0.12903949938949946, 0.29363515928515926], [0.31401940641058274, 0.2070098865187101, 0.17419556554556567, 0.30477514152514146], [0.20366170496170516, 0.29505680430680425, 0.1653075757575758, 0.3359739149739152], [0.29499224138434665, 0.2466933760683763, 0.2004407422986371, 0.2578736402486404], [0.18077504717504728, 0.3199360417360415, 0.21674406704406712, 0.2825448440448442], [0.22324827394827404, 0.2903597902097904, 0.24446309246309256, 0.24192884337884357], [0.30110277044077355, 0.2503375749981014, 0.18702600716277196, 0.26153364739835333], [0.2061541958041959, 0.3176145354645354, 0.17384196914196928, 0.3023892995892998], [0.2281885558885558, 0.2770866522366524, 0.22262683427683444, 0.2720979575979577], [0.24274986606960303, 0.28243350424085717, 0.19177220948985657, 0.28304442019968357], [0.23137460317460332, 0.2744860972360971, 0.2549013542013543, 0.23923794538794566], [0.2715918850757086, 0.26351129075602764, 0.1898158100069866, 0.27508101416127745], [0.3216650405150404, 0.2166381007881009, 0.15728075258075264, 0.3044161061161063], [0.2582481054892821, 0.3254088467088466, 0.1453151348651349, 0.27102791293673667], [0.26883164090811157, 0.30574255189255184, 0.17273155455655456, 0.25269425264278206], [0.23452761323643673, 0.29425830485304183, 0.19391558768029357, 0.2772984942302282], [0.2502512174959544, 0.26707158952158966, 0.2159459651459651, 0.2667312278364911], [0.27161014541014544, 0.27897385392385393, 0.15671657786657794, 0.2926994227994229], [0.24897081252081257, 0.2707066378066379, 0.17084802419802425, 0.3094745254745256], [0.24311905871905884, 0.30863407148407157, 0.18448470418470422, 0.26376216561216564], [0.2327942002442003, 0.2971629870129871, 0.13343301698301696, 0.33660979575979605], [0.25580523365523383, 0.2434639693639694, 0.16379143634143642, 0.3369393606393609], [0.21217463647463666, 0.23959320679320703, 0.252200826950827, 0.29603132978132995], [0.24724436119436133, 0.32369077311577316, 0.1404485938897704, 0.2886162718000955], [0.2872656371406372, 0.26650285270285257, 0.15005405150405152, 0.29617745865245876], [0.24058453017570675, 0.25213270443007296, 0.20624927849927857, 0.3010334868949422], [0.24395971805971806, 0.2958373737373739, 0.1974090354090355, 0.26279387279387295], [0.3187608078196313, 0.31352116853734513, 0.14917474747474754, 0.21854327616827635], [0.3003834554334554, 0.27279923409923423, 0.1402261571761572, 0.28659115329115314], [0.267403169053169, 0.30752216672216687, 0.13834034854034866, 0.2867343156843159], [0.31343348873348864, 0.2550599170437406, 0.1441785575535576, 0.2873280366692132], [0.27891200670674376, 0.2186374902874903, 0.18651546231546234, 0.3159350406903038], [0.19876661116661123, 0.2990838161838162, 0.17265819180819186, 0.3294913808413809], [0.25441640333350857, 0.27728247308247317, 0.17167340130629608, 0.2966277222777224], [0.28382697857697875, 0.2735880314130317, 0.12904689199689212, 0.31353809801309795], [0.2529310245310245, 0.3000663428075193, 0.1706251696016403, 0.27637746305981614], [0.3076569264069264, 0.24331108891108896, 0.1712120435120436, 0.2778199411699413], [0.24345612720612742, 0.24294710926328597, 0.24232855673738027, 0.271268206793207], [0.2223609343271109, 0.27213261020025736, 0.18693493532611188, 0.3185715201465202], [0.26374103004838306, 0.30897666810313873, 0.13212585551703201, 0.2951564463314464], [0.2257601398601399, 0.26069168609168625, 0.18917705627705644, 0.3243711177711179], [0.24117198357198363, 0.2631781024531024, 0.2028093545343546, 0.29284055944055937], [0.22050187312687322, 0.29471906426906436, 0.18209206349206353, 0.3026869991119989], [0.28137470307470325, 0.26216862026862037, 0.18668317238317256, 0.2697735042735044], [0.22800256214373862, 0.29970015735898103, 0.21128459873459884, 0.2610126817626819], [0.18674314574314585, 0.28360860250860237, 0.22548406038406058, 0.30416419136419126], [0.24827753635253658, 0.300306734931735, 0.18740367410367428, 0.2640120546120546], [0.256975296925297, 0.28158124375624394, 0.17620191720044676, 0.28524154211801267], [0.24010028860028862, 0.2811201263648632, 0.21144703074703083, 0.26733255428781766], [0.2600461038961041, 0.22132127039627056, 0.18876006493506498, 0.32987256077256066], [0.28071899016016666, 0.29576419658772596, 0.16145700018935308, 0.26205981306275433], [0.2891172050172051, 0.32627975635475626, 0.14525635002252663, 0.23934668860551225], [0.20893002471384836, 0.2912097402597402, 0.18570713926596297, 0.31415309576044864], [0.22448031062504759, 0.26875505050505055, 0.24235259185259192, 0.26441204701731014], [0.2592067377067378, 0.21119995004995012, 0.198372027972028, 0.3312212842712843], [0.2808599265113972, 0.24486510813747667, 0.18365037462537476, 0.2906245907257518], [0.2275849761349763, 0.286801324492501, 0.14877126207126212, 0.3368424373012606], [0.20948306497424146, 0.2692468087468089, 0.23395243090243092, 0.28731769537651874], [0.3283742705007408, 0.212185064935065, 0.1478011766011767, 0.31163948796301744], [0.3423089688089689, 0.2378666222666223, 0.14862399822399822, 0.2712004107004107], [0.288784054834055, 0.24774155566655562, 0.13549975024975022, 0.32797463924963927], [0.25249848207348224, 0.32065618475092167, 0.17125934343434362, 0.25558598974125285], [0.3721061799311802, 0.18467888222888235, 0.16161617826617833, 0.2815987595737596], [0.2758245143745143, 0.3072556249306249, 0.16076457431457433, 0.2561552863802865], [0.2357707847707849, 0.2904486846486847, 0.2212021256521257, 0.25257840492840505], [0.30785326421944087, 0.2373563880563883, 0.174687453396277, 0.2801028943278943], [0.24077090132090134, 0.3113102314352316, 0.20272717005217003, 0.24519169719169737], [0.2565417748917749, 0.2695898157398159, 0.20308727938727944, 0.2707811299811302], [0.2774339271839273, 0.29036942501942503, 0.16291918081918091, 0.2692774669774671], [0.23395775335775348, 0.284165773115773, 0.1752783300033301, 0.3065981435231437], [0.2903240620490619, 0.23173373848373854, 0.183798162948163, 0.29414403651903653], [0.2132744588744589, 0.30774550654024346, 0.20962865467865469, 0.2693513799066432], [0.2848242677257384, 0.27104316598434247, 0.1599151851416558, 0.2842173811482636], [0.23316691641691653, 0.24911773781773786, 0.1890813242313244, 0.3286340215340216], [0.25700822510822524, 0.2844267454767455, 0.1565823953823954, 0.3019826340326341], [0.18641454101454114, 0.30953011988011986, 0.20568727383727395, 0.29836806526806536], [0.21016736041736042, 0.30681352732235107, 0.18767412032412034, 0.2953449919361683], [0.20889703907203924, 0.34077809608691945, 0.20002835775335787, 0.2502965070876837], [0.2869559163059163, 0.24440700688200698, 0.21526753246753255, 0.25336954434454434], [0.3044176767676767, 0.20944000444000455, 0.1906707070707071, 0.29547161172161185], [0.25065466477966475, 0.23635697831580188, 0.21694563214563217, 0.2960427247589014], [0.27105344655344676, 0.2591833666333666, 0.20343780859663219, 0.26632537821655466], [0.2429356734768501, 0.26726734572616934, 0.24986658929305994, 0.23993039150392095], [0.22528433233433243, 0.33324554334554335, 0.18428205683205687, 0.25718806748806766], [0.2932242520637259, 0.2368354695871725, 0.1709455936220644, 0.29899468472703766], [0.2532301254301256, 0.2547866022866023, 0.17714388389388386, 0.3148393883893882], [0.27834034299034305, 0.24232902652902652, 0.22241387697270054, 0.2569167535079301], [0.2588887834387837, 0.2600110223110224, 0.19821335331335357, 0.2828868409368411], [0.22002547811665474, 0.2879375346875346, 0.2036063523078229, 0.288430634887988], [0.33722505272505265, 0.29927838272838264, 0.13925358252858258, 0.22424298201798207], [0.20575131894249563, 0.3190917427343899, 0.20480078891696546, 0.27035614940614955], [0.18643876678876692, 0.3481212481962482, 0.20898221223221233, 0.2564577727827728], [0.24692469752469762, 0.2862070207570208, 0.18000806415806428, 0.2868602175602177], [0.2135269511534217, 0.31808588078588057, 0.2048956931956933, 0.2634914748650044], [0.20592680097680113, 0.2951704148792384, 0.18747103811221477, 0.3114317460317461], [0.291574413984708, 0.20835879953379943, 0.21105709372327028, 0.28900969275822225], [0.27257854397064935, 0.23676969696969716, 0.19071056691846178, 0.29994119214119214], [0.3604746614496613, 0.25824491341991357, 0.1451124098124098, 0.23616801531801543], [0.2543740204240204, 0.29448519536019546, 0.16108338328338334, 0.2900574009324009], [0.23994589577089584, 0.29291890331890325, 0.1867868353868355, 0.28034836552336573], [0.2629764346764346, 0.20221803196803204, 0.2184960539460539, 0.31630947940947923], [0.2620403485403487, 0.24911133311133335, 0.2033993395493396, 0.2854489787989789], [0.25996785436785436, 0.2109402763902766, 0.20413434343434356, 0.32495752580752585], [0.24326559274059276, 0.27318508436008443, 0.21989460539460556, 0.26365471750471753], [0.2414738816738818, 0.2900977855477857, 0.18328469863469868, 0.28514363414363403], [0.2672842582254349, 0.2959221631309867, 0.13423798423798428, 0.30255559440559443], [0.280434992784993, 0.2583303751803753, 0.1627673881673883, 0.2984672438672436], [0.22472397602397612, 0.2933801948051947, 0.21163441558441576, 0.2702614135864137], [0.2545839940760995, 0.2786070651570652, 0.20944890080679554, 0.2573600399600401], [0.23417987012987032, 0.28498579361814663, 0.2030168720168721, 0.2778174642351114], [0.29300757575757574, 0.25858696026196026, 0.18127634587634608, 0.2671291181041182], [0.2168690920190921, 0.32502189199689213, 0.21885989680254386, 0.23924911918147226], [0.25450768120768136, 0.2760756049506049, 0.1736407425907427, 0.29577597125097144], [0.2496810772560773, 0.24965872738372755, 0.23132767787767797, 0.26933251748251763], [0.2583384956546722, 0.2907372072372074, 0.19879246505128853, 0.25213183205683226], [0.18766643356643364, 0.2845878010878012, 0.22481707181707186, 0.3029286935286935], [0.23144761904761915, 0.2846433011433011, 0.1623314074814075, 0.32157767232767226], [0.2456077184253656, 0.2884263680763681, 0.14297437170672478, 0.3229915417915418], [0.19540756319703692, 0.3080585290440555, 0.20644432234432236, 0.2900895854145854], [0.23614783272283293, 0.27532188644688643, 0.21544025974025977, 0.2730900210900212], [0.2058571403742456, 0.3120151071151071, 0.25428929374718856, 0.22783845876345893], [0.2595973026973028, 0.22536012043512055, 0.1952225080475081, 0.31982006882006886], [0.23228738483738515, 0.2978156129817896, 0.2157881776720013, 0.25410882450882455], [0.27158438228438236, 0.28291497668997645, 0.1363094100344101, 0.309191230991231], [0.21294081474081475, 0.2785512043512046, 0.1641583746319042, 0.3443496062760768], [0.20147616550116554, 0.3082104867354866, 0.21084332889332902, 0.279470018870019], [0.2564889296977532, 0.2844362506774273, 0.21645155400155397, 0.2426232656232657], [0.2246670496170498, 0.3423301587301589, 0.20778246753246762, 0.2252203241203243], [0.2329377269789034, 0.2960317757405992, 0.19127993395493398, 0.27975056332556336], [0.2708052503052504, 0.30758899988899985, 0.17245082695082706, 0.2491549228549229], [0.22611696995814645, 0.30450783506139567, 0.21365398490398493, 0.2557212100764733], [0.2737130536130537, 0.24961635864135862, 0.14101974414474425, 0.3356508436008435], [0.22484035964035987, 0.26529518814518827, 0.24969708069708083, 0.26016737151737157]]}, "rewritten": {"ids": ["97106600", "97107040", "97110950", "97116410", "97116500", "98107010", "98107210", "98108370", "98109090", "98110680", "98111670", "98112170", "98112300", "98117740", "98120530", "99105921", "99107560", "99108010", "99108310", "99108520", "99109141", "99110050", "99112641", "99120010", "100109360", "100109890", "100111380", "100120010", "101108290", "101108370", "101109120", "101109370", "101112201", "101112540", "101114990", "101119591", "101121640", "102110500", "102110690", "102110750", "102116340", "102118380", "103111990", "103113170", "103117461", "103120290", "103120340", "104109311", "104111711", "104111880", "104112470", "104113170", "104114230", "104116441", "104118070", "104119290", "105110091", "105111990", "105113440", "105113620", "105115570", "105115720", "105117200", "105117351", "105121370", "106112770", "106113190", "106114011", "106114321", "106115120", "106116120", "106116441", "106118161", "106118820", "106119260", "106119990", "106121190", "107112850", "107113840", "107114140", "107114200", "107114490", "107116300", "107116501", "107118490", "107118820", "107119390", "107121640", "108114220", "108114670", "108115500", "108115880", "108116070", "108117360", "108120260", "109113881", "109114030", "109116040", "109116441", "109117080", "109117600", "109119450", "109119591", "109120560", "110114950", "110116300", "110117080", "110118181", "110118301", "110118630", "110118810", "110120700", "110121720", "111116750", "111118810", "111118820", "111119150", "111120220", "111121351", "111121410", "112117431", "112117580", "112117780", "112118530", "112119930", "112120290", "112121410", "112121430", "113117340", "113118111", "113118231", "113119120", "113119300", "113119360", "113120640", "113120751", "113120830", "113121810", "113121950", "113122180", "113122320", "113122650"], "labels": [3, 2, 3, 3, 2, 3, 1, 1, 1, 2, 1, 3, 2, 2, 1, 1, 1, 2, 2, 2, 3, 3, 1, 2, 0, 3, 3, 0, 0, 1, 1, 1, 0, 2, 3, 0, 2, 3, 0, 1, 3, 1, 2, 3, 0, 2, 1, 3, 1, 3, 1, 3, 2, 1, 2, 1, 0, 2, 0, 0, 0, 1, 3, 0, 2, 1, 0, 1, 2, 1, 1, 0, 3, 3, 1, 0, 2, 1, 3, 2, 2, 3, 0, 1, 2, 3, 2, 1, 3, 3, 3, 3, 1, 1, 1, 0, 1, 0, 3, 1, 1, 3, 0, 1, 0, 3, 1, 1, 1, 1, 1, 2, 3, 3, 0, 0, 3, 3, 0, 0, 0, 0, 0, 1, 1, 1, 0, 2, 2, 1, 3, 3, 1, 0, 0, 1, 3, 2, 3, 2, 1, 2], "predicted_labels": [3, 1, 0, 0, 3, 0, 3, 3, 3, 1, 0, 0, 0, 3, 3, 1, 1, 1, 1, 3, 0, 1, 1, 1, 3, 0, 0, 3, 3, 3, 3, 3, 0, 3, 3, 3, 1, 0, 3, 1, 1, 3, 3, 1, 0, 1, 3, 3, 0, 3, 1, 1, 3, 1, 3, 3, 3, 1, 1, 1, 1, 3, 1, 3, 1, 1, 3, 1, 0, 3, 3, 3, 1, 0, 3, 0, 3, 1, 1, 1, 1, 3, 3, 0, 1, 3, 3, 3, 3, 3, 1, 0, 3, 3, 3, 0, 1, 3, 0, 1, 0, 3, 0, 3, 3, 3, 3, 1, 3, 3, 3, 1, 1, 3, 3, 0, 1, 1, 0, 3, 1, 0, 3, 1, 3, 1, 3, 3, 1, 1, 1, 3, 3, 3, 3, 3, 3, 1, 0, 3, 3, 1], "confidence_scores": [[0.2379248640248641, 0.29521844821844834, 0.16956525696525712, 0.29729143079143056], [0.23948914973914986, 0.29984882894882897, 0.2078550033300033, 0.2528070179820182], [0.3358123987123988, 0.1935422216672218, 0.18428587523587536, 0.2863595043845043], [0.2660136252636255, 0.2545480741480742, 0.2230432289932291, 0.25639507159507163], [0.24434659033776696, 0.26635959791842145, 0.205493450993451, 0.28380036075036064], [0.295097801055154, 0.29001957764457764, 0.18751038748832877, 0.22737223381193986], [0.24341432178932196, 0.270329277911631, 0.2009319985569986, 0.2853244017420486], [0.22759438976056634, 0.23727821345321368, 0.1941217837717839, 0.3410056130144366], [0.2703509934509936, 0.26611983294483305, 0.186766847041847, 0.2767623265623267], [0.2211285159285162, 0.2790630516542281, 0.23375055695938066, 0.26605787545787546], [0.26625274725274745, 0.25843876482994144, 0.21031659647542011, 0.26499189144189156], [0.3268597180597183, 0.21420381840381858, 0.17483044733044734, 0.284106016206016], [0.3300816888993359, 0.22095501822738667, 0.16457551337551343, 0.28438777949776395], [0.22865213675213694, 0.2697371656121657, 0.21700013597513615, 0.28461056166056176], [0.257702244161068, 0.24974404484404486, 0.1848108205519971, 0.30774289044289044], [0.2843997613497614, 0.30052841635488703, 0.1313065581477347, 0.28376526414761705], [0.2214745920745922, 0.3159119019869022, 0.19497071539571548, 0.26764279054279055], [0.23602463647463656, 0.3584480963480963, 0.19592990620490625, 0.20959736097236112], [0.2379696525696527, 0.26971179200916034, 0.22716176046176043, 0.2651567949594267], [0.22195407370407377, 0.27200181485181485, 0.22870941313588358, 0.27733469830822793], [0.39626579368344056, 0.2397915445665447, 0.1305767304590835, 0.23336593129093136], [0.23161464646464652, 0.2967110472860473, 0.19602971750471762, 0.2756445887445887], [0.2671287101787102, 0.2946121989121991, 0.1611886030636032, 0.27707048784548804], [0.2665428127428127, 0.2681638694638695, 0.220019191919192, 0.24527412587412595], [0.2752692418692419, 0.2565239224827459, 0.16304015233132899, 0.30516668331668334], [0.3234607257121962, 0.21317498220733516, 0.16947209489856563, 0.2938921971819032], [0.2631939921189923, 0.24711308136308147, 0.2440974192474192, 0.24559550727050736], [0.23375122655122677, 0.2110447829947831, 0.2372902097902099, 0.31791378066378084], [0.28797296918767523, 0.2755463203463203, 0.1362723355076297, 0.300208374958375], [0.2794381673881674, 0.2735808108558109, 0.15581737429237424, 0.29116364746364765], [0.2835064993829701, 0.2391248556998558, 0.1697518148518148, 0.30761683006535945], [0.24546428016428032, 0.26495873015873034, 0.20963272838272845, 0.2799442612942615], [0.30001406926406904, 0.2852478354978357, 0.12707207792207795, 0.2876660173160175], [0.2634131424131424, 0.2725906343656346, 0.18016298978798992, 0.28383323343323336], [0.21346843989343997, 0.2781615800865801, 0.19436898101898117, 0.3140009990009989], [0.2828474247974248, 0.2268518981018983, 0.18214709179709176, 0.30815358530358555], [0.24811092322709977, 0.30196861471861475, 0.19394691338073705, 0.25597354867354866], [0.28029577644577636, 0.24060867465867475, 0.2195026806526807, 0.2595928682428684], [0.23248614718614732, 0.277433238983239, 0.18025214785214788, 0.3098284659784661], [0.21899340966051498, 0.2972683860257391, 0.2349196356275305, 0.24881856868621577], [0.2359226662226664, 0.30238576978576975, 0.18540369075369076, 0.2762878732378732], [0.19716405261405273, 0.2833274114774115, 0.2171428182928184, 0.3023657176157176], [0.2432530830280832, 0.2675053169053169, 0.18754758574758587, 0.30169401431901416], [0.22178569486069494, 0.315146558996559, 0.2135323787323788, 0.2495353674103675], [0.2961280774780777, 0.2785582619994385, 0.14203682624564984, 0.2832768342768343], [0.23607758075258084, 0.2907501516027834, 0.18791313963813971, 0.28525912800649633], [0.19096453268953292, 0.2711422327672327, 0.24513150738150735, 0.29276172716172727], [0.2611037576802285, 0.26420470640470645, 0.15321410533910548, 0.3214774305759598], [0.2843297927218982, 0.2723394855144857, 0.17355160920950402, 0.26977911255411263], [0.21885926655044316, 0.2887983433233434, 0.1896225080475081, 0.3027198820787057], [0.24208396048396064, 0.2997730602730602, 0.19047284741402395, 0.26767013182895544], [0.21408364250128978, 0.30179520757020756, 0.19890552780552787, 0.28521562212297497], [0.2554304310069018, 0.24066358086358106, 0.18984245754245763, 0.31406353058706], [0.28323728216228217, 0.30754231879231897, 0.1535208513708514, 0.25569954767454783], [0.23363825063825078, 0.26044112554112553, 0.23897983682983698, 0.26694078699078694], [0.2735124847374849, 0.22090028305028314, 0.17685555000555006, 0.32873168220668225], [0.23111124431124444, 0.2682418470418471, 0.19004931457431462, 0.3105975940725941], [0.2202502980679451, 0.32901783771783794, 0.21922492229992227, 0.23150694191429494], [0.2596339049839051, 0.29155445110445105, 0.17014503078620727, 0.2786666131254367], [0.2079882395382396, 0.3269941760853526, 0.21039672745555105, 0.25462085692085706], [0.20148366633366635, 0.29034563769563787, 0.22410622710622718, 0.28406446886446884], [0.2577362193362193, 0.2742921633921635, 0.153188283938284, 0.3147833333333333], [0.2223420801420803, 0.3016364357864356, 0.22456987456987465, 0.25145160950160966], [0.24539077425842146, 0.2973322649572649, 0.15709607777843076, 0.3001808830058832], [0.1878089910089912, 0.32930355200355216, 0.21268275058275066, 0.27020470640470645], [0.22112887390387398, 0.269268561993562, 0.24765299145299158, 0.26194957264957275], [0.26179824619824615, 0.2605751443001444, 0.20186293706293712, 0.2757636724386725], [0.23814391079336913, 0.3100160925675632, 0.1657479112734531, 0.286092085365615], [0.292557708957709, 0.27526161061161064, 0.1870316794316796, 0.24514900099900122], [0.2931129620379623, 0.24986235431235454, 0.1424924159174159, 0.31453226773226767], [0.22839378399378413, 0.25838036408036413, 0.2189501831501832, 0.2942756687756688], [0.2888899655899657, 0.24199827672327678, 0.14138131949749602, 0.3277304381892619], [0.27427325974678907, 0.3004029117940884, 0.1561571888895419, 0.2691666395695807], [0.2885433927183927, 0.23935751470751482, 0.19386027387645038, 0.2782388186976423], [0.29985313852813855, 0.2058573093573094, 0.17254583749583755, 0.32174371461871454], [0.3480185259185258, 0.2526930236430238, 0.18007273282273287, 0.21921571761571768], [0.23314961149961155, 0.2577019258519259, 0.23475890775890787, 0.27438955488955485], [0.22488650793650805, 0.30571108336108344, 0.22498098013098033, 0.24442142857142882], [0.24438706293706292, 0.33577979242979267, 0.1645222888222889, 0.255310855810856], [0.20178735708735715, 0.2698387612387611, 0.26717972582972577, 0.26119415584415606], [0.2246931774108246, 0.289820806970807, 0.2447431532519769, 0.2407428623663918], [0.21555478965478964, 0.2885117327117326, 0.19906123598623612, 0.2968722416472418], [0.23552335801453456, 0.2682085101173336, 0.20967600732600725, 0.2865921245421245], [0.32289164560929273, 0.25405909368409385, 0.12756936951936954, 0.2954798911872441], [0.2442834892231952, 0.27080809827427493, 0.21477463239375016, 0.2701337801087802], [0.23686624339712598, 0.27735828142445795, 0.20598755411255426, 0.27978792106586253], [0.1954031912531914, 0.2647907925407926, 0.2280824259074259, 0.31172359029859015], [0.19523347208347222, 0.24292780552780552, 0.25555532800532815, 0.30628339438339447], [0.25143640803640804, 0.24723838383838384, 0.22120167610167618, 0.2801235320235322], [0.2423464060449356, 0.262976504051504, 0.18721937213113687, 0.3074577177724236], [0.24642575202575212, 0.2915740759240761, 0.2140825896325897, 0.24791758241758252], [0.300808338883339, 0.2579144744144746, 0.17041061161061175, 0.2708665750915754], [0.24643631923631928, 0.2591328282828283, 0.20254205794205798, 0.2918887945387947], [0.2221801420801423, 0.24074275724275748, 0.22892857142857154, 0.30814852924852915], [0.2278758047508049, 0.30472403707403717, 0.16107222777222788, 0.3063279304029303], [0.3831314907314906, 0.2793347263847265, 0.12201272061272064, 0.2155210622710623], [0.25703483396548427, 0.27684920944208874, 0.19490931209313564, 0.27120664449929166], [0.2374514430014431, 0.24426526251526284, 0.21363685758685766, 0.30464643689643683], [0.3752078976578974, 0.22545116550116562, 0.1144953712953713, 0.2848455655455654], [0.25370474525474535, 0.3162308025308027, 0.15749949494949503, 0.2725649572649572], [0.28958026418026417, 0.23443053613053624, 0.20548126318126325, 0.27050793650793664], [0.2426733766233766, 0.27122116217116216, 0.19486931401931415, 0.29123614718614727], [0.3034613220113222, 0.2642655733155733, 0.13953986568986573, 0.29273323898323905], [0.20312797594562318, 0.28295928515928526, 0.19868952877188184, 0.31522321012321003], [0.27144627872127886, 0.2434953990453991, 0.18653939116439117, 0.2985189310689312], [0.22461676101676106, 0.24410428460428474, 0.21727770562770565, 0.31400124875124896], [0.22053849206349216, 0.2642370712620713, 0.18907875180375186, 0.32614568487068507], [0.2166613442113443, 0.3292095265845266, 0.19816505439005452, 0.2559640748140749], [0.29661083843057534, 0.2687602175602177, 0.1212682262182263, 0.313360717790981], [0.2296764013764016, 0.25927928737928757, 0.22940555833055837, 0.28163875291375295], [0.23401142775353315, 0.26442346542346556, 0.17039105864895362, 0.33117404817404816], [0.20705432900432919, 0.2930719891219891, 0.2124680957930959, 0.2874055860805862], [0.2539710761460763, 0.32575092407592404, 0.18240140692640702, 0.237876592851593], [0.3183270923520923, 0.2200120934620935, 0.14231827061827076, 0.31934254356754355], [0.2843055944055944, 0.2514598124098127, 0.14904827949827962, 0.31518631368631367], [0.29093631091131095, 0.2646746531246532, 0.17767868242868254, 0.26671035353535366], [0.23479379231879247, 0.3015680458430457, 0.1934092086018557, 0.27022895323630625], [0.2907412420912421, 0.30722615162615163, 0.17276484071484072, 0.22926776556776593], [0.3037445304695305, 0.2702988955488957, 0.16308455988455986, 0.26287201409701433], [0.26408062493062523, 0.2737363414363415, 0.15480415695415708, 0.30737887667887687], [0.27700549173049177, 0.33419704462204447, 0.13251592851592855, 0.2562815351315353], [0.31318767066267095, 0.2742505772005772, 0.1531232600732602, 0.2594384920634923], [0.26130782942547665, 0.2853750666000666, 0.15292650013385314, 0.30039060384060395], [0.1930939818351584, 0.32668608972726626, 0.20895986790986806, 0.2712600605277077], [0.23397638505285584, 0.24954248366013076, 0.22053893883893896, 0.2959421924480751], [0.2499501581751582, 0.28981075199310485, 0.17650803477568197, 0.28373105505605517], [0.26355709845709857, 0.29059504384504403, 0.15275261960261963, 0.2930952380952382], [0.24649758603969138, 0.25475266677766695, 0.20783274751564218, 0.29091699966699974], [0.23183588078588085, 0.3015915972915973, 0.1905274031524032, 0.2760451187701189], [0.2524029331779333, 0.3189328643578643, 0.15954355089355102, 0.26912065157065174], [0.26014904539904554, 0.29409889277389295, 0.1667444694194695, 0.27900759240759254], [0.2815648351648352, 0.22946524586524605, 0.18139365634365637, 0.30757626262626275], [0.24982496163966755, 0.28007097069597064, 0.1898765646118588, 0.2802275030525033], [0.2750572205572206, 0.23170245587745605, 0.17401588966588977, 0.3192244338994337], [0.2505891053391054, 0.2788093795093796, 0.14872514152514157, 0.3218763736263736], [0.26624935064935074, 0.26733836441336456, 0.1654235070485071, 0.3009887778887779], [0.23474129759129775, 0.2704122627372627, 0.22334607892107905, 0.27150036075036094], [0.23951527361527364, 0.30941670551670564, 0.20420412920412934, 0.2468638916638918], [0.2973995448995449, 0.27597054612054617, 0.14135287767787774, 0.2852770313020314], [0.2450990062225359, 0.27194441669441655, 0.18025251872310705, 0.30270405835994085], [0.27170484319601984, 0.2754765484515484, 0.16843506966889327, 0.28438353868353866], [0.22849266289266296, 0.2854189588189588, 0.2131841852591852, 0.27290419302919317]]}}