{"test": {"ids": ["103110050", "107117630", "98112170", "107120130", "99111340", "107114140", "110113591", "110113931", "106117650", "104118070", "104111880", "112121360", "112120540", "99111930", "110117140", "113121220", "107114110", "98111670", "112120990", "112119950", "100109360", "111117200", "98106880", "102112250", "101108621", "111114321", "113117550", "97107950", "97111790", "101110150", "105115250", "97105451", "99108460", "103120531", "106117790", "111115910", "111121351", "109119010", "101108460", "101108080", "97106591", "113120260", "100113210", "111119290", "106118301", "107113170", "103120340", "98110710", "102107961", "100113370", "105115900", "105116980", "109117271", "111119950", "101114990", "99112641", "109116170", "97105580", "104119340", "101111620", "99107300", "106118520", "104111711", "97109080", "100109801", "97106600", "110121140", "103113170", "111121190", "98116500", "111116640", "98110230", "111116110", "107114200", "108115880", "112116640", "101109370", "101116130", "99109161", "112116880", "104116980", "112117210", "112117431", "109113881", "105112130", "103117200", "109116040", "105115680", "107115140", "103111110", "106116820", "98107010", "110118301", "110120640", "109114270", "107116501", "113120531", "99111000", "110119300", "106119580", "104119290", "110120700", "99112531", "102116500", "98106111", "99121440", "103111170", "99108310", "108120260", "99109840", "98116090", "113121950", "109116930", "101108580", "108118060", "99112840", "108120621", "99109780", "112116900", "109117630", "110116501", "109116810", "99109311", "112119320", "103118110", "108114180", "98106680", "98109230", "106111321", "102112030", "109114030", "109114651", "101108290", "108114200", "97113260", "107118820", "110119891", "113120591", "102112170", "112116810", "110120531", "103111830"], "labels": [3, 0, 3, 2, 1, 2, 0, 1, 1, 2, 3, 3, 3, 1, 3, 3, 1, 1, 2, 0, 0, 0, 0, 0, 0, 1, 3, 2, 2, 1, 2, 0, 0, 3, 1, 2, 0, 3, 0, 0, 1, 3, 0, 3, 1, 0, 1, 2, 3, 3, 3, 0, 0, 0, 3, 1, 0, 1, 1, 3, 3, 2, 1, 2, 0, 3, 3, 3, 1, 2, 0, 3, 3, 2, 3, 0, 1, 2, 3, 0, 1, 1, 0, 0, 1, 0, 0, 2, 0, 3, 1, 3, 1, 0, 3, 1, 0, 2, 1, 3, 1, 2, 3, 1, 0, 2, 2, 2, 1, 2, 0, 3, 0, 0, 1, 2, 1, 2, 3, 0, 3, 3, 1, 1, 2, 1, 1, 1, 0, 2, 1, 3, 0, 0, 1, 3, 3, 0, 3, 3, 0, 3], "predicted_labels": [3, 2, 3, 1, 3, 1, 3, 1, 3, 2, 3, 0, 3, 1, 1, 3, 3, 2, 1, 0, 3, 1, 2, 2, 3, 1, 3, 3, 3, 3, 3, 0, 3, 1, 1, 1, 1, 1, 3, 0, 2, 1, 3, 3, 0, 3, 3, 1, 2, 3, 3, 3, 3, 3, 1, 0, 1, 0, 3, 0, 1, 0, 2, 1, 1, 2, 3, 1, 3, 3, 1, 3, 3, 3, 1, 0, 3, 2, 0, 1, 2, 1, 3, 1, 1, 0, 3, 1, 3, 1, 3, 1, 1, 1, 3, 3, 1, 2, 1, 1, 1, 1, 0, 2, 2, 1, 3, 3, 1, 2, 1, 1, 2, 2, 1, 1, 0, 1, 0, 1, 3, 0, 3, 2, 3, 3, 2, 2, 0, 1, 3, 0, 3, 0, 3, 1, 3, 0, 2, 0, 3, 3], "confidence_scores": [[0.036177953443449616, 0.33775828922188744, 0.09694813543751483, 0.5291156218971483], [0.09860824112274189, 0.2706406810184393, 0.5191233777619537, 0.11162770009686508], [0.14748922029174835, 0.0944449535757493, 0.05387241953218106, 0.7041934066003213], [0.10653507983892316, 0.6420655695372098, 0.22623995517503562, 0.025159395448831685], [0.035974074368843034, 0.16880219025896004, 0.22703808873869646, 0.5681856466335], [0.06530717289831794, 0.8751646747774859, 0.013662591295518663, 0.04586556102867731], [0.3439689395956672, 0.2660176689700248, 0.021569669591343408, 0.36844372184296426], [0.20859261819667368, 0.6625373618119863, 0.00873586901301584, 0.12013415097832404], [0.21709793551995407, 0.23229961999497103, 0.1161684646590917, 0.4344339798259835], [0.056039465707464514, 0.21813767888191832, 0.6628771703089257, 0.0629456851016915], [0.05489131070231704, 0.07794113967869472, 0.3467067130142797, 0.5204608366047082], [0.7003593612343296, 0.20760552787659367, 0.02625329583936713, 0.06578181504970955], [0.26643985578036916, 0.1785995502963108, 0.01892085631865853, 0.5360397376046618], [0.030395373458397993, 0.4075176666186556, 0.18454196293977881, 0.37754499698316796], [0.10933831113093927, 0.5174849893755324, 0.049446222653198264, 0.3237304768403296], [0.056762307058647314, 0.07744131732990314, 0.041129829439834696, 0.8246665461716147], [0.038312827416715996, 0.024823223118091285, 0.0743418288412703, 0.8625221206239228], [0.09912734717572141, 0.05562489009609297, 0.5600478146388985, 0.2851999480892872], [0.1865489534910195, 0.6915273888730153, 0.042110660186009785, 0.07981299744995557], [0.5748171781965515, 0.11188391946612107, 0.029539755344878994, 0.2837591469924483], [0.13911131191983478, 0.027833163638788464, 0.16534969973596744, 0.6677058247054092], [0.07417494871052972, 0.39688113473107456, 0.01637474277099407, 0.5125691737874017], [0.05270615347450682, 0.05393709698542029, 0.49493422477044635, 0.39842252476962653], [0.32686643765262424, 0.0341872253166777, 0.43349963127388125, 0.20544670575681667], [0.08233669949588299, 0.29813409709151156, 0.03193872112368501, 0.5875904822889203], [0.06652261727618897, 0.8132728167585882, 0.06272533253436217, 0.05747923343086058], [0.25010790812903977, 0.18674196025697523, 0.0810398681878296, 0.4821102634261557], [0.08978367578512421, 0.11550518966938086, 0.18571800813319245, 0.6089931264123026], [0.07298796538709024, 0.0873356144724254, 0.12006931241327612, 0.7196071077272079], [0.14668874988736572, 0.15547451663504092, 0.0583148276742331, 0.6395219058033604], [0.38423897670213514, 0.08606086644281055, 0.11513415456177374, 0.4145660022932803], [0.7932345762960816, 0.04993547437028076, 0.0202131374896401, 0.1366168118439978], [0.12808407937441657, 0.1617661982839178, 0.024261932403481033, 0.6858877899381847], [0.07897595836911442, 0.5850531725847397, 0.05409172428281721, 0.2818791447633287], [0.21580055145212526, 0.27986827445655393, 0.3998055964055822, 0.10452557768573852], [0.2027227450972321, 0.3233508050188074, 0.28002267299193295, 0.19390377689202742], [0.2756146946941723, 0.4936098246784868, 0.04611614452559197, 0.18465933610174898], [0.15195318524576518, 0.3022184160384819, 0.24195660610135208, 0.3038717926144006], [0.2555297359181306, 0.26914624827398653, 0.13507924852893707, 0.3402447672789457], [0.48345958104160414, 0.28657389955070794, 0.04301251461572286, 0.1869540047919651], [0.028695869898018322, 0.10244700466719081, 0.4259061995799874, 0.4429509258548035], [0.06979958007524799, 0.5945898759894811, 0.24664522620747784, 0.08896531772779333], [0.45366114198559115, 0.05839826816653072, 0.011242534637325103, 0.4766980552105528], [0.014502836260109675, 0.06554744350929441, 0.07588260866354174, 0.844067111567054], [0.44731990027906043, 0.18350129722617012, 0.030473110981569698, 0.33870569151320007], [0.32535514000304355, 0.23554269792601298, 0.041107580225302136, 0.3979945818456412], [0.06836637473702502, 0.1292596457047884, 0.09009344748290894, 0.7122805320752776], [0.02150779150609981, 0.4117228480743286, 0.08924696886422659, 0.4775223915553448], [0.3553251834683303, 0.1098865278607594, 0.3080546767699646, 0.22673361190094574], [0.11045253759657754, 0.04123608225749538, 0.3872586775203537, 0.46105270262557335], [0.1660257333715405, 0.11184964840211994, 0.2562043111041797, 0.4659203071221602], [0.31111281466896784, 0.12415876784565977, 0.02947994939102019, 0.5352484680943521], [0.1128367793623238, 0.05360873025777366, 0.011468987472510387, 0.8220855029073919], [0.10384599622494288, 0.13703535624448976, 0.10919509050709358, 0.6499235570234738], [0.0433681511010466, 0.7291342151444343, 0.07414377851121738, 0.15335385524330153], [0.6118077630803269, 0.0778479938449436, 0.14931718312332526, 0.16102705995140462], [0.10870945664101314, 0.5241742373088755, 0.04484001301593874, 0.32227629303417304], [0.5217408976755494, 0.0825870512609049, 0.2893344147679446, 0.10633763629560118], [0.3653092519933077, 0.09420878425255559, 0.0348093079377888, 0.5056726558163479], [0.5725790473534257, 0.036681383940600776, 0.13616532784809068, 0.2545742408578825], [0.38404269111145356, 0.45984544107478337, 0.020773956774539182, 0.13533791103922382], [0.46913973909540935, 0.23582431561978076, 0.031910331097285964, 0.2631256141875241], [0.06436364969937285, 0.09590106548781643, 0.743872657062351, 0.09586262775045969], [0.06529942726625125, 0.3666959708701046, 0.11933900832460106, 0.44866559353904345], [0.08449655815068316, 0.4949798298721544, 0.016305793798314833, 0.4042178181788479], [0.05998629197376765, 0.2378589190598307, 0.5930895337443943, 0.10906525522200719], [0.3451793500940909, 0.1633600633788102, 0.06702120908831917, 0.42443937743877996], [0.10593738535263063, 0.47379464788252973, 0.18909609582684267, 0.23117187093799726], [0.10767308955686253, 0.31306588074962904, 0.09726491500048266, 0.48199611469302556], [0.17131643610113498, 0.14010889392748085, 0.12593153322348372, 0.5626431367479003], [0.29737990507232637, 0.5367373384748906, 0.11045042374575627, 0.05543233270702675], [0.18830071205651072, 0.295990373720533, 0.07476116697379681, 0.44094774724915947], [0.07758654812517221, 0.05342668440967126, 0.04582013307099153, 0.8231666343941649], [0.516580573582265, 0.11426462208231235, 0.01692288319119455, 0.35223192114422797], [0.17254430318136502, 0.6033027127843257, 0.05821979408603689, 0.1659331899482725], [0.39304768928551825, 0.242135735944942, 0.047661287675702435, 0.31715528709383733], [0.10423440323864416, 0.23812934936561816, 0.22871891568303984, 0.4289173317126978], [0.10033294214478619, 0.08016268967224643, 0.4883520960276368, 0.33115227215533055], [0.49657676857497224, 0.34378437497400943, 0.11230752269577408, 0.04733133375524409], [0.17455374794890546, 0.7116689504059898, 0.05786404830837444, 0.05591325333673044], [0.030790436837467308, 0.21219134476885837, 0.6573702680298338, 0.09964795036384048], [0.10934504688112637, 0.5821574866355428, 0.19165046827269616, 0.11684699821063485], [0.31791539312449396, 0.22686551766286078, 0.039945372766811454, 0.4152737164458338], [0.4054747165063456, 0.3103115808588141, 0.07809228461541379, 0.20612141801942652], [0.13867172505280187, 0.539205079286542, 0.060580355852193, 0.2615428398084629], [0.6591112438592623, 0.11521813104662229, 0.018913811741724306, 0.2067568133523912], [0.16868245756227665, 0.18329969704641325, 0.10653908164675858, 0.5414787637445517], [0.02243108442254836, 0.7472222078115862, 0.12316119867941983, 0.10718550908644513], [0.05164246997726454, 0.019119586344667636, 0.15686830989614253, 0.7723696337819248], [0.05024454640315535, 0.5265349450547295, 0.024632765515078214, 0.3985877430270365], [0.36381835964680403, 0.1491782209767935, 0.06378158627871217, 0.4232218330976902], [0.28416209272594267, 0.29084458848276823, 0.1904543031389016, 0.23453901565238744], [0.11428451174900384, 0.5230419815604453, 0.018139239943827518, 0.34453426674672305], [0.34191034597724296, 0.4870240674456797, 0.10487486966128164, 0.06619071691579605], [0.2357217635343554, 0.13316264886565793, 0.11196875401043378, 0.5191468335895526], [0.40630368635719977, 0.18532403444734585, 0.03232736373101237, 0.37604491546444185], [0.12607439316821129, 0.35967089166276733, 0.14247768429909904, 0.3717770308699227], [0.02899514858226902, 0.15912529644331513, 0.5395329800900188, 0.2723465748843971], [0.1495626440095637, 0.6029599880195765, 0.05117989221549692, 0.19629747575536294], [0.2210385958313182, 0.4666346748545902, 0.09821901193480456, 0.21410771737928722], [0.04743710018286953, 0.36860126736362064, 0.24008967246896046, 0.34387195998454906], [0.2655993686985448, 0.3666355919452354, 0.045891820249954585, 0.32187321910626504], [0.48122225508945715, 0.1740466021937802, 0.032931191922752116, 0.31179995079401074], [0.21502771437886747, 0.10821701516739936, 0.4334359842338488, 0.2433192862198841], [0.17867157679479764, 0.21491982330339263, 0.3984063890463517, 0.20800221085545795], [0.0669365646452925, 0.3954051606722755, 0.4410988088474571, 0.09655946583497496], [0.16151099848383937, 0.17021748776228052, 0.23652006868039555, 0.4317514450734847], [0.4219642357368023, 0.10496594171626722, 0.08560081672793599, 0.3874690058189944], [0.3061163861006842, 0.5106358573311846, 0.05401690653385143, 0.12923085003427975], [0.03902009382878537, 0.035135433927904414, 0.6508624367598641, 0.27498203548344596], [0.1978075547234122, 0.38081893783387305, 0.1290245736956586, 0.2923489337470563], [0.13039351484163206, 0.38575344027028935, 0.3444343768820278, 0.1394186680060509], [0.23971316450650954, 0.09656994388490357, 0.5570094915782983, 0.10670740003028849], [0.38887653148236334, 0.012040404863997175, 0.4657358684586364, 0.13334719519500268], [0.37619721858287664, 0.34553256119018916, 0.10317383375816444, 0.1750963864687699], [0.0981379330084874, 0.34814976810884624, 0.051984855036075785, 0.5017274438465907], [0.6229744414345307, 0.2551000495330837, 0.05065529177763916, 0.07127021725474639], [0.03802442136845496, 0.6720052564855582, 0.15930795043450297, 0.13066237171148395], [0.5310168495331304, 0.2124443004285068, 0.01607406473638345, 0.2404647853019793], [0.2607754032889178, 0.5726342462514045, 0.07183668549854734, 0.09475366496113063], [0.11787577459275506, 0.07495663547717686, 0.01517043303013472, 0.7919971568999333], [0.4628862665744962, 0.2722424597416634, 0.05938926626963764, 0.20548200741420286], [0.11061633826664112, 0.10977106344768424, 0.25426119761831306, 0.5253514006673616], [0.023736882554433472, 0.08621125875657205, 0.8437047606426245, 0.04634709804636971], [0.028511633694437436, 0.0971078355440507, 0.1848333750413902, 0.6895471557201216], [0.03020718750734015, 0.04254280529796795, 0.02700321123020532, 0.900246795964487], [0.07831352722227498, 0.2957376623211366, 0.4953629431412155, 0.13058586731537294], [0.25309183386065903, 0.09253280141957732, 0.5733487395548814, 0.08102662516488231], [0.5565920248346731, 0.12047808145856448, 0.06721342218915104, 0.2557164715176116], [0.1356389657028148, 0.6227627837443118, 0.05053375439528452, 0.19106449615758928], [0.2317168990761324, 0.17388289553433764, 0.12633418096043014, 0.4680660244290997], [0.4950569521408558, 0.07736713780183162, 0.22616066910270502, 0.20141524095460758], [0.2632794576296412, 0.05570883411453158, 0.06359494675741344, 0.6174167614984136], [0.7696776606160299, 0.0928118454324914, 0.04621326610370361, 0.09129722784777512], [0.04863694745799562, 0.07331884421519425, 0.16522728085844218, 0.712816927468368], [0.4608937472167725, 0.3698745041144538, 0.03153273607613404, 0.13769901259263967], [0.14761944796623006, 0.10805429491347202, 0.055622587996252956, 0.6887036691240449], [0.6377098874641446, 0.12680431021430957, 0.03951696415271441, 0.19596883816883146], [0.10698124611645742, 0.07064872118339906, 0.572279683250339, 0.2500903494498048], [0.31220578881520294, 0.20716690579090258, 0.29321067247236116, 0.18741663292153335], [0.11361954671892374, 0.15296567096763966, 0.03212146657097275, 0.7012933157424641], [0.21997871301531033, 0.03374687348086708, 0.023576466080104858, 0.7226979474237176]]}, "rewritten": {"ids": ["97105451", "97105580", "97106591", "97106600", "97107950", "97109080", "97111790", "97113260", "98106111", "98106680", "98106880", "98107010", "98109230", "98110230", "98110710", "98111670", "98112170", "98116090", "98116500", "99107300", "99108310", "99108460", "99109161", "99109311", "99109780", "99109840", "99111000", "99111340", "99111930", "99112531", "99112641", "99112840", "99121440", "100109360", "100109801", "100113210", "100113370", "101108080", "101108290", "101108460", "101108580", "101108621", "101109370", "101110150", "101111620", "101114990", "101116130", "102107961", "102112030", "102112170", "102112250", "102116500", "103110050", "103111110", "103111170", "103111830", "103113170", "103117200", "103118110", "103120340", "103120531", "104111711", "104111880", "104116980", "104118070", "104119290", "104119340", "105112130", "105115250", "105115680", "105115900", "105116980", "106111321", "106116820", "106117650", "106117790", "106118301", "106118520", "106119580", "107113170", "107114110", "107114140", "107114200", "107115140", "107116501", "107117630", "107118820", "107120130", "108114180", "108114200", "108115880", "108118060", "108120260", "108120621", "109113881", "109114030", "109114270", "109114651", "109116040", "109116170", "109116810", "109116930", "109117271", "109117630", "109119010", "110113591", "110113931", "110116501", "110117140", "110118301", "110119300", "110119891", "110120531", "110120640", "110120700", "110121140", "111114321", "111115910", "111116110", "111116640", "111117200", "111119290", "111119950", "111121190", "111121351", "112116640", "112116810", "112116880", "112116900", "112117210", "112117431", "112119320", "112119950", "112120540", "112120990", "112121360", "113117550", "113120260", "113120531", "113120591", "113121220", "113121950"], "labels": [0, 1, 1, 3, 2, 2, 2, 1, 0, 1, 0, 3, 1, 3, 2, 1, 3, 0, 2, 3, 2, 0, 3, 1, 2, 2, 2, 1, 1, 3, 1, 2, 2, 0, 0, 0, 3, 0, 0, 0, 0, 0, 1, 1, 3, 3, 2, 3, 2, 3, 0, 1, 3, 3, 2, 3, 3, 0, 2, 1, 3, 1, 3, 1, 2, 1, 1, 1, 2, 2, 3, 0, 0, 1, 1, 1, 1, 2, 3, 0, 1, 2, 2, 0, 1, 0, 3, 2, 1, 0, 3, 1, 1, 1, 0, 1, 3, 3, 0, 0, 3, 0, 0, 0, 3, 0, 1, 3, 3, 1, 1, 3, 0, 0, 2, 3, 1, 2, 3, 0, 0, 3, 0, 1, 0, 0, 3, 0, 3, 1, 0, 1, 0, 3, 2, 3, 3, 3, 0, 0, 3, 3], "predicted_labels": [0, 0, 3, 2, 3, 1, 3, 3, 1, 1, 2, 1, 2, 3, 3, 2, 3, 1, 3, 1, 0, 3, 1, 3, 1, 2, 2, 2, 1, 0, 0, 3, 2, 3, 1, 0, 2, 0, 3, 3, 0, 3, 3, 3, 0, 1, 2, 3, 1, 2, 2, 0, 1, 3, 3, 3, 1, 0, 3, 3, 1, 1, 3, 2, 2, 1, 3, 3, 3, 1, 1, 3, 0, 0, 1, 2, 3, 0, 1, 3, 3, 1, 3, 3, 3, 2, 3, 1, 3, 0, 1, 1, 1, 0, 1, 3, 3, 0, 0, 1, 1, 2, 3, 1, 1, 3, 1, 3, 1, 1, 1, 3, 3, 1, 1, 3, 1, 1, 3, 1, 3, 3, 3, 3, 1, 3, 0, 1, 1, 1, 0, 2, 0, 3, 1, 0, 3, 1, 3, 3, 3, 1], "confidence_scores": [[0.8334261782340254, 0.043942392027167404, 0.01705717896222648, 0.10557425077658092], [0.5719650862977459, 0.16547417062441447, 0.21353139806840657, 0.04902934500943267], [0.1499054245548506, 0.16869465978134715, 0.09079971718629165, 0.5906001984775107], [0.16569062638643228, 0.3044094782208781, 0.42964675026502364, 0.10025314512766585], [0.06686149645026858, 0.14544818805493492, 0.2917814427437366, 0.49590887275105966], [0.03592185508048227, 0.3487382561769305, 0.17422333221960665, 0.4411165565229806], [0.12931632277784366, 0.11021917178075008, 0.0718561778598739, 0.6886083275815327], [0.08497958506981824, 0.07106911812940576, 0.20271226964702885, 0.6412390271537473], [0.2581645808505334, 0.2900161288626555, 0.17776840171050995, 0.27405088857630117], [0.1706755219836471, 0.39818852048133135, 0.17849804580057155, 0.2526379117344496], [0.09173599998666608, 0.18929228213530497, 0.39341754614915436, 0.3255541717288746], [0.30504714462956034, 0.33728491928983284, 0.18574770081535638, 0.17192023526525055], [0.29518028605937935, 0.08551827797716462, 0.5450733443437774, 0.07422809161967857], [0.2507801462621012, 0.272729575003366, 0.054495137931392094, 0.4219951408031406], [0.02435998923343095, 0.30338029313644393, 0.05634371309707886, 0.6159160045330465], [0.06493771173518915, 0.07563544234064412, 0.566035920826888, 0.2933909250972789], [0.13521313097068124, 0.06933718554134773, 0.05068699790003338, 0.7447626855879375], [0.13257665910725433, 0.5005401031436247, 0.17313806969400491, 0.19374516805511593], [0.15459691215059304, 0.2588046718916985, 0.14814889270395545, 0.438449523253753], [0.4259321867418159, 0.3614611980012492, 0.025925125764184955, 0.18668148949274999], [0.5247146435605701, 0.05386006236286454, 0.07409698390158845, 0.34732831017497673], [0.14887552804895154, 0.1665031189115497, 0.02878073197717834, 0.6558406210623207], [0.40153757208551394, 0.39485867635641275, 0.154675879248368, 0.04892787230970531], [0.15013786235784077, 0.07698943377953749, 0.24735520005530756, 0.5255175038073142], [0.01778643822514533, 0.6752961951461321, 0.1786571866671921, 0.12826017996153036], [0.03459932943533636, 0.04071111372585381, 0.7771726607211242, 0.14751689611768584], [0.03607711946650858, 0.09728061960822955, 0.5418699742329549, 0.3247722866923072], [0.029532058843471615, 0.13760959376359677, 0.4382735143287217, 0.39458483306420966], [0.06232710634763935, 0.3035653998698016, 0.1835029422981139, 0.45060455148444545], [0.6078824749816569, 0.17660176714268114, 0.021270999293141274, 0.1942447585825207], [0.7721075708838053, 0.05305933536568037, 0.07294711022424182, 0.10188598352627244], [0.08867272848311727, 0.3208036859246872, 0.047347128727167676, 0.5431764568650277], [0.0730681926152152, 0.27395005733648464, 0.5704514123770733, 0.08253033767122699], [0.1436421782697309, 0.034846957420570764, 0.136493297642823, 0.6850175666668753], [0.07467916390349803, 0.5168960461703792, 0.01764076594471722, 0.39078402398140555], [0.601368610825895, 0.032255102440510365, 0.012314507407570492, 0.3540617793260243], [0.10875770402730686, 0.05239970763606272, 0.5213045605574159, 0.31753802777921436], [0.47487385587160175, 0.28045090812339973, 0.05278360805864366, 0.19189162794635478], [0.22249928486689172, 0.05527481620915008, 0.05795777513142399, 0.6642681237925342], [0.17922185924335826, 0.15713892730549042, 0.03819372081963063, 0.6254454926315208], [0.4656863394225955, 0.013206813298726684, 0.400452823330104, 0.12065402394857386], [0.059585687934466766, 0.28281871032974093, 0.030534751352793963, 0.6270608503829985], [0.10010410285254524, 0.2222708117393896, 0.20477887970450928, 0.47284620570355573], [0.19050736829831186, 0.19552680608506592, 0.07549565885871563, 0.5384701667579066], [0.6234384774491775, 0.04195023842121634, 0.07584699748363799, 0.2587642866459682], [0.02871157563359685, 0.813790779911971, 0.04412378302625685, 0.11337386142817536], [0.21496541556727036, 0.10748867855970762, 0.3889826708944536, 0.2885632349785683], [0.28526892298244677, 0.12531881621912114, 0.18875164407836015, 0.40066061672007236], [0.11760457319917086, 0.648922949018508, 0.05110713001800632, 0.18236534776431448], [0.08688492418064232, 0.06966702896129214, 0.46214019711466175, 0.3813078497434037], [0.2975433658375506, 0.036638056545683806, 0.41705623114955537, 0.2487623464672105], [0.31615742679458847, 0.09316056682928249, 0.33957040341613665, 0.2511116029599921], [0.03139049847054881, 0.3949905208092028, 0.1254320102133048, 0.44818697050694345], [0.1555186022635009, 0.3259555281779159, 0.022922922945979914, 0.4956029466126032], [0.28801971018396083, 0.22406106050944133, 0.19332775895436483, 0.29459147035223293], [0.2726894641710326, 0.05245934925749919, 0.028089655568804286, 0.6467615310026639], [0.07875573203388864, 0.4651299462629495, 0.1627762572469643, 0.29333806445619737], [0.5190248213455857, 0.1615975948175142, 0.015453056677511342, 0.30392452715938895], [0.017495139828272655, 0.0606931905431512, 0.10591235140625523, 0.8158993182223206], [0.04933752328010429, 0.15210050773337105, 0.04892400130971147, 0.7496379676768129], [0.07141778663403718, 0.5385561497928847, 0.07447523564950397, 0.31555082792357386], [0.29866316992081476, 0.35391187685828984, 0.26673432406418773, 0.08069062915670801], [0.14691898504590364, 0.1512207871450538, 0.28567227297423986, 0.4161879548348028], [0.0691976961665601, 0.27118893686090223, 0.3746686589900314, 0.28494470798250626], [0.09149012649258673, 0.29026055404066076, 0.5484566951110083, 0.06979262435574417], [0.058981763225422, 0.35549505477938903, 0.2786345614940656, 0.3068886205011231], [0.4557525961307284, 0.10188714720962516, 0.04107820309889626, 0.4012820535607504], [0.18847471674243038, 0.14758747566914832, 0.13537408423256467, 0.5285637233558569], [0.41649079862587607, 0.08706431091600599, 0.18645885411088872, 0.3099860363472291], [0.03001245559055351, 0.7032422492098704, 0.1763114102123782, 0.09043388498719793], [0.08871118068876999, 0.4248531868445949, 0.40109141719104907, 0.0853442152755862], [0.4315485613526538, 0.15069474963451324, 0.013217052879864324, 0.40453963613296867], [0.6724436538572633, 0.11345671732837226, 0.08423667119292386, 0.12986295762144076], [0.43680065266089646, 0.16432851736158208, 0.07010015184850965, 0.3287706781290116], [0.1698539720309152, 0.3380684285572823, 0.09782997193741061, 0.3942476274743914], [0.16361816925909856, 0.2269513316366577, 0.41414127559494923, 0.1952892235092944], [0.32329914604876103, 0.20561282991987048, 0.041474577582803464, 0.42961344644856503], [0.7799663039245808, 0.13739362654120207, 0.02356714429801198, 0.05907292523620511], [0.15666000668545618, 0.4091137036325889, 0.14664101631633686, 0.2875852733656181], [0.23336956346057913, 0.2788983621279746, 0.09705878389477955, 0.39067329051666677], [0.03933328994903759, 0.0467713957895508, 0.0973536580814912, 0.8165416561799205], [0.061394380005724135, 0.8835601184196704, 0.01595392168902909, 0.03909157988557652], [0.3683000038987781, 0.11130870147950021, 0.019237546373609193, 0.5011537482481124], [0.04829868356008993, 0.015261494229694002, 0.07732061830399131, 0.8591192039062248], [0.47656703088843705, 0.11922293702851318, 0.04147830657798392, 0.3627317255050658], [0.10977158884711213, 0.26316124963066784, 0.4825339695296457, 0.14453319199257442], [0.38128635811143685, 0.23062432384933235, 0.04234782751115132, 0.34574149052807956], [0.10984403534024272, 0.614408396246875, 0.23265184059816887, 0.04309572781471322], [0.03507314591405026, 0.04136814033023698, 0.02227984937243902, 0.9012788643832739], [0.7998514611078723, 0.09296597379022896, 0.04943966605906965, 0.057742899042829136], [0.14932220541129684, 0.6078275795311536, 0.04433989370285604, 0.19851032135469376], [0.3429714818248132, 0.3308321202881601, 0.11764871223359362, 0.20854768565343346], [0.16840729686774644, 0.47604808452992353, 0.055970225785584485, 0.2995743928167455], [0.6027300037317735, 0.2819418167364955, 0.04718302203924296, 0.06814515749248794], [0.3201364345129588, 0.39679875272250653, 0.07712516814073618, 0.2059396446237985], [0.3038363991543128, 0.20745803640477864, 0.11014899533840102, 0.3785565691025073], [0.39123763200644646, 0.033812908279712985, 0.1040873003589799, 0.4708621593548608], [0.5155675539086996, 0.07826470117483826, 0.13199462439433707, 0.274173120522125], [0.4747750604021236, 0.09821404575204325, 0.13928422360675605, 0.2877266702390772], [0.061138177442185235, 0.4631801584364353, 0.04204452719206272, 0.4336371369293169], [0.44216258669013797, 0.3542826097816719, 0.059988551332982754, 0.14356625219520716], [0.2839995581932389, 0.13353233111583665, 0.47675675301812, 0.10571135767280433], [0.2200154388698027, 0.0774154238538885, 0.025530921311868612, 0.6770382159644401], [0.2741195193295522, 0.5902437934732541, 0.05147622551684549, 0.08416046168034799], [0.07733373887858881, 0.2596440723755252, 0.2693869511550557, 0.3936352375908302], [0.3027065786965438, 0.23813956291362917, 0.0206733549238366, 0.4384805034659905], [0.1375178252885593, 0.7759094100040108, 0.004694608087241984, 0.08187815662018803], [0.11697249039718506, 0.1370967721107691, 0.021135271137326057, 0.7247954663547199], [0.08345579556639156, 0.3817177179073204, 0.05570671574243467, 0.4791197707838533], [0.1266943785085689, 0.5752743819494441, 0.027869331788380382, 0.2701619077536063], [0.0926097197092704, 0.6752091861687747, 0.054202001219278276, 0.1779790929026767], [0.11134492769937761, 0.11962966970668047, 0.051187748317807986, 0.7178376542761333], [0.1230501465044737, 0.14289789315554832, 0.02961061931499767, 0.7044413410249803], [0.17864378359341895, 0.5283239018493943, 0.23623558687652424, 0.05679672768066253], [0.1686916737033476, 0.4877506720607882, 0.04157381813065831, 0.30198383610520624], [0.28428666170822475, 0.23834824958741646, 0.1177296962197875, 0.35963539248457116], [0.10405238168334681, 0.8033815106732479, 0.0677574882264726, 0.024808619416932718], [0.23999189087578174, 0.35990909235253193, 0.2284315725899184, 0.17166744418176788], [0.09259226105590877, 0.04950377575573929, 0.04409543613357829, 0.8138085270547737], [0.18979762623552907, 0.5634232201241799, 0.18896961091100925, 0.05780954272928203], [0.056066553551795496, 0.28049396386357967, 0.027869148112086132, 0.6355703344725385], [0.024432691056598434, 0.07923059970603556, 0.08509944648366898, 0.8112372627536975], [0.07060180685776678, 0.08669990465365619, 0.08082596247770307, 0.7618723260108735], [0.15831775203278634, 0.22549021919309015, 0.08908432604279623, 0.527107702731327], [0.2640117074122585, 0.6023853698831594, 0.0266311017268164, 0.10697182097776602], [0.3412204103368237, 0.2113151504144305, 0.054900113001993815, 0.3925643262467518], [0.295473388445249, 0.16126228943906923, 0.2837705333295222, 0.2594937887861597], [0.18694366225739018, 0.6476097356350649, 0.09685063849312232, 0.06859596361442245], [0.4109189015709888, 0.3453103314539217, 0.020373489660053118, 0.223397277315036], [0.11140973104477765, 0.6145256337018752, 0.16327255666487642, 0.11079207858847047], [0.49406232174272136, 0.12606480651740573, 0.042723857897920756, 0.33714901384195217], [0.013769310694112939, 0.07050985642295825, 0.889400444367514, 0.02632038851541491], [0.564361737984837, 0.11670779695520742, 0.03427937917530928, 0.2846510858846461], [0.27613271535034695, 0.23054999465238454, 0.024697052925657926, 0.46862023707161055], [0.11842256583879229, 0.7465722590451968, 0.044850929418613544, 0.0901542456973977], [0.6191538197692594, 0.2793609452629391, 0.033062239708804876, 0.06842299525899649], [0.24077054802258463, 0.24209922175589002, 0.09482350368537953, 0.42230672653614565], [0.031386527432120684, 0.6021192899302372, 0.15175697773625058, 0.2147372049013913], [0.09871325768822022, 0.28167918468916425, 0.015681647641514942, 0.6039259099811006], [0.2937128921773722, 0.20601407460055926, 0.06469006640192343, 0.4355829668201454], [0.08113253557520392, 0.07740178092454364, 0.058060845164907456, 0.7834048383353449], [0.12149100142554141, 0.37710188403041595, 0.3525414622319674, 0.14886565231207544]]}}