{"test": {"ids": ["99108010", "99109840", "105113260", "107114140", "104113240", "113118511", "98110680", "113122230", "112117030", "112118810", "110118701", "108113480", "105117351", "112116451", "113121220", "102113350", "108117610", "106118161", "105113480", "112121351", "105116980", "98116090", "112118550", "98111670", "100111080", "101119591", "109119340", "103111170", "107121640", "107113260", "99107630", "98120010", "103113170", "105114220", "100109311", "105110091", "105112240", "106111321", "98109311", "110115980", "106120290", "105111990", "110115580", "97106970", "111118910", "108116501", "108119510", "107113200", "110120540", "107112850", "100116500", "99111340", "112117571", "110118740", "112116290", "102116340", "105115570", "99110050", "112118511", "111120260", "98119591", "97116410", "100120010", "108119330", "108113700", "109115070", "110113931", "112118701", "108121351", "101109370", "108114180", "107119950", "98116940", "110118450", "105117431", "109118701", "97106600", "107114621", "112119950", "113118490", "108114040", "107113360", "111117200", "108117360", "110116441", "113121750", "112121010", "108118810", "105118230", "106117790", "101117580", "99112840", "113120531", "98108580", "107114321", "100111390", "98107410", "112116810", "97107040", "107114950", "109118231", "111119930", "111115780", "107119390", "112116401", "113122190", "113120280", "101115190", "99113260", "102121440", "105116090", "102121700", "97106820", "111116170", "98108970", "98107210", "110115890", "110118301", "112118620", "104112201", "102107961", "110119030", "108118630", "98109570", "103118110", "111120220", "110118161", "109114651", "112116640", "112119450", "113121680", "99110730", "98121790", "100111380", "108121410", "111119580", "106116820", "109113591", "111115400", "111118301", "99107560", "106115250"], "labels": [2, 2, 3, 2, 2, 1, 2, 1, 2, 3, 3, 0, 0, 0, 3, 3, 3, 3, 0, 0, 0, 0, 3, 1, 0, 0, 3, 2, 1, 0, 2, 2, 3, 3, 1, 0, 1, 0, 1, 1, 2, 2, 1, 2, 0, 0, 1, 0, 1, 1, 2, 1, 3, 3, 0, 3, 0, 3, 1, 3, 1, 3, 0, 0, 0, 0, 1, 0, 3, 1, 1, 3, 2, 0, 1, 3, 3, 0, 0, 1, 0, 0, 0, 1, 3, 0, 2, 1, 1, 1, 3, 2, 0, 0, 0, 2, 3, 3, 2, 3, 1, 1, 1, 2, 0, 1, 0, 1, 0, 2, 1, 1, 1, 0, 3, 1, 2, 1, 3, 0, 3, 0, 1, 1, 2, 3, 0, 3, 0, 3, 1, 3, 2, 3, 0, 3, 1, 3, 0, 3, 1, 2], "predicted_labels": [1, 1, 3, 3, 1, 1, 1, 2, 1, 0, 1, 3, 1, 0, 3, 1, 3, 1, 1, 0, 3, 3, 1, 0, 1, 3, 3, 0, 1, 3, 3, 2, 1, 3, 0, 0, 3, 3, 1, 2, 1, 3, 1, 2, 1, 3, 3, 3, 1, 1, 2, 2, 1, 0, 1, 3, 2, 1, 1, 0, 0, 3, 3, 3, 3, 1, 0, 1, 3, 2, 3, 1, 3, 1, 2, 1, 3, 0, 0, 3, 2, 0, 0, 0, 3, 1, 2, 3, 1, 3, 3, 2, 0, 3, 1, 3, 0, 2, 2, 3, 1, 3, 3, 3, 0, 2, 0, 0, 2, 0, 0, 1, 3, 1, 2, 3, 1, 3, 3, 3, 3, 3, 3, 0, 1, 0, 1, 3, 1, 1, 2, 2, 2, 1, 1, 3, 0, 1, 0, 3, 1, 1], "confidence_scores": [[0.013513047050658242, 0.9159829089499307, 0.0651636135183006, 0.005340430481110564], [0.010362352860017802, 0.6826080064501948, 0.19261324190648318, 0.11441639878330426], [0.028106856514866538, 0.2243748544613916, 0.012533737447798394, 0.7349845515759436], [0.011231110913233058, 0.02993298378089905, 0.39627824196277034, 0.5625576633430975], [0.03217930361780495, 0.9553764369781298, 0.01153207424160705, 0.0009121851624580037], [0.2550878976001978, 0.709732234923164, 0.022565030534461638, 0.012614836942176641], [0.015342964305458673, 0.8219863618352561, 0.15653675626718205, 0.0061339175921031365], [0.0023735962062032224, 0.011255496445014211, 0.9799743970822964, 0.006396510266486038], [0.006296610337383745, 0.6750016033104524, 0.21160612018390904, 0.10709566616825478], [0.652414337060661, 0.004109493367225858, 0.013345702412933954, 0.3301304671591792], [0.3075827892781427, 0.615919196869776, 0.021776273401581427, 0.05472174045049992], [0.05428954203704072, 0.2897894717414576, 0.025062141254269116, 0.6308588449672324], [0.19570813573185986, 0.4092583996808234, 0.05650489986094939, 0.3385285647263674], [0.5106926578290206, 0.017426602946012285, 0.0006226481487017294, 0.4712580910762654], [0.08031350328562065, 0.006372789129740299, 0.05854108653397577, 0.8547726210506632], [0.0062914948851765795, 0.7993076731485628, 0.08113267858707399, 0.1132681533791868], [0.0010883270315658322, 0.009548918344799356, 0.003507873549171524, 0.9858548810744632], [0.2117232507729365, 0.7601630450516418, 0.0114840891893363, 0.016629614986085492], [0.07459705397399324, 0.4162229571108494, 0.3117252632390833, 0.19745472567607397], [0.5079804359354564, 0.22276168613668437, 0.13926402942932944, 0.12999384849852988], [0.1183317409614848, 0.23673309546223648, 0.0004066866912020058, 0.6445284768850766], [0.028913287652306646, 0.06254040672763612, 0.20544439988791888, 0.7031019057321383], [0.3068647241048968, 0.4584877003287827, 0.00809674470894939, 0.2265508308573711], [0.6993724591108567, 0.11782021129878868, 0.00569337888788914, 0.17711395070246555], [0.09435917294198112, 0.4652022056433582, 0.4293949143590319, 0.01104370705562897], [0.062458209532569246, 0.013778295080188163, 0.003098454417100636, 0.920665040970142], [0.014098772476821527, 0.13870783158276356, 0.0014065998155143576, 0.8457867961249006], [0.48790482129733387, 0.3148838247427813, 0.016049238431258796, 0.18116211552862596], [0.03534954432244094, 0.8252375917704314, 0.020263706992100065, 0.11914915691502773], [0.05269227758245015, 0.35481821694936605, 0.07423832351546442, 0.5182511819527194], [0.004187318774815827, 0.0068309609717252355, 0.004749825364674865, 0.984231894888784], [0.009639530527540583, 0.006790679044118058, 0.8843345373050754, 0.09923525312326589], [0.1665277830745139, 0.6398570040197076, 0.19080145768808687, 0.0028137552176916544], [0.1856637714402285, 0.01811277922087671, 0.017418999435129954, 0.7788044499037649], [0.509336082151476, 0.3216437113968895, 0.05812091745554316, 0.11089928899609136], [0.6658898547644109, 0.13592868088641202, 0.11269160845876648, 0.08548985589041079], [0.1766344826362189, 0.387240575299813, 0.029920882677195292, 0.4062040593867728], [0.09047276463962532, 0.003946117764300737, 0.0036636732627887874, 0.9019174443332851], [0.3398775169808021, 0.4212939941751387, 0.0860018665685007, 0.15282662227555846], [0.17650461344218457, 0.2337797870860538, 0.4306584317780352, 0.15905716769372644], [0.003132065901522976, 0.9664744359093449, 0.02035203872494222, 0.010041459464189927], [0.06284737217849162, 0.12749375182404962, 0.015135877525809941, 0.7945229984716488], [0.2116604816906939, 0.5966687655243211, 0.03324647772748256, 0.1584242750575024], [0.001980065456904442, 0.072002068580434, 0.4858314206998046, 0.44018644526285705], [0.07330379432566532, 0.3533256256508295, 0.31497980869777426, 0.2583907713257309], [0.105852049375162, 0.1429559581546835, 0.016813686894445755, 0.7343783055757087], [0.025027150940599364, 0.013601891907351973, 0.004268803561499499, 0.9571021535905493], [0.010829515743987382, 0.11921929540734921, 0.0004156844158340376, 0.8695355044328295], [0.0014245554994020831, 0.9356243698316121, 0.004850542675693982, 0.0581005319932917], [0.04010080538483316, 0.8531926996268996, 0.01665647014904813, 0.09005002483921898], [0.34840243766887785, 0.052251785483553796, 0.40293079859785513, 0.19641497824971324], [0.007673731522097885, 0.0038727608445032835, 0.8890891234790373, 0.09936438415436159], [0.0378668130799973, 0.697737050990159, 0.04323461935327104, 0.22116151657657276], [0.6585161314938615, 0.034529914230534024, 0.02321179328565262, 0.28374216098995203], [0.0062682027262827645, 0.9700159800571974, 0.01209613562571957, 0.011619681590800532], [0.0023527937886306835, 0.012751016943823136, 0.004093674532250676, 0.9808025147352954], [0.08525748924131098, 0.23324190527180916, 0.5800758607176123, 0.10142474476926754], [0.3546973633066332, 0.44599866218483236, 0.08271427647365154, 0.11658969803488292], [0.03229882619524527, 0.8429146799792676, 0.06909865162272144, 0.05568784220276558], [0.47742325788733425, 0.22187132667194606, 0.011868611574354855, 0.28883680386636484], [0.6284406128429277, 0.02910299501302238, 0.32971615778022023, 0.012740234363829823], [0.03317945169857018, 0.01686989803528275, 0.06087641801776934, 0.8890742322483777], [0.029981939822308044, 0.01554890299751862, 0.28919540516722053, 0.6652737520129529], [0.0636875934973137, 0.14585627173751126, 0.023171787574206924, 0.767284347190968], [0.008641277923870648, 0.1126834626896694, 0.022003747687995092, 0.8566715116984649], [0.006648204025077204, 0.9923064918313039, 0.0006094442940161154, 0.00043585984960258043], [0.5978931600127304, 0.05053735398981952, 0.20877799917620632, 0.14279148682124382], [0.016328701339043503, 0.5722655177317864, 0.0023965750917881636, 0.409009205837382], [0.04527560516466052, 0.19486406117128124, 0.08297847093103562, 0.6768818627330226], [0.027832901775772904, 0.032005647159473155, 0.9360610616161013, 0.004100389448652769], [0.11024070209795221, 0.40787832679588565, 0.038129174379196135, 0.4437517967269661], [0.0568529945124009, 0.49077760346651905, 0.0033879130850067132, 0.4489814889360733], [0.10471172633006821, 0.2566158488683684, 0.29312721215820453, 0.34554521264335875], [0.018340492589349226, 0.936542575700159, 0.04356270476013325, 0.0015542269503585617], [0.0022946652217112986, 0.10135038378644709, 0.8216998752853262, 0.07465507570651551], [0.010238111011923746, 0.9538632790935473, 0.03368976363238064, 0.0022088462621482957], [0.2947391340228837, 0.07669850229476564, 0.0037069916250798626, 0.6248553720572709], [0.5869647935988029, 0.0010974520536526564, 0.001179449897949, 0.41075830444959543], [0.6497878355304298, 0.0009412265437034038, 0.0060495524303809545, 0.3432213854954858], [0.000148899387666922, 0.00011250467227527683, 0.00013647883616065598, 0.9996021171038972], [0.04046038319675674, 0.08326007619538812, 0.6735793189807693, 0.2027002216270859], [0.9629044312355725, 0.004932788588894987, 0.0045113100191615345, 0.02765147015637089], [0.9722612981852458, 0.007363625236946934, 0.003990865521038362, 0.016384211056769092], [0.5317938614838409, 0.05034969223796503, 0.2599437521687763, 0.15791269410941774], [0.04930821587627676, 0.15547000882474782, 0.16010163417745796, 0.6351201411215175], [0.416186642468265, 0.5199696175700643, 0.019125627239879775, 0.044718112721790944], [0.06574611627352327, 0.021653646804172554, 0.8832752871582489, 0.029324949764055246], [0.042721332626170984, 0.3735306100029792, 0.027058974805016785, 0.556689082565833], [0.00040682809320960527, 0.9887002409877702, 0.0031705734328886436, 0.0077223574861315], [0.16539395780616395, 0.12044382091043224, 0.0303791607618628, 0.6837830605215409], [0.016032378433248392, 0.002119613283261859, 0.00030282074274883046, 0.9815451875407408], [0.01306264513233876, 0.05997737920529775, 0.9015214603152053, 0.025438515347158245], [0.6516849106575531, 0.03568263393274197, 0.028367967930381207, 0.2842644874793239], [0.3146835958338495, 0.034560800416720855, 0.21074508416245416, 0.4400105195869755], [0.05367960970890031, 0.5548361247580227, 0.014281386892421538, 0.37720287864065544], [0.11589101226352039, 0.1298749507817582, 0.12536730090516726, 0.6288667360495541], [0.9341215609715884, 0.00046609528327869345, 0.003913252324360954, 0.06149909142077217], [0.24672712327656668, 0.113203210686724, 0.5733712373179812, 0.06669842871872811], [0.004092019615641939, 0.14121536948412577, 0.8429503055501408, 0.011742305350091416], [0.02850526907518198, 0.1633374529358737, 0.007936942922606549, 0.8002203350663378], [0.004459422682637773, 0.9445465161541646, 0.039147581909366645, 0.011846479253830852], [0.08409984279474214, 0.027180636452283944, 0.016261331252199984, 0.8724581895007739], [0.014310761285914499, 0.2765430616796334, 0.1339893390521677, 0.5751568379822845], [0.12477901595611308, 0.26778945792463765, 0.07278094300905927, 0.53465058311019], [0.6011230501256398, 0.005284750040153125, 0.00025809401816564244, 0.39333410581604134], [0.043779507932785115, 0.11650896192375565, 0.6288289582082024, 0.21088257193525695], [0.5612214457085789, 5.631060891619955e-05, 0.00010837982722796485, 0.438613863855277], [0.5858834589957698, 0.11923369621880534, 0.06270913102219661, 0.23217371376322832], [0.05455404159444402, 0.1003695953262763, 0.6807281010343232, 0.1643482620449565], [0.4158514777445502, 0.15691476403150895, 0.33847548650332443, 0.08875827172061636], [0.9241243466639126, 0.03326815871660861, 0.007936055655394706, 0.03467143896408399], [0.27708579811622314, 0.3724822043671357, 0.3178320044688972, 0.03259999304774396], [0.05265734870878678, 0.005799691253968585, 0.011023170378005903, 0.9305197896592388], [0.06000113021700579, 0.8807365735089593, 0.007328159606874047, 0.05193413666716095], [0.007832314024071748, 0.38244053105245157, 0.6081832863226913, 0.001543868600785461], [0.0029034540662377104, 0.04392084196483077, 0.023855568302327792, 0.9293201356666038], [0.02517203189863905, 0.9205661181056323, 0.05197275147700632, 0.0022890985187223817], [0.42233160779512113, 0.007901246996771307, 0.00487556561326325, 0.5648915795948443], [0.1531761973734493, 0.13464134111668608, 0.06100790394395562, 0.651174557565909], [0.05389960090356782, 0.11993446324016477, 0.009498802279699134, 0.8166671335765682], [0.0007899911821258086, 0.00040620647688537325, 0.0013635158431667797, 0.997440286497822], [0.005920985642885075, 0.18105776357168069, 0.0014740475736626471, 0.8115472032117717], [0.0069751505879202085, 0.026714451781480245, 0.048286644137624436, 0.918023753492975], [0.8994288468691752, 0.027796003319824427, 0.013201873518494712, 0.059573276292505487], [0.05879876774516464, 0.4286994992723705, 0.42714135572423056, 0.08536037725823441], [0.85314166469156, 0.09543518162764159, 0.03376756932051061, 0.017655584360287618], [0.29366018736010385, 0.36915764832532255, 0.039700985137711406, 0.2974811791768621], [0.04896108615432545, 0.18046605299881016, 0.01493992045117345, 0.755632940395691], [0.05911019151197311, 0.7849636920463984, 0.12092770969903394, 0.03499840674259477], [0.2358127674460015, 0.7168695928751102, 0.0008816545962234764, 0.04643598508266486], [0.17618650635734512, 0.14971832793642573, 0.655309802852818, 0.018785362853411102], [0.0073237282816865125, 0.030750388604466904, 0.7763640249695627, 0.18556185814428394], [0.18922067743742357, 0.1720837559559094, 0.35775729735511036, 0.2809382692515565], [0.270137311680176, 0.38499609503552623, 0.19547421189187822, 0.14939238139241948], [0.003728503853444486, 0.5909818587037133, 0.000491352407662221, 0.40479828503518], [0.15948184161286666, 0.03891286228180335, 0.011132902421405029, 0.790472393683925], [0.9170056220944728, 0.03312269014422708, 0.02364305923484234, 0.026228628526457822], [0.3338922512952264, 0.3849790709244395, 0.0017959945418750895, 0.27933268323845906], [0.5468449203670953, 0.2460645369428758, 0.040312514268886476, 0.1667780284211425], [0.04707835076960102, 0.032714920874723184, 0.02363670463304566, 0.8965700237226302], [0.03434006140990486, 0.9636654463144062, 0.0011403654006991778, 0.0008541268749898491], [0.02181057891365222, 0.9474144231794346, 0.014206419208856931, 0.016568578698056155]]}, "rewritten": {"ids": ["97106600", "97106820", "97106970", "97107040", "97116410", "98107210", "98107410", "98108580", "98108970", "98109311", "98109570", "98110680", "98111670", "98116090", "98116940", "98119591", "98120010", "98121790", "99107560", "99107630", "99108010", "99109840", "99110050", "99110730", "99111340", "99112840", "99113260", "100109311", "100111080", "100111380", "100111390", "100116500", "100120010", "101109370", "101115190", "101117580", "101119591", "102107961", "102113350", "102116340", "102121440", "102121700", "103111170", "103113170", "103118110", "104112201", "104113240", "105110091", "105111990", "105112240", "105113260", "105113480", "105114220", "105115570", "105116090", "105116980", "105117351", "105117431", "105118230", "106111321", "106115250", "106116820", "106117790", "106118161", "106120290", "107112850", "107113200", "107113260", "107113360", "107114140", "107114321", "107114621", "107114950", "107119390", "107119950", "107121640", "108113480", "108113700", "108114040", "108114180", "108116501", "108117360", "108117610", "108118630", "108118810", "108119330", "108119510", "108121351", "108121410", "109113591", "109114651", "109115070", "109118231", "109118701", "109119340", "110113931", "110115580", "110115890", "110115980", "110116441", "110118161", "110118301", "110118450", "110118701", "110118740", "110119030", "110120540", "111115400", "111115780", "111116170", "111117200", "111118301", "111118910", "111119580", "111119930", "111120220", "111120260", "112116290", "112116401", "112116451", "112116640", "112116810", "112117030", "112117571", "112118511", "112118550", "112118620", "112118701", "112118810", "112119450", "112119950", "112121010", "112121351", "113118490", "113118511", "113120280", "113120531", "113121220", "113121680", "113121750", "113122190", "113122230"], "labels": [3, 1, 2, 2, 3, 1, 3, 0, 3, 1, 1, 2, 1, 0, 2, 1, 2, 2, 1, 2, 2, 2, 3, 3, 1, 2, 0, 1, 0, 3, 2, 2, 0, 1, 1, 3, 0, 3, 3, 3, 2, 1, 2, 3, 2, 0, 2, 0, 2, 1, 3, 0, 3, 0, 1, 0, 0, 1, 1, 0, 2, 1, 1, 3, 2, 1, 0, 0, 0, 2, 0, 0, 3, 2, 3, 1, 0, 0, 0, 1, 0, 1, 3, 1, 1, 0, 1, 3, 0, 3, 3, 0, 1, 3, 3, 1, 1, 2, 1, 3, 0, 1, 0, 3, 3, 0, 1, 0, 1, 0, 0, 3, 0, 3, 1, 3, 3, 0, 0, 0, 0, 3, 2, 3, 1, 3, 3, 0, 3, 3, 0, 2, 0, 1, 1, 0, 0, 3, 1, 0, 1, 1], "predicted_labels": [0, 3, 2, 2, 3, 1, 2, 0, 1, 0, 0, 1, 3, 3, 1, 0, 2, 2, 1, 3, 1, 1, 0, 2, 2, 2, 2, 3, 2, 2, 3, 3, 2, 2, 0, 3, 3, 3, 1, 1, 3, 0, 1, 1, 2, 0, 1, 0, 1, 3, 1, 1, 3, 2, 0, 3, 3, 2, 1, 1, 1, 0, 1, 0, 1, 1, 3, 3, 0, 2, 3, 3, 3, 1, 1, 3, 1, 3, 2, 1, 1, 0, 3, 3, 0, 3, 1, 1, 1, 3, 3, 1, 1, 1, 3, 0, 3, 1, 0, 3, 1, 3, 1, 1, 0, 1, 1, 0, 1, 1, 0, 3, 3, 3, 3, 2, 0, 1, 3, 0, 1, 2, 1, 1, 1, 0, 0, 3, 3, 0, 0, 2, 1, 3, 0, 0, 0, 3, 3, 1, 1, 3], "confidence_scores": [[0.6710912307847935, 0.026862221791477733, 0.00397465522352567, 0.298071892200203], [0.05956111717524197, 0.014385238569654926, 0.028135776706753587, 0.8979178675483495], [0.0001495210145501942, 0.09370738829362237, 0.6930140871368144, 0.21312900355501288], [0.010505976220479853, 0.10231325394151974, 0.8617268934142942, 0.025453876423706157], [0.031120952774067866, 0.05530634568308353, 0.06098008677370112, 0.8525926147691475], [0.05084701093374093, 0.8932336002692891, 0.017554350500677923, 0.03836503829629204], [0.3183140039599746, 0.012615956643460708, 0.6678600402458472, 0.0012099991507173277], [0.6147282834890222, 0.012202950833634887, 0.28036009131470196, 0.09270867436264081], [0.020018071829068115, 0.6838314982955896, 0.2936820287845815, 0.002468401090760688], [0.3826094839461058, 0.2327858796294693, 0.061218431756897895, 0.32338620466752704], [0.6472902787302245, 0.017571534193861323, 0.010047664930320685, 0.32509052214559336], [0.02403528321138319, 0.9009520747250473, 0.07009788518819927, 0.0049147568753703285], [0.18298318866068783, 0.018393479334434193, 0.0002775857695692146, 0.7983457462353087], [0.012258706497890178, 0.06378460193290682, 0.050461759370927166, 0.8734949321982759], [0.005579294844097959, 0.8338959112483051, 0.09818265525675716, 0.062342138650839804], [0.4990298885215447, 0.01965776654799725, 0.44529304231213773, 0.036019302618320446], [0.0017693504141098374, 0.014836234621577219, 0.8616767118371684, 0.12171770312714454], [0.09694123401371167, 0.25985647045010296, 0.4622670835184695, 0.18093521201771579], [0.106014132651852, 0.8900747721288851, 0.0025644919922222916, 0.0013466032270406097], [0.011681419160265102, 0.19187714526125638, 0.19904597952531866, 0.5973954560531599], [0.036497478535872784, 0.8792944468191772, 0.08193804656918578, 0.002270028075764253], [0.005237055453918352, 0.8286774481832909, 0.128429433235426, 0.03765606312736472], [0.8312508256227639, 0.14474043996399824, 0.01742733932627645, 0.006581395086961396], [0.0011467862145328781, 0.0209654274690657, 0.8514148888088559, 0.12647289750754562], [0.08198284483258121, 0.028888280736968412, 0.6435624292007714, 0.245566445229679], [0.0633172476140729, 0.034413401357379324, 0.8436033580687416, 0.05866599295980612], [0.11921688738314785, 0.15040049761318117, 0.4022650594021376, 0.32811755560153344], [0.1809511839604972, 0.10025285033824666, 0.22797052694278194, 0.4908254387584742], [0.014300141037832921, 0.16856514276180018, 0.8135165549345296, 0.003618161265837233], [0.11094588791303592, 0.14180656110704903, 0.6115754946730115, 0.1356720563069034], [0.32282020378069726, 0.045505332885346236, 0.05711818223046142, 0.5745562811034951], [0.19156408051362597, 0.1294117457898863, 0.30676741884056474, 0.37225675485592297], [0.22149619062956494, 0.019844120582589848, 0.5230595092685698, 0.23560017951927528], [0.017140862486685907, 0.015777917687757978, 0.9631637565026513, 0.003917463322904721], [0.8218750998824271, 0.04490919280627885, 0.08004768782550888, 0.053168019485785166], [0.011685956656345777, 0.03318179779819029, 0.003087523704534983, 0.9520447218409288], [0.12367127211789138, 0.00871906694435115, 0.00829067062787322, 0.8593189903098842], [0.013620163220756263, 0.016110131788838314, 0.06244378130127024, 0.9078259236891353], [0.004432671854220554, 0.9704182562798473, 0.010757005380420823, 0.014392066485511262], [0.015030119779864938, 0.5172142073977286, 0.22416046305377618, 0.24359520976863047], [0.09914150990495507, 0.04131977542870882, 0.22615392348541874, 0.6333847911809173], [0.42103890413320916, 0.3656681440530902, 0.13162500375667083, 0.0816679480570299], [0.17165406707214895, 0.6009570979745098, 0.008957778674628498, 0.21843105627871284], [0.12874399657769822, 0.6048116543138281, 0.2625489095994963, 0.0038954395089772355], [0.019095462560184382, 0.19387760223678108, 0.7770918037882425, 0.009935131414792039], [0.9353836938477309, 0.002949497536810447, 0.0008945204077034582, 0.06077228820775512], [0.12114927663451007, 0.8716945625845756, 0.0037898471384085635, 0.003366313642505953], [0.93728336248798, 0.02641641082961551, 0.03378956961234306, 0.0025106570700613087], [0.033029495482236194, 0.84106401352763, 0.01875685313333379, 0.1071496378568001], [0.32763113472398114, 0.15014208226628928, 0.009156698196725056, 0.5130700848130046], [0.12809038424030378, 0.7483794342884958, 0.005902845311046009, 0.11762733616015437], [0.0405649541135052, 0.5408885306988978, 0.36507707831049524, 0.05346943687710182], [0.3938546282580515, 0.003981728918567138, 0.011020098186633319, 0.5911435446367481], [0.10528791715643186, 0.23898119064886814, 0.5475189994726612, 0.10821189272203866], [0.9332229778773264, 0.027772963878969863, 0.005603152901923185, 0.0334009053417807], [0.01818394333808124, 0.09448852573948963, 0.0002392327214858542, 0.8870882982009434], [0.1518155124399427, 0.37063973677429396, 0.07272286387342873, 0.4048218869123346], [0.023166813967259534, 0.052896979319785695, 0.845078805699473, 0.07885740101348174], [0.0023781025590988657, 0.9752794763392492, 0.011946573819610447, 0.010395847282041522], [0.36946072876352387, 0.5442957737008383, 0.003443806455335679, 0.08279969108030216], [0.009724432834937813, 0.9539749825280354, 0.018176163423162802, 0.01812442121386393], [0.9368784410919367, 0.021831182410102113, 0.00615574344267077, 0.0351346330552904], [0.006624837453133712, 0.519616309445507, 0.06958035160896521, 0.40417850149239404], [0.8525077667302858, 0.12157030537219415, 0.008928509457736664, 0.016993418439783532], [0.015323590635418105, 0.9206836301240966, 0.027052552405658587, 0.03694022683482672], [0.011258833857195106, 0.9301137435352619, 0.018467578992889564, 0.04015984361465346], [0.16530336655509048, 0.03043880008638907, 0.00015673592991959282, 0.8041010974286009], [0.02590557224596062, 0.21911664328107766, 0.017903159131614967, 0.7370746253413467], [0.8337656160289778, 0.02375636028712338, 0.11449794472249938, 0.027980078961399292], [0.008013733280009977, 0.04096911493994983, 0.8643363848277258, 0.08668076695231423], [0.02597523417214233, 0.268209244891597, 0.0006862389092896343, 0.705129282026971], [0.15064504904782233, 0.005202326214654941, 0.0033376609353287065, 0.840814963802194], [0.36791257196995736, 0.03573645133332209, 0.005322688493730075, 0.5910282882029905], [0.07646244403367355, 0.7063997687197839, 0.02401861586642972, 0.1931191713801128], [0.042211509749453896, 0.6901915914759221, 0.00200858209287944, 0.26558831668174465], [0.24837867175501488, 0.15355582345385013, 0.22203545384069348, 0.37603005095044145], [0.007095537131465504, 0.5702501721667504, 0.056930509229694705, 0.3657237814720892], [0.0008044027247733994, 0.02914949712950107, 0.013477945101477538, 0.956568155044248], [0.060770471791303696, 0.011460684020487567, 0.9098356290040793, 0.01793321518412943], [0.28902114187940275, 0.6365975993583705, 0.03396583850431723, 0.04041542025790962], [0.06767485321243183, 0.7945290535558631, 0.014260981709760704, 0.12353511152194427], [0.4474533582308039, 0.06966674555671541, 0.43752426669863753, 0.04535562951384296], [0.00039160307444495055, 0.07544722163596666, 0.0028675831314083724, 0.92129359215818], [0.02813883283445169, 0.04120706821586726, 0.0018683509800639425, 0.9287857479696171], [0.35303898515336385, 0.297114932078587, 0.048352181127699706, 0.30149390164034945], [0.034599989498337466, 0.4457003883035026, 0.01968560165314434, 0.5000140205450155], [0.09312643924159576, 0.4643052479642735, 0.002271204680431319, 0.4402971081136994], [0.028863416225991288, 0.482495422479703, 0.023510844231824733, 0.4651303170624809], [0.004382413023815189, 0.8387596834982988, 0.0008348733411609796, 0.1560230301367251], [0.3094276082798029, 0.3008389039144794, 0.00027564240129473235, 0.38945784540442296], [0.034933784448937646, 0.23269381758029398, 0.015875147931933058, 0.7164972500388352], [0.032627737605439425, 0.9582754041743395, 0.004989880820665003, 0.0041069773995563085], [0.00724867863382619, 0.9537738323125537, 0.025124086411955432, 0.0138534026416646], [0.000917249256306674, 0.9198988232952634, 0.041760037990098614, 0.03742388945833126], [0.0576068973229672, 0.33061625597635025, 0.016797177299526806, 0.5949796694011557], [0.5343179546924737, 0.02782275728966919, 0.02496177549855507, 0.41289751251930196], [0.008332278986382556, 0.31108715609495147, 0.016213506545392695, 0.6643670583732733], [0.05262269163317007, 0.8690645688084352, 0.06685859077454571, 0.011454148783849016], [0.46760397041490026, 0.0367814305285893, 0.38093562679823484, 0.11467897225827543], [0.00019508729098219907, 0.08430909966732246, 0.01746622546005007, 0.8980295875816453], [0.40094558438206546, 0.5867590392763024, 0.0005993829861630134, 0.011695993355469225], [0.18307210723808393, 0.015446382570469219, 0.005466394324518592, 0.7960151158669282], [0.051812152916244476, 0.562539305365559, 0.3774397789095238, 0.008208762808672788], [0.008703827576642037, 0.816644288734523, 0.00597631036303921, 0.16867557332579583], [0.8103340432030011, 0.13165513485858163, 0.009194017870203028, 0.04881680406821413], [0.00228523031528026, 0.7117845643268084, 0.00042540048993713664, 0.2855048048679742], [0.0006952818210582901, 0.9772547588102766, 0.00932166796277409, 0.01272829140589091], [0.5871545366935227, 0.27452910259667324, 0.05614478771168023, 0.08217157299812387], [0.01598069784659108, 0.45533810915531864, 0.38555437110080004, 0.1431268218972904], [0.30173061975463367, 0.6596822349461962, 0.026390172285052034, 0.012196973014118144], [0.9491967307848663, 0.020523044955537882, 0.012172588131252991, 0.018107636128342687], [0.10376510780948743, 0.028078603582735735, 0.060487286076520805, 0.807669002531256], [0.053889556826501664, 0.2227617172504139, 0.04903692616558124, 0.6743117997575032], [0.20694607470070434, 0.010255474182639812, 0.011759904434398099, 0.7710385466822578], [0.04358425093272934, 0.03215979383464567, 0.007587640023152298, 0.9166683152094727], [0.24548181104378639, 0.061810045149386976, 0.6919089300937017, 0.0007992137131249238], [0.5409282725207369, 0.1780377388018121, 0.07582764553783963, 0.20520634313961136], [0.06279508602673822, 0.9190762056017208, 0.006332258863073511, 0.011796449508467456], [0.1392985590376191, 0.0007830979744089403, 0.00018899652265751054, 0.8597293464653145], [0.9553005668541287, 0.0048142306425638035, 0.0017091065120488254, 0.038176095991258416], [0.025736630892164335, 0.8462923523537073, 0.1080094854043992, 0.019961531349729184], [0.06849724846725666, 0.02711112367237268, 0.896047299812996, 0.008344328047374597], [0.015279022872770723, 0.7966590924399181, 0.1357340983676421, 0.0523277863196691], [0.062431658727794895, 0.7798640514838513, 0.014761581857772486, 0.1429427079305813], [0.03318010361454941, 0.7971245869797687, 0.024570251704174394, 0.14512505770150746], [0.5400003116715114, 0.3452136268102696, 0.03315045028011053, 0.0816356112381085], [0.7732142476973687, 0.017634564114212346, 0.032581565264614365, 0.1765696229238046], [0.0128742803624728, 0.47142695403388607, 0.0033425518480093876, 0.5123562137556318], [0.03231950612862811, 0.0005058725245904239, 0.001415824045817137, 0.9657587973009644], [0.845297408695898, 0.12912272387999674, 0.0005632138249532264, 0.025016653599152144], [0.9625652775877395, 0.0011611414174941984, 0.0075301473750824036, 0.028743433619683935], [0.02090299710100954, 0.03439479742684548, 0.8778288944261411, 0.06687331104600383], [0.03960030827378445, 0.7714638956834936, 0.011659251319813156, 0.17727654472290894], [0.00038745826109292373, 0.0009053483829658939, 0.0004508075111653182, 0.9982563858447758], [0.7636788003125573, 0.07094023510200673, 0.12593707662116854, 0.03944388796426741], [0.6759110953417768, 8.239051839899982e-05, 0.0001341848752126003, 0.3238723292646115], [0.6370315850475388, 0.35188020375531714, 0.0025572464385612737, 0.008530964758582872], [0.061017971910123044, 0.038698166099184646, 0.23662715214249067, 0.6636567098482016], [0.04801682408617877, 0.21161419572797038, 0.2449270927271514, 0.4954418874586995], [0.03382688496547682, 0.9626758864394204, 0.0015034171161986021, 0.00199381147890425], [0.006880071648131237, 0.4554020717169324, 0.21669858874605533, 0.321019267888881], [0.004139602006206701, 0.1356356094699414, 0.41339351241079686, 0.446831276113055]]}}