{"test": {"ids": ["98110710", "99112840", "104111780", "100108080", "107117630", "103113260", "111120280", "99108010", "113122180", "99109141", "106113360", "108116120", "112117471", "111121930", "99111620", "103113270", "107121230", "99111000", "98106560", "100109801", "107120260", "107116340", "111116750", "108117610", "107119390", "108121410", "112118550", "98107410", "101115190", "109117431", "109115220", "100111390", "99107630", "99112531", "100113370", "106119260", "112116290", "112118511", "112117030", "104111620", "104111531", "113120070", "97110950", "107120010", "103111620", "106120290", "113119320", "97112290", "107114780", "111114121", "111114941", "108113700", "101121640", "107113260", "112118810", "99109780", "106118520", "99116500", "100109330", "110121720", "99109370", "112118421", "108117720", "111120220", "101113210", "97114170", "112121010", "111119300", "113121810", "110117200", "113122170", "106121190", "106112770", "99109860", "112117580", "106114280", "97116410", "113122320", "107114321", "111119290", "104114240", "113120780", "97112830", "97109570", "103120340", "100116500", "109121640", "109117110", "108119330", "103110100", "103109021", "99111440", "103117200", "99108000", "109116930", "111119580", "110120560", "107120130", "110118930", "100111380", "107114490", "104114230", "98113881", "107114200", "105119550", "110118810", "102118380", "99108460", "103111170", "113118421", "98121790", "109121351", "98107010", "106111321", "110116170", "111121351", "99119830", "103111480", "106118820", "105118740", "110117110", "106119580", "98108150", "108113760", "111117120", "108121190", "104113210", "109117630", "103110220", "101108290", "105113480", "112117571", "108117360", "104113170", "105116860", "105112130", "110115580", "111115400", "104116800", "105115250", "99117630", "101119591"], "labels": [2, 2, 3, 0, 0, 3, 0, 2, 2, 3, 0, 1, 3, 1, 3, 2, 0, 2, 1, 0, 1, 3, 3, 3, 2, 0, 3, 3, 1, 1, 3, 2, 2, 3, 3, 1, 0, 1, 2, 0, 0, 2, 3, 1, 0, 2, 1, 1, 2, 0, 0, 0, 2, 0, 3, 2, 2, 2, 0, 3, 1, 3, 1, 3, 3, 2, 2, 1, 2, 3, 1, 2, 1, 2, 0, 3, 3, 1, 0, 3, 0, 0, 2, 0, 1, 2, 0, 1, 0, 1, 0, 3, 0, 2, 0, 3, 0, 2, 1, 3, 3, 2, 3, 2, 1, 1, 1, 0, 2, 3, 2, 0, 3, 0, 0, 0, 1, 0, 3, 1, 0, 3, 0, 1, 2, 1, 3, 0, 2, 0, 0, 3, 1, 3, 2, 1, 1, 0, 1, 2, 3, 0], "predicted_labels": [1, 1, 3, 3, 3, 3, 3, 1, 1, 1, 3, 3, 1, 3, 1, 3, 1, 1, 1, 1, 3, 3, 3, 3, 1, 1, 1, 3, 3, 1, 3, 3, 3, 1, 1, 3, 1, 3, 1, 0, 1, 1, 0, 3, 1, 1, 1, 1, 1, 3, 1, 3, 1, 3, 1, 1, 1, 1, 1, 3, 1, 3, 3, 1, 0, 3, 1, 1, 1, 3, 1, 3, 1, 1, 1, 3, 1, 1, 3, 3, 3, 1, 1, 3, 1, 3, 3, 1, 3, 1, 1, 1, 1, 1, 0, 0, 3, 3, 3, 1, 3, 3, 1, 1, 1, 1, 1, 0, 3, 3, 1, 1, 3, 1, 1, 1, 3, 3, 3, 1, 1, 1, 1, 3, 1, 1, 3, 3, 1, 3, 1, 3, 3, 3, 1, 1, 3, 3, 1, 1, 3, 3], "confidence_scores": [[0.2018925425451742, 0.28029695479958633, 0.24542774652248342, 0.2723827561327562], [0.23264561549561552, 0.2801347985347984, 0.22361729936729935, 0.26360228660228663], [0.23239579309579322, 0.29145675494096546, 0.183153364609247, 0.29299408735399446], [0.21788041958041962, 0.2848396686646688, 0.21118371628371627, 0.28609619547119547], [0.27911163558663543, 0.2739678155178156, 0.16191622544122553, 0.2850043234543237], [0.2282583499833502, 0.2724932345432347, 0.20355795315795333, 0.2956904623154624], [0.290502691752692, 0.23020546120546134, 0.1221926656676657, 0.35709918137418134], [0.24172766955266967, 0.32779194139194145, 0.16113744588744597, 0.26934294316794316], [0.24707919857919858, 0.3013799533799534, 0.166666083916084, 0.28487476412476426], [0.267192057942058, 0.2959873015873018, 0.14198952158952158, 0.2948311188811189], [0.24953713508713532, 0.26630436785436795, 0.15049847929847934, 0.3336600177600175], [0.267657548007548, 0.2427257131757133, 0.15671699966699978, 0.3328997391497392], [0.25169502164502183, 0.2912892912642914, 0.17040989288489286, 0.28660579420579413], [0.20686027893674963, 0.2436063880563882, 0.17339596481949426, 0.3761373681873683], [0.19305729270729274, 0.32903564213564207, 0.21642064324564325, 0.2614864219114219], [0.20081998279498292, 0.27539901764901775, 0.19664793539793543, 0.3271330641580641], [0.2530240870240871, 0.2872177489177489, 0.17922827172827172, 0.28052989232989234], [0.2021038641097465, 0.29893163225663244, 0.2193580741154272, 0.2796064295181943], [0.16831452436452443, 0.3193969030969031, 0.21948005328005346, 0.29280851925851925], [0.24784612609612622, 0.30665717534099896, 0.14278390220890222, 0.3027127963539728], [0.19978161283161286, 0.29172971472971476, 0.1782844544344545, 0.3302042180042179], [0.20487981462981458, 0.27530293317793325, 0.20904902042402054, 0.3107682317682319], [0.2971600089453031, 0.196082776047482, 0.14725948773448772, 0.35949772727272694], [0.20738475805240508, 0.26807814571049876, 0.1876575591075592, 0.3368795371295372], [0.21254583194583204, 0.3129228077478078, 0.17512738372738385, 0.2994039765789766], [0.22549629259629272, 0.32339396159396167, 0.144717415917416, 0.30639232989233006], [0.247964812964813, 0.32075305805305804, 0.1459367648691178, 0.2853453641130114], [0.2743994505494504, 0.266269178044178, 0.16435030525030528, 0.29498106615606623], [0.24376827616827637, 0.2655368686868687, 0.16701289266289274, 0.3236819624819625], [0.2527919869346342, 0.3191606465429995, 0.15071616716616723, 0.2773311993561994], [0.2214451770451771, 0.28856738539238547, 0.18714572649572658, 0.30284171106671126], [0.22957343489843499, 0.25122293539793555, 0.22896352177234552, 0.2902401079312844], [0.22953033273915646, 0.26422417027417033, 0.19504105339105346, 0.31120444359561983], [0.25854268509268524, 0.2914789710289712, 0.18820653235653234, 0.26177181152181156], [0.2131717171717172, 0.2940822399822399, 0.2228413863913864, 0.2699046564546564], [0.27114262959262975, 0.2189787545787546, 0.1840336496836498, 0.3258449661449664], [0.30207948717948724, 0.3112718253968255, 0.13115375180375186, 0.25549493561993575], [0.19469201354201365, 0.31776926406926437, 0.13947600732600746, 0.3480627150627152], [0.19676281496281497, 0.34369435564435563, 0.15953289488289504, 0.30000993450993463], [0.37989004329004333, 0.2827052225552226, 0.1421352147852148, 0.19526951936951958], [0.2534304195804196, 0.346234077034077, 0.14433703518703525, 0.2559984681984683], [0.2190687146187147, 0.3198793761793763, 0.20846128593628588, 0.25259062326562337], [0.312958361083361, 0.19957307969807986, 0.17794297369297388, 0.3095255855255857], [0.19467919302919312, 0.26488094128094136, 0.20553999333999334, 0.3348998723498723], [0.2051030005941771, 0.29709168054168067, 0.22806092241092238, 0.2697443964532202], [0.22349451104451107, 0.29206971916971936, 0.19826123043623062, 0.28617453934953935], [0.21309849039849044, 0.35749083694083705, 0.14889218004218008, 0.2805184926184927], [0.2538211177711179, 0.2710407398157399, 0.215920399045399, 0.25921774336774345], [0.1875670412920415, 0.35800747308247305, 0.177335902985903, 0.2770895826395828], [0.27335108225108234, 0.2907536075036076, 0.12316702741702741, 0.3127282828282827], [0.23982142857142874, 0.3263393439893439, 0.1468840548340549, 0.2869551726051727], [0.1944286657786659, 0.2930513986013986, 0.2047370851370851, 0.3077828504828506], [0.2509731601731602, 0.27648607699490046, 0.2003692141192143, 0.27217154871272536], [0.2177794261294263, 0.29461872571872577, 0.18592781858664223, 0.30167402956520617], [0.2558376900876901, 0.29845855255855264, 0.15863996558996557, 0.2870637917637918], [0.21400670718170717, 0.3300923104673104, 0.2044579087579087, 0.25144307359307355], [0.22160916305916326, 0.34336353923853935, 0.20337990897990907, 0.23164738872238877], [0.16102142857142865, 0.3170731462981464, 0.23661147937030305, 0.2852939457601224], [0.2666389443889444, 0.31988653013653023, 0.15258941613941615, 0.2608851093351094], [0.24107873237873248, 0.298296325896326, 0.1569791835615366, 0.3036457581634052], [0.2409162726162727, 0.3487827006327008, 0.155265256965257, 0.25503576978576986], [0.2311488700188701, 0.28943654012654024, 0.13023155785391086, 0.34918303200067935], [0.2386782523032524, 0.2756141247641247, 0.142634781884782, 0.3430728410478412], [0.2638106782106782, 0.30383692059574424, 0.1616367723779489, 0.2707156288156289], [0.30741451603951586, 0.25826464091464096, 0.1959407120657121, 0.23838013098013108], [0.2034762848262849, 0.2984510822510824, 0.18958348318348323, 0.3084891497391498], [0.20984910089910103, 0.3374217080305314, 0.2033373293373293, 0.24939186173303826], [0.2292096264846267, 0.3334007104007104, 0.17754526029526038, 0.259844402819403], [0.20757536907536903, 0.3084762515262515, 0.18700134865134874, 0.2969470307470306], [0.2151401154401155, 0.30418677988678006, 0.15982447911565567, 0.3208486255574491], [0.21959216339216356, 0.3138358835608835, 0.20926249028749028, 0.2573094627594629], [0.18260841935841945, 0.293645115995116, 0.20571901431901438, 0.3180274503274502], [0.21689897047397064, 0.31580204240204246, 0.1923798701298703, 0.2749191169941171], [0.24261557609057616, 0.3696177794427794, 0.1765198079698081, 0.21124683649683657], [0.2042963036963038, 0.32185606615606643, 0.18576445221445229, 0.28808317793317795], [0.2315006026653086, 0.2732814796314798, 0.16369290513408163, 0.3315250125691302], [0.24727489177489195, 0.2877191974691976, 0.18501463258963266, 0.27999127816627806], [0.2227633477633478, 0.3007515817515816, 0.1935678266178267, 0.2829172438672441], [0.280630810855811, 0.276882944832945, 0.14361853424353427, 0.29886771006771023], [0.23716265956265953, 0.26708566711066717, 0.17284901209901224, 0.32290266122766137], [0.2639623321123322, 0.2750386058386059, 0.18412934287934293, 0.2768697191697193], [0.22210089355089352, 0.32190728715728717, 0.14913924963924974, 0.3068525696525698], [0.22574323813441458, 0.29435152266034614, 0.18580936285936298, 0.2940958763458762], [0.2776217743041273, 0.2721430791430792, 0.15713603145220792, 0.2930991151005859], [0.19350555833055863, 0.2968565157065157, 0.2131020693358929, 0.29653585662703297], [0.23559659784659795, 0.24318800643800648, 0.2320513736263737, 0.2891640220890221], [0.26396944166944164, 0.2747153568653569, 0.18483432123432128, 0.2764808802308802], [0.22282836607836615, 0.308203837828838, 0.17968804806304808, 0.2892797480297482], [0.24114182706182724, 0.2733919735819738, 0.16741421245421245, 0.31805198690198677], [0.23717263014763026, 0.2956936452436454, 0.19354572372072373, 0.27358800088800084], [0.2443077117327118, 0.3558749916749915, 0.16532336274836285, 0.23449393384393402], [0.25419099234099257, 0.2863255633255633, 0.18307190587190594, 0.2764115384615386], [0.223481118881119, 0.34704622044622063, 0.17192999777999793, 0.2575426628926631], [0.18874106334841642, 0.34624009634156705, 0.19440031439149105, 0.2706185259185259], [0.3235969807969808, 0.26289437229437246, 0.11217414252414257, 0.30133450438450426], [0.31189863747363766, 0.237324777999778, 0.17772799145299142, 0.27304859307359314], [0.21388063603063623, 0.27684444999445007, 0.19210526695526695, 0.3171696470196473], [0.2280520951270953, 0.28370190642690657, 0.17243005328005334, 0.3158159451659451], [0.20564092574092588, 0.2871338014926252, 0.21747686757686768, 0.28974840518958195], [0.2529450049950052, 0.28111706626706656, 0.19182664557664564, 0.2741112831612832], [0.2094935064935066, 0.2727739815739815, 0.17636690531690533, 0.34136560661560655], [0.22917231657231663, 0.2889340992340993, 0.18051979131979146, 0.301373792873793], [0.2299128697326067, 0.3369521589521592, 0.18152795888322207, 0.25160701243201256], [0.22955552780552793, 0.351098101898102, 0.16203571428571437, 0.2573106560106561], [0.21196329781329784, 0.3215152014652013, 0.18461390276390285, 0.2819075979575979], [0.2860294622044624, 0.2920000222000222, 0.13376605616605625, 0.2882044594294594], [0.20795620490620498, 0.30716070041070026, 0.18504303751803744, 0.29984005716505696], [0.29243258028521185, 0.2557937746464063, 0.1728171737619106, 0.2789564713064713], [0.29650303307803316, 0.23240268065268072, 0.1561505355755356, 0.3149437506937506], [0.2648395604395605, 0.2812706737706738, 0.1474507603507604, 0.30643900543900554], [0.23611692196692197, 0.28964213564213565, 0.20239665057165054, 0.2718442918192919], [0.2607149944826416, 0.30954439057674354, 0.15552483627483638, 0.27421577866577873], [0.23782815517815528, 0.2950605505605505, 0.16627504603239898, 0.30083624822889515], [0.21245889110889124, 0.3231418220668222, 0.1535913281163282, 0.31080795870795885], [0.23279194694194708, 0.3180912642912643, 0.1713768342768344, 0.2777399544899545], [0.2678837041613357, 0.2920112710389026, 0.1880779740727111, 0.2520270507270507], [0.2287750222000223, 0.2787556499056501, 0.1674622211122212, 0.32500710678210676], [0.2596024975024975, 0.2916803252303253, 0.15472044622044623, 0.2939967310467311], [0.18398738646973947, 0.2917033303298008, 0.20707641329258994, 0.31723286990786986], [0.22138718503718516, 0.2795266206016207, 0.22509247696747708, 0.27399371739371753], [0.2649675047175047, 0.3470192918192918, 0.1558491247314777, 0.23216407873172581], [0.19477667528549894, 0.3272751562163326, 0.2060805777555778, 0.27186759074259087], [0.2271461899211901, 0.28645049672549666, 0.23247021867021864, 0.2539330946830947], [0.24011919273536939, 0.2966095535183771, 0.16357665945165956, 0.2996945942945942], [0.24024015984015998, 0.31219811022311017, 0.1988067821067823, 0.2487549478299478], [0.2071318098568099, 0.36950247530247543, 0.17049813797313812, 0.252867576867577], [0.2774645854145853, 0.23223014763014777, 0.17194146964146978, 0.3183637973137976], [0.25358011841100075, 0.2690966810966812, 0.18586332442067746, 0.2914598760716409], [0.22777712287712298, 0.2887922022422024, 0.20454663114663119, 0.2788840437340436], [0.2553857364857365, 0.2574054445554447, 0.18025182595182598, 0.3069569930069928], [0.22036471306471309, 0.3223683011433012, 0.19007858807858816, 0.26718839771339775], [0.2230009823509824, 0.29878867243867246, 0.1651923798423799, 0.3130179653679653], [0.21217716172716186, 0.27834519092019094, 0.22252349039849054, 0.28695415695415694], [0.2618881895881896, 0.2650405927405929, 0.16530392385392403, 0.3077672938172937], [0.24151429903429916, 0.32796707903207883, 0.19734985458985468, 0.23316876734376743], [0.18524078144078152, 0.3392139610389612, 0.19860380452880458, 0.276941452991453], [0.21506061993561998, 0.2871391053391054, 0.16212041847041847, 0.3356798562548562], [0.2377111610611611, 0.2544603523927055, 0.21930817042434697, 0.28852031612178686], [0.23395608835608847, 0.30178873903873943, 0.19208886668886677, 0.27216630591630603], [0.23345533355533366, 0.2814607947607949, 0.20829048451548451, 0.27679338716838736], [0.24435521072494765, 0.25903295038295066, 0.19890652476178802, 0.29770531413031404], [0.25668650238650254, 0.26992528582528574, 0.13260470085470094, 0.3407835109335109]]}, "rewritten": {"ids": ["97109570", "97110950", "97112290", "97112830", "97114170", "97116410", "98106560", "98107010", "98107410", "98108150", "98110710", "98113881", "98121790", "99107630", "99108000", "99108010", "99108460", "99109141", "99109370", "99109780", "99109860", "99111000", "99111440", "99111620", "99112531", "99112840", "99116500", "99117630", "99119830", "100108080", "100109330", "100109801", "100111380", "100111390", "100113370", "100116500", "101108290", "101113210", "101115190", "101119591", "101121640", "102118380", "103109021", "103110100", "103110220", "103111170", "103111480", "103111620", "103113260", "103113270", "103117200", "103120340", "104111531", "104111620", "104111780", "104113170", "104113210", "104114230", "104114240", "104116800", "105112130", "105113480", "105115250", "105116860", "105118740", "105119550", "106111321", "106112770", "106113360", "106114280", "106118520", "106118820", "106119260", "106119580", "106120290", "106121190", "107113260", "107114200", "107114321", "107114490", "107114780", "107116340", "107117630", "107119390", "107120010", "107120130", "107120260", "107121230", "108113700", "108113760", "108116120", "108117360", "108117610", "108117720", "108119330", "108121190", "108121410", "109115220", "109116930", "109117110", "109117431", "109117630", "109121351", "109121640", "110115580", "110116170", "110117110", "110117200", "110118810", "110118930", "110120560", "110121720", "111114121", "111114941", "111115400", "111116750", "111117120", "111119290", "111119300", "111119580", "111120220", "111120280", "111121351", "111121930", "112116290", "112117030", "112117471", "112117571", "112117580", "112118421", "112118511", "112118550", "112118810", "112121010", "113118421", "113119320", "113120070", "113120780", "113121810", "113122170", "113122180", "113122320"], "labels": [0, 3, 1, 2, 2, 3, 1, 3, 3, 0, 2, 3, 2, 2, 2, 2, 0, 3, 1, 2, 2, 2, 3, 3, 3, 2, 2, 3, 1, 0, 0, 0, 3, 2, 3, 2, 0, 3, 1, 0, 2, 1, 0, 1, 2, 2, 0, 0, 3, 2, 0, 1, 0, 0, 3, 3, 3, 2, 0, 1, 1, 0, 2, 2, 1, 1, 0, 1, 0, 3, 2, 3, 1, 3, 2, 2, 0, 2, 0, 3, 2, 3, 0, 2, 1, 2, 1, 0, 0, 1, 1, 1, 3, 1, 0, 1, 0, 3, 0, 1, 1, 0, 0, 0, 1, 0, 0, 3, 1, 1, 0, 3, 0, 0, 0, 3, 2, 3, 1, 3, 3, 0, 0, 1, 0, 2, 3, 3, 0, 3, 1, 3, 3, 2, 3, 1, 2, 0, 2, 1, 2, 1], "predicted_labels": [3, 3, 1, 1, 1, 1, 1, 1, 0, 1, 1, 1, 1, 3, 1, 1, 1, 1, 1, 1, 1, 1, 1, 1, 1, 1, 1, 3, 1, 1, 1, 1, 1, 3, 1, 3, 3, 0, 3, 3, 3, 1, 1, 1, 1, 3, 3, 1, 1, 3, 1, 3, 1, 3, 3, 1, 3, 3, 1, 1, 1, 1, 0, 1, 3, 1, 1, 1, 3, 1, 1, 1, 3, 1, 1, 1, 3, 1, 1, 3, 1, 1, 3, 3, 3, 3, 1, 1, 1, 1, 1, 1, 3, 3, 3, 1, 3, 1, 3, 1, 3, 3, 1, 3, 3, 3, 1, 1, 3, 1, 3, 1, 1, 1, 3, 3, 1, 1, 1, 0, 1, 3, 1, 3, 1, 1, 1, 1, 1, 3, 1, 1, 3, 1, 3, 1, 3, 3, 3, 1, 3, 1], "confidence_scores": [[0.2855233405483406, 0.2527502802752803, 0.17354062881562893, 0.2881857503607505], [0.2924548423798424, 0.2127896381396383, 0.18133450160950185, 0.31342101787101795], [0.256710955710956, 0.26616054501054515, 0.2248553224553224, 0.2522731768231769], [0.22537664361782014, 0.32607658648541, 0.18854237429237444, 0.2600043956043957], [0.26697014815250103, 0.28580059417706466, 0.18499166193283845, 0.26223759573759586], [0.27886173271173276, 0.29628585858585843, 0.16738594183594196, 0.2574664668664669], [0.1971662476412477, 0.31524062326562313, 0.2254977272727274, 0.2620954018204019], [0.2323106804306805, 0.2883316616716617, 0.2039830547230548, 0.27537460317460316], [0.3083142635142636, 0.2549666305916307, 0.17153261183261195, 0.2651864940614943], [0.24326829281829296, 0.3150827394827396, 0.21417929847929854, 0.22746966921966935], [0.17153175333438497, 0.28724272569535736, 0.2587032598979968, 0.2825222610722612], [0.23067768065268082, 0.31869325674325677, 0.18218837273837282, 0.26844068986568986], [0.2440649073149074, 0.30551438006438003, 0.18464863273980922, 0.2657720798809035], [0.24453917748917764, 0.2732729437229437, 0.17255732763968054, 0.30963055114819804], [0.20191562881562894, 0.35723079698079696, 0.19479035409035428, 0.24606322011322013], [0.2499537851037853, 0.3463294594294593, 0.17270736485736485, 0.23100939060939063], [0.25752756132756144, 0.34178862248862246, 0.18942035187035197, 0.21126346431346438], [0.2948510545010547, 0.3561681596181596, 0.11633761793761793, 0.232643167943168], [0.23124246309246316, 0.31959301809301816, 0.17899812964812964, 0.27016638916638913], [0.21625450660450662, 0.34207760017760025, 0.20045566655566655, 0.24121222666222675], [0.20871773226773238, 0.3430283605283607, 0.19074514929514938, 0.25750875790875793], [0.20869649239649238, 0.31874369519369505, 0.1871903485403487, 0.2853694638694641], [0.21583876123876128, 0.3547568403818405, 0.1687965256965259, 0.2606078726828728], [0.1949544788544789, 0.3362109668109668, 0.2192239260739261, 0.2496106282606283], [0.2742977855477856, 0.31308342213342233, 0.16776019813519819, 0.2448585941835944], [0.2373791153291153, 0.28713288933288905, 0.21353976023976026, 0.2619482350982352], [0.18276274281274282, 0.29934406981907, 0.2405657564657565, 0.277327430902431], [0.24101097513597525, 0.2732783993783997, 0.18350454153689455, 0.302206083948731], [0.23866687756687768, 0.2979873015873016, 0.1737951270951271, 0.28955069375069387], [0.20300041070041083, 0.31273443778443766, 0.22850248917748936, 0.2557626623376626], [0.27626188256188267, 0.3096839382839384, 0.14282589632589635, 0.2712282828282829], [0.24653393273393281, 0.305628268953269, 0.14440882728382734, 0.3034289710289711], [0.264407462308933, 0.2747825507825508, 0.19324842347195295, 0.2675615634365636], [0.23835396270396272, 0.24514704184704192, 0.21074822399822418, 0.3057507714507714], [0.1958546037296039, 0.32346385199767536, 0.18605044759162423, 0.29463109668109666], [0.24053649128649152, 0.2599838328338329, 0.22263828393828408, 0.2768413919413919], [0.24730237160500312, 0.2746512116538435, 0.19133182022655715, 0.28671459651459663], [0.2920265318015319, 0.23024451659451672, 0.19386048118548121, 0.2838684704184704], [0.22162927905427934, 0.28032130647130643, 0.19270538905538906, 0.30534402541902544], [0.27240541680541697, 0.26424449994450006, 0.13242640692640703, 0.33092367632367614], [0.23599862914862918, 0.27893973444855796, 0.1774930236430238, 0.3075686127597892], [0.20787678987679012, 0.3095120046620044, 0.17631547064047076, 0.30629573482073474], [0.22547289377289392, 0.35687927823810156, 0.17523423325040985, 0.24241359473859492], [0.2441867021867022, 0.3118731546231548, 0.17203679653679663, 0.27190334665334687], [0.19809259074259092, 0.3452278277278277, 0.1908273948273949, 0.2658521867021867], [0.244854034854035, 0.28051706349206346, 0.14732828282828295, 0.32730061882561884], [0.2422057387057388, 0.2841916805416805, 0.17029521589521604, 0.30330736485736487], [0.22696158286158297, 0.2912053502053502, 0.21622044067044072, 0.2656126262626264], [0.22261954711954732, 0.295129922854923, 0.194847324897325, 0.28740320512820533], [0.18759551559551566, 0.2927134504384506, 0.20239368964368973, 0.3172973443223443], [0.2286461482961485, 0.30062616272616277, 0.20706009823509836, 0.2636675907425909], [0.19521136641136666, 0.2863956959706961, 0.19938196525696528, 0.3190109723609722], [0.24845981240981244, 0.33960293040293044, 0.13631434121434127, 0.2756229159729159], [0.2631470390720391, 0.27601755744255757, 0.16094310134310152, 0.2998923021423022], [0.22029162504162514, 0.30431796595217653, 0.16733732933732937, 0.30805307966886913], [0.26103616220380943, 0.2837352663676194, 0.17610209235209254, 0.279126479076479], [0.24915008488243798, 0.24163842530019009, 0.17419191364191366, 0.33501957617545847], [0.24708564213564232, 0.28422533577533593, 0.18173436563436574, 0.2869546564546567], [0.21602553443288744, 0.35538551056786344, 0.19220028582528592, 0.23638866917396328], [0.2564039238539239, 0.306022805557016, 0.15028715728715736, 0.28728611330190273], [0.2099494893994894, 0.3290581890331887, 0.2167407231657233, 0.24425159840159852], [0.2506659027247265, 0.29318573452691093, 0.17458204018204035, 0.2815663225663226], [0.28659062604062613, 0.26722787212787236, 0.1837780053280054, 0.2624034965034967], [0.24865794982794984, 0.29329643301143293, 0.19943853812853823, 0.25860707903207925], [0.2292318625818626, 0.2659502386502388, 0.2214021312021314, 0.2834157675657677], [0.20531202131202142, 0.32195333555333555, 0.17829420579420593, 0.2944404373404376], [0.2546949383949385, 0.31964348984348967, 0.16550569985569988, 0.26015587190587197], [0.194772965922966, 0.32151172716172716, 0.21369774669774672, 0.27001756021756024], [0.22618606948606956, 0.30474699189699195, 0.14224938949938953, 0.32681754911754907], [0.2269350348997408, 0.29817904872904877, 0.1794739990401756, 0.29541191733103506], [0.24138427128427145, 0.3240806934895172, 0.22141753246753246, 0.21311750275867938], [0.19509883613118917, 0.3061650241914949, 0.2178778091189858, 0.2808583305583306], [0.26198685758685764, 0.251086546786547, 0.16655665168165168, 0.3203699439449443], [0.19368732378732392, 0.34937336552336545, 0.1992350233100235, 0.25770428737928747], [0.21168504273504285, 0.32079487179487176, 0.19083206793206814, 0.27668801753801747], [0.17342469197469207, 0.3580904095904096, 0.2051633755133756, 0.2633215229215231], [0.20690826036708404, 0.3078231526643291, 0.17021940281940287, 0.3150491841491843], [0.23137930402930423, 0.349331845931846, 0.168052405927406, 0.2512364441114442], [0.24414557109557125, 0.339476356976357, 0.11773161283161288, 0.29864645909645915], [0.2152688683865156, 0.28500621208856514, 0.17120491175491184, 0.32852000777000784], [0.1710713064713066, 0.36839297924297904, 0.19253636918636916, 0.2679993450993452], [0.20910372960372967, 0.33132559107559123, 0.15907157842157843, 0.300499100899101], [0.27722950937950924, 0.24880742590742613, 0.17082324342324354, 0.3031398212898214], [0.2113727419639185, 0.2929384301972537, 0.19826960816960829, 0.29741921966921964], [0.1853216810966812, 0.29724160839160835, 0.18483844211344216, 0.3325982683982683], [0.22282333499833512, 0.2987043872793874, 0.1774777278277278, 0.3009945498945499], [0.2224608669108672, 0.3067849539349541, 0.18805533355533371, 0.28269884559884567], [0.23888679653679676, 0.3201045121545122, 0.17388510378510388, 0.2671235875235875], [0.18537463232845594, 0.32205908506526143, 0.19634919968919984, 0.29621708291708293], [0.24847549950049955, 0.3317110306360308, 0.1747546675546676, 0.2450588023088025], [0.2287500710074241, 0.31631307581307583, 0.16792806441924088, 0.28700878876025926], [0.20359165834165846, 0.2938901487401487, 0.23273066378066393, 0.26978752913752935], [0.2357382395382397, 0.27841385281385295, 0.15499603174603171, 0.330851875901876], [0.24871661035043396, 0.2675040439952206, 0.1417368631368632, 0.3420424825174826], [0.23405980685980704, 0.27344206904206925, 0.1650363636363637, 0.3274617604617603], [0.23417305472305483, 0.3452380452880452, 0.17993458763458767, 0.24065431235431242], [0.2621386427298193, 0.2919589854589856, 0.1286169552669553, 0.31728541654424025], [0.20906318599700954, 0.31912232767232784, 0.16534688089688096, 0.3064676054337816], [0.30907999777999784, 0.25787099567099575, 0.10596983571983576, 0.3270791708291708], [0.2251156121656123, 0.3336356449106449, 0.14670758130758135, 0.2945411616161618], [0.27482191256455973, 0.2856600832174362, 0.1417128205128206, 0.2978051837051836], [0.21849071484071494, 0.269865417915418, 0.2145924020424021, 0.29705146520146536], [0.27277565212565225, 0.305018675768676, 0.14645277500277512, 0.2757528971028972], [0.2521433344433346, 0.2806790376290376, 0.1481609890109891, 0.3190166389166387], [0.2347927683427685, 0.28517543012542995, 0.19088727383727397, 0.2891445276945277], [0.2521631868131869, 0.282975208125208, 0.15788545898545905, 0.30697614607614604], [0.26827783549783546, 0.35925119769119773, 0.15515129204129208, 0.21731967476967484], [0.2264961760461761, 0.3268349483849484, 0.15848294483294487, 0.28818593073593085], [0.2673317690479456, 0.2887121731209967, 0.14818199578199578, 0.2957740620490621], [0.22998297813297822, 0.3111369352869354, 0.18148387168387184, 0.27739621489621513], [0.20218956680574332, 0.2648600760350762, 0.19743876401376403, 0.33551159314541684], [0.23254760239760244, 0.3377090409590411, 0.13724803138038438, 0.29249532526297245], [0.26388932178932184, 0.32407255522255524, 0.11671673881673883, 0.2953213841713839], [0.218318883893884, 0.348323334998335, 0.11860577200577206, 0.3147520091020091], [0.22350582587347306, 0.2813378693202223, 0.2018238622488624, 0.2933324425574425], [0.2810975087004498, 0.19927616207322094, 0.1376618353868354, 0.38196449383949377], [0.23380160950160955, 0.3134941891441892, 0.20966225996225998, 0.24304194139194146], [0.23606457431457428, 0.3173242590742591, 0.16159702519702526, 0.2850141414141416], [0.2245589604839605, 0.32002703407703403, 0.16988824508824515, 0.28552576035076055], [0.30778164890664916, 0.2492626373626373, 0.17278094960594964, 0.27017476412476416], [0.27120555000555, 0.30643232323232333, 0.16233631368631377, 0.2600258130758133], [0.27197567073449413, 0.26020634724752384, 0.1433473526473527, 0.3244706293706294], [0.26752029257292426, 0.3030986142512459, 0.18035584620058312, 0.24902524697524694], [0.21502267732267735, 0.2963989177489178, 0.16204927572427577, 0.3265291292041292], [0.3149555250305249, 0.31756634199134204, 0.127693167943168, 0.23978496503496516], [0.21360383782883793, 0.3070813353313355, 0.19522205572205578, 0.28409277111777126], [0.24939773037420113, 0.30471564824064845, 0.179992859591389, 0.26589376179376184], [0.22511067543567548, 0.36240278887778865, 0.16511890886890898, 0.24736762681762692], [0.24675074484339193, 0.30270847094082387, 0.17905333277833282, 0.2714874514374515], [0.2564318792318792, 0.2928512071262072, 0.13996605339105345, 0.3107508602508603], [0.2110066045066045, 0.3336389249639251, 0.1820073815073815, 0.2733470890220891], [0.2503101454101455, 0.3055614496614498, 0.18489440004440016, 0.25923400488400505], [0.22707374847374856, 0.2811331224331226, 0.1773361943611945, 0.31445693473193465], [0.23578742368742378, 0.3121516095016096, 0.18621814851814855, 0.2658428182928183], [0.2811296037296039, 0.26710992895992897, 0.15933225663225667, 0.2924282106782109], [0.24943855588855599, 0.34038455988455985, 0.15178402708402705, 0.2583928571428573], [0.18893005883005892, 0.3231901986901988, 0.16309673659673668, 0.32478300588300574], [0.21698366796602112, 0.2818417876241408, 0.17852854367854373, 0.322646000731295], [0.2066708957708957, 0.2727057581307582, 0.20644191919191926, 0.31418142690642675], [0.21582608502608513, 0.3277264541014541, 0.19884400876900873, 0.25760345210345226], [0.22551297258297262, 0.27579210123210124, 0.1628266555666557, 0.3358682706182707], [0.24341441058941057, 0.29857345154845155, 0.2061350149850153, 0.251877122877123]]}}