{"test": {"ids": ["99107300", "104114320", "108114040", "102110050", "98112580", "101119591", "108117360", "99120010", "111120640", "102121440", "106121220", "103112470", "107113170", "109121351", "101108500", "97107681", "99119830", "107114490", "99111340", "110114720", "100108520", "112116850", "105119950", "106116850", "110117110", "110119300", "102117351", "110120540", "99108890", "97105960", "109118820", "105110251", "103118110", "110118450", "109117600", "99109910", "99109141", "106114880", "108114220", "112121410", "109120621", "110120531", "101119030", "103120290", "103120730", "103110050", "100110260", "98107380", "108113740", "103117461", "102112030", "113120531", "107118120", "100113210", "104111550", "105120621", "112117030", "99108520", "112116900", "106115250", "113119480", "109118231", "111121410", "111119580", "108113700", "111119300", "112118471", "97116790", "104111990", "110116441", "105116441", "98109230", "104113380", "100109801", "107113260", "110117200", "97112290", "112120700", "113119300", "97114170", "104111620", "112120670", "107117010", "99108330", "111117480", "97107260", "100117420", "112116610", "111121190", "106117790", "105115570", "101111310", "113120540", "102109910", "108118291", "112118810", "111114121", "100109980", "100120780", "104112201", "108121160", "106114150", "104114410", "97106820", "110118880", "112121430", "101112540", "97108520", "102113981", "110113591", "103113610", "111116170", "102110500", "112118820", "98111620", "109115070", "100107920", "97112170", "113118511", "104114230", "97106770", "101117580", "113118630", "100111620", "101111210", "109117080", "108114360", "112121030", "105116860", "100109330", "98106880", "109116441", "99121440", "113120280", "111120540", "111119610", "112118880", "110116170", "98106560", "97105760", "108120700", "97105580"], "labels": [3, 2, 0, 3, 2, 0, 1, 2, 0, 2, 1, 1, 0, 0, 3, 3, 1, 3, 1, 3, 2, 0, 3, 3, 0, 1, 1, 1, 0, 2, 3, 0, 2, 0, 1, 2, 3, 0, 3, 0, 1, 0, 3, 2, 1, 3, 3, 1, 3, 0, 2, 0, 3, 0, 1, 1, 2, 2, 3, 2, 3, 1, 0, 3, 0, 1, 1, 2, 2, 3, 1, 1, 1, 0, 0, 3, 1, 2, 1, 2, 0, 2, 1, 1, 1, 2, 2, 1, 1, 1, 0, 3, 3, 2, 3, 3, 0, 1, 1, 0, 2, 1, 1, 1, 0, 2, 2, 2, 1, 0, 2, 0, 3, 0, 3, 0, 0, 0, 1, 2, 3, 3, 3, 3, 2, 1, 1, 0, 2, 0, 0, 3, 2, 0, 1, 2, 1, 0, 1, 0, 2, 1], "predicted_labels": [1, 1, 3, 3, 1, 3, 3, 2, 1, 1, 3, 3, 2, 1, 1, 3, 1, 3, 2, 1, 2, 3, 0, 0, 1, 0, 0, 3, 1, 3, 3, 0, 3, 1, 3, 2, 1, 1, 1, 0, 1, 3, 3, 2, 0, 1, 0, 3, 0, 0, 0, 1, 3, 3, 1, 3, 3, 1, 1, 3, 3, 1, 3, 0, 1, 1, 1, 1, 1, 3, 1, 3, 1, 1, 1, 0, 3, 1, 0, 1, 3, 1, 3, 1, 3, 3, 2, 3, 3, 1, 0, 1, 3, 3, 3, 3, 3, 1, 3, 3, 3, 3, 0, 3, 1, 3, 2, 0, 0, 1, 1, 0, 0, 0, 2, 3, 3, 1, 3, 2, 0, 0, 3, 0, 1, 1, 1, 0, 0, 3, 2, 0, 1, 3, 0, 3, 1, 3, 0, 3, 1, 0], "confidence_scores": [[0.2250111323798499, 0.31762828285875117, 0.17018511477350143, 0.28717546998789756], [0.21563552271532022, 0.30218635448375847, 0.29749725902686286, 0.18468086377405837], [0.1003799215110868, 0.11354797124827938, 0.11780968507302432, 0.6682624221676094], [0.23216845190779403, 0.24477630125826136, 0.10441039147861678, 0.41864485535532786], [0.19566556953517042, 0.4509768455928575, 0.12853516553255193, 0.22482241933942032], [0.17022725317903123, 0.13617352332812116, 0.18591576114739533, 0.5076834623454524], [0.1916058594482676, 0.1777302892914712, 0.2881862127412937, 0.34247763851896756], [0.21417346318333055, 0.15176797782230386, 0.32754971142815786, 0.30650884756620767], [0.16590263230229457, 0.3907097716973969, 0.12633086426684886, 0.31705673173345966], [0.23245100456230236, 0.31529069349714844, 0.24992984401173132, 0.2023284579288179], [0.0786657551076411, 0.13862361468083634, 0.10978947965995801, 0.6729211505515645], [0.1795095548507198, 0.24122634256151912, 0.2543211242379603, 0.324942978349801], [0.29582698241289634, 0.18920213949771117, 0.3747888355744438, 0.14018204251494876], [0.3399455313086593, 0.3652369436351131, 0.09739118613402667, 0.197426338922201], [0.15143815672287472, 0.4996532815483297, 0.1556671244789457, 0.1932414372498499], [0.1353430611172868, 0.2459178437059358, 0.305889541705605, 0.31284955347117244], [0.1550624748020702, 0.3952190731061887, 0.1368947474077486, 0.3128237046839925], [0.08312252859922331, 0.09921158770208145, 0.13245317404139703, 0.6852127096572982], [0.14451491196480268, 0.18435834638484397, 0.3616421355102263, 0.30948460614012735], [0.0849730015553096, 0.6202458938716765, 0.21396366985298026, 0.08081743472003383], [0.3088105479898466, 0.14448674647019805, 0.3572323940557126, 0.18947031148424273], [0.14365349085659299, 0.1143603192519166, 0.2398891985646496, 0.5020969913268409], [0.38558031778190444, 0.19569395176452056, 0.20145915015830237, 0.21726658029527257], [0.2947953571274847, 0.21962178861535142, 0.2855319400973942, 0.20005091415976956], [0.31414645307848243, 0.34305090859844306, 0.1877084362346525, 0.15509420208842212], [0.36223799018389463, 0.2716617730799617, 0.13646618069765376, 0.2296340560384899], [0.46533131904299724, 0.1824877108652825, 0.07747258282355937, 0.27470838726816105], [0.13041111882244522, 0.10649235272340102, 0.10037105730245391, 0.6627254711516998], [0.07960475275489713, 0.7022909294545385, 0.058045430391921386, 0.16005888739864285], [0.3809101341095967, 0.11406846825569189, 0.09343480692826962, 0.4115865907064419], [0.2070459911815108, 0.18664650556984735, 0.14439037117067646, 0.4619171320779655], [0.43013305444122824, 0.09811565018009773, 0.0864904403059286, 0.3852608550727454], [0.21805607933482696, 0.17418806261450434, 0.3003329404417214, 0.3074229176089473], [0.12919976221400287, 0.47732130006994866, 0.1543769386030583, 0.23910199911299027], [0.31568370218203967, 0.07017095912337326, 0.05014353723233514, 0.564001801462252], [0.13543719781772948, 0.10486287299523432, 0.5985536242809242, 0.1611463049061121], [0.15352544861821235, 0.6477617149101995, 0.05158970996164141, 0.14712312650994674], [0.13831805116286758, 0.5697420091012253, 0.07546698824314517, 0.216472951492762], [0.19202324158149875, 0.46568471855848376, 0.2355999143989496, 0.10669212546106792], [0.4350507391192431, 0.25694914901053134, 0.062459025589162706, 0.24554108628106291], [0.2629751309375519, 0.3248426117842572, 0.102260519643495, 0.30992173763469594], [0.23001812868974783, 0.31708960262283065, 0.08891451784051468, 0.363977750846907], [0.214985103964928, 0.24916603502514775, 0.09395555317824465, 0.44189330783167974], [0.09721256942595669, 0.2133266302573483, 0.5089768907546054, 0.18048390956208965], [0.33360735092256727, 0.3234125929247959, 0.1741680368853962, 0.16881201926724085], [0.21406651249909117, 0.5837853608767258, 0.05815845813626752, 0.1439896684879155], [0.41003921560354256, 0.14622712363550666, 0.24086865454536366, 0.20286500621558723], [0.0951282254538038, 0.26293050662903017, 0.1063292989937348, 0.5356119689234312], [0.3739976096629756, 0.16025035863948142, 0.14201455208962224, 0.3237374796079207], [0.35378162539257635, 0.2007483306135828, 0.09954890315656247, 0.34592114083727843], [0.42475829429831674, 0.21260413458050476, 0.09848452905703604, 0.26415304206414253], [0.22818503435794893, 0.36101033488504797, 0.10451548999527592, 0.3062891407617273], [0.12705526377642284, 0.3138130344978028, 0.11753274857607433, 0.44159895314970005], [0.19960235923410533, 0.11578834611891832, 0.15349581741683843, 0.5311134772301379], [0.086401995646806, 0.7275246212877491, 0.07702321798953107, 0.10905016507591407], [0.09355684374948528, 0.04366281544429452, 0.061488337246124056, 0.8012920035600961], [0.10554490065298176, 0.07068626955496368, 0.11330723033343724, 0.7104615994586174], [0.11169274921544597, 0.4747988167190714, 0.2953429640853594, 0.1181654699801233], [0.25913971263492985, 0.34549864118560925, 0.11151556585723603, 0.2838460803222249], [0.257323728490424, 0.2596170640022453, 0.17013476020729043, 0.31292444730004026], [0.137692237561536, 0.21128552381924176, 0.07491886567214014, 0.576103372947082], [0.241033211609849, 0.4149270213605479, 0.16702109863998782, 0.17701866838961539], [0.2414675356461802, 0.15342292109939834, 0.09589023453005197, 0.5092193087243696], [0.3739379111009071, 0.1937347307750684, 0.07874106241172879, 0.3535862957122957], [0.3478567649966563, 0.41458960921782617, 0.07910007493718868, 0.15845355084832885], [0.15074733811551053, 0.40179074764340833, 0.1331447742907434, 0.31431713995033755], [0.21479446347033895, 0.3804150823723228, 0.16512029713103196, 0.23967015702630634], [0.175675575155681, 0.6191472126079894, 0.11241828513091585, 0.09275892710541377], [0.35732772951107256, 0.38922498693756524, 0.0960331727793806, 0.15741411077198153], [0.15022329747281168, 0.15548860844535048, 0.17383172452597975, 0.5204563695558582], [0.16949558816287297, 0.43053973370983606, 0.10741347436000619, 0.2925512037672847], [0.24938126207389255, 0.23874901184327244, 0.2178919762685181, 0.29397774981431696], [0.18068265039683148, 0.31284897324622657, 0.25979900551981955, 0.24666937083712245], [0.3571164542031926, 0.35802833323271266, 0.0968537580453317, 0.18800145451876313], [0.15997002183939685, 0.35489731278712, 0.16354575720114042, 0.32158690817234287], [0.30447836136936046, 0.17800986026698115, 0.23384257425834817, 0.2836692041053102], [0.07406833820199775, 0.16427189668307118, 0.19883918969030656, 0.5628205754246245], [0.14744395494682627, 0.3108922125905793, 0.24870406733936853, 0.29295976512322586], [0.38949924478660786, 0.10695000056448538, 0.14852689622496082, 0.3550238584239459], [0.2059320753722601, 0.3631100526803327, 0.09101401258699192, 0.3399438593604156], [0.20447266111082704, 0.08089977426560993, 0.0734690818158616, 0.6411584828077014], [0.08026254073776382, 0.6331649103504272, 0.16987086151707914, 0.1167016873947299], [0.11508995942865147, 0.14698288430119416, 0.10303072457575091, 0.6348964316944035], [0.237192542915182, 0.3143834612073508, 0.23370697887064812, 0.21471701700681925], [0.2041354841385184, 0.17970862039845567, 0.1378404295683887, 0.4783154658946373], [0.13877859243226814, 0.09474139643655907, 0.25189101046289414, 0.5145890006682786], [0.07081009264042273, 0.1673591011660478, 0.5096359864755279, 0.25219481971800156], [0.11011052217205816, 0.24505482310951868, 0.24696478006488348, 0.39786987465353973], [0.24236534632840392, 0.2340280201505251, 0.22699124754522756, 0.29661538597584347], [0.10473888361376699, 0.5371704203596246, 0.20639420722215163, 0.1516964888044567], [0.32080037037859477, 0.25233231275984225, 0.2124471299140526, 0.2144201869475105], [0.25279157839332383, 0.4063694676306646, 0.1616352426939351, 0.17920371128207638], [0.38290397081383537, 0.1330159778052019, 0.0952293616659576, 0.38885068971500514], [0.18494920154844888, 0.1150673624850706, 0.2934478908982902, 0.4065355450681903], [0.19617356429314056, 0.19563424192093398, 0.2775830999855021, 0.3306090938004234], [0.18332511236911736, 0.35613845964068014, 0.10054088837999728, 0.35999553961020553], [0.1887814661933526, 0.21018640645700112, 0.09904306088614136, 0.501989066463505], [0.18021174725020633, 0.33951297254938634, 0.22867240215967796, 0.2516028780407294], [0.17010567175479582, 0.28665745456113295, 0.17640651992280695, 0.3668303537612645], [0.13251374117384296, 0.2426273019661695, 0.08448428937047099, 0.5403746674895165], [0.26157937048593993, 0.14644394212511821, 0.07828677232639274, 0.5136899150625491], [0.11432957487746866, 0.16154028275115945, 0.10380186543891522, 0.6203282769324567], [0.3668173808021398, 0.19055850169673713, 0.07641638001721499, 0.36620773748390834], [0.19162666011641138, 0.27998733544598897, 0.13525861010103532, 0.39312739433656424], [0.147753628168057, 0.5978816941586133, 0.07388300061231494, 0.18048167706101495], [0.3276818954052884, 0.19575558007910954, 0.10730932289081359, 0.3692532016247885], [0.13000367593134635, 0.22451066258656519, 0.47625365054200447, 0.16923201094008392], [0.5380122168198216, 0.1554468171262437, 0.099951154460518, 0.20658981159341674], [0.5675865733064243, 0.22197208101420982, 0.13456940800570483, 0.07587193767366128], [0.21563855288953476, 0.365730754441421, 0.14852909969128736, 0.27010159297775693], [0.2393556789792446, 0.32324050883608074, 0.14689299845250214, 0.29051081373217263], [0.31961058683943633, 0.26040045782882093, 0.15148858673756355, 0.26850036859417936], [0.4447764159132903, 0.1424952393624506, 0.14125796208157101, 0.27147038264268814], [0.40922475998870994, 0.1769359094596325, 0.14591382119808333, 0.2679255093535742], [0.13042576278782256, 0.28582408636180767, 0.3729888146692935, 0.21076133618107626], [0.15142123011537278, 0.34198642019972886, 0.15443145440651734, 0.352160895278381], [0.3250021444274822, 0.29111046127664014, 0.05734717232267494, 0.3265402219732028], [0.2243354077420227, 0.41802430922314676, 0.12883184962815064, 0.22880843340667986], [0.15155649277927544, 0.2962328065196488, 0.2019377744773364, 0.3502729262237395], [0.18308609056367936, 0.26139366273463366, 0.3267775915979206, 0.22874265510376643], [0.504712287166049, 0.1752341542092087, 0.14507148179607626, 0.17498207682866626], [0.32207047585367266, 0.17770943260891003, 0.2629088227352062, 0.23731126880221115], [0.11288921051957844, 0.10836110877890087, 0.07432802238131969, 0.704421658320201], [0.43059397909038155, 0.2047296426950757, 0.18616914357425257, 0.17850723464029025], [0.1868159109579883, 0.4978414667032448, 0.13831012829282216, 0.1770324940459447], [0.11207829484500664, 0.5691359195422303, 0.13318196668230176, 0.1856038189304615], [0.15758931310170374, 0.46760750369614945, 0.15805957117413041, 0.21674361202801637], [0.35783684800262927, 0.11231707846523613, 0.223215555271452, 0.30663051826068277], [0.4932964781535189, 0.30189847415791454, 0.0754977021854537, 0.12930734550311296], [0.173432173502929, 0.13336302655710833, 0.27710375072208143, 0.4161010492178814], [0.25522144204205593, 0.18415986150670483, 0.38332330777598567, 0.1772953886752536], [0.3575410654983724, 0.22359690441116656, 0.09830140032611619, 0.3205606297643449], [0.16300482815742515, 0.38904475540156314, 0.15494661646521407, 0.29300379997579745], [0.24349239016229743, 0.1521809555816256, 0.14885348285996622, 0.4554731713961108], [0.28053795064900156, 0.24142115015722385, 0.24623182667530608, 0.23180907251846852], [0.18645948790834896, 0.24688684124421947, 0.1687792630654011, 0.3978744077820306], [0.11243278220933596, 0.641966546147413, 0.14066797996670352, 0.10493269167654763], [0.12535163827435614, 0.16738238587841897, 0.11559716117291789, 0.591668814674307], [0.32808868080153974, 0.17893557188505965, 0.1657834726365006, 0.32719227467689993], [0.231236003337502, 0.11132111390212314, 0.14048679999716787, 0.516956082763207], [0.1663858686964465, 0.5619236212305233, 0.15000778796020375, 0.12168272211282667], [0.3699717914139595, 0.2406949026771534, 0.08676258215546884, 0.3025707237534182]]}, "rewritten": {"ids": ["97105580", "97105760", "97105960", "97106770", "97106820", "97107260", "97107681", "97108520", "97112170", "97112290", "97114170", "97116790", "98106560", "98106880", "98107380", "98109230", "98111620", "98112580", "99107300", "99108330", "99108520", "99108890", "99109141", "99109910", "99111340", "99119830", "99120010", "99121440", "100107920", "100108520", "100109330", "100109801", "100109980", "100110260", "100111620", "100113210", "100117420", "100120780", "101108500", "101111210", "101111310", "101112540", "101117580", "101119030", "101119591", "102109910", "102110050", "102110500", "102112030", "102113981", "102117351", "102121440", "103110050", "103112470", "103113610", "103117461", "103118110", "103120290", "103120730", "104111550", "104111620", "104111990", "104112201", "104113380", "104114230", "104114320", "104114410", "105110251", "105115570", "105116441", "105116860", "105119950", "105120621", "106114150", "106114880", "106115250", "106116850", "106117790", "106121220", "107113170", "107113260", "107114490", "107117010", "107118120", "108113700", "108113740", "108114040", "108114220", "108114360", "108117360", "108118291", "108120700", "108121160", "109115070", "109116441", "109117080", "109117600", "109118231", "109118820", "109120621", "109121351", "110113591", "110114720", "110116170", "110116441", "110117110", "110117200", "110118450", "110118880", "110119300", "110120531", "110120540", "111114121", "111116170", "111117480", "111119300", "111119580", "111119610", "111120540", "111120640", "111121190", "111121410", "112116610", "112116850", "112116900", "112117030", "112118471", "112118810", "112118820", "112118880", "112120670", "112120700", "112121030", "112121410", "112121430", "113118511", "113118630", "113119300", "113119480", "113120280", "113120531", "113120540"], "labels": [1, 0, 2, 3, 1, 2, 3, 2, 0, 1, 2, 2, 1, 0, 1, 1, 3, 2, 3, 1, 2, 0, 3, 2, 1, 1, 2, 2, 0, 2, 0, 0, 1, 3, 3, 0, 2, 1, 3, 2, 3, 2, 3, 3, 0, 2, 3, 3, 2, 1, 1, 2, 3, 1, 2, 0, 2, 2, 1, 1, 0, 2, 0, 1, 2, 2, 1, 0, 0, 1, 2, 3, 1, 1, 0, 2, 3, 1, 1, 0, 0, 3, 1, 3, 0, 3, 0, 3, 1, 1, 3, 2, 2, 0, 3, 1, 1, 1, 3, 1, 0, 0, 3, 0, 3, 0, 3, 0, 0, 1, 0, 1, 0, 0, 1, 1, 3, 2, 1, 0, 1, 0, 1, 0, 3, 2, 1, 3, 0, 1, 2, 2, 0, 0, 2, 1, 3, 1, 3, 0, 0, 3], "predicted_labels": [3, 3, 3, 0, 0, 2, 2, 3, 1, 3, 3, 0, 3, 0, 3, 2, 2, 1, 1, 1, 1, 1, 0, 2, 1, 3, 1, 1, 0, 0, 3, 3, 0, 0, 1, 1, 2, 3, 1, 3, 0, 1, 0, 0, 3, 2, 3, 3, 3, 1, 0, 1, 1, 3, 3, 3, 0, 2, 1, 1, 0, 0, 3, 1, 2, 0, 0, 3, 3, 3, 1, 0, 3, 1, 3, 1, 3, 1, 1, 2, 3, 3, 1, 3, 1, 3, 3, 1, 1, 3, 3, 1, 3, 3, 0, 1, 0, 1, 3, 0, 0, 3, 2, 3, 3, 1, 3, 1, 1, 0, 3, 1, 3, 3, 3, 1, 0, 1, 2, 0, 0, 3, 3, 3, 0, 3, 1, 0, 3, 2, 1, 0, 0, 0, 3, 1, 1, 0, 3, 3, 1, 3], "confidence_scores": [[0.22127850029984877, 0.2384310398999079, 0.12154860951794395, 0.41874185028229954], [0.13523812161905543, 0.11215423858797527, 0.33519630780554166, 0.4174113319874276], [0.2713188796779992, 0.16690212339279298, 0.1898302021876453, 0.37194879474156245], [0.38414744102120973, 0.19114401125172714, 0.19824042656851698, 0.22646812115854614], [0.34644944404871036, 0.2969633532577986, 0.1794252351452637, 0.1771619675482274], [0.16313409964012068, 0.1172301114442115, 0.40591473366024183, 0.3137210552554262], [0.08803561136641858, 0.1650784527970348, 0.46850797130753385, 0.27837796452901276], [0.2038985573504847, 0.253257064702985, 0.22314900954568337, 0.319695368400847], [0.26421014322973807, 0.37917146217212067, 0.0985592822978081, 0.2580591123003331], [0.18157496069688125, 0.36172350819492416, 0.0829134097074051, 0.3737881214007896], [0.17660728194099343, 0.2882121769747796, 0.13277171969019894, 0.4024088213940281], [0.4574371552020531, 0.22889250705896336, 0.11744698689242689, 0.1962233508465565], [0.2798129017868103, 0.11630222683539546, 0.195900164208393, 0.40798470716940133], [0.4070493422740288, 0.1641494620618851, 0.20648832189930488, 0.22231287376478132], [0.27723990231955903, 0.12963458075498752, 0.1439351928449827, 0.4491903240804707], [0.2176573801158147, 0.17845867536419394, 0.3540985328355327, 0.24978541168445872], [0.1979031039699148, 0.16452149486386985, 0.38595820425599764, 0.2516171969102177], [0.0951838657202756, 0.5168829610385968, 0.15084643193132022, 0.23708674130980753], [0.20938825982722892, 0.2719322840437673, 0.25910827437563533, 0.25957118175336835], [0.21358074837914368, 0.5071446034548125, 0.15448570570758874, 0.12478894245845502], [0.14077104189997683, 0.39416724104564627, 0.21049296205609128, 0.25456875499828563], [0.10124708048539523, 0.6080811930653627, 0.11457828253688757, 0.17609344391235449], [0.4391058569822131, 0.24700298001926996, 0.08778973812633811, 0.2261014248721787], [0.06181902157674303, 0.12180639251603664, 0.7490659703424593, 0.0673086155647612], [0.08678853576250127, 0.4093708659994098, 0.2597333343783672, 0.24410726385972187], [0.1875000344053053, 0.3508853378544931, 0.10507570704744894, 0.35653892069275267], [0.2792401438296431, 0.34247903452664286, 0.19256897744374754, 0.1857118441999666], [0.07824847409319012, 0.5771596787344869, 0.14272328808983947, 0.20186855908248352], [0.39446231775307333, 0.29279227854103923, 0.03859184222434864, 0.27415356148153874], [0.28938925054780945, 0.26875968024734737, 0.17004113167075674, 0.27180993753408633], [0.18684245493987034, 0.16262468614255218, 0.2926406113417547, 0.3578922475758229], [0.3454992083201584, 0.17248397666349752, 0.09654891786709686, 0.3854678971492474], [0.308165266945354, 0.15822345103293634, 0.23054102162202184, 0.30307026039968793], [0.44769811870361476, 0.13924627399366268, 0.10351065447397635, 0.3095449528287462], [0.2731667160284888, 0.38296973935690803, 0.12140581185818244, 0.22245773275642095], [0.17207892989795534, 0.38169835361730176, 0.14187973428320466, 0.3043429822015383], [0.11822241074630824, 0.12577414834371545, 0.4141176480894065, 0.3418857928205698], [0.11540309206063322, 0.2743048813326705, 0.11681961123638294, 0.4934724153703133], [0.1543466804843298, 0.6337436403031675, 0.08564795649063094, 0.1262617227218717], [0.15494266219997863, 0.2881963850015008, 0.1710582227857415, 0.3858027300127789], [0.3384575362803264, 0.3329985394278661, 0.15124995787106432, 0.1772939664207431], [0.26097497918816337, 0.26452511336797413, 0.21936798830450469, 0.25513191913935784], [0.39191004482048, 0.157011989933535, 0.1727406250173871, 0.2783373402285978], [0.36781956237225005, 0.22912991768490854, 0.08670847171297096, 0.3163420482298706], [0.11639660799274926, 0.10185144363444062, 0.15864026632103717, 0.623111682051773], [0.18081714180863373, 0.15612220379650418, 0.3528683244594941, 0.31019232993536794], [0.264648767034232, 0.22982124551733643, 0.09023231947751525, 0.4152976679709162], [0.353998830341623, 0.15952030541231169, 0.13083254626106852, 0.35564831798499674], [0.2963062551479612, 0.24777770079062889, 0.1421373279094374, 0.31377871615197267], [0.2660594302587692, 0.35467003351061477, 0.28195742348232816, 0.0973131127482879], [0.5014640531282833, 0.16308672461133755, 0.10568233404306879, 0.22976688821731023], [0.22978535302017655, 0.3865150982030042, 0.08326874765777671, 0.30043080111904247], [0.2531188898543396, 0.4684435710591473, 0.10687059761251233, 0.171566941474001], [0.14759511561488262, 0.18435730050210455, 0.14851887721690207, 0.5195287066661107], [0.2023914023510801, 0.3362666761223555, 0.07944036889938785, 0.3819015526271765], [0.27748796574274837, 0.2416947516892873, 0.1436649234721726, 0.3371523590957917], [0.41758194923089414, 0.14557779790604733, 0.1766676076584429, 0.26017264520461575], [0.12461245476938898, 0.26154491719740536, 0.3751848285042472, 0.23865779952895844], [0.22802837849064472, 0.46824706912249037, 0.16159651278616494, 0.14212803960070017], [0.18214016208700423, 0.5115740573363654, 0.10667096544670207, 0.19961481512992835], [0.42389134356469194, 0.15762095098146345, 0.08740637303938169, 0.33108133241446297], [0.41079056021055016, 0.32189277169686065, 0.11191892004764271, 0.15539774804494644], [0.2711621484978837, 0.25539342133097925, 0.07337064574388254, 0.4000737844272546], [0.15750102830658802, 0.3366643910527234, 0.21800499604207374, 0.2878295845986147], [0.22229023988743382, 0.2124761559409683, 0.3458245172966238, 0.21940908687497404], [0.4097054595732115, 0.2644732485694667, 0.15953539505219363, 0.1662858968051283], [0.46565221556905834, 0.2526851307108512, 0.049301947906957196, 0.2323607058131332], [0.4249502281226461, 0.09051808465220015, 0.054010147173336805, 0.43052154005181703], [0.245468946298855, 0.22224196668386878, 0.21435960355752043, 0.31792948345975575], [0.20486817244327177, 0.32483435621796386, 0.11929607886983704, 0.35100139246892736], [0.3529518864873884, 0.44498752054189655, 0.05641746554669847, 0.14564312742401656], [0.37543025704486355, 0.24592021080052073, 0.11986282908903537, 0.2587867030655805], [0.05340381306811685, 0.04713805343054874, 0.02935276458787538, 0.8701053689134589], [0.13631831096329275, 0.5476814249000336, 0.10958170853380984, 0.20641855560286396], [0.222113727463988, 0.2500893741170161, 0.1977782431247884, 0.3300186552942075], [0.30190432025290376, 0.33153319269363984, 0.12072236638183134, 0.2458401206716249], [0.20374113033042276, 0.3145227356473829, 0.12807665307645832, 0.35365948094573607], [0.18910236716687553, 0.4059244098127938, 0.08286207525400828, 0.3221111477663222], [0.16263158704379563, 0.5178752905519034, 0.09050754613165275, 0.22898557627264815], [0.26716509425046475, 0.23140675016518628, 0.3403197614386075, 0.16110839414574124], [0.15523807687606592, 0.27623987781691456, 0.11477575756429509, 0.4537462877427245], [0.1555580324020513, 0.17165537195863365, 0.12293659951304099, 0.5498499961262743], [0.2602891361088259, 0.3162581143613645, 0.1625384229936137, 0.26091432653619584], [0.1619759576807791, 0.28248822656934786, 0.17039296940787085, 0.3851428463420023], [0.21110315708008448, 0.5002572099992451, 0.14176974023670985, 0.14686989268396072], [0.28870672861638325, 0.061619048424694754, 0.0577852783753946, 0.5918889445835274], [0.12148820658158353, 0.21924382700946032, 0.1464205598836308, 0.5128474065253253], [0.13114418631122096, 0.5282411190751437, 0.20380002065273264, 0.13681467396090258], [0.125409031415964, 0.4103162620685333, 0.22403651292332336, 0.24023819359217943], [0.20882063064435286, 0.12801078986924425, 0.13717736495201413, 0.5259912145343887], [0.12437008375403878, 0.22608418203342626, 0.22672886913650137, 0.42281686507603367], [0.1365425832657922, 0.45058270663666355, 0.1650837711582506, 0.24779093893929366], [0.25908706079721117, 0.11392959344472453, 0.1492772923384378, 0.4777060534196266], [0.24598607597885697, 0.22773855460507997, 0.21652608124452524, 0.30974928817153796], [0.4641986821439035, 0.2193175786372754, 0.06488932423072251, 0.2515944149880986], [0.07751239596032172, 0.557404119465527, 0.07730556751475934, 0.28777791705939204], [0.41956544275287494, 0.138573132877809, 0.14221189239726767, 0.2996495319720483], [0.21712616537984525, 0.509088319926059, 0.12534117316705354, 0.14844434152704233], [0.08896378238410657, 0.3273855244222619, 0.10400215081892003, 0.47964854237471183], [0.39332562941210875, 0.3405698479903417, 0.10138756226163516, 0.16471696033591454], [0.49939815081422656, 0.24671854790144152, 0.07918415882647822, 0.1746991424578538], [0.13837019813080084, 0.18333881072306699, 0.09316558483006461, 0.5851254063160677], [0.1824617861999839, 0.2691008011729742, 0.43570796319786764, 0.11272944942917415], [0.1400882774660181, 0.3588125136112749, 0.09516949303801334, 0.4059297158846938], [0.12529287606011222, 0.2607935702915385, 0.15898909049208687, 0.45492446315626234], [0.29114528241838405, 0.3218195545155148, 0.24953651456110804, 0.13749864850499327], [0.12483118993877515, 0.30729287379924375, 0.10680877067575376, 0.4610671655862274], [0.13707739702892552, 0.39546165905217584, 0.15221587460795824, 0.31524506931094043], [0.2471569448822352, 0.3717936302449601, 0.10420042961453838, 0.27684899525826634], [0.3165114565108413, 0.2529603786664611, 0.17571224968491622, 0.2548159151377814], [0.20109587231097956, 0.23147466226952035, 0.12355601520895286, 0.4438734502105473], [0.2110642991692457, 0.47641171368213053, 0.13420435507434358, 0.17831963207428025], [0.12614969746712584, 0.3870088423073954, 0.06628678891787125, 0.42055467130760743], [0.19290995756913187, 0.15752483990035732, 0.25717485213358227, 0.3923903503969285], [0.11779535664405176, 0.16401477793203972, 0.2073437236222708, 0.5108461418016377], [0.20407470912796963, 0.37206195857387486, 0.14588436872705324, 0.2779789635711024], [0.36087367969114914, 0.2968705447991737, 0.06629756683389688, 0.2759582086757804], [0.11384843167289654, 0.47034779852369935, 0.19741380291729554, 0.21838996688610865], [0.17466625694879206, 0.20174419962490725, 0.32033962191528625, 0.30324992151101454], [0.3381715780211736, 0.1800475261857529, 0.18320112134835237, 0.29857977444472145], [0.4334283463911572, 0.14597483900112584, 0.18015622990824331, 0.24044058469947377], [0.1568145747925528, 0.3059666777271864, 0.12162760622676214, 0.41559114125349855], [0.12471947418533738, 0.19363596237450795, 0.20856600634945835, 0.4730785570906963], [0.17026731229843634, 0.21184945165202732, 0.18292832539219536, 0.4349549106573411], [0.47292952922648535, 0.22026401112754032, 0.08201482233571525, 0.22479163731025914], [0.1099110254426988, 0.10520992364020135, 0.10503980675953767, 0.6798392441575623], [0.26806842075192105, 0.34691631985895666, 0.13083744546648846, 0.25417781392263383], [0.32855168888794406, 0.2788313606899812, 0.1140210068220697, 0.27859594360000517], [0.2787801676993319, 0.14228626184642154, 0.12350496312695818, 0.45542860732728835], [0.1636366805393168, 0.2598885783250263, 0.3308359575667662, 0.24563878356889074], [0.13125904566109298, 0.3626601428479578, 0.26219547880078714, 0.24388533269016205], [0.33815474657327416, 0.3302618968632794, 0.12714282465856683, 0.2044405319048799], [0.4511394520696006, 0.15393550614328402, 0.1093827720853476, 0.2855422697017677], [0.3759798314396736, 0.23064557325965793, 0.09163800567652555, 0.30173658962414296], [0.2851896115166859, 0.2115386404247475, 0.13042841384307616, 0.37284333421549065], [0.14947872217778835, 0.37653020496217016, 0.25749536910701826, 0.21649570375302332], [0.26099520948929233, 0.42536504684322196, 0.12744518499832436, 0.18619455866916146], [0.4028877999489237, 0.14121506627558034, 0.119024047331877, 0.3368730864436191], [0.16473910845832923, 0.2176795433203924, 0.10939516347990938, 0.508186184741369], [0.17219939200733758, 0.09110986339371112, 0.06847092194351667, 0.6682198226554347], [0.2533004059147568, 0.2970546466424869, 0.18245279076620394, 0.2671921566765523], [0.40250643619338283, 0.10658452231305822, 0.043367930736016025, 0.44754111075754277]]}}