{"test": {"ids": ["104113210", "104111620", "98111860", "100117420", "108121160", "105110091", "113120780", "112119980", "105115900", "110114920", "99108460", "99109780", "105113480", "100113210", "110120531", "111116411", "106118301", "105121370", "104111990", "113119360", "108118810", "101116130", "106119260", "111116170", "106114880", "109114030", "107113260", "101112201", "112118620", "105113620", "97112300", "110115250", "98107340", "100120780", "108116070", "103117200", "98108520", "109116810", "99111340", "109113281", "101108500", "100109980", "112116401", "103110050", "103117461", "113120260", "111114321", "111116750", "103112470", "100108990", "99109311", "110116170", "102113981", "109118701", "105112260", "98110680", "109116040", "105113190", "105112130", "111114941", "111119150", "100111080", "106119990", "110114950", "108115070", "113118810", "113122180", "112118530", "102109910", "102116500", "102110890", "97107681", "104113550", "99108890", "109117600", "98109570", "97112290", "111120640", "104113170", "102110240", "99108080", "107115140", "112119450", "99108330", "111116990", "98109311", "113121750", "97107821", "100113370", "109117110", "113118690", "102117351", "98106680", "112116850", "105115570", "112117660", "107114490", "113119340", "101119591", "106121190", "99108710", "100111620", "97112830", "98107380", "105117351", "110113591", "107114621", "101117580", "112121360", "113120531", "99107560", "108120280", "110116441", "98108970", "97114170", "113122160", "106118520", "104119290", "112117210", "99119830", "110117140", "110117500", "99105921", "108114180", "112116990", "104112470", "102112170", "110117080", "111120320", "109120621", "99116500", "111117571", "97118210", "108114220", "106117770", "112117790", "106115240", "103112641", "99109860", "97107950", "110120700", "113117550"], "labels": [3, 0, 0, 2, 2, 0, 0, 0, 3, 3, 0, 2, 0, 0, 0, 0, 1, 2, 2, 0, 1, 2, 1, 0, 0, 1, 0, 0, 3, 0, 2, 1, 0, 1, 1, 0, 2, 3, 1, 0, 3, 1, 0, 3, 0, 3, 1, 3, 1, 2, 1, 0, 1, 3, 3, 2, 0, 3, 1, 0, 3, 0, 0, 0, 1, 3, 2, 1, 2, 1, 0, 3, 1, 0, 1, 1, 1, 0, 3, 3, 3, 0, 3, 1, 0, 1, 0, 2, 3, 1, 3, 1, 1, 0, 0, 0, 3, 0, 0, 2, 2, 3, 2, 1, 0, 0, 0, 3, 3, 0, 1, 3, 3, 3, 2, 3, 2, 1, 1, 1, 3, 1, 1, 1, 0, 1, 3, 1, 1, 1, 2, 3, 2, 3, 0, 3, 1, 3, 2, 2, 2, 3], "predicted_labels": [3, 0, 2, 3, 3, 0, 1, 1, 3, 1, 3, 1, 1, 3, 3, 0, 0, 1, 1, 3, 1, 3, 3, 1, 1, 0, 1, 0, 1, 1, 0, 1, 3, 3, 3, 1, 1, 3, 1, 0, 1, 3, 3, 3, 3, 1, 1, 3, 3, 1, 1, 1, 3, 1, 3, 1, 1, 3, 1, 1, 1, 1, 3, 3, 1, 2, 3, 1, 3, 1, 0, 0, 0, 1, 3, 3, 3, 1, 1, 1, 0, 3, 1, 3, 3, 0, 1, 0, 3, 1, 3, 1, 1, 3, 1, 3, 3, 0, 3, 3, 1, 3, 3, 3, 3, 0, 0, 3, 3, 3, 1, 3, 1, 1, 3, 1, 1, 3, 1, 3, 1, 0, 1, 3, 3, 1, 3, 3, 3, 3, 1, 3, 0, 3, 3, 3, 1, 0, 1, 3, 3, 3], "confidence_scores": [[0.28619067363831674, 0.057664063577333016, 0.12459718758133644, 0.531548075203014], [0.9280560532876587, 0.016782988433225197, 0.008498047959042224, 0.046662910320073914], [0.0063392970849503695, 0.02216118749625608, 0.9392434341587125, 0.03225608126008104], [0.17664388939995934, 0.1928343014838021, 0.0904458701826508, 0.5400759389335877], [0.02819821972425206, 0.22574501040920977, 0.043959030033128496, 0.7020977398334097], [0.6304110627265407, 0.11562520489488162, 0.07964774803064173, 0.17431598434793552], [0.14739109125374825, 0.4317817031997383, 0.050994009939685725, 0.369833195606828], [0.12315194162342616, 0.7359353040337223, 0.05433677921095691, 0.08657597513189456], [0.09545925097701667, 0.3070385997481516, 0.06808916812995817, 0.5294129811448737], [0.07719532853332349, 0.5938768841547686, 0.2715738484530101, 0.057353938858897745], [0.3260965766509044, 0.05022990400282958, 0.2172859203723511, 0.40638759897391485], [0.24723555119271276, 0.2677882878474845, 0.41315051437078676, 0.07182564658901619], [0.12509427565867198, 0.3721332618271703, 0.28517477812067715, 0.21759768439348037], [0.1655345791893859, 0.1795985545853328, 0.041179782941802544, 0.6136870832834784], [0.2553818593876543, 0.36646548791421385, 0.021230870008391266, 0.3569217826897406], [0.8214506024151004, 0.013431632281131374, 0.023120551057550794, 0.14199721424621742], [0.6935887515761991, 0.0674606643143825, 0.013397167264470057, 0.2255534168449483], [0.01989495965874321, 0.7675644573046526, 0.03518140383969973, 0.1773591791969045], [0.23074198319544575, 0.4036462540628847, 0.12842610060521756, 0.23718566213645192], [0.11268438103264275, 0.15672525319908295, 0.11152376178092649, 0.619066603987348], [0.018236238678664005, 0.8178888746394825, 0.034073583141468876, 0.1298013035403851], [0.11866429465892588, 0.25875584020453374, 0.17779844802315847, 0.4447814171133819], [0.20621978219803105, 0.02806899839274034, 0.15078309370493087, 0.6149281257042976], [0.2638901144898904, 0.5970139118344406, 0.02385490370569021, 0.11524106996997863], [0.0761166531300145, 0.5228812226154698, 0.343218097952022, 0.05778402630249367], [0.8092642941485327, 0.05790786118793061, 0.030765122473663285, 0.10206272218987353], [0.08282469569367042, 0.6792482804437153, 0.08106508886672825, 0.1568619349958859], [0.6382151631894978, 0.24476872951687606, 0.022687857274939313, 0.09432825001868726], [0.21628641831665285, 0.3918824191451026, 0.1108130714890175, 0.2810180910492275], [0.03436095930722263, 0.6349182635753612, 0.22361737043827473, 0.10710340667914173], [0.4631676185388265, 0.0254545030219761, 0.36047942623479373, 0.1508984522044036], [0.054451734015907124, 0.6310218719837511, 0.04786983177166535, 0.2666565622286766], [0.19169197611027575, 0.13203932780942548, 0.4965969793879229, 0.17967171669237583], [0.2641097113734177, 0.29327323955033147, 0.09081004913382064, 0.3518069999424305], [0.11515310914307533, 0.1455225121094978, 0.5048468205757336, 0.23447755817169322], [0.1485939079003452, 0.7538769382878093, 0.03818695071406044, 0.059342203097784804], [0.4252315203991193, 0.2405910858653277, 0.27684372351911907, 0.05733367021643396], [0.20951177780271923, 0.3211867054716749, 0.0017873844512173672, 0.4675141322743882], [0.12914778403527288, 0.3617726785326999, 0.3630307806910712, 0.14604875674095624], [0.6483793505727729, 0.16698658153771054, 0.05602388096470598, 0.12861018692481063], [0.0502722449317434, 0.17791629251257582, 0.6020947462542231, 0.16971671630145763], [0.3275151617010232, 0.2500506457316798, 0.1463470213187591, 0.2760871712485382], [0.5979321180379764, 0.011193390902713162, 0.0020016727829669503, 0.3888728182763435], [0.284069481636965, 0.30188846731774005, 0.09452885467895372, 0.3195131963663413], [0.3445398904131659, 0.2787688415345575, 0.05317695310816267, 0.32351431494411365], [0.29575177251934354, 0.3373752988498383, 0.07979784851921659, 0.28707508011160165], [0.13438568095588704, 0.5268762001746893, 0.05449940049278403, 0.2842387183766398], [0.6492035970773344, 0.06386218323229814, 0.017540895375365222, 0.2693933243150023], [0.3687496879679833, 0.23046015447567098, 0.142715009288935, 0.25807514826741057], [0.2505828880168736, 0.41806916239725084, 0.12295930823807341, 0.20838864134780172], [0.44164617347715496, 0.328647880678188, 0.06120925752652998, 0.1684966883181273], [0.351592078275659, 0.3018292429532988, 0.11482862157048603, 0.2317500572005561], [0.3892135295510463, 0.20702780507408916, 0.05557434300865277, 0.3481843223662115], [0.10183486382149293, 0.5984142197634703, 0.09664806231993325, 0.20310285409510365], [0.027768523174751963, 0.4522356584698621, 0.04126040868604857, 0.47873540966933753], [0.1566546958027128, 0.1717511957958275, 0.5962208592308479, 0.07537324917061207], [0.1802246889540716, 0.41521700387150057, 0.07616656763858491, 0.32839173953584266], [0.16989286766638986, 0.07993880080897059, 0.05783574929393879, 0.6923325822307006], [0.05083150203346193, 0.5522919855771765, 0.07915848104895111, 0.3177180313404105], [0.039452653088904194, 0.5184732547931248, 0.027880343007074544, 0.4141937491108965], [0.23311326665622228, 0.5490402269647394, 0.017375714998249952, 0.20047079138078858], [0.276394808982806, 0.2548529623848237, 0.30157053720036747, 0.16718169143200293], [0.22150607356879373, 0.16641975383628854, 0.3172805809730729, 0.29479359162184454], [0.39579798038285463, 0.24614124839027196, 0.07678067148940738, 0.28128009973746626], [0.07547772283853184, 0.7446004514030092, 0.05638599136350921, 0.12353583439495], [0.10741922271877903, 0.13266108792469836, 0.7172443921082582, 0.0426752972482648], [0.08163740985215572, 0.3359731859744614, 0.19186112029220367, 0.3905282838811795], [0.05515537924638487, 0.4660942666085619, 0.3688777325875748, 0.1098726215574787], [0.21159318918367118, 0.33219312129485645, 0.15306156961525108, 0.3031521199062211], [0.22465559548254585, 0.3759629585106053, 0.15766507362861876, 0.2417163723782301], [0.7243125424194649, 0.024022144176117984, 0.01010478807678696, 0.24156052532763014], [0.6459282441785021, 0.1382287531138142, 0.05443128321073943, 0.1614117194969446], [0.942681555132832, 0.012043355548550828, 0.0033804867593446902, 0.041894602559272395], [0.21169771439754959, 0.5333396022693713, 0.13724064906207825, 0.11772203427100074], [0.25839365984702384, 0.24091413763417613, 0.27723192331411595, 0.22346027920468386], [0.3054339755159508, 0.10377812853590307, 0.14269454008277607, 0.44809335586536975], [0.3181093098843667, 0.20793772752602055, 0.26789663562891153, 0.20605632696070117], [0.2661142466529099, 0.31538184417089477, 0.15535909435473633, 0.26314481482145924], [0.07048932986523042, 0.47585754906107575, 0.038607069242725944, 0.4150460518309676], [0.47228638046523613, 0.3197685638087882, 0.07324196933832566, 0.13470308638765002], [0.7262153997585291, 0.07977872591160312, 0.07084367341646348, 0.12316220091340442], [0.12242167128919976, 0.03723845985471439, 0.034152810377430065, 0.8061870584786557], [0.37998316908873137, 0.37619510331134876, 0.009381324523802604, 0.23444040307611744], [0.03624263294480389, 0.13790911021922006, 0.31882644422551004, 0.507021812610466], [0.42473669897842126, 0.11489268451774877, 0.02107094674821061, 0.43929966975561946], [0.5678399382711674, 0.19641583545317637, 0.06517517544608152, 0.17056905082957483], [0.1819981735162581, 0.6639532364049396, 0.032125285633884955, 0.12192330444491734], [0.6545324362927137, 0.08630274085793482, 0.0855500405437154, 0.1736147823056362], [0.253453872302844, 0.24840648503205773, 0.17919718660710848, 0.3189424560579899], [0.07611938030254288, 0.6365754022454099, 0.06442846786402488, 0.2228767495880221], [0.10388246209185081, 0.4152517303021441, 0.0740387479977834, 0.40682705960822135], [0.34574302974045557, 0.543275506881941, 0.007281597675481155, 0.10369986570212238], [0.07080652185021591, 0.5165970603870301, 0.3137322741187749, 0.09886414364397932], [0.10856350973390556, 0.28749372633921, 0.017298552722474356, 0.5866442112044099], [0.02560747155002686, 0.24320861400275717, 0.5777996812090807, 0.15338423323813524], [0.2799029142247972, 0.22263705452393537, 0.041472202022408124, 0.4559878292288593], [0.14605523597411635, 0.18348781665681205, 0.07952159733754809, 0.5909353500315234], [0.6487772622262812, 0.1810180195699957, 0.006695301380140701, 0.16350941682358255], [0.3387896751364028, 0.3189531123638772, 0.022806418254922554, 0.31945079424479744], [0.00755558906152517, 0.3696649860073685, 0.24089224764484832, 0.3818871772862581], [0.11289016608910002, 0.6785917450986558, 0.06972830149876, 0.1387897873134842], [0.22372160968148558, 0.12174592644469792, 0.4358583608230343, 0.21867410305078216], [0.29476590023573435, 0.11064820600984317, 0.28059851205905645, 0.31398738169536616], [0.38897667920723933, 0.015171049443838156, 0.3637189895268127, 0.23213328182211], [0.17121742515824284, 0.3768102781218403, 0.02349307116241493, 0.4284792255575021], [0.8304631498100533, 0.031140289752627847, 0.007768680979747126, 0.13062787945757148], [0.7823778016535154, 0.01271311422719932, 0.0008704278735862394, 0.2040386562456989], [0.36925567051098424, 0.224672274291007, 0.04414026318128058, 0.3619317920167279], [0.2591076013916531, 0.3215811935771923, 0.11514751586617536, 0.3041636891649795], [0.07814119109861693, 0.21865397974156048, 0.06514537946027912, 0.6380594496995435], [0.0787127223949534, 0.6797880350923586, 0.11863523729005154, 0.12286400522263671], [0.32131423954643074, 0.02823647088230315, 0.04295414529029911, 0.6074951442809672], [0.03806441355931191, 0.5397434504495993, 0.03200848597942806, 0.39018365001166067], [0.051736712431590295, 0.5446737685708678, 0.33469142881714, 0.06889809018040204], [0.03428487066651755, 0.15344428195430274, 0.3405288981983724, 0.47174194918080736], [0.03293141064529606, 0.577849018241335, 0.027340602589037786, 0.3618789685243313], [0.08088703929475537, 0.36601124002732677, 0.48316883952166206, 0.06993288115625555], [0.15724041138242953, 0.19340551612705237, 0.06206631633780769, 0.5872877561527104], [0.08116627750411844, 0.5216855338000439, 0.16720071888075247, 0.22994746981508513], [0.2413487460079094, 0.11811113661608288, 0.39272455029161507, 0.2478155670843928], [0.3834255009085468, 0.3747501922705873, 0.017494352023969078, 0.22432995479689666], [0.5621691471621596, 0.20286557573078573, 0.014576238140168686, 0.22038903896688603], [0.20685852056260273, 0.4732656848313143, 0.13109498632181035, 0.1887808082842726], [0.19120031553338193, 0.357486259674881, 0.08507606424973292, 0.366237360542004], [0.16026866006839754, 0.09545201050688512, 0.1250029431554959, 0.6192763862692218], [0.1753664510317006, 0.44166105103279735, 0.12672690129707406, 0.2562455966384278], [0.3296462436371112, 0.06456516935555187, 0.08615053985630855, 0.5196380471510281], [0.03087496657680269, 0.2827115711174197, 0.07056654234949425, 0.6158469199562836], [0.12809467427536905, 0.1618763261212592, 0.19149833780093548, 0.518530661802436], [0.04310233930617303, 0.34046254831624095, 0.018864120086016987, 0.5975709922915693], [0.0923683923961335, 0.181481291114026, 0.5854832999856086, 0.14066701650423202], [0.11899499502570503, 0.1357019947769869, 0.06426842292445138, 0.6810345872728566], [0.42520168105117817, 0.03850985694675403, 0.43317049670334584, 0.10311796529872211], [0.38439475985152016, 0.11863822249516828, 0.03516776949250242, 0.4617992481608092], [0.23283285649158483, 0.1171090541645127, 0.342867246280306, 0.30719084306359656], [0.48926788835880275, 0.07223056488692944, 0.004342039159461312, 0.4341595075948066], [0.24234180155422994, 0.4642435656690192, 0.15301680980539184, 0.1403978229713592], [0.6727872769700841, 0.07695614510094165, 0.04768557758544871, 0.2025710003435255], [0.03614370300439128, 0.5202618738719736, 0.24533688285382121, 0.19825754026981354], [0.13612968423262933, 0.16746518177874575, 0.29666769104942986, 0.39973744293919516], [0.10338571890736038, 0.24331018370611143, 0.07767462747601196, 0.5756294699105161], [0.21775502421378976, 0.15789861575823, 0.047248702454012005, 0.577097657573968]]}, "rewritten": {"ids": ["97107681", "97107821", "97107950", "97112290", "97112300", "97112830", "97114170", "97118210", "98106680", "98107340", "98107380", "98108520", "98108970", "98109311", "98109570", "98110680", "98111860", "99105921", "99107560", "99108080", "99108330", "99108460", "99108710", "99108890", "99109311", "99109780", "99109860", "99111340", "99116500", "99119830", "100108990", "100109980", "100111080", "100111620", "100113210", "100113370", "100117420", "100120780", "101108500", "101112201", "101116130", "101117580", "101119591", "102109910", "102110240", "102110890", "102112170", "102113981", "102116500", "102117351", "103110050", "103112470", "103112641", "103117200", "103117461", "104111620", "104111990", "104112470", "104113170", "104113210", "104113550", "104119290", "105110091", "105112130", "105112260", "105113190", "105113480", "105113620", "105115570", "105115900", "105117351", "105121370", "106114880", "106115240", "106117770", "106118301", "106118520", "106119260", "106119990", "106121190", "107113260", "107114490", "107114621", "107115140", "108114180", "108114220", "108115070", "108116070", "108118810", "108120280", "108121160", "109113281", "109114030", "109116040", "109116810", "109117110", "109117600", "109118701", "109120621", "110113591", "110114920", "110114950", "110115250", "110116170", "110116441", "110117080", "110117140", "110117500", "110120531", "110120700", "111114321", "111114941", "111116170", "111116411", "111116750", "111116990", "111117571", "111119150", "111120320", "111120640", "112116401", "112116850", "112116990", "112117210", "112117660", "112117790", "112118530", "112118620", "112119450", "112119980", "112121360", "113117550", "113118690", "113118810", "113119340", "113119360", "113120260", "113120531", "113120780", "113121750", "113122160", "113122180"], "labels": [3, 2, 2, 1, 2, 2, 2, 2, 1, 0, 1, 2, 3, 1, 1, 2, 0, 1, 1, 3, 1, 0, 2, 0, 1, 2, 2, 1, 2, 1, 2, 1, 0, 3, 0, 3, 2, 1, 3, 0, 2, 3, 0, 2, 3, 0, 3, 1, 1, 1, 3, 1, 3, 0, 0, 0, 2, 1, 3, 3, 1, 1, 0, 1, 3, 3, 0, 0, 0, 3, 0, 2, 0, 1, 0, 1, 2, 1, 0, 2, 0, 3, 0, 0, 1, 3, 1, 1, 1, 3, 2, 0, 1, 0, 3, 1, 1, 3, 1, 0, 3, 0, 1, 0, 3, 1, 3, 1, 0, 2, 1, 0, 0, 0, 3, 0, 3, 3, 1, 0, 0, 0, 0, 1, 0, 3, 1, 3, 3, 0, 3, 3, 3, 3, 0, 0, 3, 0, 0, 0, 3, 2], "predicted_labels": [1, 3, 1, 2, 0, 0, 3, 2, 1, 1, 0, 2, 1, 0, 3, 1, 1, 3, 1, 0, 3, 1, 1, 1, 3, 1, 3, 1, 2, 1, 1, 3, 3, 3, 3, 3, 3, 3, 2, 0, 1, 3, 0, 3, 0, 0, 3, 3, 1, 0, 1, 3, 0, 1, 1, 3, 1, 1, 1, 3, 0, 3, 1, 1, 3, 3, 1, 1, 1, 3, 3, 1, 1, 1, 2, 3, 1, 3, 3, 1, 1, 3, 3, 3, 1, 3, 1, 3, 1, 3, 3, 3, 1, 3, 3, 3, 1, 1, 3, 0, 1, 1, 3, 1, 3, 3, 3, 1, 1, 3, 3, 1, 1, 0, 0, 0, 3, 1, 3, 3, 3, 3, 3, 1, 3, 3, 1, 3, 3, 1, 3, 3, 3, 1, 0, 3, 1, 3, 1, 1, 1, 1], "confidence_scores": [[0.45607456431275406, 0.362194699500178, 0.05427609984813211, 0.127454636338936], [0.4528069299725691, 0.14251241228347655, 0.05720242740845962, 0.3474782303354949], [0.08149491083382693, 0.3613748051486553, 0.26616894247126055, 0.29096134154625725], [0.2398499762631829, 0.11049427809344575, 0.5348786766506485, 0.11477706899272241], [0.6203272318109447, 0.019231014762645597, 0.27208872246957067, 0.0883530309568391], [0.45886855313205693, 0.0921894252662232, 0.2930817127220098, 0.15586030887971009], [0.16819662437058855, 0.10693514697705335, 0.2555664680222716, 0.4693017606300866], [0.19935267567709256, 0.08164033094408432, 0.5995801878424866, 0.11942680553633653], [0.13218327344638534, 0.4860923448728629, 0.21728917310896123, 0.1644352085717907], [0.21970568855910166, 0.16290371408547918, 0.5312880187140152, 0.08610257864140401], [0.42364562464069755, 0.010226411210795608, 0.4696183626663393, 0.0965096014821676], [0.13883709217962262, 0.12977869257549277, 0.689510466935019, 0.04187374830986542], [0.13613854976833561, 0.33204573448117264, 0.4688209414651039, 0.06299477428538776], [0.649297163635695, 0.08937958477244638, 0.12858533585919132, 0.13273791573266724], [0.08001520538592675, 0.24665869248078043, 0.29644166443132125, 0.3768844377019714], [0.386114639612318, 0.19583380300292963, 0.3683798392027552, 0.0496717181819973], [0.055394112412783275, 0.22069880626526375, 0.5466393943144412, 0.17726768700751172], [0.06383601902906356, 0.3800600916138664, 0.16675280378902593, 0.3893510855680441], [0.1497341364037948, 0.5180720255270882, 0.21921521191235452, 0.11297862615676237], [0.6723634606517408, 0.10593424429389514, 0.0821406639699118, 0.13956163108445238], [0.0667237980626499, 0.2558657655760093, 0.2943768535682878, 0.383033582793053], [0.10506317942017362, 0.3641138922732527, 0.28605172271355295, 0.244771205593021], [0.05764634953272323, 0.7536941703537107, 0.10145764658351533, 0.08720183353005054], [0.233863637931497, 0.48025145469273434, 0.11254101179423916, 0.17334389558152954], [0.36336819887639393, 0.22094247523137917, 0.19683468060883555, 0.21885464528339127], [0.09203146230785784, 0.5985654969733701, 0.2565116784946569, 0.05289136222411499], [0.047444143063924644, 0.3284948416301659, 0.28895749818203653, 0.33510351712387315], [0.09584593631799618, 0.2995523226237594, 0.4677131874525297, 0.13688855360571495], [0.08127963394251868, 0.13991900179042352, 0.6701591304632006, 0.10864223380385721], [0.24777918995093473, 0.21724684495631968, 0.3944457218889157, 0.1405282432038296], [0.43912239286208254, 0.35731519129795186, 0.06714070978111969, 0.1364217060588458], [0.1755801161763172, 0.3517626916441632, 0.14769056874743253, 0.3249666234320869], [0.2314393788188226, 0.2370467906752588, 0.2435997928035657, 0.2879140377023529], [0.1710518855388695, 0.13384169915535712, 0.48985398929049856, 0.20525242601527485], [0.0714735243551652, 0.23846947676664296, 0.06506991287122713, 0.6249870860069646], [0.3346919190904381, 0.1318938127144345, 0.24412611157817013, 0.28928815661695717], [0.2266139987238784, 0.26267505298905075, 0.06007472792911956, 0.45063622035795137], [0.46898367753271836, 0.1384566478869126, 0.039046954867643875, 0.3535127197127252], [0.08841408759849691, 0.13911395370975965, 0.6663268996596876, 0.10614505903205612], [0.6945462104374508, 0.1982840468654755, 0.021563561386814076, 0.0856061813102597], [0.1013496422576619, 0.3466578221764107, 0.27376104563985076, 0.27823148992607644], [0.15176169406005763, 0.19870188015112575, 0.09343803743527193, 0.5560983883535446], [0.7288683568681715, 0.08917296583276524, 0.01353118448409698, 0.1684274928149664], [0.33374172441180167, 0.20104601349735143, 0.19587273228973576, 0.269339529801111], [0.59818576951155, 0.21158462462216593, 0.0746886846460783, 0.11554092122020593], [0.7433283454032107, 0.023354864882697925, 0.013886645094499323, 0.21943014461959207], [0.3542378932285506, 0.01912965836118906, 0.026122362775772897, 0.6005100856344876], [0.4048826622404812, 0.1874389535219792, 0.09216393186877447, 0.3155144523687651], [0.23561776484818, 0.40248908314236764, 0.12631027656668292, 0.23558287544276943], [0.5924003876800624, 0.2350929393763212, 0.023559679377548586, 0.14894699356606758], [0.24412586424561794, 0.4447790007717205, 0.05197361086106862, 0.25912152412159295], [0.437292954323721, 0.17650861673808627, 0.15221968927214533, 0.23397873966604735], [0.5647751561566158, 0.21506342215296725, 0.10414485210183233, 0.11601656958858468], [0.06623060579316065, 0.813162682052421, 0.05951905294605831, 0.061087659208359985], [0.25924217227874286, 0.5138448274263374, 0.10110800484993648, 0.12580499544498291], [0.4900073934519325, 0.04291829447985942, 0.0224004273640492, 0.44467388470415875], [0.2235313994245927, 0.3457909455480794, 0.21177007026323155, 0.2189075847640965], [0.16174884023516384, 0.4521358141584019, 0.11477324952231704, 0.27134209608411697], [0.1766780615673119, 0.41595691510597027, 0.09285540193914037, 0.3145096213875775], [0.03904406775054012, 0.13687891924587112, 0.12096817016562186, 0.7031088428379669], [0.901830542221444, 0.010564835248015356, 0.007359321367806843, 0.08024530116273403], [0.20781296496817322, 0.11308947647127622, 0.06915850736108274, 0.6099390511994678], [0.3331702412748359, 0.13321221638457684, 0.40720840285312065, 0.1264091394874665], [0.04428907552346457, 0.3718255591627756, 0.37430626080671353, 0.2095791045070464], [0.03078568626242378, 0.46132464221676267, 0.03973785140859131, 0.4681518201122221], [0.1638416081875938, 0.035302953987153246, 0.031806081460935276, 0.7690493563643178], [0.37813336701762945, 0.38921018385721146, 0.1554457968249677, 0.07721065230019175], [0.015313265480276225, 0.5241686260956413, 0.4270055959488582, 0.033512512475224375], [0.03785213694264604, 0.48131291766158935, 0.3070671744384492, 0.1737677709573154], [0.16458696487328986, 0.14476911550460686, 0.17807322503994558, 0.5125706945821579], [0.2728108952349978, 0.306998772457386, 0.03176416057316025, 0.3884261717344562], [0.020692014350210557, 0.6964238250337073, 0.22165057002591712, 0.06123359059016472], [0.07280240271928358, 0.43122932217625676, 0.4175547775488683, 0.07841349755559145], [0.13964170130360481, 0.5361973461157342, 0.1098790321394103, 0.2142819204412504], [0.16115647301057026, 0.08648168406545509, 0.606776680762524, 0.14558516216145093], [0.1914755949276725, 0.1372452836496788, 0.08022507372972604, 0.5910540476929224], [0.09411390982458351, 0.3031004717469266, 0.5553067304926312, 0.0474788879358584], [0.29080630715332395, 0.02502885601964986, 0.16199735829402617, 0.522167478533], [0.3935019306872249, 0.12198234494324785, 0.17332467246576744, 0.31119105190375945], [0.008668566357676065, 0.36759708664719726, 0.5765538416916522, 0.04718050530347441], [0.08748228783098916, 0.5452233319742307, 0.0926730839162625, 0.2746212962785175], [0.14851506319189448, 0.199624285883253, 0.06819758188547777, 0.5836630690393745], [0.3008041527665785, 0.05022387281529388, 0.008074260903626732, 0.6408977135145009], [0.14727619143032566, 0.07095257775023248, 0.08393793171800215, 0.6978332991014399], [0.07059575338168958, 0.6591617266014419, 0.05364760004670076, 0.216594919970168], [0.5544593530075007, 0.06953863779958067, 0.025492974659085725, 0.350509034533833], [0.09998870366821355, 0.7265223461650749, 0.08539889607595043, 0.08809005409076091], [0.1272204911572353, 0.25344769409788026, 0.2638303378423802, 0.35550147690250467], [0.11497902692887754, 0.5666909055128433, 0.04186943270451824, 0.2764606348537608], [0.37191945278720595, 0.030527040285807654, 0.03717315692506737, 0.5603803500019189], [0.053670997862725466, 0.2767209150574298, 0.08195941247365605, 0.5876486746061886], [0.31145832819533575, 0.1705900028261846, 0.2380854723211002, 0.27986619665737916], [0.3578380833763086, 0.46667568134334647, 0.030814131360806157, 0.14467210391953897], [0.20272963932401447, 0.3110277166163887, 0.07166681420875112, 0.4145758298508457], [0.21650227934185043, 0.30477741327784086, 0.0016747661753285853, 0.4770455412049801], [0.07446159850736618, 0.12218117719950024, 0.034501130203968715, 0.7688560940891649], [0.34054657005276845, 0.23518953037990178, 0.21128970956452733, 0.21297419000280232], [0.16498606512912328, 0.37217296831689656, 0.1761247600502315, 0.28671620650374874], [0.17983674631740612, 0.1913853404670712, 0.1572687394669583, 0.47150917374856455], [0.6572409754458596, 0.1385260547530344, 0.07316672747869285, 0.13106624232241332], [0.03551861722600402, 0.8300898994615613, 0.06780686535930959, 0.0665846179531249], [0.37157646048899684, 0.30798809022389506, 0.06091226204239046, 0.25952318724471773], [0.12534028479978648, 0.31899762293722034, 0.07603020144292494, 0.47963189082006813], [0.4226060301993973, 0.27497076255803105, 0.10638000232411356, 0.19604320491845803], [0.03964824681346579, 0.34942410778709243, 0.03662238869996073, 0.5743052566994811], [0.04783960034593993, 0.2592512387282254, 0.38916540364236685, 0.30374375728346775], [0.46331300908771683, 0.232895085862535, 0.03659551149785503, 0.2671963935518931], [0.49277050411855294, 0.28515216274992244, 0.02209501923679416, 0.1999823138947305], [0.5195617465834815, 0.2605836818809352, 0.056117043069762854, 0.1637375284658204], [0.32448694133628486, 0.12865029321137544, 0.09186092904015951, 0.4550018364121799], [0.19211024556553233, 0.38568992717390377, 0.07660200908367555, 0.34559781817688834], [0.0924602068295452, 0.4980324307765107, 0.03713018734523796, 0.372377175048706], [0.39032173745442145, 0.36747934986011266, 0.030513262629437276, 0.21168565005602882], [0.7435858163244471, 0.03792506571407796, 0.025286416676311027, 0.19320270128516395], [0.7394380334858759, 0.05663881484048634, 0.013097407662036776, 0.1908257440116009], [0.6913697800984512, 0.08925991813478525, 0.025459702162515644, 0.1939105996042481], [0.2353890015770307, 0.10217147561172885, 0.3488992361656776, 0.31354028664556277], [0.13676020655616508, 0.6900783150591665, 0.030781889816165992, 0.14237958856850239], [0.09705697527290699, 0.08685903612520932, 0.4879841238163292, 0.3280998647855544], [0.20235821914552912, 0.1813454924869035, 0.16516388355533365, 0.451132404812234], [0.39565418827993204, 0.03654229038550583, 0.020454736327006937, 0.5473487850075553], [0.12265017151025424, 0.33473089476024875, 0.01975507379157083, 0.5228638599379262], [0.1779371698079235, 0.0865720048489461, 0.1047289513858134, 0.6307618739573173], [0.09736690688939477, 0.5603238806977056, 0.13432826431560074, 0.20798094809729933], [0.24870871604068942, 0.184467822228214, 0.07577167010912386, 0.4910517916219729], [0.4359535985514946, 0.07283369076432047, 0.005945598516477969, 0.48526711216770696], [0.07449874936910747, 0.300606917472882, 0.518332476460396, 0.10656185669761427], [0.08569146575391004, 0.3148036414501172, 0.11634561496155588, 0.48315927783441726], [0.40877456421576197, 0.2508684360312436, 0.014758810049207188, 0.32559818970378773], [0.06454587074175179, 0.8258807963284847, 0.07542542264292548, 0.03414791028683812], [0.320367946642329, 0.23505842588734407, 0.1045389903645522, 0.34003463710577464], [0.35590110866923297, 0.1183849414900224, 0.07933410120918993, 0.4463798486315547], [0.11053010079605079, 0.2612627658076825, 0.07864277590256429, 0.5495643574937026], [0.08532226511571638, 0.40909041971185806, 0.39945516671508235, 0.10613214845734321], [0.6377856371653909, 0.17193338141459313, 0.02678153109255262, 0.1634994503274633], [0.10907482124829837, 0.3759128339410985, 0.03282287431360541, 0.4821894704969978], [0.2937241998257553, 0.39175667205084497, 0.13415249875779914, 0.18036662936560083], [0.25442955991532495, 0.18956588698960286, 0.08752699496393646, 0.46847755813113584], [0.08553415576629668, 0.49020031200740194, 0.05047307864236085, 0.3737924535839405], [0.07914405852807857, 0.7488904599750666, 0.023244970277877176, 0.14872051121897756], [0.03783466788559407, 0.5246756241633128, 0.018038577399300045, 0.41945113055179317], [0.09102356766615323, 0.42503831310095475, 0.14321735582102788, 0.340720763411864]]}}