{"test": {"ids": ["106113170", "108121160", "104114320", "111119150", "107119130", "106116370", "99109840", "113117340", "104114410", "98111231", "105111990", "106118520", "110118301", "109119460", "105115380", "105113170", "112120990", "101119591", "112121351", "104113550", "99109141", "102110690", "112118471", "110115710", "109119340", "103113101", "97110950", "97105580", "105113260", "103110760", "108118630", "100113210", "113122510", "111117120", "106120290", "106114150", "104110960", "99108010", "108120060", "97116500", "113119930", "101111210", "102112170", "113120070", "98106880", "106115240", "102113210", "98108410", "102113981", "109114030", "99111340", "108115500", "112116610", "105110091", "106117770", "97105760", "106116640", "106114321", "110117870", "101108950", "113118630", "108115070", "101114020", "113120531", "111116010", "112119450", "112116640", "110117500", "112120640", "100116500", "112121030", "110116441", "105113620", "100108260", "113118690", "112116401", "110118121", "111116411", "102107961", "110118810", "103109791", "112121410", "103109021", "113121980", "105113480", "105120280", "113118421", "111120320", "108121351", "111115620", "112117461", "111121190", "101111140", "111117571", "97112300", "99109910", "111115400", "111116530", "97107920", "106114011", "103113270", "102108621", "104114240", "113121750", "105121370", "112116290", "100109910", "110113931", "103111930", "109120621", "100109360", "109117080", "112120540", "97111790", "105116980", "113121190", "99108310", "108113740", "108114270", "107113550", "108115880", "108115250", "102117351", "109117730", "97107821", "100109000", "103120780", "101112690", "99108520", "107113170", "99107300", "99105921", "101108500", "113117630", "107116300", "100110050", "98106560", "107113260", "111119430", "110118161", "111120280", "113118820"], "labels": [0, 2, 2, 3, 1, 2, 2, 2, 1, 1, 2, 2, 1, 1, 1, 0, 2, 0, 0, 1, 3, 0, 1, 2, 3, 3, 3, 1, 3, 1, 1, 0, 2, 2, 2, 1, 2, 2, 1, 2, 1, 2, 3, 2, 0, 1, 3, 1, 1, 1, 1, 3, 1, 0, 0, 0, 3, 2, 3, 2, 3, 1, 3, 0, 1, 3, 0, 1, 0, 2, 0, 3, 0, 3, 3, 0, 3, 0, 3, 1, 3, 0, 0, 2, 0, 3, 3, 1, 3, 1, 0, 1, 2, 3, 2, 2, 0, 3, 0, 1, 2, 3, 0, 0, 2, 0, 2, 1, 3, 1, 0, 1, 3, 2, 0, 1, 2, 3, 3, 0, 3, 1, 1, 3, 2, 1, 1, 1, 2, 0, 3, 1, 3, 0, 0, 3, 1, 0, 3, 0, 0, 0], "predicted_labels": [1, 1, 1, 3, 3, 0, 3, 1, 3, 0, 3, 3, 1, 3, 1, 3, 1, 0, 3, 0, 0, 3, 1, 3, 1, 0, 3, 0, 3, 3, 3, 3, 1, 1, 1, 0, 0, 3, 0, 0, 0, 3, 3, 2, 2, 0, 3, 1, 1, 1, 1, 1, 0, 0, 1, 3, 3, 3, 3, 2, 3, 0, 3, 1, 1, 3, 3, 0, 1, 3, 0, 1, 1, 1, 1, 0, 1, 3, 1, 3, 2, 1, 3, 3, 3, 2, 0, 3, 3, 0, 3, 3, 0, 1, 3, 2, 0, 1, 3, 0, 3, 3, 1, 1, 3, 3, 2, 3, 1, 0, 0, 1, 1, 3, 3, 1, 3, 3, 3, 0, 1, 3, 0, 0, 1, 1, 1, 1, 1, 3, 3, 0, 3, 3, 1, 3, 3, 3, 1, 3, 3, 0], "confidence_scores": [[0.2794619512627571, 0.2844967670842831, 0.1173422043022835, 0.3186990773506764], [0.27448996263426245, 0.2855609378204779, 0.14219362259592264, 0.2977554769493375], [0.2540218300001598, 0.2903037879216039, 0.1887458292481308, 0.2669285528301057], [0.24582941755135954, 0.2803296532953782, 0.1436545600137807, 0.3301863691394817], [0.2831661791204647, 0.27545368704490575, 0.12479410335476578, 0.31658603047986345], [0.29686713079883803, 0.26448697769321455, 0.14716658057921783, 0.29147931092873003], [0.12176714203470898, 0.3198561149637323, 0.24813710353981397, 0.3102396394617449], [0.16222338191897215, 0.30957880035351715, 0.24696882475167978, 0.2812289929758309], [0.263943765624857, 0.2786888117723589, 0.12547289796061253, 0.33189452464217145], [0.30826607135902423, 0.2769409623960589, 0.11327700577199136, 0.3015159604729257], [0.29393630272436183, 0.27337006833933014, 0.10280045578367573, 0.32989317315263234], [0.28740402967648376, 0.27936695580292353, 0.09824931462151018, 0.3349796998990825], [0.2358702436642941, 0.2920385955872808, 0.16552662792332948, 0.3065645328250957], [0.27947771336759253, 0.2751979691044428, 0.14081096959650652, 0.3045133479314581], [0.24883697805493366, 0.30041255838569275, 0.17815058922418736, 0.2725998743351861], [0.24947146165128753, 0.28231179335251033, 0.11485898944993223, 0.35335775554627], [0.23569542208650537, 0.28881269867841686, 0.15517019493242185, 0.3203216843026558], [0.37955641458901246, 0.24516930205529053, 0.08532110251979094, 0.28995318083590593], [0.30089396814795477, 0.2712055933951369, 0.09656844834627319, 0.33133199011063535], [0.35098510265036825, 0.24601108320896625, 0.10372077093539754, 0.29928304320526783], [0.3355355736710295, 0.2696261645983132, 0.10709062580753122, 0.2877476359231262], [0.25009788907811775, 0.2855462103557823, 0.1218794449292907, 0.3424764556368094], [0.2156273138644643, 0.2935442244273377, 0.24661057502889297, 0.24421788667930525], [0.2120855051033874, 0.2842859263663306, 0.20236776714183813, 0.30126080138844386], [0.2668417640922389, 0.28467515581034797, 0.1748479040014055, 0.27363517609600724], [0.25544072531706025, 0.2778364268691333, 0.187954370505078, 0.2787684773087282], [0.2687640138207034, 0.28470598436455774, 0.1528556845312773, 0.29367431728346166], [0.3117676612810172, 0.27067243789027456, 0.17866458139321895, 0.2388953194354895], [0.29090866231665036, 0.27397841827650293, 0.08968417500484092, 0.3454287444020059], [0.2909732804106246, 0.267426479989419, 0.12347624039932972, 0.31812399920062673], [0.24123646796481246, 0.2835555124648256, 0.1410781383242508, 0.33412988124611076], [0.28517391134963765, 0.2716622577433555, 0.11171153241559714, 0.3314522984914095], [0.2559179462570922, 0.288776970606731, 0.21222171409966822, 0.24308336903650876], [0.2186482593797175, 0.3019875465623236, 0.14714655750814393, 0.33221763654981507], [0.14658623179722927, 0.3195213885206972, 0.2961384048556658, 0.23775397482640745], [0.2883975796131028, 0.2771021256685952, 0.1402487566192615, 0.2942515380990404], [0.3549297785900886, 0.2699682680916236, 0.19194370251633347, 0.18315825080195436], [0.2575864839676952, 0.2802279022090847, 0.1603654524526411, 0.30182016137057877], [0.2932956150162179, 0.27312914681599537, 0.20019268455442482, 0.23338255361336174], [0.30199280736652556, 0.2797362849318443, 0.1989198115877257, 0.2193510961139043], [0.31911146399109047, 0.280343088550566, 0.11707844675664582, 0.28346700070169734], [0.23131394307481212, 0.2904491883653756, 0.15579834078768598, 0.3224385277721262], [0.266091284210971, 0.27405572985820775, 0.16302290906311587, 0.29683007686770513], [0.15028940791230694, 0.3167674732039728, 0.2570415470253291, 0.27590157185839126], [0.1491281344291075, 0.3107822949034709, 0.25973052282082704, 0.2803590478465944], [0.3213271241105223, 0.27021793542504535, 0.12667009321808892, 0.28178484724634345], [0.2510005236575731, 0.2772138481197653, 0.16598681149466213, 0.3057988167279996], [0.28195112504592246, 0.28644776067657696, 0.12782154338584972, 0.30377957089165036], [0.2585708146834408, 0.2954348706951487, 0.19339105116907784, 0.252603263452333], [0.15999244841323731, 0.30842777273719824, 0.2110728356666312, 0.3205069431829332], [0.13617577224218244, 0.3165997219572168, 0.24729319029510766, 0.29993131550549307], [0.21381313491770218, 0.29579558304341647, 0.22581100606636076, 0.2645802759725206], [0.2983985609787969, 0.2786578200442425, 0.17208776056652766, 0.250855858410433], [0.2728329742736622, 0.27399798780466356, 0.18762584269907961, 0.2655431952225943], [0.1672755413276043, 0.30461097218872196, 0.24321077562486546, 0.28490271085880847], [0.16469338451355592, 0.29808002537599354, 0.23805967071108472, 0.2991669193993659], [0.25613683442208, 0.27605932006732614, 0.16020338303593432, 0.3076004624746593], [0.24479468486328065, 0.2917358514781951, 0.17443612906248462, 0.28903333459603925], [0.1865911339661544, 0.3006721628126948, 0.1906370859846961, 0.3220996172364548], [0.1814314524519415, 0.29286001185362165, 0.25621810510294285, 0.26949043059149397], [0.22102229838360452, 0.2915920372251392, 0.20520848446255846, 0.2821771799286977], [0.34320548862944933, 0.26728516206954167, 0.13491301137140815, 0.25459633792960096], [0.23500108689633048, 0.2793549010488714, 0.19549551095878345, 0.29014850109601464], [0.2776694180601066, 0.28364784997787396, 0.14261770645667082, 0.29606502550534824], [0.2109514662738317, 0.29619313907869915, 0.21712849601204132, 0.2757268986354278], [0.2730146345983252, 0.2767612453714186, 0.11186795744480962, 0.33835616258544654], [0.2650780770932227, 0.2900253857154796, 0.11176754214358868, 0.3331289950477091], [0.2971392403044291, 0.2782813733716469, 0.13053292160488297, 0.2940464647190409], [0.19845115786365655, 0.2944487201784632, 0.2397278053444325, 0.26737231661344757], [0.23058335626709575, 0.2893594456288849, 0.18456674663541822, 0.29549045146860126], [0.39381763795386965, 0.24328809852739877, 0.07348599455575633, 0.2894082689629754], [0.2690882171478847, 0.2856150894102875, 0.18830166463060025, 0.2569950288112275], [0.2094591508419088, 0.29642305648858136, 0.22237605141984512, 0.2717417412496644], [0.22587612149640005, 0.2904720485868628, 0.1773529485141773, 0.30629888140255984], [0.22620812888988526, 0.30041837470793, 0.18117566184538297, 0.29219783455680165], [0.36190823702822916, 0.24936639843282546, 0.07029891757820528, 0.3184264469607399], [0.2713812459966976, 0.2887417239602049, 0.10735715985256257, 0.33251987019053497], [0.3487891780108996, 0.24538525490606763, 0.06700829997710973, 0.338817267105923], [0.23496728442506168, 0.2930989561783168, 0.23864538650476258, 0.23328837289185925], [0.21270702230568733, 0.2900897543453922, 0.17636231777509728, 0.32084090557382294], [0.22762834649834726, 0.28514636874818805, 0.2415481308474662, 0.24567715390599865], [0.2765200376813567, 0.28678004492121534, 0.11655782450071062, 0.3201420928967171], [0.3121783057375112, 0.26984766768617624, 0.08438247969143328, 0.333591546884879], [0.15362506587591337, 0.31568499996551297, 0.1664165448497884, 0.3642733893087855], [0.20991674841225832, 0.30461214660959446, 0.11984111021424997, 0.3656299947638972], [0.16783494404160193, 0.31276363487624986, 0.2714245317624562, 0.2479768893196921], [0.4139230889921838, 0.24191922789654702, 0.06915342017046787, 0.27500426294080166], [0.2600753897292499, 0.2771471833059994, 0.14055330176847736, 0.3222241251962732], [0.2979518372772173, 0.27119733843977467, 0.11798436302422546, 0.3128664612587825], [0.2693287105207817, 0.2762699772907973, 0.16660979944985668, 0.28779151273856446], [0.3045577089086261, 0.27074186532031475, 0.07426983066303243, 0.35043059510802654], [0.2891726583167496, 0.2646763585282218, 0.11114950167150024, 0.3350014814835285], [0.2994382979097191, 0.2506765349846199, 0.17976438977571918, 0.27012077732994194], [0.2712642239221027, 0.2875479811609429, 0.1570221327384836, 0.28416566217847145], [0.18215001381347357, 0.2954049140131474, 0.22165982327935752, 0.30078524889402153], [0.16439829322964472, 0.3173643189860394, 0.29211584412407304, 0.22612154366024317], [0.3333632501749714, 0.2777165968838811, 0.15513416989317935, 0.23378598304796777], [0.27021007242828, 0.2859981844251747, 0.16232516030994878, 0.2814665828365967], [0.3320625395809763, 0.26004495556713897, 0.09004940457505226, 0.31784310027683266], [0.3330534090450128, 0.2767416200311462, 0.12951458615445202, 0.2606903847693888], [0.15604204302046865, 0.300847680916304, 0.23443052344547566, 0.30867975261775155], [0.23671802893865343, 0.2870889244121865, 0.13878726042669995, 0.33740578622245987], [0.2376014112118773, 0.2919491587485078, 0.1833781331339809, 0.28707129690563365], [0.3056094393816536, 0.28245828975029014, 0.09802733639247958, 0.3139049344755767], [0.1771775449522205, 0.29821712025046876, 0.22931131898405743, 0.29529401581325365], [0.27733433343555913, 0.2780340189800596, 0.12579174079431515, 0.318839906790066], [0.2034902132749717, 0.3017022564264845, 0.26153110771417465, 0.23327642258436918], [0.2782444519557226, 0.2918363989640992, 0.08560150016304768, 0.3443176489171305], [0.2376574936685643, 0.2935474553962017, 0.20381514086876895, 0.26497991006646526], [0.3672531457677272, 0.25972019303133564, 0.09618482688297424, 0.2768418343179629], [0.27080733297017723, 0.2728563060536464, 0.19487827806606867, 0.2614580829101081], [0.13299155474030525, 0.3141928782127508, 0.21476018526331106, 0.33805538178363265], [0.26927909916490583, 0.2813983829819698, 0.15730255717121328, 0.29201996068191105], [0.21084393132790027, 0.28621274634579164, 0.19290034811469628, 0.31004297421161164], [0.2900183124976243, 0.2855995083119855, 0.08636699761761867, 0.3380151815727718], [0.3036840882165981, 0.2879220546797518, 0.11142183923692972, 0.2969720178667203], [0.2547049650804615, 0.27658153100558364, 0.17652768089571727, 0.2921858230182376], [0.3393432458897466, 0.25247693501508806, 0.08345979092125298, 0.3247200281739122], [0.24991884082491148, 0.28983642838684454, 0.09345134505782572, 0.36679338573041853], [0.31926764522771894, 0.27345056435621834, 0.15047019735921172, 0.2568115930568513], [0.2688375347024692, 0.2790936339678847, 0.18353426639909415, 0.26853456493055183], [0.19250932628640097, 0.29463234719294096, 0.2254605964654631, 0.28739773005519503], [0.35777489718738636, 0.25212236884973854, 0.06792939704652706, 0.32217333691634803], [0.3608699415642071, 0.26322834625998204, 0.11997330997191341, 0.2559284022038973], [0.27152259259864464, 0.2861176196816132, 0.12701484417987166, 0.31534494353987086], [0.2531123965265599, 0.2827797203645936, 0.14323252151985627, 0.32087536158898994], [0.22493087722721308, 0.2987556433663148, 0.15284339804593355, 0.3234700813605388], [0.23478575570361887, 0.29449792257224905, 0.18883808944553476, 0.28187823227859743], [0.1538469132057276, 0.3276775095426483, 0.3159446831442501, 0.20253089410737443], [0.23431803686426625, 0.28831295144913327, 0.14898655639711786, 0.3283824552894822], [0.30757172038146047, 0.27285040158725327, 0.08250979301577002, 0.3370680850155163], [0.28749163209543144, 0.2808612101559846, 0.2000956104974115, 0.23155154725117225], [0.24109618120293597, 0.2819982909981165, 0.18072763530869915, 0.29617789249024856], [0.2197572897535595, 0.28683945100767916, 0.17319306363224307, 0.3202101956065185], [0.22926712669634375, 0.29499501001857903, 0.21238519885275414, 0.263352664432323], [0.16870722330679272, 0.30283472282052315, 0.20713924066820202, 0.32131881320448197], [0.2784457996845597, 0.2717482764604782, 0.16848975521256812, 0.2813161686423939], [0.24504453876116025, 0.2933700651545767, 0.1491286961409768, 0.31245669994328623], [0.19025866222620763, 0.297515183307677, 0.2209623470477213, 0.29126380741839364], [0.2773732851724568, 0.27956624902814814, 0.12370241280777954, 0.3193580529916156], [0.2711256479111734, 0.28983650459826665, 0.09136999201703541, 0.3476678554735244], [0.3395161076514083, 0.2636054225402678, 0.08167845859592761, 0.31520001121239655]]}, "rewritten": {"ids": ["97105580", "97105760", "97107821", "97107920", "97110950", "97111790", "97112300", "97116500", "98106560", "98106880", "98108410", "98111231", "99105921", "99107300", "99108010", "99108310", "99108520", "99109141", "99109840", "99109910", "99111340", "100108260", "100109000", "100109360", "100109910", "100110050", "100113210", "100116500", "101108500", "101108950", "101111140", "101111210", "101112690", "101114020", "101119591", "102107961", "102108621", "102110690", "102112170", "102113210", "102113981", "102117351", "103109021", "103109791", "103110760", "103111930", "103113101", "103113270", "103120780", "104110960", "104113550", "104114240", "104114320", "104114410", "105110091", "105111990", "105113170", "105113260", "105113480", "105113620", "105115380", "105116980", "105120280", "105121370", "106113170", "106114011", "106114150", "106114321", "106115240", "106116370", "106116640", "106117770", "106118520", "106120290", "107113170", "107113260", "107113550", "107116300", "107119130", "108113740", "108114270", "108115070", "108115250", "108115500", "108115880", "108118630", "108120060", "108121160", "108121351", "109114030", "109117080", "109117730", "109119340", "109119460", "109120621", "110113931", "110115710", "110116441", "110117500", "110117870", "110118121", "110118161", "110118301", "110118810", "111115400", "111115620", "111116010", "111116411", "111116530", "111117120", "111117571", "111119150", "111119430", "111120280", "111120320", "111121190", "112116290", "112116401", "112116610", "112116640", "112117461", "112118471", "112119450", "112120540", "112120640", "112120990", "112121030", "112121351", "112121410", "113117340", "113117630", "113118421", "113118630", "113118690", "113118820", "113119930", "113120070", "113120531", "113121190", "113121750", "113121980", "113122510"], "labels": [1, 0, 2, 0, 3, 2, 2, 2, 1, 0, 1, 1, 1, 3, 2, 2, 2, 3, 2, 2, 1, 3, 1, 0, 2, 3, 0, 2, 3, 2, 2, 2, 1, 3, 0, 3, 3, 0, 3, 3, 1, 1, 0, 3, 1, 3, 3, 2, 1, 2, 1, 0, 2, 1, 0, 2, 0, 3, 0, 0, 1, 0, 3, 2, 0, 1, 1, 2, 1, 2, 3, 0, 2, 2, 0, 0, 0, 0, 1, 3, 3, 1, 1, 3, 3, 1, 1, 2, 3, 1, 1, 3, 3, 1, 1, 1, 2, 3, 1, 3, 3, 0, 1, 1, 0, 1, 1, 0, 3, 2, 3, 3, 3, 0, 1, 1, 0, 0, 1, 0, 0, 1, 3, 3, 0, 2, 0, 0, 0, 2, 0, 3, 3, 3, 0, 1, 2, 0, 1, 0, 2, 2], "predicted_labels": [0, 2, 3, 3, 3, 3, 3, 0, 3, 3, 1, 0, 0, 0, 1, 3, 1, 0, 3, 2, 3, 1, 3, 3, 2, 3, 3, 1, 3, 1, 3, 3, 1, 3, 0, 1, 3, 3, 0, 3, 1, 0, 3, 0, 3, 1, 3, 3, 1, 0, 0, 3, 0, 3, 3, 3, 3, 3, 3, 1, 1, 3, 2, 3, 1, 0, 0, 1, 0, 0, 3, 1, 3, 1, 3, 1, 0, 1, 3, 0, 3, 0, 3, 1, 0, 3, 0, 0, 3, 3, 1, 0, 0, 3, 1, 1, 3, 1, 0, 1, 3, 3, 1, 3, 0, 0, 1, 0, 1, 1, 1, 3, 1, 3, 3, 3, 3, 0, 0, 3, 3, 0, 3, 0, 1, 1, 0, 3, 3, 1, 3, 0, 3, 1, 0, 0, 2, 1, 3, 1, 3, 1], "confidence_scores": [[0.2925968886721081, 0.271118479414734, 0.20191646685848566, 0.23436816505467228], [0.15114326917251036, 0.3082232815818939, 0.26456147111201356, 0.2760719781335823], [0.26143178231736863, 0.2843338709231578, 0.14001985942621656, 0.314214487333257], [0.34095248254198257, 0.2545667063115881, 0.07931621236744729, 0.3251645987789821], [0.2526436520721298, 0.28436956922181644, 0.15947073629471573, 0.3035160424113381], [0.21766990518791118, 0.2861883125097863, 0.17374047002873372, 0.32240131227356894], [0.20834426729861114, 0.28238507458691653, 0.20827438356849387, 0.3009962745459783], [0.2723253815008469, 0.28143092965181915, 0.21931360385849677, 0.22693008498883718], [0.28528182164460614, 0.2690038683997089, 0.14876863435592314, 0.29694567559976165], [0.17288963012284755, 0.29775627128332166, 0.23449001349639395, 0.2948640850974366], [0.30556913687913356, 0.2835608969859131, 0.1288651740202226, 0.28200479211473095], [0.29998694325191294, 0.27975681591119866, 0.12106950259748159, 0.2991867382394069], [0.30514715524143426, 0.2658802660586754, 0.18299920916411025, 0.24597336953578017], [0.30810211542683125, 0.2768388108381301, 0.08435964632146227, 0.3306994274135762], [0.20090268950325751, 0.2957279607809373, 0.22674046454091917, 0.27662888517488593], [0.25655327605568395, 0.2784768723292898, 0.162495603522725, 0.30247424809230117], [0.15486131478122306, 0.32165929812338906, 0.30464798131169235, 0.2188314057836956], [0.3385933447258497, 0.2661872955382167, 0.10310943509957542, 0.2921099246363581], [0.1440228396687519, 0.3081193162431091, 0.23701012998120793, 0.31084771410693113], [0.13677072125810474, 0.32201245935262984, 0.27275509422035044, 0.2684617251689153], [0.1515828802845253, 0.30815963980013444, 0.21518339335827727, 0.32507408655706266], [0.2585979017360255, 0.28402585424223836, 0.16546497414862046, 0.2919112698731158], [0.2476250042742531, 0.2825248337842303, 0.1465556826577675, 0.323294479283749], [0.24161196804097418, 0.28042600573298576, 0.20463590276025612, 0.2733261234657839], [0.22483819696532825, 0.2956216153218016, 0.2305850273134029, 0.2489551603994673], [0.1655530661601912, 0.30361383435327965, 0.1963546515612663, 0.3344784479252628], [0.2812543202933703, 0.2731574287261038, 0.11332473946668978, 0.33226351151383615], [0.2349909376617436, 0.28950776421360186, 0.20883177571370629, 0.2666695224109482], [0.23922832719546716, 0.28173269226139735, 0.18076056559841544, 0.29827841494472035], [0.17336320074536837, 0.2994325668868431, 0.2469044915478787, 0.28029974081990977], [0.2942225321023386, 0.2489451226168365, 0.16851623409906, 0.2883161111817644], [0.21568779945439895, 0.2889574858695868, 0.1879929148046373, 0.3073617998713767], [0.21919574790642854, 0.29028005987694944, 0.20551144385619088, 0.28501274836043106], [0.26818691128715366, 0.2786973050979188, 0.13962024887444455, 0.3134955347404831], [0.36398053243455675, 0.2543870489700258, 0.09131697640313372, 0.2903154421922836], [0.24668783156999896, 0.28652426531780895, 0.2178676855498016, 0.24892021756239047], [0.33468598038621006, 0.2521115419529782, 0.08424154326882677, 0.3289609343919848], [0.27141761503509704, 0.28212061420039697, 0.1014450500478011, 0.3450167207167048], [0.30603771592118056, 0.26867392880340146, 0.14761755565538748, 0.2776707996200304], [0.2815423283581893, 0.26686600212785955, 0.1528212570064917, 0.29877041250745934], [0.25932741714410096, 0.2934370480872331, 0.18963414509900817, 0.2576013896696574], [0.3413362372119457, 0.2579515374348709, 0.070019256792442, 0.33069296856074115], [0.3033893331003877, 0.27355812257853457, 0.08356111422602197, 0.33949143009505584], [0.276975411447302, 0.2730348453123887, 0.19545933507327481, 0.25453040816703465], [0.27230043033340695, 0.27332467570296615, 0.1301177629765182, 0.32425713098710884], [0.27360586044388535, 0.2908882090019476, 0.1551141899702029, 0.2803917405839643], [0.26950159887772895, 0.2739404263510399, 0.16048490554159783, 0.2960730692296332], [0.21115951392829138, 0.2832715302063266, 0.20197998845827234, 0.3035889674071095], [0.26516254539055145, 0.2852442162263714, 0.13775524767731132, 0.3118379907057659], [0.3861247053315482, 0.25762902634977924, 0.13784092515925578, 0.21840534315941693], [0.36356783087672395, 0.24693916863420134, 0.1026233419224254, 0.2868696585666492], [0.2522301441256412, 0.2830746514248613, 0.19072889452232206, 0.27396630992717547], [0.33353149587834197, 0.2748501550148218, 0.1155453840738824, 0.2760729650329539], [0.281709723821668, 0.2731346232045447, 0.11087656470037571, 0.33427908827341146], [0.2324770762951652, 0.2855157923518955, 0.19094325477331467, 0.2910638765796247], [0.30170071873243004, 0.2683571443792632, 0.0988790119948914, 0.3310631248934151], [0.25962327487124703, 0.28234733102918014, 0.0999049601089067, 0.35812443399066596], [0.25712446609346945, 0.28681423147286494, 0.11013104927012643, 0.3459302531635389], [0.1871840855815428, 0.3032982405550281, 0.16442386884646618, 0.3450938050169632], [0.24904693443585085, 0.2869833096908393, 0.18238582505697887, 0.2815839308163314], [0.21356500784805635, 0.3028242268067379, 0.19933083259172835, 0.2842799327534772], [0.29388976815175644, 0.28389043463743596, 0.08737012794651493, 0.33484966926429277], [0.16776060733534434, 0.3117617921953491, 0.2659642564027869, 0.2545133440665197], [0.20589683660648028, 0.2878798891688442, 0.20386901640146746, 0.30235425782320813], [0.27633340782511767, 0.2874454351875265, 0.11562409378227047, 0.3205970632050857], [0.3262279476241561, 0.27499977857547964, 0.14016308895792784, 0.2586091848424364], [0.27792518614473294, 0.2785048500785744, 0.14577522065493065, 0.29779474312176185], [0.2720504281455591, 0.28945829626217195, 0.15035844175534055, 0.2881328338369282], [0.3097267450585043, 0.2666594823146878, 0.1158649126277375, 0.3077488599990703], [0.29592039715777413, 0.26792860135055585, 0.13735221297837177, 0.298798788513298], [0.2652382616959716, 0.2754700003611942, 0.12479457771490204, 0.3344971602279319], [0.205276894743092, 0.2953565115590898, 0.19187765641957036, 0.30748893727824805], [0.28895194993377643, 0.27879864370732876, 0.09062780485801125, 0.34162160150088344], [0.16344533151280502, 0.3119998024241931, 0.2856075289334759, 0.23894733712952634], [0.23705304892945697, 0.28527722646327835, 0.15572959289661914, 0.3219401317106458], [0.21573819478902612, 0.3010068168244809, 0.19050637220865482, 0.29274861617783854], [0.3298773209832821, 0.27365653645911964, 0.10257330838433455, 0.2938928341732635], [0.24578272212503544, 0.2917302042556551, 0.19384438975605794, 0.2686426838632517], [0.28418852893555524, 0.27501062688552913, 0.12294988373872409, 0.3178509604401914], [0.32960611290357666, 0.26113895827481304, 0.08910259090145466, 0.3201523379201558], [0.23388531593326395, 0.29230762269053373, 0.101645830313766, 0.3721612310624363], [0.33320615020872585, 0.268078477478245, 0.14463162297991536, 0.25408374933311423], [0.22902338149827248, 0.2841215878663272, 0.18767022221119872, 0.29918480842420175], [0.22688011291766755, 0.2933388274787986, 0.20760221325445646, 0.27217884634907735], [0.2808216955246736, 0.27859980443148896, 0.16539166543251696, 0.2751868346113203], [0.23674716643979649, 0.28864928143576685, 0.12562609041204575, 0.34897746171239097], [0.2988753349710091, 0.276671909212588, 0.19044251716001387, 0.23401023865638887], [0.29771601429697675, 0.279416405434328, 0.11827964816818784, 0.30458793210050766], [0.27910978346465165, 0.2763951016737339, 0.13865419508079735, 0.3058409197808172], [0.19516982973928507, 0.29350522892069886, 0.20404070745352731, 0.3072842338864888], [0.1340809799854697, 0.31123938165833914, 0.23949006992195848, 0.3151895684342328], [0.33838432597289586, 0.27271844552050384, 0.11801214271193976, 0.2708850857946606], [0.29745690671111, 0.280229746409552, 0.15908843159982164, 0.26322491527951636], [0.2705031056542124, 0.27737493097809485, 0.1404164627042358, 0.3117055006634573], [0.2964229650902107, 0.2830207984073906, 0.12769401519164403, 0.29286222131075507], [0.27741943685357384, 0.29393281031608914, 0.08818092721615303, 0.340466825614184], [0.2661659317859918, 0.2709689237919481, 0.17867377043130978, 0.2841913739907501], [0.2672602034425106, 0.2851162818543903, 0.18192539073883726, 0.26569812396426185], [0.29132864694906024, 0.28048886096914866, 0.13192732894615966, 0.2962551631356316], [0.20931791414524664, 0.2927711923415396, 0.2178367168404755, 0.2800741766727385], [0.268700376547511, 0.286664428879449, 0.09967026607510363, 0.34496492849793625], [0.2745776061924094, 0.279787296318262, 0.11314833915563087, 0.33248675833369784], [0.20740385413930806, 0.29573843285979945, 0.18897873651362404, 0.3078789764872683], [0.26043391065043087, 0.2782943586234488, 0.14122609053615148, 0.320045640189969], [0.32619630923197096, 0.27103830841237836, 0.13090390148315628, 0.2718614808724947], [0.3062165193286328, 0.27392220796871, 0.12169653300962274, 0.2981647396930345], [0.19622573347815384, 0.2973835367178473, 0.22192134895865684, 0.28446938084534196], [0.36059236806931577, 0.2419899820071431, 0.06233687029867722, 0.3350807796248636], [0.2472995285417073, 0.2953562955555609, 0.18301433656779395, 0.27432983933493804], [0.21509549041960863, 0.3029368955627456, 0.15205796844125571, 0.32990964557639], [0.2828720196241787, 0.285981477980621, 0.1449212893069036, 0.28622521308829685], [0.2698611269537593, 0.2765323290515441, 0.11936672872544547, 0.33423981526925095], [0.20558295023418696, 0.2940304793534201, 0.20318631119738764, 0.29720025921500504], [0.2744090185974921, 0.2877460426252285, 0.08475455204339481, 0.3530903867338845], [0.271802256353629, 0.2794546713499297, 0.11411114706155781, 0.33463192523488344], [0.27891835215784816, 0.26870001051331666, 0.12050529152775845, 0.33187634580107683], [0.276351031249742, 0.2799533569963067, 0.11502250134043634, 0.32867311041351505], [0.3619047955109493, 0.25033839679443387, 0.07374304242685766, 0.3140137652677592], [0.3108845281701149, 0.2759479246652426, 0.1512950235352872, 0.2618725236293555], [0.2800292069528706, 0.282004718530407, 0.09847061686918761, 0.339495457647535], [0.305345770081102, 0.2677604210064629, 0.07171554103014403, 0.3551782678822911], [0.2554406062780395, 0.2779698130143626, 0.20989491085396386, 0.2566946698536345], [0.2833112052805459, 0.27584807954472257, 0.106034629869362, 0.3348060853053693], [0.29748268996733457, 0.27404740982293974, 0.11946153618311293, 0.30900836402661247], [0.211388568102573, 0.28866477219104064, 0.20976404209851643, 0.29018261760787006], [0.25951511508764463, 0.28360426163910984, 0.13166146537772577, 0.32521915789551975], [0.392216154989918, 0.24500488226805725, 0.07447459000829769, 0.2883043727337269], [0.30539277802213094, 0.27077973264229854, 0.09184122334305019, 0.33198626599252073], [0.27330686087710193, 0.28098672860951884, 0.11556018162357214, 0.33014622888980677], [0.22379803595247072, 0.2938949091807876, 0.2088697077721744, 0.2734373470945672], [0.24753350744472663, 0.2824348057229032, 0.1495883945370194, 0.3204432922953507], [0.41714083036447014, 0.2391637099272609, 0.06380961413067748, 0.27988584557759144], [0.232965977490713, 0.28727293067033405, 0.1621593789798877, 0.31760171285906547], [0.25377844109570047, 0.2923823863237978, 0.14049951599013172, 0.31333965659037016], [0.340942069039176, 0.26269482661635374, 0.08061701841470557, 0.3157460859297647], [0.3240386738487436, 0.27177549186488936, 0.09887134329571322, 0.3053144909906538], [0.1513747938905906, 0.3128567523651397, 0.2491403480212197, 0.2866281057230496], [0.2784362558113632, 0.28405891379371423, 0.13590410783255744, 0.30160072256236525], [0.26650014580404247, 0.2857691480492458, 0.12254428468691166, 0.3251864214598001], [0.3011934457527824, 0.2826827649110262, 0.09802486356385855, 0.318098925772333], [0.1613751119431741, 0.3123651548359217, 0.15465993573897632, 0.37159979748192784], [0.2335574566974712, 0.2918289800587795, 0.22552779626857428, 0.24908576697517495]]}}