{"test": {"ids": ["108118291", "106113360", "103113610", "112117790", "105119550", "102113981", "107119390", "100109330", "104114740", "108115880", "110118630", "112117030", "103113640", "111119930", "97110950", "101110200", "105115680", "98112300", "109119460", "100108080", "110118111", "104113240", "110117200", "98106880", "113121190", "112119930", "112120270", "106117650", "111119950", "112120540", "98106111", "109116750", "113119340", "112116900", "103110050", "110121140", "99111440", "108115500", "110115890", "101112201", "107120130", "108113700", "99111930", "101108621", "101108290", "100113370", "111119290", "113122430", "107121540", "110116441", "100116790", "110114651", "106114321", "107112840", "112116810", "107113170", "110118121", "110120640", "106118161", "105113480", "98109570", "107120260", "99108890", "103117200", "98108520", "99108710", "113117401", "103111110", "111116100", "112117660", "109115211", "99108080", "105113260", "102109840", "107114321", "111116170", "112120700", "104114240", "98107010", "109117150", "108113740", "107114280", "112120670", "109115220", "98116500", "109120150", "107118780", "108116070", "113120751", "102113210", "110115580", "109118701", "105117200", "112120290", "111119610", "112118890", "103120730", "98120530", "111120190", "113122190", "110117110", "103110100", "112118930", "111120220", "113119480", "113119320", "107120880", "98108580", "112120640", "108114360", "108117451", "112119610", "111115400", "106114150", "105113170", "106113830", "99107660", "113118630", "105117431", "97112830", "113122180", "113121010", "97107260", "101117580", "110114561", "113120260", "106114011", "107114200", "97107681", "106120640", "109117431", "111121930", "105115250", "100111390", "111121410", "111117000", "101113210", "111115620", "107116980", "110118450", "101110740", "101109370"], "labels": [3, 0, 2, 3, 1, 1, 2, 0, 2, 3, 1, 2, 1, 1, 3, 2, 2, 2, 1, 0, 1, 2, 3, 0, 1, 1, 0, 1, 0, 3, 0, 0, 0, 3, 3, 3, 3, 3, 2, 0, 2, 0, 1, 0, 0, 3, 3, 2, 2, 3, 2, 3, 2, 1, 3, 0, 3, 0, 3, 0, 1, 1, 0, 0, 2, 2, 3, 3, 3, 0, 0, 3, 3, 2, 0, 0, 2, 0, 3, 2, 3, 3, 2, 3, 2, 2, 1, 1, 1, 3, 1, 3, 3, 1, 2, 3, 1, 1, 3, 1, 0, 1, 1, 3, 3, 1, 1, 0, 0, 1, 2, 0, 0, 1, 0, 1, 3, 3, 1, 2, 2, 2, 2, 3, 0, 3, 1, 2, 3, 3, 1, 1, 2, 2, 0, 0, 3, 1, 3, 0, 3, 1], "predicted_labels": [0, 1, 1, 0, 1, 0, 1, 0, 2, 3, 3, 2, 0, 3, 0, 3, 1, 3, 3, 2, 0, 1, 0, 2, 0, 3, 3, 2, 0, 1, 2, 1, 0, 2, 3, 3, 0, 1, 1, 0, 1, 3, 1, 1, 1, 3, 3, 3, 2, 1, 1, 3, 0, 1, 2, 0, 3, 0, 1, 1, 0, 1, 1, 1, 1, 1, 1, 0, 1, 3, 3, 0, 1, 2, 0, 1, 3, 0, 3, 1, 0, 1, 2, 3, 0, 1, 1, 2, 0, 1, 0, 1, 3, 1, 3, 2, 1, 3, 3, 1, 1, 1, 0, 1, 3, 0, 3, 1, 0, 0, 0, 1, 3, 0, 3, 3, 0, 1, 2, 2, 1, 1, 2, 3, 0, 0, 1, 1, 3, 1, 0, 2, 0, 3, 0, 3, 3, 3, 1, 1, 0, 0], "confidence_scores": [[0.5668099368303473, 0.35006270446354804, 0.0009915339315774937, 0.08213582477452727], [0.070260253916707, 0.6431403679740395, 0.004075959065038949, 0.28252341904421463], [0.006418370240224312, 0.5603395872521291, 0.4045399382850097, 0.0287021042226369], [0.9316548487923516, 0.000835257739596479, 0.0019613622199177233, 0.06554853124813424], [0.11886387819462382, 0.43524534107473084, 0.21686635763768816, 0.22902442309295715], [0.7485955593107972, 0.03853404322912669, 0.06875518095265523, 0.14411521650742096], [0.0019018390559005572, 0.8926818521189323, 0.06678496309800093, 0.03863134572716641], [0.6081870795625941, 0.20909785675528264, 0.06274350276343539, 0.11997156091868791], [0.01463857878990966, 0.0808567246517063, 0.8713509835890535, 0.03315371296933056], [0.4295410590075073, 0.01844019771199705, 0.005400266452901231, 0.5466184768275945], [0.1239073131682981, 0.3274818730372934, 0.05689389439257428, 0.49171691940183426], [0.29878142726249846, 0.1241005748751837, 0.45042402441075674, 0.12669397345156105], [0.9358281419716267, 0.05374780457005158, 0.005275798583238863, 0.005148254875082854], [0.0250178040398617, 0.41584185367675214, 0.04065074711647809, 0.5184895951669081], [0.9603359685969957, 0.003447113691192837, 0.034411277464929245, 0.0018056402468821292], [0.007282364444399648, 0.17704686355112312, 0.017258117354510206, 0.798412654649967], [0.09852088481879025, 0.43772986514600354, 0.36360773143867736, 0.100141518596529], [0.10539512403457235, 0.03224314731742698, 0.08808564168926819, 0.7742760869587324], [0.040810526054385295, 0.04294369235086137, 0.009898799325658583, 0.9063469822690947], [0.02603282943172305, 0.40822901534588985, 0.4737975185797107, 0.09194063664267631], [0.48010983263371204, 0.06288357746322651, 0.16614724243162274, 0.2908593474714387], [0.013421632646287478, 0.9809777233393504, 0.0037257776302789467, 0.0018748663840830915], [0.6801708471646353, 0.1943128831620516, 0.011673880075768606, 0.11384238959754439], [0.07919568594098735, 0.1675729706180743, 0.677327474603511, 0.0759038688374274], [0.5591786356637449, 0.21557061237625474, 0.04943190927142375, 0.1758188426885765], [0.22972652434356497, 0.01771574508952943, 0.05368607815678873, 0.6988716524101168], [0.21250466084821001, 0.023148526223821658, 0.023128655526924096, 0.7412181574010442], [0.18124412796339004, 0.07767671007477742, 0.45032536582309085, 0.29075379613874175], [0.8945500494579828, 0.0503858368332735, 0.040577505624758536, 0.01448660808398502], [0.055157123242163535, 0.8953152845663436, 0.043300374825341124, 0.006227217366151656], [0.07178684916121833, 0.06253266496717133, 0.7505265560959088, 0.11515392977570157], [0.1280115275215762, 0.723683675949286, 0.07492438508648835, 0.07338041144264948], [0.5579535222995932, 0.3101190953691225, 0.011756466091369188, 0.12017091623991517], [0.2786716941756237, 0.21391409654471416, 0.3655857997208094, 0.1418284095588528], [0.0878781795088972, 0.3468260250388899, 0.12778966432506175, 0.4375061311271512], [0.3206886004302465, 0.21825591875778053, 0.021720087074783855, 0.439335393737189], [0.5447764951750819, 0.10680763279665047, 0.011987365262720635, 0.336428506765547], [0.12950414171490957, 0.7106495247859159, 0.12002775105182349, 0.03981858244735104], [0.14365602275997008, 0.830756224290692, 0.0251641049592244, 0.0004236479901135135], [0.8412735262729497, 0.0751866928303044, 0.0049079723325438475, 0.07863180856420209], [0.0007405846637468967, 0.9926578777049426, 0.0009804187186819417, 0.005621118912628567], [0.014475324554638071, 0.43084292055332796, 0.021578159936914813, 0.5331035949551192], [0.08156106752964848, 0.7877399371611901, 0.10231842520879975, 0.028380570100361668], [0.26129280027733626, 0.5492034480458052, 0.0406384342994212, 0.14886531737743738], [0.12134610475641279, 0.6636563356038867, 0.05890081005998477, 0.1560967495797159], [0.054458131613894865, 0.28963327887754786, 0.1075646022576303, 0.5483439872509269], [0.09478330996543605, 0.05609672700554073, 0.012631651546833272, 0.8364883114821899], [0.20801608546011163, 0.2835122703475023, 0.18361271645632712, 0.3248589277360589], [0.06136656390556513, 0.3721685558462918, 0.3792874192661001, 0.18717746098204294], [0.017436750051500215, 0.8721017383012067, 0.03372202250360845, 0.07673948914368453], [0.008288211902710832, 0.5366008380776995, 0.3486158575433408, 0.10649509247624887], [0.03642243360445607, 0.003902471037417273, 0.008308204754552897, 0.9513668906035737], [0.47279482145156193, 0.4580602766992634, 0.015690177242346653, 0.0534547246068279], [0.0010088449850584498, 0.9619355668523255, 0.020128750896179, 0.016926837266436894], [0.3787550337282568, 0.13807078634333284, 0.45065246812268295, 0.03252171180572745], [0.5178383573376927, 0.15358262714975973, 0.09759226153604111, 0.2309867539765065], [0.02767755468142464, 0.28360632231589655, 0.011182613772053282, 0.6775335092306255], [0.8583757339439234, 0.02400051223530542, 0.01457303958367396, 0.10305071423709722], [0.27794292384384073, 0.6329485933647505, 0.013490312622698529, 0.07561817016871016], [0.014955754686726682, 0.48099240886431605, 0.44825073183096736, 0.055801104617989976], [0.8011672524266938, 0.14826091658565263, 0.004064384671322131, 0.04650744631633146], [0.3481589622296805, 0.3612238954671836, 0.12880137676783227, 0.1618157655353035], [0.0027234975359008364, 0.971245636780586, 0.013929161447330349, 0.012101704236182804], [0.03343992782392474, 0.9035841137454397, 0.03985865797030328, 0.02311730046033208], [0.016105832009961008, 0.6684317931459397, 0.2920952476141454, 0.023367127229953745], [0.025761057518836446, 0.9487566788530164, 0.02362952377340824, 0.0018527398547389864], [0.010721148785822213, 0.5422004727901587, 0.006114438579739269, 0.4409639398442798], [0.88126286850224, 0.0318973318425771, 0.011760339977240648, 0.07507945967794243], [0.07829417228111814, 0.8677193277422419, 0.013592667083997013, 0.04039383289264312], [0.1763135358705178, 0.06457338481104805, 0.009056472515762349, 0.7500566068026718], [0.008601402524726633, 0.05386980660935594, 0.006602162751877376, 0.93092662811404], [0.8980244356731285, 0.07371944131235642, 0.005490497650733932, 0.022765625363781284], [0.07654373155840392, 0.5826288264436813, 0.12752745588366218, 0.21329998611425258], [0.08834347738362568, 0.07598928229588471, 0.6308049991999044, 0.20486224112058518], [0.6996883347498928, 0.14161784841267472, 0.025263892758156336, 0.13342992407927615], [0.025304322055811505, 0.952342356447419, 0.007418213624325084, 0.014935107872444384], [0.07418527997514293, 0.3619907017341189, 0.053737054450319066, 0.5100869638404192], [0.5369366005395972, 0.02373177557951587, 0.19325964047755254, 0.2460719834033344], [0.027400670063921332, 0.09127316810051414, 0.046191032366143185, 0.8351351294694214], [0.004253370030361021, 0.9588439519204257, 0.013980703306625356, 0.02292197474258779], [0.8563927644127708, 0.05766336995419441, 0.005849256817476565, 0.08009460881555831], [0.028596591557554764, 0.4801536519983162, 0.455186824384536, 0.03606293205959307], [0.2663543849227587, 0.17580752476456654, 0.4658335883939873, 0.09200450191868739], [0.09288764648877572, 0.16368413140629534, 0.017486070591788607, 0.7259421515131403], [0.8269480632497527, 0.003043528873842727, 0.032285421768922865, 0.1377229861074818], [0.10926756758388784, 0.4595397120597955, 0.36994236748635473, 0.061250352869961985], [0.028344058405668157, 0.9463037398999729, 0.014196570897176382, 0.01115563079718257], [0.3312471931728324, 0.04976499828026993, 0.5260595790229596, 0.09292822952393799], [0.596197625062862, 0.01309334986550216, 0.015262409328077575, 0.37544661574355837], [0.00913873635104997, 0.6912014399477694, 0.025312343038896387, 0.27434748066228415], [0.4763507327759013, 0.17925656860196085, 0.22490492338462845, 0.11948777523750927], [0.11728090975930267, 0.7208070915751208, 0.05184831730545478, 0.1100636813601218], [0.044028081435582546, 0.2658133632387629, 0.018391297161326346, 0.6717672581643283], [0.06836188341966873, 0.9042132630438592, 0.003343262869312749, 0.024081590667159383], [0.39045349202800944, 0.10293648049313467, 0.09339546003174387, 0.41321456744711194], [0.14012233523098525, 0.07958471214866199, 0.6491766115738169, 0.13111634104653588], [0.11855095180265028, 0.8149318653887467, 0.05530332359083846, 0.011213859217764527], [0.266290208809094, 0.17314906317965337, 0.1554715828524777, 0.4050891451587749], [0.3631121262065712, 0.030749649365120504, 0.013055316720347744, 0.5930829077079607], [0.004637458081018079, 0.7273680107562822, 0.03795744503881744, 0.23003708612388216], [0.014859754402759752, 0.9420187461323835, 0.015600419146987595, 0.027521080317869196], [0.17949577471651976, 0.4509903827806363, 0.27797796502024247, 0.09153587748260157], [0.4444410665618827, 0.1236195194352782, 0.2172733309208162, 0.21466608308202284], [0.32624143406031325, 0.3408280043799851, 0.12414228104448842, 0.2087882805152132], [0.25758215513357136, 0.014216624002963644, 0.0046701868139948565, 0.7235310340494701], [0.5120709134788769, 0.4159205998449745, 0.02264175697300891, 0.049366729703139524], [0.03391500557350541, 0.10196304753573873, 0.02676198199792537, 0.8373599648928304], [0.07135297848399216, 0.7455645667098582, 0.13458650768700875, 0.048495947119141], [0.9415123148565044, 0.024267117451371393, 0.014306791414550464, 0.019913776277573715], [0.5827959843230713, 0.3210006082792592, 0.05184284373413824, 0.04436056366353134], [0.6496002102289189, 0.03441836963529331, 0.15588011150184125, 0.16010130863394642], [0.005352270369726282, 0.6183376183874982, 0.3254768107851192, 0.05083330045765621], [0.17554157434155698, 0.26870783353906513, 0.04062401131891572, 0.5151265808004623], [0.4423726690840146, 0.11352852470858409, 0.27880235612992643, 0.1652964500774749], [0.021988011631469115, 0.07497663151851092, 0.022315851217079703, 0.8807195056329402], [0.11341568896546443, 0.28469095301965697, 0.04541157141915097, 0.5564817865957277], [0.5271831393408912, 0.44087722179015415, 0.01966184614440631, 0.012277792724548358], [0.008720432345610648, 0.8652217873360274, 0.03855923258942056, 0.0874985477289413], [0.04420221551487623, 0.15836731899178746, 0.527985339489207, 0.26944512600412923], [0.024636012218699654, 0.06182598835729514, 0.466631816256649, 0.44690618316735636], [0.001969584484692966, 0.833946698529193, 0.0408233419270206, 0.12326037505909328], [0.004698931452915272, 0.9182142994209628, 0.037713869892775934, 0.03937289923334615], [0.0682536252974524, 0.16713103506603336, 0.7527613666401323, 0.01185397299638202], [0.12343141417614255, 0.06280391846388561, 0.08232114397331033, 0.7314435233866615], [0.37119166217109856, 0.24337458314701596, 0.1291824840954724, 0.256251270586413], [0.6436669044977503, 0.03633723285281746, 0.15380684631707311, 0.1661890163323591], [0.22598595846890016, 0.6719896286472361, 0.06423021700912215, 0.0377941958747414], [0.15429168565164628, 0.7188768521648022, 0.033713715671646376, 0.09311774651190512], [0.21734185649540044, 0.2257112749788831, 0.003289316420494564, 0.5536575521052218], [0.003289381156814206, 0.8687456768234626, 0.023544604605104293, 0.10442033741461883], [0.5454523608574997, 0.1365628044293236, 0.0021206124171089477, 0.31586422229606786], [0.04171268138868389, 0.060868863242825685, 0.8403569647180729, 0.057061490650417504], [0.4738211407589965, 0.04432800971080245, 0.09411702378810338, 0.3877338257420977], [0.12425298254439307, 0.03535027682724638, 0.16445815476896278, 0.6759385858593978], [0.849827129242513, 0.1212548260486071, 0.014811596255649536, 0.014106448453230263], [0.07823013850707027, 0.05090875079586775, 0.008714346770836897, 0.8621467639262251], [0.07636879578992402, 0.07052225647269776, 0.3725405560951003, 0.48056839164227805], [0.24133015439826516, 0.09746825225785657, 0.3146184920405846, 0.3465831013032937], [0.3037145404745453, 0.6193996947974704, 0.005090159434909413, 0.07179560529307481], [0.033850563528032146, 0.9470490882818637, 0.018381275397591594, 0.000719072792512541], [0.3439213702623452, 0.3130961584466437, 0.16708473940577676, 0.17589773188523447], [0.4884336791265234, 0.36439825752203747, 0.13842304842574207, 0.008745014925697141]]}, "rewritten": {"ids": ["97107260", "97107681", "97110950", "97112830", "98106111", "98106880", "98107010", "98108520", "98108580", "98109570", "98112300", "98116500", "98120530", "99107660", "99108080", "99108710", "99108890", "99111440", "99111930", "100108080", "100109330", "100111390", "100113370", "100116790", "101108290", "101108621", "101109370", "101110200", "101110740", "101112201", "101113210", "101117580", "102109840", "102113210", "102113981", "103110050", "103110100", "103111110", "103113610", "103113640", "103117200", "103120730", "104113240", "104114240", "104114740", "105113170", "105113260", "105113480", "105115250", "105115680", "105117200", "105117431", "105119550", "106113360", "106113830", "106114011", "106114150", "106114321", "106117650", "106118161", "106120640", "107112840", "107113170", "107114200", "107114280", "107114321", "107116980", "107118780", "107119390", "107120130", "107120260", "107120880", "107121540", "108113700", "108113740", "108114360", "108115500", "108115880", "108116070", "108117451", "108118291", "109115211", "109115220", "109116750", "109117150", "109117431", "109118701", "109119460", "109120150", "110114561", "110114651", "110115580", "110115890", "110116441", "110117110", "110117200", "110118111", "110118121", "110118450", "110118630", "110120640", "110121140", "111115400", "111115620", "111116100", "111116170", "111117000", "111119290", "111119610", "111119930", "111119950", "111120190", "111120220", "111121410", "111121930", "112116810", "112116900", "112117030", "112117660", "112117790", "112118890", "112118930", "112119610", "112119930", "112120270", "112120290", "112120540", "112120640", "112120670", "112120700", "113117401", "113118630", "113119320", "113119340", "113119480", "113120260", "113120751", "113121010", "113121190", "113122180", "113122190", "113122430"], "labels": [2, 3, 3, 2, 0, 0, 3, 2, 0, 1, 2, 2, 1, 3, 3, 2, 0, 3, 1, 0, 0, 2, 3, 2, 0, 0, 1, 2, 3, 0, 3, 3, 2, 3, 1, 3, 1, 3, 2, 1, 0, 1, 2, 0, 2, 0, 3, 0, 2, 2, 3, 1, 1, 0, 1, 1, 1, 2, 1, 3, 3, 1, 0, 2, 3, 0, 3, 1, 2, 2, 1, 1, 2, 0, 3, 1, 3, 3, 1, 2, 3, 0, 3, 0, 2, 1, 3, 1, 2, 0, 3, 1, 2, 3, 0, 3, 1, 3, 0, 1, 0, 3, 0, 1, 3, 0, 0, 3, 2, 1, 0, 3, 3, 0, 1, 3, 3, 2, 0, 3, 3, 1, 0, 1, 0, 1, 3, 0, 2, 2, 3, 3, 1, 0, 3, 3, 1, 2, 1, 2, 1, 2], "predicted_labels": [2, 0, 0, 0, 3, 0, 0, 1, 0, 3, 3, 3, 0, 0, 0, 1, 1, 0, 1, 1, 1, 3, 3, 2, 0, 1, 1, 3, 1, 0, 2, 3, 3, 3, 1, 1, 1, 1, 1, 0, 1, 1, 1, 3, 2, 3, 0, 1, 2, 2, 3, 1, 1, 1, 1, 1, 0, 0, 2, 0, 1, 1, 3, 1, 1, 0, 0, 1, 2, 1, 3, 3, 3, 3, 0, 1, 0, 0, 1, 3, 0, 0, 3, 1, 1, 3, 1, 0, 2, 0, 3, 3, 3, 1, 1, 1, 3, 3, 1, 0, 0, 1, 2, 3, 1, 0, 1, 0, 3, 3, 0, 3, 1, 0, 2, 3, 1, 3, 1, 0, 2, 2, 1, 1, 3, 1, 0, 0, 1, 1, 1, 3, 1, 1, 1, 0, 3, 1, 0, 3, 1, 1], "confidence_scores": [[0.10949485275584156, 0.05439458355682185, 0.7898039055597396, 0.04630665812759697], [0.7395761708090715, 0.011195489350575795, 0.02382031556096958, 0.22540802427938322], [0.9844206491106136, 0.004591595749105412, 0.008247695386685615, 0.0027400597535953398], [0.32424495076650617, 0.289489974667813, 0.1665713940301768, 0.219693680535504], [0.258808051192471, 0.008595816593253687, 0.038831823679948294, 0.693764308534327], [0.9296091832841182, 0.012434997502341286, 0.03007731851862318, 0.027878500694917405], [0.6414560568240217, 0.2597802027618949, 0.0899045947773208, 0.008859145636762654], [0.004644301570257034, 0.49909926837261565, 0.4662659605792726, 0.029990469477854602], [0.6008481576099003, 0.3440756510215898, 0.017141079590430167, 0.03793511177807975], [0.07411720027798652, 0.05898335853737372, 0.00033152321505389946, 0.8665679179695858], [0.06727931938630512, 0.009887091454562902, 0.008035480228825382, 0.9147981089303066], [0.2654712053422476, 0.31534341841660535, 0.07040971608725356, 0.3487756601538935], [0.4017379317579171, 0.062260018695477905, 0.23884179521350934, 0.2971602543330956], [0.7338882276064594, 0.14627188818275796, 0.08711938881837158, 0.032720495392411], [0.9867498317055509, 0.0023303266575839315, 0.005130996279329367, 0.005788845357535851], [0.00674862531162751, 0.9725211378495109, 0.019562600263731876, 0.0011676365751298898], [0.0026704889761092624, 0.9573496939248295, 0.010086284929244835, 0.029893532169816352], [0.8247097880030192, 0.1006410165827809, 0.04344733738004041, 0.03120185803415945], [0.02488869361944814, 0.7058674438994358, 0.021155813633799023, 0.24808804884731714], [0.2903107541842214, 0.5228268663261857, 0.013066616747517074, 0.17379576274207587], [0.4554288663428033, 0.5096520274006071, 0.017175475659852245, 0.017743630596737423], [0.019069527510752617, 0.14291772158844476, 0.06271983466769293, 0.7752929162331097], [0.02952956561881891, 0.05528769781206279, 0.08750330499885488, 0.8276794315702634], [0.07651069622104009, 0.012636360321514845, 0.8889262747642986, 0.021926668693146353], [0.6533854659499237, 0.15296440302948427, 0.05349586492472394, 0.14015426609586806], [0.19217349730411795, 0.797938704906473, 0.00039507901643026086, 0.009492718772978864], [0.11611053640549555, 0.5101494436131973, 0.348298583618753, 0.0254414363625541], [0.007519052454580318, 0.028428343787281946, 0.013211871030309788, 0.9508407327278279], [0.25399856403910065, 0.6615712051507949, 0.057442046681458234, 0.026988184128646057], [0.932096787532954, 0.033350710288543715, 0.0027356967389383664, 0.0318168054395639], [0.05232886468546168, 0.008935197933630016, 0.48344405192163054, 0.45529188545927785], [0.00023512148314752706, 0.013541601011952242, 0.047824355046883295, 0.938398922458017], [0.030562479503908432, 0.027614426222149022, 0.10621901683771749, 0.8356040774362251], [0.15556927541941515, 0.10049200182669267, 0.3281604549169507, 0.4157782678369416], [0.39893353141635873, 0.4085175705807641, 0.13646177265502157, 0.05608712534785552], [0.17808512539277752, 0.3848720059135368, 0.0658574145176332, 0.37118545417605253], [0.18378210401713221, 0.6468159348757411, 0.0764754709519952, 0.09292649015513141], [0.03552467344124887, 0.9632069578124776, 0.001073110128454288, 0.00019525861781940614], [0.06104820575708722, 0.5408035042437134, 0.17815981552306195, 0.21998847447613742], [0.9750962836106195, 0.017005182866104165, 0.005260480555078663, 0.0026380529681975812], [0.00010718831927965613, 0.9701767543627035, 0.008210146812656898, 0.021505910505360066], [0.013825145451957852, 0.7185768044615419, 0.07786049611303586, 0.18973755397346417], [0.3117552673829543, 0.5824256474764219, 0.1014928492404959, 0.004326235900127941], [0.10072727394412055, 0.09977634268429528, 0.013778651411296949, 0.7857177319602872], [0.0986032804481783, 0.10408966157433582, 0.7700399365609081, 0.027267121416577743], [0.010190760749719889, 0.008183468600124703, 0.004870646916077216, 0.9767551237340782], [0.686424705932382, 0.14703673807265533, 0.04965451859855029, 0.11688403739641245], [0.0067971733869377285, 0.9501638459068018, 0.005847105789153984, 0.03719187491710623], [0.1761906271643279, 0.10122061468771512, 0.3812858113338913, 0.34130294681406564], [0.009820780202225947, 0.19947076408483008, 0.4894759662653825, 0.30123248944756154], [0.4496575261917888, 0.031079795858482417, 0.026980196029601115, 0.4922824819201276], [0.005347046946298188, 0.46052537493946494, 0.41470247993119835, 0.11942509818303854], [0.002283109757274042, 0.8286620896619088, 0.012895847642147467, 0.15615895293866983], [0.37092206851195597, 0.5757924269816426, 0.001706731790740354, 0.05157877271566114], [0.260899483914433, 0.6938775423970709, 0.0030761312922655167, 0.04214684239623052], [0.059831967553322894, 0.9161258150098763, 0.00208981811355568, 0.021952399323245036], [0.8579342439835619, 0.01088368116928275, 0.08823997690213392, 0.042942097945021414], [0.8860833051563991, 0.020279024754355415, 0.003948838877394979, 0.0896888312118505], [0.009846982347821224, 0.09776346587643288, 0.888008192071645, 0.004381359704100837], [0.6871210625410797, 0.15179929148656965, 0.043228382965654684, 0.11785126300669596], [0.00182441639307895, 0.9839373495016007, 0.01339314472287531, 0.0008450893824452308], [0.004773345353607145, 0.9771738560521664, 0.01232700833947402, 0.005725790254752416], [0.3685323579995651, 0.07863544806222156, 0.06500916291608778, 0.4878230310221256], [0.34240093366394375, 0.3456899529145734, 0.07831249069357056, 0.2335966227279122], [0.0071785118587816025, 0.912186804525036, 0.06987600684029294, 0.010758676775889462], [0.9376027203317472, 0.05590260571898286, 0.0016223582969619862, 0.004872315652308057], [0.8157930731079106, 0.05608433164431021, 0.005514442447179707, 0.12260815280059943], [0.0633422167387862, 0.8354602208349725, 0.004568865551070755, 0.09662869687517048], [0.01170981307162491, 0.41547436491173284, 0.5394723650185528, 0.03334345699808936], [0.1343762844065431, 0.4363396581872923, 0.04249509583008085, 0.3867889615760836], [0.16107123771181164, 0.0551623748295241, 0.12281706620717485, 0.6609493212514894], [0.19253138037836465, 0.1201823631679889, 0.1280580661638255, 0.5592281902898211], [0.05509069810594439, 0.3091853847041212, 0.022594033721837103, 0.6131298834680973], [0.0009987992200544472, 0.18224679211603384, 0.01488480147558437, 0.8018696071883273], [0.8966586105070002, 0.0593936024541663, 0.009898760397423255, 0.03404902664141044], [0.007877460202511084, 0.9612052647170062, 0.024152056517587537, 0.006765218562895208], [0.672837573919092, 0.268582756407398, 0.03204761385758255, 0.026532055815927418], [0.4852560443190739, 0.26424319081067993, 0.15352185741491176, 0.09697890745533443], [0.09508155976393856, 0.8584325193236871, 0.011552747645155332, 0.034933173267218974], [0.0860425550363446, 0.20100019372966202, 0.004662363758523249, 0.7082948874754701], [0.5023534884860239, 0.43159471521252873, 0.0003823311677218121, 0.06566946513372558], [0.7531437692682982, 0.16226363834405713, 0.042238731428472724, 0.0423538609591719], [0.06608802613975581, 0.036840522140760036, 0.01572234302791193, 0.8813491086915721], [0.0026359344781508877, 0.7099849566617162, 0.2869719914983987, 0.0004071173617340384], [0.001365786658241259, 0.97747564856405, 0.02004984155482003, 0.0011087232228888725], [0.11802250471845645, 0.39838132391466125, 0.018596248664145106, 0.4649999227027374], [0.0013167275656601855, 0.9900623335659946, 0.001276959014783125, 0.007343979853562088], [0.5331812885298015, 0.06656811831416028, 0.09037817784152576, 0.3098724153145125], [0.13738642230732778, 0.04285186101913569, 0.44863259419046686, 0.3711291224830697], [0.9263487739653473, 0.003910361623365078, 0.05693335780023726, 0.012807506611050457], [0.0607927254985698, 0.00041456995648430197, 0.11483906753074222, 0.8239536370142037], [0.04295624714126568, 0.3824503228309551, 0.048091942263539425, 0.5265014877642398], [0.05906290268709534, 0.26692575766512316, 0.03870772539445707, 0.6353036142533244], [0.0053874155915191735, 0.55589003451129, 0.01880529606978567, 0.41991725382740513], [0.01385506056451116, 0.8549234062696585, 0.12375154440228803, 0.00746998876354238], [0.0018074262450099327, 0.966012958414923, 0.012689829809633535, 0.019489785530433387], [0.025194868387407404, 0.38060513661487555, 0.01261777629965941, 0.5815822186980576], [0.22839011501749978, 0.017784568914541193, 0.002044855499450715, 0.7517804605685082], [0.0021836956270388495, 0.996674450022638, 0.0009038775199963864, 0.00023797683032682546], [0.8490473608661797, 0.10700068770385, 0.001932765687223343, 0.042019185742746955], [0.6443336595304754, 0.04074138553816232, 0.09900770320202068, 0.21591725172934154], [0.171227943222242, 0.4275007039599834, 0.19611741151118928, 0.20515394130658526], [0.1815927034376114, 0.004508060284908579, 0.6250096522012645, 0.18888958407621556], [0.0012594250554246798, 0.035364298504092936, 0.13068185314207637, 0.8326944232984059], [0.0882316286042211, 0.6705871157440352, 0.002459142409084723, 0.2387221132426591], [0.45128848685295453, 0.40695653249551345, 0.09133099625161198, 0.05042398439992003], [0.0030272753979278576, 0.5903959100402076, 0.3296776815959391, 0.07689913296592554], [0.5686597137941161, 0.018109952919123894, 0.16823330175791526, 0.24499703152884483], [0.025097380684350915, 0.11044332417968508, 0.41320388974293204, 0.45125540539303205], [0.0010827518010069709, 0.3947070016809206, 0.014441110934183122, 0.5897691355838893], [0.9316887861088871, 0.008717765220217348, 0.048554630414106834, 0.011038818256788846], [0.39404489607367743, 0.005765877992579451, 0.007860715342848136, 0.592328510590895], [0.0314961362875457, 0.8715686534074703, 0.024900909161799288, 0.07203430114318476], [0.765299182173384, 0.2058433722697603, 0.0064224949681156865, 0.022434950588740097], [0.25347030921928176, 0.30217897783581443, 0.39126382190465914, 0.05308689104024461], [0.2569696856129688, 0.010806139658932427, 0.21020356640078003, 0.5220206083273187], [0.08135341554627794, 0.708548101830275, 0.15540808862449687, 0.05469039399895038], [0.03494477074044875, 0.14028030369876907, 0.2555773892307766, 0.5691975363300056], [0.07449722031124426, 0.9218631686135027, 0.0018980743977186415, 0.0017415366775342285], [0.860925141908485, 0.005194483391153547, 9.91178491371055e-05, 0.13378125685122436], [0.2675554065409127, 0.2796565564076685, 0.28807300041533973, 0.1647150366360791], [0.01762274535980446, 0.014902635158701277, 0.8794482638672583, 0.08802635561423615], [0.06932851036303624, 0.43008275482699654, 0.29571200573431144, 0.2048767290756557], [0.14754408000689992, 0.5193972361042787, 0.03855505807903384, 0.2945036258097876], [0.012630469980163213, 0.39102756476915895, 0.028875107832435604, 0.5674668574182422], [0.024312027313041253, 0.8077784141507768, 0.1300885852261243, 0.03782097331005748], [0.8459914612786786, 0.14219454176127097, 0.004037782395046359, 0.007776214565004163], [0.937069371851885, 0.03501834166081911, 0.016860496145145575, 0.011051790342150442], [0.013720467406305373, 0.8782398313942844, 0.013118812124705692, 0.0949208890747046], [0.006321208804141112, 0.9256417091126438, 0.05474551186033501, 0.01329157022288025], [0.06849538642326515, 0.4711017841669463, 0.00902602485147775, 0.4513768045583107], [0.056224203288759836, 0.016037164514003048, 0.10072118340665974, 0.8270174487905774], [0.00950623993954088, 0.8060050744634533, 0.008689718235530235, 0.17579896736147568], [0.06393094947004256, 0.887138719350885, 0.0012915806806569426, 0.047638750498415615], [0.34517248910595494, 0.5485639495306847, 0.06286900924597524, 0.043394552117385216], [0.6848243442901065, 0.01310828718216974, 0.13784903308096783, 0.16421833544675593], [0.023507603285360765, 0.10852746548828536, 0.013488377349875763, 0.8544765538764781], [0.002328353992665832, 0.7598251396784933, 0.02535622434881249, 0.21249028198002834], [0.7886755094776853, 0.18461002026303325, 0.01798269675119951, 0.008731773508081896], [0.001929213222330899, 0.2236361029268274, 0.010829172149474278, 0.7636055117013675], [0.05673946908159306, 0.6950342433978012, 0.15404512614132093, 0.09418116137928491], [0.028739482661417872, 0.8133790861740304, 0.10016696126724857, 0.05771446989730328]]}}