{"test": {"ids": ["102110240", "112117790", "103113610", "111115910", "107116501", "97108520", "109119591", "109117431", "98108520", "112120270", "99107300", "100115700", "103110840", "110114720", "104111711", "105121190", "109119340", "108116501", "100111380", "113122650", "100109360", "106114150", "99109141", "101108121", "109119010", "104111620", "109117630", "104118070", "100107920", "103110220", "113119700", "108115870", "113120751", "98109090", "113122510", "102114270", "109116170", "100108490", "97106000", "97107821", "102109850", "101119591", "113120531", "104114740", "99108460", "104117630", "112118930", "99112840", "104109311", "111114171", "99105921", "112118530", "111120531", "98106880", "103120730", "103111990", "105113330", "107118490", "103117461", "111120540", "107119390", "112119930", "111116100", "109120150", "97110950", "105110091", "112117780", "97107920", "110118630", "113118490", "113122320", "107118520", "111115770", "99112300", "112118511", "110117870", "107119130", "105115380", "99109740", "108116481", "102110050", "110115580", "111116090", "102110850", "105112130", "107118780", "113119950", "110117500", "112119320", "111120190", "107121700", "109119460", "106114880", "101111310", "111119430", "112118550", "113118111", "104111780", "110115710", "112118890", "106121220", "110117200", "102112030", "110120531", "112121410", "110115140", "107113360", "112118880", "112117571", "112116290", "104111531", "103111170", "98112300", "104113240", "105113480", "106118301", "107114140", "112120700", "98116500", "109115380", "98111670", "97106970", "110119300", "112119500", "113120070", "108119330", "100108990", "101111210", "104113550", "99109860", "110119891", "109119450", "110118181", "108114220", "107113260", "98110680", "102107961", "113118421", "110121170", "97112830", "105113260", "113120601"], "labels": [3, 3, 2, 2, 1, 2, 0, 1, 2, 0, 3, 1, 1, 3, 1, 2, 3, 0, 3, 2, 0, 1, 3, 0, 3, 0, 0, 2, 0, 2, 0, 3, 1, 1, 2, 3, 0, 2, 0, 2, 1, 0, 0, 2, 0, 0, 1, 2, 3, 3, 1, 1, 0, 0, 1, 2, 3, 2, 0, 1, 2, 1, 3, 2, 3, 0, 0, 0, 1, 1, 1, 2, 3, 0, 1, 3, 1, 1, 3, 0, 3, 1, 3, 3, 1, 1, 0, 1, 1, 3, 3, 1, 0, 3, 3, 3, 1, 3, 2, 3, 1, 3, 2, 0, 0, 0, 0, 1, 3, 0, 0, 2, 2, 2, 0, 1, 2, 2, 2, 3, 1, 2, 1, 2, 2, 0, 2, 2, 1, 2, 3, 3, 1, 3, 0, 2, 3, 3, 2, 2, 3, 2], "predicted_labels": [0, 3, 2, 1, 3, 1, 1, 0, 1, 0, 0, 1, 1, 1, 3, 1, 3, 3, 3, 2, 3, 0, 0, 0, 3, 0, 3, 3, 0, 1, 1, 3, 0, 3, 2, 3, 0, 2, 2, 2, 3, 3, 3, 3, 3, 1, 3, 2, 0, 1, 1, 0, 0, 1, 3, 1, 1, 2, 1, 0, 1, 3, 1, 2, 0, 0, 3, 0, 1, 3, 3, 0, 0, 3, 1, 3, 3, 2, 1, 1, 3, 1, 0, 1, 1, 1, 3, 0, 3, 3, 1, 1, 2, 0, 3, 0, 3, 1, 1, 2, 3, 0, 0, 0, 0, 0, 1, 3, 3, 2, 1, 3, 3, 1, 2, 1, 3, 3, 3, 1, 3, 2, 3, 2, 3, 3, 1, 3, 3, 1, 1, 2, 0, 1, 3, 2, 3, 3, 3, 3, 1, 2], "confidence_scores": [[0.8349843890151615, 0.013540516697872861, 0.11638650392392684, 0.03508859036303889], [0.3365420543191963, 1.047869834530501e-05, 0.00010012767377499984, 0.6633473393086834], [0.21605642321261212, 0.28066903404557103, 0.46244352622656365, 0.04083101651525318], [0.00023668058776682077, 0.9978341832359926, 0.0001648459528974626, 0.0017642902233430892], [0.013377453095702586, 0.3170544129796374, 8.276199031688757e-05, 0.6694853719343432], [0.00337373025252308, 0.9533780314887997, 0.004318492499223454, 0.03892974575945378], [0.028617226749610914, 0.9589166208077693, 0.011995239346462145, 0.00047091309615782226], [0.981176749242221, 0.0001350452229931147, 0.0004843134673701195, 0.018203892067415798], [0.015340447158844582, 0.9674622834823811, 0.016995080527876318, 0.00020218883089805968], [0.9941289627392471, 0.0012937106320090683, 0.0012426670056633758, 0.0033346596230802565], [0.9554999343554165, 0.006780654831048233, 0.0007535282671040307, 0.036965882546431024], [0.21586331970780184, 0.4312937483940268, 0.16293535680143803, 0.18990757509673342], [0.00385525428504362, 0.9466041965050312, 0.02554069259316369, 0.023999856616761326], [0.002335243572546114, 0.6605254629911353, 0.2260177990308505, 0.11112149440546812], [0.13994784856040923, 0.2761091111411163, 0.021121937626042326, 0.5628211026724321], [0.0024018330762667134, 0.5189659584916135, 0.40549966404774174, 0.07313254438437793], [0.000489198470160597, 0.0013077068240814381, 9.829730964261245e-05, 0.9981047973961152], [0.004551378248081355, 0.20154557624634126, 0.01962697005844855, 0.7742760754471288], [0.1786396955593451, 0.0022266833063250627, 0.07695238142519306, 0.7421812397091369], [0.006978201667618394, 0.014003043263220447, 0.9301729604140313, 0.048845794655129775], [0.030654252031842764, 0.0036597907403434888, 0.00018730778399681885, 0.965498649443817], [0.41245902777090565, 0.2896688084123121, 0.06046641074199121, 0.237405753074791], [0.5566008780359436, 0.22038337925976262, 0.0021474985755051464, 0.2208682441287886], [0.9179771704545051, 0.0005096290092959988, 4.727497299395201e-05, 0.08146592556320485], [0.011976092044585563, 0.0851740266181853, 0.3074849388903713, 0.5953649424468578], [0.4809185101489249, 0.4586536526704455, 0.03384884845455468, 0.026578988726074913], [0.1732913970715461, 0.03724688970228969, 0.023003005099539647, 0.7664587081266246], [1.6247194293672474e-06, 2.284698922590573e-06, 6.901550767142855e-05, 0.9999270750739767], [0.6851686476655167, 0.012141778365589875, 0.001798231635091899, 0.30089134233380166], [7.79073998999634e-05, 0.8456131010052209, 0.1537207233416634, 0.0005882682532157041], [0.07948025604521067, 0.8578432605981439, 0.03530946619995392, 0.027367017156691476], [0.0064212565419471575, 1.2651062087143144e-05, 0.0010058863885042233, 0.9925602060074614], [0.9832257946358645, 0.00022556277568764254, 0.00011708827278030071, 0.016431554315667497], [0.35033876845848644, 0.060308414910262384, 0.1927570624660378, 0.3965957541652134], [0.005926831201511202, 0.1272815220509898, 0.4395228180827561, 0.4272688286647427], [5.2461529932384356e-05, 0.31060529546934346, 0.004733783584775509, 0.6846084594159486], [0.6208070047379175, 0.24171856339893996, 0.0022094864047037675, 0.13526494545843862], [0.0017684702585965726, 0.10524654861875782, 0.8881005775803394, 0.0048844035423062605], [0.0035933274458557767, 0.1170944362454074, 0.6120260027131004, 0.26728623359563647], [0.14163788011451298, 0.3699925163326302, 0.40966101874528743, 0.07870858480756937], [0.030080429861260694, 0.0417076705308776, 0.09934676183903499, 0.8288651377688268], [0.07803222923761619, 0.29252751131185833, 0.0006128934133325845, 0.6288273660371929], [0.011737910583466188, 0.0011191715371369302, 0.00011938383535012282, 0.9870235340440467], [0.0022243597456662713, 0.01717567442659799, 0.04220037933593299, 0.9383995864918028], [0.00023992352291818682, 0.0058256346037467936, 0.18942860923454333, 0.8045058326387918], [0.028963484542340205, 0.881670358560092, 0.03551312518408939, 0.053853031713478244], [0.02405093910647158, 0.003747746750379869, 0.00019849346943665285, 0.9720028206737119], [0.0022010204571561317, 0.004531224446995605, 0.9825054498457421, 0.010762305250106222], [0.5895127919427025, 0.0002929220686569961, 6.25146273215797e-05, 0.4101317713613188], [0.020906608368461695, 0.7031841642517166, 0.012724340133606274, 0.2631848872462154], [0.029400061810593018, 0.9490501041316487, 0.0008487563500288014, 0.020701077707729207], [0.5634430826849877, 0.023023778915944985, 0.2638062358483396, 0.14972690255072765], [0.9634251661586021, 0.007914213308485156, 3.461908371238156e-06, 0.028657158624541563], [0.14747740674148122, 0.8348323443270809, 0.01747987814866668, 0.00021037078277110115], [0.360000490245242, 0.17629629348250345, 0.06090649922866626, 0.40279671704358844], [0.00842494171241954, 0.9700907839313245, 0.007849540771821024, 0.013634733584434998], [0.028275403194609333, 0.863095658180864, 0.0008509789934584208, 0.10777795963106841], [0.044616286314730004, 0.03394684520895038, 0.9208973310823215, 0.0005395373939979551], [0.04999483811038598, 0.8597163025323786, 0.000322450918584131, 0.08996640843865149], [0.9494929228855326, 0.0340000697221735, 0.016084019606110958, 0.0004229877861831457], [0.0035789341615841226, 0.8284694177926697, 0.05976944760044814, 0.10818220044529794], [0.0923654092644086, 0.0015552731290129243, 0.36549469768807963, 0.5405846199184988], [0.20605116548914681, 0.594555373020318, 0.0816856730194927, 0.11770778847104253], [0.05100263795706103, 0.03636425446816885, 0.8760603517530533, 0.036572755821716804], [0.8018879789776017, 0.0033380475573482615, 0.03607562343635037, 0.15869835002869973], [0.9073408582406678, 0.010469094326608438, 0.0021223939568155176, 0.0800676534759083], [0.044782369130611094, 0.1269827384333167, 0.0016888144685050282, 0.8265460779675671], [0.9174281468757219, 0.0003759813220361175, 0.0011332339793815626, 0.0810626378228604], [0.01711936080727889, 0.797315876485434, 0.1293489000849809, 0.05621586262230633], [0.001234236564499948, 2.9452939064208154e-05, 8.673168461518882e-05, 0.9986495788118207], [0.2875336055760442, 0.2635724875614701, 0.15178547743817372, 0.29710842942431204], [0.9186955163068523, 0.0772321594233874, 0.0026408555044903606, 0.0014314687652700925], [0.5961485062097882, 0.2726793893181188, 0.003575222827505803, 0.1275968816445872], [0.0930149014568466, 0.037312815478582964, 0.18325223452773362, 0.6864200485368368], [0.03858142370434488, 0.6073378328329055, 0.2382054377574116, 0.11587530570533801], [0.28768234301137946, 0.000887639097693821, 0.0015404820528402675, 0.7098895358380863], [0.007279622290901985, 0.42140065972298824, 0.016113025556694326, 0.5552066924294154], [0.002422504382566254, 0.07722110215121204, 0.8774882338638733, 0.04286815960234834], [0.045281337785229366, 0.9064108742306507, 0.029995603675366765, 0.018312184308753053], [0.0009043347186076595, 0.9963314311613395, 8.411976029745635e-06, 0.0027558221440230415], [0.003235339863001529, 0.0058570051599703046, 0.42577147479938826, 0.5651361801776399], [0.24245361002674704, 0.7258525816272892, 0.0027692544030493006, 0.028924553942914464], [0.8911663932834597, 0.10694017380059535, 0.00020380447599922818, 0.0016896284399456056], [4.700272227126891e-05, 0.995854213632759, 0.00011232231913741794, 0.003986461325832512], [0.0008670929754220062, 0.7312478263556019, 0.26452243255694147, 0.003362648112034701], [0.000962282256501734, 0.990419720230251, 0.0025511290886670044, 0.006066868424580059], [0.2688168121536691, 0.008402044952776215, 3.8957629870567094e-05, 0.7227421852636842], [0.5672178441615144, 0.4307517049856493, 1.816388198913792e-05, 0.0020122869708470623], [0.0007516667630717091, 0.36062457668082626, 0.00910128985952094, 0.6295224666965811], [0.2604196562028732, 0.00011074016558873119, 0.010305695323530177, 0.7291639083080079], [6.914958172153556e-05, 0.9233740538694385, 0.0015223391255380048, 0.07503445742330196], [0.14393692062473737, 0.6960711121024638, 0.0008507908364226059, 0.15914117643637615], [0.0009854873745213338, 0.4709283056946716, 0.5273457015403855, 0.0007405053904216477], [0.7816629262825685, 0.10236724869155904, 0.009200365834015399, 0.10676945919185703], [0.006497853355485563, 0.145092182428805, 0.0032883937687677367, 0.8451215704469416], [0.6154763284311715, 0.012613625705637021, 0.0006939660509108678, 0.37121607981228066], [0.07163636653071558, 0.00019611474010326722, 0.0006128210252000459, 0.9275546977039812], [0.29677686804346426, 0.7011444790608141, 0.00016733079388850887, 0.0019113221018331379], [0.43304153997888534, 0.5659240348859277, 0.0001341546837757576, 0.0009002704514112283], [0.13492862600984984, 0.14443736096359985, 0.525404312237705, 0.19522970078884525], [1.681006176940463e-05, 0.04004846468975624, 0.000378291647959666, 0.9595564336005148], [0.9737106056773971, 0.020399254580290918, 0.001152500685780924, 0.004737639056531065], [0.6935511374879714, 0.12122367621091112, 0.1582499263569078, 0.02697525994420972], [0.9560673562246675, 0.04326068140890076, 5.134984606220425e-06, 0.0006668273818254941], [0.9872758480851653, 0.001347299449639589, 0.002386819655510407, 0.008990032809684767], [0.7933812638053499, 0.11974075431041047, 0.06880665467090001, 0.018071327213339792], [0.3844028531631821, 0.6107922126619802, 0.00037711880514212844, 0.004427815369695478], [0.3478208643508199, 0.01677611747636121, 0.012783235260464402, 0.6226197829123544], [0.006375068804506255, 0.46821918674352614, 0.02965404645045684, 0.49575169800151064], [0.37969237080846935, 0.10689559541969833, 0.4362113904085551, 0.07720064336327741], [0.019601425771439543, 0.7049735810656809, 0.046192911293593396, 0.22923208186928618], [0.15534458634014092, 0.1113772975012305, 0.0031995893494253555, 0.7300785268092033], [0.05558354220471907, 0.0016275247499255331, 0.4377449019365633, 0.505044031108792], [6.103205054161711e-06, 0.999959546416233, 3.326747562653103e-05, 1.0829030865069816e-06], [0.05132836334166883, 0.35162554383914035, 0.5560461719032364, 0.04099992091595443], [0.38781462749934226, 0.4139806389891552, 0.010106211369458232, 0.18809852214204423], [0.006490185572851075, 0.1592826278313678, 0.16385892620515619, 0.670368260390625], [0.0022882736811527097, 0.09627731504397143, 0.0033252527406290515, 0.8981091585342469], [0.07861118850604508, 0.002158392914424838, 0.01384668002163623, 0.9053837385578938], [0.34174057211022185, 0.5490538396131629, 0.0631753750355058, 0.04603021324110937], [0.18327065878048882, 0.0012901096862056273, 0.0060676883193334094, 0.8093715432139721], [0.0004304228018376202, 0.12231283282491552, 0.8139806303623329, 0.06327611401091401], [0.0025462840462398017, 0.18719128395436263, 0.0037120060982954225, 0.806550425901102], [0.010373317233621351, 0.13809397272337734, 0.8511279587261263, 0.00040475131687501447], [0.0026135513737306367, 0.2717187161664658, 0.02111663175442987, 0.7045511007053737], [0.18804277532364405, 0.03810893346829002, 0.1554782509848698, 0.6183700402231961], [0.03546673627336569, 0.809057126784738, 0.14570977437860919, 0.009766362563287166], [0.036684475655424306, 0.28835515273410617, 0.0005417236248061072, 0.6744186479856634], [0.0766092687862123, 0.1271373077958936, 0.0066940224736925045, 0.7895594009442016], [0.0060628227142846295, 0.8788613386765171, 0.11367802679053886, 0.0013978118186594335], [0.09298061029080876, 0.9002544753339465, 3.854230566380721e-05, 0.006726372069580981], [0.06285889899121944, 0.009955615811181148, 0.750524903370292, 0.1766605818273073], [0.8400962772720609, 0.14383652837458452, 0.016018593263275153, 4.860109007948772e-05], [0.4645667329906142, 0.5309258559398866, 0.0005394845121347918, 0.003967926557364382], [0.04315486656842683, 0.2335517713851118, 0.09384440359464714, 0.6294489584518143], [0.2199716322201532, 0.173906263643508, 0.5975441354018993, 0.008577968734439454], [0.08040948667942774, 0.01442632031049889, 0.0054317702129830486, 0.8997324227970904], [0.03317828084280463, 0.004232457973586251, 0.005298546216273906, 0.9572907149673353], [0.0906278220866837, 0.3698400081957498, 0.02538288331267364, 0.5141492864048928], [0.0034075999318225114, 0.0470986139970894, 0.17928381317895917, 0.7702099728921289], [0.0003894032657347682, 0.7167210066122298, 0.000712975047613559, 0.28217661507442193], [0.024349959345923634, 0.31458781004294384, 0.41723776883135877, 0.2438244617797738]]}, "rewritten": {"ids": ["97106000", "97106970", "97107821", "97107920", "97108520", "97110950", "97112830", "98106880", "98108520", "98109090", "98110680", "98111670", "98112300", "98116500", "99105921", "99107300", "99108460", "99109141", "99109740", "99109860", "99112300", "99112840", "100107920", "100108490", "100108990", "100109360", "100111380", "100115700", "101108121", "101111210", "101111310", "101119591", "102107961", "102109850", "102110050", "102110240", "102110850", "102112030", "102114270", "103110220", "103110840", "103111170", "103111990", "103113610", "103117461", "103120730", "104109311", "104111531", "104111620", "104111711", "104111780", "104113240", "104113550", "104114740", "104117630", "104118070", "105110091", "105112130", "105113260", "105113330", "105113480", "105115380", "105121190", "106114150", "106114880", "106118301", "106121220", "107113260", "107113360", "107114140", "107116501", "107118490", "107118520", "107118780", "107119130", "107119390", "107121700", "108114220", "108115870", "108116481", "108116501", "108119330", "109115380", "109116170", "109117431", "109117630", "109119010", "109119340", "109119450", "109119460", "109119591", "109120150", "110114720", "110115140", "110115580", "110115710", "110117200", "110117500", "110117870", "110118181", "110118630", "110119300", "110119891", "110120531", "110121170", "111114171", "111115770", "111115910", "111116090", "111116100", "111119430", "111120190", "111120531", "111120540", "112116290", "112117571", "112117780", "112117790", "112118511", "112118530", "112118550", "112118880", "112118890", "112118930", "112119320", "112119500", "112119930", "112120270", "112120700", "112121410", "113118111", "113118421", "113118490", "113119700", "113119950", "113120070", "113120531", "113120601", "113120751", "113122320", "113122510", "113122650"], "labels": [0, 2, 2, 0, 2, 3, 2, 0, 2, 1, 2, 1, 2, 2, 1, 3, 0, 3, 3, 2, 0, 2, 0, 2, 2, 0, 3, 1, 0, 2, 3, 0, 3, 1, 3, 3, 3, 2, 3, 2, 1, 2, 2, 2, 0, 1, 3, 0, 0, 1, 3, 2, 1, 2, 0, 2, 0, 1, 3, 3, 0, 1, 2, 1, 0, 1, 1, 0, 0, 2, 1, 2, 2, 1, 1, 2, 3, 3, 3, 0, 0, 0, 3, 0, 1, 0, 3, 3, 3, 1, 0, 2, 3, 0, 1, 2, 3, 1, 3, 1, 1, 1, 3, 0, 2, 3, 3, 2, 3, 3, 3, 3, 0, 1, 0, 3, 0, 3, 1, 1, 3, 1, 3, 1, 1, 2, 1, 0, 2, 0, 1, 3, 1, 0, 0, 2, 0, 2, 1, 1, 2, 2], "predicted_labels": [3, 2, 1, 0, 0, 0, 3, 0, 2, 1, 2, 3, 0, 3, 1, 0, 1, 0, 1, 1, 3, 2, 1, 2, 2, 3, 2, 2, 0, 1, 1, 3, 0, 0, 3, 0, 1, 0, 3, 1, 1, 0, 3, 3, 1, 3, 0, 3, 0, 3, 1, 1, 3, 3, 0, 3, 3, 1, 0, 1, 1, 1, 1, 0, 2, 3, 3, 1, 0, 1, 3, 2, 1, 3, 1, 2, 3, 0, 3, 3, 3, 0, 2, 3, 3, 1, 3, 3, 2, 3, 1, 2, 0, 0, 2, 1, 0, 1, 0, 0, 1, 1, 3, 0, 2, 1, 1, 1, 0, 0, 1, 3, 0, 0, 2, 3, 0, 3, 2, 1, 0, 0, 0, 3, 3, 1, 2, 0, 1, 0, 3, 3, 3, 0, 0, 3, 0, 1, 1, 3, 2, 2], "confidence_scores": [[0.38477002779938657, 0.014318121726502696, 0.0054570829006127105, 0.595454767573498], [0.011674180065637418, 0.2373567369942842, 0.7444332998776145, 0.006535783062463947], [0.02564785031330674, 0.9127129164515406, 0.00242099296739764, 0.059218240267755066], [0.9424717492613319, 2.3548472002140507e-06, 0.00019948481008720287, 0.057326411081380806], [0.6279700414853125, 0.08008795327802952, 0.10034254369961253, 0.19159946153704532], [0.8668889089012962, 7.624928803067686e-05, 0.004912719037324292, 0.12812212277334892], [0.0010636126507899588, 2.4170778512904544e-05, 0.0016293208271746732, 0.9972828957435225], [0.9103992420034809, 0.00418907919207763, 0.06169336946157939, 0.023718309342862096], [0.08024243505121342, 0.05815150047213646, 0.8581533425381793, 0.0034527219384709023], [0.1334097275849551, 0.7521275230013671, 0.03307633832773596, 0.08138641108594177], [0.1972401934282485, 0.028513459993012517, 0.6201404072887767, 0.15410593928996213], [0.3209325877322204, 0.0008529525696287507, 0.0032325526165296273, 0.6749819070816212], [0.9179515566872352, 0.0020726871937653416, 0.02400625356581021, 0.055969502553189304], [0.007558714252325653, 0.000242665308838422, 0.002846455986198984, 0.9893521644526371], [0.0012975035132868034, 0.9284082315258927, 0.06138897163336479, 0.008905293327455585], [0.9884877574460609, 9.254981959846995e-05, 3.09889209225877e-05, 0.011388703813418156], [9.487387059204753e-06, 0.9959729177286067, 0.00012853401815389728, 0.003889060866180401], [0.8133815740095911, 3.988923951543605e-05, 0.00023084581646775276, 0.18634769093442577], [0.15631263588656918, 0.8286594576126927, 0.0013692886368105329, 0.013658617863927571], [0.0008911539559501863, 0.993620610768082, 0.005261918398787848, 0.0002263168771799937], [0.001866944071223703, 0.04922202797139017, 0.13372018659171764, 0.8151908413656686], [0.01179433555099604, 0.03042337283767311, 0.8824167503364653, 0.07536554127486544], [0.03098424182653519, 0.967633353609066, 0.0003161068588692797, 0.0010662977055295344], [0.040318155729230996, 0.021181949336159314, 0.8568029756239214, 0.08169691931068837], [0.016150380794168043, 0.007980065906333817, 0.9341848779918397, 0.04168467530765864], [0.0056281297142048515, 1.0687774880609533e-07, 0.00011707183583671434, 0.9942546915722096], [0.10093945225961411, 0.013788721960032745, 0.7498314275439276, 0.13544039823642545], [0.001559070371905249, 0.0005948895553033264, 0.9768406921935411, 0.021005347879250222], [0.8982200725957534, 0.000563631734886538, 1.773281027440193e-06, 0.10121452238833252], [0.030235970281107277, 0.8536437799388209, 0.047127271129972795, 0.0689929786500989], [0.00139097250867603, 0.9983347058640027, 0.0002616412205182682, 1.2680406802852494e-05], [0.1748931827771522, 0.028295961744136403, 0.015363830730661141, 0.7814470247480503], [0.49331186919287257, 0.03117089095662797, 0.36781488928031, 0.10770235057018956], [0.510452163251737, 0.43991843122840485, 0.022850416054321476, 0.026778989465536748], [0.00011715574970422254, 0.32756307962296444, 0.0005834347662711639, 0.6717363298610601], [0.9980639705963792, 0.0011787834433824992, 0.00010655954596339633, 0.000650686414275094], [0.010205301845503275, 0.7954695017924691, 0.18385322926855688, 0.010471967093470666], [0.7339085034330681, 0.1469953704470105, 0.005760103895677639, 0.11333602222424384], [0.0007834738806445226, 0.3766072480420192, 2.2420158081317895e-05, 0.6225868579192548], [0.012314027515579177, 0.8660364878429858, 0.0003651908290222179, 0.12128429381241271], [0.00013149091108949283, 0.9931083341637963, 0.0034024196620838563, 0.0033577552630304546], [0.734407674404585, 0.2646706900360322, 0.0004026042697158587, 0.000519031289666959], [0.036923120095066486, 0.038859215118319294, 0.012281451171142205, 0.911936213615472], [0.009316214549705784, 0.002662147856255752, 0.011494143679940436, 0.976527493914098], [0.05322828201868507, 0.8090329423759963, 0.01840074728728245, 0.11933802831803611], [0.0715181680198045, 0.010054893677206352, 0.08416332364098522, 0.8342636146620039], [0.9302293705706723, 0.006355089102624496, 0.00017092414310811448, 0.06324461618359521], [0.006200299374223708, 0.01028184516063071, 0.0004553766505116542, 0.983062478814634], [0.4842664489972957, 0.25943210677429873, 0.017470530908140647, 0.23883091332026476], [0.0348220679947896, 0.36034306353952444, 0.00023165418470585974, 0.6046032142809801], [0.0009684094816313726, 0.9968314675455328, 1.7006711582132877e-05, 0.0021831162612539388], [0.0019898131465330236, 0.8907553695054519, 0.10555026813168204, 0.0017045492163331366], [0.006156913016609448, 0.01872225473177885, 0.019928075345083885, 0.9551927569065277], [0.0037104453302815067, 0.08911967925621929, 0.0033714316758680367, 0.9037984437376312], [0.8626255545899941, 0.010661561811252858, 0.00813077761519798, 0.1185821059835552], [0.002410094100625056, 0.0012968386878733794, 0.00022946103425708396, 0.9960636061772444], [8.419019491678611e-05, 0.001593293430402239, 0.00017165867642207367, 0.998150857698259], [7.149467425641363e-06, 0.9625493012599086, 0.02706461131730661, 0.010378937955359109], [0.6717460202927973, 0.26242480245791167, 0.0006340436931237479, 0.06519513355616734], [0.0002608338560599137, 0.7981451415510702, 0.038564041176879345, 0.16302998341599048], [0.0008356164169957954, 0.7162609716536512, 0.00033118620401438505, 0.2825722257253386], [0.00014031996068934025, 0.9574233526781704, 0.0346213457808323, 0.007814981580307998], [5.625830142507432e-07, 0.999787151271236, 0.0001820467685309183, 3.0239377218793304e-05], [0.9995123381070713, 0.00013664215225242957, 0.00029390451706588744, 5.711522361023148e-05], [0.11160764043682019, 0.0030661735754429083, 0.8023434787053167, 0.08298270728242013], [0.2368907010509051, 0.012818781045346166, 0.013501455104259284, 0.7367890627994894], [1.3691315062211329e-05, 0.01212921964783893, 0.04503631050523291, 0.942820778531866], [3.5749124502073383e-06, 0.9960101440597006, 4.519019001215601e-05, 0.003941090837837165], [0.9985688502241256, 5.369425192650261e-05, 7.831748992410517e-05, 0.0012991380340239011], [0.02338798541924188, 0.8443233854382398, 0.12072881205176575, 0.01155981709075245], [0.0829260818424747, 0.1772710268153865, 9.934908651136002e-05, 0.7397035422556274], [0.35929684509305443, 0.004082293122649088, 0.6365040065646381, 0.0001168552196583703], [0.08612418160955643, 0.6459011849948094, 0.004518144178681263, 0.2634564892169529], [0.0049067649499210855, 0.3561497741166296, 0.1408428814913395, 0.49810057944210995], [0.11772586135375271, 0.7317944061558924, 0.0020463622817132863, 0.1484333702086415], [0.00018143594201702832, 0.4897650504968963, 0.5095801934838516, 0.00047332007723502935], [6.955316905180954e-05, 0.003237218841406344, 0.0015373687831933412, 0.9951558592063485], [0.8958368838715881, 0.04572427099515459, 0.0005419619927944059, 0.05789688314046286], [0.0020249212503061914, 6.45682827996702e-05, 0.00033045411736577134, 0.9975800563495285], [0.049027109360326386, 0.121438158850056, 0.0002489768038591769, 0.8292857549857585], [0.0004439924561615876, 0.338246961999129, 0.12756884690216325, 0.5337401986425462], [0.9764469260559142, 0.012282840213853804, 0.00843744227721019, 0.0028327914530216643], [7.11097915122233e-05, 0.02248901337466165, 0.8323994985537673, 0.14504037828005883], [0.0003623481318560961, 0.14527019556664894, 0.0016389274122645665, 0.8527285288892305], [0.16753588772365316, 4.9933058984761e-05, 5.40644371869489e-06, 0.8324087727736434], [0.2247771892276835, 0.44003982567953637, 0.23389747482155376, 0.10128551027122623], [0.01600587167934123, 0.26414130828730564, 0.01621772091671257, 0.7036350991166405], [0.06701907309941256, 0.0003132574131463906, 8.847905613295005e-05, 0.9325791904313081], [0.024733999429527056, 0.00010423411373504102, 0.5959586953720346, 0.3792030710847034], [0.06311374252372075, 0.3793097782546746, 0.010707331442380508, 0.5468691477792241], [0.2904397477764348, 0.7088864819266272, 2.5361964031027373e-05, 0.0006484083329070162], [0.010523620235124494, 0.00015382124617060108, 0.9841088783105951, 0.005213680208109797], [0.5226477411758935, 0.4668168003048803, 0.002002283177311829, 0.008533175341914235], [0.9971532370945291, 0.00022021795386756792, 0.0025164766794383876, 0.00011006827216521336], [0.19977288041616936, 0.2644842293111781, 0.3403195599458474, 0.19542333032680506], [0.00924684502508594, 0.9859098797911465, 0.0009007887379836101, 0.00394248644578402], [0.9973433830471257, 0.00011796972975249568, 8.510754375837453e-05, 0.0024535396793635956], [0.3485465112939647, 0.6126990319886929, 0.014922162655563563, 0.023832294061778794], [0.707956776694183, 0.08039848800642915, 0.007910489330468994, 0.2037342459689188], [0.8359570691231596, 0.012476933474778146, 0.15084740255118909, 0.0007185948508731301], [0.004055196432143262, 0.9419575211606026, 6.489276498909708e-05, 0.05392238964226502], [0.028393208780515516, 0.7864783432887676, 0.036563087882318185, 0.1485653600483988], [0.0376603705457533, 0.034917941654967116, 0.0010547018008356963, 0.9263669859984438], [0.9907030886001038, 0.0062993034481429126, 0.00040467562952340325, 0.0025929323222298947], [0.0016198091831451957, 0.0018362885522206756, 0.9453975333387153, 0.051146368925918666], [0.054982318495960546, 0.8958771585680969, 0.03649788879311658, 0.012642634142825989], [0.01267062039882307, 0.9650877304936523, 0.02045295717943809, 0.001788691928086525], [0.013083678910536226, 0.9701204035671684, 0.01050352327867821, 0.006292394243616947], [0.8060355901700942, 0.18917031888491426, 0.0015831624341754876, 0.0032109285108159547], [0.7918342307035331, 0.11680191164903236, 0.0026369953679375407, 0.088726862279497], [0.03188583236236277, 0.7140087804762055, 0.0025680023413690366, 0.25153738482006266], [0.004403506465239325, 7.311961546689638e-05, 9.126838795203753e-05, 0.9954321055313419], [0.920557628249606, 0.054708227987011755, 2.8925110219291927e-05, 0.024705218653162858], [0.9482473978678889, 0.023454155137189098, 0.026241992400494615, 0.0020564545944275698], [0.03633306814584808, 0.015583949989103394, 0.7265831719352541, 0.22149980992979432], [1.2613981947678103e-06, 0.0006531014421106904, 5.0796270811535414e-05, 0.999294840888883], [0.7116406280520888, 0.2520607055230092, 0.0019780252755877722, 0.03432064114931421], [0.0023545023598917207, 1.745097530076157e-05, 4.9305210175209616e-05, 0.9975787414546323], [0.22289615409944033, 0.03484834480227654, 0.6682551790808772, 0.07400032201740595], [0.001711914514091088, 0.9830340383155355, 0.005744148082598971, 0.009509899087774651], [0.7351296295390358, 0.005087342404327646, 1.6236780707911135e-05, 0.2597667912759287], [0.9949099646757926, 0.0007132801359012716, 0.0006237067334539481, 0.003753048454852351], [0.4978503008264853, 0.35613757873536867, 0.08673421528968167, 0.059277905148464385], [0.036549130831316334, 0.0005533885705075421, 0.00635093309343918, 0.9565465475047369], [0.0009407741515862384, 0.008766195271605182, 0.020834786476343754, 0.9694582441004648], [0.04432827725930619, 0.9364401592169275, 0.019219276960732813, 1.2286563033446603e-05], [0.3123301244473528, 0.0003486135019397596, 0.6675794188315648, 0.019741843219142654], [0.5069792492730741, 0.244647238809412, 0.2464591978766338, 0.0019143140408799848], [0.33010692732877633, 0.6431602532450462, 0.009885876271227875, 0.01684694315494961], [0.7276620959446722, 0.010496440003752345, 0.14785970276104038, 0.11398176129053503], [0.017702163747864416, 0.002890023626753886, 3.381729952748228e-05, 0.9793739953258542], [0.11223053739517927, 0.0002094369197192036, 0.00011109944144659193, 0.8874489262436548], [0.0007302600504685309, 0.038714804494256, 0.0010631133597237945, 0.9594918220955516], [0.8800331334810347, 0.11925917536470775, 0.0006879335848387919, 1.97575694187955e-05], [0.5463228109858227, 0.35123527276969113, 0.004909359420465945, 0.09753255682402014], [0.0011248202974555217, 0.13192613200313166, 0.006087590333478783, 0.860861457365934], [0.6573730990602329, 0.3020164424037539, 0.0067809764600130825, 0.03382948207600023], [0.01656868035620224, 0.9780936286698775, 1.4073315704640862e-05, 0.005323617658215739], [0.4766076911068346, 0.510559368055128, 0.002587165335299041, 0.010245775502738252], [0.02272829937897481, 0.14829937019075867, 0.0010410736665696378, 0.8279312567636968], [2.5562109688695193e-05, 0.0077515527858584956, 0.8574711230822348, 0.1347517620222179], [0.004157786633628968, 0.22359527944773924, 0.6274052767902455, 0.14484165712838626]]}}