{"test": {"ids": ["101111620", "113122170", "105112260", "97105760", "113120531", "103110100", "98107010", "98107380", "104116980", "101109370", "112118930", "100109910", "108120280", "112119580", "110118181", "112116501", "111119150", "97116410", "108113620", "111115770", "97109080", "105114220", "98116500", "112119320", "112117030", "108121190", "110118701", "101119591", "98110680", "113117550", "106116640", "104114240", "108119330", "113118421", "98120530", "102121700", "101112201", "99120010", "97116401", "103120780", "100108080", "99113260", "98108520", "111120220", "98108970", "106121220", "104111550", "99108890", "101112690", "112118511", "103109641", "101119030", "111119950", "101111310", "100117420", "111116110", "100111380", "109116170", "110113591", "110117110", "101110200", "107114321", "108118810", "105119950", "105115720", "111117000", "99107950", "105113620", "104111380", "106120640", "99111440", "97106000", "111115910", "109116040", "99110050", "103111170", "97112290", "110114950", "106116850", "97111790", "108115500", "99108000", "107115250", "104113240", "107120260", "112121360", "105112130", "99107560", "113122430", "98106111", "109119460", "111118810", "112119610", "104113210", "110120540", "99109161", "101114020", "108114180", "107113130", "113122220", "110119300", "111114171", "109117630", "109117730", "105113210", "108121160", "106114280", "101109000", "109119450", "113121010", "97106591", "101115190", "102116340", "107121540", "107116300", "112120290", "113117401", "108120060", "105112240", "113119480", "104114410", "104111711", "102117351", "103110840", "113121680", "99109840", "102112030", "106115250", "105113190", "100110260", "99112531", "99109141", "104111780", "100111270", "102110850", "100116500", "98112300", "106115240", "98109090", "111116411", "97112170", "108118291"], "labels": [3, 1, 3, 0, 0, 1, 3, 1, 1, 1, 1, 2, 3, 3, 1, 3, 3, 3, 3, 3, 2, 3, 2, 1, 2, 1, 3, 0, 2, 3, 3, 0, 0, 3, 1, 1, 0, 2, 3, 1, 0, 0, 2, 3, 3, 1, 1, 0, 1, 1, 1, 3, 0, 3, 2, 3, 3, 0, 0, 0, 2, 0, 1, 3, 1, 0, 1, 0, 3, 3, 3, 0, 2, 0, 3, 2, 1, 0, 3, 2, 3, 2, 2, 2, 1, 3, 1, 1, 2, 0, 1, 0, 0, 3, 1, 3, 3, 1, 1, 1, 1, 3, 0, 3, 3, 2, 3, 1, 3, 2, 1, 1, 3, 2, 0, 1, 3, 1, 1, 3, 1, 1, 1, 1, 1, 2, 2, 2, 3, 3, 3, 3, 3, 2, 3, 2, 2, 1, 1, 0, 0, 3], "predicted_labels": [1, 3, 1, 1, 3, 3, 0, 0, 3, 1, 3, 3, 3, 3, 1, 0, 3, 1, 0, 0, 1, 3, 0, 1, 3, 1, 3, 0, 1, 1, 1, 1, 1, 3, 0, 1, 0, 1, 1, 3, 3, 1, 1, 0, 3, 1, 1, 1, 3, 3, 3, 1, 0, 3, 1, 3, 0, 1, 0, 1, 3, 0, 3, 1, 1, 3, 1, 3, 0, 1, 0, 3, 3, 3, 0, 0, 3, 3, 3, 0, 1, 1, 1, 3, 3, 1, 3, 1, 1, 0, 3, 0, 2, 0, 1, 0, 3, 3, 3, 0, 3, 0, 1, 3, 3, 3, 3, 3, 3, 3, 3, 3, 1, 3, 1, 3, 1, 1, 1, 3, 3, 1, 0, 1, 3, 1, 1, 1, 3, 3, 0, 0, 1, 3, 3, 1, 0, 1, 3, 0, 0, 0], "confidence_scores": [[0.27163759018759026, 0.28698817016316996, 0.17223535353535352, 0.2691388861138862], [0.2172367743367744, 0.2686155844155845, 0.24012122877122885, 0.27402641247641246], [0.22955206460206468, 0.3106217116217116, 0.20030739815739837, 0.25951882561882567], [0.27694847929847943, 0.3298745587745587, 0.12981106116106125, 0.2633659007659008], [0.27137907647907655, 0.2675154567654568, 0.14555425685425682, 0.31555120990120994], [0.2386366133866134, 0.2708105339105342, 0.20964532134532138, 0.28090753135753155], [0.315008145449322, 0.23365589410589416, 0.19270733710733712, 0.25862862333744685], [0.3132202020202018, 0.23414497169497173, 0.19488670218670215, 0.2577481240981242], [0.17675276945276946, 0.2881626123876123, 0.2130544150294151, 0.32203020313020314], [0.2064046731046732, 0.30138511129393486, 0.22329961704961712, 0.26891059855177496], [0.23993060828060828, 0.27182248307248325, 0.1902302419802421, 0.2980166666666667], [0.2124266899766901, 0.22744711954711955, 0.2706787212787213, 0.2894474691974692], [0.24772776700423765, 0.2725789524201288, 0.177470251970252, 0.3022230286053815], [0.25500233655233656, 0.227603751803752, 0.2284904539904541, 0.2889034576534576], [0.25930485070485076, 0.3061735153735155, 0.18296244866244882, 0.25155918525918525], [0.3118284132534132, 0.29060549728049745, 0.14906764346764356, 0.24849844599844606], [0.2678121878121879, 0.2654532356532358, 0.19745512265512272, 0.2692794538794539], [0.2708744755244756, 0.2806221972471972, 0.19024078927608343, 0.25826253795224385], [0.28805012487512494, 0.27861733266733263, 0.14759064269064276, 0.2857418997668999], [0.306645326895327, 0.279612868504045, 0.16535429570429577, 0.24838750889633246], [0.2531021645021647, 0.25675963480963493, 0.23873964091464106, 0.25139855977355985], [0.23743933843933854, 0.2450193195693197, 0.2291048751901694, 0.2884364668011728], [0.30435, 0.2400505843829375, 0.19551997283761996, 0.26007944277944284], [0.21361526251526264, 0.32222798312798323, 0.20376470196470203, 0.2603920523920524], [0.23898122433122437, 0.26407658730158734, 0.19289849317349334, 0.3040436951936954], [0.20469025419025424, 0.322885079952727, 0.19491456484691783, 0.277510101010101], [0.2478032745032747, 0.28864407814407805, 0.16075624375624384, 0.3027964035964037], [0.32336504606504624, 0.24258520091020108, 0.1538846681096681, 0.2801650849150849], [0.24311276501276505, 0.3156930236430235, 0.19233924963924973, 0.24885496170496196], [0.22463812853812867, 0.2865441558441559, 0.20996331446331448, 0.27885440115440113], [0.2531909701409702, 0.3023865911865911, 0.1867236707736709, 0.25769876789876806], [0.2578340758914288, 0.27418546763693824, 0.20289829059829062, 0.2650821658733425], [0.21786617271617267, 0.28880367769485404, 0.2248803918303919, 0.2684497577585814], [0.257623065823066, 0.22743898878898883, 0.1579342463092464, 0.357003699078699], [0.2874507575757578, 0.23398252580752582, 0.20909044011544015, 0.26947627650127653], [0.23080347985347985, 0.2859363136863135, 0.23415474754004184, 0.24910545892016497], [0.3106853979353979, 0.3046113997113999, 0.14866554556554554, 0.2360376567876568], [0.2561644022644025, 0.26612578255078273, 0.21414353424353438, 0.26356628094128093], [0.2771620990120991, 0.28150495892995914, 0.1661439005439007, 0.27518904151404144], [0.24642127039627046, 0.2564279137529139, 0.18462143967143974, 0.3125293761793762], [0.23923320568320566, 0.2512435175935179, 0.24745409035409047, 0.2620691863691866], [0.26699968756733455, 0.2856196081696083, 0.1955983754807286, 0.25178232878232887], [0.30137243867243874, 0.3250745143745144, 0.16244975579975585, 0.21110329115329116], [0.3247576146076147, 0.2812816461316463, 0.1363179653679654, 0.257642773892774], [0.2109721223221224, 0.2625154068154068, 0.25736400821400834, 0.2691484626484627], [0.19828953268953264, 0.2922085414585415, 0.2295747752247754, 0.27992715062715073], [0.19110653790653795, 0.2761560772560773, 0.26145290265290266, 0.2712844821844821], [0.23728901098901095, 0.33249453879453905, 0.20598083583083598, 0.22423561438561435], [0.25765453157953166, 0.2590468614718616, 0.2001869685869686, 0.2831116383616385], [0.26907052392052405, 0.26458338328338343, 0.16313722388722385, 0.30320886890886883], [0.28164890109890117, 0.2430022977022978, 0.16608470418470425, 0.3092640970140971], [0.2323973359973362, 0.2693426351426353, 0.23928834498834511, 0.25897168387168384], [0.2999782828282828, 0.25591556221556216, 0.18253122433122448, 0.2615749306249308], [0.22513914418914427, 0.25555260295260296, 0.242314035964036, 0.2769942168942169], [0.2342181724708041, 0.28170400710400717, 0.21299568764568771, 0.2710821327795014], [0.2622520146520148, 0.2560571317571318, 0.1845613775113776, 0.2971294760794761], [0.32109145854145865, 0.23284922854922854, 0.22475795870795875, 0.22130135420135427], [0.27984223831723826, 0.3122775141525139, 0.14823927738927742, 0.25964097014097026], [0.3871496003996004, 0.26712151345386626, 0.1248445760122231, 0.22088431013431015], [0.2941199855699858, 0.3034531746031746, 0.16992623487623496, 0.23250060495060512], [0.21795896880896887, 0.27191573426573423, 0.21678171828171838, 0.2933435786435786], [0.38417074592074574, 0.3062665556665557, 0.11351232101232103, 0.19605037740037748], [0.21870202020202023, 0.30305841184958837, 0.1660734487734488, 0.3121661191749425], [0.2636098207348208, 0.2817915318341788, 0.20290006105006111, 0.2516985863809394], [0.23495583583083596, 0.28329074259074266, 0.22814181374181386, 0.2536116078366079], [0.22383697968697977, 0.26909501609501624, 0.22111417471417483, 0.28595382950382964], [0.19053365800865807, 0.29547932149549805, 0.25806180404562756, 0.25592521645021643], [0.2058332944832946, 0.2753154900654901, 0.2256008047508049, 0.2932504107004109], [0.2927635919635917, 0.2817205905205907, 0.16541200466200467, 0.2601038128538129], [0.22477618492618512, 0.28932403152403174, 0.20960068820068825, 0.2762990953490953], [0.2807231490731491, 0.2557853313353314, 0.1955040126540127, 0.2679875069375069], [0.22490927581190753, 0.24138683363420216, 0.25209477973007394, 0.28160911082381657], [0.24473015318015318, 0.26463670855288507, 0.21003235098235115, 0.2806007872846109], [0.23547850935614104, 0.23832420079920086, 0.2095721278721281, 0.31662516197253027], [0.27826789321789314, 0.2558069264069266, 0.19215815295815306, 0.2737670274170275], [0.31023222055722044, 0.2606965978465979, 0.1720491480741482, 0.2570220335220336], [0.23610165112665116, 0.2840287387449153, 0.19209678099678104, 0.2877728291316528], [0.2648905705405706, 0.22556255835667605, 0.2256577533577534, 0.28388911774499986], [0.19810169830169835, 0.26361988566988587, 0.23269468309468316, 0.3055837329337329], [0.3398585914085913, 0.25421347345464995, 0.17825009990009988, 0.2276778352366588], [0.2661051171051171, 0.2829402264402265, 0.1896660173160174, 0.2612886391386392], [0.21805873015873026, 0.3226922965922966, 0.18782782217782235, 0.27142115107115117], [0.22854766899766904, 0.31392681003207334, 0.18805288045288057, 0.26947264051737735], [0.22269641469641474, 0.2660641192141193, 0.23890245865245874, 0.2723370074370075], [0.25725255124991975, 0.24790811410811428, 0.17761120546120562, 0.31722812918076065], [0.23759362859362862, 0.32991981906981915, 0.15218121323121328, 0.2803053391053392], [0.23866909201909198, 0.27083335830835853, 0.21403679653679655, 0.27646075313575325], [0.2287368908868909, 0.316944482478306, 0.18206428016428025, 0.27225434647052305], [0.23605345765345764, 0.2792531718281718, 0.21020540570540588, 0.2744879648129648], [0.28408467088467093, 0.2772968364968365, 0.18506033966033986, 0.2535581529581532], [0.24639539904539914, 0.24650870795870808, 0.24310935175935183, 0.26398654123654114], [0.2832893439893441, 0.24948630617748277, 0.18916407481407485, 0.27806027501909875], [0.21030684870684874, 0.2515692557442558, 0.2811008075258075, 0.2570230880230878], [0.27658335553335545, 0.2693775660613896, 0.18497585747585749, 0.26906322092939744], [0.2123667471417474, 0.2983506105006105, 0.21035423465423467, 0.27892840770340765], [0.30382564657564654, 0.2914949658184953, 0.14864107036754104, 0.25603831723831727], [0.2540689382512912, 0.24200352457999513, 0.20762809412809416, 0.2962994430406196], [0.20562547452547456, 0.2923061105561105, 0.1709435286935288, 0.3311248862248863], [0.26197730880230896, 0.25991567044067054, 0.2030949050949053, 0.2750121156621156], [0.2856148501824973, 0.26488535353535364, 0.19271447049682353, 0.25678532578532604], [0.26807730243612615, 0.26646917526917535, 0.19613099678099674, 0.26932252551370206], [0.3045581807081807, 0.2636220917970918, 0.1378031107781108, 0.2940166167166168], [0.26259324009324003, 0.2820938450438453, 0.18746808746808757, 0.2678448273948275], [0.24913223822960678, 0.26906035631035635, 0.19146339771339785, 0.2903440077466394], [0.25474107004107005, 0.23918217893217894, 0.18649975857475878, 0.3195769924519922], [0.2722993034743034, 0.2809962148962149, 0.1519556415806417, 0.29474884004884], [0.28445853590853604, 0.2525686313686314, 0.17549896214896218, 0.2874738705738707], [0.26845119880119894, 0.26988380508380505, 0.15401930846930856, 0.3076456876456879], [0.18804026920791628, 0.28735840825840825, 0.21095372568607876, 0.31364759684759674], [0.23165132922632928, 0.27521045621045626, 0.19970286102786114, 0.2934353535353534], [0.2421860944610946, 0.2763625319125319, 0.19801189921189932, 0.2834394744144744], [0.23641947496947516, 0.2602153167094344, 0.2344570762570763, 0.26890813206401454], [0.2225187812187813, 0.2843014818514818, 0.2379051693404636, 0.2552745675892736], [0.2539412531912533, 0.2533048840048841, 0.237666405816406, 0.25508745698745705], [0.24318387168387173, 0.29988298368298366, 0.17930129821159235, 0.2776318464215522], [0.27968840603840606, 0.25277720057720066, 0.1765463203463203, 0.29098807303807317], [0.2875679542679544, 0.345012692862693, 0.13385193140193147, 0.23356742146742152], [0.24108361638361656, 0.2974408147408149, 0.23713235653235656, 0.22434321234321264], [0.1922201298701299, 0.29143624153624165, 0.22670709845709852, 0.2896365301365301], [0.25445122100122125, 0.2646159174159176, 0.19920612165612178, 0.2817267399267399], [0.20739463036963054, 0.2691812493062494, 0.23174728604728612, 0.2916768342768343], [0.29620777000777, 0.29861488511488504, 0.1569064491064491, 0.248270895770896], [0.3316771117771118, 0.2940281773781775, 0.12460426240426241, 0.24969044844044855], [0.2838039960039961, 0.2897829698079698, 0.17779946997447008, 0.24861356421356434], [0.24068661697779353, 0.2689872904872906, 0.21119837384837375, 0.2791277186865423], [0.21022175161439874, 0.2768150801812566, 0.2448995798319327, 0.268063588372412], [0.26544761349761337, 0.2742296745737924, 0.21753678543678553, 0.2427859264918089], [0.25095455100455116, 0.2704772949272951, 0.21784311799311804, 0.2607250360750361], [0.27810715375096173, 0.2589843933843935, 0.15904923964923967, 0.3038592132154051], [0.2674040293040292, 0.2611359806859808, 0.17914203019203026, 0.2923179598179598], [0.30757480297480305, 0.22511819846819853, 0.19730959595959607, 0.2699974025974026], [0.31140952935952937, 0.26330552780552796, 0.17500088800088795, 0.2502840548340549], [0.2931647796647796, 0.30049405039405036, 0.1730336441336441, 0.23330752580752578], [0.20715493950493946, 0.2590196783608548, 0.26372752443634784, 0.2700978576978578], [0.2040017482517484, 0.28736937024963355, 0.20973050838050838, 0.29889837311810985], [0.221237445887446, 0.27288281718281726, 0.2676125097125098, 0.23826722721722726], [0.2974683316683316, 0.2593291486291487, 0.2048713897213897, 0.23833112998113], [0.2991629703629704, 0.3278357864357863, 0.15772063492063498, 0.21528060828060827], [0.27162800369565077, 0.24296373071373073, 0.21110540178775475, 0.27430286380286384], [0.3468973470973469, 0.24482531912531932, 0.14529948384948388, 0.26297784992785], [0.31495783317989207, 0.2588479213596862, 0.16765927128427138, 0.2585349741761508], [0.32418590298590316, 0.2645986735486737, 0.09904042624042622, 0.31217499722499703]]}, "rewritten": {"ids": ["97105760", "97106000", "97106591", "97109080", "97111790", "97112170", "97112290", "97116401", "97116410", "98106111", "98107010", "98107380", "98108520", "98108970", "98109090", "98110680", "98112300", "98116500", "98120530", "99107560", "99107950", "99108000", "99108890", "99109141", "99109161", "99109840", "99110050", "99111440", "99112531", "99113260", "99120010", "100108080", "100109910", "100110260", "100111270", "100111380", "100116500", "100117420", "101109000", "101109370", "101110200", "101111310", "101111620", "101112201", "101112690", "101114020", "101115190", "101119030", "101119591", "102110850", "102112030", "102116340", "102117351", "102121700", "103109641", "103110100", "103110840", "103111170", "103120780", "104111380", "104111550", "104111711", "104111780", "104113210", "104113240", "104114240", "104114410", "104116980", "105112130", "105112240", "105112260", "105113190", "105113210", "105113620", "105114220", "105115720", "105119950", "106114280", "106115240", "106115250", "106116640", "106116850", "106120640", "106121220", "107113130", "107114321", "107115250", "107116300", "107120260", "107121540", "108113620", "108114180", "108115500", "108118291", "108118810", "108119330", "108120060", "108120280", "108121160", "108121190", "109116040", "109116170", "109117630", "109117730", "109119450", "109119460", "110113591", "110114950", "110117110", "110118181", "110118701", "110119300", "110120540", "111114171", "111115770", "111115910", "111116110", "111116411", "111117000", "111118810", "111119150", "111119950", "111120220", "112116501", "112117030", "112118511", "112118930", "112119320", "112119580", "112119610", "112120290", "112121360", "113117401", "113117550", "113118421", "113119480", "113120531", "113121010", "113121680", "113122170", "113122220", "113122430"], "labels": [0, 0, 1, 2, 2, 0, 1, 3, 3, 0, 3, 1, 2, 3, 1, 2, 2, 2, 1, 1, 1, 2, 0, 3, 3, 2, 3, 3, 3, 0, 2, 0, 2, 3, 2, 3, 2, 2, 1, 1, 2, 3, 3, 0, 1, 3, 1, 3, 0, 3, 2, 3, 1, 1, 1, 1, 1, 2, 1, 3, 1, 1, 3, 3, 2, 0, 1, 1, 1, 1, 3, 3, 3, 0, 3, 1, 3, 3, 1, 2, 3, 3, 3, 1, 1, 0, 2, 0, 1, 2, 3, 1, 3, 3, 1, 0, 1, 3, 2, 1, 0, 0, 0, 3, 3, 1, 0, 0, 0, 1, 3, 1, 1, 3, 3, 2, 3, 0, 0, 0, 3, 0, 3, 3, 2, 1, 1, 1, 3, 0, 1, 3, 3, 3, 3, 3, 0, 2, 1, 1, 1, 2], "predicted_labels": [1, 3, 0, 0, 0, 0, 1, 1, 1, 0, 0, 0, 1, 1, 3, 3, 0, 1, 3, 1, 2, 1, 1, 0, 0, 1, 0, 0, 0, 1, 1, 2, 3, 0, 1, 0, 3, 1, 3, 1, 3, 3, 1, 0, 3, 3, 3, 3, 0, 3, 1, 3, 0, 3, 0, 1, 1, 0, 3, 0, 3, 0, 0, 0, 1, 1, 3, 1, 1, 3, 3, 0, 3, 1, 3, 1, 0, 0, 0, 1, 1, 1, 1, 1, 1, 0, 1, 1, 0, 0, 0, 1, 1, 1, 1, 1, 1, 3, 1, 1, 3, 1, 0, 3, 1, 1, 1, 0, 1, 1, 3, 0, 1, 0, 1, 1, 3, 0, 3, 0, 1, 0, 0, 0, 1, 1, 3, 1, 3, 1, 3, 1, 1, 3, 0, 1, 0, 1, 1, 1, 0, 1], "confidence_scores": [[0.2560109668109669, 0.30330158730158724, 0.17295259740259747, 0.2677348484848486], [0.23531422466422477, 0.23568173689056046, 0.21877612387612405, 0.31022791456909093], [0.3882255466755468, 0.3192796239708004, 0.11910226081108437, 0.17339256854256865], [0.2646273448773449, 0.25367796647796664, 0.2228220196470197, 0.25887266899766903], [0.3328489232989231, 0.272658130758131, 0.15746885891885892, 0.23702408702408717], [0.26634319683584384, 0.2580743423243425, 0.2141436163509695, 0.2614388444888447], [0.25129650627150635, 0.2872471758633525, 0.21201981351981355, 0.24943650434532802], [0.2812919191919191, 0.29138512321012344, 0.18626054778554785, 0.24106240981240978], [0.2588218115218116, 0.29735000832500835, 0.18338695748695752, 0.2604412226662226], [0.3129398934398935, 0.2637585581085582, 0.15799663669663674, 0.26530491175491194], [0.3110078623990389, 0.225991341991342, 0.19513196248196257, 0.26786883312765675], [0.3224717532467529, 0.23787671772671776, 0.18164846264846263, 0.25800306637806636], [0.30443551840316535, 0.35039751914751915, 0.14370754408989703, 0.20145941835941852], [0.19423532382650033, 0.3035205405705404, 0.23540802334919989, 0.26683611225375947], [0.2656488106664578, 0.2579867687867689, 0.19200504103739396, 0.2843593795093794], [0.23674183316683325, 0.28341646409146404, 0.19500488400488408, 0.2848368187368188], [0.33551611166611145, 0.24707842712842734, 0.18551452991453, 0.23189093129093147], [0.27418194974959686, 0.28327774251891896, 0.21301025086025083, 0.22953005687123348], [0.263847324897325, 0.25812639582639596, 0.21034422244422254, 0.267682056832057], [0.257474816849817, 0.2755703419129891, 0.19702014815250116, 0.26993469308469326], [0.19819058441558463, 0.2652130655292421, 0.26870580171462516, 0.2678905483405484], [0.20372042957042968, 0.32692318237318235, 0.21501520701520727, 0.25434118104118114], [0.21496033966033967, 0.30769942279942275, 0.24451289266289292, 0.23282734487734516], [0.43620665249782886, 0.22521601535719188, 0.11500895215895217, 0.22356837998602708], [0.3057332001332001, 0.2960595734331029, 0.14137677355324416, 0.25683045288045286], [0.2147222927399399, 0.29656100370218, 0.23546864965100262, 0.2532480539068775], [0.3601779276279274, 0.27137428127428137, 0.12856443001443002, 0.23988336108336114], [0.2580235597735599, 0.2445678932178933, 0.24531811521811525, 0.25209043179043183], [0.34190488008723324, 0.2457855517031989, 0.1560798423798424, 0.2562297258297258], [0.26405984962749673, 0.28410850260850257, 0.2106920762244294, 0.24113957153957175], [0.2626487456987458, 0.26553438783438804, 0.22778610278610284, 0.24403076368076387], [0.252665515040515, 0.24253110500610517, 0.2574208458208459, 0.24738253413253417], [0.22552315739815756, 0.2553424547674548, 0.25000019980019983, 0.26913418803418815], [0.32290967365967366, 0.2882623265623266, 0.1499697635697636, 0.2388582362082363], [0.20655629370629372, 0.2888250674162437, 0.23116554197436553, 0.273453096903097], [0.28129865853101155, 0.26705602012366725, 0.21084080559962928, 0.2408045157456922], [0.2205875901875902, 0.2594853535353537, 0.25019526584526586, 0.26973179043179046], [0.21109594686359395, 0.30803354978354974, 0.19350383668618962, 0.2873666666666667], [0.2674364191364192, 0.27009582084582073, 0.15760798090798098, 0.30485977910977924], [0.22836911976911983, 0.27649679128061483, 0.2553391691641693, 0.23979491978609643], [0.25173604728604737, 0.2587466550992868, 0.1960861232334918, 0.29343117438117444], [0.21684712787212795, 0.27563179320679315, 0.22693435126964542, 0.28058672765143355], [0.2505882506382506, 0.2877258380508382, 0.19498045288045293, 0.26670545843045845], [0.3574696248196247, 0.2958968253968256, 0.13219307359307364, 0.21444047619047613], [0.2675699050949052, 0.24778422965922972, 0.2068595460095461, 0.27778631923631925], [0.2684510256083787, 0.26128976889123967, 0.19486645021645033, 0.2753927552839317], [0.23758884069147235, 0.2522241019214704, 0.22700567210567224, 0.28318138528138553], [0.21478180153180174, 0.26958542013542025, 0.23155690975690985, 0.2840758685758686], [0.34141535686535673, 0.24234186924186935, 0.1478821511821512, 0.2683606227106229], [0.2550312964812967, 0.27523227328227323, 0.1936414363414365, 0.27609499389499387], [0.24681374181374188, 0.2642726218226219, 0.24215055500055502, 0.24676308136308137], [0.24657594905094915, 0.2766299767226239, 0.19529970421735146, 0.28149437000907584], [0.3369585692085691, 0.28462585192585205, 0.13478248973248977, 0.24363308913308926], [0.24528713590331247, 0.26039914252414254, 0.21738845272374693, 0.2769252688487984], [0.29027091242091235, 0.2535355866355867, 0.19442702297702305, 0.261766477966478], [0.23290065653300962, 0.31420416087180797, 0.20132414807414817, 0.25157103452103463], [0.2276287712287713, 0.28763271173271177, 0.21314955044955053, 0.27158896658896675], [0.2891420607170608, 0.26823234543234553, 0.16952734210234224, 0.27309825174825175], [0.24793212343212354, 0.2632570447096764, 0.2012951475425161, 0.28751568431568425], [0.3096841436341436, 0.25508539238539246, 0.17860748695748696, 0.25662297702297715], [0.19427887667887672, 0.26600624930624944, 0.2571223831723831, 0.2825924908424908], [0.32443156565656567, 0.2934634226884226, 0.140778687978688, 0.24132632367632367], [0.31677439782439776, 0.29013767898767895, 0.17190860805860797, 0.2211793151293152], [0.27854927849927863, 0.27639116079998416, 0.1681052503052503, 0.2769543103954868], [0.23015448995449012, 0.31783878898878903, 0.18929821289821286, 0.2627085081585082], [0.21016892274392288, 0.30203449605949606, 0.22609875679875682, 0.2616978243978247], [0.21641185481185488, 0.257964862914863, 0.22166032301032315, 0.3039629592629592], [0.22122619047619074, 0.3023760683760684, 0.21660478965478985, 0.2597929514929517], [0.26053934051844274, 0.30512152361742145, 0.1918732045732046, 0.24246593129093133], [0.19247518037518038, 0.2743631313131315, 0.22172012987013004, 0.3114415584415584], [0.23445680985680994, 0.2729392052392053, 0.20526868131868145, 0.2873353035853035], [0.2993956931956932, 0.24321003441003444, 0.1661983183483184, 0.29119595404595405], [0.23718354423354432, 0.2640011821511823, 0.1898152569652571, 0.3090000166500168], [0.22040850701586, 0.2953934069198776, 0.2344896742146743, 0.2497084118495884], [0.24977897102897112, 0.2634493117993117, 0.21708544462073875, 0.26968627255097843], [0.2095244699744699, 0.2948694694194696, 0.24327955377955374, 0.252326506826507], [0.32215423465423476, 0.2711353719380037, 0.1898495764469449, 0.21686081696081697], [0.28549083139083137, 0.24044528527028539, 0.19068665501165516, 0.28337722832722834], [0.3606749028749027, 0.29630241980242, 0.15791637806637804, 0.18510629925629937], [0.2432414973914975, 0.2761909923409925, 0.2236324897324898, 0.2569350205350206], [0.24578068989833693, 0.2858633307868604, 0.19443842823842825, 0.2739175510763748], [0.20381898771163484, 0.29309276556776537, 0.2549542085365616, 0.24813403818403817], [0.25958695193695214, 0.3080000027750027, 0.1911435647685648, 0.24126948051948058], [0.2096654401154402, 0.32921292041292055, 0.1964468475968478, 0.2646747918747921], [0.2509622762858059, 0.2731861344537815, 0.23154790764790775, 0.2443036816125052], [0.3936716616716616, 0.2571747530247532, 0.12083088023088023, 0.2283227050727052], [0.19387841047841048, 0.31312728733255063, 0.20658986568986576, 0.2864044364991735], [0.22078534798534802, 0.2897371739371739, 0.20297700861230278, 0.28650046946517527], [0.27929098679098674, 0.27101372516372535, 0.17800632700632715, 0.2716889610389613], [0.2717148074148074, 0.2592634032634034, 0.19932818847818853, 0.2696936008436008], [0.29125767565767585, 0.2775739565989566, 0.1493457875457876, 0.2818225801975803], [0.21558597513597527, 0.3254100713012476, 0.19751222862105217, 0.261491724941725], [0.21939259074259077, 0.2900435342435342, 0.22383992118992135, 0.26672395382395375], [0.3130539183039183, 0.3137866910866909, 0.11488318903318902, 0.2582762015762016], [0.21686727439227443, 0.318676904468081, 0.19739585414585417, 0.26705996699379064], [0.22266624649859942, 0.2845172255848726, 0.20963696303696325, 0.28317956487956497], [0.25913749306249323, 0.32917427849927855, 0.196881673881674, 0.21480655455655462], [0.2496882287646994, 0.27888458012575656, 0.172216860916861, 0.2992103301926831], [0.2143032051282051, 0.3313084942834944, 0.17096449661449659, 0.28342380397380407], [0.26502980907980905, 0.2836926351426352, 0.18196459651459662, 0.2693129592629592], [0.2346025530025531, 0.2708754856254857, 0.20515822510822523, 0.2893637362637364], [0.27677011599511614, 0.28445025252525247, 0.17109059829059833, 0.2676890331890332], [0.29017297147297144, 0.27510925740925746, 0.19237729492729508, 0.24234047619047633], [0.2597043290043291, 0.24136335053835065, 0.2325645937395939, 0.2663677267177268], [0.2294118717883424, 0.30498740116093065, 0.21242517205017208, 0.25317555500055505], [0.23124977244977252, 0.26061332001332005, 0.24970920745920752, 0.2584277000777001], [0.3083101953601952, 0.31524064546564556, 0.15327735597735612, 0.22317180319680321], [0.2663992562992565, 0.2632209457209457, 0.2140893495393496, 0.25629044844044857], [0.26455742590742604, 0.30246265956265994, 0.172150555000555, 0.26082935952935976], [0.27308127428127427, 0.32922836052836063, 0.1674543123543124, 0.23023605283605292], [0.2755404872904874, 0.25838957708957716, 0.16527712842712844, 0.30079280719280727], [0.2747988586576824, 0.2605502353855297, 0.1910488677988678, 0.2736020381579205], [0.2335236041736042, 0.3176178710178711, 0.20532254967254973, 0.2435359751359752], [0.3466971361971364, 0.2588399517149519, 0.11831045343545349, 0.2761524586524587], [0.2989647852147853, 0.30555762015762006, 0.15262525807525812, 0.24285233655233662], [0.2525017871017871, 0.27099586883704535, 0.2074557775557777, 0.2690465665053901], [0.2449759462759464, 0.2602893495393497, 0.2096713120213122, 0.28506339216339227], [0.3545497280497279, 0.24434826284826305, 0.143501936951937, 0.25760007215007213], [0.22862831808714168, 0.24377102897102895, 0.21130524834642486, 0.3162954045954046], [0.27723271450771464, 0.25998101147218805, 0.19073375235875242, 0.27205252166134536], [0.24348005883005894, 0.27905380175380184, 0.2044457708957711, 0.27302036852036865], [0.29730162060162046, 0.2700402097902097, 0.1675933621933623, 0.26506480741480754], [0.2976445887445888, 0.29065346320346314, 0.19342243867243872, 0.21827950937950938], [0.3432784632034632, 0.26647038239538245, 0.14365460095460109, 0.24659655344655343], [0.2474102508602508, 0.27908833111333126, 0.21598285880785892, 0.25751855921855926], [0.2509798840048842, 0.29094118381618383, 0.17714261571761566, 0.2809363164613165], [0.2670314241314241, 0.26281487956487976, 0.18955529470529475, 0.28059840159840155], [0.22796995226995243, 0.31212163392163395, 0.20216104451104452, 0.25774736929736936], [0.25820170385170393, 0.2644107781107783, 0.19769415584415592, 0.27969336219336216], [0.24074364524364542, 0.26844309579309583, 0.2616229215229216, 0.2291903374403375], [0.2559029803529804, 0.2635799200799202, 0.19945976245976252, 0.2810573371073372], [0.23992284382284373, 0.31030423260949597, 0.15747525807525806, 0.2922976654924023], [0.2790583638583639, 0.3676019702519701, 0.13671909756909761, 0.21662056832056856], [0.22545802530802544, 0.28269982239982255, 0.19431667776667788, 0.2975254745254746], [0.30199210234210244, 0.22595052170052174, 0.17611847596847607, 0.2959388999889], [0.2620463092463093, 0.2860626373626375, 0.18472180597180615, 0.26716924741924736], [0.29910679320679323, 0.27362021867021874, 0.1442782384282384, 0.2829947496947498], [0.26539294039294054, 0.3255865467865469, 0.1789728937728938, 0.23004761904761908], [0.2165386122047887, 0.30246070873570885, 0.22257014652014662, 0.2584305325393563], [0.2125061993561994, 0.278882217782218, 0.24736713841713848, 0.26124444444444456], [0.31553998778998765, 0.256101270951271, 0.1766359196359197, 0.2517228216228216], [0.21364004884004884, 0.3142802475302475, 0.21681212676212677, 0.25526757686757695]]}}