{"test": {"ids": ["98116940", "99111440", "110115980", "111120640", "107118780", "111120190", "104111990", "100108580", "111116110", "104113240", "102116340", "113119450", "112118930", "109119591", "102112250", "103111830", "109117080", "105113330", "106119990", "110114561", "110113591", "98116090", "108119550", "100111380", "101121640", "107121640", "98110710", "112120640", "101116130", "106113360", "99107560", "110114720", "106114011", "111116530", "112116800", "106113830", "99111930", "108114360", "109117730", "110116441", "99107950", "102109840", "111115910", "101119030", "98116500", "112118860", "97112170", "110120700", "106119580", "108115250", "106114880", "111119340", "108120621", "103120340", "108114670", "101108080", "99111000", "108118520", "99113260", "105113440", "102110750", "111116750", "109113881", "106116850", "113122430", "103113270", "99108520", "108113480", "113120070", "112116401", "105114220", "104112201", "97113900", "107112840", "109115380", "113119700", "107120260", "111117000", "105112130", "101114020", "110118880", "103111170", "97107681", "110120640", "113121220", "105120621", "107113170", "100109980", "101119591", "106113170", "100111080", "105110251", "101108621", "111120260", "108118810", "111118810", "112118620", "102116500", "113118870", "112116900", "104113170", "98108150", "111116170", "107113550", "105113620", "98110810", "111114171", "101111140", "104113550", "100111620", "106111321", "108115070", "112119610", "98108580", "104119290", "104113210", "110121500", "107116980", "100107920", "107120010", "111119580", "97106820", "109116040", "107115250", "110114950", "106112770", "105115250", "110119300", "98108520", "109114651", "108121160", "110114920", "109118820", "99112300", "106113260", "104118070", "103111990", "103110840", "110120190", "103112470", "105117351", "111114321"], "labels": [2, 3, 1, 0, 1, 3, 2, 0, 3, 2, 3, 3, 1, 0, 0, 3, 1, 3, 0, 0, 0, 0, 1, 3, 2, 1, 2, 0, 2, 0, 1, 3, 1, 3, 0, 1, 1, 1, 3, 3, 1, 2, 2, 3, 2, 3, 0, 2, 3, 1, 0, 3, 1, 1, 3, 0, 2, 0, 0, 0, 1, 3, 0, 3, 2, 2, 2, 0, 2, 0, 3, 0, 2, 1, 3, 0, 1, 0, 1, 3, 0, 2, 3, 0, 3, 1, 0, 1, 0, 0, 0, 0, 0, 3, 1, 0, 3, 1, 0, 3, 3, 0, 0, 0, 0, 1, 3, 2, 1, 3, 0, 1, 0, 0, 1, 3, 3, 3, 0, 1, 3, 1, 0, 2, 0, 1, 2, 1, 2, 3, 2, 3, 3, 0, 3, 2, 2, 1, 3, 1, 0, 1], "predicted_labels": [1, 1, 1, 1, 3, 3, 1, 1, 1, 1, 3, 1, 3, 1, 3, 3, 1, 3, 3, 3, 3, 3, 3, 1, 1, 3, 1, 3, 1, 3, 1, 3, 1, 3, 3, 0, 3, 3, 1, 3, 1, 1, 1, 2, 3, 3, 0, 3, 1, 3, 1, 3, 1, 1, 1, 1, 3, 0, 1, 1, 1, 3, 1, 1, 1, 1, 1, 1, 1, 3, 3, 3, 1, 1, 1, 1, 3, 1, 1, 1, 0, 0, 1, 3, 3, 3, 0, 3, 1, 1, 3, 1, 1, 3, 1, 3, 1, 1, 1, 1, 1, 1, 1, 1, 3, 1, 3, 3, 0, 3, 3, 1, 1, 3, 1, 3, 3, 0, 0, 3, 0, 3, 3, 3, 3, 1, 1, 3, 1, 1, 1, 1, 1, 3, 1, 1, 3, 1, 1, 3, 3, 1], "confidence_scores": [[0.18294520675403042, 0.3446470695970695, 0.21226561771561778, 0.26014210593328263], [0.19392832526950188, 0.31736830391830406, 0.2014671625759862, 0.28723620823620816], [0.24258059163059176, 0.2835330574654105, 0.19241545709192776, 0.2814708938120705], [0.23753212898212908, 0.2975034354534354, 0.1864521645021646, 0.278512271062271], [0.24295633255633248, 0.27774591519591507, 0.16852992285492296, 0.3107678293928295], [0.2521338319832903, 0.241311636402813, 0.2109931943873121, 0.295561337226585], [0.21133204295704308, 0.3142069585643115, 0.19748055669820394, 0.2769804417804419], [0.23010850375115088, 0.2878975552225551, 0.20672500832500856, 0.27526893270128566], [0.25055899933399955, 0.26572212232212233, 0.22536777111777115, 0.2583511072261074], [0.2261187368187369, 0.30416559376296226, 0.2141098346098348, 0.2556058348084665], [0.20994732326497043, 0.2944100843600845, 0.19501967672850043, 0.30062291564644505], [0.24925778110778132, 0.3101642468642469, 0.1631057109557111, 0.2774722610722611], [0.23921114718614728, 0.2653197635697637, 0.1970699411699414, 0.2983991480741481], [0.1884194749694749, 0.3168136280386282, 0.19197939560439573, 0.30278750138750143], [0.2724499861249862, 0.22922036852036867, 0.1816535325785327, 0.31667611277611285], [0.21923896103896112, 0.24105931568431582, 0.23061089466089468, 0.3090908286158286], [0.2024401820401821, 0.3382611999111998, 0.1769, 0.2823986180486182], [0.23895546675546683, 0.2799657231657233, 0.15017689532689532, 0.33090191475191466], [0.2450405261405263, 0.2525911865911867, 0.20437138972138993, 0.2979968975468976], [0.24214556277056276, 0.27590645400351294, 0.17406409146409157, 0.30788389176183284], [0.2272973947621008, 0.3009707958707958, 0.1535669817110994, 0.318164827656004], [0.24134783190665557, 0.2847726864638631, 0.1879030192030193, 0.2859764624264624], [0.19602731712731722, 0.2744787260125495, 0.24403844766344773, 0.2854555091966859], [0.26636661671661693, 0.27632198357198356, 0.21712155067155073, 0.24018984903984905], [0.2264675213675214, 0.3093543262293262, 0.21775782273282282, 0.24642032967032984], [0.2211665362415364, 0.27269778554778573, 0.20342624516006888, 0.30270943305060954], [0.1990106504606505, 0.2956157842157843, 0.25666407481407477, 0.24870949050949068], [0.2527745543672015, 0.2577793778117307, 0.1830548340548341, 0.30639123376623395], [0.2297119832781599, 0.30821941114441115, 0.2150024475524476, 0.24706615802498164], [0.24113035853035839, 0.2689834665334666, 0.18605796980796985, 0.303828205128205], [0.19307355626829314, 0.3151277961804276, 0.19678821733821739, 0.2950104302130618], [0.17168167943167956, 0.30460796148296143, 0.21357463369963378, 0.3101357253857254], [0.19506092796092808, 0.32339741206505895, 0.2008696026196027, 0.2806720573544103], [0.2173184953934954, 0.27689009324009334, 0.2167321650571651, 0.28905924630924645], [0.17510902186049246, 0.3087589926413456, 0.19409164250781902, 0.3220403429903432], [0.29738236763236764, 0.26284389499389516, 0.17016006771006775, 0.2696136696636698], [0.20051610725875435, 0.28288129256364564, 0.18058027528027548, 0.33602232489732475], [0.23230990880464578, 0.27518177451203774, 0.19898412975912988, 0.2935241869241871], [0.21332685647685648, 0.343072324897325, 0.1763005827505828, 0.26730023587523594], [0.20391711376858443, 0.28861075395193037, 0.19071723276723282, 0.3167548995122525], [0.18143215118215117, 0.2946150627150628, 0.27504920634920627, 0.24890357975357985], [0.18708196248196263, 0.3285799700299702, 0.20976642246642246, 0.27457164502164505], [0.24741355866355866, 0.2899229231552761, 0.20069573596338308, 0.2619677822177824], [0.23244102874249944, 0.24477411363146676, 0.26395200632700627, 0.25883285129902794], [0.28487809135309133, 0.22269773674038396, 0.17779106253223906, 0.3146331093742857], [0.21506797646797668, 0.2947480641907113, 0.1743825940399472, 0.31580136530136543], [0.28021367521367524, 0.26662368362631533, 0.18506430616167463, 0.26809833499833513], [0.2073748473748475, 0.279705932955933, 0.1997448051948051, 0.3131744144744145], [0.19490239205239215, 0.29612640137640145, 0.2394299533799535, 0.26954125319125327], [0.23443405401787765, 0.253744306510483, 0.20252038794538801, 0.30930125152625143], [0.20154920634920656, 0.2825698801198802, 0.23389647574647582, 0.28198443778443794], [0.19834135031635033, 0.2527907925407925, 0.24659331224331238, 0.3022745448995449], [0.2539687090687093, 0.29343477633477627, 0.18291883671883663, 0.26967767787767777], [0.21395154845154846, 0.2820714146964148, 0.22684904539904563, 0.2771279914529916], [0.21975393495393494, 0.3175069985569983, 0.1710916583416584, 0.2916474081474079], [0.25285466396348766, 0.31002938172938166, 0.1633928016428017, 0.27372315266432923], [0.20405297480297485, 0.27973066716565154, 0.23637776884278436, 0.2798385891885894], [0.28556838161838166, 0.2688313880563881, 0.17915209235209237, 0.2664481379731379], [0.1880061688311689, 0.30964885114885105, 0.21639236596736613, 0.2859526140526142], [0.20002161727161744, 0.33883161283161284, 0.17393565878565892, 0.28721111111111136], [0.18886126826389998, 0.2980278204251889, 0.26723787878787897, 0.24587303252303275], [0.2547671753083517, 0.2649640526140525, 0.17545019980019985, 0.30481857227739556], [0.27247677600177594, 0.2986178515928517, 0.17924673104673108, 0.24965864135864155], [0.18092281586662404, 0.3012741296714981, 0.2777169183757419, 0.2400861360861362], [0.19796136086136093, 0.3117289432789434, 0.2014477189477191, 0.28886197691197685], [0.15840312579577298, 0.3096781257957729, 0.24550615022232664, 0.28641259818612785], [0.1928295926295928, 0.32217723007986165, 0.23314840539577392, 0.25184477189477206], [0.17918839216339222, 0.32138243700743724, 0.21699066489066493, 0.28243850593850606], [0.21217799977799992, 0.3394849891938128, 0.18141742146742149, 0.26691958956076617], [0.3129060328560329, 0.23191098725835577, 0.13773889998890004, 0.31744407989671153], [0.21095386868033936, 0.2648740287490289, 0.21891592851592873, 0.3052561740547035], [0.23850373874491523, 0.27825935730935736, 0.1718772283272284, 0.3113596756184991], [0.22902784992785, 0.3018579503829503, 0.2023517399267398, 0.26676245976245994], [0.21952750109367763, 0.2956234998661468, 0.19525432231167536, 0.2895946767285003], [0.19916968619615685, 0.3076103626765389, 0.2197345515595517, 0.27348539956775264], [0.19286988289488302, 0.3351593406593408, 0.173798001998002, 0.2981727744477747], [0.2079143245643247, 0.28696412476412486, 0.18301623931623937, 0.3221053113553112], [0.1995558477470244, 0.31012865957571845, 0.21581137196137207, 0.2745041207158854], [0.17334643167290234, 0.33874044452279756, 0.1940498648410414, 0.2938632589632591], [0.237388767931415, 0.30273217060717067, 0.16210799478299479, 0.2977710666784196], [0.293820326895327, 0.270639541014541, 0.14240439005439015, 0.293135742035742], [0.31037594350094355, 0.2520607364857365, 0.1823190032190032, 0.25524431679431686], [0.26668581141081144, 0.2961560994560996, 0.1743803973803974, 0.26277769175269183], [0.215046411921412, 0.2783807498057499, 0.22081978854478862, 0.2857530497280499], [0.2400642726554492, 0.2609396603396605, 0.20792846597846598, 0.2910676010264244], [0.2882384821061291, 0.26970899100899115, 0.14956436896436898, 0.29248815792051114], [0.27346902933667644, 0.2630357253857254, 0.19784009879009892, 0.26565514648749955], [0.23392895642369343, 0.2709913121965755, 0.1904480241980243, 0.3046317071817071], [0.255560510404628, 0.3035090889502654, 0.18031663891663896, 0.2606137617284675], [0.21920348540348542, 0.33102380952380933, 0.13257784992785, 0.31719485514485535], [0.20523241758241775, 0.293997546897547, 0.19910278610278623, 0.30166724941724954], [0.224074025974026, 0.32395993450993454, 0.16176228771228773, 0.2902037518037518], [0.24094799644799664, 0.28917538572538565, 0.18836845931845947, 0.28150815850815825], [0.27400442531324887, 0.24596752691752694, 0.1915051948051949, 0.2885228529640296], [0.18870229492729496, 0.32802974802974777, 0.1767601981351982, 0.30650775890775894], [0.23588069234686887, 0.24285098790098794, 0.19284245754245766, 0.32842586220968567], [0.2339789558137082, 0.3290090270840271, 0.16489691974691983, 0.27211509735534506], [0.19420680626562983, 0.32028744115361774, 0.22798486431868786, 0.25752088826206493], [0.23180391027101555, 0.3046199855699856, 0.19275334942834949, 0.2708227547306496], [0.22523167388167387, 0.324429856254856, 0.17366108891108897, 0.276677380952381], [0.19708913390531047, 0.31791029803529797, 0.20181570929070927, 0.28318485876868243], [0.21334186205950925, 0.2773940541914227, 0.2477174972086738, 0.2615465865403948], [0.2660900432900434, 0.2908245160068689, 0.16079871631636342, 0.28228672438672414], [0.20498772893772899, 0.3063726606726607, 0.2038140692640694, 0.28482554112554087], [0.20703270063270077, 0.28773163780663785, 0.20951858419358427, 0.2957170773670774], [0.23060479797979816, 0.31438858918858925, 0.22296966921966932, 0.23203694361194369], [0.20913965315730038, 0.30142589077589077, 0.1664477355977356, 0.32298672046907345], [0.22652373737373746, 0.26027978410478414, 0.20065487012987016, 0.31254160839160866], [0.318091996891997, 0.2760376845376846, 0.14030319680319686, 0.26556712176712177], [0.24801566325831034, 0.2603912484574249, 0.2168717726717728, 0.2747213156124923], [0.22531016761016764, 0.27610613275613294, 0.18797131757131766, 0.3106123820623822], [0.2168961510711512, 0.32169119214119224, 0.1967879786879787, 0.2646246780996782], [0.16285364439482106, 0.33938719058719063, 0.21756499807382174, 0.280194166944167], [0.19778434898434905, 0.24930572205572205, 0.23584261849261862, 0.31706731046731035], [0.23389837107337103, 0.30707676212676227, 0.21324456099456096, 0.2457803058053058], [0.20676942779442792, 0.2831123099123099, 0.1848449883449884, 0.3252732739482737], [0.27838416583416586, 0.2560364129334718, 0.1766670246420248, 0.28891239659033774], [0.290673842823843, 0.29002399267399265, 0.16686012321012325, 0.2524420412920414], [0.3338650349650349, 0.24722113997114004, 0.1898561272061273, 0.22905769785769806], [0.21406097317714973, 0.27194227994228004, 0.19888955962338314, 0.31510718725718734], [0.31313934398934407, 0.2679784215784217, 0.16912337107337114, 0.2497588633588635], [0.257829451104451, 0.2631598112671643, 0.17801867968632676, 0.30099205794205797], [0.19804025419025423, 0.29700778110778103, 0.18222933732933724, 0.32272262737262747], [0.16129877622377628, 0.31699187201687185, 0.19732349317349315, 0.3243858585858586], [0.24137023678935463, 0.2607862808759868, 0.2141954969866736, 0.28364798534798535], [0.20327220410308663, 0.2792579642579643, 0.238734933204051, 0.2787348984348985], [0.22015568598068602, 0.2892782356532356, 0.22367712842712847, 0.26688894993894996], [0.2229415473415474, 0.28243072483072473, 0.19609091464091472, 0.29853681318681297], [0.28747234709734715, 0.2878311809535494, 0.1574604673104673, 0.2672360046386362], [0.20869115884115888, 0.3269675990675991, 0.1527608114108114, 0.3115804306804307], [0.2136387612387613, 0.3213363525363525, 0.17573787323787335, 0.2892870129870131], [0.2144544657956423, 0.32608710652093004, 0.20471925019425025, 0.25473917748917757], [0.22129135864135885, 0.337427811077811, 0.18608201243201258, 0.255198817848818], [0.23513038464803188, 0.26682674906792553, 0.19057166722166735, 0.30747119906237547], [0.19025756188256188, 0.35157959817959794, 0.20171323121323123, 0.2564496087246089], [0.2096112312524077, 0.30742205017205004, 0.19710038295038304, 0.2858663356251594], [0.2376424262012499, 0.2470003587915353, 0.19957960927960944, 0.3157776057276056], [0.2331957201295437, 0.30963705477529, 0.1829943306693308, 0.2741728944258357], [0.23381181318681318, 0.32080208876091243, 0.1726132006882008, 0.2727728973640739], [0.2290504273504274, 0.26172307867571043, 0.23460362240099106, 0.2746228715728716], [0.2586676065764301, 0.2874576126487891, 0.14786265956265965, 0.3060121212121212], [0.21504098124098128, 0.30857339327339334, 0.17972556332556333, 0.2966600621600623]]}, "rewritten": {"ids": ["97106820", "97107681", "97112170", "97113900", "98108150", "98108520", "98108580", "98110710", "98110810", "98116090", "98116500", "98116940", "99107560", "99107950", "99108520", "99111000", "99111440", "99111930", "99112300", "99113260", "100107920", "100108580", "100109980", "100111080", "100111380", "100111620", "101108080", "101108621", "101111140", "101114020", "101116130", "101119030", "101119591", "101121640", "102109840", "102110750", "102112250", "102116340", "102116500", "103110840", "103111170", "103111830", "103111990", "103112470", "103113270", "103120340", "104111990", "104112201", "104113170", "104113210", "104113240", "104113550", "104118070", "104119290", "105110251", "105112130", "105113330", "105113440", "105113620", "105114220", "105115250", "105117351", "105120621", "106111321", "106112770", "106113170", "106113260", "106113360", "106113830", "106114011", "106114880", "106116850", "106119580", "106119990", "107112840", "107113170", "107113550", "107115250", "107116980", "107118780", "107120010", "107120260", "107121640", "108113480", "108114360", "108114670", "108115070", "108115250", "108118520", "108118810", "108119550", "108120621", "108121160", "109113881", "109114651", "109115380", "109116040", "109117080", "109117730", "109118820", "109119591", "110113591", "110114561", "110114720", "110114920", "110114950", "110115980", "110116441", "110118880", "110119300", "110120190", "110120640", "110120700", "110121500", "111114171", "111114321", "111115910", "111116110", "111116170", "111116530", "111116750", "111117000", "111118810", "111119340", "111119580", "111120190", "111120260", "111120640", "112116401", "112116800", "112116900", "112118620", "112118860", "112118930", "112119610", "112120640", "113118870", "113119450", "113119700", "113120070", "113121220", "113122430"], "labels": [1, 3, 0, 2, 0, 2, 0, 2, 1, 0, 2, 2, 1, 1, 2, 2, 3, 1, 0, 0, 0, 0, 1, 0, 3, 3, 0, 0, 2, 3, 2, 3, 0, 2, 2, 1, 0, 3, 1, 1, 2, 3, 2, 1, 2, 1, 2, 0, 3, 3, 2, 1, 2, 1, 0, 1, 3, 0, 0, 3, 2, 0, 1, 0, 1, 0, 3, 0, 1, 1, 0, 3, 3, 0, 1, 0, 0, 2, 3, 1, 1, 1, 1, 0, 1, 3, 1, 1, 0, 1, 1, 1, 2, 0, 3, 3, 0, 1, 3, 3, 0, 0, 0, 3, 3, 0, 1, 3, 0, 1, 3, 0, 2, 3, 3, 1, 2, 3, 0, 3, 3, 0, 0, 3, 3, 3, 3, 0, 0, 0, 3, 3, 3, 1, 0, 0, 0, 3, 0, 2, 3, 2], "predicted_labels": [3, 0, 1, 1, 1, 1, 3, 1, 1, 3, 0, 1, 1, 1, 1, 1, 1, 1, 3, 1, 0, 1, 1, 1, 1, 0, 1, 1, 0, 1, 1, 0, 0, 1, 1, 1, 3, 1, 1, 1, 3, 3, 3, 3, 1, 1, 1, 0, 1, 1, 1, 3, 1, 1, 1, 1, 1, 1, 1, 3, 1, 1, 0, 1, 1, 1, 1, 3, 3, 1, 1, 1, 1, 1, 3, 1, 1, 3, 0, 3, 1, 3, 3, 1, 1, 1, 1, 3, 0, 1, 1, 1, 1, 1, 1, 1, 3, 1, 1, 1, 0, 1, 1, 1, 1, 3, 1, 1, 0, 1, 1, 1, 3, 1, 1, 1, 3, 3, 1, 3, 0, 1, 0, 3, 0, 0, 1, 1, 3, 1, 1, 1, 1, 1, 1, 3, 3, 1, 1, 1, 3, 1], "confidence_scores": [[0.24002636366901087, 0.27344373845109127, 0.2078559607059608, 0.27867393717393724], [0.3090195942945943, 0.2867550643800644, 0.1545111444111444, 0.24971419691419702], [0.24293420044008282, 0.2825727345753662, 0.21524083388232002, 0.2592522311022313], [0.23048600288600296, 0.2923316738816741, 0.18585425685425697, 0.29132806637806624], [0.22528858755623477, 0.30510925071660355, 0.19839839327339345, 0.27120376845376853], [0.24510827505827507, 0.28700441780441793, 0.19088745143745156, 0.27699985569985563], [0.18773181818181825, 0.2633834609834611, 0.2319917471417473, 0.3168929736929737], [0.19607894327894335, 0.3067240426240425, 0.24534345654345666, 0.2518535575535576], [0.215231890623996, 0.3078137501387502, 0.22690104340104353, 0.25005331583621065], [0.22351312853812857, 0.2636385614385615, 0.1982187590187591, 0.3146295510045511], [0.2994764013764013, 0.24609933677433682, 0.20988710178710188, 0.24453716006216022], [0.20683481795981803, 0.3117903060991295, 0.20192425907425912, 0.2794506168667933], [0.2029617403064772, 0.3014585838138468, 0.2059612498612499, 0.2896184260184262], [0.2061249980411746, 0.29918634143634165, 0.25859872904872905, 0.23608993147375507], [0.20268161005661015, 0.3132450677976993, 0.2650540220013905, 0.21901930014430035], [0.22908527767382267, 0.30117047017310167, 0.209492107892108, 0.26025214426096793], [0.24740658230658244, 0.35027375957375945, 0.14342957042957044, 0.2588900876900877], [0.23258482905982916, 0.28707822732822724, 0.21382824952824955, 0.26650869408369426], [0.24049213955978677, 0.26625795952413595, 0.22480425407925422, 0.26844564683682337], [0.2439637085137087, 0.31894265456765447, 0.19683065545565556, 0.24026298146298158], [0.3843798812298812, 0.27070911310911305, 0.17516154401154416, 0.16974946164946172], [0.24026295093795108, 0.2737046453546454, 0.21626108336108343, 0.2697713203463204], [0.22478746735720428, 0.29628247001536495, 0.21069329939066792, 0.2682367632367633], [0.21110838080048602, 0.30293761238761235, 0.21721897546897564, 0.2687350313429262], [0.24378730991230996, 0.26349153612125753, 0.2356003555268262, 0.25712079843960645], [0.2668495948495947, 0.26362994782994786, 0.22154147519147535, 0.24797898212898234], [0.29019958048487465, 0.2999605319517086, 0.1659259351759353, 0.24391395238748184], [0.2573053113553115, 0.30001467976467966, 0.17960424575424586, 0.26307576312576314], [0.28029813797313813, 0.2596153485403487, 0.20042737817737824, 0.2596591353091355], [0.26534193727668964, 0.2889763780337309, 0.1604170274170276, 0.2852646572725519], [0.2458124189535955, 0.2718894494394496, 0.21265303030303034, 0.26964510130392494], [0.28728037795537803, 0.25522368187368194, 0.19709158064158078, 0.26040435952935964], [0.29092474943357305, 0.2817038794538795, 0.16640596070596084, 0.2609654104065869], [0.21273088578088584, 0.289836385836386, 0.22537498057498073, 0.272057747807748], [0.23367027168737703, 0.31300956265956253, 0.1846403513153514, 0.2686798143377092], [0.1853719391719392, 0.29947881007881016, 0.25132668997669005, 0.26382256077256094], [0.2574251803751805, 0.25056694971694976, 0.17400455100455114, 0.31800331890331907], [0.2245409701409702, 0.280311926961927, 0.21787051837051857, 0.2772765845265846], [0.20404635034727917, 0.3158539413201179, 0.20445468697968708, 0.27564502135291624], [0.26941005106005117, 0.28409373012608297, 0.20166282443047157, 0.2448333943833945], [0.2547980158730159, 0.27042412587412595, 0.19913178765678763, 0.2756460705960706], [0.25877737262737255, 0.2639474386724388, 0.21133644133644144, 0.26593874736374734], [0.22862587412587418, 0.2696458430458432, 0.22424337884337886, 0.2774849039849039], [0.26122169497169495, 0.2587826284826285, 0.21865656010656026, 0.2613391164391168], [0.18243069153069166, 0.28941323398823404, 0.2769482600732601, 0.25120781440781453], [0.19513091826474183, 0.2780212795374559, 0.2509662032412034, 0.2758815989565991], [0.2142701187701188, 0.2978265956265955, 0.22496255411255422, 0.2629407314907315], [0.2921642948554714, 0.26017501387501396, 0.16795249195249207, 0.2797081993170229], [0.24805272864390526, 0.3142016122766121, 0.1867623459873461, 0.25098331309213673], [0.28126088940299476, 0.2823584804084804, 0.18263952158952165, 0.2537411085990034], [0.21821899766899783, 0.29919640082140087, 0.20495661838161852, 0.27762798312798315], [0.2781550449550451, 0.27846593961593974, 0.15434612609612625, 0.28903288933288945], [0.21728756880374542, 0.32066368076368085, 0.19298462925962942, 0.26906412117294476], [0.2359846042846044, 0.3179233433233433, 0.17869442224442225, 0.26739763014763007], [0.2640812606983659, 0.3051963750301986, 0.16365266400266398, 0.26706970026877164], [0.18560241457888527, 0.346723045255398, 0.19961896241013893, 0.26805557775557787], [0.23829241591741596, 0.29491933066933074, 0.18127146464646463, 0.2855167887667889], [0.2021907953157954, 0.32051142191142185, 0.20415923798423802, 0.2731385447885448], [0.2109630758130759, 0.3097437701187702, 0.26621572594072584, 0.21307742812742836], [0.23703286158286163, 0.2593577505827506, 0.2094162615162617, 0.2941931263181262], [0.24275304899778596, 0.316151695440782, 0.1949531052281053, 0.24614215033332693], [0.2816554623481095, 0.29297394631512275, 0.17102432289932298, 0.25434626843744507], [0.3144041514041513, 0.24634521034521042, 0.15375972915972927, 0.28549090909090935], [0.24992487716961412, 0.29732434027960325, 0.18003417693417698, 0.2727166056166057], [0.19957585907384662, 0.2911081252081251, 0.26885960575372336, 0.24045640996430492], [0.2530910692248929, 0.29218312520812506, 0.16901090380208045, 0.2857149017649018], [0.2119396853146852, 0.341760613242966, 0.20876755972785396, 0.2375321417144949], [0.238448174048174, 0.28865045510045517, 0.18370416805416817, 0.28919720279720273], [0.24272164253874798, 0.2507865606615608, 0.21942859362859374, 0.28706320317109796], [0.23083134088134094, 0.31668541458541427, 0.20930837495837504, 0.24317486957486978], [0.27794786529260224, 0.2845707494260127, 0.1947075896325897, 0.2427737956487958], [0.25242851067061606, 0.28497878787878783, 0.23350295815295824, 0.2290897432976381], [0.22192653457653472, 0.27353718503718516, 0.2487310578310579, 0.25580522255522276], [0.2500439560439561, 0.27490939893439903, 0.22169864857364863, 0.2533479964479966], [0.21381534380652034, 0.29101575760840453, 0.1948355605179136, 0.30033333806716167], [0.2518396159396159, 0.29233924963924973, 0.16682723942723948, 0.28899389499389505], [0.24114666999667003, 0.2724116161616162, 0.21646064491064496, 0.26998106893106893], [0.20210441698824044, 0.2959294955044953, 0.20177681207681217, 0.3001892754304519], [0.3079678396766633, 0.28619236678354315, 0.14852195027195034, 0.25731784326784335], [0.23098725996226, 0.2723209151959153, 0.19887514985014987, 0.29781667499167497], [0.20093384197501848, 0.2976454933954934, 0.21428349983349992, 0.2871371647959884], [0.25912547175047185, 0.260510026085026, 0.16085090465090468, 0.3195135975135975], [0.21785366052076588, 0.2761740537240538, 0.21924256576756587, 0.28672971998761476], [0.20959240481740482, 0.326323722682546, 0.20641148573648588, 0.2576723867635633], [0.24130081263765493, 0.2876143502696135, 0.21789733044733045, 0.25318750664540146], [0.20153998223998226, 0.31726325341325334, 0.20942755577755578, 0.2717692085692086], [0.19859029304029313, 0.3444334351922586, 0.1893728576978578, 0.26760341406959054], [0.21162680652680657, 0.27795408480408496, 0.2084506993006993, 0.3019684093684094], [0.2998868353868354, 0.25228701853701857, 0.19835592740592756, 0.24947021867021882], [0.25886886446886453, 0.28922289769054477, 0.17855669493904794, 0.2733515429015428], [0.20622632645132657, 0.3039854062604063, 0.23766495171495186, 0.2521233155733158], [0.2838703087761912, 0.2906267898767897, 0.1928887599328776, 0.2326141414141414], [0.2038741092241093, 0.326490786990787, 0.1865129204129204, 0.28312218337218337], [0.26288608058608065, 0.2818724534839085, 0.17521310736047588, 0.28002835856953506], [0.24492677322677334, 0.2830994172494174, 0.19372041847041857, 0.278253391053391], [0.22609743867243878, 0.2964508325008325, 0.20093855866355884, 0.2765131701631703], [0.20788489843489852, 0.27365505605505613, 0.18931667776667777, 0.3291433677433679], [0.23268572538572557, 0.3282611777111778, 0.18205902985902986, 0.256994067044067], [0.25367404262404264, 0.29965667943167956, 0.18505087690087685, 0.2616184010434011], [0.23341543456543482, 0.31074458319458304, 0.20335646575646585, 0.2524835164835167], [0.298683288933289, 0.28312128427128425, 0.20375686535686552, 0.2144385614385615], [0.2501971492559729, 0.29844530469530456, 0.1780130758130759, 0.27334447023564673], [0.21029484600366966, 0.2947292263292263, 0.2109194397106163, 0.28405648795648797], [0.22485922133422137, 0.2943683538683536, 0.22588728771228775, 0.2548851370851372], [0.2699540401978482, 0.32414639629376474, 0.1704568043068044, 0.23544275920158286], [0.24338451724574037, 0.2473173636820697, 0.21995851174968828, 0.2893396073225021], [0.2327681568431571, 0.29378979794715093, 0.1961921026685733, 0.2772499425411191], [0.2430211177711179, 0.2759391219891219, 0.2095724442224442, 0.2714673160173161], [0.3042785436785437, 0.29076047286047285, 0.18419040404040404, 0.22077057942057948], [0.22203367384249742, 0.2986426942338705, 0.1992951825951827, 0.28002844932844945], [0.22115207847707855, 0.30122885447885456, 0.18736532079032092, 0.29025374625374634], [0.2449518398268398, 0.2908747946497947, 0.1834300255300255, 0.2807433399933401], [0.21913916083916093, 0.2603026390276392, 0.20231804029304035, 0.31824015984015974], [0.2703771953193006, 0.27975854145854157, 0.18804211899211917, 0.2618221442300389], [0.2712535947712419, 0.2719132496158811, 0.19240219049955898, 0.264430965113318], [0.2623513680763681, 0.2897361055611055, 0.19344185259185265, 0.25447067377067384], [0.2607576701076701, 0.2720947829947829, 0.19182398157398162, 0.27532356532356544], [0.25989848762348783, 0.23550372405372416, 0.23475649350649355, 0.2698412948162948], [0.2559831307581307, 0.3022830158403688, 0.17476612864259927, 0.26696772475890124], [0.2275645965145966, 0.27196019536019544, 0.18713451548451565, 0.31334069264069286], [0.3156103987515751, 0.25653573648573674, 0.1927558719058719, 0.23509799285681648], [0.2163698745698747, 0.3187185824409509, 0.21276535409035433, 0.2521461888988207], [0.2803035999947765, 0.22440839715839728, 0.21831967199467203, 0.2769683308521543], [0.22882994505494514, 0.26246843989343993, 0.21547055444555457, 0.2932310606060607], [0.3081695582195582, 0.24628852813852828, 0.1882278721278721, 0.25731404151404164], [0.2951900987900987, 0.27914881784881795, 0.18308891108891115, 0.24257217227217243], [0.27005365941248294, 0.2786183860257388, 0.184467957369428, 0.26685999719235026], [0.22294045983256527, 0.2983477244977245, 0.18931151626151624, 0.2894002994081943], [0.2763959290709292, 0.25977358393240735, 0.17962576590076598, 0.28420472109589756], [0.18042545787545783, 0.31496860361860357, 0.20840046065046078, 0.2962054778554779], [0.24286139138639146, 0.3115207153957153, 0.17786750471750493, 0.2677503885003886], [0.2561698859619913, 0.2843017316017315, 0.189129342879343, 0.2703990395569344], [0.20355303307803324, 0.3196648601398602, 0.17064102286602298, 0.30614108391608397], [0.26340625074100327, 0.2673748212571743, 0.20865053835053843, 0.2605683896512847], [0.19779196914196917, 0.3276755078255077, 0.2599780441780442, 0.21455447885447904], [0.2392009937430991, 0.2817087967587968, 0.18350169275169279, 0.2955885167464116], [0.2522361669032722, 0.2721855172605173, 0.20070310800310806, 0.27487520783310265], [0.22755335775335783, 0.2964764568764568, 0.19545469530469547, 0.28051549006549026], [0.25383633425398144, 0.31714735068852706, 0.18838303918303914, 0.24063327587445255], [0.17983462370962383, 0.3484498989572518, 0.22363544625309342, 0.24808003108003102], [0.2548227197638964, 0.2735529578264872, 0.1891610412463354, 0.2824632811632813], [0.21272630454340982, 0.3104294011544012, 0.19174609834609838, 0.2850981959560906]]}}