{"test": {"ids": ["109117730", "107120130", "111116290", "104117200", "113118690", "110116441", "112119950", "110118450", "101108080", "97109570", "111120640", "112116850", "111115770", "104111880", "97106000", "97112300", "100109360", "112121351", "101119591", "103111480", "107112840", "111116090", "112119120", "113121680", "100108580", "110118121", "97116401", "105112240", "97106970", "97116500", "105119550", "101111210", "99116500", "107119950", "112116610", "111120190", "113120830", "109119591", "109120560", "105115570", "108118810", "109116441", "113118231", "101121640", "105121190", "105113480", "99112300", "112117780", "98121790", "108120060", "107114950", "105110091", "110118740", "106114150", "110115710", "106118301", "98108520", "107116340", "101112540", "111121220", "100111620", "101113210", "108118630", "106113360", "108113700", "110116501", "112120540", "111120280", "107118490", "108120280", "106119260", "103109641", "110115140", "106120640", "110114610", "100120010", "104111380", "110116170", "105112260", "106117650", "100111080", "107113180", "111118301", "111114171", "99111440", "108117360", "113122180", "109119460", "107118520", "107112850", "112118581", "112121030", "112121360", "101111310", "102116500", "109118161", "107113840", "98111620", "112120990", "97107950", "103120340", "105110251", "100109801", "107116980", "98110710", "101108290", "102112170", "104111780", "106115250", "106114011", "113120260", "97106591", "112118890", "110115250", "111116170", "110114720", "99107950", "108118060", "97116790", "111121410", "102109840", "108114200", "112119320", "98107340", "108117451", "113118820", "112117030", "109119340", "113120780", "106118820", "113119300", "103111930", "112118930", "103110760", "110118810", "100113210", "99111340", "98112580", "107121640", "106114280", "112119610", "98107210"], "labels": [3, 2, 2, 3, 3, 3, 0, 0, 0, 0, 0, 0, 3, 3, 0, 2, 0, 0, 0, 0, 1, 3, 1, 1, 0, 3, 3, 1, 2, 2, 1, 2, 2, 3, 1, 3, 3, 0, 1, 0, 1, 3, 3, 2, 2, 0, 0, 0, 2, 1, 3, 0, 3, 1, 2, 1, 2, 3, 2, 3, 3, 3, 1, 0, 0, 3, 3, 0, 2, 3, 1, 1, 0, 3, 1, 0, 3, 0, 3, 1, 0, 3, 3, 3, 3, 1, 2, 1, 2, 1, 1, 0, 3, 3, 1, 0, 3, 3, 2, 2, 1, 0, 0, 3, 2, 0, 3, 3, 2, 1, 3, 1, 3, 1, 0, 3, 1, 1, 2, 0, 2, 0, 1, 0, 2, 0, 2, 3, 0, 3, 1, 3, 1, 1, 1, 0, 1, 2, 1, 3, 0, 1], "predicted_labels": [0, 1, 2, 3, 1, 3, 3, 2, 1, 1, 0, 0, 0, 3, 3, 3, 3, 3, 0, 1, 1, 3, 0, 3, 2, 1, 1, 1, 2, 0, 0, 3, 2, 3, 1, 1, 2, 1, 3, 2, 3, 3, 1, 1, 3, 1, 1, 3, 2, 0, 3, 3, 2, 0, 0, 1, 1, 1, 3, 3, 0, 3, 1, 0, 1, 1, 1, 3, 3, 3, 3, 2, 0, 1, 1, 0, 2, 0, 0, 1, 2, 2, 1, 3, 0, 2, 3, 3, 2, 1, 0, 0, 0, 0, 2, 0, 1, 1, 1, 1, 3, 3, 1, 1, 1, 0, 3, 1, 1, 0, 2, 2, 3, 3, 3, 1, 3, 1, 1, 1, 2, 0, 1, 3, 0, 0, 3, 3, 3, 1, 3, 0, 1, 1, 3, 1, 2, 2, 0, 1, 2, 3], "confidence_scores": [[0.9916343589751866, 0.006991449760792652, 0.0003877815607172326, 0.00098640970330349], [0.30963283215680876, 0.6039263871675926, 0.07071640689666549, 0.015724373778933272], [0.05252682937482246, 0.17039964084747697, 0.45320283885859713, 0.32387069091910353], [0.00996137550475895, 0.12784688094594168, 0.193560124548336, 0.6686316190009634], [0.0014201194510372818, 0.9819743281445921, 0.014615836536933326, 0.001989715867437349], [0.3322532506701931, 0.03807772481671734, 0.01833740165512942, 0.6113316228579602], [0.2635011715488871, 0.00256658382728544, 0.0055489099267384875, 0.728383334697089], [0.1352553307341226, 0.05940566502560746, 0.6281984746794586, 0.17714052956081147], [0.19951983638830134, 0.7756248974089999, 0.006436113297512017, 0.01841915290518685], [0.002596828872738655, 0.942961334167081, 0.006473508059589199, 0.04796832890059113], [0.7691712890683916, 0.227918640000998, 2.4499552370942792e-05, 0.0028855713782392593], [0.4636398472563765, 0.4596344613768072, 0.02237587678672299, 0.05434981458009338], [0.47577541794755207, 0.3114797847738261, 0.013759309096185602, 0.19898548818243633], [0.12504212857958655, 0.00531712767047939, 0.20547307421759445, 0.6641676695323395], [0.004361468785404516, 0.08113727101560955, 0.016217786079804918, 0.8982834741191811], [0.07307175153972892, 0.3104938269342323, 0.08473688386025614, 0.5316975376657828], [0.02456952059099232, 0.02622614931716131, 0.2799148952492915, 0.6692894348425549], [0.0006861430406610583, 0.0006468444218242395, 1.6677811259375473e-06, 0.9986653447563889], [0.9575074816588587, 0.012755828635466461, 0.00460157699963569, 0.025135112706039218], [0.012509503668027515, 0.7844306690907009, 0.04261581830995255, 0.160444008931319], [0.45526205906592165, 0.5159323305205108, 0.010679794477015933, 0.018125815936551447], [0.3469904934062131, 0.008369631274449174, 2.4307946319022824e-05, 0.6446155673730188], [0.8321918587297533, 0.08248330555279716, 0.03273433542141087, 0.05259050029603872], [0.00030994537006073303, 0.03272149344426174, 0.11594000007847001, 0.8510285611072076], [0.013122201166140716, 0.2727008925815895, 0.6829847638731232, 0.031192142379146564], [0.01701747784948463, 0.968149696167347, 0.0007587378837418344, 0.01407408809942659], [0.018669091896010723, 0.9194462885415065, 0.0585120098802559, 0.00337260968222711], [0.0996687221903998, 0.5735388346553959, 0.15900793404794802, 0.16778450910625625], [0.015686660811343345, 0.24222610560831684, 0.7079424912400243, 0.03414474234031559], [0.6679562711674204, 0.19685901821297633, 0.13284044724169652, 0.0023442633779068014], [0.6598458096149669, 0.18461265614427672, 0.0015769578126772728, 0.1539645764280792], [0.05263728699369079, 0.16262637702417446, 0.03363523901561254, 0.7511010969665223], [0.0006967458328829179, 0.3318025220241535, 0.6411208542407966, 0.026379877902167122], [0.022226436407336885, 0.00430873342259966, 0.010665084214019679, 0.9627997459560438], [0.06274113052901019, 0.7360944202836311, 0.0581106782821948, 0.14305377090516386], [0.027121460879178372, 0.8978422602884054, 0.007748123692035037, 0.06728815514038113], [0.033470310874742004, 0.08907385142942609, 0.8136179446950732, 0.06383789300075864], [0.30945654763313657, 0.5942908312239014, 0.08044339950627453, 0.01580922163668745], [0.00048597235871593005, 0.15980857487551325, 0.11900612394478279, 0.7206993288209881], [0.00795874402488804, 0.0019769670000579476, 0.6092210476723224, 0.38084324130273156], [9.578069362508325e-05, 0.0003345897737184182, 1.6188486870285334e-05, 0.9995534410457861], [0.13410825051490396, 0.2304461932370058, 2.8401013051048165e-05, 0.635417155235039], [0.4471820815336555, 0.5476255288369124, 0.0014500722480715507, 0.0037423173813605076], [0.02934757185648223, 0.8299757266965407, 0.04531977314911038, 0.0953569282978667], [0.001703124060010038, 0.033731171727133955, 0.37095943882194665, 0.5936062653909093], [0.07128670909285832, 0.8881553761826165, 0.0033927339280419365, 0.037165180796483205], [0.02465626804654189, 0.6451332239477249, 0.2284625654225062, 0.1017479425832271], [0.1151430437035182, 0.005322757211249248, 0.0019970704185511712, 0.8775371286666814], [0.07411386972057457, 0.03700777691772172, 0.6064918941547729, 0.2823864592069309], [0.8285692572213446, 0.1678089516061677, 0.0035882280991823014, 3.3563073305459044e-05], [0.09949032607221855, 0.3666061919119173, 0.13654218186455935, 0.3973613001513048], [0.2383564270495821, 0.03134691074531535, 0.06181792502376894, 0.6684787371813337], [0.42057008508669785, 0.001083539933149747, 0.5690694498141172, 0.00927692516603508], [0.45507297351983605, 0.20428087417747987, 0.08016274456890747, 0.2604834077337766], [0.41452300481556015, 0.40352484225866014, 0.15847317119379362, 0.02347898173198618], [0.03558532196129287, 0.8034771574873382, 0.0014353650789954778, 0.15950215547237348], [0.03697135402403313, 0.9129308346471019, 0.0024072624858248832, 0.047690548843040075], [0.007794312973209389, 0.5509675240725578, 0.276948074923609, 0.164290088030624], [0.09526593233749121, 0.3136287519489963, 0.23570530297073158, 0.35540001274278094], [0.0017623303736130698, 0.004483180215403317, 0.0014422299690331954, 0.9923122594419505], [0.6156008310680124, 0.007937293936294828, 0.3518251088395476, 0.0246367661561451], [0.009943771290311848, 0.04651180982318083, 0.03250091699804514, 0.9110435018884623], [0.022430801097741985, 0.6920198959392537, 0.08710540552233699, 0.1984438974406673], [0.858252986797927, 0.13804021584600823, 0.0005620269685821495, 0.0031447703874825394], [0.19845784387038873, 0.7881160677902392, 0.0054118899109808685, 0.00801419842839125], [0.004098963039976052, 0.9603054870093675, 0.00011859340045503704, 0.0354769565502014], [0.004727437324433848, 0.9000508001554861, 0.0008203711105554735, 0.09440139140952458], [0.3032921323292016, 0.01714011817320075, 0.02558254194252517, 0.6539852075550725], [0.23188368065222711, 0.1850401340331717, 0.019960423315880504, 0.5631157619987207], [0.05602042552386379, 0.0020517628732707005, 0.023704870579934447, 0.918222941022931], [0.11191914614833026, 0.08500136881636745, 0.03758216777708834, 0.765497317258214], [0.2208510500664224, 0.2168537651312593, 0.5514755650196742, 0.010819619782644117], [0.4012809766201522, 0.06243100107842367, 0.1644723993418445, 0.37181562295957965], [0.0036702809956419163, 0.9898313628800985, 0.00567533463403858, 0.0008230214902207636], [0.3462640751543856, 0.4715910629986211, 0.1294629127475386, 0.0526819490994547], [0.3128144916593539, 0.30838018118031085, 0.09254337643665246, 0.2862619507236829], [0.15298539015414447, 0.2927111043511643, 0.5419119421851637, 0.012391563309527419], [0.9915658369208424, 0.0036967979982267456, 0.0013500528877723023, 0.003387312193158524], [0.7708431725818319, 0.16502677748970332, 0.012250398352556579, 0.05187965157590802], [0.002252588840248918, 0.6923044909692372, 0.03314002650796291, 0.27230289368255095], [0.030933675958205363, 0.35089052253285824, 0.5999046767354103, 0.018271124773526184], [0.3312707666511647, 0.18160462535400174, 0.422567611664293, 0.06455699633054045], [0.01818887561166756, 0.8634093364336012, 0.02200016728638105, 0.09640162066835033], [0.03680925356743487, 0.005079718755375855, 2.486027769694784e-06, 0.9581085416494195], [0.9204513137315499, 0.02605084178297916, 0.05130152587994893, 0.002196318605522085], [0.0006207399943025135, 0.18114496877669142, 0.6992520800531729, 0.1189822111758334], [1.7837516144483238e-05, 0.0005887972614988083, 0.00044584768042851006, 0.9989475175419282], [0.009698342536319252, 0.005789422600059844, 0.00018887953942464244, 0.9843233553241963], [0.030566133339746886, 0.07315070962240708, 0.7883292310023399, 0.10795392603550621], [0.063998137152894, 0.5501938378626269, 0.34752982583556447, 0.038278199148914595], [0.6443387111371973, 0.20185710297317444, 0.09876167209640609, 0.0550425137932222], [0.9931500352322005, 0.00281741273647963, 0.00020573765881286486, 0.003826814372506988], [0.4547197641217017, 0.2288359194341166, 0.15067809983320843, 0.1657662166109733], [0.6936539050535956, 0.19914083608300198, 0.06781347194860977, 0.039391786914792504], [0.0568407013709448, 0.05977149609914393, 0.8825307159465411, 0.0008570865833701526], [0.5678952481911518, 0.4131822680849553, 0.0006565145370060464, 0.018265969186886912], [0.059310458461033985, 0.8625793232326108, 0.01459102012292677, 0.06351919818342833], [0.006312954512611721, 0.40868747395151916, 0.3846170950918059, 0.2003824764440631], [0.015416266955507404, 0.921649091791659, 0.0006236983473687408, 0.062310942905464684], [0.15400289276547563, 0.5190419549744271, 0.06104792982900026, 0.26590722243109716], [0.03800169023387414, 0.35205907230125677, 0.018871587820637397, 0.5910676496442316], [0.0015680530499483738, 0.04583134129112991, 0.09692422960503431, 0.8556763760538875], [0.01366236160224051, 0.9167984481122953, 0.038508673502154464, 0.03103051678330964], [0.10647291684772803, 0.8900699254078993, 0.0005365241875393931, 0.0029206335568333027], [0.08813330228513147, 0.9099594658349393, 0.0012716220979853076, 0.0006356097819440058], [0.735708744568102, 0.023658178979245388, 0.00047644792294346966, 0.2401566285297091], [0.3506739932188045, 0.07126355805714758, 0.0392876130594935, 0.5387748356645544], [0.012304768007105995, 0.7791492167006571, 0.002236582390740486, 0.2063094329014965], [0.001986864774192658, 0.971172569110771, 0.013583654081644983, 0.013256912033391422], [0.7127818855402517, 0.28139674058477904, 0.0030421653582681, 0.002779208516701192], [0.0004114262789632094, 0.2193604125969242, 0.767650550256192, 0.01257761086792049], [0.008354987823669061, 0.10033095748771353, 0.8227540201281867, 0.0685600345604309], [0.3074515371622368, 0.006076799506817658, 0.00045122199504326043, 0.6860204413359022], [0.009457479437677442, 0.14622137850499947, 0.2237076482830828, 0.6206134937742404], [0.10681227270692875, 0.15107637065981602, 2.2375246441483945e-05, 0.7420889813868138], [0.11009989124235735, 0.5506267806463836, 0.33229862903390656, 0.006974699077352362], [6.174660783415896e-05, 0.3700628249416995, 0.018148302777005958, 0.6117271256734603], [0.18888722491395282, 0.7586084005959887, 0.0027745131421877027, 0.04972986134787084], [0.010626434426675395, 0.7732625556523811, 0.14678941051626584, 0.06932159940467768], [0.32106261653321017, 0.5986955261831144, 0.0032265924081926324, 0.07701526487548274], [0.029802414334041714, 0.11782451533612803, 0.7553527306772885, 0.0970203396525418], [0.5462154317568918, 0.33413518837923767, 0.007258255662629861, 0.11239112420124067], [0.0030603225051964982, 0.565017551371769, 0.3583993441255155, 0.07352278199751895], [0.0002427560467759434, 0.00376043022971221, 0.055463150304602624, 0.9405336634189092], [0.9899099959379056, 0.0025205398249355305, 1.6307043558208623e-05, 0.007553157193600707], [0.5010556768883695, 0.028963799652179323, 0.008256915386209917, 0.46172360807324137], [0.1798899482959896, 0.11562927385374146, 0.14509675393932936, 0.5593840239109397], [0.046227503298517915, 0.040656171228746006, 0.14298363886662985, 0.7701326866061061], [0.2989966227538503, 0.029020424207891672, 0.05498807344582777, 0.6169948795924302], [0.0016140273093607517, 0.7530520179337807, 0.008975073413679119, 0.23635888134317926], [0.0018188930551491316, 6.782023037663557e-05, 8.368491214321013e-05, 0.998029601802331], [0.6788640304762785, 0.15891092972953813, 0.005345968257454087, 0.15687907153672942], [0.009888078080464742, 0.8609306854602606, 0.049987827438338676, 0.07919340902093597], [0.30322429207968143, 0.6922484342848658, 0.002125136158471797, 0.00240213747698098], [0.22383609791935824, 0.029214402559718567, 0.19711005664360573, 0.5498394428773176], [0.1316470685369501, 0.7003782150903282, 0.06979990738199271, 0.09817480899072895], [5.958877581669473e-05, 0.014247997681935617, 0.9639425700480379, 0.021749843494210032], [8.608021386088394e-06, 0.17418736060785242, 0.7512547905822876, 0.07454924078847384], [0.883592454662663, 0.007491340140540795, 0.10297797157627728, 0.005938233620518826], [0.020612767390280947, 0.8135642938296608, 0.01992676096728448, 0.14589617781277384], [0.002566660956976405, 0.14344480234894835, 0.8158598280834872, 0.03812870861058792], [0.002291844367985155, 0.045228016351398725, 0.08573966394854628, 0.8667404753320698]]}, "rewritten": {"ids": ["97106000", "97106591", "97106970", "97107950", "97109570", "97112300", "97116401", "97116500", "97116790", "98107210", "98107340", "98108520", "98110710", "98111620", "98112580", "98121790", "99107950", "99111340", "99111440", "99112300", "99116500", "100108580", "100109360", "100109801", "100111080", "100111620", "100113210", "100120010", "101108080", "101108290", "101111210", "101111310", "101112540", "101113210", "101119591", "101121640", "102109840", "102112170", "102116500", "103109641", "103110760", "103111480", "103111930", "103120340", "104111380", "104111780", "104111880", "104117200", "105110091", "105110251", "105112240", "105112260", "105113480", "105115570", "105119550", "105121190", "106113360", "106114011", "106114150", "106114280", "106115250", "106117650", "106118301", "106118820", "106119260", "106120640", "107112840", "107112850", "107113180", "107113840", "107114950", "107116340", "107116980", "107118490", "107118520", "107119950", "107120130", "107121640", "108113700", "108114200", "108117360", "108117451", "108118060", "108118630", "108118810", "108120060", "108120280", "109116441", "109117730", "109118161", "109119340", "109119460", "109119591", "109120560", "110114610", "110114720", "110115140", "110115250", "110115710", "110116170", "110116441", "110116501", "110118121", "110118450", "110118740", "110118810", "111114171", "111115770", "111116090", "111116170", "111116290", "111118301", "111120190", "111120280", "111120640", "111121220", "111121410", "112116610", "112116850", "112117030", "112117780", "112118581", "112118890", "112118930", "112119120", "112119320", "112119610", "112119950", "112120540", "112120990", "112121030", "112121351", "112121360", "113118231", "113118690", "113118820", "113119300", "113120260", "113120780", "113120830", "113121680", "113122180"], "labels": [0, 1, 2, 2, 0, 2, 3, 2, 2, 1, 0, 2, 2, 3, 2, 2, 1, 1, 3, 0, 2, 0, 0, 0, 0, 3, 0, 0, 0, 0, 2, 3, 2, 3, 0, 2, 2, 3, 1, 1, 1, 0, 3, 1, 3, 3, 3, 3, 0, 0, 1, 3, 0, 0, 1, 2, 0, 1, 1, 3, 2, 1, 1, 3, 1, 3, 1, 1, 3, 3, 3, 3, 3, 2, 2, 3, 2, 1, 0, 0, 1, 2, 1, 1, 1, 1, 3, 3, 3, 0, 3, 1, 0, 1, 1, 3, 0, 1, 2, 0, 3, 3, 3, 0, 3, 1, 3, 3, 3, 0, 2, 3, 3, 0, 0, 3, 0, 1, 0, 2, 0, 1, 3, 1, 1, 1, 0, 0, 3, 2, 0, 0, 3, 3, 3, 0, 1, 3, 0, 3, 1, 2], "predicted_labels": [3, 2, 2, 3, 3, 3, 1, 2, 2, 3, 3, 1, 1, 1, 3, 2, 1, 2, 0, 2, 2, 2, 3, 1, 2, 2, 1, 2, 0, 0, 3, 1, 3, 3, 0, 3, 2, 0, 2, 2, 1, 3, 3, 3, 2, 1, 3, 3, 3, 3, 3, 0, 1, 3, 0, 2, 0, 0, 0, 3, 1, 1, 1, 3, 3, 1, 1, 0, 0, 1, 3, 0, 1, 1, 2, 3, 2, 2, 1, 0, 2, 0, 1, 1, 3, 0, 3, 3, 0, 0, 3, 3, 1, 3, 3, 2, 0, 3, 0, 0, 0, 1, 1, 2, 0, 3, 3, 3, 0, 3, 2, 1, 1, 3, 0, 3, 0, 0, 0, 3, 3, 2, 3, 3, 0, 2, 3, 3, 3, 1, 0, 3, 0, 0, 1, 0, 3, 2, 3, 2, 3, 3], "confidence_scores": [[0.00024384504602464007, 0.03782492517805605, 0.002319554274266598, 0.9596116755016527], [0.004039981158652142, 0.15313108307686094, 0.8368888617376408, 0.005940074026846155], [0.2379573638590378, 0.05083370831735727, 0.5689406183818976, 0.14226830944170746], [0.029048892075778123, 0.08468926414502247, 0.031013450113261617, 0.8552483936659377], [0.0777999933780115, 0.199923977375119, 0.34740698701454215, 0.3748690422323274], [0.11936582130384457, 0.09686771639779321, 0.3517494842352116, 0.43201697806315076], [0.013483196773521524, 0.6966837593135005, 0.2527756205571433, 0.0370574233558346], [0.34454442107697, 0.05608194885375355, 0.5931666710832406, 0.006206958986035798], [0.02909538840414239, 0.03632487259252925, 0.9200336126709803, 0.014546126332347952], [0.0032521581612068935, 0.006581486177756349, 0.10163420864733969, 0.8885321470136972], [0.0007165578759974508, 0.011132617616737292, 0.09938985480193623, 0.8887609697053289], [0.17209884393579103, 0.6944014597184526, 0.0009613905593150524, 0.13253830578644132], [0.10111795932876816, 0.8898065037008582, 0.0038116619950802743, 0.005263874975293389], [0.03771215860947954, 0.5219529674091783, 0.21104170162384, 0.22929317235750207], [0.016312624921176702, 0.14739248179290534, 0.07356180580035718, 0.7627330874855608], [0.05672900224964953, 0.036135443902436525, 0.46219076207267223, 0.44494479177524177], [0.0002062048916666413, 0.534806783598359, 0.09895891645741368, 0.3660280950525606], [2.753280335734698e-05, 0.015256960421266641, 0.8707615773047367, 0.11395392947063937], [0.8466059658295432, 0.020684458138638766, 0.053378399453480135, 0.0793311765783379], [0.009968616164287332, 0.2195147325485641, 0.5395595280399567, 0.23095712324719184], [0.00010231248628840513, 0.07207244506165275, 0.8877849941237747, 0.040040248328284136], [0.02478130356976873, 0.12798611565556356, 0.8243288923266061, 0.02290368844806165], [0.02165397136109059, 0.014006438301975042, 0.35518887817883354, 0.6091507121581008], [0.011532871704615331, 0.7818000743932695, 0.13933472647494635, 0.0673323274271688], [0.14083399649024825, 0.23339340265037253, 0.6182154439591374, 0.007557156900241719], [0.44741403317085204, 0.010689475084191043, 0.4649656780850226, 0.07693081365993422], [0.0712490218336363, 0.6161842717391033, 0.11266225056363424, 0.19990445586362626], [0.07284609487990326, 0.04666031729058808, 0.7059216630436385, 0.17457192478587008], [0.6784750984174093, 0.3001498154373886, 0.013062068226050808, 0.00831301791915137], [0.7421710055012577, 0.01563923634016705, 0.00030587316241899266, 0.2418838849961562], [0.014908054437122653, 0.006528831107978696, 0.22335243115481018, 0.7552106833000883], [0.35993038858721893, 0.46950381858370077, 0.015026658752776508, 0.15553913407630388], [0.0560741977646719, 0.04514818716736458, 0.27877708982044014, 0.6200005252475234], [0.009394463352680718, 0.030421914073022784, 0.01591788635469411, 0.9442657362196023], [0.9667639151401635, 0.013230606150593982, 0.004999357886583873, 0.015006120822658774], [0.04523188550247234, 0.2239737159955869, 0.03121840238898182, 0.699575996112959], [0.018781002042513442, 0.05627219744669509, 0.9108146107747749, 0.014132189736016678], [0.5901539749303162, 0.05487706741484722, 0.07008793705999716, 0.28488102059483944], [0.04591253418875736, 0.05609441732213063, 0.8972907153575534, 0.0007023331315585654], [0.29686076275292883, 0.1183045278073344, 0.41011813153035503, 0.17471657790938186], [0.35449048400744854, 0.6331685193612965, 0.0035508687254943785, 0.00879012790576052], [0.12577121527074986, 0.3812174533527484, 0.030340917192112758, 0.46267041418438903], [0.4374120646509783, 0.11876579878067649, 0.005053246136102481, 0.43876889043224276], [0.007593251270046084, 0.05299968023640107, 0.07060607409315071, 0.8688009944004021], [0.22404563795099053, 0.22282784703301803, 0.5346352700739825, 0.018491244942008944], [0.007554006325464412, 0.8506283507226982, 0.00046061403057224366, 0.14135702892126498], [0.011068115984308496, 0.01198964124058758, 0.25438534926740597, 0.7225568935076979], [0.027211911415310472, 0.2395238990174211, 0.02937549766525455, 0.7038886919020138], [0.2677301772093904, 0.09883350163561828, 0.009569716455298326, 0.6238666046996929], [0.0004773907812180314, 0.030927513427559623, 0.019912793908092336, 0.9486823018831301], [0.19458150967574214, 0.13066131500639408, 0.04750473984428918, 0.6272524354735746], [0.9353295602566997, 0.015927743957343192, 0.0028672418877039325, 0.04587545389825309], [0.158791911851082, 0.761820779309976, 0.05245270912511775, 0.02693459971382414], [0.00611270897078335, 0.0034144797103361994, 0.13958957797680352, 0.8508832333420769], [0.917001582900056, 0.016870828953767326, 0.0009705249870161512, 0.0651570631591606], [0.0005496140904313178, 0.008137442939256029, 0.8667954765604033, 0.12451746640990947], [0.9463655000763829, 0.05353789150245232, 3.6904342182042234e-05, 5.9704078982883455e-05], [0.627006736853278, 0.3502473917383817, 0.01698099633910348, 0.005764875069236814], [0.49497056007608287, 0.11690453669329519, 0.24940038648536308, 0.1387245167452589], [0.026959575872521745, 0.4033678057126119, 0.02337170068313384, 0.5463009177317325], [0.02060846066415718, 0.6817458339636829, 0.02645446276180049, 0.2711912426103593], [0.0022817822415639667, 0.4762351515794915, 0.14868500399711865, 0.3727980621818259], [0.26149604381734537, 0.6304444088957015, 0.00021556979877791052, 0.10784397748817516], [0.0015736442429983896, 0.19110739758815168, 0.00232339379668035, 0.8049955643721696], [0.4507948452205171, 0.04863414876432174, 0.03409216941533698, 0.46647883659982425], [0.005211027565164776, 0.8017489610500101, 0.1763984366131876, 0.016641574771637437], [0.4500038490907045, 0.48885043354255364, 0.02754331850694745, 0.03360239885979453], [0.2798365452572562, 0.22184653739207547, 0.2291303619245159, 0.2691865554261525], [0.6124492766389602, 0.0399072825275165, 0.31015383443042827, 0.03748960640309509], [0.0617515930534769, 0.8280125529947139, 0.0034175550106548365, 0.10681829894115434], [0.3371297922703794, 0.041583895968415094, 0.0840163195402916, 0.5372699922209139], [0.7473492254158478, 0.23386994925744303, 0.012710912879582642, 0.006069912447126458], [0.4397663033623419, 0.551362745798483, 0.0014685150130175715, 0.0074024358261575215], [0.2362047314817986, 0.6391575134503251, 0.03997566358792354, 0.08466209147995281], [0.019345557309401306, 0.04966381553101808, 0.863321323301765, 0.06766930385781561], [0.09200790487921164, 0.0019440707267360522, 0.036723744282150715, 0.8693242801119015], [0.21685659533916635, 0.3293642226389949, 0.44690273239702166, 0.006876449624817209], [0.26560555455005086, 0.037800867749883324, 0.6723783526348338, 0.02421522506523197], [0.31911275773940045, 0.6707932480794244, 0.0028114706637429906, 0.007282523517432079], [0.9583118231186792, 0.019435596018561506, 0.0019262043711236443, 0.02032637649163573], [0.00045404927049080227, 0.03926818182153457, 0.9315732988859924, 0.028704470021982266], [0.9383167323069672, 0.000217861778080407, 3.546389608353733e-05, 0.06142994201886886], [0.15640233058575737, 0.7703548617635849, 0.0015751583620407842, 0.07166764928861698], [0.04637086597229691, 0.5256016967127003, 0.11560055630830231, 0.3124268810067005], [0.002158509579772788, 0.0005467745670945105, 1.0938734531489524e-05, 0.9972837771186013], [0.7228790666749043, 0.27065055055535886, 0.0063658156226661065, 0.00010456714707075861], [0.05238001482502963, 0.0019602396278627877, 0.02007482890088006, 0.9255849166462276], [0.28379401808361404, 0.10198099422697839, 5.410103537075433e-05, 0.6141708866540369], [0.9980476210497526, 0.0008608804649326984, 0.00016345225976522137, 0.0009280462255491863], [0.6813488034766938, 0.2854667730297544, 0.0006736616229007507, 0.032510761870651016], [0.24803451755757147, 0.010042084251090029, 0.3116225275152258, 0.43030087067611267], [0.008859150730005694, 0.0010266516916436676, 0.00018287846309546503, 0.9899313191152552], [0.0721647118902443, 0.8436654181065231, 0.0028616192647907407, 0.08130825073844188], [0.00013434135444742698, 0.03144808713149206, 0.14108440400972783, 0.8273331675043326], [0.1634171668187612, 0.3479655090097267, 0.06127628978394503, 0.4273410343875671], [0.03166652344525473, 0.022891951855197875, 0.9310651821689828, 0.014376342530564686], [0.5104784750196132, 0.05579215815213807, 0.20970046702920664, 0.22402889979904214], [0.0914604284042725, 0.23556567899365163, 0.018873491313835894, 0.65410040128824], [0.8687108687687738, 0.05250550775693952, 0.06729799686658687, 0.011485626607699724], [0.987452612066795, 0.0021321607597232293, 0.006130440944716188, 0.004284786228765597], [0.6303095884120342, 0.028871252656446387, 0.06940480553560308, 0.2714143533959163], [0.02361519043205711, 0.8614739492213015, 0.0005130657449108561, 0.11439779460173063], [0.04881316357001281, 0.7555716369776655, 0.0019074051191462918, 0.19370779433317528], [0.16317753709000796, 0.0657616309957377, 0.6554249406703561, 0.11563589124389831], [0.8902816343940262, 0.0006481607700852917, 0.10098489195654549, 0.008085312879343064], [0.19370341052157555, 0.051061094842032875, 0.2688463685156975, 0.48638912612069407], [0.0028875156221050417, 4.223113806117326e-05, 7.400922431985413e-07, 0.9970695131475906], [0.1649614832946051, 0.017681125970550486, 0.0009394177708763706, 0.816417972963968], [0.7415129959998665, 0.006297795781413818, 0.0002812937417068899, 0.2519079144770129], [0.13428698629983074, 0.016500590185945626, 1.5991909101053973e-06, 0.8492108243233135], [0.23141784359465603, 0.13072957938967647, 0.38994855948303353, 0.247904017532634], [0.03203590338359923, 0.644333666097965, 0.020180431678541083, 0.30344999883989454], [0.011161612544282454, 0.8065664499451449, 0.03617643683415745, 0.1460955006764152], [0.3584111419668962, 0.02902021177405797, 0.004434704458630516, 0.6081339418004155], [0.805085068249877, 0.1910154131939889, 5.051286888191379e-05, 0.003849005687252207], [0.08242363247368116, 0.39887745684440196, 0.005713187240838859, 0.5129857234410781], [0.6968701933875142, 0.16541916596161074, 0.0010999755968182656, 0.13661066505405692], [0.4166411966452766, 0.20619704204978268, 0.17841295668998988, 0.19874880461495076], [0.9231186128911018, 0.047090068577472784, 0.0037152655143294624, 0.02607605301709594], [0.05380552626821479, 0.023165505759612244, 0.03502531631904664, 0.8880036516531263], [0.11930119830689101, 0.012361042158566772, 0.0008217457639750094, 0.8675160137705671], [0.3244603535920217, 0.17170510180880103, 0.47560254954923215, 0.028231995049945006], [0.19153991629429798, 0.014621162567741293, 0.0009943896412639584, 0.7928445314966966], [0.02373758202334945, 0.03454214520450075, 0.008161133414000907, 0.9335591393581489], [0.9602040687505515, 0.002999996519743202, 0.008121331176301854, 0.02867460355340347], [0.0001803708607054929, 0.2258390721933898, 0.7452615858861271, 0.028718971059777415], [0.010945263864733646, 0.29903567652113, 0.3293137015777746, 0.36070535803636167], [0.22092347634454723, 0.03221459664474277, 0.004747488281847957, 0.7421144387288621], [0.11107640802558429, 0.32261045440216135, 0.0100665109189371, 0.5562466266533173], [0.09663049592983175, 0.7611769443290203, 0.0007285420009040117, 0.1414640177402439], [0.9982800289141497, 0.0006379058652001353, 0.00018225327333328616, 0.0008998119473168555], [0.0017381008717752265, 0.0002557642833766148, 7.057625551737485e-07, 0.998005429082293], [0.6543777331817832, 0.10865528414017514, 0.11983500007508675, 0.11713198260295503], [0.5867173547694361, 0.4085013893476645, 0.0007623039780657197, 0.004018951904833796], [0.03190280826323217, 0.9229498123542984, 0.02739315960180279, 0.01775421978066641], [0.5711979542429639, 0.016831515714374027, 0.005988970168656843, 0.4059815598740051], [0.0013477275734992196, 9.213493593759657e-05, 0.0006218090859077096, 0.9979383284046555], [0.03025052351702111, 0.017232823442079978, 0.8843473632860381, 0.06816928975486085], [0.35851150833820555, 0.014881421030393362, 0.08053210958423614, 0.5460749610471649], [0.21318547671165167, 0.006886000912950976, 0.6852135516579445, 0.09471497071745291], [0.0041347816935726955, 0.055933746439575216, 0.10750835627507824, 0.8324231155917738], [2.808147610297324e-06, 9.448249943352899e-06, 9.66605689034518e-05, 0.999891083033543]]}}