{"test": {"ids": ["110114321", "106114150", "98117740", "103112470", "110114950", "111120190", "109117431", "99107950", "98120530", "111116010", "100107920", "107114490", "105121190", "100116500", "104116980", "111116750", "113122650", "105113190", "113118820", "108120280", "110118701", "104114410", "98108520", "107117630", "101109000", "111114121", "107114321", "101112201", "100115700", "112118581", "106121190", "111116640", "106113190", "103112641", "113118810", "98116500", "103120290", "105113620", "99109141", "108114180", "103120340", "110115580", "99111000", "107116980", "109117271", "112116800", "107114140", "104117630", "100108520", "106115250", "104116441", "100111620", "113121410", "112116290", "109119460", "111120540", "107114200", "109121410", "111114321", "99116500", "109116170", "107113170", "109113591", "100116790", "100108990", "102109910", "105117351", "109114651", "101112540", "113117630", "112118860", "113120531", "111118301", "99108460", "112118810", "100108260", "112116810", "107114621", "103110100", "102114270", "98108580", "110119891", "108118520", "111115780", "98111231", "105113260", "99108890", "102112030", "100111080", "108120621", "106118301", "109116810", "98110230", "100111390", "109113931", "104111880", "106119580", "110120190", "107119950", "108118630", "100108490", "109117150", "99107560", "103113270", "111115910", "98108370", "112121010", "98120010", "112120290", "107118820", "113120591", "105116980", "112119320", "101108290", "109117080", "99111340", "100120780", "106113260", "106121220", "103117200", "103109021", "111117571", "105116090", "110114610", "98106680", "113120070", "97111790", "103118110", "98106560", "100108580", "102111990", "99111620", "113118490", "111121410", "111115400", "112118161", "100109360", "97106591", "113122190", "99109370", "99109311", "104114230"], "labels": [1, 1, 2, 1, 0, 3, 1, 1, 1, 1, 0, 3, 2, 2, 1, 3, 2, 3, 0, 3, 3, 1, 2, 0, 1, 0, 0, 0, 1, 1, 2, 0, 0, 3, 3, 2, 2, 0, 3, 1, 1, 1, 2, 3, 0, 0, 2, 0, 2, 2, 1, 3, 0, 0, 1, 1, 2, 0, 1, 2, 0, 0, 3, 2, 2, 2, 0, 3, 2, 0, 3, 0, 3, 0, 3, 3, 3, 0, 1, 3, 0, 3, 0, 1, 1, 3, 0, 2, 0, 1, 1, 3, 3, 2, 1, 3, 3, 3, 3, 1, 2, 2, 1, 2, 2, 1, 2, 2, 1, 3, 0, 0, 1, 0, 1, 1, 1, 3, 1, 0, 0, 3, 1, 1, 1, 2, 2, 2, 1, 0, 2, 3, 1, 0, 0, 0, 0, 1, 1, 1, 1, 2], "predicted_labels": [1, 3, 3, 1, 0, 3, 1, 1, 3, 1, 3, 3, 1, 3, 3, 0, 1, 3, 3, 3, 3, 3, 1, 3, 3, 3, 3, 1, 3, 1, 1, 1, 3, 3, 3, 3, 1, 1, 3, 3, 1, 3, 1, 0, 3, 3, 1, 3, 3, 1, 3, 3, 3, 1, 3, 0, 3, 1, 1, 1, 3, 1, 1, 3, 1, 1, 3, 0, 3, 1, 1, 3, 3, 3, 3, 3, 3, 3, 3, 1, 3, 3, 3, 3, 3, 1, 1, 3, 3, 3, 1, 1, 1, 3, 3, 3, 1, 1, 3, 3, 3, 1, 1, 3, 3, 3, 1, 3, 2, 3, 3, 0, 3, 3, 1, 3, 3, 0, 1, 1, 3, 1, 3, 1, 3, 1, 3, 3, 3, 3, 0, 1, 0, 3, 0, 3, 3, 1, 3, 3, 3, 1], "confidence_scores": [[0.25702680272222583, 0.2597394059437203, 0.2371181887598881, 0.24611560257416587], [0.26952178168972496, 0.25344098986342417, 0.20600886214917163, 0.27102836629767935], [0.23493649424003155, 0.22380644159737043, 0.1983990890120764, 0.3428579751505217], [0.2264901079994257, 0.3332538590860803, 0.20233731799932442, 0.23791871491516975], [0.33082058728883335, 0.2548215424886458, 0.1167291014665478, 0.29762876875597316], [0.2617729512597498, 0.2779237012808827, 0.15815277689658236, 0.3021505705627852], [0.22071032418079017, 0.2866856514889938, 0.2157805588824333, 0.27682346544778313], [0.16655745490108592, 0.31768963129233885, 0.22847502591177432, 0.287277887894801], [0.2698878713938453, 0.25685955335623306, 0.16254842095357083, 0.31070415429635057], [0.1979001180062482, 0.34241749927370324, 0.20662472333814347, 0.2530576593819054], [0.26104762678332993, 0.21804204348667805, 0.16299929119449416, 0.357911038535498], [0.19643725759515301, 0.2880291194196562, 0.18183662232788234, 0.33369700065730845], [0.19844845828655056, 0.32324610235592854, 0.20051637136411027, 0.27778906799341097], [0.23285229024730472, 0.22559049040772067, 0.2448725689002181, 0.2966846504447568], [0.1940570880672907, 0.28354102776008633, 0.2006765306316062, 0.32172535354101683], [0.28940294772621, 0.2604271475769054, 0.17220634639688065, 0.27796355830000385], [0.2107178610857568, 0.31035647807126404, 0.1979058705858839, 0.28101979025709556], [0.2929812389428863, 0.25739796116748087, 0.1428960494010397, 0.3067247504885933], [0.2622520929343822, 0.25901437438792596, 0.2004608739144196, 0.27827265876327245], [0.2984385615895702, 0.23310708365265514, 0.14862117546793197, 0.3198331792898426], [0.22901755153887884, 0.2422463207307905, 0.1903215283663685, 0.3384145993639622], [0.2617499228019198, 0.2487444759598066, 0.16355495134819972, 0.325950649890074], [0.20573843692594904, 0.35097965360897454, 0.16025480659766234, 0.2830271028674145], [0.3029807806466455, 0.24587452554306297, 0.12004885569606621, 0.33109583811422527], [0.21374272193627963, 0.29696295186914906, 0.16764506878702856, 0.3216492574075428], [0.2489189271632638, 0.29035316792180166, 0.15947938029863803, 0.30124852461629636], [0.22571810866400793, 0.22819526015378988, 0.1675805035630206, 0.37850612761918173], [0.2563647470123646, 0.31856353352435424, 0.1478405665570423, 0.2772311529062387], [0.2641621899811193, 0.2259456497761526, 0.18554740968532918, 0.32434475055739903], [0.22250478768168908, 0.3179384089564805, 0.21241229999833616, 0.2471445033634943], [0.2018986267998747, 0.29446348058638305, 0.23888901184848738, 0.26474888076525493], [0.24848304843115596, 0.2969949622580485, 0.2144191684994637, 0.2401028208113318], [0.26367029576907286, 0.27955861603669124, 0.16498390875208774, 0.29178717944214805], [0.20864026678324724, 0.2787719919915148, 0.19120912544564705, 0.32137861577959087], [0.22318486486252162, 0.29924918788150323, 0.17111128197934045, 0.3064546652766348], [0.25611533334443654, 0.2555777576412187, 0.17093197753467912, 0.3173749314796657], [0.20220375416458633, 0.2848133743562707, 0.23798775232085806, 0.274995119158285], [0.2363904134273221, 0.31877313073055125, 0.20410102795528912, 0.24073542788683777], [0.23290211948210168, 0.27531196661576623, 0.1570119826341871, 0.3347739312679451], [0.20672550297150238, 0.23867664460672888, 0.19619214000142537, 0.35840571242034336], [0.2329501123615791, 0.31585452903699346, 0.1443018075637587, 0.30689355103766874], [0.2653423637623463, 0.24651436726727238, 0.2028751941264835, 0.2852680748438979], [0.2002564912087445, 0.34793103474636294, 0.19536733348337548, 0.2564451405615171], [0.3771793165789406, 0.2518600095504615, 0.14780115573242647, 0.22315951813817178], [0.1828809645735625, 0.25841240307418833, 0.16984562847543638, 0.38886100387681305], [0.24245268481364654, 0.26581950227831697, 0.20419263719290737, 0.28753517571512943], [0.24332476327690866, 0.30619106586438727, 0.1892129043086512, 0.2612712665500528], [0.2884712472871536, 0.26659561136451004, 0.12546885780490427, 0.31946428354343204], [0.2748440044723684, 0.18596512530738762, 0.2014083586631262, 0.3377825115571178], [0.2062821730927579, 0.3091999421154448, 0.21857023869638778, 0.2659476460954097], [0.26538947305355126, 0.29577508149049314, 0.13247842383371905, 0.30635702162223655], [0.2707415077713188, 0.2234505535077947, 0.200369108705416, 0.30543883001547073], [0.24653756762486606, 0.23240719175633293, 0.12338186482719303, 0.3976733757916081], [0.16792402076667365, 0.3667498419257417, 0.20961287548443025, 0.2557132618231544], [0.25686485302600043, 0.2726019455984769, 0.17594508420681337, 0.2945881171687095], [0.28696001117227604, 0.277015298183984, 0.20519074200270496, 0.2308339486410353], [0.21711825607709875, 0.30838609923058297, 0.13006274337813292, 0.3444329013141853], [0.23922407733649997, 0.31045078558680045, 0.1837050151721728, 0.26662012190452683], [0.20682872848128547, 0.34016014687311774, 0.18340616148371824, 0.2696049631618785], [0.16515251299753886, 0.3645919289501391, 0.23308674741012442, 0.23716881064219777], [0.24454929693507232, 0.2934050022123178, 0.15076948412792593, 0.31127621672468403], [0.23492271754014624, 0.3230102587857836, 0.13958123084642002, 0.3024857928276503], [0.24269390122178147, 0.35472476861525953, 0.16860552038261412, 0.23397580978034505], [0.24905528467858662, 0.2597994658966158, 0.1706240727939922, 0.3205211766308053], [0.2596415947450682, 0.286734943632077, 0.1742009547085893, 0.27942250691426557], [0.24606008935196147, 0.2681492631779957, 0.21899501335001545, 0.2667956341200276], [0.286693500357411, 0.24091680287942782, 0.1675542001554425, 0.3048354966077188], [0.27418275397775305, 0.23824934604523648, 0.21931898165048444, 0.26824891832652614], [0.22137260348785534, 0.19789842026932752, 0.21548000017147806, 0.36524897607133894], [0.20984537194013672, 0.3081187214101405, 0.18717405022262792, 0.2948618564270948], [0.24655052335815886, 0.31039592507968194, 0.16794554253648608, 0.27510800902567323], [0.23083129845665795, 0.2944353195846316, 0.1702735331063082, 0.3044598488524024], [0.24394918722914521, 0.2510081998088034, 0.18167492643832805, 0.32336768652372355], [0.24142828133683406, 0.26942797173870975, 0.1739663700522539, 0.3151773768722023], [0.23329666246046787, 0.2881099556173417, 0.1780011292419066, 0.30059225268028383], [0.21620848619725247, 0.24928001159664245, 0.23118571389027495, 0.3033257883158303], [0.22546800467679887, 0.27529527192514885, 0.20958623647086863, 0.2896504869271837], [0.24264003018699626, 0.23550445919848023, 0.1738982686476118, 0.3479572419669118], [0.21307637130644672, 0.24971908839191254, 0.2014533578027098, 0.33575118249893116], [0.22533073214524518, 0.3285136988053039, 0.1776789028056002, 0.2684766662438507], [0.23374004117755065, 0.25790142945629313, 0.21082143815035986, 0.2975370912157964], [0.20975031105085581, 0.27309974220399225, 0.19715363668649907, 0.31999631005865303], [0.24335250176016954, 0.2620579943510106, 0.20637803166488614, 0.28821147222393384], [0.25366748980899173, 0.2700967554529043, 0.17692200691718107, 0.29931374782092307], [0.2661412828560209, 0.25812744051228576, 0.18941946512728716, 0.28631181150440627], [0.2571574041090668, 0.2993122108617138, 0.1512781582087798, 0.2922522268204396], [0.24333989647978957, 0.29156848791360107, 0.1804503872295674, 0.2846412283770421], [0.22793642283937016, 0.2590919625467035, 0.19662896620247794, 0.31634264841144843], [0.25646610629231736, 0.22409795933991547, 0.19112424001593228, 0.3283116943518351], [0.23755823459150263, 0.2718083980046045, 0.2010716176345637, 0.2895617497693294], [0.2508770720485983, 0.32744586659153574, 0.14914846515666158, 0.27252859620320435], [0.26124694015686317, 0.3141784640089689, 0.19204227025463683, 0.23253232557953094], [0.2285153161336939, 0.3100766208095791, 0.15302968179929805, 0.3083783812574289], [0.24721020091105086, 0.2884067413662647, 0.15875547925647046, 0.3056275784662141], [0.2814400502150547, 0.26462937185299706, 0.16577389786555538, 0.28815668006639283], [0.21434327170233433, 0.2602507078310787, 0.20446363196503659, 0.32094238850155066], [0.21783190396416838, 0.30280581269568857, 0.18803133914375078, 0.2913309441963922], [0.23712624185674322, 0.3587813309337171, 0.15225411614682804, 0.25183831106271176], [0.22373534321385352, 0.26441853521533776, 0.18216692280233227, 0.3296791987684763], [0.2043759914668005, 0.28924149092912205, 0.1964004003784974, 0.30998211722558006], [0.2575259518869354, 0.20737044441178326, 0.20674642866862122, 0.3283571750326603], [0.24687715453465495, 0.3000291868639704, 0.19012269443359098, 0.26297096416778365], [0.26071031122163285, 0.29439268458639967, 0.15790345949414802, 0.2869935446978195], [0.280077768452765, 0.22322559570286093, 0.17884304245083496, 0.31785359339353914], [0.26953186220361675, 0.26128879555689977, 0.19133798695551557, 0.277841355283968], [0.2042856307365578, 0.2822957995436915, 0.21166462294240454, 0.30175394677734624], [0.2698876885013339, 0.29854712629584723, 0.16358793708543076, 0.26797724811738816], [0.20663840731151722, 0.27361165861437853, 0.1827086870631183, 0.337041247010986], [0.22588229945767022, 0.23646418239099545, 0.27559646223779793, 0.2620570559135364], [0.24432158019942585, 0.28566287967609244, 0.1750765627385456, 0.29493897738593633], [0.30362687186323295, 0.21272513233343798, 0.17396432154646424, 0.30968367425686494], [0.3109449200473803, 0.27951102533496547, 0.17382503189842957, 0.2357190227192249], [0.18514646417849853, 0.3049731026485678, 0.2043963438422913, 0.3054840893306424], [0.2856221357041655, 0.2747940015661742, 0.1367674744854594, 0.30281638824420093], [0.17478181463008316, 0.3392414446770185, 0.173171874177823, 0.31280486651507566], [0.19037300521762304, 0.2609858877303414, 0.20063212657177393, 0.34800898048026147], [0.2018378550461284, 0.23757918923075377, 0.2147381500875521, 0.3458448056355657], [0.28973612501087803, 0.27719033837246787, 0.16520172378723308, 0.26787181282942124], [0.2400433626963272, 0.30801825409965383, 0.14883554429902646, 0.3031028389049926], [0.27040516061496417, 0.32493135340780177, 0.15765803488911465, 0.24700545108811942], [0.18966643079477144, 0.29997300272078803, 0.16938966079370388, 0.3409709056907368], [0.2573483374489562, 0.3061329827973329, 0.1443996509077124, 0.29211902884599844], [0.26429079032386604, 0.24374955097441242, 0.1971476682055067, 0.29481199049621504], [0.24075519065133894, 0.2913001780688333, 0.22689804453995058, 0.24104658673987736], [0.21560751437622422, 0.2792105772077771, 0.21838685381628292, 0.2867950545997159], [0.21848957924004708, 0.29641753594745324, 0.20530867960284063, 0.279784205209659], [0.23608951612484963, 0.23201841630377762, 0.21176606359446914, 0.3201260039769037], [0.22611874784873812, 0.2663243250152507, 0.2335479443386785, 0.2740089827973326], [0.28498250710381, 0.21856185991326463, 0.1526671228729688, 0.3437885101099567], [0.24138495680279565, 0.20323076700613962, 0.2353951083743793, 0.31998916781668574], [0.3291311306050628, 0.24367282381308794, 0.1540783237687121, 0.2731177218131373], [0.19181254892455, 0.3035987422687927, 0.22644978361903942, 0.2781389251876179], [0.3125647968105415, 0.22822166630693963, 0.1755451077875634, 0.28366842909495543], [0.23886811965364516, 0.2909763425630835, 0.15629557579185238, 0.31385996199141897], [0.28708552852809993, 0.26650559838195703, 0.19461393498899568, 0.2517949381009475], [0.2453531806516981, 0.2921339299586139, 0.16204011201545085, 0.3004727773742371], [0.25789220221964465, 0.2263741418849942, 0.19686439964411062, 0.3188692562512506], [0.22693206422898263, 0.2828165498356109, 0.22721255439221166, 0.2630388315431949], [0.23800077749640847, 0.25879618552708705, 0.2078023712985639, 0.29540066567794077], [0.2522858835230975, 0.2643879574778351, 0.14813778778351913, 0.3351883712155484], [0.2136747588019327, 0.25519347175689494, 0.1950298120413599, 0.3361019573998126], [0.2050703542747172, 0.31486880830380826, 0.17206722612744774, 0.30799361129402697]]}, "rewritten": {"ids": ["97106591", "97111790", "98106560", "98106680", "98108370", "98108520", "98108580", "98110230", "98111231", "98116500", "98117740", "98120010", "98120530", "99107560", "99107950", "99108460", "99108890", "99109141", "99109311", "99109370", "99111000", "99111340", "99111620", "99116500", "100107920", "100108260", "100108490", "100108520", "100108580", "100108990", "100109360", "100111080", "100111390", "100111620", "100115700", "100116500", "100116790", "100120780", "101108290", "101109000", "101112201", "101112540", "102109910", "102111990", "102112030", "102114270", "103109021", "103110100", "103112470", "103112641", "103113270", "103117200", "103118110", "103120290", "103120340", "104111880", "104114230", "104114410", "104116441", "104116980", "104117630", "105113190", "105113260", "105113620", "105116090", "105116980", "105117351", "105121190", "106113190", "106113260", "106114150", "106115250", "106118301", "106119580", "106121190", "106121220", "107113170", "107114140", "107114200", "107114321", "107114490", "107114621", "107116980", "107117630", "107118820", "107119950", "108114180", "108118520", "108118630", "108120280", "108120621", "109113591", "109113931", "109114651", "109116170", "109116810", "109117080", "109117150", "109117271", "109117431", "109119460", "109121410", "110114321", "110114610", "110114950", "110115580", "110118701", "110119891", "110120190", "111114121", "111114321", "111115400", "111115780", "111115910", "111116010", "111116640", "111116750", "111117571", "111118301", "111120190", "111120540", "111121410", "112116290", "112116800", "112116810", "112118161", "112118581", "112118810", "112118860", "112119320", "112120290", "112121010", "113117630", "113118490", "113118810", "113118820", "113120070", "113120531", "113120591", "113121410", "113122190", "113122650"], "labels": [1, 2, 1, 1, 1, 2, 0, 3, 1, 2, 2, 2, 1, 1, 1, 0, 0, 3, 1, 1, 2, 1, 3, 2, 0, 3, 2, 2, 0, 2, 0, 0, 2, 3, 1, 2, 2, 1, 0, 1, 0, 2, 2, 2, 2, 3, 0, 1, 1, 3, 2, 0, 2, 2, 1, 3, 2, 1, 1, 1, 0, 3, 3, 0, 1, 0, 0, 2, 0, 3, 1, 2, 1, 3, 2, 1, 0, 2, 2, 0, 3, 0, 3, 0, 3, 3, 1, 0, 1, 3, 1, 3, 1, 3, 0, 3, 1, 2, 0, 1, 1, 0, 1, 1, 0, 1, 3, 3, 3, 0, 1, 0, 1, 2, 1, 0, 3, 3, 3, 3, 1, 0, 0, 0, 3, 0, 1, 3, 3, 1, 1, 2, 0, 1, 3, 0, 2, 0, 0, 0, 1, 2], "predicted_labels": [0, 3, 3, 1, 1, 1, 3, 3, 3, 1, 3, 3, 1, 1, 3, 3, 3, 3, 3, 3, 1, 3, 1, 1, 3, 3, 3, 3, 3, 3, 3, 3, 1, 3, 0, 0, 3, 3, 0, 3, 1, 3, 0, 0, 3, 1, 3, 3, 0, 3, 3, 1, 3, 1, 1, 3, 3, 3, 3, 1, 3, 3, 3, 1, 1, 0, 3, 1, 3, 1, 0, 1, 1, 1, 3, 3, 3, 1, 3, 3, 3, 3, 0, 3, 1, 3, 3, 3, 3, 3, 1, 1, 1, 0, 3, 1, 1, 1, 3, 0, 3, 1, 0, 1, 0, 3, 1, 3, 1, 3, 1, 0, 3, 1, 1, 1, 0, 1, 3, 3, 1, 3, 1, 3, 0, 0, 3, 3, 3, 3, 2, 3, 1, 3, 3, 3, 1, 0, 1, 3, 1, 3], "confidence_scores": [[0.2681891148325441, 0.2573850497264357, 0.22729097300872655, 0.24713486243229388], [0.20848316428073235, 0.2426681657119461, 0.21130552509928832, 0.33754314490803333], [0.2524394131245278, 0.2409791546769879, 0.20997913813572913, 0.29660229406275535], [0.23072215276402233, 0.2897756385638501, 0.2246574189202352, 0.25484478975189256], [0.20121408439677996, 0.28902819626875925, 0.24299424763908586, 0.26676347169537484], [0.22602469373780631, 0.31934100369840884, 0.16047752420064057, 0.2941567783631444], [0.2342417824321903, 0.24485248722793235, 0.22624030551970378, 0.29466542482017355], [0.25134098686122713, 0.3097261707172748, 0.12046533778644924, 0.3184675046350488], [0.29203276940240597, 0.2386920715937411, 0.15535703013743643, 0.31391812886641673], [0.2313656520822086, 0.2975118063911016, 0.18021001651896942, 0.29091252500772063], [0.19612071345594695, 0.2832338784231369, 0.22430775487389268, 0.2963376532470235], [0.233669043283916, 0.2779442314080902, 0.1984634083527335, 0.2899233169552606], [0.25969457573175636, 0.2729409679686319, 0.19857742370008924, 0.26878703259952275], [0.25027562004024745, 0.2906240771278214, 0.19504428684229067, 0.26405601598964046], [0.1950804379071615, 0.2996783396267123, 0.19901072458172653, 0.30623049788439977], [0.25399882879258234, 0.2682717168517413, 0.1717410674462698, 0.3059883869094066], [0.23101000881213735, 0.2750677803577572, 0.18934604361281995, 0.30457616721728575], [0.24701737769671794, 0.26958364097998644, 0.19229357254733967, 0.2911054087759559], [0.21631476861287738, 0.28682616980057096, 0.19573883701906844, 0.30112022456748333], [0.2510240707203854, 0.24980300804986, 0.17134440765601358, 0.32782851357374093], [0.20491482769748856, 0.36399921645812705, 0.17240241310814086, 0.25868354273624355], [0.211315282161312, 0.26075072531892823, 0.22808007581699727, 0.29985391670276246], [0.19821235060535564, 0.27752357443910863, 0.2535405027155949, 0.27072357223994087], [0.21968208488511376, 0.28207299405346004, 0.24294732690612394, 0.2552975941553023], [0.22824746621064768, 0.19873957707777087, 0.2080200183209423, 0.3649929383906391], [0.22737081162813955, 0.22076781077470117, 0.20236279381731684, 0.3494985837798426], [0.24529849417964564, 0.24832603810184867, 0.1880229294114778, 0.31835253830702837], [0.2781425573842874, 0.19134721015168243, 0.18726999075282266, 0.3432402417112076], [0.24468965451015007, 0.25818094782189666, 0.23717522986615855, 0.2599541678017948], [0.21237661860372894, 0.2219203823701602, 0.23177039928602214, 0.333932599740089], [0.27558523137653096, 0.23526958239871731, 0.17250984402922265, 0.31663534219552913], [0.2270082128011761, 0.2467414275226565, 0.18347040310613927, 0.3427799565700284], [0.28168768179856934, 0.2940466248838146, 0.14797794992028981, 0.2762877433973262], [0.24199807942743412, 0.2545870910876905, 0.1976681263759545, 0.3057467031089209], [0.3247734296805583, 0.23692565909683377, 0.18306240592386083, 0.2552385052987472], [0.3004682047534605, 0.23994112814958382, 0.18563771906352136, 0.27395294803343434], [0.23537623859276127, 0.2525874715423394, 0.20714546882341434, 0.30489082104148485], [0.19859147546799058, 0.26289927339018165, 0.19625896813258545, 0.3422502830092423], [0.3174265933215254, 0.26394195116341695, 0.12493374907593381, 0.2936977064391239], [0.2319114045777634, 0.27748552203278637, 0.18641694935320718, 0.30418612403624307], [0.27104806194368836, 0.3075777460233683, 0.1382187588955897, 0.2831554331373536], [0.2372818413106948, 0.22535229520319983, 0.21356597732198535, 0.3237998861641202], [0.28432332825040335, 0.2465763667751511, 0.2119395695548033, 0.25716073541964257], [0.28535527637409625, 0.24711903392841605, 0.18520132743587733, 0.2823243622616107], [0.21979490718389805, 0.24885045659745764, 0.21889655521472473, 0.31245808100391975], [0.2800311235365979, 0.3078975801920747, 0.16875305470220708, 0.24331824156912035], [0.24357840384485482, 0.2628397563123922, 0.17263516926881986, 0.3209466705739331], [0.2258422197379351, 0.26931944101874433, 0.21343796846591645, 0.29140037077740444], [0.3079456458223273, 0.29020274522380296, 0.15743472324918698, 0.24441688570468273], [0.2302712040039756, 0.24546005454410433, 0.18389672541116922, 0.340372016040751], [0.232927474160772, 0.2472948403860076, 0.21335932831208193, 0.3064183571411383], [0.2625041728756507, 0.2988333068771821, 0.16392254733496972, 0.27473997291219737], [0.22118940206291243, 0.23247823544841106, 0.1939702123935757, 0.35236215009510097], [0.20711173139151995, 0.3067292836481654, 0.2335100539417166, 0.2526489310185982], [0.26582451846600597, 0.32280511391865446, 0.16392986056386868, 0.24744050705147097], [0.24272071476753523, 0.21608001997921503, 0.20296655718934414, 0.33823270806390576], [0.25132426172028255, 0.28066199131858094, 0.18155824079892724, 0.28645550616220944], [0.2671233576274947, 0.2175642382408006, 0.2187608434361916, 0.2965515606955133], [0.26753727618431045, 0.27555810443064077, 0.15344505861387076, 0.30345956077117814], [0.2291684840481094, 0.2940031551948025, 0.19652843828310249, 0.28029992247398594], [0.2363948148126245, 0.29039147047617575, 0.13059287653889096, 0.3426208381723089], [0.2642420919575359, 0.2844894221128883, 0.1264711799932713, 0.3247973059363049], [0.30561479278685677, 0.22083387581222813, 0.14455417007301086, 0.3289971613279043], [0.23663133313260784, 0.3569455662773982, 0.18851011312466348, 0.21791298746533047], [0.2332693582449529, 0.2884608053749079, 0.2006325470028307, 0.2776372893773086], [0.3199487035399154, 0.2857785264827328, 0.14859685243931817, 0.24567591753803403], [0.28234272058232907, 0.27825245107431323, 0.13833151033453675, 0.301073318008821], [0.21367392785129818, 0.3222935032031308, 0.20797662646282292, 0.2560559424827482], [0.24400068568793035, 0.289646494624703, 0.1577338524157678, 0.3086189672715989], [0.26600272120928475, 0.2886860833822238, 0.1633267557002222, 0.2819844397082694], [0.2801698056932691, 0.2505079158736105, 0.2147133018992531, 0.2546089765338672], [0.20905700521158432, 0.33112968916044827, 0.18643783291865101, 0.27337547270931667], [0.23172233358624617, 0.29156913239814203, 0.19983681617416874, 0.2768717178414431], [0.25146553139598665, 0.3035513615054759, 0.19578535677924488, 0.24919775031929262], [0.22704317455235085, 0.2417292782552142, 0.20355223393409086, 0.32767531325834426], [0.2608465736745506, 0.24413284185223483, 0.2021083989436522, 0.29291218552956244], [0.24999720251253799, 0.2843966005387409, 0.18000108886104763, 0.28560510808767336], [0.23160404547709565, 0.31999668126280195, 0.18787010918292268, 0.26052916407717946], [0.20520716805892622, 0.2794304680765766, 0.15625467735438694, 0.35910768651011005], [0.2504018316634326, 0.244369394514464, 0.16167015077158178, 0.34355862305052187], [0.24812146470992263, 0.24305049147636926, 0.17659231658479438, 0.3322357272289136], [0.21442903036970926, 0.2922499585012313, 0.15092479474363232, 0.3423962163854274], [0.315010223024331, 0.2664510111051318, 0.15667484877825433, 0.26186391709228296], [0.29790085240628966, 0.2285024956307429, 0.14628519443344307, 0.32731145752952423], [0.24624237035202567, 0.34641452644552684, 0.16890852862698347, 0.238434574575464], [0.2075105769013654, 0.3097294334089405, 0.1577982983306499, 0.32496169135904407], [0.2579942044341982, 0.2437682215999134, 0.15168175260433944, 0.34655582136154883], [0.2391727377588467, 0.24857185375635216, 0.2028919858152372, 0.3093634226695638], [0.20581271657606565, 0.26188700663422715, 0.21297110921832993, 0.3193291675713774], [0.2560585615261511, 0.23800844567102963, 0.17703806026824773, 0.3288949325345717], [0.23532905279976313, 0.2920757903831721, 0.18190524793880786, 0.2906899088782569], [0.2768473742520046, 0.31586836002705804, 0.1616810147683034, 0.24560325095263405], [0.2787982843259272, 0.3018173213637692, 0.16370459838993273, 0.255679795920371], [0.3100209181741831, 0.21831176277799977, 0.21511751440878574, 0.25654980463903165], [0.19080172008648882, 0.31844089418432664, 0.16679225644291593, 0.32396512928626864], [0.23946330532592922, 0.30936641478251375, 0.18634133792295457, 0.2648289419686026], [0.24661921920490887, 0.33142318501224494, 0.14937734196814467, 0.2725802538147016], [0.23518586156057805, 0.31740323971773055, 0.1739761794991407, 0.27343471922255075], [0.2184252462706375, 0.24530501033693078, 0.1590261136513148, 0.37724362974111686], [0.30249303457043825, 0.27663954104735056, 0.1576373234023901, 0.2632301009798214], [0.26434146729321645, 0.25512154059166375, 0.16158869598952694, 0.31894829612559306], [0.24879024940772418, 0.30729404626072243, 0.15991362608380336, 0.28400207824775003], [0.28957512815618924, 0.25270823218573996, 0.20326535395691678, 0.25445128570115405], [0.2599429883903104, 0.314288834372118, 0.18627964598863367, 0.23948853124893815], [0.3235908777914895, 0.22316183337044027, 0.13556417261650255, 0.3176831162215678], [0.2786692595045909, 0.2455423826813378, 0.19583850230817423, 0.27994985550589724], [0.24263618489033387, 0.3147702853478071, 0.14975502547797373, 0.29283850428388525], [0.22591904006515928, 0.27941406864837104, 0.18860642327497387, 0.306060468011496], [0.2526039975760193, 0.3316665255434975, 0.17467863538187575, 0.24105084149860762], [0.25544512487152854, 0.2974473296733773, 0.11285891641994851, 0.33424862903514574], [0.23376066335639764, 0.30514770899437577, 0.19177848716354862, 0.269313140485678], [0.27726802337339757, 0.227656890993737, 0.23564234248105276, 0.2594327431518128], [0.24747640411618754, 0.24524946680152265, 0.21519916149828913, 0.2920749675840007], [0.2648440875747423, 0.2694553830853304, 0.20507965022376556, 0.2606208791161619], [0.18468124020054966, 0.33838807443919783, 0.211993899141593, 0.26493678621865957], [0.22568211537522959, 0.2905077219504922, 0.22031845722855006, 0.2634917054457281], [0.30959720655935924, 0.2578830020465636, 0.1752387950418525, 0.25728099635222473], [0.26116658342068055, 0.3057061190455726, 0.15192291897950658, 0.28120437855424013], [0.2693749761671121, 0.2536459755578142, 0.14817727132574204, 0.32880177694933155], [0.24161471492746484, 0.26391704196269217, 0.1927301403396904, 0.3017381027701526], [0.2703027534276181, 0.2811630000781589, 0.19838709901135804, 0.2501471474828651], [0.19983488082832504, 0.2801514181515011, 0.17843052170754223, 0.3415831793126318], [0.23582801380134075, 0.3257135843587386, 0.1751891894561105, 0.26326921238381024], [0.2527495861683478, 0.26589885783642, 0.18147022949788078, 0.2998813264973516], [0.27851760319689695, 0.26341326014768024, 0.18028148472783112, 0.2777876519275919], [0.3051446465003342, 0.2818063092308924, 0.15665086958899066, 0.25639817467978276], [0.1988012876876196, 0.28858218443325645, 0.21115498085172962, 0.3014615470273946], [0.24378960328478988, 0.2640975215062631, 0.16581414316896503, 0.3262987320399819], [0.2237557712088951, 0.27761517763704063, 0.1819366322908746, 0.3166924188631897], [0.25957873332534287, 0.24242004564100741, 0.1992722819688787, 0.2987289390647711], [0.23296178864730538, 0.25922366828055365, 0.27028010411455766, 0.23753443895758342], [0.23849065910023498, 0.28818759459486754, 0.17158884885239023, 0.3017328974525071], [0.22259917662229756, 0.311198112777735, 0.1907319174173385, 0.2754707931826288], [0.27891901608836744, 0.24149940285424568, 0.16461098549663386, 0.3149705955607529], [0.1960996011285529, 0.29279478840448153, 0.18583114223908812, 0.32527446822787776], [0.2619128970064926, 0.25718745756520783, 0.18413577195955547, 0.2967638734687442], [0.24143764996498393, 0.31823245887511276, 0.17448180840845584, 0.26584808275144756], [0.28658238298199523, 0.24368928449358132, 0.18438133826808165, 0.28534699425634175], [0.25807626856089283, 0.2948684600040419, 0.17172448381005276, 0.27533078762501273], [0.25645628248468805, 0.30160987400498585, 0.12827361452095015, 0.3136602289893762], [0.21991820223915867, 0.3024572948792579, 0.20187534798304121, 0.2757491548985424], [0.22953220368198926, 0.3125367176026833, 0.13883462916834988, 0.3190964495469778]]}}