{"test": {"ids": ["106119260", "106119580", "104111990", "100111390", "105117431", "100108520", "100120780", "99108580", "111118301", "106116120", "109113591", "105113330", "102110690", "101112160", "102109010", "111119580", "112116810", "99117630", "113122320", "111118910", "110119300", "112121030", "106117650", "98116500", "107118520", "111116530", "106118820", "106117790", "102114270", "103111990", "109116750", "102109910", "105121370", "111117571", "103112641", "112117571", "103110050", "106115120", "100115700", "98111620", "106115250", "101108080", "111116170", "108117451", "112119450", "112117790", "109116810", "107114950", "101109000", "110114950", "102108621", "98108520", "97105760", "111116750", "111121351", "102112170", "106116441", "113118870", "99109161", "98108410", "102113210", "113122510", "108120060", "108115500", "103111930", "109116930", "109118820", "99113260", "103110100", "111120280", "102116340", "99108330", "112120990", "104114410", "111121220", "106115240", "107120130", "112118550", "108114270", "101111210", "112116900", "101117580", "97106591", "102112030", "101111990", "109114030", "106118301", "100109890", "108116481", "107114280", "112116990", "105116860", "101108290", "113120260", "111119290", "111120540", "97107950", "97108520", "111116010", "111117000", "105117351", "112118810", "111116110", "102118380", "112119320", "97116401", "112118701", "100107920", "111121930", "107118820", "105110091", "112120630", "110118740", "110120700", "110118880", "98110680", "111120260", "113118490", "99108080", "101108121", "105116090", "99121440", "110120531", "103118110", "111116640", "113118511", "112118930", "110115980", "110121720", "101110150", "108113740", "106118161", "111115910", "103112470", "99116500", "104119340", "100116790", "107120010", "101111620", "112120670", "104114230", "110116441"], "labels": [1, 3, 2, 2, 1, 2, 1, 0, 3, 1, 3, 3, 0, 3, 1, 3, 3, 3, 1, 0, 1, 0, 1, 2, 2, 3, 3, 1, 3, 2, 0, 2, 2, 3, 3, 3, 3, 1, 1, 3, 2, 0, 0, 2, 3, 3, 3, 3, 1, 0, 3, 2, 0, 3, 0, 3, 0, 0, 3, 1, 3, 2, 1, 3, 3, 0, 3, 0, 1, 0, 3, 1, 2, 1, 3, 1, 2, 3, 3, 2, 3, 3, 1, 2, 2, 1, 1, 3, 0, 3, 0, 2, 0, 3, 3, 1, 2, 2, 1, 0, 0, 3, 3, 1, 1, 3, 0, 0, 1, 3, 0, 3, 3, 2, 0, 2, 3, 1, 3, 0, 1, 2, 0, 2, 0, 1, 1, 1, 3, 1, 3, 3, 2, 1, 2, 1, 2, 1, 3, 2, 2, 3], "predicted_labels": [3, 1, 1, 1, 1, 2, 3, 0, 0, 1, 0, 0, 3, 1, 0, 0, 2, 2, 3, 1, 1, 0, 0, 0, 0, 1, 1, 1, 1, 1, 0, 0, 1, 3, 3, 1, 1, 0, 3, 2, 1, 0, 1, 3, 0, 0, 3, 3, 3, 3, 0, 1, 3, 0, 0, 0, 1, 1, 1, 1, 3, 3, 0, 1, 0, 0, 1, 2, 1, 0, 3, 3, 1, 2, 1, 1, 1, 0, 1, 1, 3, 3, 2, 2, 3, 0, 0, 3, 0, 1, 3, 0, 1, 3, 3, 0, 2, 1, 2, 3, 1, 0, 3, 2, 1, 1, 3, 3, 2, 1, 0, 0, 0, 3, 3, 1, 0, 3, 0, 0, 0, 2, 0, 2, 0, 1, 0, 0, 1, 1, 0, 0, 1, 1, 2, 1, 1, 3, 0, 1, 0, 3], "confidence_scores": [[0.06273097973126539, 0.021597185928529238, 0.400435814147525, 0.5152360201926804], [0.020002156097716377, 0.8324282694185489, 0.08849779569272721, 0.05907177879100767], [0.3523364571245637, 0.4914751650982325, 0.131843819235487, 0.024344558541716747], [0.29825571224175185, 0.32875665873920684, 0.08176412686026142, 0.29122350215878], [0.020599753102912916, 0.6618942100762789, 0.1798796921157466, 0.1376263447050616], [0.09822466256734413, 0.019532240107839428, 0.81243077090308, 0.06981232642173628], [0.3926757367375372, 0.15996414627202313, 0.01611510410185952, 0.4312450128885802], [0.48295159680463645, 0.42483528502787915, 0.07000420662258418, 0.022208911544900303], [0.4159038362444958, 0.09050161623909136, 0.11325338522997876, 0.3803411622864341], [0.35052497830241913, 0.48647686790987876, 0.08091614044570258, 0.08208201334199948], [0.4721309003129064, 0.08821369799499901, 0.001774294022448017, 0.43788110766964666], [0.4477461513279494, 0.16643781465771318, 0.014862149832461872, 0.3709538841818756], [0.41995991444047015, 0.02448022250930102, 0.02929669767398128, 0.5262631653762475], [0.07183033155523924, 0.8653025857749201, 0.041239113588166974, 0.021627969081673755], [0.47367506204526205, 0.30720444892617227, 0.1884162551639392, 0.030704233864626534], [0.4086024615156874, 0.2520179287679787, 0.05083786733465076, 0.28854174238168323], [0.1602995767642303, 0.11667554179569041, 0.665381175368994, 0.057643706071085266], [0.12529255660303334, 0.14905305043614311, 0.4638012620827271, 0.2618531308780965], [0.018131842471852223, 0.0332574138731171, 0.1821335090764025, 0.7664772345786282], [0.18027422567927703, 0.3260572867495967, 0.19063244102636817, 0.30303604654475813], [0.06967107934468628, 0.566093376068793, 0.06089729998157043, 0.3033382446049504], [0.46833456295327547, 0.10567881844901125, 0.07608664299217148, 0.34989997560554176], [0.3766295475276318, 0.37189575548609644, 0.09479549197125646, 0.1566792050150153], [0.6480929896318022, 0.06752574885354519, 0.08416664468626088, 0.20021461682839164], [0.632372101411051, 0.1558295665188672, 0.1315433094536659, 0.08025502261641576], [0.02172060130501731, 0.8322432220162725, 0.002670025237056886, 0.14336615144165318], [0.012470232665506332, 0.864581287243714, 0.027262870298132458, 0.09568560979264722], [0.2560300782832565, 0.4280184766585198, 0.05833157849506101, 0.2576198665631627], [0.04192385520770725, 0.5042917679273501, 0.42655243537714854, 0.027231941487794207], [0.04882018997157728, 0.4405226333257579, 0.08587905483934287, 0.4247781218633219], [0.7154477421586822, 0.1336928635087008, 0.11676553901392064, 0.034093855318696346], [0.5677371864153787, 0.09823587372635274, 0.05980749587326805, 0.27421944398500053], [0.0017161282733887443, 0.9805167655424887, 0.003055579548109209, 0.014711526636013472], [0.08879617679859415, 0.37787666051257235, 0.023508066775368364, 0.5098190959134651], [0.2794273672913744, 0.06628718169593885, 0.02379361995071188, 0.6304918310619748], [0.1458607558822415, 0.3224729334600812, 0.2489996857253346, 0.2826666249323428], [0.29891282175081907, 0.4057339637207803, 0.06029621226790548, 0.23505700226049522], [0.6564309660329763, 0.1140587170422222, 0.0056340612378622, 0.2238762556869393], [0.13381870557032352, 0.13306895784570746, 0.21059717174691553, 0.5225151648370534], [0.004899953385429026, 0.18285024880108233, 0.7870217744040411, 0.02522802340944768], [0.05948457978907255, 0.8477826619135777, 0.04428134355636332, 0.0484514147409865], [0.37044891908371513, 0.25047019764239375, 0.0276530557132175, 0.3514278275606736], [0.05209920403059039, 0.6376827823116135, 0.004078712289888468, 0.3061393013679077], [0.1770702586998168, 0.05091188204141924, 0.02219173087452191, 0.749826128384242], [0.6003644770629433, 0.2879135966114795, 0.0037673017552593037, 0.10795462457031783], [0.8123088919959119, 0.026537660304422676, 0.004177359154727619, 0.15697608854493772], [0.16207189688922205, 0.2528505075357527, 0.0009116753439427177, 0.5841659202310825], [0.26382209721372735, 0.06820336586892245, 0.026551902113231846, 0.6414226348041184], [0.02954387787186439, 0.46903686495966523, 0.011563146914755575, 0.48985611025371467], [0.29758795120419573, 0.22170632678045657, 0.046337095958791624, 0.434368626056556], [0.5723107459304221, 0.25578476862622723, 0.006677995374139546, 0.16522649006921106], [0.028539374091376784, 0.6284258091620127, 0.310674372230726, 0.03236044451588447], [0.3208061235435827, 0.06865216498414659, 0.010437232821235664, 0.600104478651035], [0.9676881319581201, 0.006867809793153903, 0.009249602318083217, 0.01619445593064271], [0.9886143659912405, 0.007138892295039496, 0.00046477550346460324, 0.0037819662102554475], [0.552315094800378, 0.036505806294297935, 0.07448864792806414, 0.3366904509772599], [0.12554096445314464, 0.6386078163391974, 0.0436807729778459, 0.19217044622981203], [0.015782928773715586, 0.8152034116954169, 0.005040443462722779, 0.16397321606814477], [0.29095226953199155, 0.3197666308456496, 0.07240615020940928, 0.3168749494129495], [0.0284861773059339, 0.754742309041304, 0.16834970184118742, 0.0484218118115745], [0.022335317362598306, 0.4474689854529102, 0.058203718004641095, 0.4719919791798503], [0.012910933033219324, 0.19296315326423488, 0.12571003512807982, 0.6684158785744659], [0.6613189613991369, 0.25912494177566436, 0.030583845119380823, 0.048972251705817864], [0.3645100941531373, 0.49661190533178273, 0.11772463974074583, 0.02115336077433412], [0.5177443390084282, 0.2113918581885798, 0.17509642430472946, 0.09576737849826257], [0.6114252268125301, 0.1965324134960842, 0.003914093569695069, 0.1881282661216906], [0.4324261306583883, 0.5124270357227256, 0.02025868821762539, 0.034888145401260576], [0.06842611495077172, 0.13877130626215126, 0.5262689284997182, 0.2665336502873588], [0.07552537190719834, 0.6288097899221385, 0.17743167392222367, 0.11823316424843944], [0.5815123242605756, 0.07118471477775369, 0.014398531751682854, 0.332904429209988], [0.05769946659926787, 0.07995719990171328, 0.05243331061674543, 0.8099100228822734], [0.028191711958781313, 0.013106762015197409, 0.19762594251866938, 0.7610755835073518], [0.10174722880862534, 0.5396029540845007, 0.3491188677983566, 0.009530949308517453], [0.20683367103577432, 0.17534081279532998, 0.4722587039197357, 0.14556681224916004], [0.049143774755020166, 0.798369339772858, 0.01887924880538677, 0.133607636666735], [0.45153504940706074, 0.4550728642195756, 0.031007925086913184, 0.062384161286450475], [0.012658062301161904, 0.8758415497373842, 0.039562195043988495, 0.07193819291746538], [0.6358260198661645, 0.14485243614940202, 0.015356145239119885, 0.20396539874531372], [0.16445146651940984, 0.5296661150279225, 0.0982702236303262, 0.20761219482234144], [0.2350073284925792, 0.4084418568510209, 0.033056817210573734, 0.3234939974458261], [0.21853703714562614, 0.16711594695484652, 0.07112433303961756, 0.5432226828599098], [0.1781719747637156, 0.012725029045522328, 0.01819384310913906, 0.790909153081623], [0.197494971140638, 0.18584013592611232, 0.6074723824045779, 0.009192510528671729], [0.3882977587363088, 0.09870909158789758, 0.4380720662070163, 0.07492108346877753], [0.12336867150986915, 0.010022220427886228, 0.09335106825568154, 0.7732580398065632], [0.5615015068515858, 0.14173234683499963, 0.027121348681794468, 0.2696447976316199], [0.5998160552977005, 0.3291914314849538, 0.013929397121754073, 0.0570631160955916], [0.017491397307331506, 0.11217713713143332, 0.2315087873280326, 0.6388226782332025], [0.5735262933097928, 0.1667608996490962, 0.005038501510581183, 0.2546743055305299], [0.029400831834257624, 0.7037223977938307, 0.08746589068984473, 0.17941087968206687], [0.1163604272346735, 0.04081836342372913, 0.1403219148088093, 0.7024992945327881], [0.5200180962652888, 0.12434029300767958, 0.33419965740321694, 0.021441953323814596], [0.1784140596436724, 0.7353247262848198, 0.007895538474119479, 0.07836567559738829], [0.3973964009220918, 0.06337501759557677, 0.09737880162029303, 0.4418497798620384], [0.1739356614915457, 0.06970553908709808, 0.02998808375192089, 0.7263707156694353], [0.6984070563377964, 0.18635722592415987, 0.10909128659880847, 0.00614443113923512], [0.21402804437295933, 0.017532522449289108, 0.703323376022663, 0.0651160571550886], [0.2663534014914043, 0.5471624927174552, 0.05780269119820647, 0.12868141459293422], [0.024473533971057254, 0.31078706537779677, 0.5618572059726389, 0.10288219467850715], [0.31547078516251736, 0.08010726598464875, 0.014314519974032604, 0.5901074288788013], [0.046455632678566804, 0.8404594395548792, 0.038362648748958825, 0.07472227901759508], [0.567688593740124, 0.020784283556590996, 0.01958656703438851, 0.39194055566889646], [0.301899108434479, 0.11417635932099222, 0.14361676740240464, 0.4403077648421242], [0.038308598055286934, 0.2423582481114401, 0.5319249697525593, 0.18740818408071377], [0.012196300715246649, 0.8682610622856439, 0.02332110688670897, 0.09622153011240048], [0.09722875263072517, 0.7595131004827651, 0.04405894439168678, 0.09919920249482313], [0.10177492359915327, 0.07475744173184777, 0.004552996527751488, 0.8189146381412475], [0.26494302925753327, 0.029169090477735873, 0.05451520750496875, 0.6513726727597622], [0.04459242810342749, 0.02276119040755564, 0.8735984197713745, 0.05904796171764247], [0.13564565791877678, 0.5098752024245266, 0.04692845808872879, 0.3075506815679678], [0.49605082624163116, 0.4407551588265384, 0.01358472054695816, 0.049609294384872354], [0.49212063022063196, 0.026637077178736347, 0.00883035696886452, 0.47241193563176703], [0.7903605564118118, 0.017631604966748936, 0.0050473479951966705, 0.1869604906262425], [0.27454448084188104, 0.07897848274238231, 0.06075918441696386, 0.5857178519987729], [0.19465708447766575, 0.14723413327381266, 0.007493335102556283, 0.6506154471459652], [0.008908985032398262, 0.7025344089681204, 0.24774207578035984, 0.04081453021912158], [0.7948441668027867, 0.07971619111108438, 0.019961307869634137, 0.10547833421649486], [0.01721214081832069, 0.005848977695915132, 0.0018173661665348965, 0.9751215153192293], [0.6127036203446794, 0.3224406602876328, 0.020935903553541312, 0.04391981581414645], [0.6730499687618334, 0.23704832844177115, 0.015504544598503084, 0.07439715819789242], [0.4260990747683285, 0.23346123030659838, 0.030027548513376547, 0.31041214641169645], [0.0666442932759749, 0.3386268119506132, 0.5578047316474535, 0.0369241631259584], [0.8925518143350851, 0.06947727971556591, 0.0036242029939398796, 0.034346702955408835], [0.20169364840523635, 0.35352283196887574, 0.40421743766785656, 0.04056608195803138], [0.5903873271907426, 0.07312191177305796, 0.11237787757317225, 0.22411288346302718], [0.03354391441908011, 0.9478618292830127, 0.004168841572200778, 0.01442541472570637], [0.49034509048975766, 0.1006367628411762, 0.005387267929339727, 0.4036308787397265], [0.43080392194653827, 0.258811159906566, 0.17250306373390473, 0.13788185441299097], [0.19843787690781545, 0.5336070843284283, 0.038738406338346, 0.22921663242541035], [0.01684460868677125, 0.9100421793641021, 0.0475305853047995, 0.025582626644327238], [0.539785796180103, 0.09832952221957371, 0.09772976982925938, 0.2641549117710638], [0.8126309818204634, 0.17746293689872367, 0.004696918015547797, 0.005209163265265091], [0.007790801736309283, 0.9172864385724983, 0.013968752952156048, 0.06095400673903646], [0.12993665807583943, 0.4282018644633473, 0.1665901585936027, 0.2752713188672105], [0.020137323834703326, 0.23596499178683888, 0.6061044352908583, 0.13779324908759957], [0.0031863290737366746, 0.8771728284467764, 0.010247867669934175, 0.10939297480955282], [0.06287222919209787, 0.5802618647725191, 0.26875160243572677, 0.08811430359965627], [0.09610994057074583, 0.007052703568744337, 0.05472543452945486, 0.842111921331055], [0.6765479600181171, 0.21476579553207864, 0.08867837440310677, 0.020007870046697466], [0.08629572664886109, 0.5115565158154154, 0.04358507374874744, 0.35856268378697603], [0.5302379801977445, 0.04407338147338552, 0.37913641239940604, 0.046552225929463946], [0.08677906943938431, 0.41363233505320085, 0.04055892635463276, 0.45902966915278204]]}, "rewritten": {"ids": ["97105760", "97106591", "97107950", "97108520", "97116401", "98108410", "98108520", "98110680", "98111620", "98116500", "99108080", "99108330", "99108580", "99109161", "99113260", "99116500", "99117630", "99121440", "100107920", "100108520", "100109890", "100111390", "100115700", "100116790", "100120780", "101108080", "101108121", "101108290", "101109000", "101110150", "101111210", "101111620", "101111990", "101112160", "101117580", "102108621", "102109010", "102109910", "102110690", "102112030", "102112170", "102113210", "102114270", "102116340", "102118380", "103110050", "103110100", "103111930", "103111990", "103112470", "103112641", "103118110", "104111990", "104114230", "104114410", "104119340", "105110091", "105113330", "105116090", "105116860", "105117351", "105117431", "105121370", "106115120", "106115240", "106115250", "106116120", "106116441", "106117650", "106117790", "106118161", "106118301", "106118820", "106119260", "106119580", "107114280", "107114950", "107118520", "107118820", "107120010", "107120130", "108113740", "108114270", "108115500", "108116481", "108117451", "108120060", "109113591", "109114030", "109116750", "109116810", "109116930", "109118820", "110114950", "110115980", "110116441", "110118740", "110118880", "110119300", "110120531", "110120700", "110121720", "111115910", "111116010", "111116110", "111116170", "111116530", "111116640", "111116750", "111117000", "111117571", "111118301", "111118910", "111119290", "111119580", "111120260", "111120280", "111120540", "111121220", "111121351", "111121930", "112116810", "112116900", "112116990", "112117571", "112117790", "112118550", "112118701", "112118810", "112118930", "112119320", "112119450", "112120630", "112120670", "112120990", "112121030", "113118490", "113118511", "113118870", "113120260", "113122320", "113122510"], "labels": [0, 1, 2, 2, 3, 1, 2, 2, 3, 2, 3, 1, 0, 3, 0, 2, 3, 2, 0, 2, 3, 2, 1, 2, 1, 0, 0, 0, 1, 1, 2, 3, 2, 3, 3, 3, 1, 2, 0, 2, 3, 3, 3, 3, 1, 3, 1, 3, 2, 1, 3, 2, 2, 2, 1, 1, 0, 3, 1, 2, 0, 1, 2, 1, 1, 2, 1, 0, 1, 1, 3, 1, 3, 1, 3, 3, 3, 2, 3, 1, 2, 3, 3, 3, 0, 2, 1, 3, 1, 0, 3, 0, 3, 0, 1, 3, 3, 0, 1, 0, 2, 3, 2, 1, 3, 0, 3, 0, 3, 0, 3, 3, 0, 3, 3, 3, 0, 1, 3, 0, 1, 3, 3, 0, 3, 3, 3, 0, 3, 1, 1, 3, 3, 2, 2, 0, 1, 1, 0, 3, 1, 2], "predicted_labels": [0, 1, 2, 1, 1, 1, 1, 1, 2, 3, 1, 1, 0, 1, 3, 2, 2, 1, 3, 0, 2, 0, 0, 3, 3, 1, 0, 1, 1, 1, 3, 2, 3, 1, 3, 1, 0, 0, 3, 0, 0, 3, 1, 1, 1, 1, 1, 2, 1, 3, 3, 2, 1, 3, 2, 3, 0, 1, 0, 2, 1, 1, 1, 0, 0, 1, 0, 1, 1, 1, 0, 0, 1, 2, 1, 3, 0, 0, 1, 3, 1, 0, 3, 2, 0, 3, 0, 0, 1, 0, 3, 0, 0, 3, 0, 3, 0, 3, 1, 0, 0, 1, 1, 2, 2, 1, 1, 0, 0, 3, 3, 0, 1, 3, 0, 0, 0, 0, 1, 0, 2, 2, 1, 3, 1, 0, 0, 3, 3, 0, 1, 0, 3, 1, 1, 3, 3, 3, 1, 3, 3, 1], "confidence_scores": [[0.6653073414176425, 0.14395773382747878, 0.009539400309482013, 0.1811955244453968], [0.07308319187565111, 0.7671428084808103, 0.015157644806097083, 0.1446163548374416], [0.08731686190580955, 0.0016787232115265426, 0.8710145467028336, 0.039989868179830405], [0.14227296644863846, 0.49553619316931474, 0.03510739226760416, 0.3270834481144427], [0.031308913924810014, 0.9241381137953133, 0.032056740307768686, 0.012496231972107898], [0.028723507637840963, 0.8252001416467627, 0.00720115598291146, 0.13887519473248477], [0.011118122616275145, 0.751596753363378, 0.17884349292462456, 0.058441631095722396], [0.00881761534832848, 0.7935860459165713, 0.17716717845765395, 0.020429160277446224], [0.009086392861663923, 0.2733096613359139, 0.6718517582376528, 0.04575218756476942], [0.09625820037669611, 0.06550087562243777, 0.04774084888335462, 0.7905000751175115], [0.26563884931402265, 0.5035073072750587, 0.04520214678858879, 0.18565169662232997], [0.0015887432939652912, 0.7775593085042692, 0.009801603448507794, 0.21105034475325762], [0.5256636434505298, 0.3581965361650105, 0.06606071620996397, 0.05007910417449556], [0.22585748265235892, 0.5868303597465454, 0.07270029174813684, 0.11461186585295885], [0.1097952003347838, 0.18575804944641083, 0.237409001958339, 0.46703774826046646], [0.1746407275451604, 0.3489295243954991, 0.4717926616400348, 0.004637086419305655], [0.15732024751984414, 0.20174956145629394, 0.3467235606016529, 0.294206630422209], [0.08763436381626089, 0.49035800556022713, 0.3800977758306791, 0.04190985479283282], [0.09418082896205579, 0.04996331203525629, 0.018941573538395713, 0.8369142854642923], [0.4417427946137321, 0.04252239869221593, 0.38758169958532684, 0.12815310710872518], [0.05165946918276576, 0.023674912562765105, 0.4681586162016718, 0.4565070020527973], [0.514255802694194, 0.07696126338563387, 0.1099019873672394, 0.29888094655293274], [0.6995919611901531, 0.033513986209468195, 0.1324535300619885, 0.13444052253839037], [0.12308919527929958, 0.12962750500828832, 0.2668878705789842, 0.48039542913342786], [0.36518841815961883, 0.11004643440440685, 0.007349381045005507, 0.5174157663909688], [0.32817471295076744, 0.5593272084571431, 0.0321139182759146, 0.08038416031617475], [0.8212505951738163, 0.10130945480611162, 0.00805710604492647, 0.06938284397514571], [0.10852333413466064, 0.8125919147501772, 0.007309154374382155, 0.07157559674078004], [0.022181031163913595, 0.5505593987885928, 0.011977397700724729, 0.41528217234676884], [0.025585041171615322, 0.7922422246444432, 0.11004299703567468, 0.07212973714826683], [0.05361791371513782, 0.278297549375828, 0.036826004477543854, 0.6312585324314903], [0.1719086004769022, 0.02140049725178773, 0.7906979541953674, 0.015992948075942724], [0.40752040616334667, 0.029022949250094417, 0.04819757763349104, 0.5152590669530679], [0.05180380335567685, 0.8735503140867866, 0.05352281976834001, 0.021123062789196442], [0.1273826243051361, 0.05521349068005535, 0.014716202823554635, 0.8026876821912539], [0.03886026428715405, 0.5478997359364006, 0.0003025807474752635, 0.4129374190289701], [0.5255253932978294, 0.26882518188043264, 0.16395839450522734, 0.041691030316510704], [0.7650611967585649, 0.0562381248196645, 0.021275507220420244, 0.15742517120135033], [0.361557162098238, 0.028925944384595365, 0.0339931667208051, 0.5755237267963614], [0.4349808368459661, 0.05979205734152079, 0.35669229143703396, 0.14853481437547914], [0.5553105776479867, 0.03134962971106908, 0.08548541060094883, 0.3278543820399952], [0.1361689762187463, 0.33670311969600225, 0.0811251249577249, 0.44600277912752667], [0.07191395582780899, 0.5323184033804882, 0.37330632727724916, 0.022461313514453678], [0.15066732528892923, 0.449362265279265, 0.33965184263788345, 0.06031856679392231], [0.06635645916620334, 0.49338196538029094, 0.3699250336047423, 0.07033654184876338], [0.23122224635493285, 0.7365796976867213, 0.011294033653710964, 0.020904022304634833], [0.009804161183034394, 0.6668490357113441, 0.05008639977508252, 0.27326040333053886], [0.327214020980685, 0.20584390088123208, 0.4089080180923974, 0.058034060045685586], [0.004821514563001482, 0.8154854153567631, 0.11694248999766714, 0.06275058008256823], [0.049282193236142406, 0.17977996771692362, 0.08984460008526493, 0.6810932389616691], [0.2469132096265281, 0.1702779210805884, 0.03331080934760899, 0.5494980599452746], [0.07726266307235413, 0.07882453717373192, 0.8374389993748671, 0.006473800379046901], [0.1991859515014792, 0.6292667765322604, 0.1384684685015751, 0.03307880346468538], [0.19722468337568427, 0.12581863821648953, 0.2925432268707085, 0.3844134515371177], [0.31257553741306165, 0.05831704337632519, 0.42424473036408167, 0.2048626888465314], [0.01880321159340051, 0.39171057252294805, 0.0836274848489689, 0.5058587310346826], [0.8706756556154747, 0.11350085881771405, 0.009794829610531658, 0.0060286559562796], [0.2437020549132297, 0.5146418076225292, 0.04008530446146856, 0.20157083300277248], [0.44581589675241645, 0.19444333957485732, 0.02738305282699436, 0.33235771084573174], [0.32179284982982875, 0.06659548215621591, 0.5742166236707715, 0.037395044343183775], [0.021508306738998687, 0.7912023971783089, 0.04076185978924504, 0.1465274362934474], [0.07975055031695463, 0.4215670151701848, 0.29033249126815464, 0.20834994324470588], [0.020086470567770538, 0.9767666073249243, 0.0016069996461713705, 0.0015399224611337258], [0.5986665012371188, 0.12464549725733758, 0.006650653355248189, 0.2700373481502954], [0.5446000888542679, 0.23796161607058397, 0.10415674075400672, 0.11328155432114143], [0.05084488078855411, 0.75161849746923, 0.05925545331641714, 0.13828116842579855], [0.4974906001951036, 0.2066032793822227, 0.12631581160923963, 0.16959030881343412], [0.13947787192625563, 0.772227586863299, 0.009356757058217936, 0.07893778415222726], [0.07451826450745272, 0.7462136262640059, 0.15926959925198528, 0.01999850997655612], [0.054101250377799774, 0.825339466860593, 0.02937268990059519, 0.09118659286101209], [0.9575400910845615, 0.027207489639027266, 0.0018814630600600475, 0.013370956216351329], [0.7268731422094199, 0.20992112545694674, 0.021910369708722066, 0.04129536262491123], [0.0019287359860583834, 0.947733215872043, 0.02291589183645676, 0.027422156305441845], [0.13339678708732858, 0.055316878084713784, 0.5598348956122032, 0.2514514392157544], [0.016132195402499477, 0.9723847378547209, 0.008391623075870299, 0.0030914436669091327], [0.009633993546157576, 0.3657615704240045, 0.1608009422119098, 0.46380349381792824], [0.5277046175740034, 0.013280954287333932, 0.007350432188063733, 0.4516639959505989], [0.8161675905416866, 0.08928664288398579, 0.03805003973971536, 0.056495726834612243], [0.03369459882295184, 0.9186159046202363, 0.0016676443281466945, 0.04602185222866509], [0.051255062903303526, 0.13114882242077858, 0.07314294741862255, 0.7444531672572953], [0.02592385988820548, 0.7097608497800209, 0.13194125588785433, 0.13237403444391938], [0.4500572277380598, 0.26877784730015275, 0.10097103042990474, 0.18019389453188275], [0.2725901935180432, 0.26605219300563226, 0.09256220741616338, 0.36879540606016115], [0.3102059786278216, 0.15286929313819064, 0.5207797862661645, 0.01614494196782323], [0.5745674574248756, 0.08562858024397528, 0.011741362517202335, 0.3280625998139468], [0.0515140593563224, 0.09015641342386421, 0.030405416668388238, 0.8279241105514252], [0.6764898270581864, 0.29204387951614325, 0.01811321609361599, 0.013353077332054236], [0.4953424559931096, 0.07919546897269657, 0.0008062492021198819, 0.42465582583207406], [0.027987194793362393, 0.8678921652554346, 0.06967828962983764, 0.03444235032136529], [0.860413414540706, 0.040979946482072545, 0.018486704576805277, 0.08011993440041607], [0.08262431804152218, 0.21984412839965387, 0.0011748493096746134, 0.6963567042491493], [0.48683337280196703, 0.36363368759389464, 0.008159657481584504, 0.14137328212255373], [0.6707578360687547, 0.28010815290981744, 0.01639217344689254, 0.03274183757453531], [0.06486407491132293, 0.1993585133711464, 0.009954619242671927, 0.7258227924748588], [0.726426494251366, 0.03918905438240678, 0.12620740330763824, 0.10817704805858887], [0.0077685094032559285, 0.22978491705429868, 0.03027540805868018, 0.7321711654837653], [0.8647200233541719, 0.06562956438126143, 0.00411238885666007, 0.0655380234079068], [0.2581365897602053, 0.10573711682222595, 0.016607400966630725, 0.619518892450938], [0.09117631594955841, 0.7087365673187263, 0.027526028373919407, 0.1725610883577959], [0.9330122255459254, 0.04887737381464085, 0.005947567144232267, 0.012162833495201347], [0.5194157399772762, 0.2441804441168999, 0.03070562769244544, 0.20569818821337835], [0.10855058212061287, 0.7506789307315226, 0.005083322836754717, 0.1356871643111098], [0.013264744086109975, 0.8590345444304311, 0.011118654750910915, 0.11658205673254789], [0.06495587761428027, 0.4057326546800389, 0.4894704042048914, 0.039841063500789343], [0.23862774024394137, 0.22123341676099736, 0.4281841425299568, 0.11195470046510451], [0.10486507169249805, 0.8112095155657274, 0.006330465763043019, 0.07759494697873144], [0.11577237804506492, 0.64803549636734, 0.02354884524682999, 0.21264328034076502], [0.6519701511000335, 0.2413310896606941, 0.06778028693677822, 0.038918472302494136], [0.9592455303262925, 0.011021039412585722, 0.01801374387673952, 0.011719686384382123], [0.23717513596541986, 0.038415452889884745, 0.014890860478768576, 0.7095185506659268], [0.03270016266134965, 0.2657866069430662, 0.05398320396755988, 0.6475300264280242], [0.7181208784359236, 0.061243402721253636, 0.0824250182510819, 0.13821070059174068], [0.1335667238090321, 0.42410032276040965, 0.045493112102412275, 0.396839841328146], [0.08490388073972982, 0.08155830855364973, 0.03040714091358443, 0.8031306697930359], [0.5021813515945769, 0.06416302510581608, 0.04026156993990578, 0.39339405335970123], [0.7348613668825249, 0.130316419542797, 0.03216481650779645, 0.10265739706688155], [0.7535034698603053, 0.0656542495331255, 0.017404930199026274, 0.16343735040754273], [0.757502331316821, 0.17377440861645632, 0.06768995744516698, 0.001033302621555744], [0.08354327964823656, 0.833537544185622, 0.01679981187802073, 0.06611936428812078], [0.9762181089424687, 0.020631589228869117, 0.0007109238639044904, 0.002439377964757705], [0.10859206875285561, 0.033022063155475775, 0.7320901303828817, 0.12629573770878696], [0.17675745583925392, 0.10590841170308089, 0.6738114458553821, 0.043522686602282895], [0.030973966232701815, 0.5610784554830844, 0.05884917682774309, 0.3490984014564708], [0.027004461933704406, 0.12520384749932126, 0.02136684103446202, 0.8264248495325124], [0.17499303427328816, 0.5331012404014451, 0.04997204189568977, 0.24193368342957697], [0.7683275442674402, 0.03713492827336345, 0.035252170061146886, 0.1592853573980494], [0.8089420230416592, 0.10559299376228129, 0.026537604108806425, 0.05892737908725321], [0.16239983648031311, 0.07863500435294057, 0.004334040482765756, 0.7546311186839805], [0.25639439850137385, 0.006095756191139572, 0.02018364843831738, 0.7173261968691691], [0.6874754205429384, 0.17423390227051627, 0.0014607666258070627, 0.13682991056073834], [0.0051125029150422266, 0.9323273174839383, 0.02612844077109614, 0.03643173882992343], [0.757140260021128, 0.14421584471939158, 0.0021674751639605807, 0.09647642009551977], [0.2342115588821155, 0.17822910258553903, 0.08191517525511761, 0.5056441632772278], [0.11086727603909782, 0.41064462325811396, 0.07991838396692426, 0.3985697167358639], [0.07504725857909082, 0.7586361963108801, 0.15074869255326326, 0.01556785255676597], [0.3685723235515515, 0.029986182183453697, 0.08378110458917386, 0.517660389675821], [0.03708081639355404, 0.016801847235624834, 0.0026206695218185293, 0.9434966668490027], [0.21768928099446058, 0.10540918434598354, 0.06358220837465944, 0.6133193262848964], [0.015440597189149512, 0.9588804348911893, 0.0028343981342668165, 0.022844569785394384], [0.2908414916459152, 0.06028790110203682, 0.014842330121522126, 0.6340282771305259], [0.12156589540109103, 0.07222709413737854, 0.11234659915032409, 0.6938604113112063], [0.0011290817637224662, 0.6704599713207681, 0.18213396218582803, 0.14627698472968145]]}}