{"test": {"ids": ["113122220", "101111210", "98110230", "104116800", "113117401", "110120640", "99107300", "113118870", "101108460", "113118630", "107116980", "113121010", "101112160", "108118060", "110116501", "109113591", "111119430", "103111480", "113118421", "111117000", "103112470", "112118701", "112118161", "102112250", "110117870", "100108490", "103110220", "113118810", "97105960", "109121640", "109115211", "100108580", "111117200", "99105921", "107117630", "97111790", "113120531", "101110200", "97112170", "99107660", "107120010", "105115380", "105115720", "101108500", "110117080", "106114321", "103111990", "99111000", "113121980", "102108621", "113119950", "112119320", "98107380", "102121700", "111120190", "99113260", "97107950", "111114171", "110118880", "107115140", "113122230", "98110710", "105115570", "109119340", "99108000", "99110050", "113120640", "103113270", "112116850", "110118301", "109119591", "104113240", "113120591", "111116990", "108118630", "102109910", "110114950", "108119330", "112118810", "98108520", "103120290", "107113130", "106114880", "97116800", "107117010", "100113210", "109117730", "107114780", "105116090", "102112301", "111115780", "113122160", "112117210", "106121220", "113118231", "107113260", "100109980", "101112690", "110117200", "108120280", "105118230", "111115400", "112121010", "101113210", "108120621", "101108080", "104111830", "107121640", "105116441", "111118910", "112118930", "107112850", "100109890", "110114561", "113119930", "113120280", "108117610", "107118120", "97114170", "110114651", "107113180", "101111140", "101108121", "106113260", "108121410", "98107210", "108117720", "110117500", "103110100", "110113931", "113119320", "111121351", "97113900", "113118690", "112116401", "99107560", "105117351", "111120260", "110120190", "103118110", "109117271", "109118231"], "labels": [1, 2, 3, 1, 3, 0, 3, 0, 0, 3, 3, 2, 3, 1, 3, 3, 3, 0, 3, 0, 1, 0, 0, 0, 3, 2, 2, 3, 2, 0, 0, 0, 0, 1, 0, 2, 0, 2, 0, 3, 1, 1, 1, 3, 1, 2, 2, 2, 2, 3, 0, 1, 1, 1, 3, 0, 2, 3, 0, 0, 1, 2, 0, 3, 2, 3, 0, 2, 0, 1, 0, 2, 0, 0, 1, 2, 0, 0, 3, 2, 2, 1, 0, 0, 1, 0, 3, 2, 1, 1, 1, 3, 1, 1, 3, 0, 1, 1, 3, 3, 1, 0, 2, 3, 1, 0, 3, 1, 1, 0, 1, 1, 3, 0, 1, 0, 3, 3, 2, 3, 3, 2, 0, 3, 0, 1, 1, 1, 1, 1, 1, 0, 2, 3, 0, 1, 0, 3, 3, 2, 0, 1], "predicted_labels": [1, 3, 1, 3, 1, 3, 3, 3, 3, 1, 1, 1, 1, 3, 1, 1, 3, 0, 3, 1, 1, 3, 1, 3, 3, 1, 1, 1, 3, 3, 3, 3, 0, 1, 0, 3, 3, 1, 3, 0, 3, 1, 1, 3, 3, 1, 3, 3, 0, 0, 3, 1, 0, 1, 3, 3, 3, 3, 0, 3, 1, 2, 1, 3, 1, 3, 0, 3, 3, 3, 1, 1, 1, 3, 3, 3, 3, 3, 0, 1, 1, 3, 1, 0, 1, 3, 3, 1, 1, 3, 3, 1, 1, 3, 1, 1, 3, 3, 0, 3, 1, 1, 1, 0, 3, 0, 1, 1, 1, 1, 3, 1, 3, 3, 1, 3, 3, 3, 3, 3, 3, 3, 0, 1, 1, 3, 3, 1, 1, 3, 1, 0, 1, 3, 3, 1, 3, 1, 3, 1, 3, 1], "confidence_scores": [[0.2527201537050392, 0.2967213019294303, 0.15780644789469483, 0.29275209647083555], [0.2175794138084113, 0.2916075447342501, 0.16264149969627567, 0.32817154176106295], [0.22108412015611556, 0.28401440609120115, 0.22699360980033048, 0.2679078639523525], [0.22913331465689213, 0.29876458174286125, 0.140287002503866, 0.3318151010963805], [0.27148316571528686, 0.32044224261601945, 0.06341190404677963, 0.34466268762191415], [0.26781993007751115, 0.29356503525734173, 0.11221414380370603, 0.32640089086144114], [0.2882446408235522, 0.30883155945256674, 0.06495941446298616, 0.33796438526089506], [0.24396449177876997, 0.30410929286813804, 0.12047904166637194, 0.33144717368672], [0.27006467719064237, 0.27651948113842545, 0.13693343564980076, 0.31648240602113137], [0.1668402246079214, 0.2920607309040757, 0.29256501874191265, 0.24853402574609001], [0.2876823044243257, 0.3216113125044743, 0.046320802342492175, 0.3443855807287079], [0.21399137262287135, 0.29182316012979265, 0.2095918765068685, 0.28459359074046764], [0.23980003295267308, 0.29134319962615224, 0.19522494570129817, 0.2736318217198764], [0.23445313474867244, 0.28804595321743476, 0.15180382432927825, 0.3256970877046145], [0.2605494476372509, 0.29889032828626555, 0.11640928575478861, 0.3241509383216949], [0.27466269360133994, 0.3197487534236922, 0.06460703373248619, 0.34098151924248166], [0.24042427057873159, 0.2965274468775905, 0.14233110767760954, 0.32071717486606843], [0.2993654446271465, 0.3146533218932721, 0.050905669265701364, 0.33507556421387985], [0.2547305761206681, 0.30843224626727633, 0.09965031325700559, 0.33718686435504985], [0.22907191985875086, 0.2866772619592489, 0.19754903601468576, 0.28670178216731446], [0.21530135579258092, 0.2833166603060467, 0.23529762713872354, 0.2660843567626487], [0.25812852160506206, 0.3206892193248269, 0.07671376143683062, 0.3444684976332803], [0.28222126913122436, 0.30262592454599335, 0.10841693235013189, 0.30673587397265045], [0.2659150644876319, 0.2895625838734406, 0.10882992404744113, 0.3356924275914867], [0.22505264527433125, 0.2709268358747036, 0.21267358389342414, 0.2913469349575408], [0.19497086934117464, 0.2780226698898787, 0.37101065855259435, 0.15599580221635215], [0.1659802363935769, 0.2954997501316888, 0.2574641102791549, 0.28105590319557966], [0.24417082419813713, 0.29013056261100506, 0.2432891486535904, 0.2224094645372675], [0.2295073006439725, 0.2754930093829215, 0.21462534743460826, 0.2803743425384981], [0.2448853322625525, 0.2858587818505794, 0.15951964165992735, 0.30973624422694057], [0.2217507257219168, 0.29411042844014074, 0.16042672334235164, 0.3237121224955905], [0.2513863602206186, 0.2694833928156417, 0.21392820981339877, 0.265202037150341], [0.2880957198204244, 0.295296874383757, 0.09431943099976278, 0.32228797479605586], [0.24109490017764154, 0.2993974381062546, 0.168778957259907, 0.2907287044561967], [0.28968071313766036, 0.28082193576720443, 0.11865275953334171, 0.310844591561793], [0.22191468985534787, 0.27362372005321145, 0.2543708543445695, 0.250090735746871], [0.26331330569267736, 0.2949690069219712, 0.12298811240317634, 0.3187295749821751], [0.2198720846141386, 0.2989770048197076, 0.16904763617556112, 0.31210327439059293], [0.2668575176111981, 0.29898007367239643, 0.10079630778476975, 0.3333661009316358], [0.28795285179047225, 0.30109239230072854, 0.08377373249030841, 0.3271810234184909], [0.19235950344092922, 0.27550790480182114, 0.2227335590573051, 0.3093990326999445], [0.16495632121296652, 0.28787495253334033, 0.2988097248774608, 0.2483590013762326], [0.2344665247073875, 0.29252817719755136, 0.18722319084781897, 0.2857821072472419], [0.15174923674253296, 0.2663797721655902, 0.3712276928033797, 0.21064329828849707], [0.19878776574730145, 0.296596695614254, 0.18643209841328556, 0.3181834402251587], [0.2680677208728968, 0.2925645765257447, 0.13531496087820652, 0.30405274172315194], [0.249445238632464, 0.28450300423261576, 0.1536905442531289, 0.31236121288179114], [0.1958117349636031, 0.27611107798787893, 0.26098997776421246, 0.2670872092843058], [0.29509757329515746, 0.31835707457380163, 0.04750444322826265, 0.33904090890277805], [0.29301681807846547, 0.31898461952441065, 0.04834581080822274, 0.33965275158890107], [0.2703040742250744, 0.3085247722095612, 0.08209097437712269, 0.3390801791882415], [0.21289164225288312, 0.3042767572720877, 0.15659984140130842, 0.32623175907372093], [0.23789616560484295, 0.25058894871643134, 0.2842054210495495, 0.22730946462917623], [0.23557693609640332, 0.2802507473810949, 0.24377476803884238, 0.24039754848365955], [0.20599087163960741, 0.2818708086868153, 0.21241234062371145, 0.2997259790498658], [0.19385299960030367, 0.2645697491939098, 0.28778787719896776, 0.253789374006819], [0.1641912660693351, 0.26446110575177945, 0.36702675531585993, 0.2043208728630253], [0.2568128481868621, 0.2969991638862094, 0.11877086834818947, 0.32741711957873876], [0.29399589109956215, 0.31725389300440543, 0.050124004337407845, 0.33862621155862455], [0.2725317280997969, 0.29932037322571464, 0.09156306786118332, 0.3365848308133051], [0.18461987076058273, 0.2877119264278944, 0.3012866161203938, 0.22638158669112915], [0.12582594084313345, 0.2748034480359267, 0.435588864863721, 0.16378174625721897], [0.16063639217393602, 0.2817653255492971, 0.3509029556363701, 0.20669532664039664], [0.22872927258870573, 0.29746413476527417, 0.1421588119325639, 0.3316477807134563], [0.17456475682971495, 0.29558538001719425, 0.3002125999469719, 0.22963726320611924], [0.2386889482983225, 0.2799398231126867, 0.1846126986057796, 0.2967585299832114], [0.30717005219110605, 0.31428826432267437, 0.047111203713823414, 0.33143047977239604], [0.17616742413416206, 0.26596231450875274, 0.343859758115633, 0.2140105032414525], [0.2310109231766154, 0.31190590753710057, 0.11396838641682511, 0.3431147828694588], [0.2701963419261012, 0.30307057034908563, 0.09386766635234521, 0.3328654213724678], [0.19456746439075223, 0.2924468113224335, 0.30084897317884396, 0.21213675110797053], [0.17243935755476664, 0.3035910484454315, 0.2730734268685129, 0.2508961671312891], [0.19314162896188883, 0.27869603548682104, 0.29729541257033093, 0.2308669229809594], [0.2677790873257762, 0.29007525486438734, 0.11424669284022815, 0.3278989649696084], [0.16614677141410406, 0.2731399085069609, 0.2977162150870334, 0.26299710499190176], [0.25514509730843904, 0.2906886204559395, 0.13376625330891007, 0.3204000289267114], [0.22213439593800055, 0.2898120559133145, 0.16957415024577546, 0.31847939790290947], [0.2673901814270361, 0.30951387454293644, 0.08413753446129194, 0.33895840956873546], [0.263922468489933, 0.28455033200992175, 0.17142885994495652, 0.2800983395551887], [0.2585781047309353, 0.28921047164108704, 0.2426587334623989, 0.20955269016557893], [0.16116426322650787, 0.2855626512581598, 0.31809051262152466, 0.23518257289380795], [0.18916935393220405, 0.27957202918661417, 0.2774731353062957, 0.25378548157488634], [0.18147819641605423, 0.28732377701485273, 0.3090387917793614, 0.22215923478973165], [0.29283025776613797, 0.28919926907180177, 0.11722600702016797, 0.3007444661418924], [0.250695829252208, 0.2844602069237346, 0.17364716771752733, 0.29119679610653004], [0.21951730635717273, 0.28921845108870303, 0.16740002133926915, 0.32386422121485525], [0.200732561048864, 0.27895653513205493, 0.24503886682959294, 0.2752720369894881], [0.1790148740122149, 0.30169684810176733, 0.28282660799887177, 0.23646166988714615], [0.2665224080049525, 0.2984768305121241, 0.10977761728123654, 0.325223144201687], [0.2070191824557379, 0.2975658783665297, 0.1794752033215574, 0.3159397358561749], [0.2063302903446634, 0.28063594789812824, 0.22559674367808172, 0.28743701807912686], [0.2335518545415791, 0.301007516180772, 0.15066347528385898, 0.3147771539937901], [0.1749933538869281, 0.29098861437731727, 0.24758210981226045, 0.2864359219234944], [0.19722258752057956, 0.3065959997008526, 0.1571801909110716, 0.33900122186749637], [0.20291762504139324, 0.2917059528306222, 0.2167038503977371, 0.2886725717302475], [0.22699936822461841, 0.28515357767200755, 0.19297493121058906, 0.2948721228927852], [0.26075759229241496, 0.28609016191533804, 0.13501547920991347, 0.31813676658233353], [0.266737161343573, 0.2970056425321366, 0.10221503915837057, 0.33404215696591977], [0.2715996043337875, 0.29146649162276117, 0.1277198039955405, 0.3092141000479108], [0.26900067080050644, 0.28532409146935145, 0.11478815270636565, 0.33088708502377645], [0.17295263731034127, 0.30297383910876424, 0.2679000982455817, 0.2561734253353126], [0.23208133554920213, 0.2885325394941887, 0.1861242481534681, 0.293261876803141], [0.19869295749809715, 0.2805099185491787, 0.2866538418789224, 0.23414328207380167], [0.26114387374210074, 0.2785415297222501, 0.16097149289295853, 0.29934310364269057], [0.24654933092499243, 0.2884576801431301, 0.15703901448441954, 0.30795397444745787], [0.2801970618265803, 0.297970275276581, 0.10538635270536258, 0.31644631019147657], [0.1849701714330754, 0.3187201478488374, 0.1446651774022416, 0.3516445033158458], [0.17505144881575027, 0.28199867919740673, 0.2928249262857374, 0.2501249457011055], [0.25718288895057334, 0.3067607071241952, 0.10798073293429872, 0.3280756709909326], [0.248434221016247, 0.2942737297855464, 0.13980317461764463, 0.31748887458056213], [0.2507611392151434, 0.3044399533703529, 0.1124520167602466, 0.33234689065425715], [0.2113609106527922, 0.2969882533098648, 0.21406018987119374, 0.27759064616614915], [0.2590268027248006, 0.28132747258137997, 0.14176819813478317, 0.3178775265590362], [0.23598538643098385, 0.27741627347218456, 0.2077325052351559, 0.27886583486167615], [0.2495794124833879, 0.3077072072624274, 0.10833866725073006, 0.33437471300345456], [0.2948154840590154, 0.30199084950349864, 0.06654180177713902, 0.3366518646603468], [0.1905619628044169, 0.288450040740154, 0.20117336525940638, 0.3198146311960226], [0.27780086251391, 0.31511555371896116, 0.06700399032025715, 0.34007959344687155], [0.15736994760039724, 0.2808387453902293, 0.3053892980843232, 0.25640200892505005], [0.264991251121057, 0.2995856650239732, 0.10229193533341978, 0.33313114852154985], [0.1754801220004579, 0.29045529101175804, 0.23385810003230206, 0.30020648695548197], [0.24598669225510303, 0.27891084770829483, 0.19666961817626133, 0.2784328418603409], [0.27520712552463794, 0.2864970890645228, 0.12039158722081468, 0.3179041981900245], [0.20636154159314618, 0.29243521449536164, 0.22345739673722004, 0.2777458471742724], [0.27158684253518967, 0.32348867847489937, 0.05914017480740064, 0.3457843041825102], [0.18688690504462885, 0.28579424027454975, 0.23204318350832442, 0.295275671172497], [0.27153466836942836, 0.31370433331384195, 0.07186059194312357, 0.3429004063736064], [0.2633789160490349, 0.3090333266690773, 0.09309017267272329, 0.3344975846091646], [0.2428726151669118, 0.290052510439367, 0.18288344900276893, 0.28419142539095243], [0.2182763941489615, 0.27687324365929444, 0.22311642895327635, 0.2817339332384676], [0.269564652484464, 0.30932027164811793, 0.08666995965920478, 0.3344451162082132], [0.27305872567026973, 0.29739747979523146, 0.10893933089450829, 0.3206044636399906], [0.23896220748276617, 0.28161044667004753, 0.23454789377086113, 0.2448794520763253], [0.20920250151002556, 0.29743092379292324, 0.1706517169006768, 0.3227148577963742], [0.28370773204576405, 0.31163637553809626, 0.0620552647797807, 0.3426006276363592], [0.22446496459251014, 0.29612186485852215, 0.24307601059976575, 0.236337159949202], [0.25225348352901106, 0.30487281115100007, 0.10980999548419994, 0.33306370983578876], [0.25169101535931676, 0.29595544258909573, 0.13632084210723502, 0.3160326999443524], [0.16793876403558586, 0.28590997101932003, 0.2703391667642403, 0.2758120981808538], [0.1934793012809648, 0.27051760495515925, 0.3300870108527391, 0.2059160829111367], [0.2346560621831272, 0.30558197431007417, 0.12302104111951438, 0.3367409223872842], [0.21938135546550813, 0.2981340454071677, 0.24514390602423639, 0.23734069310308767]]}, "rewritten": {"ids": ["97105960", "97107950", "97111790", "97112170", "97113900", "97114170", "97116800", "98107210", "98107380", "98108520", "98110230", "98110710", "99105921", "99107300", "99107560", "99107660", "99108000", "99110050", "99111000", "99113260", "100108490", "100108580", "100109890", "100109980", "100113210", "101108080", "101108121", "101108460", "101108500", "101110200", "101111140", "101111210", "101112160", "101112690", "101113210", "102108621", "102109910", "102112250", "102112301", "102121700", "103110100", "103110220", "103111480", "103111990", "103112470", "103113270", "103118110", "103120290", "104111830", "104113240", "104116800", "105115380", "105115570", "105115720", "105116090", "105116441", "105117351", "105118230", "106113260", "106114321", "106114880", "106121220", "107112850", "107113130", "107113180", "107113260", "107114780", "107115140", "107116980", "107117010", "107117630", "107118120", "107120010", "107121640", "108117610", "108117720", "108118060", "108118630", "108119330", "108120280", "108120621", "108121410", "109113591", "109115211", "109117271", "109117730", "109118231", "109119340", "109119591", "109121640", "110113931", "110114561", "110114651", "110114950", "110116501", "110117080", "110117200", "110117500", "110117870", "110118301", "110118880", "110120190", "110120640", "111114171", "111115400", "111115780", "111116990", "111117000", "111117200", "111118910", "111119430", "111120190", "111120260", "111121351", "112116401", "112116850", "112117210", "112118161", "112118701", "112118810", "112118930", "112119320", "112121010", "113117401", "113118231", "113118421", "113118630", "113118690", "113118810", "113118870", "113119320", "113119930", "113119950", "113120280", "113120531", "113120591", "113120640", "113121010", "113121980", "113122160", "113122220", "113122230"], "labels": [2, 2, 2, 0, 2, 2, 0, 1, 1, 2, 3, 2, 1, 3, 1, 3, 2, 3, 2, 0, 2, 0, 3, 1, 0, 0, 0, 0, 3, 2, 2, 2, 3, 1, 3, 3, 2, 0, 1, 1, 1, 2, 0, 2, 1, 2, 2, 2, 3, 2, 1, 1, 0, 1, 1, 1, 0, 1, 3, 2, 0, 1, 1, 1, 3, 0, 2, 0, 3, 1, 0, 3, 1, 1, 3, 1, 1, 1, 0, 3, 1, 0, 3, 0, 0, 3, 1, 3, 0, 0, 1, 0, 3, 0, 3, 1, 3, 1, 3, 1, 0, 3, 0, 3, 0, 1, 0, 0, 0, 0, 3, 3, 3, 0, 0, 0, 1, 0, 0, 3, 1, 1, 2, 3, 3, 3, 3, 3, 3, 0, 1, 1, 0, 0, 0, 0, 0, 2, 2, 3, 1, 1], "predicted_labels": [3, 2, 3, 3, 1, 3, 0, 1, 3, 1, 3, 1, 1, 3, 1, 0, 1, 1, 3, 3, 1, 3, 3, 3, 3, 0, 3, 3, 2, 3, 0, 3, 1, 3, 1, 1, 3, 3, 1, 0, 1, 3, 0, 3, 3, 3, 2, 1, 1, 1, 3, 1, 1, 1, 1, 1, 3, 1, 1, 0, 1, 3, 1, 3, 1, 1, 1, 3, 1, 1, 0, 3, 3, 3, 3, 3, 3, 3, 3, 3, 3, 1, 1, 3, 3, 3, 1, 3, 1, 1, 3, 1, 3, 3, 3, 3, 3, 3, 3, 3, 0, 1, 3, 0, 1, 1, 3, 3, 0, 3, 1, 3, 1, 0, 3, 3, 1, 1, 3, 3, 3, 1, 1, 1, 1, 3, 1, 3, 1, 1, 1, 1, 3, 3, 1, 1, 0, 1, 0, 1, 1, 1], "confidence_scores": [[0.2414357105895741, 0.27250410027572325, 0.18734270728149593, 0.2987174818532066], [0.16221425501045258, 0.2656406675441525, 0.4015110774034247, 0.17063400004197044], [0.2335014151236722, 0.2758161681661953, 0.22846483593481207, 0.2622175807753204], [0.2478954234320021, 0.2918372100094594, 0.13950018094197245, 0.32076718561656603], [0.23949952701475272, 0.2812036838458183, 0.22575575875590653, 0.2535410303835225], [0.15729414702269895, 0.2764420432176181, 0.31566337522370386, 0.2506004345359791], [0.2746201812857013, 0.28721753396866473, 0.13473936090266891, 0.3034229238429651], [0.21548936407753735, 0.2863935270916989, 0.25954594038673745, 0.23857116844402626], [0.2355973530814638, 0.25439697884298673, 0.2654791200136806, 0.24452654806186874], [0.21038092562328278, 0.2843036555566735, 0.27773270015770296, 0.2275827186623407], [0.2426807228427948, 0.287643689672388, 0.16652005792143923, 0.3031555295633781], [0.1434248104257625, 0.27660458285264766, 0.4049134958295913, 0.17505711089199855], [0.24122375167380752, 0.29434966977480875, 0.2108046027271228, 0.253621975824261], [0.2859000775636402, 0.3127431108377391, 0.062144749619581795, 0.33921206197903847], [0.2104802977113188, 0.2914214852209493, 0.25034176699461014, 0.24775645007312175], [0.29653572087698415, 0.31192805985136146, 0.05673709881043827, 0.33479912046121607], [0.16204146157409427, 0.29650816678442626, 0.36139374490599774, 0.18005662673548178], [0.2198256848214347, 0.28155708744130725, 0.23526512783110484, 0.2633520999061533], [0.2062761172125706, 0.27257025129773554, 0.3039984172397753, 0.21715521424991857], [0.2040563577348218, 0.27178457878730955, 0.23130647099734752, 0.29285259248052137], [0.22067802592349808, 0.28339556591476034, 0.3024296534099877, 0.19349675475175407], [0.24743825306130382, 0.2681465762015176, 0.2252038231059154, 0.25921134763126324], [0.20939701629815227, 0.2667373980121143, 0.2704100367596119, 0.2534555489301211], [0.2543793700413603, 0.2831645327645861, 0.16950613104111725, 0.29294996615293656], [0.1913568925247976, 0.2797620233481036, 0.2399518531661606, 0.2889292309609381], [0.28579874397050675, 0.2975756330881101, 0.12636840514345232, 0.290257217797931], [0.24954136952902908, 0.2756809730905866, 0.1803268864257081, 0.29445077095467614], [0.23500338983839464, 0.28321325983345264, 0.17431136559453247, 0.3074719847336203], [0.14405231085033496, 0.26112366310610186, 0.40575139142486216, 0.18907263461870077], [0.2538881976872906, 0.2905126241719907, 0.14491450470526304, 0.3106846734354558], [0.2378577577228853, 0.27356601938971864, 0.2380461983678143, 0.25053002451958173], [0.19950451989017598, 0.2873228819330695, 0.19518410785612533, 0.3179884903206289], [0.2432825369335291, 0.29165103857337105, 0.17998055307141164, 0.2850858714216884], [0.26273036517843584, 0.299619689895198, 0.10289967011825205, 0.33475027480811403], [0.18120966920348966, 0.28232939987090394, 0.3341199413892641, 0.2023409895363417], [0.24858667928729009, 0.30956011136960015, 0.10738722155795337, 0.3344659877851566], [0.2758630393059309, 0.29304996189033944, 0.1057219575829179, 0.32536504122081183], [0.2746796312728288, 0.29192006433971057, 0.09760710796233762, 0.3357931964251233], [0.21067843052812285, 0.28649745511060865, 0.22569084602383777, 0.2771332683374306], [0.27423081499380214, 0.2977354460845033, 0.10282476751445196, 0.3252089714072425], [0.25407481307508006, 0.2951350322976393, 0.15522160825606057, 0.29556854637122015], [0.18076510674020826, 0.28107492029896863, 0.2700499120710667, 0.2681100608897566], [0.29451815203029313, 0.30698303362264195, 0.06979327615227947, 0.32870553819478526], [0.1702650739805485, 0.2835178093918864, 0.2690120728010603, 0.2772050438265046], [0.18992495061419112, 0.28184561312057455, 0.2585998270086935, 0.26962960925654084], [0.19170662854299542, 0.2708678873064355, 0.2837233088763963, 0.25370217527417277], [0.1703347199944882, 0.26933086606689904, 0.4079726635963963, 0.15236175034221636], [0.16756963685337545, 0.2871291890845096, 0.3190511278010324, 0.2262500462610827], [0.20559621446336215, 0.31056517263972727, 0.1497980028288761, 0.33404061006803454], [0.19669784541311755, 0.2984440056269126, 0.25879639166046303, 0.2460617572995069], [0.21408538500358607, 0.28941040293830866, 0.18720172157553927, 0.309302490482566], [0.18075629157360668, 0.28914922447023705, 0.29405955496920644, 0.23603492898695022], [0.15744092919968117, 0.28486952884525096, 0.34691017545212927, 0.21077936650293846], [0.21836259737004554, 0.2894159888516139, 0.2066303817330745, 0.2855910320452662], [0.26783204520687687, 0.29840420268371687, 0.10961450927366116, 0.32414924283574537], [0.2629687427656755, 0.29943669212895596, 0.14013969201165222, 0.2974548730937165], [0.2232133462941555, 0.29460462197923987, 0.16270622869457282, 0.319475803032032], [0.18706508896731516, 0.2984954117468544, 0.287211907577947, 0.22722759170788345], [0.21356956001444527, 0.290798595401215, 0.22975185038429913, 0.26587999420004055], [0.27137179389414684, 0.29080702137818215, 0.13101157871481983, 0.30680960601285107], [0.20432624330908217, 0.295130917860979, 0.2774570655694554, 0.22308577326048348], [0.21150739019778103, 0.2793718669435507, 0.2320679464147658, 0.27705279644390235], [0.19616931649437422, 0.29439380908707224, 0.25267539424210345, 0.2567614801764501], [0.17698888236533908, 0.27585025770032834, 0.3336096695148752, 0.21355119041945747], [0.1721240798141575, 0.30527153980977073, 0.19444842019321815, 0.3281559601828538], [0.24045044659285725, 0.2951540642085177, 0.1441183904134682, 0.32027709878515703], [0.17877390979269722, 0.2876593264696959, 0.3241294444632534, 0.20943731927435363], [0.27385169508416296, 0.28886198982358924, 0.10317656496200837, 0.33410975013023964], [0.29681996738335054, 0.3084829531702942, 0.08772839644663499, 0.3069686829997204], [0.2387685314203193, 0.27630749636093194, 0.24125747678299106, 0.24366649543575766], [0.2902245847863408, 0.2808133152592453, 0.12008448090272317, 0.30887761905169103], [0.27388777126269087, 0.30269045597981453, 0.09271048004976162, 0.3307112927077332], [0.23400021871334095, 0.26942068775858147, 0.24237248261992925, 0.2542066109081482], [0.19347287740126518, 0.2760291511047603, 0.26861958802504116, 0.26187838346893344], [0.20028872612654228, 0.29646040162782045, 0.18831014083458622, 0.3149407314110514], [0.27165342763334854, 0.312299072792252, 0.07351157661975725, 0.34253592295464186], [0.23842573561917857, 0.28195401824749305, 0.16613106441548806, 0.31348918171784046], [0.22893121001111522, 0.287998558391654, 0.17078566514452423, 0.31228456645270625], [0.2652108344612643, 0.3140716787127003, 0.07951819606819982, 0.3411992907578357], [0.26718272696790857, 0.2885704517091811, 0.11206935268767533, 0.3321774686352351], [0.25519355922005393, 0.28180880778300227, 0.1757179159548143, 0.2872797170421295], [0.27578924164805013, 0.3247068099131076, 0.051046241701803906, 0.3484577067370383], [0.27977903977930263, 0.31967647616553846, 0.059371016389539316, 0.3411734676656197], [0.24536997402117477, 0.29896751234703733, 0.12624310630399843, 0.3294194073277897], [0.24724993764646425, 0.29782274428652167, 0.13637297994817738, 0.3185543381188368], [0.19822592692032207, 0.27151834998581353, 0.269176943519741, 0.26107877957412357], [0.2345773780748229, 0.29572008886703194, 0.22334595116480657, 0.24635658189333834], [0.21219438392749826, 0.28583548664517283, 0.19579774946592376, 0.3061723799614051], [0.20675138621688843, 0.2924039898490266, 0.2710723984248503, 0.22977222550923473], [0.24168113024875815, 0.2793249776300378, 0.2030446055495692, 0.27594928657163476], [0.22083775725640806, 0.28085958200009536, 0.1979415855040532, 0.3003610752394438], [0.21874674993209103, 0.2707903191871504, 0.2975929452515223, 0.2128699856292365], [0.2618650380261227, 0.3023930048583515, 0.10040851753271353, 0.33533343958281214], [0.22790904755636865, 0.3022989421235811, 0.13261146212832375, 0.33718054819172644], [0.2094937091234029, 0.2864314567766354, 0.21038441278556502, 0.2936904213143969], [0.20659668357251262, 0.30220844652725154, 0.16245254608760715, 0.3287423238126286], [0.24671082861083274, 0.28656740167741307, 0.16477031602477166, 0.3019514536869827], [0.2583361411845968, 0.30856991198520933, 0.09830146640158642, 0.33479248042860743], [0.22666755777272082, 0.26913452265275545, 0.22345248787691538, 0.2807454316976083], [0.25895489432599966, 0.2887141275529892, 0.14086263129886958, 0.31146834682214153], [0.2915735584540783, 0.3120839684705375, 0.05964578900235027, 0.3366966840730336], [0.16302717929233107, 0.28351024305996403, 0.31187129612067294, 0.24159128152703221], [0.23315111265698796, 0.2811166628775543, 0.18216969150238027, 0.30356253296307745], [0.28310226140860817, 0.30556721949103277, 0.07885202883971006, 0.33247849026064924], [0.2402810020502582, 0.29179011528538656, 0.15988820876145088, 0.30804067390290457], [0.21780390730158064, 0.2772377973745104, 0.24630006501360466, 0.25865823031030494], [0.21987763379559047, 0.28714762308449837, 0.1932702721201369, 0.2997044709997744], [0.21676974525325776, 0.28893899276186247, 0.1888133231737605, 0.305477938811119], [0.2755889666176882, 0.28634885180691966, 0.14502060575917597, 0.2930415758162163], [0.273655104091471, 0.3098465702144562, 0.08018560645401411, 0.3363127192400587], [0.2333453662807557, 0.29747416243578767, 0.15496908111243474, 0.31421139017102206], [0.19983498113975007, 0.2805678606681949, 0.23435700170482257, 0.2852401564872322], [0.2364560131692059, 0.28818763735797676, 0.1767741581456898, 0.29858219132712743], [0.2646834948236448, 0.29183145264913524, 0.14124508892700224, 0.302239963600218], [0.2799653797294003, 0.30710435158282895, 0.07064029785372583, 0.34228997083404467], [0.23691947240182984, 0.30630009168513816, 0.1206229815079974, 0.33615745440503453], [0.19337111163250348, 0.2872817456719451, 0.2524009499238619, 0.26694619277168946], [0.24043688654738374, 0.2920925677704037, 0.19111922729258987, 0.2763513183896225], [0.2624224473031567, 0.31557113201458775, 0.08088321587162617, 0.3411232048106296], [0.24975532302932624, 0.28399179716400413, 0.16597867006678305, 0.30027420973988656], [0.2485187201606397, 0.3032042230490899, 0.1172105007134635, 0.331066556076807], [0.19822780404785117, 0.30466393865938757, 0.1763115407320143, 0.32079671656074704], [0.18082197019319413, 0.28340719395773634, 0.28814155096428173, 0.24762928488478803], [0.26829617852146415, 0.3124803545588526, 0.08159930652490154, 0.3376241603947818], [0.20192620955728188, 0.2860240055701613, 0.23968770045452942, 0.27236208441802773], [0.2567730976494506, 0.29009732553955525, 0.1340713217499953, 0.319058255060999], [0.1656797728441074, 0.2865491883872467, 0.28755980589946534, 0.2602112328691805], [0.2455363220978144, 0.30456488935878173, 0.11690790950518401, 0.33299087903821983], [0.24410311404986496, 0.2980976845700455, 0.1576775578775933, 0.30012164350249626], [0.2496684269928681, 0.296925289106995, 0.14593899472100572, 0.3074672891791312], [0.2578213331983329, 0.29584960183762254, 0.14540891701868758, 0.3009201479453569], [0.2541272656430507, 0.3023586519770449, 0.11932806503294732, 0.3241860173469571], [0.27371375714503327, 0.29934335887506736, 0.09520161983968829, 0.33174126414021105], [0.29437295495767823, 0.29710114221582046, 0.07390796866892445, 0.334617934157577], [0.27546266875332615, 0.29916528767063333, 0.11850455946952805, 0.30686748410651254], [0.2084713185270842, 0.2770126659394108, 0.293998156455891, 0.22051785907761393], [0.3019899111977326, 0.31473644415473306, 0.05046226248543213, 0.3328113821621022], [0.217196839172385, 0.2931602241316757, 0.23294913057982813, 0.25669380611611115], [0.3017813669893034, 0.3159235431921094, 0.04683276270407919, 0.3354623271145078], [0.19927147812796742, 0.2931771234931452, 0.2451162814447952, 0.26243511693409227], [0.24965095063666093, 0.2911873825060223, 0.1928301715899266, 0.26633149526739003], [0.1829243415310657, 0.2887001894857865, 0.27543765754155064, 0.2529378114415973]]}}