{"test": {"ids": ["107114621", "97112290", "112121360", "100108580", "104111830", "111120280", "109116810", "103120780", "112120640", "97109570", "113117630", "109115220", "113118231", "112117210", "108121190", "110118111", "97107950", "110120540", "109118820", "111116100", "100109910", "102110890", "104110960", "108116481", "101119030", "104116980", "107121540", "98113881", "99109910", "98108970", "103110100", "111121930", "104112470", "101114020", "113118630", "109120621", "109114220", "103113610", "100109360", "105114220", "101109000", "98117740", "110118450", "108114360", "97106820", "109113591", "108115250", "102121440", "102112301", "111119340", "103118110", "109113281", "100116790", "109117150", "102110750", "98110230", "97114170", "101111140", "107112850", "113122650", "105116501", "110118630", "97112170", "102109840", "105110091", "98108520", "99111000", "102117351", "107112840", "107113130", "99111620", "105121190", "104119290", "97108520", "103110760", "98107010", "112116900", "113117550", "100109890", "108113740", "99117740", "111114121", "98112580", "113118690", "113117401", "99108000", "105120280", "97107821", "112118471", "108116501", "113122180", "111117200", "99107500", "110114321", "99112840", "113119340", "98107380", "111119430", "104111380", "105113260", "112119320", "113120531", "100111270", "112118701", "98106680", "99108520", "98112170", "109119010", "107114950", "98116500", "107118520", "111116290", "106113190", "106116850", "102121700", "99109780", "107116300", "109117630", "107114140", "112121430", "111117000", "108118520", "102116340", "98108370", "97110950", "105117200", "99108580", "111119610", "112117030", "104119340", "109116441", "111120260", "109114030", "99120010", "105110251", "111118301", "99108710", "113122230", "109120150", "112116880", "113118620", "102113210"], "labels": [0, 1, 3, 0, 3, 0, 3, 1, 0, 0, 0, 3, 3, 1, 1, 1, 2, 1, 3, 3, 2, 0, 2, 0, 3, 1, 2, 3, 2, 3, 1, 1, 1, 3, 3, 1, 3, 2, 0, 3, 1, 2, 0, 1, 1, 3, 1, 2, 1, 3, 2, 0, 2, 2, 1, 3, 2, 2, 1, 2, 1, 1, 0, 2, 0, 2, 2, 1, 1, 1, 3, 2, 1, 2, 1, 3, 3, 3, 3, 3, 2, 0, 2, 3, 3, 2, 3, 2, 1, 0, 2, 0, 0, 1, 2, 0, 1, 3, 3, 3, 1, 0, 2, 0, 1, 2, 3, 3, 3, 2, 2, 2, 0, 3, 1, 2, 0, 0, 2, 2, 0, 0, 3, 1, 3, 3, 0, 2, 2, 1, 3, 3, 1, 2, 0, 3, 2, 1, 2, 0, 3, 3], "predicted_labels": [3, 1, 0, 2, 3, 3, 0, 1, 1, 1, 1, 3, 0, 2, 1, 3, 1, 1, 1, 0, 2, 2, 0, 0, 0, 2, 1, 1, 2, 1, 0, 0, 3, 0, 3, 1, 1, 0, 3, 0, 3, 3, 2, 1, 3, 1, 1, 1, 1, 1, 3, 0, 1, 3, 2, 1, 1, 0, 1, 3, 0, 1, 1, 1, 1, 1, 1, 0, 1, 2, 1, 3, 1, 1, 1, 1, 0, 3, 1, 0, 2, 1, 1, 1, 0, 1, 1, 0, 1, 3, 3, 1, 1, 1, 3, 0, 3, 1, 2, 3, 2, 1, 1, 3, 1, 2, 3, 3, 0, 3, 1, 0, 0, 0, 1, 1, 3, 1, 1, 1, 3, 1, 1, 2, 1, 0, 2, 2, 3, 3, 1, 0, 3, 2, 3, 3, 1, 1, 2, 1, 1, 3], "confidence_scores": [[0.041154661003903484, 0.2510348594005269, 0.03021124871771982, 0.6775992308778497], [0.25919136983346663, 0.35722401393207376, 0.048678079749835214, 0.3349065364846245], [0.831595628117269, 0.15281504412334151, 0.003920030667748916, 0.011669297091640723], [0.10593482173890816, 0.06679313071735556, 0.769344489111238, 0.0579275584324983], [0.05658910140876991, 0.11890005238595018, 0.10949049786668655, 0.7150203483385933], [0.06873924772772237, 0.0317984509642097, 0.0023819697671964165, 0.8970803315408715], [0.4224947079613879, 0.2944659391790098, 0.014010489431998058, 0.26902886342760424], [0.08728062382887881, 0.7255982948657291, 0.022646445121085126, 0.16447463618430672], [0.051488681238239936, 0.4869799507102169, 0.38612748955774906, 0.07540387849379385], [0.08876771360719388, 0.4751736672485658, 0.06497328910463993, 0.3710853300396002], [0.2060670603871787, 0.40934933168947807, 0.14290033855050166, 0.24168326937284146], [0.0969553914868136, 0.16841927694512465, 0.03157032017583387, 0.7030550113922279], [0.6264370127528371, 0.2130675328455969, 0.04869044689239527, 0.11180500750917094], [0.07456114592447405, 0.28698848330700205, 0.5572909621774078, 0.08115940859111592], [0.07702527467921828, 0.5646317488348981, 0.0017333006189365122, 0.35660967586694703], [0.336202156075371, 0.27833368113800255, 0.012083461410705895, 0.3733807013759206], [0.08380376246919152, 0.4365146995091941, 0.02073546918609947, 0.45894606883551475], [0.023417182787148594, 0.8093367717318881, 0.11129258829456279, 0.05595345718640043], [0.11764414433060973, 0.41870866106488175, 0.30649466697730676, 0.157152527627202], [0.573991287522552, 0.19915869847851414, 0.002052446302046344, 0.22479756769688758], [0.008707679550129977, 0.01039742443191969, 0.9799313587739027, 0.0009635372440477415], [0.29741408828751087, 0.018477185000604468, 0.5587596603309171, 0.12534906638096768], [0.9322032646690597, 0.020832713566366762, 0.03160435660462784, 0.015359665159945943], [0.6589654823375843, 0.0503800752860942, 0.0032025880834073007, 0.2874518542929141], [0.6057446867302249, 0.05590370283781543, 0.009979755612119489, 0.32837185481984016], [0.0016093744191973275, 0.02464688084975009, 0.9457259487232043, 0.028017796007848483], [0.14658209990074275, 0.5914447949302154, 0.13041461573902305, 0.13155848943001905], [0.08584511316565822, 0.674355744054988, 0.1784526723889375, 0.06134647039041625], [0.012665245148444285, 0.016353731305289988, 0.9630054918071175, 0.007975531739148613], [0.005776845617218579, 0.8796469092256722, 0.014562007560797762, 0.10001423759631126], [0.579838027695389, 0.1975470313528886, 0.05594195248435285, 0.16667298846737008], [0.941195352429927, 0.031936512283920575, 0.0009353970262029002, 0.02593273825994962], [0.0783923365079893, 0.04604023712698954, 0.46603151087326605, 0.40953591549175533], [0.5453448508793374, 0.1699744491971557, 0.08390722766233082, 0.20077347226117623], [0.13234387649214077, 0.14598057642442278, 0.04401249701117993, 0.6776630500722566], [0.28929444647979885, 0.491666354941909, 0.008884491298487725, 0.21015470727980454], [0.23385882969203808, 0.47250016905784825, 0.13029172145290807, 0.16334927979720604], [0.6322103569321076, 0.23235379327822997, 0.08668513772938405, 0.048750712060278555], [0.23204849533532593, 0.07487180632768684, 0.2620492669697082, 0.43103043136727903], [0.7041620862175013, 0.26070889377883033, 0.0016024772308495798, 0.03352654277281885], [0.019269248226170623, 0.20968040181232472, 0.1770255619697784, 0.5940247879917261], [0.04872196410653099, 0.11655655396873178, 0.3009814519991931, 0.5337400299255445], [0.020110435886318345, 0.15040378298449714, 0.7955101924644106, 0.033975588664774056], [0.08504739256129946, 0.5568989832881334, 0.20779639493849292, 0.15025722921207424], [0.2066081913741845, 0.07870123855133118, 0.21555056642784787, 0.4991400036466368], [0.025696214194196466, 0.581484041834448, 0.023073631504044127, 0.3697461124673112], [0.17177221542097576, 0.2634035083897819, 0.20853011244964112, 0.35629416373960154], [0.08677076822660869, 0.5083766875250362, 0.22034578521453663, 0.18450675903381872], [0.1424923228143479, 0.6444575304686455, 0.14507304956666642, 0.06797709715033996], [0.2359236773990539, 0.492581799417484, 0.009294079254208365, 0.26220044392925346], [0.024587916737384814, 0.07644012313759715, 0.04500161466133005, 0.8539703454636879], [0.6521281964089892, 0.0913814565588027, 0.0017344717634021221, 0.254755875268806], [0.08234105733163312, 0.624992904416561, 0.12010153747268483, 0.17256450077912075], [0.22573319581294016, 0.2550228403039645, 0.044458254218623434, 0.4747857096644719], [0.05134947866247482, 0.2433238583639046, 0.6918990177504555, 0.013427645223165141], [0.23761137921205921, 0.49346483759074816, 0.00847056697912616, 0.26045321621806655], [0.019805720946565852, 0.7147520185545452, 0.08394811579561896, 0.18149414470327002], [0.4485420375411941, 0.1075412597890992, 0.29743033923725154, 0.146486363432455], [0.0601734611053542, 0.7871750843338678, 0.04740394921583053, 0.10524750534494719], [0.06810368205505722, 0.40241624567006185, 0.04146632169293781, 0.4880137505819432], [0.4077205425414391, 0.33357713640109016, 0.002857397412855006, 0.25584492364461586], [0.1448109203821781, 0.4773092076085416, 0.1406619040574991, 0.23721796795178124], [0.2907859274561421, 0.3354623599826843, 0.05384304912410583, 0.31990866343706764], [0.07604136076727273, 0.7751901528766515, 0.09680319747736327, 0.0519652888787125], [0.06257414315060769, 0.524401339856853, 0.07333749961541955, 0.3396870173771194], [0.3691602244083748, 0.3510294872018735, 0.05508270643313879, 0.22472758195661313], [0.020930826716644195, 0.4777348340226769, 0.387415107645157, 0.11391923161552185], [0.707217949407572, 0.0665301394375994, 0.002181575040534977, 0.22407033611429386], [0.14171237611581458, 0.4807795058895322, 0.16163885768534003, 0.215869260309313], [0.05081760934841913, 0.15252079436344923, 0.6548161491675162, 0.1418454471206152], [0.015105869767989529, 0.4533843008455554, 0.09417269396204477, 0.43733713542441055], [0.01274032700138198, 0.2874743408647904, 0.2843389370412925, 0.4154463950925356], [0.01034856725739039, 0.4482045998573466, 0.10786259257874868, 0.4335842403065142], [0.08760826632013602, 0.7777403016842679, 0.08015553238640172, 0.054495899609194154], [0.14662879563195022, 0.6270871311177818, 0.019794828307255718, 0.20648924494301255], [0.1566193824073462, 0.5368717832386579, 0.04489727439647108, 0.2616115599575248], [0.7300173635343334, 0.18610572061061903, 0.0028593006625037367, 0.08101761519254388], [0.2673935874027608, 0.3058498107066274, 0.056266415509549576, 0.37049018638106196], [0.03913415680467321, 0.7115704582636074, 0.14573139841128144, 0.10356398652043779], [0.7192485810385294, 0.022437900054939727, 0.01385058719176931, 0.24446293171476163], [0.1748749748332753, 0.15502710254306695, 0.48395268824871096, 0.18614523437494657], [0.05329070243255123, 0.8645410671556782, 0.0005295174108713755, 0.081638713000899], [0.0653547192522522, 0.4819736632615711, 0.08428170757087272, 0.3683899099153042], [0.1852673506150787, 0.6513926604749966, 0.015604525073325217, 0.14773546383659955], [0.40693870641219604, 0.18493613586336127, 0.11585899116060783, 0.29226616656383503], [0.004740589517831567, 0.7707176527191248, 0.15849053359355675, 0.06605122416948643], [0.1034166540999252, 0.2909850847969942, 0.2901070501427699, 0.3154912109603111], [0.4991646756129301, 0.11615359782654175, 0.015845182999682034, 0.3688365435608459], [0.3569851880368722, 0.4426804283143439, 0.06665209188360814, 0.13368229176517551], [0.09531846944434257, 0.17807795920321598, 0.008065287239116172, 0.7185382841133252], [0.05296077620290223, 0.09597733523877253, 0.00903229609614702, 0.8420295924621783], [0.11686835898997455, 0.6017375098206938, 0.0035047734532547485, 0.27788935773607704], [0.0748749135040529, 0.4344395923010815, 0.23665479016089047, 0.2540307040339754], [0.16536573387740428, 0.6161310166178171, 0.1904711889947438, 0.028032060510034738], [0.1517093300428026, 0.23741183464772228, 0.10351078460307585, 0.507368050706399], [0.7710805818091699, 0.2024238674815702, 0.0003796818528363038, 0.02611586885642383], [0.033739339605171406, 0.09396497061248624, 0.4779946519723078, 0.3943010378100345], [0.019186599607133505, 0.48116847048193245, 0.13130281620667744, 0.36834211370425657], [0.19598111673039806, 0.19680930147839504, 0.43111056091388805, 0.17609902087731932], [0.35399581191727886, 0.18063647127271426, 0.05218015838564539, 0.4131875584243612], [0.004604695218720585, 0.2811974092577007, 0.602643307283708, 0.11155458823987063], [0.1708335974011978, 0.5638826436306666, 0.02287623332672979, 0.24240752564140605], [0.0422199942960829, 0.48742083143915005, 0.3346413058150499, 0.13571786844971742], [0.2713511354289861, 0.19829940164974807, 0.022702057801142397, 0.5076474051201237], [0.039502466921013765, 0.4014026251820438, 0.5302723539362387, 0.028822553960703722], [0.009067982244685498, 0.14490128777707167, 0.8362473230119342, 0.00978340696630858], [0.2407703736647537, 0.11734854499269161, 0.10099008117905882, 0.5408910001634959], [0.12807973284519483, 0.24163358460613438, 0.23011655944262352, 0.4001701231060474], [0.4757705967215881, 0.05324585327540044, 0.10147344547035139, 0.3695101045326599], [0.19534200330631393, 0.23573206617208073, 0.07914742608542545, 0.4897785044361798], [0.004940920619398706, 0.8948125154151159, 0.023224085224690008, 0.07702247874079528], [0.5189205838719718, 0.2838064892574956, 0.08856234515950168, 0.10871058171103115], [0.8740131471958189, 0.03831976696819823, 0.024113223167704676, 0.0635538626682782], [0.48769960868980305, 0.17751064042908374, 0.06541573820785754, 0.26937401267325595], [0.28021814102647813, 0.6914545815676746, 0.02105591888614792, 0.007271358519698963], [0.06256730283814352, 0.859650432671663, 0.03281685953454963, 0.044965404955644196], [0.27627073880828384, 0.08051477190460833, 0.024326402786520464, 0.6188880865005876], [0.44021110093814025, 0.5182063699875515, 0.012980126506474997, 0.028602402567833304], [0.0533665625747455, 0.4740204751039887, 0.03179373655167942, 0.44081922576958615], [0.32449608020040066, 0.40467242655054975, 0.010187686441133591, 0.2606438068079161], [0.13483727562259962, 0.3132635781449449, 0.02124891445645839, 0.5306502317759975], [0.10053104347677963, 0.7574487957471961, 0.0957171789280223, 0.046302981848001745], [0.02005217838221319, 0.3403105066298024, 0.225272570656628, 0.4143647443313562], [0.0024372202003962885, 0.023929699097642792, 0.8987046646860699, 0.07492841601589076], [0.06525213589029102, 0.7502570246604342, 0.0183313823735059, 0.16615945707576868], [0.4882429857427956, 0.2093685237807939, 0.13806210955315318, 0.16432638092325724], [0.021438151573791683, 0.23977995925845685, 0.7321683783872723, 0.006613510780478991], [0.024544360219494986, 0.24451526444906221, 0.6868352512612137, 0.044105124070229165], [0.07262055927578455, 0.11972356391147673, 0.01784932942827034, 0.7898065473844686], [0.3383845148942473, 0.23557086522300136, 0.006015768255104817, 0.4200288516276463], [0.23138816437886717, 0.6302948494298115, 0.009640048307751874, 0.12867693788356957], [0.6811241880399972, 0.17796259149060414, 0.010050168713118274, 0.13086305175628027], [0.1291311295206969, 0.23340129568645956, 0.05038777049119452, 0.587079804301649], [0.19251572932229422, 0.07306124267815557, 0.6970459539185809, 0.03737707408096903], [0.019023992654943183, 0.42606402598218485, 0.005785162085860061, 0.549126819277012], [0.1585411393431758, 0.2335349220459219, 0.06532393529079014, 0.5426000033201124], [0.03134459727405203, 0.863847217785816, 0.036103360662217594, 0.06870482427791451], [0.05712871279141691, 0.8126538017508992, 0.08035966796517771, 0.049857817492506], [0.13473065171764134, 0.059918398630878104, 0.7379710615551283, 0.06737988809635227], [0.22481741130076244, 0.5932206951280846, 0.04871109548801441, 0.13325079808313842], [0.17863554112177846, 0.7465484811305251, 0.003981651249195733, 0.07083432649850069], [0.14150108692380278, 0.11298548893486157, 0.059237695790971025, 0.6862757283503644]]}, "rewritten": {"ids": ["97106820", "97107821", "97107950", "97108520", "97109570", "97110950", "97112170", "97112290", "97114170", "98106680", "98107010", "98107380", "98108370", "98108520", "98108970", "98110230", "98112170", "98112580", "98113881", "98116500", "98117740", "99107500", "99108000", "99108520", "99108580", "99108710", "99109780", "99109910", "99111000", "99111620", "99112840", "99117740", "99120010", "100108580", "100109360", "100109890", "100109910", "100111270", "100116790", "101109000", "101111140", "101114020", "101119030", "102109840", "102110750", "102110890", "102112301", "102113210", "102116340", "102117351", "102121440", "102121700", "103110100", "103110760", "103113610", "103118110", "103120780", "104110960", "104111380", "104111830", "104112470", "104116980", "104119290", "104119340", "105110091", "105110251", "105113260", "105114220", "105116501", "105117200", "105120280", "105121190", "106113190", "106116850", "107112840", "107112850", "107113130", "107114140", "107114621", "107114950", "107116300", "107118520", "107121540", "108113740", "108114360", "108115250", "108116481", "108116501", "108118520", "108121190", "109113281", "109113591", "109114030", "109114220", "109115220", "109116441", "109116810", "109117150", "109117630", "109118820", "109119010", "109120150", "109120621", "110114321", "110118111", "110118450", "110118630", "110120540", "111114121", "111116100", "111116290", "111117000", "111117200", "111118301", "111119340", "111119430", "111119610", "111120260", "111120280", "111121930", "112116880", "112116900", "112117030", "112117210", "112118471", "112118701", "112119320", "112120640", "112121360", "112121430", "113117401", "113117550", "113117630", "113118231", "113118620", "113118630", "113118690", "113119340", "113120531", "113122180", "113122230", "113122650"], "labels": [1, 2, 2, 2, 0, 3, 0, 1, 2, 1, 3, 1, 1, 2, 3, 3, 3, 2, 3, 2, 2, 0, 2, 2, 0, 2, 2, 2, 2, 3, 2, 2, 2, 0, 0, 3, 2, 2, 2, 1, 2, 3, 3, 2, 1, 0, 1, 3, 3, 1, 2, 1, 1, 1, 2, 2, 1, 2, 3, 3, 1, 1, 1, 1, 0, 0, 3, 3, 1, 3, 3, 2, 0, 3, 1, 1, 1, 2, 0, 3, 0, 2, 2, 3, 1, 1, 0, 0, 0, 1, 0, 3, 1, 3, 3, 3, 3, 2, 0, 3, 3, 2, 1, 1, 1, 0, 1, 1, 0, 3, 2, 0, 0, 3, 3, 3, 2, 3, 0, 1, 0, 3, 2, 1, 1, 0, 1, 0, 3, 2, 3, 3, 0, 3, 3, 3, 3, 0, 0, 2, 1, 2], "predicted_labels": [3, 3, 1, 1, 1, 1, 0, 1, 1, 1, 1, 3, 2, 1, 1, 1, 3, 1, 1, 3, 3, 1, 1, 2, 1, 1, 1, 2, 1, 1, 3, 3, 0, 2, 0, 1, 2, 1, 3, 3, 0, 2, 3, 1, 2, 2, 1, 3, 1, 0, 2, 1, 0, 1, 1, 3, 1, 0, 1, 3, 3, 2, 1, 3, 1, 1, 3, 0, 1, 0, 1, 3, 0, 1, 1, 1, 1, 1, 3, 3, 3, 1, 0, 0, 1, 3, 3, 3, 0, 1, 0, 1, 1, 1, 1, 1, 1, 1, 1, 3, 3, 0, 0, 0, 0, 2, 0, 2, 0, 0, 0, 1, 1, 3, 1, 3, 2, 0, 3, 0, 1, 1, 3, 2, 1, 1, 1, 1, 0, 1, 0, 0, 1, 0, 1, 0, 1, 0, 1, 3, 1, 1], "confidence_scores": [[0.039974652419336655, 0.07215077556296907, 0.31168796281208666, 0.5761866092056078], [0.30153155669296994, 0.2533172977393642, 0.03991561849456751, 0.4052355270730983], [0.015820228537554847, 0.7101498619493252, 0.058299041187529425, 0.21573086832559066], [0.3017703192529807, 0.5127574239710107, 0.06161797487683871, 0.12385428189917022], [0.08522109434619458, 0.6487127682205083, 0.03618010586610621, 0.22988603156719103], [0.08278834603693598, 0.8503620476872074, 0.007233294533446185, 0.059616311742410256], [0.5688697406813458, 0.2949578271781623, 0.007220840821601951, 0.1289515913188898], [0.24084884815519422, 0.5550139976719533, 0.016263785521154806, 0.18787336865169757], [0.021776212027719163, 0.8442254174979158, 0.03495584598382419, 0.0990425244905407], [0.03778753133989801, 0.75869867722166, 0.1845456730147216, 0.018968118423720592], [0.09796407945729455, 0.6513436870515424, 0.07728431062412922, 0.173407922867034], [0.030785557216881795, 0.18373326307853605, 0.19466942964844636, 0.5908117500561357], [0.006183666703989168, 0.02954492758658662, 0.9376966681504058, 0.02657473755901857], [0.11547239699643484, 0.5077298442889641, 0.11222364120855273, 0.2645741175060484], [0.019364720753296018, 0.8945285811698995, 0.005861505367975596, 0.08024519270882899], [0.3039729671753208, 0.39254392560367113, 0.009044460564925918, 0.2944386466560825], [0.27074498795656, 0.0356417930504378, 0.023342057119535922, 0.6702711618734664], [0.02907994537556071, 0.5154324479399394, 0.2125767666613278, 0.24291084002317223], [0.0634696605648847, 0.8571587637864322, 0.029453639829878902, 0.04991793581880387], [0.22387337826532291, 0.27123697639047684, 0.18507677557748622, 0.3198128697667142], [0.036991843130063956, 0.1515530712863816, 0.429996581254193, 0.3814585043293613], [0.11917760752411397, 0.7602498090713118, 0.02646652476549475, 0.09410605863907977], [0.00546901289149783, 0.7336809193374737, 0.10941979875116475, 0.15143026901986356], [0.0557519592240464, 0.2342760943042827, 0.6928670436462168, 0.017104902825453912], [0.08989454583528882, 0.4681028683349678, 0.4349439363566568, 0.007058649473086588], [0.006136435090153702, 0.9689913786445464, 0.008074683043247939, 0.01679750322205205], [0.043879712838083035, 0.7928633633520378, 0.10582745154638949, 0.05742947226348993], [0.13858706388752734, 0.11664833060485093, 0.7376837148248364, 0.007080890682785195], [0.07350702028150648, 0.344944271304603, 0.23915192612176184, 0.34239678229212883], [0.023649488058762092, 0.6983721711675726, 0.08510163462279248, 0.19287670615087232], [0.13448175162549894, 0.34770761829310065, 0.0723669627010256, 0.44544366738037466], [0.2671172507346126, 0.14338703459944233, 0.24832564672800442, 0.34117006793794064], [0.6588095250831009, 0.030899072933131704, 0.26812704301939777, 0.042164358964369666], [0.08852285390782505, 0.13508410375327842, 0.7199161878906994, 0.05647685444819728], [0.4904384897440806, 0.0757641652389028, 0.16063799399101822, 0.27315935102599825], [0.16720136060517293, 0.4339136315625922, 0.19890159085323855, 0.19998341697899624], [0.123540050599965, 0.04092909640144501, 0.8270783895608181, 0.008452463437771906], [0.0359884579486222, 0.6388421721608694, 0.2537282878598954, 0.07144108203061277], [0.32504223182971326, 0.16614437402971644, 0.06716743502451761, 0.44164595911605276], [0.21907591711455696, 0.21944417746074973, 0.1731292324438711, 0.3883506729808224], [0.6969418439978953, 0.11815396969477206, 0.0958493787258079, 0.08905480758152452], [0.1516754654809799, 0.13012060562001787, 0.5462372926115886, 0.17196663628741365], [0.314395131183739, 0.085360155653033, 0.1401034539242959, 0.46014125923893207], [0.15426350518430115, 0.7082128987358657, 0.08757154111435002, 0.04995205496548291], [0.008948416352448427, 0.16946171020019726, 0.8123099292319287, 0.009279944215425908], [0.322735753101722, 0.0671435111660127, 0.45363980574980733, 0.15648092998245766], [0.2188890723376919, 0.7203748929413516, 0.026954887239224835, 0.03378114748173156], [0.06730527807926275, 0.06414780639368647, 0.010017705051932257, 0.8585292104751184], [0.16258833979435103, 0.5660578766321743, 0.09853285757532654, 0.17282092599814786], [0.6303672471346603, 0.13915929649965733, 0.005078417346486792, 0.22539503901919558], [0.17652626562504456, 0.10904595247439103, 0.6379958201487975, 0.07643196175176695], [0.1537924209751117, 0.8032143560247043, 0.025315013762121464, 0.017678209238062525], [0.6037036612895971, 0.1439057213621726, 0.06353736746586808, 0.18885324988236182], [0.2209791988506238, 0.5449758623008631, 0.013159216251857918, 0.22088572259665543], [0.4184703512379687, 0.40967508105243666, 0.10743010402538562, 0.06442446368420923], [0.04559717271308401, 0.22759102152707494, 0.02184591615472083, 0.7049658896051205], [0.05368868038561707, 0.7916346843421189, 0.012643735345047357, 0.14203289992721652], [0.8585101818441595, 0.0592450934977197, 0.054393514630732574, 0.027851210027388103], [0.24648184348417404, 0.27106234307074933, 0.3990904227582894, 0.08336539068678768], [0.08952873284177736, 0.035837041192805834, 0.11036583658650584, 0.764268389378911], [0.09877552917903488, 0.067434816059086, 0.12237246557896828, 0.7114171891829104], [0.0051344096792954675, 0.016958965428165804, 0.8881438882623721, 0.08976273663016662], [0.011133930354108956, 0.4935895892481238, 0.16663029015814737, 0.3286461902396197], [0.34969293042217336, 0.19689588753629464, 0.0021052464945584643, 0.45130593554697374], [0.21267197375236535, 0.38534011280840436, 0.06871296232883028, 0.33327495111040006], [0.02079364129698424, 0.8924147787282437, 0.006142011766790824, 0.08064956820798172], [0.1833231926669949, 0.14704765288853835, 0.020134051160561443, 0.6494951032839054], [0.7199307757431704, 0.23966372054046056, 0.0035346188921593327, 0.03687088482420973], [0.346161731577232, 0.45895886133989977, 0.003484104507203065, 0.19139530257566498], [0.43072776670849516, 0.15101115826493602, 0.07855632566372256, 0.3397047493628465], [0.1496971076929363, 0.3508980018848033, 0.23975374968969282, 0.2596511407325675], [0.007832965428320392, 0.2669216289808665, 0.324037021619848, 0.40120838397096553], [0.47179532113647127, 0.17830279412866978, 0.07672374936429405, 0.27317813537056473], [0.34343564119387887, 0.3316837495142281, 0.07807210021021904, 0.24680850908167373], [0.03573721483680191, 0.7745718027063485, 0.10622098729749631, 0.08346999515935344], [0.045631956611874316, 0.8126648559284847, 0.0796135926557566, 0.0620895948038841], [0.011565460603895931, 0.35673787828882625, 0.5589708166819328, 0.0727258444253453], [0.11160551100032146, 0.44063494100163464, 0.08607939683252246, 0.36168015116552177], [0.06477485077342789, 0.3316461225785489, 0.010062819039638697, 0.5935162076083845], [0.2392717383525868, 0.03768277177107685, 0.050919643723162676, 0.6721258461531736], [0.21809719336229064, 0.07124034348060261, 0.05779971046021499, 0.6528627526968921], [0.006691987326966829, 0.84171488482958, 0.018079910094369846, 0.13351321774908317], [0.5341493669317902, 0.20331428167564822, 0.10192101728615689, 0.16061533410640458], [0.5763523660464807, 0.01325596244290045, 0.024337250761684446, 0.3860544207489345], [0.17166632819293, 0.38616154504281897, 0.21548936976654864, 0.22668275699770224], [0.21912309482922654, 0.18461247363269828, 0.12320022460515187, 0.47306420693292295], [0.2489286671936112, 0.27852357383595633, 0.014266355433265624, 0.4582814035371671], [0.14633041304745076, 0.20087192441263887, 0.02870722571925213, 0.6240904368206585], [0.3459229747527252, 0.307291486074173, 0.29493016585073034, 0.05185537332237114], [0.03133358563305549, 0.48917083348318074, 0.005928462979451044, 0.47356711790431266], [0.7140217544368179, 0.06396858767597234, 0.011303105588619147, 0.2107065522985907], [0.03599593786704535, 0.8022929164594428, 0.014710287481812153, 0.14700085819169978], [0.07648576505421104, 0.6169665987428202, 0.052467376230882226, 0.25408025997208655], [0.2780816475351408, 0.45439756773957396, 0.18799865173657665, 0.07952213298870879], [0.13380945588268345, 0.5062162649425967, 0.13491416200161435, 0.2250601171731053], [0.32459442645066894, 0.43620470820871543, 0.017879174118913477, 0.22132169122170214], [0.2547223742865196, 0.40917446877198643, 0.015616383387522283, 0.32048677355397176], [0.11651455126311183, 0.47486752343710886, 0.027380528694368637, 0.38123739660541056], [0.12532597139910456, 0.8579882258405858, 0.004281873266075645, 0.01240392949423424], [0.14586911400432664, 0.2921979865686852, 0.15834762272933775, 0.4035852766976503], [0.10724927251627898, 0.20548915929324166, 0.3135221195016335, 0.37373944868884584], [0.3103621505601488, 0.10964656901674381, 0.4146261289875432, 0.16536515143556424], [0.5698616412897228, 0.2532699708518221, 0.07485548326308594, 0.10201290459536934], [0.6239050925416717, 0.34221023313677956, 0.020040659616979754, 0.013844014704568836], [0.3747025784988961, 0.29396908695781515, 0.0013266611580188084, 0.3300016733852698], [0.08154292343077543, 0.2069327867425792, 0.6043039621781936, 0.10722032764845194], [0.4127765576881926, 0.1792958091599774, 0.28383022174118827, 0.12409741141064158], [0.037072352596706104, 0.23486987893902803, 0.5786660639363259, 0.1493917045279399], [0.6837344581444782, 0.24558649340361977, 0.0008655823593087372, 0.06981346609259344], [0.43566126724553295, 0.28565091546241606, 0.011272782549762807, 0.2674150347422881], [0.5232460635355644, 0.35326983874841733, 0.04933064712818111, 0.07415345058783727], [0.046626372574610706, 0.7309497954293873, 0.04768394171721875, 0.17473989027878303], [0.2614197740455187, 0.3309974276386281, 0.023420513944828934, 0.38416228437102434], [0.09993376105884103, 0.25127642043219506, 0.0626751363745634, 0.5861146821344004], [0.2660776863546608, 0.4839982245597023, 0.010942717449108253, 0.23898137163652877], [0.021825688081951337, 0.1339224776161094, 0.20782278383739158, 0.6364290504645478], [0.005743933448739286, 0.2037092137067153, 0.7740402026370011, 0.016506650207544504], [0.6544234424887275, 0.1499306413457228, 0.019184760305914338, 0.17646115585963537], [0.09544123626066729, 0.03842943836395106, 0.006818075973372255, 0.8593112494020095], [0.8366357303814892, 0.08836265313706494, 0.003780005956625894, 0.07122161052481964], [0.36709277933032436, 0.3790222575536184, 0.05430543323992266, 0.19957952987613456], [0.36266157280675915, 0.49192772884202063, 0.0022195134097805947, 0.1431911849414397], [0.038318174143650206, 0.08329192479028097, 0.036500812351603684, 0.841889088714465], [0.11752372409161886, 0.1798651521549638, 0.6755529773621038, 0.027058146391313712], [0.08552630177962678, 0.8486325127385019, 0.027025834640103826, 0.03881535084176737], [0.28734016694747694, 0.4421933061463093, 0.018081264064180067, 0.2523852628420332], [0.02998824684071218, 0.7347634993783114, 0.14382269917917348, 0.09142555460180309], [0.08093733611320858, 0.6142601498698553, 0.17794409765038383, 0.12685841636655246], [0.5750035855305481, 0.3394868470020176, 0.06435261334235785, 0.021156954125076514], [0.27990933956142966, 0.5009923187684047, 0.02373922195195759, 0.19535911971820835], [0.42299036669008144, 0.17053754856583633, 0.1502742291933257, 0.2561978555507565], [0.41457511397309743, 0.22541746255210576, 0.11614861421623575, 0.243858809258561], [0.11147629815770846, 0.37926296314604063, 0.14502400732967213, 0.36423673136657914], [0.49199616190956985, 0.19610233423328421, 0.24116947353681448, 0.07073203032033139], [0.38299615212275057, 0.545667908767945, 0.007981232212423361, 0.06335470689688084], [0.3899310382886742, 0.3053264519985465, 0.06282417199940611, 0.24191833771337348], [0.07014980109922203, 0.7853366227142536, 0.05109123325165739, 0.09342234293486704], [0.5213082167540867, 0.21554327906859871, 0.0046536776049977404, 0.25849482657231687], [0.19914161388790474, 0.46488524499622347, 0.01947012194010644, 0.31650301917576534], [0.04382368749029965, 0.2272793513227837, 0.009276413502565087, 0.7196205476843516], [0.04583370193068901, 0.6074424826476537, 0.23312552426427424, 0.11359829115738303], [0.05157568993083477, 0.6293132948228846, 0.16500728454196467, 0.15410373070431618]]}}