{"test": {"ids": ["100111380", "111120260", "104111531", "104111830", "109121640", "97106600", "101109370", "103110840", "103120340", "105118230", "107118820", "113122120", "99109311", "109114030", "110114610", "112119980", "111117571", "98108410", "101113210", "106116120", "108117720", "111119610", "112120540", "110117870", "104111990", "101112201", "109117080", "108121190", "113121190", "108113620", "107114280", "101119030", "107118520", "108115870", "100107920", "102117351", "107112840", "102109910", "113121950", "110115890", "108114360", "107118120", "110119891", "110118161", "113120540", "111116170", "99111930", "104113000", "106117650", "102110750", "101108121", "113122510", "111116990", "109120621", "109118231", "103112470", "108114040", "99109780", "105120280", "107116340", "103113210", "112117471", "100109360", "111119250", "104113380", "100116790", "102121440", "113121980", "98107410", "111118301", "98106560", "100111390", "105113170", "113121220", "102112301", "101109000", "105112100", "97114170", "113120601", "99112641", "100108080", "108118291", "105115720", "111116090", "111114121", "99107560", "98120010", "112120990", "105113190", "110118301", "101110200", "103113640", "103111830", "97105960", "113118810", "98109230", "103113260", "101108580", "102112170", "99110730", "107114621", "112118820", "110116501", "113122160", "113122220", "102109840", "99108010", "99107500", "97107040", "103110100", "113119320", "113120531", "98112170", "104117630", "112119500", "108118060", "100120010", "104119290", "97108520", "100117420", "112116850", "111120640", "108117451", "107114110", "100109330", "112116990", "110115120", "100109000", "106113170", "109120150", "101114020", "111121410", "113117340", "111115910", "101111990", "111119340", "111117200", "108116070", "98111670", "99114890", "99107300", "99117630"], "labels": [3, 3, 0, 3, 0, 3, 1, 1, 1, 1, 3, 1, 1, 1, 1, 0, 3, 1, 3, 1, 1, 2, 3, 3, 2, 0, 1, 1, 1, 3, 3, 3, 2, 3, 0, 1, 1, 2, 3, 2, 1, 3, 3, 0, 3, 0, 1, 1, 1, 1, 0, 2, 0, 1, 1, 1, 0, 2, 3, 3, 3, 3, 0, 1, 1, 2, 2, 2, 3, 3, 1, 2, 0, 3, 1, 1, 1, 2, 2, 1, 0, 3, 1, 3, 0, 1, 2, 2, 3, 1, 2, 1, 3, 2, 3, 1, 3, 0, 3, 3, 0, 0, 3, 3, 1, 2, 2, 0, 2, 1, 1, 0, 3, 0, 2, 1, 0, 1, 2, 2, 0, 0, 2, 1, 0, 0, 0, 1, 0, 2, 3, 0, 2, 2, 2, 3, 0, 1, 1, 2, 3, 3], "predicted_labels": [0, 1, 1, 1, 1, 3, 1, 3, 1, 3, 3, 1, 3, 0, 1, 1, 0, 3, 3, 1, 3, 3, 3, 3, 3, 0, 1, 3, 3, 1, 1, 1, 1, 3, 0, 0, 3, 3, 0, 1, 3, 1, 3, 3, 1, 0, 3, 0, 1, 1, 0, 1, 3, 3, 0, 1, 3, 3, 1, 1, 1, 1, 3, 3, 3, 3, 1, 1, 0, 0, 1, 3, 3, 3, 0, 3, 0, 3, 3, 0, 1, 0, 1, 3, 0, 1, 3, 1, 3, 1, 1, 0, 0, 1, 1, 1, 3, 0, 0, 3, 0, 1, 3, 1, 3, 3, 0, 1, 3, 1, 3, 0, 0, 1, 0, 3, 1, 0, 3, 3, 3, 3, 3, 3, 3, 3, 3, 3, 3, 3, 0, 3, 1, 2, 1, 3, 3, 3, 3, 3, 0, 2], "confidence_scores": [[0.2898744493810284, 0.2475527949432749, 0.1823726551226551, 0.2802001005530418], [0.1983030303030304, 0.2981069763569765, 0.21258639971139975, 0.2910035936285936], [0.26598800505050507, 0.26670247113997114, 0.21516071428571432, 0.2521488095238096], [0.20559845016095019, 0.2975353535353536, 0.2125472721722722, 0.2843189241314241], [0.2856222527472527, 0.2868364413364414, 0.15243145743145742, 0.2751098484848486], [0.2499303335553337, 0.23903751803751802, 0.17752398989898985, 0.3335081585081585], [0.2739223374664551, 0.31609264346764354, 0.19646070596070597, 0.21352431310519548], [0.2656080586080587, 0.2808359140859142, 0.15573069985569987, 0.29782532745032747], [0.25032960095460105, 0.2884517288267289, 0.1934899969311734, 0.26772867328749683], [0.17247117210275117, 0.30095448119132334, 0.2116001542317332, 0.3149741924741926], [0.18928510378510383, 0.285109362859363, 0.2190641025641025, 0.3065414307914309], [0.21831051587301584, 0.3595796686618298, 0.12285669395963515, 0.2992531215055193], [0.23810717425849012, 0.273032412032412, 0.1731044372294372, 0.3157559764796608], [0.3067756132756132, 0.26703941197691194, 0.14730189255189252, 0.27888308219558233], [0.24434903984903988, 0.3051375071007424, 0.22789302364302366, 0.22262042940719412], [0.2693846847596848, 0.2883880772005772, 0.1785634018759019, 0.2636638361638362], [0.31367469701351297, 0.24118605699855697, 0.15513587801087803, 0.2900033679770522], [0.26345805327713234, 0.25526939982532104, 0.18468272005772005, 0.29658982683982665], [0.24199726254138024, 0.2691649531024531, 0.17475394744144743, 0.3140838369147194], [0.18967338911088913, 0.29023024198024194, 0.24685888417138424, 0.2732374847374847], [0.2804581113331114, 0.27681428987678997, 0.1328506493506493, 0.3098769494394494], [0.22624465811965816, 0.29007326701076697, 0.1710364357864357, 0.3126456390831391], [0.21703169053169052, 0.25615234765234773, 0.24764947552447555, 0.2791664862914864], [0.2537258202323993, 0.2720154133147554, 0.18059248828656724, 0.29366627816627827], [0.2667707431457431, 0.2674201492951493, 0.19466576479076486, 0.27114334276834295], [0.32621614934772836, 0.23676078599762806, 0.15072468248126142, 0.28629838217338227], [0.20691901154401154, 0.35008039183039186, 0.1630256132756132, 0.2799749833499834], [0.15572847985347982, 0.28854527417027426, 0.25324753024753033, 0.30247871572871576], [0.26275889388389373, 0.22467595598845594, 0.19455595099345108, 0.3180091991341991], [0.24157045732045745, 0.31163793151293157, 0.14787194311536406, 0.2989196680512471], [0.25129858540152666, 0.3491623376623377, 0.130280525030525, 0.2692585519056108], [0.2661553169053168, 0.30030810162060173, 0.18966188672438672, 0.2438746947496947], [0.21811963475121385, 0.2996180537298959, 0.1993254428320217, 0.2829368686868687], [0.2600811133311135, 0.25826510989010987, 0.16236693861693857, 0.3192868381618382], [0.31606310356310346, 0.31070020257520276, 0.13459468309468306, 0.23864201076701075], [0.40161800699300704, 0.25382441169941183, 0.10962511100011098, 0.23493247030747036], [0.18605501443001443, 0.2964896978021979, 0.19787153818403824, 0.3195837495837496], [0.24222498334998338, 0.16940243783993783, 0.2380444416694416, 0.35032813714063715], [0.3195379689754688, 0.23663258963258976, 0.15218444749694748, 0.29164499389499393], [0.2303700070354482, 0.3941652028527028, 0.17182999924911688, 0.20363479086273198], [0.23422787914699672, 0.2605776266217442, 0.23398820623820615, 0.27120628799305274], [0.17403306415806416, 0.36209391996892015, 0.1873045712457477, 0.27656844462726815], [0.27230531968031985, 0.2524946238047261, 0.11637247474747472, 0.3588275817674794], [0.276585150960151, 0.2710662531912532, 0.1404313325563325, 0.31191726329226316], [0.20291357253857265, 0.2929888077608667, 0.21949554612054611, 0.2846020735800147], [0.3635295720361511, 0.25662544911229124, 0.12424538400196297, 0.25559959484959494], [0.23410812798312797, 0.27677343489843514, 0.1522344183594183, 0.3368840187590187], [0.3048045108486285, 0.27161462842712863, 0.14855326617826617, 0.2750275945459768], [0.26129921467421485, 0.2645154012654013, 0.2182882811632811, 0.2558971028971029], [0.20118786075036066, 0.38262718327424206, 0.1929803946053946, 0.2232045613700026], [0.4164799436674438, 0.22021215589965606, 0.0948755966255966, 0.26843230380730376], [0.16376868015025908, 0.34997356371698474, 0.16667225829725826, 0.319585497835498], [0.2857273865840045, 0.22558468614718608, 0.16521266233766238, 0.32347526493114737], [0.2889920773670775, 0.24256691919191925, 0.16879220779220774, 0.2996487956487957], [0.38606572594072586, 0.22509038877788876, 0.15008894577644574, 0.23875493950493948], [0.22634565434565432, 0.30283849483849484, 0.18298612498612501, 0.2878297258297259], [0.20048457996252114, 0.268036872849373, 0.2455095696786873, 0.2859689775094188], [0.2620949675324675, 0.18202057664557664, 0.23514248251748263, 0.3207419733044732], [0.25156754356754363, 0.2939424464424467, 0.1727237900987901, 0.28176621989121997], [0.22812283549783557, 0.290739898989899, 0.2333050838050838, 0.2478321817071818], [0.26346608946608957, 0.3043608474858475, 0.14288954101454102, 0.28928352203352214], [0.1923602092352093, 0.33050254402460283, 0.18587338611680715, 0.29126386062338083], [0.24617294511044516, 0.25281729585773705, 0.2076451097921687, 0.2933646492396493], [0.23389962406874157, 0.2420763542013543, 0.21129599567099563, 0.31272802605890854], [0.2758400072150072, 0.2515816822066822, 0.19155035242535237, 0.2810279581529583], [0.23703015938310062, 0.2848548257298257, 0.17369946311858078, 0.304415551768493], [0.2372992285492285, 0.2832215284715286, 0.21733792596292603, 0.262141317016317], [0.2264832944832945, 0.34751443491149386, 0.18384391996892002, 0.2421583506362917], [0.32893509268509274, 0.2965767982017982, 0.13003375790875787, 0.24445435120435124], [0.3257003968253968, 0.2724051226551227, 0.12798935786435783, 0.2739051226551226], [0.2164354624134036, 0.31705470713926603, 0.22349785631035635, 0.2430119741369741], [0.22265463009213005, 0.21487117743367753, 0.21192735940530055, 0.35054683306889184], [0.25099839743589747, 0.2619853202353203, 0.18243019480519482, 0.3045860875235875], [0.231596250971251, 0.26909798534798535, 0.20732273282273272, 0.291983030858031], [0.36030616605616617, 0.2443249528249529, 0.13331517094017087, 0.26205371017871026], [0.22196266233766238, 0.22601497113997113, 0.22656786269286264, 0.3254545038295038], [0.31833139776889774, 0.2052648254523256, 0.19178864191364195, 0.2846151348651349], [0.21162559662559666, 0.2584684045529635, 0.2302742535242535, 0.2996317452971866], [0.2484692252192253, 0.2517799422799423, 0.15989646464646456, 0.3398543678543679], [0.3425714285714288, 0.23504107004107005, 0.15121645021645025, 0.27117105117105117], [0.24373622211122212, 0.3156085581085582, 0.20379138916638914, 0.23686383061383062], [0.3458405483405486, 0.22557875457875465, 0.14063834776334774, 0.28794234931734936], [0.17329693917193917, 0.3421336718836719, 0.19300595238095233, 0.29156343656343675], [0.2537711247086246, 0.22654664779664782, 0.17558161976911976, 0.34410060772560774], [0.3688165376290376, 0.2502160686535687, 0.13383434620934617, 0.2471330475080475], [0.24315592740592745, 0.2776605200355202, 0.21067051004551016, 0.26851304251304264], [0.31105760905760904, 0.2278571775446776, 0.12846015789765786, 0.3326250555000555], [0.29684910228660233, 0.2976176115551116, 0.1645839091464091, 0.24094937701187713], [0.25787616988274886, 0.2827473642628442, 0.14699875124875122, 0.31237771460565583], [0.22292427455585354, 0.2999548211291632, 0.20606395432053318, 0.2710569499944501], [0.22848605561105576, 0.28530808080808084, 0.21564904539904542, 0.27055681818181826], [0.3481480463980465, 0.2361198662448664, 0.11413293650793649, 0.3015991508491508], [0.35318080530580553, 0.18611958874458875, 0.14313744588744584, 0.31756216006216], [0.26079958236208234, 0.2785512126762128, 0.2021393745143745, 0.2585098304473305], [0.24643975468975476, 0.2860925324675326, 0.18937247474747465, 0.2780952380952382], [0.25130488955488967, 0.2679565642690643, 0.23761913780663782, 0.24311940836940849], [0.24203398970310736, 0.2860054014612838, 0.17916654179154176, 0.2927940670440671], [0.38402574712868826, 0.22735238862444757, 0.1403351370851371, 0.24828672716172714], [0.3605188443092857, 0.21896714192670075, 0.12771096958596953, 0.29280304417804426], [0.20310237883032, 0.28088979076479076, 0.21746479500891272, 0.2985430353959766], [0.3921270188145188, 0.16526136363636354, 0.09570526695526693, 0.34690635059385067], [0.1816627539127539, 0.3203863636363637, 0.21117039904539908, 0.28678048340548346], [0.2836181457431458, 0.2744600815850815, 0.14958762071262066, 0.292334151959152], [0.24247917360417365, 0.34361646686646696, 0.19012760850260846, 0.2237767510267511], [0.2187160894660895, 0.2735613226642638, 0.21334101805057692, 0.29438156981907004], [0.24555141130799027, 0.25081555505897607, 0.1922768065268065, 0.31135622710622707], [0.33730390442890446, 0.22684283771783775, 0.14063983238983238, 0.29521342546342555], [0.22109330946830957, 0.3690259532134532, 0.19148470279720278, 0.21839603452103454], [0.27136217948717944, 0.2287449564324565, 0.15823358585858582, 0.3416592782217783], [0.22748705461205468, 0.29281573981573994, 0.20169999444999445, 0.2779972111222112], [0.217119338994339, 0.2943765331890333, 0.18046300921300915, 0.30804111860361866], [0.3392699697962856, 0.25640328217534114, 0.11131132756132751, 0.29301542046704593], [0.33868939393939407, 0.16583560393854507, 0.1951954205924794, 0.30027958152958173], [0.18322216876260997, 0.35222090695252467, 0.23156422305764413, 0.23299270122722138], [0.29010097541347546, 0.2814914321789322, 0.15763436563436564, 0.27077322677322674], [0.2341706904206904, 0.24596572871572872, 0.2104425158175158, 0.3094210650460651], [0.2664136162040574, 0.3062996982592571, 0.1749729437229437, 0.25231374181374183], [0.2793262293262293, 0.2658425949050949, 0.18882167832167834, 0.2660094974469973], [0.23623241627653385, 0.27715053696303693, 0.1977841325341326, 0.2888329142262966], [0.21584261571761565, 0.26761272061272073, 0.1804347041847042, 0.3361099594849595], [0.26629148629148625, 0.23924758574758587, 0.17780051892551893, 0.31666040903540904], [0.2574464701964702, 0.25342624532330404, 0.19756128593628597, 0.2915659985439396], [0.22621024808524814, 0.23352254689754692, 0.18966261026555142, 0.3506045947516536], [0.2727561882561883, 0.253223248973249, 0.19166305916305915, 0.2823575036075036], [0.24738679376179376, 0.24942619186369192, 0.1761929320679321, 0.3269940823065823], [0.21377555777555782, 0.23578288378288378, 0.22973580586080586, 0.3207057525807525], [0.24345131951381951, 0.265519993894994, 0.20817534548784547, 0.28285334110334115], [0.24270334036878155, 0.22465843266210916, 0.1972865141394553, 0.33535171282965387], [0.24791143578643587, 0.2799544344544346, 0.14503264790764792, 0.32710148185148186], [0.1964893023643024, 0.22604686979686991, 0.2831302863802864, 0.29433354145854146], [0.2924640914640915, 0.27897274947274964, 0.1577059329559329, 0.2708572261072261], [0.32302281746031747, 0.22922288822288833, 0.11304915223665221, 0.33470514208014207], [0.21370165945165948, 0.31111288792906444, 0.1969256573749607, 0.27825979524431554], [0.24459280303030304, 0.23789189976689998, 0.26883943140193145, 0.24867586580086584], [0.25168966450216457, 0.3037026515151517, 0.18896437590187593, 0.2556433080808081], [0.23686704961704966, 0.23704756354756362, 0.20141289266289267, 0.3246724941724941], [0.2098391955266955, 0.28469895382395394, 0.20307801226551223, 0.30238383838383825], [0.2700206807081807, 0.29661136779886776, 0.11631354756354755, 0.31705440392940387], [0.26558544233544235, 0.22710847485847496, 0.17526025445143087, 0.33204582835465196], [0.2199257548007548, 0.2764461837182426, 0.22153520172637822, 0.28209285975462456], [0.28618832556332563, 0.25284695165945165, 0.17579524642024633, 0.2851694763569764], [0.24886111111111112, 0.23125115162615162, 0.26854596873714504, 0.2513417685255921]]}, "rewritten": {"ids": ["97105960", "97106600", "97107040", "97108520", "97114170", "98106560", "98107410", "98108410", "98109230", "98111670", "98112170", "98120010", "99107300", "99107500", "99107560", "99108010", "99109311", "99109780", "99110730", "99111930", "99112641", "99114890", "99117630", "100107920", "100108080", "100109000", "100109330", "100109360", "100111380", "100111390", "100116790", "100117420", "100120010", "101108121", "101108580", "101109000", "101109370", "101110200", "101111990", "101112201", "101113210", "101114020", "101119030", "102109840", "102109910", "102110750", "102112170", "102112301", "102117351", "102121440", "103110100", "103110840", "103111830", "103112470", "103113210", "103113260", "103113640", "103120340", "104111531", "104111830", "104111990", "104113000", "104113380", "104117630", "104119290", "105112100", "105113170", "105113190", "105115720", "105118230", "105120280", "106113170", "106116120", "106117650", "107112840", "107114110", "107114280", "107114621", "107116340", "107118120", "107118520", "107118820", "108113620", "108114040", "108114360", "108115870", "108116070", "108117451", "108117720", "108118060", "108118291", "108121190", "109114030", "109117080", "109118231", "109120150", "109120621", "109121640", "110114610", "110115120", "110115890", "110116501", "110117870", "110118161", "110118301", "110119891", "111114121", "111115910", "111116090", "111116170", "111116990", "111117200", "111117571", "111118301", "111119250", "111119340", "111119610", "111120260", "111120640", "111121410", "112116850", "112116990", "112117471", "112118820", "112119500", "112119980", "112120540", "112120990", "113117340", "113118810", "113119320", "113120531", "113120540", "113120601", "113121190", "113121220", "113121950", "113121980", "113122120", "113122160", "113122220", "113122510"], "labels": [2, 3, 2, 2, 2, 1, 3, 1, 1, 1, 3, 2, 3, 0, 1, 2, 1, 2, 3, 1, 1, 2, 3, 0, 0, 1, 0, 0, 3, 2, 2, 2, 0, 0, 0, 1, 1, 2, 2, 0, 3, 3, 3, 2, 2, 1, 3, 1, 1, 2, 1, 1, 3, 1, 3, 3, 1, 1, 0, 3, 2, 1, 1, 0, 1, 1, 0, 3, 1, 1, 3, 0, 1, 1, 1, 1, 3, 0, 3, 3, 2, 3, 3, 0, 1, 3, 1, 2, 1, 1, 3, 1, 1, 1, 1, 2, 1, 0, 1, 0, 2, 3, 3, 0, 1, 3, 0, 2, 3, 0, 0, 0, 3, 3, 1, 3, 2, 3, 0, 0, 0, 0, 3, 0, 2, 0, 3, 2, 2, 3, 1, 0, 3, 2, 1, 3, 3, 2, 1, 3, 1, 2], "predicted_labels": [3, 1, 0, 1, 1, 3, 0, 3, 3, 0, 3, 3, 3, 1, 0, 3, 3, 1, 3, 1, 3, 1, 3, 0, 0, 0, 3, 3, 0, 3, 3, 3, 3, 0, 0, 1, 3, 3, 3, 3, 3, 0, 0, 0, 1, 1, 0, 3, 3, 0, 3, 3, 0, 3, 0, 1, 0, 0, 3, 1, 1, 0, 3, 1, 1, 0, 3, 3, 1, 3, 1, 3, 1, 1, 1, 0, 1, 0, 0, 1, 1, 1, 3, 1, 1, 3, 3, 3, 0, 3, 0, 1, 0, 3, 3, 1, 3, 0, 3, 0, 0, 0, 1, 3, 1, 3, 0, 3, 0, 0, 0, 1, 0, 3, 3, 1, 0, 1, 1, 3, 0, 3, 1, 1, 0, 1, 3, 0, 0, 1, 0, 1, 1, 1, 1, 1, 0, 1, 1, 1, 1, 3], "confidence_scores": [[0.2767172965922965, 0.2336343448218448, 0.1491407481407481, 0.34050761044511035], [0.24971729403637302, 0.31615575652417766, 0.16109971278721275, 0.2730272366522366], [0.2761038267288268, 0.26923736557560096, 0.18735349372849375, 0.2673053139670787], [0.2893941613941614, 0.2934986716714658, 0.1658760128760129, 0.2512311540583601], [0.28660779498279504, 0.2922225968475968, 0.15748430735930735, 0.2636853008103009], [0.30073466810966815, 0.2666598679098681, 0.13126388888888887, 0.30134157509157516], [0.3016464368964369, 0.281952965743407, 0.1403804785900374, 0.27602011877011884], [0.27785003395297514, 0.23922453037158914, 0.19983946608946607, 0.2830859695859696], [0.23428248834498844, 0.2661164378921732, 0.20867239092606732, 0.2909286828367712], [0.2925323357198358, 0.223105452518496, 0.1964061710348475, 0.2879560407268208], [0.2812120832383991, 0.1842604617604618, 0.1936124431124431, 0.3409150118886962], [0.2345398976023977, 0.266844474969475, 0.2238575244200245, 0.27475810300810294], [0.25260547295841407, 0.2550299124894715, 0.21568818681318683, 0.2766764277389279], [0.2894094421660213, 0.2897516467450679, 0.14120712620712614, 0.2796317848817848], [0.329083714896215, 0.24455025530025531, 0.1861108127983128, 0.24025521700521696], [0.3087977994227995, 0.2519830308580309, 0.11807593795093792, 0.32114323176823184], [0.23846574259074263, 0.26545765345765343, 0.1886742146742147, 0.30740238927738933], [0.26782769518063654, 0.27780496382702274, 0.2272202380952381, 0.2271471028971029], [0.24131637806637815, 0.2783624084249085, 0.17260692779442777, 0.3077142857142856], [0.27043763619421524, 0.2864343308909873, 0.18683147408147419, 0.25629655883332353], [0.29286029942279945, 0.22718426259730612, 0.1759543303918303, 0.30400110758806415], [0.28434704184704185, 0.29942995892995916, 0.13976176682794325, 0.27646123239505593], [0.24995429080723194, 0.22610150062355955, 0.19655595874713516, 0.32738824982207343], [0.3676272061272061, 0.21228407703407703, 0.12491015928515922, 0.2951785575535575], [0.30649272949272954, 0.27034891497391506, 0.17057359307359307, 0.2525847624597625], [0.2985894516989719, 0.266003372143852, 0.14869696969696963, 0.28671020646020645], [0.31856256937506944, 0.17666782523032526, 0.17387502775002772, 0.33089457764457764], [0.2856921897546899, 0.24494880323924448, 0.17212199401905276, 0.297237012987013], [0.29440589965589964, 0.26235895232218764, 0.17507958707958704, 0.2681555609423258], [0.2831723831723831, 0.20243634837384847, 0.19486345598845592, 0.31952781246531253], [0.24383699633699638, 0.24690614940614938, 0.20150703463203457, 0.3077498196248197], [0.22968692418692424, 0.2120433039183039, 0.21016323953823948, 0.3481065323565323], [0.2916258622913035, 0.22102552798508687, 0.1738311688311688, 0.3135174408924409], [0.33324728049728075, 0.19879358141858156, 0.18644607475857472, 0.2815130633255635], [0.44824321022115154, 0.204252974150033, 0.1357734626484626, 0.21173035298035306], [0.23380393217893225, 0.30880837218337226, 0.15539919108669106, 0.30198850455100446], [0.2593689317218729, 0.2448972604193193, 0.2125090048840049, 0.2832248029748031], [0.21238600288600293, 0.26073135198135206, 0.21822251441369087, 0.30866013071895426], [0.2840364357864359, 0.2852700216450217, 0.14459974747474744, 0.2860937950937951], [0.27286482961482966, 0.25326784326784335, 0.18711284548784543, 0.28675448162948164], [0.2851839826839827, 0.24654816017316022, 0.1760642135642135, 0.2922036435786437], [0.3120881107196898, 0.22849644361486465, 0.1847858252858253, 0.27462962037962046], [0.34479598873348893, 0.22906959706959712, 0.15774010017760015, 0.268394314019314], [0.31510772071066195, 0.2631019862490451, 0.158142316017316, 0.2636479770229771], [0.2674985035389448, 0.2794927617317324, 0.1946777568836392, 0.2583309778456838], [0.21481088356088368, 0.37315125475547467, 0.1638560091868915, 0.2481818524967504], [0.322105463980464, 0.2505822747513925, 0.17339404549698667, 0.25391821577115703], [0.280809620934621, 0.2848171689421691, 0.10873622211122208, 0.32563698801198787], [0.27792357642357646, 0.25951624764124775, 0.1545968614718614, 0.3079633144633145], [0.32614904539904543, 0.2336105977355977, 0.16498652736152739, 0.27525382950382954], [0.2438136863136864, 0.28553245607049965, 0.18283083583083584, 0.2878230217849784], [0.23332356532356538, 0.2677524142524143, 0.1773375652125652, 0.32158645521145524], [0.3088966866466867, 0.274675185925186, 0.17336838161838158, 0.24305974580974576], [0.21609731526643286, 0.26865331890331906, 0.20403041403041403, 0.31121895179983405], [0.2734146730462521, 0.24850688456280567, 0.21083396464646464, 0.26724447774447774], [0.2897410734690146, 0.2898536928757517, 0.1311071428571428, 0.2892980907980909], [0.3417200482266272, 0.24669104068446182, 0.1278813131313131, 0.2837075979575979], [0.2742001470751471, 0.24984503690753698, 0.2030503246753248, 0.2729044913419914], [0.24964905927405925, 0.2506068931068932, 0.2216341436341436, 0.27810990398490415], [0.25184577922077933, 0.3139012654012655, 0.121788961038961, 0.3124639943389944], [0.2877680860805862, 0.29656931504485845, 0.1760950577200577, 0.2395675411544977], [0.318477577977578, 0.25650166500166516, 0.12322541347541348, 0.30179534354534354], [0.2731993353868354, 0.28429917304917324, 0.13637696331446322, 0.30612452824952835], [0.2220712641117053, 0.3276282357348533, 0.19298880367998003, 0.2573116964734612], [0.25506943056943054, 0.30936047286047297, 0.14726376401376395, 0.2883063325563326], [0.33464998838450843, 0.21404236093284085, 0.18497438672438674, 0.2663332639582639], [0.2527270923520924, 0.2589356754356755, 0.1942343073593074, 0.29410292485292483], [0.2657818128508918, 0.2394651978997955, 0.1977048319327732, 0.29704815731653966], [0.17469469857627754, 0.35394285137377246, 0.1733208735708735, 0.29804157647907653], [0.2505114607614608, 0.28804492729492737, 0.13530930262547908, 0.3261343093181329], [0.22386247086247088, 0.3323911366411367, 0.17878558941058942, 0.26496080308580316], [0.23953969385877286, 0.2799853158537369, 0.14976413863913857, 0.3307108516483517], [0.26146806665556677, 0.2768400072150073, 0.2286936058222823, 0.23299832030714385], [0.2574670052170052, 0.31438140331890324, 0.18315613553113544, 0.24499545593295605], [0.22294746919746922, 0.309564185814186, 0.19541590354090346, 0.27207244144744147], [0.29724547184841316, 0.2573976211696801, 0.19544214200831853, 0.2499147649735885], [0.2574395326895329, 0.31028817016317023, 0.15709280996780994, 0.27517948717948715], [0.3414453601953603, 0.27034458596958594, 0.10344666444666445, 0.28476338938838947], [0.27932440476190473, 0.27637617243867274, 0.18653427128427122, 0.2577651515151516], [0.26167587967587985, 0.2873682567432567, 0.20150111081728725, 0.24945475276357645], [0.2589570707070707, 0.29456788228111763, 0.1612233044733044, 0.2852517425385074], [0.2779632034632035, 0.3142037823287824, 0.1670848318348318, 0.24074818237318252], [0.28588378288378297, 0.25290105033855037, 0.13440380452880452, 0.32681136224886226], [0.24108742646242645, 0.3015750083250084, 0.18615742590742593, 0.27118013930513934], [0.26867555105713, 0.282581781887703, 0.20377417027417022, 0.24496849678099689], [0.2884090909090909, 0.24883039183039185, 0.16671085858585855, 0.29604965867465877], [0.2890167193917194, 0.26961212398712414, 0.15170448995448993, 0.28966666666666674], [0.25552791652791657, 0.3010137987012988, 0.13565628121878118, 0.3078020035520036], [0.34308307868601995, 0.22924632108087992, 0.15389638221255866, 0.2737742180205417], [0.2749790348540349, 0.2643438922188923, 0.1521176886838652, 0.30855938424320767], [0.3142765151515153, 0.22659816572316568, 0.15495109057609058, 0.30417422854922854], [0.27590777278277284, 0.3002590187590187, 0.1747914038575803, 0.24904180460062822], [0.31849837662337666, 0.21618299062049068, 0.15622925685425681, 0.30908937590187596], [0.24310213397713393, 0.2889565920190922, 0.14993674381174377, 0.31800453019203023], [0.2304599983349984, 0.27421459096459094, 0.1857648878898879, 0.30956052281052293], [0.22530306703100822, 0.3367345371132137, 0.21648809727853838, 0.22147429857723974], [0.25333867521367526, 0.29285382672882676, 0.15434749972249967, 0.2994599983349985], [0.3162938311688312, 0.2664024517149517, 0.1267147019647019, 0.2905890151515152], [0.2598286782661783, 0.2567974941724943, 0.2097395382395382, 0.2736342893217893], [0.3034659229659231, 0.2467371239871241, 0.18967260517260517, 0.2601243478743479], [0.2907159923409923, 0.27749019036519035, 0.16329635642135634, 0.26849746087246096], [0.31479306804306806, 0.2810983322233324, 0.13836534299034298, 0.2657432567432568], [0.2577475302475302, 0.26919320263070284, 0.22663910395160397, 0.24642016317016324], [0.2931706626706627, 0.27114203851703866, 0.11143094405594399, 0.32425635475635467], [0.22636714674214672, 0.2901260267510269, 0.20482375957375962, 0.27868306693306705], [0.2649207597957599, 0.2786593222598659, 0.1268013722388722, 0.32961854570550236], [0.3472590742590745, 0.2449768703518704, 0.13297637085137087, 0.27478768453768465], [0.2237543636918636, 0.2797272033522036, 0.20499365218115223, 0.2915247807747809], [0.3220029623154624, 0.2526576062826064, 0.14969495088245088, 0.27564448051948043], [0.3234855144855145, 0.27975384337884357, 0.10202777777777777, 0.2947328643578644], [0.3153088924963926, 0.2150398282273283, 0.17219534632034628, 0.29745593295593303], [0.24280420967920968, 0.3046938755688756, 0.171557831057831, 0.2809440836940837], [0.29678380647130653, 0.2365841380841382, 0.18406971500721508, 0.2825623404373405], [0.2603667027417028, 0.2680990537240538, 0.1571050754800754, 0.31442916805416804], [0.26727501665001674, 0.2556744366744367, 0.2078044039294039, 0.2692461427461428], [0.228667297979798, 0.2936969537815126, 0.1930194805194806, 0.28461626771920884], [0.29000330225330234, 0.2812825369075369, 0.14472877122877115, 0.28398538961038966], [0.27176967476967473, 0.3038798146298147, 0.14508302808302806, 0.2792674825174826], [0.2308395215895216, 0.3176568570318571, 0.17749680874680882, 0.2740068126318127], [0.2724167360417361, 0.26283735708735717, 0.17407671495171495, 0.2906691919191919], [0.2992235611610612, 0.24588973526473532, 0.16506438006437998, 0.2898223235098235], [0.2384025974025974, 0.23180745520819054, 0.23143456543456548, 0.2983553819546468], [0.21440187590187595, 0.31589983627483637, 0.18705808080808076, 0.2826402070152071], [0.26430173992674005, 0.3309639412519847, 0.12266028416028413, 0.28207403466099124], [0.2852656024531025, 0.27324485930735937, 0.15771551365301362, 0.28377402458652473], [0.2476556637806638, 0.31973124098124095, 0.17222655122655117, 0.260386544011544], [0.2776141636141635, 0.2369373126873127, 0.19783338883338877, 0.28761513486513496], [0.294018106893107, 0.2915592740592742, 0.14187950937950933, 0.27254310966810974], [0.33172523310023316, 0.31609372571872585, 0.10645616883116879, 0.2457248723498724], [0.26476022588522596, 0.29325657916962267, 0.17361519036519038, 0.26836800457996113], [0.3083788572538572, 0.27496409146409145, 0.1138836233211233, 0.302773427960928], [0.30557707570207565, 0.31383250083250086, 0.12481589244089238, 0.2557745310245312], [0.24506740481740485, 0.3113323690198691, 0.16932181013431014, 0.2742784160284161], [0.2144203643578644, 0.3230364912864914, 0.16682449494949492, 0.29571864940614945], [0.2923698384948385, 0.3005515734265737, 0.13143181818181815, 0.27564676989676995], [0.2356960123210124, 0.2974616910866912, 0.17301893939393934, 0.2938233571983573], [0.3125304417804417, 0.24875455794205792, 0.18377043789543784, 0.2549445623820624], [0.2907430833055833, 0.2935772977022979, 0.15352689671439668, 0.2621527222777223], [0.26474457486957487, 0.33591405816405834, 0.14085094072594065, 0.2584904262404263], [0.2777795676545678, 0.32594189633895515, 0.1392197524697524, 0.2570587835367249], [0.18549146686646686, 0.3141630452880454, 0.22131517094017095, 0.279030316905317], [0.27456802225552224, 0.298401626151626, 0.12463718919968918, 0.3023931623931625]]}}