{"test": {"ids": ["109121351", "103112470", "107114780", "104119290", "97113260", "109121640", "110115120", "113121750", "111114171", "105120621", "108120260", "109120540", "100109801", "110113931", "111120640", "99109161", "106118820", "103110100", "102110890", "97106600", "100115700", "107121230", "97112300", "112119930", "107114321", "101111310", "101109120", "111121351", "108120060", "110120540", "99109860", "105117200", "104116800", "112120640", "112118511", "102109910", "103110050", "106119990", "113119700", "109119460", "107115140", "112118860", "111116640", "98108150", "100108080", "109117600", "103109641", "102110850", "108114180", "105118740", "113122320", "102121700", "113118690", "99109910", "101108460", "110117110", "107113200", "113118620", "100108990", "112116401", "110117140", "111119250", "98116940", "111116170", "98108370", "105110251", "111120320", "106112770", "97106970", "105119950", "107119950", "102109850", "97112830", "111120280", "113122220", "100109311", "111118301", "109120621", "100111380", "112119450", "106118161", "112118930", "113122120", "107113130", "110118740", "106120640", "97116500", "111114941", "113122510", "112118471", "112117790", "100113370", "106117790", "113120070", "101117580", "111116530", "102111990", "112120700", "113118870", "109117431", "98113881", "113122650", "105112130", "97116800", "104112470", "101111990", "101108080", "113119450", "110118630", "101112201", "104114240", "102112301", "105112260", "110115980", "106119580", "111116990", "110116170", "102110750", "99107950", "108119510", "105113620", "101113210", "113118511", "111116040", "111120531", "110114561", "104114410", "99109311", "104118340", "97113900", "101121640", "102116340", "112120630", "108114670", "113121950", "105115680", "112118530", "113121680", "99109780", "109119010", "97105580", "107114950"], "labels": [0, 1, 2, 1, 1, 0, 0, 0, 3, 1, 1, 1, 0, 1, 0, 3, 3, 1, 0, 3, 1, 0, 2, 1, 0, 3, 1, 0, 1, 1, 2, 3, 1, 0, 1, 2, 3, 0, 0, 1, 0, 3, 0, 0, 0, 1, 1, 3, 1, 1, 1, 1, 3, 2, 0, 0, 0, 3, 2, 0, 3, 1, 2, 0, 1, 0, 1, 1, 2, 3, 3, 1, 2, 0, 1, 1, 3, 1, 3, 3, 3, 1, 1, 1, 3, 3, 2, 0, 2, 1, 3, 3, 1, 2, 3, 3, 2, 2, 0, 1, 3, 2, 1, 0, 1, 2, 0, 3, 1, 0, 0, 1, 3, 1, 3, 0, 0, 1, 1, 1, 0, 3, 1, 0, 0, 0, 1, 1, 2, 2, 2, 3, 3, 3, 3, 2, 1, 1, 2, 3, 1, 3], "predicted_labels": [3, 1, 1, 3, 3, 3, 3, 1, 3, 3, 3, 1, 3, 3, 3, 1, 3, 1, 3, 3, 3, 3, 3, 3, 3, 1, 3, 0, 3, 1, 3, 1, 3, 3, 3, 3, 3, 3, 1, 3, 3, 3, 3, 1, 1, 3, 3, 1, 1, 1, 2, 3, 3, 3, 3, 3, 1, 1, 1, 3, 3, 3, 3, 3, 3, 3, 3, 3, 3, 3, 3, 3, 3, 3, 1, 0, 3, 3, 3, 3, 0, 1, 3, 3, 3, 1, 0, 3, 3, 3, 3, 1, 2, 1, 3, 3, 1, 3, 3, 3, 0, 3, 3, 0, 3, 3, 3, 3, 3, 0, 3, 3, 1, 3, 1, 3, 3, 2, 1, 3, 2, 1, 3, 3, 1, 3, 3, 3, 1, 3, 3, 1, 3, 1, 3, 3, 1, 1, 1, 3, 1, 3], "confidence_scores": [[0.27685211455211456, 0.22400781995782013, 0.18873030303030316, 0.31040976245976254], [0.23329435335905913, 0.2748090021090022, 0.25870669004198427, 0.23318995448995464], [0.19969719806337455, 0.3127146733984969, 0.2063076146076148, 0.281280513930514], [0.23144684008801666, 0.28382854890207837, 0.18455016960164033, 0.30017444140826505], [0.2536009046509048, 0.2312970418470418, 0.21792091797091806, 0.2971811355311353], [0.29019665889665885, 0.2569532994782996, 0.15643084693084694, 0.2964191946941946], [0.18255735375735382, 0.26736835386835384, 0.2163853685530156, 0.33368892382127674], [0.24230284715284717, 0.3259707792207793, 0.16201305916305933, 0.2697133144633145], [0.28363783242900903, 0.24321409137220162, 0.14942893393156564, 0.32371914226722415], [0.29388500943500945, 0.2645835719835721, 0.13621300921300933, 0.3053184093684093], [0.20943686672804318, 0.29528899629781985, 0.1932061133311134, 0.30206802364302365], [0.2337598215509981, 0.26694814095433295, 0.2338527767554084, 0.26543926073926083], [0.23445334110334115, 0.28739255385137746, 0.157167419508596, 0.32098668553668563], [0.27858155178155175, 0.2729120324120325, 0.16075004440004448, 0.28775637140637134], [0.2220035242535243, 0.2977147730924048, 0.17975762220235922, 0.30052408045171186], [0.2894324203574205, 0.3407894827394828, 0.1371808025308026, 0.23259729437229448], [0.18040809549927195, 0.2841943722943724, 0.22816828367710723, 0.30722924852924854], [0.23696143856143864, 0.2751159007659008, 0.2169775613275615, 0.2709450993450994], [0.24088746808746808, 0.23467371517371524, 0.21278815628815645, 0.3116506604506604], [0.273443358602182, 0.2716705072705072, 0.17343537932655587, 0.28145075480075504], [0.26004860221477877, 0.23109851455733815, 0.16392200577200586, 0.34493087745587775], [0.20190480956951554, 0.29125593776110664, 0.2119176429349806, 0.2949216097343976], [0.2713643578643578, 0.21514934509934522, 0.1546784437784438, 0.3588078532578533], [0.2203650016650017, 0.2510143523143524, 0.24272712842712857, 0.2858935175935175], [0.30574572094572106, 0.2664264957264957, 0.1161453823953824, 0.31168240093240107], [0.24008292263292266, 0.26320221445221453, 0.24785567210567225, 0.24885919080919103], [0.2533841658341659, 0.2477001240589477, 0.20118293177410843, 0.29773277833277845], [0.31644143160760807, 0.27145043290043275, 0.14839289795172156, 0.26371523754023757], [0.19154919247419264, 0.26714276104012946, 0.23088172280935462, 0.31042632367632383], [0.18248635808635816, 0.3256694895403873, 0.21817945595855823, 0.2736646964146965], [0.20780417915417926, 0.2842783513871749, 0.19586053750171412, 0.31205693195693174], [0.1982528360528361, 0.3195812215562215, 0.208193575868576, 0.27397236652236673], [0.22074904539904552, 0.28272566322566345, 0.20759842379842386, 0.2889268675768675], [0.24349877067377068, 0.23688763458763462, 0.1923202908202908, 0.3272933039183039], [0.22553705738705732, 0.2969894296879592, 0.14413627206127216, 0.3333372408637115], [0.23706006216006215, 0.24101754911754916, 0.21396756576756584, 0.30795482295482296], [0.25644074063191713, 0.24823587719470075, 0.2091837384837386, 0.28613964368964373], [0.25434851455733815, 0.24361794871794884, 0.20823625067742715, 0.2937972860472863], [0.20231391108891117, 0.31953779185472536, 0.19336554454317637, 0.28478275251318746], [0.22478258440905513, 0.27316431623931625, 0.22159055829791144, 0.2804625410537175], [0.23836814851814844, 0.22189640359640364, 0.19926853979353987, 0.3404669080919077], [0.2362852647352647, 0.28782577422577427, 0.1694568431568432, 0.30643211788211794], [0.22057668165168173, 0.2655541736041736, 0.20260367687867692, 0.3112654678654679], [0.2302405150405152, 0.29642463647463635, 0.24294131979131975, 0.23039352869352872], [0.17778283546518842, 0.2942206845726028, 0.27452040182040177, 0.2534760781418071], [0.22133418640183353, 0.2287754967254968, 0.23102559662559694, 0.3188647202470733], [0.24462350982350997, 0.25924431124431135, 0.1755511183261185, 0.32058106060606084], [0.20158890635508295, 0.30654893635775987, 0.2478709346209346, 0.24399122266622278], [0.20263207348207352, 0.3274820346320345, 0.1691878343878345, 0.30069805749805745], [0.20068558108558113, 0.30760003330003327, 0.24622966755466769, 0.24548471805971805], [0.23313739593739607, 0.23397582972582967, 0.2759832833832834, 0.2569034909534911], [0.20969577367077366, 0.26905343545343535, 0.22683540348540357, 0.2944153873903874], [0.2188727098065335, 0.28109012931512944, 0.19546845931845944, 0.304568701559878], [0.23900257520257512, 0.273993326118326, 0.20326944999445, 0.2837346486846488], [0.24140645106527472, 0.2584647796647798, 0.21231999748617403, 0.28780877178377184], [0.2431184260184262, 0.27010004995005005, 0.20707107337107342, 0.2797104506604509], [0.22741554279054288, 0.2916643356643358, 0.18947297147297146, 0.29144715007214983], [0.2576041300203066, 0.2913417047005284, 0.19458905816405814, 0.25646510711510734], [0.22158140829758494, 0.29102053861171495, 0.23085982905982902, 0.2565382240308712], [0.3305112720612721, 0.18467240259740259, 0.13147382062382063, 0.3533425047175047], [0.2532526695526697, 0.25540085470085483, 0.19318183483183501, 0.298164640914641], [0.2179395104895106, 0.2607601010101011, 0.2603687423687426, 0.2609316461316463], [0.2305829115329117, 0.28743085075660785, 0.19258544212925033, 0.2894007955812304], [0.22694220779220803, 0.3019030025530026, 0.16779972804972823, 0.30335506160506176], [0.2448298423798425, 0.25311589488942426, 0.2074697139461847, 0.294584548784549], [0.2786250055500055, 0.2846033771783772, 0.14704377289377302, 0.28972784437784427], [0.23345767647385313, 0.24854484045366415, 0.20359834054834042, 0.31439914252414247], [0.2216006049506051, 0.2443144946840599, 0.24050372405372428, 0.2935811763116111], [0.16232883227883232, 0.27005682650682655, 0.22471537351537363, 0.3428989676989677], [0.2207891108891109, 0.27992965922965934, 0.2169670646347118, 0.28231416524651826], [0.2547749417249418, 0.27309519369519375, 0.14824907869907883, 0.32388078588078584], [0.21227380005615304, 0.23523116768852065, 0.26279469141969136, 0.2897003408356352], [0.23610666033313094, 0.2527839105339106, 0.22240313738549053, 0.2887062917474682], [0.2539735847485848, 0.257227713952714, 0.18060647963147972, 0.3081922216672219], [0.2308957930957931, 0.3027824009324009, 0.22021262071262082, 0.2461091852591854], [0.3296850815850817, 0.24480870240870248, 0.15053555333555338, 0.2749706626706626], [0.25780334159304735, 0.25970502830502845, 0.1835998163601106, 0.2988918137418135], [0.27685536685536677, 0.22868552558552585, 0.1616855755355757, 0.33277353202353205], [0.2367735838121288, 0.2434850871350871, 0.23170051986197507, 0.28804080919080904], [0.2734362748362749, 0.26469443889443894, 0.15405766455766468, 0.30781162171162185], [0.2940292041292041, 0.2820769102242786, 0.1638766584292901, 0.2600172272172274], [0.24461975801975813, 0.2888945887445889, 0.1781465090465092, 0.28833914418914436], [0.24130612638995003, 0.2635987456987457, 0.2063878482628484, 0.28870727964845605], [0.2113117632367634, 0.25746494893994903, 0.2439132395382396, 0.28731004828504825], [0.2743280802530803, 0.2615914973914974, 0.18787504995005003, 0.27620537240537246], [0.18461774777510076, 0.31309893048128334, 0.22821516816516824, 0.27406815357844766], [0.2736554980966747, 0.25278104477222135, 0.20655031635031654, 0.2670131407807878], [0.24187789432789444, 0.2985891719391719, 0.1508141192141193, 0.3087188145188146], [0.2200320179820181, 0.28419067044067037, 0.1922065101565101, 0.30357080142080145], [0.2543827311577314, 0.2703317690479456, 0.1683584082584083, 0.30692709153591513], [0.2620730744745451, 0.21111854256854273, 0.1532952008775539, 0.37351318207935846], [0.22812766955266964, 0.2844885364635364, 0.23035791985791995, 0.2570258741258742], [0.22137797745769888, 0.2477057870234343, 0.26678966209229366, 0.26412657342657336], [0.2099042346542347, 0.2992335091808776, 0.20245491905755075, 0.2884073371073372], [0.21829069819069824, 0.24188290043290048, 0.21025526695526706, 0.32957113442113434], [0.21192122681240336, 0.27385268261150614, 0.2099791486291487, 0.3042469419469419], [0.2433855200355202, 0.2757349983349985, 0.22384976689976704, 0.2570297147297148], [0.18895162060162068, 0.2987910644910645, 0.21267937062937065, 0.29957794427794454], [0.25906446331446337, 0.260896222405046, 0.19135319484437135, 0.28868611943611944], [0.2336362859362861, 0.290321522921523, 0.15695382395382412, 0.31908836718836714], [0.2770383505383505, 0.25322637003519366, 0.20162866936984594, 0.26810661005661013], [0.22669923409923406, 0.25831289266289276, 0.23788905816405811, 0.27709881507381534], [0.17922034345943028, 0.26201353982275055, 0.2180713572375338, 0.3406947594802858], [0.31910329670329657, 0.2449918276168278, 0.1614349495275967, 0.274469926152279], [0.23969822399822416, 0.26987486402486405, 0.17273055278055294, 0.31769635919635925], [0.17429311799311806, 0.2632429348429349, 0.25601905594405605, 0.3064448912198913], [0.28438058053058063, 0.2731400821400824, 0.15763229548229554, 0.28484704184704185], [0.2406787296037296, 0.24878114663114687, 0.19699456654456668, 0.3135455572205572], [0.20970265567765578, 0.2904633755133756, 0.2083190836940836, 0.29151488511488516], [0.29382868797868794, 0.2886457802431487, 0.12721132376395544, 0.29031420801420804], [0.23216221074247403, 0.2511484021826128, 0.2326056360306363, 0.2840837510442774], [0.2214634809634812, 0.2533517871017872, 0.15953315573315582, 0.36565157620157623], [0.1975075413148944, 0.30002590938473284, 0.2403968309468312, 0.26206971835354204], [0.24629549339549356, 0.25749864416629137, 0.2050648962148963, 0.2911409662233192], [0.1852024472259766, 0.30526965730348077, 0.27973173493173487, 0.22979616053880766], [0.23102031857031852, 0.20716529026529032, 0.17266189921189917, 0.3891524919524917], [0.2452348595848596, 0.25379251859251867, 0.1717630258630259, 0.32920959595959615], [0.19343307835954898, 0.2710747530247532, 0.2808823748147277, 0.25460979380097026], [0.18232171521289176, 0.2886719677381443, 0.25618384948384937, 0.2728224675651149], [0.2556887307137308, 0.25084946442446454, 0.18064731934731942, 0.31281448551448554], [0.2311589835001601, 0.25182594072594083, 0.2634086821675058, 0.2536063936063936], [0.28148639138639153, 0.28746127206127203, 0.17022366522366536, 0.2608286713286715], [0.24557688977688993, 0.28204759509496363, 0.1456715191241507, 0.326703996003996], [0.27067867132867146, 0.23166162726162745, 0.16900894105894118, 0.32865076035075996], [0.2684563920599526, 0.29924925772541894, 0.13503442647823463, 0.29725992373639426], [0.27509994172494173, 0.2700456626706626, 0.1447477300477301, 0.31010666555666544], [0.196083812592636, 0.2723022699522699, 0.2419810170221936, 0.2896329004329005], [0.266463913863914, 0.2698170440670441, 0.18363296703296714, 0.2800860750360753], [0.19989015984015984, 0.3188414085914086, 0.18306778091189863, 0.2982006506565331], [0.24259830724830733, 0.25402472527472525, 0.20636577866577893, 0.2970111888111887], [0.24184674492174504, 0.2572409978909981, 0.2344200826950829, 0.26649217449217466], [0.21360620592857443, 0.27119880952380954, 0.26542822908086067, 0.2497667554667556], [0.32526699411699433, 0.1885820568320568, 0.14567003552003557, 0.3404809135309137], [0.2581023032523032, 0.28542969252969264, 0.194732079032079, 0.2617359251859252], [0.2745824192147722, 0.23584805309070023, 0.19145283327783336, 0.29811669441669436], [0.18404282384282386, 0.28333778721278724, 0.23349795759795772, 0.29912143134643154], [0.22814770229770232, 0.30450753690753696, 0.1826403152403153, 0.2847044455544457], [0.18247212787212794, 0.29070440115440116, 0.24543383005883024, 0.2813896409146409], [0.21730295610821942, 0.27119153682574737, 0.2675765123765125, 0.24392899468952123], [0.1798278737602269, 0.2535067182817183, 0.2657356052444289, 0.30092980271362635], [0.22433564376799678, 0.3039129775453303, 0.20528020868020871, 0.2664711700064643], [0.2151291791541792, 0.28185328005328025, 0.20525501443001454, 0.2977625263625265]]}, "rewritten": {"ids": ["97105580", "97106600", "97106970", "97112300", "97112830", "97113260", "97113900", "97116500", "97116800", "98108150", "98108370", "98113881", "98116940", "99107950", "99109161", "99109311", "99109780", "99109860", "99109910", "100108080", "100108990", "100109311", "100109801", "100111380", "100113370", "100115700", "101108080", "101108460", "101109120", "101111310", "101111990", "101112201", "101113210", "101117580", "101121640", "102109850", "102109910", "102110750", "102110850", "102110890", "102111990", "102112301", "102116340", "102121700", "103109641", "103110050", "103110100", "103112470", "104112470", "104114240", "104114410", "104116800", "104118340", "104119290", "105110251", "105112130", "105112260", "105113620", "105115680", "105117200", "105118740", "105119950", "105120621", "106112770", "106117790", "106118161", "106118820", "106119580", "106119990", "106120640", "107113130", "107113200", "107114321", "107114780", "107114950", "107115140", "107119950", "107121230", "108114180", "108114670", "108119510", "108120060", "108120260", "109117431", "109117600", "109119010", "109119460", "109120540", "109120621", "109121351", "109121640", "110113931", "110114561", "110115120", "110115980", "110116170", "110117110", "110117140", "110118630", "110118740", "110120540", "111114171", "111114941", "111116040", "111116170", "111116530", "111116640", "111116990", "111118301", "111119250", "111120280", "111120320", "111120531", "111120640", "111121351", "112116401", "112117790", "112118471", "112118511", "112118530", "112118860", "112118930", "112119450", "112119930", "112120630", "112120640", "112120700", "113118511", "113118620", "113118690", "113118870", "113119450", "113119700", "113120070", "113121680", "113121750", "113121950", "113122120", "113122220", "113122320", "113122510", "113122650"], "labels": [1, 3, 2, 2, 2, 1, 2, 2, 0, 0, 1, 3, 2, 1, 3, 1, 2, 2, 2, 0, 2, 1, 0, 3, 3, 1, 0, 0, 1, 3, 2, 0, 3, 3, 2, 1, 2, 1, 3, 0, 2, 1, 3, 1, 1, 3, 1, 1, 1, 0, 1, 1, 2, 1, 0, 1, 3, 0, 2, 3, 1, 3, 1, 1, 1, 3, 3, 3, 0, 3, 1, 0, 0, 2, 3, 0, 3, 0, 1, 3, 1, 1, 1, 1, 1, 3, 1, 1, 1, 0, 0, 1, 0, 0, 1, 0, 0, 3, 1, 3, 1, 3, 0, 0, 0, 3, 0, 0, 3, 1, 0, 1, 0, 0, 0, 0, 3, 1, 1, 1, 3, 1, 3, 1, 3, 0, 2, 1, 3, 3, 0, 3, 0, 2, 1, 0, 3, 1, 1, 1, 2, 2], "predicted_labels": [3, 3, 3, 0, 0, 3, 3, 0, 0, 3, 3, 3, 3, 3, 1, 1, 2, 1, 3, 1, 1, 0, 3, 3, 3, 3, 0, 1, 1, 3, 1, 3, 3, 3, 3, 3, 3, 1, 1, 3, 3, 3, 1, 1, 1, 0, 1, 1, 1, 3, 1, 0, 1, 1, 0, 1, 1, 1, 2, 3, 1, 0, 3, 3, 1, 3, 3, 2, 1, 1, 3, 1, 0, 1, 3, 3, 3, 3, 1, 0, 3, 1, 1, 1, 3, 3, 3, 3, 3, 3, 3, 0, 1, 3, 1, 3, 1, 0, 3, 3, 3, 3, 1, 3, 3, 3, 3, 3, 3, 3, 3, 3, 3, 1, 0, 0, 3, 0, 3, 3, 3, 1, 3, 3, 0, 0, 1, 1, 3, 3, 1, 3, 1, 3, 3, 1, 3, 3, 3, 3, 1, 1], "confidence_scores": [[0.20907454212454224, 0.2836770368520368, 0.20540538350538362, 0.30184303751803776], [0.24455804473304474, 0.24591073371073371, 0.20627167277167288, 0.30325954878454864], [0.16710684593184594, 0.26274076303813154, 0.2758453702730019, 0.2943070207570209], [0.2905409035409034, 0.24053370325924509, 0.17876868490986156, 0.29015670828999], [0.2833558810470575, 0.27630217201099544, 0.16847587967587987, 0.2718660672660674], [0.2410556332556334, 0.2498995837495838, 0.19316955266955277, 0.31587523032523046], [0.24811674436674444, 0.26976725496725523, 0.18978958068075735, 0.2923264199852436], [0.2879525510437273, 0.2697316183816186, 0.21904739345621707, 0.2232684371184372], [0.2907855904329587, 0.21635010165273336, 0.2095824703074704, 0.2832818376068376], [0.23809623432123436, 0.23980842870579713, 0.22550239841857497, 0.29659293855439356], [0.23770892440892447, 0.2441018481518482, 0.22644831002331003, 0.29174091741591757], [0.2714158424908427, 0.26652077367077376, 0.15671089466089475, 0.30535248917748925], [0.2158627761127762, 0.2889598790098792, 0.18654700854700867, 0.30863033633033626], [0.20443536741036733, 0.2770860750360752, 0.23919071484071486, 0.2792878427128427], [0.31976919469419485, 0.3305410117660118, 0.11977232767232769, 0.22991746586746592], [0.2815721039194725, 0.28479754689754705, 0.1707253821342057, 0.2629049670487754], [0.20096713009213021, 0.27639340104340104, 0.2801409701409703, 0.24249849872349866], [0.21854951159951164, 0.3128695693195693, 0.20776862026862025, 0.26081229881229884], [0.24734786324786331, 0.22948571983572, 0.2457933510933511, 0.2773730658230658], [0.20073155733155731, 0.28587666777666787, 0.24011195471195476, 0.2732798201798203], [0.24651833999334002, 0.28219416694416716, 0.21619124878389578, 0.25509624427859745], [0.3273582389832391, 0.24878690753690774, 0.13200712343212354, 0.29184773004773024], [0.2945453019203021, 0.2663062881562883, 0.14306056721056734, 0.29608784271284283], [0.2434852203352205, 0.23187635142635163, 0.24014563769563776, 0.28449279054279053], [0.2623154623154623, 0.24353324845089552, 0.2166333979745746, 0.27751789125906773], [0.250243776484953, 0.24849509852892218, 0.20254573759573768, 0.2987153873903876], [0.2838704156954156, 0.26986636419136417, 0.1846684926184927, 0.2615947274947275], [0.26310684870684875, 0.2777290653790656, 0.19807141192141206, 0.26109267399267394], [0.258396853146853, 0.26634368409368414, 0.21707252192252205, 0.2581869408369408], [0.2158500166500166, 0.2435030858030858, 0.25483218448218475, 0.28581471306471307], [0.20697935675435686, 0.29635730380730385, 0.22615547508047518, 0.27050786435786445], [0.3106199716949716, 0.20375835830835848, 0.17127162837162846, 0.3143500416250418], [0.2566144161394163, 0.2682608502608504, 0.18834946997446994, 0.2867752636252635], [0.23560186202686226, 0.2152514097014097, 0.22689824342324355, 0.3222484848484851], [0.21189204961704977, 0.2865209179709179, 0.20687521922521934, 0.2947118131868133], [0.24125088800088815, 0.24013107068370246, 0.23482947812421506, 0.2837885631911948], [0.25331783771783795, 0.2163320956820959, 0.2237103210514975, 0.3066397455485691], [0.21275495370642442, 0.2903347707847708, 0.23805610745463704, 0.2588541680541681], [0.2254182678432678, 0.3157666888666889, 0.1949804251304252, 0.2638346181596183], [0.2655175824175825, 0.24056541987424354, 0.17433175517293176, 0.31958524253524273], [0.23375011377511393, 0.25588401076048134, 0.1909852647352649, 0.31938061072914026], [0.2724249139749139, 0.2652719280719281, 0.15410281385281396, 0.30820034410034425], [0.21002956765456765, 0.28122762792762795, 0.2553325341325342, 0.2534102702852704], [0.266479403929404, 0.2784118159618161, 0.1792555222555224, 0.27585325785325787], [0.2655276799224168, 0.2860270913297228, 0.16635289885553056, 0.2820923298923299], [0.2637428460428461, 0.26001684981684997, 0.22349681984682004, 0.2527434842934843], [0.25995943500943514, 0.2916884393384394, 0.19362837162837165, 0.2547237540237541], [0.2639072594072594, 0.2677012432012433, 0.22107484182484197, 0.2473166555666557], [0.2217691475191477, 0.29994403651903645, 0.20727061827061838, 0.27101619769119784], [0.21670065408447753, 0.2747545621045622, 0.20994498638616302, 0.2985997974247975], [0.2248718281718283, 0.3042483127983129, 0.18983165723165735, 0.28104820179820195], [0.286329218004218, 0.2766274558774557, 0.15786419136419147, 0.2791791347541348], [0.228792952309129, 0.2789060078810077, 0.21711993202875576, 0.27518110778110777], [0.23194200717583083, 0.30083426018426024, 0.17612714115949418, 0.2910965914804151], [0.30588180985680996, 0.24931135531135543, 0.18663912753912762, 0.25816770729270744], [0.22191279276279294, 0.2769735070485071, 0.2418510128760129, 0.25926268731268737], [0.1967035603285604, 0.3364949658184952, 0.22293075290722367, 0.2438707209457212], [0.21329367935985588, 0.30058547563547583, 0.2339005153343391, 0.2522203296703298], [0.176423631923632, 0.27561666829902143, 0.30883652491299557, 0.23912317486435142], [0.23650633810633817, 0.2580784604284605, 0.2228603785103788, 0.2825548229548232], [0.22639156676656702, 0.2969268481518479, 0.2137109945609946, 0.2629705905205906], [0.30533930513930513, 0.22801602841602858, 0.19795185925185937, 0.26869280719280736], [0.2763149267399267, 0.21784484959484965, 0.1342005466755467, 0.3716396769896769], [0.2221738650238652, 0.23455076002428948, 0.25920758718405773, 0.2840677877677876], [0.21515376290376304, 0.30171177711177705, 0.18410385170385182, 0.2990306082806083], [0.2586369075369076, 0.25366260961260967, 0.17647032412032426, 0.3112301587301587], [0.19273404291786655, 0.26755902430902445, 0.2261992424242424, 0.3135076903488667], [0.2063245437568968, 0.26606238977740526, 0.27019477744477755, 0.25741828902092057], [0.25710443445443465, 0.298019564096035, 0.19770502275502286, 0.24717097869450808], [0.19131827339327345, 0.3213137501387503, 0.2217917887667887, 0.2655761877011878], [0.20993353313353322, 0.24899804084804084, 0.2695828338328337, 0.2714855921855923], [0.24391921411921427, 0.2749363636363636, 0.2090394744144746, 0.2721049478299481], [0.31352871572871543, 0.2666362748362749, 0.1337031135531136, 0.2861318958818959], [0.18655144855144862, 0.3160190237866709, 0.22557213505448812, 0.2718573926073927], [0.23019042069042067, 0.2553777789204262, 0.25007032216149877, 0.2643614782276547], [0.2987330447330448, 0.16753098568098576, 0.16465820013320015, 0.36907776945276927], [0.2332403402153403, 0.2559116716616719, 0.19603955488955493, 0.3148084332334332], [0.18323262097379753, 0.3019890658361246, 0.18187133128309615, 0.33290698190698187], [0.2087668922580688, 0.29486061911944256, 0.21242934287934293, 0.2839431457431457], [0.28247413419913425, 0.2435337507263978, 0.20575927487545148, 0.26823284019901666], [0.23995386084503745, 0.24346692392574742, 0.16600984015984022, 0.35056937506937486], [0.24484785492285518, 0.29387947607947623, 0.20221810689310696, 0.2590545621045622], [0.24996379380853062, 0.287512711265343, 0.19140021265284426, 0.2711232822732824], [0.28753310578310576, 0.3037625097125098, 0.15417428682428697, 0.25453009768009777], [0.20714199966699978, 0.27871528749028757, 0.21932464757464767, 0.29481806526806537], [0.2142235134146899, 0.26801289821289837, 0.20984856254856268, 0.307915025823849], [0.20560689865689868, 0.27005445665445665, 0.21264153069153074, 0.31169711399711425], [0.24008135198135208, 0.2472323565323565, 0.18782343212343225, 0.32486285936285925], [0.2764224930298459, 0.23153554337819054, 0.15510465645465657, 0.336937307137307], [0.2839189216012746, 0.2696340809517281, 0.1579946664446665, 0.2884523310023311], [0.27331065046065056, 0.22240974858474863, 0.17421277333777346, 0.3300668276168274], [0.29235864968364983, 0.27327677012529955, 0.15583464868464875, 0.2785299315064022], [0.26734689754689744, 0.28057444777444784, 0.17786747141747156, 0.2742111832611834], [0.19032205017205023, 0.23934491619491646, 0.23219060939060956, 0.33814242424242436], [0.23594218004218012, 0.2787299093063799, 0.22533773448773461, 0.25999017616370573], [0.2709143903482138, 0.24870292517939604, 0.15957806164423824, 0.3208046228281522], [0.2634899988899991, 0.2647269286269285, 0.2235537407037408, 0.2482293317793318], [0.2845836663336665, 0.25876264568764595, 0.18610780330780352, 0.2705458846708847], [0.24005017482517477, 0.2774911283161284, 0.17933907203907212, 0.3031196248196247], [0.26041676656676666, 0.24791291486291492, 0.228479381729382, 0.26319093684093703], [0.23885123569241226, 0.2657805413540708, 0.2238718249071191, 0.27149639804639814], [0.26657906342023996, 0.25262306582306604, 0.16183338883338894, 0.3189644819233055], [0.26061125818625824, 0.3089125319125319, 0.14638460150960161, 0.2840916083916085], [0.2720260822510824, 0.2573288850038851, 0.14289342324342333, 0.32775160950160964], [0.21646404983904977, 0.29030770422388064, 0.19263085721468073, 0.30059738872238867], [0.2537438450438451, 0.2225179265179266, 0.22313161838161832, 0.30060661005661016], [0.254575597441774, 0.23122406482406488, 0.22578786523933603, 0.28841247249482554], [0.2699609335109335, 0.19158202908202907, 0.18873771228771236, 0.349719325119325], [0.2623876873126874, 0.2747424242424242, 0.15944827949827958, 0.3034216089466091], [0.23693843656343672, 0.24338473748473768, 0.24709746919746928, 0.27257935675435696], [0.24227923742923754, 0.23583793428793434, 0.18482035023799748, 0.3370624780448311], [0.26557897657897667, 0.25533951048951076, 0.1936758685758686, 0.2854056443556445], [0.25020249750249757, 0.2668521423021425, 0.1890324619824621, 0.2939128982128982], [0.260378243978244, 0.3006446997446999, 0.17816470196470208, 0.26081235431235444], [0.29269031801531786, 0.29250328397093095, 0.16835267314384975, 0.24645372486990155], [0.3448678765678767, 0.20508175990676006, 0.1369122155622156, 0.3131381479631481], [0.2927514374514375, 0.20163042790542812, 0.17194986957486957, 0.3336682650682649], [0.3031273663471033, 0.2570445960472277, 0.14665567663330828, 0.29317236097236093], [0.2792641497391495, 0.2665591519591521, 0.1599662837162838, 0.2942104145854147], [0.2086399156399158, 0.26310830280830283, 0.23707739205239198, 0.2911743894993898], [0.23063899433899446, 0.2797502272237567, 0.20241537188301897, 0.2871954065542302], [0.21232095404595414, 0.29446463536463524, 0.21346132201132204, 0.2797530885780888], [0.27922376512376523, 0.2322562548562549, 0.15282165612165616, 0.3356983238983238], [0.22121462981462994, 0.27259633699633706, 0.19908836996337, 0.3071006632256633], [0.3279101343101345, 0.2196869130869132, 0.1497483516483518, 0.30265460095460095], [0.29939737566355207, 0.25119414568060083, 0.16532449976923672, 0.2840839788866104], [0.21201784326784343, 0.2792916805416807, 0.23964223554223568, 0.26904824064824073], [0.27228880841380854, 0.2912186310421603, 0.1479866217116218, 0.2885059388324094], [0.2275843378843381, 0.2836951326451327, 0.1455964590964591, 0.34312407037407033], [0.210794216894217, 0.26206533466533494, 0.22329166030048378, 0.30384878813996474], [0.27975263347763335, 0.2876915195915198, 0.16972258297258302, 0.26283326395826406], [0.2566974691974693, 0.28434358419358435, 0.15446046176046177, 0.30449848484848496], [0.20505218670218672, 0.3284008158508158, 0.205548124098124, 0.2609988733488736], [0.20272693972693984, 0.27874522340404695, 0.2344665426077191, 0.28406129426129456], [0.22057927905427924, 0.2391453601953603, 0.24982456987456983, 0.29045079087579095], [0.23737298812298815, 0.33414019314019316, 0.13805184815184815, 0.29043497058497075], [0.25157262622997933, 0.24018234102498828, 0.22837544400044418, 0.27986958874458884], [0.25613495948495957, 0.26790040515040525, 0.19380717060717062, 0.2821574647574649], [0.22935400987900986, 0.27426351148851147, 0.21269683927183936, 0.28368563936063923], [0.2450391294979531, 0.2594783105783108, 0.22816585995703662, 0.2673166999667], [0.20473228715728722, 0.30083680208680214, 0.2291660422910423, 0.2652648684648687], [0.24447467809967818, 0.26696539261392205, 0.22576829869476941, 0.2627916305916307]]}}