{"test": {"ids": ["102117351", "104118070", "105113440", "105113210", "113119930", "109120150", "113118820", "108120260", "110118301", "113120601", "112117471", "101121640", "99119830", "109113281", "100111620", "110117110", "99114890", "105121190", "109120540", "107114321", "110116290", "110118740", "111119340", "101112201", "103113210", "101111140", "106115120", "103113610", "109121640", "105113330", "110113591", "110117870", "107121230", "102116500", "106114150", "100108490", "99107660", "113122230", "111120220", "102109910", "112116810", "102113350", "113119300", "99120010", "108116501", "112121351", "99107560", "98112300", "111118820", "106116120", "99109780", "110114610", "110116170", "97107920", "112117790", "97114170", "101108621", "98117740", "109119450", "112119610", "103120730", "107115140", "98108410", "110120540", "110115120", "104117200", "107114490", "110115890", "101112540", "109121351", "102118380", "101109370", "106116820", "101114020", "113122510", "106116850", "108120280", "111115620", "98109570", "104111620", "105115570", "109116441", "112118930", "110116501", "105112100", "100111080", "112119580", "101108290", "107117630", "106114280", "104116441", "111118301", "97109570", "112118511", "108119510", "104119340", "105116441", "103112470", "112118530", "100116790", "99109141", "111119150", "108117451", "102110750", "113120531", "98110680", "97112290", "107116300", "99117740", "109118161", "108113480", "101111990", "104114410", "107116501", "113122160", "103111620", "109117431", "111120280", "97116800", "105114220", "111116411", "113120830", "110118111", "104114230", "98112170", "110114720", "107119390", "111116990", "109117150", "99113260", "110118930", "112116290", "107114200", "104118340", "104114740", "103111170", "112116900", "111120190", "105115720", "110121140", "110114561", "111119250"], "labels": [1, 2, 0, 3, 1, 2, 0, 1, 1, 2, 3, 2, 1, 0, 3, 0, 2, 2, 1, 0, 2, 3, 3, 0, 3, 2, 1, 2, 0, 3, 0, 3, 0, 1, 1, 2, 3, 1, 3, 2, 3, 3, 1, 2, 0, 0, 1, 2, 0, 1, 2, 1, 0, 0, 3, 2, 0, 2, 3, 0, 1, 0, 1, 1, 0, 3, 3, 2, 2, 0, 1, 1, 1, 3, 2, 3, 3, 1, 1, 0, 0, 3, 1, 3, 1, 0, 3, 0, 0, 3, 1, 3, 0, 1, 1, 1, 1, 1, 1, 2, 3, 3, 2, 1, 0, 2, 1, 0, 2, 0, 0, 2, 1, 1, 3, 0, 1, 0, 0, 3, 0, 3, 1, 2, 3, 3, 2, 0, 2, 0, 1, 0, 2, 2, 2, 2, 3, 3, 1, 3, 0, 1], "predicted_labels": [3, 1, 0, 3, 1, 2, 3, 2, 1, 2, 1, 3, 1, 3, 2, 1, 1, 3, 3, 1, 0, 2, 1, 1, 1, 0, 1, 0, 2, 0, 0, 3, 0, 2, 1, 1, 0, 2, 1, 1, 1, 3, 3, 2, 2, 0, 0, 0, 3, 1, 1, 1, 0, 0, 0, 2, 3, 3, 3, 3, 0, 3, 0, 3, 0, 1, 1, 1, 2, 3, 2, 2, 0, 0, 0, 0, 3, 0, 3, 3, 1, 3, 3, 3, 3, 1, 2, 3, 2, 0, 1, 1, 1, 1, 2, 3, 1, 1, 1, 0, 1, 0, 3, 1, 2, 2, 3, 1, 2, 1, 1, 2, 3, 0, 2, 2, 0, 0, 2, 0, 0, 2, 1, 2, 3, 2, 1, 0, 1, 1, 3, 0, 0, 1, 0, 2, 1, 1, 1, 1, 1, 2], "confidence_scores": [[0.03992910451385336, 0.0001465714572328315, 4.2864608949381624e-05, 0.9598814594199644], [0.00024174326919901152, 0.8997932248307918, 0.09994550322356212, 1.95286764471625e-05], [0.8336678338351272, 0.0007473460291367942, 0.057862537606007125, 0.10772228252972894], [6.214905907256468e-08, 7.005352146353403e-06, 1.0731124520962284e-08, 0.99999292176767], [4.077605623950723e-06, 0.9999869150669782, 9.003312501325742e-06, 4.0148964261799595e-09], [1.9851945377479005e-05, 0.0184457340810462, 0.9815342105421845, 2.0343139182264812e-07], [0.26517134291412714, 0.00017953422013624492, 0.004771106689619447, 0.7298780161761171], [0.2513710584678914, 0.029826592178648338, 0.5401406168699512, 0.17866173248350906], [0.07016862162852706, 0.9297644920677903, 6.442786713483866e-05, 2.458436547621806e-06], [0.009221180048391822, 0.09670082764654228, 0.8940744833304634, 3.508974602379712e-06], [3.753580335917353e-06, 0.990926460081584, 5.208560185007205e-08, 0.009069734252478241], [3.673645953581626e-07, 0.022054421384220632, 0.0013650842968165868, 0.9765801269543675], [1.2724323049989773e-07, 0.9112851725030218, 0.08706267267021751, 0.001652027583530108], [0.24043624607715366, 9.790404997609784e-06, 2.5979424645794287e-08, 0.759553937538424], [0.005856359207671259, 0.044383307849973075, 0.9496355606342198, 0.0001247723081358325], [6.495296090464488e-07, 0.9737341308588174, 0.026261082525024872, 4.137086548790878e-06], [3.8461985114269164e-11, 0.9998327347656226, 6.404579273353328e-05, 0.00010321940318195854], [7.77118001651792e-10, 6.388561372003573e-05, 0.024451448690225017, 0.9754846649189369], [0.018821246486382358, 0.09750059508601731, 0.27225247811395187, 0.6114256803136485], [0.2522654158445512, 0.7416725581969703, 0.00028469981810051004, 0.00577732614037783], [0.6541575067602244, 3.2836373889245934e-05, 0.34580941429340256, 2.425724839114679e-07], [0.025871946322279654, 1.3619564412240342e-07, 0.9740015772789458, 0.00012634020313035486], [0.0017506515173161547, 0.8576838233988822, 0.07127459828326141, 0.06929092680054039], [1.9297354183307996e-05, 0.999812638279006, 2.903235400960061e-06, 0.00016516113140980428], [0.032072083393954294, 0.4549492024312921, 0.39035325475003896, 0.12262545942471481], [0.9633206406240672, 0.0007115380933094404, 0.0005245197432256807, 0.03544330153939784], [0.003774206674690798, 0.9785223856663664, 1.3556449492971721e-08, 0.017703394102493306], [0.9998063322233821, 6.523327118813519e-07, 0.0001924227199238408, 5.92723982286405e-07], [0.2959665930716623, 0.0017327827397999457, 0.7019773316369899, 0.000323292551547807], [0.9971668396848062, 0.0007980894255165523, 0.0003147139835181737, 0.0017203569061589761], [0.996394773038472, 1.570884946900432e-05, 5.3908698623033996e-12, 0.0035895181066681677], [0.028963890058777166, 0.07240285060695131, 0.11506467143031776, 0.7835685879039538], [0.46074817648619376, 0.36865587309319114, 1.2237532731681002e-05, 0.17058371288788343], [2.3008210165095946e-05, 6.47538947881313e-05, 0.9996998792285768, 0.00021235866647009884], [0.00012412536599511455, 0.9200047640742846, 0.04142603218503644, 0.03844507837468387], [0.0006481012212419619, 0.8024279079985532, 3.1882695043313076e-05, 0.19689210808516153], [0.9999569180046121, 4.0959511631202594e-06, 4.590991797758928e-06, 3.439505242710857e-05], [0.007553377419040528, 0.004438620714974494, 0.9878954071114127, 0.00011259475457240829], [0.05953037097583018, 0.9404693801333917, 2.3987281937472695e-07, 9.017958677742014e-09], [0.00016934459429180938, 0.41518789374377824, 0.22265639021441555, 0.36198637144751433], [0.05697517339802741, 0.9266577903675554, 0.01636615240915941, 8.838252580397734e-07], [1.917618505101321e-10, 1.1707886902314385e-09, 1.580444164349627e-06, 0.9999984181932852], [0.0041253266822246035, 9.373788906188765e-06, 1.0490029419314538e-09, 0.9958652984798663], [0.0006105852908218824, 0.035199786601414665, 0.9641050818036936, 8.454630406986057e-05], [0.03917057225504436, 0.3836898519851159, 0.5722097067694681, 0.0049298689903715266], [0.7757539572845198, 5.343559896460854e-08, 9.037751711467035e-07, 0.2242450855047101], [0.9695271513593101, 0.022833508808102303, 1.5246553945967314e-05, 0.007624093278641635], [0.7112092426872582, 0.00226405748844041, 0.14246585325436967, 0.14406084656993187], [0.4096814877827883, 5.0886593813838206e-08, 5.099873214935405e-07, 0.5903179513432963], [0.0001428007099019091, 0.9920988400793546, 0.00016958839703938277, 0.007588770813704234], [1.0087880955364536e-06, 0.9946722221914095, 0.005311702329417971, 1.5066691076982598e-05], [1.1347631864068225e-06, 0.9995449579898433, 0.0004532223274591317, 6.849195109872853e-07], [0.9998962847015231, 8.531411558460018e-06, 9.20181527187997e-05, 3.1657341995728883e-06], [0.6443108273391384, 0.09917833663706811, 9.406592002467802e-06, 0.25650142943179105], [0.999632306557101, 3.1230819202874075e-06, 0.00030448805574306967, 6.008230523554789e-05], [1.7178227827760466e-08, 0.000767060436827751, 0.998655504211503, 0.0005774181734415531], [0.08713806760098955, 0.4430584071028456, 0.00048101760696553874, 0.4693225076891993], [0.00022065482642528726, 0.4912382744761928, 4.379938995716867e-05, 0.5084972713074247], [0.03201796690794251, 0.00022110567787275397, 0.18113159177230315, 0.7866293356418816], [0.010109159384042495, 0.08178985194398394, 0.0642837144966949, 0.8438172741752786], [0.9999976363568255, 2.0304734928551143e-06, 8.479770256087163e-09, 3.246899116079237e-07], [4.398918096633204e-08, 1.1625742976787289e-08, 2.786435745058424e-05, 0.9999720800276255], [0.6051842141884688, 0.3946374394998178, 1.8356276674718257e-06, 0.00017651068404596134], [0.1498490362960458, 0.05401508467706146, 0.1885146870335062, 0.6076211919933865], [0.9732987448468163, 6.131767596338403e-06, 0.0266754920021083, 1.9631383478989515e-05], [0.0004016911770894684, 0.9947363037158342, 0.0003633137036342358, 0.00449869140344197], [2.2787809069057985e-06, 0.5733511446758143, 0.04169244113970726, 0.38495413540357154], [3.5153728330238642e-09, 0.9557750952008093, 0.0019408349931349822, 0.042284066290683], [0.00767223832622316, 0.14464740632286283, 0.8296398694160522, 0.018040485934861978], [0.01274890210240765, 0.06535628743457446, 0.034130161687044046, 0.8877646487759738], [3.4100587655117145e-08, 0.012120161972843364, 0.9873918462832161, 0.0004879576433531044], [2.6489645659812164e-09, 0.14679694742325683, 0.8532009719394565, 2.07798832213755e-06], [0.9662331044696163, 0.022437907427680225, 1.7487299827134438e-06, 0.011327239372720762], [0.9913702139316379, 4.3128163771000535e-07, 0.008282799181052207, 0.00034655560567229467], [0.9928462491217058, 0.0007949630217951785, 0.00634506601815002, 1.372183834918969e-05], [0.9996270198195935, 0.00011901769348186425, 0.0002066212465935379, 4.734124033102629e-05], [0.14387546380623692, 0.012883627101437187, 0.1898220356897464, 0.6534188734025795], [0.4820752555992622, 0.022799209425788437, 0.04912178542501217, 0.44600374954993727], [0.001121983236574655, 0.2758825290800558, 4.7198215893332364e-05, 0.7229482894674762], [0.00579048065333747, 0.009454278063060484, 3.0879568780086274e-06, 0.9847521533267242], [0.004322484182758314, 0.815912498451709, 0.0006101875188796849, 0.17915482984665285], [0.011704798639584168, 0.3753862964251282, 5.348841773680611e-06, 0.612903556093514], [0.00023343476202460322, 2.889589509465276e-05, 3.799295134073906e-06, 0.9997338700477466], [0.0031045655517600176, 0.004049868685590588, 0.0003965248598158165, 0.9924490409028336], [6.037954569425604e-06, 8.479915703061114e-05, 3.905461109099734e-05, 0.9998701082773088], [2.5846373708418297e-06, 0.9984107178085281, 0.0015618981876105854, 2.479936649042577e-05], [0.0005884113053184921, 9.308473244400046e-05, 0.6331257609302728, 0.36619274303196464], [0.2769878043485664, 0.029464509499109132, 4.3451505890923426e-05, 0.6935042346464335], [0.0030283460653444997, 0.1257210460180363, 0.8228890459621908, 0.04836156195442828], [0.8375892457885115, 0.0006421301840478892, 5.202534656473898e-06, 0.16176342149278425], [0.0009573315214891787, 0.5152027524764918, 2.5697089212369133e-09, 0.48383991343231014], [0.00016369994394977466, 0.6742074686454437, 0.00029018227906420647, 0.32533864913154237], [0.00023193064501465525, 0.8547391777286232, 0.14499706055502015, 3.183107134210468e-05], [0.00022718098937640072, 0.9449295392796415, 0.00036521388823241056, 0.054478065842749605], [4.903264101670809e-07, 3.369129435482366e-05, 0.9999335904329878, 3.2227946247144796e-05], [0.002159888669130132, 1.1390078698442353e-06, 0.0015755585880749957, 0.996263413734925], [0.07394285074845791, 0.9144714047264153, 0.0006193371530906573, 0.010966407372035993], [0.08330609415307869, 0.8837893681908362, 0.032904524250970284, 1.3405114754356313e-08], [8.621032500241953e-06, 0.9590158198796157, 0.04096051877140831, 1.5040316475836892e-05], [0.5916640006407136, 0.039987903885012846, 0.3678711722652167, 0.0004769232090568849], [0.09695572117190993, 0.9024100035563151, 0.0001281626580836553, 0.0005061126136912655], [0.9817638631657786, 0.008281104571573064, 3.4175634860202526e-08, 0.009954998087013747], [0.04909096187522381, 1.6534753317366658e-08, 1.7215017047462207e-09, 0.9509090198685212], [0.004021732932915657, 0.7442764437122141, 0.2516773506414454, 2.4472713424764135e-05], [0.03415722749914975, 7.973860570989667e-06, 0.9652119937861602, 0.000622804854119042], [0.003091572237983013, 0.007024088789836245, 0.9895344016176393, 0.00034993735454157257], [0.003823884155877085, 0.004291380428262764, 0.00202078161693956, 0.9898639537989206], [0.0005773881362343936, 0.9993773656600242, 1.7201767172176611e-07, 4.5074186069495284e-05], [0.0013902840490964126, 0.30472623127264553, 0.6938824439094279, 1.0407688301627799e-06], [0.0006599601393675956, 0.6659982273749017, 0.0012949916347200657, 0.3320468208510107], [0.3378044941385487, 0.4576828796939469, 0.0005825783893465563, 0.20393004777815774], [0.0004266147264296515, 8.866332386323524e-07, 0.9995716151576218, 8.834827099896873e-07], [0.00012825498675892062, 2.853940219110565e-07, 1.2694681431733192e-05, 0.9998587649377875], [0.6972543916619488, 0.2959361978678204, 2.7153221408364763e-06, 0.0068066951480899585], [3.128071970626315e-05, 0.00014555629830505403, 0.9997487738828795, 7.438909910908408e-05], [0.1968636535050373, 0.15055626041079778, 0.6524539151309926, 0.00012617095317245128], [0.95784214589509, 0.019507404753518413, 0.0017056742350144026, 0.020944775116377105], [0.5912656911211454, 0.17409284798671426, 0.0009810400680473456, 0.23366042082409308], [0.160573514420749, 0.05747910254698608, 0.7786864154104108, 0.0032609676218540024], [0.9988620754488277, 0.0011379102027917385, 3.414820181893594e-09, 1.0933560435254397e-08], [0.5318049684107805, 6.7010727361207576e-06, 1.4486508936176357e-09, 0.46818832906783253], [0.001256412017161782, 1.309753699315377e-07, 0.9267909954429883, 0.07195246156448003], [0.12867760182411014, 0.8659972501390621, 0.00029107771260736346, 0.005034070324220383], [1.414742716787791e-06, 0.19902762994545484, 0.7165580621750964, 0.08441289313673195], [0.26290496987221473, 0.1649438558038358, 0.03940801073528708, 0.5327431635886624], [0.00030188561722054583, 0.38120245375505707, 0.6184951311860576, 5.294416648643799e-07], [0.004103930858103062, 0.995518241874609, 0.00018531401956918425, 0.00019251324771875494], [0.9942054304196783, 0.0006038534993551267, 0.00235206149384387, 0.0028386545871226364], [0.023015185138802855, 0.9769632652281711, 1.2833529528858515e-05, 8.716103497319268e-06], [0.0002371694862032277, 0.999753288442758, 9.334166307753838e-06, 2.0790473106452198e-07], [0.00021199400593134598, 0.0238348701724514, 5.436872510268963e-07, 0.9759525921343661], [0.5153344433768672, 0.042275464568693216, 0.0005110120003252329, 0.4418790800541144], [0.9941788781678068, 0.0058194896725704175, 7.340692216307201e-07, 8.980904012448731e-07], [0.0066160014585518925, 0.9921529285717862, 5.142387465848868e-06, 0.001225927582196157], [0.7223902817936112, 0.0013184848853807533, 0.013964122257975232, 0.2623271110630328], [0.0025574827607231752, 0.34070432709954224, 0.6534151087806185, 0.003323081359116162], [0.08309155653088776, 0.8202604467832725, 0.009056542862984766, 0.087591453822855], [0.0368474190403664, 0.9626011567274567, 0.0005485600340196879, 2.864198157200031e-06], [0.0004467710973227303, 0.9913621966455375, 0.007919319709111907, 0.00027171254802775145], [0.0007861674777261598, 0.8967086051901003, 6.433793371728206e-05, 0.10244088939845632], [0.002239911130674865, 0.9844245379065922, 0.00744707707917105, 0.005888473883561711], [3.587878751666531e-06, 0.012458405124431242, 0.9870986844743427, 0.0004393225224743218]]}, "rewritten": {"ids": ["97107920", "97109570", "97112290", "97114170", "97116800", "98108410", "98109570", "98110680", "98112170", "98112300", "98117740", "99107560", "99107660", "99109141", "99109780", "99113260", "99114890", "99117740", "99119830", "99120010", "100108490", "100111080", "100111620", "100116790", "101108290", "101108621", "101109370", "101111140", "101111990", "101112201", "101112540", "101114020", "101121640", "102109910", "102110750", "102113350", "102116500", "102117351", "102118380", "103111170", "103111620", "103112470", "103113210", "103113610", "103120730", "104111620", "104114230", "104114410", "104114740", "104116441", "104117200", "104118070", "104118340", "104119340", "105112100", "105113210", "105113330", "105113440", "105114220", "105115570", "105115720", "105116441", "105121190", "106114150", "106114280", "106115120", "106116120", "106116820", "106116850", "107114200", "107114321", "107114490", "107115140", "107116300", "107116501", "107117630", "107119390", "107121230", "108113480", "108116501", "108117451", "108119510", "108120260", "108120280", "109113281", "109116441", "109117150", "109117431", "109118161", "109119450", "109120150", "109120540", "109121351", "109121640", "110113591", "110114561", "110114610", "110114720", "110115120", "110115890", "110116170", "110116290", "110116501", "110117110", "110117870", "110118111", "110118301", "110118740", "110118930", "110120540", "110121140", "111115620", "111116411", "111116990", "111118301", "111118820", "111119150", "111119250", "111119340", "111120190", "111120220", "111120280", "112116290", "112116810", "112116900", "112117471", "112117790", "112118511", "112118530", "112118930", "112119580", "112119610", "112121351", "113118820", "113119300", "113119930", "113120531", "113120601", "113120830", "113122160", "113122230", "113122510"], "labels": [0, 0, 1, 2, 0, 1, 1, 2, 3, 2, 2, 1, 3, 3, 2, 0, 2, 2, 1, 2, 2, 0, 3, 2, 0, 0, 1, 2, 2, 0, 2, 3, 2, 2, 1, 3, 1, 1, 1, 2, 0, 1, 3, 2, 1, 0, 2, 1, 2, 1, 3, 2, 2, 1, 1, 3, 3, 0, 3, 0, 1, 1, 2, 1, 3, 1, 1, 1, 3, 2, 0, 3, 0, 0, 1, 0, 2, 0, 0, 0, 2, 1, 1, 3, 0, 3, 2, 1, 0, 3, 2, 1, 0, 0, 0, 0, 1, 3, 0, 2, 0, 2, 3, 0, 3, 1, 1, 3, 1, 1, 3, 1, 0, 0, 3, 0, 3, 1, 3, 3, 3, 0, 0, 3, 3, 3, 3, 1, 1, 1, 3, 0, 0, 0, 1, 1, 0, 2, 3, 3, 1, 2], "predicted_labels": [3, 1, 1, 2, 2, 1, 3, 2, 3, 3, 1, 0, 0, 0, 1, 1, 1, 0, 3, 0, 1, 1, 2, 0, 3, 0, 1, 3, 0, 1, 1, 2, 1, 1, 2, 3, 1, 0, 2, 1, 0, 1, 3, 0, 0, 3, 1, 3, 3, 3, 1, 1, 1, 3, 3, 3, 0, 1, 0, 3, 1, 1, 3, 3, 3, 1, 1, 0, 0, 1, 1, 1, 3, 1, 1, 2, 1, 3, 0, 2, 0, 2, 2, 3, 0, 0, 1, 1, 1, 3, 2, 0, 3, 0, 3, 0, 1, 1, 0, 1, 1, 2, 3, 2, 3, 0, 0, 2, 1, 2, 1, 3, 3, 0, 2, 3, 1, 3, 1, 1, 1, 3, 3, 1, 1, 1, 0, 1, 1, 0, 2, 1, 0, 0, 3, 1, 2, 1, 3, 2, 2, 0], "confidence_scores": [[0.051572466433614905, 0.17659227847069608, 3.243640598460965e-05, 0.7718028186897045], [2.2215366064444483e-09, 0.9999071905961703, 9.262607414979441e-05, 1.811081434221044e-07], [0.01955174740352434, 0.8729408862996334, 0.004680910519169267, 0.10282645577767312], [2.1127767017124707e-05, 0.12382649257219054, 0.670371627382795, 0.2057807522779972], [1.286252250412526e-06, 8.507492083921349e-06, 0.9999792156244126, 1.0990631252996167e-05], [1.2254745206447126e-05, 0.999987744964549, 2.735934093171e-10, 1.665112914878283e-11], [0.0010867287261787303, 0.050923026957493255, 8.091536403115123e-06, 0.9479821527799248], [2.495548103110576e-07, 0.0942883264360343, 0.9054137511555413, 0.0002976728536140707], [0.008751045412996884, 5.330256556106843e-09, 4.3992865639274953e-07, 0.9912485093280902], [0.010116870152806304, 2.7810640773038054e-05, 3.736859775228928e-05, 0.9898179506086684], [2.0071472861460663e-10, 0.9996614300690667, 0.00031963995283764687, 1.8929777380974257e-05], [0.9450262986703333, 0.0005378365028707301, 4.222875853322856e-06, 0.054431641950942584], [0.9579687779988947, 0.0044055790679776545, 0.016309419735332488, 0.02131622319779511], [0.6653684691008436, 0.33449456618575685, 6.781834502427662e-07, 0.0001362865299494358], [2.9387549463839414e-09, 0.9902722654976224, 0.009726564039583325, 1.1675240393533454e-06], [1.5237284138805712e-05, 0.9999080115077622, 3.0280165066234794e-07, 7.644840644837296e-05], [2.2780397157375083e-13, 0.8775696578198934, 0.001825079924570783, 0.1206052622553081], [0.43609218955720763, 0.14434737322588928, 0.418926985537555, 0.0006334516793481832], [5.851249176164957e-08, 0.38380347620536626, 0.0006153654494806702, 0.6155810998326612], [0.8852023760292804, 9.228912938196448e-05, 0.1142605341454979, 0.0004448006958398802], [0.13887837009050497, 0.853858151393608, 9.027581869969632e-05, 0.007173202697187404], [2.1100602056131367e-07, 0.9755207496705175, 0.024456069877936526, 2.2969445525376384e-05], [0.04193041250060538, 0.025829090653934367, 0.930294051444967, 0.0019464454004931302], [0.999981150117362, 2.1045519790475034e-06, 5.861441609511581e-07, 1.6159186498127697e-05], [0.002095928087809915, 0.0024679990957136052, 1.382034913702479e-09, 0.9954360714344415], [0.9995045500754677, 0.0002573853028666681, 8.596756274757702e-11, 0.0002380645356980842], [6.229663232647191e-09, 0.9944236762781435, 0.005176374531483708, 0.00039994296070946513], [0.020737941212691225, 0.0001315636647263161, 1.603663319610363e-06, 0.9791288914592629], [0.6075883547687948, 0.0001267313707483173, 0.3865682106262508, 0.005716703234206045], [6.297570498568732e-07, 0.9999518032883564, 9.047320367851618e-07, 4.666222255699551e-05], [7.566396998500314e-07, 0.9999802332602592, 2.910773886015632e-10, 1.9009808963343857e-05], [0.16556914843831233, 0.001292768105346592, 0.8331061330199316, 3.195043640943275e-05], [2.037801668154772e-06, 0.9986383799915584, 0.001358315952275487, 1.2662544981096371e-06], [0.0003619251515700907, 0.7223515707210664, 0.024158225242909136, 0.25312827888445455], [2.15731555423363e-08, 0.07376346617756192, 0.9262363724691292, 1.397801533526323e-07], [3.035582378865706e-07, 2.12168343325953e-08, 0.0022397267433950235, 0.9977599484815326], [0.006094777874485066, 0.5601610726229342, 0.43358341157661007, 0.00016073792597075828], [0.9810185222763811, 0.01860769955700414, 1.394819228440647e-11, 0.0003737781526664373], [4.848833183774687e-05, 0.024522420727477984, 0.9574291959394103, 0.017999895001273903], [0.0004092996435706747, 0.9983183006102118, 0.001269265237374419, 3.134508843151701e-06], [0.9959034243275774, 4.947601541692275e-05, 0.004047089951249122, 9.705756485562576e-09], [0.022496474986466584, 0.9089859859302415, 0.06851137951950682, 6.159563785034362e-06], [0.010680903936051412, 0.10609176581006884, 0.36189799062895295, 0.5213293396249269], [0.9708971323135355, 1.7005656838619157e-06, 0.029101163792674085, 3.3281066160662428e-09], [0.9997885491813876, 8.619725903707473e-07, 1.4764909833885634e-07, 0.00021044119692359054], [0.04405346007865788, 0.0012994379495164115, 3.236733050892854e-07, 0.9546467782985205], [9.519395381486872e-06, 0.861517247511251, 0.1379660896878217, 0.0005071434055459272], [1.548102770312155e-06, 1.9357089993818073e-05, 1.0530479658610117e-05, 0.9999685643275773], [0.16755058330230357, 7.12608117961332e-05, 0.023089677216509712, 0.8092884786693906], [0.029469381762064182, 0.356016707916604, 1.755205355589965e-06, 0.6145121551159761], [9.852640385413314e-06, 0.9983417347891863, 1.1092574646004922e-05, 0.0016373199957825104], [0.005374367146279538, 0.8079971619447085, 0.18639392310773104, 0.00023454780128085345], [2.795283811529179e-05, 0.9990878262425651, 9.790939368846253e-09, 0.000884211128380431], [1.1501199204245462e-07, 5.989833430424201e-12, 6.967085067357372e-10, 0.9999998842853096], [3.765585261050577e-08, 1.1187841525226626e-06, 1.4881967519097064e-06, 0.999997355363243], [1.6323603970792273e-06, 0.02475394115299966, 4.9391468513054585e-08, 0.9752443770951348], [0.9891639168885022, 0.00020797850174076785, 0.009396476553186279, 0.0012316280565707436], [0.20503810400333033, 0.7621273689423811, 0.029500156241157583, 0.0033343708131310253], [0.9975996892053471, 0.0024001503700541043, 2.9385236905979268e-08, 1.3103936175809322e-07], [0.005072058005179428, 0.25644734577951356, 0.004840956168613478, 0.7336396400466935], [1.5384438610308158e-06, 0.9960959823495752, 0.0033591532653932956, 0.0005433259411704063], [0.014220903043455852, 0.9857737370070259, 9.006470277537471e-08, 5.2698848156765276e-06], [7.468889034414108e-09, 7.729244673353575e-05, 0.012714083013747601, 0.9872086170706298], [0.0005555317784985649, 0.006087911328058804, 0.08711416138771139, 0.9062423955057313], [0.05312207649230209, 0.01541570231950241, 0.36273185557216125, 0.5687303656160343], [0.22324695732476513, 0.7727599140601922, 1.4092233482817761e-07, 0.003992987692707888], [5.8074078671464986e-05, 0.9588489520976164, 0.004414507406781962, 0.03667846641693004], [0.9984566934988585, 0.00011682584179572612, 2.6112798610133585e-07, 0.0014262195313596389], [0.9999411556955214, 2.1774992988581682e-05, 3.7059467461803206e-05, 9.844027959511874e-09], [0.31149516413803807, 0.6884794657856732, 7.430162991461614e-09, 2.5362646125597648e-05], [0.01526300317345578, 0.9847211905847666, 4.088175873692029e-06, 1.171806590388337e-05], [1.4443466195119777e-08, 0.999263421505073, 0.000363383123009389, 0.0003731809284512666], [0.0001338782279261372, 2.965306592766429e-07, 0.00875522395602091, 0.9911106012853937], [0.06719443338486894, 0.9287154745564815, 0.00021111219348136557, 0.0038789798651683183], [0.06191086141844082, 0.9339348671891365, 3.8012184372145975e-06, 0.004150470173985434], [0.0923672626887369, 0.07083993783523272, 0.8001938302561921, 0.036598969219838295], [0.13469924878382497, 0.4770076196970405, 0.010374166459103646, 0.37791896506003086], [9.075427072548339e-07, 0.0037216163392248362, 1.5108758076404326e-08, 0.9962774610093097], [0.9055549637103569, 0.0415288364961886, 0.051615165332189496, 0.0013010344612647876], [0.007611826206061161, 2.7468999841176387e-05, 0.9922904638037526, 7.024099034503417e-05], [0.9999135552456361, 1.0423840963954054e-05, 7.25759435634414e-07, 7.529515396431542e-05], [0.007771234021274713, 7.749550425461415e-06, 0.992192238667876, 2.8777760423823538e-05], [6.762312019905737e-08, 6.040416754627434e-06, 0.9819285477468032, 0.018065344213322062], [0.00030518422919159594, 0.0026361519718520543, 0.0007561411756048427, 0.9963025226233516], [0.9988478745800968, 1.3458798942707655e-10, 5.2563992027260046e-08, 0.0011520727213230667], [0.8584246000288578, 0.010774033487601012, 0.0012666678797499259, 0.12953469860379124], [1.7167685349985776e-07, 0.999999732402249, 1.2600753160189507e-10, 9.579488991191881e-08], [0.005059962046724633, 0.5335852980281223, 0.36383105623961015, 0.09752368368554304], [0.0004467149083260071, 0.9867056945206358, 0.0012271731812690228, 0.0116204173897691], [2.7260819605982084e-06, 0.00012958955406754306, 0.00048421268266593683, 0.999383471681306], [7.770437756609676e-05, 0.030553037604413098, 0.969368836305597, 4.217124239723547e-07], [0.9881180559901085, 0.0025681610877936376, 0.005983759083658588, 0.0033300238384391997], [4.1954657676315716e-05, 0.0028121812237239495, 1.6459626514289852e-05, 0.9971294044920854], [0.7610754444118485, 0.028765416711274885, 0.21011056662526015, 4.857225161651664e-05], [0.0035124150960138493, 9.284890411452641e-05, 8.32438361548478e-08, 0.9963946527560354], [0.7843292802786082, 0.10178836370561055, 0.08460944856712602, 0.029272907448655534], [5.9203729402130396e-06, 0.9984441732374004, 0.0015227039337063137, 2.720245595318676e-05], [0.0015018437840890637, 0.977795943939503, 0.020702010033665046, 2.0224274274078985e-07], [0.9971358281360329, 1.3415443832141081e-05, 0.002848673432219801, 2.0829879153399682e-06], [0.006761127864836581, 0.9469514491216352, 0.0005164040875618196, 0.04577101892596628], [5.004559935063872e-05, 0.9998459544873216, 1.1871382353019437e-06, 0.0001028127750925351], [0.0035242731414157555, 4.200100878727303e-05, 0.9964337181108177, 7.738979242694491e-09], [0.00010648186500146382, 0.0015180440742975777, 2.138031918486944e-07, 0.9983752602575091], [1.654948146234718e-08, 0.00238885222384174, 0.9976110887511138, 4.2475563094994314e-08], [0.07939636112555255, 0.2011875725669271, 0.02657674972232956, 0.6928393165851908], [0.9989764451024216, 0.0003622454354900835, 6.387447508140357e-11, 0.0006613093982138301], [0.6254732714960246, 0.3389676381669713, 0.01628526594848753, 0.019273824388516766], [0.0007754907339415787, 4.455694987740076e-08, 0.9987221241386787, 0.0005023405704299336], [1.3268738627305806e-07, 0.8962423593353749, 1.6769900231122637e-05, 0.10374073807700775], [3.3111918353160324e-05, 0.00011797651742223763, 0.9639925259272538, 0.03585638563697082], [1.464915858867253e-05, 0.8408114959115109, 0.03180443793903202, 0.12736941699086843], [0.0004614791669003953, 0.0001287141507297162, 0.0006242892834797685, 0.9987855173988902], [0.04476845675935911, 4.900089712875659e-06, 1.961190548050173e-07, 0.9552264470318732], [0.9649885668755834, 1.590271798421878e-05, 0.03292487564012448, 0.0020706547663078313], [0.001872625791981209, 0.001818595202486167, 0.992999569206072, 0.0033092097994607264], [0.007513531084363494, 4.932248447797125e-07, 1.3808051595207574e-05, 0.9924721676391965], [0.0008488990602860307, 0.7956865507637039, 6.611900614063662e-07, 0.2034638889859488], [5.177921679117876e-08, 0.0007607467701232517, 0.00025327454338077587, 0.9989859269072793], [0.0013948759234673805, 0.7153638450102664, 0.26046410350782634, 0.022777175558439937], [0.14704782942174133, 0.8528463906959343, 2.133440228321159e-05, 8.444548004133147e-05], [0.0020966469074713977, 0.9979033449701593, 4.815682143768148e-10, 7.640801130754939e-09], [0.3836770798192665, 0.00791884572362201, 0.027991097044119537, 0.580412977412992], [0.029467864108635524, 0.00012082696531428568, 6.616587217911912e-05, 0.970345143053871], [0.0029993432369714197, 0.9576323010998743, 0.0393680090545036, 3.466086507680549e-07], [0.06021015571001991, 0.8600398168325674, 0.00017685607251726504, 0.07957317138489546], [4.233940429994056e-08, 0.971335009249925, 4.2755906040303236e-08, 0.02866490565476475], [0.9998216498041296, 1.3991627282658066e-05, 0.00014894144359672775, 1.5417124991173473e-05], [9.399062652836479e-05, 0.9998982351139583, 7.846419468445953e-08, 7.695795318847364e-06], [5.25538120303154e-05, 0.999630220429143, 0.00031709903866269896, 1.2672016386066935e-07], [0.9997992176032172, 1.2276361724643758e-07, 1.1261913881597653e-05, 0.00018939771928425269], [1.4972323128107345e-05, 2.1748766418778057e-05, 0.9998002893907854, 0.00016298951966775598], [0.3868525650695058, 0.5634567789510249, 0.025922070863811084, 0.023768585115658204], [0.9248377972883651, 0.0011261633227580288, 0.044568024906388476, 0.029468014482488435], [0.823773777210194, 0.00011120607051419879, 0.008132036432612458, 0.1679829802866794], [5.18877369989013e-05, 0.0027020551077038568, 7.214279306321777e-11, 0.9972460570831544], [5.174024627971671e-05, 0.9996787104961947, 0.00025998014816613316, 9.569109359487704e-06], [0.0018234077983258529, 5.794526654445811e-05, 0.9974246619210814, 0.0006939850140482046], [0.15824902924782674, 0.8407763775517841, 0.0009086884214232515, 6.59047789658534e-05], [0.0041651992771174606, 0.0002020935652153079, 0.20085598960721296, 0.7947767175504543], [0.059004748226365186, 0.019255300228163956, 0.9203235054535238, 0.0014164460919471225], [4.540107223650752e-06, 1.8568765594503098e-06, 0.9999934652202178, 1.3779599907008234e-07], [0.988738480193691, 2.8945982492229996e-05, 0.011232172127545903, 4.0169627064470147e-07]]}}