{"test": {"ids": ["107118820", "102112301", "97112170", "108115250", "100113370", "105113190", "102111990", "104116800", "106118301", "112121430", "103113260", "110113591", "107116340", "97109080", "110117870", "105113210", "97106000", "112118530", "100109980", "105112260", "100108580", "110115120", "106117790", "111114171", "99107560", "108115970", "108114670", "103109791", "105121370", "108121160", "103111830", "109113591", "103111170", "110119300", "113122180", "109116750", "108113740", "98111620", "101112201", "107114110", "106117770", "102113350", "106116640", "112121360", "109120621", "109117431", "108117610", "111120190", "99108710", "103117461", "113121750", "113122220", "107120130", "112118550", "110118630", "107120010", "108114270", "98112300", "106117650", "110118701", "100108260", "110121170", "104114240", "97116790", "103113640", "98110710", "105112130", "113119360", "104119340", "109121351", "98107210", "113118690", "105116501", "100116790", "101109000", "101108121", "110118181", "97106600", "98107340", "112117471", "112116290", "113121410", "112118581", "111119250", "98121790", "103120290", "112118860", "109114030", "111116411", "105115720", "113118421", "113118511", "109115220", "110113931", "100111390", "112116540", "109113931", "113120070", "107121700", "111115400", "98116090", "103117200", "110117140", "104111531", "112120630", "112118880", "112119580", "98111670", "99105921", "106114011", "100117420", "112118890", "103110050", "111121351", "105115680", "102118380", "98111860", "98107010", "98110810", "102116500", "97109570", "111116170", "108119550", "111116530", "113122510", "104111880", "97113260", "108115570", "97106820", "112118930", "110117110", "99108310", "111115910", "109114720", "103118110", "100111080", "113122170", "105120621", "107115140", "112117030", "110117500", "100111620"], "labels": [3, 1, 0, 1, 3, 3, 2, 1, 1, 2, 3, 0, 3, 2, 3, 3, 0, 1, 1, 3, 0, 0, 1, 3, 1, 2, 3, 3, 2, 2, 3, 3, 2, 1, 2, 0, 3, 3, 0, 1, 0, 3, 3, 3, 1, 1, 3, 3, 2, 0, 0, 1, 2, 3, 1, 1, 3, 2, 1, 3, 3, 2, 0, 2, 1, 2, 1, 0, 1, 0, 1, 3, 1, 2, 1, 0, 1, 3, 0, 3, 0, 0, 1, 1, 2, 2, 3, 1, 0, 1, 3, 1, 3, 1, 2, 1, 1, 2, 3, 0, 0, 0, 3, 0, 3, 1, 3, 1, 1, 1, 2, 3, 3, 0, 2, 1, 0, 3, 1, 1, 0, 0, 1, 3, 2, 3, 1, 3, 1, 1, 0, 2, 2, 0, 2, 0, 1, 1, 0, 2, 1, 3], "predicted_labels": [1, 3, 0, 0, 3, 3, 1, 1, 0, 1, 1, 3, 1, 3, 1, 3, 3, 0, 3, 1, 3, 1, 3, 3, 3, 3, 3, 3, 1, 1, 3, 1, 3, 1, 1, 3, 3, 1, 0, 3, 3, 1, 1, 0, 0, 0, 1, 0, 1, 0, 1, 1, 3, 3, 1, 3, 3, 0, 1, 0, 3, 1, 3, 0, 3, 2, 1, 3, 1, 0, 1, 1, 3, 1, 3, 0, 1, 3, 1, 0, 1, 1, 0, 3, 1, 1, 1, 3, 0, 1, 0, 0, 3, 3, 3, 3, 0, 1, 1, 3, 1, 1, 0, 3, 3, 0, 0, 0, 1, 3, 3, 3, 3, 0, 1, 3, 1, 0, 1, 1, 0, 3, 3, 1, 0, 1, 3, 3, 1, 3, 0, 1, 0, 3, 1, 1, 1, 3, 3, 3, 3, 3], "confidence_scores": [[0.24297970779220784, 0.2675358681351329, 0.22916074081147614, 0.2603236832611834], [0.26062620712620704, 0.2682718253968254, 0.16734794372294368, 0.3037540237540239], [0.30130526418026415, 0.27548520923520936, 0.13353264790764788, 0.2896768786768788], [0.2894006340881341, 0.23688690476190477, 0.18854094516594525, 0.285171515984016], [0.19757052669552677, 0.23718968531468534, 0.27878006715506715, 0.28645972083472093], [0.27524902874902873, 0.26871955128205127, 0.13373264929514928, 0.32229877067377083], [0.23829739704739705, 0.3101684010434011, 0.16908165445665446, 0.2824525474525475], [0.21898480359509775, 0.28748268398268406, 0.21052831890331902, 0.28300419351889944], [0.3172833694083694, 0.2591729797979798, 0.1219357864357864, 0.30160786435786435], [0.1941433011433012, 0.3455508103008102, 0.24494749694749707, 0.21535839160839157], [0.2202234943419154, 0.27091152341810243, 0.24029484404484408, 0.26857013819513836], [0.2504788961038961, 0.25430717893217897, 0.14821392496392494, 0.3470000000000001], [0.24987889887889886, 0.29053722666222676, 0.21565674603174603, 0.2439271284271285], [0.20154928660520774, 0.2554919846235636, 0.23978166278166288, 0.30317706598956595], [0.21192821067821066, 0.28833026695526714, 0.22904383116883126, 0.27069769119769116], [0.24746006771006773, 0.26212487512487515, 0.15028549228549226, 0.3401295648795648], [0.24471834159992056, 0.26447654663018444, 0.21980919592103795, 0.27099591584885707], [0.30033900127650137, 0.27544237012987016, 0.18305199661449667, 0.24116663197913207], [0.1821145243645244, 0.2771290237540238, 0.23926762126762122, 0.3014888306138307], [0.2022980561105561, 0.3651250416250417, 0.1868985875235875, 0.24567831474081475], [0.25232299644799655, 0.2105575535575535, 0.25546300921300924, 0.2816564407814409], [0.21020571789321796, 0.3075418678543679, 0.1949254148629148, 0.2873269993894994], [0.18577844051373466, 0.2596915931290932, 0.26080555555555557, 0.29372441080161665], [0.29647204184704196, 0.22282038794538792, 0.1357628066378066, 0.3449447635697636], [0.2214354118104118, 0.2818349934379346, 0.18877839317545209, 0.30795120157620165], [0.22251604645354647, 0.2403217060717061, 0.24957545232545228, 0.2875867951492951], [0.2863987401487401, 0.2276144133644134, 0.1821371683871683, 0.3038496780996781], [0.2651397907647908, 0.27481060606060614, 0.17282521645021645, 0.2872243867243866], [0.16640272227772218, 0.3115804473304475, 0.23437193362193373, 0.2876448967698968], [0.23926560939060945, 0.321725246975247, 0.1704852786102787, 0.26852386502386505], [0.2644676018426019, 0.22819859307359316, 0.2065045648795649, 0.3008292402042403], [0.2611715367965369, 0.2858696254725668, 0.1766106026326615, 0.2763482350982351], [0.29021564546564543, 0.2784454018204019, 0.12912572150072152, 0.30221323121323124], [0.2418220945720947, 0.3095081862581864, 0.19108891108891105, 0.2575808080808081], [0.19574669774669778, 0.3052889749139749, 0.19892844655344658, 0.30003588078588095], [0.24140098790098796, 0.28654927017427023, 0.18207713120213126, 0.28997261072261066], [0.22869814213564207, 0.2552093045843047, 0.22140644078144078, 0.2946861124986126], [0.1727273698523699, 0.30727723665223666, 0.2556923076923077, 0.26430308580308576], [0.3075456626706627, 0.28411201298701294, 0.14181149406149404, 0.26653083028083024], [0.21413039738039732, 0.264997668997669, 0.18967303529803536, 0.3311988983238983], [0.24490728715728707, 0.23521843434343442, 0.25224650349650346, 0.26762777500277496], [0.20818009768009765, 0.29779182622932626, 0.25619069125319127, 0.2378373848373849], [0.2734963924963924, 0.2748107309357311, 0.1869398101898102, 0.2647530663780664], [0.2887559523809525, 0.27019715007215006, 0.19631673881673883, 0.2447301587301587], [0.3668872655122656, 0.22101865781277552, 0.12517331687919922, 0.2869207597957597], [0.30644438894438886, 0.30139599289599306, 0.17817633755133755, 0.21398328060828076], [0.20603572326366446, 0.31290774503274504, 0.20576811179017063, 0.27528841991342], [0.2784685175935176, 0.2574558635808636, 0.20913744588744587, 0.25493817293817306], [0.2069301254301254, 0.27366663015347226, 0.2559437941444521, 0.26345945027195034], [0.35061585636585635, 0.22829749417249423, 0.14599797424797425, 0.27508867521367536], [0.25729527417027426, 0.33694090631590656, 0.14742312548562547, 0.25834069402819404], [0.2775995670995671, 0.2807914516039517, 0.1674140581640582, 0.2741949231324233], [0.2152614191364191, 0.28248068598068593, 0.16022939560439556, 0.34202849927849954], [0.2764207806082806, 0.28656419275169287, 0.14285794760794757, 0.29415707903207905], [0.22801992013834105, 0.3153826312576313, 0.19233247746405646, 0.2642649711399711], [0.23741182428682425, 0.2512878510378511, 0.23565079365079375, 0.27564953102453105], [0.23560384060384065, 0.26709487734487736, 0.17413290182040192, 0.32316838023088024], [0.320616452991453, 0.24091718902013032, 0.14894480519480516, 0.2895215527936117], [0.21620241563991566, 0.30123234221918443, 0.19927411659977437, 0.28329112554112557], [0.32608616383616396, 0.24552990759240756, 0.1338316058941059, 0.29455232267732273], [0.2792095404595405, 0.2545348124098124, 0.18416731879231885, 0.28208832833832836], [0.2611819083694085, 0.3106822483072483, 0.14471735209235212, 0.28341849123099133], [0.23170183982683987, 0.24460070485070493, 0.256652090964591, 0.2670453643578643], [0.27095997058497073, 0.26022607947607956, 0.2649935481185482, 0.2038204018204018], [0.28870400432900445, 0.21535124597624605, 0.16813324175824174, 0.3278115079365081], [0.209729242979243, 0.24353358651152765, 0.3153050887021476, 0.23143208180708183], [0.2800526695526696, 0.29746524309024314, 0.1651357461982462, 0.2573463411588413], [0.23671879509379512, 0.27988480963480966, 0.2024749833499834, 0.28092141192141207], [0.18970215895215894, 0.34035433134117354, 0.20078756842572634, 0.26915594128094134], [0.3280040690518632, 0.2831620670995671, 0.1584707792207792, 0.2303630846277905], [0.24528499278499294, 0.2740908535908536, 0.236429528804529, 0.24419462481962484], [0.2572211399711401, 0.27868735431235436, 0.1906016622266622, 0.2734898434898436], [0.2630487776112776, 0.2767636391386391, 0.16108387445887445, 0.2991037087912089], [0.21107810245310243, 0.323015697022276, 0.19673404811562706, 0.26917215240899456], [0.2608648296148297, 0.233226370851371, 0.17958820346320348, 0.32632059607059605], [0.3405153457653458, 0.19529718892218895, 0.15453914141414138, 0.309648323898324], [0.3003485195360196, 0.30607591142517604, 0.14790127111450638, 0.24567429792429793], [0.2911756854256855, 0.2646304181929182, 0.15123523004773, 0.29295866633366646], [0.22355291930291935, 0.29492572705072706, 0.24519065656565658, 0.23633069708069715], [0.2766842740592741, 0.26838800088800097, 0.17861668886668888, 0.27631103618603636], [0.2682244560994562, 0.2733068181818181, 0.2033856074481074, 0.2550831182706183], [0.24682409175791534, 0.3004410997499232, 0.162353079110432, 0.2903817293817294], [0.28673894161394164, 0.28439045676545677, 0.17297790404040403, 0.25589269758019756], [0.23392009379509368, 0.26424133249791143, 0.2256518664084453, 0.2761867072985495], [0.28026529720279725, 0.3016565101565103, 0.18396645021645014, 0.23411174242424249], [0.18096338383838384, 0.34300712481962475, 0.22339276695526697, 0.25263672438672435], [0.2845910894660894, 0.2849142899584076, 0.20569153477241717, 0.2248030858030858], [0.24558946608946616, 0.23394146825396828, 0.2330572691197691, 0.2874117965367966], [0.3372664696414698, 0.22772018259518256, 0.13220580808080806, 0.3028075396825397], [0.2184231601731603, 0.30187698412698416, 0.24535966810966806, 0.23434018759018763], [0.3316454032079033, 0.27384032634032635, 0.13536681374181375, 0.25914745670995676], [0.3403448218448218, 0.2371182012432012, 0.17457377344877334, 0.2479632034632035], [0.24027872046254398, 0.23558620464502814, 0.2025523034971565, 0.3215827713952714], [0.2609651292335117, 0.28879242285492285, 0.1552015851795263, 0.29504086273203933], [0.23826585138717493, 0.25851061560988037, 0.17799716215157388, 0.32522637085137096], [0.2691520285270285, 0.2581596557037735, 0.15923135606223843, 0.3134569597069597], [0.2760030316905317, 0.21860087828837826, 0.23082533438783448, 0.2745707556332557], [0.21549621212121217, 0.3228373015873017, 0.19304959827753948, 0.2686168880139468], [0.19609253246753255, 0.32761471861471864, 0.21366672216672217, 0.26262602675102686], [0.23933166139416137, 0.25507610445110457, 0.22704235347985352, 0.27854988067488073], [0.25138959651459664, 0.2847620655488304, 0.23305869702193227, 0.2307896409146409], [0.2661786269286269, 0.31777808302808297, 0.16784758297258295, 0.24819570707070698], [0.30415448440448445, 0.2460760124378546, 0.20462419013734803, 0.24514531302031312], [0.2678511904761905, 0.3114001782531195, 0.10932348697054578, 0.3114251443001443], [0.31251533189033187, 0.21250468975468975, 0.14052543290043287, 0.33445454545454567], [0.2927364718614719, 0.28360515873015874, 0.15604184704184704, 0.26761652236652234], [0.31342369180527085, 0.2807137767203557, 0.18113614674798886, 0.22472638472638476], [0.3059483155733155, 0.2348812992562993, 0.20614790764790766, 0.25302247752247764], [0.23402889471639476, 0.2850987158266569, 0.2001514645485234, 0.2807209249084251], [0.26067947330447333, 0.24620106282606286, 0.16569931457431455, 0.3274201492951493], [0.21620580808080803, 0.2850299422799422, 0.20982575757575758, 0.28893849206349215], [0.2709314158064158, 0.24540739326033453, 0.1983893100363688, 0.28527188089688094], [0.2080294913419914, 0.2586415945165946, 0.2570768328893329, 0.27625208125208134], [0.34225475912975933, 0.22949027361527363, 0.1701444666444666, 0.2581105006105007], [0.19864372637166763, 0.2890344377844378, 0.25723311900517787, 0.25508871683871687], [0.211954443947865, 0.26839430014430027, 0.22550864851522753, 0.29414260739260745], [0.2293786213786215, 0.27545021645021645, 0.2428909978909979, 0.2522801642801642], [0.31200659756909765, 0.26730236430236437, 0.17844630369630365, 0.2422447344322345], [0.21358043345543357, 0.3123696442446444, 0.2699689754689755, 0.20408094683094688], [0.19801123876123877, 0.291852725705667, 0.24646189023394904, 0.26367414529914535], [0.3133390220890222, 0.2572587690087691, 0.12837494449994447, 0.3010272644022645], [0.22787824675324675, 0.31123818542568543, 0.14888986013986014, 0.31199370768120765], [0.21459705572205576, 0.2580623404373405, 0.25886019536019533, 0.2684804084804085], [0.2135715256965257, 0.27550914363414364, 0.25815936840936843, 0.2527599622599623], [0.2768526681651682, 0.2768332084582085, 0.18704707792207792, 0.25926704545454543], [0.233041742979243, 0.2983228993228994, 0.21841407203907212, 0.25022128565878554], [0.22276805139305134, 0.20839145576645582, 0.25542855755355764, 0.3134119352869354], [0.244119463869464, 0.2765999738565529, 0.17596485897143788, 0.3033157033025455], [0.2362718253968255, 0.3041132756132757, 0.19283802308802303, 0.26677687590187604], [0.2779473941091588, 0.2277916242254478, 0.20893396146337329, 0.28532702020202033], [0.2839419677544677, 0.26774094655344655, 0.20255488955488957, 0.24576219613719613], [0.28415349927849953, 0.32772030747030745, 0.18355945443445446, 0.20456673881673887], [0.3005553751803752, 0.2780918664668666, 0.1854072871572871, 0.2359454711954713], [0.2019086052836052, 0.27127364302364315, 0.22428155178155176, 0.30253619991120007], [0.20315225052725056, 0.302451173826174, 0.24165259740259748, 0.2527439782439782], [0.23918152680652688, 0.28771067821067825, 0.18904863192363186, 0.28405916305916307], [0.2310841103341103, 0.30502072233322236, 0.2299210511710512, 0.23397411616161623], [0.28508598346098357, 0.2710922272172273, 0.12214971139971142, 0.3216720779220779], [0.24407201825951824, 0.23298081983376112, 0.2202298375643964, 0.30271732434232435], [0.24586482267732276, 0.227227682040182, 0.22610035797535796, 0.3008071373071373], [0.24756104108309998, 0.28498268398268395, 0.17440945165945163, 0.2930468232747645], [0.22280525030525028, 0.23312789987789995, 0.2515096847596847, 0.29255716505716517]]}, "rewritten": {"ids": ["97106000", "97106600", "97106820", "97109080", "97109570", "97112170", "97113260", "97116790", "98107010", "98107210", "98107340", "98110710", "98110810", "98111620", "98111670", "98111860", "98112300", "98116090", "98121790", "99105921", "99107560", "99108310", "99108710", "100108260", "100108580", "100109980", "100111080", "100111390", "100111620", "100113370", "100116790", "100117420", "101108121", "101109000", "101112201", "102111990", "102112301", "102113350", "102116500", "102118380", "103109791", "103110050", "103111170", "103111830", "103113260", "103113640", "103117200", "103117461", "103118110", "103120290", "104111531", "104111880", "104114240", "104116800", "104119340", "105112130", "105112260", "105113190", "105113210", "105115680", "105115720", "105116501", "105120621", "105121370", "106114011", "106116640", "106117650", "106117770", "106117790", "106118301", "107114110", "107115140", "107116340", "107118820", "107120010", "107120130", "107121700", "108113740", "108114270", "108114670", "108115250", "108115570", "108115970", "108117610", "108119550", "108121160", "109113591", "109113931", "109114030", "109114720", "109115220", "109116750", "109117431", "109120621", "109121351", "110113591", "110113931", "110115120", "110117110", "110117140", "110117500", "110117870", "110118181", "110118630", "110118701", "110119300", "110121170", "111114171", "111115400", "111115910", "111116170", "111116411", "111116530", "111119250", "111120190", "111121351", "112116290", "112116540", "112117030", "112117471", "112118530", "112118550", "112118581", "112118860", "112118880", "112118890", "112118930", "112119580", "112120630", "112121360", "112121430", "113118421", "113118511", "113118690", "113119360", "113120070", "113121410", "113121750", "113122170", "113122180", "113122220", "113122510"], "labels": [0, 3, 1, 2, 0, 0, 1, 2, 3, 1, 0, 2, 1, 3, 1, 0, 2, 0, 2, 1, 1, 2, 2, 3, 0, 1, 0, 2, 3, 3, 2, 2, 0, 1, 0, 2, 1, 3, 1, 1, 3, 3, 2, 3, 3, 1, 0, 0, 2, 2, 0, 3, 0, 1, 1, 1, 3, 3, 3, 2, 1, 1, 1, 2, 1, 3, 1, 0, 1, 1, 1, 0, 3, 3, 1, 2, 3, 3, 3, 3, 1, 3, 2, 3, 1, 2, 3, 1, 1, 0, 3, 0, 1, 1, 0, 0, 1, 0, 0, 3, 1, 3, 1, 1, 3, 1, 2, 3, 0, 2, 0, 0, 3, 1, 3, 0, 0, 1, 2, 3, 1, 3, 1, 3, 1, 3, 1, 3, 3, 3, 2, 3, 1, 3, 0, 2, 0, 0, 1, 2, 1, 2], "predicted_labels": [3, 3, 1, 1, 3, 3, 3, 1, 0, 1, 3, 1, 1, 1, 0, 0, 0, 1, 0, 1, 3, 1, 1, 1, 3, 3, 3, 3, 3, 3, 3, 1, 3, 3, 3, 3, 3, 3, 0, 3, 0, 3, 3, 0, 1, 0, 1, 3, 3, 1, 3, 0, 1, 1, 3, 1, 1, 3, 3, 1, 3, 0, 0, 1, 1, 1, 1, 3, 1, 0, 3, 0, 1, 3, 3, 0, 1, 3, 1, 1, 0, 3, 1, 3, 1, 1, 3, 0, 3, 1, 3, 1, 0, 0, 0, 1, 0, 3, 0, 3, 3, 1, 0, 1, 1, 1, 0, 3, 1, 1, 1, 0, 0, 0, 3, 0, 1, 3, 1, 0, 3, 0, 1, 1, 1, 1, 3, 0, 0, 1, 1, 3, 0, 3, 3, 1, 3, 3, 3, 3, 1, 1], "confidence_scores": [[0.22828079355285233, 0.273948051948052, 0.18783212620712614, 0.3099390282919695], [0.2724846681096682, 0.29884237984237993, 0.11668452380952381, 0.3119884282384284], [0.2399725829725831, 0.3014550172050172, 0.18815852203352207, 0.2704138777888778], [0.1690528221778221, 0.31710357697857705, 0.22725342712842708, 0.28659017371517365], [0.26598665223665224, 0.268204267954268, 0.1800487984237983, 0.28576028138528153], [0.24211392773892773, 0.26638371350871365, 0.17968968531468538, 0.3118126734376735], [0.2760290820290821, 0.24557318376068385, 0.17942651098901102, 0.29897122322122344], [0.24026327838827846, 0.2937413142413143, 0.20138220113220118, 0.2646132062382063], [0.3203710317460318, 0.2645585664335664, 0.20182341269841267, 0.2132469891219891], [0.20452144097732333, 0.32994630369630384, 0.1668354235633648, 0.29869683176300826], [0.21932388444888445, 0.240409090909091, 0.232333152958153, 0.30793387168387165], [0.18928385217723454, 0.2907957251082251, 0.2708151313555725, 0.24910529135896792], [0.20431046731046734, 0.2709031246531247, 0.2655636724386725, 0.2592227355977356], [0.18792341482047367, 0.31087309014514897, 0.2529828643578643, 0.24822063067651318], [0.3256895604395605, 0.2239143911643911, 0.2426254162504163, 0.20777063214563213], [0.26624621212121213, 0.23289851814851822, 0.25221459096459103, 0.24864067876567872], [0.2985316032007208, 0.28053637742975984, 0.15029033466533462, 0.2706416847041847], [0.21905881618381629, 0.29538340825840836, 0.2453286297036297, 0.24022914585414598], [0.3272514846264847, 0.20880505605505612, 0.1966010656010656, 0.26734239371739377], [0.2794072594072594, 0.3297107892107891, 0.15163400488400489, 0.2392479464979466], [0.25718706987456985, 0.22576350732600742, 0.22410253635253638, 0.2929468864468864], [0.18938257575757575, 0.2889826701076701, 0.25092453379953383, 0.2707102203352203], [0.20265284388813803, 0.33910603285603286, 0.2017329545454546, 0.2565081687103745], [0.2454882756132757, 0.32031866744366744, 0.18803252303252305, 0.246160533910534], [0.20985776723276717, 0.22598376623376626, 0.24077886002886, 0.32337960650460645], [0.23352818015318022, 0.2799563353313354, 0.19240331890331885, 0.29411216561216574], [0.26982504995005013, 0.2769336358086358, 0.1716321456321456, 0.2816091686091686], [0.2424736027861028, 0.25860308441558455, 0.17120658508158507, 0.32771672771672766], [0.28600328837828853, 0.22834018759018765, 0.17497374847374847, 0.3106827755577757], [0.24593656343656356, 0.24215523365523364, 0.21832593795093796, 0.29358226495726486], [0.2500308441558442, 0.24038845876345877, 0.22645541958041965, 0.2831252775002775], [0.20048833111333103, 0.3018345682095682, 0.22752380952380957, 0.2701532911532912], [0.3008293928293927, 0.2409357170607171, 0.1469975857475857, 0.3112373043623045], [0.2812309218559219, 0.25470027195027195, 0.1496395965145965, 0.31442920967920984], [0.30622458097458094, 0.23407990620490626, 0.11554610667110664, 0.3441494061494062], [0.23958999333999326, 0.28242125929625933, 0.14247168109668107, 0.33551706626706623], [0.2842625707625707, 0.2586882561882561, 0.148252997002997, 0.3087961760461761], [0.20968055555555562, 0.2859683045712457, 0.2173108607079195, 0.2870402791652792], [0.292238566988567, 0.2442838966588967, 0.21569132256632254, 0.2477862137862139], [0.24714790764790773, 0.2626766566766568, 0.17754009879009877, 0.31263533688533696], [0.3068656898656899, 0.25823712398712406, 0.15237656787656792, 0.28252061827061825], [0.21958825896325895, 0.2845195915195916, 0.20516541791541798, 0.2907267316017317], [0.24465245865245863, 0.2788041403041404, 0.18753089965589964, 0.28901250138750145], [0.32104419191919203, 0.22139130314130312, 0.18513389388389395, 0.2724306110556111], [0.2002414799253035, 0.2848957007045244, 0.25480022918258205, 0.26006259018759026], [0.36008190094219505, 0.2519506882006883, 0.1352157287157287, 0.252751682141388], [0.22038721001221004, 0.3152223376039166, 0.18754934393092287, 0.27684110845295057], [0.2944503968253969, 0.2617502705627706, 0.14060155122655119, 0.3031977813852815], [0.2349465395715395, 0.22292965367965376, 0.19607323232323245, 0.3460505744255743], [0.2600466894216894, 0.2851559065934066, 0.21698602092352096, 0.2378113830613831], [0.2948896520146521, 0.2315475357975359, 0.1320396825396825, 0.3415231296481297], [0.3371732017982019, 0.20440367965367964, 0.1647471556221556, 0.293675962925963], [0.19963347763347766, 0.33369417388167383, 0.21025423881673888, 0.25641810966810974], [0.2576402902652903, 0.2968352115720537, 0.15653605604921392, 0.2889884421134421], [0.23335726773226775, 0.27054983904983915, 0.1997756132756133, 0.2963172799422801], [0.22938475413475426, 0.3175032467532468, 0.18336686924186918, 0.26974512987012994], [0.17830948912198907, 0.4033925102675102, 0.21066076978576995, 0.20763723082473096], [0.260115675990676, 0.28688243006993014, 0.11782693001443001, 0.33517496392496404], [0.22186667499167498, 0.27365863997114, 0.20247804972804978, 0.30199663530913534], [0.17874567099567099, 0.292325487012987, 0.26036120129870133, 0.2685676406926407], [0.2180019473990063, 0.28493333055833053, 0.20573871961371967, 0.2913260024289437], [0.38991095709845686, 0.249252886002886, 0.12335975829725827, 0.23747639860139869], [0.3515791577703344, 0.18471408656702773, 0.1173553391053391, 0.34635141655729895], [0.20305230880230885, 0.363337481962482, 0.18849404761904764, 0.2451161616161616], [0.2394774531024532, 0.3043044733044733, 0.18019150294150296, 0.2760265706515707], [0.19263633996722235, 0.31009595959595965, 0.18901489686783812, 0.30825280356898005], [0.21293198468198477, 0.30895874958374964, 0.21844387556887557, 0.2596653901653903], [0.20311525974025968, 0.23230695693195685, 0.23250552225552237, 0.3320722610722613], [0.22530794205794216, 0.30286471861471864, 0.19902566877566877, 0.27280167055167065], [0.29210395160395164, 0.2857674963924964, 0.1324373543123543, 0.2896911976911978], [0.2516402453755395, 0.26786255411255416, 0.17642014929514926, 0.3040770512167572], [0.31575367687867695, 0.1910844363969364, 0.18557418969918968, 0.3075876970251971], [0.2548387445887446, 0.29648535492285505, 0.16501399295149294, 0.2836619075369075], [0.20956086968586976, 0.24649729437229437, 0.22478371628371627, 0.3191581196581198], [0.21986814574314584, 0.2493394660894662, 0.25549152236652245, 0.27530086580086577], [0.2844620657120658, 0.28309511322011316, 0.15582131757131754, 0.2766215034965035], [0.20759296259296264, 0.3149294039294039, 0.19292285492285494, 0.2845547785547788], [0.2225556804306804, 0.26408634421134425, 0.16748280885780878, 0.34587516650016653], [0.21885572760572763, 0.3281445082695082, 0.15270532245532242, 0.30029444166944175], [0.2313010323010322, 0.2873842081121493, 0.21690702842908724, 0.26440773115773114], [0.2765811688311689, 0.23445285708443594, 0.22648285486443379, 0.26248311921996154], [0.25473856698856706, 0.2758263125763126, 0.18373942723942718, 0.2856956931956932], [0.2038828671328671, 0.28777110389610394, 0.26182546620046615, 0.24652056277056275], [0.26768248418248425, 0.24660660173160173, 0.1734554195804196, 0.3122554945054945], [0.25870429570429576, 0.2696105006105006, 0.2252711038961039, 0.24641409978909995], [0.29367574092574106, 0.2986292180042181, 0.11122154234654236, 0.29647349872349876], [0.2655510461760462, 0.27696049783549787, 0.13516738816738813, 0.32232106782106795], [0.2863131313131314, 0.27539715145965155, 0.1674149184149184, 0.2708747988122988], [0.2525904234654235, 0.2054535325785326, 0.21314681152181147, 0.3288092324342325], [0.2575448856698857, 0.334648545898546, 0.15901921689421686, 0.24878735153735168], [0.25667772505272507, 0.23975955988455985, 0.14813005050505043, 0.3554326645576646], [0.2637762887697098, 0.29032217782217784, 0.1885282400348189, 0.2573732933732933], [0.3138371212121212, 0.2937097668413458, 0.13406056005398106, 0.25839255189255195], [0.3202507084418851, 0.23792869140663278, 0.14298304473304474, 0.2988375554184378], [0.3182791514041515, 0.28917916805416816, 0.118661186036186, 0.2738804945054945], [0.2678402708402709, 0.29058351370851376, 0.16417911255411255, 0.2773971028971029], [0.3209442640692641, 0.25119590643274864, 0.167500078138236, 0.2603597513597514], [0.2358252164502165, 0.24733483621641522, 0.2354274154208365, 0.28141253191253207], [0.3014739357864358, 0.2653965548340548, 0.197031093906094, 0.23609841547341548], [0.267991452991453, 0.2642265928515928, 0.15777389277389278, 0.3100080613830615], [0.2724411005661006, 0.2515903124653126, 0.18941076978576984, 0.28655781718281725], [0.23390608003108007, 0.31312567987567996, 0.19626870351870374, 0.2566995365745367], [0.32562681762681783, 0.22796572871572876, 0.1776341991341991, 0.2687732545232545], [0.2675483127983128, 0.2749796019039441, 0.18262729814045606, 0.2748447871572872], [0.28437672131789793, 0.31532270017564146, 0.17171598540348543, 0.22858459310297544], [0.2726363636363638, 0.2820853174603174, 0.1675665584415585, 0.27771176046176044], [0.293529082029082, 0.26727077783327785, 0.16695626595626592, 0.27224387418137413], [0.2678353358243064, 0.2636247849372849, 0.13760828999431937, 0.33093158924408916], [0.22931150793650792, 0.2909998196248197, 0.19507485569985572, 0.2846138167388167], [0.221101911976912, 0.32622943722943737, 0.17157887945387945, 0.2810897713397712], [0.27564321789321794, 0.323570165945166, 0.17122077922077927, 0.22956583694083693], [0.35566018703518715, 0.20866233766233766, 0.14606313131313128, 0.28961434398934405], [0.29471105977355977, 0.22035263347763345, 0.2065769993894994, 0.2783593073593073], [0.2799450410700411, 0.25034572372072383, 0.2453402985902986, 0.22436893661893667], [0.27303828116328105, 0.2698038073038073, 0.14890459050753166, 0.30825332102537983], [0.3164053585303586, 0.2591288850038851, 0.14328801753801754, 0.281177738927739], [0.2794994588744589, 0.30112139249639247, 0.14401028138528138, 0.2753688672438673], [0.24039893439893437, 0.2949247835497836, 0.1645495337995338, 0.3001267482517484], [0.2767536838161838, 0.2880077422577423, 0.19615068265068258, 0.2390878912753913], [0.3028055971805973, 0.2715007770007769, 0.14490752303252294, 0.28078610278610294], [0.22708850871350866, 0.2496757964257964, 0.19433901515151508, 0.3288966797091797], [0.2744063644688645, 0.2518685224089636, 0.20314930004635878, 0.2705758130758131], [0.2654751082251083, 0.2845152417027418, 0.18407377344877343, 0.2659358766233766], [0.23595421245421247, 0.37154298990483203, 0.1306716981848561, 0.26183109945609945], [0.25013679376179376, 0.33811417748917755, 0.13504870129870128, 0.27670032745032747], [0.23363568376068378, 0.32643258130758135, 0.20133662171162173, 0.2385951132201133], [0.2339551143301144, 0.2423410755910757, 0.21595026705320822, 0.30775354302560176], [0.2763451861605887, 0.25935102754143, 0.19596644308563804, 0.26833734321234326], [0.32403429495341274, 0.22146383191971433, 0.16184518259518257, 0.29265669053169047], [0.2425074508824509, 0.2996133033633034, 0.18553962703962706, 0.27233961871461876], [0.1943441003441003, 0.35471816378066384, 0.19065660034410045, 0.2602811355311356], [0.2502089854589855, 0.27087705350205354, 0.1578085941835942, 0.3211053668553668], [0.3222400932400934, 0.25779502442002455, 0.1285806138306138, 0.29138426850926846], [0.21702285214785216, 0.2811011349761351, 0.19780061605061597, 0.3040753968253968], [0.2743739732489733, 0.21427184620934614, 0.19539019314019318, 0.31596398740148746], [0.24940682928182928, 0.2836964840714841, 0.22244053169053174, 0.24445615495615503], [0.2871381673881674, 0.2792012987012988, 0.12929220779220776, 0.30436832611832604], [0.23014864302364305, 0.29908116883116886, 0.1659757603507603, 0.30479442779442784], [0.22080604556262456, 0.26272281884781884, 0.18578316566474457, 0.330687969924812], [0.25339097014097023, 0.27765584415584416, 0.18296654734154733, 0.2859866383616384], [0.23181304112554102, 0.2842001817626818, 0.2377954545454546, 0.2461913225663225], [0.24952521090021113, 0.2848686868686869, 0.22790510878010875, 0.23770099345099344]]}}