{"test": {"ids": ["98111620", "109118161", "97105960", "112119500", "105116501", "110118740", "107121700", "101115190", "97106591", "110116290", "111119290", "111114941", "106114280", "107114621", "101121640", "102113210", "113119120", "104111830", "112118511", "97110950", "102109850", "107118520", "106114150", "102112170", "103112641", "110117870", "108120621", "109119460", "98120530", "113122180", "102116500", "107113200", "109113281", "106114011", "109120560", "101108080", "107112840", "113121220", "99109780", "113121190", "102111990", "111120260", "101119030", "111117480", "108116501", "101111140", "113117401", "111118810", "112117571", "104110960", "113118690", "109117110", "109113881", "109120621", "109116810", "99107500", "99108520", "99108000", "113118231", "98110230", "102108621", "99109910", "113120591", "108114270", "99109370", "98111670", "109117080", "112117580", "110118161", "103113260", "98116090", "110118880", "108114360", "105112130", "110113931", "113121010", "113122510", "112121410", "113119950", "111119430", "98108150", "104113210", "105115680", "112116610", "107113260", "113118820", "111116530", "107114950", "112116501", "105115720", "103109021", "112118620", "102110850", "102112301", "100109980", "97116500", "111116110", "107114200", "112120540", "109114270", "97116401", "101108580", "112118581", "111114321", "108113740", "110117500", "99117630", "97116790", "104114320", "97109080", "106116441", "110115580", "110114651", "101108950", "98106880", "100109000", "107114110", "99109840", "101108290", "112117660", "113117340", "108115570", "105119550", "99111930", "109117630", "112121030", "109114720", "112116810", "108121351", "100115700", "105117431", "110119891", "101109000", "112119320", "104116800", "111120531", "106121220", "102109910", "100116500", "108121160", "100109910", "105111990"], "labels": [3, 0, 2, 2, 1, 3, 3, 1, 1, 2, 3, 0, 3, 0, 2, 3, 3, 3, 1, 3, 1, 2, 1, 3, 3, 3, 1, 1, 1, 2, 1, 0, 0, 1, 1, 0, 1, 3, 2, 1, 2, 3, 3, 1, 0, 2, 3, 0, 3, 2, 3, 1, 0, 1, 3, 0, 2, 2, 3, 3, 3, 2, 0, 3, 1, 1, 1, 0, 0, 3, 0, 0, 1, 1, 1, 2, 2, 0, 0, 3, 0, 3, 2, 1, 0, 0, 3, 3, 3, 1, 0, 3, 3, 1, 1, 2, 3, 2, 3, 3, 3, 0, 1, 1, 3, 1, 3, 2, 2, 2, 0, 1, 3, 2, 0, 1, 1, 2, 0, 0, 2, 3, 1, 1, 0, 0, 0, 3, 3, 1, 1, 3, 1, 1, 1, 0, 1, 2, 2, 2, 2, 2], "predicted_labels": [2, 2, 2, 3, 1, 0, 3, 1, 0, 3, 1, 2, 3, 0, 1, 3, 1, 0, 3, 0, 3, 0, 0, 1, 3, 3, 3, 3, 3, 1, 1, 3, 1, 3, 1, 1, 1, 0, 1, 3, 1, 1, 3, 1, 3, 0, 3, 3, 3, 1, 3, 1, 0, 1, 2, 1, 3, 1, 1, 1, 0, 0, 1, 0, 3, 1, 1, 0, 1, 1, 1, 0, 3, 1, 1, 3, 1, 1, 0, 3, 1, 0, 1, 3, 3, 0, 1, 3, 0, 3, 3, 3, 1, 1, 3, 1, 2, 1, 1, 0, 1, 0, 1, 1, 1, 3, 3, 0, 1, 1, 1, 2, 1, 3, 1, 0, 0, 0, 3, 0, 3, 1, 0, 3, 1, 0, 1, 3, 0, 3, 3, 1, 3, 0, 1, 1, 1, 3, 0, 3, 3, 2], "confidence_scores": [[0.14120980351569115, 0.3782389370722656, 0.381628749919532, 0.0989225094925112], [0.22789108863746121, 0.309585845529902, 0.32838189742151963, 0.13414116841111723], [0.17236029485862187, 0.21437683863234686, 0.4027392439177236, 0.2105236225913077], [0.19250890610469035, 0.20346248696344518, 0.21382015050465528, 0.3902084564272091], [0.33220090361533344, 0.35201841783893856, 0.14340294914137824, 0.17237772940434984], [0.5210644332058458, 0.18093244090536953, 0.06680648490314246, 0.23119664098564227], [0.09039820627348072, 0.22070270180985557, 0.07175217089989089, 0.6171469210167729], [0.19253027506438075, 0.35590585622734194, 0.142134174849393, 0.3094296938588846], [0.3393523552387543, 0.1662109001754182, 0.17856985964782787, 0.3158668849379994], [0.2728090062363902, 0.27497604560714023, 0.12490043010215884, 0.32731451805431083], [0.21681161584695757, 0.27751087824528037, 0.25693897991109466, 0.24873852599666746], [0.14662081949148265, 0.2840140792428714, 0.2910985346701732, 0.27826656659547283], [0.2273760413303039, 0.31472908028914665, 0.13237197799183031, 0.32552290038871895], [0.46911546689056216, 0.17292413003918378, 0.0901704104369084, 0.26778999263334563], [0.27592181891639994, 0.41056895122841436, 0.07664709339212038, 0.23686213646306534], [0.2137222425727755, 0.1464271842444098, 0.08254401940602914, 0.5573065537767856], [0.1969451132429433, 0.5359302655100345, 0.07177217520359733, 0.19535244604342478], [0.29096599090941705, 0.2448069754210068, 0.18237775858720062, 0.2818492750823758], [0.28568084130961663, 0.2820093691214974, 0.13447325115837583, 0.29783653841051017], [0.48056211456881154, 0.197263849675778, 0.1576584645475619, 0.1645155712078485], [0.22876315124309107, 0.19813925408487854, 0.044857218748186364, 0.528240375923844], [0.5379719409863285, 0.16068935780198923, 0.09944324751241411, 0.20189545369926817], [0.4025017992669251, 0.24939774848938023, 0.17068161514408825, 0.17741883709960635], [0.2684452988977153, 0.35420986509497154, 0.13303129611881542, 0.24431353988849788], [0.24576927842024893, 0.2293498153768812, 0.08476273338090608, 0.4401181728219638], [0.181343800458522, 0.2184710987368462, 0.22706486868368447, 0.3731202321209474], [0.26275391297913797, 0.18884638015922015, 0.19995554626914475, 0.348444160592497], [0.116176262466165, 0.2549562597015983, 0.0943009172622388, 0.5345665605699979], [0.2784122722858289, 0.24725286449190853, 0.13115110782309536, 0.3431837553991673], [0.14768714275472927, 0.5351802758232497, 0.2369784184672422, 0.0801541629547789], [0.07829405426616967, 0.6965528248235834, 0.06682560551365836, 0.1583275153965885], [0.19021682223410077, 0.1696003607673538, 0.1702185340819002, 0.46996428291664516], [0.19409956724308572, 0.4844409236997118, 0.09094629231063163, 0.23051321674657102], [0.14242735249731467, 0.27536643282473056, 0.14692853624560698, 0.43527767843234777], [0.27559698036532126, 0.27739091065337135, 0.2631694354206313, 0.18384267356067624], [0.2582710759072135, 0.33328438608162425, 0.25506733410893717, 0.1533772039022253], [0.08719593371206215, 0.40961469485658225, 0.19143362866782418, 0.31175574276353163], [0.3742684414797229, 0.31367817656706365, 0.07809457820004043, 0.23395880375317324], [0.2507578482798838, 0.36749258361528697, 0.17043062105112447, 0.21131894705370485], [0.1714191867542886, 0.22451875052470074, 0.15657922923308104, 0.4474828334879296], [0.2905700433420612, 0.4763896213742763, 0.08607820513585018, 0.1469621301478123], [0.26397778383814324, 0.32321082842967036, 0.1604394390918604, 0.2523719486403261], [0.27003489779611106, 0.2460544132032062, 0.12219296891880829, 0.36171772008187447], [0.19718197530910078, 0.37658431673595516, 0.10741392009373352, 0.3188197878612106], [0.13860544618829196, 0.3291384569529029, 0.11701121527842363, 0.41524488158038164], [0.3015092614319597, 0.2970374106382811, 0.2923250207973692, 0.10912830713239005], [0.21081142761124894, 0.2221404489166013, 0.27918421762989826, 0.28786390584225147], [0.16445351657106944, 0.12537349598123898, 0.06252238293093967, 0.6476506045167519], [0.3191048242280802, 0.24283991198493635, 0.07822052296026984, 0.35983474082671363], [0.13795858804293362, 0.6707305106784158, 0.07647235304208336, 0.11483854823656711], [0.2773782563028493, 0.15708876316724416, 0.211551236570851, 0.3539817439590557], [0.12575446380037208, 0.4608186386712316, 0.1448072906880684, 0.26861960684032804], [0.5105666208126344, 0.1877661860708184, 0.12274451190335463, 0.17892268121319246], [0.24097141296673488, 0.4766493095976755, 0.06573863823618774, 0.2166406391994018], [0.19962195733474483, 0.20124386017171322, 0.36149961824823934, 0.23763456424530263], [0.20062399242676698, 0.5362041369466081, 0.09740312092810244, 0.16576874969852234], [0.2735698972996146, 0.13852212542110673, 0.184357922968796, 0.4035500543104827], [0.1989515303023811, 0.6222170284369486, 0.05355244258230142, 0.12527899867836909], [0.2770816176661033, 0.28486479267733283, 0.1766316356546779, 0.2614219540018859], [0.275042283611055, 0.4139702651769603, 0.12011623016422486, 0.19087122104775994], [0.4229480780656867, 0.23591064285702482, 0.10303963587792613, 0.23810164319936233], [0.33266837386229353, 0.25422405471784687, 0.22075406384062582, 0.19235350757923367], [0.29752999045138173, 0.3546456857214737, 0.10464771351696059, 0.24317661031018395], [0.3296563701873861, 0.3183266792143928, 0.10079720748224742, 0.25121974311597384], [0.23239880665498705, 0.26299250251679385, 0.21923898449736037, 0.28536970633085873], [0.1197028600902525, 0.5956594811854532, 0.08403269541471015, 0.20060496330958402], [0.24468299007875122, 0.3120864149809782, 0.1563252894776852, 0.28690530546258547], [0.5248048265411438, 0.1572234144025937, 0.08451047598656126, 0.23346128306970118], [0.2345574489889454, 0.47835642174328824, 0.08570636730007815, 0.2013797619676883], [0.16965847429400738, 0.3257862762739054, 0.19080191429768512, 0.3137533351344021], [0.2833801274531902, 0.372114091829246, 0.08829250172359947, 0.2562132789939644], [0.6155184035842578, 0.15781858568362647, 0.07751942087006285, 0.14914358986205273], [0.3198372641804148, 0.20190611080415488, 0.11923881802347101, 0.35901780699195923], [0.29888061991091763, 0.31374174886248685, 0.1294175360046619, 0.2579600952219335], [0.22626108821704208, 0.429270650351109, 0.15439273925112124, 0.1900755221807278], [0.08113742122633603, 0.11482864101369081, 0.07300562196167612, 0.7310283157982972], [0.09309278043835027, 0.585838204508548, 0.04357389050160543, 0.27749512455149633], [0.20572589287630624, 0.4249966140606079, 0.10825834115271694, 0.26101915191036895], [0.34536294808524526, 0.2502084995229383, 0.13167892950099985, 0.27274962289081656], [0.24603709511895952, 0.11538627323340558, 0.05740911917875324, 0.5811675124688817], [0.20712756673573268, 0.4002493630643067, 0.16021001868327506, 0.23241305151668556], [0.3119104737804631, 0.28524896752313733, 0.10264923511307496, 0.30019132358332473], [0.16761998879059745, 0.36308920499007935, 0.23787987889773549, 0.23141092732158797], [0.1756213380218547, 0.31204914723461086, 0.17394808831102693, 0.3383814264325077], [0.23854431447108343, 0.19595561804651992, 0.10131603566600965, 0.46418403181638695], [0.5483044519208736, 0.1462486615498824, 0.0905654060168956, 0.2148814805123484], [0.251817006551225, 0.35795434585391783, 0.13175772788178985, 0.2584709197130673], [0.2917537685935554, 0.19078960253915703, 0.0884019853634455, 0.42905464350384204], [0.4316514721184765, 0.19010863207477904, 0.14151502702662855, 0.23672486878011592], [0.25339960078463664, 0.21989178786137542, 0.15137854746809296, 0.375330063885895], [0.307240744968685, 0.16926932094974026, 0.16219480855620372, 0.3612951255253711], [0.28253237773284534, 0.2763072254125368, 0.1195743975461625, 0.32158599930845544], [0.18955063889158388, 0.36922010041761827, 0.10577587616208374, 0.3354533845287139], [0.08429377110416987, 0.6635015168554802, 0.044205469488363854, 0.20799924255198612], [0.08182607626929002, 0.24121291129117692, 0.050011930892451324, 0.6269490815470817], [0.3142265723692657, 0.3641791289109673, 0.08204996164169875, 0.23954433707806816], [0.17175126881745592, 0.23106350579198529, 0.3607814552557612, 0.23640377013479769], [0.23015157346140575, 0.4268435918082896, 0.1127643804044937, 0.23024045432581086], [0.2386554947892926, 0.5337211261589356, 0.06492245106250927, 0.16270092798926256], [0.3717969750063799, 0.2534329184637929, 0.15709944045766788, 0.21767066607215946], [0.20110964738382442, 0.43190473455671663, 0.11567199002848835, 0.2513136280309707], [0.5057495605339133, 0.17466919610048448, 0.10206333934876372, 0.21751790401683851], [0.06881923359942198, 0.605207867067851, 0.10356374500988001, 0.2224091543228471], [0.173309057994857, 0.4415593546758721, 0.1274955885906677, 0.25763599873860327], [0.2709966415671176, 0.34751166088753616, 0.1363541299190269, 0.24513756762631927], [0.3093161577362845, 0.2356867405943265, 0.06454375159720463, 0.3904533500721843], [0.20242811648527084, 0.28530454840807684, 0.13945228391751158, 0.3728150511891406], [0.31409486819491794, 0.20718489967450987, 0.20144986523247801, 0.2772703668980942], [0.20869189141355976, 0.4528415585744814, 0.11920437230013398, 0.2192621777118248], [0.2014546247480319, 0.4009711032568836, 0.11849009757605106, 0.2790841744190334], [0.30015991484821253, 0.33665689904175794, 0.05912103020645303, 0.30406215590357666], [0.17545690499011699, 0.29751178748127943, 0.3446833050198225, 0.18234800250878114], [0.2739034054567408, 0.35915011022244675, 0.06307349418719492, 0.3038729901336176], [0.1252031000303811, 0.248722122968279, 0.21298407423047833, 0.4130907027708615], [0.1850905870520109, 0.4755782941554994, 0.14788626444071182, 0.191444854351778], [0.35394633322262187, 0.1572766939963567, 0.1906509543910138, 0.29812601839000774], [0.42621689280772856, 0.18843931586243565, 0.09687446903037344, 0.2884693222994622], [0.36983829293784837, 0.17705715896909935, 0.17185271232314636, 0.281251835769906], [0.2557082708745585, 0.24581077772423318, 0.17759787017306622, 0.32088308122814224], [0.37947100714400395, 0.16975804247206241, 0.08702222582589185, 0.3637487245580418], [0.2682049145456566, 0.2770761975759165, 0.14636553778745895, 0.308353350090968], [0.27428424797237366, 0.31560596277511765, 0.203642479734036, 0.20646730951847267], [0.36834843938976247, 0.11451840901599802, 0.19240189777889635, 0.32473125381534323], [0.2621411000830076, 0.20195652258958344, 0.1587977748271343, 0.37710460250027483], [0.06646538758159384, 0.5858537253515013, 0.05313590895696425, 0.2945449781099406], [0.43347625702668485, 0.24285786057225162, 0.04347653056766106, 0.28018935183340243], [0.15583420837818623, 0.49458616733717214, 0.23065149662037743, 0.11892812766426418], [0.19169148683567513, 0.15340333559441216, 0.052623383936389004, 0.6022817936335237], [0.49606484963406783, 0.12955993687487605, 0.049183841255189605, 0.3251913722358665], [0.1001475261389067, 0.16133627509122286, 0.07397616961782241, 0.664540029152048], [0.19163523298295093, 0.2346593071359088, 0.19647256966956023, 0.3772328902115801], [0.09457796861991703, 0.43663877279165725, 0.15434270952550586, 0.31444054906292], [0.20716256950265663, 0.18121207282153315, 0.23035219068646257, 0.3812731669893477], [0.4810172729940918, 0.2624037644238683, 0.08188854942474688, 0.17469041315729306], [0.1557118160407529, 0.30275208225104966, 0.2628698565889853, 0.27866624511921234], [0.19669920437295677, 0.35394347512050633, 0.12847952857780642, 0.3208777919287306], [0.18207682326033858, 0.399286341007355, 0.22474664417046383, 0.19389019156184256], [0.28281001008947093, 0.21248996440133305, 0.16357323251171013, 0.3411267929974858], [0.3690083698628949, 0.22918488612578428, 0.23949222533255876, 0.16231451867876207], [0.25609404830769555, 0.1452916308163393, 0.16103918173864706, 0.43757513913731816], [0.09262844897026376, 0.16192324810187078, 0.05283098094848009, 0.6926173219793854], [0.1818907664803886, 0.08749027563258398, 0.5560422088805551, 0.17457674900647235]]}, "rewritten": {"ids": ["97105960", "97106591", "97109080", "97110950", "97116401", "97116500", "97116790", "98106880", "98108150", "98110230", "98111620", "98111670", "98116090", "98120530", "99107500", "99108000", "99108520", "99109370", "99109780", "99109840", "99109910", "99111930", "99117630", "100109000", "100109910", "100109980", "100115700", "100116500", "101108080", "101108290", "101108580", "101108950", "101109000", "101111140", "101115190", "101119030", "101121640", "102108621", "102109850", "102109910", "102110850", "102111990", "102112170", "102112301", "102113210", "102116500", "103109021", "103112641", "103113260", "104110960", "104111830", "104113210", "104114320", "104116800", "105111990", "105112130", "105115680", "105115720", "105116501", "105117431", "105119550", "106114011", "106114150", "106114280", "106116441", "106121220", "107112840", "107113200", "107113260", "107114110", "107114200", "107114621", "107114950", "107118520", "107121700", "108113740", "108114270", "108114360", "108115570", "108116501", "108120621", "108121160", "108121351", "109113281", "109113881", "109114270", "109114720", "109116810", "109117080", "109117110", "109117630", "109118161", "109119460", "109120560", "109120621", "110113931", "110114651", "110115580", "110116290", "110117500", "110117870", "110118161", "110118740", "110118880", "110119891", "111114321", "111114941", "111116110", "111116530", "111117480", "111118810", "111119290", "111119430", "111120260", "111120531", "112116501", "112116610", "112116810", "112117571", "112117580", "112117660", "112118511", "112118581", "112118620", "112119320", "112119500", "112120540", "112121030", "112121410", "113117340", "113117401", "113118231", "113118690", "113118820", "113119120", "113119950", "113120591", "113121010", "113121190", "113121220", "113122180", "113122510"], "labels": [2, 1, 2, 3, 3, 2, 2, 0, 0, 3, 3, 1, 0, 1, 0, 2, 2, 1, 2, 2, 2, 1, 3, 1, 2, 1, 1, 2, 0, 0, 0, 2, 1, 2, 1, 3, 2, 3, 1, 2, 3, 2, 3, 1, 3, 1, 0, 3, 3, 2, 3, 3, 2, 1, 2, 1, 2, 1, 1, 1, 1, 1, 1, 3, 0, 1, 1, 0, 0, 1, 2, 0, 3, 2, 3, 3, 3, 1, 3, 0, 1, 2, 3, 0, 0, 3, 0, 3, 1, 1, 0, 0, 1, 1, 1, 1, 3, 1, 2, 1, 3, 0, 3, 0, 3, 1, 0, 3, 3, 1, 0, 3, 3, 3, 0, 3, 1, 3, 3, 0, 0, 1, 1, 3, 1, 2, 3, 0, 0, 2, 3, 3, 3, 0, 3, 0, 0, 2, 1, 3, 2, 2], "predicted_labels": [1, 0, 1, 0, 0, 0, 2, 1, 2, 0, 1, 1, 3, 0, 0, 0, 3, 0, 0, 1, 3, 0, 3, 2, 0, 0, 3, 0, 3, 0, 0, 3, 0, 0, 1, 0, 0, 0, 0, 0, 1, 0, 0, 0, 0, 0, 0, 1, 0, 2, 1, 0, 0, 1, 0, 0, 1, 0, 0, 3, 0, 1, 0, 0, 0, 0, 0, 1, 0, 0, 1, 0, 0, 0, 3, 3, 0, 0, 3, 0, 0, 3, 0, 3, 0, 0, 0, 0, 0, 1, 1, 2, 1, 0, 0, 1, 3, 1, 0, 1, 3, 1, 0, 0, 1, 0, 0, 1, 0, 1, 0, 1, 0, 0, 0, 0, 0, 1, 0, 0, 0, 0, 3, 0, 1, 2, 0, 0, 0, 0, 0, 3, 0, 0, 0, 0, 1, 3, 0, 0, 3, 0], "confidence_scores": [[0.316089213195027, 0.4344824499926427, 0.13050277629057028, 0.11892556052176008], [0.35394663889836797, 0.2674457558954091, 0.21182887057099778, 0.1667787346352252], [0.22453372998173807, 0.32134814172006343, 0.23038022429966445, 0.22373790399853416], [0.6440786826887036, 0.1587340190417312, 0.06583024373719477, 0.13135705453237032], [0.5039856545395563, 0.2755578523544727, 0.08625246384003499, 0.13420402926593591], [0.4681365073067998, 0.1802668455338535, 0.08306178762050775, 0.26853485953883893], [0.2665683012187852, 0.18869147767720668, 0.31649209722352567, 0.2282481238804825], [0.2708809348615633, 0.3069244394654154, 0.19784900004368813, 0.22434562562933302], [0.16559146667809926, 0.191804460218077, 0.5162359042191748, 0.12636816888464894], [0.5114020777547348, 0.16970651544739843, 0.12027569929245698, 0.19861570750540972], [0.1640304389195796, 0.41524725668954093, 0.14322051305780747, 0.27750179133307196], [0.17173295395886806, 0.4030819360176411, 0.3119042803117769, 0.11328082971171402], [0.21539434032055163, 0.22891713051616375, 0.12263809989538202, 0.43305042926790244], [0.37826344903756703, 0.2665363010206475, 0.09417480685748755, 0.2610254430842978], [0.41581053987795885, 0.29955476194587144, 0.09254009345578594, 0.19209460472038367], [0.589429735802584, 0.21466721206172276, 0.0476476375487363, 0.14825541458695687], [0.37074398197806435, 0.1338235043366185, 0.12178781094078328, 0.3736447027445338], [0.49239534557770204, 0.1846703981276238, 0.15654341544023448, 0.16639084085443978], [0.4460926595878505, 0.2914203116405167, 0.12765912258670845, 0.13482790618492427], [0.3538065387733428, 0.3581893093259957, 0.07674429954928084, 0.21125985235138084], [0.34896869786280754, 0.17976696634351283, 0.07274799235462118, 0.39851634343905856], [0.603472096987383, 0.1681675137074627, 0.09323689627941031, 0.13512349302574395], [0.2484520652282784, 0.2530671640161331, 0.1030291964937907, 0.39545157426179783], [0.2224424455459532, 0.11134964795962164, 0.44986125918172337, 0.21634664731270178], [0.4008854496076871, 0.22288539352831827, 0.09241048305372947, 0.28381867381026504], [0.43100846000200743, 0.40010378345484887, 0.07607527153855984, 0.09281248500458397], [0.21694010615834433, 0.30508883368066153, 0.12404969296483939, 0.35392136719615486], [0.4776875104745064, 0.28316159242128686, 0.11837754441299653, 0.12077335269121045], [0.11177250260126945, 0.0804734201926534, 0.38626992036109936, 0.42148415684497775], [0.4158082271796088, 0.14958648102890656, 0.2044761470291628, 0.2301291447623216], [0.4246435607859767, 0.3167241811144324, 0.13604169816533557, 0.12259055993425534], [0.19264867483155207, 0.3375165154100541, 0.10879906354867608, 0.361035746209718], [0.4371073781684714, 0.22133842604329612, 0.201671069839584, 0.13988312594864877], [0.561509978465558, 0.1579551070457465, 0.08036879005415914, 0.20016612443453646], [0.2712582322106412, 0.4549103470369711, 0.15497507461806662, 0.11885634613432103], [0.49131648419321755, 0.3394316920107206, 0.085721300604925, 0.08353052319113681], [0.36884877498903923, 0.2025917363183974, 0.07348970986275821, 0.35506977882980534], [0.45749313337548153, 0.2917795084732311, 0.1589688971394491, 0.09175846101183828], [0.40882556926451014, 0.27406544333233523, 0.16115274521270595, 0.1559562421904487], [0.4932767443864709, 0.18884364587653538, 0.1009921996243176, 0.2168874101126761], [0.36638781849087854, 0.3832506727358196, 0.10341060123291212, 0.1469509075403896], [0.6273892864517259, 0.22193276038412482, 0.047998700018612714, 0.10267925314553662], [0.45566288483680395, 0.16471005380440615, 0.11998262357506094, 0.2596444377837289], [0.6312032192596311, 0.18678940605448588, 0.06647347891932938, 0.11553389576655364], [0.6067676218182125, 0.14494762857940316, 0.08965664841819272, 0.15862810118419168], [0.4396837598224169, 0.2814941957503086, 0.11057950648027999, 0.16824253794699442], [0.6935657240031882, 0.1168386844975409, 0.061672820579357454, 0.1279227709199134], [0.27484138337991043, 0.45496495936037845, 0.09773979554668016, 0.17245386171303084], [0.31843805957749427, 0.30120017952538625, 0.0963365304579541, 0.28402523043916544], [0.11946063633240217, 0.36845842069943263, 0.39560717003640994, 0.11647377293175519], [0.21093257203787175, 0.5041783415741827, 0.06476175585403049, 0.220127330533915], [0.5030628259586273, 0.2837384067239916, 0.06479874175503378, 0.14840002556234738], [0.5188653942417373, 0.2023956620529476, 0.09315211227864131, 0.18558683142667404], [0.1972217949045163, 0.5779506267578417, 0.0994143331786704, 0.12541324515897154], [0.3038123156409459, 0.2299982315335902, 0.25675235601665697, 0.20943709680880698], [0.38617382370375913, 0.2516233870668531, 0.22155178431013736, 0.14065100491925053], [0.21591381225087597, 0.46006935431120943, 0.1999906994971425, 0.12402613394077232], [0.46672881987655374, 0.2109554396800526, 0.10744374313769064, 0.21487199730570303], [0.4507617304144698, 0.1662824174861772, 0.2197256648178352, 0.1632301872815178], [0.1678023668054794, 0.17597511259121756, 0.13342059672288573, 0.5228019238804174], [0.5021088744145054, 0.11392505731223941, 0.25068352354985585, 0.13328254472339918], [0.2073891839158993, 0.43479635111225295, 0.17023184003299027, 0.18758262493885747], [0.41665803327967393, 0.11185391449203438, 0.05867118570789749, 0.4128168665203943], [0.5875078238046458, 0.15124698867002928, 0.10291019722825494, 0.15833499029706988], [0.5635089798353362, 0.1424053354706258, 0.05722617850467584, 0.23685950618936216], [0.48208831588902545, 0.14598993785813288, 0.06490299216284362, 0.30701875408999807], [0.47465480162780127, 0.22077810798519462, 0.13121352137776146, 0.1733535690092426], [0.31221948854512616, 0.3875256331687517, 0.07894097203331558, 0.22131390625280656], [0.60710938899912, 0.18102191522636377, 0.08538342803255053, 0.12648526774196575], [0.4556131065520458, 0.29590462740003765, 0.06276636756861591, 0.18571589847930073], [0.29893654038153256, 0.3058465154007881, 0.14907112243239962, 0.24614582178527988], [0.5992222546233072, 0.12243638995883704, 0.06180935230514609, 0.21653200311270968], [0.6279541589241546, 0.13001513620067215, 0.12462911627919575, 0.11740158859597757], [0.5728758535768819, 0.24312269916612947, 0.07965638524181828, 0.10434506201517037], [0.15778256445993444, 0.23229310249003832, 0.13447636666908677, 0.47544796638094056], [0.3403231716596633, 0.1826407548448805, 0.08997031278072337, 0.3870657607147329], [0.5294975636082658, 0.276801880501991, 0.058376849430770046, 0.13532370645897313], [0.3636287419218881, 0.2254441358571091, 0.19437078588067724, 0.21655633634032573], [0.2532176339762971, 0.22196075552707814, 0.19103455648990647, 0.3337870540067184], [0.6973871404165438, 0.1382378536945097, 0.056222169154027266, 0.10815283673491922], [0.5120600582751073, 0.12633637108353862, 0.14583674354569862, 0.21576682709565556], [0.2707815097524746, 0.266164160068304, 0.10272703404119536, 0.360327296138026], [0.42863206626772743, 0.1296787897874867, 0.1226800512887023, 0.3190090926560836], [0.2698010651415073, 0.11830880669361518, 0.0633550553991255, 0.5485350727657521], [0.41773389970636304, 0.20259456643816354, 0.05076658248435806, 0.32890495137111536], [0.6167747635534159, 0.18273113669130753, 0.06502603387431234, 0.1354680658809644], [0.34908774865139275, 0.3055220245804534, 0.14700920366845321, 0.19838102309970052], [0.48273947565340874, 0.19891707002123343, 0.09230133467344985, 0.22604211965190796], [0.7041095326646432, 0.15257288897252252, 0.04471680983615815, 0.09860076852667639], [0.32066213839536056, 0.3396151580747224, 0.09805686420073736, 0.24166583932917965], [0.13926117039836378, 0.4064567225996609, 0.06332569849392809, 0.39095640850804725], [0.2354169603703497, 0.20323480183010997, 0.38053233231480005, 0.1808159054847403], [0.18007630685896645, 0.49115869000952983, 0.09179347290193694, 0.2369715302295668], [0.5168497053545251, 0.15622284908050682, 0.09515080375883718, 0.23177664180613086], [0.4835105570797202, 0.08872359959851575, 0.03895613949439053, 0.38880970382737357], [0.3174581556485256, 0.34618026155880344, 0.08552900104867674, 0.2508325817439945], [0.24334647138646823, 0.28809022210261287, 0.07306496581944912, 0.39549834069146966], [0.3814380603492055, 0.4017381444279105, 0.07059688051230278, 0.1462269147105812], [0.4276598466483783, 0.3480004100615302, 0.04727600532264271, 0.17706373796744862], [0.2305060509119469, 0.45519128413959886, 0.08131207905297365, 0.23299058589548058], [0.277213956448816, 0.1394261861319593, 0.1823160752431405, 0.4010437821760841], [0.1855142866435148, 0.625747440118136, 0.06609740335799905, 0.12264086988035017], [0.5566347526953065, 0.10806328397919159, 0.07018674550130598, 0.2651152178241959], [0.6640538417286943, 0.21110443482621544, 0.04539658277461628, 0.07944514067047395], [0.23585363030140688, 0.31341893865030007, 0.16177663284565455, 0.28895079820263864], [0.4410918623859364, 0.2989370961050838, 0.09801945833008487, 0.161951583178895], [0.5689823130837498, 0.2135428566487009, 0.07927495307191203, 0.1381998771956374], [0.28736693984247696, 0.36929458610095856, 0.11297407834595896, 0.2303643957106056], [0.4365235765925238, 0.23775747859400606, 0.16524765339067898, 0.1604712914227911], [0.2935295584841207, 0.32588339309410697, 0.19808350544695977, 0.18250354297481242], [0.8212603189652402, 0.09251191440025601, 0.021356814258255644, 0.0648709523762481], [0.31686750876538405, 0.38439614800895855, 0.16859447662384225, 0.13014186660181518], [0.5114657081059877, 0.2889502766232913, 0.10301235385097453, 0.09657166141974648], [0.44518065903835197, 0.18115490775493095, 0.20060412772382075, 0.17306030548289644], [0.4970284142164592, 0.3353274322870812, 0.05477486244599066, 0.11286929105046895], [0.4233544208158428, 0.33078435591692185, 0.08819436749079365, 0.15766685577644166], [0.4510900520884515, 0.31983119073949484, 0.08812522212057297, 0.14095353505148056], [0.28810740798892615, 0.2952061611814726, 0.19755960941028175, 0.2191268214193195], [0.5406471751613522, 0.16725909550658027, 0.06217796307170887, 0.22991576626035862], [0.3973971390941642, 0.3774676810014209, 0.10332103457270289, 0.12181414533171203], [0.4660348540498932, 0.31214734425847956, 0.08668755139980036, 0.13513025029182704], [0.4398216838621937, 0.2877461374466815, 0.07282090408414925, 0.19961127460697556], [0.28034566676405964, 0.2984153190710462, 0.0798924921597381, 0.3413465220051561], [0.39903979667963824, 0.37053303743528415, 0.09215727255849274, 0.13826989332658485], [0.27515696610989704, 0.33842684463926853, 0.20555606512249353, 0.18086012412834104], [0.3030404349734744, 0.14671160235637146, 0.30340134414990216, 0.24684661852025194], [0.5479895508435016, 0.26205693529061314, 0.07218897918524064, 0.11776453468064478], [0.7538929139052738, 0.10118925363191233, 0.052623940373887, 0.09229389208892697], [0.38020842528935606, 0.3346675274289317, 0.1489513298686707, 0.13617271741304168], [0.3485197550391272, 0.32909676075688793, 0.07933606168613921, 0.24304742251784567], [0.6007503686538468, 0.2357735721161496, 0.05345996595034496, 0.11001609327965868], [0.16552299024425654, 0.30069906669710794, 0.13606973852011214, 0.3977082045385234], [0.4433170861350131, 0.15237656752865905, 0.07859453861649371, 0.3257118077198342], [0.4645048205650502, 0.1855990333550338, 0.1009390443068654, 0.24895710177305078], [0.4445863650965716, 0.13567909521274377, 0.08778687711989148, 0.3319476625707929], [0.5982571215608881, 0.11968901318749452, 0.035607667746160976, 0.24644619750545638], [0.20290011813397327, 0.409619834605136, 0.13585531714935886, 0.2516247301115319], [0.2555936746030398, 0.08118496071356834, 0.2673304285153232, 0.39589093616806875], [0.49348102215374806, 0.16947175203925574, 0.058062398547040206, 0.27898482725995616], [0.555867853664364, 0.23243233068826036, 0.053902674247144004, 0.15779714140023166], [0.30273426898703804, 0.11798284685160566, 0.07236486263886772, 0.5069180215224887], [0.32777207362972943, 0.2530960668568657, 0.20348534782527855, 0.21564651168812626]]}}