{"test": {"ids": ["97107681", "109119591", "109113881", "110116441", "103113210", "99112641", "98111860", "100111390", "110114321", "113122650", "107115250", "100111620", "108121160", "103118110", "113121950", "97108520", "101116130", "106112770", "106114880", "97110950", "113118810", "99109740", "106117770", "105110251", "107118490", "110114610", "101119030", "113120591", "102116340", "109114270", "102110500", "110121140", "113122170", "105116980", "105113210", "111116110", "99111340", "104116980", "112121430", "108120700", "103110840", "105120280", "99107660", "113118490", "105117351", "110120540", "100108080", "107118780", "106116820", "111115910", "99120010", "98116500", "106118301", "107119130", "105116501", "101111310", "107116980", "104113380", "103111990", "98108520", "97112300", "101113210", "110118930", "98109090", "113120260", "99121440", "104111380", "97106600", "107118520", "107120010", "113118820", "97114170", "101111620", "112118581", "112118880", "111120220", "112119500", "110116170", "99110050", "108114360", "103111540", "100109910", "106116441", "106116850", "107118120", "101109370", "113120531", "101110200", "111119930", "107114280", "111116090", "112120540", "97106000", "98110680", "112118161", "104118340", "108119550", "104113240", "111119610", "113122430", "110121170", "107112850", "106116370", "106115120", "105113170", "112119320", "111116170", "104114240", "108113740", "110118701", "109114651", "103117461", "103120340", "108113760", "111120540", "97116500", "113122160", "102108621", "109118231", "113121220", "97116401", "112118511", "112120670", "103113260", "98107340", "110115250", "102110240", "107119390", "110114920", "101108950", "111121220", "97107920", "98106560", "99109910", "106119260", "101112201", "103112470", "113118690", "112118550", "104111531", "106116120", "112116850"], "labels": [3, 0, 0, 3, 3, 1, 0, 2, 1, 2, 2, 3, 2, 2, 3, 2, 2, 1, 0, 3, 3, 3, 0, 0, 2, 1, 3, 0, 3, 3, 3, 3, 1, 0, 3, 3, 1, 1, 2, 2, 1, 3, 3, 1, 0, 1, 0, 1, 1, 2, 2, 2, 1, 1, 1, 3, 3, 1, 2, 2, 2, 3, 1, 1, 3, 2, 3, 3, 2, 1, 0, 2, 3, 1, 1, 3, 2, 0, 3, 1, 1, 2, 0, 3, 3, 1, 0, 2, 1, 3, 3, 3, 0, 2, 0, 2, 1, 2, 2, 2, 2, 1, 2, 1, 0, 1, 0, 0, 3, 3, 3, 0, 1, 1, 1, 2, 3, 3, 1, 3, 3, 1, 2, 3, 0, 1, 3, 2, 3, 2, 3, 0, 1, 2, 1, 0, 1, 3, 3, 0, 1, 0], "predicted_labels": [2, 1, 0, 1, 3, 2, 3, 1, 1, 2, 3, 0, 1, 2, 0, 0, 3, 3, 3, 1, 1, 1, 2, 0, 0, 1, 2, 2, 3, 2, 0, 3, 3, 1, 1, 1, 3, 1, 0, 1, 0, 1, 0, 3, 3, 2, 2, 1, 1, 0, 1, 2, 0, 1, 3, 1, 1, 3, 1, 0, 1, 0, 1, 3, 2, 1, 0, 1, 1, 3, 3, 0, 1, 1, 0, 3, 1, 1, 1, 1, 0, 3, 3, 2, 1, 1, 0, 1, 0, 1, 3, 1, 1, 1, 1, 1, 1, 2, 3, 0, 3, 1, 3, 2, 1, 1, 1, 3, 2, 1, 2, 2, 2, 1, 1, 1, 1, 0, 0, 3, 1, 3, 3, 2, 3, 1, 3, 1, 1, 3, 3, 1, 2, 1, 3, 0, 1, 3, 3, 0, 1, 3], "confidence_scores": [[0.21582484456339535, 0.26326685276369394, 0.29379866018978845, 0.22710964248312232], [0.29328688844851764, 0.41828570711857743, 0.08863004555645189, 0.19979735887645317], [0.36189577678201973, 0.34461874082203175, 0.1235362973603811, 0.16994918503556752], [0.11946123857560843, 0.4245910564321006, 0.22755190547194135, 0.22839579952034975], [0.3050476055038003, 0.1894790605813056, 0.13959955654377865, 0.36587377737111565], [0.1296508067558348, 0.22460654079442144, 0.48098099596047134, 0.16476165648927252], [0.21347925524384503, 0.2819469235371489, 0.1276394661377024, 0.3769343550813037], [0.31686469854223287, 0.35442579975068544, 0.11857444697851831, 0.21013505472856348], [0.20870549377209427, 0.355975664043568, 0.16325128674996417, 0.2720675554343736], [0.18800601398477887, 0.16969557710226707, 0.4730426062315861, 0.16925580268136786], [0.1889568410155285, 0.19705900074766042, 0.2606926643922719, 0.3532914938445391], [0.4473719579186588, 0.25338246477691184, 0.11944503021009932, 0.17980054709433005], [0.23212952100573103, 0.418437308537073, 0.1172799243414165, 0.23215324611577928], [0.24260635682883294, 0.26168919329521373, 0.32672577628876337, 0.16897867358718996], [0.5738081006065232, 0.12524102538850293, 0.12715596351842667, 0.173794910486547], [0.4733124623692992, 0.167318360140083, 0.1864784865511598, 0.17289069093945814], [0.13323701853212855, 0.31349771029276147, 0.23961237663153034, 0.3136528945435798], [0.21762955463432054, 0.27739547943658066, 0.1838917808540437, 0.3210831850750553], [0.15119676463642848, 0.2947469459832128, 0.1583511571473191, 0.39570513223303966], [0.2681200264713061, 0.3099701170060435, 0.1422562380222146, 0.27965361850043574], [0.2124547030388454, 0.3653998461207658, 0.14034853598942276, 0.2817969148509662], [0.21706925946909836, 0.41085456229332895, 0.13110487606757973, 0.24097130216999293], [0.10756830745101924, 0.2155286404315999, 0.4063280584572411, 0.2705749936601398], [0.36764088655255, 0.2623209133160391, 0.10408225449245824, 0.26595594563895275], [0.43748796265858597, 0.284101665119895, 0.17403360857532735, 0.10437676364619185], [0.302862567795698, 0.3225287249045624, 0.10994239301682206, 0.2646663142829177], [0.11404081440505091, 0.17679758274109664, 0.4175626871651254, 0.29159891568872714], [0.20357718522880036, 0.22776347368054584, 0.30319796147285155, 0.2654613796178023], [0.2481666512104425, 0.2274797481198452, 0.23851752973529153, 0.2858360709344208], [0.14643163082159175, 0.16475431973322183, 0.4549554406716113, 0.23385860877357512], [0.40165495836846293, 0.19723183087900606, 0.11171626437341661, 0.2893969463791144], [0.22274512787925727, 0.23834294314338847, 0.16269501683884788, 0.37621691213850644], [0.1662867491249664, 0.28527383918016647, 0.16535814088896703, 0.3830812708059002], [0.2444664332844086, 0.3459888437136775, 0.16899108912634161, 0.24055363387557216], [0.14448116817631726, 0.39862339080050796, 0.1276478100566505, 0.32924763096652443], [0.22090929857512528, 0.4257139589780802, 0.15804214000205322, 0.19533460244474143], [0.2840022620037166, 0.1535722411623287, 0.14591671280852717, 0.4165087840254274], [0.17325479459069762, 0.3122881330601569, 0.20862094807289452, 0.3058361242762509], [0.28656606173380483, 0.239865811826526, 0.274501639525882, 0.19906648691378706], [0.1517089928233415, 0.5828047427980054, 0.08445961688819167, 0.18102664749046146], [0.3182080557024584, 0.30501450551923565, 0.11746163412313425, 0.2593158046551716], [0.2321260015953984, 0.32678794909956477, 0.13759606495206514, 0.3034899843529716], [0.3594176873515093, 0.19273778344088266, 0.13895877526817577, 0.30888575393943235], [0.28495805673705743, 0.26677422944161133, 0.15229697513463739, 0.29597073868669393], [0.26551354010197226, 0.25408930999306106, 0.13475454376675922, 0.3456426061382076], [0.1602241666752858, 0.17393670202309505, 0.43986733363479763, 0.2259717976668216], [0.1613512127675591, 0.28922561710235417, 0.3489635846441976, 0.20045958548588913], [0.3015799896139547, 0.31574113269965665, 0.1390774944517021, 0.24360138323468672], [0.21210950230830108, 0.3224222770862103, 0.2773994022713349, 0.18806881833415368], [0.28359097022268365, 0.25454555502938997, 0.2612222669170325, 0.20064120783089404], [0.286880394727658, 0.2904113957833185, 0.14472733284365244, 0.2779808766453712], [0.26562309484086444, 0.13431858265669677, 0.42792685661695246, 0.1721314658854863], [0.3246752720772376, 0.31894400003368045, 0.12948165790254723, 0.2268990699865346], [0.1370116111132712, 0.4488477547295817, 0.11725367524538981, 0.2968869589117575], [0.23335861805377706, 0.2296826090407149, 0.2114467350531319, 0.3255120378523762], [0.14034940856954692, 0.47458448995162705, 0.18254417758833305, 0.202521923890493], [0.24669714817371227, 0.33046412528051666, 0.14887707334692837, 0.2739616531988429], [0.2035640271725241, 0.28935549996157395, 0.14591925728214786, 0.36116121558375425], [0.19935443422333357, 0.33193705769342935, 0.18714248570442016, 0.281566022378817], [0.3689304135239868, 0.2629290378563896, 0.2006890241468751, 0.16745152447274858], [0.1819666297953975, 0.3941260505045473, 0.10704434617658787, 0.3168629735234675], [0.443344896663077, 0.2501697197963909, 0.11701085898178372, 0.18947452455874816], [0.30731836352055947, 0.41258486809825523, 0.0904747518463609, 0.18962201653482455], [0.2729501019470397, 0.21661882832795543, 0.12169084884843016, 0.38874022087657467], [0.1597738381269909, 0.17732440254201565, 0.5270831639241159, 0.13581859540687752], [0.20968325789616304, 0.29071097147141645, 0.26260907334435457, 0.236996697288066], [0.45398308226152156, 0.2162949284271142, 0.12107374962931161, 0.2086482396820525], [0.2692442213010744, 0.30919528384541733, 0.12289652629875789, 0.2986639685547504], [0.23568089404721596, 0.3882520826675095, 0.11279927646004755, 0.2632677468252269], [0.13571679162365616, 0.28062322633717585, 0.0889636666389963, 0.4946963154001718], [0.18789933061464162, 0.2328482216362822, 0.09314483106250318, 0.48610761668657304], [0.30000257550030973, 0.2157894587488051, 0.21396908112125052, 0.27023888462963463], [0.24905845058885695, 0.4817691628355048, 0.13330678026183826, 0.1358656063138003], [0.22261419026397344, 0.35000671985843074, 0.183364955839376, 0.2440141340382199], [0.45830368684242123, 0.1940315016485261, 0.094707918113634, 0.2529568933954188], [0.22368432669039057, 0.3026984851881689, 0.148558720985794, 0.3250584671356466], [0.2276576353041417, 0.3496969350097108, 0.14695751098781948, 0.2756879186983281], [0.21853812226326524, 0.4381112454214198, 0.0723084678712541, 0.2710421644440607], [0.2544913483637511, 0.33917925560463613, 0.11884707903606039, 0.28748231699555227], [0.1683534925719647, 0.39147591839887574, 0.09438018522785811, 0.3457904038013013], [0.45375551723646423, 0.13800389878104546, 0.11268621184109935, 0.29555437214139096], [0.13115185645037625, 0.1878434769597396, 0.09764146650327259, 0.5833632000866116], [0.22044332737480085, 0.16264618750615942, 0.17308985405559307, 0.44382063106344666], [0.16064150092313917, 0.24016900547613773, 0.35851372323074787, 0.24067577036997545], [0.2883251952737378, 0.455200816489234, 0.15676041617622613, 0.09971357206080206], [0.20523762431046225, 0.39276750631511637, 0.13686415197528173, 0.2651307173991397], [0.3036767380802082, 0.2893019495710067, 0.13940811041407297, 0.26761320193471216], [0.2454756443777225, 0.32715676572548374, 0.21442435328351986, 0.21294323661327383], [0.2934819369952659, 0.285913559623023, 0.1713256798093798, 0.24927882357233122], [0.22071771533348, 0.40922789730519193, 0.13137881704635485, 0.2386755703149733], [0.18407245485189513, 0.2899047559236143, 0.11861966935882284, 0.4074031198656677], [0.16850907538860382, 0.6068498057730584, 0.08374691960522095, 0.14089419923311686], [0.23043552778327567, 0.31511396885990006, 0.16932210219254135, 0.28512840116428295], [0.2579181615608836, 0.3250209265708449, 0.19149019196389452, 0.22557071990437702], [0.19423987372742688, 0.4361690083499904, 0.10738014621258125, 0.26221097171000135], [0.26204333239467037, 0.42122151722948503, 0.10243265038836159, 0.2143024999874828], [0.2047351673627866, 0.39983556923336766, 0.14226013540395002, 0.25316912799989577], [0.15088963032970093, 0.15557650163393558, 0.4295457231035923, 0.2639881449327711], [0.25998425015970417, 0.2414388379979519, 0.10216388584605524, 0.3964130259962886], [0.5049367073879989, 0.2590529994593441, 0.10884824510801132, 0.12716204804464573], [0.2094860473195539, 0.27250118130949214, 0.2442941617119819, 0.27371860965897205], [0.18913834870664703, 0.469574906245089, 0.11981691759779216, 0.22146982745047178], [0.220702688321861, 0.15006045458446443, 0.24332389308409488, 0.38591296400957975], [0.3136320118525724, 0.1475227302008353, 0.36077355519990323, 0.1780717027466892], [0.22807932981833498, 0.2835862722245915, 0.24375584120518012, 0.24457855675189372], [0.3157797494568529, 0.3302986053848643, 0.11850280198143961, 0.23541884317684328], [0.16652891733016525, 0.4192267781390997, 0.2013336684987867, 0.21291063603194846], [0.2358987087416004, 0.23546076165179086, 0.23214276220311814, 0.2964977674034907], [0.2100685863829248, 0.15883054049667672, 0.43261719804277043, 0.19848367507762787], [0.13161939427252423, 0.4838925835959405, 0.07682737404342867, 0.30766064808810684], [0.1693052560775014, 0.16195964909655539, 0.5454518493210325, 0.1232832455049106], [0.19956817124822798, 0.278775301780079, 0.3723869176582508, 0.1492696093134422], [0.08766097283264311, 0.09008753426341183, 0.682013252631229, 0.14023824027271609], [0.18644813087462953, 0.515886511010406, 0.09240754787835408, 0.20525781023661044], [0.1546598914788864, 0.4378774583674535, 0.2283499138424768, 0.17911273631118324], [0.21852266946189472, 0.38290094702688704, 0.07203129429110147, 0.3265450892201168], [0.36946112965033634, 0.3904508178978346, 0.11269810377656253, 0.12738994867526648], [0.5302069358851916, 0.20771912713341767, 0.08156665436267728, 0.18050728261871352], [0.4818168840342427, 0.22079044009012747, 0.12591727502739555, 0.1714754008482343], [0.23066214406216778, 0.24034948880494242, 0.10422580381472506, 0.4247625633181646], [0.3018283051685847, 0.4181001957292249, 0.10566492094647738, 0.1744065781557131], [0.13575776202885906, 0.25097874459640424, 0.0996318636280785, 0.5136316297466583], [0.2509151794600952, 0.2713490890404565, 0.19382842469306544, 0.283907306806383], [0.23706993470683116, 0.24159055705029353, 0.306734686030241, 0.21460482221263444], [0.13436475130321823, 0.33787227828753336, 0.16176151368008154, 0.36600145672916706], [0.2600509124426472, 0.35633020309439856, 0.19339068999287023, 0.19022819447008396], [0.10626767915120075, 0.2680146455399499, 0.20674017169292183, 0.41897750361592745], [0.1691145654588167, 0.3478908352736138, 0.18109005632876352, 0.3019045429388061], [0.23647276175201912, 0.3856594080037763, 0.14295017683861022, 0.23491765340559437], [0.16602165594620164, 0.24805392913544513, 0.2807155920755063, 0.3052088228428471], [0.22491280950249795, 0.24244850097456866, 0.17687941223751805, 0.35575927728541556], [0.2704141148932594, 0.3568913899942979, 0.09812620857794631, 0.27456828653449644], [0.13169369730672792, 0.2895150768686516, 0.30245220809491136, 0.27633901772970904], [0.21198176627491128, 0.4229074457916966, 0.13484190165960994, 0.23026888627378223], [0.3596584114640208, 0.10309163940546917, 0.1627907265492132, 0.37445922258129705], [0.34315699390819343, 0.30832633819981203, 0.1265872522414455, 0.22192941565054905], [0.22320614883121268, 0.43101016316511875, 0.12543032212378286, 0.2203533658798858], [0.20436346994002663, 0.31090468019702955, 0.12120852169335944, 0.3635233281695845], [0.30051219419220776, 0.28341683946510204, 0.11336360988207976, 0.3027073564606106], [0.33107679291371916, 0.24493476642503464, 0.19698742832074911, 0.22700101234049722], [0.20757457736497517, 0.3815811608626939, 0.1914926751196647, 0.2193515866526665], [0.19662939190251175, 0.17882468237159502, 0.06884664844972448, 0.5556992772761687]]}, "rewritten": {"ids": ["97106000", "97106600", "97107681", "97107920", "97108520", "97110950", "97112300", "97114170", "97116401", "97116500", "98106560", "98107340", "98108520", "98109090", "98110680", "98111860", "98116500", "99107660", "99109740", "99109910", "99110050", "99111340", "99112641", "99120010", "99121440", "100108080", "100109910", "100111390", "100111620", "101108950", "101109370", "101110200", "101111310", "101111620", "101112201", "101113210", "101116130", "101119030", "102108621", "102110240", "102110500", "102116340", "103110840", "103111540", "103111990", "103112470", "103113210", "103113260", "103117461", "103118110", "103120340", "104111380", "104111531", "104113240", "104113380", "104114240", "104116980", "104118340", "105110251", "105113170", "105113210", "105116501", "105116980", "105117351", "105120280", "106112770", "106114880", "106115120", "106116120", "106116370", "106116441", "106116820", "106116850", "106117770", "106118301", "106119260", "107112850", "107114280", "107115250", "107116980", "107118120", "107118490", "107118520", "107118780", "107119130", "107119390", "107120010", "108113740", "108113760", "108114360", "108119550", "108120700", "108121160", "109113881", "109114270", "109114651", "109118231", "109119591", "110114321", "110114610", "110114920", "110115250", "110116170", "110116441", "110118701", "110118930", "110120540", "110121140", "110121170", "111115910", "111116090", "111116110", "111116170", "111119610", "111119930", "111120220", "111120540", "111121220", "112116850", "112118161", "112118511", "112118550", "112118581", "112118880", "112119320", "112119500", "112120540", "112120670", "112121430", "113118490", "113118690", "113118810", "113118820", "113120260", "113120531", "113120591", "113121220", "113121950", "113122160", "113122170", "113122430", "113122650"], "labels": [0, 3, 3, 0, 2, 3, 2, 2, 3, 2, 1, 0, 2, 1, 2, 0, 2, 3, 3, 2, 3, 1, 1, 2, 2, 0, 2, 2, 3, 2, 1, 2, 3, 3, 0, 3, 2, 3, 3, 3, 3, 3, 1, 1, 2, 1, 3, 3, 0, 2, 1, 3, 0, 2, 1, 0, 1, 2, 0, 0, 3, 1, 0, 0, 3, 1, 0, 1, 1, 2, 0, 1, 3, 0, 1, 1, 1, 3, 2, 3, 3, 2, 2, 1, 1, 2, 1, 3, 1, 1, 1, 2, 2, 0, 3, 3, 1, 0, 1, 1, 3, 1, 0, 3, 3, 1, 1, 3, 2, 2, 3, 3, 0, 2, 1, 3, 1, 3, 0, 0, 1, 3, 1, 1, 1, 2, 3, 2, 2, 1, 3, 3, 0, 3, 0, 0, 3, 3, 3, 1, 2, 2], "predicted_labels": [1, 2, 0, 0, 3, 3, 3, 0, 3, 0, 1, 1, 2, 1, 3, 3, 3, 3, 1, 1, 1, 3, 0, 1, 1, 1, 3, 1, 0, 3, 3, 2, 2, 1, 1, 3, 1, 2, 0, 1, 0, 1, 1, 3, 3, 0, 3, 0, 1, 0, 3, 0, 1, 1, 3, 1, 3, 1, 0, 1, 3, 0, 3, 0, 1, 1, 3, 2, 1, 3, 0, 0, 2, 2, 3, 3, 3, 1, 1, 3, 1, 2, 1, 3, 1, 2, 3, 3, 3, 0, 1, 1, 1, 1, 3, 0, 0, 0, 0, 1, 1, 0, 0, 0, 3, 0, 1, 3, 0, 0, 0, 0, 0, 0, 1, 1, 1, 3, 3, 1, 1, 0, 0, 0, 0, 3, 1, 1, 0, 3, 0, 1, 0, 0, 3, 1, 0, 3, 0, 0, 1, 0], "confidence_scores": [[0.12293536722452499, 0.6907168844054818, 0.05752071754425064, 0.1288270308257424], [0.2037216814671329, 0.2563075104313086, 0.3255420113654452, 0.21442879673611326], [0.34811589187130115, 0.30173736007779645, 0.1335665796770818, 0.21658016837382058], [0.31978635877987865, 0.30812933480409505, 0.08090198856404923, 0.29118231785197723], [0.26354528682018064, 0.23977993309148796, 0.21298012286297538, 0.2836946572253559], [0.23220314069580306, 0.2635944847727245, 0.21938351958617955, 0.28481885494529297], [0.17186534098970324, 0.2421777515515073, 0.1448144027106454, 0.44114250474814404], [0.39955179061403756, 0.23972719183626462, 0.17440841137376262, 0.18631260617593523], [0.17551316187906849, 0.2231370353743285, 0.24658261144697247, 0.3547671912996307], [0.40301344942958084, 0.25648686357527284, 0.11991840060144164, 0.2205812863937048], [0.21093584469692164, 0.4225098418811735, 0.17323154174187363, 0.19332277168003115], [0.2022354228166602, 0.34111457053786587, 0.1830650854697231, 0.27358492117575073], [0.18670206417680962, 0.18907486244684985, 0.4485312469041915, 0.17569182647214926], [0.30177661757324803, 0.46581445098579977, 0.06960750465578859, 0.16280142678516368], [0.18709030992277387, 0.2878429861549441, 0.09027331513371305, 0.434793388788569], [0.25750203624647566, 0.2382847144155648, 0.13089874264776497, 0.3733145066901946], [0.2794707380062119, 0.15801837999467072, 0.2368974172996435, 0.3256134646994738], [0.21953475904774059, 0.21702821138740053, 0.14475272153821342, 0.41868430802664564], [0.07626088559113692, 0.574995530185673, 0.0525818994236175, 0.2961616847995725], [0.19957726517774108, 0.3640428441312274, 0.1452528521547564, 0.2911270385362752], [0.3015159372913852, 0.34302398969402353, 0.09896630256445042, 0.2564937704501407], [0.30711241839307624, 0.23446077002777652, 0.10550641719699169, 0.35292039438215544], [0.3511239024525931, 0.29983758233654656, 0.11117123370807924, 0.237867281502781], [0.19284756625512664, 0.34934035404852215, 0.12221908819809706, 0.3355929914982542], [0.21562157771496582, 0.3373343553542676, 0.22095485826728337, 0.2260892086634832], [0.23376596657060503, 0.4414874799305583, 0.15770609468541621, 0.1670404588134205], [0.1817924852651188, 0.25139551499306206, 0.12851449661567926, 0.43829750312613985], [0.2336195412336408, 0.583401490121327, 0.062297465168861345, 0.12068150347617078], [0.430314982301523, 0.17249718850834672, 0.14528922379335524, 0.251898605396775], [0.2730389275461959, 0.1668779596564512, 0.26632692578795725, 0.2937561870093957], [0.1575730191621101, 0.31248379342589855, 0.2081123384419165, 0.3218308489700749], [0.20668552771908344, 0.2111628266135565, 0.3283073249960087, 0.2538443206713514], [0.14794121817359468, 0.20564584146322926, 0.37849887932799353, 0.2679140610351825], [0.18865150644969234, 0.4230818067051096, 0.10746875488796084, 0.28079793195723746], [0.2719630616765687, 0.34461291409963796, 0.20206077723620836, 0.1813632469875852], [0.2342619049332944, 0.2960232189481104, 0.14177633639514065, 0.3279385397234545], [0.17165499368395176, 0.3314656374757003, 0.25685448857336163, 0.2400248802669864], [0.13244896801792583, 0.13631593435829598, 0.5350900267938905, 0.1961450708298877], [0.3250817980532907, 0.3075846197877369, 0.11701434702696858, 0.25031923513200394], [0.2172539986509221, 0.3496430879000611, 0.16894932157192383, 0.264153591877093], [0.3116111833587841, 0.25995679871126715, 0.3051151416257024, 0.12331687630424637], [0.22092159246605939, 0.44088060544686, 0.12909488103671746, 0.20910292105036313], [0.11480738322612971, 0.6738879665251394, 0.07510927736306003, 0.136195372885671], [0.17975749970199859, 0.16054771007042828, 0.1558272450349979, 0.5038675451925753], [0.2110233429793569, 0.23574975428768197, 0.26478272318077095, 0.28844417955219004], [0.4344156624385187, 0.20756959573579556, 0.08476730049588709, 0.27324744132979845], [0.20884830073772404, 0.2659731987493342, 0.13288418021726753, 0.3922943202956742], [0.3136486450818186, 0.2573852981007846, 0.1505564043763853, 0.2784096524410117], [0.2387889389371377, 0.3370713130307698, 0.27697368994578214, 0.1471660580863106], [0.3159224061432448, 0.3055257551502321, 0.15708440273931404, 0.22146743596720916], [0.18333749915804007, 0.2603592984269568, 0.23045771085037708, 0.3258454915646259], [0.569876664497549, 0.1525336065089579, 0.073053917813686, 0.2045358111798071], [0.2791077895974574, 0.31949377760520875, 0.18559107187693605, 0.21580736092039768], [0.14380559409577176, 0.3758933913893088, 0.15213098643458414, 0.32817002808033546], [0.18663984171227693, 0.22193504697781097, 0.1518574068909354, 0.4395677044189767], [0.3251529142789532, 0.330516050631916, 0.11574920282510531, 0.22858183226402545], [0.17644585988756648, 0.24612492809864003, 0.2527892038844117, 0.3246400081293819], [0.1622887549700002, 0.46095221816270454, 0.07373446816304949, 0.30302455870424577], [0.42274531077203065, 0.27980847023110406, 0.1620233088322429, 0.13542291016462246], [0.231473390864027, 0.45475564125558865, 0.10814471968903305, 0.2056262481913511], [0.29260076862014334, 0.19422204129979784, 0.16285532334769276, 0.350321866732366], [0.3621055315190565, 0.22754297637529702, 0.09365629769453124, 0.3166951944111156], [0.16539219009033992, 0.27310102786022217, 0.1124223827469842, 0.4490843993024536], [0.3454649300270033, 0.18567224159305468, 0.12653007134655392, 0.34233275703338817], [0.24454564028812387, 0.4327213934539238, 0.20623396214141132, 0.11649900411654124], [0.28701107779031515, 0.3034702283651684, 0.17270948500328295, 0.2368092088412334], [0.20929763582220073, 0.18566849763707036, 0.22466544784547357, 0.3803684186952555], [0.08747439572511206, 0.2732790646123031, 0.3827282572188599, 0.25651828244372493], [0.15467812597837727, 0.39756139247064803, 0.1893228620595647, 0.25843761949141014], [0.30188208827802876, 0.1868135088395606, 0.1584129861714384, 0.35289141671097235], [0.37362847105278363, 0.26330221179036695, 0.10339288826415521, 0.25967642889269427], [0.37559671983561654, 0.2445314108377567, 0.18946845291831702, 0.1904034164083097], [0.21022492609834006, 0.1747866711671013, 0.4906906961710601, 0.12429770656349867], [0.20702259625674266, 0.18350742226733774, 0.40888952125817785, 0.20058046021774184], [0.2694547235305608, 0.3273352621169515, 0.0600327483700185, 0.34317726598246906], [0.22591419097119383, 0.2356371658090856, 0.15692130406068436, 0.38152733915903625], [0.19738580010411014, 0.27057419734158733, 0.15046217619669094, 0.38157782635761167], [0.27709464143818424, 0.31468735425219974, 0.15414463920650467, 0.2540733651031114], [0.15912251597176588, 0.3964487278772488, 0.21716411013619713, 0.2272646460147882], [0.14070599883396914, 0.29355639983258797, 0.09861153058313749, 0.4671260707503054], [0.2801472108743965, 0.3820362315024691, 0.10039649963638218, 0.23742005798675228], [0.18037489239013793, 0.22781783541791226, 0.31923875551078507, 0.27256851668116455], [0.2378812517900694, 0.4019273984356419, 0.1005020438267816, 0.2596893059475069], [0.1569753068127177, 0.28460292828289524, 0.07006831277125676, 0.48835345213313036], [0.20568930619773013, 0.5405339438198731, 0.08793827566303786, 0.1658384743193589], [0.1994069795602864, 0.19131586288327831, 0.41557012573283164, 0.19370703182360363], [0.29266836365573545, 0.23810408929031854, 0.16643626746696918, 0.3027912795869769], [0.24653856426518486, 0.21340775226922956, 0.19861383700791335, 0.3414398464576721], [0.26696744096334796, 0.22811769988251418, 0.1279748493291774, 0.37694000982496045], [0.3782897475724075, 0.18455148323709147, 0.13475988336312458, 0.3023988858273763], [0.2320185765790395, 0.37089400839618675, 0.12922467655457884, 0.26786273847019487], [0.24825954128058342, 0.38302590307629286, 0.13821135685616537, 0.23050319878695846], [0.26340653047013973, 0.3445038606578202, 0.10744016358459015, 0.28464944528745], [0.32024562722826394, 0.4239668196023553, 0.10527425052900884, 0.15051330264037208], [0.316611580734498, 0.2391448519852355, 0.11355719142283874, 0.3306863758574278], [0.5632876388160362, 0.30406715966602105, 0.04349573171549674, 0.08914946980244604], [0.367030043256904, 0.3004326787095617, 0.10912065223813262, 0.2234166257954017], [0.39660816776742536, 0.2620868037034568, 0.0975183238753016, 0.24378670465381616], [0.39700913113742625, 0.2002356411658536, 0.12630399063405146, 0.2764512370626687], [0.24836911291446642, 0.4881379749339634, 0.09035032114991322, 0.17314259100165705], [0.2987035615010399, 0.31881460463048217, 0.1260010966573344, 0.2564807372111436], [0.4698882506224985, 0.23309405473343717, 0.11823117534878583, 0.17878651929527875], [0.5368886625254183, 0.1796127474974091, 0.0759553937702548, 0.2075431962069176], [0.35718362716377, 0.2220651148946591, 0.13869150081745868, 0.28205975712411235], [0.2593877899227341, 0.20277250390023896, 0.1330384714267519, 0.404801234750275], [0.409579536608578, 0.18995079807993562, 0.20149869677558116, 0.19897096853590515], [0.2594815653203141, 0.31794340001793964, 0.24227302621077326, 0.18030200845097308], [0.21565901660056494, 0.1613100163062803, 0.11011165454744072, 0.5129193125457141], [0.30159973836056303, 0.2268463319115609, 0.1767089039381514, 0.29484502578972477], [0.39586459616010783, 0.2985460503465889, 0.130470266176965, 0.1751190873163383], [0.4002892208828624, 0.2352252103482981, 0.07592253724917307, 0.2885630315196664], [0.3470669261659622, 0.28430343902570115, 0.11896268472398609, 0.2496669500843507], [0.4432694549040235, 0.2511356218867463, 0.0865496725207065, 0.2190452506885238], [0.4032790422977165, 0.18797428779644365, 0.10186988588201987, 0.30687678402382007], [0.2459796849715096, 0.3331781035201863, 0.16280191350535078, 0.25804029800295336], [0.2942801656576434, 0.31330942900556014, 0.12994416703581035, 0.26246623830098587], [0.23766846680062156, 0.3363684418636243, 0.21202647310881492, 0.2139366182269391], [0.2929136823665657, 0.1520349560819305, 0.15300970101502073, 0.40204166053648305], [0.26754859112297713, 0.21207164204331058, 0.17964100902289398, 0.3407387578108182], [0.14229415083910477, 0.5812626056126616, 0.07714856858733896, 0.1992946749608947], [0.2302367807632098, 0.45232170081647494, 0.09847667301907836, 0.21896484540123692], [0.33215692481099773, 0.24744212137988733, 0.18188837974283276, 0.23851257406628232], [0.37205459925212436, 0.24036875186409698, 0.14319966182909707, 0.24437698705468178], [0.41272817703292164, 0.14583960425616438, 0.2722120659396368, 0.16922015277127717], [0.31790412165687154, 0.3053236306563724, 0.2166646856673006, 0.16010756201945553], [0.21108848673756417, 0.2105596495180802, 0.19453998098961225, 0.38381188275474337], [0.2777950013975128, 0.39446241165968915, 0.14089652780283057, 0.18684605913996763], [0.14161272560445481, 0.47198688329195787, 0.11884490706760514, 0.2675554840359822], [0.29959756109192837, 0.20287342453951115, 0.213524194290032, 0.2840048200785285], [0.21620956005479974, 0.19710795034639797, 0.24595069875315084, 0.34073179084565147], [0.305499601874664, 0.2263576193885055, 0.21829490202653098, 0.24984787671029954], [0.2381034478350589, 0.3465462363046027, 0.17142020021023915, 0.24393011565009923], [0.40302289724320783, 0.24254982928835064, 0.0913718560574031, 0.2630554174110386], [0.39515691102917, 0.15905383219866162, 0.20218622959504193, 0.24360302717712642], [0.30858521357819946, 0.1461792018492079, 0.10569749402590944, 0.43953809054668325], [0.2903541071399643, 0.3079415972009576, 0.09456399837422119, 0.3071402972848568], [0.4765575629435518, 0.21508952868032294, 0.0869498250172487, 0.2214030833588766], [0.29185577870319623, 0.1460224961855007, 0.1833317638436495, 0.3787899612676537], [0.3423864278089722, 0.3185012962012632, 0.10012699835383172, 0.2389852776359329], [0.3588629557808977, 0.24610343767658985, 0.17094128734635672, 0.22409231919615585], [0.18220046335478465, 0.48715359435522304, 0.1035614369717598, 0.2270845053182326], [0.3124768228833431, 0.29670643983574396, 0.17653027964037127, 0.21428645764054174]]}}