{"test": {"ids": ["100111270", "105117200", "105113210", "102113210", "112118930", "112118581", "113118490", "112117461", "108114220", "111121190", "112118860", "106113190", "112116880", "97107040", "107121700", "107120880", "110118161", "99107500", "101111140", "104113240", "107114621", "99109161", "113118111", "112118890", "105111990", "112118161", "112120640", "108113740", "107113360", "109118820", "98108970", "111116411", "102121700", "103110840", "99111930", "112116850", "98116500", "109114720", "107116340", "104113380", "112116401", "98110230", "110118111", "110118701", "106114150", "104111780", "99109370", "107118120", "107115140", "113117401", "105112130", "109118161", "102112250", "105112240", "101112160", "106116120", "101114020", "111115620", "100108520", "104113550", "97109570", "107120260", "113120751", "110114610", "113118620", "107114110", "103118110", "113121810", "105115900", "99117740", "102121440", "99112300", "105112100", "104114240", "106114011", "103110100", "99109780", "111117571", "101108950", "107113840", "110118930", "98117740", "99111340", "97106000", "113121950", "105112260", "98110810", "97106970", "107113260", "105116501", "111116290", "102110690", "110114651", "106113170", "101111620", "111120320", "108115570", "97109080", "109117110", "101116130", "108113760", "98116090", "103113610", "113120540", "108118291", "102110890", "107119390", "109116930", "104117630", "105120280", "108114180", "98107380", "110118301", "110118880", "107113170", "111121410", "108114360", "98108370", "99119830", "112117030", "99111000", "101119030", "102110500", "98109570", "105119950", "108114670", "100120780", "105120621", "113119700", "98108410", "110115890", "108117451", "110118630", "111119340", "109116441", "112116640", "113119300", "105115720", "109115220", "110121720", "113119480", "111120591"], "labels": [2, 3, 3, 3, 1, 1, 1, 0, 3, 1, 3, 0, 0, 2, 3, 1, 0, 0, 2, 2, 0, 3, 1, 3, 2, 0, 0, 3, 0, 3, 3, 0, 1, 1, 1, 0, 2, 0, 3, 1, 0, 3, 1, 3, 1, 3, 1, 3, 0, 3, 1, 0, 0, 1, 3, 1, 3, 1, 2, 1, 0, 1, 1, 1, 3, 1, 2, 2, 3, 2, 2, 0, 1, 0, 1, 1, 2, 3, 2, 3, 1, 2, 1, 0, 3, 3, 1, 2, 0, 1, 2, 0, 3, 0, 3, 1, 3, 2, 1, 2, 1, 0, 2, 3, 3, 0, 2, 0, 0, 3, 1, 1, 1, 0, 0, 0, 1, 1, 1, 2, 2, 3, 3, 1, 3, 3, 1, 1, 0, 1, 2, 2, 1, 3, 3, 0, 1, 1, 3, 3, 3, 1], "predicted_labels": [1, 3, 3, 3, 3, 1, 3, 1, 1, 0, 1, 1, 1, 1, 0, 3, 1, 3, 0, 2, 1, 0, 1, 1, 0, 1, 1, 0, 3, 1, 1, 0, 1, 0, 1, 3, 1, 3, 3, 1, 3, 1, 3, 2, 1, 0, 3, 0, 3, 3, 2, 1, 3, 1, 1, 1, 0, 1, 2, 0, 3, 1, 2, 1, 0, 3, 1, 1, 1, 1, 0, 0, 3, 0, 2, 3, 2, 1, 1, 1, 1, 3, 2, 3, 1, 0, 1, 3, 1, 3, 2, 1, 3, 1, 1, 3, 0, 0, 1, 1, 3, 0, 0, 0, 0, 1, 2, 1, 0, 1, 1, 1, 1, 1, 1, 0, 3, 3, 0, 3, 2, 3, 3, 3, 0, 1, 3, 1, 1, 1, 1, 3, 3, 1, 1, 3, 3, 1, 3, 3, 0, 3], "confidence_scores": [[0.22498307465480877, 0.3660975907340335, 0.2502023937266006, 0.15871694088455737], [0.15378586378697293, 0.2285545680046652, 0.0896774296512092, 0.5279821385571527], [0.20083609704175603, 0.2558453197892518, 0.1919081582896235, 0.3514104248793688], [0.1887896318551463, 0.13719389458700484, 0.12932558692324134, 0.5446908866346074], [0.20655472831027216, 0.23910138131912503, 0.08392345802539695, 0.47042043234520575], [0.07026483022460225, 0.4274069035026466, 0.08767976650644589, 0.4146484997663052], [0.2825369410002904, 0.14700083184317922, 0.09728015043778263, 0.4731820767187477], [0.3486779528942333, 0.4173803014999804, 0.06114196694662608, 0.17279977865916032], [0.12241175178864244, 0.4417980813554257, 0.2667346976680882, 0.16905546918784378], [0.4402809454638788, 0.23330474950238625, 0.08891529990576168, 0.23749900512797326], [0.16632067740442874, 0.3120854577950089, 0.22606582815480897, 0.2955280366457535], [0.20557275277870163, 0.46533095309001066, 0.10194961580843372, 0.227146678322854], [0.24650307369271424, 0.4098508782846674, 0.1678047857546995, 0.17584126226791888], [0.2343522646584469, 0.32966255840414305, 0.24893747667472607, 0.1870477002626841], [0.3619752883295229, 0.24904624870289604, 0.1304637306155979, 0.25851473235198336], [0.19512804912616633, 0.18988244945232685, 0.1862479431398437, 0.42874155828166305], [0.21963156359675323, 0.49249849754251845, 0.13478765847042176, 0.15308228039030647], [0.1284582102701568, 0.2500441713855461, 0.22252721180732166, 0.3989704065369755], [0.3066276441953335, 0.26848919667383553, 0.22654139460344774, 0.1983417645273832], [0.14158856945966822, 0.2779689973500772, 0.36353511275192396, 0.21690732043833064], [0.19248366850952905, 0.3489694512308865, 0.15116539587848699, 0.30738148438109736], [0.4351539424250301, 0.12402554199796319, 0.14283497300337963, 0.29798554257362697], [0.21277669307157937, 0.2981881995174168, 0.24246927352087622, 0.2465658338901276], [0.16242134864994628, 0.37006513229093474, 0.10316157086868659, 0.3643519481904324], [0.3489062202207668, 0.30052100513029545, 0.07989847627543188, 0.2706742983735059], [0.2909160619679954, 0.4318777557135264, 0.07956746232132837, 0.19763871999714974], [0.26310764647887946, 0.3527236969525951, 0.17622355580769689, 0.20794510076082864], [0.4071950934254875, 0.19188655669743834, 0.11173618561301858, 0.28918216426405563], [0.2595952809185216, 0.20868359125855424, 0.2079625577901898, 0.32375857003273467], [0.15995691853623162, 0.4059714078212122, 0.1820665183033938, 0.25200515533916235], [0.1775593612164518, 0.4494128562086261, 0.10905183508881293, 0.2639759474861093], [0.5031716909429754, 0.1626349026202275, 0.12465257581781146, 0.2095408306189857], [0.1793282661967385, 0.5171010383104075, 0.1741453782971918, 0.12942531719566225], [0.5102693824158387, 0.2386818001879906, 0.151567336031239, 0.09948148136493178], [0.26129361687447616, 0.40936259290383276, 0.15822383237331478, 0.17111995784837616], [0.13335953456839683, 0.1736875815359247, 0.09328288126343762, 0.5996700026322408], [0.15437956325764313, 0.3851612789143164, 0.1727977936970808, 0.2876613641309596], [0.20741349865079264, 0.2447074306803693, 0.185554064150286, 0.3623250065185521], [0.3430093580210016, 0.12018928206253317, 0.09638317668747837, 0.44041818322898685], [0.1644088824991444, 0.34315390250826217, 0.16371849564128288, 0.32871871935131053], [0.15256197992164955, 0.0969404018976382, 0.08192684647813026, 0.668570771702582], [0.3091703359743721, 0.40073276447260003, 0.08347267043756797, 0.20662422911545997], [0.1191050333597289, 0.27772697489556575, 0.05259336287855494, 0.5505746288661504], [0.23790975400656658, 0.18586820920543323, 0.29288444263475105, 0.28333759415324933], [0.18587697663506178, 0.3812844585532795, 0.15714048167603534, 0.2756980831356234], [0.3362412369858687, 0.21105910641581804, 0.13028468781189126, 0.3224149687864221], [0.2650046205758599, 0.26804179806754375, 0.18175261479725252, 0.28520096655934385], [0.3459792149335913, 0.23477114368411317, 0.19051208407664966, 0.2287375573056459], [0.10315660731110632, 0.23774805492444842, 0.08630933223836577, 0.5727860055260794], [0.17713884592084597, 0.233499978760764, 0.11817808557545503, 0.47118308974293494], [0.10991681057455939, 0.16245751068237135, 0.47330041858632715, 0.2543252601567421], [0.2903706664724069, 0.32086897400938125, 0.152862771859783, 0.23589758765842875], [0.13180392468428492, 0.22523388156414023, 0.16001138375831586, 0.4829508099932592], [0.19500981984555057, 0.32065026235580746, 0.1740693491585063, 0.31027056864013564], [0.1141968395012101, 0.38432908807846955, 0.1229066990376022, 0.37856737338271834], [0.20603285390920587, 0.4044941539096618, 0.15742235838211113, 0.23205063379902116], [0.6123855265462227, 0.1703057657473424, 0.07674747560000482, 0.14056123210642998], [0.20419842419828363, 0.477296234052444, 0.1746421502870219, 0.14386319146225054], [0.2707512805790101, 0.1550827696178498, 0.4185663841521374, 0.15559956565100255], [0.5008560865051254, 0.1682548637251712, 0.13294939139333564, 0.1979396583763678], [0.13419831200831955, 0.1729010590993679, 0.15764475186830634, 0.5352558770240062], [0.29294441266234733, 0.40417855878356507, 0.12473269913954205, 0.1781443294145455], [0.17460408317756101, 0.2465684772632837, 0.3095862325054817, 0.2692412070536736], [0.20722988866284892, 0.559824954790165, 0.0964787157103914, 0.1364664408365947], [0.4434793520264048, 0.25403717416988286, 0.09167546023691939, 0.2108080135667931], [0.057136026726541944, 0.12136669324391616, 0.05623826456646382, 0.7652590154630781], [0.1705639360788377, 0.3278348900314459, 0.2769310068343685, 0.22467016705534784], [0.1489307123055252, 0.4102783280447887, 0.21846482555004862, 0.22232613409963742], [0.17074456515175312, 0.3497626432519436, 0.2969553613052627, 0.18253743029104058], [0.27024761041968515, 0.36022077911611905, 0.1378974202413669, 0.23163419022282894], [0.33952110236427757, 0.31159966700806463, 0.1261203459235428, 0.22275888470411503], [0.3357190099467687, 0.19578174722244895, 0.2270465553587347, 0.24145268747204762], [0.13195242020161682, 0.3394015368958064, 0.18070577418327766, 0.347940268719299], [0.42154961236751626, 0.30511200309897085, 0.1134747273709961, 0.15986365716251677], [0.18389445846816502, 0.2182178911861657, 0.419668247578834, 0.17821940276683543], [0.21009455892976933, 0.27503740922264247, 0.2114265502829348, 0.30344148156465356], [0.24953388292332265, 0.25567159772282666, 0.25590626156554885, 0.23888825778830192], [0.32093649267456525, 0.32447349157006117, 0.07308575218771171, 0.2815042635676619], [0.14115867649197208, 0.3186357351480698, 0.2521058497275247, 0.28809973863243343], [0.1764569419346373, 0.3389034526601931, 0.1761883358942757, 0.30845126951089386], [0.29025456529115956, 0.36014841507390893, 0.1467948112026364, 0.20280220843229524], [0.21076329032234623, 0.27362504764725876, 0.18248650002798758, 0.33312516200240744], [0.1199637778414956, 0.25758859232844705, 0.43012920487629797, 0.19231842495375925], [0.06910588302112174, 0.1499808863675926, 0.06762620586976836, 0.7132870247415175], [0.15866153425317836, 0.5046316849306239, 0.16313229183533384, 0.17357448898086386], [0.3886760554089393, 0.12298192794880422, 0.11991128483158467, 0.3684307318106719], [0.1496631411300226, 0.4529607954467264, 0.28785481543269814, 0.10952124799055284], [0.1935439741414785, 0.19695785059114668, 0.2904512619679922, 0.3190469132993827], [0.07738030899807694, 0.6809233607665318, 0.09735175886936731, 0.14434457136602394], [0.2746618096044166, 0.28150670374390196, 0.08691057126327535, 0.3569209153884061], [0.1189632183632312, 0.32890134494105083, 0.38906881283466566, 0.16306662386105225], [0.34004375987399743, 0.37186709378044636, 0.10183013784011109, 0.1862590085054453], [0.23183111333663425, 0.16314400121048467, 0.08241774577928468, 0.5226071396735963], [0.19145608779477946, 0.688714281623009, 0.026051844263672942, 0.09377778631853867], [0.2391059890094736, 0.3192977866683892, 0.2924127691070352, 0.14918345521510204], [0.1765954709377473, 0.12130720985891139, 0.11320522052376512, 0.5888920986795761], [0.4532477658618769, 0.10732166661484632, 0.17739907813272576, 0.262031489390551], [0.299857402248935, 0.2543206095152555, 0.18072140892501273, 0.26510057931079695], [0.23517716201129404, 0.37780884934198816, 0.11160619425642017, 0.27540779439029756], [0.13150849179985, 0.30992843527997194, 0.28397722983883433, 0.27458584308134387], [0.22702824736933364, 0.17665889942416943, 0.1958074666610092, 0.4005053865454876], [0.3681080926769592, 0.33663847664562374, 0.13289386962015845, 0.16235956105725863], [0.373244210019084, 0.1502315768400453, 0.37214500298027203, 0.10437921016059874], [0.5233599665664039, 0.10040163282212003, 0.1004584617852553, 0.2757799388262207], [0.38367320918268083, 0.21101496534742892, 0.2049935519935122, 0.20031827347637812], [0.19401994592039679, 0.3253796515087452, 0.1743087756431301, 0.3062916269277278], [0.2708236427699061, 0.24307333809694587, 0.3445677820844685, 0.14153523704867965], [0.1636573390066605, 0.49325053583179645, 0.1506371115959305, 0.19245501356561268], [0.33365184229936296, 0.2523183361194404, 0.14783958782584133, 0.2661902337553553], [0.14483298022085248, 0.43562580620793895, 0.15346791722462574, 0.2660732963465827], [0.1594900284894725, 0.31773525428971366, 0.24143752830429838, 0.2813371889165155], [0.19575898350330848, 0.3989396927544592, 0.13490051655143567, 0.27040080719079657], [0.20300686301573295, 0.34639629229883634, 0.20374989576392494, 0.24684694892150594], [0.11789674388371739, 0.4596586724160131, 0.12737560461669528, 0.29506897908357416], [0.1413911459464055, 0.43913839319564923, 0.11594509609177951, 0.30352536476616565], [0.3636046898929961, 0.2660265649218154, 0.07942718776891121, 0.29094155741627736], [0.14300516783373501, 0.25460127998513926, 0.1266639721487486, 0.47572958003237725], [0.16930194464048443, 0.2582111334363328, 0.17873702140585557, 0.39374990051732717], [0.3172312941748767, 0.3049616309633458, 0.09531173373054169, 0.2824953411312359], [0.1570223796848665, 0.1243560678875258, 0.3178349106797129, 0.4007866417478949], [0.12616566241770347, 0.26492436687989496, 0.46407438403522605, 0.14483558666717558], [0.2687788011162762, 0.21070225063872308, 0.12904014455173865, 0.3914788036932621], [0.32004229373617626, 0.13805871713290904, 0.16024260834689483, 0.38165638078402003], [0.1329411004875522, 0.09414599245466414, 0.08624714987875164, 0.6866657571790318], [0.3805522160653461, 0.23058318709266626, 0.17841876773977156, 0.21044582910221615], [0.03191462564410114, 0.6204317432000649, 0.054916033421358174, 0.29273759773447594], [0.27092909739884263, 0.15177728431411577, 0.20935306457831482, 0.3679405537087269], [0.18090499253068199, 0.4466521451004107, 0.06189925422095223, 0.3105436081479551], [0.26665999036653665, 0.4532826920839945, 0.09890292586381763, 0.1811543916856514], [0.13844980001846838, 0.6690926774101094, 0.05544337890085084, 0.1370141436705713], [0.09046764263860407, 0.5452098970741344, 0.1853796420790102, 0.17894281820825136], [0.31220845210115994, 0.1653816797113618, 0.09722045340164183, 0.42518941478583633], [0.10984822766090267, 0.2177805050500342, 0.2921030252878189, 0.38026824200124415], [0.2342552560228808, 0.368089318117191, 0.11974144927472916, 0.2779139765851991], [0.1654025985144855, 0.45961455568295184, 0.1205754068570873, 0.25440743894547535], [0.18673478125199625, 0.32433842190043205, 0.10600770473815861, 0.38291909210941316], [0.14441575309891985, 0.20704360950642423, 0.07819893723109761, 0.5703417001635582], [0.1407478624914265, 0.5753197742820504, 0.10557627030037588, 0.1783560929261472], [0.06524922355198039, 0.23326376487726413, 0.1529296852565178, 0.5485573263142377], [0.12482324127240098, 0.28607285556353385, 0.29441720591629655, 0.2946866972477686], [0.28914764472107096, 0.2571412907812919, 0.2098950829036156, 0.24381598159402176], [0.23600508106650417, 0.21213102105864837, 0.11427459394063359, 0.4375893039342138]]}, "rewritten": {"ids": ["97106000", "97106970", "97107040", "97109080", "97109570", "98107380", "98108370", "98108410", "98108970", "98109570", "98110230", "98110810", "98116090", "98116500", "98117740", "99107500", "99109161", "99109370", "99109780", "99111000", "99111340", "99111930", "99112300", "99117740", "99119830", "100108520", "100111270", "100120780", "101108950", "101111140", "101111620", "101112160", "101114020", "101116130", "101119030", "102110500", "102110690", "102110890", "102112250", "102113210", "102121440", "102121700", "103110100", "103110840", "103113610", "103118110", "104111780", "104113240", "104113380", "104113550", "104114240", "104117630", "105111990", "105112100", "105112130", "105112240", "105112260", "105113210", "105115720", "105115900", "105116501", "105117200", "105119950", "105120280", "105120621", "106113170", "106113190", "106114011", "106114150", "106116120", "107113170", "107113260", "107113360", "107113840", "107114110", "107114621", "107115140", "107116340", "107118120", "107119390", "107120260", "107120880", "107121700", "108113740", "108113760", "108114180", "108114220", "108114360", "108114670", "108115570", "108117451", "108118291", "109114720", "109115220", "109116441", "109116930", "109117110", "109118161", "109118820", "110114610", "110114651", "110115890", "110118111", "110118161", "110118301", "110118630", "110118701", "110118880", "110118930", "110121720", "111115620", "111116290", "111116411", "111117571", "111119340", "111120320", "111120591", "111121190", "111121410", "112116401", "112116640", "112116850", "112116880", "112117030", "112117461", "112118161", "112118581", "112118860", "112118890", "112118930", "112120640", "113117401", "113118111", "113118490", "113118620", "113119300", "113119480", "113119700", "113120540", "113120751", "113121810", "113121950"], "labels": [0, 2, 2, 2, 0, 1, 1, 1, 3, 1, 3, 1, 0, 2, 2, 0, 3, 1, 2, 2, 1, 1, 0, 2, 1, 2, 2, 1, 2, 2, 3, 3, 3, 2, 3, 3, 0, 0, 0, 3, 2, 1, 1, 1, 2, 2, 3, 2, 1, 1, 0, 0, 2, 1, 1, 1, 3, 3, 1, 3, 1, 3, 3, 3, 1, 0, 0, 1, 1, 1, 0, 0, 0, 3, 1, 0, 0, 3, 3, 2, 1, 1, 3, 3, 1, 1, 3, 1, 3, 3, 2, 3, 0, 3, 3, 0, 1, 0, 3, 1, 3, 2, 1, 0, 1, 1, 3, 0, 1, 3, 1, 2, 0, 3, 3, 1, 1, 1, 0, 0, 0, 0, 0, 2, 0, 0, 1, 3, 3, 1, 0, 3, 1, 1, 3, 1, 3, 0, 3, 1, 2, 3], "predicted_labels": [3, 3, 3, 2, 3, 0, 0, 1, 1, 3, 3, 1, 3, 1, 3, 3, 3, 2, 1, 1, 1, 1, 1, 1, 1, 0, 1, 3, 1, 0, 0, 3, 0, 1, 3, 0, 1, 1, 3, 3, 3, 3, 2, 0, 0, 3, 3, 3, 1, 0, 1, 1, 0, 1, 0, 1, 1, 1, 3, 1, 3, 0, 2, 1, 3, 1, 3, 1, 3, 1, 2, 1, 0, 3, 3, 0, 3, 3, 3, 2, 1, 3, 2, 0, 3, 3, 2, 1, 1, 0, 0, 2, 3, 3, 1, 1, 3, 3, 0, 1, 3, 1, 3, 1, 1, 2, 2, 3, 1, 1, 1, 1, 0, 3, 1, 3, 0, 0, 3, 0, 3, 3, 1, 3, 1, 1, 1, 3, 1, 3, 3, 3, 0, 0, 0, 1, 1, 1, 0, 0, 2, 0], "confidence_scores": [[0.28376025362941754, 0.15435370633974022, 0.11004761608863657, 0.45183842394220547], [0.14733399453488577, 0.2147763386614668, 0.22810893094484136, 0.409780735858806], [0.1656336982607024, 0.27810873034282085, 0.23593937108110014, 0.3203182003153768], [0.17314080163238982, 0.16523430896402747, 0.45071614325702675, 0.210908746146556], [0.14418648400470518, 0.2170295071891585, 0.2541096897070026, 0.38467431909913374], [0.3328003813987702, 0.32732968672323115, 0.16779980415348383, 0.17207012772451472], [0.30777741768487443, 0.21208272045257207, 0.231399994772337, 0.2487398670902165], [0.23425243386443276, 0.44866263274166696, 0.07813156567136775, 0.2389533677225325], [0.26871690577632357, 0.42496699372489527, 0.11319918530776223, 0.19311691519101906], [0.18558204878810028, 0.07999517513246489, 0.0942935147348706, 0.6401292613445643], [0.34538341715251625, 0.22814003479364875, 0.06554691713318744, 0.36092963092064767], [0.1848727271769422, 0.5072568508598538, 0.2258737117818051, 0.08199671018139883], [0.26224562472809254, 0.2320840030698645, 0.2281909562664847, 0.2774794159355583], [0.18299943228851948, 0.415343274190777, 0.10321974566376192, 0.29843754785694177], [0.15754795679718905, 0.28211718681485887, 0.11195368599164181, 0.44838117039631026], [0.2053973678449587, 0.18546712908505802, 0.18607187163472955, 0.42306363143525366], [0.2706506743939557, 0.22240059142371746, 0.2226894100585433, 0.28425932412378346], [0.2545085250267026, 0.1373895436550623, 0.321984690043091, 0.2861172412751442], [0.11959968309829863, 0.4572586011069511, 0.2447423942116751, 0.17839932158307537], [0.20315929472946803, 0.3773715037220109, 0.2640172396868099, 0.15545196186171123], [0.10141812926718256, 0.3767462790774121, 0.34782787264783666, 0.1740077190075687], [0.24639157240770962, 0.3476387599186676, 0.22759090791891595, 0.17837875975470674], [0.3063652319692599, 0.3723141701999816, 0.09640381869436056, 0.22491677913639777], [0.292408308664877, 0.37240083899551596, 0.1644729044791495, 0.17071794786045758], [0.17963032586027755, 0.5309410473313736, 0.13904388274032084, 0.15038474406802804], [0.32668712385650367, 0.20797923903030954, 0.25060134827002184, 0.2147322888431651], [0.16343946975195858, 0.3584720607301831, 0.3469315359173537, 0.1311569336005045], [0.19619182503757987, 0.1294951274640196, 0.09915936906548246, 0.575153678432918], [0.11985168725588814, 0.4300150319542025, 0.28044262405745607, 0.16969065673245334], [0.2955855348753832, 0.256819599426196, 0.2807534174497189, 0.1668414482487021], [0.34198558745614527, 0.3194306385435663, 0.13963811796507014, 0.1989456560352182], [0.1587763099081463, 0.253052220711876, 0.1847723034778683, 0.40339916590210945], [0.5191719801044975, 0.13196764305097466, 0.08323509796059882, 0.2656252788839291], [0.1501505918982503, 0.32843112696144994, 0.3256256278692414, 0.19579265327105827], [0.2807691091451324, 0.2666697918941739, 0.10498593257592057, 0.347575166384773], [0.3659023533449106, 0.13916866410019602, 0.1695120156792188, 0.32541696687567456], [0.2973140476371558, 0.3160002941474285, 0.09557916705634727, 0.2911064911590686], [0.2656452413121867, 0.3423600662013362, 0.14486504849820053, 0.24712964398827647], [0.13117650977194553, 0.2286067820822803, 0.16333368633772027, 0.4768830218080539], [0.1754657215445598, 0.16544044084830112, 0.0775365756050618, 0.5815572620020774], [0.2776648207590183, 0.256813888706506, 0.13048414909137737, 0.3350371414430982], [0.1918888128685868, 0.24737298759424303, 0.13968978979212843, 0.4210484097450417], [0.1492678871663001, 0.1974115084762948, 0.3514479656609513, 0.3018726386964538], [0.3425443361765496, 0.171052400360542, 0.23336818706074736, 0.253035076402161], [0.4495294915161283, 0.1548803478989035, 0.2704538183298288, 0.1251363422551394], [0.1971656020823228, 0.24872534860222745, 0.15299434302731243, 0.40111470628813745], [0.1585511332363379, 0.14599086406349715, 0.10072730864565901, 0.5947306940545058], [0.1598499906746433, 0.28953045725748067, 0.13331893182390744, 0.4173006202439686], [0.198669368610602, 0.35706118121641783, 0.1395856265351142, 0.30468382363786617], [0.33627516474100266, 0.2061598325379448, 0.16283197893848067, 0.2947330237825718], [0.4208768788707688, 0.42620870340908185, 0.06719524697746579, 0.08571917074268362], [0.31454322816925334, 0.4146442410329658, 0.09580574855807321, 0.17500678223970761], [0.30804495577652724, 0.2948603154953152, 0.10746180908577956, 0.28963291964237814], [0.1359886619691725, 0.37351788065930225, 0.16576449276501554, 0.3247289646065098], [0.4009847682819772, 0.2721341475427056, 0.18256255084811646, 0.14431853332720074], [0.17650296631836446, 0.39284599927069613, 0.09034549057495345, 0.34030554383598605], [0.1204852225171475, 0.37175120554438873, 0.16460916201325929, 0.34315440992520463], [0.17998660317227413, 0.3295236667364457, 0.18483458108761103, 0.30565514900366936], [0.17895441336324083, 0.2783462349758334, 0.2268882925835412, 0.3158110590773845], [0.06686642920537993, 0.5924491020543233, 0.19048230961387655, 0.15020215912642032], [0.23526911499786285, 0.22889212467181974, 0.0636088358560978, 0.4722299244742196], [0.47857224680352867, 0.16427068329218808, 0.10823962301742392, 0.24891744688685946], [0.23610059340646578, 0.11129111529203739, 0.49902724623850436, 0.1535810450629924], [0.14575427761982518, 0.5704638030501681, 0.11275059361396368, 0.17103132571604307], [0.18464387498720092, 0.19931510214337184, 0.057875564177157474, 0.5581654586922697], [0.13545156574414594, 0.42480408040708517, 0.04203519095724946, 0.3977091628915192], [0.20074788762722243, 0.22912634445393054, 0.17665766843651914, 0.39346809948232786], [0.16780694015345776, 0.3131320813526489, 0.2538407440638622, 0.2652202344300312], [0.19309090541900115, 0.23287785630186422, 0.1308541788247301, 0.4431770594544045], [0.2767271022623547, 0.3003864543144061, 0.1718926158677135, 0.25099382755552585], [0.19760547153668562, 0.21986315215859012, 0.39244534822251753, 0.19008602808220684], [0.06061458980857193, 0.7114647025367706, 0.08954660950493587, 0.1383740981497216], [0.48997367624277577, 0.12922709707577917, 0.06104125758837336, 0.3197579690930718], [0.14422083103462338, 0.2528319408475579, 0.14335000037532758, 0.45959722774249107], [0.06368934518321137, 0.14855489716674392, 0.10786522900653578, 0.6798905286435089], [0.45978953045290083, 0.14622719326064323, 0.20339195272269017, 0.1905913235637658], [0.1544527972917838, 0.21104217284750917, 0.1410013371832003, 0.493503692677507], [0.17829951177552716, 0.07671154474823152, 0.08236138008976804, 0.6626275633864732], [0.23278670182611483, 0.1791189973729843, 0.20646817725296404, 0.3816261235479369], [0.22909448093585402, 0.21101506006352563, 0.3300059458153077, 0.22988451318531264], [0.29395487587798413, 0.329579433903345, 0.11310489019758099, 0.26336080002108986], [0.34715777039986545, 0.15383021780807699, 0.11922302091848035, 0.3797889908735773], [0.15385821630558982, 0.23762925753817143, 0.3751254801836235, 0.23338704597261511], [0.3822977711984243, 0.2443112810645774, 0.09864587414745754, 0.2747450735895408], [0.290061180957393, 0.17281394044939644, 0.12079392247783655, 0.41633095611537396], [0.17231437622007414, 0.2369741606640287, 0.22635641072124071, 0.3643550523946567], [0.15704325681511783, 0.3534342079595294, 0.37160795143457775, 0.11791458379077523], [0.21684601366323156, 0.29676634629891374, 0.2630754770696442, 0.22331216296821046], [0.041370380549308146, 0.4732445417837708, 0.11874301286845752, 0.36664206479846373], [0.4636131799848234, 0.23705794127839316, 0.12244023510708954, 0.1768886436296941], [0.7452691351806426, 0.08725032441826727, 0.05188149531988246, 0.11559904508120744], [0.27098457722427893, 0.1550628373322284, 0.3297646429934472, 0.24418794245004566], [0.07930592611184908, 0.30933885327355887, 0.29006634644131446, 0.3212888741732774], [0.1250663550307176, 0.16519457451191066, 0.18172974342970535, 0.5280093270276663], [0.1922379895694943, 0.38077455996638115, 0.06561780457332052, 0.3613696458908041], [0.2050547289789328, 0.5160199922843363, 0.1269376198470888, 0.15198765888964233], [0.2239251589409345, 0.3258928334827637, 0.11920798854811376, 0.33097401902818807], [0.22938648896078323, 0.20791866217491184, 0.1330373078296841, 0.429657541034621], [0.40409796063721304, 0.28384760688533023, 0.11495856958475174, 0.19709586289270487], [0.11272973925277457, 0.5982368916922538, 0.16278218292084526, 0.12625118613412645], [0.27555851459972525, 0.15332457484665246, 0.09899187557137135, 0.472125034982251], [0.1755461721305897, 0.41011724191945637, 0.2009270956397413, 0.21340949031021259], [0.34541255347830235, 0.23644511668642168, 0.0436059371008805, 0.3745363927343957], [0.2758843958426357, 0.45842711688216226, 0.1687205554287071, 0.09696793184649491], [0.18173935349306636, 0.33530803646771284, 0.19750796800230064, 0.28544464203692027], [0.09098825924779488, 0.24908606426567725, 0.4694024022085115, 0.1905232742780165], [0.29391701644792445, 0.19434571608376108, 0.3560006721259721, 0.1557365953423425], [0.08230731198770491, 0.23461665669019965, 0.07636131988631656, 0.6067147114357789], [0.20451556925034764, 0.4944665453421528, 0.13711898639356143, 0.16389889901393798], [0.22577604735078483, 0.396350383567357, 0.14721515173242858, 0.23065841734942968], [0.19592717151005334, 0.5455117710281673, 0.09643330400437236, 0.1621277534574071], [0.1710561095661953, 0.3323731761510418, 0.2623612969496423, 0.23420941733312056], [0.3937020445783857, 0.15433828588193543, 0.12443055192206556, 0.3275291176176132], [0.26943908629254953, 0.2334539515658686, 0.09134244245737252, 0.4057645196842094], [0.18780762094489595, 0.4399246327870602, 0.07714651626296358, 0.29512123000508017], [0.18939832890057637, 0.18520421871037157, 0.1586951035478053, 0.4667023488412467], [0.37260905040461084, 0.11826488625595927, 0.14353814711394583, 0.3655879162254841], [0.4685183175975916, 0.16236129886064524, 0.11396066817716373, 0.2551597153645995], [0.15461846562507967, 0.35754133624218115, 0.07275324606715537, 0.4150869520655839], [0.5176946242329776, 0.12940687070926, 0.06456756549745547, 0.2883309395603068], [0.24518604706905126, 0.2620368925332435, 0.08804351803718685, 0.40473354236051834], [0.1285457216988244, 0.1457841294150425, 0.16964532386693232, 0.5560248250192008], [0.22078574843974377, 0.4531002211243478, 0.17578282271158893, 0.15033120772431957], [0.19829781737253255, 0.2399344491405705, 0.2552979130764468, 0.3064698204104503], [0.2561191530279475, 0.4549135286861831, 0.08445928119372088, 0.20450803709214846], [0.2493497476668752, 0.5524701567716156, 0.12697474624799984, 0.0712053493135094], [0.14067257781606698, 0.5117586009944504, 0.193606967725718, 0.15396185346376465], [0.19939581845879223, 0.22406862136954483, 0.2023493821106942, 0.3741861780609689], [0.21843505377910905, 0.3467153072018267, 0.10005857080265368, 0.3347910682164106], [0.1396906153600777, 0.23371818076005346, 0.15952922148174842, 0.4670619823981204], [0.2194291746610946, 0.27840415972094057, 0.19560714166186874, 0.3065595239560961], [0.1556674870007195, 0.21841044129997417, 0.10797950020965648, 0.5179425714896497], [0.43709405329678896, 0.1585901007466801, 0.14449551783120576, 0.2598203281253253], [0.44074741912444687, 0.09344014596673632, 0.06943886127901856, 0.3963735736297983], [0.5851858625228041, 0.16303179783444618, 0.08240085286722454, 0.16938148677552506], [0.17066075868280586, 0.41470057378244896, 0.1290654243248853, 0.2855732432098598], [0.2613826490905533, 0.3629645847256914, 0.16650945501767983, 0.20914331116607557], [0.15466636898455055, 0.5666221353711276, 0.08054823630716743, 0.19816325933715442], [0.39063316695186584, 0.22599589277196447, 0.17803640211015442, 0.2053345381660154], [0.3253234810465409, 0.2834821837203798, 0.12535355025293662, 0.26584078498014285], [0.1916112289125905, 0.28424156249141047, 0.32610073267263845, 0.1980464759233608], [0.4469625318466823, 0.23682271248899323, 0.172364378827165, 0.14385037683715943]]}}