{"test": {"ids": ["109117150", "105118740", "98108370", "110117200", "104114320", "111120190", "111115770", "98111231", "111120531", "97112830", "112120270", "107114321", "112118581", "105118230", "105113210", "107116300", "97105760", "97106000", "105111990", "102121700", "113122220", "101111620", "109113931", "109116930", "109117080", "113121980", "100109000", "107120260", "98120530", "113122150", "97113260", "106116441", "113119300", "98106880", "102110050", "113118231", "103117200", "103113610", "99116500", "105115250", "108114220", "103113260", "109116170", "110115140", "113121810", "101108621", "108115570", "97108520", "108118520", "101119591", "99107560", "112118161", "111121220", "112117461", "101108290", "112117431", "106115120", "104117630", "106113170", "102111990", "106115240", "99109311", "109117431", "113122320", "105115570", "100111270", "106117790", "110118880", "100111620", "104111780", "100113370", "112119610", "100108990", "106120290", "106118520", "103110840", "101112201", "110119030", "99107950", "113118490", "100107920", "99108010", "99108460", "101108121", "107113130", "109113281", "112119980", "106119260", "113120780", "104119290", "99109860", "100120780", "113118620", "97110950", "110118930", "103113210", "113119930", "112118620", "98107410", "105116860", "113122430", "110118301", "101108580", "105116650", "113121010", "100116500", "110113931", "111115400", "98107210", "112119320", "109117600", "112116501", "99112531", "103111930", "104111531", "102116340", "113118810", "113121680", "97106600", "109121351", "99117630", "108118301", "98120010", "107115250", "112118530", "113121410", "110118121", "112119450", "98107340", "108114040", "112116610", "112116810", "113122160", "104113210", "100112060", "99107640", "102121440", "107116340", "112116900", "112120990", "112117030", "113119700"], "labels": [2, 1, 1, 3, 2, 3, 3, 1, 0, 2, 0, 0, 1, 1, 3, 0, 0, 0, 2, 1, 1, 3, 1, 0, 1, 2, 1, 1, 1, 2, 1, 0, 1, 0, 3, 3, 0, 2, 2, 2, 3, 3, 0, 0, 2, 0, 3, 2, 0, 0, 1, 0, 3, 0, 0, 0, 1, 0, 0, 2, 1, 1, 1, 1, 0, 2, 1, 0, 3, 3, 3, 0, 2, 2, 2, 1, 0, 0, 1, 1, 0, 2, 0, 0, 1, 0, 0, 1, 0, 1, 2, 1, 3, 3, 1, 3, 1, 3, 3, 2, 2, 1, 0, 1, 2, 2, 1, 0, 1, 1, 1, 3, 3, 3, 0, 3, 3, 1, 3, 0, 3, 1, 2, 2, 1, 0, 3, 3, 0, 0, 1, 3, 3, 3, 2, 1, 2, 3, 3, 2, 2, 0], "predicted_labels": [1, 2, 3, 0, 3, 1, 3, 0, 1, 0, 2, 1, 2, 3, 1, 3, 3, 1, 3, 1, 1, 3, 3, 0, 3, 3, 3, 1, 1, 2, 3, 0, 1, 3, 3, 3, 0, 0, 1, 1, 1, 0, 2, 3, 1, 3, 0, 3, 3, 3, 1, 3, 3, 3, 0, 0, 0, 2, 1, 0, 1, 3, 3, 1, 1, 1, 1, 3, 0, 3, 3, 2, 1, 3, 1, 3, 0, 1, 3, 3, 0, 1, 1, 3, 2, 3, 1, 3, 1, 2, 1, 3, 1, 3, 3, 2, 0, 3, 2, 3, 3, 1, 3, 1, 3, 1, 3, 1, 1, 2, 0, 3, 3, 1, 0, 3, 3, 3, 2, 1, 3, 3, 3, 3, 1, 3, 3, 0, 2, 2, 0, 0, 1, 1, 1, 2, 3, 3, 0, 1, 3, 1], "confidence_scores": [[0.16634561953969018, 0.3630103115979385, 0.234155293205264, 0.2364887756571075], [0.197404845246578, 0.19458763378227242, 0.3266044406470234, 0.2814030803241261], [0.3245128477380758, 0.18038807314268687, 0.1439489986174244, 0.351150080501813], [0.4738958289891223, 0.18436432988067433, 0.11379478453277514, 0.22794505659742814], [0.19603471953743495, 0.27087397785406786, 0.21049757113382558, 0.3225937314746715], [0.1905937221802454, 0.404688435406307, 0.13575852285811033, 0.26895931955533714], [0.1463735944928496, 0.24613732909740924, 0.30158429202044007, 0.3059047843893012], [0.4284260868635377, 0.3315576121401404, 0.09587110180271129, 0.14414519919361068], [0.2161112413027428, 0.3237169338161042, 0.1561081949056755, 0.30406362997547753], [0.35035423889829254, 0.2511633078675217, 0.15956272447894249, 0.23891972875524325], [0.19500022798988081, 0.266010398945949, 0.2926338580057394, 0.2463555150584308], [0.11097800178555128, 0.44069870724837873, 0.10499478183820331, 0.34332850912786667], [0.10971093256389482, 0.2757667415432993, 0.4372296477516543, 0.17729267814115154], [0.16126516247564818, 0.2844899602341365, 0.26284061769571565, 0.2914042595944999], [0.25509720040955763, 0.3075088859118727, 0.20282575425396623, 0.23456815942460346], [0.2238563785739366, 0.18514804420037298, 0.22594997101516354, 0.36504560621052706], [0.24932192529512717, 0.23662332737290212, 0.2183057080582881, 0.29574903927368246], [0.21793228928845967, 0.38752030110840935, 0.11934876261281852, 0.2751986469903125], [0.13944606249903438, 0.2297232574691613, 0.1011679525840787, 0.5296627274477256], [0.3385248227304086, 0.41996900101875223, 0.08343007300525795, 0.15807610324558125], [0.1889126479000596, 0.30792410625669925, 0.22857819145111372, 0.27458505439212766], [0.22922837517306058, 0.237433182244153, 0.08273890464128658, 0.45059953794149993], [0.17586718026642914, 0.187055713498822, 0.10126796951071923, 0.5358091367240295], [0.34191901941636366, 0.33415950740462586, 0.17105763919808536, 0.1528638339809252], [0.18274254560031097, 0.19258826212756908, 0.2745544719735082, 0.3501147202986118], [0.13872191590558838, 0.3595598649151946, 0.07254547657346594, 0.4291727426057511], [0.1638496778033485, 0.3123702974704229, 0.20449941733243196, 0.3192806073937967], [0.3113474332844798, 0.42313816164079027, 0.1420772793507054, 0.12343712572402442], [0.2260208788507452, 0.3408858664410967, 0.09930287184057002, 0.33379038286758783], [0.26970189620124363, 0.13876866321855408, 0.3234193131229737, 0.2681101274572286], [0.24221178205177588, 0.25614586752696217, 0.20588623734560926, 0.29575611307565275], [0.4708976315592215, 0.16972835833726, 0.22575990933562592, 0.1336141007678926], [0.16763397409210606, 0.5189297639238314, 0.08235979462220164, 0.231076467361861], [0.20398310643725903, 0.24448135416414707, 0.17884335916728822, 0.3726921802313056], [0.10211756689143722, 0.2330791652705251, 0.1423064349349706, 0.5224968329030671], [0.2799513158592133, 0.18199609240450187, 0.13235497504518948, 0.40569761669109533], [0.3284753187504451, 0.28023595417186054, 0.10568419957243212, 0.2856045275052623], [0.31125591833896604, 0.2710486039599106, 0.22966503450752565, 0.18803044319359774], [0.22206865628593045, 0.3876151586133079, 0.18146055964355973, 0.20885562545720207], [0.2638512528034719, 0.30579578857946915, 0.15166781333446056, 0.27868514528259836], [0.19967630211636908, 0.36926039801865423, 0.2734790417933346, 0.15758425807164209], [0.4113905644676402, 0.2252802706381396, 0.17080304797731513, 0.1925261169169051], [0.20632748316152716, 0.19318612716365927, 0.3415163036497613, 0.25897008602505234], [0.24318494689974088, 0.2675698687022572, 0.14993499259240667, 0.33931019180559513], [0.14555427599106655, 0.4902097006201425, 0.1030743232400026, 0.2611617001487883], [0.19725523334234205, 0.2964966008703629, 0.1662599572997311, 0.33998820848756406], [0.2961967691115553, 0.28943148975998545, 0.12421519990516339, 0.2901565412232959], [0.1405828055033266, 0.2811987230052679, 0.07958564879422314, 0.49863282269718257], [0.22554574649367473, 0.22672069111297768, 0.20001534533681734, 0.3477182170565301], [0.2822042727605044, 0.1636871200376792, 0.14760760573618026, 0.40650100146563617], [0.2757471286653799, 0.31076276208366815, 0.16623344188638575, 0.2472566673645662], [0.26105087554681433, 0.20462138482723646, 0.0944257887893334, 0.4399019508366158], [0.15874604793053695, 0.22206271612163817, 0.048274514500585015, 0.5709167214472398], [0.21143243025312716, 0.17112272211447332, 0.09680739531272183, 0.5206374523196777], [0.4235289707941989, 0.1835518276019475, 0.10669241231913973, 0.2862267892847139], [0.6045622943548625, 0.15743881524352646, 0.06904839579754878, 0.16895049460406225], [0.3763944640947665, 0.2332432916871199, 0.1489547738533894, 0.24140747036472415], [0.2417545174299605, 0.23550757602242045, 0.2756690008751578, 0.24706890567246126], [0.13406600477861613, 0.5472386152165866, 0.09269172926680477, 0.22600365073799258], [0.3253963422111276, 0.18792710641106747, 0.16320469868989512, 0.3234718526879097], [0.16310859799203342, 0.5043365537159329, 0.18757510865990215, 0.14497973963213157], [0.2355353833287972, 0.25035699350802754, 0.11393695135691594, 0.40017067180625937], [0.17627409117414658, 0.29510039030462304, 0.10945484032770621, 0.4191706781935241], [0.23738655324429384, 0.4233375752952318, 0.10192954612857863, 0.23734632533189587], [0.35700395680781927, 0.3587600144126839, 0.12713540695345366, 0.15710062182604345], [0.1366513260176686, 0.5052896842651905, 0.104063022324965, 0.25399596739217595], [0.1728333742461577, 0.35449859628615676, 0.11849555706440788, 0.3541724724032778], [0.29125697313922444, 0.22434055870414732, 0.18769710518139612, 0.29670536297523226], [0.47749243614494585, 0.2321457396170602, 0.15469549723719797, 0.13566632700079598], [0.1500869558635465, 0.19183464390215615, 0.1069669724129692, 0.5511114278213282], [0.19662447245741166, 0.24613760671460755, 0.16181714793256316, 0.3954207728954175], [0.14397115261873852, 0.22609430966028465, 0.3786175729045428, 0.2513169648164342], [0.17239295786306316, 0.4184448486538924, 0.1877110760134546, 0.22145111746958973], [0.1250730395130899, 0.287611281032962, 0.11833679456222215, 0.46897888489172596], [0.2361765553614049, 0.4017639410500716, 0.11308836329654064, 0.24897114029198292], [0.23362049830265513, 0.15208331170982445, 0.2990323706796829, 0.31526381930783764], [0.30978585412283144, 0.24430807086524864, 0.1856150014128453, 0.26029107359907466], [0.3256881910900122, 0.3743425549754895, 0.13013055460064124, 0.16983869933385706], [0.14833763674887196, 0.2326403087204178, 0.2142706512955856, 0.4047514032351247], [0.25983757699216825, 0.16239620545249406, 0.14579250555304055, 0.4319737120022971], [0.36248982164382193, 0.3436925104792958, 0.08723731941849987, 0.20658034845838255], [0.22243890684744574, 0.46092228966539106, 0.14521227706607687, 0.17142652642108624], [0.21410192843176645, 0.46484347939058007, 0.08297017840795247, 0.23808441376970094], [0.14762502147604606, 0.24661591392896753, 0.14896913977292908, 0.4567899248220574], [0.16385716526075642, 0.15437664623924, 0.5497959362812109, 0.13197025221879274], [0.15143152815938207, 0.3211426681739543, 0.07006863879852883, 0.4573571648681347], [0.11254433268349318, 0.41149001003047214, 0.15746705857415294, 0.31849859871188163], [0.2527223172578, 0.19669933083616556, 0.21629594986755477, 0.33428240203847964], [0.21613116511097194, 0.4146091616604375, 0.18712970942946855, 0.1821299637991221], [0.14330703873592152, 0.2763313463069975, 0.38289095163920384, 0.19747066331787708], [0.24874934661801923, 0.37118094774813926, 0.15788704392050973, 0.22218266171333184], [0.2537092437602218, 0.24497022694405632, 0.17573403619585892, 0.32558649309986304], [0.21026861372558725, 0.4083874093931874, 0.09483486316580439, 0.2865091137154209], [0.20831796580447498, 0.23123924628613976, 0.08420583179148877, 0.4762369561178965], [0.21367619582439137, 0.28714527070211193, 0.12141162726094126, 0.3777669062125554], [0.26443944318269935, 0.26537656020937045, 0.27743202882745965, 0.1927519677804705], [0.3258330668882341, 0.2538622094719209, 0.2570472719628643, 0.16325745167698055], [0.18834682199613845, 0.25416191616141554, 0.09979874169629167, 0.4576925201461545], [0.18566142280465353, 0.3101875639567227, 0.35141652888034897, 0.15273448435827486], [0.22390444011146246, 0.21143141448078973, 0.2582014923536903, 0.30646265305405757], [0.18279933285366431, 0.27245174827745583, 0.15563932621611634, 0.38910959265276346], [0.2219429212212146, 0.36210826363570975, 0.17774408037689132, 0.23820473476618462], [0.31608538554786675, 0.16000494470217666, 0.1502556914293329, 0.37365397832062375], [0.15096402187142532, 0.3646546673122992, 0.23979953238436508, 0.24458177843191045], [0.22146948395526256, 0.18163134444313328, 0.15931568222929185, 0.43758348937231223], [0.23117775283842756, 0.29886718811713936, 0.2756388356758826, 0.19431622336855064], [0.2572130287156346, 0.2919916430329, 0.1327348308187764, 0.3180604974326889], [0.2376842184593172, 0.31383707706181396, 0.18664253474285247, 0.26183616973601653], [0.24128955425789886, 0.30870097197756136, 0.24391744274034396, 0.20609203102419588], [0.10464121077364376, 0.26379721239446197, 0.419964879445413, 0.21159669738648137], [0.4427380721527163, 0.3315629367910784, 0.06217653603838786, 0.16352245501781745], [0.24567256157054462, 0.24734695060044146, 0.10865844182005488, 0.3983220460089591], [0.19008932820668437, 0.31896025328445754, 0.12791525664562145, 0.36303516186323675], [0.2725571477682444, 0.3380741361384095, 0.14964221100386202, 0.23972650508948418], [0.47890817449730994, 0.18643478493009868, 0.07226201898756117, 0.2623950215850303], [0.15958561354901418, 0.2294734128792245, 0.2508551385554384, 0.36008583501632313], [0.1304081066962334, 0.3308189454909243, 0.07706665136394808, 0.46170629644889416], [0.1205238283491433, 0.2500166722066124, 0.08523431823401281, 0.5442251812102314], [0.13644874815226388, 0.3554480428900124, 0.3710609867897934, 0.1370422221679303], [0.11410879514451439, 0.6417705377432672, 0.04701936249835339, 0.19710130461386485], [0.2027060877247656, 0.2596221359639283, 0.20721419325237256, 0.3304575830589337], [0.35158901425674094, 0.20365479942166023, 0.092011998832671, 0.35274418748892805], [0.20249999795210918, 0.16037933989542896, 0.2898458830814408, 0.34727477907102106], [0.1303398282711314, 0.2471626022567343, 0.1786964606543924, 0.443801108817742], [0.1850462183612138, 0.4371728514753078, 0.14447626304495573, 0.23330466711852269], [0.19969899573761682, 0.32446130592122, 0.08320297008741016, 0.39263672825375306], [0.17434308221986705, 0.20318714470893717, 0.08584112553481082, 0.5366286475363848], [0.44800974437596774, 0.2181956665410989, 0.11944898564754106, 0.21434560343539247], [0.16257892394839338, 0.13360882733550475, 0.45058736508202, 0.25322488363408185], [0.13006734332504336, 0.26536068124946627, 0.3479889902469132, 0.25658298517857714], [0.3600984477737358, 0.17691344329680803, 0.2071020519305166, 0.25588605699893985], [0.3623658845955479, 0.25595284510556265, 0.13276733932594023, 0.24891393097294942], [0.18429622510892987, 0.4919517850661049, 0.12894888426535991, 0.1948031055596055], [0.26083012682745643, 0.300057924817337, 0.18862287537839698, 0.2504890729768096], [0.31368174818262146, 0.37592441431391743, 0.11684295864137141, 0.19355087886208983], [0.07276147794436406, 0.14056752461514369, 0.6264929050500313, 0.16017809239046088], [0.12864053604657005, 0.35365680037074665, 0.1404944869444464, 0.37720817663823697], [0.25533489362724926, 0.2451964650702951, 0.21227214664908203, 0.28719649465337355], [0.6029161000643639, 0.11553540908088276, 0.13607152306091885, 0.1454769677938345], [0.26657974672601725, 0.4843764078409086, 0.11443811569263844, 0.1346057297404357], [0.21457229025266936, 0.26897140508020456, 0.12113829785408196, 0.39531800681304413], [0.12068212746704954, 0.5062884838340511, 0.10407718308648552, 0.268952205612414]]}, "rewritten": {"ids": ["97105760", "97106000", "97106600", "97108520", "97110950", "97112830", "97113260", "98106880", "98107210", "98107340", "98107410", "98108370", "98111231", "98120010", "98120530", "99107560", "99107640", "99107950", "99108010", "99108460", "99109311", "99109860", "99112531", "99116500", "99117630", "100107920", "100108990", "100109000", "100111270", "100111620", "100112060", "100113370", "100116500", "100120780", "101108121", "101108290", "101108580", "101108621", "101111620", "101112201", "101119591", "102110050", "102111990", "102116340", "102121440", "102121700", "103110840", "103111930", "103113210", "103113260", "103113610", "103117200", "104111531", "104111780", "104113210", "104114320", "104117630", "104119290", "105111990", "105113210", "105115250", "105115570", "105116650", "105116860", "105118230", "105118740", "106113170", "106115120", "106115240", "106116441", "106117790", "106118520", "106119260", "106120290", "107113130", "107114321", "107115250", "107116300", "107116340", "107120260", "108114040", "108114220", "108115570", "108118301", "108118520", "109113281", "109113931", "109116170", "109116930", "109117080", "109117150", "109117431", "109117600", "109121351", "110113931", "110115140", "110117200", "110118121", "110118301", "110118880", "110118930", "110119030", "111115400", "111115770", "111120190", "111120531", "111121220", "112116501", "112116610", "112116810", "112116900", "112117030", "112117431", "112117461", "112118161", "112118530", "112118581", "112118620", "112119320", "112119450", "112119610", "112119980", "112120270", "112120990", "113118231", "113118490", "113118620", "113118810", "113119300", "113119700", "113119930", "113120780", "113121010", "113121410", "113121680", "113121810", "113121980", "113122150", "113122160", "113122220", "113122320", "113122430"], "labels": [0, 0, 3, 2, 3, 2, 1, 0, 1, 0, 3, 1, 1, 2, 1, 1, 1, 1, 2, 0, 1, 2, 3, 2, 3, 0, 2, 1, 2, 3, 2, 3, 2, 1, 0, 0, 0, 0, 3, 0, 0, 3, 2, 3, 2, 1, 1, 3, 3, 3, 2, 0, 0, 3, 3, 2, 0, 1, 2, 3, 2, 0, 1, 2, 1, 1, 0, 1, 1, 0, 1, 2, 1, 2, 1, 0, 2, 0, 3, 1, 0, 3, 3, 1, 0, 0, 1, 0, 0, 1, 2, 1, 1, 0, 1, 0, 3, 3, 1, 0, 1, 0, 0, 3, 3, 0, 3, 3, 1, 3, 3, 2, 0, 0, 0, 1, 1, 3, 1, 3, 0, 0, 0, 2, 3, 1, 3, 3, 1, 0, 1, 0, 2, 0, 1, 2, 2, 2, 3, 1, 1, 2], "predicted_labels": [0, 1, 1, 1, 1, 1, 2, 1, 3, 3, 2, 1, 0, 2, 1, 1, 2, 3, 1, 0, 3, 3, 3, 1, 3, 1, 3, 3, 1, 0, 3, 2, 3, 3, 3, 0, 3, 3, 1, 1, 0, 3, 3, 3, 3, 1, 1, 3, 1, 1, 2, 1, 3, 3, 1, 1, 0, 2, 3, 2, 0, 0, 3, 1, 3, 3, 1, 3, 1, 0, 1, 3, 3, 3, 1, 1, 3, 3, 3, 1, 1, 0, 0, 0, 3, 1, 3, 3, 1, 3, 0, 3, 0, 1, 3, 3, 0, 3, 1, 3, 3, 0, 1, 3, 3, 1, 3, 3, 0, 0, 0, 3, 0, 3, 0, 1, 3, 3, 2, 3, 2, 3, 3, 1, 3, 0, 3, 3, 1, 3, 1, 1, 3, 3, 1, 1, 3, 3, 1, 2, 1, 3], "confidence_scores": [[0.3911095904869294, 0.25276674902943047, 0.16494750207672065, 0.19117615840691954], [0.18044803731121453, 0.36155525225416874, 0.11302235055242997, 0.3449743598821869], [0.226988722581555, 0.3655667241803354, 0.24242522364068952, 0.16501932959742013], [0.1981994757053344, 0.3945735800057993, 0.1030813648139364, 0.30414557947493], [0.27662238616670487, 0.3970862419731654, 0.12056490306459984, 0.20572646879552992], [0.2053403160497023, 0.3132553523657913, 0.20856995549206173, 0.2728343760924447], [0.1307999826175195, 0.19061685666504138, 0.4489894946982222, 0.22959366601921702], [0.20701728938561176, 0.3948606470887032, 0.1421821984454469, 0.25593986508023825], [0.15214039455741069, 0.30026785157740415, 0.2112737549859108, 0.3363179988792742], [0.10312052821467149, 0.14603499790823682, 0.2437534189446038, 0.5070910549324879], [0.18448263398663664, 0.18826687508699722, 0.36651659613521925, 0.2607338947911469], [0.22098979756474657, 0.305730777464213, 0.17592426530275604, 0.2973551596682844], [0.46918806554844505, 0.2643197877031164, 0.15287833401427328, 0.11361381273416525], [0.19993662992795633, 0.17208448346668676, 0.32544464179027577, 0.30253424481508123], [0.1891424914436551, 0.4813788128850027, 0.09481935265808011, 0.2346593430132622], [0.2098553053983983, 0.311209660978059, 0.1814647194975208, 0.2974703141260219], [0.13960637976653914, 0.12885623094715715, 0.48818682069309727, 0.2433505685932065], [0.2190430253283945, 0.27099753587160935, 0.2269864242402173, 0.2829730145597788], [0.14990410729823214, 0.5561982502630315, 0.1284744980077602, 0.16542314443097608], [0.43332180567748413, 0.1107603840639597, 0.04289062586290992, 0.41302718439564634], [0.13377573257329967, 0.21715486925155045, 0.2847541756883563, 0.36431522248679366], [0.16751792246524452, 0.33802392688605143, 0.11432063800520138, 0.3801375126435028], [0.22259188191298854, 0.3409645875167445, 0.05130450799971547, 0.38513902257055155], [0.24870606893123953, 0.3794044653053984, 0.21039335743950635, 0.16149610832385575], [0.17035956754887785, 0.2785968646527987, 0.253698527791999, 0.29734504000632445], [0.15003374193778574, 0.4984293255400658, 0.050523497986671564, 0.3010134345354769], [0.15313367686138524, 0.18839687250622555, 0.29594446266863916, 0.3625249879637501], [0.17996898820531926, 0.2782142641479202, 0.2271303831525102, 0.31468636449425036], [0.09162184243704377, 0.5924918905548813, 0.1185793767072166, 0.19730689030085832], [0.41418063766565955, 0.28314507219493296, 0.15753493153628628, 0.14513935860312133], [0.23518752963924347, 0.3054645747592055, 0.14553486552432449, 0.3138130300772266], [0.17830337559534368, 0.24255035830215305, 0.3814274387071397, 0.1977188273953636], [0.20037779701696432, 0.22805209569624216, 0.18644404917804966, 0.38512605810874395], [0.2209734992603873, 0.22286477260512044, 0.11978785872863723, 0.4363738694058551], [0.15947625896485665, 0.27641649552786374, 0.09568242442549699, 0.46842482108178274], [0.3446920924328744, 0.2032240156288193, 0.13422033819893356, 0.3178635537393728], [0.25775081031756913, 0.14253177480072357, 0.29686510894638946, 0.302852305935318], [0.1569022770660474, 0.24124752545937098, 0.24679048739790382, 0.35505971007667797], [0.2657609773481533, 0.32877126189388384, 0.11125051087623565, 0.29421724988172715], [0.13143556912066734, 0.46995855826863925, 0.2019430640028355, 0.19666280860785798], [0.32504561882939703, 0.16315973379683973, 0.1979819279473134, 0.3138127194264499], [0.09307893131888179, 0.15185980713702613, 0.35638971485853493, 0.39867154668555715], [0.2293801708524752, 0.22088588266827308, 0.18783471604764662, 0.36189923043160516], [0.08795536595578925, 0.18998385917238153, 0.281512782518267, 0.44054799235356235], [0.09521582733805556, 0.3445813477406312, 0.09390114909560378, 0.4663016758257095], [0.27685110258225676, 0.4257970303880564, 0.09115366529981506, 0.20619820172987186], [0.18254985488076947, 0.3828549541814683, 0.18905319510340116, 0.2455419958343612], [0.20163262453627048, 0.30373828021791816, 0.18455928693884885, 0.3100698083069624], [0.2624973136586156, 0.46309048646720946, 0.11974746998418022, 0.15466472988999475], [0.22209171828177027, 0.38571354653485546, 0.15644546859583763, 0.23574926658753664], [0.21568853583589753, 0.24249405302089386, 0.3656525817636932, 0.1761648293795154], [0.17664718228563567, 0.38390318040543714, 0.1281056582578204, 0.3113439790511069], [0.28554689241135756, 0.16507373169201112, 0.08130904961277546, 0.46807032628385586], [0.34170925516730816, 0.17115979233966233, 0.07849488672595563, 0.40863606576707373], [0.19520802748225038, 0.41899364074352596, 0.1143545951467107, 0.27144373662751303], [0.2505330041235799, 0.3157555672492683, 0.1610653551553067, 0.27264607347184505], [0.30751159422213564, 0.22589879258691656, 0.18284742013632263, 0.28374219305462534], [0.14785242624031555, 0.2956513624501361, 0.3551911008784066, 0.20130511043114183], [0.2208016046680483, 0.304717170100775, 0.13322633124984085, 0.341254893981336], [0.14646365758157018, 0.2532525009215732, 0.37919909515606653, 0.2210847463407903], [0.32855092993240265, 0.25661525576301736, 0.10166053252461743, 0.3131732817799627], [0.3585043626258174, 0.29798085633698423, 0.16799501101169573, 0.17551977002550276], [0.18400861709018188, 0.24599833019758563, 0.1935615494864124, 0.3764315032258202], [0.19137646700244626, 0.42597792978497534, 0.15415638611831342, 0.228489217094265], [0.12371044961973333, 0.2822181513354137, 0.20135102513616573, 0.39272037390868725], [0.16584933307748598, 0.1842968041231777, 0.23570073947421635, 0.41415312332511994], [0.1161490329585133, 0.5662111555165413, 0.16291772824956546, 0.15472208327537998], [0.25320298454939993, 0.2672346060011568, 0.08225181699732392, 0.3973105924521194], [0.10753069406765191, 0.6309663632594229, 0.18445639068567957, 0.0770465519872455], [0.46224467143915765, 0.09871185954508742, 0.29800661807423867, 0.14103685094151602], [0.19806262393894752, 0.3558426412537856, 0.11716180851876323, 0.3289329262885036], [0.18920773500014834, 0.24451641656203058, 0.1409138493734406, 0.42536199906438066], [0.1864886717096926, 0.24413930325356153, 0.203018484069675, 0.36635354096707096], [0.14581129844169155, 0.3298202665044869, 0.13790881128316737, 0.38645962377065424], [0.1654466535009548, 0.4160990377398888, 0.20480046745866592, 0.21365384130049045], [0.1384693171931716, 0.4524042270155604, 0.07053264552287668, 0.3385938102683913], [0.15112820733484078, 0.2373873589013837, 0.1858035838692704, 0.4256808498945052], [0.1828632530564743, 0.19651832262374014, 0.19370649751650423, 0.42691192680328127], [0.1239103861874092, 0.27822390707214206, 0.09899716128371759, 0.49886854545673126], [0.2587702157935574, 0.4847584701662702, 0.09672685084617696, 0.15974446319399557], [0.19384873866513777, 0.3208958221614967, 0.2248276466168918, 0.2604277925564738], [0.30730810682284565, 0.2417748277610366, 0.2788274358453001, 0.17208962957081772], [0.36012523611043484, 0.2011525089609758, 0.1455315247119237, 0.2931907302166657], [0.5163194266135057, 0.20505362318701245, 0.07479182418462126, 0.2038351260148607], [0.26877091647952417, 0.2521470844587594, 0.1513537591886, 0.32772823987311644], [0.13842227796267986, 0.43930320909122217, 0.07312180487849176, 0.34915270806760595], [0.32702209451035125, 0.12435048678775366, 0.07789243858859675, 0.4707349801132984], [0.2549782713068412, 0.23597406814334826, 0.21210579701146634, 0.29694186353834434], [0.2126783102824086, 0.29139517527213765, 0.270448711901399, 0.2254778025440547], [0.07685216567955686, 0.17097002900678268, 0.33033444292054465, 0.42184336239311576], [0.35595062113094533, 0.290329507189472, 0.14976288836081306, 0.2039569833187696], [0.25960248128472957, 0.27539046825557717, 0.1121666863375339, 0.3528403641221594], [0.36064128569634146, 0.20878872042350916, 0.07687926203957525, 0.35369073184057426], [0.20666908071292128, 0.6026292734248261, 0.08105811972095205, 0.10964352614130075], [0.16750931326681243, 0.336606355499827, 0.06834110792864354, 0.4275432233047172], [0.22990011357175813, 0.3138847609460378, 0.09332925068082876, 0.36288587480137535], [0.5389135986415513, 0.15027980138815344, 0.1306199190412355, 0.18018668092905987], [0.18076948828304337, 0.20617441228532818, 0.09135604521816515, 0.5217000542134635], [0.23733861000563136, 0.3523629404397311, 0.19417210009663877, 0.2161263494579988], [0.19553569004051446, 0.11262810849712188, 0.13600959709247412, 0.5558266043698895], [0.14060267631965115, 0.15073669145763274, 0.10521862863732732, 0.6034420035853887], [0.37857480664465964, 0.330054084400814, 0.1015589676420792, 0.18981214131244734], [0.18009953515839888, 0.4855496092454988, 0.18837621714288208, 0.1459746384532202], [0.13836498279240464, 0.14616849034364518, 0.2091543135578227, 0.5063122133061275], [0.2080854988898053, 0.22576620083083426, 0.1516044244115145, 0.4145438758678459], [0.15451370054970323, 0.3993642797121372, 0.13043958993461216, 0.31568242980354755], [0.22390985182279965, 0.23840863696475464, 0.07847251724790398, 0.4592089939645418], [0.2646906737190204, 0.23956798720361155, 0.0947168226509844, 0.4010245164263836], [0.37285824496082065, 0.25155932073074333, 0.13680963567482732, 0.2387727986336088], [0.45677273767973614, 0.24396309132213498, 0.1826691296908505, 0.11659504130727846], [0.44487240386480137, 0.2298817529898762, 0.09118302208011851, 0.23406282106520399], [0.22845989598864896, 0.18359782580208378, 0.1486964231825626, 0.43924585502670455], [0.3907874721705112, 0.3553174416176129, 0.10732186191743269, 0.14657322429444336], [0.13847857281720863, 0.1516766308833181, 0.1975198581472007, 0.5123249381522726], [0.5992726836505272, 0.2526274602894402, 0.057645183268045255, 0.09045467279198738], [0.18968744903828497, 0.42568482053026296, 0.18784461480777223, 0.19678311562367967], [0.20293107835606655, 0.22668081044207342, 0.17466190588540267, 0.3957262053164573], [0.3275989148697106, 0.22241601159685204, 0.0795752120554714, 0.37040986147796584], [0.08416655836244838, 0.2203388318497982, 0.3592196328570275, 0.3362749769307261], [0.18149769397945947, 0.24625246013250646, 0.10694937847363714, 0.46530046741439696], [0.0895671895840094, 0.12546328914868235, 0.5721963875561193, 0.21277313371118903], [0.06554227483788126, 0.4091979108406067, 0.11253021571942069, 0.41272959860209135], [0.2267409231511229, 0.254573533668126, 0.21971854338841326, 0.2989669997923377], [0.2294183481138333, 0.524447399088276, 0.0857108522104699, 0.1604234005874209], [0.17690212295105884, 0.1052500858136429, 0.2553428019446732, 0.46250498929062506], [0.46828653128455405, 0.16520364633088624, 0.10931313562645127, 0.2571966867581085], [0.15338633241274768, 0.24761957625502, 0.1071600111244605, 0.49183408020777164], [0.11440047456079933, 0.3527145777552909, 0.07455773593768412, 0.45832721174622587], [0.2310938440732299, 0.4627183435074061, 0.0955096407716475, 0.21067817164771643], [0.12492763861114513, 0.34256607109386344, 0.030844476401263043, 0.5016618138937284], [0.20684108724189904, 0.3921593981303877, 0.1525718883877186, 0.2484276262399948], [0.17242491452115088, 0.3357582020185738, 0.30582511063432394, 0.18599177282595122], [0.29531010647474204, 0.2525947517922068, 0.10709471630024846, 0.34500042543280274], [0.18542421988301666, 0.3206207879503707, 0.12728506820764177, 0.36666992395897113], [0.12196665139916384, 0.4595515996671928, 0.15721475306722413, 0.26126699586641927], [0.18028698782956862, 0.4136453864666717, 0.10226917022413717, 0.30379845547962253], [0.08897812434414258, 0.2542997088581159, 0.1350395990285918, 0.5216825677691497], [0.19309128188144808, 0.18972697159628574, 0.1641475942545048, 0.45303415226776145], [0.20625697067334148, 0.31783822487732594, 0.26787454956332024, 0.20803025488601234], [0.20930773053521506, 0.2653447275323583, 0.27532785866741094, 0.25001968326501567], [0.20274539635239136, 0.36708931941763095, 0.08265753496990857, 0.3475077492600691], [0.13039468150982364, 0.34715496978414034, 0.1407310628592677, 0.3817192858467684]]}}