{"test": {"ids": ["108113700", "110117140", "97106600", "112116640", "107120010", "108121351", "106118820", "106118301", "111115780", "106112770", "99109161", "111119250", "106113360", "97107920", "102111990", "101112160", "106115250", "111116990", "99108580", "112116880", "101111140", "100109910", "101117580", "100109330", "103112470", "110114920", "108121160", "108119510", "108119330", "112120630", "97110950", "113120280", "112116800", "101108621", "105115720", "100108520", "102109850", "107118820", "100108490", "98106880", "103113210", "103113610", "99108000", "102109010", "105117431", "104111531", "103111540", "100120780", "109119340", "113120780", "98121790", "106111321", "112117471", "101108121", "111116750", "106116441", "102109840", "106113170", "103111990", "111116411", "98116940", "103111480", "108113480", "111121410", "105115900", "109113931", "104111830", "103120730", "98107410", "99109840", "108114040", "112119930", "110115580", "110119300", "113122510", "111114321", "108120621", "98107210", "97116401", "104113170", "101114990", "110115250", "113121010", "110121450", "99112300", "108116070", "107116980", "112120670", "107115140", "97107821", "110114321", "111120540", "100120010", "104114320", "112119500", "106120640", "110116441", "108120260", "112120990", "102113210", "99109141", "99109740", "110115980", "109114030", "106114880", "105113620", "111120640", "108115570", "106114150", "101113210", "108118630", "110114651", "106116640", "98107010", "97107950", "97113900", "111116090", "97112830", "105113440", "99119830", "110120190", "104113190", "109116170", "109117110", "112118701", "108113620", "113119700", "110121140", "113119340", "109119010", "107118520", "112119980", "105118230", "101116130", "104116980", "109115380", "102113981", "111119150", "101109370", "110118181", "111117200", "105113260"], "labels": [0, 3, 3, 0, 1, 3, 3, 1, 1, 1, 3, 1, 0, 0, 2, 3, 2, 0, 0, 0, 2, 2, 3, 0, 1, 3, 2, 1, 0, 3, 3, 0, 0, 0, 1, 2, 1, 3, 2, 0, 3, 2, 2, 1, 1, 0, 1, 1, 3, 0, 2, 0, 3, 0, 3, 0, 2, 0, 2, 0, 2, 0, 0, 0, 3, 1, 3, 1, 3, 2, 0, 1, 1, 1, 2, 1, 1, 1, 3, 3, 3, 1, 2, 3, 0, 1, 3, 2, 0, 2, 1, 1, 0, 2, 2, 3, 3, 1, 2, 3, 3, 3, 1, 1, 0, 0, 0, 3, 1, 3, 1, 3, 3, 3, 2, 2, 3, 2, 0, 1, 3, 3, 0, 1, 0, 3, 0, 3, 0, 3, 2, 0, 1, 2, 1, 3, 1, 3, 1, 1, 0, 3], "predicted_labels": [3, 3, 1, 1, 3, 1, 1, 0, 1, 1, 1, 0, 1, 0, 0, 1, 1, 3, 1, 1, 0, 1, 1, 0, 3, 1, 1, 3, 1, 3, 0, 0, 1, 1, 1, 3, 1, 1, 3, 1, 1, 3, 1, 1, 3, 0, 3, 3, 3, 1, 1, 1, 1, 0, 3, 1, 1, 1, 1, 0, 1, 0, 1, 1, 1, 1, 1, 3, 3, 3, 1, 3, 3, 1, 1, 0, 3, 1, 0, 1, 1, 1, 1, 1, 1, 1, 1, 1, 3, 0, 3, 1, 1, 1, 1, 1, 1, 1, 1, 3, 3, 3, 1, 0, 1, 3, 1, 1, 0, 0, 3, 0, 3, 0, 3, 1, 0, 1, 3, 0, 3, 1, 0, 1, 3, 1, 1, 3, 1, 1, 1, 3, 1, 1, 1, 1, 1, 3, 1, 3, 3, 3], "confidence_scores": [[0.17246938339438345, 0.2770178561204875, 0.2447825157298843, 0.3057302447552449], [0.2570726273726275, 0.2613815351315352, 0.18108475238212082, 0.3004610851137167], [0.23592681207681226, 0.2893010267510268, 0.19956167721167736, 0.27521048396048403], [0.2244736919513236, 0.32544430496404175, 0.16924995004995003, 0.28083205303468467], [0.1703120240870241, 0.27967617105117104, 0.2501444055944056, 0.2998673992673993], [0.28672389832389844, 0.29006653901653895, 0.17721656223893062, 0.24599300042063227], [0.22206404151404163, 0.27231666009429184, 0.23702792865029726, 0.2685913697413697], [0.3839054889554889, 0.23558999333999342, 0.15861310356310357, 0.22189141414141428], [0.22641667466520413, 0.2895119416531183, 0.23556875020404436, 0.24850263347763346], [0.1784411477411479, 0.3074025058275057, 0.22595962566844932, 0.28819672076289726], [0.2654685037185038, 0.28010778665778674, 0.18241116106116106, 0.27201254856254853], [0.271334953934954, 0.2501504717504717, 0.2196710733710735, 0.25884350094350106], [0.2412233599733601, 0.31064517704517697, 0.1444894660894661, 0.30364199689199706], [0.38879248333365946, 0.24189117549117556, 0.14673197554079917, 0.22258436563436576], [0.3070883541295306, 0.2727606060606062, 0.1557556998556999, 0.2643953399541634], [0.22874497855945222, 0.32762616827616836, 0.1718323527349844, 0.2717965004293951], [0.19027311022311036, 0.3282298146298146, 0.20062869352869367, 0.2808683816183816], [0.23479791515673862, 0.2754486743648507, 0.17480208680208692, 0.3149513236763235], [0.20877907647907662, 0.28672895437895457, 0.21886638361638364, 0.2856255855255856], [0.20205267787767792, 0.31189733044733037, 0.19155238650238648, 0.29449760517260526], [0.28273194028194026, 0.27833681318681336, 0.1839797147297148, 0.2549515318015318], [0.18665390720390734, 0.3095231102231103, 0.22924021534021558, 0.2745827672327674], [0.25501820401820396, 0.28378601953601973, 0.18612361527361518, 0.27507216117216127], [0.3803947869124342, 0.25354862082362106, 0.1457552519376049, 0.22030134032634036], [0.22420235320235335, 0.2756843664505431, 0.21763081281463628, 0.28248246753246753], [0.21987546342546357, 0.2957950707788944, 0.200837610428787, 0.2834918553668552], [0.21881230436230456, 0.34659463869463897, 0.15147009657009664, 0.28312296037296053], [0.22044452769452777, 0.2780741203241204, 0.19286788766788768, 0.3086134643134643], [0.22783293928293938, 0.29739149461649467, 0.1901976523476524, 0.28457791375291375], [0.25675984293484305, 0.2291467560217562, 0.19727529137529137, 0.3168181096681096], [0.3099940642690641, 0.20769588189588206, 0.17856391386391401, 0.30374613997114003], [0.2955956349206352, 0.24230593018093022, 0.19428977133977135, 0.26780866355866356], [0.20096794594294615, 0.31225142357642344, 0.1906350760350762, 0.2961455544455546], [0.23379637029637024, 0.3096859029859029, 0.18922656232656243, 0.2672911643911646], [0.23534918414918427, 0.2760273615273617, 0.22645655455655475, 0.26216689976689983], [0.20818324453324458, 0.27822902097902097, 0.23459625015507388, 0.27899148433266097], [0.227679156954157, 0.2976826431738198, 0.20959812985432183, 0.2650400700177017], [0.22374264069264088, 0.2959528988555305, 0.20234308294045147, 0.27796137751137745], [0.20689302919302935, 0.2733490870240871, 0.21349516317016337, 0.30626272061272075], [0.20921317571317574, 0.2920886446886448, 0.2388628621378622, 0.2598353174603176], [0.20987106782106796, 0.2921065656565656, 0.20982996447996452, 0.28819240204240226], [0.23715839160839175, 0.2613328726828727, 0.21681467421467432, 0.2846940614940615], [0.2373850843600844, 0.3027447274947275, 0.2348773143523144, 0.22499287379287392], [0.2371911033411034, 0.2833344655344658, 0.24382434787434792, 0.23565008325008333], [0.260385336885337, 0.2485471750471751, 0.18924144189144193, 0.30182604617604614], [0.33661660561660556, 0.2873434787434787, 0.15944022644022646, 0.2165996891996893], [0.18140129315129327, 0.2973611055611056, 0.2014853091353093, 0.31975229215229206], [0.22767206959706965, 0.27152631535131544, 0.2264884892884892, 0.2743131257631259], [0.23652481962481955, 0.2688442279942281, 0.1883413031413033, 0.30628964923964935], [0.2016355745132062, 0.3629387098281835, 0.14502517482517488, 0.29040054083343564], [0.22983739952857615, 0.29408760683760676, 0.2070541569541569, 0.2690208366796604], [0.21153779390544117, 0.3232473082473082, 0.1578166294489825, 0.30739826839826834], [0.24907517564135206, 0.29532382894882897, 0.17341631701631713, 0.2821846783935018], [0.3276233211233212, 0.23686060051060046, 0.15983883338883342, 0.27567724497724494], [0.268994922561099, 0.21969336496836508, 0.17203676046176053, 0.33927495200877567], [0.24973088023088028, 0.3319527972027973, 0.1347887334887336, 0.28352758907758924], [0.23756580086580106, 0.34575990675990675, 0.169134632034632, 0.24753966033966032], [0.2751762404262404, 0.29902963147963163, 0.14796147186147193, 0.27783265623265635], [0.21979567099567107, 0.2829194888444888, 0.22030209235209244, 0.27698274780774784], [0.35386159951159935, 0.19515441225441235, 0.17765768120768133, 0.27332630702630706], [0.22256524309024311, 0.3316116827616827, 0.19654681152181172, 0.24927626262626262], [0.30835392940392936, 0.27495716505716516, 0.15334780774780798, 0.263341097791098], [0.18949275006039726, 0.2944680624930624, 0.23038942054677355, 0.28564976689976695], [0.1929082140082141, 0.3541688478188478, 0.17284175269175278, 0.2800811854811855], [0.22214218004218014, 0.3414438616938618, 0.16758460983461002, 0.26882934842934864], [0.24860278230541402, 0.27937556186503554, 0.19462412228294582, 0.2773975335466049], [0.15974502997003007, 0.3454944527694527, 0.20555623820623825, 0.28920427905427903], [0.26821934536052183, 0.25025273060273084, 0.20263197913197933, 0.2788959449047684], [0.25940505638152705, 0.26853635253635255, 0.1892128645863941, 0.28284572649572653], [0.18890397380397386, 0.2724015936677703, 0.26265210818593193, 0.27604232434232456], [0.1797867743367744, 0.34088044455544464, 0.20050909645909648, 0.2788236846486849], [0.20092305194805196, 0.2868445110445111, 0.21920891053391062, 0.2930235264735266], [0.22380164835164842, 0.28696771529124465, 0.16072945942945951, 0.3285011769276472], [0.25789669219669226, 0.262002947052947, 0.21907453379953382, 0.26102582695082704], [0.20502711455211473, 0.3168394216894217, 0.17555069652569652, 0.3025827672327671], [0.26824563492063486, 0.2676913281163282, 0.2002399711399713, 0.26382306582306586], [0.25312930957930957, 0.2466299533799534, 0.1738324713298399, 0.3264082657108973], [0.20768474221856584, 0.32320615577233214, 0.1855686702186703, 0.2835404317904317], [0.3034980741480741, 0.252537334887335, 0.1740916250416251, 0.26987296592296595], [0.232847110405934, 0.3273159015820779, 0.17377410922410924, 0.26606287878787893], [0.24425212010212013, 0.3041945110445113, 0.20764441946941956, 0.24390894938394947], [0.21510295374560084, 0.31685496170496164, 0.19076148181883487, 0.2772806027306028], [0.20467453102453112, 0.3203257298257299, 0.1941500666000667, 0.2808496725496725], [0.25076516436779595, 0.31349173531147223, 0.14284360916860925, 0.2928994911521227], [0.24115227550227564, 0.27952395937395935, 0.20454356754356762, 0.2747801975801976], [0.2132890351478588, 0.3155035936285937, 0.1883166583416586, 0.2828907128818894], [0.284069968593498, 0.3000772949272948, 0.1826204964969671, 0.2332322399822399], [0.22786046176046193, 0.3071538683538685, 0.16768636918636928, 0.2972993006993008], [0.2418831834831835, 0.2233460095460095, 0.19199377844377852, 0.3427770285270286], [0.3113262265512266, 0.27586010656010673, 0.18229823232323242, 0.2305154345654346], [0.2775228568816804, 0.25984471084471084, 0.1575961629873395, 0.3050362692862694], [0.2727351148851149, 0.28788314185814184, 0.1737284077034077, 0.26565333555333565], [0.2165003663003665, 0.285739640914641, 0.2156894022644023, 0.2820705905205906], [0.2315770104164842, 0.28559461371961375, 0.2170116206892523, 0.26581675517465], [0.1862356421356422, 0.29788138528138525, 0.23351534021534018, 0.2823676323676325], [0.18007313417576593, 0.3085829635277005, 0.2226353896103897, 0.2887085126861443], [0.18783559218559231, 0.32992490009989983, 0.19289872072372083, 0.2893407869907869], [0.2305168961757197, 0.3487132736544501, 0.14850413475413482, 0.27226569541569545], [0.17895725908078855, 0.32712651967915124, 0.20810203820087736, 0.28581418303918316], [0.22718458485958493, 0.26747485569985563, 0.20639290811527655, 0.29894765132528295], [0.2469334831834833, 0.2840581474081476, 0.17114038184038194, 0.29786798756798755], [0.2100979215229216, 0.28012733932733924, 0.19482799422799432, 0.314946744921745], [0.23428285570638513, 0.2822558283220048, 0.22673160679190105, 0.2567297091797093], [0.2893737484737485, 0.23464263514263536, 0.19501617826617826, 0.2809674381174382], [0.17394849039849047, 0.3427034354534354, 0.21593814518814522, 0.26740992895992893], [0.23921264846264853, 0.2705878732378734, 0.21168758186258207, 0.2785118964368965], [0.27326426073926074, 0.2785630092130094, 0.17672854090354087, 0.2714441891441891], [0.22423997946497967, 0.30499852647352665, 0.17179414474414478, 0.2989673493173492], [0.29883818958818986, 0.27926739567621933, 0.17629370074370082, 0.2456007139918906], [0.3859413031413031, 0.18730494505494505, 0.2057170274170275, 0.2210367243867245], [0.2135925685425685, 0.2596821151071152, 0.20533736541236558, 0.3213879509379511], [0.3133546065046066, 0.2233098901098902, 0.15906041181041186, 0.30427509157509164], [0.20894131668984628, 0.2727866253028019, 0.20840751421780837, 0.30986454378954387], [0.2882477396872136, 0.26141014541014546, 0.18469496234759403, 0.26564715255504734], [0.19070964035964055, 0.27987922355422357, 0.2463200493950496, 0.2830910866910868], [0.26409445472827836, 0.2938247260909028, 0.18750494782994787, 0.2545758713508714], [0.29385994283494277, 0.292282683982684, 0.14514634809634813, 0.26871102508602523], [0.26227544955044935, 0.27274355366855385, 0.20705503663003677, 0.25792596015096025], [0.21390862470862473, 0.2907379009879009, 0.1899544420491791, 0.30539903225429554], [0.3217045898545899, 0.2687005994005997, 0.1769687645687646, 0.2326260461760462], [0.19811281496281505, 0.2530455627705627, 0.20355521978021995, 0.3452864024864024], [0.20829854046881924, 0.3357886210280945, 0.18071336049571363, 0.2751994780073728], [0.30226199911199925, 0.26320594960594956, 0.16589322344322352, 0.26863882783882803], [0.24938142135642147, 0.3032223221223224, 0.198819574869575, 0.24857668165168176], [0.21873061938061952, 0.30323283105783116, 0.13485124875124888, 0.34318530081030063], [0.2767841269841271, 0.2849683483183485, 0.16613660783660794, 0.2721109168609169], [0.22089401154401161, 0.29709432511932526, 0.19851059598296436, 0.2835010673536988], [0.26106179653679673, 0.25316499333999354, 0.18287440059940072, 0.3028988095238097], [0.2541636748872043, 0.29132811991929664, 0.18868496732026155, 0.2658232378732381], [0.17999205239205246, 0.29420363525363513, 0.23888657731157742, 0.2869177350427352], [0.2946345210345209, 0.2949104024630343, 0.17136047110783967, 0.23909460539460545], [0.2007069236319239, 0.303880266955267, 0.16996361138861152, 0.3254491980241981], [0.1997814277226043, 0.32553483460983457, 0.198428984903985, 0.27625475276357636], [0.18065782714018025, 0.3191498037909799, 0.2469027670042377, 0.25328960206460205], [0.15519506604506617, 0.3390270646020646, 0.23077285214785223, 0.27500501720501735], [0.21421749198513906, 0.31167119547119543, 0.17571029966765273, 0.2984010128760129], [0.24963173852291515, 0.28957927072927087, 0.18307012987012994, 0.27771886087768444], [0.2501217671217672, 0.27378477323330275, 0.18582885170385177, 0.2902646079410785], [0.24919077589077598, 0.28742328227328245, 0.19749246309246313, 0.2658934787434788], [0.2644463453213455, 0.2765309274059275, 0.16776244311244315, 0.291260284160284], [0.267097213897214, 0.2535671411921414, 0.14735905010022665, 0.33197659481041836], [0.2679986735486738, 0.2659074314574317, 0.17878848002702494, 0.2873054149668702]]}, "rewritten": {"ids": ["97106600", "97107821", "97107920", "97107950", "97110950", "97112830", "97113900", "97116401", "98106880", "98107010", "98107210", "98107410", "98116940", "98121790", "99108000", "99108580", "99109141", "99109161", "99109740", "99109840", "99112300", "99119830", "100108490", "100108520", "100109330", "100109910", "100120010", "100120780", "101108121", "101108621", "101109370", "101111140", "101112160", "101113210", "101114990", "101116130", "101117580", "102109010", "102109840", "102109850", "102111990", "102113210", "102113981", "103111480", "103111540", "103111990", "103112470", "103113210", "103113610", "103120730", "104111531", "104111830", "104113170", "104113190", "104114320", "104116980", "105113260", "105113440", "105113620", "105115720", "105115900", "105117431", "105118230", "106111321", "106112770", "106113170", "106113360", "106114150", "106114880", "106115250", "106116441", "106116640", "106118301", "106118820", "106120640", "107115140", "107116980", "107118520", "107118820", "107120010", "108113480", "108113620", "108113700", "108114040", "108115570", "108116070", "108118630", "108119330", "108119510", "108120260", "108120621", "108121160", "108121351", "109113931", "109114030", "109115380", "109116170", "109117110", "109119010", "109119340", "110114321", "110114651", "110114920", "110115250", "110115580", "110115980", "110116441", "110117140", "110118181", "110119300", "110120190", "110121140", "110121450", "111114321", "111115780", "111116090", "111116411", "111116750", "111116990", "111117200", "111119150", "111119250", "111120540", "111120640", "111121410", "112116640", "112116800", "112116880", "112117471", "112118701", "112119500", "112119930", "112119980", "112120630", "112120670", "112120990", "113119340", "113119700", "113120280", "113120780", "113121010", "113122510"], "labels": [3, 2, 0, 2, 3, 2, 2, 3, 0, 3, 1, 3, 2, 2, 2, 0, 3, 3, 3, 2, 0, 1, 2, 2, 0, 2, 0, 1, 0, 0, 1, 2, 3, 3, 3, 2, 3, 1, 2, 1, 2, 3, 1, 0, 1, 2, 1, 3, 2, 1, 0, 3, 3, 3, 2, 1, 3, 0, 0, 1, 3, 1, 1, 0, 1, 0, 0, 1, 0, 2, 0, 3, 1, 3, 3, 0, 3, 2, 3, 1, 0, 3, 0, 0, 3, 1, 1, 0, 1, 1, 1, 2, 3, 1, 1, 3, 0, 1, 3, 3, 1, 3, 3, 1, 1, 1, 3, 3, 1, 1, 3, 3, 3, 1, 1, 3, 0, 3, 0, 0, 3, 1, 1, 0, 0, 0, 0, 0, 3, 0, 2, 1, 0, 3, 2, 2, 0, 0, 0, 0, 2, 2], "predicted_labels": [3, 0, 0, 0, 0, 1, 1, 1, 1, 0, 1, 0, 1, 0, 1, 3, 0, 0, 1, 3, 3, 0, 1, 3, 0, 3, 1, 1, 0, 1, 1, 0, 1, 0, 1, 1, 3, 1, 1, 1, 0, 3, 3, 0, 0, 1, 3, 3, 3, 0, 1, 1, 1, 3, 1, 1, 0, 1, 1, 0, 1, 1, 1, 0, 1, 1, 3, 1, 0, 1, 0, 1, 0, 1, 1, 0, 0, 0, 1, 1, 1, 3, 1, 1, 1, 0, 3, 1, 1, 1, 1, 1, 0, 1, 0, 1, 0, 0, 1, 1, 0, 0, 0, 0, 1, 3, 3, 0, 1, 0, 3, 3, 1, 0, 1, 0, 0, 3, 3, 3, 3, 0, 1, 0, 1, 1, 1, 1, 1, 0, 1, 1, 1, 3, 0, 1, 1, 1, 3, 1, 1, 1], "confidence_scores": [[0.23321186036186053, 0.2835635975135975, 0.19716202686202694, 0.2860625152625154], [0.3079530025530027, 0.2922068098568099, 0.19450087412587422, 0.20533931346431347], [0.4159883477633476, 0.22702432094049754, 0.14440818821701173, 0.2125791430791432], [0.2755294816294817, 0.2665299478299479, 0.21068313908313915, 0.24725743145743168], [0.36193782883782866, 0.189099913974914, 0.17158252580752592, 0.2773797313797314], [0.25331835664335667, 0.26864956432456444, 0.22587564935064952, 0.2521564296814297], [0.2529316342154577, 0.3075449780611547, 0.21807174214674233, 0.22145164557664565], [0.2542080891330892, 0.28375623265623245, 0.20894330391830393, 0.25309237429237447], [0.2667516067266066, 0.28185603008103, 0.20629367021867023, 0.24509869297369302], [0.33516725628173005, 0.22835786713286732, 0.20274537582300733, 0.23372950076239557], [0.24242986931369298, 0.2768660181321947, 0.21803691308691314, 0.26266719946719935], [0.28796805858400293, 0.27486673326673355, 0.17611931185429652, 0.2610458962949675], [0.24989755244755243, 0.30368987123987107, 0.1962533411033411, 0.25015923520923533], [0.2771097854759619, 0.26241069486069496, 0.20624411421911426, 0.254235405444229], [0.2845059718059718, 0.286893353868354, 0.24889919998302348, 0.17970147434265096], [0.24666302308802315, 0.2439292790542792, 0.22761292041292056, 0.28179477744477754], [0.3316297064047065, 0.31139875124875116, 0.14972371517371516, 0.20724782717282722], [0.31916740481740474, 0.2398534715284717, 0.2121988761238762, 0.22878024753024753], [0.24735767843267856, 0.28254684204684216, 0.21252202242202242, 0.257573457098457], [0.2187369186369187, 0.2568267593517595, 0.2433135059385061, 0.281122816072816], [0.2547032873559191, 0.256978159267633, 0.2076891330891332, 0.280629420287315], [0.3227988095238096, 0.2731228317004635, 0.19666397871134708, 0.2074143800643802], [0.21417697025197024, 0.34458462648462657, 0.20155996225996248, 0.23967844100344113], [0.2512662115662117, 0.26184584202347366, 0.22456503598740454, 0.2623229104229105], [0.3347155011655009, 0.2503186202686205, 0.16861999666999658, 0.246345881895882], [0.25309582639582645, 0.2587362776112777, 0.2194829420579422, 0.268684953934954], [0.24749583749583762, 0.2958109049447284, 0.2352046251134487, 0.22148863244598554], [0.2557338966588966, 0.2707515492677257, 0.20595103980986343, 0.2675635142635144], [0.3518310619205355, 0.23086905594405602, 0.17284537027300184, 0.24445451186240663], [0.22613011988011988, 0.3169074592074593, 0.19265322455322467, 0.26430919635919653], [0.26878913308913316, 0.32233306138306156, 0.1756078588078589, 0.2332699467199468], [0.32270615495615496, 0.25485720113220134, 0.17218207070707084, 0.2502545732045732], [0.21345948904896284, 0.34307449494949505, 0.16886439569202752, 0.2746016203095151], [0.31156619491619486, 0.18224650349650356, 0.2094928571428572, 0.29669444444444465], [0.2130448162948163, 0.318286877011877, 0.24108736541236553, 0.22758094128094147], [0.21836721611721638, 0.284585101010101, 0.23519022366522385, 0.26185745920745923], [0.2363682095682097, 0.26899522699522704, 0.20966064213564212, 0.28497592130092125], [0.23241571484071485, 0.27748112165612177, 0.23532054334554342, 0.25478262015762027], [0.2731344655344657, 0.2814413447663448, 0.19413416860916877, 0.2512900210900211], [0.24202849372849383, 0.27518875372993035, 0.24998218644100995, 0.2328005661005662], [0.3161197394109159, 0.27067727272727293, 0.16014682539682543, 0.253056162464986], [0.2335048562548563, 0.2798425546675547, 0.2066294661221133, 0.2800231229554761], [0.26971012321012316, 0.2596601953601954, 0.20059370074370073, 0.27003598068598084], [0.29336399156399157, 0.26390326895326904, 0.17780484156366524, 0.2649278979190744], [0.3487532023532022, 0.24590699855699874, 0.1625647408147409, 0.2427750582750583], [0.23827323673058975, 0.28641788570906207, 0.2097446029460737, 0.26556427461427473], [0.2525499464587702, 0.2614875402375404, 0.214174806565983, 0.27178770673770675], [0.2118435647685649, 0.2705853452103453, 0.24054502164502176, 0.27702606837606847], [0.24217471139971153, 0.25359722777222776, 0.23086018981018996, 0.2733678710178711], [0.31179760239760235, 0.306441441891442, 0.17141871739371745, 0.21034223831723844], [0.27618605838605825, 0.2833658230658231, 0.17389756909756918, 0.26655054945054935], [0.21027024919524934, 0.370937595411125, 0.16663181540681551, 0.25216033998681076], [0.2654811188811188, 0.2975155844155845, 0.18421231546231545, 0.25279098124098126], [0.2530427350427352, 0.2669160236822002, 0.19895262711145068, 0.28108861416361414], [0.23523684078219692, 0.28006527524762814, 0.23563912080351698, 0.24905876316665804], [0.18611247249482554, 0.3046490711902478, 0.2267818851083558, 0.28245657120657125], [0.35554074536574554, 0.26424141969141973, 0.15965386835386852, 0.2205639665889666], [0.24927257742257747, 0.3056141969141969, 0.15224006549006555, 0.29287316017316023], [0.23020434173669463, 0.2584128629540395, 0.2555205131469838, 0.25586228216228235], [0.2808863802863803, 0.27351183261183276, 0.18839795759795774, 0.25720382950382953], [0.2367105894105895, 0.3495092546342548, 0.175893830352654, 0.23788632560250222], [0.24721004551004563, 0.2850957348207348, 0.20312072649572663, 0.2645734931734933], [0.24550365826983472, 0.2921398795648795, 0.19342060717060724, 0.26893585499467854], [0.302124741924742, 0.29192923742923743, 0.17811056916939277, 0.2278354514766281], [0.184758152958153, 0.28912422854922837, 0.25281387881124734, 0.2733037396813714], [0.2728003330003329, 0.2913635198135199, 0.16253500029382395, 0.27330114689232327], [0.22240806415806433, 0.2909118492618492, 0.19569981129981134, 0.29098027528027537], [0.27949820179820173, 0.30923263599145956, 0.17369962814962817, 0.23756953406071063], [0.2799362665112665, 0.25528112998113, 0.19578608336108336, 0.26899652014652015], [0.2199781385281387, 0.33991627816627806, 0.18612134173016542, 0.2539842415754182], [0.3080850593850594, 0.2879423076923076, 0.17413644133644146, 0.22983619158619145], [0.23648129093129114, 0.27313768453768467, 0.220718858918859, 0.26966216561216566], [0.3265996669996667, 0.23625976245976257, 0.1572473526473527, 0.2798932178932179], [0.2219165390165392, 0.28824893439893445, 0.22296760657643022, 0.2668669200080965], [0.2311831390831392, 0.3003084332334332, 0.22116072179454538, 0.24734770588888236], [0.3252282717282716, 0.2300188422688423, 0.16024340463458117, 0.28450948136830523], [0.3022427849927849, 0.2980210012210013, 0.15621179376179367, 0.24352442002442012], [0.2798466644466646, 0.2435166240192558, 0.19983258232995083, 0.27680412920412906], [0.25296827616827633, 0.28422726717726715, 0.21117415917415913, 0.2516302974802974], [0.2467662864912866, 0.3053523226773227, 0.17626578976578983, 0.27161560106560106], [0.22616275668775673, 0.28479732212232217, 0.23222383172383185, 0.2568160894660896], [0.24410980130980142, 0.3005308136308137, 0.1402697080697081, 0.3150896769896768], [0.1943790404040405, 0.29181994361847297, 0.22693530554412913, 0.2868657104333578], [0.22622636252636255, 0.31405109890109884, 0.23260409786292133, 0.22711844070961731], [0.24790289432789445, 0.2949518637794955, 0.1876158768132453, 0.2695293650793652], [0.32796838749485807, 0.2793204045954046, 0.16629814874667828, 0.22641305916305926], [0.22931864965100265, 0.2701264188425954, 0.22012348990878422, 0.28043144159761824], [0.23031998001998005, 0.2914771090021089, 0.2042368159618161, 0.27396609501609503], [0.23271195193695204, 0.30245300810300796, 0.18406628926628937, 0.2807687506937508], [0.23081950271950277, 0.3397784354534354, 0.15660472027972033, 0.2727973415473416], [0.25609941724941726, 0.2831972325060562, 0.18774061298178965, 0.27296273726273723], [0.2348183261183263, 0.3294965007215009, 0.1691671883671885, 0.2665179847929849], [0.2903679875679876, 0.2777450105450106, 0.19337276530658895, 0.2385142365804131], [0.2561726551226553, 0.29668118270618277, 0.1839560911310911, 0.26319007104007114], [0.3541407814407814, 0.2220657009657011, 0.18421171051171065, 0.23958180708180718], [0.23117163947163957, 0.2977102564102566, 0.21680757020757022, 0.25431053391053393], [0.3012183649683648, 0.25087259407259416, 0.19077974247974253, 0.25712929847929844], [0.35135372960372946, 0.25174423354423375, 0.17600463980463996, 0.22089739704739725], [0.23552701465201473, 0.3062789793539796, 0.20699431401931404, 0.25119969197469216], [0.24708406038406042, 0.2837550671550672, 0.18615079920079933, 0.2830100732600733], [0.31548538961038963, 0.24318030580530586, 0.15263518703518714, 0.28869911754911765], [0.3081853313353314, 0.24016068376068378, 0.18170070958453327, 0.26995327531945185], [0.30764209956709954, 0.2812776584526587, 0.1866802281052282, 0.22440001387501388], [0.3023731657231655, 0.27645248085248086, 0.16668404928404934, 0.2544903041403042], [0.2567020424020425, 0.29207584360084354, 0.18416098901098907, 0.26706112498612516], [0.23493068598068606, 0.25341306667189023, 0.2258160173160175, 0.28584023003140646], [0.27327131202131216, 0.2592527500277501, 0.1832251878840114, 0.28425075006692646], [0.27265472027972015, 0.25641802364302385, 0.20632508982245834, 0.26460216625479793], [0.25824856254856265, 0.27377015484515493, 0.20853914696414708, 0.2594421356421356], [0.2752838938838939, 0.2587823121323122, 0.2149118215118216, 0.25102197247197255], [0.24364031801531807, 0.25610492840492843, 0.2112140914640916, 0.2890406621156621], [0.2367649517149517, 0.2686586691086692, 0.19834277111777135, 0.2962336080586082], [0.24630282670545836, 0.32444685796659484, 0.1438495976245977, 0.2854007177033493], [0.28411694139194144, 0.2517036408036409, 0.20194403015285387, 0.2622353876515644], [0.21925389887889893, 0.26908942168942185, 0.24592264957264978, 0.2657340298590297], [0.30695315649263005, 0.2564640193140194, 0.16286595246858415, 0.2737168717247666], [0.34682091928539294, 0.20962781385281395, 0.1933434602549154, 0.2502078066068778], [0.2688457883619648, 0.25835132563514923, 0.16670116941881655, 0.3061017165840696], [0.29897935675435683, 0.2409722444222446, 0.15615042837279688, 0.30389797045060196], [0.26473134263397435, 0.26530437194384576, 0.15490136889254544, 0.315062916529635], [0.24561988566988566, 0.26492544542660634, 0.21405964889084086, 0.27539502001266714], [0.30082906391853764, 0.23266013431013427, 0.20666933242196397, 0.25984146934936414], [0.2367388555888556, 0.2938580863580864, 0.19793247863247876, 0.27147057942057956], [0.28474074259074267, 0.2623433621933623, 0.17502498612498624, 0.2778909090909092], [0.22973207903207912, 0.3467690032190034, 0.18719726580608945, 0.23630165194282857], [0.24549701409701427, 0.30481358918858903, 0.22061630591630596, 0.22907309079809096], [0.21148762903762927, 0.33529272671772675, 0.17891202963702968, 0.27430761460761477], [0.2147720584970586, 0.31544775502275485, 0.2062827902489667, 0.2634973962312199], [0.25467154038771694, 0.29708775946275934, 0.1886895326895328, 0.25955116745999113], [0.35536868409368394, 0.2628653291153294, 0.16037092352092355, 0.22139506327006328], [0.21206892551892562, 0.30611668886668897, 0.24336259573759575, 0.23845178987679003], [0.24965344655344662, 0.27396325896325885, 0.22461350871350888, 0.25176978576978576], [0.22650829170829195, 0.32773639971139956, 0.18442897380397386, 0.26132633477633493], [0.2717054945054945, 0.2436536852036855, 0.19843240093240097, 0.28620841935841934], [0.2763387279387281, 0.25801587579087587, 0.20022613220113233, 0.2654192640692641], [0.23473127428127435, 0.3092777712054025, 0.2229190930414616, 0.23307186147186157], [0.24442018537018548, 0.28140513930513944, 0.22224592074592087, 0.2519287545787548], [0.3011040709290709, 0.3024145465645467, 0.18454512432012432, 0.2119362581862583], [0.27933514541014554, 0.22527034077034097, 0.19129076756576754, 0.3041037462537464], [0.23192685647685646, 0.3125949383949383, 0.17945991508491516, 0.2760182900432901], [0.21655785325785334, 0.3017995976245976, 0.1827855727605729, 0.29885697635697606], [0.19379867909867923, 0.29914337329337326, 0.24848330362447998, 0.2585746439834675]]}}