{"test": {"ids": ["113122190", "102108621", "101112160", "99107660", "112119450", "99108580", "110117870", "110113591", "99109740", "106120640", "112119500", "108119330", "105116441", "99111620", "98106560", "104112201", "113118870", "113122160", "98107340", "110115140", "112117431", "102110890", "105116090", "109115070", "99109370", "108120060", "97105760", "109114651", "100108990", "112117660", "109121351", "100109360", "99108010", "108114180", "98110230", "99109780", "103117461", "111119250", "102116500", "113122220", "103111930", "105113330", "99117740", "105112100", "110120640", "111119430", "97116401", "103111110", "111115400", "101110740", "105116650", "103109021", "108121410", "109118231", "106118301", "111120320", "108116501", "110115250", "112118511", "112118880", "101109120", "109118161", "98120010", "97114170", "108118520", "111117000", "113119480", "106119580", "112120630", "106114280", "105114220", "112118421", "105116980", "112116810", "112120700", "110115890", "102110240", "107120260", "98107010", "103113260", "109117730", "99112840", "108113740", "111115770", "110119300", "112116401", "111117571", "113117401", "110115120", "101108460", "107115250", "98106111", "105115380", "101112201", "105115250", "111118910", "111120280", "102109840", "111114171", "108115870", "109117110", "113122650", "113121950", "103111540", "98112300", "109113281", "102113210", "100111270", "98119591", "105117200", "106118161", "112118810", "105115570", "107114321", "106113260", "98108520", "108115250", "101110200", "103113170", "101112540", "112117461", "98111860", "113122120", "107114490", "108117451", "99112300", "98121790", "110117080", "106113830", "113122230", "112121430", "106119990", "107114621", "113121680", "104117630", "106113360", "108114040", "111119610", "105110251", "111119300", "108114200", "104116800"], "labels": [1, 3, 3, 3, 3, 0, 3, 0, 3, 3, 2, 0, 1, 3, 1, 0, 0, 3, 0, 0, 0, 0, 1, 0, 1, 1, 0, 3, 2, 0, 0, 0, 2, 1, 3, 2, 0, 1, 1, 1, 3, 3, 2, 1, 0, 3, 3, 3, 0, 3, 1, 0, 0, 1, 1, 1, 0, 1, 1, 1, 1, 0, 2, 2, 0, 0, 3, 3, 3, 3, 3, 3, 0, 3, 2, 2, 3, 1, 3, 3, 3, 2, 3, 3, 1, 0, 3, 3, 0, 0, 2, 0, 1, 0, 2, 0, 0, 2, 3, 3, 1, 2, 3, 1, 2, 0, 3, 2, 1, 3, 3, 3, 0, 0, 3, 2, 1, 2, 3, 2, 0, 0, 1, 3, 2, 0, 2, 1, 1, 1, 2, 0, 0, 1, 0, 0, 0, 2, 0, 1, 0, 1], "predicted_labels": [3, 0, 1, 0, 0, 1, 3, 3, 1, 0, 2, 0, 1, 1, 2, 3, 1, 1, 1, 2, 1, 0, 3, 1, 1, 3, 1, 3, 3, 3, 3, 1, 1, 1, 1, 2, 0, 2, 1, 3, 3, 3, 1, 0, 1, 3, 3, 3, 0, 2, 1, 3, 1, 3, 0, 3, 1, 1, 3, 0, 1, 3, 3, 2, 3, 3, 3, 1, 0, 3, 2, 3, 3, 1, 1, 3, 1, 3, 2, 2, 0, 2, 3, 0, 3, 3, 1, 0, 3, 3, 1, 3, 3, 0, 1, 3, 3, 3, 3, 3, 1, 1, 3, 0, 3, 3, 3, 3, 3, 2, 1, 1, 1, 0, 1, 1, 3, 1, 0, 3, 1, 1, 0, 1, 0, 3, 2, 1, 2, 1, 2, 3, 3, 2, 3, 3, 3, 0, 1, 1, 1, 0], "confidence_scores": [[0.1787974580456421, 0.30282868456543083, 0.11149905717122602, 0.40687480021770106], [0.6991100303207183, 0.12213390659787556, 0.053189583623932855, 0.1255664794574732], [0.19604738357419824, 0.3876358825314203, 0.15298116291887803, 0.26333557097550353], [0.4853792892451822, 0.15333643800771204, 0.1293269051619081, 0.23195736758519753], [0.29688139183422363, 0.2489404710524958, 0.15961497891305243, 0.2945631582002282], [0.18637658749714206, 0.37281014199744733, 0.19585776188279194, 0.24495550862261864], [0.1382658417006394, 0.3058578079288482, 0.24646184988828546, 0.3094145004822269], [0.2650985385689154, 0.2961843207134477, 0.10720452657980224, 0.3315126141378347], [0.11451594315521843, 0.3761021033668319, 0.26335386880328226, 0.2460280846746673], [0.32355902276500764, 0.2734410010360869, 0.09502426989682639, 0.30797570630207904], [0.18565580004057727, 0.24480424521277333, 0.304263877412777, 0.2652760773338725], [0.3429541364614201, 0.22197075041607853, 0.21722801321705093, 0.21784709990545043], [0.29123137601268173, 0.3137610663794902, 0.10336760169024667, 0.2916399559175815], [0.1691234028589287, 0.3957708530338185, 0.2018966853902607, 0.2332090587169923], [0.12945092205701306, 0.15674676645601796, 0.51891807198874, 0.1948842394982291], [0.1626319624198246, 0.12365798446647257, 0.13368478892314914, 0.5800252641905537], [0.201984790032926, 0.40953617639376466, 0.14885370415224014, 0.23962532942106923], [0.23858697414633734, 0.37307607614168126, 0.14417195197049187, 0.24416499774148973], [0.1815654597013299, 0.34457567440135517, 0.17296688428320622, 0.3008919816141088], [0.16767687823938723, 0.239626128247468, 0.3551812562362182, 0.2375157372769266], [0.1976691837848039, 0.40644454298160454, 0.09130587970008802, 0.30458039353350347], [0.3670584112012792, 0.2779396200219284, 0.07853219813115221, 0.27646977064564016], [0.20571567336263982, 0.3252219383407756, 0.11095233679244422, 0.3581100515041404], [0.1412743475886402, 0.6276235353432053, 0.07850264241800706, 0.15259947465014762], [0.1723857766627424, 0.37004127956161675, 0.18115903983768142, 0.27641390393795956], [0.12002227369818218, 0.273676425291778, 0.23012977146046612, 0.3761715295495739], [0.187850098938167, 0.34565317032680404, 0.2540325728289199, 0.2124641579061091], [0.27332479474802424, 0.29248194936290994, 0.10717729611766973, 0.32701595977139597], [0.18444822743614822, 0.3069885459804079, 0.18490040411093564, 0.3236628224725083], [0.21760375034896703, 0.21421464171715784, 0.1342019619133549, 0.4339796460205201], [0.1711679748868762, 0.1737788391128075, 0.20027778089964174, 0.45477540510067466], [0.24648266714320777, 0.29803458740387134, 0.16054772467738646, 0.2949350207755346], [0.1720865402393606, 0.5057285822785754, 0.10023900808225915, 0.22194586939980498], [0.14232214360709364, 0.37891546128045095, 0.15172577670995901, 0.3270366184024964], [0.30347841562670336, 0.3164527681619491, 0.2006593065236319, 0.17940950968771557], [0.170822800765128, 0.27503085924663107, 0.359262062729515, 0.194884277258726], [0.5652748350045514, 0.19084785900062098, 0.08491938694218967, 0.15895791905263792], [0.10466118008287702, 0.21889435534122875, 0.5197712450982045, 0.15667321947768978], [0.28202715235016057, 0.2850879519966804, 0.25870295260794596, 0.17418194304521306], [0.21436409161123204, 0.16345025104975244, 0.11533868322792609, 0.5068469741110894], [0.14454325870574244, 0.28295668972648735, 0.26639625596747024, 0.3061037956003001], [0.2515825340985496, 0.2827088555808149, 0.17326595502162492, 0.29244265529901076], [0.193357508464413, 0.44944391131659944, 0.0971308497472875, 0.26006773047170006], [0.3526938852868932, 0.19070182111235895, 0.10999209690342739, 0.34661219669732035], [0.19357753781218875, 0.3828555609951763, 0.25898963188741964, 0.16457726930521524], [0.15346031877213814, 0.26779359903128186, 0.1118235142723412, 0.46692256792423875], [0.2792161081272408, 0.297933449173888, 0.11901406385989013, 0.3038363788389812], [0.14637459864211821, 0.3193009401770585, 0.21467425663556589, 0.31965020454525744], [0.3230642736009031, 0.21935686327378398, 0.18535454174402355, 0.2722243213812895], [0.17691886541466745, 0.2586014430930315, 0.3280755901892056, 0.23640410130309555], [0.11675710043046578, 0.46028877370449983, 0.09816735863506419, 0.32478676722997024], [0.17214368032694496, 0.3531452808493539, 0.07807859786364713, 0.3966324409600541], [0.12617870140701995, 0.44996529500442517, 0.17208888145129092, 0.2517671221372641], [0.21339186424614845, 0.3151918941777981, 0.12517227468005915, 0.3462439668959943], [0.33762714285872797, 0.2802183169542625, 0.08740980734131837, 0.29474473284569125], [0.16661370870964767, 0.22111550329256136, 0.10689679548370794, 0.5053739925140831], [0.2106419001144054, 0.5014716492639486, 0.09114377830929701, 0.19674267231234893], [0.2739975326304228, 0.3723652785898193, 0.14316841062669805, 0.21046877815305975], [0.1548232769197445, 0.1687157120719318, 0.0521177003877643, 0.6243433106205593], [0.4145535152523603, 0.22306205659566844, 0.15630470732727947, 0.20607972082469186], [0.15013801087712111, 0.44839225320470266, 0.11199009688308505, 0.2894796390350911], [0.17235707422299398, 0.2819570693879591, 0.10041964437367078, 0.4452662120153761], [0.18388541991028595, 0.23232495357994223, 0.22435359170044955, 0.35943603480932235], [0.18257143392801628, 0.23310379052083266, 0.4382882749111667, 0.14603650063998444], [0.1666988318814932, 0.2520047636375878, 0.2090337609382073, 0.3722626435427119], [0.15608983280280095, 0.27849809434823797, 0.27331359810586864, 0.29209847474309236], [0.14881956533851892, 0.342141709345879, 0.1192141794105516, 0.38982454590505045], [0.1033118104605293, 0.5227100593607379, 0.16951314474486953, 0.20446498543386313], [0.49434707577259, 0.10870597447505122, 0.09207192484311932, 0.3048750249092396], [0.221591170504099, 0.25604723902810883, 0.166393072210347, 0.3559685182574452], [0.1535685742821387, 0.2063000205430971, 0.501797303167686, 0.1383341020070781], [0.2714770179459652, 0.309550024976155, 0.07251620046081014, 0.34645675661706987], [0.22921620892776887, 0.29165948714566997, 0.16300711789751826, 0.3161171860290429], [0.21840479424649054, 0.323762225594782, 0.19490890964110547, 0.2629240705176218], [0.2608323224282095, 0.3413766315299949, 0.25330915884680033, 0.14448188719499525], [0.24470845770968044, 0.2631501431248901, 0.1927925845297106, 0.29934881463571894], [0.10560595490659133, 0.5541170458532154, 0.17398289214297089, 0.16629410709722242], [0.14538173605349428, 0.2502348424039904, 0.23643172353020978, 0.36795169801230565], [0.13576240819060534, 0.24174833667442863, 0.43112012074080036, 0.19136913439416564], [0.11312397961906949, 0.32960879296496165, 0.3305143246634657, 0.2267529027525029], [0.29934864301579295, 0.2455450084636925, 0.16988885869769849, 0.285217489822816], [0.19516720668542129, 0.24646753938508414, 0.3913082458487842, 0.16705700808071053], [0.14864160164041199, 0.22279542446648576, 0.13543507887565573, 0.4931278950174467], [0.3431487960545196, 0.231216557659163, 0.12275943498260146, 0.3028752113037159], [0.20377338286469746, 0.17136606263764462, 0.2073452142511948, 0.41751534024646303], [0.22352560296483706, 0.18539305318883317, 0.10520099259273365, 0.4858803512535961], [0.15066858130544122, 0.31716830493681325, 0.30665697112669177, 0.22550614263105384], [0.35839663348618056, 0.22071395674727248, 0.16664283602731883, 0.25424657373922804], [0.1884036648741878, 0.19889398598137217, 0.1403465418263389, 0.47235580731810106], [0.28352429875811425, 0.28286027088503135, 0.1060877443431567, 0.32752768601369786], [0.12660631739123537, 0.3967978555015802, 0.12861672081110936, 0.3479791062960751], [0.17365432166784445, 0.25183235768365525, 0.18612497105326156, 0.38838834959523866], [0.11962738402967617, 0.17159666325954662, 0.13081494223674545, 0.5779610104740317], [0.33708463450879655, 0.27550196523396975, 0.10931559342458685, 0.27809780683264695], [0.1755264290680214, 0.30721686993360425, 0.2633350857122111, 0.25392161528616325], [0.2007505046677051, 0.2148261465096547, 0.17639498315259863, 0.40802836567004147], [0.2236099114632456, 0.27089260623365197, 0.1330550850045555, 0.372442397298547], [0.19695332663904783, 0.22240680286522901, 0.22244071085251327, 0.3581991596432099], [0.29317582570838735, 0.24573269390004232, 0.11981601200678385, 0.34127546838478673], [0.07515850471965776, 0.21362737383403402, 0.08600870530097324, 0.6252054161453349], [0.1774640469172899, 0.409790356797092, 0.060072392303076885, 0.3526732039825413], [0.24547538776726122, 0.3254903711608017, 0.17250324896749225, 0.2565309921044449], [0.26636977548903573, 0.19689336095840504, 0.2556813284744521, 0.2810555350781071], [0.3880090108029506, 0.16654737789188356, 0.1678520787885101, 0.2775915325166557], [0.1589115664049858, 0.22184296637893042, 0.18241966206070206, 0.4368258051553818], [0.2720388568287701, 0.2587489941539732, 0.16782284416281643, 0.30138930485444027], [0.15417671067806288, 0.2849353405261119, 0.1725963135502254, 0.3882916352455999], [0.11018210856331846, 0.311323619035535, 0.22909874733293667, 0.3493955250682099], [0.1806209788851331, 0.18314655517684394, 0.15218164663207706, 0.48405081930594596], [0.17255560971626077, 0.25109768351969636, 0.3547272855629043, 0.2216194212011385], [0.2711957032699363, 0.34807062359005586, 0.11486999070070021, 0.26586368243930775], [0.17757300173081333, 0.4056432572854592, 0.101913529019611, 0.31487021196411663], [0.09722819873298669, 0.3942591125055961, 0.12192065017121605, 0.38659203859020114], [0.3458631368594486, 0.3317780415843505, 0.08096352296396923, 0.24139529859223174], [0.1724260141851751, 0.39292646833227063, 0.15141172818106954, 0.28323578930148463], [0.22453158492064068, 0.26394445391634325, 0.25943589508022963, 0.2520880660827865], [0.2851717781877891, 0.2557200773775261, 0.0904906035417993, 0.36861754089288556], [0.21101706130219358, 0.31452759905497696, 0.24881263590022426, 0.2256427037426054], [0.3940202446883533, 0.21986622146975743, 0.16727948112783922, 0.21883405271405004], [0.26165977148336905, 0.21116143825336317, 0.12284340646339532, 0.4043353837998724], [0.2532766571816236, 0.33786197166213383, 0.12317220818891479, 0.2856891629673276], [0.2346393643401701, 0.3458355580501519, 0.18097883899571546, 0.23854623861396268], [0.3764301376381815, 0.27091355039194975, 0.12412227714209112, 0.22853403482777787], [0.21129764359615302, 0.36670070563560175, 0.17906656308280025, 0.24293508768544497], [0.42545719734477766, 0.1399704016304317, 0.07596259732251702, 0.3586098037022737], [0.22648254661514358, 0.30404966156294, 0.14370913878470915, 0.3257586530372073], [0.15134293231336665, 0.30042088466515693, 0.3218586176141159, 0.22637756540736054], [0.2002169150122529, 0.34654764232080554, 0.12290940410215415, 0.3303260385647875], [0.15696687442883395, 0.2628858967547401, 0.3943690126519105, 0.18577821616451554], [0.17146234781282377, 0.40826084754912156, 0.16638745905961838, 0.2538893455784364], [0.27557726903015606, 0.1494908455208017, 0.44945115141462216, 0.12548073403442012], [0.22272601459352473, 0.205126916651601, 0.2241775460235215, 0.34796952273135284], [0.285184999200237, 0.24183782889521332, 0.09946531814429158, 0.37351185376025814], [0.12791375502179633, 0.2662999931617707, 0.3378162617658701, 0.26796999005056293], [0.14635652927574663, 0.3480893115505858, 0.12686919312653303, 0.3786849660471345], [0.210086000013293, 0.22420979519710227, 0.12988970001899366, 0.435814504770611], [0.16357249208484384, 0.280678689698563, 0.19742420944914188, 0.35832460876745154], [0.3678545541692594, 0.1495381187304005, 0.1183039498135094, 0.3643033772868309], [0.2217344404980979, 0.33879538277384713, 0.14979382642485298, 0.2896763503032019], [0.22383373427296796, 0.3659494993682984, 0.13962890080573737, 0.2705878655529964], [0.2543332196018587, 0.33076148224515406, 0.16870188588483945, 0.24620341226814793], [0.29665881592533444, 0.2739058164412416, 0.2112745232138211, 0.2181608444196028]]}, "rewritten": {"ids": ["97105760", "97114170", "97116401", "98106111", "98106560", "98107010", "98107340", "98108520", "98110230", "98111860", "98112300", "98119591", "98120010", "98121790", "99107660", "99108010", "99108580", "99109370", "99109740", "99109780", "99111620", "99112300", "99112840", "99117740", "100108990", "100109360", "100111270", "101108460", "101109120", "101110200", "101110740", "101112160", "101112201", "101112540", "102108621", "102109840", "102110240", "102110890", "102113210", "102116500", "103109021", "103111110", "103111540", "103111930", "103113170", "103113260", "103117461", "104112201", "104116800", "104117630", "105110251", "105112100", "105113330", "105114220", "105115250", "105115380", "105115570", "105116090", "105116441", "105116650", "105116980", "105117200", "106113260", "106113360", "106113830", "106114280", "106118161", "106118301", "106119580", "106119990", "106120640", "107114321", "107114490", "107114621", "107115250", "107120260", "108113740", "108114040", "108114180", "108114200", "108115250", "108115870", "108116501", "108117451", "108118520", "108119330", "108120060", "108121410", "109113281", "109114651", "109115070", "109117110", "109117730", "109118161", "109118231", "109121351", "110113591", "110115120", "110115140", "110115250", "110115890", "110117080", "110117870", "110119300", "110120640", "111114171", "111115400", "111115770", "111117000", "111117571", "111118910", "111119250", "111119300", "111119430", "111119610", "111120280", "111120320", "112116401", "112116810", "112117431", "112117461", "112117660", "112118421", "112118511", "112118810", "112118880", "112119450", "112119500", "112120630", "112120700", "112121430", "113117401", "113118870", "113119480", "113121680", "113121950", "113122120", "113122160", "113122190", "113122220", "113122230", "113122650"], "labels": [0, 2, 3, 0, 1, 3, 0, 2, 3, 0, 2, 1, 2, 2, 3, 2, 0, 1, 3, 2, 3, 0, 2, 2, 2, 0, 2, 0, 1, 2, 3, 3, 0, 2, 3, 2, 3, 0, 3, 1, 0, 3, 1, 3, 3, 3, 0, 0, 1, 0, 0, 1, 3, 3, 2, 1, 0, 1, 1, 1, 0, 3, 3, 0, 1, 3, 3, 1, 3, 0, 3, 0, 3, 0, 2, 1, 3, 0, 1, 0, 1, 3, 0, 2, 0, 0, 1, 0, 0, 3, 0, 1, 3, 0, 1, 0, 0, 0, 0, 1, 2, 1, 3, 1, 0, 3, 0, 3, 0, 3, 0, 1, 1, 3, 2, 0, 1, 0, 3, 0, 0, 0, 3, 1, 3, 1, 3, 2, 3, 2, 2, 3, 0, 3, 1, 3, 1, 3, 1, 1, 1, 2], "predicted_labels": [3, 2, 1, 3, 2, 1, 1, 0, 3, 2, 3, 1, 1, 1, 3, 1, 2, 0, 2, 2, 1, 0, 1, 1, 1, 1, 1, 1, 3, 3, 2, 1, 1, 0, 1, 1, 3, 0, 3, 1, 1, 1, 3, 1, 1, 1, 1, 3, 0, 3, 1, 0, 1, 2, 1, 1, 0, 1, 0, 0, 3, 2, 1, 1, 3, 3, 0, 1, 2, 3, 3, 3, 2, 3, 1, 1, 3, 0, 1, 1, 1, 3, 1, 3, 1, 3, 0, 1, 0, 3, 1, 1, 2, 1, 1, 1, 1, 3, 3, 1, 3, 1, 3, 3, 2, 0, 1, 0, 1, 2, 3, 3, 1, 1, 3, 0, 3, 0, 0, 1, 0, 0, 3, 3, 1, 1, 3, 1, 3, 3, 2, 3, 0, 1, 1, 0, 1, 1, 1, 2, 1, 1], "confidence_scores": [[0.138409481404092, 0.14409271227537687, 0.11730186686450923, 0.6001959394560218], [0.1435684915225211, 0.16500784780051336, 0.5035338052891404, 0.18788985538782538], [0.28529051606005723, 0.31644917623798585, 0.1445580063097559, 0.25370230139220107], [0.18130141434837768, 0.3784019237767204, 0.060356900460682705, 0.37993976141421926], [0.19959203921975371, 0.27243222222518826, 0.2880587278248673, 0.23991701073019073], [0.19920901591899656, 0.4588670568641094, 0.13342937389833032, 0.20849455331856362], [0.3614795243692859, 0.37391361402406653, 0.0926968082465618, 0.17191005336008575], [0.38314234606547815, 0.2609295471038289, 0.1307241693614297, 0.22520393746926337], [0.22846787252743028, 0.2780170085102651, 0.0811973249855006, 0.412317793976804], [0.1297987820037814, 0.2046351105395694, 0.48518770915621606, 0.18037839830043334], [0.27173707794684454, 0.2618672824625591, 0.11424178716791468, 0.35215385242268177], [0.28873201041470314, 0.31393688063122505, 0.14080719605214037, 0.2565239129019314], [0.1531038160315137, 0.3942501126963848, 0.23147579009205804, 0.22117028118004348], [0.19073782641821746, 0.3612033838218837, 0.21888656419716476, 0.22917222556273406], [0.15316447165253397, 0.27806584931177, 0.17250303421919838, 0.3962666448164978], [0.19381879326986048, 0.4146484832088057, 0.17003278235131275, 0.22149994117002103], [0.22581255956447546, 0.18285660350808408, 0.36577124357574975, 0.2255595933516908], [0.45490057238977266, 0.21753369025564745, 0.10577487961050192, 0.22179085774407797], [0.11300097234175101, 0.23861688479969695, 0.43524105971013716, 0.21314108314841482], [0.14363311206323057, 0.21986954313161555, 0.491735730636516, 0.14476161416863795], [0.1970105889909458, 0.3002340321856257, 0.22238783492378036, 0.2803675438996482], [0.32911098277820805, 0.2524189861797029, 0.19246066671273349, 0.22600936432935567], [0.2220226873761497, 0.3456880142863706, 0.1660410003792756, 0.2662482979582042], [0.21756266456460877, 0.36306643538666616, 0.16383028092574975, 0.2555406191229754], [0.17280486300115278, 0.3816942605799417, 0.17125287415856227, 0.27424800226034335], [0.16537930213230798, 0.4843395747400784, 0.20608424397322694, 0.14419687915438675], [0.1321871780225041, 0.4375338005254753, 0.17300838052281373, 0.257270640929207], [0.23479888328822002, 0.37961187081155306, 0.0983907336128173, 0.28719851228740967], [0.23334164111987443, 0.27775855849950737, 0.19798317789003628, 0.29091662249058214], [0.19370942974413544, 0.295066408085432, 0.17984501445828693, 0.3313791477121456], [0.17446964800764314, 0.2441513452724136, 0.455477788110313, 0.12590121860963027], [0.20196113816730224, 0.39451784586419225, 0.12010136761310171, 0.2834196483554038], [0.2745180591117766, 0.37694371571535257, 0.10429411413621262, 0.24424411103665827], [0.27449245171466885, 0.22087852170924677, 0.26014466405339925, 0.24448436252268516], [0.1727835230913603, 0.37050810368635007, 0.27676647169238056, 0.17994190152990916], [0.22095192220273926, 0.35515385836352215, 0.15263439396212233, 0.27125982547161614], [0.25913525181398567, 0.21673816884764155, 0.18786298791916503, 0.33626359141920786], [0.37844698564622936, 0.3129637804469686, 0.16375278983115574, 0.14483644407564633], [0.23893113609783043, 0.2624931654435992, 0.2080763696601504, 0.29049932879842005], [0.16329302865263767, 0.42213363179556324, 0.15684665306036522, 0.2577266864914339], [0.18401950493845057, 0.42226615346203994, 0.09772206941508797, 0.29599227218442165], [0.20773097684298053, 0.37058461058374453, 0.16448738227859416, 0.25719703029468066], [0.18874699577853332, 0.2630080916861874, 0.10626506454005669, 0.4419798479952226], [0.18730405762120253, 0.3788223851178386, 0.2941813900576886, 0.1396921672032703], [0.16128059831168873, 0.5080634574494554, 0.201234419645392, 0.12942152459346395], [0.14103538169983282, 0.4036900175206831, 0.10067442514284329, 0.3546001756366407], [0.23266289971877302, 0.35891082901685734, 0.09590104149545774, 0.31252522976891206], [0.18742302996482998, 0.15325746039250618, 0.06229672517617307, 0.5970227844664907], [0.3712677807412359, 0.13684390199489307, 0.3402485260906739, 0.15163979117319712], [0.18513026646459416, 0.3161856068820948, 0.14325563673965075, 0.3554284899136603], [0.2312411898768341, 0.4379823501937472, 0.09723836956541189, 0.23353809036400708], [0.4537971262193195, 0.27245557372095214, 0.10879692714493382, 0.16495037291479445], [0.1652478207251328, 0.35720174239002783, 0.2574597457505983, 0.2200906911342412], [0.1844322075954496, 0.2892810567896978, 0.39068004082659497, 0.13560669478825782], [0.14055261872930716, 0.3429105852990332, 0.2535842424294894, 0.26295255354217034], [0.28136075751733886, 0.3981401536018073, 0.1157120176227856, 0.20478707125806817], [0.4251579418066906, 0.22647141112994862, 0.10968162888679917, 0.23868901817656168], [0.2655358710172824, 0.3544066343674695, 0.11804916715033505, 0.26200832746491304], [0.3996857507834493, 0.2310379158061766, 0.11461602885161305, 0.25466030455876104], [0.35080453574300324, 0.308799206711551, 0.15452225998224228, 0.1858739975632034], [0.1066006704758548, 0.24609375885862841, 0.1432977956127399, 0.5040077750527768], [0.1738495341792236, 0.27008873967199487, 0.30051276862484533, 0.2555489575239363], [0.14794447663049215, 0.3157902679691727, 0.26400706361556175, 0.27225819178477334], [0.21396650333023626, 0.3715394305472834, 0.18292309482865507, 0.2315709712938253], [0.19358178379513877, 0.23928123558496164, 0.2546877749210347, 0.31244920569886486], [0.212340889268833, 0.2618553122381814, 0.17540721070662627, 0.35039658778635935], [0.44529825466908995, 0.20709101793969753, 0.1975305823242785, 0.15008014506693407], [0.2715230681189682, 0.3768907663473554, 0.06116948433136789, 0.2904166812023086], [0.17245891553577608, 0.21380308683287877, 0.4149837464713761, 0.1987542511599691], [0.25727094163097236, 0.2900439786049637, 0.14990870505763415, 0.30277637470642976], [0.15790827758068626, 0.2673070170055414, 0.11926960331879408, 0.4555151020949783], [0.21865329695396185, 0.2587352488656716, 0.21713857399658512, 0.3054728801837815], [0.165424048453368, 0.27339003896306313, 0.37230808397789716, 0.1888778286056715], [0.19254188660902258, 0.21247476986381295, 0.08889786552442328, 0.5060854780027413], [0.18883940078353298, 0.31125047157075736, 0.27761887029771504, 0.22229125734799465], [0.12418821404841142, 0.3905275553327863, 0.35251716347220413, 0.13276706714659814], [0.18566381068693164, 0.1680854837748939, 0.30860982438654594, 0.3376408811516285], [0.3491195584145076, 0.2807320192225847, 0.13989720756656557, 0.23025121479634222], [0.2239997404914292, 0.36702010826384396, 0.18568956594617123, 0.2232905852985557], [0.17294365035519843, 0.41568084342482653, 0.15284024547500838, 0.2585352607449666], [0.12125145905658294, 0.5892502798859259, 0.13604946466508996, 0.15344879639240125], [0.27405965848506375, 0.21071994866673135, 0.13194465218089407, 0.38327574066731085], [0.20139137103636862, 0.5066906094347328, 0.09242015801361393, 0.19949786151528476], [0.14289474814791991, 0.15624689529740413, 0.2162838528338343, 0.48457450372084165], [0.27842044483565337, 0.30149285436842777, 0.17685419159058696, 0.24323250920533204], [0.18493170968789685, 0.2599668929608458, 0.16568134918145627, 0.38942004816980097], [0.30703392002086277, 0.26697707199086745, 0.203975940926604, 0.22201306706166565], [0.1405644217565381, 0.4291610658968762, 0.2044159795296453, 0.22585853281694035], [0.3475873444157406, 0.2257377477864039, 0.11300607235138117, 0.3136688354464743], [0.2738703514877398, 0.24912380453614227, 0.14406793030905937, 0.3329379136670586], [0.30967162485089683, 0.374852704723044, 0.132052965624833, 0.18342270480122613], [0.23133281388267038, 0.38340646553313534, 0.1046161487311205, 0.28064457185307395], [0.21737964208864374, 0.13715854414088463, 0.43215942397551926, 0.21330238979495225], [0.3055749224775015, 0.3061974046812187, 0.09352571753580914, 0.2947019553054706], [0.2329656248287835, 0.31813011351405934, 0.18320407634464939, 0.2657001853125077], [0.2535665552891105, 0.34555124288204636, 0.11274221970640477, 0.28813998212243835], [0.24465626398700116, 0.3730316381235111, 0.10291712482932666, 0.2793949730601613], [0.27951883777458475, 0.27136347124673704, 0.13588222975277353, 0.3132354612259047], [0.2669780826378168, 0.1872957347935132, 0.20716108086484306, 0.3385651017038268], [0.24284240018393402, 0.3755008221346551, 0.1301163177251077, 0.25154045995630325], [0.12257133805618611, 0.19370212692856809, 0.339586892064561, 0.34413964295068467], [0.25207331134201694, 0.33198338369705127, 0.11778741472345985, 0.2981558902374719], [0.18619159512807368, 0.34281757354658376, 0.07919124769383562, 0.391799583631507], [0.10872814907250376, 0.15561856292269885, 0.1846002759366439, 0.5510530120681536], [0.15322401186285295, 0.2007364600891455, 0.42080084058928324, 0.22523868745871847], [0.43665937673679567, 0.2519622626523374, 0.08906413159653573, 0.22231422901433134], [0.2808885469437869, 0.3634403089513888, 0.14384675037321296, 0.2118243937316116], [0.40831481705745726, 0.26553923785367617, 0.09996973901575652, 0.22617620607311], [0.1980390414545915, 0.3763248345185481, 0.10356946892438008, 0.3220666551024804], [0.20659917834097563, 0.2586129637752528, 0.28293996296800455, 0.2518478949157671], [0.2237543508934984, 0.25297488978610216, 0.11796685891626765, 0.4053039004041318], [0.2250786607409886, 0.20822699783248788, 0.282541900028849, 0.2841524413976746], [0.13828156716041848, 0.3681805944765016, 0.16002553933403849, 0.3335122990290417], [0.21530283380922396, 0.36422623409065585, 0.13474483224728717, 0.2857260998528332], [0.19683964694645303, 0.213367788628085, 0.16317385597191417, 0.4266187084535477], [0.4112324528618536, 0.13140183228020771, 0.1127971667873534, 0.3445685480705853], [0.19402540821089792, 0.28447289872589604, 0.12091230954590942, 0.40058938351729656], [0.5863151672518555, 0.10819642315104319, 0.12111041786346644, 0.18437799173363484], [0.29593901726097904, 0.24367718569034097, 0.19378729985253196, 0.26659649719614803], [0.2433618351303618, 0.36393704032133606, 0.11393910681456053, 0.27876201773374176], [0.49293928235204104, 0.22526782781510912, 0.11987217503817169, 0.16192071479467826], [0.41903550621741154, 0.22443576243816094, 0.07739804610208921, 0.27913068524233836], [0.2502220772619918, 0.3139758607849978, 0.10005857727283446, 0.33574348468017595], [0.19321034764725967, 0.21371115700335608, 0.07789006966788863, 0.5151884256814956], [0.17901135287602774, 0.3392452888146229, 0.18620635694334775, 0.29553700136600164], [0.24063447483703276, 0.3069993924095293, 0.1951200052228972, 0.25724612753054077], [0.23735235206435687, 0.19349346852550842, 0.20699054564135816, 0.3621636337687768], [0.14581909694516437, 0.4711706454557323, 0.17568553086858588, 0.20732472673051752], [0.311242296507711, 0.14480103373038375, 0.09663731665624949, 0.44731935310565574], [0.22057340861528899, 0.17041372652572093, 0.2304903176754403, 0.37852254718354983], [0.18534448248586957, 0.17176371666265222, 0.420617681667947, 0.2222741191835312], [0.2288227144410819, 0.26017176171652157, 0.0899493801976697, 0.42105614364472693], [0.34902518390697396, 0.22502086144330247, 0.2427938027461931, 0.1831601519035305], [0.1284602575133839, 0.4904455481374058, 0.10256804694692748, 0.2785261474022828], [0.2096982015651996, 0.28526748956859665, 0.2284737826539991, 0.27656052621220467], [0.5456528237848133, 0.11254301448199178, 0.16834684215048396, 0.173457319582711], [0.20798165909017471, 0.4189251072514437, 0.15705887429685472, 0.21603435936152687], [0.16184429855509996, 0.48982823177178764, 0.1329680610455662, 0.21535940862754643], [0.1493067177530246, 0.44963498377163663, 0.1222185709777716, 0.2788397274975673], [0.2859431906253653, 0.20056195968849871, 0.3331107958975285, 0.18038405378860772], [0.20580458330113993, 0.37143940396334524, 0.19563910593322129, 0.22711690680229346], [0.2601671551276857, 0.388849185568009, 0.15268323824625096, 0.19830042105805423]]}}