{"test": {"ids": ["98108410", "113119120", "112116451", "101108460", "113117401", "105120280", "112116290", "102108621", "112120540", "110118450", "108115870", "111119300", "110118740", "112120670", "101108580", "99107560", "98112580", "113122650", "103118291", "100113210", "113120280", "109116170", "113119300", "108114670", "108115970", "113120260", "107118820", "112117571", "110119300", "110114720", "111119340", "103109021", "110119891", "100116500", "111119430", "102113350", "113121810", "97107950", "103117200", "106121190", "113119930", "100117420", "106115120", "111116110", "103109791", "109117630", "108121160", "108119550", "113117630", "111117200", "97116500", "110115140", "105117431", "103118110", "98109090", "104110960", "109119450", "99109860", "106113830", "103120290", "101119591", "105113440", "110121720", "111119290", "101112160", "106118820", "111120591", "110118181", "97110950", "105113480", "108113700", "111115770", "112117780", "111119950", "105111990", "99117740", "102116500", "106118301", "112120640", "107113170", "105115380", "113121220", "111115400", "113122170", "107118490", "107114780", "98107010", "110114321", "108113760", "112116540", "98111670", "106115250", "107120880", "98116940", "110118161", "108118630", "104118340", "112116800", "110120560", "102109010", "106112770", "109117150", "105116501", "97112830", "106118161", "104109311", "112121430", "112116640", "104114240", "105116860", "108119330", "110120640", "102118380", "98111860", "106113190", "107120010", "106117650", "111114121", "101112201", "102112030", "108118291", "106119990", "109114270", "112119580", "112118890", "105116980", "109114651", "109115380", "99108460", "99110730", "113117550", "111120531", "99107950", "103113610", "104111780", "112117210", "101111310", "112117030", "97105451", "107112850", "106119580", "105115900"], "labels": [1, 3, 0, 0, 3, 3, 0, 3, 3, 0, 3, 1, 3, 2, 0, 1, 2, 2, 0, 0, 0, 0, 1, 3, 2, 3, 3, 3, 1, 3, 3, 0, 3, 2, 3, 3, 2, 2, 0, 2, 1, 2, 1, 3, 3, 0, 2, 1, 0, 0, 2, 0, 1, 2, 1, 2, 3, 2, 1, 2, 0, 0, 3, 3, 3, 3, 1, 1, 3, 0, 0, 3, 0, 0, 2, 2, 1, 1, 0, 0, 1, 3, 0, 1, 2, 2, 3, 1, 1, 1, 1, 2, 1, 2, 0, 1, 2, 0, 0, 1, 1, 2, 1, 2, 3, 3, 2, 0, 0, 2, 0, 0, 1, 0, 0, 1, 1, 0, 0, 2, 3, 0, 3, 3, 3, 0, 3, 3, 0, 3, 3, 0, 1, 2, 3, 1, 3, 2, 0, 1, 3, 3], "predicted_labels": [1, 3, 0, 1, 0, 0, 1, 3, 1, 0, 0, 1, 0, 3, 3, 0, 1, 1, 3, 3, 0, 3, 0, 0, 3, 1, 3, 3, 0, 0, 0, 3, 3, 2, 1, 2, 1, 2, 3, 1, 0, 2, 3, 3, 0, 1, 1, 0, 0, 0, 1, 0, 1, 3, 1, 3, 2, 3, 0, 2, 3, 3, 3, 3, 1, 1, 0, 1, 3, 0, 1, 2, 1, 0, 0, 0, 3, 3, 3, 3, 1, 2, 1, 2, 1, 1, 3, 0, 0, 1, 0, 0, 1, 3, 0, 3, 1, 1, 1, 1, 1, 2, 3, 3, 0, 1, 3, 0, 3, 1, 1, 3, 2, 1, 0, 3, 0, 0, 1, 2, 0, 0, 0, 0, 2, 3, 3, 2, 1, 3, 2, 0, 3, 3, 3, 0, 1, 1, 0, 3, 1, 0], "confidence_scores": [[0.007920669586571609, 0.961885455392451, 0.025810354715660188, 0.004383520305317367], [0.19397572988122616, 0.24670701770907916, 0.001073426601031464, 0.5582438258086633], [0.7935669800954547, 0.1247868522094375, 0.004536780800024729, 0.07710938689508298], [0.021089883763442018, 0.7842504078160828, 0.12376161445701167, 0.07089809396346354], [0.46203485832545066, 0.10981810397153362, 0.1040813674937541, 0.3240656702092617], [0.3669164090886632, 0.09701655959030704, 0.17178664920841757, 0.36428038211261227], [0.34021734562698125, 0.5123727570853854, 0.008825253843033528, 0.13858464344459984], [0.08899160282636903, 0.024162151393682878, 0.17340209240234655, 0.7134441533776015], [0.03752528341575102, 0.7625327521920653, 0.015341725269057355, 0.1846002391231262], [0.4083487186345043, 0.32272726951845365, 0.037503793988734525, 0.23142021785830766], [0.7193223337886419, 0.0033483692990260035, 0.0036241690330731033, 0.273705127879259], [0.18917523260651434, 0.4308601938179908, 0.02021921223965457, 0.35974536133584045], [0.9815605064590468, 0.0001258868788385098, 0.00098050506975233, 0.01733310159236228], [0.04840650914364383, 0.08319464312993306, 0.13188643918218285, 0.7365124085442402], [0.0580260585257085, 0.0019017451969182751, 0.010198386193124721, 0.9298738100842485], [0.4733340103921306, 0.3058258345479732, 0.06998891717307526, 0.15085123788682087], [0.06562206227956124, 0.7507610967118808, 0.007470910102654775, 0.1761459309059032], [0.015842380117601328, 0.8186621017700397, 0.1304066656631681, 0.0350888524491909], [0.09907023286402539, 0.39967590659574465, 0.020763773171358222, 0.4804900873688716], [0.00262002013936001, 0.03174745040851176, 0.014439281995234948, 0.9511932474568933], [0.9719027042495902, 0.000770952955040382, 0.001258807238245652, 0.026067535557123704], [0.023040267790673957, 0.03746786056427158, 0.0039371231031668725, 0.9355547485418876], [0.5149794751793675, 0.004512686365274701, 0.03817059915386902, 0.4423372393014888], [0.4364081772212967, 0.06887649165747778, 0.18583148014348883, 0.30888385097773663], [0.010436208126521447, 0.08182987361464064, 0.39134172119603405, 0.5163921970628039], [0.06306902619677572, 0.8747294114008609, 0.0027394124831225876, 0.0594621499192409], [0.14997280651326816, 0.13767068503645927, 0.06325828389976738, 0.6490982245505053], [0.008952053836606697, 0.1332157520041831, 0.19209558422899245, 0.6657366099302177], [0.5718886003822208, 0.17669898503899184, 0.05886477610991487, 0.19254763846887252], [0.5787912920870374, 0.37935076075652874, 0.023001271825541424, 0.018856675330892355], [0.716605540677186, 0.0038321809080775256, 0.19644370096035355, 0.08311857745438297], [0.057564222264275836, 0.19218209663196695, 0.02767914031468124, 0.7225745407890761], [0.4272239718034282, 0.03466396077129448, 0.07969113326649468, 0.45842093415878254], [0.061084100250272486, 0.37787916553868706, 0.4756671602988556, 0.08536957391218492], [0.0034438181070633464, 0.8414812281266734, 0.019986194252030225, 0.135088759514233], [0.12383063416158835, 0.09159096674673423, 0.5506242782663944, 0.23395412082528305], [0.014412170064085305, 0.5768180835970108, 0.3987263962504578, 0.010043350088446187], [0.007010039238783259, 0.03971285622118692, 0.9365105764804869, 0.016766528059542943], [0.13228162393133863, 0.3174027913598685, 0.03224636812374175, 0.5180692165850511], [0.1121150671571376, 0.6950144480046039, 0.15786305875805542, 0.035007426080203095], [0.47029948116042763, 0.28907593075805477, 0.0022514461854148855, 0.23837314189610256], [0.0035388451437130663, 0.06813640203754612, 0.47125433700206015, 0.4570704158166807], [0.38423776002229487, 0.04609845032409396, 0.0009251770756658852, 0.5687386125779452], [0.028126482374398232, 0.03852585212918365, 0.0045765991716525695, 0.9287710663247656], [0.6954962926255885, 0.002164637715500326, 0.15270374725967317, 0.14963532239923802], [0.22884124154969546, 0.7172150055655018, 0.04581074355170494, 0.008133009333097754], [0.2923702274995806, 0.3924466019504978, 0.006916116465902032, 0.30826705408401966], [0.7417433544150742, 0.05675799649347322, 0.06084756162696402, 0.1406510874644885], [0.41124523028605353, 0.011766265104468763, 0.19786421351454958, 0.3791242910949281], [0.7978406876418819, 0.11992717516425876, 0.03959144427217914, 0.042640692921680406], [0.013550208515448553, 0.6671627851030646, 0.3139293592065759, 0.005357647174910992], [0.6202632439021556, 0.32536348097829254, 0.005407048258399397, 0.048966226861152415], [0.2610975248351302, 0.4515908559273492, 0.15138424266773695, 0.1359273765697836], [0.016110085970093748, 0.4358042516705757, 0.10721549474176159, 0.4408701676175691], [0.05088006446819125, 0.593025231784498, 0.14241362772442423, 0.21368107602288658], [0.004356416825762897, 0.011836573448129727, 0.12555956902462478, 0.8582474407014825], [0.07195353662028774, 0.05030284110372088, 0.4996102837301498, 0.3781333385458416], [0.005691867676338781, 0.4012956297376, 0.08565064091782679, 0.5073618616682344], [0.9531481500571021, 0.01547812088166859, 0.02476328309881815, 0.006610445962411073], [0.23179082078489946, 0.2564772633387284, 0.4585995896895547, 0.05313232618681745], [0.14877953593657997, 0.034478425980755116, 0.005452676170541771, 0.8112893619121231], [0.2737858414753691, 0.2670152208870439, 0.06490636516718726, 0.3942925724703997], [0.3075375363123209, 0.0524169113780555, 0.21493652086038714, 0.4251090314492365], [0.024159259342292124, 0.35413024093219464, 0.12188045451445423, 0.499830045211059], [0.013089066981495171, 0.9769861503315806, 0.007881833768618696, 0.002042948918305406], [0.18898907452900668, 0.5413997182744804, 0.21518701951105962, 0.05442418768545325], [0.6701413177729353, 0.02049531513734247, 0.011431967852311754, 0.2979313992374106], [0.11052057522279066, 0.4350909876412517, 0.23917418404060908, 0.21521425309534867], [0.28448592128086153, 0.021723056611816432, 0.05500090634704194, 0.6387901157602801], [0.6646701774399922, 0.24339836700571785, 0.014651712408761447, 0.0772797431455284], [0.05834330067183312, 0.3799118752855381, 0.26100752613684275, 0.30073729790578596], [0.04114289315115983, 0.24940687374798468, 0.39903157758252145, 0.3104186555183341], [0.041240991296294674, 0.9234721119141494, 0.005914010000244666, 0.029372886789311336], [0.7834909936127115, 0.01753542215414632, 0.1786112874304435, 0.020362296802698583], [0.4259783669617441, 0.2221792855038509, 0.2520518520714567, 0.09979049546294816], [0.44955311086112826, 0.09680753314795136, 0.1875778432882746, 0.2660615127026459], [0.3323134904499529, 0.29097891509386775, 0.038230187312537786, 0.3384774071436416], [0.2976173493507991, 0.1781440273872208, 0.022513515344278354, 0.5017251079177018], [0.24924629612341626, 0.048311443991753265, 0.15401946778576853, 0.548422792099062], [0.018715952190017805, 0.002606383137500029, 0.10434067924072041, 0.8743369854317619], [0.010929837801400433, 0.36005178362435464, 0.29670139637769793, 0.3323169821965469], [0.03523091312038711, 0.005373014770237841, 0.8788099551514539, 0.0805861169579213], [0.003371442880398972, 0.5259714453354124, 0.24560487480734594, 0.22505223697684276], [0.00547241924582715, 0.06729028915608291, 0.8449972736455503, 0.08224001795253962], [0.08125137993000638, 0.7610817342256767, 0.11796472310961717, 0.03970216273469971], [0.01060728039957177, 0.9561194174376053, 0.014796004442712654, 0.018477297720110114], [0.23082515297026973, 0.30046915177379463, 0.10859665094367728, 0.36010904431225843], [0.36159358310064244, 0.21618694382172982, 0.20764209543749526, 0.21457737764013252], [0.4834297634239895, 0.1567102006875843, 0.2279219467475062, 0.13193808914092], [0.005793377643835017, 0.8967999440823213, 0.02653781392384176, 0.07086886435000204], [0.3813731251421056, 0.32955191876536855, 0.12984526587827444, 0.15922969021425148], [0.7305554775511063, 0.17863112541287468, 0.01807517495871019, 0.07273822207730873], [0.22087748680978192, 0.6964381031946243, 0.049320495581309284, 0.03336391441428447], [0.19981366058157168, 0.12636703575121605, 0.01744201127074501, 0.6563772923964672], [0.49333593243755264, 0.38109255577999623, 0.06442982546965924, 0.06114168631279189], [0.019634008515595863, 0.007971612452557085, 0.008903594116230465, 0.9634907849156167], [0.03785120017966083, 0.42851888425749945, 0.34394108705605486, 0.18968882850678478], [0.0021449918299642004, 0.6292077387771914, 0.2761765539435263, 0.09247071544931822], [0.12554797856997452, 0.48843572559640985, 0.3488431618580156, 0.037173133975600015], [0.0036080640961619927, 0.7529424637873988, 0.12379884315115451, 0.11965062896528458], [0.0029882262585396134, 0.7466981182436836, 0.2220804100035422, 0.028233245494234678], [0.11242414207974727, 0.18077219623180027, 0.637618572779391, 0.06918508890906136], [0.013194729888421486, 0.10769425290444393, 0.0890559902843962, 0.7900550269227383], [0.0009100686104867785, 0.001273970275315296, 0.02040804620149633, 0.9774079149127017], [0.6486719436049638, 0.3246265924822584, 0.0009428837972201473, 0.025758580115557622], [0.016932865884234784, 0.9079958431136865, 0.026123118636554553, 0.048948172365524116], [0.0011840264268869896, 0.1537217558459498, 0.25479385652411923, 0.5903003612030441], [0.8544942356819952, 0.04102790456116705, 0.061315708496378116, 0.043162151260459476], [0.28290278612879416, 0.17805038999221662, 0.03567165555651202, 0.5033751683224772], [0.4265688633338668, 0.5116853139612988, 0.04816238935500598, 0.013583433349828504], [0.06949482604317168, 0.7657700980876786, 0.045884630884851646, 0.11885044498429803], [0.0427470695017916, 0.06629843720106013, 0.0008466013717547144, 0.8901078919253936], [0.03610316714245009, 0.09802170092658406, 0.770850941621491, 0.09502419030947473], [0.003641098821834972, 0.6352627169925148, 0.3596025248196693, 0.0014936593659809348], [0.8894953661206058, 0.006572135092165853, 0.053023633048302515, 0.05090886573892604], [0.3073789495649592, 0.14677009730719742, 0.026729766057934083, 0.5191211870699093], [0.4745862375759759, 0.3095594392109796, 0.1952676118189983, 0.020586711394046022], [0.36219767607211023, 0.25226622708534857, 0.13900171927643346, 0.24653437756610772], [0.02233739089765834, 0.934353801172631, 0.0008958626008095934, 0.042412945328901074], [0.09212674988143506, 0.3472653104853166, 0.3505821678521538, 0.21002577178109458], [0.6036237577962869, 0.37594791177801384, 0.0035621238137614956, 0.016866206611937752], [0.5199671192078604, 0.21305961176399515, 0.14273775685673679, 0.12423551217140755], [0.5841016413691297, 0.06917178175260459, 0.0243492021987909, 0.3223773746794748], [0.5522764704422429, 0.2196558208266861, 0.02940183404033561, 0.1986658746907352], [0.030849232986086616, 0.2574980059449302, 0.5858499155671784, 0.12580284550180476], [0.2206814595419598, 0.006250804394309146, 0.0011901348640621975, 0.7718776011996689], [0.3167661355251822, 0.004554815426260782, 0.00687198549386692, 0.6718070635546902], [0.013866824163608285, 0.234751926035277, 0.7262937738847216, 0.025087475916393202], [0.01134019246546885, 0.7351992970372544, 0.11905367953196352, 0.13440683096531314], [0.002388597187197299, 0.11969693924562419, 0.0912092306519487, 0.7867052329152298], [0.01709824171513774, 0.09586262331789357, 0.8622112650363865, 0.02482786993058219], [0.4386715191929368, 0.20337851593856807, 0.04739706634639415, 0.310552898522101], [0.0014190198557623923, 0.059782443595242686, 0.044177636129004334, 0.8946209004199907], [0.0027499634042365494, 0.21170270790797308, 0.19773796030850976, 0.5878093683792807], [0.034384936915062315, 0.09728705628162304, 0.0003078099030459357, 0.8680201969002688], [0.5645304369001207, 0.12324482778609835, 0.28431281764160815, 0.027911917672172753], [0.009061543410954696, 0.9611080259070242, 0.020780441326905787, 0.009049989355115293], [0.020520704667707848, 0.9660545172829696, 0.007919149469560507, 0.005505628579762181], [0.9291882906549184, 0.015610742602701948, 0.0018854607154140787, 0.05331550602696556], [0.007847708570919744, 0.0699479806389479, 0.0016746506113936087, 0.9205296601787387], [0.08711758864171687, 0.555432620106121, 0.03266733134101206, 0.32478245991114996], [0.8896287681911337, 0.029332299701161402, 0.021056196695751265, 0.059982735411953536]]}, "rewritten": {"ids": ["97105451", "97107950", "97110950", "97112830", "97116500", "98107010", "98108410", "98109090", "98111670", "98111860", "98112580", "98116940", "99107560", "99107950", "99108460", "99109860", "99110730", "99117740", "100113210", "100116500", "100117420", "101108460", "101108580", "101111310", "101112160", "101112201", "101119591", "102108621", "102109010", "102112030", "102113350", "102116500", "102118380", "103109021", "103109791", "103113610", "103117200", "103118110", "103118291", "103120290", "104109311", "104110960", "104111780", "104114240", "104118340", "105111990", "105113440", "105113480", "105115380", "105115900", "105116501", "105116860", "105116980", "105117431", "105120280", "106112770", "106113190", "106113830", "106115120", "106115250", "106117650", "106118161", "106118301", "106118820", "106119580", "106119990", "106121190", "107112850", "107113170", "107114780", "107118490", "107118820", "107120010", "107120880", "108113700", "108113760", "108114670", "108115870", "108115970", "108118291", "108118630", "108119330", "108119550", "108121160", "109114270", "109114651", "109115380", "109116170", "109117150", "109117630", "109119450", "110114321", "110114720", "110115140", "110118161", "110118181", "110118450", "110118740", "110119300", "110119891", "110120560", "110120640", "110121720", "111114121", "111115400", "111115770", "111116110", "111117200", "111119290", "111119300", "111119340", "111119430", "111119950", "111120531", "111120591", "112116290", "112116451", "112116540", "112116640", "112116800", "112117030", "112117210", "112117571", "112117780", "112118890", "112119580", "112120540", "112120640", "112120670", "112121430", "113117401", "113117550", "113117630", "113119120", "113119300", "113119930", "113120260", "113120280", "113121220", "113121810", "113122170", "113122650"], "labels": [0, 2, 3, 2, 2, 3, 1, 1, 1, 0, 2, 2, 1, 1, 0, 2, 3, 2, 0, 2, 2, 0, 0, 3, 3, 0, 0, 3, 1, 2, 3, 1, 1, 0, 3, 2, 0, 2, 0, 2, 3, 2, 3, 0, 2, 2, 0, 0, 1, 3, 1, 2, 0, 1, 3, 1, 0, 1, 1, 2, 1, 3, 1, 3, 3, 0, 2, 1, 0, 2, 2, 3, 1, 1, 0, 1, 3, 3, 2, 3, 1, 0, 1, 2, 3, 3, 3, 0, 2, 0, 3, 1, 3, 0, 0, 1, 0, 3, 1, 3, 0, 0, 3, 0, 0, 3, 3, 0, 3, 1, 3, 3, 0, 0, 1, 0, 0, 1, 0, 0, 2, 1, 3, 0, 3, 3, 3, 0, 2, 2, 3, 3, 0, 3, 1, 1, 3, 0, 3, 2, 1, 2], "predicted_labels": [1, 1, 0, 1, 1, 1, 1, 0, 0, 1, 3, 1, 1, 1, 1, 3, 3, 0, 3, 3, 1, 0, 3, 1, 0, 1, 0, 1, 1, 0, 0, 1, 1, 1, 3, 1, 1, 0, 1, 0, 3, 3, 1, 3, 0, 0, 1, 1, 1, 1, 3, 0, 0, 1, 1, 1, 3, 0, 3, 1, 1, 0, 0, 3, 1, 0, 0, 3, 1, 1, 1, 3, 3, 1, 3, 2, 0, 0, 1, 1, 3, 3, 0, 3, 3, 1, 1, 1, 3, 0, 1, 0, 1, 1, 3, 1, 0, 0, 0, 1, 1, 3, 1, 1, 1, 0, 3, 0, 0, 3, 0, 1, 0, 0, 0, 3, 1, 3, 0, 1, 1, 0, 1, 3, 2, 0, 1, 1, 1, 1, 0, 3, 0, 0, 3, 1, 3, 0, 0, 1, 3, 3], "confidence_scores": [[0.02901995793765832, 0.8857516654906753, 0.005442898066708578, 0.07978547850495775], [0.13672237144309274, 0.4151324415757073, 0.0575091222460503, 0.3906360647351497], [0.46064458263125774, 0.022985495431460504, 0.13397870032543824, 0.38239122161184347], [0.004618396086834439, 0.8599227636816158, 0.04815366267647148, 0.0873051775550784], [0.12084316164376553, 0.8610800298199967, 0.014485289614388046, 0.003591518921849784], [0.07054638069176754, 0.6639914460496594, 0.002479847658236632, 0.26298232560033646], [0.027614960046063616, 0.5270968646005665, 0.007659088556418364, 0.4376290867969515], [0.5706397064337061, 0.1131023240012486, 0.05781631380838669, 0.25844165575665856], [0.5674194996578851, 0.09175607228812005, 0.08764283201628757, 0.25318159603770723], [0.021945767015739553, 0.6940251427654821, 0.06659994836957396, 0.21742914184920434], [0.22268119987353407, 0.20811481681322577, 0.018701298958257735, 0.5505026843549824], [0.045441108170129994, 0.598653492385359, 0.015490035679778635, 0.34041536376473236], [0.27209998144336894, 0.3574807344222024, 0.1123320027415228, 0.2580872813929059], [0.04842852047415807, 0.7168172715358948, 0.07544165196102343, 0.15931255602892372], [0.050749990575475946, 0.502764517039482, 0.3093065964580507, 0.13717889592699153], [0.018035456557598927, 0.14485624016849744, 0.17030936930858467, 0.666798933965319], [0.0028183622540512367, 0.411412813385189, 0.05535136069984872, 0.5304174636609111], [0.4544846989181279, 0.12331276778276065, 0.17357092725985965, 0.2486316060392516], [0.021676270376000648, 0.3287825713802397, 0.01035715726443241, 0.6391840009793273], [0.12743811496327992, 0.30312309915107577, 0.15145499755181233, 0.41798378833383193], [0.03772217741697521, 0.6000938828362368, 0.2413918648252938, 0.12079207492149419], [0.6273914851155313, 0.2468484318775864, 0.03875384996425283, 0.0870062330426294], [0.11362250334463066, 0.035652161037588594, 0.040209403571596684, 0.8105159320461841], [0.19377891498697675, 0.659133928187374, 0.01930467074018708, 0.12778248608546208], [0.3642998460646459, 0.2647466110917305, 0.04730186558474543, 0.3236516772588782], [0.025352068214250904, 0.9512122411214913, 0.0009110378151562495, 0.022524652849101625], [0.8080572630154613, 0.09635046627456842, 0.0019732433632233385, 0.093619027346747], [0.044638760473639384, 0.6276777940185426, 0.002835102994632181, 0.3248483425131859], [0.1288532650829271, 0.8027810278294141, 0.0234766544713987, 0.044889052616259965], [0.5349899840491082, 0.2321824916806402, 0.18415380571507767, 0.04867371855517408], [0.7847358414278098, 0.152356467038017, 0.0211871794576835, 0.04172051207648978], [0.36753702476815137, 0.40689851632456486, 0.002167100571710009, 0.22339735833557386], [0.0580995312040982, 0.5461701584004923, 0.3533089373544849, 0.042421373040924575], [0.2059006327677226, 0.5411827060888257, 0.032274627992735845, 0.22064203315071593], [0.2202920088277291, 0.2837636819961988, 0.08295438191262125, 0.41298992726345074], [0.16433846863599233, 0.5225238311678061, 0.11660358142934772, 0.1965341187668538], [0.2611348119213486, 0.4174724974508314, 0.09891658553252601, 0.22247610509529392], [0.5140304661600966, 0.3360312617883973, 0.033981813531804766, 0.11595645851970124], [0.09832577014374494, 0.7743705132070939, 0.04465362916326701, 0.08265008748589413], [0.5272166393641567, 0.22029052701239948, 0.08411541534223031, 0.1683774182812135], [0.06365179660966266, 0.20044888281129045, 0.11774524666432536, 0.6181540739147215], [0.01016447481481442, 0.03471067559719365, 0.0651892794762633, 0.8899355701117285], [0.07951717050368873, 0.7128008647601743, 0.0021251364781188493, 0.20555682825801783], [0.24864994799358653, 0.01725745916031057, 0.026420011140697808, 0.707672581705405], [0.7986896165955778, 0.15815972939113768, 0.030513099143214786, 0.012637554870069833], [0.6052509341908661, 0.11880217475152544, 0.022759057702198965, 0.2531878333554096], [0.017615539136514802, 0.9049140996984925, 0.021943667065939303, 0.055526694099053406], [0.1867961777683407, 0.6297402368978724, 0.08062588289720377, 0.10283770243658309], [0.10278775716543881, 0.610493923309158, 0.060295079266593464, 0.22642324025880978], [0.11815208726227382, 0.8512828378797691, 0.005531487471684073, 0.025033587386272985], [0.4005452117078424, 0.05562997369927115, 0.044013443951222954, 0.49981137064166337], [0.5190117564145099, 0.4519632602432654, 0.018289519466207285, 0.010735463876017369], [0.6634978559427427, 0.132021822773031, 0.004932354786307872, 0.19954796649791834], [0.022779014242699357, 0.7955234946499292, 0.16766150721946002, 0.01403598388791146], [0.3949543042314836, 0.395250893894294, 0.008500616193708463, 0.20129418568051388], [0.001051840521924375, 0.9590959708436305, 0.019181882755322746, 0.020670305879122136], [0.4023298970644975, 0.07465719700239075, 0.058829421555252163, 0.46418348437785956], [0.42840986299972494, 0.2641348084590405, 0.02653023447303198, 0.28092509406820254], [0.04668618044489752, 0.29471430463409803, 0.015083484325296196, 0.6435160305957083], [0.07990326527230741, 0.8555031458666047, 0.009749725616541575, 0.054843863244546334], [0.12179391788400855, 0.7073948823287907, 0.08630216798444793, 0.08450903180275283], [0.6401704529172945, 0.297162117349436, 0.002220966008969966, 0.06044646372429945], [0.36997834772912974, 0.2995705464468684, 0.0614390769775438, 0.269012028846458], [0.3176780532038582, 0.21760309391641536, 0.10365946487978785, 0.3610593879999386], [0.011914274638617408, 0.8990657694329398, 0.04504679330434512, 0.04397316262409777], [0.6741602150782888, 0.23615042100427577, 0.01837906366448895, 0.0713103002529464], [0.4833954256988973, 0.3357948392539596, 0.13510800937912265, 0.0457017256680205], [0.05515235926460692, 0.3951288467254547, 0.018222392210744346, 0.5314964017991941], [0.14862260483023218, 0.3373589312229326, 0.17730378092619112, 0.3367146830206441], [0.0023045875184968486, 0.9231161910015528, 0.028233292204372762, 0.046345929275577624], [0.11527505823793918, 0.8517680622429245, 0.010977008658985904, 0.0219798708601505], [0.12111563575100859, 0.2245573995300189, 0.10195991701020561, 0.5523670477087669], [0.037514339776618895, 0.01399340294144718, 0.029167702471603437, 0.9193245548103305], [0.011044400026962579, 0.6114745564268059, 0.06173730916223084, 0.31574373438400083], [0.16416265955034304, 0.2705624696560109, 0.2658623872677097, 0.29941248352593625], [0.12462509601162282, 0.3643213334722139, 0.4248400692004603, 0.08621350131570296], [0.6236691069953856, 0.07014320440922686, 0.008496879395198173, 0.29769080920018937], [0.6606329224466585, 0.009069858547154195, 0.023791328239934142, 0.3065058907662532], [0.14212247298716496, 0.8232524426155047, 0.024500728718416607, 0.01012435567891381], [0.0220771163921635, 0.9740184937768168, 0.0024744131250823034, 0.001429976705937422], [0.01126659549986965, 0.06526953480459169, 0.01479879555276553, 0.9086650741427731], [0.03595083909321694, 0.23364069923273498, 0.01192747441151246, 0.7184809872625356], [0.5516300416490655, 0.04687841440920271, 0.0290589593262145, 0.3724325846155172], [0.26793111064507164, 0.2705337395269817, 0.02101921090910619, 0.44051593891884033], [0.16525757655063728, 0.04701545193570729, 0.0033020814226403295, 0.7844248900910152], [0.09672845005081676, 0.6480105296739531, 0.015218945598555073, 0.2400420746766751], [0.16106995902497692, 0.6489422778039625, 0.03545995792738972, 0.15452780524367085], [0.24250642015620175, 0.6410132597709371, 0.011829750308439734, 0.10465056976442128], [0.15277804473161338, 0.2969792648902951, 0.051851223613916336, 0.4983914667641753], [0.6962117336152547, 0.15681306367409287, 0.009277318632845212, 0.13769788407780734], [0.059127879264447514, 0.3321014799623949, 0.31557164835520785, 0.2931989924179497], [0.703658393829405, 0.1625697563971385, 0.10850696658067605, 0.025264883192780373], [0.3642489907830098, 0.6075419260173842, 0.02063979686227453, 0.007569286337331645], [0.2365922274882387, 0.49693557729847776, 0.05575342234611111, 0.21071877286717242], [0.04473178120171672, 0.23865254141747128, 0.07943108778876377, 0.6371845895920482], [0.12621920689089788, 0.5023853721580209, 0.1561576195090291, 0.21523780144205196], [0.5289640580128069, 0.3935307077001815, 0.008158414241136171, 0.06934682004587546], [0.9088590775761, 0.0005598997842727848, 0.00022321150677030745, 0.09035781113285699], [0.5713259336923004, 0.13724067253828523, 0.004501382502961555, 0.28693201126645274], [0.35356312553043795, 0.4945552117559097, 0.016764333433110856, 0.13511732928054135], [0.21223042180383012, 0.4016106381930425, 0.10926556362734913, 0.2768933763757783], [0.22511098327605708, 0.13482907419933932, 0.0011797486645673966, 0.6388801938600362], [0.1984251682560741, 0.5714310282186291, 0.02259559343492955, 0.20754821009036728], [0.002054535051705225, 0.8947455906995618, 0.02757854222177638, 0.07562133202695649], [0.00978367312753782, 0.8182706809088389, 0.02621713113792031, 0.145728514825703], [0.4713635623574179, 0.23114323113291085, 0.13970085809400254, 0.15779234841566867], [0.02731748581907638, 0.33478707995337653, 0.013104605102308714, 0.6247908291252384], [0.8386920413483098, 0.025385533839145893, 0.0030121096748312675, 0.1329103151377129], [0.4770422580770176, 0.30039672240642185, 0.061400290779630884, 0.16116072873692946], [0.0349017114884362, 0.4062279655036466, 0.008908883639876979, 0.5499614393680403], [0.6963224153777742, 0.07209594705858687, 0.120748724331648, 0.11083291323199099], [0.03343202038477155, 0.896022282121543, 0.007001711734722527, 0.06354398575896306], [0.7492239085982187, 0.22177401156933077, 0.0032153269343895663, 0.025786752898061], [0.694283340073221, 0.20036617793856923, 0.003518469664989346, 0.10183201232322042], [0.47511051031845414, 0.04657452716707235, 0.011835386835424675, 0.46647957567904885], [0.1631114019733276, 0.24843762298158156, 0.11434329162809127, 0.47410768341699955], [0.22837972314514, 0.7186669977959038, 0.0007214850954576238, 0.05223179396349863], [0.20295145188876298, 0.2510200303263543, 0.023426793032340215, 0.5226017247525424], [0.6087647421475582, 0.14478327773365043, 0.046000847930206736, 0.20045113218858465], [0.07720326194128035, 0.7643133887818212, 0.0540480225537932, 0.10443532672310511], [0.31969676399702374, 0.6286076262878375, 0.02866504447057586, 0.02303056524456295], [0.6177001058216911, 0.2479840740796943, 0.10112092025217793, 0.033194899846436775], [0.033109805755456044, 0.9132442790283942, 0.020532233219699346, 0.03311368199645047], [0.12087676980103217, 0.08696945038004784, 0.05245142297873798, 0.7397023568401819], [0.03304392289365945, 0.32268086033482263, 0.4385768601636033, 0.20569835660791475], [0.7027094490990075, 0.20826660856830254, 0.0031653735891561813, 0.0858585687435339], [0.08154555110744977, 0.8786727151491389, 0.013458510090155022, 0.02632322365325615], [0.2524489305273204, 0.6883714959959412, 0.011238140997275922, 0.04794143247946269], [0.12406257052486516, 0.6356643819882877, 0.03234406355731338, 0.20792898392953393], [0.023464864197484826, 0.7879973514629477, 0.029614295306961025, 0.15892348903260642], [0.44627201015685936, 0.1429822667741058, 0.034963850314793904, 0.3757818727542409], [0.1107743576692135, 0.016073185050108726, 0.01627890861169512, 0.8568735486689827], [0.6746750001113437, 0.099860188222875, 0.08235024554176447, 0.14311456612401674], [0.440297710773835, 0.2417219807994987, 0.0024529167896673656, 0.31552739163699883], [0.2585535918078128, 0.009364364048033508, 0.025626099681777856, 0.7064559444623757], [0.07739098815843068, 0.833814578247021, 0.0022301944028979533, 0.08656423919165038], [0.13641083912296578, 0.3604030043563063, 0.027907271032325705, 0.4752788854884022], [0.9102046185548297, 0.0007205037827189427, 0.0042197897392319585, 0.08485508792321933], [0.5548636586491279, 0.19352993999655163, 0.14671468015873054, 0.10489172119558994], [0.18911939614503778, 0.6842297880139449, 0.08452806177317167, 0.042122754067845616], [0.3728636351360733, 0.0641228891616384, 0.1849095452158758, 0.37810393048641244], [0.03492687110291876, 0.10266679278931434, 0.05392613975109604, 0.8084801963566708]]}}