{"test": {"ids": ["100112060", "104116800", "109114651", "109117150", "106116640", "99109860", "106120290", "113120751", "103120730", "97114170", "100113370", "110118930", "112116610", "99107300", "106113190", "103111540", "97107040", "100117420", "99107640", "109121351", "99108580", "105113210", "97105760", "110117870", "106113360", "113119450", "108117451", "102113350", "98112170", "104113550", "109115070", "113122430", "108115970", "105115900", "98110810", "113117550", "98111231", "112117790", "108119550", "108121351", "111115620", "98106880", "104114740", "111120190", "112120640", "108119510", "108115250", "103113610", "111114171", "108120280", "104111990", "97107821", "98112580", "99110730", "106116850", "113120070", "112119580", "113118490", "113119360", "103113640", "110120540", "111119150", "102112301", "107114780", "110115140", "111118810", "102112170", "102112250", "112118860", "111119430", "103120780", "110118181", "111121351", "112118880", "100109801", "108115870", "106118520", "112117431", "98110680", "110120190", "107114950", "97116401", "112121410", "97106770", "99108080", "98107410", "97112170", "103112641", "111116170", "98108410", "104110960", "111120531", "107121700", "111114121", "103111830", "107120130", "97112830", "107112840", "97106600", "99109780", "110117080", "108118630", "104117200", "106113260", "112119320", "108121160", "112118161", "110117110", "107113180", "112121360", "99108330", "110118111", "105116650", "110117200", "111120320", "110121170", "109120540", "101112201", "103118291", "109115220", "106114321", "111116090", "104114410", "107114140", "106115240", "113118810", "99114890", "97107681", "99107630", "102113210", "105112260", "101112540", "106116120", "112116880", "104116980", "99112300", "106115120", "113119700", "107113550", "101111620", "98120010", "101108621"], "labels": [2, 1, 3, 2, 3, 2, 2, 1, 1, 2, 3, 1, 1, 3, 0, 1, 2, 2, 1, 0, 0, 3, 0, 3, 0, 3, 2, 3, 3, 1, 0, 2, 2, 3, 1, 3, 1, 3, 1, 3, 1, 0, 2, 3, 0, 1, 1, 2, 3, 3, 2, 2, 2, 3, 3, 2, 3, 1, 0, 1, 1, 3, 1, 2, 0, 0, 3, 0, 3, 3, 1, 1, 0, 1, 0, 3, 2, 0, 2, 3, 3, 3, 0, 3, 3, 3, 0, 3, 0, 1, 2, 0, 3, 0, 3, 2, 2, 1, 3, 2, 1, 1, 3, 3, 1, 2, 0, 0, 3, 3, 1, 1, 1, 3, 1, 2, 1, 0, 0, 3, 2, 3, 1, 2, 1, 3, 2, 3, 2, 3, 3, 2, 1, 0, 1, 0, 1, 0, 0, 3, 2, 0], "predicted_labels": [2, 3, 0, 3, 3, 2, 2, 3, 0, 1, 1, 3, 3, 0, 0, 3, 3, 2, 3, 3, 1, 1, 2, 3, 0, 0, 0, 3, 1, 0, 1, 1, 3, 3, 1, 2, 0, 0, 3, 3, 0, 0, 3, 1, 2, 2, 0, 0, 0, 0, 1, 0, 1, 3, 0, 2, 1, 2, 3, 0, 1, 3, 2, 0, 2, 3, 2, 2, 0, 1, 3, 0, 3, 3, 1, 0, 0, 3, 2, 3, 3, 1, 3, 2, 3, 0, 3, 1, 0, 1, 0, 3, 3, 1, 0, 1, 1, 1, 2, 1, 3, 1, 3, 1, 2, 0, 1, 2, 0, 0, 1, 0, 3, 0, 3, 3, 3, 3, 1, 3, 2, 0, 3, 1, 0, 0, 1, 2, 2, 1, 1, 2, 3, 1, 2, 3, 0, 2, 0, 0, 3, 3], "confidence_scores": [[0.0009131430030642309, 0.05980996416805635, 0.938624884626559, 0.0006520082023205388], [0.05715649658017274, 0.39850265373535493, 0.003852405882906142, 0.5404884438015661], [0.9968705756182515, 0.003129227005413603, 1.1321324380715155e-09, 1.9624420267262686e-07], [0.004050817248101077, 0.07607039521709288, 3.216913645874585e-05, 0.9198466183983474], [3.128566262280717e-05, 1.4973284428437594e-11, 6.606723062105463e-08, 0.9999686482551732], [0.00015716661081497613, 0.0012246550683236658, 0.9855324426817444, 0.01308573563911693], [3.7337451449505484e-07, 4.039654969432868e-05, 0.9999549980396955, 4.2320360957645e-06], [0.005271996393703667, 7.615075786729885e-06, 0.0005956341547438787, 0.9941247543757656], [0.9567572890350541, 0.04324100449384873, 3.3798983330596965e-10, 1.7061331071577605e-06], [4.265323421794655e-12, 0.9935818181050644, 0.0041996584683150285, 0.0022185234223553534], [0.002738834390566055, 0.9100037788657575, 0.03065958888477792, 0.0565977978588985], [0.002051387156869167, 0.0005633060285888593, 3.222858952584158e-05, 0.9973530782250161], [0.0059083099503553635, 0.031515981078735954, 0.0023230029798737167, 0.9602527059910351], [0.9999857713772066, 1.416606830031462e-05, 5.504558669253323e-08, 7.508906565706901e-09], [0.9999989849401026, 1.962370371313485e-07, 5.15019003348457e-07, 3.0380385709312367e-07], [1.9238957624275365e-09, 0.00021195143234704092, 0.0002945156198480059, 0.9994935310239093], [5.510058555100393e-06, 4.881417218146988e-07, 0.008198693753837513, 0.9917953080458856], [1.4338314032035102e-13, 5.7810839956917415e-09, 0.9999999863858653, 7.832907307824149e-09], [2.1225898076393787e-05, 9.638670403657765e-05, 0.31979607951423367, 0.6800863078836532], [3.285073819056929e-06, 0.0007793920310154998, 5.886244117164796e-08, 0.9992172640327243], [2.2679918577908305e-05, 0.9537899094787852, 0.045307761497789534, 0.0008796491048474237], [7.4656604837863475e-06, 0.9434076040264288, 0.00034154759100152586, 0.056243382722086004], [0.00019444113678105, 1.4148924331366725e-09, 0.8849160263630603, 0.11488953108526626], [0.008395594142585392, 0.0002117036845043708, 8.986275669504571e-05, 0.9913028394162151], [0.9988794721377312, 0.0011204776843178278, 8.36739525032944e-09, 4.1810555702008575e-08], [0.9931097343955502, 0.00438246625723794, 7.573009705216978e-05, 0.002432069250159758], [0.999999942825999, 1.5686452846081803e-12, 4.9723504431258324e-12, 5.716745987069105e-08], [8.377711740851307e-08, 0.004858202829657121, 0.0002574631099827028, 0.9948842502832428], [0.0021540807424692337, 0.9961076163049185, 0.0001520909192054203, 0.0015862120334067357], [0.9018499216870551, 0.0905753589311828, 0.0073237567592967946, 0.000250962622465193], [1.4699494448679935e-07, 0.9999904829067502, 1.2697521539874643e-06, 8.10034615118731e-06], [0.0011839354507037936, 0.5413408575955104, 7.653753984404411e-06, 0.4574675531998014], [1.156933354868732e-07, 2.410833062472003e-06, 1.4624051531338553e-09, 0.9999974720111969], [0.0011204734606761314, 5.154253486601949e-08, 0.12228613290609647, 0.8765933420906925], [1.8112415326270234e-05, 0.9842899656435423, 0.015566283821499124, 0.00012563811963228855], [0.0005432804245577794, 0.09483567987764943, 0.9024822415501625, 0.0021387981476303918], [0.996350073046946, 0.0024628971847213297, 4.163321790859936e-07, 0.001186613436153683], [0.9721022624757347, 0.0004014171368867657, 0.016523582213244997, 0.010972738174133438], [0.15385919302054915, 0.011446522768326127, 0.011320502852977686, 0.823373781358147], [0.008346509031922663, 0.0014480255635740062, 4.6196378806387905e-05, 0.990159269025697], [0.9534181525821613, 0.002613520247181458, 0.0358597393844977, 0.008108587786159673], [0.5098355646291657, 6.9462475284072426e-06, 0.05914655243863652, 0.4310109366846694], [2.3759799624514088e-07, 3.7592693839088886e-08, 2.969265418213003e-05, 0.9999700321551278], [0.003264761700674357, 0.9679735770033316, 0.01665887421384555, 0.012102787082148216], [2.181201410466628e-05, 0.007106581397008289, 0.9164261926086676, 0.07644541398021942], [6.581708958648538e-05, 0.0036662707629738505, 0.9860170079116065, 0.01025090423583294], [0.7606805341151343, 0.1372757844388526, 0.10201889578835677, 2.4785657656260038e-05], [0.9756520532899999, 0.00161342764235377, 0.02146996915386719, 0.001264549913779053], [0.9989204963345419, 8.173671902050998e-10, 3.390989096815726e-13, 0.0010795028477517618], [0.5620381111440835, 0.0006709700345508068, 0.11032958087210654, 0.3269613379492592], [0.2892053815594478, 0.6995480173309361, 0.01123989792553531, 6.703184080678581e-06], [0.9500082087016591, 7.966653902172687e-06, 0.00013020458521856778, 0.04985362005921995], [0.020107918655859723, 0.9258600978971554, 0.00028912258160496205, 0.05374286086537997], [1.6335995995138763e-07, 8.714193435093485e-08, 1.1605798489407425e-05, 0.9999881436996163], [0.966961651368471, 3.4533590528350194e-07, 0.0008618723388792043, 0.03217613095674457], [7.45217836571826e-06, 1.9135530675543364e-06, 0.9955526755431112, 0.004437958725455361], [0.0013491775082534482, 0.9758191856499818, 0.019679174098304986, 0.0031524627434598414], [0.43603563488243946, 4.0772894785083066e-05, 0.5629599272473347, 0.0009636649754407089], [0.0014465576386416634, 0.00014552032344873907, 0.00022178093942427156, 0.9981861410984855], [0.7119505697247963, 0.000536671813979972, 0.0030957133846699196, 0.2844170450765538], [0.053771820310369985, 0.94252534199972, 0.003525524893688585, 0.00017731279622125928], [5.776697139068892e-07, 0.0015678721536803051, 1.4638937110432515e-07, 0.9984314037872346], [0.0013564116460570573, 4.5248846909921685e-06, 0.86604944566854, 0.13258961780071188], [0.6188014002333987, 0.0005422819668616487, 0.010135563306361743, 0.3705207544933778], [2.2139350150381216e-05, 2.040757250635573e-05, 0.5178712908044755, 0.4820861622728678], [0.004263954085865551, 0.0001879458993366379, 5.933107487561059e-11, 0.9955480999554668], [0.09234760268037577, 0.21482288598975674, 0.692653084336561, 0.00017642699330635894], [0.1710483371939978, 2.3540478750152513e-05, 0.8289247596529709, 3.3626742811686644e-06], [0.9853235496342845, 0.012984335423498406, 0.0016683703437678516, 2.374459844934043e-05], [7.472249161011809e-07, 0.5682273462852473, 0.4037884660296022, 0.02798344046023445], [0.01645428132977256, 0.38727889858028125, 0.0035466077067467833, 0.5927202123831994], [0.9995104620377978, 0.0001317768922426329, 1.1859344028636493e-07, 0.00035764247651930847], [0.00025426832624983844, 0.015575107375903617, 4.0371900493506825e-05, 0.9841302523973531], [0.17812412011425735, 0.027528530292978047, 0.05604092953853345, 0.7383064200542313], [4.006675250028422e-08, 0.763548101408837, 1.3591676850601414e-07, 0.23645172260764197], [0.5087159170439253, 4.738510316139551e-07, 0.4739894970537263, 0.01729411205131686], [0.5502310066276955, 0.18342861758473017, 0.00011170712216041668, 0.2662286686654139], [0.010926986370739954, 0.002404913526760532, 0.015102850568954851, 0.9715652495335447], [0.0005558754567132307, 0.0003948288464586545, 0.9981094699490093, 0.0009398257478186945], [0.026811540123271343, 0.0003910609648457024, 3.292605416686759e-08, 0.9727973659858288], [0.04998585134277141, 0.07504146327683436, 0.011970820087126426, 0.8630018652932677], [2.8599074073287968e-08, 0.9959164470661526, 0.004083299369399132, 2.249653741695497e-07], [0.2953098009594182, 0.05263547979559725, 1.3948552630847175e-06, 0.6520533243897214], [0.2415029120430753, 0.03873415156910626, 0.7196086728591953, 0.0001542635286230301], [1.2043131313626136e-05, 7.238445425822033e-05, 1.320051503103826e-05, 0.9999023718993971], [0.9966987589272536, 0.00022855093005468246, 0.0016489573081650067, 0.001423732834526683], [0.005700714712639464, 0.00020998385530407535, 0.0024084924537542554, 0.9916808089783022], [0.0002875046531908684, 0.9054785638832511, 0.0941403648588833, 9.35666046747147e-05], [0.9999999460872266, 5.2597561260430995e-08, 3.6737702417211214e-15, 1.3152083111991013e-09], [0.0863051061823916, 0.9126567786291795, 4.0563933225424534e-05, 0.0009975512552034501], [0.8470936443072937, 0.12766314750424598, 0.0020525989708064, 0.023190609217653653], [3.0285392974226064e-06, 0.00014198478992441052, 0.00017781852452245186, 0.9996771681462557], [0.0002851957945695032, 0.01900202777763119, 0.0006368339539012414, 0.9800759424738981], [1.6380135061655963e-06, 0.9913871749263566, 6.887580571664438e-05, 0.008542311254420468], [0.9956774047392488, 0.0031647257513591027, 0.00030051224077141015, 0.0008573572686208556], [0.437303487979307, 0.5619335454549714, 0.0007624408510706024, 5.257146509819726e-07], [0.2756465157810449, 0.5732500689040013, 0.016450964808350794, 0.13465245050660296], [0.03954599826686198, 0.9604492074692517, 4.6770321082410534e-07, 4.326560675480313e-06], [0.002195785483927323, 0.00011235357147227415, 0.9976622165504794, 2.9644394121175585e-05], [0.001087357375630321, 0.9152742444106939, 0.08328109652838862, 0.00035730168528697265], [0.00014468723272962963, 0.21910773114118143, 0.18341132716534952, 0.5973362544607393], [3.370581066036472e-05, 0.7443773496802023, 0.003670537423055668, 0.25191840708608165], [4.461811060154477e-07, 0.006958097540192845, 0.00031778302114351975, 0.9927236732575576], [4.1642954369404934e-05, 0.9721292769142539, 0.017933248655896416, 0.009895831475480142], [1.8416355547866693e-07, 0.1085864112353152, 0.8913508663589638, 6.253824216564456e-05], [0.969819688679612, 0.024962203820352722, 2.2266612684512186e-06, 0.0052158808387667045], [0.0019031281457960578, 0.9672183236878501, 2.2686131573173125e-06, 0.03087627955319657], [5.194302956323165e-07, 7.012651480619703e-06, 0.9999920975745474, 3.703436763251298e-07], [0.8165862900253312, 0.18313518876515272, 1.7084087955090366e-06, 0.0002768128007206119], [0.9997949340826677, 0.00018048783337543223, 2.6220413350402622e-09, 2.4575461915569458e-05], [0.017822952411094144, 0.9238531750786374, 0.01428769123347595, 0.04403618127679253], [0.8256985436386081, 0.16970617619318434, 7.540179711018633e-05, 0.00451987837109747], [0.0021854400703238508, 0.0002871415444093122, 0.003214896231027693, 0.994312522154239], [0.9999547910693761, 6.24120376687656e-07, 3.021012739621764e-07, 4.4282708973349816e-05], [0.1882845399269495, 0.045226627386804115, 0.0257799000830996, 0.7407089326031469], [0.00018637821192904146, 0.03127030349569203, 1.1686087496883398e-06, 0.9685421496836292], [0.010527774391893202, 0.00047225002352412515, 0.004343923575970923, 0.9846560520086118], [4.291435814003336e-05, 0.0073812117814948675, 0.0987134744202101, 0.893862399440155], [0.0029334807120737164, 0.6704620578559392, 0.207513374321913, 0.11909108711007398], [0.0018819512790566072, 0.3894818923293793, 0.0002510654305815713, 0.6083850909609826], [0.005577381440411123, 2.193400210579928e-05, 0.9940931294504599, 0.00030755510702334764], [0.96658781838816, 1.6692114983297367e-05, 2.0058214995973168e-08, 0.033395469438641766], [0.00736461563920392, 0.00023556781142102993, 0.0005199957944897619, 0.9918798207548852], [0.011494195603938448, 0.9884039017905444, 2.841903576931803e-05, 7.348356974784791e-05], [0.9995929844378011, 0.0003875133187318681, 1.2782317686771913e-06, 1.8224011698354257e-05], [0.5797017390010765, 0.0006976350058483738, 0.003938981513334322, 0.41566164447974097], [1.054732409954746e-10, 0.9177866560007029, 0.08114398458195729, 0.0010693593118665027], [9.929306262907114e-06, 2.216689529985236e-07, 0.954474854438125, 0.045514994586659044], [0.3848575784256152, 0.0023716583534108475, 0.6124087631306265, 0.0003620000903474648], [6.514253520965098e-05, 0.9916848477697277, 0.0025004980263610434, 0.005749511668701555], [0.01104492468904329, 0.98876050140834, 4.597909358172814e-07, 0.0001941141116808413], [2.180283022716924e-06, 0.02027559410844613, 0.9784480541856785, 0.0012741714228526383], [5.757871783216342e-06, 0.09193812804402181, 0.0001335478476406436, 0.9079225662365543], [0.12530972831959014, 0.8664795432979273, 0.008095495658270958, 0.00011523272421156044], [1.8191699403192982e-08, 0.006416334122313773, 0.9926667490362785, 0.0009168986497083885], [0.0008283832640460382, 0.0004952902497242951, 0.3556120131336372, 0.6430643133525924], [0.9421902791697394, 0.056130483735766415, 5.364366513132656e-11, 0.0016792370408504902], [5.81925479890977e-07, 0.0013249151061120088, 0.9986742659336127, 2.3703479542620003e-07], [0.8222758114698975, 0.0004689230939606116, 0.1765620308376205, 0.0006932345985213862], [0.9999932851168405, 4.89573848761068e-10, 3.2441368237709985e-06, 3.4702567618388326e-06], [0.027581376965650342, 0.005954241448463406, 0.17541147273197577, 0.7910529088539104], [0.00033487292231101906, 0.002293921465962512, 9.404996936670302e-05, 0.9972771556423597]]}, "rewritten": {"ids": ["97105760", "97106600", "97106770", "97107040", "97107681", "97107821", "97112170", "97112830", "97114170", "97116401", "98106880", "98107410", "98108410", "98110680", "98110810", "98111231", "98112170", "98112580", "98120010", "99107300", "99107630", "99107640", "99108080", "99108330", "99108580", "99109780", "99109860", "99110730", "99112300", "99114890", "100109801", "100112060", "100113370", "100117420", "101108621", "101111620", "101112201", "101112540", "102112170", "102112250", "102112301", "102113210", "102113350", "103111540", "103111830", "103112641", "103113610", "103113640", "103118291", "103120730", "103120780", "104110960", "104111990", "104113550", "104114410", "104114740", "104116800", "104116980", "104117200", "105112260", "105113210", "105115900", "105116650", "106113190", "106113260", "106113360", "106114321", "106115120", "106115240", "106116120", "106116640", "106116850", "106118520", "106120290", "107112840", "107113180", "107113550", "107114140", "107114780", "107114950", "107120130", "107121700", "108115250", "108115870", "108115970", "108117451", "108118630", "108119510", "108119550", "108120280", "108121160", "108121351", "109114651", "109115070", "109115220", "109117150", "109120540", "109121351", "110115140", "110117080", "110117110", "110117200", "110117870", "110118111", "110118181", "110118930", "110120190", "110120540", "110121170", "111114121", "111114171", "111115620", "111116090", "111116170", "111118810", "111119150", "111119430", "111120190", "111120320", "111120531", "111121351", "112116610", "112116880", "112117431", "112117790", "112118161", "112118860", "112118880", "112119320", "112119580", "112120640", "112121360", "112121410", "113117550", "113118490", "113118810", "113119360", "113119450", "113119700", "113120070", "113120751", "113122430"], "labels": [0, 3, 3, 2, 3, 2, 0, 2, 2, 3, 0, 3, 1, 2, 1, 1, 3, 2, 2, 3, 2, 1, 3, 1, 0, 2, 2, 3, 0, 2, 0, 2, 3, 2, 0, 3, 0, 2, 3, 0, 1, 3, 3, 1, 3, 3, 2, 1, 0, 1, 1, 2, 2, 1, 1, 2, 1, 1, 3, 3, 3, 3, 1, 0, 3, 0, 2, 1, 1, 1, 3, 3, 2, 2, 1, 3, 0, 2, 2, 3, 2, 3, 1, 3, 2, 2, 1, 1, 1, 3, 2, 3, 3, 0, 3, 2, 1, 0, 0, 1, 0, 3, 3, 1, 1, 1, 3, 1, 2, 0, 3, 1, 3, 0, 0, 3, 3, 3, 1, 0, 0, 1, 0, 0, 3, 0, 3, 1, 1, 3, 0, 3, 0, 3, 1, 3, 0, 3, 0, 2, 1, 2], "predicted_labels": [2, 0, 0, 3, 2, 0, 0, 2, 1, 1, 3, 0, 1, 2, 1, 0, 1, 1, 0, 0, 2, 3, 3, 1, 1, 1, 2, 3, 3, 1, 3, 1, 1, 2, 1, 0, 3, 2, 0, 0, 0, 1, 3, 3, 1, 1, 2, 0, 1, 1, 1, 0, 0, 1, 3, 3, 3, 2, 3, 3, 1, 3, 3, 0, 1, 0, 2, 1, 0, 3, 3, 2, 0, 2, 1, 0, 0, 1, 3, 1, 1, 3, 2, 2, 3, 0, 1, 2, 0, 3, 0, 0, 0, 1, 3, 3, 0, 3, 2, 2, 2, 0, 3, 1, 0, 3, 3, 0, 1, 1, 0, 0, 0, 1, 0, 3, 2, 3, 0, 3, 1, 3, 1, 0, 0, 1, 2, 3, 2, 1, 3, 0, 0, 3, 2, 3, 3, 0, 2, 2, 2, 1], "confidence_scores": [[0.000849418454781278, 9.645391185870577e-08, 0.9706311705450986, 0.028519314546208225], [0.9768221707478477, 2.182732390860763e-05, 0.022681979649466697, 0.00047402227877690737], [0.9994414203121311, 0.00026848496479647577, 0.00028786576620947347, 2.2289568630148426e-06], [3.316885948598805e-08, 6.265160182281689e-08, 0.0002736550261762514, 0.9997262491533625], [0.00012864726903767635, 0.0005480222360385356, 0.7290489459566989, 0.270274384538225], [0.9610566842096708, 4.59983098287917e-05, 0.00022299175859866665, 0.03867432572190159], [0.5124643082541948, 0.0006501251370226492, 0.3490327219961154, 0.13785284461266725], [0.000252840699908067, 0.10368716985835053, 0.8951211651133545, 0.0009388243283870246], [2.264136598926949e-11, 0.9995717217057475, 0.00010604520373977533, 0.0003222330678715103], [1.988797883503888e-06, 0.9494846933845631, 0.05051150529210369, 1.8125254495152898e-06], [0.26874405722583883, 3.263638508762659e-05, 0.0012393482964258601, 0.7299839580926478], [0.9999922152467076, 5.2187451540912975e-08, 1.7308948030451887e-06, 6.001671037726303e-06], [0.37300123207187197, 0.40356555399735666, 0.008069595351502843, 0.2153636185792685], [5.982671488979675e-06, 0.002140234959920824, 0.9926703187826929, 0.00518346358589727], [3.910259391191865e-06, 0.9896645772893866, 0.010176885248634197, 0.0001546272025880616], [0.8835162411397095, 0.018377097822918704, 3.355727778179478e-05, 0.09807310375958997], [0.023653009073337217, 0.9754998133135407, 0.0004848108221495475, 0.0003623667909724406], [2.239579161203636e-05, 0.6026482085377247, 0.3957178729980056, 0.0016115226726576475], [0.7323073494906004, 0.0010862341538150496, 0.2411385561028733, 0.025467860252711316], [0.999992201177632, 7.735429834811053e-06, 6.005299900078195e-10, 6.27920032273974e-08], [0.23421618946281297, 0.0016546150110938883, 0.7462983153179453, 0.017830880208147878], [0.01851569765456753, 0.0029400920835708187, 0.028586075865487386, 0.9499581343963742], [0.0016929754246959986, 3.233175610535915e-06, 0.0004942773502739148, 0.9978095140494194], [0.31879677037624127, 0.6568768175729526, 0.023576855989838993, 0.0007495560609673619], [5.174407760486458e-06, 0.5027336666618367, 0.48715257720764427, 0.010108581722758511], [0.015454759719352111, 0.9358404634336404, 0.04865864030171764, 4.613654528998749e-05], [2.501733945373802e-06, 0.00387880004682013, 0.9737821346291446, 0.022336563590089963], [2.4586348646885012e-08, 1.3378673287693264e-07, 2.912066490987951e-05, 0.9999707209620086], [0.00014794706929055972, 0.00019597439442683903, 0.01088045360396168, 0.9887756249323209], [1.4596151484947302e-12, 0.6392694858233581, 0.3570379761370709, 0.003692538038111338], [4.788952841168871e-07, 0.05157644007522454, 4.530048892877623e-09, 0.9484230764994424], [0.011602891978874905, 0.9725245366120874, 0.005379514197515137, 0.010493057211522428], [0.0007027701032211497, 0.9895622321247439, 0.00501562676061124, 0.00471937101142384], [6.920152453947376e-11, 1.3449145212753524e-07, 0.9999998510828241, 1.4356522278293408e-08], [0.007555083473364452, 0.9647190157150675, 5.9906176060165164e-05, 0.02766599463550789], [0.9856440591174175, 1.1439350799542162e-10, 9.659813304542948e-05, 0.014259342635143646], [2.678517946311824e-05, 0.0005590660552862269, 0.0010014080394362078, 0.9984127407258144], [0.00037018191848756327, 0.056100593739500174, 0.9426295242202621, 0.0008997001217502492], [0.5416632332111225, 0.02239422379581576, 0.43572203566313594, 0.00022050732992579802], [0.9201964781032044, 0.0004340959394470721, 0.07936899801290363, 4.279444448882557e-07], [0.6360565213726415, 9.068087909283198e-05, 0.26172667145449985, 0.10212612629376593], [4.115960155757017e-05, 0.7302770331524344, 0.25192360390598567, 0.017758203340022437], [3.5782405939408695e-10, 5.54092271023012e-07, 2.870337615278745e-07, 0.9999991585161434], [1.528609409207235e-05, 0.00010436696312944279, 0.4492797644896543, 0.5506005824531242], [0.3634769511206403, 0.5483294306824787, 0.08386486900891603, 0.00432874918796488], [0.0007156520881339707, 0.8969448079253013, 0.10191656666156301, 0.0004229733250018747], [2.8828110416515912e-05, 0.012507992369541303, 0.9850362335250262, 0.002426945995015902], [0.9264777144370482, 2.484925997803936e-05, 1.0855691998269427e-05, 0.07348658061097532], [2.932826750319603e-07, 0.999999500286792, 1.423560747894467e-07, 6.407445809796795e-08], [0.12909983844159634, 0.8706047674587118, 6.47188009550393e-09, 0.00029538762781170083], [0.05693102321125276, 0.602313486709098, 0.002580908648773888, 0.33817458143087537], [0.8308167116790437, 0.15726486275703555, 0.0004999089672442076, 0.011418516596676677], [0.9486627088276668, 0.031766434815226674, 0.019570782259738243, 7.409736807768028e-08], [0.3673180776078613, 0.5248008526126522, 0.10674529664877767, 0.0011357731307087902], [0.0005671869947433413, 7.59539641377816e-05, 0.00013157084092885147, 0.99922528820019], [0.0014113903348559422, 4.0020985330804683e-07, 0.0005333789507556629, 0.9980548305045351], [0.04465950735906524, 0.23934347990605004, 0.1675276863473001, 0.5484693263875846], [2.7239446617684144e-07, 0.0029935181130971086, 0.9953625042098663, 0.0016437052825704456], [2.4296827022405877e-09, 2.6819601222891458e-05, 1.085021870104094e-05, 0.9999623277503933], [0.016474659421716966, 0.02518827417003601, 4.145485664774726e-05, 0.9582956115515993], [0.00045898453657039685, 0.9144187082168674, 0.0005142121588479939, 0.08460809508771407], [0.0007598090582157536, 7.521760424637397e-07, 0.013008858512131469, 0.9862305802536102], [0.0002387011504797472, 0.0176678351782834, 0.0007536101883082485, 0.9813398534829285], [0.9999952705147654, 2.121407144351263e-06, 1.916212098554244e-06, 6.918659915960606e-07], [1.240024747344748e-05, 0.9976610314075522, 4.4631083258342474e-05, 0.0022819372617156417], [0.9920018366387577, 0.00589368057665062, 0.00025265909656533404, 0.0018518236880261784], [0.0070088705378129265, 7.8841991043966e-06, 0.9910732775423221, 0.0019099677207605704], [0.45275344881480106, 0.4900204922436787, 3.8843550582847615e-08, 0.057226020097969545], [0.9999972889363391, 2.6912647994400445e-06, 1.8244763724033592e-08, 1.5540976926452153e-09], [1.6548726002328334e-07, 0.0012152133226004194, 1.3031545668724172e-05, 0.9987715896444708], [5.6132157145973484e-05, 1.3875136865638442e-08, 3.7637404843219183e-07, 0.9999434775936686], [0.08319618613467256, 3.439476502187688e-05, 0.7921182933075347, 0.12465112579277085], [0.884097892997989, 0.0013443949478872267, 8.251096904463802e-05, 0.1144752010850789], [1.774034388304372e-08, 1.3843004696310502e-05, 0.9999847423173323, 1.3969376274337958e-06], [0.02968057341985081, 0.9703158329323277, 3.89545586564111e-08, 3.5546932627410686e-06], [0.9963095590686218, 0.0036727395089268143, 1.6884548044770545e-05, 8.168744063739094e-07], [0.9357883571072657, 0.004102923451645486, 0.05999924138835737, 0.00010947805273150063], [0.06273153733430167, 0.9369657528061206, 0.00027912576502176124, 2.3584094556099204e-05], [0.011925881762463295, 0.008528972244394343, 0.007536061759911245, 0.9720090842332311], [0.0002330751504291004, 0.9221661948113661, 0.000547204806700828, 0.07705352523150397], [0.026761109337523098, 0.9731776672504647, 8.649243970372904e-06, 5.2574168041880556e-05], [0.001506767277196548, 0.2256093996915026, 0.002752652629843488, 0.7701311804014573], [0.04780821685435342, 0.2337589051524207, 0.7184310201075271, 1.8578856988405252e-06], [0.0458999924367448, 6.179215132297177e-06, 0.9195944194799789, 0.03449940886814403], [9.245884707112855e-09, 9.566387839240402e-08, 4.471469859342815e-11, 0.9999998950455221], [0.9999999999835218, 4.677709033800466e-13, 1.1288934545380944e-12, 1.4881457477864717e-11], [0.019766837443630853, 0.959849080141774, 0.01101654960449496, 0.009367532810100117], [0.014408978660674577, 0.28450143202881467, 0.694207036309837, 0.0068825530006737246], [0.9396147554626033, 0.009816173306992016, 0.006387558778686782, 0.04418151245171785], [0.24441150196179096, 0.005592942230777604, 0.1555974997250995, 0.594398056082332], [0.975037103456439, 0.0006923265092261245, 6.519701050624792e-07, 0.024269918064229977], [0.6529014902285922, 0.0010595257523528722, 9.857439098814274e-06, 0.34602912657995605], [0.7987816751208535, 0.20121826221711575, 5.901303713384177e-11, 6.260301764627769e-08], [4.7274626291226325e-06, 0.9999932630283136, 1.954347588734829e-06, 5.516146868107274e-08], [0.00016176392507806628, 0.2693388009991427, 0.03419561852536818, 0.6963038165504111], [0.04998812117876987, 0.2050898612723594, 7.624558716342038e-06, 0.7449143929901544], [0.4927998263923376, 0.03509705569592746, 0.005292625022468837, 0.4668104928892663], [1.435365853823675e-06, 0.00016466356260490164, 3.758980175645714e-10, 0.9998339006956433], [0.00042309914236738743, 0.0002482780951512577, 0.7418428573310466, 0.2574857654314347], [2.9713233561370203e-08, 7.30492915819409e-05, 0.9979968957407288, 0.001930025254455601], [1.0072723307335058e-05, 2.985397210888037e-05, 0.9999584078722439, 1.6654323400498932e-06], [0.9999902218152746, 6.1959494918106125e-06, 5.403460717798307e-08, 3.528200626552107e-06], [0.000247423230052752, 8.16420728296195e-05, 6.808103939579144e-05, 0.999602853657722], [0.013709288849560419, 0.9755617925703189, 7.093223962965273e-05, 0.010657986340491206], [0.9997491286375164, 3.247324631391707e-08, 3.589532778699483e-12, 0.0002508388856477253], [0.043384971688717695, 0.12279611637131298, 0.0013931762854057612, 0.8324257356545636], [0.0003375296332467997, 0.03861197198366929, 4.804949029520337e-12, 0.961050498378279], [0.9987867508904157, 0.001173747820151173, 3.100482104725338e-05, 8.496468385873333e-06], [7.658767615634804e-05, 0.9088478694558123, 0.05193389036616527, 0.03914165250186596], [2.5806718976271407e-09, 0.9999997447212924, 5.99993778249103e-09, 2.466980980890052e-07], [0.9999983906276392, 5.799507123718721e-09, 3.175900011257922e-13, 1.6035725360702035e-06], [0.9578102722398949, 0.005559607025065547, 0.002000686740948876, 0.0346294339940907], [0.6455152764134351, 6.272331426766491e-05, 6.364886153079789e-07, 0.35442136378368194], [0.0028659849977121315, 0.9963529530345618, 4.767605244625573e-11, 0.0007810619200499965], [0.8334598536800543, 0.016452958901140718, 1.9727533625575485e-08, 0.15008716769127123], [1.9451377526434492e-07, 0.002482284306577126, 1.0169922019790834e-06, 0.9975165041874455], [1.036159214961234e-06, 0.44007937660363433, 0.5476747615659014, 0.012244825671249127], [0.0036439286034432128, 0.029511076931068428, 1.0417513428562237e-06, 0.9668439527141456], [0.966416119628803, 3.737808945353691e-06, 0.032208819426989437, 0.0013713231352619239], [5.144809216033329e-06, 0.0016044442801486955, 0.004470444837272162, 0.993919966073363], [7.642167771187729e-05, 0.9926854626759671, 1.1218870293530089e-06, 0.007236993759291631], [0.003029241983992911, 0.01725699372869772, 0.3256529642625527, 0.6540608000247566], [0.18522170291180778, 0.7825279966678358, 0.0321487430442222, 0.00010155737613430806], [0.8221202548888907, 4.5405351340372345e-06, 1.0262469098581646e-05, 0.17786494210687673], [0.8870553670917475, 0.0006198545906863995, 0.10844289971922665, 0.0038818785983393365], [2.2297434367596484e-05, 0.999876592418859, 2.7206908253843172e-08, 0.00010108293986515866], [0.003160447322995846, 0.0077467584279119015, 0.9845495550036821, 0.0045432392454101906], [0.0015966220864154172, 0.010706187961810292, 0.0006075078062371744, 0.9870896821455372], [4.769007760892192e-08, 0.12148531887628268, 0.8777293580206801, 0.0007852754129595876], [5.0385609446177924e-05, 0.5095273696258724, 0.47453950299235914, 0.015882741772322243], [2.5805747144838214e-05, 0.00010982736957319954, 0.011055304380460962, 0.988809062502821], [0.8400154066717473, 0.04363433043282981, 4.888023481334292e-09, 0.11635025800739941], [0.9760560076626752, 0.0005739780828812695, 8.265623902247943e-07, 0.023369187692053282], [0.1239680570131451, 0.004258896394900838, 0.10705124946516238, 0.7647217971267917], [0.015049060455659836, 0.0026349855649830498, 0.9822344125104157, 8.154146894161893e-05], [6.213325990160341e-05, 0.0012932405857416967, 0.0012992184454750145, 0.9973454077088816], [0.014588649655888011, 0.015926251768337167, 0.00489184349404739, 0.9645932550817276], [0.9880940901357593, 0.004680859511758312, 0.003345903531911013, 0.0038791468205713673], [9.028986521462424e-07, 0.0003045331215668544, 0.9996945440399836, 1.9939797458059374e-08], [6.808393151864719e-05, 0.00018742128976699025, 0.9997375361100802, 6.958668634093181e-06], [6.408588125657854e-05, 0.001684567398160164, 0.9848457976972952, 0.0134055490232881], [3.0020958204624983e-06, 0.7415028259909969, 2.752256671010794e-08, 0.2584941443906161]]}}