{"test": {"ids": ["108115880", "109118701", "102112250", "98120010", "100109360", "97112290", "101108080", "113120280", "112118421", "109117110", "106114880", "113117550", "105114220", "97112170", "110118630", "110117080", "112118701", "99111000", "113122160", "105121190", "106113360", "105113440", "107119950", "97105760", "110116441", "103110100", "100109980", "104116441", "108118060", "111114121", "113122180", "99109161", "105113330", "109114720", "111119290", "107113130", "108119330", "102109910", "109118161", "101110150", "99113260", "99110050", "112117660", "109115220", "113118810", "113118820", "113120591", "101113210", "113117340", "109115211", "111117120", "108117360", "110118181", "106113170", "99108330", "97116500", "113122430", "107113360", "112119450", "105113170", "104114740", "104109311", "102110690", "105113210", "112120630", "110116170", "104110960", "100113210", "97106970", "102113350", "98106880", "111115910", "106120640", "112117431", "103111930", "103109021", "104113170", "100109311", "109119340", "112117790", "110117500", "110121140", "113118690", "99109780", "98107010", "100108080", "111117000", "104113000", "108114360", "104113190", "98108580", "100117420", "104113380", "112116290", "98108520", "111120540", "112117471", "110116300", "105112100", "111119150", "101114020", "105116650", "110117110", "107114621", "101108121", "102109850", "97107821", "112117210", "100111270", "97113900", "113118231", "98106680", "107113200", "112118471", "101111210", "111119580", "103111110", "104111780", "101109370", "110118930", "105121370", "103117200", "110113931", "111120591", "109119450", "111114321", "99109840", "101114990", "100110260", "108118810", "104111620", "98106560", "110115250", "109118231", "104119290", "110114720", "107121640", "97110950", "97107040", "109113281", "101108950", "99112641"], "labels": [3, 3, 0, 2, 0, 1, 0, 0, 3, 1, 0, 3, 3, 0, 1, 1, 0, 2, 3, 2, 0, 0, 3, 0, 3, 1, 1, 1, 1, 0, 2, 3, 3, 0, 3, 1, 0, 2, 0, 1, 0, 3, 0, 3, 3, 0, 0, 3, 2, 0, 2, 1, 1, 0, 1, 2, 2, 0, 3, 0, 2, 3, 0, 3, 3, 0, 2, 0, 2, 3, 0, 2, 3, 0, 3, 0, 3, 1, 3, 3, 1, 3, 3, 2, 3, 0, 0, 1, 1, 3, 0, 2, 1, 0, 2, 1, 3, 3, 1, 3, 3, 1, 0, 0, 0, 1, 2, 1, 2, 2, 3, 1, 0, 1, 2, 3, 3, 3, 1, 1, 2, 0, 1, 1, 3, 1, 2, 3, 3, 1, 0, 1, 1, 1, 1, 3, 1, 3, 2, 0, 2, 1], "predicted_labels": [1, 1, 3, 3, 3, 3, 1, 0, 3, 1, 2, 1, 3, 3, 3, 0, 1, 3, 3, 1, 1, 1, 1, 3, 3, 1, 2, 1, 3, 1, 1, 1, 3, 3, 0, 1, 3, 1, 1, 1, 3, 3, 1, 3, 3, 3, 1, 1, 1, 3, 3, 3, 1, 0, 3, 1, 3, 3, 3, 1, 3, 3, 3, 3, 1, 3, 3, 3, 3, 1, 1, 3, 1, 3, 1, 1, 0, 1, 1, 1, 3, 0, 1, 1, 1, 1, 1, 1, 1, 1, 1, 3, 3, 3, 1, 1, 0, 3, 0, 1, 1, 1, 0, 1, 3, 3, 1, 1, 3, 1, 1, 3, 1, 3, 3, 1, 1, 1, 1, 3, 1, 3, 0, 3, 1, 1, 3, 1, 3, 3, 3, 1, 3, 3, 1, 0, 1, 3, 1, 1, 1, 3], "confidence_scores": [[0.23900039420715166, 0.2795696616366309, 0.20258637791174275, 0.27884356624447487], [0.2540965199023614, 0.27838106455571043, 0.19498248977875593, 0.2725399257631724], [0.2348942697499254, 0.2674907572497931, 0.1887840641945839, 0.3088309088056977], [0.2640004612450283, 0.26648721107733553, 0.19526578967287486, 0.27424653800476123], [0.26349988003888236, 0.2666684591386716, 0.1953985973437585, 0.27443306347868746], [0.24862705302311847, 0.2713071312278626, 0.19774105663598052, 0.28232475911303845], [0.23676820083221523, 0.3017514543343842, 0.18568706771991467, 0.275793277113486], [0.27236043677226796, 0.2702766741204275, 0.18939301711908077, 0.26796987198822375], [0.2623155228674306, 0.27234514749581834, 0.1880688597141702, 0.27727046992258086], [0.22445262551516135, 0.3605658352396261, 0.16979863727787176, 0.24518290196734083], [0.20968930926422863, 0.248341252266043, 0.29436247662553156, 0.24760696184419684], [0.23464597958616798, 0.2760690644879533, 0.2138060980139133, 0.2754788579119654], [0.22347270104263456, 0.26693687971303254, 0.23833001723351052, 0.2712604020108223], [0.2405330721998583, 0.27930282828131564, 0.19272879107972746, 0.2874353084390986], [0.21672683043815963, 0.25165943357480125, 0.19212991721894318, 0.3394838187680961], [0.3013817927785542, 0.25935139087872944, 0.18128884523797567, 0.2579779711047408], [0.24148736539794716, 0.28098383372337005, 0.20774220757150022, 0.26978659330718274], [0.23253839863214076, 0.27948411879837654, 0.1950412777901921, 0.2929362047792906], [0.23579101828323157, 0.2732331249667448, 0.19816554718279966, 0.29281030956722404], [0.23391454794064734, 0.33355278828928725, 0.17639088386883314, 0.2561417799012325], [0.22841759309637366, 0.2919653569621709, 0.19681986860802309, 0.2827971813334324], [0.24172129332704778, 0.33360113843208894, 0.17292673243029866, 0.25175083581056457], [0.21449813478135546, 0.3564161892500864, 0.17381602145667147, 0.25526965451188666], [0.24634068759544847, 0.2642145430956181, 0.19539441047797462, 0.2940503588309588], [0.228599556258082, 0.23967179003322642, 0.16364021278629406, 0.3680884409223977], [0.26457926019744193, 0.2784107637021548, 0.19428100560980216, 0.2627289704906011], [0.20069966855039834, 0.25724895914910395, 0.2769431560802656, 0.2651082162202321], [0.23568341363058343, 0.2857025822233367, 0.1938791870092964, 0.2847348171367833], [0.24899213590904593, 0.2773153356600091, 0.1918855727350156, 0.2818069556959294], [0.24842488956450193, 0.2916144195804924, 0.18751892540831552, 0.27244176544669013], [0.23023349070795351, 0.2893728110161339, 0.1977753716873763, 0.28261832658853636], [0.23841292977219922, 0.30247803036215537, 0.18427768822315094, 0.2748313516424945], [0.2456937679698592, 0.2817603284986167, 0.1896709912477274, 0.2828749122837968], [0.22705181320303067, 0.2705805303378785, 0.19167518528279828, 0.3106924711762927], [0.2977553935974806, 0.2559778201090216, 0.18283564193538432, 0.26343114435811377], [0.24877655566682946, 0.2758199824619336, 0.2019375934878424, 0.27346586838339465], [0.2422374745262408, 0.28061273753962523, 0.1919920230116284, 0.2851577649225056], [0.25473538167897264, 0.2798457212312627, 0.18853405166762724, 0.27688484542213737], [0.23284444112316602, 0.3049784180196486, 0.19521224068333923, 0.26696490017384616], [0.24088860016683603, 0.2834659223210391, 0.1945989271037573, 0.28104655040836746], [0.2405330721998583, 0.27930282828131564, 0.19272879107972746, 0.2874353084390986], [0.2360495903186645, 0.24667807211382906, 0.18342643216905496, 0.33384590539845166], [0.22840570983934705, 0.31062915123247115, 0.18502269129357066, 0.2759424476346112], [0.2649063098392116, 0.25949875163404273, 0.20146975919650456, 0.2741251793302411], [0.24847805915040577, 0.2740167985684385, 0.19550977725504945, 0.2819953650261062], [0.27003610219614, 0.26845274459867446, 0.18524185110086294, 0.2762693021043227], [0.2578725375172986, 0.2767048357941817, 0.19107945716568156, 0.2743431695228382], [0.23180175636865283, 0.30037925213840627, 0.18777369812721026, 0.2800452933657306], [0.20812404470516338, 0.3519085997113653, 0.18792609209010655, 0.2520412634933649], [0.23825694262676042, 0.2411219760707052, 0.16252541117808847, 0.358095670124446], [0.24538991211198113, 0.26011195557058137, 0.22767679668759708, 0.2668213356298404], [0.22692329060581953, 0.2582666425727002, 0.22287067033965846, 0.2919393964818217], [0.21990796805560023, 0.347493396035034, 0.18371959554460823, 0.24887904036475764], [0.2759895682069538, 0.26290985128292504, 0.19053556453731138, 0.27056501597280974], [0.23757097923675088, 0.2817134475684453, 0.19443927026722355, 0.28627630292758033], [0.23180175636865283, 0.30037925213840627, 0.18777369812721026, 0.2800452933657306], [0.2339187242257876, 0.271387082142422, 0.19590420070436684, 0.2987899929274236], [0.2770724856524039, 0.24540819127165225, 0.1778189062208557, 0.2997004168550882], [0.26289335093714256, 0.26915520774054774, 0.18572657541584534, 0.28222486590646434], [0.20780694304671912, 0.3404038721668226, 0.17282348624544677, 0.27896569854101155], [0.23555799568867633, 0.2796741213004441, 0.20358853812121902, 0.28117934488966057], [0.26562419678689453, 0.27223616894477176, 0.18549411151691322, 0.2766455227514205], [0.23235884049075697, 0.27091618562504, 0.19817326972476526, 0.29855170415943777], [0.2568347731965908, 0.25594764002022324, 0.20585264644129544, 0.2813649403418906], [0.2337574246656427, 0.3456405819293799, 0.17304996127073888, 0.24755203213423868], [0.20172327672037887, 0.28365156116436924, 0.16340827723446236, 0.3512168848807895], [0.22252037634462965, 0.25892828276283575, 0.17315269809153053, 0.345398642801004], [0.2232683969875505, 0.2584119657179768, 0.1920569933550494, 0.3262626439394234], [0.25114505430859474, 0.2661041189949468, 0.19336559806001252, 0.28938522863644617], [0.23522523247244537, 0.3077844140095711, 0.1965352068467355, 0.2604551466712482], [0.2510375710735882, 0.28361081707735514, 0.222369991405908, 0.2429816204431487], [0.23748965983676734, 0.28538104812272147, 0.19021230529196245, 0.28691698674854865], [0.23546194039411986, 0.3424348430477114, 0.17684717400425937, 0.24525604255390945], [0.2338610488809114, 0.27583522744151057, 0.19033602434007396, 0.2999676993375043], [0.2026051413300535, 0.29232266181667976, 0.27961090440938347, 0.2254612924438831], [0.24501965256921227, 0.29385001954503454, 0.1784997183681689, 0.28263060951758423], [0.2828918875883429, 0.26448157107913944, 0.1804440416872916, 0.27218249964522606], [0.21253940991519277, 0.35851659088189, 0.1721700112318383, 0.2567739879710789], [0.21930165727010972, 0.30028092071392076, 0.1986582140980792, 0.28175920791789033], [0.2535364653611016, 0.28011430309037183, 0.18718376427428737, 0.27916546727423913], [0.2403416005927257, 0.2790804947746648, 0.1933714034005622, 0.2872065012320474], [0.29859020074499093, 0.254310919657185, 0.18538317094961435, 0.2617157086482098], [0.21759526134032134, 0.318852220064013, 0.2000414731704423, 0.2635110454252234], [0.23995540010734764, 0.3014498944825323, 0.18882395547336425, 0.2697707499367558], [0.23544669700539703, 0.2764008509915601, 0.21411067278297483, 0.274041779220068], [0.2211051068383182, 0.32982604484525313, 0.18484982013752818, 0.26421902817890036], [0.24440213021506216, 0.3041494259966439, 0.17081910893840294, 0.2806293348498911], [0.22617170299401515, 0.30727952174147827, 0.20050286568421302, 0.2660459095802936], [0.22739201747400647, 0.2804019024006637, 0.2290162549746196, 0.2631898251507102], [0.2163758540576367, 0.3469374900065833, 0.17527776725392596, 0.26140888868185386], [0.22183584801037717, 0.3182392074343761, 0.19127848662260197, 0.26864645793264463], [0.2669041577133511, 0.26289498770916403, 0.19876717944704064, 0.27143367513044425], [0.22217246770757293, 0.25351423531505474, 0.21017136362472622, 0.31414193335264606], [0.24118012435693395, 0.2779708000488282, 0.1947845801476559, 0.28606449544658213], [0.22419751237494057, 0.3496009146356134, 0.17581310190500304, 0.250388471084443], [0.27361178014174353, 0.33071144323844853, 0.15881717707066742, 0.2368595995491406], [0.30430990613550163, 0.26411187752480825, 0.17776881777539172, 0.25380939856429846], [0.2221345932784534, 0.25793883391736067, 0.20285665236514938, 0.3170699204390367], [0.2982668940775582, 0.2537511414141449, 0.1868423332057259, 0.261139631302571], [0.24455746099530662, 0.28293710206219674, 0.19279845927086522, 0.27970697767163166], [0.23872652603992997, 0.2932356462652653, 0.1946525589086384, 0.27338526878616637], [0.22470430769865457, 0.3193805371488404, 0.19162625722491503, 0.2642888979275901], [0.27465553716118407, 0.2667240246003009, 0.18757633891135217, 0.2710440993271627], [0.2678702132205061, 0.2860287084970746, 0.1795419568124807, 0.2665591214699387], [0.24576357913108024, 0.2710454503562222, 0.2042534706543516, 0.27893749985834604], [0.22656494026045956, 0.2716895952132604, 0.22214506419964464, 0.2796004003266354], [0.22449129961996284, 0.32458505006659233, 0.19504804569802434, 0.2558756046154203], [0.24174164229788966, 0.2910700281267107, 0.19520344391994726, 0.2719848856554524], [0.2330246564049504, 0.2831554056106992, 0.18935803339539314, 0.2944619045889573], [0.22827181403498098, 0.3332284010522051, 0.1870302339544672, 0.2514695509583466], [0.2351250189644689, 0.28502567927309896, 0.19578909469131708, 0.284060207071115], [0.2143567381590643, 0.25715343705673455, 0.17744493083336488, 0.35104489395083627], [0.22696440713656504, 0.31879661747986415, 0.17988693022418223, 0.27435204515938855], [0.2179351224518327, 0.2950334569448806, 0.16994047145022806, 0.31709094915305863], [0.23993467803726934, 0.2726567517303349, 0.19978645774792633, 0.28762211248446934], [0.2410842961482324, 0.2830190674305584, 0.1952931270121775, 0.2806035094090318], [0.23779869123113861, 0.2972406565815666, 0.1948879751283816, 0.270072677058913], [0.23355277323043042, 0.3131292743449178, 0.18898512207995566, 0.26433283034469607], [0.19397410460797535, 0.3069285632993609, 0.2672996583787359, 0.23179767371392773], [0.2130250347734453, 0.25514932828487746, 0.23552930785287676, 0.29629632908880055], [0.210273407777091, 0.34848656317000515, 0.1760715020256302, 0.2651685270272737], [0.24342320991956015, 0.27295609124342873, 0.2016181276767272, 0.2820025711602838], [0.28062950029168326, 0.2569426766883144, 0.1980037282854993, 0.264424094734503], [0.2711951049413, 0.25985467543965673, 0.1793088804795689, 0.2896413391394745], [0.23052216969850864, 0.32388755801730607, 0.1875049950475635, 0.25808527723662195], [0.22197146234477672, 0.311485699331858, 0.18942105512883367, 0.27712178319453157], [0.25988650890111753, 0.26913172213111447, 0.20040156309824217, 0.27058020586952586], [0.21914914325385593, 0.31566028303207755, 0.20505921002634567, 0.26013136368772083], [0.2520693844064029, 0.27477198490774934, 0.19038609050650526, 0.28277254017934234], [0.21278606879715578, 0.25039623795762334, 0.17848957026937703, 0.358328122975844], [0.24565998008131523, 0.27200856634722087, 0.20240279460585492, 0.279928658965609], [0.2228232895482322, 0.3231120261782698, 0.19753447272219513, 0.256530211551303], [0.23179745253323433, 0.2719757765403981, 0.19663332475020667, 0.29959344617616107], [0.2448622181282749, 0.2778070767370472, 0.19675250087425916, 0.2805782042604188], [0.22933669672649734, 0.32246617044242076, 0.17599523242581608, 0.2722019004052658], [0.28211635178934025, 0.2637334410961477, 0.18273762080577802, 0.2714125863087339], [0.24059834994817128, 0.30295468274270215, 0.18997738757910157, 0.2664695797300251], [0.23482897345169634, 0.2814005771823406, 0.1941763117230779, 0.28959413764288516], [0.2649897860995974, 0.2972534763498035, 0.18308686243742803, 0.2546698751131711], [0.2877752344110756, 0.2996240845179926, 0.16568453137138325, 0.24691614969954856], [0.22364465027289074, 0.2905022887344369, 0.19965421071615555, 0.2861988502765168], [0.2542613584518219, 0.2750009456794635, 0.18766423234273452, 0.28307346352598006]]}, "rewritten": {"ids": ["97105760", "97106970", "97107040", "97107821", "97110950", "97112170", "97112290", "97113900", "97116500", "98106560", "98106680", "98106880", "98107010", "98108520", "98108580", "98120010", "99108330", "99109161", "99109780", "99109840", "99110050", "99111000", "99112641", "99113260", "100108080", "100109311", "100109360", "100109980", "100110260", "100111270", "100113210", "100117420", "101108080", "101108121", "101108950", "101109370", "101110150", "101111210", "101113210", "101114020", "101114990", "102109850", "102109910", "102110690", "102112250", "102113350", "103109021", "103110100", "103111110", "103111930", "103117200", "104109311", "104110960", "104111620", "104111780", "104113000", "104113170", "104113190", "104113380", "104114740", "104116441", "104119290", "105112100", "105113170", "105113210", "105113330", "105113440", "105114220", "105116650", "105121190", "105121370", "106113170", "106113360", "106114880", "106120640", "107113130", "107113200", "107113360", "107114621", "107119950", "107121640", "108114360", "108115880", "108117360", "108118060", "108118810", "108119330", "109113281", "109114720", "109115211", "109115220", "109117110", "109118161", "109118231", "109118701", "109119340", "109119450", "110113931", "110114720", "110115250", "110116170", "110116300", "110116441", "110117080", "110117110", "110117500", "110118181", "110118630", "110118930", "110121140", "111114121", "111114321", "111115910", "111117000", "111117120", "111119150", "111119290", "111119580", "111120540", "111120591", "112116290", "112117210", "112117431", "112117471", "112117660", "112117790", "112118421", "112118471", "112118701", "112119450", "112120630", "113117340", "113117550", "113118231", "113118690", "113118810", "113118820", "113120280", "113120591", "113122160", "113122180", "113122430"], "labels": [0, 2, 2, 2, 3, 0, 1, 2, 2, 1, 1, 0, 3, 2, 0, 2, 1, 3, 2, 2, 3, 2, 1, 0, 0, 1, 0, 1, 3, 2, 0, 2, 0, 0, 2, 1, 1, 2, 3, 3, 3, 1, 2, 0, 0, 3, 0, 1, 3, 3, 0, 3, 2, 0, 3, 1, 3, 3, 1, 2, 1, 1, 1, 0, 3, 3, 0, 3, 1, 2, 2, 0, 0, 0, 3, 1, 0, 0, 0, 3, 1, 1, 3, 1, 1, 1, 0, 0, 0, 0, 3, 1, 0, 1, 3, 3, 3, 1, 3, 1, 0, 3, 3, 1, 0, 1, 1, 1, 1, 3, 0, 1, 2, 0, 2, 3, 3, 3, 1, 1, 0, 1, 0, 3, 0, 3, 3, 1, 0, 3, 3, 2, 3, 3, 3, 3, 0, 0, 0, 3, 2, 2], "predicted_labels": [3, 3, 3, 1, 3, 1, 1, 3, 3, 3, 3, 1, 3, 1, 3, 3, 3, 1, 1, 3, 3, 3, 1, 3, 1, 1, 3, 3, 3, 1, 3, 3, 1, 3, 1, 2, 3, 3, 3, 3, 3, 3, 3, 1, 1, 1, 3, 3, 1, 3, 3, 3, 1, 3, 1, 3, 3, 1, 1, 1, 1, 1, 0, 1, 1, 3, 1, 3, 3, 3, 1, 1, 3, 3, 1, 1, 1, 3, 3, 3, 3, 1, 3, 2, 1, 3, 1, 1, 3, 3, 3, 1, 3, 1, 3, 3, 3, 1, 1, 3, 1, 3, 1, 3, 1, 3, 1, 3, 1, 0, 1, 3, 0, 3, 3, 3, 3, 3, 1, 3, 3, 1, 1, 1, 1, 3, 3, 3, 3, 1, 1, 3, 1, 3, 1, 1, 1, 3, 1, 3, 1, 3], "confidence_scores": [[0.2453302857992259, 0.2667002976910355, 0.19157998040521695, 0.2963894361045217], [0.2404572593726459, 0.27068500234327497, 0.19449085066347424, 0.294366887620605], [0.25605706046801235, 0.2665541186493299, 0.20307342715340765, 0.27431539372925007], [0.2514595405513169, 0.27759782848068454, 0.1948148479941452, 0.27612778297385343], [0.2551003100397024, 0.2738933653660832, 0.1891379867837255, 0.2818683378104889], [0.23259831088820204, 0.3047874110437523, 0.18568462456402285, 0.2769296535040229], [0.23730160352359472, 0.29015045397389444, 0.19014036628590833, 0.28240757621660256], [0.24350484142959022, 0.26600959595468904, 0.22016746338949972, 0.270318099226221], [0.2317139542400867, 0.28557777189035355, 0.19695561834477734, 0.2857526555247824], [0.22878914952040513, 0.26503392875873466, 0.2257191182811807, 0.28045780343967963], [0.22112478166204702, 0.26116203269914773, 0.17794850480469124, 0.33976468083411404], [0.2346261686676409, 0.30398201078033166, 0.18519395323010887, 0.27619786732191864], [0.23449814390988294, 0.2787874014110505, 0.19829565446591885, 0.2884188002131477], [0.21687701301584253, 0.3033732025705798, 0.22974403730798912, 0.25000574710558854], [0.21300926028012526, 0.2859259468031872, 0.18094506803794944, 0.3201197248787379], [0.23813786533810605, 0.2795601274935586, 0.19460190771767705, 0.28770009945065855], [0.23576093536012754, 0.27586841564418835, 0.19177031619328888, 0.29660033280239523], [0.23412650820067887, 0.3150187647095829, 0.18096456313927084, 0.2698901639504675], [0.22652078130532613, 0.313796434046374, 0.1889920640464267, 0.2706907206018731], [0.252159216282107, 0.26778175461867865, 0.20448025423747798, 0.27557877486173643], [0.20505004596437754, 0.30554283071595456, 0.17145139646871904, 0.3179557268509489], [0.22694645197501268, 0.2635262807118802, 0.22711929849989543, 0.2824079688132117], [0.23208797823412886, 0.30142633403448604, 0.19260990672291248, 0.27387578100847276], [0.24116339677563298, 0.2719109240904459, 0.19553230628674628, 0.291393372847175], [0.24591597898920875, 0.30784775651367646, 0.15684310647322622, 0.28939315802388876], [0.209119670478194, 0.36007353651205176, 0.17291770144604274, 0.25788909156371154], [0.23172800088867695, 0.28553446315646114, 0.1969675579207422, 0.2857699780341197], [0.2065857517400861, 0.2920109401358628, 0.16774756977506072, 0.3336557383489904], [0.22130841390321726, 0.26042491683306523, 0.18044518549798752, 0.3378214837657299], [0.24329184509249346, 0.28183414150099007, 0.19740107935223428, 0.27747293405428225], [0.21699548037077784, 0.28912720409910947, 0.1721149238603758, 0.3217623916697368], [0.23323764636460642, 0.27795226630346676, 0.19468215271750974, 0.29412793461441694], [0.24730865948432054, 0.2790089944024399, 0.19615087017998795, 0.2775314759332516], [0.23861708984426572, 0.27361364164693047, 0.20618879915273458, 0.28158046935606923], [0.22972455858588237, 0.29763147751639396, 0.2022161871787124, 0.2704277767190112], [0.2112220764943841, 0.24526740884644405, 0.2911016373640607, 0.2524088772951113], [0.2392443586993938, 0.27780639653398004, 0.1970539397836339, 0.2858953049829923], [0.19657867234477608, 0.23556442395698177, 0.21336138298400825, 0.35449552071423385], [0.23854233082445822, 0.280034946660896, 0.19323397855345276, 0.2881887439611931], [0.23752217840326328, 0.27580663066760497, 0.19110298368374884, 0.2955682072453829], [0.20507745452320147, 0.2581944963144475, 0.1984336994914548, 0.3382943496708963], [0.22961948994127648, 0.2702049846028852, 0.2063306517149015, 0.2938448737409368], [0.24284165096008048, 0.27778082702975826, 0.19350853104044916, 0.2858689909697121], [0.2113637228931816, 0.35653341372315167, 0.17192537817641865, 0.26017748520724815], [0.2279600420057491, 0.34505338612660863, 0.1658290181483647, 0.2611575537192775], [0.2164822896991336, 0.32938453491968717, 0.18076517870079484, 0.2733679966803844], [0.23126675518179082, 0.2806554447396907, 0.20287663623612234, 0.28520116384239624], [0.22516662946556465, 0.26083752904242713, 0.24893358009289934, 0.2650622613991089], [0.22696828661783688, 0.30251166954823827, 0.18429818211302995, 0.2862218617208949], [0.2347237656128555, 0.2725571623100475, 0.20469488783282397, 0.288024184244273], [0.2557239062528906, 0.27371622172919924, 0.18887383574807923, 0.2816860362698311], [0.21810258690795747, 0.26135699074409713, 0.1810910079170528, 0.33944941443089266], [0.23190265420929793, 0.29281360061164424, 0.18680782230263504, 0.2884759228764229], [0.23854233082445822, 0.280034946660896, 0.19323397855345276, 0.2881887439611931], [0.24671845769171252, 0.2944572095232723, 0.19128069400481765, 0.26754363878019755], [0.23881416782035253, 0.2773068663524621, 0.19135150703303083, 0.29252745879415454], [0.2381234045741746, 0.2753000097305584, 0.19058737534687142, 0.2959892103483956], [0.2250318006514046, 0.3214511554988034, 0.18861350059851817, 0.26490354325127385], [0.22846021213827541, 0.3269884773175188, 0.18188442223143833, 0.2626668883127674], [0.24303748247472015, 0.27402394945447983, 0.20972484712086756, 0.2732137209499327], [0.22513836988933394, 0.3245698168583975, 0.18824813100955448, 0.2620436822427141], [0.20067659456993153, 0.3710442596961881, 0.17057402908886746, 0.2577051166450129], [0.29057558762007446, 0.27641999904088427, 0.18184937286728847, 0.25115504047175297], [0.1988253210885238, 0.32679379091705685, 0.1619888657776915, 0.3123920222167279], [0.23547285792701486, 0.30565062135927157, 0.18879740320465108, 0.2700791175090624], [0.23903793147734664, 0.27898279002301174, 0.19393527791236276, 0.2880440005872788], [0.21945199933458673, 0.3532110183555552, 0.17436291057893327, 0.25297407173092484], [0.23752217840326328, 0.27580663066760497, 0.19110298368374884, 0.2955682072453829], [0.23580682530211886, 0.2791296961756204, 0.19600316076266272, 0.2890603177595981], [0.22427264117545892, 0.25834002100111303, 0.18053401865506596, 0.33685331916836225], [0.2272619996517419, 0.29346479000003234, 0.19268095727165424, 0.28659225307657155], [0.24009441141435262, 0.2935303907154042, 0.19271513714881697, 0.27366006072142635], [0.22632601012915793, 0.24865857964109883, 0.17158317995105318, 0.3534322302786902], [0.23506380382110043, 0.280128521344499, 0.200141968858157, 0.2846657059762436], [0.20941957445812112, 0.35409915900927647, 0.18287109755168923, 0.25361016898091343], [0.23957780766389458, 0.28125053678487083, 0.20032158243956136, 0.2788500731116731], [0.22087333396538253, 0.2904933310495488, 0.21378264193685295, 0.27485069304821574], [0.24473583987817268, 0.25638533295425614, 0.18577277001536652, 0.31310605715220474], [0.23854233082445822, 0.280034946660896, 0.19323397855345276, 0.2881887439611931], [0.2133220508852225, 0.2836448277823328, 0.1735183018627376, 0.3295148194697071], [0.2420220178514199, 0.2803631482163344, 0.1927107008804889, 0.2849041330517568], [0.25065571350649624, 0.29097230752590986, 0.184436346319785, 0.2739356326478088], [0.23890455487244966, 0.2757802106728482, 0.1998259926251599, 0.2854892418295424], [0.20393234422670217, 0.23997760793693382, 0.2849158016450491, 0.27117424619131497], [0.2296777866021728, 0.30624310845414343, 0.1633963237913082, 0.30068278115237557], [0.24044087536670147, 0.2750346365504681, 0.18978358842122017, 0.29474089966161016], [0.23196754251096363, 0.3005374908036842, 0.19442678808762992, 0.2730681785977222], [0.2893281550542322, 0.30058611002603647, 0.17143965508666745, 0.23864607983306382], [0.23769602358585162, 0.2825892590719416, 0.19254841757050553, 0.2871662997717013], [0.2382392360763937, 0.2745824576196341, 0.19232188554811588, 0.2948564207558564], [0.22436854712754917, 0.25680216727896577, 0.18498039331055469, 0.3338488922829306], [0.23934020456796118, 0.28164384611548643, 0.19977592375589426, 0.2792400255606583], [0.20375154562463116, 0.2924533542105899, 0.16847888510403702, 0.3353162150607419], [0.21946013217236673, 0.3463939943555602, 0.17517160192106576, 0.2589742715510075], [0.23262137577353206, 0.27437640444226064, 0.19462097400770967, 0.29838124577649777], [0.2341280322383079, 0.2782835916237901, 0.19564637390926687, 0.29194200222863526], [0.24125341601560554, 0.2759640826012404, 0.1987831531176688, 0.2839993482654854], [0.21638237334080937, 0.3248010123869335, 0.18478750495450147, 0.27402910931775565], [0.2407159292991554, 0.2830690102388872, 0.19908555397240243, 0.2771295064895551], [0.22895196972357143, 0.26877641552278153, 0.2256692173760829, 0.2766023973775642], [0.22804025125891675, 0.3000763183385869, 0.19976828693309095, 0.2721151434694055], [0.23508475604123366, 0.2766362424319453, 0.1918217407394612, 0.29645726078735984], [0.23977553647211103, 0.28148265900850655, 0.1996615903392811, 0.27908021418010126], [0.25305941611764543, 0.26642311619816766, 0.19407226247248083, 0.2864452052117061], [0.22292507174139195, 0.2874383887502333, 0.20225066393765678, 0.2873858755707181], [0.2389805371276979, 0.2733641901415847, 0.1947045071539117, 0.29295076557680566], [0.22265900717368056, 0.34843987146481803, 0.17223015995270385, 0.2566709614087976], [0.2412783281296074, 0.2759925789798605, 0.1987004185153597, 0.28402867437517243], [0.2384532111497406, 0.28383877428352605, 0.20915354020437146, 0.268554474362362], [0.30650197655169054, 0.2575446998209423, 0.18060675897520403, 0.2553465646521633], [0.26594503286037335, 0.27149832766370485, 0.19337554071546045, 0.2691810987604613], [0.23234060038107432, 0.2711904889522605, 0.22147447307089937, 0.2749944375957658], [0.2738717848734366, 0.27079177468210086, 0.1868558642601706, 0.268480576184292], [0.23917223800812487, 0.27358347224948015, 0.19405853046962662, 0.2931857592727685], [0.22602436966230588, 0.26525476366886463, 0.2152651750982356, 0.2934556915705938], [0.23340550455951736, 0.2815705572337793, 0.19296036688949375, 0.2920635713172097], [0.23875550557240757, 0.2737333236514111, 0.1941648232314241, 0.2933463475447573], [0.2372609511296012, 0.2785306807586495, 0.19756768986921477, 0.28664067824253464], [0.2256236608307941, 0.32582734983949435, 0.18003908359700158, 0.2685099057327101], [0.23850303973140702, 0.2715109994464879, 0.18735215468518304, 0.3026338061369221], [0.2378400076025346, 0.2741211672113278, 0.18993514702005138, 0.2981036781660864], [0.2259866470337282, 0.2725971429427193, 0.23838519867035088, 0.26303101135320145], [0.2058470725695038, 0.31967756223343013, 0.1591063987043652, 0.31536896649270085], [0.22378858183001393, 0.29431269232218804, 0.22088553246671838, 0.26101319338107964], [0.24982023635395706, 0.27776348267660644, 0.19702350007896086, 0.2753927808904758], [0.23573455812338787, 0.27673878335158897, 0.19095950974941955, 0.2965671487756037], [0.23750804274941328, 0.25499443121859394, 0.1760872640974104, 0.3314102619345825], [0.20832508721119, 0.29406933494040394, 0.20342102988143063, 0.29418454796697546], [0.24264630706211468, 0.27823380023105243, 0.1927847392831644, 0.2863351534236686], [0.256871461994749, 0.30176046186293665, 0.1845174906045326, 0.2568505855377818], [0.23774791472122714, 0.2996567147792957, 0.19032746445373908, 0.27226790604573825], [0.23809571828997556, 0.274846527666119, 0.19077584436770595, 0.2962819096761995], [0.21997624536226715, 0.3232603208535578, 0.17935899363005675, 0.2774044401541182], [0.26818661254734266, 0.26488462417061764, 0.1885021331976221, 0.2784266300844175], [0.22702530096801624, 0.3024910491982801, 0.19218803411857396, 0.2782956157151297], [0.24852713929165388, 0.29014180719638544, 0.18373786658816985, 0.27759318692379087], [0.22655948702323941, 0.3026716457118698, 0.1843956438611428, 0.2863732234037482], [0.25772360874516964, 0.23311841974603145, 0.20652608010301582, 0.30263189140578306], [0.2339296796155971, 0.28032293416063364, 0.20781699867978978, 0.2779303875439795], [0.24473306945128823, 0.27342914255466594, 0.1888174161563458, 0.2930203718377002], [0.24710564191149037, 0.30341583091097163, 0.187457198666242, 0.2620213285112961], [0.2214097853230308, 0.2570971995006925, 0.18758000873191838, 0.33391300644435823]]}}