{"test": {"ids": ["100109801", "109115380", "105116090", "97106591", "108115870", "106114321", "98111860", "109120621", "101110150", "105121190", "111119150", "106114880", "97116401", "99107300", "104114320", "97107260", "108120621", "113120830", "103118110", "112116800", "103111170", "103113210", "108116481", "111121930", "100110050", "107117010", "109113881", "104109311", "97109080", "113119700", "101108290", "108113620", "99107560", "104117630", "101114020", "108114220", "111121410", "104113170", "112117461", "111117000", "107120010", "103113270", "103120531", "110113591", "104118340", "112118530", "104111780", "97116800", "100109910", "112117571", "97105960", "105110251", "113122220", "111114321", "109121410", "112118890", "113120531", "112116451", "99112300", "102113350", "105113170", "104112201", "112117210", "108120260", "113122150", "107118520", "108121160", "97106600", "106121190", "112118860", "107120260", "109116040", "109118701", "106115240", "99117740", "107116340", "110115140", "104117200", "101109120", "99110050", "111119430", "98121790", "113122170", "99113260", "113122320", "109113591", "99109311", "109119340", "108117610", "98112170", "107113200", "113118820", "98119591", "103110760", "98108370", "97107040", "112117030", "113119480", "113118511", "102112170", "111118910", "112118550", "105115250", "105116650", "106118820", "111117200", "109114220", "113120540", "109121640", "101116130", "99109780", "99109370", "105113190", "113122160", "109114651", "97114170", "99109910", "97112290", "109120540", "112118471", "111116530", "112118880", "110115580", "101111310", "101108621", "107119130", "109116441", "101109000", "103109021", "98107010", "108120060", "97109570", "102118380", "99105921", "113122430", "110115120", "103111990", "99112531", "111116750", "110118880", "108118810", "102121700"], "labels": [0, 3, 1, 1, 3, 2, 0, 1, 1, 2, 3, 0, 3, 3, 2, 2, 1, 3, 2, 0, 2, 3, 0, 1, 3, 1, 0, 3, 2, 0, 0, 3, 1, 0, 3, 3, 0, 3, 0, 0, 1, 2, 3, 0, 2, 1, 3, 0, 2, 3, 2, 0, 1, 1, 0, 3, 0, 0, 0, 3, 0, 0, 1, 1, 2, 2, 2, 3, 2, 3, 1, 0, 3, 1, 2, 3, 0, 3, 1, 3, 3, 2, 1, 0, 1, 3, 1, 3, 3, 3, 0, 0, 1, 1, 1, 2, 2, 3, 1, 3, 0, 3, 2, 1, 3, 0, 3, 3, 0, 2, 2, 1, 3, 3, 3, 2, 2, 1, 1, 1, 3, 1, 1, 3, 0, 1, 3, 1, 0, 3, 1, 0, 1, 1, 2, 0, 2, 3, 3, 0, 1, 1], "predicted_labels": [1, 1, 1, 2, 2, 2, 2, 0, 3, 1, 1, 2, 1, 1, 0, 2, 0, 2, 3, 3, 0, 2, 3, 0, 3, 2, 1, 3, 1, 2, 3, 0, 0, 0, 3, 1, 3, 1, 3, 3, 3, 3, 1, 3, 0, 1, 1, 0, 2, 1, 3, 3, 1, 2, 3, 0, 0, 3, 2, 3, 3, 3, 2, 2, 0, 0, 0, 1, 1, 1, 1, 3, 3, 0, 2, 1, 3, 3, 3, 1, 2, 2, 1, 1, 0, 3, 2, 3, 3, 3, 0, 0, 1, 1, 3, 3, 1, 0, 2, 2, 1, 0, 0, 2, 1, 1, 1, 0, 2, 2, 1, 3, 3, 1, 1, 3, 2, 3, 3, 1, 1, 1, 2, 0, 3, 1, 1, 2, 3, 0, 2, 1, 3, 2, 1, 2, 1, 0, 3, 3, 3, 1], "confidence_scores": [[8.525144730377442e-09, 0.998561513982051, 8.875689875826043e-07, 0.0014375899238167921], [8.747586351481121e-05, 0.9758489594778298, 0.00809148576563259, 0.015972078893022962], [0.29219944058559133, 0.6563233944672435, 1.9410419587034194e-06, 0.051475223905206334], [3.622028347529314e-08, 0.0025619274133132143, 0.9742014224117821, 0.023236613954621118], [0.0001050853722455609, 2.0905126971624956e-06, 0.9957753346277123, 0.004117489487344928], [0.09405272595481554, 0.0010446199223790081, 0.6780732325872741, 0.22682942153553137], [0.0014578380872159536, 0.03246609951641207, 0.9660714739461959, 4.588450176116806e-06], [0.5330814020650674, 0.46120269949682935, 9.929618870084578e-05, 0.005616602249402431], [8.194104685512542e-08, 7.544107992462078e-05, 3.877515016487463e-10, 0.999924476591277], [1.9243229228005515e-06, 0.9929245119243627, 0.00011600407561001374, 0.006957559677104371], [3.428148097918768e-05, 0.9812263403280699, 7.0088255461414315e-06, 0.018732369365404636], [1.0266754311770018e-05, 0.0023712702859359524, 0.9976183258765892, 1.3708316296070878e-07], [6.244216861069683e-08, 0.9976031224398891, 0.0022892793376178165, 0.00010753578032430049], [0.00852109735680854, 0.9914586523131159, 7.446015368962249e-06, 1.2804314706658804e-05], [0.999950417937299, 3.894920685580515e-05, 3.982691867134664e-07, 1.0234586658513405e-05], [0.00208351635772223, 3.026966315428445e-06, 0.9954905036282738, 0.0024229530476884698], [0.9120095740394909, 0.0025906107895166575, 0.014283097311583306, 0.07111671785940933], [5.594471721637153e-06, 0.07359758994290772, 0.914348847131217, 0.012047968454153716], [2.5409108798518057e-07, 0.11508066553725167, 0.004144636447863031, 0.8807744439237972], [0.0003736882619792933, 0.3228989191977199, 0.00010878659745929169, 0.6766186059428415], [0.9151631359534769, 0.06592828434784437, 0.0009529151546137553, 0.017955664544064966], [0.020640698559791337, 0.4706219887803879, 0.4977895317995947, 0.010947780860225943], [3.103225529495886e-06, 1.3752638258494924e-08, 5.474904782922629e-07, 0.9999963355313539], [0.9971246392446073, 0.0005922604085449034, 9.225391821180155e-06, 0.0022738749550266658], [0.211797020027467, 0.1423372935745349, 0.2375789646113043, 0.40828672178669373], [5.5063514041342774e-05, 0.3253244699699209, 0.674513590598443, 0.00010687591759467537], [0.00016924923968242132, 0.9994749708266387, 0.0002762146152565274, 7.956531842230719e-05], [8.570143272174434e-09, 1.139178626745902e-06, 4.1735314848946623e-08, 0.9999988105159152], [2.1464719801938908e-09, 0.6256790467029126, 0.00022492070759949962, 0.374096030443016], [4.463246717123666e-07, 0.001410128279185058, 0.9985856242782525, 3.801117890609953e-06], [0.31085257594824034, 0.0947981175873202, 1.3301393562224494e-05, 0.5943360050708774], [0.9906633956723857, 0.007023329668861617, 7.026461715914914e-06, 0.0023062481970369075], [0.999529101056336, 0.0003803371910579579, 7.01586295412745e-05, 2.0403123064659335e-05], [0.920876475706063, 0.07862334994578563, 0.0004487503546757657, 5.142399347543933e-05], [0.01003080035467968, 4.3843230747571224e-05, 0.006665064103607225, 0.9832602923109656], [0.0002546775409950374, 0.9728494443303237, 0.026893554862350438, 2.323266330916577e-06], [0.07512579582037973, 0.4329704654789466, 0.0034316536793085684, 0.4884720850213651], [0.0003235523515914691, 0.6451370649398845, 0.24629083131633311, 0.1082485513921908], [0.006839195873500226, 7.238114301386626e-07, 1.4000146089577716e-05, 0.9931460801689801], [9.289291400459983e-07, 1.7481197192782216e-11, 9.58800038869448e-07, 0.9999981122533399], [0.1908185520073206, 0.01918481542182004, 0.00018544921774956812, 0.7898111833531097], [0.00044204189898711924, 6.373181945918378e-08, 0.011466063440910921, 0.9880918309282826], [2.611137410172247e-05, 0.9886814220864494, 6.068051733808827e-05, 0.01123178602211067], [0.003908201914974177, 1.0120045938652023e-05, 1.0477774390272242e-10, 0.9960816779343094], [0.8513934431806415, 0.14777511098550775, 0.00031069803879834874, 0.0005207477950522912], [1.748394293823864e-06, 0.9978487246114612, 0.002149291797508269, 2.35196736608427e-07], [6.164895104294623e-06, 0.9999803004050974, 3.1900016091147785e-09, 1.353150979659496e-05], [0.7965530407109116, 0.020577310618397907, 0.18227278857963405, 0.0005968600910563911], [0.016794260811562812, 0.0016781327953496318, 0.9813099012334142, 0.00021770515967341615], [0.0004127086340179384, 0.9947940034295809, 8.494236395805977e-07, 0.004792438512761446], [0.005044697790081499, 0.00025349703889543775, 0.0028716121587375747, 0.9918301930122855], [3.3932829563292205e-12, 4.1132768905091954e-06, 7.018636052719487e-09, 0.9999958797010803], [1.800267449658717e-06, 0.9849451916147978, 7.558685212714728e-05, 0.014977421265625337], [0.14734934909362757, 0.002191492842136363, 0.8473993358664657, 0.003059822197770338], [0.18331790720135957, 2.937413036832492e-06, 3.147730572770808e-05, 0.8166476780798759], [0.6076436996465924, 0.026627005646738724, 5.306015515141537e-09, 0.3657292894006533], [0.8202839551419343, 0.000923706559406306, 0.004716846406145319, 0.17407549189251412], [0.10589996669424807, 0.033363775611854295, 0.0003374811867649052, 0.8603987765071328], [0.003385430886852901, 0.07375839802756093, 0.5677383188678723, 0.3551178522177138], [1.3373367424478115e-08, 2.447731091942519e-06, 0.0022978895549194086, 0.9976996493406213], [8.221508264052735e-10, 1.7154191212709803e-08, 3.484500939986829e-09, 0.9999999785391569], [0.07386602531408265, 0.0009745533756377814, 0.0022341161394803053, 0.9229253051707993], [0.0044775218757845585, 0.43828440290246506, 0.5566487507669778, 0.0005893244547725043], [0.0176567418549064, 0.00018612375931361457, 0.9802988235596843, 0.0018583108260956515], [0.7025824922045114, 0.15281225869047987, 0.14219126236467552, 0.0024139867403331215], [0.4648636786133372, 0.17936643570847763, 0.3527312664096473, 0.003038619268537774], [0.8556286560288711, 0.14182217062947883, 0.00016567605350940282, 0.0023834972881408736], [0.001265144453523625, 0.7805904552312137, 0.21810434983322752, 4.005048203519903e-05], [0.0021197625981564405, 0.9938198528566322, 0.004032266627731945, 2.8117917479205993e-05], [0.4353441888378054, 0.5281697092204035, 0.0036728291669705995, 0.03281327277482043], [0.412782285364817, 0.587215548768629, 1.8966334027822758e-06, 2.692331512627537e-07], [0.3769601442859239, 0.0016640318251618324, 0.00023317951858124625, 0.621142644370333], [5.623687027507739e-05, 0.00012464922703437104, 6.082308090072636e-07, 0.9998185056718816], [0.7682613690030913, 0.0028738685361002635, 0.22886441756683187, 3.448939766963801e-07], [0.0034183789090135894, 0.0025517931658418096, 0.9729796524987782, 0.02105017542636655], [0.013300527460053098, 0.7039841943616227, 0.00029446367593959847, 0.28242081450238454], [0.0012690318505954284, 0.0005077858501646934, 0.03358275777234666, 0.9646404245268932], [6.336856729052372e-07, 0.0017990184163057068, 7.997529296148299e-05, 0.9981203726050599], [0.20381543419495032, 0.37863947900666045, 0.010273222682294829, 0.40727186411609445], [1.221217353494007e-07, 0.9853371646689574, 0.00029372332046632646, 0.014368989888841001], [3.0642223870145235e-06, 0.14957948205338126, 0.8307825879243166, 0.019634865799915326], [0.022548331611807193, 0.0035796404576123545, 0.9738144663690762, 5.7561561504277394e-05], [0.029620328513130952, 0.859907466543322, 0.030855889965568872, 0.07961631497797819], [1.2565276627638722e-06, 0.9999961313040573, 2.606015792251134e-06, 6.152487919805469e-09], [0.643769964596027, 0.09390649367731937, 0.0737482179712641, 0.1885753237553895], [0.00035165723436002955, 1.5520565276589315e-05, 3.309694171929049e-08, 0.9996327891034218], [4.4851977392265824e-07, 2.254225571864176e-08, 0.9993489025823884, 0.000650626355581943], [0.4623129752337615, 1.0711704734764649e-06, 0.027782165146850484, 0.5099037884489145], [0.11042995566444894, 0.00031602388511264856, 1.2623498487828202e-06, 0.8892527581005896], [0.01048217700471462, 1.3980409522145936e-06, 0.00047890482376513244, 0.9890375201305679], [0.9996879323797523, 5.185386071283991e-09, 2.6446957909775007e-05, 0.00028561547695167035], [0.7599261978749234, 0.06168456900564553, 0.14726894035483354, 0.03112029276459743], [0.019303944618659415, 0.5449930190320474, 0.43229607910480866, 0.003406957244484492], [0.0002717924793887711, 0.8863313584868737, 0.11339683083656821, 1.8197169339372848e-08], [7.585721945550115e-06, 0.00022016858633256133, 0.32078847798350213, 0.6789837677082198], [0.00010260086104580123, 4.3282590965322613e-05, 0.0542500223511272, 0.9456040941968618], [0.058272165481382025, 0.9305443384763583, 0.011056040167171939, 0.00012745587508758828], [0.9999999709154721, 7.712375006684013e-12, 3.549519814780307e-13, 2.9076460512935237e-08], [0.04143466074257116, 7.978841366912706e-05, 0.9328313504699637, 0.025654200373796014], [0.2420451766643099, 0.012576113375392198, 0.6634426545340623, 0.08193605542623562], [0.003143625012414541, 0.698355411937352, 0.00200347823611727, 0.2964974848141162], [0.9849124444346092, 5.766252869111882e-07, 2.338622001645088e-06, 0.015084640318102195], [0.9090889787507561, 0.03133749321986581, 0.04161675059530148, 0.01795677743407679], [0.004805280363020745, 0.00042515722848517084, 0.9478379154897759, 0.04693164691871819], [0.0018086607701914299, 0.879612313581132, 0.00030797550345979354, 0.11827105014521666], [0.00024327935233335688, 0.7343216541733183, 1.273386516048188e-07, 0.2654349391356969], [0.48383500882890773, 0.5142741086947823, 0.00024744099709180466, 0.001643441479218078], [0.9978752895204116, 8.714708015213267e-06, 1.7850179629606177e-06, 0.0021142107536102433], [0.003205145415936216, 0.0006269394469488981, 0.996163801471317, 4.1136657978117706e-06], [0.0002565339602978325, 0.00030971887949971677, 0.6399668038817026, 0.35946694327850004], [4.6166482001499235e-06, 0.8986016811697125, 0.10050298822419745, 0.000890713957889904], [0.1559720489790919, 0.00035596343625577076, 0.1587102538059545, 0.6849617337786978], [0.00010826423167768435, 4.100238029935743e-05, 2.616350135386148e-05, 0.9998245698866691], [0.0030945191202656464, 0.9838580717247376, 0.009997570890885859, 0.0030498382641108218], [0.27209129353608563, 0.7277610628774903, 3.966401795009689e-06, 0.0001436771846290873], [1.1174434645113201e-09, 0.314209828592775, 3.916027437270505e-05, 0.6857510100154088], [6.271869350807686e-06, 1.5224885905297512e-05, 0.9999763400886013, 2.1631561425485235e-06], [0.41039799309683844, 0.01875005692589567, 0.15594839161443688, 0.414903558362829], [0.00031150983296634, 0.007410693987541687, 0.012233433915541951, 0.98004436226395], [0.003605332914612684, 0.9811515188637904, 0.014957670574164878, 0.00028547764743193154], [0.05060025893998444, 0.9011395189253785, 0.04825346636273664, 6.755771900482492e-06], [0.1701774186890711, 0.4263131831635081, 0.017922408533099673, 0.38558698961432114], [0.36567608805002866, 0.16212263670986082, 0.42951684655699557, 0.0426844286831148], [0.9999030230108289, 8.149728404867992e-07, 9.615054222310228e-05, 1.1474107466585388e-08], [0.009359936989072611, 0.42584275052089027, 4.2154318194613626e-06, 0.5647930970582176], [0.11425684593184966, 0.8775000935424172, 0.002826503890966776, 0.005416556634766279], [0.4522232634796479, 0.5477321427913491, 8.144249703379389e-08, 4.451228650603961e-05], [0.00010796600795878926, 0.0023172358886845356, 0.5431258251054357, 0.4544489729979208], [7.758929064722085e-07, 0.0003869034314228098, 4.435923496628109e-08, 0.9996122763164358], [0.9186096624123492, 0.08054733449622113, 0.000683584622051993, 0.00015941846937768568], [0.01136002506136807, 0.33523155728812676, 0.6534049185873818, 3.4990631234002703e-06], [1.8331454880524454e-05, 0.9999151489350737, 1.0293054130757625e-05, 5.6226555915113076e-05], [3.124559366414084e-05, 0.07769147926552097, 0.11704080454579535, 0.8052364705950196], [0.4004690737434127, 1.9445286450147586e-05, 0.5993334358646647, 0.0001780451054724506], [5.524102004692543e-05, 0.500381983510673, 2.739524830778024e-05, 0.49953538022097216], [0.15980917620291377, 0.0016294468061923242, 0.7889071819158088, 0.04965419507508528], [3.227098206783889e-06, 0.9999956025362647, 1.1703591461231585e-06, 6.382167491210888e-12], [0.9921602048313288, 4.183176769757084e-06, 0.00014520475385668803, 0.007690407238044912], [1.1024109540581932e-05, 3.3405654091624538e-09, 0.0009153611406585396, 0.9990736114092355], [0.036544117680127566, 0.4505501339375958, 1.1881270384971974e-05, 0.5128938671118917], [2.2371861812427725e-06, 4.3125874320868486e-08, 1.8248882034760138e-11, 0.9999977196696955], [0.0009993519820297096, 0.9983857899968289, 0.0006142577612367952, 6.002599046030224e-07]]}, "rewritten": {"ids": ["97105960", "97106591", "97106600", "97107040", "97107260", "97109080", "97109570", "97112290", "97114170", "97116401", "97116800", "98107010", "98108370", "98111860", "98112170", "98119591", "98121790", "99105921", "99107300", "99107560", "99109311", "99109370", "99109780", "99109910", "99110050", "99112300", "99112531", "99113260", "99117740", "100109801", "100109910", "100110050", "101108290", "101108621", "101109000", "101109120", "101110150", "101111310", "101114020", "101116130", "102112170", "102113350", "102118380", "102121700", "103109021", "103110760", "103111170", "103111990", "103113210", "103113270", "103118110", "103120531", "104109311", "104111780", "104112201", "104113170", "104114320", "104117200", "104117630", "104118340", "105110251", "105113170", "105113190", "105115250", "105116090", "105116650", "105121190", "106114321", "106114880", "106115240", "106118820", "106121190", "107113200", "107116340", "107117010", "107118520", "107119130", "107120010", "107120260", "108113620", "108114220", "108115870", "108116481", "108117610", "108118810", "108120060", "108120260", "108120621", "108121160", "109113591", "109113881", "109114220", "109114651", "109115380", "109116040", "109116441", "109118701", "109119340", "109120540", "109120621", "109121410", "109121640", "110113591", "110115120", "110115140", "110115580", "110118880", "111114321", "111116530", "111116750", "111117000", "111117200", "111118910", "111119150", "111119430", "111121410", "111121930", "112116451", "112116800", "112117030", "112117210", "112117461", "112117571", "112118471", "112118530", "112118550", "112118860", "112118880", "112118890", "113118511", "113118820", "113119480", "113119700", "113120531", "113120540", "113120830", "113122150", "113122160", "113122170", "113122220", "113122320", "113122430"], "labels": [2, 1, 3, 2, 2, 2, 0, 1, 2, 3, 0, 3, 1, 0, 3, 1, 2, 1, 3, 1, 1, 1, 2, 2, 3, 0, 3, 0, 2, 0, 2, 3, 0, 0, 1, 1, 1, 3, 3, 2, 3, 3, 1, 1, 0, 1, 2, 2, 3, 2, 2, 3, 3, 3, 0, 3, 2, 3, 0, 2, 0, 0, 3, 2, 1, 1, 2, 2, 0, 1, 3, 2, 0, 3, 1, 2, 1, 1, 1, 3, 3, 3, 0, 3, 1, 1, 1, 1, 2, 3, 0, 3, 3, 3, 0, 3, 3, 3, 1, 1, 0, 0, 0, 0, 0, 1, 0, 1, 3, 3, 0, 0, 0, 3, 3, 0, 1, 0, 0, 2, 1, 0, 3, 1, 1, 3, 3, 1, 3, 1, 0, 3, 0, 0, 3, 3, 2, 3, 1, 1, 1, 2], "predicted_labels": [3, 2, 1, 2, 2, 1, 1, 3, 3, 3, 2, 0, 2, 0, 3, 2, 0, 0, 1, 0, 2, 3, 1, 0, 3, 3, 0, 1, 1, 1, 0, 3, 3, 1, 2, 0, 3, 2, 1, 3, 2, 3, 3, 1, 3, 1, 0, 1, 2, 3, 3, 3, 1, 1, 3, 2, 0, 3, 1, 1, 3, 3, 3, 3, 3, 2, 3, 2, 2, 0, 0, 3, 0, 3, 2, 2, 0, 2, 0, 0, 2, 2, 3, 3, 3, 0, 3, 0, 0, 3, 1, 0, 0, 1, 0, 0, 2, 3, 1, 0, 0, 2, 0, 2, 3, 3, 1, 0, 0, 3, 3, 1, 1, 1, 2, 3, 0, 0, 3, 0, 2, 3, 1, 1, 1, 3, 2, 1, 3, 2, 2, 0, 2, 0, 0, 1, 2, 2, 1, 1, 0, 1], "confidence_scores": [[0.17600037802610663, 0.00024697873164927086, 0.015912852142803732, 0.8078397910994404], [1.4272404130923792e-08, 4.116722276879744e-06, 0.9853276345286578, 0.014668234476661192], [0.00023570454592348466, 0.9971358016793572, 0.0026284928249892996, 9.497297753933867e-10], [0.006880576238700983, 0.004492825835104336, 0.936299925941599, 0.052326671984595605], [0.00011614466140029558, 1.0997119054058254e-08, 0.9998816214064082, 2.2229350724902386e-06], [1.4868753932619584e-06, 0.8766164458458451, 0.08611973613815099, 0.03726233114061084], [8.797414761997956e-06, 0.9999245157980624, 3.029824270068159e-09, 6.668375735118971e-05], [0.036356917119883786, 0.3780413822180287, 0.0044948550447681925, 0.5811068456173194], [6.930395579333515e-10, 0.0010770868678431494, 3.438938916748103e-07, 0.9989225685452255], [3.469433418831838e-09, 0.001348106104057165, 3.2470330636809295e-07, 0.9986515657232031], [4.55918132600645e-08, 5.973747311733602e-07, 0.9999991622204776, 1.948129780045875e-07], [0.5050406212839811, 0.4940209978397657, 2.7702830665418323e-05, 0.0009106780455877119], [0.00010894524417391052, 0.001672585339770749, 0.962833139899955, 0.035385329516100364], [0.9784006091652309, 0.0028511751352417194, 0.018747747916509277, 4.677830181156211e-07], [9.513266723401836e-05, 6.565205641158565e-09, 8.452828999501824e-08, 0.9999047762392704], [0.00012327552811227494, 0.000805487258361828, 0.9980251955261803, 0.0010460416873456547], [0.4993265520966936, 0.003364069495088215, 0.49358236636302977, 0.00372701204518847], [0.9999984093555772, 8.853724985082724e-08, 4.0768884995439964e-07, 1.0944183231576158e-06], [0.002283823069646731, 0.99771536635571, 4.856167646184239e-09, 8.05718475505554e-07], [0.9999401644302011, 1.0541790083769981e-06, 8.65269177946483e-08, 5.869486387260849e-05], [3.0369624714837073e-06, 4.639325722855703e-08, 0.9991325444824758, 0.0008643721617953461], [0.01175419599423427, 3.710385405741969e-06, 0.0001317314399218944, 0.988110362180438], [2.328772374182261e-05, 0.8187754513895545, 0.07207661692900999, 0.10912464395769358], [0.9610922913754285, 1.3430342343623061e-05, 0.038894230774633255, 4.7507594482231e-08], [3.259539403526604e-06, 0.28413362337651843, 1.082747236039317e-05, 0.7158522896117178], [0.00015123129507334352, 0.0665469681709264, 0.006756347536251656, 0.9265454529977486], [0.7047634237249406, 3.993390940742783e-08, 3.7261685749141257e-06, 0.2952328101725751], [6.533826336077153e-08, 0.9995942917987013, 0.0004050336556204715, 6.092074145541265e-07], [3.493301415062765e-05, 0.8059662889351404, 0.0008792565423464074, 0.19311952150836245], [3.903035125369498e-09, 0.9831143075642755, 1.4073280614491065e-05, 0.01687161525207495], [0.5173817676518061, 0.024871464430675422, 0.452411299097889, 0.0053354688196293465], [6.34256014860669e-05, 0.00019990197759953534, 2.87526399047923e-06, 0.9997337971569239], [0.06470213530859437, 0.0034430595751659843, 1.0392157662242903e-07, 0.9318547011946631], [0.02772660678181356, 0.9406079793148732, 3.512097064170727e-07, 0.031665062693606985], [0.0013771456333970026, 0.00012291569045171953, 0.6917013994233586, 0.30679853925279277], [0.5706528510678986, 0.3382621484899459, 0.002085637139511614, 0.08899936330264382], [1.3417022719736052e-09, 3.7423118475817465e-06, 2.6935306681443035e-11, 0.9999962563195148], [0.04641497239428235, 0.0016615178488146732, 0.9519202437846325, 3.265972270501224e-06], [3.426576603148124e-05, 0.9981934361180627, 5.396920839591835e-05, 0.0017183289075097517], [0.00045208602669081154, 0.0003422174730118592, 0.016495477094989507, 0.9827102194053078], [1.3833497971987587e-05, 1.075535235660975e-06, 0.9998597308396525, 0.00012536012713975172], [4.773430691363012e-09, 1.7306970316691e-08, 0.00011768056377363463, 0.9998822973558253], [1.9664789654655395e-05, 0.0009825421327140918, 2.979934474476748e-05, 0.9989679937328866], [0.013047873042741225, 0.9836221934254448, 0.0033231699604851597, 6.763571328674544e-06], [0.0006847933576256005, 0.004270174813175329, 1.0889238989218373e-06, 0.9950439429053001], [0.003551956742791558, 0.8195466157959032, 0.1769014263356867, 1.125618590493422e-09], [0.8712013978605386, 0.0006183388932447133, 0.049431524311826895, 0.07874873893438956], [0.0004401097604822255, 0.9995547922123408, 1.384234306988828e-07, 4.959603746192584e-06], [0.000704950939214125, 0.4473304118595371, 0.5499700833629174, 0.001994553838331402], [9.991191192892095e-05, 1.7151736200150732e-07, 0.003118171870738325, 0.9967817446999706], [1.5281455811485396e-07, 0.15225626797881536, 1.0678903981198621e-05, 0.8477329003026453], [0.22750822223976833, 9.410935466583988e-06, 3.3337904463405246e-06, 0.7724790330343188], [1.095838720869612e-05, 0.8114325738483722, 0.0009839900850694653, 0.1875724776793496], [2.5989613786611314e-05, 0.9999731363669994, 4.206694285504788e-09, 8.698125198044527e-07], [0.15049864783107694, 0.14325963171114672, 1.4866088223572925e-05, 0.7062268543695528], [0.0005880179850532732, 0.15971699934237624, 0.8395381415223908, 0.00015684115017969988], [0.8256213791267233, 0.00915629069192622, 0.0001903635235460341, 0.16503196665780454], [1.5143068780463891e-05, 7.483445143362453e-05, 0.0006178191954716786, 0.9992922032843142], [0.001371216418235542, 0.9980438785532664, 3.378437574404564e-05, 0.0005511206527542114], [0.2275966327266907, 0.7714084563107249, 1.5153709488562324e-05, 0.0009797572530959673], [3.8604028185373676e-11, 1.2716459916399844e-08, 1.1674648576604101e-12, 0.9999999872437685], [2.034469675549843e-11, 1.1226401826468615e-09, 2.6321298503854797e-11, 0.9999999988306938], [8.127826454282413e-05, 5.4708487448622114e-05, 0.00023940291584425663, 0.9996246103321643], [0.21274450094712907, 8.808480765077298e-06, 0.008402723957077548, 0.7788439666150283], [0.11482976387617591, 0.12985872122760847, 2.633255273704627e-06, 0.7553088816409419], [0.00019981827278767886, 0.0020198131613928284, 0.7121222082221921, 0.28565816034362745], [1.4857000986370093e-05, 5.003331061392361e-05, 0.000443552987821915, 0.9994915567005778], [7.229828770211067e-07, 9.427442344975102e-05, 0.9996436664406785, 0.00026133615299455266], [5.4304408267629105e-08, 0.01679101975866143, 0.9832069894077899, 1.936529140404832e-06], [0.9730445102286145, 0.0018447736037569044, 0.025104804578140526, 5.911589488111661e-06], [0.7417234815149076, 0.00042100940693911995, 9.11155693490015e-07, 0.2578545979224598], [0.013053893642766995, 0.03028925182423126, 0.37998059187946226, 0.5766762626535396], [0.9869858811664893, 6.420548768194691e-05, 0.0006358745209391936, 0.012314038824889234], [7.4253819684681745e-06, 0.3142035410671386, 0.0002705776699954026, 0.6855184558808974], [0.05123688831480214, 0.055648927200739814, 0.8891533792975533, 0.003960805186904811], [9.735547395695231e-06, 0.00038575852675676623, 0.9996040848502854, 4.21075562206587e-07], [0.9764063218979566, 0.018399192628995545, 5.456136709104011e-05, 0.005139924105956979], [0.059175743340217794, 0.07229497627894153, 0.6383063168234361, 0.23022296355740465], [0.8411526440104939, 0.15882661280425212, 2.0743171162390045e-05, 1.4091481350368049e-11], [0.8208285067578774, 0.17886406768426763, 7.828423168243665e-05, 0.00022914132617243764], [0.108925033785072, 0.018527252699087917, 0.8725473469512108, 3.66564629111643e-07], [0.00022193975108505135, 6.192525296577901e-05, 0.975745055530007, 0.023971079465942173], [0.0001503945396086845, 0.0004174145134773807, 2.8458374470856278e-06, 0.9994293451094668], [0.028624695744395766, 1.0124324478122119e-07, 0.00035194045010282775, 0.9710232625622567], [3.5382506513006385e-07, 1.0569476986843701e-09, 1.6917471651302004e-13, 0.9999996451178179], [0.786698308030005, 0.14961925423806258, 0.06365991424359477, 2.25234883377048e-05], [0.0006504584257175645, 0.31131251027524826, 0.00024541887100073894, 0.6877916124280335], [0.965341858709412, 5.1831958493389054e-05, 3.3262576608107367e-06, 0.03460298307443379], [0.8643214777494662, 0.11987851389812032, 7.353194840629424e-06, 0.015792655157573006], [0.0058236215193413834, 0.011886443252025196, 3.8053549629722896e-09, 0.9822899314232785], [0.0015098244493671074, 0.5703830970126631, 0.0035585925418803108, 0.42454848599608935], [0.9538018230707593, 0.04508670592537959, 0.00030897112955665746, 0.0008024998743043254], [0.9466856516934982, 0.0457733320290986, 7.083876124059217e-08, 0.0075409454386418705], [1.4191649884640071e-06, 0.9957141475504686, 0.0009005556101952159, 0.0033838776743478484], [0.8851252796093537, 9.234810239628125e-10, 4.0795152606206146e-05, 0.114833924314559], [0.5935882723260609, 0.4063777429035105, 6.12758365167611e-06, 2.7857186776970363e-05], [0.07757947799263824, 0.27339064987489337, 0.43712515544276037, 0.21190471668970798], [3.9557727531338885e-05, 4.491934440897572e-08, 1.6735951652776789e-06, 0.999958723757959], [1.412771052349429e-09, 0.9999996363144396, 2.996789344646273e-07, 6.259385509043554e-08], [0.8724789646872353, 0.00014538889026294438, 1.186008664052699e-11, 0.12737564641064164], [0.9364677767257144, 5.4962063224832974e-08, 0.0005697484192660643, 0.06296241989295644], [0.0012447332200738006, 2.5813239020855427e-07, 0.9987549462601073, 6.238742859488406e-08], [0.9999446190276332, 1.4546750798472663e-08, 3.120273335070717e-14, 5.536642558470873e-05], [0.00014846600743490817, 0.09587289761069395, 0.7660854330780924, 0.1378932033037787], [0.009917776880835068, 0.008556084465331164, 0.030247184004651324, 0.9512789546491824], [0.03706559746413283, 0.21971674881901032, 4.050559787781301e-06, 0.7432136031570691], [0.003619001250073934, 0.6813375682128927, 9.463090854322466e-06, 0.31503396744617895], [0.9956308455880134, 1.8133519231422622e-05, 0.0010375562366679804, 0.003313464656087189], [0.6851483952062737, 0.31484419006362907, 7.298847872512745e-06, 1.1588222465510604e-07], [3.019565834614597e-06, 4.702837465220178e-08, 0.002245024008034175, 0.9977519093977565], [0.020657686015648862, 5.329636378443259e-07, 0.26403657927028895, 0.7153052017504243], [1.1369244966109696e-07, 0.9987038925888315, 2.0946269803198295e-07, 0.0012957842560206545], [1.9971341057380192e-05, 0.9720193766784615, 0.00015111242499976077, 0.027809539555481263], [6.227371398695524e-05, 0.9688765390224433, 0.00010497596919361048, 0.03095621129437614], [5.731928433245351e-10, 4.8191785767132486e-05, 0.999932915352443, 1.8892288597108838e-05], [4.81338875055129e-05, 8.935950572430201e-09, 0.00859141264243867, 0.9913604445341051], [0.6129951198569441, 0.0002854951240007517, 0.0004470729365998884, 0.3862723120824553], [0.8697883389691485, 0.12792250188296336, 4.942478697420134e-05, 0.002239734360913715], [0.00042655248374422346, 0.0008302476363006423, 0.0019358323834379096, 0.9968073674965172], [0.9678222267626354, 0.000899360175198907, 0.03127528179946485, 3.131262700832516e-06], [0.028420265918389774, 0.14993350964707194, 0.8213275994538868, 0.0003186249806514582], [0.009034875143064058, 1.6518163006376026e-10, 1.3729559449363433e-07, 0.9909649873961599], [1.809675813030562e-05, 0.9999707323470495, 1.1164360286088292e-05, 6.5345342430587005e-09], [0.00036804934635442817, 0.9995103855991466, 4.922044985092564e-05, 7.234460464807885e-05], [8.964122822277133e-09, 0.9999145137655369, 8.547671567334576e-05, 5.546668781292303e-10], [0.4415432492571735, 2.645507295282324e-06, 9.788477490457985e-06, 0.5584443167580408], [0.024503967174432206, 0.21166374842689142, 0.7606448952016381, 0.0031873891970381385], [0.013030916632096375, 0.9373903456728743, 0.017112474086531226, 0.03246626360849801], [0.4774852856944003, 0.025713579944834725, 3.408987417430645e-05, 0.4967670444865907], [0.06475820952043229, 0.00032752473490305, 0.9320257378811381, 0.0028885278635266292], [0.007940789158313618, 1.2001666250533073e-05, 0.9892503905577958, 0.002796818617640113], [0.999999788073555, 4.699295075217544e-10, 3.9312919697901384e-14, 2.1145647623058187e-07], [0.0001634310480921069, 5.585243615469496e-06, 0.999830940693162, 4.301513029067548e-08], [0.985815077514977, 0.013437877268234635, 3.4194461054508643e-06, 0.0007436257706830707], [0.9645462130508883, 0.033281788452056066, 1.4382630582531489e-05, 0.002157615866473153], [1.7120920493974114e-09, 0.8818886405701101, 0.10552627132710835, 0.012585086390689398], [0.0774506002871516, 0.12783262616732488, 0.7886094791181264, 0.0061072944273971265], [0.0007253502678046493, 0.013709660070166291, 0.9823804672376668, 0.003184522424362339], [0.1639819278369394, 0.4791067567479892, 0.015574170984988724, 0.3413371444300827], [1.7319032923377035e-06, 0.9971256394885939, 6.653475948266245e-05, 0.0028060938486309693], [0.9999724322213008, 5.713596732388955e-06, 1.2981704220685034e-07, 2.172436492450632e-05], [1.3470720428152696e-05, 0.9544341006883511, 0.04555092643541135, 1.502155809603486e-06]]}}